0.0,-0.025756382299913727,-0.009368687048346869,0.0,-0.029031828464026355,-0.02519993315819985,-0.02104593145245892,-0.004997169249429778,-0.0162575083799657,-0.032082595630435085,-0.011777783962438393,-0.07988234090969498,-0.04761213659214403,-0.026555183809140404,-0.040417114439403434,-0.03401278478408615,-0.009559221439157606,-0.03541267891058303,0.0,-0.041549323898602275,-0.006312993623491414,-0.03041493230887493,-0.03733364351011048,-0.012164462147421895,-0.025773025047158282,-0.039916300555015216,-0.05139440984131638,-0.03441505010681467,-0.005628293391847505,-0.03231433572715564,-0.009671926281130672,0.0022113480094353433,-0.035409987965760614,-0.008125330577106404,-0.001359282521392724,-0.013820289410243214,0.0003773677458673852,-0.03967100407701024,-0.02584061132545923,0.010000783058845997,-0.020125537781971625,-0.021015840498156524,-7.217503566303574e-06,0.0,-0.012813131176529324,-0.00869590071655324,-0.026489520533320432,0.0,0.0,0.0,-0.011405963697932897,1.1102230246251565e-16,-0.031126693188816668,0.0,-0.03222133298360291,0.0,-0.030792113518546715,-0.007004215311630091,0.0,-0.022615967044483987,-0.020668581373794626,-0.031001746932656615,-0.012845187349653953,0.0,-0.018116648067762253,0.0045113852147206646,-0.007736109543777903,-0.018252144597596387,-0.00994973939471916,-0.012931388429812674,-0.02080904795206079,-0.010984568025522667,-0.00018640867298552743,-0.02252214446223677,0.0,-0.025058994052099604
-0.025756382299913727,0.0,-0.021665178911162764,1.4388700561751566e-05,-0.012358867857290845,-0.02802458994970719,-0.024715345178211834,-0.019365378643643627,-0.02197539790570474,-0.007544938365653897,-0.00904784153324073,0.007902638864486056,-0.023152697723651416,-0.00751751582617316,-0.027836171017818823,-0.04599708622192611,-0.012216684903068042,-0.060753990972784666,-0.016253549944829082,-0.028588082201135068,-0.004307507544789924,-0.04865299051473104,-0.02381067852170038,-0.02429606909062826,-0.04202218064808122,-0.058908623618380895,-0.028710551867366152,-0.010663900626013967,-0.021618766885047824,-0.015377212321679101,-0.05145997748396619,-0.026338331553426353,-0.03698942773863001,-0.03979899211869964,-0.03093326656538048,0.0011671111768606912,-0.0010506263851717823,0.0,-0.03420609496398325,-0.014585731841080418,-0.02551371780995837,-0.027102869423932696,-0.00981551502815764,0.0,2.220446049250313e-16,-0.006211878972970375,-0.041212908780378144,-1.2722623846217473e-05,0.0,0.0,-0.03703799069951491,-0.024549983284537058,-0.022165314997676266,-0.017075457197327837,-0.007515378622690971,0.0,-0.02272101799543308,-0.03523089533013085,0.0,-0.03225462115672817,-0.028788058577557174,-0.034668103110070125,-0.014195813130073953,0.0,-0.031568283843239675,-0.025095246492667922,-0.03946179526690802,-0.028996326694740004,-0.027167709492963377,-0.018314642612518417,-0.03140566693531238,-0.030733218528585293,-0.0428821912986837,-0.03848137872862056,-1.1102230246251565e-16,-0.028784710575406658
-0.009368687048346869,-0.021665178911162764,0.0,0.006680359542590275,-0.021183982035906213,-0.021363904129171385,-0.017278934494415477,-0.0538764526154763,-0.010982688227372972,-0.020752671548804336,-0.02996551929061758,-0.01134089378977371,-0.021613193466616054,-0.04418837168553197,-0.04249452203111992,-0.03901652649454873,-0.016008090754117077,-0.0072434208712798265,-0.023455556514282105,-0.016601603516524954,-0.02798054154561741,-0.02120546896805159,-0.03658406483232168,-0.02026551963906209,-0.04255840555649909,-0.03841104720952371,-0.02300766136520427,-0.024921538293404266,-0.0405147925538622,-0.022220285172131482,-0.023268401389586302,-0.03138773946730217,-0.029857327607329343,-0.018316800586186843,-0.02139598146878502,-0.013312763505965497,-0.028642327553847158,-0.022942852167963934,-0.012660274570623853,1.4781762025517509e-07,-0.10031561580526027,-0.059684960492457695,-0.04379490579631162,-0.06514772887218606,0.0,0.0,-2.311233964136239e-05,-0.009720901130888748,-1.621070593205154e-06,-0.03353731724630643,-0.03747012375519032,-0.03429785283416231,-0.04137728519070105,-0.028507427445146227,0.0006753322590913879,0.03928900220357523,-0.032938822137947577,-0.030869190734577168,-0.023536921050249238,-0.0001208866860309965,0.0,0.0,0.0,-0.12412476817032383,-0.019278410071016494,0.006375075537519981,-0.0002333786645325464,-0.03170377406457925,0.0,7.054944358170223e-05,-0.04817056094168781,-0.03647462502301824,-0.02314456356458766,-0.058521012335382816,-0.009224583172967704,-0.03710490474873285
0.0,1.4388700561751566e-05,0.006680359542590275,0.0,-0.012935833539315378,-0.006120751236058597,-0.019169369349373633,0.04369560244611154,-0.02157741173311223,-0.06845931965582205,0.014445888945428031,-0.00553091700720848,-0.01903260403725221,0.06162405331267501,-0.01884670575960884,0.00037313549615880515,-0.004591353096710105,-7.381851361065728e-06,0.010831131826266271,0.010252874739595297,0.00024481343258647703,-0.00453951112671358,-0.0013704198994447525,-0.007086159903855971,0.0004488870815589352,-0.012022633419115969,-0.016923126182147086,-0.015918893672953044,0.03504790904001609,0.021957357568473945,0.03840409343678053,0.040378628477934275,-0.021426214771292196,-0.04728448005252786,0.05419600123480872,0.050827977798063195,-0.000353513122432203,-0.004099119052789424,0.0512485045542474,0.00021801828493150932,-0.0012360686317820502,-0.006440756487808008,0.011279167545815039,0.0048995643149999935,0.0,0.0,0.0,-0.0005485968640853711,0.0,0.0,-0.03066309341130674,2.220446049250313e-16,1.689434980489679e-05,-0.00018942329208881947,5.551115123125783e-17,-0.0020790096116741763,0.001300690594850773,-0.00028962743852223305,0.0,0.0,0.0,0.0,0.0,0.0,0.0,0.0,1.48957352700263e-05,0.006204546590533266,0.0,0.0,0.0,-0.028598280106867546,0.001182320667788339,0.002445020586884339,0.0,0.0
-0.029031828464026355,-0.012358867857290845,-0.021183982035906213,-0.012935833539315378,0.0,-0.03913952307506374,-0.008135957125669946,-0.03519321166026307,-0.007414317804290416,0.0033075762994470015,0.008245133834537954,0.00012738721757082905,0.004301514308443333,0.012767926537302021,-0.02282320739411453,-0.019811118552507445,-0.02213713841112458,-0.023696144174643607,0.009039731637937143,-0.030452247807502997,-0.035341629531988106,-0.03800270662890726,-0.029476371444974003,-0.0247258883927291,-0.03543166230272199,-0.024651304476746794,-0.03599729919685685,0.0073959089381661625,-0.02271610263108087,-0.017919141678686357,-0.005866564983986244,0.006211130810136523,0.008132312921425855,0.0010592687283780267,-0.0063230683632851115,0.019251666601223016,0.04445970951062356,0.007628524859817742,-0.0681568572729942,0.012363427354770029,-0.06350002118720627,-0.015006515231630713,-0.043469217628756884,0.05809580568485462,-0.01777746897391158,1.1102230246251565e-16,-0.009435553177824962,-0.022755483259128184,0.0,-0.02088404872759758,-0.0309485358015833,-0.023364981078761837,-0.021702600930485982,-0.036507678164426294,5.551115123125783e-17,-0.03004113980147033,-0.022135303047489563,-0.014448557961559028,-0.030775226229159125,-0.005144979482369472,-2.3738217298563402e-05,0.0,-5.551115123125783e-17,-0.019297354089888807,-0.03248053519694283,0.0001571964040985585,-0.012719173262198402,-0.03923237320434181,0.0,4.739211377224883e-06,-0.005630400282097436,-0.026500143538629894,-0.0861294254303463,-0.019299321399954605,1.1102230246251565e-16,-0.027422596734014926
-0.02519993315819985,-0.02802458994970719,-0.021363904129171385,-0.006120751236058597,-0.03913952307506374,0.0,-0.030227914029576808,-0.044330790733227654,-0.016843269765025592,-0.024113053998818246,0.01725328997700154,-0.016399835189243317,-0.020599922515190827,-0.017140919886724948,-0.009355374405068229,-0.03926308628670655,-0.014466240987602463,-0.04614657967380659,-0.012932186942011259,-0.04726734241770031,-0.01143749194290039,-0.03106626695342113,-0.03261117083808929,-0.050888990503435316,-0.032277650812653935,-0.017490503025645643,-0.03510633691974446,-0.02355787340286708,-0.011751761427336027,-0.02888884009933823,-0.021104444686959323,-0.020186892676055113,-0.012816399313037186,-0.013212697449582422,-0.030422187152658542,-0.0017051880796800645,-0.02426339119701887,-0.028095802615836662,-0.029167025817539605,-0.0502353595497021,-0.059227976032638574,-0.00047788430755696387,-0.02716601535961416,-0.06715101102928378,-0.028546953991002155,-0.05373796686650717,-0.0332144972869563,-0.02712826500151444,-0.008614028546521546,-0.044097074139958226,-0.0396922949128089,-0.0494023685336733,-0.0501883077245695,-0.04133194589721989,-0.04877968416637418,-0.018925778307759156,-0.01588368219767977,-0.04011733053504596,-0.026204165457294648,-0.03308609215729197,-0.02304530850752179,0.0,-0.035540399005956846,-0.01334566561348427,-0.04269377643498329,-0.028043034654356147,-0.03087704515552331,-0.03841833747312462,0.001948813269183558,-0.03287588698236121,-0.03282532726483489,-0.03964278426105322,-0.030888924293716924,-0.04361724549604412,-0.03649349366552068,-0.024515870507999526
-0.02104593145245892,-0.024715345178211834,-0.017278934494415477,-0.019169369349373633,-0.008135957125669946,-0.030227914029576808,0.0,-0.0020490730854474948,-0.017482306942083914,-0.010762016021681864,0.021705823364917443,-0.012875624729481616,-0.003925842481194597,-0.020600732957370416,-0.002803771568705704,-0.02629285805863696,-0.01945178265783082,-0.045232872187179085,0.009348628037240791,-0.036996821420044235,-0.03723279983668709,-0.030120782783310207,-0.01699934536660086,-0.0400320596209206,-0.03625907436054654,-0.05536919782541161,-0.03774393134894999,0.015806824747296055,-0.030755649394288487,-0.022113640312574845,-0.0017499683943552058,0.003130007027598025,-0.06639706988931687,0.01362689243761328,-0.038747818757110586,-0.051478279304652375,0.04617602602912696,-0.005995311974041184,-0.008458428141463081,-0.014903149705936314,-0.07624452084270572,0.015479823340290966,-0.015204213626187513,-0.008993381590211125,-0.012792411394749903,0.0,-0.030555896555066575,-0.01822493911776424,0.0,-0.02550933924544796,-0.033261425877172957,-0.03683515260232023,-0.028333319743197083,-0.026791032783768265,0.00040945917662760234,-0.04544418190752941,0.000720241286135126,-0.03166727705661132,-0.005068840740329927,-0.01786571265654635,-0.01866269831992795,0.0,1.024653519887675e-05,-0.013894232746372692,-0.00969269410082818,-0.018240206467641185,-0.030887077626276183,-0.025607038731790432,2.2772839751106222e-05,-0.021446045102031408,-0.025839030920491335,-0.022164751880704936,-0.01764555874379653,-0.0304737981655967,-0.017348119850177368,-0.023920742815631724
-0.004997169249429778,-0.019365378643643627,-0.0538764526154763,0.04369560244611154,-0.03519321166026307,-0.044330790733227654,-0.0020490730854474948,0.0,-0.02678616268047751,-0.029976671242834818,-0.0059020260615774145,-0.03755479888435065,-0.014281201074159255,-0.0007792945749703906,-0.037885826415202994,-0.006763191582435102,-0.006320228004424611,0.0055306680247173,-0.06941200724201341,-0.03602661013788133,-0.002078684287201704,-0.05737255710612216,-0.0235923876501255,-0.02314974348246801,-0.00404915754902363,-0.01698511494011984,-0.009257094998731674,-0.01970652583360538,-0.01910783423877843,-0.027621809066181724,-0.019882523347061865,0.018349079011064306,-0.03335583026550293,0.00120865438887785,-0.01049200297723013,-0.0023887167989725677,-0.1084040784837868,0.021990636484809922,-0.021459960081824603,-0.02182999241978617,-0.026526110241603507,-0.03294464014935672,-0.02178996999256888,-0.006906961625916197,0.0,-0.0327179994246703,-0.026123172727528066,-0.012654606354144948,0.0,-0.02041363441046523,-0.03786281161353966,-0.0289353105663977,-0.029828800604744243,-0.021244943833010232,-2.9656533895638937e-05,0.14988555631032258,0.00011549671333094258,-0.036544146134834976,0.010363321864802766,-0.034448935445775986,-0.023294176469577377,0.0,-0.0001935754818897517,0.01652955690385227,-0.05304238623056434,-0.049190111026812755,-0.03246742417805132,-0.033523179105418244,-5.551115123125783e-17,-0.012925986655546562,-0.010920210996943402,-0.03504933920708275,-0.02112831476462923,-0.05891138267484303,-0.03609179710763283,-0.018390273328162177
-0.0162575083799657,-0.02197539790570474,-0.010982688227372972,-0.02157741173311223,-0.007414317804290416,-0.016843269765025592,-0.017482306942083914,-0.02678616268047751,0.0,-0.02257881832412162,0.007090381569087867,-0.021908813480172484,0.0071154174850105445,-0.042774555355620913,-0.046003345391976536,-0.031056363510535978,-0.024005595398859825,-0.006289060463722296,-0.0035720656390593186,-0.02976446543100114,-0.031421311389483786,-0.017848413374220717,-0.030540077057603865,-0.03527772199621687,-0.039320823752028056,-0.023138773318543082,-0.009302775582717027,-0.02719793949835192,-0.03019674451404719,-0.017776338520788026,-0.03175602623878998,-0.03856713687155239,-0.017196104163330728,-0.02817138018204629,-0.037129469222517475,-0.025218389117759143,-0.023959996251110394,-0.016073259599219458,-0.07282405023216426,-0.028596546328408023,-0.0826241215785421,-0.03979614196798292,-0.011804889275290886,-0.06386881380938597,-0.04795540980712998,-5.551115123125783e-17,-0.022187391533303902,-0.04073116002289767,7.787699140004989e-07,-0.023340811922490712,-0.037935334917445385,-0.03585609647469379,-0.03052724884538416,-0.03682246801290667,-0.04536802789775235,-0.008775765986373085,-0.04428265125175945,-0.033657208131480876,-0.001591693564784058,-0.0162981587244716,-0.0161731772002377,0.0,0.0,-0.017747531497919855,-0.03322618941716782,0.008605961496068848,-0.0232467400891872,-0.03479939421862388,-0.0036558098967106045,-0.014477627604770116,-0.023348183414261037,-0.035598694483831905,-0.024601841017939552,-0.012328826308570406,-0.026779498218358122,-0.04231042627754289
-0.032082595630435085,-0.007544938365653897,-0.020752671548804336,-0.06845931965582205,0.0033075762994470015,-0.024113053998818246,-0.010762016021681864,-0.029976671242834818,-0.02257881832412162,0.0,-0.001137532369749561,-0.029685583800435345,-0.021424818469680085,-0.012127661153497005,0.0032719336747278893,-0.051375592346251886,-0.000249408496207415,-0.04163700713893631,-0.012206917759052305,-0.03294194396445016,-0.017852076433743647,-0.03816333129156341,-0.030707219142961373,-0.022563167820827956,-0.0403482415260758,-0.03658933887422994,-0.023416068618997532,-0.024335971742066087,-0.026887376840905086,-0.024138609744447204,-0.006707379606697539,-0.05153407734224669,-0.010758142049607455,-0.0014105307478472495,-0.002718356230177854,0.014764000308577774,-0.01747594368356381,-0.016180744872179798,-0.08558151021518418,0.030659509254195083,-0.10556239075433549,-0.05339364851002326,-0.05471816978686811,-0.02892778047806771,-0.11978215880513451,-0.012854619503354703,-0.019098082345531953,8.50872035023098e-05,4.42196345523671e-06,0.000412593551094409,-0.03649836526204725,-0.021048156060903378,0.0029485076785381037,-0.008273929804547497,-0.021083008269575654,-0.017623102206746788,-0.02342955965170107,-0.11139543116192518,0.0,0.0003574326684807061,-0.011076026855706633,-0.022271904350982086,-0.03691954968006944,-1.4535225601464141e-06,2.361606865131094e-05,-0.0015294971526587653,-0.004275740230437863,-0.034130539587896136,-0.016525737984235678,-0.03898593652412968,-0.04182717586289025,-0.027129875282461302,-0.12914065455213852,-0.03610254206630309,-5.551115123125783e-17,-0.07040273163711336
-0.011777783962438393,-0.00904784153324073,-0.02996551929061758,0.014445888945428031,0.008245133834537954,0.01725328997700154,0.021705823364917443,-0.0059020260615774145,0.007090381569087867,-0.001137532369749561,0.0,0.002145931965348069,0.012311429523663597,-0.007218326625990035,0.0,9.813377547629454e-05,-0.022616070991582582,-0.024210793083767,-0.009886750134652511,-5.1199112945377045e-05,-0.008736531029461148,0.0029497683337020852,-0.05105817055815248,-0.022123870279627866,-0.007543600369224024,-0.005281874938002029,-0.012799878206958049,0.005350598279647845,-0.009110448764958368,-0.001329320903713238,0.006633779631236514,0.06088539579948138,-0.012964539081600501,0.008659130684566085,0.0038385342792450206,0.051748160237745255,0.005413526410960157,0.004558783941227329,-0.013580262131536236,-0.009407875819396838,-0.011848154062848337,-0.013758696518417435,-0.017613187501664962,-0.008891700200905905,-0.02244485044376804,0.0,1.1102230246251565e-16,0.029428535292156333,1.507992934968172e-07,-0.047159133741529635,-0.04271259513244513,-0.04032611541500064,-0.058562958817815924,-0.08889056593873851,-0.03774502916109945,-0.041093632465194097,-0.010630770006754942,-0.021964387435313537,0.015121679972906532,5.551115123125783e-17,0.0,0.0,0.0,-0.09380550519379216,-0.013255217487571136,0.0,-0.00010348246749358747,-0.03624377959907926,5.551115123125783e-17,0.0,0.0001003431346639494,-0.021916899754547137,-0.025888381433741836,-0.0283235067272975,0.0,-0.03886000810851248
-0.07988234090969498,0.007902638864486056,-0.01134089378977371,-0.00553091700720848,0.00012738721757082905,-0.016399835189243317,-0.012875624729481616,-0.03755479888435065,-0.021908813480172484,-0.029685583800435345,0.002145931965348069,0.0,-0.030497569799491364,-0.012393764438422605,0.015463403346594573,-0.015317381748610304,-0.021478596018440377,-0.039729413351549,-0.01117395076090072,-0.007156835940877793,-0.019046615840315473,0.035335315191158234,-0.03230481804638269,-0.02993071070235781,-0.054012556435008074,-0.05393470675561257,-0.0258485548844008,-0.039780205976054805,-0.024313028504358514,-0.04032945285847411,-0.010546527544496365,-0.009157709484390819,0.007958548998732162,-0.019827168954068886,0.020859810932246814,0.0023024083485228553,-0.031067861297438715,-0.017793577790350956,-0.055517971196376886,0.021125487193596748,-0.1053538318324499,-0.04204387652961922,0.012012947987009415,-0.019189517034568115,-0.1353943699462619,-0.06541820980397678,-0.002527707334193219,-0.007638675473552792,0.001777444735801298,-0.006251646272541211,-0.018912672065426295,-0.04515617364891583,-0.00012818421608606911,-0.006490192817881102,-0.031266820413177854,-0.01162398040342788,-0.02448617399744918,-0.08600794839429632,-9.527830221400801e-06,-1.2537936043666154e-05,-0.007894228510143375,-0.021371494494519194,-0.029215971471916347,-0.01434220338151132,-0.016415035093205743,-0.03510437450607584,-0.006003667775180854,-0.02976836551452655,-0.032180523591286925,-0.03772384249190763,-0.0415689264290689,-0.03005782688545494,-0.10176085649660255,-0.00810459404603081,0.0,-0.09405115332959735
-0.04761213659214403,-0.023152697723651416,-0.021613193466616054,-0.01903260403725221,0.004301514308443333,-0.020599922515190827,-0.003925842481194597,-0.014281201074159255,0.0071154174850105445,-0.021424818469680085,0.012311429523663597,-0.030497569799491364,0.0,-0.03177390642033606,-0.04055351149114661,-0.027629037331803274,-0.01835393517705336,-0.04190396303748295,-0.00216513982022587,-0.04267824642748136,-0.00028416831206262705,-0.03341531620903404,-0.0210389622376278,-0.0424608070197901,-0.03882663207334963,-0.03777648546611123,-0.027617892476429762,-0.011466443628566025,-0.04344436792376516,-0.0266937197966719,-0.018545058513109225,-0.005439115424643315,-0.039236229601228356,-0.008935949584754466,-0.02626153783209484,-0.055185129382766984,-0.03469391066432137,-0.022966569642593193,-0.036560990043924435,-0.08657483658307841,-0.07245426781644843,-0.03347315650833382,-0.055829126762323045,-0.08850506035713668,-0.047259793727805255,-0.022651812865874477,-0.024200130813324616,-0.026470579738095412,0.0,-0.030067783217994748,-0.03229190806903831,-0.0875548245417696,-0.031405747648711624,-0.03979471526189948,-0.12021785281709652,-0.02722959973562844,-0.09412718831995448,-0.07639683497801192,0.004405089758818093,-0.02068287544083308,-0.017900068818033188,-0.007386149016082533,-0.040588463774658634,-0.0427279338490435,-0.03969268697855888,-0.02958402591851944,-0.03818467727047026,-0.03140986439522497,-0.07305947192650786,-0.0285228426176371,-0.025961570922503507,-0.03271042994537893,-0.018480230823853583,-0.03589034724868634,-0.030041690623061612,-0.06897339992318796
-0.026555183809140404,-0.00751751582617316,-0.04418837168553197,0.06162405331267501,0.012767926537302021,-0.017140919886724948,-0.020600732957370416,-0.0007792945749703906,-0.042774555355620913,-0.012127661153497005,-0.007218326625990035,-0.012393764438422605,-0.03177390642033606,0.0,-0.016483990891084987,-0.0005063266785834686,-2.0263046775048643e-05,9.974391165051832e-05,-0.039076229023361775,-0.017569216203647264,-0.020909365373585398,-0.006912525399759839,-0.017781989925817532,-0.016121213328073036,-0.00702591818559728,-0.010536724016962762,-0.019532407592485757,0.04745943798766439,-0.02978180908576289,-0.008492749973410096,-0.013746634767177246,0.0839650092389026,0.01093349016891798,0.018479207500886607,0.015861783431510124,0.06736496722187968,0.03263372821253474,0.009144228020077527,-0.04889891173806388,0.0,-0.011710831198671834,0.0002655971571688398,-0.011323743133547393,-4.340755790366302e-07,0.0,0.0,0.0,-0.0012421933178112798,0.0,-0.02030359908627971,0.05338262003045613,-0.03857393327364722,-0.056367850200620295,-0.03457067814975506,0.0,-0.0006611269146274967,-0.00021855111130125726,-0.004995961717630171,-0.038936235666629515,1.1102230246251565e-16,0.0,0.0,0.0,-0.015540038415108204,0.0,-1.1102230246251565e-16,0.0,-0.025078985317068814,0.0,0.0,5.551115123125783e-17,-0.01814370043258362,-0.023017961853627533,1.1102230246251565e-16,0.0,5.551115123125783e-17
-0.040417114439403434,-0.027836171017818823,-0.04249452203111992,-0.01884670575960884,-0.02282320739411453,-0.009355374405068229,-0.002803771568705704,-0.037885826415202994,-0.046003345391976536,0.0032719336747278893,0.0,0.015463403346594573,-0.04055351149114661,-0.016483990891084987,0.0,-0.017784211807053252,-0.028437985251875353,-0.03598342579276492,-1.1102230246251565e-16,-0.05319404876290107,-0.03240350578046719,-0.048344941978112344,-0.029643361986228023,-0.050075769077855325,-0.04039982497828942,-0.006590715919807977,-0.02151733923842486,-0.03949074337460551,-0.03498355446327128,-0.031485909325565886,-0.004890039294995818,-0.013481829582286609,-0.007055742258054609,-0.002134538207706038,-0.013547962832259453,-0.006513256155262104,-0.03167433989623131,0.00010581703091255834,-0.033252906191703346,-0.04446474166002801,-0.011989516280749013,-0.03129613001962378,0.004554799962376677,-0.005310597213759205,0.0,-0.03737948738292424,-0.027364262957197794,-0.035848787230857604,0.0,0.0,-0.03194791342570713,-0.011748313305099345,-0.025670866676311965,0.0034632333383100566,-5.551115123125783e-17,0.0,0.00033956917226490857,-0.024272910636006118,-2.471986090268885e-06,-0.030274346620708048,-0.017123092341140622,8.640762779366096e-05,-0.01398577350593505,0.0,-0.0321921100323615,-0.020863818593164274,-0.03614599347368025,-0.042464384030747426,-3.2137065481163685e-05,-0.021292480866372143,-0.003774484415016488,-0.04475988526992142,-0.031020561641256383,-0.035722172067443714,-0.022545665779513446,-0.02237099642743573
-0.03401278478408615,-0.04599708622192611,-0.03901652649454873,0.00037313549615880515,-0.019811118552507445,-0.03926308628670655,-0.02629285805863696,-0.006763191582435102,-0.031056363510535978,-0.051375592346251886,9.813377547629454e-05,-0.015317381748610304,-0.027629037331803274,-0.0005063266785834686,-0.017784211807053252,0.0,-0.04122557408728772,-0.0347032280306791,-0.0001505172572891511,-0.02827369774032723,-0.022264626451387826,-0.05423036080598309,-0.02266317723560668,-0.04097860659004576,-0.05613913157483613,-0.035995431753912066,-0.032063193623952047,-0.0248194234082873,-0.029014626472634697,-0.03974706172313258,-0.037747171905623544,-0.02790835386215601,-0.02740649948959839,-0.04313926765574155,-0.015286196182551615,-0.004850756618879737,-0.011520401533985258,-0.041484473681153156,-0.01570100987358014,-0.006796470418600875,-0.01695012053795958,-0.019730216153716118,3.2232812532395627e-06,0.0,0.0,-0.02255589434859212,-0.034300882105206876,0.0,0.0,0.0,-0.03223877363345745,-0.008320856128266385,-0.01583381446351767,0.0,-0.023783554185789146,0.0,-0.020133582357059365,-0.016195041667108223,0.0,-0.03357756430802317,-0.022969871572653622,-0.000639236100384577,-0.008839486630381477,0.0,-0.024232091223373498,-0.039965697830043334,-0.0248850808018668,-0.038140725217168714,-0.019039562704874502,-0.012847383790918487,-0.03041684926981586,-0.04055578081272909,0.00796860268560795,-0.035029360189011094,-1.1102230246251565e-16,-0.021002197747379547
-0.009559221439157606,-0.012216684903068042,-0.016008090754117077,-0.004591353096710105,-0.02213713841112458,-0.014466240987602463,-0.01945178265783082,-0.006320228004424611,-0.024005595398859825,-0.000249408496207415,-0.022616070991582582,-0.021478596018440377,-0.01835393517705336,-2.0263046775048643e-05,-0.028437985251875353,-0.04122557408728772,0.0,-0.027914859702419303,-0.015561066237418042,-0.03563322744495723,-0.007080162285195424,-0.0323278916924154,-0.01797828522945455,-0.02258741130842329,-0.04177264123673724,-0.045390845933117485,0.004061447634586268,-0.020446240794694648,-0.0226428094917403,-0.01215709996310671,-0.017261320452535978,-0.03982272780400886,-0.037422149513096525,-0.008104939254184318,-0.019446830347307764,-0.053729357704120906,8.938071875796982e-06,-0.021908843095876707,-0.012450666447517855,0.012089816178033619,-0.017471500677120833,-0.012934214378612141,-5.551115123125783e-17,0.0,-0.02724151884152115,-0.011219187255416041,-0.00750475477853324,0.0,0.0,0.0,0.0,0.0,0.0,0.0,-0.010993900654803601,0.0,-0.01321075397338256,-0.012879005259624543,0.0,-3.6006832394408494e-05,-0.0005186556902249118,-0.008244624617492036,-0.030493137550663685,0.0,1.1102230246251565e-16,0.0,0.009702894849413557,0.0,-0.03511033411015568,-0.022935020497968472,-0.027721698501493086,0.0,-0.016849012075869252,1.942532500259775e-05,0.0,-0.015051654393256564
-0.03541267891058303,-0.060753990972784666,-0.0072434208712798265,-7.381851361065728e-06,-0.023696144174643607,-0.04614657967380659,-0.045232872187179085,0.0055306680247173,-0.006289060463722296,-0.04163700713893631,-0.024210793083767,-0.039729413351549,-0.04190396303748295,9.974391165051832e-05,-0.03598342579276492,-0.0347032280306791,-0.027914859702419303,0.0,-0.013394905541331381,-0.038445605071683986,0.010108357819475722,-0.046277849325262466,-0.02378696630967686,-0.03691337800278849,-0.06064160862670054,-0.04131728005523816,-0.029149758741005005,-0.03806385039218696,-0.03140321961836884,-0.0010380772470073851,-0.024237769600792436,-0.04779515021950009,-0.05845190702361153,-0.025261016673696957,-0.029035293760667935,0.0015095290852671361,1.4896503467420885e-05,-0.026485822055182462,-0.014145164161987911,0.0014692255860171421,-0.009581175670478614,-0.006098374891274572,0.0,0.0,-0.024879344834315698,-0.03220853008695168,-0.029118909163387108,0.0,0.0,0.0,-0.01608531630337351,6.282333720558642e-05,-0.00039148494510782283,0.0,-0.020833211477556013,0.0,-0.02632951998056715,-0.01674730335982233,0.0,-0.04814258317822645,-0.01691995521700823,-0.009137668938279497,-0.02063633822914629,0.0,-0.0075082747841815345,-0.03312930611494885,-0.02880851969904269,-0.037477830909297405,-0.038803286996283826,-0.017488400354155664,-0.029845323682848923,-0.01839958081549342,-0.00354484906466479,-0.02949557645680978,0.0,-0.015931201932263772
0.0,-0.016253549944829082,-0.023455556514282105,0.010831131826266271,0.009039731637937143,-0.012932186942011259,0.009348628037240791,-0.06941200724201341,-0.0035720656390593186,-0.012206917759052305,-0.009886750134652511,-0.01117395076090072,-0.00216513982022587,-0.039076229023361775,-1.1102230246251565e-16,-0.0001505172572891511,-0.015561066237418042,-0.013394905541331381,0.0,0.00034052989331428973,-0.006052927329520341,-0.016662649360164095,-0.05236811076344472,-0.02460679776347119,-0.021149342532003013,-0.01388865828993352,-0.01024069155277979,-0.012089485084653628,-0.007365663204978612,-0.024634819577215195,-0.011596858726741321,-0.005442096974222876,-0.014057910185871325,-0.011326174792882393,-0.022291916269065848,-0.0016259261112912538,-0.0006726191507164803,0.002465846971137442,-0.06435015019316714,-0.011886771779314464,-0.07171428970828864,-0.012424700040928549,-0.07286263532322551,-0.04111046005169011,-0.0008727014807599076,0.0,0.0,-0.05876773366539867,-5.551115123125783e-17,-0.02960463024724186,-0.041348595757211504,-0.02914528490446555,-0.07170486731465664,-0.07486930933111663,-0.00010107308312418128,0.07211630682718961,-0.03080989132181422,-0.01939415148951673,-0.0722263399727644,2.220446049250313e-16,0.0,0.0,0.0,-0.0012650535823603981,1.6721441046751995e-05,0.0,0.00010603686037585769,-0.026906194896663904,0.0,0.0,-5.551115123125783e-17,-0.041218202174759355,-0.03324016609640257,-0.018087841497834378,5.7648142122834756e-05,-0.03852145369937421
-0.041549323898602275,-0.028588082201135068,-0.016601603516524954,0.010252874739595297,-0.030452247807502997,-0.04726734241770031,-0.036996821420044235,-0.03602661013788133,-0.02976446543100114,-0.03294194396445016,-5.1199112945377045e-05,-0.007156835940877793,-0.04267824642748136,-0.017569216203647264,-0.05319404876290107,-0.02827369774032723,-0.03563322744495723,-0.038445605071683986,0.00034052989331428973,0.0,-0.05638079592257905,-0.04523125113967069,-0.05116582738008113,-0.0034973006595547806,-0.03519305160617836,-0.01752600425397982,-0.03902404424068717,-0.0482401737559649,-0.032670188623962315,-0.04719877147949231,-0.021882832980448852,-0.02067574531160582,-0.012155939731994525,-0.009184291535477673,-0.012707917789135992,-0.01643674725937394,-0.03364079818438992,0.012536892824831891,-0.038117658925447606,-0.03552468506872192,-0.029699146808422117,-0.03314538218774726,-0.01835577629280638,0.017886018264536785,-0.00012726655776235107,0.0041484749799942655,-0.02978641670996357,-0.028969291537578157,0.0,0.0,-0.04763098190827719,-0.029379264848836628,-0.03652365281725323,-0.012113781080255848,0.0004237834233489779,1.1102230246251565e-16,-0.015203344794031237,-0.04173737595269883,-1.1102230246251565e-16,-0.04390583823425509,-0.025573625098065045,-5.127544831340369e-06,-0.02883151803617129,0.0,-0.04670023421540748,-0.03475625359380263,-0.030415364763004382,-0.058114822444903236,0.0,-0.02233408082475563,-0.016437248555410122,-0.0639990094057426,-0.041192860200641335,-0.04361567261540755,-0.03502327281786788,-0.041769103821680864
-0.006312993623491414,-0.004307507544789924,-0.02798054154561741,0.00024481343258647703,-0.035341629531988106,-0.01143749194290039,-0.03723279983668709,-0.002078684287201704,-0.031421311389483786,-0.017852076433743647,-0.008736531029461148,-0.019046615840315473,-0.00028416831206262705,-0.020909365373585398,-0.03240350578046719,-0.022264626451387826,-0.007080162285195424,0.010108357819475722,-0.006052927329520341,-0.05638079592257905,0.0,-0.028907168832225494,-0.021364841537119372,-0.024400759121419924,-0.008909905501295834,0.005422420025298691,-0.0400795528393198,-0.011232994732328305,-0.011415342703564757,0.002430074437695273,0.008122374958410616,0.010779931842330892,0.027193977092035804,0.017912059210445475,0.01295927440499206,-0.0544812670792465,-0.020001523460605575,0.019227327197423538,-0.007704399725706579,-0.0018972453402280043,-0.0015167634502383232,-0.025723370077618657,-0.04620848977848724,0.0,0.0,-0.027107509263954666,-0.018189450339638424,-0.0023949521788880768,0.0,0.0,-0.02388745596552838,-0.013721638958646254,-0.03433103525694903,-0.024788267726758628,-0.017746494135064406,0.0,0.0044579537212742215,-0.020863849592695993,5.551115123125783e-17,0.010284578224193264,-0.011332250722759063,0.0,-0.014065707069364997,0.0,-0.02494955460192494,0.07766108682917111,-0.011468615787649905,-0.01987072271971696,-0.004553960310505922,-0.016415440043191787,0.005003839733282667,-0.03821273207664322,-0.013643141063514774,-0.018193357974239543,-0.015125626690534355,0.01834874624345406
-0.03041493230887493,-0.04865299051473104,-0.02120546896805159,-0.00453951112671358,-0.03800270662890726,-0.03106626695342113,-0.030120782783310207,-0.05737255710612216,-0.017848413374220717,-0.03816333129156341,0.0029497683337020852,0.035335315191158234,-0.03341531620903404,-0.006912525399759839,-0.048344941978112344,-0.05423036080598309,-0.0323278916924154,-0.046277849325262466,-0.016662649360164095,-0.04523125113967069,-0.028907168832225494,0.0,-0.026662654283836573,-0.04127710350390562,-0.05112269064475061,-0.020962831241580715,-0.04123304807307837,-0.031020226176698196,-0.05231606439207198,-0.0552398347037486,-0.01944059980643259,-0.01819651121955357,-0.0273207197764907,-0.01545597845340052,-0.018627080564736442,-0.016394698143886555,-0.018180203455529287,0.02769878585921076,-0.030037415925174893,-0.02790534959715768,-0.018271656520855106,-0.015363814532264486,0.012273013826709644,-0.004685412282542434,3.748234920269988e-05,-0.022553068824300082,-0.04699513763491403,-0.013917478171756592,1.3593148442958558e-06,-4.623717013008122e-05,-0.03349054867371937,-0.020705524846078738,-0.008210151411249478,-0.014522030119128448,-0.005318418116395163,0.0,-0.013093066188217595,-0.022814527155530895,0.0,-0.030724088744688682,-0.026048793205559362,-0.022894691232252684,-0.005213967691701182,0.0,-0.03527278591333727,-0.014676461363574145,-0.035545816986238044,-0.04161155046011539,-0.01717363045656589,-0.01622736013634929,-0.028357230795092003,-0.04001970994037368,-0.01871055860432852,-0.030413984561996843,-0.0061169781848707805,-0.026881936006165563
-0.03733364351011048,-0.02381067852170038,-0.03658406483232168,-0.0013704198994447525,-0.029476371444974003,-0.03261117083808929,-0.01699934536660086,-0.0235923876501255,-0.030540077057603865,-0.030707219142961373,-0.05105817055815248,-0.03230481804638269,-0.0210389622376278,-0.017781989925817532,-0.029643361986228023,-0.02266317723560668,-0.01797828522945455,-0.02378696630967686,-0.05236811076344472,-0.05116582738008113,-0.021364841537119372,-0.026662654283836573,0.0,-0.047182872184025004,-0.023331368575651934,-0.02970895654115374,-0.02801107340172443,-0.025684364131857873,-0.031935145189734004,-0.03587746390642027,-0.022408191904275787,-0.02159288171371604,-0.007370834037582097,-0.014868976856981464,-0.01710591060233363,-0.02548592024719798,-0.029961240133312028,-0.04126359667334445,-0.03261699728537448,-0.03554460208422566,-0.02832530931890853,-0.03407833034249663,-0.02353513333462509,-0.03827166794835418,-0.008564231395013777,-0.006826115373404773,-0.03449425015000113,0.003834028046870941,-0.02867390705276962,-0.04677919473015951,-0.03547961766513419,-0.04233230747969702,-0.02526005380508428,-0.02902929358324846,-0.026407224699731724,-0.0031204947713171505,-0.027685220912180453,-0.03755862372295171,-0.0027106176294766082,-0.047768621176818626,-0.030670322613106538,1.2473319875805355e-05,-0.03366248866428034,0.02726185177413376,-0.05091363243108471,-0.014046169364889116,-0.0403538255543226,-0.028823703393483224,4.8069691356178446e-05,-0.017145969074129574,-0.04169003813006966,-0.04286625376923631,-0.03253525765480786,-0.04232786500220881,-0.035296273415406254,-0.024652048767067114
-0.012164462147421895,-0.02429606909062826,-0.02026551963906209,-0.007086159903855971,-0.0247258883927291,-0.050888990503435316,-0.0400320596209206,-0.02314974348246801,-0.03527772199621687,-0.022563167820827956,-0.022123870279627866,-0.02993071070235781,-0.0424608070197901,-0.016121213328073036,-0.050075769077855325,-0.04097860659004576,-0.02258741130842329,-0.03691337800278849,-0.02460679776347119,-0.0034973006595547806,-0.024400759121419924,-0.04127710350390562,-0.047182872184025004,0.0,-0.049322901261899865,-0.04365579510708867,-0.07665568521267047,-0.05849993953680799,-0.01078239744529913,-0.009488619510697571,-0.008477495573109728,-0.019618273940194275,-0.024907354677800114,-0.005584908833532964,0.05569184773738195,-0.00918026352330209,-0.024338531118686446,-0.01088383861592987,-0.11714802491224086,0.0066340572676215626,-0.08304569184345745,0.03075769339095169,-0.011222620664209704,-0.0033329722674162454,-0.10677402675369649,-0.05820893832733953,-0.03012705362674173,0.0,-5.551115123125783e-17,-4.926732836957326e-05,-0.004288295068850978,-4.221727741837711e-05,-1.6653345369377348e-16,8.77655246767639e-05,-0.039429983583358585,6.456517097103154e-05,-0.01632626330960868,-0.012732159296242607,0.0,-0.00021629232266651144,-0.03886583766355234,-0.016554401433988675,-0.02737630375347566,6.003843791735353e-06,-1.1581395664761462e-05,-0.012623207355324018,-0.020307677910720356,-0.00014581625071874438,-0.04069439178713663,-0.029841073874631252,-0.03664875975796322,-0.003321744688084549,-0.08203097210259164,-0.03176767900150951,0.0,-0.02984161404029012
-0.025773025047158282,-0.04202218064808122,-0.04255840555649909,0.0004488870815589352,-0.03543166230272199,-0.032277650812653935,-0.03625907436054654,-0.00404915754902363,-0.039320823752028056,-0.0403482415260758,-0.007543600369224024,-0.054012556435008074,-0.03882663207334963,-0.00702591818559728,-0.04039982497828942,-0.05613913157483613,-0.04177264123673724,-0.06064160862670054,-0.021149342532003013,-0.03519305160617836,-0.008909905501295834,-0.05112269064475061,-0.023331368575651934,-0.049322901261899865,0.0,-0.04454750504606608,-0.03360210967557231,-0.031298243068280274,-0.024420410473254217,0.012466278342930015,-0.028433472946329197,-0.044500247876567756,-0.04854549453554613,-0.02833214439237286,-0.03131170345957035,-0.040099429433093525,-0.007923130412394064,-0.017197007255559893,-0.006734157933482976,0.003973482967714381,-0.00909213326292918,-0.007472114441022248,0.007674398027158191,-5.551115123125783e-17,-0.019977555713638684,-0.021887225785632736,-0.025216487139573862,5.551115123125783e-17,0.0,2.220446049250313e-16,-0.03110327479626296,-0.018451479462875564,-0.04285511481083143,0.0004423332145989112,-0.025624240238842078,-0.0002328085540981295,-0.02909106009406448,-0.03040430841501074,0.0,-0.02877120582872883,-0.013103773256875784,-0.010230340806725025,-0.020678294696652222,0.0,-0.01682440831590687,-0.02567949196596475,-0.02813889284720905,-0.014853174132906155,-0.041502936319412875,-0.017746557188433598,-0.030357930980984937,-0.014734019002091037,-0.018252809602394393,-0.02770355038516653,0.0,-0.017525189705089428
-0.039916300555015216,-0.058908623618380895,-0.03841104720952371,-0.012022633419115969,-0.024651304476746794,-0.017490503025645643,-0.05536919782541161,-0.01698511494011984,-0.023138773318543082,-0.03658933887422994,-0.005281874938002029,-0.05393470675561257,-0.03777648546611123,-0.010536724016962762,-0.006590715919807977,-0.035995431753912066,-0.045390845933117485,-0.04131728005523816,-0.01388865828993352,-0.01752600425397982,0.005422420025298691,-0.020962831241580715,-0.02970895654115374,-0.04365579510708867,-0.04454750504606608,0.0,-0.026414724109162513,-0.03433327567957484,-0.03150303711341079,-0.018093952762873622,-0.023333886278382565,-0.01463997524711591,-0.030555483912021786,-0.020112400072818948,0.0005520139260705714,0.01042219000976452,-0.054965674509593165,-0.030139776752563407,-0.02503722789079904,-0.011854406998915323,-0.01555105317011346,-0.014870441217862185,-0.05303286753759984,-5.854071345678946e-06,-0.010009867173975062,-0.020376767604303292,-0.028591836507609325,-0.011131012361380754,0.0,-3.8714783269055975e-05,-0.029954422150602622,-0.024591319550932855,-0.011869030251809909,-0.006622088053476027,-0.038295104031830396,0.0,-0.04040557236724035,-0.03715506247153644,0.0,0.010410229896878342,-0.017038219907896168,-0.024480237118878645,-0.027072254230401382,0.0,-0.01821082279636732,-0.0009810725252871744,-0.012819386406439925,-0.02029819854442072,-0.05060373214614766,-0.02600746279091104,-0.02427810781665174,-0.02832599111774975,-0.02576036259099651,-0.03871802378749106,-0.00033959046258641434,-0.018636303082435413
