0.0,0.4813665152606847,0.34670331896909823,0.0,0.22675079233259793,0.3569449714863863,0.39055872472209013,0.589546468487274,0.38132204196059083,0.3653313878377643,0.35874630028480053,-0.02463643426000031,0.3315251890979463,0.32386018726929966,0.18623195868601106,0.46679713736569894,0.35818089608773734,0.30219511032941476,0.0,0.30631169292885096,0.40485182636382044,0.39853133254230916,0.3339434204745157,0.581072394410152,0.32472378460440726,0.35247363637434037,0.2282810337105954,0.38224037580732156,0.5695332038781242,0.3580686506166764,0.5761737643395395,0.7038846169515258,0.33809212924598964,0.48218956169037874,0.4974208691018065,0.5782716253842071,0.49479332608215865,0.3041933288656508,0.3425108408165379,0.6979530719731382,0.36030254391574923,0.44006404309372393,0.46858126666498184,0.0,0.33293739665910504,0.5415295612008928,0.39571832548790475,0.0,0.0,0.0,0.43702540141883583,0.0,0.4387937621768704,0.0,0.31888337987067233,0.0,0.3603931673578038,0.5975965390141086,0.0,0.4601540857329043,0.4212879438736299,0.190343577812107,0.4788526155745467,0.0,0.364860136547494,0.5608141587457391,0.5631606522623366,0.48994383415971776,0.5826014163703848,0.5227923600427292,0.4765522749592786,0.37917474186336003,0.43726927963984397,0.43465227309008747,0.0,0.334977981059966
0.4813665152606847,0.0,0.4711878334087779,0.4209315774779868,0.44494326509178206,0.34835581023010304,0.39373456145559194,0.5495719331008587,0.3330920319843578,0.44279988691627187,0.33391406038126886,0.5149156722402828,0.42774697890783653,0.287514399187428,0.3868499099358296,0.2967990374439236,0.5127888438300747,0.16542103420140747,0.4817822858961738,0.33237024852981617,0.5957409520699399,0.24240488753448503,0.517728745025452,0.3076966387559671,0.24390304549821826,0.11563186972276351,0.359640778735001,0.4875226208585054,0.34040798016715484,0.3686015168465444,0.2431556606196637,0.3376650188273209,0.21862127839661802,0.26641656888102727,0.3612473536026291,0.5454836805275243,0.05667411970917191,0.0,0.23135534380454761,0.5020357919918925,0.3233085276262868,0.33232611276775154,0.443812689426296,0.0,0.0,0.5931352853093572,0.256443296805856,0.046627909350201974,0.0,0.0,0.3112758338582038,0.4286610814421158,0.3519073587280504,0.43399917097814256,0.5100215000647247,0.0,0.2799994680192741,0.34489551033592014,0.0,0.3219835952274948,0.3518697744310741,0.21092017759846393,0.47031845323014765,0.0,0.3229292476117662,0.5100754202306779,0.30633773957690924,0.41830084621641217,0.23183594205936275,0.4253791032968868,0.36509046436847664,0.3540504467006058,0.2784948563485335,0.2901221102656522,0.0,0.37811475311091347
0.34670331896909823,0.4711878334087779,0.0,0.6126681453969307,0.45504236755844607,0.43986598584955233,0.5088685908474035,0.40360649230943557,0.3559266710160386,0.42624501062678083,0.42381469005737565,0.5227831943629044,0.5157030766219759,0.3775870747348876,0.13095216858467407,0.15209295854939994,0.49407237267870974,0.49857683602460057,0.3933219128025983,0.3356607456922891,0.38626539001438887,0.4665780522966517,0.33833247151146306,0.36496308982128256,0.3299979937046427,0.2792633259311911,0.35327618428610325,0.5243598557430484,0.4066283224922822,0.5384545099697348,0.523652933573064,0.43826968234791414,0.2712340489694166,0.5367129463504929,0.46284834367979844,0.5633283451445359,0.36796086946234796,0.36515089276916846,0.5743889299483967,0.49692557783988633,0.015480488629659672,0.17499182181824477,0.42412097258856635,0.29541858460926096,0.0,0.0,0.4118907590981471,0.5002606346223606,0.4812588919551496,0.3977682309050781,0.42802825915559134,0.4647197043196347,0.4725295934559852,0.6091650151909993,0.4305249836027972,0.7530232025304808,0.3742040922659739,0.5120299720890316,0.49345708673231187,0.35863729379550985,0.0,0.0,0.0,0.17901135365826082,0.3806720645381591,0.5201072919034786,0.25069573396824674,0.5207521757195539,0.0,0.5557719766870792,0.16934701066293495,0.5150930876349766,0.4960423427619747,0.3045958399937193,0.4721358222997053,0.25136826730366546
0.0,0.4209315774779868,0.6126681453969307,0.0,0.3625561699664895,0.5252103986913936,0.3093269984202568,0.8088359704591684,0.4977672911442783,0.10562299722304386,0.6551365884066104,0.3515307661499786,0.3310316712622964,0.8373319142465024,0.47124141354425175,0.293047740408559,0.44695753141633365,0.46805307212040337,0.653125930436547,0.6793643355777705,0.45089351271427425,0.5369174493276381,0.6557978042605036,0.2948431703113647,0.8095073970782107,0.44947641248990067,0.5037238755990797,0.3194247148211134,0.8515799918570532,0.7401805084349345,0.7267244859010049,0.7588594902425869,0.22575467087622653,0.14338405166589618,0.6941248687243369,0.678087109788909,0.2957810145190386,0.3442551468069719,0.4306491267591519,0.3933209174930212,0.45938352309665176,0.33642137994439225,0.4243102689396432,0.35883450804866723,0.0,0.0,0.0,0.43233422402041877,0.0,0.0,0.3242916430447695,0.0,0.46599440519429447,0.34063221527973053,0.0,0.35492470339776716,0.5849285013797454,0.45615934589680973,0.0,0.0,0.0,0.0,0.0,0.0,0.0,0.0,0.4817900702048835,0.7056122784928281,0.0,0.0,0.0,0.26905613453126753,0.48064917446325434,0.6467063472017769,0.0,0.0
0.22675079233259793,0.44494326509178206,0.45504236755844607,0.3625561699664895,0.0,0.21358492392737424,0.45874551786418777,0.39413253820408134,0.42866690792970663,0.665731074190919,0.5622574464706096,0.5077787446132344,0.714363789581312,0.507399642904211,0.3075411319575875,0.5279952429456066,0.45297948703877344,0.33598840522645684,0.6881945477247897,0.39225811075422967,0.37651780688227743,0.3183711001653322,0.3396154399690011,0.3362227846583863,0.3711020648526897,0.3999207750036694,0.29337177694789207,0.6262107469789366,0.46644073654293455,0.4053653065144665,0.5607145819561031,0.5135032629176767,0.6125128536653517,0.5986046433653581,0.46190703779577236,0.4818564860479949,0.5674046317640973,0.5307367776883172,0.07680726032467336,0.8138664288034272,0.14907132110555837,0.3564405456002641,0.3226607164953509,0.819194278512215,-0.1117203945732782,0.0,0.20176707770786267,0.475283873362095,0.0,0.4415571137506728,0.4173226223260106,0.4927247497245239,0.417974694324572,0.3259970802287823,0.0,0.34232821470941455,0.22652215619641167,0.6062421202261493,0.34554773571908304,0.3188101166998653,0.460426471260429,0.0,0.0,0.5037142256594521,0.1708405943258427,0.4939879949546428,0.36602069211630595,0.38787134496938536,0.0,0.4978991411705766,0.49443516676233473,0.40872128512567907,0.045903135326966105,0.3887514609161639,0.0,0.4532943674002018
0.3569449714863863,0.34835581023010304,0.43986598584955233,0.5252103986913936,0.21358492392737424,0.0,0.3411523008185017,0.3069837190488868,0.3683183446077538,0.473627504143801,0.6904751683477641,0.5682640275117165,0.42680640080531734,0.4324022924883397,0.5904707471301545,0.3562432056933057,0.39313005067216455,0.2918738083638821,0.5281600599320977,0.16847741884777415,0.5403727613435488,0.29049615395979717,0.3495748343157785,0.05975628113807793,0.35487967344526633,0.552150222030148,0.2808612945086122,0.46451039555052176,0.39693080844483364,0.446755772752599,0.4956561520549068,0.3980380014124475,0.5876303150772565,0.5344805048223629,0.3594953302451762,0.6143302988485007,0.3939024415600698,0.3128799002461178,0.4102120420813502,0.05712605656942063,0.20446507539715905,0.5506283302966443,0.4678472121072368,0.14751101502392144,0.035723662917013205,0.15139782029438964,0.35216412458230095,0.49073971180329334,0.5918101613903222,0.27724430754843915,0.3641108667836954,0.34924553753227394,0.3801628914254671,0.417412853942041,0.36392931144413104,0.49602055861433286,0.27041803855966595,0.40374387108225773,0.5117058934595358,0.35779855673163896,0.4273660653041781,0.0,0.23243582059605417,0.5140344309771249,0.304638596923824,0.29844419556286084,0.41418208587190675,0.37577696378512104,0.6711851927663535,0.30100842917492265,0.3729202622565412,0.36187664653445184,0.3889300518580762,0.29430706208221596,0.29516584088624953,0.4258864686411872
0.39055872472209013,0.39373456145559194,0.5088685908474035,0.3093269984202568,0.45874551786418777,0.3411523008185017,0.0,0.5414395302034364,0.4914502064259635,0.4876942337985519,0.699302216496728,0.3373381665666975,0.652512654677369,0.32511140888140466,0.5825642457265867,0.4636479962493437,0.4815106895735305,0.29782922016311963,0.6331658216934901,0.3063797460475063,0.28030359649070496,0.3752249530229045,0.4934814781583182,0.12127026774340838,0.36957958422394116,0.27624540021969507,0.2656356737963762,0.6991036213525181,0.373232974759005,0.3715126278000151,0.5693589244689291,0.622792501577213,0.031592710475631086,0.6135521627204827,0.10479920235851647,0.1426009135373425,0.7639048217220845,0.5620870724012711,0.5829812541137034,0.27314590186251014,0.06392593819146122,0.6281317119750939,0.4526419366828681,0.7386489368715625,0.34424503925043975,0.0,0.284024881835232,0.43289057806358877,0.0,0.43566971919645314,0.4328061990579044,0.44476861457715333,0.4090266459647767,0.5333858509697099,0.6269111171036986,0.2652992949953724,0.4876984494028981,0.40322829022492035,0.39672750029267667,0.2999440534572484,0.36081569228511545,0.0,0.5133368314850313,0.575686933629167,0.5983568441054866,0.38933119446353537,0.3601970781108329,0.4647936320302988,0.46834082429685486,0.395366754733106,0.35554884020101796,0.4553758233752103,0.4747761420693418,0.34405340963873055,0.5212825087930786,0.4089530014222416
0.589546468487274,0.5495719331008587,0.40360649230943557,0.8088359704591684,0.39413253820408134,0.3069837190488868,0.5414395302034364,0.0,0.513983289431,0.3518454887675453,0.5522754488896897,0.3559852238211939,0.5296146850691683,0.7324358035502454,0.3891474541807305,0.6636387801759942,0.4030531684114023,0.6716232712991228,0.2915126829291643,0.28937079570947155,0.560971762075729,0.19429125548751403,0.43126253830396305,0.31228678371143265,0.5972596871804627,0.5039956103883998,0.572575767211582,0.4655938734137118,0.3929862732431213,0.3680483149741933,0.4769309788443713,0.6822087684694209,0.3737211676408613,0.5977321279648478,0.40281049815706615,0.5126211051139717,0.055843755080280444,0.666302303551301,0.4692244639194828,0.35090896304772634,0.2470034095858599,0.29692621134235986,0.43763102219700745,0.46847630475743846,0.0,0.4087049857861503,0.22217839041940712,0.6224147813771713,0.0,0.48674860287104627,0.3851788978383778,0.4488580808313791,0.4644490266067391,0.4866694983679435,0.6334476877274386,1.1837244469775776,0.9751875445664036,0.38890085132116825,0.6048012456966461,0.4884304031337676,0.19850765357897243,0.0,0.5616685719798251,0.7892278171349233,0.4087415718765666,0.47181925248659795,0.2643314965801266,0.4659281295187412,0.0,0.4107283582564002,0.4236248556472039,0.4068043991060165,0.459755974171735,0.2850476122969766,0.29661185367526344,0.36976185714722853
0.38132204196059083,0.3330920319843578,0.3559266710160386,0.4977672911442783,0.42866690792970663,0.3683183446077538,0.4914502064259635,0.513983289431,0.0,0.5132541275152332,0.5189622494086097,0.4434745490604748,0.6943160786449852,0.3466448397549805,0.3700314883629214,0.42050035411381864,0.39196296444847734,0.5502301900248192,0.3819000288401941,0.3807320671205777,0.305976703302692,0.44990893570657264,0.406989565390717,0.3751680379068476,0.32277014523824143,0.5007781856883202,0.45336052696953905,0.4964886716763625,0.34039350818782155,0.5341934778159254,0.4762451153314514,0.4219064966543127,0.5256132025482316,0.4874484478479576,0.38354066474575726,0.47698875285312503,0.45701943653361726,0.5457696859901984,0.21423118363736846,0.03547956101765681,0.07232936268471607,0.17267464170788452,0.49530236854869636,0.21831791863958708,-0.12621674124456847,0.0,0.2965121412217324,0.4607564005706829,0.47869139736034894,0.5370625162143878,0.4404806716899359,0.5290737843159212,0.4990584061679367,0.44537063822732587,0.06858987102159522,0.5944775091762177,0.03043097521040955,0.4352837659489711,0.6058039610389252,0.38274518383435513,0.44659494757222606,0.0,0.0,0.5352536953651508,0.3944893752770385,0.813193013670622,0.3592526884207624,0.471590213138715,0.10044587286009188,0.4148654161775323,0.17190621598995395,0.4235018279557926,0.4281547034127895,0.5504146510006835,0.2769172342984467,0.43205998473529544
0.3653313878377643,0.44279988691627187,0.42624501062678083,0.10562299722304386,0.665731074190919,0.473627504143801,0.4876942337985519,0.3518454887675453,0.5132541275152332,0.0,0.6225381940160843,0.29384572781223767,0.43021502901300035,0.5447877034726993,0.5511589514920435,0.04867794148477422,0.6879084295701634,0.19621867531722986,0.5470571665342601,0.25054732496966625,0.5850066988470906,0.2590532046003194,0.3031903052866938,0.3422056361308636,0.44595353108660063,0.42331058164385216,0.36330635505223635,0.4361610894617592,0.3431973780368015,0.29536383000114047,0.6571002238481202,-0.07902899468917934,0.5755812402981035,0.5572041909702073,0.48470024908997705,0.5492116574127041,0.32947632184056175,0.35738592872101194,0.08697603974548007,0.671888880467852,-0.1597218733273032,0.16477914900630586,0.16149795394766958,0.0592834365096179,-0.19770563714700312,0.6354613533321242,0.3191739723143248,0.37167408690524006,0.48695753160474625,0.4839074792034166,0.23828519617118948,0.31698096692038397,0.7123418669472447,0.3363973008025705,0.4393579866936683,0.274795000266773,0.45036566691742863,-0.22445685512955255,0.0,0.6228507793885432,0.44332623318558734,0.39346492286768453,0.25226799350279483,0.4809874525963265,0.4743420021805099,0.5902609848183816,0.3847547897689522,0.3304107472857121,0.37144669103413075,0.2497167030061687,0.28656248474964197,0.3588091945589762,-0.13805306950719837,0.2832156949352456,0.0,0.16413700365694167
0.35874630028480053,0.33391406038126886,0.42381469005737565,0.6551365884066104,0.5622574464706096,0.6904751683477641,0.699302216496728,0.5522754488896897,0.5189622494086097,0.6225381940160843,0.0,0.5815862846490552,0.6431453453059106,0.5163082690497844,0.0,0.5033262841370184,0.4010723169167761,0.4104043482267723,0.46767158601959835,0.45947890882965764,0.4176781598363296,0.4362437879240445,0.23521635526642148,0.4014615590807913,0.5561556981552176,0.5928440674541482,0.5151745146227233,0.61501907353424,0.3691588301336336,0.4908969485916281,0.6060676939703326,0.8724865945680857,0.5014770757981688,0.6698130117893364,0.5802980854803208,0.8490498185439022,0.6655247591376486,0.640201371928299,0.47418478819723786,0.39396097215683623,0.5044360549631173,0.4133750960976341,0.501638244626958,0.5876607578578318,-0.10414989201780644,0.0,0.0,0.7424302281154156,0.475896085070192,0.2606970884679389,0.3800243133898211,0.30968189875343066,0.3359534650869195,0.3341073626444579,0.1744335608509589,0.34174247637263855,0.34647515045031707,0.4687503346705184,0.6605277499985573,0.0,0.0,0.0,0.0,0.21385801896913617,0.24050685536405977,0.0,0.5319913766272041,0.42699007735203026,0.0,0.0,0.9541216802131014,0.5358268384390844,0.40452424959297184,0.07264972764277275,0.0,0.3876003443710737
-0.02463643426000031,0.5149156722402828,0.5227831943629044,0.3515307661499786,0.5077787446132344,0.5682640275117165,0.3373381665666975,0.3559852238211939,0.4434745490604748,0.29384572781223767,0.5815862846490552,0.0,0.2524409300824342,0.5333877756042377,0.5676835067588855,0.5196896620471747,0.5417251210954218,0.34982847969484704,0.5655095199424971,0.4124855498641935,0.4981063732500185,0.676145956823387,0.27244630130525405,0.18641996136750968,0.19905334777912853,0.21273935876166702,0.3347847589889322,0.20118471613090705,0.40424412954197364,0.17296504953378664,0.44607143004461525,0.2673846631219234,0.5876007192971499,0.23560709323584889,0.6865431281773766,0.37918315623455623,0.16570790017586282,0.15439230411386817,0.32127798757038023,0.5784820916416769,-0.043164071597841996,0.14484382415431618,0.5833946109915609,0.25631480077047314,-0.15203941125694215,0.048773536826667435,0.4696275012123997,0.3591083854059279,0.40960364718368636,0.297713536904065,0.12351363995407741,0.13652785327158007,0.3671277351794073,0.40914801959484576,0.3840127701556799,0.20084209867273475,0.5453994780842473,-0.036308520980162184,0.5722353748486213,0.5333371722490292,0.4427083834262212,0.38101499138437434,0.3850524408514375,0.24586111001478875,0.41055678453861,0.449469743769991,0.3353480318198213,0.235151170013342,0.2845450870045376,0.2806182640746179,0.29762426785884977,0.1471791653307686,-0.019773033722272737,0.4370068649376794,0.0,0.057825204040947153
0.3315251890979463,0.42774697890783653,0.5157030766219759,0.3310316712622964,0.714363789581312,0.42680640080531734,0.652512654677369,0.5296146850691683,0.6943160786449852,0.43021502901300035,0.6431453453059106,0.2524409300824342,0.0,0.3567236660416959,0.32632118699211826,0.47338989569285983,0.43382841785265724,0.33764935643776883,0.5965766092839551,0.3033488895823183,0.5929360583222212,0.36258296793422107,0.5151358967598536,0.09316992029304427,0.38599725513307337,0.38935804794736356,0.4171428969266377,0.5415446800963111,0.3063158295596383,0.4038255316186568,0.3732903902155658,0.5551685550912981,0.1757528477560172,0.4761252468811442,0.2602257602225828,0.19215783624757707,0.22922412281559273,0.3140575477750439,0.31823643873447627,-0.09165653900216914,0.10736731640662914,0.3570451269322765,0.2178605027089272,0.035426146524421054,-0.006065587792428884,0.42367627938517427,0.47154891178815395,0.5473996779574873,0.0,0.507984597703292,0.43343059815161344,0.15840628862156172,0.4097975819773667,0.4867577859427814,-0.22625505131560936,0.40373740586905815,-0.08052513992328342,0.1848745374919809,0.4602374784473293,0.4735855884388716,0.3698065579401512,0.3853269822729541,0.17647419714695078,0.44836937488367545,0.3738191583313805,0.4781813147119065,0.3490842848228792,0.4604328388589618,-0.2591336539137681,0.3275952554376814,0.34076277606733585,0.4505983046111776,0.5363307277004621,0.3756661726872076,0.30471108510958533,0.1613480651579633
0.32386018726929966,0.287514399187428,0.3775870747348876,0.8373319142465024,0.507399642904211,0.4324022924883397,0.32511140888140466,0.7324358035502454,0.3466448397549805,0.5447877034726993,0.5163082690497844,0.5333877756042377,0.3567236660416959,0.0,0.27608565275836905,0.508166857757071,0.49603785501622155,0.48042718731154566,0.38954123476736885,0.23222517587937297,0.3945688889466786,0.15406610977895507,0.5175567388429325,0.5306499784723082,0.39356796764057617,0.41072234214652015,0.5033244707999175,0.6819616303591529,0.2056772101034032,0.48454029338412247,0.4758477113852987,0.6515912906463546,0.35258206937280245,0.7519495386120674,0.42860222292664596,0.7851512986316695,0.5488880482901084,0.4239984964388852,0.38880051681198613,0.0,0.5495999709845348,0.6985743385793882,0.5268290023111905,0.4805630208067038,0.0,0.0,0.0,0.5297605526726629,0.0,0.3983268478780816,0.8442180541754527,0.21453950903942268,0.28189211852681073,0.27477786643467406,0.0,0.5473073702115039,0.3885761518127639,0.5850218504335782,0.2599979417700217,0.0,0.0,0.0,0.0,0.4439230611535763,0.0,0.0,0.0,0.46290215836108084,0.0,0.0,0.0,0.4266105591258004,0.4498289270848336,0.0,0.0,0.0
0.18623195868601106,0.3868499099358296,0.13095216858467407,0.47124141354425175,0.3075411319575875,0.5904707471301545,0.5825642457265867,0.3891474541807305,0.3700314883629214,0.5511589514920435,0.0,0.5676835067588855,0.32632118699211826,0.27608565275836905,0.0,0.5253246442601964,0.15967781764603117,0.29538437793058836,0.0,0.30540561905792385,0.2610960346794351,0.2820937060749519,0.4565303510730341,0.2217046919669243,0.28028396833833347,0.5676475595876573,0.47370708621935304,0.21358714296589773,0.2998038474351697,0.3077448113957003,0.6208805133265833,0.4213830128276791,0.5653566959781336,0.5715832165881429,0.4994419485510345,0.62294561786409,0.24661180096931237,0.3913292150991232,0.22759170692885963,0.2770176919185011,0.47083928437972716,0.28498980281822833,0.5070385395459791,0.43053190441908384,0.0,0.3601058837337363,0.4346936019919801,0.1843455998451485,0.0,0.0,0.2965924425674798,0.6379760831047226,0.44997356823056256,0.6152758641901068,0.0,0.0,0.6152462259493365,0.41875944163530293,0.4778672857947185,0.5283513507186173,0.516613406106519,0.550530394620158,0.6380969767941547,0.0,0.5990633783789238,0.47407985118825474,0.5453869909150484,0.5591067863695067,0.4719417477551818,0.4376360641032794,0.5756750943552857,0.4028564310289411,0.32375833094274,0.30625782057472817,0.336377515023234,0.3498108544862246
0.46679713736569894,0.2967990374439236,0.15209295854939994,0.293047740408559,0.5279952429456066,0.3562432056933057,0.4636479962493437,0.6636387801759942,0.42050035411381864,0.04867794148477422,0.5033262841370184,0.5196896620471747,0.47338989569285983,0.508166857757071,0.5253246442601964,0.0,0.17066596992185767,0.40790185721454886,0.4592693534351232,0.3608145165091204,0.518126846738693,0.13783318146032097,0.5490270015769985,0.28172795598906225,0.2358016861439985,0.40909630735300706,0.41728440113124393,0.4340358021003038,0.37027632028117446,0.28555932344264545,0.2132426159771993,0.3064584142690139,0.25531936550440915,0.11514873833955566,0.4788102542692846,0.530389760347093,0.2313591270251395,0.351609674908055,0.4895438438528551,0.4802238407347893,0.4467143058930576,0.4239166639337322,0.46807988704232417,0.0,0.0,0.40577305467058405,0.40299777487877664,0.0,0.0,0.0,0.32201088414872137,0.5118020242243766,0.6131186962001429,0.0,0.3658189809198219,0.0,0.31932612217991396,0.5113333376604412,0.0,0.37701654002464025,0.4449521319413131,0.49970385834548037,0.5398951383028308,0.0,0.3807043536535647,0.3362898685337658,0.41535620201309853,0.35669091267572084,0.3058598692681156,0.5630990827924549,0.48433685846669344,0.3416030287049103,0.6645333914774558,0.3312460604534324,0.0,0.29988220332915194
0.35818089608773734,0.5127888438300747,0.49407237267870974,0.44695753141633365,0.45297948703877344,0.39313005067216455,0.4815106895735305,0.4030531684114023,0.39196296444847734,0.6879084295701634,0.4010723169167761,0.5417251210954218,0.43382841785265724,0.49603785501622155,0.15967781764603117,0.17066596992185767,0.0,0.4775905023539804,0.5547376261532388,0.2236196036512033,0.5070543486550452,0.3850810323518376,0.3193555420422358,0.46608119976720663,0.23396844923014554,0.2056314171739316,0.5450745618542225,0.6565776550254112,0.2618856906060967,0.3612247391645439,0.5036476708056556,0.27867767201316856,0.39456746630426576,0.5602202555828202,0.3784614341471845,0.20592342334796326,0.3634534733201801,0.29027719662359214,0.43046608826828164,0.4935784989682838,0.34705142371282716,0.4971620929354742,0.0,0.0,0.3085924508490738,0.6264070584014076,0.4063877736505611,0.0,0.0,0.0,0.0,0.0,0.0,0.0,0.44705324439134375,0.0,0.4163110238415601,0.2843060770884473,0.0,0.5914592358784894,0.4003283007124724,0.46558636119716096,0.2691957619215456,0.0,0.0,0.0,0.617835167049237,0.0,0.3672241614680246,0.4021288088905281,0.3932175881437663,0.0,0.2388276451455,0.4820542071308525,0.0,0.4698497302661574
0.30219511032941476,0.16542103420140747,0.49857683602460057,0.46805307212040337,0.33598840522645684,0.2918738083638821,0.29782922016311963,0.6716232712991228,0.5502301900248192,0.19621867531722986,0.4104043482267723,0.34982847969484704,0.33764935643776883,0.48042718731154566,0.29538437793058836,0.40790185721454886,0.4775905023539804,0.0,0.47038214461757805,0.22702993799986126,0.7273921600229785,0.164715243127688,0.49610953224256904,0.3283593592321876,0.11466438817028468,0.23730846881695167,0.4325934273508885,0.25769766157166984,0.2975914074213649,0.5867048886708246,0.3530546929656177,0.09091850410174013,0.18302249010240773,0.39979997825329083,0.2556797482575695,0.594226060592479,0.4069355655006295,0.21405875592620113,0.48149908353539084,0.4988620729946672,0.42758276055237093,0.4908350276172885,0.0,0.0,0.3033350560951076,0.37648588611768713,0.40837149383375765,0.0,0.0,0.0,0.4162544568313121,0.5090574123548899,0.5855685544277291,0.0,0.4461635028167843,0.0,0.3640479619336424,0.4213267812991017,0.0,0.26050425452697695,0.4361985318659477,0.5113728694718718,0.39462242177771234,0.0,0.4360016281499894,0.36451831359690323,0.3269004060927072,0.5008773436408949,0.32174537931912894,0.4369567378603871,0.39418465701859995,0.37240032953174274,0.6363994501975749,0.3321954582264406,0.0,0.47208204665150144
0.0,0.4817822858961738,0.3933219128025983,0.653125930436547,0.6881945477247897,0.5281600599320977,0.6331658216934901,0.2915126829291643,0.3819000288401941,0.5470571665342601,0.46767158601959835,0.5655095199424971,0.5965766092839551,0.38954123476736885,0.0,0.4592693534351232,0.5547376261532388,0.47038214461757805,0.0,0.5253164136651552,0.5114834847254881,0.45339178603984537,0.2758561678348172,0.3659978463417408,0.4271149201781359,0.5030226004081217,0.5173805426306518,0.5866869455293916,0.48710334596377103,0.5015016565161647,0.5663253025338315,0.6090145480019113,0.4335213764522844,0.5734939919568007,0.4102469722759308,0.6619213179931356,0.5516741968175198,0.5692294826869182,0.2800104605711894,-0.48294791528903175,0.025034141518666897,0.2731429667178369,0.34707450502619697,0.25868257756921337,0.003974662942339004,0.0,0.0,0.5129073478874929,0.0,0.37604261839691167,0.36363474241766397,0.45848059017606735,0.28975572956310713,0.2867648878224547,0.6240891555414405,0.7677849937666832,0.24682352277790393,0.45275087927420044,0.1577188333500723,0.0,0.0,0.0,0.0,0.6853916888425999,0.4786806385226887,0.0,0.49519850674643506,0.5170639180230076,0.0,0.0,0.0,0.42923732412379567,0.40839924250831444,0.3233564857657352,0.4728345379069604,0.2879183125011746
0.30631169292885096,0.33237024852981617,0.3356607456922891,0.6793643355777705,0.39225811075422967,0.16847741884777415,0.3063797460475063,0.28937079570947155,0.3807320671205777,0.25054732496966625,0.45947890882965764,0.4124855498641935,0.3033488895823183,0.23222517587937297,0.30540561905792385,0.3608145165091204,0.2236196036512033,0.22702993799986126,0.5253164136651552,0.0,0.15283111978057412,0.19677206091092098,0.32443565342917696,0.5640688129139252,0.3292188811031912,0.4815825984431662,0.32518789902874196,0.30613541611307904,0.36574517373391546,0.3819221634188462,0.437527577546515,0.367086476575766,0.4307391868220405,0.5610069683715817,0.5323525318650413,0.6436934550272351,0.23945044139984564,0.7907858465611954,0.23183143782919838,0.26272952102902153,0.3749105477031587,0.2456935790469097,0.3929136023600457,0.4221118532702205,0.3528921327041211,0.6949042502658394,0.3168592308764736,0.43425839599957616,0.0,0.0,0.21235168112189493,0.38803614836552724,0.4171794104419341,0.45842509317394253,0.7927787761310077,0.0,0.30924624022055913,0.31988704247490113,0.0,0.32644801457583106,0.3017434452645146,0.46805701749850237,0.32464327038192253,0.0,0.2575900127847574,0.30517175062548496,0.3597726143644313,0.22178772702262717,0.0,0.3358991261293217,0.39450830895843136,0.13348260651849897,0.26158997317961774,0.2799218152827981,0.24561070271973828,0.2583821655437507
0.40485182636382044,0.5957409520699399,0.38626539001438887,0.45089351271427425,0.37651780688227743,0.5403727613435488,0.28030359649070496,0.560971762075729,0.305976703302692,0.5850066988470906,0.4176781598363296,0.4981063732500185,0.5929360583222212,0.3945688889466786,0.2610960346794351,0.518126846738693,0.5070543486550452,0.7273921600229785,0.5114834847254881,0.15283111978057412,0.0,0.3289129498498036,0.4559213402562419,0.3530705597898419,0.49456837100336726,0.729302898550386,0.3384155422493368,0.46091851454272714,0.43637290981607824,0.5836033559645429,0.6870280758796384,0.5492899096078194,0.7051085416788213,0.6264013828600796,0.6584322912889528,0.29886347072814207,0.25580131941570905,0.7328763867235606,0.49159317511458667,0.5818796958900027,0.4655717758618142,0.3080088489035688,0.3071294707816085,0.0,0.0,0.45675940032990636,0.4868597290870412,0.6160132598984975,0.0,0.0,0.4074318466353585,0.41705823953335064,0.5116466038197218,0.4169459501363182,0.5450551152739714,0.0,0.8168057081897859,0.4616631958380181,0.0,0.6979268911140027,0.5245419048800559,0.0,0.4697831688511526,0.0,0.462306650560854,0.9927724846915296,0.5767757635009577,0.47553051647871225,0.5483377795590022,0.37737813236275164,0.766429596811903,0.33991368232981056,0.4994127122961172,0.5077998659926131,0.40037925187499307,0.5183941509633048
0.39853133254230916,0.24240488753448503,0.4665780522966517,0.5369174493276381,0.3183711001653322,0.29049615395979717,0.3752249530229045,0.19429125548751403,0.44990893570657264,0.2590532046003194,0.4362437879240445,0.676145956823387,0.36258296793422107,0.15406610977895507,0.2820937060749519,0.13783318146032097,0.3850810323518376,0.164715243127688,0.45339178603984537,0.19677206091092098,0.3289129498498036,0.0,0.6271748438947726,0.24986680919980414,0.2768800557835318,0.48822898793295194,0.22538807379548767,0.4817522136170219,0.17182206393223232,0.382394692611452,0.4925313626094508,0.4657960703218107,0.3389271908140202,0.5516911498331456,0.5241299854351495,0.5352442026653954,0.6035570016512225,0.7117013533661957,0.2641573964066801,0.3078789417501361,0.37615150768564537,0.3939370589049307,0.5207380811732034,0.3260896483947059,0.4184231557229423,0.49106954171652906,0.23051555715259284,0.4634648839021426,0.4795169116288059,0.4002228760298231,0.3496419558960895,0.483217507783421,0.5714151486337538,0.554210645042811,0.3925410738522406,0.0,0.44089657442958224,0.43855705694861147,0.0,0.4676799486677851,0.36468477209451566,0.26022173312889607,0.4699916885835511,0.0,0.2888822811318036,0.5085242962287225,0.3086593924848622,0.3169857328997056,0.4591359524325929,0.36089965241797883,0.38091650813445216,0.2701062416138172,0.44668660415171313,0.35885922587340047,0.3898775913004094,0.2934197896024572
0.3339434204745157,0.517728745025452,0.33833247151146306,0.6557978042605036,0.3396154399690011,0.3495748343157785,0.4934814781583182,0.43126253830396305,0.406989565390717,0.3031903052866938,0.23521635526642148,0.27244630130525405,0.5151358967598536,0.5175567388429325,0.4565303510730341,0.5490270015769985,0.3193555420422358,0.49610953224256904,0.2758561678348172,0.32443565342917696,0.4559213402562419,0.6271748438947726,0.0,0.18663099641362818,0.4714986620410549,0.40724340730090564,0.334965213635143,0.40498604924188,0.3650672545900419,0.35329290535471025,0.4734158960416769,0.43590930901308467,0.5333801493513226,0.5195999346074692,0.48541208233605676,0.480935564706622,0.37623035597131993,0.15983482258996218,0.40651525360602947,0.3946623561318088,0.4163552964844514,0.38842958152142126,0.5321223599405578,0.4457544541621774,0.41983898459544833,0.519554476798723,0.46444695289939797,0.7083102178707599,0.2051442482734099,0.40672788995291154,0.4157921308356216,0.38731490310703026,0.5484236854110773,0.5506935800176977,0.4239282426982783,0.6660248016526719,0.2739186979059245,0.3914616537651101,0.6288138935233397,0.3696440649161359,0.49694530653632224,0.4743420021805084,0.3103797965772024,0.730090838055295,0.31684787866619846,0.573122814461825,0.3691791714804239,0.6208852749516393,0.36615697897051,0.5417439577225437,0.3546978234301338,0.3334277238841177,0.3820089294052029,0.3636966663609249,0.37430903883849576,0.45654610396147965
0.581072394410152,0.3076966387559671,0.36496308982128256,0.2948431703113647,0.3362227846583863,0.05975628113807793,0.12127026774340838,0.31228678371143265,0.3751680379068476,0.3422056361308636,0.4014615590807913,0.18641996136750968,0.09316992029304427,0.5306499784723082,0.2217046919669243,0.28172795598906225,0.46608119976720663,0.3283593592321876,0.3659978463417408,0.5640688129139252,0.3530705597898419,0.24986680919980414,0.18663099641362818,0.0,0.2913576389143324,0.19957129215211877,-0.05615601021491479,0.03154088255819715,0.5821474422853858,0.6193502307856609,0.5944712539488229,0.31820519926837015,0.2670183474662169,0.3547961585863083,0.7729510480632495,0.34236815782106966,0.19792042739301632,0.28680986197773817,0.25446275100221233,0.6407167693588816,0.06687422871067872,0.6897984027050665,0.3527361077562735,0.33048650774226296,-0.1546902036583765,0.30093792144386744,0.3158603629744434,0.0,0.0,0.46707056075896586,0.4756592875998785,0.38315332867108576,0.0,0.324556833290074,0.3050588002129936,0.4960173378920048,0.4717486051823293,0.37690655125210504,0.0,0.3632555202051948,0.23345292999256356,0.4147461641847692,0.3644093393215817,0.4746085316589519,0.40947837976309875,0.40338141734359034,0.24350854375698158,0.648856304082116,0.26842528178534414,0.36283591125045656,0.3712275522583146,0.35410811863420744,-0.034419121055417945,0.3621093348426972,0.0,0.44473155488482197
0.32472378460440726,0.24390304549821826,0.3299979937046427,0.8095073970782107,0.3711020648526897,0.35487967344526633,0.36957958422394116,0.5972596871804627,0.32277014523824143,0.44595353108660063,0.5561556981552176,0.19905334777912853,0.38599725513307337,0.39356796764057617,0.28028396833833347,0.2358016861439985,0.23396844923014554,0.11466438817028468,0.4271149201781359,0.3292188811031912,0.49456837100336726,0.2768800557835318,0.4714986620410549,0.2913576389143324,0.0,0.09563324131653078,0.38430328963729243,0.3272043349024638,0.35006859603775775,0.6088483733840402,0.38711115555634956,0.06151752224373608,0.194080087323468,0.29416049767740826,0.22080010412910367,0.2788550192333716,0.36729718328392225,0.3635887607705174,0.5599666572171829,0.5530125690981523,0.46025008945319645,0.510823330885716,0.36303144840985,0.0,0.2718614666372164,0.47539866803023534,0.46301952817745307,0.0,0.0,0.0,0.31742758570127116,0.2977531082656123,0.3299844190398826,0.42492733142719813,0.386457069837719,0.4708576546001913,0.397876218192781,0.24024876632682746,0.0,0.4005101716945887,0.4787946713690754,0.47625826738125887,0.43271952782640977,0.0,0.47349160596362105,0.39277587493456445,0.3644017191109998,0.4465436141188361,0.281608852006747,0.4627738149726093,0.36116216078242014,0.39609192508909674,0.46255518207673296,0.25440194738742333,0.0,0.41214427179367163
0.35247363637434037,0.11563186972276351,0.2792633259311911,0.44947641248990067,0.3999207750036694,0.552150222030148,0.27624540021969507,0.5039956103883998,0.5007781856883202,0.42331058164385216,0.5928440674541482,0.21273935876166702,0.38935804794736356,0.41072234214652015,0.5676475595876573,0.40909630735300706,0.2056314171739316,0.23730846881695167,0.5030226004081217,0.4815825984431662,0.729302898550386,0.48822898793295194,0.40724340730090564,0.19957129215211877,0.09563324131653078,0.0,0.5008862131140926,0.41167725334667193,0.3941331541628914,0.31362192306111414,0.3993392821382298,0.5230256176267591,0.34377573541704404,0.40515739198444556,0.5974439393428665,0.5409366107790273,-0.00041026099674104644,0.21829007276662504,0.39707972019068283,0.4415673084196132,0.5024060258026701,0.3791512015311986,0.056544583636027546,0.5136756977394279,0.38215283387683685,0.47168049653339084,0.507823741053404,0.651705689319884,0.0,0.003685249535757173,0.44651360706749915,0.3560516624378763,0.42982774540909263,0.49899474227425933,0.30276597315820125,0.0,0.3425277983201068,0.38598069025262294,0.0,0.7294850316781984,0.5097281079876135,0.3545921940857709,0.3590910042256741,0.0,0.481015144015854,0.7549564228474919,0.6528600862243719,0.47541568989812477,0.2819758621892341,0.39418635221488874,0.42647139254065314,0.45068603907893223,0.37325803992877765,0.36630513405508036,0.4814712396354984,0.4133359355948128
0.2282810337105954,0.359640778735001,0.35327618428610325,0.5037238755990797,0.29337177694789207,0.2808612945086122,0.2656356737963762,0.572575767211582,0.45336052696953905,0.36330635505223635,0.5151745146227233,0.3347847589889322,0.4171428969266377,0.5033244707999175,0.47370708621935304,0.41728440113124393,0.5450745618542225,0.4325934273508885,0.5173805426306518,0.32518789902874196,0.3384155422493368,0.22538807379548767,0.334965213635143,-0.05615601021491479,0.38430328963729243,0.5008862131140926,0.0,0.3766999911381923,0.3423702637235969,0.2729540546192067,0.31785743038040337,0.32393509094122197,0.48456664930192267,0.4182410096602367,0.5142087080072124,0.5096710614748837,0.3266209155925114,0.359931882933786,0.3263156265893158,0.298951524976383,0.38258879767855347,0.2743925039604811,0.44272210367416254,0.24236925113767663,0.05603894800646675,0.391375259125395,0.3241505030283011,0.5003902312294006,0.3125381369611804,0.4231173864911062,0.3602431923104009,0.3652284408287474,0.4155118680001303,0.41479562611808685,0.41191976473379854,0.5747666729061379,0.17396842717019517,0.3872207513019663,0.6568154112804869,0.24714846350711003,0.43640898581537335,0.0,0.3834098482087585,0.6594419050366322,0.22173070554183472,0.34391839689979437,0.29291135875219115,0.3579081290838779,0.0,0.494317092248375,0.2838719536731731,0.3164852802402613,0.338379144688904,0.22455717837802797,0.17189546688770585,0.38684250532859604
0.38224037580732156,0.4875226208585054,0.5243598557430484,0.3194247148211134,0.6262107469789366,0.46451039555052176,0.6991036213525181,0.4655938734137118,0.4964886716763625,0.4361610894617592,0.61501907353424,0.20118471613090705,0.5415446800963111,0.6819616303591529,0.21358714296589773,0.4340358021003038,0.6565776550254112,0.25769766157166984,0.5866869455293916,0.30613541611307904,0.46091851454272714,0.4817522136170219,0.40498604924188,0.03154088255819715,0.3272043349024638,0.41167725334667193,0.3766999911381923,0.0,0.5626170886444215,0.4721158580836329,0.5014129773711705,0.5426520777880408,0.2656323910761852,0.48309761383454997,0.1610495897814598,0.5641521920933974,0.21871928672486504,0.3401669931488902,0.4009878041495366,-0.010349568104599138,0.18262158709832332,0.2455111486423788,0.24964675751852933,0.226971187522882,0.3823732832539515,0.5187564375458834,0.4424769510811085,0.5468173507474756,0.0,0.6373225285566531,0.417950673489912,0.2726276586514621,0.41743553918953513,0.4470159352912526,-0.1164103051047094,0.4374889569888408,0.19033859395316371,0.4606750998977307,0.405103723183571,0.2755658057528035,0.3647712568488973,0.34984298038002043,0.36739999605484863,0.6110416926343084,0.34113109630294886,0.5018531257062524,0.38636532882165187,0.43605436868291597,-0.29158582989390214,0.3583109034486833,0.18317462254778033,0.38800022304482673,0.48792780792173773,0.34208710611516857,0.36915387852983184,0.5235924916955269
0.5695332038781242,0.34040798016715484,0.4066283224922822,0.8515799918570532,0.46644073654293455,0.39693080844483364,0.373232974759005,0.3929862732431213,0.34039350818782155,0.3431973780368015,0.3691588301336336,0.40424412954197364,0.3063158295596383,0.2056772101034032,0.2998038474351697,0.37027632028117446,0.2618856906060967,0.2975914074213649,0.48710334596377103,0.36574517373391546,0.43637290981607824,0.17182206393223232,0.3650672545900419,0.5821474422853858,0.35006859603775775,0.3941331541628914,0.3423702637235969,0.5626170886444215,0.0,0.44447137590107855,0.3616887377296927,0.3173744496173746,0.4312046408104827,0.5228726076555903,0.43888290065950264,0.50664213227482,0.2531062979112484,0.5039501225889548,0.33739883666287396,0.3027311257063807,0.3944715257288274,0.2428454540968492,0.40838946819034166,0.4179511265947861,0.41309568941260044,0.43981219804017796,0.3775751975657261,0.4178628895481123,0.46925375360115784,0.31457805445122544,0.31622584556987055,0.37459730917207024,0.4091890841431661,0.11031276959888359,0.620806042135583,0.27679393581894096,0.32049447927588853,0.3554523929175406,0.5709858992950292,0.2818152326036271,0.46760324499355366,0.4828831381054751,0.4583095099419153,0.4084477137453171,0.28908196744660203,0.356095072072944,0.32113513638125724,0.3363687885755919,0.4800903259075544,0.47062567643421893,0.389935140464311,0.23443216356185556,0.3936145198165672,0.30969261447375124,0.3083322661179342,0.4140974938985563
