0.0,-0.02752951568596107,-0.04231747353885401,0.0,-0.030650228125807644,-0.05987720308068173,-0.04494267399686147,-0.041893085724457324,-0.03559980723264272,-0.013245166183465162,-0.033694303633870604,0.009804483059462799,-0.05019413235592651,-0.04618272207913077,-0.04717525962087937,-0.02569959448690312,0.006209572731260715,0.007807868700601017,0.0,-0.051439396843983354,-0.025471657098117217,-0.035629997347786324,-0.05417565681606751,-0.006419538710981887,0.0009987181743706386,-0.005965934161118014,-0.05795018731650603,-0.05714855501829319,-0.056981661941477746,-0.04751691533038743,-0.04290551141032328,-0.026679571550444814,-0.0017203254311977667,-0.02464547656231858,-0.017105744900418107,-0.03208730594141479,0.0003426846966381736,-0.01178675760070197,-0.062054593961231475,-0.012174578098051392,-0.041623858052145135,-0.05073021179309334,-1.211273755880038e-05,0.0,-0.013338416752287807,-0.02706104767139811,-0.029167721427865834,0.0,0.0,0.0,-0.033219523688651054,1.1102230246251565e-16,-0.05453684152778049,0.0,-0.019757200585604318,0.0,0.03406303905351049,-0.02375879967793232,0.0,-0.030172441841335884,-0.023377932597682782,-0.023456014925630098,-0.005986249409138333,0.0,-0.030073155340506807,0.009496274905136881,-0.05771007767527836,-0.039381208535927525,-0.07800416727874221,-0.02195517755697829,-0.02993450133389991,-0.023373580617172485,-0.00017394603001941178,-0.0389743627501406,0.0,-0.03146980247614589
-0.02752951568596107,0.0,-0.05601660681482773,2.414776135756247e-05,-0.06495055004161854,-0.06319331805277623,-0.062420354499765573,-0.01596162296356346,-0.07102285874306041,-0.013854769314985582,-0.027370288413674282,-0.012904633367858132,-0.06074184914934999,-0.007588325932015805,-0.03563460411154129,-0.03200519571613447,-0.04779661098891297,-0.015611179371137318,-0.016611320237767457,-0.03737089662471044,-0.036780636942818745,-0.015409601969309294,-0.0537963497092776,-0.009118140410651232,-0.015224866980540597,-0.004912546284615238,-0.046339465087317455,-0.05799692989872057,-0.04217725355514873,-0.01919010923262693,-0.044218600237532435,-0.03284908166345735,-0.018681253937076703,-0.04150733973489856,-0.03310536635664707,-0.037625074832150274,-0.001013088646037441,0.0,-0.04643792642752065,-0.016620594698789126,-0.03980407648292833,-0.04684591587939135,-0.009885975405720615,0.0,2.220446049250313e-16,-0.028917231622920037,-0.0462215933289033,-2.145756247728947e-05,0.0,0.0,-0.07131690044811007,-0.0650814670249184,-0.040734024720852025,-0.03922321255754352,-0.016406192457759927,0.0,-0.03275459814310333,-0.05970361015342773,0.0,-0.05189445164196693,-0.04011491632375608,-0.024344441184074694,0.004507380900826696,0.0,-0.04676901605492295,-0.04125819671277836,-0.05223630903264859,-0.049136063754180614,-0.027196352803566637,-0.009159626377992447,-0.04390391771221841,-0.052757271476490564,-0.04636280774580814,-0.047294103544971655,-1.1102230246251565e-16,-0.03283809386522246
-0.04231747353885401,-0.05601660681482773,0.0,-0.04923290539383052,-0.006662873439057138,-0.02648784316520636,-0.05581848824169616,-0.02252601206351451,0.02689341086366487,-0.041596637176919304,-0.018054560194496305,-0.04493525455652292,-0.06710425429072181,-0.02674693550463625,-0.04294762126924079,-0.03932499546581969,-0.03364326538772294,-0.029286656581753057,-0.009530669437606165,-0.029118152484390925,-0.052225879261702135,-0.05089495130567151,-0.04402668990034708,-0.02796970951620198,-0.06457413897906167,-0.052531498951489286,-0.0009412043223159805,-0.07079829548724315,-0.03352903014719705,-0.08896479824025699,-0.07172642253206213,-0.056592848997370104,-0.02625590782629339,-0.05245064259371518,-0.040973177627663226,-0.0507431902292238,-0.053886655100255476,0.002769220715871712,-0.08249748242537075,2.4807414700234176e-07,-0.03280173870471914,-0.02885630630186692,0.01919849284596903,0.011058358561599091,0.0,0.0,-1.0545161333086472e-05,-0.054282343613165474,-2.7205532325824677e-06,-0.019029003536467304,-0.020533644829384246,-0.04031067560330215,-0.005308501550806088,0.008665603606544448,0.0007569342677422042,-0.048502758968553716,-0.029791652211528297,-0.03920781210636254,-0.0035842674604871227,-0.00011040219485070057,0.0,0.0,0.0,-0.10303268374822139,-0.019512441422436688,0.006512373215111333,-0.0002243829523972951,-0.019701163110947828,0.0,7.001226618119638e-05,-0.04872587661455313,-0.017898181213734876,-0.04155157717755348,-0.024903285508959705,-0.009319228836548343,-0.043515378697999485
0.0,2.414776135756247e-05,-0.04923290539383052,0.0,-0.027146039179127168,-0.052622703325776454,0.02171559625814401,0.025817708752706392,-0.054755603173330725,0.027349891489364397,-0.02729213369881789,-0.012744655201587907,0.028132965276302102,0.006230452784464713,-0.03438298179879734,0.0003207756725885358,-0.004788644868996439,-1.2388553384590217e-05,-0.062248895992633946,-0.0311281661300295,0.00015496077958720988,-0.039444621414752246,-0.04510506322503183,-0.01015116324120724,0.00046224106049846947,-0.03209869908535923,-0.047391541434328666,0.04957191827096441,-0.02202667288611021,0.010714320834249502,-0.013688141738813886,-0.008861477000823459,-0.027934274270619064,0.03764494101093002,0.0014502882408909956,-0.0038870582656098662,0.026270826613234377,-0.025033510274179882,0.005504410909580371,0.0003294714213332717,-0.023307344935346086,0.011660346200683458,0.012051324402351016,0.013193715993175648,0.0,0.0,0.0,-0.0004936965036451135,0.0,0.0,-0.0761500366016461,2.220446049250313e-16,2.8352854076707512e-05,-0.00023245527833437585,5.551115123125783e-17,-0.011271315118081437,0.010974730049881254,-0.00027276755550409426,0.0,0.0,0.0,0.0,0.0,0.0,0.0,0.0,2.499868970107233e-05,-0.060430607412075066,0.0,0.0,0.0,-0.058047645749482124,0.0010849535398496646,0.002419585654540979,0.0,0.0
-0.030650228125807644,-0.06495055004161854,-0.006662873439057138,-0.027146039179127168,0.0,-0.00672546140215613,-0.01307740153439968,-0.0556006185524911,-0.021720974719364183,-0.06133952939711029,-0.02921637654942394,-0.02539120944012946,-0.027948807864552727,-0.0441906176666752,-0.02323383300716847,-0.05645099647096019,-0.04252894654246958,-0.03955921228337228,-0.041385047264639596,-0.046186303117502714,-0.05035441029010418,-0.037840667175460085,-0.06664876257540003,-0.07888432919478822,-0.05415684834660378,-0.0669976206960009,-0.015184759408057913,-0.02371273538134344,-0.05330160456265515,-0.023178381981047713,-0.07940526034711032,-0.08682424747567086,-0.025474460458369708,-0.05655513442284721,-0.04783708335890752,-0.02306331810517695,-0.05389084322998322,-0.04222060459307425,-0.025642136933458903,0.012521947384540766,-0.004120419415315546,0.0017222760392524017,0.011323231152037094,0.05078404687624327,8.01397917415958e-05,1.1102230246251565e-16,-0.00966634519526921,-0.01183768738970703,0.0,-0.026453420705388087,-0.03770044658491467,-0.05973496911945009,-0.04818293716941113,-0.017907840845867162,5.551115123125783e-17,-0.043701211953813046,-0.07975370573111784,-0.05472366949610019,-0.02471081141083209,-0.00527295378236442,-2.3775905646394868e-05,0.0,-5.551115123125783e-17,-0.007272886950669799,-0.04674443093012126,0.0001520265987667857,-0.022958868881334416,-0.043348137662390596,0.0,-0.029248570985360933,-0.01763706751340305,-0.04911043356410921,-0.053768325225542146,-0.05603062458057395,1.1102230246251565e-16,-0.06578593243383701
-0.05987720308068173,-0.06319331805277623,-0.02648784316520636,-0.052622703325776454,-0.00672546140215613,0.0,-0.03493950035325327,-0.05648864407465698,0.030027760859620112,-0.0709834769161472,-0.009633570986966655,-0.10001592482368965,-0.05498647611952484,-0.023583406628072234,-0.02938660236255647,-0.04757820321623374,-0.025679644830708226,-0.03054875965252457,-0.024386341043794835,-0.05178631284635027,-0.04176324924677721,-0.03314733209046056,-0.0474505998153249,-0.06933638867274061,-0.04704217802938182,-0.05116733176834576,-0.044988859546696514,-0.07421854587239346,-0.0038336432681466692,-0.055235517554166225,-0.06207693671099035,-0.04680862033777611,-0.030643219576307834,-0.04843239539271088,-0.03483386284316681,-0.06235214584846133,-0.05203484235225375,-0.062054998794833616,-0.07522983932572586,-0.05265197720508491,-0.047812740281516,-0.04326412390068124,-0.019127120853366597,-0.051554182487035305,-0.023524118709258912,-0.0441647817700187,-0.041896652829512104,-0.023108006114526902,-0.024596538641357413,-0.0363006680740689,-0.03892315359088816,-0.06144059137263502,-0.06438531454103713,-0.015039030152874666,-0.02755337373723188,-0.0035317323319797866,-0.03906012599961928,-0.06252225997380095,-0.032785951790643086,-0.06260629971535986,-0.0376867027149142,0.0,-0.0350644865368786,-0.020556706295074667,-0.06852144122975451,-0.09663077621969107,-0.0490890379273865,-0.04573674808362127,2.1019546725009608e-05,-0.037603295009219606,-0.039349349854896576,-0.049832231003868355,-0.056142449487525115,-0.053075781407671385,-0.0666343794563255,-0.05091232010500302
-0.04494267399686147,-0.062420354499765573,-0.05581848824169616,0.02171559625814401,-0.01307740153439968,-0.03493950035325327,0.0,-0.08176624899438617,-0.028734999171420528,-0.03369861947684338,-0.05456770172182995,-0.038264430925188164,-0.02010789354609538,-0.04728571056807923,-0.05733006743420671,-0.0522694604430643,-0.04255879419693387,-0.03744266530727569,-0.0689446531642256,-0.05406791811544315,-0.0658467676128629,-0.044390502180790326,-0.08171834631570463,-0.01623053168485339,-0.04385175848094114,-0.03757252263525346,-0.06109234472734093,-0.023587303673208437,-0.05925753037206938,-0.05865716261501369,-0.0415042828827385,-0.016842240493083693,-0.005605093909330117,-0.01182147217345303,0.012977754766542837,0.0048225494696207405,0.013988882686431281,-0.0075404091739461054,-0.04385760484104573,0.0028290425184236967,0.0018332828733801376,-0.002426170467284494,-0.021450753015734736,0.0024399838266160323,-0.008582168192300843,0.0,-0.04266995193360773,-0.05824813465580625,0.0,-0.06747243858602309,-0.07246784436878811,-0.08453609940277623,-0.08466202377014631,-0.039926898656459264,-0.009763931395504855,-0.08728307609434927,0.002147799018163643,-0.08383709647956789,-0.010133339907734684,-0.06144775484511039,-0.03348866187300348,0.0,1.7196194031676715e-05,-0.04004851736401732,-0.06628818261678243,-0.06894161415171407,-0.028623396140203705,-0.06973456950168683,3.821839904061264e-05,-0.026879586792301513,-0.03703509445170633,-0.07065518359012402,-0.06680501560018726,-0.06291875939872404,-0.015242954750074866,-0.07547985372787097
-0.041893085724457324,-0.01596162296356346,-0.02252601206351451,0.025817708752706392,-0.0556006185524911,-0.05648864407465698,-0.08176624899438617,0.0,-0.03279481734910239,-0.06320978088230367,0.008664410373503129,-0.03231339733153782,-0.08497214184271068,0.012289286850745373,-0.025446353089286555,-0.03348746412797382,-0.0014345865258292845,-0.020073183194720068,-0.023900876371429125,-0.03127584633262809,-0.019186415466621753,-0.02554404005494454,-0.03803214426323659,-0.031093442109664693,-0.013109202467436132,-0.027146843026490897,-0.05864432450524759,-0.07670118781725138,-0.040136070499486365,-0.05660368305733843,-0.07431843641136215,-0.023585544519865054,-0.01762208836301865,-0.06343894037433256,-0.05399892825845315,0.012736258255599597,-0.004558038094262251,-0.05413085835595505,-0.06267695430204306,-0.044086793843875205,-0.03859256845692516,-0.026094737782169863,0.05416399636906222,-0.012696689723428134,0.0,-0.01590459658061316,-0.0318074890649333,0.008131795167458877,0.0,-0.028484980636688584,-0.02229688328030216,-0.05024734450142537,0.04389354019487168,0.009431687788607479,-4.9770922685488106e-05,0.001531065235343132,0.00010284707654772962,-0.06734249387635183,0.002848773293614215,-0.029624835528844817,-0.02363475536432541,0.0,-0.00021377761841739895,0.00885073412950066,-0.05634065854907239,0.052890079983505756,-0.04425657659296134,0.0021209996925895536,-5.551115123125783e-17,-0.03364926194046103,-0.03806905246208697,-0.030374206223183098,-0.06235443758701581,-0.06882951519186914,-0.0286528908017033,-0.058720326972246495
-0.03559980723264272,-0.07102285874306041,0.02689341086366487,-0.054755603173330725,-0.021720974719364183,0.030027760859620112,-0.028734999171420528,-0.03279481734910239,0.0,-0.07573678819477075,-0.04638264463070946,-0.05078563825252813,-0.03980714924340084,-0.010950990072110589,-0.061316244936996334,-0.0620103134421045,-0.037062248325315905,-0.06625870481269486,-0.023130800365561976,-0.07220002300614403,-0.05899836700926542,-0.045586003537433695,-0.03257515133191291,-0.024462046536291193,-0.056898332654358896,-0.07341604036871391,0.01322894351349424,-0.07399892444264433,-0.05348565046437531,-0.06369585215202506,-0.0853046961608604,-0.057765317973320296,-0.058589972094856,-0.06998601479056887,-0.050093239440515636,-0.05814004525899241,-0.06208681689609824,-0.058597234741558035,-0.09907748327259075,-0.0037619853429919914,-0.004697835260549399,0.006823278726273363,0.0018071943645575073,0.012802176911923813,-0.019431507545136673,-5.551115123125783e-17,-0.026733133016347277,-0.005315427460328537,1.3069665293352628e-06,-0.02763860498309001,-0.023330456999712923,-0.051539247845219904,-0.010734489015833848,-0.017394930626711602,-0.028983663301469065,-0.03614276226651125,-0.04526666019007125,-0.058383078919832576,-0.01935621606527138,-0.03235267047140089,-0.01826627320266372,0.0,0.0,-0.006269064791813994,-0.10068544703404692,0.005672134533943496,-0.06078710648353769,-0.022560710370608028,1.6085259020637288e-05,-0.014868820719564801,-0.04079693522116079,-0.024305099207019842,-0.046393950998215805,-0.0351867715027423,-0.02739684413962651,-0.043167464644029985
-0.013245166183465162,-0.013854769314985582,-0.041596637176919304,0.027349891489364397,-0.06133952939711029,-0.0709834769161472,-0.03369861947684338,-0.06320978088230367,-0.07573678819477075,0.0,-0.07222262851891509,-0.0049278332181345585,-0.039125898832409745,-0.012159856761614407,-0.006292904938387356,-0.014233156385886014,-0.023382079334977435,-0.022273316545589117,-0.08180087785692192,-0.04719547781209521,-0.008833085630899573,-0.028606786285570618,-0.05971408216007429,-0.009830796399936115,0.0068880021015407245,-0.0078895913199713,-0.0478236953494241,-0.03265103572736239,-0.05074462036653471,-0.038211289213398,-0.02442327988883658,-0.0013038881252906975,-0.007667747707811257,0.0003423042805458243,0.0015552218455132105,0.014104723218574144,0.019588556288111625,-0.006815749860117404,-0.021022710142749645,0.019934137779995975,0.0007740542413268159,-0.0480166445369582,-0.023531396858022968,-0.018376962180399747,0.030662773439430524,-0.05721125940817828,-0.01871800185313005,0.00014279715363707535,7.42113700885616e-06,0.00040212858049920586,-0.03961460986216675,-0.02171516175512539,-0.002338051220948656,-0.010185604117302405,-0.005794258579751688,-0.05008588774729844,-0.010313062942246709,-0.03255695869417713,0.0,0.00038249969876313905,-0.022675566686713444,-0.009003325636372905,-0.03132189686742737,-2.439366623752104e-06,3.963354352592985e-05,-0.01609924875229174,-0.006431301742884865,-0.03445663012928746,-0.003590988065717282,-0.01687157603725531,-0.013528814019581725,-0.07065179853719206,-0.02764927634707498,-0.050329580531653983,-5.551115123125783e-17,-0.012508181596669332
-0.033694303633870604,-0.027370288413674282,-0.018054560194496305,-0.02729213369881789,-0.02921637654942394,-0.009633570986966655,-0.05456770172182995,0.008664410373503129,-0.04638264463070946,-0.07222262851891509,0.0,-0.04954211083276905,-0.06586909664659657,-0.026087259208080804,0.0,0.00010201081331329132,-0.037149878479212584,-0.031158545769411017,-0.029752351205641236,-5.173698264360205e-05,-0.030267680764691662,-0.019716515440411198,-0.02110464042600879,-0.09422591553679022,-0.034385636464568325,-0.030946203181716314,-0.02113080579720178,-0.06722742326952263,-0.03327451827163774,-0.018911897847280756,-0.09476400505973048,-0.05283447037757888,-0.0308620793447984,-0.07804689862310493,-0.06760990460269162,-0.009160408393487418,-0.06359775919218102,-0.05811920458554859,-0.06661947685050423,-0.0107336973264896,-0.03549064373372457,-0.010253965817981492,0.06757279357051849,-0.019645505209704373,-0.010932824526962814,0.0,1.1102230246251565e-16,0.04566151237880456,2.530781245124736e-07,0.005484586436678762,-0.03549509565044434,-0.025295007456885343,0.02284474285536725,0.023779621544583296,-0.034989738460430964,-0.05393170587553159,-0.05763563773246566,-0.024840181183689858,-0.05085654738676093,5.551115123125783e-17,0.0,0.0,0.0,0.09358742350588417,-0.01343791294753438,0.0,-0.00010610462267141019,-0.012808195603472405,5.551115123125783e-17,0.0,0.0001254159983079539,-0.015397591306505531,-0.029608672535371916,-0.015104984584349779,0.0,-0.04277522185298421
0.009804483059462799,-0.012904633367858132,-0.04493525455652292,-0.012744655201587907,-0.02539120944012946,-0.10001592482368965,-0.038264430925188164,-0.03231339733153782,-0.05078563825252813,-0.0049278332181345585,-0.04954211083276905,0.0,-0.017092365729116987,-0.055942354249182036,-0.00022633448377490373,-0.002645682075128941,-0.0012390239601722808,0.007658707304008638,-0.02815865676092305,-0.06263277861958155,-0.019799569122560312,-0.03480306263272104,-0.011924490389183862,0.01925085278136668,0.00761480665373615,0.008272202290271091,-0.0331420930972563,0.005739753954929927,-0.05700355931005752,-0.0656721833473432,-0.0026212332729387833,0.027649322068097726,0.040655390296158056,0.020577752762731605,-0.014790772769566585,0.06185428704139545,0.09075227668069202,-0.0052151268392992,0.02988528804593482,0.029275383277965417,0.017153467053613036,0.002075383101403594,-0.02316518987220001,-0.00497283250460312,0.040999378705266765,-0.049672840528494744,-0.021273196489306756,-0.01852021308166929,0.0016581897108275956,-0.006201715666782348,-0.01476604347663868,-0.01005771771330316,-0.00018011748938434602,-0.017136103761380972,-0.003710719021517872,-0.012882425022382071,-0.002810234091645769,-0.03153750394564264,-1.599003116747877e-05,-2.1041725498438524e-05,-0.023587042321852936,-0.013039807703104866,-0.034368011590542036,-0.014713118746090492,-0.01649992441143111,-0.03539372733991891,-0.005566349374570123,-0.024511984192942537,-0.0034349396524217535,-0.01359769348050327,-0.011956304994268196,-0.03235830247946725,-0.03472788326258053,-0.012348522998167688,0.0,-0.01020630827714275
-0.05019413235592651,-0.06074184914934999,-0.06710425429072181,0.028132965276302102,-0.027948807864552727,-0.05498647611952484,-0.02010789354609538,-0.08497214184271068,-0.03980714924340084,-0.039125898832409745,-0.06586909664659657,-0.017092365729116987,0.0,-0.06313564052143666,-0.05515817636741016,-0.05972137801453137,-0.04539498412273124,-0.045459983420733874,-0.08345609599381176,-0.06007795798755006,-0.0735091330101521,-0.05057658160978812,-0.08318511931707917,-0.03985710858840624,-0.04591284487148678,-0.04519186588169227,-0.07018453569072947,-0.02971876537860585,-0.05824848690762996,-0.06554328125495268,-0.05598489556063768,-0.023496987303906702,-0.023293017750913303,-0.03091561151148209,-0.013498779649365245,0.0021669375715113737,0.008812024526992035,-0.018314757370701484,-0.05165970807006298,-0.023581310338997463,0.01812029212222771,0.018007038105081086,-0.027667904270851473,0.04187562143079321,-0.012147785682856349,-0.009902434608414001,-0.03722088118563982,-0.06962139848787935,0.0,-0.08370920924811703,-0.07808448494078124,-0.09231579284247377,-0.08325132915719535,-0.060815429692493816,-0.02138004202406102,-0.10526290948258338,-0.03413620504358955,-0.07894097737895722,0.004639997708585697,-0.06602596753752915,-0.03099965477191663,-0.026436715357933016,-0.026377690237371965,-0.051323776648728114,-0.06258297780474198,-0.09781549100463183,-0.041362139434338585,-0.07778694431209637,-0.0006692640485351786,-0.03501158145858879,-0.0398093111802022,-0.07574806217991686,-0.07037050907399023,-0.07150738817039826,-0.05875822277362047,-0.07024866740061009
-0.04618272207913077,-0.007588325932015805,-0.02674693550463625,0.006230452784464713,-0.0441906176666752,-0.023583406628072234,-0.04728571056807923,0.012289286850745373,-0.010950990072110589,-0.012159856761614407,-0.026087259208080804,-0.055942354249182036,-0.06313564052143666,0.0,-0.016977951089060306,-0.0004885541046062425,-3.400635212347236e-05,0.00010230162309493585,-0.0486499304911589,-0.008686682294814452,-0.03211563626163766,-0.005373156794757916,-0.035856848947617426,-0.022726746085379,-0.0073531922297214725,-0.027537201084388063,-0.030314422222436854,-0.028226988087892202,-0.03328622539227449,-0.008674231462532489,-0.017209464712826972,-0.036066151237699406,0.011124358458134309,-0.019313371152843817,0.0014230749530754205,-0.007060316815973217,-0.0152090488219625,0.005211939377336439,-0.03836167501522375,0.0,-0.011753472401932363,0.00024373610354788688,0.03251274249495656,-7.284850670474796e-07,0.0,0.0,0.0,0.011594248368383797,0.0,-0.008650021818301268,-0.03044079519732612,-0.04093256372454285,0.01999436814946698,0.004722837519765988,0.0,-0.005247927550978082,-0.00022654456846143978,-0.044057463800510066,-0.03513592757892681,1.1102230246251565e-16,0.0,0.0,0.0,-0.004005704536489907,0.0,-1.1102230246251565e-16,0.0,0.004745711532213204,0.0,0.0,5.551115123125783e-17,-0.024206163306194184,-0.0197031718688232,1.1102230246251565e-16,0.0,5.551115123125783e-17
-0.04717525962087937,-0.03563460411154129,-0.04294762126924079,-0.03438298179879734,-0.02323383300716847,-0.02938660236255647,-0.05733006743420671,-0.025446353089286555,-0.061316244936996334,-0.006292904938387356,0.0,-0.00022633448377490373,-0.05515817636741016,-0.016977951089060306,0.0,-0.05954981172033591,-0.027536359284596912,-0.05352410301553995,-1.1102230246251565e-16,0.0013581348620420597,-0.03683921339052387,-0.05598719716106004,-0.09553492055929702,-0.0510858265037295,-0.033932485851823624,-0.02373891643082754,-0.02717103255501252,-0.05648380444767037,-0.029988470495276476,-0.07085321327708732,-0.04458787044003132,-0.039519987880479834,-0.042675312987201064,-0.0331642636311163,-0.03418471730307865,-0.023168728366976754,-0.03238224530931477,0.00010347336986971101,-0.07059482388302524,-0.060408753558882256,-0.060312139670091414,-0.05398719527529827,0.015030009061354155,-0.006977668235911838,0.0,-0.018124328201486184,-0.049390902127727676,-0.03470839235156781,0.0,0.0,-0.05555890121918572,-0.07226889915781876,-0.09658869676945747,-0.011504405838538123,-5.551115123125783e-17,0.0,0.008082125729210299,-0.06509896077453675,-4.148597709252577e-06,-0.03711192387765644,-0.059615451500367234,0.00014501314878867522,-0.049933722393055935,0.0,-0.05834933388410657,-0.07788895134647084,-0.047909639578710195,-0.069303603344258,-4.127715376162078e-05,-0.02661641296472872,-0.031200751946201588,-0.056316146649986853,-0.060473977385204825,-0.07314298567902844,-0.06380922392605276,-0.0677405123381965
-0.02569959448690312,-0.03200519571613447,-0.03932499546581969,0.0003207756725885358,-0.05645099647096019,-0.04757820321623374,-0.0522694604430643,-0.03348746412797382,-0.0620103134421045,-0.014233156385886014,0.00010201081331329132,-0.002645682075128941,-0.05972137801453137,-0.0004885541046062425,-0.05954981172033591,0.0,-0.009924005492178978,0.010596093157762665,-0.0001476756894746023,-0.016968122280940134,-0.05695085653616683,-0.013836258592429707,-0.051018174970137886,-0.016671043513138972,-0.014689209756650612,-0.033224771785545615,-0.043943063417913764,-0.05471368239661578,-0.02728407428985352,-0.03263302154420228,-0.011031721684260032,-0.03153703095993565,-0.026004640567289405,-0.023500720993181845,-0.027575550271872806,-0.004670931489641927,-0.027578052056742852,0.013530158652775792,-0.03281650539875747,0.012254224721489126,-0.009518629448152238,-0.0374045966328761,5.409454881422082e-06,0.0,0.0,-0.014356134211475857,-0.0282301858451382,0.0,0.0,0.0,-0.050346822209001996,-0.020714953011732595,-0.03559349951494617,0.0,0.012721327732267251,0.0,0.0029894450954341956,-0.045011374846040675,0.0,-0.042388756157744845,-0.01285061356013456,0.021096755841337467,0.024201004099420775,0.0,-0.0382295781872396,-0.0567227016607636,-0.03625147076095858,-0.0421832030879018,-0.007024811944317866,0.007597885892700773,-0.015936223685981632,-0.03462928091012757,-0.04628869964391852,-0.04649483483198408,-1.1102230246251565e-16,0.00239172109336655
0.006209572731260715,-0.04779661098891297,-0.03364326538772294,-0.004788644868996439,-0.04252894654246958,-0.025679644830708226,-0.04255879419693387,-0.0014345865258292845,-0.037062248325315905,-0.023382079334977435,-0.037149878479212584,-0.0012390239601722808,-0.04539498412273124,-3.400635212347236e-05,-0.027536359284596912,-0.009924005492178978,0.0,-0.022469495434026432,-0.030253985919248105,-0.037309336441317675,-0.0036390920047741915,-0.02448379225647973,-0.037566971766984536,0.0005147946303881712,0.010616322168428782,-0.008048637358702704,-0.025080710415165408,-0.05461064173468949,-0.04454867795649925,-0.004899040329223059,-0.02370428718747647,-0.04622008141670697,-0.038213547421331095,-0.0337145103920386,-0.03100882471082672,-0.030397948943286235,1.500027231277068e-05,-0.022336560453994125,-0.08392884290079383,0.0037613462131564357,-0.024491146983505074,-0.031055632350580897,-5.551115123125783e-17,0.0,0.006742078522774864,-0.03806095245147606,0.004781966589725295,0.0,0.0,0.0,0.0,0.0,0.0,0.0,-0.00018790416282560285,0.0,-0.008316271833090916,-0.007485531121856903,0.0,-6.0428277881774406e-05,-0.035203410732300766,0.004403973110620629,-0.014285708721858026,0.0,1.1102230246251565e-16,0.0,-0.007730583027155291,0.0,-0.025225719848119554,-0.0009778470820911433,-0.007641114488648348,0.0,-0.01707792184172474,3.2600449946351695e-05,0.0,-0.018094865382348724
0.007807868700601017,-0.015611179371137318,-0.029286656581753057,-1.2388553384590217e-05,-0.03955921228337228,-0.03054875965252457,-0.03744266530727569,-0.020073183194720068,-0.06625870481269486,-0.022273316545589117,-0.031158545769411017,0.007658707304008638,-0.045459983420733874,0.00010230162309493585,-0.05352410301553995,0.010596093157762665,-0.022469495434026432,0.0,-0.025429952811077183,-0.021400520099157383,-0.030664999497004575,-0.010366755240629633,-0.02329603302744554,-0.00024406780564156794,0.005075220704957029,-0.006495553721385994,-0.0297970155586893,-0.0473639400259383,-0.028360330753493368,-0.042452201335840656,-0.03161212077394948,-0.030870911343248764,-0.022749729882036496,-0.0342522917100298,-0.02926809767667199,-0.01674702627035418,2.4999978924356014e-05,-0.0027058929812497357,-0.02911085080182879,0.02991860511712585,0.007313069826640817,-0.026103990977213443,0.0,0.0,-0.002855601388686846,-0.008480065575026119,-0.010477760085091048,0.0,0.0,0.0,-0.015641490409970815,0.00010543293663084485,-0.00039542003131964876,0.0,0.01488218585652118,0.0,0.0033148463155719954,-0.029548895784965834,0.0,-0.026325474056359377,0.013708979831917656,0.016599089693426716,0.02204415700882889,0.0,0.007944981056244749,-0.03473907268054177,-0.03074393330984121,-0.042114802737464097,-0.009529836815727943,0.016608693800684637,0.00849449489096421,-0.03466550480253766,-0.02371127031555964,-0.029403226061919585,0.0,0.0016890870609004849
0.0,-0.016611320237767457,-0.009530669437606165,-0.062248895992633946,-0.041385047264639596,-0.024386341043794835,-0.0689446531642256,-0.023900876371429125,-0.023130800365561976,-0.08180087785692192,-0.029752351205641236,-0.02815865676092305,-0.08345609599381176,-0.0486499304911589,-1.1102230246251565e-16,-0.0001476756894746023,-0.030253985919248105,-0.025429952811077183,0.0,0.0003306708011283077,-0.023022571753425147,-0.016270591925937605,-0.06622383580814523,-0.03290521936536844,-0.03090797028675879,-0.030259940629740356,-0.013910517677168499,-0.08468689334225576,-0.02964024409963123,-0.025243430043910997,-0.10651530943426119,-0.07706184850740955,-0.018145795824639155,-0.08452289815962816,-0.07492217857848527,-0.06324231725928658,-0.08613803685907467,-0.07199771344563244,-0.09331959959299818,-3.253255866819682e-05,-0.02848067954935024,-0.03595379635021745,0.02459989270844337,-0.004115449181209985,-0.0005273731004322157,0.0,0.0,0.027306506768982386,-5.551115123125783e-17,-0.027182147213108354,-0.03195149794862284,-0.062057384329839704,-0.008513027801426487,-0.01792987745042529,-9.956537665756215e-05,-0.13922842587279305,-0.07083163098931156,-0.07360606781763412,-0.034847146554052744,2.220446049250313e-16,0.0,0.0,0.0,0.009015625001389194,2.8062670858974847e-05,0.0,0.00010816696128990166,-0.020515600982163096,0.0,0.0,-5.551115123125783e-17,-0.03240193036053762,-0.06575537907510226,-0.044917873168774325,9.674769258793958e-05,-0.03894483655258052
-0.051439396843983354,-0.03737089662471044,-0.029118152484390925,-0.0311281661300295,-0.046186303117502714,-0.05178631284635027,-0.05406791811544315,-0.03127584633262809,-0.07220002300614403,-0.04719547781209521,-5.173698264360205e-05,-0.06263277861958155,-0.06007795798755006,-0.008686682294814452,0.0013581348620420597,-0.016968122280940134,-0.037309336441317675,-0.021400520099157383,0.0003306708011283077,0.0,-0.05309803658807416,-0.017968201647806326,-0.0653691402502955,-0.09704947492711224,-0.031512019211531184,-0.030102122952474997,-0.049103553361351804,-0.03177681473186511,-0.004687943820855356,-0.010581109715596781,-0.03273833365018042,-0.037216630113844795,-0.028615325800148306,-0.027877134686947025,-0.023956141231064765,-0.03695015051724182,-0.006035183127186872,-0.16678495985536593,-0.07076792766067114,-0.053401533185157335,-0.06678671236160588,-0.052950862326473946,0.010466697435796868,0.059280496296898244,-0.0001057487780275479,-0.039736998874903395,-0.03906306668434284,-0.03029226105305627,0.0,0.0,-0.06779220021045612,-0.0691590217337531,-0.06370368663822218,-0.016868993687089773,0.0004477449817152923,1.1102230246251565e-16,-0.00819252370205198,-0.06533968653235839,-1.1102230246251565e-16,-0.05775681481402334,-0.04560521303683668,-8.605275257922429e-06,-0.03428723265544387,0.0,-0.07002207714621317,-0.08915672550447151,-0.05005988029815461,-0.07390659450953546,0.0,-0.020732923932541003,-0.034258061762680314,-0.06006595054355113,-0.05651579643158694,-0.06577998020955916,-0.04379458883370757,-0.07014101250186655
-0.025471657098117217,-0.036780636942818745,-0.052225879261702135,0.00015496077958720988,-0.05035441029010418,-0.04176324924677721,-0.0658467676128629,-0.019186415466621753,-0.05899836700926542,-0.008833085630899573,-0.030267680764691662,-0.019799569122560312,-0.0735091330101521,-0.03211563626163766,-0.03683921339052387,-0.05695085653616683,-0.0036390920047741915,-0.030664999497004575,-0.023022571753425147,-0.05309803658807416,0.0,-0.025032513845864857,-0.061584670208701675,-0.017005182798069896,0.0050062838165848556,-0.017469330936742522,-0.05871739891306199,-0.07963730375902262,-0.060309022617333286,-0.06413510108828774,-0.04938062896093015,-0.03751504837704123,-0.043998786438120385,-0.029368874449375193,-0.024258405247677195,-0.014599002700928343,-0.044217177576511,-0.004351509349578675,-0.05753571955882103,-0.05040244411059153,-0.051090421351182025,-0.04967894086439706,-0.046933337430976496,0.0,0.0,0.01959452166131892,-0.06365333120410566,-0.045298590720023346,0.0,0.0,-0.0607640711565785,-0.07011016683156496,0.023878497236856977,-0.024690682950425202,-0.029123462470888428,0.0,0.009482195437758745,-0.058314727992649584,5.551115123125783e-17,-0.015867938457152786,-0.06055099531083602,0.0,-0.03199873559045052,0.0,-0.05360032688867267,-0.007099863107651927,-0.04972842814227779,-0.047053117286020574,-0.00449794599570319,-0.025917155407647163,-0.04601980390382626,-0.04521314814252042,-0.04742000042820599,-0.045431749072261274,-0.03361557040376073,-0.027359046443669655
-0.035629997347786324,-0.015409601969309294,-0.05089495130567151,-0.039444621414752246,-0.037840667175460085,-0.03314733209046056,-0.044390502180790326,-0.02554404005494454,-0.045586003537433695,-0.028606786285570618,-0.019716515440411198,-0.03480306263272104,-0.05057658160978812,-0.005373156794757916,-0.05598719716106004,-0.013836258592429707,-0.02448379225647973,-0.010366755240629633,-0.016270591925937605,-0.017968201647806326,-0.025032513845864857,0.0,-0.14656084201518355,-0.03279378401270411,-0.022761781089579602,-0.0109284419434032,-0.036154610937534026,-0.03678238072893675,-0.010605296237937933,-0.004627680786932098,-0.020045890238341246,-0.024207660814631327,-0.027146973930133433,-0.012646115036879235,-0.014520204824684746,-0.020818954559706282,-0.022665557015308535,-0.0007178333810139437,-0.04851467247687735,-0.03636952466756854,-0.03628800889276035,-0.03140055717413137,0.009131136015526009,-0.004732613423499177,6.290455623741975e-05,-0.04953143555229245,-0.04986948796367263,-0.015329901236270205,2.281263018100166e-06,-4.595372046917179e-05,-0.054440137425631585,-0.0645925342319037,-0.040226465359177344,-0.06789377165636512,-0.021666951807436496,0.0,-0.04637451230222517,-0.055286438274230965,0.0,-0.03354121936220428,-0.05128159126698717,-0.020846938144227056,-0.014501245106644967,0.0,-0.0513090638062883,-0.047279199161363306,-0.038707323345905154,-0.05464190747293779,-0.017544550121248725,-0.013787282618328955,-0.04379145740791174,-0.04875785450886455,-0.04079212406141092,-0.048654780439964906,-0.00627721134128939,-0.021557840766320335
-0.05417565681606751,-0.0537963497092776,-0.04402668990034708,-0.04510506322503183,-0.06664876257540003,-0.0474505998153249,-0.08171834631570463,-0.03803214426323659,-0.03257515133191291,-0.05971408216007429,-0.02110464042600879,-0.011924490389183862,-0.08318511931707917,-0.035856848947617426,-0.09553492055929702,-0.051018174970137886,-0.037566971766984536,-0.02329603302744554,-0.06622383580814523,-0.0653691402502955,-0.061584670208701675,-0.14656084201518355,0.0,-0.034485099746392744,-0.0024803960878617137,-0.04215125065803155,-0.01856806336884831,-0.07729682756481987,-0.05092030741998449,-0.05610472118489329,-0.0687766600495614,-0.06377239009497665,-0.0504776388604013,-0.0583685131163299,-0.04589693801595901,-0.06287987194000583,-0.05792153372874942,-0.06545626518247077,-0.092668364068905,-0.029723678253867403,-0.04753388602609371,-0.03313816708705081,-0.0022760157234946177,-0.05194259100319415,-0.00868852037644463,-0.013467546118449691,-0.089201142323382,0.00982926104587023,-0.026858245841514305,-0.029658417559079053,-0.03649074896531246,-0.05898464988381685,-0.03734707819490313,-0.0017450249291122155,-0.034828644662216524,-0.0768626930432898,-0.051039147936006,-0.059186334285909026,0.003619995646108043,-0.065142137791042,-0.09516376018510198,2.093328375318837e-05,-0.037706892152172655,0.036959698383747464,-0.05994058329726237,-0.10188265016497572,-0.0815468801897129,-0.030160092490175594,8.067270775558022e-05,-0.05433257479700715,-0.08094828614380944,-0.046028545140386845,-0.05731069095576774,-0.05865545223207291,-0.048356222791471004,-0.04905046207508079
-0.006419538710981887,-0.009118140410651232,-0.02796970951620198,-0.01015116324120724,-0.07888432919478822,-0.06933638867274061,-0.01623053168485339,-0.031093442109664693,-0.024462046536291193,-0.009830796399936115,-0.09422591553679022,0.01925085278136668,-0.03985710858840624,-0.022726746085379,-0.0510858265037295,-0.016671043513138972,0.0005147946303881712,-0.00024406780564156794,-0.03290521936536844,-0.09704947492711224,-0.017005182798069896,-0.03279378401270411,-0.034485099746392744,0.0,0.00034321007483889554,0.000865208981633725,-0.029214675121015277,-0.02084996257193511,-0.08853291207155095,-0.009692482066988528,-0.038948511622250936,0.02810339213797508,0.010132854253275259,-0.01849368041333943,-0.050982375129548896,0.013495207508482432,-0.006925735403291999,0.0014503871690334236,0.004767419674101103,0.023009931025495423,-0.021722486678027675,0.015320089012308857,-0.011308513706495271,-0.0033701273859003122,0.03879373226636618,-0.045995029484027894,-0.02391800525283294,0.0,-5.551115123125783e-17,-8.2682635800857e-05,-0.00446270781258451,-7.08509247162592e-05,-1.6653345369377348e-16,0.00014729203212077158,0.00913577814938521,0.0001083561600249694,0.00942258229673959,-0.015984986217672303,0.0,-0.00033114753205293335,-0.030551541484865163,-0.005948414714168904,-0.01658374149211722,1.0075919398500055e-05,-0.00010292651551663257,0.028583511215078183,-0.026695532013434553,-0.0002510657419096396,-0.01033150925983728,-0.009769741098478668,-0.023278968757977525,-0.003605253418901888,-0.022377751595720585,-0.04371198918098551,0.0,-0.04526554166063368
0.0009987181743706386,-0.015224866980540597,-0.06457413897906167,0.00046224106049846947,-0.05415684834660378,-0.04704217802938182,-0.04385175848094114,-0.013109202467436132,-0.056898332654358896,0.0068880021015407245,-0.034385636464568325,0.00761480665373615,-0.04591284487148678,-0.0073531922297214725,-0.033932485851823624,-0.014689209756650612,0.010616322168428782,0.005075220704957029,-0.03090797028675879,-0.031512019211531184,0.0050062838165848556,-0.022761781089579602,-0.0024803960878617137,0.00034321007483889554,0.0,-0.0075525436612084995,-0.032666321274799515,-0.04291509791440068,-0.03221507123325473,-0.03630664919370319,-0.031354950849750096,-0.028216557317059743,-0.015158298094136713,-0.02467913441236058,-0.020878910476328116,-0.02969680597644281,-0.007958727438114488,0.006620560548287746,-0.03132539770640641,0.019773714699285072,-0.007762354493607293,0.001724706789439867,0.007896877557721338,-5.551115123125783e-17,0.02267585617025142,-0.013048446014939763,-0.007202675625771704,5.551115123125783e-17,0.0,2.220446049250313e-16,-0.03009218419244214,-0.03245351629387905,-0.039614941875167065,0.00045407985989576183,0.008244852400979996,-0.0002543724117108903,-0.0011164792533399637,-0.031078128043285247,0.0,-0.039680638583743766,0.004594274985476987,0.006227113141045848,0.013298768532817418,0.0,-0.02747691212956821,-0.010389352199393076,-0.03464955738568626,-0.05071324582597231,-0.006306313285426135,0.007333092533717278,-0.0013581589223313206,-0.04056318425102573,-0.03005739974202759,-0.029585320471201493,0.0,0.003327481664207821
-0.005965934161118014,-0.004912546284615238,-0.052531498951489286,-0.03209869908535923,-0.0669976206960009,-0.05116733176834576,-0.03757252263525346,-0.027146843026490897,-0.07341604036871391,-0.0078895913199713,-0.030946203181716314,0.008272202290271091,-0.04519186588169227,-0.027537201084388063,-0.02373891643082754,-0.033224771785545615,-0.008048637358702704,-0.006495553721385994,-0.030259940629740356,-0.030102122952474997,-0.017469330936742522,-0.0109284419434032,-0.04215125065803155,0.000865208981633725,-0.0075525436612084995,0.0,-0.019092353217585678,-0.04379526248337179,-0.02666260005066523,-0.04406706642060826,-0.036585238257249464,-0.028859454430854248,-0.014591678090258742,-0.02788551441431547,-0.013683898780443848,-0.008214472972431774,-0.02157405231723042,0.003298117933654976,-0.05252115523437273,0.0039815672413762715,-0.02642414749160571,-0.0247418724156222,-0.04358469881852628,-1.3805009321687933e-05,0.014368546881261157,-0.02123929309018452,-0.0407905932322945,-0.025176145305950803,0.0,-3.9377488111336234e-05,-0.062345171512063036,-0.06018047608761107,-0.0200348904461633,-0.03562535394079419,0.0013034264856355282,0.0,-0.00504934180097949,-0.04694019525400117,0.0,-0.027910244095224246,-0.02651375815361151,-0.0005676809032839625,-0.000950348459727135,0.0,-0.04422127287802535,-0.023533282837704284,-0.04269986851489915,-0.042008690853228836,-0.01680762689334009,-0.006454980787631737,-0.021841335905291026,-0.0505634370424507,-0.02240709279369979,-0.04314833897372233,-0.00036036357546137543,-0.016240836033332928
