0.0,-0.0012294824940032312,-0.011061927344386713,0.0,0.012915688914512058,-0.032511137910968324,-0.024827326939605765,-0.015024551095947525,-0.01779451918953795,-0.023231656300256864,-0.006638889205017706,-0.05596972337140216,-0.02297170156950168,-0.019587478875297215,-0.02029224063111007,-0.030329382963865337,0.004915406686456569,-0.020309898072470245,0.0,-0.01943061288781106,-0.033519328268405923,-0.01055791373806092,-0.026640185141263373,-0.032379537308298234,-0.004372345970078906,-0.00575797640005371,-0.03660218185716324,-0.035894568267241134,-0.030099946593695803,-0.045116017665590924,-0.043923969572036814,-0.04081991031753357,-0.040224757488807605,-0.037418645052262556,-0.03633002554354209,0.004777179674403498,0.0004397972344798995,-0.015778954722450667,-0.08129850967063829,-0.02457501839961873,0.0037852577450322444,-0.020763258668754503,1.5939176201684724e-06,0.0,-0.0118676171401641,-0.0360318272707128,0.00012519656415688196,0.0,0.0,0.0,0.01658061070960859,1.1102230246251565e-16,-0.015280990484055734,0.0,-0.011670530837681048,0.0,-0.013272520713469904,0.0001651885330454239,0.0,-0.008736430775691195,-0.0022653796700264905,0.006307702284397532,-0.017491120771478408,0.0,-0.010125119009616046,-0.028030307088049378,-0.0032823860959128037,-0.010155677848281641,-0.06382634692264744,-0.017652934707967194,-0.030504540189316975,0.0056569305679946,-0.00020884143032462443,0.004101844897689777,0.0,-0.01798963857378294
-0.0012294824940032312,0.0,0.0007095792521629729,-3.1776088706969574e-06,0.015718345881179596,0.01300953240484548,-8.097486360159056e-06,0.004541513432406441,0.013186013850562894,0.02195780932806146,0.005992356823425471,0.039778764759085095,0.0035122630067421223,-0.007390057635656588,0.0044264565524041455,0.010274383294012146,0.0028570909053997062,0.024768120435720575,0.01252984844417565,0.02152356332151706,-0.00947005907828613,0.038192420210107714,-0.0033204691713265566,0.01503579525140969,0.04470459111300362,0.02018925671480415,0.0161878094932843,-0.002971227845164348,0.016141842480079605,-0.011948877486574472,-0.004199777615223332,-0.013040322481899846,0.019491946125134163,0.0031268670934854748,-0.006856895562303622,0.003761515403005622,-0.0011181943156136076,0.0,-0.014261988305422246,0.007322003874822458,0.014283722843062396,-0.0015716987120771853,-0.009688686348544251,0.0,2.220446049250313e-16,-0.007594311320524683,0.00809880043679767,3.0002656896677138e-06,0.0,0.0,0.01625749296237361,-0.002721683160272159,0.015397876279675149,0.0025781050185521015,0.05232544103141079,0.0,0.004852782038797521,0.01976109621579264,0.0,-0.02342668780665863,0.01682699759007633,0.012089645568236274,0.015893593546418783,0.0,0.006104650062294492,-0.026313018107795794,0.00041272788014845574,-0.011111012886915073,-0.011728040324440248,0.012880551281059749,-0.011203554216147715,0.011324592693380098,0.007724441440400964,0.01047641351404427,-1.1102230246251565e-16,0.0016321610281530008
-0.011061927344386713,0.0007095792521629729,0.0,-0.008367248390901971,-0.0059459827858204806,0.02633363550184098,0.01225880450431005,-0.021121684611029756,-0.0025200814925869786,0.005455710860159391,-0.02358138310911262,0.0007424958102139612,0.00944247946607285,-0.023544424133097486,0.004057721083418231,-0.009659736979607925,0.009752661399924978,-0.010118261727243949,-0.03715474352795195,-0.012580910219359032,0.01632301544414938,-0.0032650305405550473,-0.046592165249066564,-0.019748130071253422,-0.02317124022135303,-0.03739610139060562,0.028097535374099536,0.001216411099939696,-0.005145206897626653,-0.0006754457137929659,0.005744318998000153,-0.0028755011398056696,0.0040230089262542346,-0.0012959045667316205,0.0038292821223990248,-0.02310803569280573,0.01518738701660971,0.003374981904591401,-0.0637125403916633,-3.264412790082716e-08,-0.07512601559022636,-0.003294438795736876,-0.04316754058641431,-0.03705611311518009,0.0,0.0,-4.573326059625904e-05,0.019406615656542503,3.579981578960556e-07,-0.06033049846229083,-0.005488664828667833,-0.04127451135234406,-0.04885165573171096,-0.02297389455385679,0.0005284486435199187,-0.10129833308237773,-0.019533508844064407,-0.04626649256230386,-0.0873600707939221,-0.00013975877015554028,0.0,0.0,0.0,-0.08573953291935549,0.00778341812462352,-0.003577268629185837,-0.00024957094637595434,-0.006264265540699809,0.0,7.151636290259056e-05,0.006197410386767632,-0.02278002936263257,-0.034002218926916905,0.009427041266282132,-0.009054220978522487,-0.05776495093126205
0.0,-3.1776088706969574e-06,-0.008367248390901971,0.0,-0.032614735656773225,-0.003149109497681435,-0.015211126711302592,0.0046332848274761584,0.0062067929107350595,0.03106032664961872,-0.017610723065908385,0.011709818584999254,0.015409554755781318,-0.0020498267454817087,0.007366626961830325,0.0004673831785853566,-0.004220450557122668,1.6302122812783537e-06,0.0010155727706279705,-0.056205083838608505,0.0004065482079851357,-0.01956527212757425,-0.008296784651988853,0.0064100928867318885,0.0004248499194676736,-0.00076143768502418,-0.003794702303158759,-0.00479010371012889,-0.0015113932024010124,-0.0008188665849582777,-0.011441644426359865,-0.011775993722291378,-0.05409303248145042,0.04033185113111526,-0.04369881257421049,0.011100915352099644,0.017318150322329612,-0.001028436922685283,-0.06398267766676163,1.7402639408303777e-05,-0.00045475994731325464,-0.023817423503389668,-0.026403153128350287,-0.014275956074307095,0.0,0.0,0.0,-0.0006474175128778903,0.0,0.0,0.002624674012284667,2.220446049250313e-16,-3.7309578842514846e-06,-0.00011196571684690682,5.551115123125783e-17,0.006938236032876077,0.0022432474955825787,-0.00031997522795490507,0.0,0.0,0.0,0.0,0.0,0.0,0.0,0.0,-3.289582705956473e-06,-0.005509275127643154,0.0,0.0,0.0,-0.02757167347668621,-0.06145569829600528,0.002490803465102498,0.0,0.0
0.012915688914512058,0.015718345881179596,-0.0059459827858204806,-0.032614735656773225,0.0,0.0076001534279340754,-0.018760305299844737,-0.033409443603307276,-0.0013718915190462089,-0.009292166857647777,-0.015149785043120867,0.01424420766795248,-0.019830143803260314,-0.013501495720845136,-0.008449581032979325,0.014759986372713585,-0.011922268028550342,-0.01796013584166506,-0.0023404317515298145,-0.006374575883282052,-0.017527267576239125,0.03869357375706378,-0.008876366808642344,0.010133439170471104,-0.033072488162795066,-0.021623916338784244,-4.570868467745903e-05,-0.023901575331120806,-0.0021459005444313117,-0.017092010475849906,-0.009434972795293872,-0.034474157027621966,-0.0036699445440138145,-0.002491094188545484,-0.06937398363874864,-0.019306763660444176,-0.04673388898536021,-0.009851341682704962,0.008607143160667019,0.012078091301182703,-0.010609152510226982,0.017980718386494565,0.004434581914959268,0.012320590097580852,-1.054561163521539e-05,1.1102230246251565e-16,-0.006005326111508835,0.04811322038949595,0.0,0.005156818442252131,-0.01494618516625118,-0.016118433198116455,0.008725743136798081,-0.007804671684541242,5.551115123125783e-17,-0.01649744805467329,-0.007481246524977114,-0.00965653658754223,-0.011024015781077368,-0.0013316679662309094,-2.367037827244456e-05,0.0,-5.551115123125783e-17,-0.05668870219543498,0.009261121831247499,0.00016650205369567184,0.013092573506380933,-0.01985033526098806,0.0,-1.0466101541539707e-06,-0.00016141976380851242,-0.03679635892661337,-0.01802684615732414,-0.010363526226697062,1.1102230246251565e-16,-0.019840319829932562
-0.032511137910968324,0.01300953240484548,0.02633363550184098,-0.003149109497681435,0.0076001534279340754,0.0,-0.010758144896596322,0.011259780884230408,-0.00444648010283849,-0.02351338076559284,0.0001739752705932629,-0.015441578303341141,-0.01017068440563168,0.024594156676207568,-0.008882210662660761,0.03522347736142889,0.006363264794713164,0.005606431869308981,0.034514256755430295,0.03790363937132141,-0.0030386931556818375,0.03198263978879923,0.006409696214925931,-0.03196664290498874,-0.011268869266344739,-0.03421476468848428,0.004504991483460619,0.004496933053772023,0.049572184073886194,-0.0001548900462999825,-1.7561161887003074e-05,-0.00912993175532506,0.007858788090009006,-0.006324262820702309,-0.003939651186279258,-0.0016584438249624411,0.010865855801988678,-0.010623973768270234,-0.038305516207468526,0.0022056175788747745,-0.04468073225400637,-0.029995526056503574,0.007613687435349681,-0.038592417045415384,-0.01335335923665154,0.007761246152141188,0.0033026874630190384,-0.00016496711995717117,0.002979770837944651,0.010560766511157893,-0.010274757538984935,-0.01117593417962548,-0.004283632748651456,0.0034751679740451236,-0.026462688165134862,-0.0064392075366123125,-0.002862650356844021,-0.014376251581191268,0.0010006054269010023,-0.03111002669421964,0.013270444874508569,0.0,-0.0011405449228944486,-0.02023820606389992,-0.03509578389398671,-0.005773422032624376,-0.008283154027878992,-0.009322911779360066,-2.7659664655343974e-06,0.005820373751652008,-0.021175346432951825,-0.016407654389461235,-0.012072992653323122,-0.019181596109030974,-0.025861090152290878,-0.029725549725700795
-0.024827326939605765,-8.097486360159056e-06,0.01225880450431005,-0.015211126711302592,-0.018760305299844737,-0.010758144896596322,0.0,-0.011727773202258152,-0.000181400212222238,-0.0019108552124491585,-0.0011383594695010268,0.02607854709170576,-0.004951275731487348,0.0028447885535847206,-0.01596237171728404,0.004746357923918976,-0.0008085719484806075,-0.022204271983476853,0.021165425923355408,-0.015732178290048415,-0.04163824546678385,0.014568537880391252,-0.007275188991588855,0.013315421936098248,-0.032132840650634986,-0.03566253244785511,-0.008566546632939376,-0.01877923439189305,-0.016157151735689768,0.0005703374474120837,0.004928813935535625,0.0025684639204423543,0.0008146393234870764,0.017634573516582985,0.027323108936887996,-0.005933879856073632,-0.015627745175826713,0.0029308823508714665,-0.039000187245907925,0.00459582174121681,0.03683448339311973,-0.014699925688980542,0.024465759058813208,-0.06280618906973312,-0.013948527317126591,0.0,-0.00693355052861705,-0.01552650455666238,0.0,0.00846682571775137,-0.0280266830467365,-0.023262201984455277,-0.012266390439621355,-0.021597054084107725,0.0065028362562872255,0.012985089992101406,0.013620510577376843,-0.025113512807673766,0.002887042387875738,-0.06294560718550124,0.004679910837184109,0.0,-2.262850700207597e-06,-0.011563041262924734,-0.056790985264561555,-0.020505882609089587,-0.006478886856766286,-0.023741465726647315,-5.029166969983123e-06,-0.0066043725554235655,-0.02626893658995072,-0.030021665122949626,-0.02199756358062549,-0.038241323997377674,0.00845828319594022,-0.010578341174551031
-0.015024551095947525,0.004541513432406441,-0.021121684611029756,0.0046332848274761584,-0.033409443603307276,0.011259780884230408,-0.011727773202258152,0.0,0.007550786331853354,-0.010445472039299464,-0.015600825508868044,-0.03893591444401956,-0.0032290519859264344,-0.00797581657542279,0.023983367331536998,0.007653359580184815,-0.0021974135957297247,-0.009363483186590194,-0.010744823928091951,0.003922101412559109,-0.0006176963189185036,-0.027086469705458582,0.008833520596880362,-0.017890079983044815,-0.009959192254672344,-0.028541385125671614,0.0035673733186021295,-0.003201362908401395,0.019912390227346866,-0.010499326957231547,0.0028533052174830598,0.010104426759853402,-0.02111452643188333,-0.003778701174368071,-0.02595311694553787,0.022630092324227358,0.04658062240022226,0.0023739596988995304,-0.009553230598916218,-0.014853148517884995,0.003775709093274071,-0.016415442847627026,-0.01567354027982687,-0.015203630279798375,0.0,-0.019455543799415942,0.004279869192439945,-0.007123979489574217,0.0,0.0057515861622777775,0.0023920698730003354,0.02315188323529277,0.03355604973669973,0.0006666415347794663,6.54936592620059e-06,-0.01687594924164204,0.0001382660595407592,0.0027625097372370733,0.01929006560390628,0.02234406642593556,-0.0008083828857372577,0.0,-0.00015721163614001998,-0.04090012321470138,-0.008409311428602517,0.1015901473441439,-0.012343518633872341,0.019894788194323776,-5.551115123125783e-17,0.0005975699680990654,-0.01692146641721226,0.00544982154951118,0.0018570494665193227,0.007987234747656002,-0.025082796698589094,-0.005864415722839689
-0.01779451918953795,0.013186013850562894,-0.0025200814925869786,0.0062067929107350595,-0.0013718915190462089,-0.00444648010283849,-0.000181400212222238,0.007550786331853354,0.0,0.001994830273753412,0.011099514124873144,0.002723598168378971,0.008727225846126785,0.004653219968222488,0.010590875076509187,0.023629526802094847,-0.008823955290496455,-0.031509626056894724,0.0023865484115022095,0.02503077585036001,-0.00872798943898484,0.03137892455162128,0.009429278155025256,-0.0038087697710948443,-0.026061202368973857,-0.048082157919426105,0.012647831789982522,0.001978657582425103,-0.0011516251748204809,0.005432567219308293,0.0016068509745679194,0.002550961311640787,-0.007703748403907251,-0.0007477420954275504,0.005370128265685781,0.0003623879618434578,0.01808754834237075,0.0005404508293644916,-0.03389403874628649,0.013138829108519379,-0.05773495379852678,-0.025111062065891587,5.973027674927023e-05,-0.0164556114546065,-0.0026635351435300714,-5.551115123125783e-17,0.01362048199217214,-0.012415779501842916,-1.7198399365758732e-07,-0.00014630264902504297,-0.004534490988064355,-0.0010887534727265225,0.0015771640364604655,-0.01009670001920493,-0.013342575358949171,0.00389238662970115,-0.006230142861812615,-0.016674643494629326,-0.006088070984571314,-0.028909017173831597,0.007652086083335563,0.0,0.0,-0.026106965929204917,-0.03883094433037848,-0.05724015438829799,0.007346456186522521,-0.010442475559736653,-2.1166625341351164e-06,0.0027623122538147915,-0.019994741024334406,-0.010059541413011575,-0.023329371956764433,-0.02456895336852022,-0.042322818220384084,-0.05874360495501696
-0.023231656300256864,0.02195780932806146,0.005455710860159391,0.03106032664961872,-0.009292166857647777,-0.02351338076559284,-0.0019108552124491585,-0.010445472039299464,0.001994830273753412,0.0,0.007839560668345014,-0.007924006729041921,0.004578663637620717,0.02105382345547052,-0.02823444006867154,0.0015100901463927507,0.004535858894132994,0.012746850007015365,0.019005919088640022,0.023378516397804916,-0.002602727560609197,0.016811882467251016,-0.008478711883326495,0.018152217143723393,-0.002939232396716729,-0.01960419535974861,-0.002108261197221628,-0.002304296995737809,-0.007129747498149763,-0.006247679008056395,0.0021501730410403708,-0.029683809565783814,0.026761457316343107,0.010655903685805157,-0.004362548989741588,0.013319702567334835,0.016059849383032787,0.027014953506206196,-0.059859866968981656,0.0004617709031951023,0.0036634808251935214,0.008943594638913588,-0.041710455813971814,-0.005919096937638313,0.055680689552921436,0.02007163458474215,0.008367220950735388,-1.8790706740601237e-05,-9.76548941322708e-07,0.0004314304981657968,-0.020750662727232805,-0.0297565069240035,0.003111044240380778,0.07449931200088061,0.02383026817363204,-0.019398052703315793,0.030839771769941682,0.014539433915763511,0.0,0.00031231201397230457,0.04454522110210818,-0.0015975078260534459,0.01107539199197416,3.209967543993386e-07,-5.215386123136323e-06,-0.013564236873579882,0.0036597445998150513,-0.0052519326704771885,0.011239970470136251,0.0029849437688824754,-0.005557831357615173,-0.02087753067735587,-0.020581336923590876,0.008278854141545944,-5.551115123125783e-17,0.0009159576390194157
-0.006638889205017706,0.005992356823425471,-0.02358138310911262,-0.017610723065908385,-0.015149785043120867,0.0001739752705932629,-0.0011383594695010268,-0.015600825508868044,0.011099514124873144,0.007839560668345014,0.0,0.01577943048165631,0.007056702906452383,0.0039109061114317445,0.0,0.020605916712949868,0.0017716328689089678,0.012759245833821209,-0.003049179985012973,-5.023094748851653e-05,0.0004950306218960976,0.0031860516704861896,0.024302746947327147,0.012775870847984205,-0.005307247116952796,-0.012341132613147732,-0.007322362194302601,0.009592389536819124,-0.007702104438967072,-0.001047616773471316,0.002893921277398126,-0.02866339016468894,0.03993264435105154,0.01316037891103583,0.022636365616626852,-0.008080442261629628,0.009182923530892229,0.012045049104575822,-0.00959915288750457,-0.008665285187226257,-0.003850981377983065,-0.005377644226984557,0.0013400294922867317,0.00542198537604055,-0.0008080823259064562,0.0,1.1102230246251565e-16,-0.03132699532959993,-3.3302602397977665e-08,-0.003749445288739328,0.002552695928631332,0.002419885475954564,-0.03241464751686751,-0.0872033937168939,-0.018069068494891982,-0.06369043777236685,-0.011054124244581909,-0.0027815858775365743,-0.034265723558560834,5.551115123125783e-17,0.0,0.0,0.0,-0.08658842912349918,-0.01292636565963734,0.0,-9.87625881735954e-05,0.013443813091263523,5.551115123125783e-17,0.0,5.521198010471906e-05,0.011148364268449895,-0.0076382463364388364,0.0006543447450308992,0.0,-0.012964976338920686
-0.05596972337140216,0.039778764759085095,0.0007424958102139612,0.011709818584999254,0.01424420766795248,-0.015441578303341141,0.02607854709170576,-0.03893591444401956,0.002723598168378971,-0.007924006729041921,0.01577943048165631,0.0,0.018570532507724558,-0.037894845132537935,0.006531246004452207,0.0025018853250417528,0.014027002384706222,0.012863023799134787,0.01831867919967256,0.00809506751972866,-0.06431835717271384,-0.013449325074066543,-0.03879520390239599,0.01140581798354029,0.013638611348501029,-0.00866560643850306,-0.013402722595049377,0.019912953282642032,-0.020110368213655583,-0.03819972077022016,0.0041814626546575195,-0.027177350288295765,0.06437806081877362,0.014126923666136437,-0.021561925601833398,0.03760194079198709,0.015395870311098403,0.042297814467311484,-0.04577303020441037,-0.00922263261087064,0.05349793712231071,0.00824070694127238,-0.016768187079309438,-0.00799035988806257,0.067878151656175,-0.00145650027038291,0.018531703440037406,-0.0064912978899575036,-0.01095230693429311,-0.010889106572866236,-0.005669955001901095,-0.017010803433904653,-3.47043241492595e-05,-0.007759905186974225,0.01682045403743493,-0.008390976315765408,0.02460670072106258,0.02807300763053172,2.104131481661664e-06,2.768884974968522e-06,7.274536903517648e-05,0.002585756257596772,0.007163318824855658,-0.01436644118096081,0.00579661070689691,0.008960002426834035,0.00018634655533261713,-0.02151978441016178,-0.01094276765993013,0.0006971366866566076,-0.009246807583546068,-0.03295815566415766,0.038973915343223475,0.0022960931045227784,0.0,-0.005532181034018424
-0.02297170156950168,0.0035122630067421223,0.00944247946607285,0.015409554755781318,-0.019830143803260314,-0.01017068440563168,-0.004951275731487348,-0.0032290519859264344,0.008727225846126785,0.004578663637620717,0.007056702906452383,0.018570532507724558,0.0,0.00992641985552567,-0.03478051384623698,0.0038279725996778202,0.002796504639113795,-0.006213355715955549,0.021120652725133693,-0.01363744085094093,-0.041690761308056545,0.009555456919970728,-0.007799539950130829,0.015575265173591535,-0.019129091283452082,-0.016436555241620354,-0.008030589114680908,-0.005881477075217023,-0.009694304236338103,-0.04486164273238069,-0.0022819306987578725,0.008870190330520555,0.01681998679047625,0.009575719473718547,0.013541262725720926,0.014162121379851456,0.021217177286570854,0.014542319331795395,-0.0473407874884193,0.014894143705647123,0.032249514329344586,-0.04415010827138621,-0.037686215191324535,-0.03219252889358576,0.003639777975917302,-0.010079541372649159,0.0038339242961563658,-0.022632136619660126,0.0,-0.006155607355107229,-0.016361281534682914,-0.01964895391828264,-0.009230507857075076,-0.01236230242904468,-0.0006223655909814996,0.0004595979589965271,0.08102768663476506,-0.02398085400769384,0.05037178219555971,-0.05612035251057795,0.0020928190356248044,-0.006867513682464632,-0.009877411131221314,-0.016548777023769334,-0.05676744792252286,-0.030729839418121796,-0.03496707088285422,-0.018702637388219034,-0.012508486326223645,-0.012800703792310353,-0.02465857309031183,-0.027563604449625967,-0.04202895610281493,-0.03406276451883139,-0.0013400427056579067,-0.028443378227582528
-0.019587478875297215,-0.007390057635656588,-0.023544424133097486,-0.0020498267454817087,-0.013501495720845136,0.024594156676207568,0.0028447885535847206,-0.00797581657542279,0.004653219968222488,0.02105382345547052,0.0039109061114317445,-0.037894845132537935,0.00992641985552567,0.0,-0.015594862534729359,-0.00053831731174242,4.474902852102947e-06,9.514003105048907e-05,-0.007373900883194173,-0.005917893681498254,-0.006278468650473157,-0.008606900915004989,-0.0017719806750927103,-0.030738940745520915,0.007415523303474336,0.0015484436638851795,0.005470618545396766,0.02232222443632792,0.01287460718131167,-0.00816608329298979,0.0005225689389563581,0.01273018500445422,0.01058992724832869,0.007195846505601511,0.024507472689668852,0.022822699604893415,0.00333136326492392,-0.011918349244509963,0.020568813817191056,0.0,0.0031128571760902224,0.00030494705368649955,-0.01507765945683881,9.586149940510325e-08,0.0,0.0,0.0,-0.041068367202364564,0.0,0.024956153985102647,0.006507001447783323,0.011011687035868911,0.0027872151969043912,-0.010227644125873736,0.0,-0.03108508531655524,-0.00020416288841285102,-0.006637487574899681,-0.012256210810954848,1.1102230246251565e-16,0.0,0.0,0.0,0.00913237863222266,0.0,-1.1102230246251565e-16,0.0,0.0018261331007827786,0.0,0.0,5.551115123125783e-17,-0.010318210659659599,-8.465004198221493e-05,1.1102230246251565e-16,0.0,5.551115123125783e-17
-0.02029224063111007,0.0044264565524041455,0.004057721083418231,0.007366626961830325,-0.008449581032979325,-0.008882210662660761,-0.01596237171728404,0.023983367331536998,0.010590875076509187,-0.02823444006867154,0.0,0.006531246004452207,-0.03478051384623698,-0.015594862534729359,0.0,-0.035629747554446256,-0.02188207642618223,-0.007433829656358859,-1.1102230246251565e-16,0.010962988964786091,-0.003949120162387021,0.022186367265315476,0.007733144646352941,-0.022856473581247927,-0.016774869635431622,-0.02267561077603575,-0.006746855267922569,-0.03761766197730809,-0.03017718994475871,0.005412464525388294,-0.03485688452643543,-0.042168162467137615,-0.02579252432819834,-0.039850654543009734,-0.05202972171742831,-0.04027880585582416,-0.029086917746604324,0.00011003562078970575,-0.06129716299230764,-0.02358292766790021,-0.032363281170705915,-0.05185278970918039,-0.014418975348040597,-0.005221041376865965,0.0,-0.0024413783451016635,-0.015897057683153415,-0.019385554655132198,0.0,0.0,-0.019919233872784825,0.007109693219899127,0.01132051382365068,0.0036342288248273347,-5.551115123125783e-17,0.0,-0.009248731435835156,-0.00027367745305256763,5.459148236797162e-07,-0.0201513269830087,-0.001946946952705586,-1.9082309997253688e-05,-0.007452499372831545,0.0,-0.024213162877608108,-0.03932806500984237,-0.02822840864671461,-0.030314405149349688,-1.5684906576385327e-05,0.00980124294557283,-0.023934850634299787,-0.029710653414976695,0.03964442617605768,-0.02997704111563332,-0.02169272658600435,-0.03043604329732974
-0.030329382963865337,0.010274383294012146,-0.009659736979607925,0.0004673831785853566,0.014759986372713585,0.03522347736142889,0.004746357923918976,0.007653359580184815,0.023629526802094847,0.0015100901463927507,0.020605916712949868,0.0025018853250417528,0.0038279725996778202,-0.00053831731174242,-0.035629747554446256,0.0,-0.009281460553260568,-0.0117603383306642,-0.00015563207935526124,-0.012012506615580565,-0.030943015736306756,-0.013877876483765539,-0.017451361512752284,-0.01676665408017447,0.0043206742817523125,-0.019223437955668332,0.0003157987652352978,0.0022994973975561384,0.015385382004316994,0.015907009371165293,-0.02498224731582538,-0.015413423570692586,-0.013878221498321186,-0.013467400306896027,-0.028802786652955215,0.0028397097997749365,-0.0046276875781311455,0.018786439377588227,-0.03312747563385959,0.005786591330287749,0.0031963288752319685,-0.008865336480127606,-7.118312775333813e-07,0.0,0.0,-0.020951016380540866,-0.001793615824990824,0.0,0.0,0.0,0.010507036732343877,0.010121100118393789,0.01261946301341671,0.0,0.039157324876384236,0.0,0.04001677546226745,-0.0009520425646835085,0.0,-0.03833692056580651,0.011855164786072625,0.04558437606169069,0.00656970891367048,0.0,-0.004935584787027103,-0.027014162392049457,-0.01878319929072586,-0.03668348168208169,-0.00044025769153133165,0.0045061028563190275,-0.023127032405942993,-0.013421516021316637,0.0003463241918643112,-0.004568478170767942,-1.1102230246251565e-16,-0.0038129813167268045
0.004915406686456569,0.0028570909053997062,0.009752661399924978,-0.004220450557122668,-0.011922268028550342,0.006363264794713164,-0.0008085719484806075,-0.0021974135957297247,-0.008823955290496455,0.004535858894132994,0.0017716328689089678,0.014027002384706222,0.002796504639113795,4.474902852102947e-06,-0.02188207642618223,-0.009281460553260568,0.0,-0.00823115062846802,0.0027888510698625413,0.016583606431846754,-0.0026208702579870735,0.014767350109798072,0.0013976729941544974,0.013057533170048097,0.020647270231824832,0.01764759529235338,0.013513518396764679,0.002489722637063818,0.016752102038352423,-0.013215926895480012,-0.012299635097744399,-0.021421033207891904,0.013541045266091567,0.005163163313138486,-0.010495818472612772,0.05606451698345494,-1.9738889108222857e-06,0.011532637113558508,-0.0033352740692952354,-0.0196865728429218,0.003065647277202821,0.0020162723864151078,-5.551115123125783e-17,0.0,0.049017810305308496,0.03553202452554838,0.011094397391239685,0.0,0.0,0.0,0.0,0.0,0.0,0.0,0.04553909348707552,0.0,0.04039425918137335,0.0032806719518180816,0.0,7.951769482927862e-06,0.008372096545257335,0.046711006430679713,0.026542635928166636,0.0,1.1102230246251565e-16,0.0,0.014965321675391052,0.0,0.00924034929992218,0.04634208335626522,0.023142751897188396,0.0,-0.03127125533946595,-4.289899896203764e-06,0.0,0.03798092814397552
-0.020309898072470245,0.024768120435720575,-0.010118261727243949,1.6302122812783537e-06,-0.01796013584166506,0.005606431869308981,-0.022204271983476853,-0.009363483186590194,-0.031509626056894724,0.012746850007015365,0.012759245833821209,0.012863023799134787,-0.006213355715955549,9.514003105048907e-05,-0.007433829656358859,-0.0117603383306642,-0.00823115062846802,0.0,0.01260657484552924,0.016447362890891548,-0.013946143266859168,0.020008408921141363,-0.004967431289115587,-0.008861029091680905,0.0002594199001607067,-0.0032224207638906766,-0.002592472637853005,-0.005836260663279247,0.013507465378225558,-0.02390661809008293,-0.011099579464952214,-0.014530220519818504,0.013701255222032471,0.011493961579629286,-0.008450517407271152,0.010682141439312787,-3.289752355084552e-06,0.029693356010915717,-0.023568412702165642,0.01686726189018628,0.019284561678575896,0.011896629055382524,0.0,0.0,0.04225413704965941,-0.022286587416104453,0.018404029338587702,0.0,0.0,0.0,0.006365603086798566,-1.3873941759945385e-05,-0.00038440178992649177,0.0,0.04487147197054747,0.0,0.0402725932264667,-0.003992397314258378,0.0,-0.017612977625063364,0.013968451527322845,0.04413975366699752,0.008553495056997873,0.0,-0.02032938645745158,-0.03472369878857717,-0.00021423109837670484,-0.0291301616949301,-0.00022936850157578847,0.012137375474592926,-0.000333322341578679,-0.0023409747519623214,6.501475671349954e-05,-0.0015975960234400621,0.0,0.017730501794890108
0.0,0.01252984844417565,-0.03715474352795195,0.0010155727706279705,-0.0023404317515298145,0.034514256755430295,0.021165425923355408,-0.010744823928091951,0.0023865484115022095,0.019005919088640022,-0.003049179985012973,0.01831867919967256,0.021120652725133693,-0.007373900883194173,-1.1102230246251565e-16,-0.00015563207935526124,0.0027888510698625413,0.01260657484552924,0.0,0.00035827625924905737,-0.011143192990828943,0.010628984293546972,-0.022441288403847348,0.018844862576268606,0.02669567146309121,0.011729397871819702,0.0007985717695657701,0.021488698145112117,0.04144732313570232,0.0021801361383513296,0.017626772811291436,0.011188757634290614,0.031815811347973455,0.021902926112945198,0.014576511101645151,-5.434000220716495e-05,0.021426425644632652,0.018955005421837978,-0.040786359731228405,-1.0589643906044888e-05,-0.0014356611686238696,0.015813574313672862,-0.018620852947299316,-0.012442498539102453,-0.0005183627132406277,0.0,0.0,0.02346842886904188,-5.551115123125783e-17,0.010096132466835495,-0.0116822419202246,-0.013923652630982941,-0.016353694426559873,-0.02120910482356586,-0.00010378695476404021,0.04342419576896073,-0.0140056694890901,-0.024883830640649585,-0.03855060082323536,2.220446049250313e-16,0.0,0.0,0.0,-0.05722208455597455,-3.6927726152491402e-06,0.0,0.00010220267873062294,-0.013976679827135241,0.0,0.0,-5.551115123125783e-17,-0.011888460264397605,-0.03513986749885123,-0.005260909059898178,-1.2731048714464954e-05,-0.019912048248211134
-0.01943061288781106,0.02152356332151706,-0.012580910219359032,-0.056205083838608505,-0.006374575883282052,0.03790363937132141,-0.015732178290048415,0.003922101412559109,0.02503077585036001,0.023378516397804916,-5.023094748851653e-05,0.00809506751972866,-0.01363744085094093,-0.005917893681498254,0.010962988964786091,-0.012012506615580565,0.016583606431846754,0.016447362890891548,0.00035827625924905737,0.0,-0.0070486356677809114,0.021174402644131896,0.006074783412252649,-0.025895114793338836,0.02228152791900606,-0.012494470875857033,0.0046972979756566,-0.016600411835159146,0.023378573943263092,-0.012159383343051833,-0.018398993986426637,-0.028586693845378763,-0.006209270203747896,-0.027303706437608877,-0.03408560790273785,-0.022195348120705727,-0.017150241928620025,0.031512287746399636,-0.0682056753772809,-0.008545286635652516,-0.025500311340178494,-0.030608582406148,-0.020048270741492125,-0.013991968969560287,-0.00016599856128496349,-0.015911762992353307,0.01621311595501157,-0.007239239571337763,0.0,0.0,-0.022375926149716563,-0.013138276663626824,-0.006924113861937198,0.0013527443052992472,0.00038065261828956753,1.1102230246251565e-16,-0.00947091223613078,-0.01983317317339317,-1.1102230246251565e-16,-0.02829657568460947,0.011194765435703635,1.1323699364851336e-06,0.007948517247110265,0.0,-0.03657286065687271,-0.020260626767545975,-0.01105567841757965,-0.033053334144517776,0.0,0.018256968220381087,0.010154462909468531,-0.03622843457522723,-0.01780644905049017,-0.029795863121808708,-0.015836454162521274,-0.03531867128307603
-0.033519328268405923,-0.00947005907828613,0.01632301544414938,0.0004065482079851357,-0.017527267576239125,-0.0030386931556818375,-0.04163824546678385,-0.0006176963189185036,-0.00872798943898484,-0.002602727560609197,0.0004950306218960976,-0.06431835717271384,-0.041690761308056545,-0.006278468650473157,-0.003949120162387021,-0.030943015736306756,-0.0026208702579870735,-0.013946143266859168,-0.011143192990828943,-0.0070486356677809114,0.0,-0.01248028423260339,0.0022219845807942007,-0.028375370383837806,-0.00863428559575824,-0.01683221340299662,-0.01500343464481424,-0.041948520130556666,-0.025993921862727642,-0.056837689984049644,-0.03256681742568873,-0.03600899564102772,-0.018083849961346876,-0.039962813214703574,-0.04256262922679388,-0.026153291165882442,-0.008411947287478516,-0.007639599224443072,-0.06283142964792415,-0.018815702195749018,-0.03192976890593835,-0.05484878734621629,-0.019452227140636935,0.0,0.0,-0.059189704824606726,-0.030361010076975947,0.0008638258973104329,0.0,0.0,0.007890402701133448,0.0031702721243295207,0.04896919281092438,0.010790165379712113,-0.006146695500268862,0.0,0.01030669832898845,0.014357816282797697,5.551115123125783e-17,-0.030517431663239225,-0.007821655915092929,0.0,0.011708351688217045,0.0,-0.036477035493553966,0.006991104023298,-0.02674759630273249,0.02522855419956327,0.002215756248902079,-0.015311707960152132,-0.041654854918666606,3.8131187968526437e-05,0.018255670531091672,0.00941552010725799,-0.01320730648959817,-0.017366316083886557
-0.01055791373806092,0.038192420210107714,-0.0032650305405550473,-0.01956527212757425,0.03869357375706378,0.03198263978879923,0.014568537880391252,-0.027086469705458582,0.03137892455162128,0.016811882467251016,0.0031860516704861896,-0.013449325074066543,0.009555456919970728,-0.008606900915004989,0.022186367265315476,-0.013877876483765539,0.014767350109798072,0.020008408921141363,0.010628984293546972,0.021174402644131896,-0.01248028423260339,0.0,0.008260134748875436,-0.02511547028118155,0.028858803662393795,0.01384804657800115,0.01134400532829366,-0.04656918389320863,0.021168339561389526,-0.02998744223351868,-0.014157324897491497,-0.022914560943237294,-0.011681364941280914,-0.025709719305715306,-0.03483731372908827,-0.02574924983903648,0.021486763444644064,0.007845994564971037,-0.04530305396395112,0.0018825133045190512,-0.00606547168153776,-0.021374723351442415,0.031671010512607345,-0.001585600706801471,-8.277623459784778e-06,-0.008575474155313123,0.0015261781407109876,-0.004372038594337879,-3.001918686407201e-07,-4.674737951970709e-05,0.007361799638632316,0.00014630608720200833,0.011888926987266013,0.006931432269203508,0.03974926265676709,0.0,-0.006439318327394028,0.01650698566626091,0.0,-0.024892979485085065,0.010204473902595268,0.016157888161778877,0.030400168844942732,0.0,-0.01585668446959071,-0.023454937073446924,-0.0073756590859811455,-0.012521953845321065,-0.01650597506013679,0.02667228927973031,-0.011852512881771138,-0.005708276417648539,-0.0036445794317333524,-0.010623218274983415,0.009275768105448334,-0.002779010848954877
-0.026640185141263373,-0.0033204691713265566,-0.046592165249066564,-0.008296784651988853,-0.008876366808642344,0.006409696214925931,-0.007275188991588855,0.008833520596880362,0.009429278155025256,-0.008478711883326495,0.024302746947327147,-0.03879520390239599,-0.007799539950130829,-0.0017719806750927103,0.007733144646352941,-0.017451361512752284,0.0013976729941544974,-0.004967431289115587,-0.022441288403847348,0.006074783412252649,0.0022219845807942007,0.008260134748875436,0.0,-0.02864269076758541,-0.01654739612750261,-0.033681356712209176,0.01383611779395244,-0.010990020155942248,-0.0007378219814230258,-0.014420922888897736,-0.004086458974034146,-0.013396439621039424,-0.021688913227985496,-0.013019812940340547,-0.01744574666335752,-0.018475458782416743,0.0025404057666808533,-0.012743154630000919,-0.04036177701093624,-0.028096887841189855,-0.04170621962133392,-0.05232130632627008,-0.006186320098917286,-0.06343291654861322,-0.008340511228438319,-0.002114391132232718,-0.013826628071244906,0.013557667689850894,-0.0015895830729666938,-6.698323595843991e-05,-0.014558565576436977,-0.006404861730747502,-0.0050583152474457105,0.0024082311174083992,-0.0014208769579205915,0.008977797831311474,-0.004839408337336482,-0.014302288082218395,0.0027551863573286317,-0.0324496267963556,-0.0008328893309089147,-2.754615103406355e-06,-0.0003592631381444389,0.007546517999704183,-0.03780156409135399,0.002676483149304243,-0.024236847288187535,-0.002921471413792065,-1.0615738162689237e-05,-0.017846746576681116,-0.026545575421992595,-0.018015598055883764,-0.011342549070654295,-0.016413189125572547,-0.01867782612535146,-0.028912405325666912
-0.032379537308298234,0.01503579525140969,-0.019748130071253422,0.0064100928867318885,0.010133439170471104,-0.03196664290498874,0.013315421936098248,-0.017890079983044815,-0.0038087697710948443,0.018152217143723393,0.012775870847984205,0.01140581798354029,0.015575265173591535,-0.030738940745520915,-0.022856473581247927,-0.01676665408017447,0.013057533170048097,-0.008861029091680905,0.018844862576268606,-0.025895114793338836,-0.028375370383837806,-0.02511547028118155,-0.02864269076758541,0.0,-0.007834288099251407,-0.018153747744567517,-0.04368138686450884,0.011706312623009751,-0.051930039781392545,-0.00912166690937427,-0.0016077735860074438,-0.011476759865446051,0.030005697316581592,-0.004243001171627403,-0.013355020417362196,0.02091419696519803,0.03003454499015723,0.0010991994776479164,-0.1107601979713394,-0.016646760039380093,-0.011336408100270867,-0.13183740977205693,0.007321903236106875,-0.005235525862831658,0.0314442955171188,-0.045778188230474526,0.012637324543718242,0.0,-5.551115123125783e-17,1.0880225006781874e-05,-0.003974352130130587,9.323287717910578e-06,-1.6653345369377348e-16,-1.938218872249431e-05,0.013766187753260217,-1.4258609325967786e-05,0.01429691236845615,0.006916512403931652,0.0,-9.55294577098531e-06,-0.03483980636090078,0.02672283386904617,0.006531948533140042,-1.3258923004522138e-06,0.00015283982006858432,0.00018039599733693512,-0.03659397095197453,4.363283342495583e-05,-0.0292369443885922,0.008411689529586763,-0.008844950190317558,-0.0028114289726132724,0.022379119192153407,0.005112196957238746,0.0,-0.02393584457589032
-0.004372345970078906,0.04470459111300362,-0.02317124022135303,0.0004248499194676736,-0.033072488162795066,-0.011268869266344739,-0.032132840650634986,-0.009959192254672344,-0.026061202368973857,-0.002939232396716729,-0.005307247116952796,0.013638611348501029,-0.019129091283452082,0.007415523303474336,-0.016774869635431622,0.0043206742817523125,0.020647270231824832,0.0002594199001607067,0.02669567146309121,0.02228152791900606,-0.00863428559575824,0.028858803662393795,-0.01654739612750261,-0.007834288099251407,0.0,0.01432600915606419,-0.016181578400502716,-0.010613716887580338,-0.003216647510297266,0.01516578310730382,0.005673318827059681,-0.02393553689105571,0.015157230107517183,0.009556626958086456,-0.004103366486525373,0.003051402934497627,0.002439685465102759,0.03174012392404091,-0.01583994699973723,0.015554535424591731,0.016025696501087816,0.010085222787944714,-0.015614635696143853,-5.551115123125783e-17,0.01609180824159767,-0.017443007653173803,0.02895611940745646,5.551115123125783e-17,0.0,2.220446049250313e-16,0.007771562433114165,0.0058306471895824274,0.0011211676841908491,0.0004211892530645023,0.037750399977306004,-0.00019399361039523777,0.03538543351590373,0.021134842543680588,0.0,-0.021168042514021157,0.022011447369719883,0.03805083542955717,0.004047724702036071,0.0,0.0039434641416267735,-0.014944832991016621,0.011219956952062349,-0.019263018920256225,-0.012127560060092468,0.008995135025382461,-0.004299419235875734,0.00978753407096955,0.026282612958024476,0.003933266494748344,0.0,0.007576609687308278
-0.00575797640005371,0.02018925671480415,-0.03739610139060562,-0.00076143768502418,-0.021623916338784244,-0.03421476468848428,-0.03566253244785511,-0.028541385125671614,-0.048082157919426105,-0.01960419535974861,-0.012341132613147732,-0.00866560643850306,-0.016436555241620354,0.0015484436638851795,-0.02267561077603575,-0.019223437955668332,0.01764759529235338,-0.0032224207638906766,0.011729397871819702,-0.012494470875857033,-0.01683221340299662,0.01384804657800115,-0.033681356712209176,-0.018153747744567517,0.01432600915606419,0.0,-0.02460293684460385,-0.014310294355879993,-0.013733141809685712,-0.020469137857433872,-0.01288674124414485,-0.030670863886248845,-0.0041239317182546475,-0.012928036676360222,-0.026619978782116693,-0.07924764501824749,-0.023476451865712233,0.026940502802823563,-0.04517420757674906,0.005503158344009829,0.00704619639123516,-0.00691972275576741,0.01740645804277935,8.457617011015106e-06,0.04735043908756481,-0.02968154165422565,-0.0065509758536728135,0.004641131440079993,0.0,-3.752191455297371e-05,-0.0007548361584781005,-0.0030486342580821613,0.009950576939058542,0.0031418313127289377,0.032611814870433686,0.0,0.02923514105784769,0.009070433839284298,0.0,-0.041480555772922256,0.009082798018606952,0.031230506966179794,-0.0031982210180474535,0.0,-0.008621115666564094,-0.04816572802836577,-0.015532587393426556,-0.021416071708341977,-0.03345605462284895,0.002078785201182376,-0.015103385227080879,-0.0036188228906995357,0.03162987839952319,0.0004145790987798992,-0.0003021988594115177,0.0025719867077594882
