0.0,0.014894955207238991,-0.016272075847746814,0.0,0.0113743310759713,0.031354176412829504,0.03397412649015491,0.020758086035451262,0.013447359744816145,0.027453514226626896,0.0023379584259236585,-0.00493293904216785,0.020108961382462487,0.014095753388536914,0.011754681089057584,0.005916613078400579,0.036645773708396556,0.024131051910414425,0.0,0.014034110576892411,0.043205351777197365,0.018160377143143502,0.014633952729372124,0.008233435894749175,0.029060995727122396,-0.002998366124524976,0.01078206727288522,0.01876016874425085,0.024191221535871776,-0.0003306400834398038,0.030306920617848898,0.018615146437772456,0.025920515589569315,0.023607757379281447,0.02976455229207886,0.023346052425549324,0.00027406180637756794,-0.015972576612928446,0.018642610763441148,-0.004391700068738014,0.017387090167199803,0.00792983509905626,-2.1798307672515893e-05,0.0,0.01996769835140272,-0.01667598723549074,0.0029121191641115485,0.0,0.0,0.0,-0.008597144273353896,1.1102230246251565e-16,0.004436555787557472,0.0,0.01306864785848394,0.0,-0.014283878733360289,0.0056240197395505676,0.0,0.03258999223672887,0.00787008414960666,0.024359803945961156,-0.0010516144441310438,0.0,0.005981748319207614,0.08656262365290618,0.03143770476337249,0.005929963500686142,-0.009337996971963192,0.004545432305769592,-0.0055665648309170535,-0.007058995734417706,-0.0001492878007221532,-0.01071331847146062,0.0,0.010295854960545692
0.014894955207238991,0.0,-3.335947601340594e-05,4.3456760217830404e-05,0.026904069737682224,0.025706361899382857,0.0196926216503861,-0.023955811475193323,0.016348401211800145,0.02631037483557369,0.004278147606700811,-0.004184599416731716,0.01983066293464375,0.0076718542942960655,0.023515252111126983,-0.010164458765169915,0.005857724174762935,-0.006332012828317468,0.010820217544348587,0.02183153189285758,0.03837736960800825,0.011341614666012467,0.030830525188337454,0.0072479162485632465,-0.006203563505426946,0.011847110088139878,0.019521344378353844,0.016098305845464622,0.011295781012109318,0.04319741906299118,0.009702213539652116,0.009861020397754772,0.00723411846334332,0.015067211585159501,0.015507994373236467,-0.042386073516614164,-0.0009388175478929339,0.0,0.0231840980165417,0.035983342410548846,0.031523526153900694,0.030074741317641984,0.005127437629405207,0.0,2.220446049250313e-16,0.006776617018309505,0.02261041417803944,-3.8740262483016874e-05,0.0,0.0,0.017778440220243663,0.010833308201168346,0.020703146189821275,0.01130533940043671,0.024662797136220216,0.0,0.008098624280007682,0.010805364262832018,0.0,0.01174519138040414,0.01573348542309716,0.023649380940653497,0.012732865605174393,0.0,0.015398901266725884,0.010541139715212533,0.025845330384475174,0.01802013730963037,-0.0033156332814041067,0.022657331808221826,0.024019804466829386,0.020130078527177853,-0.009936877188309268,0.009445531446976074,-1.1102230246251565e-16,0.027344637675765116
-0.016272075847746814,-3.335947601340594e-05,0.0,0.003949724451379588,0.0005280297743137652,0.01900316026014298,0.005956371727387333,-0.013406929265305512,0.021713533298663434,0.011481722076532308,0.022174123649254363,0.004261018973341746,0.009766984442012627,-0.006963777894088141,0.03601898528395342,-0.0007695946747460214,0.008736458208157827,-0.0075595639587991426,0.013285151719840127,-0.0035359707757818826,0.01728047382170994,0.002425386575890809,0.010958117059636563,0.0036016555650465465,0.021731224808793692,0.037435010290253534,0.009377896825548182,0.010242914430783512,0.03089409777547414,0.010028232835681106,0.019812822933767016,0.017478192954362926,0.007538274415575474,0.007084425321541521,-0.0003077489745424433,0.008924888549061982,0.005789729171968294,-0.007122094332246642,0.03134783075358938,4.464388463354396e-07,0.03575541340327304,0.03602962140197491,-0.015568268581985234,0.01515943726234481,0.0,0.0,1.4319898605397174e-05,0.1373828370537306,-4.8959581692153975e-06,0.009131979651426092,0.01659678602034509,0.025704610689503027,-0.004303995876331013,0.016230195952071313,0.0009183896705727834,0.07021457536002107,0.018825741199309465,0.032854908387063175,-0.010014649423773836,-8.965788015824483e-05,0.0,0.0,0.0,0.1853645912332446,0.007715093055718436,-0.002921181869838585,-0.00020658429338688,0.009375035080138594,0.0,6.894942232443801e-05,0.01205881474086351,0.008694231668913699,0.021185024289290033,0.08407512429632624,0.006098118514869855,0.023028869273303387
0.0,4.3456760217830404e-05,0.003949724451379588,0.0,0.008047432859950632,-0.0042166807969044595,0.018817235066879268,-0.016444086231372113,-0.0014092741915583962,-0.002953515825879549,-0.034325633455479565,0.02638343907645474,-0.007256674062664614,0.01891279104741883,-0.002462164911838538,0.00021717802166737465,0.0042042961289294745,-2.2294670959766005e-05,-0.022449041717203022,-0.020327655460073757,-2.2819112418470677e-05,0.005267202697134932,0.002047197494720321,0.012326536518906361,0.0004886628616860289,-6.943600006498185e-05,-0.0016850300402523333,0.003341033525050663,0.005163429676825704,0.0028453785041908652,0.10066753019630381,-0.02199368995430795,0.10375773588584353,0.02798441363704618,-0.0006494690157161642,0.01089275147880181,0.0059909438897648715,-0.0016648539059743728,-0.005857352449147646,0.0005499894126425042,0.029698816017054097,0.018330995944089712,0.037412757657792284,-0.016193582551069674,0.0,0.0,0.0,-0.0003850722190597011,0.0,0.0,0.009922103291808482,2.220446049250313e-16,5.102432324299855e-05,-0.00031759713683443547,5.551115123125783e-17,0.0037196248067704607,-0.012474544767563295,-0.00023940907267533396,0.0,0.0,0.0,0.0,0.0,0.0,0.0,0.0,4.4988106682575246e-05,-0.0050868377192994085,0.0,0.0,0.0,-0.0026461827521027104,0.0008923057224280995,0.0023692608241186464,0.0,0.0
0.0113743310759713,0.026904069737682224,0.0005280297743137652,0.008047432859950632,0.0,0.006881571455234381,-0.011748376409390748,-0.04038953342870688,0.014439966550100436,-0.01949742116200953,0.004913743280659022,-0.00599606857421503,-0.017799887281712,-0.006800842596072887,0.010891220003822366,0.00027901336298102875,0.011239247857865564,0.02358316041047004,-0.008414517957745449,0.0014236510433688898,0.03157796263006196,0.010506116800098608,0.030339180494416973,-0.0004194027656284627,-0.008721091615965904,0.02609176324450191,-0.004206163426628162,0.003594277659994538,0.030486477993434513,0.014299342771288859,0.012678248683897553,-0.030338250837395497,-0.02978752519625283,0.005440750949396056,-0.02026678593665171,-0.01302958001841889,-0.014175225490294596,-0.003788446423862668,0.056701591838770715,-0.0048827613258530245,-0.11150940823240468,-0.004995609660342126,-0.05829477618766904,-0.036433591588101666,0.00014422105892369919,1.1102230246251565e-16,0.008184278125442146,-0.007158503257599369,0.0,0.004009665740613233,0.013372815455321097,0.0020764543547143743,0.0015851643698875373,-0.011430870254982906,5.551115123125783e-17,-0.0004915953675376228,0.004660396124839428,0.023144570925238805,-0.046504910988821646,-0.0019432022997781795,-2.385047473457691e-05,0.0,-5.551115123125783e-17,-0.01870651364553333,0.015345891624783503,0.00014179776964617918,0.008643243122517075,0.01778502205895438,0.0,1.431336843515929e-05,0.011397735226954753,0.00886870978078913,0.025589605383854297,0.038665167745976114,1.1102230246251565e-16,0.02890257921808137
0.031354176412829504,0.025706361899382857,0.01900316026014298,-0.0042166807969044595,0.006881571455234381,0.0,0.006824885802223513,0.020840482704648444,0.013491300539903994,0.008695206220888096,0.015590517459383668,0.011093376275606859,0.013923787795716402,0.004537213285071284,0.006702499428673958,0.024818172141405248,0.01624871539736633,0.010084666782683882,0.007516292946923464,0.025269794056413608,0.016709355365886136,0.018064219247912183,0.00665631239390424,0.036184578317624005,0.014542724083829783,0.029778258007721603,0.00204824833354611,0.004767306599272103,-0.008694266144627927,0.007285307214524361,0.012716516593029525,0.014245679900612984,0.022795409433267022,0.004849218384797793,0.014792889048900693,0.024820410504165502,0.003618385896628218,0.0015719480162851296,0.02962540604418129,0.03329086208387372,0.03373997141890672,0.03326574204237753,0.046688956075273735,0.03265094516386957,0.013008561000715513,0.012796174957947104,0.01347115639386759,0.008380902900446241,0.007511171252124305,0.028275440873977487,0.024103115111885676,0.02467484387808827,-0.0018310345393316996,0.017848902027732483,0.0274680232142806,0.023442978253061963,0.024896894591761976,0.01845311586204601,0.00840303357821065,0.023825511503203278,0.018385519027628028,0.0,0.03519021229913738,0.018529694872286284,0.02361519665932693,0.040117870514587206,0.027165727581723587,0.014048215592441515,3.782716701522526e-05,0.022664386387959368,0.018894659193830265,0.015476849464474474,0.019256733936474757,0.01966434868290362,0.015073777139570477,0.027176911465635833
0.03397412649015491,0.0196926216503861,0.005956371727387333,0.018817235066879268,-0.011748376409390748,0.006824885802223513,0.0,0.015593612289893977,0.0011520076118331501,-0.008948122479617182,-0.03171064108781718,0.0003400139502277577,-0.024564949159335603,-0.019494080982783935,0.010662952841344109,0.008403906373611603,0.011248317396791718,0.003507314691213015,-0.015595906673631477,0.015736176710261895,0.01370346248796167,0.004364761218024482,0.02371187698045857,0.004867206879440977,0.0107972618340052,0.015166104603296648,0.009265134575391298,0.011742207255166004,0.019287438426750625,0.014119042023329198,-0.002213589309963182,-0.012667533669779962,-0.015479439806472373,-0.0012222562966890949,-0.014146409081079836,-0.01944805717463871,-0.017578881826138204,-0.007676261695628128,0.02902881707004573,-0.03290010620638023,-0.03726706431218685,0.091600651091084,0.053152868859800306,0.04147692623234156,-0.023925647357350144,0.0,0.014403385888102915,0.015963528332610166,0.0,0.03666809482603639,0.022314066206935212,0.032920642569046366,0.005247961380465904,0.026829886563438987,0.004571369803355485,0.029442758102708133,-0.0029799674125242648,0.015919743475043435,0.014205664649376726,0.010546398178352179,0.010957022930847105,0.0,3.094659043656467e-05,0.02979258606211288,0.013081816672824265,0.012049971833152762,0.010145393155934768,0.01794371598870237,6.877854134912376e-05,0.008486665150951311,0.027920758750064223,0.018342978935968812,0.020720276120576364,0.00750838898149514,0.009246639865407191,0.017858016365884577
0.020758086035451262,-0.023955811475193323,-0.013406929265305512,-0.016444086231372113,-0.04038953342870688,0.020840482704648444,0.015593612289893977,0.0,-0.0001314688671734121,0.012631509756285353,-0.025968751974926263,0.0007472038646839096,0.01780888406679343,-0.014743346186413653,-0.010026365064962017,0.022784540116683127,0.012085716802498259,0.021553470623660698,-0.02223539057553031,0.02540919751611498,0.0028921066095372594,0.027494583881759127,0.024088691737327472,0.004481190176915284,0.016357019440584042,0.01336398720822568,0.017951494798163214,0.018534940890769125,0.0372654578585313,0.021260668645819825,0.019260911940192693,0.041219452604831675,0.040790750199910686,0.01337905775890419,0.021253175270294467,-0.006841461430707185,-0.00015830393602422888,0.019427647903462464,0.004191771275213418,-0.0021435364763786047,-0.008942151894594241,-0.0030930463158906907,-0.04611299830476723,0.00017207698868215715,0.0,0.011603662740113818,0.010106643276982241,-0.005071648202404244,0.0,-0.010121223127983192,-0.0019816830312999745,0.01569345261682742,-0.04950180597220649,4.187480406225852e-05,-8.956867764842169e-05,-0.01705891663685477,7.781886662661108e-05,0.0034894156537946808,-0.033487381380751524,-0.010030167713152516,0.03943854746514569,0.0,-0.00025374898854718664,0.002676184812563931,0.0029191187618259895,-0.031078221746325907,0.006790654035637167,-0.01639131139596256,-5.551115123125783e-17,0.023190254056302095,0.014110236909819829,-0.009309873334117702,0.0014070789295295705,-0.005917631028028281,0.0005538307257261232,0.004898045502721771
0.013447359744816145,0.016348401211800145,0.021713533298663434,-0.0014092741915583962,0.014439966550100436,0.013491300539903994,0.0011520076118331501,-0.0001314688671734121,0.0,0.002433297910879817,0.01306335857906149,0.01717978299901879,0.0093173858811883,-0.015648445202046224,0.029663113454533985,-0.0004085372816343136,0.006612517338749124,0.02582144330584696,0.015591456950779403,0.0030379726602239865,0.007522649670318626,0.00044148908720020863,0.008332303577441413,0.0017239970141434413,0.041696606489590005,0.05277532999901857,0.020732937937609275,0.011361140651184765,0.019926935018159342,0.016160262149250315,0.01686292234208825,0.0210872342698345,0.0015495755246103249,0.010861874734097998,0.014367699699103287,0.013353098987704648,0.015144806527069787,0.0049811998035103056,0.05168376009315734,-0.007381147428579815,0.011857371857424859,0.005506426389328634,0.0039299911974775,0.09730973141126725,0.002004892199449826,-5.551115123125783e-17,0.011016119633590615,0.007586544181891419,2.352041261144411e-06,0.023344119161582078,0.023293352705042625,0.03015533005817339,0.0016951880336897318,0.0039002897142217385,0.020295751886661717,0.004057478531395042,0.018205459273202773,0.025293570442147306,0.0012805226157864835,0.02548558920821753,0.01064970894142786,0.0,0.0,-0.001793175977598871,0.0062270468939774615,0.005565377033790009,0.015127418145382487,0.01764981604124527,2.8947331139617116e-05,0.01009189908975261,0.026879835222081983,0.02066849957793848,0.03181084262895861,0.02597332787647494,0.013396139023709175,0.030319152328596388
0.027453514226626896,0.02631037483557369,0.011481722076532308,-0.002953515825879549,-0.01949742116200953,0.008695206220888096,-0.008948122479617182,0.012631509756285353,0.002433297910879817,0.0,-0.02392814146647332,0.011850483744060725,-0.009828170839824402,-0.011535206071339732,0.03210160840306503,0.01228803738056794,0.009262598538324507,0.0019106152647501151,-0.015630892974671462,0.005415256364444843,0.01571252288659286,0.01695267534489986,0.013498395643675998,0.01918194271716306,-0.0027423324104106084,-0.005737461121071763,0.0071817866248877205,0.0006278515073711022,-0.006178955996395896,-0.018002266450081517,0.0012446951645880278,-0.01572346168720612,0.018427750184176195,0.01849995782029168,0.008675017309852595,-0.06030062966645772,-0.030761192420002526,0.018746121267329996,0.11542719985196997,-0.0045577220925925865,0.043713460629619116,0.10423339441147711,-0.013780664322811331,-0.004096548619549278,-0.03554561328519429,-0.01888735876979042,0.03205041895551913,0.00025698041211863476,1.3355216111399226e-05,0.00038142288867870633,0.018088585934182444,0.048586919928020056,0.0026795483678698773,-0.005326539983622924,0.00020557875577525975,0.006865891384293665,-0.02184274468341768,0.0360128963672392,0.0,0.00043209660867910005,0.01974496019952232,0.02498445095651125,0.0226102886907511,-4.3899295210647615e-06,7.13252616708071e-05,-0.008682727810902624,0.007200479531705495,0.011619883490069705,-0.004480958993569484,0.032555363070791765,0.009507476224149602,0.018919195287807333,0.047915905131310776,0.016131172911503844,-5.551115123125783e-17,0.036629090214982285
0.0023379584259236585,0.004278147606700811,0.022174123649254363,-0.034325633455479565,0.004913743280659022,0.015590517459383668,-0.03171064108781718,-0.025968751974926263,0.01306335857906149,-0.02392814146647332,0.0,-0.01014144020427682,-0.023657576030059746,-0.010660831848510188,0.0,0.00010968180960502227,-0.013236894633300356,-0.004237175476430488,-0.0016141825388340525,-5.280119626088764e-05,0.0022066473256122654,0.0025587756692617147,0.036464536096205036,0.0038588225632458784,-0.002851226679281449,0.0025368340918651144,0.01564688998051944,-0.017008595013889793,0.01665441985724936,-0.0017954741668516627,-0.0036667457043620955,0.019451789508645845,-0.021865716105193833,-0.002146545371844777,-0.003758439437420824,-0.01785943487705338,-0.010292229602166858,-0.02295381854475953,0.05997133242817304,-0.032809998541457774,-0.048339195111304356,-0.0273421379887811,-0.04330600309206417,0.006323342765468032,-0.003655187896373091,0.0,1.1102230246251565e-16,0.050593360411983146,4.5544409738029756e-07,-0.001635457757534986,0.013148848683541492,0.01146084836850092,0.007587395687774057,0.03069391323150833,0.010482574827178681,0.028268203996261065,0.018499651460485766,0.04535794363328993,-0.026204989414021662,5.551115123125783e-17,0.0,0.0,0.0,0.024740528683656893,0.005540438733963815,0.0,-0.00011129274398741229,0.006429468488655443,5.551115123125783e-17,0.0,0.00017502444994649258,0.00837086958472577,0.030348226036068238,0.01514374446444039,0.0,0.019446310262622446
-0.00493293904216785,-0.004184599416731716,0.004261018973341746,0.02638343907645474,-0.00599606857421503,0.011093376275606859,0.0003400139502277577,0.0007472038646839096,0.01717978299901879,0.011850483744060725,-0.01014144020427682,0.0,0.002046897656869995,0.06332643614939482,-0.009708555381176598,0.027609455241461356,0.005491567881257264,0.01690332391385041,0.0025429502584243258,-0.0005574880240752367,-0.006192855061203095,-0.011980591364053661,0.014250722174032004,-0.00023144626269927526,-0.00725602418876925,-0.018453748840086603,0.017129090198222896,0.03178306610859305,0.004609763958714486,0.014168169841155709,0.016387369294184995,-0.013749981376964926,0.010013460377169658,-0.007230283713247632,-0.0129097076276673,-0.009026710050146658,-0.0003395476800535091,-0.01913349016127211,-0.028781526626854848,0.020370035312630208,0.0236411387656994,-0.057180328417024806,0.002339950828147197,0.02753287898872192,0.0011163391201052253,-0.005935045427180485,0.01027608356518317,0.006033203373428719,0.006605809616128083,0.010541731202471316,-0.00632296150039191,0.0390913500506313,-0.00028287118012454426,0.004673586182434075,0.003575035868849663,-0.0034393685538002816,-0.011203054880681518,0.036827801864076304,-2.8775957325199997e-05,-3.7867080348308324e-05,0.0026898518755035794,0.01993033328374766,0.016855237599543715,0.007320905875469352,0.005390961036234376,0.013745282600503006,-0.0005845923507943884,0.018452812809149344,0.0009259813378176274,0.021591340377424717,-0.001178688856408927,0.046667843897193306,0.047982126570344896,0.0027432799465914037,0.0,0.03279490108677163
0.020108961382462487,0.01983066293464375,0.009766984442012627,-0.007256674062664614,-0.017799887281712,0.013923787795716402,-0.024564949159335603,0.01780888406679343,0.0093173858811883,-0.009828170839824402,-0.023657576030059746,0.002046897656869995,0.0,-0.014009523331859397,0.010052782309528663,0.007258626875256968,-0.005525185495575402,0.00034409820501934973,-0.002433802976258448,0.013532052212310464,0.01479328998709667,0.007508812100065876,0.01656667461049327,-0.004568198087888997,0.008619396651516897,0.00623148268748186,0.007640851823624395,0.0032643354076223874,0.015701253637751877,-0.000600240863908863,-0.012295217137994086,-0.01280453528853509,-0.0141839382117242,-0.0007276330355257543,0.011355726149099576,-0.019042350253677565,-0.014063294560109907,-0.003278341638452753,0.054829168513161,-0.022053837519518615,-0.01602934086236768,-0.03555970681964199,0.050742800818869616,0.053244572690021696,-0.040320569286841135,-0.0002431112069806729,0.016529641025813724,0.004871436277040897,0.0,0.022228428737514516,0.0220915772333804,0.029384747886859297,0.004328286490624889,0.019141966482473904,-0.0006065471870513872,0.04300450030287639,0.022479042790096326,0.022608166090848814,0.009778668695021808,0.0017590541913548585,0.012982564161980348,0.012232460112046317,0.015238789585203416,0.013863627031852732,0.007766949916006349,0.013407681634624913,0.015924199476350154,0.013563249144308842,0.0065471984232182145,0.009449560064312135,0.020565694973824433,0.013655787208803116,0.020325645489982058,0.007434945720096731,0.01875528785991787,0.018119322382735725
0.014095753388536914,0.0076718542942960655,-0.006963777894088141,0.01891279104741883,-0.006800842596072887,0.004537213285071284,-0.019494080982783935,-0.014743346186413653,-0.015648445202046224,-0.011535206071339732,-0.010660831848510188,0.06332643614939482,-0.014009523331859397,0.0,-0.0009134509672105717,-0.0004533897975227963,-6.119846342006463e-05,0.00010736223788149202,-0.023336698106913356,0.0003591325968854697,0.013537105233605629,-0.00461170278958295,0.01978211596791002,0.022054934301524776,0.01760455195100008,0.020215915587070754,0.005424191209558282,0.00925455374283879,0.014486336300811586,0.009193749988585964,0.008303449793089446,-0.05469491837189738,-0.006819325821220135,-0.016471874920924445,-0.023978523641844662,0.0018132933425599462,0.01395861740128665,0.018390769723356293,-0.006386883335255,0.0,0.0029090931405097997,0.00020048244745513033,-0.04432471624977602,-1.3109952683443282e-06,0.0,0.0,0.0,-0.028495423436656564,0.0,-0.04983733923130662,-0.08917688088469183,0.008927445576900284,-0.07882296926077231,-0.027698594923743658,0.0,-0.0431848861939218,-0.00024236019441414847,0.010936952117658938,-0.05381122936507843,1.1102230246251565e-16,0.0,0.0,0.0,-0.012312358519400768,0.0,-1.1102230246251565e-16,0.0,-0.047905097022588494,0.0,0.0,5.551115123125783e-17,-0.0004866261728564414,0.0008779469277681029,1.1102230246251565e-16,0.0,5.551115123125783e-17
0.011754681089057584,0.023515252111126983,0.03601898528395342,-0.002462164911838538,0.010891220003822366,0.006702499428673958,0.010662952841344109,-0.010026365064962017,0.029663113454533985,0.03210160840306503,0.0,-0.009708555381176598,0.010052782309528663,-0.0009134509672105717,0.0,0.01989772998252004,0.0023902718155447977,0.026996681895979147,-1.1102230246251565e-16,-0.027590721859638734,-0.021648634473031614,0.0504338465841046,0.0033636291130068052,0.007689539340356544,0.046502744307924615,0.003613227809181274,0.025054277470432096,0.009866726983345342,0.013384297807290835,-0.002269421583048159,0.02695524194993998,0.02208667976067924,0.02677852812088377,0.029933711752948344,0.028653984980204827,-0.0032922978443722384,0.002161309865066685,9.883626909207299e-05,-0.006783718865353894,0.0014623176898954093,-0.0020087875275706657,1.728883589846575e-05,0.05310835957130644,-0.004070970214720915,0.0,0.013208502258309607,0.009872256833993176,0.008492773587120417,0.0,0.0,0.011011353714616645,0.009162380182539231,0.032195186357833416,0.0031802765213349016,-5.551115123125783e-17,0.0,0.015347016365567734,0.01708914628284064,-7.465893555158587e-06,-0.014493973559998985,0.014198069545383607,0.0002609683581858424,0.021231457816556276,0.0,-0.08724749612055183,-0.004773139959026951,-0.005464623455028017,0.012582540972399914,-5.936147128787761e-05,0.02106764266807143,0.010830512901070288,0.0012437934051129917,0.019522910566157847,0.017053648839903124,-0.0031467596132190856,-0.003972171099246191
0.005916613078400579,-0.010164458765169915,-0.0007695946747460214,0.00021717802166737465,0.00027901336298102875,0.024818172141405248,0.008403906373611603,0.022784540116683127,-0.0004085372816343136,0.01228803738056794,0.00010968180960502227,0.027609455241461356,0.007258626875256968,-0.0004533897975227963,0.01989772998252004,0.0,-0.0018235818536338488,-0.0010028495197593745,-0.00014205344458445568,-0.013164619546308431,0.027379417902734626,-0.015328376662060106,0.025665600854836712,0.021800666515107425,0.005140410302977572,0.002801457723133227,0.012913420655403296,-0.002332623730870287,-0.001981629829630016,-0.022310870359701862,-0.006051895646254191,0.004124929899170626,0.0016504366858016706,-0.0010687556190745462,-0.01761246040354547,0.016086247720230373,0.007335210854435836,0.022872390340120285,0.022368724774449567,0.019380453639992357,0.019040968666612423,0.02640417850877186,9.7349555601145e-06,0.0,0.0,-0.0016565406217805556,0.015040464435271739,0.0,0.0,0.0,-0.00034555426279003765,0.007193714267523077,0.01059276808687093,0.0,0.0003764310159297124,0.0,0.01739249861929798,0.01668629409923278,0.0,0.0009916590957306237,0.006723203286649826,0.031337211660358855,0.0034532148860077494,0.0,0.0036807685111446276,0.007492628087482245,0.019038854753335666,-0.009814544597076869,0.013619893773115288,0.017906176753014424,0.009031639970324357,0.012967713043314066,-0.021213335499151942,-0.003746363160124666,-1.1102230246251565e-16,0.0212892048416522
0.036645773708396556,0.005857724174762935,0.008736458208157827,0.0042042961289294745,0.011239247857865564,0.01624871539736633,0.011248317396791718,0.012085716802498259,0.006612517338749124,0.009262598538324507,-0.013236894633300356,0.005491567881257264,-0.005525185495575402,-6.119846342006463e-05,0.0023902718155447977,-0.0018235818536338488,0.0,0.01651179419298099,-0.026073440561372285,0.025589873153576526,0.04017492291022401,0.017029968217657232,0.0035736164191403907,0.0175495577186196,-0.0370199036305881,0.00978147090093423,0.0005944516984865422,0.0098590593790992,0.019598022739892418,-0.008445253060012092,0.005198009001499304,-0.00969815881838687,-0.0022614883860457846,0.01175573110254774,0.0028967744218799107,-0.00482921248271273,2.699476889173047e-05,0.012745354414744448,0.009014115687653812,0.04550683598622007,0.01797142124109824,0.0006569026114818244,-5.551115123125783e-17,0.0,0.0606614928314021,0.0032794644263209327,0.039711676584939126,0.0,0.0,0.0,0.0,0.0,0.0,0.0,0.0009321333137775056,0.0,-0.007304917089905993,0.023855941169716344,0.0,-0.00010874785216757887,0.013631936524891697,0.011885732070642197,0.025600034006303396,0.0,1.1102230246251565e-16,0.0,0.0058008927901854745,0.0,-0.002995228371537373,0.02841467163854694,0.013892811164246233,0.0,-0.004938867730651275,5.866837572798822e-05,0.0,0.01899374351751787
0.024131051910414425,-0.006332012828317468,-0.0075595639587991426,-2.2294670959766005e-05,0.02358316041047004,0.010084666782683882,0.003507314691213015,0.021553470623660698,0.02582144330584696,0.0019106152647501151,-0.004237175476430488,0.01690332391385041,0.00034409820501934973,0.00010736223788149202,0.026996681895979147,-0.0010028495197593745,0.01651179419298099,0.0,-0.007692143716340083,0.012566950663550291,0.046280574829528465,-0.00437126132477883,0.023867978819245184,0.024328994519057623,-0.006577680600823588,0.012798569099685464,0.014842119237202411,0.005025034010905871,0.004728780859492299,0.007301978853322566,0.006258364330585353,-0.0014625843097495483,0.0024034864422501356,0.014812678636240528,-0.005516160683138038,-0.015246686462204284,4.499042679267928e-05,0.04283033597855368,0.014077092767934452,0.03278883799713783,0.016981583796275734,0.02268618091460667,0.0,0.0,0.013602875274986437,0.004117658433289484,0.018478140346440464,0.0,0.0,0.0,-0.0058252381442095436,0.00018973907263658552,-0.00040320588046732775,0.0,0.0058203379118415,0.0,-0.00375878020447884,0.02065647608034832,0.0,-0.015271982708574439,0.009967477193418395,-0.0060077419726426995,0.0026771528095709263,0.0,0.0064603850296570675,0.009144535828698064,0.016141418444830413,0.006122083425902591,0.0018550166073568186,0.013240278076003642,0.00911473715091049,-0.006356340545323191,0.011407491751670329,-0.006186819135035715,0.0,0.0279737658214117
0.0,0.010820217544348587,0.013285151719840127,-0.022449041717203022,-0.008414517957745449,0.007516292946923464,-0.015595906673631477,-0.02223539057553031,0.015591456950779403,-0.015630892974671462,-0.0016141825388340525,0.0025429502584243258,-0.002433802976258448,-0.023336698106913356,-1.1102230246251565e-16,-0.00014205344458445568,-0.026073440561372285,-0.007692143716340083,0.0,0.00031116388301744013,0.008630965931679946,0.009199894207321757,0.008394356215388588,-0.012620799562643836,-0.006291473687391802,0.0021151452413353256,-0.0001371322984449197,0.0028623738767670215,0.007731808918548411,-0.0018842634637484257,0.017742604087197023,0.02474468802062524,-0.010855576462367733,0.012301486149220997,0.009248117355218799,-0.014842757629002112,0.004022571903927075,-0.008158236950193631,0.042842371423561176,-4.8038138742489966e-05,-0.03761242140776505,0.018807418455814573,-0.026443624486489403,0.014884380153655008,-0.000533740134238625,0.0,0.0,0.058214890587409085,-5.551115123125783e-17,0.01359180830629636,0.024153684732919678,0.01030479198931522,-0.00756132191623482,0.0016267986977304139,-9.658227172004707e-05,0.039505395063739734,0.01242982054322006,0.02630371361980577,-0.03024532889339815,2.220446049250313e-16,0.0,0.0,0.0,0.011190882479674369,5.05021041303233e-05,0.0,0.00011238151809833674,0.010017747608351057,0.0,0.0,-5.551115123125783e-17,0.00875199880453259,0.012117057074899629,0.029524171647151265,0.00017410894600833338,0.020926740912721176
0.014034110576892411,0.02183153189285758,-0.0035359707757818826,-0.020327655460073757,0.0014236510433688898,0.025269794056413608,0.015736176710261895,0.02540919751611498,0.0030379726602239865,0.005415256364444843,-5.280119626088764e-05,-0.0005574880240752367,0.013532052212310464,0.0003591325968854697,-0.027590721859638734,-0.013164619546308431,0.025589873153576526,0.012566950663550291,0.00031116388301744013,0.0,0.013720537649203557,0.01810352666713627,-0.022482408356595263,0.001047944748569729,0.021693417376576707,0.012644824135743582,0.02857908713566265,0.016746743214576698,0.03950042734228909,0.032266921072043375,0.01662100292656804,0.020088590207818613,0.00563279517084142,0.01611696217983305,0.016559705389202373,0.037288214919684703,-0.0018591043659699769,-0.05293394911927152,0.013138337205258421,0.012440114036438688,0.011218350870726979,0.01324259152555829,0.04615993974211663,-0.006822335233332921,-6.317431383801031e-05,0.001876678282946409,0.02279614425872617,0.016874997335370123,0.0,0.0,0.022409979833008742,0.008031828637243721,0.0017635178813600327,-0.0027655295416346704,0.0004951546364829751,1.1102230246251565e-16,-0.0059179357154903744,0.009632313635054512,-1.1102230246251565e-16,0.006598679860826406,0.013961396895833755,-1.548621331620703e-05,-0.012228553349339588,0.0,-0.005641546939143927,0.005835683908009703,0.011733347854112008,0.015981395077016403,0.0,0.02861998248095421,0.032957672935407856,0.017969890571246372,0.015021563073415123,0.01957930848506384,0.022407124879275042,0.012584650504227912
0.043205351777197365,0.03837736960800825,0.01728047382170994,-2.2819112418470677e-05,0.03157796263006196,0.016709355365886136,0.01370346248796167,0.0028921066095372594,0.007522649670318626,0.01571252288659286,0.0022066473256122654,-0.006192855061203095,0.01479328998709667,0.013537105233605629,-0.021648634473031614,0.027379417902734626,0.04017492291022401,0.046280574829528465,0.008630965931679946,0.013720537649203557,0.0,0.0013114456151285259,0.007865562792473968,0.014025466606271852,0.04141481376783179,0.013063340266563916,0.010363589969231868,0.022171392975293136,0.0205456232387895,0.012382881292648806,0.047717544329280936,0.014197314484841461,0.048802353947556054,0.044763131667138634,0.024643183495894283,0.011385193203502342,0.015238696529902396,-0.008992063125884409,-0.0011057618160128513,-0.044788400327961275,0.014350582968894354,-0.005340479613325733,0.03079733964954856,0.0,0.0,-0.028753319056089133,0.004847354025442785,0.0033383554130972937,0.0,0.0,0.0345362953628961,0.0036705988567523606,-0.012744631424282227,0.004450528889248351,-0.00613789043632279,0.0,0.0012325937575946577,0.010067895260267246,5.551115123125783e-17,-0.009875503760023496,0.027450913087402218,0.0,0.006238002327623782,0.0,-0.020010746928495804,-0.00619415009423252,0.008308908856084374,0.005005776174085874,0.002483424653209554,0.03880192618140693,0.010319333035188394,0.01079629193082321,0.0021516682212737726,0.011404663149141903,0.029893879954381697,0.030458014879715445
0.018160377143143502,0.011341614666012467,0.002425386575890809,0.005267202697134932,0.010506116800098608,0.018064219247912183,0.004364761218024482,0.027494583881759127,0.00044148908720020863,0.01695267534489986,0.0025587756692617147,-0.011980591364053661,0.007508812100065876,-0.00461170278958295,0.0504338465841046,-0.015328376662060106,0.017029968217657232,-0.00437126132477883,0.009199894207321757,0.01810352666713627,0.0013114456151285259,0.0,0.039322854020532705,-0.006441310943205492,0.0015089292517734276,0.02221620960603443,0.02977030749257481,0.007201724997557057,0.007892370461063503,0.004497343694787825,0.014691773516351203,0.0246997981656516,0.0202099602883824,0.021847683490146985,0.027950785054613014,0.0415861070721969,-0.005554673584266978,0.017265311510549997,0.014079292494569073,0.03365426811063588,0.019531833531956366,0.018773079031174922,-0.02198320433850781,0.00128070542061276,0.00011320420872751313,0.005174640427184851,0.01928066248424254,0.014704363832407197,4.105403333509727e-06,-4.5392895068663286e-05,0.015923986341132512,0.02085207623399493,0.011279269574371975,0.028978544857507005,0.019303846667285463,0.0,0.009539065663818902,0.008660370289263808,0.0,0.016523840791354827,0.021883604948849444,0.01211264951462887,0.015755038778698438,0.0,0.003207275002341081,0.01011470887477861,0.013270272448796971,0.01668181794996043,0.011417592464621928,0.035913423366648434,0.02217494730777836,0.007920096837928492,0.012400313090792148,0.007956188888333604,-0.006617736054769008,0.009521580298331778
0.014633952729372124,0.030830525188337454,0.010958117059636563,0.002047197494720321,0.030339180494416973,0.00665631239390424,0.02371187698045857,0.024088691737327472,0.008332303577441413,0.013498395643675998,0.036464536096205036,0.014250722174032004,0.01656667461049327,0.01978211596791002,0.0033636291130068052,0.025665600854836712,0.0035736164191403907,0.023867978819245184,0.008394356215388588,-0.022482408356595263,0.007865562792473968,0.039322854020532705,0.0,0.010157736273724849,0.023147677617604667,0.012961828725466862,0.0219348189003698,0.013908834076040877,0.01858040614069223,0.013030329688380804,0.021311035833829317,0.017943078199022022,0.03077573999065064,0.009205609337504472,0.015976566447464036,0.03008156048423183,0.010794633267531828,0.018004312929710165,0.013782877228199486,0.03171652445795414,0.009509238752948734,0.012919893678385752,0.023244711377723215,0.005403291085430584,0.016267149069702946,0.004560307987325873,0.029776065006406116,0.018236866592431622,0.0062526169134354825,0.016641844096057068,0.019958898941695447,0.020213713849491888,-0.009177437127739219,0.00840441776145806,0.016362405505562005,-0.0027187087471196025,0.03370829431416067,0.015611944843524794,-0.034823261281141105,0.006535697247760874,0.01990029758429329,3.767192656761731e-05,-0.006795137749062818,0.02418893647992726,-0.00037317292455668616,0.003868312336539337,0.009677981148055681,0.01332307609451111,0.00014518010448860696,0.03654057970274549,0.021454082197703617,0.010817998430540987,0.009861409145490163,0.007442442154014017,-0.00043946128917315974,0.01657288597361717
0.008233435894749175,0.0072479162485632465,0.0036016555650465465,0.012326536518906361,-0.0004194027656284627,0.036184578317624005,0.004867206879440977,0.004481190176915284,0.0017239970141434413,0.01918194271716306,0.0038588225632458784,-0.00023144626269927526,-0.004568198087888997,0.022054934301524776,0.007689539340356544,0.021800666515107425,0.0175495577186196,0.024328994519057623,-0.012620799562643836,0.001047944748569729,0.014025466606271852,-0.006441310943205492,0.010157736273724849,0.0,0.003034645719913076,-0.00485470252106357,0.024357425648584896,0.027510547198821733,0.041365241331514424,0.008670953724346286,0.01591909557527993,0.058721585903544926,0.0006969778932532367,-0.02100872236409526,-0.015596852785917659,0.03646168700259883,0.005126121727460908,-0.0032975793553622346,0.06394474344451145,0.044422606493245975,0.07501258566149577,0.0052154310202031096,-0.007568073205884429,0.0027926400003065455,-0.007322095423044794,-0.0005728149333262822,0.018392831817891975,0.0,-5.551115123125783e-17,-0.000148797208361362,0.003385366322337602,-0.00012750464115574012,-1.6653345369377348e-16,0.0002650694789920749,-0.009073879282327058,0.00019499975979592188,-0.02591162886707571,0.011070165867598347,0.0,-0.0005583967677674773,0.007639324998872765,-0.00010032786982339115,-0.005142052501592276,1.813281184903648e-05,-0.00028365935979490775,-0.0025014157327613584,0.019013196503676943,-0.0004593093780517199,-0.02399886109888233,0.009210957464195701,-0.003596646933265557,-0.0034671599469072167,0.02002383734280183,0.014175284563509527,0.0,0.022276037845855856
0.029060995727122396,-0.006203563505426946,0.021731224808793692,0.0004886628616860289,-0.008721091615965904,0.014542724083829783,0.0107972618340052,0.016357019440584042,0.041696606489590005,-0.0027423324104106084,-0.002851226679281449,-0.00725602418876925,0.008619396651516897,0.01760455195100008,0.046502744307924615,0.005140410302977572,-0.0370199036305881,-0.006577680600823588,-0.006291473687391802,0.021693417376576707,0.04141481376783179,0.0015089292517734276,0.023147677617604667,0.003034645719913076,0.0,0.0038280739263258923,0.0177219115023578,0.005476281980265729,0.004971020190574826,0.00028796381365553403,0.020128462891965626,0.01702758851302999,0.01703842849048165,0.021886593506607543,0.019640916883048587,-0.005978250622204417,0.002269582535052883,0.015458983618710065,0.02173692616067363,0.02822436704568465,0.017296817814645482,0.021663472799946737,-0.00032995860195284,-5.551115123125783e-17,0.027658498725142422,0.005684576230353955,0.016475867119365717,5.551115123125783e-17,0.0,2.220446049250313e-16,0.010761907378250557,0.01596205313006338,-0.014823575541314138,0.00047732143666179283,-0.015940836115239054,-0.00029703804427322344,-0.016477979212498772,0.012114760738613506,0.0,0.016453972431429154,0.01587985232562167,-0.012991817265956163,0.0018326473560772438,0.0,0.012794066806242843,0.009235166215328883,0.021452647774885536,0.014684825874193952,-0.006701858235131253,0.014383590188647655,0.008185998667930405,0.0022491465985040038,0.009576863731924568,0.002833743933643329,0.0,0.021656417321466004
-0.002998366124524976,0.011847110088139878,0.037435010290253534,-6.943600006498185e-05,0.02609176324450191,0.029778258007721603,0.015166104603296648,0.01336398720822568,0.05277532999901857,-0.005737461121071763,0.0025368340918651144,-0.018453748840086603,0.00623148268748186,0.020215915587070754,0.003613227809181274,0.002801457723133227,0.00978147090093423,0.012798569099685464,0.0021151452413353256,0.012644824135743582,0.013063340266563916,0.02221620960603443,0.012961828725466862,-0.00485470252106357,0.0038280739263258923,0.0,0.013038857868805154,0.008077653931473472,0.01824332925315031,0.025248368551322065,0.010991323193250468,0.014167749120581608,0.011577499257217294,0.01737214193636427,0.021482554978950186,0.03554287452855265,0.03390218696479719,0.009116055420323288,0.014611022629236026,0.013384951497343867,0.015631990650787464,0.020727026002363202,-0.05326987722286192,-2.9536508031224873e-05,-0.008249408054930962,-0.005196322416261834,0.02594068479042444,0.017209834332445495,0.0,-4.068869697787525e-05,0.013139861423824117,0.014290889399144857,0.009719416002351378,0.01132064730122928,-0.019360716023043123,0.0,-0.023292183799872024,0.00924728650636597,0.0,0.005043200787700375,0.015010648452048081,-0.015606866721157187,-0.0033465801621228586,0.0,-0.0033430938240499586,0.0026306729788509453,0.02172513253929398,0.01995734175064512,-0.01633320030976254,0.006229551653326948,0.0021645516963798017,0.013259190020508571,0.003427478123148864,-0.003170293023092352,-0.0004014646630782215,0.015965265200056256
