0.0,0.7485730872474552,0.2936062889589535,0.0,0.6702221572680804,0.7174894855876479,0.8047624216395418,0.7994083666957844,0.5964538786531599,0.7325949781449099,0.5258641663335982,0.5446853999674839,0.8656536834230528,0.7011741297355156,0.6283598926984686,0.7924944039547193,0.6818439002718479,0.8087407252325584,0.0,0.7765003341022068,0.6634570941107752,0.7632819868217279,0.7532115001827719,0.7412309709642869,0.7311248911317356,0.6862032901313704,0.755172200709519,0.732411341953281,0.8038200022314206,0.6402564568499947,0.8911765233305691,0.8323107190447385,0.8152685673332138,0.7353113465623157,0.7153638867824852,0.8162938272618956,0.4914114094410097,0.4730583911461155,0.7761780598181234,0.5773363962497036,0.6949377125958974,0.6160770200981803,0.46676637143527455,0.0,0.71782016351493,0.49661779893303803,0.6564432315737727,0.0,0.0,0.0,0.4601925617348648,0.0,0.727703838217602,0.0,0.6915467627970302,0.0,0.4858260023443245,0.7587921059136831,0.0,0.8052385846076064,0.6981928749714712,0.6360476836770235,0.5838839262688953,0.0,0.6359470290287914,0.8545939079204621,0.8796444901271492,0.7291751849605409,0.5837142643714298,0.6795265991291597,0.604242104156738,0.4294182251201907,0.43881735440096203,0.5388227355744335,0.0,0.6424062765955125
0.7485730872474552,0.0,0.6363615306765462,0.4233970008454958,0.6797372169398432,0.7219507803340632,0.6748838672264383,0.520281370010213,0.5610127099815273,0.6974446888861477,0.4647428915452312,0.4288177490203917,0.7126993391502207,0.5623381137230911,0.8425646090146791,0.5876185970976258,0.6559861967663937,0.6028993300552998,0.7364747046342792,0.8561036850127568,0.907864744110263,0.7703136556566267,0.9109437075826011,0.5500412592764734,0.4977101955842982,0.6091792674118762,0.8085041235052706,0.6765126856878771,0.6066186013010586,0.8956125485927067,0.7271476875849141,0.6669407246665946,0.5198761452092621,0.6648142936479646,0.6911052766861349,0.24765047314967775,0.058350953731885286,0.0,0.7671733784773553,0.9250943671442672,0.718003908181913,0.924645013920196,0.6100747156450079,0.0,0.0,0.7010477362531462,0.8020937579747477,0.04871570438072639,0.0,0.0,0.7826228342436643,0.7415189243557938,0.7470482592831885,0.8427116220823425,0.7861267082669741,0.0,0.6133396710194949,0.7519407695224343,0.0,0.6862532555172642,0.7169874511569797,0.7345243860307522,0.683110435912299,0.0,0.7413094219033731,0.774418438078845,0.8902912527434437,0.7758133943989773,0.5165011648241369,0.7501202257694253,0.8220452182387852,0.7408490276494016,0.5816789400052382,0.7163557478460594,0.0,0.9110223690065211
0.2936062889589535,0.6363615306765462,0.0,0.5975866580018259,0.6388457371007756,0.7571012094621401,0.6489271419608575,0.6324283323001475,0.597985517406834,0.7015203064599076,0.7643329434489343,0.6662628441936946,0.7127329369152378,0.6220757239951364,0.7984979698335911,0.5235690349408475,0.7589567011692893,0.4966097161198559,0.6551438430227382,0.44427286392552046,0.6374221483839708,0.6622219112754187,0.681677904138025,0.5500956956039553,0.6826017625329903,0.8896348206084815,0.5913527289081547,0.7470804104025647,0.8436307652495183,0.7577621024421346,0.7662280048561023,0.7605035734055707,0.5802853911902167,0.7024461792609311,0.6132866094393232,0.7211244595521802,0.5937465838760742,0.5011308873456084,0.8210530716318298,0.4976678963187603,0.7697215031262727,0.7904063284466891,0.5796498989917002,0.7987284861002251,0.0,0.0,0.4137803494232132,0.878595768044055,0.48255064287125293,0.5932813991897998,0.7288085146908175,0.7321086767555659,0.6636921016916266,0.7733051053587175,0.43317265630991725,0.8551669504846696,0.9787998054120923,0.8063773541442215,0.5519714645837801,0.3578657563652972,0.0,0.0,0.0,0.8976001709131984,0.8401152841705843,0.43423038567882055,0.24985641669665926,0.72601072841537,0.0,0.5542021677197029,0.6503471653841524,0.7664806762108138,0.7179805073713971,1.1236575003585187,0.680045083123938,0.6481668322525398
0.0,0.4233970008454958,0.5975866580018259,0.0,0.4830813669595915,0.5433431135381739,0.6061740649804123,0.48070339132023854,0.6423200749802227,0.3635738598440473,0.29861204075328956,0.5162656473453601,0.4189295341954571,0.5742204129762605,0.6132835875356926,0.2884409676814921,0.5980998562125373,0.46680986666798796,0.4590344731509092,0.44266330436986434,0.4440503024125275,0.61498586047999,0.6930194996844701,0.4660076308418841,0.8093110292810668,0.575235908452177,0.6315047186225302,0.4311908108511722,0.5597526921154039,0.5341403411372603,1.0516904469573343,0.2339588864436576,0.641021645933079,0.447117802619296,0.4177137228759549,0.3638858645416458,0.34946004788311735,0.3634529908235137,0.22531180303315662,0.39814222242626396,0.7266993203716128,0.5332580428292631,0.6070315226536949,0.10470793093252947,0.0,0.0,0.0,0.4349872607610998,0.0,0.0,0.819495287529303,0.0,0.4654120575987054,0.3361246984003917,0.0,0.44235532511632975,0.3306803727944586,0.45683057020233264,0.0,0.0,0.0,0.0,0.0,0.0,0.0,0.0,0.48428893124931605,0.6000247902010165,0.0,0.0,0.0,0.5270466330953958,0.48041153984179447,0.6451002307435016,0.0,0.0
0.6702221572680804,0.6797372169398432,0.6388457371007756,0.4830813669595915,0.0,0.6131413625176272,0.4288748714839307,0.3646971299734685,0.6044326902792528,0.5028890517071779,0.5350982421341541,0.46595368785772073,0.5121502745724524,0.40687848679718647,0.7697553538959827,0.6650382105890832,0.7424964135250812,0.7012944959835302,0.5529446499980284,0.6328046567490462,0.9073490108152223,0.6474013741624056,0.7944584036119244,0.5383466344997689,0.5370927279619653,0.7797544175814424,0.5575250280160691,0.5961294615943226,0.8436172013543326,0.706776257034744,0.678977528940883,0.28404823697686343,0.27376383961114054,0.6347392912645964,0.3719275986827208,0.30721042506513085,0.31430503402777044,0.4443621494458595,0.8015234224184687,0.4628144371001217,-0.13518522602660088,0.4263866229007463,0.25800288262133036,0.31250196657285845,0.38398781955063,0.0,0.5715680119000597,0.5687995452781247,0.0,0.556572867228956,0.6857028851731991,0.6477774275385075,0.5416671425545442,0.49799861470831264,0.0,0.4905317945620108,0.41937407698135354,0.8251362997400479,0.2553769810484433,0.42010309331307794,0.4601186506373256,0.0,0.0,0.5087326936405829,0.6801330067128818,0.4928237438675843,0.7582031388006685,0.7368034487207504,0.0,0.4989470970296841,0.7942464053025144,0.6230258461757797,0.7995046180651897,0.7975579784337861,0.0,0.8025312002203416
0.7174894855876479,0.7219507803340632,0.7571012094621401,0.5433431135381739,0.6131413625176272,0.0,0.660044091380231,0.7616066925657352,0.5662267371532721,0.6827229017275861,0.6790544326432362,0.8180967921435571,0.7379383728352016,0.5925100290564824,0.7121411059159117,0.7891840868775712,0.6453039886095016,0.6718968259477114,0.673102921350175,0.7990109738503488,0.7490376099405285,0.6622084672620119,0.6638124991708498,0.7275673665451831,0.6933098377074493,0.8804015263255032,0.640355600768174,0.6722538531959328,0.42007377846928645,0.7425760105335756,0.7669043914116689,0.7161297247882221,0.9058519738411097,0.6910460741489812,0.7612592739701364,0.8079975882183666,0.6170870070422647,0.5789593619084877,0.8237013763385101,0.6089168957543314,0.7915688837384459,0.7737619960062738,0.936921706104034,0.8486837816384687,0.49016870229571907,0.749065958843433,0.7278842696052524,0.7010990222717208,0.8127221708363033,0.6508153098199584,0.7901143182981034,0.8090451159174652,0.6835968088439195,0.775142784152969,0.89661304840188,0.7456666873240207,0.611402440975308,0.7709706395229621,0.7137035416092133,0.7812881819587959,0.7772978780827391,0.0,0.979041686988501,0.6759753623814713,0.7792656409616396,0.6381238958077967,0.8751457515145562,0.7243917441075391,0.5049530053180504,0.7365350655489526,0.7578596474831464,0.7357985745449555,0.7150841645047166,0.7674863056704544,0.6309078052158918,0.7556237965031513
0.8047624216395418,0.6748838672264383,0.6489271419608575,0.6061740649804123,0.4288748714839307,0.660044091380231,0.0,0.6570786625480951,0.6402165495201602,0.5057696912359282,0.4007423786335495,0.4735653906576408,0.4440769952987791,0.33145502421195505,0.6940579283792006,0.6963680313555386,0.7610015260716212,0.6452750141244088,0.5012385802339759,0.7183042962966436,0.6193801574507565,0.6126290463756081,0.7864204511564998,0.5917157219639284,0.6849238414497034,0.7870753628654579,0.6430511056657287,0.6626505675816207,0.7717434263446484,0.7051483805743033,0.5671605465556457,0.4689400086542789,0.41870860420270245,0.47876770661775814,0.29299382230467474,0.42229065992239345,0.3231094190390898,0.547031253850822,0.8197061265485384,0.08965772137653324,0.25360399799193684,1.082812136060681,0.8423294931339409,1.1047032855145873,0.19645160000940173,0.0,0.7405120368506732,0.5890614834787878,0.0,0.7882780375324558,0.7701808889455897,0.8479542426347533,0.6168498380634788,0.8713365269344273,0.6835603818707194,0.6755316671145299,0.4352795804887905,0.6702382567574333,0.5591961627978451,0.5276472059260225,0.7058008767276431,0.0,0.5153238704689185,0.8326114439362742,0.7845103538894168,0.6644509292290391,0.7911878307591209,0.7371790920430723,0.46972229013136774,0.7779397548413426,0.9339994136466563,0.7099855369145651,0.7136659640366549,0.6083912236529401,0.8694965710034586,0.6812153137915868
0.7994083666957844,0.520281370010213,0.6324283323001475,0.48070339132023854,0.3646971299734685,0.7616066925657352,0.6570786625480951,0.0,0.6628810668907639,0.6729751467610959,0.4495350707930402,0.6261929602300642,0.7513259057341698,0.6550454345217982,0.5283327932108521,0.8686011947870457,0.8320563610839737,0.7663175536452769,0.515561323027228,0.7246802220809916,0.5986685046617422,0.791388038542318,0.8142445133686975,0.5373147640967102,0.7301958844513057,0.7247310764315281,0.777210152595498,0.7556702967672149,0.7794470598775747,0.760670237211922,0.7518997900213134,0.8385190485413295,0.7691917388966537,0.6919306445460172,0.6356655686855754,0.487803089559945,0.44094500186112295,0.6525946970879378,0.6630618522859192,0.5211540559122082,0.36737369413969645,0.5259744199425325,0.3273886587524347,0.5493112666062423,0.0,0.7412363527543514,0.5522372898215734,0.6626032958837924,0.0,0.5373173495913557,0.6463360953178241,0.7390411565263897,0.38719251356213624,0.6226368679167453,0.6300494234654677,0.483895922858542,0.9706178772896717,0.617617332166978,0.386600639934157,0.6142908196480942,1.0928483947812397,0.0,0.5559073690904475,0.7186333371926337,0.73650182961837,0.5236550137853777,0.6258568005871441,0.5686708115242681,0.0,0.8344427535934876,0.6496034213009059,0.5827553436800371,0.5953904605947288,0.6359311550660621,0.5518266910556666,0.5202992340949981
0.5964538786531599,0.5610127099815273,0.597985517406834,0.6423200749802227,0.6044326902792528,0.5662267371532721,0.6402165495201602,0.6628810668907639,0.0,0.6665525242352742,0.5615544093539803,0.7171873740034449,0.7113186837767715,0.49831452063466203,1.0166478371951502,0.6167995549403035,0.6928131542927305,0.778250741367527,0.4983827646214268,0.631974508777198,0.5638606480128541,0.5947733527192864,0.6863522714160859,0.657735484254079,0.7931991015242102,0.9544707107589705,0.6889772258722278,0.7352560125901091,0.6433171852759819,0.7394470410226506,0.7415107145857227,0.7963578112147833,0.6499343468330059,0.7267466625724679,0.6983478820538245,0.7260758868478272,0.7126065536140974,0.7072065020346138,0.8841000065189725,0.35666028852848625,0.5298485286780205,0.42596235906363,0.5877306914149785,1.0206784080859865,0.5054455388438022,0.0,0.6403717310547371,0.7251602921995541,0.4812925053528184,0.8292063960736673,0.8247448103100213,0.8742543797519708,0.669569945631024,0.6407049881340465,0.5382558611021933,0.6603162401213122,0.648079601776531,0.7702233722497661,0.6231354379506168,0.8592605489080897,0.7947828334994075,0.0,0.0,0.6163665478548743,0.7454842869925553,0.764505541698359,0.8588487133968294,0.7681823178998557,0.43892500093077946,0.7143915689433804,0.6488135750179,0.7442842545760195,0.7476798929537938,0.8265650163670111,0.7178291700363064,0.8941981458341941
0.7325949781449099,0.6974446888861477,0.7015203064599076,0.3635738598440473,0.5028890517071779,0.6827229017275861,0.5057696912359282,0.6729751467610959,0.6665525242352742,0.0,0.48311151042517764,0.6252323923281498,0.5413521382938088,0.5500645528591401,0.7246527584613587,0.6201741177921021,0.7729469319643958,0.6014579490642233,0.5219621729050956,0.5431750823781,0.777348312257037,0.6447564476685086,0.6736096396349492,0.7006141848099026,0.7240778842248634,0.6312723626125476,0.5931201476931371,0.6664462701272873,0.5041772430913567,0.3421918714210851,0.734988676876979,0.26456505177299433,0.8225249966485171,0.7588853882270634,0.5849114437419589,0.18379184090516937,0.25389422112653093,0.6250897109044387,1.0132312031173516,0.4446582858760393,0.8400868055618211,0.850001664766503,0.40386157087939756,0.3959341755590838,0.2995579504947248,0.5934751274179151,0.7852362876023753,0.3757126431768867,0.49064186920832487,0.4823297218011994,0.6814047890245273,0.7816413032747952,0.7063481022428897,0.366873842423954,0.5755105421510038,0.5109117614868484,0.4621832754152563,0.867303586611976,0.0,0.6252869324656782,0.7223908225817373,0.7290594513232898,0.7083414947324985,0.48026515768825595,0.47387413173907744,0.5163782815989406,0.5466825108118911,0.7802276013739522,0.4472951831979155,0.7651547127167839,0.6599383890105226,0.8113952259525969,0.7931677644276501,0.7414829148837552,0.0,0.91615974747163
0.5258641663335982,0.4647428915452312,0.7643329434489343,0.29861204075328956,0.5350982421341541,0.6790544326432362,0.4007423786335495,0.4495350707930402,0.5615544093539803,0.48311151042517764,0.0,0.48182844100064504,0.44009478367225374,0.49824844093664605,0.0,0.5038478847663349,0.48629537512457927,0.5929704040263339,0.5314520186360073,0.45876569641448384,0.5354488317735648,0.4326093959795507,0.746953708912472,0.6123796676559613,0.5957870095945389,0.6650863841534593,0.7542181811325752,0.4805690746509508,0.5599677535678691,0.4858694658967062,0.5528695118846176,0.6374909813396334,0.4326402042752778,0.6089706836453493,0.5343103498456687,0.48295119097030265,0.5782965979468744,0.4441379177817997,0.8401287874555572,0.026168822643434897,0.2692845400749508,0.28096277645685125,0.39047767192894595,0.7486857378121774,0.2320281644789604,0.0,0.0,0.8074427730107545,0.47460429193478604,0.48621211376300044,0.6946961149342294,0.5435350454764176,0.6481975543574678,0.7976233867316247,0.6326974417366693,0.6221323453272926,0.6149792207600184,0.8546149891396018,0.4539329076128962,0.0,0.0,0.0,0.0,0.5531896279354016,0.5406959191429438,0.0,0.5316815492659973,0.6404177865767284,0.0,0.0,0.9585383746895151,0.7053368379028091,0.6848573659219186,0.48651221437529046,0.0,0.749768649802784
0.5446853999674839,0.4288177490203917,0.6662628441936946,0.5162656473453601,0.46595368785772073,0.8180967921435571,0.4735653906576408,0.6261929602300642,0.7171873740034449,0.6252323923281498,0.48182844100064504,0.0,0.5924410320449551,0.8272834555905868,0.37196659600952603,0.9397933109581555,0.7729927128867614,0.8821484026642437,0.6905646851372429,0.4693210259825552,0.5894756846455355,0.3947979042773596,0.6070208511377981,0.47593564709846947,0.6091950384000895,0.42065246828423297,0.7752827979718605,0.8570340025110637,0.6364036461605327,0.503336836605031,0.715619337982796,0.2344516031856964,0.6062811665631842,0.3770388712982375,0.38718882943709065,0.3065989149473013,0.3828575437822486,0.1458985308343498,0.4198272587139874,0.57641281693825,0.6068614800272294,0.06765820668585021,0.5081033645544766,0.8084162966875132,0.45217762454503496,0.5251139418954228,0.599208868078458,0.6112777097202218,0.4979655965965779,0.47296959938483546,0.3395782150622635,0.8267991197736718,0.3623439291730308,0.6185165182815567,0.6358417350751386,0.29834773702904255,0.6241172599137697,0.8327452884250169,0.5719233693228689,0.5291600388774773,0.534404345671502,0.710860570868231,0.7693189524304131,0.5485127613404263,0.9277523505686964,0.8860377332635889,0.5138354488900357,0.6089200437225584,0.5160588023875676,0.7574746109303332,0.6076904690956556,0.7105411404648538,0.9058976138002628,0.5692143553635268,0.0,0.9088455223415502
0.8656536834230528,0.7126993391502207,0.7127329369152378,0.4189295341954571,0.5121502745724524,0.7379383728352016,0.4440769952987791,0.7513259057341698,0.7113186837767715,0.5413521382938088,0.44009478367225374,0.5924410320449551,0.0,0.4544126859673637,0.7064344100333989,0.7216485256570346,0.5554933916016467,0.6906273953317419,0.5970853862705763,0.7778996238320204,0.6977094818437122,0.6412682591495984,0.7951379737179967,0.4392651689914782,0.7662896008258944,0.7508177867659571,0.697249888824373,0.6567748626173331,0.7864562127216108,0.5854609322581398,0.42661691479533687,0.4838068288037195,0.4147585260954584,0.5611152620869404,0.5449779859948166,0.45480243598658165,0.3885544226387717,0.5224597591351565,0.906819079262609,0.3366488787488515,0.3982813282660526,0.34802636608285764,0.8181787755956061,0.7168497443562081,0.07075138908598202,0.6511587962956292,0.8341312906766566,0.7366001021003852,0.0,0.878168123034302,0.8024517862608658,0.8249724992985192,0.6374784276453307,0.8350957276661163,0.5701196782645859,0.8016006804853553,0.6877230508476009,0.8268416704007143,0.5322215769127061,0.609322958566183,0.712731665239358,0.6183348042444298,0.6880824403120834,0.7994370303753057,0.6885317095124773,0.746249365452071,0.8051188988815274,0.7658562755776006,0.6005413871597914,0.7213145604703384,0.773130873061986,0.7696158439742993,0.7926933652667367,0.6918409623573389,0.6718910229126469,0.7231639892889841
0.7011741297355156,0.5623381137230911,0.6220757239951364,0.5742204129762605,0.40687848679718647,0.5925100290564824,0.33145502421195505,0.6550454345217982,0.49831452063466203,0.5500645528591401,0.49824844093664605,0.8272834555905868,0.4544126859673637,0.0,0.49837710942697444,0.5081116479053172,0.49397566237758583,0.48148027357664447,0.49035783936360766,0.4754714702383064,0.6817654668977162,0.19398833005933622,0.7894765839263619,0.7970405901112401,0.6526090430126223,0.6775223212728245,0.6932718007045122,0.5061592118296037,0.45950937502996775,0.8086953654686961,0.6277763935809201,0.15248822581762494,0.287810076073996,0.5798975445161757,0.2646384055642512,0.3653097907538377,0.40655125859860486,0.4906286024773792,0.5860335573075051,0.0,0.664018298075016,0.6986804572109677,0.35201741035203127,0.4818356395257526,0.0,0.0,0.0,0.3734151847013087,0.0,0.22544231841074122,-0.10447939683011498,0.5848204791646879,0.16730440417226966,0.31692804089950843,0.0,0.345349522483026,0.3870941817685385,0.7457362587094412,0.1731202292088451,0.0,0.0,0.0,0.0,0.4619088704729164,0.0,0.0,0.0,0.34762581198294945,0.0,0.0,0.0,0.5275925254264494,0.746071237252786,0.0,0.0,0.0
0.6283598926984686,0.8425646090146791,0.7984979698335911,0.6132835875356926,0.7697553538959827,0.7121411059159117,0.6940579283792006,0.5283327932108521,1.0166478371951502,0.7246527584613587,0.0,0.37196659600952603,0.7064344100333989,0.49837710942697444,0.0,0.8184072837431551,0.5519903973480225,0.7772123420727279,0.0,0.4787336869421534,0.37088607913273547,1.0067679289337081,0.6940876610802392,0.5612701510593943,0.8894275780317624,0.643519518586857,0.8169136736609146,0.6212365791778808,0.7110440403021716,0.5047457096563005,0.9022775821072049,0.7651230325902666,0.8408276206355276,0.8083949004735319,0.8202884400164332,0.6429492811110264,0.5711636942500202,0.3912557825845615,0.4444817132999823,0.6388813114121543,0.5558269692249758,0.5178616680848136,0.7594945589227408,0.45075474021820333,0.0,0.7663139743051366,0.7452041691567513,0.644687239532072,0.0,0.0,0.6087326108056652,0.8212658379858515,0.7621151085460884,0.6129344620927177,0.0,0.0,0.87954597066512,0.7099325912622796,0.4768352190049631,0.6049792505535816,0.7496763571204959,0.5542200506636215,0.9469452888723078,0.0,0.3245366932111725,0.601859892356736,0.7354614705614793,0.8183223021960637,0.469446252000136,0.7993844386005114,0.6880314673854249,0.6693083450369988,0.7296225645848357,0.7024101592679536,0.49709424100971616,0.5019887091984321
0.7924944039547193,0.5876185970976258,0.5235690349408475,0.2884409676814921,0.6650382105890832,0.7891840868775712,0.6963680313555386,0.8686011947870457,0.6167995549403035,0.6201741177921021,0.5038478847663349,0.9397933109581555,0.7216485256570346,0.5081116479053172,0.8184072837431551,0.0,0.5523697300712944,0.6988256318958321,0.4582696057333524,0.49990516466627094,0.9104003632087689,0.527416566165637,0.9121680253428706,0.8497168799824633,0.6977762341343104,0.7160651303107903,0.7801963315177967,0.6069264662145748,0.6046101794428755,0.41470483747440917,0.5914940862323197,0.6398985929143637,0.5201765114940924,0.4809326963901162,0.45701445258140105,0.8736678347779889,0.6264837277328331,0.7132610210702253,0.8928258699519087,0.7058172259927575,0.776754097564758,0.8416620662791149,0.4676849991986156,0.0,0.0,0.5917238141201244,0.8247574042473407,0.0,0.0,0.0,0.5960857651518493,0.7314015993843772,0.9555174075765216,0.0,0.5439765687294756,0.0,0.6669881400237916,0.7949864602110215,0.0,0.6428582059154722,0.7002493683037944,0.7352502492283367,0.6517334945303324,0.0,0.6269928215084574,0.7308269999501095,0.8130820083043726,0.5719485814077991,0.6099004577034137,0.8322666250430721,0.7965371614910985,0.7502303826422082,0.4417613549337605,0.6084413675193596,0.0,0.7412315256699582
0.6818439002718479,0.6559861967663937,0.7589567011692893,0.5980998562125373,0.7424964135250812,0.6453039886095016,0.7610015260716212,0.8320563610839737,0.6928131542927305,0.7729469319643958,0.48629537512457927,0.7729927128867614,0.5554933916016467,0.49397566237758583,0.5519903973480225,0.5523697300712944,0.0,0.8314393491350343,0.451280072134215,0.6831820519939454,1.0714269084095784,0.7829018222049594,0.5861718336677634,0.764763230259961,0.277294430039086,0.6729192739041242,0.5159920997764561,0.8408436280384264,0.5689092370012092,0.41129277087917016,0.7430656989012756,0.5630564539172465,0.6549701445432508,0.7491406483618038,0.5955920758782689,0.5962423956331468,0.36189180369125784,0.5372220665540172,0.6210406188047881,0.7296041214264058,0.5934337751109022,0.6196784285577586,0.0,0.0,0.8434277354327133,0.7421653336627405,0.9217484743100811,0.0,0.0,0.0,0.0,0.0,0.0,0.0,0.5339611128387168,0.0,0.45884828857189386,0.7821288270648225,0.0,0.5876201860206532,0.5007637782651106,0.625366834245593,0.6976621979056462,0.0,0.0,0.0,0.5735932783181066,0.0,0.6040512786926726,0.7908376793579212,0.7155149586926666,0.0,0.39037603653479525,0.48295275796252624,0.0,0.725640378381033
0.8087407252325584,0.6028993300552998,0.4966097161198559,0.46680986666798796,0.7012944959835302,0.6718968259477114,0.6452750141244088,0.7663175536452769,0.778250741367527,0.6014579490642233,0.5929704040263339,0.8821484026642437,0.6906273953317419,0.48148027357664447,0.7772123420727279,0.6988256318958321,0.8314393491350343,0.0,0.5308195276087504,0.7099286399507134,1.0034929690091647,0.5607196628054067,0.8213712135999172,0.8073988878117988,0.5996959929854082,0.7106861854126445,0.8032803116840757,0.6502268551135459,0.5948700388296112,0.6513896374978776,0.6609958003343506,0.60481406527056,0.6671640366590706,0.8325589525441133,0.47275672287182524,0.4497382606159205,0.4073193911563097,0.6958077014744324,0.775922359992041,0.7397700768539247,0.6401960554433794,0.7481962218460617,0.0,0.0,0.645039558873175,0.6796986285893758,0.7943351155511904,0.0,0.0,0.0,0.5202971988582152,0.5151368406023785,0.5862115897721857,0.0,0.6213909911862563,0.0,0.5362110789679444,0.8832269959786052,0.0,0.5263394748578056,0.6760441489507323,0.5360909838755877,0.5825076520668274,0.0,0.5617862415838789,0.8388053825817646,0.7471014468015464,0.8511006329798012,0.6398590784053394,0.6931048740884416,0.7262111953428227,0.5025563951025955,0.8076031458958493,0.5396165608989865,0.0,0.8792528509944767
0.0,0.7364747046342792,0.6551438430227382,0.4590344731509092,0.5529446499980284,0.673102921350175,0.5012385802339759,0.515561323027228,0.4983827646214268,0.5219621729050956,0.5314520186360073,0.6905646851372429,0.5970853862705763,0.49035783936360766,0.0,0.4582696057333524,0.451280072134215,0.5308195276087504,0.0,0.5253938119109958,0.7087437534424219,0.7624199495685746,0.5852099868476408,0.48394608143212825,0.5735890334918408,0.653171337160132,0.5918448928722083,0.675210783706472,0.620571680847181,0.6602962905634677,0.7186843501516067,0.7904973215171511,0.45915122345034654,0.7180610301959842,0.6201145700594036,0.581019309492715,0.5842474662947664,0.4909295167908738,0.910446902278493,0.46459226475580806,0.221139137488644,0.499178453317507,0.5584207435434139,0.5940211267070996,0.010748399839790859,0.0,0.0,0.8314499521776647,0.0,0.5412283561892609,0.7191967866922344,0.7031582474694609,0.578468786152704,0.6863535866074025,0.6247782090026257,0.6882269358520435,0.7208077008570898,0.7097698193682513,0.3556643826933164,0.0,0.0,0.0,0.0,0.7206062014891875,0.47866475250705925,0.0,0.49477091155702696,0.6995815847195713,0.0,0.0,0.0,0.6923561933675041,0.7313887111235513,0.6996277549620074,0.4759191619624139,0.7936110966629009
0.7765003341022068,0.8561036850127568,0.44427286392552046,0.44266330436986434,0.6328046567490462,0.7990109738503488,0.7183042962966436,0.7246802220809916,0.631974508777198,0.5431750823781,0.45876569641448384,0.4693210259825552,0.7778996238320204,0.4754714702383064,0.4787336869421534,0.49990516466627094,0.6831820519939454,0.7099286399507134,0.5253938119109958,0.0,0.737272533968042,0.7568244769090792,0.4999220050719564,0.5978551756207744,0.8432321448180048,0.7247231640060685,0.9069308793505897,0.7702680397475727,0.9926678115823482,0.852699596565057,0.8004581573811541,0.7454766790166243,0.5718948424464216,0.7724530758242261,0.7702073660103311,1.0431669225150229,0.5398832306041725,0.3694752753009948,0.6496966088609272,0.6697591309013402,0.7116992407663678,0.6547602905312243,0.8381606383449229,0.24289025739655218,0.35556264249619207,0.6717483594862396,0.8325710033816747,0.7447696565158431,0.0,0.0,0.701266792100227,0.7105519783815835,0.663246585067434,0.5283591276904309,0.7935596875921542,0.0,0.4592633186010815,0.7073582409890815,0.0,0.7167689506058634,0.6299229554076642,0.46700939119323215,0.48649885721629293,0.0,0.5802287601967238,0.6288097993511161,0.7315456897806081,0.7285952930519652,0.0,0.8681403650503445,0.8004087005139258,0.7297810756085716,0.6312963092938892,0.7319466618416735,0.7465653399259784,0.6738892318994338
0.6634570941107752,0.907864744110263,0.6374221483839708,0.4440503024125275,0.9073490108152223,0.7490376099405285,0.6193801574507565,0.5986685046617422,0.5638606480128541,0.777348312257037,0.5354488317735648,0.5894756846455355,0.6977094818437122,0.6817654668977162,0.37088607913273547,0.9104003632087689,1.0714269084095784,1.0034929690091647,0.7087437534424219,0.737272533968042,0.0,0.5993643112076079,0.7053976245242212,0.6317590640589291,0.8029343848325741,0.797345202607058,0.7318164912504964,0.6954857351991777,0.676101443215017,0.6593202173424833,1.011429430125831,0.5797554115293276,0.8657468916458813,0.8124648103950642,0.741101239730038,0.5757856375958559,0.6239676535431099,0.5011560871717808,0.5485276068835745,0.30071687137902314,0.5794659576517063,0.4556997233878869,0.8235565083049619,0.0,0.0,0.45027051284596664,0.6713994208291569,0.6679382973511103,0.0,0.0,0.8332610508577007,0.5256821529676154,0.603037852113183,0.6590502354036325,0.6773877026577406,0.0,0.7801654381611627,0.6846458914561804,0.0,0.5514205770453655,0.8193726047798651,0.0,0.708168472378488,0.0,0.5005315237962082,0.5911026820229031,0.7529965839854008,0.6360996061562283,0.6137276183787834,0.8058432713954191,0.8105279980499579,0.646933229817555,0.6222149540762377,0.7184611403631892,0.7375962028690737,0.6040767957579309
0.7632819868217279,0.7703136556566267,0.6622219112754187,0.61498586047999,0.6474013741624056,0.6622084672620119,0.6126290463756081,0.791388038542318,0.5947733527192864,0.6447564476685086,0.4326093959795507,0.3947979042773596,0.6412682591495984,0.19398833005933622,1.0067679289337081,0.527416566165637,0.7829018222049594,0.5607196628054067,0.7624199495685746,0.7568244769090792,0.5993643112076079,0.0,0.9701910894169101,0.4215124239667884,0.7224566346113713,0.8985750812175992,0.8661477165742044,0.699161638400557,0.6302067356105875,0.6374961064533643,0.8543582498028937,0.8348695408226414,0.7000379346067296,0.8785614986044513,0.8825151770543007,0.8760790562421477,0.6852686556034787,0.6357543695325789,0.678476567281515,0.8691520764449845,0.7017791639982321,0.6976997482290404,0.31477784259434655,0.4035207359003725,0.42106436990059715,0.6944946195954663,0.8300428044260741,0.7863595427073244,0.47992008838009337,0.3993393806829101,0.7873078008661786,0.8665564383683029,0.7195390109682399,0.9834142912849365,0.6306023626604645,0.0,0.727257233126906,0.7132123749368745,0.0,0.7938566567744123,0.7681129252515904,0.685471363793211,0.6669021661920542,0.0,0.6238934507679559,0.7169906616744617,0.7833790830976788,0.7597436131960709,0.8252942505026255,0.8425394495948315,0.8001345709474825,0.6828139011379034,0.7054258240144581,0.6609894019281135,0.38522423977617115,0.6782667388557075
0.7532115001827719,0.9109437075826011,0.681677904138025,0.6930194996844701,0.7944584036119244,0.6638124991708498,0.7864204511564998,0.8142445133686975,0.6863522714160859,0.6736096396349492,0.746953708912472,0.6070208511377981,0.7951379737179967,0.7894765839263619,0.6940876610802392,0.9121680253428706,0.5861718336677634,0.8213712135999172,0.5852099868476408,0.4999220050719564,0.7053976245242212,0.9701910894169101,0.0,0.6474569529934592,0.761561348796503,0.7143043405275988,0.760914250278485,0.6934418941294781,0.753658300412331,0.7012298279216309,0.7851298392150068,0.8216122037576876,0.8002975037160815,0.7149457900281124,0.7407410925142377,0.8477316589748831,0.7353511865609261,0.545234790206137,0.7310502933735181,0.8198857489987265,0.6701492964714265,0.7054696555674633,0.7818952618735766,0.7409945490539589,0.7956745153439033,0.6189844006170219,0.9586459201464332,0.765194382943958,0.5780293818580776,0.7717211686721096,0.777534210568807,0.7554957934815547,0.6384391002573068,0.7258091829131479,0.7659154716877378,0.6680122954637497,0.7068574802404123,0.6976313857186947,0.4620020755613281,0.7337450505112468,0.8491411449095605,0.4738741317390785,0.5826603774391592,0.7220181181411748,0.6605179642594148,0.6858296849693176,0.7594017682719993,0.8037967556956683,0.36883839958495934,0.9589331148863249,0.8507957090971221,0.6713052425192774,0.6483812409335072,0.7045654984812622,0.6415907547475663,0.6960490186446981
0.7412309709642869,0.5500412592764734,0.5500956956039553,0.4660076308418841,0.5383466344997689,0.7275673665451831,0.5917157219639284,0.5373147640967102,0.657735484254079,0.7006141848099026,0.6123796676559613,0.47593564709846947,0.4392651689914782,0.7970405901112401,0.5612701510593943,0.8497168799824633,0.764763230259961,0.8073988878117988,0.48394608143212825,0.5978551756207744,0.6317590640589291,0.4215124239667884,0.6474569529934592,0.0,0.63687656232788,0.47334541650096035,0.7445304364798255,0.7638019331690703,0.9425049458803239,1.0012402487199776,0.8731483762841932,0.8392488620623313,0.5083340542597433,0.1818700029781968,0.3670677225719331,0.5271783235392054,0.37132066306593975,0.3534319909895576,0.8982590743020511,0.84981861621331,0.9052266519651573,0.5755882561633718,0.4146607684290715,0.523420629575249,0.4061215282953864,0.5449497298679655,0.7059518190580787,0.0,0.0,0.4635496373456385,0.6073614330213672,0.3800344813732669,0.0,0.3289372122625378,0.4984442367233629,0.4994527913427074,0.4122505940743633,0.5860472378316695,0.0,0.3582231461377879,0.6009103673915308,0.5430970027944089,0.5427049964374391,0.4784307833121656,0.4015834973160809,0.4860784788226342,0.6933046992170808,0.642662874216495,0.3647295066502759,0.6924512848438191,0.6366997442475362,0.35391372510499564,0.819416541277945,0.9734982405722062,0.0,0.7154282970362729
0.7311248911317356,0.4977101955842982,0.6826017625329903,0.8093110292810668,0.5370927279619653,0.6933098377074493,0.6849238414497034,0.7301958844513057,0.7931991015242102,0.7240778842248634,0.5957870095945389,0.6091950384000895,0.7662896008258944,0.6526090430126223,0.8894275780317624,0.6977762341343104,0.277294430039086,0.5996959929854082,0.5735890334918408,0.8432321448180048,0.8029343848325741,0.7224566346113713,0.761561348796503,0.63687656232788,0.0,0.4689188780426877,0.8028636729960736,0.6861245884735574,0.5987972417971195,0.5021106917860959,0.8189843315243635,0.6036831709169003,0.7805341916156139,0.7335107811863459,0.7194494542129316,0.48538677796410495,0.6371876791971871,0.6106641009671961,0.8374501612550349,0.7482179969392444,0.6894910213481826,0.7777107562961278,0.19369362350554603,0.0,0.5760819856023999,0.69902791479065,0.7805406544742632,0.0,0.0,0.0,0.7041124964578528,0.7670883828255046,0.5584189409164795,0.4249950386620168,0.45227074268123735,0.46857159838853346,0.4891031972747921,0.5664345243765043,0.0,0.7144530612915978,0.7161448796522676,0.46015296316837245,0.6129979632896625,0.0,0.7431123984642367,0.6626861471727987,0.7876765789370892,0.6904412468637944,0.5584439325763666,0.7296119375157544,0.7055298656256657,0.5294554656149177,0.7066358880623308,0.49984538453188265,0.0,0.8095005227530109
0.6862032901313704,0.6091792674118762,0.8896348206084815,0.575235908452177,0.7797544175814424,0.8804015263255032,0.7870753628654579,0.7247310764315281,0.9544707107589705,0.6312723626125476,0.6650863841534593,0.42065246828423297,0.7508177867659571,0.6775223212728245,0.643519518586857,0.7160651303107903,0.6729192739041242,0.7106861854126445,0.653171337160132,0.7247231640060685,0.797345202607058,0.8985750812175992,0.7143043405275988,0.47334541650096035,0.4689188780426877,0.0,0.8020859260007078,0.7793238606122029,0.8414549690944301,0.678432448793671,0.6911731545620454,0.7711394980264903,0.7470823101552146,0.7237721216894761,0.7502281645104387,0.6773108245859579,0.8571057971844939,0.5355328738446742,0.7346934100379672,0.6831458085237379,0.8029607363203329,0.6240142528155372,0.0556257226519187,0.512053313555251,0.39775695875750244,0.5980032698689276,0.9138730952535036,0.9161579441869011,0.0,0.003558095403411527,0.7788657674032708,0.7424612350335391,0.6009505138361504,0.7025306493378616,0.4385169005782542,0.0,0.47815015684171663,0.7581553761103035,0.0,0.6933056620455548,0.7664868219232711,0.4243376702785471,0.5631509170725397,0.0,0.5909214761629509,0.78001145666148,0.9113655463182144,0.7854910173887308,0.517917862062472,0.6880177024965475,0.6625193485464143,0.7795108276108142,0.6071643876895036,0.6666376726668641,0.4792851387038054,0.7512308555743585
0.755172200709519,0.8085041235052706,0.5913527289081547,0.6315047186225302,0.5575250280160691,0.640355600768174,0.6430511056657287,0.777210152595498,0.6889772258722278,0.5931201476931371,0.7542181811325752,0.7752827979718605,0.697249888824373,0.6932718007045122,0.8169136736609146,0.7801963315177967,0.5159920997764561,0.8032803116840757,0.5918448928722083,0.9069308793505897,0.7318164912504964,0.8661477165742044,0.760914250278485,0.7445304364798255,0.8028636729960736,0.8020859260007078,0.0,0.7016974962427944,0.9141057699486974,0.6612593770995221,0.8525924934628508,0.8070213555839347,0.8675171068856685,0.7668967609234583,0.8180813890372602,0.7488344628111633,0.6514761629200125,0.6736331412038953,0.71703971767034,0.5331261818942743,0.6974477246312734,0.7000391281467148,0.7869003652598399,0.7337053486902138,0.4341304694719992,0.7717935835423814,0.654154865749119,0.7266231163404626,0.628653479374087,0.7425044570459614,0.7711138406479106,0.7572114201960831,0.6229184771395835,0.7406721697010195,0.818342011091715,0.6606941481707024,0.5954034131369644,0.690646928789324,0.7355018211880661,0.7642382147445601,0.6629156649903467,0.0,0.5125446139723326,0.7517980457581448,0.7057843694027545,0.7887431239780404,0.8006091715126926,0.6712671616075385,0.0,0.7733674099872164,0.7106400434454592,0.6810432299067257,0.6789279614410652,0.7214315788109733,0.555810980172918,0.6981047084836378
0.732411341953281,0.6765126856878771,0.7470804104025647,0.4311908108511722,0.5961294615943226,0.6722538531959328,0.6626505675816207,0.7556702967672149,0.7352560125901091,0.6664462701272873,0.4805690746509508,0.8570340025110637,0.6567748626173331,0.5061592118296037,0.6212365791778808,0.6069264662145748,0.8408436280384264,0.6502268551135459,0.675210783706472,0.7702680397475727,0.6954857351991777,0.699161638400557,0.6934418941294781,0.7638019331690703,0.6861245884735574,0.7793238606122029,0.7016974962427944,0.0,0.600059899151048,0.6971206260070952,0.6740004457403943,0.567620526105405,0.6920296041390419,0.5715167542748538,0.7368529049256249,0.6305763312734881,0.3996411185699722,0.6830345174146879,0.9947970185868928,0.7336269243720326,0.5483257701472528,0.4165900248758574,0.9044338132292438,0.7275630952219632,0.6264564956594563,0.6876860905338651,0.7416050195482657,0.7239020024149507,0.0,0.9506864025225521,0.7906502246529583,0.7864979359862343,0.6301712124221914,0.772046257831483,0.8092061551200802,0.8002580987409675,0.8662584414482357,0.7495976825406663,0.4013469931125069,0.6409924209430209,0.5749135720212585,0.3488932535989302,0.7818728627888865,0.8694799915265039,0.7346157931516875,0.653599400678479,0.7200737164909898,0.7261467583663075,0.4493277604096426,0.7577755804629017,0.6100987546034389,0.7375324691742033,0.7558098297770655,0.6933654282794325,0.6806715115667551,0.7645660870116096
0.8038200022314206,0.6066186013010586,0.8436307652495183,0.5597526921154039,0.8436172013543326,0.42007377846928645,0.7717434263446484,0.7794470598775747,0.6433171852759819,0.5041772430913567,0.5599677535678691,0.6364036461605327,0.7864562127216108,0.45950937502996775,0.7110440403021716,0.6046101794428755,0.5689092370012092,0.5948700388296112,0.620571680847181,0.9926678115823482,0.676101443215017,0.6302067356105875,0.753658300412331,0.9425049458803239,0.5987972417971195,0.8414549690944301,0.9141057699486974,0.600059899151048,0.0,0.781562746711256,0.6088072419193348,0.5575081626006682,0.4398219658017518,0.5576225235743324,0.5432667865767615,0.6593279132903689,0.5630089763823145,0.6461557767927422,0.6840338653542659,0.637875240815049,0.6269479595923442,0.5730947803825466,0.7907823182404429,0.6778802019771513,0.592724583791403,0.6072239222244462,0.6860758124872115,0.7224712568290479,0.4669102483816375,0.5793671819997188,0.7300892580126502,0.6726335904393244,0.657125897619492,0.7408261091691482,0.9163664841931229,0.6549843550672443,0.6390465031199983,0.6369922279771557,0.5666106320441786,0.6338493839325223,0.6174222564568177,0.48277286365652183,0.5435544077481809,0.6388478320845674,0.5719948494394795,0.6121529092287308,0.686847486620574,0.7021481736364201,0.48700143177077837,0.7470329027578114,0.7732345963681047,0.7491288625358401,0.681761176853763,0.6683721182336814,0.6272533027386789,0.6123532047462399
0.6402564568499947,0.8956125485927067,0.7577621024421346,0.5341403411372603,0.706776257034744,0.7425760105335756,0.7051483805743033,0.760670237211922,0.7394470410226506,0.3421918714210851,0.4858694658967062,0.503336836605031,0.5854609322581398,0.8086953654686961,0.5047457096563005,0.41470483747440917,0.41129277087917016,0.6513896374978776,0.6602962905634677,0.852699596565057,0.6593202173424833,0.6374961064533643,0.7012298279216309,1.0012402487199776,0.5021106917860959,0.678432448793671,0.6612593770995221,0.6971206260070952,0.781562746711256,0.0,0.3936653975319309,0.28075294887900404,0.423226222421097,0.39310002241622033,0.3881503287667847,0.6165016404071235,0.516399862772984,0.36803993653517153,0.7899174615383857,0.4594175388528976,0.7234652955698349,0.7394257256769198,0.9323642185957394,0.28151950146180715,0.0,0.0,0.0,0.5464554676957556,0.0,0.0,0.6561021019561519,0.8268303972571014,0.3670630026268056,0.8037761177111691,0.5035487016187274,0.0,0.010385614988982824,0.5382198633603926,0.0,0.6375047115075592,0.0,0.0,0.9862948718722964,0.9578178718140306,0.5492235407710253,0.5373800781506872,0.7812664497709771,0.7009236430126946,0.0,0.4420414566484171,0.48505340790369833,0.749467256982987,0.7144119926203493,0.6449588295085555,0.6906162301731099,0.63900743186814
