0.0,-0.01457207029898605,0.0026241243873948994,0.0,0.010487098329506561,-0.009526389537826918,0.00028539928441656537,-0.04732907439913414,-0.00960611026610686,0.0023306552375865763,-0.0032428080964017614,0.013782743772120687,-0.01458794913259942,-0.012665354723260247,-0.008145110562224722,-0.02342982919022807,0.05303407991328535,0.011966835768143613,0.0,-0.020514027554496328,-0.03324825313981933,-0.020788764597712284,-0.0348115939849134,-0.04082345761100087,-0.0009663722691319876,-0.015884389183366876,-0.011951260531601782,-0.020183994290446483,-0.02449323208182347,-0.015658602860471493,-0.04232833358175131,-0.04108553604129633,-0.04190509563126904,-0.05139325585471882,-0.05961253799596067,0.007320923835684445,-0.0012878548547384794,-0.011997277101974735,-0.006215374707903065,-0.00010517040975538405,0.008661118927126232,0.0027864083888853863,-2.5311421174456505e-05,0.0,-0.010603019032779604,-0.07628193879690132,0.013267066780276005,0.0,0.0,0.0,-0.012259010784312574,1.1102230246251565e-16,-0.016599287132020135,0.0,0.018563774522738108,0.0,0.01208593734209279,0.009735833522534432,0.0,0.02884747575276775,0.01707703005290795,0.03959508759871483,0.028651631097357744,0.0,0.011065795749376495,-0.02029174620766533,0.0019367043980504373,-0.0022290460298037273,-0.037914743079149105,0.011335274940937334,-0.012415696094672246,0.0030771555419511487,0.0005942057177728555,-0.019220064128078307,0.0,-0.0031422658418573945
-0.01457207029898605,0.0,-0.006757023580767796,5.046044753920231e-05,-0.002962727032616408,0.012850524686151277,0.011163145589319134,0.005200541272786685,0.023604311446058568,-0.012070887744938419,0.006672322934419439,-0.0062947754121521204,-0.0002632100590831965,-0.003978392984255341,-0.012473988999256724,0.006230658316358495,0.06628967486650333,0.008037077210912957,0.011784816509556428,-0.015644573323820743,0.0182941219522878,-0.001525107629021638,-0.0013640110173493425,0.012469724711688723,0.0008778184155185942,0.0016717398100679626,0.0022485748743939493,-0.011754243635986539,-0.010186830155033855,-0.026291958901594914,-0.026289858373317765,-0.018073042764996328,-0.013968453005908266,-0.030322288696654043,-0.033446624332604535,-0.0016647993096798874,-0.00200552385636793,0.0,0.017168470966232197,0.02864137796304994,0.02505018450404095,0.008993859549054628,0.005313775537653498,0.0,2.220446049250313e-16,-0.026405027362656097,0.03345432712879065,-0.0006604977637009735,0.0,0.0,0.014603191711758723,0.008703769028436226,0.0048145221342586475,0.012905790893141644,0.0019836210107062047,0.0,0.012503929718460816,0.0021547722673694314,0.0,0.015458496193041904,0.028349997420023976,0.025713686604079966,0.026794337054769524,0.0,0.00691894358740236,0.0009983087696456283,0.02962536738263788,0.007123351195020888,0.002570182577532887,0.020472768557770027,0.007907066465485613,0.0003825394604817789,-0.022190192596828973,0.007296486582293371,-1.1102230246251565e-16,0.014347096346840615
0.0026241243873948994,-0.006757023580767796,0.0,-0.003161117493540755,-0.0021615687514214277,-0.060011476694874555,0.016887078172084402,0.020056840267227705,-0.0061533724902798626,0.002389637394279498,-0.022245715799674104,0.003002126250300996,0.007820438961988307,0.0071331697612939116,0.009223623887336108,-0.009283046192723965,0.011673479375662543,0.024709756381578463,-0.008581558154438507,0.0031199652743761352,0.01811370698370568,0.02025334964874631,-0.007148580353720846,0.00574436298588793,0.01653071327851907,0.0018024278526896365,-0.01751229009881483,0.011451731395492437,0.022266110378616977,0.009724578959221408,0.00819364527186689,-0.005946113496496375,-0.012393155709953807,0.001949518634564551,-0.008274040186085463,-0.0019004084267359445,-0.001746722080308294,0.0007422134387565227,0.053607346947455226,5.183889427717858e-07,0.01387496487581441,0.018338962446818374,0.053223907612415466,-0.0726900993782047,0.0,0.0,0.0001727044343314832,-0.027443980583873095,-5.685012852141291e-06,0.03413243250514486,0.02325922072818165,0.05432722433110815,0.030021380727947355,-0.13150107399631483,-0.0010138759523936058,-0.08281195942282388,0.01430723318694438,0.015469652648748666,0.030058306431515136,0.00040692985147861016,0.0,0.0,0.0,-0.1455487123646413,0.012261380724554294,-0.003630574741183723,0.0006845652993512918,-0.07225052083520478,0.0,-0.00020042986047552613,0.008904220023158882,-0.07103674842833996,0.0037915654423898992,0.045156065793061806,0.00833062000025131,0.04986703675875026
0.0,5.046044753920231e-05,-0.003161117493540755,0.0,-0.03480798731539039,0.01978146797677155,-0.004542346468802472,-0.01996455770996053,0.01720142032355687,-0.02488812281434369,0.0025559979325190385,0.013070869811050212,0.02417044773769944,0.001158797277824808,-0.0010183723159139513,-0.0014357288184452255,-0.002912522947258578,-2.5887780606026478e-05,0.007570622670457827,-0.028990189859810722,-0.0014406314878888105,-0.031452226207166756,-0.0024832543879014235,-0.0217031025562463,-5.198914003090582e-05,-0.013252896832506356,0.001983810216966031,-0.027328271213074407,0.002857541330230473,-0.007021040359533326,-0.0010182622211498127,0.05382907966422262,0.07178093837400812,0.12634455394428307,0.029845846705990275,0.009782165698338952,0.0031405740962733852,0.008027515746379832,0.04953331526926985,0.0004373823813704214,0.0006542730885640835,-0.0082148681945301,-0.0164538048354671,0.03277543727337412,0.0,0.0,0.0,0.0019124660112684877,0.0,0.0,0.018812054383377574,2.220446049250313e-16,5.924763312586956e-05,0.00010339523333541267,5.551115123125783e-17,0.006332466387146352,-0.011058067764738527,0.0009007365803550549,0.0,0.0,0.0,0.0,0.0,0.0,0.0,0.0,5.2238592701425723e-05,0.013458016269765116,0.0,0.0,0.0,0.0027177295109062083,-0.00432005229959842,0.00419215609484358,0.0,0.0
0.010487098329506561,-0.002962727032616408,-0.0021615687514214277,-0.03480798731539039,0.0,0.021724357750185108,0.03211903037670827,0.011636232156905735,-0.015702868424172678,0.00867752023386531,-0.004387571593285899,0.012142948504061113,0.03708105398649009,-0.022197818823741722,0.016911680052432154,0.03493558590544876,0.020736165230477,0.017255633556803762,-0.0032125365671679673,0.007629240065853249,0.010270917080699826,0.01998903689604825,0.03616928338858988,-0.00013503480818516378,0.029293688381582084,-0.0010115681206154248,-0.0009765694765432875,0.007903738596578891,0.019533984573763263,-0.017558795191750076,0.03161737664615244,-0.03264969797051487,0.0020957131667654894,0.02879004700835852,0.010530964950484722,-0.01358467166154495,-0.06062715721882653,0.02582265478163287,0.006210261728149147,-0.007570951240275736,-0.0469336791151162,-0.020023109909616643,0.06810120572916961,-0.05577772348845156,0.0001674643747343607,1.1102230246251565e-16,-0.00371790743618311,0.020253628497217457,0.0,0.028899269865156563,0.04143482528880116,0.01856461354444977,0.009330149163445822,0.008478092396037917,5.551115123125783e-17,0.03993902710709096,0.009738416843035447,0.04110701928627575,0.039736703562701425,-0.0013617428463872372,6.107111308878421e-05,0.0,-5.551115123125783e-17,0.03711188635070778,0.007469369652016999,-0.0004531100255296683,0.009977434937788632,0.03885505606586148,0.0,1.6620175397608072e-05,-0.0006288957518040261,0.04616310439817173,0.008145088465412564,0.02011261607004189,1.1102230246251565e-16,0.0369119071388736
-0.009526389537826918,0.012850524686151277,-0.060011476694874555,0.01978146797677155,0.021724357750185108,0.0,0.02148770313806353,0.05049921604999874,-0.008513333553021918,0.004919799538534608,0.009091623957492079,0.015610557289285343,0.01183564123594949,0.06277283129533928,0.024018105837575354,0.03694815267086071,0.010223660971572124,0.023665655377056727,-0.013257293441143847,0.009659788670799252,0.03514513344732606,0.010205150151442577,0.012862498885213403,0.009702499469090464,0.017472486846334845,0.008241857771923655,-0.014680163526225753,0.021845998008274692,0.021139090991738996,0.01396473307462509,0.006145314628552501,0.0077336139350628885,-0.00395310064988208,0.0012775865583192214,-0.0035997990419738835,0.03522947325033404,0.019178071264747687,0.011377715996617077,0.0479207960183447,0.06976720169687495,0.05422655803991738,0.04817223559756012,0.07110210295003727,-0.031126628383010668,-0.009509917728549755,0.0028238161544394957,0.029441029056948897,0.04885734885910742,0.01155699590875936,0.04936207745602217,0.05616742581235362,0.05766991867160898,0.05967752192383391,0.04375809612553483,0.01971263295596254,0.05357980680695795,-0.009706363471991053,0.04452414985294739,0.06240985152854156,0.024939609466506252,0.031969170860521534,0.0,0.0214825886301786,0.046042561041964025,0.04417191338016163,0.032940869333352996,0.02800497125039003,0.06089014557908001,4.392356372540096e-05,0.01975932820833881,0.01776089948772075,0.062142657625701536,0.0346888455185167,0.05340841695781717,0.031103053629106592,0.03446544092737941
0.00028539928441656537,0.011163145589319134,0.016887078172084402,-0.004542346468802472,0.03211903037670827,0.02148770313806353,0.0,0.03623486377040147,0.023120626851512005,0.007958192568309874,0.020648390087159962,0.0008564940584211977,0.02566824505627535,-0.03046123555584279,-0.019404285832081092,0.02895734681633716,0.009521584923262327,0.01773474560578192,0.022352645015644934,0.005433045541079318,0.030733997430233417,0.0176120841522317,0.03417559695733274,0.004645783568943962,0.027426046127020542,-0.0015001829971265646,0.025119827309096954,0.042573405205414194,0.022081671156413796,0.026751610938011983,0.029878170744214116,0.018577935287240777,-0.0024796650721203295,0.016773359443460978,-0.016788633776775086,0.02432445978697545,0.0010008233583700954,0.004284263840762748,-0.006792437653355854,-0.0073754565341875855,0.07473637971181218,-0.07670654803157367,0.05657697813442075,-0.09404815892012924,-0.012556381735412181,0.0,0.03234800207909433,0.035153931500393365,0.0,0.027781352459942954,0.04471822335686071,0.0372969070835959,0.03841355294221316,0.03312353304108684,0.001340281985580949,0.03901148227100437,-0.004357191947523487,0.03022447581188692,0.07058309861324269,0.00032275770040962604,0.01679162404050638,0.0,3.593408241686635e-05,0.018073380151874652,0.028105955387106363,0.016225692586976925,0.030247904088035238,0.046397876147840744,7.986320103409161e-05,0.02558586732346335,-0.0036973972489423024,0.050905499589655956,0.035336051387111655,0.04250077194035945,0.004818217645414569,0.034218566706255116
-0.04732907439913414,0.005200541272786685,0.020056840267227705,-0.01996455770996053,0.011636232156905735,0.05049921604999874,0.03623486377040147,0.0,0.014962222044851203,-0.02845948179362673,0.020847612750913014,-0.021708657348937788,0.023664498508913778,0.016086975069491583,-0.013563378021341888,-0.01806216791570192,0.00025834453425710446,-0.017171985560654968,-0.008354374550253285,-0.01254267347260668,-0.00196531360931268,-0.008386361185876268,0.004616666026989402,-0.03500266174706418,-0.022855487848308376,-0.024472630788240024,0.026171029411156566,0.00792062501845564,0.02302749272238519,-0.011387066952778802,-0.002086592933448539,0.011107684728729028,-0.062230630135302334,-0.008578046856216881,-0.014130505410724581,0.03220400069585477,0.05799653124510751,-0.041703785098902046,0.03237887569572134,0.0033114785676097713,0.019096766019418232,0.020662947720330616,0.08278626217335827,-0.010286201725415944,0.0,0.0008382876648609372,0.012087812825584632,0.02604224992444426,0.0,0.0642108437727898,0.047041913465253216,0.035200257722683925,0.06900376150503923,0.022203866169749786,-0.00010400396939336254,0.036883438395067136,-6.540653313313882e-05,0.027182806567793705,0.06096446616669077,0.0261915726796505,0.01337953634408695,0.0,0.0003192588246564987,0.021215573155352607,0.016641256198180965,0.11096586903266137,0.03648765985249963,0.060295114990068066,-5.551115123125783e-17,-0.00859046525319429,-0.007283327290175889,0.047725401649919286,0.021944819157451723,0.03032358246331318,0.0003102797750015873,0.018666218476581564
-0.00960611026610686,0.023604311446058568,-0.0061533724902798626,0.01720142032355687,-0.015702868424172678,-0.008513333553021918,0.023120626851512005,0.014962222044851203,0.0,0.020501684638830286,-0.02627635838725284,0.011232825807971136,0.02103436500936745,-0.00857942115474658,0.017884175493959764,0.052866084175148875,-0.00726231112400505,0.005402672521237772,-0.00025812258497398544,0.030660319289094518,0.058436150612470095,0.02859997492963101,0.0029366771043267126,0.0010600194920142303,0.014635587712581888,0.009092330308800134,-0.03620358291629194,0.02204295607071366,0.02681136111016369,0.012546740187968364,0.01532714930394713,0.004515793784531819,-0.010056100595328188,0.008602340499179406,0.010387983990519767,0.012111906943188255,0.01217255149460722,0.013969648896541453,-0.00963553253032401,0.0028956020374027447,-0.05566200566302254,-0.0017344881775956944,0.045610642197381035,-0.028780960764885177,-0.000282757126574662,-5.551115123125783e-17,0.05079980093020625,-0.00869214707388366,2.7311068306334896e-06,0.031998432424097945,0.043321753134019425,0.03761209959229894,0.016105145122743858,0.018611982264570393,-0.005577790202558108,0.038417740859141014,0.013298347170183578,0.0238103530504874,0.031032516299162816,0.035095491612757934,0.0001612898248758432,0.0,0.0,0.035750668031909516,0.039448148550068174,-0.004162012901510581,0.016760401351321397,0.034660309852157734,3.361261348172606e-05,0.012523000134146922,0.02893563647693026,0.044813661423045104,0.01895977861565079,0.04799308556619508,0.012557276389451255,0.03857812244170733
0.0023306552375865763,-0.012070887744938419,0.002389637394279498,-0.02488812281434369,0.00867752023386531,0.004919799538534608,0.007958192568309874,-0.02845948179362673,0.020501684638830286,0.0,0.000510030994632038,-0.0038048818354453062,0.0035402213938264815,0.07642754746558222,0.014523706083938714,0.03422909743204705,0.009238637539434824,0.01507324944323385,-0.0006109670070601481,-0.017646651935465052,0.016196020378555553,-0.013618454588130158,0.013729288048469901,-0.018746003701592906,-0.025134858836680485,-0.054947757414079035,-0.00992885789547121,0.008879133442412868,-0.0052337560011934126,0.007940822010924498,0.012440429442040102,-0.007348219091116381,0.017992875681109244,0.015573330555979314,0.030323619391335155,0.023324500131559733,0.0073458092058763524,0.005045168233483166,-0.05569832686017667,0.0281162700017889,-0.02566629731722392,-0.016253765023725997,-0.020571838960299016,0.022581807149895827,0.03748141474443101,0.013271335122764738,0.022768965025250887,0.0002983965334575345,1.5507602927233854e-05,-0.0011613874395752788,0.010463897072627792,0.0015090561276520087,0.003062363391641898,-0.0010675704079728399,0.020153627341846614,-0.0002741196747165775,0.020767163333627547,-0.016884811565252844,0.0,-0.0006994400545756174,0.028233142613220907,0.03601405064399926,0.02751440121810672,-5.0974303465456394e-06,8.282036228002276e-05,-0.009320330820805411,0.01034622172213251,0.009922727811350784,-0.009035642020464307,0.03338814351488539,0.014635668209507902,0.012746341200959743,0.0031957764450025183,0.006356411905272585,-5.551115123125783e-17,-0.005590267893442247
-0.0032428080964017614,0.006672322934419439,-0.022245715799674104,0.0025559979325190385,-0.004387571593285899,0.009091623957492079,0.020648390087159962,0.020847612750913014,-0.02627635838725284,0.000510030994632038,0.0,0.0061428676702378615,0.021690374194940965,0.024957246571694514,0.0,-0.00021903332906286765,0.0013647226014245062,0.0011643077910003519,-0.02401989487917161,0.0001276172175075918,-0.03963698544836736,0.003910571141498009,0.01954765852872503,-0.0061751845379967585,0.017378429416773422,0.008789464324504392,-0.030276051358716027,0.02604053443238641,0.021996844831235485,0.024052259445945523,0.013896566255617915,0.03235813627184031,-0.0041224536914185594,0.008480192462037794,0.01033583553473666,0.04722839508302373,-0.009370059722863977,0.011687997887661172,0.04092136646908262,0.01256632793046858,-0.024118334631489158,0.0051226720591303065,0.061314041351301196,0.006355604927341163,0.003897740765951563,0.0,1.1102230246251565e-16,0.05446500928800674,5.288455206531317e-07,0.06309162429330478,0.04396441904422216,0.027310693475404102,0.04220407374079449,0.01766463330433543,5.134963014624683e-05,0.061273105648582904,0.021037026079492538,0.04603310422198492,0.05946840735237541,5.551115123125783e-17,0.0,0.0,0.0,-0.045835983770450284,0.007714763823401749,0.0,0.004544213891807591,0.03496075544254801,5.551115123125783e-17,0.0,-0.03370708748984841,0.04078387715570303,0.035070304189652735,0.011799838781750838,0.0,0.014105254663387135
0.013782743772120687,-0.0062947754121521204,0.003002126250300996,0.013070869811050212,0.012142948504061113,0.015610557289285343,0.0008564940584211977,-0.021708657348937788,0.011232825807971136,-0.0038048818354453062,0.0061428676702378615,0.0,-0.007589301689299388,-0.00859086148264232,0.007355967607789671,0.013219591841937606,0.01895307439079391,0.03201658456526468,-0.0019393544072475177,-0.009096507371099294,-0.017868915525323492,0.022984176890007146,-0.012111761366321527,-0.03307162066395919,-0.03135607467038409,-0.03301384321725942,0.010593490992269528,0.0009387584929086978,8.456414178542593e-05,-0.04822500522056561,0.012430894735833198,-0.015746717374787,-0.006225507610571945,-0.003802484965706121,0.005691888552856739,0.02240399564127299,0.021497896365739455,-0.016934947352224367,-0.031335002469547846,0.020566839016107397,-0.04967312915568811,-0.04438321387772254,-0.03225183883957422,-0.016249399949985477,0.03256809947644984,0.013646274736802022,0.014904635323907567,0.007446383692650105,-0.010570644306514526,-0.013372086074723177,0.003117250105569902,-0.024960841831024372,-0.0002685275015324451,-0.00625009089737405,0.014284718720294076,0.00022389546528234217,-0.06017735152967879,-0.09541613189777465,-3.3413620291022905e-05,-4.3969909671093266e-05,0.024306585087026378,0.012915818116628397,0.02193535184933204,0.011998967187992149,0.006079683126741564,0.013120463882309863,0.0010801412718368097,-0.006106384576272661,-0.0009136043560779017,0.02400663639595474,0.012252870280576311,0.002054987430159916,0.005750329680323407,0.005210288734788515,0.0,-0.01631840062383405
-0.01458794913259942,-0.0002632100590831965,0.007820438961988307,0.02417044773769944,0.03708105398649009,0.01183564123594949,0.02566824505627535,0.023664498508913778,0.02103436500936745,0.0035402213938264815,0.021690374194940965,-0.007589301689299388,0.0,0.013093309585976876,0.011987991997769731,0.017420597100803126,-0.008463448394669393,0.008119900251339407,0.01505835019973173,0.002145432240166667,0.016558154296075267,0.007723583072394791,0.020641252858168313,-0.0056598047986375355,0.014856246057034062,-0.013174005815293488,0.012072293611576912,-0.01523076881869373,-0.009511245567800364,0.023192416416576045,-0.0008729584185446226,0.014673208067039756,0.002209625095804524,-0.005027429002907979,-0.01119416271440321,0.04450567943876327,0.0331795150149895,0.0009028925000140742,0.03737348538622409,-0.01685732498669895,-0.02484263333991099,-0.03136087850959568,0.013584050537727377,-0.028308554328266733,0.004724631476579033,-0.014119589891451845,0.02818800656764181,0.030005411758043055,0.0,0.028092275281681456,0.03532662816453036,0.03196547652693649,0.02360125764126425,0.03232512571743584,0.008743323660566293,0.018783908638189017,0.005789354973380012,0.034478237370135945,0.014747602133528825,0.039315769096095576,0.014102769382059566,-0.0038200483424566944,0.014738178151774639,0.012176280689733088,0.020605365194055036,0.026637637408623793,0.010391316242975346,0.039102998470451567,0.005356503862084472,0.013918390294803296,0.0069356768659098456,0.0410601549940921,0.029322599489477907,0.03939578484704165,0.015492279457972602,0.02342198689562236
-0.012665354723260247,-0.003978392984255341,0.0071331697612939116,0.001158797277824808,-0.022197818823741722,0.06277283129533928,-0.03046123555584279,0.016086975069491583,-0.00857942115474658,0.07642754746558222,0.024957246571694514,-0.00859086148264232,0.013093309585976876,0.0,-0.00888725827670478,0.0014695284553299937,-7.10614835852108e-05,-0.00023505258956185715,-0.022896845200640947,0.014465176865121276,-0.030599128321538382,-0.0007808923825986525,-0.005772455580870972,-0.013262921238708814,0.007573530505767145,-0.021741264895591972,-0.013329585160713864,-0.018734091909269557,0.021039727661888163,-0.05502093967811378,0.01103631655802878,0.009221496264205431,0.008691554306201832,0.010568942709031692,0.041055140936947176,0.01415250731676354,0.016068668231409677,-0.03734046795005064,0.046015899861376,0.0,0.003029442907205193,-0.0008835058976034427,0.0728880642454211,-1.522281173949036e-06,0.0,0.0,0.0,0.03342169642082182,0.0,0.06368311849514285,0.03499229404534282,0.03321040608382064,0.03160707366104337,0.008057435972466165,0.0,0.05222195803778845,-0.00045980955663948997,5.016323790441035e-05,0.022487638602858462,1.1102230246251565e-16,0.0,0.0,0.0,0.04255636403417973,0.0,-1.1102230246251565e-16,0.0,0.030927787705823495,0.0,0.0,5.551115123125783e-17,0.03706921039338118,-0.007229859378803105,1.1102230246251565e-16,0.0,5.551115123125783e-17
-0.008145110562224722,-0.012473988999256724,0.009223623887336108,-0.0010183723159139513,0.016911680052432154,0.024018105837575354,-0.019404285832081092,-0.013563378021341888,0.017884175493959764,0.014523706083938714,0.0,0.007355967607789671,0.011987991997769731,-0.00888725827670478,0.0,-0.013101686103188348,-0.0027008584767103105,-0.015694998387193182,-1.1102230246251565e-16,0.012101871965916278,-0.003296152331622615,-0.012977115665989802,0.010434366729480338,-0.01868819421470158,-0.006906140298346075,-0.05422946961795533,0.012783439482936976,-0.016665389004101194,-0.005075697738880114,-0.013898421784693471,-0.03830566926174561,-0.03977749320182333,-0.014415181627841334,-0.04783216344052954,-0.05493449008254736,-0.04244789061986043,-0.058463424102716044,-0.026396910517960614,-0.003233905210947796,0.02606602517408313,-0.001531872934527112,-0.0007607713387108861,-0.042250242914460445,-0.007341328176555584,0.0,0.009131244537421368,0.023698402299299648,-0.0018579499895816642,0.0,0.0,0.01056824989105326,0.007725762395396463,0.02869601761470192,0.00259834281546506,-5.551115123125783e-17,0.0,-0.0019042672793475046,0.019033505017331365,-8.66913060670882e-06,0.021757940034707268,0.029465410118089563,0.00030302719488534136,0.018965702293946507,0.0,0.002225126329903848,-0.012363584235373315,0.013459312727168937,0.018921412591776376,1.0151565670857288e-06,0.01353534124493988,0.013296245076449553,0.012751450963505606,-0.01713333043943238,0.00313898520053546,0.006415160547672272,-0.008945975358285785
-0.02342982919022807,0.006230658316358495,-0.009283046192723965,-0.0014357288184452255,0.03493558590544876,0.03694815267086071,0.02895734681633716,-0.01806216791570192,0.052866084175148875,0.03422909743204705,-0.00021903332906286765,0.013219591841937606,0.017420597100803126,0.0014695284553299937,-0.013101686103188348,0.0,0.025028504762706183,0.054438661294713364,0.0004149125715394164,0.015332963016229939,0.013985839887979135,-0.021432083109592437,-0.01562784994901284,0.009980666085633583,0.02618887345499854,-0.0153441943700095,0.012161380144207423,0.012200865376118919,0.026793125150300634,-0.009144759204023134,0.002800584412422147,0.0014249149463174682,-0.01578349930738726,0.01115007166670473,-0.006140497458138605,0.02699637487662432,0.0024223240468570495,0.02537227120513713,0.023471628933945443,0.03268964883375458,0.03162297651682733,0.011887403989972123,1.1303884870250691e-05,0.0,0.0,-0.012019078151920382,0.03123152497286613,0.0,0.0,0.0,0.01996893034259084,0.012207496775026583,0.01577838235937573,0.0,0.003882906824039578,0.0,0.011341387323070329,-0.0021820370009985046,0.0,0.004728991393507576,0.026975022307760055,0.03100565327293081,0.0408379640004945,0.0,0.01134580766265092,0.016006448091666958,0.030123627131727726,0.009009655616987577,0.01759248587749107,0.026192837278536163,0.014550944280092626,0.007259977633376269,-0.019031146826028522,0.006530062166022976,-1.1102230246251565e-16,0.016450472643101066
0.05303407991328535,0.06628967486650333,0.011673479375662543,-0.002912522947258578,0.020736165230477,0.010223660971572124,0.009521584923262327,0.00025834453425710446,-0.00726231112400505,0.009238637539434824,0.0013647226014245062,0.01895307439079391,-0.008463448394669393,-7.10614835852108e-05,-0.0027008584767103105,0.025028504762706183,0.0,0.01375424079031684,0.001434468773130304,-0.017462364113677742,-0.015328505324479103,-0.00507682075798771,0.009995977001975465,0.020095441563150185,0.028839288283494635,0.013417823789012628,0.00038553528649426516,-0.01060973410287308,0.010568038301236149,0.0008035484759856826,0.012939032473267054,-0.002729182665863361,0.02587816845702634,0.010290276014794042,0.016522742114703226,-0.0026855807556584455,3.134536750243333e-05,0.02207427353309238,0.00952064083069154,0.04957916779006688,0.032660450719912915,0.014404975861694813,-5.551115123125783e-17,0.0,0.007974827026424769,0.014521010702345682,0.01868671954959772,0.0,0.0,0.0,0.0,0.0,0.0,0.0,0.05175599964011218,0.0,0.0345847900184611,0.0010644608659404753,0.0,-0.00012627414611193766,0.05213190278037555,0.03993822592061541,0.04189501669267709,0.0,1.1102230246251565e-16,0.0,0.025789569274968116,0.0,0.02060564005946991,0.0407193701636977,0.030980043970729176,0.0,0.002629511660489914,6.812363555841472e-05,0.0,0.04560586683014517
0.011966835768143613,0.008037077210912957,0.024709756381578463,-2.5887780606026478e-05,0.017255633556803762,0.023665655377056727,0.01773474560578192,-0.017171985560654968,0.005402672521237772,0.01507324944323385,0.0011643077910003519,0.03201658456526468,0.008119900251339407,-0.00023505258956185715,-0.015694998387193182,0.054438661294713364,0.01375424079031684,0.0,0.012304273272529587,0.0012263959984932793,0.005330798140477266,0.0025341782093749043,-0.004695712920172346,0.015232869946352201,0.015739589160971013,0.004414281433014422,0.008875796117707113,0.003275671918262668,0.02371738836585635,-0.015382876273897728,0.010506114442027314,-0.017325310465493626,0.004221255298245519,0.012097378977429407,-0.0030970127881400633,-0.0752729368838862,5.224128673092521e-05,0.03256809866172261,0.03302240029323644,0.05025441441596207,0.04581946628436656,0.03211961449451106,0.0,0.0,0.012496896009645153,0.015495912182116933,0.04048697806167362,0.0,0.0,0.0,0.02930457249874946,0.0002203182766711831,0.0009773984963865057,0.0,0.06781504661775395,0.0,0.05636311847975223,0.01356063211184333,0.0,0.012475103125461351,0.04437623440467925,0.05632558140560284,0.05300002660819203,0.0,0.0218129812392866,-0.0010156046460136903,0.03173517051824104,0.018152630140933546,0.04812434607791527,0.05054994391314882,0.042574391008026236,-0.008425641026682196,0.019466939785432014,0.02726639348781268,0.0,0.044478576738854525
0.0,0.011784816509556428,-0.008581558154438507,0.007570622670457827,-0.0032125365671679673,-0.013257293441143847,0.022352645015644934,-0.008354374550253285,-0.00025812258497398544,-0.0006109670070601481,-0.02401989487917161,-0.0019393544072475177,0.01505835019973173,-0.022896845200640947,-1.1102230246251565e-16,0.0004149125715394164,0.001434468773130304,0.012304273272529587,0.0,-0.000969518182541429,0.009548036601439325,0.01069274373350726,0.013602302669328215,0.018365529325507723,0.01360514267979318,0.0041278066934238855,-0.045308089018641085,0.017090226010406828,0.014517704887995031,0.013706554198017973,0.0016421013739809642,-0.00713135958494443,-0.018967136254099903,-0.002624388575638903,-0.018195687195009747,0.000475196984865478,0.006594757470063162,-0.0031313707555266634,-0.010236887873851408,-4.0520925790266116e-05,-0.013037597835772963,0.0016685781918363563,0.04834776099153748,-0.024522463133305028,-1.6639048854294458e-05,0.0,0.0,0.06178804483707501,-5.551115123125783e-17,0.027453735727234196,0.03924294885427393,0.019181449462683853,0.021898288360658547,0.0061574107722502935,-0.012017210199793071,0.10869248234444068,0.003637247133816579,0.024009589254798347,0.035080959184049354,2.220446049250313e-16,0.0,0.0,0.0,0.04903721903373448,5.864125082749583e-05,0.0,-0.00025517417732640046,0.026712069763837,0.0,0.0,-5.551115123125783e-17,0.03478913357086766,0.019388671539456226,0.016123073667096532,0.00020216912839599033,-0.0072862210266217975
-0.020514027554496328,-0.015644573323820743,0.0031199652743761352,-0.028990189859810722,0.007629240065853249,0.009659788670799252,0.005433045541079318,-0.01254267347260668,0.030660319289094518,-0.017646651935465052,0.0001276172175075918,-0.009096507371099294,0.002145432240166667,0.014465176865121276,0.012101871965916278,0.015332963016229939,-0.017462364113677742,0.0012263959984932793,-0.000969518182541429,0.0,-0.004084275776525426,-0.017094689159406318,-0.03914068633316431,0.006749201486976553,-0.00531523201309847,-0.010011570282887683,0.0009838611698837485,-0.02644307580567784,-0.013265261986652566,0.035450432908555096,-0.015864924732462815,-0.03772008140944716,-0.03857196178272215,-0.030371782070838627,-0.05136947513025525,-0.03922795499091464,-0.043694945366775984,-0.022274394870537506,-0.014567797763410717,0.005318100447953444,-0.003227695753207138,-0.018576109624383996,-0.004498210846698769,-0.018493585070206542,0.0005225663977390105,-0.003253594121495118,0.012779569588219464,0.024066009704863445,0.0,0.0,0.02761411646204298,0.01391635516313472,0.021341034537520953,-0.00017890117113494863,0.00012389624208714034,1.1102230246251565e-16,0.0009400003450126815,0.00815440111498128,-1.1102230246251565e-16,0.004401898198497289,0.011088875220255201,-1.798204124525693e-05,0.01376414892089639,0.0,-0.0028035400814677147,0.005267464303999714,0.003091655292371598,0.03945054966224287,0.0,0.011921045019926024,0.011443525700761903,0.03173499277436237,0.012161807690171611,0.02676635096254998,0.011151676450711578,-0.008595652045742697
-0.03324825313981933,0.0182941219522878,0.01811370698370568,-0.0014406314878888105,0.010270917080699826,0.03514513344732606,0.030733997430233417,-0.00196531360931268,0.058436150612470095,0.016196020378555553,-0.03963698544836736,-0.017868915525323492,0.016558154296075267,-0.030599128321538382,-0.003296152331622615,0.013985839887979135,-0.015328505324479103,0.005330798140477266,0.009548036601439325,-0.004084275776525426,0.0,0.00013510834700536378,0.003860261235158091,-0.032191207901082264,0.009430846853117625,-0.0053518497607963345,0.021571482452315105,0.0053810166178691055,0.011314232741954977,-0.016847106903913,-0.023043431323988783,-0.018651466547383033,-0.01337365788814443,-0.014294911530019605,-0.030913149692942954,0.00968043045163608,0.012745112541835135,-0.036090744492596916,0.004677854411085536,0.05015211672949066,0.010882175960584106,-0.005966205870375885,0.025088074493531343,0.0,0.0,-0.06142247465022849,0.014055535285119103,0.009691890044101314,0.0,0.0,0.03684855834808004,0.00803598940229977,0.0033589371474844754,0.013781342369058036,-0.004387635682643165,0.0,0.0007206215930700699,0.0004985809950597275,5.551115123125783e-17,-0.0013835164314571213,0.02241613116856278,0.0,0.013331111664791395,0.0,-0.0011013063684718882,0.011670737493086503,0.013643668451982727,0.04634471175980759,0.003659022365081366,0.008197578989466492,0.0022936552933244814,0.04404090706008623,-0.008430947739215156,0.037140407512867124,-0.0005108883665344011,0.025312957079213105
-0.020788764597712284,-0.001525107629021638,0.02025334964874631,-0.031452226207166756,0.01998903689604825,0.010205150151442577,0.0176120841522317,-0.008386361185876268,0.02859997492963101,-0.013618454588130158,0.003910571141498009,0.022984176890007146,0.007723583072394791,-0.0007808923825986525,-0.012977115665989802,-0.021432083109592437,-0.00507682075798771,0.0025341782093749043,0.01069274373350726,-0.017094689159406318,0.00013510834700536378,0.0,0.001992859656258783,0.03421876990016809,-0.003117615306531707,-0.015968486649573066,-0.014041749895785383,-0.008210448147419946,-0.005947858533556449,-0.0063602917437253215,-0.01596836758591469,-0.026718814145113623,-0.006198198061962978,-0.026828708799809253,-0.03966212496510152,-0.034308153263386876,-0.028909402632783576,0.003240410881658329,0.004674271974898114,0.030164649914838415,0.01520031873414085,0.016770585716431197,0.04110352381518528,0.0019105728479745787,0.00013144870917836116,-0.02098229407365465,0.02995771576079359,-0.0022442990928133733,4.767048636389326e-06,1.465612013806794e-06,0.007540568101092493,0.0049655477466414855,0.01462781845819433,0.006907296352487102,0.008325937349949741,0.0,0.0075994408727261265,0.001251900193645128,0.0,0.014771280303886247,0.035841728087238456,0.023344534056977395,0.03606675005454324,0.0,0.006328874734124579,-0.0008017756040900048,0.023342235936795575,0.011030561938322025,-0.011083927822708228,0.028970540546760737,0.019069624896719817,0.0032522048890483712,-0.008788688598379835,0.002191965320066158,0.008667946209482857,0.006966949103811515
-0.0348115939849134,-0.0013640110173493425,-0.007148580353720846,-0.0024832543879014235,0.03616928338858988,0.012862498885213403,0.03417559695733274,0.004616666026989402,0.0029366771043267126,0.013729288048469901,0.01954765852872503,-0.012111761366321527,0.020641252858168313,-0.005772455580870972,0.010434366729480338,-0.01562784994901284,0.009995977001975465,-0.004695712920172346,0.013602302669328215,-0.03914068633316431,0.003860261235158091,0.001992859656258783,0.0,-0.0302678643824999,-0.010550345186070342,-0.014294768120813484,-0.023477685437475526,0.011909182194246748,0.021443084474446872,0.0019464926767523982,-0.006755910058839132,-0.007619201892176075,-0.009106698616962894,-0.006983108756323908,-0.021248061157916887,0.013487738240900049,0.002896689169683331,0.02462752457080858,0.02031045300508222,0.02300076469267953,0.022037121622771383,0.0332798428709532,0.045502846591397694,0.016144179506151324,-0.004801334202307939,0.006493780548576633,0.0038226251514796306,0.07484952394932742,0.010178432753964683,0.028903796620591615,0.0340078103985767,0.03691478528605474,0.029172563316114952,0.017022749154704808,0.02755109031237518,0.07438054718221587,0.004220950600992535,0.02138236707133845,0.06235852823477045,0.010229922905104993,0.004154473629356281,4.374330402762139e-05,0.0008840618579926685,0.09825703982766432,0.016729683706985854,0.016640234908540164,0.0019783245724455667,0.04959330867838385,0.00016857798440461647,0.00403326848630714,0.001497118869425773,0.04410485123719943,0.018599254875507953,0.03633958835718476,0.01845696429119653,0.015151824708568573
-0.04082345761100087,0.012469724711688723,0.00574436298588793,-0.0217031025562463,-0.00013503480818516378,0.009702499469090464,0.004645783568943962,-0.03500266174706418,0.0010600194920142303,-0.018746003701592906,-0.0061751845379967585,-0.03307162066395919,-0.0056598047986375355,-0.013262921238708814,-0.01868819421470158,0.009980666085633583,0.020095441563150185,0.015232869946352201,0.018365529325507723,0.006749201486976553,-0.032191207901082264,0.03421876990016809,-0.0302678643824999,0.0,0.001495886079444897,-0.014688389572445837,0.009229861744239176,0.004167086687611232,-0.01978695497909605,-0.007763634055698632,0.009377943545840817,0.036813546135883,0.03039400306960871,0.002656942558320885,0.02337556764467108,0.007575077508376049,0.0030992079634455383,0.012787449023149516,0.06801172107557146,0.012220515769609586,0.003798745240674639,-0.01144415155164702,-0.007474519901529808,-0.004130090594060665,0.021448194634653084,-0.007536710369993205,0.016354085573913546,0.0,-5.551115123125783e-17,-0.00017277803703852346,-0.0029253813598142386,-0.00014805386374378005,-1.6653345369377348e-16,0.0003077892708030494,0.01691639223070246,0.0002264267998812186,0.023385344777491324,0.009494139433977589,0.0,-0.00047241437910849893,0.04852758643012267,0.040365435730559784,0.043097049353672146,2.1055177524931246e-05,-0.0007907587586393761,-0.03770675990114891,-0.006014471089399009,-0.0005684272782017774,-0.024437237700123182,0.037429887760852765,0.025732946347965635,-0.0031608736429630246,-0.011711500954076026,0.006588179631417279,0.0,-0.015229191061873926
-0.0009663722691319876,0.0008778184155185942,0.01653071327851907,-5.198914003090582e-05,0.029293688381582084,0.017472486846334845,0.027426046127020542,-0.022855487848308376,0.014635587712581888,-0.025134858836680485,0.017378429416773422,-0.03135607467038409,0.014856246057034062,0.007573530505767145,-0.006906140298346075,0.02618887345499854,0.028839288283494635,0.015739589160971013,0.01360514267979318,-0.00531523201309847,0.009430846853117625,-0.003117615306531707,-0.010550345186070342,0.001495886079444897,0.0,-0.008163706719539865,-0.0014226868158778716,0.006972391208164119,0.0089824868105281,0.010435958999954864,0.0005874595137488337,-0.02392518657211834,-0.0010364810998975682,0.0030985198895976396,-0.014730291299748288,-0.06405763996722968,0.0015977075884870962,0.022531454265275697,0.023556159763134188,0.04498919663479278,0.043924400284990506,0.017964252333548092,-0.0014569503102319636,-5.551115123125783e-17,0.04187047176920039,-0.009640091996217848,0.03518566176649268,5.551115123125783e-17,0.0,2.220446049250313e-16,0.01874923293580283,0.016473196833055315,0.015377635852291072,-0.001070921109737888,0.04605690566664017,0.00040851825983267975,0.03400176611253164,0.005172246297826921,0.0,0.017388334176471065,0.0337705754260586,0.040263569595857085,0.0429235355830373,0.0,0.019473645884209245,0.010034943120380058,0.029948930416413666,0.014492969398046784,0.019273314874490133,0.03348681673519688,0.02288611862286105,0.01985786501815584,0.0077738041863748,0.011364464382797812,0.0,0.02443092337890218
-0.015884389183366876,0.0016717398100679626,0.0018024278526896365,-0.013252896832506356,-0.0010115681206154248,0.008241857771923655,-0.0015001829971265646,-0.024472630788240024,0.009092330308800134,-0.054947757414079035,0.008789464324504392,-0.03301384321725942,-0.013174005815293488,-0.021741264895591972,-0.05422946961795533,-0.0153441943700095,0.013417823789012628,0.004414281433014422,0.0041278066934238855,-0.010011570282887683,-0.0053518497607963345,-0.015968486649573066,-0.014294768120813484,-0.014688389572445837,-0.008163706719539865,0.0,-0.0017306628978717709,-0.015474898889650923,-0.0022771453003038733,0.0011493263139313314,-0.019381484526627524,-0.029068977536717555,-0.014951797745711648,-0.023359576653042058,-0.039200381913182314,-0.03311776112962739,-0.07210217852923756,-0.0027342620424679054,0.01430607106036158,0.024248164773071845,0.024843551395523966,0.004661260607603079,0.026710351300524904,-4.1111321777420606e-05,0.01772525841663375,-0.018268062307728206,0.028556139622363474,0.01234400079221476,0.0,-3.4265984839021435e-06,0.008582576828045585,0.005841333860169995,0.014834000426780847,0.01769817720465927,0.030102192632810387,0.0,0.019182639297545434,0.0033381579421719043,0.0,-0.005043205359158254,0.02770077206721544,0.02950339274126601,0.03174102895132458,0.0,-0.009145221741982512,-0.014769073579385505,0.015013844912762975,-0.0032973976174226483,-0.0009119941577142021,0.024150855161353568,0.012354015475938784,-0.01285863571629875,-0.0059579318092162215,0.0009344905706031859,0.0006918631123744579,0.012937104927459975
