0.0,-0.0149554653872771,-0.05341944182855929,0.0,-0.02971020720185452,-0.016396604949995397,-0.030277578684427597,-0.04568515952359864,-0.025305001855677967,-0.0347009793107762,-0.007948222769126934,-0.08736041690760782,-0.03128106088811061,-0.021645118143894415,-0.004718161024974132,-0.031386721031812725,-0.029919927847520067,-0.016108007726132523,0.0,0.005118238065695335,-0.02310503723474855,-0.014464316888045947,-0.04366497238534911,-0.03191920552049704,-0.01550902282699046,-0.04339912443189181,-0.012878922302459905,-0.03632327275079039,-0.009170292469027619,0.04063653365085074,-0.030563303283877297,0.002544676867994533,0.0003298730334536093,-0.013516713740345299,0.0019658047741689666,-0.022049174777634573,0.0004437610115347046,0.020706259561701856,0.013773409666682557,-0.005704725616475059,-0.002142096416374084,0.007630636872149599,2.1533729335776464e-06,0.0,-0.011807584502934565,0.02961073326135688,0.01133706472149032,0.0,0.0,0.0,-0.02800415657135491,1.1102230246251565e-16,-0.015818095859737258,0.0,-0.07224342262463218,0.0,-0.045465098535860116,0.0024088453468331106,0.0,-0.029471541321002936,-0.02214160613100452,-0.053212220628514995,-0.035602309179091074,0.0,-0.026429176866725967,-0.02478213334115953,0.0022165104903874022,-0.01823554756453516,-0.06213656118762878,-0.0064409450094917164,0.021787138868795852,-0.02365267974040558,-0.00021026573237786783,-0.03776966604117776,0.0,-0.030934281398840524
-0.0149554653872771,0.0,-0.05914771783157696,-4.292930104510262e-06,-0.07392623771511375,-0.04266478550963215,-0.06461494754844715,-0.09534637976043692,-0.05848893194123678,-0.037493308298081174,-0.02810672332776376,-0.03248676495114777,-0.04733043643811152,-0.007381965052131734,-0.009222990236557371,-0.015121671510917534,-0.0031342737364545847,0.0076287758625576685,-0.10379360690591272,0.0016814020862882528,-0.015814860837446043,-0.011119089813148575,-0.015943653407821112,-0.007935646494466486,0.024913811560876353,-0.003021637839181135,-0.01020587877549628,-0.02844164298621593,-0.03168647170568384,-0.007547190651323865,-0.01304659502558786,0.00036579510090251066,0.012347573821951896,-0.0004787106766982463,0.00825252058616982,-0.004293257017954744,-0.001122484342943264,0.0,0.009653093023765658,-0.0002256283010864668,-0.000163316079509368,-0.0032957941108517352,-0.009680633733965605,0.0,2.220446049250313e-16,0.0029018220348381307,-0.0008329370955353355,3.998544390371173e-06,0.0,0.0,-0.025503297591932372,-0.002845962057488105,-0.019782718154567336,-0.020517413603854395,-0.014288869973261453,0.0,-0.022948005151246065,0.003548456622329055,0.0,0.0013680440025734542,-0.008789449786753833,-0.022783635649122114,-0.008095715595205999,0.0,-0.0004242814783586013,0.01412927544331527,0.0028799930924034434,-0.007532407625309712,-0.012391168490416715,0.005873748334331297,0.0011740819008818626,-0.01658416835978227,-0.012162039824294923,-0.014279949719270268,-1.1102230246251565e-16,-0.011165705888313338
-0.05341944182855929,-0.05914771783157696,0.0,-0.12121642178454578,-0.08663377116899301,-0.07358792057812108,-0.13226083428330015,-0.17448843713766693,-0.023571692348479112,-0.06435549617883418,-0.05944404107232082,-0.06788373455148922,-0.13180412787003093,-0.13927267653207404,-0.04047912174726709,-0.04662189132737088,-0.032271635793183207,-0.03753701735356013,-0.028442957540943725,-0.03366069549446943,-0.04043140153277447,-0.06213668254457633,-0.05944445377155283,-0.037875384537529255,-0.0477583571428743,-0.0812986843425974,-0.041415173269693906,-0.14204184826892113,-0.06890090536763044,-0.13292821697548746,-0.15617541574708643,-0.13166050639828908,-0.040953449159164546,-0.13161773427951307,-0.1154404138454646,-0.12421428325612766,-0.11537129921951073,-0.07048701799068025,-0.07326010325615295,-4.410201664972746e-08,-0.04810408374257158,-0.0266986394559382,-0.17721851425951352,-0.048104129218939196,0.0,0.0,-4.71695095457525e-05,-0.1909151229986226,4.83653316618593e-07,-0.15341013609701704,-0.16191570552474244,-0.16386413808029998,-0.20292758414532797,-0.21354147359440317,0.0005191226996740794,-0.10194358857104857,-0.03265289872859245,-0.15475010081158785,-0.10506502847982269,-0.0001409569977189884,0.0,0.0,0.0,-0.10479386023980336,-0.01883040719829787,0.006112248554702271,-0.0002505990277628656,-0.1916699851418781,0.0,7.157775460553406e-05,-0.047107528082202754,-0.17795687350867662,-0.13312466795803835,-0.07893521459754194,-0.009043404331256166,-0.07157572136115475
0.0,-4.292930104510262e-06,-0.12121642178454578,0.0,-0.010144281987412407,-0.08391677754272375,0.016172397912113334,-0.04043532657377391,-0.11882279003736645,0.008336881237505589,-0.06083372274917587,-0.028596035903980466,-0.014642083281348917,0.01954139648837655,-0.014323420519404162,0.00047336715842194454,-0.015776796587503195,2.2024067982684414e-06,-0.12388953492668153,-0.02646602890760935,0.0004168170826135964,-0.021457647192283935,-0.045109558366271785,-0.016794421492871525,0.0004233237504460141,0.014734644835061539,-0.08912070976131004,0.02402966721009947,-0.04613900215432387,-0.07337120851819273,-0.02702535487402019,-0.04695855812877747,-0.04472352216159442,-0.05713146531838245,-0.06968004898628405,0.018408067828671687,0.008163000022017114,-0.023855891771834004,-0.022741938675793494,4.665138105208744e-06,-0.03802799042101279,-0.0005528859650799078,0.01997502328708095,-0.007519280288235508,0.0,0.0,0.0,-0.0006536918397853086,0.0,0.0,-0.0301406438632833,2.220446049250313e-16,-5.040501229625072e-06,-0.0001070477755616972,5.551115123125783e-17,-0.0111549926366597,-0.009615846918834964,-0.00032190207172844154,0.0,0.0,0.0,0.0,0.0,0.0,0.0,0.0,-4.444206069487144e-06,-0.08640390111053586,0.0,0.0,0.0,-0.04448549679962149,0.0013687091698423304,-0.015684009678869237,0.0,0.0
-0.02971020720185452,-0.07392623771511375,-0.08663377116899301,-0.010144281987412407,0.0,-0.07409876496755774,-0.0625599094746841,-0.09987880803615318,-0.048405925922356485,-0.10761015528262574,-0.04116552495101339,-0.047111277677814034,-0.054953845424045855,-0.04288785043361665,-0.02383198097434247,-0.05989996587507107,-0.04865652059419706,-0.07668862244461344,-0.06485730143604596,-0.049103097407625695,-0.033150936493318794,-0.06585993342222657,-0.0896628325710348,-0.05616593254848279,-0.05701207052800783,-0.06040285878941459,-0.06829988181102442,-0.043101085425187646,-0.06833896179167093,-0.029404242367631506,-0.11443441352693196,-0.06574779567170513,-0.026757682372313518,-0.09206435828809906,-0.08559321345253884,-0.02622373740045847,-0.01770830307302232,-0.08094578984072587,-0.050069647316302146,0.012059974726351785,-0.009171826411988993,-0.00382816228214955,-0.04578331090406479,0.07469180512481999,-1.4247056671023994e-05,1.1102230246251565e-16,-0.008993751315860221,-0.14833744638199614,0.0,-0.10083715956826494,-0.13143175835039894,-0.06936367682567235,-0.13167351131200633,-0.07182486548717759,5.551115123125783e-17,-0.07866155339787889,-0.02158928774854546,-0.11719359117498623,-0.06022056626900968,-0.004900000108093494,-2.366607103271301e-05,0.0,-5.551115123125783e-17,-0.13977538971289472,-0.033339847972066794,0.00016709288859073634,-0.0270155684228941,-0.13822708083588342,0.0,-1.4139639021859551e-06,-0.02045578688054639,-0.1277818706384981,-0.10790369773719649,-0.09221134507343437,1.1102230246251565e-16,-0.1311108062878219
-0.016396604949995397,-0.04266478550963215,-0.07358792057812108,-0.08391677754272375,-0.07409876496755774,0.0,-0.07987618362311699,-0.0769608795277632,-0.04644896094049039,-0.05627964942616842,-0.08106130871615697,-0.04401917978175107,-0.04005733505640402,-0.101055523451204,-0.02184897312757267,-0.032361725452340506,-0.04223227145683933,-0.03741636299564888,-0.09895027350038049,-0.02088929027667008,-0.036896177362115756,-0.03142072842006427,-0.03252735942598378,-0.009094869344775325,-0.03240523356540459,-0.04639922851585171,-0.01283094554074976,-0.04330096133985878,-0.012612581497925213,-0.06778733045336066,-0.07965541926676373,-0.06568454975687327,-0.01746310659331024,-0.06773948439471189,-0.03506754669982265,-0.11546045689288087,-0.0956410864087085,-0.052011758159855814,-0.06190385725600289,-0.025338986073571712,-0.06859188699530011,-0.028588618128580212,-0.13222559285380264,-0.03789390831846917,-0.02279213450214962,-0.025621788807579537,-0.029393757519128705,-0.155627082494462,-0.023718346813681346,-0.13389616092464446,-0.1091919585916244,-0.12478104756137354,-0.11511551675013443,-0.15495422364410677,-0.03307452934668503,-0.14778366010292499,-0.0388224648653947,-0.11152311017926719,-0.05824903983648899,-0.02613505839119107,-0.01383694518230355,0.0,-0.026836118967224654,-0.1628330670021524,-0.028275851703746024,-0.06733173202192633,-0.03559708841807613,-0.1147983914643394,-3.7368037386076303e-06,-0.0313725244310924,-0.02976357308796118,-0.09790765814635322,-0.08472757175744061,-0.059768723596133166,-0.060590954656690676,-0.08291136772663055
-0.030277578684427597,-0.06461494754844715,-0.13226083428330015,0.016172397912113334,-0.0625599094746841,-0.07987618362311699,0.0,-0.10688791650658536,-0.07570977643924165,-0.08384234167197735,-0.10831030802570119,-0.0396726848909843,-0.05248801790512925,-0.04751886766225222,-0.031123441823095954,-0.05192722245178627,-0.05186514779437451,-0.04675063823173936,-0.12449217418401748,-0.039221505797279343,-0.07291740671572972,-0.050418044005607066,-0.10300411523975755,-0.038039358762307296,-0.049736354687729134,-0.038830916741503185,-0.0846693454161887,-0.0246500875183272,-0.055240872353833015,-0.05085375619960414,-0.061287844624350885,-0.05157702139829251,-0.050585776207197286,-0.04521554523604887,-0.009582163275562938,-0.028567239702820213,-0.007578526324775459,-0.04590196311487943,-0.06917920424926283,0.005286035172079873,-0.032294038043932494,-0.012309275462841107,-0.08142401939693811,0.002542785202500897,-0.006796034237959048,0.0,-0.03456154301646741,-0.15972930311133104,0.0,-0.13663795408518542,-0.13393968908587833,-0.13710585690995908,-0.12838209653774385,-0.15830985328974706,-0.0254823463709416,-0.11562468381171231,0.0015037894821153253,-0.12846499916940401,-0.03520221485593289,-0.03740852492952523,-0.01959292875386809,0.0,-3.057097423875277e-06,-0.16650999822112417,-0.03507161826891797,-0.03261218288643797,-0.033479635753125514,-0.12372127275624517,-6.794373745955262e-06,-0.02708621326440036,-0.03393414263307454,-0.11295880165800343,-0.09433862697132134,-0.08705236911723846,-0.08698004234819395,-0.11206358510571834
-0.04568515952359864,-0.09534637976043692,-0.17448843713766693,-0.04043532657377391,-0.09987880803615318,-0.0769608795277632,-0.10688791650658536,0.0,-0.16327330087552244,-0.022966986489961594,-0.14738805891624257,-0.006068059937518799,-0.0969339028531584,-0.10645946165352993,-0.027982616102732283,-0.05838844817662836,-0.012633316990622534,-0.051313130132250584,-0.16057218850478694,-0.025151169427016284,-0.03536198403828045,-0.041253638778707746,-0.04363938742393503,-0.04116223387066836,-0.07598420712178544,-0.07623641553715943,-0.0810640539948328,-0.0803874266012119,-0.033271638582665186,-0.05052555756255006,-0.07976099025068434,-0.023562124397355,-0.027088489681197425,-0.04486281325761793,-0.0052416892136057935,-0.07427240514078379,0.02578000961185617,-0.06944294156147263,-0.03047071335351459,-0.051046753221136554,-0.026193144085217612,-0.06327513219103698,-0.03367765886572743,0.06343690086632375,0.0,-0.07676096796377296,-0.03494060915412883,-0.19599044753063266,0.0,-0.03584116831572787,-0.07574613007010156,-0.11191284507948712,-0.08705409106183976,-0.054669878570711594,8.848153216500787e-06,-0.07599255100186036,0.00013971173231597245,-0.09587123521259366,-0.08084561749158081,-0.014439828384881503,-0.019478289103846802,0.0,-0.00015490282053681748,-0.11602988965653205,-0.03166744476883937,-0.026687625432041673,0.005022943455977313,-0.0771801667589514,-5.551115123125783e-17,-0.034201697880068216,-0.03046776540231705,-0.06017926887326702,-0.04487459976047331,-0.042693228992790044,-0.04245119336298031,-0.031755918166630315
-0.025305001855677967,-0.05848893194123678,-0.023571692348479112,-0.11882279003736645,-0.048405925922356485,-0.04644896094049039,-0.07570977643924165,-0.16327330087552244,0.0,-0.13666889324115206,-0.03636000585461624,-0.055249345769084635,-0.08865065940847455,-0.1256272054100609,-0.041615800533292446,-0.06388870966185428,-0.05516228037078974,-0.0699460193004447,-0.017008093182886264,-0.04172156899179991,-0.03518791651588804,-0.0596106838449334,-0.0942515146054888,-0.09785056661659847,-0.054125441180435885,-0.06259169018278554,-0.043573756823132415,-0.13898743902047184,-0.0597353669485991,-0.13755141240430624,-0.15604530003438244,-0.14236767350450924,-0.056886259427949004,-0.13910061436615673,-0.12599067247367768,-0.1257605399700188,-0.11886458176370829,-0.10657905533928252,-0.10244242163948036,-0.00412528332403822,-0.03784880496480636,-0.032702878800608404,-0.08267970796676599,-0.02501757384194131,-0.018740151874059474,-5.551115123125783e-17,-0.02977960754796205,-0.18355059856852707,-2.3234932111648732e-07,-0.15523260210697132,-0.15213135452801618,-0.14790330113377648,-0.183733501086222,-0.18900215414063948,-0.025937452184985832,-0.07392435237123912,-0.03805806341775558,-0.14717674673339487,-0.18174680553024597,-0.03687915128641711,-0.01743668258181702,0.0,0.0,-0.18340326042514482,-0.03529613543779436,0.004846901736217268,-0.03324653543875028,-0.1745096446496222,-2.8595981079182486e-06,-0.013728772213591756,-0.03824709030863299,-0.1595937250773275,-0.12782568075281087,-0.09804017820710748,-0.02687288251705444,-0.14444392718592375
-0.0347009793107762,-0.037493308298081174,-0.06435549617883418,0.008336881237505589,-0.10761015528262574,-0.05627964942616842,-0.08384234167197735,-0.022966986489961594,-0.13666889324115206,0.0,-0.1330579311432687,-0.021935136660018284,-0.07277025125650743,-0.1729886671986256,-0.03819102310288047,0.008176214233354073,-0.01993407227261318,-0.0016711823871382592,-0.0757791128584751,-0.01528514177276441,-0.14973681332489086,-0.02153040007764223,-0.05148122672573713,-0.030517875568838726,-0.023677396729266165,-0.0688906635646177,-0.055463304294866955,-0.05303557186666752,-0.05354092088974621,-0.025642565902625536,-0.042245909278134486,-0.02704047590509384,-0.03435986959073978,-0.030684764644208662,-0.03386903942751873,-0.10334942864836552,-0.03567229274851691,-0.022930140434856805,-0.05474206922408764,-0.0443282228607873,-0.05345369331343075,-0.0003814761261876076,-0.03548134259362712,-0.0179425795883138,-0.03889212588891444,-0.05641077909084369,-0.008112455061713097,-2.5386129613447217e-05,-1.3193116331633448e-06,0.00043262649480524384,-0.0465813888709542,-0.03914740552516166,-0.014005654460908235,-0.009463524748648866,-0.07821493823887837,-0.017454261781182034,-0.10684170337897242,-0.060616148717342166,0.0,0.00030944721051145985,-0.01759610916328397,-0.06951739741232998,-0.03972739880759407,4.336646473590555e-07,-7.045954680207078e-06,-0.02465951213497236,-0.013644754371113788,-0.041464684107349825,-0.06616730942242488,-0.05331655553798059,-0.07562381075320052,-0.041999910407943264,-0.04012693053481409,-0.048274809805796515,-5.551115123125783e-17,-0.06642422848039414
-0.007948222769126934,-0.02810672332776376,-0.05944404107232082,-0.06083372274917587,-0.04116552495101339,-0.08106130871615697,-0.10831030802570119,-0.14738805891624257,-0.03636000585461624,-0.1330579311432687,0.0,-0.06125798011646555,-0.11678527822563384,-0.05107351837981505,0.0,9.071201733124035e-05,-0.05026276939584645,-0.08111607798307913,-0.04028173217140582,-5.0169476665862245e-05,-0.03482179260901308,-0.040673106687507454,-0.08854278425134932,-0.09390635422897847,-0.08078708321728184,-0.0929252351098146,-0.09555867345689373,-0.11798838629860597,-0.06863347538341663,-0.018422932374659362,-0.13545735172265672,-0.0875443146576032,-0.07026258797939616,-0.11859690520387284,-0.11374363977971852,-0.10935136291154826,-0.10374685540718737,-0.09984609048706172,-0.09801481281836782,-0.012793202384644153,-0.08438003225897361,-0.03319149242880359,-0.1164448436441694,-0.034751339493288236,-0.010567664181693692,0.0,1.1102230246251565e-16,-0.1501234626879323,-4.4991611658495856e-08,-0.09458763457072616,-0.12458833940569419,-0.11656660349428277,-0.13621413787986647,-0.1599153350158784,-0.03626476675205331,-0.061127348009515026,-0.023090022788721742,-0.11537374035527448,-0.12854733729100892,5.551115123125783e-17,0.0,0.0,0.0,-0.09243361456069124,-0.012905486178498793,0.0,-9.846291329612678e-05,-0.16554583478879203,5.551115123125783e-17,0.0,5.234650997404389e-05,-0.11712101691824905,-0.11435652237067517,-0.005290966723928925,0.0,-0.12090806647439556
-0.08736041690760782,-0.03248676495114777,-0.06788373455148922,-0.028596035903980466,-0.047111277677814034,-0.04401917978175107,-0.0396726848909843,-0.006068059937518799,-0.055249345769084635,-0.021935136660018284,-0.06125798011646555,0.0,-0.032062209707026224,-0.014224075378284073,-0.06894778824231923,0.01436764498345583,-0.023766033184678514,-0.006698120305777988,-0.06925044250552442,0.015085602527685815,-0.11821489321268319,-0.00671167224875957,-0.06270492697695029,0.0033174057143786073,-0.031915937571771524,-0.07018770295562607,-0.042941087823210544,-0.024908651223184752,-0.04595533995541834,-0.04237600229674321,-0.038058657892176107,0.0024968880237826174,-0.006956797024101846,0.0066343163582269216,0.010718412924546006,-0.0008847401579353265,0.021695949094488798,0.01306480784808925,0.04812541627890776,-0.03998967679069826,-0.03791909790264253,0.03873119557358834,-0.024018146400270557,-0.0038538384366306744,-0.008684507826274501,-0.05564664407174158,-0.020502483144961392,-0.007342503490973984,0.00200573292646522,-0.006347227717850845,-0.01352941858967427,-0.01536402327250741,-2.87690929151041e-05,-0.014594992436467613,-0.07988050411830233,-0.013588123580545897,-0.16834029889686714,-0.0565376043909,2.842668732627729e-06,3.74074662690127e-06,-0.018913470752049133,-0.0701015855115138,-0.04673312735493662,-0.013632165397888585,-0.016252532684031484,-0.034550470509861875,-0.0056948312627115305,-0.02674033726802938,-0.05792703905539298,-0.05739912234634831,-0.07596001945839903,-0.03830062256961986,-0.032330934725387894,-0.016115865930402984,0.0,-0.057449239765701876
-0.03128106088811061,-0.04733043643811152,-0.13180412787003093,-0.014642083281348917,-0.054953845424045855,-0.04005733505640402,-0.05248801790512925,-0.0969339028531584,-0.08865065940847455,-0.07277025125650743,-0.11678527822563384,-0.032062209707026224,0.0,-0.042037181515580724,-0.028417486465626918,-0.038688011392611354,-0.047852033397177696,-0.03509176498773314,-0.1405922882660815,-0.022759856801947975,-0.06234802737076878,-0.03291482336536389,-0.09233609354408207,-0.031772074657556104,-0.03945933344590169,-0.030427350065918235,-0.07610916225829084,-0.03491847157544614,-0.02514011229272345,-0.061067777200690176,-0.05251807101707384,-0.07888849570186979,-0.027312273749334925,-0.04311343246443544,-0.014161948437167726,-0.046055797031824885,-0.02817619625924883,-0.03635248452700002,-0.02723629186347809,0.014019025613235203,-0.004100963399166491,0.028875908060681132,-0.10867720288504729,0.00960694348362251,-0.010923103327862838,0.004164414720380039,-0.017504410550720717,-0.155936027909915,0.0,-0.13848916810982187,-0.11514449501579238,-0.12561243205816297,-0.11699805320210693,-0.15716366868898524,-0.04945610225792685,-0.12424280263477944,-0.04092043584919791,-0.11307651229070731,0.003955408826405826,-0.05206505475849704,-0.02107747302386015,-0.05272478232940159,-0.03344453482904103,-0.16331829257710212,-0.0475834160298203,-0.07374713528595778,-0.0297486383816275,-0.10912008712376797,-0.010739411576718982,-0.04326489905104819,-0.028785525837958625,-0.09272478225606856,-0.08650277936933504,-0.0718841339544039,-0.07238388118414113,-0.08341821956432949
-0.021645118143894415,-0.007381965052131734,-0.13927267653207404,0.01954139648837655,-0.04288785043361665,-0.101055523451204,-0.04751886766225222,-0.10645946165352993,-0.1256272054100609,-0.1729886671986256,-0.05107351837981505,-0.014224075378284073,-0.042037181515580724,0.0,-0.015538409940675069,-0.0005403484630540634,6.045566320500573e-06,9.484772117113183e-05,-0.13552036381961596,-0.01677656520850207,-0.04708968816803483,-0.004919053973715559,-0.13052215409754997,-0.03817909520474655,-0.006399422158273826,-0.04048400083363224,-0.11377197833702274,0.030041260684691096,-0.04061259647627885,-0.008145342551375834,-0.09743895980961287,-0.03151383778579395,0.004514936912917877,-0.06851627767855134,-0.05195247368410544,-0.0046869913216693315,0.002402957121368149,-0.013128079255445346,-0.030781964230652825,0.0,-0.011629203752430373,0.0003074454598145926,-0.06866998842839483,1.295082980301565e-07,0.0,0.0,0.0,-0.06820669004832253,0.0,-0.07111279727797526,-0.05748023373632588,-0.05545014457919456,-0.07151235534230843,-0.07024758317501639,0.0,-0.053727390785389906,-0.00020324935045168413,-0.030661510658581914,-0.03233761324560391,1.1102230246251565e-16,0.0,0.0,0.0,-0.07093674223181162,0.0,-1.1102230246251565e-16,0.0,-0.06214109518111133,0.0,0.0,5.551115123125783e-17,-0.059447075963108165,-0.02749472016794463,1.1102230246251565e-16,0.0,5.551115123125783e-17
-0.004718161024974132,-0.009222990236557371,-0.04047912174726709,-0.014323420519404162,-0.02383198097434247,-0.02184897312757267,-0.031123441823095954,-0.027982616102732283,-0.041615800533292446,-0.03819102310288047,0.0,-0.06894778824231923,-0.028417486465626918,-0.015538409940675069,0.0,0.0008835363939079799,-0.02921273310426059,0.017603591744610014,-1.1102230246251565e-16,0.013042903197080957,-0.0031195762959971285,0.014268756038106012,-0.024809575035612152,-0.000688569913892878,-0.007234759754150555,-0.006661810906360366,-0.051844970555124714,-0.01586802894332867,-0.015534014696075626,-0.03827450395059784,0.0027965724929938096,0.017395915385110094,0.017965111988891558,0.019783648170481116,0.018330574270544797,0.010074824059050247,-0.0004978798861910438,0.0001103034677660264,0.019058069189517968,0.0011777798426917396,0.007312049261814113,0.013095953436723984,0.006400613396513322,0.0071414749636316,0.0,0.010880351933547527,0.010185668854681751,-0.04553774257366522,0.0,0.0,-0.034927027886454576,-0.027379639685568558,-0.027079918293683947,-0.04027123919955694,-5.551115123125783e-17,0.0,0.0003598983220902685,-0.02107886409294807,7.37527580119135e-07,0.029874114443336652,-0.0012306243960782948,-2.5780083825255318e-05,-0.014116497282924911,0.0,0.007231852609304479,0.024446912801779852,0.008325437080978437,0.003901703228946618,-1.4640325058601356e-05,0.004547652302547556,-0.005738386747042967,-0.006802024020133135,-0.03719585412679777,-0.007437834831143075,-0.05447034352840846,-0.005268829010267928
-0.031386721031812725,-0.015121671510917534,-0.04662189132737088,0.00047336715842194454,-0.05989996587507107,-0.032361725452340506,-0.05192722245178627,-0.05838844817662836,-0.06388870966185428,0.008176214233354073,9.071201733124035e-05,0.01436764498345583,-0.038688011392611354,-0.0005403484630540634,0.0008835363939079799,0.0,-0.012331756836337249,0.019517551364272634,-0.0001559568299626113,-0.01727017364240352,-0.03126277033047231,-0.012452933472384853,-0.035825528691179276,-0.011934797524689678,-0.004843614010230646,-0.023826622715095502,-0.0202778239697472,-0.02973995379985861,-0.02026945646196754,-0.02064915739542944,-0.002120759641156822,0.009075256924736819,0.019057048353131767,0.00459454651357033,0.018963914252363767,-0.0033197276213224325,-0.018335530451269566,-0.037262645576413844,-0.004045830768002745,-0.024523071639404426,-0.026326326210429962,-0.024512747078987707,-9.616796922129467e-07,0.0,0.0,-0.024833544231424254,-0.009550452535160014,0.0,0.0,0.0,-0.018812937207743574,-0.03484443689015554,-0.03435748825929491,0.0,0.012726935840108033,0.0,-0.009848002610409912,-0.007291669438179105,0.0,-0.0007021344677423103,-0.024877714150205288,-0.01741935874944467,-0.02046050599965399,0.0,-0.025735080938098565,-0.008425763019760169,-0.009355256732226869,-0.008939369986967483,-0.037188163573990796,-0.019057224134620576,-0.018344530853898866,-0.01908702944019791,-0.043588548477955846,-0.02677026123028009,-1.1102230246251565e-16,-0.028441484786926263
-0.029919927847520067,-0.0031342737364545847,-0.032271635793183207,-0.015776796587503195,-0.04865652059419706,-0.04223227145683933,-0.05186514779437451,-0.012633316990622534,-0.05516228037078974,-0.01993407227261318,-0.05026276939584645,-0.023766033184678514,-0.047852033397177696,6.045566320500573e-06,-0.02921273310426059,-0.012331756836337249,0.0,-0.007792448605232816,-0.04937258583463411,-0.026426294117205817,-0.005947710496559289,-0.02413852306750569,-0.023067491185446598,-0.02976444131413991,-0.026684135971943412,-0.028555367575579527,-0.03541400975786446,-0.03961984098173932,-0.03171241253483004,-0.005782028301694553,-0.01591038758338753,-0.02610337387724071,-0.02417757740454335,-0.05332286525403529,-0.02028376743940835,-0.03385415043924245,-2.6667118179224403e-06,-0.016961441194833116,-0.012656527267256579,-0.02230381467276521,-0.06158144554043443,-0.04131729448491639,-5.551115123125783e-17,0.0,-0.0374855895831086,-0.038390251313489276,-0.01805840589651503,0.0,0.0,0.0,0.0,0.0,0.0,0.0,-0.05718966347211363,0.0,-0.06290771470667028,-0.00939270318618235,0.0,1.074279182433635e-05,-0.027079789786415565,-0.05560716039796709,-0.04642330750585921,0.0,1.1102230246251565e-16,0.0,-0.01264209666970495,0.0,-0.05088843525234493,-0.03831153264571996,-0.05272077609731429,0.0,-0.015045244589002027,-5.795628461202629e-06,0.0,-0.05117937889025631
-0.016108007726132523,0.0076287758625576685,-0.03753701735356013,2.2024067982684414e-06,-0.07668862244461344,-0.03741636299564888,-0.04675063823173936,-0.051313130132250584,-0.0699460193004447,-0.0016711823871382592,-0.08111607798307913,-0.006698120305777988,-0.03509176498773314,9.484772117113183e-05,0.017603591744610014,0.019517551364272634,-0.007792448605232816,0.0,-0.041463099846778206,0.008110241927610062,-0.016113521394792107,0.02036031599323368,-0.03639343999992256,-0.012330280700172835,-0.016616194044590138,-0.02346049366534947,-0.02329450095753216,-0.0251965863407142,-0.019139842814435315,-0.03927617609148676,-0.0053385936426281755,0.005965184712698746,0.008459005359061578,-0.0055724953022104895,0.00783335240041616,-0.01128438664823328,-4.444435264316926e-06,0.012570913365605618,-0.0049434155797956625,-0.011023039809954616,-0.025575228746695378,-0.027273236343806906,0.0,0.0,-0.024271944953702274,-0.022204712913307834,-0.008467804475446705,0.0,0.0,0.0,-0.008701688192872759,-1.8743610265659072e-05,-0.0003839520657879514,0.0,-0.013422440821020953,0.0,-0.018087571500833677,-0.010060660175060687,0.0,-0.03133251684270283,-0.017576360443926964,-0.01856080449298264,-0.01644332272401866,0.0,-0.028707141705905714,-0.017406823845715735,-0.016410093097935174,-0.014575972432854356,-0.02264457700699407,-0.014692898006407273,-0.023712369131138555,-0.014995945385298193,-0.03641205058137492,-0.020573149360292975,0.0,-0.013610956553371023
0.0,-0.10379360690591272,-0.028442957540943725,-0.12388953492668153,-0.06485730143604596,-0.09895027350038049,-0.12449217418401748,-0.16057218850478694,-0.017008093182886264,-0.0757791128584751,-0.04028173217140582,-0.06925044250552442,-0.1405922882660815,-0.13552036381961596,-1.1102230246251565e-16,-0.0001559568299626113,-0.04937258583463411,-0.041463099846778206,0.0,0.0003594030126417569,-0.023184261072644763,-0.0845991585970558,-0.06268502887513519,-0.043124382938082795,-0.048059554456823084,-0.06846003483448054,-0.08637126098347742,-0.14655324798868163,-0.03638309742043849,-0.15147619595032974,-0.15337161714711178,-0.13985180291377197,-0.05941561408332108,-0.13837345771261422,-0.07282699611114224,-0.10061712058024402,-0.10876531869491118,-0.0657779910916208,-0.04728842137614564,-9.694014732053446e-06,-0.011000860724344308,-0.042888873993163545,-0.10380932004345483,-0.03812557165407704,-0.0005179949423347874,0.0,0.0,-0.17591767408876324,-5.551115123125783e-17,-0.1560961819170163,-0.06826521032870486,-0.13846850275571526,-0.19656604636758346,-0.18180931522601412,-0.00010395926407452682,-0.14096790783785867,-0.02994936134965892,-0.14142127935488225,-0.08485877789138968,2.220446049250313e-16,0.0,0.0,0.0,-0.16214992772111797,-4.988913165193676e-06,0.0,0.00010195923862615919,-0.19121733919125317,0.0,0.0,-5.551115123125783e-17,-0.16685446383927116,-0.11813586716809976,-0.02447578897763586,-1.7199568767667373e-05,-0.043990191626679664
0.005118238065695335,0.0016814020862882528,-0.03366069549446943,-0.02646602890760935,-0.049103097407625695,-0.02088929027667008,-0.039221505797279343,-0.025151169427016284,-0.04172156899179991,-0.01528514177276441,-5.0169476665862245e-05,0.015085602527685815,-0.022759856801947975,-0.01677656520850207,0.013042903197080957,-0.01727017364240352,-0.026426294117205817,0.008110241927610062,0.0003594030126417569,0.0,-0.003000867011896946,0.0077816215067569305,0.045151412184785855,8.576363914153395e-05,-0.02490888804965291,-0.02174402796593855,0.01571213417190681,-0.028541202965621792,0.01766376391409563,-0.013663811780315949,-0.009440938611946337,0.0051191417365010206,0.017628506724926107,0.012341217288866613,0.018632062998298005,-0.02010454535938716,0.00255804278978794,0.027918997547854763,0.009285551729647346,-0.004217715877012418,-0.0018179573002020666,0.007812629009200434,0.03247265015297168,-0.003921712539028621,-0.00016845773611179338,-0.01877908401227457,-0.004586464040839455,-0.07873743512862547,0.0,0.0,-0.05527480099044546,-0.05266870690271791,-0.036868136931183904,-0.041085537997724464,0.00037791415447629984,1.1102230246251565e-16,0.000684575552879152,-0.041711829497618036,-1.1102230246251565e-16,-0.00975308677327924,0.007499310740477827,1.529824842416705e-06,-0.028090913086004587,0.0,-0.011053083954707499,-0.007780041096636492,-0.00954204210905285,-0.01636347088121043,0.0,0.011719388334920089,-0.018142276737602103,-0.02404820521084472,-0.028865933800406418,-0.01850019205142639,-0.022546010944334283,-0.016879389705044934
-0.02310503723474855,-0.015814860837446043,-0.04043140153277447,0.0004168170826135964,-0.033150936493318794,-0.036896177362115756,-0.07291740671572972,-0.03536198403828045,-0.03518791651588804,-0.14973681332489086,-0.03482179260901308,-0.11821489321268319,-0.06234802737076878,-0.04708968816803483,-0.0031195762959971285,-0.03126277033047231,-0.005947710496559289,-0.016113521394792107,-0.023184261072644763,-0.003000867011896946,0.0,0.008684433947995174,-0.04593117345001024,-0.04809336555741939,-0.06449619190797434,-0.04945588240467602,-0.01411673508349709,-0.055341599315691714,-0.01751458350405649,-0.04253569465546575,-0.01488912043208318,-0.011831639915017733,-0.017459982324873835,0.008375952930574138,-0.0009218192469818698,0.03494609413726507,-0.019645327300666315,-0.013804353943906444,0.016825623682549473,0.02366693174928508,0.0075342551315008,0.010729868818984523,-0.016194718521290563,0.0,0.0,0.0665034796379817,0.006203626178264643,-0.0629981901766356,0.0,0.0,-0.05170434981477301,-0.05541535170664447,-0.06862225569029268,-0.04056667341084236,-0.027488782345274576,0.0,-0.024623501578207807,-0.0420588573091652,5.551115123125783e-17,0.01580842984628178,0.008597117437750157,0.0,-0.013400880481159949,0.0,-0.008358852018942653,0.05574284890461989,0.002512043479007575,-0.016004830827411942,-0.004661187713128345,0.012935621563986421,0.0060146500706095285,-0.028138921625430857,-0.024615741386907364,-0.037962579311970945,-0.016737245418374957,-0.0009910942182292382
-0.014464316888045947,-0.011119089813148575,-0.06213668254457633,-0.021457647192283935,-0.06585993342222657,-0.03142072842006427,-0.050418044005607066,-0.041253638778707746,-0.0596106838449334,-0.02153040007764223,-0.040673106687507454,-0.00671167224875957,-0.03291482336536389,-0.004919053973715559,0.014268756038106012,-0.012452933472384853,-0.02413852306750569,0.02036031599323368,-0.0845991585970558,0.0077816215067569305,0.008684433947995174,0.0,0.006452908040254612,0.012860339852163616,0.01408372327031221,-0.01237344828645276,-0.002890173814540764,-0.0038114974347528974,-0.0029650380704829837,-0.025000649139321984,0.002487992138093198,0.018055046938402375,0.013224652659000191,0.019133901193979952,0.019652942329938194,-0.0020425694950814144,0.003947024881983507,-0.013924692760452051,0.01667458838174546,0.006130454145497011,0.004991772678557549,0.015384807609195417,0.06590519974129666,-0.00568010953592718,-1.1183018549465462e-05,-0.0008430629786198574,0.004354125184972746,-0.028237159367442755,-4.05557374238974e-07,-4.677977376665865e-05,-0.020480727113863284,-0.013163024887932029,0.00722178291980996,-0.01787332299446387,-0.012086549521087286,0.0,-0.02062203934301965,-0.00844795379416624,0.0,0.00539792962003488,0.005227171186189594,-0.02124970638700957,-0.0018379161406065214,0.0,-0.0011077587718588688,0.019226283378579734,0.003452806967363997,-0.0037235600361272825,-0.016463584241315887,0.01463360424615251,-0.0029384906620934514,-0.009234971105194667,-0.02156359525873952,-0.010423995421042997,0.0014064438672368729,-0.002302798936217043
-0.04366497238534911,-0.015943653407821112,-0.05944445377155283,-0.045109558366271785,-0.0896628325710348,-0.03252735942598378,-0.10300411523975755,-0.04363938742393503,-0.0942515146054888,-0.05148122672573713,-0.08854278425134932,-0.06270492697695029,-0.09233609354408207,-0.13052215409754997,-0.024809575035612152,-0.035825528691179276,-0.023067491185446598,-0.03639343999992256,-0.06268502887513519,0.045151412184785855,-0.04593117345001024,0.006452908040254612,0.0,-0.041931034030406156,-0.03786497291613994,-0.035503547952911885,-0.030658772455132766,-0.07914084036882169,-0.026270752169933242,-0.04742513502117207,-0.05052203274682443,-0.03840522635639898,-0.015380770877134964,-0.028521088589671006,-0.003447528011042922,-0.0692599683004052,-0.027283002580734628,-0.049899579628943314,-0.033464986270874075,-0.017783756732081657,-0.03318661898332498,-0.0040935335807639195,-0.14206451755981436,-0.03490437004015934,-0.008326306773417613,-0.030561719939848242,-0.01297715728266674,-0.2045335569761047,-0.027662715955740047,-0.13543038355237214,-0.10058404757541534,-0.11938071392243199,-0.1156898116055492,-0.18809429991736776,-0.05080207922774693,-0.20144641152662973,-0.047712121118911655,-0.097805934372175,-0.10050073530408127,-0.011537170827656706,-0.022189043348905813,-3.7214681179453812e-06,-0.031434138839743,-0.21924721763592725,-0.01972892368419954,-0.019680013459855594,-0.011296860960899935,-0.08948841818919445,-1.4341797179795446e-05,-0.027331503266128654,-0.011812323033039751,-0.055591884860012375,-0.060688778039015845,-0.03387476139308465,-0.03981875850839384,-0.05023028495236326
-0.03191920552049704,-0.007935646494466486,-0.037875384537529255,-0.016794421492871525,-0.05616593254848279,-0.009094869344775325,-0.038039358762307296,-0.04116223387066836,-0.09785056661659847,-0.030517875568838726,-0.09390635422897847,0.0033174057143786073,-0.031772074657556104,-0.03817909520474655,-0.000688569913892878,-0.011934797524689678,-0.02976444131413991,-0.012330280700172835,-0.043124382938082795,8.576363914153395e-05,-0.04809336555741939,0.012860339852163616,-0.041931034030406156,0.0,-0.03999206285945245,-0.015766718486068643,-0.004172841513214731,-0.01787719361071305,-0.0033838355908964446,-0.009098368331512341,-0.045034181885449054,0.03001427330827322,-0.015873967275039175,0.0006682126598350213,0.018544230486069457,-0.06537777206528517,-0.027869557904318193,0.005299640083725882,0.018103494701190437,-0.011593848861020828,-0.04003097511538961,-0.008085510118701456,-0.010550037556732617,-0.006436699570193438,-0.00980355177090847,-0.058193612268781225,-0.053424572839160744,0.0,-5.551115123125783e-17,1.4699117284633356e-05,-0.003954419245132568,1.2595704551920939e-05,-1.6653345369377348e-16,-2.6185218144569866e-05,-0.03964328446896259,-1.926329378926228e-05,-0.041695914499709996,-0.025165836609914116,0.0,3.5733638731882955e-06,-0.04813071723194323,-0.054355099336848456,-0.045494244373874115,-1.7912723698221278e-06,0.0001632792623373347,0.029229481435809446,-0.030997556022002104,5.566134670392797e-05,-0.00010638339840596256,-0.046752129024836664,-0.043078912638695566,-0.0027790279748056146,-0.009843901747818296,-0.013836983431479988,0.0,-0.05026398468729121
-0.01550902282699046,0.024913811560876353,-0.0477583571428743,0.0004233237504460141,-0.05701207052800783,-0.03240523356540459,-0.049736354687729134,-0.07598420712178544,-0.054125441180435885,-0.023677396729266165,-0.08078708321728184,-0.031915937571771524,-0.03945933344590169,-0.006399422158273826,-0.007234759754150555,-0.004843614010230646,-0.026684135971943412,-0.016616194044590138,-0.048059554456823084,-0.02490888804965291,-0.06449619190797434,0.01408372327031221,-0.03786497291613994,-0.03999206285945245,0.0,-0.013254923687262998,-0.005229470807013803,-0.03261134188663045,-0.04333322139887008,-0.03138352972733194,-0.030254968010058614,-0.010855344036752312,-0.02421148708450488,-0.010595652519990062,0.0009353915355859166,-0.011896272951005538,-0.007854987534586355,-0.00703861707855491,-0.0067782840470062,-0.016699510363607617,-0.03207248597561352,-0.029579449254714008,0.007248508640080253,-5.551115123125783e-17,-0.021361577215426475,-0.02264843955683693,-0.0029620177833049044,5.551115123125783e-17,0.0,2.220446049250313e-16,-0.016688829819790085,-0.02870945582569545,-0.025939741677252215,0.00041984677931627967,-0.040667340503829585,-0.00019152916952519528,-0.04060474523761226,-0.016404444563451137,0.0,0.011186209745065012,-0.025038643438471786,-0.04192747407741054,-0.03119628993734741,0.0,-0.01399009190093553,-0.033014344447204524,-0.013159521585873468,-0.036728025842028944,-0.041104087905195985,-0.028120013942485145,-0.02945056254508216,-0.02460437297328988,-0.010829304198352208,-0.014536372352761118,0.0,-0.03262332648216043
-0.04339912443189181,-0.003021637839181135,-0.0812986843425974,0.014734644835061539,-0.06040285878941459,-0.04639922851585171,-0.038830916741503185,-0.07623641553715943,-0.06259169018278554,-0.0688906635646177,-0.0929252351098146,-0.07018770295562607,-0.030427350065918235,-0.04048400083363224,-0.006661810906360366,-0.023826622715095502,-0.028555367575579527,-0.02346049366534947,-0.06846003483448054,-0.02174402796593855,-0.04945588240467602,-0.01237344828645276,-0.035503547952911885,-0.015766718486068643,-0.013254923687262998,0.0,-0.021172753587465398,-0.022632230153595334,-0.016727892391327936,-0.019748259362351306,-0.023541869464669185,0.00029314162331028903,-0.005615394239221361,-0.0022496363854799806,0.006420451149973028,-0.01802256957830889,-0.019808413230432476,-0.03860618592850096,0.015169713014202169,-0.009856778690788381,-0.015588453072800323,-0.005071402233022992,-0.04163827017429167,9.366295636858979e-06,-0.058750397053519976,-0.009107750290514471,-0.004344561772200772,-0.04406698320887681,0.0,-3.744617685669249e-05,-0.018139297919248842,-0.00037541715404082465,-0.027631602883543216,-0.019801648667380323,-0.05982419233567016,0.0,-0.04552273806685436,0.010512446788298768,0.0,-0.002339518527621265,-0.019340889262910166,-0.04944091559589053,-0.04090685310013242,0.0,-0.014892232133246475,0.013310763400185832,0.004681438816193595,-0.013649778842669602,-0.044139988727792734,-0.03201805900291205,0.0031399164948875957,-0.019237025722062706,-0.012855850637883803,-0.029185852885826147,-0.0002998247893686301,-0.04319073306163845
