0.0,0.5513482972998509,0.004492355715952523,0.0,0.218806320073966,0.41265880451867826,0.3206845591500361,0.2571676797647989,0.3155759974620987,0.34969616198095005,0.40320883971958477,-0.07979593082089698,0.4595653850677733,0.3693094162289407,0.48961338573307617,0.4874228375846647,0.21526099289158382,0.46629515376451414,0.0,0.7006339931895347,0.31744645516148884,0.5168097009196114,0.28343541868776084,0.4241176561003737,0.4004179863468865,0.3206073817945714,0.5556310787287897,0.36961743135662717,0.540755654903823,1.003086802238534,0.4115312629385362,0.7062680033002839,0.6139654100283254,0.4387609217947137,0.5207124410085626,0.5253688292269558,0.49696683602516534,0.7343816819112031,0.7260845101136839,0.5603097730013673,0.5184291653532627,0.6147154266898867,0.46974767397868056,0.0,0.3450065542745583,0.7491430135878396,0.727464588848183,0.0,0.0,0.0,0.3056539911906344,0.0,0.5630465237961739,0.0,-0.010249192574348642,0.0,0.24893773774168065,0.7163981873577367,0.0,0.4173540175689977,0.40554769672835506,0.011421106283317772,0.2794577541233232,0.0,0.2708844466542498,0.456005341776576,0.6416691818460165,0.48973435333679394,0.3209284540250803,0.5770798879020596,0.8299587147805249,0.2269832318080378,0.4362743539413344,0.30074383699156576,0.0,0.283200501348414
0.5513482972998509,0.0,0.18801205651396813,0.41934708509325946,0.07803618609399493,0.24613372365444516,0.1414670469292239,0.0575925423937832,0.11641676428388725,0.2175826254120783,0.14710230131334118,0.22543116992093662,0.2673781761625517,0.2898371745937131,0.5507884529162931,0.5481456481280652,0.5847933735498512,0.7165275229105232,-0.3375575897962351,0.6464916871110273,0.5111534564233544,0.5729348356684214,0.5724217708769627,0.4339657819465135,0.7213384079937507,0.5063074764274486,0.5306011104004259,0.3619900699211158,0.2586978440257621,0.4381890573566287,0.5479131243634772,0.5802089608444362,0.5544128986967454,0.5518308632511669,0.6394217906343034,0.5085737702280575,0.055596442181574224,0.0,0.6387564149064415,0.6207898582132793,0.4976165929130561,0.5769099096284648,0.44489082716311323,0.0,0.0,0.6678430647705139,0.6000152633938232,0.04528611412470934,0.0,0.0,0.4095352578104535,0.6201264181001068,0.3731587866866382,0.38386505688131967,0.45163610083243183,0.0,0.27643933196323495,0.6870813296035774,0.0,0.5979526343425616,0.5148505016110398,0.3175478544012283,0.5181747527338868,0.0,0.5989398569089531,0.7973869211923568,0.6830064576874688,0.5796285470498613,0.4072287522180408,0.6151674160646665,0.6323256367942045,0.46046226952050984,0.5604208717118784,0.5039488157210178,0.0,0.5442352091926426
0.004492355715952523,0.18801205651396813,0.0,-0.2102276579700436,-0.09575701281541038,0.02958079543287201,-0.17525182588954058,-0.276020502717368,0.26254131736111247,0.055637391408978276,0.23129978430287002,0.006262873074424635,-0.1697981551454425,-0.24430684953269377,0.1478449905384313,0.07756944617475306,0.3200003562649224,0.22969926984868239,0.35870989913429946,0.19659287662791278,0.31712107247324917,0.12914913331654815,0.17301158701508143,0.22842855255592615,0.30114843351716375,-0.06592018404478517,0.21801618783683138,-0.21162919723790663,0.23234718107633623,-0.20899096134647838,-0.21945582962438015,-0.21981072181433303,0.179237034383727,-0.19395140755975832,-0.20150146774321243,-0.2143949369042747,-0.19683631012118402,-0.03925318988215232,0.23617039924209454,0.4964485004178414,0.3043558273600865,0.3851899225004929,-0.2974221501377736,0.4012647009403997,0.0,0.0,0.4106763463265348,0.03412139703272138,0.4804287022788576,-0.148561229217464,-0.25981830714887744,-0.1102474681782516,-0.3519918771102108,-0.06692266739523733,0.4288233617774837,0.2896363804832627,0.37700891985380586,-0.0583695046900824,0.14832649272036347,0.3591331494602654,0.0,0.0,0.0,0.2243883329258672,0.3880909638280932,0.5176881378859718,0.2512351508141052,-0.272586947021215,0.0,0.5567808703573854,0.17770768151360888,-0.2670040076137664,-0.053113907168195196,0.18672877924075876,0.4741443509959544,0.023857020498032067
0.0,0.41934708509325946,-0.2102276579700436,0.0,0.37726258270406626,-0.11322556187701821,0.5872698989724179,0.34305296441063293,-0.18941001343620267,0.40464407776858924,0.09907731482967314,0.23250146136582883,0.36090324499433,0.5720166523808472,0.5101033484239554,0.29600844796952186,0.2569832860349692,0.4688520625114818,-0.13902233243218665,0.39525072838319353,0.45529154692868246,0.40223814133779,0.19892346883187234,0.20920485663733276,0.8096335994748416,0.7337215997657865,-0.09574115029536934,0.5489890443703439,0.05759175145318676,-0.28819071151398656,0.3857875089878063,0.022024762357305466,0.14840550819549803,0.10334769630084598,0.06946760938248034,0.41672319274144426,0.3666343934474603,0.1881240372640968,0.16393309973345305,0.3902223325370663,0.14151657806528192,0.3831443214215002,0.4846441849573698,0.2098115712214157,0.0,0.0,0.0,0.43062915480408454,0.0,0.0,0.3300837641366559,0.0,0.466368671447542,0.3435291326732616,0.0,0.21879858385439038,0.3857042124706142,0.45572795938120236,0.0,0.0,0.0,0.0,0.0,0.0,0.0,0.0,0.48018408720944605,-0.1716457896787194,0.0,0.0,0.0,0.1110834937183035,0.4808018992298025,0.20164569734752158,0.0,0.0
0.218806320073966,0.07803618609399493,-0.09575701281541038,0.37726258270406626,0.0,-0.08980171091052419,0.0017990818195218194,-0.03302248497364957,0.09974110991891377,-0.1460120994555864,0.1545459790405915,0.17538252771664065,0.16547070978781128,0.2112987711508494,0.2932637861182811,0.25650370197782546,0.2233463127722668,-0.07344950928193583,0.10525981992970421,0.25137529133536063,0.3916962265539231,0.1293491768656284,-0.11750602681596989,0.07646555660425827,0.23714643150345258,0.13234896966288576,0.025395393352686174,0.2163271495264978,0.14339329932022926,0.29720661988737973,-0.12219583545855217,0.057020155112049026,0.3015911660889742,-0.11524832256418244,-0.06341972913041077,0.23210489044908916,0.2990683631594065,-0.15132809918686307,0.18068746096690355,0.8086346457249347,0.4709742566563204,0.43513711032200797,0.3103106818153649,0.9085121722310501,0.37943940544359644,0.0,0.21052955042444893,-0.2568614853785187,0.0,0.07723015769854918,-0.18794613627341572,0.21364125974740625,-0.155797122888031,0.08612756853921921,0.0,0.10091647045528518,0.2301768237094058,0.012151290632361034,0.1734223539038596,0.32571719919118586,0.46062430316287684,0.0,0.0,-0.18512775499614148,0.16154831830991162,0.4947362426767721,0.10358033524470506,-0.2151959424721579,0.0,0.4972256349345041,0.23384192450059982,-0.19919185845539278,-0.10141983919882785,-0.12453727723119201,0.0,-0.18796708305941784
0.41265880451867826,0.24613372365444516,0.02958079543287201,-0.11322556187701821,-0.08980171091052419,0.0,-0.08497486677658944,0.07901317175616007,0.17561997767885687,0.26916011696719355,-0.07610850533800245,0.31784012904051084,0.2514128693045167,-0.1812533328827488,0.49612076910064673,0.402182580411667,0.16539123809238382,0.3502893734133128,-0.0744143303173993,0.3971181566626627,0.3525890707302771,0.28737298380696635,0.3496107520990488,0.380917162493906,0.3537287293644238,0.3513689788995152,0.4950384218663513,0.3198091198643574,0.38946722889560426,0.12983727817935858,0.02845315979686952,-0.02074176914797987,0.5446514171489367,0.06792870057044431,0.3169347169994008,-0.2089889430394652,-0.17345275950538408,0.09864265111718007,0.17981910762540482,0.22157757311373233,0.1445677874258747,0.3647585111923606,-0.19754763826965205,0.3518613808567706,0.09752150323431635,0.40231720404997656,0.3819056678619192,-0.26235643086702004,0.38507181807858376,-0.18538790329794963,-0.09831010442646787,-0.1177813210820361,-0.024767347386453475,-0.26522517331622686,0.4726713646619326,-0.2572567980315902,0.07864827508180824,-0.042330162735243926,0.32538795801040593,0.40797507659264226,0.5047875821344489,0.0,0.3241464157218071,-0.23850179887203354,0.40654269438290935,0.10257551890210065,0.376053538387473,-0.12932331629801908,0.5023832430313475,0.3120570342238187,0.39479417514863313,-0.032064974653620626,0.03999132898308644,0.17258453062630347,0.1379895987348513,0.05447654369815308
0.3206845591500361,0.1414670469292239,-0.17525182588954058,0.5872698989724179,0.0017990818195218194,-0.08497486677658944,0.0,-0.13490337913617273,0.034519301068764385,-0.1952668931009912,-0.032921726169195586,0.06098890890392142,0.16028039604271077,0.19865360758639336,0.3494819746280574,0.29183806782252575,0.18700927761674113,0.2869276076355307,-0.08646651552628759,0.28805834295959504,0.04282811312328527,0.23542725190545655,-0.12230570896908494,0.14324267068278385,0.2791164123074104,0.3954740328717432,-0.11035631993226847,0.32083074029460584,0.1779867503552119,0.10717085898282291,0.049837042373871265,0.08346209999986223,0.15124053736862367,0.07256434914977217,0.3280798201135377,0.34288800365009164,0.39210137557906866,0.21460630745993514,0.19842119061522545,0.48024262540127377,0.27877407567497653,0.4626942902902685,0.07558893393220889,0.8227518032096512,0.42346783730344173,0.0,0.24252708999469744,-0.20887406816333048,0.0,-0.1925182810337927,-0.17578222899058088,-0.13382636764383748,-0.20370135510545623,-0.29134944439251353,0.2822897867126003,-0.11875259739891764,0.49908014911266607,-0.13788653742423584,0.14316830337273617,0.14337314858062356,0.34951245288737853,0.0,0.512059789681183,-0.3155735127034601,0.3912707901744881,0.25868999537956316,0.3318918907008346,-0.14450714685570265,0.4674529756357841,0.32260737923815047,0.26753367823276897,-0.11164603521133648,-0.0007204012366990309,-0.048096622360571606,-0.3869035639858014,-0.1630224958232505
0.2571676797647989,0.0575925423937832,-0.276020502717368,0.34305296441063293,-0.03302248497364957,0.07901317175616007,-0.13490337913617273,0.0,-0.23941634574722603,0.4032071626441502,-0.181714279249505,0.5763487407427578,-0.03709958162928634,0.1261265466147602,0.43856911538455257,0.30653621627832295,0.25595801783513183,0.33510036300023555,-0.1407106434754905,0.3647218509021708,0.30830612825924275,0.3069048290522116,0.27019134788164917,0.16557524824297512,0.12976683578728648,0.07301896775724165,0.03432269581522507,0.006410764184655304,0.29520518851057653,0.1838187130654405,0.05775557668683312,0.3981422832948625,0.4069170478533952,0.24806833843179754,0.4404766280407353,0.075612078341321,0.5327307414320724,0.13923263188704776,0.40077060169444834,0.10050160421043491,0.24787717855668517,0.06541164175042086,0.3800098314031888,1.292395626781203,0.0,0.07903068127032226,0.141369319278736,-0.29451748686445417,0.0,0.41234158298139606,0.1111383544898551,-0.08691231676456612,0.23297136020077303,0.2763145083951594,0.6356317036919654,0.23250542162608165,0.9781244050646978,0.05197476723033917,0.14187791630139968,0.5877976770947086,0.2528234546196113,0.0,0.5653712151203287,0.1026234127088354,0.5323193072445438,0.5320777484425532,0.6048888115432569,0.20855579206604988,0.0,0.16109033905495046,0.2473831237854361,0.23589416839356003,0.3177460540134841,0.3904119575688788,0.2511460418716128,0.2832225590483509
0.3155759974620987,0.11641676428388725,0.26254131736111247,-0.18941001343620267,0.09974110991891377,0.17561997767885687,0.034519301068764385,-0.23941634574722603,0.0,-0.17761615479687443,0.2131871811595931,0.21044047608015334,0.03870529118345012,-0.1137851737026554,0.4064916634633602,0.21090260535780087,0.0868886041791535,0.09956805469868527,0.30026043004058045,0.28845817239110905,0.2800672893099141,0.1220026063127975,-0.04986602406540719,-0.10104014773778242,0.23632706040727094,0.26482626347323934,0.18472619176484917,-0.19048571634046008,0.16177007553788525,-0.1827286683289564,-0.19745005640948404,-0.22684997521410105,0.26451326986042384,-0.18711839005726527,-0.1574647155873255,-0.16852516286773295,-0.15948949347824048,-0.13936424734692038,0.05429821300693716,0.4043338409464668,0.28854412551686404,0.21235042561310521,0.0911693818935414,0.4112901695799051,0.2409937358728144,0.0,0.21729450939588776,-0.3141699846180629,0.47701970211907396,-0.2824150964324037,-0.2714985291338362,-0.054250372542425485,-0.29881383165513475,-0.27688713357646333,0.20753309524177987,0.2690145570015511,0.0914628201994957,-0.20724936403052568,-0.2685947469143021,0.1478419541357215,0.42998950157388915,0.0,0.0,-0.2880554401307759,0.3755233801318394,0.7550244595702496,0.22874862956410685,-0.31228846016187684,0.4324922953421934,0.42328525371897313,0.030071132582239674,-0.2784124151987454,-0.15430654551039064,-0.06498934225789671,0.27531917666335326,-0.21650697781802725
0.34969616198095005,0.2175826254120783,0.055637391408978276,0.40464407776858924,-0.1460120994555864,0.26916011696719355,-0.1952668931009912,0.4032071626441502,-0.17761615479687443,0.0,-0.20080437906984444,0.35638412280649345,-0.05601978200661972,-0.10282549505870808,0.3015698744288863,0.5839722381385914,0.5111694175321853,0.5690412499303716,0.024729986871014353,0.3841253591445467,-0.17569912906273172,0.3748729562285402,0.12886274517554583,0.2742146982468522,0.5689619910043479,0.20542713326377454,0.12334456484281248,0.17170918423447368,0.1362340680799342,0.283699915939672,0.30902409531384356,0.1567739370322303,0.37620228001905825,0.2646702675406709,0.21549720433061445,-0.02998299043780628,0.2258386481051865,0.3047095797007593,0.23004351212604987,0.18121656305606007,0.1899164422920645,0.39617299196140665,0.2794126145250262,0.20776145675128957,0.2782798902582502,0.31572769478359736,0.4169120573982925,0.36907856358762103,0.4845896607607699,0.48492148134926927,0.1561114299613321,0.19669798421351983,0.3123341178116555,0.32444053302436915,0.08028863782168683,0.27603693272813534,-0.0742227983915249,0.1524865304306663,0.0,0.6212850983983842,0.38348052197742033,0.059336251711411325,0.22795916951576387,0.48145166130461914,0.4746426954919875,0.3439184069648258,0.25269817224285146,0.25690967000150333,0.0619207237141636,0.14470281364207785,0.04078824690608096,0.21242299212277532,0.3324286186382877,0.17611692020593733,0.0,0.1900104338292229
0.40320883971958477,0.14710230131334118,0.23129978430287002,0.09907731482967314,0.1545459790405915,-0.07610850533800245,-0.032921726169195586,-0.181714279249505,0.2131871811595931,-0.20080437906984444,0.0,0.050753889279033015,-0.09421282442164658,0.25553776152154417,0.0,0.5029910588135879,0.1559397150404554,-0.10379622250598025,0.2272473127267051,0.4599372802912812,0.13773908686154962,0.0047614943132011645,0.015953619918747552,-0.17705140042646983,-0.028003846830389034,-0.19410216781730888,-0.18150695204798512,-0.14013593868008234,-0.06932825018513694,0.2719176164398406,-0.15736088861839242,0.015493416823546324,0.04114088281430245,-0.07638923582511598,-0.16764414085589513,-0.006468459097901724,0.03173946828663182,-0.11713393827167379,0.05516228660907324,0.3394005189786078,0.03280441123627098,0.2170504815221712,0.061111332370902216,0.3171912035022446,0.1067860321959367,0.0,0.0,0.18411084153621587,0.47672630188020826,0.02611015192740143,-0.0782308316605812,-0.03359055692344981,-0.02940946863040661,0.05875850458394549,0.18791402119606693,0.26105871042402395,0.23143924186615528,-0.06543961655285829,-0.06523647086613027,0.0,0.0,0.0,0.0,0.21893296128477957,0.24552903586156444,0.0,0.5321904984117186,-0.21347675354076112,0.0,0.0,0.9512831332298077,0.00935866342049374,-0.035309145964293076,0.2919853218391559,0.0,-0.1211521308221768
-0.07979593082089698,0.22543116992093662,0.006262873074424635,0.23250146136582883,0.17538252771664065,0.31784012904051084,0.06098890890392142,0.5763487407427578,0.21044047608015334,0.35638412280649345,0.050753889279033015,0.0,0.23551382488576195,0.5260838284377553,-0.08913316290953677,0.8097274284027431,0.5213203990280839,0.6590670256281055,0.04270231581870876,0.6019712377898422,-0.2114024385785802,0.4260336395402581,0.0539782673449688,0.5129507224317632,0.3931688100075497,0.1174298777732668,0.15908511682451493,0.3370866367727364,0.230647894019948,0.16025842194770235,0.1711075807250637,0.35344110691624003,0.47627052101517914,0.5263197365012533,0.5969724670609196,0.35675266361760405,0.5424064739571801,0.3845869469839152,0.7071926176686718,0.223391666161115,0.2979425981223617,0.552239121478385,0.29445126964673307,0.43904871407864576,0.40883451479734956,0.12610141583739629,0.2883010136071178,0.36440140106768937,0.4129381702923422,0.29665594030859216,0.20973496750367004,0.37999763994478625,0.37020221962385624,0.2570645732094206,0.034697243443316705,0.17702156606451147,-0.29515458119423843,0.17264421299651045,0.5724358964309747,0.5360217562976571,0.34799329667151263,-0.006312310282955924,0.23763803330047872,0.2546449156780979,0.41424631563415604,0.4540259594387451,0.3446747816694127,0.2572721957699342,0.10446089251202634,0.12134763569969043,0.03397513456563339,0.08663032732165385,0.4124967174656198,0.3394030493143545,0.0,0.3015230828192029
0.4595653850677733,0.2673781761625517,-0.1697981551454425,0.36090324499433,0.16547070978781128,0.2514128693045167,0.16028039604271077,-0.03709958162928634,0.03870529118345012,-0.05601978200661972,-0.09421282442164658,0.23551382488576195,0.0,0.3001206513416813,0.41632400989205115,0.3944484835927887,0.15544201343641623,0.3944673391655431,-0.13540349084048459,0.47097146804545775,0.16723526448416015,0.3656842477934953,-0.01321758744010565,0.18975562816158897,0.380764132501973,0.4493421336599797,0.033572808149585354,0.35836902082469174,0.45443913281504117,0.16497184521885783,0.08743464809301502,-0.18107257062772686,0.2887996882844317,0.13004498543694487,0.35145959085204587,0.2561074340520646,0.277528375723299,0.17241401265129896,0.38011274814920293,0.5756863760968092,0.460160681946686,0.6247575008449355,-0.0800065930847198,0.5071117851922587,0.4021483955279693,0.6947441345464409,0.5297479265448566,-0.22933947743227817,0.0,-0.25760267674385817,-0.1266677756485951,-0.05892403735087992,-0.1320948729270574,-0.20489334164445888,0.24298679433407244,-0.14489472779087037,0.2703897721638984,-0.05315106069058306,0.4539488157352442,0.28511725060332593,0.3340571475333461,-0.15355215309094006,0.24165044447805856,-0.2964667557278582,0.32096940541814767,0.2035417711892114,0.41923256296000855,-0.06468198428069255,0.41350909970069033,0.17446587877602288,0.3137683160830059,0.03941413452128806,0.08872597460586551,0.11332297010260459,-0.013717732746120093,0.06763016204869421
0.3693094162289407,0.2898371745937131,-0.24430684953269377,0.5720166523808472,0.2112987711508494,-0.1812533328827488,0.19865360758639336,0.1261265466147602,-0.1137851737026554,-0.10282549505870808,0.25553776152154417,0.5260838284377553,0.3001206513416813,0.0,0.2890221203618124,0.5082023400230423,0.49736319696085907,0.47975038375914814,-0.22502972826785933,0.24217567727047581,0.1764852206541192,0.18940924078431287,-0.2952733294840002,0.3769401850107882,0.39965274743871254,0.15101128937175667,-0.2101441190140918,0.600085884254115,0.14358139145017867,0.490823177528813,-0.09165275716189131,0.23242443406225338,0.3278430353449236,0.317937096375003,0.1440794412384463,0.3197292018553982,0.3137408245093148,0.2637549236279324,0.46977237447845177,0.0,0.5498949102038059,0.6985061379043813,0.2142227369793676,0.47974512712227013,0.0,0.0,0.0,0.13926356404618134,0.0,0.09746269294127685,0.10353717158825207,0.08262768594101111,0.19806421866755353,0.06423429858478488,0.0,0.2919059916929583,0.3895285927520036,0.3264477511610855,0.2982227662842928,0.0,0.0,0.0,0.0,0.17228901911965913,0.0,0.0,0.0,0.26539793088729335,0.0,0.0,0.0,0.1934601569217082,0.3935720494923112,0.0,0.0,0.0
0.48961338573307617,0.5507884529162931,0.1478449905384313,0.5101033484239554,0.2932637861182811,0.49612076910064673,0.3494819746280574,0.43856911538455257,0.4064916634633602,0.3015698744288863,0.0,-0.08913316290953677,0.41632400989205115,0.2890221203618124,0.0,0.669797551891133,0.14917093948735208,0.7048423227199911,0.0,0.7530213699489321,0.5500381856647618,0.7420174003799727,0.49144399372962266,0.5132534847211604,0.5119152998498391,0.5675838835818354,0.25021443537484933,0.4072500219483308,0.46423875007230125,0.26140118227754316,0.6884579628729173,0.7191042515409617,0.7659426583735177,0.7329254464709104,0.7411682743552952,0.7314787804316969,0.5484142780034855,0.3913764091504969,0.6546366669037541,0.6335750139574956,0.6311352748884481,0.6124889206321508,0.5184326339671693,0.6458281167119658,0.0,0.7458427262974194,0.7444828712992975,0.08329345832940535,0.0,0.0,0.27374785413667957,0.5010556735625404,0.44099738785237896,0.03305792728941209,0.0,0.0,0.6153169840887203,0.44014641142080757,0.4785305804929821,0.8138874609428306,0.6336359787341278,0.5481591046094798,0.6359989139293014,0.0,0.7956965532945919,0.8226697521117923,0.8175383004172911,0.7746891967328625,0.4735455670861318,0.6556361032388955,0.5597611855476343,0.6204155956377393,0.27286070660309414,0.5168587686236241,0.07302552806790696,0.48886220497704014
0.4874228375846647,0.5481456481280652,0.07756944617475306,0.29600844796952186,0.25650370197782546,0.402182580411667,0.29183806782252575,0.30653621627832295,0.21090260535780087,0.5839722381385914,0.5029910588135879,0.8097274284027431,0.3944484835927887,0.5082023400230423,0.669797551891133,0.0,0.4507262908190085,0.8835633197432513,0.4599118767349331,0.46420889626454054,0.4466487855951703,0.5598820367724069,0.44953262976692693,0.543606617531968,0.6257651239368068,0.5054609185225973,0.5117671743263725,0.3963435556788663,0.44641032268794484,0.42825655146709707,0.6410257428282113,0.6927633197389662,0.6823878238595074,0.5301899257225235,0.7750734870954312,0.5557334026234825,0.08837136687063554,0.3752116434862389,0.6112345499172964,0.3274885513507141,0.36014524955028604,0.3794623312897394,0.4683336757241904,0.0,0.0,0.3851628132954767,0.6123176089578867,0.0,0.0,0.0,0.43623084826874625,0.13687853411853865,0.3731940816738231,0.0,0.6332286321481229,0.0,0.41403632679814806,0.5879163532750956,0.0,0.6277786964917316,0.4278845303815,0.37602686310007216,0.43479402304274767,0.0,0.36643529351114634,0.5974338667768674,0.5545899880160867,0.5760437748090803,0.13687912343119796,0.5074623184051259,0.5783726755413978,0.5044639280761867,0.26860260881809506,0.40368842226819446,0.0,0.22164928849444837
0.21526099289158382,0.5847933735498512,0.3200003562649224,0.2569832860349692,0.2233463127722668,0.16539123809238382,0.18700927761674113,0.25595801783513183,0.0868886041791535,0.5111694175321853,0.1559397150404554,0.5213203990280839,0.15544201343641623,0.49736319696085907,0.14917093948735208,0.4507262908190085,0.0,0.6392964172274601,0.20617583450980367,0.29246882582084877,0.5201325762435005,0.4501904270063034,0.2560316029268431,0.41224023314786074,0.3782848412296764,0.34781823841247583,0.20132339358197376,0.5400015670359078,0.19558693653719345,0.44580110764563935,0.5182718781440394,0.40807082400615163,0.49199326574244445,0.1320440102638979,0.37063487237656045,0.36263077646177455,0.36445713577817596,0.3249403227335683,0.42751404226813644,0.2510690101726882,0.04128867667724778,0.24416841562263508,0.0,0.0,0.24589120414270857,0.4091979253793729,0.2896136492523231,0.0,0.0,0.0,0.0,0.0,0.0,0.0,0.11804368355231148,0.0,0.07293354191637008,0.33107277103689126,0.0,0.5939265388661452,0.21309459198189468,0.094997796035307,0.14645825223621187,0.0,0.0,0.0,0.34615298559429175,0.0,0.250658366707399,0.284324863015804,0.19947236825528697,0.0,0.260837594969074,0.48147672123667545,0.0,0.1999151777307118
0.46629515376451414,0.7165275229105232,0.22969926984868239,0.4688520625114818,-0.07344950928193583,0.3502893734133128,0.2869276076355307,0.33510036300023555,0.09956805469868527,0.5690412499303716,-0.10379622250598025,0.6590670256281055,0.3944673391655431,0.47975038375914814,0.7048423227199911,0.8835633197432513,0.6392964172274601,0.0,0.1827935450259467,0.6698320295866764,0.5272796425603024,0.7966222586245169,0.40982858551526835,0.5196841250816104,0.5138227758763116,0.39363462600561494,0.48173488060018205,0.37576188871960375,0.3989546492324905,0.28794248104930475,0.544163930371673,0.6870990854808035,0.71503410448219,0.6118102430599253,0.5979967591231792,0.4850685661735403,0.40668888616849885,0.4838899737506137,0.5755463047239664,0.40228775300687813,0.29946199055936706,0.3018055375359594,0.0,0.0,0.3085226261638083,0.45977624957591756,0.5731656358359578,0.0,0.0,0.0,0.4899603968266004,0.5051502499478211,0.585155284915267,0.0,0.49274022475400975,0.0,0.4254747218773507,0.5029343629084798,0.0,0.3942774379080838,0.42910309191389817,0.4439608220200848,0.42627872151740154,0.0,0.24632298191891244,0.5392649928012828,0.44123694576084127,0.6833653209742945,0.44777663331568524,0.4578057564163601,0.4438479467173459,0.40799684792667457,0.2618978335066934,0.4110232877599611,0.0,0.4911277890415062
0.0,-0.3375575897962351,0.35870989913429946,-0.13902233243218665,0.10525981992970421,-0.0744143303173993,-0.08646651552628759,-0.1407106434754905,0.30026043004058045,0.024729986871014353,0.2272473127267051,0.04270231581870876,-0.13540349084048459,-0.22502972826785933,0.0,0.4599118767349331,0.20617583450980367,0.1827935450259467,0.0,0.5252666710827443,0.28164013770236995,-0.35434119093257077,0.2227867239412616,0.18525067059192163,0.16420995601181798,-0.0023847189971490934,-0.05470403328233592,-0.19063778744052473,0.23267831069890543,-0.3778695669842681,-0.16243473726028312,-0.19210271862108358,0.09090791431547829,-0.19242670168033904,0.07565862488116415,0.04326322305222241,-0.15645577690486612,0.05468695137519086,0.3793053052462464,0.4667371215417636,0.3738210019195677,0.053000835855778944,0.20623203355262873,0.27630193978455975,0.01062626980650534,0.0,0.0,0.1938780930823067,0.0,-0.10463947898653625,0.21696034104022693,-0.21625499271226084,-0.2696485394721554,-0.2700972144907546,0.6236463106902593,0.24907769091829432,0.2556026825631935,-0.23049571577737116,0.09753146457654316,0.0,0.0,0.0,0.0,0.23458082289584486,0.4786908479099379,0.0,0.49547331583235865,-0.2868417063280425,0.0,0.0,0.0,-0.22828256580802042,-0.19526934206127738,0.272629385535,0.4708520934271032,0.24101888513331526
0.7006339931895347,0.6464916871110273,0.19659287662791278,0.39525072838319353,0.25137529133536063,0.3971181566626627,0.28805834295959504,0.3647218509021708,0.28845817239110905,0.3841253591445467,0.4599372802912812,0.6019712377898422,0.47097146804545775,0.24217567727047581,0.7530213699489321,0.46420889626454054,0.29246882582084877,0.6698320295866764,0.5252666710827443,0.0,0.5955583241315934,0.6678579819054378,0.9208395270272172,0.5883046718681668,0.4224127088582585,0.4476652503765024,0.794309776775082,0.4470777447406561,0.8042276039231384,0.5810964852120099,0.5542905984576805,0.6082754498329421,0.6687975452302592,0.7411421890527867,0.7880734658325388,0.6163998740094463,0.5811679865272912,0.8898261137266248,0.6186522470542408,0.5258341007413242,0.6022378728679214,0.6057460638248562,0.7458567503568349,0.2639247274806536,0.3511758341212389,0.46682858016237583,0.5626475153037664,0.0974718876395623,0.0,0.0,0.15818912415536635,0.18724501066983518,0.41348990722960266,0.2438552555946713,0.7922768949614831,0.0,0.5687443827927641,0.31895108205472694,0.0,0.5862821134273819,0.5741947466350965,0.4687303119440812,0.3312230388791644,0.0,0.5350178637551606,0.5169050608141963,0.5420288467138716,0.5046820845788632,0.0,0.6908065061534951,0.37987390124442805,0.42212857612866805,0.3415840315707482,0.458079890519817,0.3531578049784626,0.4471299102812083
0.31744645516148884,0.5111534564233544,0.31712107247324917,0.45529154692868246,0.3916962265539231,0.3525890707302771,0.04282811312328527,0.30830612825924275,0.2800672893099141,-0.17569912906273172,0.13773908686154962,-0.2114024385785802,0.16723526448416015,0.1764852206541192,0.5500381856647618,0.4466487855951703,0.5201325762435005,0.5272796425603024,0.28164013770236995,0.5955583241315934,0.0,0.6620419957100153,0.24644023104714852,0.1813323377798764,0.15402735061453549,0.24472705365435696,0.5393284534521694,0.1516832078911187,0.38995192119329064,0.2470813489817352,0.49846422695061454,0.35384779913152353,0.3756760228138827,0.5601407502617902,0.5608508658296482,0.6748173334273992,0.2594614546942885,0.4606936935804337,0.6961547486221933,0.7493510091843993,0.5277048880863383,0.569743100279182,0.5072156078854935,0.0,0.0,0.8766365526272109,0.6792173506878622,0.07118224553690794,0.0,0.0,0.2042464530019402,0.15967644189624824,0.36943437392577494,0.28624478286680155,0.43368545678940174,0.0,0.4902617305276692,0.3089299012637685,0.0,0.7364888032716104,0.6743277631500015,0.0,0.4766572093938706,0.0,0.5794615208366858,0.884735168224064,0.6965066069846934,0.4977295182464266,0.5480267111683375,0.6027374208098439,0.7723388662991872,0.4005853036069964,0.4142243967047222,0.3671532686918179,0.38824447621331404,0.3838209866279924
0.5168097009196114,0.5729348356684214,0.12914913331654815,0.40223814133779,0.1293491768656284,0.28737298380696635,0.23542725190545655,0.3069048290522116,0.1220026063127975,0.3748729562285402,0.0047614943132011645,0.4260336395402581,0.3656842477934953,0.18940924078431287,0.7420174003799727,0.5598820367724069,0.4501904270063034,0.7966222586245169,-0.35434119093257077,0.6678579819054378,0.6620419957100153,0.0,0.7989764887275516,0.5159882362037815,0.8301114587433503,0.569657098775193,0.5708974905092253,0.6373882524562013,0.5483369507754302,0.5120699202816477,0.7247288894435384,0.7779951644188867,0.6480977865185407,0.8542325828685282,0.8184126052418317,0.6197689943376163,0.7469137527821703,0.41412593894806693,0.7024373311203118,0.6172627175019594,0.5742608913573017,0.6668045373750808,0.8412397557659028,0.3132097797106223,0.41672568495944984,0.6494182540512765,0.6935030414126198,0.30176101595653015,0.47925779564497684,0.40079068576527,0.46380617636783655,0.5522766177235775,0.6847439315404589,0.5204181992040424,0.32687336553004154,0.0,0.345678152559506,0.5627518994508147,0.0,0.71365652271307,0.6271287886356745,0.2800466857076461,0.5006363523290165,0.0,0.5833747586908041,0.7873402492283426,0.68515619335205,0.6018044750137584,0.4694993040528799,0.6442636902870233,0.5903151086214673,0.5327212283976132,0.4219457575294469,0.5144505958780058,0.4823887620360956,0.5507766012299793
0.28343541868776084,0.5724217708769627,0.17301158701508143,0.19892346883187234,-0.11750602681596989,0.3496107520990488,-0.12230570896908494,0.27019134788164917,-0.04986602406540719,0.12886274517554583,0.015953619918747552,0.0539782673449688,-0.01321758744010565,-0.2952733294840002,0.49144399372962266,0.44953262976692693,0.2560316029268431,0.40982858551526835,0.2227867239412616,0.9208395270272172,0.24644023104714852,0.7989764887275516,0.0,0.23064846027130584,0.38057256015796076,0.365467710322567,0.3127313399176833,0.01629545845996866,0.40754503097095324,0.27066317426561876,0.2729673667246437,0.27156125500218886,0.4768307152579726,0.40869500951086907,0.5898058877370114,0.19214539705870165,0.39877925861340546,0.10332138656512377,0.3994345581087625,0.5061542624919386,0.3826709325418792,0.5892840471645814,-0.0960943296889798,0.46689713099429103,0.4218893109977785,0.3128624893995642,0.6286215957509297,-0.11353916608547288,0.2152252352278449,-0.10207021643095338,-0.007462573344503731,-0.06524242024341231,0.05324202869420419,-0.18562893578141054,0.2287721044301101,0.031272822718799664,0.13266916270373486,0.04552794037425528,0.11020230630733324,0.6089225930639125,0.5549698602556413,0.47464269549198723,0.3316014832136963,0.09090016784623928,0.526169672012506,0.5369832420260661,0.5936558805681127,0.3583749285366925,0.36443366792450277,0.46196731977621874,0.5879447431616291,0.2524225281676006,0.2051641237664936,0.4199716630426932,0.3381755817331443,0.30790621391380296
0.4241176561003737,0.4339657819465135,0.22842855255592615,0.20920485663733276,0.07646555660425827,0.380917162493906,0.14324267068278385,0.16557524824297512,-0.10104014773778242,0.2742146982468522,-0.17705140042646983,0.5129507224317632,0.18975562816158897,0.3769401850107882,0.5132534847211604,0.543606617531968,0.41224023314786074,0.5196841250816104,0.18525067059192163,0.5883046718681668,0.1813323377798764,0.5159882362037815,0.23064846027130584,0.0,0.3521155491045085,0.39683928117331096,0.5224547363368863,0.37941255838668325,0.6338346902988918,0.6279709608073837,0.17793749814122126,0.648832987873654,0.3496595689508227,0.4247751928251591,0.5618967582819454,0.11504141047626965,0.17743718638613923,0.4185353916400797,0.7396293850211983,0.5396172947990279,0.29624666352171164,0.5188476624616501,0.36509631547745935,0.23270415046045054,0.3895630606212185,0.3026479750012222,0.12827635322510783,0.0,0.0,0.46933340821229363,0.48188169155750726,0.3851577675709723,0.0,0.32174162570770615,0.3014429484576252,0.49380942046555654,0.3093764067384126,0.2676278906857951,0.0,0.3664897558231351,0.15952862300068515,0.12519748326786947,0.21956114970504031,0.47215202452730687,0.414552309317667,0.767012028880302,0.121220517960578,0.652836734169696,0.5095916484583174,0.21944236639846462,0.31889237650747193,0.36759176634956503,0.5744644377735989,0.6016053704391313,0.0,0.33839808469750676
0.4004179863468865,0.7213384079937507,0.30114843351716375,0.8096335994748416,0.23714643150345258,0.3537287293644238,0.2791164123074104,0.12976683578728648,0.23632706040727094,0.5689619910043479,-0.028003846830389034,0.3931688100075497,0.380764132501973,0.39965274743871254,0.5119152998498391,0.6257651239368068,0.3782848412296764,0.5138227758763116,0.16420995601181798,0.4224127088582585,0.15402735061453549,0.8301114587433503,0.38057256015796076,0.3521155491045085,0.0,0.3382534277801091,0.614878584802923,0.3141846130320529,0.1900166094103129,0.22708305694999606,0.37090240421341836,0.35821045308000093,0.4102300364898066,0.44830472642409347,0.5368796456217311,0.44933078257126646,0.36896010125598494,0.4379098428828031,0.5575768588283315,0.38719183249841027,0.26116884174419097,0.3087456112089424,0.35551857600342596,0.0,0.26226682047069483,0.46909010769107296,0.629116074716129,0.0,0.0,0.0,0.4496127558085272,0.15763746536755166,0.46638840465270803,0.4248838168152401,0.2864728384721451,0.4723268705398722,0.3152147074148232,0.34677557854271773,0.0,0.6744176794852939,0.38052715293069206,0.25388407282262493,0.34801308023699423,0.0,0.4978769306953396,0.3355735242076179,0.49047652370215833,0.2660659656749023,0.2840824993454966,0.3755183884573675,0.3673232058671939,0.31850165227676563,0.5257784935676492,0.35873543602925695,0.0,0.25836010107432145
0.3206073817945714,0.5063074764274486,-0.06592018404478517,0.7337215997657865,0.13234896966288576,0.3513689788995152,0.3954740328717432,0.07301896775724165,0.26482626347323934,0.20542713326377454,-0.19410216781730888,0.1174298777732668,0.4493421336599797,0.15101128937175667,0.5675838835818354,0.5054609185225973,0.34781823841247583,0.39363462600561494,-0.0023847189971490934,0.4476652503765024,0.24472705365435696,0.569657098775193,0.365467710322567,0.39683928117331096,0.3382534277801091,0.0,0.5403796422607369,0.5131591894993107,0.5262281700634728,0.2993267687488947,0.3976686483098735,0.6516177190671785,0.580860621573366,0.5563263979024813,0.6403895848184293,0.38654412091426626,0.33909165203055913,0.14898684227761128,0.7375153509159031,0.45921390878978013,0.5000450018415065,0.4447878322253527,0.10423927302256644,0.5147183810784406,0.054617399067942274,0.5658130530213134,0.6854331636860005,0.3448411060513975,0.0,0.0037669697342348554,0.5364340610036613,0.5957418906871033,0.30503086004088364,0.3495867103293043,0.1494145659603748,0.0,0.3013841522235638,0.7667322309582357,0.0,0.6374633782505228,0.4899282886368773,0.1636521372164585,0.23995412187703813,0.0,0.504669435460021,0.8459240981392934,0.7810949578699791,0.5255770974094849,0.3270069622266233,0.3379585108584927,0.6683067292523202,0.5213677633770879,0.4748511332224358,0.44637512490309006,0.48287621566075434,0.17369643963805848
0.5556310787287897,0.5306011104004259,0.21801618783683138,-0.09574115029536934,0.025395393352686174,0.4950384218663513,-0.11035631993226847,0.03432269581522507,0.18472619176484917,0.12334456484281248,-0.18150695204798512,0.15908511682451493,0.033572808149585354,-0.2101441190140918,0.25021443537484933,0.5117671743263725,0.20132339358197376,0.48173488060018205,-0.05470403328233592,0.794309776775082,0.5393284534521694,0.5708974905092253,0.3127313399176833,0.5224547363368863,0.614878584802923,0.5403796422607369,0.0,0.058158757263930355,0.5811058619923208,0.397849712357573,0.3552772295542481,0.2668688681332555,0.5417413414143059,0.4748593183551195,0.6538725045064375,0.46092776446847405,0.4637209032325199,0.08277513522393326,0.4477205992928487,0.7800058384116416,0.4369501454492072,0.47213625125996417,-0.31464712418868646,0.6421095376348136,0.3196410889850955,0.4056793136152583,0.4237272430417812,-0.26389587519817453,0.3211274443321151,-0.25128226961227673,0.06614365477610801,-0.055611460868836726,-0.07715284399724831,0.1502009331463101,0.37611572361057505,-0.2561268988860467,0.10617098593700153,0.09172769667340985,0.3879850729080402,0.5142002528035221,0.6277660744718161,0.0,0.1587348845411437,-0.06042971987038126,0.5247496764173951,0.5096219256337494,0.4886485857661116,0.1573187811751774,0.0,0.3361198217053404,0.41934922831410426,0.32245728246760536,0.33900296871569113,0.3971851764177272,0.3027999660284896,0.3441161529753764
0.36961743135662717,0.3619900699211158,-0.21162919723790663,0.5489890443703439,0.2163271495264978,0.3198091198643574,0.32083074029460584,0.006410764184655304,-0.19048571634046008,0.17170918423447368,-0.14013593868008234,0.3370866367727364,0.35836902082469174,0.600085884254115,0.4072500219483308,0.3963435556788663,0.5400015670359078,0.37576188871960375,-0.19063778744052473,0.4470777447406561,0.1516832078911187,0.6373882524562013,0.01629545845996866,0.37941255838668325,0.3141846130320529,0.5131591894993107,0.058158757263930355,0.0,0.4531997819304459,0.3461602791915662,0.29139383745956915,-0.212388393638402,0.48106370996017433,0.06205137057084931,0.06850793848407641,0.4465492097027311,0.30408931585348353,0.3109801608811735,0.5390602825536792,0.32283380357184366,0.6242258417540049,0.626626745556662,0.37642963201863866,0.66895871662999,0.6234069291972482,0.46964309248053526,0.5038210419386266,-0.26417573801980804,0.0,-0.2624823703006698,-0.09453153733719949,-0.04730691029962786,-0.07759063173528424,-0.1909307004496188,0.28588987616867195,-0.07795999736413212,0.526975464196437,-0.0636019479900457,0.407518120363401,0.310901111071018,0.4315306015308916,0.3504533562481781,0.45883621539586333,-0.3504016595070555,0.3755606109968367,0.3718790094078684,0.41679492511101546,0.039795521162565684,0.4487546080087066,0.3542824080330963,0.41869006229962025,0.1268059724591145,0.12897768401764745,0.21165823253620208,0.09361637746021911,0.23362353448151915
0.540755654903823,0.2586978440257621,0.23234718107633623,0.05759175145318676,0.14339329932022926,0.38946722889560426,0.1779867503552119,0.29520518851057653,0.16177007553788525,0.1362340680799342,-0.06932825018513694,0.230647894019948,0.45443913281504117,0.14358139145017867,0.46423875007230125,0.44641032268794484,0.19558693653719345,0.3989546492324905,0.23267831069890543,0.8042276039231384,0.38995192119329064,0.5483369507754302,0.40754503097095324,0.6338346902988918,0.1900166094103129,0.5262281700634728,0.5811058619923208,0.4531997819304459,0.0,0.3649268639747365,0.5943722352193384,0.4137227427826629,0.5243997409038603,0.8081292304508125,0.7387764415206749,0.6782874407357399,0.5791946772987491,0.2087997895539132,0.4401322491161056,0.5308649301818626,0.4158606669310925,0.5009767719988839,0.4803736938928063,0.41072555844914677,0.4243864004109088,0.3783371523955188,0.5111523161666367,-0.025032117272819565,0.470759891101989,-0.1856616862398478,0.12374449023683415,0.1628640139537179,0.15088164119543063,-0.09532224427176111,0.45984119600045253,0.13575054372394343,0.42981670104953057,0.13973149579597177,0.5737978223178397,0.5170746337902243,0.6765032128978213,0.48295400993211357,0.7149102374772701,0.43963031010868603,0.5146117589404856,0.4709826650803721,0.5054162970508398,0.39502331496569365,0.47564865612009355,0.7759170151001149,0.48101872729618433,0.366389237509605,0.32958342430152204,0.38667555433540124,0.29888848711024196,0.41469386952894377
