0.0,0.5873643908584898,0.572806303077174,0.0,0.48586500079653455,0.43071235656281165,0.4659803887656057,0.47204454129924056,0.45987402761531215,0.4789367675518456,0.350766051840967,0.6938026307351821,0.3351596345315677,0.3648241605202782,0.04064713319044658,0.7239682139563781,0.6502140503039884,0.43788571318241176,0.0,0.5197551434652851,0.33588596007986876,0.5039823744685591,0.39843170377414905,0.4871374370625895,0.42812865525652255,0.3365531590194416,0.356168767468061,0.6399487460596471,0.5346304503707444,0.3949917663725948,0.5840110017288341,0.4748012327184863,0.6383931770855387,0.4038568029115229,0.3902834337648684,0.4898098472761033,0.503479255670674,0.5741688655077835,0.4931203724664762,0.745400526706569,0.540465022349284,0.4391918074003276,0.4732425432748416,0.0,0.3811689927507772,0.5963035162287671,0.6531005120963567,0.0,0.0,0.0,0.5544226123782383,0.0,0.4838995631749367,0.0,0.4350396227633385,0.0,0.425115565547904,0.5715880555558008,0.0,0.7322637388431248,0.5380058818712836,0.4642910269640892,0.6296772500862806,0.0,0.31045871561582106,0.4696652570588983,0.6722880860769337,0.5045911239649365,0.5492207158372862,0.6503201247997421,0.6977850789306721,0.2768099571606306,0.43329328935915795,0.5783482144624598,0.0,0.44062114085425197
0.5873643908584898,0.0,0.5655196341461192,0.41459952095308356,0.33951970483267135,0.32157917163688066,0.26997738181582487,0.8321987443167191,0.32085173493954056,0.417296715971298,0.3597987832700307,0.4118888177389891,0.29180082542771635,0.29679683384212396,0.3971391684771265,0.5462688434068927,0.22858322305433904,0.38936615278837483,0.5032225135843019,0.3228447939055423,0.598068063546962,0.37006352759891403,0.6971890268099827,0.498806359916496,0.38423735041337326,0.3522256748139874,0.4807487438241001,0.3549418778340252,0.24222033575534543,-0.02758585849589401,0.48432846475803815,0.2870610914861761,0.42698723446761955,0.3807759330625099,0.4732801520173663,0.5100584236308425,0.052367430725919345,0.0,0.565318261917935,0.6964810565791246,0.5203732600059439,0.6193531285018617,0.44812121780358305,0.0,0.0,0.6385991203120709,0.6772989802133609,0.04126573757124291,0.0,0.0,0.625798893193661,0.5147773350060845,0.38830737229130874,0.5092362459952509,0.5262924312432298,0.0,0.3399827165731451,0.5537849211786233,0.0,0.8002011680191101,0.602930924350451,0.5016242470380065,0.6876327375589886,0.0,0.7097541883123788,0.6604486018261859,0.6586407094441555,0.4880220456926855,0.36281607578052016,0.6432849270081381,0.7371572832473609,0.511639436870197,0.3292508252235661,0.6036361695654711,0.0,0.7601521314336824
0.572806303077174,0.5655196341461192,0.0,0.5280722152319504,0.5452919447390381,0.19144701369193012,0.5931245396673241,0.6522057131715011,0.3193502531405005,0.6661574423740202,0.5773158307145638,0.900722890265524,0.6734328022635918,0.5929083757898442,0.18508278377279863,0.49367131145937504,0.7278427103418578,0.7568283738280466,0.5552225819408114,0.36575599595898295,0.3757320071062453,0.6181397342460111,0.1812422318918428,0.504131138001956,0.9406883993691096,0.7350320609589169,0.5801581856176892,0.7047408314001508,0.5593268382086678,0.6481059838203557,0.7662756637012504,0.6407667415612711,0.6203271125237633,0.8530120252505539,0.8748811154018408,0.7261276378784807,0.630078353383502,0.560746574440053,0.5766028177691382,0.4950190486469307,0.4263452947796939,0.3683545024890002,0.6525527665706167,0.6098613418615799,0.0,0.0,0.4070376398322073,0.7794150004250385,0.4779412317673212,0.5376766769677319,0.5233284955282359,0.5364216203605539,0.6766440724575691,0.7036924126984876,0.4237248455540909,0.49524856173925086,0.44918856525989914,0.5730194073261389,0.520405340852392,0.36061886508996865,0.0,0.0,0.0,0.681192078082065,0.4103199793981055,0.5104397025208409,0.2528513875247664,0.5746404435250981,0.0,0.5598037860859887,0.5651870646535215,0.6489153407246318,0.511219369800135,0.6071595265728738,0.48016244292653876,0.3256014280255235
0.0,0.41459952095308356,0.5280722152319504,0.0,0.6301936695751796,0.5288900090525805,0.5824257063589807,0.6785906960862569,0.6394755056577837,0.2883409570019632,0.47595949074219235,0.2108786041974328,0.6376345031493433,0.7379369701622347,0.4901008852977013,0.3048795230358402,0.4631627438677113,0.47124605201735165,0.48392809771659573,0.5692101208852013,0.46846923850299793,0.46822922464521427,0.38602712132943034,0.4036320353908528,0.8100117348613785,0.37551412366072245,0.6159299820465061,0.1897781007643656,0.2790258806432811,0.540496167679744,1.043122057013313,0.4945721664387691,0.3015915166047117,0.3938773889936142,0.645934140886514,0.5441950812038807,0.22536323918468013,0.3873056312136087,0.4441231709533329,0.38093813847344127,0.31003858836081233,0.34179686992116115,0.34784992375988566,0.4474114203065528,0.0,0.0,0.0,0.4255203092654219,0.0,0.0,0.5350124484288334,0.0,0.46749007301547196,0.3522090756160494,0.0,0.8752055927247256,0.7564779251312558,0.45443540915223424,0.0,0.0,0.0,0.0,0.0,0.0,0.0,0.0,0.47537212990926087,0.6401207370163725,0.0,0.0,0.0,0.37936394825743885,0.4812595044481903,0.6508314092615294,0.0,0.0
0.48586500079653455,0.33951970483267135,0.5452919447390381,0.6301936695751796,0.0,0.6027157291460135,0.1305170287955757,0.4022433372417279,0.3260788209920397,0.7566854031921056,0.2303948256984727,0.5480545676870348,0.3189115375589763,0.47902202528406523,0.5352934769495397,0.6202273898175739,0.3924864688062907,0.33809882151147935,0.35482967759831213,0.30547571355950764,0.5464462943961286,0.2693426441582143,0.44396169012638165,0.47644345721454595,0.4990101965941719,0.4642998916400784,0.6482023574944804,0.48059979838085565,0.5707407821025622,0.4330379017551054,0.7782961570746809,0.014824872300433944,0.5132164090626854,0.7583124786682499,0.48337276744120783,0.45910733097841083,0.3488307915162808,0.7195761913733973,0.5353607337813621,0.7929588173352354,0.6343618204971071,0.486110127116485,0.46364385808962283,0.7789391477084102,0.3741074690011243,0.0,0.23678427317150616,0.5053782185561214,0.0,0.4595737576951915,0.4985655670431889,0.4886505516971088,0.4918929857367029,0.446661335426118,0.0,0.218195308384299,0.24112718964171875,0.7057999195846685,0.4531113789154393,0.4584528649335222,0.46121706056643147,0.0,0.0,0.4616162245924719,0.45365701391871244,0.496978193920488,0.39380248211565994,0.5354224338712426,0.0,0.49520762967780063,0.6849941879464205,0.5109023778107386,0.450189151768215,0.3016819136928907,0.0,0.5349371843241529
0.43071235656281165,0.32157917163688066,0.19144701369193012,0.5288900090525805,0.6027157291460135,0.0,0.3395353586722589,0.46042763109664575,0.42624395547034355,0.6677267050495808,0.4298875971773761,0.8429957875908118,0.43819554390846843,0.44639131718298325,0.6872560057673041,0.39469173233445287,0.6950747259650832,0.6208896293203143,0.41279610691425866,0.28027495609814124,0.7406552727962044,0.17285240969506033,0.39585472814581607,0.4343822493756628,0.44628049284632987,0.48063832612296664,0.3334387918273398,0.5793241298103052,0.3959604289975861,0.5637026736776192,0.6778145830194088,0.5020496395961022,0.7650962309592058,0.7058634001143462,0.7097034250348557,0.6343437760496831,0.5998093326751054,0.6096670875073709,0.5509627339654988,0.31450130715704705,0.41497575950102883,0.3188968389537219,0.6906467900324067,0.5446016139835188,0.04998412433315827,0.4466297631365173,0.5120750491642554,0.5042130771234813,0.4630346349106318,0.42736906096754146,0.497221309081486,0.4906327933933472,0.5299662407555832,0.4976218981314039,0.43681160856894335,0.5592967057109752,0.49361423929194054,0.48185450927182905,0.46302753435937205,0.6514327534010445,0.6356321566658629,0.0,0.6369973059844435,0.5279143109755726,0.5828697122517448,0.5403259800028137,0.692507895480369,0.47916916603032766,0.49937080577712,0.5366436163837662,0.4878281635422771,0.5057576777344035,0.42262526826082225,0.6393566292846959,0.3790175233777578,0.4501452089092474
0.4659803887656057,0.26997738181582487,0.5931245396673241,0.5824257063589807,0.1305170287955757,0.3395353586722589,0.0,0.4206317752213753,0.49445787214750453,0.5528465026964503,0.559630207700051,0.28324899636558915,0.05966706347752143,0.34678113814067635,0.5544887166429076,0.41450992803877856,0.46157286286837274,0.37053567478074145,0.6014049200651415,0.23033733430659467,0.45240065336038526,0.1664102822880184,0.551022637295111,0.8460727591052547,0.4007863996989008,0.3902383963731102,0.47717032250608415,0.6264060647280187,0.3107718301659961,0.19710478218226357,0.46812033252401897,0.42218903454133183,0.3177180889262824,0.375742635091887,0.3882341200737509,0.6176861594216315,0.614665939084118,0.586279264920462,0.5522441063710504,0.477357668822049,0.6737444777466932,0.5872632620272538,0.5129910268402067,0.6316789986866722,0.32502335915128155,0.0,0.49503512357429735,0.41985827743780657,0.0,0.4811311570536235,0.5444109798996997,0.5184042694296762,0.5958778619965531,0.5338607702513263,0.6636241890558785,0.3337689180498393,0.4364590746533961,0.4527764497965314,0.40450222942563885,0.22374112306840818,0.38405477079049766,0.0,0.5082334294327002,0.6077589776713683,0.5986510688353373,0.4055672298444457,0.592350072884283,0.501317379401623,0.464792742267174,0.5685197256550781,0.5579903618308455,0.45462322623121365,0.4658579901439779,0.6036799871210764,0.5915320930335688,0.5576295266313003
0.47204454129924056,0.8321987443167191,0.6522057131715011,0.6785906960862569,0.4022433372417279,0.46042763109664575,0.4206317752213753,0.0,0.6107209454038528,0.6978225233276696,0.4717514055980858,0.8298285487813499,0.5226869779676211,0.7915601595378265,0.5922782598534184,0.6830835706952312,0.3981659647343231,0.724131370440277,0.6026180888460999,0.26843154960965054,0.36320149191787665,0.5122424595569174,0.4312527773913882,0.4286946214420589,0.647675796485496,0.4984566321098201,0.5077547837971674,0.40240354898103214,0.3839298251471478,0.3512155793507385,0.5922035179255534,0.4346538000362646,0.5202017529347189,0.5525029211905872,0.49095158201764144,0.7106354767698961,0.46728080360058744,0.4350525640474345,0.44003810953539907,0.5258451636218854,0.33021972519769727,0.47143638135148336,0.531611722895114,0.4592690435682567,0.0,0.446785625317241,0.3180946345864214,0.5271144184305835,0.0,0.5113907539127276,0.44993623111112724,0.4524411398309832,0.487756890127661,0.38114260973789266,0.642175601401004,0.286067250167961,0.9869240281123435,0.4052300773823291,0.47237763659588783,1.021708346143759,0.13550459734784043,0.0,0.5764653277336438,0.5545714624670954,0.5565709653285249,0.41943500544223855,0.3013660532047313,0.45126127413180106,0.0,0.30886810476731474,0.48537459014697065,0.44691492115034326,0.2910122472651303,0.4778886241409909,0.3401940921238146,0.21112393495225212
0.45987402761531215,0.32085173493954056,0.3193502531405005,0.6394755056577837,0.3260788209920397,0.42624395547034355,0.49445787214750453,0.6107209454038528,0.0,0.7601311564382123,0.28696008212159496,0.739551163540609,0.4032357997756665,0.4193395534249523,0.6829452547574222,0.760187449208946,0.7248944496237154,0.8428994633430014,0.20099198415001418,0.3853078214507285,0.5379799697116947,0.2759590448032465,0.5043252479554089,0.7744457182075408,0.6722019190412151,0.733625600758273,0.5338237196607967,0.6895053878620513,0.36220171207373786,0.7455162975574637,0.7795460425927591,0.704034999788073,0.7726242358544279,0.8515794864129579,0.909822688064332,0.6411162255143628,0.7869005519005611,0.8500424079778197,0.3621557043000638,0.6974465078840186,0.3000509278251937,0.31218309280187984,0.5436835808759654,0.6999517398346349,0.38884057595113475,0.0,0.5377278696227797,0.6049164706114678,0.47201085420348865,0.6932189014077939,0.5280904320598306,0.6030749242713773,0.6887835031612719,0.49066135450115667,0.333430114835943,0.002850532503549108,0.7151808391117114,0.4467908447131188,0.5886375249042377,0.4464367297401837,0.4505041652144941,0.0,0.0,0.5420490105087914,0.6696263733007932,0.8443547488054788,0.7544632291194399,0.5587201881172481,0.4249514760578206,0.4485133495786317,0.36556739813231476,0.5150214204526804,0.4255266257183225,0.589329204359047,0.4910928162865258,0.5506759257490037
0.4789367675518456,0.417296715971298,0.6661574423740202,0.2883409570019632,0.7566854031921056,0.6677267050495808,0.5528465026964503,0.6978225233276696,0.7601311564382123,0.0,0.7888071694648172,0.4679157708470624,0.49583909387894176,0.6103698256158796,0.42004733159176044,0.494408002986658,0.6860292678163795,0.6559864322843421,0.6786040524192813,0.46068661329297145,0.805374975004842,0.5585432479462253,0.5474314444169414,0.523032607964762,0.7080007973496614,0.6016921704868476,0.5977020031513921,0.6014758787286104,0.6454903268454285,0.6085694229140188,0.5985629406410581,0.2593337029234397,0.7050499637609555,0.40454657805676786,0.563335297286501,0.22067612947036502,0.43774756893814415,0.4162340421323033,0.26448361095526496,0.5841870523337078,0.38618990582321455,0.21589660046023146,0.5143643906169745,0.2885724844605907,0.6282564685036038,0.4728634221033388,0.5851262819029175,-0.10319863569640628,0.47749488534101775,0.4879597037269292,0.2641175278961504,0.48315804237948706,0.6052066505952054,0.39095607517263753,0.7501383402723023,0.7606093946059727,0.8703878134996179,0.21330955449947903,0.0,1.4190145766903761,0.602323505576466,0.7613687679603487,0.7762942567940981,0.4828425552862905,0.4755436525524567,0.6251281863935818,0.5045908139189754,0.6135851840480868,0.588255162791228,0.8386147715271819,0.8216101604238035,0.6101790648104456,0.3586829428658093,0.3285377863122543,0.0,0.6824091269588028
0.350766051840967,0.3597987832700307,0.5773158307145638,0.47595949074219235,0.2303948256984727,0.4298875971773761,0.559630207700051,0.4717514055980858,0.28696008212159496,0.7888071694648172,0.0,0.7139222229614961,0.6793839518544942,0.48305958825576917,0.0,0.5019866337304462,0.7754973837322434,0.761810806084323,0.2794660487052618,0.4613106841882403,0.542042912144052,0.44557816181321375,0.4071418896496278,0.7875747015647493,0.8113068366202565,0.7838077662831295,0.4195287482495992,0.701879478407901,0.7121140259888129,0.5038092615987761,0.7340851120038374,0.30548553074683443,0.8138570870317583,0.8068472429949936,0.7880097058134745,0.5924769582229781,0.6022488672828658,0.7811060359331079,0.6130225476345253,0.4431140784135791,0.5405955536660871,0.43167500447397333,0.5557072882299998,0.4393187983349593,0.21625298450330366,0.0,0.0,0.7836552713480962,0.4792138536916243,0.4236612118396651,0.6420519484574042,0.5380782702014599,0.6900869032985952,0.7107644070495869,0.39258352398545526,0.21152161030452094,0.7285158055813088,0.6402658873977498,0.4909315532523215,0.0,0.0,0.0,0.0,0.8393309181491422,0.2605768383108714,0.0,0.5327871210446229,0.5939012859341587,0.0,0.0,0.9427780840190988,0.5556784012457956,0.581957153239039,0.19528209317757655,0.0,0.64781858085028
0.6938026307351821,0.4118888177389891,0.900722890265524,0.2108786041974328,0.5480545676870348,0.8429957875908118,0.28324899636558915,0.8298285487813499,0.739551163540609,0.4679157708470624,0.7139222229614961,0.0,0.4420179190779337,0.4002346133127038,0.6254316178196098,0.9349593236371118,0.7995043539524134,0.7819336107326952,0.6961777479478727,0.5216180314108416,0.830346200840406,0.22166337613867473,0.7712188842561856,0.5295524439725342,0.6914988515725995,0.3616720726406612,0.6238583944982172,0.611422151852671,0.5290143076955962,0.1887429357699631,0.45559872037742966,0.4732023350035288,0.77013402643896,0.6362151093061991,0.7219423277252589,0.480463698015002,0.49025990031190747,0.41371323298532636,0.4711755230496915,0.48299940067898883,0.4607132585853565,0.33676043218022256,0.5362945846206919,0.4563567706662295,0.47159820114744516,0.32006263242391664,0.4702031160342067,0.182611546579251,0.3113632952162578,0.29348709682643864,0.23929684719500255,0.4025498861719028,0.379414201019473,0.30805730608612536,0.6491015312952418,1.0885696405360341,0.851252511253284,0.42309656892731506,0.5730367130631757,0.5440654903076841,0.534446491453598,0.6987081830505311,0.847732225080858,0.280963558134879,0.7116700528222757,0.8562879955080962,0.5656197915199868,0.7455692563218974,0.5827327681900853,0.8296732758677656,0.7564671688957701,0.3413850149072435,0.5593539503104359,0.5559007510414582,0.0,0.6727430210819765
0.3351596345315677,0.29180082542771635,0.6734328022635918,0.6376345031493433,0.3189115375589763,0.43819554390846843,0.05966706347752143,0.5226869779676211,0.4032357997756665,0.49583909387894176,0.6793839518544942,0.4420179190779337,0.0,0.47005121821783824,0.48638998931958427,0.46545595832666153,0.4841128632959343,0.44219639636555275,0.6483119216086429,0.26096661184947345,0.5498200937867149,0.1856341611976538,0.5960403636702677,0.4359235638631127,0.46137086693023194,0.5176047774525621,0.5062259774797349,0.26638791673013706,0.36410907584970265,-0.12307547811663522,0.47613424133911614,0.4784278955706519,0.5222709774319438,0.34871301728969106,0.5750963178619213,0.656326236484186,0.6093970673473111,0.45775222974783436,0.2663021456607693,0.07050548645135168,0.21291540300475345,0.2976021815132909,0.6649137129373265,0.551432025795294,0.45962851080811384,0.7907883064607866,0.5702150445000231,0.6141303307894621,0.0,0.6228486541057956,0.5197823058897534,0.5143793868026543,0.39448083946538204,0.6019752438430686,0.43588037252693523,0.48004361780914306,0.14204919554613163,0.5476095321232135,0.3352868047301433,0.5082634269059014,0.5137212982361227,0.41214508308164693,0.448364509876643,0.5396607544992402,0.4050853887574455,0.5703194969517349,0.5789839147846239,0.5233968789541876,0.5623648813738913,0.6269130818844433,0.5777064527843084,0.5200718658616845,0.3752510514972369,0.5574603917841969,0.4141554170970839,0.4916991976239429
0.3648241605202782,0.29679683384212396,0.5929083757898442,0.7379369701622347,0.47902202528406523,0.44639131718298325,0.34678113814067635,0.7915601595378265,0.4193395534249523,0.6103698256158796,0.48305958825576917,0.4002346133127038,0.47005121821783824,0.0,0.3277832531804694,0.5083086537097077,0.5013342772976597,0.4777224986873931,0.5310585227681626,0.3975166208869859,0.38857091674539807,0.20607268855305536,0.3960086052214482,0.6691911858053728,0.42476820730361664,0.31171523472728513,0.5510176844248409,0.45237108411622684,0.28787926016985843,0.5096483864305286,0.48181973557877145,0.43011257160661737,0.3437689678277521,0.5722083872150503,0.28045276919178824,0.8072387215224601,0.6548461625464097,0.47028111238012205,0.4796249806254119,0.0,0.634243686369917,0.6983017909497418,0.6979903684794115,0.47729449870467344,0.0,0.0,0.0,0.43680217865466897,0.0,0.45440806961150015,0.3837407509632026,0.2402369830389751,0.509050919574189,0.2519349851944287,0.0,0.299585778325537,0.3923823611565963,0.6866510974959745,0.4518735813781155,0.0,0.0,0.0,0.0,0.5157470189874382,0.0,0.0,0.0,0.34307831741787265,0.0,0.0,0.0,0.015729683107908676,0.8467398925807422,0.0,0.0,0.0
0.04064713319044658,0.3971391684771265,0.18508278377279863,0.4901008852977013,0.5352934769495397,0.6872560057673041,0.5544887166429076,0.5922782598534184,0.6829452547574222,0.42004733159176044,0.0,0.6254316178196098,0.48638998931958427,0.3277832531804694,0.0,0.5041551730721994,0.44055216558325594,0.4096196799380694,0.0,0.4686268665632226,0.4743018993610425,0.3428208974780744,0.41076124968781097,0.03451789407819292,0.4588762207580379,0.34623767095018226,0.3764183169872496,0.413890729644086,0.41912350699258305,0.5295296747163307,0.4443259703677075,0.3335001860694892,0.46955504014596616,0.42023921223651584,0.5157482573878593,0.5250288286890024,0.2651841676033086,0.3915178152365578,0.2762460163286842,0.5597162366620395,0.5823120183724626,0.34349888047742566,0.45592006466683854,0.440011894656935,0.0,0.5656256657635373,0.44815646701418244,0.5486128220222684,0.0,0.0,0.5522411685906274,0.7151419424228422,0.48554404239927684,0.4949093474370603,0.0,0.0,0.6155289947123392,0.5180944932923628,0.48051798955226976,0.8137354237762986,0.26101014519199606,0.5410540820683067,0.7688337856520642,0.0,0.8642207114070716,0.48498822388243346,0.8040628578326096,0.7612269673557166,0.4783510396153432,0.4214670546929127,0.5344280019580248,0.6866666381167257,0.39675933563478605,0.5783020221731968,0.25778509396847893,0.6063069955394498
0.7239682139563781,0.5462688434068927,0.49367131145937504,0.3048795230358402,0.6202273898175739,0.39469173233445287,0.41450992803877856,0.6830835706952312,0.760187449208946,0.494408002986658,0.5019866337304462,0.9349593236371118,0.46545595832666153,0.5083086537097077,0.5041551730721994,0.0,0.5053652941997309,0.3185737939411477,0.46183704827198035,0.5951673859030633,0.6957027852857798,0.2456617798300399,0.5961949873274155,0.773351948415834,0.554645520608974,0.5597275417266212,0.572506495631407,0.441259771956213,0.37571617343485586,0.5093308252951165,0.460611034822907,0.21609376298054478,0.3087246383883413,0.221228899063942,0.3488477036734062,0.7094071954719499,0.2507266916654741,0.393951756072748,0.43520705966299283,0.2852132219995389,0.5325412102968606,0.4815875028322305,0.4690940944709142,0.0,0.0,0.6351437113631371,0.6354218616840106,0.0,0.0,0.0,0.5297982967608308,0.5625558041545182,0.6514961029543689,0.0,0.943928758393741,0.0,0.8908860819352968,0.5459353105577174,0.0,0.6054506143761409,0.4109789334201238,0.7359661636518258,0.6431683781246988,0.0,0.4553684230766767,0.5764781027294256,0.5076193981624016,0.41280209316238337,0.6208000319864223,0.6580041262961992,0.7769080172722524,0.3531221107800705,0.49543255895094995,0.41362292016930385,0.0,0.5243445571624541
0.6502140503039884,0.22858322305433904,0.7278427103418578,0.4631627438677113,0.3924864688062907,0.6950747259650832,0.46157286286837274,0.3981659647343231,0.7248944496237154,0.6860292678163795,0.7754973837322434,0.7995043539524134,0.4841128632959343,0.5013342772976597,0.44055216558325594,0.5053652941997309,0.0,0.7630610175393893,0.7858505991666527,0.4783071478051184,0.49026818013354334,0.6202500279260021,0.38477057155264194,0.8873759899417918,0.4931912695497763,0.6398573551982851,0.7306986146032857,0.7608594183281295,0.30360961660333635,0.41590723681855857,0.6654758750423251,0.5551215610875226,0.6132791990060396,0.5644660458826185,0.8033062974208918,0.3689870052743439,0.36746437700476103,0.36556904166750814,0.45915009734457746,0.695268419347822,0.7226875358366943,0.5430071984085163,0.0,0.0,0.5334084744401493,0.6436128974788158,0.7162443725503995,0.0,0.0,0.0,0.0,0.0,0.0,0.0,0.9040122104387432,0.0,0.791093648293784,0.3925030333214426,0.0,0.6013192413899384,0.44478520113525766,0.8861796920765345,0.7568465553032548,0.0,0.0,0.0,0.6554368013980603,0.0,0.8200395078341467,0.9007419933136522,0.8716209697741979,0.0,0.25788982817253686,0.47974641837874743,0.0,0.8302700556346629
0.43788571318241176,0.38936615278837483,0.7568283738280466,0.47124605201735165,0.33809882151147935,0.6208896293203143,0.37053567478074145,0.724131370440277,0.8428994633430014,0.6559864322843421,0.761810806084323,0.7819336107326952,0.44219639636555275,0.4777224986873931,0.4096196799380694,0.3185737939411477,0.7630610175393893,0.0,0.7030907573820493,0.3767427762215949,0.8253152630189369,0.15528177698097026,0.6507651321556912,0.6696619361255561,0.5631708186193808,0.4543219197921332,0.6814548651010345,0.38882538735966277,0.2610246361795509,0.46540123463359173,0.5217339203546156,0.3516605827162279,0.5755863801056966,0.5182521831258744,0.5438242418875339,0.04421685892055538,0.40594976858686793,0.29274826634729995,0.511468363772319,0.5078733060988129,0.6313904642484485,0.7044613600948524,0.0,0.0,0.37005269478490144,0.7305633797932214,0.6261016512111217,0.0,0.0,0.0,0.507054311962778,0.4934433419367694,0.5839170188803697,0.0,0.9775990389174667,0.0,0.9121329418697182,0.5351340092999204,0.0,0.5689964628770143,0.5146462613349421,0.9535491433093961,0.7948733684005127,0.0,0.3911709019105392,0.6521701748518405,0.5746886998153036,0.28490332425066867,0.7888726415200091,0.7970379700892681,0.8165404572125865,0.06333825832763218,0.6601670433643182,0.42538942853908257,0.0,0.6882405760809064
0.0,0.5032225135843019,0.5552225819408114,0.48392809771659573,0.35482967759831213,0.41279610691425866,0.6014049200651415,0.6026180888460999,0.20099198415001418,0.6786040524192813,0.2794660487052618,0.6961777479478727,0.6483119216086429,0.5310585227681626,0.0,0.46183704827198035,0.7858505991666527,0.7030907573820493,0.0,0.5251176293277215,0.446537113676207,0.4753304409254685,0.31699258122643426,0.544039639807622,0.7028747472167446,0.6944666157345512,0.44338594376603524,0.7017537100898246,0.4701423976469523,0.6018949553714671,0.7327148373032486,0.5198451501719521,0.6902427435767359,0.7678356796970587,0.699863759132654,0.7208629515157559,0.5891228472042501,0.6774467329440588,0.5683405740969455,0.46925145783251343,-0.01584776197263793,0.17990177873473542,0.6242997254312068,0.41852980919171634,0.010483101557002859,0.0,0.0,0.7683100004011271,0.0,0.4430670306570893,0.4424326156048634,0.5033798135911394,0.7200827924690889,0.6167269199423301,0.6223194286730498,0.10925273486769496,0.7606223056657861,0.3390115905371093,0.4741220584320408,0.0,0.0,0.0,0.0,0.5996868347074737,0.4787214372498342,0.0,0.49629671703927736,0.5863107710411359,0.0,0.0,0.0,0.5365308779102674,0.42427810693650725,0.35587752460980293,0.4649121566338751,0.7005963161406569
0.5197551434652851,0.3228447939055423,0.36575599595898295,0.5692101208852013,0.30547571355950764,0.28027495609814124,0.23033733430659467,0.26843154960965054,0.3853078214507285,0.46068661329297145,0.4613106841882403,0.5216180314108416,0.26096661184947345,0.3975166208869859,0.4686268665632226,0.5951673859030633,0.4783071478051184,0.3767427762215949,0.5251176293277215,0.0,0.7734684565538935,0.1148941792407899,0.4881960779281457,0.7375099067098707,0.5034552055573871,0.38139206995996444,0.5784781087771231,-0.07417194379462161,-0.25910923360296406,0.07709248155132992,0.48604590484922416,0.280003665041312,0.32430805091231624,0.5049283026950587,0.6454893722301429,0.8628436695599198,0.5306303531225158,0.38471992872117833,0.1439614750594254,0.5431676972105053,0.43309225008953683,0.30740740179478426,0.6492512333457481,0.22078625413911146,0.346033343080127,0.6971821068564346,0.5336769272121186,0.6943215916362502,0.0,0.0,0.49951456709747916,0.5058904182717032,0.662232683923859,0.5232495036384504,0.7907731232139737,0.0,0.4307817529199681,0.5069271600687454,0.0,0.7448170212820778,0.2460333801614789,0.4707476826395782,0.2051386815792367,0.0,0.6173314998847143,0.6346741948840663,0.7263925280039352,0.5834173076868431,0.0,0.4624821170086375,0.6311580214837186,0.5738814959382135,0.3723734016538779,0.5176572177910784,0.1775026839478292,0.5413734662679506
0.33588596007986876,0.598068063546962,0.3757320071062453,0.46846923850299793,0.5464462943961286,0.7406552727962044,0.45240065336038526,0.36320149191787665,0.5379799697116947,0.805374975004842,0.542042912144052,0.830346200840406,0.5498200937867149,0.38857091674539807,0.4743018993610425,0.6957027852857798,0.49026818013354334,0.8253152630189369,0.446537113676207,0.7734684565538935,0.0,0.43431317912037537,0.3828536517998867,0.5353972711876714,0.6405253020155797,0.41269762680357913,0.5393711710549578,0.39170968082067287,0.37686985944158174,0.47890159673920585,0.5462267490185967,0.30242209197345504,0.4087997015121654,0.3837528265990722,0.5918378849657524,0.43580206972786073,0.2695662851390641,0.8841094532741445,0.42941229301504436,0.45983491606192717,0.2371011096139654,0.11802005341924454,0.4663871127648893,0.0,0.0,0.5863951998780403,0.536625544360252,0.5674589701848591,0.0,0.0,0.6014596389839315,0.4618761681165524,0.48318043001339805,0.70491075941347,0.6288360659332897,0.0,0.8135542894445793,0.36431477392788825,0.0,0.667453049559255,0.3229501878644839,0.0,0.5201545074786902,0.0,0.6684799485059363,0.5732424019435071,0.6676434136421526,0.5777648329084633,0.5470946661401019,0.45859415288059613,0.6394753718011993,0.6227421663223132,0.2706906391698837,0.6255891231871453,0.2319304703347229,0.5169546293654553
0.5039823744685591,0.37006352759891403,0.6181397342460111,0.46822922464521427,0.2693426441582143,0.17285240969506033,0.1664102822880184,0.5122424595569174,0.2759590448032465,0.5585432479462253,0.44557816181321375,0.22166337613867473,0.1856341611976538,0.20607268855305536,0.3428208974780744,0.2456617798300399,0.6202500279260021,0.15528177698097026,0.4753304409254685,0.1148941792407899,0.43431317912037537,0.0,0.5767743259276399,0.42232215818718466,0.4878756249869067,0.23953617698558533,0.2717352351520856,-0.18976270336384826,-0.16557088281883828,0.08168384068602025,0.4199861001744035,0.325091306081878,0.4023400106162315,0.49661973970410545,0.5653849664182571,0.34029735827895663,0.6161071280244202,0.028597677644843666,0.1878166727025303,0.37533479815155013,0.5297881780901136,0.3443621098849103,0.6815748067460434,0.33094051740119423,0.4116396069968464,0.5116561054617705,0.6024720267654937,0.7418611439222305,0.47848141456578475,0.40249199578596484,0.6610510221599553,0.5083834161290341,0.6641379933168291,0.6178397789600317,0.32468006419356077,0.0,0.3906882363945753,0.4834853192321098,0.0,0.7223391978666598,0.35599477758220754,0.48477786691394426,0.4751093980159971,0.0,0.532611506104519,0.5699157899886986,0.6432033360949907,0.5428922660523121,0.5005506887171206,0.49812146537488894,0.5782944602022995,0.56952291249848,0.32327531262704867,0.594281130263645,0.4010789973954586,0.588976311013752
0.39843170377414905,0.6971890268099827,0.1812422318918428,0.38602712132943034,0.44396169012638165,0.39585472814581607,0.551022637295111,0.4312527773913882,0.5043252479554089,0.5474314444169414,0.4071418896496278,0.7712188842561856,0.5960403636702677,0.3960086052214482,0.41076124968781097,0.5961949873274155,0.38477057155264194,0.6507651321556912,0.31699258122643426,0.4881960779281457,0.3828536517998867,0.5767743259276399,0.0,0.4860884553208664,0.556880898865229,0.39471452357120296,0.25580280172884884,0.42441463678603647,0.48993300072176815,0.5244768376934024,0.6237029235717119,0.5068218792169088,0.4417319484035909,0.6455459840888347,0.7661044755981743,0.5647384026120309,0.4956566802277095,0.5400004029955691,0.53608202240632,0.3991403660474888,0.5235896791072088,0.5786696034576087,0.6717549615351591,0.5786669415217454,0.4280326409504415,0.45251552986997334,0.6314219056399023,0.6688078102584807,0.3548555913398428,0.6216226412889897,0.48132818140048056,0.4968317551771544,0.5251389066258342,0.5176109783078817,0.32670139389051783,0.6752476095887641,0.23825353860783122,0.45227561613672235,0.6789054705075859,0.7184216560395376,0.5158825688333452,0.47554365255245745,0.5844846232549451,0.6587144331341764,0.6980292767347505,0.5474060889843606,0.7083295019220628,0.6617589758436686,0.3592701651491975,0.6128611231168785,0.5823157347311343,0.4700123556015523,0.3998316839254493,0.5820135707249272,0.3979327762329944,0.5016633090106918
0.4871374370625895,0.498806359916496,0.504131138001956,0.4036320353908528,0.47644345721454595,0.4343822493756628,0.8460727591052547,0.4286946214420589,0.7744457182075408,0.523032607964762,0.7875747015647493,0.5295524439725342,0.4359235638631127,0.6691911858053728,0.03451789407819292,0.773351948415834,0.8873759899417918,0.6696619361255561,0.544039639807622,0.7375099067098707,0.5353972711876714,0.42232215818718466,0.4860884553208664,0.0,0.6346127829755756,0.4375246465605427,0.41396643384881415,0.5493212168003505,0.688416324845599,0.6538009836504318,0.7041655854335086,0.7253107598045143,0.8703549353403337,0.5319039417394807,0.7228985966576795,0.8486500067957103,0.5071435507790776,0.5223796672020291,0.7735276748390505,0.6521620019320884,0.4184448412891604,0.7010431100259187,0.6845471308090734,0.2769634016850692,0.5411066736013883,0.5344924235343871,0.5266394828071523,0.0,0.0,0.4761135066536546,0.5005256851379696,0.3911636047329039,0.0,0.31330650748114386,0.4583709762932596,0.48719390646207994,0.6588862925290582,0.32084401508746846,0.0,0.3761803946474199,0.5249345867152344,0.3405012855091264,0.700255221027321,0.46479166904097424,0.4297551660866754,0.6929581653881327,0.6655867375121831,0.6647631728339704,0.3883135167141555,0.685210454422861,0.6461462198463415,0.40799239949165783,0.523611383911067,0.57621089804731,0.0,0.4223634709046973
0.42812865525652255,0.38423735041337326,0.9406883993691096,0.8100117348613785,0.4990101965941719,0.44628049284632987,0.4007863996989008,0.647675796485496,0.6722019190412151,0.7080007973496614,0.8113068366202565,0.6914988515725995,0.46137086693023194,0.42476820730361664,0.4588762207580379,0.554645520608974,0.4931912695497763,0.5631708186193808,0.7028747472167446,0.5034552055573871,0.6405253020155797,0.4878756249869067,0.556880898865229,0.6346127829755756,0.0,0.2664378351886765,0.695339837884435,0.48940416033580725,0.3410689331696469,0.4586585148433745,0.7019731850649995,0.24751353562229558,0.6713940713509272,0.5159048932728615,0.6309765227111236,0.3042367351912581,0.6464205969255299,0.5994455330069282,0.6299105694818372,0.6169051373411215,0.6865436049916273,0.6464461369935274,0.15198036146317717,0.0,0.3097840204722936,0.7133927462993279,0.7749633489318158,0.0,0.0,0.0,0.5400234038431839,0.4628562669631312,0.5293466325677663,0.42475343506084373,0.9313966235998712,0.47672903611549194,0.911981536283074,0.39919052107823855,0.0,0.6487752781573373,0.5812437667059448,0.921647234850036,0.8109814889562169,0.0,0.6478272560026058,0.5763243095565073,0.7684940402256695,0.4224661342256988,0.8232193968569352,0.7946589269848363,0.7817162263279979,0.4020696839200706,0.4846791187080672,0.41966707852029894,0.0,0.6550382233508716
0.3365531590194416,0.3522256748139874,0.7350320609589169,0.37551412366072245,0.4642998916400784,0.48063832612296664,0.3902383963731102,0.4984566321098201,0.733625600758273,0.6016921704868476,0.7838077662831295,0.3616720726406612,0.5176047774525621,0.31171523472728513,0.34623767095018226,0.5597275417266212,0.6398573551982851,0.4543219197921332,0.6944666157345512,0.38139206995996444,0.41269762680357913,0.23953617698558533,0.39471452357120296,0.4375246465605427,0.2664378351886765,0.0,0.5485711946978802,0.6446770788180454,0.4570294480396063,0.38715825794830105,0.4547734837546713,0.3264222767227182,0.5823146036032534,0.38828554136583077,0.4184298611741649,0.09788167761514366,0.32091161897169085,0.5089661804854724,0.40058241060887556,0.5380905330792669,0.5696677134368981,0.3517035074896122,0.07776187754570602,0.5178425404385366,0.31750758998952755,0.5222691238968777,0.635902414109213,0.7528489266435694,0.0,0.004011825484322528,0.6129018636622523,0.4777238959263418,0.3907814770423903,0.3910711478712563,0.8605040727835406,0.0,0.9061239995290044,0.5590971456554266,0.0,0.6565000569931325,0.4914761776417452,0.8162873555100727,0.7513411324029551,0.0,0.6324990572519574,0.5488641207416982,0.6084709245689472,0.3720752138592041,0.6601175961650697,0.7213599543904003,0.6716202377110936,0.5720295197920622,0.5215271138958688,0.7302684537552289,0.48708590103963817,0.57384664159945
0.356168767468061,0.4807487438241001,0.5801581856176892,0.6159299820465061,0.6482023574944804,0.3334387918273398,0.47717032250608415,0.5077547837971674,0.5338237196607967,0.5977020031513921,0.4195287482495992,0.6238583944982172,0.5062259774797349,0.5510176844248409,0.3764183169872496,0.572506495631407,0.7306986146032857,0.6814548651010345,0.44338594376603524,0.5784781087771231,0.5393711710549578,0.2717352351520856,0.25580280172884884,0.41396643384881415,0.695339837884435,0.5485711946978802,0.0,0.4655774617205136,0.40856619364865593,0.49327929594528763,0.5392118900165203,0.4932627432293887,0.4975299961741305,0.6695483991481326,0.7634778188516387,0.5116791391278948,0.5989433998970894,0.5540969163673652,0.4519817928704347,0.5235066150042198,0.5811932905563646,0.37133601580257947,0.7015115686039561,0.5905971814139868,0.3079680623039356,0.3528172604873346,0.5555229772160264,0.5667070854248706,0.34686331705421697,0.5820281339006291,0.5136167073391972,0.47230692604061064,0.5317635113450313,0.4849871438808224,0.6009541204889709,0.35607116520565907,0.4504069925543486,0.4892257663664964,0.7520893548760559,0.670933136219892,0.6429102041033085,0.0,0.41043605078730483,0.6397108845146608,0.6931078812791002,0.5878086643022059,0.6157406368587459,0.5067181384806461,0.0,0.5035504942779604,0.5022129420830972,0.541401410800798,0.4790757602788906,0.6086642675820413,0.36503864580563083,0.5424253498897071
0.6399487460596471,0.3549418778340252,0.7047408314001508,0.1897781007643656,0.48059979838085565,0.5793241298103052,0.6264060647280187,0.40240354898103214,0.6895053878620513,0.6014758787286104,0.701879478407901,0.611422151852671,0.26638791673013706,0.45237108411622684,0.413890729644086,0.441259771956213,0.7608594183281295,0.38882538735966277,0.7017537100898246,-0.07417194379462161,0.39170968082067287,-0.18976270336384826,0.42441463678603647,0.5493212168003505,0.48940416033580725,0.6446770788180454,0.4655774617205136,0.0,0.18982074340525207,0.3435115888038601,0.48176490619075585,0.3861598070272766,0.7204084343442863,0.267589474010074,0.37835346090175015,0.2927714629607093,0.2506416282993278,0.6405416482583103,0.19370711726814507,0.3212452274604425,0.3329315211010564,0.16898819107041543,0.703016466402709,0.47304706423386084,0.6832124523546887,0.5928575945572069,0.5694243772032173,0.594111846241803,0.0,0.759055548613624,0.5325058232226527,0.5494803263271402,0.40762373670071395,0.5884983628580596,0.5282935760915273,0.5404235926188524,0.4899292516999525,0.5154664801650988,0.41475230277309016,0.5319720473443726,0.415345552710971,0.3522822061179123,0.5538700232518368,0.6289774825943437,0.573361173056638,0.5364850686522374,0.42964840123517095,0.5317983349192745,0.4859268168783088,0.6971130420613477,0.5136442089347095,0.5205039098146825,0.48549271452453563,0.5026092298705198,0.4362560361317826,0.5387393719463558
0.5346304503707444,0.24222033575534543,0.5593268382086678,0.2790258806432811,0.5707407821025622,0.3959604289975861,0.3107718301659961,0.3839298251471478,0.36220171207373786,0.6454903268454285,0.7121140259888129,0.5290143076955962,0.36410907584970265,0.28787926016985843,0.41912350699258305,0.37571617343485586,0.30360961660333635,0.2610246361795509,0.4701423976469523,-0.25910923360296406,0.37686985944158174,-0.16557088281883828,0.48993300072176815,0.688416324845599,0.3410689331696469,0.4570294480396063,0.40856619364865593,0.18982074340525207,0.0,0.24561964046758275,0.19751620176299495,0.05635188430571622,0.1558367565932358,0.31301922132329657,0.4582410091759004,0.35069647914139856,0.358327946138446,0.5940094173825349,0.495362880086885,0.5067495946828882,0.5730603545813868,0.4619831179220513,0.4470873342132342,0.5131969162656043,0.45821640554373183,0.46127616427454887,0.46246386994609134,0.6157675834141014,0.47527268336640666,0.44842259390117634,0.5518404429038779,0.5254513250810546,0.48942979018641275,0.46214642602330125,0.43403084293989413,0.31582471085753666,0.5546643064308288,0.47614080356361144,0.5822231006002827,0.5644266524905002,0.5921584155207853,0.4831663609616911,0.5861704769086201,0.32094042008126145,0.6481939054806536,0.6052775339455064,0.46369435637629297,0.5776385822684558,0.4623402205219342,0.20822648027197665,0.5954452610250793,0.5536291829194769,0.420835395532692,0.5268858283318001,0.31270140056977624,0.5494472362728254
