0.0,-0.00912477437057757,0.01992269236582217,0.0,-0.005193628596384725,-0.013405673375871119,-0.010737452074384368,-0.019637644842593283,-0.005145321682936244,-0.01406817017128581,-0.012246592995638517,0.013178502008184267,-0.04686792754085567,-0.022094569373496187,-0.057765748908006176,-0.002021111213466431,0.03285584434723604,-0.01941860288628633,0.0,-0.016209586323458425,-0.01993765988984586,-0.015783500388862226,-0.029710234996446483,-0.02550945329167692,-0.01164771572286305,-0.04148263674115221,-0.03655612018682153,0.004766292499380764,-0.009508701974439704,-0.028273831065565636,-0.008582873426091764,-0.02701506194782255,0.00392686769435957,-0.017690919044990705,-0.016662376268899493,-0.027467644400104796,0.0006426930724706681,-0.0017764243649864286,-0.009878104735325521,0.016538644129314273,0.0007878404957054053,-0.021277313010477084,3.0231036476202622e-05,0.0,-0.008794696521977008,0.0005563018614332949,0.003307413985771168,0.0,0.0,0.0,0.0038457669188154964,1.1102230246251565e-16,-0.025539463650063488,0.0,-0.017836185042508113,0.0,-0.022219814687158668,-0.00885680184029991,0.0,0.020860594719283254,-0.007877764441448887,0.003207010382995923,0.0052632517174520665,0.0,-0.022620886964410003,-0.021111361150923047,0.006539957056932499,-0.01661680380478292,-0.017578870959040815,0.002783210252913837,0.006116389324781146,-0.01880949332197157,-0.0002817478916765648,-0.0058176278711057905,0.0,-0.012423397399902114
-0.00912477437057757,0.0,-0.008149071517848272,-6.0268114526251804e-05,-0.029499536289471162,-0.03145941859399648,-0.04381526794750501,0.024472377543225454,-0.023375456610468526,-0.0108796508147041,-0.006303569379112028,-0.006325132447551229,-0.04332073589068791,-0.0069758185164777164,-0.026314764306582805,-0.015472185440506936,-0.04809226341243528,-0.03317787854782911,-0.013516607203850228,-0.029445292877867957,-0.0035698828198458266,-0.03421031553102155,0.002159698603301674,0.00036279608745387604,-0.022764379071237406,-0.025247038675955513,-0.015324412509625462,-0.02930583876251691,-0.03352937816189455,-0.05918701652621505,-0.021221262844821343,-0.03183196215450956,-0.00632100332560398,-0.024020678292625774,-0.015118622615626964,-0.0042337500533338734,-0.0013377900895495398,0.0,0.0020721407539718295,0.009198378968790222,0.003420135872535257,0.001173994130581446,-0.009276493139800723,0.0,2.220446049250313e-16,-0.0004670959986828316,0.008520726959499791,5.4099656681350083e-05,0.0,0.0,-5.158338316257893e-05,-0.014697485560868306,-0.01792198736898859,-0.011642847990448402,-0.005430680943586563,0.0,-0.016730846422239265,-0.011442492406948834,0.0,0.026308791495871398,0.002199854118386857,-0.002258631665189581,0.013486860076154239,0.0,0.01228339266432954,-0.003931340712199971,0.0004719082721937329,-0.01920153993529422,-0.015999489498907837,0.00982001554252171,0.014180806724082451,-0.009504459893163009,-0.037219244286442854,-0.002772369317421697,-1.1102230246251565e-16,0.011874281762069894
0.01992269236582217,-0.008149071517848272,0.0,-0.005511591699426166,-0.010021604358475156,-0.05292859749389228,-0.0021889054874952296,-0.009260747636722133,-0.01568736749436067,0.00834362974389391,-0.0064979225853125655,0.030418708552507168,0.004711919214626714,-0.010682695293665612,-0.036014710785938986,-0.0033150699864659128,0.006392054193995411,0.022152651224732034,-0.0015505120058565969,-0.011509974934940825,-0.02981238416279025,-0.002358893172279497,-0.05792763987076471,-0.0020466843895339815,0.06924880564158398,0.018464287766806253,0.007472911352544742,0.004723097585100311,-0.014456240435018919,-0.005210616719100003,0.021194066664033173,0.0004089868873766722,0.012765298898201105,0.03172436541517931,0.037651640561897126,0.010721674371960144,0.012530167077819565,0.0006617534830301586,-0.011355249521867672,-6.191448093662011e-07,-0.025900560872529566,-0.028749035886023955,0.00015994598862378862,-0.014395627992929427,0.0,0.0,-0.00011925125369965928,0.09854248303128371,6.7899715986419196e-06,-0.0020258227935440187,-0.01893315713445065,-0.01718651980223651,-0.00016165867967099512,-0.002054747414461877,5.1076892912560456e-05,-0.03874545580181987,-0.026328363520961295,-0.01682211589953697,-0.01628881554948558,-0.00020109304356019653,0.0,0.0,0.0,0.09117594362691656,-0.017488070232652142,0.005324748303946247,-0.00030219586236712725,-0.0198703800642116,0.0,7.465885069551925e-05,0.0014782250050700552,-0.01122821354930903,-0.019692099943553254,-0.005220721994769251,-0.008500543846575725,-0.025540575065831073
0.0,-6.0268114526251804e-05,-0.005511591699426166,0.0,0.035107270035778904,-0.004872071478336515,0.015279548276239951,0.021603349036201924,-0.0006237882071447598,-0.020493442030912606,-0.008966692038182456,-0.03266422669701918,0.024438900975949918,0.0472491399676328,-0.016551678944814407,0.0007736881464714407,-0.0030820710387194916,3.0919419118979885e-05,-0.01737507971356067,-0.003999734793636189,0.000932186228030818,-0.013167703546921872,-0.02686025420049165,0.00535227205666533,0.00034672914267119825,-0.019229745463217096,-0.0029376996702813463,-0.03805677591905468,-0.023421066213514197,0.003473624978457046,0.09994924321760906,0.009302328261609372,0.0015551688894291371,0.015285651640610132,0.0446986126730462,0.03543413574676893,-0.008585338169211226,0.0013336359242415163,0.05523458128826647,-0.0006345982085421142,-0.018492949722450747,-0.0057411847124752,0.0004907292408182218,0.01216215552987232,0.0,0.0,0.0,-0.0009685846214534943,0.0,0.0,-0.013174688907651222,2.220446049250313e-16,-7.076320787419155e-05,0.0001397714026894481,5.551115123125783e-17,0.0328721825613042,0.010432634960988785,-0.0004186055436111169,0.0,0.0,0.0,0.0,0.0,0.0,0.0,0.0,-6.239186612777559e-05,-0.00037000781389739945,0.0,0.0,0.0,-0.01713096406225051,0.0019271791965190244,0.0026395978193113345,0.0,0.0
-0.005193628596384725,-0.029499536289471162,-0.010021604358475156,0.035107270035778904,0.0,0.006137245063064789,-0.04711851447753962,-0.032139276440862286,-0.02001838042411902,0.017031488143960216,-0.03189501265823563,0.00629058075409622,-0.03792693593407376,0.008822164807704758,-0.006047421196613723,-0.005590425386076903,-0.02838065792446237,-0.0234151182754625,-0.03262822796072434,-0.041248824011283824,-0.012726644885614424,-0.04486870519170444,-0.015203684191272937,-0.006833701297678352,-0.014345471595367698,-0.015790579581245523,0.007246987688058593,-0.01032934625113252,-0.007266359686150303,-0.014246822779933332,0.02952426776596112,-0.07186527912898594,-0.003139183704829629,0.022825204235754293,-0.002228255777264876,0.015942771185668003,-0.006183255689230338,0.03265998714231716,0.011619690345687272,0.011150749127023907,0.01853229486904706,0.0033397021540787497,-0.010901974410304327,0.05020366803576015,-0.0002000133294046691,1.1102230246251565e-16,-0.007669994244376421,-0.016340143738882484,0.0,-0.015798371067314965,-0.016593829381026937,-0.02358103710584758,-0.006244109848417001,-0.017412449387584183,5.551115123125783e-17,-0.05393745649729126,-0.0199532792222315,0.0036934672013220204,-0.011698391006826625,-0.0005830183112604526,-2.3449901437710974e-05,0.0,-5.551115123125783e-17,-0.025931300135845325,-0.005855381019895134,0.00019674541488629016,-0.011095377197641587,-0.013881179834145552,0.0,-1.9850530131315658e-05,0.005541780191994972,-0.008315307034518049,-0.025737826908946437,-0.031133565818623865,1.1102230246251565e-16,-0.013632805463330344
-0.013405673375871119,-0.03145941859399648,-0.05292859749389228,-0.004872071478336515,0.006137245063064789,0.0,-0.029914899283292995,-0.02130498734358316,-0.007362266094935177,0.007223688604412415,-0.015706147625843048,0.014456323449200892,-0.01918640519724879,-0.014558064121186653,0.004467812853181541,-0.033211296177570016,0.022705431616314276,0.0029105808101274055,-0.028699791710539213,-0.03420116259006223,0.017341101502547918,-0.04640852703024961,-0.026492870306357885,-0.0022682108026063075,-0.019492230397735177,-0.02747580445231823,-0.029366162434907195,-0.007120111894818593,-0.01089193343498518,-0.013589950532014006,0.002499796855720271,-0.008215202472131145,0.008047438504240445,0.007661684972036675,0.009916633902806282,0.0017685811281025199,0.002378367750261623,0.0056440589300856825,-0.008411203568514769,-0.011266481996682343,-0.025239467341336808,-0.035502655773121006,0.00906783333353739,-0.010057868525808422,-0.02689612077237996,-0.02034415221522362,-0.012825408863230248,-0.023622276779331153,-0.017921002290996524,-0.014152594956567177,-0.018128126928316945,-0.025566877785714315,-0.024567201890498935,-0.026539094188348433,-0.037900337755085334,-0.006980480023129787,0.010658482850417539,-0.026396693662572912,-0.03351216133295204,0.007265690090948573,0.0017661658327994267,0.0,0.002851089882883573,-0.00971008141460239,-0.00315627928209955,0.021226449152969618,0.0046272771290893355,-0.021569888113844027,-5.2460699381473574e-05,-0.0023872966758293757,-0.016883153649218552,-0.017037864336271358,-0.024520698504552962,0.0036180389336681884,-0.022911425007539954,-0.01978583974050585
-0.010737452074384368,-0.04381526794750501,-0.0021889054874952296,0.015279548276239951,-0.04711851447753962,-0.029914899283292995,0.0,-0.019997002259783625,-0.01604746999604828,-0.003468642573898395,-0.0023134730301788697,-0.018141802132802864,-0.062307795353191475,-0.015313661931408762,-0.005927809858686572,-0.033154652919761385,-0.021250215186858934,-0.034981130250461234,0.004368772991872605,-0.04625030887313586,-0.010798282981071161,-0.06014324387580283,-0.008196122471793188,0.02852109500581318,-0.03143871778775653,-0.03938940920774342,-0.010567435391004187,0.008413649444294957,-0.03807996137960157,-0.04060681119512444,-0.012836277869954338,-0.01684127417707021,-0.028505881825236,-0.011867208262337725,-0.0017459839096564123,0.0028472612308494405,0.0246330128412392,-0.003339343926482663,-0.013766335500544624,0.005495842142004159,0.04841970431546894,0.007818161975014726,-0.003955778543287436,-0.023897636803445366,-0.013518075627313275,0.0,-0.009326158102160642,-0.02035313455297616,0.0,-0.01664818799225437,-0.013813457741713164,-0.023515346940676474,0.0034241739664516158,-0.025769017676875505,0.0034455284995830726,-0.03226725605438602,-0.0030623320355698813,-0.022121877427779102,-0.003997365430536859,-0.02705744869194382,-0.01649353496757716,0.0,-4.2918354872023556e-05,-0.007423069271754734,-0.009418882467323308,-0.01627449929056446,-0.008234444897878557,-0.018588799410925783,-9.538568881356513e-05,-0.007547549625273653,-0.006520085065620518,-0.021341497166329382,-0.018461729870234866,0.007808109925881879,-0.011603072090712208,-0.0003096350283244842
-0.019637644842593283,0.024472377543225454,-0.009260747636722133,0.021603349036201924,-0.032139276440862286,-0.02130498734358316,-0.019997002259783625,0.0,-0.008289682521289476,0.016813624020917406,-0.020823232249716717,0.030354045921152262,-0.014451874767171802,0.010680748752030622,0.0028171249972373524,-0.0036094357586418657,-0.006548001480747079,0.014310459776597562,-0.003444725896498191,-0.03823712303265925,-0.02814222920910131,-0.011760383786663053,-0.02352088059822749,-0.009539024454538803,0.0038675723988192967,-0.017754508900851063,-0.017604205923966165,-0.027672849441818748,-0.019778502477825144,-0.029232272041058882,-0.0027735740772369954,-0.017579700541970833,-0.005716483995382993,-0.0040259757842665,0.00194659667991387,0.031204650956191793,0.007512651219536537,-0.017709332101135566,-0.024920041132751314,-0.0004692899468770606,-0.013339920470400501,-0.008776300932629821,0.0001605207570266609,-0.008123289882216334,0.0,-0.02685680936398538,-0.015215305780762467,-0.030544590999281696,0.0,-0.014353758300844677,-0.027358091979230337,-0.027143640910231026,-0.022822560569665862,-0.03679085147756345,0.00012421854034716517,-0.06225868465758433,0.00021226643472260776,-0.03256391722103957,-0.014155738006667307,0.0724854767378243,-0.02769232392305626,0.0,-3.9029137453239215e-05,-0.02828086129427626,-0.02698671438232292,-0.06624443638761124,-0.0275876365930805,-0.035003254482614155,-5.551115123125783e-17,-0.021489019288226163,-0.0035381245819887663,-0.028093835125580724,-0.04866813135942383,-0.028778113632836833,-0.02883791468195601,-0.04243838285352275
-0.005145321682936244,-0.023375456610468526,-0.01568736749436067,-0.0006237882071447598,-0.02001838042411902,-0.007362266094935177,-0.01604746999604828,-0.008289682521289476,0.0,0.019180891794356725,-0.025695634705720394,0.021444236505701098,-0.0347492707850271,-0.029130257639537083,-0.00885811718893853,0.023073043864849985,0.010952907529623912,0.03548410448427747,-0.03325039517106282,-0.028319387978248678,0.004548551201002282,-0.03950478182393641,-0.016580315027449777,0.017824983019687157,0.021454663529440754,0.01651956571363572,0.0011081465965515624,0.00525493084465628,-0.025714384949410585,0.018728115001747758,0.02542238834345678,0.007739186579367563,0.021050574185708326,0.03290967715551579,0.050387413365393874,0.0011631286318132816,0.02777406194476384,0.02503321898193117,-0.04458234546898271,0.015405361810294227,-0.035253593582281695,-0.014855914134082326,-0.001847828455941558,0.03319372731498771,-0.0067441242135306,-5.551115123125783e-17,0.0015578327313037765,-0.012743540265673703,-3.2619341934214674e-06,0.0029595886282519634,-0.02224443253769226,-0.020392084009267508,0.007540431211526255,-0.025908803522738943,-0.008324187383462633,-0.12664640981129832,0.025241786222786222,-0.03075254701096858,-0.0033199704109529438,-0.01041115294384709,-0.015803934374611528,0.0,0.0,-0.015374265514722874,-0.0019471364717779105,0.010419422380670784,0.007323268488026946,-0.017832427269996565,-4.0145677211278485e-05,-0.01148500027659094,-0.002614005180353818,-0.017929940280777767,-0.024221200337045168,-0.006325559154505944,-0.007014336417491496,-0.02290823497178429
-0.01406817017128581,-0.0108796508147041,0.00834362974389391,-0.020493442030912606,0.017031488143960216,0.007223688604412415,-0.003468642573898395,0.016813624020917406,0.019180891794356725,0.0,0.026600188023827964,-0.008195529711196248,-0.014061786020233835,0.006063773465621258,-0.018541370113535516,-0.0018895617355750294,-0.0006095251445276673,0.007537517337404986,0.004782649543919049,-0.004955896825728667,0.01963638407724899,0.004925968874738507,-0.0009943188039854833,-0.001742856714666563,-0.00479140855150062,-0.010315847160508873,0.008670020403029166,-0.006207442492838944,0.012205751218824445,0.017479601056549776,-0.012683090352508697,-0.016489621062170723,0.005246646595801596,-0.015596577971113135,0.0071145076235568094,-0.05137766515676184,0.0015666023273110397,-0.007732598012371195,-0.04778019518262161,0.018183515900972613,-0.024349866265031828,-0.042220095957533066,0.002460648526897924,-0.011915007012954448,0.020817992626974258,-0.03435753473402037,0.011043861863077542,-0.014848321190995106,-1.852171423000204e-05,0.000492650576147724,-0.03308758262768091,0.0032962656689466963,-0.0015569727432047098,-0.0035764783686419443,0.029914053143559383,0.03304923747689509,0.04427022353010768,-0.052634948284440264,0.0,0.03166171042122212,0.007140201844972827,0.03156444010514342,0.03378271987048337,6.088184526520379e-06,-9.891761413988176e-05,0.002226143797655622,0.004405564120029848,-0.004384522006839753,0.018674906181033346,0.044822666259555055,0.03319114662869466,-0.0013165037085669518,-0.03588528848244377,-0.030708768910927164,-5.551115123125783e-17,0.0047848380639776145
-0.012246592995638517,-0.006303569379112028,-0.0064979225853125655,-0.008966692038182456,-0.03189501265823563,-0.015706147625843048,-0.0023134730301788697,-0.020823232249716717,-0.025695634705720394,0.026600188023827964,0.0,0.018858230745591176,0.019581435192452867,-0.011845175912489403,0.0,6.847443602348013e-05,0.020675447015411186,0.01557670790268778,-0.03420122275288598,-4.708440975376149e-05,0.0029729553579280754,0.003953972515034487,-0.021436647194339686,0.026522327650502053,0.025272222324913607,0.016643292760866235,-0.024323175272988273,0.02048479917436996,0.03802747560471681,-0.00013207835018502756,0.03148307828569641,-0.03598304124320778,0.02683030886245702,0.03312564478409041,0.03746307041038843,0.004680144007734255,-0.003915858474913825,0.025098212313787394,0.015584358872462734,-0.006014763359558362,-0.005638445531176706,-0.011072967950975954,-0.003765200054865192,-0.02242656144356303,-0.004294146706199153,0.0,1.1102230246251565e-16,0.04195904427466224,-6.316337640699388e-07,-0.013653697596744896,0.00599778856986205,0.011208411625488135,0.018198215965605946,0.009234199472765325,-0.014508027226732945,-0.07374855365364497,0.03121178726464785,0.008807116310848129,-0.017571646473026337,5.551115123125783e-17,0.0,0.0,0.0,0.12201412468351336,-0.011857597218852434,0.0,-8.342298038349627e-05,-0.0011014842707471328,5.551115123125783e-17,0.0,-9.14642722127379e-05,-0.017131709149838414,0.010517139721447966,-0.015453154073444664,0.0,0.00364910454886197
0.013178502008184267,-0.006325132447551229,0.030418708552507168,-0.03266422669701918,0.00629058075409622,0.014456323449200892,-0.018141802132802864,0.030354045921152262,0.021444236505701098,-0.008195529711196248,0.018858230745591176,0.0,-0.012058284305547895,-0.04652343716403473,0.022927413423302068,0.027244973211831114,0.009195355677358796,0.006605858039959223,0.003905639220915802,0.005786513043448738,0.02713088011898601,-0.041054380110081334,0.03734089181855116,0.004742413397212264,0.0020161687272994833,-0.02830795893615351,0.0030136160774480447,0.005142958956975752,-0.008313022368871992,-0.037512366652168394,-0.009338869816376438,0.018896856626053116,0.034231197315348405,0.016991921481195493,0.024756553118568614,0.018497341332435413,0.013932639611645481,0.017349556928285298,-0.01579745063585547,0.005644792139802568,-0.006096053788507527,-0.004423757387917726,0.006739346534940183,-0.002647287459076164,0.0054849106333918485,-0.031091777179005242,-0.0022732514061614695,-0.017181913563374673,-0.003492065278383999,-0.006633615406595905,-0.011095571079300703,-0.012460641020890062,0.0002691053246456909,-0.011991884923908791,0.006791259346431766,0.06392750573224881,0.02842107529116855,-0.021297847217416788,3.990800701642039e-05,5.251605328543407e-05,0.0034873910463680824,0.019940971481881897,0.02854173138596211,-0.011504700842481674,-0.0036858304605782988,0.010652716504816306,0.0011301417184386153,0.03705832283179972,0.010301795534876035,0.03221163598551691,0.019123625170022862,-0.0035893907745946363,-0.009507930933653153,0.0017486401543670982,0.0,-0.0014107002506482669
-0.04686792754085567,-0.04332073589068791,0.004711919214626714,0.024438900975949918,-0.03792693593407376,-0.01918640519724879,-0.062307795353191475,-0.014451874767171802,-0.0347492707850271,-0.014061786020233835,0.019581435192452867,-0.012058284305547895,0.0,-0.009411178718381707,-0.0187209504452302,-0.02847352877358561,-0.012790604992217569,-0.02934922280087021,0.008572831067581721,-0.0475401455175789,-0.005982285431613665,-0.05926643287070593,-0.009399930570411719,-0.004494151698615612,-0.029334042824499862,-0.021995956408207784,-0.015574304019111251,-0.046635176865632566,-0.03616169026291438,-0.10241756953461051,-0.006042991313871926,-0.012515286642440004,-0.002646220827855872,-0.02100658229261143,0.015514281711406341,0.010299998677131827,0.015910368390908702,-0.008992317156136187,-0.04556325607692979,-0.0620611040706473,-0.05209867914684063,-0.04735562702284618,0.024235154885704158,0.0188145463586864,-0.0059726701839618035,0.013771454275052886,-0.012557674626807569,-0.01474596568514619,0.0,-0.013303491776341547,-0.018574553609528255,-0.024419429815303817,-0.033027392651103604,-0.019554193769033335,-0.01998457065850401,-0.013144051473810647,-0.06048948765002654,-0.02012190436828648,-0.0048927878989470375,-0.014108688832790817,-0.004706190224535556,-0.00518194884820683,-0.010791388806304758,-0.027009922488443083,-0.03453272808061658,-0.013911203165256847,-0.010471439362801094,-0.02113886205984311,0.003092990699507303,0.0006934012177109428,-2.935135381010312e-05,-0.02152413876217324,-0.04239150622656235,-0.010222763564487203,-0.015189615789479527,-0.017209631840306494
-0.022094569373496187,-0.0069758185164777164,-0.010682695293665612,0.0472491399676328,0.008822164807704758,-0.014558064121186653,-0.015313661931408762,0.010680748752030622,-0.029130257639537083,0.006063773465621258,-0.011845175912489403,-0.04652343716403473,-0.009411178718381707,0.0,-0.012705195376573664,-0.0006422868695089567,8.487323914047051e-05,8.017741910043563e-05,-0.016620442520578926,-0.005104964551826352,-0.021120402828772755,-0.004025317294066133,-0.034164034929159814,0.0023269771148525797,-0.0038658230908771296,-0.02187075819738643,-0.012814162071023594,-0.0011243690100427028,-0.015455434277728053,-0.0071044165816238625,-0.011759750423565418,0.02441176233362602,0.009473347756413397,-0.016697309486433776,-0.018209047370984055,0.07169906722850092,0.04702973910531799,0.015631179323434552,-0.027412607889336915,0.0,-0.000670112896896391,0.0004328342173688937,0.02207835999978952,1.818157004340737e-06,0.0,0.0,0.0,-0.016333520335396368,0.0,-0.010170324268675479,-0.014872441204366926,-0.034853222696138664,-0.0113058539777946,-0.03766626604926526,0.0,-0.05140724735000313,-0.00015740116402568338,0.005182106948082854,-0.005988153796229745,1.1102230246251565e-16,0.0,0.0,0.0,0.00036696675116393296,0.0,-1.1102230246251565e-16,0.0,-0.045672288592965404,0.0,0.0,5.551115123125783e-17,-0.09047061282058932,0.009525705151445407,1.1102230246251565e-16,0.0,5.551115123125783e-17
-0.057765748908006176,-0.026314764306582805,-0.036014710785938986,-0.016551678944814407,-0.006047421196613723,0.004467812853181541,-0.005927809858686572,0.0028171249972373524,-0.00885811718893853,-0.018541370113535516,0.0,0.022927413423302068,-0.0187209504452302,-0.012705195376573664,0.0,-0.02030220460905935,-0.006095261482252978,-0.02092673194705369,-1.1102230246251565e-16,-0.02895638222155711,-0.010168882503973908,-0.04022829022489166,-0.03605450429315388,-0.08220091978356597,-0.014586313552035657,-0.036333825122183694,-0.03453990022564618,-0.014761063335920865,-0.020649328975674064,0.0021719812523015025,-0.024784765755444693,-0.022466633560543015,-0.01820006290717824,-0.02252739102181306,-0.011246465157847774,-0.021939297471671837,-0.030218086459085303,0.00012374603789033767,-0.027107119530676238,-0.007784967712236579,0.0018331540852656314,-0.022940834315561376,-0.006465137766591633,-0.0049299849069625035,0.0,-0.011357410109892607,-0.025113075602740065,-0.0004064859286344036,0.0,0.0,0.004217621725644327,-0.002638218199781661,-0.01796260463472249,-0.005318227014743049,-5.551115123125783e-17,0.0,0.00042080991652976296,-0.009528423840291844,1.0354092794040426e-05,0.030435701452341035,-0.05126018023590506,-0.00036192460781775404,0.0014323473593144675,0.0,0.021205278697388197,-0.018376487848027423,0.006634329130019823,0.001786424883071347,3.7784609864144336e-05,-0.022552160066460547,-0.00867606734302806,0.005225960415332909,-0.021062804421629833,0.0011514512894744144,-0.03174500850798395,0.00943390476734407
-0.002021111213466431,-0.015472185440506936,-0.0033150699864659128,0.0007736881464714407,-0.005590425386076903,-0.033211296177570016,-0.033154652919761385,-0.0036094357586418657,0.023073043864849985,-0.0018895617355750294,6.847443602348013e-05,0.027244973211831114,-0.02847352877358561,-0.0006422868695089567,-0.02030220460905935,0.0,-0.006715403404619624,-0.04592405507725472,-0.0001722552510701747,-0.003516023651800204,0.0005216362570763522,-0.044067075005845446,-0.015808405488273225,0.013666913790324309,-0.014792155952607966,-0.016990949996034288,-0.012574381182391459,-0.023991322659901115,-0.028488127861854895,-0.009948521589749126,-0.017417610251153792,-0.03675328588130722,-0.022025644225628693,-0.03094171304079507,-0.03088962959944025,0.006004309380578776,-0.010518400104983894,-0.033866919553023844,-0.020398513386385653,-0.02923475037272444,-0.007113152686367974,-0.012721040166444153,-1.3500947002531571e-05,0.0,0.0,0.003500671334569827,-0.006391497430613291,0.0,0.0,0.0,-0.007637142210442094,-0.004641852073588637,-0.012589284917433274,0.0,0.05528389325217675,0.0,0.04184835555158967,-0.01210790466862699,0.0,-0.0032954452655747923,-0.026594505531403745,0.03172490954676149,0.0033209282542108753,0.0,-0.015209413954441253,-0.010763804543152622,-0.014263716045512131,-0.030184437383757978,0.014914569039603587,-0.0010198893468994497,0.007258106381544616,-0.03870623262704215,-0.013759682461314204,-0.025467742483542444,-1.1102230246251565e-16,0.0008847522513216743
0.03285584434723604,-0.04809226341243528,0.006392054193995411,-0.0030820710387194916,-0.02838065792446237,0.022705431616314276,-0.021250215186858934,-0.006548001480747079,0.010952907529623912,-0.0006095251445276673,0.020675447015411186,0.009195355677358796,-0.012790604992217569,8.487323914047051e-05,-0.006095261482252978,-0.006715403404619624,0.0,0.0073736736413614334,0.008056328476858776,-0.001566486430594316,-0.008343055056940274,-0.00271459598729501,-0.012515762910919992,0.03452648993726393,-0.01493472759534109,0.006053647956288877,0.02572985008045897,-0.0035816016824124497,-0.01657350866682794,-0.007938469105758572,-0.0021770452939108287,-0.010498104961892185,-0.007590004412806772,-0.0073315625690053565,0.024036037221717543,-0.03260679838003405,-3.743776146730715e-05,-0.011038217711475562,-0.00867097947469192,0.041166890143438384,0.037419786306934544,-0.007191180264186414,-5.551115123125783e-17,0.0,0.010056346154539209,-0.009139581679383224,0.02198817619787352,0.0,0.0,0.0,0.0,0.0,0.0,0.0,0.054320005757306,0.0,0.041921669311625887,-0.004761410697458002,0.0,0.00015081722558413224,0.006191955604901878,0.04683233238216017,0.03478565229216818,0.0,1.1102230246251565e-16,0.0,0.013428761731962557,0.0,0.02715395830958145,0.04503987693426492,0.035706084300368146,0.0,-0.015097852367074782,-8.136438081723929e-05,0.0,0.03484572638551031
-0.01941860288628633,-0.03317787854782911,0.022152651224732034,3.0919419118979885e-05,-0.0234151182754625,0.0029105808101274055,-0.034981130250461234,0.014310459776597562,0.03548410448427747,0.007537517337404986,0.01557670790268778,0.006605858039959223,-0.02934922280087021,8.017741910043563e-05,-0.02092673194705369,-0.04592405507725472,0.0073736736413614334,0.0,0.01001633340801622,-0.02303802178240777,0.02311385028062307,-0.04754039488883138,-0.0008475132054231449,0.007108508352895226,-0.011761174463707003,-0.01655276961298985,0.00048171257545992496,-0.023955534268561174,-0.03598826735193483,-0.016727469373194026,-0.007599229889320547,-0.024271432681198912,-0.009033148201084695,-0.014151093355745048,0.0017982396298786285,-0.06289020078081614,-6.239508377814396e-05,-0.014636201610791655,-0.010754138393643364,0.0033199198077566994,0.016995840749419122,0.019011172189018877,0.0,0.0,-0.01726831795038919,0.010314404364461571,-0.0013058699600456691,0.0,0.0,0.0,-0.006837813238628754,-0.00026314009839778496,-0.0003613815355872352,0.0,0.06201283888026171,0.0,0.04661169078296279,-0.007262708365418147,0.0,-0.00912218340883214,-0.00746921260679817,0.05555851739054429,0.030563173510511965,0.0,-0.012142659260574451,-0.0070287042454229565,-0.0017235235667071858,-0.06405689524013847,0.02109706849320725,0.027324150226319788,0.021194644691637066,-0.04697360550260987,-0.0011895143395597718,-0.018833497020151857,0.0,0.00857523594220333
0.0,-0.013516607203850228,-0.0015505120058565969,-0.01737507971356067,-0.03262822796072434,-0.028699791710539213,0.004368772991872605,-0.003444725896498191,-0.03325039517106282,0.004782649543919049,-0.03420122275288598,0.003905639220915802,0.008572831067581721,-0.016620442520578926,-1.1102230246251565e-16,-0.0001722552510701747,0.008056328476858776,0.01001633340801622,0.0,0.0004159519485371077,-0.01079327673170749,-0.014374823527059266,-0.04367560594037945,-0.005826997523015021,0.007757584609725754,0.00750716994095274,-0.020614161956048038,0.00885320886281371,-0.00882486121015802,-0.009693337848828143,0.02171655235679043,-0.019637113926277316,0.02053986777400696,0.022005834205081787,0.022276107457336936,0.008464456123419228,0.0057864517167002805,0.01740765985810827,-0.014649872199232361,3.52553744363826e-05,-0.07876422939868893,-0.025006428408440973,-0.009886789107626692,-0.014231675939438915,-0.0004995374400009189,0.0,0.0,0.03492007608546621,-5.551115123125783e-17,-0.011038539714811835,-0.025571606036238093,-0.021211674561296356,0.025712921866055227,-0.010183912832948283,-0.00011260703759369273,-0.19852173256550237,0.0163913963016461,-0.03904095154677795,-0.0034942257687118894,2.220446049250313e-16,0.0,0.0,0.0,-0.031564452303185664,-7.003896701673895e-05,0.0,8.974158838365165e-05,-0.011582216076792773,0.0,0.0,-5.551115123125783e-17,-0.019617573638756602,-0.030748041166560047,-0.013811342112493019,-0.00024146341893571677,0.010266967861565335
-0.016209586323458425,-0.029445292877867957,-0.011509974934940825,-0.003999734793636189,-0.041248824011283824,-0.03420116259006223,-0.04625030887313586,-0.03823712303265925,-0.028319387978248678,-0.004955896825728667,-4.708440975376149e-05,0.005786513043448738,-0.0475401455175789,-0.005104964551826352,-0.02895638222155711,-0.003516023651800204,-0.001566486430594316,-0.02303802178240777,0.0004159519485371077,0.0,0.01877929797853506,-0.05491652652301743,-0.025408921073189705,0.02166267143313616,-0.01601493365570905,-0.029998246594651112,-0.009132639500938344,-0.10155563600912015,-0.10477092165591845,-0.09880625006528501,-0.016583220455204273,-0.03040180826884259,-0.025737007363403175,-0.01593946790019496,0.000990035316357718,0.013052381141023028,-0.00273900093414714,-0.05063913545214915,-0.04896333572705347,-0.0017133141234023097,-0.02208442210897099,-0.025918101628557066,0.018102542140933764,-0.009867983241674982,-0.00029187757273357873,0.004242165068367165,-0.007308009342154365,0.009770059144339205,0.0,0.0,-0.005808000184324258,-0.015435976201030155,0.002909436340512439,-0.0030310872957048374,0.000240477501846581,1.1102230246251565e-16,-0.007928452166567457,-0.01622715360325666,-1.1102230246251565e-16,0.011708648469818395,-0.03187554290111594,2.1477092931931896e-05,-0.040914325840832266,0.0,-8.16220881548202e-05,0.007732128581045383,0.011809687509331146,-0.004173510516867263,0.0,-0.01005185278051407,0.012755292027110732,-0.0026601642671068015,-0.023801530772044388,-0.009757819904758158,-0.042411832797849935,-0.004160530835015552
-0.01993765988984586,-0.0035698828198458266,-0.02981238416279025,0.000932186228030818,-0.012726644885614424,0.017341101502547918,-0.010798282981071161,-0.02814222920910131,0.004548551201002282,0.01963638407724899,0.0029729553579280754,0.02713088011898601,-0.005982285431613665,-0.021120402828772755,-0.010168882503973908,0.0005216362570763522,-0.008343055056940274,0.02311385028062307,-0.01079327673170749,0.01877929797853506,0.0,-0.01654685878063139,-0.02967133447238207,-0.0008374039400546041,0.01498027650869127,-0.030279959958172176,-0.013775466930441793,-0.020850574712008407,-0.01888504618722603,-0.011104863101181695,-0.008928608033364205,-0.017571832985488534,-0.01248938214680112,-0.016989934217699898,0.003840814589687158,-0.021900937170532764,-0.018660590175764435,0.0377663592803959,-0.014624765043295018,-0.019457786778924957,-0.03315964171456531,-0.0517680154920373,-0.021962990298698137,0.0,0.0,0.002271236610524252,-0.011336426561671109,-0.007682179538548162,0.0,0.0,0.003831702377910473,-0.005711478595220698,-0.039322569723587,0.010219294438161719,-0.010837770013660264,0.0,0.004078154283995439,-0.03395787334359013,5.551115123125783e-17,0.007682632760317498,-0.03748033574086068,0.0,-0.00944702459063479,0.0,0.004810958805885723,-0.007401004455786231,-3.592093257509532e-06,-0.00228078268214138,-0.004982469818747004,-0.005221020589464387,-0.01041821228914136,0.008549711926579717,-0.0428442829634757,-0.0006038722163783095,-0.03758537800485817,0.019028039131636865
-0.015783500388862226,-0.03421031553102155,-0.002358893172279497,-0.013167703546921872,-0.04486870519170444,-0.04640852703024961,-0.06014324387580283,-0.011760383786663053,-0.03950478182393641,0.004925968874738507,0.003953972515034487,-0.041054380110081334,-0.05926643287070593,-0.004025317294066133,-0.04022829022489166,-0.044067075005845446,-0.00271459598729501,-0.04754039488883138,-0.014374823527059266,-0.05491652652301743,-0.01654685878063139,0.0,-0.036217643772402164,-0.006069065691422237,-0.026428141182529286,-0.047082682921844254,-0.03597090343149861,-0.1490181625831291,-0.09676234819412904,-0.12581059285817503,-0.026238690450907765,-0.03460076642813803,-0.019246435288134023,-0.021644947645956314,-0.01320427906160293,-0.04961780812801486,-0.016267481545101714,-0.06802868207993279,-0.038104554807206314,-0.02027484917372585,0.0002063821655332032,-0.02080435888854082,0.03838826901018266,-0.004324323554224019,-0.00015699753461279053,-0.019509592025937605,-0.005499084853322844,0.011097953897824586,-5.693588685684592e-06,-4.840556003599117e-05,0.0021051273578930885,-0.01779857271692925,0.005171324808683986,-0.0077184048165011565,-0.012189244438148283,0.0,-0.017088314045526964,-0.017331198383067348,0.0,0.0073424384271090215,-0.026895613341673563,-0.004350604999349694,-0.004302734105503192,0.0,-0.006543273365805069,-0.006297885698385963,-0.0004992124893983263,-0.010937891146415246,-0.014336095021742212,-0.0009436507432321606,-0.004091792604182465,-0.004519687518969806,-0.03308390060099964,0.0001495961930042533,-0.0048911945382686395,0.0016737500580434883
-0.029710234996446483,0.002159698603301674,-0.05792763987076471,-0.02686025420049165,-0.015203684191272937,-0.026492870306357885,-0.008196122471793188,-0.02352088059822749,-0.016580315027449777,-0.0009943188039854833,-0.021436647194339686,0.03734089181855116,-0.009399930570411719,-0.034164034929159814,-0.03605450429315388,-0.015808405488273225,-0.012515762910919992,-0.0008475132054231449,-0.04367560594037945,-0.025408921073189705,-0.02967133447238207,-0.036217643772402164,0.0,-0.010903361988009064,-0.009335059910099086,-0.03139627107644549,-0.037457311075435706,-0.02262441326394926,-0.015155729477152935,-0.011307538063472511,-0.0007625562285898391,-0.013892889030910793,-0.020097734518781885,0.0013345132911876667,0.01972423849382926,-0.012325975785784538,-0.015917608562430685,0.017592165218176914,-0.013306790421303172,-0.034479344376918464,-0.011399617285687391,-0.005355666716366003,0.004071306849214862,-0.01759713078041153,-0.00761342068706794,-0.014416374479558625,-0.012283591498709834,-0.00612999314343976,-0.014354216951231347,-0.008419337441441632,-0.02419068481847786,-0.022903695263809642,-0.02848937556280945,-0.03498935828617444,-0.038193222193792176,0.000327302444718236,-0.0327176614671984,-0.026025226456666217,0.008169854641004282,0.005725869290325758,-0.0274649495992611,-5.22454037857889e-05,-0.005948889786127398,-0.0003650744452649013,0.006323237702092976,-0.01733113956544441,0.0039088525993885015,-0.018783288790254093,-0.00020134338409910635,-0.007505015637592705,-0.012202506806634872,-0.020094923267311826,-0.02891137954525358,-0.009512374539592638,-0.03122205807281303,-0.016047616941048393
-0.02550945329167692,0.00036279608745387604,-0.0020466843895339815,0.00535227205666533,-0.006833701297678352,-0.0022682108026063075,0.02852109500581318,-0.009539024454538803,0.017824983019687157,-0.001742856714666563,0.026522327650502053,0.004742413397212264,-0.004494151698615612,0.0023269771148525797,-0.08220091978356597,0.013666913790324309,0.03452648993726393,0.007108508352895226,-0.005826997523015021,0.02166267143313616,-0.0008374039400546041,-0.006069065691422237,-0.010903361988009064,0.0,0.0032312094568007765,-0.010105592748709091,-0.018532948938842997,0.0016209552775451885,0.004300317423465094,-0.007929070955073003,0.0014438348143183122,0.04138637906603204,0.040471406406490384,0.01028633790206096,0.04671926471359156,0.1163549189507519,0.027786943532373654,0.018698927359793643,0.02590949336756615,0.009404826931746324,-0.01751209573497786,0.032566762536343385,0.007824377533477422,-0.005018168419700042,0.017689830644413873,-0.005151505217086516,-0.0032506682181107083,0.0,-5.551115123125783e-17,0.00020635977347982504,-0.0029540375792896367,0.00017683012441072066,-1.6653345369377348e-16,-0.0003676122572698337,-0.013455887574677805,-0.00027043589529129886,0.013687328823568712,-0.019048722165357856,0.0,0.0006623500291395579,-0.001283786338261983,-0.02523144587095877,0.015940947427886543,-2.514753460014507e-05,0.0006872087712019304,0.01962303564861423,0.016594442819063027,0.0006593423568919676,-0.02139002490138525,0.009682888497896558,-0.001727005157048933,-0.0011529028973318312,-0.016733922279188296,-0.015866001689235965,0.0,-0.03364905922726774
-0.01164771572286305,-0.022764379071237406,0.06924880564158398,0.00034672914267119825,-0.014345471595367698,-0.019492230397735177,-0.03143871778775653,0.0038675723988192967,0.021454663529440754,-0.00479140855150062,0.025272222324913607,0.0020161687272994833,-0.029334042824499862,-0.0038658230908771296,-0.014586313552035657,-0.014792155952607966,-0.01493472759534109,-0.011761174463707003,0.007757584609725754,-0.01601493365570905,0.01498027650869127,-0.026428141182529286,-0.009335059910099086,0.0032312094568007765,0.0,-0.022762306559322265,0.0048131214876615536,-0.014575427214016778,-0.025471297456547137,-0.004944876012066057,0.006977130165873091,-0.023454543229429414,0.005373895565933318,-0.002622957942145898,0.010466997927625454,-0.03583498161081533,0.0026479280655674065,0.015228439408431438,0.0013368213331529377,0.012928326491353004,0.017953185604498323,0.008593918798414868,-0.002694598183938024,-5.551115123125783e-17,-0.013518003464377093,0.007553692188168759,0.01709902979564376,5.551115123125783e-17,0.0,2.220446049250313e-16,-0.006674066473018714,-0.006210875500254509,-0.01789971646878452,0.0003524713780776456,0.058664475653030124,-6.784504336077024e-05,0.04463246097337542,-0.009326979771388577,0.0,0.00810024614115784,0.00025813606165348,0.054971400870210185,0.0281501765851086,0.0,0.0030088123065400985,-0.0014488013641058006,0.01998524672825258,-0.01732413241674502,0.027193462355019626,0.023822285465266713,0.017962657492372303,-0.013527705078271501,-0.015096605566302101,-0.006576081436827974,0.0,0.007244683037562094
-0.04148263674115221,-0.025247038675955513,0.018464287766806253,-0.019229745463217096,-0.015790579581245523,-0.02747580445231823,-0.03938940920774342,-0.017754508900851063,0.01651956571363572,-0.010315847160508873,0.016643292760866235,-0.02830795893615351,-0.021995956408207784,-0.02187075819738643,-0.036333825122183694,-0.016990949996034288,0.006053647956288877,-0.01655276961298985,0.00750716994095274,-0.029998246594651112,-0.030279959958172176,-0.047082682921844254,-0.03139627107644549,-0.010105592748709091,-0.022762306559322265,0.0,-0.019926125057049215,-0.007474759696497635,-0.024263058097871548,-0.009155001296930254,-0.01686350487560362,-0.037462855449495125,-0.0051936781630733675,-0.02192181465173859,-0.023994335718164284,-0.07119733038060244,-0.021741436910038103,0.006725784249866751,-0.02427088424929963,-0.0011315164423028046,-0.0076596430121025905,-0.018167636853081426,-0.04792349234648413,5.497060417042343e-05,-0.018215294710198227,-0.014389567337276032,-0.0103381203995494,-7.397778514328657e-06,0.0,-3.3645091225664725e-05,-0.007856763619419782,-0.012126166457757104,-0.016295324959608115,-0.01594706859764694,0.041414472884120146,0.0,0.03218781360169054,-0.015214496937296595,0.0,0.000880320367833809,-0.0185712764682599,0.03719003990629549,0.019848577113036947,0.0,0.002827538195682988,-0.03225007823308429,-0.01798387504395188,-0.03333593074445951,0.00393590017547063,0.011179071560956377,0.00389160587312376,-0.012465986929783512,-0.006582927460970778,0.0045897266895656985,-0.00018067614909300644,-0.0015340809003496214
