0.0,-0.025818798490253814,0.00970247013508091,0.0,-0.006711946706397243,-0.053867190042462654,-0.04678864405012978,0.018429378974787802,-0.0006111263997207184,0.009210616465361643,-0.006708926035374374,0.01054473074951151,-0.04338542453577682,-0.016445186784217913,-0.03928084230510054,-0.02875254605995714,-0.008778717173305639,-0.020764004299199335,0.0,-0.03418732657154783,0.019490080913432073,-0.027914043058701876,-0.00032243814164023554,0.003555779096785172,-0.028438532789294313,0.0015414481072020814,-0.01577436327959686,-0.044251654599579304,-0.033812904424671386,-0.03327388753351007,-0.02160358974096377,0.013796546631353102,-0.02114600935090688,-0.004777622322206965,-0.0026769680701852483,0.004094096508789502,0.000479435005027562,-0.007094718455130045,0.0032145436996159904,0.006001491116804314,0.002864952802489107,-0.006864648726509048,7.188470754426746e-06,0.0,-0.011267290767868698,0.0011363382653032938,-0.008430983201046127,0.0,0.0,0.0,-0.021432191919786292,1.1102230246251565e-16,-0.025251138884574198,0.0,-0.03363286803574883,0.0,0.010716103361970652,0.002648128194885191,0.0,-0.003765417291112627,-0.0028261749636208644,0.0051727369950616,-0.02817782435690991,0.0,-0.011772442334856081,0.04302911333779147,-0.015017550837804039,0.01945458030345465,-0.016925800983362493,-0.00817637555392381,-0.016650887713237583,0.0010054845889839736,-0.00022308445085733597,0.005100062990039345,0.0,-0.014371120044274488
-0.025818798490253814,0.0,-0.040027428771256646,-1.4330821208830002e-05,-0.0033131858013912274,-0.03959013087600305,-0.046855211041247125,-0.027718147770504242,-0.032964635109033635,-0.024608060845858704,-0.007992155139682378,-0.003358512415290449,-0.04780571643005094,-0.007309131800408097,-0.04075037688103317,-0.025550915505309135,-0.0014612091375573732,-0.030928662698138654,-0.021412502320385385,-0.016001009690440937,-0.01189515102633465,-0.01549363051156255,-0.05123050550725622,-0.01211486447489929,-0.029688325339404686,-0.01623824938547852,-0.028176972423426705,-0.05594832297674024,-0.023866273863875354,-0.04271179320741486,-0.026729938406899245,0.0022161392820296277,-0.023266287451956025,-0.018977831415677326,-0.0009610467213370111,-0.006469178227347661,-0.0011610945889100055,0.0,0.009828398427832563,-0.002777781576292604,-0.006554928834901663,0.011801951551745182,0.005544663722260368,0.0,2.220446049250313e-16,-0.0029090259758697834,-0.010194909813854347,1.298305269659128e-05,0.0,0.0,-0.02696016102530635,-0.0026015118757772293,7.842704476590523e-05,-0.004903104109475753,-0.01502877931659613,0.0,-0.0211717155495727,-0.0440542369738991,0.0,-0.017448562431941927,-0.005764906870333653,-0.0039003232126081366,-0.04136583685590178,0.0,-0.009032737464946872,-0.006251831865769442,-0.014398032450574416,-0.016014465532199373,-0.018715591359805328,-0.015339666564067544,-0.016541067070437843,-0.0173856430781269,-0.027572163033346697,-0.015499189562970306,-1.1102230246251565e-16,-0.007773394610314122
0.00970247013508091,-0.040027428771256646,0.0,0.013686551046461104,-0.00040011351021557173,-0.011644493980656145,0.0003828458963272552,-0.07521080173232209,-0.004122191686423582,-0.009880937104973675,0.0050335421962537374,-0.0009985559369483088,-0.015052786649560279,-0.04356745930398709,-0.009707379535403127,-0.008230650189604782,-0.016581822119685896,0.012664521278985541,-1.2338085663199383e-05,-0.010724791632070296,-0.039984826162848874,-0.03652601811679507,-0.06004923069495072,0.0002978419461848736,0.007254475794694126,0.0035170842569562932,-0.05567135712447796,-0.0273491824122285,-0.041856076620970795,-0.032798852418283675,-0.020997970137379418,-0.022083444607849445,-0.002217126475082265,-0.021961508820872278,-0.03701425729660035,-0.04411092820845963,-0.002525910062571357,-0.03973163650855843,0.0018919314654081143,-1.4722301561187479e-07,0.015265115449956013,-0.05440078072654919,0.008542455937588511,0.034383195034661196,0.0,0.0,-6.0095750091415656e-05,0.08984387805037802,1.6145497457875635e-06,0.027653418279235953,0.004095689201731867,0.006518469081206346,-0.0018820248400572837,0.014587398269200746,0.00043518920506180336,0.06506954626139383,-0.01303839710799376,0.003244167842234802,-0.004825215310865605,-0.00015174104579013248,0.0,0.0,0.0,-0.03975777970022498,-0.0022950020070738875,0.005971028086322605,-0.0002598517602447892,0.0021840003257348473,0.0,7.213027993169252e-05,-0.0011357251979175476,-0.004538154722107723,0.001193598167682497,-0.06553959823871452,-0.008946054505858947,0.003604440334731507
0.0,-1.4330821208830002e-05,0.013686551046461104,0.0,-0.043196962306245784,-0.025054478574537353,-0.06523370638033493,-0.037442382739443336,-0.009800908010130949,0.05213058508122237,-0.026879713839314978,-0.004542987434416834,-0.009649158422164239,0.022703242063288942,-0.01722569464873408,0.000527222976951347,-0.06158415707531256,7.352157451068209e-06,-0.04215063807901176,0.024023220388201483,0.0005092369542700204,0.00017230827540581917,-0.006896794203924472,-0.04880011688608957,0.00040958822925102334,-0.011672425269570574,0.015104441497735044,-0.022535705271314405,-0.0014026269237477074,-0.004206803423419836,-0.052878724473283345,0.001729119876918206,-0.11207010294144687,0.028223404478794567,-0.005327716163217089,0.01594191504909545,0.0006472329197299287,-0.056357557237711686,-0.013983145496884009,-0.00010997237362231349,4.130905869870194e-05,-0.012832909775275125,0.004125381872655209,0.0019690658317257914,0.0,0.0,0.0,-0.0007101607819524625,0.0,0.0,-0.014459368952977836,2.220446049250313e-16,-1.68263913377098e-05,-6.278630399486618e-05,5.551115123125783e-17,0.006983852692257042,-0.008131170405106136,-0.0003392436656899367,0.0,0.0,0.0,0.0,0.0,0.0,0.0,0.0,-1.483581634148523e-05,-0.01423984969302683,0.0,0.0,0.0,-0.02566957598555386,0.0014688582157220686,0.002519871959209219,0.0,0.0
-0.006711946706397243,-0.0033131858013912274,-0.00040011351021557173,-0.043196962306245784,0.0,0.006016336510107634,-0.01592907579834002,-0.019594169263354666,-0.0013663160371152339,-0.006672565594333435,-0.031307903033593154,0.02433130006741907,0.02084986347641199,-0.002965353066955889,-0.00977512294327737,-0.03220741144153477,0.0018178635007803368,-0.03326025941351607,0.0045070699932723834,-0.021458295191897292,-0.03317281224490981,-0.03465182034927117,2.0728713204964944e-05,-0.02429546319768916,0.006225473729016551,-0.02879495142155092,-0.006642651120872367,0.005997291818039097,-0.041490100848891265,-0.02159565323520829,-0.011424601555764857,-0.01813928460798181,-0.0203131901398792,-0.010654881945826533,0.0053142327932794164,-0.037860580382114345,-0.0943902386238096,-0.0068656524283849385,0.03085925213857893,-0.005821426359281179,0.013003381139130077,0.0027960610995327317,-0.001999826893892609,0.02812878960334514,-4.756006199307938e-05,1.1102230246251565e-16,-0.005741563805858274,0.0035377622449510593,0.0,-0.026225446256278928,0.010333499528893286,0.010081446221641088,-0.00547405920834293,0.0020341419472514888,5.551115123125783e-17,0.02010993288263968,-0.004410784398188483,0.012931970987110297,-0.02814762866022913,-0.0011854116233794842,-2.3627305874962534e-05,0.0,-5.551115123125783e-17,0.020372666681728102,-0.006280545188203257,0.00017241040264620588,-0.0032147594243711053,0.0046856428593753385,0.0,-4.7201476344183035e-06,0.003980418266233576,0.0010495138910761037,0.00240672039328399,-0.0169809752189643,1.1102230246251565e-16,-0.017735474302269738
-0.053867190042462654,-0.03959013087600305,-0.011644493980656145,-0.025054478574537353,0.006016336510107634,0.0,-0.010132595521082755,-0.016014364652502444,0.003868594919458679,-0.018071646133967167,0.00955172527018272,-0.0029863331260011616,-0.022704954166517965,-0.02960536936321262,-0.025816868503476142,-0.03524548267406319,0.011560803193181257,-0.019907957127779652,-0.02721302061011749,-0.015870319058923,-0.032286404287558246,-0.02832724427329153,-0.02291678245321449,-0.042157105839506714,-0.05398315958835842,-0.05561949410833256,-0.0286646281260019,-0.02593042877825852,0.003510244069819257,-0.02360793997070082,-0.015259336057810435,-0.015730161841458312,-0.022183239837985536,-0.017585661577894873,-0.009458507442604291,-0.0027495609776258534,-0.028580337402485334,-0.0365331266560483,0.007146050299514983,-0.01882193770557683,0.013256252787390843,0.024186752359453667,-0.073692282609998,-0.00947682936590255,-0.02807841879317652,-0.045468340712384925,-0.03170838220607902,-0.025760444815862815,-0.007787498093131617,-0.003850672547217049,-0.01190440810672344,-0.009548533445111418,-0.00831631145914341,-0.022545057270761837,-0.037212282442295186,-0.019724147164255024,-0.021890676046055435,-0.014462689705017295,-0.002156951487901737,-0.035697673524964224,-0.02584202232938715,0.0,0.0026353100542804153,-0.03427384935530814,-0.015382945004418114,-0.06296188523613594,-0.027952075894164208,-0.013415015987077616,-1.2474339196377748e-05,-0.025904601505713276,-0.04322940411977577,-0.01978582653942046,-0.00820410008435346,-0.014122890369880459,-0.005404556901421664,-0.0017703467011779273
-0.04678864405012978,-0.046855211041247125,0.0003828458963272552,-0.06523370638033493,-0.01592907579834002,-0.010132595521082755,0.0,-0.01772300670871807,-0.01141971570590683,-0.02754833663033046,-0.004954529789213624,-0.01344722649451141,-0.018387425448474104,-0.0368243952380069,-0.02286199759644536,-0.04368141765499112,0.008782470866987857,-0.04165611924680446,-0.002549308853618315,-0.0294843890157534,-0.04197944367568507,-0.04605899704052757,-0.008479199389572811,-0.04191347417797625,-0.056138800052359994,-0.04924054693986257,-0.016573031446359188,-0.03140794698112542,-0.04415486121150641,-0.017093380839090067,-0.015120647268127618,0.006716436204938392,-0.04263951444945119,-0.01575522685096853,-0.00589031961561054,-0.03793580969801602,-0.08168634074105618,-0.033596165881418505,-0.022180220436882947,-0.043426003441734085,-0.04737749915160733,-0.0847855749693412,-0.002367160095572085,-0.05118388270543539,-0.04232322134322947,0.0,-0.032073229364806555,-0.011396311775269341,0.0,-0.040769846490948336,0.004080151635996843,0.0005292265004912533,0.016394431893759664,-0.015486229296441723,-0.002929511674977292,0.01674875637455725,0.010375962099175573,-0.018063658960431106,0.0024127596531380857,-0.0014271898803295824,-0.010413704234531584,0.0,-1.0205317937717062e-05,-0.04558071515706957,-0.03757162619682791,0.0023998836083985453,-0.007897539344645987,-0.0006203613322149915,-2.2681234729426958e-05,-0.006797439405821282,-0.03289775402267403,-0.005976196910292886,0.0036634646470592447,-0.018695006877111786,-0.011211753420304449,-0.008977444097325482
0.018429378974787802,-0.027718147770504242,-0.07521080173232209,-0.037442382739443336,-0.019594169263354666,-0.016014364652502444,-0.01772300670871807,0.0,-0.01905279558694123,-0.010722866503355521,-0.02053533221024101,0.032650832911654215,-0.014506708690657566,-0.005771797365301645,0.007073813177921995,0.006894694634270004,0.024303530790292516,0.018387458300346327,-0.09415109000950689,0.0009262721539698426,0.004276281690733297,-0.0008981315721475203,-0.025905252539472456,0.02255307947238172,0.00023659899963546227,0.008757230717879039,-0.025113820031437084,-0.032219233618575815,-0.054458540143906,-0.014575583529869318,-0.00539302417619919,0.006788456190901515,0.04262090798621904,-0.005857361390966376,-0.046002176613326395,-0.01810888845503461,-0.14484051503183407,0.0001846257082883107,0.012930915858500924,-0.004203902130924697,-0.006867552811733735,-0.011352619142700249,-0.029426310889031138,-0.0030943631887140888,0.0,-0.01566940414218876,-0.0299277141028938,-0.007420277410679188,0.0,-0.030081132427737967,-0.004216531889026431,-0.008144226637186225,-0.016910904959704764,0.006554406062220908,2.9537238828925005e-05,0.03055678040332882,0.0001527227872930026,-0.017207782079543765,0.010298988691523181,0.005218921395026499,-0.017962966520695622,0.0,-0.00013412348010838349,-0.014961288356067803,-0.0076274278048580335,-0.042570022405295116,0.002242785703507888,0.004468239160300924,-5.551115123125783e-17,-0.005915621328997367,-0.01756324406110088,-0.01719563253465739,-0.011986699173256954,-0.018488903419645264,-0.005937580443977464,-0.0027555337299485227
-0.0006111263997207184,-0.032964635109033635,-0.004122191686423582,-0.009800908010130949,-0.0013663160371152339,0.003868594919458679,-0.01141971570590683,-0.01905279558694123,0.0,-0.008413822430453688,-0.026384972709512622,0.00777267587093472,-0.02948799251832296,-0.026750370048154837,-0.009913426692509053,-0.027440722185020028,-0.007435199736303022,0.005937247376420929,-0.025941501203312234,-0.022302948100425046,-0.01463886603121467,-0.026393308968244655,-0.012325766335572141,-0.021935122555158393,-0.031337273090784046,0.004335641290587666,-0.022338159862196894,-0.026051196191186288,-0.049877442526600535,-0.03160345787711588,-0.021126364104714135,-0.015719519007786897,-0.008450309545613766,-0.018031338890764415,-0.02282436103235158,-0.03044992208159064,-0.03135924471056978,-0.019332688353634386,0.0074944084112499865,-0.01744587367737621,0.012325373930622885,-0.05272643958254525,0.004141454064480132,0.056054409665317384,-0.020836560811290095,-5.551115123125783e-17,-0.004684180913859637,-0.002447842810287426,-7.756372683020984e-07,0.030080712245538543,0.0031722677059073945,0.006105692644629568,-0.007820517640583446,-0.00571549444553987,-0.014434968353733368,0.015256754585689647,-0.0335177831910512,-0.013326439515677024,0.0032893362922802316,-0.0013481099898535742,0.0004861893038203835,0.0,0.0,-0.007374468808450607,0.002480575438464361,0.011752335159351368,0.012706401824106761,-0.005217323498587612,-9.546018270911727e-06,-0.013326402152660122,-0.01026690173445205,-0.005203803577928601,-0.005433993457141795,-0.013378984245508263,-0.009920271861176277,0.008160816060529874
0.009210616465361643,-0.024608060845858704,-0.009880937104973675,0.05213058508122237,-0.006672565594333435,-0.018071646133967167,-0.02754833663033046,-0.010722866503355521,-0.008413822430453688,0.0,-0.007677577841286087,0.008272015591035464,-0.008119196496573,0.06055420727873406,-0.017972510010145215,-0.04304774661086486,-0.011454194592511513,-0.01933260509813528,-0.01571395847702345,0.05908095868966501,-0.0028019849971314126,-0.018061484782616377,-0.02196644988292007,-0.02232302752769244,-0.026856408540551324,-0.03021473500041688,-0.016590007459685807,-0.030403829693275042,-0.02323008640736557,-0.04844086535119235,-0.019716353225367356,-0.04228400408221872,-0.017561825787069718,-0.016249504948503413,0.011471188713650549,-0.04789231036919123,-0.043608709830757875,-0.003085275209170013,-0.058393334164341004,0.016147053261703348,-0.040405091294631934,-0.07572245152778134,-0.034753644408686446,-0.016375581039602127,0.033658963309239454,0.020487857212557692,0.0032180920426813087,-8.474493546628548e-05,-4.404175859729076e-06,0.0004433904645602671,-0.024081804536562612,-0.005924569604627228,0.0032142420574237107,-0.006807450590637587,0.014057919114153439,-0.005047917656017364,0.007474249272854783,-0.049722501822037024,0.0,0.00028366397936380183,-0.004780040462566693,0.015589117159953259,0.029784833549118317,1.4476756842185523e-06,-2.3521071694176943e-05,-0.015492861188288243,0.003700540432775734,-0.010605691796076733,0.005108929011334251,0.0046251556680944605,-0.0033248038823538995,-0.014705861270882525,-0.028352978628864323,-0.004292412026857817,-5.551115123125783e-17,0.023059249811406002
-0.006708926035374374,-0.007992155139682378,0.0050335421962537374,-0.026879713839314978,-0.031307903033593154,0.00955172527018272,-0.004954529789213624,-0.02053533221024101,-0.026384972709512622,-0.007677577841286087,0.0,0.011915161900366511,0.0010784632246160775,-0.00015133020674601427,0.0,8.672420698463412e-05,0.004559236578932924,0.006459517899342737,-0.012517816343858845,-4.961623926191816e-05,-0.0151928417588858,0.0033360728366982895,-0.02505753317007492,-0.020681898649499375,0.0031766851963349607,0.006038576214564995,-0.012185937872415675,-0.000580557364724732,-0.01570006526042189,-0.0008687570082382967,-0.005565064174103573,-0.030587794421914172,-0.006277373931686092,-0.003187661415392784,-0.005103263303563865,-0.013980118624276894,-0.17775300609854372,-0.010861376834141234,-0.033899859124159715,-0.0002003435835005729,-0.017808994639637643,-0.004458382596752186,-0.02646748142141786,-0.016916289485247704,-0.004883952263876501,0.0,1.1102230246251565e-16,-0.04349615269312562,-1.5019269505867072e-07,-0.02484322514107501,0.005231724714304331,-0.007766281041918233,-0.020421504900653087,-0.03164266201993993,0.0054408170549591905,-0.06347071180085453,0.038862883744926136,-0.007464600306384406,-0.03528577561627633,5.551115123125783e-17,0.0,0.0,0.0,-0.07389782765141975,0.006622256850460473,0.0,-9.576583939896466e-05,-0.0074983259567180105,5.551115123125783e-17,0.0,2.6557278797301187e-05,-0.007733495596065176,0.005356206762413662,-0.019228721426623352,0.0,0.003051937254402892
0.01054473074951151,-0.003358512415290449,-0.0009985559369483088,-0.004542987434416834,0.02433130006741907,-0.0029863331260011616,-0.01344722649451141,0.032650832911654215,0.00777267587093472,0.008272015591035464,0.011915161900366511,0.0,0.008670212458897764,-0.03650287064814389,-0.009309339215356593,-0.021527148381065342,-0.01169896776318785,-0.018151673068705854,0.002651885702783907,0.006793789697723651,-0.02029077037415572,-0.05304984511231453,0.0035799822968745065,-0.014588269149697686,-0.010489358470914478,-0.003948838604840077,-0.008533723868198173,0.008190694599500503,-0.004803518100998272,-0.016171621750774745,0.007661855700960785,0.009312281614044016,0.017662337252695337,0.031291449925021975,0.014036217973603105,-0.038288364248853624,-0.08434794465876766,0.029638033926051632,-0.015326174509287971,0.0336561490263288,-0.02249116913442445,0.0027444131049806364,-0.026161593034070174,-0.020528738727612572,0.0596349279367675,-0.006029063320753536,-0.0024298213936245205,-0.006314478795880707,-0.004053415717367254,-0.010946170122304866,-0.009656521408740681,-0.0075113374039730285,2.46479881916839e-05,-0.007514879152641596,0.0013985399967220702,0.007409282144387408,0.00036596982722270077,-0.04064814831952884,9.489503991488846e-06,1.2487501494684583e-05,-0.0028180122347109537,0.0068782332312973815,0.008714399800025918,-0.013942537907156216,0.004189233641434531,0.0092906913797976,0.0003707265627769796,-0.0011300761946883564,-0.0038219783171422606,-0.000829885485299886,-0.012123508379343617,-0.009804317600162316,-0.014596300830670816,0.0021891425892298644,0.0,0.009669351146573635
-0.04338542453577682,-0.04780571643005094,-0.015052786649560279,-0.009649158422164239,0.02084986347641199,-0.022704954166517965,-0.018387425448474104,-0.014506708690657566,-0.02948799251832296,-0.008119196496573,0.0010784632246160775,0.008670212458897764,0.0,0.020420472887121566,-0.02314051008900969,-0.04432988898520007,-0.0028943493342493687,-0.022388775082146983,-0.00964868270721475,-0.03281120805821092,-0.03192680418690097,-0.04762611559629604,-0.024485604081411594,-0.019587577706127512,-0.03509785563333723,-0.013690416713942222,-0.02201383740017626,-0.0325866864865732,-0.05336457836027331,-0.037394673717437155,-0.01833899533571509,-0.0002027882424738281,-0.030121588670544763,-0.005385417151116789,-0.005296966602813813,0.016158412719324333,-0.0040359767441973116,-0.02208256981887352,0.009555154036496039,-0.04499811559626371,-0.003848937592065449,-0.04870932705242009,-0.01873593506317517,-0.036914002365018794,-0.009520191745212458,-0.00400863778741023,-0.022944167937945237,-0.029553014608333816,0.0,-0.020363531186084582,-0.010045155513054072,-0.013448630336214684,-0.004704339901320076,-0.028183412106045802,-0.006332413667598236,0.006218587111366747,0.03712052907801017,-0.023572628593674927,-0.003787042621112402,0.009982817208696038,-0.004572977955237978,-0.0065382214071517675,-0.00433069696734889,-0.007181760051253483,-0.02976404342291189,-0.003686768107498073,-0.018561285376700987,-0.013764131315828765,-0.005964648102545822,0.03057378283264789,-0.02488382712239351,-0.01633905358894061,-0.013245505637848154,-0.022746365363831234,-0.005801441744113678,0.005021755018217666
-0.016445186784217913,-0.007309131800408097,-0.04356745930398709,0.022703242063288942,-0.002965353066955889,-0.02960536936321262,-0.0368243952380069,-0.005771797365301645,-0.026750370048154837,0.06055420727873406,-0.00015133020674601427,-0.03650287064814389,0.020420472887121566,0.0,-0.015030336594186122,-0.0005586288248591864,2.0181537536079208e-05,9.22169322568056e-05,-0.04246313771293331,-0.0070540578570527646,-0.025757273469577957,-0.004758782389818306,-0.03669366627335319,-0.046503208015487685,-0.0067803156374254825,-0.01439566872091358,-0.014134398766574352,-0.016408984790456715,0.010633074628101036,-0.007958675876849952,-0.00854802817674677,0.029314641288601395,0.010371792060652918,-0.00842860441057891,-0.0802953812094041,0.011987489450182742,0.015158702112003819,-0.00021686308150065114,-0.007196843536344422,0.0,-0.0008708311322439544,0.000329931114967541,-0.04384467999301972,4.3232948571114704e-07,0.0,0.0,0.0,-0.014063183547649405,0.0,0.021258307261900533,-0.005183557494548352,-0.004485209730868744,-0.012147140190677086,-0.018083278054079166,0.0,-0.026621405308374146,-0.00019502750880118214,-0.008969698209558674,0.009191448490060261,1.1102230246251565e-16,0.0,0.0,0.0,-0.033916756030324124,0.0,-1.1102230246251565e-16,0.0,-0.01586695397300575,0.0,0.0,5.551115123125783e-17,-0.021810030817030812,-0.0010561585330530199,1.1102230246251565e-16,0.0,5.551115123125783e-17
-0.03928084230510054,-0.04075037688103317,-0.009707379535403127,-0.01722569464873408,-0.00977512294327737,-0.025816868503476142,-0.02286199759644536,0.007073813177921995,-0.009913426692509053,-0.017972510010145215,0.0,-0.009309339215356593,-0.02314051008900969,-0.015030336594186122,0.0,-0.03579401741108795,-0.014421132867361242,-0.03249657981804671,-1.1102230246251565e-16,-0.015208943502047267,-0.023510476143858094,0.011455365657012606,-0.031931552408411945,0.006861012705529912,-0.03840085523584302,-0.016424730295429346,-0.0003509325611787961,-0.05452894554237131,-0.011287761247174233,-0.024982465572093993,-0.031090246521884635,-0.008319635139725112,-0.05564010552186127,-0.02070020863940586,-0.006577735796873707,-0.008199474248483885,-0.033319485772693835,0.00011271409055291226,-0.014869016859798856,-0.0226303372034678,0.001937474722798982,0.006726661134231149,-0.022729257470255504,-0.005164180528044793,0.0,-0.005879165331403979,-0.022215323974072998,-0.0079238399893925,0.0,0.0,-0.03396787079198521,-0.000725374119461164,0.014431848989534868,0.0037427973876955067,-5.551115123125783e-17,0.0,-0.003869136763300529,-0.009017299090738728,2.462042388073904e-06,-0.005066733286338665,-0.00837245440000961,-8.606004827721447e-05,-0.002596031871755944,0.0,-0.004445151674622172,-0.005445905580706012,-0.03155096474113761,-0.01802781969066214,-5.239091398767659e-06,-0.05351628408725434,-0.011485853550904812,-0.016993338708401806,0.014524917686828898,-0.00942231421740125,-0.01270637910780148,0.009710195550722445
-0.02875254605995714,-0.025550915505309135,-0.008230650189604782,0.000527222976951347,-0.03220741144153477,-0.03524548267406319,-0.04368141765499112,0.006894694634270004,-0.027440722185020028,-0.04304774661086486,8.672420698463412e-05,-0.021527148381065342,-0.04432988898520007,-0.0005586288248591864,-0.03579401741108795,0.0,-0.019083949518448884,-0.0021811436192128997,-0.00015887958542898373,-0.013641814017971876,-0.016817543216549102,-0.028202651896986786,-0.026545640388827674,-0.006048406455441635,-0.03498912799416548,-0.02640058280599289,-0.020481040248024107,-0.03393390315639644,-0.014046824603477504,-0.001683490394492726,-0.016327071909078505,0.002283108649472121,-0.02404032186351901,-0.001995480947833528,-0.0017222398814852324,0.002145848020916663,-0.003650992962567823,-0.036324794493973744,0.023325709371637526,0.005648418843011649,-0.000741009616107291,0.015550343426390056,-3.2103154240514797e-06,0.0,0.0,-0.008887316753934338,-0.005103267207833884,0.0,0.0,0.0,-0.013411764313615848,0.004860048289146546,0.0131041733097505,0.0,-0.00371499569617334,0.0,0.0008959686591116789,0.008199639020784688,0.0,-0.023265087665778228,-0.006005681847395861,-0.0026525914251046,-0.012519743152176466,0.0,-0.01762550664175927,-0.01010260539193536,-0.014632530374959485,-0.023922214025664745,-0.014066059264000619,0.0007732639106856065,-0.017552591265871886,-0.0024738623131325133,-0.013997181559860405,-0.018488575390679274,-1.1102230246251565e-16,0.004678486541171811
-0.008778717173305639,-0.0014612091375573732,-0.016581822119685896,-0.06158415707531256,0.0018178635007803368,0.011560803193181257,0.008782470866987857,0.024303530790292516,-0.007435199736303022,-0.011454194592511513,0.004559236578932924,-0.01169896776318785,-0.0028943493342493687,2.0181537536079208e-05,-0.014421132867361242,-0.019083949518448884,0.0,-0.004165913825148415,0.005629602814992307,-0.01357541230321313,-0.0001009205819209602,-0.030116337342830313,-0.007833508153637425,-0.01415966586113332,-0.008472242251945261,-0.026123053069888436,0.014564294258641863,-0.020350639967139317,-0.028545338444810386,-0.014611121419987605,-0.010880498857370302,-0.009292450365630922,-0.04020489531328314,-0.003818474877841427,-8.395197716715153e-05,-0.13024995053132438,-8.90211798171281e-06,-0.025443574438038075,0.019913134677585154,0.0018631479354062619,0.02003372762826955,-0.00663760526973628,-5.551115123125783e-17,0.0,0.07254261729386041,-0.021775833767253838,0.016619752356183015,0.0,0.0,0.0,0.0,0.0,0.0,0.0,0.014260484774296811,0.0,0.008904798387754487,-0.005249144791555971,0.0,3.586199289706826e-05,0.007753836496711464,0.00783084249595234,0.014334478406815232,0.0,1.1102230246251565e-16,0.0,0.020262959085541765,0.0,-0.012480429021816952,0.01506382162164327,0.000567187710319883,0.0,-0.016175363336351667,-1.9347185546192414e-05,0.0,0.013488229363036452
-0.020764004299199335,-0.030928662698138654,0.012664521278985541,7.352157451068209e-06,-0.03326025941351607,-0.019907957127779652,-0.04165611924680446,0.018387458300346327,0.005937247376420929,-0.01933260509813528,0.006459517899342737,-0.018151673068705854,-0.022388775082146983,9.22169322568056e-05,-0.03249657981804671,-0.0021811436192128997,-0.004165913825148415,0.0,0.0032462406107435227,-0.015470845484424789,0.02966239039487112,-0.031025384002398848,0.0051497413856902985,-0.01572262467877472,-0.026201457373603965,-0.033715635584791404,-0.012806538204167883,-0.018032772659841267,-0.019632841836857096,-0.009938014083989144,-0.023319709639224973,-0.006251673013447812,-0.025663313120780462,0.000648859983570893,-0.0033138911893030865,0.002016221633730997,-1.4836581448685049e-05,-0.015459491803366587,0.02614394088217792,0.009539552863584544,0.0136458695278604,0.015004798227323257,0.0,0.0,-6.318593558940488e-05,-0.00875047188052841,-0.0005975746867741827,0.0,0.0,0.0,-0.007907097722686052,-6.257062681735981e-05,-0.000379904548541532,0.0,0.01157959489688093,0.0,0.005640486372210374,-0.006762394787671766,0.0,-0.049501087824946166,-0.003160095323671286,-0.00781143809809115,0.0005505236644590128,0.0,-0.010743884921336488,-0.002668843046861935,-0.006518016153196027,0.0012759472674590544,-0.008993636886991285,0.010902561746087003,-0.0031861892946248305,0.0013584893935849052,-0.0074471895031053,-0.015327038620754574,0.0,0.007572324652845852
0.0,-0.021412502320385385,-1.2338085663199383e-05,-0.04215063807901176,0.0045070699932723834,-0.02721302061011749,-0.002549308853618315,-0.09415109000950689,-0.025941501203312234,-0.01571395847702345,-0.012517816343858845,0.002651885702783907,-0.00964868270721475,-0.04246313771293331,-1.1102230246251565e-16,-0.00015887958542898373,0.005629602814992307,0.0032462406107435227,0.0,0.00036954379317594155,-0.005043358186121227,-0.01578255202754114,-0.0720777493874005,-0.023351486508814412,-0.004387292318323355,-0.001944255777905024,-0.007439670355958161,-0.02057683103585839,0.001344197795203339,-0.019803327077424437,-0.02086491877137675,-0.02859094383077021,0.006872304711819932,-0.018433962872445142,-0.023795095031346303,-0.04514347962096543,-0.03485772990062541,-0.00650342157686673,-0.00961736660403073,-1.6333521663525197e-06,0.020612823191509755,-0.011512841350326875,0.02821259778431584,0.020719613715326046,-0.0005146850041827244,0.0,0.0,0.032599947991825085,-5.551115123125783e-17,-0.010854527314045737,-0.008634452018736694,-0.0023001095904531255,-0.026286411385604336,-0.014553309404647385,-0.00010551004786873985,0.06914125204446198,-0.012700915781405975,-0.0055911880432979455,-0.021730869093458394,2.220446049250313e-16,0.0,0.0,0.0,-0.0005017095505026603,-1.665417811491654e-05,0.0,9.976827768604091e-05,-0.025763665790250134,0.0,0.0,-5.551115123125783e-17,-0.017431819454641784,-0.0013946406955744894,-0.01726335626287495,-5.741624924615607e-05,-0.02737232529923972
-0.03418732657154783,-0.016001009690440937,-0.010724791632070296,0.024023220388201483,-0.021458295191897292,-0.015870319058923,-0.0294843890157534,0.0009262721539698426,-0.022302948100425046,0.05908095868966501,-4.961623926191816e-05,0.006793789697723651,-0.03281120805821092,-0.0070540578570527646,-0.015208943502047267,-0.013641814017971876,-0.01357541230321313,-0.015470845484424789,0.00036954379317594155,0.0,-0.011220334694092171,-0.012036342139949974,-0.008264878401458287,0.01694095870534562,-0.02327948000754665,-0.03131235632823387,-0.011288718953788801,-0.018045512661435503,-0.026742065408369764,-0.06442571056681434,-0.018174925874604286,0.014173797655449905,-0.0062331678526969525,0.0024265787392810934,0.030215191332158053,0.01750336248933959,0.00547936300922619,0.031512888923644455,-0.007832095128148475,-0.02835669897830495,-0.0033693020660197637,-0.0012114514868784565,-0.03137448123459852,-0.011585489611521282,-0.0001905903095533179,0.010848579903971034,-0.010100359563647798,-0.0229695132254068,0.0,0.0,-0.030032153015308316,-0.02209268497050426,-0.0015011009732203706,-0.011940617944228904,0.0003532679801566685,1.1102230246251565e-16,-0.009371267019157081,-0.020005453622828184,-1.1102230246251565e-16,-0.02258609343357365,-0.005501378925236555,5.1069189954122685e-06,0.0034512519629271154,0.0,-0.00931216156791942,-0.01375825377738904,-0.028855701632551745,-0.02063483086799911,0.0,-0.03489598729239707,-0.012131915840466245,-0.019694971952735674,-0.01904216879218712,-0.013731078528443352,-0.008037173925586505,-0.007657792831202825
0.019490080913432073,-0.01189515102633465,-0.039984826162848874,0.0005092369542700204,-0.03317281224490981,-0.032286404287558246,-0.04197944367568507,0.004276281690733297,-0.01463886603121467,-0.0028019849971314126,-0.0151928417588858,-0.02029077037415572,-0.03192680418690097,-0.025757273469577957,-0.023510476143858094,-0.016817543216549102,-0.0001009205819209602,0.02966239039487112,-0.005043358186121227,-0.011220334694092171,0.0,-0.01462871356368256,-0.01594386464071368,0.03509335299268873,0.005618574081918626,-0.00021856758031080226,-0.01233294588933892,-0.03028896290597982,-0.022566261691842282,-0.003770669678256122,0.00483922445602003,0.016921330060233497,-0.026145990996252644,0.0045746441348989975,0.0175459365154787,-0.04086231129337253,-0.017853833574659195,-0.03278093393023512,0.013380121791475685,0.014825924230352505,0.036317077243331886,-0.005018551490542311,-0.01782340684392114,0.0,0.0,0.0363707656005291,0.0024126432956645405,-0.010582222651858597,0.0,0.0,-0.017331552517008353,-0.001820624287924122,0.013330898177086437,0.010678639921045396,-0.009627270618479566,0.0,0.006190039916944556,-0.02586129684721311,5.551115123125783e-17,0.01885200607730786,-0.006371475349402689,0.0,0.008610219156789833,0.0,0.010049420255220765,0.059142095914234194,-0.008406586926397064,0.006572991126580163,-0.004718802436925462,0.0019195720451670728,0.005567893492728959,-0.0024366858454725193,0.012871812646550795,0.0024414488553662905,-0.014958833470272825,-0.022733054145801956
-0.027914043058701876,-0.01549363051156255,-0.03652601811679507,0.00017230827540581917,-0.03465182034927117,-0.02832724427329153,-0.04605899704052757,-0.0008981315721475203,-0.026393308968244655,-0.018061484782616377,0.0033360728366982895,-0.05304984511231453,-0.04762611559629604,-0.004758782389818306,0.011455365657012606,-0.028202651896986786,-0.030116337342830313,-0.031025384002398848,-0.01578255202754114,-0.012036342139949974,-0.01462871356368256,0.0,0.0033682787437364636,-0.018643972541110276,-0.03772464324338298,-0.010503625082127821,-0.005873641807292218,-0.024873232806958856,-0.008504397778515915,0.014223822919260998,-0.025510738491188012,0.002909509285276224,-0.023823415574702744,-0.006703340259989532,0.009229172719115608,-0.002939215240096771,-0.0060218146919746585,-0.04129702744351954,-0.011659025657530186,-0.015097040224912595,-0.0074359960995595276,0.005771283593385856,-0.037565285195460596,-0.009987531562055674,-3.7331574356591624e-05,-0.010463464511871023,-0.01392588597934652,-0.004039945580876947,-1.3538469245122364e-06,-4.7071321989278214e-05,-0.025971026832749433,-0.04920647675352702,0.003256459595031014,-0.009847151699355516,-0.006265371534975861,0.0,-0.008745285933113356,-0.044540854769843374,0.0,-0.030073687822961548,-0.010300674339982552,-0.007640801981444234,-0.03724783562347961,0.0,-0.02698869832443468,-0.01610541674434246,-0.02889401197782515,-0.02910059153397404,-0.050465641829898544,-0.010681013460381139,-0.0240914208093303,-0.024554845563603434,-0.030357554529788333,-0.023356421001375194,0.0191131886425282,-0.026824027696457864
-0.00032243814164023554,-0.05123050550725622,-0.06004923069495072,-0.006896794203924472,2.0728713204964944e-05,-0.02291678245321449,-0.008479199389572811,-0.025905252539472456,-0.012325766335572141,-0.02196644988292007,-0.02505753317007492,0.0035799822968745065,-0.024485604081411594,-0.03669366627335319,-0.031931552408411945,-0.026545640388827674,-0.007833508153637425,0.0051497413856902985,-0.0720777493874005,-0.008264878401458287,-0.01594386464071368,0.0033682787437364636,0.0,0.013403789066274874,-0.07437340824440047,-0.024028937820881002,-0.03110009307712397,-0.037431849669921746,-0.04941156118071943,-0.029881430563443,-0.015493725201328301,-0.011680382094329034,-0.010871303930356901,-0.021987129448108267,-0.028858717083394936,-0.033111719271062434,-0.02468324299125435,-0.030183642746956063,0.002717548346884313,-0.03468474357712531,0.0038227767015526215,-0.003979600176237774,-0.019281610510869795,-0.006795951275487988,-0.008198466678231653,0.005668834906488673,-0.02102192144932663,-0.02421733364190526,-0.006756084720793809,0.014162108819947838,-0.008060949713258436,-0.018693563337892294,-0.04491798817684972,-0.00018817078405208854,-0.0021091591102194163,0.019287990617321782,-0.005865395179404709,-0.015086300301129285,0.012963989580679847,-0.020765764865346703,0.021133490789525478,-1.2423145248907641e-05,0.01319169659382513,0.0014082718520320725,-0.010972201940497861,0.002193983035069791,-0.029015367104894274,-0.019922121241768842,-4.787632833341826e-05,-0.02681870908351014,-0.030013861199111758,-0.013459797208957625,-0.012491905830586292,-0.009375112369437888,-0.0012354592158347888,0.00208219131944809
0.003555779096785172,-0.01211486447489929,0.0002978419461848736,-0.04880011688608957,-0.02429546319768916,-0.042157105839506714,-0.04191347417797625,0.02255307947238172,-0.021935122555158393,-0.02232302752769244,-0.020681898649499375,-0.014588269149697686,-0.019587577706127512,-0.046503208015487685,0.006861012705529912,-0.006048406455441635,-0.01415966586113332,-0.01572262467877472,-0.023351486508814412,0.01694095870534562,0.03509335299268873,-0.018643972541110276,0.013403789066274874,0.0,-0.0024862973774245622,-0.013095398502605438,-0.005235300107189089,-0.024334296151455992,0.01258454540665832,-0.008888681130756193,-0.019895043298879034,-0.02069642749036965,0.013784532626593238,0.026540121586168697,0.014215142621104626,-0.09082055777009035,-0.04366641598681639,0.007970271909934434,-0.0937199954667235,0.0064873305812102044,-0.008548350882706557,0.044714796829670944,0.007420066713004658,-0.0051930628702784865,0.05328123294715831,-0.013087002421564353,0.010772133380088589,0.0,-5.551115123125783e-17,4.906914778540772e-05,-0.003775023280149503,4.2047456058347255e-05,-1.6653345369377348e-16,-8.741248294419357e-05,0.011744688723536012,-6.430545395902376e-05,0.016503689425364343,0.010401730426307876,0.0,0.00012171015067063973,0.0016107153201588842,0.0036529679563336304,-0.004113840754105036,-5.979692993929309e-06,0.00025723424275642115,-0.024411112901713827,-0.014490944265726113,0.00016391796621462174,0.008717102369394936,0.00813087924618705,-0.007139755987154162,-0.0024874189945363057,-0.07759943118630735,0.005409257085718433,0.0,0.006588925853912964
-0.028438532789294313,-0.029688325339404686,0.007254475794694126,0.00040958822925102334,0.006225473729016551,-0.05398315958835842,-0.056138800052359994,0.00023659899963546227,-0.031337273090784046,-0.026856408540551324,0.0031766851963349607,-0.010489358470914478,-0.03509785563333723,-0.0067803156374254825,-0.03840085523584302,-0.03498912799416548,-0.008472242251945261,-0.026201457373603965,-0.004387292318323355,-0.02327948000754665,0.005618574081918626,-0.03772464324338298,-0.07437340824440047,-0.0024862973774245622,0.0,-0.0249667142070929,-0.049851906791538336,-0.028478422010734694,-0.03985557302404186,-0.019087007506968012,-0.02512231707077639,0.002037748529465533,-0.023603094978856043,-0.004582672726544834,-0.0016942017845072987,0.004843778373144536,0.002480367780211823,-0.03110690137845845,0.01692347885022849,0.006351880104099539,0.009521429176338136,0.010023507523998998,-0.0016473552507873523,-5.551115123125783e-17,-0.008957258524698308,-0.003504033684598007,-0.003349276952328506,5.551115123125783e-17,0.0,2.220446049250313e-16,-0.019812003081000618,0.002212108814504621,-0.014730469230231302,0.00040776451558233173,0.006852606661034766,-0.00016934920169497936,0.0006365500705324822,-0.011738366838674519,0.0,-0.02146418704792219,-0.005133380963290635,-0.0013364221012598376,-0.007559607894480291,0.0,-0.005011277653832691,0.01922724712622148,-0.015024006858220806,-0.01540345145330202,-0.00602259563203944,0.000546516774723782,-0.010514879192111803,-0.024755192596867204,-0.0013588987992458335,-0.010066729958626619,0.0,-0.00047911776712011855
0.0015414481072020814,-0.01623824938547852,0.0035170842569562932,-0.011672425269570574,-0.02879495142155092,-0.05561949410833256,-0.04924054693986257,0.008757230717879039,0.004335641290587666,-0.03021473500041688,0.006038576214564995,-0.003948838604840077,-0.013690416713942222,-0.01439566872091358,-0.016424730295429346,-0.02640058280599289,-0.026123053069888436,-0.033715635584791404,-0.001944255777905024,-0.03131235632823387,-0.00021856758031080226,-0.010503625082127821,-0.024028937820881002,-0.013095398502605438,-0.0249667142070929,0.0,-0.022288931038588866,-0.011584089261626962,-0.021541653353348955,-0.0017970549000589364,-0.02171690027100881,0.0064693586428173355,-0.015672737714020613,-0.0075594809625750825,0.0014092172497431332,0.029643044041625433,-0.003867353057676104,-0.023476457191561384,-0.0034171645826319152,-0.011792785440693065,-0.003237051194737939,0.006184157797002099,0.012864805588177042,1.75444032692873e-05,0.022000271173948316,0.002891349484237249,-0.007935472125116971,0.0028138981708255018,0.0,-3.676453759038356e-05,-0.026826334109713024,-0.009184857969989524,0.03579249643026122,-0.0023936576516824237,-0.004828175965666204,0.0,-0.009748906608102015,-0.03838611160463917,0.0,-0.013035197968389978,-0.00407989548406773,-0.010182646332558387,-0.006865152555770748,0.0,-0.014620979250103139,0.011785727159464965,-0.01636892320582345,-0.006596703614984212,-0.008985778800470356,0.002305625798757205,-0.009077928911645272,-0.016510678628830266,-0.006979465592812317,-0.017638549998738706,-0.0002784581589829749,-0.004019633148700852
