0.0,0.46249022813886254,0.5055324372742898,0.0,0.4964903372614583,0.1986841713262488,0.22103521672692508,0.7818695951978397,0.4646758864638767,0.6522091204038314,0.4250908295946467,0.7404975389985802,0.3363180815284298,0.43800539165673247,0.23905271077198775,0.512829593951784,0.3731154584157895,0.4748039203303175,0.0,0.40480550186821884,0.5798109367710352,0.3910457320955381,0.6046845880817207,0.7234379030191693,0.3256340254473179,0.6749431566577964,0.49695080900703814,0.312259141942398,0.3716980865771332,0.29207705258522076,0.43500583425743294,0.722315076497887,0.42289993911432777,0.44184578394647145,0.45153579906072794,0.7254343342532821,0.5032540071097518,0.5332189104717364,0.6029884005315588,0.6849552276831926,0.5547825146820975,0.5268346618105753,0.5132027972045312,0.0,0.3450058676194381,0.6146434617824712,0.5925347703580262,0.0,0.0,0.0,0.3350765836398048,0.0,0.5007563497197595,0.0,0.31448148465070147,0.0,0.7215077391321821,0.7437869412284193,0.0,0.5912824146661266,0.6335585883577524,0.49706128544166517,0.40470694247705086,0.0,0.4582658997162533,0.7542032902943132,0.5307045844478876,0.7894498077606775,0.5522237361589579,0.5933320480530007,0.5783192686919724,0.5146826509347261,0.44894783728191334,0.6990905388777917,0.0,0.465038307937106
0.46249022813886254,0.0,0.3121506311127638,0.39908615931498886,0.4430554076251926,0.24174083085726203,0.21784254475948958,0.5100945886608923,0.23743395479770193,0.31029300789193315,0.3489559687773591,0.4536508749354997,0.2365087501153942,0.2820143177415543,0.30910818031756315,0.46195749388056884,0.63296649886038,0.44238164030062455,0.42134988276237495,0.44840183296054004,0.569667753978153,0.5445684852812013,0.2929591812781714,0.4443362413626112,0.383566954852348,0.4229819218167073,0.3433072262195128,0.13376235556283447,0.3163880652362725,0.14267758003013462,0.41701852361041325,0.5419675419095527,0.28627263954337473,0.3844032515613338,0.5353755773834433,0.5391903746007587,0.05575546055074193,0.0,0.6175721864450017,0.6154234741459611,0.46067475666737057,0.705002788586008,0.6087055723708146,0.0,0.0,0.6349080869560001,0.5317373282341713,0.03677547743843937,0.0,0.0,0.3848430876701618,0.6432038672706928,0.5785517798343018,0.6210255902129495,0.455024461098707,0.0,0.33290608093730506,0.2698369114840852,0.0,0.45314126598710125,0.5631278153440715,0.5243608991788237,0.361125250986445,0.0,0.546405000639454,0.6561080941841249,0.5502330140259382,0.5182312358985738,0.32082867190235764,0.5019919233748901,0.5164043744902522,0.45609979146019886,0.44295880270856225,0.5115501956780703,0.0,0.5908699060191513
0.5055324372742898,0.3121506311127638,0.0,0.6114208844038156,0.5759882630008012,0.5017365143603628,0.6060708888206294,0.3155634655736388,0.40776769055178286,0.5206412373131108,0.6754210301205618,0.6335638896561567,0.5328351652514243,0.36576351104705795,0.41205744416230816,0.4020056971722067,0.529593353338696,0.6919488767941532,0.5209140178335245,0.36281438603357563,0.33944352031042774,0.33686931021547584,0.20804974802461654,0.5482798983017896,0.5794510650661939,0.6353761395371652,0.1925545838107064,0.47881197184778723,0.3800045346128017,0.46641566342819024,0.5199965192439635,0.48693033547630515,0.4906753258613879,0.5146700529850367,0.3458425980198888,0.3725921693546176,0.5316939517691383,0.2655529701149485,0.7019475087080621,0.47362165665591804,0.7230915720643045,0.2293325724635433,0.7170296930629574,0.9204152989795815,0.0,0.0,0.42967359333292665,0.8157513739619773,0.5100504362537868,0.6710026771680127,0.6566358489512075,0.6630923717601955,0.6763835073759694,0.8079783092708585,0.4600459060564348,0.8530522894866208,0.6556433885119841,0.6858222659044793,0.599243608073597,0.3997273166567706,0.0,0.0,0.0,0.4434291330571732,0.7156294542573165,0.5525493017058782,0.2879046875776973,0.7072781756243751,0.0,0.5868615064396827,0.5541992073093238,0.6999755762285427,0.6257148042711322,0.27759617347941046,0.5414778341947653,0.538186657838752
0.0,0.39908615931498886,0.6114208844038156,0.0,0.26197762652443934,0.3397917908390946,0.07004564759564516,0.36663444192440287,0.5413768111698694,0.5160126507159176,0.3220094743420408,0.3726709805717253,0.44057247205050665,0.6137906657846437,0.4795336356377137,0.2938407293556715,-0.19024427100971247,0.5123601983089638,0.3233081224578658,0.8093320663837579,0.5020361397257093,0.5967081704457669,0.5741591944845098,0.004598202860281536,0.8604673751610005,0.4810425554351942,0.737803100702972,0.3424361237297734,0.49370035942024415,0.41629630423479314,0.2527618525120939,0.40900416914719334,0.02266198322447638,0.42525186520413877,0.4149977874687726,0.41812841067978734,0.32127256951684324,-0.049700598140100555,0.19435253551873458,0.39417322394848875,0.467695532502921,0.27219609151651547,0.37328593057938,0.31316186049282624,0.0,0.0,0.0,0.46168551871648744,0.0,0.0,0.5344954542566461,0.0,0.4896469059439057,0.328660690705392,0.0,0.4859634963337446,0.45895308535088986,0.5011962591230432,0.0,0.0,0.0,0.0,0.0,0.0,0.0,0.0,0.5105512666770573,0.5538612357099518,0.0,0.0,0.0,0.3285389871768163,0.43346156084904863,0.6665650547244865,0.0,0.0
0.4964903372614583,0.4430554076251926,0.5759882630008012,0.26197762652443934,0.0,0.516259343817125,0.3673498651347663,0.4747195265158157,0.38425767656873266,0.6137566481300326,0.27767972521847567,0.6805602047951991,0.7481751471066143,0.4033672537281367,0.4927693818769369,0.39465443202378614,0.6379665665846357,0.28530201635394015,0.5484633393227836,0.4003667013935769,0.37769321906158426,0.2948917572498724,0.5256824262714476,0.37857416446636316,0.582252661526003,0.3434625621638687,0.5057943664122866,0.5927533850336254,0.29358046027681683,0.3353765096721032,0.5055567780392287,0.32277849710763706,0.38040239583126834,0.5093931794300416,0.510824746189126,0.24134005115161275,0.0074752899491266345,0.4620115228357169,0.6954879126317063,0.46693041229913745,0.6253782123548043,0.4777382297345966,0.5523539579375845,0.6701713649106873,0.37347717798337676,0.0,0.26687088457475605,0.6435865191288878,0.0,0.47389889884264236,0.6777741147805295,0.7409540055049377,0.5312823282603304,0.585885778730985,0.0,0.625555993141278,0.37485716252185897,0.8060560838665213,0.39398811170997133,0.4063762463702936,0.48439348940523774,0.0,0.0,0.7715653086977559,0.48896902148488003,0.5002428225122493,0.5566553996577628,0.6740926698096801,0.0,0.4737526135045915,0.626767484140736,0.5869307600548408,0.6631436672154525,0.39469158786960173,0.0,0.537207914668365
0.1986841713262488,0.24174083085726203,0.5017365143603628,0.3397917908390946,0.516259343817125,0.0,0.4693032933322915,0.49759052400264847,0.43185594531181565,0.45923457297210935,0.5872931182962244,0.6536184831532229,0.4001620775649976,0.35367748198313603,0.4357047144103491,0.3502398764025027,0.602797127224676,0.4316142789422812,0.444226372091187,0.40801096474995935,0.3814131134114628,0.29797349230278203,0.4150272677620499,0.1636642481637698,0.17594937868742735,0.2462786424615938,0.38142519053540336,0.42678096958113076,0.4584300003858513,0.4299698422721805,0.4980803473040833,0.4039684211488914,0.4692583905698231,0.45568521429222697,0.5301331188655366,0.5850322704091983,0.3290552307414656,0.23681879873504494,0.6798649714047689,0.24973231862480205,0.6837160457813942,0.7463076420649806,0.1958423861959766,0.5455447477127562,0.10316871916201481,0.21865786176357188,0.323893137486431,0.5020700338761825,0.6601136135659867,0.47727900198288375,0.544681600182681,0.6070122401144558,0.6135878493152198,0.5388152857814574,0.4676914397471046,0.5357878722042222,0.26326110138362807,0.5680981631845745,0.6756588247816409,0.32525507654991614,0.36021443566977673,0.0,0.6497937623644675,0.42089824067767223,0.506185318179339,0.1446029536220665,0.4115839402235384,0.536980853381338,0.5487293004851058,0.3335185186741393,0.25924885889387744,0.49977599786762533,0.5348338716233103,0.5245996695140981,0.49723954897854516,0.5908755055976529
0.22103521672692508,0.21784254475948958,0.6060708888206294,0.07004564759564516,0.3673498651347663,0.4693032933322915,0.0,0.42412258919762214,0.46986451309887634,0.3641708587267579,0.5397355358778309,0.36086153088432826,0.47192075616968043,0.2617452999588788,0.3580500522177974,0.303905060183873,0.7088234934549029,0.29032575209471045,0.5579037608033619,0.33029802797584973,0.23500124962005875,0.2625348368305346,0.5296173151792004,0.2523396541338462,0.18536749341851194,0.2990212363863007,0.4091783999729625,0.278283070690994,0.24724682089789352,0.3901516529504903,0.43358304620263693,0.6658236308064027,0.23321069853369986,0.34092197013321424,0.377498087203175,0.32861906505114,0.07738964262225789,0.39382632175921956,0.5759609665268226,0.06455136909022063,0.3463256584616758,0.18830911689009006,0.5527001408763573,0.48543969054700886,0.11350339374621368,0.0,0.29386552109334196,0.4711745308147067,0.0,0.3693958365396457,0.6382296185625292,0.6745070241110531,0.6619614809745715,0.6271186633905546,0.6103391937233045,0.6358409950971232,0.6387729518951895,0.4778419734616217,0.4972983982532106,0.42226114464827524,0.46305420502085204,0.0,0.5078064265206687,0.41618184267295816,0.39667841091107015,0.5933058307727415,0.5659168677148374,0.6075155949274111,0.5084990793929616,0.6030275272140256,0.2963069643024645,0.5477222596467781,0.5999140700465686,0.40859362432020707,0.6133618492150319,0.5194965774653539
0.7818695951978397,0.5100945886608923,0.3155634655736388,0.36663444192440287,0.4747195265158157,0.49759052400264847,0.42412258919762214,0.0,0.5532096497834212,0.5412316552033953,0.45613192134335656,0.8921426272961014,0.4972391480433348,0.6430417887538309,0.5806223955094452,0.7786131673465947,0.9021271198956105,0.7794844043143784,0.21816723031949456,0.5276558776487608,0.6222326810094795,0.557204483672022,0.45527129936510197,0.6975034699615413,0.63749535053634,0.6911632699993824,0.4581353649425068,0.3408751966534348,0.1721761532599072,0.43631621032352746,0.5556818013119272,0.5695379502929938,0.7704742431160909,0.5282781612517486,0.15991183121947636,0.40901202344180454,-0.04073002818957344,0.5751250115936319,0.7083620413982077,0.5241499095046489,0.3871736448701214,0.502970467005607,0.39367941231539244,0.5089639543050726,0.0,0.5591674989581366,0.2236004718707419,0.6410330114372121,0.0,0.4698688597718918,0.6035794515999404,0.6084455831743505,0.4850862545025806,0.686336828690558,0.7013424614181605,0.6966556661857902,0.971377209014298,0.5096012454893789,0.602565009825365,0.7088855908720073,0.28305128215473374,0.0,0.6019428556860932,0.6716109144140427,0.6769719457465417,0.47967220524641424,0.5526212470743063,0.6866695890937784,0.0,0.5093323466548876,0.3731734873731936,0.5523266751055309,0.5167166347570062,0.5497061571764464,0.4669529027162655,0.4673751961294301
0.4646758864638767,0.23743395479770193,0.40776769055178286,0.5413768111698694,0.38425767656873266,0.43185594531181565,0.46986451309887634,0.5532096497834212,0.0,0.5828356626492954,0.2887256180129817,0.6347792638554973,0.4028872454032577,0.42118090282493637,0.6402938115054531,0.3779045343924232,0.5204451695446991,0.6102586046511387,0.2562259659700741,0.3720371360565724,0.40053956998605156,0.3408101813487186,0.5096737451887579,0.4649764970759743,0.30945213963215,0.6356988453389895,0.379749908139076,0.47150945183769094,0.2231812577627853,0.43171518362582006,0.5090277822253952,0.5477636413344513,0.550907242378414,0.5250626179201815,0.4426547341219448,0.4192258689481315,0.3936115967061241,0.5031233477045245,0.6450254696219216,0.3107792607395792,0.5394856172312703,0.11166751260911109,0.6029482942006694,0.8205361696069815,0.23803463904013644,0.0,0.4606211652691996,0.6622697666654149,0.4901646976861962,0.8391827700179797,0.6892016165207978,0.7646917605397403,0.6084289628317755,0.5985776248461041,0.3028058342343016,0.7109309523799632,0.13307880583703985,0.5643637781359528,0.6063208985177995,0.5494939117629756,0.6447206533358791,0.0,0.0,0.6115210623702299,0.7415282759841224,0.8534849464281801,0.7976661373121348,0.6446333685621519,0.4516642812684193,0.4067302320035996,0.2850937670028713,0.604332243326121,0.5375209658513169,0.5525932634254507,0.4576951228906539,0.7689660797257972
0.6522091204038314,0.31029300789193315,0.5206412373131108,0.5160126507159176,0.6137566481300326,0.45923457297210935,0.3641708587267579,0.5412316552033953,0.5828356626492954,0.0,0.5788354662929256,0.5943686375814207,0.5640196650965886,0.8601540387809566,0.39249618707789463,0.15612005234457074,0.5989608137052401,0.41914874035808936,0.5257575011472935,0.948255771952451,0.7238848922859729,0.37457413395745975,0.3892918369130546,0.37388272436661985,0.5540271639274215,0.4504266697028286,0.39733950859253986,0.4622210697493781,0.3577269596276625,0.0955120542934812,0.5546935426777022,0.08988655072468865,0.5123931433486077,0.4354401452968847,0.5882706142798761,0.2592726836581668,0.2658203198967116,0.47600252349598715,0.24083483405855652,0.5724827341725625,0.27347477140100185,0.09838473243177376,0.3434119203923046,0.28272371957783626,0.6797087455704093,0.8143741596829006,0.522479547226379,0.3924844844556009,0.4870369955634778,0.4986169473810601,0.3618296440489155,0.43665979954396894,0.7423811964754863,0.3702009182095693,0.6326301268706768,0.3947059857245748,0.6340672905020959,0.30801091036393563,0.0,0.6659715233858396,0.5153476584945524,0.6517968204753781,0.7149502972353123,0.4879014517922001,0.5094929070919222,0.5258308801737924,0.572627010174187,0.5857088436749462,0.5093076598841272,0.5728202518699568,0.5627932901924755,0.5064392011995101,0.4293319399752648,0.6020532563013956,0.0,0.7751963728081079
0.4250908295946467,0.3489559687773591,0.6754210301205618,0.3220094743420408,0.27767972521847567,0.5872931182962244,0.5397355358778309,0.45613192134335656,0.2887256180129817,0.5788354662929256,0.0,0.6404664911900206,0.5658568680804378,0.5285167367389626,0.0,0.5078623701497513,0.618475707036968,0.6616360339437518,0.4052214107572987,0.4842056809112715,0.37955956228851734,0.46743031564281634,0.40137961676317413,0.4416254650618141,0.6377089667632114,0.6879388003800307,0.5050403710584912,0.5648653977415992,0.3339255468438102,0.48343679499979264,0.5449963043062673,0.31270134320399323,0.5488209723138379,0.5991948646342302,0.5208009026236291,0.5170515021690462,-0.13362980563903903,0.5198672971145029,0.35625173423452405,0.5088594361296412,0.4757159966814984,0.483858544064092,0.46178569254741997,0.5250077829541382,0.21800554713688988,0.0,0.0,0.5514309877189216,0.4745394441663223,0.389602962348358,0.649666663370563,0.474450238017459,0.5330338191230564,0.5385588297996775,0.5695198270195662,0.2439329022535002,0.7949657367492617,0.5651790229166757,0.42784941288628786,0.0,0.0,0.0,0.0,0.2732093716245078,0.5563199570364538,0.0,0.5817843134408545,0.5911484628381221,0.0,0.0,0.9464556864366052,0.6269637110754368,0.5757789378901699,0.18211153019764942,0.0,0.6903971115888983
0.7404975389985802,0.4536508749354997,0.6335638896561567,0.3726709805717253,0.6805602047951991,0.6536184831532229,0.36086153088432826,0.8921426272961014,0.6347792638554973,0.5943686375814207,0.6404664911900206,0.0,0.6515088851756587,0.4644176378217302,0.37286078304087245,0.5143063531564491,0.6292115928732203,0.6155592689263352,0.6667394500916728,0.5437148774969507,0.5012034510355238,0.07988541633781435,0.57046843273579,0.37665645626495914,0.5917700367168804,0.478424563438811,0.49979368898169063,0.6693676097509076,0.5380210078675299,0.3419273055360911,0.6439978639597855,0.3735382535169497,0.6517721917894219,0.6980626764379205,0.6491356482686916,0.22675398190070653,-0.05547283362303773,0.4343299733072693,0.4682881518395665,0.6306547807445526,0.4257767098125583,0.3464976821380241,0.3224452514033561,0.2542784400027637,0.7555758959036113,0.5248190712474281,0.4916895590902596,0.4019516639110071,0.3199525773989398,0.24763466070321033,0.2986662034050953,0.46801560515098717,0.37058407318101383,0.405598118390625,0.6182379729596637,0.39949687134952705,0.700454658376767,0.3291550628568617,0.5634292919904098,0.5693827964527817,0.5107242877708829,0.6042420695842361,0.6937788938428749,0.2984842900007756,0.8948885531065955,0.8484436851302846,0.5483024842109396,0.47875917941743046,0.5064061530360043,0.5939082650095495,0.5376818698702053,0.3313805047153997,0.597203806518108,0.5444144751887293,0.0,0.7465264499124564
0.3363180815284298,0.2365087501153942,0.5328351652514243,0.44057247205050665,0.7481751471066143,0.4001620775649976,0.47192075616968043,0.4972391480433348,0.4028872454032577,0.5640196650965886,0.5658568680804378,0.6515088851756587,0.0,0.5875964377239413,0.41902060332778934,0.32902795046822536,0.5567004678832613,0.48233237094596954,0.5392511479167854,0.3631292696682661,0.3525214800709854,0.25763210308641404,0.44640114124910824,0.33281672751392316,0.3789458356493032,0.5556274487199439,0.4182435085149512,0.33814832881913226,0.2316528997915737,0.2789715407235126,0.3645410493701396,0.5809053019146806,0.2806290636933654,0.47029840742665113,0.41820169721724987,0.6346570733827368,0.4667724161650399,0.35420182132741296,0.5896269567517458,0.20953275112651282,0.4936968553039879,0.34680622063513655,0.4680009631273102,0.29345641281739165,0.44440505859900425,0.5689940905796471,0.4563291877194072,0.5466892602130164,0.0,0.5917435915336442,0.5770024962954787,0.5833350153105412,0.5475391769144239,0.5577676114301834,0.5410474624764525,0.6255104396404247,0.8155694129533697,0.5455569370969273,0.39442587777515137,0.6478439018390028,0.5087801291481315,0.42644934185219374,0.5239763182382169,0.6849035665922694,0.42250044093551353,0.6250249955894983,0.4921087937354675,0.573599236816416,0.5040728654685395,0.916454224127298,0.3407440210859889,0.5641045812873262,0.5773549935135343,0.47536944669016845,0.5023699257728048,0.6429069635462878
0.43800539165673247,0.2820143177415543,0.36576351104705795,0.6137906657846437,0.4033672537281367,0.35367748198313603,0.2617452999588788,0.6430417887538309,0.42118090282493637,0.8601540387809566,0.5285167367389626,0.4644176378217302,0.5875964377239413,0.0,0.32133782079906353,0.5680703939032612,0.49307447862820153,0.4998546177331501,0.37245902798252295,0.42483010576370034,0.3879463101088733,0.2101360962242471,0.38289954408461535,0.47308839555404303,0.41540035860194047,0.40150217438792396,0.5256439782096713,0.42550355246496985,0.47239880918528887,0.4796786561504866,0.520693899878351,0.423411536894233,0.35398322876313426,0.6407859245162044,0.04618839078000167,0.4174525378456036,0.38218472755757044,0.3731834752596123,0.6055999815071115,0.0,0.6395764988412385,0.693497533842889,0.3647216579261551,0.5096221241672111,0.0,0.0,0.0,0.44774340793962997,0.0,0.6806097534433289,0.4778478327240748,0.5251761233070977,0.5244448957016801,0.3992218506613122,0.0,0.4455800126433758,0.38794232502858195,0.5525904473472818,0.5852717116381855,0.0,0.0,0.0,0.0,0.39845155048168235,0.0,0.0,0.0,0.5275400768307688,0.0,0.0,0.0,0.42484627148798565,0.7476478228205305,0.0,0.0,0.0
0.23905271077198775,0.30910818031756315,0.41205744416230816,0.4795336356377137,0.4927693818769369,0.4357047144103491,0.3580500522177974,0.5806223955094452,0.6402938115054531,0.39249618707789463,0.0,0.37286078304087245,0.41902060332778934,0.32133782079906353,0.0,0.36149317346229987,0.2932186571372267,0.31086218878463534,0.0,0.5594554772467089,0.38547381907686545,0.6775580508733582,0.34724869089166854,0.5466462852543876,0.28141142956725007,0.48484308539569626,0.5465413839851783,0.0741119634860842,0.4835489015324117,0.3534485452859327,0.34238222412599656,0.44826505992621546,0.20083742870847993,0.394930067451601,0.5445170439636341,0.6314402293530819,0.20349868806543814,0.38256983623016455,0.38748311107738015,0.4344101651771362,0.5902473857903769,0.5560060541791112,0.3333479559404366,0.40764933837821243,0.0,0.6246418772545919,0.5072140913687616,0.46577616587005277,0.0,0.0,0.28394514487857003,0.7622610031088577,0.6674229722077183,0.6394432418271032,0.0,0.0,0.5897810736832658,0.5618277195487265,0.489231763701268,0.6418420407044887,0.607300079421613,0.5887251956357284,0.7627031902746152,0.0,0.7454374652570939,0.5983338575106512,0.5889840924864014,0.7070830300141526,0.5069238474036203,0.22413470982795325,0.545759060703428,0.5796478874837692,0.6554416573207827,0.540825398319265,0.4425964181465926,0.6348257660135972
0.512829593951784,0.46195749388056884,0.4020056971722067,0.2938407293556715,0.39465443202378614,0.3502398764025027,0.303905060183873,0.7786131673465947,0.3779045343924232,0.15612005234457074,0.5078623701497513,0.5143063531564491,0.32902795046822536,0.5680703939032612,0.36149317346229987,0.0,0.4231367495294126,0.7215373429402838,0.4652727585305574,0.4993341570416979,0.5749336658477032,0.4044508307270818,0.49885285171000116,0.6081096965455676,0.4516564557553773,0.4913917136756279,0.49258541147649415,0.35200237734125467,0.5068075908267452,0.6179736098458636,0.5158221209733905,0.6043615096316722,0.2911647133839246,0.43173101303832717,0.605356197085589,0.6552985875252811,0.39323282417933875,0.399726969558293,0.8412513606588957,0.6093616916063962,0.5901582974601831,0.7154224161735792,0.5112254328341252,0.0,0.0,0.5444873743387482,0.6603268098795638,0.0,0.0,0.0,0.4480555969902839,0.7260964731145089,1.0179379854312172,0.0,0.5423199860981993,0.0,0.5102977906894017,0.7486846434720678,0.0,0.4916358405640666,0.626513783486164,0.515687802525764,0.5774797508863353,0.0,0.47879951928076836,0.609047466603517,0.5357287974866675,0.49810769233571894,0.3814863651076301,0.7309525719906398,0.6288036893790493,0.6411009381515419,0.5050716630252365,0.5061401689777264,0.0,0.5978659020517708
0.3731154584157895,0.63296649886038,0.529593353338696,-0.19024427100971247,0.6379665665846357,0.602797127224676,0.7088234934549029,0.9021271198956105,0.5204451695446991,0.5989608137052401,0.618475707036968,0.6292115928732203,0.5567004678832613,0.49307447862820153,0.2932186571372267,0.4231367495294126,0.0,0.6939418521619922,0.7296648572708984,0.3597957213507037,0.5859804881593887,0.3361107387766509,0.4650772383834215,0.5510699201838489,0.583954422800763,0.4029758258247516,0.6540977044311621,0.6594941276785902,0.23037824965365422,0.2548702767761775,0.5450631926620083,0.5200581367095558,0.4019736646605856,0.5410750048185782,0.5481523285613048,-0.15599803733866213,0.3919768078416913,0.278297984236452,0.7080061181790486,0.4498926405089455,0.6130987731691768,0.5857484171720184,0.0,0.0,0.985936734062323,0.592200942632068,0.6795330611217716,0.0,0.0,0.0,0.0,0.0,0.0,0.0,0.6506478582276485,0.0,0.5773799043703834,0.4007864838954857,0.0,0.5753894338901988,0.47411570275637327,0.6052259881485376,0.602403230017522,0.0,0.0,0.0,0.8009033025280832,0.0,0.5549659258538028,0.7094949094232772,0.6314976044031451,0.0,0.25866367863453804,0.4844292779200975,0.0,0.7118962196084679
0.4748039203303175,0.44238164030062455,0.6919488767941532,0.5123601983089638,0.28530201635394015,0.4316142789422812,0.29032575209471045,0.7794844043143784,0.6102586046511387,0.41914874035808936,0.6616360339437518,0.6155592689263352,0.48233237094596954,0.4998546177331501,0.31086218878463534,0.7215373429402838,0.6939418521619922,0.0,0.6059956688687795,0.4547508539427105,0.85388915399159,0.31977688103020513,0.7205526666926227,0.510823701243201,0.486607796290229,0.36576184114082316,0.5607208009073956,0.4480990789981724,0.4076341093565764,0.5471920589012061,0.35981073614609205,0.4922656965496519,0.4493701387362272,0.6292721168238886,0.4900764771577474,0.587147398523586,0.4251023638295658,0.2816905415527237,0.886579599534222,0.5879542726366919,0.6116931113000396,0.6956515187700754,0.0,0.0,0.5366106250124518,0.609891085944192,0.6748496108508989,0.0,0.0,0.0,0.4730226548595601,0.5229549184141256,0.59437579535916,0.0,0.6912464699076558,0.0,0.6386808572797231,0.5591959531010333,0.0,0.235385109819575,0.6144800673110742,0.5699195173340459,0.5868032461496299,0.0,0.4148952406827587,0.6850470220195459,0.562451106285224,0.8104927241596533,0.5715247686423535,0.6964919227277063,0.6497734528441006,0.5426652862751795,0.6276009981032727,0.4597587518292516,0.0,0.7197715579746167
0.0,0.42134988276237495,0.5209140178335245,0.3233081224578658,0.5484633393227836,0.444226372091187,0.5579037608033619,0.21816723031949456,0.2562259659700741,0.5257575011472935,0.4052214107572987,0.6667394500916728,0.5392511479167854,0.37245902798252295,0.0,0.4652727585305574,0.7296648572708984,0.6059956688687795,0.0,0.49733577119663436,0.547093233952222,0.44844472952533293,0.19518886734965119,0.3998900880475499,0.5816546131865747,0.6081667394268995,0.521299291375452,0.5155296449373034,0.5440586841612446,0.5515774022881418,0.5052338114600905,0.45473094757727694,0.5758758431552647,0.5213546295510125,0.4042024436175479,0.41716238043847026,0.344247871787711,0.49146173064834087,0.6472111690410536,0.44745516016522197,0.5618087742025994,0.2712011995232729,0.8308049983274306,0.6914442109576735,0.014129128159128824,0.0,0.0,0.7881747407104368,0.0,0.4733286903057126,0.5403279765809259,0.6431969987976662,0.49765921222422405,0.6026425973327919,0.6029301928333445,0.7763614734060942,0.45095628112732855,0.5411359196248027,0.3972637467163985,0.0,0.0,0.0,0.0,0.6948402909303911,0.47499217472609967,0.0,0.48376159779642025,0.531684709444596,0.0,0.0,0.0,0.5576270092296953,0.6415596727646207,0.3288182010814954,0.4876306345031462,0.46160471552455484
0.40480550186821884,0.44840183296054004,0.36281438603357563,0.8093320663837579,0.4003667013935769,0.40801096474995935,0.33029802797584973,0.5276558776487608,0.3720371360565724,0.948255771952451,0.4842056809112715,0.5437148774969507,0.3631292696682661,0.42483010576370034,0.5594554772467089,0.4993341570416979,0.3597957213507037,0.4547508539427105,0.49733577119663436,0.0,0.5518808737620489,0.46865567492161514,0.5147743117406912,0.6996719907147023,0.4134855020998338,0.3642540867623115,0.5155616986431075,0.49441619045265894,0.39895171197523704,0.272912818077247,0.42248759668627145,0.6029913037445049,0.4414308341257469,0.6348906895181878,0.8759954227408185,0.892604871257564,0.5542900804336987,0.918595474766863,0.4922320316592371,0.3324853463189248,0.5866530734388644,0.5191717859432898,0.3858393775345915,0.19070958497741894,0.3394568734640361,0.7585099088239349,0.5335147583704039,0.4901270414852241,0.0,0.0,0.33230474196908566,0.46181709962727213,0.6565106841139481,0.43226167462160514,0.8487184987235392,0.0,0.4698173392065582,0.5169562407058604,0.0,0.4758204186648366,0.503332687055351,0.5117809567602373,0.6661732122766935,0.0,0.540884076386648,0.45933970058034007,0.3799360208900251,0.49042600947662207,0.0,0.2756252497620316,0.45832171990371,0.46519273763223784,0.4222647944172584,0.5097794262238058,0.4998853166565323,0.526166820105611
0.5798109367710352,0.569667753978153,0.33944352031042774,0.5020361397257093,0.37769321906158426,0.3814131134114628,0.23500124962005875,0.6222326810094795,0.40053956998605156,0.7238848922859729,0.37955956228851734,0.5012034510355238,0.3525214800709854,0.3879463101088733,0.38547381907686545,0.5749336658477032,0.5859804881593887,0.85388915399159,0.547093233952222,0.5518808737620489,0.0,0.48701996546559134,0.521652601506263,0.8167952604659037,0.6019730513368946,0.6910096328072675,0.5498433381866732,0.3308489165138743,0.33614289453843044,0.5510380675770375,0.6483258376405985,0.5607875227931048,0.3229057314720168,0.5161344814560558,0.7411062148550931,0.39878344169054514,0.298407851823124,0.3599007786049475,0.6481225527795829,0.7206672794793068,0.7195050176315132,0.45764895907907543,0.5568225113470691,0.0,0.0,0.7201414093742868,0.6746637486914675,0.5636006957806816,0.0,0.0,0.48528196903433,0.498476399882146,0.6620073676743436,0.7573831904850835,0.6743773614727837,0.0,0.8415785192028665,0.4807856096749046,0.0,0.7427802746666008,0.5790690115719644,0.0,0.7410391730868746,0.0,0.7141332099914428,0.8702672285878581,0.5953673533011851,0.6429396685992763,0.535358533074272,0.5248314042179996,0.7785265753362757,0.583334097295994,0.6923562203072768,0.6708871599458811,0.4217814346095283,0.29661316671994786
0.3910457320955381,0.5445684852812013,0.33686931021547584,0.5967081704457669,0.2948917572498724,0.29797349230278203,0.2625348368305346,0.557204483672022,0.3408101813487186,0.37457413395745975,0.46743031564281634,0.07988541633781435,0.25763210308641404,0.2101360962242471,0.6775580508733582,0.4044508307270818,0.3361107387766509,0.31977688103020513,0.44844472952533293,0.46865567492161514,0.48701996546559134,0.0,0.7471172753833148,0.3775480094558985,0.3867377366736407,0.598347843023985,0.5104578598103349,0.511802508955516,0.5042284492996665,0.7089621637543422,0.3683318454487359,0.5971745871220848,0.3382765284655924,0.5689113601268813,0.7035501363299537,0.6086430424945176,0.6805077039243366,0.27523013279691,0.4583666495463684,0.4489731250639102,0.4912667545878479,0.5901709905200073,0.23076625158145891,0.20657961768580274,0.39392737981484705,0.565407282037125,0.5480387594814264,0.571151907609029,0.4927094517554029,0.4002172886568922,0.40082057248496994,0.2709367312886705,0.6750088301754742,0.5854830282131973,0.407785175748702,0.0,0.5247905974155056,0.2587894892922851,0.0,0.46191553946875197,0.517854572643613,0.4790853541847564,0.2311858040913155,0.0,0.36873948126299344,0.5113937725039484,0.41021285944264013,0.4312107854088516,0.27547420724168015,0.43899863465750105,0.45682334580045403,0.4021864453294749,0.36546453679181834,0.40137317257697397,0.7307497462051304,0.3365019253005964
0.6046845880817207,0.2929591812781714,0.20804974802461654,0.5741591944845098,0.5256824262714476,0.4150272677620499,0.5296173151792004,0.45527129936510197,0.5096737451887579,0.3892918369130546,0.40137961676317413,0.57046843273579,0.44640114124910824,0.38289954408461535,0.34724869089166854,0.49885285171000116,0.4650772383834215,0.7205526666926227,0.19518886734965119,0.5147743117406912,0.521652601506263,0.7471172753833148,0.0,0.6474675629780109,0.1759223234086924,0.441303787445526,0.313545628995105,0.2845186919797129,0.1851825578382152,0.35103027360162237,0.48629502436321337,0.5025343663611738,0.4798006080123651,0.42526197657389864,0.40894796042563336,0.46766960690084985,0.42738529649617135,0.2427846283167719,0.6574544674788761,0.41538186591482845,0.6435514236450639,0.6037604805359833,0.5965373542494246,0.6503034329200386,0.42760699038673305,0.6029536399824633,0.5764345368699895,0.6590814975491779,0.45675476622569533,0.7768001875129239,0.5846283342282437,0.5426367560554225,0.4348346203834115,0.7026053357533488,0.6105558299033029,0.7771070565587797,0.4559258898581818,0.5241648289009485,0.7484858253245585,0.5508112452521899,0.8814139162355465,0.5094929070919225,0.7773463055776746,0.7199367587297789,0.5901089384287914,0.6588639841564574,0.46770834991216653,0.6746961980868237,0.34917474305001583,0.4869122834337942,0.45010843387630217,0.5227294504060315,0.5153937983540544,0.6041985340828552,0.639248477036785,0.6276811895768218
0.7234379030191693,0.4443362413626112,0.5482798983017896,0.004598202860281536,0.37857416446636316,0.1636642481637698,0.2523396541338462,0.6975034699615413,0.4649764970759743,0.37388272436661985,0.4416254650618141,0.37665645626495914,0.33281672751392316,0.47308839555404303,0.5466462852543876,0.6081096965455676,0.5510699201838489,0.510823701243201,0.3998900880475499,0.6996719907147023,0.8167952604659037,0.3775480094558985,0.6474675629780109,0.0,0.5687519682286946,0.4029538094612918,0.4684141219501471,0.4502078712869996,0.7483030749724766,0.7334657335939707,0.5027439347365206,0.35091469008618986,0.5712424269380207,0.5397171490480239,0.5199661390221737,0.06986187334345961,0.177509859357331,0.3950625356030938,0.33241699184415785,0.7057977145912971,0.5133322161187756,0.7655326887612348,0.6682490200671056,0.30454609788851367,0.7928151660209527,0.4871253716828362,0.6810804451413508,0.0,0.0,0.5158284078891882,0.4861088948134632,0.42657950756053226,0.0,0.3379588949112826,0.6199882771360001,0.5369658686154394,0.674704586721171,0.5779000744648597,0.0,0.36035555149709386,0.5761695920612693,0.5535458669428659,0.5548182561995381,0.511365399144051,0.44796085918568607,0.3343737430011191,0.3287331667822417,0.6887963417300823,0.568177276082273,0.6692011072990669,0.6126535352086708,0.38138213859777054,0.2525757721760126,0.8915667677323665,0.0,0.6448617014624359
0.3256340254473179,0.383566954852348,0.5794510650661939,0.8604673751610005,0.582252661526003,0.17594937868742735,0.18536749341851194,0.63749535053634,0.30945213963215,0.5540271639274215,0.6377089667632114,0.5917700367168804,0.3789458356493032,0.41540035860194047,0.28141142956725007,0.4516564557553773,0.583954422800763,0.486607796290229,0.5816546131865747,0.4134855020998338,0.6019730513368946,0.3867377366736407,0.1759223234086924,0.5687519682286946,0.0,0.28035171261967107,0.20214934017975572,0.3544868929928,0.21408002527994527,0.37158180731540186,0.41430706982761295,0.40261104688136473,0.40848749959788466,0.45851770546059156,0.5011380106040857,0.5629653874129509,0.6342891647974715,0.2958752805290382,0.7771369780569565,0.6126339691522068,0.6366246234760438,0.6790422950410155,0.20374528682046222,0.0,0.37515718854032376,0.6484624245376591,0.6635421321559274,0.0,0.0,0.0,0.4098106185413558,0.5789328635908462,0.5723532476927062,0.47168658893479387,0.6218065675896345,0.47861997128142936,0.6295721657652791,0.3897601669370002,0.0,0.44968578749371846,0.5947683522404009,0.5709383042847782,0.5637791783757288,0.0,0.6252527502886174,0.7140393913851506,0.5175611047233164,0.44769970658699654,0.5561869849778984,0.6478301648972391,0.5669145169656675,0.3275481983410766,0.6119961633651538,0.42509185001375593,0.0,0.6216668069750039
0.6749431566577964,0.4229819218167073,0.6353761395371652,0.4810425554351942,0.3434625621638687,0.2462786424615938,0.2990212363863007,0.6911632699993824,0.6356988453389895,0.4504266697028286,0.6879388003800307,0.478424563438811,0.5556274487199439,0.40150217438792396,0.48484308539569626,0.4913917136756279,0.4029758258247516,0.36576184114082316,0.6081667394268995,0.3642540867623115,0.6910096328072675,0.598347843023985,0.441303787445526,0.4029538094612918,0.28035171261967107,0.0,0.5260029994877693,0.5949232936070714,0.4680194544620812,0.4023470925495943,0.398911305733928,0.67245102653565,0.4678611082432059,0.47267045156688636,0.6014643184155217,0.6788976667251675,0.4764548406900769,0.32724219204745025,0.6085501028598559,0.5025206717305343,0.6315688326712035,0.5368960243736192,0.359062998691842,0.5229667448438562,0.5736152028084214,0.6793341382106712,0.6895109055552826,0.8050346691006369,0.0,0.00690973962786342,0.4565019079194463,0.5374583802854598,0.7456804364098601,0.5496058397431256,0.5548555121508513,0.0,0.6038491282484142,0.3753086632629652,0.0,0.578054806027396,0.6521749006913482,0.4972897163839227,0.5422594696695097,0.0,0.5334333391109336,0.8422249783300768,0.6625805954536279,0.5939745441570154,0.5452428294937489,0.6594860371389759,0.5886159606759287,0.5509064664728347,0.5679628806638608,0.5810759101694084,0.47710606476950335,0.5787862425788362
0.49695080900703814,0.3433072262195128,0.1925545838107064,0.737803100702972,0.5057943664122866,0.38142519053540336,0.4091783999729625,0.4581353649425068,0.379749908139076,0.39733950859253986,0.5050403710584912,0.49979368898169063,0.4182435085149512,0.5256439782096713,0.5465413839851783,0.49258541147649415,0.6540977044311621,0.5607208009073956,0.521299291375452,0.5155616986431075,0.5498433381866732,0.5104578598103349,0.313545628995105,0.4684141219501471,0.20214934017975572,0.5260029994877693,0.0,0.30760425552586435,0.3925525128101663,0.4319170836328589,0.4650367651794137,0.552948350539429,0.533020925300561,0.5190425221866568,0.6701189303680051,0.6942582446080865,0.5300515092965978,0.20428317358590267,0.6257644045643571,0.6169334473698802,0.6222518747822711,0.6126214811080571,0.42589811290654467,0.6920851083639283,0.1612793492959715,0.2051135138205023,0.4530619940074265,0.597676241006463,0.39548013995551634,0.7405859690454397,0.547680088271935,0.5005761533497604,0.49248199739877213,0.6303797520070595,0.6382785754720168,0.6985110843457962,0.2955232199344989,0.5353852681059255,0.670204582408674,0.4780811258944653,0.7978675649495824,0.0,0.7077501055748372,0.6851906852592111,0.5401099097258105,0.5200363238499431,0.3924639503874334,0.5117251666041919,0.0,0.7354605882635894,0.35244555098489533,0.5067971680779969,0.5395632394356134,0.542930704032941,0.49750587909253524,0.6176644862351242
0.312259141942398,0.13376235556283447,0.47881197184778723,0.3424361237297734,0.5927533850336254,0.42678096958113076,0.278283070690994,0.3408751966534348,0.47150945183769094,0.4622210697493781,0.5648653977415992,0.6693676097509076,0.33814832881913226,0.42550355246496985,0.0741119634860842,0.35200237734125467,0.6594941276785902,0.4480990789981724,0.5155296449373034,0.49441619045265894,0.3308489165138743,0.511802508955516,0.2845186919797129,0.4502078712869996,0.3544868929928,0.5949232936070714,0.30760425552586435,0.0,0.38606107456099403,0.27444798464863784,0.46477234478194285,0.52366223427246,0.46919419843403226,0.48393508923471834,0.5566988697661814,0.5895072378220613,0.3281978176725704,0.5391173262211915,0.5435128396673695,0.24692806304311232,0.3994884650674007,0.29292571759028335,0.530072638307481,0.419192917577316,0.6496067208548202,0.45920581757764856,0.4132369898813168,0.5162276536902658,0.0,0.5574164919948421,0.5569608305687845,0.36833425620590576,0.5020201820268674,0.5251964812501402,0.7753743859277138,0.6433205644143123,0.8476639365085927,0.4106217129311349,0.44269370862843793,0.46654159487044056,0.35988894404972116,0.3409028803644438,0.5817326477627934,0.829018068985313,0.5149477625338045,0.47092842952660413,0.5683469524717315,0.5557260355635893,0.4959559351214397,0.6065789440575609,0.4353542839311397,0.5306617838574289,0.4603061586858117,0.4690832560523031,0.5757731789436527,0.669343378411509
0.3716980865771332,0.3163880652362725,0.3800045346128017,0.49370035942024415,0.29358046027681683,0.4584300003858513,0.24724682089789352,0.1721761532599072,0.2231812577627853,0.3577269596276625,0.3339255468438102,0.5380210078675299,0.2316528997915737,0.47239880918528887,0.4835489015324117,0.5068075908267452,0.23037824965365422,0.4076341093565764,0.5440586841612446,0.39895171197523704,0.33614289453843044,0.5042284492996665,0.1851825578382152,0.7483030749724766,0.21408002527994527,0.4680194544620812,0.3925525128101663,0.38606107456099403,0.0,0.4385211175765976,0.4305570271648347,0.343848117250034,0.4362502117274324,0.5516980214889722,0.5706764679256757,0.5082289814748174,0.3188624861850229,0.4545421315996483,0.4006857160252902,0.42600733910660804,0.4751276864805901,0.4583990777528408,-0.04799755691441632,0.2816959199859667,0.43840839992068287,0.622836270673439,0.49944741114941527,0.3666516415208091,0.510094488482685,0.420418928441554,0.3222941797954474,0.35934056449695695,0.5267530432316135,0.5355317069595944,0.6050593221884455,0.23945187506947588,0.49682953147410547,0.3439913657274201,0.5740558050055693,0.4643133412928433,0.6238237856545223,0.48796372436497126,0.5712713175455638,0.39092087119994173,0.49099194209496627,0.4420297377067697,0.47672526592579284,0.4479812194104539,0.47713175401477115,0.5407214093153706,0.4597369017955498,0.4135558121922273,0.4074085942098535,0.37946386387847025,0.42226654560140126,0.4567296703168462
