0.0,0.8225006884519421,0.34373388237276287,0.0,0.6933246892128817,0.7059501940832942,0.5868175640085451,0.5105249243309721,0.5396530882528812,0.516270215347249,0.5280649099590904,0.3433121976481502,0.7654364422267579,0.5594244098302945,0.6166811342669005,0.8221371425220194,0.6055022158850538,0.8049375011355713,0.0,0.611911722619985,0.31398949118330793,0.8039382001722422,0.6528511534756354,0.47967033425953703,0.7481964754295749,0.8650027092029058,0.7940479476978117,0.6159692086540183,0.5978078469028031,0.318524353519002,0.4232196344249462,0.5949315241073042,0.5244773206484389,0.49013970399996476,0.38491396786488397,0.6407129503414121,0.4541303745357935,0.5212029457752512,0.5910720458702742,0.7369662616800927,0.44551933514163267,0.6110558740175851,0.47326059467136583,0.0,0.42561938676159206,0.5815226409394042,0.6328680537195746,0.0,0.0,0.0,0.551022449871605,0.0,0.6835168201581433,0.0,0.8915120971670173,0.0,0.671422802162088,0.6400206606317485,0.0,0.5333481752254474,0.6378985414125253,0.47099538375296374,0.7483634299481732,0.0,0.5996325663252535,0.3032474040831241,0.5433005947623812,0.6778251336699541,0.6696864335405986,0.7744738979057606,0.802280472498909,0.273701535455646,0.4602057681968183,0.5218533662027516,0.0,0.5686811548249793
0.8225006884519421,0.0,0.7735848547233383,0.41103474303588894,0.7725947046660816,0.8717028973348128,0.7515219631344257,0.9336990475137437,0.725315176330693,0.6999186507908416,0.5233124487767549,0.44800355603460335,0.7834041400968914,0.4500309501893005,0.638240787323552,0.7429783537081797,0.6567202566808208,0.6673042508424205,0.45188684441969634,0.8480889077810592,0.7616765192301708,0.8106111987715447,0.9662375430096055,0.7042446970874099,0.7556582096286766,0.677613786784794,0.9519638866017902,0.7658654255034114,0.8909237475244279,0.5927470323369299,0.5087729907253642,0.5267733656412835,0.47363369456954046,0.4681006792367358,0.5062636598413144,0.6956017885596639,0.035536451531255196,0.0,0.5612135079861122,0.5821551779811196,0.4316355469964239,0.6463126892209876,0.6198214167985967,0.0,0.0,0.6694352530994885,0.6738076394585099,-0.029254193899014194,0.0,0.0,0.6773631694168332,0.7416205830034054,0.5974194777309119,0.8280720048001172,0.5205210241550966,0.0,0.5256024979120528,0.6853576739233536,0.0,0.5837286567510285,0.5576354308478415,0.6337542577520523,0.6898093764814867,0.0,0.6738356141204713,0.7668013530435352,0.7696114979490803,0.525460539390362,0.5316055322854326,0.669979595229716,0.6758058607875054,0.5451710546921382,0.5583012003409968,0.6040324016753801,0.0,0.6180343459397953
0.34373388237276287,0.7735848547233383,0.0,0.4993522070845148,0.4846134295752894,0.47901429683876173,0.6602495307263245,0.5481836888893834,0.41006149431125816,0.5985466737572851,0.5084719774963233,0.751625225345367,0.5926034373300155,0.6677484756747415,0.5936910221441878,0.41579590613333284,0.7224892959135772,0.6135621565201252,0.2866377642823412,0.4731637558552425,0.5378846504933481,0.6556219258510328,0.3338871389573559,0.4864620592831266,0.6613505496433012,1.0348693187815061,0.39259926219918573,0.6340118296355528,0.702636822495624,0.7849282308776351,0.581740271433276,0.5865046108562203,0.5291673466243773,0.5855377151856481,0.6243844724410521,0.6122174442940767,0.6205420622369029,0.6441711409698578,0.7023842521965975,0.4948958945963341,0.6941933397105899,0.5532285948510204,0.29141357539820767,0.6408189798310218,0.0,0.0,0.4137067933814911,0.5134222795657106,0.4743431366599389,0.6787356784914973,0.7489618127692067,0.7200870100957735,0.6828766080868103,0.8204430524263117,0.40084218611450934,0.5855020479384917,0.669146508038301,0.7225363289223523,0.3333853632008358,0.39776914656057943,0.0,0.0,0.0,0.39157482776520436,0.842597675480741,0.5043742510440086,0.30743561290941235,0.6562423191447535,0.0,0.5522701677443369,0.6707764033679897,0.817866559543576,0.709395667641441,0.5960602237716808,0.5080824614961305,0.5242215804442666
0.0,0.41103474303588894,0.4993522070845148,0.0,0.42084469366964905,0.6615522506364521,0.3084746222544245,0.3138747061834602,0.6779020760340981,0.21936998307340194,0.6093377815191268,0.28273300170662996,0.8685115571628306,0.3855666088415901,0.7758209916192629,0.2578355415734122,0.46464211583842835,0.4713165581490619,0.6208546403494968,0.7627204820534893,0.4378711330735525,1.1525484757861877,0.6559193470295578,0.38346816535146955,0.7917259857907795,0.8535896170457846,0.6909000792931571,0.37752870726417453,0.5063572151178982,0.456994343027716,0.45749930291586705,0.3158161329623659,0.3479370004301764,0.20433185855636088,0.4311480872518505,0.33303084018681234,0.34916456504286164,0.11874052511451802,0.1512922338917591,0.3807903078109671,0.4243987313571839,0.2171783510914768,0.3494569425360969,0.354149463972937,0.0,0.0,0.0,0.46525637233308575,0.0,0.0,0.8027879609241371,0.0,0.4692920555621064,0.3687475230159877,0.0,0.2588668409563392,0.5842666493976929,0.484792457331672,0.0,0.0,0.0,0.0,0.0,0.0,0.0,0.0,0.47636457265940735,0.7701337801611772,0.0,0.0,0.0,0.6140893199397391,0.4488348988737544,0.695193234443855,0.0,0.0
0.6933246892128817,0.7725947046660816,0.4846134295752894,0.42084469366964905,0.0,0.5537861258407297,0.44237834141041443,0.5806303211300614,0.4947900446450609,0.8218946498782933,0.4468890018965911,0.6107097642075567,0.8970306653257103,0.48538685758407757,0.5918285227489215,0.7672618348348483,0.794992932681219,0.723589952899324,0.29552494012209785,0.843511310057675,0.477786934247935,0.8301276396730479,0.5327369069709607,0.7886482438343659,0.8403446117532182,0.912638341536393,0.5607606330694515,0.4171622390970755,0.9090495975640376,0.5916577105002008,0.7301937690806903,0.4734743168314902,0.4814970295861968,0.6839394245602557,0.5310150902361898,0.34506668730083,0.1941116303429867,0.33517540200869433,0.5151304787015385,0.38241631884259175,0.6490836189443138,0.5372768984435752,0.1765308808599818,0.5408897140665034,0.3744632489503036,0.0,0.3483495724444217,0.42905369831250095,0.0,0.3864051142865603,0.5469078132415296,0.5484998098229863,0.3369862985013926,0.509480643835378,0.0,0.23415138926608994,0.39722487391492767,0.6511476728655574,0.22323895535751395,0.47322873171496893,0.5103226572822108,0.0,0.0,0.4218496493079613,1.1019735542103126,0.4477923359419697,0.7077921875006922,0.42961769304138386,0.0,0.49511002917942215,0.5947371389953033,0.45144655328592065,0.5710723895202914,0.6162676865596141,0.0,0.6849166878401458
0.7059501940832942,0.8717028973348128,0.47901429683876173,0.6615522506364521,0.5537861258407297,0.0,0.6936306505646579,0.7881261718725248,0.4213891457859741,0.8015653021008939,0.6137019890969276,0.9384663955435611,0.7718272232135825,0.626611060183403,0.9356481121422605,0.9182922601656913,0.7102905951210172,0.8038891484688313,0.697891428394685,0.8177929232499029,0.9013977236787246,0.8348657548964653,0.6279775726522838,0.4734697616086872,0.927844862991916,1.0605407401461706,0.7007323488547059,0.8537663530251168,0.7511267735066076,0.851431212366389,0.7562597355786163,0.7742962775008477,1.1048334748643092,0.7989722567709718,0.830054757365325,0.8595013647659339,0.6612654707150866,0.5697475818455826,0.6816117459861222,0.44163542676338813,0.6717948134112959,0.7410254084849075,0.718205976760684,0.7464391321400076,0.3004726510678858,0.9533320563840695,0.7992888447131292,0.6902296911473177,0.6911898262888351,0.5468476300764397,0.6690096452865897,0.71994691720774,0.7130327301695092,0.7564451423204812,0.701052871131597,0.5738973337052029,0.440302626527456,0.6447084089377864,0.7389436654840293,0.8033516674596433,0.7887264421114837,0.0,0.6737767570170764,0.6075662622691688,0.8888087298513646,0.5695223330554211,0.9184862310174298,0.5575041724757899,0.49971451157964464,0.7429359800197269,0.7521244814757817,0.6158970878372947,0.5850393547838086,0.751072839854914,0.5322078490049007,0.6680255310772403
0.5868175640085451,0.7515219631344257,0.6602495307263245,0.3084746222544245,0.44237834141041443,0.6936306505646579,0.0,0.4668790736950663,0.6075380784009239,0.6736585572047086,0.7068779289656046,0.7201345125219856,0.675039755594439,0.2986629925460794,0.6335424582167521,0.7640535053593878,0.8251889998817431,0.7322474441118527,0.6414612073074217,0.6951948705274166,0.5658945249234248,0.7253572751385251,0.5876900034122247,0.6411065202193131,0.7987449485885463,0.8077025291305548,0.6658582345018811,0.6247597605054749,0.7022236438594858,0.6495157347773581,0.6363387232206346,0.7145293360972952,0.8455564720642794,0.4604826902422496,0.4662379617297189,0.44789375072434723,0.38715042986927095,0.339512379224686,0.6851397601492251,0.28824762358730244,0.5006057081584065,0.7365113497620188,0.04827289943005658,0.8544844887541257,0.3743225642609551,0.0,0.7021460459415715,0.3916742418700398,0.0,0.31198011259070346,0.519468670732921,0.555162003756786,0.44988089349073557,0.5674091691098884,0.5909506104789364,0.2818437740184989,0.5518334872931474,0.46363036400854507,0.3831982276314786,0.5574191912474029,0.5900807401795689,0.0,0.5084380436947317,0.25394656011457556,0.7981544953547417,0.723560324309638,0.8698958856801609,0.4296706731135227,0.46509149014558204,0.6119685740508977,0.6574696356126563,0.5084376429288681,0.491192703432478,0.6030249992159393,0.7646437583806289,0.4444206771984726
0.5105249243309721,0.9336990475137437,0.5481836888893834,0.3138747061834602,0.5806303211300614,0.7881261718725248,0.4668790736950663,0.0,0.49652517100462823,0.08842799271578555,0.6797496339979665,0.5303435154375562,0.480562709625934,0.5004130687431505,0.6709886984815823,0.9060948575531557,0.48347058417160915,0.6460901916219803,0.3673141894036872,0.6156045747505713,0.532469588180867,0.6911392421375526,0.5859263015881521,0.36143690986297905,0.6697037905054893,0.6098551424695204,0.6487237125410641,0.6055598373539824,0.7215767751628462,0.620459219392308,0.6159150727475109,0.2662123304462185,0.6094888445646028,0.5402121738670569,0.4445576770115621,0.1514859645350169,0.010429272292529324,-0.12157439559933664,0.4606854745989988,0.6272437770850513,0.45861176578788043,0.6783802425248525,-0.07504156831878134,0.6488960165478944,0.0,0.6161914749151187,0.3450948719887047,0.5722692515104432,0.0,0.44359925506691156,0.7781802740199324,0.6158329598627089,0.5867527083013621,0.6118061057286748,0.644257196168281,0.3682788114283444,0.9700287253642355,0.6175221948823977,0.12649411872216026,0.8535131108904621,0.4983589864912193,0.0,0.6232122568191181,0.5818446417800299,0.8375241562789453,0.8386697430692079,0.5753233170853917,0.556707767049114,0.0,0.5174838589607216,0.5663881262634677,0.5572219789861235,0.5862531876781314,0.7831991426395335,0.6677018493880427,0.5548439016824542
0.5396530882528812,0.725315176330693,0.41006149431125816,0.6779020760340981,0.4947900446450609,0.4213891457859741,0.6075380784009239,0.49652517100462823,0.0,0.719789079033555,0.5167772819920569,0.6868248545763638,0.6614562720120023,0.48984214931011577,0.8194856531990453,0.8373346542072609,0.6574897982094263,0.6663030408542876,0.4065284405272725,0.8216502961014982,0.5491023984929562,0.9261652021710758,0.5244137307892427,0.6925001219365885,0.8271103635566278,0.8521014704710208,0.49057661867955615,0.6727845000589652,0.6922153420901417,0.6149097104151897,0.657465044474808,0.6044110488315299,0.8194101979762248,0.6577900057649837,0.6307338626517213,0.6093872971552412,0.5875381166740639,0.6507753243595283,0.6637041493145968,0.4035420533122467,0.6003698357371482,0.6863958303591216,0.14334539303917515,0.6307935561621946,0.5275854368705251,0.0,0.509560891171735,0.718970278257268,0.4721411496981464,0.7460621438543782,0.803975823326702,0.7667329996251779,0.6931732853686761,0.6469384715906145,0.27847419440146504,0.592890327163354,0.5620714354286005,0.6171913740248375,0.13481102862977534,0.5768378442660842,0.6978835906132973,0.0,0.0,0.6321329184126245,0.655021701102647,1.2302606700754612,0.7771828628811854,0.6229544736426538,0.42128823237803936,0.4785275786103641,0.36076308356506437,0.6196042194118757,0.5845221040298108,0.6547789022703605,0.5983968629696599,0.7650356012504478
0.516270215347249,0.6999186507908416,0.5985466737572851,0.21936998307340194,0.8218946498782933,0.8015653021008939,0.6736585572047086,0.08842799271578555,0.719789079033555,0.0,0.7304907345020138,0.6604996265831011,0.8313179353513367,0.22489512987008717,0.5991332418984747,0.5986035173688463,0.7319739689999867,0.5422696638458149,0.6908697167939004,0.4818303269792589,0.7230212431332279,0.6596018325915594,0.5218112499888183,0.5819510383320121,0.6145280931194865,0.6274751973011052,0.6299656047166566,0.9249710788680019,0.8531214220205527,0.4170777350151585,0.8314035402228578,0.6414945704946641,0.6536316164325486,0.5533246868922488,0.4319974003032554,0.227752013509953,0.20247964979583688,0.38355749886960855,0.47453385496553147,0.7977522621596742,1.0414869731899528,0.5627546905122793,0.4625879113644815,0.5160148097952975,0.9200560552134682,0.6201413384292054,0.5956549998975167,0.3703683813020191,0.4629656369769198,0.45542165000563006,0.5417658292299866,0.5586911886917992,0.7347249537986748,0.2801983183886028,0.8303722376344134,0.3542954377760982,0.8424490882121487,0.9338958068064429,0.0,0.5850141977743594,0.649708095010858,0.6867699222525037,0.6243315343663671,0.4827603800382241,0.4866485885764433,0.6972144995961966,0.5935825108629584,0.3654772483173808,0.42386502456081876,0.5833556145791821,0.6744318631353226,0.704266556969243,0.7504149669674964,0.7161454327776714,0.0,0.9968046144131764
0.5280649099590904,0.5233124487767549,0.5084719774963233,0.6093377815191268,0.4468890018965911,0.6137019890969276,0.7068779289656046,0.6797496339979665,0.5167772819920569,0.7304907345020138,0.0,0.7446656031512231,0.6668084989844314,0.6245119692341923,0.0,0.48952920594919597,0.6141208769809408,0.6468453381713467,0.2925208143978352,0.5103903984413705,0.44623033178102933,0.4584849233427133,0.6087638149261605,0.7045132150224014,0.6241507663346914,0.6159879727126616,0.6274420001977801,0.6652317996273277,0.35199039982364705,0.5328718758846318,0.6304447658529537,0.5748260721383613,0.6158264407750801,0.6580011864397076,0.7678919981293714,0.7124136521313403,0.748746915379731,0.471296263823917,0.567559768295354,0.6637689436524349,0.34753317276968065,0.485981148434139,0.31892461777045383,0.5200890174564401,0.3538167059539117,0.0,0.0,0.40540385948933405,0.4828120588999893,0.4895032966501106,0.8280665626179144,0.5901979640067553,0.7067283790273031,0.7321695247958084,0.5086271880314053,0.5066832773272869,0.4509056011479647,0.5299305850990903,0.3694236417322946,0.0,0.0,0.0,0.0,0.42772230128543764,0.6011973287386012,0.0,0.5691499858488167,0.6493626293537744,0.0,0.0,0.9817708129913012,0.6977017641119375,0.5895271513451665,0.16080787193478066,0.0,0.8562269095315972
0.3433121976481502,0.44800355603460335,0.751625225345367,0.28273300170662996,0.6107097642075567,0.9384663955435611,0.7201345125219856,0.5303435154375562,0.6868248545763638,0.6604996265831011,0.7446656031512231,0.0,0.8677401627606363,0.7607823527383033,0.32671397384361783,0.9062041325620607,0.964157821511379,0.831538127627453,0.7251858562501744,0.3459478973257693,0.9465360029632626,0.5456824250947792,0.4517525122231647,0.7124521098892529,0.7274393670028096,0.6144815662564387,0.6362960706502456,0.8440398886394586,0.8348897349162879,0.4156474394124908,0.8325910822512459,0.3522718325723484,0.919907158711735,0.3708877136210196,0.5586577321573556,0.32548518989511976,0.4156200442162051,0.35518023880838817,0.29084558868283616,0.8625192355335681,0.8850008656582645,0.31904225050172663,0.41637425793246463,0.4025994866835405,0.8419204912703259,0.6624007383021886,0.5234037653288504,0.6912767927563088,0.20745477207370092,0.43775484701887446,0.4804671366131281,0.41892486104285176,0.3806361246869345,0.5500355119509811,0.9006024810397932,0.25865329757588923,0.957306959518607,0.9173335769937028,0.5726355159480864,0.5446161043481932,0.6402103972249945,0.693087493239084,0.693997240756202,0.33356235097723663,0.9612675555200176,0.8488106910960728,0.616195218722339,0.5107373515915701,0.5130898463860962,0.6803313558132809,0.6981174231838814,0.5338788313751062,0.9253961872510301,0.5835056564484347,0.0,0.9454894507220535
0.7654364422267579,0.7834041400968914,0.5926034373300155,0.8685115571628306,0.8970306653257103,0.7718272232135825,0.675039755594439,0.480562709625934,0.6614562720120023,0.8313179353513367,0.6668084989844314,0.8677401627606363,0.0,0.6045389844784854,0.6756978047952229,0.7360513459786218,0.6288581662608533,0.6743452275779194,0.6308870267776092,0.6631543228394252,0.8023371977970869,0.6817518212316924,0.6368076791840025,0.6128457277981532,0.7621137778006025,0.7324617580771227,0.7156971457813461,0.5344562806566513,0.7002319061261,0.5107897147195614,0.5201756713587795,0.8743381463470523,0.8721107731090407,0.6463578356264782,0.8303664510803508,0.6775222693770631,0.8573366764215358,0.704361496208576,0.6795506344686906,0.661181404334551,0.6711901477081708,0.7547223471043929,0.7286516746030047,0.5719932217681598,0.5336042439058403,0.7297875751652133,0.7628097202253958,0.5832697741032608,0.0,0.7738703898454953,0.5572497479805525,0.5887704443951507,0.49278268376174694,0.660012916559894,0.6112609333863119,0.35771698295519727,0.6277973989335166,0.5872106166384538,0.395776769688431,0.6648436000805932,0.5134406496223997,0.4649911174237422,0.6418836475471237,0.49786443957498966,0.8120587666706374,0.7033015733134469,0.7282730468414724,0.5620188381137967,0.6570429929124292,0.676094042606632,0.6237278670552819,0.6563758329878172,0.6333991801752414,0.6687679217686715,0.3835723540214197,0.5991848742587962
0.5594244098302945,0.4500309501893005,0.6677484756747415,0.3855666088415901,0.48538685758407757,0.626611060183403,0.2986629925460794,0.5004130687431505,0.48984214931011577,0.22489512987008717,0.6245119692341923,0.7607823527383033,0.6045389844784854,0.0,0.4546645666676222,0.5611278382763883,0.5013994113292535,0.4471294095067272,0.5579512910909282,0.3376727473657828,0.5766871199732044,0.20471726639671556,0.7234145829117142,0.6253427852455775,0.5327120362989363,0.5687710180450053,0.7078852324112421,0.31496353141042144,0.3776216753258034,0.5809483393131467,0.5111346397256916,0.2122315687311761,0.3222924697845827,0.616669947217991,0.3405336709900806,0.20878300778391612,0.2775125773729382,0.38300388850997225,0.6296581080902548,0.0,0.6660435565369683,0.6793208812228617,-0.0665035509711952,0.4736957209849777,0.0,0.0,0.0,0.4193735807692108,0.0,0.14996023815293447,0.5360044334276124,0.56187422932593,0.5042297641408711,0.29086938773301774,0.0,0.2686938644642798,0.3833428055378154,-0.14399271038695088,-0.05052340315266135,0.0,0.0,0.0,0.0,0.29730488920817644,0.0,0.0,0.0,0.37956769252492173,0.0,0.0,0.0,0.47059525071388325,0.6950462032847751,0.0,0.0,0.0
0.6166811342669005,0.638240787323552,0.5936910221441878,0.7758209916192629,0.5918285227489215,0.9356481121422605,0.6335424582167521,0.6709886984815823,0.8194856531990453,0.5991332418984747,0.0,0.32671397384361783,0.6756978047952229,0.4546645666676222,0.0,0.7003866022162886,0.5024655908148488,0.5748422455299639,0.0,0.6420763807896551,0.580992612141227,0.5706700914382153,0.8650324265459868,0.34467525714946823,0.5730911300748764,0.44194387743143093,0.7807279895548473,0.5265432467140914,0.6908042213704941,0.6607373730007895,0.47093743341271704,0.48367804056679736,0.5998549832016495,0.4934656245679835,0.5590687445642692,0.7380427487705452,0.5172780758636278,0.38412945944453847,0.5851340566122043,0.6699816261704022,0.620224262806973,0.5829633735822461,0.7729029524664546,0.7201420468568183,0.0,0.701107734220223,0.8596482326814034,0.6302707326434077,0.0,0.0,0.8089196072551479,0.7599905625141344,0.6372585465453982,0.6112177154765825,0.0,0.0,0.5734816606544942,0.728023416319382,0.48046633065551286,0.8259760020723145,0.717095802095723,0.5492979033496789,0.8354884808305509,0.0,0.8971439575040757,0.6694137935199904,0.9442844566506174,0.9064332149129501,0.4801493229407174,0.7719862247655163,0.7156282292081375,0.8155017492858676,0.6176120575726942,0.6625552440118074,0.536159400786614,0.6255860214252706
0.8221371425220194,0.7429783537081797,0.41579590613333284,0.2578355415734122,0.7672618348348483,0.9182922601656913,0.7640535053593878,0.9060948575531557,0.8373346542072609,0.5986035173688463,0.48952920594919597,0.9062041325620607,0.7360513459786218,0.5611278382763883,0.7003866022162886,0.0,0.6541676882753602,0.8901684513544365,0.5144746667841316,0.6872063811632501,0.8046166456035964,0.5865571174881863,0.9086952469829164,0.7603195850094607,0.6512776895465707,0.7279044858299176,0.855099425658475,0.6681789071381943,0.7376518743758549,0.46867131889808755,0.6159579305122886,0.5496902863724598,0.6002335665299565,0.48271845827854676,0.5069573541419538,0.6527681409961646,0.5258911179247612,0.7008442776409514,0.6747661786742939,0.5440946051544762,0.4554832398078661,0.478955763473698,0.46923842061851007,0.0,0.0,0.6301622142659526,0.6141872441059509,0.0,0.0,0.0,0.6338404230739272,0.828833367599134,1.0728849528798088,0.0,0.8149574575549294,0.0,0.8607815716853756,0.5572411585922072,0.0,0.7146289160421986,0.5318947953542706,0.688587555408167,0.6449355516724962,0.0,0.6706253344491814,0.5708100908207263,0.5931693087361334,0.6789602147715015,0.5475496535160764,0.6679962817328483,0.7402850837668506,0.507562429635902,0.6162469021004569,0.49575066466854734,0.0,0.4009858618537663
0.6055022158850538,0.6567202566808208,0.7224892959135772,0.46464211583842835,0.794992932681219,0.7102905951210172,0.8251889998817431,0.48347058417160915,0.6574897982094263,0.7319739689999867,0.6141208769809408,0.964157821511379,0.6288581662608533,0.5013994113292535,0.5024655908148488,0.6541676882753602,0.0,0.604120605294262,0.7743265965262072,0.50160328049902,0.6480196694847329,0.692235829890931,0.44482888536206416,0.6571554029746275,0.6026946852235702,0.6115245106776096,0.6335209334755065,0.8501136858308955,0.5664533361767246,0.40377584813871514,0.5046171544985086,0.4825352106326082,0.5807073419273976,0.6103515351659041,0.4311957731929199,0.6297590612081374,0.37057151930867116,0.5236388518533591,0.16919935732189484,0.6932169586681871,0.5935128907512693,0.7160760512457882,0.0,0.0,0.9730200435543164,0.7729715321154389,0.6432252333361077,0.0,0.0,0.0,0.0,0.0,0.0,0.0,0.8017567908985511,0.0,0.6882275644470187,0.5191422238402965,0.0,0.6047886854585317,0.5503482968321146,0.6617650484862926,0.6080584262504293,0.0,0.0,0.0,0.6191988654165721,0.0,0.4945729256454602,0.6483224157705643,0.6674637488044797,0.0,0.41935314847540006,0.47984818152212416,0.0,0.6828046102420218
0.8049375011355713,0.6673042508424205,0.6135621565201252,0.4713165581490619,0.723589952899324,0.8038891484688313,0.7322474441118527,0.6460901916219803,0.6663030408542876,0.5422696638458149,0.6468453381713467,0.831538127627453,0.6743452275779194,0.4471294095067272,0.5748422455299639,0.8901684513544365,0.604120605294262,0.0,0.5756647850743216,0.611303817733126,0.7733291582969749,0.6189526446659226,0.6942022835414593,0.5473191804444187,0.6684033617554967,0.6298754093188292,0.7896985510326578,0.5480062371598744,0.6758111712260857,0.7486796744836681,0.38819235738996183,0.40792695745781926,0.5985016633657911,0.5212340742776093,0.26161517509155374,0.6629615727487246,0.40602532286986204,0.5255830591368571,0.6919491895221925,0.72092349744062,0.6323671412474199,0.7693076918082555,0.0,0.0,0.7659113078457613,0.8183391078231879,0.5618676375461109,0.0,0.0,0.0,0.7332920310795861,0.4937923788820626,0.612155438470687,0.0,0.8318397508875628,0.0,0.7599323567582623,0.6939709011425288,0.0,0.6662638370042598,0.6303028064085607,0.7181049566668807,0.6699979132563271,0.0,0.6207043800156685,0.7876912167652701,0.5901295064481977,0.8740809394411065,0.597931735263351,0.65800801577674,0.7701222509225174,0.559382869943533,0.6504242736443268,0.6645287045598056,0.0,0.8001034820837639
0.0,0.45188684441969634,0.2866377642823412,0.6208546403494968,0.29552494012209785,0.697891428394685,0.6414612073074217,0.3673141894036872,0.4065284405272725,0.6908697167939004,0.2925208143978352,0.7251858562501744,0.6308870267776092,0.5579512910909282,0.0,0.5144746667841316,0.7743265965262072,0.5756647850743216,0.0,0.4952104562143199,0.48080117000404654,0.4902589276582819,0.3816938447871087,0.7843956874779177,0.561428838939138,0.5886247688324004,0.5038209759652073,0.6464020530922698,0.6737422126735418,0.7348394723671187,0.6399892526289008,0.6039790197846684,0.6225661967367127,0.6174709689049525,0.6104399713622901,0.6841151118181524,0.42034184692807297,0.4712570073902438,0.43632355350068974,0.47001315535903765,0.8545478130220738,0.40623203468592906,0.22678167304929606,0.42442439309266256,0.020219668676784562,0.0,0.0,0.7527665135863668,0.0,0.478903693123694,0.6675745117651428,0.7667694695355693,0.5759563920243556,0.7042469024789543,0.6586272315414731,0.4995864896556431,0.5425239608363803,0.5622958628781958,0.23153992023427344,0.0,0.0,0.0,0.0,0.7419353735203575,0.48238745843032343,0.0,0.45073756956705846,0.6138090547050774,0.0,0.0,0.0,0.6724995835649583,0.747870915878932,0.3398564053107691,0.4670430638748786,0.5515822991341475
0.611911722619985,0.8480889077810592,0.4731637558552425,0.7627204820534893,0.843511310057675,0.8177929232499029,0.6951948705274166,0.6156045747505713,0.8216502961014982,0.4818303269792589,0.5103903984413705,0.3459478973257693,0.6631543228394252,0.3376727473657828,0.6420763807896551,0.6872063811632501,0.50160328049902,0.611303817733126,0.4952104562143199,0.0,0.6017934498890064,0.68477868445888,0.8727849612267025,0.03149392327784417,0.8187649526689824,0.6013825300850488,0.8374876623058869,0.4819567701484371,0.5288003847802831,0.37093565349372126,0.48055724977288605,0.5995742735831757,0.42905014094748983,0.5835731634794254,0.65723698703264,0.9272927777648734,0.5770885787002139,0.7112686842803493,0.689188775042956,0.7243769388275672,0.7382761125421273,0.750773931638715,0.8234898220648877,0.29843623439815825,0.35816328647625006,0.5545575663242464,0.6817952928403899,0.7332890269862926,0.0,0.0,0.6788086755321849,0.7111911640747752,0.7817532163932037,0.6100583874864284,0.7803632558511346,0.0,0.6572850044289447,0.7586475208767197,0.0,0.8453774889436602,0.5485142570266222,0.47083294206782383,0.9153906841633739,0.0,0.8166904543105009,0.6626721637099323,0.8044469606217461,0.7577033299840764,0.0,0.6952505726219026,0.6068803509139113,0.7441639386832051,0.6090899422361908,0.708032897447969,0.6298993035500812,0.7220755779305976
0.31398949118330793,0.7616765192301708,0.5378846504933481,0.4378711330735525,0.477786934247935,0.9013977236787246,0.5658945249234248,0.532469588180867,0.5491023984929562,0.7230212431332279,0.44623033178102933,0.9465360029632626,0.8023371977970869,0.5766871199732044,0.580992612141227,0.8046166456035964,0.6480196694847329,0.7733291582969749,0.48080117000404654,0.6017934498890064,0.0,0.6583800473531262,0.48986288402788813,0.2886619464499239,0.6987764081630994,0.681170327621875,0.7259032768308666,0.6446022949968184,0.7760992242668246,0.6141888034000411,0.358293992673383,0.4305958737340383,0.5395430126544751,0.3424777579306746,0.4598347960623604,0.5216305940487366,0.5389584755985529,0.5018155845056371,0.6550533159195271,0.5679542204369531,0.7193018104565515,0.5279948847075264,0.6069622159588905,0.0,0.0,0.7048696428114658,0.8747734332093009,0.9387201158104697,0.0,0.0,0.7039086993748374,0.4438928422046502,0.5921249048343733,0.6682658684257294,0.7710925349200535,0.0,0.8230950887721031,0.7034012614385712,0.0,0.6868330679428807,0.6177871159023136,0.0,0.7737319643737149,0.0,0.9158535601223549,0.7080338300236829,0.9002511412674898,0.7633730198733015,0.6238860088680044,0.6227807105937109,0.8261047271112767,0.7624093185482299,0.6536435493673984,0.7706971047435136,0.4708582117148218,0.29936060323725333
0.8039382001722422,0.8106111987715447,0.6556219258510328,1.1525484757861877,0.8301276396730479,0.8348657548964653,0.7253572751385251,0.6911392421375526,0.9261652021710758,0.6596018325915594,0.4584849233427133,0.5456824250947792,0.6817518212316924,0.20471726639671556,0.5706700914382153,0.5865571174881863,0.692235829890931,0.6189526446659226,0.4902589276582819,0.68477868445888,0.6583800473531262,0.0,0.9081524367139314,0.31927099062202646,0.8492460273685306,0.6301344826404999,0.7797271469845097,0.5843596039782861,0.6731123176714735,0.4913693037578486,0.49676390020595895,0.5999901660471642,0.5268462150226549,0.6201590878043767,0.6396988400581799,0.7161260978972273,0.7264469887693379,0.47661844534472186,0.6984823497564312,0.7406276583891918,0.6131348672723235,0.7006354732750466,0.7038220074101377,0.36903788400305537,0.41165004895997914,0.7200147295542383,0.9006342792289475,0.5556849663515427,0.47850159127733227,0.4098564635335245,0.7928591019700977,0.8285709142626291,0.6497518085480608,0.7962044413043412,0.3545387025086204,0.0,0.7612485563297713,0.7278403035272571,0.0,0.8431731456019973,0.6567084386646429,0.6251142618097733,0.7383463426700438,0.0,0.7766313444572136,0.7101028905512751,0.863256116630001,0.7536237766532412,0.5936418194527601,0.6251922896825697,0.7467289683556013,0.7836630938363534,0.44484867983420784,0.6700730957169894,0.5400253850196486,0.6286978623466444
0.6528511534756354,0.9662375430096055,0.3338871389573559,0.6559193470295578,0.5327369069709607,0.6279775726522838,0.5876900034122247,0.5859263015881521,0.5244137307892427,0.5218112499888183,0.6087638149261605,0.4517525122231647,0.6368076791840025,0.7234145829117142,0.8650324265459868,0.9086952469829164,0.44482888536206416,0.6942022835414593,0.3816938447871087,0.8727849612267025,0.48986288402788813,0.9081524367139314,0.0,0.43934024907277447,0.7448887981639029,0.6760504441834234,0.3331645750389197,0.6467769675814635,0.8576376312823194,0.6811975855598277,0.7078312459884387,0.6594569627788116,0.8222765533670464,0.6783232350361847,0.647205068706642,0.8129430862262972,0.6267241933352075,0.304161259867036,0.608749141814621,0.7475767565902062,0.6576286350097376,0.68699657648541,0.10740053635127572,0.702898863567813,0.4877065248459276,0.45896662046183845,0.8147886476849728,0.860860622518768,0.4729683356594381,0.6576270175673788,0.6093278009469195,0.638257201352264,0.6169667486222659,0.7250636380799971,0.6187510684248492,0.7237665840622738,0.5810929073864082,0.5453993241220058,0.37383110410413767,0.7948569327694769,0.7411061601094372,0.48664858857644283,0.9334402036174727,0.8098013524556167,0.8225648569048674,0.6595168875572573,0.8581394315302904,0.6977282953092152,0.35960159321418816,0.7777182939814028,0.7808959064922176,0.5506050470259071,0.5330214995297751,0.7200586264617956,0.5944277804203106,0.6420608595810944
0.47967033425953703,0.7042446970874099,0.4864620592831266,0.38346816535146955,0.7886482438343659,0.4734697616086872,0.6411065202193131,0.36143690986297905,0.6925001219365885,0.5819510383320121,0.7045132150224014,0.7124521098892529,0.6128457277981532,0.6253427852455775,0.34467525714946823,0.7603195850094607,0.6571554029746275,0.5473191804444187,0.7843956874779177,0.03149392327784417,0.2886619464499239,0.31927099062202646,0.43934024907277447,0.0,0.5710445076784256,0.6049316486149958,0.5800379217026733,0.6938821514589246,0.3490989913964419,0.7027875562228214,0.6866786324963481,0.7625797077018079,0.6695918880270135,0.5723798545116239,0.4876845334604265,0.4341165737724816,0.2882593730984202,0.5093632977777985,0.8323981053022774,0.8897957646701451,0.8543668467362139,0.8678406375172762,0.5525100382516028,0.5752347200162674,0.8375066928203914,0.6052529665130342,0.5429463309672152,0.0,0.0,0.4759922163661311,0.5354224978343817,0.39093126111681653,0.0,0.31403521776040777,0.8441065247622197,0.48768251803816126,0.8004597559799089,0.38165658891249765,0.0,0.37830175841363056,0.602480840238797,0.6240524236289673,0.6633250542989217,0.46530575539970886,0.4087198964858376,0.7515081578273846,0.21345092837489585,0.6607190379813309,0.376181621631159,0.6503309353695612,0.7108262426903786,0.4322258822304188,0.6880318741627156,0.865126673262809,0.0,0.6534095997585744
0.7481964754295749,0.7556582096286766,0.6613505496433012,0.7917259857907795,0.8403446117532182,0.927844862991916,0.7987449485885463,0.6697037905054893,0.8271103635566278,0.6145280931194865,0.6241507663346914,0.7274393670028096,0.7621137778006025,0.5327120362989363,0.5730911300748764,0.6512776895465707,0.6026946852235702,0.6684033617554967,0.561428838939138,0.8187649526689824,0.6987764081630994,0.8492460273685306,0.7448887981639029,0.5710445076784256,0.0,0.4994674989454313,0.8921115457224627,0.5908960632819403,0.8629640401816717,0.4426330747309819,0.5407800202625663,0.4012812038717628,0.5913886358909135,0.5868409588551275,0.4140192098857715,0.4929474403768322,0.6270551129175217,0.4874051275155289,0.6726089648711902,0.7342725362103907,0.6192438131519773,0.6912842343683806,0.13275518733855396,0.0,0.9392034200929441,0.8396242192014723,0.7059186997646016,0.0,0.0,0.0,0.718468973140812,0.5782295895371692,0.6077532801070717,0.39673021125068386,0.6994635604091664,0.5002997529151729,0.7074117550714563,0.5369355839514856,0.0,0.5979785154003865,0.649991830922451,0.5838743378820407,0.6872815506970151,0.0,0.7388594498742942,0.4657166147332175,0.6459337417863771,0.6884320407997508,0.5901504042382021,0.6898833821202714,0.7627027786755805,0.5493087936045264,0.7368644298013218,0.6141069046739029,0.0,0.7073455968300978
0.8650027092029058,0.677613786784794,1.0348693187815061,0.8535896170457846,0.912638341536393,1.0605407401461706,0.8077025291305548,0.6098551424695204,0.8521014704710208,0.6274751973011052,0.6159879727126616,0.6144815662564387,0.7324617580771227,0.5687710180450053,0.44194387743143093,0.7279044858299176,0.6115245106776096,0.6298754093188292,0.5886247688324004,0.6013825300850488,0.681170327621875,0.6301344826404999,0.6760504441834234,0.6049316486149958,0.4994674989454313,0.0,0.9024816341972857,0.7076331242474123,0.8598855157728216,0.3108515379253528,0.45885102713048154,0.5786736714683558,0.5798476924902976,0.503910944215174,0.47447564473992415,0.4877998202485804,0.43255160599884657,0.5167391318003679,0.5822247948931447,0.7334602999973656,0.6665000523433717,0.5361762084655255,0.3918457963580123,0.5172811009085782,0.8415844757338021,0.7005771039529783,0.8242255221718167,0.836514175898017,0.0,0.009269657292348625,0.739263592213014,0.6860131054767269,0.6414150638967013,0.710755096225657,0.7118960644345071,0.0,0.7537295556965266,0.7883037143926002,0.0,0.6436876747706922,0.6766930992119379,0.6089473084017871,0.6974720198593269,0.0,0.7359074396982255,0.7434330215547371,0.8800976501951097,0.5440979464421873,0.5054007915196682,0.7064513046437157,0.6870630751416426,0.6151333869941678,0.6292075573507536,0.7418579698643155,0.5180260280079626,0.6749746708735798
0.7940479476978117,0.9519638866017902,0.39259926219918573,0.6909000792931571,0.5607606330694515,0.7007323488547059,0.6658582345018811,0.6487237125410641,0.49057661867955615,0.6299656047166566,0.6274420001977801,0.6362960706502456,0.7156971457813461,0.7078852324112421,0.7807279895548473,0.855099425658475,0.6335209334755065,0.7896985510326578,0.5038209759652073,0.8374876623058869,0.7259032768308666,0.7797271469845097,0.3331645750389197,0.5800379217026733,0.8921115457224627,0.9024816341972857,0.0,0.735881228869959,0.7870394528489544,0.741966204024643,0.8295977063327327,0.7608399694932123,0.9462112558032629,0.8108706371965289,0.7880263035078352,0.868493224398702,0.6622409309896979,0.4875852286065794,0.7148519675451943,0.708309643425781,0.704590081376196,0.7205070600765112,0.7676208952906063,0.6741804451094408,0.34369383371860945,0.8616596428881185,0.7471171372063965,0.6877629453504346,0.5272556142818888,0.7906719987283928,0.6698606119101372,0.6958672808094439,0.6477226781568886,0.72911974870124,0.7190384201746484,0.6517913349239892,0.3693585660547759,0.6295694447316075,0.5963741007872327,0.7977939635326035,0.6422668551553654,0.0,0.6302891491355376,0.7539929585178677,0.8324678675328455,0.7227953072136317,0.8212141871061183,0.5723342737971381,0.0,0.5855401609352745,0.6662423413384237,0.671387833688704,0.6441333656355421,0.7708842332804409,0.6046697331965442,0.6943392844029035
0.6159692086540183,0.7658654255034114,0.6340118296355528,0.37752870726417453,0.4171622390970755,0.8537663530251168,0.6247597605054749,0.6055598373539824,0.6727845000589652,0.9249710788680019,0.6652317996273277,0.8440398886394586,0.5344562806566513,0.31496353141042144,0.5265432467140914,0.6681789071381943,0.8501136858308955,0.5480062371598744,0.6464020530922698,0.4819567701484371,0.6446022949968184,0.5843596039782861,0.6467769675814635,0.6938821514589246,0.5908960632819403,0.7076331242474123,0.735881228869959,0.0,0.6149022633432975,0.49967734276965403,0.6172321241883558,0.6494735342789004,0.972675561314847,0.615192092511935,0.5466525978079227,0.4314554989171758,0.30800827867743963,0.640774495746011,0.6432521755494498,0.479255067474694,0.7945322830617485,0.6959780664893016,0.6808911773891058,0.7019212083524133,0.5978153018580943,0.7812575517161967,0.6895733922569138,0.6118898220917492,0.0,0.720230868705872,0.6045113856268338,0.5703876933776436,0.5919447837538161,0.5969104049761511,1.0253842988958979,0.13774700859649525,0.6886843842857926,0.5847603881893518,0.43250882255578116,0.5942558692645863,0.45524216834760034,0.3526226716996503,0.7639740666974086,0.47114022622300855,0.7704774257908731,0.6777468004825653,0.5866390527419105,0.5649778678171246,0.8083651443126877,0.668901591470779,0.5298027525513103,0.6577803338722004,0.6055421615889323,0.6177619582736503,0.7812257451686514,0.6249301325034162
0.5978078469028031,0.8909237475244279,0.702636822495624,0.5063572151178982,0.9090495975640376,0.7511267735066076,0.7022236438594858,0.7215767751628462,0.6922153420901417,0.8531214220205527,0.35199039982364705,0.8348897349162879,0.7002319061261,0.3776216753258034,0.6908042213704941,0.7376518743758549,0.5664533361767246,0.6758111712260857,0.6737422126735418,0.5288003847802831,0.7760992242668246,0.6731123176714735,0.8576376312823194,0.3490989913964419,0.8629640401816717,0.8598855157728216,0.7870394528489544,0.6149022633432975,0.0,0.5190806393467962,0.6842214918858549,0.6231159863484956,0.6982963894159036,0.7328726352510968,0.6016207986002468,0.7348376593867337,0.5442480022982913,0.5502734378347245,0.6276172516797869,0.48588706823339,0.6283402785640997,0.6812459350926403,0.40896176673762974,0.6441091484404894,0.4975216994351941,0.6340782006395549,0.6586240033025308,0.6334350895698779,0.4450038112648807,0.4897825975795662,0.6606121555353004,0.6537916614606686,0.8590154242624146,0.6317934602943344,0.7718061058554176,0.5228988581184075,0.5720117341950568,0.6009346073219759,0.5780032958023079,0.7348625327700066,0.6124484873309428,0.4831538050457408,0.5829956253854622,0.49806039720119605,0.7955417504602454,0.590897732447214,0.762655047822557,0.7279270087616881,0.4626881638429796,0.7302609500694159,0.7134866238386982,0.7629791309071696,0.6058743557612365,0.6497161507018512,0.6391771622875113,0.6931678940257181
0.318524353519002,0.5927470323369299,0.7849282308776351,0.456994343027716,0.5916577105002008,0.851431212366389,0.6495157347773581,0.620459219392308,0.6149097104151897,0.4170777350151585,0.5328718758846318,0.4156474394124908,0.5107897147195614,0.5809483393131467,0.6607373730007895,0.46867131889808755,0.40377584813871514,0.7486796744836681,0.7348394723671187,0.37093565349372126,0.6141888034000411,0.4913693037578486,0.6811975855598277,0.7027875562228214,0.4426330747309819,0.3108515379253528,0.741966204024643,0.49967734276965403,0.5190806393467962,0.0,0.5568502720090169,0.6622401357238574,0.7668355875007501,0.7295676102664977,0.5974103330930758,0.41517301187356515,0.27614705225510666,0.5256546713747666,0.5884359096888444,0.5065700380028689,0.6964926972609484,0.49188229318136967,0.7944322864144711,0.29446190559914676,0.0,0.0,0.0,0.06859148026625986,0.0,0.0,0.5552270298373247,0.5859417195889957,0.6702260588445276,0.679374728983785,0.5096869324673761,0.0,0.018878087828151646,0.5156533410721392,0.0,0.6025435695711452,0.0,0.0,0.9551679976214625,0.9097909672590904,0.6596085999684527,0.630905270775963,0.6868695762126737,0.6186637433779987,0.0,0.429454607053489,0.4778447744150863,0.6714795445167665,0.5612606805049669,0.4885054177218786,0.47501316361690704,0.5482351739803993
