0.0,0.027135619656089127,-0.009328909883223213,0.0,0.01396379336442144,0.030431303647164842,0.0056659781394171604,-0.014643394271362076,0.0062217295208849555,-0.0077407637410401575,0.0031341534820235606,-0.0326877863206661,0.008377879033479696,-0.0008551699281390546,0.010739204893624898,0.010475165785071794,0.02703049119846257,0.024153568880778242,0.0,-0.004439814305752743,-0.023886379687455328,0.024761386825854492,0.002490811871620535,-0.026368523510691078,0.031883210487122726,0.01767894028327016,0.016135571618640376,0.0018379741223185642,-0.0008990838030905057,-0.036911691335835994,-0.028452964340699605,-0.01096205748614526,-0.010391341466185589,-0.006505611231945763,-0.017215670785234005,-0.003625854620203761,-0.0009140211312609892,-0.008771337731890538,0.0006787300053326395,0.016279508584813696,-0.009542719151376389,0.006954193018768096,2.7452208073153184e-05,0.0,-0.0049411909340685845,-0.001086356652918563,0.0013635531633528486,0.0,0.0,0.0,0.0036957893950183007,1.1102230246251565e-16,-0.00033746510775878313,0.0,0.03820264980109683,0.0,0.010716629094057906,-0.0031750362579087144,0.0,-0.010799003435537358,0.0028762854827551476,0.004159742635540309,0.019487099461210633,0.0,0.0035580484591690165,-0.06692726929085474,-0.009136206337592878,0.0014047109204044506,0.007930724853470628,0.017624933178348512,0.019152498340690383,-0.018444211285120526,0.00045987623037346825,-0.01188587786652634,0.0,0.0026213363376089704
0.027135619656089127,0.0,0.020164959207019106,-5.4728286324357e-05,0.04378000629550538,0.04824728433356301,0.03313858572926365,0.04018840412669977,0.04559816001024808,0.027020381584418107,0.010538902468107791,-0.0009415213454172511,0.031684437166134505,0.0015402841886504315,0.001432657717568564,0.009065283677605562,0.006058183017423724,0.0016589902516537802,-0.018710161932333824,0.021645445231555316,0.019229195449094794,0.016177469687999324,0.04036111631262801,0.026961911048169362,0.029367471688190816,0.021604870815366883,0.03593243504129978,0.029329400683481666,0.047300758548075306,0.01018922080922069,-0.017834396419706244,-0.005126493016686384,0.0008649755569406503,-0.011734968654765365,-0.010190258791199391,0.023125060873482373,-0.0024101270588947066,0.0,0.0018161052199883176,-0.0044199792619998846,-0.009307801374248692,0.0039265072166785875,0.00607323775010038,0.0,2.220446049250313e-16,0.0035950914801912703,0.008253671030815313,-0.0005663476037419124,0.0,0.0,0.00620399251442505,0.01112141510943071,0.004888032804026277,0.010781987711465046,-0.00602946806955218,0.0,0.0008104861009732289,0.003564915074426467,0.0,0.0002860955708514079,-0.0032793938453735683,0.012482759734795956,0.01383181635669184,0.0,0.008367909882224911,0.010995335189092126,0.01306795890720347,-0.013928944754940775,-0.0014921081461332086,0.01331356373604281,0.00690411142994779,-0.004856908171375074,-0.012195659792482105,-0.0024755284506064457,-1.1102230246251565e-16,-0.0030117951666264187
-0.009328909883223213,0.020164959207019106,0.0,-0.00931620486309448,-0.016507790734913097,-0.01598944980786271,0.0098869935600443,-0.026792535504183757,-0.002819757759878694,0.0009656564349437291,-0.01620080901776577,0.014479042080106863,-0.007567611125511353,0.0015699549844880867,0.012172788952836688,-0.010912369909124642,0.006235608170012508,0.006191236878986872,-0.03827302849409925,0.0028731124704423072,0.00010864227889600953,0.0027637038081303467,-0.03599330424445052,-0.0038883110815307043,0.018377629948213292,0.05599483214420764,-0.01749361647305442,-0.005843429953262813,0.009812954610451563,0.015878638759137143,-0.011188837077590497,-0.007270304299985597,0.001847060973259207,-0.009244385749822281,0.002682625202633737,-0.004679590045779669,0.011668999800161173,0.010923418311739819,0.011661541973621792,-5.62233191947481e-07,0.022661973490131104,0.0006388343421731002,-0.06588268109765144,-0.009327419386767233,0.0,0.0,3.7248205280171476e-05,-0.005086381094230652,6.165839311678134e-06,0.029854857205266483,0.022716279520936467,0.024995344658572893,0.002313656031908362,0.03051908757190791,-0.0018934290313514235,-0.010554251661879899,-0.007084938603718727,0.016330675513792747,-0.05957492897905703,0.00029392201439965016,0.0,0.0,0.0,-0.033488967204456876,0.007993696303838671,0.00459476078096227,0.0005876043735507652,-0.002183957027615868,0.0,-0.000194639855494394,0.014889729668543183,0.02005203499995245,0.020444760278946594,-0.006559118503735917,-0.006253845511657308,0.004878794859144997
0.0,-5.4728286324357e-05,-0.00931620486309448,0.0,-0.001384226882512385,0.011695681047153683,-0.020042575866748402,-0.043760076745358534,0.005404987573645714,-0.0377761845724226,0.009687264316908584,-0.018747738434103545,0.05689627352192178,-0.009076714926989804,0.016704966579279723,-0.0008713647201056274,-0.002687357853413286,2.807731477627584e-05,0.0063103609383567405,0.021166059088785105,-0.0004721482494896567,0.07286662788175224,-0.0006640571842562726,0.003371873253230351,-0.00019592595588668882,0.02593134485645915,0.006362916064680479,-0.005268251213733283,-5.0341483030347245e-05,-0.0045494550363393005,-0.012764521717137711,-0.011791150523768001,0.015553022674663075,-0.03162062728246576,0.0021943841853189205,0.009085326528837506,0.006084442129273254,-0.0327317284094103,-0.025926829715006067,-0.0007639232102744642,-0.005302213884417206,-0.021506589926282904,0.0008178279754474937,0.0043764505800039655,0.0,0.0,0.0,0.001320718554808642,0.0,0.0,0.008984449309771103,2.220446049250313e-16,-6.425867363207827e-05,0.000567218570796113,5.551115123125783e-17,-0.00830722526047123,0.0013694653051095074,0.0007190111269665955,0.0,0.0,0.0,0.0,0.0,0.0,0.0,0.0,-5.665682327360422e-05,0.013668073929221147,0.0,0.0,0.0,0.006771847293212174,-0.0032705737563168413,0.004466308329887758,0.0,0.0
0.01396379336442144,0.04378000629550538,-0.016507790734913097,-0.001384226882512385,0.0,0.0010480693089744975,-0.009391470285990966,-0.004063486892415424,0.0018507110098597845,0.026572819214655985,-0.005125043524795203,0.015375992686079698,0.025262208883143844,0.010748072948233212,-0.0017902620839740369,0.0166871738331254,0.01891055059141683,0.02665064770630321,-0.039186340226160354,0.03140735859164451,-0.020815455973157426,0.038347566759665386,-0.002964323718015971,0.031766139927387194,0.04132178973135253,0.04460477070344998,-0.0026335143300274533,-0.0179516013500835,0.04094690602857304,0.0033410719373597186,0.022290005864769535,0.0011574418750174842,-0.006328516027536313,0.01360272954949282,0.0055738486881358185,-0.004438483455224518,-0.042317542218656745,-0.016852323436751027,0.008005529562475022,-0.009279570704018913,0.02108163274896291,0.010468957848697391,-0.07344878749114836,0.005357422403506229,-0.00018162816020345085,1.1102230246251565e-16,-0.0023946812827825292,-0.02878281843861158,0.0,-0.031264068716980564,-0.008224965722473332,-0.013337440001901513,-0.035030098550087874,-0.00727398748211433,5.551115123125783e-17,-0.04988297362961963,0.00205264827255236,-0.0053722376468030575,-0.050797409447999486,1.7637287129557144e-05,6.147733963779434e-05,0.0,-5.551115123125783e-17,-0.03218827332243718,0.05513741464646432,-0.00039738690948981636,0.006168237612874938,-0.030740613707144204,0.0,-1.802587496313457e-05,0.0005749161917361079,-0.0175760937498885,-0.007570574335027502,0.013869422249457641,1.1102230246251565e-16,0.011018855065444977
0.030431303647164842,0.04824728433356301,-0.01598944980786271,0.011695681047153683,0.0010480693089744975,0.0,0.011900813587543135,0.026427166990808437,-0.007623780393642865,0.028846049706672927,0.008513463835813528,0.025471439726207135,0.01823025845797238,0.010551791028538482,0.03842384629701401,0.04471545674508376,0.024687065252811002,0.030121308617165,0.012643738129482995,0.02810351468356248,0.040114310179555024,0.04156673769408015,0.0030898270438538544,0.0027699139575612652,0.04745491810056901,0.05673858048685887,0.009274729042451635,0.031043299364552635,0.042395189084195595,0.022508740962773,0.01269609190831128,0.021817649052289556,0.04703577051208441,0.01891516505458163,0.02396679169644289,0.033078304313220674,0.010324636885180205,0.0014245215613508666,0.010572848770146137,0.007970783872965848,0.015966713453806625,0.028590820384578608,0.01382039473840091,0.018990826733933874,-0.0036958533568851593,0.036463267668166155,0.02333196680129851,0.00886749178909374,-0.000958172863556761,0.009576572710827458,0.008283024060412925,0.011993384530638307,0.005731939501151639,0.017411850702414022,0.0003046380790241443,-0.003948430449661033,0.004318780071063566,0.0003370716412701702,0.015619491207833125,0.028093650585353847,0.01997928547901312,0.0,0.0064703729880513094,0.006897013706941957,0.04007380715422104,0.02748804847980918,0.03350349980549949,-0.009147068343009157,-4.763852659223078e-05,0.024234196167709943,0.01918578229962059,-0.00026660520026372536,0.001204344171265137,0.018933656811051136,0.0010363941620160633,0.015021049065367331
0.0056659781394171604,0.03313858572926365,0.0098869935600443,-0.020042575866748402,-0.009391470285990966,0.011900813587543135,0.0,-0.012394916089065011,-0.0007190981887575387,0.009728782984710083,0.024566548526778587,0.024178928445761694,-0.0011343890316762861,-0.025337956704846176,0.004115094508386319,0.01979298373954258,0.019580625259035755,0.016180306452958038,0.012569838525277377,0.013994405197406967,0.006839962165018976,0.021966350509867172,-0.0025287572429787963,0.009116995015212515,0.02863915798601696,0.01905375868129744,0.013611664314866767,0.008263259413301582,0.011725343362376184,0.009183673968767736,0.006938835539262611,0.013399447061241465,0.041407762228951595,-0.002298007024500448,0.008717414361297804,-0.016615025723381416,-0.008569731109531742,-0.03155384546874146,0.007000336406956242,-0.012602681680881966,0.012506465558079771,0.03212099824272757,-0.08540238914361403,0.006442309425310988,-0.009105262328697183,0.0,0.011494616196894902,-0.025932213303822893,0.0,-0.04625735388601798,-0.017534941415469407,-0.01669043330813158,-0.0198275963661253,-0.01969872988312671,-0.0016032737647828088,-0.04124077464858167,0.005136054375243726,-0.019741554818671847,-0.0064865579774014415,0.014906541984414656,0.0013933851019587995,0.0,-3.8973311716650194e-05,-0.06748082561431179,0.015349211010992403,0.01899530241910463,0.018688960278064826,-0.029517496026622847,-8.661786302199825e-05,-0.0038697387251012128,0.0031182585320138068,-0.012294748905816999,-0.014041513316069953,0.008125409258133987,0.001968830179798209,-0.017365245823043163
-0.014643394271362076,0.04018840412669977,-0.026792535504183757,-0.043760076745358534,-0.004063486892415424,0.026427166990808437,-0.012394916089065011,0.0,-0.02805221036678196,-0.06398041328870568,0.019594278064262227,-0.011903546386731467,-0.02018409171208585,-0.03932945162222129,0.019111950475908857,0.028893973556673724,-0.0027026231814063495,0.0014550769695783061,-0.052419522361253634,0.011496778492827375,-0.005541856449542248,0.014055111140382714,-0.0037253335729506287,-0.017664245270175183,0.007610428694142912,-0.0021160593481294176,0.0018709592883444093,-0.00036244349459535474,0.0301385072418921,0.00505427612228021,0.0010603052691578463,-0.042327894272083444,0.010838582025562593,-0.005261923051205153,-0.004109879900653979,-0.060558529584452514,-0.12106463615761356,-0.11407757062622198,-0.022046188135513678,0.011863117089199848,0.005994595165094707,0.0191153930049629,-0.12938990083302054,0.008025642296205504,0.0,-0.003072232787952156,-0.011980857077973972,-0.020333203308131043,0.0,-0.02766405910110037,0.019111618865234603,-0.0008101732048795274,0.0026998949703908037,0.0014677516592480622,0.00011280040692074333,-0.04159822711333283,7.093848048034257e-05,0.005610741189597146,-0.08182526945600282,0.039618769922836694,-0.0021854667523443227,0.0,0.0005370089962296598,-0.02160173198099835,0.021538979308742212,0.08775636667217213,0.0029790342961000804,-0.01629042668679065,-5.551115123125783e-17,-0.003548141774739999,0.006115709942011716,-0.011072441516825404,0.0018529226740711668,0.01809586067713237,0.019162619811042725,0.01194105104889942
0.0062217295208849555,0.04559816001024808,-0.002819757759878694,0.005404987573645714,0.0018507110098597845,-0.007623780393642865,-0.0007190981887575387,-0.02805221036678196,0.0,0.013080505350035632,0.00787162524503926,0.014275146814484219,0.003616517453526702,-0.01557734305593983,0.007516260449683954,0.03582191753174274,0.004580674671617158,0.010538937335884624,0.0014730026769564364,0.029940537881000318,0.006856517959130781,0.04406714007621587,-0.012756108179466541,0.007454058849732159,0.04835296490504548,0.0365240485720692,-0.004155576355776458,0.003177682012940386,0.029565991780599543,-0.0024451491055264007,0.003556348988245417,-0.007544479659866654,0.029021585596245625,0.0015999407125944498,0.0050425836225753695,-0.0030539999746468927,-0.0025075690783529225,-0.0008546485285270689,0.011723388174104066,-0.003919684255006328,0.026989213659399047,0.05206049047853162,-0.07138602301037178,0.019320528213408628,0.00472908944852779,-5.551115123125783e-17,-0.0009290060158396729,0.009457681387526007,-2.9620981162326032e-06,0.011930637120626142,0.022973352574638173,0.012026716351219657,0.009560046311930415,0.00821318171286034,-0.016139372685289533,-0.0066756102735776035,0.009917624470917319,7.984118546555674e-05,-0.09599485059928903,0.0012616922130619934,0.0032295551358014207,0.0,0.0,0.0038648641048958376,-0.0032450932442594227,0.03510742672066519,0.009236886028939961,-0.005344192599327946,-3.6455497809617654e-05,-0.0089952202649774,-0.0029030158760449676,0.0013399768005180057,0.004621626659661704,0.0030785677242808895,0.0028937572182636817,0.011357065504910113
-0.0077407637410401575,0.027020381584418107,0.0009656564349437291,-0.0377761845724226,0.026572819214655985,0.028846049706672927,0.009728782984710083,-0.06398041328870568,0.013080505350035632,0.0,0.01791640476623102,0.01590886342891007,0.021811200801163944,-0.09005407815355432,0.011264210462995528,0.009870536913170747,0.004742842535763403,-0.004420910609018225,0.007048272108820197,-0.0018025375859374027,0.005538323715624682,0.019559978939571676,-0.0037903102965555213,0.005400001779235497,-0.016635156678271146,-0.005632908794480973,0.013387771356062561,0.029125031874436824,0.03926066038675291,-0.007553142635688348,0.011413034593368843,0.02308400308153713,-0.00026560947809167734,-0.0001852374205485452,-0.008299024507869568,-0.049660989664427335,-0.03978466689790974,-0.011686787949259148,-0.002559171318279485,0.05148287479994268,0.07354657805432352,0.03722430393663795,-0.006061497387293724,0.005185125944270397,0.07048023851194973,-0.01317648457897791,0.012347973070879203,-0.000323634286211516,-1.6819203447204778e-05,-0.001048590006516914,0.001355402487259516,0.014453632778993308,0.004035647803628306,-0.014096542388209676,0.04340238177373967,-0.009091330151627719,0.04031479069166255,0.04445044775834173,0.0,-0.0009696268309770106,0.01250358720853556,0.021649175339468474,0.014367529986635708,5.528560310552599e-06,-8.982513476191167e-05,0.009482987770300266,0.010730977421743004,-0.029228817670646667,-0.0071614065491597545,0.009772331719067329,0.013498887109037128,0.00830946548634448,0.037686109947156265,0.013956041869289615,-5.551115123125783e-17,0.05028894314755933
0.0031341534820235606,0.010538902468107791,-0.01620080901776577,0.009687264316908584,-0.005125043524795203,0.008513463835813528,0.024566548526778587,0.019594278064262227,0.00787162524503926,0.01791640476623102,0.0,0.023059141350672274,0.018036734033228696,0.012756272161162208,0.0,-0.0002608222583199149,0.002946974576103989,0.0033368050425920948,-0.03159917900801784,0.00013341468446942395,-0.0056599254633799,0.005325458265336147,0.012822463244416271,0.016631209601203845,0.0022841692485762732,-0.0015476925321900037,0.0008188743539316867,0.015147972480928473,-0.010679556379863231,0.0023865075126134894,0.012896166555977584,0.011607614865319638,0.002914951568205315,0.00836720467520441,0.03509078880656935,0.028211476429340576,0.022247299595956727,-0.016946367184357825,0.006673278925782955,0.00810623482766809,-0.03503940916093229,-0.00507501623651635,-0.05625827074438877,-0.01415120446141055,0.003550521965218545,0.0,1.1102230246251565e-16,-0.07917022310941713,-5.735741654411264e-07,0.00010578763640883837,0.04013025708072643,0.023281051690876964,0.022807606779661926,0.015329546151784834,-0.0020486425641208506,-0.0006305392694596068,0.00106116912642934,-0.010027988579224878,-0.040798441781192796,5.551115123125783e-17,0.0,0.0,0.0,-0.021090069525854516,0.009683959888291127,0.0,0.00027240814261259017,0.011115178081741894,5.551115123125783e-17,0.0,0.0006113200642271499,0.009271480482723915,0.012541294096836797,-0.019155530164644607,0.0,0.037397895793698566
-0.0326877863206661,-0.0009415213454172511,0.014479042080106863,-0.018747738434103545,0.015375992686079698,0.025471439726207135,0.024178928445761694,-0.011903546386731467,0.014275146814484219,0.01590886342891007,0.023059141350672274,0.0,0.028937827014753392,0.0462397636170111,-0.01542289297543098,0.024590055155522317,0.02921812606505647,0.012394510026909222,0.007465570359560358,-0.014752312714201687,0.04375180192040046,0.01351184716991849,-0.006953103744311628,0.023752041904731458,0.006829527330047325,0.01585494843577495,0.004809578787768387,0.030134467354746508,0.030036768015312576,0.00028071369207061103,0.028577835364792137,0.0029410018484166134,0.05540554094712863,-0.006877686104486969,0.0063543077307049445,-0.004481903509187535,0.0034014246994724107,0.00987393533564393,-0.0644886072152017,0.07190356015857696,0.07790126425797356,-0.008100522852471037,-0.007402553470092554,-0.007272338772492393,0.08893589473263375,0.012813230843764956,0.0030893957978094244,0.010523935069970403,-0.009285245501619521,0.007281974133881319,0.00386183589609318,-0.010406140272576081,0.0002912389942325011,0.0009725073031345288,0.04265819858581871,-0.006235015617687301,0.04748240818506139,0.048565099480718965,3.6239674192528604e-05,4.768879238087331e-05,0.01614739084684802,0.01995100486404766,0.010802707852312687,-0.0074628876809638145,0.006994668706756191,0.010071300711699649,0.0028190752170467737,0.00701352370819347,0.0010609528673711233,0.014223882385981268,0.012268049881693055,0.022655703345729528,0.04940158352998675,0.004201611687431994,0.0,0.04007702912783889
0.008377879033479696,0.031684437166134505,-0.007567611125511353,0.05689627352192178,0.025262208883143844,0.01823025845797238,-0.0011343890316762861,-0.02018409171208585,0.003616517453526702,0.021811200801163944,0.018036734033228696,0.028937827014753392,0.0,0.01625315158164603,0.007052283890332078,0.010168288800129488,0.0029674100263776815,-0.0012032115713681568,0.005925463058993774,0.0006255262660488925,0.03141622156709717,0.014134368340441128,-0.003388581516812428,0.015226026194679276,0.008733679134106831,0.004836617736039273,0.011593510239869542,-0.012009970490092559,0.005837768483107408,-0.01024708402751534,-0.0003700857731213092,0.027556999195778642,0.03451860205869789,0.008958296553124745,0.04952430740622654,0.013865222744116779,0.04866909714462436,0.014554107009803086,0.017838112171317477,0.02696894711527842,0.03616185568900432,0.05902356008977189,0.035823613339664606,0.02281050925502165,0.0006710426246096524,0.007873629968710938,0.009532793252598426,-0.01923045106452681,0.0,0.008471863370448252,-0.012635676335288337,-0.010960200045515678,-0.016895689503032163,-0.009169454888516892,0.006621299104617173,-0.03429591180968483,0.013224881773062913,-0.013786666384082935,-0.00036319863308836853,0.012552800769032535,-0.004661117939169568,-0.0007144105709121495,0.010424390101178238,-0.03311963840482712,0.027402417270690538,0.008027122775066231,0.007650173842699948,-0.014851066804742907,0.011789117651738734,0.005697614073696289,0.005118590176670823,-0.001042664076348121,-0.0026459146827046975,0.005559594802604095,-0.019005426999574526,-0.0002165999823199316
-0.0008551699281390546,0.0015402841886504315,0.0015699549844880867,-0.009076714926989804,0.010748072948233212,0.010551791028538482,-0.025337956704846176,-0.03932945162222129,-0.01557734305593983,-0.09005407815355432,0.012756272161162208,0.0462397636170111,0.01625315158164603,0.0,-0.0035630729999563404,0.0012779654972472354,7.70717147776101e-05,-0.0002626210650596428,-0.011625914412140892,-0.009491452462346062,0.002076218324785495,-0.004038485715144036,0.012039311670636987,-0.004128783957391635,0.006391361044750021,0.007963057575964438,0.008361519457497912,-0.030756290679880283,0.00019087667120853968,-0.0031084627895318073,-0.00659671151394936,-0.03524786803027094,0.003878570758182376,-0.007518841597848047,-0.0027945774862270234,-0.020860341298537338,-0.001500369420218195,0.0034210285126308193,0.006037038160934649,0.0,0.0034890541623485705,-0.000647874969646467,-0.11832571959463578,1.651032521865492e-06,0.0,0.0,0.0,-0.018855705052121863,0.0,-0.06126135269493349,0.008445173524414151,0.006765320606035852,-0.010833516996403059,-0.030322200366361185,0.0,-0.05714576573516611,-0.0003736515076769864,-0.07725953378990047,-0.08988342356649226,1.1102230246251565e-16,0.0,0.0,0.0,-0.04307511279805987,0.0,-1.1102230246251565e-16,0.0,-0.03726955716242253,0.0,0.0,5.551115123125783e-17,-0.008949117526089123,-0.0026019072171420965,1.1102230246251565e-16,0.0,5.551115123125783e-17
0.010739204893624898,0.001432657717568564,0.012172788952836688,0.016704966579279723,-0.0017902620839740369,0.03842384629701401,0.004115094508386319,0.019111950475908857,0.007516260449683954,0.011264210462995528,0.0,-0.01542289297543098,0.007052283890332078,-0.0035630729999563404,0.0,0.005438402636729178,-0.0009477569710201195,0.0009886600787465394,-1.1102230246251565e-16,-0.0022176873064817526,0.00146655929754691,-0.008804151954156958,0.027786127675675065,-0.028864577814635917,0.0020611717363946402,-0.022807689679982812,0.02113486011426513,-0.0006066366799163392,0.011782407593952604,0.02220363955477711,-0.02135468820086417,-0.006448725982017178,-0.001102686662755814,-0.012237723660098843,-0.005174859808668719,0.010727984850584182,-0.004187130891625923,-0.0002695401094467975,0.010906007737021661,0.006631000161772649,0.006683629001753233,0.009726018857519336,0.05300659009901648,0.01120639947361346,0.0,0.005869838319589649,0.02485904235962555,0.007745179970390981,0.0,0.0,0.04022128700837263,0.002766606990073195,0.010786838975593183,0.003622280074015327,-5.551115123125783e-17,0.0,-0.0020601388954034627,0.02086210440365921,9.402347485365503e-06,0.03346908301989887,0.010541441981438249,-0.00032865659926750723,0.009361819544666139,0.0,0.028164775584588075,0.00618302997005965,0.03006409354424,0.03359842514556738,9.953225096120955e-05,0.019086820539755023,0.015663531719833923,0.028133449473127625,0.00722327892118968,0.012716731797558167,0.002381355511884231,0.012088857483004978
0.010475165785071794,0.009065283677605562,-0.010912369909124642,-0.0008713647201056274,0.0166871738331254,0.04471545674508376,0.01979298373954258,0.028893973556673724,0.03582191753174274,0.009870536913170747,-0.0002608222583199149,0.024590055155522317,0.010168288800129488,0.0012779654972472354,0.005438402636729178,0.0,0.00902546370479057,0.019724648859198335,0.00038428452988159556,0.006674430314782487,0.014673334632147483,-0.010187889090484958,0.026475482783284265,0.012724274227042476,-0.0018218701304790197,0.004565459641862946,0.022907481422156373,0.005792966508342989,0.013605176867691415,-0.014962999618193917,-0.004305980917976293,-0.004548665252469053,0.01019438559174285,-0.0005222040503122805,-0.012368402478899698,0.0025236771954912363,0.0026536552656389323,0.021012308330678353,0.0024781338454968327,0.0008483916993941576,-0.015467012330353913,-0.01280113770235386,-1.225994373660333e-05,0.0,0.0,0.0034128192823264514,-0.00874751359600573,0.0,0.0,0.0,0.0046717605662869865,0.014327194249365238,0.020349806341673993,0.0,0.03774562643970564,0.0,0.03868342338729175,-0.010768089306305462,0.0,0.011213885933784418,-0.012486407987739034,0.025162202869361383,0.003618183652726592,0.0,0.009479854703364765,-0.010944994425269916,-0.004634728965785984,0.005576823432971556,0.0072836809168307926,0.00028610006129559107,0.002897531108202678,-0.01815072546430635,0.002263856616406157,-0.016018215797895807,-1.1102230246251565e-16,-0.010928505791941323
0.02703049119846257,0.006058183017423724,0.006235608170012508,-0.002687357853413286,0.01891055059141683,0.024687065252811002,0.019580625259035755,-0.0027026231814063495,0.004580674671617158,0.004742842535763403,0.002946974576103989,0.02921812606505647,0.0029674100263776815,7.70717147776101e-05,-0.0009477569710201195,0.00902546370479057,0.0,-0.012423034524702836,0.007514642577006347,0.002206688387989264,0.005253532295144914,0.006469697850006839,-0.007419658802439277,0.004024391552209572,-0.0034413193140357956,0.0031745747215058406,0.014769879528507501,0.011507742420927058,0.020056869872835725,-0.008790630893210694,-0.016793828925473375,-0.017695522567540978,-0.011343612972915473,-0.0020340112647987962,-0.014181116187180431,0.0006839873619972625,-3.399649292218365e-05,0.011387097530788204,-0.041373177912982895,0.040979273466623445,0.018944495661827765,0.012609831414111483,-5.551115123125783e-17,0.0,0.08246014250733386,0.007485688886101516,0.015336802391789528,0.0,0.0,0.0,0.0,0.0,0.0,0.0,0.04020340070180528,0.0,0.027263321153482734,0.004713592346060558,0.0,0.00013695414846287557,0.021246334738401984,0.018395406753601906,0.015462973847144568,0.0,1.1102230246251565e-16,0.0,0.01053045257607571,0.0,-0.016517428551841684,0.011784396996180446,0.009611573555920239,0.0,-0.002286175341196073,-7.388538972835645e-05,0.0,0.015339043461879809
0.024153568880778242,0.0016589902516537802,0.006191236878986872,2.807731477627584e-05,0.02665064770630321,0.030121308617165,0.016180306452958038,0.0014550769695783061,0.010538937335884624,-0.004420910609018225,0.0033368050425920948,0.012394510026909222,-0.0012032115713681568,-0.0002626210650596428,0.0009886600787465394,0.019724648859198335,-0.012423034524702836,0.0,-0.0020679748113813234,0.0018621846995385272,0.01657112692164653,0.0016247072040139754,0.005859064645035494,-0.007993043936153854,-0.00010071085691237824,0.004013594716463731,0.013537632379389986,-0.006292354153555668,0.014604056139407129,0.019849701894893657,-0.02043900323796155,-0.01872960191080686,-0.005433745852371552,-0.013423104407600583,-0.028625315120343664,0.009493979926591734,-5.6659745158449404e-05,0.018976472894245755,0.006805927200392303,0.03122593561056025,0.01732593642041591,0.026643002394948656,0.0,0.0,0.027494081506573342,0.02158959004689226,-0.009172711582522919,0.0,0.0,0.0,0.01577164512843493,-0.00023895233427695395,0.0010198131041983527,0.0,0.03983912743132367,0.0,0.026709865796627263,0.005749622467267235,0.0,0.0033241875195149095,0.005661157651259907,0.02210341596254317,0.01513731693070497,0.0,0.013814563304728744,0.005458267358155855,-5.0522055402291155e-05,0.009891060465816504,-0.0028918799340252876,0.01078934365488532,0.016173647488923304,-0.0004053853030417942,-0.001909451243059468,0.00821195278663478,0.0,0.020995587212877975
0.0,-0.018710161932333824,-0.03827302849409925,0.0063103609383567405,-0.039186340226160354,0.012643738129482995,0.012569838525277377,-0.052419522361253634,0.0014730026769564364,0.007048272108820197,-0.03159917900801784,0.007465570359560358,0.005925463058993774,-0.011625914412140892,-1.1102230246251565e-16,0.00038428452988159556,0.007514642577006347,-0.0020679748113813234,0.0,-0.0008632512531938641,-0.00816777746559566,-0.012837114670812888,-0.030568354406754483,0.01951744885391138,-0.006412783496156815,-0.0035094276152389803,-0.01214789849370257,-5.6703438438221454e-05,0.014599072182800377,0.010336624481803336,0.004220244813266161,-0.0049128488604089915,0.012063413661286382,-0.0023791330282288414,0.009371868906371206,0.0034137596934981085,-0.01945619788771147,-0.009603344993644125,-0.036870758575374585,4.394810067942512e-05,0.07269206408160861,0.006681743269746798,-0.0974860814373823,-0.013140872684762162,1.8046344697264516e-05,0.0,0.0,0.029700182983187162,-5.551115123125783e-17,-0.000917274021721759,0.016959996633096663,0.022320246198939686,-0.005128351260312969,0.007815576584200401,0.0002587672187193135,-0.0375743047693437,-0.003352824293574974,0.0017581659385172976,-0.054733305641910535,2.220446049250313e-16,0.0,0.0,0.0,0.019856605383256898,-6.360100479135822e-05,0.0,-0.00027813362217815607,-0.0049867924070853276,0.0,0.0,-5.551115123125783e-17,0.007165015225349958,0.01483640315159307,-0.015757354665087098,-0.00021926816911788105,-0.007021186160679149
-0.004439814305752743,0.021645445231555316,0.0028731124704423072,0.021166059088785105,0.03140735859164451,0.02810351468356248,0.013994405197406967,0.011496778492827375,0.029940537881000318,-0.0018025375859374027,0.00013341468446942395,-0.014752312714201687,0.0006255262660488925,-0.009491452462346062,-0.0022176873064817526,0.006674430314782487,0.002206688387989264,0.0018621846995385272,-0.0008632512531938641,0.0,-0.0011792472725521974,0.009392782815221767,0.037093300661455386,-0.07775683365667807,0.019109516240444713,-0.002083652563714955,0.02153980173213177,-0.02345799394308934,-0.014018081450459186,-0.04958374890346717,-0.016775722568203588,0.004144247320405581,-0.012343238635448839,-0.00616571851508213,0.0025812380933945556,0.021810806929555004,0.002340026165100151,0.00021577903022973466,0.017867984147697524,0.019770879181998047,0.015412371180044182,0.024400421334049183,0.042539091325744904,0.00078819880395814,0.0002906354718830717,-0.010011073984231511,0.008002943171583676,0.015888377412306365,0.0,0.0,0.02029253592525143,0.00868115433726413,0.022210495128557883,0.009200262481239563,-0.00013437512630426474,1.1102230246251565e-16,0.006033852328559075,0.017704837624367475,-1.1102230246251565e-16,0.025338676724257603,0.004860367964762469,1.9502924566872082e-05,0.03260193901761427,0.0,0.025913584660361255,0.011777166545663409,0.02102558509290392,0.021932864244990635,0.0,0.01228611438395083,0.01006777990178348,0.021236680467349223,0.012659726305726815,0.0172103704637111,0.009944933432618541,0.019965391534669863
-0.023886379687455328,0.019229195449094794,0.00010864227889600953,-0.0004721482494896567,-0.020815455973157426,0.040114310179555024,0.006839962165018976,-0.005541856449542248,0.006856517959130781,0.005538323715624682,-0.0056599254633799,0.04375180192040046,0.03141622156709717,0.002076218324785495,0.00146655929754691,0.014673334632147483,0.005253532295144914,0.01657112692164653,-0.00816777746559566,-0.0011792472725521974,0.0,0.009296436865613822,-0.016221734511385977,-0.0343815274860238,0.024777042348675393,0.0008051201940291741,0.011109648705312003,0.015542211151498564,0.0349222121480075,0.0075465350560983135,-0.031515154314299354,-0.0023144907944553372,0.005792457522518835,-0.02272779271397657,-0.014886079724743484,-0.0014249567252848094,0.007270263058996473,-0.008193984457372017,0.012631201530310221,-0.002561589095208705,0.035756017725989575,0.0054074249027158405,-0.00029609499133287365,0.0,0.0,0.029766751304358963,0.03160591400810453,0.03395350848123496,0.0,0.0,0.01835679699778675,-0.008072942551342277,-0.011201315232909514,0.005923565572493239,0.0025193728388686054,0.0,0.005357956124548147,0.0137398348085217,5.551115123125783e-17,0.010912320108221185,0.0017192397139100257,0.0,0.012608626155396208,0.0,0.03998001779066729,0.021657473650321335,0.027373374983351628,0.027754318303024605,0.00305526807195744,0.01635335997304116,0.01436219664993621,0.03172211822928639,0.00785711913832049,0.02038305883919378,-0.005396210993178663,-0.01179142380926912
0.024761386825854492,0.016177469687999324,0.0027637038081303467,0.07286662788175224,0.038347566759665386,0.04156673769408015,0.021966350509867172,0.014055111140382714,0.04406714007621587,0.019559978939571676,0.005325458265336147,0.01351184716991849,0.014134368340441128,-0.004038485715144036,-0.008804151954156958,-0.010187889090484958,0.006469697850006839,0.0016247072040139754,-0.012837114670812888,0.009392782815221767,0.009296436865613822,0.0,0.028367843559481243,-0.02683580397939922,0.016512645958542904,-0.0055354671841341685,0.021029705578222424,-0.01314034083208776,0.013642707674035193,-0.02993950488229913,-0.018675514582361663,-0.0021855244498476534,-0.0025255282353740527,-0.007068690521468635,-0.003157283735624905,0.014322613025481101,0.0010952834035873882,-0.005760407644696486,0.016393182545726637,0.0198047352187688,0.010142958473349062,0.019255027213173403,0.041636970729042266,-0.0013839677467823441,-0.00014256636521720045,0.009404043039860088,0.027604709947255168,-0.005314646288612057,-5.170235608864537e-06,-1.5895704026380741e-06,0.01727290696180972,0.017202862869844904,0.003846624668776777,0.010716579158702055,-0.009018269842780924,0.0,0.012330613769065468,0.011128806469071328,0.0,0.02544717599277435,0.008868289788382833,0.0072907117641933805,0.024045254147029127,0.0,0.022026528546403634,0.011404641184299569,0.022628020868930454,0.017526848828350983,-0.00708594372266258,0.012888916526845928,0.016543801142201497,0.020907060753227125,-0.01798235468883308,0.010060395779847242,0.006371025691582155,0.005544655865425241
0.002490811871620535,0.04036111631262801,-0.03599330424445052,-0.0006640571842562726,-0.002964323718015971,0.0030898270438538544,-0.0025287572429787963,-0.0037253335729506287,-0.012756108179466541,-0.0037903102965555213,0.012822463244416271,-0.006953103744311628,-0.003388581516812428,0.012039311670636987,0.027786127675675065,0.026475482783284265,-0.007419658802439277,0.005859064645035494,-0.030568354406754483,0.037093300661455386,-0.016221734511385977,0.028367843559481243,0.0,-0.016324608751411618,0.02122104198985325,0.008387012776653935,-0.027833603939999674,0.00842092510397302,0.03324955559562387,0.011291118804240718,0.011462846514977476,0.0022153988170089955,0.03482540220086228,0.00580013959344472,0.004461961350381127,0.025575317472272152,-0.0007995550949183028,-0.01864644563565826,-0.0023639565213725566,0.0209232798363016,0.009192999289964199,0.011055667156151139,-0.10203681622190491,0.0015065093865714307,-0.0034616765381713654,-0.013319412073241166,0.012124942393185678,0.04307031998037236,-0.003008508893925843,-0.0014907837334069418,-0.0038361130458640647,0.0017358910456919951,-0.010633824204313524,0.010903034370501441,-0.0011772300558551274,0.016040146947817857,0.015937924399813175,-0.009152086798213444,-0.04848068007515782,0.017776666959810783,0.005427878727091828,-4.7443020907422806e-05,0.029321534321809617,0.05814625359918929,0.025361980702396147,0.0014239768256599783,0.02378143968720653,-0.009866674574714296,-0.00018283595664303487,0.014155314195521518,0.013917173633193947,-0.006654334779877091,-0.006979590307087058,0.011213800917500238,-0.004625224716543752,0.008837836119121034
-0.026368523510691078,0.026961911048169362,-0.0038883110815307043,0.003371873253230351,0.031766139927387194,0.0027699139575612652,0.009116995015212515,-0.017664245270175183,0.007454058849732159,0.005400001779235497,0.016631209601203845,0.023752041904731458,0.015226026194679276,-0.004128783957391635,-0.028864577814635917,0.012724274227042476,0.004024391552209572,-0.007993043936153854,0.01951744885391138,-0.07775683365667807,-0.0343815274860238,-0.02683580397939922,-0.016324608751411618,0.0,-0.005839388417770042,0.014198609010373175,0.002923053447892565,0.01822724965399458,-0.04482718017155296,-0.005566286931107001,0.0003592985633923962,0.04634467914882551,0.019486124348180034,0.014273630922904845,0.0052809795789172664,0.013851361294025033,-0.009160414082470147,0.01752174578994742,0.04163182943449789,0.053051502547673046,0.06441841805669268,0.06993192634475387,0.00033490872744135203,0.0044761027552079335,0.07047821674962151,0.012384830307708872,-0.0010319555789722323,0.0,-5.551115123125783e-17,0.00018739124091732284,-0.0010454611434295158,0.00016057594891732974,-1.6653345369377348e-16,-0.0003338214415754548,0.04910365902340308,-0.00024557750356407615,0.036534009972225445,-0.012231542112348948,0.0,0.0007655606992064135,0.00879603884650998,0.012809956139816836,0.01191896152644506,-2.2835980265256683e-05,0.0001938111403352316,0.025885747796129344,-0.022892639486914834,0.0005660118804205472,-0.022750496894161754,0.006253308380582523,0.007375044574872092,-0.00010505453722459146,0.002615107431362118,0.0061000534704924725,0.0,0.0115535320243918
0.031883210487122726,0.029367471688190816,0.018377629948213292,-0.00019592595588668882,0.04132178973135253,0.04745491810056901,0.02863915798601696,0.007610428694142912,0.04835296490504548,-0.016635156678271146,0.0022841692485762732,0.006829527330047325,0.008733679134106831,0.006391361044750021,0.0020611717363946402,-0.0018218701304790197,-0.0034413193140357956,-0.00010071085691237824,-0.006412783496156815,0.019109516240444713,0.024777042348675393,0.016512645958542904,0.02122104198985325,-0.005839388417770042,0.0,0.007633511525550585,0.029205654440055573,-0.003739526300857554,0.036495933106226286,-0.006419620671646753,-0.010690498766323053,-0.005495985706917783,-0.002884503999170729,0.006018009119915568,-0.011631613289715848,-0.004593269040058523,0.0019813926728596276,0.000604848769530042,0.006026401621793631,0.027885849606830437,0.010333655274802067,0.013949162228459766,-0.003854961821801617,-5.551115123125783e-17,0.08548336696316422,0.023681310468638916,0.008160752533215465,5.551115123125783e-17,0.0,2.220446049250313e-16,0.012867496679391355,0.00239275143136225,-0.007631607975262633,-0.00119753316511656,0.02366149442657406,0.0006409458393870082,0.016091791095955432,0.008861374058789895,0.0,0.0011138790794201214,0.008813160152006616,0.006887486627506212,0.012802235270779116,0.0,0.0131826388514511,-0.015647070920691786,0.005754368670314869,0.01547440220788876,-0.0016184326459380283,0.011439605728580993,0.016271894248184926,0.005557782660644439,0.013992062539357197,0.01792890885388637,0.0,0.01271981420187801
0.01767894028327016,0.021604870815366883,0.05599483214420764,0.02593134485645915,0.04460477070344998,0.05673858048685887,0.01905375868129744,-0.0021160593481294176,0.0365240485720692,-0.005632908794480973,-0.0015476925321900037,0.01585494843577495,0.004836617736039273,0.007963057575964438,-0.022807689679982812,0.004565459641862946,0.0031745747215058406,0.004013594716463731,-0.0035094276152389803,-0.002083652563714955,0.0008051201940291741,-0.0055354671841341685,0.008387012776653935,0.014198609010373175,0.007633511525550585,0.0,0.02743558788865924,0.0004639021639866181,0.020969004198422903,-0.017650630325656502,-0.0158994879948533,-0.007647926426213314,-0.004759842230187272,-0.00775123804053246,-0.01595147169116229,0.0009248428704817235,-0.010013446267325643,0.00831790708722041,-0.002498467580008046,0.019721750419858686,0.0028978186373848636,0.00930282446124825,0.02702975989655776,4.458843112065125e-05,0.06116285518754666,0.007538941505948804,0.01555516500365356,0.009234076394905366,0.0,3.71641299462544e-06,0.00901599911512585,0.009071417594896325,0.015953901733116505,0.01259169459496895,0.020897661899319853,0.0,0.013236907909377593,0.013761643914182498,0.0,-0.00045348691959190557,0.004990776407457043,0.010397308724763965,0.013911336239164351,0.0,0.017201137675812384,-0.0012123974420523709,0.019238913738670704,-0.010427244599707619,-0.01772469737382043,0.009996393007858873,0.006067218324869339,-0.006556848733304033,0.007243972588584946,0.00637032907052737,0.0009157675932909282,0.009249546940824749
