0.0,0.7305472557219497,-0.046431007668548324,0.0,0.19221079634530275,0.6643175807496521,0.26250197295522026,0.6120646444290936,0.7226926215538374,0.3744548592742065,0.2068200181365689,0.45118736230037754,0.5224808819747124,0.3677950068950234,0.26125497695920624,0.6546952120440137,0.22217488579389383,0.631980057772642,0.0,0.40027623677923746,0.45365894389090333,0.49133298754509047,0.36817266333738863,0.3388169950094526,0.5403561416833678,0.5348175724308005,0.4800192795234456,0.3962767780746924,0.5781703460237168,0.8270999598356739,0.5349103132512681,0.8465537542835186,0.35590806659374596,0.4765265050480547,0.3158269787832204,0.5587167716917085,0.487721308648005,0.343070179371783,0.7032510161339783,0.571935115164016,0.37642894678507455,0.41837179016058007,0.46478609058895193,0.0,0.2936676002173466,0.7692504008183414,0.3884820533577567,0.0,0.0,0.0,0.416278595946642,0.0,0.40193156055993606,0.0,0.002412199721822106,0.0,0.33960607349767724,0.26771942357179895,0.0,0.48526548525103747,0.32420451032060815,0.004556654081398576,-0.14067120898181462,0.0,0.1873474300033152,0.7495159103700967,0.2479292551874177,0.27153667272655163,0.4132391257237723,0.08707756123763088,0.3476633607495768,-0.014972996495593194,0.44050650058041846,0.3729329046859843,0.0,0.41753461716004964
0.7305472557219497,0.0,0.3636093518044909,0.4260870900911303,0.052390607734678185,0.24877641082858926,0.04383857466108598,0.5763364738810557,0.025113217019047035,0.6300578696512107,0.12012219652075373,0.21030013201188336,0.11668105411828206,0.2799567120554645,0.6017105034183738,0.6053126551354497,0.7453013947570852,0.7574707709364357,0.46432581742812495,0.14971464831808956,0.4492187290796744,0.4538050317628425,0.5912164700491627,0.5962246422434925,0.5700776562736218,0.537445549634562,0.43120649439666275,0.20197497376211995,0.18642662607396285,0.4113843743388259,0.7443874339726471,0.9083213376872405,0.4491519457850815,0.7902164306711621,0.7483517316101781,0.6084415757659147,0.06018059285251676,0.0,0.39898175116861345,0.3430399531251104,0.32405909024035673,0.13940256659988942,0.4403047189150534,0.0,0.0,0.5407063141792274,0.3626687740183456,0.05099375079025134,0.0,0.0,0.30499332939672413,0.2580191439250364,0.29156470322823347,0.1723526706626436,0.4972045789668609,0.0,0.2350700244266247,0.27567846509769145,0.0,-0.042723362334277815,0.4588953795543931,0.21068855223504152,0.25542117383477203,0.0,0.18105747011809886,0.16688328887686305,0.06721482082914071,-0.03381508970731967,0.1202962293983921,0.2528889773049308,0.24798875885894794,0.13184347773092395,0.28303316131693596,0.3046956537671529,0.0,0.4227312425911264
-0.046431007668548324,0.3636093518044909,0.0,0.2612843244655235,0.18559327481251314,0.3486044696826241,-0.04100007782599774,0.13150503321880008,0.380649734890171,0.16954486038572147,0.38605150854868164,0.1145231853172034,-0.05242313130540016,0.19101381448667037,0.09022696898732102,0.19435952829647166,0.28397886435890596,0.18859643086737193,0.19640535739072143,0.21389164961353907,0.1703113297782582,0.25491276210722824,-0.13724812642648787,0.19638436936938775,0.2981749172361111,0.353339728330288,0.4070817728124796,-0.07970059227030762,0.26302970879340226,0.4358046299008053,-0.08990121768072862,-0.005512028285117432,0.15529999890384094,-0.1418445973993182,0.23022952322915324,0.0764778021148263,0.10959175799875304,0.08123371640615659,0.2623790054732867,0.49847785963909597,0.27263019202513433,0.3611047433628726,0.3339492969535027,0.5724571513743827,0.0,0.0,0.41584213204264786,-0.006621735941820084,0.48396010621054375,-0.06459564732782602,0.12791506628642574,-0.19503009422852424,0.3365981383428722,0.14618250588749815,0.4360616038614217,0.3475605770982653,0.32406789086829185,-0.1846380864794433,0.23071183828756964,0.3570239125539507,0.0,0.0,0.0,0.06486643200794562,0.35653295940292856,0.5279785691537566,0.2489406163548497,0.23310980529251574,0.0,0.5524893076495754,0.1421436338758773,0.22328733554948085,-0.19256586073536225,0.19178851356602167,0.4656006095643698,-0.003066220811713982
0.0,0.4260870900911303,0.2612843244655235,0.0,0.12235444487492006,0.034567339899366445,0.1481023467395559,0.5071469823462398,-0.06985451082933636,0.5395191217705704,0.14753549333040927,0.23508432465000378,0.47421244106461036,0.4100760320981265,0.257081438300319,0.28341439339779645,0.43376337318627983,0.4654533720035742,0.21139302423381656,0.2002797167235612,0.4365834908893801,0.31866661409672464,0.24287655893184712,0.0952707826336168,0.8090967682888079,0.3015258066677227,-0.17050742718744588,0.5868314618997804,0.07547036905460966,0.6053961915232995,0.380519541796145,0.41584807834183274,0.15072234486272013,0.44579132545327327,0.0493909970653609,0.30153512380850356,0.5528282606540156,0.23217006357162506,0.2271111985941352,0.40340288036884375,0.19399926853165544,0.43730707747545317,0.5434175641976446,0.22591112984329081,0.0,0.0,0.0,0.43788206116266315,0.0,0.0,0.30544563715253376,0.0,0.4647766432832722,0.33120642437407205,0.0,0.21607452619969997,0.39419225120334517,0.4575629616881533,0.0,0.0,0.0,0.0,0.0,0.0,0.0,0.0,0.4870155073298821,0.1428975721550602,0.0,0.0,0.0,0.08117382043419824,0.480152249187417,0.19725487513875173,0.0,0.0
0.19221079634530275,0.052390607734678185,0.18559327481251314,0.12235444487492006,0.0,0.0037502803302238152,-0.17794390513848954,-0.06274084010107939,0.23718023195864363,0.19648546290742872,0.24370169500652764,0.07223098090502456,-0.21772042897872884,-0.1403624830297877,0.24949152999215501,0.31502855111299305,0.17359983384315486,0.0158158800296285,0.04219050546534284,0.1704187912940172,0.2884412392291106,0.05465482259827831,-0.008507190184996294,0.08231853670451852,0.18113251246221315,0.19787145734864262,0.3298250820797436,0.10835602359077157,0.0037163940132296513,0.29268684155789204,-0.14300446913515236,0.12938121263177307,0.8261974715098891,-0.16202060887974068,0.3147816340627111,-0.10283618514851664,0.15132515126644566,0.09528571726775042,0.2397329223516865,0.8308892453090067,0.44762942742271494,0.5771934503489058,0.5146399042841491,0.9252245715693921,0.3870090288656204,0.0,0.17325634562694867,0.33714381915549274,0.0,0.43717502187234414,0.1812147453096167,0.28389958461309894,0.551114616674415,0.20966160761884628,0.0,0.2898012667227851,0.2146308499827584,0.2900551560581357,0.11238872892465615,0.2963363259712362,0.459782779385425,0.0,0.0,0.3829100347467542,0.12568755573866597,0.49155339789356345,0.07400868248411979,0.28622812292188915,0.0,0.5000905495600997,0.20795114916307744,0.21533401669007857,0.05335335877807268,0.2021090862513525,0.0,0.20525766195609224
0.6643175807496521,0.24877641082858926,0.3486044696826241,0.034567339899366445,0.0037502803302238152,0.0,-0.12627858531665143,0.3196326035991176,0.37547868245009025,0.12298988443952971,0.2608491623633498,0.13580005454103294,0.15748715212904568,0.1318691801223063,0.4374994022739525,0.39402759187821057,0.1941443702076383,0.3162740501524173,0.22379229097155834,0.39601329816642705,0.48802762719107373,0.3163626776806062,0.31449575546436853,0.7268439224970955,0.42478957022214925,0.5845018433236602,0.5266733830352217,0.1619988829528856,0.47132814042845744,0.16391885703804154,0.1623375101738594,0.14295075913483427,0.4168503255840589,0.12290826372166136,0.2777882054087406,0.06955120921977226,-0.03552887101683072,-0.1307225593285667,0.13173990172825212,0.1696427397694394,0.3445998712135551,0.4098351543978095,0.5720993345667338,0.2757250013010301,0.07920219402419737,0.37358813466209206,0.19607936078664623,0.38038458166417194,0.3555771475278031,0.30839949159205726,0.384076741081252,0.37736904206011734,0.8389368578247138,0.36807499660250054,0.5158109187989331,0.5172337593428041,0.036914361619957536,0.33167385887934475,0.2926320673233855,0.2172711047887316,0.22311668718091027,0.0,0.25460183474567033,0.3139878980313964,0.18612408262079988,0.35020327177423494,0.17647648214873418,0.4018609361813369,0.5066599280569023,0.19406271018785337,0.13136472181886721,0.40006033146732567,0.13282054196789525,0.2642539447761042,0.2336665435939583,0.12678567478865294
0.26250197295522026,0.04383857466108598,-0.04100007782599774,0.1481023467395559,-0.17794390513848954,-0.12627858531665143,0.0,0.045707054718497175,-0.08240381166741312,0.22655241256014305,-0.15274342976631006,0.1038053295388276,-0.08436549517643027,-0.11313728279883692,0.26603682076815677,0.21391398268149664,0.1548364235769818,0.29374702511590184,-0.13665517975562774,-0.016352709298112278,0.03377367123916003,0.076846730808111,-0.06079431882918701,0.05308926728791874,0.19641710302936777,0.34918447700681576,-0.01698779924083038,0.04279902760938292,-0.17178753029098437,0.03255065175608801,-0.12228334013143222,-0.18197452532774533,0.43782531289360166,-0.11336402233319476,0.028154372737378558,-0.22702919093046942,0.20821163057123668,0.1526923675049786,0.42864697600752155,0.44533995226183937,0.41828372873824926,0.669784660844954,0.37303264065400465,0.8193082656075843,0.3655383668923068,0.0,0.1432668749014185,0.22468492396606818,0.0,0.2579158418541193,0.1936370685748775,0.21978263263128822,0.5887125464907539,0.22779289653895307,0.24321144765807215,0.5183007635063439,0.5224676127571488,0.07597228441096499,0.13489268161367973,0.07343721033313166,0.24824591829171577,0.0,0.5174919824376232,0.3713017610658479,0.2258612159988401,0.2579502103733159,0.365860257406444,0.21967794262187704,0.4712296452864264,0.21702958187103188,0.24382356947393316,0.1924298284886256,-0.009834366396040295,0.1640738070238229,0.29210373659163813,0.20853312841304905
0.6120646444290936,0.5763364738810557,0.13150503321880008,0.5071469823462398,-0.06274084010107939,0.3196326035991176,0.045707054718497175,0.0,0.053950572937269514,0.32477031488067354,0.07166194634143266,0.36422359505317214,0.14923100916720014,-0.34567881999706446,0.41457899438838164,0.48403941023231023,0.3295298002375983,0.887595859436209,0.0014379682216501544,0.2128799520168405,0.5192083340462146,0.22553659546955096,0.25062245726984694,0.6126375469377454,0.592763529304233,0.5291437783617448,0.2795788090717126,0.051326775045653306,0.09246711394429807,0.009894341062917145,0.10634932248667173,0.6776733046270371,0.4644935642594038,0.1039815667298517,-0.12548791853426394,-0.04510745056727722,0.3485915956013745,0.22522938460413383,0.33767807876250283,0.05283555708233567,0.14043620048924876,0.2696820969644125,0.348492946022297,0.6223610326795597,0.0,0.2569323693224184,-0.09430836540847834,0.6384408798019756,0.0,0.7242841230226535,0.47868173677705667,0.695848988294415,1.156941087311734,0.432002844242046,0.6263414864364956,-0.2354827188534816,0.965631789510913,0.27501933978506604,0.44233933364056627,0.40850004967043696,0.21362169367342118,0.0,0.5496211658365091,0.3874937794781052,0.3888807451665222,0.5065222826448439,0.18554568780376168,0.7619219914313465,0.0,0.1535606716368182,0.059456437154470465,0.5273899495760676,0.06066687207327848,0.2659507563092758,-0.24265514364730284,0.1305482801169063
0.7226926215538374,0.025113217019047035,0.380649734890171,-0.06985451082933636,0.23718023195864363,0.37547868245009025,-0.08240381166741312,0.053950572937269514,0.0,0.023237138196802565,0.44811380386220134,-0.08275880713357547,-0.08222238227083395,-0.053756755846746274,0.2817325480021791,0.08531730443018842,0.1367174920865853,0.06883650920094025,0.2629923906695032,0.17561122805155419,0.23708077657974186,0.001258586664892869,0.1020843876159872,-0.20761618677724603,0.3023881061811424,0.4115191482844144,0.5509212843327268,-0.07396874324387404,0.008261358571060584,0.333502280904697,-0.09874437405988112,-0.03404128065387546,0.013169490098176473,-0.10510484950124221,-0.14511669202829314,0.003750308383857315,-0.13915668509064694,-0.1739416748606703,0.24401512669678885,0.42211964348747505,0.2707550470334914,0.155229938629064,0.3503698945011436,0.3352157652458468,0.22146345164284698,0.0,0.14912445361198373,0.2826707795081114,0.4841306445780751,0.4013172898501577,0.21515086609713785,0.3359241741328072,0.31060951451155394,0.20774978569934213,0.08318378199449691,0.40143368090206605,-0.010567370366865086,0.13706563055182505,0.22848013241471093,0.10655917681676857,0.40086532182860396,0.0,0.0,0.1714210304290653,0.18391753208262007,0.7881853255254491,0.1671828407425397,0.28234732829941783,0.4431978187949315,0.38746952692114744,0.011379054791869597,0.25453178608817256,0.076873499505001,0.306621836672456,0.22270935391758329,0.2986151129593545
0.3744548592742065,0.6300578696512107,0.16954486038572147,0.5395191217705704,0.19648546290742872,0.12298988443952971,0.22655241256014305,0.32477031488067354,0.023237138196802565,0.0,0.025502041649306806,0.1452372668331643,0.22561193815921737,0.3418258821230373,0.3887055484501051,0.34352069135366164,0.464256041167353,0.23919003588855878,0.10791332339902399,0.2938610008458987,0.7392275880493451,0.4760029756949927,0.18393334933609998,0.12397480932077928,0.5206963211995377,0.5276537777599634,0.1416035868294384,0.37632683769500086,0.1746142729028709,0.35826288611398194,-0.04647048466649306,0.23418017492038348,0.6122527507384402,0.6933324695367123,0.40869818717921247,0.5519798640978544,0.2874654094568747,0.36725831371915657,0.18955856246205482,0.5077755270308775,0.48310119930990314,0.3285131991651925,0.2893650295665058,0.19247180264994712,0.32003502940921186,0.42682574681945495,0.3895432063729663,0.3801192223956318,0.49466194737577895,0.4806081885891874,0.20672251284067988,0.1412403427292673,0.2959482859202284,0.2986619150592679,0.3698849276699111,0.16607982789677267,0.33353662017380714,0.24444054211317734,0.0,0.6279450847289659,0.5362851147695847,0.39675450347490593,0.43900461439986216,0.47947704217008236,0.4733636268339446,0.46213098870228697,0.2694746993427927,0.20892738480086392,0.186683196287882,0.4161974089515835,0.427632089223012,0.23549234277121905,0.35208225176417907,0.1278749186287862,0.0,0.5031475232774187
0.2068200181365689,0.12012219652075373,0.38605150854868164,0.14753549333040927,0.24370169500652764,0.2608491623633498,-0.15274342976631006,0.07166194634143266,0.44811380386220134,0.025502041649306806,0.0,-0.16167653579989372,-0.11368143784057821,-0.3303666199802008,0.0,0.5044170172838761,0.10504788698765888,0.1395709802201864,0.34396372684703125,0.4579874912224693,0.10171588178738322,0.2058225291458218,0.13515138949796984,0.13965361887056127,0.16282431891065463,0.15821920177725665,0.3009382360721229,-0.06503424653014528,-0.038376286499958334,0.25775344159339564,0.21314332299474203,0.37000433399259564,0.24794141795485214,-0.15292199180387217,0.17385474272471463,-0.20257748945551263,0.07513585357543745,0.23834398294060233,0.14006022779749316,0.3066437723697144,0.2287441378172829,0.17883738390989973,0.1960371847869773,0.2820418054202327,0.09195732337483888,0.0,0.0,-0.10584229154512098,0.47319478252895675,-0.0621886173871018,0.2361442166154082,0.008828560103661398,0.2608212307014378,-0.13723436703981262,0.216449510107847,0.11246446424141562,0.16405046704358162,-0.06431190584646279,0.1769823503017779,0.0,0.0,0.0,0.0,0.05841990936336386,0.22416602931422694,0.0,0.5313434878647065,0.3516623577665342,0.0,0.0,0.963357549517613,0.40059629808620956,-0.05592446691887992,0.25355020385606364,0.0,-0.1339783000176491
0.45118736230037754,0.21030013201188336,0.1145231853172034,0.23508432465000378,0.07223098090502456,0.13580005454103294,0.1038053295388276,0.36422359505317214,-0.08275880713357547,0.1452372668331643,-0.16167653579989372,0.0,0.1784682003293228,0.49748836627890397,0.35556486713607444,0.7721353316158532,0.4291882441350851,0.5881407075332175,0.2829358026615805,0.5404628487865578,0.743775547757676,0.6903912261730796,0.7078102906570952,0.2803678841136873,0.4921090601268846,0.3656632337166913,-0.13497095273419069,0.30695973608347865,0.3206558799767696,-0.00410098655484295,0.10905463151003147,0.38396534149809364,0.6398925358419321,0.49594464278322836,0.2881623555740019,0.2185852285917553,0.14906446685527966,0.40134003494511705,0.38537358971231683,0.5491516829435884,0.5529828492306321,0.5199493152775533,0.29574566762021465,0.5009495701919595,0.38965152274469794,0.2195848394786953,0.28768831482026747,0.1442371829146475,0.3987540048969002,0.3011546721004608,0.16776667456133101,0.4154817892563998,0.35712418878010727,0.22141353614205778,0.40207135545291844,0.20311918927234884,0.48355848259674095,0.34892253126852907,0.5715829315017833,0.5246022568763273,0.2665565231822009,0.3887069666833902,0.37349760520042286,0.21728096630662055,0.3985520415848513,0.43464504207470767,0.30500129356922256,0.34636687294290847,0.31100816247557994,0.29790599630583037,0.39053118895977734,0.2053059094961155,0.3551473263030244,0.34960298816764046,0.0,0.5460686388733078
0.5224808819747124,0.11668105411828206,-0.05242313130540016,0.47421244106461036,-0.21772042897872884,0.15748715212904568,-0.08436549517643027,0.14923100916720014,-0.08222238227083395,0.22561193815921737,-0.11368143784057821,0.1784682003293228,0.0,-0.16134409068096567,0.024833204843997314,0.20206806380559156,0.17129986336572123,0.1771225382616624,-0.11933992607055166,0.12059354221472113,0.1560830706278748,0.1327359015037699,0.09312904836376948,0.004620671795057124,0.3001554284005614,0.40867418257536825,0.08910563013479089,-0.2028596184002014,-0.00836378978097052,-0.04971097248385231,-0.06175292930688231,-0.07054798957640634,-0.06100803988453113,0.013543825520211772,-0.0651844551196924,0.13123437845815514,0.3027851150026886,-0.059868632371443076,0.1012470821357998,0.48506304975871184,0.4805358719306686,0.424970546888667,0.3855056598308332,0.685625670635936,0.2624947574600632,0.5287166099873382,0.17862304943586516,0.3057502867075539,0.0,0.25781926214460715,0.232084651283057,0.3082883017674035,0.4795120059912292,0.25714960396494135,0.321347093800761,0.32461896702824283,0.49465514272143496,0.20597674375218022,0.48069909744684697,-0.021515040697205556,0.24800999815482627,0.32818707662405155,0.18178703945449542,0.3017533876309402,-0.01168397977901009,0.11621554864751693,0.06611065431627983,0.26663890085585457,0.17137729612528338,-0.12068162531523174,-0.09533021877041542,0.27747359859772214,0.08710752499093782,0.06926266186111735,0.19358357521986067,0.058918020024328444
0.3677950068950234,0.2799567120554645,0.19101381448667037,0.4100760320981265,-0.1403624830297877,0.1318691801223063,-0.11313728279883692,-0.34567881999706446,-0.053756755846746274,0.3418258821230373,-0.3303666199802008,0.49748836627890397,-0.16134409068096567,0.0,0.23399386268938843,0.5080514079199145,0.49172554836997134,0.4826293242644568,0.2712900608405917,0.32537548526615456,0.1746907754917068,0.16575253995012929,0.22742376716327073,0.34838435569069753,0.3737697289356111,0.12054298044598821,0.10690155997582845,0.265557201370637,0.11601019799382686,0.464097476323277,0.06259819236066816,0.4326618997433974,0.33722392853434857,0.46079015959651987,0.1568358465514777,0.020528362100187436,0.26634672627390976,0.4449177741197178,0.2580693089472955,0.0,0.5486403180314002,0.6987962453162496,0.2951355837190078,0.4832242272078899,0.0,0.0,0.0,0.2604298259332958,0.0,0.12770140672326447,0.1359910263460288,0.17011687985215393,0.23717921644109186,0.16264842965404444,0.0,0.35614598485552335,0.38547716481970673,0.30641564751472633,0.27843131450368763,0.0,0.0,0.0,0.0,0.34414890170844825,0.0,0.0,0.0,0.425634039105542,0.0,0.0,0.0,0.2610225659733084,0.3656562549641739,0.0,0.0,0.0
0.26125497695920624,0.6017105034183738,0.09022696898732102,0.257081438300319,0.24949152999215501,0.4374994022739525,0.26603682076815677,0.41457899438838164,0.2817325480021791,0.3887055484501051,0.0,0.35556486713607444,0.024833204843997314,0.23399386268938843,0.0,0.7397442608142764,0.12962949333045878,0.4793410110030509,0.0,0.3698341787150927,0.5455802248892616,0.5644159362414788,0.6799724954611006,0.6042237234262088,0.40231231811231283,0.7522606954464829,0.5312894382848947,0.36685455570604175,0.18406260227595217,0.01277351855150588,0.5897171217913235,0.8166925314318088,0.6075171675776295,0.8201695500269826,0.7053363784381507,0.7193410504978062,0.5484522761988841,0.39117565833806234,0.330607506241435,0.26381380819602407,0.34178464101657274,0.2607758673024381,0.535732081081968,0.6357373701184519,0.0,0.3656931528678039,0.09346423093915496,0.08170204926335553,0.0,0.0,0.05941300058671861,0.28765672922410523,0.2568960138841371,-0.3658477077839248,0.0,0.0,0.6150159979977888,0.10684401207710109,0.4757091030392125,0.4433024939550264,0.273142517614537,0.5582459351872584,0.4763493983191508,0.0,0.5370101209431676,0.4654682834035223,0.46812090004186235,0.4616721862425842,0.46672335041570356,0.20904632196300527,0.06578249882085668,0.32543149200604327,-0.09859200505342985,0.16079988294000874,0.029534434861863246,0.20311690797387788
0.6546952120440137,0.6053126551354497,0.19435952829647166,0.28341439339779645,0.31502855111299305,0.39402759187821057,0.21391398268149664,0.48403941023231023,0.08531730443018842,0.34352069135366164,0.5044170172838761,0.7721353316158532,0.20206806380559156,0.5080514079199145,0.7397442608142764,0.0,0.46278758373518836,0.8197010827272844,0.45717875514109974,0.391612152452681,0.6982624959517656,0.4890074768352026,0.4791856679629121,0.3892948078241234,0.6493133399024593,0.7144013928668236,0.5558862791842983,0.2025427522910492,0.32636261457940763,0.4046982151728561,0.5167356223228693,0.8758087385003681,0.6172047146996444,0.5004953847529593,0.5639912143969492,0.6067860577350355,0.0677560323321065,0.36446668249402625,0.6006309161311286,0.45600942292767305,0.3591625316141033,0.3776431436426666,0.46725412681876954,0.0,0.0,0.46858157363046243,0.4451315336687435,0.0,0.0,0.0,0.41837649175682234,0.04086932600084048,0.3323441817426683,0.0,0.2670788065829197,0.0,0.06410148410174998,0.24469483275686105,0.0,0.4305791369739552,0.34234379209149246,0.3870691973432324,0.18059548486494278,0.0,0.275174663242577,0.5366309990624403,0.34461012203957986,-0.042946062366455096,0.029864381510478988,0.24037033372790906,0.3389865410496801,0.17192079918399789,0.3647072569105916,0.33561750798938583,0.0,0.2962975479898524
0.22217488579389383,0.7453013947570852,0.28397886435890596,0.43376337318627983,0.17359983384315486,0.1941443702076383,0.1548364235769818,0.3295298002375983,0.1367174920865853,0.464256041167353,0.10504788698765888,0.4291882441350851,0.17129986336572123,0.49172554836997134,0.12962949333045878,0.46278758373518836,0.0,0.5707668574316188,0.1805568382166662,0.24860419754171387,0.3954012702616291,0.5071420802265542,0.2201165047737653,0.3679534731306277,0.746800249668893,0.5491702679728243,0.20988204003257432,0.5839345852629895,0.15349193120312418,0.3875956483174142,0.32808565589689864,0.7412624832273669,0.6632028376593622,0.6259785971844557,0.4037987805318286,0.31433434508706865,0.36018782520110715,0.4585618258393836,0.3373714385253109,0.30972734266243834,0.25477471870687535,0.31718596699169715,0.0,0.0,0.34912079091729736,0.29761645191517055,0.2884635216068529,0.0,0.0,0.0,0.0,0.0,0.0,0.0,0.20372468783761288,0.0,0.1859073801423462,0.3363737199637426,0.0,0.5834312948051426,0.17922990991617377,0.17412233322245227,0.11065780736497219,0.0,0.0,0.0,0.3260348856801364,0.0,0.31567679284682565,0.2470510780718655,0.3141036552036822,0.0,0.2233073622316406,0.48393319108786526,0.0,0.3726404923608825
0.631980057772642,0.7574707709364357,0.18859643086737193,0.4654533720035742,0.0158158800296285,0.3162740501524173,0.29374702511590184,0.887595859436209,0.06883650920094025,0.23919003588855878,0.1395709802201864,0.5881407075332175,0.1771225382616624,0.4826293242644568,0.4793410110030509,0.8197010827272844,0.5707668574316188,0.0,0.17881719618368475,0.47458262522127587,0.8422695858499414,0.5654792796342385,0.4723944514096596,0.2794672586344389,0.6848863199928152,0.4716227318315491,0.45958025996716123,0.21379630286931933,0.40832923684279726,0.35109545046057034,0.12523784707694657,0.7358894024128154,0.4742567263729402,0.4549798182378353,0.24188309069778202,0.4949042215165457,0.40773819377207565,0.4508914643648717,0.39011917356216963,0.2996574728479482,-0.08415974139591781,0.26611356004250086,0.0,0.0,0.2864560967841709,0.6205808132803063,0.4251133691963246,0.0,0.0,0.0,0.18224301052014294,0.5217702691683025,0.5869132224418783,0.0,0.2829158922281061,0.0,0.10493486296666543,0.10902520668591525,0.0,0.40428256114913025,0.2680101890488969,0.16751859080038894,0.07008888635549426,0.0,0.15072994733203443,0.5648966280117893,0.3269522943532903,0.6349065967608627,0.13255911970445872,0.15192311067205,0.2506730242921365,0.3109662703046453,0.22005624388339579,0.28589257427584513,0.0,0.2822033173638602
0.0,0.46432581742812495,0.19640535739072143,0.21139302423381656,0.04219050546534284,0.22379229097155834,-0.13665517975562774,0.0014379682216501544,0.2629923906695032,0.10791332339902399,0.34396372684703125,0.2829358026615805,-0.11933992607055166,0.2712900608405917,0.0,0.45717875514109974,0.1805568382166662,0.17881719618368475,0.0,0.5254782627057688,0.2457612340509595,0.4437333034130918,-0.005866622557761408,0.2852304185055702,0.17989772492845252,-0.14728573294519703,0.35906636210490134,-0.07619788018907575,0.10969488320301202,0.13414092123437885,-0.11786438009356798,0.31725813742814085,0.16409377547166465,-0.14110975562476807,0.19016342216232368,0.08214176339301155,0.18179192418463866,0.14650063973221827,0.38084173483237693,0.46316757855406643,0.393397454672594,0.055691054488705566,0.4345245259208388,0.27948088901225254,0.010829522567033853,0.0,0.0,-0.13966437332459164,0.0,0.3026354787005612,0.2025156331846858,0.21193791346433744,0.4325289007182286,0.3104069178349154,0.6255300537278311,0.10139801000346363,0.30404585636324977,0.16902834411960083,0.2743569805401987,0.0,0.0,0.0,0.0,0.46820013567638685,0.47864741984184545,0.0,0.49430435174146947,0.3012519812389768,0.0,0.0,0.0,0.305588015775777,0.2823061609563503,0.2960771370872717,0.4792848795903645,0.2331391527370899
0.40027623677923746,0.14971464831808956,0.21389164961353907,0.2002797167235612,0.1704187912940172,0.39601329816642705,-0.016352709298112278,0.2128799520168405,0.17561122805155419,0.2938610008458987,0.4579874912224693,0.5404628487865578,0.12059354221472113,0.32537548526615456,0.3698341787150927,0.391612152452681,0.24860419754171387,0.47458262522127587,0.5254782627057688,0.0,0.45243776063659835,0.4205268885923212,0.6437823516766398,0.4335810470117207,0.5002562033350132,0.42714075083773306,0.9214059721231984,0.3518882554580821,0.44219865964402033,0.5159282058468483,0.18477995259129754,0.7142891994604673,0.37206350230750496,0.4454551970673979,0.295128412376854,0.5337316537342757,0.24714444147040723,0.5203649874219476,0.33087616595377434,0.1763755558350563,0.3261141157168198,0.10922587187800709,0.4372912299872356,0.3865613930872055,0.35847650726257246,0.5898450881741726,0.11471718648236723,-0.02184698446308725,0.0,0.0,-0.043940874852257616,0.25798575212003777,0.25976219621287405,-0.21544933291152246,0.7944117625237087,0.0,0.5539195422182613,0.2404846463459296,0.0,0.2254335548752216,0.22265514166423706,0.4658662982204923,0.38117097958254753,0.0,0.15707902321076678,0.16916352980705496,0.1918978988713328,0.061236907315319444,0.0,0.19914043981260734,0.02050198416774035,0.04442748245124378,-0.1360724195955469,0.0892647024700135,0.0822354711598392,0.2389231796058652
0.45365894389090333,0.4492187290796744,0.1703113297782582,0.4365834908893801,0.2884412392291106,0.48802762719107373,0.03377367123916003,0.5192083340462146,0.23708077657974186,0.7392275880493451,0.10171588178738322,0.743775547757676,0.1560830706278748,0.1746907754917068,0.5455802248892616,0.6982624959517656,0.3954012702616291,0.8422695858499414,0.2457612340509595,0.45243776063659835,0.0,0.6718931159462616,0.3089773070493653,0.6880481053144145,0.6490117189992634,0.6585266883652203,0.5352833758851995,0.17884510174289156,0.2559452354274615,0.10356594243854489,0.6066106544354313,0.6167942134792995,0.21552207460606335,0.6692344278996691,0.6745887996308112,0.3089309387673219,0.1858173872469295,0.40187843203612184,0.4586351989431572,0.1503820874346034,0.311375265732804,0.2894871610180698,0.47088915250328756,0.0,0.0,0.6084259340479161,0.02843032097273951,-0.0988113461282149,0.0,0.0,0.09432683759488622,0.18645915232077392,0.7673774690591704,-0.2928019581925172,0.3766510024058838,0.0,0.4718807745235997,0.08464510368376721,0.0,0.19627894603161183,0.31822353097896894,0.0,0.4103627513146464,0.0,0.20672308016372248,0.73004388551968,-0.11139329319130536,0.3619971812252063,0.5493499124719652,0.19913534174088068,0.039261596549217515,0.29088906395987973,-0.013818734379344166,0.34144484139695586,0.22992504023366944,0.14772733171393027
0.49133298754509047,0.4538050317628425,0.25491276210722824,0.31866661409672464,0.05465482259827831,0.3163626776806062,0.076846730808111,0.22553659546955096,0.001258586664892869,0.4760029756949927,0.2058225291458218,0.6903912261730796,0.1327359015037699,0.16575253995012929,0.5644159362414788,0.4890074768352026,0.5071420802265542,0.5654792796342385,0.4437333034130918,0.4205268885923212,0.6718931159462616,0.0,0.8432418346695785,0.4190379888350723,0.7170572119863501,0.4853537784836921,0.6719278535777733,0.4353522246520466,0.3235537590622457,0.5010033926628076,0.6073878886827753,1.0643458843190912,0.991436339881573,0.9022284539876737,0.7371392957080005,0.6683386862202478,0.9555400689848617,0.4288212978462228,0.45743347611204016,0.18194465577759836,0.2711394158006369,0.23941859205872337,0.45971593060936433,0.30804638969420894,0.42394626960180953,0.39339344473051846,0.0948083389384568,-0.0005305465987431868,0.48036000542922774,0.398375375644038,0.25924510852749455,0.2911265730000549,0.3760668814423624,0.2779375366202118,0.30828643477519796,0.0,0.3479376345213996,0.24495556900752397,0.0,0.33642957710945787,0.24570117149696216,0.24246759060352172,0.035270391320390226,0.0,0.282178590276221,0.3807197109569833,0.14277286158505842,0.2666237044666688,0.4254163903402873,0.17276264422652923,-0.011557508213237588,0.17521682684231482,0.05495209100531445,0.2318429674113386,0.39519676652993596,0.1726599540523045
0.36817266333738863,0.5912164700491627,-0.13724812642648787,0.24287655893184712,-0.008507190184996294,0.31449575546436853,-0.06079431882918701,0.25062245726984694,0.1020843876159872,0.18393334933609998,0.13515138949796984,0.7078102906570952,0.09312904836376948,0.22742376716327073,0.6799724954611006,0.4791856679629121,0.2201165047737653,0.4723944514096596,-0.005866622557761408,0.6437823516766398,0.3089773070493653,0.8432418346695785,0.0,0.6206743296369365,0.3514286779708309,0.38806801071824787,0.4051815303358737,0.1805338215183874,0.3360443055868837,0.24950912647275728,0.3251868624618154,0.5257407814487983,0.4981545368851243,0.3313346807799846,0.21521008500625585,0.4827725498259144,0.6129579371127498,0.034926680054290726,0.1864363706144567,0.15355365682369923,0.1933248979935669,0.291897501198743,0.45420004806215514,0.3566062085178294,0.4131677734460725,0.1746086374829499,0.2921353241909037,0.47061299490520025,0.17234342510665213,0.38095806819598055,0.3000702105512643,0.248253470793094,0.7897820474060878,0.3781197391706872,0.21034594640459653,-0.2278330758679763,0.036214043724424716,0.23341325316924694,0.3455156322808832,0.3255883271682965,0.31077737402814354,0.4733636268339446,0.10447017096432573,0.5404404318796319,0.08334630488880357,0.44131249143004686,0.10632704257013653,0.5822586810774402,0.37176417014554264,0.16288962150897857,0.130667494604128,0.2653262754969784,0.08744250489801422,0.32999622435055864,0.2556294586378258,0.15220732434245232
0.3388169950094526,0.5962246422434925,0.19638436936938775,0.0952707826336168,0.08231853670451852,0.7268439224970955,0.05308926728791874,0.6126375469377454,-0.20761618677724603,0.12397480932077928,0.13965361887056127,0.2803678841136873,0.004620671795057124,0.34838435569069753,0.6042237234262088,0.3892948078241234,0.3679534731306277,0.2794672586344389,0.2852304185055702,0.4335810470117207,0.6880481053144145,0.4190379888350723,0.6206743296369365,0.0,0.4563239108170549,0.37201919304853504,0.12909343831960324,0.16969927401564422,0.7989781594250045,0.5913006912779611,0.303170855378072,0.298036051956634,0.2840760594403703,0.2727963554843805,0.3018861703309248,0.13234822225183315,0.36461888322002506,0.31096476278274926,0.2025433275431976,0.5328108475045109,0.11082614122245499,0.48758363071346067,0.3498355879717602,0.3236112564312677,0.20155450772577388,0.2535501744091432,0.08950864033205563,0.0,0.0,0.4597078630261553,0.45541325677320005,0.37663142296609886,0.0,0.33371676244023774,0.24640135410955585,0.5032013080021475,0.2513117435822899,0.2848766694140672,0.0,0.3527321864050117,-0.10181734455028674,0.05512043130387717,-0.19777489336071885,0.48260134589079684,0.3929691762101335,0.5215620132966725,0.02699889830164784,0.635905054026688,0.2035181869959978,-0.1067252278181729,0.14015197366863108,0.3102359516664879,0.5512553870512578,0.2644062929079019,0.0,0.3666608955932165
0.5403561416833678,0.5700776562736218,0.2981749172361111,0.8090967682888079,0.18113251246221315,0.42478957022214925,0.19641710302936777,0.592763529304233,0.3023881061811424,0.5206963211995377,0.16282431891065463,0.4921090601268846,0.3001554284005614,0.3737697289356111,0.40231231811231283,0.6493133399024593,0.746800249668893,0.6848863199928152,0.17989772492845252,0.5002562033350132,0.6490117189992634,0.7170572119863501,0.3514286779708309,0.4563239108170549,0.0,0.37691125076860704,0.704227894475594,0.35648021062640245,0.44842070027128866,0.1926912647140997,0.5061641487364452,0.6146746475418563,0.5188699505462864,0.5832921922927239,0.38276418229661274,0.41819497262513783,0.3618864949688062,0.713229179276111,0.3987514217172432,0.3158934087864642,0.19008068071331913,0.24442073574319628,0.3874763167192291,0.0,0.3159676615467273,0.6591124270738407,0.46172805059443556,0.0,0.0,0.0,0.3950159456822504,-0.052962197864174665,0.18957150223480565,0.4250689162534583,0.19324391439242017,0.46607722063713053,0.18205554605606789,0.10376165696474887,0.0,0.29059546968662375,0.2827074608882634,0.09201609580511327,0.014691447049919482,0.0,0.4211028819300149,0.4900182644819714,0.40803455778334885,-0.08665583986148379,0.24636724710076668,0.09374048046041161,0.18614289951516827,0.194424596874003,0.38609177745703205,0.27983537447712165,0.0,0.11247394559763679
0.5348175724308005,0.537445549634562,0.353339728330288,0.3015258066677227,0.19787145734864262,0.5845018433236602,0.34918447700681576,0.5291437783617448,0.4115191482844144,0.5276537777599634,0.15821920177725665,0.3656632337166913,0.40867418257536825,0.12054298044598821,0.7522606954464829,0.7144013928668236,0.5491702679728243,0.4716227318315491,-0.14728573294519703,0.42714075083773306,0.6585266883652203,0.4853537784836921,0.38806801071824787,0.37201919304853504,0.37691125076860704,0.0,0.7340436374634854,0.48405172070334973,0.6419722238690533,0.24805418495656711,0.6292502538192474,0.9344808516906614,0.5070443413090941,0.7795971163033233,0.7510049860593826,0.37226628096709546,0.2633477852400905,0.370930697720815,0.544211851783932,0.3768310150639079,0.431178322735872,0.2959321269487989,0.0816550386533875,0.5102830862730925,0.06864996411053798,0.6355056341816647,0.46427790321865003,0.1417009099302236,0.0,0.003419353973208295,0.3160674237962833,0.14791290019342856,0.22604385912387084,-0.031644784370201684,0.2102525356685325,0.0,0.23116739240454165,0.35958310644159863,0.0,0.23545641897074307,0.3690916858693772,0.06732548960390566,-0.05811609364550918,0.0,0.25810338386659215,0.43974481341391736,0.2546804291531865,0.09442943857621411,0.24656743439100418,0.029270294743208414,0.12392258419107244,0.20236718208193605,0.40191054973851087,0.4001980496526177,0.4768998250789999,0.22990329109070878
0.4800192795234456,0.43120649439666275,0.4070817728124796,-0.17050742718744588,0.3298250820797436,0.5266733830352217,-0.01698779924083038,0.2795788090717126,0.5509212843327268,0.1416035868294384,0.3009382360721229,-0.13497095273419069,0.08910563013479089,0.10690155997582845,0.5312894382848947,0.5558862791842983,0.20988204003257432,0.45958025996716123,0.35906636210490134,0.9214059721231984,0.5352833758851995,0.6719278535777733,0.4051815303358737,0.12909343831960324,0.704227894475594,0.7340436374634854,0.0,0.21325300371461178,0.5023435158100527,0.465900071131451,0.4290751060181758,0.6171655654163037,0.630950546821816,0.4731589705767737,0.31523591544271096,0.5109119676545559,0.2909366671400009,0.06470557100516461,0.2941611618847718,0.24723275877666304,0.2983693921341006,0.20891441364389396,0.2278727215253728,0.35112294701392177,0.284414576794103,0.5748044394791441,0.27006879443018517,0.37698303795631055,0.22273767412987663,0.3681409400462914,0.35716937284191475,0.2993075599860162,0.6433198550484002,0.3068102103599001,0.3880209676252168,0.3867119721320284,0.12215708473099302,0.29702751603882516,0.39372880310998837,0.2809331228857157,0.2466636747964875,0.0,0.1528694260626074,0.573047818743323,0.12567095304623271,0.4836360347286176,0.25352586168377117,0.38311073580932475,0.0,0.31692783459978846,0.0798834936615701,0.3666126807200131,0.09107715375489545,0.2991881317360807,0.15821249430608014,0.3221141037289744
0.3962767780746924,0.20197497376211995,-0.07970059227030762,0.5868314618997804,0.10835602359077157,0.1619988829528856,0.04279902760938292,0.051326775045653306,-0.07396874324387404,0.37632683769500086,-0.06503424653014528,0.30695973608347865,-0.2028596184002014,0.265557201370637,0.36685455570604175,0.2025427522910492,0.5839345852629895,0.21379630286931933,-0.07619788018907575,0.3518882554580821,0.17884510174289156,0.4353522246520466,0.1805338215183874,0.16969927401564422,0.35648021062640245,0.48405172070334973,0.21325300371461178,0.0,0.044211054211422685,-0.2490343714023821,0.12522649968058283,-0.08651756365975377,0.23005149643227743,0.04568812479799941,0.00392465071035486,0.7675555296052355,0.5848165605971813,0.15477324122937794,0.22899091748622752,0.37082676871890397,0.4938145307010279,0.43458595477698536,0.4392291871173575,0.565646054011557,0.3243608974360714,0.4695399193077631,0.25422184784205687,0.21241297636017714,0.0,0.23301275797726323,0.1724613340668788,0.19404139404211895,0.38308813377946405,0.17228696667771892,0.46305276660709094,0.09641564193094193,0.4745352173743138,0.14165938371127265,0.39724792338468007,0.1416411590705258,0.27988716138178693,0.34785698126390674,0.1856910153057136,0.4519798257839927,0.023850629629121156,0.276009230692832,0.18775254102106906,0.1675105922180871,0.4411411240525914,-0.01405292958085036,-0.046366319905544684,0.1510209096663161,0.025001455089896818,0.07164605724286705,0.08803129223274153,0.14006170370688
0.5781703460237168,0.18642662607396285,0.26302970879340226,0.07547036905460966,0.0037163940132296513,0.47132814042845744,-0.17178753029098437,0.09246711394429807,0.008261358571060584,0.1746142729028709,-0.038376286499958334,0.3206558799767696,-0.00836378978097052,0.11601019799382686,0.18406260227595217,0.32636261457940763,0.15349193120312418,0.40832923684279726,0.10969488320301202,0.44219865964402033,0.2559452354274615,0.3235537590622457,0.3360443055868837,0.7989781594250045,0.44842070027128866,0.6419722238690533,0.5023435158100527,0.044211054211422685,0.0,0.1331993063940452,0.10447441678569575,0.5029928313866998,0.3302880407828922,0.31544892194867635,0.19788632132877548,0.35279936805158874,0.22706778023734642,-0.00029830100655614533,0.20271297400282215,0.06690925889679988,0.11955865405094865,0.2530983720677045,0.31898120669561386,0.2267255674309554,0.37635874932614455,0.3136706616346736,0.24835509627072122,0.11693165454151355,0.46435318677306625,0.11408687361934294,0.12332854546538385,0.14427388223981347,0.40981435250592213,-0.1475350999306254,0.48120368914274453,0.20358666647469237,0.3806782349169915,0.05898087912249478,0.5618366573769897,0.1477698753459056,0.25958064200578096,0.482652540221438,0.21944067755074143,0.3025920695823427,0.0851337470417396,0.26124012509647665,0.16184942748250816,0.16640318374695645,0.4945423261509325,0.1497201764100592,0.16900628031466872,0.15958082334624266,-0.0013258507006331799,0.17914125294536987,0.18318139293277147,0.062208592664456
