0.0,0.7510497049961434,0.47605512376082276,0.0,0.695207952378099,0.7964127017642995,0.6203181016360686,0.7536598772088294,0.5279550918978605,0.6795839540663102,0.5178839178897647,0.6668961145582282,0.9901457075082778,0.6223326984940674,0.3621346118867427,0.9874990346043873,0.623795859484488,0.8020691959863933,0.0,0.7601699683805379,0.5269564400731085,0.831618399769541,0.6647930218178486,0.7024140168796955,0.6483876910399072,0.7152736172249197,0.49333819216312114,0.7453979736401445,0.8480490420056899,0.9311559319169058,0.734138188618784,0.8594289601278315,0.8391766497948937,0.7999696063181874,0.6883195639562794,0.6259886479541268,0.5000973390295267,0.5132793008178537,0.5881335228264055,0.717343037890124,0.6208399543632892,0.5147642955200058,0.47142764804513854,0.0,0.7660517596066014,0.46687699623216794,0.7642346250612818,0.0,0.0,0.0,0.5825567817281092,0.0,0.8455861654913092,0.0,0.7542231735910231,0.0,0.7075865011883149,1.0509640043626756,0.0,1.0007112380124665,0.7930152265521315,0.6939650523975713,0.7414149300600172,0.0,0.5617021412159926,0.6906216472563176,0.8448327257945605,0.46154655908277026,0.3221306461180128,0.6918856364729948,0.6429482996903237,0.7379426407445777,1.4076156679315501,0.9123902289910313,0.0,0.5564034025187077
0.7510497049961434,0.0,0.6706540889041733,0.4170649443205906,0.7869341637194063,0.7436637643947959,0.7597032968818898,0.8105900176501135,0.6380767083637655,0.6070993290873878,0.49062761443399305,0.5251876970385119,0.8188845592797858,0.44631654387561603,0.701249363476899,0.7268901052601244,0.8029877415948994,0.626327427673337,0.757914932322407,0.6184375014405669,0.894040248886159,0.7111655566034927,0.7981127154388414,0.5543258533836346,0.47352539151463224,0.5167954633554974,0.8036817210645768,0.7745899157301146,0.6844810264322008,0.6578717507814928,0.7298953994529105,0.7218059859127823,0.6187102766863302,0.7196955313022473,0.7488005222147699,0.4567237343314545,0.054044264748632706,0.0,0.6942536527771785,0.8827894783858563,0.7045231743069748,0.7582593748625472,0.6143832440222952,0.0,0.0,0.7716612758773237,0.8436123381737677,0.043353532601767324,0.0,0.0,0.7382271298820022,0.6905423419076391,0.611402775358339,0.8768066902404221,0.6910171789198376,0.0,0.7058117351910889,0.7857076805310919,0.0,0.7519115169933188,0.8462348749738584,0.7550584820273898,0.8361051170059555,0.0,0.7507692686564469,0.734092092032679,0.8455747163052921,0.8359547845397388,0.5407207420017582,0.8389886476879918,0.8154395774696593,0.7770053558544632,0.9041258048814323,0.9310519826114132,0.0,0.9320721313870668
0.47605512376082276,0.6706540889041733,0.0,0.6937729739307059,0.7840953597617604,0.3359597593879517,0.7269393759343321,0.6741797266085361,0.3408814922938254,0.6715941955632356,0.5089945908340964,0.7105483771308572,0.7615239983970563,0.6375940627994401,0.7085294481941518,0.4590374112251974,0.8869079025332147,0.8160083944299718,0.3419880544415474,0.5911759362615381,0.5350293207725807,0.6145040965096359,0.24750354525777912,0.5888910455857551,0.6284435858845334,0.9118587830539693,0.36810996894512765,0.8333075831247744,0.8872408287699376,0.823816856112793,0.765381659424412,0.6874743119361212,0.6940779816820879,0.8132382830344038,0.9113546997428787,0.8501705198732141,0.657273887108145,0.6536302432746754,0.8428680853529427,0.49576136712580465,0.7629302257025994,0.728291208733276,0.9010976276026059,0.94208938581545,0.0,0.0,0.40892723015727483,0.4312655867155548,0.47923298268342435,0.5553306225375253,0.7618074600466589,0.6803313318316548,0.7254036295485926,0.8832681903870576,0.4263725182612109,0.3358752864422646,1.0145744420234641,0.7875565357751477,0.792074757246761,0.35984732765975347,0.0,0.0,0.0,0.28695514116090365,0.9076045373696715,0.42456279629618127,0.2520120702531816,0.8125498654452092,0.0,0.5582339771186158,0.7582655792789563,0.7631275384291033,0.6814959788625297,0.8327115282826858,0.6880717037507714,0.6458404916435789
0.0,0.4170649443205906,0.6937729739307059,0.0,0.12940530958130214,0.7162178467509429,0.46099028108926243,0.5715631642480883,0.8688276919286507,0.8112300089638085,0.8545467051967234,0.34087101207186876,0.4774531147632437,0.27530825057676545,0.5996672971702735,0.30027275030877176,0.6143050686639139,0.4700028465649384,0.6920305918929656,0.5761653240814617,0.4616260282012512,0.8661460995030121,0.4531971375591536,0.3649546830221828,0.809815367064237,0.6256483644874999,0.8190191603042649,0.5315922435239104,0.6044109158633365,0.504774745374215,0.6457463812128659,0.5733774407960612,0.8382828302249677,0.5642606563324489,0.7180454628901762,0.34995751566731864,0.5503489627256121,0.21691806978984296,0.26073366987557023,0.3857594434066838,0.6618615401336041,0.6736799941625466,0.4581341446940135,0.16122314501971602,0.0,0.0,0.0,0.4281733460061029,0.0,0.0,0.8426421599597437,0.0,0.4669077254198829,0.3477015587367106,0.0,0.4449145060366584,0.5111160271698105,0.4551066334577585,0.0,0.0,0.0,0.0,0.0,0.0,0.0,0.0,0.47787099095369345,0.9620157151708177,0.0,0.0,0.0,0.70597860399753,0.481021869826731,0.6492252928032543,0.0,0.0
0.695207952378099,0.7869341637194063,0.7840953597617604,0.12940530958130214,0.0,0.6511037538070943,0.5693837683646699,0.5857951274938777,0.43577579021251134,0.7703359800750049,0.4792785520884236,0.64122131499258,0.7632118017376561,0.25403655500749034,0.8108782370362793,0.8525699777245221,0.7069449171310145,0.6599580544755355,0.5328768736270558,0.7361980902759642,0.9110038351964573,0.7422672294795652,0.6295106054786416,0.7771945661226345,0.8036053241831147,0.7796316851536108,0.7726737602998761,0.5761985452381153,0.5548654177746672,0.6094974023651558,0.6445870310479029,0.16920192932744826,0.4330717699242692,0.6806389165161363,0.3923019103450006,0.255206778420132,0.26698763443249934,0.483146531138095,0.5172603827298881,0.44190682563193,0.6894562099961734,0.5103588145510751,0.8213547401242809,0.2722468357690535,0.3768763576032264,0.0,0.6065852073637019,0.7015673372632164,0.0,0.6810977602646578,1.0688968059527246,0.8953470807432439,0.7312028549985247,0.8225805344435602,0.0,0.6544953921330487,0.43397911042666065,0.661712935211674,0.6800616274787976,0.4477056511827961,0.46090923994332794,0.0,0.0,0.8807402911806117,0.7006086020064304,0.4958139428334295,0.7859849288000214,1.1773022567509865,0.0,0.49625558553691007,0.7755098159723486,0.6340745215556185,0.786240250170195,0.8220945268161874,0.0,0.7790486606966014
0.7964127017642995,0.7436637643947959,0.3359597593879517,0.7162178467509429,0.6511037538070943,0.0,0.5401545189174993,0.6960519296242831,0.6149833841118741,0.7477028942382065,0.8071582802968859,0.901485751607424,0.7140947824995554,0.6664040556151354,0.8674997474536496,0.8357298022902976,0.6070819287879854,0.798100145415972,0.8286831024625314,0.6967033135528105,0.7309244086906699,0.7022105172174524,0.6470541682768445,0.8033026366736751,0.7951977307163246,0.8683690701666116,0.6897959178586888,0.8052234983639988,0.4865987744710248,0.7612561715702338,0.8164323844758348,0.6406851251688501,0.8822831061201202,0.7535662020121014,0.6582684028623791,0.8414515967165341,0.8384236043381308,0.5798201099027889,0.8675281596977631,0.3508439956289807,0.8509718681762501,0.8470148205173222,0.6835501424561846,0.8480114996001369,0.5073792120307569,0.6924407087430005,0.860822564557642,0.9247635777234102,0.8948419714884188,0.6188496127861887,0.8518120860649457,0.8073846920780208,0.7914451366843207,0.9152149303117352,0.9335934596215686,0.8703409492128616,0.45374892054291077,0.8194564899746688,0.8867768135705851,0.7750007069010771,0.9278430081122573,0.0,0.7175916153456117,0.8575886293254411,0.8278250205685905,0.6379997960336932,0.7372727041456559,0.8712011907801493,0.5009351719269448,0.7677545731932941,0.8631365702082323,0.9008534144475815,0.777072692409303,0.9320139523263606,0.6910365750404233,0.7613569990137024
0.6203181016360686,0.7597032968818898,0.7269393759343321,0.46099028108926243,0.5693837683646699,0.5401545189174993,0.0,0.6865357106299737,0.5756241819538128,0.8026466934493395,0.7020039469997252,0.5635991790163499,0.5569429713554135,0.5062389397376655,0.6062199865155024,0.8690764879467047,0.9087613523786504,0.8685916606064445,0.719383534113985,0.6701848046229939,0.613100279186515,0.7553897273751533,0.7261212986729555,0.9408905667711855,0.8553216242436416,0.9009897443782099,0.7210990911599167,0.2997462248643614,0.635494158020848,0.8024512078670987,0.7260725613797525,0.5716973761579156,0.9219098070106537,0.6041197353913488,0.3965005321880361,0.4753620756685366,0.6766857704314893,0.6107650538331528,0.7119828988246786,0.5283797346316901,0.8584092261229523,0.7905975641425277,0.65003589732726,0.8938103326526723,0.5252251993247719,0.0,0.9626359315621149,0.6616265032104109,0.0,0.6624475663937199,0.7578123003067829,0.7760019423195255,0.6408202023766878,0.904516539325146,0.7059198511694176,0.6361028530170947,0.41330767348626163,0.691862889798359,0.8730862154469479,0.552314370005329,1.037631692786866,0.0,1.2691928095288034,0.842353757652555,0.8576010898656423,0.6806869646099494,1.0011288319072866,0.808997182026232,0.46617420810168675,1.1473498253123686,1.008770186342871,0.7723802283299843,0.7401743286490134,0.7345687004871824,0.9407176646630449,0.6605118192912564
0.7536598772088294,0.8105900176501135,0.6741797266085361,0.5715631642480883,0.5857951274938777,0.6960519296242831,0.6865357106299737,0.0,0.875467019647763,0.6194258049897531,0.3990320274552531,0.8561169217082725,0.688673059942342,0.8989916154557691,0.7489855624870058,0.9041248839103555,0.5454469755667012,0.7964606014428848,0.6664188924598451,0.5510350290726769,0.5877084193636366,0.7345836766750438,0.7290909935518763,0.5578907154088774,0.7957765589534311,0.7434816571806773,0.7800479355187582,0.6452514830354383,0.5703610392720517,0.502276390318652,0.5443074695174657,0.6443642066639007,0.4515736501109615,0.6251100474315847,0.5363291017507814,1.024066105905392,0.651383465844172,0.6145920751452019,0.6999154971179611,0.7868122061538629,0.5746500660719305,0.632567694571417,0.9486583978669878,0.4498116883704348,0.0,0.6676116984764138,0.6304260733547133,0.8777983321169875,0.0,0.6773935156237656,0.7444310381905405,0.789688746705546,0.6043613082015273,0.8363019907158603,0.6387773371390334,0.8197810489893799,0.9823543608356118,0.666597869429992,0.9250789845678806,0.6840565520183695,0.7094816203682086,0.0,0.5707041248442695,0.9605541877819526,0.72607772942778,0.8912359269002679,0.534052094888815,0.7462223243897999,0.0,0.6895795325594019,0.6872762863535525,0.8615605168248226,0.6744246163124289,0.8064683454023269,0.4181715829505938,0.5509370464911563
0.5279550918978605,0.6380767083637655,0.3408814922938254,0.8688276919286507,0.43577579021251134,0.6149833841118741,0.5756241819538128,0.875467019647763,0.0,0.7969515168726473,0.3988806627217145,0.7426452316814972,0.9574283657412886,0.751494257018838,0.8816303472018214,1.0430122450212607,0.778896871263209,0.803978301546593,0.42881003501699827,0.7055373084907913,0.556763493874666,0.8828367413662856,0.675201732318989,0.8429320693811514,0.9487485004327847,0.9446748519719487,0.6702672702902941,0.8230912848852715,0.589836079826543,0.7690769187591588,0.792756510477653,0.8225420179988103,0.7815525441149904,0.8538094493757612,0.7392080372579553,0.9480262560014642,0.8423867457291673,0.7864035487006009,0.8972178375482889,0.5760845690826953,0.7906415534467168,0.4302429130799236,0.8011882417667692,0.7011927548731045,0.41372589149190947,0.0,0.680646336834765,0.9059881196108959,0.47461196219595825,0.8635475985700933,0.9460406976568233,0.8658247344788759,0.7693454250468366,0.7793528347646344,0.5394440754703893,0.8685107722432576,0.704917108265924,0.7799417032864059,0.8477911066782771,0.7692118073379481,0.8221442341371601,0.0,0.0,0.8616676538433465,0.8241424849214605,0.6271385275875467,0.7430343647258845,0.8657477181257276,0.42886744458159853,0.7480395023444799,0.3970486542897449,0.8876872133907716,0.8253011082259825,0.8769019191139622,0.8540657459461982,0.953896188144618
0.6795839540663102,0.6070993290873878,0.6715941955632356,0.8112300089638085,0.7703359800750049,0.7477028942382065,0.8026466934493395,0.6194258049897531,0.7969515168726473,0.0,0.794741464464336,0.665487679689426,0.7029295933199645,0.8870205639742446,0.6406392959989353,0.6570380848896806,0.793947425335755,0.6601654586692721,0.7450612536804795,0.5768101661710916,0.7275577646454665,0.5992705573416071,0.5754276705221499,0.73634992497089,0.6279290670583675,0.44913339941756675,0.713348063419976,0.9066970691557521,0.7177534834491389,0.5028619738925811,0.717340629939074,0.36556352278056103,0.7181191354630071,0.7048061881617531,0.4694845274818892,0.7408731354039582,0.7288674102860191,0.6580792712976115,0.05792386155043183,0.37980485680340537,0.569260696231994,0.4760343197472495,0.48704687696205073,0.39827525014209797,0.5508276857348333,0.9558334816943418,0.7030351704503872,0.3653402339417518,0.48117922294459636,0.4863819463247132,0.725871562523407,0.6037003485266249,0.721742160295027,0.3876529375663953,0.6190433767340149,0.6391968182382723,0.6668253335030352,0.652610790398426,0.0,0.6190300508716785,0.8404362264314222,0.8112988697159949,1.062508405667396,0.48212026037822,0.47507578211102414,0.8696767701095127,0.3833355145762921,0.9951399032551161,0.3994881192761415,0.9139079605356659,0.7707335638747044,0.7556219955608632,0.6139890225319968,0.8716276364507138,0.0,0.7576118629395129
0.5178839178897647,0.49062761443399305,0.5089945908340964,0.8545467051967234,0.4792785520884236,0.8071582802968859,0.7020039469997252,0.3990320274552531,0.3988806627217145,0.794741464464336,0.0,0.7768765679893908,0.7221303867013187,0.47107916680209944,0.0,0.5025082343597606,0.6635657154799568,0.7424825644809505,0.37442578663974624,0.4605974717730665,0.4440388750662522,1.122232119595872,0.42752747663197166,0.7541397900448448,0.6948978874619082,0.7947710329552105,0.3958574106258387,0.7364148094518822,0.6384503162536935,0.49878177890385433,0.6793207003187431,0.6018089595528244,0.7858881232598979,0.7584912327085738,0.6085963051615095,0.8968149006973702,0.8793312928352991,0.7159132869539926,0.8987316244394227,0.6340201189201631,0.6458411449879686,0.6978737219577106,0.9378761381694318,0.9154074524768872,0.511852397134708,0.0,0.0,0.7243270959400301,0.4779220605562656,0.5416377266232311,0.9266827587610543,0.6631827669468909,0.8754201324262535,1.0204562038816944,0.6598013285867108,0.4056824885029585,0.5056239986515862,0.7445163736328972,1.0512808345355746,0.0,0.0,0.0,0.0,0.49239085324028214,0.5607659020897544,0.0,0.5324772936834101,0.8504061676545747,0.0,0.0,0.9471947784955124,1.0206560717403572,0.5611247787994362,0.5048902006888669,0.0,1.015875645255164
0.6668961145582282,0.5251876970385119,0.7105483771308572,0.34087101207186876,0.64122131499258,0.901485751607424,0.5635991790163499,0.8561169217082725,0.7426452316814972,0.665487679689426,0.7768765679893908,0.0,0.7608123342990796,0.7791058158872162,0.3695826783149865,0.7250245186110902,0.8343065653004206,0.9585722270225767,0.7617438209811003,0.4633779620532237,0.7718365303563952,0.44443790365767427,0.8728116596686745,0.6552904213669137,0.6222029683976813,0.5231540274002348,0.8250984658263236,0.826822386128336,0.8355683074150301,0.5382061820022322,0.7335419229548326,0.5298497912438449,0.8925163115119702,0.625992782637154,0.3224527590066192,0.587621540624184,0.3849389621344764,0.6651608321303955,0.283723813326456,0.5061565631938882,0.7689814371090427,0.06579362068781336,0.49421638225192827,0.5505473167989757,0.631747235967865,0.6772167998895993,0.7989445331018488,0.6324300224396106,0.5112912474065844,0.46874315930720856,0.5887284932945084,0.6036552754572534,0.3746303950130966,0.7112979979010676,0.6838554551748983,0.2634695923524576,0.751503838906345,0.6645696257551584,0.5727247075374233,0.5398883569361372,0.7029164603255005,0.8466676230119656,1.0057224704406758,0.5836152094605165,0.9424967081735204,0.904245595442327,0.5511076476016183,0.6139150251913386,0.5829661294722174,0.9492084179954043,0.7924151058541717,0.6990179732164954,0.8098240438788955,0.55963178142337,0.0,0.8600769788433263
0.9901457075082778,0.8188845592797858,0.7615239983970563,0.4774531147632437,0.7632118017376561,0.7140947824995554,0.5569429713554135,0.688673059942342,0.9574283657412886,0.7029295933199645,0.7221303867013187,0.7608123342990796,0.0,0.6139873200839303,0.6688901563763696,0.8916280194215949,0.6993799979592097,0.9101824502935598,0.7096429456453544,0.7737738488917771,0.6991515476655832,0.7709890732706111,0.7846872518879837,0.6904826776057094,0.8582396476098899,0.7598247662079891,0.8339025666119471,0.6780884398221713,0.6039547326821644,0.7440180936882075,0.48280276110550896,0.5286294544026968,0.7329562569505541,0.5536920218308122,0.23182200829747665,0.47160188755906973,0.498629435359465,0.5422270144014943,0.5018405071849564,0.20151971048638206,0.4539596290183394,0.9722675452297871,0.6201307810560143,0.5976497135157686,0.9832945858152546,0.6614655039298274,1.0158490115916523,0.893678970722323,0.0,0.6690844190546189,0.811595261136991,0.7678353153919019,0.6550514928904545,0.8688807152398321,0.6945547675420042,0.6187677615897449,0.8327839691639944,0.7917254487809334,0.4696417965702661,0.6932288108289769,0.9330762100247322,0.6451529050531206,0.8667011935987137,0.8196242188056816,0.8180079617371936,0.857383841960498,0.8854932559088371,0.8580032568442527,0.6076717989720897,0.9109748202310239,0.8437348616783572,0.8392266281285463,0.8280746630651149,0.8371341802370696,0.627114601948549,0.731849203667113
0.6223326984940674,0.44631654387561603,0.6375940627994401,0.27530825057676545,0.25403655500749034,0.6664040556151354,0.5062389397376655,0.8989916154557691,0.751494257018838,0.8870205639742446,0.47107916680209944,0.7791058158872162,0.6139873200839303,0.0,0.9224214753949117,0.5082534438579522,0.49927208465902606,0.4787755849524921,0.6398378691706641,0.515236347665442,0.5367988175644224,0.5024601077163114,0.589144483672865,0.7570533410310231,0.6330870953403378,0.5997477527701336,0.7234805888678324,0.5681676772522644,0.44785820109593644,1.2017193420599865,0.6084582037139479,0.561565829320934,0.3096611817169609,0.8412397712047146,0.5228740338000393,0.29238636774120524,0.29657704916097083,0.49198663479486116,0.873369158464782,0.0,0.6651969547042377,0.6984079095813205,1.0033665011069186,0.4785671174237221,0.0,0.0,0.0,0.9583588817824928,0.0,0.7604647737506813,0.5292804317809626,0.9367839853728703,0.8338671517608889,0.7397624957314828,0.0,0.8775891136027888,0.39090039111237107,0.630601211116813,0.6631536445587307,0.0,0.0,0.0,0.0,0.8748613889989583,0.0,0.0,0.0,0.8613116422120464,0.0,0.0,0.0,0.924002021712194,0.917555150593803,0.0,0.0,0.0
0.3621346118867427,0.701249363476899,0.7085294481941518,0.5996672971702735,0.8108782370362793,0.8674997474536496,0.6062199865155024,0.7489855624870058,0.8816303472018214,0.6406392959989353,0.0,0.3695826783149865,0.6688901563763696,0.9224214753949117,0.0,0.820881561659792,0.690218525380822,0.7039394519066599,0.0,0.4638372213604262,0.4352755308617496,0.40713681651478445,0.6959282511231809,0.329048170520146,0.6373776477196184,0.2793440759146928,0.507145469752998,0.4251527117466812,0.5674993123616185,0.5528204715837817,0.6455296490505226,0.4211143299535386,0.6613210662935636,0.6154532213829611,0.5999305576493171,0.8548513903442752,0.5111362949931577,0.3914443827219962,0.48093039888882716,0.6738278157959077,0.7216777902538489,0.5120484493064712,0.36609672992187614,0.4602347304560554,0.0,0.8681039657604217,0.8388012931214791,0.7042301692636411,0.0,0.0,0.6487786967652387,0.9018640970959017,0.7041626669621185,0.618947993266572,0.0,0.0,0.8798287394281226,0.21026752962026196,0.4794859227625349,0.765915994564153,0.8238431390659582,0.5447437381117683,0.8170751792436565,0.0,0.7363442724557678,0.5920461469098073,0.8135876842724008,0.7686371522356426,0.47585554386029755,0.5783130428724975,0.7179101987879624,0.7015652810865329,0.5602435190209271,0.6256570068697485,0.6768724318756674,0.6279737176300827
0.9874990346043873,0.7268901052601244,0.4590374112251974,0.30027275030877176,0.8525699777245221,0.8357298022902976,0.8690764879467047,0.9041248839103555,1.0430122450212607,0.6570380848896806,0.5025082343597606,0.7250245186110902,0.8916280194215949,0.5082534438579522,0.820881561659792,0.0,0.7939371242799091,0.7534311436875616,0.46083730057020955,0.6907115658967318,1.0298319791787531,0.38428517817401475,0.9719569607682915,0.9786898509369641,0.8093800971443084,0.7512884634067296,0.8726363245931814,0.8513520238255784,0.7316347646004726,0.7376238609245425,0.7316710593315434,0.7016880763211542,0.6543444269210199,0.5697542723349253,0.7211309068607122,0.9158604853871283,0.6848454586788727,0.7233556292576739,0.83936587685653,0.7630277855174841,0.8284643099359863,0.7075210501559595,0.46869920662720554,0.0,0.0,0.7346200342738964,0.8972852615163336,0.0,0.0,0.0,0.7233247540079948,0.7580677767650557,0.9938948143307491,0.0,0.8738207428363847,0.0,0.6424743939884274,0.7719689402110775,0.0,0.9035390234974771,0.8811698305087954,0.6363480876136471,0.8208622936711569,0.0,0.7417748594190635,0.7125422659233062,0.8047933094708709,0.9138474591600201,0.6178671817925899,0.8800271500469565,0.8444576468510825,0.8838358287285484,0.762997278573303,0.9793177550489798,0.0,0.7416455799984412
0.623795859484488,0.8029877415948994,0.8869079025332147,0.6143050686639139,0.7069449171310145,0.6070819287879854,0.9087613523786504,0.5454469755667012,0.778896871263209,0.793947425335755,0.6635657154799568,0.8343065653004206,0.6993799979592097,0.49927208465902606,0.690218525380822,0.7939371242799091,0.0,0.9926708917533889,0.7764732501697492,0.6818123232484219,0.7838816581097936,0.9101718769691169,0.6838826212226757,0.9549439034519294,0.7018866792762989,0.7723763519996847,0.6052145178441221,0.9396569713336986,0.6751337382372335,0.37901272356402543,0.8439101408611253,0.8181132295242581,0.8948159557648301,0.8065014447078185,0.6035415357666487,0.858342419405032,0.36590270737583885,0.6388552610117983,0.5056331188126016,0.8098271809485154,0.6513834253617181,0.8410844761789332,0.0,0.0,0.657216288282839,0.7484356394937249,1.0837675856799303,0.0,0.0,0.0,0.0,0.0,0.0,0.0,0.8044658326657521,0.0,0.6788997816679263,0.1942627704181931,0.0,0.597480191532102,0.651324362493659,0.9046485135123881,0.78270144222289,0.0,0.0,0.0,0.6145923678175438,0.0,0.8054481906480697,0.9576245875995602,0.8824068662642304,0.0,0.6262865508525608,0.4806449692104212,0.0,0.8170473444069697
0.8020691959863933,0.626327427673337,0.8160083944299718,0.4700028465649384,0.6599580544755355,0.798100145415972,0.8685916606064445,0.7964606014428848,0.803978301546593,0.6601654586692721,0.7424825644809505,0.9585722270225767,0.9101824502935598,0.4787755849524921,0.7039394519066599,0.7534311436875616,0.9926708917533889,0.0,0.7675786059954738,0.8289027519929875,1.0860557071601447,0.5636912599664592,0.9786576053582939,0.7513389729999289,0.7263465167916328,0.7082924323620279,0.9123287515890803,0.9288765568536117,0.8024425366115971,0.8712940934242381,0.7145353865650671,0.7382728384911028,0.8686093621381039,0.9087523862235083,0.6570929819346705,0.5934536718662909,0.4063335942425491,0.5087870551756081,0.7263634524646293,0.8715248462304325,0.7940747205111202,0.8687715952708357,0.0,0.0,0.5071098589624407,0.6834420820230735,0.9004640157991772,0.0,0.0,0.0,0.9191694429306254,0.49952277018425795,0.5845600542248255,0.0,0.8229469222118145,0.0,0.7625830132372237,0.9697397845001489,0.0,0.7715380753745289,0.8479049050931492,0.7865702203779332,0.8053915121319385,0.0,0.47031301488097516,1.015717220051206,0.8521177161787818,0.949884096622153,0.7109610898941692,0.854546388424885,0.8434139404918516,0.8369575469733035,1.1409252376717602,0.8877735705628587,0.0,0.87420568399659
0.0,0.757914932322407,0.3419880544415474,0.6920305918929656,0.5328768736270558,0.8286831024625314,0.719383534113985,0.6664188924598451,0.42881003501699827,0.7450612536804795,0.37442578663974624,0.7617438209811003,0.7096429456453544,0.6398378691706641,0.0,0.46083730057020955,0.7764732501697492,0.7675786059954738,0.0,0.525195027573562,0.7424510395587254,0.7843586044541976,0.3119166719495335,0.8894955062280221,0.7622673125370119,0.7192912732242664,0.5090683763973097,0.771160904328044,0.7557802068655441,0.6911893756531642,0.7096270159365972,0.698438527180294,0.40980842589468375,0.7718595269547662,0.6500915656184163,0.8714402059319828,0.6433552837344968,0.5976663661374333,0.8927637956669862,0.4679457567736792,0.45643220440952126,0.5074032805288857,0.9192918279815918,0.5649293867299172,0.010557449365695968,0.0,0.0,0.8996541812557214,0.0,0.6409606948350598,0.7589751090944497,0.7395031993263268,0.7110134536891382,0.8742116762282173,0.6230084821342348,0.8544039646006725,0.7887182404113136,0.653532166964778,0.7630999650450327,0.0,0.0,0.0,0.0,0.8510385136013527,0.478705551234202,0.0,0.49586912184986925,0.8035652742456096,0.0,0.0,0.0,0.8578654582222758,0.8916015083374356,0.8230888913545613,0.4679967806893287,0.8629163039838055
0.7601699683805379,0.6184375014405669,0.5911759362615381,0.5761653240814617,0.7361980902759642,0.6967033135528105,0.6701848046229939,0.5510350290726769,0.7055373084907913,0.5768101661710916,0.4605974717730665,0.4633779620532237,0.7737738488917771,0.515236347665442,0.4638372213604262,0.6907115658967318,0.6818123232484219,0.8289027519929875,0.525195027573562,0.0,0.4754629856537641,0.5437418698577667,0.3321261169411782,0.7835728189963436,0.43601953979919006,0.5275621658475578,0.6738098558842476,0.8934356703442554,0.6771234384017037,0.8158200482808128,0.6709372909292425,0.48211301114008237,0.5071991316798609,0.737466431855743,0.7299627451523535,0.9116484426987641,1.0175394186153002,0.7007693466070617,0.5035349128285682,0.707177974614875,0.7099521347059592,0.5999305644223899,-0.02085392430729266,0.2386595769719912,0.34870385287219796,0.6279791882906736,0.8267060936584476,0.7789924964235884,0.0,0.0,0.582534059476041,0.4812744795045539,0.7595270139522251,0.3343161717835321,0.7915540346751202,0.0,0.538908497141716,0.5108673764225116,0.0,0.63299408681987,0.7531783928064486,0.4697000563343079,0.6082286220464341,0.0,0.5828262826653381,0.50444042227847,0.6097205282702195,0.6011262629129387,0.0,0.764482455659433,0.7206615879509186,0.6393618600212152,0.6690732681474657,0.6943126636764048,0.5383892711547413,0.6630173842991972
0.5269564400731085,0.894040248886159,0.5350293207725807,0.4616260282012512,0.9110038351964573,0.7309244086906699,0.613100279186515,0.5877084193636366,0.556763493874666,0.7275577646454665,0.4440388750662522,0.7718365303563952,0.6991515476655832,0.5367988175644224,0.4352755308617496,1.0298319791787531,0.7838816581097936,1.0860557071601447,0.7424510395587254,0.4754629856537641,0.0,0.8678201737025985,0.48568909929419435,0.5326688098795097,0.8534193640618961,0.6862888851659295,0.5640051026641324,0.5409061942011228,0.538788654793658,0.4386815380499437,0.7763249684736879,0.4848828802396651,0.7621623368267674,0.7785301569389261,0.8348457445526505,0.6557468036724319,0.7360691771542298,0.5085488788085899,0.5379580862814048,0.6377890271338089,0.5546121781011937,0.5110739603923249,0.82649727512352,0.0,0.0,0.7234305139415005,0.666837073678733,0.7475648402219789,0.0,0.0,0.7845113177371259,0.5493661534081933,0.9628013164023232,0.6515816168114554,0.6684638759563886,0.0,0.7974338623946623,0.724936504532885,0.0,0.6812791386908592,0.7607814840823675,0.0,0.9487205174782891,0.0,0.6427118661015921,0.6421550719208701,0.6146259256564603,0.8314950884349305,0.6124845049598833,0.6074364178935179,0.7098052002224451,0.7425473097005265,0.8425601719934979,0.8784036615453179,0.7390812727624047,0.4194925055621479
0.831618399769541,0.7111655566034927,0.6145040965096359,0.8661460995030121,0.7422672294795652,0.7022105172174524,0.7553897273751533,0.7345836766750438,0.8828367413662856,0.5992705573416071,1.122232119595872,0.44443790365767427,0.7709890732706111,0.5024601077163114,0.40713681651478445,0.38428517817401475,0.9101718769691169,0.5636912599664592,0.7843586044541976,0.5437418698577667,0.8678201737025985,0.0,0.885058041089665,0.7688332545187408,0.666222617130913,0.7774082661105255,0.6236840286499234,0.8794718930676276,0.6751952263963168,0.717491373778776,0.6804689307510166,0.6098710330865105,0.6860128038613825,0.8140146775712909,0.7794081087805529,0.7234325334756277,0.7172082051240405,0.6278278854427113,0.6387814341342914,0.829671385072588,0.7583378329861894,0.6685924253795252,0.05412538529863653,0.33401939310249246,0.41428082117450005,0.7647300927607028,0.8634920180388154,0.736992388227684,0.4788845913170795,0.401608500439052,0.8806405781153143,0.8129051009269088,0.7778398792581553,0.5910202874950288,0.6480642953268028,0.0,0.7251345092030036,0.8799704253605364,0.0,0.8022650919326481,0.8464043661362488,0.6674492738059228,0.7362744011833717,0.0,0.6586647596679058,0.6851293138474857,0.8021971071726187,0.7138873108901735,0.8667089867871532,0.6956470921503111,0.7782351549836699,0.7676739568116779,0.6850516551025413,0.7491157833926829,0.5202650452184909,0.8731770960182399
0.6647930218178486,0.7981127154388414,0.24750354525777912,0.4531971375591536,0.6295106054786416,0.6470541682768445,0.7261212986729555,0.7290909935518763,0.675201732318989,0.5754276705221499,0.42752747663197166,0.8728116596686745,0.7846872518879837,0.589144483672865,0.6959282511231809,0.9719569607682915,0.6838826212226757,0.9786576053582939,0.3119166719495335,0.3321261169411782,0.48568909929419435,0.885058041089665,0.0,0.5316936854580253,0.7224436495814972,0.6341533614789517,0.4619007403612062,0.6594870832257731,0.6560064053378116,0.6136304183351142,0.7078854863285866,0.6443705594461475,0.6748461117751678,0.7634171068911926,0.6655299619278128,0.7999901400367487,0.7666791305588574,-0.03558059287030768,0.8554376762753526,0.5497175334204418,0.7959359795869545,0.831022875044361,0.8251126619090198,0.9004771605015863,0.6667711260434876,0.5406661347837574,0.8050471601852622,0.9415632779512546,0.6766716132595163,0.8380670373193558,0.8643986175838623,0.8213301601330814,0.8053358384080612,0.8788398212817561,0.6232919528223595,0.858069074119644,0.37341679282568563,0.7605123173906327,0.8868692971350095,0.7788539888059796,0.8493008731711817,0.4750757821110244,0.6489291090711691,0.8639372274384696,0.7571547171220856,0.9258825458660609,0.6881980888132211,0.9561250727062081,0.36195158576364816,0.8542887305446825,0.6711570930143667,0.8564441726869707,0.7691797485381231,0.9092192518406113,0.8540821623587108,0.7447066988493617
0.7024140168796955,0.5543258533836346,0.5888910455857551,0.3649546830221828,0.7771945661226345,0.8033026366736751,0.9408905667711855,0.5578907154088774,0.8429320693811514,0.73634992497089,0.7541397900448448,0.6552904213669137,0.6904826776057094,0.7570533410310231,0.329048170520146,0.9786898509369641,0.9549439034519294,0.7513389729999289,0.8894955062280221,0.7835728189963436,0.5326688098795097,0.7688332545187408,0.5316936854580253,0.0,0.7201154671350212,0.7167947700877257,0.37963377931525133,0.9255945852653131,0.7926759566401096,1.035691001584751,0.8186345330054696,0.7558185686743933,0.9230281826267861,0.3014784652126792,0.22475470652890214,0.8420544992040568,0.2551952165091655,0.7716535670091235,0.5243375554118825,0.844832025148885,0.9674137867404138,0.43270901314361654,0.4289978196660043,0.5318648890387946,0.7538376465117547,0.5433236172505689,0.6956130217519705,0.0,0.0,0.47259258324032727,0.6322278305594591,0.38804475743508504,0.0,0.31768688645360765,0.6767473193972819,0.4906293599127809,0.7349709188650937,0.6953115897088444,0.0,0.37114802058001306,0.7512472929750085,0.702649683187273,0.8552287793664557,0.46861392069420715,0.4218602836396556,0.24075380596424537,0.6396793488730812,0.658569742968348,0.48355419022430846,0.7837860894685447,0.7174779619813855,0.4077980059624458,0.6416484215917435,0.7625774906416503,0.0,0.7981480721256828
0.6483876910399072,0.47352539151463224,0.6284435858845334,0.809815367064237,0.8036053241831147,0.7951977307163246,0.8553216242436416,0.7957765589534311,0.9487485004327847,0.6279290670583675,0.6948978874619082,0.6222029683976813,0.8582396476098899,0.6330870953403378,0.6373776477196184,0.8093800971443084,0.7018866792762989,0.7263465167916328,0.7622673125370119,0.43601953979919006,0.8534193640618961,0.666222617130913,0.7224436495814972,0.7201154671350212,0.0,0.42601456557449524,0.8783578485917736,0.8120184249630041,0.6583724604274268,0.5632302396258839,0.631153313498044,0.5472327370823766,0.8689677051384915,0.6754400469562873,0.6765428687248776,0.5565067952154698,0.6438331462791407,0.6455386609589022,0.7420421233509651,0.8818097700059429,0.8818751721552949,0.8261948208210342,0.16367016588431593,0.0,0.562888699247382,0.700735379060843,0.8600965334492482,0.0,0.0,0.0,0.8008648442096868,0.7419277382976537,0.7621066854443417,0.4248211422956624,0.7289042732811023,0.4744429799038359,0.7074842628335354,0.5949903016798428,0.0,0.8046989563870754,0.8559735976491506,0.7611939824707026,0.823148198517225,0.0,0.8335248336535968,0.7981802451784454,0.7544687530051934,0.723330355333028,0.5887925302395328,0.8627972612909399,0.8080937379368851,0.7624549252670625,0.8844875050233568,0.792826758643947,0.0,0.8721630150647522
0.7152736172249197,0.5167954633554974,0.9118587830539693,0.6256483644874999,0.7796316851536108,0.8683690701666116,0.9009897443782099,0.7434816571806773,0.9446748519719487,0.44913339941756675,0.7947710329552105,0.5231540274002348,0.7598247662079891,0.5997477527701336,0.2793440759146928,0.7512884634067296,0.7723763519996847,0.7082924323620279,0.7192912732242664,0.5275621658475578,0.6862888851659295,0.7774082661105255,0.6341533614789517,0.7167947700877257,0.42601456557449524,0.0,0.6961706385032485,0.7863099581799946,0.7227449472174742,0.6179301307022596,0.5823704621112695,0.7122142217925969,0.9167892020132871,0.7112088036641291,0.7714116415297336,0.5522936462615979,0.4388974723139596,0.6937405610782994,0.6800797273813626,0.8955117759195009,0.9750051411234536,0.6988565587019634,0.26125842364600216,0.5162201562543598,0.7095990620449635,0.6031397661345792,0.8505181103114483,0.9430745200618986,0.0,0.0038846713519848962,0.7976733679106034,0.5947642165290986,0.6549635238876437,0.7194689767749403,0.7049320850476946,0.0,0.7248785613835274,0.848929048631486,0.0,0.8093910895772538,0.8704021375652422,0.7410116412439759,0.83236579924221,0.0,0.6534162233823687,0.7742405384356779,0.8691994727618875,0.7127851613256186,0.6399864957069203,0.8718831160685379,0.7803513158700031,0.7552248689346988,0.8017806675667613,0.8743159723356841,0.484899800107945,0.8443120734590921
0.49333819216312114,0.8036817210645768,0.36810996894512765,0.8190191603042649,0.7726737602998761,0.6897959178586888,0.7210990911599167,0.7800479355187582,0.6702672702902941,0.713348063419976,0.3958574106258387,0.8250984658263236,0.8339025666119471,0.7234805888678324,0.507145469752998,0.8726363245931814,0.6052145178441221,0.9123287515890803,0.5090683763973097,0.6738098558842476,0.5640051026641324,0.6236840286499234,0.4619007403612062,0.37963377931525133,0.8783578485917736,0.6961706385032485,0.0,0.7468345685105215,0.7309540013001514,0.6814178219127752,0.6105098098114313,0.6624951220675646,0.7600737148400034,0.7240282601933776,0.7112821094930577,0.8640043425519417,0.7865157480863662,0.8696803374831068,0.8108147315594373,0.6989818405126969,0.82634696438663,0.7397971535286247,0.6088718588120481,0.7625122201766741,0.4768170860308844,0.7756917670118069,0.7212402973036844,0.9266095721425931,0.7236630413022278,0.8017092592512758,0.8498861136589502,0.7984115693854529,0.7788350918733284,0.8964451765742134,0.822128414898719,0.9166137518826146,0.7602628082543549,0.7700663834396806,0.9626940197664584,0.6596394950982231,0.9424783434947656,0.0,1.1130356418946157,0.9183894765171134,0.706561573998081,0.7683091973696317,0.6525091658206223,0.8526109193484589,0.0,0.8190580117454178,0.664358067776966,0.8087907171544357,0.7898751036667784,0.8447770183804184,0.6893163796992801,0.7476619244463629
0.7453979736401445,0.7745899157301146,0.8333075831247744,0.5315922435239104,0.5761985452381153,0.8052234983639988,0.2997462248643614,0.6452514830354383,0.8230912848852715,0.9066970691557521,0.7364148094518822,0.826822386128336,0.6780884398221713,0.5681676772522644,0.4251527117466812,0.8513520238255784,0.9396569713336986,0.9288765568536117,0.771160904328044,0.8934356703442554,0.5409061942011228,0.8794718930676276,0.6594870832257731,0.9255945852653131,0.8120184249630041,0.7863099581799946,0.7468345685105215,0.0,0.8180971307089613,0.7140188441201047,0.7051446083785509,0.43870022046058127,0.9830615567815794,0.7008911818936068,0.6720389882654884,0.7769695543016226,0.7097121169472865,0.7267619378840566,0.8259255308339855,0.12641300017983925,0.770657467882034,0.893107937304287,0.569232277694663,0.5725372016554147,0.7598736893238166,0.7992166252663157,0.897761356628739,0.9913254398558915,0.0,0.7852912241617163,0.8822690501844559,0.785321988126676,0.7950354759971668,0.8777581330290243,0.8367370095852904,0.7200852908721187,0.3913854955107877,0.8042576509482153,0.410995572702026,0.6481095473528424,0.7546145802622559,0.351332479336822,0.9688704890087239,0.9388632562332759,0.745225920478118,0.7672259613173589,0.6093875307569376,0.8795774191423323,0.4564804276139852,0.9948649784523746,0.7248159300523098,0.8482667879660097,0.8515589352276467,0.8210986845575738,0.7655546383208442,0.7771781231763651
0.8480490420056899,0.6844810264322008,0.8872408287699376,0.6044109158633365,0.5548654177746672,0.4865987744710248,0.635494158020848,0.5703610392720517,0.589836079826543,0.7177534834491389,0.6384503162536935,0.8355683074150301,0.6039547326821644,0.44785820109593644,0.5674993123616185,0.7316347646004726,0.6751337382372335,0.8024425366115971,0.7557802068655441,0.6771234384017037,0.538788654793658,0.6751952263963168,0.6560064053378116,0.7926759566401096,0.6583724604274268,0.7227449472174742,0.7309540013001514,0.8180971307089613,0.0,0.6829683377746574,0.7097905945143105,0.4803764932847586,0.5850585495435771,0.7356390485296271,0.6665248057478222,0.7666033284191321,0.4373844498921936,0.5751382936036286,0.7161874644965338,0.651129446955298,0.7746900016026292,0.685626666349882,0.10607430460140696,0.7100580758624848,0.6378452999225328,0.5746266719627838,0.7376745693529909,0.8551608027844904,0.4729291781468846,0.6020842132695613,0.8075793429244018,0.6977907118186177,0.8302186270321552,0.8000391496656569,1.0095572127643546,0.6367670367741114,0.6852107990211135,0.6895253654323592,0.5778478333494323,0.6477038064170613,0.8356284931981146,0.4830560865127375,0.6172568647721132,0.6504729984178221,0.7083289463362245,0.732326213427485,0.6605589178868534,0.8534323680652627,0.4692513263851643,0.8581739597209559,0.8064181532115086,0.8390612067008894,0.7835020347174375,0.8493267979851371,0.6684553508710975,0.7254921646889698
0.9311559319169058,0.6578717507814928,0.823816856112793,0.504774745374215,0.6094974023651558,0.7612561715702338,0.8024512078670987,0.502276390318652,0.7690769187591588,0.5028619738925811,0.49878177890385433,0.5382061820022322,0.7440180936882075,1.2017193420599865,0.5528204715837817,0.7376238609245425,0.37901272356402543,0.8712940934242381,0.6911893756531642,0.8158200482808128,0.4386815380499437,0.717491373778776,0.6136304183351142,1.035691001584751,0.5632302396258839,0.6179301307022596,0.6814178219127752,0.7140188441201047,0.6829683377746574,0.0,0.7526812695725682,0.44971819767290644,0.5448406524017106,0.7647228362755301,0.5228086314525993,0.5725518690880196,0.39428833174853717,0.341113149000396,0.6773490122701145,0.458242741844631,0.7623660283985016,0.7705199579168094,0.41109561128620825,0.274887514792261,0.0,0.0,0.0,0.7784696500197188,0.0,0.0,0.7788866372252998,0.6665990010712465,0.4274473936669264,1.0273386585343744,0.4885938792329752,0.0,0.002658928859983818,0.5718342336785098,0.0,0.521598393530873,0.0,0.0,0.975569508611658,0.9420629086855594,0.5811886589204318,0.63248847292103,0.7109627994779598,0.8695364086418538,0.0,-0.45139434536576145,0.47979111018817755,0.8571663724861742,0.7536176249724524,0.717169718610366,0.7152581606042882,0.44894694186751516
