0.0,-0.02446290053246214,-0.027455884191941338,0.0,-0.033223765802414595,-0.04365418012839983,-0.03967335833463631,-0.05269954978931046,-0.03508416286464999,-0.038469935132933675,-0.02468613589586699,-0.02634997749364726,-0.044335849229881485,-0.034580501772115524,-0.0390246517963827,-0.03370876899045033,-0.03291230777241522,-0.0291409800043953,0.0,-0.055800349860187226,-0.03931854011694225,-0.03091284132503025,-0.04657669494400096,-0.03512085718267072,-0.024624944363639656,-0.030670346652346137,-0.052201806612892365,-0.048269766567993644,-0.04331696014446085,-0.025559271858371868,-0.030030272473415,-0.033307019050385134,-0.0490966914544973,-0.03300101391314625,-0.02532406680001098,-0.05463332881960814,6.596351100240927e-05,-0.07249073190313032,-0.04175316576099358,-0.020763118076085996,-0.016833696809068766,-0.08172226794363818,-5.1169711627385706e-05,0.0,-0.01752944523887512,0.006135653659766094,-0.04046871429327725,0.0,0.0,0.0,-0.012010706217833511,1.1102230246251565e-16,-0.040671903001427645,0.0,-0.010264498299425717,0.0,-0.037014489791378224,-0.020641786865741807,0.0,-0.010939700431289279,-0.03028171987625594,-0.02316565230861345,-0.03140900379368583,0.0,-0.012485140908793546,0.017769824055221706,-0.036552002613982504,-0.025181572923220652,-0.032156907787534494,-0.030135720484494255,-0.04118366213851821,-0.035083992699902034,-7.451194292523722e-05,-0.02789014184349975,0.0,-0.01573958254982033
-0.02446290053246214,0.0,-0.04898213521018774,0.00010201112499280685,-0.03742312090675942,-0.01896476519673107,-0.03720751495200386,-0.04598359026303339,-0.03402777083915132,-0.04674596055836128,-0.012268709971839986,-0.013325871731129146,-0.044265498172734785,-0.008153289419345289,-0.04955840790430738,-0.02787745988913204,-0.06668151655984095,-0.03362479212222291,-0.019465816074997477,-0.04846024971393875,-0.03482839744841698,-0.04989628099393667,-0.03745037965273734,-0.03689233610377263,-0.03485783211003929,-0.03943468857396665,-0.04400919542988668,-0.04067905001494765,-0.02819478235214029,-0.04933831077244294,-0.03522497839671351,-0.03147317969861896,-0.03751379849573411,-0.0341468264171495,-0.019269296982718842,-0.039234721383612725,-0.0007135911130869421,0.0,-0.05349961320900526,-0.03618569674725525,-0.04272159855447655,-0.0476402419622704,-0.010448148560991133,0.0,2.220446049250313e-16,-0.035204474787363604,-0.04601624322956377,-9.114989426939335e-05,0.0,0.0,-0.03477713051642334,-0.04015464968286048,-0.017100173174318056,-0.02188132929924458,-0.04413695021938019,0.0,-0.02548515732991624,-0.0489907643143499,0.0,-0.04888350048223972,-0.03651191119568281,-0.026762868508099003,-0.04152284864818673,0.0,-0.0367991925124313,-0.04840285918368187,-0.04867110677516456,-0.05400283385476734,-0.03891130294406109,-0.043231800962757916,-0.05665524550267953,-0.04482845468315866,-0.06174330078534579,-0.041461752072794955,-1.1102230246251565e-16,-0.03621189480632703
-0.027455884191941338,-0.04898213521018774,0.0,-0.02310326927370282,-0.04417020176134295,-0.03451480643810784,-0.03450243938800124,-0.045250783887889556,-0.041233280083329216,-0.024160679694295695,-0.045227835593661114,-0.02380054751508115,-0.04023224330896319,-0.0385619693082776,-0.050099678646612356,-0.030904684814909156,-0.014998879650285124,-0.023778406838101507,-0.03447574558232397,-0.023480359306108423,-0.05404411664231412,-0.038794489794695186,-0.07819465937499359,-0.020433093321845508,-0.030345975785093793,-0.04371272807974785,-0.046134224504075394,-0.03344283622312655,-0.03519764567625144,-0.059596998442537075,-0.018909546045692116,-0.027887435457843057,-0.0323363567310358,-0.027481938787269955,-0.030935943690050705,-0.03298285473818857,-0.028089012175703698,-0.02808761329996562,-0.02083065023373154,1.0479780068184397e-06,-0.021051460272218714,-0.056131262593823394,-0.07633967462973806,-0.030276676793652424,0.0,0.0,8.972296845499717e-05,-0.14203682109749932,-1.149285400592337e-05,-0.06578113017053039,-0.04908894843595879,-0.047339716752362815,-0.043659587678415046,-0.021593040106948402,0.0014080017224777364,-0.06057070778368551,-0.03815675695455312,-0.04203068104662866,-0.10404901676380929,-2.6750933076524763e-05,0.0,0.0,0.0,-0.07945370151446318,-0.02137967727626766,0.007607812542750947,-0.00015261002057542772,-0.08104444129088567,0.0,6.572635792151393e-05,-0.05315650237591435,-0.06379647778749137,-0.03961002071460956,-0.040365321072589444,-0.01007436602383116,-0.043141973957276925
0.0,0.00010201112499280685,-0.02310326927370282,0.0,-0.0015928928813785936,-0.02471990175284433,-0.007115345367627368,-0.007041388584166919,-0.01527741165812213,-0.053115785774143304,0.02244358901537874,-0.028564952998620996,0.004102045435057433,0.04847419424056881,-0.020837448200002606,-9.698091975429701e-05,-0.006362751366452535,-5.2334883100968455e-05,-0.017368147722030547,-0.01924296109019874,-0.000561935030414018,-0.03431131919443431,-0.018676994088693943,-0.008708445454657265,0.0005687867353234566,-0.017334659190983315,-0.03275290368807576,0.0009587191672744688,-0.024908557738937742,0.0010414803838939557,0.05672363129456548,0.013995110635966423,-0.06162758351468195,-0.01315037451785983,0.015774773019469723,0.02079278161771103,0.011124999096018912,0.02405267054765048,-0.00045584142547744344,0.0012187082310531894,-0.00513331076026341,-1.666146578954697e-05,-0.0013746237789692972,0.00649739135852645,0.0,0.0,0.0,-5.567005641804457e-05,0.0,0.0,-0.01668175323470178,2.220446049250313e-16,0.00011977534887364083,0.031072055469836213,5.551115123125783e-17,-0.01158977642138559,0.0053436755049083295,-0.0001382497745663902,0.0,0.0,0.0,0.0,0.0,0.0,0.0,0.0,0.00010560583326907347,-0.03933685839830858,0.0,0.0,0.0,-0.03842101148281413,0.00030810295479621885,0.002216651230058264,0.0,0.0
-0.033223765802414595,-0.03742312090675942,-0.04417020176134295,-0.0015928928813785936,0.0,-0.05916191024919376,-0.03175707569271269,-0.045997183598360525,-0.05285112658532104,-0.002831655298335567,-0.03297243795222088,0.00021685320793674023,-0.03024755053239131,0.01380501687022373,-0.02651003879132019,-0.041277299028354364,-0.04093208571704893,-0.03932556061540271,-0.04510290843985759,-0.03847254762460817,-0.04674944431323036,-0.029039668750065473,-0.041013524645348465,0.002963290232907423,-0.05106459005357805,-0.004699237524561306,-0.04945751494913542,-0.026495484043906004,-0.041767501637408666,-0.02669681461579232,-0.008205874757252762,-0.035624408415449116,-0.02630492757613856,-0.023775096459613676,0.04423660252405148,-0.005104595399705758,0.009790282129503614,0.013613252321572566,-0.01622043881176477,0.01378671076492588,-0.040981959169205884,0.022378972061143698,-0.044097137639402095,0.06735856667916995,0.00033854692330259617,1.1102230246251565e-16,-0.01150773579159231,-0.06139137643126358,0.0,-0.06006688358788498,-0.06097182776241977,-0.05417803289074424,-0.049869910331424405,-0.0537221212698909,5.551115123125783e-17,-0.01952728707282697,-0.02469627778917899,-0.0700993284337027,-0.04019150204630467,-0.006294005875895403,-2.4076604821510195e-05,0.0,-5.551115123125783e-17,-0.04725610837353639,-0.03480250437072724,0.00011077893765576441,-0.02095826204136031,-0.06385691962659606,0.0,3.359944020658867e-05,-0.017241462280032538,-0.05501026757262262,-0.04029283163089259,-0.025781102363121366,1.1102230246251565e-16,-0.03204209606521674
-0.04365418012839983,-0.01896476519673107,-0.03451480643810784,-0.02471990175284433,-0.05916191024919376,0.0,-0.04524955377769363,-0.034747677168058655,-0.049831349048944706,-0.014124318693038596,-0.0413639649201093,-0.013335684983537155,-0.03343574514607922,-0.023847897044834976,-0.037510947047917964,-0.0431808864112907,-0.010330130918248637,-0.020074331018622493,-0.03519219887517977,-0.03472764250183741,-0.03589694806874477,-0.041145599667591515,-0.04547380934353146,-0.021765719850787457,-0.023317356776565268,-0.03431395056001224,-0.03519401426101143,-0.010776242435248273,-0.011982432183029246,-0.029695225273163428,-0.012112330423929119,-0.02287219285763148,-0.014512934663390986,-0.020510604039376157,-0.018314431871146175,-0.02337466110856079,-0.022485018034827275,-0.013770833832836116,-0.0605479456562551,-0.027694998524725734,-0.0718356571850382,-0.041371084980175166,-0.004790195633252781,-0.012154534133671513,-0.02297040195771516,-0.02581732790924679,-0.034223272287117634,-0.054857494069645685,-0.035662656680640836,-0.0385179046795443,-0.04150743145908742,-0.04498514938737325,-0.033644049049009805,-0.035362907374326014,-0.0144096427966936,-0.02618258480684682,-0.01791300334384366,-0.03688521955150864,-0.0357031436577232,-0.03591071413359315,-0.026076646015762206,0.0,-0.029543458615791496,-0.03388133713046493,-0.03976480601394339,-0.02178143501166463,-0.029324496913727183,-0.04835670316348112,8.879612385215285e-05,-0.026989130933843086,-0.03157984672806674,-0.04697140205948541,-0.031871233679438615,-0.0366640902437263,-0.04087906828148824,-0.03489566999479832
-0.03967335833463631,-0.03720751495200386,-0.03450243938800124,-0.007115345367627368,-0.03175707569271269,-0.04524955377769363,0.0,-0.03658444458049542,-0.028225097050646075,-0.02931826176289093,-0.02265618907779321,-0.02015245454045922,-0.035266129954944714,-0.00949635823539563,-0.020182895615820373,-0.05250873691647012,-0.032239972330969646,-0.049248093251855085,-0.021922456862075945,-0.03718494755045926,-0.06794095296907116,-0.0422632670279246,-0.036493316039110935,-0.014503767879630758,-0.044012688925675336,-0.02875313021906989,-0.04000766746540829,-0.02332917471230833,-0.032051420825829846,-0.0353075120771823,-0.021847702896541366,-0.013892994102118805,-0.022752441634959042,-0.0328778468968427,-0.014874093540300892,-0.02229330255685158,-0.01002658527307021,-0.012014781396970764,-0.09587941864591049,0.00036924468230531415,-0.0921295847492083,0.021037257205813953,-0.07812771162223803,0.0021585398637152253,-0.0014373322196923333,0.0,-0.0436182862221241,-0.04124893692614651,0.0,-0.017587440723585313,-0.04178772962178434,-0.04389210011788497,-0.01705119776902242,-0.028987421391318158,-0.0031538826898103722,-0.023492973939649775,0.00391093296857048,-0.03228159669813391,-0.011250835632327538,-0.034774769867453204,-0.031059882058189436,0.0,7.264454343341997e-05,-0.04801152949002868,-0.030138237015425673,-0.02054729696398616,-0.042987721491397235,-0.04029340107557389,0.00016145189708610674,-0.02409724027632487,-0.029687162854869664,-0.037470513369094294,-0.030462616591764136,-0.054943728654514745,-0.01860030316502792,-0.04307405611827275
-0.05269954978931046,-0.04598359026303339,-0.045250783887889556,-0.007041388584166919,-0.045997183598360525,-0.034747677168058655,-0.03658444458049542,0.0,-0.037265838777432225,-0.05598291610668216,0.0009334398916935327,-0.04333187024391244,-0.036439910206181036,-0.0035164487269552236,-0.024117561170297952,-0.0558023456234194,-0.008902075359653205,-0.03972591562021516,-0.03469642553116131,-0.03264581174914616,-0.037545357168999594,-0.03420276560225949,-0.020228908434262005,-0.04683198699856217,-0.05483084526047549,-0.0482615131832575,-0.046483278454689914,-0.03606394018025427,-0.014763642695870827,-0.021113600852810943,-0.003840612273047883,-0.08215626511998192,-0.02347604273323095,-0.014674138055458641,-0.007826107770374624,-0.06403256094345788,-0.12817290495220077,-0.02941065484245914,-0.11262982841787639,-0.038696036327080685,-0.037039822670772826,-0.031454010770124,-0.0076797706195075865,0.029393301938989147,0.0,-0.03959709924379362,-0.04032927911084855,-0.057871106385724735,0.0,-0.029530168270193058,-0.03446796702856009,-0.0437978298326559,-0.018188912647220445,-0.029957134005512254,-0.00021025501038784977,-0.00908817202011919,1.921045927222309e-06,-0.035257913414172504,-0.01707986032274661,-0.058376863439807136,-0.02635208840313652,0.0,-0.0003749618077130701,-0.03398044103230746,-0.04213878982385777,-0.00313737216136295,-0.04914757340586928,-0.06061879332622033,-5.551115123125783e-17,-0.03126270914562551,-0.021548744766460348,-0.06218526735561708,-0.03803091257427049,-0.039276358509068465,-0.03809145641360856,-0.040066470421727896
-0.03508416286464999,-0.03402777083915132,-0.041233280083329216,-0.01527741165812213,-0.05285112658532104,-0.049831349048944706,-0.028225097050646075,-0.037265838777432225,0.0,-0.0210565064505302,-0.057638045841858665,-0.01568653053335528,-0.04211914646782494,-0.020753789864313532,-0.044012404328535926,0.014718208449522097,-0.023751144496797993,3.711132511596826e-05,-0.05726314652313938,-0.04005437005196427,-0.045231569188855736,-0.03551092968251007,-0.05683229935993617,-0.025779188607395143,0.014058748743343119,0.026039857505703923,-0.029127349316809437,-0.021990923825647657,-0.027206547334431397,-0.040279364376721805,-0.018211407799187618,-0.016867138388315217,-0.017462671966904264,-0.022426906398023694,-0.026037923783249817,-0.021849832697616367,-0.016354251605851466,-0.01343652333230394,-0.06597087161292109,-0.004612893609788504,-0.03736659733127817,-0.04126471329833736,-0.003618614216708005,0.07628933313957353,-0.02132426314463004,-5.551115123125783e-17,-0.03359507207662593,-0.060823693751097196,5.5212209532085055e-06,-0.03483809229489193,-0.034911586320647614,-0.042981687129462265,-0.028680104756690694,-0.03964740225454211,-0.03442536952555003,-0.025156227391833985,-0.025440016471091342,-0.03710642050230417,-0.05611004854932666,-0.0273833051122363,-0.020537480858265955,0.0,0.0,-0.03211957874843552,-0.04226045887405483,0.015085578225221996,-0.038766776025277117,-0.044033763054968866,6.795144875715309e-05,-0.01798998292831938,-0.04535538523004756,-0.036745584248101926,-0.02623087729392115,-0.03296378749807061,-0.017279917165440528,-0.028351111692242692
-0.038469935132933675,-0.04674596055836128,-0.024160679694295695,-0.053115785774143304,-0.002831655298335567,-0.014124318693038596,-0.02931826176289093,-0.05598291610668216,-0.0210565064505302,0.0,-0.015021584394594611,-0.04540707164814045,-0.03477748645067624,0.004483562865719881,-0.02105227776480678,-0.016537839504669916,-0.04454019550881655,-0.04837875283738308,-0.022552813777922565,-0.04606659004380864,-0.028822827248791982,-0.02645107138993713,-0.01747193437125827,-0.05341086937676903,-0.04638781990918839,-0.03758326474963014,-0.021335262886888418,-0.01710095073118323,-0.0190685943295123,-0.0301442347364963,-0.028708838891288613,-0.03933935822879664,-0.04046098469334608,-0.05347591220869924,-0.015684858488524744,-0.018594822534785116,-0.006930288724439182,-0.034507089812509995,-0.04293459182056081,-0.02710140500948538,-0.0285563954003325,-0.08836572879197074,-0.045481322615157305,-0.019566190992556687,0.013815808767104643,0.0018653175254025323,-0.01266079483862026,-0.018580354769648255,3.1350257433171436e-05,0.00031863306510743206,-0.03071506464539553,-0.0059570043306733655,-0.0010297531433741125,0.04885905662603507,-0.04030555149627252,-0.025517705862869944,-0.050449352988974794,-0.02861318295479931,0.0,0.0005824987903737533,-0.03412323135900275,-0.039808981050139414,-0.03032432560317183,-1.03049939026989e-05,0.00016743011091885363,-0.01348626358643673,-0.006716107651741687,-0.03447956860545609,-0.04352784245492791,-0.03244864482394216,-0.04255856978548883,-0.020174113346556943,-0.026276430953365515,-0.042433048934937545,-5.551115123125783e-17,-0.04686192725124466
-0.02468613589586699,-0.012268709971839986,-0.045227835593661114,0.02244358901537874,-0.03297243795222088,-0.0413639649201093,-0.02265618907779321,0.0009334398916935327,-0.057638045841858665,-0.015021584394594611,0.0,-0.00934585468849769,-0.023023462120998206,0.0008905254394623308,0.0,0.0001329440366268364,-0.031201484308765848,-0.032608118001999586,-0.04197710722873413,-5.6028414450348674e-05,-0.029106619724329708,0.001771164546648052,-0.05229507751976609,-0.017084042574474267,-0.017636021304002436,-0.012862496179070537,-0.010718435413869576,-0.021869653176486148,-0.027481185125000696,-0.017784132306533973,-0.01953595485652726,-0.03959447571932373,-0.017882296862269387,-0.02071923126855424,-0.025683185958370658,-0.010016289926155109,-0.005991254670639989,-0.008801264665419861,-0.03331051734945695,-0.013058571320597345,-0.0305531506671054,-0.02382232179173266,-0.0364401009745684,-0.015816459009869333,-0.006917868060980881,0.0,1.1102230246251565e-16,-0.09383204388440342,1.0691170836962804e-06,-0.03648072155234694,-0.04418124020666092,-0.03137980053820222,-0.030791005125096083,-0.02788394297833896,-0.03224697148684891,-0.07014689896289367,-0.019516184295043815,-0.0227039697995835,-0.0707928702711157,5.551115123125783e-17,0.0,0.0,0.0,-0.06699966186149839,-0.014895561724526662,0.0,-0.00012702567505418205,-0.051532614248323005,5.551115123125783e-17,0.0,0.0003254616318105752,-0.03893757192089742,-0.022600283450925185,-0.01911111408423677,0.0,-0.04628960134029031
-0.02634997749364726,-0.013325871731129146,-0.02380054751508115,-0.028564952998620996,0.00021685320793674023,-0.013335684983537155,-0.02015245454045922,-0.04333187024391244,-0.01568653053335528,-0.04540707164814045,-0.00934585468849769,0.0,-0.026257442666557607,-0.010784917493068868,0.022963650630784926,-0.032299331424260724,-0.05689867601573906,-0.03803093633348931,-0.01763779528833198,-0.011257434159098079,-0.030065350529970225,-0.027842615993574793,-0.03358465902260349,-0.0386195469447172,-0.043286502157011075,-0.04044717571065404,-0.018518910292811497,-0.0009792988233560118,-0.006431835141233189,-0.050491607279078254,-0.03481519511050968,-0.022297119241996843,-0.016305647253194666,-0.01232369639879985,-0.009444672440273527,-0.016410752060731282,-0.024448165555383428,0.004462131739087882,-0.03265692059584388,-0.04321353469473743,-0.027561043875503066,0.003220411574097082,-0.0397456697175354,0.012888957987642224,0.015026400969245235,-0.04443456705862825,-0.016742363979289687,-0.00902781048139445,0.0007067049758590072,0.04441419287514875,-0.0038089709229529034,0.04224125479681351,-0.0005944708199140947,-0.0025393857045011847,-0.05663169840147386,-0.010950402254075786,-0.06620403769193794,-0.016950644261016945,-6.754916300188984e-05,-8.888981707705357e-05,-0.02515980858733108,-0.03729320977230022,-0.03401209576272446,0.012890125596384916,-0.017177219900414764,-0.03770234959279578,-0.0074522032086659085,0.012261562479841837,-0.06533958310915294,-0.03477517118719753,-0.05176680400446981,-0.027803470733044455,0.0016739093641373604,-0.011601874713278892,0.0,-0.05314947247306506
-0.044335849229881485,-0.044265498172734785,-0.04023224330896319,0.004102045435057433,-0.03024755053239131,-0.03343574514607922,-0.035266129954944714,-0.036439910206181036,-0.04211914646782494,-0.03477748645067624,-0.023023462120998206,-0.026257442666557607,0.0,0.0030633350991201014,-0.05255169679576338,-0.05787768662336168,-0.033312402768172544,-0.04175890696048362,-0.02203274650221254,-0.044849697681086875,-0.05756427325413255,-0.04363193300842072,-0.03341412650375336,-0.015350138534260704,-0.04505421250575259,-0.026741382496855315,-0.03943357108930068,-0.05288247312404892,-0.036478158527504134,-0.012919862472799248,-0.02979520872339314,-0.013059619149784707,-0.033275703050859584,-0.03477695172016465,-0.008778742170926002,0.002554595607114296,0.0027582953475403515,-0.017477665899712835,-0.08290956267949479,-0.07579785224969149,-0.05644695439078623,-0.048982607371627185,-0.024922890002348486,-0.06780068973788694,-0.018613134038674817,-0.024085734956860894,-0.04264173678912747,-0.04914478811636197,0.0,-0.030834855823927254,-0.04453256900129554,-0.04382764318800253,-0.0334103517941175,-0.03004791046196542,-0.015040638541699292,-0.005666637633710558,-0.03404581725541078,-0.05960908215631655,0.006514227564945796,-0.028429138192545056,-0.042280681834948264,-0.009973151454009177,-0.033351418148581724,-0.03706084473700122,-0.051024659158330266,-0.0505987442718423,-0.038852145847753206,-0.04930637497946405,-0.004139485810354948,-0.03669797879111081,-0.042823295392971805,-0.05039299394061941,-0.04742563728913235,-0.06177035738927755,-0.043010311603230655,-0.08840305746365335
-0.034580501772115524,-0.008153289419345289,-0.0385619693082776,0.04847419424056881,0.01380501687022373,-0.023847897044834976,-0.00949635823539563,-0.0035164487269552236,-0.020753789864313532,0.004483562865719881,0.0008905254394623308,-0.010784917493068868,0.0030633350991201014,0.0,-0.020919047811477742,-0.0003467543536596063,-0.00014365829551066245,0.0001227085065482192,-0.030260348934506687,-0.01199038065890845,-0.020658162046922834,-0.008311562767529923,-0.015135070689105024,-0.04641315357629655,-0.009964371567483754,-0.0221865295121757,-0.009924731840495304,0.010978277059305375,-0.025255412203343486,-0.010122194486458902,-0.03575351737282384,-0.03515897209621596,0.01264721473709568,-0.01701496958679971,0.01240687797304646,-2.9022761559194254e-05,0.007463756591731124,0.06946488571578063,-0.20507028564418217,0.0,-0.0013791751911135797,6.931612572952384e-05,0.00433369796674371,-3.077452196409425e-06,0.0,0.0,0.0,-0.046328100210100864,0.0,-0.03932514551718563,-0.017106061891460245,-0.022584053930572445,-0.002564009901947384,-0.02691918143504124,0.0,-0.01086172730174978,-0.0002903209373753546,-0.013603000082051342,-0.030765808987160692,1.1102230246251565e-16,0.0,0.0,0.0,-0.03805722901594655,0.0,-1.1102230246251565e-16,0.0,-0.029525528382425226,0.0,0.0,5.551115123125783e-17,-0.027156501863307425,-0.020550049710214513,1.1102230246251565e-16,0.0,5.551115123125783e-17
-0.0390246517963827,-0.04955840790430738,-0.050099678646612356,-0.020837448200002606,-0.02651003879132019,-0.037510947047917964,-0.020182895615820373,-0.024117561170297952,-0.044012404328535926,-0.02105227776480678,0.0,0.022963650630784926,-0.05255169679576338,-0.020919047811477742,0.0,-0.043485460234951034,-0.021752926681176232,-0.024608285352808845,-1.1102230246251565e-16,-0.07847132575610533,-0.03853571308344095,-0.06707382848363919,-0.05470356488240902,-0.04156573854780288,-0.036101499417035166,-0.09440942129186347,-0.03906926545387851,-0.049775062995925656,-0.04414521288357598,-0.04131831931380642,-0.035238491650244064,-0.04284307921915603,-0.02260025901535373,-0.03580767209063329,-0.031059101088112773,-0.017108549438995202,-0.040001065805827685,8.47743028350445e-05,-0.04269304173501931,-0.039374678559905396,-0.04094722384509919,-0.03795601328402348,-0.011576762377857042,0.00659951999830477,0.0,-0.029002277886912065,-0.05354159270407094,-0.027692469594155167,0.0,0.0,-0.03760504544671189,-0.01392361336093989,-0.060178131768268195,-0.01226235011806126,-5.551115123125783e-17,0.0,0.00024421939118091096,-0.04749247391357431,-1.7525563268394606e-05,-0.04352924703760952,-0.04418945523322848,0.0006126014841555949,-0.029583279242456684,0.0,-0.03328442881327692,-0.04332302303144869,-0.04219172608224164,-0.03832819838868562,-0.00011420200097050914,-0.018932450364889997,-0.06192599550509975,-0.04259215616253015,-0.04651609761666048,-0.0351036051550771,-0.05658710920836796,-0.034327987195389376
-0.03370876899045033,-0.02787745988913204,-0.030904684814909156,-9.698091975429701e-05,-0.041277299028354364,-0.0431808864112907,-0.05250873691647012,-0.0558023456234194,0.014718208449522097,-0.016537839504669916,0.0001329440366268364,-0.032299331424260724,-0.05787768662336168,-0.0003467543536596063,-0.043485460234951034,0.0,-0.02013391789844793,-0.017076737303554468,-0.00012500403769738488,-0.03469271596096646,-0.04546741676317562,-0.02383436160757113,-0.04961849320006406,-0.008634503642759417,-0.03605665231447269,-0.04520694899856348,-0.0458597140443292,-0.052289280889460166,-0.032617314033769496,-0.09145571651884221,-0.011060974065961793,-0.043506521231750916,-0.05189262747649348,-0.039684984744749685,-0.035889033071512866,-0.001744145530432617,-0.012696420017883181,-0.060781742349232726,-0.04278168544838379,-0.022604435476291873,-0.02985040802557315,-0.037666708762390866,2.285199732937615e-05,0.0,0.0,-0.027895669423179614,-0.04209563861971938,0.0,0.0,0.0,-0.02160889828174667,-0.020730728245310415,-0.019641819729090237,0.0,-0.02318917576778451,0.0,-0.02727690065776006,-0.033127595608433036,0.0,-0.03153431394276396,-0.030085080454368307,-0.016455484185960545,-0.02408827793725732,0.0,-0.030371842917875702,-0.04082600493503036,-0.03954603239244642,-0.0309742224913912,-0.04690805157534528,-0.03264531082914335,-0.043447380862041085,-0.022447037484794985,-0.032715606055579216,-0.03550914800819238,-1.1102230246251565e-16,-0.032302908166440436
-0.03291230777241522,-0.06668151655984095,-0.014998879650285124,-0.006362751366452535,-0.04093208571704893,-0.010330130918248637,-0.032239972330969646,-0.008902075359653205,-0.023751144496797993,-0.04454019550881655,-0.031201484308765848,-0.05689867601573906,-0.033312402768172544,-0.00014365829551066245,-0.021752926681176232,-0.02013391789844793,0.0,-0.04694399193311072,-0.01166979406123081,-0.02720288506975499,-0.005597943597909327,-0.005789738369324504,-0.025411367811482344,-0.04710301736620359,-0.04736881653637709,-0.04998911752387736,-0.013424310593032007,-0.02211633925229728,-0.026971837620880346,-0.005793884319859333,-0.03946447209415599,-0.04223327829169876,-0.04478119145995019,-0.04065913398110227,-0.0033928036691688312,-0.03443988097735806,6.33679715137947e-05,-0.03380964260738789,-0.08935045732417635,-0.022186004258927194,-0.015567569295703576,-0.02189360801604756,-5.551115123125783e-17,0.0,-0.018655501482045533,-0.03083897808794256,0.004530463551561559,0.0,0.0,0.0,0.0,0.0,0.0,0.0,-0.03448804290512858,0.0,-0.03998411007151487,-0.01760402177948711,0.0,-0.0002552765250919409,-0.02287484639894144,-0.025505975600551123,-0.03559580001366924,0.0,1.1102230246251565e-16,0.0,0.010528412532600062,0.0,-0.04375510234478719,-0.024750700187309516,-0.02953668737104531,0.0,-0.018904294759300277,0.00013771912539062292,0.0,-0.015445389349402372
-0.0291409800043953,-0.03362479212222291,-0.023778406838101507,-5.2334883100968455e-05,-0.03932556061540271,-0.020074331018622493,-0.049248093251855085,-0.03972591562021516,3.711132511596826e-05,-0.04837875283738308,-0.032608118001999586,-0.03803093633348931,-0.04175890696048362,0.0001227085065482192,-0.024608285352808845,-0.017076737303554468,-0.04694399193311072,0.0,-0.01499335505472904,-0.02052383202733904,-0.060990894281281516,-0.021010450139510806,-0.035738006990347126,-0.02168142502527287,-0.02729194982680644,-0.03140161610142722,-0.03435124433393866,-0.03680006064078878,-0.025252180374816136,-0.055592640773694024,-0.020769946366944292,-0.03493749482654407,-0.0366572830111116,-0.02913220459189436,-0.012265445946388565,-0.01606383171721043,0.00010561127953429006,-0.01172096829644026,-0.0459395922216852,-0.0075123135143495,-0.015780985590916008,-0.031952843809591513,0.0,0.0,-0.02772823158778981,-0.030454793057238472,-0.041894053758177785,0.0,0.0,0.0,-0.024555114041717563,0.00044539666918824716,-0.0004268163977383388,0.0,-0.0002480161737400399,0.0,-0.02210050802814173,-0.015066981090087084,0.0,-0.01453162956401749,-0.027263083828774126,-0.009880651093931048,-0.021613153242307115,0.0,-0.015501546613997275,-0.0399231965196592,-0.028158567867021922,-0.02786665696083035,-0.027471760565608627,-0.02715820474693259,-0.02465508653446763,-0.03354504828654192,-0.026414097830499972,-0.04176138970594245,0.0,-0.012677402286638162
0.0,-0.019465816074997477,-0.03447574558232397,-0.017368147722030547,-0.04510290843985759,-0.03519219887517977,-0.021922456862075945,-0.03469642553116131,-0.05726314652313938,-0.022552813777922565,-0.04197710722873413,-0.01763779528833198,-0.02203274650221254,-0.030260348934506687,-1.1102230246251565e-16,-0.00012500403769738488,-0.01166979406123081,-0.01499335505472904,0.0,0.000252009329901548,-0.016497832474020924,-0.018656681053461355,-0.06808461185160397,-0.05401421106592025,-0.01946445180150458,-0.019193843140453637,-0.03363591373554137,-0.01893800969801146,0.022606354703049503,-0.030099272124619603,-0.016526883038870788,-0.006705456729790504,-0.026711079400523308,-0.02543297437116021,-0.02610340587955806,-0.02524354511594512,-0.01301770462466667,-0.0003087000091975267,-0.05586151474700479,-9.505867037573612e-05,-0.06897313640581654,-0.035962856058191606,-0.04764617251219444,-0.016733107102892497,-0.0005530481067921311,0.0,0.0,-0.18649298307429674,-5.551115123125783e-17,-0.044813420347712685,-0.03981670936907922,-0.051686933957925396,-0.04637792741162633,-0.038660316115166626,-8.753603292044332e-05,0.030257413753855045,-0.03572810800818865,-0.03964914543060849,-0.051356304318885604,2.220446049250313e-16,0.0,0.0,0.0,-0.0050570816216445325,0.00011854948300366042,0.0,0.00012516212358243406,-0.04910253381565155,0.0,0.0,-5.551115123125783e-17,-0.051006126187417844,-0.026017273671441132,-0.04289331722686546,0.0004087062487992954,-0.030416369569683854
-0.055800349860187226,-0.04846024971393875,-0.023480359306108423,-0.01924296109019874,-0.03847254762460817,-0.03472764250183741,-0.03718494755045926,-0.03264581174914616,-0.04005437005196427,-0.04606659004380864,-5.6028414450348674e-05,-0.011257434159098079,-0.044849697681086875,-0.01199038065890845,-0.07847132575610533,-0.03469271596096646,-0.02720288506975499,-0.02052383202733904,0.000252009329901548,0.0,-0.04625546554784521,-0.060662901264475655,-0.07151487060116782,0.001413749749473725,-0.03770635633499447,-0.06783948693433961,-0.07512392800447065,-0.05143039627803597,-0.040613942130601044,-0.00864136277058103,-0.022267505188531378,-0.05037479497083397,-0.02454308070983291,-0.03897196771461514,-0.02746511249754935,-0.018958328705214078,-0.05181021068644637,-0.003735917980867587,-0.05389613581733904,-0.02501942996857126,-0.04026972373974069,-0.03098616452978581,0.008933911746267842,0.01955436557205742,6.593236457086427e-05,-0.006849559294745289,-0.03370295169555754,-0.04487063904445415,0.0,0.0,-0.042939563889498655,-0.04705867464759633,-0.06487008599744654,-0.019879615585010557,0.0006389239866809726,1.1102230246251565e-16,-0.011635651261739988,-0.05753516334793113,-1.1102230246251565e-16,-0.04388588296235968,-0.0219671068056832,-3.635259587564388e-05,-0.03301777332577527,0.0,-0.04082629286008027,-0.034598778294257504,-0.03552711778044654,-0.047203482865231405,0.0,-0.021960992946466917,-0.04320018406164805,-0.05075010411699188,-0.04978800159146907,-0.03795203119798912,-0.0424702477325124,-0.03012906990052666
-0.03931854011694225,-0.03482839744841698,-0.05404411664231412,-0.000561935030414018,-0.04674944431323036,-0.03589694806874477,-0.06794095296907116,-0.037545357168999594,-0.045231569188855736,-0.028822827248791982,-0.029106619724329708,-0.030065350529970225,-0.05756427325413255,-0.020658162046922834,-0.03853571308344095,-0.04546741676317562,-0.005597943597909327,-0.060990894281281516,-0.016497832474020924,-0.04625546554784521,0.0,-0.04289815276423087,-0.031535766602986404,-0.036449265985368795,-0.0579681460123721,-0.04729197553483022,-0.04051543629947668,-0.044232872406872514,-0.028431820564087606,-0.030233246293001337,-0.037726498664983954,-0.035270756776179135,-0.02883896769034444,-0.03114309017585143,-0.013239086292601565,-0.0292508348882336,-0.02157533591536326,-0.011559064500334504,-0.05725554686046985,-0.05158255526570277,-0.05122593671631359,-0.018854231321338122,-0.05271658620119479,0.0,0.0,-0.07707450300158708,-0.05535283914341804,-0.0712694717948581,0.0,0.0,-0.03727184375095749,-0.03999930329930962,-0.0837152223937011,-0.023912095842108017,-0.02278275128677204,0.0,0.002760545160546801,-0.06572899800496823,5.551115123125783e-17,-0.046123135322501674,-0.04289763848429162,0.0,-0.021692054958225904,0.0,-0.04563440239630001,-0.02404751857011922,-0.04365817776700481,-0.05214742411635548,-0.004051031784026937,-0.048277019370637664,-0.06741887454661466,-0.05710347523854353,-0.05191949334930701,-0.03577993843321492,-0.044811125445394506,-0.051246255149683506
-0.03091284132503025,-0.04989628099393667,-0.038794489794695186,-0.03431131919443431,-0.029039668750065473,-0.041145599667591515,-0.0422632670279246,-0.03420276560225949,-0.03551092968251007,-0.02645107138993713,0.001771164546648052,-0.027842615993574793,-0.04363193300842072,-0.008311562767529923,-0.06707382848363919,-0.02383436160757113,-0.005789738369324504,-0.021010450139510806,-0.018656681053461355,-0.060662901264475655,-0.04289815276423087,0.0,-0.08809502160786115,0.038727686938300754,-0.03209122613774129,-0.0560923923695299,-0.07508265854894652,-0.08595028625237267,-0.03615326377530209,-0.020245164897075008,-0.01272447313194669,-0.03738845024521498,-0.036862464950676854,-0.026708430877874112,-0.02178549220174064,-0.015868167935782607,-0.04111707182053215,-0.012840054755286823,-0.05350228885795261,-0.03606127635102668,-0.041569315512536065,-0.028970999862106273,0.03628315204990962,-0.005109211098131949,0.0002657374509357213,-0.04572227347906738,-0.04224325379012045,-0.019193172166772077,9.637092376613143e-06,-4.369219710326222e-05,-0.03291353253798446,-0.04848364628904994,-0.03505099196000305,-0.04151415814828546,-0.027976905164603716,0.0,-0.0191006990930066,-0.05657463553453379,0.0,-0.04742428080981326,-0.040485231393837084,-0.01981632989122961,-0.037668913119977165,0.0,-0.04322919806165715,-0.0488033598519903,-0.03683077855989825,-0.04656915635947301,-0.02050395916018244,-0.03153337616140739,-0.057256939436711174,-0.045231517055655424,-0.047405213197043716,-0.0366075855781009,-0.0075556430250005024,-0.027231726936236822
-0.04657669494400096,-0.03745037965273734,-0.07819465937499359,-0.018676994088693943,-0.041013524645348465,-0.04547380934353146,-0.036493316039110935,-0.020228908434262005,-0.05683229935993617,-0.01747193437125827,-0.05229507751976609,-0.03358465902260349,-0.03341412650375336,-0.015135070689105024,-0.05470356488240902,-0.04961849320006406,-0.025411367811482344,-0.035738006990347126,-0.06808461185160397,-0.07151487060116782,-0.031535766602986404,-0.08809502160786115,0.0,-0.04724623641449127,-0.041795926487526724,-0.05954177644653641,-0.055377337903556256,-0.03316950711797928,-0.028421808815847216,-0.026842738194093163,-0.020595466200491575,-0.032189901876890636,-0.028164560537712935,-0.02461993917591615,-0.028500990387199887,-0.022707600160577324,-0.03275092063052154,-0.02159523279143799,-0.04369536091690396,-0.04991812846581728,-0.047457698075484056,-0.04179703475103752,-0.018128447737998987,-0.03759175160481404,-0.009680168892574892,-0.016484751967988986,-0.06226535695466373,-0.12467625614873262,-0.033416695145927156,-0.05964596988854959,-0.04753734089969652,-0.049541450846997626,-0.05757726923533685,-0.05103838081840106,-0.024948252005890514,-0.026247203299679778,-0.03552782212760558,-0.04406423537705595,0.00023294422038178109,-0.04875341566848229,-0.05134926456230071,8.843170983163784e-05,-0.029389203227697336,-0.09215895031888416,-0.04190193871085046,-0.02867530735772761,-0.0513792784675382,-0.05643801149106309,0.0003407982028849066,-0.049164359459702156,-0.05770365898657054,-0.05772710797884717,-0.044617411157506615,-0.04483725453317511,-0.04135913992910195,-0.04611991029968693
-0.03512085718267072,-0.03689233610377263,-0.020433093321845508,-0.008708445454657265,0.002963290232907423,-0.021765719850787457,-0.014503767879630758,-0.04683198699856217,-0.025779188607395143,-0.05341086937676903,-0.017084042574474267,-0.0386195469447172,-0.015350138534260704,-0.04641315357629655,-0.04156573854780288,-0.008634503642759417,-0.04710301736620359,-0.02168142502527287,-0.05401421106592025,0.001413749749473725,-0.036449265985368795,0.038727686938300754,-0.04724623641449127,0.0,-0.0034207273817919437,-0.02067315176810769,-0.03512393558970195,-0.007728949212702507,-0.037485720086386176,-0.01131901403396579,-0.014825377909872317,0.05267050176173943,-0.019827824651134168,-0.027907507793090425,0.08827435740238354,-0.0035428883284439605,-0.08962130456075945,0.0013360021256134946,0.04001763748763876,-0.0430479756776439,0.0030622055551056127,0.012892081849687598,-0.011993817479587943,-0.0036665721526623063,-0.005574455924210631,-0.02024837268216423,-0.0360096194402843,0.0,-5.551115123125783e-17,-0.00034928905294911994,-0.005854272346515421,-0.0002993065249431992,-1.6653345369377348e-16,0.0006222285236560654,-0.021032403982039816,0.000457745694119327,-0.03099365584214364,-0.009764499837171592,0.0,-0.0012475280240858977,-0.025350977392814167,-0.024352001070633678,-0.029966406333869322,4.2565265489735715e-05,-0.0008317300789060234,0.026815009409791868,-0.027269419008417672,-0.0010908063251973688,-0.02643631599181384,-0.026418825294695636,-0.03552473540203127,-0.005867248078351706,-0.014701090596754396,-0.02874798991283606,0.0,-0.010600173522134437
-0.024624944363639656,-0.03485783211003929,-0.030345975785093793,0.0005687867353234566,-0.05106459005357805,-0.023317356776565268,-0.044012688925675336,-0.05483084526047549,0.014058748743343119,-0.04638781990918839,-0.017636021304002436,-0.043286502157011075,-0.04505421250575259,-0.009964371567483754,-0.036101499417035166,-0.03605665231447269,-0.04736881653637709,-0.02729194982680644,-0.01946445180150458,-0.03770635633499447,-0.0579681460123721,-0.03209122613774129,-0.041795926487526724,-0.0034207273817919437,0.0,-0.03692507346558682,-0.03080614045183272,-0.03525326974611048,-0.028940784055094648,-0.02082582344002759,-0.02383905960778049,-0.03073343752565938,-0.03203307637980629,-0.030796560165809506,-0.01627187296208693,-0.0031273843227299647,-0.008242740850469776,-0.024364485835896788,-0.04597432591090561,-0.014092437837492533,-0.014490636805786827,-0.030175783509944487,0.009671946383714214,-5.551115123125783e-17,0.02887418193409652,-0.02195033614483677,-0.04156427619461872,5.551115123125783e-17,0.0,2.220446049250313e-16,-0.03173839894420111,-0.019274870430016633,-0.04165773821916374,0.0005478013084431188,-0.016543044917150862,-0.00042642118994956624,-0.03061632752256338,-0.03272854150580967,0.0,-0.03502411377812886,-0.027503910969216283,-0.00987766394907641,-0.02199555747805898,0.0,-0.02614601953718576,-0.026616620990879802,-0.02611559254628798,-0.044823922659902427,-0.020872886758228515,-0.026884823183252304,-0.026704962192114656,-0.04195215350280307,-0.028592146757570436,-0.03284027179963023,0.0,-0.017525215526583204
-0.030670346652346137,-0.03943468857396665,-0.04371272807974785,-0.017334659190983315,-0.004699237524561306,-0.03431395056001224,-0.02875313021906989,-0.0482615131832575,0.026039857505703923,-0.03758326474963014,-0.012862496179070537,-0.04044717571065404,-0.026741382496855315,-0.0221865295121757,-0.09440942129186347,-0.04520694899856348,-0.04998911752387736,-0.03140161610142722,-0.019193843140453637,-0.06783948693433961,-0.04729197553483022,-0.0560923923695299,-0.05954177644653641,-0.02067315176810769,-0.03692507346558682,0.0,-0.07789575725491726,-0.018565954614284674,-0.0315947061420373,-0.02601082973362806,-0.02731931085340078,-0.04291274382307647,-0.030065344587560938,-0.03394241984876151,-0.030724198398807523,-0.028282808559255135,-0.06508564090155228,-0.01669632514560554,-0.055856951186088355,-0.03172116691604465,-0.03567072694334311,-0.04793309697581516,-0.05902958519888141,-7.724213588705675e-05,0.012097177685665927,-0.03514030709526894,-0.05455800249441456,-0.028452931843018003,0.0,-4.4664926031501295e-05,-0.04280359777260878,-0.0398004741013836,-0.03617180118193103,-0.029620542131220673,-0.02894222744887398,0.0,-0.04362969510173098,-0.044785904325088166,0.0,-0.06341376149890715,-0.040898775348373606,-0.017816012178728968,-0.023742429928762354,0.0,-0.04334597931967349,-0.06580154437312413,-0.05650652065652517,-0.06606366889615467,-0.022530245627848555,-0.03040536020802187,-0.04591603274756545,-0.05207126736423057,-0.0405552753934571,-0.048321072495202344,-0.0005261033403279325,-0.02618745661700833
