0.0,0.4793144436101605,0.21433303546069332,0.0,0.30634575101679123,0.26040892697642365,0.26899491476561793,0.19174233468277396,0.26616524644913453,0.28798607171711044,0.24066545632017083,0.3853869071571627,0.3322477509919025,0.2816007582456693,0.2389245402439913,0.4740674245547888,0.22911664580066385,0.41063814273913024,0.0,0.2358621141173456,0.20447961110892943,0.3742502470442798,0.265816760809157,0.39583910381076626,0.35356008378069315,0.4434040467497422,0.2340407151229966,0.28653934297529293,0.3110073716181737,0.3622788865176308,0.3703753005219076,0.4696064156452053,0.2352149405298663,0.22098842106851901,0.24396934904906403,0.38842711552280274,0.4988784572581493,0.08809351805518506,0.19264726039296248,0.4875940106265708,0.40120661958244386,0.0010191961755338097,0.5090667153871083,0.0,0.27162051325583386,0.6332502311820064,0.3609107454367765,0.0,0.0,0.0,0.4327247124193315,0.0,0.36354662318373193,0.0,0.4892757701494563,0.0,0.40474155640549486,0.41811278407886143,0.0,0.5401300449590045,0.4305599273793532,0.2798350383057241,0.3859571594037356,0.0,0.455560389345367,0.6450195656645457,0.3723591083849356,0.43974743729433335,0.46589397716154896,0.4614684411772486,0.4003803103343446,0.18573060633473826,0.4574853805776037,0.4158818357423417,0.0,0.4582774587888148
0.4793144436101605,0.0,0.25878698235537634,0.4019645829768155,0.26658400235147134,0.3732080348561686,0.2786122252402888,0.39719685257892545,0.23450023797258365,0.16496285710592173,0.3116149516851974,0.38704804958241107,0.26077186084491333,0.2642328228612429,0.2417715465978853,0.4399581189202842,0.05971388320652393,0.4201053931532874,0.44332124795025807,0.19223561191719418,0.4028319825949841,0.3101912621446074,0.3977750478356604,0.314525469619535,0.3540600725007722,0.3001500517327548,0.20491194114741096,0.2511035057446741,0.28847227074710924,0.08757545099160177,0.3511314872952029,0.28612426322749146,0.19404428367638268,0.28130776337661784,0.3925422324640081,0.3008050346026197,0.05843502352104419,0.0,0.05386268480809711,0.36152475499272324,0.2076577689307827,0.14900272475505982,0.4919004462215454,0.0,0.0,0.3561322653946952,0.2527890813177129,0.04149272262234851,0.0,0.0,0.32154009886036305,0.2892058905278498,0.41788986251609894,0.3739739305501578,0.18158886692219456,0.0,0.2960990938222539,0.22642961891516603,0.0,0.194118887270294,0.3130309688133995,0.297423618560948,0.3609820152144275,0.0,0.2978761504660987,0.37452971021134474,0.2575475563000582,0.23088237717087662,0.09704564336416902,0.316008940504709,0.20989498829468273,0.24163794366760974,0.13065305647620223,0.27863804247293955,0.0,0.3319726733040057
0.21433303546069332,0.25878698235537634,0.0,0.3964564880827187,0.2906152819314111,0.35046207244993216,0.39300657814254764,0.46445686571116485,0.18738438870639754,0.42294930914978546,0.38507928884212617,0.4751268162542219,0.37736595009785245,0.40015866304117936,0.0350038319038945,0.2272102417780542,0.5466928435147569,0.3603234379634662,0.3122427295820419,0.2866141223148123,0.26298150583075836,0.3234778873465788,0.12046636685353046,0.40702218761506515,0.37510914111908805,0.25463974452698684,0.24417184165447603,0.448626738986903,0.4299853230162821,0.2907320665872637,0.544616087424264,0.45776749145355056,0.29142617081769107,0.48823909511910957,0.3969037603536451,0.4446732904690626,0.38624221829257976,0.3539753379421813,0.5875614476286912,0.47480281185393636,0.4933270496425042,0.22487985284397807,0.24926548781275343,0.47326405509917774,0.0,0.0,0.43416101736971363,0.2005773073557719,0.5106529414897787,0.26770312079650427,0.3808419486144996,0.4059598827029089,0.48577418496504937,0.6440891592527436,0.46894120209697576,0.49473449561674726,0.43701888102170694,0.4570858456956902,0.30743018786177234,0.40095308803700525,0.0,0.0,0.0,0.3345530202773657,0.39725100465541086,0.5740686190026689,0.2889052428635974,0.3254147420867908,0.0,0.5858586334027136,0.21225323511666372,0.37256957445248334,0.4156253303579266,0.4338922713811978,0.5323085280864179,0.2370161785625786
0.0,0.4019645829768155,0.3964564880827187,0.0,0.41758741837865554,0.3539745708232016,0.42426768894345807,0.5244758789018622,0.5117527238647486,0.15991030898572112,0.6420485748505056,0.26460430348545105,0.5124215514044216,0.7574524645731984,0.4412477621287008,0.2713702397893266,0.4642236362077843,0.5097554164420534,0.47721289027235203,0.4715388694715059,0.4823094698644948,0.3274027022520283,0.4732522426574086,0.3035017554673144,0.8620208660520516,0.41672307836335637,0.330923020228426,0.43415347233685697,0.24489881638380842,0.48236615830140306,0.8604470749895368,0.5412428262687785,0.1619024841816618,0.28306790226207323,0.5432153204257265,0.43930539584731276,0.37415317698664474,0.5706321513036899,0.2700600336723409,0.40988121269326006,0.42101680255539653,0.39832165069461906,0.33232524852704276,0.35712060456217903,0.0,0.0,0.0,0.47304662385922636,0.0,0.0,0.5115587608176019,0.0,0.48552099913482205,0.9271629429239188,0.0,0.22340132632290072,0.6474381069175232,0.5039082351495563,0.0,0.0,0.0,0.0,0.0,0.0,0.0,0.0,0.5164919877899112,0.33384734399427407,0.0,0.0,0.0,0.22582038051150008,0.42990072762931786,0.6627795678082544,0.0,0.0
0.30634575101679123,0.26658400235147134,0.2906152819314111,0.41758741837865554,0.0,0.11021807054348878,0.2836649789825525,0.3362411207354923,0.16552231339192242,0.6498382252230244,0.26922103734306957,0.5432588026797516,0.4108726265916933,0.4681317384694794,0.28239557165617646,0.34128650890494105,0.3456713091890383,0.2390968746652072,0.2621137602443782,0.29109880136583877,0.290494359861542,0.34247601097718183,0.2568820665198923,0.5705789982945857,0.23442841299901498,0.5195116538157435,0.20884254555773102,0.3778012404256286,0.29707585696937244,0.30096267623214856,0.5366428275637187,0.22582287340021334,0.3442516467389912,0.42276298614110497,0.7282020652007659,0.3544629196924359,0.4220222798281612,0.595826819416309,0.4613079740182572,0.8030744476614281,0.27277711307991004,0.6600216291326562,0.39738267947250194,0.8412294105097243,0.38315129782477564,0.0,0.17063060840917513,0.33929065581469164,0.0,0.35022689358383297,0.26893698552122725,0.3575495616599832,0.34885422964341056,0.28684324452746346,0.0,0.460500746140842,0.23272167107094108,0.31016291559222353,0.32831799359385194,0.34099636029106195,0.4842847501438602,0.0,0.0,0.4534653921936893,0.19178537972907422,0.4985780078182701,0.26016477732314836,0.2741433154698899,0.0,0.4757498605684146,0.37547349753802906,0.2875809206633634,0.363408753268215,0.33900103002262594,0.0,0.45572467923286053
0.26040892697642365,0.3732080348561686,0.35046207244993216,0.3539745708232016,0.11021807054348878,0.0,0.21198709829729284,0.39760868930863286,0.22309700953515765,0.5003626190624222,0.2705357506497724,0.5617777928024648,0.3254642195690245,0.3998830096196083,0.35523190635318974,0.2975057851979056,0.4372102176424377,0.43390143274808846,0.40326005339814947,0.26657990686555677,0.36915847062652063,0.21092869700012667,0.2747575161323087,0.2947323654836449,0.3819352370185288,0.4133901930346703,0.34170806678212207,0.5234378575422384,0.39397031384250886,0.39134584368602343,0.5391216507541099,0.3495362732387917,0.5431853164905281,0.44092703848314285,0.46545366254645226,0.44945747340179504,0.3879215605600428,0.42388478475839986,0.26937897820282075,0.18289445264273776,0.1957552553644131,0.3226013068868152,0.6605785899225575,0.531855141956245,0.1437112243644952,0.38472059548680715,0.30921474816619,0.34242139105967584,0.41937411027188176,0.3132305806160788,0.3854526686968045,0.3931993130240531,0.48277863045508024,0.475332658712843,0.6127837930898284,0.508414858621956,0.29203157548816994,0.4408543501150842,0.4914607106959482,0.3341706676128851,0.3615269837132298,0.0,0.28120701230184264,0.43120660058025584,0.3349390103822711,0.3507441443291204,0.40594065598065543,0.3346981535949515,0.5535649382848957,0.33109456819418537,0.36026243515066303,0.3405695168295434,0.40052051837530434,0.36485173066799514,0.2907115488447999,0.40581564797471104
0.26899491476561793,0.2786122252402888,0.39300657814254764,0.42426768894345807,0.2836649789825525,0.21198709829729284,0.0,0.3120872741767588,0.37289586408320624,0.35245246910280353,0.44340929965736164,0.3088845350746142,0.3505309914415345,0.36024061716284916,0.3883972399766037,0.24622795694728222,0.3803829418844649,0.23357138012605472,0.45531433711826397,0.27679002573408495,0.061941649870887905,0.2911242751299482,0.33338474332237733,0.4587789005545861,0.2709211259314791,0.44085452153428734,0.23077745273292344,0.34638620658502617,0.3425574970893118,0.21902518575342983,0.3856049756181843,0.47873847930575286,0.3577803306168084,0.21028003361738817,0.32130304624302947,0.4392823788843697,0.4209514904005145,0.5553919915843277,0.23979296673937778,0.40634283023159296,0.19463964519535767,0.6732490710230477,0.08876246520105144,0.7988436254273633,0.470082100637388,0.0,0.19243855882298597,0.340653261163519,0.0,0.5115189777748598,0.37298797261301797,0.3963150448086404,0.46843331596001114,0.5490926883722642,0.6100967472041225,0.4221556114467631,0.5719656846228325,0.39778185899833796,0.3756664447494027,0.17023367796006256,0.23879910874547816,0.0,0.5202363998362582,0.4112523764181062,0.462316007537026,0.3986997528021059,0.19767902526093828,0.3753490833734596,0.5130074261951552,0.43733530657986186,0.33148220447964805,0.3611126507027924,0.3863840578632817,0.16241624978365965,0.5182880067347342,0.3260476908237764
0.19174233468277396,0.39719685257892545,0.46445686571116485,0.5244758789018622,0.3362411207354923,0.39760868930863286,0.3120872741767588,0.0,0.46748694692189935,0.2563416242283039,0.5571286574952798,0.33006930298213827,0.3564857752974253,0.672073190774586,0.4233991493276015,0.3361977746724334,0.3370941327484348,0.4259974253198525,0.45389996432319607,0.294134155742129,0.33217516991831675,0.34382015754666606,0.49150950494909895,0.14056680244465058,0.28473382024036636,0.27139195230604524,0.31812895638224503,0.31602675949744463,0.42912811422743036,0.38843187289077996,0.5753457722831425,0.061257694708498234,0.4242781898274733,0.47223724536219763,0.43341040271175235,0.10698107655203729,0.015508362043433283,0.3918954299337887,-0.06757846160934639,0.27371870506164075,0.22971172730753958,0.3734621594100088,0.5127422691641828,0.8888055036976638,0.0,0.44873143115916886,0.1388939086440084,0.3771182410894153,0.0,0.4771216637520051,0.4430638467919076,0.41181678225187784,0.48586287561953195,0.4692543494129867,0.6962209254051468,0.5447981673082078,0.9484295503988673,0.4152900857689648,0.46094667677430023,0.37003239630165985,0.15777727533777847,0.0,0.594784054201269,0.6090891016534592,0.4732927358261779,0.6015121682656324,0.18410870461777462,0.3526103573255527,0.0,0.18659744275936657,0.3471615667996624,0.283206741322953,0.37989631709586696,0.41956184119990847,0.27747269317492845,0.27439796392921906
0.26616524644913453,0.23450023797258365,0.18738438870639754,0.5117527238647486,0.16552231339192242,0.22309700953515765,0.37289586408320624,0.46748694692189935,0.0,0.5106281240252993,0.14939840850317618,0.4836622622651672,0.32936889488062115,0.4540951075932672,0.36508624588511424,0.6423729725582048,0.3914231022197174,0.5701994375683365,0.14278957652448185,0.26033658478053456,0.23550905721540527,0.27817154872539207,0.27502141219457066,0.4426102455133606,0.5996246295903481,0.7939737674314206,0.3432412142754467,0.5067001579134391,0.3440442566837903,0.3910827017355404,0.5386106453795101,0.5526483390591348,0.4960442609302501,0.5087846019963449,0.4319762015751772,0.48580966590404506,0.5040916878451684,0.5545466673434982,0.30324211905919185,0.4400345769092323,0.2878589198871322,0.17434806385322305,0.5727682880775556,0.9261576737398819,0.23650875187621165,0.0,0.19373364031645193,0.40465625373725866,0.4932504898895038,0.46582543453042524,0.47251746074294937,0.5148973660993361,0.5110074420316131,0.4391725942085296,0.16308053999840608,0.5637983942978522,0.22275821629589462,0.44239500382346647,0.34466539572197774,0.27163681143694385,0.40171743214906547,0.0,0.0,0.48817328001276183,0.32391783005048486,0.8848113946226996,0.17785466039909714,0.45038115824092373,0.4565514957796505,0.3536489082646968,0.07757393121196157,0.44591783893460135,0.4274338064946917,0.4308551081645646,0.37109846639867494,0.5689380200663988
0.28798607171711044,0.16496285710592173,0.42294930914978546,0.15991030898572112,0.6498382252230244,0.5003626190624222,0.35245246910280353,0.2563416242283039,0.5106281240252993,0.0,0.5431607419875761,0.2552321313039328,0.3444284400825316,0.6052017647337433,0.3676084852034602,0.37973342031370766,0.33698607662502184,0.1919054521240221,0.4840330341091612,0.1567910965360846,0.530355989615291,0.30467447732309216,0.43325602277971115,0.1608061202962275,0.4562160636684912,0.41864419025788097,0.36943961101042955,0.5648142181521905,0.3919597009874611,0.25805948281930785,0.47970531220134277,0.11490117269076103,0.34901316960259676,0.16314960907035075,0.3580954816804856,0.42623954308743983,0.45064282133300293,0.3107290533201973,0.3040692551547086,0.3373253316285637,0.36305490492043335,0.034007287299781086,0.28160369053154954,0.26110180102140734,0.5845298125062527,0.7058761643830462,0.3886365217649284,-0.08978993791285747,0.496876821355959,0.49435736181817935,0.31695862955393506,0.43403302157533785,0.6693653645608655,0.839241151242874,0.3618744465786135,0.15855181714408773,0.3311477060885826,0.4408478437145822,0.0,0.6701825639464364,0.2677133154954012,0.33586336000168937,0.3437417996608991,0.48319694618326975,0.5104954384241519,0.5395322959990935,0.42646843734684625,0.42555028218369795,0.25816722151529553,0.353254161986132,0.3318611055560613,0.46347735807984797,0.4330408002034624,0.3152878413275732,0.0,0.4192721393755492
0.24066545632017083,0.3116149516851974,0.38507928884212617,0.6420485748505056,0.26922103734306957,0.2705357506497724,0.44340929965736164,0.5571286574952798,0.14939840850317618,0.5431607419875761,0.0,0.49426555170479525,0.43138438632488785,0.5375697573630819,0.0,0.5102324910732936,0.36013664587366695,0.361328776206707,0.2373240419531789,0.4836091531135989,0.22810758377725276,0.4504211062555779,0.24197343303655153,0.46862955692486363,0.49109984766274384,0.556645516441773,0.513610611743053,0.443485645477342,0.2619679658051217,0.29489624909213463,0.47708847430495926,0.27569660046272826,0.4730495941464399,0.5029637748864574,0.4010901290172785,0.560315845712974,0.6241459009042933,0.5390256445928484,0.3750581576098029,0.3402837204774058,0.3942637732347598,0.35628083844570896,0.42913978087834664,0.5380372802810346,0.19677811378306748,0.0,0.0,0.39841481396188144,0.47390990110648734,0.33910131356867057,0.3893103968691952,0.35918506504552095,0.49619984084791885,0.5589152721214499,0.24436350104325336,0.2116241922766738,0.2837435125517386,0.48219561574753655,0.26974829479924584,0.0,0.0,0.0,0.0,0.28603868867911963,0.2720745236214033,0.0,0.5806334484981626,0.38932820779825394,0.0,0.0,0.9677813203703881,0.4507377798853808,0.43095211993342664,0.18315040100296026,0.0,0.3338624890166345
0.3853869071571627,0.38704804958241107,0.4751268162542219,0.26460430348545105,0.5432588026797516,0.5617777928024648,0.3088845350746142,0.33006930298213827,0.4836622622651672,0.2552321313039328,0.49426555170479525,0.0,0.35787451408377335,0.5568572477514304,0.6040139662044208,0.4277714049663559,0.2834832391972566,0.47781210048836775,0.5320246917699472,0.3795772627489221,0.42776532337872875,0.29425646424610424,0.31606752665656646,0.22529944385156525,0.3881453711963263,0.3541502486829664,0.4168746639306816,0.6064265770250036,0.5302793048855676,0.12049195406324306,0.31971510036012524,0.20228319619982965,0.43384036583139196,0.3422611191024284,0.4325829457866356,0.3363325744957509,0.30702519363789993,0.3153318368974291,0.3930066211042744,0.31329687259803485,0.38500781975831394,0.34526424213747425,0.2464865655130214,0.6670758460669124,0.5718004768295359,0.27689785782853127,0.33252295366432055,0.3660020514098802,0.36760625159555826,0.7024427372416028,0.34790795716631107,0.8229462268331137,0.36462513391086293,0.4593086628675056,0.29257760775754577,0.1815341518690009,0.3419650657652199,0.4925603340202591,0.56207585824167,0.5644401157001326,0.35639776850253,0.3427476961770795,0.4181483116177157,0.5143122453817576,0.5285113982936228,0.5982193506204998,0.37775506945934545,0.5446901184466,0.18503823528050414,0.3806631208545193,0.2961389730337601,0.1987824283547844,0.679427101337597,0.4220617382493579,0.0,0.45603310546569764
0.3322477509919025,0.26077186084491333,0.37736595009785245,0.5124215514044216,0.4108726265916933,0.3254642195690245,0.3505309914415345,0.3564857752974253,0.32936889488062115,0.3444284400825316,0.43138438632488785,0.35787451408377335,0.0,0.5086948174707608,0.18101085322621152,0.23293689946945445,0.3069975944729536,0.3133066925645601,0.4796541062223017,0.26342870587276845,0.18561954774456962,0.28780454968156366,0.3867138632165056,0.3649548186721381,0.29960762402908914,0.4562914588148829,0.28637385977809904,0.20604553915718002,0.3525253934078729,0.4388047811125387,0.27644827993737564,0.46517048234143643,0.2564657809544561,0.24029405587335229,0.3954737568454724,0.5698792047249936,0.5015245187409201,0.39522601149665326,0.15992897349197943,-0.0014452068437940668,0.25771776562479587,0.34557922178840594,0.43857334086975586,0.16466897528474664,0.34192196447431344,0.3607397649833479,0.28281674789224975,0.43641552113360227,0.0,0.5226510366415471,0.3570783967047411,0.3933952546254954,0.3703472125449814,0.5550316879865398,0.4872867113053265,0.5641928357275796,0.3361142178377431,0.31802086163629756,0.5268334688365158,0.4110201714517395,0.10428150245395873,0.3828199047601296,0.2251102593329496,0.4949925686801264,0.2771976630319214,0.33807629374734705,0.31104302026135894,0.3420710719865937,0.5173957904517437,0.27392169023822416,0.17980691154835393,0.34149007591864194,0.38854486310759306,0.19811986046602034,0.21792087631537202,0.10470830155298433
0.2816007582456693,0.2642328228612429,0.40015866304117936,0.7574524645731984,0.4681317384694794,0.3998830096196083,0.36024061716284916,0.672073190774586,0.4540951075932672,0.6052017647337433,0.5375697573630819,0.5568572477514304,0.5086948174707608,0.0,0.2503459990400145,0.5697197811582468,0.4826324538794627,0.5054407126116123,0.43890853471168556,0.36079589452238264,0.4301821918327314,0.1524053933199489,0.5321374777894841,0.4686892718193524,0.3852311657351427,0.3336533881747798,0.5586666072996623,0.5445720650178584,0.2300449986547108,0.4344482235196534,0.3559767482854218,0.19396450164406215,0.368121687757467,0.6023813115627438,0.49281908404216607,0.3528085102717989,0.34290095741107707,0.8618033200409377,-0.08888504803546998,0.0,0.6383068396818778,0.6956019201015526,0.6446162444040877,0.5101877055237595,0.0,0.0,0.0,0.26590074060524405,0.0,0.31303515735305076,0.4059148996800581,0.38775149710296325,0.5883851754372835,0.3523186998434319,0.0,0.547399230113417,0.37953972108222495,0.5047197928401307,0.30677229341198087,0.0,0.0,0.0,0.0,0.3871283914193354,0.0,0.0,0.0,0.4767088068669112,0.0,0.0,0.0,0.4020150942117329,0.5022606807881294,0.0,0.0,0.0
0.2389245402439913,0.2417715465978853,0.0350038319038945,0.4412477621287008,0.28239557165617646,0.35523190635318974,0.3883972399766037,0.4233991493276015,0.36508624588511424,0.3676084852034602,0.0,0.6040139662044208,0.18101085322621152,0.2503459990400145,0.0,0.29783468091616816,0.1866873568456568,0.38353806549679115,0.0,0.20453784405687903,0.2649654837216494,0.1213471199642901,0.17083496070788767,0.26252505013030025,0.3021951364601892,-0.00496919543837937,0.29059067359467516,0.11894732096018176,0.13569500173541355,0.2391944241045366,0.3037140055805027,0.1316485429175356,0.4588915470481664,0.2712936937917703,0.3528231023905499,0.5803910876166541,0.12759681135864215,0.3827702929039247,0.16753710888495793,0.2979958551336488,0.26806687524777506,0.25109629178389364,0.3859757915755513,0.6392862139040718,0.0,0.44117927012824715,0.26626095983285797,0.2540330782014524,0.0,0.0,0.26747467164218564,0.6371254195649996,0.24673062705761223,0.39442361163777895,0.0,0.0,0.6428157377489172,0.25385597786578235,0.486110939810419,0.4559621939179932,0.32750813144128377,0.5971330699629852,0.5504128861804121,0.0,0.5934573583053049,0.3040995445113687,0.5339560660089876,0.6087752187582667,0.5047639030864283,0.4832657363080455,0.24411059721768913,0.42677634773382067,0.2467300046622057,0.3283642194977596,0.136180129479808,0.26263976643189657
0.4740674245547888,0.4399581189202842,0.2272102417780542,0.2713702397893266,0.34128650890494105,0.2975057851979056,0.24622795694728222,0.3361977746724334,0.6423729725582048,0.37973342031370766,0.5102324910732936,0.4277714049663559,0.23293689946945445,0.5697197811582468,0.29783468091616816,0.0,0.4134704868128581,0.6080378831924891,0.46535657006736597,0.32527659865361946,0.34110607004158444,0.43696577264188863,0.3233178981933688,0.5892816202872295,0.43557610989835216,0.3278352722096269,0.26122198572731764,0.193106646142178,0.34150383901852027,-0.10170405787364878,0.5661206417958449,0.09095546902631957,0.06179466187765181,0.1956686834195121,0.33421387939888003,0.6202227390773567,0.19103262764488982,0.2726441239297213,0.25762825462373523,0.4043803674041604,0.34779079017873504,0.2990216266486559,0.5109136168041616,0.0,0.0,0.3885077890948243,0.39035132371143627,0.0,0.0,0.0,0.37588830238053716,0.3869778165300952,0.6193385805108573,0.0,0.3954445446297408,0.0,0.23678799923931637,0.3354078179190985,0.0,0.4327929673303209,0.43617735004860675,0.4103976257849361,0.4942844841532161,0.0,0.38313356076693816,0.3752820603763218,0.3290791805311678,0.44923915258865754,0.10222094790273223,0.5037926483542897,0.45238013352470663,0.48547745499108486,0.36390356453327727,0.34511016772688835,0.0,0.2521394245992702
0.22911664580066385,0.05971388320652393,0.5466928435147569,0.4642236362077843,0.3456713091890383,0.4372102176424377,0.3803829418844649,0.3370941327484348,0.3914231022197174,0.33698607662502184,0.36013664587366695,0.2834832391972566,0.3069975944729536,0.4826324538794627,0.1866873568456568,0.4134704868128581,0.0,0.3922048202003008,0.5996792793671493,0.2598921590819587,0.5232737077391637,0.5777515916944758,0.23445260510865593,0.296606682573317,0.31910349127994575,0.24889672143590272,0.439410722958233,0.6445852242947235,0.24411097581650543,0.42838277400925096,0.25786513951229734,0.21647031064283384,0.3773216719423134,0.27601461346669676,0.5169526477185117,0.42463032551557045,0.3913883217459365,0.22792002804883257,-0.09603628212103976,0.2693165209786308,0.362051773811639,0.4520654595662022,0.0,0.0,0.33891589124663235,0.5193661444761984,0.5711559944739282,0.0,0.0,0.0,0.0,0.0,0.0,0.0,0.32236606912174537,0.0,0.2692465938841917,0.273852370052207,0.0,0.5585051285530495,0.259025475765455,0.386260471589725,0.3012707499166727,0.0,0.0,0.0,0.6943685915718871,0.0,0.3340303086297485,0.4565353450573899,0.43442437987699173,0.0,0.22968658027580405,0.4902542180617251,0.0,0.5059661546854699
0.41063814273913024,0.4201053931532874,0.3603234379634662,0.5097554164420534,0.2390968746652072,0.43390143274808846,0.23357138012605472,0.4259974253198525,0.5701994375683365,0.1919054521240221,0.361328776206707,0.47781210048836775,0.3133066925645601,0.5054407126116123,0.38353806549679115,0.6080378831924891,0.3922048202003008,0.0,0.4715599461838956,0.39229478408897633,0.23360163570048387,0.40710094787351786,0.4153693259077366,0.47321272506151585,0.47317658636933263,0.3805361758633707,0.3610520831987978,0.2622342922937373,0.3568688573651606,0.18912941345726858,0.3826295970422085,0.1724924671587289,0.3779362907144441,0.3825542085175577,0.40050729969014287,0.44546168047280305,0.4271568323562772,0.30439181048702013,0.19142410825396144,0.4828936304507948,0.4101443984336408,0.3366469436647709,0.0,0.0,0.2761289978601804,0.4689375409101997,0.4120581698900406,0.0,0.0,0.0,0.2890190878017981,0.5308933523639343,0.5959612014372455,0.0,0.6230047493651121,0.0,0.42890043126662547,0.46451759998353487,0.0,0.5409927173826876,0.44217342443050267,0.5647714413597682,0.44497008810884653,0.0,0.3783043920225931,0.28863353531688496,0.37432064476354,0.5756112873359296,0.4546935900086789,0.45271445849502406,0.5073864189449137,0.2182918195453991,0.4198717882798766,0.22381676629147396,0.0,0.5736983987293708
0.0,0.44332124795025807,0.3122427295820419,0.47721289027235203,0.2621137602443782,0.40326005339814947,0.45531433711826397,0.45389996432319607,0.14278957652448185,0.4840330341091612,0.2373240419531789,0.5320246917699472,0.4796541062223017,0.43890853471168556,0.0,0.46535657006736597,0.5996792793671493,0.4715599461838956,0.0,0.49672246908858775,0.42173615083431676,0.4231591118484151,0.21285146246541517,0.142885263415033,0.4630074066335147,0.4651389796419518,0.36490445186698584,0.5348166435473627,0.7125068988218873,0.49054622630731476,0.5379694476042375,0.6036433548101908,0.35911046062343793,0.4891291903697904,0.3949324436472641,0.5303005313045617,0.48301244000683324,0.5320490525898072,0.41113034703654694,0.4433372935365213,0.06011550218221162,0.15551930179976028,0.4690700288895677,0.4184058753194484,0.00720459891157574,0.0,0.0,0.2434744642626986,0.0,0.3697055643964,0.38492775519723926,0.3644695593790249,0.4183617442673201,0.478190544096746,0.6061396531101448,0.6782197804612204,0.20389454882283325,0.3709053931750442,0.2598964749089703,0.0,0.0,0.0,0.0,0.6846457940767641,0.47644591795142593,0.0,0.48432737556102,0.4325863539489381,0.0,0.0,0.0,0.3919152992982362,0.466635618877045,0.12948512957643943,0.5018548258225092,0.4421845706899594
0.2358621141173456,0.19223561191719418,0.2866141223148123,0.4715388694715059,0.29109880136583877,0.26657990686555677,0.27679002573408495,0.294134155742129,0.26033658478053456,0.1567910965360846,0.4836091531135989,0.3795772627489221,0.26342870587276845,0.36079589452238264,0.20453784405687903,0.32527659865361946,0.2598921590819587,0.39229478408897633,0.49672246908858775,0.0,0.24947084099083494,0.04944128458143937,0.24220603884776723,0.6051109198981424,0.2630084819745382,0.07336613907207229,0.08170893468296866,0.20870519661976183,0.27639212631968635,0.605104157542931,0.3805900366682069,0.12466419267288584,0.2912434537435784,0.2388200887852743,0.3933357157794829,0.6328207251978678,0.13780285028724115,0.6849507390908469,0.1590639162775355,0.3639735479705116,0.350667035329301,0.3123306307208886,0.6027031687152198,0.4897677291544724,0.35253657207013095,0.5752929957151081,0.32679493215497696,0.32897601763824214,0.0,0.0,0.24454791588972968,0.24798172931613072,0.26693116856594956,0.3696483061755037,0.8520254378228049,0.0,0.4462463518321729,0.22183156832491602,0.0,0.32194962794273707,0.3802037345333378,0.5097072982942081,0.3395583721007671,0.0,0.30781494994255104,0.31762568754028114,0.32930264796049596,0.315505927799059,0.0,0.394763130028486,0.2105714969974925,0.23827812552646174,0.23352958607497343,0.34374805480643167,0.26472851078900855,0.3773834669842728
0.20447961110892943,0.4028319825949841,0.26298150583075836,0.4823094698644948,0.290494359861542,0.36915847062652063,0.061941649870887905,0.33217516991831675,0.23550905721540527,0.530355989615291,0.22810758377725276,0.42776532337872875,0.18561954774456962,0.4301821918327314,0.2649654837216494,0.34110607004158444,0.5232737077391637,0.23360163570048387,0.42173615083431676,0.24947084099083494,0.0,0.2428592859219266,0.3983685783635969,0.2816028429342039,0.24444297165064638,0.32682049642334754,0.34555137745613107,0.23831197332019236,0.29668485590932125,0.35047558997130795,0.3105830286303908,0.17201268963790442,0.309783839503613,0.25279266008470347,0.47657899528379133,0.4469551142798838,0.2603590586518223,0.5256371593527426,0.15558729184681933,0.21546345478960516,0.1458018127401024,0.36664453475259745,0.42107213090417095,0.0,0.0,0.28934699093096156,0.21530986276195935,0.02051635457958556,0.0,0.0,0.3540372562691121,0.272125022310196,0.3844385653343022,0.4056060195911033,0.5895816814742394,0.0,0.82203758972401,0.16760836968996162,0.0,0.29569870077049626,0.2944457535235613,0.0,0.4344250381659924,0.0,0.32284963890210483,0.542658074960594,0.32216873520541245,0.3130461811883324,0.5368006511974642,0.21664412108748415,0.29950827268605645,0.262701699343603,0.2765346331068832,0.40722702908059555,0.2277407488530332,0.15425629440871902
0.3742502470442798,0.3101912621446074,0.3234778873465788,0.3274027022520283,0.34247601097718183,0.21092869700012667,0.2911242751299482,0.34382015754666606,0.27817154872539207,0.30467447732309216,0.4504211062555779,0.29425646424610424,0.28780454968156366,0.1524053933199489,0.1213471199642901,0.43696577264188863,0.5777515916944758,0.40710094787351786,0.4231591118484151,0.04944128458143937,0.2428592859219266,0.0,0.18605042804200467,0.7532935318010581,0.43213462043297046,0.20138553279744947,-0.046547765200860736,0.08285210148254502,0.2866852119251794,0.5303868228132856,0.5222671118429068,0.2866503777929026,0.2342235197879857,0.3858529145275679,0.4715866756248952,0.5405853171249821,0.4535058667229362,0.43761664833084285,0.06519090585265694,0.27060744913038437,0.25275121320731625,0.3173018740749462,0.6849853713876841,0.2944324087156995,0.3981352983644118,0.2766079320862854,0.30625227603742955,0.3939111185020708,0.4931897075592464,0.4001394370464951,0.338624201583842,0.2801646366364171,0.38931209112848475,0.2557254136623225,0.19632310631307384,0.0,0.41801777386227007,0.14982409508930727,0.0,0.34794941678216695,0.2653194707939319,0.3339039829247632,0.23102623909565623,0.0,0.23543938248739435,0.2843559300228755,0.3465875304095061,0.30190579505503423,0.5131873789483763,0.2668442393845128,0.21582743510523844,0.21430457966148042,0.2335291451109116,0.2922691420015619,0.3849687653618061,0.33774179259634585
0.265816760809157,0.3977750478356604,0.12046636685353046,0.4732522426574086,0.2568820665198923,0.2747575161323087,0.33338474332237733,0.49150950494909895,0.27502141219457066,0.43325602277971115,0.24197343303655153,0.31606752665656646,0.3867138632165056,0.5321374777894841,0.17083496070788767,0.3233178981933688,0.23445260510865593,0.4153693259077366,0.21285146246541517,0.24220603884776723,0.3983685783635969,0.18605042804200467,0.0,0.24267444766243979,0.3741277320878883,0.20023923652402312,0.15390366414830134,0.3225948662228575,0.35696559408820083,0.3796807767157192,0.4520274388793656,0.33447017244217986,0.3772221939640422,0.41087614851532933,0.4151942625744365,0.5243724185366649,0.3649551514898427,0.2972490832525625,0.3958901286066556,0.30941282054398245,0.32803391744664334,0.3810083063059948,0.6129083974163931,0.4677424713926359,0.41531101821634814,0.43402344520337754,0.26578949682375763,0.34641312327310214,0.17190942887342908,0.3561982993055784,0.364357305668488,0.35853233673990637,0.37639725500645693,0.47252036711768564,0.48047639355917515,0.6412035384301475,0.2437279047019773,0.3579121241143203,0.6934454175411096,0.37021920853713386,0.34808962723637604,0.5104954384241513,0.4271742019948187,0.4874193737956602,0.3855823694198237,0.5022140590287998,0.2962420781495148,0.5167727241619255,0.360775532319099,0.31446599355961957,0.23951263278342386,0.26448669629942667,0.32620285041850117,0.3622164973928126,0.40149825278849816,0.3680694638003812
0.39583910381076626,0.314525469619535,0.40702218761506515,0.3035017554673144,0.5705789982945857,0.2947323654836449,0.4587789005545861,0.14056680244465058,0.4426102455133606,0.1608061202962275,0.46862955692486363,0.22529944385156525,0.3649548186721381,0.4686892718193524,0.26252505013030025,0.5892816202872295,0.296606682573317,0.47321272506151585,0.142885263415033,0.6051109198981424,0.2816028429342039,0.7532935318010581,0.24267444766243979,0.0,0.5661138383794787,0.3712045298487807,0.290407230719385,0.5502924162438569,0.4513155555553226,0.7025917071417009,0.5485718768956365,0.7190017865821818,0.27765441792895984,0.17351449282462572,0.900409265387893,0.41371708220249187,-0.030135510927105785,0.3589467624621589,0.8376770690684534,0.4367478613107849,0.5702358380539427,0.648919225656936,0.4483627551013022,0.35206553919444217,0.44741350572944216,0.4405950167528294,0.33894364079111017,0.0,0.0,0.5071423074914382,0.45218042218083926,0.41598373291235,0.0,0.36064374566631613,0.4721701644784895,0.5465674991929179,0.43802825396649586,0.4576965351453918,0.0,0.3514266990238286,0.38938091476854647,0.3895013912897065,0.38984632309715095,0.5224168007187913,0.43415508591738805,0.6358252142651599,0.20890543499353692,0.6672369085904857,0.3911563439627149,0.4480093612585064,0.42846158813724206,0.32456939320410094,0.6008096334100614,0.5069621118711686,0.0,0.5841654461834811
0.35356008378069315,0.3540600725007722,0.37510914111908805,0.8620208660520516,0.23442841299901498,0.3819352370185288,0.2709211259314791,0.28473382024036636,0.5996246295903481,0.4562160636684912,0.49109984766274384,0.3881453711963263,0.29960762402908914,0.3852311657351427,0.3021951364601892,0.43557610989835216,0.31910349127994575,0.47317658636933263,0.4630074066335147,0.2630084819745382,0.24444297165064638,0.43213462043297046,0.3741277320878883,0.5661138383794787,0.0,0.22815831980953324,0.3746116725612163,0.29468735287182185,0.304345642473298,0.3576738480724039,0.4236184853821061,0.18831193401328572,0.3547799352644332,0.2990105719238565,0.35952598473942843,0.5029337471790315,0.4636386208253371,0.3386238720003604,0.20361716154516035,0.4813833343240436,0.44916399269299767,0.35801990561080665,0.3152605867040683,0.0,0.5829102419795847,0.5127240075075593,0.42792762590691047,0.0,0.0,0.0,0.29471867873533353,0.3160791845230555,0.34819453830381525,0.4727217840356497,0.4806934861094093,0.46341272284971713,0.42904910195290635,0.21682022906667647,0.0,0.361754796144318,0.44331727079638983,0.5260383080751052,0.4692232027806671,0.0,0.4573282632604069,0.40596257538435987,0.42826454022135113,0.2026442080992503,0.45548775162736554,0.4673630350093311,0.45231987832891873,0.20025689436164004,0.3456818305277375,0.2527627550970277,0.0,0.4753875857259119
0.4434040467497422,0.3001500517327548,0.25463974452698684,0.41672307836335637,0.5195116538157435,0.4133901930346703,0.44085452153428734,0.27139195230604524,0.7939737674314206,0.41864419025788097,0.556645516441773,0.3541502486829664,0.4562914588148829,0.3336533881747798,-0.00496919543837937,0.3278352722096269,0.24889672143590272,0.3805361758633707,0.4651389796419518,0.07336613907207229,0.32682049642334754,0.20138553279744947,0.20023923652402312,0.3712045298487807,0.22815831980953324,0.0,0.15147023973300489,0.538813033402121,0.37888545420164543,0.2480197964760259,0.36347928320983014,0.2494920502749656,0.3636785778175845,0.2995710421136569,0.35104073943917197,0.3260976303271836,0.04008226920287916,0.36208791596302625,0.17679981050169802,0.3488272309979699,0.3763461485613496,0.17437015941197098,0.04187121211206499,0.5128619552359406,0.5279047715424487,0.38690959198609515,0.39268336264998627,0.5244564253431034,0.0,7.023552877169145e-05,0.3280201149569806,0.2488236733384217,0.3432388587035239,0.26662587421995854,0.4061890365557256,0.0,0.3757380655652425,0.3240791061543406,0.0,0.22004590089418571,0.3945446694031376,0.45249851836719207,0.42258096501371945,0.0,0.3168555978686821,0.36899070145518775,0.40456292672916183,0.140380313114091,0.4690280453875316,0.422602650084532,0.3311257353725745,0.2746792750610087,0.3076623663302078,0.33044612179374216,0.4660110946857736,0.39680823446280256
0.2340407151229966,0.20491194114741096,0.24417184165447603,0.330923020228426,0.20884254555773102,0.34170806678212207,0.23077745273292344,0.31812895638224503,0.3432412142754467,0.36943961101042955,0.513610611743053,0.4168746639306816,0.28637385977809904,0.5586666072996623,0.29059067359467516,0.26122198572731764,0.439410722958233,0.3610520831987978,0.36490445186698584,0.08170893468296866,0.34555137745613107,-0.046547765200860736,0.15390366414830134,0.290407230719385,0.3746116725612163,0.15147023973300489,0.0,0.258321419160907,0.283424369698835,0.25352113225025186,0.18516858965058852,0.12048903695247387,0.21105852430184235,0.1558951333275551,0.23001168400078928,0.24258753393487406,0.36404058290127334,0.2786161162851584,0.2816755758235552,0.3398523869241812,0.29603718186074923,0.3134927731845306,0.5372354172760264,0.5250377136139712,0.21886655170706454,0.32000348510330934,0.26550357536759017,0.363053905391963,0.36097025309957276,0.3449917049909612,0.32945330624772673,0.3219844988200763,0.31630229213555217,0.45249192979592595,0.5357553544225282,0.5570661444215854,0.20374602167110914,0.3358821003197815,0.6288249598731465,0.30664176979066804,0.28981491215220334,0.0,0.35861720112883255,0.6007065608077906,0.32874492916843034,0.42450856628983735,0.22954812977647493,0.24332787014765628,0.0,0.3592339080128195,0.24592643204290313,0.26446901911132376,0.3091790761609402,0.2900732954302807,0.21185631109449357,0.35360211326673524
0.28653934297529293,0.2511035057446741,0.448626738986903,0.43415347233685697,0.3778012404256286,0.5234378575422384,0.34638620658502617,0.31602675949744463,0.5067001579134391,0.5648142181521905,0.443485645477342,0.6064265770250036,0.20604553915718002,0.5445720650178584,0.11894732096018176,0.193106646142178,0.6445852242947235,0.2622342922937373,0.5348166435473627,0.20870519661976183,0.23831197332019236,0.08285210148254502,0.3225948662228575,0.5502924162438569,0.29468735287182185,0.538813033402121,0.258321419160907,0.0,0.34704244042871935,0.4330801479121004,0.4825012768272594,0.5126931130649102,0.4453962577305177,0.33499050658948826,0.9522343740428906,0.6973609810966066,0.5524438631142169,0.6644316878901878,0.2889761393328622,0.034808743527823094,0.22928946460600513,0.006925904242315317,0.5177995712337226,0.38556193227715224,0.5055832559506273,0.459404114870542,0.3438887079602062,0.4290551745721823,0.0,0.6643622763264221,0.336969210723262,0.4269192082685107,0.3597881131889208,0.5624373790747063,0.3995883684802444,0.6740532037855613,0.3523050390793977,0.2816014170599793,0.42440561421629747,0.26772971181948124,0.2852520661169653,0.3352361559076277,0.26473860516322223,0.6581491170419524,0.28971329714510075,0.4341971950743314,0.30039547793535065,0.3268860409446989,0.4884520177032813,0.2436913473869548,0.2978225302044352,0.27762083901288215,0.28857440461473116,0.20332770023286278,0.4378853359964474,0.21299334738285122
0.3110073716181737,0.28847227074710924,0.4299853230162821,0.24489881638380842,0.29707585696937244,0.39397031384250886,0.3425574970893118,0.42912811422743036,0.3440442566837903,0.3919597009874611,0.2619679658051217,0.5302793048855676,0.3525253934078729,0.2300449986547108,0.13569500173541355,0.34150383901852027,0.24411097581650543,0.3568688573651606,0.7125068988218873,0.27639212631968635,0.29668485590932125,0.2866852119251794,0.35696559408820083,0.4513155555553226,0.304345642473298,0.37888545420164543,0.283424369698835,0.34704244042871935,0.0,0.5213111836897957,0.5619583169894259,0.17122737926845946,0.33819711155952703,0.3882028374103698,0.35429610941669787,0.25397306906805517,0.2884513599488566,0.4290373799682553,0.23101988810565555,0.38205296396826743,0.35164522234903645,0.2926634044045522,0.3962424010826437,0.4115271016128077,0.3809945867280118,0.3835885415779952,0.29315148260264756,0.22172308263189333,0.5041563250865706,-0.004933560135705867,0.35819365951133064,0.3379043510876067,0.43502063986730427,0.19982756877705066,0.5419647065463794,0.07013913391815418,0.4261057979253358,0.2747335605066289,0.5604246266853766,0.31318723349814015,0.33547461796984845,0.4872447203195689,0.3794654696513549,0.03028917149108995,0.34141817673115216,0.4474679751406466,0.31867617687606103,0.35506578143614154,0.49808215658976585,0.3944934548804504,0.3558836488987317,0.2834323385573484,0.2991309239827301,0.29755930668729047,0.2246437659780455,0.37053332131178696
