0.0,0.5690441718406068,0.00453781938777148,0.0,0.11551636886518624,0.2844819115137721,0.24673062845397448,0.5584460570769494,0.3141464349101454,0.3781519429348106,0.22326338422871478,0.43464988705618235,0.34897929508731607,0.42717625099856477,0.5782713213666293,0.7408485353465668,0.2771495738614338,0.33431376423980386,0.0,0.48974556781585915,0.5769705800468422,0.6161239246587897,0.3866119956609645,0.6194030695895708,0.32005745261354634,0.516945260614571,0.26023447223819896,0.35841387387810597,0.47268387992510275,0.5688029802060302,0.5279162144984291,0.4712103911416671,0.4250741830729516,0.5389542792726245,0.544131918961464,0.6533337497603932,0.4420949689119128,0.1803157928322615,0.1452216215333666,0.19462902746306612,0.3360799935554386,0.4399449179907675,0.46680183273469134,0.0,0.3587886786756989,0.3357730135412461,0.2072667543537285,0.0,0.0,0.0,0.26362138689001,0.0,0.2932410281799681,0.0,0.22452476010028993,0.0,0.5356773892377629,0.3619124455126757,0.0,0.6538636030175979,0.2970390360189984,0.10860517565522568,0.25549079880897385,0.0,0.33589708762731013,0.1539129108822926,0.20930965599794177,0.4983792488211759,0.2860544123768902,0.3507550895916096,0.37642834454228047,0.7465795532107282,0.46571498337107886,0.320428054126485,0.0,0.17819745820015687
0.5690441718406068,0.0,0.3925609924643688,0.41980857217473444,0.31762868802036087,0.309023142964154,0.23765607178009182,0.4171816933615715,0.24197215945356343,0.13316374500603717,0.06780024507798782,0.19920206043544503,0.23839476230266757,0.35119032542925244,0.4814217338284273,0.5100223327559549,0.4627368016804835,0.3518219037190829,0.4802453723454876,0.47260298586601557,0.6280977976866728,0.7228719569058769,0.4523190472855878,0.25130736275601306,0.36334421048281274,0.3265896250820737,0.46880432127061,0.1649040511474911,0.35044477620499215,0.4822040418393728,0.5716405565683633,0.3559513998732023,0.3423744586226229,0.5085443244141308,0.5871858983623729,0.5306847256553413,0.04150388992563872,0.0,0.21985018411822668,0.32191110814865453,0.3517107232315955,0.4148429070188334,0.4459118532744496,0.0,0.0,0.43490614214735435,0.3050595789161922,-0.02182425924996719,0.0,0.0,0.20713518607481593,0.3175292303856766,0.47160651724681074,0.21872592396793972,0.4343414594227033,0.0,0.3194611984138864,0.24437936367803778,0.0,0.3568206737092761,0.4139293169295914,0.25534077749175393,0.34292616327443654,0.0,0.23875490994975113,0.5400815546871347,0.5091365725185737,0.34341564204598735,0.21069366561088118,0.28392268827736217,0.36471811433979184,0.3257683313556047,0.752012925423538,0.2518708079337906,0.0,0.4141173895001763
0.00453781938777148,0.3925609924643688,0.0,0.517674531052206,0.5004594838858385,0.3809030968328537,0.346888185461171,0.37158934847781716,0.7125213741512133,0.2649688002568133,0.5473086078868866,0.2953715865380939,0.376741519609059,0.34513835359526135,-0.005398024274259228,0.1723090497330706,0.030164531809392492,-0.11760199517485531,0.5075511678420546,0.33732441448071376,0.17090509311608482,0.21115155950180114,0.36950168978162395,0.06687362119131718,0.30771360450465013,0.23699851122605975,0.5625174971345006,0.41882723534217026,0.35069922537176323,0.4224949109388621,0.4551855338791839,0.3580704807100803,0.20795531721734434,0.4230029623840966,0.2725886725707253,0.33364618489822184,0.21247889249119384,0.2262746794195802,0.1757064028986577,0.49753762092256604,0.1466482614326629,0.4759222258266345,0.405568296580421,0.6441427219848148,0.0,0.0,-0.4459537845400705,0.28426306438457316,0.47894015511430155,0.28658243401418004,0.37474766560932926,0.325498247703189,0.2124437212038196,0.33957221241929786,0.41026459971252927,0.33382609780523587,0.427777544043891,0.24267744831656063,0.40174659047073746,0.39502344122724375,0.0,0.0,0.0,0.23995669479948073,-0.21253393036193607,-0.23559643470809083,0.3044486954638489,0.11890944893872357,0.0,0.5466836091607014,0.09574226371361277,0.34919962999540677,0.18972605691946365,0.4249246889102852,0.49696060768406386,-0.0690081804183878
0.0,0.41980857217473444,0.517674531052206,0.0,0.6050930971463031,0.2026515550776431,0.17681537928533828,0.7646950776463401,0.5106790143398054,0.6003954074557614,0.4176640734848177,0.4210850364306287,0.2035377684536445,0.728415706712698,0.31202741248904103,0.24144117632747114,0.4738279209344761,0.4668922988260753,0.33727620378111967,0.3898552782518284,0.4135178403770381,0.3638813372065168,0.5475915741126209,0.1972330225277436,0.7910271658178807,0.3377789156943577,0.312557269404662,0.4207944696101653,0.16210629521361816,0.7406982116046705,0.4684518682340197,0.30459381354623294,0.25286866354301885,0.2727637293792859,0.19474816154265892,0.5135170606252382,0.5362983178021206,0.41867154211727947,0.22935130957577177,0.3979481466173723,0.2900203860652141,0.49215196384896265,0.5211752486815979,0.2565171984487784,0.0,0.0,0.0,-0.1815936445594343,0.0,0.0,0.34294140571782095,0.0,0.4672196277049009,-0.21000535371441176,0.0,0.2553207858999826,0.44930715563852874,0.4871811805148219,0.0,0.0,0.0,0.0,0.0,0.0,0.0,0.0,0.4852574058475401,0.3714354878596342,0.0,0.0,0.0,0.22017495774252993,0.4479892119989839,0.24338458379638228,0.0,0.0
0.11551636886518624,0.31762868802036087,0.5004594838858385,0.6050930971463031,0.0,0.3639321794386985,0.2934206080381801,0.2832258448518664,0.5104919459744046,0.48658936816873377,0.49446651337843966,0.44644337898836606,0.5124899180641278,0.5056662067646411,-0.17955516359335405,0.3314106769234997,0.2721886764373596,0.12909636743208364,0.46639594050154365,0.30123285140089084,0.39363465614338833,0.3331450993880738,0.37121028683173923,0.3032415047672621,0.355569436162984,0.45511517662074935,0.38961765974502033,0.33533931186622445,0.30238733023083625,0.3503467790134538,0.4791796871721328,0.12425388259685158,-0.04365665241535038,0.5096897131525296,0.4880072628318409,0.3489660538888957,0.600737685780732,0.40316914185873376,0.23752074557484867,0.7705788328807939,0.1813453204343587,0.4985272417507989,0.09054664899494147,0.8055816930531614,0.3843170393030356,0.0,0.23668572973942625,0.19036457178101257,0.0,0.10333381142600961,0.30117981565839413,0.12249555829834072,0.07360177659443354,0.13943911866875486,0.0,0.2534806955860978,0.25572496249611426,0.3847738047199079,0.09161157434383596,0.3229418591853946,0.5092272003447487,0.0,0.0,0.3531188639814521,0.23869010258436715,0.443649053662717,0.16155844478402925,0.24399514354756205,0.0,0.4988394433837026,0.18635569084337128,0.27144541380523957,0.31714957440691827,0.2549771879367403,0.0,0.4458800025930941
0.2844819115137721,0.309023142964154,0.3809030968328537,0.2026515550776431,0.3639321794386985,0.0,0.1678104976324869,0.188553926319997,0.3467387378214785,0.21552523590924436,0.3647830254116027,0.32491092013779643,0.20493524520768563,0.33015895154459185,0.20067340179103846,0.3523800565421633,0.15633866458140755,0.32411647646394154,0.5321695460349108,0.21170634346357833,0.2908704266481598,0.26358342934349654,0.12258174091156199,0.08943081622347332,0.303022003385429,0.5133984243279027,0.30377511533325896,0.37542931690105164,0.3706110798144745,0.3213012192815097,0.3601312561115854,0.18709143700821143,0.5630049511839035,0.3670619821989113,0.3413583981143199,0.14693333073919385,0.17421356254999654,0.17085574432371703,0.40203361167279694,0.10145976856045699,0.4395039144665861,0.44590922718554493,0.18986637450903648,0.4119392420308496,0.3285953988986303,0.38360239886411873,0.21768960962445988,0.25790828013075623,0.4238081454026106,0.07444118715813577,0.300198469569874,0.2179632218158484,0.2667002992767632,0.30187560175524975,0.3736528494812529,0.37040617387138974,0.17593958640589102,0.3145260320852256,0.08014451121549021,0.37406236570900536,0.3646534166460105,0.0,0.3125829989568836,0.22095264661047365,0.41488247509756415,0.20106072594626578,0.36691111074529126,0.24240427489459265,0.5052817059201261,0.28010980181023243,0.2946115458312663,0.23580191215580082,0.3763146922196302,0.43924948191285496,0.3513681605215774,0.3552032652564845
0.24673062845397448,0.23765607178009182,0.346888185461171,0.17681537928533828,0.2934206080381801,0.1678104976324869,0.0,0.21769726226198788,0.44117412703680425,0.4217567964549299,0.3908617724802273,0.36849989306295844,0.27198886972426556,0.2192352278111997,0.419249675941635,0.29486250249937646,0.23736127721357708,0.2537414378608063,0.34037265646025683,0.13877594392133,0.22863006738983158,0.27941896756202644,0.26666007052793733,0.2792912356845235,0.3074680203885357,0.4731522437969104,0.1719326106411131,-0.005385374100807083,0.18814129126211726,0.21898609932398122,0.2869298336223307,0.2499966110473584,0.4175598703672798,0.31777238452838213,0.5066086425876064,0.19578885997265233,0.2928892634589182,0.5338167431174974,0.4316572733670605,0.5401423185431046,0.40856285340760123,0.6341786237361866,0.1804331143532056,0.8544053441918995,0.5181482800598634,0.0,0.2821237433433129,0.2582165641908391,0.0,0.070759476568864,0.3075105153151876,0.22756171938542513,0.22249139400397588,0.3432896698836221,0.3160586610321934,0.4164776829965,0.4915020157423664,0.22258153003995362,0.25745186212375665,0.33034978270318033,0.33078546988085883,0.0,0.5155094242246605,0.48467081823992203,0.3072123274640608,0.35167435371173406,0.3563040042791078,0.23521330324275494,0.4700077870983871,0.2788789647865242,0.3179222357131081,0.204596473913282,0.3054860892778732,0.21337857132237298,0.3926156433035585,0.2590686020505846
0.5584460570769494,0.4171816933615715,0.37158934847781716,0.7646950776463401,0.2832258448518664,0.188553926319997,0.21769726226198788,0.0,0.4672564546419913,0.6047637423618012,0.48720604940146794,0.5510686831799222,0.3734783234284418,0.8082872329873332,0.4258327727278226,0.5859852506419065,0.5022545131689173,0.45793533681374987,0.4030186213901443,0.14384364605465716,0.5941520272707039,0.24532910463549296,0.3486127739182958,0.38899974616955724,0.45917851156894246,0.4190241467637715,0.14437484721739824,0.3255659293828283,0.35362521725903173,0.2743689410159879,0.4903951013088286,0.49545950390133836,0.5852007004614745,0.4298822582161257,0.34468362092542715,0.6860477127533813,0.4765356764251648,0.42651022369944536,0.3475476782140908,0.1734260242087869,0.2780174928101366,0.40806415863325074,0.2904934856122998,0.47570273173410144,0.0,0.3839553811657949,0.193191261126247,0.35140051012247747,0.0,0.3056816130599461,0.3483366538077268,0.18896773532958705,0.19374854422186633,0.2998546025767962,0.6321636174142877,0.41827416884456287,0.9537664083081028,0.28934605332261853,0.09609390651230659,0.4436222208302736,0.2914300951255412,0.0,0.6027095636656623,0.5088021480332077,0.40674437719239076,0.5972981773213124,0.24777287288833638,0.2631300692708469,0.0,0.05874979955445642,0.34084952907985233,0.07423675201768204,0.46209510788742636,0.4108400337058842,0.4663466977013253,0.1733858634820186
0.3141464349101454,0.24197215945356343,0.7125213741512133,0.5106790143398054,0.5104919459744046,0.3467387378214785,0.44117412703680425,0.4672564546419913,0.0,0.48823363416705773,0.5613736494350713,0.47951814891420874,0.5017897170993039,0.39739530799766826,0.218956518265914,0.30718648774158586,0.33882734961995997,0.09750349747865619,0.4791623879659684,0.2347981808084035,0.23854487543775282,0.30108859470391425,0.47078912405955525,0.43802647245828796,0.23812144378076575,0.47473181031927947,0.5553245849820223,0.5029794912721393,0.2647815686371947,0.39249053245252297,0.5423235169102896,0.536160251571442,0.2843739486620188,0.5626902361569575,0.5054706114795444,0.449122660247028,0.478246958571342,0.542470086601792,0.3662700323403696,0.4286028936165506,0.15423755613763596,0.16378524751254242,0.3581122236051769,0.4646605046636503,0.3308608562640999,0.0,0.02209457928287767,0.47146871226215314,0.481397849863832,0.2412778144459935,0.5018760681000745,0.4289545496385855,0.32745110024596646,0.3908871418297925,0.2536095138202937,0.4953022392691735,0.2257101787443045,0.24742821416743646,0.43019603672621476,0.1732354883737215,0.4313400578655586,0.0,0.0,0.43884064771142506,0.2521562487598873,0.7273994343552403,0.25964031054026343,0.38977994278230255,0.43522419157631353,0.43190429773726213,0.033316478850836384,0.3800616761891199,0.25242395119580197,0.26066607463121166,0.3260691958542,0.2421249987373044
0.3781519429348106,0.13316374500603717,0.2649688002568133,0.6003954074557614,0.48658936816873377,0.21552523590924436,0.4217567964549299,0.6047637423618012,0.48823363416705773,0.0,0.44928020859471207,0.19733181830127078,0.37478680495078914,0.5360488140547128,0.3122471158216744,0.36394767879569506,0.43646001687700137,0.2885369012939145,0.30835365295776584,0.2459537284397361,0.591547461411182,0.30796282550473403,0.39372544577627766,0.01847385647253233,0.4859466449823262,0.4187135901748853,0.11524587087476079,0.5454188856568216,0.1610693909659901,0.31729906156917664,0.44525036212297575,0.4150942647126863,0.4416380418727893,0.6299665139210935,0.8183689973694384,0.7365991322891086,0.6283484761298853,0.4851796890370885,0.6872201182270727,0.4987644309644968,0.4612420013329434,0.6016303955804305,0.2832022888563074,0.29331703518689467,0.29880455080376384,0.3827881033850678,0.4136354185789373,0.3847406093218422,0.4760772755636552,0.44980680348010943,0.18839307496322172,0.2598085902064251,0.30953476780622324,0.3623097856137475,0.15486669925789245,0.21416558163650293,0.20548003651649116,0.31764045365691707,0.0,0.5936838634674063,0.5103539582385473,0.3676553510082652,0.3259763332552788,0.4801899109752015,0.4849835576795195,0.29627842211251354,0.31466213194693826,0.38762174915044123,0.17486518653638106,0.3843173038267461,0.24221886518504332,0.28277353622433954,0.4051256349043728,0.20840766779531567,0.0,0.30075521656274024
0.22326338422871478,0.06780024507798782,0.5473086078868866,0.4176640734848177,0.49446651337843966,0.3647830254116027,0.3908617724802273,0.48720604940146794,0.5613736494350713,0.44928020859471207,0.0,0.38744882108178885,0.40885047321729545,0.4271990660394522,0.0,0.49138545351936846,0.23696621481319446,0.2788995735013051,0.3572918306872181,0.5078522523572537,-0.07286008801818639,0.22272973638562796,0.44777807759085353,0.3403325705233416,0.26097194650674976,0.3563114711482627,0.4918172408625492,0.4241849181533506,0.09367965846819809,0.2927698800244948,0.41705934224584706,0.5345224377540261,0.5000405410902784,0.4982787374624488,0.3810893255393343,0.5871832070360284,0.5853904275087503,0.44788559241264037,0.26332364716799306,0.31116174558653664,0.39048534756741426,0.29503180252858296,0.2272100096678592,0.41101147052280396,0.16159956972893713,0.0,0.0,0.4882908981964071,0.47821489019773383,0.19864781497204198,0.44152708775074256,0.04925941065887829,-0.14973480048398613,0.5540729570873243,-0.07810012881397421,0.24201556538665897,0.2641220072102444,0.15326785914615282,0.2879128181557912,0.0,0.0,0.0,0.0,0.30583972897785106,0.26538451370520433,0.0,0.5680473854371222,0.3331550437705356,0.0,0.0,0.9974887369657687,0.36379441451933364,0.10706708846604857,0.3567600586077945,0.0,0.29185365026813953
0.43464988705618235,0.19920206043544503,0.2953715865380939,0.4210850364306287,0.44644337898836606,0.32491092013779643,0.36849989306295844,0.5510686831799222,0.47951814891420874,0.19733181830127078,0.38744882108178885,0.0,0.36233746048163895,0.5502652539373739,0.36340236530856024,0.42108207659617825,0.35384680472899904,0.46380668416144344,0.3292289104241074,0.7425678388557866,0.5853090466827957,0.3670082737398819,0.46201985366236786,0.08537623068216599,0.30281680477541834,0.30122794618667564,0.20667475970044513,0.601146240083061,-0.029814790448450146,0.08633187928648467,0.3779668890747693,0.5399801871537859,0.5305483780177543,0.8063590008433297,0.6373715503511654,0.5257899416828455,0.4959988610862739,0.6407617293234156,0.937073945727879,0.39790054752898385,0.439093878928536,0.4921953281908555,0.35040711905824373,0.41167176380976944,0.3625738222536663,0.3617283708088759,0.2674749373603725,0.3755837324042979,0.4226042407590493,0.27000061701828515,0.2937371147592088,0.4717015958381606,0.36361174062563706,0.32291469414498236,0.17045939476800787,0.23170107768524056,0.3977087357353926,0.42637157286900784,0.5715251648458761,0.5297507236190245,0.3142755779308038,0.36764180758923237,0.38040331164256735,0.2945361637722036,0.4179010989108038,0.4349711065380215,0.37155051895623076,0.2668996006399147,0.1308894879412259,0.40461337273906084,0.2627595289487801,0.12571843928938925,0.5183856423882682,0.3731010758133844,0.0,0.40902407224232346
0.34897929508731607,0.23839476230266757,0.376741519609059,0.2035377684536445,0.5124899180641278,0.20493524520768563,0.27198886972426556,0.3734783234284418,0.5017897170993039,0.37478680495078914,0.40885047321729545,0.36233746048163895,0.0,0.26062219119740876,0.17638804740770297,0.2898266219700327,0.192099081155285,0.24678051601667006,0.38433123421999427,0.11505625467250041,0.27884881158907676,0.24980668868341216,0.32934259122913734,0.18871278554996815,0.3041806695620006,0.3437131629212711,0.24446102855129492,0.4003893523884808,0.1898469694521112,0.27843944650290087,0.21747544882950695,0.2448370596403105,0.3263357662320332,0.30004160074987524,0.4714318247233449,0.20073444038292096,0.15084615960467807,0.45078806840055485,0.4671107788843058,0.5568869904203646,0.25513348806846087,0.5576346235178327,0.26342292854825033,0.7280493377854906,0.4296331557240076,0.05090943305736495,0.4036336243176992,0.293542918369396,0.0,0.4260858225499522,0.2837214669175867,0.23080846049508394,0.23605374564263154,0.3519679441476816,0.45388805098020746,0.376232343118952,0.4868007119483127,0.32429146647554824,0.4797508671763486,0.43522611644006437,0.26371723637476413,0.2047642440415278,0.20022503024881672,0.3794115296689987,0.3967935780396479,0.4870507715899214,0.40993896887834846,0.275258788347885,0.5312170355676529,0.19369102018917317,0.17224608397003632,0.2758606437219404,0.4506828875054306,0.34157565994675365,0.41041456938365756,0.2947057922601688
0.42717625099856477,0.35119032542925244,0.34513835359526135,0.728415706712698,0.5056662067646411,0.33015895154459185,0.2192352278111997,0.8082872329873332,0.39739530799766826,0.5360488140547128,0.4271990660394522,0.5502652539373739,0.26062219119740876,0.0,0.38303128980631795,0.5609313636399964,0.49406057805576165,0.4508770824098648,0.40266760388073747,0.40810026842771985,0.5040240769110145,0.23839873734460493,0.45423584251562893,0.5141518118369184,0.42009628818100364,0.35404654147292236,0.2904408323969603,0.3012225394310757,0.14681269774563893,0.5461580403783706,0.39306688530858963,0.4053489608164722,0.33450408685687816,0.5051223023022571,0.2556587895210947,0.5808615858343216,0.3972365496845822,0.45118761041826394,0.43040528654402843,0.0,0.5495331414358152,0.6796985282571446,0.33045517924090506,0.4782246526811736,0.0,0.0,0.0,0.38347900079406533,0.0,0.16270824989496313,0.21774116136044205,0.12780853932528133,0.3755597517997268,0.2625133749742582,0.0,0.44111787591032137,0.378068842857067,0.24124004706655244,0.25024670080739597,0.0,0.0,0.0,0.0,0.43196912986927416,0.0,0.0,0.0,0.3084513490716209,0.0,0.0,0.0,0.19544042593868205,-0.35111626555009934,0.0,0.0,0.0
0.5782713213666293,0.4814217338284273,-0.005398024274259228,0.31202741248904103,-0.17955516359335405,0.20067340179103846,0.419249675941635,0.4258327727278226,0.218956518265914,0.3122471158216744,0.0,0.36340236530856024,0.17638804740770297,0.38303128980631795,0.0,0.6248799992520975,0.11697716882363554,0.5113333297338012,0.0,0.5072193065836565,0.42468632860893035,0.5751403241916767,0.28756360908962875,0.5337741548544741,0.5492608907172598,0.43656232098600006,0.21025094265800504,0.1774308553024732,0.37284943821304617,0.4029708292590699,0.4938014203677167,0.4031823684612708,0.5417108646587071,0.5339585346536238,0.632266652552894,0.5758535323494652,0.4598208793367789,0.3838681311168562,0.2401069331753305,0.4185401939102651,0.3515215592185744,0.3693021760795435,0.592731868964162,0.5856559626223623,0.0,0.49495853848224247,0.42668294994767053,0.2352300165961982,0.0,0.0,0.4182970976849283,0.4944013813708063,0.32318356846087615,0.4052025121059951,0.0,0.0,0.6476347540753403,0.422428298361038,0.4767934601514485,0.2914314977598609,0.44856647024770857,0.5624284808984836,0.5968282490451872,0.0,0.29864325663496805,0.4413101899763879,0.4599417014377309,0.4003591049090582,0.47126847528056715,0.508395264509421,0.3674231465264035,0.19530781659886098,0.1854873496836701,0.36073267703082434,0.1791408319841738,0.2318844019548577
0.7408485353465668,0.5100223327559549,0.1723090497330706,0.24144117632747114,0.3314106769234997,0.3523800565421633,0.29486250249937646,0.5859852506419065,0.30718648774158586,0.36394767879569506,0.49138545351936846,0.42108207659617825,0.2898266219700327,0.5609313636399964,0.6248799992520975,0.0,0.4767505915541176,0.6114108170504076,0.5109168161095439,0.4580326748050195,0.705076720691284,0.6414127934722434,0.5592783682942787,0.41684487268353543,0.37378086296283985,0.6480563118031013,0.45635362617999375,0.23399906550526675,0.31737714485581403,0.33349780112551675,0.4441825946869703,0.21057622649022018,0.41361988470250954,0.2831839203862012,0.5917524461765069,0.5850949418793687,0.12754560248832905,0.3816887521787975,0.5074404657754297,0.38571918580167547,0.5706917859299976,0.5547399217290385,0.4678331139589442,0.0,0.0,0.44292809530560506,0.5377536890203786,0.0,0.0,0.0,0.1914115331617131,0.1897406167013104,0.4128393159762444,0.0,0.32715298478336485,0.0,0.3606777458702726,0.36935895580639533,0.0,0.41166243800157887,0.6039769337111802,0.3633488844874443,0.41427115920710866,0.0,0.502194837125558,0.5818145889295552,0.5130347712532629,0.2898185517184349,0.18349277286554466,0.4800518267809427,0.584182563800134,0.36350006372576393,0.6663696588431818,0.6456201144299099,0.0,0.40663443952664347
0.2771495738614338,0.4627368016804835,0.030164531809392492,0.4738279209344761,0.2721886764373596,0.15633866458140755,0.23736127721357708,0.5022545131689173,0.33882734961995997,0.43646001687700137,0.23696621481319446,0.35384680472899904,0.192099081155285,0.49406057805576165,0.11697716882363554,0.4767505915541176,0.0,0.571872181194675,0.24533202847349714,0.407777098507495,0.390101085332189,0.5904081361803589,0.049244228029971526,0.40232773048458115,0.6155124489843077,0.32948462245577137,0.16822061401688349,0.5440726273557082,0.26223156864087477,0.491243328214086,0.39894210893421034,0.10567653198043098,0.3803360596981229,0.44361016090889416,0.5867756158120483,0.4755095103835545,0.365013928551147,0.35520296865767265,0.3861633015388386,0.2919652366391817,0.2871027105958068,0.21921565142662375,0.0,0.0,0.4102222004116014,0.07515941047919256,0.49658680645381853,0.0,0.0,0.0,0.0,0.0,0.0,0.0,0.047865835097316733,0.0,0.0303812255900775,0.3557007274403908,0.0,0.5911264556945249,0.25728679295119455,0.22527819596336376,0.19525580672683426,0.0,0.0,0.0,0.3991741765058002,0.0,0.15864014556074918,0.35892955405958044,0.2820546901091897,0.0,0.3275170122516655,0.48304590185482293,0.0,0.34745167411972533
0.33431376423980386,0.3518219037190829,-0.11760199517485531,0.4668922988260753,0.12909636743208364,0.32411647646394154,0.2537414378608063,0.45793533681374987,0.09750349747865619,0.2885369012939145,0.2788995735013051,0.46380668416144344,0.24678051601667006,0.4508770824098648,0.5113333297338012,0.6114108170504076,0.571872181194675,0.0,0.3122134300167868,0.37364753363180625,0.504261327544023,0.3731294774209262,0.3946373035740899,0.3827717427194044,0.5349678792633024,0.41867909827469085,0.35738817819697244,0.104697987170559,0.24536388273551057,0.5157495450030083,0.17254984505887622,-0.013744190984821603,0.34372373777601295,0.4304086741528377,0.5317517493580004,0.5979365828009646,0.407391263725738,0.37738135574699394,0.2929939871884907,0.22794550409428457,0.2715530296842684,0.329130847384591,0.0,0.0,0.3039059010360342,0.2547633023182575,0.38732178521334415,0.0,0.0,0.0,0.056122520471691195,0.5154275611464835,0.6144438401602343,0.0,0.14219414363539298,0.0,0.11222978521721882,0.20505367786521256,0.0,0.3590231885214483,0.4102147250041833,0.2701908769008936,0.18954875951494296,0.0,0.22312363290911788,0.5261114624997896,0.6014731725957769,0.3527264433156684,0.12630754670855743,0.282272011150057,0.2804728871427875,0.3669191666223023,0.3499348476704831,0.08835274542487109,0.0,0.2810032293390402
0.0,0.4802453723454876,0.5075511678420546,0.33727620378111967,0.46639594050154365,0.5321695460349108,0.34037265646025683,0.4030186213901443,0.4791623879659684,0.30835365295776584,0.3572918306872181,0.3292289104241074,0.38433123421999427,0.40266760388073747,0.0,0.5109168161095439,0.24533202847349714,0.3122134300167868,0.0,0.4954858955176191,0.15953770807704587,0.4680640686868942,0.24671752576470057,0.20752880602715978,0.27927372830414526,0.24693274374443452,0.6603448158250926,0.43448576254109805,0.21125801075846,0.3599691851982951,0.42637537240060175,0.4647512071245765,0.31823745364844924,0.4290919583878275,0.28763574446761253,0.38127049994057605,0.2598060690279661,0.32530083804421983,0.3354314683740729,0.4653664863584125,0.3620029071442483,0.12533966504020985,0.5094012986359997,0.380794392356401,0.020484253499004186,0.0,0.0,0.41630188198193874,0.0,0.24956569497987285,0.3839191979892592,0.23897842138605008,0.274590902528413,0.4016852236460406,0.6610794019582777,0.5178522037335677,0.29667584729954233,0.23385577436791924,0.33565052056795525,0.0,0.0,0.0,0.0,0.18108620160500033,0.48233092767581837,0.0,0.44921586713794714,0.3474066635645303,0.0,0.0,0.0,0.3277719706624445,0.26095344749357685,0.20148544820448666,0.4780204816629904,0.30742292099611174
0.48974556781585915,0.47260298586601557,0.33732441448071376,0.3898552782518284,0.30123285140089084,0.21170634346357833,0.13877594392133,0.14384364605465716,0.2347981808084035,0.2459537284397361,0.5078522523572537,0.7425678388557866,0.11505625467250041,0.40810026842771985,0.5072193065836565,0.4580326748050195,0.407777098507495,0.37364753363180625,0.4954858955176191,0.0,0.19953628826364828,0.4309229959298318,0.19582434666259224,0.5649777403315743,0.3375097332374273,0.21144487610209173,0.38230821024582773,0.35826060271760124,0.5411224986188692,0.6706548715240919,0.535235144358339,0.3750385341878215,0.5826014868523425,0.5169512411621258,0.6895047501865432,0.8554432111820944,0.21734679222977527,0.7584842501844827,0.3969842530469221,0.5125362100584494,0.49961773038048973,0.4711393223065652,0.7813481405157863,0.41283019600486737,0.367666968149081,0.3586312092219994,0.42631226201891226,0.2908120549188302,0.0,0.0,0.26133638906011325,0.30338229565858515,0.4505533730025886,0.37343564613456004,0.7831423315236999,0.0,0.6115051419422921,0.3115813614835523,0.0,0.5550651811645273,0.4227084505781499,0.46710470056371467,0.5025473839067222,0.0,0.414483145065832,0.44759253436949265,0.5073741685973563,0.32282362241912205,0.0,0.43112362202116716,0.3896845198187079,0.24412459784487417,0.3337898076359214,0.39042490326070306,0.16596387901124543,0.39124155565609503
0.5769705800468422,0.6280977976866728,0.17090509311608482,0.4135178403770381,0.39363465614338833,0.2908704266481598,0.22863006738983158,0.5941520272707039,0.23854487543775282,0.591547461411182,-0.07286008801818639,0.5853090466827957,0.27884881158907676,0.5040240769110145,0.42468632860893035,0.705076720691284,0.390101085332189,0.504261327544023,0.15953770807704587,0.19953628826364828,0.0,0.5585582085138991,0.3017213890447106,0.5862718459361242,0.4950057849064564,0.6558847851661744,0.19950408624735594,0.313287424643085,0.36176493482917227,0.35075062554019587,0.6209657140807239,0.4770045013062548,0.6018903197155743,0.5752690288757738,0.8337058735263472,0.444674045405127,0.11862618687417081,0.4992967149828532,0.2529891287356428,0.3542296495269537,0.2591463251696966,0.2031221971802721,0.5402842011899717,0.0,0.0,0.3511320272898608,0.44394900090634043,0.15291515427457703,0.0,0.0,0.5641573994772009,0.3132164254963565,0.27564101369563954,0.5356067346061285,0.47144702386993287,0.0,0.48994085377064484,0.3351029899009973,0.0,0.40085311017102004,0.34714146232387955,0.0,0.40159948746480284,0.0,0.36638442358577206,0.4529338897672314,0.33824548843892677,0.28719937266226114,0.5607026673631763,0.4203569698851018,0.5143193195482219,0.2614438258429741,0.4603337592579979,0.4331522124073698,0.23838712403775583,0.15284902141939632
0.6161239246587897,0.7228719569058769,0.21115155950180114,0.3638813372065168,0.3331450993880738,0.26358342934349654,0.27941896756202644,0.24532910463549296,0.30108859470391425,0.30796282550473403,0.22272973638562796,0.3670082737398819,0.24980668868341216,0.23839873734460493,0.5751403241916767,0.6414127934722434,0.5904081361803589,0.3731294774209262,0.4680640686868942,0.4309229959298318,0.5585582085138991,0.0,0.5459202230994944,0.253429258477177,0.4795488945324192,0.48985045049316467,0.35590615061439995,0.29577045417043146,0.39135561827996646,0.39805871072557475,0.5327223727387017,0.529970561936518,0.5386260210181391,0.5248838737913921,0.7315972919948701,0.8456727264431603,0.4943510129649278,0.7581187065909601,0.4418258429737676,0.48848641718278635,0.5370688293081356,0.47962294818857754,0.4580696211059341,0.471132317616622,0.4210494754129487,0.6503027219857029,0.4708372570983631,0.3057947707544404,0.47993639764108464,0.4067123242929268,0.4287933562795333,0.36118891099783285,0.41819470243476825,0.4303322527428758,0.3680169735642506,0.0,0.40246494251022197,0.3852691702065703,0.0,0.5793946132789856,0.49313880556157086,0.2852269584708025,0.5631445547654914,0.0,0.48362049384545625,0.5255826004732285,0.45544036029048834,0.5012104531838402,0.5362566957584295,0.4397349449732101,0.43920979226089024,0.3238415046867167,0.4936217920187972,0.4297896860224566,0.3271940506045579,0.5489744724053579
0.3866119956609645,0.4523190472855878,0.36950168978162395,0.5475915741126209,0.37121028683173923,0.12258174091156199,0.26666007052793733,0.3486127739182958,0.47078912405955525,0.39372544577627766,0.44777807759085353,0.46201985366236786,0.32934259122913734,0.45423584251562893,0.28756360908962875,0.5592783682942787,0.049244228029971526,0.3946373035740899,0.24671752576470057,0.19582434666259224,0.3017213890447106,0.5459202230994944,0.0,0.3991856025103362,0.4280867687042315,0.32885492076122264,0.42397689339541667,0.27577047972278534,0.30964892880531036,0.31214094528639635,0.3935104410593232,0.2667472232218798,0.5327623662599159,0.3418901532267503,0.32379890149908236,0.3463204556143319,0.20835091280887608,0.0884656480401266,0.32916538633784775,0.38955222439413917,0.4312012048018848,0.41356797278811835,0.26986643051583326,0.4441749397694534,0.47635322186518364,0.4000563135889819,0.39324424456932083,0.6080596579155186,0.26214188572304953,0.24373009679671837,0.35755095967163963,0.24437645062984314,0.21336182795829584,0.4048291875855128,0.2542893713501198,0.682977033539606,0.24018699400842336,0.2730314160034985,0.29849153279592644,0.42379516018453595,0.554193093867187,0.48498355767952017,0.2776746172871506,0.6616934969759145,0.41499094796510483,0.27919025500992706,0.34355826846792087,0.5005636818349921,0.3691441063735007,0.3589186790430081,0.31850079400309705,0.22273411978706356,0.35622123016607055,0.40826684658953083,0.3929092901218215,0.33255038129270353
0.6194030695895708,0.25130736275601306,0.06687362119131718,0.1972330225277436,0.3032415047672621,0.08943081622347332,0.2792912356845235,0.38899974616955724,0.43802647245828796,0.01847385647253233,0.3403325705233416,0.08537623068216599,0.18871278554996815,0.5141518118369184,0.5337741548544741,0.41684487268353543,0.40232773048458115,0.3827717427194044,0.20752880602715978,0.5649777403315743,0.5862718459361242,0.253429258477177,0.3991856025103362,0.0,0.4410578730560909,0.29300621523215264,0.20278804881823512,0.3401560025076845,0.3949535410865024,0.6550518728724454,0.40026118716998227,0.44552912476348683,0.16161392230329968,0.5299053938250691,0.8303317666518577,0.4927122564941979,0.34066160922614264,0.10569605299135346,0.6571988160036784,0.684689172839981,0.5647451048942915,0.8270484434124938,0.3550747268252346,0.36392922131946703,0.42125103527340607,0.24374475764783973,0.3163246377860148,0.0,0.0,0.4634621219143518,0.5009670977357447,0.3798320553933534,0.0,0.32962390448578077,0.21037579031054401,0.49990844941868234,0.28850910453430556,0.2841916628347299,0.0,0.3603927820468267,0.30368033309637404,0.18694896718878876,0.19934416254477166,0.47890820574565995,0.38062395650587477,0.5112696708850051,0.26130672946523587,0.6386781471023746,0.10975309000086042,0.3025138368662046,0.21120954431520633,0.357562693312545,0.6524411107915211,0.360943954067614,0.0,0.3521357987358973
0.32005745261354634,0.36334421048281274,0.30771360450465013,0.7910271658178807,0.355569436162984,0.303022003385429,0.3074680203885357,0.45917851156894246,0.23812144378076575,0.4859466449823262,0.26097194650674976,0.30281680477541834,0.3041806695620006,0.42009628818100364,0.5492608907172598,0.37378086296283985,0.6155124489843077,0.5349678792633024,0.27927372830414526,0.3375097332374273,0.4950057849064564,0.4795488945324192,0.4280867687042315,0.4410578730560909,0.0,0.23446585635051892,0.4263440904091519,0.1317540734070648,0.27946279826533055,0.23357679077121674,0.32191280964148183,0.056397410376836904,0.4232838703204478,0.35632375126471916,0.5683377815379813,0.4521246178515615,0.3453690680539492,0.4824167556761907,0.26203348212536715,0.2470329760674569,0.3158256801939655,0.3592795973379197,0.35538394872042955,0.0,0.26910964368554124,0.3799468222475332,0.3592189858288831,0.0,0.0,0.0,0.10992630226187672,0.04400760472582815,0.534035268065767,0.39697116601410576,0.07007535232253481,0.492164243993255,0.12308292998973397,0.11696749506020154,0.0,0.32832464320041893,0.3756142307484326,0.27123774716649307,0.19489220309643912,0.0,0.47198875661835504,0.2870228440589869,0.42100399854135573,0.15880792022755588,0.05777696828669143,0.28550009288456457,0.22503454861854733,0.19306267123232335,0.2750845548306376,0.167001126924693,0.0,0.19428932267452137
0.516945260614571,0.3265896250820737,0.23699851122605975,0.3377789156943577,0.45511517662074935,0.5133984243279027,0.4731522437969104,0.4190241467637715,0.47473181031927947,0.4187135901748853,0.3563114711482627,0.30122794618667564,0.3437131629212711,0.35404654147292236,0.43656232098600006,0.6480563118031013,0.32948462245577137,0.41867909827469085,0.24693274374443452,0.21144487610209173,0.6558847851661744,0.48985045049316467,0.32885492076122264,0.29300621523215264,0.23446585635051892,0.0,0.37521333631000325,0.29914159321949824,0.43326067002844504,0.08152952141834335,0.3918334127553032,0.40664040693089853,0.49078880318925455,0.4234779147418892,0.5967889638653914,0.07547021264714177,0.2501983791375092,0.6124862881813959,0.3756566216317854,0.29997661019965316,0.44194054968754193,0.4193334492949034,0.13135189206636927,0.5115074365682577,0.3270768627726397,0.4017231834239484,0.5220758454226375,0.6831223842228886,0.0,0.008817146737113181,0.30362515515162847,0.18992591368633566,0.2953892976871333,0.32035175441813,0.017189571290700145,0.0,0.04310966064096705,0.3078533742386537,0.0,0.4535041913427543,0.5022112661785959,0.1410169890706423,0.2242301792283754,0.0,0.34029359771360024,0.6025759753262862,0.548408889606059,0.29966091368881836,0.09067718040925066,0.2875367144210439,0.33169398988754795,0.34662144363005554,0.24961859843348147,0.2844852202083364,0.5102462360147306,0.3420002465102837
0.26023447223819896,0.46880432127061,0.5625174971345006,0.312557269404662,0.38961765974502033,0.30377511533325896,0.1719326106411131,0.14437484721739824,0.5553245849820223,0.11524587087476079,0.4918172408625492,0.20667475970044513,0.24446102855129492,0.2904408323969603,0.21025094265800504,0.45635362617999375,0.16822061401688349,0.35738817819697244,0.6603448158250926,0.38230821024582773,0.19950408624735594,0.35590615061439995,0.42397689339541667,0.20278804881823512,0.4263440904091519,0.37521333631000325,0.0,0.24517529207743258,0.396784295300393,0.2804827305059231,0.32808429606276535,0.22729100253561274,0.5614217928990776,0.33486200466157867,0.36643808050094984,-0.1019662031627957,0.1657688681295981,0.19204652250156667,0.34998216231938417,0.368629215686749,0.45798916761727754,0.4129518197882444,0.1393991204318451,0.5491988987938583,0.35642887380470134,0.3824797845709711,0.2596802372898044,0.29352298483186356,0.3023575326561495,0.16321726841178752,0.32325685839805035,0.2000344741468748,0.1460976192478915,0.2789742923400824,0.4048585356298995,0.3142519325938836,0.17747129526870553,0.3222264317508662,0.1498292857891208,0.4236810418613673,0.47908550557535357,0.0,0.3097944165388436,0.4331511521763256,0.37571933342005137,0.34371278643848013,0.3426857809049909,0.2266256986242895,0.0,0.42790513779339046,0.28391503101937754,0.25329862809662895,0.4231480523824136,0.39921332420626504,0.2935162802869121,0.3153144533991582
0.35841387387810597,0.1649040511474911,0.41882723534217026,0.4207944696101653,0.33533931186622445,0.37542931690105164,-0.005385374100807083,0.3255659293828283,0.5029794912721393,0.5454188856568216,0.4241849181533506,0.601146240083061,0.4003893523884808,0.3012225394310757,0.1774308553024732,0.23399906550526675,0.5440726273557082,0.104697987170559,0.43448576254109805,0.35826060271760124,0.313287424643085,0.29577045417043146,0.27577047972278534,0.3401560025076845,0.1317540734070648,0.29914159321949824,0.24517529207743258,0.0,0.41013329301665,0.6210079916674395,0.42775673134766007,0.3169730275930198,0.4839273566975866,0.3665356200205568,0.8097880303268861,0.3927292422060349,0.40044905731958547,0.7377901232383954,0.6278546002583003,0.44391815774896254,0.3285964254817795,0.3722738091991178,0.42343857931739426,0.5684213266503877,0.45763525855786613,0.3870250560212273,0.3903809387795234,0.3427465715772466,0.0,0.4464095509353705,0.35028715558289525,0.2914332039942631,0.3380028647499802,0.3465472721684693,0.623768991700955,0.2890625983557263,0.6136725157817188,0.3273807285340745,0.41913954908368845,0.3575659758813102,0.6225890827594527,0.34924282973935095,0.31698986229592463,0.5733024065053562,0.4416911652747002,0.39744678520175547,0.46293050317255635,0.34647379715612037,0.486401114652207,0.29767256229532163,0.1387675604117085,0.31098369697560774,0.504569200116934,0.3806725397723342,0.3680457038705911,0.3663758829892683
0.47268387992510275,0.35044477620499215,0.35069922537176323,0.16210629521361816,0.30238733023083625,0.3706110798144745,0.18814129126211726,0.35362521725903173,0.2647815686371947,0.1610693909659901,0.09367965846819809,-0.029814790448450146,0.1898469694521112,0.14681269774563893,0.37284943821304617,0.31737714485581403,0.26223156864087477,0.24536388273551057,0.21125801075846,0.5411224986188692,0.36176493482917227,0.39135561827996646,0.30964892880531036,0.3949535410865024,0.27946279826533055,0.43326067002844504,0.396784295300393,0.41013329301665,0.0,0.3887750674781779,0.35967774853239515,0.19090564877647365,0.6104930002025971,0.294622296993993,0.3135649014107571,-0.0020311948745399544,0.593519211463597,0.30135513982918505,0.3759108716742109,0.51172971036617,0.4252481330662027,0.4095281260795043,0.4908741420886467,0.2993109724766869,0.4350014896055822,0.35177027762656465,0.31022982809278715,0.3656811240345875,0.4366638566570433,0.2610646298405683,0.34428659516658466,0.23366400638616952,0.3428125922519464,0.12396039760477218,0.5459788905242271,0.15023925798345011,0.4625077819559431,0.36420011440674754,0.5624327930059843,0.47734795694733073,0.5227758113029669,0.4827613655361661,0.40373934010472284,0.4299697260473514,0.46894549660092866,0.42559421448850326,0.4970065329446256,0.40114292254182893,0.48728308069512016,0.35671669851446175,0.3278397323757881,0.3563273427978026,0.5183499867935534,0.4909396889220067,0.39305573547080735,0.4141311735534837
