0.0,-0.012192560590144952,-0.05325303131592912,0.0,-0.039036071284786034,-0.03605985796916478,-0.03997065137305306,-0.0083973508846375,-0.025333296714862785,-0.029581288283315688,-0.023049448695430907,-0.01931544681407954,-0.044901363409599326,-0.015172284737647534,0.006482593674514758,-1.605245602531724e-05,-0.020799889609262878,-0.031236956462995735,0.0,-0.019017507992902083,0.026932490812378584,-0.0010889973165840727,-0.02993936939290448,-0.00669968021784817,-0.026167006914869784,-0.02117963712832238,-0.04644586794683109,-0.037334220422480635,-0.01777521348095079,-0.008401675497123617,-0.015282735178919038,-0.02696253515628838,-0.024038931930071727,-0.0007654698440548446,0.005526016210343321,-0.0019195156288325799,-0.0012816614530904435,-0.05661976795661877,-0.0458624841665346,-0.048056684225871504,-0.022707865545323724,-0.020976709639568658,-2.4437272247213038e-05,0.0,-0.01050921803710847,-0.04543321923125432,-0.04775850053421482,0.0,0.0,0.0,-0.03327817027399155,1.1102230246251565e-16,-0.04844126444713931,0.0,-0.04335553042543927,0.0,-0.007230360691547921,-0.025368343581577635,0.0,0.008533430341418069,-0.03347366540735569,-0.04110235112117,-0.03827262185044955,0.0,-0.020521896493548797,-0.10833792167054429,-0.051694168407634467,-0.016987716180128898,-0.06681974215239689,-0.03238949208517272,-0.03251003789174911,0.020408504829334873,0.0005919802458145829,-0.03529702443644822,0.0,-0.04309168568197458
-0.012192560590144952,0.0,-0.03190654369613943,4.87177581113829e-05,-0.033567854024642296,-0.03352248111573014,-0.04916051399391902,-0.03985466536169874,-0.03716003705046167,-0.048461475139252586,-0.036132869477592366,-0.035912575821572756,-0.05141292266440595,-0.003965748322497631,-0.016783498325941948,-0.01936689158052224,-0.018400639338078173,-0.03719426413171495,-0.016290707799848758,-0.014602703240408688,0.0003123756481833717,0.006292687525270513,-0.03271407314483771,-0.03164344962094795,-0.025103539265787844,-0.02835861273177276,-0.016593345753570243,-0.05624831404644215,-0.020107534057509424,-0.0025626677740395176,-0.009623302331324857,-0.024023520418374023,-0.018502548970988297,-0.0062003780118805585,0.0011558009607500752,-0.0007447594913107536,-0.002012227024070612,0.0,-0.03541469131796826,-0.03627415177772053,-0.021416955584063646,-0.019154610069697153,-0.009826466177085713,0.0,2.220446049250313e-16,-0.02515599903693233,-0.03552099283365068,-0.0006589379532311312,0.0,0.0,-0.049057112465128505,-0.0370373509264777,-0.009190221663317677,-0.03191264708192221,-0.01635073230244427,0.0,-0.018924020380931772,-0.046555122691015194,0.0,-0.02798378872223417,-0.0212567196799337,-0.02970728247119142,-0.030328670115623013,0.0,-0.04103607153168054,-0.02082463633358561,-0.016736188474151148,-0.03879083704547681,-0.02868055231998906,-0.03633525641692187,-0.03140188109805625,-0.034409679320252184,0.008696396717286614,-0.04267958329887517,-1.1102230246251565e-16,-0.02499391445924637
-0.05325303131592912,-0.03190654369613943,0.0,-0.007822923878035237,-0.015205218415652866,-0.028572867968159,-0.04413239064738084,-0.058793300586259756,0.03780980661253097,-0.03948669100732832,-0.010212823314171171,-0.03599204470752987,-0.04361065995235347,-0.04857013741046323,-0.05847961303646099,-0.03662534107862292,-0.05944440115217653,-0.07668592963526316,-0.0065793824863035755,-0.01595465750684172,-0.06615672235590692,-0.05186382210837159,-0.03173018732128219,-0.05846805449030268,-0.046589499442899474,-0.04350336704334773,0.005929155135684594,-0.04137850674442761,-0.04935106573016451,-0.0389204781449804,-0.035234613120564195,-0.04336498648105841,-0.03749489847266535,-0.0357406182678256,-0.048064403213150586,-0.045552189224975725,-0.052286679024435734,-0.03910050916466695,-0.0843151732062265,5.004859915391791e-07,-0.07652110195641765,-0.012486924751623496,-0.04691228457266167,-0.009442548153067554,0.0,0.0,-0.030698287169796945,-0.09383880675414624,-5.488676666609571e-06,-0.05738603909682166,-0.04689168047071979,-0.0653636602354542,-0.0916195187175054,-0.10196671947434621,-0.0010284477396526603,-0.08819940846756691,-0.028030486470840443,-0.0891319160575898,-0.04458255985749976,0.0004050576209106982,0.0,0.0,0.0,-0.09765439064863823,-0.05410581450729973,-0.07551494702989797,0.0006829589221842847,-0.11200942428429866,0.0,-0.0002003339359397116,-0.05723051121867184,-0.066258548208117,-0.08429539045540585,-0.03715470249183672,-0.007257089545612216,-0.08560042223451048
0.0,4.87177581113829e-05,-0.007822923878035237,0.0,0.030079437979839113,-0.04547430135523001,-0.0363184505722369,0.03590647606754871,-0.01949728990755445,0.057989648362852114,-0.017613664764950965,0.007872326538551744,-0.03659117083646063,0.043674018094763345,-0.03709566907934969,-0.0014263788499505603,-0.00289306962310798,-2.4993726673250283e-05,-0.04280502962085997,-0.02699226475051486,-0.0014245863712817886,-0.026205022532361455,-0.011605955134273871,-0.01789524033870532,-5.437377912725916e-05,-0.022410218432011852,-0.03989894818291395,0.0017296722416221266,-0.03538897163695104,0.021712511884168006,-0.011585013245073272,-0.013502540187761258,-0.013271016085790233,-0.01514854500812901,-0.0447757514514221,0.029783796557837333,0.028196982183406938,0.005233991261485715,-0.004593915232907697,0.0004174800355843944,-0.020905432052550132,0.013079427425207901,0.025198346311188446,-0.0035992553152145446,0.0,0.0,0.0,-0.03608194612318394,0.0,0.0,-0.02903042178765225,2.220446049250313e-16,5.72014716487268e-05,-0.014880206128514373,5.551115123125783e-17,-0.008730319776230733,-0.005682593805550834,0.0008977258869589666,0.0,0.0,0.0,0.0,0.0,0.0,0.0,0.0,5.043449369585007e-05,-0.028938955810865197,0.0,0.0,0.0,-0.033483213595638994,-0.004302665312466536,-0.013981021946334604,0.0,0.0
-0.039036071284786034,-0.033567854024642296,-0.015205218415652866,0.030079437979839113,0.0,-0.02133926069419101,-0.027330748658378423,-0.05193482150876144,0.003538231927318558,-0.021120547658139033,0.000507393496498032,-0.008612436113846433,-0.017130963575172076,0.012613476955211811,-0.05833469240833633,-0.04866220803272542,-0.04302037308540152,-0.05030686640748644,-0.0184317707151595,-0.042304482082691774,-0.032959278668458436,-0.03568142097213678,-0.024976231085300393,-0.02848840494932503,-0.0376638082607928,-0.016969643952939206,-0.02381152532613301,-0.028368889756798854,-0.0459656844307027,-0.02362381026206567,-0.018710700871616692,-0.05505199362376195,-0.06500502515458029,-0.01040496118481854,-0.002106926527672026,-0.004906754850572792,0.05189429272621038,-0.00866946218253134,-0.04077609579270336,0.01011909352370538,-0.05807099141879424,0.005120619439966001,-0.0945483661492536,0.05532771762568994,0.00016168086686596528,1.1102230246251565e-16,-0.007855878102608072,-0.07154444148747835,0.0,-0.09515178919817274,-0.0502671384134627,-0.08435970628202322,-0.08738795137181621,-0.06384868681880163,5.551115123125783e-17,-0.04772042807716437,-0.01785593157252524,-0.05276855119847257,-0.07423669245852671,-0.004921848068964452,6.107784315084741e-05,0.0,-5.551115123125783e-17,-0.045253488610919046,-0.026043382957482875,-0.0004521868460061751,-0.023792772846630283,-0.06276889268726121,0.0,1.6046185166318505e-05,-0.023155853889268052,-0.04919146702153221,-0.04578783697953315,-0.03832218477703497,1.1102230246251565e-16,-0.028475615090562234
-0.03605985796916478,-0.03352248111573014,-0.028572867968159,-0.04547430135523001,-0.02133926069419101,0.0,-0.05021311802534084,-0.06125056746066293,-0.019894620931223517,-0.06471065955445682,-0.024149572334781377,-0.043069570584922,-0.04498234161837855,-0.030990195827711398,-0.06157234849379717,-0.039708251105076586,-0.04338776599824368,-0.04139384417967168,-0.012083650523776579,-0.04195852089947966,-0.04547914077926607,-0.03441027364035876,-0.060702619968014626,-0.047005838585509885,-0.03925422336338108,-0.022745697926233988,-0.032277650329610164,-0.03564745394199342,-0.015697874410170454,-0.04411988146677859,-0.038076917905965735,-0.04307612547033274,-0.015289181412852515,-0.03281387465339747,-0.03231704838476679,-0.06650324871226093,-0.052031704770903575,-0.043941768040022366,-0.030261067581229817,-0.04353530261840177,-0.021700326929753322,-0.0160992881809624,-0.07114298753462084,-0.029358129581361303,-0.0015907528338484633,-0.027738255878430096,-0.049820948127916154,-0.06673607332885467,-0.020698369852558796,-0.08334096781913092,-0.04945177840794612,-0.0705891573310764,-0.06826893187072874,-0.060424369408910106,-0.04724870827246175,-0.040353888321786935,-0.02709462198248125,-0.05434868061160392,-0.10027277460388728,-0.030846536565408422,-0.03046099381481654,0.0,-0.0278320661328349,-0.0712257375509383,-0.027100150810241586,-0.047485772260087544,-0.03663621164561309,-0.05857577762639793,4.2406630486213626e-05,-0.03544044176743649,-0.04311850338629819,-0.0584582580613332,-0.032753198207418455,-0.024162043722726012,-0.02776143884827953,-0.035601546546928486
-0.03997065137305306,-0.04916051399391902,-0.04413239064738084,-0.0363184505722369,-0.027330748658378423,-0.05021311802534084,0.0,-0.05222417434128007,-0.023469456978944148,-0.017690421110740373,-0.0327718447227871,-0.00988032743017142,-0.04114051263413304,-0.04324282919177863,-0.022400016229770947,-0.05125789858714819,-0.04587605638069442,-0.05103827045346665,-0.04482535389624259,-0.05822722048016121,-0.044685658319429,-0.043809647364920656,-0.04850160061771852,-0.024759577076096606,-0.04498407330762716,-0.02750263495629074,-0.04919862478283549,-0.05985504120805657,-0.05387476206789399,-0.038632306478045164,-0.03394641103254881,-0.034385965631072934,-0.015249247724841763,-0.018427284261802734,0.014035589255856518,-0.045401045890528124,-0.022251979281655065,-0.009088974282271511,-0.032304428320675926,0.010851996266400987,-0.005953833874859427,0.016240155740062046,-0.06300251022382869,0.006674710851417076,0.000516001108082309,0.0,-0.03053446492536216,-0.056435648536369065,0.0,-0.0901218536289326,-0.05398642982000701,-0.07429067313621607,-0.058670549666500094,-0.056813935105213265,-0.022685127730912136,-0.0174644040627443,0.0009897679555599947,-0.06385981114417083,-0.021651463153166517,-0.01407232171889411,-0.021153573033487805,0.0,3.4693071911062745e-05,-0.029254483599717107,-0.04528731634651417,-0.022281618387785196,-0.031049244967750855,-0.06247199387307778,7.710506544666984e-05,-0.03044536870098069,-0.02915517416301333,-0.06238186515648858,-0.044921578180163624,-0.0492465399525272,-0.0270790606710406,-0.0468920233180139
-0.0083973508846375,-0.03985466536169874,-0.058793300586259756,0.03590647606754871,-0.05193482150876144,-0.06125056746066293,-0.05222417434128007,0.0,-0.03466771833843091,0.004054393759822139,-0.018417593925913744,-0.009563112196541657,-0.03700876567204109,0.012914707590503949,-0.030016938962647233,-0.017927596951834046,-0.0018718459664699427,-0.030195539152140072,-0.0452963166771535,-0.056455222947721595,0.0026024898611688996,-0.04989350407410259,-0.033389070272919597,-0.013519373354189235,-0.025015927287557083,-0.028339943864716277,-0.06591487431494075,-0.0379756950685452,-0.02468766969350078,-0.03888805824171776,-0.017747947732679625,-0.00940621657262769,0.006068277657132082,-0.020895862424410494,-0.018297191560691706,0.026380747481432154,0.009777078934973149,-0.019524521152504637,-0.037707759083102366,-0.04257363434490247,-0.02198522918351492,-0.018141837239144754,-0.053610146639169354,-0.006189184744331999,0.0,-0.035272535375305,-0.029188257168790477,-0.06622395259076508,0.0,-0.05788336736469302,-0.04291660049706003,-0.06887794941913028,-0.09665464808683677,-0.050555662417678726,-0.00010041211425226848,-0.03154992474561047,-6.314766942183692e-05,-0.05395436940904719,-0.09018911274162034,-0.043381872896310236,-0.016732390981659184,0.0,0.00032286634903649913,-0.036465921746514585,-0.05332800399419285,-0.003169061418616337,-0.034024371308168266,-0.06779723229892404,-5.551115123125783e-17,-0.04288712537511313,-0.01973579363758099,-0.08417955825745072,-0.020453561692854838,-0.039635807545263524,-0.01133039722854795,-0.04905574443240496
-0.025333296714862785,-0.03716003705046167,0.03780980661253097,-0.01949728990755445,0.003538231927318558,-0.019894620931223517,-0.023469456978944148,-0.03466771833843091,0.0,-0.026494573194501214,0.013906810071167619,-0.016596171132498394,-0.020770282090196712,-0.032990688959199876,-0.06353388952744238,-0.0485431073088437,-0.02920158520020777,-0.07043895190082755,0.013178813974831283,-0.04861115400364158,-0.04132496120403545,-0.03661231787377783,-0.020752511868948498,-0.02678500390604366,-0.05394917079150069,-0.027612600375411966,0.003924824289787243,-0.02586582648342156,-0.04280469910619167,-0.04123840509396609,-0.01925572325475078,-0.01994928605644608,-0.053381736068143004,-0.015542776971590233,-0.01677904222354587,-0.029129209526608912,-0.020533037484654182,-0.016331765693194222,-0.04463259203555381,-0.002471884531931978,-0.06564968053864151,-0.04139104561672119,-0.03551179845707325,-0.014422822251742351,-0.011372279212222558,-5.551115123125783e-17,-0.04868898584585635,-0.038143875744998224,2.6367860064269166e-06,-0.07102851077971273,-0.027853107672539845,-0.05470876623628068,-0.0629834052634517,-0.04772677899513278,-0.0196348921398099,-0.027701257860735684,-0.024388712686306047,-0.06657540950100804,-0.037500485942292994,-0.034621264577685995,-0.017417952612420518,0.0,0.0,-0.03647697323842519,-0.0490237686937216,0.0032376164549746123,-0.030808082950133375,-0.0489452741349608,3.2451776647957065e-05,-0.01314186728180089,-0.037871819655382166,-0.043114905406775095,-0.055527834336127346,-0.052699898644165855,-0.02226191262371957,-0.07208617034702353
-0.029581288283315688,-0.048461475139252586,-0.03948669100732832,0.057989648362852114,-0.021120547658139033,-0.06471065955445682,-0.017690421110740373,0.004054393759822139,-0.026494573194501214,0.0,-0.028677110853140175,-0.041619306727907035,-0.02707677328814667,-0.01511306232160764,-0.03633229432389995,-0.016071144504735957,-0.027897809311796695,-0.03142430121476797,-0.04095253425424311,-0.03330699558799005,-0.01630006731598871,-0.031079855676170276,-0.019759847079743098,-0.05982735864341765,-0.03416387490372935,-0.03635034023103767,-0.05656213498141932,-0.012349105359564572,-0.050129237637744906,-0.020982020362982468,-0.028014786867637753,-0.00025000628154858706,-0.026325015334607016,0.005828530104003304,0.0357079738756223,0.052944241080635335,0.034978678554821674,0.0006933375355521743,0.04446482685985853,0.004296763058733999,-0.01269513673549244,0.046942851860130974,-0.03377237491661528,-0.011371503761842983,-0.03553522328245967,-0.04667556494681463,-0.00882914478022534,0.00028809118521910815,1.4972036221250207e-05,-0.0011595186948261116,-0.04255487795859131,-0.02953445582549219,-0.014048530432438366,-0.0060407036183953156,-0.0664408393820684,-0.02388152457383025,-0.06225312311540365,-0.0382748590135778,0.0,-0.0007039163099831769,-0.0037354851324912786,-0.025785151887173396,-0.02718561042670936,-4.921386763723223e-06,7.996009890959277e-05,-0.028996701227825605,-0.009337273081815367,-0.028013208168506443,-0.04767515524295318,-0.02005550071916462,-0.047641042419791446,-0.03491716665222411,-0.026456294070020092,-0.044315147579641556,-5.551115123125783e-17,-0.050737246784151036
-0.023049448695430907,-0.036132869477592366,-0.010212823314171171,-0.017613664764950965,0.000507393496498032,-0.024149572334781377,-0.0327718447227871,-0.018417593925913744,0.013906810071167619,-0.028677110853140175,0.0,-0.02093262821023434,-0.02847319871116666,-0.021996448237065536,0.0,-0.00021972565724803772,-0.04095106580941277,-0.03858302628310173,-0.02255642525798046,0.00012771326566796137,-0.054231083174693384,-0.018601003304959063,-0.015000426612090112,-0.029531082075901105,-0.044397383744054664,-0.0313779883433109,-0.015052052124778503,-0.025571550705839385,-0.046491771533652415,-0.01666561838763364,-0.0282478623360925,0.0023912012938964167,-0.012627363394981828,-0.020380914075674494,-0.02709259656295565,0.0027134506021154747,-0.008221997548913451,-0.021657622163942736,-0.05635124991971158,-0.014613289976013077,-0.029301341982603035,-0.025367604368986385,-0.07923025932439087,-0.025696874785901602,-0.0074776131860409545,0.0,1.1102230246251565e-16,-0.05155144780823645,5.105814436801026e-07,-0.05950452740688272,-0.03157818768020226,-0.09809367389990037,-0.16159338882698554,-0.03172557666391157,-0.0642390944167604,-0.0651585291968017,-0.019623655413442687,-0.07701967184743103,-0.05825405795705696,5.551115123125783e-17,0.0,0.0,0.0,-0.06128067016511052,-0.011592439686030409,0.0,0.00024461329772801355,-0.054770405550460144,5.551115123125783e-17,0.0,0.0008770924188537532,-0.05293952867598817,-0.08558140273272502,0.0014352263885480943,0.0,-0.05442083597397779
-0.01931544681407954,-0.035912575821572756,-0.03599204470752987,0.007872326538551744,-0.008612436113846433,-0.043069570584922,-0.00988032743017142,-0.009563112196541657,-0.016596171132498394,-0.041619306727907035,-0.02093262821023434,0.0,-0.01991198124287441,-0.00835487474746427,-0.010764870731306608,-0.025152025917086318,-0.042985578451186834,-0.027185834076013826,-0.03735602946720806,0.03150743596723227,-0.00638519031239787,-0.01656701562932672,-0.00573498670601319,-0.039772347560564913,-0.0414431272289571,-0.03792799466781133,-0.038032642078072,0.003434272411911632,-0.0787586972939891,-0.054416004375408444,-0.017364408563675715,0.0274928728897037,0.00032731994132162434,0.03180727726591692,0.015384470380285176,0.024698463080922273,0.015502402821299666,0.04725897454509356,0.11013911281243766,-0.009812943058528867,-0.00965450666615697,0.026960812523807165,-0.016530707616716267,-0.0060372811672723126,-0.019339753100862778,-0.02533303149163324,-0.02262362144568497,-0.006658701934819822,0.002395061948706395,-0.008833417044363634,-0.008544042717284428,-0.004233046283051434,-0.00025925370272911197,-0.010889774380865913,-0.06082513797261896,-0.008837682889218546,-0.04908924852224855,-0.020531074753357248,-3.225965583636414e-05,-4.245137583985814e-05,-0.023053841215712634,-0.022772127012356425,-0.029445447853717388,-0.01070270508980986,-0.01596400309372953,-0.03653938115902966,-0.004790665170788522,-0.025489503913428135,-0.05337954658038235,-0.021895664107562163,-0.045573629014868,-0.032960698833547186,-0.0146482210702098,-0.013207686266622554,0.0,-0.041139039466248584
-0.044901363409599326,-0.05141292266440595,-0.04361065995235347,-0.03659117083646063,-0.017130963575172076,-0.04498234161837855,-0.04114051263413304,-0.03700876567204109,-0.020770282090196712,-0.02707677328814667,-0.02847319871116666,-0.01991198124287441,0.0,-0.049618220583700356,-0.060273723212633246,-0.053110595309331876,-0.04371206166154712,-0.052447632692153134,-0.04207962820724531,-0.0645973406426954,-0.04592562601529854,-0.04964775570316193,-0.04594275265282238,-0.031802023590964124,-0.0485518921022326,-0.04275759600143009,-0.04923122339998037,-0.02932455515005633,-0.05731450011666955,-0.04406284508340408,-0.03676811912220879,-0.03619578730160228,-0.023079114671284318,-0.026165282061527073,0.0018713634504657906,-0.05374220914593292,-0.04503310783774567,-0.009986553170920953,-0.013664751897284833,0.011147797143603644,-0.04433756315750992,0.013166451362473186,-0.047683209474649935,0.05529316120054151,-0.008276550968906338,-0.059407686707880325,-0.03170972458526017,-0.06839328845952825,0.0,-0.04149966789738968,-0.05446754721316227,-0.07466384596199616,-0.05865455394407837,-0.06243275050109548,-0.017881528307202244,-0.03181044522307891,-0.00798591973297852,-0.05475672524755271,0.005820286749247616,-0.026973929347867243,-0.027485228150103347,-0.022531032025390862,-0.03795263313090774,-0.05359431610065868,-0.03603445983425574,-0.02799761786032784,-0.030723737316641797,-0.05869652198349207,5.2388999246588686e-05,-0.04132869817096235,-0.04410747717339242,-0.058204130018948974,-0.03134205024235398,-0.0403808088861084,-0.015811862826397405,-0.04813505311188854
-0.015172284737647534,-0.003965748322497631,-0.04857013741046323,0.043674018094763345,0.012613476955211811,-0.030990195827711398,-0.04324282919177863,0.012914707590503949,-0.032990688959199876,-0.01511306232160764,-0.021996448237065536,-0.00835487474746427,-0.049618220583700356,0.0,-0.008799051098494881,0.001466354781405499,-6.860732191582564e-05,-0.00023550932374838407,-0.036333637541568375,-0.004584004141107045,-0.007399676277659362,-0.0020201344394514265,-0.026023346525088698,-0.01825330025606564,-0.004603867266305017,-0.016942008198116643,-0.04740803201912436,-0.03491946448074218,-0.04004720606004941,-0.005032166574229058,-0.025594919986981546,0.015813146715712406,0.0059017746238750335,-0.03125555738268865,-0.025105455434768442,0.0356693414967828,0.013016375245012785,0.012833351076245614,-0.03979127446171482,0.0,-0.0117098768011058,-0.0008796021380282903,-0.04738686106740131,-1.4697080510939209e-06,0.0,0.0,0.0,-0.026283771216998708,0.0,-0.059978742567345034,-0.040372279236426833,-0.049679351954946105,-0.038322002662798116,-0.036258086969728764,0.0,-0.022484155179400223,-0.000458382153575132,-0.03910559972490896,-0.04025176268547581,1.1102230246251565e-16,0.0,0.0,0.0,-0.017101975720487994,0.0,-1.1102230246251565e-16,0.0,-0.053906351243082296,0.0,0.0,5.551115123125783e-17,-0.059082974409636224,-0.08794587837177509,1.1102230246251565e-16,0.0,5.551115123125783e-17
0.006482593674514758,-0.016783498325941948,-0.05847961303646099,-0.03709566907934969,-0.05833469240833633,-0.06157234849379717,-0.022400016229770947,-0.030016938962647233,-0.06353388952744238,-0.03633229432389995,0.0,-0.010764870731306608,-0.060273723212633246,-0.008799051098494881,0.0,-0.004581138084318426,-0.03161501421808144,-0.007476957725155831,-1.1102230246251565e-16,-0.022295491469049966,-0.015335511900377241,-0.00797924090061819,-0.05231859868157607,0.0037234281494375465,-0.0017596279581064689,-0.02317783174316912,-0.056685585982997166,-0.04356525619071949,-0.02606909866724494,-0.017033732867736573,-0.018920723940446582,-0.014956578388411357,-0.009300717975795902,-0.006932802701605512,0.004253855259434947,-0.013680704049044423,-0.009494302836727364,-0.00029438291650091264,-0.03158458974564582,-0.026297647639658694,-0.026139305195273632,-0.019778615205940375,0.020501644612161085,0.003636566000409569,0.0,-0.020368476240898825,-0.028269822506182096,-0.030773016049796764,0.0,0.0,-0.014932527844730814,-0.02804685952484759,-0.04933364330896589,-0.012257335030925298,-5.551115123125783e-17,0.0,0.002067250440860424,-0.02355223179060717,-8.36973567475141e-06,-0.07985925961171797,-0.026228668686265333,0.0002925619232790888,-0.018591190886400877,0.0,-0.09205261390847591,-0.024783565304572763,-0.04971117875979125,-0.07605829425050753,2.6473151886197144e-06,-0.012855798361993687,-0.03099047403416394,-0.08054085644773823,-0.04804862581289476,-0.02833076150060304,-0.04150935628970942,-0.03665764984431302
-1.605245602531724e-05,-0.01936689158052224,-0.03662534107862292,-0.0014263788499505603,-0.04866220803272542,-0.039708251105076586,-0.05125789858714819,-0.017927596951834046,-0.0485431073088437,-0.016071144504735957,-0.00021972565724803772,-0.025152025917086318,-0.053110595309331876,0.001466354781405499,-0.004581138084318426,0.0,-0.009242326348474494,-0.010822327298034895,0.00041440514871543543,-0.01736388104479003,0.0016808392261825622,-0.003984678950035847,-0.020994260368312367,-0.025611629282503712,-0.037422546589740646,-0.005484672988397887,-0.02690145182335152,-0.05041882599317005,-0.03466945987390224,-0.03277050295056366,-0.01820352024003541,-0.03680101031753463,-0.00954272386040611,-0.023466978268651628,-0.0018054057616636587,-0.0015266714789338165,-0.016491355193868518,-0.035919016782120394,-0.014022557141879055,-0.018003816272207096,-0.0034452786151732973,-0.005230705900292787,1.0913496722386729e-05,0.0,0.0,-0.017963626349700113,-0.01855056621907386,0.0,0.0,0.0,-0.04746864328087247,-0.031039858331808223,-0.031171303959167118,0.0,-0.029131217594972503,0.0,-0.01563944118515831,-0.03266688279717861,0.0,-0.028974211198079636,-0.004542251373055639,-0.01939216209122857,-0.02303788038728627,0.0,-0.010437478207668882,-0.009965773636270603,-0.014064725012983448,-0.046717121402580775,-0.03198606313132901,-0.02262172529120343,-0.017645293728630718,-0.037533808030431604,0.008348641288630165,0.0006163191321432726,-1.1102230246251565e-16,-0.010823208691939201
-0.020799889609262878,-0.018400639338078173,-0.05944440115217653,-0.00289306962310798,-0.04302037308540152,-0.04338776599824368,-0.04587605638069442,-0.0018718459664699427,-0.02920158520020777,-0.027897809311796695,-0.04095106580941277,-0.042985578451186834,-0.04371206166154712,-6.860732191582564e-05,-0.03161501421808144,-0.009242326348474494,0.0,-0.015873842054541176,-0.04561449908490328,-0.010458164078159582,-0.016567673060923604,-0.006690229415940829,-0.03969288137496968,-0.03077405770399594,-0.0014254724794767748,-0.030334835669018734,-0.039198419719900846,-0.03834891058201639,-0.022351748142784233,-0.002387647584180752,-0.02658800312480314,-0.05767260769537863,-0.03878053947089288,-0.020123677917390947,0.0019764980166046553,-0.019559110953746572,3.0262831710092808e-05,-0.012699664085553897,-0.017424770676868817,-0.0166318432573882,-0.026136570867809628,-0.0442092700319594,-5.551115123125783e-17,0.0,-0.01057581581205852,-0.07964873967452668,0.0005628842049738569,0.0,0.0,0.0,0.0,0.0,0.0,0.0,-0.0673254600684981,0.0,-0.06925073645471946,-0.007533389385180056,0.0,-0.00012191317370346955,-0.021005238377937552,-0.03912138643472324,-0.04033333067460537,0.0,1.1102230246251565e-16,0.0,-0.008537987171455097,0.0,-0.06302714817289301,-0.02879914946310702,-0.042095924381466754,0.0,-0.009894758232671608,6.577093467563522e-05,0.0,-0.03165401764931974
-0.031236956462995735,-0.03719426413171495,-0.07668592963526316,-2.4993726673250283e-05,-0.05030686640748644,-0.04139384417967168,-0.05103827045346665,-0.030195539152140072,-0.07043895190082755,-0.03142430121476797,-0.03858302628310173,-0.027185834076013826,-0.052447632692153134,-0.00023550932374838407,-0.007476957725155831,-0.010822327298034895,-0.015873842054541176,0.0,-0.028719450851333095,-0.022669461865835183,-0.01895342315210624,-0.02395510429810227,-0.03844374725825522,-0.029491392438007413,-0.013753319194398483,-0.0200716414091357,-0.03790961236741841,-0.054493589086021255,-0.03742566968760197,-0.009674183366631728,-0.04170416119179032,-0.05676910615271347,-0.0375487004645787,-0.02202080285229563,0.0008714881281964293,0.0022530923715317064,5.0437094685051864e-05,-0.0030939525677358692,-0.03239014410858437,-0.0343253563390058,-0.029412873136235196,-0.024474724200806486,0.0,0.0,-0.024709298306665184,-0.0460784629007947,-0.03193021302342808,0.0,0.0,0.0,-0.051865062555273234,0.00021270941963097423,0.0009781011903529646,0.0,-0.0677515014922736,0.0,-0.05958775855898363,-0.03428272486093026,0.0,-0.03577282623599859,-0.02002637195677326,-0.04383957970053376,-0.04647645667473577,0.0,-0.0313831909269649,-0.018454559423691896,0.0005160081064543021,-0.05580962358608882,-0.06341589852258372,-0.036328699659453845,-0.04322255021425281,-0.018818266310582477,-0.028701901147691167,-0.05693319771803357,0.0,-0.036847414598438155
0.0,-0.016290707799848758,-0.0065793824863035755,-0.04280502962085997,-0.0184317707151595,-0.012083650523776579,-0.04482535389624259,-0.0452963166771535,0.013178813974831283,-0.04095253425424311,-0.02255642525798046,-0.03735602946720806,-0.04207962820724531,-0.036333637541568375,-1.1102230246251565e-16,0.00041440514871543543,-0.04561449908490328,-0.028719450851333095,0.0,-0.000967757630365329,-0.032300614914154646,-0.015316054360482612,-0.057986040644717796,-0.040527856375558946,-0.0361855861192632,-0.041432777568096935,0.009398419879353359,-0.03816992916164219,-0.03903718651133592,-0.04440337344360823,-0.038638979961091446,-0.029397704685463877,-0.029053320282685757,-0.035117313288654695,-0.04048709970996295,-0.0460152053173164,-0.04501848494942973,-0.02977649882505279,-0.05485592238241227,-3.912150520596347e-05,-0.013111942439597568,-0.03280216181649076,-0.03660814625139941,-0.020653343100821064,-1.6064406813953713e-05,0.0,0.0,-0.09371753341013661,-5.551115123125783e-17,-0.06261804105180202,-0.037264083013943794,-0.0642193019472117,-0.0741373824325543,-0.05203677644905513,0.00027474890726530976,-0.029840873774413357,-0.026148370230642204,-0.05794886308889602,-0.033838215811109906,2.220446049250313e-16,0.0,0.0,0.0,-0.18080969971319139,5.661603121820402e-05,0.0,-0.0002555545524896008,-0.061119785148936734,0.0,0.0,-5.551115123125783e-17,-0.060306328152615274,-0.05404875814590776,-0.03350503960920437,0.00019518706581289624,-0.036052276686199536
-0.019017507992902083,-0.014602703240408688,-0.01595465750684172,-0.02699226475051486,-0.042304482082691774,-0.04195852089947966,-0.05822722048016121,-0.056455222947721595,-0.04861115400364158,-0.03330699558799005,0.00012771326566796137,0.03150743596723227,-0.0645973406426954,-0.004584004141107045,-0.022295491469049966,-0.01736388104479003,-0.010458164078159582,-0.022669461865835183,-0.000967757630365329,0.0,-0.05026738834257172,-0.018609544127447752,-0.07141757928829562,-0.0030861671771811316,-0.03398950730544986,-0.05037495273798259,-0.03201624845322448,-0.04063422536845418,-0.012220792414141757,0.0012409700976674931,-0.011166876703959772,-0.019433355770388516,0.007236956096736524,-0.014062044432687437,0.0068028820849444505,0.012128920745412497,-0.03584876294578576,0.007630073606167742,-0.01785255625793808,-0.006149725636413583,-0.014433070625861688,-0.007667224848705301,0.03722840298180219,0.01655715056658169,0.0005187239370720298,-0.029490778550557317,-0.018550225524102182,-0.04994181625633248,0.0,0.0,-0.040470990072864754,-0.039071676668219646,-0.031117003343714977,-0.02325881942019592,0.00011961739237886793,1.1102230246251565e-16,0.0034834871243520915,-0.042667099577899104,-1.1102230246251565e-16,-0.01397568250343223,-0.01096792423734072,-1.736101795479783e-05,-0.010334099954371567,0.0,-0.026364540466813913,-0.016566007767425672,-0.013464052727807208,-0.04308791429388892,0.0,-0.01323677502122339,-0.01687524116093153,-0.0485644213597195,-0.030020159569828397,-0.028048403691120494,-0.04401493921559718,-0.024102238530602893
0.026932490812378584,0.0003123756481833717,-0.06615672235590692,-0.0014245863712817886,-0.032959278668458436,-0.04547914077926607,-0.044685658319429,0.0026024898611688996,-0.04132496120403545,-0.01630006731598871,-0.054231083174693384,-0.00638519031239787,-0.04592562601529854,-0.007399676277659362,-0.015335511900377241,0.0016808392261825622,-0.016567673060923604,-0.01895342315210624,-0.032300614914154646,-0.05026738834257172,0.0,-0.002631880203136483,-0.03874835324746462,0.007871994074556077,-0.008575443481998124,-0.002314670833540311,-0.057240804924212296,-0.03216109855838761,-0.021373290346207885,-0.02843455202582157,0.0003720648342614985,0.002648532591464303,0.013413289241918647,0.01065680578657957,0.03811501056292399,-0.019740773463257588,-0.03300535509682184,-0.008725845953564404,-0.0360276274349251,-0.036150611876465344,-0.030876405679371777,-0.040218106066830905,-0.010877260904229302,0.0,0.0,-0.049705364054040635,-0.02350574366371372,-0.05365696713345186,0.0,0.0,-0.002229118631151328,-0.030328608437803717,-0.09134313599596372,-0.010349195141031609,-0.02296466953116788,0.0,-0.024163761645583426,-0.038351854871699564,5.551115123125783e-17,-0.029361112837107073,-0.034761594245152516,0.0,-0.019691567965809453,0.0,-0.03804569381221862,-0.033639609348913746,-0.038473218936169895,-0.04958241747468645,-0.0032215225171863815,-0.01079746831025552,-0.027304815162362772,-0.05064837299978142,-0.01858490081913977,-0.028758468509226087,-0.03649071738237719,-0.034320224257377296
-0.0010889973165840727,0.006292687525270513,-0.05186382210837159,-0.026205022532361455,-0.03568142097213678,-0.03441027364035876,-0.043809647364920656,-0.04989350407410259,-0.03661231787377783,-0.031079855676170276,-0.018601003304959063,-0.01656701562932672,-0.04964775570316193,-0.0020201344394514265,-0.00797924090061819,-0.003984678950035847,-0.006690229415940829,-0.02395510429810227,-0.015316054360482612,-0.018609544127447752,-0.002631880203136483,0.0,-0.04158194192274994,-0.04042790013422004,-0.02682670855452607,-0.020394533931875403,-0.02613635530377817,-0.06332560548018457,-0.023069673209669572,-0.05135738268117318,-0.015349688309985343,-0.010237040099887351,-0.0006250607055206525,-0.018095847193661863,0.00871124307274207,0.03645570463154979,-0.034704454854168176,0.034095286362385735,-0.011043599318679043,-0.008195667501356363,0.0005116524755522378,-0.005815310647585448,0.0016038126636528927,0.006493269106178645,0.00012690902935069692,-0.0004450121231340809,-0.020414087968030015,-0.0278921415054732,4.6024150339163405e-06,1.4149960029241626e-06,-0.02441564917840816,-0.03379001630165296,-0.02851496760425165,-0.026941191067513137,-0.007851116934110336,0.0,-0.015970881260368386,-0.02871781112843247,0.0,-0.014298563628556304,-0.010854853889082139,-0.020771367308024646,0.004760000946034348,0.0,-0.012616995165925071,-0.012211848302340678,-0.020178809470699055,-0.01695426001884842,-0.011017692168300564,-0.007780402110792173,-0.021193272664060403,-0.033526930170435454,-0.012868280820236444,-0.021320617537898823,-0.011200332984943384,-0.0026719431031171914
-0.02993936939290448,-0.03271407314483771,-0.03173018732128219,-0.011605955134273871,-0.024976231085300393,-0.060702619968014626,-0.04850160061771852,-0.033389070272919597,-0.020752511868948498,-0.019759847079743098,-0.015000426612090112,-0.00573498670601319,-0.04594275265282238,-0.026023346525088698,-0.05231859868157607,-0.020994260368312367,-0.03969288137496968,-0.03844374725825522,-0.057986040644717796,-0.07141757928829562,-0.03874835324746462,-0.04158194192274994,0.0,-0.020208536027169044,-0.030054163557187707,-0.039960835319555355,-0.01695510342820622,-0.04322588131546479,-0.03892824329497108,-0.041351323733036294,-0.033471251635467714,-0.038755866824555785,-0.007324921259589168,-0.03678274623421324,-0.038048163644810784,-0.04591728553083718,-0.049078073689594715,-0.0522718307284874,-0.043507162124804155,-0.03631753204407062,-0.025960196851340267,-0.030205073671348226,-0.07296146771868028,-0.03825461816945719,-0.004779139741338145,-0.020255980698444087,-0.04344910547003705,-0.02109940167538732,-0.023167975196599355,-0.07492521559672977,-0.044348969283066864,-0.0665069122205218,-0.08598528321712584,-0.06006956746452724,-0.04751356717948646,0.00250488335437532,-0.03244863396376346,-0.05801550322187554,-0.06467937741911278,-0.03948148411059016,-0.022168676163359935,4.223259619240416e-05,-0.0364983236101592,0.001175821246346409,-0.03609862051956214,-0.06140599645633288,-0.04330017848185652,-0.05633108784802232,0.0001627560171904574,-0.04055334993132975,-0.04570264255408657,-0.06037872578932263,-0.03638094364180733,-0.03562004356088827,-0.032518290776401115,-0.045912888504869576
-0.00669968021784817,-0.03164344962094795,-0.05846805449030268,-0.01789524033870532,-0.02848840494932503,-0.047005838585509885,-0.024759577076096606,-0.013519373354189235,-0.02678500390604366,-0.05982735864341765,-0.029531082075901105,-0.039772347560564913,-0.031802023590964124,-0.01825330025606564,0.0037234281494375465,-0.025611629282503712,-0.03077405770399594,-0.029491392438007413,-0.040527856375558946,-0.0030861671771811316,0.007871994074556077,-0.04042790013422004,-0.020208536027169044,0.0,-0.026132798310380345,-0.0297715514466933,-0.04315411401860286,-0.022460973195061518,-0.0378373285746299,-0.007727230027789467,-0.025207665113289313,-0.0010701541186409758,-0.03593485496794313,0.010325441330501617,0.06575980531657821,0.028016901980223663,5.716701970592819e-05,-0.03279000341360333,-0.004301266043237606,0.014769347858748283,0.010794252262150306,0.06172384735699887,-0.010861408594581401,-0.0022615411110302186,-0.004551749175869868,-0.06998953304389777,-0.030097585261257775,0.0,-5.551115123125783e-17,-0.00016681101785437358,-0.002894236227004743,-0.00014294071244058681,-1.6653345369377348e-16,0.0002971595373309488,-0.05425554890704426,0.00021860698040732096,-0.04476230878270915,-0.023435877630413104,0.0,-0.00045190452028953665,-0.02992036153155525,-0.046167851490776124,-0.04792847479077511,2.032802116658239e-05,-0.0007744471300944467,-0.0001142953429986715,-0.01871338240646253,-0.0005496327262033973,-0.06648462841111569,-0.03668534922546218,-0.0558757829121867,-0.003110247083888462,-7.259812696280843e-05,-0.031505964108127726,0.0,-0.047389217184152066
-0.026167006914869784,-0.025103539265787844,-0.046589499442899474,-5.437377912725916e-05,-0.0376638082607928,-0.03925422336338108,-0.04498407330762716,-0.025015927287557083,-0.05394917079150069,-0.03416387490372935,-0.044397383744054664,-0.0414431272289571,-0.0485518921022326,-0.004603867266305017,-0.0017596279581064689,-0.037422546589740646,-0.0014254724794767748,-0.013753319194398483,-0.0361855861192632,-0.03398950730544986,-0.008575443481998124,-0.02682670855452607,-0.030054163557187707,-0.026132798310380345,0.0,-0.026215291866673318,-0.028296019842958653,-0.05094927435290969,-0.032483772263651844,-0.030161308486479133,-0.035308365736792524,-0.044545738371678634,-0.02229867468694907,-0.020813376380852233,0.0042649139533011415,-0.011436898293359643,-0.008694677030977094,-0.0013265866806397852,-0.037698313036935494,-0.03477237200229938,-0.02596138499577083,-0.024262681720163937,0.007170349004455789,-5.551115123125783e-17,-0.020558245864587932,-0.03314497588242549,-0.039138283055108636,5.551115123125783e-17,0.0,2.220446049250313e-16,-0.053555352779727505,-0.036995008365478144,-0.017231904015461708,-0.00107301872496951,-0.07391376802178173,0.00041236894869206564,-0.06790795503296332,-0.0464516651088151,0.0,-0.03918774207000986,-0.026030230075495486,-0.03966184923804,-0.05083222105888047,0.0,-0.017098695090642047,-0.03939571505222561,-0.021504376430220684,-0.04969999523107799,-0.0692827068381997,-0.039390611330699654,-0.04559553743895545,-0.040869438687393345,-0.039958267678896986,-0.03863750422062279,0.0,-0.03911991925682706
-0.02117963712832238,-0.02835861273177276,-0.04350336704334773,-0.022410218432011852,-0.016969643952939206,-0.022745697926233988,-0.02750263495629074,-0.028339943864716277,-0.027612600375411966,-0.03635034023103767,-0.0313779883433109,-0.03792799466781133,-0.04275759600143009,-0.016942008198116643,-0.02317783174316912,-0.005484672988397887,-0.030334835669018734,-0.0200716414091357,-0.041432777568096935,-0.05037495273798259,-0.002314670833540311,-0.020394533931875403,-0.039960835319555355,-0.0297715514466933,-0.026215291866673318,0.0,-0.042102353727507036,-0.04662986567331179,-0.02688431743472608,-0.04520163345921835,-0.023713725403025354,-0.02763202636541867,-0.014592322093986643,-0.017480021861656314,0.0008491145705292191,-0.07509566576968613,-0.028814507321929528,0.019327225397692993,-0.0273313051282576,-0.026718812792036972,-0.021808429060952872,-0.008822230136918852,-0.03520492982712731,-3.969151142457772e-05,-0.01804754339572845,-0.02819104165420372,-0.02659436982497998,-0.007603368571527991,0.0,-3.308258333500902e-06,-0.0483006969000393,-0.04121983585792227,-0.028891560443307873,-0.022332355638946755,-0.07849012098605368,0.0,-0.0783640602040816,-0.04671048057031507,0.0,-0.028185999852500254,-0.018052898150810737,-0.05241070667555081,-0.042832390941314635,0.0,-0.03730668760159711,-0.02404934924985519,-0.026635389600531523,-0.042897349586178246,-0.07747200594750997,-0.037712204831128804,-0.0347355133728211,-0.04128037928053624,-0.041216265307613464,-0.04807217859653795,0.0006955725968164073,-0.02584166693577239
