0.0,0.07965313993541145,-0.0010128327292219796,0.0,-0.0018695060344870451,0.011757093796561868,0.007645974443283021,0.06438538811072714,0.006570288233655741,-0.005889122601129837,0.008279750781334527,-0.008963818914365929,0.03836325098527077,0.02315977189788465,0.03415679696034485,0.04451473437374304,0.01678492350440486,0.02286363580210765,0.0,0.014078163615937778,0.15222685402386454,0.04914653099124011,0.0446755472491282,0.057629804216167646,0.02360135213379605,0.006975100172597171,-0.020468787844139302,0.04349333699089181,0.04438062256507247,0.034591993897258144,0.026875007446133803,0.055753730188296546,0.06956930610043333,0.0718698118731696,0.09357646757629118,0.07723696571217137,-0.0007990715966728623,-0.0035924010954382912,0.034809368271667473,0.0017715391967809135,0.03396418483247837,0.07885628095038838,4.367641216251883e-05,0.0,-0.0032002444544119157,-0.0069391784963829806,0.026004827165845623,0.0,0.0,0.0,0.04924438805393344,1.1102230246251565e-16,-0.04285413864526688,0.0,-0.00867785503391949,0.0,0.0034813097964034867,0.010550814755549476,0.0,0.037420292911658826,0.01930441754646528,-0.04263910531389048,-0.02154364543794879,0.0,0.01729244967961857,0.17322742808009262,0.046892638852792434,0.014919798112283389,0.03330196766099691,-0.003734120210185321,0.019842134660558675,0.0015015000148506652,0.00041857147082852153,0.016467635377758694,0.0,0.019511932807972143
0.07965313993541145,0.0,0.062288881890084524,-8.70726021047763e-05,0.025747938779292157,0.01338852277019642,0.025984540308172543,0.009367396048402032,0.017866434752071503,0.03767698123894658,0.006049325869919242,0.03566156358532663,0.017012243990147446,0.0017749691108714383,0.03005719938082968,0.011206558560718893,0.009218395183333783,0.0024675239673638827,-0.017524408961452353,-0.013440620666829994,0.07258181642224099,-0.023226655791670048,0.011850422170356256,0.027454072028141818,-0.024322463908355185,-0.05121967302684971,-0.00026855049726781655,0.038891027500943254,0.009704265922659494,0.02123417301539432,0.01162190004991187,0.04812538020312568,0.07889605268984207,0.044201276340970264,0.04896437171762502,0.027306932624995228,-0.002534537851454244,0.0,0.06137597895840391,0.04014440147212739,0.08396267302911553,0.01991950207010612,0.006306763572880625,0.0,2.220446049250313e-16,0.016950130525491602,0.012658233775525884,-0.0005373975214218452,0.0,0.0,0.0033397590374550368,0.009203589027957093,0.004770100522159981,0.0009511533008763617,0.0016365356897250494,0.0,0.006216338468797877,0.009981056450080683,0.0,0.009436578321119327,0.04705043318395152,0.0015223629271576833,0.013685245450676842,0.0,0.017254915740669285,0.009774646990090008,0.018763101286391026,0.0031988103082566943,0.00817869807603605,0.007200991663010026,0.007956086307694232,0.01253628415233271,0.0028159773695574652,0.01728509512209553,-1.1102230246251565e-16,0.015309623583194931
-0.0010128327292219796,0.062288881890084524,0.0,-0.015659057684479283,0.004047542961400752,0.00826284950425038,0.001087062232775382,-0.007256945620463973,0.042619153251082065,-0.0011459402175955646,-0.003819049677473818,0.002988928447659134,0.00280700825667618,-0.012677017119882783,-0.014501015068554557,0.046655976235347785,-0.0038516540675255784,-8.375863003184936e-05,-0.0018716779650690962,0.021759010946753088,0.0031003044335689567,0.014690315852285918,-0.030745022331574168,-0.0021080254744921256,0.03835623087653611,-0.004374784097267548,0.03148280365110934,0.008944785366339414,0.0003056644632922212,0.00198343318417743,0.012013262955138049,0.014672407357924855,0.007835092723293857,0.018270998165883512,5.95335743380776e-06,0.006531455558808519,0.006802449396786703,0.007936343096353937,0.01476142280651449,-8.945119663317236e-07,-0.002450690498575936,0.0016376349805065082,-0.024365079912202436,-0.019546693218707722,0.0,0.0,-4.403014255804916e-06,-0.18766134063776724,9.809838916741143e-06,0.016638480390764376,-0.02697206074682723,-0.008630372338167436,-0.025284393446705578,-0.04733374830653708,-0.0021638814028798747,0.006573308282193824,0.00808725335064997,0.0019035895328127772,-0.021629776874582618,0.00025917341505926617,0.0,0.0,0.0,-0.1462493681697819,-0.005435230732929841,0.004139717049516656,0.0005577900133311164,-0.028560648649334608,0.0,-0.00019285949610986508,-0.011779638851030394,-0.036344387942405576,-0.005861704448419158,0.003859305596979612,-0.005940162740932786,-0.01637354864905849
0.0,-8.70726021047763e-05,-0.015659057684479283,0.0,0.02073489639534029,0.008845137803791647,0.00352261921216368,0.019809338675292998,-0.020498878390975583,-0.024138097501980538,-0.019006320731232207,0.01291445100769184,0.010132243369558314,0.045058118630724675,0.02257993324777402,-0.0006978293048441331,0.00952963976104848,4.4670955768544296e-05,-0.06441766913008917,0.045743164774684875,-0.00017435088526351894,0.05746590154241327,0.001973058565176933,-0.019391662142796418,-0.0002401848575149801,0.027892188100807958,0.0037768992966999426,-0.018888082124356415,0.013992721145142328,0.00926018555960223,-0.017328630697301783,-0.002707885665250487,0.017031125692513416,-0.01681061469896533,-0.03458051697028647,0.012455840531591378,0.011479309190604636,-0.005428236180823831,-0.009049117103718307,-0.001133310748063221,-0.003107251668762634,-0.018087290446236526,0.03184111659385275,0.004684026803138952,0.0,0.0,0.0,0.0011387630744922883,0.0,0.0,0.0038898825776267354,2.220446049250313e-16,-0.00010223543064713514,0.0007098388680669698,5.551115123125783e-17,0.0009774539811827077,-0.0005915925572604896,0.0006631326575349816,0.0,0.0,0.0,0.0,0.0,0.0,0.0,0.0,-9.014090081665982e-05,-0.0053383318353033005,0.0,0.0,0.0,-0.005353269503128866,-0.002947871275148728,0.004550606962797299,0.0,0.0
-0.0018695060344870451,0.025747938779292157,0.004047542961400752,0.02073489639534029,0.0,0.014751686308378253,-0.014996284853269759,-0.0019757352706157305,-0.010920113310327662,-0.013251097130515588,-0.031214953301384074,-0.0019227754454675394,-0.022690501672089025,-0.008781463263349887,-0.005305077886212872,0.009925940802095579,-0.007866369166284526,0.005949391174788599,-0.0020590715500136136,0.026222191321567667,0.02215081624843429,0.011203509609657436,8.842448697599092e-05,0.0032658855841296575,0.02145575315956072,0.014679343849249127,0.021689696131590608,-0.016014967062695284,0.0053683441544342125,0.0026708471540888845,0.014670778435249221,0.023742568786160156,-0.034803887247516596,0.012154033683884402,-0.013393646645469659,-0.03045017176119086,-0.04572728926631886,-0.01608317997339137,0.01652842982222541,-0.009804951374116189,0.015403066748107097,0.03724174283255827,-0.031691921368960096,0.0019382329831703626,-0.00028897006624134525,1.1102230246251565e-16,-0.001629770596395852,-0.04574168150948371,0.0,0.005877006424595765,-0.005275963725211885,-0.004814835060405365,-0.012355750417556377,0.0003745587834969588,5.551115123125783e-17,-0.018070620474146093,0.002997988193112311,0.033443499996659576,-0.024711307453897102,-0.0011349353209452184,6.160224959061988e-05,0.0,-5.551115123125783e-17,-0.009464904386873307,0.003162984418202952,-0.0003802526975332232,0.011802179056475126,-0.027357128079907644,0.0,-2.8679133655895583e-05,0.009407920923047264,-0.011301412484800322,0.00222437527257191,0.0029044806145509527,1.1102230246251565e-16,-0.0012854251870527689
0.011757093796561868,0.01338852277019642,0.00826284950425038,0.008845137803791647,0.014751686308378253,0.0,-0.007882829044984052,-0.007196714971113405,0.001941664203966409,-0.0022981170445608434,-0.009549133991396674,0.009807494058230837,-0.035599505030233236,0.02719359541303079,-0.016135971118687475,0.02240594418371361,-0.007749222974335168,0.02130147945661731,-0.010835564629566252,-0.02022192280586238,-0.0073835023274358424,-0.011616241422336637,-0.017656425371256834,-0.05068457860661557,0.027683388523753294,0.008898373385423874,-0.023754382680097885,-0.03692275436874931,-0.03320175382602869,0.021960723670387317,0.01098025670074304,0.04791939852011201,0.0350072643876056,0.037038709462778985,0.043518734583974705,0.005863482192322356,-0.0013372994406146144,0.005295159851101794,0.014309768827286073,0.044189631200313995,0.01908560247415253,0.03369858592376568,-0.02486193909351031,0.017035801635487124,-0.005875247938029293,0.01139889395747029,0.008664725929426076,-0.033895307932990004,0.010074752275717747,-0.011384355981529759,0.005427380164909179,0.0020628883322638125,-0.0009613369242185699,-0.05026338503437888,-0.026991262012066475,-0.024397216363119645,0.008608218656226296,0.015627475463025953,-0.01729295540541481,0.004853934395099901,0.006843013124953279,0.0,-0.0009455793835582149,-0.008787906420803848,-0.0027975362761595846,-0.0007854396301038569,0.018262324043447742,-0.009596803280817856,-7.57928075116876e-05,0.004601911181654261,0.01279139133080659,0.0031644027538330066,0.011263483177459066,0.027336398329359468,-0.0014782309752521816,0.006105340648966895
0.007645974443283021,0.025984540308172543,0.001087062232775382,0.00352261921216368,-0.014996284853269759,-0.007882829044984052,0.0,0.0295671898709432,-0.020128892318445557,0.009376164296695577,-0.03339136911186208,-0.005577885232668167,-0.04622065063655478,-0.01785892789085569,0.015530677107326585,0.04563717107840143,0.001923115193123659,0.036625748664050384,-0.01580826040017147,0.048968172133109056,0.020687229536051732,0.0233024679556052,0.010905906100846297,-0.014269609569970088,0.034049530394050176,0.042453430288547256,0.015128473204398418,0.006781306223609174,0.0015896721040570827,-0.0021758212312618097,0.04922522660827272,0.004053600573492744,0.009136385897120347,0.06576669599738383,0.055274788353023685,-0.03509052636990542,0.0018776780456963293,0.04779790052223937,0.012836850488713691,-0.015950369537947207,0.029864579512734135,0.006481713705236425,-0.02389570695340071,0.030298357988122138,-0.0065526419539061465,0.0,0.01626798328333401,-0.0196875689301082,0.0,0.007130581134203839,0.017060451034076274,-0.013350236413708805,0.01309388192232519,-0.009785704418511898,0.004981683677107995,-0.008595502977616187,0.008522564934078936,0.016618479535680908,-0.02220594497096401,0.005729331153639272,0.0015522163115585519,0.0,-6.200646670539989e-05,-0.0239716720602271,0.008798119642488778,0.005144615606024694,0.013128536430398352,-0.00822874931455192,-0.00013780885952435762,0.0025104108566456618,0.009445422622668176,0.002525160096780943,0.020855958799675056,0.008409115849664917,0.002541173629250326,-0.0018427010577077296
0.06438538811072714,0.009367396048402032,-0.007256945620463973,0.019809338675292998,-0.0019757352706157305,-0.007196714971113405,0.0295671898709432,0.0,-0.027508249992229783,0.0013472005169285484,0.05718759721878297,0.017953838869340655,0.0289625712650452,0.03491812445988529,0.006504062070524008,0.0567136072496216,0.002437990814799784,0.04524824311078124,-0.00044274429519369773,0.049563283161938476,-0.05215603604565733,0.023159512955903738,-0.017364492577583712,0.05178444639083657,0.031410717820369805,0.022174422086335965,-0.017478573623282756,0.03343207927260894,0.022132238020679484,0.040693035218350826,0.04250531512563116,0.04632308281521624,0.08572078899211688,0.04252531639513257,0.009783326907640277,0.061542865302396554,0.08072337510157995,0.0030201369118090793,-0.002048822273999773,0.00522051474123536,-0.004214836122680421,0.023627243442992718,-0.028497772786527376,-0.012259660589859056,0.0,-0.011923869310877966,0.003588237998345012,-0.01133703151565435,0.0,-0.004434058201900182,0.015641066709703222,0.006264987848541459,-0.07969920293246219,-0.014234861068549431,0.0001794652383387274,-0.0225352056680328,0.00011286299096191499,0.00856838643415142,-0.013642489367119037,-0.011705671904153891,-0.006732280675630586,0.0,0.0006039646487213113,-0.010569487962720503,0.0028232344971736434,-0.08915235140263411,-0.014306637935557587,-0.09235043799825576,-5.551115123125783e-17,-0.004832826584146688,0.00526040877610201,-0.004560106017886034,-0.015484108805772057,0.006562688645436909,-0.006378850416250803,0.007821824423796586
0.006570288233655741,0.017866434752071503,0.042619153251082065,-0.020498878390975583,-0.010920113310327662,0.001941664203966409,-0.020128892318445557,-0.027508249992229783,0.0,-0.003921328266927815,-0.014491778747526829,-0.008392088656569652,-0.031260279308221506,-0.03376020407074948,-0.0035257401929514876,-0.00017268381079010853,-0.007735977989432541,-0.0013192377212947193,-0.045880560628898615,0.007434353185660159,0.006392044300984667,-0.0014377552746367983,-0.005821221797012444,0.004774766883240578,0.03805410340435933,0.004318224473741861,0.03947527453025512,-0.003796504957348734,0.0067878443619063256,-0.016684974541681663,-0.004467495170120128,0.0008173444839679189,-0.01447362898635457,0.0033888403240860954,-0.007613210059339626,-0.030897628742612815,-0.014582036481268101,-0.004355693368330804,0.008285022983343493,0.013316543065829856,0.013706234378029203,0.012452340616964097,-0.029799278069944035,-0.024973670456231334,0.007121961099233687,-5.551115123125783e-17,0.00044935528753958787,-0.015373318335372588,-4.712692612818259e-06,-0.0012858606886093638,-0.014170560540107235,-0.012645048166496364,-0.05748146085690886,-0.014152589816507133,-0.007829567419638361,-0.12918062152397086,0.005731727131235598,-0.009497836352382716,-0.03351576505539261,0.0031644687952255834,0.004173011135979954,0.0,0.0,-0.012850372040530855,0.005063855510069659,0.012161968405049128,0.00976445060121034,-0.011755307152888084,-5.80006294458868e-05,0.018036028816217464,-0.0002558651727767036,-0.015514606709311485,0.0011064008276578385,0.004190107988562786,0.0014234692073786803,-0.0014083961419304458
-0.005889122601129837,0.03767698123894658,-0.0011459402175955646,-0.024138097501980538,-0.013251097130515588,-0.0022981170445608434,0.009376164296695577,0.0013472005169285484,-0.003921328266927815,0.0,-0.01624324991354098,-0.02442480861877805,2.1219964486118847e-05,0.0072498375501157675,0.008636371988273384,-0.039196067546273916,-0.05586085760752796,-0.03448102994504498,-0.009648280394445041,-0.006551269647841751,-0.0097489657948292,0.003586894476712732,0.0017635844800409362,-0.045763986151715286,-0.03279652379456305,-0.032285493660473785,-0.006410203387960223,0.020303110032456828,3.1276831292559315e-05,0.01872947649243517,-0.026958066893460142,-0.007702113948979017,-0.07955416510384375,-0.028801686892223677,-0.04446370635680935,0.06454496221930295,0.06114161056182876,0.0033756398728237436,0.020278036437720137,-0.03660590500985267,-0.03446288657816715,-0.009618884469083266,0.00544557243427507,0.0056551473485965675,0.00013300110250041852,-0.026373166048680785,0.003328811201891324,-0.0005149015495159448,-2.6759321510694267e-05,-0.0010139061039727837,0.00021217988657706854,-0.022997525275261888,0.004334921473052922,-0.014400108816439494,-0.06545053362907755,0.0037412066363554097,-0.06401441769809246,-0.03359836670459232,0.0,-0.0010527061313416741,-0.029447762050982595,-0.05794862621169494,-0.023990759110350646,8.795929207106035e-06,-0.00014291162291790727,-0.00022478391318092594,-0.01855891193270892,0.0005334163376042866,-0.05656710406733717,-0.012367218056869356,-0.053075433548012474,-0.004901663077403473,-0.025137877286310006,0.016292839949676563,-5.551115123125783e-17,-0.04833176667440031
0.008279750781334527,0.006049325869919242,-0.003819049677473818,-0.019006320731232207,-0.031214953301384074,-0.009549133991396674,-0.03339136911186208,0.05718759721878297,-0.014491778747526829,-0.01624324991354098,0.0,-0.021744383491184238,-0.01886552088056953,-0.00970467343934217,0.0,-0.00027367186943672017,-0.021678560994642382,-0.0035248911419186735,0.004024397436297178,0.00013519733832650926,0.0006518131089978674,0.005760519647351303,0.02537593395565374,-0.006349574633529864,-0.01047267809368524,-0.028156491197192324,-0.005643129547414194,-0.02369669796864049,-0.008612789213089223,0.0029052008317891342,-0.017564944871720556,0.027252164063238826,-0.014677523573371654,-0.011524166698424099,-0.016979675354620527,0.005493377484745432,-0.012275075590876094,-0.0008813004457993157,0.03161827658296723,0.012811717505385456,0.003942166341871389,-0.00797650272488537,-0.038621025814751075,-0.006865575235486587,-0.001004143139007263,0.0,1.1102230246251565e-16,-0.15790732485042358,-9.125554341071762e-07,0.002396671694153696,7.735365472844036e-05,0.002093705299019477,0.028456413849525797,-0.11386406152837936,-0.0034940461896011965,-0.006701971355080938,0.007887806957725008,-0.016700617657612382,-0.02095537167798517,5.551115123125783e-17,0.0,0.0,0.0,-0.12424608131860437,0.010289464841312101,0.0,0.00028109871405895825,-0.0087331540086788,5.551115123125783e-17,0.0,0.000528221430435627,-0.03815519649733401,-0.004537824829806469,-0.009143675628914383,0.0,-0.004978161727802466
-0.008963818914365929,0.03566156358532663,0.002988928447659134,0.01291445100769184,-0.0019227754454675394,0.009807494058230837,-0.005577885232668167,0.017953838869340655,-0.008392088656569652,-0.02442480861877805,-0.021744383491184238,0.0,-0.008763770646574132,0.003869066365289997,0.08616454262407414,-0.054536787365385975,-0.07487891540785208,-0.024310087616816634,-0.010143108333945217,0.0015053287525211845,0.04369825469650812,0.09479034674056203,-0.036797767122468794,-0.005629106695502817,-0.018959262322824133,9.700723345545947e-05,0.008468507562026939,0.02288414369813857,0.0227317047750078,0.0028676413771592246,-0.011218258917427726,0.014377325439275057,-0.01497072767024138,0.035300130562448795,0.06743834557637313,0.02051172926461059,0.03605256892545028,0.022346164584071876,0.04613800702212767,-0.029936354197249826,-0.016881204767870972,0.05733250714606797,-0.003981724425998867,-0.007297600949880301,-0.007895334236611318,0.01128868387827514,0.011536077483631446,-0.003637041954009379,0.0055462422715526205,0.00036565148739114983,0.009398858791059617,-0.0038301576295990403,0.0004633607000210649,0.0016830828026992428,-0.05091115093086285,-0.001489202462959971,-0.10748810000909992,-0.021589346085095384,5.7657254471099595e-05,7.587278028819977e-05,0.005239843163335256,-0.04797011234533999,-0.02168000303440354,-0.006233568186930383,-0.0065081786159061905,-0.03251324315669829,-0.007003768991180936,0.009473294008717825,-0.033581486360100554,-0.0028362178656031745,-0.05377745809782908,0.01463095846747453,-0.017248048503066382,0.0038914551930824826,0.0,-0.03794061339666571
0.03836325098527077,0.017012243990147446,0.00280700825667618,0.010132243369558314,-0.022690501672089025,-0.035599505030233236,-0.04622065063655478,0.0289625712650452,-0.031260279308221506,2.1219964486118847e-05,-0.01886552088056953,-0.008763770646574132,0.0,0.023780010964345955,0.02555444558645653,0.0282156689852886,0.006208106466079499,0.027078775126566312,-0.01333566900837696,0.0234616047142569,0.006808299326918843,0.017882981017976474,0.0037026530048727135,-0.0008812030144533245,0.02053053974411606,0.028316374896641128,-0.0007973633729127516,-0.045515772522111975,-0.010118343462244217,0.0064707320236452315,0.026787571193859494,-0.004551627591612872,-0.01293148077996048,0.02000277164009434,0.028204739198898265,0.00974486973494354,0.010124395740543524,0.01437466322378117,0.04995630758170594,0.022386767421085474,0.03923883930789879,0.06606278183716874,0.021151448961665653,-0.010002480077767772,-0.002248236263372505,0.017683800518000448,0.010236371003734146,-0.02431597277809222,0.0,0.009658636294309741,0.024618956783774126,0.009887931214022927,0.0043891938308481815,-0.017128652589986304,-0.0038039676821008395,-0.01616246265539656,0.002252025464783647,0.014328832744819664,-0.0011417506951753587,-0.005079992373284659,0.005785350731990047,0.00024053702749521344,0.01604656967753898,0.003941204204693793,0.007433118394161886,-0.04702130656790027,0.009348318261791111,0.0027969146243387866,-0.01364299851923434,0.007679946118386738,0.009007044879979387,0.018576740944544035,0.02994745462207915,0.027022349807991897,0.0012981828115087302,0.010410853752337301
0.02315977189788465,0.0017749691108714383,-0.012677017119882783,0.045058118630724675,-0.008781463263349887,0.02719359541303079,-0.01785892789085569,0.03491812445988529,-0.03376020407074948,0.0072498375501157675,-0.00970467343934217,0.003869066365289997,0.023780010964345955,0.0,-0.001925947772380976,0.001219062109208524,0.00012262095536097473,-0.0002710980515612804,-0.0135818950320023,0.007766232413861873,0.01215878018919525,-0.0035220550559194597,-0.00457107481452379,0.02033051670421454,0.014827329335581896,0.016993329800245593,-0.0050631346957010215,0.04019492131278468,-0.014738026106972946,-0.002506981282726195,-0.0026822259887914757,-0.03192104070658078,0.06053272662445114,-0.012640943946681138,-0.045555055553049006,0.03357352502558533,-0.0063384083174311545,-0.009570977953353876,0.020430924256778005,0.0,0.0036303792931547396,-0.0005754211919313246,-0.058109275431047214,2.62678968215857e-06,0.0,0.0,0.0,-0.007778621723396273,0.0,-0.026261941219800577,-0.007907713900074553,-0.030808465514463645,-0.006106598823717668,-0.02442856992769804,0.0,-0.02530185786477318,-0.00034715890680320216,0.006146122581795865,-0.04108117631987673,1.1102230246251565e-16,0.0,0.0,0.0,-0.013946959207174814,0.0,-1.1102230246251565e-16,0.0,-0.019905082109178962,0.0,0.0,5.551115123125783e-17,-0.00010854022143846898,-0.017175925714051354,1.1102230246251565e-16,0.0,5.551115123125783e-17
0.03415679696034485,0.03005719938082968,-0.014501015068554557,0.02257993324777402,-0.005305077886212872,-0.016135971118687475,0.015530677107326585,0.006504062070524008,-0.0035257401929514876,0.008636371988273384,0.0,0.08616454262407414,0.02555444558645653,-0.001925947772380976,0.0,0.03388585974825392,0.018826297666115654,0.03096018250693222,-1.1102230246251565e-16,0.003658822439393472,-0.0015920263137534918,-0.03010186726549474,-0.030065594482812874,0.06999680946130588,0.03974761618857908,-0.03587581022950381,-0.0462617646603487,0.047796650582711375,0.0026638812083064067,0.01150436695843371,0.05630800242532291,0.06208592122253742,0.06117551675042304,0.08418302537899364,0.06963015706552411,0.03372196214827289,0.02999996571146446,-0.0002617725471333321,0.04911918376352914,0.042922714297639164,0.06486569576878148,0.06339709755515155,0.02573568427119427,0.011371295935194814,0.0,-0.004101863778184778,0.018383735877948892,0.004769537975990501,0.0,0.0,0.05761113549020608,0.005759734194366151,-0.06379523377886792,0.009843139512594301,-5.551115123125783e-17,0.0,-0.0020249421583923843,0.008979443788256825,1.495911742221967e-05,-0.16170244315096866,0.06702925872728971,-0.0005228920402793324,-0.004667376868686124,0.0,-0.1702493290460677,0.012302471248943458,-0.18832793940652903,0.008369193937932673,0.0001298251149763341,0.011667236352476351,-0.041232971409388475,0.011693103413344508,0.020492324944706042,0.0035591041221036956,-0.0029161000154883654,0.008325782675467519
0.04451473437374304,0.011206558560718893,0.046655976235347785,-0.0006978293048441331,0.009925940802095579,0.02240594418371361,0.04563717107840143,0.0567136072496216,-0.00017268381079010853,-0.039196067546273916,-0.00027367186943672017,-0.054536787365385975,0.0282156689852886,0.001219062109208524,0.03388585974825392,0.0,-0.025714789073691624,-0.028988830240050223,0.00037486676226777815,-0.011578319417395233,0.055883709105291224,-0.014495550781058353,0.0323223402265434,0.009915863573708328,-0.01589099647563802,0.029184306970790996,0.003814911138272925,0.036187456145828745,0.023054279472914607,0.07607080288800622,-0.03795662183288784,0.030990613541410805,-0.012389849176867529,-0.012622420610399254,0.0010535982804617539,0.004592182895507335,0.0030877623273164456,0.019607906392897778,0.045410213551957346,0.020581860486190207,0.05812401852188598,0.06429413499605907,-1.950554776153357e-05,0.0,0.0,-0.003671481412658273,0.0528567936151359,0.0,0.0,0.0,0.005874268313880104,0.015182225927469983,0.021755466201042073,0.0,0.01895597479870631,0.0,0.015276334835173877,0.01040219692962574,0.0,0.0421251423521643,0.03745847896246318,-0.002762587993367316,-0.001092711806986113,0.0,0.021139091549784494,0.013598138841061314,0.04906353732102009,0.013400289805306831,-0.019172173706169526,0.015666855406287816,0.027036861132699874,0.006583371807616478,0.006709475104028362,0.002979212743617732,-1.1102230246251565e-16,0.03294676234398519
0.01678492350440486,0.009218395183333783,-0.0038516540675255784,0.00952963976104848,-0.007866369166284526,-0.007749222974335168,0.001923115193123659,0.002437990814799784,-0.007735977989432541,-0.05586085760752796,-0.021678560994642382,-0.07487891540785208,0.006208106466079499,0.00012262095536097473,0.018826297666115654,-0.025714789073691624,0.0,-0.009311408955454847,0.010774687446522435,-0.0031789261668519475,0.009017715458977893,-0.008128904903881962,-0.022529516198634747,-0.0553720515691738,-0.025902464134186787,-0.023176364153503826,-0.020390887242022593,0.020680676438137036,0.016702044138989014,0.044236629321377785,-0.05297057547924361,-0.0311987838565273,-0.0926323066036745,-0.041759909363206005,-0.06259635007299674,0.01944047211111999,-5.408835722769956e-05,-0.08373145715919539,0.005245452765953007,-0.030874777138628184,-0.03412714127842581,-0.018926331317948242,-5.551115123125783e-17,0.0,0.006202954191875554,-0.020064860387212224,-0.002730814690968697,0.0,0.0,0.0,0.0,0.0,0.0,0.0,-0.039093081600505286,0.0,-0.047687193483721524,-0.04773430389248662,0.0,0.0002178937963639438,0.01653231207714151,-0.02926504864773133,-0.002627289679628997,0.0,1.1102230246251565e-16,0.0,0.018538750895316425,0.0,-0.018847929721303724,0.004034338890537004,-0.01928911279067652,0.0,-0.014716079228757006,-0.00011755151811343456,0.0,-0.02654254530725353
0.02286363580210765,0.0024675239673638827,-8.375863003184936e-05,4.4670955768544296e-05,0.005949391174788599,0.02130147945661731,0.036625748664050384,0.04524824311078124,-0.0013192377212947193,-0.03448102994504498,-0.0035248911419186735,-0.024310087616816634,0.027078775126566312,-0.0002710980515612804,0.03096018250693222,-0.028988830240050223,-0.009311408955454847,0.0,-0.013480397991441628,0.007171654606425437,0.06247512939370731,-0.000517323316445828,0.028424919612999533,0.019408842952317096,-0.020914735055965583,0.004394041012740824,0.00550174185834057,0.03272896772174916,0.02163761985190571,0.02071519126693394,-0.026437584148705173,-0.0024247861672250792,-0.03145017960014351,-0.016922999997531274,-0.07070864915413094,0.03651580990675379,-9.014554952996301e-05,0.016215102132941805,0.008644051385502005,0.004060665117055606,0.009105430949148507,0.013027403511346014,0.0,0.0,0.023118693512201027,-2.2628119022483073e-05,0.025244627402487452,0.0,0.0,0.0,0.011251509866991971,-0.00038017272094359456,0.0010328551042147471,0.0,0.016765562960229463,0.0,-0.006504927537959282,-0.006992966879881879,0.0,0.035374928520749915,0.011605038440082371,0.006537458643419036,0.0021175487373923385,0.0,0.011479182340403182,-0.004937468152309776,0.019037490618384334,0.016024681829538256,0.01823417041046199,0.025081728557154515,0.014910425397196503,0.00010088372076316743,0.008770580918635085,-0.0005657878825564566,0.0,0.012686324364472423
0.0,-0.017524408961452353,-0.0018716779650690962,-0.06441766913008917,-0.0020590715500136136,-0.010835564629566252,-0.01580826040017147,-0.00044274429519369773,-0.045880560628898615,-0.009648280394445041,0.004024397436297178,-0.010143108333945217,-0.01333566900837696,-0.0135818950320023,-1.1102230246251565e-16,0.00037486676226777815,0.010774687446522435,-0.013480397991441628,0.0,-0.0008305754048060221,-0.001323017856049713,-0.011845937092324899,-0.03435351505401191,-0.0037750187280737313,-0.007072017078346315,-0.03236152785454566,-0.016844955695250297,-0.0026946355676113476,-0.03123300723643191,-0.004394321784949307,-0.01440857928927436,0.005911084058911664,0.006040856358630997,0.0047701160822646305,-0.027051825965157483,-0.011136586656188163,2.3720791509751482e-05,-0.021865766525122232,0.007673119241047244,6.992134672445527e-05,0.02221659749444993,0.004553096960699665,0.03417250803125871,-0.012472823379560516,2.8711700964967335e-05,0.0,0.0,-0.022719692617504506,-5.551115123125783e-17,0.004431151215330331,-0.020221212947086842,-0.009818249008871738,-0.03179543368192761,-0.011103029684055632,0.0002537702487157567,-0.12655795138342724,-0.0016707819551059488,-0.02379745781448761,-0.02079792547606374,2.220446049250313e-16,0.0,0.0,0.0,-0.0004255681567406633,-0.0001011890807404714,0.0,-0.00028519338520749393,-0.08109043920611536,0.0,0.0,-5.551115123125783e-17,-0.042871959314994657,-0.020172918061030165,0.004601277196942366,-0.00034885525065964096,-0.0022949879342202273
0.014078163615937778,-0.013440620666829994,0.021759010946753088,0.045743164774684875,0.026222191321567667,-0.02022192280586238,0.048968172133109056,0.049563283161938476,0.007434353185660159,-0.006551269647841751,0.00013519733832650926,0.0015053287525211845,0.0234616047142569,0.007766232413861873,0.003658822439393472,-0.011578319417395233,-0.0031789261668519475,0.007171654606425437,-0.0008305754048060221,0.0,-0.004049532970048675,-0.03531121818423233,-0.04020501240776797,-0.04556325787490373,0.008772747530633451,-0.003971971397038532,-0.021275180040222108,0.04404736799298953,-0.004724556728944118,-0.07858120725462425,0.01599833761618419,0.035944466372818784,0.0608636004292728,0.03565442396600377,0.03013506913575381,0.018488575423295905,0.015477632773362171,0.00043500184822231613,0.04164370254769123,0.0033656390226945443,0.05125317114550498,0.022226135902834787,0.0028634213114021034,-0.020954968292302867,0.00021931940190489385,0.019107075698194254,0.014092503055832373,-0.0019114508627348648,0.0,0.0,0.002555735961011829,0.003852675496703206,0.033514761597350284,0.008884840403661776,-0.00021379057688980518,1.1102230246251565e-16,0.00503427999242595,0.00428170218631746,-1.1102230246251565e-16,0.0009357492486251617,0.054052289836354406,3.1029116837777426e-05,0.007723441638905981,0.0,0.012109971104234785,-0.020176662763846054,0.0401408835612066,0.018392457053862554,0.0,0.004655307614573889,0.0069223702674194865,0.002152483861195653,0.008599889735326327,0.06010854536808863,-0.002184941190196077,0.04343102146966582
0.15222685402386454,0.07258181642224099,0.0031003044335689567,-0.00017435088526351894,0.02215081624843429,-0.0073835023274358424,0.020687229536051732,-0.05215603604565733,0.006392044300984667,-0.0097489657948292,0.0006518131089978674,0.04369825469650812,0.006808299326918843,0.01215878018919525,-0.0015920263137534918,0.055883709105291224,0.009017715458977893,0.06247512939370731,-0.001323017856049713,-0.004049532970048675,0.0,0.03453492497849753,0.014018458738927375,0.08568188014716177,0.05927331796974433,-0.021145972423393333,-0.032840180563782184,0.005478175710841415,0.03147257611782345,0.02728828396923555,0.07404086044318625,0.05797196855274406,0.09300470006790601,0.10035845298086782,0.08616613039816134,0.007534514790879909,0.02052062918754921,0.010833229612186634,0.06864770031825146,0.08108910386037066,0.10713545558506521,0.10609861000687992,0.014417773334212847,0.0,0.0,0.04902321977050206,0.0491616094057753,-0.011423676690326734,0.0,0.0,0.05567546707747134,0.006131840972582903,-0.012813314041592805,-0.020587517710267955,0.0008756277443744409,0.0,0.006110931096855787,0.010909086289746017,5.551115123125783e-17,0.03360770373323274,0.06508886408533221,0.0,0.008774848470529784,0.0,0.042158523296493666,0.004455946118713194,0.03789185821345159,-0.001812940772191629,-0.004000921697441817,-0.003731287884372547,0.028719281373210948,0.023565082388900427,0.005862550425839885,0.011046523266999841,0.003892215012086808,0.03749463311153434
0.04914653099124011,-0.023226655791670048,0.014690315852285918,0.05746590154241327,0.011203509609657436,-0.011616241422336637,0.0233024679556052,0.023159512955903738,-0.0014377552746367983,0.003586894476712732,0.005760519647351303,0.09479034674056203,0.017882981017976474,-0.0035220550559194597,-0.03010186726549474,-0.014495550781058353,-0.008128904903881962,-0.000517323316445828,-0.011845937092324899,-0.03531121818423233,0.03453492497849753,0.0,-0.014027909298729935,0.0007637242940552458,0.002311344688041117,-0.01967947176895074,-0.02816408533788678,0.05531535767529894,0.019790729963460374,0.13616000344744061,0.014791468398531238,0.054437903132005694,0.04307760650631115,0.050844821577535226,0.043351232452731536,0.015455869100036157,0.031420978471771,0.01172879239442931,0.05941716053410068,0.06180849872238314,0.07755715026301746,0.06983948794495409,0.0073785788162745725,0.004347827878608934,-0.0002268228228179403,0.018945581013601442,0.051912517277559966,-0.0010032834920122302,-8.22583527076981e-06,-2.529003564510912e-06,0.046921247946241085,0.00858216222373881,0.01150318833618208,0.011714838067421851,-0.005197079097896129,0.0,0.016548997233929774,0.008904475193248329,0.0,0.03483397125249316,0.06151373065191956,-0.029598354928973503,0.0009748204106403424,0.0,0.04089519755803345,0.03623081287445329,0.03906193442236744,0.014242734472627028,-0.005856609976856608,0.03534104305220631,0.028348327300659004,0.0290008317223579,0.009973094033975838,0.014210798045508066,0.017241927369232857,0.05321007556426871
0.0446755472491282,0.011850422170356256,-0.030745022331574168,0.001973058565176933,8.842448697599092e-05,-0.017656425371256834,0.010905906100846297,-0.017364492577583712,-0.005821221797012444,0.0017635844800409362,0.02537593395565374,-0.036797767122468794,0.0037026530048727135,-0.00457107481452379,-0.030065594482812874,0.0323223402265434,-0.022529516198634747,0.028424919612999533,-0.03435351505401191,-0.04020501240776797,0.014018458738927375,-0.014027909298729935,0.0,0.05625374966144625,0.02328502209695249,-0.016214701680248245,-0.01371054508034264,0.016575970866791356,-0.0023867391010278793,0.025469766213119138,0.0271714629993684,0.029156788244905973,0.05807040582761458,0.030466216635659404,0.029724821912043287,-0.0037594637477574855,0.06474136099621208,0.012504328842978973,0.0007072214030779955,0.010373246393351188,0.005589461421114883,0.017937989867346404,-0.04000620743591349,-0.0015518608045266835,-0.003049747342572018,-0.013441405307728471,0.00654945391796341,-0.0263373487216203,-0.008902930136135911,0.0031816537954214574,0.00107153265763682,-0.015951967571158243,-0.03508974768068068,-0.0031394423595061394,-0.002174199911770869,-0.04762298993081959,0.013956680779479091,0.007839489789072673,-0.012836215083922076,-0.007364571227116368,-0.0010016409321573216,-7.548175832944315e-05,0.006515069256319894,-0.014883826542419376,0.010350581185195107,-0.06923752995222343,0.011419058584626274,-0.018287998535343797,-0.00029089166813811573,0.003065449936102027,0.014343720942912419,-0.014799354173836266,-0.0024205450610604307,0.02089332529669885,-0.009246858720116713,-0.0014329521503493314
0.057629804216167646,0.027454072028141818,-0.0021080254744921256,-0.019391662142796418,0.0032658855841296575,-0.05068457860661557,-0.014269609569970088,0.05178444639083657,0.004774766883240578,-0.045763986151715286,-0.006349574633529864,-0.005629106695502817,-0.0008812030144533245,0.02033051670421454,0.06999680946130588,0.009915863573708328,-0.0553720515691738,0.019408842952317096,-0.0037750187280737313,-0.04556325787490373,0.08568188014716177,0.0007637242940552458,0.05625374966144625,0.0,0.005483891009233022,-0.0009120887352827012,-0.049099592250354485,0.01795832133831249,-0.025829061421207666,-0.004890628173114586,-0.0051474993199664976,0.016649467323943734,0.0068571124255095706,0.01844540348403695,0.02700232322916879,0.030068991133097744,0.025077927559201962,0.0005449824028767036,0.026120817923214634,-0.009107971381908775,0.004442088655752907,0.009599916403756015,-0.009666268263350819,-0.0017445541766950567,0.004615087339298329,-0.03362270597665584,-0.0007569124993700438,0.0,-5.551115123125783e-17,0.0002981391169753489,-0.00046740747848411646,0.0002554760371046849,-1.6653345369377348e-16,-0.000531109294818366,-0.0376512042679823,-0.00039071335299989407,-0.041305990570678186,0.0011150107091172923,0.0,0.001146223678887115,0.0036909759669344067,-0.02306966962552781,-0.010417473425619939,-3.633200227626254e-05,0.0004965549661299362,-0.05089868801826897,0.0010891062513776473,0.0009148387655104617,0.049699044054532016,0.006645915861531737,0.006135152656681631,0.0008345743991985954,0.01983132773373608,0.011194072437751612,0.0,-0.04200314287064205
0.02360135213379605,-0.024322463908355185,0.03835623087653611,-0.0002401848575149801,0.02145575315956072,0.027683388523753294,0.034049530394050176,0.031410717820369805,0.03805410340435933,-0.03279652379456305,-0.01047267809368524,-0.018959262322824133,0.02053053974411606,0.014827329335581896,0.03974761618857908,-0.01589099647563802,-0.025902464134186787,-0.020914735055965583,-0.007072017078346315,0.008772747530633451,0.05927331796974433,0.002311344688041117,0.02328502209695249,0.005483891009233022,0.0,-0.018098878213152925,0.013922747291580995,0.007726889320612662,0.020344318737333222,0.00937747230879149,-0.04105330007037572,-0.00588558468579542,-0.036072428310530924,-0.03022200819234594,-0.06556778702658006,0.10703483138878189,-0.008199369844524018,-0.058639559846076106,0.01883478842943881,0.007681717415011502,0.003984045196309072,0.015263597802805784,0.00511451465673457,-5.551115123125783e-17,-0.0029242114246688655,-0.007916118831130803,0.010889960996303738,5.551115123125783e-17,0.0,2.220446049250313e-16,0.0021216821620306248,0.005797647510182469,0.01354535148247149,-0.001236464903814849,-0.011961022258788756,0.000712414624617741,-0.021697376154476034,0.005486547568543498,0.0,0.0025201117404328732,0.020570067096363,0.0024811001457726856,0.006833623355001539,0.0,0.015385155767309866,-0.00952980681406651,0.016147374584940255,0.008439340714243126,0.011204128943341274,0.024819025019050645,0.010913754510828877,0.007739702378730062,0.006443196955423558,0.009407722549207354,0.0,0.003971684373795137
0.006975100172597171,-0.05121967302684971,-0.004374784097267548,0.027892188100807958,0.014679343849249127,0.008898373385423874,0.042453430288547256,0.022174422086335965,0.004318224473741861,-0.032285493660473785,-0.028156491197192324,9.700723345545947e-05,0.028316374896641128,0.016993329800245593,-0.03587581022950381,0.029184306970790996,-0.023176364153503826,0.004394041012740824,-0.03236152785454566,-0.003971971397038532,-0.021145972423393333,-0.01967947176895074,-0.016214701680248245,-0.0009120887352827012,-0.018098878213152925,0.0,-0.020591672626192326,0.018756309280148653,0.046062700840630355,0.012351504513941014,0.007288747765762993,0.05089987974127341,0.008972588772998502,0.0468326352866788,0.07726595884663268,0.03874895923071997,0.02612031302955331,-0.015384558978713603,0.0699440736196919,0.0057899374872827924,0.03083253887125409,0.10677942411096203,0.03444414078531044,7.094011126956845e-05,0.003012333232403075,-0.006960561895930639,0.017217345465955325,0.0011666300862742118,0.0,5.912806186170183e-06,0.05846407882839799,0.005368392648581299,0.010427396335302097,0.013345159199502521,-0.030809955446794657,0.0,-0.030013803099944003,-0.04237773469718692,0.0,0.04557436521185837,0.028937195817107908,-0.013786177876417394,-0.01270629201695711,0.0,0.07660213517865155,0.026230508105884065,0.055934381350268625,0.025771651545364482,0.0038384701663131127,0.010469432990728444,-0.022680791366536723,0.016411106395776476,-0.022130269000242897,0.011591470616322042,0.0009846156245336135,-0.024498545121784676
