0.0,1.1650208774403552,0.40774098674747916,0.0,0.5189740877524371,0.5864969790925436,0.6008134852530393,1.158225378127862,0.5414414771923264,0.5286801288502629,0.5875682589697042,0.5278508735341242,1.0005884756862753,0.7820473772028231,0.8161352646998269,1.0975877644137808,0.532434005832188,0.793820472291076,0.0,0.7681234005932882,1.2381801647341504,0.9845606752136795,0.9953071358434538,1.1688410455367753,0.6863785375074307,0.767668784385662,0.4842587181900778,0.8901016130365178,0.9487982612100219,0.9509750696819286,0.8584464483910642,1.1154848471162475,1.1422706060692698,1.112096903664494,1.1607788613626728,1.156993090319912,0.45789346646737983,0.5580913887385253,0.9205948075619297,0.6080153624760556,0.8289760977253169,1.0492870339249918,0.47528004661467893,0.0,0.4465152419881877,0.5521245205063446,0.847649699852683,0.0,0.0,0.0,0.9085100657249252,0.0,0.33812687664600166,0.0,0.5057018457941456,0.0,0.6163575035109219,0.8130826132624882,0.0,0.8349636023054503,0.7931619004880315,0.09410526551093829,0.3889747189854614,0.0,0.751495896745944,1.1641672857945728,0.9905723948101408,0.8105577641064041,0.7997085039197118,0.5833462818258123,0.8069016226963649,0.5051461836109401,0.4584832101406562,0.7687411453059044,0.0,0.7132541109997548
1.1650208774403552,0.0,1.0867268144124842,0.40829144187403466,0.6638666464000174,0.6287914293914495,0.7049678238891112,0.7337772111774554,0.559786578182602,0.7798296338925409,0.47894003305851773,0.7095890557508534,0.6853119058713777,0.45405247166044505,0.890202226137771,0.7609494400785559,0.6818111615452237,0.6746364467551946,0.4611756064692073,0.48353112374221857,1.1490037163810083,0.4639767355200629,0.7596231251486314,0.7085855366127779,0.3747347683171159,0.16968480643544293,0.6146231684479475,0.8326539848963974,0.586870712726353,0.6906778730211538,0.7428500158490436,1.0104851392807146,1.0047032791423525,0.8741106737907856,0.9261797396177911,0.7247684253132964,0.033670621854258696,0.0,1.1140999861616638,0.9520051880919818,1.0742433042806576,0.8093059840675203,0.6216880429118777,0.0,0.0,0.7787819395524431,0.7099331280648299,-0.03157730508920471,0.0,0.0,0.651586933793192,0.7242917068227707,0.5952034935921438,0.6856654658221427,0.5854697258076408,0.0,0.581830761045188,0.7415021833435012,0.0,0.6572414994369036,0.9682779509644246,0.5352619192202914,0.6882090986528906,0.0,0.7515867528968363,0.7554901761397665,0.8187353975816538,0.6531686973461409,0.6458688204236198,0.6200257792052384,0.6832204793623924,0.6755654088906934,0.6956706704834462,0.7779027212895513,0.0,0.7902389376669932
0.40774098674747916,1.0867268144124842,0.0,0.4558896161311152,0.6557883020903263,0.6692625554232308,0.605675774000916,0.6570480783033099,0.7446552694707119,0.577930235112264,0.589441830081498,0.645521722788985,0.6545409969797084,0.5731773482773752,0.36662147851599547,0.9710641473473075,0.613286180064364,0.5570507579039645,0.5498971237872167,0.6195814575662395,0.5543138362727795,0.7522152791649892,0.3700880060855899,0.499504603618635,0.770089728801127,0.5488597641463884,0.7547420056336672,0.7243592920001591,0.6421931583295377,0.689106559625654,0.7088379645390052,0.7277175740763908,0.5775712491985527,0.760129496798168,0.6036006620619425,0.6883375161965932,0.5865995370976476,0.6168390672079396,0.7174360763286597,0.494069909360239,0.5545120645178663,0.5574965551503367,0.5115589633066354,0.5756518883854558,0.0,0.0,0.4116042274474655,0.04383125569673643,0.4729057923438056,0.6170898811378374,0.47201953201316627,0.5693598148046828,0.5397302830332837,0.535306605296778,0.3978960946996093,0.6407607099725727,0.8451939043222273,0.6546583432691412,0.49200904915232113,0.3986276443853142,0.0,0.0,0.0,0.13028544184827767,0.6138379247319262,0.5001858649922517,0.30836952999299516,0.5235825942479999,0.0,0.5540169099688926,0.45766039818995696,0.5042823688493044,0.5772774740524287,0.6544563026655739,0.5115599137232193,0.3834151586203218
0.0,0.40829144187403466,0.4558896161311152,0.0,0.5441848515582522,0.6353851190086215,0.49456869164887063,0.660536375821787,0.49264245787571015,0.27060777642071376,0.39510469933025005,0.4454361417054813,0.5276187741162259,0.7196275972811741,0.826189530817785,0.26296154297477015,0.6656921891776031,0.4726998852474228,0.20391239192602317,0.9529702518474296,0.44548564069013574,1.029948205432101,0.6816185405913884,0.18277536203358072,0.7919444865891737,0.8754303084345628,0.667843204727196,0.2981551462094402,0.6432637846052316,0.6058256582489151,0.4322698554074822,0.39138638884001353,0.35267750963240685,0.26332576885372927,0.24559750227244173,0.3551012933773992,0.39361972761492947,0.3345962801722069,0.21169907552437967,0.3754255949123757,0.4432340131440166,0.24425984748156812,0.5652675805160683,0.35838759035259193,0.0,0.0,0.0,0.4623043123079198,0.0,0.0,0.739748880041531,0.0,0.4699400397731147,0.3737630812935395,0.0,0.3967420917836582,0.5500490069073454,0.48404557960301753,0.0,0.0,0.0,0.0,0.0,0.0,0.0,0.0,0.47358406577400913,0.5888416388152368,0.0,0.0,0.0,0.4927621331306029,0.44909931688583565,0.6969803759580145,0.0,0.0
0.5189740877524371,0.6638666464000174,0.6557883020903263,0.5441848515582522,0.0,0.6711875588432996,0.3948588928193222,0.5891585010267502,0.39175589877692507,0.5272876128039599,0.2313640141112755,0.48796374953980853,0.4516334704347474,0.3788882566182968,0.5429052306507767,0.7200099383423684,0.5618959375015876,0.5636246033789098,0.5853643107242277,0.802120647744808,0.8128984440592926,0.6454522923660643,0.5542153857853537,0.5518056010346553,0.7165447870794921,0.6882624262495151,0.7607179459971711,0.4320394613821353,0.6560053102187753,0.5826672316299395,0.6803332523120242,0.614366575790312,0.22802553343245213,0.6699371992000577,0.4032264060262566,0.20085776123273438,0.1794029538887791,0.33950616046960114,0.5629453118849875,0.37335830726701835,0.6148733871162171,0.7256156934095692,0.3634584917084516,0.5234495833674226,0.37138227935447704,0.0,0.3635204202397763,0.3273011752364179,0.0,0.5528584089402777,0.5624492817166539,0.5988813285060353,0.45213445804562147,0.5575524355684748,0.0,0.38837560628804924,0.4035523577010577,0.8728870091487415,0.37350057532138636,0.4358828680742193,0.5106651723744788,0.0,0.0,0.5497417699965119,0.5485041345900963,0.4490878095519214,0.8101670547938996,0.44737053148864836,0.0,0.4939439582192314,0.7471478349531375,0.4861160781060284,0.6359527798614586,0.5375264876002229,0.0,0.607398918039258
0.5864969790925436,0.6287914293914495,0.6692625554232308,0.6353851190086215,0.6711875588432996,0.0,0.5223961263135323,0.5521055019024446,0.48184769985237075,0.6028150209395462,0.4713438498623845,0.7952942576319442,0.2869376506060213,0.7459627241914313,0.5275482007095682,0.7668663868063867,0.4439357027410169,0.7435818744988127,0.5315366207929428,0.3974317298633375,0.5513672149916975,0.43247202410997976,0.46138060142326454,0.06377609773827789,0.784684191430175,0.7282284590535612,0.3809112027579189,0.35763519694019386,0.24088446214945944,0.8439547581242455,0.7401736573131366,1.011202988509385,0.995144761373852,0.9506386797591514,1.0001123391456423,0.6606300928073368,0.5664666597102723,0.6025115803783297,0.7057895258604175,0.6808733048140229,0.689877094971941,0.7746969429302955,0.47111149035881045,0.7313026718125638,0.2750972107816587,0.7270454009232991,0.6801385946033345,0.43714974958080677,0.8411909255541039,0.4374258805625685,0.6459400142044416,0.6560865277718423,0.6675853512883395,0.34746998074856694,0.5094880503402479,0.45183723129773984,0.47664726109466393,0.7366966907574231,0.5464249697672855,0.6289956329455438,0.6774497206450756,0.0,0.5952749256626808,0.5268178048250369,0.5812410168034514,0.42784693917435024,0.796470309320802,0.5512458450175137,0.4979738261339147,0.5881476273076522,0.7032446101918547,0.6354379325576603,0.6467015330587903,0.8108425151587539,0.5141157265347511,0.6090638677604244
0.6008134852530393,0.7049678238891112,0.605675774000916,0.49456869164887063,0.3948588928193222,0.5223961263135323,0.0,0.7347896136895384,0.4523536998250776,0.6690958059484806,0.37898677783995893,0.41329810684425156,0.21772976746944916,0.33228021621748044,0.7261991245696884,0.9349567376953369,0.6636731048980791,0.8777874713010505,0.4869653063245037,0.9656033377764737,0.6563365964304221,0.7331072156379199,0.6813531448076062,0.39700815592211003,0.834498131346382,0.9762703488529546,0.6756148062980519,0.6093164318974351,0.6199558242579195,0.5433158553410783,1.0024417352788355,0.6207960895348756,0.5999216768931248,1.0834856234359174,0.8226707363293891,0.2866540249930337,0.45928732334540356,1.0314307696646812,0.7234499532307752,0.2507072209582699,0.5859297578811057,0.5849035980741752,0.39612762430147286,1.0282963802964633,0.40499201893301906,0.0,0.7487906582256642,0.41848809060859415,0.0,0.6112597396484679,0.7256439204163212,0.5730581946893709,0.6478520153830964,0.6268947456639808,0.6768120602185095,0.4585795399634506,0.599937413720725,0.6649272986697423,0.2505540215802755,0.4829775759238987,0.5910733663975738,0.0,0.5062270458423591,0.5051802264140137,0.7439858750038688,0.5973544961825856,0.8096803143028097,0.5584946254083891,0.4635543196471691,0.6915530568883876,0.7232679125670953,0.5982021972891376,0.7054405082570596,0.6028703982359631,0.770112163941457,0.5431183651183218
1.158225378127862,0.7337772111774554,0.6570480783033099,0.660536375821787,0.5891585010267502,0.5521055019024446,0.7347896136895384,0.0,0.4972759304968319,0.5759744943665699,0.8731733106701488,0.7386974288718711,0.8141876103324668,0.9224590380194854,0.6079638238150258,1.0972027016625476,0.6035169636583335,0.905671388258461,0.6129408815487396,0.8817190409643256,0.17861341367879585,0.754031743381018,0.47618652095524905,0.933619470263358,0.8238586394259833,0.7865678445330602,0.5028341725195031,0.8595674373570117,0.6649976953049911,0.9038768771618272,0.9035027228961938,0.8621264188281279,1.0082063618043666,0.8989757674812904,0.5448438018108777,0.8890139495595428,0.7275405914128578,0.5514078923151267,0.6094315088636546,0.5677226770840279,0.38759312822164615,0.708909404985961,0.3922810036935208,0.4138354344549502,0.0,0.5477878465304354,0.4850738329551341,0.6146020846937245,0.0,0.5522562466257974,0.7487654333536229,0.6579054730350391,0.2530902892068438,0.5102362842435519,0.6480384786316515,0.44601839396369775,0.9751134390784957,0.6315683538404134,0.46724365841013626,0.5915209884720809,0.433412417743414,0.0,0.6296228043746583,0.6377191335104309,0.7266830567704603,0.3513829785620951,0.41416704146615174,0.10832522593519667,0.0,0.5017655511942152,0.5568217980295662,0.598161502024738,0.48114387295394345,0.7049299288636169,0.48877835110542855,0.5262734978093679
0.5414414771923264,0.559786578182602,0.7446552694707119,0.49264245787571015,0.39175589877692507,0.48184769985237075,0.4523536998250776,0.4972759304968319,0.0,0.614659121712341,0.35891958950366204,0.5270141842881964,0.4209716314353098,0.3876589386354444,0.7236981495825426,0.6068892653947302,0.5344442882780444,0.5813345172275577,0.119379360302546,0.648209347162589,0.5440765284533694,0.5681513100449997,0.572934424906868,0.6704162599908589,0.7662816458247435,0.6586987314267219,0.8317798758247726,0.6274290100037316,0.5532470549207641,0.526985522506053,0.6114937539414,0.6537004036040595,0.5326903771481247,0.6658604489903688,0.5515969594574965,0.42882879816737135,0.5069154938201712,0.6216457741317999,0.6436448344271868,0.6627487165519519,0.5355203173359475,0.46495086546861497,0.3757717320736504,0.4098831835549364,0.5557908523745279,0.0,0.5221857753314497,0.581379253004917,0.46924687119541597,0.6611242358463469,0.5689184068126723,0.6359125449779199,0.3414341443840189,0.5382545109868349,0.3378636932397189,-0.018918772078211132,0.520001594022197,0.5609603121800312,0.43348297998990426,0.5970645924439189,0.7097376425080814,0.0,0.0,0.5470255845538792,0.7277072472837705,0.8721709146652667,0.7831197364847129,0.5836812210538832,0.416930895185532,0.8057323753708785,0.3846437977701479,0.52091671765053,0.562660183781589,0.6609629188267052,0.5812977730732403,0.6822106020393657
0.5286801288502629,0.7798296338925409,0.577930235112264,0.27060777642071376,0.5272876128039599,0.6028150209395462,0.6690958059484806,0.5759744943665699,0.614659121712341,0.0,0.5148962902799153,0.33882612295649644,0.6236741841911645,0.6122806484632306,0.5834085375787512,0.15829571856708313,0.18738418669488,0.26278798641570955,0.5509150189224901,0.44459262976671243,0.6364057983806194,0.5473182283382281,0.5665396660134202,0.1425991309777746,0.49482315028783386,0.4479125985109508,0.4804181489789036,0.843149294896359,0.5484474059782918,0.6151117725791551,0.4555827003784458,0.34626056292607416,-0.014172605238929603,0.2650245380325358,0.11862487943995856,0.7844909921974896,0.7770389221911584,0.49576250258596927,0.5812445912993998,0.22047322212131445,0.3183158654004027,0.35990841358515924,0.5357574738283397,0.5219132297903545,0.504519823302343,0.5213306948610525,0.5108931459356811,0.3658746403826826,0.45886603747239596,0.45717723639920604,0.5317155699287419,0.3095226633407822,0.7413942746334086,0.2785116398729298,0.1465871274721676,0.477051001996525,0.1857361279433108,0.3563416410404748,0.0,0.5823034661651688,0.27033209242737255,0.12372346591935846,0.32825887256974084,0.48356408469401074,0.4871691930296331,0.5922048758781505,0.18145650115010445,0.653010562843283,0.11539128339594779,0.4206402590318154,0.19069610524380814,0.573807366774999,0.42152889340451233,0.7357807733068015,0.0,0.30329438285452254
0.5875682589697042,0.47894003305851773,0.589441830081498,0.39510469933025005,0.2313640141112755,0.4713438498623845,0.37898677783995893,0.8731733106701488,0.35891958950366204,0.5148962902799153,0.0,0.36773583165478657,0.45414970691188256,0.4891577333815629,0.0,0.4889488157788448,0.39435147034553675,0.5820581796903848,0.5780473916586043,0.5111839969766183,0.5133898242119479,0.46252894693778707,0.6816145082124863,0.5175122726778338,0.5201040202987917,0.3750844176304423,0.5736263300978242,0.4254069626031786,0.36563152767955187,0.5384660050882653,0.46478527108898415,0.660918861864841,0.4722603720751734,0.5389436992724896,0.43481296928452573,0.5889277463304625,0.5450137839569201,0.5841944930403717,0.6886011248130219,0.736151095827084,0.5986624195357484,0.453288137448275,0.3940049825142184,0.5923609321898271,0.27125676164449136,0.0,0.0,0.16128874599405474,0.48424945019391075,0.49979068200168925,0.6010236443756034,0.49367043765875607,0.7307584688344604,0.23137285499908297,0.4939519290130071,0.48301197481684366,0.5126061035784834,0.4900593981777468,0.4674606154383092,0.0,0.0,0.0,0.0,0.1328693534992012,0.6098924466651252,0.0,0.5694947336732945,0.5484025358730934,0.0,0.0,0.9768563135536993,0.4334231068060168,0.5033721630649168,0.2561756767633825,0.0,0.5925612345418935
0.5278508735341242,0.7095890557508534,0.645521722788985,0.4454361417054813,0.48796374953980853,0.7952942576319442,0.41329810684425156,0.7386974288718711,0.5270141842881964,0.33882612295649644,0.36773583165478657,0.0,0.4739069469556888,0.596148597293159,1.1169442068159225,0.1320890173510873,0.07542214056274027,0.4860632412259033,0.5649674151912181,0.4841164114650124,0.9468738445365737,1.0290147491727908,0.2370697692991192,0.4262069895231294,0.5013681782753932,0.5218912158701674,0.6713031958017275,0.7771296911980106,0.7752444798228688,0.4307542328817048,0.43467864558167685,0.43608662311825963,0.401648612872746,0.8340584719323834,1.0999022108494991,0.48799578945774186,0.6498878072239369,0.44690191795390843,0.7031294739106506,0.27071433501720543,0.4077965644802384,0.649626763696795,0.44152532005531064,0.40403958853618005,0.41334031365595836,0.6489491999440015,0.6075194648705095,0.43006670439056804,0.4737655247196799,0.3655098163334112,0.5665491955762887,0.47205331740655476,0.3859591126563072,0.5645461101178492,0.22859535441301154,0.31342154704351527,0.05130576699145645,0.42127359017546273,0.5729826875175681,0.5492640422024468,0.5455572244037861,0.15247797059293883,0.4210354466725903,0.34877013283742764,0.6408814137148806,0.46808867454675757,0.293507083033747,0.5275770894111307,0.2708544393418598,0.5402766704432325,0.19201040647373896,0.4749083294162056,0.5152403997045021,0.5793541021765387,0.0,0.42106497767813467
1.0005884756862753,0.6853119058713777,0.6545409969797084,0.5276187741162259,0.4516334704347474,0.2869376506060213,0.21772976746944916,0.8141876103324668,0.4209716314353098,0.6236741841911645,0.45414970691188256,0.4739069469556888,0.0,0.6420569769988336,0.8127393346225044,0.8632424080843984,0.6584656875414683,0.9104227243314441,0.5270654226429388,0.8551282632451689,0.6321710594448728,0.7067146432433382,0.68700415229491,0.46495518544240266,0.856318595635818,0.924544173345165,0.6155346023851362,0.27269759086449263,0.5702855880145823,0.6260637826440743,0.7473223276787566,0.5505597796960116,0.41992063432908094,0.7552696610326939,0.6687813053552426,0.6449118789591293,0.5612576121994254,0.7010398885357981,0.8899848772905787,0.6305639047109309,0.6872932031497938,0.785010482146226,0.6448440059794665,0.4142788136474671,0.5019904156017061,0.828399833105135,0.7671027732358686,0.5512632002965849,0.0,0.7807762066939793,0.8057543052311928,0.7059850192334055,0.6250251488452846,0.61148980655007,0.5402776838793821,0.4587137861992112,0.5558446532544847,0.7685540296745755,0.3848889354352009,0.5576125453273282,0.6281842404264326,0.47660979062236175,0.6929468210311551,0.7239122178980684,0.6788765386623787,0.3603752599510127,0.7412221027144421,0.678217027185593,0.38220396580968174,0.6953871117793216,0.658316637250929,0.7872692422140453,0.8456045114327877,0.8225881918069993,0.5351192753733579,0.6663482375996497
0.7820473772028231,0.45405247166044505,0.5731773482773752,0.7196275972811741,0.3788882566182968,0.7459627241914313,0.33228021621748044,0.9224590380194854,0.3876589386354444,0.6122806484632306,0.4891577333815629,0.596148597293159,0.6420569769988336,0.0,0.47706203245246526,0.561189271155059,0.5036940334433813,0.4459576299725046,0.5448488619788676,0.5693907560896696,0.6584253734741888,0.21434595897552458,0.602243683843659,0.8016554269079839,0.6203358936083527,0.6466821340904809,0.6050119190032026,0.6426191697552444,0.29203457758250484,0.5918261684968671,0.5343603083057741,0.22162128640671788,0.5317313031966622,0.589137949032744,0.15948827308516467,0.5567779632649215,0.2377653781098582,0.28942546393210056,0.6922545043384185,0.0,0.6665541972328988,0.679202801702475,0.25511504926040635,0.4722796652531153,0.0,0.0,0.0,0.48147628190462577,0.0,0.3549449507238558,0.42465965722035476,0.2685786019479821,0.5238671677925668,0.32343085853292936,0.0,0.4192805907191724,0.3849918084240159,0.695264329022046,0.23793299267782503,0.0,0.0,0.0,0.0,0.4368789282488189,0.0,0.0,0.0,0.46565686661475836,0.0,0.0,0.0,0.5182390116840254,0.5135326057657351,0.0,0.0,0.0
0.8161352646998269,0.890202226137771,0.36662147851599547,0.826189530817785,0.5429052306507767,0.5275482007095682,0.7261991245696884,0.6079638238150258,0.7236981495825426,0.5834085375787512,0.0,1.1169442068159225,0.8127393346225044,0.47706203245246526,0.0,0.9204618730099297,0.7522656199517921,0.8035979948079313,0.0,0.6815298447884658,0.5473081728669142,0.4148225599214285,0.44856250830342426,0.9281432959413467,0.8359873611148467,0.344652321187387,0.28424568740613787,0.9236235155904834,0.6124511264107102,0.587558252217115,1.1558111488757963,1.1446272788928846,1.1002259289545084,1.2038955802231373,1.1264745228227717,0.8886998123241387,0.8489441527731203,0.38421116851187753,0.8966989527958582,0.9523641689655481,1.104715159513135,0.9784880337628035,0.632561360120003,0.7242491584557074,0.0,0.6200187172295832,0.8037553209797594,0.5982343774221195,0.0,0.0,0.9321013805036563,0.7851029111584662,0.23533918534321746,0.6923239519463851,0.0,0.0,0.5736041669976458,0.6431151792192197,0.4816147215456972,-0.10523484450624304,1.1342956172783394,0.5451923870760297,0.7113912416624625,0.0,-0.0954743329138284,0.7131604171142923,-0.3990505718175499,0.7864148803967954,0.48292608609991566,0.7066256252028176,0.282334307939666,0.7191004726792251,0.7207013574028702,0.5924521823876636,0.4913176548127393,0.5930740194376198
1.0975877644137808,0.7609494400785559,0.9710641473473075,0.26296154297477015,0.7200099383423684,0.7668663868063867,0.9349567376953369,1.0972027016625476,0.6068892653947302,0.15829571856708313,0.4889488157788448,0.1320890173510873,0.8632424080843984,0.561189271155059,0.9204618730099297,0.0,0.31764997411765605,0.46851965418512803,0.5155870962959673,0.5190298679380743,1.128661396098542,0.545559916490016,0.9506534191372567,0.7340487542127708,0.5471567662915863,0.9228445748425117,0.7005776147531612,0.9026789251110128,0.8200557821251535,1.1474687606955702,0.2144467206271502,0.9212767396260257,0.39490677014052256,0.37752065661677936,0.6245640852932229,0.6870911930273288,0.5342819203693683,0.6927636753948185,1.1253639345739943,0.7123725149959792,1.1254510487082514,1.1711184632945462,0.4696778163571293,0.0,0.0,0.566629924280868,1.136142381888059,0.0,0.0,0.0,0.6429247878639504,0.8403862208851897,1.0895115779740174,0.0,0.6761178239051319,0.0,0.6436157060244562,0.7394401595802312,0.0,0.9497537722635156,0.9581052895840345,0.4827435728654967,0.6005665774290834,0.0,0.7708819082943363,0.7735261874371137,1.0761496441532334,0.7362918915169949,0.3011642699425312,0.7979100593974366,0.9285890226102408,0.69482202866242,0.6492482027952473,0.6626798883742362,0.0,0.856113452841306
0.532434005832188,0.6818111615452237,0.613286180064364,0.6656921891776031,0.5618959375015876,0.4439357027410169,0.6636731048980791,0.6035169636583335,0.5344442882780444,0.18738418669488,0.39435147034553675,0.07542214056274027,0.6584656875414683,0.5036940334433813,0.7522656199517921,0.31764997411765605,0.0,0.6304533649725297,0.8031231086696144,0.460839295409575,0.6921766307745244,0.5736665793725402,0.25744356390152334,0.2154950486238888,0.39153130792924545,0.38807232805572317,0.32677531266164195,0.9066759060629159,0.5411584188509755,1.1098124159669756,0.11881235180741267,0.3549912318999671,-0.02054143948920717,0.23352631146830916,-0.0398277525385356,0.7767117890352647,0.3723092049908941,-0.15294342718569254,0.5772686105700193,0.1868203417671636,0.2251392758079767,0.4341875456471819,0.0,0.0,0.5088688073465065,0.5528311137969479,0.4432635275392067,0.0,0.0,0.0,0.0,0.0,0.0,0.0,0.2369790314611151,0.0,0.1700936338650535,-0.19141397236212915,0.0,0.6090604340209733,0.5160771174931649,0.2873898908664726,0.4675515783357428,0.0,0.0,0.0,0.7127030413935553,0.0,0.47592357067679747,0.5857153441521117,0.4423212501092224,0.0,0.26110926555610725,0.4788483551646775,0.0,0.36856024150853495
0.793820472291076,0.6746364467551946,0.5570507579039645,0.4726998852474228,0.5636246033789098,0.7435818744988127,0.8777874713010505,0.905671388258461,0.5813345172275577,0.26278798641570955,0.5820581796903848,0.4860632412259033,0.9104227243314441,0.4459576299725046,0.8035979948079313,0.46851965418512803,0.6304533649725297,0.0,0.4567674300354568,0.663201206501045,1.1226163134084164,0.5997555543440201,0.8472265170420705,0.7602156865022,0.4837626027115527,0.6333462711810882,0.721750550481177,0.9052961754982662,0.734299906210906,0.7560684494104055,0.32781695523418564,0.5886900599459074,0.3914051052299992,0.4828890091708294,-0.127426124320821,0.8955554297735592,0.4055982363032059,0.5049557837771089,0.7087562658089179,0.5114825264009133,0.5645611513874282,0.6455491161088023,0.0,0.0,0.7267475356161732,0.6378241104557204,0.8364122130796348,0.0,0.0,0.0,0.6868791196876083,0.487027739182464,0.6114399265093744,0.0,0.6795729030534785,0.0,0.5070923783587301,0.5357045148428115,0.0,0.9215334556332138,0.680649220903871,0.6065967762109747,0.5636316207815865,0.0,0.5983646247902532,0.6696475998875926,0.7659462512683954,0.9217674886497416,0.7626025261393743,0.7718694317801609,0.755842047218141,0.5633718389976627,0.7705648452728788,0.5860066775530027,0.0,0.719762038947246
0.0,0.4611756064692073,0.5498971237872167,0.20391239192602317,0.5853643107242277,0.5315366207929428,0.4869653063245037,0.6129408815487396,0.119379360302546,0.5509150189224901,0.5780473916586043,0.5649674151912181,0.5270654226429388,0.5448488619788676,0.0,0.5155870962959673,0.8031231086696144,0.4567674300354568,0.0,0.49512433424511926,0.5718623874567481,0.4997636279269463,0.3612145702124112,0.5565441232847904,0.5527489308098752,0.3195746862015225,0.470236468845407,0.628678231230194,0.27172589630668764,0.6314583086142322,0.5423981119827843,0.6663673639388162,0.575523744746109,0.6577987697263722,0.36814988638823687,0.591588275118134,0.5456643384972351,0.37716663199098355,0.6962982542873798,0.47146602163077644,0.5643384008730976,0.38977307989327303,0.8166620414489845,0.42801092133851454,0.020136941077223212,0.0,0.0,0.6100852004436816,0.0,0.497717632227005,0.46441817023328574,0.5669762909045197,0.45453597322382905,0.6034121876201624,0.6578605149195598,0.2831087564085657,0.5598258345258833,0.41772462654617204,0.3880425596315785,0.0,0.0,0.0,0.0,0.684764436560318,0.4824051352956854,0.0,0.4512133592391616,0.23968983073737432,0.0,0.0,0.0,0.40878990204825305,0.49832635013863286,0.5000087708144241,0.4636107726095816,0.5909629661274269
0.7681234005932882,0.48353112374221857,0.6195814575662395,0.9529702518474296,0.802120647744808,0.3974317298633375,0.9656033377764737,0.8817190409643256,0.648209347162589,0.44459262976671243,0.5111839969766183,0.4841164114650124,0.8551282632451689,0.5693907560896696,0.6815298447884658,0.5190298679380743,0.460839295409575,0.663201206501045,0.49512433424511926,0.0,0.5761032615188695,0.2901076641203698,0.3970504993463736,0.2570642942803557,0.7256677572785988,0.5863212485015454,0.46842699744220806,0.9646525588061574,0.6106861460548918,0.19950018759443228,0.7884385354449892,0.8973545184256276,1.0138252809812174,0.9335209199396399,0.8823919247505756,0.902550779442661,0.7008754673395404,0.7128292705945167,0.8833882595206315,0.5836349982150615,1.0300339953508901,0.7308102849645586,0.5504237844123615,0.14071584388711758,0.35519178368969184,0.8452249164758769,0.7400257732243867,0.6122342540400062,0.0,0.0,0.5537008521348866,0.6687799280616895,0.8511259808640332,0.6067468379973504,0.7794943284245559,0.0,0.6423353497949073,0.6559054805749257,0.0,0.6548177445346504,0.9535308702920561,0.4719986463208684,0.6732195120518524,0.0,0.706840770791149,0.4070720047117712,0.9704975138788982,0.7311221952043832,0.0,0.6149563746919895,0.579957756753265,0.6037876795836861,0.5810899225595196,1.0123120660012275,0.5227406240805879,0.8993233333528405
1.2381801647341504,1.1490037163810083,0.5543138362727795,0.44548564069013574,0.8128984440592926,0.5513672149916975,0.6563365964304221,0.17861341367879585,0.5440765284533694,0.6364057983806194,0.5133898242119479,0.9468738445365737,0.6321710594448728,0.6584253734741888,0.5473081728669142,1.128661396098542,0.6921766307745244,1.1226163134084164,0.5718623874567481,0.5761032615188695,0.0,0.8808434538318946,0.7459145492936472,1.1746543500503293,0.9098986757205287,0.4868036186191526,0.3828158302862476,0.5733366024478996,0.7487289587048762,0.7599342821997732,1.2211590354214767,0.9487758400062325,1.1787422620015118,1.1918215188470662,1.1634841286694517,0.5592830611120594,0.6772499828584739,0.6578264312570643,1.122764957444931,1.118256068113258,1.218546605097254,1.2516115048237921,0.7041276398742978,0.0,0.0,0.7903557330292259,1.012049054635727,0.530516553180219,0.0,0.0,0.971301847926752,0.529290659321791,0.5820430092365938,0.4486434252681303,0.7538971011469744,0.0,0.8319969250652898,0.6815877876023781,0.0,0.8518197411289159,1.0954453334971992,0.0,0.7274452959390931,0.0,0.928345730113839,0.6211946669686308,0.9880758314805222,0.572788458721434,0.5584416173152531,0.4654050773513508,0.9338733120218863,0.7085912937641488,0.6358225492405964,0.702379090795645,0.5402958859475595,0.6357635158238699
0.9845606752136795,0.4639767355200629,0.7522152791649892,1.029948205432101,0.6454522923660643,0.43247202410997976,0.7331072156379199,0.754031743381018,0.5681513100449997,0.5473182283382281,0.46252894693778707,1.0290147491727908,0.7067146432433382,0.21434595897552458,0.4148225599214285,0.545559916490016,0.5736665793725402,0.5997555543440201,0.4997636279269463,0.2901076641203698,0.8808434538318946,0.0,0.6876224824636927,0.4547162619898465,0.7295548717324606,0.49553237542530265,0.3356036162718372,0.9756073849637874,0.7205760479333863,1.2025164139008553,0.8511124121866884,1.0876538430811094,0.8748783430599718,1.1266885436945833,0.9971809893896343,0.722987675778263,0.9229341343496873,0.6032671841209347,1.102032680147603,1.1221886739143048,1.1885838970328582,1.149502136527329,0.5023208402209687,0.44355756480256986,0.4087111437507488,0.7890688793253877,1.1189399597714564,0.6029238254495928,0.47805297253199264,0.4108395377227322,1.0534435648328058,0.748485471423213,0.7037900125813097,0.8045952486457657,0.39069194415012465,0.0,0.8148093042362032,0.7073208742263358,0.0,0.9048137517819679,1.098449853756972,0.17699301897078604,0.5216858572369413,0.0,0.9378124007507844,0.9122708739504185,1.0203040057835988,0.7262662506482753,0.6115843398968854,0.8304543089069227,0.8429246244250228,0.8509406204492589,0.6736472420575537,0.700853070903728,0.6734093342170684,1.1280326036350476
0.9953071358434538,0.7596231251486314,0.3700880060855899,0.6816185405913884,0.5542153857853537,0.46138060142326454,0.6813531448076062,0.47618652095524905,0.572934424906868,0.5665396660134202,0.6816145082124863,0.2370697692991192,0.68700415229491,0.602243683843659,0.44856250830342426,0.9506534191372567,0.25744356390152334,0.8472265170420705,0.3612145702124112,0.3970504993463736,0.7459145492936472,0.6876224824636927,0.0,1.02849050008096,0.7569772133464525,0.49893334592513494,0.4544284096034137,0.7047626197582677,0.5829141982782846,0.7804175432794889,0.8178888652950024,0.9195589274524656,0.9829247680907626,0.8748207917469182,0.8403677923198698,0.6186678297971056,1.2002042265574362,0.5055495947386632,0.628059440437996,0.6800450100345131,0.6313295231377303,0.7320304630261976,0.43260504335907757,0.6798776446734445,0.49125634216604175,0.457461893951017,0.770574685103832,0.5870293680330197,0.4090333223281055,0.6823228528405636,0.637829554751553,0.5327382302528378,0.4809831142111637,0.6577802312806578,0.6093606453148555,0.5193728169434852,0.5670445010538716,0.6403623301689381,0.5589813993736094,0.6244802745920577,0.6950600089704491,0.4871691930296323,0.7018187879553404,0.6205323680866723,0.7187203731804565,0.22095377371369213,0.7601960033519047,0.6603024970037203,0.3566179500868131,0.6902873976843569,0.7827520547347033,0.49717969017163266,0.55939133967681,0.7837475663557618,0.5562087797408121,0.5808761492142708
1.1688410455367753,0.7085855366127779,0.499504603618635,0.18277536203358072,0.5518056010346553,0.06377609773827789,0.39700815592211003,0.933619470263358,0.6704162599908589,0.1425991309777746,0.5175122726778338,0.4262069895231294,0.46495518544240266,0.8016554269079839,0.9281432959413467,0.7340487542127708,0.2154950486238888,0.7602156865022,0.5565441232847904,0.2570642942803557,1.1746543500503293,0.4547162619898465,1.02849050008096,0.0,0.644444479897738,0.498571904161719,0.16946621726220204,0.6936076269839715,0.4814379333146873,0.7177129996453875,0.6226918960629764,0.5653728600033354,0.5490123730772131,0.6186954723733753,0.6116651735042464,0.49922456327266695,0.4910447818055629,0.3644882396696707,0.7804624617886271,0.5466211740494087,0.5372253887922807,0.6024613064592418,0.38115182875894216,0.379288154442453,0.465388645571082,0.4112773086382219,0.5432583572888763,0.0,0.0,0.4799099826802149,0.5461956155943952,0.3944016333045736,0.0,0.30916112700243614,0.2976258961295979,0.4838598553093981,0.3035435016985756,0.4985188339656553,0.0,0.38390133051096076,0.560518612990292,0.3476034329843033,0.4839343857698729,0.46105269848031083,0.417504609491417,0.09478109589712747,0.48775662781776635,0.6676105279359595,0.8065842417678392,0.6501250048075798,0.6992152790329926,0.4555707024905889,0.8367541888030515,0.9339606110706528,0.0,0.37515022639526385
0.6863785375074307,0.3747347683171159,0.770089728801127,0.7919444865891737,0.7165447870794921,0.784684191430175,0.834498131346382,0.8238586394259833,0.7662816458247435,0.49482315028783386,0.5201040202987917,0.5013681782753932,0.856318595635818,0.6203358936083527,0.8359873611148467,0.5471567662915863,0.39153130792924545,0.4837626027115527,0.5527489308098752,0.7256677572785988,0.9098986757205287,0.7295548717324606,0.7569772133464525,0.644444479897738,0.0,0.3014256055702135,0.7669229008979073,0.7023301534147153,0.726255329732794,0.5809765463076704,0.27074834633979983,0.3980562237216879,0.29375565336934506,0.2693832352403127,-0.11380787114275304,1.1679193018592984,0.3574562480801914,0.04102792936397909,0.7926651475940603,0.5708617520309494,0.5619854927622472,0.6990400451903629,0.32249388629875886,0.0,0.3755170477243792,0.5833512142357843,0.723309615220453,0.0,0.0,0.0,0.6183895471013543,0.6239053438154114,0.7781655829661249,0.39665487287858425,0.4637117847562915,0.5028434701827779,0.4383722835405955,0.5101169996296876,0.0,0.6051413668843146,0.7427754820922887,0.5497937970892492,0.6371956133200253,0.0,0.7566330658639638,0.5115187624869844,0.7321525743667521,0.6290496271354938,0.6905681565407102,0.7957163873299296,0.7119871459544467,0.564799159410563,0.6689131340206217,0.5444552092119155,0.0,0.6163187381503755
0.767668784385662,0.16968480643544293,0.5488597641463884,0.8754303084345628,0.6882624262495151,0.7282284590535612,0.9762703488529546,0.7865678445330602,0.6586987314267219,0.4479125985109508,0.3750844176304423,0.5218912158701674,0.924544173345165,0.6466821340904809,0.344652321187387,0.9228445748425117,0.38807232805572317,0.6333462711810882,0.3195746862015225,0.5863212485015454,0.4868036186191526,0.49553237542530265,0.49893334592513494,0.498571904161719,0.3014256055702135,0.0,0.5358988952428265,0.866287048957165,1.0842148081582716,0.5622707877919162,0.6562723238634318,1.0828688090242342,0.7093780773851239,0.9663473110368108,1.1555783212789539,0.6929917580966671,0.7815954197722839,0.32413765990518023,1.1956548823252773,0.5989671899038944,0.9294822497912479,1.199269348431461,0.4228288551065572,0.519086343763982,0.44947749171046447,0.5799615019610935,0.8335154059959675,0.7604938707402957,0.0,0.009411142907876476,1.1176587769141175,0.6484357144464752,0.59617288823933,0.718093455667974,0.34445701290463365,0.0,0.413401315646437,0.33812355163342206,0.0,0.9689853547681309,0.8641340393845851,0.4227663836918826,0.4685618067015755,0.0,1.169838601717831,0.9183231097389835,1.1495361354198579,0.8203132039197829,0.6549675750245111,0.7071973401303809,0.4303913799386713,0.7944520170529055,0.39362890101495474,0.7853274341636539,0.5204585241249957,0.3451227460517242
0.4842587181900778,0.6146231684479475,0.7547420056336672,0.667843204727196,0.7607179459971711,0.3809112027579189,0.6756148062980519,0.5028341725195031,0.8317798758247726,0.4804181489789036,0.5736263300978242,0.6713031958017275,0.6155346023851362,0.6050119190032026,0.28424568740613787,0.7005776147531612,0.32677531266164195,0.721750550481177,0.470236468845407,0.46842699744220806,0.3828158302862476,0.3356036162718372,0.4544284096034137,0.16946621726220204,0.7669229008979073,0.5358988952428265,0.0,0.7220309969987196,0.3297280688260152,0.8095855999635245,0.7876963295868965,0.8282307044094905,0.8531992813009014,0.8703156439659339,0.8553309004855948,0.33657605794594536,0.8271045235013352,0.5755951041023855,0.6110340371942236,0.5653734781370283,0.6958763401450779,0.6424078242385582,0.5659001836228561,0.7196067666251257,0.5432078633648858,0.6756222992346084,0.6622696993755472,0.15385278655217688,0.6279881149187789,0.5844610986860436,0.656622410437447,0.5595031176098632,0.27487040586276684,0.5628846150700227,0.6745178232949458,0.4760520164610097,0.5333681769320235,0.600088283327876,0.6326360655397322,0.6833923155826086,0.6303211141082502,0.0,0.671077835002893,0.6566568276550914,0.5989548651576326,0.637533306554642,0.7138397253659972,0.49035163802983595,0.0,0.5284892424996661,0.6323770128451254,0.8096826656055951,0.5351960217274004,0.8424486972802404,0.5627903770435723,0.6565838054255
0.8901016130365178,0.8326539848963974,0.7243592920001591,0.2981551462094402,0.4320394613821353,0.35763519694019386,0.6093164318974351,0.8595674373570117,0.6274290100037316,0.843149294896359,0.4254069626031786,0.7771296911980106,0.27269759086449263,0.6426191697552444,0.9236235155904834,0.9026789251110128,0.9066759060629159,0.9052961754982662,0.628678231230194,0.9646525588061574,0.5733366024478996,0.9756073849637874,0.7047626197582677,0.6936076269839715,0.7023301534147153,0.866287048957165,0.7220309969987196,0.0,0.5926566894419723,0.3477247701643678,0.7762356375610706,0.5443529483767839,0.6699164692573414,0.7292692312477742,0.6812545171443729,0.13806678881613127,0.3995369050988481,0.9854814489234326,0.6653375108184505,0.3575572228767323,0.7864848893611627,0.6199702663202723,0.6286019183946356,0.6144277060405905,0.6147463487539772,1.0430002552746878,1.1497909689977877,0.6356704644630541,0.0,0.762448748775436,0.8450858433605521,0.6831520696747861,0.625429812495806,0.6116270822314734,0.801810880073357,1.1015033283206963,0.6383886933208034,0.8137220143094879,0.43668897312896815,0.6079293488278196,1.1152244966405398,0.35367944212621194,0.622233805315664,0.6171319602676605,0.625447832042501,0.6161339578812113,1.0486017901171087,0.744777467735001,0.4471429449629436,0.6964268761878125,0.40561906690599925,0.820615705410114,0.7685244558143929,0.7914763252665602,0.5909411163121271,0.6777953746700092
0.9487982612100219,0.586870712726353,0.6421931583295377,0.6432637846052316,0.6560053102187753,0.24088446214945944,0.6199558242579195,0.6649976953049911,0.5532470549207641,0.5484474059782918,0.36563152767955187,0.7752444798228688,0.5702855880145823,0.29203457758250484,0.6124511264107102,0.8200557821251535,0.5411584188509755,0.734299906210906,0.27172589630668764,0.6106861460548918,0.7487289587048762,0.7205760479333863,0.5829141982782846,0.4814379333146873,0.726255329732794,1.0842148081582716,0.3297280688260152,0.5926566894419723,0.0,0.78305621299789,1.2539873419859255,0.911504213807866,0.6772296272454751,1.2226965042864348,0.9255289685193423,0.5720009234731944,0.5560419871523279,0.6245471743849549,0.7711484485249662,0.5785798332115917,0.7896752900538261,0.8212681719215986,0.5649410541911479,0.6037309452759902,0.5170697940127773,0.5962274236363393,0.61820456826657,0.5981367300948295,0.4476114527146935,0.4869710095739035,0.8292663762739624,0.7693542580622337,0.7918718204061435,0.6292625948141455,0.4818234818139525,0.5487495531873476,0.5267867933624917,0.7584721873419427,0.5828716980067818,0.583191808233108,0.603977958305421,0.48327650851082926,0.5430510174386631,0.6753260835368458,0.7988542661668582,0.5336902312793995,1.0001768678351217,0.771908413631805,0.45499810822549475,0.6295379204651634,0.7366548055169146,0.743464632750418,0.6632983532833945,1.0020201096516796,0.6713004466283519,0.8230290750368057
0.9509750696819286,0.6906778730211538,0.689106559625654,0.6058256582489151,0.5826672316299395,0.8439547581242455,0.5433158553410783,0.9038768771618272,0.526985522506053,0.6151117725791551,0.5384660050882653,0.4307542328817048,0.6260637826440743,0.5918261684968671,0.587558252217115,1.1474687606955702,1.1098124159669756,0.7560684494104055,0.6314583086142322,0.19950018759443228,0.7599342821997732,1.2025164139008553,0.7804175432794889,0.7177129996453875,0.5809765463076704,0.5622707877919162,0.8095855999635245,0.3477247701643678,0.78305621299789,0.0,0.9092181276309089,0.5700568697088999,0.5270299764522839,0.8736253949824033,1.1852834383518571,0.42921813591955676,0.3644980619838911,0.7158936266391736,0.9008690664052051,0.5060610691314841,0.3194656752021801,1.0948199463986805,0.7655809271300605,0.29158866243278075,0.0,0.0,0.0,0.19191977066924185,0.0,0.0,0.7512783308447379,0.3646245710510703,0.8472282726580558,0.6534858839073794,0.5032079055022998,0.0,0.015530574308017717,0.5848374217702312,0.0,0.5596373580691758,0.0,0.0,0.9505213410832773,0.9029652887339303,0.8037810570570061,0.5542677597986999,0.5694554614567053,0.7711646043363023,0.0,0.42860590818284305,0.4755649365642426,0.6428909903097328,0.554804028662946,0.5485071922053836,0.5595163453602394,0.6484462430532576
