0.0,-0.045028514943110776,-0.03355260000241439,0.0,-0.02745922572464321,-0.05241819315992757,-0.046791103207917906,-0.06130355007945021,-0.024225713426831053,-0.11921022251371916,-0.025781336830569768,-0.10054751856118688,-0.05793021707601492,-0.028583957523476144,-0.053755859557787,-0.05115719865064944,-0.019645855507488763,-0.0510142511056097,0.0,-0.030007737842878246,-0.05485756456280527,-0.03936858747117272,-0.06351162588840831,-0.06581340477017344,-0.057356510645640846,-0.06813479367781355,-0.045000783770247355,-0.050229698211646745,-0.04001439336067769,-0.024432408078206236,-0.07048071154325869,-0.03549340736001938,-0.06224519057856087,-0.045212874579644624,-0.041952871682406134,-0.15693095703406312,0.0006857991479412573,-0.013617751619052876,-0.04166577842975833,-0.03262468784300698,-0.022534877843268075,-0.08631909333555621,3.631511300972168e-05,0.0,-0.008141841592105736,-0.05985137462753437,-0.04805864148067934,0.0,0.0,0.0,-0.03168937926597071,1.1102230246251565e-16,-0.03219566998014045,0.0,-0.059777260088031414,0.0,-0.014559081894104264,-0.017983225454815066,0.0,-0.0007096290996156385,-0.04401630463359091,-0.026157226382056753,-0.04110668528193323,0.0,-0.0179215242532888,-0.009009971423644625,-0.04639875658446485,-0.03597049288423404,-0.02604107268504069,-0.06030485278994552,-0.0540623916981659,-0.02667927809520193,-0.00029723717650592674,-0.05919567176894852,0.0,-0.050928349571517206
-0.045028514943110776,0.0,-0.03612637371734739,-7.239723294394373e-05,-0.04291600068279511,-0.040397177889678115,-0.05346843922366684,-0.0641458422679676,-0.035182716964125504,-0.03624121824927046,-0.023821439736299632,-0.018613449443153685,-0.06108442402622166,-0.00688781167064495,-0.02122810829711469,-0.02802594529294583,-0.05664090253151227,-0.02689776714644948,-0.013071949839769725,-0.02089428810938765,-0.020841517087477335,-0.020426014198862474,-0.034116058221795365,-0.04046613843660524,-0.035818616696672634,-0.017817931543133714,-0.023029574660527685,-0.04697982966695724,-0.038474056854701455,-0.014446205755067165,-0.02372960599245355,-0.011968080172396534,-0.023229232893984764,-0.01747857059997393,-0.019625730313597045,-0.0071230307891934075,-0.0013844441367593663,0.0,-0.027901439100624315,-0.03411781957806709,-0.029705907026360723,-0.035020336615785075,-0.009188920956258118,0.0,2.220446049250313e-16,-0.04138660895691848,-0.03683204192130746,6.495593755140305e-05,0.0,0.0,-0.043194843879332534,-0.03148509458822174,-0.031140102780581824,-0.02958779226915792,-0.02891399605525785,0.0,-0.05088886800318654,-0.04296917876995654,0.0,-0.020835856534721364,-0.033879845975139544,-0.02622359743827707,-0.034035248353713965,0.0,-0.02850327730047092,-0.023087280568937274,-0.031558072769284407,-0.0479167243566076,-0.027588425926594218,-0.04665339893428916,-0.04168358463259181,-0.047922605922068984,-0.044905706710457016,-0.03677599180079599,-1.1102230246251565e-16,-0.02627327717269884
-0.03355260000241439,-0.03612637371734739,0.0,-0.02568993869692221,-0.03629420277601575,-0.03902373984572144,-0.028583293310086133,-0.022191533693988796,-0.047568475591394765,-0.028100225897529585,-0.039301014469973805,-0.03268141691713733,-0.033150366272827414,-0.04153002536562517,-0.03636893433959365,-0.03335360883463351,-0.02898712080821919,-0.023333046348258057,-0.05641335705938627,-0.016964374952981864,-0.05358359789531658,-0.048278497552149024,-0.03823138996778891,-0.013249000791659304,-0.03837597923340014,-0.028401719821895377,-0.03364743292069938,-0.03777408065841209,-0.034307766047538824,-0.04716484076904226,-0.03352082604660561,-0.035511771523903723,-0.05317505139424383,-0.03217572352110276,-0.03305416933783961,-0.0271457720936783,-0.027499636281971107,-0.027977283054891278,0.024922069067599473,-7.437493497741698e-07,0.012342189303764073,-0.008978914837855734,-0.00963281999822102,0.03972260114254972,0.0,0.0,-0.00013487046102561573,0.08876000993953448,8.156471450582181e-06,-0.0009643275659704242,-0.010579573115317098,-0.013183802315419157,-0.010142147547500202,-0.020687368378482396,-5.034274641058101e-05,0.05345033701762236,-0.03054211568038362,-0.006852603477098929,-0.030388701569173504,-0.00021412376831286828,0.0,0.0,0.0,0.14346576978777653,-0.017197202695887093,0.00515410690465401,-0.00031337624744948167,-0.010084742017273607,0.0,7.532648546471066e-05,-0.043252171400980144,-0.022445247704554916,0.0030652392968958386,-0.011272298633991429,-0.008382912807553988,-0.01303282843933573
0.0,-7.239723294394373e-05,-0.02568993869692221,0.0,-0.03235280954261502,-0.024095092152617736,0.010773337450979414,-0.07241889210812785,-0.02087478570371082,0.04803437903678803,-0.03992018894041505,0.0002979945366314296,0.015560693862514852,-0.041523390315366476,-0.046178153181555326,0.000838763927194508,-0.002836865550306489,3.714203449112219e-05,-0.006441716958489496,-0.018025668224553093,0.0010438602396155572,-0.01897694713182685,-0.026911232744367852,0.004107917546469109,0.0003301320545606168,-0.026245751039188803,-0.023899161836552052,0.03587595594648274,-0.011637121880377244,0.019129895626587068,0.00273483193931523,-0.013904620261325829,-0.01617964741296002,0.03155070516571146,0.014156876432372012,-0.013248128411449733,0.04087957400182862,0.03202534194037532,0.009062033530780444,-0.0007731185352128911,-0.019013247602055194,-0.005627528793793635,0.008458485162140594,0.013633142447068314,0.0,0.0,0.0,-0.00103681792657212,0.0,0.0,-0.02675035936102188,2.220446049250313e-16,-8.500449175480318e-05,0.00019325401416597776,5.551115123125783e-17,-0.010876445910313948,0.016966180360965977,-0.0004395599696479513,0.0,0.0,0.0,0.0,0.0,0.0,0.0,0.0,-7.494839520644225e-05,-0.01397431729030374,0.0,0.0,0.0,0.01236406702507259,0.0020481926269571016,0.0026712098066524192,0.0,0.0
-0.02745922572464321,-0.04291600068279511,-0.03629420277601575,-0.03235280954261502,0.0,-0.04085449824987103,-0.04453536562691601,-0.008789008874909687,-0.04414097674190548,-0.021595807652633914,-0.03462712291963821,-0.0066822015532617685,-0.039274853045267455,-0.03879627849515005,-0.01917157247802781,-0.0399389673207422,-0.010743773918947153,-0.03736570142617002,-0.02383971229929216,-0.04169899990129311,-0.03818295811833794,-0.044991600592761194,-0.04150332256583755,0.00021907237199009222,-0.051639187487202864,-0.036096692368594585,-0.053446886907667746,-0.01507457561274328,-0.040205851044943064,-0.04618250265089918,-0.02098179399807909,-0.08304293795441792,-0.02645645266808283,-0.025394332434409417,-0.019123405797495274,-0.025136493707374863,-0.04040509495169625,0.05243426618629682,0.016143213563095726,0.010953731375737408,0.04203250595635477,-0.00783105052575439,0.04491903773166983,0.09982418188661213,-0.00024026654416886561,1.1102230246251565e-16,-0.007383152736981424,-0.029470858889728613,0.0,0.015755745889142192,-0.008472548921099998,-0.008499465676061524,0.001650554892217715,-0.02403290051555723,5.551115123125783e-17,0.0002577869042053038,-0.019598776752021485,0.004858546002428632,-0.03362872966637254,-0.0040069223145573485,-2.3403060205373638e-05,0.0,-5.551115123125783e-17,-0.014642533596967988,-0.030180732793313847,0.00020317074436998483,-0.017747718583904837,-0.014864379229313773,0.0,-2.3845502141073283e-05,-0.01060483757202757,-0.02498485464419309,-0.0034789168357459155,-0.01810163226663497,1.1102230246251565e-16,-0.01780940174431095
-0.05241819315992757,-0.040397177889678115,-0.03902373984572144,-0.024095092152617736,-0.04085449824987103,0.0,-0.03195300723285377,-0.03299921933427924,-0.027269116950833783,-0.026878645354906083,-0.06664464377469193,-0.01707191619220394,-0.024919096731383206,-0.03417907203268744,-0.04011922684897784,-0.04540837081831883,-0.009355510529277966,-0.05275276940860191,-0.04841486748725449,-0.03693027386219877,-0.04700362081497911,-0.039257909227719046,-0.036568945531115116,-0.01867211721278017,-0.03389791138744136,-0.02694243748808728,-0.04717748839758351,-0.022696266172559543,-0.019513047833178976,-0.034760408728440495,-0.026120191994173036,-0.031715922453079914,-0.020858946361133668,-0.03388738533736496,-0.034773800423613055,-0.03627071436913565,-0.019782307966595525,-0.011925676542852426,0.007700347499568938,-0.03173328057482522,-0.014601872040669872,-0.027465841911649025,0.011841082922005197,-0.005692175570563951,-0.021039319378753085,-0.022927946097011875,-0.03199075815976399,-0.01798051620207297,-0.006116381909456903,-0.004145247725858225,0.0016537247747339112,0.007072661599177743,-0.003227896154384402,-0.01191677426971427,-0.022456381239811973,-0.0020423679102453685,-0.021754545090540756,0.002969452246274318,-0.011666969046122855,-0.03037974450714981,-0.02876693521547713,0.0,-0.034402703040034954,-0.006764778645779623,-0.03368687515800001,-0.043214912065123956,-0.03059535532921548,-0.010641985727324832,-6.30185547262907e-05,-0.050143637901688576,-0.03688340448540789,-0.017242390192427792,-0.007970461775631321,-0.011773957483864395,-0.02181675547201095,-0.003827598013505351
-0.046791103207917906,-0.05346843922366684,-0.028583293310086133,0.010773337450979414,-0.04453536562691601,-0.03195300723285377,0.0,-0.02183822262369345,-0.03110862799941172,-0.02373923164948144,-0.010032207994005171,0.0010568064185268455,-0.026501491146644574,-0.0018280028260285741,-0.02498883456067308,-0.04413862019182557,-0.023798350821689074,-0.04966510208070957,-0.01317372468971545,-0.03938440734679699,-0.025253380396053182,-0.04419210415169905,-0.030205008355094543,-0.0009303958726436523,-0.04908992874593421,-0.027051632299506023,-0.04149633944311221,0.012724800916490198,-0.028845124310216907,-0.0318089254175864,-0.01995513237869795,-0.0011717722115255902,0.00018471188225960278,-0.00734602867035028,0.02222701343623734,-0.010943818588967535,0.005661155919108429,0.003617004939409252,0.01277586614962034,0.007437532473680342,0.03950628619374397,0.00233133976562927,0.010592898352848545,0.015261780174601391,-0.0025189438619982463,0.0,-0.03504550622815966,-0.03123511721136285,0.0,-0.003644339786039563,-0.008942008362553433,-0.009834021355198286,-0.00399407502349336,-0.021671864559622556,-0.005837735305595115,-0.013563892709268499,-3.836080396107944e-05,-0.004140058612437714,-0.02479589952349992,-0.028020904354733533,-0.031734188925396145,0.0,-5.155578799281857e-05,-0.016398863716013345,-0.029997841808424908,-0.02341737932922716,-0.011003799295504824,-0.0147380097800755,-0.00011458231250194295,-0.027017617426628893,-0.02718995137396546,-0.018162262407613927,-0.0038463850964286506,-0.011203006479489075,-0.019606732092702528,-0.007982127309576259
-0.06130355007945021,-0.0641458422679676,-0.022191533693988796,-0.07241889210812785,-0.008789008874909687,-0.03299921933427924,-0.02183822262369345,0.0,-0.035737332746812955,-0.023763057017058165,-0.04652874612705443,-0.07710166407701868,-0.031131477093852333,-0.012266948795093213,-0.06736349294206279,-0.060408442668543616,-0.013332740777701746,-0.06659057592395334,-0.015909155118989993,-0.0408024841062859,-0.023729292964292714,-0.04734502465379081,-0.023678360475153704,-0.05432192003136538,-0.08073207027216323,-0.06701724874551629,-0.04138335640275792,-0.04092449403933851,-0.039318748769751444,-0.026914883704719117,-0.03185693365404929,-0.02869432644587616,-0.059080706599057065,-0.02544891343084693,-0.01892546692327096,-0.021401092147596223,-0.04094177571390545,-0.006584512421976385,0.011965979037036,-0.014774465607738707,-0.01413368226416889,-0.019676142260622143,0.044092568732849446,-0.015358127872879435,0.0,-0.04909886551594289,-0.019627754323513935,-0.01722786444774016,0.0,0.0012370724775752628,0.011091329673656503,0.020310286072384887,0.009471350358915442,-0.015652445810436455,0.00014921785212890226,0.038200337149470576,-0.015735536021998064,0.005606358669448863,0.010106665809205384,-0.021903372349430072,-0.01616927161930093,0.0,-1.3920767768849096e-05,-0.006108548418670923,-0.04161286761506261,0.01118801433255262,-0.019184211151852815,-0.0022039095988727886,-5.551115123125783e-17,-0.0309089234440848,-0.027141196890994368,-0.022384820266332206,-0.011582154016851809,-0.02121940114383608,-0.017049971667113306,0.00018825122016941087
-0.024225713426831053,-0.035182716964125504,-0.047568475591394765,-0.02087478570371082,-0.04414097674190548,-0.027269116950833783,-0.03110862799941172,-0.035737332746812955,0.0,-0.033671404367133284,-0.056834749270538165,-0.027963238441761573,-0.01990963523651995,-0.057824093428246126,-0.047672073050470554,-0.03780920621026457,-0.026142084699539936,-0.01790059364726576,-0.07056017694907663,-0.04605255149967552,-0.028665328961493763,-0.03886786047093205,-0.05972371667319032,-0.00595222798226791,-0.036813375550882044,-0.025382375709960936,-0.04141311679165416,-0.0426970952496184,-0.037699656606091536,-0.03989183577247907,-0.03379992146017169,-0.03901955791992601,-0.027060892511551027,-0.034076748292215686,-0.03149369314654965,-0.034957555186021894,-0.025974619415109812,-0.01710502328385677,0.01856315468509745,-0.010235081030964543,-0.05064579678243131,-0.04293732497954561,-0.0375122038146673,-0.042068791579422116,-0.017084626161700478,-5.551115123125783e-17,-0.021343797435903977,-0.04073683328718203,-3.918407129654966e-06,-0.020192133922222077,-0.009541412247902725,-0.01656339737541157,-0.013374949899846,-0.04384115713349612,-0.008294977674664583,-0.015621038450604363,-0.032792653737408084,-0.01818607529054983,-0.021988749878322444,-0.01825311667393731,-0.015450138374544509,0.0,0.0,-0.027537690619393818,-0.026937461976673627,0.0028707928063676502,-0.028927886192739283,-0.013858427153849662,-4.8225101574872475e-05,-0.010998803119631861,-0.021767582040653932,-0.03136411028066588,-0.0068388323983744614,-0.01486016628535447,-0.021289529132792584,-0.008999306593726941
-0.11921022251371916,-0.03624121824927046,-0.028100225897529585,0.04803437903678803,-0.021595807652633914,-0.026878645354906083,-0.02373923164948144,-0.023763057017058165,-0.033671404367133284,0.0,-0.022600023118571455,-0.004159266350935331,-0.025568584927679217,-0.03990134683765656,-0.003762123979849874,-0.01810363838439366,-0.02350142559175561,-0.010771309755986558,-0.02462325500607465,0.05302144539243253,-0.14184008940427756,-0.05416107455343294,-0.03567058817736046,-0.022155744286716295,-0.029472405946758595,-0.04599086919878237,-0.02598234644281877,-0.028884373141610853,-0.006433621732647443,-0.04368010074432749,-0.05461330256596425,0.005383510275849768,-0.03880462981333055,-0.0237424455278632,-0.005250086263737852,0.015062943636704962,0.04845987367328558,-0.018016363029314697,0.03519865818189555,-0.00365161014672416,-0.030714268258187905,0.04374646952809286,0.00777953035766199,-0.0169024036263824,0.009183225020051755,-0.03053179562765551,-0.01938493119345347,-0.0004281191387695005,-2.224925850380366e-05,0.000505657039601759,-0.07569824148327503,-0.030790882482337856,-0.0014447451171705206,-0.005752906250472534,-0.03891286878766331,-0.004973449938374841,-0.043457119986254844,-0.011616677655870766,0.0,0.00013451514918327856,-0.04575605116279674,-0.04302501004431014,-0.027307412948368193,7.313447862700162e-06,-0.00011882504719840092,-0.01182126273962053,-0.006078162813818844,-0.03011105589490065,-0.05504338806800302,-0.03883972310076972,-0.0596212365455463,-0.019486600527304443,0.05601339259230359,0.002102570345676902,-5.551115123125783e-17,-0.03332020013180076
-0.025781336830569768,-0.023821439736299632,-0.039301014469973805,-0.03992018894041505,-0.03462712291963821,-0.06664464377469193,-0.010032207994005171,-0.04652874612705443,-0.056834749270538165,-0.022600023118571455,0.0,-0.022862432451904557,-0.014435099152630138,-0.01782010216575114,0.0,6.365583185469204e-05,-0.016715032986801714,-0.01659704955385427,-0.04096975800258107,-4.641591455734062e-05,-0.026044562659770787,-0.003724310578398393,-0.05403522824693868,-0.013708970744345295,-0.011755586376884175,-0.01559608183577016,-0.05698431481375754,-0.021100059813318306,-0.010457524715742628,-0.014987212727703425,-0.025700732383383107,-0.049932765908705934,-0.01934643220524912,-0.021083382307364285,-0.029130591522083027,-0.01055850901720845,-0.02369801684948125,-0.012089256393653991,0.011734480831775529,-0.010759718148079023,-0.014535308501287925,-0.019974212084783338,0.005330988408794646,-0.01861119120137228,-0.009693248354909534,0.0,1.1102230246251565e-16,0.03532434273084473,-7.587517398266463e-07,0.06857343489698753,0.0025211344714327066,0.02129043566226979,0.014883401480041414,0.008953623214438822,-0.01940670862658872,-0.055199986297216896,-0.018259504767325796,0.030551528068144873,0.008982816794377901,5.551115123125783e-17,0.0,0.0,0.0,0.009585410978236009,-0.011630532861469589,0.0,-8.016401609112211e-05,0.003515517992215722,5.551115123125783e-17,0.0,-0.00012262625988451736,-0.01014938796241227,0.007947193314254697,0.021026510994056002,0.0,-0.027668357113213415
-0.10054751856118688,-0.018613449443153685,-0.03268141691713733,0.0002979945366314296,-0.0066822015532617685,-0.01707191619220394,0.0010568064185268455,-0.07710166407701868,-0.027963238441761573,-0.004159266350935331,-0.022862432451904557,0.0,-0.020180664018068173,-0.0467048691844173,-0.06147790034004924,-0.020563522895291397,-0.019937672582184818,-0.005477714490350727,-0.008231535758954522,-0.020094723187734476,-0.09795280989204519,-0.05947150946997659,-0.05904090510873422,-0.018168253063921724,-0.037882565223642695,-0.05242410907781747,-0.02346516398712234,-0.0013270206650557448,-0.012420274578001878,-0.057950427218361134,-0.027717096034689914,-0.014241722222278819,-0.006170321185314909,0.0018245793433635527,-0.01317513176406404,0.003804414892878194,0.016052473607353956,0.012237850896485242,-0.03388741893977404,-0.0007056557175676437,-0.028822473416658334,0.04430365346829995,-0.006573058081313643,-0.013284684675759162,0.02304280270283926,-0.014891042489724227,-0.020944138169676496,-0.01698962279856614,0.0028379626364601895,-0.006695672016610366,-0.010568186936330659,-0.007821017091971416,0.00033365096431642316,-0.015015097151688694,-0.04505570925057578,0.0002027940873557399,-0.0430272666672365,-0.03695608222839508,4.7939599620905327e-05,6.308504875068843e-05,-0.01936111308049565,-0.05319735242667667,-0.035118007454682965,-0.01104370603221927,-0.015660126513273198,-0.03253120109082813,-0.009026891253282043,-0.03183413322549611,-0.05860127393777753,-0.04381406007123917,-0.06664967211049527,-0.030942434459571233,-0.008577385109664382,-0.003969025373186774,0.0,-0.034139496135908165
-0.05793021707601492,-0.06108442402622166,-0.033150366272827414,0.015560693862514852,-0.039274853045267455,-0.024919096731383206,-0.026501491146644574,-0.031131477093852333,-0.01990963523651995,-0.025568584927679217,-0.014435099152630138,-0.020180664018068173,0.0,-0.0026797458421756737,-0.03637840598120168,-0.05209005789512261,-0.0466613644535796,-0.05394378304002595,-0.021556522906725717,-0.04269814084033752,-0.025076493499417374,-0.0497814175875938,-0.03747082653699324,-0.015483877136232282,-0.06248029285024376,-0.03162843198002607,-0.041041251227562026,-0.03483823236661582,-0.022907941986913816,-0.056652875955251814,-0.025019438915806547,-0.012824742057253091,-0.026333572890786527,-0.024439548875984596,0.017326027648568,-0.0013267277531199828,0.014143967265015156,-0.006603056045814459,0.010955473670974603,-0.011818018032050459,-0.06167020925940453,0.05374361737928157,0.0067379791236567566,0.04085582049801584,-0.010426815049508709,-0.028982314220399708,-0.030521757341875566,-0.022141837830152666,0.0,-0.014494538606400709,-0.010612843276739503,-0.005162469443753648,-0.013525959553205513,-0.02417744151804424,-0.024269990862691104,-0.021162558938853826,-0.05773721348033434,-0.005673750088236784,0.002316086919813387,-0.03180599470598949,-0.032833383622131784,-0.023586279099755914,-0.0327335619463307,-0.015973221628108658,-0.027508007352783803,-0.03281221407549495,-0.022637865476530628,-0.019378725321451407,0.0036335623974094178,-0.06129023309909848,-0.034767415230405,-0.025212713705135392,-0.008906693180169067,-0.017965211790090474,-0.03569904075554714,-0.011307533445428453
-0.028583957523476144,-0.00688781167064495,-0.04153002536562517,-0.041523390315366476,-0.03879627849515005,-0.03417907203268744,-0.0018280028260285741,-0.012266948795093213,-0.057824093428246126,-0.03990134683765656,-0.01782010216575114,-0.0467048691844173,-0.0026797458421756737,0.0,-0.01209127341623295,-0.0006643756400234735,0.00010195420435926694,7.699854916232152e-05,-0.04233631820155681,-0.00459033293557537,-0.027093929483372525,-0.003831655796856903,-0.04947325173748557,-0.02919358152989876,-0.004115516864635738,-0.038618983152526376,-0.04692434867159162,-0.0388802581400553,-0.023766854689307115,-0.006878861016571758,-0.023468958872499612,0.006075788052694209,0.009236125739816026,-0.024408701168589397,0.005229792582329307,-0.002304992867171368,-0.012315126895958567,0.007347253982638802,0.04239093031024943,0.0,-0.0006171159728440845,0.00046000438401205823,0.012423855769564118,2.1840659394367634e-06,0.0,0.0,0.0,-0.019704276967859258,0.0,-0.01412072580536422,0.01800608754432853,-0.014190886725159169,0.012841330306997634,-0.015629100728474732,0.0,0.03487713531645015,-0.00014746643869800735,0.018560606172394023,-0.023592105894190363,1.1102230246251565e-16,0.0,0.0,0.0,0.07771745387985218,0.0,-1.1102230246251565e-16,0.0,0.025697040748035582,0.0,0.0,5.551115123125783e-17,0.017755172484775428,-0.016503721251254155,1.1102230246251565e-16,0.0,5.551115123125783e-17
-0.053755859557787,-0.02122810829711469,-0.03636893433959365,-0.046178153181555326,-0.01917157247802781,-0.04011922684897784,-0.02498883456067308,-0.06736349294206279,-0.047672073050470554,-0.003762123979849874,0.0,-0.06147790034004924,-0.03637840598120168,-0.01209127341623295,0.0,-0.03714776056762148,-0.013345265790062566,-0.03933836765292925,-1.1102230246251565e-16,-0.03889190044899493,-0.01632006641096534,-0.02586806997071367,-0.07898787593877576,-0.06426240781325832,-0.025935609311996788,-0.02346811746828903,-0.07022928987630467,-0.042771493944620764,-0.03173321068914764,-0.025664412084731636,-0.015896400770063324,-0.015556319508718275,-0.028381571668791128,-0.01832462415836883,-0.021317988645261243,-0.017577915427126223,-0.02452218331546535,0.00012665887375784557,-0.0294271233922912,-0.018448329801330432,-0.034379217395454575,-0.03777290230124125,0.014091561954589549,-0.006485466513303562,0.0,-0.07354715264334444,-0.035460210218558275,-0.029265421641911482,0.0,0.0,-0.03602983274503602,-0.016428616356492842,-0.04603009850300682,-0.010564609216210663,-5.551115123125783e-17,0.0,0.0350244742883305,-0.05088759360941908,1.2437881520388494e-05,-0.05253957596268383,-0.04728680094541793,-0.00043476289819721625,-0.015577659539285249,0.0,-0.12872417131873315,-0.0488485019010359,-0.01786979382089665,-0.1344034281585073,4.914443386982992e-05,-0.06364469356147268,-0.03693372919315463,-0.13220246269731212,-0.05261388750829965,-0.04922922820426079,-0.05082144247579912,-0.036960292396997496
-0.05115719865064944,-0.02802594529294583,-0.03335360883463351,0.000838763927194508,-0.0399389673207422,-0.04540837081831883,-0.04413862019182557,-0.060408442668543616,-0.03780920621026457,-0.01810363838439366,6.365583185469204e-05,-0.020563522895291397,-0.05209005789512261,-0.0006643756400234735,-0.03714776056762148,0.0,-0.029143540967077386,-0.04234787331299278,-0.0001757869139253354,-0.012870703647622883,-0.0512145061587585,0.0010685641527709566,-0.049063511617822075,-0.05551923668914305,-0.026526127880771078,-0.04332264262071256,-0.028997680775521006,-0.048322179626252126,-0.03169198592748229,-0.036260909443015577,-0.02536824280714345,-0.016527373987930805,-0.033920997743810966,-0.019206392764166857,-0.03318085678778998,-0.0014060455065259547,-0.009544865647318768,-0.03555104213232785,-0.03180762196056658,-0.03783892730752891,-0.033965704029336075,-0.03847603353510182,-1.6218048511873473e-05,0.0,0.0,-0.048328253209757366,-0.04102614425203238,0.0,0.0,0.0,-0.04600871060601697,-0.028236261997767964,-0.03139772601230656,0.0,-0.025712872235899298,0.0,-0.023524298094514562,-0.04120309581506937,0.0,-0.0409822139638758,-0.03246516149638218,-0.031280679284925283,-0.027542974851746727,0.0,-0.03307445684634136,-0.04842853491946403,-0.04327162187622141,-0.06099228933927342,-0.030237925535362642,-0.035614614273777156,-0.05403673087296712,-0.05522520637305123,-0.05081094716834411,-0.04557950549183859,-1.1102230246251565e-16,-0.02905793336676049
-0.019645855507488763,-0.05664090253151227,-0.02898712080821919,-0.002836865550306489,-0.010743773918947153,-0.009355510529277966,-0.023798350821689074,-0.013332740777701746,-0.026142084699539936,-0.02350142559175561,-0.016715032986801714,-0.019937672582184818,-0.0466613644535796,0.00010195420435926694,-0.013345265790062566,-0.029143540967077386,0.0,-0.054550667569008615,-0.024317005466271635,-0.04260701554242213,-0.020174491364274072,-0.02659634178200082,-0.02628582086266179,-0.03700619047246556,-0.02423148682157572,-0.03865064993398504,-0.01803047924639778,-0.22199503103963517,-0.03060545463205061,0.004192029912250539,-0.07102716298553047,-0.03567517719425284,-0.0405997751034069,-0.0481057522563626,-0.04031648594153153,-0.010442058005389276,-4.497221058191725e-05,-0.025213331641785797,-0.011180476486367052,-0.016987009710639434,-0.04961298830240568,-0.02362883286553935,-5.551115123125783e-17,0.0,-0.006328971104360148,-0.023004561379333488,-0.011804645719520723,0.0,0.0,0.0,0.0,0.0,0.0,0.0,-0.03864893155612237,0.0,-0.04464157883050385,-0.004370001156710379,0.0,0.0001811695935470259,-0.0177723243070273,-0.03725746241756872,-0.023157703774405625,0.0,1.1102230246251565e-16,0.0,-0.008640162972432308,0.0,-0.06962319084835089,-0.027828096500993937,-0.05211108517459462,0.0,-0.01481335022951158,-9.77391789616644e-05,0.0,-0.037384609794904544
-0.0510142511056097,-0.02689776714644948,-0.023333046348258057,3.714203449112219e-05,-0.03736570142617002,-0.05275276940860191,-0.04966510208070957,-0.06659057592395334,-0.01790059364726576,-0.010771309755986558,-0.01659704955385427,-0.005477714490350727,-0.05394378304002595,7.699854916232152e-05,-0.03933836765292925,-0.04234787331299278,-0.054550667569008615,0.0,-0.017977308251367008,-0.03044803826496345,-0.058537510378210034,-0.02361504036508333,-0.05827155879255652,-0.04023172243705608,-0.030333991883042644,-0.045342956395670486,-0.03569238287428128,-0.03842696523931605,-0.045148513836463955,-0.05197188013309495,-0.04680393747221706,-0.032667192179085924,-0.03161389321698305,-0.03021233107281951,-0.027353056706493295,-0.01662410859393898,-7.495226041742686e-05,-0.006965122866270823,-0.017087325029724765,-0.020364639488314462,-0.020369593166321143,-0.021515190913159177,0.0,0.0,-0.04898881602871302,-0.05001501395916519,-0.040144992377668165,0.0,0.0,0.0,-0.032474870112521315,-0.00031609774339780294,-0.0003564907855811428,0.0,-0.016820715170623057,0.0,-0.02811426240667375,-0.023658757358099025,0.0,-0.01731820981806581,-0.029631760051227918,-0.02178562136295087,-0.020061708185852234,0.0,-0.036129750140553196,-0.023811742026698723,-0.03326510622794793,-0.024409210576576745,-0.04774211135194151,-0.024148253232788075,-0.037638521569440864,-0.02303527641411618,-0.022474660080421427,-0.04054893938349363,0.0,-0.02401973923869022
0.0,-0.013071949839769725,-0.05641335705938627,-0.006441716958489496,-0.02383971229929216,-0.04841486748725449,-0.01317372468971545,-0.015909155118989993,-0.07056017694907663,-0.02462325500607465,-0.04096975800258107,-0.008231535758954522,-0.021556522906725717,-0.04233631820155681,-1.1102230246251565e-16,-0.0001757869139253354,-0.024317005466271635,-0.017977308251367008,0.0,0.0004282053916825346,-0.012264014059519046,-0.014003131935126256,-0.060360520035254495,-0.014892748728490446,-0.018745306732237288,-0.01672081918771834,-0.06752976947727835,-0.031045411542012347,-0.00047685070618030956,-0.041642793845221904,-0.02627105742888647,-0.03994518423529558,-0.012359421402953596,-0.025648029697187213,-0.017262687052690295,-0.017352588737384878,-0.022980784374545427,-0.016568624295818457,0.02437728518609933,4.499534170326891e-05,0.03736305276685137,-0.03594256296118953,-0.011716284816455147,0.02022531603093053,-0.0004955379314004471,0.0,0.0,0.007380447538071655,-5.551115123125783e-17,0.0037995368157580645,-0.02253194907588041,-0.02205482047512275,-0.017261439355179098,-0.0504103031165975,-0.00011448090134502653,-0.05904870012363511,-0.03709682462326602,-0.02743600587811129,-0.022444428809935246,2.220446049250313e-16,0.0,0.0,0.0,-0.004068357384686361,-8.413449549765639e-05,0.0,8.709417724767077e-05,-0.0073478705308039904,0.0,0.0,-5.551115123125783e-17,-0.036337587040583985,-0.014580970223678547,-0.03973516354629769,-0.00029005857451391837,-0.031194166837909654
-0.030007737842878246,-0.02089428810938765,-0.016964374952981864,-0.018025668224553093,-0.04169899990129311,-0.03693027386219877,-0.03938440734679699,-0.0408024841062859,-0.04605255149967552,0.05302144539243253,-4.641591455734062e-05,-0.020094723187734476,-0.04269814084033752,-0.00459033293557537,-0.03889190044899493,-0.012870703647622883,-0.04260701554242213,-0.03044803826496345,0.0004282053916825346,0.0,-0.001789653214356035,0.0021223757018357103,-0.04775496716163097,0.005774614013588086,-0.015164672402499024,-0.023755471080030455,-0.033364376573579324,-0.01847824511346241,-0.0037083558420371032,-0.020837364647868895,0.004280142672323017,-0.014279895184676483,-0.017318737525439276,-0.010839907466748122,-0.01936777889136876,-0.015939507896635174,-0.014113165870598354,-0.007615532615160625,-0.0032655022544142986,-0.009901818064394885,-0.012158246959224961,-0.015139542755479463,0.015782542439239988,0.04218195775009087,-0.00031862109897540236,-0.03326913178571789,-0.022822521417288688,-0.023409059028741075,0.0,0.0,-0.030551787869026292,-0.02473047256047428,-0.022272646655680406,-0.01345322239079505,0.00021069670787698946,1.1102230246251565e-16,0.012571967247573812,-0.01825339873730658,-1.1102230246251565e-16,-0.014322505572694155,-0.025639702004776,2.5799415033556095e-05,-0.0498998359251554,0.0,-0.020735515073506683,-0.008610861223684763,-0.015750372581014527,-0.020746846406952624,0.0,-0.033945751961202086,-0.027129579436712348,-0.024568304678054265,-0.02614863472845963,-0.007567385202958521,-0.021788038927790132,-0.010264036523255526
-0.05485756456280527,-0.020841517087477335,-0.05358359789531658,0.0010438602396155572,-0.03818295811833794,-0.04700362081497911,-0.025253380396053182,-0.023729292964292714,-0.028665328961493763,-0.14184008940427756,-0.026044562659770787,-0.09795280989204519,-0.025076493499417374,-0.027093929483372525,-0.01632006641096534,-0.0512145061587585,-0.020174491364274072,-0.058537510378210034,-0.012264014059519046,-0.001789653214356035,0.0,-1.2836536867066872e-05,-0.03355385514262349,-0.060872233532199505,-0.0665883162095886,-0.05655596614548958,-0.03185901711603334,-0.025620467932322588,-0.016388013032289817,-0.014259515496216402,-0.0025933477668255156,-0.002773560862761315,-0.04743130783480748,-0.01683142305514751,-0.017470311788606196,-0.05750502286630871,-0.018442735468423177,-0.016255112880931954,-0.008438141086205053,-0.05702547226970861,-0.013213546373702145,-0.014781514113808958,-0.026521857884033218,0.0,0.0,0.04670856420740027,-0.028497730403700905,-0.03920365944242843,0.0,0.0,-0.04824565335592457,-0.02123339543306957,-0.02370131637305334,-0.025656075202009243,-0.022476538338677243,0.0,-0.03348175338585663,-0.045668114518898684,5.551115123125783e-17,-0.01241690092303871,-0.03933345246854025,0.0,-0.0537270225476435,0.0,-0.0350173602605926,0.005600768310464188,-0.018665346714898223,-0.05130401588167588,-0.005052087610001865,-0.05247427639048596,-0.03980894098660698,-0.043504415011946906,-0.04184303962202268,-0.02930197951976088,-0.049419444819579106,-0.02407959144494415
-0.03936858747117272,-0.020426014198862474,-0.048278497552149024,-0.01897694713182685,-0.044991600592761194,-0.039257909227719046,-0.04419210415169905,-0.04734502465379081,-0.03886786047093205,-0.05416107455343294,-0.003724310578398393,-0.05947150946997659,-0.0497814175875938,-0.003831655796856903,-0.02586806997071367,0.0010685641527709566,-0.02659634178200082,-0.02361504036508333,-0.014003131935126256,0.0021223757018357103,-1.2836536867066872e-05,0.0,-0.02467146223520089,0.005106041959585306,-0.021966461807437443,-0.015647444911146446,-0.017699167665551796,-0.029304359073356157,-0.023280835372487263,-0.01075874039151098,-0.01247746907400199,-0.01461698548786694,-0.006277137220650264,-0.02239913043958075,-0.022679038812781493,-0.018376637504993076,-0.014167569012227543,-0.018317533857419133,-0.01286378844623759,-0.024297885804210884,-0.017539359271235677,-0.017205505037572844,0.025340677357600205,-0.00426565927903505,-0.00018859370621310267,-0.038086554553835084,-0.025653737122327214,-0.011639365134892943,-6.83943855889213e-06,-4.875784747165879e-05,-0.03467320641851995,-0.02714889184077529,-0.04607040388662714,-0.025240866264723827,-0.02764129166501178,0.0,0.018189944285190995,-0.035439348621713385,0.0,-0.01993977034090566,-0.03042569024301084,-0.01648028074983965,-0.03009593396119631,0.0,-0.0280377095908918,-0.0214209561932433,-0.01550506405450841,-0.03283188449185104,-0.013875094867065008,-0.034702484002193446,-0.03567344924451893,-0.03447386296832189,-0.023859050887439726,-0.03350473769430884,-0.059116571127937834,-0.007648086311932423
-0.06351162588840831,-0.034116058221795365,-0.03823138996778891,-0.026911232744367852,-0.04150332256583755,-0.036568945531115116,-0.030205008355094543,-0.023678360475153704,-0.05972371667319032,-0.03567058817736046,-0.05403522824693868,-0.05904090510873422,-0.03747082653699324,-0.04947325173748557,-0.07898787593877576,-0.049063511617822075,-0.02628582086266179,-0.05827155879255652,-0.060360520035254495,-0.04775496716163097,-0.03355385514262349,-0.02467146223520089,0.0,-0.06388629619803099,-0.04946186175467071,-0.04827048229681641,-0.05527224745361098,-0.04181198552203891,-0.04046001724813325,-0.030379357514121186,-0.028018086061827374,-0.028048285211116963,-0.026766426336205018,-0.034134387172288894,-0.025163076591167566,-0.027998588790728085,-0.021956336618874528,-0.025530772710146143,-0.01333558244398464,-0.020227732592392744,-0.05519452441414502,-0.016874020837664483,0.006798148203384147,-0.0262340748592772,-0.007458947238718205,-0.018015478311926236,-0.044481054687353694,-0.00191489204566897,-0.021632500806491928,0.008514467844200624,-0.008905121492302104,0.00787105826345702,-0.0034346989431879305,-0.017094182027098892,-0.009581007534917751,0.031617614784362924,-0.032910123149219817,0.001762009701579581,-0.013331370307708701,-0.024852661811685772,-0.0485239017515402,-6.275993031906735e-05,-0.021151454763381372,0.019615698139396565,-0.03420009619723069,-0.019980110667036866,-0.02253545163408721,-0.008809026720061452,-0.00024186427590977555,-0.04703989608345299,-0.04603575969321222,-0.02929460035532072,-0.015783962888210712,-0.01880657238292832,-0.03197287663012316,-0.01500021907545418
-0.06581340477017344,-0.04046613843660524,-0.013249000791659304,0.004107917546469109,0.00021907237199009222,-0.01867211721278017,-0.0009303958726436523,-0.05432192003136538,-0.00595222798226791,-0.022155744286716295,-0.013708970744345295,-0.018168253063921724,-0.015483877136232282,-0.02919358152989876,-0.06426240781325832,-0.05551923668914305,-0.03700619047246556,-0.04023172243705608,-0.014892748728490446,0.005774614013588086,-0.060872233532199505,0.005106041959585306,-0.06388629619803099,0.0,-0.06507552127740401,-0.04840461189219242,-0.03656794153529247,-0.006986672620336365,-0.018459563951365388,-0.007675698920825869,-0.04939981297321,0.023607987580395895,-0.02210960109778548,-0.016325653696756925,0.013531207195508155,0.031267634978839,0.02541217789025174,-0.020752359413261645,-0.0020343989978328647,0.009468110780671057,0.0013759285787825482,0.01072418268342501,-0.010458786109598772,-0.003110075274854407,0.03126255589595495,-0.08092962744808091,-0.02299052906574517,0.0,-5.551115123125783e-17,0.00024789022700161256,-0.002737267454935133,0.00021241765748097885,-1.6653345369377348e-16,-0.00044159520223591153,-0.035708603795180816,-0.0003248618388297375,-0.043297932895314806,-0.0057942796010509445,0.0,0.0008050986465197862,-0.040959242229464565,-0.061875800722287766,-0.037864333470729705,-3.0208542854237574e-05,0.0008007377058749099,0.01989852294863198,-0.01673624493805609,0.0007901524388007064,-0.06776273934192023,-0.04268518738808019,-0.06589297026947827,-0.0008005420461731361,-0.0005760963916946471,-0.027656428794469223,0.0,-0.04437097268888612
-0.057356510645640846,-0.035818616696672634,-0.03837597923340014,0.0003301320545606168,-0.051639187487202864,-0.03389791138744136,-0.04908992874593421,-0.08073207027216323,-0.036813375550882044,-0.029472405946758595,-0.011755586376884175,-0.037882565223642695,-0.06248029285024376,-0.004115516864635738,-0.025935609311996788,-0.026526127880771078,-0.02423148682157572,-0.030333991883042644,-0.018745306732237288,-0.015164672402499024,-0.0665883162095886,-0.021966461807437443,-0.04946186175467071,-0.06507552127740401,0.0,-0.03339350053020024,-0.02082066409935135,-0.04244044746314851,-0.04020438378021901,-0.03473467989701423,-0.05589053891557816,-0.025238516174537318,-0.044968664431041805,-0.036720736000533605,-0.028960482927243625,-0.045097525748440115,-0.007606571147951491,-0.013554516324325028,-0.030081211652489392,-0.028670793322244592,-0.028358218903533683,-0.03237092929156071,0.005695919344650413,-5.551115123125783e-17,0.002114573229099137,-0.05491143622150407,-0.033973203504298444,5.551115123125783e-17,0.0,2.220446049250313e-16,-0.045506682327272396,-0.02099906379316735,-0.03198074385657035,0.00033787197606577335,-0.036914258038480474,-4.1044248899224645e-05,-0.04576437242803172,-0.0414103924769994,0.0,-0.03765647540885536,-0.03466151770224224,-0.03991145816311692,-0.030291759032629206,0.0,-0.03613309505756779,-0.04398138379456801,-0.03174367622242946,-0.048183659690892056,-0.0802339953213917,-0.037597613017546494,-0.04916020445690661,-0.045663591257134484,-0.022635703078304814,-0.041490817259738355,0.0,-0.03286136529489253
-0.06813479367781355,-0.017817931543133714,-0.028401719821895377,-0.026245751039188803,-0.036096692368594585,-0.02694243748808728,-0.027051632299506023,-0.06701724874551629,-0.025382375709960936,-0.04599086919878237,-0.01559608183577016,-0.05242410907781747,-0.03162843198002607,-0.038618983152526376,-0.02346811746828903,-0.04332264262071256,-0.03865064993398504,-0.045342956395670486,-0.01672081918771834,-0.023755471080030455,-0.05655596614548958,-0.015647444911146446,-0.04827048229681641,-0.04840461189219242,-0.03339350053020024,0.0,-0.021335321988345368,-0.02153599074564999,-0.016340403265441727,-0.041396296512192676,-0.057079611263543606,-0.023299479027607484,-0.034692131755251654,-0.030953626067061424,-0.025812882320284447,-0.029075092505914057,-0.021183470975822127,-0.042222991164789114,-0.048418821352259445,-0.05550350368141349,-0.039863179398401616,-0.04906883113188587,-0.03057965670089291,6.485248422627432e-05,0.0022107736266963607,-0.07149268535711883,-0.04551990477465406,-0.02448891613989862,0.0,-3.282144377880769e-05,-0.04399109641296228,-0.03393489907936881,-0.029698677800275075,-0.021273160186535023,-0.05315732929278555,0.0,-0.05152891446809238,-0.03979066446238794,0.0,-0.03058843588679583,-0.0435657643248879,-0.05519107712951121,-0.049002017656221475,0.0,-0.043092005355211016,-0.02235355382485149,-0.03628918602665815,-0.05920746996168241,-0.09472028486064243,-0.057014793835807265,-0.05100553679837888,-0.05407506090608205,-0.02276789277054242,-0.04663829907903283,-0.00015485813737697862,-0.049419283927609914
