0.0,0.35188454948644465,0.15755577494158496,0.0,0.24159915138945343,0.18213894457687912,0.19474872683689384,0.13146121958673873,0.3218352454881364,-0.1708231935245101,0.19104580156296105,-0.17340203424440778,0.24768932093898477,0.30454875614229804,0.07494604915585218,0.3240858216907981,0.28349106464908247,0.16911266930090774,0.0,0.4029836870505098,0.15324509527187452,0.32698767104501725,0.1254700729145795,0.16185028742732496,0.08954819292464783,0.09583620026182169,0.2848228378457054,0.27784539704407346,0.29604934893932905,0.42913823892526254,0.09662738906726831,0.4084578571178442,0.12473400007435798,0.18472888370962479,0.21318394275833422,-0.33782669677161914,0.504890415032803,0.4897934269515828,0.183730938655424,0.32007107174003857,0.33283082928471885,0.0431723611808244,0.47399983716132416,0.0,0.3890049381481846,0.2716519200177543,0.20014419675861428,0.0,0.0,0.0,0.2741756771203915,0.0,0.4298016481215382,0.0,0.09032199465404683,0.0,0.4832058364185358,0.45538980132400636,0.0,0.5974340972523926,0.1894405460791435,0.22793762807314522,0.2256612166638158,0.0,0.36236300158571,0.513141748744083,0.24657555123785796,0.3133493607175872,0.5074064144887735,0.0968786175223183,0.19717857879152456,0.18219501148808787,0.43264733025073054,0.11125046297493407,0.0,0.10677237689080776
0.35188454948644465,0.0,0.3543282073385823,0.41357078415704307,0.25918515255797503,0.25914436232656196,0.20859763797027214,0.25853135816082123,0.25046240467472103,0.22659469684592284,0.18815785255449805,0.323714733965994,0.17403458997132526,0.298304904553208,0.4416419247007346,0.4444156549415468,0.1608529630408585,0.4402430245164587,0.5067058006443924,0.4115254188946925,0.4717580457304012,0.49148745279303707,0.43673958355958775,0.1846927071616869,0.29180221861173605,0.4043538564829988,0.40872790893359995,0.2302526221929044,0.20200355890624433,0.37364860346049383,0.46471101472010845,0.46749348288315584,0.31180092685579913,0.42824022325026356,0.4412352245437251,0.4905712737580197,0.051667744506892356,0.0,0.2856285080077613,0.3347548447939795,0.2913102117593053,0.24482157139316257,0.44882120311512447,0.0,0.0,0.30068392423469426,0.28994047604239576,0.04039457466508253,0.0,0.0,0.2552255442103978,0.3663619461675075,0.2663583414695738,0.2510443165364361,0.32498547704878217,0.0,-0.028262826412981168,0.2751562124823571,0.0,0.41100685018860417,0.3074136528863516,0.2864539467030981,0.31264824434463917,0.0,0.3469194355728433,0.5186056154770182,0.37234959482722874,0.2700037359168371,0.22455878801307644,0.19718258959546497,0.27724063291996237,0.2199178892036748,0.258423854466892,0.30158616788445763,0.0,0.3982865777781273
0.15755577494158496,0.3543282073385823,0.0,0.3974683672267966,0.32397282113931525,0.3005687124099339,0.4355209653559201,0.5789951476369959,0.08372771597958803,0.35669420539027874,0.3630658323556037,0.32465008769406245,0.437454474870395,0.3908676212539644,0.1819211672980494,0.20246381307361883,0.3508714087222902,0.3535663417944779,0.1622862168554185,0.3204154176544127,0.24383949296842403,0.23999108996073093,0.3223298236608442,0.41727079327123306,0.3511459298481516,0.3579947022029585,0.2771870069609733,0.43728860384589585,0.4375195008347086,0.3645137151300755,0.46002634245100893,0.4046052199709463,0.07651698728490458,0.44080472402596793,0.37551324543300235,0.46015321958412136,0.3691437502447631,0.31709282336193234,0.7774984536717939,0.49470930473931035,0.6379620891806357,0.4942737482789762,0.5983599986895067,0.947797222590883,0.0,0.0,0.406249178278514,0.7543311551488797,0.4774022288911074,0.541941639572032,0.5682639532809808,0.553486998818295,0.6248430309112881,0.6353296407942696,0.42262006114433803,0.7970860447386146,0.3996960727847851,0.6182681435888449,0.460281225484601,0.3609407999656827,0.0,0.0,0.0,0.8030116001249222,0.41513672761975795,0.5088690577409477,0.2532016047466345,0.6223339705206061,0.0,0.5604588132419293,0.20802740845547507,0.5861256481968575,0.6244137476743619,0.5719424494400603,0.48146648806183107,0.40766499871991646
0.0,0.41357078415704307,0.3974683672267966,0.0,0.2475007482117098,0.37047729241611493,0.5475467151947461,0.1590404826168157,0.49570747702219015,0.5554592165526704,0.2469158579439034,0.38051932670069955,0.5723272582848711,0.181762356961466,0.2337931181681499,0.3068017732482225,0.46579552517419404,0.4717647991165371,0.5475699099547432,0.4606933613033666,0.47132467808773315,0.4219836917582707,0.38482664873720446,0.39256326347945814,0.8100936712555065,0.3015378756680025,0.4415490022301837,0.6152743427066172,0.39409012528792836,0.7093288584901277,0.5372898443901984,0.2985609035716127,0.24272074161821094,0.4591399890805603,0.4918936687201102,0.15409630121689658,0.6388972281285805,0.62991229904687,0.2776777468651713,0.3789263694481837,0.30549794034162536,0.34267019885859884,0.40321407739089177,0.4653021379362092,0.0,0.0,0.0,0.4244132866180569,0.0,0.0,0.36929422434554976,0.0,0.4677330660378811,0.3540899102131504,0.0,0.22113314992763441,0.8769770589398083,0.4541553294828886,0.0,0.0,0.0,0.0,0.0,0.0,0.0,0.0,0.4743294385957324,0.5108391994468939,0.0,0.0,0.0,0.6706706467672898,0.4813586624334949,0.6515015875319138,0.0,0.0
0.24159915138945343,0.25918515255797503,0.32397282113931525,0.2475007482117098,0.0,0.19540581548867988,0.15200798764012485,0.5534260479310467,0.132489837938118,0.4733015887396381,0.2077302118505855,0.45649054840551895,0.3056084477795742,0.22606972720837606,0.35534504407929657,0.38780494823059986,0.5429583824350407,0.23030599718158112,0.42311286194241776,0.30111884026753644,0.344397289889216,0.2680891467433102,0.24401023248484258,0.5332582953962952,0.2681640651710483,0.31228778899573684,0.14559959687045795,0.4418184910984748,0.3375875689162551,0.13570260643429732,0.46039004378642584,-0.0566572262374857,0.305418942176344,0.38845652289775057,0.37079689578492236,0.23379576938239305,0.2011193256457788,0.8710493763182479,0.5609812389407034,0.7895620618486715,0.7735376436006669,0.4078245235273277,0.7165555732408446,1.0448297000104354,0.3729521054836418,0.0,0.24247334170605744,0.42784247954687854,0.0,0.6020320682219553,0.5465633606886018,0.5794770721610505,0.5319091952660437,0.40077722213654304,0.0,0.48452831713756195,0.24349999639358244,0.7116908228431704,0.32499689854024466,0.3508971243060912,0.46134550353061277,0.0,0.0,0.5253748805971408,0.19464275703005768,0.49746399659682616,0.27159409378336724,0.5283975584550706,0.0,0.4947703536438943,0.4017159720999622,0.41003969158944853,0.5997248342310035,0.3926129275739119,0.0,0.5085700823556218
0.18213894457687912,0.25914436232656196,0.3005687124099339,0.37047729241611493,0.19540581548867988,0.0,0.32138850731358004,0.37826633619563366,0.2966939713799501,0.45137584397226804,0.03257856636389361,0.557615263050623,0.3864018741905254,0.30240027569763595,0.35489226687762865,0.3120790115153147,0.4323872790960699,0.24512449990404817,0.2741471842701949,0.25630597526731513,0.27043966618891857,0.2265617717297951,0.3150628675653539,0.30869896299711924,0.34211321698810926,0.48394761957353555,0.16117043774638334,0.4653269876916281,0.33701005665547384,0.39103600372314606,0.4492178417956737,0.28554642352875803,0.5079149499144681,0.35053988652236323,0.31395910863958937,0.35862820616974544,0.42320798025324946,0.452364878381411,0.6630392541222374,0.17929010694960915,0.4814048657245239,0.37198719961078824,0.7071703349480649,0.5746824895090639,0.11322147424553858,0.42283553464996093,0.35782540009211095,0.5360591604141192,0.6240214470566463,0.47819726576496285,0.6265928814055037,0.6912800974137046,0.6608283393591088,0.5838384718571363,0.5439925163968582,0.5870618957040724,0.22244619392641143,0.6633807176152643,0.5878561347552309,0.3718002858063437,0.37787519734477015,0.0,0.2437842923988675,0.5420055404560462,0.3644025730922792,0.219768775938254,0.41299417451417164,0.5499271250979968,0.49871804823203736,0.1626448957421801,0.3389313216319211,0.5030557569998622,0.5281285210431318,0.5238374651399949,0.38543576796084633,0.5503255303335342
0.19474872683689384,0.20859763797027214,0.4355209653559201,0.5475467151947461,0.15200798764012485,0.32138850731358004,0.0,0.40792439569965006,0.3754662039722651,0.3631377897609308,0.5154788835656643,0.4813167030240698,0.422068833766586,0.40926577703983474,0.39762330407723745,0.3407053777484936,0.4379000588800453,0.2658449818164298,0.5064302911991866,0.2831104701113165,0.3560073078777869,0.2751140409936611,0.39291399157364154,0.5371061839596012,0.28248092070780073,0.47922315495478485,0.22936447912305905,0.6660076179687576,0.3832845654846022,0.2767954762218181,0.4053762095346879,0.5757095821054484,0.5352682604410073,0.41661249557085045,0.571751458300259,0.4972594364073434,0.4834243628230504,0.6470665990029298,0.7211427934825798,0.4963421176157571,0.6304719266842524,0.5551745236626972,0.5950590922421309,0.9162894097923509,0.4731144138251066,0.0,0.2341289451752698,0.3700192693204556,0.0,0.5537691208201713,0.5728665248509406,0.5967365504785562,0.5494276287083071,0.5585450571061039,0.5398021587235826,0.4353236886299039,0.4790366817319959,0.5525203397537498,0.22950424998404798,0.2155863470224159,0.20661925653365315,0.0,0.5074043053658083,0.5545051748897497,0.4308098451845249,0.34057835540894305,0.5626135839079276,0.5240362235629445,0.46421630293390354,0.3200156983416124,0.33552365050308297,0.47347108624306145,0.5556601284488238,0.47152998165502175,0.4865297870744051,0.5072426498767647
0.13146121958673873,0.25853135816082123,0.5789951476369959,0.1590404826168157,0.5534260479310467,0.37826633619563366,0.40792439569965006,0.0,0.45863025169327387,0.3929776021003911,0.3380238498737802,0.0746421694596574,0.40767709146194353,0.6592070583007985,0.24177217650385885,0.2904565697396112,0.24003623468019342,0.24508745986250363,0.5433384671749009,0.24947202143036298,0.39672300586778775,0.2618827810850656,0.42989378175850546,0.06179345315520332,0.09801061034907943,0.14013123730943372,0.32932554820937,0.30180185366313084,0.24985064624752368,0.36911441793401406,0.38843552739188036,0.3588270576657786,0.23567303850748705,0.38965045952029465,0.33810362365114577,0.3909395320221344,0.2949045807025897,0.4986624983483041,0.7164496163842593,0.40296530702144767,0.323995525996559,0.38763432475805487,0.7353230759209881,0.3754735840864215,0.0,0.28009510311199826,0.27754070708870704,0.5926377261208268,0.0,0.5848515548452753,0.7236980169591509,0.7564152629577914,0.616903682984963,0.5113826058325478,0.6435935809627318,0.7075911911360514,-0.936889490799334,0.6200077185690627,0.5935601738373675,0.54408308386069,0.2997089468451456,0.0,0.578869281541815,0.6688444829812665,0.4706618159384064,0.6307316145101354,0.3768997208325979,0.6425241897092324,0.0,0.1982602509612737,0.27318166099070385,0.4842666883510998,0.5096427023552806,0.5267446144504869,0.4204370986050583,0.4819979144280808
0.3218352454881364,0.25046240467472103,0.08372771597958803,0.49570747702219015,0.132489837938118,0.2966939713799501,0.3754662039722651,0.45863025169327387,0.0,0.43982932956460213,0.06785013384553348,0.39530800971512425,0.5038159098911394,0.2596538875947668,0.35139740387467494,0.37277530704601003,0.36266535750948103,0.4650850175315745,-0.02502127804788798,0.2497914200817503,0.318811894879592,0.2802129165644295,0.1949751832843843,0.5932201760061888,0.3341826505725505,0.483384704511855,0.20067649756562642,0.3944985594868003,0.28941444029329805,0.3943757322913156,0.45828162933764116,0.41146534823615744,0.4566463659737445,0.4441583803125292,0.41167089867216045,0.4088519287991495,0.4376311954156266,0.5307685688880392,0.7005576234506741,0.30998729969955136,0.2253773181341698,0.1551749133404125,0.34002653529619137,0.32531284515690173,0.25773153406869886,0.0,0.30094521770461663,0.4521948687839613,0.47092549998273514,0.5485521881486748,0.6054101504751206,0.6219319026930717,0.5788299843520682,0.40470291013796655,0.33362315808475074,0.5545083572880622,0.14189353838670793,0.5169862276230897,0.49682556633284386,0.3567124399807856,0.4549494349490525,0.0,0.0,0.4808789194653355,0.4475021532618891,0.7266050144723928,0.28294288996728795,0.5796895569642224,0.42331747633047656,0.4539799611096741,0.18366846237367757,0.43786201568375627,0.522633862387276,0.5274848567792466,0.3343726996257,0.6381387425479454
-0.1708231935245101,0.22659469684592284,0.35669420539027874,0.5554592165526704,0.4733015887396381,0.45137584397226804,0.3631377897609308,0.3929776021003911,0.43982932956460213,0.0,0.48128865337763577,0.5005544049753298,0.38644977691101506,0.4246408658323812,0.5090685296834543,0.34893041229276256,0.48031917708355804,0.48560889644459027,0.43664455771872757,0.9010277663367561,-0.12657054546154323,0.14545125760720146,0.25739964248256597,0.3477264400035093,0.5255287782230739,0.36094239537617745,0.3387399834240746,0.39257241860657416,0.5007681923360114,0.14633108118281601,0.18788583085850036,0.46981541900408774,0.3344136338383765,0.3219945590314555,0.45610992265194206,0.5450024301030603,0.7047101686529558,0.3371540524011569,0.6478522053532689,0.4407445822851396,0.3438003229309614,0.5905311341393313,0.547834120297699,0.22086495902415307,0.5593091083214431,0.49994730240680724,0.3083502208364145,0.3596165236478802,0.4759575382989302,0.4886180478900657,-0.0815260810103609,0.2556092165296826,0.6077076461870813,0.36798950077271697,0.3186726371770693,0.39467878621591956,0.3191418695633207,0.5177071993636286,0.0,0.615577373868494,0.12582320435734037,0.23618193729491807,0.311127164499262,0.48314394449913817,0.4757388778404199,0.47546675824292284,0.3570634238717513,0.36106122460303175,0.1290807664153541,0.23884854310326023,0.15020559912901332,0.43158021990470885,0.8439147034066183,0.6156222770001607,0.0,0.4144896118422783
0.19104580156296105,0.18815785255449805,0.3630658323556037,0.2469158579439034,0.2077302118505855,0.03257856636389361,0.5154788835656643,0.3380238498737802,0.06785013384553348,0.48128865337763577,0.0,0.36464266001023926,0.4845895389438861,0.44677525424035025,0.0,0.5017689874890896,0.4451618605450549,0.47094127512757505,0.2264770355682948,0.4616082834097306,0.2307709886209052,0.3695603216462795,0.21652137462750937,0.4632278052515396,0.515775860182129,0.4939406223551906,0.1446699619972005,0.4468326248525305,0.35508882360296695,0.31363723355469486,0.4265223597418612,0.22366339721490358,0.44311512733244807,0.4886342054792653,0.3642867529334964,0.5105611090457968,0.4863034437768403,0.5107893351876137,0.593096861501766,0.3674736274287663,0.48220032639040966,0.3413394894656413,0.5948800607733977,0.4776689595897278,0.11949449718301254,0.0,0.0,0.7633650954889726,0.4797528741844677,0.8289688848019815,0.6211920110136083,0.5828640983366915,0.6736332252459821,0.7092263233086733,0.34576139721933835,0.2870851378853442,0.2736864287096576,0.7637083878076653,0.6240922212993613,0.0,0.0,0.0,0.0,0.5165778690594518,0.2638375082153271,0.0,0.5329164019025953,0.6156217886157995,0.0,0.0,0.9409351469581909,0.5931095039253172,0.5686789307226461,0.5426537559240951,0.0,0.45342998589998845
-0.17340203424440778,0.323714733965994,0.32465008769406245,0.38051932670069955,0.45649054840551895,0.557615263050623,0.4813167030240698,0.0746421694596574,0.39530800971512425,0.5005544049753298,0.36464266001023926,0.0,0.35699758038314894,0.39939633629929594,-0.031310940104055524,0.46732917409234,0.5506291929707977,0.6681478269225175,0.5863929449915164,0.30053132496554624,-0.06483183370019352,0.11210257276296773,0.07927265254032162,0.30572730683004873,0.34140056539539404,0.22045362494120088,0.3528791181594376,0.5519774324647035,0.4957232030553798,0.06482376060537859,0.27193343820676835,0.22557695502796762,0.4734251260369575,0.46775447644170476,0.38622956637742706,0.38259755116313776,0.5060293233603061,0.37477238593749534,0.4042735224172946,0.445295393121197,0.3464587200156466,0.5825492445587728,0.42918919581730103,0.3309549157334936,0.5493249157067494,0.4490093769881425,0.28204776468655707,0.18604805689069462,0.4250942502484333,0.2928004483433945,0.24570253728564578,0.44026614734220565,0.38141032153792787,0.25150662044099165,0.27728466871854046,0.3371045605918327,0.4336576885296318,0.3124642068572895,0.5731669025580707,0.5458084653909128,0.3397790422975241,0.11925085622799053,0.3215749000667983,0.28666647767866615,0.4276965841159452,0.4706357463097161,0.23283927871450452,0.21350941009382096,0.10041466894851173,0.2215158338696454,0.10097334136879488,0.14054104078641833,0.5662824961676581,0.48625485042089855,0.0,0.45284360017967473
0.24768932093898477,0.17403458997132526,0.437454474870395,0.5723272582848711,0.3056084477795742,0.3864018741905254,0.422068833766586,0.40767709146194353,0.5038159098911394,0.38644977691101506,0.4845895389438861,0.35699758038314894,0.0,0.5050611566219626,0.353672273289083,0.29759851419425976,0.16472434701080552,0.2367314087060567,0.4884583097868523,0.3015738218742392,0.41849867914242,0.24992103333404547,0.38769006735741574,0.33540481083452595,0.19576734809469062,0.4383957378752982,0.3045995328234692,0.35831469729086785,0.47138593200705137,0.1941309005451382,0.3164137555792995,0.4743649172319363,0.2966229153563259,0.31316975559705185,0.5886385745944596,0.5715810540498087,0.5950521221828065,0.4823487344980071,0.6328355002256031,0.4038012584378309,0.16361745257897312,0.7316607506683293,0.5660513720295349,0.6574060209671135,0.41009326707882277,0.35771058614307394,0.4103376371051696,0.569234799307085,0.0,0.613898336714403,0.5724622826700223,0.6234148136923803,0.5168324997748533,0.5741367632634979,0.40676342050586184,0.4342386694213663,0.16032977149904867,0.6409058583828345,0.4310233555350387,0.40188329530604305,0.20181999592230604,0.19343493320322255,0.2472743994267106,0.6067900657041028,0.45104447767091826,0.45250783745796547,0.4762149101444064,0.5342425125254187,0.5680973410839307,-0.014453072976643722,0.25531851482582857,0.4937924529246396,0.5944185532285996,0.5005417415732505,0.25983171947223427,0.5292255224633083
0.30454875614229804,0.298304904553208,0.3908676212539644,0.181762356961466,0.22606972720837606,0.30240027569763595,0.40926577703983474,0.6592070583007985,0.2596538875947668,0.4246408658323812,0.44677525424035025,0.39939633629929594,0.5050611566219626,0.0,0.33618230349048833,0.5083316899218456,0.5021947602913106,0.47728308167323796,0.3670465088916174,0.4039770216990836,0.3383634082939752,0.20968344787025936,0.28517442744540095,0.44792982131964576,0.4218349492279832,0.16645221181887065,0.2925525594310354,0.276428098272431,0.24022620475410236,0.5137275724763494,0.40147164916453854,0.36280790218187414,0.34233714803544957,0.533073838226083,0.3773121434348692,0.3297573442296486,0.1950060516322558,0.41065519883573387,0.7975400155702908,0.0,0.6344351770555101,0.6982575120523533,0.6442147079839307,0.4767634790458669,0.0,0.0,0.0,0.41635899434671575,0.0,0.4304816777335119,0.6021558047205526,0.4002386702921953,0.6355438391384264,0.3805025655853575,0.0,0.712252245000054,0.3930007364118837,0.8211930998100123,0.34652801747738593,0.0,0.0,0.0,0.0,0.8920810975711007,0.0,0.0,0.0,0.7158607048610386,0.0,0.0,0.0,0.6228476131633198,0.525166078289715,0.0,0.0,0.0
0.07494604915585218,0.4416419247007346,0.1819211672980494,0.2337931181681499,0.35534504407929657,0.35489226687762865,0.39762330407723745,0.24177217650385885,0.35139740387467494,0.5090685296834543,0.0,-0.031310940104055524,0.353672273289083,0.33618230349048833,0.0,0.3731526629190887,0.34809948921983636,0.2687193325249565,0.0,0.4013587528895788,0.41196773755804694,0.4484229147547413,0.10162315231268199,0.1405661303338597,0.37908846263338064,0.4431286677237434,0.11360891038417592,0.1827420706181249,0.324716751565614,0.3425776971576211,0.5225956826833187,0.40000475343729036,0.38639621258591206,0.45106203642733733,0.43909690763523324,0.5538009716659363,0.32085177352441213,0.3915484561823769,0.2570351454869332,0.4753520243436731,0.2790172099167305,0.23326781140845662,0.5650242792854034,0.41368360513437136,0.0,0.06716228922386469,0.3615915065224788,0.2492630148604541,0.0,0.0,0.2608910739149458,0.5944808344573498,0.3342929028448558,0.42458365631041745,0.0,0.0,1.2237278479311076,0.22783026782109383,0.4809486360496552,0.41792208457170976,0.28999232886516213,0.5395145125180045,0.6197572165086016,0.0,0.11445153172819983,0.2477981752516222,0.6528685642283363,0.12372608139950209,0.4793923241379868,0.07172211580091392,0.31944703926218954,-0.10530205228283807,0.1439249457786601,0.20090819189659342,0.10038268409239248,0.22579227155517312
0.3240858216907981,0.4444156549415468,0.20246381307361883,0.3068017732482225,0.38780494823059986,0.3120790115153147,0.3407053777484936,0.2904565697396112,0.37277530704601003,0.34893041229276256,0.5017689874890896,0.46732917409234,0.29759851419425976,0.5083316899218456,0.3731526629190887,0.0,0.28807746954525737,0.35121052960081917,0.46225420795166505,0.508741373910904,0.28740891716032996,0.7010440730769081,0.3467506589628851,0.14795020458154762,0.46668226855383055,0.35136330939978555,0.43995322145588894,0.25397230380910985,0.3480448493405674,0.31366017420625175,0.3659747336359469,0.42740837887072836,0.20030967171110228,0.32326898250813396,0.32983406692731176,0.5879301485742913,0.2708358859957379,0.3844202637580578,0.3141275703380457,0.2109774789396985,0.2868088519323452,0.24867736380652566,0.4692588673629592,0.0,0.0,0.17533223949826005,0.3399297459985486,0.0,0.0,0.0,0.20090510379157417,0.22911023020119478,0.4082031641013656,0.0,0.34913468595039676,0.0,0.28607784933311237,0.29505754381227844,0.0,0.31650192288305695,0.3602516743329981,0.27277973411983686,0.3667021738976348,0.0,0.2981177667624168,0.2636630989808539,0.2452948755726204,0.17970917188853036,0.20076500203210207,0.35728139935379527,0.2936171452186043,0.22689874301640756,0.21094253804092866,0.23559903601465582,0.0,0.21223731152868514
0.28349106464908247,0.1608529630408585,0.3508714087222902,0.46579552517419404,0.5429583824350407,0.4323872790960699,0.4379000588800453,0.24003623468019342,0.36266535750948103,0.48031917708355804,0.4451618605450549,0.5506291929707977,0.16472434701080552,0.5021947602913106,0.34809948921983636,0.28807746954525737,0.0,0.268567545206094,0.45292631285581986,0.17032567184101954,0.3488522201259364,0.427838686566126,0.2144686128346568,0.3563335368496859,0.40571312132504195,0.26139663372298094,0.34994449944096007,-0.5709438180432566,0.20154474581768272,0.5773223691181582,-0.06931210741490207,0.3174929106867317,0.36914621191152697,0.1785618929000961,0.17669371416753357,0.5442988515543101,0.3681160073561534,0.26455136960587233,0.4363361925986008,0.2859421936334742,0.12061887084439238,0.3964002760912077,0.0,0.0,0.4335505694295767,0.5327942196520858,0.3485271742837185,0.0,0.0,0.0,0.0,0.0,0.0,0.0,0.24394983553126542,0.0,0.19430749681737697,0.39752953933206203,0.0,0.602921146968381,0.2760266609201128,0.23047917155950529,0.3160589612491155,0.0,0.0,0.0,0.3877370368034818,0.0,0.11002653703447696,0.3532474953384658,0.19680098016407704,0.0,0.26098676603625764,0.47937148353611625,0.0,0.293700876656963
0.16911266930090774,0.4402430245164587,0.3535663417944779,0.4717647991165371,0.23030599718158112,0.24512449990404817,0.2658449818164298,0.24508745986250363,0.4650850175315745,0.48560889644459027,0.47094127512757505,0.6681478269225175,0.2367314087060567,0.47728308167323796,0.2687193325249565,0.35121052960081917,0.268567545206094,0.0,0.4167823272982568,0.3069633797893515,0.20292096540318078,0.38234126737448404,0.2593203521988769,0.29969409485774595,0.39675766117553035,0.20246547453174235,0.3767451945047162,0.25706741569573544,0.18573565036388362,0.18993182780763262,0.12566987443972222,0.2585263365340043,0.39593476810964023,0.3447967924963786,0.27400961128174606,0.44122694002797724,0.40578961107668804,0.3453559827689518,0.44501073884007275,0.3263674826825017,0.33478339958293274,0.3452489891305315,0.0,0.0,0.08851644049172103,0.22728270851494287,0.31214306834789457,0.0,0.0,0.0,0.24886529558868362,0.49090660243391826,0.5836487026016197,0.0,0.46524108927540786,0.0,0.3462803211496231,0.33268358357196176,0.0,0.5023960252865179,0.3177646576650598,0.41460994521889105,0.391437957648025,0.0,0.1769738753522152,0.46384164337860007,0.2803167414917743,0.6017044798697533,0.2507550257779022,0.37218098814849354,0.31870630105020437,0.3189617328951937,0.4176346140551728,0.23243365672255167,0.0,0.38711320922513964
0.0,0.5067058006443924,0.1622862168554185,0.5475699099547432,0.42311286194241776,0.2741471842701949,0.5064302911991866,0.5433384671749009,-0.02502127804788798,0.43664455771872757,0.2264770355682948,0.5863929449915164,0.4884583097868523,0.3670465088916174,0.0,0.46225420795166505,0.45292631285581986,0.4167823272982568,0.0,0.5250853341920295,0.42660082898258495,0.4788947051526181,0.23188224773128005,0.4553825129731035,0.44438950927972076,0.4697675785512927,0.09087157144897201,0.4705932888455066,0.5423484548923478,0.38008595896154196,0.48568949313324883,0.3982194048681602,0.4418088189942594,0.4801231101472903,0.43823000124088457,0.5591255669082629,0.4002051836576487,0.42111404173696143,0.7968486097395826,0.46979628313382515,0.651398093827112,0.10068627182031942,0.6150550407704929,0.6245034282826822,0.010452078914149066,0.0,0.0,0.693335585914138,0.0,0.498800475944498,0.45780306942915894,0.49753480345236456,0.5271574306559367,0.40685074304395275,0.622031910143341,0.4489022226199773,0.17510508767181826,0.4032645373182725,0.38483186654531415,0.0,0.0,0.0,0.0,0.6765597295983522,0.478728064937616,0.0,0.4964751371598103,0.6060823514112083,0.0,0.0,0.0,0.44831383336031594,0.5388532399880606,0.15106613286484316,0.46362504657369685,0.34810274441572364
0.4029836870505098,0.4115254188946925,0.3204154176544127,0.4606933613033666,0.30111884026753644,0.25630597526731513,0.2831104701113165,0.24947202143036298,0.2497914200817503,0.9010277663367561,0.4616082834097306,0.30053132496554624,0.3015738218742392,0.4039770216990836,0.4013587528895788,0.508741373910904,0.17032567184101954,0.3069633797893515,0.5250853341920295,0.0,0.6017797577946189,0.6213288181677783,0.35083715393318315,0.6245675790266565,0.511278875789377,0.43179422743998336,0.3698806911832086,0.519616172469544,0.6204807179637378,0.539663931086149,0.6821918058452481,0.4307691832631661,0.391767249501598,0.5476469526406591,0.4798772354932878,0.6472782572073559,0.4230945308523929,0.6615481550221909,0.5168188517085799,0.47319151277332905,0.5137171111197864,0.4019753289883569,0.6338150484593476,0.5983352585316923,0.3449190304862182,0.32370029908726505,0.3813672899707081,0.4698024716938454,0.0,0.0,0.32669600795116127,0.42562902739496006,0.5009502667604264,0.44589721670989546,0.7904472739753133,0.0,0.7651242876139452,0.4909806046563012,0.0,0.5439430309115137,0.2969859189920072,0.4711848211896064,0.11765800037378754,0.0,0.45518595607724444,0.504334622229806,0.4836849363617392,0.46962807549266417,0.0,0.21292959378116463,0.3038059988147361,0.41424322518136947,0.35646812917958365,0.5326779328632943,0.35623579957063917,0.4942936174876027
0.15324509527187452,0.4717580457304012,0.24383949296842403,0.47132467808773315,0.344397289889216,0.27043966618891857,0.3560073078777869,0.39672300586778775,0.318811894879592,-0.12657054546154323,0.2307709886209052,-0.06483183370019352,0.41849867914242,0.3383634082939752,0.41196773755804694,0.28740891716032996,0.3488522201259364,0.20292096540318078,0.42660082898258495,0.6017797577946189,0.0,0.5805982037575168,0.34944640221116674,0.09587655286665803,0.1408820268935292,0.18061135631411004,0.39825975248422263,0.35801381099227614,0.39486183608613096,0.45475840998749373,0.5978332683873231,0.4294695555040825,0.15116934259016707,0.3845854824805978,0.4426863053593107,0.2861134772394436,0.2718026101471811,0.43930080018913314,0.4805891288235419,0.21055900730749239,0.37636042842390216,0.38381490467826923,0.4353989113594168,0.0,0.0,0.7856104040204654,0.39973913959113944,0.284043014263887,0.0,0.0,0.22313456227688713,0.3657507781993463,0.5457368083039947,0.40826394277043865,0.495229893362158,0.0,0.3916457994313611,0.2798439592399947,0.0,0.5153231109305813,0.3083139699251378,0.0,0.0026969354481494734,0.0,0.3817219548417226,0.6346373185253071,0.5032514232103782,0.26669736392133647,0.546892703215377,0.09282119228146554,0.4108453482213452,0.29849858910550653,0.27734784333617796,0.4226256717533944,0.1432718008061441,0.21941338153033224
0.32698767104501725,0.49148745279303707,0.23999108996073093,0.4219836917582707,0.2680891467433102,0.2265617717297951,0.2751140409936611,0.2618827810850656,0.2802129165644295,0.14545125760720146,0.3695603216462795,0.11210257276296773,0.24992103333404547,0.20968344787025936,0.4484229147547413,0.7010440730769081,0.427838686566126,0.38234126737448404,0.4788947051526181,0.6213288181677783,0.5805982037575168,0.0,0.6366170448676582,0.47717376015291524,0.5259674188722806,0.5380046046448048,0.4363347911475081,0.49346014987632314,0.39475139590620645,0.5741061185612754,0.5656981231279423,0.49720453368890394,0.5013947451373265,0.48987227172767506,0.4924456730942321,0.5241144615362975,0.6297343470417642,0.3853771109280233,0.42462364413493403,0.3383780062962937,0.37702610966847716,0.3761337025875118,0.6048176225184422,0.3317286137365717,0.41053751829650487,0.3755301027939545,0.4200331901301646,0.4857699357990777,0.47831318257005295,0.4028606478368225,0.3356884475392544,0.42201331249622764,0.28079165126187833,0.44493374241323913,0.17541274483056163,0.0,0.8373415375916483,0.3256388073956175,0.0,0.5343821975048605,0.32607299413164625,0.33741718470474824,0.2339674063606499,0.0,0.3457513746218863,0.44334855046303995,0.497066888032663,0.37650473492946823,0.507279132360737,0.18659959055063566,0.3165588396965304,0.31204007897692904,0.3986830734268121,0.3299997614856906,-0.27363379890484607,0.49012455766939467
0.1254700729145795,0.43673958355958775,0.3223298236608442,0.38482664873720446,0.24401023248484258,0.3150628675653539,0.39291399157364154,0.42989378175850546,0.1949751832843843,0.25739964248256597,0.21652137462750937,0.07927265254032162,0.38769006735741574,0.28517442744540095,0.10162315231268199,0.3467506589628851,0.2144686128346568,0.2593203521988769,0.23188224773128005,0.35083715393318315,0.34944640221116674,0.6366170448676582,0.0,0.059034230567363316,0.30676621861673126,0.27328358612236264,0.10390886406778138,0.28469670161661564,0.29540110540618947,0.3887651246202209,0.42964574686756035,0.3686352206960142,0.39478844098693744,0.35954681393046806,0.4205750519071486,0.4611371166499957,0.4420473428678211,0.2598085182509865,0.5351135586046779,0.48868937002188173,0.23136084881066477,0.5007787617190976,0.6851449888346519,0.5197876565004114,0.4293638243485658,0.42104664682655507,0.3839528111144598,0.6853988770541952,0.2769283500728167,0.7178123979112621,0.5790367380468993,0.6764570850600513,0.6610249840192899,0.5993919619886402,0.554070988441,0.775029466758575,0.23686683237939052,0.6103925138876265,0.5640821334392168,0.5138039650975741,0.3692177688879773,0.4757388778404202,0.4306966174337191,0.710572751817368,0.4233083369621058,0.5301699989093918,0.502273221941367,0.7044167828284309,0.35815129912904164,0.30608365036846463,0.3166598306346914,0.4115582096878245,0.4809547791674327,0.5178997886554724,0.391052934264539,0.5069717830797456
0.16185028742732496,0.1846927071616869,0.41727079327123306,0.39256326347945814,0.5332582953962952,0.30869896299711924,0.5371061839596012,0.06179345315520332,0.5932201760061888,0.3477264400035093,0.4632278052515396,0.30572730683004873,0.33540481083452595,0.44792982131964576,0.1405661303338597,0.14795020458154762,0.3563335368496859,0.29969409485774595,0.4553825129731035,0.6245675790266565,0.09587655286665803,0.47717376015291524,0.059034230567363316,0.0,0.18472628656222984,0.16708914500532324,0.27172548327088397,0.4766151216016957,0.5311242735514763,0.6593980244351064,0.12542581596660077,0.6071427928320694,0.2856248150184449,0.2323779997373468,0.5342803870564079,0.504671847916295,0.49335919952581503,0.19383496772744283,0.6750064462748185,0.6518957855973191,0.5193436828943211,0.604983489492597,0.3694024272660965,0.3369196503688114,0.6167654362651764,0.21137703544227643,0.36791672450860907,0.0,0.0,0.4775826683054707,0.5045656037239021,0.39246499385291234,0.0,0.311478723469793,0.3177299358181209,0.4857604075917525,0.2956945423413535,0.43706747480524355,0.0,0.3782802342055137,0.21214780795390237,0.06047130150543528,0.2738977875175812,0.4631967724417168,0.4330494345241207,0.6972264841673389,0.284319120497049,0.6673474827435343,0.115414473300999,0.24609784879696464,0.13311185733611797,0.4167467103946738,0.6608988018239023,0.4194462233676409,0.0,0.366454562476882
0.08954819292464783,0.29180221861173605,0.3511459298481516,0.8100936712555065,0.2681640651710483,0.34211321698810926,0.28248092070780073,0.09801061034907943,0.3341826505725505,0.5255287782230739,0.515775860182129,0.34140056539539404,0.19576734809469062,0.4218349492279832,0.37908846263338064,0.46668226855383055,0.40571312132504195,0.39675766117553035,0.44438950927972076,0.511278875789377,0.1408820268935292,0.5259674188722806,0.30676621861673126,0.18472628656222984,0.0,0.1845799465558794,0.4863455636514787,0.21755522814079958,0.21639188292910203,0.19929077390791028,0.14288975819802183,0.23186669197865128,0.22172849660493488,0.21786262327634046,0.2449806695359749,0.24814826333907752,0.37502230618606947,0.3829083485601042,0.32580326563408635,0.28567506616439353,0.28745620525174737,0.27485942548085796,0.32813022914130857,0.0,0.40870099012177347,0.20715506577543474,0.3883337897467952,0.0,0.0,0.0,0.18184124290250014,0.2611812616075282,0.4146960552929596,0.4247251827234466,0.3052150403178083,0.47768292994327494,0.27350242068535435,0.15336517171834158,0.0,0.3324933020020363,0.2970955408519684,0.26065021373218056,0.3488282515269493,0.0,0.2932473485991809,0.2484483519318331,0.3281536133419801,0.16858450951149787,-0.028489772087413823,0.2897336780241607,0.18587972472622355,0.15166965117535458,0.41825399149621834,0.1400525981063503,0.0,0.24988061066332962
0.09583620026182169,0.4043538564829988,0.3579947022029585,0.3015378756680025,0.31228778899573684,0.48394761957353555,0.47922315495478485,0.14013123730943372,0.483384704511855,0.36094239537617745,0.4939406223551906,0.22045362494120088,0.4383957378752982,0.16645221181887065,0.4431286677237434,0.35136330939978555,0.26139663372298094,0.20246547453174235,0.4697675785512927,0.43179422743998336,0.18061135631411004,0.5380046046448048,0.27328358612236264,0.16708914500532324,0.1845799465558794,0.0,0.5375545852801638,0.5227894292308225,0.5278017311661329,0.11598501354008758,0.11273934224076088,0.4483898258786146,0.3003260681948829,0.3114116892684997,0.4051940630720665,0.32643636709672524,0.326400703891786,0.11510554161650988,0.19518139019442915,0.021215343156393507,0.2611964694476886,0.1400126454097223,0.15040008034816166,0.5185195064350986,0.45211765931032927,0.0462250210847458,0.3745540333963144,0.5248086701055769,0.0,0.004064882716427788,0.334777740303172,0.2610993997454593,0.2848798051709112,0.3305278336128164,0.19174853778359716,0.0,0.2503631356289237,0.36208720746029666,0.0,0.43172639577576,0.29209233531135936,0.11435295807017382,0.16535046887898702,0.0,0.2957567064397195,0.6119049550290394,0.47175499566774004,0.17308793292117447,-0.02066970521835293,0.10516266752520492,0.18444862249323074,0.24381979195341041,0.39205402127117134,0.29797983212159707,0.4879980866942141,0.10828380963947543
0.2848228378457054,0.40872790893359995,0.2771870069609733,0.4415490022301837,0.14559959687045795,0.16117043774638334,0.22936447912305905,0.32932554820937,0.20067649756562642,0.3387399834240746,0.1446699619972005,0.3528791181594376,0.3045995328234692,0.2925525594310354,0.11360891038417592,0.43995322145588894,0.34994449944096007,0.3767451945047162,0.09087157144897201,0.3698806911832086,0.39825975248422263,0.4363347911475081,0.10390886406778138,0.27172548327088397,0.4863455636514787,0.5375545852801638,0.0,0.28088271155510913,0.38029269435948343,0.37942234850583273,0.4781564485304399,0.3766709830645985,0.46212003101571475,0.4973929095253595,0.5445084419308113,0.27669110648696227,0.3853158474380279,0.3261664858458832,0.43774102225409894,0.3639902034280225,0.20848470633577298,0.27855929612689556,0.5894412336356731,0.6953776985098508,0.2807094998114658,0.3608229148909358,0.31597591055254304,0.5368599618150763,0.29058679295320494,0.6026858888446285,0.5063847148823042,0.6007137090155195,0.4557824774382376,0.5064453642345523,0.5584181655333311,0.707710212840283,0.27354179170867116,0.5532030908224835,0.6523113530581773,0.46867919836071137,0.38415815374825973,0.0,0.2946508866100048,0.6326656224836624,0.4271652049679042,0.5073456984064663,0.4276382007901696,0.4142303287938376,0.0,0.20874490389052663,0.26713900747432767,0.35754777856162523,0.44950298293778385,0.467843150482002,0.2985870636914628,0.44605849229187333
0.27784539704407346,0.2302526221929044,0.43728860384589585,0.6152743427066172,0.4418184910984748,0.4653269876916281,0.6660076179687576,0.30180185366313084,0.3944985594868003,0.39257241860657416,0.4468326248525305,0.5519774324647035,0.35831469729086785,0.276428098272431,0.1827420706181249,0.25397230380910985,-0.5709438180432566,0.25706741569573544,0.4705932888455066,0.519616172469544,0.35801381099227614,0.49346014987632314,0.28469670161661564,0.4766151216016957,0.21755522814079958,0.5227894292308225,0.28088271155510913,0.0,0.5398714653365823,0.28407274573704316,0.4247715195003068,0.4473423171733915,0.43046451171342126,0.22784964601988275,0.5960614698945348,0.6917742060331438,0.6733168175689425,0.6612785770658842,0.5309466392380436,0.36546991621364644,0.7582549734098429,0.36319564710922503,0.6132862110498238,0.6088997258128181,0.6508754790458307,0.3765915568728539,0.3975644317678685,0.4681747856243522,0.0,0.6125015292051098,0.5149889200743283,0.5695312454464156,0.4797346712417512,0.46870183497536055,0.5010268316592529,0.4604635435348104,0.5301467387921965,0.6027107414555044,0.4163198589486663,0.38751177280482946,0.24710331354313603,0.3526784946951246,0.0071760054164057285,0.5367861823686426,0.45845954040080283,0.43843032899029294,0.4158352837051051,0.44507385802531774,0.5755730351875343,0.14555818718684782,0.31332389936841887,0.4433108524596491,0.5254342022521312,0.4738412677743403,0.398650521942887,0.5257890911956671
0.29604934893932905,0.20200355890624433,0.4375195008347086,0.39409012528792836,0.3375875689162551,0.33701005665547384,0.3832845654846022,0.24985064624752368,0.28941444029329805,0.5007681923360114,0.35508882360296695,0.4957232030553798,0.47138593200705137,0.24022620475410236,0.324716751565614,0.3480448493405674,0.20154474581768272,0.18573565036388362,0.5423484548923478,0.6204807179637378,0.39486183608613096,0.39475139590620645,0.29540110540618947,0.5311242735514763,0.21639188292910203,0.5278017311661329,0.38029269435948343,0.5398714653365823,0.0,0.5506290625741277,0.6225744831646098,0.2598000895358673,0.2871598607324397,0.4902313951881433,0.36022037999891876,0.24878033696721302,0.3520100190552147,0.42061608172214254,0.47232535225923034,0.5125474556485434,0.41291417012089293,0.31117664187885097,0.38439865176527954,0.4835970811752466,0.4655469436000599,0.291398511092514,0.32537366748314545,0.46685191659576847,0.47625054840665965,0.5034368275089982,0.4345985293967126,0.5098997338408322,0.444079952467346,0.48616359563838174,0.4142588046972239,0.163000161789157,0.6929110830020385,0.5143333506706,0.5840487537158507,0.4440181823090297,0.31022711207546805,0.4832123747560595,0.09624742406937103,0.44341986802878836,0.40831292435205213,0.4462111379141607,0.4355119078494418,0.4219054016140096,0.45945645024300585,0.2243085797270169,0.42722878497355865,0.40731285876993506,0.449763742662763,0.4796529691339866,0.3025752197617054,0.41706626104532235
