0.0,-0.020118415504120746,-0.026353603090763233,0.0,-0.004421797690687901,-0.02618579350517658,0.011037433846780687,-0.035511732265573914,0.0007558648276003721,-0.023476719632237686,-0.004063070549896353,-0.015817037956809166,-0.00856088963516527,-0.009944223564066657,0.014724630428235241,-0.01083664273666568,0.008970697141534423,0.002995742150784242,0.0,-0.027720435210060512,-0.004505309414369607,-0.010642492873748133,-0.04415582366925547,-0.01580885328313708,0.0014773777827271628,-0.008617687116500128,-0.034944596627065616,-0.022418985722230167,-0.02497354831484533,-0.032168374291662416,-0.01628251091060695,-0.014402399469288785,-0.010108150325394749,-0.026375519540168202,-0.026022148931575673,0.005244394625782134,0.0007256846545548035,0.07574384582952831,-0.006060549187900444,-0.023305032794678604,-0.012542771845197032,-0.015885230783210524,4.194463210110966e-05,0.0,-0.007537763179983503,-0.006998387459041522,-0.034960801203132164,0.0,0.0,0.0,0.003656293093218521,1.1102230246251565e-16,-0.02325423718859093,0.0,-0.03833982639071015,0.0,-0.0039114632720345655,0.006336127473741626,0.0,-0.007709376350853836,0.0026402967619459927,-0.031547566051060516,-0.024280016296044038,0.0,-0.01483858758198009,-0.02111706526485202,0.005115935944667249,-0.0008441536468710154,-0.015863942952279497,-0.03863522295256072,-0.02793357411662295,0.00023843179757448985,-0.0003115692159169625,0.008578903021830897,0.0,-0.005533632318589499
-0.020118415504120746,0.0,0.00857203144102453,-8.362015285912072e-05,0.01490343751766704,-0.0020181865881683247,0.02305593903945674,-0.004134255769487005,0.013052274151948762,-0.0033281062993247845,-0.005445183597941994,-0.019959505146324386,0.007925886501029045,-0.006806380048925975,0.002218348687084981,0.001086761734791608,0.01637079944717562,0.002855637049900106,-0.012660514002890477,-0.0005609700560788577,0.022497259493881705,0.00035989076735370995,-0.01232288653237662,-0.006997173802752332,-0.01259550694344963,-0.025014069070116607,-0.003093558319215539,0.00843833708718894,-0.00422720137589172,0.03135587096154324,0.0072271806383861215,0.009309694886475317,0.0006416110798520558,-0.003726171829293412,0.009347228402308172,0.023231941137627,-0.0014276125367638781,0.0,-0.002220042003143019,-0.0012479954022433515,0.0006682632269434108,0.004410339873411995,-0.009107891522060652,0.0,2.220446049250313e-16,-0.025330120233511888,-0.023326917694723448,7.500111697711365e-05,0.0,0.0,-0.004642859754185935,-0.003042509742253008,-0.010139312129383515,0.0006503547014578004,-0.014488068516938069,0.0,-0.017433835376793105,0.009336458683479432,0.0,0.009165243625061825,0.009665796269401228,-0.010283630963583312,0.0005911327509681708,0.0,-0.006135813892258923,0.023126270977563368,0.006934662890833887,-0.011504196861826022,-0.010820534263827453,-0.02172805809709827,-0.023057272595109313,-0.005898486114948143,0.009255336851293927,-0.0018867936176367173,-1.1102230246251565e-16,0.008717673557828876
-0.026353603090763233,0.00857203144102453,0.0,-0.02141187255100996,0.005634745600109126,0.008770096608875622,0.00034914421271081686,0.005266769089435019,-0.04330293192894907,-0.007515686189185133,0.006650040652871947,-0.021010160894798124,-0.014617332493858048,-0.006990760767732251,-0.004506761867349329,-0.0071641373082081405,-0.0062447160003547,0.0030682204285876757,-0.020753856819608563,-0.0016506801654627146,-0.0430802242484663,0.02587942080044392,0.03217938979284851,-0.007002710200012696,0.007186687732434971,-0.025198917854264646,-0.04832240626356599,-0.014867561173036559,-0.009370301054536623,-0.020294580281169428,-0.025582039811214596,-0.0036189050302624093,-0.011852215904932129,-0.029557531440729867,-0.0249921465289919,0.022368603974716683,-0.00735057412502077,-0.012913991328871832,0.006118506104530463,-8.590443554834515e-07,-0.015789930085626347,-0.026771228927955137,0.005716360805932241,-0.010082099853929494,0.0,0.0,-0.0001493227160801469,0.1176790691893213,9.420876485921603e-06,-0.0005777616078158632,-0.008108642133826893,-0.004017386535028811,-0.0029411340268726827,0.010813689155700357,-0.00014418505635904744,0.0986504048265261,-0.02493774445686986,0.0008704213629059376,0.020734490367430802,-0.00022618093317017252,0.0,0.0,0.0,0.1736305506321812,-0.0006333794119906533,0.004996214575423985,-0.00032372131640501234,0.001241118347212744,0.0,7.594423947532292e-05,0.0028070160794262944,-0.00033992041511488047,-0.010184855134628856,-0.004820328441062893,-0.008274070294436275,-0.02737165549732412
0.0,-8.362015285912072e-05,-0.02141187255100996,0.0,-0.019655400072314477,-0.019618031574319128,-0.01087716014608392,0.025050995882401783,-0.03226837940045152,-0.044440952349545176,-0.03190156210860623,-0.029598060391526904,0.00438425298718037,0.006331309274576313,0.0028022916199814674,0.0008989777243003094,-0.00260998001217716,4.289974181820311e-05,-0.021028424874859064,-0.0014908790300591779,0.001147190790564745,-0.01197155995571697,-0.009883085396507674,0.004919585880752864,0.00031477497878007465,-0.019204935869307216,-0.03213165013610919,0.006971457159832661,-0.025197467126107043,-0.008797253712017394,-0.05594722395791052,-0.0017697810545222459,0.01413063468031317,-0.040252039851539745,-0.06836475524177513,0.008922923524953247,0.007022297824454071,-0.020178684490564702,0.00497212823040355,-0.0009012896420749761,-0.0032953838841885963,-0.01242365854721994,0.08982324080695359,0.0031123369297986203,0.0,0.0,0.0,-0.0010999533410784301,0.0,0.0,-0.0047921764644362486,2.220446049250313e-16,-9.818177166737163e-05,0.00024274079834835094,5.551115123125783e-17,-0.01384251118043689,-0.005618761989380439,-0.000458948835118822,0.0,0.0,0.0,0.0,0.0,0.0,0.0,0.0,-8.656679280216739e-05,-0.017390555255883566,0.0,0.0,0.0,-0.017952292396090197,0.002160164824086541,0.002700459978847325,0.0,0.0
-0.004421797690687901,0.01490343751766704,0.005634745600109126,-0.019655400072314477,0.0,0.001116025902461515,0.007279597145503691,0.04140582679472621,-0.0024551913259890923,0.015368509748925785,-0.0017977867159764127,-0.003949472941740639,-0.008535043320692104,-0.00535465708863786,-0.011735427496097739,-0.02169486689064898,-0.009587408785207974,0.005057374902172729,-0.0007715806986549056,-0.002940288251145895,-0.026383982026737474,0.004804751734805102,0.009865827754130363,0.009800769695652634,0.01315619127589096,0.0014454583447235936,0.0075065620501691965,-0.014760781057892691,-0.0004141163065597975,-0.002441588356302593,-0.01884604710940163,0.00011479105259931677,-0.006122958291468417,-0.009907845708176821,-0.002049948158855952,9.932372952370372e-05,-0.01681887012472641,-0.019579663032034067,0.023278644126961512,0.010771433341501047,0.026552693339607303,0.01814901025203508,0.00579936935597164,0.0477350722258193,-0.00027751233484146764,1.1102230246251565e-16,-0.007117741916920495,0.003511378742745208,0.0,0.005434717697103186,0.004591339263973204,-0.0007755065272606609,0.00011204680890458674,0.002534247752564278,5.551115123125783e-17,0.030081078245599024,-0.00576611657189291,0.0015045474052196584,0.023719675354973158,-0.0002767940934155222,-2.3359718605397983e-05,0.0,-5.551115123125783e-17,0.013253584280866315,-0.005236558686388559,0.00020911602050149858,-0.0038998973544094317,-0.004600853131626836,0.0,-2.754199923060696e-05,0.006609694213213391,0.005797008353673805,-0.007648472895405323,-0.01605548655998168,1.1102230246251565e-16,-0.021815184266578413
-0.02618579350517658,-0.0020181865881683247,0.008770096608875622,-0.019618031574319128,0.001116025902461515,0.0,0.009822967613046296,0.000996508020506326,-0.01813709470854208,-0.02554976419741961,-0.008807449798666267,-0.04265262803441844,0.002870583559057449,-0.016061835751013664,-0.02240172669153112,-0.017865927416212846,-0.014572199164781918,-0.004813728236242154,-0.01027330527581577,-0.009578960067327058,-0.02290150080143627,-0.0062149342263642104,-0.024412490305314838,-0.041567870045735866,0.004523375971011934,-0.004889608664160772,-0.02747881594124607,-0.021516190714330308,-0.017694486155728495,-0.022230848397834124,-0.013549268819899096,-0.001103980152275863,-0.00946967896818024,-0.020250451100429556,-0.008948228728983432,-0.0043293059772092635,-0.010250671757879137,-0.025913338609497627,-0.00881162663546492,0.0006423280349467375,-0.03266376509899194,-0.013510670461097052,0.0047351658820044,-0.01703291179950872,-0.01461781305719173,-0.01388712989278823,-0.022367986719017074,0.0022085363340000885,-0.005793393067234198,-0.012130128195774748,-0.021531686953709828,-0.01925278550509274,-0.024469367785982854,-0.01098983115812957,-0.03338816506807879,0.010982455727762519,-0.017398756117512626,-0.02464902501500027,0.010379500595875724,-0.020606013760321007,0.0060434370529120485,0.0,0.001568100872896827,0.0006390944424033984,-0.034163544314067984,-0.028769987731397717,-0.0095851981967498,-0.029274213139672933,-7.278760478668378e-05,-0.01903235517742713,-0.026101764474857958,-0.019441641170706736,-0.016484131608157482,-0.019686168202896814,-0.027678570816892567,-0.021814398895871
0.011037433846780687,0.02305593903945674,0.00034914421271081686,-0.01087716014608392,0.007279597145503691,0.009822967613046296,0.0,0.014969247699106902,0.0060094703663392535,0.028554668890735657,0.0008479090726375427,-0.01394885870388557,-0.01289660377318852,-0.005564570451982609,-0.01526781544728123,0.01997115324480303,-0.00938765490535115,0.011305109615399267,-0.007208631386234787,0.0089927641091605,0.015894386514862857,0.005354606203466561,-0.00811393663201948,0.015047024911999218,0.021701012227404726,-0.0010195976858277667,0.003868674180107723,-0.008180771758299066,0.003063954512124545,-0.0068029942768450535,-0.010446048364056437,-0.014566788049220847,-0.025342203523350093,-0.010317656870394099,-0.01511016910952151,-0.010974926375859562,-0.0037428274445394094,-0.012110795142973196,0.008720440801238905,-0.01024841467050197,0.03776033519344313,0.021233727096480526,0.014555331478537381,-0.009249738268021945,-0.003987067168159719,0.0,-0.002382161010039685,-0.0010584671844978688,0.0,0.0017153449683327548,-0.01373765313434322,-0.009808455094223067,-0.00338703129069029,0.0005677792883983512,-0.005381332727634358,0.009631520647968184,0.00619622124364394,-0.014500081463626247,0.01954121937516079,-0.008034750303500982,-0.008451594109106508,0.0,-5.954789565060237e-05,0.005898234779443401,-0.001905243916082211,0.015431314964803156,0.02314741752726679,-0.01485753133062806,-0.00013234470568485035,-0.011245371045060182,-0.007978103308944162,-0.003606842643485264,-0.008580483501794411,-0.006729559011245334,-0.010596168134571315,-0.020796997740564538
-0.035511732265573914,-0.004134255769487005,0.005266769089435019,0.025050995882401783,0.04140582679472621,0.000996508020506326,0.014969247699106902,0.0,0.006871309759362398,-0.005127974932148838,0.0018101368800158002,-0.015742860673467474,-0.006581839826535429,0.04095280133084406,-0.04485149789439691,-0.010216468002377244,-0.005859919647810297,-0.005904742628471071,0.017173736708841647,-0.022169467480378513,-0.03065113845275147,-0.0071700464197350655,-0.014678845299561538,-0.018734214627697865,-0.0018367129096826806,-0.024332894138832273,-0.03479676483457478,-0.01598288813317794,0.001962079021162244,-0.02246491867305278,-0.03279850642876758,-0.0049011292606790935,0.03182696903922555,-0.025128559816808893,-0.007246242164349659,0.04984264381825931,0.023456895032483882,-0.05259518068529523,0.0006979258944463385,0.0014291851390955124,-0.02459416626980221,-0.03388681100898705,0.038721864879081525,-0.016512371617123378,0.0,-0.007443905792733685,-0.022344312754962015,-0.01837169351560286,0.0,-0.013382388781253807,-0.0066060995980709025,-0.01231652031154612,0.028882672990154623,-0.013041226524795113,0.00017234939923732595,0.01376652472943718,0.00024253520845390897,-0.011855647495242816,0.02225097369446688,-0.0020262498196969014,-0.017117905317436455,0.0,9.311689237956333e-06,-0.00927350847864572,-0.03525903522461693,-0.01916868763696622,-0.0195863540590821,-0.010083966540635925,-5.551115123125783e-17,-0.02173929664338059,-0.06561006049928764,-0.012355074278900535,-0.008741794379479417,-0.017150968845196735,-0.0036973832803038342,-0.016347719081804934
0.0007558648276003721,0.013052274151948762,-0.04330293192894907,-0.03226837940045152,-0.0024551913259890923,-0.01813709470854208,0.0060094703663392535,0.006871309759362398,0.0,-0.006746871828708534,-0.016405535227120238,-0.02681404513993252,0.0023416271414372636,-0.0020877750441226084,-0.005497867086565078,-0.018096448005355148,-0.018658609193721587,-0.0026727782825909374,-0.023650192360823996,0.005772884609451023,-0.02175652210419965,0.0027574555131835154,0.002816577973507317,-0.013905856543426465,0.019444438875033054,-0.002367589321387975,-0.02392729015831152,-0.019567673338091396,-0.0016128601565059686,0.0022718995787659457,-0.03257981040273539,-0.012451825899602531,-0.01445789791818225,-0.031132510654789614,-0.018189639700610438,0.0011643965636868314,-0.02190126147850252,-0.02301658693597225,0.002869119493173311,-0.0014217179741976005,0.00624553868749933,-0.024566205931135843,0.010371933668084365,-0.013854526171755477,-0.0055169122825031724,-5.551115123125783e-17,-0.006654634777828683,-0.00477931492982997,-4.525833237289945e-06,-0.0035369983499573543,-0.0029396897436810843,-0.007747392407924769,0.008028132253665499,-0.007437735646077082,-0.008267950300431703,0.017166152487468,-0.01998729194355886,-0.016536602813183476,0.010104241580015105,-0.007598894118193034,0.0025072997869614033,0.0,0.0,0.0012242995051557903,0.0008353450743295854,-0.004112875438318786,0.008842117939500849,-0.009713916195484562,-5.570089078488216e-05,-0.010548931037618003,-0.004591953232067514,0.0022961220155828244,-0.012871247386055884,0.00119744865114485,-0.02057958132333393,-0.01753868242449963
-0.023476719632237686,-0.0033281062993247845,-0.007515686189185133,-0.044440952349545176,0.015368509748925785,-0.02554976419741961,0.028554668890735657,-0.005127974932148838,-0.006746871828708534,0.0,-0.010968548153751645,0.0014308974231233007,0.014975214592441555,0.0043117352419831945,0.012511567245464206,0.0016126558705592542,-0.005645784473845894,-0.003874057017661414,-0.008007506125635111,0.03961458593121864,0.004689235994601859,0.033549847739378524,-0.03189285450757551,0.002743496405984258,-0.019681197065729128,-0.035075842685321046,-0.013219624929874108,0.032433975856814456,-0.0036409031956844418,-0.016100377772502117,0.011069441782421086,-0.0397944942226332,-0.003909673294918148,-0.006805875156436769,0.007565296587067505,0.05298814386177947,0.013564389827933954,0.0016332125008806098,0.06391714205210436,-0.011884222236643927,-0.005958728930756885,0.04429103339795215,-0.011267172913789147,-0.011558344835628953,-0.00784948730784285,-0.004397416503965357,-0.005075428115149994,-0.0004944855814247306,-2.5698308090515987e-05,0.0005176917557862537,-0.01320314507328102,-0.010340421032518476,0.003855358495803096,0.0032742321255228024,-0.0156748864152782,-0.0035498344278254157,-0.023298323158954803,-0.008522977416082933,0.0,0.00010568806435851119,-0.002197247649214751,0.00870811415431838,0.009737967684729953,8.44716853587446e-06,-0.0001372451433042654,-0.0041480078901833806,0.006635927829613086,-0.009839335449559672,-0.006935785548135176,0.014735169025370809,-0.005725975686159679,-0.010853790473653313,-0.018208067880425727,-0.017600827912379158,-5.551115123125783e-17,-0.008798839304379635
-0.004063070549896353,-0.005445183597941994,0.006650040652871947,-0.03190156210860623,-0.0017977867159764127,-0.008807449798666267,0.0008479090726375427,0.0018101368800158002,-0.016405535227120238,-0.010968548153751645,0.0,-0.023599658484878605,-0.017331941231537695,-0.020821043098949,0.0,5.919723834219015e-05,-0.021329241851827108,-0.023615647740174828,0.0026391126007722088,-4.579736440435411e-05,-0.0169767394910722,0.00426807933179113,-0.009602294822099178,-0.011350200419946277,-0.006556493364897165,-0.007481725524991045,-0.01354607538188668,-0.014720110252294138,-0.02508948346292844,0.00024240928327151634,-0.027942124930970813,0.0069663960101881695,-0.0015346482036250886,-0.02591714614156493,-0.011601462767367066,0.0018443214889607984,-0.004408220922682227,-0.026120047839508498,-0.02254881671449077,0.0017269301079037014,0.019516739904001046,-0.010232894122691238,0.010923595087763638,-0.01326751567754142,-0.003994321422706171,0.0,1.1102230246251565e-16,0.03257992395107995,-8.763723955418357e-07,0.004474856525246984,-0.006695220362779586,0.017203594366677344,-0.02916521528555338,-0.0028798802639466436,-0.02101682535167332,0.06891664406201409,-0.013592047975546417,0.005652895785971057,0.016712298297017758,5.551115123125783e-17,0.0,0.0,0.0,0.14157812850023727,-0.011420433082511894,0.0,-7.714853763662877e-05,-0.02547001985736752,5.551115123125783e-17,0.0,-0.00015146005307520305,-0.014449433741665074,0.01773238549369699,-0.01595496014981823,0.0,-0.0015723982542237835
-0.015817037956809166,-0.019959505146324386,-0.021010160894798124,-0.029598060391526904,-0.003949472941740639,-0.04265262803441844,-0.01394885870388557,-0.015742860673467474,-0.02681404513993252,0.0014308974231233007,-0.023599658484878605,0.0,-0.012559874065562915,-0.04959064140255426,-0.03230485649960824,0.005761925401271517,0.0028999565164739005,0.010254582365860465,-0.034268586676317325,0.02542141390275715,-0.033223304771177964,0.016960578336515097,-0.04759789207750187,-0.009027936222038124,-0.005149682460845073,-0.01680952683452669,-0.026624299270984253,-0.005825230460874409,-0.03631416461749387,-0.03564464946573592,0.01664961595832115,-0.0048367430362865615,-0.016223934194850853,-4.901125435097242e-05,-0.013810520673336713,-0.004686341356436696,-0.01482369858274002,-0.008938388465639657,-0.027770013171107333,-0.03717181294185884,-0.020214354184023675,0.06787533502933918,-0.010778834038221052,-0.006875336383648234,-0.028018752228471833,-0.03376478178360287,-0.0021936596826407917,-0.005215990173927987,0.0044669377476779515,-0.011300677423192296,-0.0066437637184401654,-0.005541361563310254,0.00039337422860941107,-0.0018773314480209358,-0.023694875634190926,0.011251364009260523,-0.03547499963940293,-0.012940465421275082,5.537113070896993e-05,7.286440662368499e-05,-0.01762900482708052,-0.005176155517427616,0.00828748486588321,-0.011309038818645034,0.004791947800834473,0.011345096500083751,-0.008841358870791127,-0.0022920701675614996,-0.01890946423249662,0.010963977873103103,-0.009772565860192817,-0.006364669310027493,-0.0011656697283937145,0.0015247125129724814,0.0,-0.011110633988983987
-0.00856088963516527,0.007925886501029045,-0.014617332493858048,0.00438425298718037,-0.008535043320692104,0.002870583559057449,-0.01289660377318852,-0.006581839826535429,0.0023416271414372636,0.014975214592441555,-0.017331941231537695,-0.012559874065562915,0.0,0.032129224264332235,-0.00037323069119327146,-0.0005054593625096193,0.0007197702932790762,0.0020894098739895894,-0.022899474682561927,6.795592222885727e-05,-0.008111739040701782,-0.006891322497662666,-0.02413861755348956,0.0015314204549546906,0.00930224664035495,-0.009145173463552425,-0.009791241539782947,-0.011283577992807492,-0.008824845823361127,0.00016963147247700539,-0.0170877077219434,-0.005193286826174592,0.0027581598708876776,-0.020379336557422578,-0.015171872380002283,-0.00016152304512884186,-0.0030598697812049824,-0.01286190007717758,0.02401290017269747,0.04357912231240846,0.030026705499353268,-0.019096426285845403,-0.06981919837994482,-0.022209369863006756,-0.01100837573757718,0.006175643271756792,-0.007986533552105157,-0.0029049370901045313,0.0,-0.017145007806004697,-0.017844330541471942,-0.01778437712692177,-0.01878270284156236,-0.005823352792205583,-0.01794915901598182,0.00016115437446961867,-0.0019779286799921914,-0.01475561141246301,-0.018045343540377234,-0.007561256258322213,0.009355206440286479,-0.0044924931467705265,0.0011474318107874693,-0.023445851675926555,-0.015795521169037485,0.015534574116278566,0.009045145340490557,-0.023985239589796203,0.005478987448458372,0.0029005454939712294,-0.008771266263270516,-0.014868926861145493,-0.013182700264524505,-0.022743075891581255,-0.0061201576799565505,-0.019816722852273927
-0.009944223564066657,-0.006806380048925975,-0.006990760767732251,0.006331309274576313,-0.00535465708863786,-0.016061835751013664,-0.005564570451982609,0.04095280133084406,-0.0020877750441226084,0.0043117352419831945,-0.020821043098949,-0.04959064140255426,0.032129224264332235,0.0,-0.011523219188561307,-0.0006848141000972419,0.00011775900550997642,7.405718100117475e-05,-0.0036505225897288107,-0.004114150807894901,-0.023897510583013204,-0.00365246326208285,-0.0054116252282773725,-0.004497667769942593,-0.013179629289082895,-0.028158429547148645,0.013619953751916658,-0.006223106134948142,-0.013456517606879215,-0.0066701573040809925,-0.012362857376520209,0.0014467685953640785,0.009016627207217298,0.0030235296131493894,-0.02412522222420721,0.004994671217574631,-0.026444248568349316,-0.00045952671168258963,-0.0027775906390841154,0.0,-0.0005680785890945228,0.00048514459567611246,0.02472895779236678,2.522636850632587e-06,0.0,0.0,0.0,0.0006473899496660107,0.0,0.04373790593054333,-0.0026520167662307803,-0.006058069092898577,0.0022820764565738005,-0.014117139469870588,0.0,0.025200071153790526,-0.00013827396296373085,0.024920743421942282,0.013977064014739526,1.1102230246251565e-16,0.0,0.0,0.0,-0.016755253366605938,0.0,-1.1102230246251565e-16,0.0,-0.02028022697271753,0.0,0.0,5.551115123125783e-17,0.006724212353999448,-0.0024578634130411614,1.1102230246251565e-16,0.0,5.551115123125783e-17
0.014724630428235241,0.002218348687084981,-0.004506761867349329,0.0028022916199814674,-0.011735427496097739,-0.02240172669153112,-0.01526781544728123,-0.04485149789439691,-0.005497867086565078,0.012511567245464206,0.0,-0.03230485649960824,-0.00037323069119327146,-0.011523219188561307,0.0,-0.0012211207003223756,-0.015274299511053469,0.011407548779892418,-1.1102230246251565e-16,-0.06164928518360968,-0.0029126656247996374,-0.06227054312297037,-0.06380883863834275,-0.0067944097337402365,0.030688582128414355,-0.028774190273264,-0.03670316448393751,-0.011361203502017747,-0.025100802411214762,-0.018132353032669912,-0.02348527040589954,-0.0023794071078889756,-0.017630179602634855,-0.03075409738483581,-0.0074464657915829235,-0.04155331774073934,-0.021833860487844137,0.00012935408395714498,-0.0033549768086374443,-0.009013683907407088,-0.017988504563937135,-0.018107721201727878,-0.012139228328749141,-0.004810932504743237,0.0,-0.03528410789348224,-0.009734647519570538,-0.0040174768952420115,0.0,0.0,-0.021785369230396257,-0.002679375101874104,-0.00841492295187124,0.004417279584513878,-5.551115123125783e-17,0.0,-0.0037937368568586316,-0.003265895320920975,1.4365984882136473e-05,-0.11973105223001679,0.007443580042539921,-0.0005021592473414271,-0.0007337052839771485,0.0,-0.009934468556560216,-0.004757082627755982,-0.025291982631072685,-0.017135056184367392,5.965553539233337e-05,0.0238234799734649,0.004785912338376441,-0.0201570699507288,-0.02454413411451406,-0.010776134798804127,-0.006693602395707654,-0.011199367956125028
-0.01083664273666568,0.001086761734791608,-0.0071641373082081405,0.0008989777243003094,-0.02169486689064898,-0.017865927416212846,0.01997115324480303,-0.010216468002377244,-0.018096448005355148,0.0016126558705592542,5.919723834219015e-05,0.005761925401271517,-0.0005054593625096193,-0.0006848141000972419,-0.0012211207003223756,0.0,-0.004268290014991738,-0.03409024877725603,-0.00017905471691204156,-0.022947574639841983,0.012263682375739327,-0.010573363664339253,-0.005125721574867403,0.008024482663429755,-0.012696056939618339,-0.0005188700893038467,-0.017671867481657944,-0.0055493133536433925,-0.015946919789403546,-0.0035028909935369,0.016858168580712263,0.009783232659610508,-0.011824221241550026,-0.011035161055151732,-0.016409175033745227,-0.005030799689172805,-0.002721030851991546,-0.004515071609286436,0.003232947349800508,0.005731551250831468,0.005772535082534558,0.0018487692901685282,-1.8732148184319453e-05,0.0,0.0,-0.016669892710153233,-0.02129846518709988,0.0,0.0,0.0,-0.010642497214294389,0.006691732530603789,-0.011574422734484335,0.0,0.024700765762602217,0.0,-0.016297637375340457,0.028154859838198154,0.0,0.01420314168089204,0.011536643436034388,0.006057106080152419,-0.003356474543843413,0.0,-0.005497720108583681,-0.007155025699597195,0.009940593090230043,-0.023720525953409344,0.017961850788673295,-0.017057152514453167,-0.021531054786018744,-0.0019133466198936189,-0.025224324746380422,-0.0011675589431121014,-1.1102230246251565e-16,0.01237110328624158
0.008970697141534423,0.01637079944717562,-0.0062447160003547,-0.00260998001217716,-0.009587408785207974,-0.014572199164781918,-0.00938765490535115,-0.005859919647810297,-0.018658609193721587,-0.005645784473845894,-0.021329241851827108,0.0028999565164739005,0.0007197702932790762,0.00011775900550997642,-0.015274299511053469,-0.004268290014991738,0.0,-0.01971041129863299,-0.008325309507531187,-0.0031375495112537233,-0.01623474062890884,0.021155634600978357,-0.017923909700509166,0.0017927427762094439,-0.023603155038542822,-0.005103919927113454,-0.0025402044508152644,0.009444519815548114,0.018793673493733176,-0.006618916036466749,-0.00393744448864658,-0.019281963899112853,-0.002405889272380002,-0.017564974374188635,-0.01665797557069104,-0.02137054587080517,-5.194374108447031e-05,0.005862378980745042,0.0020692486814878897,0.02883038493014839,0.020405516543525515,-0.00769343973229919,-5.551115123125783e-17,0.0,0.07777601515361987,0.013895881023177292,0.0049888238347508,0.0,0.0,0.0,0.0,0.0,0.0,0.0,0.008510865370062293,0.0,-0.0011707658633366425,-0.0030131615530319955,0.0,0.00020925425585754942,0.006926616001180441,0.013398091477985374,0.021139445514965383,0.0,1.1102230246251565e-16,0.0,0.01420744784373057,0.0,-0.008247991168549296,0.019326276503648154,0.005563565574669027,0.0,-0.014550103998777764,-0.00011289057264701752,0.0,0.01826584379395957
0.002995742150784242,0.002855637049900106,0.0030682204285876757,4.289974181820311e-05,0.005057374902172729,-0.004813728236242154,0.011305109615399267,-0.005904742628471071,-0.0026727782825909374,-0.003874057017661414,-0.023615647740174828,0.010254582365860465,0.0020894098739895894,7.405718100117475e-05,0.011407548779892418,-0.03409024877725603,-0.01971041129863299,0.0,-0.01232623104561742,-0.00733348893775343,0.009999382785416289,-0.0024852973002617573,-0.010464163381431912,0.011726130482511865,-0.01726820609497237,-0.0021411310824179797,-0.0006008254969617766,0.0001905771735042916,0.002635316666138199,-0.017710341722363132,0.0038739514455243818,-0.0018978459923716384,-6.312420912268912e-05,-0.004624857924579395,-0.015821979975905676,-0.0020812812245775136,-8.657125719291336e-05,0.010667627830421633,0.00576879608631653,0.008434193380432997,0.0056902426988082455,-0.00864072727269466,0.0,0.0,0.0074820912272146045,-0.006737003851164602,-0.023446558692261643,0.0,0.0,0.0,-0.007528812294918363,-0.00036509878273682794,-0.0003519654364375069,0.0,0.014734333560457058,0.0,0.013041522628100044,-0.008353352206724063,0.0,-0.012598798914873754,0.0002718512384289884,0.019436375573645803,0.005786693878644111,0.0,-0.008291042844409902,-0.02482991252446415,0.028087615628815454,-0.04506096308194191,0.00370015186430378,0.0020837721917958962,0.0007644177676072172,-0.009911273523352249,-0.0035238224631458648,-0.002611460009680433,0.0,0.0033571438655216612
0.0,-0.012660514002890477,-0.020753856819608563,-0.021028424874859064,-0.0007715806986549056,-0.01027330527581577,-0.007208631386234787,0.017173736708841647,-0.023650192360823996,-0.008007506125635111,0.0026391126007722088,-0.034268586676317325,-0.022899474682561927,-0.0036505225897288107,-1.1102230246251565e-16,-0.00017905471691204156,-0.008325309507531187,-0.01232623104561742,0.0,0.0004395433476964694,-0.0026076501071437552,0.013094111288320942,0.06366664220347623,-0.006005857707784612,-0.016587394568506775,-0.012722116038881237,-0.04525976364527645,-0.023163268594791064,-0.015334875102921364,0.0015353325331517453,-0.030289909282743555,-0.007173858879236827,-0.004124081807974633,-0.031088476833195156,-0.02086090628566656,0.030948870250692373,-0.00956086579285409,-0.025156918341084633,0.011069207111078117,5.400761026630452e-05,-0.010947360548291596,-0.004656033897107448,0.02232353475831783,-0.00024369579996474933,-0.0004918372366610191,0.0,0.0,0.04895094945919409,-5.551115123125783e-17,0.019975333115737792,0.010435535647028149,-0.0007916623983412752,0.00026606574091403434,0.003520668245226233,-0.0001162147637815969,-0.07907248619979335,-0.01964553415447884,-0.00727812600679878,0.021534318653521567,2.220446049250313e-16,0.0,0.0,0.0,0.028227128502924526,-9.717690978172655e-05,0.0,8.464456119655628e-05,0.001549479247461738,0.0,0.0,-5.551115123125783e-17,0.02149045632138069,0.00863875810577619,-0.015785452608954365,-0.00033502305754884443,-0.01384343895171225
-0.027720435210060512,-0.0005609700560788577,-0.0016506801654627146,-0.0014908790300591779,-0.002940288251145895,-0.009578960067327058,0.0089927641091605,-0.022169467480378513,0.005772884609451023,0.03961458593121864,-4.579736440435411e-05,0.02542141390275715,6.795592222885727e-05,-0.004114150807894901,-0.06164928518360968,-0.022947574639841983,-0.0031375495112537233,-0.00733348893775343,0.0004395433476964694,0.0,-0.019626626267757963,-0.04302459488033877,-0.05136610122384805,-0.019692293329359956,0.01442552269241082,-0.018947192453550143,-0.0510501820582252,-0.002924178319571591,-0.027553125426523828,-0.06258731771287818,-0.015394582710172189,-0.008299164038084728,-0.02364006102968741,-0.03243550169923953,-0.008643996014119915,-0.029574125212477653,-0.0027128008057080155,0.04739637349719722,-0.004121773785852101,-0.017140740247234054,-0.021050127132913266,-0.01299195536697878,0.0012678223736372063,-0.0006753553216460872,-0.0003433665456704649,-0.011063672292560278,-0.03479209357137347,-0.013367532272623883,0.0,0.0,-0.02959915949950559,-0.011025222484200237,-0.06310925462721495,-0.006859833053025066,0.00018314091575571956,1.1102230246251565e-16,-0.007719819993528776,-0.01173256138387957,-1.1102230246251565e-16,-0.06080007782321156,0.0006130183364669306,2.9798805024072728e-05,-0.01777017834250111,0.0,-0.031209552165831544,-0.024040184710726442,-0.03919082938110835,-0.03381030897174908,0.0,-0.016701927934074767,-0.031171608375075377,-0.028281720256410736,-0.02194232511428207,-0.016304356672210973,-0.0009507855987471725,-0.023936581474908847
-0.004505309414369607,0.022497259493881705,-0.0430802242484663,0.001147190790564745,-0.026383982026737474,-0.02290150080143627,0.015894386514862857,-0.03065113845275147,-0.02175652210419965,0.004689235994601859,-0.0169767394910722,-0.033223304771177964,-0.008111739040701782,-0.023897510583013204,-0.0029126656247996374,0.012263682375739327,-0.01623474062890884,0.009999382785416289,-0.0026076501071437552,-0.019626626267757963,0.0,-0.0006525496154712318,-0.030608700631907182,-0.02140796938821271,0.0031256628196809633,-0.0064104790755915575,-0.03907046878589304,-0.014160545508495104,-0.017153362582356668,-0.016150095010255827,0.0003546968964538433,0.01765076221041889,0.012869467759971553,-0.002631502225013238,0.02777178556889981,-0.013891239064448502,-0.01660930725800913,-0.039325342079267245,0.002877947077006504,0.00702570618584647,-0.013099460576158461,-0.011163964828709405,0.030180016715519065,0.0,0.0,-0.04815062451833402,-0.033831180066875466,-0.01760199494589315,0.0,0.0,-0.02922144003221966,0.006044551956064237,-0.024320180366308397,0.054950178946021166,-0.012113258211992883,0.0,0.012745595323059078,-0.014809369925284865,5.551115123125783e-17,-0.0072552411417702856,0.018270835726340473,0.0,-0.0005079384059317182,0.0,-0.038442991899005574,0.008489088085159358,-0.037987227128256085,-0.030025108747923746,-0.005116504072025019,-0.01885417317879806,0.004530088357192041,-0.03551615940865205,-0.022303376718834422,-0.01582080785496287,-0.025151518851967813,-0.014759959947913626
-0.010642492873748133,0.00035989076735370995,0.02587942080044392,-0.01197155995571697,0.004804751734805102,-0.0062149342263642104,0.005354606203466561,-0.0071700464197350655,0.0027574555131835154,0.033549847739378524,0.00426807933179113,0.016960578336515097,-0.006891322497662666,-0.00365246326208285,-0.06227054312297037,-0.010573363664339253,0.021155634600978357,-0.0024852973002617573,0.013094111288320942,-0.04302459488033877,-0.0006525496154712318,0.0,-0.06141064071038921,-0.03725643499914749,0.004271491032969477,0.00028738737564720784,-0.014457390043493779,-0.010211407290914576,-0.02943234056691163,-0.056433892028553145,-0.0016922040213153688,0.004730216752010241,-0.017457899523189824,-0.023704945202873473,-0.0024537774324595585,-0.019571627786294232,-0.018573262378657585,-0.007797252862988713,0.002087370406857636,0.0047117691927677785,-0.007120267406894476,0.004328092306540632,-0.02007084259120362,-0.009652403461263392,-0.00021782924430302497,-0.027627143216333527,-0.016176150599474415,-0.004194088026791387,-7.899678958811496e-06,-4.9083814581685203e-05,-0.011055485194187809,0.007909045488103394,-0.043296533543976945,0.0019390278607324118,-0.004430326813159635,0.0,-0.004971927562065548,0.003483318676860969,0.0,-0.04937179404158437,0.024278952926054365,-0.006599696254922682,-0.00042660436761732257,0.0,-0.023773063907059966,-0.0025742117562132516,-0.017808896106507988,-0.02282422848415655,-0.013448537252679749,-0.018830002263858503,-0.0001562254587824108,-0.020635126477348942,-0.0011684536792580524,-0.009588173821459212,-0.0010080515311863825,-0.001643715068763263
-0.04415582366925547,-0.01232288653237662,0.03217938979284851,-0.009883085396507674,0.009865827754130363,-0.024412490305314838,-0.00811393663201948,-0.014678845299561538,0.002816577973507317,-0.03189285450757551,-0.009602294822099178,-0.04759789207750187,-0.02413861755348956,-0.0054116252282773725,-0.06380883863834275,-0.005125721574867403,-0.017923909700509166,-0.010464163381431912,0.06366664220347623,-0.05136610122384805,-0.030608700631907182,-0.06141064071038921,0.0,-0.02858101815880265,0.0035347732119565545,-0.021055327510290156,-0.03107552068038899,-0.03684346957967133,-0.023499732099717008,-0.04840088205937515,-0.04267028408375351,-0.02286153640107108,-0.018701738170243842,-0.037982982293085554,-0.0273162557222163,0.00252779069657455,-0.027158049815253993,-0.04116813526441082,-0.021777247477548667,-0.011719736789132518,-0.02825290572957373,-0.042339817720808026,-0.01068720604402068,-0.013257874472192954,-0.007316014910072721,-0.020651223742705616,-0.027203290873569486,0.021268071284040624,-0.010756332354252218,-0.012897043606049152,-0.03603624571864317,-0.025116933809042397,-0.01343994860520309,-0.004685212164932007,-0.004563366243681977,0.02899291186285957,-0.02582005916228075,-0.030535037699338186,0.016229317164009827,-0.02650892537584676,-0.004718025631984035,-7.248888877803283e-05,0.0010909659775213965,0.025726397881534524,-0.03656493388825799,-0.020949109064962,-0.03354508658939853,-0.026124480225654334,-0.00027935774476905983,-0.027912331516218136,-0.031369484642686185,-0.028015409928781543,-0.02887817116316549,-0.02845043207667991,-0.02617941773511523,-0.03231258701168693
-0.01580885328313708,-0.006997173802752332,-0.007002710200012696,0.004919585880752864,0.009800769695652634,-0.041567870045735866,0.015047024911999218,-0.018734214627697865,-0.013905856543426465,0.002743496405984258,-0.011350200419946277,-0.009027936222038124,0.0015314204549546906,-0.004497667769942593,-0.0067944097337402365,0.008024482663429755,0.0017927427762094439,0.011726130482511865,-0.006005857707784612,-0.019692293329359956,-0.02140796938821271,-0.03725643499914749,-0.02858101815880265,0.0,-0.005508199986783979,-0.013111055747529576,-0.04036138183680338,0.01783389627752302,-0.025483837378062146,-0.0074412569810914375,0.01704535946837865,0.02112105920644558,-0.021419318454627245,-0.0008345672878478094,4.956601407463124e-05,0.010962234834746565,-0.02636592254742276,-0.0035233859899387876,0.023070028352557725,-0.021363952207809622,0.02276570519055998,0.004807775716221652,0.008029907313232165,-0.0030673468885977773,-0.010057796006148867,-0.06443848572765953,0.002139094713831946,0.0,-5.551115123125783e-17,0.00028631783054755555,-0.0025366927996415267,0.00024534635187356546,-1.6653345369377348e-16,-0.0005100506857965148,-0.01255540319186238,-0.0003752214762417494,-0.03129245704982048,-0.007224535176673319,0.0,0.0009371821373141409,0.00422568205517132,0.01523097811015739,-0.0014247028196972544,-3.489142980206417e-05,0.0009057845937045506,-0.02283735211885385,-0.011897814307369248,0.0009111893536702387,0.005636801833322491,-0.005369419125599961,-0.007730953374843752,-0.0004745070057331491,0.02451719779678968,0.007254743133898234,0.0,0.0054686069413954486
0.0014773777827271628,-0.01259550694344963,0.007186687732434971,0.00031477497878007465,0.01315619127589096,0.004523375971011934,0.021701012227404726,-0.0018367129096826806,0.019444438875033054,-0.019681197065729128,-0.006556493364897165,-0.005149682460845073,0.00930224664035495,-0.013179629289082895,0.030688582128414355,-0.012696056939618339,-0.023603155038542822,-0.01726820609497237,-0.016587394568506775,0.01442552269241082,0.0031256628196809633,0.004271491032969477,0.0035347732119565545,-0.005508199986783979,0.0,-0.010022412571457417,0.007539283448239842,0.011342896991498708,0.011906079121591806,0.01369988828831481,-0.0016301968458373728,-0.011303522204067662,-0.004063635272699817,-0.00903686385729352,-0.01689528607632107,-0.033566342264998716,0.0027331066628270007,0.02094659100884283,-0.0017250126056736481,0.004278998919004462,0.0016670237509481267,-0.009706311492742203,0.005440067884502853,-5.551115123125783e-17,0.06600699554142014,-0.010389657064587221,-0.027623075490372517,5.551115123125783e-17,0.0,2.220446049250313e-16,-0.03251889040678685,0.0032897580539955062,-0.04214533180696156,0.00032436333397434236,0.012956496109881921,-1.6245812644588575e-05,0.002680231767600405,-0.007356523932575354,0.0,0.001459810765907954,-0.0002743803733936123,0.016718284706042308,-0.0009906706515173669,0.0,-0.0024283722211479453,-0.016076020548981163,0.01630278918953082,-0.023161139612952297,-0.010736036881529132,-0.005981710760320724,-0.008149789977671518,-0.00020979753891936515,-0.0019036176641039626,-0.0051538594426419615,0.0,-0.0005862819932841434
-0.008617687116500128,-0.025014069070116607,-0.025198917854264646,-0.019204935869307216,0.0014454583447235936,-0.004889608664160772,-0.0010195976858277667,-0.024332894138832273,-0.002367589321387975,-0.035075842685321046,-0.007481725524991045,-0.01680952683452669,-0.009145173463552425,-0.028158429547148645,-0.028774190273264,-0.0005188700893038467,-0.005103919927113454,-0.0021411310824179797,-0.012722116038881237,-0.018947192453550143,-0.0064104790755915575,0.00028738737564720784,-0.021055327510290156,-0.013111055747529576,-0.010022412571457417,0.0,-0.015495398531131632,-0.008329162596439676,-0.0059826472960552435,-0.01871968303849386,-0.011724360898842268,-0.008100963854552612,-0.011616175920002358,-0.017401229335491875,-0.021838081023611733,-0.03341591967570279,0.011005178372494373,0.012986111763563624,0.016409924450896063,0.02468999345358902,0.017461721626764848,0.03567255407585557,0.0033763848867418567,7.399606289865135e-05,0.00625983279407355,0.0021789239295970098,-0.01534239337147214,0.008026459697712374,0.0,-3.205933321021037e-05,-0.0021989416197648604,0.02641897564208051,0.009325489139504817,0.0010609638916671549,-0.011763919567689851,0.0,-0.01731805811895143,0.020950858404078898,0.0,0.010759093646051987,0.02737586377508805,0.007627480916839402,-0.006094255742489341,0.0,-0.010084368113244757,0.012775987315611581,-0.0032756070671636772,0.00022563038718781403,-0.01613342421863595,-0.009264277168193058,-0.004753463597808261,-0.012549522795660961,0.02996648644924005,0.003626047571314961,-0.00013096905757081778,0.02114721560736188
