0.0,0.014106746968938377,-0.0035912695712434495,0.0,0.013745119141529594,0.028336911177566926,-0.01584546285760491,0.01953559254103121,0.005765368832706785,0.04008479859605385,0.0018875340606921975,0.015613896743382705,-0.011633933054300938,0.002874042564506296,0.02762536967317819,0.00929067125297317,0.003110692455368047,-0.00775686030351469,0.0,0.020680313554607144,0.020395398764874006,0.01729661477499872,0.025459833069556126,0.018153473437282686,0.019735770559091925,0.018345028208463454,-0.007917524455561153,0.011029588434756432,0.026596915155568834,0.009323594200692287,-0.0028036089342290405,-0.012400748117263438,-0.01765754570407918,0.0010947710586801662,0.01022181049629195,0.00956967996311242,0.0005289822182121262,-0.0067337506510894984,-0.002266419163397815,0.02127188545737302,0.025423585764151768,0.04228159946845045,1.4181662172263465e-05,0.0,-0.010516882802499405,-0.01384810007385312,0.012836327436676787,0.0,0.0,0.0,-0.027322716068560238,1.1102230246251565e-16,0.009999468333230066,0.0,0.01096553928846089,0.0,0.01571364643028178,0.00674252407313275,0.0,0.03354667017719404,0.02412283600170756,0.036828628788543316,0.007469935305043529,0.0,0.0068394590179846615,-0.11415681146705375,0.0014210807038140816,-0.010383816676200919,-0.022043862664372804,0.01177686419898194,0.011417220580420828,0.00920101912053839,-0.00024088822652329478,0.011395265956275158,0.0,0.016346107147963973
0.014106746968938377,0.0,-0.003972371667063546,-2.8272336631385286e-05,0.013178713225895367,0.012205778905972686,0.01657735519897685,0.002228046311121834,0.013370375259713185,0.030650741912058688,0.006914801244981339,0.02908448074539538,0.006479207697650813,0.0012617964061008013,0.022677281714381103,0.03419340287506323,0.024506959622345337,0.02986015127316577,0.013449829197445862,0.00864603317522361,0.031319565007190464,0.026210783130841242,-0.003963449847619371,0.019450419108554218,0.03158079085422183,0.0273012775834533,-0.0026331593863998526,0.0004027504801858983,0.015213190634986218,0.0026570395185505635,0.015603673321817113,0.01120012022964717,0.023240205891543797,0.020103464406765137,0.025682946326877343,-0.022954067418731072,-0.0012147199305304057,0.0,-0.0024405423742317467,0.024029213419119178,0.019213305379896628,0.02049424507343678,0.005645321404493253,0.0,2.220446049250313e-16,0.02176991568715747,0.013970361478373383,2.5461536455273492e-05,0.0,0.0,-0.018678817471308118,0.01080671816323342,0.01982468838000262,0.008810066488062429,0.012012228864869245,0.0,0.01655560401678896,0.014067521696039809,0.0,0.023367641004682527,0.023870328437618937,0.01755376095596639,0.014185318364880961,0.0,0.008958619714358351,0.01588194373165469,0.01369651758198559,-0.0023694540317573676,-0.0070044383619440875,0.014282522227846706,0.02206031412180115,0.002638128819135832,0.02860271328380176,0.009252003405585074,-1.1102230246251565e-16,0.015908148600427108
-0.0035912695712434495,-0.003972371667063546,0.0,0.026647622547122052,0.0003763398254731931,0.04080462116170819,0.007458378472937788,0.049139933048590545,0.017216477056103907,0.007836733333959622,0.007944229693962801,0.0013659136071166311,0.00858389530500231,0.05859470484457391,0.025287217520342353,-0.01417784218485968,0.006583232653355753,0.01612940997108958,0.044602990855368896,-1.4233548608799662e-05,0.043966834211242645,-0.00760249913743849,0.003750041277827354,0.007144234006080885,0.05193306050307911,0.029613655435965724,0.022322873695786505,0.012879764653425885,0.04499082734371279,0.026290788819302524,0.023350921410468906,0.005895958355534414,0.02476206063438996,0.016846126138833573,0.025387630249659343,0.03793671266984855,0.007501834649879746,0.008286298430099703,0.04932936971782792,-2.904466252506843e-07,0.02238096408931811,0.007400380536586704,0.03965627045810133,-0.010105609238156787,0.0,0.0,-7.804886196038918e-05,-0.054921098370037946,3.1852392307074595e-06,0.02659496836201236,0.05427334132298045,0.03522249442675229,0.026281075202468918,0.05181187860743586,0.0003186149069892008,-0.05809415248968636,0.011216577450534782,0.028878865927513986,0.024499962495802663,-0.00016671889033342824,0.0,0.0,0.0,0.0824046829471134,0.009435223488656719,-0.003930319800135029,-0.0002727027775808466,0.017858695929001578,0.0,7.289767621815324e-05,0.016140384936423724,0.04492575713059899,0.011229542028611705,0.03329380375897567,0.006793764142187797,0.05295146388067229
0.0,-2.8272336631385286e-05,0.026647622547122052,0.0,-0.007470874582707232,0.008827606662031695,0.021814001095010915,0.007355281953287995,0.017834649119616464,0.030563884691040266,0.024711501860464946,0.025820083579577713,0.030670360944530073,0.0027444989763619754,0.005650489393007163,0.0006020227249088905,-0.007586438921744654,1.4504588913277772e-05,0.0035839381544491844,-0.01613351609337743,0.0006375978871260846,-0.0014693353583093982,-0.0007422825425016377,-0.021078884304178758,0.00039051111648019665,0.0042790719706999325,0.020099628113884993,0.006375888856756384,0.010592732131945781,-0.006005553923324469,0.03301841608695427,0.003885941695723094,0.02250864861613927,0.046181882715888356,0.031992907523887615,0.009954049050348857,0.02458299205095582,-0.008703687969243756,-0.013401402509607696,-0.0002691911399105851,0.0155455026819597,-0.0055494663181286374,-0.02591899241834217,-0.006556613227666597,0.0,0.0,0.0,-0.0007885898682957193,0.0,0.0,0.018421175155584946,2.220446049250313e-16,-3.319568315457433e-05,-1.3120379298570128e-06,5.551115123125783e-17,0.007040873516483526,-0.013104196005131269,0.037060451079531265,0.0,0.0,0.0,0.0,0.0,0.0,0.0,0.0,-2.9268608385868422e-05,0.0025759080238813015,0.0,0.0,0.0,0.012022397895528614,0.00160795411277731,0.0025562075768426618,0.0,0.0
0.013745119141529594,0.013178713225895367,0.0003763398254731931,-0.007470874582707232,0.0,-0.02414158226358265,-0.007085064174513045,-0.01127275050685328,-0.01773089395351385,0.0169570475583381,0.010220842970061705,0.01709424714832447,-0.020710030945637004,-0.005583882993021316,0.012144556387263139,0.0036276883002263616,0.023936571773714055,0.03269906425012581,0.0025084310964995082,0.01929336077860694,0.008593820034612842,0.012616266535496412,0.002787993486017437,0.014567152032693764,0.028136454925196175,0.03350668608227958,-0.007107473488840166,0.007043663991821714,0.01642120279153092,0.008052193925369322,0.007863480116405586,-0.05620166323299064,-0.01151836229031089,0.023530164066095927,0.00231865225204253,-0.010536606028453105,-0.00495688559172508,0.006271867316957058,0.030468839452131857,-0.0060478835446679535,-0.02849685291513382,-0.00725702812301976,0.04742934666201026,-0.04401623364311397,-9.382812494046489e-05,1.1102230246251565e-16,0.0013388242001798334,0.03815985948702272,0.0,0.03300547494557554,0.05951843378209387,0.03980244761597895,0.026989630265645326,0.04270537855140755,5.551115123125783e-17,0.05848961364697952,0.006756850388322633,0.02929614393837071,0.02594946708560325,-0.0010025911948153832,-2.357346537806837e-05,0.0,-5.551115123125783e-17,0.022587990963802707,0.017246692165614197,0.00017979583883437344,0.010203360910032377,0.03222846430612836,0.0,-9.312069484790353e-06,0.008533400856450823,0.05375016398509147,0.015890696263398563,0.023383748100814727,1.1102230246251565e-16,0.014072231464399065
0.028336911177566926,0.012205778905972686,0.04080462116170819,0.008827606662031695,-0.02414158226358265,0.0,0.002295025379782323,0.013311710812567157,0.02509811340539725,0.012652148478777214,-0.0072380712360901045,0.009461245063994483,0.0022205049169765623,0.021876154616169263,0.006095962438349478,-0.005653141614425983,-0.005423423537826932,0.016942834674891882,0.007700732365723717,0.017616091261381916,0.013484253935088897,0.020523555697144924,0.028950315074290023,0.02775270667280566,0.008631774248915813,0.004643294574216583,0.02024134425782692,0.030418704297863586,0.013720646605848374,-0.0008094892456592118,0.01192330372197753,-0.005201341621771882,-0.0015782839655713032,0.003369723158784421,0.00021918588763764069,0.009553206770354261,0.011823343009950082,0.0025309574217821096,0.008086121291066672,0.01436818778999499,0.009799895124124935,0.03416473889155547,0.026902975077750357,0.002012076990069389,0.04761158325348158,0.013954010981703624,-0.006274838789444126,0.031509090927699934,-0.008789372521275263,0.013481197373220621,0.019438694252961186,0.01620864537744937,0.004287617377273678,0.029985322253092916,0.015087839824494187,0.026191846936829966,0.00903962976253797,0.010784197223120073,0.03361592659375778,0.03416953195466055,0.0028348884449391765,0.0,-0.010360113403980797,0.02246728400575959,0.015356691740225248,0.0161745437952443,0.007962931264802409,0.009341698268940934,-2.4609805109931937e-05,-0.0042197009144218645,0.004006147062685539,0.012213252849510359,0.009079406778386923,0.01720070430200471,0.002256500798551997,0.004300003363548188
-0.01584546285760491,0.01657735519897685,0.007458378472937788,0.021814001095010915,-0.007085064174513045,0.002295025379782323,0.0,0.01719837026643012,0.007275382333885083,-0.006917458677555999,0.0021751422047661118,-0.0024130322196631027,-0.0013908049323871907,-0.016830331212902394,-0.022320518828202685,0.0036116334411856466,-0.016743497082122694,-0.007552086348913245,-0.001055826998701881,0.00203684466269044,0.012375407333171107,0.01289465320612565,0.015727804358182995,-0.024478369712856385,0.0013474923133953154,-0.013689150486214108,0.012856160442909215,-0.01012523497293516,0.0017982129946105263,0.021310697288991598,-0.018213017788392127,-0.0175499855780748,0.014022781456212496,-0.003994173436558945,0.03457575788175704,-0.0230384146130449,0.009478101717304122,-0.004165977243410224,-0.0028625780477893326,-0.0015297557778777282,0.046509184250286995,0.005247964992663501,0.043432191687136745,-0.009813396833109778,-0.005289641300439185,0.0,-0.0026455903560946292,0.02159821985633492,0.0,0.029574897412443235,0.017377255934067026,0.01627862379246825,0.009022776783159658,0.028390341590354473,-0.015011175657221931,0.045754822753267366,0.007109285650693187,0.015738706580016748,0.016130650054458573,0.013868141953118196,0.010314503560900301,0.0,-2.0133401984534505e-05,0.02396753598302237,0.0016964532834201074,0.0027669624463213527,0.01223498988301347,0.007258558015373229,-4.474631942869012e-05,0.008450528277566982,0.001410843941445472,0.011574530274078842,0.011932027233436782,0.0002868958121479692,0.0033077428570855716,-0.004524708659236376
0.01953559254103121,0.002228046311121834,0.049139933048590545,0.007355281953287995,-0.01127275050685328,0.013311710812567157,0.01719837026643012,0.0,0.03849312169666985,0.03813837564970063,-0.013849416364730416,0.04154725544481658,0.017262318187022396,-0.0016930019731244972,-0.12062839303736894,0.005295570367633562,0.007548307697627155,-1.3631793016222193e-05,-0.005779226264191029,0.012562081895981236,-0.0023752576762695043,0.034923802613963884,0.012423852569732607,0.024284447837823353,0.005583436922281415,0.02939381302730426,0.020709615768707168,0.007519144166454328,0.03084388581949865,-0.010262218100418441,0.0005837377953448741,0.006366451848411059,-0.033944603264779716,0.007187298931233765,-0.005936613583455763,-0.013003587583070908,0.019871951028260115,0.0356544947576779,-0.017245547930817062,0.0036878989369521498,-0.012397104915062962,0.01090871599749732,0.017058803375095577,0.02132371880736883,0.0,-0.009324049400157464,0.009150626934196826,0.029636833655464434,0.0,0.03745112587645494,0.02852402186993469,0.0124339479015379,-0.04308522946587118,0.03581263883033248,5.8272079957399914e-05,0.03276801285597203,0.00017079369698330682,0.0008212639925468945,-0.005967842252561972,-0.0117220631927909,0.012463570220682396,0.0,-0.00010526328506893501,0.02578998166503743,0.005344179913411629,0.038009130526986956,0.017237326464491942,0.011683777022182373,-5.551115123125783e-17,0.023239000218814976,-0.0062911509305323965,0.018869220327671465,-0.004929921984712093,-0.015521844039822152,0.0025463223230345333,-0.0037361307891067286
0.005765368832706785,0.013370375259713185,0.017216477056103907,0.017834649119616464,-0.01773089395351385,0.02509811340539725,0.007275382333885083,0.03849312169666985,0.0,0.0035140313697178405,0.00748913030887971,0.005275417366389035,0.017793865207052506,0.02762047249671068,0.01420224692650468,-0.01336166446194259,-0.002234691645574216,0.006698863372969932,0.012229627058819637,0.014583959079151554,0.01927366244265194,0.02026468308870849,0.028377695319473706,-0.007817327619034031,0.025487646006333298,0.02256631128851494,0.016908202306986198,0.003782420866415115,0.015979464870967075,-0.009662652954122941,0.010439720487072868,-0.0015870209013458814,-0.003621531878809814,0.012246694449228934,-0.01240437545910228,0.016796922868904607,0.009049426129227933,0.006893936739071349,0.034120155215717596,-0.02369461561787406,-0.008266233515721033,-0.015907286302341506,0.023222902499788867,-0.023314298696578806,0.013505224872937982,-5.551115123125783e-17,-0.012737208859270321,0.028669995423824535,-1.5302038616771263e-06,0.029693219992402153,0.04760319795895651,0.027939393971969095,0.023250092207149242,0.028395096184240076,0.020468492061106125,0.035322410562960704,0.015497592695849105,0.01458604903142846,0.01859328523577919,0.0062278610367743625,0.000892851372862713,0.0,0.0,0.020146372542529378,0.02256767517939895,0.0034840913748183655,0.008041941508359685,0.023305696578721058,-1.8832712941729834e-05,0.012967168483493385,-0.012782266800389408,0.04033259651248444,0.002846274951239125,0.009587032095885961,0.009573453960030953,0.004871344992915527
0.04008479859605385,0.030650741912058688,0.007836733333959622,0.030563884691040266,0.0169570475583381,0.012652148478777214,-0.006917458677555999,0.03813837564970063,0.0035140313697178405,0.0,0.007909781815690187,0.009867488494866128,0.0012297109187290878,0.020071663185162125,0.07428245330440181,0.006995736567873945,0.01997205160022042,-0.006941201311803091,-0.004891968223599774,0.0005791011351083397,0.018622518173572744,0.010640765060371649,0.0429778447305843,-0.041902222769982345,0.030381534609074168,0.033795297533995516,0.00015377619056727854,0.0050113683577333035,0.0043611482847339955,0.00028429276980612705,0.009963826703489831,-0.01631739895779799,0.03374900863291841,0.03595201004916393,0.0760777010172361,0.013389876117987698,0.013657102379685315,0.014580203299520478,-0.06050898750902989,-0.04159792011709462,0.016466922367610548,0.125803807767909,-0.030581978163008228,0.0022459518723386696,-0.0388985842879539,0.053237514523503116,0.03303361218362105,-0.00016718772137358506,-8.688709507764791e-06,0.0004583404225534937,0.01990904416276268,0.10233722140650442,0.0033432393287273765,0.020542909287189937,0.012900064550713575,-0.0059512230083282325,0.010893997341860195,0.04047578539770186,0.0,0.00024785393610315953,0.02655337609540731,0.025731873216151502,0.02206047011296236,2.856024346520325e-06,-4.640317865794996e-05,-0.005074366897855398,0.0074628477324339415,0.004184485050713671,-0.004758195579014801,0.0387548825656569,0.023121943889271634,-0.002261021962807419,-0.011329582939840932,0.017168774683250565,-5.551115123125783e-17,0.021126042560250635
0.0018875340606921975,0.006914801244981339,0.007944229693962801,0.024711501860464946,0.010220842970061705,-0.0072380712360901045,0.0021751422047661118,-0.013849416364730416,0.00748913030887971,0.007909781815690187,0.0,0.007990678543886354,0.0018299470203604895,0.005825278296729297,0.0,8.11855815032736e-05,0.012503315320399222,-0.02148292818252856,0.0018958110272006001,-4.8847853978739586e-05,0.005091473229830945,0.003523599294463442,-0.028680573826651956,0.00028076910545904443,0.019997897024717548,0.016677606083213614,0.016744427855776123,0.005155729400517228,0.013094361137855726,-0.0006451823016971336,0.002698864439194426,-0.0008609782977934133,0.001687692989898737,0.016789465039243112,-0.004536428543763071,0.034003066377718605,0.02530744874146368,0.011711321706680822,-0.004627696365208822,0.009154905833796356,-0.019604397346610347,-0.00249762686726529,-0.0004470043297974402,-0.008454331206380505,0.001093218168208565,0.0,1.1102230246251565e-16,-0.0034954358249229545,-2.963053108429037e-07,-0.10470012208112695,0.0535323873972845,0.00731917393433873,-0.0060779838358056,-0.029965151885165964,0.008028856974674481,-0.06086418061618795,0.008358889896041943,0.0021536399794948036,-0.030914756517364084,5.551115123125783e-17,0.0,0.0,0.0,-0.10334777628356145,0.006883250364693505,0.0,-9.201990343066235e-05,0.022357939797113313,5.551115123125783e-17,0.0,-9.26109783699891e-06,0.04424461386539846,-0.031066905870882955,0.022400346230260992,0.0,-0.04042414464974681
0.015613896743382705,0.02908448074539538,0.0013659136071166311,0.025820083579577713,0.01709424714832447,0.009461245063994483,-0.0024130322196631027,0.04154725544481658,0.005275417366389035,0.009867488494866128,0.007990678543886354,0.0,-0.0003278191332153346,0.037376552190120205,0.045985289094277904,0.021962562802413155,0.03257108969050426,0.028983933473460732,-0.00782930148899652,-0.06502173198517297,0.010558516058461365,-0.05119556817928045,0.04650626606368696,-0.012551136598820067,0.04068021178243514,-0.00012682702690380854,0.005637909271174135,0.01570447665255692,-0.005113318350971008,0.019905128004854278,-0.01219258421342223,0.011176112212373801,-0.012338516020359847,0.0055478977557829046,-0.041236492531615154,-0.0022443159251936406,0.022691044327367238,-0.007150486266783024,-0.018406966810496084,0.011935377220855803,0.02650489497017411,-0.08301129022485201,-0.001619309233181876,-0.003921362217509439,-0.0055240270816747095,0.025192594985619432,0.0010702469011018012,0.00717037117221081,-0.010645651155789332,0.010174741250144226,-0.0037601647258958537,0.003757086605983062,9.883837861773825e-05,-0.00691665853429646,0.009071821704514704,-0.01058361260863816,0.009066628349903127,0.03071017962309308,1.8721219628814456e-05,2.463577214439905e-05,0.02639090592204596,0.010612553163828475,0.022553991267872164,0.010047133805125286,0.006014897525190688,0.01587202592924991,0.0006012015720823771,-0.008942505496120967,-0.013931621889113455,0.03196993084280836,0.010817789046644266,0.03963739861554083,0.052529972488602694,0.0020554544451136803,0.0,0.02865600226899495
-0.011633933054300938,0.006479207697650813,0.00858389530500231,0.030670360944530073,-0.020710030945637004,0.0022205049169765623,-0.0013908049323871907,0.017262318187022396,0.017793865207052506,0.0012297109187290878,0.0018299470203604895,-0.0003278191332153346,0.0,0.019379777177451873,0.022882314919967728,0.002742605712606039,-0.004857092825159781,-0.006364381417070963,-0.003093025649850367,-0.0023614244800398976,0.008084796060036092,0.006225042830862171,0.015062912551583485,-0.00956081824777405,0.0013068710878866296,0.0010117578768954472,0.008867222417196119,0.012609969575495594,0.0019732404866523168,0.013920588388408317,-0.007779929048080503,-0.005518990743440921,0.01880168981210434,0.013384997825430789,0.040476427847761676,0.0023365057618374707,0.020938223570861947,0.007533471955839921,-0.03714170463172389,-0.013201404893744328,-0.0037436984939810403,0.005679343396142844,0.045824663871612825,-0.02029617855094623,0.002474129939887104,-0.007689656668460776,-0.0034559470875611953,0.036007415815942245,0.0,0.031030794123143024,0.03392208843946054,0.02888105788917117,0.0023943281352237222,0.038229090091825624,0.00912937335895403,0.04659550576057209,0.020185161460553658,0.022099776877183896,-0.007578078985005232,0.012334441300774324,0.0005238418920292531,0.014350221057652213,-0.005816832930082283,0.029626592338463764,-0.0034651122150127778,0.0005093639816733941,-0.0038980967832162317,0.01586809543285017,0.0070487830514859295,-0.0019765158335975364,0.003395015065874696,0.015819760734748667,0.010483830466817112,-0.002072777615479693,0.018384839578425627,0.003479835771139972
0.002874042564506296,0.0012617964061008013,0.05859470484457391,0.0027444989763619754,-0.005583882993021316,0.021876154616169263,-0.016830331212902394,-0.0016930019731244972,0.02762047249671068,0.020071663185162125,0.005825278296729297,0.037376552190120205,0.019379777177451873,0.0,-0.014324679168507104,-0.0005840182162551444,3.981483089093851e-05,8.856305876475679e-05,0.016266896929314933,0.0034025574998869934,0.009364085985570147,-0.0032691159831259586,0.01986284646537745,0.03760749546389158,0.006110365910212745,0.03185201495586876,0.025816604302350776,-0.013575167719599879,0.029943147637963075,-0.0076994166066751135,0.010244491244276399,-0.014145425408781609,0.029325449146770377,0.013880604600944368,0.014629028282401424,-0.002275359415603695,-0.014106525059540909,-0.014062321241756603,-0.003367317789357005,0.0,0.003222505984474322,0.0003611611915688706,0.0036366406386388883,8.529144686075796e-07,0.0,0.0,0.0,0.010361112167808384,0.0,0.018533713870304336,0.05197320148227047,0.01850286463397177,-0.004569352909720825,0.019037943264946622,0.0,-0.012144721998731622,-0.00018360828428665155,-0.002229157751278077,0.013626005717665757,1.1102230246251565e-16,0.0,0.0,0.0,0.011279645081062495,0.0,-1.1102230246251565e-16,0.0,0.025575811481011512,0.0,0.0,5.551115123125783e-17,0.04507129769893958,0.002202759812936217,1.1102230246251565e-16,0.0,5.551115123125783e-17
0.02762536967317819,0.022677281714381103,0.025287217520342353,0.005650489393007163,0.012144556387263139,0.006095962438349478,-0.022320518828202685,-0.12062839303736894,0.01420224692650468,0.07428245330440181,0.0,0.045985289094277904,0.022882314919967728,-0.014324679168507104,0.0,0.012354625554385101,0.0073889413289197625,0.01633514777215156,-1.1102230246251565e-16,-0.03726822557866516,-0.01900082857719837,-0.027919219108909876,-0.02642532997864544,0.007628762809408829,0.01904286715806469,-0.017130480645633828,-0.03547011223324237,-0.017067346740239187,-0.006224734122857789,-0.012288141324885204,-0.011334668906435419,-0.01960733236590617,0.007014587956137963,-0.002193722069931181,-0.004715039968364976,-0.007529325697233413,-0.02312178508401569,0.00011606217775700367,-0.018479803494444613,-0.015482083676426395,-0.003580006762337662,-0.01948516942516909,0.023202777589266144,-0.0037052838807397626,0.0,0.029619227242498103,0.009895475755636873,0.012536684677543819,0.0,0.0,0.005556479916182966,0.009027775552588324,0.008337229090602027,0.003878508091280708,-5.551115123125783e-17,0.0,-0.0035836288895894075,0.0067850808805542395,4.85720184362215e-06,-0.0808294442106346,0.016449473516690738,-0.00016978222112712382,0.024402769421489445,0.0,-0.009563353656050266,-0.015525584453858321,-0.00509175189563571,0.013707564725215005,7.818177573282181e-06,0.004885759593747818,0.007826838205715614,-0.006094556130633311,0.003480814617582928,0.005195293248103416,-0.0009936088409680521,-0.009425767043328093
0.00929067125297317,0.03419340287506323,-0.01417784218485968,0.0006020227249088905,0.0036276883002263616,-0.005653141614425983,0.0036116334411856466,0.005295570367633562,-0.01336166446194259,0.006995736567873945,8.11855815032736e-05,0.021962562802413155,0.002742605712606039,-0.0005840182162551444,0.012354625554385101,0.0,0.024920097080791404,0.039371298754806106,-0.0001629389680211646,0.00931822297312529,0.00977164269721581,0.0030091860021765338,-0.0001747829543515267,0.005239549725586212,0.02474351271489006,0.0256120179923931,-0.022527763542220303,0.009084063433494383,0.007600771061449185,0.014539009179780793,0.018755984986302376,-0.006534736666068852,0.0061610951163108,0.0047762845368751194,0.013075505807077559,0.0055457039545626086,0.002669446302162981,0.024675092432202617,-0.012308740032461074,0.016621265739483027,0.012951055088682606,0.024368037800054254,-6.333420607185225e-06,0.0,0.0,0.019654341570095046,0.011575451255345925,0.0,0.0,0.0,-0.011957024870985156,0.01078448676519922,0.01371006118016782,0.0,0.012908055989969525,0.0,0.02354217544426257,0.015606959956096178,0.0,0.010667270434164156,0.01877752527490606,0.03178840567191893,0.006348452513053271,0.0,0.010510755076406753,-0.008211323733671338,0.013967639478752236,-0.011106106640129454,0.007532153945125186,0.009274719483131466,0.013631828240479205,-0.0035012168760953366,0.02390137788565977,0.01188392449377973,-1.1102230246251565e-16,0.006985495112390772
0.003110692455368047,0.024506959622345337,0.006583232653355753,-0.007586438921744654,0.023936571773714055,-0.005423423537826932,-0.016743497082122694,0.007548307697627155,-0.002234691645574216,0.01997205160022042,0.012503315320399222,0.03257108969050426,-0.004857092825159781,3.981483089093851e-05,0.0073889413289197625,0.024920097080791404,0.0,0.024753406474063877,-0.003595574368003729,0.02301714608821709,0.029160980212595333,0.01677545943652975,0.02191350013657911,0.04100475185512642,0.03365825246801457,0.03610391802341906,-0.01536898092070127,0.0026139464915437283,0.02223025125779471,-0.029754634207756092,0.015667195889170094,-0.014826518262258337,0.0002180598827151159,0.035354228856353365,0.03899237115234894,-0.002213636717053713,-1.7562404320270453e-05,0.032156404889094214,0.03425580378801174,0.058445899126282286,0.03882225486861485,0.016682309008062335,-5.551115123125783e-17,0.0,0.02949140389177346,0.014542998907452864,0.034748233999631006,0.0,0.0,0.0,0.0,0.0,0.0,0.0,0.03900144441075398,0.0,0.027535705515059905,-0.001746264594347624,0.0,7.074977216475764e-05,0.03357300257922452,0.009108208806515306,0.0028648799812137082,0.0,1.1102230246251565e-16,0.0,0.0057960463079925195,0.0,0.017408899663530375,0.028838155620861394,0.027127946102358858,0.0,-0.003283202748065317,-3.816879260876149e-05,0.0,0.03274531042816947
-0.00775686030351469,0.02986015127316577,0.01612940997108958,1.4504588913277772e-05,0.03269906425012581,0.016942834674891882,-0.007552086348913245,-1.3631793016222193e-05,0.006698863372969932,-0.006941201311803091,-0.02148292818252856,0.028983933473460732,-0.006364381417070963,8.856305876475679e-05,0.01633514777215156,0.039371298754806106,0.024753406474063877,0.0,0.014281705902421282,0.029542685263579616,-0.008718749021930428,0.017905412120555575,0.000319906518153501,0.0027364133048632944,0.023191159608271672,0.027569407452940287,-0.005610440821891383,-0.0034734896570398632,0.02154745215071624,-0.03353005108408874,0.009511810138401022,-0.005593530857528728,0.0068233548803609545,0.02962581694752975,0.02969891194774993,-0.03629860622223868,-2.9270117815727303e-05,0.007061716771833149,0.020687843199416522,0.022859076429395275,0.013388006964808852,0.025090468511860364,0.0,0.0,0.018954251186121818,-0.007969023430523525,0.021305102136620457,0.0,0.0,0.0,0.011969438735436932,-0.00012344148313919723,-0.00037428299681036004,0.0,0.01058323620546986,0.0,0.02315420910371696,0.026931688590610958,0.0,0.00919564201267603,0.01342058549292613,-0.012647165382323466,-0.0061277601568618945,0.0,0.02122987785239111,0.0034280462785483135,0.028493774682705253,-0.01015602648452274,0.0032921002643537256,0.000421446229985023,0.005292007734536419,0.013456118261604033,0.018576854621476735,0.05269246546608275,0.0,0.006955894108649052
0.0,0.013449829197445862,0.044602990855368896,0.0035839381544491844,0.0025084310964995082,0.007700732365723717,-0.001055826998701881,-0.005779226264191029,0.012229627058819637,-0.004891968223599774,0.0018958110272006001,-0.00782930148899652,-0.003093025649850367,0.016266896929314933,-1.1102230246251565e-16,-0.0001629389680211646,-0.003595574368003729,0.014281705902421282,0.0,0.0003836282105844635,0.011152438379635532,0.011398001380304834,-0.016112709789877833,-0.016222151776459193,0.015021828645267798,0.009046462679663136,0.03377312989524811,-0.0011307032276802187,0.00843427149979642,0.007174420119510638,0.0005584410013204644,-0.008364681745498037,-0.029003461640513206,0.008059692078338565,-0.032630758188066045,0.027174304581146502,0.0028451304842482816,-0.0002702826018154969,0.0032725171956862753,9.562012508179674e-06,-0.07773280806402205,-0.012086210557664678,0.00998871558736153,-0.06688977706010274,-0.0005100878678604981,0.0,0.0,-0.07556348289071968,-5.551115123125783e-17,0.025417789955679337,0.042606470210914904,0.025998970714671943,0.023221987765080887,0.02562773715809885,-0.00010766391424960053,0.06085929903011855,0.007147117309567685,0.00607491604205479,0.01797653324792642,2.220446049250313e-16,0.0,0.0,0.0,0.021254769946090657,-3.2855934989528546e-05,0.0,9.672527638032724e-05,0.01751276498175769,0.0,0.0,-5.551115123125783e-17,0.04282732331146599,-0.03760174037601971,0.019640813517491196,-0.0001132727499106867,0.022034917769381046
0.020680313554607144,0.00864603317522361,-1.4233548608799662e-05,-0.01613351609337743,0.01929336077860694,0.017616091261381916,0.00203684466269044,0.012562081895981236,0.014583959079151554,0.0005791011351083397,-4.8847853978739586e-05,-0.06502173198517297,-0.0023614244800398976,0.0034025574998869934,-0.03726822557866516,0.00931822297312529,0.02301714608821709,0.029542685263579616,0.0003836282105844635,0.0,-0.02390875504642781,-0.01403652449905124,-0.039709052942147216,0.03735176934829426,0.019962392692472464,0.0009997522213264776,-0.031134375253523583,0.011296595790999564,0.017337640153916756,0.027420994956604827,-0.00735481642717456,-0.021657336098462987,-0.006560166326936789,-0.01479138704161631,-0.0069635946071858745,0.003909721908035957,-0.007173070499071843,-0.0510058943799776,-0.01590591407780284,-0.021381590773064674,0.0060016106586674445,-0.0268528460426275,-0.005646874869095375,-0.006867707728614392,-0.00022132999488883032,-0.014099535261215157,0.01512447587467991,0.029455155366868768,0.0,0.0,0.017687737008864446,0.020111330539673178,0.0058339422057572254,0.009168293870995547,0.00031903718249043367,1.1102230246251565e-16,-0.005277092413828177,0.022361820730842696,-1.1102230246251565e-16,0.0059152615519019736,0.021282916684475295,1.0075105319085065e-05,0.02852224147423421,0.0,-0.008921035858320492,-0.016676496814022557,-0.006306950618649609,0.011977598880933304,0.0,0.007511926600827834,0.006033822931565125,0.012506662614526487,0.014286588187498839,0.015219984876553516,0.0013290960192668955,-0.003965678495305214
0.020395398764874006,0.031319565007190464,0.043966834211242645,0.0006375978871260846,0.008593820034612842,0.013484253935088897,0.012375407333171107,-0.0023752576762695043,0.01927366244265194,0.018622518173572744,0.005091473229830945,0.010558516058461365,0.008084796060036092,0.009364085985570147,-0.01900082857719837,0.00977164269721581,0.029160980212595333,-0.008718749021930428,0.011152438379635532,-0.02390875504642781,0.0,0.013287119519115265,0.013737744546271302,0.0036900526318709437,0.022705120810387447,0.005084370177826147,-0.00976600722544585,0.025893620615351276,0.03344179839578221,0.014111523889135114,0.004936791981260957,-0.004353292996960911,-0.0028078030059044967,0.004803441994607138,0.000593315785868076,0.003365332362337048,-0.009660172283969704,0.005650201862314352,-0.015906885821478256,0.0257876013080498,0.0066088808847913905,-0.006446234467526013,0.021681108189102627,0.0,0.0,-0.017881597013626904,0.014012430858382219,0.005479251805571184,0.0,0.0,-0.004015936826606781,0.02338640538862069,-0.04894991063319226,0.00373328078319779,-0.0031096615963562835,0.0,0.0026221191426293866,0.0012385447964478047,5.551115123125783e-17,-0.0015928727569251566,0.025591748528966174,0.0,-0.007599258028654687,0.0,-0.021363154164789677,-0.003245681879544493,0.0012822911133113513,-0.0013502010425891497,0.002071719439409314,0.003874503384816985,0.02124666236175643,0.004246702719545914,0.01897943541269992,0.019128853135468693,0.0019031152584767508,0.00492924311727766
0.01729661477499872,0.026210783130841242,-0.00760249913743849,-0.0014693353583093982,0.012616266535496412,0.020523555697144924,0.01289465320612565,0.034923802613963884,0.02026468308870849,0.010640765060371649,0.003523599294463442,-0.05119556817928045,0.006225042830862171,-0.0032691159831259586,-0.027919219108909876,0.0030091860021765338,0.01677545943652975,0.017905412120555575,0.011398001380304834,-0.01403652449905124,0.013287119519115265,0.0,-0.04236672510930056,-0.01184716537767283,0.023780614954654777,0.009664975162715195,-0.026462317453061435,-0.006229263009298103,0.01972966688972294,0.06624877176079935,-0.007178037572935336,-0.019676979313983267,-0.006826378097955721,-0.006590303534859732,-0.0055858173407191125,-0.004715284866426472,-0.03687411597549728,-0.0462699399075317,-0.021644867971087,0.021357039648885356,0.01583621943492214,-0.024154666401166036,0.010223204376073436,0.0015851712388934014,-7.364901297757243e-05,-0.015730117360432505,0.00805142587279195,0.0020673341627524544,-2.6709157442961207e-06,-4.7476250076283755e-05,0.0026063674468576603,0.016892135648901407,0.0010039522412605972,0.006499102391994194,0.004771723578214537,0.0,0.009907277785880575,0.014058959177800257,0.0,0.017257080559775206,0.023682919683081838,0.04689191009593546,0.023822203302625078,0.0,-0.006159404085421094,0.0018602505181581352,0.0032393850597484675,0.011064207739841903,0.014143852000040757,0.008581146591568278,0.019188570822530393,0.00925505148494099,-0.01611629509445428,0.013391371778457006,0.02327695525689122,0.01761736772396577
0.025459833069556126,-0.003963449847619371,0.003750041277827354,-0.0007422825425016377,0.002787993486017437,0.028950315074290023,0.015727804358182995,0.012423852569732607,0.028377695319473706,0.0429778447305843,-0.028680573826651956,0.04650626606368696,0.015062912551583485,0.01986284646537745,-0.02642532997864544,-0.0001747829543515267,0.02191350013657911,0.000319906518153501,-0.016112709789877833,-0.039709052942147216,0.013737744546271302,-0.04236672510930056,0.0,0.020871445892260088,-0.001309681385292194,0.01453723851141936,0.004682682601254706,0.01521698457580456,0.02628616775764575,0.004735090461464975,0.007656904011248744,-0.004156645442593143,0.001517327459497897,0.0012636191037397326,-0.0010808185891286737,0.007823618742212046,0.015575082942656138,0.0002970613719848192,-0.0071457939915490765,-0.0057296102706848595,-0.00888409643655863,-0.0013337318877671978,0.020181396195894097,-0.012413850288178596,-0.008020910990473307,0.004027884040940732,-0.0005875556854695319,0.049075571733604995,0.012600524133105695,0.017067898246101998,0.027307645315754914,0.021392820384652178,-0.005823558584721222,0.032122034472213956,-0.004434113392818961,0.03342106542868306,0.03372807368313513,0.010786729024775621,-0.0011998731457679712,0.0033794380258054257,-5.080585610123256e-05,-2.4508807930812004e-05,-0.014110825710171193,0.051945950628618065,-0.013345757540875025,0.011008767319089341,-0.0043351679601988935,0.01669173543354696,-9.44520660468573e-05,0.006034965999405284,-0.0036966665841330903,0.014234991649225703,0.008650647303124592,0.01231234588800556,0.005625728749042769,-0.005952054137185359
0.018153473437282686,0.019450419108554218,0.007144234006080885,-0.021078884304178758,0.014567152032693764,0.02775270667280566,-0.024478369712856385,0.024284447837823353,-0.007817327619034031,-0.041902222769982345,0.00028076910545904443,-0.012551136598820067,-0.00956081824777405,0.03760749546389158,0.007628762809408829,0.005239549725586212,0.04100475185512642,0.0027364133048632944,-0.016222151776459193,0.03735176934829426,0.0036900526318709437,-0.01184716537767283,0.020871445892260088,0.0,0.0366952496972166,0.010935055277269068,0.010723984239684126,0.0068307080187836045,0.03894613198899044,0.01016934351308374,-0.0011714324371003282,-0.006920282003795686,-0.04533775223642639,-0.0009606518572946032,-0.0046240802605106435,0.16156882545340728,0.005739065244472652,-0.01865322953321011,0.0004079915721768579,-0.05041256601253752,0.058358548853005565,0.022794690046494592,-0.00693675934508553,0.0030657301211642896,-0.023633862069893707,-0.035421200211995685,0.017444203217042542,0.0,-5.551115123125783e-17,9.680530125866227e-05,-0.003525862217673037,8.295266648394861e-05,-1.6653345369377348e-16,-0.00017245035072133152,0.02283453281431619,-0.00012686400975031598,0.031631124473013694,0.007635116584925994,0.0,0.000285789021222671,0.01796023737562058,0.0003153863944634905,2.908638824339338e-05,-1.1796943860775677e-05,0.00038772727111618943,-0.007244956864504493,0.012130769879550973,0.0003142743822016625,-0.015455220217447885,0.017402046741413657,0.010616700374492749,-0.002082406521940139,-0.007486077706588545,0.005780582246318,0.0,0.021998681679659793
0.019735770559091925,0.03158079085422183,0.05193306050307911,0.00039051111648019665,0.028136454925196175,0.008631774248915813,0.0013474923133953154,0.005583436922281415,0.025487646006333298,0.030381534609074168,0.019997897024717548,0.04068021178243514,0.0013068710878866296,0.006110365910212745,0.01904286715806469,0.02474351271489006,0.03365825246801457,0.023191159608271672,0.015021828645267798,0.019962392692472464,0.022705120810387447,0.023780614954654777,-0.001309681385292194,0.0366952496972166,0.0,0.03701376870567752,-0.006503111720577548,0.007114520006879066,0.012891435627968018,0.0015904854115112443,0.02719586074243391,0.005571415227652254,0.019281032553067623,0.03915069458163484,0.038947239235579856,0.008838996397654064,0.0025312206740982224,0.018761961575315622,0.016214273497062837,0.02542329545996519,0.023469062216729064,0.026689766502638157,-0.001965183151591776,-5.551115123125783e-17,0.034021723652323976,0.017240557184241168,0.026989887937644508,5.551115123125783e-17,0.0,2.220446049250313e-16,-0.001348348616629913,0.015341814545340171,0.01495852865365227,0.00039098359372963243,0.02566442170589861,-0.00013854369081967022,0.0208613230148621,0.008373689879085988,0.0,0.026667820115021168,0.02083530693028024,-0.005042032803419971,-0.0017863102572307499,0.0,0.027281068892755667,0.021278920308905436,0.021633911295739106,0.0060040222876717175,0.013806343715657976,0.011989518734724425,0.014166937297083293,0.016285497469509358,0.024567691860527485,0.019033079904798744,0.0,0.013318049406202959
0.018345028208463454,0.0273012775834533,0.029613655435965724,0.0042790719706999325,0.03350668608227958,0.004643294574216583,-0.013689150486214108,0.02939381302730426,0.02256631128851494,0.033795297533995516,0.016677606083213614,-0.00012682702690380854,0.0010117578768954472,0.03185201495586876,-0.017130480645633828,0.0256120179923931,0.03610391802341906,0.027569407452940287,0.009046462679663136,0.0009997522213264776,0.005084370177826147,0.009664975162715195,0.01453723851141936,0.010935055277269068,0.03701376870567752,0.0,-0.005068195996976166,0.006152395310591197,0.01751380197144814,0.006723535045326967,0.017166749836190875,0.004725627178694458,0.017449471794989624,0.022733605821325775,0.01875824419269634,0.011951849907446244,0.007873599156636879,0.009647555157112686,-0.008779518350223336,0.0177031430063877,0.02360459500051637,-0.0047758315098786475,0.11956750884090628,-0.013310669969665345,0.06903203132440605,0.009259185237613876,0.014114757124307875,0.00929406076818351,0.0,-3.581781638711812e-05,-0.01690630014497213,0.010311654565241912,0.00803767704667202,0.009928862380630621,0.024650320280144578,0.0,0.013576855823746015,0.018994437169919998,0.0,0.006053045683893199,0.02778542375235088,0.009015203504102953,0.0018740057489866624,0.0,-0.0037609475670725145,0.002810646612252221,0.006958804921724071,-0.0007833393266386546,0.007510575591981705,0.01409497960160011,0.01579823452572643,-0.0057016794800636705,0.011225705522832252,0.0023309025869047706,-0.0002487822834473241,0.01631588983496901
