0.0,0.0026462083657595725,-0.01581439639188531,0.0,-0.013340895365768102,-0.042262843732117084,-0.014476982930377247,-0.015126231091825926,-0.0007254266179984592,-4.6107930856353896e-05,-0.006534271689672355,-0.050873854570385235,-0.02359094009655227,-0.010707790962835473,-0.020828787462889464,-0.003924585971792793,0.006631880264782786,-0.0021562408193402938,0.0,-0.035063185655528684,-0.019801605543897316,0.011165920624954306,-0.040494294167709666,-0.049455382381288326,0.006485855020390452,-0.017348722894641122,-0.033518614802321156,-0.036305713719321064,-0.04201348049341275,-0.042686314709683815,-0.03243429447830032,-0.026491810168185637,-0.0033431440821347636,-0.022410117124470497,-0.02134494432655737,-0.004100900999434387,0.0003805883147243727,-0.008975813047367831,0.029316025538819235,0.06818333918421332,0.0730575038707783,-0.006832044711832463,-6.762946124116986e-06,0.0,-0.012764354658780341,0.03064406444135198,0.05267727138321593,0.0,0.0,0.0,0.05145185049734824,1.1102230246251565e-16,-0.017030378859617945,0.0,-0.025400756126517987,0.0,-0.012010123363559,-0.0014604270134763175,0.0,0.019763404816523222,0.04107212363225954,0.006132308643625295,0.014846093852406872,0.0,-0.007013136373131668,0.07636840847434362,0.04132511117943072,-0.004605104074296207,-0.05159847349796842,0.02263357201387195,0.044568308485641694,-0.003012990352230238,-0.00018756591840385362,0.04050587306884473,0.0,0.04021903061637572
0.0026462083657595725,0.0,-0.012934827198959498,1.3482502059292134e-05,-0.026155142849341007,-0.014770452001938938,-0.024573265890127483,0.02621229484181342,-0.012326263010527916,-0.024034249022814647,0.005379956221336968,0.037007647261092125,-0.02442431147512969,-0.007510940602059313,-0.02102344708993048,-0.006017069182674195,-0.002583041107159234,-0.018783051218723867,-0.02243214765525986,-0.020364115427022433,0.015382546769621253,-0.008859504928066808,-0.015909531237491448,-0.01858488938820929,0.012354193291305826,0.0013110962763749345,-0.024655182757104543,-0.024433899047724583,-0.027353350878213,-0.029762463908442893,-0.0255196867789807,-0.016450111877424234,-0.007162524121686664,-0.022504981000737057,-0.029025102181141293,0.0519221903539866,-0.001054112032377097,0.0,0.020635359608381698,0.03266415606898143,0.034676774764639706,0.023259236945608663,-0.04711241974383201,0.0,2.220446049250313e-16,0.024222693830675046,0.03481622183155658,-1.1911522401930608e-05,0.0,0.0,0.02340929679501974,0.007063388456649555,0.017017956452996752,-0.0025446747647390744,0.027827571187359956,0.0,0.007615043097302265,0.016156276116809642,0.0,0.0123924215463726,0.03429593829487737,0.026617834000949636,0.037487523667215916,0.0,0.02256880317623222,0.019722679746522587,0.024411634209133726,0.012096500185849679,-0.009879478893189575,0.04223359155851014,0.029913607689552035,0.024091503855515117,0.029637744928543097,0.026871898983728715,-1.1102230246251565e-16,0.028775413728546584
-0.01581439639188531,-0.012934827198959498,0.0,-0.02464585759931681,-0.021288369326044554,-0.004028179153867106,-0.033794543957940626,-0.01525741591624652,-0.037955713115241096,-0.01934863483024768,-0.021533210822499205,-0.02047833690323647,-0.025911204519265707,-0.02722489738384709,-0.0034714086759893292,-0.012321800157315821,0.005511506634769181,0.009223744655434907,-0.03018321040585259,-0.007826041376828963,-0.016251146638024794,-0.015062399005373206,-0.044249562381312446,-0.009087690384533886,0.034114596934187225,0.007243861319543132,-0.04306766352768826,-0.03217703565136221,-0.01706612225980625,-0.005391674425033244,-0.0359734328640704,-0.03164908331379479,-0.0013789393449520349,-0.03821388829256417,-0.030408035927917132,-0.018012080330352342,-0.028376598838916633,-0.01878951269283241,0.02234622992183366,1.3850808561199912e-07,-0.0004448178606306641,-0.07620836097704375,0.007965956271019092,-0.03483056856687572,0.0,0.0,-2.427929191284317e-05,0.1277982622971216,-1.5189757766043144e-06,0.014571318055324078,-0.009957048614202546,-0.008572357153455945,-0.020594693123532126,0.006578025406647536,0.0006677549297166574,0.0987298731335629,-0.001406271773516099,0.001623339636235066,0.013602836177002975,-0.00012186024592630851,0.0,0.0,0.0,0.15611398563702028,0.007383893174699063,0.006362326467457935,-0.00023421398065937016,-0.009735601746651446,0.0,7.059932434028138e-05,0.005249407202375989,-0.009472758531165804,-0.0036874434798181976,0.003020429176509798,-0.00921579464706379,-0.0073715841104951
0.0,1.3482502059292134e-05,-0.02464585759931681,0.0,-0.020621184940317866,-0.03076315187205736,-0.028953754660099917,0.0004904480107510989,-0.038665127008934985,-0.05356447328789671,-0.021225082125835293,-0.0164480560638105,-0.0014065192695916773,-0.02267272086670946,-0.013185298300925685,0.000377997479776071,-0.004557255796954374,-6.9169433160043425e-06,-0.04857708870025962,-0.009465547727758705,0.000253156893222084,-0.02789191463580315,-0.03358172827819206,0.006718785412233641,0.00044764706922878483,-0.013358581421499816,-0.03894050778396607,-0.047110117579682725,-0.03767817229180259,-0.003629129229831718,-0.021360495349673547,-0.03818379789295867,-0.026928997465699267,-0.023270870151179956,-0.04770522559901269,-0.0067085134036357075,-0.02893806383851233,-0.011309680010009482,-0.04107314265675818,0.00020766906512276195,-0.04416434248481671,-0.04824275350995877,-0.052054727264852885,-0.01163828318294291,0.0,0.0,0.0,-0.0005536947546976867,0.0,0.0,-0.002591838282893888,2.220446049250313e-16,1.583034583685361e-05,-0.00018542746479460748,5.551115123125783e-17,-0.022172519696267434,-0.016057790701828667,-0.00029119299908819674,0.0,0.0,0.0,0.0,0.0,0.0,0.0,0.0,1.3957603787140282e-05,-0.01283183210716693,0.0,0.0,0.0,-0.053015738017662406,-0.06621593177380858,0.002447382402030518,0.0,0.0
-0.013340895365768102,-0.026155142849341007,-0.021288369326044554,-0.020621184940317866,0.0,-0.025912075376175625,-0.020834122770665098,-0.01099111061175162,-0.028378814198042224,0.001884548987915291,-0.02309768897797987,-0.005974794270021511,-0.030513115982786554,0.00629645261868661,-0.010945405940481046,-0.015493643916719424,-0.005064006368891316,0.009901645521055824,-0.04102845208770661,-0.050327497246116404,-0.04030080877417558,-0.04969314912935674,-0.025327789521041477,0.0016129435340492826,0.03472329479136421,0.010774143937860414,-0.015804919077749058,-0.0526119576255753,-0.05846819564021627,-0.027868870701529713,-0.032090265457311085,-0.016216671992342224,-0.0034392276618340767,-0.016192075216113766,0.014418055712636102,-0.0025470154713827797,-0.01597430965232216,0.010468697562964646,0.006129471480577964,-0.005369644274434593,-0.05744031389489673,0.009097158737981448,0.03734546359900143,0.014081767406762535,4.474472358689807e-05,1.1102230246251565e-16,-0.006399321055574392,0.00025977821887113173,0.0,0.04054950730112228,0.004992037764518509,0.006204906870814764,-0.01579878943769708,0.0014383152383550257,5.551115123125783e-17,0.05234661526768164,0.00877623549612877,0.004646039239023125,-0.012242774180131089,-0.0015501383783650402,-2.3734717666257232e-05,0.0,-5.551115123125783e-17,0.016382771514431516,0.00439244455458121,0.00015767645745079495,0.01273021378702599,-0.005146050642583888,0.0,4.440736456945427e-06,0.005715276133228642,0.0005324227596407161,0.002040374621416652,-0.00875621661494369,1.1102230246251565e-16,-0.008427336791910323
-0.042262843732117084,-0.014770452001938938,-0.004028179153867106,-0.03076315187205736,-0.025912075376175625,0.0,-0.019445253195811474,-0.030270105304933015,-0.016486855553759006,-0.015618758999846938,-0.028072195150020185,-0.011450547383681398,-0.018079449851824914,-0.013989935087056815,-0.034259743841465184,-0.04284966603552226,0.004725514231493477,-0.04614465755238062,-0.033071257462383374,-0.03547091249412909,-0.02827564277057898,-0.03792109869886984,-0.02547041408276013,-0.03183511184017623,-0.0126266495157627,-0.021992692448694173,-0.007228935594467356,-0.027391461214320623,-0.028746600784404164,-0.03962311525855294,-0.023134802447460634,-0.029101922910283906,-0.021001708532804753,-0.028742493437300398,-0.02891320114345386,-0.02365929156105684,-0.023693106362746408,0.0009138896637710947,0.004861940257480546,-0.007856783993454408,-0.03194347797420144,0.015367298828433906,-0.03719126736197864,-0.052261676200435814,-0.013782144103071048,-0.0069473069362058215,0.01163134660971421,-0.0019468744834704177,0.006954488162832673,0.003306752114384026,0.0006994639711147554,-0.009180582903915546,-0.02883855492518006,0.002845610285918676,-0.03937427096834428,0.03032175203040055,-0.01663228204245193,-0.0035391271956296544,-0.015992432558623593,0.009528899270042246,0.019540359036247124,0.0,-0.014454774093322909,0.010322231874675847,-0.003309268099599194,-0.01210179242434506,0.0008098899701092788,-0.011250925230688935,0.011234726348308077,0.00666061287638553,0.00857978607042359,-0.007053641108432651,-0.008915741029552282,0.0018315324666680066,-0.006399255410697635,-0.011900838645922618
-0.014476982930377247,-0.024573265890127483,-0.033794543957940626,-0.028953754660099917,-0.020834122770665098,-0.019445253195811474,0.0,-0.038106285853854394,-0.04010316657730911,-0.002116517721944544,-0.0490665834901845,-0.0018368420934280483,-0.02449397988042129,-0.027434015082429264,-0.04337344247755609,-0.06203517919131496,-0.012664185760227098,-0.03517838902698622,-0.05418957253708373,-0.04208516264774936,-0.04462420113369375,-0.04278312873723489,-0.04538418338193195,0.00490272122652613,-0.016936627194110154,-0.010110059032567786,-0.03322354030149893,-0.04191235741434485,-0.030500124936441053,-0.019238042343654116,-0.0318988046112354,-0.01745290629263896,-0.020891937873388278,-0.00962754569212021,0.006624979434027178,-0.024255776300949383,-0.018610978484908447,0.011133500676182295,-0.06662853573881544,0.033786497540547966,-0.047145211589582736,-0.02063110878756086,-0.01849883823595805,-0.10805778980713066,0.017598593554430386,0.0,-0.007815970871565603,-0.012351743262003945,0.0,-0.003954674395588276,-0.015622335169825252,-0.019019707726732393,-0.03783797727702687,-0.008148493440853222,-0.02936852916386956,0.033669587821939684,0.008923148658246283,-0.014879806575594623,0.01078262109418543,-0.0033248110819754095,-0.00038026569294957735,0.0,9.601209735810023e-06,-0.006570639318553284,-0.011654804411815933,0.014584724341615174,0.002301429096768448,-0.019119997987084136,0.023893980558772454,-0.012546656631672093,-0.009659537827495457,-0.01700256347999851,-0.011084330265731579,-0.011552997438354973,0.0002328559227703364,-0.022484161910705736
-0.015126231091825926,0.02621229484181342,-0.01525741591624652,0.0004904480107510989,-0.01099111061175162,-0.030270105304933015,-0.038106285853854394,0.0,-0.027542183619597482,-0.022809040912675438,0.011974366413673387,-0.008455667942958933,-0.02944274517165446,-0.02134422273883485,0.010525902209178484,0.01145272753893728,-0.009368693065051836,0.0035022521520641225,-0.015984877007975906,-0.009097385570059013,-0.013538136117861532,0.019519943627428593,-0.007360670057292629,-0.01646166168164237,0.004569048764484718,0.003275396397371566,-0.03660965948032924,-0.03991272290694192,-0.03979810635870845,-0.041937227225756935,-0.020230199374574875,-0.03931817766795065,0.04157087242423341,-0.0380286651439104,-0.052172032201914464,0.01739477724226607,0.0017957205833727397,0.03989451168842256,-0.0033994360195873097,-0.006465070964665198,-0.03240712521671385,-0.015850148760526372,0.022148382236755026,-0.015599999339020343,0.0,-0.017852984753032153,-0.008134041687260618,-0.01431802204499677,0.0,0.004781130231426622,0.006952599694660999,-0.004421844919190676,0.010975137207038077,-0.009237235071975936,-2.7788769222270027e-05,0.03227370122290302,0.00011667132246079293,0.0020685020911308527,0.005763123344968757,0.059582060724928054,-0.0013897997131999684,0.0,-0.00019169956921227804,-0.006044365554545905,-0.00640385615800243,-0.00659348848868796,-0.013390025561611785,-0.005695462203425261,-5.551115123125783e-17,-0.005424934540892823,-0.030017615088689054,-0.017451396529330865,-0.0066917842162533825,0.0015431075748322254,-0.005826091604236638,-0.0022725492471710185
-0.0007254266179984592,-0.012326263010527916,-0.037955713115241096,-0.038665127008934985,-0.028378814198042224,-0.016486855553759006,-0.04010316657730911,-0.027542183619597482,0.0,-0.02067532684045381,-0.03456614851029022,-0.019326200734466503,-0.044093996121282564,-0.02012196135247446,-0.040412940565761946,-0.02809770255074634,-0.018356925381276756,0.001089319852248083,-0.03240585447277905,-0.032545866319946826,-0.03702922520608193,-0.037540515196858026,-0.03718433065234383,-0.001727331370060592,0.006099086606834503,-0.014914616534981384,-0.0023291878216273876,-0.030450212195015425,-0.034902692213157116,0.005988271140288159,-0.03807615662372038,-0.02902539870513904,-0.0389289063133505,-0.03616425905134757,-0.025767263350979674,-0.031075515851081592,-0.030206854867310062,-0.011390406203026227,0.018965707342511018,0.0077475557260375805,-0.06857256342592666,-0.008998752801227305,-0.0007961919672465068,-0.07559867053648173,0.006496163094028784,-5.551115123125783e-17,0.0027948510123211867,-0.012091621870001124,7.297230854019787e-07,0.01706691291135165,-0.007678549739407625,-0.008159138318033388,-0.023106478434961608,-0.015585490350237374,-0.0051507840317182585,0.016618002709473445,-0.03940325930931027,-0.016707966219470682,0.0016487818158781309,-0.0017414119770757241,-0.0003251015239195132,0.0,0.0,0.00017460028670124306,0.002038919396644634,-0.0011710558317659103,0.012252741771658748,-0.010091813249866632,8.98093759738039e-06,-0.014441302529824895,-0.005002554547276494,-0.0148384237007404,-0.01091484515983332,-0.000296378609402681,0.006932095339746813,-0.004381692528667269
-4.6107930856353896e-05,-0.024034249022814647,-0.01934863483024768,-0.05356447328789671,0.001884548987915291,-0.015618758999846938,-0.002116517721944544,-0.022809040912675438,-0.02067532684045381,0.0,-0.011561684853907905,-0.03070992126260147,-0.017597160518519506,0.06116436471495196,-0.02165183574135704,-0.005087913716936954,-0.02707781960343303,-0.02836742806741782,-0.025519281886435152,0.015359775441528611,-0.0034793129243967935,0.007096759279255904,-0.028567008738829447,-0.021373765559857427,-0.02600715338324394,-0.018195492129180812,-0.014850793660930284,-0.015097412121918397,-0.01789901548515993,-0.036006205712775186,-0.0127689981157601,-0.03880256564941942,-0.009206120958179353,0.006685275502829102,0.018523459573754564,-0.036517764101135386,0.023281257793777932,0.0012927192406832488,-0.0678359542873318,-0.016732937288390204,-0.02648863181990274,-0.008957965553393454,-0.021705134074917365,-0.0030506997912905787,-0.012964239221724683,-0.01833658680628092,0.005508163517817188,7.972842241821265e-05,4.143468768091907e-06,0.0004135652983639493,-0.021867903646673903,-0.006352091115210234,-0.011941418950275062,-0.0029196770194734323,-0.020688593623678253,-0.012663917937783153,-0.03866236458499278,0.001471791471264583,0.0,0.0003551050156687663,0.00902707482101689,-0.0020706668701503395,-0.025406627672115767,-1.3619798970854191e-06,2.2128731698656257e-05,0.006968652582612811,0.0023123743855610335,-0.008898366095638988,-0.02945172162498283,-0.0057342915152883145,-0.014890843282341915,-0.011355003567041277,0.006976718549071448,0.0012384230444429933,-5.551115123125783e-17,-0.009091845893585304
-0.006534271689672355,0.005379956221336968,-0.021533210822499205,-0.021225082125835293,-0.02309768897797987,-0.028072195150020185,-0.0490665834901845,0.011974366413673387,-0.03456614851029022,-0.011561684853907905,0.0,-0.008292427405764635,-0.029634646323594138,-0.018203924037894337,0.0,-0.02200383066352246,-0.013729103804513199,-0.015586322946558873,-0.034044509482992286,-5.114916790194268e-05,-0.00023372405469312962,0.0029619575534567955,-0.027167955539523003,-0.0017624985320496833,-0.005174576084643778,-0.013250234769508429,-0.029133636769835602,-0.02717313167495533,-0.00012513235899824782,-0.0013147885477880483,-0.040339753118043,-0.0031338249239236116,-0.037876481726573374,-0.025798344379722116,-0.008411304764411598,0.02888459316584563,-0.01740752574446075,-0.007615039418035707,0.03433519175257005,-0.0030294832857108434,-0.03483862623121087,-0.011426165525184717,0.042851484965273634,-0.017106542200883368,0.0005571126613059807,0.0,1.1102230246251565e-16,-0.1698192475569003,1.4130197345529893e-07,0.042529694841625165,0.0019981632177123454,0.0024037236053687794,0.005798489947060004,-0.08801995980796018,-0.011436593366065395,-0.026382302137021973,-0.024612897129522082,0.02285808052724725,0.008377767405101821,5.551115123125783e-17,0.0,0.0,0.0,-0.05039281833416148,0.006101574789565245,0.0,-0.00010323898165565115,-0.0009933154937341593,5.551115123125783e-17,0.0,9.801494018274459e-05,-0.0002966398806946158,-0.00480281321716447,-0.030851859460636344,0.0,-0.00613379464133007
-0.050873854570385235,0.037007647261092125,-0.02047833690323647,-0.0164480560638105,-0.005974794270021511,-0.011450547383681398,-0.0018368420934280483,-0.008455667942958933,-0.019326200734466503,-0.03070992126260147,-0.008292427405764635,0.0,-0.007176023916523555,-0.004346818888722459,-0.023783313399867,0.036219221388685885,-0.008647862420740782,0.008538780625610143,-0.008369225525730106,0.0061082017268802025,-0.02871564108654101,0.017258255287903423,-0.027900436539956608,-0.019946572042831956,-0.005325667556029479,0.006205217826437515,-0.0019099867427966877,-0.0007473528512594307,-0.030756237148058085,-0.03953221153904812,-0.013287985932589064,-0.054771515670676896,-0.011627318343892357,-0.008467417263819887,-0.011583748009025119,-0.016495515040243602,-0.006843554747383351,-0.007297949414938637,0.0017945337217077917,0.0012297766555628975,-0.029228102306318615,-0.005437298530861445,-0.03402848672316022,-0.019892108364197414,0.013777470327221597,-0.017922118598161063,0.011784186562992016,-0.006755421411734852,-0.011155892298355341,-0.010803867895892327,-0.006394350462647358,0.013012561634585751,-0.0001233618407084358,-0.008125912825758697,-0.01655438443971069,-0.01157223258632839,-0.03261831083541733,0.011589360352875555,-8.927768704980465e-06,-1.1748298451463857e-05,0.0021183679149695545,-0.003316778071250026,0.0060784077247866275,-0.014999646696206459,0.003947299084492262,0.008466035803344762,-8.907108078742842e-05,-0.008216908882710039,-0.030145645760489947,-0.004860424049464462,-0.015222564519621729,-0.01929994531450996,0.03669979025476339,0.0024558504367416245,0.0,0.0027543863892404152
-0.02359094009655227,-0.02442431147512969,-0.025911204519265707,-0.0014065192695916773,-0.030513115982786554,-0.018079449851824914,-0.02449397988042129,-0.02944274517165446,-0.044093996121282564,-0.017597160518519506,-0.029634646323594138,-0.007176023916523555,0.0,-0.025263389390403623,-0.0344395410666411,-0.050991379701922634,-0.014771123691948773,-0.036998906582023317,-0.035079128054475106,-0.03904725883566129,-0.03701767990886401,-0.03969318021838547,-0.03793001026712767,-0.005120871825318785,-0.022023701639777682,-0.02231388446395799,-0.030416852536120476,-0.038945778407558584,-0.040542941609928496,-0.05569839676092819,-0.044613406497792774,-0.012314118368630667,-0.016809825605026196,-0.01579537131750286,-0.000565207976096882,-0.0295208420129231,0.00258074406837544,0.010212337100123925,-0.05659906025815287,-0.018616014139412274,-0.025778765317811703,0.018645715367851978,-0.013426912426242887,-0.05116064270610077,0.017835082818598635,-0.0029752602367195125,-0.0038895346584539303,-0.002420185995393842,0.0,-0.00676166852403659,-0.003253658537470505,-0.00885205654780108,-0.033146722695281794,-0.0033440502383206283,-0.012869566920861608,0.031262293670977714,-0.03258210004256029,-0.004172166526984489,0.0043832768777682385,0.0021031340229747397,-0.014357928595758906,-0.0007006798760228472,0.00939217308508039,0.0006474005033068053,-0.011762639835055433,-0.0121240839900561,-0.0035405921595578205,-0.014024313306037983,0.014053776485441316,-0.00405316277923129,-0.0006217726892701059,-0.011998155420927525,-0.00957221325686991,-0.005053881791540427,-0.0036750295009961853,-0.007158954987127264
-0.010707790962835473,-0.007510940602059313,-0.02722489738384709,-0.02267272086670946,0.00629645261868661,-0.013989935087056815,-0.027434015082429264,-0.02134422273883485,-0.02012196135247446,0.06116436471495196,-0.018203924037894337,-0.004346818888722459,-0.025263389390403623,0.0,-0.016438123158415807,-0.0005079769890241059,-1.8986882707017205e-05,9.950640987349546e-05,-0.03480630369914728,0.004300232364201129,-0.015296272327596616,-0.005202868236867053,-0.022249297313982452,0.0026980930672145242,-0.02353143902469479,-0.015859049432788597,-0.013547994044821099,-0.015538765940211419,0.0295729105997401,-0.008475898120848702,-0.03776427893236278,0.032347177568785135,0.010915766684919337,-8.310691218127442e-05,0.03370163698637241,-0.011883998903206489,-0.024437604457351075,0.049475586145304284,0.06521093627582936,0.0,0.003040062550524192,0.0002676271121478946,0.03586237131554193,-4.067375551364272e-07,0.0,0.0,0.0,0.012781542850605787,0.0,0.06529513142021054,0.015987201771276716,2.5350766682530335e-06,0.014695271821324074,0.009226587294037802,0.0,0.04897595696727303,-0.00021780886170780223,-0.00932917828453006,-0.008257585506039944,1.1102230246251565e-16,0.0,0.0,0.0,0.011505225311819134,0.0,-1.1102230246251565e-16,0.0,0.019784202018391928,0.0,0.0,5.551115123125783e-17,-0.002740400703922119,0.003835276862950987,1.1102230246251565e-16,0.0,5.551115123125783e-17
-0.020828787462889464,-0.02102344708993048,-0.0034714086759893292,-0.013185298300925685,-0.010945405940481046,-0.034259743841465184,-0.04337344247755609,0.010525902209178484,-0.040412940565761946,-0.02165183574135704,0.0,-0.023783313399867,-0.0344395410666411,-0.016438123158415807,0.0,-0.03203028976034533,-0.014010448332739456,-0.034619373134274045,-1.1102230246251565e-16,-0.031771051156951335,-0.0036567599745859214,-0.019261521826541117,-0.02230661785900595,-0.046499394947506933,-0.015096795319248846,-0.03273507320411667,-0.07286723349183366,-0.03306345624053281,-0.03781473777050115,-0.030825935189247256,-0.05087814457249801,-0.04727557252423886,-0.03193501801081794,-0.04968003935634263,-0.04925591900885057,-0.05809403508657024,-0.0281226675723108,0.00010603465658082234,0.002300920899494463,0.014992305711240828,0.003100548654381141,-0.00934790555239906,-0.05112618954213349,-0.003918156683513974,0.0,0.003313453665186039,0.007703629979830595,-0.007134243908508198,0.0,0.0,0.015620936410447983,0.022646944418747317,0.0027651601781000235,0.003472054534043034,-5.551115123125783e-17,0.0,-0.0038994029229286187,0.007760831626955844,-2.316300725668796e-06,0.024075148491290554,0.011318319573412616,8.096568655846514e-05,-0.0031954546798544925,0.0,0.015252155322462824,-0.0028126899100627822,0.007040732348164436,0.012754607197935808,-3.1288342997981555e-05,-0.008453154988621647,-0.0023941850750655025,0.01632805222600664,0.011359064974591992,0.026294304031464044,0.01753179740853511,0.00883900194667575
-0.003924585971792793,-0.006017069182674195,-0.012321800157315821,0.000377997479776071,-0.015493643916719424,-0.04284966603552226,-0.06203517919131496,0.01145272753893728,-0.02809770255074634,-0.005087913716936954,-0.02200383066352246,0.036219221388685885,-0.050991379701922634,-0.0005079769890241059,-0.03203028976034533,0.0,0.009184498388566442,0.0037918647022535668,-0.00015078111715760567,-0.054027285754255916,-0.011390757990676681,-0.03417557504836838,-0.02017178338769049,-0.003187383770731911,0.025399619777194793,-0.006118335493096094,-0.03553868706520408,-0.04548404010602264,-0.04518425761384587,-0.037054021690881234,-0.010738703505125013,-0.021658606988583684,-0.014925058463368002,-0.011463990468642937,-0.021051868038643506,-0.0034172037744432116,0.0038131136083822126,0.014699493295539212,0.001799619650436235,0.026403197283426494,0.019925584740797864,0.013574711682694529,0.026290615021540842,0.0,0.0,0.009638803019766995,0.025668519756904096,0.0,0.0,0.0,0.013649985835023637,-0.0013080673806609155,0.011895427008268067,0.0,-0.010831400710031802,0.0,0.002235355301344666,0.009051067479530883,0.0,0.005627053936384241,0.030436521583726783,-0.013007108480111051,0.03145284241819124,0.0,0.006239685305958087,0.007327216545813087,0.0173619103127019,-0.008939250176631441,-0.005747306116479833,0.03456559138373411,0.022552800683571406,0.0036692732667184536,-0.0035588887378258383,0.011191663465890844,-1.1102230246251565e-16,0.022365164489649536
0.006631880264782786,-0.002583041107159234,0.005511506634769181,-0.004557255796954374,-0.005064006368891316,0.004725514231493477,-0.012664185760227098,-0.009368693065051836,-0.018356925381276756,-0.02707781960343303,-0.013729103804513199,-0.008647862420740782,-0.014771123691948773,-1.8986882707017205e-05,-0.014010448332739456,0.009184498388566442,0.0,-0.028680776008811804,-0.019117455339495604,-0.02487736076997965,-0.026038466224986567,-0.028837669707596658,-0.020514794011669946,0.001432642297967579,0.007391728590009972,0.025145398603390212,0.008404682443888034,-0.011841482865050657,-0.011655358335803168,-0.00698325442509562,-0.008847750026238332,0.005100556862574879,-0.0033529285867947567,0.0026441290660255135,-0.003580512590941387,-0.015697952480254185,8.375153263795454e-06,0.00857482693159728,0.010221703974246932,0.010808714421257026,0.025094038502381177,0.0019975788476367384,-5.551115123125783e-17,0.0,0.004113325622201014,0.008795401682895332,0.016028771015091092,0.0,0.0,0.0,0.0,0.0,0.0,0.0,0.012070702007210055,0.0,-0.010388376203289085,0.021123156347013228,0.0,-3.373912674198287e-05,0.011829105768248749,0.016694344463112798,0.009103183038772111,0.0,1.1102230246251565e-16,0.0,0.01609576532701712,0.0,-0.008855275605934187,0.019990460516399466,0.01962460314598824,0.0,0.029209473023000976,1.8201920543525762e-05,0.0,0.012279464690977737
-0.0021562408193402938,-0.018783051218723867,0.009223744655434907,-6.9169433160043425e-06,0.009901645521055824,-0.04614465755238062,-0.03517838902698622,0.0035022521520641225,0.001089319852248083,-0.02836742806741782,-0.015586322946558873,0.008538780625610143,-0.036998906582023317,9.950640987349546e-05,-0.034619373134274045,0.0037918647022535668,-0.028680776008811804,0.0,-0.02711067264993955,-0.04163398358498377,-0.01711480531809445,-0.02617209895734035,-0.024803104614481652,-0.008052044589180851,0.0068534632852533806,0.005445672133771784,-0.028800935369995007,-0.042732459644798604,-0.05838010210917882,-0.023890739051260823,-0.013407462550012128,-0.00804827867498692,-0.023643106627985577,-0.012581417943121342,-0.01919855359854089,-0.014591560876142828,1.3958323603568967e-05,-0.02347093076400414,0.007435417739983241,0.023102720349849948,0.008666946736924308,0.01434036650550724,0.0,0.0,0.017596667124601506,-0.002858838798662555,0.024586237245964704,0.0,0.0,0.0,0.007333786466304726,0.004169824909815101,-0.0003911195442452553,0.0,0.0042115411379691214,0.0,-0.002214020526791538,0.0013380156364021234,0.0,-0.0397721383545977,0.0297139499184349,0.005902562039750203,0.023269132443162477,0.0,-0.0018235263904315957,-0.01017590467069912,-0.03189970064212366,-0.008369959535232396,-0.004963342639000279,0.019515466302843676,0.018789246378250746,-0.0014559362309658486,0.0034120637905834528,-0.00985498794068973,0.0,0.005259131212856649
0.0,-0.02243214765525986,-0.03018321040585259,-0.04857708870025962,-0.04102845208770661,-0.033071257462383374,-0.05418957253708373,-0.015984877007975906,-0.03240585447277905,-0.025519281886435152,-0.034044509482992286,-0.008369225525730106,-0.035079128054475106,-0.03480630369914728,-1.1102230246251565e-16,-0.00015078111715760567,-0.019117455339495604,-0.02711067264993955,0.0,0.0003414453804458373,-0.011728841110422106,-0.016634879298697836,-0.017571468332762574,-0.007395371758736169,-0.014448873904597648,-0.02223186847561709,-0.055632540268906294,-0.035996850966703076,0.010558761021574603,-0.005342346694317102,-0.046739078734251926,-0.02770289641119278,0.01151247587680776,-0.037464297346387954,-0.02766740623590136,-0.019909944446207306,-0.024465329741170716,-0.00930198914780106,0.015589420728918002,-2.396810469218469e-05,0.0004012418742855295,-0.020218217102125624,0.021156230074807714,-0.04648052617996107,-0.0005238562911457079,0.0,0.0,0.03826133844819807,-5.551115123125783e-17,0.016190064083287603,-0.016132993529705653,-0.01025866360186678,-0.025609309171841788,-0.009156086936008223,-0.00010121308443894472,0.08154035037080604,-0.0165454912721556,-0.014479683766327911,0.017922139009707128,2.220446049250313e-16,0.0,0.0,0.0,0.018858221347041848,1.5668326849904712e-05,0.0,0.0001058390652909913,-0.016971290073876544,0.0,0.0,-5.551115123125783e-17,-0.013867434509981513,-0.01895092921015229,0.0161563021845198,5.401746957955922e-05,-0.041486747552495595
-0.035063185655528684,-0.020364115427022433,-0.007826041376828963,-0.009465547727758705,-0.050327497246116404,-0.03547091249412909,-0.04208516264774936,-0.009097385570059013,-0.032545866319946826,0.015359775441528611,-5.114916790194268e-05,0.0061082017268802025,-0.03904725883566129,0.004300232364201129,-0.031771051156951335,-0.054027285754255916,-0.02487736076997965,-0.04163398358498377,0.0003414453804458373,0.0,-0.026284386199274756,-0.04439255758454064,-0.0732344429203306,-0.016167928382728236,-0.01602220366064394,-0.03629851935643991,-0.03245614767374011,-0.0343479187219356,-0.02650709808737084,-0.06575945220264023,-0.046813816541948605,-0.06535728056629558,-0.05572767672662532,-0.06527641941696194,-0.06647142298653858,-0.06189646026267809,-0.024100206195122653,0.029726673351814947,-0.017219398038313627,0.018109628703524616,-0.009494606814220208,-0.004991246422393181,-0.07176816063382413,-0.025975679670427354,-0.0001292646373091677,-0.010884235791300767,0.006412595579551539,-0.007029440151984978,0.0,0.0,0.01160692348602449,-0.02319212025143169,0.025342004799777607,-0.028672362787584393,0.00042155842150071177,1.1102230246251565e-16,-0.00961975727898523,0.0034399816072901435,-1.1102230246251565e-16,0.006467949336994128,0.02204274971942266,-4.804612720288315e-06,0.03741157415079943,0.0,-0.0017121343282289758,-0.0074725293653675195,0.0017841825531918487,0.001936004684284176,0.0,-0.011206074500059948,0.0034489381476173753,0.0024437452331333986,-0.0008995997518266297,0.017064716107161038,-0.0007781738920129566,-0.004047679457754805
-0.019801605543897316,0.015382546769621253,-0.016251146638024794,0.000253156893222084,-0.04030080877417558,-0.02827564277057898,-0.04462420113369375,-0.013538136117861532,-0.03702922520608193,-0.0034793129243967935,-0.00023372405469312962,-0.02871564108654101,-0.03701767990886401,-0.015296272327596616,-0.0036567599745859214,-0.011390757990676681,-0.026038466224986567,-0.01711480531809445,-0.011728841110422106,-0.026284386199274756,0.0,-0.007554246077458249,-0.017307310848236,-0.027219965365433696,-0.009843343778449698,-0.008351224131776747,-0.033350756900029255,-0.03493981178750888,-0.021107478489897913,-0.02436528287702322,-0.03699810212645788,-0.027575572039469642,0.0016136660771715605,-0.02064440557151792,-0.02484254194033192,-0.026891228857367055,-0.010410143374184389,-0.025061609002174634,0.004500955211165114,0.038478061525566265,0.013557539395317175,0.004440346757217828,-0.06218840607099885,0.0,0.0,-0.015618679519231016,0.020883813165995246,-0.01394858751408018,0.0,0.0,0.007896397564132407,-0.010693889071412721,0.017332529015323894,0.010956756533595569,-0.0071042654758123325,0.0,0.0029252046172838497,0.0027368051916631386,5.551115123125783e-17,0.021905654581524936,0.02367083350381427,0.0,-0.004529952550579364,0.0,0.006225041636603035,0.031339123803172775,0.011931272758156253,-0.006498731555811821,0.0023113806863153674,0.016751225905189238,0.011704692362229485,-0.021981171623088935,0.0016970045683701307,0.019101737205856395,0.01746323411084799,0.010527448850060794
0.011165920624954306,-0.008859504928066808,-0.015062399005373206,-0.02789191463580315,-0.04969314912935674,-0.03792109869886984,-0.04278312873723489,0.019519943627428593,-0.037540515196858026,0.007096759279255904,0.0029619575534567955,0.017258255287903423,-0.03969318021838547,-0.005202868236867053,-0.019261521826541117,-0.03417557504836838,-0.028837669707596658,-0.02617209895734035,-0.016634879298697836,-0.04439255758454064,-0.007554246077458249,0.0,-0.04155700884208996,0.0026571129393066495,0.015842320560121248,-0.015908202115520742,-0.049588131011173486,-0.024994606281886933,-0.03340820824153479,-0.05179360757867757,-0.032842271245773325,-0.045762184245362825,-0.028670067324103543,-0.047579175883860736,-0.0439908484445945,-0.05777374822695269,-0.017569284658109197,0.009815774908941977,0.002455521929118465,0.02032369903460135,0.010549384686619645,0.004232679828388042,-0.07659586655516976,-0.01405884680306485,3.512171569231004e-05,0.026869560411009075,0.025061985531249498,-0.005699746034786901,1.2737053710076829e-06,-4.626349045572242e-05,0.01970469379445805,0.019769716278945082,-0.003113042664941834,0.0030093413297266336,-0.006311341286146743,0.0,-0.006395408562998084,0.011879421658769262,0.0,0.008901826909327226,0.02734847626729553,0.013346607478847639,0.03288251346520843,0.0,0.0006239755505941247,0.0066122438215186485,0.008975011712197778,7.042085853259383e-05,-0.017139187916273946,0.03406483180343717,0.01720655939437271,0.003595716416827266,0.016400670237142423,0.017004469666205113,0.008034384829568086,0.018167410520464167
-0.040494294167709666,-0.015909531237491448,-0.044249562381312446,-0.03358172827819206,-0.025327789521041477,-0.02547041408276013,-0.04538418338193195,-0.007360670057292629,-0.03718433065234383,-0.028567008738829447,-0.027167955539523003,-0.027900436539956608,-0.03793001026712767,-0.022249297313982452,-0.02230661785900595,-0.02017178338769049,-0.020514794011669946,-0.024803104614481652,-0.017571468332762574,-0.0732344429203306,-0.017307310848236,-0.04155700884208996,0.0,-0.05125945630773959,-0.01930431265875232,-0.03863444528017079,-0.03414532922598923,-0.047933450456616844,-0.05547076738785561,-0.05426725158370588,-0.0503135036969688,-0.04663755684202303,-0.06483092412281699,-0.05348705751295035,-0.06118550833605546,-0.02939484886245619,-0.04456148143537114,-0.014037629005820063,0.003451144678748186,0.02050105870921931,-0.02440935780947906,-0.050062937990155876,0.0021725585212971077,-0.022538209380355334,-0.008552690275309471,-0.010048649101898899,0.0008100557557101373,-0.013582716369915926,0.007159774106330563,0.00371994109835605,-0.001522096786947813,-0.006768986150624157,-0.0014589053408496921,-0.0022137640841575212,-0.0022854064719131095,0.04242290328481757,0.012999257625113725,-0.009250447687442653,0.0014434686417368892,0.01095169296512849,-0.012899434106072083,1.1687751801492396e-05,0.005105789446228415,0.032258551978979755,-0.007123879542804357,-0.013428635857845705,-0.010883660745792056,-0.007173483603564179,4.504226840479353e-05,-0.00017490845707357483,-0.011692565996371307,-0.011140571118951947,-0.012854696523200482,-0.005107194546561444,-0.0007163998735918442,-0.013357962282092517
-0.049455382381288326,-0.01858488938820929,-0.009087690384533886,0.006718785412233641,0.0016129435340492826,-0.03183511184017623,0.00490272122652613,-0.01646166168164237,-0.001727331370060592,-0.021373765559857427,-0.0017624985320496833,-0.019946572042831956,-0.005120871825318785,0.0026980930672145242,-0.046499394947506933,-0.003187383770731911,0.001432642297967579,-0.008052044589180851,-0.007395371758736169,-0.016167928382728236,-0.027219965365433696,0.0026571129393066495,-0.05125945630773959,0.0,-0.01642170161387413,-0.015385397917474675,-0.03546918431112045,-0.013201549497492249,-0.007362367524531899,-0.009469689416184979,0.0026070965727842954,-0.06736780292229666,-0.0066951318175652585,-0.000531606180877775,-0.018686678894063335,-0.017588210209393107,0.017817875928524074,0.008966101901150214,-0.07425529860238428,0.019476999454404842,-0.03166195616830764,-0.017174371742276373,-0.0009287938079159952,-0.005298954957958013,0.028667617552346536,-0.019291419676015553,0.007558004103787541,0.0,-5.551115123125783e-17,-4.6164478393784236e-05,-0.004272099599789969,-3.9558438740705526e-05,-1.6653345369377348e-16,8.223806327117833e-05,-0.010087102365789358,6.049886484460476e-05,-0.04582428009364731,-0.011579742481886257,0.0,-0.00020562719608063773,0.025645149199496287,-0.0010468449278519532,0.014513738373711671,5.62572248535842e-06,-3.0993488213670872e-06,-0.015148555670557728,0.009292284761422409,-0.0001360430836795934,-0.04702115591496908,0.012480943981002302,0.004812013133958515,-0.0032954188773657855,0.06709755762974717,0.004668463390322342,0.0,0.009756160462852548
0.006485855020390452,0.012354193291305826,0.034114596934187225,0.00044764706922878483,0.03472329479136421,-0.0126266495157627,-0.016936627194110154,0.004569048764484718,0.006099086606834503,-0.02600715338324394,-0.005174576084643778,-0.005325667556029479,-0.022023701639777682,-0.02353143902469479,-0.015096795319248846,0.025399619777194793,0.007391728590009972,0.0068534632852533806,-0.014448873904597648,-0.01602220366064394,-0.009843343778449698,0.015842320560121248,-0.01930431265875232,-0.01642170161387413,0.0,0.005219676648082927,-0.017258065207363005,-0.021651630392363896,-0.034666216197773214,-0.013112884822855497,-0.011040970325554955,-0.005006997023526305,-0.011473885124659133,-0.004419534785171764,-0.02134160388220946,0.001645747037647971,0.0023789162569085587,-0.009952836815257549,0.02796272671676925,0.034875336497304954,0.022109891143229643,0.005512186991736057,0.0014096457390198047,-5.551115123125783e-17,-0.016889033064808212,0.013114778631037105,0.056869392211394476,5.551115123125783e-17,0.0,2.220446049250313e-16,0.0167160565519911,0.016799141648200844,-0.01043724422529324,0.0004412424546784699,0.014252899133052166,-0.0002308061958912755,4.536174973979179e-06,0.0033473180974346595,0.0,-0.0061385031426196,0.05050325925866472,0.017414877497143155,0.029933233165224227,0.0,0.000738854583751225,0.026626337212422135,-0.003425016448393381,0.012139633249731607,-0.011161974364461758,0.030446264006615376,0.02722237230443675,0.014289024091809488,0.007710714891335624,0.010407179443289227,0.0,0.018391156124110852
-0.017348722894641122,0.0013110962763749345,0.007243861319543132,-0.013358581421499816,0.010774143937860414,-0.021992692448694173,-0.010110059032567786,0.003275396397371566,-0.014914616534981384,-0.018195492129180812,-0.013250234769508429,0.006205217826437515,-0.02231388446395799,-0.015859049432788597,-0.03273507320411667,-0.006118335493096094,0.025145398603390212,0.005445672133771784,-0.02223186847561709,-0.03629851935643991,-0.008351224131776747,-0.015908202115520742,-0.03863444528017079,-0.015385397917474675,0.005219676648082927,0.0,-0.045663107286376625,-0.0229882193948307,-0.03279181509762513,-0.024333597964658893,-0.02159084949374057,-0.023067468538080227,-0.006344394935916042,-0.01906752090321373,-0.025392973219250436,-0.03571709327847611,0.007514523862981792,0.009007014777977107,0.0035762739941942456,0.03142203117468895,0.013809123073533824,-0.029319735805014346,-0.037672382209511246,-5.115769962205086e-06,-0.0033011447982603803,0.0021335969547083833,0.02929253744870869,0.001140447584737303,0.0,0.0044521324864676415,0.006717055846855335,0.0027549221067382224,0.013455622844202542,0.008956542250991517,0.00963536741365073,0.0,-0.0020024914480401,0.004434205018309378,0.0,-0.0020497759502865476,0.03353235003177829,0.014170601497079105,0.022205411274369424,0.0,0.0015076036643557056,-0.007863680292071407,0.005738827568168903,-0.010490678844507328,-0.023306055578339258,0.022038513108987523,0.013456100698110596,-0.012474277467061756,0.008582623364208841,-0.001548868786586055,-0.00033766153067660287,0.01610421586258748
