0.0,0.6672456955318735,0.2966598400115682,0.0,0.39862965223796415,0.24830396253673603,0.43989201346999984,0.5066870030438296,0.49344753450045875,0.5634481132417105,0.4204388964639688,0.19698127698823853,0.5206502836655593,0.47088360071602436,0.35249358751398907,0.7113412402468022,0.47104230872879294,0.5850340793753821,0.0,0.3611344583724192,0.3341785875418647,0.7093955162117636,0.3084111081186307,0.27809196763955135,0.5635281618100442,0.5560314096340699,0.38000639417502213,0.36979033445476617,0.28581406821046057,0.2664194756025447,0.3969778963616965,0.47975275715473054,0.5865918089199043,0.36862126031578696,0.35746594590559594,0.6403758710963395,0.4948987574417814,0.5228999595273931,0.8780580944279892,1.199487486516664,1.1864035405978992,0.5264590848023873,0.46863784563425837,0.0,0.33352284061321125,0.7535371228449809,1.0925380268100215,0.0,0.0,0.0,0.9319439654140955,0.0,0.5532653938162094,0.0,0.374866495042891,0.0,0.5029466128900385,0.6679029474142293,0.0,0.7251433031483934,1.0149701223492782,0.48898034755337816,0.7194100129387089,0.0,0.4889943795859837,0.8183320360537663,0.9568072922767223,0.6246068588771718,0.372819381350545,0.8337571090167484,1.019920221881942,0.47326657253504495,0.4372210184531916,0.9857129157642206,0.0,0.899889059571412
0.6672456955318735,0.0,0.5366419432007292,0.4208547187155863,0.36287983712910776,0.44019165782507563,0.39458850657095484,0.8445152757038279,0.39004030881972296,0.31885222553151304,0.4751354507243799,0.7232991434891343,0.419315287039191,0.2876270712606518,0.4471063733436588,0.6218585108491764,0.5891364018867167,0.5034025555348821,0.42397597572244794,0.41774935047388506,0.7391360789008334,0.5927003506255679,0.5741587113046869,0.35167949089170714,0.6311416927237897,0.5362059956307341,0.3972410393440442,0.3905226267407564,0.29414734817092414,0.23941154537101986,0.4487081880940832,0.42753030955291577,0.4216858718530012,0.39196726727318204,0.3747931586578788,0.8919309627054225,0.056621844232131,0.0,0.7419142507639573,0.8958863141972591,0.7387092860749642,0.8522842865517277,0.030428839569596744,0.0,0.0,0.8442083629925416,0.9048624106365923,0.04656282540393383,0.0,0.0,0.8298133776907215,0.7078608899944454,0.7121185752025099,0.642667209750084,0.8125885168902912,0.0,0.6063429982009312,0.7987156784556579,0.0,0.689835296517125,0.8678555434476303,0.7610780498801445,0.8779444854125378,0.0,0.8038929560882493,0.839828615948945,0.8759576408580823,0.7292189762965362,0.4375895758503298,0.9029218326990154,0.8693717694877598,0.7695447363944337,0.9447637687037118,0.8696261895885676,0.0,0.9233260038253702
0.2966598400115682,0.5366419432007292,0.0,0.4114231109228812,0.4541223586338985,0.576010654969687,0.41073124039275744,0.6209812288875185,0.1568099672629398,0.43805081493634623,0.478900302847006,0.4393968592831493,0.4889514666636243,0.48833642208840367,0.4625467623010684,0.4102899669602271,0.7228737475080387,0.6444177422491082,0.3451007435425206,0.405704374503966,0.4513103744273297,0.5170507346198774,0.28315388675976805,0.45134455551680686,0.7498012786504389,0.6463020641113943,0.20533780027526305,0.4787846860856998,0.5492974814300481,0.6518222643974972,0.45268162009787066,0.43648872583995946,0.5059154102489849,0.40858257746919263,0.3992373906860971,0.5303649013331652,0.36962206999157887,0.4003219203991152,0.7689764108779487,0.4969024364845414,0.568666541030638,0.06902287265567042,0.7031036223225773,0.4849612482440745,0.0,0.0,0.4118318515715229,0.8541535586459426,0.48121862258818293,0.6166354009579897,0.5796353561041446,0.5786266718745952,0.578339820527288,0.7372398375597149,0.43044244213874133,0.9478123869412332,0.7419673396234017,0.66136016480287,0.6502189149095903,0.35866134499945834,0.0,0.0,0.0,0.8303400255636548,0.8341592016659282,0.5199899448715688,0.2507218983172168,0.6294824144119655,0.0,0.5558209145843725,0.5957871313055428,0.6640272791057391,0.5930808677707071,0.6575207938975687,0.47223325138561445,0.44717136333685514
0.0,0.4208547187155863,0.4114231109228812,0.0,0.3189861048948499,0.323420724630455,0.23261285111017607,0.5706228322724659,0.377210276966126,0.16379356572807385,0.39236989426617297,0.2952867424616735,0.45823267725325945,0.31056115523577554,0.5201775400593769,0.29319135656105133,0.44741897992133983,0.4680918286514678,0.3041565782663754,0.5267754275898303,0.45110684955658203,0.3510180622801108,0.3200457208282136,0.4163591635352082,0.8095135176736852,0.43534449451699897,0.3211506843475857,0.13974131136646814,0.14052844630459274,0.46417911318116895,0.4160589219041186,0.09654702605116702,0.20750239227038045,0.24008083953700404,0.18033692536898685,0.21903630638314744,0.056644923539790865,0.2872638286723547,0.09811886907792633,0.39317061160218336,0.08858113848104696,0.004379108895707057,-0.017366010983153157,0.15998469909274815,0.0,0.0,0.0,0.4322515153249227,0.0,0.0,0.6661630111060592,0.0,0.4660125590263938,0.34077273759315174,0.0,0.05463793652701582,0.2665792432379209,0.4561384200003983,0.0,0.0,0.0,0.0,0.0,0.0,0.0,0.0,0.48171216702584585,0.5254136616277847,0.0,0.0,0.0,0.027436377753683128,0.06804166349389712,0.6467564181490963,0.0,0.0
0.39862965223796415,0.36287983712910776,0.4541223586338985,0.3189861048948499,0.0,0.32807052076742993,0.35218337084953755,0.5526923007604814,0.2606251211871532,0.655234636306829,0.3037515007787496,0.464901007215924,0.3925725966403423,0.47309749526387507,0.47010208588996,0.5570879881947552,0.5996332823354356,0.595565973220154,0.2940885769696196,0.24368270303159945,0.337319519076305,0.23928849368353916,0.37101176891311577,0.5523576649912992,0.8045967245872636,0.6645777309172567,0.46038964264719084,0.13967008655943708,0.21415081222663046,0.3129751488562782,0.39598777268552243,0.37153513064337645,0.5093046403343029,0.4665927983474022,0.5989248842152465,0.36264036705099567,0.3065479417201863,0.5525337570080916,0.5071102750538697,0.4544201578502,0.18499538091440454,0.5256754584704316,0.6904321418385021,0.58365582745791,0.3811326107484697,0.0,0.26533540737835604,0.6090448543946463,0.0,0.7204572076868085,0.633300928567476,0.671652687952107,0.44861135220016257,0.5814865784712276,0.0,0.748676335643133,0.4485047722174612,0.7163505667711765,0.45330403036505607,0.4311853528864048,0.46043606742237775,0.0,0.0,0.7073534652110187,0.5633104271618374,0.49402429061317343,0.8322960140561597,0.5948861590434695,0.0,0.49786647156861696,0.6928666609411054,0.5704498370511271,0.6398388032576069,0.46278389559867134,0.0,0.5705665974169353
0.24830396253673603,0.44019165782507563,0.576010654969687,0.323420724630455,0.32807052076742993,0.0,0.43341336089128224,0.4044616970523248,0.37058509901738157,0.527301304556325,0.3374659787837239,0.6129146520817402,0.4494673262879717,0.45534030826837346,0.4052951299601482,0.3320345336122952,0.550134483102489,0.2918639127874392,0.38732068672361,0.2708930324027047,0.4176075280253906,0.23870900076254586,0.4065089656045645,0.20602829936886036,0.49676119459381196,0.5209443931781743,0.5497427044367806,0.43658402117278067,0.2827986625124784,0.3596990677205651,0.47943561085508357,0.31619422510143597,0.5150526482030184,0.40199163850737857,0.3727501430619057,0.45561850121350067,0.39835967643818193,0.5714744982730713,0.6484478908204478,0.33707655051450114,0.3763128710084624,0.6553651901135256,0.40442455372779784,0.2518869556418912,0.19662742759948038,0.5705786440769637,0.7116989027314593,0.6378910645095626,0.8044591193251873,0.5209103259630763,0.6313443073611517,0.5976001439154075,0.5124562090851711,0.6819114248483892,0.429459630354211,0.7832214541933052,0.2641637033501709,0.6312311278982135,0.570476864663672,0.6733264522540281,0.7866185517164921,0.0,0.45493531699569373,0.6329537768727782,0.5856030226524879,0.37759318205017034,0.6651721926041051,0.5546653562343548,1.4759113992741137,0.6102180903191634,0.6800054563509417,0.5809773684431822,0.5305014490656802,0.6323024316955965,0.49010825946332104,0.505743261884517
0.43989201346999984,0.39458850657095484,0.41073124039275744,0.23261285111017607,0.35218337084953755,0.43341336089128224,0.0,0.3092127673496791,0.31463431006267206,0.568366979603921,0.3012990898725812,0.4512040572594055,0.4441762615632517,0.293164734480938,0.24950132708503725,0.2252274932903367,0.5429459948418153,0.36947097817080876,0.2920717043700163,0.26673469804317584,0.23124290978579154,0.28847787455075347,0.2906253860661938,0.5937299336189652,0.49888604364322364,0.6036027893386552,0.3016586676001589,0.16071880893726137,0.3752058620635517,0.39777024489851487,0.3068238766269614,0.42021081380456615,0.3770131733730838,0.4000875011870262,0.45206481434246676,0.3804563817170459,0.31586817849864235,0.7113587813245964,0.21390531261844103,0.7765814250828452,0.20595941561827655,0.4115567203652992,0.433883578772266,0.019189007168409933,0.7575102700492576,0.0,0.5141089815867026,0.4594508538971118,0.0,0.5572386037475185,0.539114420364681,0.5473929965191819,0.3508996964445501,0.6500085323506374,0.23155457283902395,0.697214458677927,0.6024763661432972,0.4968663370822427,0.5299337509022857,0.41586541213711714,0.5732566504149612,0.0,0.5132748855330656,0.6183193314461961,0.5823604317944394,0.6867885209351615,0.7072409690828577,0.5048799596669995,1.4421016053998756,0.5086249294080403,0.5290229013114531,0.48745938685051515,0.51532595562657,0.4747270560468462,0.7502399011048457,0.41820624215447094
0.5066870030438296,0.8445152757038279,0.6209812288875185,0.5706228322724659,0.5526923007604814,0.4044616970523248,0.3092127673496791,0.0,0.5097543488822716,0.4055036706847905,0.6448730632971831,0.560316865651079,0.42585295046291105,0.6146862666126379,0.6309147891745166,0.7894075756028827,0.33197778744692774,0.659616416293797,0.5446055597755807,0.4792021880004388,0.4739708331499985,0.7343876950597963,0.5615537998850622,0.36725133766265217,0.6532254955324086,0.6513702714994045,0.3677384449954181,0.3129040324400603,0.2517321918140546,0.2534697720295103,0.4744522451022207,0.2930574955008203,0.7730205703011559,0.30107457325859627,0.09842331229627946,0.6324421098394022,0.4476214638851904,0.7693448113477142,0.6047802969476211,0.4816077271678184,0.20738943741113608,0.42613652440135164,0.6426484284362293,0.3668730846576834,0.0,0.519432451073811,0.3854264129029764,0.6140364822112085,0.0,0.6065064488651113,0.706128245297066,0.6064533841343287,0.628571413116624,0.5613501857475142,0.6335536276735436,0.6890969976726853,0.9753300042012181,0.6071069926609203,0.5814574537300862,0.963094282134307,0.5107385950141445,0.0,0.5618481765420481,0.6723891224811385,0.6805372721647136,0.588492303062752,0.438496329315937,0.6289531961159607,0.0,0.49858707021387366,0.2524622108765092,0.5252284255189155,0.5451540863619427,0.6828354516121273,0.5052451638450031,0.4724459889994354
0.49344753450045875,0.39004030881972296,0.1568099672629398,0.377210276966126,0.2606251211871532,0.37058509901738157,0.31463431006267206,0.5097543488822716,0.0,0.5246910477800689,0.2261694056607456,0.4613606982855029,0.3443499775578327,0.472288058910304,0.41764988159520366,0.43924397824824646,0.44685193473729423,0.6023574097054806,0.2073786254968672,0.3595618458087395,0.26904140747050603,0.2957673290125472,0.35938221348538785,0.6299156613317113,0.5858841644889639,0.5497409177727037,0.507956255282829,0.47647359403506623,0.3120776094751021,0.676026193305185,0.4419910888597992,0.4813122808145235,0.38310706736767364,0.4388811448406932,0.4524845972889153,0.4393960786903765,0.4164628624114881,0.581063597558599,0.7069674578553675,0.5841239075444238,0.14027526092679948,0.3448788496841456,0.5576610694865296,0.15994605620477945,0.5602513853901968,0.0,0.554111409795818,0.6156948320531672,0.4786103078459426,0.7875124835132878,0.6283481087437872,0.6728004470530933,0.5375098272209492,0.5458623589897535,0.3562227911729765,0.7207800312776838,0.07858749380047952,0.5309756894736344,0.6213854843709249,0.54827228413395,0.6521058862058341,0.0,0.0,0.6241313630922913,0.7073615151779543,0.6601346062204825,0.8206323023885068,0.6097766519041642,0.43488695330055493,0.41527384183077753,0.3456687468781354,0.540578616123871,0.5051700924497122,0.6366125589998155,0.6461098073489712,0.6724540555244654
0.5634481132417105,0.31885222553151304,0.43805081493634623,0.16379356572807385,0.655234636306829,0.527301304556325,0.568366979603921,0.4055036706847905,0.5246910477800689,0.0,0.5575285672742771,0.2856787916543162,0.4663405084162639,0.8389162635997978,0.4010975743040419,0.46453428077612724,0.4465817497527155,0.3198976403402721,0.43798258562298725,0.6177246389530479,0.6680603994732017,0.5752629246505329,0.3210077749318475,0.35245771089822797,0.551908491593668,0.5475321219790175,0.4270709280988526,0.5211511353037296,0.41290232901166707,0.2056932345628275,0.5977310179294487,0.043357829624283195,0.5885519921625448,0.6370958340354436,0.6671972427084242,0.29821136710245166,0.5615254001104282,0.49019808982563584,0.16889196819008548,0.36270696611730685,0.3702479428336293,0.3582479412687186,0.35997719269181006,0.409663841098946,0.43162546323207296,0.5953246796810802,0.5419734611240685,0.37154818368063824,0.4868426744914788,0.48395666526706216,0.35683965309402993,0.41535452156118646,0.36122239753226937,0.3944188679372447,0.44172654970205827,0.32247136186433417,0.3547252030210228,0.6121682104227905,0.0,0.6227748325299163,0.6240623851572151,0.5351417804878108,0.33941664954712836,0.4810099701555701,0.4743565869067934,0.6802559604797583,0.477228619801465,0.5768113066536704,0.29097084070142953,0.48730784068546995,0.4810197391475034,0.5135713887973216,0.5794689296880868,0.6102644734831748,0.0,0.5930690391920361
0.4204388964639688,0.4751354507243799,0.478900302847006,0.39236989426617297,0.3037515007787496,0.3374659787837239,0.3012990898725812,0.6448730632971831,0.2261694056607456,0.5575285672742771,0.0,0.4944006229628132,0.4039235719639441,0.4512838387365321,0.0,-0.321565400725308,0.47924280047371515,0.48798990102428286,0.2756213377176574,0.4595011430765944,0.5088183552626331,0.43635709046682036,0.37476752572354893,0.5651368959761618,0.5749304519500015,0.5213554241337398,0.37762091432995215,0.41619237263627423,0.43517187094301224,0.49105368129101085,0.3540593322203014,0.5037394094226888,0.30193689374172816,0.46810305583482625,0.5024569274705377,0.7277998627926989,0.5333996851948107,0.5520258162169042,0.7111376422962279,0.49462071184745504,0.35522014716789435,0.43657998544392623,0.7699280433582639,0.5022659881306797,0.30585053169988263,0.0,0.0,0.12227637180018158,0.4759363557533087,0.7031712119976687,0.628895505607642,0.5015986886799226,0.6375463824240599,0.33744012259264633,0.4239180246433515,0.4014188133669104,0.2180049600774577,0.7245364786935107,0.626458083146892,0.0,0.0,0.0,0.0,0.33882174737731185,0.5487538955702531,0.0,0.5320010358703379,0.6010562793637502,0.0,0.0,0.9539839896900068,0.654934276957428,0.5091226306370613,0.04857580053690094,0.0,0.5901909914966657
0.19698127698823853,0.7232991434891343,0.4393968592831493,0.2952867424616735,0.464901007215924,0.6129146520817402,0.4512040572594055,0.560316865651079,0.4613606982855029,0.2856787916543162,0.4944006229628132,0.0,0.49535631747019776,0.564576269739658,0.2623323688202123,1.023614431258248,0.651030007806461,0.8026326337515849,0.5906422641471164,0.5256736597735012,0.42890801010042,0.5686314315982086,0.3040448076420406,0.2842522645532651,0.6264038798230074,0.5645018509618303,0.578917280736586,0.5586410547404859,0.35274996310289136,0.17777531109563968,0.41870471627395367,-0.07275105678581428,0.44438948892807095,0.36097775254271236,0.39928912359578306,0.25506849494788764,0.3382251421618714,0.23297616219707543,0.5344011788242744,0.4632941512055528,0.34113434578098467,0.32922242343000685,0.2157113187582763,0.24803776166135766,0.5082441208271248,0.4281729756121495,0.6135840257747542,0.3753749943171737,0.1761516273926571,0.25022908703197877,0.3324449314154459,0.6126707888967401,0.36727687064364345,0.37835516688690074,0.4891139044370995,0.20141937289307632,0.49788863602462424,0.6546082769128454,0.572245101771133,0.5334673932759031,0.5276115297087409,0.523598037592925,0.6754566311117265,0.23667469120959447,0.8932670448405975,0.8383011441898376,0.528800010578804,0.40128478038739196,0.2988016553100394,0.5427606828446634,0.4986904636706066,0.22616120279023477,0.838807959946307,0.5653670101165922,0.0,0.705708512692286
0.5206502836655593,0.419315287039191,0.4889514666636243,0.45823267725325945,0.3925725966403423,0.4494673262879717,0.4441762615632517,0.42585295046291105,0.3443499775578327,0.4663405084162639,0.4039235719639441,0.49535631747019776,0.0,0.3915234515401301,0.3720457545333872,0.30762778782710737,0.46755084253062656,0.3786127718307196,0.42276722597265715,0.33395163974607756,0.34153919923802073,0.3198892366639141,0.39020555887336295,0.43307323704834233,0.5205780462841205,0.5161815971103749,0.39501630541552407,0.3271227627610507,0.3298298648589718,0.20260186740761793,0.15433331182403517,0.486322161879466,0.38911810976836403,0.4068835511471142,0.45447562920948814,0.37667619060334656,0.51320029306023,0.6630483166486254,0.18872447632910475,0.3592618197235354,0.34819116345308543,0.5808006103020639,0.4562013763593736,0.2149579431878528,0.7240867704237156,0.6228509955011144,0.6514329469626812,0.691485030920133,0.0,0.6723312734723682,0.6291227360430853,0.6061346614417713,0.3987395527911564,0.7012106369930264,0.4870491220647094,0.7339955412900233,0.32514537525833803,0.6526685665497033,0.45993243168912207,0.6095441320908628,0.4090127654891743,0.46481815479049576,0.6341526710938434,0.7157076904118581,0.558344910930588,0.5862169810511143,0.6402678882879442,0.5774883161994057,0.6813259842838953,0.5805794794007231,0.5754961549541233,0.5918323883067502,0.5947635875034496,0.5994038739503418,0.5026508386534337,0.5592641067525779
0.47088360071602436,0.2876270712606518,0.48833642208840367,0.31056115523577554,0.47309749526387507,0.45534030826837346,0.293164734480938,0.6146862666126379,0.472288058910304,0.8389162635997978,0.4512838387365321,0.564576269739658,0.3915234515401301,0.0,0.27671316850798855,0.5081685779873802,0.4961021437436635,0.48039435754591364,0.4167158672911845,0.5274789291024979,0.441046785331184,0.18411761000987065,0.4853405753287915,0.6636549564353345,0.2204599127109576,0.36459121263759103,0.5485439745555292,0.3894332372195688,0.5460414441964533,0.4848450602366579,0.3134339401226385,0.46483620644597584,0.35247509514668696,0.6595388786678402,0.5029876137420766,0.2747713927511205,0.10743977669503971,0.7140034921019605,0.9103817673137378,0.0,0.6644915216085657,0.6985710311010791,0.7819721283660569,0.4805233478857056,0.0,0.0,0.0,0.61119971271026,0.0,0.9035751566812853,0.5947583317939429,0.514195965692893,0.6600981192620743,0.5317496932518451,0.0,0.7850760410747364,0.3886223516218833,0.5413907475979034,0.44238683904879134,0.0,0.0,0.0,0.0,0.5757639751745973,0.0,0.0,0.0,0.6982891776357618,0.0,0.0,0.0,0.5130699753475942,0.7808122088892606,0.0,0.0,0.0
0.35249358751398907,0.4471063733436588,0.4625467623010684,0.5201775400593769,0.47010208588996,0.4052951299601482,0.24950132708503725,0.6309147891745166,0.41764988159520366,0.4010975743040419,0.0,0.2623323688202123,0.3720457545333872,0.27671316850798855,0.0,0.41474128265574006,0.3427555083606721,0.30580204986580034,0.0,0.4502211601722301,0.5465197798797501,0.49560444768236595,0.5093740573199467,0.24280454897376827,0.4573814805712333,0.3713986795378632,0.09590514026157176,0.2664636282450762,0.27575654964926655,0.31212026540458065,0.21506246330122258,0.09521215673202008,0.3643889101123766,0.22104179787863687,0.22833708296790595,0.2873925500733215,0.2809195025766045,0.391331504400507,0.518085205176759,0.743002795868931,0.5969021951376694,0.44727779378579235,0.2145784926531329,0.4545608986558971,0.0,0.685929513954129,0.7251551899394205,0.481709255908913,0.0,0.0,0.639845836320887,0.9379635041007237,0.602200947808964,0.615348858496923,0.0,0.0,0.5407047545535073,0.6430361438142065,0.47789946046603304,0.7871653948684305,0.7272398595589888,0.550415368574437,0.7322232390218547,0.0,0.8362107701537564,0.6136832964232982,0.810626914622773,0.817213612190032,0.47201954358652803,0.5465691880897943,0.5860945254022955,0.7545540440649581,0.6618781284065913,0.7700229634706943,0.6660318497907336,0.6053117799372978
0.7113412402468022,0.6218585108491764,0.4102899669602271,0.29319135656105133,0.5570879881947552,0.3320345336122952,0.2252274932903367,0.7894075756028827,0.43924397824824646,0.46453428077612724,-0.321565400725308,1.023614431258248,0.30762778782710737,0.5081685779873802,0.41474128265574006,0.0,0.6591560438649089,0.7441734934799101,0.45930051946245143,0.12117164408293715,0.6038446051493057,0.3398401664258734,0.567614831892471,0.6231290524582997,0.8535033380625491,0.6455590786583656,0.3892721777336041,0.2748629873111943,0.22991896344275584,0.30563884438703337,0.5368703721489786,0.37168133951928595,0.36981828417406337,0.39055853349991315,0.4291811206060976,0.5539275316055265,0.5521522883263958,0.6671773572163221,0.674013780258365,0.7650963022710391,0.783239333087469,0.7238868165424213,1.445767774345585,0.0,0.0,0.6912075551700121,0.9131617512224277,0.0,0.0,0.0,0.7147601696035364,0.6108365008021586,0.9709257036012122,0.0,0.460849420578963,0.0,0.526166600076683,0.728925998909755,0.0,0.6770031233547403,0.9020322763589048,0.4088116015673471,0.8996256153349997,0.0,0.647650244080157,0.7286200221511518,0.7965151588080481,0.5769784257076471,0.42946302717222673,0.9734883045360638,0.9013642918366773,0.6783841105407471,0.5761182282279054,0.7395732626374448,0.0,0.7511083620753414
0.47104230872879294,0.5891364018867167,0.7228737475080387,0.44741897992133983,0.5996332823354356,0.550134483102489,0.5429459948418153,0.33197778744692774,0.44685193473729423,0.4465817497527155,0.47924280047371515,0.651030007806461,0.46755084253062656,0.4961021437436635,0.3427555083606721,0.6591560438649089,0.0,0.47150839502045105,0.5182241211611094,0.3042888216077545,0.2808812598439714,0.4130990295090513,0.28802094206521733,0.644240907663528,0.7005505260248848,0.8024887746197507,0.5827884669473988,0.7090727463231534,0.3414902290020901,0.4301588077303155,0.5934657699385351,0.7025929592724325,0.6462348294470829,0.6617855393313335,0.5330226592788914,0.5079960391402336,0.36350215696729504,0.5068165899554719,0.6298309838554961,0.4845377015633038,0.6411685253133981,0.6295256446774649,0.0,0.0,0.49909266967194993,0.7865184061665311,0.66125349957021,0.0,0.0,0.0,0.0,0.0,0.0,0.0,0.6104895898991733,0.0,0.4356851815690115,0.744473735089029,0.0,0.5915789183765074,0.4870256278837464,0.6595671245012129,0.5694829013303957,0.0,0.0,0.0,0.6949442086247476,0.0,0.5596432718476749,0.7235152142042965,0.7562410275521595,0.0,0.8202671979547143,0.48202619478964814,0.0,0.6722030987550198
0.5850340793753821,0.5034025555348821,0.6444177422491082,0.4680918286514678,0.595565973220154,0.2918639127874392,0.36947097817080876,0.659616416293797,0.6023574097054806,0.3198976403402721,0.48798990102428286,0.8026326337515849,0.3786127718307196,0.48039435754591364,0.30580204986580034,0.7441734934799101,0.47150839502045105,0.0,0.3305023216382419,0.1968057480108566,0.5199309999520065,0.3552111189121621,0.4891678491484156,0.5536491764392641,0.723869765871048,0.6464810781848205,0.43552280043160585,0.21509836431793633,0.07529810677497184,0.4079560251281504,0.46249887113819727,0.5317199512615836,0.4598419158404142,0.5365417159982966,0.3468830065214974,0.4562083086250318,0.40692359967268166,0.23491240222218873,0.7050338157872946,0.663829841034024,0.5718492578364825,0.6712335146757273,0.0,0.0,0.6801477714548075,0.6212733625602347,0.840994917882463,0.0,0.0,0.0,0.6517530770507522,0.6902287551232731,0.5855485083569577,0.0,0.6085540728188106,0.0,0.5464224475599101,0.6440576202564341,0.0,0.32766002667368443,0.8486485894325191,0.6158419299596509,0.7434896035562086,0.0,0.48658438377201757,0.6211079030360235,0.29806754128573004,0.7338085692001497,0.5861831791172788,0.7412818262419646,0.8044967138202392,0.5536707841840045,0.7154728592078856,0.5064871131546722,0.0,0.6667731669804822
0.0,0.42397597572244794,0.3451007435425206,0.3041565782663754,0.2940885769696196,0.38732068672361,0.2920717043700163,0.5446055597755807,0.2073786254968672,0.43798258562298725,0.2756213377176574,0.5906422641471164,0.42276722597265715,0.4167158672911845,0.0,0.45930051946245143,0.5182241211611094,0.3305023216382419,0.0,0.5253140012773523,0.435434755930299,0.45365808290355025,0.4523182195559824,0.5329681876184664,0.49218623423773644,0.425912430779141,0.1757211550794123,0.44866716966501763,0.6435613215746008,0.6350975985515253,0.38591346138791904,0.4764716786872903,0.626075710670016,0.416160839063958,0.37472113926874256,0.5477899183350625,0.396010774498052,0.48063331434210166,0.7491443992408191,0.46593867150155266,0.4394295217793449,0.21695932661412165,0.7701632812767119,0.2265464886267817,0.010671734407854985,0.0,0.0,0.777191101491455,0.0,0.5497179195432043,0.49949733838887117,0.5748264145196543,0.49573788893676024,0.627959345628879,0.6240676744297065,0.7907352179314342,0.4028304615769977,0.4801812171428782,0.5788030295097555,0.0,0.0,0.0,0.0,0.7417418966706403,0.478681132813753,0.0,0.4952118362052406,0.5655186454668448,0.0,0.0,0.0,0.5720106462295681,0.5099066349511571,0.5936232064224665,0.47273837386396256,0.2627071088626006
0.3611344583724192,0.41774935047388506,0.405704374503966,0.5267754275898303,0.24368270303159945,0.2708930324027047,0.26673469804317584,0.4792021880004388,0.3595618458087395,0.6177246389530479,0.4595011430765944,0.5256736597735012,0.33395163974607756,0.5274789291024979,0.4502211601722301,0.12117164408293715,0.3042888216077545,0.1968057480108566,0.5253140012773523,0.0,0.40299135774153727,0.2042576621012282,0.1881031061154914,0.47450345829166396,0.502562352038656,0.33021075310725057,0.3815387370864082,0.4054187040135889,0.4193904724819003,0.27186765292948756,0.20285920400341384,-0.04912657693039579,0.08320217474217528,0.09188078797122631,0.09434284950564531,0.30570707683631804,0.32955026432095197,0.9013723233394808,0.40230712416808934,0.7155934024036719,0.5403559279570203,0.4934944590976627,0.02309336402128448,0.10395572726702487,0.35280888020144924,0.5451596153299267,0.671011755394645,0.5825135593916438,0.0,0.0,0.6245330301468501,0.44121767971933745,0.8109477085868229,0.3360859311756678,0.7927544299462765,0.0,0.40021085242704074,0.6590527645730534,0.0,0.712550797814969,0.6952632549402862,0.46808967685293645,0.9666755317153162,0.0,0.6091019065504972,0.5209031373009708,0.6424913436007436,0.6306575532736066,0.0,0.45198483285579527,0.5574774422537141,0.6153554753039389,0.5256531010988036,0.7125404782180493,0.5433832534907206,0.5457409037708973
0.3341785875418647,0.7391360789008334,0.4513103744273297,0.45110684955658203,0.337319519076305,0.4176075280253906,0.23124290978579154,0.4739708331499985,0.26904140747050603,0.6680603994732017,0.5088183552626331,0.42890801010042,0.34153919923802073,0.441046785331184,0.5465197798797501,0.6038446051493057,0.2808812598439714,0.5199309999520065,0.435434755930299,0.40299135774153727,0.0,0.5187238026123934,0.49038990854319486,0.3324724906945815,0.4888469165702267,0.6077633925325631,0.3906697178536049,0.2949461007687778,0.3640804423299046,0.3835726521169655,0.3179302467867427,0.2188537242701635,0.5169894237256321,0.36010807046719356,0.3946899123409877,0.414854488877577,0.3559772441778508,0.36836704018400157,0.5938456799242571,0.848668908162045,0.571481210931375,0.525078462072572,0.20016709998895096,0.0,0.0,0.5083338038233594,0.7967690516847803,0.5121817116783833,0.0,0.0,0.6375790486847192,0.43561511460421565,0.7227692055053453,0.7122887228366024,0.6678771406445816,0.0,0.7995940162320572,0.6307028728664166,0.0,0.7847168032566145,0.7892495538051558,0.0,0.5810513727256239,0.0,0.685753167733693,0.768920936240374,0.7809183586419766,0.5598795834770556,0.6132285157821205,0.633450610687183,0.8181798286771489,0.4405563369514305,0.6163290529214002,0.7702221694484503,0.6444065218208747,0.46451529601528074
0.7093955162117636,0.5927003506255679,0.5170507346198774,0.3510180622801108,0.23928849368353916,0.23870900076254586,0.28847787455075347,0.7343876950597963,0.2957673290125472,0.5752629246505329,0.43635709046682036,0.5686314315982086,0.3198892366639141,0.18411761000987065,0.49560444768236595,0.3398401664258734,0.4130990295090513,0.3552111189121621,0.45365808290355025,0.2042576621012282,0.5187238026123934,0.0,0.5498072895063627,0.4659729735332334,0.8446318088316964,0.5362297512674408,0.15002614754608876,0.5161477789177297,0.3159598831661754,0.3971533644606642,0.35053767968022503,0.22850343772738868,0.3286777296746016,0.2705047625887487,0.32906277171615117,0.29188079048358573,0.6075158359054433,0.5835657524064539,0.5691264459464678,0.7469697490906666,0.622972294603358,0.5680217183170144,-0.008015124914896754,0.20434044280998265,0.41834081634627096,0.8524803139876951,0.8811448745115438,0.5558199053886674,0.4795043425978258,0.40025041840228326,0.8194925808564375,0.8559443569470289,0.609346811253884,0.7266283560808482,0.38294667635626783,0.0,0.5256878326744264,0.7400955014229194,0.0,0.7391410815207671,0.8134070138619843,0.7002174060187131,0.8253051008772273,0.0,0.5995438887853866,0.6847637359430929,0.7398089690279457,0.6318695035688056,0.45963865106471313,0.8240860662331652,0.757714056365663,0.6438231453922029,0.7365631550511029,0.7302639225869721,0.5657393564214297,0.7672742745743805
0.3084111081186307,0.5741587113046869,0.28315388675976805,0.3200457208282136,0.37101176891311577,0.4065089656045645,0.2906253860661938,0.5615537998850622,0.35938221348538785,0.3210077749318475,0.37476752572354893,0.3040448076420406,0.39020555887336295,0.4853405753287915,0.5093740573199467,0.567614831892471,0.28802094206521733,0.4891678491484156,0.4523182195559824,0.1881031061154914,0.49038990854319486,0.5498072895063627,0.0,0.15377052797603635,0.49654971617982735,0.3430424122058364,0.28259718097066594,0.24346526463449708,0.18465040120752185,0.2228707619554584,0.27525516607051914,0.19249669382105916,0.13303690609783764,0.208929918621637,0.14646640657200324,0.4551758645794585,0.24806513643334915,0.3365246156784429,0.6572984283651098,0.7482269901775394,0.44234199811134584,0.28094253080040854,0.6679560534549063,0.5512307123407049,0.41993844230130933,0.4915146986704255,0.7351559818704838,0.6396163917249287,0.5865894091133299,0.6958240857718369,0.6354816216992658,0.5956499567721392,0.6783148476126926,0.6745232300800906,0.6160319834482764,0.8116631424458773,0.5607707355701271,0.5533345960889678,0.6506757217627297,0.7602560712818096,0.6202172352463182,0.4743565869067927,0.7005025425929842,0.7430517257339073,0.6126677803913931,0.5768689627082593,0.5979401223934911,0.7143201368657032,0.3660733856505013,0.6731428339161127,0.5896997750744439,0.5317027046056995,0.5047359715481168,0.6170628608960466,0.6365645511728575,0.521625640074708
0.27809196763955135,0.35167949089170714,0.45134455551680686,0.4163591635352082,0.5523576649912992,0.20602829936886036,0.5937299336189652,0.36725133766265217,0.6299156613317113,0.35245771089822797,0.5651368959761618,0.2842522645532651,0.43307323704834233,0.6636549564353345,0.24280454897376827,0.6231290524582997,0.644240907663528,0.5536491764392641,0.5329681876184664,0.47450345829166396,0.3324724906945815,0.4659729735332334,0.15377052797603635,0.0,0.5078223537355167,0.3993144788218577,0.27162488319422723,0.4182074423239275,0.6058501380137327,0.619768400112875,0.7204949909825151,0.00038496551456479455,0.4368028255764873,0.41161271675213607,0.34988777149449474,0.3083815990597586,0.44684223442100396,0.45121425228642054,0.40778604671483093,0.711236903610966,0.33989208084453554,0.4778845134794065,0.5304797268652864,0.26862164036303876,0.6068591778150009,0.46750902722093646,0.6174697346581111,0.0,0.0,0.46718032515506125,0.47596112015274944,0.383250558543617,0.0,0.32442027473225066,0.4884466062243357,0.49591023713272225,0.284020195983227,0.3870129265654414,0.0,0.3634124047866173,0.7408842296327772,0.5325846269875255,0.695441845369094,0.4744893725203714,0.4097245040888643,0.381757841576872,0.5820949574042127,0.649049385619439,0.23113385218353902,0.7165562535113081,0.7022619620141178,0.35476217890721384,1.2187112529200435,0.8476895306679992,0.0,0.6495788882553958
0.5635281618100442,0.6311416927237897,0.7498012786504389,0.8095135176736852,0.8045967245872636,0.49676119459381196,0.49888604364322364,0.6532254955324086,0.5858841644889639,0.551908491593668,0.5749304519500015,0.6264038798230074,0.5205780462841205,0.2204599127109576,0.4573814805712333,0.8535033380625491,0.7005505260248848,0.723869765871048,0.49218623423773644,0.502562352038656,0.4888469165702267,0.8446318088316964,0.49654971617982735,0.5078223537355167,0.0,0.4806054965832959,0.5173560043099055,0.42125694245615164,0.2633755237346854,0.3859436755817359,0.541780663903859,0.4096472895912736,0.5247253190484591,0.5028420112838832,0.31846034801797796,0.5313334547072361,0.6398557939192732,0.4177250911957885,0.8943073965010992,0.7981154685510976,0.7283810216514551,0.6279974114205151,0.23224705433459947,0.0,0.29146759916177734,0.759008325612402,1.0824082275438118,0.0,0.0,0.0,0.7579747587229777,0.7778421334219849,0.5927890010059438,0.4249252202732713,0.6472024929851999,0.47092892241547935,0.6030044376821235,0.49843362746848136,0.0,0.5564133213612983,0.9945565574893507,0.6683746633481649,0.8318917417334273,0.0,0.6321754445553913,0.7953632186910617,0.5743439019405299,0.6680278266983783,0.5219995911701697,0.8577223149960094,0.8711547853735404,0.621696654248491,0.6882707736784801,0.5589328413318237,0.0,0.7739260355774347
0.5560314096340699,0.5362059956307341,0.6463020641113943,0.43534449451699897,0.6645777309172567,0.5209443931781743,0.6036027893386552,0.6513702714994045,0.5497409177727037,0.5475321219790175,0.5213554241337398,0.5645018509618303,0.5161815971103749,0.36459121263759103,0.3713986795378632,0.6455590786583656,0.8024887746197507,0.6464810781848205,0.425912430779141,0.33021075310725057,0.6077633925325631,0.5362297512674408,0.3430424122058364,0.3993144788218577,0.4806054965832959,0.0,0.3542479579326663,0.5100399210157619,0.3825401164813085,0.26117229250575935,0.4141711987586955,0.45044689828925555,0.5747214922230481,0.41400379658406267,0.40791430829518766,0.2905582301543762,0.6026644777354847,0.5325259736314177,0.6398505835711124,0.8522234380944755,0.7823576748797969,0.28048095361942027,0.12090136520718373,0.5137262756011911,0.42677310538277125,0.6593903420894731,0.9358807767750172,0.7657964693145505,0.0,0.6518879219704203,0.7281769324159928,0.6272565087303956,0.6285476245373929,0.674771643255488,0.6412097632413227,0.0,0.6429602416610097,0.718679362764586,0.0,0.6407560393249221,0.9110617946803037,0.6477727408810646,0.777675212263973,0.0,0.6254033147604863,0.7105429916432882,0.7903866434005935,0.5506029108555668,0.4704398537169332,0.827299658985399,0.7607819009708368,0.5754612748838532,0.6464488800423162,0.6797874000232189,0.4815393911355441,0.750391454146549
0.38000639417502213,0.3972410393440442,0.20533780027526305,0.3211506843475857,0.46038964264719084,0.5497427044367806,0.3016586676001589,0.3677384449954181,0.507956255282829,0.4270709280988526,0.37762091432995215,0.578917280736586,0.39501630541552407,0.5485439745555292,0.09590514026157176,0.3892721777336041,0.5827884669473988,0.43552280043160585,0.1757211550794123,0.3815387370864082,0.3906697178536049,0.15002614754608876,0.28259718097066594,0.27162488319422723,0.5173560043099055,0.3542479579326663,0.0,0.25967194700897317,0.3014674001001372,0.25041502490175505,0.19517087425692592,0.10911597193311395,0.16438099101549486,0.18828119398090054,0.09222451045302607,0.22923449176833446,0.28115999838188555,0.322337489342982,0.5620281202492341,0.5584109591394446,0.4369605165028525,0.5538376315246402,0.4330338307315981,0.3328204956041172,0.2614922930157775,0.3553801767785581,0.610880050540022,0.6716214972246551,0.3748462818747995,0.6702862982166868,0.5560379791222871,0.5156204297580275,0.577454708420863,0.6840437940959012,0.6103848306039541,0.8013654399214699,0.3993257240498899,0.5511415437044935,0.4126498596730588,0.7310415072027923,0.8013887903113568,0.0,0.6490171761901842,0.7740429271931732,0.6109119988949787,0.499943815800915,0.539592765379926,0.5003214599550981,0.0,0.576720411579447,0.512958343386531,0.5223351693846484,0.5127938575798568,0.612797549527325,0.5188397784353247,0.4693866494038283
0.36979033445476617,0.3905226267407564,0.4787846860856998,0.13974131136646814,0.13967008655943708,0.43658402117278067,0.16071880893726137,0.3129040324400603,0.47647359403506623,0.5211511353037296,0.41619237263627423,0.5586410547404859,0.3271227627610507,0.3894332372195688,0.2664636282450762,0.2748629873111943,0.7090727463231534,0.21509836431793633,0.44866716966501763,0.4054187040135889,0.2949461007687778,0.5161477789177297,0.24346526463449708,0.4182074423239275,0.42125694245615164,0.5100399210157619,0.25967194700897317,0.0,0.26711183328577764,0.48639708456485076,0.4074347490458291,0.49575090849001324,0.48645551245767527,0.28379156939842276,0.7552541393820329,0.09633716561933703,0.15008065794305542,0.7249865282396369,0.1551051914054531,0.40061781861700363,0.30464160245750416,0.411317974768861,0.3468363345306358,0.24419195681774797,0.9456162387925484,0.6493099546475114,0.5285855431802715,0.5294330221768705,0.0,0.6474300589017049,0.5895507308297326,0.2993439448114712,0.3900278721657032,0.5815152888197954,0.6297996163659754,0.7279986769339548,0.340105851318183,0.6017157443678365,0.40522083922528956,0.6715354970465319,0.4594050659393802,0.34987258788939024,0.6187876044357874,0.6215811000666478,0.6513777364817195,0.490529271487423,0.5156798302867702,0.529295026719956,0.512338978330622,0.6221964699891194,0.5104801241916088,0.5445377187892082,0.6074274611110626,0.5910324601236425,0.2318515116098429,0.5270199723203015
0.28581406821046057,0.29414734817092414,0.5492974814300481,0.14052844630459274,0.21415081222663046,0.2827986625124784,0.3752058620635517,0.2517321918140546,0.3120776094751021,0.41290232901166707,0.43517187094301224,0.35274996310289136,0.3298298648589718,0.5460414441964533,0.27575654964926655,0.22991896344275584,0.3414902290020901,0.07529810677497184,0.6435613215746008,0.4193904724819003,0.3640804423299046,0.3159598831661754,0.18465040120752185,0.6058501380137327,0.2633755237346854,0.3825401164813085,0.3014674001001372,0.26711183328577764,0.0,0.16597570286703528,0.2855786434867023,-0.009155032038142802,0.13966897371634998,0.18987818954706145,0.15548868398951166,0.47609865258494793,0.2840573842734717,0.39399961745021017,0.382375301163597,0.583952642338929,0.2815497600723324,0.5178186935218685,0.019174152343864048,0.7681382979831739,0.4136433752975216,0.4706263656340538,0.6213284411006799,0.43689100491895017,0.4693268120932981,0.20302079576109577,0.6088691268431972,0.5675968156326845,0.7316277942075615,0.3890059099283233,0.6911615482428888,0.19235665219608528,0.4287542612764963,0.5829443444753615,0.5711223004397167,0.7711014929721819,0.7326096007523577,0.4828865759137895,0.8841965373198708,0.3989428715561,0.6691476765302669,0.5811925900250083,0.6403183887547232,0.5975673825017331,0.47987487225393877,0.4147603236938773,0.679903051522605,0.5858314509976624,0.5842605095971598,0.6692078491530246,0.5270786484424816,0.5514284307877104
