0.0,0.8907903909561972,0.6039557515203868,0.0,0.7208003116625882,0.7145241120326888,0.76486784848916,0.7664940695010348,0.5233675461492382,0.8950818704107264,0.5097099374282769,0.7787219391332826,0.8242884305076145,0.731061854060602,0.41583979247293024,0.8573306479010023,0.6297354262478387,0.8437140834307264,0.0,0.5655351114393342,0.595814141647272,0.665353629010951,0.6751169296343931,0.7146535449797002,0.7753419788429938,0.8651831823279105,0.6603554731951693,0.649044257324076,0.7937468284026029,0.5915092597087067,0.7158355860477303,0.7051436612778672,0.6014144961271352,0.5261936437520041,0.46605028163792656,0.8390900520990164,0.5089941315937836,0.8522707806125837,0.7603262133059943,1.0403687450899433,0.9675672050316371,0.6574354444047568,0.47620208394728464,0.0,0.8154542443209242,0.5498827916177667,0.8707881043050849,0.0,0.0,0.0,0.6224106728023087,0.0,0.8815111285824297,0.0,0.9155406088199944,0.0,0.6899187772177608,0.9488315806931853,0.0,0.21547738827542567,0.9046462515568555,0.6593638557356496,1.2025758700567437,0.0,0.6878891635225828,0.38209249114351196,0.8478872739122136,0.8359143028852876,0.4989899526100777,1.0442423328081105,0.9188740508020113,0.7811210834303111,0.43076885109455537,0.8156297301932607,0.0,0.9989100783123805
0.8907903909561972,0.0,0.743620599965904,0.41057916766595626,0.8404948328982189,0.7918182222566847,0.8851279636879835,0.8584239817028276,0.75047114974096,0.6762047513007692,0.5171407244224954,0.6530668357767153,0.8931293013222027,1.2269590874254892,0.7493721979028797,0.7001586554459616,0.6335703793131954,0.7515529262111005,0.7798756502303472,0.6962775591696988,0.930697663600834,0.6681210262011192,0.8449169500630986,0.7627299924043455,0.7282800755392993,0.47354848810758443,0.7755066906703075,0.9827134023673898,0.747580671101163,1.116763259622016,0.5930152064777658,0.6174445772587688,0.4068681662536715,0.4921641328842785,0.5087684993230092,0.5785689581396689,0.049633025017362116,0.0,0.8341023075521707,0.8749921139070634,0.6917669455816977,0.8081964137645263,0.6187963675240667,0.0,0.0,0.8854411747009434,0.8104059947410482,0.037861184267064425,0.0,0.0,0.9748774616787683,1.0266568001173269,0.559045989082044,0.9117294625720591,0.9608365579137393,0.0,0.8065941131671672,1.0386082121432005,0.0,0.8051532955099404,0.8283814533937218,0.9465074596151721,1.0252015305436917,0.0,0.9120125465399785,0.993261943169705,0.8272103312586723,0.9077365197316931,0.5577184837234366,0.9154299376117865,0.851702723537786,0.8997248886809871,1.0933168463322145,0.9680886098612523,0.0,0.9221791879883647
0.6039557515203868,0.743620599965904,0.0,0.758517213156536,0.7725594869976833,0.67551298470682,0.79586722899295,0.7165712805020091,0.4019533403888714,1.0844580242004342,0.5520380182680835,1.1989553826619064,0.8618687501045945,0.9131146987597898,0.7639741584276188,0.6828441400956538,1.2236408970151804,1.1366492598010127,0.32916200399496426,0.7716236230168302,0.722460434218819,0.6344956588218547,0.31690720379224,0.6550834800868426,0.7039457782758345,0.8280934509816504,0.6040956244442166,0.9643537850875775,1.0911339100780162,1.0633767885777106,0.9569046949739459,0.9173876854035952,0.7791685820223503,1.0212972231907755,0.9348011810634507,0.955220762912343,0.827943541673218,1.006952616916606,0.8487499642743073,0.49380855395149914,0.8412564967275064,1.07925457556557,0.7321302961554517,0.8094679979321101,0.0,0.0,0.4039562943030798,0.5190603550511115,0.475834780922026,0.6873011495626001,0.8295037315978213,0.8771574335046366,0.6685804281361953,0.5136232418464038,0.41940729757962925,0.7805977935813624,1.097308790996145,0.8825440314556011,0.6520489962411489,0.361877005495961,0.0,0.0,0.0,0.4041904183068592,0.9001308576933311,0.41466051287368455,0.25422005635787004,0.8559217154034277,0.0,0.5623636650052979,0.9814867753957868,0.8875736323611043,0.8813527192823906,1.0126200853183311,1.3889206805294445,0.8534088318502617
0.0,0.41057916766595626,0.758517213156536,0.0,0.9316721895561189,0.8965774628706997,0.9936888152727993,0.8145788364819403,0.9840616680360539,0.784102330863585,1.010388594981551,0.331552851722924,0.7208978234967187,0.7842894786002399,0.6762664074879001,0.31239176595675516,0.630903683127523,0.4732733408101881,0.966346886595608,0.911946330378098,0.47962842943797923,0.7271814602743978,1.0923821883583882,-0.03452424463863091,0.8103319492504044,0.6772846528128252,0.9656755586554767,0.6888322824699036,0.7113427036163994,0.2989900527714114,0.8181867195280589,0.6619628377302231,0.6657947889968647,0.33146950497290983,0.7482459747259603,0.4303433940400251,0.27975976504097666,0.29869626889430995,0.245392177435566,0.37307605646436814,0.616944752284702,0.5225113159279626,0.4146849098940175,0.19036715770635626,0.0,0.0,0.0,0.4211940141753785,0.0,0.0,0.8663509541367107,0.0,0.46843970332061613,0.3595594631443964,0.0,0.4475358141945594,0.5029481512080023,0.45334084611144687,0.0,0.0,0.0,0.0,0.0,0.0,0.0,0.0,0.4712972471148631,0.878552719990023,0.0,0.0,0.0,0.7460729169533389,0.481647015616718,0.6534504962946195,0.0,0.0
0.7208003116625882,0.8404948328982189,0.7725594869976833,0.9316721895561189,0.0,0.5939392653317297,0.5022599853768093,0.8040840126992719,0.43394223741557747,1.1889881907072684,0.684525739919739,1.1676995727424777,0.8030595397715912,0.7622797263739711,0.8529994344220548,0.7640471440489061,1.1667984636996669,0.8646674447771616,0.5356417320890745,0.9044853375004942,0.8420578014989151,0.8579281919039208,0.6967542976317578,0.9809356329782046,0.9113458711700395,0.7861482530365604,0.5619708948073319,1.1071644692708849,0.8022399204111206,0.8635860801036546,0.8799214815662474,0.7766647273074269,0.8868069360695576,1.0558673924939859,0.955577821970885,0.7655340193552641,0.7222867720506876,0.909585985355664,0.7893853196671234,0.4204916538419093,0.8801221319657622,0.48254542113186816,0.5181491979488433,0.23101445662465742,0.3695922550706702,0.0,0.8022916571220864,0.6849111766213647,0.0,0.6053416730038761,0.9303622430573668,1.0406890553178068,0.7589663960839448,0.8006351977768678,0.0,0.5547741210060154,0.44893870095842864,1.0307532106975839,0.9792377631273445,0.4759782985526665,0.461719022019936,0.0,0.0,0.7475913768652804,0.721581270457709,0.4988767329503725,0.8144411596160714,0.903390882910815,0.0,0.49349873352326784,1.0212837809187572,0.9185835557301185,1.1287323172961872,0.9429315431012817,0.0,0.9812933479012942
0.7145241120326888,0.7918182222566847,0.67551298470682,0.8965774628706997,0.5939392653317297,0.0,0.6965146815372377,0.8160581749230125,0.35293573678478496,0.9610610030850013,0.6642325961330733,1.0425578106022226,0.6768683914446767,0.9190937000762714,0.7766531761388198,0.7452062863010863,1.1172159406850084,0.9024909843707423,0.4895192831554175,0.7383748220406618,0.8821522184622497,0.6676268388578104,0.6214650688171297,0.5602482984318795,0.7663763854177488,0.871672505802185,0.46591456081335014,0.7868887470140611,0.44276813426226413,0.9478647149451207,1.0548895033988341,1.0033112001015045,0.8385454419279972,1.0014822276066868,0.9927532450589119,0.8687126250126652,0.9240505428645063,0.8090097887696308,0.9712450354478264,0.34373589069428456,0.8353011223901821,0.6372316594626141,0.8826081155184635,1.0093643917416686,0.7892450904588819,0.877322363141418,0.7606203754718224,0.8360958050837377,0.9858760020126822,0.7006868639944273,0.8764382035464411,0.9572601858738884,0.8751631776286835,0.8724083932947682,0.97858855570701,0.7951985627802566,0.6457275850572322,0.9294870912606084,0.4531115487139882,0.825418704456188,0.8717296993289805,0.0,0.9558775761664402,0.7520534814439481,0.8131931618679694,0.6685307278920065,0.8880398303588117,0.8696299980934481,0.49681980042205687,0.884310060181974,0.7973471786257127,0.8555167892965794,0.8855112325669825,1.0416370977018983,0.8217350184101905,0.8484230556316992
0.76486784848916,0.8851279636879835,0.79586722899295,0.9936888152727993,0.5022599853768093,0.6965146815372377,0.0,0.8249857994290088,0.30616522432217064,1.1173412076101408,0.8789379136818508,1.2687066534370657,0.4997960896677537,0.5621414719707984,0.8267238217557289,0.7897457852124267,1.160677878265905,0.8056787547562517,0.7823794745012582,0.9115977487870873,0.6442015105175027,0.8391777679960453,0.7751193416219777,0.9172383254872114,0.8617785293024169,0.8350194907269364,0.6094287341740058,0.8081461643592518,0.8295537024608897,0.8554576611043718,0.7050847673476026,0.9901186775089933,0.7623645994459414,0.8659723891004704,0.7459189375121899,0.6228566350406768,0.5540186909977389,1.086158508354539,1.1469106281543082,0.30886951663092027,0.6796452396774226,0.6307424716574301,0.8367448405560349,1.1306619936311948,0.5809696109804632,0.0,0.9079746640108184,0.6546916937498419,0.0,0.8422886892981709,0.951131486543562,0.9384422829025335,0.796134421476568,0.9642089396792437,0.8804464116749426,0.49602850338630117,0.5066422062059512,0.8884252909554723,0.5632694092040615,0.6187314419362384,0.9079326800425926,0.0,0.5049931741683227,0.8943914561332045,0.9357999216311672,0.6973171517922159,0.8372974054580926,0.9694206239441256,0.4625399917505665,0.9776982918172061,0.8751251097549828,0.9099754091319137,0.9783736945008193,0.8320786549616752,1.0262819225312445,0.9668888012071335
0.7664940695010348,0.8584239817028276,0.7165712805020091,0.8145788364819403,0.8040840126992719,0.8160581749230125,0.8249857994290088,0.0,0.7272510641423314,0.8938637094635111,0.5828612053611221,0.7998191099965742,0.8949665136645792,0.7409014366439407,0.7396738458450602,0.8848013937588601,0.8340412437834842,0.8163450540699455,0.6010344311640673,0.7561816863883188,0.4457930165969319,0.8094650864782582,0.7509489128938871,0.6557872176269326,0.8588085147276033,0.7708810648476301,0.7258277674889047,0.9292968030716638,0.7861270376583653,0.8568559958720674,0.8999745932121801,0.8540976528984949,0.40361740298930593,0.8768564066336864,0.9298562847404133,0.5517109536588657,0.6410570626890499,0.7199086150544002,0.8922247692755002,0.8326803235932323,0.6235080613779302,1.0436154942576485,0.6861776427568639,0.47622777957402707,0.0,1.0504401042647482,0.8834930039275408,0.673327528977705,0.0,0.6095166424922643,0.8422100469154701,0.9234865726146851,0.5781952441148686,0.7008521491219906,0.6477171338180323,0.6273331665654858,0.9943757636960073,0.8074712995937888,0.2404269626784154,1.036019753831151,0.7472047184086815,0.0,0.5858600932086223,0.8464171472051605,0.8878678938666011,0.9730752914589165,0.8612024462523756,0.8556419384092204,0.0,0.8661716116343117,0.9044594735026861,0.7750700344907058,0.8494877474700239,1.0109437358378048,0.8830915036174247,0.7458999951033058
0.5233675461492382,0.75047114974096,0.4019533403888714,0.9840616680360539,0.43394223741557747,0.35293573678478496,0.30616522432217064,0.7272510641423314,0.0,1.0120606370252538,0.4157887589773652,1.0935059022715037,0.5439120904517291,0.9537955794152,0.9065537581327443,0.7139102217938273,1.1554404187230145,1.1104119663051444,0.210899252401252,0.9452304292467951,0.611141798087446,0.8414448891695461,0.6675125041370354,0.8828594886583061,0.7101906618465565,0.8905805907023662,0.470623414516266,0.9228701595640996,0.7309695445877544,0.8864337460735279,0.9457363152080923,0.9237587344905591,0.8004272429245239,0.999125628003116,0.9083352429482092,1.0057165479623429,0.948269808699981,0.9634085705592583,0.7671401385700038,0.6262063077137286,0.7186480464481146,0.832491804951824,0.65146429830182,0.7182651799382961,0.6329002441820164,0.0,0.6230386945419091,0.755056376640915,0.4677692395125598,0.8941085195578566,0.937742608064765,0.9765203226078831,0.7137798425342629,0.7424827191634068,0.4567167220200773,0.4144043900226624,0.8216970561796346,0.8885840230183282,0.6596777240781866,0.8618770393120503,0.8501698702808018,0.0,0.0,0.742039441327804,0.9511264217525539,0.5952284661614446,0.9137016766369355,0.9160064354034338,0.4185657260884484,0.7825042851239152,0.7230205977273021,0.8267332286558313,0.9359441022149184,1.0864116187854136,1.104163367178459,1.0749111406531988
0.8950818704107264,0.6762047513007692,1.0844580242004342,0.784102330863585,1.1889881907072684,0.9610610030850013,1.1173412076101408,0.8938637094635111,1.0120606370252538,0.0,1.0495013374906201,1.0869454514040449,1.0342918863348223,1.0328951517578093,0.6154988994041035,0.8445316104770797,1.2906150095694446,0.8475525939184684,1.0605498210646909,0.40576307221493035,0.7312006550162904,0.6817644503656292,0.9645192250690715,1.0053073594346698,0.818783272500651,0.7929019273053544,0.8971578987075901,1.0118064039316876,0.9534917789694234,1.143744703987142,1.0988356665653156,0.3589876284358906,0.7598698328077846,1.0473719433893622,0.5034212909374207,0.33879196980913884,0.08478501809334354,1.0006207831702352,0.41311502893344887,0.6480483383519045,0.5521060375188704,0.353671650859709,0.4377775459777232,0.6570745820594299,0.6865453197132323,0.9571495459729684,0.8259296777383773,0.3547160209488005,0.4714868561180841,0.49053254465427065,0.8729560472042783,0.7540261976991978,0.7375099301270251,0.41245920406670356,0.7943548262783917,1.0926349544904987,0.7814828864165053,0.9283941645808427,0.0,0.6126212745835173,0.6468220846546616,0.6269833140220445,0.589522062930518,0.48402039826223736,0.47630660509435574,0.9053904200288366,0.6543937639067268,1.0624830292357834,0.6624709583294732,0.6596904783351712,0.6191373659885959,0.9585313359639729,0.7576834764057319,0.9180499836268572,0.0,0.7942274271776308
0.5097099374282769,0.5171407244224954,0.5520380182680835,1.010388594981551,0.684525739919739,0.6642325961330733,0.8789379136818508,0.5828612053611221,0.4157887589773652,1.0495013374906201,0.0,1.189226677049571,0.8715383054746378,0.6180070293273471,0.0,0.5011360620476801,1.1264695109514484,1.1276665702106388,0.21346655862145741,0.46247371614947974,0.6392884321139424,0.4515047484196035,0.5817237809788434,0.9589391504183993,1.1096229754663751,1.1485468414971463,0.6672921245337458,0.9165818387038003,0.7903881683480348,0.5120075556119916,0.8728735817163122,0.8403190120403273,0.8166462669405237,0.9897344725596093,0.9304522639860162,0.7562886014375424,0.9076156689920831,0.9614457040445898,0.8453155679310607,0.38010152977202094,0.9495507276596168,0.7166584139784564,0.8018988522250039,1.0172316351986006,0.5261217775381561,0.0,0.0,0.6466158045129808,0.4813203733836368,0.5618701563568032,0.8285919253925167,0.7641115346478682,0.5671741244601245,0.2525857260051164,1.184805042879211,0.43136633598159657,0.5620985207618259,0.8647629341817037,0.8181343898489946,0.0,0.0,0.0,0.0,0.29023269925565903,0.5813231110723053,0.0,0.5332923556184308,0.8578869725554017,0.0,0.0,0.9355758007337358,0.8968511293378189,0.7833475468989661,0.5046523784437069,0.0,1.0105812214943346
0.7787219391332826,0.6530668357767153,1.1989553826619064,0.331552851722924,1.1676995727424777,1.0425578106022226,1.2687066534370657,0.7998191099965742,1.0935059022715037,1.0869454514040449,1.189226677049571,0.0,1.258330342872777,1.00921708722716,0.2862607172990594,0.8944948657940954,1.2660225296171277,1.055672511862354,1.2118624311243567,0.25414162613768654,0.7747766582931267,0.3905771944222165,0.6090804089125749,0.708670877399343,0.9909863361073822,0.7884238108019705,0.8160305205185739,1.2239592634501968,0.7826694111986476,1.2170243439130315,1.077636754581494,0.25402006994679555,0.45968338546089804,0.8055675336260777,0.7579229460200418,0.33201454607732633,0.29302845628439184,0.2523526251112426,0.5821476483454668,0.7063102950539368,0.405180950840456,-0.05181899843217519,0.5692066859864124,0.6492144982775849,0.6134709391143955,0.6181321574602063,1.0519253351621525,0.6540958365493856,0.5249403961096873,0.46441411652712794,0.6887897986256064,1.1123291720756916,0.387215131713207,0.7498430186894101,0.8395958281718405,0.23835635323999552,0.8720048829191891,0.822893064210664,0.5735454992396563,0.550877120733388,0.712313014145253,0.7958170374821361,0.7968736174333855,0.7103330731594868,0.9575990052342542,0.9228954782398113,0.5892846796434604,0.6889078939798352,0.690597831100395,0.7730761820427001,0.7062073556728865,0.6042121366063303,0.867491373324889,0.46165561608789074,0.0,0.8596231745161049
0.8242884305076145,0.8931293013222027,0.8618687501045945,0.7208978234967187,0.8030595397715912,0.6768683914446767,0.4997960896677537,0.8949665136645792,0.5439120904517291,1.0342918863348223,0.8715383054746378,1.258330342872777,0.0,0.6870332060447288,0.7966093124728573,0.8268174785783073,0.9277051968662058,0.8599078748269018,0.8004655616422534,0.9535954300883207,0.7957285334517443,0.8388926578397107,0.8992104255562505,0.8456761108330897,0.9270184324632978,0.8325526994977621,0.7367768780565697,0.6837791922734063,0.8305771923708484,0.6540769304066636,0.5706139451856944,0.8226600064687672,0.7157647785283425,0.9123422403377882,0.7585245462387892,0.5352247814830509,0.42431321340989125,0.8827915572209151,0.8214544427650627,0.413508599730225,0.8338906584636596,0.7318193870904295,0.9107910645588706,0.6505500341039102,-0.2364105865064582,1.0019579381679873,0.8641990637465007,0.9135490644358766,0.0,1.1053066323881604,0.9253693027346384,0.9755963598854587,0.900961093703115,0.9778433017083139,0.7509790905256307,0.7466525941627831,0.9052963834621659,0.9750530926836344,0.3558680431554003,0.6417671490338013,0.8522780952333873,0.6726220523167032,0.9400328731883658,0.8825353604662713,0.699258860587538,0.8272579153924149,0.8992351063649631,0.943915705361653,0.6405114372518308,1.0321990305661535,0.8175039890947648,0.9353228809061458,1.004177083471161,0.9421193672297827,0.9751308713895707,0.9121705434661327
0.731061854060602,1.2269590874254892,0.9131146987597898,0.7842894786002399,0.7622797263739711,0.9190937000762714,0.5621414719707984,0.7409014366439407,0.9537955794152,1.0328951517578093,0.6180070293273471,1.00921708722716,0.6870332060447288,0.0,0.9753741058517845,0.5083986828251739,0.5046970850791177,0.47600523608581585,0.8631407979951335,0.9533177184134143,0.7004698004351599,0.5217580260630106,0.8935099355721035,0.8826671808021662,0.6579938245938313,0.7567369186702773,0.8873779255089824,0.8152898143510796,0.47438942848218985,0.8595210850336042,1.0362087836273328,0.3740900329640462,0.506473692654769,1.1116134579799066,0.7717935518713499,0.6221083541626913,0.41422351463591833,0.4166106135523537,0.775407374739157,0.0,0.6664042245718163,0.6981287448858993,0.8817916893275146,0.4752192466438969,0.0,0.0,0.0,0.42998299828196407,0.0,0.8058345203835162,0.5333050397980637,0.6529862408985847,0.5924675623778324,0.5906239223110628,0.0,0.6907458574681916,0.3947990019648149,0.6648972483080023,0.5561439328560981,0.0,0.0,0.0,0.0,0.7166969980226032,0.0,0.0,0.0,0.713056879910748,0.0,0.0,0.0,0.758332065634161,0.9444179810411704,0.0,0.0,0.0
0.41583979247293024,0.7493721979028797,0.7639741584276188,0.6762664074879001,0.8529994344220548,0.7766531761388198,0.8267238217557289,0.7396738458450602,0.9065537581327443,0.6154988994041035,0.0,0.2862607172990594,0.7966093124728573,0.9753741058517845,0.0,0.6891881206058271,0.7414679292796336,0.7008809558829714,0.0,0.3006205450960715,0.5570439529870665,0.015337293835093246,0.14949659360325523,0.42335195884287863,0.8123566369842568,0.6009019438162462,0.3684492781070433,0.7619515915309907,0.7720280678098701,0.8682381334647924,0.5119022453514209,0.5326085948891057,0.4863596982313462,0.351439338724657,0.511450007024539,0.7574957450950524,0.40212083666336795,0.39163756135804273,0.4391984852857802,0.3159115743611121,0.47915906064965896,0.40019668537652037,0.6257203502667502,0.46994486110173905,0.0,0.9358969873535599,0.7315083229783613,0.8095336868776007,0.0,0.0,0.8680221582993638,0.8789383701573321,0.7186511946595178,0.6251075104568182,0.0,0.0,0.7415776898408513,0.6088239169735029,0.48220097606031065,0.3772123398459145,0.7836934755320855,0.5350373756346026,0.6895117277423529,0.0,0.7470423358956275,0.7788793047762819,0.7725270373759028,0.765337209430034,0.4824204311821365,0.7766452031933935,0.8006023813049746,0.8353851299229328,0.8776056573103348,0.9064249841977958,1.0735298842544987,0.5696722868920301
0.8573306479010023,0.7001586554459616,0.6828441400956538,0.31239176595675516,0.7640471440489061,0.7452062863010863,0.7897457852124267,0.8848013937588601,0.7139102217938273,0.8445316104770797,0.5011360620476801,0.8944948657940954,0.8268174785783073,0.5083986828251739,0.6891881206058271,0.0,0.6596101443966318,0.8199762066025613,0.4634673306325879,0.3209089669566193,0.8996198508547201,0.535177050177811,0.8751417304935787,0.914284291261596,0.7255605009222958,0.6771197283308423,0.8097244145800415,0.7645564186545414,0.6009971024918006,0.7000685042395975,0.7963752840621932,0.6372264357486113,0.059987142955713224,0.40873401227387174,0.40558474337519407,0.9812402415428713,0.7046831973024248,0.7336952978718505,0.9094144848519372,0.7326141491277616,0.7991713957940625,0.6518185169100685,0.46973803566766287,0.0,0.0,0.5928870117013691,0.7839987484533075,0.0,0.0,0.0,0.9079138295109928,0.8648510690096859,1.0332038847838727,0.0,0.9338433896038083,0.0,0.6727745536005285,0.8108008798566753,0.0,0.7388686971968397,0.7906711000882318,0.8969340595618336,1.0428945381889603,0.0,0.9794319290954073,0.882318669396444,0.79511232672559,0.8342685566600794,0.6685138251135523,0.9593839038069836,0.8338018066555339,0.9177366449739259,0.8007532942499261,0.9410043853609716,0.0,0.6860819031267564
0.6297354262478387,0.6335703793131954,1.2236408970151804,0.630903683127523,1.1667984636996669,1.1172159406850084,1.160677878265905,0.8340412437834842,1.1554404187230145,1.2906150095694446,1.1264695109514484,1.2660225296171277,0.9277051968662058,0.5046970850791177,0.7414679292796336,0.6596101443966318,0.0,0.8942353298349053,1.1922842270925778,0.6205629329304881,0.5532903332464942,1.1188736253553628,1.1452251544287402,0.9005259542576934,1.0091257299847474,0.7668033574844973,1.1204005680339622,0.9968481582072648,0.3840522880816535,0.6035031734131033,0.8229308965544794,0.669624300486645,0.6335066954430353,0.8609530847514043,0.5006643847415785,1.0965451668716917,0.37001098242193853,0.8778470318893756,0.5332947725665194,0.7828192986494737,0.7509907533014171,1.1508377073155163,0.0,0.0,0.6795058568880635,0.9031112491827848,0.8758947955975205,0.0,0.0,0.0,0.0,0.0,0.0,0.0,0.9172835455082035,0.0,0.7608060540007064,0.5693582288269952,0.0,0.6075795623423808,0.6333066201537254,0.8862788114701752,0.7661452676930101,0.0,0.0,0.0,0.5983220514363881,0.0,0.6610560379345494,0.9387559638653384,0.8292793597661512,0.0,0.4921140640229783,0.47828115568125085,0.0,0.8307971530436046
0.8437140834307264,0.7515529262111005,1.1366492598010127,0.4732733408101881,0.8646674447771616,0.9024909843707423,0.8056787547562517,0.8163450540699455,1.1104119663051444,0.8475525939184684,1.1276665702106388,1.055672511862354,0.8599078748269018,0.47600523608581585,0.7008809558829714,0.8199762066025613,0.8942353298349053,0.0,1.0585890349879845,0.6255823346827108,1.0062756135487565,0.6254095805361655,0.8602683685070929,0.8199586525600143,0.6756659648712834,0.6124346710327915,0.962565332516258,0.7423033312102765,0.7376400054034373,0.6546228556776925,0.7361611115340392,0.6544444735367156,0.48730591509960675,0.760654717343298,0.4793795418144291,0.5993957174946158,0.40532386578188506,0.4859186208357481,1.1911970988139304,0.8076594619515525,0.8603997651911677,1.0500070937714048,0.0,0.0,0.5283440543577265,0.8015203916181355,0.832528247427145,0.0,0.0,0.0,0.684257334828223,0.4835296464541266,0.5828684249205079,0.0,0.9925504056666634,0.0,0.8939697708518023,0.8585287024175794,0.0,0.7878808966469388,0.8616416952474087,0.9723631194476516,1.0001535232374552,0.0,0.7176710262806565,0.8367771035423319,0.9499287184115907,1.0820634890611889,0.5635674201678137,0.9873345807780934,0.9706710379080535,0.877500514042411,0.9456973250956593,0.9239366286050733,0.0,0.9564141043882451
0.0,0.7798756502303472,0.32916200399496426,0.966346886595608,0.5356417320890745,0.4895192831554175,0.7823794745012582,0.6010344311640673,0.210899252401252,1.0605498210646909,0.21346655862145741,1.2118624311243567,0.8004655616422534,0.8631407979951335,0.0,0.4634673306325879,1.1922842270925778,1.0585890349879845,0.0,0.5249914170827898,0.776976616176049,0.8068298493497441,0.22963524997725562,0.632398564648819,1.127714048353157,1.0700791675112553,0.5971415615274605,0.9000796037552043,0.8304988208225111,0.7192993438723652,0.8864457907533647,0.8842891783094342,0.6171289972351961,0.9848735791517818,0.8695583479832618,0.9593696550196315,0.7898712617262214,0.866697810652852,0.8540585788370871,0.47138065913815835,0.9033592918351929,0.5265637920056432,0.7253049652593548,0.5767533666318121,0.010361863172017089,0.0,0.0,0.7746664915611685,0.0,0.575718311521998,0.7868279115935688,0.9804934422886865,0.5240202762239937,0.7989515282647212,0.6211957925772125,0.589228006063166,0.9144408322345015,0.7350756464900805,0.5230218999360378,0.0,0.0,0.0,0.0,0.755268358611311,0.4787473411417134,0.0,0.49699399336090677,0.7988938012503702,0.0,0.0,0.0,0.7574587340898942,0.9626904126731048,1.1101348384708567,1.4559733162255981,1.0668828597954831
0.5655351114393342,0.6962775591696988,0.7716236230168302,0.911946330378098,0.9044853375004942,0.7383748220406618,0.9115977487870873,0.7561816863883188,0.9452304292467951,0.40576307221493035,0.46247371614947974,0.25414162613768654,0.9535954300883207,0.9533177184134143,0.3006205450960715,0.3209089669566193,0.6205629329304881,0.6255823346827108,0.5249914170827898,0.0,0.8036446976095307,0.366995707565443,0.4673313487982191,0.618041881151264,0.6892667178844583,0.6225928218452519,0.21536545555960593,0.7637395575538257,0.7161042688497588,0.8811000191654565,0.645732523720211,0.607914282532076,0.46825637103022066,0.582752703065149,0.7379226595023065,1.0224916188918525,0.7441252657987563,0.667574720895495,0.6600134614812847,0.5374474451692182,0.5632365644515611,0.49737887055516655,0.822327280006135,0.2658703394808854,0.34167855606903014,0.7858310220448524,0.738382423795986,0.8140461425498031,0.0,0.0,0.7765631927038472,0.7483232044254788,0.9195230572835615,0.6480692172958784,0.7894996927113462,0.0,0.5531741550622674,0.9462406199809759,0.0,0.7712593122754554,0.6609964639397907,0.4724560414296571,0.7387257098913007,0.0,0.7144785068077011,0.8478801919072152,0.7258036559441272,0.7300369656042522,0.0,0.802663100515553,0.6847407968242809,0.7294516319504427,0.6800695241651888,0.8853917112659072,0.8316121942355579,0.6563828814322964
0.595814141647272,0.930697663600834,0.722460434218819,0.47962842943797923,0.8420578014989151,0.8821522184622497,0.6442015105175027,0.4457930165969319,0.611141798087446,0.7312006550162904,0.6392884321139424,0.7747766582931267,0.7957285334517443,0.7004698004351599,0.5570439529870665,0.8996198508547201,0.5532903332464942,1.0062756135487565,0.776976616176049,0.8036446976095307,0.0,0.6564019361475071,0.6722880539562355,0.6749032216745076,0.9511117185992881,0.8408276788780333,0.7110819787595924,0.7737258470604238,0.7141118392494163,0.7568368861706847,0.7546049007299807,0.7427127313385036,0.7371291983582898,0.5849500805653203,0.819459896153503,0.6664319449951768,0.8181402928344728,0.8453454077405465,0.7145041682589874,0.2717149206587225,0.48643300172878223,0.46685264208585575,0.861453522169765,0.0,0.0,0.7600211903489182,0.7668877878333011,1.003705287390001,0.0,0.0,0.9763538025383107,0.6529834291771719,1.0035708791880598,0.6854929931722441,0.7743974337098599,0.0,0.7408320685830333,1.0060119277158461,0.0,0.7847117080772679,0.8114845838492739,0.0,1.0399118303385952,0.0,0.8511781967987321,0.9765483609157114,0.7788854738978312,0.934984266062987,0.6112112138160127,0.7786089080424529,0.969209611259325,0.8350202483393051,0.9487446817165727,1.1481382508969105,0.7679583433632962,0.5567917461880811
0.665353629010951,0.6681210262011192,0.6344956588218547,0.7271814602743978,0.8579281919039208,0.6676268388578104,0.8391777679960453,0.8094650864782582,0.8414448891695461,0.6817644503656292,0.4515047484196035,0.3905771944222165,0.8388926578397107,0.5217580260630106,0.015337293835093246,0.535177050177811,1.1188736253553628,0.6254095805361655,0.8068298493497441,0.366995707565443,0.6564019361475071,0.0,0.36537705618261235,0.5070653955853845,0.8910667292259269,0.4146863891405339,0.49223700327241393,0.9204191337686376,0.6272512114794917,0.8259712422345142,0.649046634048929,0.5559089669911461,0.29695548635587654,0.48246378634953185,0.6236272542168257,0.7371134613620061,0.6946778241655661,-0.028776499257063992,0.6073443884499434,0.5853785972526951,0.5781589233901308,0.5801069657165558,0.6993906987786436,0.43324286771110687,0.40733259197364385,0.6915449549471971,0.681929977257707,0.8749418500668006,0.4778239561149109,0.4039327067003392,1.0028500826964808,1.0346087951678595,0.8522268789037827,0.8813648204639195,1.1518485007104196,0.0,0.7229602533065986,0.9773827308078049,0.0,0.713772749555812,0.7372237922471914,0.7569375728701928,0.8575544927382839,0.0,0.6825090981120681,0.8165878595697229,0.7604801194092419,0.8110021255810221,0.9091291238169041,0.7866418535554305,0.7247554384118522,0.8633418226673488,0.8772915470986604,0.8401819117328184,0.5063256388552939,0.7483906683766216
0.6751169296343931,0.8449169500630986,0.31690720379224,1.0923821883583882,0.6967542976317578,0.6214650688171297,0.7751193416219777,0.7509489128938871,0.6675125041370354,0.9645192250690715,0.5817237809788434,0.6090804089125749,0.8992104255562505,0.8935099355721035,0.14949659360325523,0.8751417304935787,1.1452251544287402,0.8602683685070929,0.22963524997725562,0.4673313487982191,0.6722880539562355,0.36537705618261235,0.0,0.6090094540358653,0.8344563484902681,0.6226942107340139,0.4342753677941544,0.883778093916302,0.811750368350254,0.8300335218244079,0.9160839181770091,0.9496607173407097,0.5233255832291688,0.8204383802478217,0.84943150795103,0.7522624299534018,0.7999026593813092,0.5688879132537417,0.9187848961996994,0.5956982257408296,0.8601562161764785,0.7899821529552022,0.8761135054827596,1.0332113024325034,0.8122607391157106,0.698595897347148,0.8339736881972093,0.5568563342184492,0.6249201018682708,0.8605752693232088,0.9497464408609951,0.9881634784206184,0.8308627037881626,0.8641608242588903,0.8956543683418896,0.6473686010276811,0.7473424874864651,0.8659260438586104,0.7877800468699785,0.7354667166629558,0.8502478978187294,0.4763066050943555,0.8290723559280756,0.6298291425297622,0.7840689155227172,0.879785539405228,0.7820098978607906,0.9364712627660137,0.3548975849534951,0.9677265608929481,0.8414665300514315,0.8165972554439362,0.8640406368794347,0.940879778306664,0.9412553679558922,0.8355075940672172
0.7146535449797002,0.7627299924043455,0.6550834800868426,-0.03452424463863091,0.9809356329782046,0.5602482984318795,0.9172383254872114,0.6557872176269326,0.8828594886583061,1.0053073594346698,0.9589391504183993,0.708670877399343,0.8456761108330897,0.8826671808021662,0.42335195884287863,0.914284291261596,0.9005259542576934,0.8199586525600143,0.632398564648819,0.618041881151264,0.6749032216745076,0.5070653955853845,0.6090094540358653,0.0,0.7773015350451727,0.7335785734370717,0.3706193609786941,0.7531721208040495,0.9774776322745489,1.0709780942440439,1.176652167409267,0.24339455655919273,0.23484963770053796,0.5595216163085679,0.4998996228101048,0.15213688075616183,0.3811050285069453,0.6304719617221293,0.45576478342488136,-0.1087964825610192,0.026924514900971974,0.13033449478164394,0.2691455788743442,1.175494188680928,0.0900860377657709,0.43167027310975475,0.9377221738679253,0.0,0.0,0.4818550595637004,0.6576978945154557,0.29634838292438764,0.0,1.089904237111941,0.7922157533010965,1.469017761388337,0.7478515462316171,0.33158887111046254,0.0,0.384386664135722,0.896721743694535,0.8593007794274083,0.9368300644094052,1.444925433261174,0.44262931619109647,0.2676638547161687,0.8319098689670194,0.674862772105528,0.21956453166258713,0.9167667874637639,0.8287093979662621,0.4629903998105878,0.34370508660909493,1.03157823383744,0.0,1.3432464818314884
0.7753419788429938,0.7282800755392993,0.7039457782758345,0.8103319492504044,0.9113458711700395,0.7663763854177488,0.8617785293024169,0.8588085147276033,0.7101906618465565,0.818783272500651,1.1096229754663751,0.9909863361073822,0.9270184324632978,0.6579938245938313,0.8123566369842568,0.7255605009222958,1.0091257299847474,0.6756659648712834,1.127714048353157,0.6892667178844583,0.9511117185992881,0.8910667292259269,0.8344563484902681,0.7773015350451727,0.0,0.35802135893290943,0.9022250978733799,0.8656016060065648,0.7673113452255079,0.6737550636432444,0.7349474174449515,0.4389179189882299,0.5019220558798916,0.6039966374864181,0.5175401921607157,0.6273401498543059,0.650639941114034,0.7434761143951407,1.1007747627183704,0.8287330678428255,0.9604509471411375,1.0094442254320954,0.1329178485940763,0.0,0.5375178710144717,0.8429936888076002,0.882442403416078,0.0,0.0,0.0,0.8207173944570585,0.7785865506154215,0.6827924234677017,0.4246430246451345,0.9683377959669437,0.4804568973870182,0.8954088778444746,0.8250738900929999,0.0,0.8540352751076146,0.8403621547792799,0.9589909859074519,1.0444051150794431,0.0,0.9180442215602274,0.8827673767125432,0.9517482800838282,0.8588248873913993,0.5705159654101162,1.0242411416981265,1.0089122017228465,0.8058859240878825,1.065245605239395,0.8834571448264465,0.0,1.0218326044828117
0.8651831823279105,0.47354848810758443,0.8280934509816504,0.6772846528128252,0.7861482530365604,0.871672505802185,0.8350194907269364,0.7708810648476301,0.8905805907023662,0.7929019273053544,1.1485468414971463,0.7884238108019705,0.8325526994977621,0.7567369186702773,0.6009019438162462,0.6771197283308423,0.7668033574844973,0.6124346710327915,1.0700791675112553,0.6225928218452519,0.8408276788780333,0.4146863891405339,0.6226942107340139,0.7335785734370717,0.35802135893290943,0.0,0.736320265211383,0.8625737165729166,0.8296088856974603,0.5853977174320714,0.573538816042938,0.6242744037381182,0.6091553661450068,0.5051181330850925,0.5451874813936185,0.7041777467099676,0.745462500823409,0.7352654316885934,0.9135698447303279,0.9961818750556493,1.067265200250713,0.5909229752345513,0.38019278244640464,0.5204881548466324,0.640532481061281,0.7783962281635002,0.8674088667294415,0.970644532422495,0.0,0.0042191752998068524,1.0437508429525637,1.126789886870592,0.6542521726215121,0.7368185048965081,0.9673452203168799,0.0,0.918927470088885,1.013241495686561,0.0,0.8201465351575615,0.9240883124140093,0.9693739701069891,1.0416495148650846,0.0,0.8424569471114607,1.0332472005281643,0.9009275812110011,0.9773955881621066,0.5500280908342827,1.0259433430805078,0.931323652196622,1.029696545265875,1.0651957898130822,1.078047351513918,0.49065076540203223,1.0126838696110474
0.6603554731951693,0.7755066906703075,0.6040956244442166,0.9656755586554767,0.5619708948073319,0.46591456081335014,0.6094287341740058,0.7258277674889047,0.470623414516266,0.8971578987075901,0.6672921245337458,0.8160305205185739,0.7367768780565697,0.8873779255089824,0.3684492781070433,0.8097244145800415,1.1204005680339622,0.962565332516258,0.5971415615274605,0.21536545555960593,0.7110819787595924,0.49223700327241393,0.4342753677941544,0.3706193609786941,0.9022250978733799,0.736320265211383,0.0,0.8721750150178916,0.6722286190815938,0.7587893217197315,0.816012754491984,0.917225184802692,0.6256981582684089,0.8245172621946277,0.9242566000954224,0.8157794307731385,1.0182096818002264,0.7919683348230087,0.9159715071016328,0.8258596306581114,0.8680365008859368,0.8422680407955059,0.8101543069201818,1.0172279923964598,1.133005387083597,0.7748119095783224,0.6819470246498855,0.8030856078210553,0.7588215121487103,0.8422662705684256,0.8658542085800164,0.8540498616026833,0.718400762738219,0.7964520463430296,1.0231956471876549,0.8317739455199021,0.5969856459820186,0.8499919963829873,0.6790723811411723,0.815824824985691,0.8312411507770907,0.0,0.8309434646925158,0.8748411598861259,0.7981100091551498,0.9566497537086118,0.7509751763606636,0.8248323550569389,0.0,0.8885988792616274,0.7208705184237449,0.8101335220911692,0.8855482602603735,0.9610244335411671,0.8560229799649215,0.8461821125591413
0.649044257324076,0.9827134023673898,0.9643537850875775,0.6888322824699036,1.1071644692708849,0.7868887470140611,0.8081461643592518,0.9292968030716638,0.9228701595640996,1.0118064039316876,0.9165818387038003,1.2239592634501968,0.6837791922734063,0.8152898143510796,0.7619515915309907,0.7645564186545414,0.9968481582072648,0.7423033312102765,0.9000796037552043,0.7637395575538257,0.7737258470604238,0.9204191337686376,0.883778093916302,0.7531721208040495,0.8656016060065648,0.8625737165729166,0.8721750150178916,0.0,0.7689283456124758,0.7173259374053318,0.7451317831316322,0.9579973205210792,0.6927915729971643,0.7852431174210612,0.7085881470301911,0.49132194215611724,0.1508715760650919,0.83913643579256,0.5708934602959901,-0.001419356527587401,0.7680639385098476,0.654494459932476,0.8276382544587119,0.5329123208321778,0.7509029219017831,0.9808389194129132,0.7554564902494338,0.9989580439136586,0.0,1.0874119368256538,0.9746636641435888,0.9488579544316971,0.8759643893818778,0.906042208837018,0.8547626468691178,0.7229018610962188,0.6880875111029665,0.990136255309229,0.4208783850363986,0.8658511726924896,0.732598363098589,0.3538309208540198,0.9171887648589949,0.9469383545947303,0.8457552007654611,0.8951041680280001,0.8196849118640943,0.9330836311853528,0.28552871457619233,0.9855434105455303,0.7669902321393558,0.9238006994981718,1.0147482415758367,0.9719826686868815,0.9192522811143158,0.9545997547669642
0.7937468284026029,0.747580671101163,1.0911339100780162,0.7113427036163994,0.8022399204111206,0.44276813426226413,0.8295537024608897,0.7861270376583653,0.7309695445877544,0.9534917789694234,0.7903881683480348,0.7826694111986476,0.8305771923708484,0.47438942848218985,0.7720280678098701,0.6009971024918006,0.3840522880816535,0.7376400054034373,0.8304988208225111,0.7161042688497588,0.7141118392494163,0.6272512114794917,0.811750368350254,0.9774776322745489,0.7673113452255079,0.8296088856974603,0.6722286190815938,0.7689283456124758,0.0,0.7466718042810847,0.7592888603608741,0.6865049556396942,0.516070700852347,0.7568410732295776,0.7948025217109469,0.9272386784654734,0.6481176205513288,0.7859894955296542,0.817428731167235,0.604385079655756,0.7689852807196305,0.6294696584111654,0.7797406066141209,0.8721504123029462,0.6840613819041166,0.8633111558544698,0.711575417567808,0.7495421674226848,0.4790942260471063,0.5762054941589676,0.8503211857974602,0.858943276988489,1.0035956435172495,0.8721256900056134,1.0140581909447004,0.630577416954782,0.8667048764032743,0.8422263590278416,0.5893578317123116,0.7835058000473775,0.8296419496776628,0.48334618499711024,0.8659940850628525,0.569347208005763,0.7755477925522841,0.8902118786096078,0.7555731017578604,0.8291820421221792,0.4510703123720258,0.8503719560277085,0.7563318469303574,0.8364956958525276,0.8295048725770917,0.9235474860334578,0.7938890598169204,0.761175491171572
0.5915092597087067,1.116763259622016,1.0633767885777106,0.2989900527714114,0.8635860801036546,0.9478647149451207,0.8554576611043718,0.8568559958720674,0.8864337460735279,1.143744703987142,0.5120075556119916,1.2170243439130315,0.6540769304066636,0.8595210850336042,0.8682381334647924,0.7000685042395975,0.6035031734131033,0.6546228556776925,0.7192993438723652,0.8811000191654565,0.7568368861706847,0.8259712422345142,0.8300335218244079,1.0709780942440439,0.6737550636432444,0.5853977174320714,0.7587893217197315,0.7173259374053318,0.7466718042810847,0.0,0.7065271383020695,0.5975243841570015,0.5125135259704181,0.607572875470898,0.48645752345342474,0.5731162873424493,0.28944352680399044,0.5242904482633863,1.0454979024722768,0.4570394251053116,0.6730801321034461,0.8023690451314478,0.8229055693322194,0.26809452660791205,0.0,0.0,0.0,0.5986255085742721,0.0,0.0,0.7599108578884313,0.8418315536228365,0.354408758350789,0.859613220644433,0.4732760077740009,0.0,-0.00525533579967024,0.8517943804133796,0.0,0.7040905605546675,0.0,0.0,0.9645837720512158,0.9259254727957953,0.735790847603021,0.7869076490721377,0.7876446239736821,0.9424967745259345,0.0,0.4380759866804945,0.4744010628373224,0.8898699960621893,0.9082192198473844,0.7931697862044417,1.158994100300496,0.7127596363915548
