0.0,0.7162784708370274,0.5190272951494048,0.0,0.7176508414210521,0.5281526716977011,0.638454999514052,0.4826493188327023,0.5224144119893888,0.40357192124400965,0.4806799943963538,0.4197322563552395,0.8282161209391052,0.597532848811359,0.43769072784069696,0.9487687664853748,0.5377582376792899,0.8213094127074709,0.0,0.7071084449909335,0.414231287071151,0.6606307727540217,0.49165507987495993,0.6251045077122046,0.6372629855596255,0.7545788198905404,0.6015407548775988,0.6920569798162872,0.5871531102142553,0.739627147829548,0.5348823722427783,0.6033936143210343,0.6985097509285128,0.3347297007281497,0.44737071033800324,0.7446170192314728,0.5078992665670206,0.6085420889328317,0.7341501422032046,0.6976206026993544,0.8383445169246584,0.5265477793431579,0.47561452832236467,0.0,0.4057126155268762,0.597138493464204,0.8839998837926897,0.0,0.0,0.0,0.3237640363012841,0.0,0.8973568397162195,0.0,0.754459047601128,0.0,0.7085251293654583,0.6816270396530939,0.0,0.7930386150267781,0.9557421682472967,0.5817676917140998,0.6978858719168957,0.0,0.6562993803152273,0.4854615282791028,0.7504866224773201,0.6283911802706955,0.36139348706783564,0.844278078746199,0.7638629019357028,0.5578367920219951,0.431270026271296,0.7452054264758161,0.0,0.5659055165897258
0.7162784708370274,0.0,0.668183045821299,0.4113773255698651,0.4354030982562071,0.5072230121621304,0.4156751133595873,0.6759239796135535,0.4373788224508134,0.9138205825475767,0.5138779440975185,0.6626977773026721,0.39231568700412645,0.7631486759870544,0.6351499413336701,0.8115947717317764,0.7497751217650019,0.713260264325304,0.7771730999760014,0.5961144572098147,0.5514359606768563,0.6954815747270762,0.6844150371387887,0.6025535045583399,0.5261148468087903,0.6581056334699704,0.690970896658246,0.525447716805832,0.4385031383882377,0.5662386137293594,0.6216652261908122,0.4983190271891097,0.46880742521784613,0.43243824142048937,0.518186611909389,0.38962750595528994,0.05017588501133016,0.0,0.7391171475483538,0.922344351438268,0.7282200753588828,0.8428299470534046,0.6182532754924646,0.0,0.0,0.7951077717974248,0.8814868018896694,0.038537086671212785,0.0,0.0,0.7979151638339051,0.8816669756025515,-0.035489364520974453,0.8361541090497777,0.8729239421354318,0.0,0.7364735033761565,0.8515703876878634,0.0,0.556452485785836,0.9029322497226857,0.7460005892549819,0.9029709301885627,0.0,0.7812362742023529,0.8540959138544557,0.8646071930023247,0.6690601804871088,0.5345659110863672,0.8716231474079685,0.8104092804607739,0.7226342396373949,0.898091425315992,0.812130526086787,0.0,0.8714245246202308
0.5190272951494048,0.668183045821299,0.0,1.0073258381940526,0.5860155662862706,0.5885470595592008,0.6835696236637185,0.6741960304999903,0.5483316644603096,0.7890463162864151,0.7534465428916708,0.7393293851378773,0.6963948072668041,0.8720485283251951,0.7571509715163605,0.4658964018962678,0.6584786459224965,0.6541191462185016,0.5542610388314517,0.3854221151510891,0.5304554632074585,0.6497833521335215,0.6744481175578361,0.5710956872404245,0.5479425020400943,0.8018477811656123,0.4195294557238569,0.817568305944277,0.6365957703143486,0.9973440062788237,0.7666519924400657,0.8206662180045636,0.6374219280458954,0.7943754748482222,0.7281581446151788,0.8204166877911103,0.6278315052030778,0.655301986729262,0.8230576009285719,0.4940488725224247,0.6242086968369862,0.7124531414294463,0.7044279629728646,0.8443364142471822,0.0,0.0,0.404568031741895,0.6076670718275554,0.4762529728577032,0.7310818094762237,0.7652509766991439,0.7409477209599464,0.6201024431905093,0.866138154552252,0.42026445789245104,0.6446805055948909,1.0910394582787095,0.809172089601656,0.6173564753397429,0.36162722836594186,0.0,0.0,0.0,0.5997674276956201,0.9342350638014066,0.4158791165818081,0.25394833603314093,0.7023176045066488,0.0,0.5618554542344272,0.713769717046427,0.7710567041992931,0.7088127913012823,0.8615489236970852,0.6952814221569645,0.7212883915501154
0.0,0.4113773255698651,1.0073258381940526,0.0,0.6034512495409606,0.8306018349575907,0.7515827269055888,1.1730033019009194,1.0259497858959172,0.5087999804445283,0.8284126825050937,0.42916123000356804,0.5914354542255844,1.0092146563241824,0.46636197904194465,0.3109003649175673,0.40667961404892056,0.47287086459037053,0.857464208864839,0.584961756050465,0.4774130021435562,0.44090200567811816,1.1901798379808382,0.1591844384240343,0.8102683778547533,0.5928847483414198,0.8103429085914131,0.1743893944223203,0.5513149769206218,0.44656313395501307,0.4643144943047759,0.49937676761859706,0.13434733485169087,0.47746687258629716,0.4013687735163405,0.6457400164992229,0.4074965467170203,0.5065082189366852,0.196634297417755,0.37463691167605107,0.7994943389072463,0.5104573531507912,0.3622031595470588,0.14763737729968687,0.0,0.0,0.0,0.422052911051519,0.0,0.0,0.9394085786785809,0.0,0.4682511742098622,0.3581001949320836,0.0,0.4472132281003856,0.3155433700514563,0.45355814928264515,0.0,0.0,0.0,0.0,0.0,0.0,0.0,0.0,0.4721062317061313,0.7464567583776169,0.0,0.0,0.0,0.7194017898864427,0.4815700827455887,0.6529305304031672,0.0,0.0
0.7176508414210521,0.4354030982562071,0.5860155662862706,0.6034512495409606,0.0,0.5566761597478269,0.3525305275769437,0.8165426858319836,0.5406695990234228,0.7318960293333405,0.4294015645781154,0.255052423208915,0.7176711372858489,0.4944680847812862,0.8478158774767479,0.6471290223602483,0.7822157005717958,0.5660971757318304,0.5608554196860804,0.736877714005639,0.7870511431891521,0.5334748776498452,0.6880903388197501,0.6443818850494694,0.467496014232197,0.49408987700610274,0.5226779654746938,0.6918451483825729,0.6791628346888339,0.640486753681923,0.7388449557145724,0.3912162373484621,0.2592212159025056,0.7383389400013131,0.5036590067804605,0.3767102859245406,0.4501535034115405,0.46872828220732005,0.8831691388835169,0.42312706753633317,0.889023201053641,1.1250810020380748,0.8967247768949473,0.5234046847014311,0.37048865780294177,0.0,0.4591359857637204,0.6904449684904759,0.0,0.9002619024636712,0.8067917816112834,0.9105089886855854,0.5302778570264162,0.8219100730729958,0.0,0.5561115636815888,0.4470977302157586,0.9714908473059151,0.7203517229135395,0.47249898413891145,0.46161936798834036,0.0,0.0,0.6105006079453228,0.7190003129910689,0.4984998170836582,0.8109392530541362,0.7360376833383706,0.0,0.49383799943435025,0.7973579958971517,0.7363732820053506,0.8553218598177326,0.6687050264242866,0.0,0.799685324597372
0.5281526716977011,0.5072230121621304,0.5885470595592008,0.8306018349575907,0.5566761597478269,0.0,0.6542074966936705,0.6573434795617215,0.33514823157497975,0.8473613486140393,0.5826707776755544,0.9582846885403495,0.5095539175954542,0.4563270063318203,0.7318720543180908,0.7185116176206712,0.7733999804177119,0.7632810783235412,0.5160752234551349,0.6642339300093449,0.7080847496402731,0.5478931606102289,0.7021925194483075,0.660604499452776,0.6573107103772173,0.6878745006617009,0.7738904174961936,0.696343170213171,0.652171665052569,1.0401916653115522,0.8385407978388808,0.8338179140883322,0.9366529707718483,0.8837077298416317,0.8234804144271867,0.8830370673284772,0.7721194967377201,0.7367818456107651,0.6079481364226256,0.5014055972981791,0.5822283480001089,0.7938315771229392,0.8665558686460701,0.7753990325266993,0.5228381373641801,0.694122952138258,0.7469930185567797,0.8236637995166733,0.9162060920695658,0.6955415522232731,0.741237557998558,0.8787877574223676,0.6345632172748673,0.9141260920100307,0.9023482604967048,0.8317997558486906,0.6328905871035717,0.796811816791895,0.8633816721216374,0.6706373800690232,0.8295358146446106,0.0,0.7143314222932002,0.696711923773803,0.6746432805145982,0.4399462470369634,0.7482110720115873,0.6855897604373284,0.49732625022169635,0.7402326196801159,0.6947985493824358,0.7544357237883157,0.7031145405769025,0.7787938654984763,0.5418121087255794,0.6892353118047776
0.638454999514052,0.4156751133595873,0.6835696236637185,0.7515827269055888,0.3525305275769437,0.6542074966936705,0.0,0.752232569444238,0.590333400361694,0.7386215795879331,0.6233129005242248,0.46913112055225614,0.5431379639216704,0.7091369936855098,0.6417514137782372,0.6724643798131229,0.8682662255398381,0.6935456928993757,0.6365842676486405,0.6569224452021376,0.6565241506608296,0.536371100205414,0.8174332996640041,0.01437983710401286,0.6671176938732335,0.7755912306182144,0.6822954793182647,0.7238785231435261,0.6214720382939727,0.7156850043705134,0.7154955215053966,0.7510441602016812,0.5880030022571072,0.6167300662188796,0.37514335594739234,0.8409964163865243,0.5680373351252902,0.8428321346778791,0.9194392235864908,0.38641616713998567,0.778052907637704,0.9199272763923447,0.97428896014281,1.1392506331452914,0.32420960326718806,0.0,0.7989551298527454,0.6343729518355042,0.0,0.8515317238223521,0.7741345546776863,0.9088629068786096,0.6288854774338863,0.9310580839262299,0.646662858245237,0.7298880628732682,0.5533761766667435,0.7795079038687258,0.7818565739854212,0.6496868347269282,0.7342942437979617,0.0,0.5056364600873249,0.8321012654628581,0.9322842721433742,0.8006724824536582,0.8557318862605243,0.7523421615422614,0.4629872291486907,0.8132909743625016,0.7499264188617256,0.8052486784129694,0.8229091172998019,0.6760853273104919,0.8260647761786346,0.728488823535279
0.4826493188327023,0.6759239796135535,0.6741960304999903,1.1730033019009194,0.8165426858319836,0.6573434795617215,0.752232569444238,0.0,0.6155568182722968,0.6310627121444361,0.2890915677846839,0.5676724224714883,0.729263733926364,0.9150143522807657,0.4843032388065276,0.8205480195373669,0.6222359687352929,0.6685251592049997,0.4769607166240154,0.6751684824396511,0.4758731895875313,0.5186182830577319,0.5537988447807174,0.5059398475948649,0.5361726421661582,0.6555822076501073,0.5945872466807857,0.7978379413906067,0.6955159505811452,0.9183583176594317,0.7798471592187182,0.8105653243570681,0.5304454855822291,0.7048991061328548,0.5272945741805811,0.9291486930749617,0.6213981433106959,0.5359171359322495,0.5934455953159641,0.6061585071958271,0.4212001671245788,0.5144657915451138,0.5369821006107727,0.7152874021583999,0.0,0.6155656970040266,0.4437327700337409,0.7106056116396888,0.0,0.6542572806997958,0.7305848662701039,0.7515447820493206,0.5244530726641576,0.787032943882132,0.6466169772078435,0.45372219416379334,0.992896375022027,0.7135750789749937,0.5376268536089974,0.5131445201598324,0.7425624045630392,0.0,0.5839949565732119,0.5638648788826462,0.6513741940330993,0.4886687352618549,0.583900986381849,0.577645811868577,0.0,0.7917877739901092,0.7520130093523605,0.6507568945123696,0.6925036461626106,0.7448446525234872,0.588340104785901,0.556061904358228
0.5224144119893888,0.4373788224508134,0.5483316644603096,1.0259497858959172,0.5406695990234228,0.33514823157497975,0.590333400361694,0.6155568182722968,0.0,0.7644999519277493,0.5505403666319749,0.7023818714369133,0.6662201139698591,0.8194631635950755,0.9248673008199588,0.6594023422103426,0.6876334732375755,0.8069441613409903,0.45180967355456836,0.6002036991304653,0.6124849172028934,0.5513537586088275,0.6602040544859651,0.7618276196870797,0.9235954112890007,0.9706173699865187,0.3544901108589497,0.7878682827058969,0.5243843013664713,0.9565838255594495,0.765169608320796,0.8031657977998435,0.8426504517011486,0.7708172405177723,0.7182292335920375,0.716110045422051,0.7458116047096172,0.8018435326981542,0.8018874151274624,0.5269976123377298,0.7135807090326083,0.9215363989721329,0.5168719294591231,0.9185494772602438,0.36723993639363417,0.0,0.7068212057601015,0.7032091064116043,0.46861132469245104,0.9704771667709082,0.8869805937619049,0.8928983668045587,0.655179927008846,0.7546785822932003,0.5405113604259009,0.6075563516153688,0.7491138276640967,0.7786781024386698,0.6765024638752776,0.8371232650234702,0.8467209541182372,0.0,0.0,0.6191291892298374,0.8447811825857134,0.7053686638483808,0.7553431422370306,0.7455114565639702,0.4198334845653714,0.7782629486244539,0.5887250917928355,0.7395925647928693,0.7500157981407565,0.7720484237447152,0.905855667427429,0.8439540019330853
0.40357192124400965,0.9138205825475767,0.7890463162864151,0.5087999804445283,0.7318960293333405,0.8473613486140393,0.7386215795879331,0.6310627121444361,0.7644999519277493,0.0,0.7013346038308363,0.5112222626621141,0.6968921881307742,0.8463852868102031,0.6178072852663374,0.7608744434410071,0.9627178659806548,0.7324006473686119,0.7982549842499216,0.9828942582594307,0.6978832902577707,0.8071699634028575,0.7766247763069736,0.31785282121400354,0.7544228229055845,0.5841442569149309,0.7436404868743414,0.7378591424983796,0.5485809522486769,0.3973785220730099,0.7206978551560961,0.7235420418121876,0.9363569497664271,0.7176565647474404,0.6673168364388159,0.6861183830859916,0.8025010720135343,0.6426858382795699,0.9429161710833216,0.8108286956107871,1.0334242663490865,0.8790284781374916,0.4786484367633319,0.4245607296627275,0.7691109702615619,0.6758524170517755,0.9708538920843565,0.3560234679886073,0.47267962548412107,0.49002176036082323,0.683288886720101,0.6536423078356794,0.7355695025236273,0.40940647358050597,0.8001263714446383,0.6517699733080417,0.8046684155980198,0.9863270712629344,0.0,0.6134099569567785,1.077297574169997,0.8412394225973301,0.8053183644411989,0.4837865618026866,0.4761551371440592,0.5825641070353891,0.550066036691006,0.6103611532362306,0.5560189781380047,0.7640551779277502,0.8016242771180859,0.858506695846117,0.7083541005449742,0.8275144845227721,0.0,0.9340787959094167
0.4806799943963538,0.5138779440975185,0.7534465428916708,0.8284126825050937,0.4294015645781154,0.5826707776755544,0.6233129005242248,0.2890915677846839,0.5505403666319749,0.7013346038308363,0.0,0.4519401995054317,0.6156738934260821,0.5365441525976308,0.0,0.5013049255136602,0.7864630107090815,0.7947055077875421,0.59044786891048,0.4622428201927421,0.4846686664003773,0.45032814659051107,0.7621117904618823,0.7170970650063042,0.7458472453353153,0.8440713640979358,0.5104361242255112,0.6524767316067768,0.5973755457543273,0.5103799528182243,0.6650140539405716,0.8032329283645852,0.5389955703412247,0.6783270915013687,0.5666612823638782,0.47946223822147815,0.5376307201956982,0.6326158209081545,0.8152170630750988,0.5839303427365854,0.5292086664487851,0.661986422272492,0.6035512537763333,0.8347933742146382,0.25847269547221885,0.0,0.0,0.7465771351970145,0.48090216777989636,0.8153382739908539,0.8696230509566889,0.8406799800907548,0.48023235965180955,0.8117840728122874,0.7042618122450541,0.7020017069602177,0.6312489739949423,0.9928662983637094,0.6703452883092305,0.0,0.0,0.0,0.0,0.8107034182750575,0.5787932810008996,0.0,0.5331920515211823,0.6770134023556,0.0,0.0,0.937005665703781,0.8439869230816773,0.7951196063608938,0.45143752386008196,0.0,0.8284167261511652
0.4197322563552395,0.6626977773026721,0.7393293851378773,0.42916123000356804,0.255052423208915,0.9582846885403495,0.46913112055225614,0.5676724224714883,0.7023818714369133,0.5112222626621141,0.4519401995054317,0.0,0.5700147131483246,0.9340568122697595,-0.07474738721541033,1.0166056939225752,0.9864436102051239,1.0171799967553135,0.7068871598449545,0.5069198847495112,0.3533761506016245,0.7843036227467899,0.5022643135355487,0.37794444319566867,0.802117439126641,0.4577557990010055,0.8294408169181862,0.5137871916170373,0.8098709545789713,0.5695267327187755,0.6143104532132004,0.3856316510824821,0.7213878213810736,0.3635282647324323,0.49208405636132857,0.3465008776787145,0.39898594410590116,0.34937437678203354,0.4384477197356079,0.8788805090131963,0.9205058403212054,0.3584467124277545,0.503716974480334,0.463368824569937,0.8351762480446019,0.7546456212630364,0.7130927379151086,0.6514295785571835,0.523260691812667,0.46494686104281135,0.4300703699638178,0.577699757888656,0.38566641751903474,0.45195404975808534,0.8813818067081503,0.3040634470854174,0.9286828254667868,0.6164886536688827,0.5734444901549502,0.5495248124156243,0.7174503185258094,0.8368185905632171,0.8623642250221748,0.6151451380785519,0.955740472677367,0.920600369358048,0.5845865029266109,0.6041738182950946,0.7168546121978181,0.80853139049329,0.7993458383416627,0.8853820683655333,0.953504531109041,0.5510244644816542,0.0,0.8690472997350631
0.8282161209391052,0.39231568700412645,0.6963948072668041,0.5914354542255844,0.7176711372858489,0.5095539175954542,0.5431379639216704,0.729263733926364,0.6662201139698591,0.6968921881307742,0.6156738934260821,0.5700147131483246,0.0,0.7582391772014674,0.7849154002115644,0.6739268758601102,0.7993863546221529,0.6806520304407393,0.682690353620028,0.6479717464068673,0.639050123170453,0.5082722337776293,0.8194086911063833,0.5183579711386352,0.8078281127202818,0.7410807281139302,0.6852216204213866,0.29690390501045505,0.6256758917039235,0.21954554158975556,0.5247241457010394,0.7512034051742139,0.5463487993211653,0.5620241392669114,0.4780515165903981,0.5862339406666126,0.4663920587668097,0.6973657697183324,0.8713655189808094,0.45567443180497263,0.5839257874870238,0.8793376504116281,0.9091756576712724,0.9139932133441699,0.39899720578572656,0.6715677928169863,0.8076754801489758,0.8993422938815436,0.0,0.99037635301517,0.7948989820335857,0.8733741029495015,0.6126788172418074,0.9618667567015052,0.6950009093728872,0.839174339790978,0.8693777022164145,0.852119235003051,0.7939008118483506,0.68842203688032,0.8446713604964332,0.6692416195222958,0.6802989840247923,0.7997823335412602,0.7342584500036713,0.6448085959257345,0.7847118732607947,0.7591992766322655,0.6675189176954657,0.8478614216860596,0.6620687700271997,0.8295850196543924,0.7989531641073084,0.7278335231600519,0.6665360918505553,0.7650056956106439
0.597532848811359,0.7631486759870544,0.8720485283251951,1.0092146563241824,0.4944680847812862,0.4563270063318203,0.7091369936855098,0.9150143522807657,0.8194631635950755,0.8463852868102031,0.5365441525976308,0.9340568122697595,0.7582391772014674,0.0,0.35409062197358243,0.5083808098579301,0.5040294689515668,0.47634616309182,0.7644767865184408,0.5509541917476903,0.605712311143317,0.23964258141055594,0.7058521108535324,0.8053088318374297,0.706478806010495,0.7253518911815163,0.7988057026750308,0.9237984855345289,0.56415645434467,0.5689058364632357,0.6825959560220299,0.3649058997017156,0.410856625319031,0.7945986706548901,0.5659526630962839,0.24762208640268338,0.35524388355148717,0.6360608328291156,0.716173258460796,0.0,0.6662556542290381,0.6981630992392034,0.8668912430410851,0.47563124470392754,0.0,0.0,0.0,0.454790460939713,0.0,0.6004638086490672,0.5490862673313325,0.7738006491019428,0.6768435222876119,0.5210339036883278,0.0,0.7669920622927386,0.3943192280272573,0.7002885078620156,0.6706936084062168,0.0,0.0,0.0,0.0,0.5655481112200769,0.0,0.0,0.0,0.5338412148276983,0.0,0.0,0.0,0.630184730715538,0.9102015627530409,0.0,0.0,0.0
0.43769072784069696,0.6351499413336701,0.7571509715163605,0.46636197904194465,0.8478158774767479,0.7318720543180908,0.6417514137782372,0.4843032388065276,0.9248673008199588,0.6178072852663374,0.0,-0.07474738721541033,0.7849154002115644,0.35409062197358243,0.0,0.7493822865223074,0.4691617039020252,0.5996325525896382,0.0,0.8180922949761075,0.6611744276991414,0.7231142483969113,0.9269871761799042,0.15172027582665887,0.5658696145084199,0.5455059756812541,0.8210040436172326,0.6065491368496465,0.6257775904346488,0.635624742224616,0.830746920549285,0.6162454553030051,0.6707399106428034,0.6638065839307155,0.5885895092060169,0.7429391913470782,0.5608056207615154,0.39161378821222037,0.4723880334139138,0.7205319347344155,0.6063122713869502,0.551498143854368,0.7366235184473993,0.46874990473382894,0.0,0.8489962636018688,0.8680929627160754,0.7221011569287663,0.0,0.0,0.6185701078214589,0.8938940752304936,0.5554094453407948,0.6243495018454974,0.0,0.0,0.5458809158276701,0.7245318015053337,0.4818668537744639,0.7165757605212653,0.7308447914532222,0.5362318692138688,0.9690783848572788,0.0,0.7790673124607517,0.7075737625574643,0.7112678919664579,0.8253122593078402,0.4816125379525175,0.7652127350640054,0.767935285681973,0.7565455525208062,0.7252626932439651,0.709280495465622,0.6097485562425609,0.727673174935899
0.9487687664853748,0.8115947717317764,0.4658964018962678,0.3109003649175673,0.6471290223602483,0.7185116176206712,0.6724643798131229,0.8205480195373669,0.6594023422103426,0.7608744434410071,0.5013049255136602,1.0166056939225752,0.6739268758601102,0.5083808098579301,0.7493822865223074,0.0,0.8831717915296106,0.6831581456744888,0.463143672205748,0.8592585734069358,0.7842164067781527,0.6938815449478166,0.7639624023873183,0.8888083021022488,0.7742867762744892,0.8143971187498757,0.8050823933157882,0.6657793992644117,0.7151533149704714,0.833520035331732,0.9867440498967242,0.7121376423450094,0.721336042601207,0.5651341873584121,0.5039528626733232,0.8062831091953326,0.5454871151041631,0.5215044330093642,0.8265081748784894,0.8823316261619634,0.8976541500968152,0.7879471708943978,0.46961019461063636,0.0,0.0,0.8508144975008288,0.9453096025174219,0.0,0.0,0.0,0.8091125263229602,0.7820200290608713,1.0283663960774359,0.0,0.9297453103965687,0.0,0.7900578649861543,0.8721636540253992,0.0,0.7876493517794366,1.0201180942790493,0.7967649081055967,0.9902216291599182,0.0,0.7335456746010995,0.81162221388838,0.8515161580660034,0.8873200939987413,0.7466907893394513,1.0478353431839635,0.9206374324492524,0.6631547915060367,0.8669541631408231,0.8245927926980485,0.0,0.7975399718512948
0.5377582376792899,0.7497751217650019,0.6584786459224965,0.40667961404892056,0.7822157005717958,0.7733999804177119,0.8682662255398381,0.6222359687352929,0.6876334732375755,0.9627178659806548,0.7864630107090815,0.9864436102051239,0.7993863546221529,0.5040294689515668,0.4691617039020252,0.8831717915296106,0.0,0.7787266668904205,0.8068855132022448,0.6639696640406454,0.5404413142023796,0.7310130156758678,0.8811000564447533,0.9040405417989312,0.7580197995164819,0.840806297932519,0.9694661883670865,0.9661952384727828,0.4675186809948976,0.3641395655188154,0.8151488389890011,0.9417255691491921,0.9215900349226464,0.7619640836525725,0.817464085386516,0.6627016655490247,0.3695054070791798,0.673494716433245,1.0695805552744102,0.9836389149521769,0.9210893155502149,1.1565715365835953,0.0,0.0,0.638464800866098,0.8623886998405468,0.933703016660684,0.0,0.0,0.0,0.0,0.0,0.0,0.0,1.040062786195473,0.0,0.920711334399004,0.5654583534944043,0.0,-0.5947410151457219,0.7566079385361595,1.0734845911235633,0.9719202370756954,0.0,0.0,0.0,0.7767098712048885,0.0,0.8494109659726431,1.0544219357686362,1.0007161909698843,0.0,0.5333204428166978,0.4785720534056135,0.0,1.0591329702197996
0.8213094127074709,0.713260264325304,0.6541191462185016,0.47287086459037053,0.5660971757318304,0.7632810783235412,0.6935456928993757,0.6685251592049997,0.8069441613409903,0.7324006473686119,0.7947055077875421,1.0171799967553135,0.6806520304407393,0.47634616309182,0.5996325525896382,0.6831581456744888,0.7787266668904205,0.0,0.760768234790463,0.6919559730235302,0.6832910436307298,0.5253212493655364,0.7414033943292331,0.8808969183619231,0.7157130276256143,0.7931570055262687,0.8600636562830335,0.5883775198978527,0.5404692951175594,0.6573614687946274,0.6375571715993629,0.7946248711349777,1.0008573720496614,0.8547786589480264,0.7558442099891727,0.3056499427990068,0.40544812591721535,0.5892821502574549,0.8596131311906131,0.8797292263651013,0.866556330063934,0.9348749776046874,0.0,0.0,0.5257309125927168,0.8343396472165298,0.888353938588937,0.0,0.0,0.0,0.7941587969209449,0.48549780642838564,0.5830766013715274,0.0,1.059255139489362,0.0,1.0541859767147035,0.9284299220399238,0.0,0.7444300457872137,1.0102811652866008,1.0267511995665395,0.9262113330621791,0.0,0.7160254961954546,0.8464382524189895,0.8070911814385854,0.8849441865345611,0.757105179463581,0.9394976745698276,0.9748128303847422,0.6235183725595665,0.8741863483255993,0.7531713971034082,0.0,0.9830624776509562
0.0,0.7771730999760014,0.5542610388314517,0.857464208864839,0.5608554196860804,0.5160752234551349,0.6365842676486405,0.4769607166240154,0.45180967355456836,0.7982549842499216,0.59044786891048,0.7068871598449545,0.682690353620028,0.7644767865184408,0.0,0.463143672205748,0.8068855132022448,0.760768234790463,0.0,0.525016473677339,0.7727277984077359,0.8040644719962226,0.7591993139124952,0.5897299551341489,0.7789803237255852,0.715124435115298,0.4126404548311683,0.7849988314002913,0.782479224856134,0.7173706190311286,0.7311908642015055,0.8205025069344895,0.5471238144433744,0.7635628843391471,0.7037756763536673,0.7718884130505497,0.5715196112032591,0.6462083647267305,0.937993394002804,0.4709579498703692,0.4437597252424714,0.6239745221463348,0.5549915580754639,0.5622467996211881,0.010385932472044128,0.0,0.0,0.5317720474800173,0.0,0.6366499037744916,0.6786635388857246,0.7769040154931446,0.49078338751625944,0.73467563245615,0.621418867306561,0.38103864012715694,0.7011815864531121,0.5601215292395387,0.4096893342810372,0.0,0.0,0.0,0.0,0.6119920525263906,0.47874219892536163,0.0,0.49685556391738167,0.6390048973576156,0.0,0.0,0.0,0.7438610790788428,0.7715857265428061,0.6936247651943432,0.4608806930817437,0.9830636312104546
0.7071084449909335,0.5961144572098147,0.3854221151510891,0.584961756050465,0.736877714005639,0.6642339300093449,0.6569224452021376,0.6751684824396511,0.6002036991304653,0.9828942582594307,0.4622428201927421,0.5069198847495112,0.6479717464068673,0.5509541917476903,0.8180922949761075,0.8592585734069358,0.6639696640406454,0.6919559730235302,0.525016473677339,0.0,0.7758474311872794,0.7043529753147852,0.686650583453777,0.5524349488490095,0.7972954757489968,0.6330361788447616,0.7481796928935531,0.6679011990403294,0.7640076176683376,0.9569303217973627,0.9141869253428533,0.6036002889906618,0.6017992783012442,0.7758038745753751,0.6434655628917412,0.8619775997904962,0.7449309443699719,0.7565412387028742,0.6660285274879814,0.6122365486111525,0.7240431655776922,0.5812357050093842,0.7933691077056576,0.661465654490716,0.3425431089810935,0.6078754366578685,0.818724017507742,0.8248016681052215,0.0,0.0,0.6349740220959128,0.7441670832081158,0.4459023783037288,0.5610938031872144,0.7897525067185358,0.0,0.48570095070416575,0.7376012798893752,0.0,0.6925937784634761,0.6480936143945935,0.47211688218833614,0.6727610400280974,0.0,0.6427166294929768,0.5868201455547073,0.6889744349596352,0.6534427832237781,0.0,0.8193245449387445,0.5856149427230026,0.6615140551888241,0.6582950646039971,0.707006032037771,0.6565015265576644,0.6689238132350279
0.414231287071151,0.5514359606768563,0.5304554632074585,0.4774130021435562,0.7870511431891521,0.7080847496402731,0.6565241506608296,0.4758731895875313,0.6124849172028934,0.6978832902577707,0.4846686664003773,0.3533761506016245,0.639050123170453,0.605712311143317,0.6611744276991414,0.7842164067781527,0.5404413142023796,0.6832910436307298,0.7727277984077359,0.7758474311872794,0.0,0.6652026019677793,0.6454584278464055,0.48519794384971027,0.4287982107510296,0.6935371036022749,0.7049029646822202,0.5997541220049132,0.524690991289768,0.7802992255940793,0.644962582352124,0.49534280457770197,0.49639845540834976,0.43570557738391436,0.5077502203304529,0.5113945251975399,0.5970833272077763,0.6246833780817249,0.5167613570282719,0.6237358437357816,0.505314700488982,0.46192540822966,0.8829510593402714,0.0,0.0,0.7101137525029737,0.8310883364795552,0.7846678781710268,0.0,0.0,0.6892506094153819,0.5349603342352377,0.5802336399956484,0.6448731092954065,0.7790991459693086,0.0,0.8129448096172722,0.616581487036149,0.0,0.5456495261412991,0.7497323637828686,0.0,0.908765756839582,0.0,0.6534326157285677,0.6899271214188946,0.7467255709966245,0.5171480754243575,0.6113679091541926,0.598130249907505,0.7809737818559077,0.5304598769814547,0.6190181717307582,0.6658714163461791,0.6172835811064517,0.5267679670855694
0.6606307727540217,0.6954815747270762,0.6497833521335215,0.44090200567811816,0.5334748776498452,0.5478931606102289,0.536371100205414,0.5186182830577319,0.5513537586088275,0.8071699634028575,0.45032814659051107,0.7843036227467899,0.5082722337776293,0.23964258141055594,0.7231142483969113,0.6938815449478166,0.7310130156758678,0.5253212493655364,0.8040644719962226,0.7043529753147852,0.6652026019677793,0.0,0.8792171625214973,0.2833435187948208,0.7778840692190809,0.6558784512464642,0.7605021508524497,0.613143063980878,0.6233973709995617,0.7900355843390494,1.004098321818405,0.6988765242627692,0.6130188218530708,0.8419879356956272,0.7149585679443332,0.7109553421557497,0.7615093927833281,0.7222551663073222,0.6893640899675579,0.7787446901192148,0.692679177516849,0.6523940597655064,0.34821632032898375,0.41272878141628794,0.40818766082255387,0.6780382957464366,0.8825066676647475,0.6881928692420103,0.47795448094052273,0.4036466835270819,0.8019249933794783,0.8645424322478257,0.4195962371079901,0.8034879798473553,0.5418769585631624,0.0,0.7302823102289693,0.8016590339012702,0.0,0.7397899263578857,0.803231339610402,0.6692280547281386,0.7720288618076927,0.0,0.7188952023902009,0.7396726149772215,0.8220217379735014,0.665188515716364,0.9039087795506342,0.8635705599514096,0.7723084679618963,0.7112293654814902,0.8719197322838554,0.7065741420045892,0.6437901461247081,0.8741562730973496
0.49165507987495993,0.6844150371387887,0.6744481175578361,1.1901798379808382,0.6880903388197501,0.7021925194483075,0.8174332996640041,0.5537988447807174,0.6602040544859651,0.7766247763069736,0.7621117904618823,0.5022643135355487,0.8194086911063833,0.7058521108535324,0.9269871761799042,0.7639624023873183,0.8811000564447533,0.7414033943292331,0.7591993139124952,0.686650583453777,0.6454584278464055,0.8792171625214973,0.0,0.46004352205042953,0.5620677764859086,0.5714289031519543,0.6171253694108902,0.7495811428997299,0.7330081818373759,0.7904123096818505,0.7707133515218163,0.7926948301995194,0.6008969769136732,0.7845667844945186,0.6713238844135816,0.7975547696825744,0.7929476578950598,0.5575034228099783,0.6771809189816191,0.7361927413726321,0.6292119278959896,0.6738560968555698,0.7907161034822499,0.7616006410900191,0.8112279244852677,0.3555977260309477,0.7454109015154298,0.8002085215967236,0.4885130768066467,0.8384193914274912,0.7152315978136934,0.7929047734285641,0.5705299729569332,0.8265279652424427,0.730761621254479,0.7429583720188434,1.0213434560080896,0.6865272726884668,0.6844647242822031,0.7552015316505534,0.7208346122162657,0.47615513714405916,0.665369794715057,0.7223832988205897,0.7107692569019384,0.5858288199238019,0.8132447676442303,0.7782667443641373,0.35576567066480297,0.7267360366190115,0.6299484842181817,0.6573498648196894,0.661549504244431,0.7824819368102341,0.7056341926170848,0.6767406292300749
0.6251045077122046,0.6025535045583399,0.5710956872404245,0.1591844384240343,0.6443818850494694,0.660604499452776,0.01437983710401286,0.5059398475948649,0.7618276196870797,0.31785282121400354,0.7170970650063042,0.37794444319566867,0.5183579711386352,0.8053088318374297,0.15172027582665887,0.8888083021022488,0.9040405417989312,0.8808969183619231,0.5897299551341489,0.5524349488490095,0.48519794384971027,0.2833435187948208,0.46004352205042953,0.0,0.6968521447630367,0.42520893560285683,0.6334243370394077,0.642693294418495,0.8161816981650978,1.0666355625811055,0.789067502814701,0.5779167576485084,0.6658551559529398,0.3451100415553583,0.3830343957172556,0.04778639377824889,0.38715723935690083,0.357893288730655,0.878378202816487,1.0683338007234129,0.938597111815538,0.9445597871440502,0.4418757322321115,0.5394497419106845,1.0675089158464866,0.46743582640984227,0.5560626219334995,0.0,0.0,0.4807151927366625,1.3666938704951777,0.3952397957985211,0.0,0.3075815517622902,0.9495923260716452,0.48270392514324,0.9087708145542479,0.7159304473996377,0.0,0.38275747827253453,0.7849411319041715,0.8663146688181635,0.7840087765470805,0.4597961601460663,0.44007341830727886,0.25893917023570384,0.8030330425986779,0.6728577041186125,0.5817237207029313,0.8594176454766678,0.7969822180211077,0.4561982621712698,0.812836167644452,1.138189358606319,0.0,0.7927368202978704
0.6372629855596255,0.5261148468087903,0.5479425020400943,0.8102683778547533,0.467496014232197,0.6573107103772173,0.6671176938732335,0.5361726421661582,0.9235954112890007,0.7544228229055845,0.7458472453353153,0.802117439126641,0.8078281127202818,0.706478806010495,0.5658696145084199,0.7742867762744892,0.7580197995164819,0.7157130276256143,0.7789803237255852,0.7972954757489968,0.4287982107510296,0.7778840692190809,0.5620677764859086,0.6968521447630367,0.0,0.573600604027916,0.7622073240000777,0.8308071654291144,0.5847371663357799,0.590555327016246,0.8734329972213584,0.5851300083766267,0.9509031749383476,0.7857242570513827,0.8795497012690947,0.6719800502608229,0.6498022771224768,0.8503771260642605,0.8729649444704208,0.8878130117289817,0.9407972592925127,0.9765657497018259,0.13670231876981503,0.0,1.0914536649227689,0.7798820346288419,0.8599654280604865,0.0,0.0,0.0,0.8157264955325136,0.7573539611595259,0.12239353961320801,0.42466494454443116,0.9787367590662532,0.47971680734240485,0.9823983741114518,0.6565999328327181,0.0,0.6988469413723082,0.9658123747941789,0.9579227414846532,0.9167649263325347,0.0,0.8909340334356108,0.5715162957618523,0.8605701672561499,0.6464428164016549,0.6973233685964464,0.9635055686839611,0.9371806486459746,0.657941309997822,0.8923183724075805,0.7118716599036251,0.0,0.9867424131410256
0.7545788198905404,0.6581056334699704,0.8018477811656123,0.5928847483414198,0.49408987700610274,0.6878745006617009,0.7755912306182144,0.6555822076501073,0.9706173699865187,0.5841442569149309,0.8440713640979358,0.4577557990010055,0.7410807281139302,0.7253518911815163,0.5455059756812541,0.8143971187498757,0.840806297932519,0.7931570055262687,0.715124435115298,0.6330361788447616,0.6935371036022749,0.6558784512464642,0.5714289031519543,0.42520893560285683,0.573600604027916,0.0,0.7367680701671218,0.7467578410281399,0.7809666248996774,0.5745445171205967,0.6182111121900671,0.5778429818241255,0.7116830520141602,0.5446148434062645,0.5488085865315833,0.6327450925114311,0.7511429650441289,0.6644111948453725,0.6459065461138029,0.8211714782067263,0.9197079207645724,0.6112170018499539,0.28031634771052816,0.5199629226049974,0.8026627805312104,0.6742319936918022,0.8942154432967403,0.8655669311003023,0.0,0.004178010210912572,0.7885057418301435,0.8654799459005684,0.5436761617579183,0.7001196749125055,0.8917793308980819,0.0,0.9412622533594387,0.8411019721232535,0.0,0.6810449419113966,0.8637589169866462,0.9222253723571981,0.8449649285621521,0.0,0.7155836959582486,0.8490814942703421,0.8688283531105554,0.6196039300981897,0.5650234983696911,0.9089581041416401,0.7822553483253689,0.6608929465703288,0.7690775194890089,0.7759608810791576,0.4899430351374494,0.8420371116167207
0.6015407548775988,0.690970896658246,0.4195294557238569,0.8103429085914131,0.5226779654746938,0.7738904174961936,0.6822954793182647,0.5945872466807857,0.3544901108589497,0.7436404868743414,0.5104361242255112,0.8294408169181862,0.6852216204213866,0.7988057026750308,0.8210040436172326,0.8050823933157882,0.9694661883670865,0.8600636562830335,0.4126404548311683,0.7481796928935531,0.7049029646822202,0.7605021508524497,0.6171253694108902,0.6334243370394077,0.7622073240000777,0.7367680701671218,0.0,0.7828526798838759,0.707476122424587,0.7940701545214348,0.8215747586341604,0.7031424233265737,0.8162545361502741,0.826648308671285,0.65115934712068,0.7305562253528028,0.8655367411923655,0.7756431083366206,0.7013472108532011,0.4825471828248606,0.6076517553128221,0.5879021313893832,0.7712911724297442,0.7836028354424875,0.506543318054075,0.685587653679669,0.62613435021537,0.45035951272510943,0.6938104267663543,0.8475441982535951,0.6626029354638012,0.7288388240834851,0.40771860424999684,0.7795181733936809,1.0954791540416413,0.5046397226443428,0.5405681556543843,0.7015566744206108,0.8127589002017142,0.6668398408399792,0.772430043988882,0.0,0.5056059448927558,0.7377605883045022,0.6620664592949789,0.610244667922843,0.6882015669904418,0.5952098557272193,0.0,0.566924052834604,0.6257037106450178,0.6599657384784303,0.7053056653153311,0.7214856118188356,0.40433756900518253,0.6249273132802974
0.6920569798162872,0.525447716805832,0.817568305944277,0.1743893944223203,0.6918451483825729,0.696343170213171,0.7238785231435261,0.7978379413906067,0.7878682827058969,0.7378591424983796,0.6524767316067768,0.5137871916170373,0.29690390501045505,0.9237984855345289,0.6065491368496465,0.6657793992644117,0.9661952384727828,0.5883775198978527,0.7849988314002913,0.6679011990403294,0.5997541220049132,0.613143063980878,0.7495811428997299,0.642693294418495,0.8308071654291144,0.7467578410281399,0.7828526798838759,0.0,0.48449709608132097,0.6095348793293198,0.6784673252876803,0.7787882468300921,0.6812986540869703,0.5186517334662815,0.6958815425762838,0.34835166605392454,0.22787042929241594,0.5623270101767477,0.8178414751181811,0.41876467551399266,0.5324819554312624,0.268853259575758,0.8805789729789272,0.9820794716124166,0.7182333852410481,0.6932224494203931,0.731735067316005,0.8025130663868738,0.0,1.021693016688355,0.8125142545373436,0.8772495736707404,0.6905417506537055,0.8852989545106458,0.9342170926370106,0.8375419057574284,0.9271825929808812,0.8214569963502381,0.4196621776473924,0.6666659062959402,0.5491774942167189,0.35352345556548337,0.9224426230536281,0.8073713504721608,0.7323651028345813,0.5513879878063735,0.6396607008707715,0.7333948109233769,0.46290513989736726,0.827144675448082,0.6034690800804497,0.7962781838911492,0.8262022986078557,0.7520749240394904,0.7094718326322275,0.7494047115758958
0.5871531102142553,0.4385031383882377,0.6365957703143486,0.5513149769206218,0.6791628346888339,0.652171665052569,0.6214720382939727,0.6955159505811452,0.5243843013664713,0.5485809522486769,0.5973755457543273,0.8098709545789713,0.6256758917039235,0.56415645434467,0.6257775904346488,0.7151533149704714,0.4675186809948976,0.5404692951175594,0.782479224856134,0.7640076176683376,0.524690991289768,0.6233973709995617,0.7330081818373759,0.8161816981650978,0.5847371663357799,0.7809666248996774,0.707476122424587,0.48449709608132097,0.0,0.8230294618181153,0.827851203913821,0.510114133486298,0.6606513534189548,0.7846892921612646,0.49523643169877735,0.6967428319555986,0.5168824343491979,0.5933668189124357,0.6155742118161933,0.5754387193866735,0.5608174278925251,0.5649358090130621,0.562329964963109,0.7367790540068373,0.6783738955831631,0.6186736897943272,0.6825504435097534,0.7878235754991502,0.4783355376339682,0.6048182027325568,0.6687925472269867,0.6785215177755425,0.7017779312104867,0.5217847639148647,0.6771624822770335,0.7409473135941458,0.7907097100118796,0.6217894332196487,0.5879413767990616,0.626174164813508,0.7028361643275611,0.48331048463921567,0.7335111995819925,0.6669605598631789,0.5917637163741319,0.5067675291085159,0.5980056631895609,0.6444955562117253,0.45330772036982564,0.8261327438627041,0.6740425391101827,0.6672759729022433,0.6446916277579032,0.6463928150408146,0.5286741056048145,0.5735494501089252
0.739627147829548,0.5662386137293594,0.9973440062788237,0.44656313395501307,0.640486753681923,1.0401916653115522,0.7156850043705134,0.9183583176594317,0.9565838255594495,0.3973785220730099,0.5103799528182243,0.5695267327187755,0.21954554158975556,0.5689058364632357,0.635624742224616,0.833520035331732,0.3641395655188154,0.6573614687946274,0.7173706190311286,0.9569303217973627,0.7802992255940793,0.7900355843390494,0.7904123096818505,1.0666355625811055,0.590555327016246,0.5745445171205967,0.7940701545214348,0.6095348793293198,0.8230294618181153,0.0,0.7728249665347251,0.6892545261153371,0.6060071681587077,0.5948105610598686,0.27247629191750655,0.6507282915548296,0.4118819384414778,0.46189383789814925,0.8534543957557366,0.4571875088168885,0.6393124859976548,0.5894838401769176,1.1151841217804725,0.2689304907229595,0.0,0.0,0.0,0.35377897531395236,0.0,0.0,0.760405380562636,0.7549366186703005,0.7241009733948516,0.8164458362042648,0.4751610693122496,0.0,-0.004281385454870168,0.7310512084911476,0.0,0.5495554449893698,0.0,0.0,0.9659357083774359,0.9279113929535132,0.6711876126790157,0.7254607744880797,0.3970959199859919,0.8066274819630588,0.0,0.43832291376121246,0.4750643776028959,0.8473515187601393,0.8439217369653532,0.7234879083462068,0.7526664231251557,0.7502405978383888
