0.0,0.020334374506552177,0.007931942890858357,0.0,0.049747411595579494,0.012232836867369479,0.024405673980889664,0.0090677095720606,0.022522938613660004,0.014000689135989508,0.001125395620317604,-0.0038319425545108587,0.008816514084134142,0.02952952924322305,0.0091963733611099,0.014191645652612994,0.0018471216627117815,0.02547581835782664,0.0,-0.002023583804079243,-0.01363592602509106,0.0022851385530394674,-0.0058066457718622955,-0.017271915422312045,0.02626341459017889,0.0029168196918853972,-0.00942688875084402,-0.007795159842673094,0.007437005507369643,-0.01540110915379167,0.009767169066989878,-0.014503268699268268,-0.02169272796244609,0.010668970554657653,0.02451135781335323,0.01424594155302017,0.0006441794888662478,-0.005115494331945636,-0.008341095121407183,-0.008340547383154817,0.0037681740090098614,0.0035610381098712396,3.0440832218758818e-05,0.0,-0.008772184283015905,0.003637580745410318,-0.006578455123391502,0.0,0.0,0.0,0.0058172564851519115,1.1102230246251565e-16,-0.011436742601131422,0.0,0.0005624587262091918,0.0,0.007058772323579654,0.015187003660077247,0.0,-0.023234121389125062,0.0035995515874029937,-0.02428819525207082,0.005444822131011551,0.0,-0.0005431940833863225,0.08341718327892345,-0.009532281973630097,0.013078059578443546,-0.02929877089712718,0.01006472070621428,0.0009105422303696264,0.0090488921310789,-0.00028228200494651023,0.0031171404472252195,0.0,-0.0007674875543731141
0.020334374506552177,0.0,0.05157881987284818,-6.068635998895955e-05,0.026124980564484368,0.03057871622922992,0.020272083406475516,0.05107973619487455,0.023775878517846294,0.01959406258056362,0.00810629195615764,0.03332524506342305,0.023279972301433638,-0.002217338408438796,0.00915114430704489,0.012050805284767818,0.034733836384092553,0.03141330069718551,0.014638137670419882,-0.012236001974509914,0.0094256706322432,-0.008722325248584406,0.025510655040494656,0.03292131942372417,0.024575020579801043,-0.009537528908814541,0.018517652666753093,0.016517442570339047,0.022511873966743257,-0.008710018421747456,0.002376884816403968,-0.0027355644328135864,0.004360224108058641,0.01567583900451114,0.02457967633234337,-0.11834920515795488,-0.001339398849798168,0.0,-0.0017424980064730256,0.012890215054498333,-0.0007861093454606949,-0.000758549908944639,0.0058793505156846115,0.0,2.220446049250313e-16,0.024755629675266455,-0.004754778514468705,5.447401119412776e-05,0.0,0.0,0.009013284676895661,0.0033254093908803295,0.017687043538116176,0.014605076867166555,0.03657717365431007,0.0,0.007654898604876392,0.013355607728098295,0.0,0.0008602332832379211,0.007995958823973026,0.02096317089274774,0.020981889233768702,0.0,-0.013597231318888348,0.014092689848887285,-0.006587376713069137,0.0009051106191501068,-0.0001998365706883387,0.01110929387824744,-0.0010345447729739887,0.007955798201315478,0.021873786668302087,0.017202768905996202,-1.1102230246251565e-16,0.0016504945127200354
0.007931942890858357,0.05157881987284818,0.0,-0.017407761117456233,0.0037156548530394296,0.0035571549353801135,-0.005766765223930326,-0.08541714213860346,-0.0015655250342292981,-0.011123126334153355,-0.04018348576604758,0.028437790784745287,-0.00906971755131053,0.007270653155054818,0.04007455305334001,0.0011278287359102745,-0.005110876882391313,0.003418987633743875,-0.025439008822623232,-0.009757359964336909,0.007533156257219842,0.011617786616074988,-0.03857152263570374,0.04154053137952174,0.0036680400941928037,0.01935584472473395,-0.0056706678934265176,-0.005525699028171183,0.012380747903939393,-0.00894929546825085,-0.000584511984110081,-0.016474584312978824,-0.051586111205309926,0.0012322052890274549,-0.02704207094624167,-0.017663429902683714,-0.0108820613823572,0.008789672872562049,-0.0034813615095921624,-6.234415176331609e-07,-0.04043023130180351,0.011967862185902067,0.007278578987388207,-0.00700373227807316,0.0,0.0,-0.00011978984705568463,-0.1637224989386497,6.837092283218382e-06,-0.011945880860511293,0.004784457253359076,-0.0028160488616782997,-0.017645482520296407,-0.16738263973709205,4.757966397039848e-05,-0.12748955956733354,-0.01610884995488404,-0.11458313473962656,-0.00711985050027647,0.0011272911958127296,0.0,0.0,0.0,-0.18333334145377717,0.010212541905873729,-0.00438634422927775,-0.0003025813928871912,-0.04453552335748023,0.0,7.468187258413694e-05,0.008418478075209623,-0.019896807827058383,-0.05922610498974268,0.01028500881203892,0.007108122953366269,-0.046652720015955385
0.0,-6.068635998895955e-05,-0.017407761117456233,0.0,0.0711346212324176,0.016705780132829973,-0.0045908626867846025,0.028167671905743152,-0.011351334950531478,-0.04418755561247825,-0.021104030556961695,-0.0009381834902758013,0.026978454817985165,0.02112855130496194,0.0124067283762756,0.0007759321389101959,0.006603919618436316,3.113399206283729e-05,-0.04351290230896776,-0.056445035252243536,0.0009360370560164699,0.024998191955655336,-0.01932423532120464,-0.013955056331940385,0.000346156829288069,-0.002930716079892759,0.011193788632186563,0.02156464133202385,-0.007915661475777658,0.0036401265095690194,-0.01824104004103777,-0.0009458973208562593,0.0124961168735378,-0.008216966196185393,0.03751385244640998,0.03276343340930721,-0.003189240028853013,-0.005599206438937077,-0.012756963942192279,-0.0006393747715307541,0.008440470676907674,-0.017395580873566574,-0.015258864638515057,0.007645716355849708,0.0,0.0,0.0,-0.0009709374940437554,0.0,0.0,0.013089794105725638,2.220446049250313e-16,-7.125428662868583e-05,0.00014161563067138783,5.551115123125783e-17,0.007173446932809746,-0.005415136351098471,-0.00041932811002615145,0.0,0.0,0.0,0.0,0.0,0.0,0.0,0.0,-6.28248498891204e-05,0.0012670107536751907,0.0,0.0,0.0,0.0036705218419538777,0.0019313520734307033,0.0026406878878403317,0.0,0.0
0.049747411595579494,0.026124980564484368,0.0037156548530394296,0.0711346212324176,0.0,0.022438662611568183,0.009036435509579666,0.037669214240080406,-0.004172138399474723,0.04311061665441274,0.009300319997745221,0.03940730036186152,0.009133568482761423,0.04498067422171853,-0.007824651281271244,0.026835304731261223,0.028885130245893953,0.030643314289610424,-0.03174341911658091,0.018389789443529703,0.016438367696029188,0.013381431711476155,0.01384750750728203,0.033596124541404704,0.018906447956413774,0.024131647790533117,0.007325433358030764,0.044223665898390496,0.0497455558043195,0.0014483962034779752,0.0179538984245311,0.03600799026881041,-0.008153172405941433,0.02234283823005684,-0.001720299027483163,0.044161791527657784,0.09972526155595896,0.038647097873318104,0.06945572030905739,-0.006574396500692192,-0.003290444052757524,0.0010588342517453553,0.040030092500782544,0.005429531983701941,-0.00020140137129309732,1.1102230246251565e-16,0.004361849787389627,0.04793900032605758,0.0,0.053359701293770156,0.007698640305686177,0.004505062625835499,0.004427380292108596,0.004046613682047284,5.551115123125783e-17,0.03910599119651065,0.007704227679401099,0.013060659467717561,0.009353004553628919,0.008606957728632014,-2.3448286222749193e-05,0.0,-5.551115123125783e-17,0.03079164691932551,0.006357898175031962,0.0001969669779719463,0.014609257950979837,0.010715537409008546,0.0,-1.9988287786820713e-05,0.0058902180053308495,0.008706485966735178,0.020064958676510314,0.015237650181353923,1.1102230246251565e-16,-0.010625004360434898
0.012232836867369479,0.03057871622922992,0.0035571549353801135,0.016705780132829973,0.022438662611568183,0.0,0.028203712988223217,0.011455101382143285,0.017879429637413957,0.0067520380192093166,0.0011653490382320664,0.026011783575889846,0.019188972501338164,0.020222661201923675,0.00369741609032459,0.045058162820647785,0.04333037227097347,0.04456652656589749,0.02059653668999406,0.009056511798642974,0.01747212444810492,0.01962331598804029,0.0210511136680111,0.009998479628728851,0.035200778831237234,0.030546658448543595,-0.007291792909274897,0.03233016380619963,0.005283411189171694,0.03845811608849464,0.026519691245726285,0.014457074299302375,0.015799825305048698,0.019386833401560943,0.027514776200870894,-0.0036363970429002523,0.029414114778549993,0.02818533334252954,0.005891098728012245,-0.022859959197563673,-0.011754986148196755,-0.019171543615990938,0.013641253450008606,0.023855816200314905,-0.0082838794464129,0.04042128966982089,0.014363807630867642,-0.008897348477356681,0.006425390149564447,0.0012800230233872556,0.018191213476390633,0.0059699774695091135,0.009072969363047412,-0.010357634133418614,0.021002531031407257,-0.007200988219354443,0.04782970553097493,0.012782075224496148,0.016350182618891096,0.002813632538534394,0.02056838835091912,0.0,0.04255892040055026,0.002285646725652457,0.0180844525212408,0.004456684839939495,0.018273807358669958,0.010669037438452711,-5.2824763358882976e-05,0.03458065993591436,0.01759034623473088,0.019417422759579916,0.018630525460870517,0.01996603308613054,0.020826167117161176,-0.005941033187394085
0.024405673980889664,0.020272083406475516,-0.005766765223930326,-0.0045908626867846025,0.009036435509579666,0.028203712988223217,0.0,0.014743145285536441,0.011469589788777268,0.03336391069462874,-0.020190263544412224,0.032451523018583395,0.01678793667174938,0.02662839012167567,0.005988566296464992,0.02720412212948542,0.036426859116489574,0.022875659793901604,-0.013591459762528124,0.030211720286597576,0.02317426802042649,0.012984385600324,0.005821981822869138,0.04219049304028055,0.012788309436117473,0.018636202768849697,0.009039394008405088,0.02245287917524763,0.0335600554292223,0.001310087972959617,0.02273564925310667,0.005657031548591207,0.003979069841943017,0.026789006499731205,0.023050544137657558,-0.027977903307329743,-0.04784949772930247,0.04691162644418756,0.04137582785697086,-0.04397917348076841,0.0667920807794265,-0.028127364050802683,-0.006207589574712069,-0.045208940337310766,-0.03249645031576115,0.0,0.01750106525949352,-0.01656641379544277,0.0,0.003242447647345048,0.006911855900452735,-0.0018400888475194055,0.007717590386840445,-0.0012814893973293051,0.005994399117857208,0.009136602369075486,-0.014113484798123577,0.006133785638330891,-0.059147826468947895,0.0022934661010473034,0.008527620398989022,0.0,-4.321619739350302e-05,0.01633626572902025,0.026070359745457516,0.014827470276420118,0.0015889763828351722,0.004252724173222533,-9.604764135456856e-05,0.025080742636359676,0.01317901348643491,0.015226096019170243,0.017310331073456198,0.017087565597969256,0.008805784634312697,0.008004686383015436
0.0090677095720606,0.05107973619487455,-0.08541714213860346,0.028167671905743152,0.037669214240080406,0.011455101382143285,0.014743145285536441,0.0,-0.051125571132498826,0.0679545255981504,-0.07513044485560821,0.04655481925134275,0.029450121464482226,0.0073485131749604915,-0.05763127201903051,0.06079091363897965,-0.005550686550132633,0.05127017224762637,-0.13131009612510974,-0.003950637641731869,0.011863624633607739,-0.0009515349559731656,-0.006409721381507916,0.011150371442984586,0.047696523553403924,0.020715244313869174,-0.012717708150162321,0.010468664162733676,0.021474404766963162,0.0407925317520495,0.007603172170984773,0.021876513727256963,0.07694904960918675,0.023076074673309355,-0.0021509357785306493,0.027452317591594666,0.0361627460943203,0.058909599199325424,0.017215552921040433,-0.00043528740802389887,0.013961449611623045,0.00622095169513559,-0.012345979971080279,-0.017957044032388958,0.0,0.007327674399391415,0.017042318813825785,-0.01826701132584596,0.0,0.02848771552386159,0.031127395534825797,0.013988184932250292,0.045209951579942786,-0.022254192815400864,0.00012508058558102775,-0.003385600701049374,0.00021280856201333354,0.022252590850425524,0.05051542837780165,-0.013727670513500878,0.007484344901503459,0.0,-3.816333160205909e-05,-0.027403927290931718,0.007050280584920188,0.012035272559390409,0.004914436704364811,0.022611793136298575,-5.551115123125783e-17,0.011899680198787621,0.01429093969210965,0.0178001875788405,0.029487480355023632,0.006960910294683598,0.00676914987754107,0.0058499394388868975
0.022522938613660004,0.023775878517846294,-0.0015655250342292981,-0.011351334950531478,-0.004172138399474723,0.017879429637413957,0.011469589788777268,-0.051125571132498826,0.0,0.005048881439047304,0.0018467626421724281,0.01144942006768146,-0.0038551306470948066,0.004825067623381973,0.003514867756519491,0.013702026946830426,0.007789754636678969,0.022484032181204816,-0.0007584415117741217,0.012849770379083636,0.024833200998669203,0.01580527706984103,0.0021439902324549287,0.014228081905818368,0.03858032773417919,0.034633373590527816,0.010496463998714622,0.00020755784509457476,0.02610280060248571,0.047571791162012655,-0.003805731256050049,-0.016971792513714112,-0.014784948470691894,-0.0036304682656114196,0.00035162584208131564,-0.021355508847561155,-0.009358149912066571,0.003036663885121138,0.007532287847247132,-0.031557215478338396,-0.10283145943689437,-0.05498341657383077,0.019436049836691394,-0.01248529445613672,-0.0038582882352365955,-5.551115123125783e-17,0.006537244443777734,-0.02567048781802328,-3.2845711911977382e-06,0.011581727211512516,-0.001561629726489655,-0.0009739072102434854,-0.006926260354646163,-0.02532260981905121,-0.030784482056907425,0.008279657722076839,0.012879553562133772,-0.012383459186701473,0.0070055207508920025,0.004951616950785498,0.001838340683386619,0.0,0.0,-0.01374376081547135,0.019852634707925865,-0.010442618687045158,0.03507412339165933,-0.011000058088745157,-4.042427805139859e-05,0.014266488471918526,0.014416806495061552,-0.008706219553384353,-0.006111687153971035,0.007262974321032067,-0.004693701938329409,0.0033480901011821995
0.014000689135989508,0.01959406258056362,-0.011123126334153355,-0.04418755561247825,0.04311061665441274,0.0067520380192093166,0.03336391069462874,0.0679545255981504,0.005048881439047304,0.0,-0.0006085693780595314,0.024284267796615022,0.039578233049230416,-0.0029960609872222155,0.027767571062067897,0.038389891818008726,0.018874835264078127,0.02603720372031937,-0.008914758246707843,-0.0019026555828236535,0.030834586986436596,0.016461454892314653,0.030663206377383956,0.004034164647036098,0.012777289876215903,0.00758073454633168,0.0087110238395669,0.022935801342727935,0.02428818594401,0.0023849900122118184,0.027687939791712357,0.02503856229267848,0.040623061253141746,0.03164124596126294,0.022340022552213012,0.006530239228113466,-0.01773573313699517,0.022378664219205424,-0.05376195173257625,-0.010151882203786045,-0.02469342628194976,-0.0075562582158231195,-0.051680624829308075,0.017081611930367502,0.013453552462188656,-0.0006820397960641822,0.014170540925982578,-0.0003588671986076708,-1.8650250239449218e-05,0.0004930990748875375,0.012519419792664799,-0.00043431212633193716,0.0036431579845084827,-0.0048547792476010265,0.03609539043151111,-0.0031197181753654935,0.029606783586110963,0.012239403529004322,0.0,0.0001645955855222314,0.01806319046650512,0.03591858434276135,0.03075099672671322,6.130434986373334e-06,-9.960407734882493e-05,0.0028405211106022343,0.007581410621975981,0.002580302327075512,0.03025555279400438,0.03582434822376218,0.03023087594857138,0.002631778759211889,-4.655536067005306e-05,0.006596942780502768,-5.551115123125783e-17,0.0035283892141910744
0.001125395620317604,0.00810629195615764,-0.04018348576604758,-0.021104030556961695,0.009300319997745221,0.0011653490382320664,-0.020190263544412224,-0.07513044485560821,0.0018467626421724281,-0.0006085693780595314,0.0,0.005949189778219899,-0.014267700960013507,0.002342493107185706,0.0,6.830827725906596e-05,0.0075235752751430796,0.00471212153458217,-0.04093700258248581,-4.7061358195266134e-05,0.004830319047476828,0.003959598308767465,-0.07594664505481227,0.011656777315892042,0.013094080146857812,0.0037040270432536215,-0.013760426788911428,-0.013085567978436075,0.013162069359355433,-0.00012537110898880321,-0.007292309221427706,-0.04248180170360427,-0.0011811204137824882,-0.014743049193379043,-0.012029987866357228,-0.023440233031019775,-0.028174810010854312,-0.010281973284387458,-0.07416500638466766,-0.02948247145891736,-0.06261738696013436,0.002105879509363029,-0.07469083001954113,-0.004714862609707715,-0.0006922182442109515,0.0,1.1102230246251565e-16,-0.11410566022419832,-6.360171425634498e-07,-0.08725557656412586,-0.05060024554701803,-0.08342205870661945,-0.01390437133026784,-0.1639203473410999,-0.028246436667321517,-0.11439436769532374,0.008921579187371964,-0.0657843410988157,-0.13517125535713048,5.551115123125783e-17,0.0,0.0,0.0,-0.13471581262340696,0.00749006028528576,0.0,-8.331060230443166e-05,-0.05905553582294748,5.551115123125783e-17,0.0,-9.253882351178966e-05,-0.053171698854184046,-0.08392006378376815,0.00036162516673599043,0.0,-0.06870261374536318
-0.0038319425545108587,0.03332524506342305,0.028437790784745287,-0.0009381834902758013,0.03940730036186152,0.026011783575889846,0.032451523018583395,0.04655481925134275,0.01144942006768146,0.024284267796615022,0.005949189778219899,0.0,0.04778129914795004,0.1503743330858966,0.05395186919381756,0.03325501631308869,0.026575302796260858,0.023591929974322357,-0.002072947695562377,0.014306606585962944,0.013290567317262192,0.04226943811724898,0.04772582108189438,0.010617594920493134,0.005893580274460186,-0.009114671103888028,0.015900709030047255,0.040276393627334095,0.020280655994003527,-0.013876758932518496,0.042809506938008,-0.001905149927546479,0.04555375551620261,0.036495873357311026,0.0706903387272772,0.052617727200610975,0.036851609934477336,0.021178196573577113,-0.04438047457575239,-0.0034037745848322087,0.0054859124012328064,-0.028484998761298785,0.007288312479855119,-0.019446070123646297,-0.00022605170607109537,-0.04115674444363243,0.01303658173282951,0.007684251664371755,-0.01024955410855527,0.010008900309588231,0.0006596809874160336,0.010927624251758528,0.00027133103635845757,-0.012168115508931876,0.024231027417850493,-0.013931622782950404,0.010282791616318787,0.023997633071685565,4.018495848556736e-05,5.2880501404950486e-05,0.027012245271502755,0.02223639165212271,0.027270454039819036,0.011279102694619958,0.006296851332153464,0.010665117340552421,0.0011370559687177706,0.011501117336425726,0.0184387637899891,0.023538762196713414,0.017752806293927947,0.009336597546727665,0.01731861603274837,0.001744629510043616,0.0,0.010697443871256929
0.008816514084134142,0.023279972301433638,-0.00906971755131053,0.026978454817985165,0.009133568482761423,0.019188972501338164,0.01678793667174938,0.029450121464482226,-0.0038551306470948066,0.039578233049230416,-0.014267700960013507,0.04778129914795004,0.0,-0.0012159649587514254,0.0016670678762756852,0.025470944526420736,0.04325211771762233,0.022700195912192578,-0.014769550132897602,0.02503824663763321,0.015134609274120081,0.024984860081603777,0.016856015536803326,0.0472795144154009,0.023312923134007846,0.01950140109428916,0.009390832848447717,0.010756656763280248,0.014809768349189567,-0.03681415125078141,0.021544407505043328,0.014260606166843437,0.01693957630929599,0.03362960289067107,0.025994993458953286,-0.0008960349965074776,-0.010642750718054816,0.04370024030490399,0.006720721034365662,-0.04449533827881169,-0.003297820635636717,-0.0168389386385695,0.005419441297280725,-0.03154087849856585,-0.012261722106699513,0.002006334548110278,0.017787981336272074,-0.007035722531004374,0.0,0.008543380173242854,0.015218385778556776,0.006155858185741825,0.006223739047515164,-0.00582321372452832,0.037126970181217245,0.002183297820045893,0.057227821001167745,0.0109969530266264,-0.0021207982541426307,0.010628949062505666,0.0230514180428828,0.042752379742408364,0.03388372448424298,-0.005354466379714484,0.024984881835034167,-0.007914943639219352,0.007866379173229687,0.006402161145845908,-0.009945430862032756,0.027668854045840463,0.012154283165974777,0.017283635767582184,0.008382614657252763,0.013141199919954272,0.012914478459531087,0.010296548385259063
0.02952952924322305,-0.002217338408438796,0.007270653155054818,0.02112855130496194,0.04498067422171853,0.020222661201923675,0.02662839012167567,0.0073485131749604915,0.004825067623381973,-0.0029960609872222155,0.002342493107185706,0.1503743330858966,-0.0012159649587514254,0.0,-0.012684025653803332,-0.0006430485512508577,8.546223794114738e-05,8.006780289565585e-05,-0.04678401591611103,0.009757206054586631,0.024251039207150382,-0.007688678298926721,0.02144821542540143,0.04283548410807819,0.07290869133833983,0.0425357999005192,0.024645827617311822,0.07352384237911952,0.044507420351054816,-0.007096638803518629,0.020894998605082316,-0.06052882234915283,0.0551626366839027,0.04116928579490392,0.024378008622810476,0.010019402233332753,0.011439357920407928,0.04828996610220948,-0.033158399788900284,0.0,0.003364135695303805,0.00043377111966702575,0.020069974369881616,1.8307745537904374e-06,0.0,0.0,0.0,-0.019782110464139913,0.0,0.028713214765734074,0.026844032927836214,0.0373078500987743,0.004811918738022725,0.01431543135297031,0.0,0.001835300823205377,-0.00015705858729025968,0.022382416927582416,0.006332438017225606,1.1102230246251565e-16,0.0,0.0,0.0,0.023037952456031963,0.0,-1.1102230246251565e-16,0.0,-0.008656104675115295,0.0,0.0,5.551115123125783e-17,0.015521448358026102,0.005010416900782466,1.1102230246251565e-16,0.0,5.551115123125783e-17
0.0091963733611099,0.00915114430704489,0.04007455305334001,0.0124067283762756,-0.007824651281271244,0.00369741609032459,0.005988566296464992,-0.05763127201903051,0.003514867756519491,0.027767571062067897,0.0,0.05395186919381756,0.0016670678762756852,-0.012684025653803332,0.0,0.02525030300301695,0.0088969848322481,0.05106442327722438,-1.1102230246251565e-16,-0.01900982133317236,-0.024636938060669356,-0.011766449216994213,-0.05960174955967834,0.03239957046226294,0.04699895962584355,0.007920761403013121,-0.03505894875247034,-0.006120755245589027,0.013200909808501582,0.012330363003168199,0.0022603634258467342,0.0032850435782733056,0.02231185177942563,0.010915760307850908,0.021551332357766073,-0.007827026415591909,0.00444430339671642,0.00012384648050645097,-0.006559792344199844,0.003122637647050952,-0.004471420159787021,-0.01624279719346272,-0.01912303640879509,-0.00492785262513179,0.0,0.003203438563841643,-0.015162834217313237,-0.012515936497442925,0.0,0.0,0.009745807533903528,0.020116630083147125,0.0021335497431320127,0.004194035477116276,-5.551115123125783e-17,0.0,-0.009186151030589118,0.009115493481071268,1.0425947577719086e-05,0.010822144161172942,-0.0053722000199339925,-0.00036443627300325465,0.00916227312763096,0.0,-0.013035785883523776,0.004650360080607874,0.0007030915445895292,-0.009379015987101336,3.817632793334802e-05,0.01645079422562412,-0.003236429571670918,0.004757158404428141,-0.0069693325897857705,-0.015142986181690576,0.010499770065572844,-0.01989591447305633
0.014191645652612994,0.012050805284767818,0.0011278287359102745,0.0007759321389101959,0.026835304731261223,0.045058162820647785,0.02720412212948542,0.06079091363897965,0.013702026946830426,0.038389891818008726,6.830827725906596e-05,0.03325501631308869,0.025470944526420736,-0.0006430485512508577,0.02525030300301695,0.0,0.01685124649338493,0.022369487606360983,-0.00017237703254791015,0.0019798646327574,0.01682537869345968,0.007657690685827057,0.019496032186233914,0.038529041312689694,0.03114917981536769,0.013936569999885129,0.026817869699587216,0.020019293314400333,0.026205497753475082,0.022538155668365423,0.03225900943495541,-0.0015745172536657526,0.031893303507985304,0.02439388541082499,0.024299092157164304,0.0040370978058212326,0.0013584188097987004,0.02548972457293963,0.005501491906136025,0.02377734408248966,0.012549300532993024,-0.0011954103705887342,-1.3594640158043347e-05,0.0,0.0,0.013504310101082662,0.0012615626425165338,0.0,0.0,0.0,0.022550675044684443,0.016536253302740722,0.015118750478887943,0.0,0.06179749477314028,0.0,0.042985562479245565,0.0048211497877877485,0.0,-0.008097510536989871,0.01202041472559906,0.04110677256558176,0.039483615575063136,0.0,0.007651333845527075,0.017436744071523014,0.006100772518919939,0.007131712140036828,0.015689338126469388,0.026623511588446558,0.0029939070428026127,0.0021171333980438134,0.01840431302275647,0.021732831838147615,-1.1102230246251565e-16,0.016910009688433925
0.0018471216627117815,0.034733836384092553,-0.005110876882391313,0.006603919618436316,0.028885130245893953,0.04333037227097347,0.036426859116489574,-0.005550686550132633,0.007789754636678969,0.018874835264078127,0.0075235752751430796,0.026575302796260858,0.04325211771762233,8.546223794114738e-05,0.0088969848322481,0.01685124649338493,0.0,0.005655056882111875,0.0019235883020373712,0.02772398872588122,-9.648481176105506e-05,0.041104115379210104,0.0067738283051888,0.04569537488191422,0.03040934169280929,0.019831094533274085,0.03422369669468489,0.03478603737630043,0.04711336494001772,0.00933833676194773,0.04481337799644802,0.00949894230725612,0.027064389029357427,0.021939003582358785,0.025248021901230933,0.01011056550601691,-3.7697570057504404e-05,0.0463365070303689,0.017881254595479346,0.03891523679591824,0.047292383744136024,0.02255842803909014,-5.551115123125783e-17,0.0,0.009493965063574694,0.007890142645576137,0.02315770992503763,0.0,0.0,0.0,0.0,0.0,0.0,0.0,0.05335021709339577,0.0,0.04743082902686219,0.008242612285330686,0.0,0.00015186385896215349,0.02495972429339982,0.046043983046449743,0.0410008688924392,0.0,1.1102230246251565e-16,0.0,0.024807823135791385,0.0,0.024705902887838416,0.05021698362143179,0.04357615219579136,0.0,-0.0025228953114738717,-8.192902902914856e-05,0.0,0.023650869755276693
0.02547581835782664,0.03141330069718551,0.003418987633743875,3.113399206283729e-05,0.030643314289610424,0.04456652656589749,0.022875659793901604,0.05127017224762637,0.022484032181204816,0.02603720372031937,0.00471212153458217,0.023591929974322357,0.022700195912192578,8.006780289565585e-05,0.05106442327722438,0.022369487606360983,0.005655056882111875,0.0,0.0001909989933687739,0.01179314869685305,0.058905439638277435,0.020137379204904604,0.0497737057878993,0.03335655227715145,0.02272879981854503,0.022339309155583242,0.030010125940020393,0.015780575948762643,0.03154770975718896,0.016380670372341588,0.03840329678515075,-0.00200875176345372,0.01602369166094192,0.022380632528625488,0.030647741594605316,0.012950983217807244,-6.282808986912691e-05,0.045015848050032836,0.031798283703185326,0.041925401982188804,0.04011016413865426,0.044030964912591564,0.0,0.0,0.03158529684961564,0.019440662949568865,0.014846368777472085,0.0,0.0,0.0,0.008092217212762043,-0.0002649662240874484,-0.000361212889035345,0.0,0.06751086541009477,0.0,0.054778238034583704,0.00418681161565182,0.0,0.01018579446123613,0.031673601272245555,0.057281435567093975,0.04644124023680435,0.0,0.0028477431125007446,0.027645910845462973,0.014857524206188244,0.004927109994648349,0.030531244070110097,0.04858801989811862,0.03942368194234608,0.007608400329931597,0.004599683924542963,0.006745917992803163,0.0,0.03515289483636075
0.0,0.014638137670419882,-0.025439008822623232,-0.04351290230896776,-0.03174341911658091,0.02059653668999406,-0.013591459762528124,-0.13131009612510974,-0.0007584415117741217,-0.008914758246707843,-0.04093700258248581,-0.002072947695562377,-0.014769550132897602,-0.04678401591611103,-1.1102230246251565e-16,-0.00017237703254791015,0.0019235883020373712,0.0001909989933687739,0.0,0.00041637448105935615,0.012291879281772888,0.01239131511736713,-0.05140175643226558,0.010528012109597196,0.009779532573383543,0.009876673577504769,0.001164385408372437,-0.01716046798276205,0.011173827552774573,0.01571864214033003,-0.014587923702006345,-0.05122370304827417,0.04236479347222366,-0.018836407101418207,-0.06719447608000623,-0.040543771544987894,-0.027046482084425505,-0.02237334154586179,-0.003485221488126078,3.5591235376608577e-05,-0.02204305369702869,-0.00800628610084364,0.015850844416206655,-0.013972330991261162,-0.000499399525911215,0.0,0.0,-0.04806347364569763,-5.551115123125783e-17,-0.03670285509642862,0.0011528321058352775,-0.0009678718381750384,0.001819849653687089,-0.12129873919854223,-0.00011267165358508358,-0.22315861633978681,-0.008972901088435403,-0.008302570590590808,0.0019526287699432876,2.220446049250313e-16,0.0,0.0,0.0,-0.09419067255760666,-7.052501972298897e-05,0.0,8.965029834445692e-05,-0.04224491098868616,0.0,0.0,-5.551115123125783e-17,-0.0631603140912056,0.0006539987915038514,-0.007109135873163364,-0.00024313911395568155,-0.00042871764966745385
-0.002023583804079243,-0.012236001974509914,-0.009757359964336909,-0.056445035252243536,0.018389789443529703,0.009056511798642974,0.030211720286597576,-0.003950637641731869,0.012849770379083636,-0.0019026555828236535,-4.7061358195266134e-05,0.014306606585962944,0.02503824663763321,0.009757206054586631,-0.01900982133317236,0.0019798646327574,0.02772398872588122,0.01179314869685305,0.00041637448105935615,0.0,-0.022458163588850888,-0.011506221799382377,-0.017010762443022354,0.017716462099136687,0.013063918735688462,0.005481090870202765,0.005848291510162307,0.02315373545387228,-0.0029851966720352285,0.06457661527509795,-0.006111832190527244,-0.016904333485149914,-0.017369654081920483,-0.01487061648631055,-0.0010391762434004415,-0.0024367770362174745,-0.016866720857189377,0.02118960931037256,-0.006780096773149058,0.001417292734998743,-0.005824669640437374,-0.009415810083083731,0.03808476267048,-0.0021295965294380603,-0.00029279976329366075,-0.01433542001057081,0.0014736845705671797,0.0022109043404111017,0.0,0.0,0.022716714297971285,0.02894597184427211,-0.005348171027376503,0.021082916445495592,0.00023945057791657787,1.1102230246251565e-16,0.0024692447864234635,0.02267696466467556,-1.1102230246251565e-16,-0.018811971096197422,0.001321119678205529,2.162613852163542e-05,0.015749390287900233,0.0,-0.010843976338612504,-0.012323010814461688,-0.008648978510150673,-0.006249121991800888,0.0,0.022056554160005404,0.01595426427880209,0.013368495606131903,0.01195807676061944,-0.004446042221436464,-0.0028368392562187483,-0.005743569028994311
-0.01363592602509106,0.0094256706322432,0.007533156257219842,0.0009360370560164699,0.016438367696029188,0.01747212444810492,0.02317426802042649,0.011863624633607739,0.024833200998669203,0.030834586986436596,0.004830319047476828,0.013290567317262192,0.015134609274120081,0.024251039207150382,-0.024636938060669356,0.01682537869345968,-9.648481176105506e-05,0.058905439638277435,0.012291879281772888,-0.022458163588850888,0.0,0.004383647156412429,-0.00036836477899165887,-0.016584903071694024,0.0370187593892049,0.011792897831509719,-0.006710335876911555,-0.0021762868199806107,0.011300279632753263,-0.008921145010648779,0.0007670007009993873,-0.012267806326624497,0.03918886170593655,0.0038018025191734472,0.010874283127485174,-0.07214861355424346,0.006312689979886821,0.03691422123595117,0.005866378593750221,-0.012103177848786228,-0.0041520893432997474,-0.004484657046609386,0.001456313196426473,0.0,0.0,0.033393280683012116,-0.01247662923182613,0.031002821141864423,0.0,0.0,0.04382621976989448,0.0035588358461518532,-0.06821137571326497,0.0034091599189475796,0.006593478629690452,0.0,0.0032500387772662065,-0.004436433589741384,5.551115123125783e-17,0.027577884217185045,0.011388448493765913,0.0,0.012790047401937565,0.0,-0.002505453375844402,0.0736551847988956,-0.0012633419674598634,0.01740915871719967,0.0018856718938144446,0.0030097926667007613,0.017630289675772792,0.03035560044990504,0.012273721017223738,0.0019822625562500584,-0.007530584053070499,-0.018342805791180916
0.0022851385530394674,-0.008722325248584406,0.011617786616074988,0.024998191955655336,0.013381431711476155,0.01962331598804029,0.012984385600324,-0.0009515349559731656,0.01580527706984103,0.016461454892314653,0.003959598308767465,0.04226943811724898,0.024984860081603777,-0.007688678298926721,-0.011766449216994213,0.007657690685827057,0.041104115379210104,0.020137379204904604,0.01239131511736713,-0.011506221799382377,0.004383647156412429,0.0,0.009760796831500773,0.055996729603262574,0.020452184610806112,0.014804449669430675,0.003817405842858279,0.005056476891123318,-0.009495802324301639,0.00711199250909067,-0.0010225335418008186,-0.004615953496732661,-0.006164994997111484,0.0036002646629457735,0.009704526497801458,0.005809318181360434,0.0022152452579337067,-0.00847602997511493,-0.00951667655213334,0.016424123268384494,-0.002353131100447159,-0.006883916510495136,0.02915921700960511,0.0004007243178413278,-0.00015808705777142773,0.014655772633071218,-0.010920678716770105,0.011428542439631317,-5.733100750249243e-06,-4.841770787861188e-05,0.018070350777669275,0.023665667754358355,0.03312271353127788,0.039570733151534976,0.005630170052706107,0.0,0.012197162902718606,0.014517836858299438,0.0,0.0009104221432450488,0.012172598927913059,0.022252431820748653,0.017508012371703796,0.0,-0.006770530345246939,0.012862331979540675,0.0026801407681926737,0.0011951251702659316,-0.014320198464684408,0.017354485159753352,0.00585191177301192,0.02231261880162788,0.0059011843294644595,0.001540967370265267,0.011685048115725016,0.001879161075832081
-0.0058066457718622955,0.025510655040494656,-0.03857152263570374,-0.01932423532120464,0.01384750750728203,0.0210511136680111,0.005821981822869138,-0.006409721381507916,0.0021439902324549287,0.030663206377383956,-0.07594664505481227,0.04772582108189438,0.016856015536803326,0.02144821542540143,-0.05960174955967834,0.019496032186233914,0.0067738283051888,0.0497737057878993,-0.05140175643226558,-0.017010762443022354,-0.00036836477899165887,0.009760796831500773,0.0,0.0057997139558404465,0.04621888671814567,0.013883136164699827,0.004937739025112686,0.014748467897663153,0.019041188563792666,0.01819627670228996,0.01293244196598814,-0.002662800519345365,0.031981895716936104,0.009519947567424414,0.011786241846730772,-0.009839355179979303,0.01450042248140887,0.012977436405465392,0.0031086987650510434,0.003154684308667055,0.006539099564552675,0.007885985043681987,-0.004975583938077566,0.018473517599942868,-0.007608094016435196,0.0077795495385692415,0.0020551144686627443,-0.1588931094181068,0.016974044383918085,0.00973280227299278,0.01585107609476233,0.009887696931708101,0.001957292356572271,-0.043834594753560774,-0.00013990479777009623,-0.10283421006879528,0.029236552312116693,0.011356658602791891,-0.03398604776845454,-0.01722488360915614,0.0020132459682206116,-5.260797366629655e-05,0.006006721871133991,-0.29300058204600654,-0.0004746585050904861,-0.01827427491443745,-0.014717616114641119,-0.018523813443591775,-0.00020274065623049342,0.01428315722394291,1.92031465179876e-05,0.012360274679413141,0.010425290991831204,0.0008080098466071717,-0.0029960139224801674,-0.013544096079584789
-0.017271915422312045,0.03292131942372417,0.04154053137952174,-0.013955056331940385,0.033596124541404704,0.009998479628728851,0.04219049304028055,0.011150371442984586,0.014228081905818368,0.004034164647036098,0.011656777315892042,0.010617594920493134,0.0472795144154009,0.04283548410807819,0.03239957046226294,0.038529041312689694,0.04569537488191422,0.03335655227715145,0.010528012109597196,0.017716462099136687,-0.016584903071694024,0.055996729603262574,0.0057997139558404465,0.0,0.025676627431797883,0.019414577126391608,-0.010113162089160688,0.0394812131912714,0.0049862065249357546,-0.007920333988374828,0.03675787822009402,0.039187346372199894,0.024990452652084216,0.018090452454390282,0.0587305783334221,0.04570220855533458,-0.008021679858893405,0.003662436601062219,0.07891921542991553,0.014201170530107443,-0.009298745169296296,-0.05498472755001638,0.0014525936100554526,0.00012180354621094125,0.007385357073300902,-0.04937057492846486,-0.0007146778750778404,0.0,-5.551115123125783e-17,0.00020779185808406098,-0.0029465627474152822,0.00017805728072345373,-1.6653345369377348e-16,-0.00037016339330320225,0.051642709945040555,-0.0002723126519650898,0.01825562149547616,-0.015174454075030042,0.0,0.0006672723952561022,0.014168621110914437,0.03461992547130671,0.027412785170857157,-2.5322052126131034e-05,0.0006911235620526979,0.0055305150417625515,0.0014363443348539007,0.0006638530493715544,0.019205453921735505,0.03164950704616676,0.015066266736762646,-0.0011407525231539317,-0.025085957180119578,0.016949083513188246,0.0,-0.006552514622474914
0.02626341459017889,0.024575020579801043,0.0036680400941928037,0.000346156829288069,0.018906447956413774,0.035200778831237234,0.012788309436117473,0.047696523553403924,0.03858032773417919,0.012777289876215903,0.013094080146857812,0.005893580274460186,0.023312923134007846,0.07290869133833983,0.04699895962584355,0.03114917981536769,0.03040934169280929,0.02272879981854503,0.009779532573383543,0.013063918735688462,0.0370187593892049,0.020452184610806112,0.04621888671814567,0.025676627431797883,0.0,0.008794531744136358,0.02701919257564639,0.019867086395540856,0.028251796428763354,0.028173754145330687,0.03776035289717056,0.002441111569187082,0.025663205266897637,0.02109777638643151,0.03310303454063446,-0.009234388447380226,0.0026494536523839485,0.04200193050213502,0.01922189155866405,0.032884285728762286,0.028859951599236378,0.022499358130177394,-0.002704133020962174,-5.551115123125783e-17,0.023221376420432815,0.02386890359937016,0.012482039339742013,5.551115123125783e-17,0.0,2.220446049250313e-16,0.030411274607008487,0.012309938410954901,0.022744670686653867,0.00035196795042208295,0.046322291491139644,-6.69208780345043e-05,0.03678121392465783,0.017070130183105714,0.0,0.0014983851158079098,0.021252885978694458,0.04816494089899914,0.04258045170905589,0.0,0.03370033923743948,0.030601345515379685,0.022544831281367472,0.006429162621487239,0.03031087330647758,0.04060240150063871,0.030603455775031874,0.03439465900929528,0.019347361831421994,0.027735332005228874,0.0,0.01953608528848333
0.0029168196918853972,-0.009537528908814541,0.01935584472473395,-0.002930716079892759,0.024131647790533117,0.030546658448543595,0.018636202768849697,0.020715244313869174,0.034633373590527816,0.00758073454633168,0.0037040270432536215,-0.009114671103888028,0.01950140109428916,0.0425357999005192,0.007920761403013121,0.013936569999885129,0.019831094533274085,0.022339309155583242,0.009876673577504769,0.005481090870202765,0.011792897831509719,0.014804449669430675,0.013883136164699827,0.019414577126391608,0.008794531744136358,0.0,0.004869087281700324,0.013377995824739253,0.022383421357978717,0.019403600027257717,0.019658634289805743,-0.0018419546759714245,0.018193763289682696,0.017800414672883957,0.0317825830007214,0.04835030229756104,-0.01714178634924801,0.011416561719409135,0.01242894797051075,0.020524476081510923,0.018617943515263913,0.024390309510642916,0.0186330288805448,5.5311358655107945e-05,0.03405224055152095,0.022287906921456768,-0.004448835937822526,0.01739754792474263,0.0,-3.3616689589566207e-05,0.010573085227436774,0.01911188630502736,0.036479672527751306,0.02745413469027952,0.027330535776561304,0.0,0.016704455414012886,0.027735155648747623,0.0,0.013863811804478265,0.011376560574244576,0.03342548533106504,0.03484330637700456,0.0,0.010769774859585801,0.02988615075159562,0.00573007569567946,0.021193771731108535,0.012140277143581846,0.03068139050873392,0.017234507112444175,0.013058167327206216,0.03527509136365914,0.014986535507689969,-0.00017978587282696523,0.013453972080923304
