0.0,-0.1158654554229947,-0.05851520901533508,0.0,-0.03169853577384357,-0.06344865489165513,-0.06783790008534396,-0.00010692718082605523,-0.036804960754365734,-0.053654906185431894,-0.010495895659705268,-0.041213531935308634,-0.07625630672782191,-0.03998789926605473,-0.02847108351699612,-0.08752691369433818,-0.048696047547645616,-0.05491274342078001,0.0,-0.06374616888914991,0.012965573550787424,-0.0991704864323752,-0.038410408655105366,-0.022894321728548994,-0.07099648476318449,-0.0501877854532094,-0.03508494365798004,-0.08498963693308531,-0.040179377074839484,-0.001723969819001192,-0.07422608851256468,-0.036503405118334165,-0.07998920420911337,-0.08035327622522709,-0.06336142419094165,-0.059022399164029626,0.00022996478664333297,-0.04436171888547846,-0.020549306664422395,-0.05677022995380587,-0.07025659843557963,-0.12372960498019653,-2.8022248034387243e-05,0.0,-0.015045594873502877,-0.029510671221998408,-0.08363843031789708,0.0,0.0,0.0,-0.05207898259802379,1.1102230246251565e-16,-0.06003304356309774,0.0,-0.06149123880659901,0.0,-0.0284263940351398,-0.046919803949877936,0.0,-0.019710043456709292,-0.06212460058655789,-0.05232110495423681,-0.05419670949425487,0.0,-0.049504336998172416,0.028538440562333234,-0.0940436236982225,-0.057444771303387154,-0.01978526030790073,-0.050933770618860286,-0.07005669116811414,-0.043054391163308836,-0.00013344244037943875,-0.0933447642469108,0.0,-0.055757795306402846
-0.1158654554229947,0.0,-0.0622883103930883,5.586470894397566e-05,-0.058757382103149514,-0.07879123208957084,-0.07099056174849111,-0.030538003240606904,-0.069495650656624,-0.06715056847471124,-0.03025956780602701,-0.04802284464859785,-0.07112676511190691,-0.007818458776004011,-0.05833660866032331,-0.08748291797274127,-0.07708630564888957,-0.06558085300833288,-0.017774073689817316,-0.07757412786247775,-0.054861235466032277,-0.04788094562208084,-0.08181338987561021,-0.060301871159326115,-0.06646036182868864,-0.0813988200300424,-0.07655931348541423,-0.06734194519067355,-0.08277277223409163,-0.012622953135855874,-0.08524701568703602,-0.03917618484963664,-0.09011297325649148,-0.09076578804881819,-0.06758449815805107,-0.014651384483708507,-0.0008910909938508182,0.0,-0.040685130168990224,-0.06561581220501223,-0.07802727991554392,-0.05561162600675884,-0.01011497163280034,0.0,2.220446049250313e-16,-0.0985831959598551,-0.08092423999545578,-4.984611302821795e-05,0.0,0.0,-0.05761276301118251,-0.04758650369771622,-0.037005973962043526,-0.03399986533089483,-0.03834509321121665,0.0,-0.026193267313327384,-0.05492960774868355,0.0,-0.07380952518657774,-0.07627678170273777,-0.04035125069685508,-0.06830250779264602,0.0,-0.07763123994182591,-0.046543866730444305,-0.06025211655363655,-0.08227774688420925,-0.03585893270974694,-0.06533012210615613,-0.08114212113864278,-0.08600727682676124,-0.06055538090468471,-0.057871623547323725,-1.1102230246251565e-16,-0.08719503383244559
-0.05851520901533508,-0.0622883103930883,0.0,-0.0450206146895743,-0.04012293574592918,-0.04588612704938716,-0.06009908060109731,-0.04190977683123448,-0.027180172175499784,-0.05416446633688987,-0.026731923911467392,-0.05022337121207987,-0.049314933139159745,-0.03337514637880812,-0.045700482255755515,-0.04034301180712141,-0.035172901332613915,-0.032864516879896055,-0.0484675090773031,-0.043886018478401845,-0.04062861347492985,-0.05481156251908709,3.74706039403816e-05,-0.045618853218030275,-0.060033674577125606,-0.0648834824491279,-0.051723983170993804,-0.050263128679128743,-0.06670397856168925,-0.03197330828918887,-0.049373999719797335,-0.03038197601942544,-0.052125737553924356,-0.047738582446784195,-0.047364361023918944,-0.050559959785323516,-0.06533033510810826,-0.058128218356198635,-0.08002705895414802,5.739078589028779e-07,-0.058873479843559895,-0.0010289428428593705,-0.07816863092528026,-0.02135830883619355,0.0,0.0,3.029816816879638e-05,0.03133407667005361,-6.2938718108362934e-06,-0.033261054404906676,-0.06451516352470882,-0.06419856198987389,-0.08421910591753001,-0.0346007376024946,0.0010221407958573847,0.03635549755831191,-0.0362352994817593,-0.07178607315791258,-0.07211195984628804,-7.632759851478044e-05,0.0,0.0,0.0,0.15891684604783096,-0.020273043314552264,0.006958590667283271,-0.00019514688795779778,-0.05110712500387138,0.0,6.8266439629594e-05,-0.05055060595863875,-0.04088695485757554,-0.06569600850933394,-0.06277154916365402,-0.009626827243185532,-0.0686806068867788
0.0,5.586470894397566e-05,-0.0450206146895743,0.0,0.02078145742259513,-0.03767511630064835,-0.009193124728556323,-0.029532837082409502,-0.054370958192610175,-0.02759654272155812,-0.047885572577663904,-0.014273642365279504,-0.0370174010653917,0.0525406107947079,-0.04068533209779279,0.00015060624598517425,-0.01699295944095408,-2.8660334961128076e-05,-0.0338727614586955,-0.0359409581864617,-0.0001370603426603667,-0.030241027557466882,-0.044711259364062894,-0.01567977023970002,0.0005056414920520669,-0.024622163860250956,-0.04640271260969392,-0.03745770504568244,-0.03965086584440247,0.01948003476702692,-0.009538662832132339,-0.02125868097465905,-0.04039210266466753,-0.04442995315067352,-0.08847827378128093,0.019733527367484655,-0.024912335072369812,-0.018152551111774107,-0.01031637848988154,0.000691694114639041,-0.024718041171192584,-0.0011165931939429163,0.031269002729802264,-0.00642228367839992,0.0,0.0,0.0,-0.0003152703322141792,0.0,0.0,-0.0318236111405194,2.220446049250313e-16,6.559299295999521e-05,-0.0003723092336322953,5.551115123125783e-17,-0.011401037493196375,-0.006840430912589013,-0.0002179729356950877,0.0,0.0,0.0,0.0,0.0,0.0,0.0,0.0,5.783329160208295e-05,-0.037944117398289345,0.0,0.0,0.0,-0.029075317778552212,0.000768510374049014,-0.015840797868957313,0.0,0.0
-0.03169853577384357,-0.058757382103149514,-0.04012293574592918,0.02078145742259513,0.0,-0.050420754930494416,-0.03504634258224876,-0.021691966624511838,-0.04224925254188544,-0.03449446212604701,-0.024452582677288337,-0.018190290099349193,-0.024218553282590427,-0.0019329192143312524,-0.024568366249593743,-0.05313171603554301,-0.03411790694062883,-0.04112398878128781,-0.059390666763734834,-0.05046985719317171,-0.05412222330135169,-0.05232043313274698,-0.027726478222966866,-0.02420320047558927,-0.08346956731599797,-0.09741872299839616,-0.03911144447930748,-0.02876278348735689,-0.06059953003898971,-0.03325215706197793,-0.0368202213453826,0.01144999950957687,-0.04810043098911232,-0.02858475921496828,-0.014078183034986702,0.01277832299099979,0.03403145755951875,-0.019016469353865695,-0.03466355309020974,0.013037137481295702,0.004099021716999385,-0.0722039214035673,-0.06063467059832617,0.07616774489743677,0.00018539963494684786,1.1102230246251565e-16,-0.010416419251963016,-0.025139696616964302,0.0,-0.0028380040946209273,-0.039186695241473224,-0.04315394617792456,-0.05780260888827932,-0.02288568348458553,5.551115123125783e-17,0.02372366554527955,-0.02334753850596627,-0.0488736663247491,-0.04467193820280524,-0.005688870257347933,-2.3898392776777744e-05,0.0,-5.551115123125783e-17,0.007990026144532203,-0.03625550189526544,0.00013522473143867675,-0.030251170335347133,-0.032433877238366826,0.0,1.84001788819943e-05,-0.030762363576391394,-0.03506696979880969,-0.04617547471536465,-0.048348049921539904,1.1102230246251565e-16,-0.05712634338681788
-0.06344865489165513,-0.07879123208957084,-0.04588612704938716,-0.03767511630064835,-0.050420754930494416,0.0,-0.04875973048053228,-0.05399148231656836,-0.04877887322240565,-0.03665395346743905,-0.01281411854646397,-0.0400946593854285,-0.025870397548676094,-0.049826885262554244,-0.07083110686870797,-0.08144995922334997,-0.04133510069783325,-0.06415413735087672,-0.03795169841816831,-0.06698456109850426,-0.046937601085627556,-0.06128025485862282,-0.025040798263697206,-0.044111698105294694,-0.0855634652198321,-0.09248136280860497,-0.04839154774516519,-0.04953458441538705,-0.06711634966666213,-0.03336984630438511,-0.020890892618438295,-0.018482033208009563,-0.053697583064187315,-0.02631944272610537,-0.01932303126614926,-0.01611861835329692,-0.037640570321075206,-0.035670325296734695,-0.039878372384533456,-0.04123123283570562,-0.047805327549446275,-0.023155844981689044,-0.0891512990185413,-0.027444060310704343,-0.02434042462650088,-0.04023234794378061,-0.08513033585125412,-0.052812749634230605,-0.02550933319546539,-0.06168855924462219,-0.05985054160647235,-0.07172356475214181,-0.08058419267525108,-0.05905394022185301,-0.01731842231830527,-0.06508337674390174,-0.022045522786578065,-0.06830554477033612,-0.03163789980514686,-0.07830096833146971,-0.08795137549766108,0.0,-0.04307134003674318,-0.041583699933720575,-0.092608027130202,-0.05433654231485918,-0.07177171457188403,-0.05853620694782008,4.8627731678296815e-05,-0.0839088221612832,-0.08211749933472878,-0.060113575408757114,-0.05895304318312983,-0.06603420582221103,-0.05861118981992053,-0.06230422036492528
-0.06783790008534396,-0.07099056174849111,-0.06009908060109731,-0.009193124728556323,-0.03504634258224876,-0.04875973048053228,0.0,-0.03263781537412097,-0.055260224367525757,-0.0379715753579033,-0.05046561933146487,-0.025997352560731046,-0.033313486195527486,-0.0426390203732,-0.03793906460568941,-0.056603243110749435,-0.05528586031325611,-0.07098813343304461,-0.048278806214390624,-0.04457643711161868,-0.040914816119182296,-0.047491282827642645,-0.040159303937755075,-0.026748199672120443,-0.07819249787981725,-0.07896091695381113,-0.04797795995357135,-0.06108181554176251,-0.0481211428208137,-0.024545593311681158,-0.03357371816532223,-0.019571698273712135,-0.037323434771000696,-0.025086148847976275,-0.04462873624823571,-0.04918291334150743,-0.02020120704537348,-0.018825629355903484,-0.023265656677455226,0.0018270657812402558,0.012169186616454941,0.007841444615157345,-0.08008180423046146,0.0023253401353717784,-0.010574057773735934,0.0,-0.043883696812958894,-0.04323433828657436,0.0,-0.04893444396484625,-0.0587846309250083,-0.0664199856862071,-0.05615808094788649,-0.04861457424651683,-0.027928777580755404,-0.004831668645413567,0.0028659959272371305,-0.06795424407219064,-0.03829834498036888,-0.041462987703801524,-0.041096337431798025,0.0,3.978258523829048e-05,-0.031411761970720986,-0.04249937405347237,-0.05937165462597055,-0.03796229625809455,-0.05036350703545406,8.841646673146686e-05,-0.04540550686496703,-0.05060326380904606,-0.053425191485781176,-0.05581383255340583,-0.05676819400449229,-0.016610540720355726,-0.061428214814430226
-0.00010692718082605523,-0.030538003240606904,-0.04190977683123448,-0.029532837082409502,-0.021691966624511838,-0.05399148231656836,-0.03263781537412097,0.0,-0.05752726330859825,-0.01141176214478451,-0.09268527777888808,-0.0421797176180948,-0.03694084395268993,-0.0681046308972939,-0.14354118093439122,-0.032650587417778265,-0.01208259492249586,-0.024669414108311527,-0.05169813529640993,-0.06156672219686282,-0.00589859363520806,-0.05036696077345387,-0.04355539374038914,-0.01588924509322026,-0.025111074817187995,-0.01869192391887825,-0.03799944182679926,-0.0495440838032607,-0.062447864573129785,-0.04568910313629454,-0.05008737368120786,-0.03811824791419044,-0.007287187314770849,-0.04157062203736556,-0.028354441786268836,-0.03435674934573976,-0.14620088039337062,-0.05556381511588804,-0.11482931237039079,-0.04666531970691262,-0.0625647564505431,-0.05750815395036851,-0.13046847288337315,-0.013451283539101688,0.0,-0.05217715643169968,-0.039911262974229145,-0.08502659014228042,0.0,-0.04005904291038054,-0.07602110556630359,-0.07154303826637504,-0.13089318651366522,-0.08618741017163145,-0.00011514268625273383,-0.09899412889900344,6.173575700219036e-05,-0.07004358425250162,-0.09220889630020862,-0.04186502388695362,-0.021577714719329344,0.0,-0.000279434562132308,-0.06484040517304485,-0.06095207279632292,-0.01941418432665082,-0.05700582663099779,-0.06524080466887805,-5.551115123125783e-17,-0.03564738435403825,-0.054562899004097776,-0.06174438829414153,-0.06197807762068658,-0.07962426126753791,-0.04218597612646924,-0.05029421858049149
-0.036804960754365734,-0.069495650656624,-0.027180172175499784,-0.054370958192610175,-0.04224925254188544,-0.04877887322240565,-0.055260224367525757,-0.05752726330859825,0.0,-0.06748062696746987,-0.06522428427135668,-0.04282578785543645,-0.037662848352260136,-0.06409039725932231,-0.058225733473798946,-0.0543764841527391,-0.055763311259805215,-0.03139174332818051,-0.051997319694017746,-0.04295307977325413,-0.031032934138478796,-0.03618561755245703,-0.03476823828338277,-0.04675549820131858,-0.08658435481589472,-0.10329227599025764,-0.04231036863791243,-0.056965419812246065,-0.03489691961777491,-0.03618754511504879,-0.06043287724244267,-0.0401187193228244,-0.07610153348790433,-0.055197921921931736,-0.04554451611962712,-0.05385687292829161,-0.05372097126324887,-0.05793242807351534,-0.05400342511039474,-0.016716494896547918,-0.017109718358826298,-0.03319973139111915,-0.07205179926053584,-0.04490378287200636,-0.020202504678323296,-5.551115123125783e-17,-0.04452777883996395,-0.05128981225864726,3.0236055292287567e-06,-0.04341443437998116,-0.06566588065363815,-0.0627069980437952,-0.0903540934725861,-0.06161784544208143,-0.026082325625749192,-0.03648359991873634,-0.04026714337423637,-0.07824393444765587,-0.07072123494745558,-0.042573247879134024,-0.01919142940973534,0.0,0.0,-0.030510647822372228,-0.045251229302095464,0.006592430913760994,-0.03865855011845387,-0.059130675090867724,3.7212489396754034e-05,-0.01614019834264746,-0.03843798122369263,-0.04916429150701379,-0.07098543616343533,-0.06669940588208773,-0.02940321838374882,-0.06374183763095959
-0.053654906185431894,-0.06715056847471124,-0.05416446633688987,-0.02759654272155812,-0.03449446212604701,-0.03665395346743905,-0.0379715753579033,-0.01141176214478451,-0.06748062696746987,0.0,-0.06279366836240624,-0.04505949280450888,-0.049430898786786304,0.00485243373636246,-0.025087324441866454,-0.027173193154896746,-0.049457435156774865,-0.048513606273070164,-0.05555517651148262,-0.027540553213645125,-0.06745710696917995,-0.052436166874900825,-0.045104938650451676,-0.05214775401192967,-0.051360867998569926,-0.07871958725056538,-0.0355114952347555,-0.050106247590556374,-0.04870156472003406,-0.019537817055419182,-0.05294189196867222,-0.0051811376413005705,-0.08890860337896142,-0.04563477103109159,-0.045063210090925565,-0.0434513978871508,-0.026427611032755705,-0.01937378688759095,0.03767259823350194,-0.07382250240449173,-0.038731369891898015,-0.026797915585112686,-0.035928815772521605,-0.018861383943632903,-0.03214056495814144,-0.06659528605842419,-0.02798306805878903,0.00033035449157581276,1.7168451058147127e-05,0.0003681174260647957,-0.04174157479248353,-0.07648042651801756,-0.014562277686583691,-0.010990864197541084,-0.11165677171424004,-0.04563880054288694,-0.10650607894572411,-0.05858970161875915,0.0,0.0004639675471810323,-0.07051705773240607,-0.10553561232980241,-0.08599932015206418,-5.643359830498351e-06,9.169033686862171e-05,-0.027685766234058495,-0.012534774985311248,-0.03879440991496508,-0.0939339792725033,-0.10623088406023562,-0.11034178107851667,-0.03215218888638649,-0.05079217182201856,-0.05262105278720586,-5.551115123125783e-17,-0.08151547957733113
-0.010495895659705268,-0.03025956780602701,-0.026731923911467392,-0.047885572577663904,-0.024452582677288337,-0.01281411854646397,-0.05046561933146487,-0.09268527777888808,-0.06522428427135668,-0.06279366836240624,0.0,-0.04305914915102066,-0.0522421996183936,-0.03600715940500937,0.0,0.00011461118628341982,-0.05998379704889151,-0.05334729429625634,-0.015564394650357749,-5.348505916291657e-05,-0.038035190738285596,-0.020143138131827,0.020161404006820816,-0.044805667529070836,-0.05203823779835709,-0.06305682458967404,-0.051513232571418155,-0.06595174782184487,-0.04688290277843887,-0.06577220580643162,-0.06992260751340756,-0.024412030320845268,-0.03709001668700468,-0.06172579095885444,-0.054676418707372665,-0.03835383431752731,-0.07405663491430392,-0.05589420788926802,-0.1358413046630469,-0.014589412104353106,-0.021942485788430666,-0.03535562291778771,-0.13421452672672618,-0.032848901212236825,-0.011340049912005545,0.0,1.1102230246251565e-16,0.010041196122079987,5.854843254660125e-07,0.021085685406407206,-0.05836244516412609,0.012347667441471422,-0.124690544222056,-0.01638665677769502,-0.03760992709778471,0.01224047510552595,-0.025119025411178997,-0.04133007817843898,-0.11733619165790321,5.551115123125783e-17,0.0,0.0,0.0,0.1557512682218205,-0.01403167319241494,0.0,-0.00011462662699918136,-0.07421749952942464,5.551115123125783e-17,0.0,0.00020690280515106574,-0.03655724282483158,0.007175051122009168,-0.008339771202357571,0.0,-0.04880572545862877
-0.041213531935308634,-0.04802284464859785,-0.05022337121207987,-0.014273642365279504,-0.018190290099349193,-0.0400946593854285,-0.025997352560731046,-0.0421797176180948,-0.04282578785543645,-0.04505949280450888,-0.04305914915102066,0.0,-0.027770954061211772,-0.012525497347478098,-0.028025669832841105,-0.05255455664835906,-0.08114284241267361,-0.05990379849678684,-0.02821380797967582,-0.010164371354719204,-0.05348888194908852,-0.03941703415132225,-0.06196855199416412,-0.04174816016779087,-0.06461040399974965,-0.05792651463844711,-0.042350598431992736,-0.02079924262188554,-0.03920395724965581,-0.06820893355578128,-0.048391711754672384,-0.001122232219418151,-0.02556383743732732,0.0060166261930985065,0.016746700237567358,-0.006819973703692195,0.03202879820027893,0.01231367850646109,0.09684110462672713,-0.06506114324017698,-0.021350903156153234,0.015073740933805757,-0.01838966352407101,-0.010509570762463893,-0.015768895925309667,-0.045472461704246514,-0.02070752092824002,-0.01902304238045044,0.0012706108796631255,-0.006039441198066264,-0.016145122701072046,-0.02635837304417732,-0.0003489006276037321,-0.017832896546514376,-0.10731612552582187,-0.012095432757763147,-0.09645853002943905,-0.04940288023018391,-3.6992184242412574e-05,-4.8679041226518116e-05,-0.03247131923459107,-0.09796314515685456,-0.08741846919834506,-0.01591859368097226,-0.01677581469566347,-0.036334124049909045,-0.006689330927864723,-0.013861613003737616,-0.0860595357354147,-0.10536138197624922,-0.10442697679805413,-0.032823443236906,-0.021640119555869586,-0.015539001588541768,0.0,-0.07588522575744705
-0.07625630672782191,-0.07112676511190691,-0.049314933139159745,-0.0370174010653917,-0.024218553282590427,-0.025870397548676094,-0.033313486195527486,-0.03694084395268993,-0.037662848352260136,-0.049430898786786304,-0.0522421996183936,-0.027770954061211772,0.0,-0.04273285619500944,-0.0447029203872954,-0.05494688958333954,-0.053134358856092745,-0.060925224612391526,-0.04381913548077071,-0.038428629576441165,-0.03910483452937946,-0.044352777893332584,-0.0364411957924225,-0.03160613141498414,-0.0761660481586593,-0.07160778179231503,-0.039306793197038226,-0.033067813342439634,-0.03434996871017826,-0.0015550724977844155,-0.03930503665876961,-0.020666141872012378,-0.02342720239165147,-0.032421998690196796,-0.03991551947533167,-0.03799021031301364,-0.03140813176541113,-0.028369079117179452,0.004550109376435463,-0.007963485627254352,0.04577707699555472,0.053231591330559214,-0.07914556005130924,0.016416410675966275,-0.016825754438111074,-0.04174152313540708,-0.06319786677480776,-0.05529881274945475,0.0,-0.05882345772045039,-0.055613994508900255,-0.06459972008023501,-0.05127698530788527,-0.059260958924576335,-0.024331976099527697,-0.041577792225717,-0.041994450701561714,-0.05739917347214246,0.005403448545330425,-0.06156264441762371,-0.06210362081724946,-0.027373140265853968,-0.05063679423147488,-0.04603013913019738,-0.07000283511272137,-0.06810909942717908,-0.058166034703496516,-0.05395720269077792,-0.02054189762600328,-0.06153799857217662,-0.07009156830554258,-0.05736017772115781,-0.05193723246693205,-0.05558656802512829,-0.054127965272915635,-0.05076827462756722
-0.03998789926605473,-0.007818458776004011,-0.03337514637880812,0.0525406107947079,-0.0019329192143312524,-0.049826885262554244,-0.0426390203732,-0.0681046308972939,-0.06409039725932231,0.00485243373636246,-0.03600715940500937,-0.012525497347478098,-0.04273285619500944,0.0,-0.018583321732480118,-0.0004307932391803826,-7.867209450590495e-05,0.00011061418528945932,-0.03297363362556366,-0.010032414394781086,-0.040561301406858485,-0.005879570479988938,-0.04739843997562232,-0.021916472663568,-0.008416832873125113,-0.044799789890234254,-0.03309953553527545,-0.022876676516261518,-0.044245492073274606,-0.009264046302180196,-0.056841451266746945,-0.03801399234633551,0.02389147891455884,-0.031906315109311134,0.005016003005209935,-0.006413358105697348,-0.023167289461172247,0.016496066471864634,-0.09244541784470428,0.0,-0.0011775432156961863,0.00017268767927985929,-0.11674378481214065,-1.6853159030549847e-06,0.0,0.0,0.0,-0.08359283545048646,0.0,-0.059493641960173205,-0.052025301994403084,-0.04289424112959089,-0.11292332267849703,-0.09283959390394686,0.0,-0.11455135612536071,-0.00025252330423208846,-0.021775348635199143,-0.08011483849042222,1.1102230246251565e-16,0.0,0.0,0.0,-0.03528306103954337,0.0,-1.1102230246251565e-16,0.0,-0.11113368570201554,0.0,0.0,5.551115123125783e-17,-0.06369432863536817,-0.020754254923692428,1.1102230246251565e-16,0.0,5.551115123125783e-17
-0.02847108351699612,-0.05833660866032331,-0.045700482255755515,-0.04068533209779279,-0.024568366249593743,-0.07083110686870797,-0.03793906460568941,-0.14354118093439122,-0.058225733473798946,-0.025087324441866454,0.0,-0.028025669832841105,-0.0447029203872954,-0.018583321732480118,0.0,-0.08212665320750201,-0.03015928451394745,-0.06097718828652832,-1.1102230246251565e-16,-0.0869001535215197,-0.030398249453791326,-0.08055036822870115,-0.07919291608029216,-0.054717591854481995,-0.06671181373784885,-0.0415171042490296,-0.065281415182946,-0.049754428914999094,-0.07134707347492025,-0.04603876370319687,-0.054292302979643825,-0.02793108238189468,-0.0428322154777207,-0.04933540790625818,-0.04075843732853657,0.00053238873494732,-0.02192833957589513,9.585647148047105e-05,-0.050629992691109016,-0.07155284903555342,-0.07022678832344348,-0.05673435134990057,0.011471488201340918,0.006834781760302389,0.0,-0.03732937102531353,-0.0591134213838842,-0.03649651630311557,0.0,0.0,-0.05151091550610587,-0.030840304737222046,-0.05070964468055339,-0.011813147689194392,-5.551115123125783e-17,0.0,0.00029443542545104506,-0.046972518705653776,-9.597585470588754e-06,-0.09864925863643215,-0.07400102720329133,0.0003354810920222495,-0.03264125722941591,0.0,-0.144239863685795,-0.05010303760430851,-0.10907015833518224,-0.06380272123617298,-7.09824406729953e-05,-0.08892967517734501,-0.05445448390629848,-0.08346039547099376,-0.06275230483380356,-0.076761641501924,-0.05706586261921304,-0.07516478980651253
-0.08752691369433818,-0.08748291797274127,-0.04034301180712141,0.00015060624598517425,-0.05313171603554301,-0.08144995922334997,-0.056603243110749435,-0.032650587417778265,-0.0543764841527391,-0.027173193154896746,0.00011461118628341982,-0.05255455664835906,-0.05494688958333954,-0.0004307932391803826,-0.08212665320750201,0.0,-0.04099191210792774,-0.013402452545658305,-0.00013844059407747134,-0.056089266507640845,-0.07726497897153317,-0.06709938287882533,-0.06688321052970059,-0.05828032603050076,-0.057714155488788554,-0.09675427723635227,-0.0721571013765443,-0.059340907984475166,-0.06202266010638513,-0.05461602796352982,-0.04021971619615827,-0.017935996954059785,-0.048255075762116295,-0.0679182458301994,-0.05309400925560137,-0.004650623489027117,-0.019142932162967197,-0.03877453275373849,-0.039372831675903885,-0.050328463643298404,-0.0718496888801568,-0.05092808642968816,1.2514519173112415e-05,0.0,0.0,-0.08326875831341257,-0.07958145721821519,0.0,0.0,0.0,-0.052989968850054914,-0.04122264952913274,-0.036971894420145424,0.0,-0.025131421403666532,0.0,-0.02632137097408066,-0.057420103380619814,0.0,-0.09669473078780261,-0.05766672310335591,-0.025004527523972475,-0.035332500167901515,0.0,-0.059915528799485585,-0.059104649633473505,-0.07794135318793066,-0.05977599047119164,-0.03991790140905993,-0.03976516657627632,-0.07826801132273353,-0.06496390400053792,-0.07222438228085587,-0.047708923911619405,-1.1102230246251565e-16,-0.06387651347660828
-0.048696047547645616,-0.07708630564888957,-0.035172901332613915,-0.01699295944095408,-0.03411790694062883,-0.04133510069783325,-0.05528586031325611,-0.01208259492249586,-0.055763311259805215,-0.049457435156774865,-0.05998379704889151,-0.08114284241267361,-0.053134358856092745,-7.867209450590495e-05,-0.03015928451394745,-0.04099191210792774,0.0,-0.04958399461387841,-0.041351911590901735,-0.0580562744148877,-0.016568329838348828,-0.051943272082078995,-0.035112323810927326,-0.06671707749577127,-0.013905612492872033,-0.05753986780585951,-0.03538349626837051,-0.05196948325901252,-0.05384098124871772,-0.020095173993766813,-0.06086053707463385,-0.0379753932357319,-0.0770372817725779,-0.061908766322226694,-0.051700917738585206,-0.038937054670166615,3.470242373310173e-05,-0.05883556299974213,-0.0010602457462611237,-0.017700029982432697,-0.05684845252281884,-0.061257539881714895,-5.551115123125783e-17,0.0,0.024893470100105175,-0.0717346842504068,-0.018859881552107716,0.0,0.0,0.0,0.0,0.0,0.0,0.0,-0.08737288419334455,0.0,-0.08713162637309824,-0.008509044576110847,0.0,-0.00013979797571583852,-0.0445036938074827,-0.06836780574134493,-0.05614076941566393,0.0,1.1102230246251565e-16,0.0,-0.015141490881424358,0.0,-0.07434241238106598,-0.06139932602060344,-0.07005626557870576,0.0,-0.01782187858075507,-0.036050552611166076,0.0,-0.05922167124297906
-0.05491274342078001,-0.06558085300833288,-0.032864516879896055,-2.8660334961128076e-05,-0.04112398878128781,-0.06415413735087672,-0.07098813343304461,-0.024669414108311527,-0.03139174332818051,-0.048513606273070164,-0.05334729429625634,-0.05990379849678684,-0.060925224612391526,0.00011061418528945932,-0.06097718828652832,-0.013402452545658305,-0.04958399461387841,0.0,-0.03696222751408457,-0.04929738511549375,-0.024019829282607263,-0.04813407956148119,-0.03367432030293194,-0.06625569785525254,-0.04238902556583968,-0.059737165926313396,-0.05938817416377851,-0.05939071097186838,-0.05082696116631075,-0.06352123623804651,-0.057822817103841684,-0.03529200834249008,-0.07183658852446179,-0.05807284848873295,-0.05304135795463366,-0.021844371315784705,5.7836274159450696e-05,-0.02110519855639953,-0.013165419112236343,-0.03218826977831851,-0.04435852907585036,-0.027632827911283075,0.0,0.0,-0.021044169447038297,-0.06238737956791002,-0.04470631363965599,0.0,0.0,0.0,-0.05945349889652951,0.0002439141347629903,-0.00040820906150812464,0.0,-0.05108047738719884,0.0,-0.060252954313609164,-0.06385603149663227,0.0,-0.11600912488077347,-0.03690251894333341,-0.0466534026440229,-0.0483169533454893,0.0,-0.06232588469845762,-0.06028352420406402,-0.061459681034809366,-0.14424427401955242,-0.06017125754711233,-0.04583001598426195,-0.05890581536823869,-0.05878099732472897,-0.06206556983429701,-0.07596733960336705,0.0,-0.04514330669935013
0.0,-0.017774073689817316,-0.0484675090773031,-0.0338727614586955,-0.059390666763734834,-0.03795169841816831,-0.048278806214390624,-0.05169813529640993,-0.051997319694017746,-0.05555517651148262,-0.015564394650357749,-0.02821380797967582,-0.04381913548077071,-0.03297363362556366,-1.1102230246251565e-16,-0.00013844059407747134,-0.041351911590901735,-0.03696222751408457,0.0,0.00029862875152386614,-0.025298965370589954,-0.017242544077256616,5.6148762051233536e-05,-0.049429704698787935,-0.040331251758088105,-0.04523586999823126,-0.10086753959480305,-0.05634043455185389,-0.0494496596264874,-0.05586197632456169,-0.05299230710897479,-0.027650191097055465,-0.041465640938579185,-0.048716321716555766,-0.045648783725321274,-0.04375856374164783,-0.046638385822425465,-0.04240574520250184,-0.05507537197832285,-5.8002013302860256e-05,0.001050449474655657,-0.04289587357058683,-0.052558606967049004,-0.007012552831653418,-0.0005378315855653626,0.0,0.0,-0.08750095112937711,-5.551115123125783e-17,-0.015364865238897296,-0.048186339348174234,-0.050415857210799386,-0.06566153347906478,-0.030328321519203394,-9.466533064111937e-05,0.040662641405542044,-0.03332598903489459,-0.07047127432580902,-0.12946628106230884,2.220446049250313e-16,0.0,0.0,0.0,0.028830628148395654,6.492166774868524e-05,0.0,0.00011508978926044744,-0.03093427645746205,0.0,0.0,-5.551115123125783e-17,-0.021873118098397537,-0.0502379273816701,-0.046620496185544646,0.00022382123159980782,-0.03150522375531428
-0.06374616888914991,-0.07757412786247775,-0.043886018478401845,-0.0359409581864617,-0.05046985719317171,-0.06698456109850426,-0.04457643711161868,-0.06156672219686282,-0.04295307977325413,-0.027540553213645125,-5.348505916291657e-05,-0.010164371354719204,-0.038428629576441165,-0.010032414394781086,-0.0869001535215197,-0.056089266507640845,-0.0580562744148877,-0.04929738511549375,0.00029862875152386614,0.0,-0.04781753077093215,-0.06704806205542674,-0.10954183151585706,-0.025103086987160517,-0.07709120102041683,-0.06300972355441842,-0.05538659282411246,-0.04016394315307581,-0.05632548525357517,-0.047243085007106944,-0.06156822190938077,-0.019832538373200426,-0.02293856495518476,-0.060638486761826926,-0.04308426137057031,-0.04382053188622409,-0.023063617700329442,-0.04851515372986903,-0.051888149045623444,-0.08046731510350819,-0.06722203103547275,-0.052039598098959416,0.015171083044789202,0.0016798363736807431,-3.5815993889409814e-05,-0.05468961925440935,-0.06102640808462617,-0.06531442746999822,0.0,0.0,-0.04642453709967376,-0.04467835913916679,-0.04445337856530618,-0.03453653918859512,0.0005256200464058836,1.1102230246251565e-16,0.0001471141638271778,-0.04468665583093806,-1.1102230246251565e-16,-0.08110640709791017,-0.0668403635609367,-1.9907899144244734e-05,-0.07065146545695056,0.0,-0.09379771311923518,-0.07786685325409753,-0.07478308448389065,-0.06598554227466674,0.0,-0.0597395255521781,-0.07975001067432486,-0.08452609493842889,-0.06883534782415551,-0.07410754727932545,-0.04126103540563275,-0.07322521716617786
0.012965573550787424,-0.054861235466032277,-0.04062861347492985,-0.0001370603426603667,-0.05412222330135169,-0.046937601085627556,-0.040914816119182296,-0.00589859363520806,-0.031032934138478796,-0.06745710696917995,-0.038035190738285596,-0.05348888194908852,-0.03910483452937946,-0.040561301406858485,-0.030398249453791326,-0.07726497897153317,-0.016568329838348828,-0.024019829282607263,-0.025298965370589954,-0.04781753077093215,0.0,-0.04805103753070811,-0.051417467396563166,-0.013114265577579887,-0.01902207142567902,-0.03173362688864351,-0.03280667855307973,-0.04170770235964799,-0.0467551944713418,-0.042351149713159064,-0.052779555831297675,-0.017875760500353055,-0.06116873858143346,-0.05688667220533028,-0.040261844288208004,0.013809304185194049,-0.007830244620273541,-0.029760156912499447,-0.02270091799787577,-0.06218868996997273,-0.04156949105895308,-0.026000416273464333,-0.020662886550563864,0.0,0.0,0.0042133842530573395,-0.08108375688873604,-0.0743543379724001,0.0,0.0,-0.0465030532696602,-0.041326694230915395,-0.003237505489477821,-0.024373532427341693,-0.029923196480512892,0.0,-0.025788866405501265,-0.05743420126049287,5.551115123125783e-17,-0.05532482044742437,-0.08061062478297698,0.0,-0.03580419983456212,0.0,-0.08284065033899823,-0.008596282330692318,-0.06844871168052452,-0.03378062096049134,-0.0043158994725942534,-0.05639565723741263,-0.05161004548524534,-0.06679383746196788,-0.06019755980733876,-0.06730466064100277,-0.04160651348263439,-0.057084082299251604
-0.0991704864323752,-0.04788094562208084,-0.05481156251908709,-0.030241027557466882,-0.05232043313274698,-0.06128025485862282,-0.047491282827642645,-0.05036696077345387,-0.03618561755245703,-0.052436166874900825,-0.020143138131827,-0.03941703415132225,-0.044352777893332584,-0.005879570479988938,-0.08055036822870115,-0.06709938287882533,-0.051943272082078995,-0.04813407956148119,-0.017242544077256616,-0.06704806205542674,-0.04805103753070811,0.0,-0.06580429550096856,-0.045992319675348003,-0.07619787857408883,-0.057369742341623065,-0.05433013272729209,-0.03461285558722438,-0.07137824527904274,-0.020248861629729498,-0.05541307159098935,-0.019051400926960504,-0.03700919762734939,-0.05389036182939372,-0.04797760784338223,-0.03818682064948348,-0.027545935756669804,0.005905492771850207,-0.026923775368055236,-0.05080579509438632,-0.04656634414313299,-0.05222199699946428,-0.01341819612256201,0.0038281017405443207,0.00014552672910017606,-0.07858279864129214,-0.0634143061373984,-0.030992629517027803,5.277594583130707e-06,-4.503250907123002e-05,-0.05504658207919755,-0.0420375597578021,-0.036402023415490925,-0.04165006764040163,-0.022961174734548673,0.0,-0.020289228037385643,-0.05064801889030662,0.0,-0.07495120321383625,-0.0722433928785925,-0.022243222227543324,-0.04645159963666007,0.0,-0.07454311519022572,-0.056264675754142235,-0.06835774284721291,-0.08301408023388879,-0.018750039031467935,-0.06384720245681491,-0.06061708348280487,-0.08069638345374835,-0.055228684778100945,-0.06894726058530737,-0.011783743263236335,-0.05663204912136183
-0.038410408655105366,-0.08181338987561021,3.74706039403816e-05,-0.044711259364062894,-0.027726478222966866,-0.025040798263697206,-0.040159303937755075,-0.04355539374038914,-0.03476823828338277,-0.045104938650451676,0.020161404006820816,-0.06196855199416412,-0.0364411957924225,-0.04739843997562232,-0.07919291608029216,-0.06688321052970059,-0.035112323810927326,-0.03367432030293194,5.6148762051233536e-05,-0.10954183151585706,-0.051417467396563166,-0.06580429550096856,0.0,-0.02579229619549378,-0.0558556733194257,-0.06896343395071702,-0.05176509424127029,-0.04653801514726036,-0.058040110378070275,-0.044517254208371215,-0.0460996290547675,-0.03237962670543726,-0.06018661641401146,-0.04398851423954442,-0.04010511043392423,-0.02442210661406885,-0.05175890271479411,-0.039961124241575496,-0.05332275604529507,-0.049059982787083456,-0.052077520482570416,-0.030530124702813966,-0.10710220279116339,-0.05283383007829112,-0.009092459566094835,-0.015160302312401674,-0.06338853613415413,-0.020552636374797206,-0.028575006845799666,-0.046941204291262584,-0.04405016302088116,-0.0538315561688979,-0.07180613793675877,-0.04663076705484115,-0.03593028050169328,-0.019081148078880228,-0.03894470514298992,-0.0581944641218064,-0.0818024693970198,-0.07587469373986927,-0.057411072658477225,4.842816635453051e-05,-0.04161196904061354,0.021173960363050193,-0.09636272236208981,-0.056968915550691224,-0.0700145642769836,-0.034847041209597585,0.00018663251105355272,-0.08670617672236741,-0.06516994338262533,-0.040725287920886866,-0.05738760166008727,-0.06894693923108342,-0.0487493062463627,-0.05868636876222477
-0.022894321728548994,-0.060301871159326115,-0.045618853218030275,-0.01567977023970002,-0.02420320047558927,-0.044111698105294694,-0.026748199672120443,-0.01588924509322026,-0.04675549820131858,-0.05214775401192967,-0.044805667529070836,-0.04174816016779087,-0.03160613141498414,-0.021916472663568,-0.054717591854481995,-0.05828032603050076,-0.06671707749577127,-0.06625569785525254,-0.049429704698787935,-0.025103086987160517,-0.013114265577579887,-0.045992319675348003,-0.02579229619549378,0.0,-0.07392410399004873,-0.05599989085447732,-0.025018147098359478,-0.01924632216663985,-0.02982374090186829,-0.010355035374933652,-0.049398995626632414,0.044004669409213215,-0.004603084353693332,-0.0025112037202045245,0.0007217402476675794,0.03732329665631928,-0.03912525749191917,0.000382844723633341,0.03724230669177342,-0.026156459199302873,-0.02797653739370065,0.0025298901900174253,-0.01107950681025005,-0.0035983996892161585,0.015945344491436142,-0.053648490038325614,-0.052034927299587974,0.0,-5.551115123125783e-17,-0.00019128238495258465,-0.005029549229718433,-0.00016391027843448702,-1.6653345369377348e-16,0.00034075318131376875,-0.084929235826115,0.00025067687445018416,-0.06496243032684157,-0.03504938868923596,0.0,-0.0007044269625587352,-0.06418910803266592,-0.09372888325797785,-0.07019101879628781,2.331016512052697e-05,-0.00039979815503510263,0.008479211019660426,-0.03692813530887967,-0.0005931265882802017,-0.03371787767697643,-0.07364296469539083,-0.0823662891664459,-0.004526656794058226,-0.012933812653609378,-0.03460092448252017,0.0,-0.06556372042262604
-0.07099648476318449,-0.06646036182868864,-0.060033674577125606,0.0005056414920520669,-0.08346956731599797,-0.0855634652198321,-0.07819249787981725,-0.025111074817187995,-0.08658435481589472,-0.051360867998569926,-0.05203823779835709,-0.06461040399974965,-0.0761660481586593,-0.008416832873125113,-0.06671181373784885,-0.057714155488788554,-0.013905612492872033,-0.04238902556583968,-0.040331251758088105,-0.07709120102041683,-0.01902207142567902,-0.07619787857408883,-0.0558556733194257,-0.07392410399004873,0.0,-0.05781574273091372,-0.08230369297508361,-0.07085569363975275,-0.07457493234314783,-0.0605625786682647,-0.06951327109362665,-0.02843919626535707,-0.07044438352968524,-0.06560145793044508,-0.04807654689201479,-0.03084134958069601,-0.008074417771705922,-0.06205429832630288,-0.024940267759197998,-0.040468632129304294,-0.057061336721899,-0.033741301347855635,0.008619936032051467,-5.551115123125783e-17,-0.03047433147951112,-0.07462442888938903,-0.06445783812629852,5.551115123125783e-17,0.0,2.220446049250313e-16,-0.06259750860682789,-0.03818223093255152,-0.0638462111977357,0.0004922564571107069,-0.08687446115669645,-0.00032445494895222415,-0.08653132367186916,-0.07192172951389436,0.0,-0.12298325425838769,-0.05123440065101059,-0.06571643326679016,-0.055212021567426606,0.0,-0.05235323853553708,-0.09517943447113741,-0.08188534075243142,-0.05505829759800801,-0.07333250347337,-0.054969688540938255,-0.06810777801344736,-0.05885502003355897,-0.07284649677077731,-0.07512598739934812,0.0,-0.055980068830801866
-0.0501877854532094,-0.0813988200300424,-0.0648834824491279,-0.024622163860250956,-0.09741872299839616,-0.09248136280860497,-0.07896091695381113,-0.01869192391887825,-0.10329227599025764,-0.07871958725056538,-0.06305682458967404,-0.05792651463844711,-0.07160778179231503,-0.044799789890234254,-0.0415171042490296,-0.09675427723635227,-0.05753986780585951,-0.059737165926313396,-0.04523586999823126,-0.06300972355441842,-0.03173362688864351,-0.057369742341623065,-0.06896343395071702,-0.05599989085447732,-0.05781574273091372,0.0,-0.07145049884886717,-0.07338048661078767,-0.06918748919867224,-0.0633550451039715,-0.06969685552969956,-0.04015126711695255,-0.07320125486370238,-0.07538055467613414,-0.0598250121510403,-0.021814154289999055,-0.027240057676151563,-0.058731298226793516,-0.03815712110610775,-0.05260389643416363,-0.08072067193431598,-0.06575601664265768,-0.04575534840952317,-3.964555774355061e-05,-0.014279377962471695,-0.07439533443971236,-0.09171941378934179,-0.03955526015068217,0.0,-4.1531278848760955e-05,-0.08406253859331048,-0.059560408031829715,-0.03734090383736527,-0.040935548338493,-0.10744560330827585,0.0,-0.10332577244769281,-0.08523450156048867,0.0,-0.05967325445801919,-0.07860773649554842,-0.09292185325926733,-0.06711073755692326,0.0,-0.07243591553428985,-0.02534141628826081,-0.06915536632640157,-0.10219729412167933,-0.08009808326275408,-0.06504756906778136,-0.07898163347312925,-0.10747990616685094,-0.0800189117504479,-0.09096119918984857,-0.00042787619230494345,-0.0816836688407947
