0.0,-0.10686487264921773,-0.03405752376854576,0.0,0.19867304200659758,0.11417937725125821,0.040101970715998775,0.6282845206422235,0.23389771089289998,0.23071228117043008,0.3752033417031689,0.2663356490589253,0.10720653539207609,0.19946816282448074,0.2866990376964095,0.033395297550076364,0.08734435939539081,0.1365363407631724,0.0,0.11909426826060149,0.5045426361435439,-0.11337818750670736,0.3236654605248003,0.4857586550440154,-0.009425399110479071,0.26081061414741735,0.36559905440867935,0.049418000028662534,0.30275309331593747,0.6277408386968615,0.06840774857089754,0.40207737115236325,-0.0048903000735823765,-0.09062379543035992,0.06321844602917503,0.29006024343987963,0.4899678096013451,0.2707869449510518,0.39633391554763686,0.12721797802254434,-0.08124133159000974,-0.18591349500403964,0.4659916683227683,0.0,0.30614206537799166,0.42665089253291055,-0.10461675240706136,0.0,0.0,0.0,0.11825868168910458,0.0,0.20419658949421993,0.0,0.07962709729097517,0.0,0.37853948860555164,0.09255861262713544,0.0,0.47817775797490114,0.026101615217624663,0.019536216223183855,0.12314049415345898,0.0,0.01605253734536005,0.6465441430231789,-0.1264301847622738,0.10398486982805322,0.5302360229338854,0.19590219068751707,0.0686436239611169,0.005650906865382999,0.439478163191068,-0.18327793087903682,0.0,0.07135449804430105
-0.10686487264921773,0.0,0.17018558117824178,0.42444938709264335,0.17105343465239847,-0.001887449660144147,0.10403643607434138,0.47786242773417265,0.0546004030747502,-0.00498426497035348,0.12681693804474922,0.11511913727234452,0.11242892708845142,0.28235749110665576,0.11867457023166345,-0.04120810360353949,-0.0013598545781061677,0.1255004522642535,0.46987104878366737,-0.1758880518621645,0.2291748634376222,0.248909572483686,0.10639833041947327,0.029799002630731708,0.06810489771140091,-0.042272535753843654,-0.08270906435667641,0.08904202071963116,-0.15143923816703103,0.3949128797859436,-0.02542869709839579,0.2213562023026572,-0.1428179192952043,-0.10349244524152607,0.1011487539808095,0.4367150889813721,0.05906672466552347,0.0,0.17314744595004974,0.07875319042578116,-0.03767400188842157,0.0407054859144339,0.44141906274776316,0.0,0.0,-0.16788865628379324,-0.08040993490115156,0.04960689511571383,0.0,0.0,0.1363111590881921,0.2257022861261288,0.21691665750778752,0.1924682888888017,0.24695122910409117,0.0,0.245122040344405,0.1715906852951363,0.0,-0.018017583135168214,-0.035237779406193215,0.16003290505860568,0.04413604845550434,0.0,-0.08478192117483258,0.35521875591678886,0.12305604672721396,0.017536771133678297,0.12947117250256748,0.05676128174046302,-0.042376841745829286,-0.06305041127819705,0.11682779968649831,0.11992125601287779,0.0,-0.17345876627462103
-0.03405752376854576,0.17018558117824178,0.0,0.28415979404975533,0.2978811441558097,0.24756102752229397,0.25756838197843396,0.47239783488505693,0.23739704642620704,0.14699299603691585,0.4448258455496581,0.16976193648058213,0.34689427190305105,0.45016116579256904,0.10422713737418038,0.14136909913711979,0.29273145489992536,0.2728130157397154,0.21121815816423475,0.12338440600937622,0.31632892920315314,0.19213300722745424,0.6037234680219399,0.1699101332228058,0.23515019873047371,0.06726229824169616,0.1403212021407782,0.3684992943475352,0.2504990407182925,0.4754933434111905,0.3810258013450343,0.4480378690322565,0.0889209506082797,0.3505574020031499,0.2821511330538705,0.30561076984527114,0.13259177348054807,0.06928327436811091,0.2026069115468847,0.4979847609366348,0.2457767430308661,0.5536926643063841,0.24354202384667478,0.5708621598691135,0.0,0.0,0.414586936723948,0.6056021765389312,0.4831020369772179,0.40095795124572137,0.28275212002787764,0.3345438094126395,0.2575223289690049,0.5880586481704406,0.43430283802509456,0.7445319388276267,0.3369316321045802,0.32592103240320786,0.2904003110406009,0.3575364201651683,0.0,0.0,0.0,0.8358338825191263,0.36420100082251317,0.5254781748898403,0.24949814801736303,0.427283233568272,0.0,0.5535320821277108,0.15062578748449856,0.4937960530017999,0.28490773589483254,0.28195812502126044,0.46767658882770496,0.04448020944046194
0.0,0.42444938709264335,0.28415979404975533,0.0,0.5559158326796773,0.27055640775598766,0.3859810346244857,0.4099806228248554,0.26989531756938684,0.2680334051978137,0.19987955816690034,0.3069927133852922,0.20522595822858422,0.7859075057056006,0.28297264866815286,0.28647452771856224,0.24392530592431366,0.46627919418551267,0.39252580562174,0.3218169360409468,0.44112922031553015,0.332319144465806,0.20639347693629329,0.2195862475247548,0.8092272088855519,0.3145643225322767,0.2614083330501396,0.19655013482916237,0.12175514346729296,0.7136263213341384,0.47947792185104837,0.24053944020594165,0.16306841333818956,0.15571881051841036,-0.02506690619702001,0.4362470310271621,0.09120476020324036,0.23311513942743445,0.20939822634533226,0.40020023852740844,0.25671375259051676,0.37881281085454577,0.5643916930093877,0.22199921955668922,0.0,0.0,0.0,0.43611973216509553,0.0,0.0,0.31142494055567654,0.0,0.4651634782244149,0.3342006262965773,0.0,0.2167364244030277,0.43335171776754144,0.4571170883341703,0.0,0.0,0.0,0.0,0.0,0.0,0.0,0.0,0.4853555921221898,0.28960940015881975,0.0,0.0,0.0,0.2660850663263543,0.48031010271826696,0.19832176789823575,0.0,0.0
0.19867304200659758,0.17105343465239847,0.2978811441558097,0.5559158326796773,0.0,0.11750649115291659,0.23357320197701306,0.48928605231022454,0.15035060923646895,0.3949742911337461,0.29303796486074074,0.38083968142662844,0.4537005126198878,0.43386194620342056,0.284695085991163,0.3051969388904464,0.35380540079240486,0.20137373340618317,0.1526622341352438,0.24608991692252608,0.23310224901452326,0.2229989772775096,0.3550053202294645,0.3442115513512489,0.07558121907084162,-0.14274365565531316,0.2692378800797086,0.3341087090280218,0.2017815589983573,0.26666215468565735,0.3689278993010302,0.549235895417553,0.11019659413821653,0.37565006446128046,0.41376082984279394,0.44906056949187445,0.5223804957436242,0.3278640209427213,0.27283583966727215,0.8254817680715127,0.5506701109566946,-0.04560603444513017,0.24855844538047736,0.914813113964452,0.3851697431723693,0.0,0.18231308046093495,0.4654264628598785,0.0,0.5263222517531476,0.3706048164591328,0.3744958800231891,0.2337730627186033,0.4221661130454406,0.0,0.6110260969201802,0.21840824885329735,0.41046135039203313,0.26660397084901616,0.3034753626853084,0.45998725490488634,0.0,0.0,0.6618401634668041,0.13098329790100416,0.49232677333460934,0.045883380399097506,0.4327712718469534,0.0,0.49939442555272184,0.05747553612751316,0.3611472509868263,0.3164741047424624,0.18682010707326013,0.0,0.2718009028976204
0.11417937725125821,-0.001887449660144147,0.24756102752229397,0.27055640775598766,0.11750649115291659,0.0,0.18488359528691956,0.24346324959621746,0.1633473310107739,0.39658558925671517,0.45851212199174085,0.356457642096403,0.38012522930321746,0.19654919243204666,0.13685758296696945,0.07313274769305592,0.1745065344816052,0.17145598223742214,0.3561258017620669,-0.001814963778087375,0.28697614124588383,0.06332081871557038,0.4113715273203048,0.11098890571525144,-0.029367620480388046,0.03416129293012099,0.1542597974747758,0.2782676038175328,0.02913046371671263,0.4143431138862244,0.5004787068065413,0.41689757593798715,0.22964477109793324,0.4263944938921208,0.4609269298494654,0.5130000089237465,0.29080022944999634,0.24758580605349606,0.33775701453799195,0.1166355817371845,0.2784364396218132,0.4008406225847559,0.07959241745122547,0.4277967820859093,0.08365346474052535,0.27460688923628324,-0.06211815858992281,0.3444649594821865,0.3619285138020247,0.1889284128165606,0.2360299978620392,0.21462004560374828,0.1967081663532652,0.31592982665667013,0.5848932741190278,0.2303249942300865,0.21827588657104255,0.23239769979290142,0.4840366729759506,0.025840618310619068,-0.11961685540660066,0.0,0.15327948488108284,0.3745306197849638,-0.049352274901277415,0.16942220988415974,0.09184625569218319,0.2474649370317213,0.5056207686383616,-0.09658080683594233,0.009149611710786265,0.22872198086204748,0.21209039139209632,0.13106421686762704,0.15416299160032945,0.18963976476378352
0.040101970715998775,0.10403643607434138,0.25756838197843396,0.3859810346244857,0.23357320197701306,0.18488359528691956,0.0,0.34740077086563037,0.20088179891849284,0.23531450156977843,0.29605153270019025,0.20186179588335232,0.35572674803505466,0.22387481439043871,0.29549152836067216,0.26337064134434796,0.15896544862195944,0.11449484984769487,0.3266537092185348,0.24963852947126805,0.25767416531772136,0.2580715478567963,0.33099210072596197,0.2586561867159772,0.08951770273657017,0.10648351478923035,0.1869487698409945,-0.01594774662916687,0.23797410033321553,0.352109845846142,0.29492173969405894,0.40168402862348646,0.25313803257604295,0.26039402605905504,0.059656147214153105,0.16241807471230257,0.3050177356571039,0.44970240309641496,0.4873883900515082,0.44990449522659315,0.4946391155747637,0.5794767334935429,0.08607259246704665,0.8201449848423064,0.3796142118197505,0.0,0.1512777617448224,0.3215005667398493,0.0,0.3060129368122656,0.2820380758461672,0.27601825519220313,0.24304491184958074,0.4000697911583916,0.25270679843424915,0.4889726259208428,0.5167848694115525,0.20279416767722425,0.11813873112101031,0.11338024732366528,0.10120266137260664,0.0,0.5161720548961058,0.4766926952681914,0.33236278052862334,0.01745354804656596,0.2888450510497876,0.31534447239074925,0.4703119808290139,0.09243247397445625,0.09258775102463443,0.26392354169981624,0.24076380835395467,0.1650847520056139,0.5334383952347937,0.16837703767107937
0.6282845206422235,0.47786242773417265,0.47239783488505693,0.4099806228248554,0.48928605231022454,0.24346324959621746,0.34740077086563037,0.0,0.3474677907503577,0.4935693549979262,0.10433836112913178,0.32522263684730784,0.3778426255425124,0.35078731447533495,-0.138419243942824,0.4861603279277307,0.268457654046075,0.49248304098176626,0.37621701961919607,0.11224303550686349,0.531909800141489,0.24486182281717733,0.27133599840238953,0.36930171320389726,0.4610144409869938,0.4915483905617896,0.35864909696110253,0.24184800961612235,0.09970305656112266,0.225694233731301,0.2683455982023001,0.3040707128433182,0.5131044722050209,0.2775154350177349,0.2738691173900394,0.3219841482255851,-0.07815829232332328,0.22130539748893246,-0.22999120059720551,0.14333958600109753,0.00768745279360683,0.11573292021123244,-0.06500248823588206,0.3891536411137462,0.0,0.26678142325405896,0.09874380386388545,0.26436236898654325,0.0,0.39564798831128745,0.11763150312315798,0.17918100758355548,0.06051185235721196,0.08703077880320864,0.6285988462788097,0.1402857498004049,0.9686672759222957,0.20295382838318235,0.0913644707907238,0.4546619283555773,0.22314703383063528,0.0,0.5534481515355772,0.36974474964788495,0.3648839397426643,0.5565599606582403,0.04438132758931429,0.2833606158313291,0.0,0.14539563566081126,0.035034411920716435,0.23077614018741566,0.22108458020067112,0.15177263265196514,0.2581645268963384,0.1693405468059032
0.23389771089289998,0.0546004030747502,0.23739704642620704,0.26989531756938684,0.15035060923646895,0.1633473310107739,0.20088179891849284,0.3474677907503577,0.0,0.24494590527478077,0.011588354299424591,0.30100618538956825,0.3911461757499393,0.23005146848557456,0.26792790993211596,0.2746740146081931,0.08693320356543782,0.37423742363820817,0.0895415208715688,0.28426235510852593,0.31105867868117815,0.3089196833573318,0.37817080211547743,0.2902271268752855,0.050430903898563806,0.02509608492114257,0.19547560583902068,0.31728068052512803,0.31500940883585415,0.4279531753533824,0.3244508402510393,0.4158755807143723,0.14153674007166073,0.32705752578361613,0.3353468726930454,0.2962086652734979,0.26714187335675044,0.2330560207555668,0.31732323472987906,0.21611257647291854,0.389975854075744,0.20952778065589567,0.15800070731195698,0.31336820868630444,0.2262089680373416,0.0,0.06815321666694807,0.4076787750113183,0.4824028103082302,0.41644197524751425,0.2736772492158915,0.3931569926626541,0.1927334256242036,0.3315012448532365,0.2065756452117906,0.4594205398514924,0.07102734816735617,0.18612324280645606,0.27601099762087034,0.08571013060534582,0.4079419865490441,0.0,0.0,0.47468479992092505,0.28912473983245873,0.7801278168903825,0.160117252132768,0.3397644721729489,0.44059656436729044,0.39617212016494696,0.03048884665924753,0.35149375880543443,0.16961331467549973,0.16297650110306922,0.24945859873535725,0.2986317907622853
0.23071228117043008,-0.00498426497035348,0.14699299603691585,0.2680334051978137,0.3949742911337461,0.39658558925671517,0.23531450156977843,0.4935693549979262,0.24494590527478077,0.0,0.24210453160615056,0.1696646956605966,0.16774200816111162,0.6170873309649043,0.380285251509062,0.2654678650083514,0.24448678338508617,0.13129885568532534,0.19637099368016192,0.29306749791860004,0.29637805786106636,0.16020310708637708,0.1851070643827242,0.08676082142147215,0.36495829617284237,0.1382791799803227,0.27578315335539016,0.19986710507434818,0.17451392901961083,0.3307918521641624,0.20427255474277595,0.36563689099360236,-0.0778206720651845,0.1268549211233011,0.12402085561037515,0.2670524496306362,0.27859193155839745,0.336102179023405,0.6539558806993016,-0.006051373665321602,0.2872733865677133,0.27918069872871376,0.26923458705926473,0.19618692034829024,0.32002572475836055,0.24565113122506893,0.24262408990674603,0.37743653603174565,0.4922145583628589,0.48165624307722876,0.1967964734546483,-0.05574992700539255,0.29992975559184165,0.3049256669983404,-0.12231520664813461,0.006202260126771553,-0.06826603404223608,0.16571814640337856,0.0,0.6263268248813598,-0.08856702500409369,-0.1854370508802886,-0.11317035290818622,0.4799568399781987,0.47367441811406946,0.3158228009247839,0.26993571094505575,0.28896729989438996,-0.1090616991909405,-0.22532288809121098,-0.20451347659609154,0.31059329732930274,0.27202505360436113,0.13959687864551296,0.0,0.09074051960431917
0.3752033417031689,0.12681693804474922,0.4448258455496581,0.19987955816690034,0.29303796486074074,0.45851212199174085,0.29605153270019025,0.10433836112913178,0.011588354299424591,0.24210453160615056,0.0,0.2083402670620746,0.27798374152561234,0.3493662533770243,0.0,0.5040705343905206,0.07579885888301396,0.15184744108506795,0.41965747197155373,0.45846125576534763,0.10423005590643525,0.20823674158837527,0.6518984058238904,0.2218856879031948,0.20546774890129926,0.07808670167000153,0.18832944527051704,0.18240389462522122,0.09346182660507102,-0.33108232384681585,0.19837814137058435,0.3864456857601604,0.3117811275575597,0.26134962938908723,0.21200231188940438,0.37552981668711194,0.2109881038666202,0.20708291640972315,-0.12757649725054848,0.3146030870799771,0.441236931552104,0.20230461841577715,-0.01180117473312442,0.3432311281068735,0.09556043943994104,0.0,0.0,0.6808502925836979,0.4740528798072128,0.5987021111086444,0.2980010971232291,0.5480359919599898,0.029150488407289954,0.6160275391371051,0.1769547909375343,0.5567818662318695,0.21467904428795612,0.3605049426386826,-0.00489894192433149,0.0,0.0,0.0,0.0,0.929390926312166,0.22935686509786524,0.0,0.5315492965567511,0.24311216098826446,0.0,0.0,0.9604236781855919,0.45874518212744986,0.5703968548453823,0.2628892632262989,0.0,0.3276763197149116
0.2663356490589253,0.11511913727234452,0.16976193648058213,0.3069927133852922,0.38083968142662844,0.356457642096403,0.20186179588335232,0.32522263684730784,0.30100618538956825,0.1696646956605966,0.2083402670620746,0.0,0.28223872804100036,0.5333381718177893,0.2295095681495632,0.15608447874266856,0.03526149380329613,0.16200181755327703,0.4151155757635623,0.3875560614471731,0.2506164740416205,0.23164696374700408,0.06015003501328492,0.06871463201955888,0.10566495042794788,0.1899262603448455,0.16941928353248142,0.3756705147578394,0.28699309627640723,0.004917508857423647,0.07009888411764015,0.3291614720782846,0.3479140517893227,0.52431492234574,0.6496264885971833,0.322090018344395,0.6126135762287671,0.38215638297985133,0.8865433232443221,0.08309224301781393,0.37927934621509785,0.43111620878883,0.3434153061587394,0.3569424180354091,0.3774280820233057,0.20974691376327068,0.2878371898602516,0.14970794909364457,0.4022005082174861,0.3000615591981874,0.1779642333402785,0.29130440948615954,0.3603019208352201,0.19396459684783493,-0.15580726435027603,0.19677792466406469,0.12690829296137374,0.22209119874483046,0.5717901870112043,0.5273769949356351,0.23684868981516988,-0.2194108349813182,-0.08698169676613332,0.22635975046091636,0.4023654748354049,0.4393542649655057,0.3146412551262534,0.3605451695753735,-0.0931101049830163,-0.2541143241754031,-0.1797344174932286,0.12694275840941657,0.4730348329571058,0.3471245819654365,0.0,0.18227578035866213
0.10720653539207609,0.11242892708845142,0.34689427190305105,0.20522595822858422,0.4537005126198878,0.38012522930321746,0.35572674803505466,0.3778426255425124,0.3911461757499393,0.16774200816111162,0.27798374152561234,0.28223872804100036,0.0,0.3016111298960985,0.2971257295105513,0.2806693427685682,0.10739292523148053,0.1789557093457363,0.37943934959173686,0.3399533715662988,0.3296008184303145,0.288895082318646,0.40412833778702884,0.19359536276873757,0.08728141002995968,0.11250972830593398,0.32826767823923925,0.37341015590896204,0.38077129821047895,0.5791045660254136,0.20013696133103892,0.40615279079172656,0.3270810420259727,0.2424442467970331,0.15753095250953392,0.3196521209527564,0.25728725427994525,0.2590637180526123,0.5806148386938546,0.43022392682604593,0.7170778623729025,0.7291937906630748,0.08847641601393375,0.5397884551574306,0.33384189846662843,0.23132092415360977,0.128542815029641,0.3766013105686436,0.0,0.3070374573054225,0.279604106357559,0.2907982343521127,0.2871046931218575,0.3743672288818084,0.41311334430861835,0.32451102538502424,0.2626182536064268,0.30891028042872953,0.4741992482842341,0.23210255660181503,-0.11856282707957028,0.14736088516946388,0.08499809173408923,0.4311277182880455,0.1751039684226515,0.24238956344603413,0.18281945952791878,0.3119889321682636,0.3081956501821288,-0.012239061416900787,-0.06625863440644492,0.28622125397626086,0.3189567821195638,0.23521495171705178,0.12501620815876976,0.2801582421138569
0.19946816282448074,0.28235749110665576,0.45016116579256904,0.7859075057056006,0.43386194620342056,0.19654919243204666,0.22387481439043871,0.35078731447533495,0.23005146848557456,0.6170873309649043,0.3493662533770243,0.5333381718177893,0.3016111298960985,0.0,0.24736476387905812,0.5080880818021669,0.49309539807923874,0.4819297922212862,0.42923345240022165,0.33566014524611343,0.23402543502641038,0.1715007032334182,0.3062453361645893,0.4851355839923137,0.3800588483280775,0.11424868453365666,0.4024525185316855,0.35765489342260753,0.1227095142989694,0.4705913528416151,0.18873376988933305,0.2138300244589946,0.4026962009111929,0.5038920413363599,0.3866406431428161,0.31330325631616596,0.120317835086345,0.4770647339675731,0.19383390220889724,0.0,0.6324102206639983,0.6987257542807171,-0.03815794033528713,0.4823788668915953,0.0,0.0,0.0,0.05407374145969057,0.0,0.16906159720733327,0.14416664009560312,0.18275796634706173,-0.01213443714732143,-0.06458118678783442,0.0,0.00417581333131728,0.38646159075112896,0.41657049948031744,0.01737381344217559,0.0,0.0,0.0,0.0,0.35082881659548487,0.0,0.0,0.0,0.017625581938439383,0.0,0.0,0.0,0.1733451390986041,0.4801090045238151,0.0,0.0,0.0
0.2866990376964095,0.11867457023166345,0.10422713737418038,0.28297264866815286,0.284695085991163,0.13685758296696945,0.29549152836067216,-0.138419243942824,0.26792790993211596,0.380285251509062,0.0,0.2295095681495632,0.2971257295105513,0.24736476387905812,0.0,0.026867961698716192,0.13932790993249775,0.10479090340526065,0.0,0.07789626943730277,0.2852520938905021,0.04504307138926078,0.09945311422757508,0.19317759493444894,0.09726713395791897,0.3044035778722817,0.15255521767431018,0.13091761901928425,-0.0074283143046728894,0.21228951392075487,0.18550340120079212,0.28257590397318366,0.27969507990013626,0.22414895533500595,0.29351114573538895,0.6674262835586304,0.3380877529630189,0.3912244372623521,0.08647097336211437,0.06736423728084151,-0.013617929327286837,0.09867578345590494,0.5396119179486827,0.6381892445337669,0.0,0.36209505737922865,0.17454542533233247,0.17919827796182594,0.0,0.0,0.1583830487353341,0.4727211778879695,0.31904570375089836,0.4142522859827663,0.0,0.0,0.6150891323281215,0.26197583879318337,0.4763946725631224,0.20478482991592029,0.09686123806488728,0.5557950123434987,0.4774059831075358,0.0,0.03993212432427057,0.2524206428015755,0.09971177122614955,0.4619911886581517,0.46838102942192783,-0.13352889719849576,0.19355563599510534,0.1822453756259812,0.07412350156864672,0.0014014598319525562,0.05402346163405719,-0.08028683725949992
0.033395297550076364,-0.04120810360353949,0.14136909913711979,0.28647452771856224,0.3051969388904464,0.07313274769305592,0.26337064134434796,0.4861603279277307,0.2746740146081931,0.2654678650083514,0.5040705343905206,0.15608447874266856,0.2806693427685682,0.5080880818021669,0.026867961698716192,0.0,0.17277083808611937,0.589104163351258,0.4578428557750577,0.0997488452558036,0.08560139291072044,0.005199375572992937,0.22050788270758898,0.1265666093686555,0.22073123764679498,-0.07189825141708123,0.09533936254367598,0.1676414847937652,0.08325195891106166,0.17379715345845526,0.18150573374764728,0.4094332679281442,0.06188828662247209,-0.10031293025100418,0.150517426725296,0.533193402342425,0.07276519693946368,0.367077519503439,0.24261587509205923,0.10801989464271891,-0.052168169518830854,0.14590277760563408,0.4675164382766235,0.0,0.0,-0.13161592399566546,0.02054183832776113,0.0,0.0,0.0,0.1459414303243584,0.047766180389723634,0.34226999073264747,0.0,0.35713355868373553,0.0,0.2630078408270392,0.15635555104282972,0.0,-0.10417017892524316,0.14961334268628146,0.32153133580556414,0.3062752745300419,0.0,0.07048086564185513,0.17866267396676389,-0.06139398712576405,0.19562417847342817,0.11215498052063361,0.3342193191145446,0.1098273783200725,0.15713996918388562,0.05106025004180609,0.2203904063186654,0.0,-0.1444279113189802
0.08734435939539081,-0.0013598545781061677,0.29273145489992536,0.24392530592431366,0.35380540079240486,0.1745065344816052,0.15896544862195944,0.268457654046075,0.08693320356543782,0.24448678338508617,0.07579885888301396,0.03526149380329613,0.10739292523148053,0.49309539807923874,0.13932790993249775,0.17277083808611937,0.0,0.3024924416428792,0.29671259454358856,0.05589501515747733,0.3948269345771711,0.22900465785978233,0.10897483776578593,0.1400432663750304,0.49587183904891,0.1034343929647499,0.20375920125476782,0.46353300360791866,0.037033179046053105,0.25628813980929843,0.03780750185795834,0.29626447609198003,0.10283936342413807,0.053357452779909775,0.06356850100207398,0.32606953056681304,0.36122519281753196,0.02901672450049081,0.53318722139518,0.28565458659943216,0.07698436947905102,0.07142462214489276,0.0,0.0,0.6263916866408019,0.14200341167214103,0.28874298236825635,0.0,0.0,0.0,0.0,0.0,0.0,0.0,-0.09104421747957941,0.0,-0.08997324926846606,0.3443756858282744,0.0,0.5859814549883292,0.09286816423692623,0.0021572019533449005,0.07882986592728392,0.0,0.0,0.0,0.3219265194533547,0.0,0.08164061456617672,0.11987490099160564,0.07300837028272417,0.0,0.22823754382542646,-0.2962160905751784,0.0,0.1477624255663567
0.1365363407631724,0.1255004522642535,0.2728130157397154,0.46627919418551267,0.20137373340618317,0.17145598223742214,0.11449484984769487,0.49248304098176626,0.37423742363820817,0.13129885568532534,0.15184744108506795,0.16200181755327703,0.1789557093457363,0.4819297922212862,0.10479090340526065,0.589104163351258,0.3024924416428792,0.0,0.23344815515527945,0.12209890662363809,0.46798399680035063,0.14572705502098296,0.42965069649712045,0.10060433466974167,0.2752864585874403,0.07595519383802479,0.1783321522259133,0.0616867290010083,0.13685020185400004,0.09713393991475389,0.013380228951256956,0.2296605440656948,0.07682777689044407,0.046665704479741166,0.03186427944798137,0.3928194357519292,0.40748323043455437,0.2532597171071628,0.4945198788249408,0.244945029305258,0.1560566823004167,0.3051722740080326,0.0,0.0,0.33780459114445566,0.12510342437522315,0.2863168364410401,0.0,0.0,0.0,-0.018674937527730584,0.5177318960669872,0.586486074445498,0.0,0.25327412486017686,0.0,0.10947719969284181,-0.15726125969957128,0.0,-0.28177351954990104,0.2622993076771847,0.2547808848113926,0.178329326652678,0.0,-0.050203556553278184,0.06322958311929566,0.02534296494195859,-0.35184715256616456,0.15530357562963454,0.20856352599942862,0.15359364042571377,-0.057881133326028456,-0.027389053053957446,-0.07944342601953785,0.0,0.20860752043898667
0.0,0.46987104878366737,0.21121815816423475,0.39252580562174,0.1526622341352438,0.3561258017620669,0.3266537092185348,0.37621701961919607,0.0895415208715688,0.19637099368016192,0.41965747197155373,0.4151155757635623,0.37943934959173686,0.42923345240022165,0.0,0.4578428557750577,0.29671259454358856,0.23344815515527945,0.0,0.5254268496377971,0.2544791781720443,0.44940744630838814,0.5434073649642363,0.1274468752874185,0.24356128349863976,0.2169774281898083,-0.1671328807583905,0.3345602765776964,0.12198636482196695,0.28692326303226745,0.3564213224703464,0.4794462647361002,0.2292341707916548,0.3519823174424255,0.25860776185559475,0.4012675442735588,0.2537196199837562,0.23393967921338787,0.3363156212995203,0.46403491486480536,0.44337047253768164,0.0550373785366822,0.4419149139596578,0.4631873502675802,0.010780135706668595,0.0,0.0,0.43452230581300066,0.0,0.4319504391657071,0.33024804925038975,0.32961336252721846,0.31961605158050355,0.5213935603890826,0.6250723372125182,0.6909769833531034,0.22070792313658505,0.16933223938032155,-0.10708083054171602,0.0,0.0,0.0,0.0,0.7701510761420929,0.4786579721301238,0.0,0.49458838953365064,0.5004996190378667,0.0,0.0,0.0,0.5333323471074776,0.2886405476724111,0.09883905957779876,0.47723586051809386,0.3485044184005103
0.11909426826060149,-0.1758880518621645,0.12338440600937622,0.3218169360409468,0.24608991692252608,-0.001814963778087375,0.24963852947126805,0.11224303550686349,0.28426235510852593,0.29306749791860004,0.45846125576534763,0.3875560614471731,0.3399533715662988,0.33566014524611343,0.07789626943730277,0.0997488452558036,0.05589501515747733,0.12209890662363809,0.5254268496377971,0.0,0.22636680685496724,0.00108980978654602,-0.038882149556595025,0.41382359637305965,-0.050068583736471384,0.1146018188005059,0.18656426016529412,0.36346627856490454,0.15862558929819054,0.380984396670052,0.06476305544873706,0.37298308040838646,0.34367273167567897,0.13043276687214364,0.2840139021714455,0.4401532577646162,0.3397256485370866,0.39784382464331824,0.11917196963400242,-0.11397042568488835,0.06988724422380738,0.08043667288704137,0.6229269542922229,0.3045632057630431,0.3567025717464237,0.10799229937797061,0.012925516486928634,0.1895985040734414,0.0,0.0,0.22290131773978436,0.2576109580123651,0.3700206904336155,0.2940558930147509,0.7938930271977951,0.0,0.5575217184178463,0.30024580617917107,0.0,0.04569282466099761,-0.03732599843413126,0.4665622033236715,-0.07936778577759518,0.0,-0.10792378229344746,-0.032174986912305026,-0.027526663450881006,0.17135816618424704,0.0,-0.05350365546224406,-0.12298470949514767,-0.012901194214027134,0.08218958179266272,0.06455190653570392,0.19350272797998075,0.020688735853208573
0.5045426361435439,0.2291748634376222,0.31632892920315314,0.44112922031553015,0.23310224901452326,0.28697614124588383,0.25767416531772136,0.531909800141489,0.31105867868117815,0.29637805786106636,0.10423005590643525,0.2506164740416205,0.3296008184303145,0.23402543502641038,0.2852520938905021,0.08560139291072044,0.3948269345771711,0.46798399680035063,0.2544791781720443,0.22636680685496724,0.0,0.16119259539320063,0.20176331715734508,0.43085489577712643,0.43283624384624486,0.4023863211202919,0.3968742211662946,0.24864047292931007,0.1750704414172593,0.25142749474650516,0.18959186863718802,0.30390821426754455,0.05800900974561796,0.11073196752077374,0.2888184982532077,0.585982259641468,0.38306006102183077,0.33045985695683083,0.36821469731160433,0.18670266814403924,0.18730830936277912,0.3074231828701127,0.4797158438307541,0.0,0.0,0.5987274508955975,-0.009521055966731584,-0.030020617374324043,0.0,0.0,0.2473684066889544,0.24983408973516427,0.6432460028559808,0.42109518284189,0.4023140037203466,0.0,0.47634702436793364,0.20162743488451673,0.0,0.2132979698382707,0.0026580730409528908,0.0,0.2179971333973263,0.0,0.05121648236776283,0.5809389706437234,0.08452051393277143,0.39260016759367516,0.5490283977920277,0.07153150451206478,0.33266417264816295,0.1666390625667672,0.14771850063069605,0.1654778631377083,0.2022343457751038,0.0028687143239824187
-0.11337818750670736,0.248909572483686,0.19213300722745424,0.332319144465806,0.2229989772775096,0.06332081871557038,0.2580715478567963,0.24486182281717733,0.3089196833573318,0.16020310708637708,0.20823674158837527,0.23164696374700408,0.288895082318646,0.1715007032334182,0.04504307138926078,0.005199375572992937,0.22900465785978233,0.14572705502098296,0.44940744630838814,0.00108980978654602,0.16119259539320063,0.0,0.4243112957599502,0.22708078146554508,0.06338374688909731,0.14278011071535285,0.10789064236876725,0.46033948289732896,0.025753110024801573,0.5314232590678692,0.11170157330607539,0.45815280909727313,0.2640875276142851,0.21577317002273178,0.29865747405206344,0.40682303971282374,0.5428061245513829,0.5538372846419519,0.2937279809075065,0.10049646479043253,0.13636287276694414,0.06716943207083148,0.3648408611991916,0.4365820534390111,0.4221917941910094,0.08224842118608086,0.0837786338659895,0.2730744687365605,0.4800921877877876,0.3989622536497079,0.16090791140070054,0.28765723781670044,0.36507744392502606,0.2891822358685805,0.223300442631612,0.0,0.349594587770279,0.19813813122623358,0.0,0.16805361811255112,-0.022652439576110017,0.2684568200926008,0.08721627202502275,0.0,-0.048289363361473936,0.16849413797317103,-0.006419099798766537,0.007402275117908641,0.4361277650276911,-0.07574170446753736,0.11594893562190561,-0.07581161712767054,0.1477586282368188,0.059229518195314246,0.32167813538298584,-0.016855551032128657
0.3236654605248003,0.10639833041947327,0.6037234680219399,0.20639347693629329,0.3550053202294645,0.4113715273203048,0.33099210072596197,0.27133599840238953,0.37817080211547743,0.1851070643827242,0.6518984058238904,0.06015003501328492,0.40412833778702884,0.3062453361645893,0.09945311422757508,0.22050788270758898,0.10897483776578593,0.42965069649712045,0.5434073649642363,-0.038882149556595025,0.20176331715734508,0.4243112957599502,0.0,0.35594127889899685,0.2699797496315546,0.1251254276050918,0.1312688190579897,0.255172271567349,0.16707581937723293,0.2937133333125281,0.30709730979071626,0.33326419184346145,0.16708624215110246,0.28781802759815356,0.3099578568202518,0.48949571166203787,0.18706881433019612,0.1693119969145,0.2651413527381019,0.3106398148351993,0.2613199591361027,0.4138598338997302,0.09383232938234398,0.35127706083333976,0.41528695401210164,0.447638529163895,0.24472204939145067,0.6122432260102934,0.20771560269964284,0.4084394628547431,0.3645041026087913,0.32233780464664813,0.29741128644476733,0.47244931495472636,0.34992961742165607,0.615980596401799,0.194633009816644,0.276283234966256,0.21497747841117096,0.18661151147212834,0.31322746934288714,0.4736744181140705,0.2330488945374141,0.714155203473068,0.012841745862434861,0.31117348318615745,0.14139440620932647,0.5962551576624018,0.369982986707154,0.004969204818386752,0.17262787345463096,0.35002332187143725,0.22961657514282116,0.18529556029676666,0.276293784763049,0.26276953336894693
0.4857586550440154,0.029799002630731708,0.1699101332228058,0.2195862475247548,0.3442115513512489,0.11098890571525144,0.2586561867159772,0.36930171320389726,0.2902271268752855,0.08676082142147215,0.2218856879031948,0.06871463201955888,0.19359536276873757,0.4851355839923137,0.19317759493444894,0.1265666093686555,0.1400432663750304,0.10060433466974167,0.1274468752874185,0.41382359637305965,0.43085489577712643,0.22708078146554508,0.35594127889899685,0.0,0.1308997182561717,0.11184886446825329,0.3504114716708342,0.3639690615852401,0.4492846888326279,0.6002109234485473,0.13082636124495775,0.7411159749991072,0.4599717098482365,0.3901393238034027,0.45972643313078937,0.5308225254380488,0.1098047884103355,0.3855349812251827,0.8015369279195848,0.4626474794505966,0.3575275998274814,0.5631735910889384,0.35354367704790174,0.3224122391188994,0.5376330699657939,0.316796767727601,0.14291479918534689,0.0,0.0,0.46204670165583395,0.46184462208224447,0.3787031751318296,0.0,0.3308070143037546,0.025591182993489503,0.5009192441097595,0.16442439695905017,0.18139139703099483,0.0,0.3560750344121859,0.03655675190633406,-0.16759858906614922,0.029625794351856416,0.4800623441275339,0.3982134988761688,0.5787790587103857,0.05341129007809811,0.6400191552237516,0.30635538329494627,0.0011188870447271793,0.008345818088240975,0.32417240830595656,0.5409375992649788,0.32313452239106033,0.0,0.2613870020588412
-0.009425399110479071,0.06810489771140091,0.23515019873047371,0.8092272088855519,0.07558121907084162,-0.029367620480388046,0.08951770273657017,0.4610144409869938,0.050430903898563806,0.36495829617284237,0.20546774890129926,0.10566495042794788,0.08728141002995968,0.3800588483280775,0.09726713395791897,0.22073123764679498,0.49587183904891,0.2752864585874403,0.24356128349863976,-0.050068583736471384,0.43283624384624486,0.06338374688909731,0.2699797496315546,0.1308997182561717,0.0,-0.008272067266182737,-0.01125926993921128,-0.05803689701149184,-0.07423865938189361,-0.028461846933100665,0.021815077801221827,0.202823670340833,0.0007704720289999911,-0.029660665758356908,0.056052677788766825,0.33507787052665244,0.363605257193692,0.03164862862900314,0.3888431946613057,0.2043654071603706,0.05135161965038437,0.2788094678240394,0.37971114643229237,0.0,0.20685422689478924,0.04838833255343877,0.17098701682180276,0.0,0.0,0.0,0.028637037646327246,0.029918651238988847,0.1614427819628548,0.4250239403490037,-0.010624037701252198,0.46759577592436263,-0.003983792005585518,-0.07609325320245686,0.0,-0.24551308726231197,0.17285130501736679,0.0948880068007899,0.16414440121884938,0.0,0.1551041527037388,-0.14055061048510092,-0.08961258857171439,0.11868981430639416,0.03091390262455307,0.16256932667663362,0.030916781178194797,0.054952972608593276,-0.009237448743302457,-0.12260000597393372,0.0,0.02840898551912313
0.26081061414741735,-0.042272535753843654,0.06726229824169616,0.3145643225322767,-0.14274365565531316,0.03416129293012099,0.10648351478923035,0.4915483905617896,0.02509608492114257,0.1382791799803227,0.07808670167000153,0.1899262603448455,0.11250972830593398,0.11424868453365666,0.3044035778722817,-0.07189825141708123,0.1034343929647499,0.07595519383802479,0.2169774281898083,0.1146018188005059,0.4023863211202919,0.14278011071535285,0.1251254276050918,0.11184886446825329,-0.008272067266182737,0.0,0.1588098974211376,0.07306347862607271,0.05704824165544037,-0.06582256619146709,0.004734028086994302,0.3033492700027415,-0.06118494047185857,-0.06289849510516182,0.15621002818312218,0.36608447682412937,0.2668469913693414,-0.00831517945046939,0.28741431146370433,0.057742896407986244,-0.11475752313088572,0.03462669111058153,0.08714261138891194,0.5113607851005372,0.3591920591912326,0.020879607232676567,0.04475387490425026,0.3886521422491325,0.0,0.003503818501320654,0.032732057059563835,0.010306706245739872,0.23229146384714577,0.11325055998041839,-0.18271353079780922,0.0,-0.14734153815763362,0.0026710415254246334,0.0,0.2336381522397494,0.024395203942700006,-0.16124213264171633,0.022474005506298522,0.0,0.08531124698128062,0.600491680961346,0.23854204059602863,-0.15093088359346657,0.07745734840178753,0.04668962009943556,-0.055779050878545844,-0.17061426097979393,-0.056043609878866696,-0.07360502694957965,0.4783519831515568,-0.19544781673035316
0.36559905440867935,-0.08270906435667641,0.1403212021407782,0.2614083330501396,0.2692378800797086,0.1542597974747758,0.1869487698409945,0.35864909696110253,0.19547560583902068,0.27578315335539016,0.18832944527051704,0.16941928353248142,0.32826767823923925,0.4024525185316855,0.15255521767431018,0.09533936254367598,0.20375920125476782,0.1783321522259133,-0.1671328807583905,0.18656426016529412,0.3968742211662946,0.10789064236876725,0.1312688190579897,0.3504114716708342,-0.01125926993921128,0.1588098974211376,0.0,0.263109100582513,0.08504851809889416,0.2252092110988121,0.17504213857859086,0.35229371253005975,0.3990785744547476,0.22386000987861387,0.25289999106146477,0.6862285139726898,0.1445048013050723,0.15972273852665275,0.2807821549553353,0.19283202561357138,0.22300270193647792,0.2297117935811869,0.2383615940871891,0.48515620858137554,0.2564879134692176,0.17620541364657716,0.2661754429635904,0.4227671614724539,0.23161542837255608,0.4197540025568332,0.27798090883826465,0.28361171155040776,0.34448492179715084,0.38583842176641636,0.3944248387733203,0.41373272408524336,0.17372445528351468,0.2893931145824532,0.3153767367682117,0.1843162698607064,0.07679789457260522,0.0,0.26578805505713204,0.6342938054956593,0.12460353582472433,0.30753298545548624,0.17033586931689448,0.36793407747558693,0.0,0.02124712331752232,0.3693600912796432,0.3361245449477156,0.1824378420414023,0.14567266395373069,0.06119837483053531,0.16655343468352762
0.049418000028662534,0.08904202071963116,0.3684992943475352,0.19655013482916237,0.3341087090280218,0.2782676038175328,-0.01594774662916687,0.24184800961612235,0.31728068052512803,0.19986710507434818,0.18240389462522122,0.3756705147578394,0.37341015590896204,0.35765489342260753,0.13091761901928425,0.1676414847937652,0.46353300360791866,0.0616867290010083,0.3345602765776964,0.36346627856490454,0.24864047292931007,0.46033948289732896,0.255172271567349,0.3639690615852401,-0.05803689701149184,0.07306347862607271,0.263109100582513,0.0,0.2985555095108732,0.22981564356016856,0.3664309965039825,0.3633407660707527,0.4898155186719763,0.1218703943911913,0.36355153083873165,0.1779790188501429,0.1549967574671945,0.3513376707607652,0.6588133759059128,0.3706126200755435,0.6694651847414645,0.6844123347931984,0.21907325922806403,0.5369200750898999,0.41915733459065374,-0.3123152632729314,0.09588903209809563,0.31257223033266957,0.0,0.276896776290277,0.2438033386932525,0.2221506569826568,0.24161150076002105,0.28988007724986786,0.414934522115671,0.36177533630472,0.3376153430248854,0.23498708014068545,0.3997434010791563,0.27632000073838336,-0.06285575548483996,0.3484878548433189,0.06563805055216315,0.49923159585663224,0.14906025642795814,0.19791497971467004,0.13121676558074266,0.2628761030083169,0.44299106710690705,0.05507684719766942,-0.05498637538463824,0.19684128112397026,0.2597751188650166,0.11982807723113359,0.03220343773892992,0.26431962087422933
0.30275309331593747,-0.15143923816703103,0.2504990407182925,0.12175514346729296,0.2017815589983573,0.02913046371671263,0.23797410033321553,0.09970305656112266,0.31500940883585415,0.17451392901961083,0.09346182660507102,0.28699309627640723,0.38077129821047895,0.1227095142989694,-0.0074283143046728894,0.08325195891106166,0.037033179046053105,0.13685020185400004,0.12198636482196695,0.15862558929819054,0.1750704414172593,0.025753110024801573,0.16707581937723293,0.4492846888326279,-0.07423865938189361,0.05704824165544037,0.08504851809889416,0.2985555095108732,0.0,0.3060350359451064,0.10499157241280921,0.41539001099158757,0.07643127663275612,0.1742961085582456,0.27229522976558196,0.44170136320050146,0.3557999207259961,0.11748606457853944,0.1288642200920542,-0.07926523951288089,0.09249668345751125,0.09522770363503397,0.30351729322247156,0.3466805941414389,0.3880286258818696,0.04608670236648682,-0.13022131947523474,0.3433571525355401,0.4659099035397949,0.2053261715340784,0.14333700367934493,0.14799019511609507,0.21407869649351136,0.14855679226452856,0.40670930932810034,0.11168051281890015,0.3926180201056179,0.10054294844147138,0.5647430105529578,0.06587466530355379,0.03879612529299553,0.48272579207232136,-0.012215743093565823,0.2341233640840566,-0.03143286432113607,0.12624672787420937,-0.04714475772344501,0.17694470930952555,0.4899514957862788,0.013950915969820621,-0.04640586966790933,0.09137065607335867,0.10807713462597862,0.033000854210010866,0.05143001630806432,0.08252874532047455
