0.0,-0.005465701489537567,-0.011645999468665513,0.0,-0.009525607824428795,-0.006381485609745385,-0.015404072833379134,-0.02707046501379573,-0.017757049883028786,-0.03673706423115075,-0.016126273585667095,-0.03411531019455494,-0.026985389904044643,-0.02297250840360432,-0.003851086071879173,-0.01818877079002379,-0.01495021667278379,-0.0020369301291255915,0.0,-0.050450494641681165,-0.03438433287840631,-0.012231577833713703,-0.017963690269046872,-0.0485812776925002,-0.002869323638114152,-0.022319561742891514,-0.023942265306519606,-0.0807370098105466,-0.028343090364115975,-0.010298362421796381,-0.027852409811836454,-0.010249119404818818,-0.041444994920914635,-0.0324644483176435,-0.036094094617034,-0.007259993774878515,-0.0016222985437342463,-0.06396204031481645,-0.01469986221748959,-0.004222739180445412,-0.01679539732015828,-0.02558728699019175,-7.25154632448266e-05,0.0,-0.015668272799022054,-0.06921083632067015,-0.015490706855797898,0.0,0.0,0.0,-0.01813275653507046,1.1102230246251565e-16,-0.028607909708432855,0.0,-0.00325415357844977,0.0,-0.029493188660107084,-0.011519892753691585,0.0,-0.004209330671118283,-0.016848047420123524,-0.01405450650092721,-0.0025286624437467764,0.0,-0.016199835640905658,0.020510197130320484,-0.021805851804039045,-0.011883597649656075,-0.03239349068407643,-0.004416746036565333,-0.01725090866251011,-0.005910736200120226,0.0007143812035177999,0.0038719846915633016,0.0,-0.008746174399526851
-0.005465701489537567,0.0,-0.017741735517519563,0.00014456567664178355,-0.025674826102803028,-0.01709945791123374,-0.022452002678138794,0.015129611117854325,-0.009948538380354977,-0.030160475801502995,-0.01118133090799217,-0.008400648957321621,-0.022188409361062145,-0.004661204719165535,-0.011594228110709315,-0.012437191759139266,-0.008502986603349472,-0.014491147342861221,-0.019804523176922384,-0.015315758718300265,-0.011462255062230586,-0.0038840311750474865,0.0056546086604009616,-0.029199577570517776,-0.006280615804397538,-0.020419930858430357,-0.014930001157551165,-0.0045707303659930365,-0.01324005872222983,-0.026265155968548393,-0.03593491026521939,-0.007590651310226182,-0.025640763327143157,-0.026214502492996672,-0.010608490158876993,-0.026355561020751872,-0.0016435528004296596,0.0,-0.013296391794925977,-0.004636807758241157,-0.022140819893202213,-0.02435438070465329,-0.010518487742436577,0.0,2.220446049250313e-16,-0.012592308904271377,-0.013040239394465691,-0.000744727529071898,0.0,0.0,-0.019313233417695863,-0.0053734467155822085,-0.024965175514534366,-0.00637472287322538,-0.025702516896824124,0.0,-0.020897106135138288,-0.01688242244853949,0.0,-0.026459404786944918,-0.013260463796882671,-0.010643705235955592,-0.0066631429384066965,0.0,-0.032265669899283866,-0.02440665602327724,-0.03389386870369887,-0.005461111122436579,-0.013677144527646568,-0.01024220412746124,-0.016609244156337744,-0.016499323907567698,-0.029070604600289318,-0.009484486397809744,-1.1102230246251565e-16,-0.02424942546465897
-0.011645999468665513,-0.017741735517519563,0.0,-0.022206249101654252,-0.009617776085390217,-0.015271035932158117,-0.03880669108328044,-0.018794823819279716,0.016872344035299025,-0.014179690460086436,-0.005657936559497367,-0.02961094927303709,-0.034896716181602394,-0.028396340764069272,-0.043971787058395884,-0.006899773595004932,-0.0029707069452174495,-0.007868008853181396,-0.02121865119758254,-0.01259081053666461,-0.03656236919569367,-0.0060345067951177445,-0.0325076247100593,-0.005871458317079636,-0.008469597908124571,-0.02014093620552171,-0.02331703189050971,-0.028517513685144713,-0.02316130449943571,-0.008312093160498246,-0.02376988005935826,-0.027985801611527916,-0.017568517863484734,-0.0330174134805199,-0.024851728136591755,-0.025658070101567176,-0.016411916214650157,-0.045765467370917245,-0.0663667988735922,1.485148307778239e-06,-0.07088148528847127,-0.06839925358322135,-0.05210163201595863,-0.06320420947401051,0.0,0.0,0.00029388793944695735,-0.11378611380877607,-1.6287166875517123e-05,-0.10191020161944098,-0.003670629874777953,-0.02945568930295317,-0.03683125894804917,-0.23210999750096628,-0.016451977345424362,-0.133180218171701,-0.02874771273105675,-0.06657891076310929,-0.11444052987399495,0.0005080303021457455,0.0,0.0,0.0,-0.11607837953426861,-0.010990132024138788,0.007398575496917192,0.000771309666369624,0.0024790165867663028,0.0,-0.00020560978540890007,-0.00441839174743075,-0.09055788734134557,-0.08220561443183644,-0.016995937235373904,-0.008186645170065066,-0.0828702862822836
0.0,0.00014456567664178355,-0.022206249101654252,0.0,-0.024492541801147127,-0.009834960917771973,-0.015547191774665736,-0.03775432166163545,-0.038130759154174576,0.008508757670982636,-0.04901399871258594,-0.008523636464111639,0.018247986996158594,0.03792978517398404,-0.012661651463057533,-0.0019406271171586442,-0.004830756672348946,-7.416669297583e-05,-0.036947781018751236,-0.02790003268273261,-0.002307067784667327,-0.017254146503378087,-0.016140599968088143,0.008795525722518238,7.67813711720633e-05,-0.01813581986882329,-0.02047783333504788,0.04767245669769943,-0.01311388096035826,0.0024197574816596235,-0.004161516166675816,-0.01713154326226235,-0.09800613678502551,-0.012880653245812501,-0.06307175915066246,0.022763446295221534,-0.02747952437378748,-0.023148370425726733,-0.01630281274188561,0.0015121090538161575,-0.004591082073304109,-0.0059750339686004406,-0.0035127956353678824,0.010226744846639713,0.0,0.0,0.0,0.002441862344085388,0.0,0.0,-0.016310344129017662,2.220446049250313e-16,0.0001697403528894137,-0.0003115560626035796,5.551115123125783e-17,-0.009122337942786884,0.007065646272546355,0.0010633140237443772,0.0,0.0,0.0,0.0,0.0,0.0,0.0,0.0,0.0001496599390011233,-0.011193779095409417,0.0,0.0,0.0,-0.017499654164689404,-0.005258949604721175,0.003946890675817938,0.0,0.0
-0.009525607824428795,-0.025674826102803028,-0.009617776085390217,-0.024492541801147127,0.0,-0.02990736495688112,-0.037976433194535586,-0.02342280936206592,-0.013863934250204324,0.002572028960105499,-0.008221284934143924,-0.0029370921585823995,-0.0190848217499211,-0.0020814998968001763,-0.01713974923747197,-0.014273054251197181,-0.03990733202144209,-0.01693096444370973,-0.02886856183012232,-0.028455669785155124,-0.03753743912622226,-0.002532874075816649,-0.02371183779654068,-0.006659432108216901,-0.02904105879387825,-0.02766920851415272,-0.022575772925715776,0.00287621475804678,-0.01663026209135271,-0.025294450392746748,-0.029108113968868088,-0.0262497057377169,-0.006722857462712339,-0.01950418928533615,-0.025809254313456154,-0.013570146227063568,-0.05013423718294291,0.007588802102075243,-0.00036307325272810775,0.011675986673239436,0.05954371088042587,0.007042687280259974,0.02005633453120398,0.029984719639768398,0.0004797737996290463,1.1102230246251565e-16,-0.010122585416792729,-0.027443982725450344,0.0,0.016776391993070294,0.0019651994150875485,-0.0017968089594365688,-0.039932922058569076,-0.02177498598518246,5.551115123125783e-17,-0.007916306850367372,-0.020657316035391615,-0.00409691529738454,-0.026198688870840148,-0.008203203712275009,6.070768973476248e-05,0.0,-5.551115123125783e-17,-0.016514392467393668,-0.016185456335383375,-0.0005029617197999658,-0.014064017531027484,-0.005275684661461444,0.0,4.761564788735573e-05,-0.0012449196327192213,-0.014202009154761275,-0.007057563330854055,0.00022989855507760115,1.1102230246251565e-16,-0.01976152283112409
-0.006381485609745385,-0.01709945791123374,-0.015271035932158117,-0.009834960917771973,-0.02990736495688112,0.0,-0.0255448913079816,-0.011850162652826679,-0.01921211358341518,-0.1018808614473124,-0.03449822590647289,-0.03148968936911606,-0.008414025574602746,-0.040798668326796794,0.004150353643107951,-0.00021575269060031266,-0.0246266019977861,-0.031707251037550954,-0.03562975923165357,0.0005921126601028392,-6.401065058264654e-05,0.0010256859708613342,-0.023956680607651215,-0.006449134322271788,-0.02876166749580894,-0.013361852196025092,-0.011330124062733815,-0.0013997600980522051,-0.01893965899786998,-0.017773842109543136,-0.03498500401139021,-0.011050582544726129,-0.0024673131582190755,-0.02680374780490974,-0.009298906319113065,-0.013514961080172527,-0.012355068408582859,-0.025365591261330034,-0.02840001631871586,-0.01560111880740489,-0.044636764647873084,-0.06608097336799018,0.0147292621236228,0.02755616896481128,-0.02383723723023118,-0.007495278017916274,-0.01491181537669195,-0.01218503511342306,-0.007755164701620909,-0.0033802529273802007,0.0027802753111105805,0.008425225635437461,-0.02408832873920186,-0.011764815961191055,-0.04027989182492053,-0.008573435777888938,-0.028699688946927704,0.005395433397957228,-0.0141187823235715,-0.0387237745842417,-0.014384038323944248,0.0,-0.005560227236628468,-0.013977853042544064,-0.034371021947312175,-0.07015722164088206,-0.021924333527777284,-0.0069763860157204816,0.0001258379586417946,-0.015264928167677827,-0.0182083807593052,-0.00708283066061155,-0.0031623571883122037,-0.01546591321412033,-0.01408752812454983,0.00704767873797818
-0.015404072833379134,-0.022452002678138794,-0.03880669108328044,-0.015547191774665736,-0.037976433194535586,-0.0255448913079816,0.0,-0.023622173441634142,-0.030939742543790283,-0.001210751440707425,-0.03654878629430658,-0.007475634458667224,-0.005480497872706991,-0.01749885917878341,-0.02136244055306069,-0.01200313814655024,-0.03200148787467433,-0.03236079137502562,-0.05897582711020949,-0.009051040655732812,-0.026694338175906496,-0.005381980789612328,-0.028202470744288666,-0.0015992355308621087,-0.025766588198288254,-0.03243652093165389,-0.029848610011569243,0.021832706144503278,-0.015609061819573722,-0.03423899696453969,-0.003506084872930304,0.00020184102965231654,-0.026364137846789204,-0.011563801881189162,0.00036207750882844003,-0.009916242255770147,0.001776022178394454,0.007913011977661866,0.02010225831364132,-0.0073091996999532505,0.052911261855609515,0.05094182812923348,0.03627280785486364,-0.02444278405130479,-0.015219512816704028,0.0,-0.007273692194753267,0.001518163014499807,0.0,0.001761514183506785,-0.002364007309544114,-0.0058424228461120276,-0.009911653506094353,-0.021379233315492296,6.855574335012937e-05,-0.009578068779869386,-0.00013847912704378906,-0.006112596427363948,0.012051561888730189,-0.053171765565446116,-0.013317046862194926,0.0,0.00010294864973320328,-0.008298077576855634,-0.03819874884105651,-0.01734304677084897,-0.009976850667395398,-0.0046096024307167305,0.00022880252275425672,-0.007232693832269155,-0.01750880628426793,-0.01006588516306095,-0.0053675937332343104,-0.009874175140310859,-0.010656673243064074,-0.0052183688426370445
-0.02707046501379573,0.015129611117854325,-0.018794823819279716,-0.03775432166163545,-0.02342280936206592,-0.011850162652826679,-0.023622173441634142,0.0,-0.036789903803667756,0.025933819328603558,-0.0017914058803379929,-0.03055513949041233,-0.026558097419166204,-0.027416322422087525,-0.055851036536842924,0.007970164651072753,-0.013161815760752427,0.006139994709383201,-0.026028304744149744,-0.007860651782820527,-0.03305369612159609,-0.02005115928730583,-0.01148710334707137,-0.016364939968763093,0.0023228319232806993,-0.0073668421499779035,-0.022978139514944984,-0.02965202469551942,-0.0007179784425038749,-0.05285269064548043,-0.04068672177997834,0.0024525725820797595,0.015214728469532146,-0.02603855715291592,-0.01519211003289711,-0.030336833276962044,-0.13843313427263698,-0.035482322537241984,0.001108257457310191,-0.014081604691909944,-0.007246655059066631,-0.00014427168396080603,0.019140424334301742,-0.005904531292860338,0.0,-0.01938594674874644,-0.03181922524595787,-0.04136698427401436,0.0,-0.004824274069237744,-0.029041087488349826,-0.013357222837647564,-0.11925446553702496,-0.029235523928038853,-0.00029796414701033225,0.0006275293402505655,-0.00018738517354283113,-0.013219067844268295,-0.08291818972144654,-0.03842336538893265,-0.019936174199290058,0.0,0.00012445250813986064,-0.01695310741754874,-0.012776298016977772,-0.17287294054364546,-0.027942988579474082,-0.040180967590544514,-5.551115123125783e-17,-0.021154248142534915,-0.041350337964045136,-0.03966829075673567,-0.009127283753941173,-0.012803274602754489,-0.013570274179187103,-0.04975750262071005
-0.017757049883028786,-0.009948538380354977,0.016872344035299025,-0.038130759154174576,-0.013863934250204324,-0.01921211358341518,-0.030939742543790283,-0.036789903803667756,0.0,-0.024518636171518338,0.015986719124320314,-0.03168742897307797,-0.027471282785958395,-0.041444145865260074,-0.015628956746027156,-0.007907227909778602,-0.023271638198088085,-0.041999069861854366,0.0017757000493870412,-0.02240729595180624,-0.018280242266399682,0.002171620141865893,-0.03229254074956017,-0.0252412094741577,-0.04153443193433981,-0.025864596484217905,-0.013964019040925202,-0.042512435482704225,-0.017362432624403734,-0.03744573420009967,-0.0478997391767621,-0.042421800596047,-0.053879402429785395,-0.044935773481454666,-0.03987946943387999,-0.04481001359954406,-0.030290381791625742,-0.03489590747840943,-0.008664725043184274,0.0063320897339672055,-0.07648085799203236,-0.06577398303742726,-0.028793654527332402,-0.018224093551439835,-0.016605728779717444,-5.551115123125783e-17,-0.012713372195945871,-0.05621076279405052,7.824431335790027e-06,-0.014476235381030156,-0.007297033174915479,-0.021829081063624356,-0.04392265485113911,-0.04358447787965636,-0.06744884021103592,-0.018338218541771423,-0.0416345327747466,-0.021621922280124495,-0.03198977787746099,-0.022417732079644703,0.0018148314187165226,0.0,0.0,-0.04162279982627559,-0.014680680607578545,-0.006182738153784284,-0.0048903939110597205,-0.020276849502779637,9.62978025098038e-05,-0.016983942516391348,-0.022868615265832615,-0.01660781100064046,-0.019287804063426783,-0.019021976129570684,-0.028325131493320055,-0.011925945991306808
-0.03673706423115075,-0.030160475801502995,-0.014179690460086436,0.008508757670982636,0.002572028960105499,-0.1018808614473124,-0.001210751440707425,0.025933819328603558,-0.024518636171518338,0.0,-0.010541562799423865,-0.01604611195708372,0.012033971330812077,0.04912339394930859,-0.029424228662385754,-0.004902852864896778,-0.030672850407797547,-0.012711283841464416,-0.029495785552928977,-0.03811563552652686,-0.005412482971217714,-0.0257675952420785,-0.019241255911218225,-0.022055063932451213,-0.02862734386707677,-0.029084666948400617,-0.048035089695045496,0.004632906221437305,-0.04082623452699374,0.026304438171959155,-0.0019658130676746266,0.016341833239147452,0.014686882412354996,0.0018094315047258447,-0.014692819170020355,0.05739100728519214,0.0012542575278597923,0.00986478768337562,-0.0030331574192594135,0.010873596448120526,0.04209903747025662,-0.01229573202170614,0.0058762897088365795,-0.00828733800169662,0.04722284561440421,-0.031711883332804724,-0.006580353023340535,0.0008548853383307797,4.442820505151657e-05,-0.0012622996560290312,-0.023701579250145266,0.058950064710850514,-0.0030046289992321507,0.015332987998722847,0.021346741133116687,-0.013221221654078907,0.012677021687048928,0.03326153536542903,0.0,-0.0004577222625664068,-0.009318194040407235,0.004867804746436999,-0.0028794572324079004,-1.4603783817124238e-05,0.00023727458428574044,0.002840279043561822,0.008972637657638338,-0.024928753048597097,-0.021916711675082357,-0.001631911906456951,0.0020443638816225462,-0.013989880060245596,0.04851653770336917,-0.03771795629486441,-5.551115123125783e-17,0.04888593905930372
-0.016126273585667095,-0.01118133090799217,-0.005657936559497367,-0.04901399871258594,-0.008221284934143924,-0.03449822590647289,-0.03654878629430658,-0.0017914058803379929,0.015986719124320314,-0.010541562799423865,0.0,-0.023139261914884135,-0.037134212075885464,-0.0009405338899137194,0.0,-0.00018164760706351757,-0.012310790371484803,-0.012549806965046983,-0.014232059418967158,0.00012243061684585888,0.002026633962574853,0.002644767551583216,-0.022193546704443567,-0.01740134486806333,-0.01497196990496047,0.004366970189879638,-0.00757535787094249,-0.033397821644769565,-0.033021710221801504,-0.0008094929173931287,-0.037069280845326735,-0.012493108524852914,-0.05337994106025434,-0.03608909580666608,-0.03105742794526567,0.005041496136264256,-0.03666819479418909,-0.023356469421634052,0.01984377718109337,-0.012569024442686871,-0.07164781592895791,-0.009817513880604978,-0.0008386880762112359,-0.015060039544077086,-0.0031534075536742145,0.0,1.1102230246251565e-16,-0.08010819347736531,1.5151056772522153e-06,-0.026181670815765057,0.004743602047290352,0.0017821253447181662,-0.014734530159968673,-0.09164912289868465,0.00612808724422742,-0.03756380151632571,-0.04242392545205048,-0.013867619200799874,-0.06591906523121605,5.551115123125783e-17,0.0,0.0,0.0,-0.09174198068919895,-0.013386770096383449,0.0,0.000218859987946185,0.0003200163549341717,5.551115123125783e-17,0.0,0.0011233437582145456,-0.005829066592785592,-0.02130030185747961,-0.0043441493602455195,0.0,-0.01322563973314489
-0.03411531019455494,-0.008400648957321621,-0.02961094927303709,-0.008523636464111639,-0.0029370921585823995,-0.03148968936911606,-0.007475634458667224,-0.03055513949041233,-0.03168742897307797,-0.01604611195708372,-0.023139261914884135,0.0,-0.005023358762336172,-0.057845941819831825,0.015424909630079642,-0.004924540897642382,-0.004732905764972539,-0.0008490480743855167,-0.03787594946634465,0.02535641222697682,-0.03411299106181398,0.049282241235782454,0.014380520846210276,-0.016885151179603486,-0.006744918903562214,-0.036222352219199894,-0.019961232664515438,-0.07261292036662415,-0.019598167868282723,-0.04067384930445572,0.007091422506296963,-0.000461672689869963,-0.04169710355591463,-0.018942150948383085,0.008835321619736936,-0.048448550715297745,0.0023313341613078187,-0.027754721398912524,-0.032035949762359184,0.016531852399195746,0.04207604793548647,-0.030877915796597988,-0.011206043752045702,-0.006131245513914696,0.06486686555414262,-0.009431377207487324,-0.0049118547033866755,-0.008178241024543176,-0.004958003716090703,-0.008343027166375527,-0.012711589824088376,0.012088952794993613,-0.0007693126369085479,-0.011622083760660595,0.016111663589247427,-0.009902842626189068,0.013026226382044703,0.05711757951730517,-9.572770084292914e-05,-0.00012597073655656876,-0.026640759600435437,-0.0020507165114051484,-0.0007029566372761531,-0.014345623849068234,-0.004717936120953559,0.004162302483432023,-0.00047556504097523433,0.0034039020752206772,-0.0011077103226028728,0.007331557395642507,-0.001996335332023369,0.02031582014913219,0.0717126792543365,0.006112683707572675,0.0,0.04373512300069843
-0.026985389904044643,-0.022188409361062145,-0.034896716181602394,0.018247986996158594,-0.0190848217499211,-0.008414025574602746,-0.005480497872706991,-0.026558097419166204,-0.027471282785958395,0.012033971330812077,-0.037134212075885464,-0.005023358762336172,0.0,0.020504175059965046,-0.03547253090916164,-0.00914585279448471,-0.014105559697997427,-0.02518529801369518,-0.057468608515659936,-0.009693487055632832,-0.03673089846601735,-0.005800604728318448,-0.025821361517810337,0.0007459249755135677,-0.02506135481356564,-0.022811354718841603,-0.027954548607359853,-0.003649255865997958,-0.006933460685644599,-0.019386875153694083,0.003696074043472053,-0.0010303519204052924,-0.02195906377372986,-0.011783113493781805,0.0019344324215435638,-0.011947794211269513,0.023535921700956308,-0.001632350949120176,-0.003958082543443875,0.006311079974078149,-0.043015895675129645,-0.043802882441843105,-0.001478585418509204,-0.044007377743568055,-0.009850001015365761,-0.0030016815210064385,-0.011765723929024752,-0.011164265149045338,0.0,-0.013916894998510565,-0.00803025265927182,-0.009421260148198773,-0.017751096798606814,-0.021944136501217182,-0.08242427580134493,-0.00010164855199523704,-0.07085512803779093,-0.0035785163641077755,0.008127418398750808,-0.061714087150192054,-0.010419248016484695,-0.006598451915409087,-0.00452916679499743,-0.010149838364477692,-0.03980970517294302,-0.01660747407424129,-0.03255750372364996,-0.008565503855737289,-0.004219370107738207,-0.0158444665109293,-0.013697827452775979,-0.009783476237306465,-0.008394612759660192,-0.014813659855124894,-0.02635628671080037,-0.008153959163121838
-0.02297250840360432,-0.004661204719165535,-0.028396340764069272,0.03792978517398404,-0.0020814998968001763,-0.040798668326796794,-0.01749885917878341,-0.027416322422087525,-0.041444145865260074,0.04912339394930859,-0.0009405338899137194,-0.057845941819831825,0.020504175059965046,0.0,-0.013650445900038333,0.001640906847252932,-0.00020358621373084418,-0.0002103889434903472,-0.021840897373530455,-0.00043364861474948224,-0.004284967230369974,-0.0035505054662485214,-0.023133638979776272,-0.008075180072297738,-0.0157249965672962,-0.01123732081294343,-0.02712630997688159,0.05899416921224687,-0.02346988343080092,-0.006814574056681011,-0.0323196022698804,0.0203967592695507,0.0077763738929635395,-0.03397825942061006,0.023329050175717903,0.015290983094989746,-0.018658699894985725,0.020848898264037463,-0.010763353078915627,0.0,-0.0014141612362956746,-0.0010943089146623897,0.020867833360772525,-4.361229808402811e-06,0.0,0.0,0.0,-0.0431223528862566,0.0,0.012802467478901736,0.017295430294545444,0.029301733893804194,0.03637210403436336,-0.045114099374852557,0.0,0.06551016601680909,-0.0005368893221128768,0.01266781651078358,-0.02192667704382628,1.1102230246251565e-16,0.0,0.0,0.0,-0.006914789552542933,0.0,-1.1102230246251565e-16,0.0,0.02480033291683459,0.0,0.0,5.551115123125783e-17,-0.01050742646566133,0.008119018035131653,1.1102230246251565e-16,0.0,5.551115123125783e-17
-0.003851086071879173,-0.011594228110709315,-0.043971787058395884,-0.012661651463057533,-0.01713974923747197,0.004150353643107951,-0.02136244055306069,-0.055851036536842924,-0.015628956746027156,-0.029424228662385754,0.0,0.015424909630079642,-0.03547253090916164,-0.013650445900038333,0.0,-0.018925109061013357,-0.03716303459502207,-0.032861202172747794,-1.1102230246251565e-16,-0.00893229014166469,-0.035787270505733604,-0.010912047564234084,-0.04778512043492644,-0.031876935622872526,-0.01796403203260416,-0.007258888808945652,-0.00762466562743952,-0.014071821607188895,-0.03856147556142325,-0.06371657255390806,-0.025855316625234215,-0.014627000043516192,-0.031101326099775728,-0.03041559807158728,-0.008161554261443216,-0.028049156035893474,-0.014925582341724142,-0.00031740101602883986,-0.038220276185143454,-0.0573171984742194,-0.043814430549022565,-0.03461592322698459,-0.12814803083158138,0.010190367181240112,0.0,-0.022796450267627555,-0.04015504107015677,-0.06079856070823075,0.0,0.0,-0.03573953629187793,-0.02309591736943889,-0.101693917462717,0.0016822955662650352,-5.551115123125783e-17,0.0,0.001962949765450306,-0.026926863150649738,-2.48364569315207e-05,-0.03411361193059981,-0.046223449972129016,0.0008681518616224793,-0.03733106426166566,0.0,-0.03069491890184034,-0.03907652694346986,-0.0342250095333449,-0.03321854656402329,-8.712140899425069e-05,-0.021183249457094266,-0.030928021090966873,-0.029387793706699528,-0.0316466477897418,-0.04081172149765633,-0.007593059695132853,-0.04364580337940305
-0.01818877079002379,-0.012437191759139266,-0.006899773595004932,-0.0019406271171586442,-0.014273054251197181,-0.00021575269060031266,-0.01200313814655024,0.007970164651072753,-0.007907227909778602,-0.004902852864896778,-0.00018164760706351757,-0.004924540897642382,-0.00914585279448471,0.001640906847252932,-0.018925109061013357,0.0,0.0013187879307882122,0.011466257445082506,0.00044231340403655395,0.002838506320585743,-0.01103405989259948,0.013698177297633563,-0.007790397411727212,0.0027811709078753855,-0.014034420221552935,-0.017295595262165675,-0.0014945112735206267,-0.01366387475418096,0.00703346817813677,-0.030601046611736127,-0.013463532610538897,-0.005145852402865192,-0.038777409822347786,-0.0023712521841891543,0.019291462355141398,-0.0005751394715300395,-0.0032279569868222113,-0.04208019495093657,-0.012020008730211862,-0.026330369972541734,-0.02434337258474939,-0.02874228742356455,3.2384844856514494e-05,0.0,0.0,-0.026212133159345674,-0.020585491717413085,0.0,0.0,0.0,-0.018696792060864664,-0.00995938597993462,-0.016001219526149524,0.0,0.0011623429665662544,0.0,-0.023530026234660883,-0.023884911383528495,0.0,-0.03468482814220247,-0.022741749081177043,0.026499167748835595,-0.0015610545795204378,0.0,-0.05296195055459685,-0.01495453879096903,-0.029554032308005962,-0.01606755714305863,-0.0247225896807175,-0.006018761826527552,-0.010332043279081216,-0.025846336402080117,-0.023288259336405603,-0.01642811108679776,-1.1102230246251565e-16,-0.01712799143548066
-0.01495021667278379,-0.008502986603349472,-0.0029707069452174495,-0.004830756672348946,-0.03990733202144209,-0.0246266019977861,-0.03200148787467433,-0.013161815760752427,-0.023271638198088085,-0.030672850407797547,-0.012310790371484803,-0.004732905764972539,-0.014105559697997427,-0.00020358621373084418,-0.03716303459502207,0.0013187879307882122,0.0,-0.016030515905386677,-0.032011862782025,-0.02398970458237848,-0.025082146048536313,-0.020644967196615294,-0.016748663018013865,-0.00334186379539142,0.0029185091088473336,-0.045093985952696036,-0.007536373086153569,-0.0016211256656973871,-0.0247594808161547,-0.013123152820835038,-0.025063626557473295,-0.019026654798297016,-0.007183743787818886,-0.017881312482903422,-0.03531287853333054,0.050532572409754395,8.980230028787783e-05,-0.00180512975416941,-0.031631398867310034,0.004819916078511011,-0.03232847009828499,-0.0164912903864749,-5.551115123125783e-17,0.0,-0.015702272703954745,-0.026812655292334897,0.012959674735413818,0.0,0.0,0.0,0.0,0.0,0.0,0.0,0.020759202528800924,0.0,0.010534333106334115,-0.009631751244653375,0.0,-0.0003617666561689381,0.014468455669147284,-0.0032341277044256045,0.003597602881461548,0.0,1.1102230246251565e-16,0.0,-0.009738095947436354,0.0,-0.0032492063094025636,0.02381281384351036,0.01861912793803283,0.0,-0.012142979147323651,0.0001951694832305062,0.0,-0.013109394420158682
-0.0020369301291255915,-0.014491147342861221,-0.007868008853181396,-7.416669297583e-05,-0.01693096444370973,-0.031707251037550954,-0.03236079137502562,0.006139994709383201,-0.041999069861854366,-0.012711283841464416,-0.012549806965046983,-0.0008490480743855167,-0.02518529801369518,-0.0002103889434903472,-0.032861202172747794,0.011466257445082506,-0.016030515905386677,0.0,-0.01457994286039016,-0.024690419664130214,-0.022099011408054203,-0.016415301071667276,-0.012930839069688338,-0.0006847140076784441,-0.0007640382829152137,-0.011552791754355696,-0.017092552806809658,-0.01870707605013089,-0.006555525100985726,-0.03189498545438679,-0.025114389791876024,-0.018336038657343345,-0.02551004345699459,-0.018108579491341814,-0.03892193659874277,-0.005160853314361724,0.0001496676572084743,0.0026978909009310326,-0.018364465525454787,-0.010438718866130958,-0.005229879049650665,-0.012308665214494197,0.0,0.0,-0.009126921196787818,0.0006038090732689572,-0.00333498238453378,0.0,0.0,0.0,-0.030455718807744114,0.0006311965568435163,0.0009394530222009978,0.0,0.0386876802949091,0.0,0.034175938713078446,-0.008853548199556305,0.0,-0.05056242174276748,-0.007661511668171861,0.013071676990118741,0.005807976447398833,0.0,-0.008466348986378769,-0.0398053328556201,-0.026165269468263253,-0.004919735983964557,-0.0019456116163273363,0.013515887176266339,0.01685312087126367,-0.004202431318858502,-0.004353439173209572,-0.023472294306824404,0.0,-0.007525251542991052
0.0,-0.019804523176922384,-0.02121865119758254,-0.036947781018751236,-0.02886856183012232,-0.03562975923165357,-0.05897582711020949,-0.026028304744149744,0.0017757000493870412,-0.029495785552928977,-0.014232059418967158,-0.03787594946634465,-0.057468608515659936,-0.021840897373530455,-1.1102230246251565e-16,0.00044231340403655395,-0.032011862782025,-0.01457994286039016,0.0,-0.0010645880000491603,-0.009465732087882872,-0.018944392034815405,-0.04699736242331687,-0.0832598377665672,-0.02174096971145717,-0.01659350449512237,-0.024368945004799913,-0.048824841375860684,-0.004263570904181835,-0.019586326001300558,-0.05758985877496564,-0.04256283092825114,-0.020963175077498508,-0.05431047968120778,-0.05651616298095202,-0.0365551114139252,-0.038454713482805436,-0.03128786428362634,0.006656749339012391,-0.00011608963734371924,-0.01809565893519144,-0.02602194949061304,-0.013153164122352179,-0.008064405082846782,-4.7669719029586055e-05,0.0,0.0,-0.12093853096286517,-5.551115123125783e-17,-0.010052435619946176,-0.0054539844955587835,-0.024369086300251586,-0.04985352739871757,-0.03814065187468696,0.0002895567386337339,-0.15205640092093609,0.000713289507114967,-0.022637524148297117,-0.030607889796449628,2.220446049250313e-16,0.0,0.0,0.0,0.012891371646446548,0.00016800310973108523,0.0,-0.00023463391851269444,-0.015735996016083553,0.0,0.0,-5.551115123125783e-17,-0.019886020117531378,-0.021768860591095895,-0.010431762251341958,0.0005792005078815166,-0.02115644113462567
-0.050450494641681165,-0.015315758718300265,-0.01259081053666461,-0.02790003268273261,-0.028455669785155124,0.0005921126601028392,-0.009051040655732812,-0.007860651782820527,-0.02240729595180624,-0.03811563552652686,0.00012243061684585888,0.02535641222697682,-0.009693487055632832,-0.00043364861474948224,-0.00893229014166469,0.002838506320585743,-0.02398970458237848,-0.024690419664130214,-0.0010645880000491603,0.0,-0.03694420458983305,0.0063603937814944445,0.005679663395275425,0.0005423957829873705,-0.023063254770107677,-0.011324456324284526,-0.007564242762429674,-0.039686476548732474,-0.020348531381664203,-0.12978524720504192,-0.022650518867268266,-0.011161678138753961,-0.04435468849409718,-0.015976504340231457,0.00027713536126672267,-0.08547020642020964,-0.015506302413484996,0.013733128460897859,-0.05144918785733932,-0.07141179566571554,-0.04371358377830381,-0.036833252804113426,-0.02217199124244157,-0.013219028291656387,0.0007300592737531919,0.0004225572177877779,-0.029907546596837975,-0.059265724299594646,0.0,0.0,-0.03905723081092827,-0.03821382558624731,-0.09217634555905346,-0.03410912871235977,0.0003549541263339062,1.1102230246251565e-16,-0.013467567248136136,-0.030350263565004865,-1.1102230246251565e-16,-0.04353342229390966,-0.033618948666047976,-5.1517298930048305e-05,-0.01890591305990741,0.0,-0.05206665041495406,-0.066050733933184,-0.028666166338857213,-0.049396095817991814,0.0,-0.020607053334238234,-0.030660119584465573,-0.038325105068937215,-0.0355326273406637,-0.04885825242953279,-0.03254515968105126,-0.04516765570948883
-0.03438433287840631,-0.011462255062230586,-0.03656236919569367,-0.002307067784667327,-0.03753743912622226,-6.401065058264654e-05,-0.026694338175906496,-0.03305369612159609,-0.018280242266399682,-0.005412482971217714,0.002026633962574853,-0.03411299106181398,-0.03673089846601735,-0.004284967230369974,-0.035787270505733604,-0.01103405989259948,-0.025082146048536313,-0.022099011408054203,-0.009465732087882872,-0.03694420458983305,0.0,-0.016068326185051274,-0.022569900857680125,-0.03680074831537611,-0.025582806335727903,-0.017038532127139017,-0.018039127660247567,-0.039321919268652306,-0.05294746280112761,-0.04147574134284526,-0.024212227377599094,-0.01623993542456159,2.2824099522422703e-05,-0.027437361711316055,-0.0013104989235718234,-0.0028273431698646045,-0.01964323306972482,-0.07476918326208248,-0.05609337523074398,-0.10309218915219848,-0.051109619576887755,-0.0355024045694598,-0.027922091161077633,0.0,0.0,-0.0791995129416263,-0.03792678210016265,-0.012282630364259806,0.0,0.0,-0.03744841907364904,-0.026606489344535023,-0.02678556155033146,-0.021031747277312163,-0.017657653132366113,0.0,0.004598575709755748,-0.02602364076417263,5.551115123125783e-17,-0.053422282898753615,-0.045371563686519345,0.0,-0.02711689326302591,0.0,-0.054944057384579914,-0.10118258941391456,-0.05221644006200593,-0.05243967904188995,-0.0026713819253736393,-0.004936167696110549,-0.03307575481926084,-0.03411582247137651,-0.029359630583778606,-0.05074764605277121,-0.01850998957122968,-0.021561490364174096
-0.012231577833713703,-0.0038840311750474865,-0.0060345067951177445,-0.017254146503378087,-0.002532874075816649,0.0010256859708613342,-0.005381980789612328,-0.02005115928730583,0.002171620141865893,-0.0257675952420785,0.002644767551583216,0.049282241235782454,-0.005800604728318448,-0.0035505054662485214,-0.010912047564234084,0.013698177297633563,-0.020644967196615294,-0.016415301071667276,-0.018944392034815405,0.0063603937814944445,-0.016068326185051274,0.0,-0.09028495196477543,-0.00030831609342962807,-0.007944697361923936,-0.004731465224161346,-0.0030286655282881214,-0.016399745107310515,-0.022960247358904562,-0.02891677959341543,-0.032357662515059005,-0.010902497913257647,-0.022425183016888617,-0.019880091271987255,0.0018919393628844539,-0.00825499022024112,-0.004252701136022163,0.0025472325566049947,-0.029625612684664016,-0.034032797552561334,-0.028269287931664666,-0.02679331657396372,-0.09326125697713838,-0.011733120397889263,0.00037659141987017586,-0.033567593030651044,-0.02455266879719331,-0.012957115830406707,1.3657263169986056e-05,4.198876601080315e-06,-0.025631847013821818,-0.020378800580915013,-0.06986867876456881,-0.021613399055302684,-0.00805221276893181,0.0,-0.0066949445409125174,-0.026710114948662877,0.0,-0.035857379185383065,-0.024621772768793238,-0.005377425103949562,-0.006665026849339728,0.0,-0.033000355032203166,-0.032454697110324726,-0.031157004420008128,-0.031148438163379644,-0.014660653160721238,-0.017129804478964727,-0.02734358288472777,-0.032194180236869985,-0.03446167410963352,-0.03639786263061506,0.0004556225703728489,-0.032574835328349705
-0.017963690269046872,0.0056546086604009616,-0.0325076247100593,-0.016140599968088143,-0.02371183779654068,-0.023956680607651215,-0.028202470744288666,-0.01148710334707137,-0.03229254074956017,-0.019241255911218225,-0.022193546704443567,0.014380520846210276,-0.025821361517810337,-0.023133638979776272,-0.04778512043492644,-0.007790397411727212,-0.016748663018013865,-0.012930839069688338,-0.04699736242331687,0.005679663395275425,-0.022569900857680125,-0.09028495196477543,0.0,-0.017380158125885836,0.009943582402805073,-0.015498433062735795,-0.010857902317391588,-0.021257231907479412,-0.019343790710906916,-0.03371448366103952,-0.038837501089345694,-0.018849210249312687,-0.02271431836852833,-0.025465222198981452,-0.013239933812185356,-0.03193409682217169,-0.01747601724343284,-0.019340122909946633,-0.010419918997312039,-0.05429965181641677,-0.019599611285499252,-0.05819915134343395,0.013578930847037318,-0.009564952371390323,-0.005999835094676664,-0.02210927041965055,-0.010323287567086559,-0.06097992960090648,-0.02042118577243046,0.00837556854276722,-0.006648524525810662,0.005995882776235639,-0.021158871622957764,-0.01116220326565176,0.004002717876341433,0.018855366834445608,-0.037362046931539716,9.379379590868098e-05,-0.02944995579142079,-0.03857707147007261,-0.032887307612643246,0.00012532152713051747,4.824097330130561e-05,0.054115525112712226,-0.04664478075537243,-0.04597361071727557,-0.020502259817272606,-0.010976386287263051,0.00048296421397009404,0.0006085670923903774,-0.01569770326953035,-0.011110839198193667,-0.011141896207169988,-0.028274847052063845,-0.005519822237862293,-0.013356744294988177
-0.0485812776925002,-0.029199577570517776,-0.005871458317079636,0.008795525722518238,-0.006659432108216901,-0.006449134322271788,-0.0015992355308621087,-0.016364939968763093,-0.0252412094741577,-0.022055063932451213,-0.01740134486806333,-0.016885151179603486,0.0007459249755135677,-0.008075180072297738,-0.031876935622872526,0.0027811709078753855,-0.00334186379539142,-0.0006847140076784441,-0.0832598377665672,0.0005423957829873705,-0.03680074831537611,-0.00030831609342962807,-0.017380158125885836,0.0,-0.03053738137840134,-0.029279864585932958,-0.015001965262739503,-0.008766201606196233,-0.019511874083481817,-0.009729451562788594,0.0036534441449059263,-0.03796382644592611,-0.048668976503427136,0.0037622742177219615,-0.02357439385671284,-0.09242126735623316,0.08057232005474801,-0.025780762302515137,-0.1620603699633824,0.015559039481570336,-0.01594727835353671,0.012079271797978408,0.006176756166357544,-0.004488372093728266,0.04023787101032328,-0.022326541282455148,-0.004490242952827961,0.0,-5.551115123125783e-17,-0.0004949970729831721,-0.004607218531530288,-0.00042416403411654757,-1.6653345369377348e-16,0.0008817948782988139,-0.032644550211492374,0.0006486970514724688,-0.04707905757895725,0.015776232568932125,0.0,-0.001579946755334627,-0.004395070741368301,-0.0029369666849264897,0.011490531434339868,6.032162087599158e-05,-0.0016715867000679507,0.0004701822808909628,-0.020298656559219475,-0.0015833330861144135,-0.06391383390214345,0.013387169806562349,-0.01941843972613516,-0.0058947078329874,0.026655568385467288,-0.004048931128952549,0.0,0.022105812180179985
-0.002869323638114152,-0.006280615804397538,-0.008469597908124571,7.67813711720633e-05,-0.02904105879387825,-0.02876166749580894,-0.025766588198288254,0.0023228319232806993,-0.04153443193433981,-0.02862734386707677,-0.01497196990496047,-0.006744918903562214,-0.02506135481356564,-0.0157249965672962,-0.01796403203260416,-0.014034420221552935,0.0029185091088473336,-0.0007640382829152137,-0.02174096971145717,-0.023063254770107677,-0.025582806335727903,-0.007944697361923936,0.009943582402805073,-0.03053738137840134,0.0,-0.013345482305027356,-0.018364336252782554,-0.009096099337739583,-0.008793197906004413,-0.01958288790909235,-0.008732610850201272,-0.01753443197754362,-0.030958954163978647,-0.0154329072035147,-0.036776011000297704,-0.026250675209441243,0.001254450554754205,0.004279052490288315,-0.011597212833534931,-0.010641517407955825,-0.003687205022950779,-0.02759169363741132,0.0006883880201981607,-5.551115123125783e-17,0.022486133306104772,-0.0004257389103409781,-0.009501223532382086,5.551115123125783e-17,0.0,2.220446049250313e-16,-0.014467959046799317,-0.011849600126485837,-0.014960711946658378,-0.000957649887232126,0.03353003754667344,0.00020058106142417653,0.025632733488052173,0.01664510320924234,0.0,-0.043328845931079496,-0.017728500903409716,0.020210626293436007,0.008379803181417789,0.0,-0.017250081910242132,-0.0034408828942738,-0.018318095042626215,-0.0075318488574720455,0.005115231156082811,0.009500896459288588,0.011398721094383502,-0.0015400573803456274,-0.01287385714192174,-0.0012603097432090093,0.0,-0.011094298244185508
-0.022319561742891514,-0.020419930858430357,-0.02014093620552171,-0.01813581986882329,-0.02766920851415272,-0.013361852196025092,-0.03243652093165389,-0.0073668421499779035,-0.025864596484217905,-0.029084666948400617,0.004366970189879638,-0.036222352219199894,-0.022811354718841603,-0.01123732081294343,-0.007258888808945652,-0.017295595262165675,-0.045093985952696036,-0.011552791754355696,-0.01659350449512237,-0.011324456324284526,-0.017038532127139017,-0.004731465224161346,-0.015498433062735795,-0.029279864585932958,-0.013345482305027356,0.0,-0.012719309076011098,-0.007348182833213035,-0.01128883015720955,-0.027774969271822658,-0.02604266420066753,-0.010532813469783853,-0.020358339471916342,-0.016996164323415053,-0.011248596286721646,-0.0189041394253206,-0.02697972335216392,-0.01672866895462166,-0.016460613124082035,-0.0048475540130513695,-0.013415798530979406,-0.01391496274576981,-0.06354336507881214,-0.00011778108083138061,0.012677282356792718,-0.019277502135785884,-0.011897770605730829,-0.014185858366388748,0.0,-9.816966605846744e-06,-0.020026907916000314,-0.008576660006731351,-0.022890247465604974,-0.008002595707459925,0.014364097250768593,0.0,0.005115583838795679,-0.012028456026923873,0.0,-0.04149046298027409,-0.013429341878087697,0.007777940521080773,0.008565476931328975,0.0,-0.03616059152759804,-0.04483090502012066,-0.03864335455108753,-0.013294574530715642,-0.026556023682965446,0.006788287201647369,-0.007520781154191136,-0.01857940477026082,0.014190175682076367,-0.008663737160065743,0.0004915509525088013,-0.009289734981634601
