0.0,0.6167569389104361,0.32906575670613286,0.0,0.4414504684507964,0.4751091951626873,0.4339318296264317,0.4026848931983487,0.3710072358044918,0.33105892240703105,0.3079180976386525,0.31164237741306733,0.4929140515959858,0.3553475254010329,0.4884546575502231,0.5968258369213431,0.3227478341235488,0.5830908346184774,0.0,0.22501053491633594,0.25242167666351767,0.5378819304117277,0.47986002546935924,0.2602417532498339,0.49403340105489757,0.508961168521979,0.44868835432497955,0.07298206640013222,0.3962663881062953,0.5504814278591601,0.4299116010883766,0.6028380697254976,0.29606975116608547,0.2899556528439325,0.2526409079892805,0.6207904380290992,0.4309435652749309,0.12803709708170585,0.453469930871227,0.5840132119722294,0.39524862772742264,0.4109395275007171,0.46081746679221997,0.0,0.29686669460919846,0.20134355187865555,0.4976138328146572,0.0,0.0,0.0,0.386341136146631,0.0,0.45464941884366994,0.0,0.5563415446093183,0.0,0.3671393898051537,0.5408291210362051,0.0,0.5738488523086496,0.4650037586960541,0.32764867672454123,0.5744981796176153,0.0,0.38940361375487165,0.6147931254914789,0.45614135836406133,0.5506663532890731,0.45301431097516653,0.6081765328235866,0.5065502012505838,0.44821879165835093,0.4708195462065689,0.6659358466457425,0.0,0.4802116240186699
0.6167569389104361,0.0,0.5080618449440955,0.4279379641906321,0.36907292630849,0.4266706841322815,0.4103229270075916,0.7743861688292385,0.4078049885543389,0.2712856592534195,0.3133068184652181,0.3976733813103205,0.4349338958898516,0.3392731008797356,0.5314257547554027,0.5646958915551462,0.5410379881880655,0.5321969449122534,0.4527194042841677,0.4660023892783237,0.5462363026011533,0.6326162703901123,0.7347676270185606,0.2684858320061788,0.49326304036464075,0.38009001923631086,0.4882604446641275,0.5305244450741604,0.4085857544388519,0.27305311809825794,0.36113453916062577,0.5061723577891899,0.2943316774410664,0.36348722348669193,0.5039863116766259,0.35403095469486473,0.047033019022556063,0.0,0.4306731327049786,0.5905720045724298,0.3500985369786097,0.36750490682166514,0.4403803630733808,0.0,0.0,0.5410426234326918,0.5010714991447167,-0.014940048283514355,0.0,0.0,0.4658736325486934,0.5983436209377424,0.3299285926645025,0.5891026463917852,0.3563015228955833,0.0,0.3039674313795191,0.507982188610632,0.0,0.374982208227206,0.4824364625863292,0.4267740723626048,0.5308981117400045,0.0,0.32025853970179785,0.5206200372020852,0.36105931075905096,0.6012901308752376,0.39178179180825856,0.49489283795321226,0.4900455808170758,0.46576720198885135,0.4066589799251803,0.550280659867173,0.0,0.4251657032601473
0.32906575670613286,0.5080618449440955,0.0,0.4334001353264625,0.5519473136106134,0.48603631321588026,0.3853830828243218,0.6000537055593019,0.5603522432527538,0.48728420604030775,0.5768041816387788,0.3574096711303102,0.43815501235210574,0.48140546422556574,0.11908233473846147,0.4647448135440371,0.6364601427219405,0.4947378598498586,0.3964541067162468,0.377856399586891,0.33551157197145254,0.5923845986850982,0.368497634133539,0.4755605065164378,0.5183743017645143,0.4267516983495078,0.3441567439171256,0.5066258103763492,0.5177396350081834,0.6352177036964965,0.526247082700286,0.4661357423014405,0.3749876010368157,0.4479409039690902,0.4419459929522826,0.4799135305324136,0.4524396707087943,0.1756626582387136,0.28197960699539265,0.49998531297689847,0.17959913417190776,0.1238677523872325,0.38858559242303403,0.31170905060501086,0.0,0.0,0.42666203906760947,0.23222049440710651,0.48319952391646115,0.08844969524192692,0.6219037285975728,0.4898196638926816,0.49910745090457886,-0.13295485346506442,0.23148116689185963,0.18899974869914,0.4221318131926839,0.35096312692682885,0.11149299406944718,0.3924794054487182,0.0,0.0,0.0,0.1948297943423035,0.5218491098535457,0.5301815694778523,0.3016811648322854,0.6919101315634416,0.0,0.5415073821868677,0.5179795166522674,0.22216228502360916,0.2027776341024563,0.5445652843209501,0.48665565640699926,-0.04854860057995619
0.0,0.4279379641906321,0.4334001353264625,0.0,0.30173514765707105,0.502775463058568,0.3360484269432258,0.3696412712765764,0.38704262416228163,0.4131161609888509,0.1951134905399451,0.33777467579772513,0.6089855173532286,0.7048347587569466,0.5245441056813708,0.22625097892108584,0.4530229122425962,0.4627930010530631,0.37621293721366456,0.3826516883300819,0.3909532990860952,0.43513904591357944,0.5056201663079664,0.43309793417699927,0.7903796720346206,0.37996221064727304,0.47835739250054277,0.6881603731660109,0.3810507882841466,0.532979079161833,0.5115030530538008,0.2769705473374842,-0.027644132586385567,0.2838345173388511,0.10289165107183665,0.4717849616860875,0.07254806680309761,0.1941950300827742,0.188312174585276,0.4138457371700955,0.43130532464946447,0.34103206427386445,0.3225319371229138,0.4211736540290529,0.0,0.0,0.0,0.4834458982472156,0.0,0.0,0.5007982995601238,0.0,0.4652994182750548,0.3378434673224362,0.0,0.25203519005706454,0.6779469689449702,0.4893944508307393,0.0,0.0,0.0,0.0,0.0,0.0,0.0,0.0,0.4934970572839047,0.5435732989995414,0.0,0.0,0.0,0.38235416399060584,0.4472056428935911,0.6841815141973238,0.0,0.0
0.4414504684507964,0.36907292630849,0.5519473136106134,0.30173514765707105,0.0,0.29343045130146084,0.20554715639594548,0.4854897023361001,0.3730371338988738,0.6712992884783138,0.4235198762515776,0.4901318266373884,0.5011253262961306,0.4376353334296983,0.3867298826950423,0.5683031360999923,0.3077158643095146,0.38703842105118524,0.39123565921997006,0.412555974780533,0.36827695235442326,0.5606348760149413,0.3857090058403238,0.4909815510900154,0.41192781826801156,0.377514805799945,0.4036073203550741,0.5911032619274851,0.5153826883118888,0.34306181295999283,0.4198637752490624,0.3124708943640542,0.47464137439834325,0.4487660020586277,0.3385372686243133,0.30759348900204664,0.16031545089920318,0.532891839999287,0.4762565684806757,0.797421003408787,0.8804712490128719,0.5109090317413729,0.6215345573206863,0.6673998303775555,0.3934470675549057,0.0,0.19172901343890922,0.4561000532109172,0.0,0.6181027645805707,0.6216245378370944,0.6257308202650462,0.3288494868525348,0.4330366152514816,0.0,0.45786209653667714,0.23697433629738573,0.6721647312838276,0.3753994930095572,0.22419875383502733,0.5082122045566619,0.0,0.0,0.522610227575018,0.34436579615073487,0.4398100961405713,0.3423443372093766,0.6016067818318699,0.0,0.5022949325270034,0.5759707558658729,0.4894437779187847,0.5813337659161861,0.5308887136055753,0.0,0.5042215180367491
0.4751091951626873,0.4266706841322815,0.48603631321588026,0.502775463058568,0.29343045130146084,0.0,0.38451807936490856,0.5394025912822221,0.3556592370327255,-0.014306254029892884,0.2892327439410638,0.43454928553862915,0.5356511326098189,0.26481471396830747,0.6968087770515119,0.6216511041647732,0.3126738253512184,0.39187226270718767,0.3741815075981932,0.5833369619264409,0.6336795973367582,0.5334747296297311,0.4189655882212987,0.3989150986339493,0.37996347569718675,0.5814165746580371,0.5094298145243636,0.6304198446607784,0.3575097292125963,0.5437606839774873,0.39194719866433186,0.4882918124138155,0.6859325119888376,0.426771324211526,0.5525179507634783,0.5363841878719475,0.49572249574896265,0.3416496218533168,0.42096415507367746,0.28605800863555697,0.29964743698661334,0.11579326133702228,0.7403827690066753,0.8152942636405285,0.0908848423365661,0.570064162931522,0.5021784546829335,0.5858911558540426,0.6027209324828451,0.4904467197267251,0.6582710216110468,0.713471560475103,0.5523626599152845,0.60409540822277,0.42603205460807536,0.5640161995862816,0.16120727226825077,0.6955433702726863,0.5850781028024553,0.3223976587763674,0.5016324406451549,0.0,0.54833258850932,0.5143665753747324,0.3679751838702173,0.09210617267831323,0.48723602681465694,0.5921100881012951,0.5104399882873555,0.4415616417334619,0.48367818492325043,0.5918416970011658,0.5765362630998574,0.512038742316477,0.44529761242797006,0.6327498669038486
0.4339318296264317,0.4103229270075916,0.3853830828243218,0.3360484269432258,0.20554715639594548,0.38451807936490856,0.0,0.4085928049059704,0.3933449013515288,0.5793657990407626,0.3755474893322729,0.3930079246306425,0.6351407187036499,0.3433312321051765,0.4308874875342629,0.5609996743441337,0.36771591155401967,0.38727595386636987,0.27088237549127014,0.5266309553133621,0.35209079038424096,0.5467067522604514,0.4185553978005441,0.5175345495186725,0.43743844043985897,0.4395112317072129,0.33338783909746506,0.7613103585662102,0.49718847241620034,0.2657989929810501,0.5580056549370395,0.5955848442059526,0.3351287653138384,0.38568811481170523,0.4016500166984489,0.505278904261993,0.45938642210805447,0.6806246936289622,0.760418739818707,0.36098600465440883,0.6940423769997089,0.835819289399067,0.7489272161314213,0.6267709890993923,0.31611916844541343,0.0,0.5224517827426084,0.5250628895967113,0.0,0.5950454740557446,0.6261270614146167,0.6260036362031911,0.5293298793647268,0.5726997618389316,0.6227328674870579,0.46399902882235056,0.47356330638467903,0.5496187243726983,0.5422833204385595,0.022278202049029916,0.424384076341639,0.0,0.5220614111045104,0.6141247351073398,0.3674021193350442,0.39845643291635113,0.5827996826212136,0.6024268628131831,0.47456298074801273,0.5792921771746469,0.4489484859679432,0.5380191605620303,0.5551875036559604,0.49168825646386605,0.6124250542310213,0.5344563524622415
0.4026848931983487,0.7743861688292385,0.6000537055593019,0.3696412712765764,0.4854897023361001,0.5394025912822221,0.4085928049059704,0.0,0.4622200735964172,0.7747309192054481,0.5774741447060303,0.4076102189289781,0.4523473658185237,0.5857954824484699,0.2969971594187187,0.7678297421169329,0.23846423949023218,0.6724724720526309,0.49611500382689855,0.49338753668971136,0.3233039117829179,0.45809802301069147,0.5251779102396332,0.359647286818381,0.638043546046714,0.5715075641027225,0.4688527832881205,0.39230931950073816,0.5229561578614517,0.16771368815149434,0.3356049440896193,0.582069506139518,0.6349962561423668,0.39827785465493426,0.37080798755496197,0.3494788330355859,-0.04952093644376987,0.33809413312407555,0.6430900804081596,0.4247765747981548,0.3841340503875253,0.5548768442895385,0.6410228989143665,0.4725899368204805,0.0,0.5095615918656671,0.17328166216583726,0.4831836334609956,0.0,0.5633524192746937,0.4612310084224751,0.5563217922704883,0.10908325311513417,0.443815114943999,0.6209583114867421,0.5607542887843511,0.9386985606002917,0.5275497952568013,0.14380906068177784,0.47714688192351673,0.24615982680702028,0.0,0.583712793665564,0.6133531993591734,0.6483009169695878,0.13944957918277942,0.3129993049585572,0.43268156480359604,0.0,0.3153368509686495,0.1528262957697234,0.38261663509307486,0.536469789093605,0.5944459554733403,0.4591689762706943,0.1757598050761972
0.3710072358044918,0.4078049885543389,0.5603522432527538,0.38704262416228163,0.3730371338988738,0.3556592370327255,0.3933449013515288,0.4622200735964172,0.0,0.5072295836389931,0.5780111553326355,0.3813532959922836,0.46245565470654226,0.3543532581807398,0.6322656382613617,0.5706481760443717,0.40593409229899835,0.3019311125933981,0.4118068062917087,0.441709835975001,0.39593855884641915,0.6103338324304286,0.3915239028026069,0.4548955660884703,0.3134879316561231,0.48959244899885745,0.41660501472224354,0.40858199285701813,0.4240858600485766,0.4237004305173443,0.39503551848846696,0.40447789636347203,0.28586280673767456,0.3926197557467898,0.3719067414809911,0.35496463731240224,0.42199339691853355,0.4102177402234093,0.5641084288076113,0.5644816350401142,0.10364072482255804,0.027377210904197008,0.40663857649141927,0.44736281479316264,0.27069722014732067,0.0,0.39782642310478117,0.383093183044636,0.4899746445007811,0.6007815869438597,0.6422751737201666,0.6077394497931488,0.43677044996451064,0.41870936553322186,-0.08823092230199758,0.548416945082125,0.05762412559068458,0.5076778681249994,0.46817223934473795,0.316230835523283,0.6818841429629852,0.0,0.0,0.41970068362428536,0.5599534748725031,0.5763411784419188,0.5992328807007434,0.5602809472707557,0.4481365554243927,0.38870550446732477,0.17899512099634374,0.5402118249413254,0.46262230926157044,0.507352403361901,0.26261436580239406,0.6291351132876006
0.33105892240703105,0.2712856592534195,0.48728420604030775,0.4131161609888509,0.6712992884783138,-0.014306254029892884,0.5793657990407626,0.7747309192054481,0.5072295836389931,0.0,0.5705963302433072,0.3990884529098563,0.7494907572588,0.8034731381502367,0.3535516859764144,0.4628003511106129,0.40974976716908396,0.46099363749336325,0.4118257107877973,0.21276265620919732,0.6494685815611048,0.34709688532246163,0.4028739626472152,0.34115752712389047,0.5277206189631298,0.4665419906977216,0.18479551731597982,0.7035961969924629,0.23441220530805584,0.6760827868638505,0.7003931987926284,0.5725951769500809,0.7922539654894964,0.6061525080536623,0.39273022177417455,0.7646231776483208,0.4365278969415864,0.5618521926813316,0.4640943973640991,0.5497873564382663,0.8263811660020275,0.34057190113338065,0.509507899674319,0.3364596645475777,0.7895398498686506,0.499125621080456,0.4430894943633439,0.39805719338684975,0.48822586693119846,0.44460436702230327,0.3435199933797075,0.8476553792250631,0.571101737368917,0.5890051047203247,0.7137585112787912,0.31865020983576403,0.6817853972615067,0.8450346678426401,0.0,0.6017167417255809,0.46634513106118497,0.5956405563281857,0.5257620447865211,0.4778082431587557,0.4834408213318019,0.6399857059009295,0.5743716763677582,0.4272685309176014,0.33809660476270575,0.5291846915624232,0.6097200859545584,0.4905736262122785,0.7936255950440225,0.2686609199621175,0.0,1.007964765937553
0.3079180976386525,0.3133068184652181,0.5768041816387788,0.1951134905399451,0.4235198762515776,0.2892327439410638,0.3755474893322729,0.5774741447060303,0.5780111553326355,0.5705963302433072,0.0,0.3781697516002636,0.3661603052042016,0.5592579243025022,0.0,0.4931053595705114,0.4978461768246439,0.5222156322533147,0.41687441143879256,0.5055005330810689,0.5317488912461095,0.4335671129709774,0.4071957524733238,0.44439336403432034,0.5026519239020114,0.6838275048651845,0.552980666810924,0.38358192591817153,0.19730822715376367,0.4984028724082773,0.37650195782397033,0.4606442521983637,0.18176579722706848,0.41423775967112064,0.36331548688876864,0.6086876595032709,0.43278952622336353,0.4454865623526958,0.6471990007207631,0.3491192249941878,0.12103717188875904,0.46138234963824093,0.5846567126074377,0.5314755136833172,0.24273588294768056,0.0,0.0,0.39655158071929325,0.4739553821834006,0.3660631900976503,0.6556421786263577,0.501924310013604,0.5458389590978783,0.3259306844311212,0.5921338422798825,0.35109885148554415,0.05766835441735843,0.5190157325955922,0.25530102633520424,0.0,0.0,0.0,0.0,0.21240936989904105,0.23961772950608248,0.0,0.5670257718472492,0.6139220455607832,0.0,0.0,1.01205217766835,0.6318825450781668,0.4302106398530783,0.3016247567656359,0.0,0.5507428626629357
0.31164237741306733,0.3976733813103205,0.3574096711303102,0.33777467579772513,0.4901318266373884,0.43454928553862915,0.3930079246306425,0.4076102189289781,0.3813532959922836,0.3990884529098563,0.3781697516002636,0.0,0.5206571045823905,0.359450580789055,0.5675791807045789,0.6200442857496374,0.6845224110475627,0.7142229303296912,0.3306819964291545,0.6917777576121094,0.38467430778858247,0.758846811373366,0.6078087220653907,0.30501625623941275,0.6065269195357763,0.31244342968060057,0.39788925800450314,-0.09379690682100028,0.44652689984257615,0.17114920274604595,0.6250544259419266,0.3358609172304635,0.2356038391338097,0.25361792155512736,0.578232747832224,0.05027115884600958,0.39687573245463365,0.08386135403396616,0.4056077708746142,0.557920725566628,0.6965597043694336,0.19775959093539552,0.3993319369238676,0.40540362756460324,0.7352220467943712,0.49253320010785173,0.44820646221863597,0.3484274020710361,0.29393014377427085,0.27542671896174603,0.24311746327648287,0.6073912463103202,0.3478377999155754,0.3057951830573317,0.7295123213476903,0.2225958323705189,0.7641973118448466,0.9743643912762368,0.5704963694300295,0.5159772045478087,0.2900534204618073,0.542714376767726,0.6334687532835567,0.249469996794125,0.6853405123851193,0.8002053896372752,0.5166982851065169,0.49601808804664516,0.4959315516832159,0.6494471126863142,0.60114980753661,0.5170289010525148,1.0446891601400863,0.6090860289559739,0.0,0.983721675839639
0.4929140515959858,0.4349338958898516,0.43815501235210574,0.6089855173532286,0.5011253262961306,0.5356511326098189,0.6351407187036499,0.4523473658185237,0.46245565470654226,0.7494907572588,0.3661603052042016,0.5206571045823905,0.0,0.6445971519835307,0.3663424764646219,0.6042183063392103,0.47369693736829666,0.4748750762480793,0.3094485873656637,0.5798267316175642,0.3470615391706606,0.5494405533452249,0.4846870711725367,0.4887362579125992,0.4931841591596697,0.5088698311949075,0.4195954550786936,0.6016834604827512,0.6000428425526443,0.4516800405551879,0.5600715283533342,0.6042588650434434,0.33908854128884675,0.45237864227377844,0.47312827227286314,0.510169009490099,0.6803492102345794,0.5429206866193739,0.5218167454830067,0.5254269591867289,0.26127781572927367,0.31285648923341725,0.5270987450264727,0.2505736872350932,0.4086376840900924,0.6240075574971999,0.5860736725446298,0.6410374194186325,0.0,0.6249798732361918,0.6046518938999914,0.6061382776911801,0.500924647973847,0.5952258575122126,0.03004091225531541,0.5594396108283561,0.07130981146364399,0.6580573092918504,0.5120154613536462,0.23371601099614817,0.4555952084575282,0.39340106116394,0.5075433460762407,0.6544456033408865,0.37548087550486153,0.5638490698815188,0.39845263616542026,0.6210091039928276,0.485917426907715,0.46076847744574867,0.45825281136589097,0.6150217868847088,0.6065980747087606,0.5328848465372901,0.3338995163938382,0.5558147949305074
0.3553475254010329,0.3392731008797356,0.48140546422556574,0.7048347587569466,0.4376353334296983,0.26481471396830747,0.3433312321051765,0.5857954824484699,0.3543532581807398,0.8034731381502367,0.5592579243025022,0.359450580789055,0.6445971519835307,0.0,0.3166594878019854,0.5607493183177684,0.4872607826002253,0.45434948872733344,0.49687766603213207,0.4679992838170103,0.5352978448900239,0.20986543589184792,0.4796267463052599,0.5754300629366127,0.3059630489047438,0.40449581681811037,0.44781945934870654,0.7424087621873547,0.24181089627723734,0.5139230937509298,0.35719090962520544,0.42975551046771865,0.34581876068101824,0.4976448187099473,0.4654460868123925,0.45711242788859563,0.15917098005597863,0.5092906512929057,0.5726160243981729,0.0,0.631484985957456,0.6800484385311887,0.7119235828155388,0.48242093570403954,0.0,0.0,0.0,0.29235815796538234,0.0,0.5971359031189417,0.6091068123481282,0.7455208524981813,0.7896407873130393,0.21654441007140007,0.0,0.8686064229497532,0.37318225213267064,0.7634910707187428,0.364431514830003,0.0,0.0,0.0,0.0,0.48905249470969353,0.0,0.0,0.0,0.7366910035437582,0.0,0.0,0.0,0.4742345812422375,0.8386166725549021,0.0,0.0,0.0
0.4884546575502231,0.5314257547554027,0.11908233473846147,0.5245441056813708,0.3867298826950423,0.6968087770515119,0.4308874875342629,0.2969971594187187,0.6322656382613617,0.3535516859764144,0.0,0.5675791807045789,0.3663424764646219,0.3166594878019854,0.0,0.5156459318004876,0.05002116397543824,0.3183912895068207,0.0,0.5983651598629265,0.23135421942684137,0.5521421775794413,0.3196953285700508,0.32128047003921356,0.43853036464670525,0.5536578340828024,0.5730962845508543,0.4244880448483832,0.26980602255497327,0.0949919048712799,0.4338940372121298,0.4078614480797552,0.3731359678505074,0.36211240963205704,0.5395077635789206,0.4792345300499934,0.40162761476633047,0.383625997462422,0.187893357158651,0.18157341556139328,0.2090015649867149,0.2637852754514768,-0.19696203189889322,0.6948355181067024,0.0,0.47918537693908403,0.334878117860937,-0.07213794866396345,0.0,0.0,0.2750193280242246,0.540536195255453,0.050089004279746996,0.5951647879557925,0.0,0.0,0.6472717226131736,0.4038252825548984,0.4733903623436546,0.5141526837848267,0.3040081361341456,0.574594614251802,0.438186533346434,0.0,0.6076370707378932,0.3414013177906532,0.560357347761735,0.6067648751473098,0.4630399244386123,0.44472828979647083,0.3731235626179431,0.4949968502595009,0.3246773090679012,0.27217489026981134,0.4618902620649609,0.17970232315404294
0.5968258369213431,0.5646958915551462,0.4647448135440371,0.22625097892108584,0.5683031360999923,0.6216511041647732,0.5609996743441337,0.7678297421169329,0.5706481760443717,0.4628003511106129,0.4931053595705114,0.6200442857496374,0.6042183063392103,0.5607493183177684,0.5156459318004876,0.0,0.5787222029519951,0.7949322431730627,0.5076202878435573,0.6410106008537039,0.6075120310505486,0.8124207541738531,0.663332995495783,0.6760222225708048,0.5436828218737609,0.5542950569126663,0.6632088408588901,0.5160439206327474,0.678282463469305,0.34729565430346054,0.49608597586739367,0.538364007614168,0.14033112989329447,0.4665742955287885,0.7677769806477683,0.5995999924396167,0.4070963319107632,0.3476528609579072,0.5347255243513954,0.31741940361613263,0.3850307217985989,0.3499561974368688,0.4665310264531426,0.0,0.0,0.3719240333295417,0.5268999865098861,0.0,0.0,0.0,0.4412642216602573,0.4890346165665149,0.6130965277139747,0.0,0.552268177924679,0.0,0.2897980025139404,0.44585549587507334,0.0,0.3722097885140946,0.4519901803974534,0.7025087189448315,0.6128740571079603,0.0,0.13522926770435423,0.5430954086407797,0.37786208271210053,0.526114899174151,0.2520942439605681,0.6334114710797157,0.6470006302593403,0.4558057461290583,0.42701401550154533,0.4977297341611343,0.0,0.34524749463669935
0.3227478341235488,0.5410379881880655,0.6364601427219405,0.4530229122425962,0.3077158643095146,0.3126738253512184,0.36771591155401967,0.23846423949023218,0.40593409229899835,0.40974976716908396,0.4978461768246439,0.6845224110475627,0.47369693736829666,0.4872607826002253,0.05002116397543824,0.5787222029519951,0.0,0.5663003625106615,0.3980073082279618,0.30736378654263347,0.29074234722562864,0.481902430640888,0.33504785096255324,0.6089039864616453,0.6508857027640557,0.20599639430558528,0.44685056913688426,0.7662285873459346,0.24768752421470452,0.3501463952973774,0.4141666258960237,0.47071601125891366,0.6159082736467556,0.46873960760543365,0.22188894265737627,1.0384177289226124,0.3598645407580401,0.4350851376487671,0.2670613007409265,0.44632367127399186,0.24907068486882994,0.47156982414223214,0.0,0.0,0.38140620347196175,0.49708351209711316,0.6433534807172395,0.0,0.0,0.0,0.0,0.0,0.0,0.0,0.680104243535136,0.0,0.5858970555430729,0.3294417634018961,0.0,0.5784677183375899,0.5098897044949605,0.5148567504998842,0.538217948199423,0.0,0.0,0.0,0.3941709074849825,0.0,0.6014823702850447,0.7665050932391102,0.7580476767937221,0.0,0.30304408907403224,0.4860087492638858,0.0,0.4966553338577286
0.5830908346184774,0.5321969449122534,0.4947378598498586,0.4627930010530631,0.38703842105118524,0.39187226270718767,0.38727595386636987,0.6724724720526309,0.3019311125933981,0.46099363749336325,0.5222156322533147,0.7142229303296912,0.4748750762480793,0.45434948872733344,0.3183912895068207,0.7949322431730627,0.5663003625106615,0.0,0.463950434197023,0.3500285817054948,0.48180842175479055,0.4413112395396102,0.5705054400793665,0.6107109443006327,0.64271581217649,0.4927968782426601,0.5335132542325012,0.42848572449666367,0.4981924467044246,0.34009345950561165,0.3394778167680786,0.41267096546841286,0.44004163392295637,0.47437157165031624,0.15989145940391591,0.5316441688441501,0.4086568759659381,0.4219354122338902,0.44494615843132784,0.41671939918102335,0.4710839468843785,0.44699457422825484,0.0,0.0,0.4431745653122236,0.6448801092940017,0.6258760759683439,0.0,0.0,0.0,0.27426287851033515,0.5354736369683697,0.6165641595595717,0.0,0.8403328924559689,0.0,0.8262076741532385,0.522157129054293,0.0,0.24647801980522,0.5262048888200721,0.6755993419941113,0.6136513266813686,0.0,0.4317803290140682,0.29275272533125507,0.35868687569714985,0.7641975161429856,0.6079351400581692,0.7033695205337787,0.7981626479001522,0.5275534255523515,0.6306835488480637,0.38715384468975683,0.0,0.5622799758511569
0.0,0.4527194042841677,0.3964541067162468,0.37621293721366456,0.39123565921997006,0.3741815075981932,0.27088237549127014,0.49611500382689855,0.4118068062917087,0.4118257107877973,0.41687441143879256,0.3306819964291545,0.3094485873656637,0.49687766603213207,0.0,0.5076202878435573,0.3980073082279618,0.463950434197023,0.0,0.49574110472414146,0.46727853017992194,0.43169439548430466,0.30624792670773127,-0.20175530296489258,0.42642055216511865,0.484129530616924,0.40088506796098705,0.38042085560675654,0.5203054473419059,0.5358527129507775,0.3349972371300894,0.39241615065562785,0.3841505062656303,0.3215746816389614,0.18761093925302852,0.4454537610743099,0.30888804419668536,0.31933364937058256,0.7007789483858654,0.4610611165357741,0.3338406056000634,0.17751615224365053,0.6229530877473389,0.45731799707702947,0.020729404859054047,0.0,0.0,0.3418738234921471,0.0,0.4533368990580864,0.5634415645742081,0.48969461254999114,0.389717434463555,0.4815124369158959,0.6633514604506562,0.2197646992127816,0.5937679957450508,0.4362824033943765,0.3567605791423186,0.0,0.0,0.0,0.0,0.7246792224805896,0.48227854730773967,0.0,0.44780593235901045,0.5762486056649541,0.0,0.0,0.0,0.5459506149790796,0.4926599035474713,0.38518015857295557,0.4881916053080647,0.4362354307750481
0.22501053491633594,0.4660023892783237,0.377856399586891,0.3826516883300819,0.412555974780533,0.5833369619264409,0.5266309553133621,0.49338753668971136,0.441709835975001,0.21276265620919732,0.5055005330810689,0.6917777576121094,0.5798267316175642,0.4679992838170103,0.5983651598629265,0.6410106008537039,0.30736378654263347,0.3500285817054948,0.49574110472414146,0.0,0.31571659199070246,0.6471985837054635,0.6664220845901571,0.5961383643907943,0.4352245492302995,0.5258467542785716,0.5965597613554796,0.3641495959664336,0.467344459079099,-0.10792162637427638,0.4288989561807407,0.4475714250198428,0.16862762083508173,0.500401787263762,0.6343663650880426,0.1299341490038538,0.41034622915933383,0.7972998921120877,0.12216553966981938,-0.03204925221455357,0.26516018710572076,0.21685218363937564,0.36504309896065773,0.19685627680834206,0.3764726046324787,0.6549118754044394,0.3191956631597849,0.23004423639349322,0.0,0.0,0.27615263085202224,0.31339284832302783,0.06952345283118933,0.29619771418729735,0.7857172814051321,0.0,0.33152545998301575,0.40985020751908613,0.0,0.33873862489005235,0.24014198707495663,0.4636502980353039,0.4225359696485343,0.0,0.21949385393067927,0.06461634359568214,0.37925374065771916,0.2871892336878846,0.0,0.35623377560885444,0.2800740799769805,0.32418158811626874,0.3017769254077783,0.24676832729923143,0.27065839635263056,0.23530142979121824
0.25242167666351767,0.5462363026011533,0.33551157197145254,0.3909532990860952,0.36827695235442326,0.6336795973367582,0.35209079038424096,0.3233039117829179,0.39593855884641915,0.6494685815611048,0.5317488912461095,0.38467430778858247,0.3470615391706606,0.5352978448900239,0.23135421942684137,0.6075120310505486,0.29074234722562864,0.48180842175479055,0.46727853017992194,0.31571659199070246,0.0,0.4448679312381977,0.4424122333624318,0.24625457341735785,0.39130734407005974,0.5280562473617403,0.5086493531741136,0.26558123241545706,0.13131658741337698,0.25814840814777285,0.4215702624507882,0.31768173402981553,0.5093005966301888,0.3142586230631951,0.5625036250625455,0.5158216343101917,0.2584981589633147,-0.04251087780700874,0.09016227176127486,-0.08054799419603365,0.12459712961765529,0.24031757730310122,0.43005305648304837,0.0,0.0,0.22163643819772189,0.3354520416460402,0.5260380695404513,0.0,0.0,0.317720013172267,0.3417665668372499,0.5499234394009229,0.4490067698081136,0.5274332252888324,0.0,0.8118481055442969,0.4279693436718329,0.0,0.2350172731267049,0.2717878699998806,0.0,0.3194716939634775,0.0,0.25448757716932197,0.1378019737364487,0.2301057032623177,0.2805313405575946,0.5622986338302871,0.4723430175044511,0.4794761657497042,0.3735145452886932,0.38589529493812236,0.28610277791628663,0.3733719586016149,0.2484671199435227
0.5378819304117277,0.6326162703901123,0.5923845986850982,0.43513904591357944,0.5606348760149413,0.5334747296297311,0.5467067522604514,0.45809802301069147,0.6103338324304286,0.34709688532246163,0.4335671129709774,0.758846811373366,0.5494405533452249,0.20986543589184792,0.5521421775794413,0.8124207541738531,0.481902430640888,0.4413112395396102,0.43169439548430466,0.6471985837054635,0.4448679312381977,0.0,0.2939605523288805,0.4517237363689325,0.6375331933272177,0.63939935028163,0.5657206824966237,0.5613580627132021,0.39040637888213703,0.49251081553845094,0.3531962717232056,0.5235857847850064,0.37016312011032343,0.5104206885637854,0.6797299887402293,0.5821269389028711,0.6913771889147327,0.5281557042923559,0.2682162073623835,0.2558359135745567,0.2964969981276667,0.2948414393539407,-0.11340980399866646,0.23418417535677252,0.4297585139221245,0.41021981561730814,0.43699116909906033,0.47735731170286183,0.4812658173376841,0.40379912128038487,0.42192332928390125,0.4867565271330284,0.11884724543481823,0.4869773590643366,0.36813770063789675,0.0,0.5194179123530193,0.40623168956283384,0.0,0.4396117243795411,0.3794641097498461,0.47287617124626435,0.4609167835506127,0.0,0.31354129031095335,0.3681914218631366,0.3554038116069904,0.40149089486849027,0.48308651471489894,0.3581810989610421,0.392593677078967,0.34143984307527175,0.3213751921670194,0.3168151773953066,0.4772667139481606,0.24062092723285405
0.47986002546935924,0.7347676270185606,0.368497634133539,0.5056201663079664,0.3857090058403238,0.4189655882212987,0.4185553978005441,0.5251779102396332,0.3915239028026069,0.4028739626472152,0.4071957524733238,0.6078087220653907,0.4846870711725367,0.4796267463052599,0.3196953285700508,0.663332995495783,0.33504785096255324,0.5705054400793665,0.30624792670773127,0.6664220845901571,0.4424122333624318,0.2939605523288805,0.0,0.413908399603705,0.6793700190719045,0.505304259407106,0.47411056445973054,0.4387923992790743,0.46452565845551097,0.37016335281696433,0.35976473992798635,0.46520500436603424,0.42937977346764816,0.4385481174562125,0.5177316451798534,0.44194988214142683,0.49055235669342834,0.3045762835956862,0.5653456680014124,0.2789823806913554,0.48040839086732606,0.2290320915568329,0.7354933626491,0.6440583896290288,0.4658338235405372,0.3852525807901697,0.6515999447118657,0.45103405054251866,0.29489276449286705,0.7268025217664971,0.6112223559935488,0.6747711253889628,0.5745852228569537,0.637917010789075,0.6689404387452339,0.7375866550128318,0.20577879093235263,0.6120705452133345,0.49416329009112664,0.43899339499813905,0.48405945231096625,0.48344082133180183,0.6516800356854127,0.7986362854408059,0.35087936113760004,0.3814388811165469,0.5263706946672004,0.6995343262641125,0.3779857208975505,0.6822815524010488,0.5580065611152545,0.5381702920969418,0.5198300764992037,0.4648488089685784,0.607089861504356,0.5260895586679084
0.2602417532498339,0.2684858320061788,0.4755605065164378,0.43309793417699927,0.4909815510900154,0.3989150986339493,0.5175345495186725,0.359647286818381,0.4548955660884703,0.34115752712389047,0.44439336403432034,0.30501625623941275,0.4887362579125992,0.5754300629366127,0.32128047003921356,0.6760222225708048,0.6089039864616453,0.6107109443006327,-0.20175530296489258,0.5961383643907943,0.24625457341735785,0.4517237363689325,0.413908399603705,0.0,0.4153619939273905,0.2952999141642485,0.41690298199908016,0.45104921894828076,0.5194830454890162,0.6108223811054634,0.7325189353179454,0.198616212112758,0.051114303659358484,0.4578790541660741,0.3209222574272551,0.007304069667443153,0.8141745983795867,0.17614016223368759,0.08333896859144574,0.693879639810177,0.41828585357908216,0.6033563263302908,0.6453695212820276,0.294503733268173,0.6783356345699127,0.43921251741780454,0.5269066467652416,0.0,0.0,0.4518523634518025,0.4690424505063191,0.36954808711089904,0.0,0.34406760010661996,0.35723001258759857,0.5112363839405084,0.2786790039934458,0.6291338210437345,0.0,0.34379922244206684,0.5098197008984594,0.5263268484263027,0.6774161487216338,0.4915115538763484,0.3545916687877858,0.5013401656462484,0.24321975078116156,0.6182561644973368,0.11737852729524165,0.7314639436805455,0.5074043074490016,0.28838353093212576,0.8649655346607413,0.7240245669758234,0.0,0.7151302136111238
0.49403340105489757,0.49326304036464075,0.5183743017645143,0.7903796720346206,0.41192781826801156,0.37996347569718675,0.43743844043985897,0.638043546046714,0.3134879316561231,0.5277206189631298,0.5026519239020114,0.6065269195357763,0.4931841591596697,0.3059630489047438,0.43853036464670525,0.5436828218737609,0.6508857027640557,0.64271581217649,0.42642055216511865,0.4352245492302995,0.39130734407005974,0.6375331933272177,0.6793700190719045,0.4153619939273905,0.0,0.3310620820375923,0.5094444338750892,0.5409672312844711,0.4800519040288014,0.3237793757845487,0.5583018070080779,0.29387578290834543,0.3507342022445811,0.4066878568276673,0.16510581855198342,0.3630549196555093,0.6093152526479123,0.5331445135157034,0.5236954739155675,0.4476900183943363,0.5152269262475483,0.34141032507080704,0.21290183996066292,0.0,0.5469544636201152,0.6457874429741265,0.5923807989858914,0.0,0.0,0.0,0.4732363570633914,0.38855438361984795,0.5562674031228596,0.39719442190648674,0.7809987484825958,0.4846262890637433,0.7902784992720324,0.6026449182440361,0.0,0.3072781972755134,0.45052872052328685,0.6977263993329146,0.6708898389048675,0.0,0.47694306041667767,0.5675937532080819,0.4542825150327723,0.5097588662135926,0.6508357925750563,0.6976735003891508,0.7395568535381587,0.5032039223794802,0.5174454187791624,0.4703118896684206,0.0,0.4852102596842874
0.508961168521979,0.38009001923631086,0.4267516983495078,0.37996221064727304,0.377514805799945,0.5814165746580371,0.4395112317072129,0.5715075641027225,0.48959244899885745,0.4665419906977216,0.6838275048651845,0.31244342968060057,0.5088698311949075,0.40449581681811037,0.5536578340828024,0.5542950569126663,0.20599639430558528,0.4927968782426601,0.484129530616924,0.5258467542785716,0.5280562473617403,0.63939935028163,0.505304259407106,0.2952999141642485,0.3310620820375923,0.0,0.6012605086931982,0.6395343511038862,0.5759214821253521,0.22998554659523385,0.3715165596852472,0.5539657230216994,0.44017746964348264,0.42953522015912016,0.5080251949952299,0.38057983345809054,0.26708986516058,0.329817681896028,0.4717546425991569,0.5142800936181334,0.5322759490964297,0.39092733195021345,0.012860946663494355,0.5061578485340033,0.5447213995187614,0.47519513778914424,0.6396822715752755,0.62486258543197,0.0,0.00839787334367445,0.5251362637970984,0.5162089627521189,0.3480196289162506,0.4855188803162564,0.6796543774765251,0.0,0.7019639181771113,0.5884220937001071,0.0,0.36546556981411493,0.546720954031822,0.6056681447800343,0.6691063445882495,0.0,0.35202982054912557,0.47450121047709115,0.46720284146313473,0.5310089122855393,0.440062418225259,0.6992089715277012,0.5785766760519409,0.5299163343766041,0.6959854643396739,0.6185521733392056,0.5030378701736684,0.5096158355876172
0.44868835432497955,0.4882604446641275,0.3441567439171256,0.47835739250054277,0.4036073203550741,0.5094298145243636,0.33338783909746506,0.4688527832881205,0.41660501472224354,0.18479551731597982,0.552980666810924,0.39788925800450314,0.4195954550786936,0.44781945934870654,0.5730962845508543,0.6632088408588901,0.44685056913688426,0.5335132542325012,0.40088506796098705,0.5965597613554796,0.5086493531741136,0.5657206824966237,0.47411056445973054,0.41690298199908016,0.5094444338750892,0.6012605086931982,0.0,0.4289599634384538,0.5742305154383307,0.40805315516616036,0.3539078675773538,0.3477575587367856,0.4535956309400154,0.42164161480803886,0.47231929935259553,0.26102356060766163,0.5046706869928019,0.2766006149976761,0.5012798282269109,0.4525528331418158,0.36290934333807057,0.09601877915511559,0.6309755645002799,0.7298117584450837,0.24481942728843487,0.4404750786895961,0.5485985903936239,0.571647007745568,0.32014242219026445,0.5620275470875656,0.5681687608699468,0.6307908922537364,0.388498343150816,0.5922431110299162,0.785181453825766,0.5875698654693977,0.11665780655184776,0.5931891010265179,0.5673923393258791,0.3968936833185823,0.43146034790561505,0.0,0.5006578588203456,0.604391106432912,0.3931690904235694,0.17417514001792672,0.398007134314504,0.5205229145272463,0.0,0.8241903557532477,0.47630525355878445,0.5480459435581245,0.5127772373334515,0.47580992484461127,0.5205570100443497,0.5097989195909225
0.07298206640013222,0.5305244450741604,0.5066258103763492,0.6881603731660109,0.5911032619274851,0.6304198446607784,0.7613103585662102,0.39230931950073816,0.40858199285701813,0.7035961969924629,0.38358192591817153,-0.09379690682100028,0.6016834604827512,0.7424087621873547,0.4244880448483832,0.5160439206327474,0.7662285873459346,0.42848572449666367,0.38042085560675654,0.3641495959664336,0.26558123241545706,0.5613580627132021,0.4387923992790743,0.45104921894828076,0.5409672312844711,0.6395343511038862,0.4289599634384538,0.0,0.5829273292610402,0.06248125449878261,0.5703910042526095,0.27810480931657267,-0.18867139483398782,0.045686131989156,0.32037649792545764,0.756756670315802,0.6460419444804216,-0.006868417788644665,0.12915125499754015,0.16447453099679182,-0.1177259204496916,-0.013211384082736949,0.28342035959624257,0.23073979106169176,0.2074628012144909,0.5291781724274567,0.3164711451162916,0.4436540350876871,0.0,0.6235891367370087,0.5302894920336823,0.5770888808031726,0.427370512972458,0.5371322126717496,-0.22920698369498482,0.4809791748230453,-0.19075596492723618,0.5563053233320583,0.4067522500903946,0.34065446541561195,0.4191822048821542,0.3461112370981403,0.4079403533130243,0.44389582990858073,0.483972552829701,0.46988354994647713,0.26774727407458765,0.5255435890371882,0.5090275626547256,0.43144693228225206,0.3828182600995859,0.5583098663911227,0.5568893274219313,0.47718269042143574,0.5981650098224585,0.5374578360988695
0.3962663881062953,0.4085857544388519,0.5177396350081834,0.3810507882841466,0.5153826883118888,0.3575097292125963,0.49718847241620034,0.5229561578614517,0.4240858600485766,0.23441220530805584,0.19730822715376367,0.44652689984257615,0.6000428425526443,0.24181089627723734,0.26980602255497327,0.678282463469305,0.24768752421470452,0.4981924467044246,0.5203054473419059,0.467344459079099,0.13131658741337698,0.39040637888213703,0.46452565845551097,0.5194830454890162,0.4800519040288014,0.5759214821253521,0.5742305154383307,0.5829273292610402,0.0,0.24085527660305972,0.2689096797827425,0.20482244686296186,-0.009672345956489359,0.33990545140230255,0.3762120852582836,0.26241100057505673,0.3927287553619866,0.20669442322339665,0.46147746444408505,0.03477402856891765,0.490191025284665,0.22974549147796425,0.5652269036722735,0.6520074721528529,0.37707340172632026,0.43218281926918367,0.5209943387834319,0.502352318683359,0.42893647203969504,0.47240794402403125,0.535054938990808,0.6106028198873094,0.581040909659492,0.4810700675646123,0.905014481970923,0.7677265403037323,0.39570468275209253,0.5576159792953508,0.548005949373221,0.2975269115951643,0.49538466897791394,0.4823977507534508,0.4961336945378185,0.3181156404559872,0.35835956031011795,0.21364935539008634,0.27601122514653853,0.5328635007182875,0.5100714985070509,0.685495434830623,0.5319402564053268,0.5687359968941647,0.5240287779542812,0.45264604691816906,0.4721567047729285,0.517885236853162
