0.0,0.8103100932358246,0.32002929827510745,0.0,0.6505088081043109,0.5435303486269526,0.40092782494749396,0.24961144182159978,0.5346544245529623,0.7159938394078482,0.4427452759496254,0.6871099466549815,0.7505503977348225,0.4096382297332206,0.3081224025892912,0.9264511160821907,0.44426035901811567,0.9291058618476643,0.0,0.5946077567272454,0.163430518306049,0.6911119659854862,0.18904287562202243,0.4222398526956123,0.741371327147625,0.7463480455832744,0.3352122064980175,0.6602740754316767,0.5091729889462456,0.3577288505990679,0.6898324698065932,0.6556868001569791,0.8969286821912199,0.7233067636508463,0.3622531435578057,0.7002975894838155,0.4845583651019823,0.4639062086375402,0.5884324223455174,0.7899475084483689,0.2286861965510302,0.6211742854473474,0.46308870695803606,0.0,0.2761042739139573,0.46239140266415385,0.7706097178717304,0.0,0.0,0.0,0.6936475092147376,0.0,0.5305609176113362,0.0,0.8160530891266117,0.0,0.6005636284721345,0.7317300543402061,0.0,0.7073888995234934,0.6941655526091757,0.5485174694465753,0.540323559070389,0.0,0.4572661422179311,0.6160856104498893,0.6655712947579899,1.0959012293107904,0.5359654965159593,0.6534766547693338,0.6827944960929195,0.6385290379878301,0.4419543401760847,0.6171544653604015,0.0,0.38152997234031827
0.8103100932358246,0.0,0.5182389080759677,0.42839288096613404,0.29200009026237095,0.36034177881674706,0.33281430711600224,0.5747163205383741,0.3571577047088138,1.104680023663591,0.44432030435352304,0.5320208967087461,0.41327874543819776,0.27657655377554546,0.5051364742223375,0.8935857160145644,0.7126527786160944,0.8811056321754334,0.7195587451838801,0.3074272846124517,0.5485429900838098,0.492687880479137,0.5873659259524822,0.47633964320078986,0.6971773434711432,0.6291109056935895,0.4322000089379005,0.42754937718385044,0.31503194105503357,0.3699682772526576,0.574100739383126,0.4561134314157802,0.5254545533004624,0.5079499405065843,0.4663464229174055,0.5450240661157344,0.06174885494855774,0.0,0.7155257019802167,0.8059825189353789,0.5847265569407154,0.6289107766859154,0.6066753631248365,0.0,0.0,0.7993246647261928,0.7537719050982631,0.05294636230781948,0.0,0.0,0.6384185837829855,0.5814605483904143,0.6528247776521848,0.8179772076183162,0.6788664607893418,0.0,0.5352467458006333,0.7064172731173565,0.0,0.6094484849614643,0.7681118839856698,0.5849259993822417,0.8110458320748083,0.0,0.5858751469220025,0.6315036819372499,0.6960413776487778,0.5292150655791352,0.39535833880872295,0.7816140044370586,0.7391558969117962,0.5386186767125652,0.5803780939513968,0.5380648886637225,0.0,0.7070169772256427
0.32002929827510745,0.5182389080759677,0.0,0.3757465190952176,0.5181733214660688,0.8574703323120152,0.5468895983088577,0.7118266099919,0.2987052215873478,0.569638300405253,0.49844936694115227,0.42405013019719845,0.642806634837592,0.6809239649565371,0.4497979709756802,0.41180210677421003,0.719145347386138,0.7601155829255477,0.3152755195963155,0.4415920252903309,0.7017035079242054,0.5009657660444744,0.3194958965968742,0.3916783077213136,0.9214230016496696,0.8835730769301242,0.40896903965141645,0.7373151297997275,0.5866445480392304,0.7914446009937122,0.726185209202616,0.6511060853294058,0.7888939883864077,0.6822850660131237,0.5870168098971469,0.6415339227162382,0.5365279683686597,0.5465533325652472,0.6345421803063768,0.4991721139590543,0.6510125833396305,0.5011651528074196,0.7896063521169221,0.6001606827230008,0.0,0.0,0.41760937434269946,0.6879173860256695,0.48516821774564156,0.528279481985161,0.5497632787706866,0.5130780193304443,0.6226411347251645,0.7384642607280104,0.4385378446093098,0.7410274779281607,0.8009850837108572,0.5365713683611691,0.6798581174066112,0.35630233199658756,0.0,0.0,0.0,0.3028615450297828,0.8167236052811497,0.4418579421958602,0.24815564449578997,0.6342314046888036,0.0,0.5510211417789872,0.5560115515415947,0.6798362856144939,0.5771115472203756,0.6519643735826204,0.6737122217754998,0.48812294687250357
0.0,0.42839288096613404,0.3757465190952176,0.0,0.6020082796255273,0.560955499355967,0.6007109880708938,0.37764873598276794,0.5772351440396966,0.2241875797145474,0.3856312188566713,0.19449508040887406,0.31043383233415955,0.4473339189699357,0.6603293596411249,0.27910590112906786,0.42812705964024445,0.46429066224528426,0.513449889270709,0.4815674794455176,0.4301833666637035,0.43068678275055544,0.4194082778252868,0.1448405205151012,0.808913115895014,0.5651266673273626,0.5597462654475871,0.2923257015999034,0.28492171383904824,0.5191033330442348,0.46342415627153793,0.2690751609723242,0.4456843540416294,0.22423408906281028,0.3492015624238416,0.3269005323621601,0.34787178485095793,0.17792093592355146,0.15522763999497818,0.4079120156103785,0.42592393351869984,0.2912582946615264,0.162797011031765,0.4078176529865746,0.0,0.0,0.0,0.4403633186384587,0.0,0.0,0.8803167290634217,0.0,0.46423200235520895,0.32699076094278057,0.0,0.485582508549711,0.4298867597635751,0.4581907257763178,0.0,0.0,0.0,0.0,0.0,0.0,0.0,0.0,0.4893525724412725,0.5970141188177853,0.0,0.0,0.0,0.22305216857093113,0.4799300001555644,0.6418456299331147,0.0,0.0
0.6505088081043109,0.29200009026237095,0.5181733214660688,0.6020082796255273,0.0,0.5702228719798129,0.4508735844722698,0.7047341664873814,0.4406352498232198,0.5930363702232719,0.39060815242020486,0.3494564285319566,0.48889183064542646,0.4435115116028871,0.5826419914506855,0.5506667792548636,0.4816659931292193,0.6859181393746201,0.2934896141578217,0.45346339825807597,0.5168777479538672,0.30509679592292416,0.5740176184607,0.2995393139343005,0.7198371755541705,0.6836620253529007,0.5997426519387985,0.4750073706604875,0.5370141366833819,0.3006965495913791,0.5723933392131411,0.32796095395581476,0.45491259976044573,0.4282407320765056,0.41585180598230664,0.43155818319826367,0.3607307060030149,0.29854886494139987,0.6254496396728976,0.47931017178339463,0.8872041745128108,0.41202870954293763,0.6022155380154752,0.344262550711918,0.38959863685650553,0.0,0.4122978829375835,0.6186519146073303,0.0,0.5870847706594053,0.5826663403446457,0.5428610232823203,0.5522135196673896,0.5441737786067962,0.0,0.6661138360676315,0.4078509646505827,0.5832917466552043,0.607242419617665,0.3983251647164345,0.45949488972500746,0.0,0.0,0.7001138523677803,0.5389347184345923,0.49046452992176437,0.7362837992744129,0.5474966891198205,0.0,0.5010706517760581,0.61097226402745,0.44987800980741444,0.5559928996500131,0.2714099617198527,0.0,0.5347238322218193
0.5435303486269526,0.36034177881674706,0.8574703323120152,0.560955499355967,0.5702228719798129,0.0,0.6983536816074842,0.6270365445785062,0.3876055316731939,0.7247541685091627,0.4683773034151235,0.6928109005847877,0.745302657062368,0.5943299143331346,0.6674684630459669,0.5548864113222843,0.7839839021832622,0.9511884656572542,0.8900352659504076,0.4346761712160146,0.5608265033350357,0.3650931208528835,0.7204622909460978,0.15955532481350906,0.7965980607893628,0.7775806819970454,0.8249955325898979,0.8576591256711927,0.4948901701515648,0.8563061531636702,0.9161789606458036,0.6125712531308389,0.6314254871148016,0.7820879217058017,0.7648384121392637,0.5438549106323347,0.5528662690723936,0.5302091713193329,0.40611621574544887,0.8814376780938243,0.48319343851371005,0.38012595911021074,0.4980610580376403,0.2773008681665056,0.14227194684856692,0.5727898150048392,0.49051511043910556,0.5623028780233125,0.7350859302510153,0.4189198819510092,0.5474576259613786,0.5069273304780547,0.6655913710787646,0.6342619772675063,0.7229781894334857,0.6722598769613006,0.3980360318363041,0.5019865693812906,0.7204354527644004,0.5865079064557166,0.6362328157941203,0.0,0.48442764394191606,0.6002747798835748,0.5623142552068834,0.5291447484770291,0.6677612333154546,0.5238959981426224,0.5081230046491438,0.6170107813354738,0.531502426504785,0.5019695754958364,0.453547332532381,0.47205845655153766,0.38506892120798664,0.4764935066853383
0.40092782494749396,0.33281430711600224,0.5468895983088577,0.6007109880708938,0.4508735844722698,0.6983536816074842,0.0,0.5045732829571509,0.5134262733561858,0.6295790727433157,0.38369538186861796,0.29249157538365167,0.7121695829429926,0.35990339565877305,0.32275767109806064,0.4982439505161188,0.649110693643111,0.5306871068454373,0.3661432564616443,0.39589303214049476,0.4165807878204163,0.36698281457979615,0.6173814295112793,0.453591449063415,0.5811867927634689,0.6013019249074233,0.5703550377478999,0.5306328415038118,0.4657792894360672,0.5455277811893998,0.5391965557235218,0.4259709055132983,0.3611740816948273,0.3744699943495596,0.2542040054662454,0.7038714959857033,0.5072365945464583,0.6002440371476359,0.5876960858878737,0.4747037051262334,0.742216402846788,0.36355523167769,0.6786312920164761,0.30819213826289044,0.1693983799866351,0.0,0.5557105789696999,0.4299773396104727,0.0,0.5034171218546281,0.5567183570893206,0.49520089029388886,0.45996756534389127,0.605647288362486,0.5497288698189626,0.5858282901759607,0.3201893494766185,0.45307528448405654,0.5241648145442959,0.2932742055398307,0.6145392310740623,0.0,0.5193503641355088,0.5614443487269841,0.6664031896758753,0.6519619753122368,0.652366156421762,0.5381430249500503,0.47252166395840695,0.6575267964372391,0.5418741401974683,0.4958969273520242,0.5059958598376922,0.37880639205569777,0.8035689148454648,0.4857395021754377
0.24961144182159978,0.5747163205383741,0.7118266099919,0.37764873598276794,0.7047341664873814,0.6270365445785062,0.5045732829571509,0.0,0.8275323569536297,0.6700996641999939,0.7287532188552595,0.6408117998889749,0.5175176130870723,0.5898479330662809,0.4107556087841007,0.605384163206206,0.5084896893517066,0.660185775862111,0.7648169059101579,0.422522553473733,0.2740594094731558,0.334763718744764,0.5204470637079951,0.2879416658386229,0.6488923765968349,0.6196589050870678,0.5964604106510416,0.5115541051828981,0.36828473353314684,0.45853930339078475,0.5844285153649984,0.44445688772718006,0.6872122904844373,0.5288976198562767,0.3653827771962213,0.6470747298609067,0.10179332146145756,0.6238218330250462,0.423527172308798,0.4053842708455265,0.3397303776665345,0.5816689765749603,0.6831369192184668,0.320742014955045,0.0,0.5132350912089356,0.4207216892896595,0.44627873156629505,0.0,0.4804625559409986,0.4862282574425542,0.39019721386704,0.22452060551595493,0.4201860575153628,1.2456950053762974,0.5957055814896539,0.9613579999846631,0.4184826160030316,0.7549486498142215,0.36472630919303345,0.6435951518371106,0.0,0.5442329914943433,0.5999854000060513,0.6989953956804467,0.6745000583063037,0.40173903836667046,0.39229582976521105,0.0,0.0323983567317459,0.3047560574808096,0.32677026168155676,0.4508232676169408,0.5994455751305797,0.5463732142429614,0.3613406762183767
0.5346544245529623,0.3571577047088138,0.2987052215873478,0.5772351440396966,0.4406352498232198,0.3876055316731939,0.5134262733561858,0.8275323569536297,0.0,0.6216043435183303,0.4986793986346879,0.5188971864927588,0.3306341809470926,0.7309812334958872,0.8022333531566147,0.5585534915700207,0.662212016195922,0.8465159174923236,0.32869920659051755,0.5075543944139731,0.4365845572926626,0.4563050868393642,0.6980051881412404,0.5361972600280299,0.9790109500997353,0.991396898853575,0.6972315773556632,0.6847170714841577,0.6577638107441245,0.7583661702054465,0.6859415892954834,0.6752839937816593,0.6257554396794516,0.6558798165120221,0.6077130711567995,0.6116432682586319,0.5749254236608963,0.6006541673743003,0.346695851167131,0.5088989998998497,0.608590931578666,0.26882368019357494,0.7238855185045695,0.2980349984335883,0.3551323716643935,0.0,0.6273672616276493,0.7132354365795615,0.4865633353603005,0.6581248054944115,0.641120589803613,0.616909997419532,0.6927177326450304,0.5704444272125042,0.5373183810412719,0.7351591591202538,0.3226186645614986,0.5005199323036652,0.606651307508413,0.5692238139351136,0.6195327901414043,0.0,0.0,0.6558672035858952,0.7323124946262809,0.6828720543697111,0.815124354031042,0.6484831278996579,0.4468602342474369,0.37521677805145215,0.3117185665207448,0.5900232624913359,0.47951298183547364,0.44879985778241427,0.5872698732391294,0.6197017762861444
0.7159938394078482,1.104680023663591,0.569638300405253,0.2241875797145474,0.5930363702232719,0.7247541685091627,0.6295790727433157,0.6700996641999939,0.6216043435183303,0.0,0.5231066682287573,0.5192985504678366,0.5933775833766788,0.7522411202264802,0.5263077535739905,0.36055837254366235,0.5696065940471864,0.5261835815061731,0.4761730311388529,0.4924122992248001,0.7268283996368823,0.9637171579554069,0.4931511192974719,0.6183752564987781,0.7570277067951683,0.5734161195333731,0.521537414990328,0.7247601450063688,0.5032781890256097,0.43930247815881396,0.6649906704060531,0.3197875224562228,0.6241936451509563,0.8869617270783522,0.5887958492371224,0.42560443851243246,0.5161767762600751,0.5488482537552162,0.38264681222959007,0.6888756122990852,0.723753751261926,0.9791796415782521,0.2741894332421735,0.4087558561150084,0.6510267481723284,0.6715019598142413,0.7217404240438591,0.38389629020129895,0.4981077288884632,0.47913258863322217,0.3825224816126602,0.5089976154619571,0.6942024635016933,0.3441719114758848,0.7600667465263706,0.4005174535196939,0.6987642603390911,0.7078269086300903,0.0,0.6302235009895321,0.69388841670003,0.7026988609304953,0.5560870043726409,0.4788015145803773,0.4729260510881581,0.5515437389558727,0.5452761752929931,0.4312609662711008,0.5166678717797448,0.6865283076466184,0.6933234104898396,0.5358982833619648,0.6538751595468004,0.6074343528951864,0.0,0.797965054790252
0.4427452759496254,0.44432030435352304,0.49844936694115227,0.3856312188566713,0.39060815242020486,0.4683773034151235,0.38369538186861796,0.7287532188552595,0.4986793986346879,0.5231066682287573,0.0,0.4183056379237713,0.38657959166674655,0.5320598210719903,0.0,0.5049048451619753,0.5313612453929837,0.6475021274918066,0.32402957548635025,0.45732045818203404,0.4811005397268955,0.42524474055335043,0.38759190659312515,0.38390279031603614,0.6572761799889658,0.7041678884931104,0.4655209715513887,0.4765371065140419,0.40702545364804443,0.4756818799101208,0.48265522189410986,0.45370133943744867,0.28057125831572,0.48887851138576255,0.4076740860943179,0.41570289063181953,0.5402664561451165,0.41436760936357364,0.5204690680081124,0.5420781899742735,0.5342035983068627,0.5156963943382156,0.6595246844074047,0.7025247054387751,0.29006310363857984,0.0,0.0,0.19509229400330003,0.47198663150819586,0.7162880522248987,0.583980127055177,0.49947876173491773,0.7226264406485693,0.7887404317042817,0.6132234430603143,0.26284888263661527,0.03308102496015172,0.5885477760717814,0.640093253478877,0.0,0.0,0.0,0.0,0.17273066797292766,0.5248610585617882,0.0,0.5310537209839095,0.5702992911209057,0.0,0.0,0.9674882708174596,0.5986026374564838,0.5657755689031158,0.22620146016026918,0.0,0.6460104097669879
0.6871099466549815,0.5320208967087461,0.42405013019719845,0.19449508040887406,0.3494564285319566,0.6928109005847877,0.29249157538365167,0.6408117998889749,0.5188971864927588,0.5192985504678366,0.4183056379237713,0.0,0.3860136408189958,0.5056904152986638,0.4033943994814538,0.7171540884012453,0.589486713075023,0.9176954699962983,0.3858331628984327,0.30725253627836546,0.637581848793614,0.5186670315909686,0.3953846641685439,0.4081682857991157,0.6094897622067983,0.6976832930921459,0.3325152792488696,0.475330870220382,-0.11155608774230491,0.1362641855255426,0.5081580145277701,0.013249319017117428,0.6581176043150161,0.1872454252290156,0.3550203150004376,-0.02063145439114608,0.3011477703693204,0.18860337125405424,0.3111579979179354,0.32270835454870217,-0.09693425592522731,0.18454121245208258,-0.04409799618418825,-0.030929675989158162,0.7392438922723629,0.5038337472459538,0.503682607572233,0.6205677849188774,0.024988835062842385,0.1637207318833477,0.2991817619133139,-0.21563669104533612,0.3526501255886142,0.3439837085612363,0.7784548304834611,-0.07174590256757984,0.7518501272896416,-0.034952706498337704,0.5712911276679005,0.5206955864580193,0.7427231426297252,0.6270806423351445,0.6929622736473116,0.4625557285809113,0.9161193139640846,0.8166251176684842,0.4844283452091236,0.20567069167363966,0.5168652675195298,0.6796463223260144,0.6306320844913158,0.03630719188126613,0.04580477182285858,-0.4179036480247463,0.0,0.6700758073838319
0.7505503977348225,0.41327874543819776,0.642806634837592,0.31043383233415955,0.48889183064542646,0.745302657062368,0.7121695829429926,0.5175176130870723,0.3306341809470926,0.5933775833766788,0.38657959166674655,0.3860136408189958,0.0,0.34106197052106796,0.48999614307418315,0.520287390189214,0.537298885479971,0.6625541809012833,0.4952314779432109,0.5364693868656036,0.4919058127529613,0.4178398489544524,0.6333428559866596,0.3609157390272043,0.7391963991138881,0.7451587711196919,0.5743079055333729,0.5348475966922368,0.47714142688875844,0.6046095766969228,0.41710428646177655,0.4658157550145975,0.43520280085953333,0.37662158864388773,0.2187365957693378,0.45878805323086025,0.3178086380750411,0.4269067804014227,0.13517556518522855,0.35687406696092594,0.38954723121459545,0.3188827116584738,0.2691925879133054,0.17315099830845296,0.5113781332620244,0.6100514522141327,0.6028807118507364,0.538405142000889,0.0,0.4921404609017732,0.4954570884646785,0.4572964362364675,0.45536356494097796,0.5746519909477348,0.6898043136789127,0.5350157033087758,0.29074805429974393,0.4595934841980975,0.5586513686103357,0.48751637802345077,0.41559591380032024,0.3537261948425076,0.8617971325097615,0.5747889182503754,0.4410490839536619,0.6459257823361295,0.553189820595441,0.5155750095783773,0.5436050828328727,0.8366592152117851,0.5873727491021352,0.5224712356305286,0.47496547119273136,0.45221551565432494,0.5517826165727344,0.48885544105196366
0.4096382297332206,0.27657655377554546,0.6809239649565371,0.4473339189699357,0.4435115116028871,0.5943299143331346,0.35990339565877305,0.5898479330662809,0.7309812334958872,0.7522411202264802,0.5320598210719903,0.5056904152986638,0.34106197052106796,0.0,0.21516840594381975,0.5079997735555005,0.48979687919616444,0.48361422487941513,0.7075418878833222,0.5691034972215768,0.3181231427794904,0.17991978792942798,0.53540673756387,0.5489020474995534,0.23059683145637988,0.46116571600462986,0.6720019229363365,0.4360411476021239,0.582051254178496,0.45495447325168925,0.4108828246260988,0.2713408901427511,0.12397613028816945,0.5673983519387656,0.21465358469243315,0.17148318500478757,0.3562144565328805,0.43431293706609847,0.5937376980436453,0.0,0.6630883588507415,0.6988954923389619,0.6456596747041089,0.4844144453224153,0.0,0.0,0.0,0.26305228772892925,0.0,0.8395730230824997,0.6509824705522265,0.6585140512565603,0.7836534867405325,0.3030666772673438,0.0,0.6119236207704712,0.38409115022462303,0.5110322076483971,0.69386598612643,0.0,0.0,0.0,0.0,0.6562871018187174,0.0,0.0,0.0,0.5890822934325015,0.0,0.0,0.0,0.4376923804521028,0.7277635791801855,0.0,0.0,0.0
0.3081224025892912,0.5051364742223375,0.4497979709756802,0.6603293596411249,0.5826419914506855,0.6674684630459669,0.32275767109806064,0.4107556087841007,0.8022333531566147,0.5263077535739905,0.0,0.4033943994814538,0.48999614307418315,0.21516840594381975,0.0,0.6374531059196896,0.26583802707794113,0.6320327838731061,0.0,0.6957209112196889,0.5001050784088141,0.5269792201356551,0.6367150492151128,0.47384285135146964,0.5929222053399413,0.1780997356818429,0.5818770236017636,0.489154863296627,0.48548730512387966,0.5770866629712099,0.5465868066327294,0.375777359025238,0.5625929604747398,0.40959991296651876,0.3721668684145408,0.43426243198679393,0.3801894324225274,0.3911069804162114,0.32773445697376674,0.8276571120177467,0.5657623756453476,0.4697482576395005,0.17813979479086742,0.41936127114127464,0.0,0.5021335607341737,0.8142757693010435,0.6205030234546188,0.0,0.0,0.5138776370444859,0.8166489922320466,0.6342093160866729,0.6081898925354876,0.0,0.0,0.4460000648651248,0.4115046705900597,0.4747438607758105,0.590233560623826,0.6018605505882304,0.5616966932730131,0.7495106783780898,0.0,0.7919021985223977,0.5408093074054547,0.7508422348788245,0.7433154957681554,0.46438943463622695,0.6230598191020997,0.6057924074123326,0.703871842365257,0.4575002976642756,0.561531702365857,0.5249568244356321,0.49849177915858656
0.9264511160821907,0.8935857160145644,0.41180210677421003,0.27910590112906786,0.5506667792548636,0.5548864113222843,0.4982439505161188,0.605384163206206,0.5585534915700207,0.36055837254366235,0.5049048451619753,0.7171540884012453,0.520287390189214,0.5079997735555005,0.6374531059196896,0.0,0.4480295995544846,0.7418906687793771,0.4562437402345005,0.4816684619987116,0.6894381245236341,0.8118843702185912,0.5581860511536043,0.5792080726194778,1.0865888698240482,0.7888501248424178,0.5399742646319505,0.46060611521427486,0.3992229552326601,0.49431216167330694,0.6227600965899331,0.4823908699452104,0.54801435031238,0.45834706344173043,0.4047777541196219,0.6743423226264302,0.529095663632708,0.7052965542755134,0.7497497042156563,0.6183244589199266,0.5300460149934482,0.6644549569886882,0.46688480759441464,0.0,0.0,0.7526121958452252,0.7934586667602463,0.0,0.0,0.0,0.5481776490109616,0.7342970062043023,0.9252383143414338,0.0,0.623073063434222,0.0,0.6446685603576383,0.7089877974067625,0.0,0.5682688272745189,0.7629006720937032,0.7373269980151169,0.8019638145643553,0.0,0.5238312469029797,0.7399682525294621,0.608684725975964,0.6047607513006271,0.45215115568331476,0.8812893019685168,0.8570650244526956,0.5927132524258627,0.6884851492847957,0.6058373838066371,0.0,0.47824078859541663
0.44426035901811567,0.7126527786160944,0.719145347386138,0.42812705964024445,0.4816659931292193,0.7839839021832622,0.649110693643111,0.5084896893517066,0.662212016195922,0.5696065940471864,0.5313612453929837,0.589486713075023,0.537298885479971,0.48979687919616444,0.26583802707794113,0.4480295995544846,0.0,0.43575088163204323,0.661055407592446,0.3330356287142308,0.4781797152792371,0.22730670837531583,0.6457606561694942,0.5483667334839495,0.737322192457899,0.5864819778727279,0.6865460473091969,0.820209356278806,0.37128323139662833,0.3486274353020553,0.5195352007450896,0.7039660854932147,0.7091788510942814,0.654789150931099,0.5967521166959313,0.5574429459009103,0.35872727206428995,0.4567680799609811,0.5537562320195181,0.5993126722787527,0.6680807046670286,0.5749481377735977,0.0,0.0,0.5710665058201141,0.918814989209626,0.7117234530520332,0.0,0.0,0.0,0.0,0.0,0.0,0.0,0.767168616812667,0.0,0.7120087433730709,0.5659935158549506,0.0,0.5798408166096032,0.5495348247560915,0.619681713930162,0.5845272917188504,0.0,0.0,0.0,0.6515027274523184,0.0,0.5886438984756834,0.6761854381928165,0.6931511893968423,0.0,0.37499769389967086,0.4847735623415368,0.0,0.7819499901162631
0.9291058618476643,0.8811056321754334,0.7601155829255477,0.46429066224528426,0.6859181393746201,0.9511884656572542,0.5306871068454373,0.660185775862111,0.8465159174923236,0.5261835815061731,0.6475021274918066,0.9176954699962983,0.6625541809012833,0.48361422487941513,0.6320327838731061,0.7418906687793771,0.43575088163204323,0.0,0.4989199858227975,0.44287333997346534,0.6257290496753845,0.5735375562049876,0.6662047132485946,0.8546137731830112,0.9513180774682162,0.8443359433402797,0.7466542000210497,0.5796636742295147,0.37649410077080364,0.6780856291471075,0.7138473566808444,0.7037873890704629,0.8515184340500175,0.8305509453347844,0.6551143938252451,0.7982961969765738,0.40809716743883606,0.5963606038245,0.784863400086,0.7768477060947333,0.7088918492194274,0.8320504480708646,0.0,0.0,0.6554681001671602,0.89360801904028,0.819243510784556,0.0,0.0,0.0,0.7142710317187958,0.5274560651133398,0.5875146219307353,0.0,0.763039061230901,0.0,0.6613663792267549,0.7330694459744157,0.0,0.5900126585594047,0.8364485232930539,0.7570754891334237,0.7043954480223238,0.0,0.38101864428053844,0.6611503120392974,0.6316099873496409,0.8252166991708536,0.6362486074108942,0.7757279755861808,0.8490480999368178,0.5746584977841132,0.7117065136890819,0.6524041663836567,0.0,0.8080924326139025
0.0,0.7195587451838801,0.3152755195963155,0.513449889270709,0.2934896141578217,0.8900352659504076,0.3661432564616443,0.7648169059101579,0.32869920659051755,0.4761730311388529,0.32402957548635025,0.3858331628984327,0.4952314779432109,0.7075418878833222,0.0,0.4562437402345005,0.661055407592446,0.4989199858227975,0.0,0.5255506491504922,0.6821493026213477,0.7451107398593194,0.3463487636171918,0.7298494782639955,0.8017652052761659,0.7225184835625844,0.5457293922095756,0.5891175694722898,0.5621828024698692,0.6835070026823364,0.5988075177465819,0.5870197065253024,0.5868935645223126,0.5995403598533833,0.54097296092625,0.5569589249905341,0.5460063222985622,0.47997728240549786,0.5550559875276391,0.4619464189892653,0.4054188444181097,0.2327111998635644,0.8819906990757469,0.34088661838796863,0.010899056350136185,0.0,0.0,0.774501674258457,0.0,0.5354139919148857,0.5088543257347742,0.5548590496309268,0.6212500087178812,0.6727753375516984,0.626174492080336,0.8056091199210121,0.5848118086814528,0.3895158368175485,0.6253404053111917,0.0,0.0,0.0,0.0,0.13716991281039376,0.47863256317886826,0.0,0.49390444324596716,0.5985336677218658,0.0,0.0,0.0,0.5761494608410982,0.5678978783730046,0.34826134465274455,0.4821697803461033,0.5961109028950791
0.5946077567272454,0.3074272846124517,0.4415920252903309,0.4815674794455176,0.45346339825807597,0.4346761712160146,0.39589303214049476,0.422522553473733,0.5075543944139731,0.4924122992248001,0.45732045818203404,0.30725253627836546,0.5364693868656036,0.5691034972215768,0.6957209112196889,0.4816684619987116,0.3330356287142308,0.44287333997346534,0.5255506491504922,0.0,0.6032051500177695,0.528812354109407,0.6109578091422836,0.25792899043183354,0.44376091057659456,0.4806432571897955,0.4607328020329492,0.6890822627904714,0.6041199350306692,0.31746828808771627,0.5551456047643744,0.3314030197625621,0.36860038389549243,0.43828920793375825,0.37438310922064466,0.5141606692964722,0.3346129526403053,0.9965201220103437,0.20281087245363222,0.4984571734422107,0.45665800498999365,0.3996616714379204,-0.2682782207726441,0.14666291978836304,0.3609741057113899,0.5424478813961214,0.560790060434387,0.683731790734702,0.0,0.0,0.4518564473719155,0.3079419654084088,0.6617968396763763,0.36946991009549296,0.7951421123463709,0.0,0.47066536035497414,0.29796930049036896,0.0,0.6087714688381562,0.5814075600013857,0.4648865041993778,0.6676084020163899,0.0,0.5391852468779088,0.5518247116155268,0.5319630781432435,0.5607674694792106,0.0,0.6483434522630511,0.4084359508288995,0.5717334786172751,0.4233119042829561,0.4852092999844183,0.3846005366442137,0.4057522716449117
0.163430518306049,0.5485429900838098,0.7017035079242054,0.4301833666637035,0.5168777479538672,0.5608265033350357,0.4165807878204163,0.2740594094731558,0.4365845572926626,0.7268283996368823,0.4811005397268955,0.637581848793614,0.4919058127529613,0.3181231427794904,0.5001050784088141,0.6894381245236341,0.4781797152792371,0.6257290496753845,0.6821493026213477,0.6032051500177695,0.0,0.477716777437229,0.23528373222378307,0.3373047437430581,0.5309563506795499,0.7805483691520849,0.4654158779905383,0.5395296315482581,0.364548344974267,0.7800094796246786,0.4562059537426355,0.19346233055383857,0.5238859375694708,0.3011162761832324,0.34726277936118277,0.236405608810622,0.5003408639005729,0.4909532534402765,0.6159942691998914,0.8864815903283216,0.5935960415730326,0.48290471129224366,0.6999822572744012,0.0,0.0,0.6599811828831499,0.7264239070688296,0.6687653054218596,0.0,0.0,0.6806948422596201,0.4758644721977295,0.7830230797601165,0.7211799353471037,0.650425076324501,0.0,0.7649239619058549,0.6077562298407919,0.0,0.46391771953113226,0.6262296078656466,0.0,0.6725836190374135,0.0,0.6644517615293701,0.7500973151533944,0.6443363972408307,0.5835896823608813,0.6147084129234726,0.515113978815144,0.6941606741536566,0.6374785812124297,0.6206919158967288,0.6798448883351143,0.6598416485997415,0.5720219619001345
0.6911119659854862,0.492687880479137,0.5009657660444744,0.43068678275055544,0.30509679592292416,0.3650931208528835,0.36698281457979615,0.334763718744764,0.4563050868393642,0.9637171579554069,0.42524474055335043,0.5186670315909686,0.4178398489544524,0.17991978792942798,0.5269792201356551,0.8118843702185912,0.22730670837531583,0.5735375562049876,0.7451107398593194,0.528812354109407,0.477716777437229,0.0,0.7020432135690104,0.5078365639111384,0.8646340537309964,0.6054966448261137,0.3632625160388415,0.6254539642852959,0.4859678177740694,0.39678478507612136,0.6034963856173944,0.40654188483456044,0.5029488931406864,0.49326564039735826,0.4435591018595313,0.3731558280066,0.6034148143467717,0.7042682648003903,0.46623334353247037,0.5124899738912856,0.5657539572479604,0.5726969874458814,0.17076241858218122,0.42100582496162503,0.4264164694071859,0.7601623182364694,0.6190961735019678,0.5358605630669376,0.4807370771883846,0.39754908554785007,0.5580095389304577,0.4510213577521319,0.7942991273634146,0.5637959934064765,0.2709137426134855,0.0,0.6197947985968164,0.42573938929088184,0.0,0.6264639416309332,0.4905409779962232,0.7548310203929127,0.3198876995687863,0.0,0.5072463669876237,0.49079979096595616,0.6138055814808551,0.5724243804282318,0.41033539395609586,0.5623211653919378,0.5523934467394476,0.5603594178440789,0.3984500738465193,0.5339376669558478,0.21253141296102065,0.41744512797035144
0.18904287562202243,0.5873659259524822,0.3194958965968742,0.4194082778252868,0.5740176184607,0.7204622909460978,0.6173814295112793,0.5204470637079951,0.6980051881412404,0.4931511192974719,0.38759190659312515,0.3953846641685439,0.6333428559866596,0.53540673756387,0.6367150492151128,0.5581860511536043,0.6457606561694942,0.6662047132485946,0.3463487636171918,0.6109578091422836,0.23528373222378307,0.7020432135690104,0.0,0.29609019229412886,0.6059724781893757,0.5070816250486373,0.6887417097091079,0.544839291214944,0.4401781552558929,0.5487475146699148,0.5862442573553567,0.4917910038088535,0.33807542580902317,0.4892093082656173,0.47506264357621003,0.3028466884269381,0.5353206108842441,0.3983587984065079,0.4712014981760371,0.537187827714337,0.4510363258984408,0.488811258359085,0.49530513017799965,0.473756114495239,0.41018408903168485,0.471279415660817,0.6263553886969381,0.6216157519415482,0.06141863613730808,0.517279313591038,0.5191421401342811,0.4409719786328262,0.4271392905447535,0.5702715875104558,0.6267906220558288,0.7196531623788873,0.6790373137794099,0.43624901615546696,0.5087159253917376,0.5804422571116217,0.7593190532846466,0.4729260510881578,0.7103808599359223,0.7140822455521348,0.5774041327178369,0.518620092517451,0.5637704325100111,0.579038387808912,0.374271973495642,0.6149212003801567,0.5114169918059335,0.4453907191105851,0.4247309008723758,0.5232815427527049,0.46104880053993935,0.46484525975276747
0.4222398526956123,0.47633964320078986,0.3916783077213136,0.1448405205151012,0.2995393139343005,0.15955532481350906,0.453591449063415,0.2879416658386229,0.5361972600280299,0.6183752564987781,0.38390279031603614,0.4081682857991157,0.3609157390272043,0.5489020474995534,0.47384285135146964,0.5792080726194778,0.5483667334839495,0.8546137731830112,0.7298494782639955,0.25792899043183354,0.3373047437430581,0.5078365639111384,0.29609019229412886,0.0,0.8544335187333372,0.658013102115184,0.10006649175642571,0.5549670557571426,0.1629096375999094,0.5787555992055345,0.8065655931892535,0.2688620192537231,0.14020233355297884,0.32649824123863846,0.37990144502208273,0.2871121726092235,0.4122444029825607,0.404844832474428,0.4475474683128221,0.21832926737985042,-0.04864715955706034,0.03409248107462737,0.6723268476570585,0.8589094046154844,-0.006890472667169245,0.39017511247688746,0.8611135905305392,0.0,0.0,1.447606487941707,0.3365661650916509,1.300447763359832,0.0,-0.0630073669621457,0.5168645032865755,0.6104320260861955,-0.2569837095089428,-0.014846064430083739,0.0,0.3480256494929661,0.8820991091997279,0.44151330107343867,0.4639951636477303,0.48617611379456294,0.3855854724915946,0.4599370813741023,0.42402823111299115,1.1878954617879307,0.38320475379642926,0.5696912040157216,0.574719161917277,0.6089126739709984,0.3101907804181906,0.8135327084878254,0.0,0.2194507835126145
0.741371327147625,0.6971773434711432,0.9214230016496696,0.808913115895014,0.7198371755541705,0.7965980607893628,0.5811867927634689,0.6488923765968349,0.9790109500997353,0.7570277067951683,0.6572761799889658,0.6094897622067983,0.7391963991138881,0.23059683145637988,0.5929222053399413,1.0865888698240482,0.737322192457899,0.9513180774682162,0.8017652052761659,0.44376091057659456,0.5309563506795499,0.8646340537309964,0.6059724781893757,0.8544335187333372,0.0,0.5986776201524405,0.8131431264242273,0.724596634411718,0.41170779144295044,0.541613657796352,0.8981125868873141,0.5560751860017596,0.8706356909245523,0.7266591041571258,0.6276638564554546,0.6776086460185835,0.6319445235409227,0.6740247302453657,0.9639062968284641,0.8877543856409356,0.8060221114781871,0.8383168007553702,0.21738159915741698,0.0,0.5749163729912616,0.9443316746649562,0.9132118413469354,0.0,0.0,0.0,0.7017920978336825,0.6200544564660013,0.6561705450865332,0.7622945796612977,0.822891313405731,0.4639391825524517,0.8080326120195704,0.6274195802456738,0.0,0.5448282753523125,0.8600174749197486,0.77651034455666,0.7992362902749373,0.0,0.6552079221487431,0.6970259305804446,0.8508627569568029,0.5507266098099077,0.9049820431135656,0.8635464598165894,0.9049748947933995,0.4675268519989615,0.8412895065624546,0.4766586546655413,0.0,0.844599627980512
0.7463480455832744,0.6291109056935895,0.8835730769301242,0.5651266673273626,0.6836620253529007,0.7775806819970454,0.6013019249074233,0.6196589050870678,0.991396898853575,0.5734161195333731,0.7041678884931104,0.6976832930921459,0.7451587711196919,0.46116571600462986,0.1780997356818429,0.7888501248424178,0.5864819778727279,0.8443359433402797,0.7225184835625844,0.4806432571897955,0.7805483691520849,0.6054966448261137,0.5070816250486373,0.658013102115184,0.5986776201524405,0.0,0.6031356956443259,0.8096411409279543,0.407657643336096,0.252699951526483,0.6501723317500347,0.5718701996488332,0.8535385574325705,0.6167533435541153,0.4540003161066841,0.3053998623409205,0.44509221816233857,0.6875395308217502,0.7152004129039913,0.9166716537074265,0.7943628659123827,0.5423335555593233,0.3544595795124218,0.5087657485966132,0.559993629440859,0.7475451151053025,0.8345517348660343,0.8298749184240631,0.0,0.003300432757623666,0.6589759209650639,0.48433395655788203,0.5633994509647045,0.6811825160497427,0.8223738880292617,0.0,0.8543278591835242,0.7418395680919856,0.0,0.612813052974958,0.8363104112156667,0.7386640290176751,0.8009621711879709,0.0,0.630429923681953,0.6458003496896834,0.7656447625781576,0.4553632757186806,0.7833952389542171,0.8889763865996355,0.7579868037994865,0.5191905505466609,0.6783174017007914,0.6097110373009018,0.4748552705116724,0.8340255833416692
0.3352122064980175,0.4322000089379005,0.40896903965141645,0.5597462654475871,0.5997426519387985,0.8249955325898979,0.5703550377478999,0.5964604106510416,0.6972315773556632,0.521537414990328,0.4655209715513887,0.3325152792488696,0.5743079055333729,0.6720019229363365,0.5818770236017636,0.5399742646319505,0.6865460473091969,0.7466542000210497,0.5457293922095756,0.4607328020329492,0.4654158779905383,0.3632625160388415,0.6887417097091079,0.10006649175642571,0.8131431264242273,0.6031356956443259,0.0,0.5628170318968132,0.5348595494956554,0.47659070303604595,0.4844258501529325,0.40672858556783276,0.29921394221844577,0.45074265737894664,0.37908613374583777,0.34953152705227675,0.532200824306936,0.34265131964288575,0.3909790624318871,0.568157893695358,0.5154235096339063,0.4403979196525102,0.42631662648374047,0.43836573842153215,0.2909294533921378,0.34485622712440556,0.5788094935608064,0.5754232128069413,0.5281050275522139,0.5974273291149563,0.5567381380643556,0.4981353576220784,0.5665252017086697,0.6117753861329968,0.7034072236087641,0.6931782928761019,0.2090613218536664,0.4790605720522072,0.5735509306808636,0.5479055443495753,0.7302734859155948,0.0,0.47153587695174826,0.7117581514801441,0.5577419340574469,0.5755848803873378,0.5547433696386945,0.48912815998219716,0.0,0.6195172455354314,0.5189106049045339,0.5238215423546879,0.4565900973733109,0.4887397125527549,0.3634484003971178,0.4927759340906974
0.6602740754316767,0.42754937718385044,0.7373151297997275,0.2923257015999034,0.4750073706604875,0.8576591256711927,0.5306328415038118,0.5115541051828981,0.6847170714841577,0.7247601450063688,0.4765371065140419,0.475330870220382,0.5348475966922368,0.4360411476021239,0.489154863296627,0.46060611521427486,0.820209356278806,0.5796636742295147,0.5891175694722898,0.6890822627904714,0.5395296315482581,0.6254539642852959,0.544839291214944,0.5549670557571426,0.724596634411718,0.8096411409279543,0.5628170318968132,0.0,0.5628293779121037,0.7152961545125018,0.7017378231159042,0.6420187067798091,0.6461798757767809,0.6812286705374112,0.9457573381512692,0.41793766818592093,0.35420702227254447,0.7025935851957461,0.26333013881908873,0.6337292533051347,0.4392882053191564,0.32921257420248773,0.4058564794735962,0.2660561778477877,0.7208292127921845,0.655641011864547,0.40378495776918855,0.48180472240946215,0.0,0.5782138175925275,0.49687087113860834,0.44969881220175867,0.5304764917164562,0.49157032357124086,0.6699642724785925,0.5280444690828245,0.3913164243960058,0.4459436553208477,0.3937344350229125,0.5546284964119566,0.15940480367763277,0.3469687478067231,0.6119062839319764,0.6897388954341954,0.6712410971190794,0.7731904325841018,0.3087429078823323,0.5478472803628494,0.44368443298777227,1.0867495302525194,0.5640499862470737,0.5692799327393013,0.491581351520221,0.4800588734413411,0.3408296045860799,0.4965193338132611
0.5091729889462456,0.31503194105503357,0.5866445480392304,0.28492171383904824,0.5370141366833819,0.4948901701515648,0.4657792894360672,0.36828473353314684,0.6577638107441245,0.5032781890256097,0.40702545364804443,-0.11155608774230491,0.47714142688875844,0.582051254178496,0.48548730512387966,0.3992229552326601,0.37128323139662833,0.37649410077080364,0.5621828024698692,0.6041199350306692,0.364548344974267,0.4859678177740694,0.4401781552558929,0.1629096375999094,0.41170779144295044,0.407657643336096,0.5348595494956554,0.5628293779121037,0.0,0.5710475862416138,0.5868074534576826,0.1652939615650482,0.2717526826912784,0.48707729430756996,0.33309907294852226,0.14146261900848806,0.25033420844589205,-0.17193544301625452,0.30650654324892157,0.49482769072345917,0.4677966726040342,0.37070241316615815,-0.06673432388708611,0.15430726387775662,0.3599282364119545,0.3931229009268507,0.4175263403035724,0.40706086023265253,0.4621614196389099,0.2382672166310154,0.48781053471230923,0.360097556572596,0.5481721669333137,0.4233479534252519,0.49540656831000524,0.5720385696832327,0.7233659647112198,0.33319407201167206,0.5577446792776755,0.5311340762866231,0.5351851746933035,0.4825494058480979,0.6990532097990283,0.48384590911413283,0.5592879594891463,0.5652843749685739,0.3920009684269049,0.5220666127142668,0.5010059499524995,0.6670156867846703,0.34927843485668286,0.5506973282124275,0.42465568821253524,0.451612209835656,0.3204251829422292,0.44290078135093247
