0.0,0.023981096984564076,-0.012993981107852381,0.0,0.00942747401533306,0.0038653541833095773,-0.019984990322191698,-0.04620650993622899,0.004704510049513777,0.02505162231203134,-0.004888249900632413,0.014521375054879937,0.00526851599622663,-0.01736306036380253,-0.025825747778341956,0.022116395650399967,0.002152190434497492,0.03825215997143283,0.0,-0.007554174582923623,-0.051820176368734316,0.008091433675387616,-0.05483574110261924,-0.029592782843086862,0.030320634310055994,0.0035122919331127544,-0.03852147511136783,0.007773987177026542,-0.014073575830359508,-0.03219084682757911,0.004656150525906566,-0.004093606505771674,0.0359869108794742,0.021868907003040505,-0.020656773644103787,0.005044091403203166,6.472483067282431e-05,-0.017260166879168592,-0.0010486991208655816,0.019451429666820064,-0.03566913454136317,0.008860061735900593,-5.1344541412867706e-05,0.0,-0.017548205438009334,-0.022307295755059908,0.015441522081530934,0.0,0.0,0.0,0.020780917938945653,1.1102230246251565e-16,-0.019865409276941748,0.0,0.028042131697026462,0.0,0.0007972327839053661,0.0033353490951594233,0.0,0.016974047467216313,0.0069351965367616675,0.013360908717877595,-0.006657868148252588,0.0,-0.01027851545960734,0.020156207724691677,0.00422712882839954,0.04297051650078909,-0.018022897809609473,0.0006718213991340205,0.0036408145140003345,0.009974584424025601,-7.406684853356049e-05,-0.001967575905100216,0.0,-0.020185668910319365
0.023981096984564076,0.0,-0.016517920166034317,0.00010235966287835963,-0.03878231201461646,-0.026799936058287566,-0.03502005677923248,-0.01567473884987597,-0.018693248339722524,0.080443086211551,0.002112965561659963,0.010101781157633993,-0.025833411181426902,-0.00815581835169682,-0.014893807472403542,0.02759508537090688,0.013018765548170608,0.02840416716783095,0.008660818276256033,-0.031061416960402266,-0.011279481965431881,-0.020150175357832478,-0.015106543820942786,-0.002195048378835829,0.022163665738070104,0.01487193023327732,-0.02128998022046502,-0.019393545746940577,-0.02508187720845656,-0.015598885203772339,-0.009456290944403645,-0.013393390526217519,0.008003273094187524,-0.006560337707968877,-0.01617469621454337,0.0013481001274255888,-0.000712250479546428,0.0,0.017314189164003735,0.02133279681683914,0.011912171106210623,0.0010557336363689607,0.0047021589219714,0.0,2.220446049250313e-16,0.018503605719911553,0.01663710844671379,-9.1461856363384e-05,0.0,0.0,0.0007136254847532886,-0.007369678119496514,0.010230373596029907,0.009429948917292486,0.011989151342279014,0.0,0.0005129194225182987,0.005543410173618479,0.0,0.00200690404782633,0.021750713000175115,0.006964080958362429,0.028850862469371963,0.0,-0.0023431317256728534,-0.009455181327852225,0.0037243679528967677,-0.015025061832170616,-0.01362276784237293,0.02624852478542994,0.013667407723582159,-0.00689639088891153,-0.010187777445778923,-0.010939854572289076,-1.1102230246251565e-16,0.0055492251889688315
-0.012993981107852381,-0.016517920166034317,0.0,-0.03136983426052942,-0.014166373019223355,0.03173096089313471,-0.011937960639232137,0.0003375635552095857,-0.019030319383596617,-0.004691935027401506,-0.018503848479864804,-0.022550181617947807,-0.0022210282053333197,0.0016223766097449022,-0.005102348221160624,-0.012632533955811986,0.004662839816265363,0.02199744606476489,-0.03355838542803799,-0.004919003190418825,0.028818114153493946,-0.01751256786691824,-0.039788354196024056,-0.017062199342353535,0.06513043219923431,0.03653400784755301,-0.015128678697633957,0.007987183484173543,-0.01209066020106414,0.014440514215466327,0.01185821221712402,8.271108506230362e-05,0.03264060488297971,0.0032443044004571986,-0.004524961259422311,-0.0030589741102768353,-0.0036695658987835333,-0.0021954460965531997,-0.0029106394694320414,1.0515585970316543e-06,0.014134694041451623,-0.009702608404637492,0.0221178960874438,-0.016963562775989316,0.0,0.0,9.017179625175897e-05,0.06345555505917783,-1.1532121243051918e-05,-0.005756352753101712,-0.016865358086515125,-0.024470749504304834,-0.013270210097952595,0.006243844555584577,0.0014109160799295473,0.034902081301873666,0.0034374128949906657,-0.026450331833495877,0.019592713953475616,-2.6376486962964574e-05,0.0,0.0,0.0,-0.06992432911793967,0.006302546684646526,-0.00209249231580505,-0.00015228874514200408,-0.009909196209604954,0.0,6.570717301429552e-05,0.00019206803878102363,-0.0077926233166202286,-0.007376844426163043,0.001401271662557102,0.0055268643311152665,-0.0015026742381519798
0.0,0.00010235966287835963,-0.03136983426052942,0.0,0.0284381363008116,-0.002695539547923953,0.01841045753331788,-0.03635905044638427,-0.011315159548180354,-0.03957631671798306,-0.02323370129308433,-0.03622169680460979,-0.023081601214313963,-0.0026073335888535665,0.0028895047161620613,-9.885091345324115e-05,-0.006354020151705053,-5.2513693887534796e-05,-0.013658775579069471,-0.015286085357876733,-0.0005651440537354224,-0.017884429690045278,-0.02451818535007022,-0.024220703820432565,0.0005692636631427495,-0.0008418407223473867,-0.010696384874380294,-0.02106050550598168,-0.02301962925848766,0.0014292037988883344,-0.013044446261296805,-0.018044543843486638,0.04476354070114863,-0.027651420040785524,-0.014285541765982124,0.00515679512779238,0.005654283767088791,-0.025126933325548773,-0.025509097789467583,0.0012226887002103615,-0.005148812916701273,-0.012153436108321758,-0.0264289145042777,0.009095104457797265,0.0,0.0,0.0,-5.370932925946592e-05,0.0,0.0,0.014767927196643937,2.220446049250313e-16,0.00012018458116908048,-0.0005773259109592144,5.551115123125783e-17,0.006506588393482615,-0.0068919431229801376,-0.00013764763588719475,0.0,0.0,0.0,0.0,0.0,0.0,0.0,0.0,0.0001059666530702219,-0.005677605429684984,0.0,0.0,0.0,-0.03362292618908436,0.0003046255573698753,0.0022157428396174517,0.0,0.0
0.00942747401533306,-0.03878231201461646,-0.014166373019223355,0.0284381363008116,0.0,0.0016632102291509465,-0.009233036417223561,0.010031808815454568,-0.00615200467641569,-0.008139005017228584,-0.012683424730780823,-0.0229259944829191,-0.02076169590704069,-0.0009933300412836576,-0.0028867157592247783,-0.017105119706578797,-0.019736148562181588,0.021586755476826314,-0.041926721872819095,-0.02322481867879389,-0.01878765517360098,-0.040418917265801935,0.0008555145201654124,-0.03015005143383853,0.0205458191292906,0.01303793230593947,0.0006170795289127673,-0.011530240807496761,-0.013497639523683047,-0.03001334410489298,-0.004879912730518687,-0.023978166887048236,-0.009369805878271853,-0.02225742074408721,-0.01428934002432064,0.009045402393304258,-0.00341570834240823,-0.02312461411215494,0.0258176897291561,-0.003925979717593953,0.060713516780346866,-0.0069433191436867325,0.016066674580375473,-0.03020683499287774,0.00033970362487628636,1.1102230246251565e-16,0.0005059745816602401,0.00043478825026488366,0.0,0.009846971043111719,-0.004430445866740684,-0.015619591626839402,0.002625443227956159,-0.00550688319461734,5.551115123125783e-17,0.034101559906541234,0.0029388180367506678,-0.019471250296974885,0.01352621065248577,-0.0027156186104618785,-2.4077950833922834e-05,0.0,-5.551115123125783e-17,0.014233324015482884,0.002037225225563599,0.00011059430175108798,0.00736209683442135,-0.014214133523648087,0.0,3.371423825282438e-05,0.0007010177206872026,-0.02093704401440727,-0.010856422555369616,-0.03665640210594284,1.1102230246251565e-16,-0.01490999128407855
0.0038653541833095773,-0.026799936058287566,0.03173096089313471,-0.002695539547923953,0.0016632102291509465,0.0,0.010903668154813029,0.0007269470914428866,-0.014503713439141863,0.014829992228784561,-0.011861078932454583,-0.0031231732531493694,0.014625804364211514,0.0042610111953567675,5.981356306866692e-05,-0.01020984145404158,0.03298530743273875,0.05127049082177837,0.03796923088648951,-0.016837939771698895,-0.010141294808458434,-0.021466425805768463,0.013507519142256452,-0.037669318888140846,0.028747010032172005,0.014660785873410243,0.020960603661318744,0.029762174309659883,0.0016617812465583581,0.020639730587683425,0.030922837382321322,0.002456804087783926,-0.008842977804499552,0.014916982958560865,0.014652670402775902,-0.012287514418299728,-0.005013341774216362,-0.004252489891677924,-0.030525007301399842,0.07453848821049519,-0.01566156340580971,-0.02630953848425821,-0.02353247536035047,-0.04919659955315775,-0.019176394003011132,-0.00722743712468088,-0.016484392013940363,-0.0163050451989174,0.001733024298886332,-0.01741699733371571,-0.013704764555583893,-0.024984848156386463,-0.005890773294360552,-0.006778000733790646,0.002225385379838518,0.009992702998108505,-0.0004964643494610455,-0.025700601813223867,0.008672776546775007,-0.003029729160319572,0.0015660332072427452,0.0,-0.011723727080900304,0.0027802861527246314,-0.007219271072409106,0.017725439903663875,0.0006946634089843862,-0.01729590342136922,8.909951049995701e-05,0.007097019403199345,-0.011977391894409994,-0.020244820930375274,-0.02221138131417194,-0.02072098673458539,-0.02337338226785135,-0.01759027380055822
-0.019984990322191698,-0.03502005677923248,-0.011937960639232137,0.01841045753331788,-0.009233036417223561,0.010903668154813029,0.0,-0.00873476094622283,-0.015906286929000313,0.004066433292168936,-0.03538969997469299,-0.017197071643636264,0.0017848318322923884,-0.013912293043812196,-0.0348019366205819,-0.021701710860670353,-0.0014226762288079287,-0.012611669709204743,-0.04150535942633177,-0.02610469965404999,-0.017257756837506133,-0.03188023883288921,-0.0005397098321747729,-0.007964218178994509,-0.004827073880166899,-0.010690648022074145,-0.0003772976327972022,-0.0027289243125437346,-0.019735750309255506,-0.003763559776472858,-0.005853389954390775,-0.017362323110148792,-0.02321594335718119,-0.012916585423438043,-0.019189910249362063,0.012818203880723744,0.0090169726800447,-0.0014746979486477407,-0.007168775049288534,0.0038191282024803708,0.06307753584152004,-0.027621289056630804,0.02384274689130156,-0.0680559795597716,-0.026456974927738797,0.0,-0.004156571412925081,-0.019750874738281188,0.0,-0.014450624826038094,-0.013824806291651281,-0.028721456168407433,-0.021357280701616632,-0.016361785745478863,-0.005723308578863051,0.012511163794124924,-0.011112004333824033,-0.023520550879340463,0.009921923137998556,-0.019131111460268524,0.002970330576772817,0.0,7.289274553451408e-05,-0.01748057897670907,-0.0016139533558585106,0.010534483266912642,-0.003487235136905187,-0.015081885824473118,0.0001620035242035911,-0.0012064552662971462,-0.0089899285635468,-0.016771893456073217,-0.013336512704601844,-0.026276533802964575,0.00390767845087403,-0.01283979888337261
-0.04620650993622899,-0.01567473884987597,0.0003375635552095857,-0.03635905044638427,0.010031808815454568,0.0007269470914428866,-0.00873476094622283,0.0,0.029005998622631812,0.011755733414454683,0.027425536122411387,0.002481073920212795,-0.017042490700740154,-0.027026926285888042,-0.033592161006890275,-0.015597054185684966,-0.0017769059546690613,0.003701068886485581,0.030142751142794244,-0.018038565074484092,-0.03985227579523337,-0.03778557862863263,-0.012568053921849787,-0.025445358683736374,0.0037176280167092735,-0.0010747633476637097,-0.006432346291599167,-0.01409186190730044,-0.02350085015477671,-0.016892658361371382,-0.005196421580437038,-0.01778577745202753,0.025286861940011007,-0.008780385079183217,-0.016051268563443855,0.018716678402649845,-0.09570292934678498,0.014061049334160747,-0.028050213736783625,-0.016382508031227982,-0.013693051490503427,0.0034027264413671876,0.02865570630498493,-0.01903378776103959,0.0,-0.01957976384807869,-0.00465128157518796,-0.049338791320698405,0.0,-0.02276992047755827,-0.02548592966713137,-0.03950911655849537,-0.09088800080161796,-0.03356627802470702,0.021771659974444524,0.008482312691078187,1.4692731850063367e-06,-0.03259767667860075,0.03808870581161333,-0.060494007182057274,0.007904678443840907,0.0,-0.0003756833125890813,-0.020679780580918572,-0.004062842130427902,0.022337062522414797,-0.018396655199700962,-0.04729101911009881,-5.551115123125783e-17,-0.04537455869545387,-0.024764748073357046,-0.04811163406640345,-0.023772103206276485,-0.012117162016545835,-0.0009738418664529958,-0.020697135334948658
0.004704510049513777,-0.018693248339722524,-0.019030319383596617,-0.011315159548180354,-0.00615200467641569,-0.014503713439141863,-0.015906286929000313,0.029005998622631812,0.0,-0.005721591825264383,0.0039407884515548774,-0.01194472659409157,-0.04697702309404128,0.025860125414661206,0.004164363615988043,-0.01009396768329096,0.0028754329428376524,0.03518427015388753,-0.012613864636412453,-0.014032803313052122,-0.012376595789255596,-0.01770756377382815,0.009670823417337437,-0.014695916232765727,0.07340342171865144,0.05851398966123089,0.021679983865965757,0.002349695615757652,0.021662507109362183,0.018447362664182343,0.005721294408341682,0.0008367554936207777,-0.0025843945810494207,-0.001654798561144255,-0.0012369490178334996,-0.005111125148557494,-0.00675942095048343,-0.00977399935305745,-0.048960683064799504,0.002582309768518476,0.027910203701958958,-0.022588927343584808,0.026800887111670002,-0.0481431602030144,-0.010200851075105821,-5.551115123125783e-17,0.009474336569542219,0.0043139302433513604,5.54008511804982e-06,-0.00512833938593793,-0.007515670412668984,-0.020365660698831944,0.004932220022391798,-0.012001379084430552,0.020153900139911973,0.01829218266797672,-0.014893694476929453,-0.02313207609742296,-0.003558308898722662,-0.00024124283073445607,-0.002917572214065356,0.0,0.0,0.005374613421602059,0.004529425351837479,0.000491329636051141,0.011634439192823642,-0.004841288802500232,6.818361612381807e-05,-0.018003954110990594,-0.008933446679346924,-0.007809368801910188,-0.016479885481102352,-0.027181827553905136,0.0013098378424809543,-0.013526090968241311
0.02505162231203134,0.080443086211551,-0.004691935027401506,-0.03957631671798306,-0.008139005017228584,0.014829992228784561,0.004066433292168936,0.011755733414454683,-0.005721591825264383,0.0,-0.018331240593349507,-0.0011786075712301725,-0.004653833608794733,0.03736527784874866,-0.0008115817285339055,-0.016508597962248406,-0.013221992085918677,-0.0060393993671130075,-0.021950735865217397,-0.0015340506395485898,0.007492477019119925,0.06242629980920966,-0.008477646127328098,0.009780385378970247,0.0016450997822087254,-0.014192799319850957,-0.0029210457043176152,0.006837207892525843,-0.006388854397103461,-0.005273951455541714,-0.0059029150429052435,-0.00985197116688935,-0.005655988376380816,0.030464449662235382,0.008587556845218003,-0.01167105884969677,0.0152854534454262,0.008160480484845412,-0.020711110309966307,0.032120268148522924,0.02654705328996304,0.1343562757455729,-0.03414088372742985,-0.003212320840908889,0.02378047671737593,-0.008797855173041769,0.024424234338482675,0.0006053011825760679,3.1457370774368165e-05,0.0003182593161575875,-0.018965096201648324,0.008227369874167723,0.0021345348966117506,-0.007153944111323529,0.028730020098712672,-0.0047378056696054105,0.015259848585240043,0.014733868200990652,0.0,0.000583394041455243,0.016152125900955383,0.020106275694104503,0.0012749125112735404,-1.0340202619307792e-05,0.00016800216359291742,-0.00573144236907025,0.006985026538881833,-0.024700905591398925,0.006377437061715285,0.020426057247730944,0.01339280679877164,-0.009311893120066916,0.022267143848937188,0.0006540431637316324,-5.551115123125783e-17,0.018852236304632286
-0.004888249900632413,0.002112965561659963,-0.018503848479864804,-0.02323370129308433,-0.012683424730780823,-0.011861078932454583,-0.03538969997469299,0.027425536122411387,0.0039407884515548774,-0.018331240593349507,0.0,-0.01842696352826978,-0.03376483390315066,-0.00572852097052573,0.0,0.0001330825022638482,-0.008725571989341985,0.0012128750542132472,-0.027185800988234532,-5.6047624082455894e-05,-0.0029487914541846405,0.0017664763852039411,-0.025201182318813353,-0.025051409363363142,0.004291748761909575,0.006408219025989703,-0.018498123765398444,-0.018394892279361197,-0.004534186731716794,-0.002740077301988275,-0.01753194378313544,-0.013728532059287424,-0.04147396260775249,-0.023496528848903242,-0.024421172154884208,-0.03161229356353523,-0.01813614781881706,-0.0279086287889162,-0.005516506025133094,-0.0003574056625431088,-0.008010247951873162,-0.004525993209190726,0.01599421283363439,0.0012850793858972254,-0.0005392865033041483,0.0,1.1102230246251565e-16,-0.14557539269302489,1.072769899079784e-06,0.044622834139144585,-0.008040292480266276,0.0011073000918147557,0.022516973207101332,0.027827752938235473,0.008243574510702234,-0.05991615780915191,-0.04504575580647119,-0.0018266462906594283,0.009969677403408594,5.551115123125783e-17,0.0,0.0,0.0,-0.1062539267405882,0.004437741136328721,0.0,-0.00012711932345338406,-0.008834049376448938,5.551115123125783e-17,0.0,0.00032635709122641465,-0.011924806798772947,0.005838421966450569,-0.012187422705195794,0.0,0.002308585004504038
0.014521375054879937,0.010101781157633993,-0.022550181617947807,-0.03622169680460979,-0.0229259944829191,-0.0031231732531493694,-0.017197071643636264,0.002481073920212795,-0.01194472659409157,-0.0011786075712301725,-0.01842696352826978,0.0,-0.017959110697761016,-0.019789924683010718,-0.00570188644566999,0.0047667910388738965,-0.016377291606088473,0.02047395709505806,-0.0318048019426217,-0.019670972018469124,0.0007104731069957904,0.008825697230085583,-0.015356826554746017,-0.006866255626539974,-0.007163027484454687,0.028777772872064622,-0.026688964035803675,-0.009997248336320985,-0.0893426710087491,-0.04664068739785826,-0.004617236812078485,-0.04377295659052441,0.016091331108904317,-0.02484443884180898,-0.016462938375218672,-0.05928311077674214,-0.011354464846676515,-0.013851144802374593,-0.05753912544381459,-0.024284229623506348,-0.11534115400103526,-0.0335845793637955,-0.06731161451533654,-0.04303012603651882,0.06598143617406838,-0.008888842578975098,0.0006250084238548226,0.006509303829142665,-0.01973880382964674,-0.019125393010210323,-0.009440152564551052,-0.08841029446181453,-0.0005963255796748168,-0.00978652596141788,0.022749187487081157,-0.03502158061580707,0.01026994224581601,-0.08559737221155916,-6.77799558928549e-05,-8.919352384328949e-05,0.026789737746182984,0.008450327694887405,0.00635264082379311,0.0008886157830290675,0.004878593365517103,0.0058308582094163675,-0.0015583492651099484,-0.034342094645323507,0.0011244889714780992,0.01094527653039834,0.0013650058999618575,-0.045178843601026863,-0.08982861634827938,-0.07851925425917056,0.0,-0.0034852507989238113
0.00526851599622663,-0.025833411181426902,-0.0022210282053333197,-0.023081601214313963,-0.02076169590704069,0.014625804364211514,0.0017848318322923884,-0.017042490700740154,-0.04697702309404128,-0.004653833608794733,-0.03376483390315066,-0.017959110697761016,0.0,-0.03612153456034767,-0.019215797060576523,-0.021341121768887028,-0.007634271653256697,-0.0030464814398939444,-0.022468088061814828,-0.015227081391467556,-0.015760113519918684,-0.0254959938338995,-0.005867883235438853,-0.013424843030244937,0.005171844938574699,0.005426249019084506,-0.00854364792682738,-0.012437386380171223,-0.02256375639173297,0.001977247100345969,-0.013630141628567238,-0.015072619664438569,-0.012170629921859133,-0.01946774417654007,-0.03189767673601679,-0.01924094330311571,-0.023910911657630818,-0.012609848726659878,-0.06372244093565815,-0.019064310884045976,-0.017641830618931376,-0.0423193821916657,-0.04733847624382359,-0.05983869346718396,-0.0008525117495569723,-0.004429715818268842,-0.009971654274739172,-0.02866599419059468,0.0,-0.03287899474586958,-0.024162227763767363,-0.03568798211956842,-0.025138255969853918,-0.02563776950465213,0.01693681593146623,-0.004656417171627292,-0.03764552228497736,-0.03430586405574365,0.011692586282384676,-0.019250181629433816,-0.014002427699599973,-0.009983441837612739,0.03412501558455089,-0.02329385495502334,-0.030023310733369613,-0.003420512584847213,-0.014332884108327282,-0.02431561839942742,0.0012267637304026469,0.020392568222929452,0.00023366739734975717,-0.023359179153567278,-0.028562892540428597,-0.026070823154830558,0.002540980921662772,-0.018631078687612546
-0.01736306036380253,-0.00815581835169682,0.0016223766097449022,-0.0026073335888535665,-0.0009933300412836576,0.0042610111953567675,-0.013912293043812196,-0.027026926285888042,0.025860125414661206,0.03736527784874866,-0.00572852097052573,-0.019789924683010718,-0.03612153456034767,0.0,-0.020936689247119722,-0.0003461196188747073,-0.00014414912784455058,0.00012279985338553567,0.010581822625575,0.00711795340665905,-0.0307353488901293,-0.005354872568011537,-0.01588710200658855,-0.012158963567493575,-0.022784781207601135,-0.0048230983188994325,0.0022868094213547296,-0.00653368316148023,0.035862676437799224,-0.010128675968213263,-0.024658961868812668,-0.02316223514042756,-0.051545509645569476,-0.01973373109352594,-0.037079379716232375,-0.029000445757290105,0.0069012704438987105,0.010519180427907782,-0.005979401117449656,0.0,0.002651723020830443,6.853537381446007e-05,0.008566696924653783,-3.0879668209693456e-06,0.0,0.0,0.0,-0.048197770671635054,0.0,0.05369947153247612,0.023476252147448917,0.018087385028984104,0.03504717889769837,-0.030689212841532587,0.0,0.01169787398774913,-0.0002906064179882262,-0.012443076133836162,0.03321852158869798,1.1102230246251565e-16,0.0,0.0,0.0,0.026608478588306395,0.0,-1.1102230246251565e-16,0.0,-0.003672735690476936,0.0,0.0,5.551115123125783e-17,-0.017144559384916047,-0.0008806513583136111,1.1102230246251565e-16,0.0,5.551115123125783e-17
-0.025825747778341956,-0.014893807472403542,-0.005102348221160624,0.0028895047161620613,-0.0028867157592247783,5.981356306866692e-05,-0.0348019366205819,-0.033592161006890275,0.004164363615988043,-0.0008115817285339055,0.0,-0.00570188644566999,-0.019215797060576523,-0.020936689247119722,0.0,-0.0035835833859678146,-0.0203235329083446,0.00791651127948817,-1.1102230246251565e-16,0.004433676419747012,-0.009244640453432318,-0.014801978138442418,-0.004558428004055148,-0.006864125555396838,0.003908108504009522,-0.05818556821603804,-0.0070516687425083435,-0.006492124574045632,-0.013415143081904723,0.00811526372985577,-0.013443004542868953,-0.018349595263204677,-0.008246213203274233,-0.02426527120130484,-0.03049362068360434,-0.035072085845740675,-0.017270401584280892,8.469060065491307e-05,-0.021222561934758077,0.025061925374715577,-0.0012020495045931834,-0.0068386554866604055,-0.05652565604162679,-0.0057590871588362735,0.0,-0.020063753431071307,0.017715556152545442,0.005943645173091372,0.0,0.0,-0.002718271326380084,0.008425252495997071,0.0074716693560527014,0.0026068987986874737,-5.551115123125783e-17,0.0,-0.009363575961341242,-0.025967985622875778,-1.7585442254719474e-05,-0.01821448927520314,-0.0060523316999912535,0.0006146945384768454,-0.0017364205326370619,0.0,0.005966820065615164,-0.013511854926707478,-0.00348963315560169,-0.00426484341347616,-0.00011452843269477153,-0.000210884572382386,-0.0004360711641174797,0.006697006300202202,-0.015215809285335058,-0.002176528787618315,-3.9400745617923505e-05,-0.0047773088469584835
0.022116395650399967,0.02759508537090688,-0.012632533955811986,-9.885091345324115e-05,-0.017105119706578797,-0.01020984145404158,-0.021701710860670353,-0.015597054185684966,-0.01009396768329096,-0.016508597962248406,0.0001330825022638482,0.0047667910388738965,-0.021341121768887028,-0.0003461196188747073,-0.0035835833859678146,0.0,-0.0125677532107209,0.0047110418661874265,-0.0001249025531325776,-0.014790797068912842,-0.0008528627961929547,0.013352416724123461,-0.02208646458283975,-0.008322003238693865,0.05705945017235309,0.01202005137406531,-0.017083800275513483,-0.021240900678368146,-0.025562126483918535,-0.011427443147379424,-0.0031916237551319893,-0.01082865286807283,0.005036100981671565,-0.003664083751897085,-0.023262874268107137,0.003982648798685762,0.0026202547643329743,0.021392037310179024,0.008439797227623336,0.008959026160622663,-0.008331011944521738,0.00625433426237465,2.2930074958904534e-05,0.0,0.0,0.016341352972829792,0.0108951778133069,0.0,0.0,0.0,-0.006199760054625414,0.007331190720439806,0.008032891834358069,0.0,0.010920380141095698,0.0,0.014840092083856116,0.006651402052079203,0.0,-0.009096236457685425,0.01377110695867001,0.03145502355578844,0.019807470782700176,0.0,-0.008488412662999545,0.008396769814661365,-0.003926227533259163,-0.0058759566141105,-0.003412704106790121,0.022885827030267814,0.01631027104366195,-0.007980954598664103,0.010707742792690156,-0.004228460790940136,-1.1102230246251565e-16,-0.004233748716603258
0.002152190434497492,0.013018765548170608,0.004662839816265363,-0.006354020151705053,-0.019736148562181588,0.03298530743273875,-0.0014226762288079287,-0.0017769059546690613,0.0028754329428376524,-0.013221992085918677,-0.008725571989341985,-0.016377291606088473,-0.007634271653256697,-0.00014414912784455058,-0.0203235329083446,-0.0125677532107209,0.0,-0.032652659851852006,-0.006380980481259679,-0.021179257252198713,-0.009670739792484784,-0.05237512363560304,0.008272362353469953,-0.0118756840457237,0.011838264541529975,-0.0005352461213896098,0.01997434114805563,0.006660608187248396,-0.007916400130185408,-0.013238490320648832,-0.015682891264810206,0.00521100132320973,0.004897545624321542,0.0015180011226113566,0.003121266146178192,-0.010183830806280825,6.35844786722739e-05,0.0012055908544600369,0.0009553230343983254,0.026667143529204962,0.028349710715861065,-0.004839366526679545,-5.551115123125783e-17,0.0,0.015602100714989353,0.02541861180259064,0.019621479264470665,0.0,0.0,0.0,0.0,0.0,0.0,0.0,0.03315317554392927,0.0,0.028912270289008335,0.007789038981098062,0.0,-0.0002561487195736345,0.020274679463595957,0.010341858673146631,0.009900585532099992,0.0,1.1102230246251565e-16,0.0,0.011769715672601988,0.0,-0.005485984175306657,0.011999003336097602,0.010148293476782089,0.0,-0.006347323471016575,0.00013818966556716772,0.0,0.0256138710049153
0.03825215997143283,0.02840416716783095,0.02199744606476489,-5.2513693887534796e-05,0.021586755476826314,0.05127049082177837,-0.012611669709204743,0.003701068886485581,0.03518427015388753,-0.0060393993671130075,0.0012128750542132472,0.02047395709505806,-0.0030464814398939444,0.00012279985338553567,0.00791651127948817,0.0047110418661874265,-0.032652659851852006,0.0,-0.011280423215572322,-0.015278839206180228,-0.0034155914682232336,-0.0028077375097174673,0.0009034636903805238,0.03013693192699246,0.03303017894423471,0.02810265384347238,0.008056387426736034,-0.002503547837658382,-0.02165440513257455,0.010858648216186872,0.0115317590009823,0.007451653478712017,0.025540122127453158,0.014525837320954582,0.014358677902221229,0.025603910376406414,0.00010597211794344252,0.028090344802719214,0.014546708607138581,0.03712112209762525,0.025025893403957333,0.03145611330521941,0.0,0.0,0.01470698485675781,0.029708530779491427,0.020947007600555845,0.0,0.0,0.0,0.01328949895604531,0.00044691844059630004,-0.0004269569365316084,0.0,0.026929025101476822,0.0,0.012403675825352345,0.008272528617694341,0.0,-0.00781819830078423,0.027641478897941496,0.024916612148236206,0.017351405860119073,0.0,-0.01415316117373977,-0.007039336570067833,0.0033654857809674033,0.0025683773672064425,0.001294349188092736,0.02245946163646617,0.022889817930384027,0.00013856080934326886,0.0027651153140528795,0.006394484753470042,0.0,0.019449590588965726
0.0,0.008660818276256033,-0.03355838542803799,-0.013658775579069471,-0.041926721872819095,0.03796923088648951,-0.04150535942633177,0.030142751142794244,-0.012613864636412453,-0.021950735865217397,-0.027185800988234532,-0.0318048019426217,-0.022468088061814828,0.010581822625575,-1.1102230246251565e-16,-0.0001249025531325776,-0.006380980481259679,-0.011280423215572322,0.0,0.0002516572194662947,0.006560369023494883,0.007394840212014975,-0.039156777996893266,0.012377959260238047,0.016755587665820415,0.009103395701591077,-0.005833645522158315,-0.012847819962516105,0.0006634476527709321,0.001113278288487729,-0.00631950471546433,-0.010065772882715818,0.005697890734373712,-0.00821079998234625,-0.00328052724946698,-0.019206868728524673,-0.0024029963164938217,-0.010055248968478592,-0.01816290392474562,-9.533855449261885e-05,-0.005594210660118504,-0.01845991198318947,0.04435711025917616,-0.027555274573203004,-0.0005531630352001993,0.0,0.0,0.03737109275763112,-5.551115123125783e-17,0.011351087771375168,-0.015778962314908274,-0.014270170489478096,0.0011050204084791515,-0.0018943240391714466,-8.748218626092319e-05,0.08784811748850357,-0.00018521210194050175,-0.03152399427254449,0.0266890823863265,2.220446049250313e-16,0.0,0.0,0.0,-0.19736036727122697,0.00011895452692550768,0.0,0.00012523819861504082,-0.011575634834097626,0.0,0.0,-5.551115123125783e-17,-0.014332414116553949,-0.011095619155617853,-0.015116442867688484,0.0004101026613159142,-0.0024872538242730613
-0.007554174582923623,-0.031061416960402266,-0.004919003190418825,-0.015286085357876733,-0.02322481867879389,-0.016837939771698895,-0.02610469965404999,-0.018038565074484092,-0.014032803313052122,-0.0015340506395485898,-5.6047624082455894e-05,-0.019670972018469124,-0.015227081391467556,0.00711795340665905,0.004433676419747012,-0.014790797068912842,-0.021179257252198713,-0.015278839206180228,0.0002516572194662947,0.0,-0.0028059487021038776,-0.007253803832362071,-0.003931544760408134,-0.0475495082485623,-0.02241546200332495,-0.017586634835533188,-0.023697725194266273,0.005461828319023199,-0.004945547929673111,-0.057826041685578644,-0.009556811953175759,-0.024060105952022737,-0.01966506722627559,-0.02379815005239405,-0.031875006858743504,-0.03387445807282319,-0.023649679660084966,0.044581407459546196,-0.04158886688544,-0.008320463957707247,-0.020321923026147326,-0.015908606041365403,-0.11317918562431095,-0.02008939258621545,6.67008567042382e-05,-0.010995771610792238,-0.00523227076046312,0.0076392346160223945,0.0,0.0,-0.013870320185131124,-0.038974135466645576,0.0007946042009993604,-0.024518009797076135,0.0006397797566226049,1.1102230246251565e-16,-0.00506924355626498,-0.045363653406635285,-1.1102230246251565e-16,-0.008312204426985381,0.00774580866660507,-3.647680053370239e-05,0.006262269761111328,0.0,-0.011354824758497917,-0.00455300394338648,-0.011370109844123621,-0.00932425488633215,0.0,0.007435343421167917,-0.015116551024096203,-0.004310366162755208,-0.017096148672378964,-0.015432209783693918,-0.019563274444818646,-0.022975953036158625
-0.051820176368734316,-0.011279481965431881,0.028818114153493946,-0.0005651440537354224,-0.01878765517360098,-0.010141294808458434,-0.017257756837506133,-0.03985227579523337,-0.012376595789255596,0.007492477019119925,-0.0029487914541846405,0.0007104731069957904,-0.015760113519918684,-0.0307353488901293,-0.009244640453432318,-0.0008528627961929547,-0.009670739792484784,-0.0034155914682232336,0.006560369023494883,-0.0028059487021038776,0.0,-0.01276918095020313,-0.047653936048152934,-0.025066602923428494,-0.003038680505121072,0.0110149875195526,-0.024266569666566207,-0.00032027047523236485,-0.021655302102935647,0.028164092349539316,-0.020286747996238585,-0.030887800566694712,0.0018131800879021553,-0.029464450825989308,-0.032150342768249296,-0.06934678254580867,0.003384171816260606,-0.010360363128543049,0.006550349864281491,0.04312229143815233,0.015686996422256183,-0.0018385353129427573,0.011978504612210061,0.0,0.0,0.017529261840017685,0.011326203372125532,0.0033387042839398418,0.0,0.0,0.01273792100825022,-0.005001312445087669,0.029723732406397474,0.011845475032346231,-0.008196079667785905,0.0,-5.23593406936973e-05,-0.001054109754192012,5.551115123125783e-17,-0.022735562200336457,0.0015175969326144956,0.0,0.0029500841622960294,0.0,0.0020553637294815075,0.02530789083795526,-0.004971848318104766,-0.004415214293445102,0.002821511053268999,0.0006209947243978053,-0.005500337333824934,0.008334981546041953,0.0013287828714188543,0.005244236490042908,0.019482115574640413,0.025097325240622304
0.008091433675387616,-0.020150175357832478,-0.01751256786691824,-0.017884429690045278,-0.040418917265801935,-0.021466425805768463,-0.03188023883288921,-0.03778557862863263,-0.01770756377382815,0.06242629980920966,0.0017664763852039411,0.008825697230085583,-0.0254959938338995,-0.005354872568011537,-0.014801978138442418,0.013352416724123461,-0.05237512363560304,-0.0028077375097174673,0.007394840212014975,-0.007253803832362071,-0.01276918095020313,0.0,-0.012423256694138296,0.010989685253725623,0.018431099443359522,-0.008691776003486917,-0.02608953268988634,-0.005490035229474832,-0.01088718175478931,-0.05154265273182007,-0.009024980430356933,-0.02500977564215129,-0.005476313472959793,-0.02225190772835689,-0.02917252829928474,-0.043863123771870904,-0.018172760895053097,0.02715474453566319,-0.00858598443714359,-0.0056936467850965955,0.003224196807448898,0.004592776212846539,-0.04546440064556795,0.002636617039144251,0.00026664538690124306,0.013973906790933244,-0.004320327320515516,-0.00777630440869892,9.670019097129945e-06,-4.3682073901096796e-05,-0.010303980881760821,-0.024406946210609737,0.02055304133248359,-0.013942765222859865,-0.018127279774037053,0.0,0.0010731125806207054,-0.024659837999039202,0.0,-0.008617021986936535,-0.011293354795901156,0.017787438825635493,-0.02173340514189398,0.0,-0.01072007022438315,-0.017955665207610383,-0.004636912248796643,-0.008721221244155863,-0.02051720629106396,0.0051861794815072915,-0.008095478741945383,-0.006811933655035185,-0.02522589393342517,-0.008665516941237406,-0.02076638968902972,-0.015635069780743416
-0.05483574110261924,-0.015106543820942786,-0.039788354196024056,-0.02451818535007022,0.0008555145201654124,0.013507519142256452,-0.0005397098321747729,-0.012568053921849787,0.009670823417337437,-0.008477646127328098,-0.025201182318813353,-0.015356826554746017,-0.005867883235438853,-0.01588710200658855,-0.004558428004055148,-0.02208646458283975,0.008272362353469953,0.0009034636903805238,-0.039156777996893266,-0.003931544760408134,-0.047653936048152934,-0.012423256694138296,0.0,-0.03271185709783464,-0.0020654116779817433,-0.01589237731756521,0.013623001039825833,-0.006867383568545438,-0.022707540962710437,-0.008812024900130278,-0.007078970186889244,-0.016316255177166672,-0.03590955016707437,-0.01928953210933093,-0.01883267969505059,-0.05304836446954597,-0.012342953108650079,-0.004848730428911541,-0.0241169915903528,-0.013372640977935446,-0.024063069622074273,-0.019643577756718877,-0.03190691523079231,-0.035112937602434335,-0.009684607784768817,-0.012515453474494675,-0.01389841626757704,-0.018208513431532625,-0.04247712276495813,-0.028449623456537454,-0.020882040168922256,-0.034045444302646666,-0.048692082788189595,-0.02620611461540967,-0.0014346115753088862,0.012982698260174397,0.02974209868334965,-0.03079265163810796,-0.02708882400549334,-0.017352998243473472,0.006579987777514507,8.873385139868128e-05,0.005517494773635001,0.02120991830944552,-0.013323755253292213,-0.023913102218591775,-0.015977448028362373,-0.03919163170264084,0.0003419625963277384,-0.00823823387226802,-0.02220456285716793,-0.02604676353284019,-0.026591566267342548,-0.019775471975738923,-0.024994607788169032,-0.024133562353917948
-0.029592782843086862,-0.002195048378835829,-0.017062199342353535,-0.024220703820432565,-0.03015005143383853,-0.037669318888140846,-0.007964218178994509,-0.025445358683736374,-0.014695916232765727,0.009780385378970247,-0.025051409363363142,-0.006866255626539974,-0.013424843030244937,-0.012158963567493575,-0.006864125555396838,-0.008322003238693865,-0.0118756840457237,0.03013693192699246,0.012377959260238047,-0.0475495082485623,-0.025066602923428494,0.010989685253725623,-0.03271185709783464,0.0,0.03579012182262681,0.02138611217812797,-0.05588187728166849,0.003472914548697359,-0.07101818459044512,-0.011326294839547724,0.009846781250462067,-0.0268466534547096,-0.039318010456907304,-0.008246930730335666,-0.01320402457618175,-0.0231401788218234,0.01225221342909949,0.001989828306149022,-0.06045227297612432,-0.07105044881763167,-0.10403161398126706,-0.1166618507845954,0.007494238038480261,0.013442552728875345,-0.08134304719564284,-0.03553952905185165,0.0373464618068618,0.0,-5.551115123125783e-17,0.037210730504238454,-0.012222921180082391,0.030620517260272262,-1.6653345369377348e-16,-0.015706216071055545,-0.007278863747552655,0.003966019467215198,-0.1315695989761707,-0.057453717877892996,0.0,-0.0012516299958497124,0.04296664152070201,-0.014313675066476073,-0.01575340664001129,4.271069676137218e-05,-0.0008349924046150425,-0.00446733445476899,-0.004530012049708487,0.02172332312427594,-0.020084047829231344,-0.0062328573073483495,-0.011748299153095998,0.004827167220520179,-0.039700455237988264,0.0023012654915001707,0.0,-0.07399004439895407
0.030320634310055994,0.022163665738070104,0.06513043219923431,0.0005692636631427495,0.0205458191292906,0.028747010032172005,-0.004827073880166899,0.0037176280167092735,0.07340342171865144,0.0016450997822087254,0.004291748761909575,-0.007163027484454687,0.005171844938574699,-0.022784781207601135,0.003908108504009522,0.05705945017235309,0.011838264541529975,0.03303017894423471,0.016755587665820415,-0.02241546200332495,-0.003038680505121072,0.018431099443359522,-0.0020654116779817433,0.03579012182262681,0.0,0.02083823591168893,0.01881564455065371,0.009351980213170963,-0.01715050976231014,0.00496093862482444,0.02902269238345595,0.011669884667170394,0.026815184906851086,0.02086202876554033,0.010349266812556268,0.025749829383202083,0.002054729058382998,0.023204251946917276,0.03421381981039917,0.045098562477876025,0.030286129776193382,0.02754260249634416,0.0010128642789459796,-5.551115123125783e-17,0.027082840559262022,0.03590359720893921,0.03328230396160137,5.551115123125783e-17,0.0,2.220446049250313e-16,0.01029772069762852,0.005073109744482052,-0.0030565813763872574,0.019356152271054694,0.03995561820406385,-0.0004271913277214545,0.028090820111982162,0.019848252622346796,0.0,-0.008827639165364887,0.03304550350663943,0.03160664545948627,0.024748107646541284,0.0,0.0026384969092535515,0.013392226471193869,0.02844001847777239,-0.002704134816575887,0.03675715278820735,0.029868360747466238,0.03003208895062448,-0.00606137049730382,0.024578403958914086,-0.0004211845644465084,0.0,0.02461811016364246
0.0035122919331127544,0.01487193023327732,0.03653400784755301,-0.0008418407223473867,0.01303793230593947,0.014660785873410243,-0.010690648022074145,-0.0010747633476637097,0.05851398966123089,-0.014192799319850957,0.006408219025989703,0.028777772872064622,0.005426249019084506,-0.0048230983188994325,-0.05818556821603804,0.01202005137406531,-0.0005352461213896098,0.02810265384347238,0.009103395701591077,-0.017586634835533188,0.0110149875195526,-0.008691776003486917,-0.01589237731756521,0.02138611217812797,0.02083823591168893,0.0,-0.013260155769432846,0.011587039812516353,-0.030270319132821744,-0.025565141470295982,0.006207917606150526,-0.008975343408904823,0.02245237746407308,0.004616696658925612,-0.019035117316798522,-0.03301354098522691,-0.008732011112364435,0.02752712563269638,0.012034919073019568,0.03755503070873384,0.014068062240521928,0.008186629568161408,0.018016456178696183,-7.752609795763643e-05,0.014903507376278435,0.012800549485540325,0.014476766082694048,0.007736388037312969,0.0,-4.4688594061592646e-05,-0.0028124006356588516,-0.01189042569987464,0.004502517781682258,0.009241020106414533,0.03440927040422309,0.0,0.02433957519384783,0.006969694262996651,0.0,-0.006841347050211,0.02320258269395714,0.02517458550214674,0.024051247757504113,0.0,0.001770785864467106,-0.01875245834061645,0.001422973397669891,-0.023424889620071554,0.02231060609703689,0.027806374842339165,0.01254087683382804,-0.020155778242482603,0.011942816383781363,-0.010042204108085317,-0.0005268452372163557,0.024054256249695705
