0.0,-0.03127499017991303,-0.013842692663169565,0.0,-0.008442230318869759,-0.027392078544699883,0.009640106420672478,-0.020433379417534314,-0.015365026868832288,-0.04703853520720719,-0.017448808672790028,-0.026744027202706022,-0.0015651866256104485,-0.02989591298169275,-0.028683136675683285,-0.030884222340931855,-0.00791241105390833,-0.017448463578369933,0.0,-0.03318559513559066,-0.028068581434292805,-0.04461973646074896,-0.023716919931960123,-0.046616069457529274,-0.007968104579939628,-0.04041065382423875,-0.037086507730402285,0.02085060057548055,-0.009670310061993093,-0.009812474417472905,-0.0552001442509521,-0.037688533022280424,-0.03781368129333684,-0.045165398804866974,-0.033603291121088896,0.0005101014974414064,0.00029338521951954855,0.030544349709242136,-0.0376085436969929,-0.0056387339622634425,0.022564648005950927,-0.035417563129396756,-1.9070963019507392e-05,0.0,-0.014085072677830213,-0.09155865661514234,-0.006806132723706393,0.0,0.0,0.0,-0.02178661051250058,1.1102230246251565e-16,-0.024138593544258624,0.0,-0.05631020700691325,0.0,-0.0367119987738474,-0.0014583616839569102,0.0,-0.013200761219474277,-0.003572844655350127,-0.014972696693419885,-0.007012260154566463,0.0,-0.01599275625968566,-0.09001870077711827,-0.004962256308671642,-0.016773847013628607,-0.06012900877590621,-0.018204941143176945,-0.039811911748192486,-0.012139152822424948,-0.0001562312732317772,-0.004689075970653822,0.0,0.0033377765019933503
-0.03127499017991303,0.0,-0.013301327542178498,-0.024031798195356446,0.004559705905077649,0.0013809221354740275,-9.560885916992667e-05,-0.028616962674206048,0.007744421931511092,-0.036493026817316865,-0.009916476696872512,-0.019884228975592833,-0.0036678943732615377,-0.0076889774396061705,-0.0258927747743683,-0.015444987866128801,0.02626067180955599,-0.0253533862533874,-0.017119865154158476,-0.04477960645003737,-0.020687269482863202,-0.03490971575951218,-0.01708858795618967,-0.03546453177931036,-0.022008276812430172,-0.029672307947232746,-0.02690934284776003,0.0004830711975801205,-0.020378535318631652,-0.02726933665898995,-0.029975593337842832,-0.02609164834383637,-0.0136433603736133,-0.019256175420386934,-0.022524348729694443,-0.016434412437585144,-0.0009597314311250438,0.0,-0.022297919799986965,-0.0023709204942304885,1.630655835122008e-05,-0.020263589610156174,-0.009986129799542331,0.0,2.220446049250313e-16,-0.037414717621421456,-0.005453893957608147,-3.387365381718466e-05,0.0,0.0,-0.005467569197701194,0.006739129715492065,-0.005037275638809624,-0.015023838760583774,-0.0013211901737939513,0.0,-0.022033070812198297,0.0037668864817511083,0.0,-0.031186093150620042,-0.000194083720049254,-0.019568856626557496,0.013342262796443738,0.0,-0.008613827939105423,-0.014968029168633878,-0.006647219574501595,-0.024377144990501254,-0.01344639859804092,0.004967359063605958,-0.02902640354356978,-0.01301465610125735,-0.0034208381796378418,-0.010231287360899732,-1.1102230246251565e-16,-0.007897691363431825
-0.013842692663169565,-0.013301327542178498,0.0,-0.040124770302998214,-0.06520004904364052,-0.030866178438098302,-0.048115044698466836,-0.0942448764695254,-0.07218820226820041,-0.03430063355062801,-0.099991951996251,-0.026956111948090333,-0.03569099435969575,-0.0861636544430826,-0.04454555472217159,-0.004956981460167209,-0.014224965032001713,-0.02675683693356329,-0.10429599090205532,-0.020708713573559356,-0.041951619186200384,-0.01672706398802981,-0.09200240591944492,-0.05903185413026607,0.001543987336858621,-0.021479565136023338,-0.018433009531723277,-0.03446031123929011,-0.0024778886700239644,-0.01917240660964825,-0.03683199208961785,-0.02450130339066775,0.02243060735447755,-0.020487057189652602,0.008702240184273846,-0.07141094300960243,-0.027415094460388367,-0.027157691074450874,-0.03782613600768847,3.9058163858740613e-07,-0.02510168842953553,-0.06821154806938129,-0.04026821444075923,-0.055859119826887516,0.0,0.0,7.318184976512487e-06,-0.10201816335551378,-4.283389270165472e-06,-0.024912960382603933,-0.03982610484616611,-0.02472326655375079,-0.05682532177724231,-0.03115086155914293,0.0008729256943244557,-0.15936998973400596,-0.0301820788956082,-0.024510805552837023,-0.047871122217790496,-9.549923953017236e-05,0.0,0.0,0.0,-0.17053419393213112,-0.019845100271955407,0.006707532056830501,-0.00021159619014793352,-0.04525036738383714,0.0,6.924870687624596e-05,-0.03242273883620633,-0.04805950010317328,-0.0384649228218758,-0.005403077920690336,-0.009453760886923734,-0.028712743735708757
0.0,-0.024031798195356446,-0.040124770302998214,0.0,0.03216711169956077,-0.004131685716618483,0.05407934135071285,0.00440052165591881,-0.022661962847273953,0.05995539861406057,-0.05120618261283222,0.004197870096395995,0.021225975632936045,-0.012137126062410852,-0.009920600397945567,-0.01402928868087816,-0.005069081031032041,0.026985120911429794,-0.04055751328535373,-0.01053615575465261,2.724165139539325e-05,-0.030281142681406692,-0.021842218165064764,0.007173428797073,0.005441952978412767,-0.038690827038593,-0.015535351494214533,-0.0044388290677662146,-0.0026793033002092126,0.005392073701135425,-0.04445805671903924,0.015134113735364774,-0.03146825884474064,0.0339588929997961,0.05321649320346822,0.027720628038853112,0.023016722993790928,-0.011430763269513755,0.051107734280666006,0.00048789409379007553,-0.002287114838269877,-0.03349892581843267,-0.006437766595397687,0.005330481870891357,0.0,0.0,0.0,-0.0004156595627335391,0.0,0.0,-0.015923397350611046,2.220446049250313e-16,4.4640299434461905e-05,-0.00029362217306905247,5.551115123125783e-17,-0.011328050838186665,0.002662449378453391,-0.0002488024360711716,0.0,0.0,0.0,0.0,0.0,0.0,0.0,0.0,3.935931778525914e-05,-0.019322455204424493,0.0,0.0,0.0,-0.021860907303230925,0.000946553122279703,0.0023834317149957207,0.0,0.0
-0.008442230318869759,0.004559705905077649,-0.06520004904364052,0.03216711169956077,0.0,-0.03345328861975366,-0.0257783907103048,-0.03184461907830727,-0.06072138408095157,-0.02875997788458312,-0.0563876697325178,-0.01470603935167647,-0.04289933687305586,0.013394564250114926,-0.01894176158022043,0.007601284563716337,-0.06998540545966636,-0.033785684111412084,-0.0681856467176607,-0.03249291075473987,-0.006255760610568484,-0.02317395684132073,-0.0363226256941831,-0.024592682468153215,-0.020367732132132332,-0.023840420405912277,-0.03249481284202349,-0.00839647247243247,-0.01005826348802391,-0.021082242681375096,-0.03453512919414842,0.006010117105159085,-0.008150533566756824,-0.01995887359181464,0.02436682219811437,0.044379176975273715,0.02641666016254579,-0.0006899956405564955,0.02319954013645259,0.012747272284000633,0.04562781644004871,0.009764821352524822,0.030810357929314414,0.03880600134132567,0.00012617651437424326,1.1102230246251565e-16,0.0003995899141284176,-0.034589733131213996,0.0,0.018071523801958034,-0.01856124820279853,-0.0050684315829075954,-0.031007567674463554,-0.013713530968034515,5.551115123125783e-17,0.005536870243091685,-0.014512570821439807,-0.0030825548537617986,-0.024091190619275782,-0.007479325305717599,-2.3829476940795402e-05,0.0,-5.551115123125783e-17,-0.010968972899503993,-0.017418845048223552,0.00014467808975954233,0.003435963568540923,-0.023200958222220402,0.0,1.2522518913538061e-05,0.013443496733694216,-0.018262559169528958,-0.01722659519521752,-0.010427531715413274,1.1102230246251565e-16,-0.03309779420266584
-0.027392078544699883,0.0013809221354740275,-0.030866178438098302,-0.004131685716618483,-0.03345328861975366,0.0,-0.028797555431835375,-0.025495580740044044,-0.031231621949387167,-0.03821801852743256,-0.0472737360723377,-0.0006558036903605569,-0.028369065592006804,-0.019655061502293236,-0.040028953688198254,-0.0030845540557100093,-0.024689519613435074,-0.016420343049436847,-0.050673509738849876,-0.027506527513840695,-0.006442061936973165,-0.026534913233533408,-0.04590174771525085,-0.02648818417511123,-0.004771239161606933,-0.002543439105626044,-0.03243359603000112,-0.020698384186314145,-0.012636430548872812,-0.029014902199220483,-0.023892062001157677,-0.00900887377517301,0.0018932149316780444,-0.018838513625819397,-0.007199247915534113,-0.0192769229040739,-0.0075402564498470714,-0.0191607232767102,-0.02042789374580606,0.018380331942700445,-0.031201785616626676,-0.0017361190536838156,-0.006466894323996719,-0.04418761512975289,-0.017748480805735156,0.013109358889724754,0.007317615625472562,-0.03381475113986543,-0.009294110642878939,-0.006231236292215558,-0.01947159525393244,-0.011848323857165277,-0.02859750271202638,-0.022134190941112797,-0.05012694338232471,-0.017810484793795434,-0.003492942384574149,-0.008381944068744485,-0.029048360776195326,-0.012720984983107864,0.008035717116326613,0.0,0.005901546238919031,-0.03640516043676545,-0.01767020670151037,-0.026845528036146482,-0.013734127234285909,-0.01902098143113684,3.3094335308958556e-05,-0.0015273182213603742,-0.000555893596464796,-0.012142134099953239,-0.013160195535512731,-0.006079460845984708,-0.011008576964600558,-0.03223904370057812
0.009640106420672478,-9.560885916992667e-05,-0.048115044698466836,0.05407934135071285,-0.0257783907103048,-0.028797555431835375,0.0,-0.03898559111719763,-0.05321396093027064,-0.008859678937936766,-0.05890188058668416,-0.0017026851832026013,-0.023160451930561488,-0.016722553109435156,-0.016926421808050263,0.00047062143087395203,-0.032728186006611315,-0.024233145063784267,-0.05555680154510295,-0.03576976176198976,-0.027437129153447315,-0.02293736846976424,-0.043843003515839196,-0.013016641582584032,-0.02040558274414772,-0.017544735048400262,-0.03180152285094329,0.00794882374295608,-0.01670174235315708,-0.021793556204197984,-0.022622707484368842,0.00013449600938364448,0.022875880589489028,0.0010201449000801777,0.046219742322544444,0.010343833474401654,-0.010960596466358163,-0.013255746122478818,0.002259499272200982,-0.015649677428804853,0.028020008778748218,0.062239497960547396,0.00343214081174098,-0.028381201227966946,-0.019169413660454937,0.0,0.001677112729200847,-0.03222737426989608,0.0,-0.014779921429065201,-0.030293104004098292,-0.020896563845060223,-0.041648067041157255,-0.017659676535552116,-0.01032805632105871,-0.011004952586836814,-0.0008367108448147365,-0.021526828558444844,0.0025704700608473185,-0.02126745052000667,-0.0035881670539823496,0.0,-0.00965211459372628,-0.01962887917538081,-0.008177172662024224,-0.01886240509792042,-0.004965074791922486,-0.03030878522594982,6.0173158316412234e-05,-0.004031808506502033,-0.0058995396223534,-0.02012568275768034,-0.022198889450622483,-0.02066022136344603,-0.015841085756857054,-0.030736084009562903
-0.020433379417534314,-0.028616962674206048,-0.0942448764695254,0.00440052165591881,-0.03184461907830727,-0.025495580740044044,-0.03898559111719763,0.0,-0.05477685510399993,-0.024129425551835004,-0.05576416741466855,-0.00679518959297809,-0.04793335208343186,-0.010327102213248118,-0.027228779583495955,-0.03117250183042658,-0.002594163310019326,-0.02650091627612311,-0.05848345426894358,-0.022832831005007936,-0.021544027117724907,-0.030738612780388974,-0.03419371149744138,-0.026603413652341312,-0.019804902932269053,-0.031669584753375446,-0.054702157237138616,-0.03609976039953949,-0.021401587949514245,-0.02815274909176907,-0.03670134236350764,0.005509952880791591,-0.008617464243876216,-0.021486169999463067,-0.0028781217113503788,0.0004410255818329545,0.07157678277881452,-0.02851186737679301,-0.015180188023539598,-0.007180759532386227,-0.020084097724343886,-0.019139681106279394,0.014745296604561808,-0.0043398575965620245,0.0,-0.02378672894363737,-0.03171236975120406,-0.05214590928742524,0.0,-0.008571328834459657,-0.032116533734097896,-0.00038157462509252893,-0.08933520586275845,-0.01568421958886579,-7.836208960837476e-05,-0.03174020747141981,8.486652140582418e-05,-0.013120064765288542,-0.011730865736898022,-0.031752878148792796,-0.024118863936145818,0.0,-0.000242493512481734,-0.024228555899774795,-0.0294708569749611,-0.10331294823288045,-0.04056638036618604,-0.04440551178121399,-5.551115123125783e-17,-0.012938917553109774,-0.01780468054791573,-0.02974962812389237,-0.028608952954530364,-0.03966189677465015,-0.009644631268804216,-0.031921700890992
-0.015365026868832288,0.007744421931511092,-0.07218820226820041,-0.022661962847273953,-0.06072138408095157,-0.031231621949387167,-0.05321396093027064,-0.05477685510399993,0.0,-0.0380752017238688,-0.08441737616421979,-0.01943865885912177,-0.04312970481117623,-0.05055224434112632,0.005842754782027559,-0.0074537672405458055,-0.03421489432617947,-0.039192635638410356,-0.08699506474860272,-0.02267691178796999,-0.009618683339067846,-0.018921330571923634,-0.0451093957646837,-0.0230994349564822,-0.015931206531174635,-0.0022889924751490764,-0.030099969779042557,-0.029061902719724475,-0.018625054589642587,-0.020364082073151935,-0.03166672166881457,-0.015005904728613406,-0.01682348248908294,-0.022741093396504486,-0.011554436287783687,-0.04675982326565181,-0.02464596599570701,-0.03445014394753376,-0.04410514881089528,0.002594046756776436,0.01008523959642088,0.00254748029373425,-0.010136105068177859,-0.03738220448955992,-0.022672226060703016,-5.551115123125783e-17,-0.010843208058334441,-0.046181754796539964,2.0577602897198233e-06,-0.0037634327306459436,-0.01986747351108853,-0.013668054420240328,-0.04024097482291267,-0.03268172344085396,-0.04255765881414547,-0.014986320951720256,-0.014143478330829184,-0.014299713614686183,-0.01884993801066459,-0.015771724827546685,0.003357683794443178,0.0,0.0,-0.035590465100487134,-0.010894056070317737,-0.006126832256497128,0.0027933654343691994,-0.031009586084644658,2.5325520218111297e-05,-0.015424873789880056,0.009781255512620879,-0.026207078323325583,-0.02262161464289736,0.012290084858704198,-0.029549518047125245,-0.020334732456224303
-0.04703853520720719,-0.036493026817316865,-0.03430063355062801,0.05995539861406057,-0.02875997788458312,-0.03821801852743256,-0.008859678937936766,-0.024129425551835004,-0.0380752017238688,0.0,-0.04302126612264917,0.0002961909961888831,-0.02118812635872014,0.0009649929630861642,-0.06773230715939121,-0.0177936298623379,-0.03442766810922154,-0.036210313145372264,-0.045227421089348185,-0.02446935384292348,-0.06205055557562805,-0.05033154612422902,-0.06301197393231284,-0.02256964815838053,-0.035420902068373894,-0.05837417584926141,-0.02601275036761319,-0.028458309231640888,-0.004804594167936105,-0.054887578482467,-0.02447508862181147,0.002901170343273085,-0.02931983830791457,-0.02056420128751485,-0.04024541904727952,0.032048969631378266,-0.002938173317604098,0.008935800256170912,-0.013980061499745344,0.02949493733301828,0.03476173757394507,-0.027888084788373124,-0.0450731472691045,0.0030528110673953557,0.01101153939638394,-0.02319088671521019,0.007709088022966659,0.00022482772561471798,1.1684247988641427e-05,0.00038725337229600365,-0.025638626124100616,0.006687666785321678,-0.002466403505895831,-0.02254742179623148,-0.001821896034925441,-0.0040774873882724605,-0.006389982483935519,0.005390690887538796,0.0,0.0004181306918074612,-0.008213318766489952,-0.023871120342305152,-0.027876465043110366,-3.840673542754303e-06,6.240123995493452e-05,-0.0027182574534586057,0.006190998276385529,-0.03204053727042583,-0.023609114365443717,-0.028034557973100283,-0.03159725345704395,-0.013734859619697726,0.02100073813192388,-0.03780981480175821,-5.551115123125783e-17,0.005215411820353177
-0.017448808672790028,-0.009916476696872512,-0.099991951996251,-0.05120618261283222,-0.0563876697325178,-0.0472737360723377,-0.05890188058668416,-0.05576416741466855,-0.08441737616421979,-0.04302126612264917,0.0,-0.023601595999750202,-0.055591420703619054,-0.031751079031847984,0.0,0.00010752174566724948,-0.04263242458844474,-0.035075444858458704,-0.09436909772687152,-5.2501526000392484e-05,-0.00132639231567383,0.0026319109877901425,-0.060942540765700104,-0.03118125697860613,-0.032184146787875956,-0.03198621462811918,-0.03596018865014877,-0.045004115054644744,-0.028136008142993496,-0.0017082800313005797,-0.06235981349301811,-0.0236522315495849,-0.023084639475019986,-0.04379376441352811,-0.018141044423450936,-0.047247425528916975,-0.04697973234195274,-0.043882328211546306,-0.02984706308893803,-0.01114788705328229,-0.04642334478807136,-0.019630002824305104,-0.00581015330339979,-0.035487788287314304,-0.005556097899408585,0.0,1.1102230246251565e-16,-0.08834392659310486,3.984601772422103e-07,-0.03727690921203425,-0.01931568431783004,-0.0005091153402259629,-0.022734503661351657,-0.021616057502659658,-0.0345593823761306,-0.09933118567421159,-0.00899348528868904,-0.023700731814290887,-0.01663724094814628,5.551115123125783e-17,0.0,0.0,0.0,-0.1265246148281614,-0.013697601494196354,0.0,-0.00010983182895979438,-0.023679511027847766,5.551115123125783e-17,0.0,0.00016105528305909722,-0.04584140958412092,-0.03339827040807569,-0.011353249646155139,0.0,-0.052320965461470303
-0.026744027202706022,-0.019884228975592833,-0.026956111948090333,0.004197870096395995,-0.01470603935167647,-0.0006558036903605569,-0.0017026851832026013,-0.00679518959297809,-0.01943865885912177,0.0002961909961888831,-0.023601595999750202,0.0,-0.006732939306673069,-0.05113834193563538,0.016118182172923323,0.049705062122729404,-0.0401238005771577,-0.02005639080197935,-0.03560398939121051,0.011844586582662686,-0.02739041364537359,-0.07559654855853376,-0.00030956882228788674,-0.01685052127722947,-0.028053446616158106,-0.03028380175520662,-0.00577759895685781,-0.009387444085704078,0.007275636033283517,-0.04537350466073492,-0.02213142325301609,-0.020615191935977717,0.01594440215335774,-0.004555954375424054,-0.025282709176293328,0.03291985334318248,0.020853248338307317,0.015896203724811986,-0.05819716940850911,0.030707877423510666,0.02041152616150088,-0.042511207325131584,0.00664808195857719,0.00604846754509486,0.013269055966446841,-0.005823919938598543,-0.002608249406651497,-0.008013310929128215,-0.004693133744190475,-0.006130742877168083,-0.009514849003700476,0.032125633385121755,-0.00025393692785830035,-0.014996025033918114,-0.002148226430854272,-0.003059645603415706,-0.0018930440560822048,-0.008390853077851923,-2.517558822662247e-05,-3.312925479492801e-05,-0.02304746967500365,-0.013646386828286783,-0.018726732342098318,0.005435297550103746,-0.004540787165562166,0.007738520106824909,-0.005795672008829078,-0.044767031716858585,-0.017667588963340697,-0.01833461623074817,-0.02461763755012042,-0.03264062672715751,-0.006072317732367383,0.0026911415703860797,0.0,0.003826005448240133
-0.0015651866256104485,-0.0036678943732615377,-0.03569099435969575,0.021225975632936045,-0.04289933687305586,-0.028369065592006804,-0.023160451930561488,-0.04793335208343186,-0.04312970481117623,-0.02118812635872014,-0.055591420703619054,-0.006732939306673069,0.0,-0.004110294254316582,-0.04208275179794507,-0.001390647299226444,-0.036219932985917414,-0.021847185963535687,-0.045266933731594405,-0.03180017587914624,-0.026308670272403634,-0.028036212456063636,-0.04633586748771246,-0.009736244778478398,-0.020187931747594146,-0.025016720502736678,-0.027580613950813293,-0.012265349798543823,-0.011023530592357389,-0.04556012221147432,-0.04269698764661395,-0.004498378068247932,-0.0002493711286120637,-0.011782296408117676,0.020734893208852467,-0.002268777940225286,-0.009816357459689673,-0.014201350205635677,-0.026703428965939913,0.014383782034230408,0.04952030833719473,0.03191266707134116,-0.012607137677039859,-0.03976796485567924,-0.015625797145429887,0.003032314250740187,0.0052112292234843816,-0.03986862255809248,0.0,-0.011638374962041786,-0.021321334274980286,-0.01565786803053204,-0.042730596329719484,-0.017075858512452746,-0.04001126699531227,-0.03285529936611159,-0.02646442974986013,-0.013286893652778131,0.004973902580041101,-0.024471198316026788,0.0010249332441428782,-0.008083837024401574,0.002480359414771871,-0.029075011444173904,-0.021436007410652713,-0.03909294984855577,-0.008967976316767323,-0.027856350218520676,-0.012625199051584324,-0.00590116148018327,0.0014984113295709034,-0.020978237427339785,-0.026447868748893155,-0.024129259213355958,-0.023314665498181286,-0.03702926888299651
-0.02989591298169275,-0.0076889774396061705,-0.0861636544430826,-0.012137126062410852,0.013394564250114926,-0.019655061502293236,-0.016722553109435156,-0.010327102213248118,-0.05055224434112632,0.0009649929630861642,-0.031751079031847984,-0.05113834193563538,-0.004110294254316582,0.0,-0.017680080227610973,-0.000463291660167231,-5.354147901165396e-05,0.00010593722721957688,-0.06681957922822723,-0.0010581268793123932,-0.010111280373058251,-0.009264682207250075,-0.023835707554318353,-0.008502800221385387,-0.006284741984879438,-0.01902308875658859,-0.046799509206600365,0.006159036909670179,-0.016685681133627617,-0.0089321944363564,-0.011220115948613607,0.0984764472747926,0.011395664097806013,-0.047004261803163694,0.004087846937316009,0.0016955638712913557,0.01339196456376962,0.006381408993674342,-0.02545989239901303,0.0,-0.0010995707297341561,0.00021266217732957005,0.037075154020409395,-1.1469671249986213e-06,0.0,0.0,0.0,-0.03842440833394539,0.0,-0.0007889791566360049,-0.02135489106925248,-0.005303757494344308,-0.010247298180546982,-0.010660211852041579,0.0,-0.11813710715182357,-0.00023790669685341825,0.017126143375587766,-0.007437467426462452,1.1102230246251565e-16,0.0,0.0,0.0,-0.019282389518791132,0.0,-1.1102230246251565e-16,0.0,0.0004682212180306955,0.0,0.0,5.551115123125783e-17,-0.007134075897750114,0.006268502717674818,1.1102230246251565e-16,0.0,5.551115123125783e-17
-0.028683136675683285,-0.0258927747743683,-0.04454555472217159,-0.009920600397945567,-0.01894176158022043,-0.040028953688198254,-0.016926421808050263,-0.027228779583495955,0.005842754782027559,-0.06773230715939121,0.0,0.016118182172923323,-0.04208275179794507,-0.017680080227610973,0.0,-0.03244767383088737,-0.015252375189168166,-0.018277276459525316,-1.1102230246251565e-16,-0.048580665950186175,-0.011461475340420468,-0.048971958851834974,-0.08401200269728343,-0.052415085280098195,-0.023404533774903535,-0.06683967192334339,-0.06330096425448717,-0.02697511091962934,-0.008187055064255655,-0.029932412130340647,-0.02539466192601164,-0.01624481182829024,-0.012537380611435056,-0.012446834825902253,-0.015417165071461125,-0.1668810448868404,-0.06268198418139648,0.00010014202310165699,-0.01379243556967713,-0.0394401579626627,-0.0013929886404274727,-0.015682261678095277,-0.026801917846363488,-0.0054310711371991505,0.0,-0.030133100182343275,-0.008807425120822165,-0.024811888328569398,0.0,0.0,-0.0024613981187013856,0.009504227770748497,-0.022909604225547275,0.0032332036957331,-5.551115123125783e-17,0.0,0.0003138543148364925,-0.008592337553413376,-6.5317813674470315e-06,-0.04041889099069118,-0.0017936581128613627,0.00022831671077433446,0.0002853112431741023,0.0,0.0013096068722678322,-0.01220272720741078,-0.02640666920601087,-0.0174806164922372,-5.426913638878483e-05,-0.008981391449405907,-0.041253091220601334,-0.0192101037237295,-0.024624305273459268,-0.018285995038353042,-0.025489329460810783,-0.02677025975578229
-0.030884222340931855,-0.015444987866128801,-0.004956981460167209,-0.01402928868087816,0.007601284563716337,-0.0030845540557100093,0.00047062143087395203,-0.03117250183042658,-0.0074537672405458055,-0.0177936298623379,0.00010752174566724948,0.049705062122729404,-0.001390647299226444,-0.000463291660167231,-0.03244767383088737,0.0,-0.02981872149108672,-0.023141680167595324,-0.0001436366037954051,-0.03514720851450409,-0.02028801720874851,-0.03465128648833454,-0.019720148498462653,-0.01499568985069255,-0.0177237198498843,-0.04250053299169099,-0.03171805568633951,-0.011089674818867468,-0.022781084219105185,-0.003383854773686301,-0.01605411941091972,-0.028905290015548812,-0.018698985351376818,-0.011844925070886025,-0.024604680487330777,0.004047910010074984,-0.0032098376733185607,-0.04207836679020649,-0.03389860222013674,0.00721902092040122,-0.0050772278310644015,-0.022985616556871147,8.516944538683457e-06,0.0,0.0,-0.033373135194165904,-0.01031410012640055,0.0,0.0,0.0,0.0023500462449298487,0.03099071015289362,-0.016860794403875,0.0,0.043142336679484694,0.0,-0.021719985788430762,0.004755474540210414,0.0,-0.012258398009214189,-0.0005329927084772867,-0.005848320298192489,0.013615805276678217,0.0,-0.021677085320766176,-0.05023138349148698,-0.023073027839429217,-0.019237947424831203,-0.02238923610025012,0.006066418813806207,-0.02558250341488094,-0.01497003851222628,0.0018702450566366324,-0.004857555783795264,-1.1102230246251565e-16,-0.0024950695000283685
-0.00791241105390833,0.02626067180955599,-0.014224965032001713,-0.005069081031032041,-0.06998540545966636,-0.024689519613435074,-0.032728186006611315,-0.002594163310019326,-0.03421489432617947,-0.03442766810922154,-0.04263242458844474,-0.0401238005771577,-0.036219932985917414,-5.354147901165396e-05,-0.015252375189168166,-0.02981872149108672,0.0,-0.048643001106193684,-0.009121758487402765,-0.030197183330977373,-0.028450050574124197,-0.03070353825512817,-0.015438887868892415,-0.03682592250173161,-0.04761822853587522,-0.03689240658383358,-0.006115141598495855,-0.04057476536442628,-0.03618214946167464,-0.013492408889942409,-0.04153627732560872,-0.024851340491916396,-0.04714327045035227,-0.04062286222193473,-0.036468146807307644,-0.018191724284936317,2.3617257219665788e-05,-0.04085478893472444,-0.025024708279364316,-0.012565943713335803,-0.014194160454985782,-0.014752037501665649,-5.551115123125783e-17,0.0,-0.03211660808889227,-0.018399018776850518,0.012134149164189423,0.0,0.0,0.0,0.0,0.0,0.0,0.0,0.007042906309954244,0.0,-0.01202801171459994,-0.013641579020046701,0.0,-9.514161825319167e-05,0.011218607087880694,-0.0005335459722995428,-0.01162958756516036,0.0,1.1102230246251565e-16,0.0,0.009925528496669112,0.0,-0.020407577247731845,-0.006703302115378007,-0.017652573052027554,0.0,-0.01740330072319074,5.1327948973611814e-05,0.0,0.010746229272307894
-0.017448463578369933,-0.0253533862533874,-0.02675683693356329,0.026985120911429794,-0.033785684111412084,-0.016420343049436847,-0.024233145063784267,-0.02650091627612311,-0.039192635638410356,-0.036210313145372264,-0.035075444858458704,-0.02005639080197935,-0.021847185963535687,0.00010593722721957688,-0.018277276459525316,-0.023141680167595324,-0.048643001106193684,0.0,-0.01966411035915583,-0.02884614136635827,-0.02508464587112258,-0.03393825945718759,-0.028146335196660432,-0.004978732803062547,-0.02035704452220638,-0.029837315112200613,-0.020536540490781352,-0.02858399791257693,-0.021083219150517918,-0.02565823337640899,-0.024039440017163072,-0.03058876597030874,-0.024437750367204858,-0.01427862748623393,-0.01761015744909894,0.006705415209610377,3.9361347609567776e-05,-0.025566188300903958,-0.03565002712336396,0.013113530926980255,0.004303467010315587,-0.009671960280192682,0.0,0.0,0.0035271927508324086,-0.015345585430435016,-0.006718756917981461,0.0,0.0,0.0,-0.0058335310186404254,0.0001659994386710717,-0.0004010134752922001,0.0,0.03674047800300978,0.0,0.019722921038019536,-0.0059378703994982795,0.0,-0.020125527455052805,0.003626052059862772,0.02240329725430723,0.006461065324367188,0.0,-0.017947500947807338,-0.019207621400573194,-0.014446145339836791,-0.0017214516221301102,-0.002441741420903587,0.006657599509216627,-0.006640959833305482,0.02375703531934442,0.012561364645224726,-0.002857810277903605,0.0,0.002317788853498648
0.0,-0.017119865154158476,-0.10429599090205532,-0.04055751328535373,-0.0681856467176607,-0.050673509738849876,-0.05555680154510295,-0.05848345426894358,-0.08699506474860272,-0.045227421089348185,-0.09436909772687152,-0.03560398939121051,-0.045266933731594405,-0.06681957922822723,-1.1102230246251565e-16,-0.0001436366037954051,-0.009121758487402765,-0.01966411035915583,0.0,0.0003166568058067809,-0.014248355596252982,-0.017386807116861136,-0.11182955940292216,-0.03195308706475447,-0.03444677993964773,-0.0356474378265898,-0.03621530697408398,-0.04302057568675727,-0.016626648859399407,-0.020211206419323946,-0.044284045478045764,-0.025671058310956563,-0.016561550954258653,-0.03622368718228641,0.0004986895682492776,-0.0531160732418256,-0.03709518601064743,-0.02715158080438379,0.010796198560563852,-4.3671946519441285e-05,-0.03522088125819861,-0.026441445038665634,-0.007681996660947266,-0.043185650604851356,-0.0005319472510728618,0.0,0.0,0.0046404684645187655,-5.551115123125783e-17,0.008776175411566167,-0.029589325787661047,-0.017827678381795886,-0.05789070176312611,-0.033819211840258934,-9.74222796086277e-05,-0.13927647183407144,-0.015243233220134544,-0.029549840837782226,-0.0280003302000309,2.220446049250313e-16,0.0,0.0,0.0,-0.012366681820059955,4.4183418949184095e-05,0.0,0.00011119474758908288,-0.037800032365304825,0.0,0.0,-5.551115123125783e-17,-0.03522165313170178,-0.034869365522085416,-0.030264954689911527,0.00015232491074912424,-0.01785284193490322
-0.03318559513559066,-0.04477960645003737,-0.020708713573559356,-0.01053615575465261,-0.03249291075473987,-0.027506527513840695,-0.03576976176198976,-0.022832831005007936,-0.02267691178796999,-0.02446935384292348,-5.2501526000392484e-05,0.011844586582662686,-0.03180017587914624,-0.0010581268793123932,-0.048580665950186175,-0.03514720851450409,-0.030197183330977373,-0.02884614136635827,0.0003166568058067809,0.0,-0.03534235856887502,-0.059970720965640156,-0.09612259125104855,-0.0005990775769469936,-0.023906773378760016,-0.04378216824605885,-0.06942197007389145,-0.03198935179819973,-0.044907495281182874,0.005623556645713179,-0.04446876535702188,-0.0350849632204151,-0.03751519777893397,-0.03663406519832263,-0.02806525145233696,-0.01588676222309987,-0.03169633027783736,0.01519796442505561,-0.02647439141733693,-0.010827591016405347,-0.019498715085785434,-0.007847892445703997,-0.00034889890505268584,0.02464774764913552,-7.516279111879909e-05,0.0041188195738707245,-0.009977145460293768,-0.030724860383460117,0.0,0.0,-0.01549785291558392,-0.017617468103597878,-0.03968461437271292,0.0013307441363470396,0.00048180462539315627,1.1102230246251565e-16,-0.015788181778135124,-0.013537502039346061,-1.1102230246251565e-16,-0.016417755778279475,-0.0015249638310051439,-1.3548620649950216e-05,0.00213469554807727,0.0,-0.029081322502570617,-0.026982410608086926,-0.010282350758519077,-0.029065422594792945,0.0,-0.00427616430792227,-0.006506649662007091,-0.03222600334083453,-0.02320682433327559,-0.02577819862632713,-0.035011768140760124,-0.03334154006616402
-0.028068581434292805,-0.020687269482863202,-0.041951619186200384,2.724165139539325e-05,-0.006255760610568484,-0.006442061936973165,-0.027437129153447315,-0.021544027117724907,-0.009618683339067846,-0.06205055557562805,-0.00132639231567383,-0.02739041364537359,-0.026308670272403634,-0.010111280373058251,-0.011461475340420468,-0.02028801720874851,-0.028450050574124197,-0.02508464587112258,-0.014248355596252982,-0.03534235856887502,0.0,-0.017040580793761417,-0.021505563119892157,-0.04999089548874924,-0.019246463061078856,-0.02613425692398147,-0.04437149252168454,-0.02452398233966624,-0.02358427957467163,-0.015323346811582761,-0.02308476776590912,-0.006613238800441401,-0.015444337443047795,-0.003946387831511022,-0.003484112640970871,-0.0806961697838301,-0.033354658415971516,-0.023361399876934474,-0.014811940510772947,0.014507763608074375,-0.012047917537519492,-0.000973579795306101,-0.02926324165591182,0.0,0.0,-0.11394649273322727,-0.007113642355945637,-0.003886780123367961,0.0,0.0,0.006597858523730626,0.012975020800903347,-0.10154212361002707,0.011202112542662457,-0.03196779829170354,0.0,0.005175915947886134,-0.020005697312442616,5.551115123125783e-17,-0.01575048190828532,-0.0018551998160319383,0.0,-0.012860493231431347,0.0,-0.02358400907286723,0.0046023978836732815,-0.01984770616894843,-0.02010610410938224,-0.004418325648233579,-0.009653290578283291,-0.014913642811355043,-0.024353604438813514,-0.03204458902808244,-0.02306606195668509,-0.04353544515470448,-0.03185879102674377
-0.04461973646074896,-0.03490971575951218,-0.01672706398802981,-0.030281142681406692,-0.02317395684132073,-0.026534913233533408,-0.02293736846976424,-0.030738612780388974,-0.018921330571923634,-0.05033154612422902,0.0026319109877901425,-0.07559654855853376,-0.028036212456063636,-0.009264682207250075,-0.048971958851834974,-0.03465128648833454,-0.03070353825512817,-0.03393825945718759,-0.017386807116861136,-0.059970720965640156,-0.017040580793761417,0.0,-0.20435595508335494,-0.11083461721859628,-0.022516140604780244,-0.02635065648074081,-0.05975838227283886,-0.04100687337307335,-0.04066314531122972,-0.045019938774038204,-0.033951013078231895,-0.026604997512237605,-0.02664304789389582,-0.025090267323340854,-0.02377677733313366,-0.023219575049261032,-0.03589771255213886,-0.004991187777990402,-0.029892789870272107,-0.0005700202380980457,-0.005015868383804745,-0.0021329468580770228,0.04149003879740948,-0.03132806012689465,9.90404076652851e-05,-0.03490142605515789,-0.010260116864166946,-0.009035185156917869,3.5917464937806898e-06,-4.555081702262154e-05,0.0027458949711530733,0.01772435423069857,-0.005421893614832085,-0.01657526959617367,-0.007651808744316091,0.0,-0.0063307381150175535,0.0032415216954770343,0.0,-0.010692372787384441,-0.005585873271274466,-0.008886990644846882,0.008231919219698014,0.0,-0.007500251671142155,-0.014311613305655113,-0.011151090427090504,-0.02636595939478925,-0.018071785930333595,0.010706209239860931,-0.023334617205909236,-0.020432315325657036,-0.020373443123062107,-0.01334538195518592,-0.006504971327912945,-0.007665729392659415
-0.023716919931960123,-0.01708858795618967,-0.09200240591944492,-0.021842218165064764,-0.0363226256941831,-0.04590174771525085,-0.043843003515839196,-0.03419371149744138,-0.0451093957646837,-0.06301197393231284,-0.060942540765700104,-0.00030956882228788674,-0.04633586748771246,-0.023835707554318353,-0.08401200269728343,-0.019720148498462653,-0.015438887868892415,-0.028146335196660432,-0.11182955940292216,-0.09612259125104855,-0.021505563119892157,-0.20435595508335494,0.0,-0.037081759512453016,-0.017740641211072716,-0.039251113008886174,-0.03765599099355044,-0.030501020065860807,-0.022339520036908977,-0.026946508889856946,-0.02469369683414996,-0.022508638824640603,0.005074008990571421,-0.024075430421015565,-0.004960465484890486,-0.036559127342614295,-0.01969538770644813,-0.03622222098756861,-0.01814058337388208,-0.03072026727841648,-0.03253513711279993,-0.007534545770131462,-0.00686216395500161,-0.019510766500271004,-0.008865188285764158,-0.02776454664551098,-0.01789185280063532,-0.022317076031764804,-0.029952988328489916,-0.013724953039421894,-0.01982515859053402,-0.012594114984888272,-0.041459184852558395,-0.01977253728999484,-0.019996848808749024,-0.13821647506356188,-0.035406137293537365,-0.015009470586402673,-0.002369574828945731,-0.0201569936747637,-0.02610400614773578,3.2958518121684044e-05,-0.020419207843751175,-0.007444421359146469,-0.019482558532390115,-0.024359207878538458,-0.019192613403625602,-0.034180775516003126,0.00012701556678040848,-0.005069579626305942,-0.0275072734006378,-0.017310751206245145,-0.020956195894537843,-0.014287298482871358,-0.020084266937475892,-0.026825513868988404
-0.046616069457529274,-0.03546453177931036,-0.05903185413026607,0.007173428797073,-0.024592682468153215,-0.02648818417511123,-0.013016641582584032,-0.026603413652341312,-0.0230994349564822,-0.02256964815838053,-0.03118125697860613,-0.01685052127722947,-0.009736244778478398,-0.008502800221385387,-0.052415085280098195,-0.01499568985069255,-0.03682592250173161,-0.004978732803062547,-0.03195308706475447,-0.0005990775769469936,-0.04999089548874924,-0.11083461721859628,-0.037081759512453016,0.0,-0.011589761317210068,-0.033081763914164675,-0.04511233061156489,-0.0064312462508615,-0.012624748441915246,-0.009982258129144717,-0.03171589939395025,-0.017370511012123446,-0.022935898927759296,-0.02053817364847929,-0.05311499816366533,0.020758005746405184,-0.005068624267393074,-0.003531232736545431,-0.019731406226987602,0.012265917059073539,0.041661068593072226,0.020327232142646146,0.006959311893315667,-0.005392373541575068,0.017425883471281267,-0.04680305154322867,-0.011160723124748362,0.0,-5.551115123125783e-17,-0.0001301801085067944,-0.004710623069748565,-0.00011155160908971062,-1.6653345369377348e-16,0.00023190471055900552,0.011000355451770139,0.0001706019230373057,0.003742087178939868,-0.005701844717226179,0.0,-0.0004944060082521795,-0.0066270784575978015,0.005545464829910085,-0.002706949170644124,1.5864084010996926e-05,-0.000232767078734597,-0.022543424412753088,-0.014075628593836265,-0.00040067037581675846,-0.01819907224801004,-0.010315813264444418,-0.028954900593012478,-0.00400824082913509,-0.0005612438963688571,-0.0149301274307293,0.0,0.007596574873415363
-0.007968104579939628,-0.022008276812430172,0.001543987336858621,0.005441952978412767,-0.020367732132132332,-0.004771239161606933,-0.02040558274414772,-0.019804902932269053,-0.015931206531174635,-0.035420902068373894,-0.032184146787875956,-0.028053446616158106,-0.020187931747594146,-0.006284741984879438,-0.023404533774903535,-0.0177237198498843,-0.04761822853587522,-0.02035704452220638,-0.03444677993964773,-0.023906773378760016,-0.019246463061078856,-0.022516140604780244,-0.017740641211072716,-0.011589761317210068,0.0,-0.0203277847603775,-0.011055246682938502,-0.02448186501220817,-0.00978576400958553,-0.018836224829442028,-0.03087757090283072,-0.03155852443070384,-0.018116830377452653,-0.018237876343200676,-0.013853751716821905,-0.005107962917887066,0.0014846349104469247,-0.018675198739237064,-0.027577656473665335,0.017323229746455893,0.009323824524804847,0.0032581586781432192,-0.00045391148326656694,-5.551115123125783e-17,-0.010660898578300881,-0.02071588417246284,0.001289135844299516,5.551115123125783e-17,0.0,2.220446049250313e-16,-0.005320693295304102,-0.007880404677696018,-0.025394175686774823,0.0004707768771392007,0.015286002126932152,-0.0002850238950318218,-0.001838757171011729,-0.006194228754747622,0.0,-0.019898479131435387,0.011727425831044747,0.010336608425692173,0.010219608515679712,0.0,-0.005453881475374567,-0.02446858361879839,-0.0021829520338352837,-0.01167995291357976,-0.018153066328627343,0.006265391827857958,-0.010778401108324509,-0.006782228538668,0.00013970955587838674,-0.002724782099107259,0.0,0.0068434745877906655
-0.04041065382423875,-0.029672307947232746,-0.021479565136023338,-0.038690827038593,-0.023840420405912277,-0.002543439105626044,-0.017544735048400262,-0.031669584753375446,-0.0022889924751490764,-0.05837417584926141,-0.03198621462811918,-0.03028380175520662,-0.025016720502736678,-0.01902308875658859,-0.06683967192334339,-0.04250053299169099,-0.03689240658383358,-0.029837315112200613,-0.0356474378265898,-0.04378216824605885,-0.02613425692398147,-0.02635065648074081,-0.039251113008886174,-0.033081763914164675,-0.0203277847603775,0.0,-0.05040473857020261,-0.03330249063376395,-0.01383431618138703,-0.008008523048447902,-0.04058237931120201,-0.03543349516547367,-0.028093602034373333,-0.030921196480011737,-0.029253988667306163,-0.015339504962416373,-0.023499901789677535,-0.029443230681057808,-0.04142391427680309,-0.0017445615172893558,-0.0014342765189929718,-0.007639371719648569,-0.018938757826430896,-2.510669973038171e-05,-0.0009119515923377008,-0.049994907412660605,-0.010998479142000084,-0.012125489206560536,0.0,-4.031947570859451e-05,-0.0034311926160972006,0.02471872775886441,-0.012216982081658612,0.017239083047889736,0.0014351430655263342,0.0,-0.010195622824449635,-0.005729244601117067,0.0,-0.016666759219640337,-0.01498938634399466,-0.0005215050381631725,-0.007038153316577811,0.0,-0.003123192659305718,-0.019974735574718128,-0.01074454174507622,-0.022559134019437876,-0.02606332099192138,-0.012044505596505162,-0.021528611905014206,-0.02077882562048239,-0.0018684125401812746,-0.006735796263601712,-0.00038989107161935266,-0.009146484626148421
