0.0,0.44615105676603417,0.3123714900324102,0.0,0.4529705373141748,0.3434061959046486,0.6217724799067943,0.46250101822329265,0.38829810279196963,0.27215306124785416,0.29277071066428134,0.37869165826278406,0.6948210339388501,0.29299878934815315,0.28529355790316746,0.49314026384362564,0.37084969703978443,0.45508603363897854,0.0,0.3772609013950261,0.29004043317004224,0.29356892481909225,0.44319602958858223,0.296391031180708,0.4569064831807451,0.3485809500336275,0.3490823336585778,0.7461561011474462,0.539493290937063,0.5565477808561304,0.21800540500579424,0.3926140995955609,0.32091850012744355,0.1885111689717817,0.2716145956574857,0.670252870484692,0.4920439981117395,0.8044951138547929,0.22962902295443427,0.565934906875421,0.7404593399971809,0.3521224801942593,0.4671058479584004,0.0,0.31767081269504494,0.09353919649802694,0.57053902394374,0.0,0.0,0.0,0.35614041811240915,0.0,0.4956281762932744,0.0,0.1217008299392266,0.0,0.31556889269619853,0.6687520613247292,0.0,0.5189413441174258,0.5876884011018668,0.3196299007574588,0.5316099084133626,0.0,0.3898881739618224,0.2218390921821386,0.5871415536642048,0.5050051547764614,0.3281766547198195,0.4798070323853175,0.3194172059602426,0.3686585562659635,0.4385277865375919,0.5913241155111711,0.0,0.5819163704382964
0.44615105676603417,0.0,0.5362361208809772,-0.4395999332826769,0.5466406239020679,0.5531213491324951,0.5499462217258023,0.4900387882611029,0.5099007185256628,0.22534934760013214,0.32572085709718035,0.31632138406003774,0.5573034493871571,0.2845762617745204,0.4050548556114223,0.544781584626829,0.8176865691670987,0.44987351579992446,0.4749958846466015,0.16445700791307405,0.4773868362083697,0.36321645010703557,0.5677873360092988,0.22131322399265602,0.38540240821695265,0.3193306788490279,0.3773487010523494,0.566438549266446,0.3510908140556561,0.26273198477965487,0.4128827574061135,0.34012001607438536,0.37770491562917907,0.4156156940344091,0.42103710397215344,0.4248888218549345,0.05803730128176561,0.0,0.34343258865898574,0.6050764722746989,0.5003501813560414,0.4045119057381198,0.44244892608553127,0.0,0.0,0.33631203966885254,0.5624883644775011,0.048325183376691075,0.0,0.0,0.5829951854784311,0.7052932996814396,0.5102058760092036,0.46434918238367795,0.5635517873532583,0.0,0.28881541531377963,0.6896916851160498,0.0,0.3321692742017141,0.586527156959921,0.34653943555429617,0.687842215113512,0.0,0.52775786195534,0.5863032346467215,0.6002199959432019,0.454649788769002,0.39577510564192075,0.6102931652479242,0.38556250154746674,0.4893931446331803,0.6414530108450358,0.5416356639466577,0.0,0.5769561416008955
0.3123714900324102,0.5362361208809772,0.0,0.31409311021338165,0.08633572752425878,0.36540083041225474,0.327452482220958,0.17716430575610842,-0.09526004164717039,0.3135909741891658,-0.033689394944203366,0.3812884620452501,0.43011069426167287,0.10454919813208097,0.11381838873139616,0.4827841184308548,0.5144438238956806,0.3264035527864978,-0.18828725770905178,0.30618010063341605,0.30890227473624854,0.50448389585362,-0.05914094190303634,0.06583480427964744,0.5719571046257345,0.4158635331898771,0.38636816888734526,0.4662894264868206,0.6400506855038756,0.560579640572244,0.44970239574339294,0.48517911113856216,0.7028630397615424,0.5245720443284391,0.6765090799173414,0.15834156173033298,0.37763317956045217,0.33086124015017027,0.436053831476776,0.49752904564537087,0.4325259970734865,0.12189851416654826,0.4458477272127164,0.3544254743238027,0.0,0.0,0.41342690119345427,0.26257133719248604,0.4823090209901708,0.438112879501376,0.41722333166320474,0.5084290620217506,0.3956834299464956,0.6001635911768186,0.43267740811605415,0.10257072130092004,0.4070287248394129,0.5423960611309616,0.3918731818735774,0.35801007185668965,0.0,0.0,0.0,0.07058165896837018,0.37128771079711775,0.523167341192892,0.2500134104909371,0.4551600473737901,0.0,0.5544958004898484,0.2952189203301543,0.4529040656624804,0.4202631071985459,0.6102386436768348,0.469595183853656,0.3072509505890144
0.0,-0.4395999332826769,0.31409311021338165,0.0,0.6193338225498688,0.5435624328048874,0.882981170316217,0.5949627109239146,0.4920300569078643,0.6091559033133713,0.1738093407986881,0.4019248758890248,0.6240880832402547,0.37953412573197665,0.5487269711832297,-0.09657253897544119,0.44182815341991355,1.4452912744224986,0.35241945975698874,0.5184447650361235,0.44533032699315434,0.3319991923193222,0.44374712318596715,0.42059351995888183,1.0038123482948917,0.16601409866046007,0.5164111400940355,0.386224284523923,0.48300864659727655,0.561589105093846,0.297154349967625,0.5467793095408147,0.19257191338565033,0.47107021854220954,0.6892827648755413,0.49729735317112983,0.491771764688956,0.28627072382557556,0.43042154043712777,0.397240394799116,0.4503955668633294,0.12155132776831779,0.3011488357226836,0.36362200805583944,0.0,0.0,0.0,0.4344910092186516,0.0,0.0,0.5045389756656269,0.0,0.46552098542201464,0.3369678311699722,0.0,0.21734814313406195,0.6086257671107478,0.4567050172060364,0.0,0.0,0.0,0.0,0.0,0.0,0.0,0.0,0.4838215178048106,0.46506174659322197,0.0,0.0,0.0,0.3367106730455842,0.480455990070145,0.6454006555013654,0.0,0.0
0.4529705373141748,0.5466406239020679,0.08633572752425878,0.6193338225498688,0.0,0.2637221688178413,0.31106869882717747,0.41986231477239205,0.0019277251483782454,0.43462402838197456,0.029463230242094046,0.40458582035404167,0.2798224030662856,0.5130921768174155,0.3612640135725391,0.714182907099441,0.043905469186770074,0.25805533061224945,0.08214597584318803,0.37894620799871986,0.6084694544919083,0.41946655083784345,0.2889384589694407,0.33942321256446695,0.4649477425552381,0.40655635424311876,0.3232767095048096,0.4987751529214576,0.5572297213206776,0.3780437885078112,0.3821647480343018,0.5137034364545839,0.46686668614990223,0.44000381825234236,0.6665199807342168,0.6206881109062724,0.4895170787906694,0.4679234194926586,0.607181259965411,0.8204842429987569,0.7966760207372942,0.5300781226808009,0.6630709586351349,0.7153276862371271,0.38346989798020814,0.0,0.408379341698337,0.408743831209055,0.0,0.6200561843552455,0.49337926208171495,0.6043339884132748,0.3716236620814332,0.48204456634982584,0.0,0.5198153511037166,0.28160312865199916,0.6734403847736048,0.3855030426686386,0.2467675249600499,0.4601762285024028,0.0,0.0,0.5525969434034393,0.33134193141851287,0.4930415174868367,0.6626486752664618,0.48731951274730145,0.0,0.4987510767840345,0.8296800837631825,0.4601398999363981,0.510882393853346,0.45232812848723253,0.0,0.41935943283485133
0.3434061959046486,0.5531213491324951,0.36540083041225474,0.5435624328048874,0.2637221688178413,0.0,0.35475801469798895,0.4396622950756284,0.2762021988645908,0.3857146015301546,0.1892280723080721,0.7116997036086867,0.35732681496967117,0.41559200281453457,0.3643727895375899,0.6008972498148335,0.3101779684380349,0.492978680135801,0.26596758102970075,0.3405997942391897,0.5797183458333927,0.32528014120429816,0.244350606943762,0.246603834731544,0.5537839443655366,0.6564054017592004,0.30752796434887053,0.4867815692526206,0.3931274758203574,0.44795271112184076,0.47525926243309724,0.5024042796426658,0.7202104180075595,0.488601482559305,0.5665571991417628,0.4889601702136276,0.52821041541201,0.3938183471564779,0.47286299127302606,0.5104147955905445,0.3821740038051523,0.5423781664551028,0.6005901934958118,0.3095907088971721,0.1546185288958974,0.7515831676108808,0.6782845629426013,0.45386756052007504,0.5830393782004939,0.4731310263810147,0.5009956543206558,0.583039253464768,0.5169386036686457,0.5350537761369316,0.3554739807924023,0.5045538535627863,0.37382235537518765,0.6034850837602975,0.49739176112252526,0.510259818388148,0.6899073690789148,0.0,0.6699314545760209,0.3995112586725112,0.4844092035353594,0.30529468278386507,0.5509204027797826,0.5059756993533921,0.5046603898271694,0.547107178135319,0.6133400192112803,0.5494343339656864,0.505556702435445,0.5755306228787826,0.46160722810146937,0.37876139921489405
0.6217724799067943,0.5499462217258023,0.327452482220958,0.882981170316217,0.31106869882717747,0.35475801469798895,0.0,0.3052752147441427,0.2149070322654753,0.5063816881995915,0.24751238631468514,0.4525120984790978,0.45818960846691137,0.3441775592445946,0.4674017866535513,0.6432121145047214,0.3624126275323335,0.4475777094628407,0.2863871799675691,0.317205354299107,0.3462910469566881,0.4254371716884184,0.30339516301704517,0.40399620141472425,0.4760159124136547,0.5503491263371826,0.31479649366849954,0.6269976149511705,0.4860575977172036,0.3760698733134109,0.38913363526978184,0.5946117506300093,0.7097614585750224,0.49906795342461696,0.7550262717590238,0.6826215599858412,0.36885923936869647,0.49848845951582965,0.6500589023933188,0.26755969390578216,0.5723337780608451,0.9070396903800583,0.5596298490400086,0.5974373047148384,0.26046489752556495,0.0,0.6114412253451842,0.3705433583461461,0.0,0.4976478484206064,0.45250573374411973,0.5376030631837861,0.3299595732362911,0.5924189774390315,0.48550383432479705,0.45443598938852237,0.46538567436127826,0.4609950938764236,0.4613203481185877,0.2737358312600245,0.5366240507860202,0.0,-0.33954573912932495,0.5440415712032985,0.6113066446336476,0.38419205772900866,0.6328085380296148,0.4378739031709833,0.46946388626107516,0.6182817608942821,0.5709156617702786,0.4699384224108101,0.4478273768596758,0.4134052529841753,0.5423651589572339,0.3661561763722634
0.46250101822329265,0.4900387882611029,0.17716430575610842,0.5949627109239146,0.41986231477239205,0.4396622950756284,0.3052752147441427,0.0,0.3613841530695515,0.39714474652258913,0.2949003844198186,0.5729958041473078,0.30128648941618674,0.6798452144475644,0.44241339720197936,0.4958097639492978,0.48979903604806874,0.48175828280569405,0.3437338644880543,0.38410300552165555,0.4131528476099667,0.38215458098875565,0.34634634507719475,0.28245576425631236,0.4952393641286181,0.3971632816722154,0.23302881673284265,0.34269825547326804,0.37875055230991694,0.3650502408774726,0.3608155380078777,0.5972079129934729,0.5058192928533973,0.42797745677125876,0.4592590518131463,0.5315300604069538,0.6959308248163574,0.37640403128299627,0.5173873886241739,0.47777739198358327,0.2920506830284648,0.40398444317008797,0.6108792101190194,0.4969101106329129,0.0,0.4770479369802727,0.17242494081429113,0.4271157901445871,0.0,0.5443835394444003,0.4296721752102015,0.6350543014460925,0.2265603639879819,0.5240578052911323,0.6306850693685435,0.42175394395880317,0.9714726351881986,0.5232728701156142,0.49589036554685184,0.5041354735130638,0.18685028790351427,0.0,0.5569850034359723,0.5792160911582497,0.5474140161980586,0.3252752885025555,0.1927402693803709,0.4040436328545276,0.0,0.41106475133625586,0.3633315640991518,0.4446226862604361,0.41727389819458566,0.413460151310985,0.4810293308248472,0.2851886072740728
0.38829810279196963,0.5099007185256628,-0.09526004164717039,0.4920300569078643,0.0019277251483782454,0.2762021988645908,0.2149070322654753,0.3613841530695515,0.0,0.42134209088089736,-0.12368202815910215,0.46230007431928,0.3525907101789255,0.3044445457074061,0.8132767985613973,0.5717441632194457,0.29491260306026446,0.3184620091474111,-0.1225778504712127,0.4365008953178545,0.4508004478275076,0.4429356458916036,0.3034972625068849,0.4689236882640226,0.4591292442070412,0.6261103140954631,0.2908385868923483,0.4869518941531998,0.4114839176658743,0.5208511942059537,0.47860942861728534,0.5708675748222636,0.529227152578866,0.5224242327264037,0.5405294382350614,0.3405093271206785,0.45429675205230347,0.40893344803717235,0.36958012611582053,0.5070834133088408,0.5211757558298479,0.4094214396319127,0.5073369926935406,0.35048796172646135,0.19398734498201986,0.0,0.4146674456930262,0.43357486321179145,0.48080596727101166,0.6606323391693003,0.5558643658129113,0.6462647976666271,0.45113871933216915,0.4670026101489116,0.08872056626935237,0.5651806978163667,0.3285541985758875,0.5461918342221623,0.5250356702724917,0.3897667410143612,0.7001540869261593,0.0,0.0,0.44828550019307706,0.5933971469767486,0.5816262511762815,0.6983818764227858,0.4952789423915328,0.4381925184299478,0.404214950745961,0.4866301460584571,0.4791084622816175,0.4408159365824408,0.7281845376992653,0.2473067540785407,0.5727611961737896
0.27215306124785416,0.22534934760013214,0.3135909741891658,0.6091559033133713,0.43462402838197456,0.3857146015301546,0.5063816881995915,0.39714474652258913,0.42134209088089736,0.0,0.3637091745589164,0.5329716695393403,0.4337056046693854,0.5997023984134722,0.12357677026657815,0.3500084887371623,0.3800168271974138,0.24631432634273784,0.2791179707385274,0.3157892787418699,0.3285254925342434,0.1745322725364613,0.03475045472184374,0.3416008977824704,0.4825740088439784,0.2758975277351665,0.3454405054069165,0.3987024939978203,0.5147698758801302,0.06344707115633358,0.48308163617631117,0.4436864196918224,0.42129506691812,0.3717599275289804,0.16402406787246845,0.6353379935153725,0.4122936705465841,0.5500937339820561,0.41636825659687293,0.6662969887381565,0.7802111643881379,0.2750268751682254,0.21651038165553327,0.49266308527930874,0.5736904154191123,0.5616233650364507,0.5642352045191324,0.3749572292120431,0.4899527138562251,0.4826248415405788,0.3268741331274252,0.5015260245809045,0.5849399638156689,0.18067233251991419,0.562259320950822,0.4055528222776519,0.5587978725126972,0.6404863567697314,0.0,0.6248312493601016,0.47059987536430714,0.38540118196928075,0.3246543341185715,0.48040026319486273,0.47396164641441246,0.5792245892899679,0.5323597322418732,0.35317366143875933,0.3280805871502869,0.3312518546510729,0.3625809552617035,0.4908492241683567,0.6516795855339034,0.2688700475915356,0.0,0.6957679081760483
0.29277071066428134,0.32572085709718035,-0.033689394944203366,0.1738093407986881,0.029463230242094046,0.1892280723080721,0.24751238631468514,0.2949003844198186,-0.12368202815910215,0.3637091745589164,0.0,0.36899667198927655,0.2576421406157581,0.3731221439560175,0.0,0.5037503192155794,0.22696493988740374,0.31474707301170485,-0.20579928494174818,0.45889910294398906,0.4974878953855398,0.4332892103885304,0.1778274920244044,0.33023335066026244,0.3620017328158184,0.35524825633054385,0.31966137223698277,0.30907354834659867,0.23042490626698225,0.4868098586974508,0.23768353381391083,0.3886184862791554,0.42242549227021975,0.36481590784121903,0.442579065620913,0.32669231736819143,0.3653938396811681,0.2921513740385808,0.3954375017042092,0.3678866989652828,0.28141408815587377,0.35740680908686817,0.5563687167804754,0.31396526049170087,0.1979122131850128,0.0,0.0,0.37514690945241747,0.4748459217129919,0.31019530915447524,0.5132370194666742,0.48953597798303966,0.5056679794067415,0.5951389458429707,0.20535295607629447,0.10491602483324561,0.3622534041236742,0.46014409265872236,0.5018442689161471,0.0,0.0,0.0,0.0,0.11829062991434072,0.23415417240015818,0.0,0.5317395027874565,0.49118256969418966,0.0,0.0,0.9577122305077806,0.4060037126141315,0.36827873487524754,0.23421440100193713,0.0,0.3051991064627585
0.37869165826278406,0.31632138406003774,0.3812884620452501,0.4019248758890248,0.40458582035404167,0.7116997036086867,0.4525120984790978,0.5729958041473078,0.46230007431928,0.5329716695393403,0.36899667198927655,0.0,0.5007967293307628,0.3834350767581982,0.5728801683853922,1.1557822808406844,0.3839739913184201,0.5352159108578325,0.34760074228807347,0.5750640821372287,0.43784794337583605,0.016432982281346903,0.5024361783751139,0.3134172500314154,0.42669664967043464,0.35138511395556005,0.541221946902208,0.47990049705251525,0.657474887168757,0.1428365150744512,0.33134973864963946,0.18302039761508607,0.648927493176444,0.4061355955274428,0.27769988358452347,0.5829957174699976,0.5340446798515781,0.40804794130327776,0.3106165633671333,0.6357968221644326,0.5907666581783027,0.14171052043268123,0.5421385007168829,0.5541164211279324,0.5059738750793394,0.5257878210924103,0.4694453044511817,0.3524131157676007,0.29381972234485054,0.2990513177359939,0.28518206254196554,0.7696605898937845,0.3632387418215962,0.2480419065607045,0.5944131441216425,0.3026273611996011,0.6782484360457379,0.5127338828693263,0.5719817301432479,0.5299413724084123,0.31565772667934955,0.444855770508464,0.4754588960139805,0.5220010486927898,0.692258713890952,0.8323168609316394,0.3431346080941404,0.12104474603710796,0.385926159681677,0.43820508626431276,0.42843912984438337,0.1282554959988805,0.5712645759912789,0.5685164649193138,0.0,0.7145737560126377
0.6948210339388501,0.5573034493871571,0.43011069426167287,0.6240880832402547,0.2798224030662856,0.35732681496967117,0.45818960846691137,0.30128648941618674,0.3525907101789255,0.4337056046693854,0.2576421406157581,0.5007967293307628,0.0,0.5069736356839207,0.31593649420256514,0.6601468288207776,0.26621113888026865,0.5052624802243324,0.3706135694259689,0.3955195557157047,0.4161713154547172,0.39953305356648594,0.3297533901286542,0.39200537598271706,0.5354993627376226,0.49440468471340093,0.4192791452103039,0.5355471468503605,0.5696366806929873,0.2734591349090917,0.17113560816396847,0.566463874123758,0.5472257127013946,0.4492221639301013,0.6158142598859707,0.5749539527057355,0.42052064208005435,0.40731233564194175,0.37999714673573926,0.5783859978840113,0.7365162936411593,0.6377060688248124,0.46181388111003197,0.2697032825292315,0.347924122420016,0.6841996224026079,0.7335315293748175,0.46822644673393543,0.0,0.6390452029678146,0.5093297906974239,0.5684743653820439,0.33987302229362637,0.6216824308340955,0.3079803819456406,0.3729931329541939,0.36518615528653353,0.5942123058405753,0.46819216779504463,0.4524172348234089,0.5801256252176723,0.37683833952030177,0.571178219004574,0.5343143192185072,0.49535414449145676,0.4208599555450552,0.5956505767641922,0.4863472025336377,0.3935113817091306,0.562384716094308,0.5962304620659453,0.5328134824805539,0.4853190658907728,0.46244066774533815,0.35587294628619515,0.36791559447997374
0.29299878934815315,0.2845762617745204,0.10454919813208097,0.37953412573197665,0.5130921768174155,0.41559200281453457,0.3441775592445946,0.6798452144475644,0.3044445457074061,0.5997023984134722,0.3731221439560175,0.3834350767581982,0.5069736356839207,0.0,0.25972198718902095,0.508121974395104,0.4943613961097818,0.4812832935603426,0.21333149626986764,0.4561161305934685,0.4854238887376775,0.11233640050201155,0.47508788682899045,0.581838680881986,0.40195370733508984,0.3374323412571498,0.298101811780358,0.491494101797752,0.28076015335793286,0.4765929138991011,0.49528332172234335,0.7060036789754027,0.3553716516360428,0.4276451641316089,0.38134480790063857,0.36412773934455056,0.40177708896771147,0.4042468489212174,0.4982991035410027,0.0,0.6326919539972337,0.6986606081227978,0.7916653972906346,0.48159759632821875,0.0,0.0,0.0,0.31532767482724056,0.0,0.5147051902751979,0.34745162628377513,0.47402652319662497,0.5314917938215141,0.4165789205351399,0.0,-0.01410007381213979,0.3873713844040002,0.8079803154019753,0.44859767811202755,0.0,0.0,0.0,0.0,0.4274936011370963,0.0,0.0,0.0,0.6007301132039987,0.0,0.0,0.0,0.4899176955610116,0.8122124626666866,0.0,0.0,0.0
0.28529355790316746,0.4050548556114223,0.11381838873139616,0.5487269711832297,0.3612640135725391,0.3643727895375899,0.4674017866535513,0.44241339720197936,0.8132767985613973,0.12357677026657815,0.0,0.5728801683853922,0.31593649420256514,0.25972198718902095,0.0,0.41203682844896516,0.3278785485520801,0.43102591637421483,0.0,0.3367921687550557,0.47151047460703965,0.2771287294174931,0.06484279672511584,0.20725076276536342,0.39991828545195196,0.11475026309180991,0.1667714826234603,0.3176736857759902,0.5278678754260138,0.3192742328966084,0.4402613497265623,0.39508575762571696,0.5229329455051306,0.4958715717533215,0.48562037577368555,-0.4211753402925284,-0.05386278035162617,0.3912695181845549,0.3870992123067408,0.3179242798396378,0.5606786162616324,0.40150930961265724,0.34014769976891035,0.4275312342869987,0.0,0.4190377160103821,0.5900721047175976,0.2995447505717721,0.0,0.0,0.5111047494282592,0.8240802942871848,0.4665706207697886,0.6133724227391355,0.0,0.0,0.6151567224849273,0.5298063524919105,0.4770282674280197,0.4812275471573205,0.6310280325291502,0.5535298987215497,0.7638588598694591,0.0,0.7670953692207519,0.5437518860221524,0.6065175901222211,0.6774213595504852,0.4699130345861837,0.5438841436876858,0.2927081514181641,0.5512421199391891,0.37684781234926024,0.437839693714998,0.3130849335608309,0.31503142489165004
0.49314026384362564,0.544781584626829,0.4827841184308548,-0.09657253897544119,0.714182907099441,0.6008972498148335,0.6432121145047214,0.4958097639492978,0.5717441632194457,0.3500084887371623,0.5037503192155794,1.1557822808406844,0.6601468288207776,0.508121974395104,0.41203682844896516,0.0,0.2811105062981427,0.5061243342456694,0.4584566082390419,0.2955978618440244,0.534377494602093,0.3332456314802286,0.5723447525721548,0.5171278005747548,0.5249985371231676,0.35754200029230554,0.42061422153563854,0.5395309446179115,0.4241142769102265,0.555803237665111,0.4719371186476369,0.29545372326541,0.33387690657270375,0.3872381304480948,0.39708874808946215,0.6761594033422622,0.4057406844517491,0.3484144629375737,0.29918792015382584,0.6012751958588622,0.5563335479041615,0.3963219258435533,0.4677588628686504,0.0,0.0,0.3103873570475536,0.6086720593313891,0.0,0.0,0.0,0.6189555130263027,1.0674241019754014,0.6009712268547172,0.0,0.857680498420379,0.0,0.3051708086208963,0.6921072463187941,0.0,0.5412165286508528,0.6379273535159588,0.4619157064084862,0.7420944580274562,0.0,0.4044826812214724,0.2517808748504169,0.43283837581926865,0.5005601687924277,0.274968949061809,0.72921769932985,0.5236924531544164,0.5372731741867508,0.6185678491756389,0.5984714314378712,0.0,0.49350114256323446
0.37084969703978443,0.8176865691670987,0.5144438238956806,0.44182815341991355,0.043905469186770074,0.3101779684380349,0.3624126275323335,0.48979903604806874,0.29491260306026446,0.3800168271974138,0.22696493988740374,0.3839739913184201,0.26621113888026865,0.4943613961097818,0.3278785485520801,0.2811105062981427,0.0,0.3108191791764516,0.6239485558203537,0.2646630925197111,0.25267935239627765,0.399037867211958,0.35133861420102575,0.36121331513608157,0.1770573147011596,0.2778900680367955,0.4574835369543717,0.5333675507164253,0.16447524173832545,0.34391627402296315,0.24427360055006936,0.42004318192256007,0.3232822999019448,0.2538238794261327,0.21225390844232137,0.48974243711504367,0.3621839137085272,0.15629356156320534,0.32131181618588034,0.3210948048932726,0.37087378410446104,0.48265089874543277,0.0,0.0,0.27954526002675334,0.56879230732696,0.6222425190962415,0.0,0.0,0.0,0.0,0.0,0.0,0.0,0.5768399646367931,0.0,0.4259782852093709,0.2745130579041074,0.0,0.5883382816143408,0.4836176830342513,0.5281342182975717,0.4146868941792332,0.0,0.0,0.0,0.6228630972164841,0.0,0.4761466975197759,0.5270358607990039,0.47299188511810136,0.0,0.23279395795414942,0.4827846837259905,0.0,0.6638729732745918
0.45508603363897854,0.44987351579992446,0.3264035527864978,1.4452912744224986,0.25805533061224945,0.492978680135801,0.4475777094628407,0.48175828280569405,0.3184620091474111,0.24631432634273784,0.31474707301170485,0.5352159108578325,0.5052624802243324,0.4812832935603426,0.43102591637421483,0.5061243342456694,0.3108191791764516,0.0,0.408354913401609,0.3170607907305245,0.45958737158463536,0.2808104701900225,0.4669229916934595,0.5784224287773931,0.47588028705355034,0.3376526373216808,0.5053269069033367,0.3435235122211229,0.38225004319130607,0.3936605456058565,0.3548843475241966,0.2817867664423601,0.45367023332870554,0.5186884115682406,0.36083152237308014,0.6381005518642335,0.4072475964066089,0.22152034152761277,0.260321138684642,0.5893063220076097,0.5394434324730568,0.4618461898278235,0.0,0.0,0.5555954874584704,0.5173201143256897,0.5908614505067771,0.0,0.0,0.0,0.5200534238174347,0.5139996815451995,0.5860913101167256,0.0,0.821531781702101,0.0,0.7135684841114674,0.5554288589581377,0.0,0.4870130307718239,0.6195742242083728,0.7330541678623049,0.6120954731575448,0.0,0.34416079463294685,0.521497791743863,0.46200426415284157,0.7880871510907947,0.6062099532306429,0.6383238464855906,0.5926447203671837,0.8245533365761512,0.8205046789902644,0.5690570691965338,0.0,0.6427336422996501
0.0,0.4749958846466015,-0.18828725770905178,0.35241945975698874,0.08214597584318803,0.26596758102970075,0.2863871799675691,0.3437338644880543,-0.1225778504712127,0.2791179707385274,-0.20579928494174818,0.34760074228807347,0.3706135694259689,0.21333149626986764,0.0,0.4584566082390419,0.6239485558203537,0.408354913401609,0.0,0.5253793348287111,0.40216057500373237,0.4464476196693514,-0.024813143978001245,0.29603790836762467,0.2995107149731901,0.3040501474658216,0.32054732943369924,0.4100374976433522,0.4075756500396024,0.5331247221604077,0.4000187257719099,0.49010476536152353,0.4158903569529081,0.4256618310426586,0.5620533004693267,0.3419214282797679,0.314986625996204,0.3477107505950236,0.7221189272160988,0.464836496822849,0.23485473375095697,0.17297227314781768,0.6424109653029882,0.24656788984537045,0.010734493154136283,0.0,0.0,0.6855438474179681,0.0,0.5227129417438441,0.429009936140043,0.529492831589212,0.3531262802103213,0.5018381029951431,0.6246493214018948,0.2529655101953471,0.41790871430910814,0.3972003978049354,0.36581075597406926,0.0,0.0,0.0,0.0,0.6545657035930029,0.4786677234499172,0.0,0.49485089291103573,0.4656291763947743,0.0,0.0,0.0,0.46230059870597373,0.3974020234709894,0.2276352482577865,0.4753421815247423,0.46405569920978723
0.3772609013950261,0.16445700791307405,0.30618010063341605,0.5184447650361235,0.37894620799871986,0.3405997942391897,0.317205354299107,0.38410300552165555,0.4365008953178545,0.3157892787418699,0.45889910294398906,0.5750640821372287,0.3955195557157047,0.4561161305934685,0.3367921687550557,0.2955978618440244,0.2646630925197111,0.3170607907305245,0.5253793348287111,0.0,0.3290728703047724,0.0648043566336973,0.04514550229284672,0.5859061097987378,0.4309987933783235,0.2697389965048447,0.06525526128798029,0.42204695043254664,0.2585288641603206,0.6947865836824605,0.22537857795579191,0.23173334094276352,0.22785332178434575,0.33129589146252547,0.40674551111060087,0.6478130201890921,0.25803008969609875,0.8077947583231135,0.32661672909632355,0.47289975658034966,0.459789230007469,0.4689747614821103,0.5163807639484943,0.47116159998790963,0.3550631231325036,0.6941832476010477,0.5116722207503449,0.42294747153362544,0.0,0.0,0.43718901947427646,0.4898311355309458,0.39894947448830775,0.5584516539642213,0.7934136171292125,0.0,0.2987519610992587,0.5330562472709318,0.0,0.5397258232353724,0.5016596407961369,0.4672053498106449,0.6255404704669673,0.0,0.3967218878409616,0.36874342877200394,0.5379032197690816,0.42141631953132214,0.0,0.5248025942109257,0.47673977985943816,0.36536807548402883,0.38049481271709346,0.4082707122458535,0.24692999795242956,0.32371618534190527
0.29004043317004224,0.4773868362083697,0.30890227473624854,0.44533032699315434,0.6084694544919083,0.5797183458333927,0.3462910469566881,0.4131528476099667,0.4508004478275076,0.3285254925342434,0.4974878953855398,0.43784794337583605,0.4161713154547172,0.4854238887376775,0.47151047460703965,0.534377494602093,0.25267935239627765,0.45958737158463536,0.40216057500373237,0.3290728703047724,0.0,0.43585400233864413,0.4554983610560074,0.16216251193961514,0.4313750049979556,0.45140125602705844,0.3061601466588505,0.3684772496307235,0.34687469367913004,0.45226766226610643,0.4321758748174829,0.4002958067269847,0.3930798007443205,0.4759558810067382,0.5446673964211115,0.18866356617994184,0.11640833853851984,0.38280035508973853,0.43334066983663766,0.6922012383551104,0.393430125169984,0.48694543173712873,0.4214570233247934,0.0,0.0,0.0674528028009288,0.5761788549074893,0.6029384889473983,0.0,0.0,0.6303942293214135,0.5825513749168902,0.23941280614293992,0.7147433949589967,0.37970186526544997,0.0,0.8245519418860078,0.46893135202327413,0.0,0.5066748161899145,0.5974312048617724,0.0,0.48497303573763856,0.0,0.47438389968527284,0.6426220068806696,0.5065507287405642,0.4768491205596519,0.5487312571210006,0.43125718231738114,0.6147501234217427,0.4282576193793827,0.360983325116643,0.4754069225003008,0.18772646856855232,0.1749387286003421
0.29356892481909225,0.36321645010703557,0.50448389585362,0.3319991923193222,0.41946655083784345,0.32528014120429816,0.4254371716884184,0.38215458098875565,0.4429356458916036,0.1745322725364613,0.4332892103885304,0.016432982281346903,0.39953305356648594,0.11233640050201155,0.2771287294174931,0.3332456314802286,0.399037867211958,0.2808104701900225,0.4464476196693514,0.0648043566336973,0.43585400233864413,0.0,-0.2954820159337283,-0.09205814877481777,0.5188901968101096,0.4372492732799197,0.05867224791417844,0.4242568935861336,0.2602041987180882,0.4257349287851205,0.3389621349506088,0.3932499145682278,0.3434722432137497,0.4676464853976333,0.4846681561208064,0.49496053340158314,0.48875094404006875,0.47645489737216545,0.2657120688338491,0.5574001708686833,0.49116866263218495,0.5118755611756336,0.6928748220087679,-0.020021477312418157,0.420570330197734,0.4012939516995724,0.5630950341136134,0.5192555625637945,0.47984467403983877,0.3995046384381109,0.6706826325339946,0.8376356017495838,0.5944545047711556,0.5350568841599009,0.3705476685311669,0.0,0.5263854972806637,0.6659107287783076,0.0,0.6069068531571182,0.53714962687535,0.4304736760272576,0.5964820741038694,0.0,0.5308485746843724,0.5140814863082134,0.5464875455290744,0.4340410230082799,0.44602708473149383,0.6101029861552656,0.4235042043900333,0.4394891145729607,0.43444991233254576,0.49383200219969564,0.38633204951140154,0.49710556263258066
0.44319602958858223,0.5677873360092988,-0.05914094190303634,0.44374712318596715,0.2889384589694407,0.244350606943762,0.30339516301704517,0.34634634507719475,0.3034972625068849,0.03475045472184374,0.1778274920244044,0.5024361783751139,0.3297533901286542,0.47508788682899045,0.06484279672511584,0.5723447525721548,0.35133861420102575,0.4669229916934595,-0.024813143978001245,0.04514550229284672,0.4554983610560074,-0.2954820159337283,0.0,0.2662400516959291,0.5068631073590038,0.3387361996373514,0.2521205749354779,0.3709063282879633,0.4397858856399547,0.41757001414277295,0.4582627167368525,0.42824833363585324,0.6210240329829135,0.4469371568985686,0.5795812730661982,0.4089482029255894,0.4675199752245808,0.19313931308110469,0.5086900704556947,0.42580893959207516,0.39004748964906577,0.5677628455481767,0.6222674985821355,0.573439939457674,0.41724547631279973,0.3377708110678359,0.5928345458843071,0.6052354300290383,0.19239255280776382,0.5974974278934302,0.5194943617766689,0.5629391909285131,0.46176168052825994,0.5952181327150486,0.476049249644326,0.2345219921531728,0.21953868834755666,0.5220870403648238,0.6329599092206912,0.5556229859489835,0.5296769932353886,0.4739616464144139,0.4451908383136465,0.6400046306159151,0.5309902553369359,0.5111796937340164,0.5349120826596093,0.5985407731780668,0.36833683896726344,0.6364009142621356,0.4669118229608913,0.4950268299749345,0.45576457241959256,0.5562392243943503,0.4920227014146607,0.4454376029178248
0.296391031180708,0.22131322399265602,0.06583480427964744,0.42059351995888183,0.33942321256446695,0.246603834731544,0.40399620141472425,0.28245576425631236,0.4689236882640226,0.3416008977824704,0.33023335066026244,0.3134172500314154,0.39200537598271706,0.581838680881986,0.20725076276536342,0.5171278005747548,0.36121331513608157,0.5784224287773931,0.29603790836762467,0.5859061097987378,0.16216251193961514,-0.09205814877481777,0.2662400516959291,0.0,0.540458876272323,0.27398650046852696,0.19237575293305192,0.4744572645420868,0.568809918234598,0.6084456502250888,0.3311809598369756,0.33283666880458096,0.2874446565954607,0.1870607253577017,0.15373110530534356,0.4636519042001722,0.3112340495120214,0.35079484497846863,0.5999263070915695,0.6728573338173331,0.7282958857914931,0.6426482479516484,0.6656720203608417,0.26584630955696814,0.5449846911183993,0.3476527916612758,0.4690631119789902,0.0,0.0,0.46420822699519343,0.46778841046726427,0.3806178626674278,0.0,0.3281178608109776,0.6233162210361682,0.4988101883734833,0.6006446744896283,0.43880509829611813,0.0,0.3591644535276014,0.48837929887151776,0.5854334731372054,0.5614759874862296,0.47771582964416454,0.4030602384233384,0.31419257163969966,0.31480694389795427,0.6438213580617935,0.3994089677839747,0.5286183385957111,0.43391561574060933,0.337052313307606,0.6471390780562702,0.5857948384573491,0.0,0.6392821174851555
0.4569064831807451,0.38540240821695265,0.5719571046257345,1.0038123482948917,0.4649477425552381,0.5537839443655366,0.4760159124136547,0.4952393641286181,0.4591292442070412,0.4825740088439784,0.3620017328158184,0.42669664967043464,0.5354993627376226,0.40195370733508984,0.39991828545195196,0.5249985371231676,0.1770573147011596,0.47588028705355034,0.2995107149731901,0.4309987933783235,0.4313750049979556,0.5188901968101096,0.5068631073590038,0.540458876272323,0.0,0.2822430104452515,0.5684320608349707,0.39394311851440855,0.47392935115998946,0.33555538926199135,0.36538910294214993,0.17544295677934663,0.4666721481668302,0.38310397759368614,0.3914713276013868,0.4906205577270727,0.6163792674143993,0.3546879144941156,0.36154544295779767,0.6612018516107947,0.6205066141653689,0.6107601639575171,0.19150704056240292,0.0,0.33212130551874586,0.4850676735155518,0.6653918865085593,0.0,0.0,0.0,0.5557569363874615,0.4422399852904774,0.47249707141377917,0.4249823737858148,0.6560512811409571,0.46899920595487465,0.591922483371352,0.4261956590302606,0.0,0.4635039919477175,0.6820394074689399,0.6217729707110006,0.6786551193185215,0.0,0.5778216674899593,0.40303594464868664,0.5864862434895264,0.47378854355903616,0.46750379561671096,0.6624176476791499,0.5369846186062532,0.4589913689808777,0.6241822524520786,0.45516173429880047,0.0,0.6597723579819493
0.3485809500336275,0.3193306788490279,0.4158635331898771,0.16601409866046007,0.40655635424311876,0.6564054017592004,0.5503491263371826,0.3971632816722154,0.6261103140954631,0.2758975277351665,0.35524825633054385,0.35138511395556005,0.49440468471340093,0.3374323412571498,0.11475026309180991,0.35754200029230554,0.2778900680367955,0.3376526373216808,0.3040501474658216,0.2697389965048447,0.45140125602705844,0.4372492732799197,0.3387361996373514,0.27398650046852696,0.2822430104452515,0.0,0.3187020953995966,0.420570413891153,0.5533832749551328,0.39886660649495403,0.25249035893298594,0.34396675947322175,0.3683481953664005,0.3139357693354497,0.3796096006642973,0.4011851430534229,0.3030997755003451,0.2255628452195544,0.258975929935497,0.5391756264392975,0.6395926533301519,0.43006560268236094,0.19945624282613597,0.5123567810650983,0.44596804648926747,0.22450045422105308,0.6401478763878543,0.6431858775387417,0.0,0.0035818796898254785,0.6513248438350254,0.845745000839229,0.4284591667303693,0.7691261860376368,0.5850075471440013,0.0,0.5803031913200359,0.6381622302436729,0.0,0.5384396273124514,0.5279163628677787,0.5383422849101016,0.5313221760023417,0.0,0.5923424669458451,0.6339883893660857,0.6701739220988149,0.45912922644710785,0.45086720652130696,0.5226560410426457,0.45224791142875853,0.5112337890123755,0.5647146118500073,0.6364695165516954,0.4796940494837916,0.5071498264697041
0.3490823336585778,0.3773487010523494,0.38636816888734526,0.5164111400940355,0.3232767095048096,0.30752796434887053,0.31479649366849954,0.23302881673284265,0.2908385868923483,0.3454405054069165,0.31966137223698277,0.541221946902208,0.4192791452103039,0.298101811780358,0.1667714826234603,0.42061422153563854,0.4574835369543717,0.5053269069033367,0.32054732943369924,0.06525526128798029,0.3061601466588505,0.05867224791417844,0.2521205749354779,0.19237575293305192,0.5684320608349707,0.3187020953995966,0.0,0.37144288900088007,0.14572219131284866,0.3213749307415854,0.23390125416012497,0.34443678882901463,0.5196396059661719,0.3151453954019075,0.3842774634399576,0.30005519225228355,0.6042111648567734,0.30263591995293815,0.40143271618018583,0.5459610667674126,0.40338452777512684,0.5369242871129456,0.5024450365191198,0.3643808915710872,0.2317631878737649,0.4080753700060993,0.43830481152546086,0.4273410580545589,0.30167330447807594,0.5580327225772452,0.49305415274131165,0.5265797666002501,0.43173758680499075,0.4949605686122449,0.5552944484486686,0.5284069492286986,0.1675744293168984,0.5290298705875687,0.6928768962147372,0.3956802465997894,0.5022416050108205,0.0,0.4833582075316843,0.5654696891594784,0.4372599069249924,0.35017741442745476,0.3707702548456234,0.44030114602109305,0.0,0.5366031609744799,0.3929979191625425,0.5107989482520321,0.45424966551942153,0.4663282952144839,0.3269547103833758,0.4168843690266516
0.7461561011474462,0.566438549266446,0.4662894264868206,0.386224284523923,0.4987751529214576,0.4867815692526206,0.6269976149511705,0.34269825547326804,0.4869518941531998,0.3987024939978203,0.30907354834659867,0.47990049705251525,0.5355471468503605,0.491494101797752,0.3176736857759902,0.5395309446179115,0.5333675507164253,0.3435235122211229,0.4100374976433522,0.42204695043254664,0.3684772496307235,0.4242568935861336,0.3709063282879633,0.4744572645420868,0.39394311851440855,0.420570413891153,0.37144288900088007,0.0,0.4473209700884315,0.1323695796897988,0.24530000055409149,0.43857599674438597,0.6343383623679717,0.13567916884206524,0.6741762491311364,0.4382233655613465,0.33011771612341123,0.4447951118743397,0.24808970627573773,0.39761932007212053,0.5879687363898948,0.6370536521151439,0.29507850368592886,0.2503409396809885,0.5822508674697584,0.7327863588338674,0.6716792504237437,0.40745802795235575,0.0,0.6092320418616382,0.4811349840808359,0.5072073188497755,0.45505540499038594,0.45688317207021484,0.07948785246925649,0.4043003511096047,0.424364105894943,0.5094349116392717,0.4020496906856488,0.43430948653402685,0.36813802110328164,0.34907090017628184,0.5744634322822242,0.5963888791872629,0.45608201668467124,0.3804035669914722,0.5504741845904609,0.4753866515046654,0.25808907671949277,0.456697888780737,0.4018949843165186,0.4785665573900768,0.345146929485473,0.4183919150112533,0.419788509661545,0.4035463995341163
0.539493290937063,0.3510908140556561,0.6400506855038756,0.48300864659727655,0.5572297213206776,0.3931274758203574,0.4860575977172036,0.37875055230991694,0.4114839176658743,0.5147698758801302,0.23042490626698225,0.657474887168757,0.5696366806929873,0.28076015335793286,0.5278678754260138,0.4241142769102265,0.16447524173832545,0.38225004319130607,0.4075756500396024,0.2585288641603206,0.34687469367913004,0.2602041987180882,0.4397858856399547,0.568809918234598,0.47392935115998946,0.5533832749551328,0.14572219131284866,0.4473209700884315,0.0,0.26325094327953935,0.18522185912272243,0.32691194916272204,0.44426336042902115,0.32027169092335883,0.43170023653670514,0.0700447236191526,0.41458485593157224,0.5661084860062287,0.4039337806441994,0.4630123039325629,0.43467292712254046,0.5246939018610781,0.2965570540828702,0.3233587747987063,0.3988137847767534,0.4956236870566666,0.5258117226724781,0.48199121240517245,0.46734860163586045,0.3698330143950348,0.5098894658270068,0.5799830308250791,0.4648104957582799,0.5437624138490549,0.5062467686280311,0.18738302499693835,0.3390810475710566,0.5126214480746496,0.5674290284488004,0.4962008774201479,0.5269057481787871,0.48279349052946097,0.4676581466581798,0.5997860089567324,0.4584507395536353,0.40948383891774887,0.5862472627480292,0.5033261542238842,0.4857087072085104,0.5546162404865926,0.6077761875327523,0.4926066954515305,0.47275825245361536,0.4939990540161943,0.38940580060627317,0.39479538546737225
