0.0,0.793297384357468,0.6043204639280239,0.0,0.6733313873251499,0.5916439146865653,0.5249253552852653,0.8644834737694712,0.6632127823589393,0.5323359294061434,0.5410259244612748,0.7030896555916303,0.648479897275174,0.9029627100667839,0.2923392101779039,0.8916586573466687,0.34497133782079675,0.5425611598454336,0.0,0.4725752357696726,0.23722784053332976,0.7009673233025683,0.6891863042832999,0.66003704185261,0.5106750563581989,0.46291376950716395,0.5639194496964427,0.6707001585818185,0.8490376249917282,0.5893419379908884,0.7049830875415513,0.7950479698920165,0.8085346204202781,0.6861624497780237,0.7682138097838269,0.7884407174797138,0.44718000882827835,0.8760186535294634,0.5704901136024856,0.7309373283640314,0.5018540415047281,0.5569413245672705,0.46953070285448706,0.0,0.7906871189876228,0.0497834715878267,0.5956218603676534,0.0,0.0,0.0,0.5256399802270475,0.0,0.9937864735237262,0.0,0.39976237444165585,0.0,0.6417240409004075,1.1091054868217554,0.0,0.822775662937246,0.7464535293642378,0.6245327969522693,0.6178440821684423,0.0,0.36622232949115074,0.29493825473387436,0.61989176341811,0.7049626890321791,0.544050861787954,0.5774920708361119,0.6479299978161966,0.537048445557844,0.46338730292403524,0.8079258360952513,0.0,0.41369286759102886
0.793297384357468,0.0,0.6471923689076283,0.41610157085861366,0.5859512941352593,0.598289338010058,0.582672073868115,0.8016694223999217,0.4945046852973002,0.44119826437691484,0.502599836756372,0.7295694647368436,0.6512955493429129,0.5097584591827223,0.7149208850304514,0.6469216218954337,0.6957152049553501,0.6343033626571162,0.7558375090160573,0.7167962302185059,0.718873783169953,0.7553915386948893,0.9057053850075003,0.6549479385340258,0.6055220735112187,0.6409177809625919,0.8994165726831063,0.8399712124583705,0.6917124037021789,0.5942870000156398,0.7397519575084461,0.6479437278383404,0.4821862345543857,0.7513858216184437,0.750784756544127,0.603036069146599,0.03898260694328453,0.0,0.851396944210137,0.9413967834351126,0.7425763261483725,0.9336000891347976,0.6163737895827708,0.0,0.0,0.7063792989205758,0.8174854527903612,-0.024963454651250293,0.0,0.0,0.7359451945558377,0.7797254130186929,0.7488866579641917,0.825734542543752,0.7265662746925456,0.0,0.6565436989016848,0.8455586245669571,0.0,0.8316062672420687,0.9143328777555798,0.9972644519998637,0.8672411452107573,0.0,0.8133938780457481,0.8411240855064714,0.8041425685536503,0.958659849537177,0.57621026948785,0.886787489247299,0.8555419616810738,0.8069607560519657,0.9338674707823675,0.9633174181928463,0.0,0.9197074237108408
0.6043204639280239,0.6471923689076283,0.0,0.7587996640060315,0.47486070638383754,0.5627379536958226,0.835551431506307,0.803261302394813,0.06758161607705829,0.8126865468724936,0.34420809169436584,0.8892657768964493,0.8383073891187527,0.8868822870655891,0.7647903977568101,0.3931960598343015,0.8576061536766458,0.7555890362077453,0.1960600828474893,0.5486606259162751,1.0407251761809468,0.6350389510931913,0.38082727187115667,0.6358634620229422,1.0117311931429172,0.9900546406940767,0.4218909705424222,0.8119273742565769,1.0140145303989863,0.6782692224877114,0.8181567359926082,0.8479203404914852,0.8738940846916032,0.8885778938853066,0.7859359755805153,0.8407398911950598,0.7551162290716552,0.7246036069064854,0.49921569558284773,0.4964214740497417,0.49714339131048424,0.4703583487520128,0.36106004607031905,0.7472117070685372,0.0,0.0,0.4175901951583458,0.4466189945213456,0.4769978845136681,0.6261954490078447,0.711370508802098,0.7141864787266411,0.6146841571412023,0.8339076065220349,0.4062835664039832,0.6840380901132481,0.8975918122826636,0.6923080662216818,0.5043820620613448,0.3961835192521008,0.0,0.0,0.0,0.3524808764209833,0.9343678901162837,1.166262098303419,0.305710687298811,0.8145520455981168,0.0,0.549043967168745,0.7120155178436325,0.657141877749269,0.6866826184686377,0.8524241076128349,0.7126941374338721,0.7305194297687507
0.0,0.41610157085861366,0.7587996640060315,0.0,0.6741163889529285,0.7860687320216995,0.7738353143130965,0.4718588234609139,0.9316732588879242,0.41761643992686337,0.8712402567900921,0.4815448759130084,0.9129622118993725,0.7699722403581679,0.6187804818484544,0.24836790594827535,0.6407669238238576,0.46876157789802847,0.8803262133519366,0.6369998705818488,0.4238072702287916,0.7557921462389534,0.7684472218186655,0.3893666613810489,0.7913224212035722,0.6299591890560272,0.7671456155858237,0.4302767291597461,0.7102915491401023,0.4432157681652109,0.24451754153693372,0.5928629090834422,0.49974189582051143,0.5297155484789141,0.6545067064516034,0.4500838598674251,0.40039447850405707,0.4040702176177746,0.3981329591610337,0.3906988431874787,0.4905602536815311,0.5198763715982799,0.4395534561656894,0.19661517575666212,0.0,0.0,0.0,0.4707087765591511,0.0,0.0,0.6888980986199301,0.0,0.4680952418668021,0.35948387289937156,0.0,0.482012583517445,0.3845146247046628,0.4861719285909011,0.0,0.0,0.0,0.0,0.0,0.0,0.0,0.0,0.4815001232331221,0.8099267933551629,0.0,0.0,0.0,1.0694487335958243,0.4483465210695542,0.69189241450228,0.0,0.0
0.6733313873251499,0.5859512941352593,0.47486070638383754,0.6741163889529285,0.0,0.48402669623872013,0.8835361563844006,0.7404060672983693,0.4129079195784501,0.9284198533345505,0.4322620129164757,0.796371876919197,0.9038351388607688,0.8156473643220745,0.8750863930456783,0.7196770344558197,0.8245722247660603,0.6171733997989775,0.41168438573611016,0.6620603833457728,0.8492739218864438,0.7401438050550628,0.6829803438491888,0.9732350751899368,0.5960781555448404,0.5169760271521674,0.5164865460170265,0.685959643349763,0.6327102109582101,0.6711256209467242,0.8384954941462892,0.7022549716213968,0.6178471280151119,0.8588995455400021,0.7529037642432863,0.7310642037541328,1.0499869541095552,0.9317503910133498,0.4843680634561046,0.3991463121863013,0.38333460434898636,0.38242265165859024,0.42322142045595346,0.46936616081261673,0.3801537465226913,0.0,0.5089788901586147,0.7230943998365846,0.0,0.46769855285497475,0.7299885444491774,0.6023374749386237,0.46601235628405124,0.7802140119504613,0.0,0.5340816181533675,0.46281372265372955,0.7044874341720748,0.5451851967637495,0.451141531000081,0.5096900381766702,0.0,0.0,0.6878179909097719,0.7329227335016313,0.44539961838475794,0.7972757563454269,0.7403090089441813,0.0,0.49726374106394644,0.8039304015291535,0.7858537888225896,0.7236749680356183,0.7438804289489236,0.0,0.6995172834504144
0.5916439146865653,0.598289338010058,0.5627379536958226,0.7860687320216995,0.48402669623872013,0.0,0.5923671566750857,0.8667965712618766,0.29667988746863266,0.5398406665055528,0.594105636718754,1.0352419651496798,0.7101421606513503,0.756906407370139,0.8623562768679367,0.7700966353693033,0.8524788304895662,0.8607840203976637,0.2633383036029562,0.8044112431501906,0.9326452293963914,0.6395564095341056,0.6416388839082537,0.6023816874675589,0.5630611238232291,0.745161821585002,0.6575345428708412,0.808625634749063,0.6976122998808383,0.8221667624424107,0.8478396693211536,0.8008419654328724,1.0188942822248603,0.8137655425056354,0.7853358764508971,0.8477889883174026,0.8787112765554641,0.8456366679926611,0.882973456500838,0.505825876920031,0.8460667880224368,0.9419654444177443,0.7323922815976007,0.6214749767679757,0.5871522195553935,0.7293388734648258,0.7715985798904855,0.8091015954472647,0.8862185634502875,0.684680717757332,0.782169266061899,0.8588399527137063,0.7665401022664459,0.8851284335587293,0.9524966301026123,0.6989203631246659,0.642713645872947,0.7995041518170333,0.5324553964339159,0.8056951795898734,0.8150246475836896,0.0,0.7820449047312747,0.6974458771518521,0.751893313060036,0.5854463013288163,0.7810310057696521,0.7793818358673148,0.5029295285238133,0.7569543868289044,0.7706529634604598,0.7910533182814172,0.7576541500604779,0.8123124184791466,0.6627235445432105,0.8095612838297015
0.5249253552852653,0.582672073868115,0.835551431506307,0.7738353143130965,0.8835361563844006,0.5923671566750857,0.0,0.7347016441674035,0.8889059836839935,0.5512459381973871,0.8684004307788403,0.42726832600347997,1.0263921215760217,0.5107249260458873,0.6750109298437101,0.7768071163507193,0.9004144284178734,0.7794923497430368,0.829870423188613,0.745754654186198,0.6442277131602314,0.8185279925606366,0.7761824144192853,0.46354001155314994,0.5775491266502456,0.6084035993647937,0.7310496654419507,0.7528096073853932,0.7211328487403601,0.6878086568433255,0.7777928282194184,0.8876485345329945,0.6824087543436494,0.6676593838452174,0.5151293488170647,0.9590981080344093,0.8685355199224882,1.0007910325217804,0.7546483850369485,0.1806521970717794,0.09802641939821513,0.2564049028324902,0.4108538165819034,0.7526355333311341,0.6321521358022848,0.0,0.7183790321173282,0.638473933449385,0.0,0.4990767442229486,0.7453790327551513,0.7883645755408386,0.5860833353914048,0.8115626109292227,0.7961056148905605,0.4747192466586045,0.40078534816578226,0.6754101994989163,0.2714665936157381,0.6428648117908348,0.691848119144675,0.0,0.512521718369209,0.5400373222683368,0.8625669884537457,0.7102474741018217,0.7440707888992472,0.7267839115019137,0.4679306182922459,0.9871440150851005,0.7189644694430902,0.6927757236383161,0.6551812234282348,0.6809581204066899,0.94960737931433,0.723584738388845
0.8644834737694712,0.8016694223999217,0.803261302394813,0.4718588234609139,0.7404060672983693,0.8667965712618766,0.7347016441674035,0.0,0.8046401798394431,0.7094577157178563,0.8172087219991913,0.8651896714329795,0.8313759006251399,0.9446787021573175,0.7181620096236822,1.0479190692682125,0.5139719462481367,0.9061070602909533,0.6846387247811001,0.6176551752483197,0.8958520151944009,1.0233623576944513,0.9554315288400405,0.8106530967031456,0.8904821299472513,0.8757196096746145,0.9553032540202901,0.8031711701508131,0.8088430073386592,0.7695461411950477,0.8258980378061171,0.65907539214657,0.989171085036547,0.9520224978294192,0.8876075285378419,0.4154638740398078,0.005055806573033728,0.7331617348118025,0.540844349380128,0.8698133960696524,0.44096857865647343,0.5953902279080232,0.3288310534816506,0.4885579536239565,0.0,0.6764187118397331,0.6924817291301102,0.7173646657435958,0.0,0.5421980063764877,0.5471922069338312,0.6067775570914754,0.4293894572954494,0.7897661918008664,0.637273235192521,0.6076164217231329,0.9606373468380388,0.6249533134145977,0.655373942571901,0.9229915247306449,0.7563756507019492,0.0,0.6113720888544171,0.7774646863316708,0.5023726293254422,0.1585679006182422,0.8187630139378393,0.649275107962743,0.0,0.7923538837091302,0.7634237073028158,0.6188951964213024,0.5374388876578396,0.5553714919571565,0.4838041751286009,0.40866973014624
0.6632127823589393,0.4945046852973002,0.06758161607705829,0.9316732588879242,0.4129079195784501,0.29667988746863266,0.8889059836839935,0.8046401798394431,0.0,0.8885560755351267,0.13278045455068338,0.8731832943094204,0.7953115859631064,0.8173682654735579,0.8588259660180385,0.7742816579499721,0.9489713208703343,0.8813307846535,0.03586785391190889,0.7170245852836014,0.6591662649837852,0.7535152775836356,0.6298692556640574,0.9122716007106795,0.5104925447440057,0.6143816010240197,0.23458348392542852,0.8815263202690797,0.781181271416997,0.8007462848401186,0.8658800741099049,0.9600653359559331,0.8430221477999118,0.9249410954477115,0.8604426306121203,0.967474412294799,0.944710272059884,0.9316944138293808,0.8145764965700139,0.4167223443332796,0.6152591113638064,0.995956398099815,0.4060699281744833,0.45197900981393446,0.5340644400840362,0.0,0.6286775451968545,0.7793370759212813,0.4774868317852332,0.8210309740561428,0.8721408978339913,0.8851759702793408,0.674925404494427,0.782134712017706,0.5388329561451051,0.7555143658296293,0.7876260776693769,0.7584339061295167,0.6142239597312995,0.630846833337946,0.6759893606329281,0.0,0.0,0.7659439732775293,0.7972331321619909,0.5925031788329785,0.7829854627911337,0.8555295724760545,0.42933615583939344,0.7642301167971333,0.49622631038774906,0.8839673024243062,0.8271781626667856,0.8200997908595578,1.0132164836949067,0.9731214771692225
0.5323359294061434,0.44119826437691484,0.8126865468724936,0.41761643992686337,0.9284198533345505,0.5398406665055528,0.5512459381973871,0.7094577157178563,0.8885560755351267,0.0,0.908078744014075,0.5874745052277728,0.8297573100877511,0.89600307309952,0.3895275882480138,0.5042381567746964,0.87858124657108,0.7756647526631331,0.960133994411386,0.4982754707590644,0.31016420050665494,0.4319866093678233,0.745772056674018,0.6166997785930068,0.7485616847118584,0.6656933272646428,0.6354056680303624,0.510705681003936,0.571698880212447,0.5623470557315999,0.6911453709863133,0.07865135586913771,0.6630316445385754,0.510093508720452,0.6402442426572481,0.7772706178880637,0.5794431627203058,0.47771012074595276,0.19777356749824268,0.2086328777955548,0.035535195383438634,0.17102426633382828,0.23631115668747615,0.34102596007890673,0.32025599625108636,0.8102957605562586,0.7499204193505713,0.37866824549718736,0.4705375214103381,0.4521791135748409,0.7895017986518162,0.1043266893122059,0.7224068326852856,0.4309718802809973,0.45299133549515525,0.5817374160196642,0.5280794904423651,0.43966773647630053,0.0,0.5900208715228854,0.7397994871557467,0.5747035418917312,0.5860512298394283,0.4812759514576243,0.4856870437040935,0.92115096400555,0.5921562038792658,0.7774914469401842,0.2523813360959482,0.6329506724280356,0.5234110896215832,0.8888543437772343,0.3860167232682732,0.8789016694979573,0.0,0.5619868535355638
0.5410259244612748,0.502599836756372,0.34420809169436584,0.8712402567900921,0.4322620129164757,0.594105636718754,0.8684004307788403,0.8172087219991913,0.13278045455068338,0.908078744014075,0.0,0.9088064904786108,0.8832475685402608,0.9295294573359266,0.0,0.49060117645188306,0.9378034050173072,0.9728098727904562,0.135387085223848,0.5089246360569281,0.67480243803137,0.4510156811414171,0.8112347764454058,0.7583349684179057,1.0290724856605094,0.9481975647562719,0.44529377134758796,0.8997495118799472,0.705521197469329,0.5225396143110943,0.9142342693748791,0.9566468559425246,0.9828053652244535,0.9632195679832555,0.8983104828754331,0.9146409874731407,0.9590575222502699,1.0431122941780577,0.5356358397984222,0.5923070728741062,0.7160047989337601,0.6857063430749795,0.587673847663731,0.896154489309543,0.3328903262988375,0.0,0.0,0.34557620534827327,0.4801572242790884,0.5141969714041806,0.6253374247973726,0.5979158832172564,0.5355147751286997,0.5362981632924628,0.7427985821151404,0.6172701538082426,0.6029245751963885,0.7499720699755119,0.7674043370767127,0.0,0.0,0.0,0.0,0.3354991917100634,0.5851375945725091,0.0,0.5685132417707511,0.7808072243279767,0.0,0.0,0.9908478082943428,0.5509571706101195,0.6521816249492214,0.5294252252653078,0.0,0.9202943278733176
0.7030896555916303,0.7295694647368436,0.8892657768964493,0.4815448759130084,0.796371876919197,1.0352419651496798,0.42726832600347997,0.8651896714329795,0.8731832943094204,0.5874745052277728,0.9088064904786108,0.0,0.7284403709379083,0.68624823982231,0.3084690392059674,0.5403129192476412,0.78410905910035,0.8676474988322919,1.074012083145449,0.6474066308268014,0.6426744379320215,0.24547514438437978,0.7262636300244858,0.5206338334372798,0.804176528169352,0.5999963405051277,0.8486534356092703,0.2085638092909683,0.7333618253425256,0.5993696349580924,0.5974165358055277,0.3190508954666079,0.4216149082658476,0.32067370123728056,0.41739011102836954,0.5266841280104533,0.4187157547858317,0.2920092428804294,0.4049471546645122,0.19143812765131002,0.0646607917073404,0.2180645764440059,0.32665032735825433,1.21435212483615,0.19583396649574855,0.5831668498548205,0.7983118793058281,0.6483721178862736,0.5239559003461586,0.4411367883418287,0.4614621587465906,0.5492533205881871,0.37080465762733494,0.6880413823017146,0.4902391745758835,0.2496671328742202,0.6906937224834476,0.4141493560611496,0.5719942957534718,0.5360314462740939,0.6417173836817209,0.5244865151606181,0.6962486166343207,0.6314053277449716,0.9494693160806871,0.889287936544227,0.5863704996157151,0.6659860850807171,0.286099434332175,0.6544102347794386,0.505761301465858,0.4239549802978172,0.4437958149375034,0.5911735050986089,0.0,0.6134246738865181
0.648479897275174,0.6512955493429129,0.8383073891187527,0.9129622118993725,0.9038351388607688,0.7101421606513503,1.0263921215760217,0.8313759006251399,0.7953115859631064,0.8297573100877511,0.8832475685402608,0.7284403709379083,0.0,0.8048222811028696,0.8027466237847141,0.8459690160298747,0.8386952589305181,0.9315308108976446,0.8663346971332565,0.8944367470491943,0.9714708284128736,0.8109644059517125,0.8566073422425367,0.6829232078592762,0.7339038640314348,0.7273446162114225,0.8082061309339065,0.7592308062760972,0.8447063853602901,0.6643784533156274,0.774633469822304,0.9740476650111943,0.7896864176573481,0.8799060587978978,0.8729020106460317,0.9127396032683543,1.002155796049809,0.7810974260265509,0.5758647487113198,0.1609352836940025,0.42394922596966134,0.8833252760362426,0.33586099242044587,0.3682952995541159,0.29189029855694515,0.6860888720587837,0.8512489895625276,0.6840368324490105,0.0,0.5557764913853207,0.7632201839958791,0.7133257452847415,0.730656446928415,0.8296456477942196,0.6017187678392608,0.5239256227180064,0.7091004633208462,0.7636041162434977,-0.0809626240901885,0.6860883296253726,0.8259047396953114,0.6869812323562714,0.7733767346090941,0.6135677673950833,0.7186146546550072,0.742026651954927,0.7609444138730908,0.810394808975199,0.6109187107453116,0.8297858548391412,0.7728814484630745,0.7871404805064668,0.8144879274784964,0.8040946958773434,0.6302537198181906,0.7908915312444214
0.9029627100667839,0.5097584591827223,0.8868822870655891,0.7699722403581679,0.8156473643220745,0.756906407370139,0.5107249260458873,0.9446787021573175,0.8173682654735579,0.89600307309952,0.9295294573359266,0.68624823982231,0.8048222811028696,0.0,0.9138709322337959,0.5610143748920309,0.49716128440467944,0.4492936655231406,0.9146692922995838,0.7762860794132533,0.9766041906906817,-0.04327349751854946,0.9980166989211443,1.0308367457234078,0.6541800944634797,0.8262743091906132,1.125791853234725,0.649825969068631,0.5361484204391873,0.8947882283884097,0.8982963148992208,0.320808685939316,0.19982720871193937,0.9511512994770506,0.48367181277988414,0.7013601614469624,0.47124585753784576,0.7240881816818618,0.849871295893421,0.0,0.665100411184018,0.6795389703406545,0.5221754572185845,0.47631114919375683,0.0,0.0,0.0,0.4243815071163538,0.0,0.5301970778015211,0.5647240046658522,0.6195075221885404,0.5693279938257195,0.6112158805581244,0.0,0.6961026266287124,0.38029712718012454,0.7646692755177795,0.45653885596385535,0.0,0.0,0.0,0.0,0.45931123078526337,0.0,0.0,0.0,0.7511976809539604,0.0,0.0,0.0,0.6692701379213668,0.9611236617465719,0.0,0.0,0.0
0.2923392101779039,0.7149208850304514,0.7647903977568101,0.6187804818484544,0.8750863930456783,0.8623562768679367,0.6750109298437101,0.7181620096236822,0.8588259660180385,0.3895275882480138,0.0,0.3084690392059674,0.8027466237847141,0.9138709322337959,0.0,0.7676196563050786,0.7129681837693123,0.6769696778822576,0.0,0.33017490560440504,0.4851995580343459,0.4632585248265164,0.8963422048329296,0.3832021155765987,0.7148388882162027,0.45282942974897455,0.7663157686557784,0.7766828192032904,0.9053705870167394,0.606952484057824,0.6284697221810085,0.5418384634617966,0.7012992825176423,0.6679658675654014,0.6932496246366687,0.8796108804147946,0.4404774408645177,0.38397854412097976,0.5361870270824711,0.6824482010540356,0.6934665968272286,0.5452128673784606,0.5892418027863602,0.5842877616936738,0.0,0.777596475925535,0.757252551352237,0.7178162975301435,0.0,0.0,0.6013178831503952,0.8593789263422249,0.7789432007685366,0.6064057677079939,0.0,0.0,0.5780083255197983,0.7813921612503184,0.4783452726423466,0.8860603071675515,0.7678385178393476,0.5568807228893343,1.041740613319012,0.0,0.8929402982964763,0.7154380087638166,0.8335969236912582,1.011381735574921,0.4750206923598602,0.8073120541437573,0.7346388963993388,0.8813242407925168,0.8136312582418865,0.8279800775026649,0.7429670771249317,0.6857037581760818
0.8916586573466687,0.6469216218954337,0.3931960598343015,0.24836790594827535,0.7196770344558197,0.7700966353693033,0.7768071163507193,1.0479190692682125,0.7742816579499721,0.5042381567746964,0.49060117645188306,0.5403129192476412,0.8459690160298747,0.5610143748920309,0.7676196563050786,0.0,0.7749814181968647,0.8093081201971746,0.5124200312421714,0.8263844824989619,0.7839420502296985,0.7202807145417254,1.0502681263697213,0.5185721462589725,0.7024359649734213,0.734183516128031,0.9637428996672419,0.8838997881452177,0.9146038314630636,0.8567271143928616,0.7873037041059732,0.908628904623516,0.8656118795811699,0.7939867021902256,0.8965757100977974,0.7131097770367439,0.5350912374123689,0.732104260425305,0.89951374197377,0.8243900378811357,0.8983505607748694,0.9285483034576056,0.4684268652158627,0.0,0.0,0.5103403555814249,0.9212471753919489,0.0,0.0,0.0,0.7192566304682035,0.7928968861868632,1.0421758609665996,0.0,0.7862885402269184,0.0,0.5894436681191693,0.817457493629279,0.0,0.780211739312086,0.9858061851973232,0.33949966734669634,0.8492087929883538,0.0,0.8062395546305714,0.7462064889626151,0.8165712709309705,0.9668189495639565,0.5812299319042942,1.0128126361475591,0.9079529025143213,0.8234020996020714,0.7609499815430881,0.8750013918033068,0.0,0.8079263908674745
0.34497133782079675,0.6957152049553501,0.8576061536766458,0.6407669238238576,0.8245722247660603,0.8524788304895662,0.9004144284178734,0.5139719462481367,0.9489713208703343,0.87858124657108,0.9378034050173072,0.78410905910035,0.8386952589305181,0.49716128440467944,0.7129681837693123,0.7749814181968647,0.0,0.9452387853664832,0.9375366491281415,0.6356120908084103,0.7276306875485904,0.8045633581119521,0.645206751702115,0.7188486193740474,0.8205490643613225,0.6847825209564224,0.644462885732645,0.8965955388836476,0.7370167933709564,0.5849933099707136,0.6598614385419315,0.81225811128614,0.7711475582418539,0.7052141212741871,0.7058257000445594,0.6789802491226593,0.36736204713152537,0.3423651518347454,0.7964804077631812,0.5857560541840227,0.48614043553092934,0.8755695476979602,0.0,0.0,0.7012636306857098,0.8182348645167257,0.8110617460635795,0.0,0.0,0.0,0.0,0.0,0.0,0.0,0.609016833669019,0.0,0.5991230510695474,0.43099108210746256,0.0,0.5968988397615389,0.6443827191578159,0.6518083385332217,0.7116688179569658,0.0,0.0,0.0,0.6079645652506578,0.0,0.666979623542177,0.7738718902376913,0.67788865442932,0.0,0.37281546455102776,0.4816948434887288,0.0,0.590096410215644
0.5425611598454336,0.6343033626571162,0.7555890362077453,0.46876157789802847,0.6171733997989775,0.8607840203976637,0.7794923497430368,0.9061070602909533,0.8813307846535,0.7756647526631331,0.9728098727904562,0.8676474988322919,0.9315308108976446,0.4492936655231406,0.6769696778822576,0.8093081201971746,0.9452387853664832,0.0,0.8755139783740464,0.7522878537900604,0.6899230094364781,0.7612843040412973,0.8467947524438815,0.6263686885144911,0.6942958924748157,0.5386386340874937,0.9622435024090867,0.9141151183611185,0.9423347495304488,0.805001332973893,0.7164554298551316,1.0106404069554502,0.8989726321140785,0.8805955770758394,0.866754258924016,0.5999951291594185,0.4068141444838241,0.24036090805265883,0.8622658927246012,0.672891372535182,0.6273011454422288,0.7159832929178265,0.0,0.0,0.6466168569409136,0.3909485512452493,0.9361059359100841,0.0,0.0,0.0,0.6916078556438681,0.5062865510585886,0.6134769754090739,0.0,0.6292078746290404,0.0,0.5980404401325372,0.8813993173186728,0.0,0.8050590724652869,0.9601909305399051,0.5901914355925025,0.6030330054612316,0.0,0.7582076787841021,0.5355517580129721,0.9937285630859871,0.8535067351117761,0.6206319486651946,0.667499714911405,0.6255242858532664,0.7513188457454013,0.9293422352745779,0.7661329006934172,0.0,0.7708773191825262
0.0,0.7558375090160573,0.1960600828474893,0.8803262133519366,0.41168438573611016,0.2633383036029562,0.829870423188613,0.6846387247811001,0.03586785391190889,0.960133994411386,0.135387085223848,1.074012083145449,0.8663346971332565,0.9146692922995838,0.0,0.5124200312421714,0.9375366491281415,0.8755139783740464,0.0,0.49536952088270947,0.7406713149927651,0.7902740107502049,0.4351949445355795,0.9470270459322014,0.8930718402185538,0.8916795828283891,0.47438326382082174,0.930817323598573,0.7297670652711822,0.7152929752156637,0.8842621043539123,1.0335624206617888,0.8735836459482811,0.9392712507530979,1.0318387736743029,1.0296388224470172,0.9322852669158443,1.1131346043933195,0.5769735296032632,0.4673297355666159,0.38038852244325383,0.40918978177521403,0.556217073449201,0.6387803384940884,0.020372464740916703,0.0,0.0,0.41737606607642463,0.0,0.4658163027456582,0.6216479208709454,0.6959328454232854,0.5163601790370678,0.82357870929249,0.6600433435434557,0.7415748442094481,0.6723730039370508,0.5564533440147542,0.4926240917399232,0.0,0.0,0.0,0.0,0.41527483917426433,0.4823548116842383,0.0,0.4498587961226085,0.751459337124827,0.0,0.0,0.0,0.8166960360346205,0.8259706706600283,0.6743017482810201,0.4733824482226146,0.8553226905391913
0.4725752357696726,0.7167962302185059,0.5486606259162751,0.6369998705818488,0.6620603833457728,0.8044112431501906,0.745754654186198,0.6176551752483197,0.7170245852836014,0.4982754707590644,0.5089246360569281,0.6474066308268014,0.8944367470491943,0.7762860794132533,0.33017490560440504,0.8263844824989619,0.6356120908084103,0.7522878537900604,0.49536952088270947,0.0,0.8271302815882833,0.42478195566546595,0.2962205057542213,0.6049975025542276,0.7508152096965459,0.5380765243605813,0.912091568329842,0.8163670136758072,0.7768121924828968,0.14209276858998704,0.8467130762466863,0.5286098945612071,0.5790261306360152,0.8925293176751841,0.8578676872754408,1.012996177625766,0.5203326968806922,0.684947232404981,0.6592062808173084,0.6249158022650512,0.7607360274553174,0.6931364105725495,0.6416899710673626,0.19817607363134784,0.3636515991169539,0.6915477271047454,0.71508755783385,0.811855071003974,0.0,0.0,0.7254791316895371,0.7668613535520907,0.8712270918257679,0.6536660193700767,0.7819681525369766,0.0,0.7396984237636448,0.6956440825225241,0.0,0.7667886400958006,0.7594816201040477,0.4686799074267155,0.914771816712343,0.0,0.6808105729767675,0.6922194940628006,0.6137419057696403,0.811831963554721,0.0,0.8830359273517363,0.602082868502468,0.7662223496225125,0.6063677745427668,0.7387406728757256,0.878004006321643,0.6375270881850833
0.23722784053332976,0.718873783169953,1.0407251761809468,0.4238072702287916,0.8492739218864438,0.9326452293963914,0.6442277131602314,0.8958520151944009,0.6591662649837852,0.31016420050665494,0.67480243803137,0.6426744379320215,0.9714708284128736,0.9766041906906817,0.4851995580343459,0.7839420502296985,0.7276306875485904,0.6899230094364781,0.7406713149927651,0.8271302815882833,0.0,0.5627705194386898,0.8593260263716476,0.5429508465630124,0.5708412508149621,0.6730205252692957,0.8674563793237295,0.7302813346174059,0.8691773284487185,0.806690463295029,0.6511229172522623,0.5250401981643487,0.7569530049305222,0.6230635612600908,0.6937132065337651,0.6947764373900276,0.5876970669256235,0.658587635625928,0.45709432986502224,0.48734664418254503,0.46833974710338283,0.3977866055195952,0.7790838191036313,0.0,0.0,0.34865641649729984,0.6001692736661935,0.7743273675504422,0.0,0.0,0.5926686196246498,0.5933675680750804,0.13677575108218004,0.674242158051374,0.7807889214267102,0.0,0.8009987841863812,0.8321241641758327,0.0,0.7720046578393052,0.6888595015173364,0.0,0.5957312273942484,0.0,0.5849674504934346,0.7901153872076743,0.5983867767987244,0.690965333584772,0.6248807316318759,0.7123543936734418,0.8039664863229594,0.6687017600505463,0.5576781432620834,0.621274065528568,0.6221205590988517,0.16144030839314794
0.7009673233025683,0.7553915386948893,0.6350389510931913,0.7557921462389534,0.7401438050550628,0.6395564095341056,0.8185279925606366,1.0233623576944513,0.7535152775836356,0.4319866093678233,0.4510156811414171,0.24547514438437978,0.8109644059517125,-0.04327349751854946,0.4632585248265164,0.7202807145417254,0.8045633581119521,0.7612843040412973,0.7902740107502049,0.42478195566546595,0.5627705194386898,0.0,0.8855190042583422,0.4090137475574196,0.8340880841694246,0.6277554577035314,0.6456953382233287,0.9455675545986946,0.8898537957865045,0.6087141134862999,0.789442745483718,0.530244001260032,0.5441598467663955,0.8269179333033052,0.723523498304083,0.7490133254585176,-0.5157508735143956,0.219720472550412,0.5557222195707356,0.6825117530356162,0.6538929665802855,0.6700169394696123,0.33520391388726034,0.43353559996527213,0.4170781548064314,0.6573239658313121,0.7115302413231428,0.907605525657389,0.4793301823021994,0.4080407438914818,0.6966959047346879,0.5701714604511348,0.7593434086441009,0.8236140536837371,0.5346828556080081,0.0,0.6995448073449368,0.6522187710328538,0.0,0.7992951215449384,0.7678020768825125,0.7588303873915013,0.7918198835458412,0.0,0.6070221690529144,0.8532767032862989,0.6807587882722511,0.9502845335131889,0.9427856609116368,0.8179816986859524,0.7269812255314964,0.8118807632750581,0.7014117545215761,0.7868220081667309,0.5647458343202016,0.6616217333329935
0.6891863042832999,0.9057053850075003,0.38082727187115667,0.7684472218186655,0.6829803438491888,0.6416388839082537,0.7761824144192853,0.9554315288400405,0.6298692556640574,0.745772056674018,0.8112347764454058,0.7262636300244858,0.8566073422425367,0.9980166989211443,0.8963422048329296,1.0502681263697213,0.645206751702115,0.8467947524438815,0.4351949445355795,0.2962205057542213,0.8593260263716476,0.8855190042583422,0.0,0.7525116132851375,0.8042974727824821,0.6896605597485301,0.5012483986195926,0.7672729293397597,0.9148293944552099,0.8037684008510566,0.9089146265860368,0.928403262098443,0.8748575925129547,0.9922427142473428,1.0577646713830284,0.966802578310689,0.8994003483799962,0.6580024071078536,0.8112083082516328,0.8201166441742078,0.8097352134093176,0.9111305252670319,0.865613428481363,0.8051226995498478,0.48115006991106757,0.7252799540618307,0.867029374459409,0.9793067309757648,0.6712794640074851,0.7899533539844635,0.7787759294064135,0.7677109991263831,0.7649538447178821,0.8572873889660654,0.6634308503809226,0.8782006511998806,0.7427566963853404,0.7280095557856949,0.7696236326266224,0.9242364918787322,0.942002108979118,0.4856870437040941,0.9626303791485993,0.9092067342375303,0.8339999872896624,0.9017514360441792,0.8306099754832657,0.856737381062248,0.36511233034378177,0.9631473304877991,0.7435292234174504,0.7123678138528832,0.7253494780630172,0.8686427090477,0.7519496297139345,0.7210024129981412
0.66003704185261,0.6549479385340258,0.6358634620229422,0.3893666613810489,0.9732350751899368,0.6023816874675589,0.46354001155314994,0.8106530967031456,0.9122716007106795,0.6166997785930068,0.7583349684179057,0.5206338334372798,0.6829232078592762,1.0308367457234078,0.3832021155765987,0.5185721462589725,0.7188486193740474,0.6263686885144911,0.9470270459322014,0.6049975025542276,0.5429508465630124,0.4090137475574196,0.7525116132851375,0.0,0.5506562998727189,0.3752563971002865,0.7135676206141932,0.20801869329875222,1.1240872321622013,1.07052413722494,0.814812814690282,0.47865213056282185,0.8629257365485247,0.5174340364466007,0.6205862734810877,0.7968840790872918,0.48824804669470157,0.5834782974673811,0.42231479648822884,0.7778801535271446,0.32251263813387765,0.36891900054254595,0.5621067799963613,0.5684777355728285,0.364259844143242,0.3897538403413131,0.6519263602934113,0.0,0.0,0.4687561708666562,0.5155247361454245,0.38452154435981706,0.0,0.32303757931166016,0.5452217349995455,0.4947429108372755,0.6096716616002418,0.5475925967429099,0.0,0.3679594452539434,0.7502474523196108,0.6401345017018105,0.6908473741107873,0.4731610786758077,0.392494681048036,0.4428261501175041,0.7349015834393422,0.6479905726601551,0.26249199654902794,0.6562883333860808,0.5692518965477595,0.38910839554366283,0.8573032109165817,1.0233362312891368,0.0,0.5840034678924948
0.5106750563581989,0.6055220735112187,1.0117311931429172,0.7913224212035722,0.5960781555448404,0.5630611238232291,0.5775491266502456,0.8904821299472513,0.5104925447440057,0.7485616847118584,1.0290724856605094,0.804176528169352,0.7339038640314348,0.6541800944634797,0.7148388882162027,0.7024359649734213,0.8205490643613225,0.6942958924748157,0.8930718402185538,0.7508152096965459,0.5708412508149621,0.8340880841694246,0.8042974727824821,0.5506562998727189,0.0,0.39350732438278296,0.9120837532117371,0.8617321301768337,0.7566514716648229,0.46589917802719194,0.7126393520807668,0.62653934192464,0.7090631323699016,0.6621517468195344,0.9185747141273153,0.6283937287749046,0.6217374982907,0.34402218655053973,0.9094947614986977,0.7235600693237058,0.7518864710589066,0.8676625477528854,-0.14026485158216911,0.0,0.7435582204831876,0.4912444957561294,0.9906638951752113,0.0,0.0,0.0,0.9558596843917038,0.767145221110289,0.8687812954591301,0.39686936076006285,0.6019677923466613,0.4956015512542479,0.6399088166550394,0.6390240539901648,0.0,0.7696145279563882,0.9241218933756075,0.6325258845579483,0.6883221101152045,0.0,0.8468898417752238,0.645252331761232,0.9659371146764653,0.7743995854778338,0.5905450923764644,0.7489758668206857,0.6600140967574187,0.8808067068896084,0.7101009099347665,0.7523714866105317,0.0,0.8066715209037758
0.46291376950716395,0.6409177809625919,0.9900546406940767,0.6299591890560272,0.5169760271521674,0.745161821585002,0.6084035993647937,0.8757196096746145,0.6143816010240197,0.6656933272646428,0.9481975647562719,0.5999963405051277,0.7273446162114225,0.8262743091906132,0.45282942974897455,0.734183516128031,0.6847825209564224,0.5386386340874937,0.8916795828283891,0.5380765243605813,0.6730205252692957,0.6277554577035314,0.6896605597485301,0.3752563971002865,0.39350732438278296,0.0,0.6477088432182483,0.8194329214830189,0.8189516897604461,0.7020886165162258,0.5971110745249841,0.6904699432648022,0.6787800848268057,0.6398189434801446,0.6890004258461533,0.7113021508639776,0.14586072736169722,0.41017447069333246,0.6549100486638068,0.7015381945368449,0.8566840417466584,0.5695351556431862,0.407686643533975,0.5139468486179006,0.4116259339456957,0.47138578556093247,0.8994609840145251,0.8484248528989138,0.0,0.009008335564420855,0.7893810752975865,0.8094936282246169,0.6985903884497828,0.6927485698645748,0.5733986155947552,0.0,0.6078361534633019,0.8048687514396725,0.0,0.8509045748773494,0.9413377206402144,0.6408660183999185,0.6739312174706008,0.0,0.6940539084147166,0.8773094395031239,0.8224763078092178,0.9071728918105794,0.5363864988548752,0.7657924441578577,0.7203093963299356,0.9063916902653254,0.5884942310364845,1.0358789633136558,0.513533250345274,0.6960100715056017
0.5639194496964427,0.8994165726831063,0.4218909705424222,0.7671456155858237,0.5164865460170265,0.6575345428708412,0.7310496654419507,0.9553032540202901,0.23458348392542852,0.6354056680303624,0.44529377134758796,0.8486534356092703,0.8082061309339065,1.125791853234725,0.7663157686557784,0.9637428996672419,0.644462885732645,0.9622435024090867,0.47438326382082174,0.912091568329842,0.8674563793237295,0.6456953382233287,0.5012483986195926,0.7135676206141932,0.9120837532117371,0.6477088432182483,0.0,0.7881879534014697,0.9730788574267477,0.738619206243901,0.7503515393718703,0.7824675810352477,0.7374872808501549,0.9434222233453374,0.9555667006502423,0.8599539363526385,0.8623714471336246,0.7422267804621359,0.7999730525440139,0.7096921707607421,0.825364644156025,0.8483265656279269,0.7878308059567551,0.7351760099903707,0.5492729504785576,0.4761532242456891,0.6934875224279287,0.8886548333814089,0.7137858787963801,0.9655826065346389,0.8209873618713106,0.8288885153544956,0.778428728905334,0.9201001658634816,0.8967901214297811,0.8798249210527271,0.710686389776451,0.7815622532963351,0.854271631830736,0.8027917839572626,0.8906832076965849,0.0,0.7788651896222596,0.8788337494175991,0.7316381673477117,0.8784120190228388,0.6776293713512995,0.7524050967782823,0.0,0.905549960950824,0.660570616404568,0.7502354774643012,0.7668729997542787,0.8263730403781246,0.6698329612236888,0.7504172322877078
0.6707001585818185,0.8399712124583705,0.8119273742565769,0.4302767291597461,0.685959643349763,0.808625634749063,0.7528096073853932,0.8031711701508131,0.8815263202690797,0.510705681003936,0.8997495118799472,0.2085638092909683,0.7592308062760972,0.649825969068631,0.7766828192032904,0.8838997881452177,0.8965955388836476,0.9141151183611185,0.930817323598573,0.8163670136758072,0.7302813346174059,0.9455675545986946,0.7672729293397597,0.20801869329875222,0.8617321301768337,0.8194329214830189,0.7881879534014697,0.0,0.782042024315043,0.5566877160700596,0.7918521846790213,0.8033711113082214,0.4051368007362244,0.2967671568700938,0.5697400729198738,0.6304284449433355,0.5577642493227177,-0.015162663430515144,0.267627381899849,0.021395738102438444,0.17568335637534085,0.2969124071325722,0.4788553170269413,0.1318602712456168,0.2700473856154158,0.7239582709704655,0.8347418212235795,0.7104374613027595,0.0,0.500054241681452,0.8233364820303788,0.580742439656416,0.7048887427487686,0.8042901741892374,0.44351700255653115,0.5114933980325949,0.3562773031789652,0.6865858694231635,0.42478815705820316,0.6553695122868903,0.7121093423367705,0.35067083556238776,0.9868694486997123,0.6329713341356417,0.7808029449431442,0.7516917906848454,0.6855499338164799,0.80644226467088,0.5558759169074539,0.9230807911605887,0.6492276928882089,0.7839201970580598,0.4807687373257862,0.7913683162407386,0.658802540067779,0.49063638111827296
0.8490376249917282,0.6917124037021789,1.0140145303989863,0.7102915491401023,0.6327102109582101,0.6976122998808383,0.7211328487403601,0.8088430073386592,0.781181271416997,0.571698880212447,0.705521197469329,0.7333618253425256,0.8447063853602901,0.5361484204391873,0.9053705870167394,0.9146038314630636,0.7370167933709564,0.9423347495304488,0.7297670652711822,0.7768121924828968,0.8691773284487185,0.8898537957865045,0.9148293944552099,1.1240872321622013,0.7566514716648229,0.8189516897604461,0.9730788574267477,0.782042024315043,0.0,0.6524116295264091,0.9242600044646538,0.5966440289566605,0.6979305700036988,1.0446617288085158,0.8881355323525405,0.8611632156169229,0.6761250791114275,0.8116344055221094,0.8161263421380305,0.7463843325039164,0.8642003264528992,0.8603286427616613,0.7172266780625807,0.7204092597548242,0.46141670095786813,0.643136206200756,0.7952652954371295,0.6701110266658301,0.44018754340507193,0.6103570614789805,0.8216437569111956,0.761861676811171,0.7347107423911509,0.7159248879541082,0.726859833551796,0.3024592115435685,0.8219689026089273,0.7622975591738055,0.56901143660091,0.779571907907241,0.8702585718739214,0.4829271738706994,0.8596734818130919,0.39178069990918707,0.7533220408388561,0.8124218583580534,0.6884237216911284,0.8383330856692559,0.47689156290431545,0.9624628075205215,0.8047360259062677,0.8142870089560466,0.7638521573977783,0.8524675767809512,0.7058912356350299,0.818529336902681
0.5893419379908884,0.5942870000156398,0.6782692224877114,0.4432157681652109,0.6711256209467242,0.8221667624424107,0.6878086568433255,0.7695461411950477,0.8007462848401186,0.5623470557315999,0.5225396143110943,0.5993696349580924,0.6643784533156274,0.8947882283884097,0.606952484057824,0.8567271143928616,0.5849933099707136,0.805001332973893,0.7152929752156637,0.14209276858998704,0.806690463295029,0.6087141134862999,0.8037684008510566,1.07052413722494,0.46589917802719194,0.7020886165162258,0.738619206243901,0.5566877160700596,0.6524116295264091,0.0,0.8127895586366712,0.5327377988924031,0.5463068610440359,0.9388778470156001,0.660445596183836,0.6426582151202977,0.2074995918285769,0.313040790596935,0.9017873077016565,0.5075100949759905,0.8493615814929227,0.5356484810417482,1.0857929357692466,0.29976873358016576,0.0,0.0,0.0,0.4792812132363672,0.0,0.0,0.7089895565395706,0.8459612466008563,0.43605287573590856,0.8153217836752304,0.5216535830923256,0.0,0.025060880134840976,0.6172361595690956,0.0,0.7011653792417782,0.0,0.0,0.9637502911653587,0.9223978797331477,0.8048280980735634,0.7366958828623681,0.8377146945908303,0.8134084313508816,0.0,0.43102213824127333,0.48205559529813125,0.805426988020363,0.758870586965045,0.6547971372794287,0.7807949853184311,0.8919213095767883
