0.0,0.7734114607003855,0.5244833957892162,0.0,0.6949513282880324,0.6575742503863882,0.5473425354735981,0.7823699588371862,0.4742727948709877,0.7180116473791534,0.5179658804914002,0.6884998130528406,0.7751169871174146,0.5797592596910723,0.37415549719744023,0.8345821119489167,0.4599005196483039,0.7712758901415666,0.0,0.6588653198811054,0.4335337538545382,0.6998416364311599,0.6327896884654989,0.603694888675234,0.5432245906871134,0.6638277282229581,0.6296881785729098,0.6469978349877619,0.5669573585785175,0.5480030404274412,0.6214910512647713,0.6792323394554274,0.8816708379883325,0.4847023443869497,0.453004701297948,0.8754421936045712,0.5000081279086718,0.6452917760414811,0.336793603594593,0.4289202544660504,0.46249692107686213,0.22749820928078557,0.47137977368887574,0.0,0.3618943680621657,0.32045404216794626,0.639649451371405,0.0,0.0,0.0,0.5517486198436756,0.0,0.5593565081884524,0.0,0.6185641928722694,0.0,0.5918225260092957,0.8846551907773332,0.0,0.9085012961388368,0.5918214866545585,0.7368740486369751,0.5666795652233673,0.0,0.5456931189522952,0.5896645918139571,0.6261834073786131,0.7163569070656175,0.22778316708755758,0.6624441608921092,0.7146381530547887,0.5453219318567516,0.4348822004660901,0.6496680159412495,0.0,0.3952371818048557
0.7734114607003855,0.0,0.5940682746785152,0.4171299783574408,0.6255994172726277,0.5728007427980772,0.6484034487114814,0.6671345660266391,0.5235334693727767,0.40386772553709815,0.4903617579778577,0.41310982727238,0.6530044973734661,0.44622120592546094,0.6599309924303554,0.6671732305048599,0.8991204137484166,0.6927352216354496,0.7576947233321489,0.6070986598870836,0.7538779571702655,0.7051527249432774,0.557145925096181,0.6527670064272515,0.521702257666466,0.45715893705193367,0.6181059463172899,0.7156658357639434,0.5601039342348801,0.46584892334277905,0.6590918182400392,0.6291830325220285,0.5763869057845519,0.5972288951535522,0.5366133793387828,0.4652882036213923,0.054088497868367585,0.0,0.5500715156062856,0.6971358025735217,0.6025126275902032,0.6146219731311299,0.6143389916000153,0.0,0.0,0.6937011456066191,0.6620531567494545,0.04340860263362194,0.0,0.0,0.6331042894468613,0.6499308835626743,0.7040130419837635,0.8764565066352301,0.7858498459665559,0.0,0.7011644357708111,0.7368654289148746,0.0,0.7454910133992558,0.6710482013413349,0.6494267478894871,0.684663659400351,0.0,0.6643120158327438,0.7812269129517873,0.6881273946342028,0.6462102999728738,0.5364891327727291,0.6868196305805545,0.7391770791471892,0.5590750962031528,0.8171002098059943,0.5854329630170728,0.0,0.6787159749307474
0.5244833957892162,0.5940682746785152,0.0,0.6347946626773502,0.6782002453668698,0.6601990295890621,0.8501941204494983,0.5756260949637609,0.6045435826975456,0.8082872323881142,0.9846481757088741,0.9070341307291928,0.934260127227586,0.7120718374713966,0.707973484547956,0.3907732097170665,0.9106316772565495,0.7098354576433278,0.5307829092404027,0.4469694278069106,0.5291264225207586,0.666907010103975,0.5744195448075569,0.7716169706650374,0.9969345251400836,0.8469562389335373,0.7016728157362572,0.8648430651392034,0.7475273231652926,1.077100214551832,0.8123853044235676,0.6698783939015899,0.8942490755054966,0.8289703463736404,0.7554539659918389,0.8113332046146331,0.6355765201618275,0.8272829123281169,0.6735314510434419,0.495780948126018,0.2418829961970695,0.7602638746860334,0.5598812554817915,0.7869076784851359,0.0,0.0,0.40897707481037904,0.7649193390292305,0.47926705643551976,0.5501548707062982,0.7234985117387702,0.7205481017014465,0.6647704099800316,0.8510782349701329,0.4264423610725544,0.8061391282447827,0.8894523297935968,0.8000563733095729,0.733682095716623,0.35982697711801104,0.0,0.0,0.0,0.4702871341519183,0.8694586917286848,0.42466208994133203,0.25198993163292427,0.7069767944864334,0.0,0.5581925684393466,0.683415490339927,0.8041554616186013,0.7129906923634872,0.6277029704257953,0.8952130107597589,0.5127759931965301
0.0,0.4171299783574408,0.6347946626773502,0.0,0.40321655947129714,0.7641583986930769,0.5018074002701745,0.8442241880042685,0.7717098429641034,0.12398639024623014,0.6161287451074099,1.026832054281469,0.7200585852774823,0.5056772914430985,0.7348226205449926,0.3001512290315547,0.3919572318135434,0.4699700527255197,0.5904070536842794,0.6534452688500068,0.4614455126150726,0.6398789496165058,1.0015978933921805,0.1708890655837894,0.8098101884694557,0.6547958824745138,0.8161829556456756,0.2453217474153338,0.7014161009177553,0.47758196411220677,0.6723416103092457,0.5388394148673074,0.347476740213967,0.2435588436222454,0.5984204083538815,0.2647702620024868,0.18147693020922992,0.40705230698145367,0.2565511705858588,0.3858866257595782,1.1311773353842656,0.4645131564459117,0.277087767587062,0.1675319852006389,0.0,0.0,0.0,1.1600318363361195,0.0,0.0,0.8455130384590333,0.0,1.455316661788356,0.347582655176644,0.0,0.4448882206675719,0.5625272407551876,0.4551243401229245,0.0,0.0,0.0,0.0,0.0,0.0,0.0,0.0,0.4779369093530622,0.8763673178715765,0.0,0.0,0.0,0.6874906589563363,0.4810156000867186,0.649182925025174,0.0,0.0
0.6949513282880324,0.6255994172726277,0.6782002453668698,0.40321655947129714,0.0,0.48677393314649564,0.44020539536104936,0.7937798814952511,0.38641531172884824,0.6731103424675582,0.47184858255933104,0.9373186038544716,0.8599595549333021,0.4756822837653062,0.8108674231337865,0.821512923547038,0.7313102816388249,0.4939093388185042,0.3877970122071117,0.6966304349379866,0.8224728464737128,0.8641159799533882,0.6580942630172394,0.670356099270062,0.5460571482613834,0.5296927471393229,0.5817287016338666,0.6565353409768416,0.6880489824886283,0.5528322113688251,0.6679036344786186,0.6441916762465218,0.6893839690008743,0.8243334736819039,0.7551041337859656,0.4453012534013806,0.2806816625830956,0.6832833737417525,0.6363972930288411,0.4421215641012859,0.2778129387490824,0.5107018275431217,0.45590005106407805,0.2726602877508954,0.37694939775115777,0.0,0.4273229781887711,0.7473291294773328,0.0,0.5621486848916091,0.6951577185910953,0.8111368519011628,0.6999083638724586,0.7529500950697434,0.0,0.44069932981779203,0.43382910509677064,0.9136087277616054,0.5684090340725627,0.44742215062385854,0.46090112016553964,0.0,0.0,0.8786622605061671,0.7003983016009262,0.49578323110321726,0.7856995876986927,0.7277335166588593,0.0,0.4962832288943038,0.7504500737840358,0.697870940429455,0.7629641578539057,0.6358804718640629,0.0,0.7925640948645067
0.6575742503863882,0.5728007427980772,0.6601990295890621,0.7641583986930769,0.48677393314649564,0.0,0.6525888824900097,0.7871569390610084,0.5437772968231754,0.01934349006791486,0.8415288063411666,0.07794851418237286,0.6591969937304066,0.7714112224133454,0.892743574487616,0.4002965547112677,0.6472676632363339,0.4654843470218781,1.0539987193482379,0.613549545283538,0.9172145158370344,0.5218934618330715,0.6095421047052265,0.49763745660241177,0.4708210706002842,0.616559869831246,0.5930603589262015,0.7036402006908117,0.5912035090206119,0.739371050932348,0.6752346438935087,0.6387796391762524,0.6975544952965145,0.6473436099452843,0.6929171162290673,0.9597172307464519,0.744882853579034,0.7979421589146867,0.6665144565498153,0.43773719488987894,0.35129243837453195,0.4656882151403413,0.8747680286981409,0.734371070895587,0.3123756330456514,0.7057118158771813,0.512236893724768,0.7793771808770364,0.8401470398116567,0.5557488283121435,0.6810988729774986,0.749971848926735,0.7338800940304524,0.8665583900256429,0.878941245239429,0.847370705474266,0.5412039738878085,0.7593840905990055,0.7143510490875253,0.7437744993554639,0.6059463939574266,0.0,0.45568095102841943,0.7744681425964792,0.6833080477971747,0.4643599251572454,0.7998789232130612,0.6986895424922157,0.5009764386709937,0.5400234616213756,0.5463511305423661,0.7502054103414643,0.6811545698066942,0.6361898865987363,0.5780994236071153,0.5734912198124873
0.5473425354735981,0.6484034487114814,0.8501941204494983,0.5018074002701745,0.44020539536104936,0.6525888824900097,0.0,0.7463022378125377,0.7884043434867922,0.5477630478351398,0.7293651775166543,0.6515992334131968,0.6128557387196971,0.303657760467144,0.4758042642920747,0.7273605663601646,0.5497995467646892,0.6951061315104535,0.7797054034482136,0.6316180866261599,0.5997719588436565,0.7461677363791062,0.7771292090273039,0.4937567315382442,0.602929608287949,0.656234079887854,0.6513183557434468,0.6387808395928747,0.7666719207693717,0.6566388733725488,0.5545004942647177,0.7251576708660492,0.6232109752008061,0.5483136645914675,0.5226840459314195,0.6973761853824662,0.508705494421583,0.7680982785664403,0.557098175456924,0.26254729041629776,0.1547473843674688,0.2852492746223423,0.9412166887539428,0.9404853334042893,0.4425295267391012,0.0,0.7142949975414716,0.5523020764277828,0.0,0.6885738232754264,0.6603241688743784,0.7512729742810694,0.6058686712310339,0.8738547642503431,0.6150308316050954,0.6414394903184855,0.5564577771098056,0.611982681379621,0.42123370995220527,0.5465834644913413,0.6695114930553009,0.0,0.5102728841883979,0.7998980657236772,0.6304778090502126,0.6805202074732346,0.8361263709064358,0.6819656554291469,0.4662106500332058,0.7312034210936447,0.8239529690499728,0.6825524482047204,0.5726643556488087,0.6004618830457925,0.877017358375972,0.5932911771321501
0.7823699588371862,0.6671345660266391,0.5756260949637609,0.8442241880042685,0.7937798814952511,0.7871569390610084,0.7463022378125377,0.0,0.780349911259101,1.004965389058161,0.5169669260224647,0.8628387926166425,0.8626411030737583,0.8559686160220201,0.6815898387190668,0.7334839452216209,0.5752518930941624,0.7773244697428829,0.4638582270180386,0.5511286612994828,0.6934328945784052,0.6447290132201814,0.611281836140781,0.5994573197593414,0.7862171345069446,0.7056519091778051,0.7468577312871312,0.7273250678334893,0.6482521457118895,0.664263782321913,0.6192434566001284,0.8106810886279481,0.5041183913396778,0.654148224404387,0.5771256013423837,0.972383489183771,0.7199991409082085,0.7368111264904917,0.6938185931026666,0.6113902028936362,0.2387726480838326,0.6097004317695366,0.4281812915183007,0.3338416263148817,0.0,0.5809695606323033,0.5426447327540952,0.6371945304181827,0.0,0.36801144392503216,0.6463025328187272,0.7072496796805672,0.33032669531232206,0.7144151741537397,0.6386876960053935,0.5171835811235611,0.9822338180728635,0.6928437385204511,0.47249714671784804,0.7506911018437852,0.6958144624599614,0.0,0.5705521521553912,0.7711635663336729,0.8666468916914727,0.10067482505514941,0.4686629960902552,0.6072856892118503,0.0,0.8303667209649795,0.5513283635212523,0.7141181499249362,0.6911769168799172,0.6736672388892027,0.6192330006871094,0.4356350526748435
0.4742727948709877,0.5235334693727767,0.6045435826975456,0.7717098429641034,0.38641531172884824,0.5437772968231754,0.7884043434867922,0.780349911259101,0.0,0.8057714519900165,0.34970876980829113,0.866237850360031,0.9996714230578436,0.7071407236321299,1.158098145953772,0.6556677288544182,0.7911198029899258,0.8519523014743609,0.33175454887271605,0.6098390740261215,0.7173785139662867,0.8727593885877596,0.7053321999090434,0.7454956087794724,0.8658220397734955,0.7888376766194218,0.5883378002906895,0.8848352123323846,0.730665719981476,0.777888509119314,0.8479176906997143,0.7990857464473589,0.7991286065933294,0.85339618573913,0.8191540965872322,0.8516005725430723,0.866109548184713,0.9718406233943628,0.6925115159451916,0.6130404522741412,0.2990142317740425,0.5177109720016272,0.593909300264561,1.0978857517006,0.7382857909477658,0.0,0.5411409251045014,0.8558563541378725,0.4746805763429532,0.7827253276532372,0.8898932353406006,0.8743159273058199,0.7850918602222476,0.7833824575922644,0.49247695768660793,0.7918069699095398,0.6941231987032548,0.8392311626074844,0.6622641762216821,0.5963276314079531,0.6682008274627165,0.0,0.0,0.8269439671858334,0.7723348871098825,0.7336717542804919,0.7392862468174051,0.7989901350917752,0.42897074183346917,0.7476939111846388,0.3799011033088408,0.8061146371249047,0.7997805354798263,0.7479347048994952,0.7856153207465457,0.8661577592882602
0.7180116473791534,0.40386772553709815,0.8082872323881142,0.12398639024623014,0.6731103424675582,0.01934349006791486,0.5477630478351398,1.004965389058161,0.8057714519900165,0.0,0.7459721367996066,0.46493857033375763,0.671035253237309,0.5998600089976873,0.6551152732731114,0.39828893936956056,0.7651880091100423,0.8386669538205727,0.8783095039494353,0.3262162281611352,0.8668262652992473,0.4752967098189757,0.9682860739653245,0.38862362069896056,0.6354908575140674,0.5382705834756258,0.4099884431116555,0.5507162104771408,0.23387864525837082,0.2137959265190442,0.5900275440534362,-0.0068322947464118655,0.8300238438965283,0.6537337630098148,0.6159639538351742,0.23507190657602345,0.484296303951841,0.47905705222599293,0.31431977066122935,0.8119728583573886,0.31735041185008994,0.2507980570447793,0.2510662301256323,0.3330534291771907,0.6516403058972771,0.7807019039736625,0.7405894766943607,0.3654467677500277,0.4812764090016393,0.4863403275414836,0.7019860625610728,-0.0736269985127462,0.9043044758637191,0.0834547789077609,0.8184706184775354,0.15504606787644626,0.7425690896575534,0.42911724419053515,0.0,0.6190943134854894,0.7167084888746074,0.9236566923455563,0.9475641647690686,0.48210120706758763,0.4750634415532631,0.5828974585339326,0.5484466706310278,0.5495719126182913,0.4179189922386153,0.8732174948142386,0.7741729660987939,0.8176664062070529,0.3205764019497551,0.8359468998442348,0.0,0.8920406622371966
0.5179658804914002,0.4903617579778577,0.9846481757088741,0.6161287451074099,0.47184858255933104,0.8415288063411666,0.7293651775166543,0.5169669260224647,0.34970876980829113,0.7459721367996066,0.0,0.8417611456826828,0.7725453695704303,0.6141388669594334,0.0,0.5025219935382148,0.7874375249828737,0.8237973839842011,0.5555611436029162,0.46057865823997496,0.5943794247425889,0.4418478984374664,0.8731955805255249,0.6584759210647719,0.7284960779339315,0.782604586213967,0.7999627124268838,0.7183865802802559,0.5685238035995863,0.4986491587315564,0.7456284095616806,0.678097343591674,0.7597618974994674,0.7938122626741306,0.7769258836305777,0.7618449868769276,0.8175496505177372,0.8003799655952699,0.5665137296119712,0.8202257734359908,0.4795060137591921,0.7357174364823343,0.5728451166237067,0.8899602188670188,0.5230234671935927,0.0,0.0,0.5464472910279954,0.4778879856904664,0.40121961001343176,0.752151363522937,0.42244268001172297,0.47716447970266895,0.8378993502285831,0.5535822907060999,0.24142127925844356,0.9317724586755752,0.64355381342661,0.5189829116412334,0.0,0.0,0.0,0.0,0.21749366277762608,0.5605597671583167,0.0,0.532469120365916,0.5997005966058997,0.0,0.0,0.9473112858010242,0.6960850971365193,0.5203937009333461,0.4482710663643408,0.0,0.6101383200375551
0.6884998130528406,0.41310982727238,0.9070341307291928,1.026832054281469,0.9373186038544716,0.07794851418237286,0.6515992334131968,0.8628387926166425,0.866237850360031,0.46493857033375763,0.8417611456826828,0.0,0.8467810460937402,0.7507588410215655,0.29724365442229317,0.7410104158008316,0.7280467010007564,0.978971500646665,1.0119061762550159,0.4414386466122885,0.5986769754719519,0.20685612154927988,0.7011505468539772,0.34293008827116406,0.6162803219220507,0.5281791224594591,0.6326861309274956,0.8290045056965759,0.08100209529769353,0.537848046422016,0.5708279393488422,0.29133357821546546,1.05314669881137,0.9275643186589593,0.5112692264801838,0.20513907662441244,0.3344483494095235,0.2445753495009624,0.43346510963502805,0.8984006835694306,0.5136172863229561,-8.48766500322895e-05,0.578601744838072,0.4040570968247275,0.718275443540415,0.7812080598239175,0.7110188420669846,0.6322127715997323,0.5111543817092699,0.4687865680499025,0.37757099076291356,0.7282662757226186,0.3745042034585374,0.5550222376487394,0.9782591542182824,0.33285045289330395,0.9695536164435553,0.9149669983377319,0.5727164770232964,0.5397781703385678,0.8909320256297741,0.9430322716905659,1.0813343623903697,0.5832546788261688,0.942345272000281,0.8416553814997831,0.5507248323100672,0.3606685884069736,0.6814816130563357,0.9431704386422802,0.8363690194763619,0.37298065521592694,0.8606904153077012,0.5597302016214228,0.0,0.9242036875060313
0.7751169871174146,0.6530044973734661,0.934260127227586,0.7200585852774823,0.8599595549333021,0.6591969937304066,0.6128557387196971,0.8626411030737583,0.9996714230578436,0.671035253237309,0.7725453695704303,0.8467810460937402,0.0,0.7513505995742488,0.7653236024614962,0.7518237237165238,0.5553215046567639,0.8124918541162696,0.8420313720886474,0.7380412211158446,0.7402760135049875,0.7192933281720482,0.8781758431505853,0.5248674257063551,0.7006325319535053,0.68329943107793,0.7931871433810987,0.7188566687874158,0.6464782982554595,0.42705633497847034,0.5363966313522759,0.8028707138854427,0.7387013670578598,0.6473790367902006,0.5046207096832878,0.9056297974214789,0.8818018524494488,0.7532020590872224,0.3358706164110379,0.4343846871728848,0.16671019527844358,0.39641548485273737,0.5120358743734336,0.47337990775248884,0.5571384565304816,0.5745321455323897,0.7548451965749816,0.7791175202447546,0.0,0.9350342142640444,0.6980874533750305,0.572820828809812,0.6736597931565523,0.8281182858491667,0.29211841528068605,0.6055340820915825,0.3802994296702284,0.5966419671515388,0.27635159728127245,0.6445344476213477,0.6383429958914034,0.40142785890444965,0.5221647360986229,0.8362717857498548,0.6712338324708489,0.7253288921495538,0.6947541466198444,0.7408680234123521,0.6073094019112854,0.7309051199303349,0.749294827153038,0.8008213202370468,0.4343913568839143,0.6982011223908058,0.6799248275108292,0.43285324477735054
0.5797592596910723,0.44622120592546094,0.7120718374713966,0.5056772914430985,0.4756822837653062,0.7714112224133454,0.303657760467144,0.8559686160220201,0.7071407236321299,0.5998600089976873,0.6141388669594334,0.7507588410215655,0.7513505995742488,0.0,0.5495437348150357,0.5082519885731518,0.49921768658393206,0.47880336390287614,0.5573141393283036,0.5148279306606867,0.8473125874008187,0.21945137994450897,0.8821801594885281,0.833508238264136,0.6198697990681146,0.7077143485350581,0.8521281597207578,0.5863408479454062,0.5784710573056557,0.8335455788437676,0.7474760823516906,0.5079627241164697,0.3575493369063967,0.7570649454060421,0.48558668823163903,0.45362187586758135,0.3366213438962392,0.49439768423977254,0.5625135581289228,0.0,0.6651848485807859,0.6984107079734486,0.6949064128469502,0.47860068649121096,0.0,0.0,0.0,0.6910383597808839,0.0,0.49649079895921067,0.6446429297143408,0.8062143740156396,0.5664336083352037,0.5249852516383795,0.0,0.6675147816658397,0.3908612991843131,0.6288135457629638,0.30429037779143775,0.0,0.0,0.0,0.0,0.6473721779042725,0.0,0.0,0.0,0.7154367743629616,0.0,0.0,0.0,0.7070757713861411,0.9218145554783522,0.0,0.0,0.0
0.37415549719744023,0.6599309924303554,0.707973484547956,0.7348226205449926,0.8108674231337865,0.892743574487616,0.4758042642920747,0.6815898387190668,1.158098145953772,0.6551152732731114,0.0,0.29724365442229317,0.7653236024614962,0.5495437348150357,0.0,0.7417500929613539,0.44120318627936517,0.6288769530380305,0.0,0.5009852457626178,0.6741172036828573,0.26326444800492155,0.4127770255533946,0.39964887889525713,0.6630614088585318,0.5834157879561641,0.5260893782870943,0.6027172532046647,0.6744660061818457,0.5631063841409685,0.5924238739014616,0.5316767283485431,0.851496102385054,0.5177142088445627,0.5515535353776186,0.6460607656505648,0.516841876237644,0.39144244560880703,0.5097002325765557,0.7534050765603139,0.7190823432584099,0.6223175495712834,0.7102741468830331,0.46013736448108145,0.0,0.6236667769466397,0.66108300012873,0.6850506196249506,0.0,0.0,0.6019400039557605,0.8335327740810334,0.7095065927092286,0.61888622855343,0.0,0.0,0.5456240213705658,0.7348961817606416,0.47945869806345853,0.7629618859275771,0.667785000792315,0.35884874275316603,0.9311310248863607,0.0,0.76091994534628,0.6428455804872755,0.799237745806155,0.8518499885346695,0.47578971705673356,0.7316512747000994,0.7546140669483052,0.7370184796091043,0.6844670554880941,0.6850534792298029,0.6972337489282481,0.5669726885209296
0.8345821119489167,0.6671732305048599,0.3907732097170665,0.3001512290315547,0.821512923547038,0.4002965547112677,0.7273605663601646,0.7334839452216209,0.6556677288544182,0.39828893936956056,0.5025219935382148,0.7410104158008316,0.7518237237165238,0.5082519885731518,0.7417500929613539,0.0,0.38745298285210217,0.4940339669240813,0.46081092968218645,0.6771338048000651,0.8285563161514268,0.5855473495198162,0.677497788199741,0.8670758169982078,0.6206440913413034,0.7572710119309112,0.6327094747638079,0.6502631060241997,0.6438327527736158,0.5625880412375948,0.3961535129025023,0.5345007947548568,0.32645814933684414,0.3679459593064261,0.22723344475547813,0.7503581749724991,0.4913599272933262,0.7232519496760349,0.6036072318906627,0.6814461994948605,0.644747442291714,0.49650748635196074,0.468688790419029,0.0,0.0,0.4759423754849439,0.6954903979961464,0.0,0.0,0.0,0.4818078882317957,0.7817284418485799,0.9935006475795802,0.0,0.5318566200611361,0.0,0.5122992186977888,0.6987317347340163,0.0,0.6832540627164834,0.6809247496702465,0.7357665482923825,0.7459471161943679,0.0,0.829258052043901,0.632431367033158,0.6670810905933231,0.6259171473020617,0.5954088209533955,0.7847226430636491,0.7688132132666683,0.6702262905840239,0.8064170145611658,0.8451341353169306,0.0,0.506046897819779
0.4599005196483039,0.8991204137484166,0.9106316772565495,0.3919572318135434,0.7313102816388249,0.6472676632363339,0.5497995467646892,0.5752518930941624,0.7911198029899258,0.7651880091100423,0.7874375249828737,0.7280467010007564,0.5553215046567639,0.49921768658393206,0.44120318627936517,0.38745298285210217,0.0,0.9915082141697642,0.9277831618945364,0.3830636892607706,0.6703237347577372,0.525312343292373,0.5378681784183149,0.7500855795948312,0.6519436352654867,0.7099889341680686,0.4118927279035722,0.7004400578663096,0.38559107272827164,0.2427996921803472,0.4605391015247483,0.6920822014269314,0.8478893179327607,0.5332562454574619,0.5798241141220402,0.625488235507645,0.3658615139898907,0.4756040285111911,0.769098097836779,0.6579571677826521,0.6802872768313386,0.7786175472474112,0.0,0.0,0.559347121171279,0.9370999246185715,0.7563188915579917,0.0,0.0,0.0,0.0,0.0,0.0,0.0,0.7086291405576275,0.0,0.641212448792489,0.43492029515596453,0.0,0.5973789217610261,0.6560478407418499,0.9126110601086701,0.8865737533538488,0.0,0.0,0.0,0.8109986666718649,0.0,0.8873944152152701,0.9399230580393635,0.8339009832055364,0.0,0.40890381698273,0.4806686719497482,0.0,0.9049190501777303
0.7712758901415666,0.6927352216354496,0.7098354576433278,0.4699700527255197,0.4939093388185042,0.4654843470218781,0.6951061315104535,0.7773244697428829,0.8519523014743609,0.8386669538205727,0.8237973839842011,0.978971500646665,0.8124918541162696,0.47880336390287614,0.6288769530380305,0.4940339669240813,0.9915082141697642,0.0,0.7700287629270754,0.7083368425956595,0.7976497174866349,0.6460466256837991,0.862724508991495,0.7319384092226666,0.6673355671199841,0.7144473061994445,0.6247846120903103,0.6302836669451297,0.6997607132994315,0.578011430289453,0.5419136107397706,0.5506023599588034,0.8456311530440055,0.7156307996810407,0.4305150391205017,1.0223752575857659,0.40634371918646583,0.46074413002842907,0.7453750428224755,0.7618430715357687,0.6704115260230368,0.6429855522955514,0.0,0.0,0.6923424322621858,0.7074355072717977,0.75953129603865,0.0,0.0,0.0,0.7002883586707904,0.4996831384199564,0.5845770160983158,0.0,0.6615644098346884,0.0,0.6499680970684392,0.7364083152893227,0.0,0.7343610624438708,0.7615132429816925,0.8573162832022656,0.8004031646670107,0.0,0.8609066169458395,0.8700064142531825,0.7911781954399926,0.9477472563895226,1.0063045600639797,0.8533346464036189,0.7985962221236372,0.6727930676270053,0.710084961156772,0.530410421068457,0.0,0.7647024909289806
0.0,0.7576947233321489,0.5307829092404027,0.5904070536842794,0.3877970122071117,1.0539987193482379,0.7797054034482136,0.4638582270180386,0.33175454887271605,0.8783095039494353,0.5555611436029162,1.0119061762550159,0.8420313720886474,0.5573141393283036,0.0,0.46081092968218645,0.9277831618945364,0.7700287629270754,0.0,0.5251970686658112,0.7421048391761493,0.7841332759098145,0.5276912584105665,0.5620053002180107,0.9438498346495358,0.7621091738313885,0.667692677927628,0.8490584252123721,0.7173952039411745,0.693741761106755,0.7624813190214408,0.7511086805873277,0.76001976099742,0.8244135548076093,0.7891242702654753,0.7668124161783274,0.7608192028828544,0.7939661473787277,0.6478183690632828,0.4679113133816099,0.11908486609251243,0.5767873714926409,0.5409836453756126,0.5900897054622504,0.5626872704831567,0.0,0.0,0.702800812576902,0.0,0.43628781674067063,0.595451992977463,0.7384850882117351,0.523892048718094,0.7527145357750153,0.6230266584058715,0.22353383194201912,0.6618390589195311,0.6387611192774589,0.3768357007901053,0.0,0.0,0.0,0.0,0.7499102342922627,0.47870513328771347,0.0,0.49585784334248517,0.6188508876105374,0.0,0.0,0.0,0.7422249236488088,0.7427211585564073,0.6243873301823804,0.4680781504845736,0.6501587307524306
0.6588653198811054,0.6070986598870836,0.4469694278069106,0.6534452688500068,0.6966304349379866,0.613549545283538,0.6316180866261599,0.5511286612994828,0.6098390740261215,0.3262162281611352,0.46057865823997496,0.4414386466122885,0.7380412211158446,0.5148279306606867,0.5009852457626178,0.6771338048000651,0.3830636892607706,0.7083368425956595,0.5251970686658112,0.0,0.6075624501772794,0.6299954949210723,0.4631887280192525,0.5478631268343754,0.5674929422511477,0.5735004112857366,0.522810493298736,0.7025267360183785,0.7912091392304978,0.7001986628125418,0.47321600789710233,0.436921308365017,0.5732191765994281,0.4806017005057475,0.48408154355531696,0.7012118036492718,0.4978864033075162,0.7626155860922411,0.6299389206878301,0.610784522968553,0.8158475725278511,0.6943613727737356,0.7793838562046964,0.12488597786977784,0.34877429704670776,0.5944948398264112,0.5866627313923005,0.8565699105476159,0.0,0.0,0.6786976991348365,0.8126658817507038,0.75494768059803,0.6069717162336812,0.7915746356763622,0.0,0.495438448807454,0.794505000896132,0.0,0.7639693665139851,0.5929139857090442,0.46967242163964307,0.9178556792568953,0.0,0.7485883535372881,0.5607905485193241,0.6376379530923291,0.7020579044369644,0.0,0.5413523537478264,0.5041325824375683,0.6567746624515609,0.6390371298966941,0.6939546080487109,0.6379301279686129,0.6475819413006441
0.4335337538545382,0.7538779571702655,0.5291264225207586,0.4614455126150726,0.8224728464737128,0.9172145158370344,0.5997719588436565,0.6934328945784052,0.7173785139662867,0.8668262652992473,0.5943794247425889,0.5986769754719519,0.7402760135049875,0.8473125874008187,0.6741172036828573,0.8285563161514268,0.6703237347577372,0.7976497174866349,0.7421048391761493,0.6075624501772794,0.0,0.6040542415060832,0.5914957036921987,0.5100401604431084,0.7623296349354629,0.7312036616259,0.6475858563049468,0.5238715978474873,0.5351735083176106,0.48912770654691884,0.5715462039277234,0.47520294221376824,0.6545279872056374,0.49882135040928766,0.5906695711431121,0.733337823910218,0.364074282757977,0.595713869212386,0.4161472373205216,0.6533291467906348,0.49557752076884687,0.43275758674715725,0.7455750472379437,0.0,0.0,0.1888517598159622,0.5447515446027634,0.7333139726353306,0.0,0.0,0.6957047552249255,0.5393940674285354,0.6545696457974909,0.6516583249245499,0.7304197395211763,0.0,0.776321858599025,0.7473614470906382,0.0,0.8087903445837132,0.6113096297732034,0.0,0.8195898386811661,0.0,0.5740257348164541,0.46114370812914873,0.6175018934875693,0.6694996553065191,-0.5795314102504059,0.6604746779482276,0.7802505484729267,0.7530680217479535,0.7851147635795555,0.6586843836627909,0.5961324086478135,0.38300922681013827
0.6998416364311599,0.7051527249432774,0.666907010103975,0.6398789496165058,0.8641159799533882,0.5218934618330715,0.7461677363791062,0.6447290132201814,0.8727593885877596,0.4752967098189757,0.4418478984374664,0.20685612154927988,0.7192933281720482,0.21945137994450897,0.26326444800492155,0.5855473495198162,0.525312343292373,0.6460466256837991,0.7841332759098145,0.6299954949210723,0.6040542415060832,0.0,0.5046091988050384,0.7225569650829066,0.6151185927192192,0.7476299757750031,0.5137869338632002,0.7615707157817745,0.6287516308987178,0.5730178470183762,0.5095302718218552,0.5939142372670141,0.5800190212974927,0.6208916443203436,0.5995751370850295,0.6392878456610436,0.9051545945750707,0.5078765320063402,0.6336417700893512,0.8122703161601939,0.6974119430608978,0.6819277382322015,0.7613950232237723,0.43257813667262024,0.4143504927561348,0.6555073802459332,0.5936555849364868,0.6581297843294189,0.4788952266420782,0.4015851955577666,0.6265306362676736,0.7627525134593125,0.6472525771533612,0.8118775443795243,0.489430557064022,0.0,0.708534034245377,0.6996824321006582,0.0,0.7921109515735822,0.6205542154352477,0.3568916075974687,0.7727369512935823,0.0,0.6479606671191261,0.6256726300753044,0.6537829602249958,0.691847750275359,0.4840002622819571,0.6095306687320435,0.6501213863530626,0.6582917819685234,0.6815020474621123,0.731397180831971,0.6607100930850518,0.7143793384038238
0.6327896884654989,0.557145925096181,0.5744195448075569,1.0015978933921805,0.6580942630172394,0.6095421047052265,0.7771292090273039,0.611281836140781,0.7053321999090434,0.9682860739653245,0.8731955805255249,0.7011505468539772,0.8781758431505853,0.8821801594885281,0.4127770255533946,0.677497788199741,0.5378681784183149,0.862724508991495,0.5276912584105665,0.4631887280192525,0.5914957036921987,0.5046091988050384,0.0,0.48549362483083325,0.8350510512108307,0.6263693681091002,0.5947508878202488,0.6972803143027818,0.698644297321368,0.6634465362833091,0.6380791585114189,0.6718233951450168,0.8186639744478481,0.6604486748143772,0.6236172976522663,0.9136833200453971,0.7890364600043036,0.7231172561920935,0.6734864767379325,0.6190958208535586,0.661428987346431,0.6468397714952632,0.8452683744696773,0.8086253019436381,0.424758238110175,0.5973828405125328,0.6880479731489018,0.8018349816627968,0.6665596102884004,0.7089152794826564,0.6315283421469475,0.6746188195002453,0.6171803548044485,0.7911738318714505,0.6219126320475243,0.7575206276441702,0.706505071590985,0.6765132021122966,0.43326918896439065,0.7511945743987266,0.6860954250224266,0.47506344155326297,0.7790269628087764,0.8041921332246611,0.7168630264303455,0.5804114671038703,0.7503559336467875,0.7832022381636894,0.3620223185326367,0.7798731986961163,0.6193628799885116,0.6721371754031633,0.6330730383184356,0.6597531043929867,0.7242412160922924,0.632208324025122
0.603694888675234,0.6527670064272515,0.7716169706650374,0.1708890655837894,0.670356099270062,0.49763745660241177,0.4937567315382442,0.5994573197593414,0.7454956087794724,0.38862362069896056,0.6584759210647719,0.34293008827116406,0.5248674257063551,0.833508238264136,0.39964887889525713,0.8670758169982078,0.7500855795948312,0.7319384092226666,0.5620053002180107,0.5478631268343754,0.5100401604431084,0.7225569650829066,0.48549362483083325,0.0,0.5950824037655422,0.46292812557716123,0.4066263153217663,0.6273392143386822,0.6674446430166501,1.035337166131732,0.5540482002419076,0.5186420656382965,0.7460286265987419,0.4312425135364113,0.66054518323512,0.6426154971655182,0.4812762847298382,0.30144631389276505,0.7503310571827693,0.967919902646807,0.6318022784859614,0.671418948058686,0.42885056793193366,0.5317781598011035,0.6110778611055638,0.3207907454017237,0.5669816321890349,0.0,0.0,0.4724997058632284,0.490588413439704,0.3879624861232682,0.0,0.31780243599649666,0.7646741965168538,0.49071998372370096,0.7228441376155443,0.406626745772891,0.0,0.3710152720823445,0.6166301851381604,0.6701665956372993,0.7159788831767352,0.4687147477247322,0.4216520243151236,0.42875602108084765,0.5779877879864332,0.6584063659726137,0.554285681961511,0.7599244755315394,0.5554229809018559,0.38645881115026914,0.2770905029758703,0.8645670200926825,0.0,0.5636830763270785
0.5432245906871134,0.521702257666466,0.9969345251400836,0.8098101884694557,0.5460571482613834,0.4708210706002842,0.602929608287949,0.7862171345069446,0.8658220397734955,0.6354908575140674,0.7284960779339315,0.6162803219220507,0.7006325319535053,0.6198697990681146,0.6630614088585318,0.6206440913413034,0.6519436352654867,0.6673355671199841,0.9438498346495358,0.5674929422511477,0.7623296349354629,0.6151185927192192,0.8350510512108307,0.5950824037655422,0.0,0.28664332770280165,0.5228881938349277,0.6174488598264481,0.5121581926116194,0.43002519700303454,0.5262564336030502,0.34608459480184384,0.7379058255968594,0.46488502443048346,0.4079090980755273,0.5635635463858555,0.6437648920152678,0.6585593530758617,0.6593279523917679,0.658098821348756,0.5919751648082898,0.49970025380850447,0.16397853170988183,0.0,0.45749990129706414,0.6429377706283383,0.7189302167952067,0.0,0.0,0.0,0.6632238327751988,0.7358721122201461,0.642419622063971,0.42482292877479444,0.6685979260449597,0.4743826764067408,0.6619551825432934,0.4704681220614479,0.0,0.6308900914606173,0.6840980896831866,0.8049264790313458,0.740504439723672,0.0,0.7351074012425275,0.748796348343529,0.7180218360042614,0.5972782188007257,0.8811028916065307,0.7829887002831022,0.6746865718738484,0.5022255916489188,0.7187985970535373,0.5353954355261537,0.0,0.6097715069601182
0.6638277282229581,0.45715893705193367,0.8469562389335373,0.6547958824745138,0.5296927471393229,0.616559869831246,0.656234079887854,0.7056519091778051,0.7888376766194218,0.5382705834756258,0.782604586213967,0.5281791224594591,0.68329943107793,0.7077143485350581,0.5834157879561641,0.7572710119309112,0.7099889341680686,0.7144473061994445,0.7621091738313885,0.5735004112857366,0.7312036616259,0.7476299757750031,0.6263693681091002,0.46292812557716123,0.28664332770280165,0.0,0.6295222825762798,0.6790568659112173,0.6846855823252453,0.44482275172673347,0.48228022897600364,0.6456932021278303,0.7766782928407316,0.5791603176186775,0.5476816542605868,-0.026411730798067745,0.7272289228268276,0.5234817427404808,0.628508673743342,0.6666341306697345,0.7565125015347515,0.5565415660344635,0.34802897380709785,0.5161773596216706,0.49249352545194214,0.6015916707246246,0.7586498214029262,1.1299769288005401,0.0,0.003881317043031334,0.7031630434234829,0.6925947583586018,0.6026053446797486,0.6847312598838083,0.6079961305575128,0.0,0.6355778954754724,0.8473377935156159,0.0,0.8185377923999448,0.7352956577432203,0.6791438975820543,0.7032764889043555,0.0,0.6941207536896691,0.8910147986114707,0.769314092797381,0.7625465856375486,0.8050452255316017,0.7604722134296753,0.7426173065341946,0.6535346923351554,0.6356656491599988,0.6661994905728238,0.4848421335567359,0.5968252171544574
0.6296881785729098,0.6181059463172899,0.7016728157362572,0.8161829556456756,0.5817287016338666,0.5930603589262015,0.6513183557434468,0.7468577312871312,0.5883378002906895,0.4099884431116555,0.7999627124268838,0.6326861309274956,0.7931871433810987,0.8521281597207578,0.5260893782870943,0.6327094747638079,0.4118927279035722,0.6247846120903103,0.667692677927628,0.522810493298736,0.6475858563049468,0.5137869338632002,0.5947508878202488,0.4066263153217663,0.5228881938349277,0.6295222825762798,0.0,0.6356823864029808,0.7901297276439996,0.5252422946886914,0.39150357692052656,0.5210587703606557,0.602502059448417,0.4512300449223751,0.47834322258983536,0.6777888060482384,0.6594278914001052,0.6638522430084254,0.614464037840238,0.5704312733853408,0.6273707414576752,0.6232299103893532,0.8457691004944319,0.7996273987117002,0.3497948094772406,0.4059119463663161,0.623686652017972,0.7780903658155747,0.5891596192520213,0.6269675192155071,0.6146574241650338,0.6574928764112986,0.5817857780105651,0.8260861553438522,0.6712429189587612,0.808335728231463,0.4685478538472699,0.6974531391147658,0.7460118792608097,0.6991606300768529,0.686448160626496,0.0,0.5397334854765057,0.8790109231574694,0.6609485057881228,0.650249107374236,0.6372979080316787,0.6304960941691341,0.0,0.674534912447718,0.7089659112589664,0.6993325391075015,0.6605471408658955,0.6515477009264274,0.5493556234934449,0.6069736244520063
0.6469978349877619,0.7156658357639434,0.8648430651392034,0.2453217474153338,0.6565353409768416,0.7036402006908117,0.6387808395928747,0.7273250678334893,0.8848352123323846,0.5507162104771408,0.7183865802802559,0.8290045056965759,0.7188566687874158,0.5863408479454062,0.6027172532046647,0.6502631060241997,0.7004400578663096,0.6302836669451297,0.8490584252123721,0.7025267360183785,0.5238715978474873,0.7615707157817745,0.6972803143027818,0.6273392143386822,0.6174488598264481,0.6790568659112173,0.6356823864029808,0.0,0.7453618512483284,0.5288336307644439,0.4155699564909193,0.5782725445672514,0.6444352243147515,0.3195009390398901,0.5472665141273589,0.6105182481133751,0.4742459995056564,0.7444580645385293,0.2712819084467979,0.2608591758935138,0.11995171685594594,0.1774349721022631,0.4702742482108382,0.29510924334338884,0.747966126177166,0.7268571749189305,0.711992436692139,0.7249564002756916,0.0,0.825770996960989,0.6810228517345439,0.5455986951659999,0.6636217215635503,0.6801421192074482,0.7335001269259396,0.4469608709258047,0.5547191201502465,0.41876607191119,0.41089647458919776,0.6242836404194003,0.5682407808944796,0.3513074269166523,0.660295302175081,0.8979039650536894,0.7069304477055854,0.5101304926832928,0.47911895495356094,0.7093222504526355,0.5165464305712177,0.7688122830183423,0.6335687916402244,0.7596810840175741,0.472701051607437,0.6265971700339159,0.7715577788806784,0.7129263742611909
0.5669573585785175,0.5601039342348801,0.7475273231652926,0.7014161009177553,0.6880489824886283,0.5912035090206119,0.7666719207693717,0.6482521457118895,0.730665719981476,0.23387864525837082,0.5685238035995863,0.08100209529769353,0.6464782982554595,0.5784710573056557,0.6744660061818457,0.6438327527736158,0.38559107272827164,0.6997607132994315,0.7173952039411745,0.7912091392304978,0.5351735083176106,0.6287516308987178,0.698644297321368,0.6674446430166501,0.5121581926116194,0.6846855823252453,0.7901297276439996,0.7453618512483284,0.0,0.6461408600309224,0.6732152668610455,0.24606536007604415,0.4233464121237638,0.5795333124228819,0.5214663082064768,0.5756108948726876,0.5546311236740776,0.5567830758162267,0.621501637686607,0.5421026971859955,0.6959437320464488,0.6484064410421022,0.6478124285663281,0.7349920709603373,0.44018497023612135,0.6572499579466136,0.5286150184982652,0.706784140586596,0.47286735955553505,0.5607056541081268,0.6935521210750586,0.598152911422224,0.7460679225332292,0.6322056243556411,0.8959494818798689,0.7701653953520633,0.7784156343151446,0.6719162124940599,0.5777324163925761,0.681781409419846,0.6081030758590354,0.48305317759934224,0.646294474261707,0.7483968158670131,0.6856100239486707,0.47790015166771627,0.7036356230695648,0.6965424367565427,0.4694336331704968,0.6794052216338438,0.7712398539118711,0.728487596215206,0.7038355472052624,0.664443583003287,0.6416949424998855,0.5745062545951065
0.5480030404274412,0.46584892334277905,1.077100214551832,0.47758196411220677,0.5528322113688251,0.739371050932348,0.6566388733725488,0.664263782321913,0.777888509119314,0.2137959265190442,0.4986491587315564,0.537848046422016,0.42705633497847034,0.8335455788437676,0.5631063841409685,0.5625880412375948,0.2427996921803472,0.578011430289453,0.693741761106755,0.7001986628125418,0.48912770654691884,0.5730178470183762,0.6634465362833091,1.035337166131732,0.43002519700303454,0.44482275172673347,0.5252422946886914,0.5288336307644439,0.6461408600309224,0.0,0.4098174912406372,0.25695339237174286,0.17868448559844763,0.6370289514150255,0.38623630125700203,0.6213700756186807,0.5696903819107237,0.29384240131001493,0.705789954253301,0.45825480804509267,0.5850150400883144,0.5612348318604026,0.8108528177401867,0.27495562909584004,0.0,0.0,0.0,0.16757094381093007,0.0,0.0,0.5418029342125429,0.7711502923012741,0.6279892591711755,1.0268853684306027,0.4887474766061121,0.0,0.0027382840903631377,0.5945502879445862,0.0,0.5114879728687066,0.0,0.0,0.9756796659076474,0.942224725353414,0.5551957270928247,0.4771418795701313,0.7282597280729025,0.6597615097830918,0.0,0.440102619514391,0.47984515789962146,0.7168254986394054,0.7524372901551221,0.5669464241883662,0.7072411172775801,0.4435582932750515
