0.0,0.019123103922132623,0.013632762586681224,0.0,0.01381654229996715,0.022147333847945316,-1.7345333360452297e-05,0.018397408682275018,-0.0032441511813639523,0.024740036385687447,0.0018739644248105813,0.01289123520412061,0.008891090787203293,0.0010539825712201356,-0.018390652475187397,0.011445019025403347,0.005349911342710845,0.0197652567257548,0.0,0.00020936873541449463,-0.0011217467725762598,0.010199138200588376,-0.0005984458941992177,-0.010456481512287896,0.0038360725693127873,-0.0052823122500724184,-0.004233404002385144,0.005822409189057298,-0.005600548265736083,-0.0109053399449493,-0.0038590861986724234,-0.0008784712549824714,0.03507533983819644,-0.007635296074755715,-0.007704226077375642,0.032792284432793195,0.0005366620362557417,0.00820400027311452,-0.026157648511158427,-0.020581520817860632,-0.008243100491960642,-0.05598809696634138,1.526560684206313e-05,0.0,-0.010400569567867168,-0.050279113230523365,0.00155642196978939,0.0,0.0,0.0,0.0033692943267996656,1.1102230246251565e-16,-0.01626094353069485,0.0,0.004417857216802545,0.0,-0.0002741696102311897,0.015739581774558253,0.0,0.04906319476602533,-0.002543281347160087,0.037041308289931074,-0.0022868436239395495,0.0,-0.0017318449514044931,0.012449097821419342,0.0005240230088081055,0.0047807063856728504,-0.08097509973922029,0.003715748242676342,0.008020727080596979,0.0035759142829215884,-0.00024364781175151284,0.00223129861514898,0.0,-0.01783875070364138
0.019123103922132623,0.0,-0.004726152522456062,-3.043327152191244e-05,0.018383830924130318,0.004612614504250712,0.01602495368415946,-0.0010999623013169813,0.01066864868642603,-0.012689517645215143,0.006994233959059737,-0.006218971556196329,0.01120373813723008,0.0012774757866802489,0.0032346475256268548,-0.0005372963178844059,0.036523908984780196,0.004591544006649073,0.013529049762310785,-0.0020916250141942427,0.01765225937666498,0.003880243753480339,-0.017772661964816583,0.02042777281514735,-0.0032796557987388453,-0.010135052373002384,-0.0006595037515234603,0.02183754018624895,0.005791562294923225,-0.004355347080617689,0.0009153340057531101,0.0057800214192119115,0.015597395416111992,0.005783691724514761,-0.006213695014663401,-0.010708770725018246,-0.0012230318584815492,0.0,0.0002711166521203179,0.009093313406928816,0.015168389708358765,0.000524290603521882,0.0056609233452393215,0.0,2.220446049250313e-16,0.0061180186546713755,0.006577328938395133,2.739570143783787e-05,0.0,0.0,0.0006704870490278347,0.0005643578821757922,0.01630346305292346,0.0138470771425242,0.024812772184285126,0.0,0.016672177744511463,0.009233106144307945,0.0,0.019457901223964902,0.010409403703710796,0.01419561753329257,0.013058465183262813,0.0,0.007043366098380965,0.012189016339091918,0.0036054376940874433,0.0014695681688221551,-0.001474022769861305,0.015135890454364587,0.014287624984719083,-0.0034204609983340406,0.015824046728939,-0.0049669394368741515,-1.1102230246251565e-16,0.0031460292310933613
0.013632762586681224,-0.004726152522456062,0.0,0.010715155250530795,0.0056286441194082215,0.006730007304260488,0.04074206247211182,-0.02304609560615567,0.022850082412585737,0.02483814922739641,0.05587015346435903,0.030979867743735623,0.04635917449400645,0.00734770594786921,0.025474775082060974,-0.014108482829737978,0.023412762386992803,0.016750986456282535,-0.0046940407410450136,-0.0018843777341173706,-0.0021800628779744535,0.0034058941254196395,-0.0034623897356175215,0.032472375941386966,0.07941111528464895,0.032311053933621825,0.024058551665507466,0.029894941661532004,0.016070929844436532,0.05814008325275649,0.029061404807971702,0.004504951046589878,0.045895737517526736,0.02763052046731118,0.02046826516026523,0.022581894392766866,0.013046229629722239,0.031869816649066185,0.005714427439773961,-3.126462847502509e-07,-0.05929814585225268,0.03208753650154528,-0.01766228226862432,0.01373096340375718,0.0,0.0,-8.083159430005704e-05,0.09299551096622505,3.4286961009266648e-06,0.00041093091921651226,0.016872618568841813,0.024010104490485462,-0.002952485799852078,0.038088245399608534,0.0003005458907879288,0.055865869969347004,0.011345261602734302,0.03225226665574965,0.03388024889167174,-0.00016904045623761244,0.0,0.0,0.0,0.0007386052431772594,0.009487044716471216,-0.00396072142874454,-0.00027469468526797325,0.006472989900334847,0.0,7.301662264252995e-05,0.016263347692558217,0.016506621346890626,0.02059067241697443,-0.001857152533213724,0.02213755397905559,0.0027619288581061108
0.0,-3.043327152191244e-05,0.010715155250530795,0.0,-0.005288758775773228,0.023550671532076572,0.005148624397535995,0.051041860446800924,0.017788486272497794,-0.06302541103723394,0.009700352167520743,0.1256762001168399,0.03544643528281516,0.009460289650434328,0.011707769126698409,0.0006136166858423109,-0.007542752886452675,1.5613215789911372e-05,0.0005136872446585006,0.0068926922186945405,0.0006574938317187584,0.00839455389354421,0.03204709194069616,-0.021118923920457222,0.0003875541640007696,0.007208604063179469,0.02103770342824607,-0.0285617133015397,0.019744528244491466,-0.002370088713765761,0.028342712440457885,0.014443817969080397,0.01534749058081758,-0.022186969370626808,0.03525081352284393,-0.00015530866745674943,-0.013905949220919978,0.003837480379612568,0.0030586205424009694,-0.0002938700486852519,0.07655899781993902,0.009698990368248173,-0.009726808353347549,-0.011071566387570342,0.0,0.0,0.0,0.041553449992710045,0.0,0.0,0.012243737748105388,2.220446049250313e-16,0.04568687087452644,8.216473310229677e-06,5.551115123125783e-17,0.004021835175170074,-5.3031255771052166e-05,-0.0003670624726698768,0.0,0.0,0.0,0.0,0.0,0.0,0.0,0.0,-3.1505691152733384e-05,0.0244547400106081,0.0,0.0,0.0,0.013885301051750731,0.0016295139768208733,0.0025618395975758324,0.0,0.0
0.01381654229996715,0.018383830924130318,0.0056286441194082215,-0.005288758775773228,0.0,-0.007386653564713519,-0.010264548852562005,0.026843118168495106,-0.012568429732533748,0.005075494134318237,-0.0026579142771396835,0.06156559480986795,0.020395242135680003,0.007622029974978017,0.014030308955370496,0.024012994550591304,0.010724525272550745,-0.003251366249438614,-0.028715265062897066,0.010775915963624483,0.02186170650590724,0.0429355108154329,0.012847209109539015,0.016464188316399286,-0.006886941169180871,-0.007135722900165231,-0.0009296333004595314,0.011277062513912861,0.009095031770356865,-0.0016106315689697337,0.01164815559145288,0.02730648013869169,0.016665555831388623,0.031105605190038466,0.03854628442037333,0.013076341833080651,-0.021969750445487907,0.02775059315914974,0.028812356831864727,-0.006082984408402881,-0.041668507931242604,0.006891771787671808,-0.013240528728803491,-0.04424467086731748,-0.00010099967469728854,1.1102230246251565e-16,0.0013899281468995883,0.024767536408463853,0.0,0.006344115034320308,0.015776155119405888,0.029520832124607765,0.03323840396143768,0.02758940397285148,5.551115123125783e-17,-0.009339200778790913,0.006820008874394545,0.039356187914442176,0.007889847101260838,-0.0009742540283879664,-2.356512010104339e-05,0.0,-5.551115123125783e-17,0.04682610705806767,0.017303956321849112,0.00018094058144357827,0.010250361543086783,0.017346397348491638,0.0,-1.0023817371584975e-05,0.00917136599378321,0.0224752390484404,0.020539998814982807,0.016206950736878556,1.1102230246251565e-16,0.02785333275558488
0.022147333847945316,0.004612614504250712,0.006730007304260488,0.023550671532076572,-0.007386653564713519,0.0,0.006450806228298911,0.025423442001368146,0.010561686958432293,-0.09555178820731514,0.036953315784250707,-0.0704287498012734,0.005318104960712167,0.029709008082479726,0.03179448100620713,-0.032519341519654965,0.01675507946414423,-0.020240471122616843,0.06273436849935998,0.0041018907837860885,0.04106718055457681,-0.00028261472566176726,0.0001669969791681658,0.006046521792026804,-0.016144363389159533,-0.00798428036902804,-0.002567968931549258,0.009722596834873531,0.01780018480536777,0.007745844933579549,0.0018930542105767834,0.006438609966551212,9.117204709674365e-05,0.0004890017091911947,0.007739974504385128,0.04651253970445546,0.020402949518064706,0.026580556346802564,0.007827844253212812,0.00738566143594499,-0.03557735002928203,-0.013308567312447561,0.037816960736520244,0.016814978612472553,-0.0029623274937828903,0.008395434111951428,-0.012983188219613584,0.022957896693681867,0.009637681641914309,0.010520817854482445,0.009071533601883952,0.016044695086488092,0.0077276597111519685,0.034498404761398094,0.02535311169295107,0.04196460283803505,0.016391696855621807,0.01774473963930423,0.00964234501618294,0.019454409469590928,-0.001802426593751183,0.0,-0.014352605727181333,0.03898881173613111,0.01070356434754799,0.005703640987589631,0.01803231232278435,0.011289618572511761,-2.6490802326528673e-05,-0.0021002142926150325,-0.009173574360381131,0.0188199577967344,0.015123860568118375,0.0028532451177863405,0.007557817975939796,-0.0006778190852386734
-1.7345333360452297e-05,0.01602495368415946,0.04074206247211182,0.005148624397535995,-0.010264548852562005,0.006450806228298911,0.0,0.030257248201394138,0.021160077465939786,-0.004138764768025716,0.027544937313767948,0.017577894356089974,-0.007749879754120614,-0.024806622545742174,-0.015631364122157654,0.013551594618897822,-0.011670593376187754,0.010548333054569703,0.03721344174619107,0.0051095708227796854,0.011227944791390443,0.024332877766991057,0.023152820669214647,-0.004835213287054774,-0.0012981184125298584,-0.002704189463208051,0.01097397013103546,0.009580088631130801,0.019195178819839953,0.009375139573658042,-0.0031311198455563627,0.013782703641032401,0.01165738877274397,0.0067693833911999235,0.015833550335170588,0.011987565037809123,0.009295872098802449,0.017574101915219797,-0.012815976221937586,-0.015536636406876858,-0.057808157452260145,-0.04218476112739383,0.07117910595764126,0.018692008151223627,-0.0051539301421436035,0.0,0.012188066829637911,0.00858905651770192,0.0,0.019794173905611778,0.005030390256566375,0.016679022154883927,0.004597000215255609,0.028168614565300065,-0.00032301720609911877,0.023828766862501682,0.005563156488064602,0.006140510920894182,-0.0020650544621418354,0.013281331324222045,0.008002068959725162,0.0,-2.1672255011817576e-05,0.02514253942380773,-0.005604272859723258,0.013995489674143768,0.014892636233034717,0.010136033332768246,-4.816640755711532e-05,0.005111077687767418,0.018099879295692567,0.014873223158571758,-0.0014495765582708264,0.00706002415855056,0.010172479487075226,0.004933626584114115
0.018397408682275018,-0.0010999623013169813,-0.02304609560615567,0.051041860446800924,0.026843118168495106,0.025423442001368146,0.030257248201394138,0.0,0.022117522633037234,0.05754902477910673,-0.012344723241711875,0.03487813285559255,0.03491872590852202,0.021486726788707167,0.020689597181899666,0.0035536332293152895,0.0010540316018871065,0.02332663372475391,-0.032853744587997724,0.00154891924815026,0.01535974480209934,0.00696114394767694,-0.0011230976412345828,0.011487941074630248,0.025135109909855236,0.0107332116904727,0.014204528884230738,0.01517685511047917,0.018690857669288963,0.009699054104989835,0.000858518636516703,0.037847329547413266,-0.008795768536373594,0.009121910308058645,0.013600664905198345,0.07403038717108451,0.0785204007563382,0.03451848644770095,0.00871141122262692,0.009257900401096253,-0.027262957168657953,0.009062657746362612,-0.02272202362196446,-0.018676810441185243,0.0,-0.0091543977737511,0.009387131402794291,-0.008976643248378213,0.0,-0.044856075585415045,-0.0005354335861615933,0.011973405015404448,-0.062433531860605684,0.01616097500737157,6.272598033230103e-05,-0.007827623323779509,0.0001735946879853345,0.017877001136209714,-0.01480878278159814,0.01828255215898067,0.011606720778322421,0.0,-0.00010078995483780995,0.013362461712933538,0.025933688369745134,-0.1833766215064233,-0.009601949647252694,-0.00879096747265462,-5.551115123125783e-17,0.022972548167251583,0.003627022462679985,0.011186215548286804,0.018539920830608625,0.0006386993478295633,0.011252901591495112,-0.007554749977029929
-0.0032441511813639523,0.01066864868642603,0.022850082412585737,0.017788486272497794,-0.012568429732533748,0.010561686958432293,0.021160077465939786,0.022117522633037234,0.0,0.026369594938486063,-0.01685703851659065,0.03937090146327876,0.052246494779753905,0.022526719540880202,0.046693376733781156,0.006357616867097238,0.01745685717014167,0.03661585126178207,-0.01172959044505606,0.000952126885842064,0.03155106349960435,0.03653597170733852,0.011345378693219443,0.013802095358583788,0.05468927924604733,0.02555325982875145,0.008015441906254639,0.03672009442202495,0.03531689024604667,0.023702841841427458,0.03762493345601153,0.02256555806970162,0.02486827096527633,0.032786132600184925,0.03511351270765595,0.0337026290008024,0.039658674540477445,0.040831124477522296,0.01667770924303058,0.009753088485068284,-0.03558313633816007,0.02190524516938097,0.006433738696933589,0.11307871396664593,0.020828443093947713,-5.551115123125783e-17,0.0017465422101439754,0.033072920384135895,-1.64716168365997e-06,0.016950388859535814,0.035352746506530086,0.03136587972189275,0.025462658608543798,0.03536501797012925,0.01390842032357903,0.03149191776193905,0.023039945947426477,0.038367689508001845,0.011161531505068378,0.0026525894907910574,0.0009558839935643326,0.0,0.0,0.04163438649069484,0.009520543909530055,0.003421389863226376,0.006090283742973879,0.024538997149199493,-2.0272150615729956e-05,0.01305378981605504,-0.0012175016642208547,0.03306224987539208,0.041901732815857295,0.015572003380956378,0.019793090529601765,0.02658031908168068
0.024740036385687447,-0.012689517645215143,0.02483814922739641,-0.06302541103723394,0.005075494134318237,-0.09555178820731514,-0.004138764768025716,0.05754902477910673,0.026369594938486063,0.0,0.019305949484726637,-0.008458946102040232,0.00430888267747892,0.002704611547997726,0.0205153808784731,-0.012537296555693023,0.00825042368434814,0.027204829444157752,0.028808761091782487,-0.02278159924406209,0.030543984374526822,-0.007078540967704439,0.04924944014969146,-0.017287925677049176,-0.014641401122096387,-0.019650813108627097,-0.016773629542327972,-0.011788813158340017,-0.040910097669516865,-0.034839695607216725,-0.013554950880861172,-0.044118418876056165,0.01989882677318605,0.009105984995406768,0.012964633191012431,-0.04883425641829742,0.009732035741945977,0.0002450786553794826,-0.036711421556845814,0.05272010226220092,-0.034524334247778066,-0.03397539064431582,-0.04074047487223209,-0.008661766938605209,0.02462129124880119,0.007460497034034563,0.027894614763107728,-0.000179966353189287,-9.352812223195617e-06,0.00046065766604241887,0.020849175605416326,-0.07971962250526698,0.01111210034452792,-0.03183843159803729,0.0403384506208227,-0.029979001184660348,0.023595624492883382,-0.023400184120995426,0.0,0.00024230337939779023,0.0196444644298725,0.05411608980111726,0.055734863330456186,3.074318389195696e-06,-4.9949905237378633e-05,-0.0019449834267024069,0.007470751925070074,-0.011240469376248619,-0.008839654611521863,0.04909001016324327,0.026249469562569128,0.019751465839671856,-0.042720834476139224,0.02713309311048534,-5.551115123125783e-17,0.034293797246043534
0.0018739644248105813,0.006994233959059737,0.05587015346435903,0.009700352167520743,-0.0026579142771396835,0.036953315784250707,0.027544937313767948,-0.012344723241711875,-0.01685703851659065,0.019305949484726637,0.0,0.03383828615024037,0.03555574011124596,0.009926236979878378,0.0,8.032709455363385e-05,0.02172416136218247,0.022153209197040502,0.0007760991830763064,-4.872875425981915e-05,0.007811368858721746,0.0035526658954170287,0.05826411743808524,0.010216023918001527,0.014565876503728092,0.016261433743271714,0.020912569860229047,0.02281793755515288,0.018300822693170793,-0.0006105282221832153,0.033243134678217046,0.028087329985522103,0.01976226769643402,0.030478993014144085,0.035354532927618365,0.03610151165441955,0.032660318086945306,0.02733646765350667,0.005743664628450107,0.017756557587882582,-0.015308376144517133,0.019011723011723103,-0.0005700977096633753,0.020672335614705384,0.012844019350238933,0.0,1.1102230246251565e-16,-0.03396429991708377,-3.189527663094438e-07,-0.018392098454955264,0.025106455454051158,-0.014809305417569918,-0.02771152333381982,0.04182309092357367,0.002373600603657544,-0.06615914092571326,0.05323679758572114,0.009094631220587457,-0.012382855829584316,5.551115123125783e-17,0.0,0.0,0.0,-0.09348225589164569,0.006923704359399763,0.0,-9.143928335558771e-05,-0.00046973366197711197,5.551115123125783e-17,0.0,-1.4812946215359002e-05,0.007864608635905213,-0.0021486708169129454,0.011119212067260409,0.0,-0.0026289751745167678
0.01289123520412061,-0.006218971556196329,0.030979867743735623,0.1256762001168399,0.06156559480986795,-0.0704287498012734,0.017577894356089974,0.03487813285559255,0.03937090146327876,-0.008458946102040232,0.03383828615024037,0.0,0.026700625067955785,0.04380058191523417,-0.019271667220223,0.007372813362707509,0.0006401377580985135,0.027497715209047147,0.03884665094418177,-0.003670856376360554,-0.005137680335614181,-0.043554662744363204,0.027517231794249752,-0.014167497670126095,-0.006523339323676436,9.24534380543629e-05,0.00366942681749427,0.028849765913696312,-0.06456105451357635,0.02007796153553909,0.0021163128347387317,-0.005675411053825463,0.07245237698776685,0.043159309961107784,0.001003686348483357,-0.023563538083204605,-0.007718386098354346,-0.005438217125935896,-0.025702094771885342,0.07703093712300663,0.0046101797699966696,-0.07111645431265368,0.011788070028839193,-0.0069253273406780225,0.0612199633874867,0.02648556822072512,0.021585380040424373,0.007204629871688184,0.007508740519500318,0.010163685187440485,-0.0031718443066875435,0.02725028113201816,0.00011033788913378251,0.0011683968708782189,0.052439043156209675,-0.00028626353474159316,0.048479345484731984,0.04825852867541114,2.0152135552564676e-05,2.6518754095095076e-05,0.04527055344634939,0.05041022540235135,0.05629570912419579,0.010129265064424908,0.00603369444565488,0.008943858352916001,0.0006369251985248181,-0.013109099888754694,0.024447564945775713,0.0459818060488954,0.029356794662392383,0.0007073504018731414,0.03955231066234505,0.002034732782775661,0.0,0.03585098719068808
0.008891090787203293,0.01120373813723008,0.04635917449400645,0.03544643528281516,0.020395242135680003,0.005318104960712167,-0.007749879754120614,0.03491872590852202,0.052246494779753905,0.00430888267747892,0.03555574011124596,0.026700625067955785,0.0,0.04261412881128496,0.018363748276146508,0.011783149580992136,-0.005320771996506046,0.014971894557191723,0.04489516669601701,0.00896776042197861,0.021611196186182235,0.0191611336076557,0.02848715651088385,0.005148855021173793,0.0005039638720057971,-0.0018548524905009356,0.020546667354586323,0.011315401930878544,-0.0014049623457653149,-0.023205700127535034,0.001030078458746031,0.019679769219382803,0.020031684681672213,0.008384860886704648,0.006141756097712281,0.044578238637933365,0.05137232759778021,0.018967432381225946,-0.0344176399572354,-0.007250545279832321,-0.061013518284237345,-0.02432450475313247,-0.003175584241874918,0.002584969296012596,0.002813850590617284,-0.0076542934347133,0.008080498442864459,0.01254958202081613,0.0,0.03076511878609889,0.007510488862811915,-0.014373964073937262,0.010851658019066845,0.018610737883598794,-0.04185518247464154,0.008850054312012745,-0.024291038973888956,-0.012661162824231631,-0.009357943157523974,0.008414787724238038,0.006465012172321538,-0.006062805684668771,-0.0027746828841409,0.02073901862732974,0.005573154224129184,0.010810705167348889,0.003155304175559037,0.010770158175450129,0.007232510989744867,0.010643161074996965,0.01834752826640995,0.019222975023318822,-0.033632769308659105,0.008923008461761972,0.020097808456076116,-0.02653000979664738
0.0010539825712201356,0.0012774757866802489,0.00734770594786921,0.009460289650434328,0.007622029974978017,0.029709008082479726,-0.024806622545742174,0.021486726788707167,0.022526719540880202,0.002704611547997726,0.009926236979878378,0.04380058191523417,0.04261412881128496,0.0,0.002826533388888386,-0.0005879535719215401,4.285799136100055e-05,8.799670837345008e-05,-0.012591219814774846,0.0034942447418627176,0.03401518660089309,-0.003234613072703618,0.033144532833261686,0.02606152227047165,0.0146654133741983,0.02379024425797932,0.026837411665391664,0.027384774591058314,0.035223171029780564,0.010567824120512548,0.02710635416869217,0.045263682043474085,0.012812555442698548,0.02007778111350461,0.030370892982450826,0.01642253140359068,0.005604958548856037,0.018964882032334873,-0.009928812066859083,0.0,0.0032319479651963245,0.00036600185344209946,0.020804169087245306,9.181051409679064e-07,0.0,0.0,0.0,0.027050385180038605,0.0,-0.003294266374790078,0.02393228020139876,0.03783374706825876,-0.0014864002751796002,0.00854264504496427,0.0,0.025002104821165605,-0.00018183830448686988,-0.0005962943420935729,-0.031078341803781162,1.1102230246251565e-16,0.0,0.0,0.0,0.026881632979034786,0.0,-1.1102230246251565e-16,0.0,0.024362526918183747,0.0,0.0,5.551115123125783e-17,0.032286630331099075,0.015477156455647012,1.1102230246251565e-16,0.0,5.551115123125783e-17
-0.018390652475187397,0.0032346475256268548,0.025474775082060974,0.011707769126698409,0.014030308955370496,0.03179448100620713,-0.015631364122157654,0.020689597181899666,0.046693376733781156,0.0205153808784731,0.0,-0.019271667220223,0.018363748276146508,0.002826533388888386,0.0,0.010228012540479392,-0.006128775341927295,0.007707119015369968,-1.1102230246251565e-16,-0.024206980533783284,0.009642142593572989,-0.05100351293529054,-0.0357522170506932,-0.0200933552109146,0.014462568092556916,-0.004640534548752184,-0.014276466837243429,0.008013869344910551,0.009340053942494986,0.00697418830593366,-0.008046826503790516,-0.0019814871798010114,0.028812162335097757,-0.009360042124009538,-0.006591606285140161,-0.003185919159619466,-0.003936024694123907,0.00011658113127360759,0.0013872827755084804,0.01668033300210392,0.018005013818542748,0.014580452161407575,0.04246294139843132,-0.003694267091280623,0.0,-0.004251915541621298,0.00033808992309020125,0.012658512902814112,0.0,0.0,0.010806424924181546,0.010829432293731789,0.023428185008175784,0.0038995432503364236,-5.551115123125783e-17,0.0,-0.0035812773834528744,0.021207564194988038,5.228451559258218e-06,0.019459088078019438,0.0035101825074795867,-0.006844560494580376,0.019853236910732985,0.0,0.00039901110609469326,0.001589385585004377,0.005580976155280193,0.0207625347150866,9.84205426396434e-06,0.013727472592392986,0.020140575819566076,0.013692288718612222,0.014666154880097704,0.015226118672663158,0.02153323199570123,0.004438537748227722
0.011445019025403347,-0.0005372963178844059,-0.014108482829737978,0.0006136166858423109,0.024012994550591304,-0.032519341519654965,0.013551594618897822,0.0035536332293152895,0.006357616867097238,-0.012537296555693023,8.032709455363385e-05,0.007372813362707509,0.011783149580992136,-0.0005879535719215401,0.010228012540479392,0.0,-0.01887170216237588,-0.025435456688646052,-0.00016356817232293652,0.005459672249103098,0.01726357451421745,-0.010095003322877993,-0.005159914081120487,0.02394916732575808,-0.005780952995696642,0.00798016487512293,-0.005185570891682534,0.003184630269093436,0.002437485689989305,-0.0026991598495646474,-0.022670780498748322,-0.006159130631807064,-0.019914530440726608,-0.014066398641620959,-0.04479422704453906,0.008520594688636307,0.0009523790150400835,0.024729401241585125,-0.004609614724420119,0.016823867543370785,0.005007146355115899,-0.011307670448029272,-6.817501910616475e-06,0.0,0.0,-0.014529507658975205,0.00043234129941360777,0.0,0.0,0.0,-0.01337407960566006,0.010841611726451927,0.01380397380008247,0.0,-0.0009820843031892457,0.0,0.0008393331804970039,0.005590614727099152,0.0,0.006698305834349216,0.004806473302164549,0.03161425260466527,0.014592958500999065,0.0,0.02726101162898298,-0.004119567395215351,0.0032503793773310252,-0.0021475601062586613,0.01214895069544597,0.013271047518685297,0.00602312241122116,0.002796370185655095,0.026669654657816844,0.02327967658580138,-1.1102230246251565e-16,-0.0009998717715530292
0.005349911342710845,0.036523908984780196,0.023412762386992803,-0.007542752886452675,0.010724525272550745,0.01675507946414423,-0.011670593376187754,0.0010540316018871065,0.01745685717014167,0.00825042368434814,0.02172416136218247,0.0006401377580985135,-0.005320771996506046,4.285799136100055e-05,-0.006128775341927295,-0.01887170216237588,0.0,0.036118213196714766,0.02151808608805189,-0.014309047769209493,0.006693312681987973,-0.014668035719549666,-0.00017815023711814648,0.015890553919654327,0.001987011490664492,0.01428999092714045,-0.011076756778705565,-0.013394869092075379,-0.005386699795369987,-0.020973707943161113,-0.021345762366785814,0.0040040439821565355,0.02407696858612879,-0.010762969529483524,0.0011457519187398346,-0.0005574309153716928,-1.8904748702752716e-05,0.0043415706723112235,0.026360214945869043,0.03570386327232644,0.031070076737807262,0.019146111440888958,-5.551115123125783e-17,0.0,0.01420558419580159,0.0275776009201813,0.02532919308647058,0.0,0.0,0.0,0.0,0.0,0.0,0.0,0.026417488410432288,0.0,0.01987358711804177,-0.0016765307106511584,0.0,7.6157377951247e-05,0.03611714014848011,0.04981679079529644,0.05148840966189572,0.0,1.1102230246251565e-16,0.0,0.02606633038982109,0.0,0.036145254043969455,0.049709541790912914,0.03036820767677534,0.0,-0.0032325155856258725,-4.108614170345026e-05,0.0,0.04442573296532332
0.0197652567257548,0.004591544006649073,0.016750986456282535,1.5613215789911372e-05,-0.003251366249438614,-0.020240471122616843,0.010548333054569703,0.02332663372475391,0.03661585126178207,0.027204829444157752,0.022153209197040502,0.027497715209047147,0.014971894557191723,8.799670837345008e-05,0.007707119015369968,-0.025435456688646052,0.036118213196714766,0.0,0.016350862575826908,0.012039112586557377,0.019421336635958908,0.00437196456805411,0.03017268681166435,0.01496407828894114,0.00010795257337853359,0.013191340504684512,-0.0062791877726926515,0.0025904368624260488,0.017310982376531225,-0.0022589665802810743,-0.005580386655887393,-0.006338130650294316,0.024900486914706532,0.00409793313209128,-0.010325036797456666,0.051299064735691124,-3.1507315952639114e-05,0.00940494194778152,0.011622218392643269,0.0363449030025047,0.021604613025956343,0.011682495985428532,0.0,0.0,0.019024510127536032,0.007513207548668133,0.014939521323840077,0.0,0.0,0.0,0.01228861706199158,-0.00013287646586906954,-0.0003734116562920109,0.0,0.012925666440275818,0.0,0.011759999099711926,0.008979708961324273,0.0,0.011230291280149352,0.020205993130120392,0.04127947469284299,0.03092365926940993,0.0,0.040443894631383426,0.01230484431866824,0.021341255601335596,0.01859838579280726,0.048870479503903386,0.03374984574859846,0.018672510873398884,0.009857414930965924,0.0030942649016332258,-0.007064515764235446,0.0,0.016495865180013558
0.0,0.013529049762310785,-0.0046940407410450136,0.0005136872446585006,-0.028715265062897066,0.06273436849935998,0.03721344174619107,-0.032853744587997724,-0.01172959044505606,0.028808761091782487,0.0007760991830763064,0.03884665094418177,0.04489516669601701,-0.012591219814774846,-1.1102230246251565e-16,-0.00016356817232293652,0.02151808608805189,0.016350862575826908,0.0,0.0003858112952828119,0.011228401106444685,0.011464222296108995,-0.0023690264614480983,-0.004148576037081297,0.03233128116374906,0.014568528195114505,0.00939970238649851,0.03398180615172214,0.019298965707039817,0.0033874654784833425,0.0271598175870163,0.01890593519562822,0.029598038101369628,0.030998078265692786,0.03553190370632198,0.015571490676781097,0.03174663358412433,0.032669757394147236,-0.001337417482697889,1.1297294032763805e-05,-0.05530848467805133,0.02993474926700579,-0.028950203364929428,0.014383704305221623,0.028215955019554484,0.0,0.0,0.010901418761147696,-5.551115123125783e-17,-0.013184242230300958,0.0023485752683184424,0.01667849184678083,-0.018636370379592537,0.015542242043316223,-0.00010799776353864754,-0.15151769770268597,0.007268409845190282,0.014292295498164687,-0.024720173033109305,2.220446049250313e-16,0.0,0.0,0.0,0.02195185947023104,-3.536720730512588e-05,0.0,9.625361117793219e-05,-0.0053776086470007645,0.0,0.0,-5.551115123125783e-17,0.0193461899398778,0.013966677940405847,0.020145907228790227,-0.00012193050751363455,0.004246176688805892
0.00020936873541449463,-0.0020916250141942427,-0.0018843777341173706,0.0068926922186945405,0.010775915963624483,0.0041018907837860885,0.0051095708227796854,0.00154891924815026,0.000952126885842064,-0.02278159924406209,-4.872875425981915e-05,-0.003670856376360554,0.00896776042197861,0.0034942447418627176,-0.024206980533783284,0.005459672249103098,-0.014309047769209493,0.012039112586557377,0.0003858112952828119,0.0,-0.0013792991905531848,0.0033536083698118,-0.02915927241371713,-0.005425420326263142,-0.008895284735653597,-0.006155544386810152,-0.01577240206681857,0.007171885272835021,0.01607106774787903,0.006348330782526501,-0.018004180766993727,-0.013406786744753818,0.005562898713657394,-0.01882808919789153,-0.018745822903081633,-0.008692623558574475,-0.006234616406955273,0.008125503630372732,0.01064351303920491,0.006052889552209839,0.02443963747416117,0.01795552492168645,0.03711845359075738,-0.02308948623138196,-0.00022609464611583752,-0.006011449077330311,-0.002020300527158403,0.03367382914014877,0.0,0.0,0.019718240775148388,0.020142288615322468,0.01709795829138766,0.0081806606246691,0.0003137314088522136,1.1102230246251565e-16,-0.0038828426916716063,0.021832579515282835,-1.1102230246251565e-16,0.01378926328884661,0.009917579814513688,1.0845174199303198e-05,0.0325198731271405,0.0,0.016480994648320535,-0.0019407707471155722,0.0015122824495198417,0.012913563818300389,0.0,-0.00255248512862577,-0.0028702124888457803,0.008519804678468579,0.01668696403411557,0.01476149548438127,0.010353949497125314,0.009593068790312909
-0.0011217467725762598,0.01765225937666498,-0.0021800628779744535,0.0006574938317187584,0.02186170650590724,0.04106718055457681,0.011227944791390443,0.01535974480209934,0.03155106349960435,0.030543984374526822,0.007811368858721746,-0.005137680335614181,0.021611196186182235,0.03401518660089309,0.009642142593572989,0.01726357451421745,0.006693312681987973,0.019421336635958908,0.011228401106444685,-0.0013792991905531848,0.0,0.00234032993974731,-0.005246625657226611,-0.0037871573750828946,0.03484390807732024,0.005747833247410183,-3.083251315549873e-05,-0.0020781219055926448,0.0021471356708236966,-0.009931981683049762,-0.00589805552396111,0.0023633124326022936,0.02068650132035521,-0.00042132984926440686,0.0035024059527183904,0.04886864853948447,-0.00962135908898365,0.0026587773400768566,-0.016406443610301635,0.009455818085875534,0.0032634766670948667,-0.008179441538057941,0.01958335650874099,0.0,0.0,-0.08644452758711102,-0.01054374966865379,0.010728797497463749,0.0,0.0,0.016469668722466413,0.006612726513700207,0.0018107322149792937,0.00371167272558115,-0.0018909273648748393,0.0,0.0008010275827137203,0.01931062464809863,5.551115123125783e-17,0.025990116971889077,0.000442084221971617,0.0,0.016083572035434424,0.0,-0.008764311662205315,-0.0313250871408825,-0.006169535092957257,0.011682798443038045,-0.12412170660379418,0.020649284551021385,0.007382901698668787,0.029074852023381836,0.02429350966945787,0.0037569551112341393,0.011037451700689926,-0.0007979789817698646
0.010199138200588376,0.003880243753480339,0.0034058941254196395,0.00839455389354421,0.0429355108154329,-0.00028261472566176726,0.024332877766991057,0.00696114394767694,0.03653597170733852,-0.007078540967704439,0.0035526658954170287,-0.043554662744363204,0.0191611336076557,-0.003234613072703618,-0.05100351293529054,-0.010095003322877993,-0.014668035719549666,0.00437196456805411,0.011464222296108995,0.0033536083698118,0.00234032993974731,0.0,-0.050171690522637424,0.054906196156836784,-0.011342569405360103,0.006387246857163242,-0.009179897450946939,0.017854883643579844,0.007521106493427243,-0.010853944137094729,-0.0178065999852981,-0.0033493893427414823,0.004193341324157829,-0.007488420077167102,-0.008781905124676359,0.0012491572342070434,0.028369780230066755,-0.0009907868906889328,0.009368188591664273,0.02762620413374789,0.0195585445321364,0.01713592730471042,0.052167279868893246,0.003505544920201553,-7.927821596387385e-05,6.955897270294331e-05,-0.00659695144411121,0.0035492148281550118,-2.875061411333757e-06,-4.75390139297871e-05,-0.0019393528362330326,0.009752848154525817,0.002527845068899248,0.011872694709063047,0.00482895334318062,0.0,0.008031257312418938,0.007415213494513628,0.0,0.01716332241221724,0.0045103976542199,-0.014903387401686397,0.0274601226727218,0.0,0.006554009016143947,4.7095685638320894e-05,0.0003908407110541634,0.008464920674333964,-0.015470049425201193,0.010997746298870292,0.0044328985878953064,0.005614294327179303,0.010069117242775372,0.01744938606290347,0.015865409731885438,0.01341026275387569
-0.0005984458941992177,-0.017772661964816583,-0.0034623897356175215,0.03204709194069616,0.012847209109539015,0.0001669969791681658,0.023152820669214647,-0.0011230976412345828,0.011345378693219443,0.04924944014969146,0.05826411743808524,0.027517231794249752,0.02848715651088385,0.033144532833261686,-0.0357522170506932,-0.005159914081120487,-0.00017815023711814648,0.03017268681166435,-0.0023690264614480983,-0.02915927241371713,-0.005246625657226611,-0.050171690522637424,0.0,-0.010663790360637637,0.035230940995352455,0.0007899068861192404,0.0023028899026306116,0.014816894126264468,0.011883383201749143,0.008122795825061369,0.0010714955586542674,0.002926589104435995,0.03383595212221968,0.0029695306102031638,0.0010631364324974468,0.04052469678807247,0.017342059614809946,0.045691484800360505,0.006178760929601068,0.0002423784074578883,0.008997063922656756,0.004616413506598138,0.036414260179259195,0.016337644454487266,-0.00799338985887077,0.0021931481563133848,-0.005074907966351683,0.02757843213972766,0.014822700121460863,0.006494286169995145,-0.0014486659855388329,0.007142224922034535,-0.012046337264906393,0.023739371872975923,-0.0013001665913657257,0.025826065352226535,0.03368398726319638,0.012813407303244984,-0.038873725339148735,0.01022199628427145,-0.0031253641673236188,-2.638208564653688e-05,0.01318949910050915,0.05577484653419518,0.008781207462200513,-0.012336606124540073,0.009089010169540501,0.009119100144326264,-0.00010167130539240343,0.013875347082555167,-0.007649300697729622,0.011865931197856727,0.00816702737843189,0.0016047719417916495,0.011405274918208863,0.006276308554888588
-0.010456481512287896,0.02042777281514735,0.032472375941386966,-0.021118923920457222,0.016464188316399286,0.006046521792026804,-0.004835213287054774,0.011487941074630248,0.013802095358583788,-0.017287925677049176,0.010216023918001527,-0.014167497670126095,0.005148855021173793,0.02606152227047165,-0.0200933552109146,0.02394916732575808,0.015890553919654327,0.01496407828894114,-0.004148576037081297,-0.005425420326263142,-0.0037871573750828946,0.054906196156836784,-0.010663790360637637,0.0,-0.002931776602232261,-0.006457950114272748,-0.01906941240693044,0.01098057635855959,0.0013774378484250338,0.010214484507691024,-0.01186622646665797,0.010400202866505892,0.026865481534867675,0.0012866135517117239,0.03582644462421375,0.0652693799239723,0.023504581769642874,-0.008421112951293191,0.020313178705588686,0.06659760843974633,0.02290677365353272,0.026160691272536063,-0.006917740171436593,0.003073957325971488,0.02984394257599876,-0.05449059536606837,0.0015713126851183978,0.0,-5.551115123125783e-17,0.00010420440504704809,-0.0034872422529891867,8.929297409993042e-05,-1.6653345369377348e-16,-0.00018563122022680068,0.0349416991081592,-0.00013656058589794906,0.023499372078830683,-0.00930290327588501,0.0,0.0003112212461582331,0.010161153256646294,0.017681985981009785,0.017599185041206222,-1.2698617745110496e-05,0.00040795369051194186,-0.01049113958253678,0.00893509373711543,0.0003375796266796294,0.007112817887137635,0.018234953336025317,-0.013285606360800284,-0.0020196295886877325,-0.04562725652190769,0.005838137646210939,0.0,-0.00654184675609365
0.0038360725693127873,-0.0032796557987388453,0.07941111528464895,0.0003875541640007696,-0.006886941169180871,-0.016144363389159533,-0.0012981184125298584,0.025135109909855236,0.05468927924604733,-0.014641401122096387,0.014565876503728092,-0.006523339323676436,0.0005039638720057971,0.0146654133741983,0.014462568092556916,-0.005780952995696642,0.001987011490664492,0.00010795257337853359,0.03233128116374906,-0.008895284735653597,0.03484390807732024,-0.011342569405360103,0.035230940995352455,-0.002931776602232261,0.0,-0.020031321547554104,-0.016452767195175855,-0.0014791888340395798,-0.005255933810093372,-0.008159347688375562,-0.012783918881143719,-0.012250158477479789,0.012666027745564468,-0.008589712185866016,-0.012268230846538108,0.007014543707141496,0.002539102872650578,0.022761742960177633,0.004063313269399904,0.017759477047885164,0.006664045427811349,-0.008071776661588093,-0.0020144464762164582,-5.551115123125783e-17,0.009507206340202246,-0.0011690798755832899,0.009282374047443032,5.551115123125783e-17,0.0,2.220446049250313e-16,0.006590299486856632,0.01378724027997158,-0.0041002410208134665,0.00038838255084244766,0.018096389855811246,-0.00013376883663396288,0.008850030817456611,-0.00013066789664112344,0.0,0.005166606103639948,0.012649694910248588,0.037727060284352076,0.01886520385521334,0.0,0.012447672200377735,0.020803448198704055,0.013818185829939378,0.003791246590297337,0.03435979711988968,0.021966142347627504,0.0055423351259102915,-0.0008202646571982553,0.011581293212403199,0.007725643285109551,0.0,0.0024873608919687706
-0.0052823122500724184,-0.010135052373002384,0.032311053933621825,0.007208604063179469,-0.007135722900165231,-0.00798428036902804,-0.002704189463208051,0.0107332116904727,0.02555325982875145,-0.019650813108627097,0.016261433743271714,9.24534380543629e-05,-0.0018548524905009356,0.02379024425797932,-0.004640534548752184,0.00798016487512293,0.01428999092714045,0.013191340504684512,0.014568528195114505,-0.006155544386810152,0.005747833247410183,0.006387246857163242,0.0007899068861192404,-0.006457950114272748,-0.020031321547554104,0.0,-0.009389856097178406,-0.003502998488493725,0.0010075715238229144,-0.0023674175703630174,-0.013611381990256632,-0.00039270610241359805,0.015035132022432784,0.0005044960139332644,-0.006284696841039827,-0.09411261760150941,0.0203810735920123,0.00826948860703225,0.0024476753084569647,0.012191983947879848,0.011593487916213396,0.011557549727824579,0.01656256311682469,3.066345092961331e-05,0.007428658373036023,-0.004844863007626821,0.005882558464749887,0.04044720228089993,0.0,-3.567107460061836e-05,0.0037182794986759804,0.009458866056911486,0.010473030872327593,0.009979201610674837,0.00536626307881749,0.0,-0.0026142299152510096,0.02069343327137574,0.0,0.023360695147730426,0.011839595845553663,0.018787247287609332,0.013890759200544056,0.0,0.011099049469314504,0.02055507922706612,0.003380466612462718,0.01739646434086689,0.025024690203711453,0.015156854081481208,0.01170252939033023,-0.0022946215011778737,0.007546146513009944,-0.003068524047993515,-0.000244182522739278,0.0006094676316313885
