0.0,-0.005566512539623536,0.02106444006691871,0.0,0.05980481853987235,0.021047834446041414,0.05326659216806884,-0.017385087171715108,0.012985423090689396,-0.01864293400935846,0.0040004215274979105,-0.0027954267221623197,0.052935106143512156,-0.005344550640384416,0.00511462308339139,0.017479406267208675,0.00103364249826432,0.014649773367840124,0.0,0.00929256628578018,-0.005066201795664915,-0.013657411178074563,-0.003681354672636805,-0.0176712759221494,-0.0020173183269381334,0.030025413220530484,0.022268325208437467,0.030206788984421473,0.007503663505115832,-0.02124396901507286,0.02131571902685442,-0.009302240758995106,-0.03294551751878949,0.02389887480781322,0.025757888478479152,-0.005324651334756514,0.04958771198374534,-0.04107985440291978,0.012871435047854929,-0.04693395195307387,0.0184437760399086,0.004764512339717197,-4.174542100637835e-05,0.0,-0.01236647775139732,-0.029132923958937074,0.030127450483064755,0.0,0.0,0.0,0.0062172723598381,1.1102230246251565e-16,-0.009847959519111327,0.0,-0.0166432188925153,0.0,-0.026885514406811084,0.00956840146445942,0.0,-0.02269132711032501,0.00893028571724841,0.011175925147105525,0.005746979984485534,0.0,-0.0013492416849927302,0.008722372468672579,0.033588616427493834,0.02865103485224807,-0.07400055155407131,0.019369117035158367,0.011395376228762355,-0.0006212379822619352,0.0006360445905876921,0.0008809100425330452,0.0,0.021001204930930772
-0.005566512539623536,0.0,-0.0035010785136400657,8.322300878232936e-05,0.007803205840344496,0.007565082098554166,0.006064421061028558,-0.007629485416683235,-0.0028177187595373465,0.008524512675737672,0.005468020495165982,0.016357460956062442,0.019856524157262134,0.0005393327639189871,0.045791758742054545,0.032798873935984296,-0.0053951374435187716,0.027073037592310112,0.010583730526120327,0.02242724315619582,0.02392141636739553,0.04717874287127083,0.046961325245396035,-0.0034167929754453374,0.03201169455177111,0.0247594362678884,0.02804215703146834,0.019473116434992888,0.008263358827374556,-0.005832433238767254,0.03371423374648724,0.017408791141165114,0.01296042108281964,0.04019842976147703,0.052915772213100676,-0.018026628609955686,-0.0018795043035598757,0.0,0.012986039090714607,0.03543897394895096,0.019187926986511727,0.03483345622715106,0.005077229984406295,0.0,2.220446049250313e-16,0.02668707751235877,0.03803891706397733,-0.0006898222005338184,0.0,0.0,0.019459160019624833,0.024509948426234218,5.113189286126696e-05,0.014475962769883333,0.010992575273392757,0.0,8.721026072439075e-05,0.015511334929804776,0.0,0.045966376628610306,0.012076597772718412,0.010492168109493882,0.00507679431311997,0.0,0.006641163928159277,0.048277830338847916,0.03397503810303376,0.03169876919709097,-0.001814650760504244,0.011253851655710523,0.03746194610307585,0.018740117267505074,0.008762746216144202,0.004547151529951443,-1.1102230246251565e-16,0.014254264833877928
0.02106444006691871,-0.0035010785136400657,0.0,-0.001114140408265074,0.04016434083121123,0.0265117006884929,0.012194349946322736,-0.04390562734490849,0.0268327142717234,0.0003802812767283448,-0.022770468897438223,0.0064225130545490505,0.017482337667645287,0.01864211020310569,0.00019935622247901907,-0.016487441060385633,-0.01303820964239899,0.03470189140640845,-0.044260004228971306,-0.0005762367759625797,-0.015962204673108604,-0.002874587632720471,-0.029827685520858793,0.008710781535733514,0.03946922607937986,0.04429514683494967,0.005714081220224376,0.02379989081862932,-0.0351087443580711,0.004240743700773042,0.008429306414396653,-0.0015483842219660149,0.022902835968540425,0.014353071749099056,0.015294985529413552,0.01079316600463931,0.010723079519427914,0.012949922669225233,-0.10755020928294118,8.549644253674771e-07,-0.0708255875293865,-0.05080451350587045,-0.04076355318623953,0.012690010377926497,0.0,0.0,0.00021489424722354045,-0.17377608487737836,-9.376133141780763e-06,-0.10253252062442608,-0.030353555242536023,-0.06627733028765481,-0.07266745599905688,-0.15416405385047682,-0.0007399263519229926,-0.14751980769918194,-0.0020538880630076584,-0.05994439188855655,-0.1612833916996047,0.0004421277861553219,0.0,0.0,0.0,-0.1453449962149158,0.009249197926832542,-0.0031696468235556385,0.0007147651900910046,-0.13936420195174393,0.0,0.008889773357237896,0.007039945978539686,-0.07508066289574383,-0.05484086308843966,0.02954639889015026,0.008012880986801751,-0.06705135138202128
0.0,8.322300878232936e-05,-0.001114140408265074,0.0,0.004778541629883726,0.015206968961968492,-0.012421746774638587,0.0081291641972282,0.001202668886899183,0.006631881377313825,0.013739256791763299,-0.02471568788147227,-0.03837539679011892,0.05301618793468349,-0.0041565310615663265,-0.001611508226145475,0.009908462055354839,-4.269599454220785e-05,-0.0035509381543947782,0.0038216725466391765,-0.0017422796801006002,0.038183565556938914,0.009052781126731024,-0.013371628093028332,-7.157925019485312e-06,0.03792838580493052,0.0060534240763707725,-0.020458442560052442,-0.02865393002104627,0.007060323418495662,-0.003737629484807714,-0.026547654752123007,0.008165828864452274,0.12060914542337925,0.05814750693092979,0.03419290235231734,0.008338780650814448,-0.006289134867812685,-0.004292383742924455,0.000811546482147818,0.005534445195375826,-0.048088461027913865,0.005327582463580061,-0.010921175064258992,0.0,0.0,0.0,-0.03483407056384036,0.0,0.0,0.006303001084577986,2.220446049250313e-16,9.77154688953652e-05,-4.106929191738384e-05,5.551115123125783e-17,0.009226344019282962,0.0025804272090425573,0.0009573376162017033,0.0,0.0,0.0,0.0,0.0,0.0,0.0,0.0,8.615565400577063e-05,-0.05025121322252385,0.0,0.0,0.0,0.014493072691569464,-0.004646927657678213,0.004106767393404986,0.0,0.0
0.05980481853987235,0.007803205840344496,0.04016434083121123,0.004778541629883726,0.0,0.043470684236365464,0.028042616214099925,0.05287251764769474,0.029270723021724065,0.03531753703023682,0.021289543663856214,-0.010636064958371882,0.03226072560634968,-0.014325682270517337,0.0042035678716396685,-0.0034790708965384276,0.067323890030005,0.023505165959983976,0.01846042029725692,0.01955003922073545,0.03554632111839606,0.01667819764247691,0.029716523743322676,0.006526429741646411,0.002853330325689407,0.04347490713246449,0.037784034780523834,0.040425873180358673,0.03618177714269277,0.036733314346485524,0.03262587807483852,0.004372002471443759,0.040328775950257634,0.022767767197058364,0.01797182680657128,0.05141678997022109,0.03356369664522102,-0.0009304011190026662,0.006976747293502339,-0.007038776854616846,0.03926073520895712,0.013506057025497842,-0.024395617900611122,0.10408321683409949,0.00027619432266068333,1.1102230246251565e-16,0.003350060209589445,-0.002035225076264524,0.0,0.03825312546467241,0.013473505325830692,0.015801194739945346,0.0012665991894849626,0.015325701831462535,5.551115123125783e-17,-0.00338188345908641,0.0035896100045100243,0.023072018671574934,0.017295500204327297,0.007393120573522538,6.0944587921052396e-05,0.0,-5.551115123125783e-17,-0.012687143659158462,0.00660117115426162,-0.00047046580057191756,0.013075104792179104,0.00345997578722268,0.0,2.741119174587414e-05,0.002423093268914045,0.02265167460523465,0.004371248510744996,0.020271902242168627,1.1102230246251565e-16,0.000635495761113547
0.021047834446041414,0.007565082098554166,0.0265117006884929,0.015206968961968492,0.043470684236365464,0.0,0.03469985088987815,0.006722123414269754,0.04182744190427823,0.01271694121710193,0.010246999905930754,0.01843239331551272,0.05272074572531982,0.0069376694520538185,0.03264241244488969,-0.006199613201448129,0.030044308959123633,-0.002733912331261912,-0.052956271035160096,0.017315188161354356,0.01349172699219181,0.022298507276410584,0.028428697038371364,0.05237908858522966,-0.013118037289716944,0.04157412095764512,0.035618194538723946,0.039894039191270936,0.030201971863977328,0.023463602739872247,0.026380807773298875,0.013168955191259768,-0.010021093368828948,0.021720135254372552,0.02357437758080455,0.03453374915660118,0.014757684501633284,0.010461508172877998,-0.017245807019905468,-0.006190665474845092,0.00010586687189217958,0.016965801889803622,-0.014887895453825184,-0.0071445924547370865,0.002443211300569237,0.015139786407469658,0.012343131797857732,-0.0007873316633125738,0.005098491781702019,-0.009760225954563384,0.0037017134569919397,0.0016540011118830744,-0.008742010279816248,0.007560905780847671,0.017517024169378115,-0.006895742982803654,0.02863656225462302,0.004390764494036303,0.00311262012116853,0.017350597557186265,0.0019763464373449557,0.0,0.005057366802782681,-0.027908034774931867,-0.009782818067512022,-0.006003124143505512,0.02251162394684436,-0.006595587710339579,7.244190862226718e-05,0.020414207008231655,0.007932086389436988,-0.0003696461583577726,-0.0018293673939835942,-0.006118761237370818,0.009671075185602285,-0.007056507729105765
0.05326659216806884,0.006064421061028558,0.012194349946322736,-0.012421746774638587,0.028042616214099925,0.03469985088987815,0.0,0.03236362445855634,0.04745474805685013,0.0376928126896654,0.003386697488988344,0.011947992736353164,0.01829249807097799,0.011154490937316464,0.01287525305680659,0.011702269914414642,0.03568767221728786,0.0234414290595083,0.014718080120623256,0.011637877320480161,0.023557039013747894,0.024966673072463974,0.019301840175981355,0.008708942663779307,0.001998821042647425,0.03522774803105255,0.023758236502716135,0.04890922934698133,0.045021719670332305,0.007528539717257976,0.03601529252504565,0.00923345743143611,0.014089210552793274,0.036134950283335576,0.017591191349010327,0.05960933210255864,0.03997406846626361,0.010921193930935047,0.004588627720493066,-0.03681904636978567,0.038675825620500814,0.040049038725949504,0.0008189804359520214,0.015208444504970997,-0.026947647774005712,0.0,0.011893462103074626,-0.003121751481087398,0.0,0.010740743879609271,0.011624287178866544,0.005040515612719898,0.009117900918496624,0.005744249672365087,0.005095040356267677,0.012730028199994636,-0.013831604147790055,0.00808160011916148,-0.01845696540427444,0.015170744162983918,0.011705307926793307,0.0,5.926507992698449e-05,-0.01974388146016537,0.0006233653575419273,0.015327637793874305,0.009690448305911037,0.006514378833936907,0.0001317161500773989,0.003935001800652871,0.0143932212827238,0.009987469059441922,0.011474236751990385,0.003515341524782445,0.0025427194900927708,-0.002202858113143802
-0.017385087171715108,-0.007629485416683235,-0.04390562734490849,0.0081291641972282,0.05287251764769474,0.006722123414269754,0.03236362445855634,0.0,-0.00017169322718912916,0.029035076194320608,-0.07565937035359116,0.00829072638590217,0.024647750875769536,-0.010862351035907991,-0.014298604550668614,0.020190909632651022,-0.013014220514302455,0.01030921913385624,-0.02691084377936076,0.016296895157331848,-0.07848172323345848,0.0052872908395992235,-0.054461895016810424,-0.013016909966942103,0.009674677984662872,0.016145067519989897,0.006465816285351644,0.010400246598383789,0.004376940947665664,-0.016049458192571753,0.005977627099306659,-0.015673663409711214,0.026886926498021047,0.01453327847735203,0.004708148401662893,0.005153370314585237,-0.11518682670040034,0.008515385971020972,-0.05861171258218917,-0.018366697679383037,-0.03202156944107648,0.010472632984510344,-0.04650753773936123,-0.012321947437289427,0.0,0.0013253309208228758,0.00951530259452138,-0.028573633002214938,0.0,-0.004788388700602719,-0.025289881590881413,-0.005638292013064927,-0.1034682552383614,-0.015146865047292013,-0.00017153084604520918,-0.03087300408945487,-0.00010787317090538151,-0.01090267785440141,0.008360280934840203,-0.07706660399720922,0.005396386105392226,0.0,0.0002514373663136671,-0.039619903020534586,-0.07130391536253583,-0.18103276571569296,0.015815872748934257,-0.031795635715161696,-5.551115123125783e-17,0.004630965179906743,0.0019042075581502949,-0.019136813359893368,-0.023916460026014164,-0.04198109109244075,0.006740395340291472,-0.044374036499275626
0.012985423090689396,-0.0028177187595373465,0.0268327142717234,0.001202668886899183,0.029270723021724065,0.04182744190427823,0.04745474805685013,-0.00017169322718912916,0.0,0.020361724232497325,0.02280174852657668,0.0063199761820868505,0.023369966370606454,0.024666227655712802,0.020344155960373145,0.04608483472348851,0.03182483769897121,0.047075261715558925,-0.002253746322140038,0.026486233550728155,0.0625165987356896,0.01098292607808743,0.00850058635414419,0.00274301187309417,0.042196626881248755,0.053289306142848325,0.035380338548477275,0.033845708168455224,0.04237545788442865,0.03725215658696912,0.025848625728721097,0.013740187749467003,0.0037778817882811455,0.023405802434181278,0.03841424359066159,0.017747433116719002,0.017504785528661193,0.013244920322662557,-0.0260219896490545,-0.002848182798998178,0.03857313023875547,0.06676493534542849,-0.04987462442623869,-0.030565393090274284,-0.008185177110415887,-5.551115123125783e-17,-0.006934978146654669,-0.007985934659017757,4.504338324995416e-06,0.00869416123266431,0.007539977875242854,0.00011218896820508473,-0.012852245003231788,-0.007779859693678781,-0.020387831331447448,-0.020399546453304884,0.010569421866127193,-0.002996205099335958,-0.01725587610468232,-0.003573017746504592,-0.0007943660373738726,0.0,0.0,-0.02368272840336061,0.017685676829814423,0.003571792165370846,0.013855775223867772,-0.008345727758124255,5.543634595811531e-05,0.011209708963050569,-0.006206294602827012,0.015032409462778173,-0.005352951350898527,0.007395210530073193,-0.005832868340237551,0.001505220395410678
-0.01864293400935846,0.008524512675737672,0.0003802812767283448,0.006631881377313825,0.03531753703023682,0.01271694121710193,0.0376928126896654,0.029035076194320608,0.020361724232497325,0.0,0.007252736738946719,-0.002548045241541952,0.02563893708667825,0.011667347255321814,-0.00025642520323632123,0.024075429871725007,0.018419783294623793,0.03428490978378951,-0.004142378537489166,0.007717668179512915,-0.027159865118316917,0.006618024546375834,0.02093902083237742,-0.039195246122624594,0.04015937423701166,0.041684391928746956,0.005431145254671976,0.026193819860684364,-0.03038972230405329,-0.04296402151237194,-0.03977721583713595,-0.011441904461299002,0.01291736571960378,0.004315914149889799,0.06655277512131863,0.04910220053224906,0.00803610318112552,-0.027684121004449558,0.1027244352146498,-0.025815085092304846,0.005182723075310369,0.014117499048521054,-0.003255469388368626,-0.0032239260328540964,-0.03501471143150159,-0.016866983628833987,0.0072803708939494505,0.0004921370803394609,2.557625700017052e-05,-0.001196519840859167,0.009286710162557665,0.0038254642369406344,0.002759219804078228,-0.020929527163134676,0.007868659105659148,-0.0010762302709094729,0.005651346259233525,0.03523807221351066,0.0,-0.0006152864529131441,0.02634511648168003,0.01799976444259843,0.028620148401633183,-8.40704970295203e-06,0.00013659331364501703,-0.0034195792527539903,0.010226383962810448,-0.01855612492997255,-0.013975495258229942,0.029505707299936124,0.01941635056045199,0.0038565740802420367,0.0357385930312652,0.003989396608328921,-5.551115123125783e-17,0.01634348956964493
0.0040004215274979105,0.005468020495165982,-0.022770468897438223,0.013739256791763299,0.021289543663856214,0.010246999905930754,0.003386697488988344,-0.07565937035359116,0.02280174852657668,0.007252736738946719,0.0,-0.015955339071891284,0.01108775025506209,-0.10465178906369965,0.0,-0.0002060175591815927,0.01797579481612832,0.01843280162658112,-0.03427670926377718,0.00012581151209201114,0.018232467178985967,0.0034698839657499314,-0.04154089396972377,-0.0023821296739119924,0.012043306732350267,0.055633131170823635,-0.014866730319703036,0.011717471659998147,0.012931590702878304,0.00017423579138819978,-0.007059149430477807,0.007204974529550712,0.0024420130025494258,0.0023458066094790286,0.0021098884410011842,-0.0073050172850183115,-0.017162759184103038,-0.014782370518465149,-0.0441451362637596,0.0344072986524282,0.0031107757126571656,0.005196438381560031,-0.021635745886825708,-0.005533538079738942,0.0012307516479345137,0.0,1.1102230246251565e-16,-0.12973455586078592,8.722101677571814e-07,-0.026864836608655795,-0.000710945573604127,-0.014997915366631087,-0.023226066742392304,-0.008227628291256228,0.010490239280263214,-0.026077453902597025,0.016223178551142914,-0.006159523804382783,-0.035057793308054086,5.551115123125783e-17,0.0,0.0,0.0,-0.10376492600404999,0.0071014290649538125,0.0,0.0002353421062065708,-0.037498799895910095,5.551115123125783e-17,0.0,0.0009657429010235807,0.0029777978059753463,-0.014991398998588368,-0.012527253741117572,0.0,-0.003645821726407039
-0.0027954267221623197,0.016357460956062442,0.0064225130545490505,-0.02471568788147227,-0.010636064958371882,0.01843239331551272,0.011947992736353164,0.00829072638590217,0.0063199761820868505,-0.002548045241541952,-0.015955339071891284,0.0,0.008803980223364982,0.0579054602683301,0.01764777642978277,0.00976777234342141,0.01055853470680268,0.042562641973503124,0.010186539071927181,-0.02030533555808728,0.011639949885088263,-0.028822080167097308,-0.010981634437259635,-0.0182591829552739,0.03508507840215441,0.011147545593162556,-0.005473122581372114,-0.011865711887211805,0.006374334660834868,-0.010752755895839405,-0.01879180712966122,-0.008295603636265692,0.019277361232099333,0.015034770466874514,-0.023639957132016054,-0.03512513450315086,-0.018003084799986413,0.0009731907766269976,-0.018967347132156365,-0.04077016807285344,0.04242016805591842,-0.020004643511155717,-0.004772279423307213,0.002491752401073133,-0.02090993724296769,-0.025576416285897463,0.007806152658680898,0.006926977603799234,0.0071569847436906975,0.007987778911000165,0.0004329702234763255,0.0059254521539396365,-0.0004428749190337755,-0.00231467469465646,0.0016010316711493888,-0.004159281907438861,0.0009841154727788792,0.029181404636349828,-5.5108152038740865e-05,-7.251834569788063e-05,0.014079529728196594,0.011532463766915413,0.022900931228410137,0.010753751321191107,0.0057946975584136085,0.005981091724731602,0.0005385249999689257,0.03275555184356732,-0.024323157688682318,0.026451210653694712,0.01009813355531236,0.015499442419698084,0.033769829728031386,0.005524455873461509,0.0,0.00953056933461588
0.052935106143512156,0.019856524157262134,0.017482337667645287,-0.03837539679011892,0.03226072560634968,0.05272074572531982,0.01829249807097799,0.024647750875769536,0.023369966370606454,0.02563893708667825,0.01108775025506209,0.008803980223364982,0.0,-0.015735664848420705,0.024017743069468633,0.01803416398590485,0.031236535733073112,0.023517895724351423,0.018153704497518353,0.024720801712966034,0.03099751626695013,0.025379650949667598,0.021679379191481607,0.04128297991688551,0.011058553753130917,0.03140529662792291,0.025156708103588055,0.04518751057988246,0.044595315622421694,-0.009096878356020743,0.03311103821889971,0.0041623034155193195,0.022644093379235675,0.03738643545532727,0.0023553334538363724,0.01600604041731074,-0.011692941411701463,0.006522362097073964,0.02492808006502162,-0.02790103020470852,0.06867869337856658,0.062271220792502746,0.010065175261148362,0.06991321883417412,-0.019788518821681034,0.01738887170433534,0.015672212703188915,-0.009888630654730446,0.0,0.002074287392294427,0.004749771048667695,0.0018768851960200283,0.012481197442438585,-0.0016626489963874613,0.013541035292530923,0.003089117408678177,0.010001206708400934,0.008230273144889,-0.011744188428522484,-0.003770364501893997,0.01087539806027532,-0.004787344401188276,0.004251591312300684,-0.018120071414876704,0.013945630220180971,0.004380940641525388,0.022093391793819472,0.003648414430574065,0.01276226596862251,0.020426208213488617,0.01712025329723299,0.005841746604803633,0.009800503721391574,-0.0011271600143804017,-0.005872135254788968,0.004941520922667086
-0.005344550640384416,0.0005393327639189871,0.01864211020310569,0.05301618793468349,-0.014325682270517337,0.0069376694520538185,0.011154490937316464,-0.010862351035907991,0.024666227655712802,0.011667347255321814,-0.10465178906369965,0.0579054602683301,-0.015735664848420705,0.0,-0.010545553227050475,0.0015291935251106614,-0.00011719972296919678,-0.00022646598685549524,0.0016183898626596083,0.008796382328859154,-0.01656320777503828,-0.006241106996621448,-0.0035973530870391235,0.028267400613071647,0.029917678193345287,0.02431579045629556,0.02464420705398296,-0.00211873229391224,0.03212619856143717,-0.005673833267911765,-0.0015479744456677325,0.015213734627953085,0.00933232641999937,0.02042542673805059,0.004969995946773775,0.02161168157963897,0.013049737222922964,0.028270403950250822,-0.06879270344495719,0.0,0.002886290296259253,-0.000956896577616495,-0.020993215370616214,-2.510655883747326e-06,0.0,0.0,0.0,-0.024853180452011514,0.0,0.00421603216741967,0.019088956414106906,-0.011130731414183748,-0.06813430273526544,-0.017345934560522913,0.0,-0.01832965484280602,-0.00048664473424875343,0.014593962516782244,-0.0008508213188989644,1.1102230246251565e-16,0.0,0.0,0.0,-0.031156289176652474,0.0,-1.1102230246251565e-16,0.0,-0.04422524668710581,0.0,0.0,5.551115123125783e-17,0.017581476952549913,-0.00544006768116484,1.1102230246251565e-16,0.0,5.551115123125783e-17
0.00511462308339139,0.045791758742054545,0.00019935622247901907,-0.0041565310615663265,0.0042035678716396685,0.03264241244488969,0.01287525305680659,-0.014298604550668614,0.020344155960373145,-0.00025642520323632123,0.0,0.01764777642978277,0.024017743069468633,-0.010545553227050475,0.0,0.038844581051500904,0.001361175738039233,0.023754285138593456,-1.1102230246251565e-16,0.03115619770290262,-0.026011372235807018,0.023176846832732856,0.0016641081074910136,-0.019158174984936827,0.03204478694682317,0.021617485231763545,0.013751762518587174,0.01046650985709513,0.004747448211366911,-0.0055697367017015775,0.03818417014484188,0.031272485324682076,0.04857104851590727,0.0502427337494728,0.05763474650426986,0.039743322059646424,0.03169977334479329,-0.000302669432330982,0.00025073727939028956,-0.01836545728067418,0.0187702734325087,0.01935730884700182,0.007578240835782513,0.010503101849756558,0.0,-0.024865085578494373,0.044715893149839536,-0.010865100558789142,0.0,0.0,0.018262981810116208,0.010187917480280029,0.029723918145033612,0.0022794226620398983,-5.551115123125783e-17,0.0,-0.021776988836107236,0.016078484833735363,-1.4297755327130623e-05,0.014369010384249703,0.032133572698624324,0.0004997743010827227,0.04146651179843275,0.0,-0.005216844610697546,-0.007599159798435007,0.028033666757972586,0.009010633487888497,-0.002250325364209438,0.020672090347550354,0.03125064256214993,-0.003244179832300298,0.004903833056197848,-0.0047704177043699225,0.002434466106193467,-0.0014612203736716345
0.017479406267208675,0.032798873935984296,-0.016487441060385633,-0.001611508226145475,-0.0034790708965384276,-0.006199613201448129,0.011702269914414642,0.020190909632651022,0.04608483472348851,0.024075429871725007,-0.0002060175591815927,0.00976777234342141,0.01803416398590485,0.0015291935251106614,0.038844581051500904,0.0,0.02959219208670333,0.05074951305932157,0.0004244521206310248,0.019603120937855822,0.01996427996064215,0.03617518657376989,0.026729169838253686,0.04739744187342171,0.02064607511454808,0.03910222137261404,0.021434286180051998,0.01917420874318787,0.014327631140555408,0.006206159577346715,0.03437738264652529,0.015003628499087152,0.011202187225973492,0.05253948706929873,0.06980007106690844,0.025676231638439517,0.0008021512245618423,0.02454887957901597,0.014186447202459374,0.020839317270219482,0.01669594087893156,0.0176318920359676,1.8643182050692708e-05,0.0,0.0,0.006610210355059654,0.03552978592294037,0.0,0.0,0.0,0.021877382762156006,0.024827116771360735,0.01435454586389523,0.0,0.03008617576207151,0.0,0.03305514203786436,0.022145187990687154,0.0,0.012663561333636664,0.012700915854133854,0.01585477165210153,0.0011169956031110706,0.0,0.011068541986522351,0.002730490565586663,0.027406125870525322,0.008128629074787841,0.017837846456851825,0.014494064312629895,0.029567014593071816,0.014114886396686566,0.005898556999210713,0.009913539912313862,-1.1102230246251565e-16,0.009632722625744772
0.00103364249826432,-0.0053951374435187716,-0.01303820964239899,0.009908462055354839,0.067323890030005,0.030044308959123633,0.03568767221728786,-0.013014220514302455,0.03182483769897121,0.018419783294623793,0.01797579481612832,0.01055853470680268,0.031236535733073112,-0.00011719972296919678,0.001361175738039233,0.02959219208670333,0.0,0.045228499327276406,0.0034600600549964944,0.02090765515341647,-0.0028089737468764975,0.01706405019389179,0.01948991960198404,0.004498142167109587,0.05454444591992269,0.04773099562254385,0.03455967769121282,0.023406919415995764,0.016431773161469987,0.018872537972803638,0.02147845986571517,0.0012588553628986032,0.010765579550118531,0.02603541414189725,0.04944076181651186,-0.001116181726320109,5.1697040398090977e-05,0.014654759629097847,0.032845303486438826,0.03598607273922838,0.026718713477516864,0.004345792321562791,-5.551115123125783e-17,0.0,0.020413419682571543,-0.019297830163788277,0.026255142969490053,0.0,0.0,0.0,0.0,0.0,0.0,0.0,0.009617751204703151,0.0,0.008551177215835648,0.004343644057869744,0.0,-0.00020826042739102713,-0.005051928688788121,0.01038686773107661,0.013514830635289465,0.0,1.1102230246251565e-16,0.0,0.014740442737922188,0.0,0.00531194860426476,0.011009168577375383,0.015485372201470837,0.0,0.0018610288751179094,0.0001123544121554021,0.0,0.02263126098948176
0.014649773367840124,0.027073037592310112,0.03470189140640845,-4.269599454220785e-05,0.023505165959983976,-0.002733912331261912,0.0234414290595083,0.01030921913385624,0.047075261715558925,0.03428490978378951,0.01843280162658112,0.042562641973503124,0.023517895724351423,-0.00022646598685549524,0.023754285138593456,0.05074951305932157,0.045228499327276406,0.0,-0.0006088686221440986,0.017010467630143133,0.029811748595842236,0.02101657102452187,0.024437169277453652,0.032691620336319505,0.03898635105058551,0.0393124682963541,0.0271619675184,0.012922515515588429,0.007715680152390936,-0.004897191611763274,0.02846319010703252,-0.009783736182769343,0.0054406701146948455,0.03189032159594024,0.032370976492428094,0.05045422558105489,8.616009719347728e-05,0.018554467831482624,-0.005919897292095411,0.020376811792999383,0.006892471254588806,0.0073838829722600585,0.0,0.0,0.06629825517283217,0.0011540744710161754,0.03171102720896718,0.0,0.0,0.0,0.0121987158493147,0.00036336478902748715,0.034518480863326484,0.0,0.005502455193189593,0.0,0.012338500935526464,-0.00026306107088758246,0.0,0.001974275879771503,-0.007419589625461354,0.007894021729207668,0.0004423915001001699,0.0,0.02076783874980559,0.018265255508158662,0.01797015102090682,0.005956488079822131,-0.0007635551163097665,0.005194766821704722,0.010815335090083755,0.0013052477822053654,-0.001611935834251843,-0.00958739689148097,0.0,0.004870942570983916
0.0,0.010583730526120327,-0.044260004228971306,-0.0035509381543947782,0.01846042029725692,-0.052956271035160096,0.014718080120623256,-0.02691084377936076,-0.002253746322140038,-0.004142378537489166,-0.03427670926377718,0.010186539071927181,0.018153704497518353,0.0016183898626596083,-1.1102230246251565e-16,0.0004244521206310248,0.0034600600549964944,-0.0006088686221440986,0.0,-0.0010026165634515194,0.008396343646590865,0.009688749203573321,-0.053063396870304036,0.010931861010546218,0.007346024722721001,0.004182111913338837,-0.017724359780536936,0.01546103368274182,-0.0002079034582719852,0.014240879182863375,0.00605785373133455,-0.0017769788547140064,-0.01101961666291379,0.007946242461418118,0.009052507939678045,0.0021504607929850317,0.0007842891429027388,0.005602305512403427,-0.04931791944031144,-6.683003277557775e-05,0.017104991838755634,0.0032648621219312224,-0.0389083910784625,-0.024399071286902496,-2.744231921164575e-05,0.0,0.0,-0.04694253947434551,-5.551115123125783e-17,0.01554039374371019,-0.011480754406864468,-0.006755984230449652,-0.044245912624803374,-0.019067382502376495,0.0002800797265579691,-0.07559168495693086,-0.0018197443382762524,-0.01863266687973486,-0.037454448213565916,2.220446049250313e-16,0.0,0.0,0.0,-0.1444930033581443,9.671537948285902e-05,0.0,-0.0002480231242579234,-0.027277495242334915,0.0,0.0,-5.551115123125783e-17,-0.008715867183914705,-0.01634259416685252,-0.021701712896959824,0.000333431904957604,-0.025710224358018285
0.00929256628578018,0.02242724315619582,-0.0005762367759625797,0.0038216725466391765,0.01955003922073545,0.017315188161354356,0.011637877320480161,0.016296895157331848,0.026486233550728155,0.007717668179512915,0.00012581151209201114,-0.02030533555808728,0.024720801712966034,0.008796382328859154,0.03115619770290262,0.019603120937855822,0.02090765515341647,0.017010467630143133,-0.0010026165634515194,0.0,-0.01521309374476082,0.031351244580643034,0.028365356012594656,-0.004856392223678951,0.012534301969527595,0.03937023477258217,0.015408157736517825,-0.005500555800520501,0.00314684404920601,-0.09762972602908063,0.012631808797756605,0.012612465638687398,-0.0051877531847758784,0.029798952229058095,0.039420856144735505,0.028062982681397453,0.008965707190793593,0.014704345487418224,-0.00173357341416025,-0.012174788779271528,0.016544579528917858,0.0038685630240609115,0.017334508135644744,0.005167778071001494,0.0005948046582772148,0.00651744988693409,0.010320767096608563,-0.006765158679978511,0.0,0.0,0.0179203058196013,0.013361469986186147,0.01754477619292466,0.00689171592489024,0.00020433861660268393,1.1102230246251565e-16,0.03125558457937516,0.008896576479394791,-1.1102230246251565e-16,-0.0004709502856970471,0.017647959686306114,-2.9657279105865797e-05,0.018938087295880868,0.0,-0.0029368268764741745,-0.018600343743452707,0.00043587779221304634,0.004582749775092654,0.0,0.010628298870126063,0.006421034588658225,-0.0030856113577019117,0.007074892922305842,-0.000966104241617749,-0.00276794219938592,0.00033037671249108724
-0.005066201795664915,0.02392141636739553,-0.015962204673108604,-0.0017422796801006002,0.03554632111839606,0.01349172699219181,0.023557039013747894,-0.07848172323345848,0.0625165987356896,-0.027159865118316917,0.018232467178985967,0.011639949885088263,0.03099751626695013,-0.01656320777503828,-0.026011372235807018,0.01996427996064215,-0.0028089737468764975,0.029811748595842236,0.008396343646590865,-0.01521309374476082,0.0,-0.007425198580515546,-0.010895762442890866,-0.003375555850417822,0.0218803973617554,0.019386954566265546,0.0051799617120874,0.039226787573498456,0.005282722610629675,0.015881146949836666,0.041800924317158206,0.007199001931329607,0.016407904129260964,0.03290248363093207,0.00888830057563994,-0.02822103561080569,0.004792478772627784,0.021224981640013296,-0.04515396220685913,-0.06002483554920707,-0.015300098535137363,0.01419520900795157,0.017858740752894953,0.0,0.0,0.060562207085804176,0.04183946302996444,0.01692100071663505,0.0,0.0,-0.05667950353228396,0.0017381032759446469,-0.16792229015367957,0.0073029960893775114,0.005893025552129116,0.0,0.0019489030032964205,-0.0383387101237439,5.551115123125783e-17,-0.012248675987983737,0.019713952462360962,0.0,-0.003922125222653006,0.0,-0.020637917182739607,-0.07257433653681761,0.01944683422164656,-0.02443744530336739,0.0038470704219191743,0.021331330431807294,0.02538517072940427,-0.029434462807593764,-0.038494207758240806,-0.03998918528956602,-0.0009066917343717451,-0.03073421608405963
-0.013657411178074563,0.04717874287127083,-0.002874587632720471,0.038183565556938914,0.01667819764247691,0.022298507276410584,0.024966673072463974,0.0052872908395992235,0.01098292607808743,0.006618024546375834,0.0034698839657499314,-0.028822080167097308,0.025379650949667598,-0.006241106996621448,0.023176846832732856,0.03617518657376989,0.01706405019389179,0.02101657102452187,0.009688749203573321,0.031351244580643034,-0.007425198580515546,0.0,0.052746519198114794,-0.015355048826579898,0.015100078317969168,0.030805200782571207,0.0384692811549211,0.019151718320645272,0.009002613576223617,0.008049292673593111,0.027945571774713962,0.03954723371548258,0.014701203225542192,0.05324156100784172,0.062270768854370884,0.05314613338250729,0.04160054382282652,-0.0012393138502473922,0.019087767483955076,0.009831661660272273,0.0333558689442322,0.015541543638647903,0.032974166450915054,0.014621717143723956,0.0002167946899377382,0.023126171689079156,0.03864532556186656,0.005022231193697935,7.86216036291476e-06,2.4171930182448342e-06,0.012510572625841154,0.017686345715047735,0.018116790913849545,0.017836900334037176,-0.011981111485772522,0.0,0.04427678367493243,0.010086227570175688,0.0,0.030002057351354416,0.032019493991871595,0.005170326305428963,0.056795075874111534,0.0,0.0056801554729052905,0.025921438042306677,0.03366341017325425,0.012592826535111623,-0.012329158125572004,0.019423917437784155,0.04755476984882606,0.008984157370050816,0.011381440560662703,0.0039021136779743837,0.013176132549161612,0.016659204031241548
-0.003681354672636805,0.046961325245396035,-0.029827685520858793,0.009052781126731024,0.029716523743322676,0.028428697038371364,0.019301840175981355,-0.054461895016810424,0.00850058635414419,0.02093902083237742,-0.04154089396972377,-0.010981634437259635,0.021679379191481607,-0.0035973530870391235,0.0016641081074910136,0.026729169838253686,0.01948991960198404,0.024437169277453652,-0.053063396870304036,0.028365356012594656,-0.010895762442890866,0.052746519198114794,0.0,-0.00034329236486213555,0.029905086023187477,0.025634654678394375,0.010212261004345136,0.014852260952409824,0.009129882805572864,-0.0032213545328826365,-0.0008283059659538461,-0.007829860366286634,-0.0052457887148274485,0.0015013127023545958,-0.00544566788601708,0.011664028866602838,-0.0074211897842000885,-0.018024700377983927,-0.02610883674669201,-0.012704111100153292,-0.007852654039858964,0.0024548045995994583,-0.029607845102423647,-0.0309379472006463,-0.013386533007668566,0.013193687705677748,0.021326037817088306,-0.19384088860588705,0.009928805860360657,-0.029312602141024713,-0.016252569352070922,-0.012780027270067884,-0.047742026180785824,-0.03460978300294648,0.0004640632404758205,-0.16694162720643702,0.021675272441580906,-0.008443558871203571,-0.06576291930035127,-0.005462402859771953,0.0121242088484248,7.214461133009387e-05,0.0184696381942272,-0.22902741180846567,-0.0018060569280363703,0.00043600640091923104,0.015811540959408787,-0.04900270669934137,0.0002780309680310844,0.021631993191392196,0.0164265707751724,-0.008647719462581971,-0.011882075945477966,-0.014142352109098755,-0.013670179090671641,-0.014342749344735284
-0.0176712759221494,-0.0034167929754453374,0.008710781535733514,-0.013371628093028332,0.006526429741646411,0.05237908858522966,0.008708942663779307,-0.013016909966942103,0.00274301187309417,-0.039195246122624594,-0.0023821296739119924,-0.0182591829552739,0.04128297991688551,0.028267400613071647,-0.019158174984936827,0.04739744187342171,0.004498142167109587,0.032691620336319505,0.010931861010546218,-0.004856392223678951,-0.003375555850417822,-0.015355048826579898,-0.00034329236486213555,0.0,0.040961877587829154,0.02107683909961916,0.0317353984575619,0.0383356062212063,-0.0032022290444450596,-0.008448029780389221,-0.019743531574877793,0.012776360024661981,0.058306403026007536,0.006726497707918888,0.08076860341118725,0.0321774416823149,-0.010079827684063791,0.015157169980491825,0.023685636420465284,-0.02239884458158231,-0.0013447049366029917,0.035252694778739935,-0.001159332854872852,0.003950888616065629,-0.0038561959704074833,-0.12144799053315775,-0.005040153007180359,0.0,-5.551115123125783e-17,-0.00028495799770072994,-0.003510909856633937,-0.0002441811082439238,-1.6653345369377348e-16,0.0005076282600793292,0.015199880941748789,0.00037343940599077197,0.015291069645500588,-0.028409666812783396,0.0,-0.0008579997249057447,0.013243191457583903,0.009215551877673478,0.0060038439390545095,3.472571706197858e-05,-0.0010974173752849037,0.0002796705842824099,0.0026191017769510716,-0.0009217648557713898,-0.07045057196768889,0.010050138234070194,-0.013452313340250766,-0.004112652953564111,-0.03356105090139616,0.016020735772484584,0.0,0.012146901433644719
-0.0020173183269381334,0.03201169455177111,0.03946922607937986,-7.157925019485312e-06,0.002853330325689407,-0.013118037289716944,0.001998821042647425,0.009674677984662872,0.042196626881248755,0.04015937423701166,0.012043306732350267,0.03508507840215441,0.011058553753130917,0.029917678193345287,0.03204478694682317,0.02064607511454808,0.05454444591992269,0.03898635105058551,0.007346024722721001,0.012534301969527595,0.0218803973617554,0.015100078317969168,0.029905086023187477,0.040961877587829154,0.0,0.03609429086856464,0.02337810445012367,0.012244075110659725,-0.00499051314349136,0.004047134894356819,0.031093282383946985,-0.0034128215590961686,0.0029069389032155835,0.026982105991759875,0.033784598074225014,-0.024385596161449807,0.0014782032878541407,0.04999233835534206,-0.007756792271351454,0.02749123978200002,0.0021557487616652438,0.0034015252623241787,-0.000710054743341515,-5.551115123125783e-17,0.09639302061695415,-0.0006517882891708404,0.008072642730458934,5.551115123125783e-17,0.0,2.220446049250313e-16,0.008965546872039432,0.009629637437729988,0.011540597638882266,-0.0010314859433840362,0.011954872039750597,0.00033612530927562556,0.01943427392049135,0.012399689644633949,0.0,0.010213314150647634,-0.016758182288678203,0.014114222193996884,0.0004722823412609545,0.0,0.0015323564823453428,0.018593835281875415,0.015916404244043725,0.014237453376729992,0.008697709841386236,0.0063441015126579625,0.009993308068471762,-0.0025133252421357666,0.015329627808632729,0.0038864061473894984,0.0,-0.000792021996070591
0.030025413220530484,0.0247594362678884,0.04429514683494967,0.03792838580493052,0.04347490713246449,0.04157412095764512,0.03522774803105255,0.016145067519989897,0.053289306142848325,0.041684391928746956,0.055633131170823635,0.011147545593162556,0.03140529662792291,0.02431579045629556,0.021617485231763545,0.03910222137261404,0.04773099562254385,0.0393124682963541,0.004182111913338837,0.03937023477258217,0.019386954566265546,0.030805200782571207,0.025634654678394375,0.02107683909961916,0.03609429086856464,0.0,0.043367741020287065,0.026844154255260932,0.01732496397959782,0.02066263360728976,0.03736373164667006,0.024556786053945567,0.026905854742573176,0.04207840159041709,0.05897178221001631,0.06282202867048381,0.026751821893439054,0.026820537067850647,0.017230259738144182,0.039867616076962153,0.043054986057021294,0.02833149382981015,0.01758862684033169,-6.780375641102232e-05,0.0540930212112396,0.014339885094445781,0.05035061261405477,0.009824971858961473,0.0,-5.651393311545405e-06,0.01544158906814036,0.025326867120202323,0.009167319202123103,0.015311157204267012,0.01690021237771261,0.0,0.01963114869885052,0.02774072826283014,0.0,0.03447442326651784,0.021593969765549448,0.022819608644992384,0.0175740098028363,0.0,0.02386967502284143,0.027645175924939758,0.04808546125183111,0.03578544895985908,0.007444974605547383,0.02190467935436402,0.032945301184153064,0.040678512081551266,0.016881836521287663,0.01670877607946114,0.0006221248048656758,0.023210119240403948
