0.0,0.6170559040304522,0.5946672341782882,0.0,0.9718629230917646,0.6386157316304285,0.8703417840129057,0.4812357286292763,0.5433715932553331,0.4351577223987818,0.5360691016373641,0.6036310869748618,1.0753430936712651,0.5325052391566822,0.5900912658372302,0.927126383046613,0.43350236032558287,0.7454007452136119,0.0,0.7412750488775508,0.4183282668185586,0.5172822161683021,0.5731870787977715,0.5380108814660605,0.5086761886216791,0.8793720966508938,0.7614051002017306,0.7912937725302558,0.6600448573458,0.4032762555312918,0.766502838901342,0.5968464486615499,0.34350326219227145,0.6701185692460774,0.7083033127623639,0.6711974092337294,1.0211441890444677,0.2991212204049237,0.6930820827022632,0.27901075078153803,0.6827534577690604,0.6067689767878667,0.5098732769338047,0.0,0.330413607596764,0.4577637766975853,0.8763967970440265,0.0,0.0,0.0,0.600368442611283,0.0,0.6323908011922508,0.0,0.4392752785235772,0.0,0.4693690510738513,0.8413943725215456,0.0,0.4560687650220691,0.7230255138945616,0.543700713150437,0.6343302651844074,0.0,0.5615739232853736,0.603132894650025,0.9070341026037336,0.8602152623789213,0.24464607771664465,0.7650900946217756,0.7844882223416563,0.5018178972580056,0.4914076005871555,0.6618930313426293,0.0,0.6827600511696053
0.6170559040304522,0.0,0.5668454579611941,0.4010634739151204,0.5026813216000947,0.5360820173945189,0.529575794815625,0.6368940667160303,0.384270370106744,0.527433432657787,0.46829468551877707,0.5874897934483576,0.6417290522646508,0.4623472300740856,1.006402110794864,0.9519276804758863,0.5968008435673899,0.8679929443093735,0.6995087438609899,0.7503934030402369,0.8398360059008005,0.9688903733890077,0.9786189571954256,0.4894744567380244,0.7116951929449388,0.6371295378748694,0.8499378213125003,0.7004788541206529,0.5362020088163881,0.4751016164415141,0.8669679673793065,0.6565353652559741,0.5207557876876788,0.7862184839455904,0.9550398351401157,0.4525810340081441,0.04766280096904446,0.0,0.6483375417784742,0.9134356644578681,0.6471597666294011,0.9253324536095223,0.6064973697313472,0.0,0.0,0.8934607878236778,0.9135879363188238,-0.015275619200338979,0.0,0.0,0.7889364132689359,0.8999734006936098,0.58125679768085,0.908969778968963,0.7068746950869005,0.0,0.5293510788551739,0.8214295512198702,0.0,0.995167396048835,0.7131687129201113,0.6678156672942727,0.6848874267837308,0.0,0.6921360198426276,1.031378813267646,0.9740225724251896,0.8917942922389285,0.5090320516023779,0.683465629755756,0.9347714537898336,0.7504466837035788,0.7778762381702693,0.6975502595630684,0.0,0.7972053638256928
0.5946672341782882,0.5668454579611941,0.0,0.5245486688840713,0.8417261247267874,0.7538134138099306,0.6843405252760686,0.46708097119264125,0.5917069462759842,0.5960393393228693,0.5105874723751005,0.6854522170709387,0.7507896284152011,0.7392333926202942,0.5060115106461656,0.3373918448020053,0.5612737151404162,0.8957995500030115,0.2521475726991752,0.4356986401912962,0.4678513512625315,0.6177287780817824,0.356222519917708,0.6053685618625755,0.7576594021264593,0.9661851518692592,0.5294771067685861,0.8222826382727686,0.42410506760379385,0.7215286336191717,0.7061393643590306,0.625648266591308,0.6577712285422785,0.7440758721703347,0.7238551695758546,0.7046704786793994,0.6121901392239577,0.651260587687821,0.12281960060787517,0.4745121579505843,0.17051626179061036,0.2532935889758265,0.442696982092863,0.7723855472166221,0.0,0.0,0.4373634099964392,0.11748366516545089,0.5099049592314716,0.10295542439982952,0.47573052462784693,0.30602092310750784,0.3413741720730358,0.009014631837165055,0.4483413687557948,0.24349745393378408,0.7510982985856272,0.35713528087820107,0.1365347635158592,0.41221679504969416,0.0,0.0,0.0,0.16276872388219363,0.9087849374557624,0.4332335636415515,0.30763851395995245,0.04735477675914096,0.0,0.8099298425504227,0.607881502505523,0.3025104859876907,0.3326363417066624,0.8474121329989323,0.69196468878305,0.07933876550775876
0.0,0.4010634739151204,0.5245486688840713,0.0,0.4408565835849824,0.6867437011593329,0.39349080106018847,0.5934721747427638,0.6306020878612101,0.36269618406933585,0.5830798776176327,0.2819515095878939,0.2972391441014095,0.7793819179260704,0.629868006791205,0.21903490007225138,0.6521844852567338,0.5102951692516304,0.5561873054622586,0.6502742280479306,0.46306196539470823,0.8930489630830394,0.7168095625466073,0.26722140004648004,0.8531984185950184,1.0069084959112968,0.6624317202565815,0.3506402312709007,0.20254313252960515,0.5617573901459954,0.5276323036362884,0.12774375725644532,0.35447067097112966,0.7409048783776297,0.7928731045067938,0.5030846561758631,0.35980743875419785,0.3371732465507882,0.2506034978805064,0.40620929369586556,0.5188542837959531,-0.06981425618059339,0.38492412223610384,0.18603238248602727,0.0,0.0,0.0,-0.17930887752322394,0.0,0.0,0.7777136803433635,0.0,0.4889980348043401,0.32891605241364774,0.0,0.5192272636159179,0.6060557875798178,0.5247825157078192,0.0,0.0,0.0,0.0,0.0,0.0,0.0,0.0,0.5156221978746205,0.23348260065003543,0.0,0.0,0.0,0.6570600671182345,0.4128724549356526,0.6870830751064352,0.0,0.0
0.9718629230917646,0.5026813216000947,0.8417261247267874,0.4408565835849824,0.0,0.749861772425048,0.599924421892766,0.8909139878675768,0.5147443635699261,0.8959999984572676,0.5496126233507124,0.47998241391904084,0.824007485073615,0.3621742071334647,0.6707233247175981,0.5810834669056665,1.0943606124878225,0.717401994444228,0.6294422694802152,0.6827987813451841,0.8694866413806941,0.6797579505177271,0.7231060869289799,0.5922116315945984,0.5618467128580606,0.8634363947138206,0.8154868600728058,0.8224074182047666,0.805375911823528,0.8164266636061358,0.8062153897400537,0.4549929487230151,0.7427449519328123,0.7546962607347718,0.581580013439531,0.5500108231815775,0.517051108834225,0.5005739908492436,0.5776853111861089,0.44523109093449476,0.8000910722331078,0.5793727466989302,0.47013240046459237,1.003258598959469,0.3814505481393853,0.0,0.4219418930530787,0.6192392286071213,0.0,0.7189108847181025,0.69983662654868,0.7767061842488274,0.5612816359233941,0.659383850598561,0.0,0.5264863584996353,0.4309400215338245,0.8725692298506902,0.6663314507709028,0.5157241153367287,0.5004221952682493,0.0,0.0,0.6151191900545956,0.6233955603167575,0.482781011910552,0.830395979018939,0.671099777145387,0.0,0.47531456491578383,0.6083253252007539,0.7083289944346283,0.6793226536223935,0.6593507292633914,0.0,0.6503249303594365
0.6386157316304285,0.5360820173945189,0.7538134138099306,0.6867437011593329,0.749861772425048,0.0,0.8037146587038682,0.6268224109643763,0.5798452546705808,0.6961455381047751,0.5916740200896398,0.8607245622747779,0.9305984256507089,0.6094917885852598,0.8957203848803887,0.5611359462564967,0.7456183831334272,0.5554704028214816,0.305468573896982,0.6588476374440929,0.7079296296371271,0.6500503595169924,0.7380243446246293,0.7735476960253422,0.4484439346690823,0.9863771012786304,0.7814378025386299,0.8308455214728844,0.5734971185919204,0.8204622929172435,0.878557995646935,0.6572518667119174,0.57395688703288,0.7908566826223915,0.8021563484445884,0.8464353619373111,0.6878072981056265,0.6165531920283897,0.532434025750052,0.3453373704131976,0.6088736414519922,0.6984075608533022,0.588977993834635,0.5633758406744878,0.34191958151147145,0.718583110562177,0.7055544870009347,0.6533453784088735,0.7713434022049617,0.4502908466694162,0.6384713617919295,0.6825341570496832,0.6160831428650941,0.723845830582845,0.8098259425752752,0.6078886806651667,0.6335353653741547,0.6896720626199895,0.7070901214796663,0.7537090158251291,0.6542668887689753,0.0,0.6766613223696498,0.45684540634396453,0.5494567560668076,0.42542300542763317,0.8621214105420287,0.5826688936254245,0.552798647981638,0.7439501500037782,0.6740196852293141,0.6262480360459146,0.5782157024690648,0.5909131266119246,0.5895453947350486,0.5635309095689118
0.8703417840129057,0.529575794815625,0.6843405252760686,0.39349080106018847,0.599924421892766,0.8037146587038682,0.0,0.7458009740251548,0.8284373645007624,0.921764988486875,0.5913194043538382,0.5574500234890964,0.7364739383226073,0.4340626047730366,0.6910772389678153,0.7095981202586661,0.9256383916469957,0.7795344925784254,0.6615331343078126,0.650112658402184,0.6869727484116197,0.7217431685664276,0.7363627870054837,0.635001817823732,0.583790338456201,0.8722373170721989,0.7330329379405252,0.9285769449644359,0.911545160435298,0.6397547811586923,0.8388660907974044,0.6891626285294521,0.585406812431652,0.7436077531144138,0.5240853498541749,1.0202417591341535,0.6609593844591141,0.7278224913112213,0.697642227800908,0.11765550753162018,0.6396177280305902,0.7607039847629031,0.5760771524498968,0.8771235823901395,0.24605893534788698,0.0,0.6938741257035657,0.510125635880069,0.0,0.6717353379125872,0.6875967882795659,0.7053046136608023,0.6221876308019387,0.7697635840765682,0.6738865278764092,0.6153016230824505,0.3914060061346325,0.6434007370627093,0.3076607577794917,0.5516880949367046,0.7063669745320207,0.0,0.5178262797203058,0.5761282190154913,0.7172092565042207,0.7042694650952028,0.7565490843276885,0.655516308321536,0.5122930932316367,0.7069830284531714,0.7504979472100254,0.6515828017589697,0.6536555508463595,0.5677189844519583,0.8088991289978751,0.5602499369343932
0.4812357286292763,0.6368940667160303,0.46708097119264125,0.5934721747427638,0.8909139878675768,0.6268224109643763,0.7458009740251548,0.0,0.6490691972042046,0.7963535617762546,0.20600690335881114,0.7114356023965653,0.7685468619374992,0.6138486478171689,0.47015127220490605,0.8748345577808382,0.2654356053196562,0.7277493553879063,0.48299476478831366,0.6420090670737897,0.04659465154248266,0.5978037270442931,0.27348523190020774,0.40970044242972925,0.6972048495601088,0.7430290126617755,0.6673427927850724,0.6757830531976811,0.5469427144232358,0.42367655564637907,0.6435564194051284,0.4430092910538558,0.6897524795546461,0.6790610716207323,0.5192648362821156,0.577059285009505,0.05888310307703848,0.6311249417444088,0.2663200454847265,0.42162303025514103,0.2549149044868049,0.6594138874069253,0.32120154846602167,0.39307782816029824,0.0,0.639226990465166,0.5592483420355115,0.527362697805516,0.0,0.5770404943492453,0.490789862025168,0.6256348740228895,0.15781571278341183,0.5521029659385546,0.6976605273157586,0.45177383497885354,0.9320955369728472,0.550647690400598,0.6021752513099383,0.2607748150104947,0.6333451755587993,0.0,0.6123712291185008,0.5876706986513546,0.2915787151847675,0.09110877851304744,0.6529752221955678,0.49917171122167014,0.0,0.6458384423836704,0.5131724734463993,0.5433134836543162,0.45331293572941056,0.39626505048965865,0.5475193845996643,0.24924235854750676
0.5433715932553331,0.384270370106744,0.5917069462759842,0.6306020878612101,0.5147443635699261,0.5798452546705808,0.8284373645007624,0.6490691972042046,0.0,0.778725838937544,0.5079967985822298,0.6280844300602026,0.7354898967325538,0.6758333164778252,0.8905433372984836,0.8302924126120503,0.8488017491611061,0.9400532554859445,0.34214661378434497,0.698200814571373,0.8268596476349743,0.6241832323485903,0.6185919572627461,0.6416761251306864,0.7731793439537651,0.9783071938309706,0.6927647069113836,0.8485586483060219,0.7006659254208292,0.833167304095333,0.7914249608910836,0.748390341292124,0.6331581379457889,0.7897064660968319,0.8362940934631478,0.7435230633889423,0.7258234325254298,0.7441654497021217,0.489609467097117,0.4572228498238947,0.6758016798368356,0.7683008718889439,0.3498457226472059,0.37987542200397006,0.37310161838231126,0.0,0.4407560603787054,0.6388530551438785,0.49274487368913966,0.7180193524620563,0.7222265045831132,0.7362025402045199,0.5857486663688392,0.5911977020934942,0.2621163670409144,0.5788668872351501,0.6013055683220724,0.6221018029502028,0.5166319419399722,0.5266968962074096,0.6310759973701744,0.0,0.0,0.5248630199099659,0.88487948584642,0.7728610920822923,0.8118628851269809,0.6314799038741117,0.45491913057695677,0.712318890890921,0.30865184346474667,0.7179817830941243,0.5404843763650813,0.6877604640403188,0.5131862072772682,0.7332052764447576
0.4351577223987818,0.527433432657787,0.5960393393228693,0.36269618406933585,0.8959999984572676,0.6961455381047751,0.921764988486875,0.7963535617762546,0.778725838937544,0.0,0.6763957929288834,0.5250683143246058,0.8485320983897515,0.636873605672869,0.5285978239552315,0.7237414081221085,0.831497733308395,0.834129355346577,0.6091272523357969,0.560089608830569,0.5426159131347624,0.5955988321912639,0.7531443708660819,0.25685420639771017,0.8889474606315464,0.753726404065058,0.5608620712144277,0.8926206900004652,0.3003173071513379,0.14138295251085597,0.3852576022645582,0.3741678839882384,0.7369410383390533,0.5944631303861705,1.0847549711098807,0.7844034090264738,0.5260722545072531,0.3459864503784288,0.9228947020394878,0.34253552211235333,0.6308026091630345,0.5133896960847404,0.49580898603877716,0.3719739111479473,0.3458992397545802,0.5853085383287842,0.5674242974094007,0.40955389090146166,0.48522220566483554,0.46943702275400234,0.5912466145543727,0.49215676158210003,0.7340130222033163,0.25017722796596176,0.6033981789838669,0.44449215962574457,0.6256781000779115,0.8489455382185589,0.0,0.6544115409841269,0.7887692034098996,0.6689664815570115,0.7115439817378167,0.4841008322142938,0.5122266315682713,0.5995459453961637,0.669199533762833,0.5323435470817359,0.4097499300505084,0.7296579241074591,0.7008272182517472,0.6575512506257959,0.7350663804988296,0.6641287249769574,0.0,0.7423273620308197
0.5360691016373641,0.46829468551877707,0.5105874723751005,0.5830798776176327,0.5496126233507124,0.5916740200896398,0.5913194043538382,0.20600690335881114,0.5079967985822298,0.6763957929288834,0.0,0.4442685884724911,0.6290947516915717,0.046969854006917555,0.0,0.4959475009184455,0.718777329290379,0.7575780208170956,0.27816492502885976,0.4997975933544284,0.7462123825967544,0.4692529018795517,0.306804607984815,0.5639756437390082,0.7052066760785859,1.0373157347309088,0.48551047486559284,0.6429671759814335,0.5096775174371221,0.49510058814799984,0.5395616417805912,0.5613214773205112,0.6112073709485373,0.6375184000651024,0.5675694097847785,0.5652935470903471,0.5721757763324706,0.4977707762457061,0.30731508998472307,0.9718977342770865,0.6280802803767569,0.5495496637981307,0.4903343029158808,0.6148409020168396,0.27540131426662096,0.0,0.0,0.2908817423658515,0.474681154178174,0.38095384369348156,0.6239088083774137,0.43964855580926876,0.5228753201994738,0.6347560610632783,0.6137440718505515,0.3983507827629131,0.5973296715656125,0.575742338169595,0.4297039848386949,0.0,0.0,0.0,0.0,0.18192630994082606,0.5628146759315562,0.0,0.5980987722888099,0.4502689348703225,0.0,0.0,1.0098620590208784,0.6981012295337407,0.46745863401450605,0.25266103981541177,0.0,0.6465778245182215
0.6036310869748618,0.5874897934483576,0.6854522170709387,0.2819515095878939,0.47998241391904084,0.8607245622747779,0.5574500234890964,0.7114356023965653,0.6280844300602026,0.5250683143246058,0.4442685884724911,0.0,0.6534476613493818,0.8017822376180437,0.5657446664321971,0.767019360886118,0.8004735322870902,1.041856279012036,0.7183575405338198,0.293947862008504,0.7273277262611297,0.2784445816267964,0.4700875298397018,0.3521673666821714,0.8718618405361065,0.5291289659716938,0.5269944056539749,0.5321461001567644,0.63570402580717,0.37692576821116963,0.4418314157731371,0.27818528109988666,0.6675698363377753,0.566048907878571,0.3025459255678572,0.24309005422495952,0.34728572698906846,0.30056110168486416,0.450668421226256,0.32390972963693554,0.8059952729350747,0.2317148650983108,0.4472533957354089,0.5391612282929965,0.42443972450682177,0.39508845719053154,0.6134395094628299,0.5774883158890641,0.43311800676392376,0.4028195238764749,0.3819957594516763,0.5643690467879132,0.3660423778408486,0.4616124607777111,0.6206583941008725,0.25957150996371475,0.7026050480692716,0.8144927443855033,0.5617879976990915,0.565451238155172,0.6304393073182066,0.6330860978344562,0.7921599882372072,0.49751846590602605,0.9214709736752105,0.8306971665513854,0.5516703111281129,0.6497466238651424,0.3975643698610856,0.7711966551293903,0.6745600611172846,0.5180463052918409,0.8586982644673542,0.5736802166282248,0.0,0.7462403285965262
1.0753430936712651,0.6417290522646508,0.7507896284152011,0.2972391441014095,0.824007485073615,0.9305984256507089,0.7364739383226073,0.7685468619374992,0.7354898967325538,0.8485320983897515,0.6290947516915717,0.6534476613493818,0.0,0.41168808317943634,0.8129273676347821,0.7853750927453564,0.8385814581280941,0.8813383250490989,0.697663410912943,0.8477125585511929,0.778879711329709,0.7696649877507058,0.8056048246273244,0.768305648866431,0.7481913856713209,0.9011863384522216,0.805306285380879,0.8460766667250716,0.9235155171606981,0.4588722312519823,0.7717269223768141,0.624974785497229,0.7042617821823376,0.8100341803825675,0.46881985889439404,0.6346834630087065,0.42856132214466386,0.5990124953956195,0.6604954003109269,0.32786346339298567,0.819699606911652,0.7958603888805122,0.6187702252559124,0.7386325708962782,0.32944029920211926,0.794679842367064,0.8147302585635376,0.6629467552666809,0.0,0.7530681106703002,0.6799280545642254,0.6859207497520513,0.6615863361077305,0.7443267514245098,0.6839536794077137,0.6091540178372039,0.6321324595541897,0.7493761165849491,0.2944863052342356,0.563675092765609,0.677514888741028,0.4469520295620776,0.6141869459859317,0.6148553954793988,0.7339103028756269,0.679090980675504,0.8689346530521658,0.6959809327422225,0.6377101201535252,0.8196761018487031,0.732045423564454,0.7212376212935965,0.7082596712168437,0.6352181767042402,0.5024985986917125,0.6434090649144513
0.5325052391566822,0.4623472300740856,0.7392333926202942,0.7793819179260704,0.3621742071334647,0.6094917885852598,0.4340626047730366,0.6138486478171689,0.6758333164778252,0.636873605672869,0.046969854006917555,0.8017822376180437,0.41168808317943634,0.0,0.37670868132388974,0.6003233840974063,0.4849833572763911,0.4663169072981503,0.6060818724629915,0.6503925381122408,0.4561615936234146,0.18460594303084027,0.6042728204722436,0.8454209937978612,0.7998086903632661,0.7452794962008705,0.7963417341741486,0.48886361948108426,0.6193422505053763,0.5261001456312089,0.5683863826838781,0.3770247631707535,0.353732054639647,0.8133377448331549,0.44969891591421207,0.4713412402939461,0.37073042449324584,0.5736139283938059,0.39031899698303396,0.0,0.6834955486730104,0.6700321173416461,0.49720494159929346,0.5094505060088299,0.0,0.0,0.0,0.38796389591128977,0.0,0.577361932390946,0.6457647868949561,0.47519694132445167,0.253627001216394,0.40617198364214235,0.0,0.4964811837974594,0.368828181023587,0.8038838749783016,0.5151086643127714,0.0,0.0,0.0,0.0,0.4122178395022748,0.0,0.0,0.0,0.39778265543408875,0.0,0.0,0.0,0.6503435650963263,0.6942953801276386,0.0,0.0,0.0
0.5900912658372302,1.006402110794864,0.5060115106461656,0.629868006791205,0.6707233247175981,0.8957203848803887,0.6910772389678153,0.47015127220490605,0.8905433372984836,0.5285978239552315,0.0,0.5657446664321971,0.8129273676347821,0.37670868132388974,0.0,1.0108166909127765,0.5377137509949026,0.8116537652683167,0.0,0.8159310787717389,0.36446831421124104,0.7566707755265802,0.5990455846671066,0.389235470667371,0.7999234230700403,0.7185030764580642,0.6378440248660804,0.6147095190235441,0.6556204586275203,0.5012221619436918,1.0204133132847981,0.8106129002962397,0.9909291302484926,0.984376086532277,1.0512132696519931,0.8920915057641299,0.8568760478778829,0.3698198264519579,0.5084037035178741,0.4766709327777019,0.7199905631673059,0.6448543029394588,0.5242670662653071,0.7226777754204357,0.0,0.47129293061184124,1.040071692319059,0.4343265497683185,0.0,0.0,0.718384432159118,0.8707346859789864,0.7624077425472959,0.6191757682423642,0.0,0.0,0.3630069305726369,0.7727627600017188,0.4867105787653411,0.7421611734592972,0.9323224500202623,0.5972050797416226,1.1187459186076134,0.0,0.7416788337985981,0.5860629991407572,0.926529498487904,0.854895140046362,0.4909626840614474,0.772281651289265,0.8036472202592002,0.6689010233414342,0.5916866264413467,0.5850082183536924,0.5491708192181552,0.5414134801313891
0.927126383046613,0.9519276804758863,0.3373918448020053,0.21903490007225138,0.5810834669056665,0.5611359462564967,0.7095981202586661,0.8748345577808382,0.8302924126120503,0.7237414081221085,0.4959475009184455,0.767019360886118,0.7853750927453564,0.6003233840974063,1.0108166909127765,0.0,0.8523392185827778,1.0886621072521683,0.48711207384259037,0.762854047653427,0.8799356460997888,0.9624374842727199,0.9228912654855278,1.0468886925799772,0.8530016882044502,1.0561203865137248,0.879661773175484,0.8017971036157225,0.7524373865334628,0.6741112500031741,1.0334966004201673,0.740049675466425,0.5705644955253597,0.7726852691665055,1.1569430793671311,0.865444025736328,0.4965505820504723,0.716753558619397,0.7624174154132756,0.7227531704461239,0.7409549827378152,0.7348258554959368,0.5110493794553533,0.0,0.0,0.671621003045393,0.9655056630038834,0.0,0.0,0.0,0.7913695659399356,0.9915548629776875,1.0338835977607914,0.0,0.8081828592456095,0.0,0.829571880828313,0.8895947901733373,0.0,0.7732292642876035,0.7804819556637022,0.664559000067535,0.6855158587367582,0.0,0.7060544007316469,0.7064955157214402,0.8941505417930411,0.7560328569843393,0.6527529165729989,0.8311503577313755,0.960340663705455,0.7756513540589416,0.6606227711921293,0.7846132632517002,0.0,0.6468305515732863
0.43350236032558287,0.5968008435673899,0.5612737151404162,0.6521844852567338,1.0943606124878225,0.7456183831334272,0.9256383916469957,0.2654356053196562,0.8488017491611061,0.831497733308395,0.718777329290379,0.8004735322870902,0.8385814581280941,0.4849833572763911,0.5377137509949026,0.8523392185827778,0.0,1.034530082128489,0.7153875025396431,0.6119826337776729,0.5514872222106837,0.7936299577446022,0.8301821731573384,0.6965022258400329,1.0079310323364972,0.8806801417767737,0.8096174544847674,0.9531287310159048,0.5394008198842072,0.8895566344033746,0.8640988058646697,0.6133735253331974,0.6863604289180388,0.7572262657561738,0.9921230138552495,0.6231665190320508,0.3921670759742,0.5273755783088515,0.8051336739216218,0.7214659365910201,0.6663440095297846,0.6930940119189024,0.0,0.0,0.6166411760234504,0.6076238664342,0.7822992908740525,0.0,0.0,0.0,0.0,0.0,0.0,0.0,0.6231723838818273,0.0,0.5776988764592356,0.4999070588384058,0.0,0.5662371791406492,0.3858953192850004,0.6253407859722603,0.5982400019135652,0.0,0.0,0.0,0.7418199693254477,0.0,0.6828956715136363,0.6883682177703636,0.7369294625742843,0.0,0.48194479132619783,0.4891350992097798,0.0,0.7918492422522875
0.7454007452136119,0.8679929443093735,0.8957995500030115,0.5102951692516304,0.717401994444228,0.5554704028214816,0.7795344925784254,0.7277493553879063,0.9400532554859445,0.834129355346577,0.7575780208170956,1.041856279012036,0.8813383250490989,0.4663169072981503,0.8116537652683167,1.0886621072521683,1.034530082128489,0.0,0.5779232354861541,0.7988794517858031,0.8544584079907911,0.787052296950015,0.8657446522885224,0.8350165781661929,0.9332229337229162,0.8364431451762535,0.9324634963883216,0.7418768491891528,0.6397762325352956,0.5819247188679131,0.8331440355786004,0.4477442873744908,0.6498608892888917,0.8876993314873196,0.8272661330936574,0.9577757878094333,0.4268325356510726,0.47450910136189717,0.5784688281332986,0.6611447336726408,0.5678719347486173,0.6410413854000625,0.0,0.0,1.1650517905403128,0.6718827684697859,0.8874873179229197,0.0,0.0,0.0,0.7060168158658895,0.5295742052296747,1.1656228953733851,0.0,0.6568857925493782,0.0,0.6942153888957434,0.6382890680559781,0.0,0.6761588165736496,0.5862478021489992,0.668453372644567,0.5888356538352746,0.0,0.691611766364045,0.9119721979817258,0.7866845371279483,0.8505464044876307,0.6228565308387476,0.6621016893474466,0.7507148332727465,0.5431226703890009,0.694927622107681,0.51248460164953,0.0,0.7040153261484853
0.0,0.6995087438609899,0.2521475726991752,0.5561873054622586,0.6294422694802152,0.305468573896982,0.6615331343078126,0.48299476478831366,0.34214661378434497,0.6091272523357969,0.27816492502885976,0.7183575405338198,0.697663410912943,0.6060818724629915,0.0,0.48711207384259037,0.7153875025396431,0.5779232354861541,0.0,0.4752237403951661,0.6954514995214451,0.7365002337334053,0.2701786564097841,0.6915739824082717,0.6781719295861546,0.6645472004277734,0.45776301333396585,0.7311113136064599,0.5343608875463056,0.7642470867479707,0.6561375855504021,0.6288301969040522,0.4589364537169187,0.6789983071980478,0.604556590246766,0.6767191470338405,0.5631767715039204,0.5668252725611524,0.44350676073149886,0.44465687614313265,0.5424928858243327,0.33921358839184823,0.5051336822535782,0.35926417690813356,0.046543521918571945,0.0,0.0,0.5894789334206649,0.0,0.55626724708579,0.5286598349237088,0.6176394206721711,0.42040305567837405,0.5789074952677635,0.6458828685123901,0.41144858477004553,0.57054172781185,0.4741149749170098,0.3226720429275634,0.0,0.0,0.0,0.0,0.3488972095220632,0.4768427583241385,0.0,0.4636142995548084,0.5265585101865033,0.0,0.0,0.0,0.605656710420708,0.5356046344386021,0.29480405973289986,0.5018298556076979,0.4725353157673865
0.7412750488775508,0.7503934030402369,0.4356986401912962,0.6502742280479306,0.6827987813451841,0.6588476374440929,0.650112658402184,0.6420090670737897,0.698200814571373,0.560089608830569,0.4997975933544284,0.293947862008504,0.8477125585511929,0.6503925381122408,0.8159310787717389,0.762854047653427,0.6119826337776729,0.7988794517858031,0.4752237403951661,0.0,0.515887540944808,0.833066518550315,0.6698737217480475,0.5608861728388663,0.7775962733648334,0.9206712977013938,0.6980886376946102,0.5963496457155373,0.6509349602306967,0.07447342202882545,0.759007608446521,0.5888591226197739,0.44528418695695837,0.8908434648539694,0.9493152680569406,0.967398193955407,0.5794353596692098,0.8063409110491299,0.5359027191302759,0.46207541536036134,0.7168870511579783,0.5557033278244095,0.6502346009898133,0.35352742376940094,0.3636658015250546,0.7117870528711978,0.7166306241222384,0.6119911214359808,0.0,0.0,0.6901785748598409,0.7706503894365847,0.7801536840399392,0.5921727181462798,0.8459911540995669,0.0,0.8672526490474645,0.7544437856446593,0.0,0.6557179370960096,0.6843620103504304,0.5101514553122292,0.8062323035100214,0.0,0.5910325669288472,0.42762363379639534,0.6294765813521056,0.6691329877918878,0.0,0.692436148955245,0.6095573440330446,0.5937884942434889,0.587618303748729,0.6027779227806767,0.5365726743230328,0.5811612139336346
0.4183282668185586,0.8398360059008005,0.4678513512625315,0.46306196539470823,0.8694866413806941,0.7079296296371271,0.6869727484116197,0.04659465154248266,0.8268596476349743,0.5426159131347624,0.7462123825967544,0.7273277262611297,0.778879711329709,0.4561615936234146,0.36446831421124104,0.8799356460997888,0.5514872222106837,0.8544584079907911,0.6954514995214451,0.515887540944808,0.0,0.5508477076757802,0.5587791377531421,0.5251654809082997,0.69262063514992,0.8408010950885312,0.6774969098566499,0.8060391245263652,0.5636511035193572,0.7057294014474624,0.9418333178422564,0.48793709081057435,0.6185657708461644,0.7280733792743659,0.6686651415124668,0.4509701100872744,0.531032756138163,0.7753769902121259,0.23853359906639704,0.13938245081804918,0.3808856419751401,0.5898334934336578,0.6962510520572869,0.0,0.0,0.8111390926703004,0.9968798165786236,0.8088827687507405,0.0,0.0,0.21251980147859975,0.5221441978106488,0.1428138592260199,0.7235046388193352,0.7678003902620298,0.0,0.8165876920905795,0.382770953286884,0.0,0.529294063037912,0.7914262138418255,0.0,0.6130973623285266,0.0,0.49633715486895014,0.34247064227822244,0.8241446386548991,0.46837349582232235,0.6289730483410219,0.6462767834167412,0.9137320648930769,0.42431436469475414,0.3605477061457971,0.3722488479876415,0.5121899480697193,0.25655889107939944
0.5172822161683021,0.9688903733890077,0.6177287780817824,0.8930489630830394,0.6797579505177271,0.6500503595169924,0.7217431685664276,0.5978037270442931,0.6241832323485903,0.5955988321912639,0.4692529018795517,0.2784445816267964,0.7696649877507058,0.18460594303084027,0.7566707755265802,0.9624374842727199,0.7936299577446022,0.787052296950015,0.7365002337334053,0.833066518550315,0.5508477076757802,0.0,1.0462844095728165,0.39888888037964826,0.8318363761013993,0.956144170331815,0.8647823905928322,0.8123039635353929,0.6356406818814729,0.674244798219227,1.0036718797260833,0.8756615441952297,0.6309384134940859,1.1189003392010946,1.0991313837286594,0.9011955716564365,0.9858933532646744,0.5061921237696558,0.747919438939864,0.6661476910034188,0.7817505447667509,0.6684767055720977,0.6698224405522901,0.6573917617436142,0.3974011927188751,0.8425898835013124,1.005909060622032,0.6827224819744628,0.49311090604972785,0.40181965624697147,0.7861123111138126,0.8892606515772778,0.7955397293086833,0.8811477591007493,0.3527843637907462,0.0,1.0695563109873556,0.7810846458136016,0.0,0.9000277360916236,0.8775974271640152,0.632485359089674,1.0473670814871132,0.0,0.6554876894066582,0.8163667979699747,0.9538767358518996,0.7691485862713974,0.5791556026993576,0.6940860372449094,0.9857288179706445,0.7278672936508059,0.7083285812271243,0.6496980409535091,0.656815248833071,0.7585426033774221
0.5731870787977715,0.9786189571954256,0.356222519917708,0.7168095625466073,0.7231060869289799,0.7380243446246293,0.7363627870054837,0.27348523190020774,0.6185919572627461,0.7531443708660819,0.306804607984815,0.4700875298397018,0.8056048246273244,0.6042728204722436,0.5990455846671066,0.9228912654855278,0.8301821731573384,0.8657446522885224,0.2701786564097841,0.6698737217480475,0.5587791377531421,1.0462844095728165,0.0,0.551301362361316,0.8024712687991068,0.7754475158054167,0.5804261489105408,0.6879308856813244,0.6480812823316628,0.5532143748171345,0.6109337785381562,0.5353551743825546,0.514984160806574,0.6205954195595453,0.5854320823740742,0.7031554212108777,0.5745985276098406,0.3185217710505217,0.4940235218550482,0.5783178812090688,0.5731614310753778,0.6430657159094275,0.5457829949906804,0.5042466177381821,0.368668073695936,0.659423149101162,0.9010682104247576,0.13058263321157498,0.6387646117669281,0.5267911874878559,0.5409769342335532,0.5824576498795595,0.4211978373778873,0.5430618784648085,0.6258791196456153,0.21225833048101564,0.6533235315997465,0.5680693938120357,0.3433675283966158,0.6617436509244569,0.815637998426147,0.5122266315682706,0.8211295024130245,0.14733443074752933,0.6564084779217506,0.6514314956524461,0.828035727987168,0.5462161892717421,0.3586974601506361,0.8760899786562013,0.8103193819526981,0.5549147696406262,0.5212196526121889,0.5741270854448626,0.5656665046757449,0.5392534326850874
0.5380108814660605,0.4894744567380244,0.6053685618625755,0.26722140004648004,0.5922116315945984,0.7735476960253422,0.635001817823732,0.40970044242972925,0.6416761251306864,0.25685420639771017,0.5639756437390082,0.3521673666821714,0.768305648866431,0.8454209937978612,0.389235470667371,1.0468886925799772,0.6965022258400329,0.8350165781661929,0.6915739824082717,0.5608861728388663,0.5251654809082997,0.39888888037964826,0.551301362361316,0.0,0.7990468949123413,0.5447319712971019,0.6790831403150247,0.8344444918231262,0.6543392677756104,0.7382110540519063,0.5035232102007514,0.5193879848959954,0.9732752281131333,0.4063839665127228,0.8622129188213814,0.5534999525887769,0.32818415201782336,0.43875200198097397,0.7811690907365423,0.5479061110096566,0.5483776212743064,0.7303960363326154,0.5695520580507586,0.5851654629475259,0.45537814394824383,-0.03588596405433178,0.5667557149147909,0.0,0.0,0.508755880112145,0.48988295754937017,0.41794130050159073,0.0,0.35664899358068003,0.6377486188014787,0.5449612591423247,0.6689737709947048,0.3465242999400166,0.0,0.3539217926198861,0.6602407027789446,0.5874279632279387,0.621947626489088,0.5205512341211755,0.43008423327526824,0.4794946349195353,0.4891072713479103,0.668446305695878,0.17541510113297556,0.6827878934558704,0.5690114526040366,0.3532569837179821,0.4965434368358097,1.0069060357521324,0.0,0.6650824516297578
0.5086761886216791,0.7116951929449388,0.7576594021264593,0.8531984185950184,0.5618467128580606,0.4484439346690823,0.583790338456201,0.6972048495601088,0.7731793439537651,0.8889474606315464,0.7052066760785859,0.8718618405361065,0.7481913856713209,0.7998086903632661,0.7999234230700403,0.8530016882044502,1.0079310323364972,0.9332229337229162,0.6781719295861546,0.7775962733648334,0.69262063514992,0.8318363761013993,0.8024712687991068,0.7990468949123413,0.0,0.5480531625930921,0.8520907178910626,0.7177733385425307,0.49981771493900373,0.5365315502782275,0.8185998449427809,0.3660291722610186,0.5818615857994576,0.6513936058484855,0.8407711648527969,0.3376130026841637,0.6181951627446445,0.7623918402486363,0.5542011896961954,0.7589947823430252,0.5812785161178883,0.6303103364816561,0.21334828044890763,0.0,0.9488178073565582,0.6667659012328606,0.7396819492000151,0.0,0.0,0.0,0.7041178503024326,0.6700377808778787,0.7948028295318381,0.4513887304280544,0.6591267068695097,0.5041329694139852,0.7576532712941173,0.5974536055498231,0.0,0.6852463626182635,0.5170874932984557,0.6681248379797078,0.6235358129564936,0.0,0.6826813000673047,0.7110318540674909,0.796273681901623,0.7031692640438643,0.6576258499279912,0.6905932125179842,0.7213693858765009,0.5015836024007041,0.7949565595424644,0.5362683533590683,0.0,0.6216421374237622
0.8793720966508938,0.6371295378748694,0.9661851518692592,1.0069084959112968,0.8634363947138206,0.9863771012786304,0.8722373170721989,0.7430290126617755,0.9783071938309706,0.753726404065058,1.0373157347309088,0.5291289659716938,0.9011863384522216,0.7452794962008705,0.7185030764580642,1.0561203865137248,0.8806801417767737,0.8364431451762535,0.6645472004277734,0.9206712977013938,0.8408010950885312,0.956144170331815,0.7754475158054167,0.5447319712971019,0.5480531625930921,0.0,0.9670890840950124,0.8978273531571419,0.8254862581890485,0.5453120648489849,0.7684233251461726,0.8230128430494633,0.7807418709210834,0.7989886178953222,1.0454040724868905,0.878929682870133,0.6943124770832709,0.5836865333163458,0.780811492829381,0.9127885134112208,1.007043896614741,0.6915633750016501,0.38047913414225953,0.5142184329464485,0.752365372126998,0.763036088433003,1.0737872418902896,0.8692042509414777,0.0,0.022215180527141266,0.8166546302093264,0.8658723946078355,0.5968669016896188,0.7360176590347939,0.6948902944119049,0.0,0.80597097471293,0.9609153319455453,0.0,0.927179561065088,0.8404895636589171,0.7057648717261128,0.7243202302842006,0.0,0.8318806975910245,0.940397519574816,1.0901808138619749,0.9214632410100392,0.632882228319873,0.8063010989778677,0.8859746654324472,1.0051896453289324,0.7606975561592285,0.8620701743626134,0.506220357682702,0.808623797130456
0.7614051002017306,0.8499378213125003,0.5294771067685861,0.6624317202565815,0.8154868600728058,0.7814378025386299,0.7330329379405252,0.6673427927850724,0.6927647069113836,0.5608620712144277,0.48551047486559284,0.5269944056539749,0.805306285380879,0.7963417341741486,0.6378440248660804,0.879661773175484,0.8096174544847674,0.9324634963883216,0.45776301333396585,0.6980886376946102,0.6774969098566499,0.8647823905928322,0.5804261489105408,0.6790831403150247,0.8520907178910626,0.9670890840950124,0.0,0.7846886708055331,0.5981108151838104,0.6117350347882864,0.6502436461208705,0.5462692871781759,0.4600026876960992,0.703219486213288,0.7995477993287124,0.6632504678194368,0.5986573074247039,0.5361653775880098,0.5172524345564744,0.5643844985466537,0.5844326817081151,0.550111396460681,0.5955033056250101,0.586418443331935,0.801265518560506,0.5749036767399802,0.7592325501081659,0.67852654521971,0.5946869896249236,0.6569467631513468,0.6027787140996232,0.5999353034747893,0.6125335823845247,0.7397103644127984,0.7922013922161538,0.5894148216116623,0.704986373593522,0.6245275944573387,0.8088355717922002,0.6269272042160712,0.8886475451266339,0.0,0.6012186747589495,0.7251591029147899,0.6218287902362376,0.6094405034248862,0.711907047409321,0.5674358024307278,0.0,0.9349860971197995,0.7721604380466505,0.6053439087752392,0.5877677027251922,0.571979837467468,0.44618265596259726,0.5488598033361858
0.7912937725302558,0.7004788541206529,0.8222826382727686,0.3506402312709007,0.8224074182047666,0.8308455214728844,0.9285769449644359,0.6757830531976811,0.8485586483060219,0.8926206900004652,0.6429671759814335,0.5321461001567644,0.8460766667250716,0.48886361948108426,0.6147095190235441,0.8017971036157225,0.9531287310159048,0.7418768491891528,0.7311113136064599,0.5963496457155373,0.8060391245263652,0.8123039635353929,0.6879308856813244,0.8344444918231262,0.7177733385425307,0.8978273531571419,0.7846886708055331,0.0,0.8582901541364036,0.48106590913135305,0.7079286618613387,0.4861835940063436,0.8230781431402576,0.7907938256000977,0.6614835591727694,0.600143635607777,0.4404365874618989,0.5849111230643733,0.48066894235899194,0.26338224064707616,0.8699141151407871,0.6821469429737946,0.7315528149288577,0.7407283802978695,0.6351184558269776,0.7161369730054826,0.7294068636456605,0.6211906863424141,0.0,0.6824954681572875,0.6814916672387371,0.6596916050648651,0.6888787162629049,0.6384998293897743,0.7818569941345699,0.6567679432594322,0.49484931044220937,0.7237408260079247,0.44914877585045343,0.6126235080141347,0.5400967134705337,0.33704107477341577,0.6703964496626194,0.49802812673773733,0.7074753791974393,0.7757792545928955,0.7051264458218409,0.677939310235619,0.49911598550401726,0.7279349183727679,0.5562708406906913,0.6797665415742189,0.7155273681472691,0.6026731054140759,0.5810569551005452,0.6196798333765909
0.6600448573458,0.5362020088163881,0.42410506760379385,0.20254313252960515,0.805375911823528,0.5734971185919204,0.911545160435298,0.5469427144232358,0.7006659254208292,0.3003173071513379,0.5096775174371221,0.63570402580717,0.9235155171606981,0.6193422505053763,0.6556204586275203,0.7524373865334628,0.5394008198842072,0.6397762325352956,0.5343608875463056,0.6509349602306967,0.5636511035193572,0.6356406818814729,0.6480812823316628,0.6543392677756104,0.49981771493900373,0.8254862581890485,0.5981108151838104,0.8582901541364036,0.0,0.5242411235988554,0.5809051115181763,0.2587887543016726,0.16436072743516814,0.7021914546202408,0.6168146032643642,0.5297791405486378,0.39218388622846345,0.7625738543375027,0.38154375065030965,0.5176162371740891,0.5651864292192745,0.4775787011708291,0.44588600588201643,0.40001438917234755,0.4251151104552882,0.515964034026471,0.5978079119911914,0.669336720843162,0.4837171101973835,0.5384822098494817,0.5095206194554158,0.5364902190357639,0.600292113315253,0.8522813214910435,0.6765009477034452,0.6886004908066604,0.8306904272283175,0.5918625258215685,0.5608061388497999,0.5403367638238834,0.5201171631868728,0.4873828677714266,0.7658150356537702,0.6149423097283486,0.5508509544903093,0.4840277300664131,0.5213266454212332,0.5500092393426022,0.49405778417612767,0.7012104870039344,0.6513856866960789,0.544766561900547,0.5550752069051705,0.4830893332310545,0.4065075195199837,0.48546733818741383
0.4032762555312918,0.4751016164415141,0.7215286336191717,0.5617573901459954,0.8164266636061358,0.8204622929172435,0.6397547811586923,0.42367655564637907,0.833167304095333,0.14138295251085597,0.49510058814799984,0.37692576821116963,0.4588722312519823,0.5261001456312089,0.5012221619436918,0.6741112500031741,0.8895566344033746,0.5819247188679131,0.7642470867479707,0.07447342202882545,0.7057294014474624,0.674244798219227,0.5532143748171345,0.7382110540519063,0.5365315502782275,0.5453120648489849,0.6117350347882864,0.48106590913135305,0.5242411235988554,0.0,0.4758647497526573,0.27483599774552026,0.41113815721491753,0.8062664461296482,0.642713827486278,0.8135538453671223,0.3345983717263611,0.5120448137280333,0.5809873640537091,0.5097239239357578,0.42852051597957014,0.9392418146808716,1.1467050241425942,0.3000206150903466,0.0,0.0,0.0,0.15203046789502936,0.0,0.0,0.5301720367441534,0.611742021170811,0.4984423920680843,0.7721486624066531,0.5471643296429962,0.0,0.023148598129444288,0.5106796899023943,0.0,0.36004188957087546,0.0,0.0,0.9545066019849741,1.000251092683134,0.5970593395389635,0.6676462922079224,0.5251682967582445,0.6014239753097624,0.0,0.5850997339406911,0.49535307421333685,0.6803197262426207,0.6002966080312369,0.4237004419019543,0.2761933689223105,0.25496251714517537
