0.0,0.04723799260615291,0.01083276182141063,0.0,0.012065522931819228,-0.0004945384740644987,0.03060486392962697,-0.03308303580750804,-0.004526946580965252,-0.014743610685549746,-0.006477366765007542,-0.0086124210231589,-0.013827453465552364,-0.02599315450902845,-0.04700768761552754,0.021504866050756355,-0.023789289919780743,0.01297352741776625,0.0,-0.035082932705376046,-0.02974022260526832,-0.0004586568044041561,-0.03443517195208157,-0.023397733110635033,-0.011312740042095704,0.014463319158899424,-0.025968855407830393,-0.05206489030426792,-0.006204648657425538,-0.03955947815723049,-0.0022219338210371364,0.029362770166584895,0.009956516677640526,0.010539328033447593,0.010299912298461278,-0.0020955097208206763,0.00034838262615444204,-0.008122719234555098,0.017015368289159505,0.015864874351936342,0.003656814613551773,-0.011631695735247694,-1.1308520545760814e-05,0.0,-0.013252119836270337,-0.06966471720403478,0.017687757741835064,0.0,0.0,0.0,0.018148863054290643,1.1102230246251565e-16,-0.019326884645451903,0.0,-0.01379625552122643,0.0,-0.010657314376100901,0.027269165887951252,0.0,-0.027707509341790115,0.027058806448782058,0.008347946518707794,0.0179415876484747,0.0,-0.006182954304421617,-0.11478823890935491,0.010553692705596585,-0.020064090602940954,-0.0767486120097624,0.03069714155893194,-0.0017635162052483944,-0.006826569150476192,-0.0001759934642209804,0.004785161319880049,0.0,0.009512213845384476
0.04723799260615291,0.0,-0.0187345755225366,2.2544487083997478e-05,-0.01933109052006432,-0.01880885511158442,-0.007908219672180139,-0.03914074938968631,-0.025381405924164713,-0.00140635741330708,0.05128879784016538,-0.010671606174456005,0.003026129956839485,-0.007576692843198729,-0.021457665579524055,-0.008725896560097257,0.021377101619612537,-0.009205454969099025,-0.022764362927274073,-0.011583699078886955,0.020115939521631987,-0.027052287166130617,-0.012785925857150604,-0.012419498786580607,-0.01767625044017035,-0.018459393900366328,-0.013673177729419561,0.007761407916154706,0.012976965097754034,-0.037065936877607064,-0.0016029313463635786,0.01984905406521459,0.0029624155347466874,-0.0010307746532490225,0.001289998780167112,0.04373025043957618,-0.001019255560323784,0.0,0.029315310813020357,0.03381131362886686,0.02881326954467378,0.03572211186689794,0.0052784241527544795,0.0,2.220446049250313e-16,0.007380611185346997,0.02644547470891162,-2.002253684507682e-05,0.0,0.0,0.02100507497925247,0.01675504572219383,0.013880603217102383,0.006510771769811685,0.038726877809010296,0.0,0.007126185529433726,0.015756366240566533,0.0,0.02282122530652353,0.029408525406329766,0.006107606974421698,0.012532742401779373,0.0,0.009150289741078677,0.000675951002245545,0.02503215980261403,0.013916737148642111,0.007253287057503444,0.024370500216774338,0.02421576424011923,0.015266666628509562,0.018483020046125842,0.014806804999034806,-1.1102230246251565e-16,0.027986704651769
0.01083276182141063,-0.0187345755225366,0.0,0.0003709090625352851,-0.02086187168073894,-0.042127896579910895,-0.01628220463237795,0.0009061505085310451,0.01295980679929054,-0.009776322159746165,-0.02059455861941689,-0.002265813954122453,-0.0179687208849158,-0.012148525450881242,0.0018251810745743557,-0.009754585458652876,0.00015144773875486184,-0.04144900896995052,-0.06988971309696118,-0.002068431911566748,-0.024784763935717158,-0.0026137594698731337,-0.03242584692394196,-0.00958647730029899,-0.025419788470180726,-0.012706136501447973,-0.02394535399981873,-0.0022047755058036134,0.015734895030904084,-0.013759532572893085,0.0011582479011051916,0.004736331941209093,-0.007991520000661168,0.0006111568600253303,-0.007763576629553015,0.003962652281914281,-0.005648395461970268,-0.015380874796746935,-0.04141593478580635,-0.0062570551514550266,-0.007849431273983187,-0.03652824686103162,-0.014144564382822467,-0.019060193931473624,0.0,0.0,-1.2609769198035359e-05,-0.15087507270567402,-2.5399239418355535e-06,0.015488297543501006,1.4471499570567481e-05,-0.008473320449598143,-0.012548210504132018,-0.11199979967512763,0.0007435282234638518,0.03727414483517871,-0.0019459149924172525,0.007152064142390779,0.006943277323866237,-0.00011212464697318847,0.0,0.0,0.0,-0.10279224718072505,0.007166578348380304,0.006489817168078504,-0.00022586081939096614,0.0019138531218849675,0.0,7.010051675415685e-05,-0.042984156982496524,0.0007954693204446084,0.0008987574944832044,0.000921146974736109,-0.009303679906102924,-0.0018303628257271276
0.0,2.2544487083997478e-05,0.0003709090625352851,0.0,-0.01328622233309984,-0.012880500470871803,-0.045972738444399947,0.025290768694739674,0.000882279192685409,-0.0026072881263546344,-0.01759160155458761,-0.07543476951384476,-0.04770475620395764,0.03897096622524093,-0.0034540345825599394,0.00032937764360368993,0.004921302646222758,-1.156602376645166e-05,-0.01881869856943047,-0.006869601617640886,0.00016972228686568114,-0.016802526041102106,-0.00015952453428380586,0.006886693480498196,0.0004600471925298444,-0.0061566338137363785,-0.02217805043598786,-0.032745259785262465,-0.04425806293784984,0.00534489361028162,-0.010775643105684463,-0.03856372557756055,-0.09644606084322924,-0.07515829171826524,-0.0518208942892211,-0.012212125581868016,-0.010792904489935334,-0.049691151288395435,-0.05277318356261429,0.0003111612632101246,-0.06796189987857357,-0.04859740893433934,-0.04877516003325161,0.03919389746426771,0.0,0.0,0.0,-0.0005027158485745864,0.0,0.0,0.0019053311644461335,2.220446049250313e-16,2.6470385517785022e-05,-0.00022538573773689397,5.551115123125783e-17,0.006833032612178491,-0.007526752617220356,-0.00027553739342850436,0.0,0.0,0.0,0.0,0.0,0.0,0.0,0.0,2.333891861600046e-05,-0.008745691197159178,0.0,0.0,0.0,-0.009931502790253788,-0.1430055961763033,0.002423764250568783,0.0,0.0
0.012065522931819228,-0.01933109052006432,-0.02086187168073894,-0.01328622233309984,0.0,-0.02348354613648207,-0.03580986956106019,-0.018917869046091107,-0.03195187510491887,0.006761868498512458,-0.024347220832163896,-0.02882147706308702,-0.016392392888092577,0.007877028691578136,-0.011326701152602536,-0.004315011911283251,-0.01877821326610135,-0.01111147958141806,-0.04689240486873003,-0.010074612221541879,-0.0074826055453504625,-0.0007536425193281904,-0.006783575383380813,-0.0016151252655365322,-0.015657454651771152,-0.01145593018566371,-0.010343047590065546,0.039212285250964485,0.02188830799746805,-0.01874052325535297,-0.011719964183960652,-0.009517567258152781,0.013682379091212393,-0.0031946443314718187,0.0019080341379235088,-0.0003455437422932861,-0.08945279338849926,0.011037181403675378,0.05875870304972991,-0.005222447103933159,0.056972849682214055,-0.013174375565643603,-0.00012714008798075938,0.014228049586894054,7.481896450267644e-05,1.1102230246251565e-16,-0.006613627928915511,-0.018788368450439408,0.0,0.03431665344178103,0.009895422009507548,0.00015806307682986187,0.0038880188492240175,-0.014264780276563416,5.551115123125783e-17,-0.005719840890206052,8.036458551918813e-05,0.028509958419054515,-0.012994397362061094,-0.0016689716569317503,-2.3769713989207908e-05,0.0,-5.551115123125783e-17,-0.008885325093981933,0.004152304544563834,0.00015287592392843052,0.012197149415666242,0.0011037030619430732,0.0,7.425485659684483e-06,-0.012102244188355427,0.01199195307318801,0.010858612093670894,0.019579740683715263,1.1102230246251565e-16,0.010718513794639617
-0.0004945384740644987,-0.01880885511158442,-0.042127896579910895,-0.012880500470871803,-0.02348354613648207,0.0,-0.020986683993098387,-0.023357287531684867,-0.06185337624206988,-0.008135057634923337,-0.02354836752296252,-0.00440590677988878,-0.0015101168422134714,-0.006544275994511961,-0.00790576979533808,-0.0027037305343799445,0.011699784923485279,0.00175837310868876,-0.06202377717932611,-0.030601530663947163,-0.018050578976502862,-0.028712909517767782,-0.027258317927931652,-0.025889719785124443,-0.002673424476375863,-0.03374316795232052,-0.026199300299586004,-0.00542506796465575,-0.007016902193076158,0.0026929316491638433,0.004550986109653654,0.004500029075807654,0.002020560367820168,0.00012877645423692297,0.007203199422378792,-0.004926487923259282,-0.00967511774490365,-0.014847569618479717,0.020816429294913452,-0.03207160306433865,0.004526865212973186,-0.03445896561933587,0.014308078714926287,-0.01794821315722761,-0.017122173617863834,-0.0028220314769674126,-0.000601920158152025,-0.024282328269907727,0.007755121930064446,-0.013870902814854591,0.0007875181746044291,-0.015833873571071133,-0.034118952825213045,-0.020077892343620563,-0.031216881375812078,-0.018275466701161314,-0.02010611019878028,0.003906777158097174,0.017834016291368826,-0.006649201719928499,0.007395486516008243,0.0,0.0013438532205240494,-0.02208117469314752,-0.00983295976262577,0.009067403490599424,-0.015145852609885657,-0.006487760095505002,1.9623968144921733e-05,0.006230668374880344,-0.009548059106859075,0.0013226283902196823,0.002830883496731884,0.01753966445701577,0.003954508501289644,0.0043056037169747485
0.03060486392962697,-0.007908219672180139,-0.01628220463237795,-0.045972738444399947,-0.03580986956106019,-0.020986683993098387,0.0,0.00595769658501899,-0.016301203901376515,0.0003523359156182293,-0.03481539432640318,-0.028457936578635268,-0.019335260350497263,-0.03867515157935908,-0.02619176756246644,0.007260888027491141,-0.01286075075251275,-0.0059137759473236184,-0.018010154225209962,-0.006576365706431775,-0.014849195984822039,0.0005875172024003006,-0.0036576982186045104,-0.0015551660961368174,0.005321353992123801,-0.0027667918249630885,-0.008465337030707565,-0.02220076748127514,0.012866670983499862,-0.01236261346071188,-0.00920143276174773,-0.0017815791353443244,-0.04930504628640098,-0.041718215785280066,-0.05585000837112547,-0.021190491623758634,-0.031587596598403433,-0.03559857007083439,-0.07899236092589074,-0.056295420878753,-0.04153562254499499,-0.07580368747483052,0.0400735569029399,-0.09760473623049615,-0.053626873541339715,0.0,0.01241213359553428,-0.004520252102925837,0.0,0.011566579638182639,0.009020035689674799,-0.007420213130118425,-0.01222516115965544,0.0020492577610857765,-0.0028341694927900285,0.002792125893205155,-0.0278793136119298,0.007683155037269351,0.009861986132316647,-0.003942111143804106,-0.0008225793892842059,0.0,1.605446436625524e-05,0.0037101642060451967,-0.003840513940249979,0.012636009614020838,-0.0010367107636094497,0.006114846600409174,3.5680914300173505e-05,0.017945867514067237,0.0042465210920629715,0.015341884664513694,0.012842009547441746,0.018975247436593567,0.002743817982601038,0.011368888400064225
-0.03308303580750804,-0.03914074938968631,0.0009061505085310451,0.025290768694739674,-0.018917869046091107,-0.023357287531684867,0.00595769658501899,0.0,0.00046139484128093766,-0.009448274809373824,-0.12063407089682648,-0.006805842427356323,0.012529335184820078,-0.03440282192114502,-0.0013653201083534405,-0.02192508396910231,-0.022541285826016277,-0.02855251233835704,-0.03794895307693641,-0.010807392219609524,-0.031845001566821796,-0.0658493751569138,-0.009968751140903731,-0.02471688261437771,-0.025263057645358467,-0.022079257120432016,-0.01809497383340225,0.0033797367137953227,0.014350992813766505,0.01661793128782002,-0.017312470755824982,-0.05489418591202205,-0.0005237429180655617,-0.0038810110632757633,-0.0010582710287568298,-0.01181830893242275,-0.13474828773259545,0.011821963594436158,-0.022441037486905346,-0.007201792639818794,-0.01701096655301687,0.0022574095503760105,0.0024722392037277996,-0.015815597572069906,0.0,-0.028373375974416915,-0.009385100675258606,-0.029053331815112715,0.0,-0.022079948411388273,-0.018933813078257256,-0.016779750565676987,-0.08381522704499339,-0.027190269057192684,-4.6466415955792595e-05,-0.01751315643269452,0.00010492523116206742,-0.009098679367827434,-0.00780585713103904,-0.03904173655145765,-0.009478093119418052,0.0,-0.0002104586959879584,-0.023208933945363497,-0.02097724252954819,0.008492395739139291,0.0017743407666256927,-0.02725734134606289,-5.551115123125783e-17,-0.004732722307134674,-0.0056730340248540845,-0.00012868788888320548,-0.014249580739514489,-0.026379389076495174,0.00703782946127135,-0.014505139208674522
-0.004526946580965252,-0.025381405924164713,0.01295980679929054,0.000882279192685409,-0.03195187510491887,-0.06185337624206988,-0.016301203901376515,0.00046139484128093766,0.0,-0.008485167191653431,-0.08603259896130722,-0.006398988650191284,-0.026525436544664993,-0.002073704671443244,-0.008789312033228303,-0.03896567310847049,-0.0035886795099535074,-0.013172899811991101,-0.05312067314817681,-0.020045250994755348,0.0016552753810777365,-0.018547127730619395,-0.013982455026583684,-0.008700720959066377,-0.022325560901053143,0.0376727914844715,-0.013112589610320968,-0.0009126983900367702,0.028829895109102,-0.002813269120009565,-0.002046616968338022,0.008832657947388745,-0.011090278312064883,-0.0008969649771095045,-0.011761064622469175,0.0007239106741773194,-0.0034397496548494444,-0.010738662404503108,0.003078386904137753,-0.013506747591811252,0.00010562152577159312,0.0010399743166040198,-0.014497900507464412,-0.036249044981135625,-0.03999287192304657,-5.551115123125783e-17,0.00956731241920672,-0.016795976572459903,1.2201913711096246e-06,-0.008592431826015323,-0.0024256783075439214,-0.011182028329475457,-0.014786102152646863,-0.022099592941019153,-0.009441160153865369,-0.0060790902427576565,-0.021957452876175176,-0.0023144670281908253,-0.004558666626003127,-0.0021901758526233772,0.005945941090253148,0.0,0.0,-0.009907180365471224,0.011064437929969417,-0.0007091537637784473,0.004931692104002239,-0.002111085636269494,1.5017289133389955e-05,-0.0148045532792771,-0.003768886320510534,-0.0007261470394896996,0.002738303000081377,0.009244570071632208,0.006358845555711867,0.001914522778662997
-0.014743610685549746,-0.00140635741330708,-0.009776322159746165,-0.0026072881263546344,0.006761868498512458,-0.008135057634923337,0.0003523359156182293,-0.009448274809373824,-0.008485167191653431,0.0,-0.012418113493989025,-0.009874323983666833,-0.014443483475496455,0.028883320156448178,-0.02987341412124167,-0.0476130115852223,-0.004420388559890298,-0.03403187734511037,-0.011484442983824394,-0.04863471332944719,-0.054612274536207706,-0.024981187787060655,-0.027148782382536818,-0.0033923092927735654,-0.02460468672092503,-0.013898044565407552,-0.022776959797126017,-0.013544339878564293,-0.04496498044361874,-0.06979390089287946,-0.026787436888730864,-0.025212964569358287,-0.020593103395010248,-0.01293341450436053,-0.03749488349300867,-0.02807339605086895,-0.024036268597936228,0.005734944483235249,0.006449653297690927,0.02279652795123971,-0.031882099700374644,-0.10463927997367489,-0.021328500452595045,-0.00833882095434818,0.0064776729125403665,-0.028133815111701488,0.007323577755807942,0.0001333162332578519,6.9284156393178975e-06,0.00040384782566837973,-0.04317348763585882,-0.002115500000180237,0.0028730442748254315,-0.02432767651171841,0.010032529068970397,-0.012705435668933118,0.00861786568065237,0.009412931747245779,0.0,0.00037838154378816435,0.05127684332643517,0.0327516598599053,0.03668957813642815,-2.277406527584347e-06,3.7002101225092066e-05,-0.007309311882576275,0.05610945639143261,-0.019099126159061397,-0.022681682535219183,0.024865051472943267,-0.0011121272241824687,-0.010135567999570827,0.016976141627963015,-0.02316303003124892,-5.551115123125783e-17,0.01182480734679825
-0.006477366765007542,0.05128879784016538,-0.02059455861941689,-0.01759160155458761,-0.024347220832163896,-0.02354836752296252,-0.03481539432640318,-0.12063407089682648,-0.08603259896130722,-0.012418113493989025,0.0,-0.009953523134332454,-0.017382457596779033,-0.022616053426287475,0.0,0.00010137387138292597,-0.003740064237711782,-0.012383022070645677,-0.042480481360851086,-5.164861833606427e-05,0.0028686190070963957,0.0028400653559094713,-0.09906947163923158,-0.00982227958817411,-0.007092798855871552,-0.009642618614078224,-0.02568493213999673,-0.008699557336329655,-0.018344907475806305,-0.0014601121070398349,-0.01692003802051345,-0.0249839845374899,-0.012037023847028927,-0.016247312813473802,-0.015096511631874032,-0.04493412393208107,-0.013534037554605471,-0.010713859971721251,-0.043502265869918955,-0.04487359142634029,0.0183361741557998,-0.030890955667145392,-0.028321381814674085,-0.021587817035414014,-0.0017608492546309362,0.0,1.1102230246251565e-16,0.027947827465234665,2.3627517370394813e-07,-0.06266235874713255,-0.007835402479779874,-0.06266170442479246,-0.05846663554304843,-0.07824957882772515,0.019539873361331617,-0.03075961412733591,0.0333022914583298,-0.02340715442995539,-0.012985785861464538,5.551115123125783e-17,0.0,0.0,0.0,-0.11968919221656943,0.005931929005313696,0.0,-0.00010567384003501434,-0.03148736037227323,5.551115123125783e-17,0.0,0.00012129688499501468,-0.011534553168518591,-0.028505289834941272,0.07004705351778268,0.0,-0.01301323087188827
-0.0086124210231589,-0.010671606174456005,-0.002265813954122453,-0.07543476951384476,-0.02882147706308702,-0.00440590677988878,-0.028457936578635268,-0.006805842427356323,-0.006398988650191284,-0.009874323983666833,-0.009953523134332454,0.0,-0.010048397872801429,-0.19422781401307807,-0.004576589561491928,0.0004715018821106476,0.004576110798633182,-0.0019079008783308704,-0.004000794353955284,0.06683703145330872,-0.033891448308048855,0.04527952537469537,-0.032360074621584745,-0.032391108596489304,0.0014811791750030667,-0.025538068497849564,-0.0202800438254791,-0.018138219615518092,0.0283355166860364,-0.019120942322783052,0.0040484454956047355,-0.026561180422605524,-0.0023144022551181975,-0.003683319049313072,0.02641407979426691,-0.06720669727297579,-0.05698316430569089,-0.009169668222439809,-0.06741548717013002,0.01994768753291637,-0.10591069678039741,-0.04904386689102391,-0.029524713697202665,-0.04700855356254394,-0.0013010535390970968,-0.008108385274339436,0.01275290257496775,-0.006899086925672315,-0.01126662910725948,-0.01075750376197343,-0.00678837309819974,-0.017606718617494077,-0.00017158559448537947,-0.008324996478653979,0.01080684634565049,-0.006711247483771499,0.008233736064550912,0.01220394976922451,-1.4928383869239337e-05,-1.964467437376438e-05,0.02588451777850681,0.030023976128521368,0.027990500567379006,-0.015344068106172615,0.0038684732889973095,0.008197351029061828,-0.00023887983683601455,-0.010476362821168539,-0.03983256356890447,0.011389239274027907,-0.01819407392768252,-0.017113913549165194,-0.0940776517918096,0.014502966587277621,0.0,0.020446950931602648
-0.013827453465552364,0.003026129956839485,-0.0179687208849158,-0.04770475620395764,-0.016392392888092577,-0.0015101168422134714,-0.019335260350497263,0.012529335184820078,-0.026525436544664993,-0.014443483475496455,-0.017382457596779033,-0.010048397872801429,0.0,-0.04834090661877105,-0.002744291757510342,-0.004609744663478299,-0.017625284322577928,-0.013459847027430916,-0.0068966469327765845,0.0011060892019087443,-0.007556315587608775,0.003257990675315625,-0.005381708826001641,-0.006896202648080607,0.005877339205883292,-0.013964238504769966,-0.012970199865186105,-0.02110667226144114,0.002629091884872925,-0.04895278802980818,-0.025609804087207477,-0.0022121663084117005,-0.026796407309928605,-0.02486271612314017,-0.05558823461589474,-0.035122738849513224,-0.07250480567706508,-0.020307777114975112,-0.053785948995617894,-0.05073362040909807,-0.03689262903786167,-0.05306222214465167,0.039093696914676346,-0.04411604301193672,-0.05737907029929262,-0.003123557668563648,0.018483502065461788,-0.007249498877030192,0.0,0.006125734759433232,0.018893043880986005,0.00243042120143222,0.002837681689252358,0.0043930611825748755,0.008991592348441657,0.022822028123370752,0.023886374881246897,0.01707086560779869,0.010396736459079958,-0.006851229031820727,0.017747640366706063,-0.00486839444570647,0.0026413016144209434,-0.00233497236917668,0.004707038997307678,0.0002670068532461545,-0.008790073676514243,0.01217217675792548,-0.0076081103335239875,0.002998435815019296,0.00028550920729231155,0.016853602265778922,0.013325357740618049,0.01584121261082705,0.0022717970746796157,0.012139129844761731
-0.02599315450902845,-0.007576692843198729,-0.012148525450881242,0.03897096622524093,0.007877028691578136,-0.006544275994511961,-0.03867515157935908,-0.03440282192114502,-0.002073704671443244,0.028883320156448178,-0.022616053426287475,-0.19422781401307807,-0.04834090661877105,0.0,-0.016896800485107222,-0.0004914738846167332,-3.174852338766465e-05,0.00010188142764339103,-0.01595484996173674,0.010504466053827877,-0.018700761931214227,0.009876191571306425,-0.024075746117202035,-0.03582846414391094,-0.004169114152621722,-0.004768573228509432,-0.0047387831468884145,-0.02849709558629343,0.04963741797243776,-0.008644416646462372,-0.007899237007577442,-0.03152741986112295,-0.09754428297396911,0.0758056921000203,-0.010399737810003862,-0.013850022444836407,-0.006600516563338349,-0.0323430122609753,-0.1341094036027668,0.0,-0.1413661779170707,-0.08227011435058434,-0.015854237066305232,-6.801177939719238e-07,0.0,0.0,0.0,-0.02196066838445404,0.0,0.041384371738583337,0.0006120885589261382,0.01556771711171795,-0.024100861601038803,-0.02084913310621128,0.0,-0.015547672891158326,-0.00022523135764224156,-0.00763681664768906,-0.024586701009615297,1.1102230246251565e-16,0.0,0.0,0.0,-0.006960505834867181,0.0,-1.1102230246251565e-16,0.0,-0.014448780225899238,0.0,0.0,5.551115123125783e-17,-0.0027300645764807285,0.007799293578300337,1.1102230246251565e-16,0.0,5.551115123125783e-17
-0.04700768761552754,-0.021457665579524055,0.0018251810745743557,-0.0034540345825599394,-0.011326701152602536,-0.00790576979533808,-0.02619176756246644,-0.0013653201083534405,-0.008789312033228303,-0.02987341412124167,0.0,-0.004576589561491928,-0.002744291757510342,-0.016896800485107222,0.0,-0.007672486234096942,0.0008133199921118162,-0.0032407793321387324,-1.1102230246251565e-16,-0.05316827047167516,-0.010774042722685895,-0.037121218404794765,-0.014936575662133023,-0.0292350322767021,-0.001015478222465227,-0.058480795376611105,-0.05791757626255739,-0.006310434592630365,-0.019749806954050653,0.016818258371232797,-0.04272707882057819,-0.013170331142806635,0.008372154050561631,-0.04166391124952756,-0.023858130945993816,-0.005892529603136132,-0.040299658935503635,0.00010385839989818235,-0.0062937675853854125,0.01193454239569991,-0.004457733472404302,0.0010883962298304795,-0.042164381197551615,-0.005352176709459755,0.0,-0.006131908267902442,0.00502340284683106,-0.02083570353012365,0.0,0.0,0.0101671232145355,0.011971310798074841,0.030260262488971346,0.0033838425767127034,-5.551115123125783e-17,0.0,-0.003909264077694707,0.030513073455140094,-3.873154371780707e-06,0.00986521728118861,0.010318705903336778,0.00013538509891092287,0.0027431212023003027,0.0,0.0025858300426441216,-0.014755377441702633,0.003125299831888917,0.00903405539428398,-3.977556782980285e-05,0.01003555738339007,0.0014972909081014674,0.010805179267443343,0.0064815174412464205,0.009898603476515944,0.01668038954043266,-0.002285602025526412
0.021504866050756355,-0.008725896560097257,-0.009754585458652876,0.00032937764360368993,-0.004315011911283251,-0.0027037305343799445,0.007260888027491141,-0.02192508396910231,-0.03896567310847049,-0.0476130115852223,0.00010137387138292597,0.0004715018821106476,-0.004609744663478299,-0.0004914738846167332,-0.007672486234096942,0.0,-0.009018339130757058,0.008960911132807947,-0.00014814251847272697,-0.045450595050083864,-0.0022075232928603916,-0.03338472458599251,-0.004346195765488503,-0.002440229970206098,-0.0019872637675745763,0.005962111320372887,-0.016833339296101646,-0.019292922112204514,-0.02437280411902354,-0.02798663635709897,-0.032146416306381986,0.019413106333503682,-0.0021606588283925587,-0.01745050863128572,0.008349909923798693,-0.005649801458613379,0.00024134158643035475,0.014471746675548236,0.015902238349529696,0.026350316667504925,0.024652123842112794,0.029693321237490133,5.050297785358371e-06,0.0,0.0,0.0054041771313277365,0.024796255787629118,0.0,0.0,0.0,0.008949307871732481,0.009441128805418253,0.013010049127493206,0.0,0.0003943779888411769,0.0,-0.00046182371099245945,0.014951309392673195,0.0,-0.005035795188773229,0.03097156951748259,0.013048985863298002,0.012905286837255225,0.0,0.018124906565983923,0.02672837804466094,0.016337043495859238,0.01004296461722809,0.0023660472562190282,0.025299832336779293,0.017038505955304817,0.017532001803974906,0.026566672994054963,0.027966315296774513,-1.1102230246251565e-16,0.02868442731932358
-0.023789289919780743,0.021377101619612537,0.00015144773875486184,0.004921302646222758,-0.01877821326610135,0.011699784923485279,-0.01286075075251275,-0.022541285826016277,-0.0035886795099535074,-0.004420388559890298,-0.003740064237711782,0.004576110798633182,-0.017625284322577928,-3.174852338766465e-05,0.0008133199921118162,-0.009018339130757058,0.0,-0.011120816468300154,-0.00902476579918915,-0.02837925091765886,-0.036270632416717186,-0.027853454082512108,-0.01721475364803321,-0.0023579251473667684,-0.007706301400459248,0.0001779262094489531,0.00794340681339295,-0.023981094597230634,-0.02309441466729495,-0.029015736758680133,-0.006980823675505787,0.011316986453591638,0.0006592894271936767,-0.006272653851074894,-0.03149914656918751,0.0029639306906113494,1.4004339383866249e-05,0.0036541461320135915,0.018619843688752358,0.005532804668985314,0.022920199418484666,3.757996043646239e-05,-5.551115123125783e-17,0.0,-0.00498810152003315,0.0015633313044661201,0.01892743306447081,0.0,0.0,0.0,0.0,0.0,0.0,0.0,0.01043423509873631,0.0,0.0049241437800152665,-0.014318410019803995,0.0,-5.641618326601705e-05,0.0344222430496971,0.025071078037838923,0.022631472164682642,0.0,1.1102230246251565e-16,0.0,0.025591966424355295,0.0,-0.007912806785856374,0.02428839588404691,0.008718767432447871,0.0,-0.004475168600269919,0.036156408182313915,0.0,0.020768272273179678
0.01297352741776625,-0.009205454969099025,-0.04144900896995052,-1.156602376645166e-05,-0.01111147958141806,0.00175837310868876,-0.0059137759473236184,-0.02855251233835704,-0.013172899811991101,-0.03403187734511037,-0.012383022070645677,-0.0019079008783308704,-0.013459847027430916,0.00010188142764339103,-0.0032407793321387324,0.008960911132807947,-0.011120816468300154,0.0,-0.011504052992223901,-0.004848399175747975,-0.01598686453014392,-0.009289501947201129,-0.01822631697413496,0.004359045312069543,-0.014702429207104462,0.013014186653547144,-0.005307425284399814,-0.024127269558853026,0.0006933851148134829,-0.035632957814688504,-0.024052423297379555,0.0008098912334482122,-0.007579823667872909,-0.016403761981849563,-0.015231300890738597,-0.01485153223272967,2.3340122242143657e-05,-0.00027062407480310524,0.029887768114356505,-0.009142448210622822,0.015484108562168086,0.011803528378997341,0.0,0.0,0.017302032854154714,0.010405249439634723,0.03689223888290377,0.0,0.0,0.0,-0.00793974544813475,9.843278815385714e-05,-0.00039477355287054205,0.0,-0.004206637047791173,0.0,-0.0010515822638191286,-0.005082910197501733,0.0,0.009829982560882966,0.03690035625652649,0.010640580370187336,0.01298002807681603,0.0,0.029855464492642536,0.017223715979231002,0.013699684826309344,0.02745115146254251,-0.024012692336562502,0.019875232619796235,0.015269792083443923,0.03268528851325864,0.010331350998412148,0.015534216833435088,0.0,0.01938337183892086
0.0,-0.022764362927274073,-0.06988971309696118,-0.01881869856943047,-0.04689240486873003,-0.06202377717932611,-0.018010154225209962,-0.03794895307693641,-0.05312067314817681,-0.011484442983824394,-0.042480481360851086,-0.004000794353955284,-0.0068966469327765845,-0.01595484996173674,-1.1102230246251565e-16,-0.00014814251847272697,-0.00902476579918915,-0.011504052992223901,0.0,0.00033229050913030633,-0.012047394480912132,-0.016912579913360426,-0.10867779762928614,-0.002520810251594674,-0.011985383047916964,-0.005191929610227297,-0.03131898089043983,-0.003632932032126668,-0.018696305582428463,-0.005907484984820355,-0.0056059015238770216,-0.011968848605885762,-0.020369412115993912,-0.008945134230388618,-0.01789207404801224,-0.01111952772482927,-0.01217707344253749,-0.011324269779864782,0.02136884706276465,-3.1245091730636165e-05,0.04527233123929664,-0.027947240070528123,-0.04192945221718236,-0.011012392460158615,-0.0005268444297552022,0.0,0.0,0.017199785588533467,-5.551115123125783e-17,0.016403216856561875,-0.026996742592652168,-0.038463293390850695,0.0007648402736306625,-0.039960311905701484,-9.981307129136585e-05,-0.05181134078720567,-0.016658045335992744,-0.025762762050016708,-0.008005668080728445,2.220446049250313e-16,0.0,0.0,0.0,-0.0007309747458955629,2.6199468818377536e-05,0.0,0.00010781701613971073,-0.027436453485847667,0.0,0.0,-5.551115123125783e-17,-0.02210839936146114,-0.01023145560655181,-0.009240354725753408,9.032419501153743e-05,-0.022953294303603933
-0.035082932705376046,-0.011583699078886955,-0.002068431911566748,-0.006869601617640886,-0.010074612221541879,-0.030601530663947163,-0.006576365706431775,-0.010807392219609524,-0.020045250994755348,-0.04863471332944719,-5.164861833606427e-05,0.06683703145330872,0.0011060892019087443,0.010504466053827877,-0.05316827047167516,-0.045450595050083864,-0.02837925091765886,-0.004848399175747975,0.00033229050913030633,0.0,-0.005898260820695722,-0.08688809595957947,0.0042732197028095276,0.016043002074425106,0.013236057895616271,-0.0724208311322726,-0.01805739267658868,-0.03581715741262237,-0.027429639372294312,0.01163860839234665,-0.0612932880772003,-0.03830992325200311,-0.044635468253879707,-0.057938038744347053,-0.038876133451125006,-0.024601201375973214,-0.02238867300375974,0.018027972363168276,-0.01732749557624408,-0.005339198972686365,-0.005142265771730659,-0.01014045217125864,0.024234282604205404,-0.017957183372876384,-0.0001092838418411124,0.002652815517313112,0.0009839362236650495,-0.006621040990710481,0.0,0.0,0.013821091048662526,-0.0006127117479609034,-0.008716248643537872,0.002132468279960942,0.0004438084399837061,1.1102230246251565e-16,-0.009700719017776416,0.004532009525936798,-1.1102230246251565e-16,-0.017102048861171393,0.015009629824873694,-8.033933830697837e-06,0.013389667225340462,0.0,-0.018096013227897112,-0.0078113517772899765,-0.016839442984506736,-0.006187309650912687,0.0,0.015021720691269558,-0.015699084563932486,-0.007012760077365676,-0.002071418110271561,-0.003456933636070303,-0.008574576385471822,-0.014722281787254488
-0.02974022260526832,0.020115939521631987,-0.024784763935717158,0.00016972228686568114,-0.0074826055453504625,-0.018050578976502862,-0.014849195984822039,-0.031845001566821796,0.0016552753810777365,-0.054612274536207706,0.0028686190070963957,-0.033891448308048855,-0.007556315587608775,-0.018700761931214227,-0.010774042722685895,-0.0022075232928603916,-0.036270632416717186,-0.01598686453014392,-0.012047394480912132,-0.005898260820695722,0.0,-0.008062713867081572,-0.012021445086549343,-0.024895599598772022,-0.022359484225116688,-0.01022403484093265,0.0036133822277242267,-0.0007682162932662329,0.02257283048348524,0.017436226504882246,-0.018078881840639827,-0.0020220976106574695,0.002875180943396616,-0.022114478921678116,-0.01060186874616742,0.05711193955752247,-0.008873949511667534,-0.00807924962214246,-0.017158201744491786,0.013810453846101078,-0.01557977779278058,-0.018679519074438822,0.017906722912926165,0.0,0.0,-0.015261941534817913,0.013668275243051753,-0.012910178352831758,0.0,0.0,0.03140638879003327,0.0019981993454701863,-0.009048487225416013,0.011047370968762349,-0.007625119437404959,0.0,-0.00022524966959563963,0.01704497443458236,5.551115123125783e-17,-0.007020963370581057,0.018891493266136372,0.0,-0.00816248829056393,0.0,-0.03174088815606402,-0.02430146006153877,0.004005696514831625,-0.017811029569815617,0.0023633939786322222,0.009967380769076273,0.00043326164892110164,-0.015111245177964083,-0.023045571405176712,-0.01807393902786608,-0.009671428424951334,-0.004550728072868437
-0.0004586568044041561,-0.027052287166130617,-0.0026137594698731337,-0.016802526041102106,-0.0007536425193281904,-0.028712909517767782,0.0005875172024003006,-0.0658493751569138,-0.018547127730619395,-0.024981187787060655,0.0028400653559094713,0.04527952537469537,0.003257990675315625,0.009876191571306425,-0.037121218404794765,-0.03338472458599251,-0.027853454082512108,-0.009289501947201129,-0.016912579913360426,-0.08688809595957947,-0.008062713867081572,0.0,0.0008483682415618143,0.08651464680468823,0.0006990240891441291,-0.012623385874563131,-0.030028779400168848,-0.09164238099702388,-0.0386083300310715,-0.037793805009206094,-0.0415798800328242,-0.01643466854906339,-0.020197943604981117,-0.03720678156012175,-0.02695678374803462,-0.015104909614021833,-0.020828836824719033,0.014230746881414846,-0.016481623952569358,-0.009357456214531046,0.005400285439553731,-0.018558007679267796,0.09730129782691171,-0.006570525094850399,5.872805079598642e-05,0.0010815559598834068,0.02022307997064615,-0.012849603887274297,2.129800103833901e-06,-4.600028719919935e-05,0.011152844047163546,-0.009034870450369215,0.02669910946056786,0.005236907805600821,-0.006551337074714225,0.0,-0.008515201882507595,0.0029720575583198072,0.0,-0.009231190666040667,0.026794961534256645,0.0034870645328077265,0.02834309341351282,0.0,-0.01995045838405185,-0.011512324557796327,0.004204376078044525,-0.013043568485893331,-0.01748361331919368,0.02632105557966008,0.01572407883502258,-0.005070162769411801,0.008768639843324766,-0.008750721128969907,0.025894673505018284,0.009885019171370801
-0.03443517195208157,-0.012785925857150604,-0.03242584692394196,-0.00015952453428380586,-0.006783575383380813,-0.027258317927931652,-0.0036576982186045104,-0.009968751140903731,-0.013982455026583684,-0.027148782382536818,-0.09906947163923158,-0.032360074621584745,-0.005381708826001641,-0.024075746117202035,-0.014936575662133023,-0.004346195765488503,-0.01721475364803321,-0.01822631697413496,-0.10867779762928614,0.0042732197028095276,-0.012021445086549343,0.0008483682415618143,0.0,-0.031521792790609904,-0.01807276942728364,-0.025398225209715963,-0.060893734609608396,-0.004361685430358586,0.005009021827045379,0.0007060822060784289,-0.015214537587979915,-0.003655244625274001,0.004108332054987285,-0.015952622208000478,-0.007735305682638194,0.000921726491866004,-0.009795906502124752,-0.017256742250411572,0.004780732508105845,0.007313875256603097,0.003901024197117242,0.011921085411582988,0.02459702079745163,0.009802152251044804,-0.008668101472352419,-0.002041957641388703,0.004437303962378181,-0.20361098039211495,0.006669270962249063,-0.0088922149149685,0.003458563009235416,-0.014933222150780634,-0.03225046000674908,-0.04124981735631972,0.010091232712760856,-0.058256858371497744,-0.006676202602091841,0.004951946366489213,-0.01792460510868782,-0.0017925921867253392,0.008200191188437511,1.9543432544733008e-05,-0.0051458657003525254,-0.2050908311158528,-0.0009025858976888235,0.012710572248975482,-0.0006152295340989822,-0.023287232738347596,7.531649791853168e-05,0.00765410655884341,-0.021323779061533932,-0.009961264630735545,8.037477134958948e-06,0.011364178893583099,0.004376505978809675,0.001825703443386395
-0.023397733110635033,-0.012419498786580607,-0.00958647730029899,0.006886693480498196,-0.0016151252655365322,-0.025889719785124443,-0.0015551660961368174,-0.02471688261437771,-0.008700720959066377,-0.0033923092927735654,-0.00982227958817411,-0.032391108596489304,-0.006896202648080607,-0.03582846414391094,-0.0292350322767021,-0.002440229970206098,-0.0023579251473667684,0.004359045312069543,-0.002520810251594674,0.016043002074425106,-0.024895599598772022,0.08651464680468823,-0.031521792790609904,0.0,-0.013283914699669552,-0.009748526647527012,-0.0057527900811861765,0.0029663389818599395,-0.0036951628856407015,-0.00965899036131218,9.763995777506418e-05,0.0848759826336749,0.06310523532362039,0.02814294911940457,0.08589587291961276,-0.09174459976485139,-0.015360863372482214,0.043590955439653245,0.023548938416821596,0.009532494299173189,-0.030638326804404703,0.02366470742194049,-0.001008551632895427,-0.0053334561394075,-0.014851020793363867,-0.03202283942273687,0.0006980377399284365,0.0,-5.551115123125783e-17,-7.719297815145243e-05,-0.004434054290399669,-6.614682551731033e-05,-1.6653345369377348e-16,0.00013751267732636796,-0.008609344350108683,0.00010116192610898356,-0.009832284539031122,-0.00028752648988905616,0.0,-0.0003122784619394303,0.013613751417439701,0.01781468294995181,0.006803296999320085,9.406935548794682e-06,-8.791981725525533e-05,-0.02328941858974093,-0.01909597866440249,-0.00023377475407115877,-0.04425058768849316,0.0049481849955004265,-0.023703725739780745,-0.0035586769845533106,-0.03355866833720267,0.004427102035932606,0.0,0.015142606597989383
-0.011312740042095704,-0.01767625044017035,-0.025419788470180726,0.0004600471925298444,-0.015657454651771152,-0.002673424476375863,0.005321353992123801,-0.025263057645358467,-0.022325560901053143,-0.02460468672092503,-0.007092798855871552,0.0014811791750030667,0.005877339205883292,-0.004169114152621722,-0.001015478222465227,-0.0019872637675745763,-0.007706301400459248,-0.014702429207104462,-0.011985383047916964,0.013236057895616271,-0.022359484225116688,0.0006990240891441291,-0.01807276942728364,-0.013283914699669552,0.0,-0.018447387546113303,-0.003268655353472094,-0.0064133940936156875,0.03146345734192596,-0.008205060131809827,-0.01832608948601988,0.010051122296230064,0.004233401972651596,-0.001512498162498599,-0.008166447199473792,0.007029823286629433,-0.02049046335806093,0.019099487534257942,0.02065964605656062,0.008810915416782805,0.01604091398903129,0.011209562711072318,-0.0008067004531595034,-5.551115123125783e-17,0.040103487146025074,-0.018166320592176488,0.039099096691648294,5.551115123125783e-17,0.0,2.220446049250313e-16,0.00642936212307077,0.00823499652428511,0.013530196929890326,0.0004521500538827161,0.01616426763458284,-0.0002508297779602042,0.0089987331108069,0.005195875175428077,0.0,0.029945935042332117,0.03545405085227554,0.02908170931425419,0.021885726914894932,0.0,0.04429224200489312,0.0005681652777989599,0.049707304358645676,0.01523572518494265,-0.02052564199606599,0.023861523819373898,0.010674663499694426,0.02742051721508415,0.011640057581622787,0.01566149838943276,0.0,0.023323889282082177
0.014463319158899424,-0.018459393900366328,-0.012706136501447973,-0.0061566338137363785,-0.01145593018566371,-0.03374316795232052,-0.0027667918249630885,-0.022079257120432016,0.0376727914844715,-0.013898044565407552,-0.009642618614078224,-0.025538068497849564,-0.013964238504769966,-0.004768573228509432,-0.058480795376611105,0.005962111320372887,0.0001779262094489531,0.013014186653547144,-0.005191929610227297,-0.0724208311322726,-0.01022403484093265,-0.012623385874563131,-0.025398225209715963,-0.009748526647527012,-0.018447387546113303,0.0,-0.025892100435347287,-0.017709952197832612,-0.006715336423471829,-0.026807537556900796,-0.010969953210707373,0.014805664179099565,0.007722432041106508,-0.005128870130392593,0.0015530692285328218,0.04591145845406569,0.008075134704512654,-0.010928812679613265,-0.0005097690161895985,0.002998939811332091,0.013341864247288782,-0.023697192987239768,0.019816377693663623,0.011664891842348535,-0.009312572722064039,-0.006258526543357346,0.023061293676363726,0.0035586477944418715,0.0,-3.926861517294933e-05,0.0033862486875355646,0.009972285162494876,-0.042555420788476406,0.013061759601353418,-0.010599326438754164,0.0,-0.0210729130020893,0.019676641888696556,0.0,-0.002774700666186236,0.031712868897478985,0.011958788611562632,0.014706719935230872,0.0,-0.004357424692542022,-0.03146396192385453,0.011516281577172105,-0.003968645503470869,-0.03932190734782598,0.018813176424043676,0.009139409700869294,-0.00035623228480929914,0.0006586641189763043,0.003326202828672742,-0.0003569508497747731,0.01961765477651678
