0.0,0.003011647232465109,-0.0011551026440592138,0.0,0.014742739386803316,-0.004815355949996103,-0.001747296005862875,0.0050663730537309215,-0.004011645505322625,-0.03416248104916181,-0.006986009245473046,-0.0324761333247352,-0.0041018696550922384,-0.015790459512510346,-0.007555448125522668,-0.016924980758741714,-0.0015528659258170485,-0.010982841044796188,0.0,-0.0010298976958730832,-0.020496455837254623,0.00817172295135632,-0.0061070527188314405,-0.0356057447209609,0.009303669916734925,-0.014854211970191489,-0.02411706744454517,-0.02631185082328369,0.003531250652192952,-0.046574073183880405,-0.011014387715114704,-0.028870679781983877,-0.004848981403385355,-0.01747448850224831,-0.018619969981212514,0.0048597496086720815,0.0006362519347566931,-0.03772630173515401,-0.024032257694298453,-0.00014092340974769524,-0.010555531099986804,-0.027027120531315507,2.932192159188496e-05,0.0,-0.008892249557474974,-0.04969620337727959,-0.02036093635330244,0.0,0.0,0.0,0.010943692319874077,1.1102230246251565e-16,-0.010840835712946917,0.0,-0.04362942056834207,0.0,-0.023194860803321837,0.010431277629958935,0.0,-0.08109529073235694,-0.0017631411152175258,0.005744173332403235,-0.006048495899361184,0.0,-0.0005908290635890934,-0.04024491486544696,-0.011300365394212697,-0.007085638387897275,-0.05001125638954196,-0.003999107566544147,-0.011689557351886204,0.003064302968602217,-0.0002794334008399679,0.011647588310189416,0.0,-0.011418247294382344
0.003011647232465109,0.0,-0.009468409742651451,-5.845571752133294e-05,0.009142737112361576,0.00019321519064113835,0.022705153006927825,0.003343310205887684,0.005394312027642956,-0.0068025646970760745,0.008024296896463778,0.007944778909190764,0.02389711884779433,-0.0069889689647055775,-0.00975100917951982,-0.016218827372874667,-0.0009825651602644037,-0.012771472040305265,0.01455636160346252,-0.01734264075072922,0.004241834785929599,-0.004276803049367561,0.001673621732962205,0.005922270008051678,0.001872304436006056,-0.014841201340552501,-0.02502327870403226,0.02601378769561924,0.0015029395064850015,-0.00646409082322863,-0.0023479841877029894,-0.0304827105507271,-0.0041848193834212455,-0.005652708983772015,-0.015578204372651172,0.008516071654020185,0.053882824580981314,0.0,-0.022989481266352696,-0.0003653694445161504,-0.005405820875655276,-0.004624661205880509,0.06252578457034463,0.0,2.220446049250313e-16,-0.017101880169809014,-0.02026803036694297,5.247745379272084e-05,0.0,0.0,0.002014133085473435,0.002595704080297301,0.014388596670212639,-0.00021527485032862836,0.012866850556673859,0.0,0.011495820097612741,0.008489548330037733,0.0,-0.019000010172173953,-0.003783356796507653,0.00043339545171505733,0.0023356105335336497,0.0,-0.001884082594794112,-0.021084851948502403,-0.011965030771201812,-0.007186704950318035,-0.009590568939360333,0.00012113042355671455,-0.011942994893928693,-0.005647429610735277,0.02091555832680453,0.0012395491868809616,-1.1102230246251565e-16,-0.009446103333130451
-0.0011551026440592138,-0.009468409742651451,0.0,-0.003959370048396471,-0.02451496278063775,0.0035621424490181464,-0.0160966574368564,0.003775758933382556,-0.003911203971800059,0.001256196625689987,-0.0382838163348313,-7.909293069868761e-05,0.0073507127957402885,-0.004713330424038542,0.008855564517058212,-0.01001280485133027,0.011055162855946876,-0.018507182973117542,-0.028389247695970232,-0.011313705569230115,-0.014751862645755731,-0.0038760077985868224,-0.01565312318982831,0.0031042415491560615,-0.003179826659680751,-0.029019729057656707,0.008666810520812585,0.008808584496339478,-0.011033443337013171,-0.013175623242064949,0.007644694267672392,0.00468118777869847,-0.0036562844509379078,0.009423011009266347,0.03049158746257674,-0.00940133236238766,0.024023891707456224,0.004571506323599095,0.04843934590649962,-6.005257401353603e-07,-0.04064892723866931,-0.014387007438900534,0.020292366735080336,-0.01952133832195091,0.0,0.0,-0.0001169173491566422,-0.15132636071905203,6.585781965662285e-06,-0.07765847282064636,0.01749253867096512,-0.039182667710130126,0.005949255964625033,-0.057563415702291676,-0.000358481419622636,-0.1598212605497027,0.002877665164222165,-0.04478734327054146,-0.04463181959453871,-0.00019914592376957252,0.0,0.0,0.0,-0.1618044251008106,0.009109038565167815,0.005350246444070228,-0.00030052523011342425,0.0036077603087203425,0.0,7.455908917830545e-05,0.02292662821660596,0.012497673551301824,-0.02577910026685598,-0.001681656948039123,0.007086489658833628,-0.03498227295170919
0.0,-5.845571752133294e-05,-0.003959370048396471,0.0,-0.014792086539553023,0.01751064833227811,-0.02371637605409327,-0.02625672644098631,0.02199814854033555,-0.022600427727969247,0.000927399914466942,0.04523722915815864,0.02204694404264229,-0.017976441431614254,-0.018631924086643048,-0.020260795762187922,0.0065588243561994775,2.9989603028912626e-05,0.006352058635850533,0.005088412604353998,0.000915499306759493,0.016700318887406085,-0.01346413767154575,0.005385853670318241,0.00034920916733138796,0.002589744842494357,0.003423859016554953,0.01176450169575799,0.018697206543907663,0.05988632512069164,0.025769148490408178,0.016571446431054848,0.04368655526132664,0.12032963256578016,0.1005383511526472,0.02446147454004796,0.006504347342632444,0.0017311069882745,0.055959054668557995,-0.000613899768924675,-0.006815020700335628,-0.023761181408010534,-0.022083731890664926,-0.0008881269876681586,0.0,0.0,0.0,-0.0009583888402288632,0.0,0.0,0.008898227856250551,2.220446049250313e-16,-6.863519993799416e-05,0.0001317797481009686,5.551115123125783e-17,0.007164323600933553,0.0014772865330437424,-0.000415474422479134,0.0,0.0,0.0,0.0,0.0,0.0,0.0,0.0,-6.051560316200355e-05,0.0036975776613340505,0.0,0.0,0.0,-0.001209449613382707,0.0019090967299018047,0.0026348741890189764,0.0,0.0
0.014742739386803316,0.009142737112361576,-0.02451496278063775,-0.014792086539553023,0.0,-0.01566507678844492,-0.0018234595260749331,0.002601997133761136,-0.026363735275363342,0.010227114902435774,-0.03994330986866612,0.03750861517185444,-0.0163793222558673,-0.011505633757705469,-0.006123680239038032,0.005970570454313651,-0.03302002760760009,-0.006416297343048549,-0.031957743596597143,-0.007307325838636081,-0.010348728171397814,0.01440702137596478,-0.03482469650850467,-0.04984375922486012,-0.0013909154170806404,-0.0153412102236265,-0.032568283243588125,0.04158512348632115,0.029980940870088124,-0.015343416361185025,0.008598460976222244,0.04020181951726298,0.0007668930484277525,-0.004674510937356879,0.04584219071830192,0.00460775270038194,0.01859636580915469,0.039661911322246945,0.06896926872324477,-0.006538163351030302,-0.01926982910420355,-0.0162812294411937,0.027017869814536744,0.0064770185236014965,-0.0001939984812214801,1.1102230246251565e-16,-0.004698054184128164,0.012242614895826787,0.0,0.012037356144184774,0.017860004114892303,0.007012354405524945,0.017891148044846816,0.015521651501025358,5.551115123125783e-17,-0.011872665535916427,0.0024477891279560127,0.0075683144845418715,0.004858847597184857,-0.0006067849669738057,-2.3456900702267802e-05,0.0,-5.551115123125783e-17,0.03460128363756254,0.006298786787950761,0.00019578530818181727,0.009693234870532641,0.013307964870828859,0.0,-1.9253580290756744e-05,0.0014953857864122844,0.022670503141986154,0.002295546163686102,-0.012334087232382551,1.1102230246251565e-16,-0.01568773590649203
-0.004815355949996103,0.00019321519064113835,0.0035621424490181464,0.01751064833227811,-0.01566507678844492,0.0,0.00043370519281660247,-0.0004973884848067933,-0.01099109353229949,0.002796384793638973,0.01321363352535665,0.008338501302314505,0.0009413967174490834,0.012843813652204938,-0.01677118264016192,-0.009383213685327685,0.0065598520010493044,-0.001203135354578111,0.005672775159361043,-0.02583119508976195,-0.0020549012496376973,-0.023374457425618,-0.01556052142373765,-0.010773888113182417,-0.0014783929208506685,-0.00681643456684472,-0.018038841169519537,0.014381218851821587,-0.0243674758631241,0.00820609874514222,0.012692722912338084,0.0038755231738167306,-0.0045175039874550404,-0.018536218350769962,0.006172235825713579,0.016329003033540956,0.035957894374646804,0.02344354598394055,0.01834981639035327,-0.0031722547524807854,-0.03862022610177668,-0.044327451277722696,0.02345279956340035,0.014226421137407907,-0.002241107760307559,0.0037552826509702486,-0.006408871703328545,0.006925543625834307,-0.004775649571252594,-0.0020612781374884648,0.02209275593836546,0.009327385299956692,0.03094826798474115,0.003711233642746392,-0.0526091657058847,0.018141367622854065,0.02065276475953698,0.008579990534462234,0.010105075559692922,-0.012018434265694045,0.0018256911523897301,0.0,-0.006546514973938433,0.0001909260054814288,-0.01718664694902161,-0.026665416157259703,-0.0080229827260353,0.014628625409145002,-5.088308881273651e-05,-0.012374082178558177,0.00027568222140139653,0.02001106599047109,0.01203978639448633,0.004201847544662518,6.025517562568972e-06,0.005116753783576011
-0.001747296005862875,0.022705153006927825,-0.0160966574368564,-0.02371637605409327,-0.0018234595260749331,0.00043370519281660247,0.0,-0.013082494448410531,0.0059720974554717254,-0.0015362396618558427,-0.01913492170221226,0.011782568786339154,-0.0012354387407505496,-0.006452010655431162,0.004228410662131754,0.009883296756547144,-0.006015995082795211,0.007608521659648815,-0.006123303685461268,0.02740265646233142,-0.0001915207301430022,0.01823748987684154,-0.010779834720789139,-1.745603100361537e-05,0.014130849679312107,0.0010849989118932868,-0.0023169574262376647,0.004802749514270344,0.021646815190120627,-0.015682545807963688,0.004394359034791018,0.009891868422075456,0.025613818303043046,0.015399904857471336,0.022479569795449406,-0.01363733896411895,0.012043807196839729,0.020501681271642758,0.02915938604021756,-0.011947404688690155,-0.043637076626862725,-0.06101194881506655,0.03263057653749635,-0.07073307444978572,-0.016357438082967912,0.0,-0.0033746075655109453,-0.004361221738873877,0.0,0.03877534795307469,0.008269958388266052,0.006003773028038117,-0.0011456745792895462,0.000840353091997259,0.00590368556198928,-0.023190569896480773,0.009376800245453565,-0.00837401948486427,-0.008981926593616352,-0.017612713863029872,-0.0026433316150067387,0.0,-4.162770394600113e-05,0.012862344155859184,-0.012662263581898425,0.014768737662352482,-0.0023760265362332555,0.0074134995396052394,-9.251722780267979e-05,-0.010949728869120157,0.0020507093656884634,0.011145678278601467,0.01774034518164347,0.014026472559952485,0.005299686335256237,-0.006796073213561571
0.0050663730537309215,0.003343310205887684,0.003775758933382556,-0.02625672644098631,0.002601997133761136,-0.0004973884848067933,-0.013082494448410531,0.0,0.02148526306208315,-0.01874539313521406,-0.01792635616059146,0.0156494125709985,-0.003316400231122396,-0.01716006731132813,-0.04022435796232504,-0.003156947868678206,-0.009004534027249322,0.01706970418894166,-0.010777395118225286,-0.03317331028522197,0.005116170023062083,-0.025345847403831223,-0.025265790131232757,0.0017552480263520742,0.029363956929168766,0.013086323774773145,-0.022637169629335263,-0.017177487812872316,-0.008363011663665043,-0.042685683192527024,-0.020698728928686294,-0.00042873960672090705,-0.08769289845313721,-0.024348953239152815,0.01237685639606717,-0.0027509320328157894,0.041465841698290484,0.04534841543414825,0.012085340454902782,-0.0006166342819077797,0.019233200357284375,0.011416199787339876,0.045108584645608574,-0.01862241551229571,0.0,-0.006954399263577993,0.0017106770191588905,0.007242071703732922,0.0,0.056695135779925576,0.01507506089609939,0.005993785139590535,0.015037837676192545,-0.012742583736992996,0.00012048301100048286,0.049192563184578486,0.00020991721646290706,0.012632463006026662,0.00053066816137598,0.01812434922155942,-0.001635132683943108,0.0,-4.2780962808408596e-05,0.005684398741136354,0.009966828045966047,0.026450206141260313,0.002405197744956955,0.012632126787559594,-5.551115123125783e-17,0.004929976330179775,-0.015103101644002748,0.01292320681633341,0.01810537310460336,0.02823532502081466,-0.01985188335880833,0.007194472127141804
-0.004011645505322625,0.005394312027642956,-0.003911203971800059,0.02199814854033555,-0.026363735275363342,-0.01099109353229949,0.0059720974554717254,0.02148526306208315,0.0,0.01996294045339303,-0.02025448094524146,0.027605929102818394,-0.004843099956395092,0.037043234557879334,-0.003125078907946499,0.039530025853168005,0.00110233860598552,0.029761111304824228,-0.0031731830139565265,-0.008074782839488204,-0.005819044398723938,0.021117491537268496,-0.02342809889779346,0.009806222597671499,0.02770341006172039,0.007014712417333369,-0.008519541613163262,0.023839252535008792,0.07096811688871213,0.0077861471447289166,0.029773001538548838,0.00964441014656442,0.012544198879498647,0.020106700497599383,0.02893809076323428,0.024956845131435035,0.03118107820366517,0.02757633570664314,0.05030168737717383,0.02359526577670451,-0.04392312105911661,-0.012901099486078704,0.023279884109606186,-0.030512620935036427,0.022867423843719925,-5.551115123125783e-17,0.013287454785103958,-0.0035441798519803003,-3.1638405362799382e-06,0.030644900387710394,0.02029897379724388,0.013665475975101704,0.014805388511894946,-0.006044716508055381,-0.014171774196946041,0.023193113177990554,-0.00320741664341756,0.016605689782117405,0.0025020699014230985,-0.0014247434099463607,0.0017732747523397374,0.0,0.0,0.00037594904170445975,0.009725334375850658,-0.003059449133773595,-0.00663971831165483,0.007325163048457317,-3.893840690405437e-05,-0.01155765042648138,-0.006387402441465961,0.01714665933494819,0.013845835091279013,0.014541518277752852,0.011482816702239718,0.013442029306652947
-0.03416248104916181,-0.0068025646970760745,0.001256196625689987,-0.022600427727969247,0.010227114902435774,0.002796384793638973,-0.0015362396618558427,-0.01874539313521406,0.01996294045339303,0.0,0.008997902250726109,-0.024779448052992037,-0.00246773401179734,-0.19925921483796002,0.031206465091445312,-0.0036173607959076315,-0.019859145179549675,-0.015508988577562277,0.014173729528236478,-0.01923135273077048,-0.03942374126998044,-0.00029045922781795186,-0.0083956096874796,-0.03078579991403224,-0.00655175287382509,-0.00525619874472133,-0.004559018742630538,0.012961986895440814,-0.01092421525078513,-0.011938107329770853,0.0004939950036556562,-0.014495764181286508,-0.01974179875695664,-0.026011770898227593,-0.04760857066216351,-0.024179469202531834,0.045535539870343755,-0.02994397883620714,0.02929313934059058,0.0019719945645843007,-0.021234419566171614,-0.036109850636680096,-0.04963480798919828,-0.012457829777449636,-0.04214625069822325,-0.04430729708527026,0.003960881384262427,-0.0003456763528623119,-1.7964724855767944e-05,0.0004907070816086434,-0.012840435153362473,-0.01874813262605529,0.003622518421099896,-0.012484098854608605,-0.013604312542385533,-0.005230664672592256,-0.0325121524815713,-0.014489937172291412,0.0,0.00017032519244392086,0.0015032135380872447,0.017982678754235648,0.008707917338207971,-0.0033415412004358935,-9.59429402346279e-05,0.0021349704412522708,0.0038619389469264354,0.0032320964314265788,-0.013942693033891396,0.020812773912932736,0.002951222413427823,-0.013931317778569041,-0.01867042925629825,0.006435784292200208,-5.551115123125783e-17,-0.022597097386939546
-0.006986009245473046,0.008024296896463778,-0.0382838163348313,0.000927399914466942,-0.03994330986866612,0.01321363352535665,-0.01913492170221226,-0.01792635616059146,-0.02025448094524146,0.008997902250726109,0.0,0.005659812055529345,0.0001859791659835075,-0.013100487934499472,0.0,6.919445733605256e-05,-0.002039043150086961,0.004389413222283256,-0.03785684231840228,-4.7184299840574706e-05,0.007497382362402272,0.003929594075525011,-0.032834244926313205,0.008113241043539554,0.00846268148617868,0.0033355346403914354,-0.022172742864910278,0.012017960180054243,0.004558121781013669,-0.00016114306203540707,0.01559194946194209,0.0007067814226374702,0.02540973424391052,0.006447299582227339,0.0006650284672029549,0.012479333824107375,0.03945749001232157,0.023406893082980884,0.011232296824375543,0.017426867006640145,-0.0037913419000231707,-0.002635455028732192,-0.02373485546617171,0.006460765968551441,0.007491333174969306,0.0,1.1102230246251565e-16,-0.16548494095670951,-6.126391240424134e-07,0.030326576482079537,-0.0012745779863235218,0.020207369572833533,-0.01723879208721718,-0.062258520779839455,-0.0190306679182482,-0.0728287980193279,0.0034067269663710653,-0.031070333304226816,-0.0036171368173004703,5.551115123125783e-17,0.0,0.0,0.0,-0.13810489688237396,0.007448301323008444,0.0,-8.390995205936891e-05,-0.016410652704361983,5.551115123125783e-17,0.0,-8.680788325027278e-05,-0.037708919586409706,-0.018538281933686895,-0.01347341975152705,0.0,-0.011384277433316603
-0.0324761333247352,0.007944778909190764,-7.909293069868761e-05,0.04523722915815864,0.03750861517185444,0.008338501302314505,0.011782568786339154,0.0156494125709985,0.027605929102818394,-0.024779448052992037,0.005659812055529345,0.0,0.0004569012325483235,-0.016300944304801335,0.039616382838728315,-0.0020493176371821353,-0.020980000878567107,-0.009683296319636048,0.011306920435979917,-0.010438325108944824,-0.020998919878661926,0.004794241300042967,-0.0045578723892101825,-0.013497090302841075,-0.002082484924957051,-0.01353380976054841,0.009641791709662173,0.021750857667106605,0.024464444486378634,-0.012642472559694806,-0.010883653874588117,-0.03193031790036521,-0.015302871399151152,-0.019087582661884095,-0.0026316989116403344,0.03610947416707122,0.0416960300366806,-0.030217732221089477,0.11915324797899873,0.01642179969065094,-0.0068019013337040635,-0.005219423140752799,-0.011408224555687851,-0.01662649531456145,-0.018259815813100155,-0.03596589961930635,0.006871797792734391,-0.0056149382549388616,-0.010276812399977825,-0.011171927789771385,0.0067767909186129405,0.040969546646516364,0.0002594605738902578,-0.006545494904312943,-0.013022510835820178,-0.003721279758932161,-0.02156677612785679,-0.00020316308914131165,3.8707883983579716e-05,5.093677810097397e-05,-0.005375345077295035,0.006172346561958586,0.009485183421033716,-0.012265470580166582,0.002836431105698034,0.010598979549959808,0.001100179967228887,0.013648093601482891,-0.02621572919831966,0.003681352861517939,-0.003304295911135402,-0.024066472861056565,-0.010564380549987762,0.0017660196131021877,0.0,-0.0150476547337684
-0.0041018696550922384,0.02389711884779433,0.0073507127957402885,0.02204694404264229,-0.0163793222558673,0.0009413967174490834,-0.0012354387407505496,-0.003316400231122396,-0.004843099956395092,-0.00246773401179734,0.0001859791659835075,0.0004569012325483235,0.0,0.0004397791188016642,0.0007008067902997128,0.012303366641928548,0.0011634758875550544,0.011274188489576953,0.009818287024554118,0.023414927867998037,0.002011520981141879,0.016009072936163438,-0.006167274185913452,-0.0018771860972739973,0.016590267551850335,0.0022124181712162017,0.007616430624979631,0.012343689078734565,0.018852066022992442,-7.187350708426354e-06,0.007613810945947486,0.008703925105405075,0.023108702644436263,0.016093430763636896,0.03171815799941269,0.012828843082230923,0.03822305844977414,0.023759155444236346,-0.03185414663431352,0.04057866255631176,-0.027601687516973006,-0.027193456379288827,0.052235762768859384,-0.044702834617145915,-0.010038242891248772,0.0019698305648870873,0.004396370973621666,-0.00753714002284378,0.0,0.035889029622817925,0.012393852579008213,-0.02907736694801255,-0.0016366370534299235,-0.0006651814148894708,-0.02460426092764323,-0.006571620879258333,-0.025799955224901805,-0.03521893654526137,0.0018937964242702887,-0.012994359859468396,0.00726278451553003,-0.005235458842945184,-0.011072243321314124,0.013290042323828577,-0.02347229994703598,-0.02173633526059987,-0.002691668865185348,0.0060988811586148994,0.000297908491521226,0.004824852583919126,0.008181473369214376,0.013712243459449103,-0.0438408545115736,0.003720353772490692,-0.0016244822852720109,0.015699541949344864
-0.015790459512510346,-0.0069889689647055775,-0.004713330424038542,-0.017976441431614254,-0.011505633757705469,0.012843813652204938,-0.006452010655431162,-0.01716006731132813,0.037043234557879334,-0.19925921483796002,-0.013100487934499472,-0.016300944304801335,0.0004397791188016642,0.0,-0.012796930841911969,-0.0006389862486275155,8.232091100435213e-05,8.065242265437034e-05,-0.031732285306946106,0.009662561159643923,-0.005870416139356127,-0.0077242942064594255,-0.01804836233400603,0.0006877431453893856,-0.004007302226797904,0.02529487191649793,-0.003403330567639584,-0.02071187126331936,-0.028713357979107457,-0.004601051328757655,0.01991947635562069,0.028479507823699513,0.00950879472441074,0.0023463687136324185,0.017150015822907816,0.01960160012243875,3.311188510243812e-05,-0.016042406082294347,-0.020047404835223603,0.0,0.003354389134558544,0.00042877430741072864,0.029522148535166604,1.7634809565403309e-06,0.0,0.0,0.0,-0.00032346445885628183,0.0,0.02259999898165238,-0.002608322426768339,0.017170716552111942,-0.008642565537604951,0.006137277838274446,0.0,0.07764377175253684,-0.00015888566321259345,-0.005192209997399444,-0.00946512297322688,1.1102230246251565e-16,0.0,0.0,0.0,-0.01977561276395784,0.0,-1.1102230246251565e-16,0.0,0.01365781741679667,0.0,0.0,5.551115123125783e-17,0.0005332726454214676,0.009465643262595747,1.1102230246251565e-16,0.0,5.551115123125783e-17
-0.007555448125522668,-0.00975100917951982,0.008855564517058212,-0.018631924086643048,-0.006123680239038032,-0.01677118264016192,0.004228410662131754,-0.04022435796232504,-0.003125078907946499,0.031206465091445312,0.0,0.039616382838728315,0.0007008067902997128,-0.012796930841911969,0.0,-0.012437304529833992,-0.006020090956446622,-0.007867952632822472,-1.1102230246251565e-16,-0.029238768462052367,-0.027576012446033582,-0.02033958569792438,-0.05487540936087937,-0.016668275487984996,0.0023004027753416034,-0.03809476284396762,-0.03615064640476323,-0.006991955843135056,-0.009386113114606187,0.030815899120379797,-0.005249151687203635,-0.024575278910342502,-0.02044171815863588,-0.00692361048583906,-9.630578887231955e-05,-0.0049083163376761885,-0.005853821271349258,0.00012331078655380967,-0.005698068176106852,-0.009699683926316316,0.008971360501447978,-0.0016084334953114787,0.03772315798599474,-0.004939224794896002,0.0,0.014608554172426902,-0.030984099358725203,-0.0057918000329293395,0.0,0.0,0.005655888207556803,0.02412088104916521,-0.001196823183208351,0.00417232176454263,-5.551115123125783e-17,0.0,-0.003821120525093591,0.014434112784585118,1.0042722064840248e-05,0.015753144523975582,0.002328704285540495,0.02185982848658735,0.0035800406223271963,0.0,0.011926394222583458,-0.024137642294891404,-0.0019236717891608635,0.0008806547492389294,3.608716489778008e-05,0.02183640580953594,-0.012140982692105451,-0.0017423629081427805,0.0033445637465684963,0.006772405836805273,-0.014672603641740944,0.009423753094388976
-0.016924980758741714,-0.016218827372874667,-0.01001280485133027,-0.020260795762187922,0.005970570454313651,-0.009383213685327685,0.009883296756547144,-0.003156947868678206,0.039530025853168005,-0.0036173607959076315,6.919445733605256e-05,-0.0020493176371821353,0.012303366641928548,-0.0006389862486275155,-0.012437304529833992,0.0,-0.004932829503753122,0.0004000895247530667,-0.00017172753133315455,-0.009125178905658948,-0.0006890399770673183,-0.01669766785213378,-0.010627788695542373,-0.0018472645890327266,-0.004072011327981739,-0.017903201372972688,-0.018644253128680677,0.011226024297197656,0.003064185416902898,0.004449654474661446,0.00048073709314788715,-0.03484880353134118,-0.018246323466775016,-0.008382027358648625,-0.006533235827530293,0.00521259208734226,0.008778629749710498,0.009503875515421256,-0.016882268046373383,0.0034832608235348395,-0.004899798245130704,0.00020290307993570122,-1.3094943328739728e-05,0.0,0.0,-0.02137643799188116,-0.008820741465444204,0.0,0.0,0.0,0.011059925042442187,0.011582393482051312,0.015021808419621197,0.0,-0.002378567225885253,0.0,-0.02404457095834245,0.01830056694937421,0.0,-0.010481421903796972,0.0012386574853766597,0.01947708654143604,0.005374280462859371,0.0,0.002382247216267175,-0.021297644094198653,0.00024055415578255746,-0.0025736946269749317,-0.0008699299798690108,0.003829273951672041,-0.00741691539815581,-0.011108179138956675,0.030778581309793107,0.02248883493078102,-1.1102230246251565e-16,-0.010265635261561268
-0.0015528659258170485,-0.0009825651602644037,0.011055162855946876,0.0065588243561994775,-0.03302002760760009,0.0065598520010493044,-0.006015995082795211,-0.009004534027249322,0.00110233860598552,-0.019859145179549675,-0.002039043150086961,-0.020980000878567107,0.0011634758875550544,8.232091100435213e-05,-0.006020090956446622,-0.004932829503753122,0.0,0.0005882975386710121,0.017600471071476276,-0.009169761756377348,-0.01365230957304775,-0.005326994002895935,0.007152743556730623,-0.029456842382533155,0.00494499592048897,0.00022904363573522657,-0.004274434571214236,0.005373074326959382,-0.006616719401377702,0.003889623741510806,-0.013046520793547733,-0.04402450064124752,-0.008474661694654106,-0.02951504906202468,-0.012774346316128227,-0.013938752037541247,-3.6311924243304095e-05,-0.021807027190826334,0.015066206592924292,-5.779665002408896e-05,-0.03877997967784619,0.004403140990402954,-5.551115123125783e-17,0.0,-0.055516666221429034,-0.02166907254755518,0.0020004725043988314,0.0,0.0,0.0,0.0,0.0,0.0,0.0,-0.008793079900367817,0.0,-0.025952845582261186,-0.03527799919526753,0.0,0.0001462818142793365,0.008449034432307045,0.004627592157272653,0.0017371486673022907,0.0,1.1102230246251565e-16,0.0,0.01975631562709479,0.0,-0.022447025182399605,0.0051882316791690974,0.002933554668720695,0.0,-0.05071864245238039,-7.891757189909532e-05,0.0,-0.0332706578596062
-0.010982841044796188,-0.012771472040305265,-0.018507182973117542,2.9989603028912626e-05,-0.006416297343048549,-0.001203135354578111,0.007608521659648815,0.01706970418894166,0.029761111304824228,-0.015508988577562277,0.004389413222283256,-0.009683296319636048,0.011274188489576953,8.065242265437034e-05,-0.007867952632822472,0.0004000895247530667,0.0005882975386710121,0.0,-0.014263495143388871,-0.014182072538993562,-0.004256954419304293,-0.01732411187467353,0.0268121911580822,-0.008742025966991473,0.0007147023016341736,-0.010040680299809313,-0.008971107843829929,0.009386946516285521,0.003977234824048159,-0.007743081054830014,-0.011721113936632721,-0.037782897091259426,-0.007004621827483459,-0.02624135000995864,-0.009462855114989399,0.03278823337298009,0.053847872805889374,-0.020034558173028905,-0.0009361707866741842,0.020214299938454527,0.0013592357895670926,0.012473104436527549,0.0,0.0,0.01047572549959408,-0.004556706007571909,-0.00028739896111190655,0.0,0.0,0.0,0.006080807768224006,-0.0002552268870759655,-0.00036211233731231474,0.0,-0.01085749518860668,0.0,-0.018694109151980387,-0.010693504070027948,0.0,-0.011889341994626879,0.005145549345840161,0.011741997418733774,-0.0007925960141796917,0.0,0.0005579159856795579,-0.02581251013168928,0.0065310128947247414,0.025720408222705826,-0.005520033629700161,0.0011835015253929826,0.0028443460224589767,-0.015349333352530303,0.0014129667027995008,-0.0035124397928821827,0.0,-0.010116796440266862
0.0,0.01455636160346252,-0.028389247695970232,0.006352058635850533,-0.031957743596597143,0.005672775159361043,-0.006123303685461268,-0.010777395118225286,-0.0031731830139565265,0.014173729528236478,-0.03785684231840228,0.011306920435979917,0.009818287024554118,-0.031732285306946106,-1.1102230246251565e-16,-0.00017172753133315455,0.017600471071476276,-0.014263495143388871,0.0,0.0004141209742740126,-0.015604311657651637,0.012322958042988663,-0.024009074037919576,0.005732399776110453,-0.011674919547867035,-0.0024464779076536214,-0.021724425851159523,0.016027532661845034,0.0026375065789439045,0.0012940577612060022,0.03050397043443287,-0.015506366039706287,0.010071488858012845,0.020464220864227056,0.02669503113396643,-0.024388675590476416,0.028424938902201047,0.01803937893594809,0.015183505008927012,3.3799977028681205e-05,-0.05447548577624517,0.03771140675565893,-0.005649371329345898,-0.012278671979293165,-0.0005001350677227845,0.0,0.0,-0.01634436030364117,-5.551115123125783e-17,0.04744389048200004,-0.0006546540868771489,0.014212558108770867,0.016617000304711027,-0.023528693042512483,-0.00011232703496416585,-0.13828988997082242,-0.010053500790705383,-0.002072821289502591,0.04922867610741666,2.220446049250313e-16,0.0,0.0,0.0,-0.15352950612022065,-6.793273862304439e-05,0.0,9.013717855338443e-05,-0.00965053585656328,0.0,0.0,-5.551115123125783e-17,0.01182651857850514,0.01975089494630322,0.004278589358381213,-0.00023420207384938774,-0.02103116939421834
-0.0010298976958730832,-0.01734264075072922,-0.011313705569230115,0.005088412604353998,-0.007307325838636081,-0.02583119508976195,0.02740265646233142,-0.03317331028522197,-0.008074782839488204,-0.01923135273077048,-4.7184299840574706e-05,-0.010438325108944824,0.023414927867998037,0.009662561159643923,-0.029238768462052367,-0.009125178905658948,-0.009169761756377348,-0.014182072538993562,0.0004141209742740126,0.0,-0.019432558274915968,-0.01619014071805941,-0.0486700032280028,0.018619519093176218,-0.00738861672152441,-0.022970143135437604,-0.03213083070511319,0.01219289168278992,-0.023284902077998604,0.012178259289357007,-0.01771401888559737,-0.02944289796195515,-0.02304671161795091,-0.014304417206602638,-0.001337543635188787,-0.0018509365783104803,-0.008840884159974138,0.01220350436429346,-0.008805211614458908,-0.0040055681981756575,0.005011044955830601,-0.03731998491652477,0.015093664551892594,-0.0167697988475336,-0.00028788141364000097,-0.015842392086583224,-0.016678670623562097,-0.0007489912851877389,0.0,0.0,0.003913833459845695,0.013425242405146698,-0.0023729936121325568,0.03651139174055418,0.011174600620955488,1.1102230246251565e-16,-0.008977045629504798,0.009335524076274637,-1.1102230246251565e-16,-0.013791355475273936,0.016647940322473187,2.0831228709883298e-05,0.02762463165952206,0.0,-0.013501332510416075,-0.017589052105626557,-0.01421786680187559,-0.008571310795642384,0.0,0.013743933595407709,-0.017451677229840867,-0.003872946214506068,-0.00039587616950648163,-2.7707945625843333e-05,-0.000521776762863635,-0.001024580145447429
-0.020496455837254623,0.004241834785929599,-0.014751862645755731,0.000915499306759493,-0.010348728171397814,-0.0020549012496376973,-0.0001915207301430022,0.005116170023062083,-0.005819044398723938,-0.03942374126998044,0.007497382362402272,-0.020998919878661926,0.002011520981141879,-0.005870416139356127,-0.027576012446033582,-0.0006890399770673183,-0.01365230957304775,-0.004256954419304293,-0.015604311657651637,-0.019432558274915968,0.0,-0.010008135724648981,-0.003584048319526967,-0.03603335236940791,0.006287198006331762,-0.019098859542287405,-0.026555216131156245,-0.008583537070851965,-0.01255019071759872,-0.014312766196155069,0.0007370424359289807,-0.01328040012059567,-0.0019116355922043637,-0.004932184516068028,0.008423594791868216,-0.0050144671130364915,-0.007419080718963966,-0.01881851837594134,-0.02488000598752177,0.005409361539370938,0.00340220899503918,-0.010632091320620263,0.00021632374139413102,0.0,0.0,-0.08917760747217252,-0.031760840693473236,-0.00779659702101565,0.0,0.0,0.010293955151379153,-0.0028907857101363454,0.03216319829304454,0.010237417325195064,-0.0029694863345536837,0.0,0.0013438742345932009,0.0093887619647271,5.551115123125783e-17,-0.009784520991907242,-0.009831411220947273,0.0,-0.018234487158487578,0.0,-0.009380911608704412,-0.029226006738856725,-0.02051687137582897,-0.010898798728232073,0.0018984751657693533,-0.009231178613012703,-0.02021871720686641,-0.008112128147250708,0.002142787241492916,0.006397914016782136,0.0008099131809777282,-0.0012861881357298932
0.00817172295135632,-0.004276803049367561,-0.0038760077985868224,0.016700318887406085,0.01440702137596478,-0.023374457425618,0.01823748987684154,-0.025345847403831223,0.021117491537268496,-0.00029045922781795186,0.003929594075525011,0.004794241300042967,0.016009072936163438,-0.0077242942064594255,-0.02033958569792438,-0.01669766785213378,-0.005326994002895935,-0.01732411187467353,0.012322958042988663,-0.01619014071805941,-0.010008135724648981,0.0,-0.020423854431197763,0.057774979938665594,-0.0014265422292069618,-0.007619590587086278,-0.043195858271162624,0.018508940501671622,-0.014804804989374587,0.02292162554716659,0.010073182939912773,-0.01673785207961037,-0.017822230226255065,0.0054591693124758645,0.012510712443138838,0.009678015507173399,-0.008530492582463411,-0.004413131032658724,-0.005986180237585903,-0.006035374640876334,0.009540187161874158,-0.015360641250504181,0.03537079739401866,0.00897230019851758,-0.00015227626759206636,-0.02848932006088989,-0.019626372290898697,-0.00015574214796004737,-5.522369739108246e-06,-4.835291938465325e-05,0.0001661596289806444,0.03193088334036126,0.020963235133536817,0.0035908657222961105,-0.004406143949210628,0.0,-0.006585010558213866,0.02261115043651496,0.0,-0.00939329462798022,0.0016655471900847707,0.012972655690073553,0.017667226892307153,0.0,-0.0005097054909181109,-0.02401301603688233,-0.010357027337732805,0.0016709917924488948,-0.014404980102326215,0.0015250726887159338,-0.010293164086757955,-0.010019156978723465,-0.011973442616080243,0.018740025344164524,0.018285649072692867,0.017810880393039075
-0.0061070527188314405,0.001673621732962205,-0.01565312318982831,-0.01346413767154575,-0.03482469650850467,-0.01556052142373765,-0.010779834720789139,-0.025265790131232757,-0.02342809889779346,-0.0083956096874796,-0.032834244926313205,-0.0045578723892101825,-0.006167274185913452,-0.01804836233400603,-0.05487540936087937,-0.010627788695542373,0.007152743556730623,0.0268121911580822,-0.024009074037919576,-0.0486700032280028,-0.003584048319526967,-0.020423854431197763,0.0,-0.0031554835727710118,0.039835317994339925,-0.012734935554903237,-0.02000682612281912,-0.02205546098761102,-0.01852754720756855,-0.037558746494531337,-0.02774668473063574,-0.031651762197907274,-0.03452867885255828,-0.029609872136707738,-0.007592657657909174,-0.03711278845294291,0.009823184648220351,0.06088296063478882,0.010164030909899813,-0.012719657097864767,-0.02052234190945096,-0.05126862717498404,0.018441030354247268,0.013885655946954789,-0.007636502926476496,-0.004663285336660494,-0.01958096262808423,-0.19177463671280964,0.002653600828011582,0.017211859194693813,0.008618732875771862,-0.006469028568615753,0.0019434668079132411,-0.011919337170316568,-0.016393961947125613,-0.12858897871380653,-0.02605619209294291,0.003416725614734162,0.08222423446120941,-0.002060063603554818,0.002249193662161475,-5.0674267637162984e-05,-0.006609796845797544,-0.19775058259214823,-0.007011120830439477,-0.015800921509101562,-0.01984546055021591,0.006095026546445004,-0.00019528853819633651,-0.012715003243454592,-0.03378881884880219,-0.0014866948472567199,0.004368907087545004,0.002419823379723074,-0.0016509505856086015,-4.76061497289848e-06
-0.0356057447209609,0.005922270008051678,0.0031042415491560615,0.005385853670318241,-0.04984375922486012,-0.010773888113182417,-1.745603100361537e-05,0.0017552480263520742,0.009806222597671499,-0.03078579991403224,0.008113241043539554,-0.013497090302841075,-0.0018771860972739973,0.0006877431453893856,-0.016668275487984996,-0.0018472645890327266,-0.029456842382533155,-0.008742025966991473,0.005732399776110453,0.018619519093176218,-0.03603335236940791,0.057774979938665594,-0.0031554835727710118,0.0,-0.002209207278794756,-0.015016125491897125,-0.0015496518699028017,0.004713192578551906,0.018522322558212734,-0.007966931144098466,-0.012623215078798489,-0.03431788351399495,-0.031136013843488575,-0.01734996642926606,-0.00550678109782371,0.015962153492302344,-0.0036018916741724083,-0.03472518580073422,0.03387642621487952,0.04211907109348095,0.009166197977557577,0.07030524661846255,0.0078084259684815804,-0.0050250686559899505,-0.0037683472300162335,-0.019259137406348603,-0.02204621239950233,0.0,-5.551115123125783e-17,0.0002001540735283025,-0.002986428517411488,0.0001715124470553775,-1.6653345369377348e-16,-0.0003565573344588291,-0.01469184666459239,-0.0002623032830384453,-0.03057918590359604,-0.01328154979398588,0.0,0.0006410197759677549,-0.0013181726271245808,-0.007482113657401868,-0.002887381237745623,-2.4391291987446717e-05,0.0006702446775151416,-0.03637140317296517,-0.009464071188964751,0.0006397960228136101,-0.04226168582754619,0.00013839011836846993,-0.005336898174313598,-0.0012055545187693584,-0.05794074734568477,0.006584501219016048,0.0,-0.016868685111492865
0.009303669916734925,0.001872304436006056,-0.003179826659680751,0.00034920916733138796,-0.0013909154170806404,-0.0014783929208506685,0.014130849679312107,0.029363956929168766,0.02770341006172039,-0.00655175287382509,0.00846268148617868,-0.002082484924957051,0.016590267551850335,-0.004007302226797904,0.0023004027753416034,-0.004072011327981739,0.00494499592048897,0.0007147023016341736,-0.011674919547867035,-0.00738861672152441,0.006287198006331762,-0.0014265422292069618,0.039835317994339925,-0.002209207278794756,0.0,-0.0053603883363715354,0.00720970195226367,0.01747428748847707,0.008616192801271516,-0.008874486444331808,-0.0012796798981224988,-0.03423034623878901,-0.001014078621786041,-0.012359865300752393,-0.0016774201209427408,0.013423342370319502,0.026416850164086958,0.0037147258181998155,-0.0029299804146739605,0.023697789821000514,0.0027720115231063547,0.012734354024841132,-0.0026532805568334483,-5.551115123125783e-17,0.012230943538903194,0.0019217068416126915,0.004161573035987132,5.551115123125783e-17,0.0,2.220446049250313e-16,0.008916903626879802,0.01022518199506145,0.019578443048739902,0.00035465289791852816,-0.0013140296278544294,-7.18497597745893e-05,-0.010988924991660876,0.012177868207509102,0.0,-0.02091031703112084,0.01045179858649764,0.01198753811732911,0.00583803829133861,0.0,0.005162132198311353,-0.0010046275428148288,0.010093814551259683,0.0034546246577788486,-0.00771919954927941,0.008029984666147072,0.007046313544502469,0.00820642142560396,0.007314743824887393,0.011859880006267476,0.0,-0.0054634827668502695
-0.014854211970191489,-0.014841201340552501,-0.029019729057656707,0.002589744842494357,-0.0153412102236265,-0.00681643456684472,0.0010849989118932868,0.013086323774773145,0.007014712417333369,-0.00525619874472133,0.0033355346403914354,-0.01353380976054841,0.0022124181712162017,0.02529487191649793,-0.03809476284396762,-0.017903201372972688,0.00022904363573522657,-0.010040680299809313,-0.0024464779076536214,-0.022970143135437604,-0.019098859542287405,-0.007619590587086278,-0.012734935554903237,-0.015016125491897125,-0.0053603883363715354,0.0,-0.01910827747523275,0.008834199703586842,-0.0018352620327112268,-0.0012182149535175935,-0.010022342273204365,-0.0322062971915677,-0.013777683453486067,-0.011594793693809335,-0.011795233520955517,0.01825904843098386,-0.01111460854387647,-0.013250496904339437,-0.018534710382655306,0.006444445778008401,-0.01067986956038497,-0.005802595361832197,-0.02646504380095549,5.349400140347571e-05,-0.009280596232097926,-0.023414016016772787,-0.03039011064794017,0.0036038142378521654,0.0,-3.3768164982073134e-05,-0.0014019225457550522,-0.004378025705871202,0.017605329791413826,-0.002691764191371848,0.002650410254574409,0.0,-0.007376248608807645,-0.0057570716600616745,0.0,-0.014623948570444079,-0.011187391916959277,0.009300675593712948,-0.0005246498832362501,0.0,-0.003972559537952169,-0.03507796998573376,-0.022458685714410065,-0.010510088551252628,-0.02310072667758023,-0.0015142564996871166,-0.004669160260105054,-0.015201756098809915,-0.014711433219474268,-0.00544894412594249,-0.00018453401291262939,-0.010190327427805623
