0.0,0.772687664302129,0.4861263151112115,0.0,0.6738382155044509,0.503412517965079,0.7936774341211127,0.3710500785193569,0.5396356416946061,0.5636888737485668,0.5247092285618028,0.48351158907247516,0.7880951236925722,0.5419295877892957,0.473168609144489,0.8187118936297186,0.43664703773741464,0.9065508382987542,0.0,0.4701538567504733,0.24657301953661975,0.6301644587807818,0.35919822992144285,0.28463079129079766,0.9058309026744931,0.5394720969797082,0.503156336368308,0.7648019410706276,0.5956337431976816,0.5599277305070414,0.6347972343511259,0.8050446764746243,0.6313380336556484,0.5685669703299356,0.6914946990273618,0.6887991513691365,0.4926684767272092,0.26258296310575013,0.4267016632386035,0.5420173263184752,0.24756152985158575,0.9002138195424729,0.4674409725134477,0.0,0.3211384438356332,0.21601328407775566,0.45459617885271447,0.0,0.0,0.0,0.4830872707016787,0.0,0.6201623788933824,0.0,0.585526549160908,0.0,0.6585907037073344,0.8730243810043287,0.0,0.6459344839550278,0.6614430611206352,0.6879336020992525,0.779462649256021,0.0,0.5213732205156647,0.7073696605730264,0.6078016281668568,0.5473475565640304,0.40220524991436213,0.7813338237426672,0.7096196133098418,0.5485877875634895,0.43824193100170156,0.6794011117350418,0.0,0.3959133251503463
0.772687664302129,0.0,0.7491370272855878,0.42248059698851703,0.4567631636715521,0.5500297613401115,0.5199803348705592,0.5429027510943167,0.4762547414285341,0.5106821541306804,0.7533792388001903,0.44840879751557294,0.5616084028337575,0.4383775054895691,0.6181055523790318,0.9022541377939348,0.7563065345162518,0.929031825317553,0.1684306887292813,0.7023907992036258,0.694924462345746,0.7009144922709645,0.7182831514837216,0.6159186070916491,0.7596661961412691,0.6189697134249497,0.5786754221953805,0.6215267211500694,0.5448770834741605,0.5129830836939764,0.7156643152731035,0.6081047744489416,0.6106434459846332,0.6414924708385391,0.7743539341871968,0.44622772739068456,0.057727670061817345,0.0,0.6539620144643346,0.8959942378951633,0.5740632521599411,0.85688111477723,0.6106982656015701,0.0,0.0,0.7064644195864029,0.7467361607741754,0.047939667164063456,0.0,0.0,0.7626170811673589,1.0569448361678089,0.48702462444309935,0.7901174766975574,0.7437091604670505,0.0,0.668323012573028,0.9808747342674314,0.0,0.6594443310753886,0.8039501010653378,0.8208706510498451,0.9266860804535488,0.0,0.7690626795852706,0.7439118397543053,0.7069454824035748,0.7079518014669375,0.43993650883764696,0.8899824785255859,0.8202911856158017,0.6548501491292305,1.010797808047406,0.8196704326037976,0.0,0.7960504808069748
0.4861263151112115,0.7491370272855878,0.0,0.6354755474145647,0.5114344152633132,0.6358366851978048,0.6530859413951661,0.8041453739133337,0.5058118752627676,0.7953039134517594,0.4372910074499569,0.8642618888572602,0.6833337993594086,0.6803820695103322,0.6622328623365256,0.42520975926027055,0.7403296805841395,0.7599686623265933,0.34926453666435625,0.4469779503781314,0.6969611681435128,0.6449557740608907,0.5395589964220397,0.6559878162445877,0.6506439299836095,0.6555621375344463,0.3677951317944902,0.738397928258118,0.735199586609743,0.6732362524664046,0.6836173415002529,0.7853312134191396,0.7052974160972107,0.7598250958365081,0.7755609291676171,0.8771147633278223,0.7073266495388075,0.6890449074322643,0.538721898057568,0.49739197483187086,0.5596219822946524,0.29180041722759265,0.5770686600889969,0.4944258622126204,0.0,0.0,0.4130779840167027,0.3453098877897192,0.48207049620662856,0.5989875026595252,0.6614552461922061,0.6555533820885412,0.6639791693082977,0.3386624744614289,0.4321885093223565,0.3393825940128261,0.8474245834630052,0.7097437097546535,0.7688740567183734,0.35815253805044434,0.0,0.0,0.0,0.18472479681507795,0.8444060655468382,0.4328312480911179,0.25016839238341626,0.4842256965153917,0.0,0.5547856693242642,0.7296895549721929,0.7573585972650088,0.6500720984860096,0.710239485430866,0.6812067323381713,0.5116676807084752
0.0,0.42248059698851703,0.6354755474145647,0.0,0.380880617833246,0.6929425948315475,0.535723306517306,0.44896816448717825,0.761874514637731,0.328572340009321,0.695137635696536,0.41724824435194097,0.4840119928948063,0.40529298894974897,0.5811991533335816,0.2901533171155608,0.6004451489342562,0.46727196916117325,0.6752359415198305,0.8759873998020276,0.4465939413865636,0.7077094739804932,0.9513264909323411,0.2982634829962341,0.8093840190776364,0.6121971209025174,0.8019490426092601,0.44021057056278196,0.8937413967031675,0.5165673908847486,0.29744698717219964,0.19965429271025872,0.37950896179114424,0.7329266822548209,0.9314919654045511,0.30473204033929857,0.4591953780963536,0.30077874825126005,0.18408652206035908,0.396350129905675,0.7497026517582572,0.5533254131621473,-0.09425105883899693,0.42752398115129786,0.0,0.0,0.0,0.43400111994417645,0.0,0.0,0.8259538240085981,0.0,0.46562851726119237,0.33780015442400335,0.0,0.4427257015579464,0.3295262969860857,0.45658107412313603,0.0,0.0,0.0,0.0,0.0,0.0,0.0,0.0,0.48336009745386177,0.715672273413537,0.0,0.0,0.0,0.6466159637505656,0.4804998698106399,0.6456972285588514,0.0,0.0
0.6738382155044509,0.4567631636715521,0.5114344152633132,0.380880617833246,0.0,0.31686212213228726,0.4415911548202501,0.792107737598467,0.4463759329077838,1.0082002970026989,0.4736065508641005,0.8686760148580767,0.5195499570177702,0.5741908391021489,0.7757068450304008,0.5583786193143766,0.8290588701343659,0.7835848866319699,0.49663506867711443,0.4199286418218402,0.7739992044789507,0.39384538507561195,0.3168012327536378,0.8129842780538559,0.5292390794144622,0.6541405956409259,0.317992041623052,0.5417722167013919,0.5108161879088443,0.27878825812001606,0.6785276930785893,0.4916539065293575,0.8627539714013758,0.6741073747791637,0.6870281642930545,0.42680418813931664,0.41712508757626937,0.8457752792754789,0.2083063682398246,0.45978859208673867,0.3842190999947359,0.3943170818178958,0.48151612970093083,0.6468954266641835,0.38295861638959233,0.0,0.39773328524360035,0.5718240473429792,0.0,0.4676953003789629,0.7229109377476446,0.5112224272350973,0.33563025599902435,0.46832168692564086,0.0,0.5966012872506534,0.4214877840319552,0.5868088552956054,0.535557503926031,0.42409786143599404,0.4602330682871085,0.0,0.0,0.5596435941460611,0.6830963281948754,0.49325649910044617,0.6663833733689684,0.5544521155983275,0.0,0.49855756933143097,0.7808802497044958,0.49652084991002365,0.33107169915860185,0.31671952269148307,0.0,0.1628282882111164
0.503412517965079,0.5500297613401115,0.6358366851978048,0.6929425948315475,0.31686212213228726,0.0,0.5841068990691498,0.7717172822858026,0.5201179125295853,0.80838166081819,0.4135772529021359,1.0655719206654204,0.5056789811687867,0.7509473632927632,0.7400733176163358,0.6516366863918133,0.7271743182999879,0.8522763020170501,0.7300096918096705,0.5113776203167006,0.7871749102457051,0.4386945922297584,0.5531281688743593,0.5405845386813517,0.651678454254315,0.8038069484643788,0.5337331024084002,0.7297274255454751,0.43883908049227377,0.6594696746975328,0.771732730425037,0.7076530630746181,0.8941114337973564,0.846565735138393,0.8692821501773953,0.7639036899795643,0.7858293768857791,0.8015316742211511,0.5207956233387261,0.6062101518171845,0.5133709666674798,0.2463021209071788,0.5299158816434548,0.3965438367662426,0.49265948590393827,0.7039694560704491,0.6607520764047674,0.6732578979444772,0.8167324112791315,0.5075228204951248,0.5479544085692829,0.700197187651768,0.7279563610751849,0.702357356760517,0.845767562851651,0.6636833308700052,0.6033509527407374,0.7043705884138465,0.5778906902014587,0.6035094464947643,0.7361651485222409,0.0,0.7067394518365324,0.5831238775582348,0.5609086049841375,0.49551272521234335,0.6347238903055584,0.5989943219405299,0.5043715260674839,0.583499573956437,0.6976502382285787,0.6382591958908834,0.6031264980944089,0.561754718019235,0.5937231822473532,0.5385197072005993
0.7936774341211127,0.5199803348705592,0.6530859413951661,0.535723306517306,0.4415911548202501,0.5841068990691498,0.0,0.7126558007699657,0.5869988245287476,0.8401887671248831,0.6434495424508742,0.8002453287971278,0.524618132373912,0.5683608583931505,0.6163999361761203,0.5706752779013227,0.8407850830431518,0.6255712803215091,0.6104394522805848,0.6224976366577388,0.48797040880715536,0.5541725612820414,0.7021176304169757,0.7850014860960349,0.583729862368913,0.7022315662151866,0.5769943051573879,0.3689184377623671,0.6097837204501835,0.5908627001400022,0.4073853363334318,0.6872065826665821,0.7201643946773494,0.5324479769970156,0.4078676684464543,0.7060959693036803,0.6046990011235303,0.9504735824775163,0.7000648925789817,0.2736362769973021,0.5602073192673527,0.3080600076329768,0.38908354181331994,0.6933904695065504,0.47867836049244306,0.0,0.6039386479100668,0.43914712143847245,0.0,0.4330797372084605,0.6025751520216348,0.6066009180199539,0.6587825742567046,0.5579557497399914,0.7226756537333929,0.46121127824515273,0.5919039457105958,0.5461410613689748,0.5548528117891687,0.5098789652786502,0.7131309366418712,0.0,0.5145852828944328,0.4884183739542425,0.7712175537274475,0.6668006823415864,0.5424261976499355,0.6433695304803069,0.46920879545837024,0.7333145349375934,0.7575819329498303,0.602083186412055,0.5763424895101181,0.6250183779805982,0.8467459121529719,0.5600407412456332
0.3710500785193569,0.5429027510943167,0.8041453739133337,0.44896816448717825,0.792107737598467,0.7717172822858026,0.7126558007699657,0.0,0.7295358320796667,0.691064918774668,0.8900729548028534,0.6460359001159703,0.7479440949166442,1.0072039758344247,0.6981897774851149,0.6654116331661937,-0.038557360775257704,0.6806012953619036,0.7852886793811868,0.4194745532973436,0.4151322907750258,0.5621688168112356,0.6288502755152816,0.25615468702401756,0.6936606897011018,0.5624588112990552,0.6206241763615743,0.7286153019691053,0.6078535736758393,0.5853147081376172,0.6994965740459571,0.5866843942051401,0.5856528899288371,0.6865746855476341,0.6846292312273783,0.5071649829903252,0.5490107557277517,0.6395953372487213,0.5922390348428459,0.7485121182775051,0.3186787564531973,0.5546226392870321,0.6192740015003341,0.36787597718764486,0.0,0.5487912444498945,0.5638801523267205,0.701464790572802,0.0,0.7217283175986031,0.40764848122347697,0.7456155328701932,0.5352467889209525,0.705511659719625,1.4323166209857396,0.6867231334965549,0.9723164346618953,0.6962125139873537,0.7188602932265477,0.7095687869770346,0.6779826615329554,0.0,0.5580488227163348,0.7017526704650389,0.6292953910662613,0.8161919523189692,0.7025768003532762,0.5796563374166537,0.0,0.7010819520428618,0.567792709646005,0.5397010146011492,0.6191765192858758,0.5075429563600814,0.4968668411374294,0.41012159652924374
0.5396356416946061,0.4762547414285341,0.5058118752627676,0.761874514637731,0.4463759329077838,0.5201179125295853,0.5869988245287476,0.7295358320796667,0.0,0.7773448344826608,0.5051251912483989,0.8099900658890103,0.6108137686465178,0.7284411167545688,0.8719162603375095,0.7023133578597974,0.6899390831318699,0.834175600067337,0.43039190717731035,0.4461556657913802,0.6443048910741402,0.525516494358529,0.5360554811690772,0.7801026368491345,0.6229690871083803,0.8257216474373499,0.649884981386406,0.731088456298709,0.5341177314418488,0.7053720473179915,0.6814642498926644,0.8262329267185796,0.8064850814405391,0.766548624054375,0.7465380186254795,0.8916294254200094,0.7793146536951681,0.8498221143930919,0.5373976645500411,0.6367829917164066,0.48108884544703584,0.40751619012318124,0.43976357877221917,0.4806852453448972,0.4926981869234595,0.0,0.8214288313266338,0.6288478028586262,0.4803256667484584,0.7318116175273596,0.709667128823497,0.7730709172981984,0.6657638055468295,0.5993195706939822,0.4914729110331429,0.6917057679370903,0.7468219425597205,0.6612036608548412,0.5554663427378677,0.7379927069099873,0.6450803165002192,0.0,0.0,0.5956555091363931,0.8356525934029417,0.7599968272169946,0.7690961941303676,0.6766639787836328,0.43746942587361487,0.7192612513409642,0.5786628702522953,0.6747948366137575,0.6273041538008541,0.6014787007274578,0.7438505057162358,0.6946282464302465
0.5636888737485668,0.5106821541306804,0.7953039134517594,0.328572340009321,1.0082002970026989,0.80838166081819,0.8401887671248831,0.691064918774668,0.7773448344826608,0.0,0.8314771598330868,0.7462721515016281,0.8460890235441424,0.9888997097068499,0.49428908447525854,0.536749738821355,0.6997928304437764,0.6598754874627293,0.8275642686127151,0.34245371742035413,0.7361170773179248,0.5140161437213484,0.7681298936148182,0.8513136485727948,0.7337746504016034,0.6608643659511271,0.6856961484012346,0.8081548173418096,0.70065572958475,0.5192636851083706,0.7839162481050593,0.7493117957328959,0.6646322532699265,0.7434781491036893,0.9678348523064282,1.0168668643647356,1.1500943057819324,0.6429556013091385,0.849352052806449,0.7463083436241131,0.6549447141351081,0.35850028847252924,1.1654198089691659,0.2971663872982612,0.749224582590543,0.7296362602351376,0.6753812795265194,0.3742115006282092,0.4892723924481762,0.4829161780594401,0.6382214559381514,0.41252583002370563,0.7085760005197237,0.36693959237871854,0.7095877512019214,0.558566789625363,0.6945581765871356,0.7610475675211203,0.0,0.6243814081327049,0.788498041454887,0.7421400874298352,0.6628909302765968,0.480533636596065,0.4740480397951906,0.5999866234840596,0.5469404777881572,0.8221975234397607,0.6157146616419867,0.6117827609686685,0.6187258910548881,0.7755924612511138,0.6332194490473779,0.7480421345706166,0.0,0.8504856699634482
0.5247092285618028,0.7533792388001903,0.4372910074499569,0.695137635696536,0.4736065508641005,0.4135772529021359,0.6434495424508742,0.8900729548028534,0.5051251912483989,0.8314771598330868,0.0,0.9038406461701287,0.6269728603115584,0.9112905773569213,0.0,0.5036540044690907,0.7750116380245975,0.7999763911558543,0.15514421375255896,0.4590307992475463,0.6121315568649917,0.4339603091357887,0.6017678266501769,0.7829364536879972,0.6996237605415159,0.795326127556332,0.46615047681393956,0.6944101844998175,0.4846106549736193,0.4877381948102092,0.6018104875931796,0.6302717400226305,0.8584386279919655,0.7202578463752888,0.7103322076285913,0.6552582502710353,0.8422605346119716,0.8316611405097196,0.5936744276360699,0.6692078139259376,0.7082748040455294,0.8260142159482232,0.6617130252793272,0.7343206296613383,0.30307074391184086,0.0,0.0,0.36512339558866586,0.47508445429241786,0.8057953426682691,0.8273797882896429,0.6382466228425596,0.7913577300150545,0.48432651223694456,0.6293518436275833,0.5892504250977301,0.5079016366414002,0.7613582052878066,0.7873725660082808,0.0,0.0,0.0,0.0,0.3102267123644489,0.543600538652485,0.0,0.5317967131039275,0.7283507070171619,0.0,0.0,0.9568966778044448,0.7872639082876813,0.6300521681518763,0.34178878478729824,0.0,0.8337021058193086
0.48351158907247516,0.44840879751557294,0.8642618888572602,0.41724824435194097,0.8686760148580767,1.0655719206654204,0.8002453287971278,0.6460359001159703,0.8099900658890103,0.7462721515016281,0.9038406461701287,0.0,0.9404565371101247,0.817725642044586,0.17681654893290244,0.7223408384546846,0.7944977967521121,0.8129887899137265,0.8784615788902022,0.797065138327,0.5172640864503955,0.8651990908194758,0.5509647702969344,0.7173706800041857,0.697330610656713,0.507370325344959,0.9369564098176357,0.8386309090169843,0.8437074008263095,0.5083832872277069,0.6243623773593416,0.346509175028603,0.8313744567479169,0.2915078514953323,1.018426059346263,0.8570534558334644,0.5695743055968916,0.3196301259609912,0.32858551660375357,0.7105525835984492,0.7115567924093588,0.12126663779314498,0.506808699508587,0.6102033855289134,0.7146228344484447,0.6304159559116458,0.7594362908906244,0.614338968835874,0.499894145684767,0.47235792973333834,0.4206091562010802,0.7176711680986766,0.3641220824982095,0.5599043538224487,0.7848378177347637,0.1657798060011434,0.7912576753186471,0.8355936489989865,0.5720393426700967,0.5307126896459046,0.6050404025953173,0.7622172142555339,0.7230053532772325,0.5535929478305612,0.9298862212220749,0.8886728581331035,0.5192296515006167,0.8497455891400947,0.6871768072748454,0.6542073408807803,0.6175412517151903,0.46683783152272196,0.8556059002573432,0.567827521651826,0.0,0.8018732894833417
0.7880951236925722,0.5616084028337575,0.6833337993594086,0.4840119928948063,0.5195499570177702,0.5056789811687867,0.524618132373912,0.7479440949166442,0.6108137686465178,0.8460890235441424,0.6269728603115584,0.9404565371101247,0.0,0.6476623102345138,0.6514746542543093,0.6388870154905961,0.7309315449312791,0.7530533688385794,0.6276561531197209,0.661257922087031,0.6683609563271855,0.5575467106942253,0.7121279898871165,0.7495022758743957,0.7247830425876954,0.7772801016666142,0.6081341522031939,0.5716726887490429,0.5692413669727565,0.5865806557247086,0.5502914326465734,0.6617609844917935,0.8811587695384017,0.680004252883636,0.7779228538437692,0.6409468840321494,0.575633506814923,0.9754477381544269,0.5772063014311053,0.7851820501625008,0.5622080330600439,0.4284155141994448,0.46485296012634314,0.37445142258652864,0.5811917080084704,0.6527148192851875,0.7452431213112767,0.6701162433835328,0.0,0.6024141922969812,0.6078751140819989,0.6656727339830804,0.6873291578778306,0.6325830471193484,0.7981091500512538,0.524515502050558,0.45778239123107195,0.6477619148901037,0.14858666034421641,0.5606968724738418,0.6655683778101154,0.6222160419538092,1.0783582930947826,0.5417275018344028,0.5340130254864072,0.6134624653322986,0.6509019446441975,0.673241395958469,0.5774940232274223,0.962986818514389,0.7023098338109696,0.690786195271571,0.5906922322705935,0.631922481216485,0.6016382869260003,0.6453311835656352
0.5419295877892957,0.4383775054895691,0.6803820695103322,0.40529298894974897,0.5741908391021489,0.7509473632927632,0.5683608583931505,1.0072039758344247,0.7284411167545688,0.9888997097068499,0.9112905773569213,0.817725642044586,0.6476623102345138,0.0,0.6103520415292522,0.5081321690506309,0.49474218468674647,0.4810888387738462,0.610799392533487,0.4812264246647462,0.6862827341828515,0.4834517412462766,0.8458278995684639,0.775103810587971,0.6980625175113515,0.5054316859979691,0.5931755927846636,0.4060078820286053,0.7615194397462265,0.8123291231183791,0.8098127572643736,0.36201469775257644,0.3225267541542496,0.8693664023539145,0.4530149709268103,0.4472994943501096,0.6097215328912032,0.9899214960711531,0.7787699602227842,0.0,1.2092319686019177,1.1341445954431255,0.725717616337357,0.4813626043484903,0.0,0.0,0.0,0.24848147403230564,0.0,0.621353655949995,0.5753996115691626,0.4225774752474437,0.578923652312388,0.4662863464726179,0.0,0.7228358828048098,0.3876450335715226,0.5815046619754466,0.37336780898507776,0.0,0.0,0.0,0.0,0.4181828713023698,0.0,0.0,0.0,0.6245355023010211,0.0,0.0,0.0,0.7328973020790681,0.945163622373292,0.0,0.0,0.0
0.473168609144489,0.6181055523790318,0.6622328623365256,0.5811991533335816,0.7757068450304008,0.7400733176163358,0.6163999361761203,0.6981897774851149,0.8719162603375095,0.49428908447525854,0.0,0.17681654893290244,0.6514746542543093,0.6103520415292522,0.0,0.5665241107934039,0.7945522543487649,0.5185539552690754,0.0,0.23345709924687796,0.3688046232478249,0.11651528861140203,0.26108669412468216,0.13792064913739743,0.6449211530272903,0.5828015764248262,0.17513623197692124,0.444623292620025,0.7709129106413941,0.5791722081439182,0.40570013365139823,0.49990013389374066,0.5266729159080697,0.47252840698274856,0.7175214795101503,0.8953324452232319,0.41656810017482593,0.3912830776644128,0.2933982943680879,0.45066977302462735,0.38607208531075066,0.42056218211395524,0.8343624792145371,0.45212672742892307,0.0,0.6533845520311801,0.704590722998755,0.650589432192153,0.0,0.0,0.5650749540661721,0.832564481745866,0.7324433718834054,0.6138047679394063,0.0,0.0,0.5453850808548844,0.5199761267000567,0.47721884091434047,0.24098974056330297,0.6140522131001966,0.5528485953534067,0.6186349441414216,0.0,0.2703144245414524,0.4480088656721528,0.4999442416166229,0.696634820699736,0.4703738336080867,0.6093551812643754,0.3451534383416943,-0.05754544510752779,0.8237771876728512,0.45116291005537507,0.58324841309093,0.3035072041083017
0.8187118936297186,0.9022541377939348,0.42520975926027055,0.2901533171155608,0.5583786193143766,0.6516366863918133,0.5706752779013227,0.6654116331661937,0.7023133578597974,0.536749738821355,0.5036540044690907,0.7223408384546846,0.6388870154905961,0.5081321690506309,0.5665241107934039,0.0,0.5133150494781845,0.5057125252515586,0.45864121396779856,0.4816703064437048,0.6872309437817122,0.6180763688210131,0.67766889951512,0.7019861392195748,0.9552995365607568,0.6020151757523535,0.6344510642954888,0.6167129642378582,0.5216300438445616,0.5627046801582065,0.5959191123866718,0.7138709314012526,0.4656309720047211,0.49610293375472464,0.8279210050373698,0.681665235327747,0.5115260640079273,0.714721958789226,0.6360729345051223,0.6460614327623819,0.670464818045071,0.7738943749482431,0.46783177982259194,0.0,0.0,0.5257514654043054,0.7412272171776092,0.0,0.0,0.0,0.6558394544737225,0.8147306070767293,0.9610715609538887,0.0,0.9309614241460187,0.0,0.656955194322271,0.9999765862474466,0.0,0.5923372453353641,0.8273174142139756,0.8689187189015762,0.8795640400816302,0.0,0.6930967146824893,0.7077880260018679,0.6152513348117167,0.7092843498495804,0.5121469514167878,0.9955544234980607,0.8693949859412585,0.7321885221867621,0.8474302496970497,0.8453219153753344,0.0,0.6585533767186713
0.43664703773741464,0.7563065345162518,0.7403296805841395,0.6004451489342562,0.8290588701343659,0.7271743182999879,0.8407850830431518,-0.038557360775257704,0.6899390831318699,0.6997928304437764,0.7750116380245975,0.7944977967521121,0.7309315449312791,0.49474218468674647,0.7945522543487649,0.5133150494781845,0.0,0.7348948915505157,0.761329990953084,0.4346512881218435,0.6440450485615401,0.5709521421116655,0.8037389616321158,0.7578122734145791,0.6148974900843229,0.532959765008076,0.8370281505418169,0.8190127203563728,0.3701985746636624,0.459157197215761,0.6046511454196499,0.5854270184465986,0.5920944372140144,0.4380884283927517,0.7070589942852633,0.7739787363045023,0.3624722796120369,0.4522746152007224,0.47757329483856686,0.5166854651706619,0.6761534558924747,0.8483728638147829,0.0,0.0,0.5266491968438893,0.7879420089057075,0.8393978232046279,0.0,0.0,0.0,0.0,0.0,0.0,0.0,0.8034054423598218,0.0,0.6735243505509285,0.5112067581313615,0.0,0.58904717092026,0.6519602504279879,0.9017458745608974,0.7056557186547218,0.0,0.0,0.0,0.8614474855852976,0.0,0.8276379133459946,0.8632848617570993,0.7724900612637271,0.0,0.3927961844203124,0.4826187642667289,0.0,0.7329758957641382
0.9065508382987542,0.929031825317553,0.7599686623265933,0.46727196916117325,0.7835848866319699,0.8522763020170501,0.6255712803215091,0.6806012953619036,0.834175600067337,0.6598754874627293,0.7999763911558543,0.8129887899137265,0.7530533688385794,0.4810888387738462,0.5185539552690754,0.5057125252515586,0.7348948915505157,0.0,0.7009420653740732,0.4976642139973692,0.8507862644683681,0.44659663211119527,0.7548222222743601,0.7274561980591459,0.7745489062609676,0.6455338360949505,0.8746608887160507,0.6220718938623988,0.5012181581968816,0.1587666651468561,0.6640882951378398,0.7656923918743709,0.7331780496717316,0.6781887680470099,0.7805347724896219,0.8595112972958594,0.40717672212617095,0.4373576041995473,0.8180285531299859,0.5778357252764351,0.7491503308869281,0.9259399857563583,0.0,0.0,0.6748247051294916,0.9063226684960122,0.8016858507624172,0.0,0.0,0.0,0.7041612382095932,0.5128771012587463,1.525369128642165,0.0,0.8985540092155307,0.0,0.8803946821118949,0.8539487895832287,0.0,0.6598346687101226,0.8617133648762514,0.9295508018319703,0.8960991143452413,0.0,0.7827668507420338,0.9241391263947917,0.7399360626767477,1.0172757530685563,0.8565653511960614,0.953773441620066,0.9497526229199121,0.5217387610806552,0.6617865606853164,0.8475065266387618,0.0,0.8913698781441923
0.0,0.1684306887292813,0.34926453666435625,0.6752359415198305,0.49663506867711443,0.7300096918096705,0.6104394522805848,0.7852886793811868,0.43039190717731035,0.8275642686127151,0.15514421375255896,0.8784615788902022,0.6276561531197209,0.610799392533487,0.0,0.45864121396779856,0.761329990953084,0.7009420653740732,0.0,0.52536504304977,0.7136220255612662,0.7655950119740551,0.4976615959506295,0.9436325077853587,0.697641925461809,0.718520853476114,0.4755300526927655,0.7120012838253252,0.6895773707137054,0.5893564139997292,0.6578368053793124,0.7984107837579761,0.7255661873356893,0.7279852846142554,0.6990830484657007,0.8434441372496884,0.6929708330684938,0.6872524859427804,0.5044368995295654,0.4650775974856637,0.4699513267208717,0.3783130603246968,0.655658556389155,0.6385534948474831,0.010720764656209875,0.0,0.0,0.7136276170363367,0.0,0.5868294588685026,0.6690566885326068,0.6885800894877314,0.6018400544231017,0.7161943759835239,0.6245220861049272,0.8059562361219692,0.6252460613683971,0.5615143594259187,0.5581015303000749,0.0,0.0,0.0,0.0,0.7875810177060334,0.4786706568700502,0.0,0.49492984936448137,0.7275087895297196,0.0,0.0,0.0,0.7518860617806035,0.6680416150698294,0.5956285477937175,0.4747725986884881,0.7778230150559289
0.4701538567504733,0.7023907992036258,0.4469779503781314,0.8759873998020276,0.4199286418218402,0.5113776203167006,0.6224976366577388,0.4194745532973436,0.4461556657913802,0.34245371742035413,0.4590307992475463,0.797065138327,0.661257922087031,0.4812264246647462,0.23345709924687796,0.4816703064437048,0.4346512881218435,0.4976642139973692,0.52536504304977,0.0,0.42720472589248665,0.5484408995150841,0.12183122297327242,0.34511519358057263,0.8698725637056648,0.46705184665154653,0.5377114827992798,0.7065337419127913,0.5184861474580971,0.7036492278425945,0.42720012099568627,0.4843860569830024,0.5350271705389339,0.5094797018230403,0.7661207711490847,0.9332201811479868,0.8012340981447736,1.0961692814088932,0.49675128583655215,0.6062065501129341,0.5577613009049436,0.578528380314397,0.6010583504280902,0.1468682948947959,0.354570007389436,0.5420790336779893,0.6982287731625288,0.7241826311633043,0.0,0.0,0.5629401986720758,0.8738895120520317,0.6988496946570684,0.6002597041386774,0.7932694200886989,0.0,0.8139291247095368,0.7818488228599776,0.0,0.6198931279488222,0.6244856889728793,1.4400418657314262,0.5421718725872424,0.0,0.5599386108344786,0.611184667737649,0.5675117753631611,0.5832888706501808,0.0,0.774443766060784,0.5735987512066708,0.46729075254165364,0.6114924209419382,0.6358801505757061,0.44964843164333934,0.516937274536408
0.24657301953661975,0.694924462345746,0.6969611681435128,0.4465939413865636,0.7739992044789507,0.7871749102457051,0.48797040880715536,0.4151322907750258,0.6443048910741402,0.7361170773179248,0.6121315568649917,0.5172640864503955,0.6683609563271855,0.6862827341828515,0.3688046232478249,0.6872309437817122,0.6440450485615401,0.8507862644683681,0.7136220255612662,0.42720472589248665,0.0,0.3508285050618482,0.4817562517220716,0.0765699900764048,0.7176982703545124,0.5621840126105253,0.6370729437957612,0.7560029861114638,0.5519167294731424,0.7226016818150047,0.4731294815172455,0.5191147652852981,0.43893699668420144,0.5270343188218244,0.7915620019829055,0.6250558548892584,0.5131933062429491,0.27284512375898207,0.5015634698651954,0.6095123455124599,0.42370665146521214,0.5050880684588421,0.7091470596022651,0.0,0.0,0.1670252203647154,0.705374953376253,0.6939161477823199,0.0,0.0,0.7411497268530849,0.5254579026797919,0.8230600388080177,0.6995306491840555,0.6851423868753423,0.0,0.782664603139789,0.9318609374171464,0.0,0.47085898358881834,0.5957420464984766,0.0,0.30815657702796284,0.0,0.587780532191011,0.4612572887122275,0.6224909428364914,0.7006744140660128,0.6135477091754513,0.7438868342463009,0.7685386020580414,0.517715235047764,0.8046033228006373,0.7606184385423638,0.4341945157061139,0.3642715459398431
0.6301644587807818,0.7009144922709645,0.6449557740608907,0.7077094739804932,0.39384538507561195,0.4386945922297584,0.5541725612820414,0.5621688168112356,0.525516494358529,0.5140161437213484,0.4339603091357887,0.8651990908194758,0.5575467106942253,0.4834517412462766,0.11651528861140203,0.6180763688210131,0.5709521421116655,0.44659663211119527,0.7655950119740551,0.5484408995150841,0.3508285050618482,0.0,0.6934666530769713,0.5633019800278817,0.9479783030362038,0.6363175458511894,0.42281622034035005,0.7321027274231335,0.502779598245767,0.7144804728057295,0.54399742213523,0.45888103936550206,0.40937183679240935,0.5282747419174275,0.7201179189007677,0.6746240276882809,0.8133763615305633,0.5563963484288925,0.4167052887735179,0.6938211389058855,0.49302405593227505,0.6086201193724559,0.47141717306232134,0.3393539782696109,0.4200826239620356,0.588057620325568,0.7658652325440689,0.7119841820688901,0.4797702265332849,0.39966777788778296,0.7079803507826479,0.9955552184830332,0.7375178874005299,0.7718099935345137,0.4746751430124303,0.0,1.1922200547072412,0.8520153687826156,0.0,0.46733764076539025,0.6536864563591775,0.5753838053414037,0.6633292681220747,0.0,0.5458773605237595,0.5334787976743063,0.6113470617734318,0.6517004331753353,0.8312879795558794,0.8003126299466634,0.6673758399784213,0.572768294225886,0.7920370930978584,0.649628038238133,0.6393422083400953,0.615766646588761
0.35919822992144285,0.7182831514837216,0.5395589964220397,0.9513264909323411,0.3168012327536378,0.5531281688743593,0.7021176304169757,0.6288502755152816,0.5360554811690772,0.7681298936148182,0.6017678266501769,0.5509647702969344,0.7121279898871165,0.8458278995684639,0.26108669412468216,0.67766889951512,0.8037389616321158,0.7548222222743601,0.4976615959506295,0.12183122297327242,0.4817562517220716,0.6934666530769713,0.0,0.14630711232708277,0.6321187830790636,0.49164848244966963,0.3976994381864818,0.6466236698384776,0.5803631038706147,0.5418333510052143,0.6276736299104066,0.7133358980865075,0.673714332955679,0.663925847683472,0.7473002624743186,0.636187361872367,0.8100295684131331,0.5494904780838218,0.6415917449505546,0.7165910377649296,0.5647562755188529,0.5136765270819994,0.7117058394985692,0.6168342162667235,0.4178345624188846,0.44320005374503413,0.7932866200590819,0.4385605008187746,0.6846780086619708,0.7289935598221531,0.5122083221345872,0.6963740088621431,0.6692327572779162,0.6883075190232626,0.7476311806688032,0.26047910544022745,0.8667753309640505,0.6524784756550412,0.6614943144055305,0.7030871744577718,0.7857843836066107,0.4740480397951893,0.5935939876012528,0.23459987848702873,0.6254830498012521,0.7451924902076348,0.7039785287485532,0.7182501172506409,0.36784170853786985,0.7462417048011585,0.7689645829881504,0.5389644363198601,0.5802680639959217,0.636976897255007,0.5498474795368717,0.5374780517650528
0.28463079129079766,0.6159186070916491,0.6559878162445877,0.2982634829962341,0.8129842780538559,0.5405845386813517,0.7850014860960349,0.25615468702401756,0.7801026368491345,0.8513136485727948,0.7829364536879972,0.7173706800041857,0.7495022758743957,0.775103810587971,0.13792064913739743,0.7019861392195748,0.7578122734145791,0.7274561980591459,0.9436325077853587,0.34511519358057263,0.0765699900764048,0.5633019800278817,0.14630711232708277,0.0,0.622156112037758,0.42374969686719427,0.2859537910846343,0.7129181780483506,0.5650152873747267,1.0062261185548445,0.7131913116761655,0.8055873367741795,0.8694126193940326,0.6086753151146296,0.9787129394459405,0.7065635302061117,0.45050852401678854,0.4465195632117157,0.9224067312510668,0.8461842153682452,0.9880493180209091,0.5349783492916801,0.5566400694087634,0.5246427213103726,0.6781450206359085,0.5909080271281898,0.5813593479722504,0.0,0.0,0.464858373544376,0.6109602112681253,0.38119376493860074,0.0,0.3273090138538036,0.6498340954074513,0.49817582407674954,0.6123538335454941,0.7438068005089037,0.0,0.3600936928631971,0.6894659810258212,0.6458736884465128,0.7135739047126967,0.477010042175598,0.4045180464240623,0.45270147464425314,0.6734856363919499,1.1608687584301467,0.5060752373043527,0.7234836102397886,0.6569290943757976,0.6182274815915793,0.5198331619845509,0.977650638453976,0.0,0.7447232873074271
0.9058309026744931,0.7596661961412691,0.6506439299836095,0.8093840190776364,0.5292390794144622,0.651678454254315,0.583729862368913,0.6936606897011018,0.6229690871083803,0.7337746504016034,0.6996237605415159,0.697330610656713,0.7247830425876954,0.6980625175113515,0.6449211530272903,0.9552995365607568,0.6148974900843229,0.7745489062609676,0.697641925461809,0.8698725637056648,0.7176982703545124,0.9479783030362038,0.6321187830790636,0.622156112037758,0.0,0.5112906912242368,0.7321856196607118,0.6989965826866515,0.7162196716660483,0.5450956251379099,0.6640300447070626,0.47146108852607194,0.7331970655004155,0.41024997046047185,0.5538117465363099,0.613680195185402,0.6381494415062127,0.39557680644379833,1.0084622110217334,0.7958431673230016,0.8905294884517444,1.0984973097677289,-0.10769591982681542,0.0,0.3712721746340911,1.0424314760809836,0.9029797090149585,0.0,0.0,0.0,0.687578652421674,0.6679884688023014,0.7694543718570297,0.4249698715029311,0.7773903747586486,0.46942133144644393,0.7797285885383527,0.5842097838055382,0.0,0.7194557680683725,0.9739815198999795,0.8357944838220397,1.0097250411731769,0.0,0.9583075583910752,0.8713297743043749,0.7883872748632827,0.7555587285196037,0.7386468172644172,1.0559342554737206,0.9732191374231762,0.6276886280734268,0.8781101206785298,0.7856094493772072,0.0,0.938000148648405
0.5394720969797082,0.6189697134249497,0.6555621375344463,0.6121971209025174,0.6541405956409259,0.8038069484643788,0.7022315662151866,0.5624588112990552,0.8257216474373499,0.6608643659511271,0.795326127556332,0.507370325344959,0.7772801016666142,0.5054316859979691,0.5828015764248262,0.6020151757523535,0.532959765008076,0.6455338360949505,0.718520853476114,0.46705184665154653,0.5621840126105253,0.6363175458511894,0.49164848244966963,0.42374969686719427,0.5112906912242368,0.0,0.6613028438003734,0.7283028968071457,0.7574747820592731,0.4152605757764454,0.4973181181242933,0.5792231319836932,0.5771617084600816,0.442941226706957,0.6217631691269269,0.4079243816358518,0.5518348104445296,0.445543268024706,0.5998719221160297,0.6821617954621647,0.7098806507868716,0.6231587847488944,0.38219631757096695,0.5126563580028205,0.4389242182559199,0.6927252579263791,0.7584312568734799,0.8183686785074494,0.0,0.0036053589865839893,0.727643711419153,0.7041052128579397,0.5286060272465644,0.6704182950825508,0.7688449191870446,0.0,0.8024696352811882,0.710231346683933,0.0,0.4022014458003693,0.7596300790609861,0.7734592340212938,0.8497410319291503,0.0,0.651340957330186,0.681090284408834,0.7284046725524802,0.7150239033402451,0.7337473076686184,0.8791898943485766,0.7652254566271772,0.6608706333126834,0.6672408141218013,0.7791278492782661,0.48009771801182505,0.714445657576659
0.503156336368308,0.5786754221953805,0.3677951317944902,0.8019490426092601,0.317992041623052,0.5337331024084002,0.5769943051573879,0.6206241763615743,0.649884981386406,0.6856961484012346,0.46615047681393956,0.9369564098176357,0.6081341522031939,0.5931755927846636,0.17513623197692124,0.6344510642954888,0.8370281505418169,0.8746608887160507,0.4755300526927655,0.5377114827992798,0.6370729437957612,0.42281622034035005,0.3976994381864818,0.2859537910846343,0.7321856196607118,0.6613028438003734,0.0,0.653946235381317,0.4605726837834506,0.5613334287117384,0.44993288634505224,0.5857735264268029,0.4703560311327015,0.5740288999031993,0.6834171368767601,0.5972949939474204,0.7580617766128595,0.9114716014434636,0.6162073564216278,0.5477071067561777,0.5744370872430282,0.4202303440196293,0.5605867702806728,0.5699325140605276,0.492665247594067,0.5794491632946465,0.6528526662187243,0.6767838744345969,0.5601546822975381,0.6931798434053842,0.5317651164934176,0.6357761477808901,0.5574239832057085,0.6487728311011736,0.7665825746906043,0.6918976449961391,0.5972414549273235,0.6568060745916472,0.6020496243882898,0.6382462206035675,0.8190741239300495,0.0,0.46693854528959466,0.6932465647918273,0.5617752092258003,0.6700925321810807,0.6279977129796663,0.5329540935515305,0.0,0.8523569412714435,0.6131881522278733,0.5511774368989759,0.593217586068338,0.5904181340525159,0.44311511470236076,0.5173437213161758
0.7648019410706276,0.6215267211500694,0.738397928258118,0.44021057056278196,0.5417722167013919,0.7297274255454751,0.3689184377623671,0.7286153019691053,0.731088456298709,0.8081548173418096,0.6944101844998175,0.8386309090169843,0.5716726887490429,0.4060078820286053,0.444623292620025,0.6167129642378582,0.8190127203563728,0.6220718938623988,0.7120012838253252,0.7065337419127913,0.7560029861114638,0.7321027274231335,0.6466236698384776,0.7129181780483506,0.6989965826866515,0.7283028968071457,0.653946235381317,0.0,0.7542227148502,0.46191310351319437,0.6090930296435617,0.5053171727590935,0.6673776445606985,0.5811700312593292,0.8018884570832636,0.41913265325949917,0.3069816334233479,0.7191671308243952,0.3778194779668545,0.2581221927579574,0.6099987577587713,0.20574667922980577,0.13641196831204971,0.2737720566659587,0.6122282573503455,0.6845944691952679,0.6847140599788275,0.6400781428884739,0.0,0.6925648674216924,0.6513509987145167,0.7422784839720351,0.7972950174060589,0.7132290229792552,0.7323610711979727,0.6000738038624327,0.33320811762944,0.7290796277786981,1.1752403636650857,0.6044607535831112,0.5305335252626496,0.3492462693991758,0.7250577962029157,0.6211610004297592,0.5802128078388133,0.745839516078102,0.6143922105280409,0.6822247478125443,0.5105023923853496,1.0124088120389538,0.6765191265440061,0.6529706479933391,0.7596324598022113,0.617298476930876,0.6752346390278332,0.6611017703643477
0.5956337431976816,0.5448770834741605,0.735199586609743,0.8937413967031675,0.5108161879088443,0.43883908049227377,0.6097837204501835,0.6078535736758393,0.5341177314418488,0.70065572958475,0.4846106549736193,0.8437074008263095,0.5692413669727565,0.7615194397462265,0.7709129106413941,0.5216300438445616,0.3701985746636624,0.5012181581968816,0.6895773707137054,0.5184861474580971,0.5519167294731424,0.502779598245767,0.5803631038706147,0.5650152873747267,0.7162196716660483,0.7574747820592731,0.4605726837834506,0.7542227148502,0.0,0.45860904570081984,0.4297473449950688,0.4681837121520249,0.2936792118585367,0.6198096183987758,0.6749151420955275,0.5292496454479418,0.7052867651586933,0.8633701416208599,0.5776289624215604,0.6462147128153377,0.5333401696770543,0.49783855541989996,0.4941807584494028,0.4060867235959143,0.40205775742569927,0.6039503429679624,0.6432779235808419,0.5573261325308465,0.4677813352273633,0.4936304102077326,0.6227408413480073,0.698143592654997,0.7892752116912501,0.6140519720955793,0.5525291070784107,0.620113631175434,1.1785000479061258,0.6895009633208193,0.5682369314515751,0.5950576171458295,0.7140207112282924,-0.2926507245920557,0.5157578930882774,0.26279777192082066,0.5448101982858221,0.6561392713511335,0.5978376653783497,0.5865778136339526,0.4844325557503091,0.7961680789332111,0.5967744642704602,0.4873107167913791,0.6263290914033839,0.5496312452488272,0.4889979941692526,0.4677221023298507
0.5599277305070414,0.5129830836939764,0.6732362524664046,0.5165673908847486,0.27878825812001606,0.6594696746975328,0.5908627001400022,0.5853147081376172,0.7053720473179915,0.5192636851083706,0.4877381948102092,0.5083832872277069,0.5865806557247086,0.8123291231183791,0.5791722081439182,0.5627046801582065,0.459157197215761,0.1587666651468561,0.5893564139997292,0.7036492278425945,0.7226016818150047,0.7144804728057295,0.5418333510052143,1.0062261185548445,0.5450956251379099,0.4152605757764454,0.5613334287117384,0.46191310351319437,0.45860904570081984,0.0,0.5203565126651066,0.4866832768168329,0.5014902286395271,0.8656266703654498,0.757641900932133,0.6784117528426652,0.48812190522364585,0.4378447665330857,0.7296794431198282,0.4592475168522961,0.37191640624713274,0.4708024924661468,0.8560857367376944,0.28055969039666206,0.0,0.0,0.0,0.23408281239661516,0.0,0.0,0.40283876473732444,0.7652584504778326,0.5304903779896879,0.6235923068441761,0.5013843716294057,0.0,0.009267374520431585,0.5574376950675641,0.0,0.5278195938758026,0.0,0.0,0.9847426485292066,0.9555377415680479,0.6218846699840876,0.6163930677251974,0.7575615644312466,0.6010488901332691,0.0,0.4417579476200883,0.484291824233104,0.5959040236585766,0.7020243800562753,0.4994792695415704,0.6873004738028585,0.30736854818235404
