0.0,0.6153547997564743,0.33703419399670953,0.0,0.49923275111537335,0.19600235082776857,0.3892914970036667,0.25049879226204325,0.42134520903944717,0.2376350308960336,0.4082859684591116,0.3769259845059341,0.3391882324935247,0.31307719900776904,0.39542493490303465,0.5123155594081802,0.16865746069488616,0.3656031057652366,0.0,0.542596767070762,0.15642269651830912,0.34908762170453034,0.402078485782726,0.20596410603318444,0.35004742751298834,0.5896595964778505,0.39611356617999716,0.39323645310810434,0.19351737788626666,0.31185657400908245,0.5147880801455094,0.564027499530958,0.6875178812896174,0.380769260374599,0.4842496761750024,0.4403799464202287,0.5081263496532835,0.274227699152108,0.5869607785249067,0.7536738612196716,0.6125597681667938,0.9981821529128236,0.47573639155079217,0.0,0.40697357217537417,0.6886107705269124,0.6223408514521679,0.0,0.0,0.0,0.37796810041344,0.0,0.5529774578359343,0.0,0.3952687076170756,0.0,0.5841420480509494,0.7725279374798999,0.0,0.37620748716182567,0.631164222149515,0.4611010000986788,0.6792874109793033,0.0,0.8074739342146804,0.5827876838146823,0.4031245665152083,0.4613088972028283,0.7245258475186607,0.6671373656875135,0.5430505426071506,0.4982962901184458,0.43116607887129205,0.37761650232998045,0.0,0.5441500715137373
0.6153547997564743,0.0,0.5692429453191992,0.41121178201704955,0.25990922832172714,0.3129866820000546,0.12630408952105843,0.3538528725990638,0.2592271086100939,0.3950241314668993,0.5145546689883063,0.34471674787493023,0.13618515617883475,0.3017630663869435,0.5812620684279952,0.3282797605417629,0.3837248275330458,0.4086698186938988,0.5146933356683475,0.23429543609978998,0.43730210032246475,0.46212334956569917,0.49046685924287015,0.6394473105078172,0.36095976484829256,0.6107354562954455,0.4494096961701023,0.17586910583643464,0.0838707568490647,0.4270466315941639,0.5120680116589871,0.3828747850778287,0.34029031004103993,0.46557802844442436,0.5234689217132048,0.5181092276634551,0.05006329180297195,0.0,0.44778475177948274,0.5655035000325535,0.42874039221671817,0.4836564644151791,0.4504263408239819,0.0,0.0,0.7131387928123615,0.5595169693587505,0.038396900532659164,0.0,0.0,0.3839243509476584,0.49564514920588787,0.5326051516462135,0.4554143242303618,0.5048362965270579,0.0,0.3964587658492941,0.42580583718778897,0.0,0.4466237477629539,0.43244481481874814,0.32963223802118735,0.5606537182690994,0.0,0.48902351294410973,0.7062831492540518,0.456620206211391,0.5245004000797466,0.3611455466920706,0.5363938366725545,0.47068770093075374,0.4027826402331171,0.5557940966644526,0.35164545752146614,0.0,0.5437577533819642
0.33703419399670953,0.5692429453191992,0.0,0.593938689126707,0.4096044219815973,0.4395141144431399,0.527718728252712,0.521291260413502,0.12933604931816423,0.578925364740947,0.21214186984337613,0.6551946288394446,0.5061818987023503,0.5291627696526502,0.3308973778337999,0.3482972456472845,0.6195044117324798,0.265231345800136,0.20167302121893926,0.42989075885087513,0.35024058037069195,0.3906712925023095,0.39459899333894977,0.495036028430183,0.5464606199599306,0.5889081060102312,0.2991338564692744,0.4442203550880902,0.4904353998660047,0.27940625359148163,0.5083225423717503,0.548533329469323,0.2982657423886097,0.5401108182596319,0.4914403974271725,0.5292364969152629,0.50973699656809,0.5154203829085316,0.742914826447848,0.4939990288212688,0.6960172284823224,0.5063704682195198,0.8129458630909464,0.7283146974357266,0.0,0.0,0.40444115304762307,0.25800311312219165,0.4761662370890715,0.5001820897235438,0.6302383893779964,0.6328610421750476,0.6821193065388327,0.8408836814092365,0.42008667645924525,0.4670166647049072,0.5251528982655203,0.6316281252248339,0.6458728153790068,0.3616790335029709,0.0,0.0,0.0,-0.046967140432945864,0.8863482746606968,0.5052674068008175,0.25400469238490947,0.5691094717302402,0.0,0.5619608605936424,0.5830626781287455,0.665423634211473,0.5589574156645336,0.4682225755338383,0.484456797374268,0.41780136781561705
0.0,0.41121178201704955,0.593938689126707,0.0,0.5226607730421047,0.48161053558383626,0.5443846549570373,0.4327660059134759,0.6653600227899016,0.2842141779368708,0.43502415261218985,0.3384482986524053,0.5710925688409502,0.5315678716973112,0.6939348323391911,0.31120969245568375,0.4718327594656586,0.47295434098723066,0.5970682392643256,0.5628604659404353,0.4778724979659984,0.44319854456628915,0.42187628479748474,0.3967391768600576,0.8102815626524232,0.4024854937037168,0.5092652922945208,0.5660737847773967,0.3187643682572041,0.6430808683341371,0.6471932795352998,0.5213045239214535,0.32483861147646936,0.5632603616716231,0.705075096283275,0.4797182916531903,0.48918239626777815,0.44740404915564436,0.1852457866366389,0.37431317828590244,0.5029711343084944,0.5079377305379963,0.3591958280930002,0.19964251442664205,0.0,0.0,0.0,0.42187476943984387,0.0,0.0,0.6415386293453398,0.0,0.4682902762576796,0.35840285803454497,0.0,0.49252646687252677,0.7115702169118077,0.45351307885411896,0.0,0.0,0.0,0.0,0.0,0.0,0.0,0.0,0.4719384419758097,0.8895871068595778,0.0,0.0,0.0,0.5796719080079139,0.48158603952634993,0.6530383752355307,0.0,0.0
0.49923275111537335,0.25990922832172714,0.4096044219815973,0.5226607730421047,0.0,0.23551931553167993,0.198939158206679,0.5313139528450574,0.23325449162944267,0.6484671618985014,0.3401794748701635,0.5409564242382462,0.3660794954311956,0.36993007807452793,0.5572947953747294,0.2311287986057511,0.6032384854271454,0.5605166455342411,0.6696232936542396,0.4567695877271806,0.5007388497021502,0.24786984789426386,0.47485959805596534,0.5858280409120171,0.3252389090992138,0.3864727740693208,0.12190259338886109,0.5451897434537749,0.45020405796283425,0.43494394943364373,0.6043684926572358,0.6468453621582841,0.21846218939228534,0.6127336884851144,0.5683259451401473,0.5175369302781263,0.4529157376643079,0.5014598554165405,0.6370639229275957,0.781772952387066,0.6622943217831861,0.5123693951500914,0.5754979759416363,0.757402088936961,0.37030273725817886,0.0,0.25551896317559564,0.7269632627815787,0.0,0.6146904097955375,0.5954975735147447,0.6929974323335294,0.15597234046962485,0.634683285774424,0.0,0.4091156476856812,0.30864494092682343,0.8072186750995243,0.39277958570297933,0.4732206199752549,0.4616400369197209,0.0,0.0,0.5595536066303517,0.5016108391553592,0.49857799224605603,0.4290420126341784,0.6550332459957184,0.0,0.49376763332739365,0.6725158410323626,0.5037761563163647,0.5972874816328819,0.44646178376211376,0.0,0.5254407586955557
0.19600235082776857,0.3129866820000546,0.4395141144431399,0.48161053558383626,0.23551931553167993,0.0,0.4661681058900615,0.5693073548271007,0.27392636833434253,0.6946690025307874,0.3135931835856309,0.8143415794039321,0.4973968579940568,0.45455332504183976,0.5037369035355064,0.36668364912567597,0.47749233270860614,0.33052398875297895,0.5278350752031632,0.5528046000607467,0.5230421483841607,0.3543294865592792,0.4493949753350567,0.023756015361924343,0.37260471832108355,0.5875863279568022,0.5352593010733027,0.5315796180729602,0.4377250852912208,0.5179258514692581,0.6141032648257909,0.42666458273341484,0.5139642078045069,0.6190560229502398,0.6696847768010512,0.6110795314550574,0.5983450413756548,0.5385186232058093,0.6373129625148509,0.17051390763309365,0.6060087016866649,0.7355398088395065,0.677114576744341,0.7179218834554519,0.11963323206997528,0.48142506982507016,0.41850546469271666,0.753474852219607,0.2900768531714026,0.44938656976833247,0.7256883871873046,0.7144685884795745,0.739784620893643,0.8375038605037359,0.553718569618468,0.7491447386376082,0.41261132640273723,0.7271892386542842,0.5660338555302918,0.6082235718537421,0.2782946375689331,0.0,0.4505112844945623,0.6310294112735481,0.6845181471467163,0.5726757030276457,0.5683132817010983,0.7019063398615795,0.49722120864552777,0.36280364019624023,0.38668809253011216,0.6826736204470467,0.6018634453899355,0.599568706459533,0.5218250414525363,0.6952895365833907
0.3892914970036667,0.12630408952105843,0.527718728252712,0.5443846549570373,0.198939158206679,0.4661681058900615,0.0,0.5874750840452598,0.3695035695566425,0.5085943945123914,0.620663814058238,0.4364615584162961,0.4198202424548511,0.3749749380077955,0.951563728667252,0.17408441809078046,0.550619312465079,0.3415016676404614,0.526314138294189,0.3632192266930152,0.2792735920320557,0.19049738903097496,0.6120804864766902,0.3859393206643801,0.2690646923945278,0.5246328076740338,0.539523001998118,0.584560893219585,0.45677919496458125,0.4739069893176374,0.48806030046963844,0.7480720868327801,0.2290739171439794,0.3871537112228427,0.2692287832745085,0.7346196885652347,0.48940257716109054,0.5006918138608211,0.7568885370635949,0.23065207350410863,0.5686973383389655,0.8244024629420672,0.6160268640285658,0.9916076013915336,0.46383329864061085,0.0,0.47902614368805785,0.5610178178077374,0.0,0.528450008080928,0.6861903229698578,0.6906104424429174,0.6177923482051323,0.7759498760465132,0.6454485355918206,0.3784582611259363,0.5468090139896258,0.6360281679130435,0.4560552777299149,0.3392569504733602,0.4858692161549899,0.0,0.5055030378572494,0.6856594158147619,0.5506342947435964,0.6960160542190146,0.5458950089994394,0.6684263463010999,0.4628944686920762,0.5488392544726134,0.4891407144681801,0.6402312148043194,0.635509421492914,0.4878588025552736,0.6115126987525654,0.60543592042986
0.25049879226204325,0.3538528725990638,0.521291260413502,0.4327660059134759,0.5313139528450574,0.5693073548271007,0.5874750840452598,0.0,0.7592744239225862,0.5454336202406722,0.3416846176479209,0.45158876317304864,0.560979389223556,0.7114757265058179,0.4787650187838769,0.3735654008931732,0.42583490135829316,0.33258596395368273,0.539462510674761,0.6254838885207221,0.29337263783255957,0.3403213853885608,0.434245146606944,0.06964524703799482,0.20240975537818473,0.36430603920586646,0.4855163301759006,0.4319481389136589,0.5151858744555395,0.3267208284823213,0.559907254655372,0.45415658588406566,0.39369441142877276,0.4821363282580191,0.4462452535285216,0.640125204086407,0.5025706149249423,0.4291374548979062,0.6350502035550027,0.5498036249388815,0.42377319749491765,0.5394980214495724,0.6535361452163795,0.6801576761951289,0.0,0.4456110074718882,0.37043440586787085,0.7410746009455484,0.0,0.5953556747619921,0.6027881336617686,0.6284823152489912,0.5212816701292741,0.8101642438724161,0.6468451574691296,0.43800077415271066,0.9932032111861354,0.5918377613959326,0.5905876777716104,0.5887026319525974,0.22165311643256713,0.0,0.5843817993140639,0.7557207890110043,0.6665658515188079,0.7418929293120569,0.4064703167185503,0.6446363383582192,0.0,0.24113926267663807,0.29876695187413627,0.5370652110127274,0.5253762252653899,0.6136528084925157,0.4768737261847401,0.4985708897846364
0.42134520903944717,0.2592271086100939,0.12933604931816423,0.6653600227899016,0.23325449162944267,0.27392636833434253,0.3695035695566425,0.7592744239225862,0.0,0.6979948179411672,0.27232425491836953,0.6878742491340585,0.5092081501772885,0.6841605505962455,0.7916625906701964,0.35874009389862094,0.5554992819694407,0.4814772066306322,0.11102198366630028,0.5372823631202884,0.3363735083627762,0.3832584914286258,0.5083619190606676,0.5971967384339938,0.46865319113662984,0.7905947567181545,0.23130775795609695,0.5392695076238503,0.4859697154629879,0.5477219536294323,0.6192359698954475,0.7057714740616174,0.5101238242993075,0.6530761863311094,0.639529303012075,0.7654249410815029,0.6753130253081567,0.7198815424146943,0.807739668838744,0.48682137312447465,0.7129163868831657,0.8658355475676254,0.7122918877905572,0.9033063738856731,0.2969049156359029,0.0,0.15993612567595433,0.7388491779341443,0.4684366700474877,0.6253866046312446,0.7754653597653554,0.7779557546268023,0.7662666415864933,0.6840792412278223,0.33406582616429303,0.5948040754475425,0.354137659511353,0.6777136204592278,0.4222816809574425,0.528125441169216,0.40810196786002295,0.0,0.0,0.6866260449720281,0.6877139053513213,0.8296333338222788,0.28662297034085443,0.7742580886446913,0.41957054253235915,0.4665154651996896,0.3133738843499809,0.7074077148652922,0.5990422245102662,0.40813177297667325,0.35278613734106423,0.8233133072221471
0.2376350308960336,0.3950241314668993,0.578925364740947,0.2842141779368708,0.6484671618985014,0.6946690025307874,0.5085943945123914,0.5454336202406722,0.6979948179411672,0.0,0.815506887301444,0.585613769853293,0.7226610006980984,0.6302585535428347,0.5500886508761627,0.24148667299026316,0.57967464367614,0.3225187423603829,0.6408550362703683,0.7413166929763715,-0.011339487844133356,0.38345693285123045,0.5593308449949912,0.42492837243404225,0.6820857693402949,0.33037938252272303,0.6050966247670151,0.7834565006919614,0.6560574717510745,0.5192210034665274,0.6138368452332206,0.5126699954629887,0.6321980451166643,0.6353661768503486,0.6114927146315519,0.420537631332196,0.4940470202971018,0.3720459166740553,0.37711243060541366,0.25758054717784035,0.209642504832189,0.38500899751037154,1.2083931440656257,0.287021790605273,0.30423292360397813,0.5765932581556626,0.36851799228701015,0.9727755052991265,0.472432237033239,0.49012770060790767,0.6437120461403705,0.44741613507109285,1.2416507014275107,0.42193022646491013,0.4394927924916557,0.7926916329218829,0.4155562799305664,0.6135009602767085,0.0,0.6132463785062551,0.2910858193977037,0.5355238860418678,0.6635318501791292,0.4838350612075617,0.47618655234455676,0.6437826275577112,0.5356600430144975,0.7704534119604429,0.32812356396853076,0.5797518786571356,0.5138514822452847,0.67914730153437,0.3882998970703264,0.5479157731163331,0.0,0.3912151745605239
0.4082859684591116,0.5145546689883063,0.21214186984337613,0.43502415261218985,0.3401794748701635,0.3135931835856309,0.620663814058238,0.3416846176479209,0.27232425491836953,0.815506887301444,0.0,0.7378773546322681,0.6987974939204301,0.588435403582906,0.0,0.5012699019996228,0.7189690832204317,0.7256581795256075,0.13777431335769508,0.4622907096624096,0.56407384482991,0.45057218257566634,0.16588301204537637,0.6676132412085908,0.7781533476387174,0.7882981894470973,0.28400669997343325,0.7175105581459331,0.5594173243370693,0.5107175298951869,0.7137872359063376,0.7532457542536691,0.5825701184154946,0.7808981645729361,0.6570531226637664,0.481524249016138,0.7380499222527088,0.7881851742858407,0.6031524387821048,0.6023478235277204,0.7978618567176344,0.42422070351440455,0.6836467964734501,0.5128068685241395,0.12468454493315449,0.0,0.0,0.29321613350745557,0.4809889063833947,0.23706263250104512,0.5707458384326384,0.503441479063802,0.7109930759793446,0.7439860418464157,0.3367034597407211,0.1036354058840909,0.44611345338465913,0.6362472434339044,0.606691098185172,0.0,0.0,0.0,0.0,-0.025005315306172227,0.27131456027306305,0.0,0.5332128554487481,0.6980705018954072,0.0,0.0,0.9367091011792223,0.618397415355322,0.4417822195906802,0.3107395143214614,0.0,0.5722660992346942
0.3769259845059341,0.34471674787493023,0.6551946288394446,0.3384482986524053,0.5409564242382462,0.8143415794039321,0.4364615584162961,0.45158876317304864,0.6878742491340585,0.585613769853293,0.7378773546322681,0.0,0.6946975006055061,0.4495219691099309,0.5624258880374302,0.4050966584866017,0.6218992295712698,0.430403356745005,0.7685269691315988,0.5852547163846167,0.027906251218999423,0.3552529423936836,0.3483988181021931,0.4480144063431215,0.5130325814877138,0.24783152715120915,0.6593092292396607,0.8202194780153673,0.6627495686646151,0.3588141663726559,0.6544011897064512,0.5068050686281912,0.481600360889849,0.40728390015274213,0.32253178353039325,0.6067388840495755,0.3296271984430329,0.2902548936615913,0.5845548430349293,0.36595233997682924,0.2700958264863496,0.25507903018466294,0.3830975214063115,0.4101752108106067,0.3148544709498752,0.4856731715052197,0.4705110780197666,0.1939283301330378,0.3184927050239804,0.29122589219034367,0.3177950853185405,0.501526402522577,0.3859876323229747,0.48644121021001574,0.491142588155616,0.27901635808097947,0.5890890427863107,0.4670644604693577,0.5734654402296866,0.5498052907411057,0.42491683340865094,0.5460302190960369,0.74131144884491,0.2997438594971242,0.7195584906425168,0.8660294567811648,0.24672499921798882,0.5263291819079086,0.4115222755145212,0.61853360730673,0.5323061990919097,0.34561969740540377,0.51041491340755,0.5507739397711191,0.0,0.47831301373425184
0.3391882324935247,0.13618515617883475,0.5061818987023503,0.5710925688409502,0.3660794954311956,0.4973968579940568,0.4198202424548511,0.560979389223556,0.5092081501772885,0.7226610006980984,0.6987974939204301,0.6946975006055061,0.0,0.5705481592951849,0.4207499455349126,0.20343901661142422,0.5525194452253157,0.4388712303688466,0.5756652490269656,0.3419383065684756,0.24345875251385363,0.23334747349869678,0.5675720653170587,0.4774203477910357,0.5150628982080085,0.5933278530069939,0.5005927654447355,0.3534097755209616,0.5238654198572182,0.5935532192152349,0.4542448636905728,0.6667698108023181,0.21674134301131115,0.48554529742018493,0.37908610025580725,0.6644840874542919,0.5148297963136514,0.538514023704184,0.6833444519512937,0.4400911677842095,0.7078157859949273,0.7498067088518287,0.5662067563531881,0.4776602470509628,0.3837188093270633,0.6178429576782833,0.4540977319344591,0.782587302163142,0.0,0.5646184185071439,0.7032355828369801,0.6729683362084993,0.6434101678156576,0.8123443337765448,0.5406164591360825,0.4035805253223417,0.5138001636743936,0.7190892200646477,0.4163823236105192,0.5215150243451965,0.36366723022913106,0.42649314261978216,0.5487338642994519,0.6076748771693661,0.5624254182308859,0.5990133848507314,0.4277514547643702,0.6898925614850734,0.4126450461656896,0.477969397813492,0.3809116226092918,0.6461300591581949,0.6089711253036505,0.46842077165466556,0.3575967712069782,0.6563439582528325
0.31307719900776904,0.3017630663869435,0.5291627696526502,0.5315678716973112,0.36993007807452793,0.45455332504183976,0.3749749380077955,0.7114757265058179,0.6841605505962455,0.6302585535428347,0.588435403582906,0.4495219691099309,0.5705481592951849,0.0,0.3554421934561678,0.5083845165410357,0.5041679374006869,0.4762754523896854,0.5645010619082174,0.5297424152601733,0.4004685114377228,0.21796329329931508,0.5941240074021819,0.517048473154502,0.4543546533964223,0.3370041789978387,0.39012362432666625,0.5282207637066374,0.4303905256619447,0.5230815678633414,0.4535733000206282,0.4154020134381998,0.33905383505824616,0.6029879605453887,0.9219635537845601,0.713118252739168,0.5579882965873062,0.3156715766512484,0.5201356237381969,0.0,0.6348742841702684,0.6981559741418258,0.6335051207241547,0.47554579359053994,0.0,0.0,0.0,0.806110606453611,0.0,0.47759955627603545,0.4160569106892324,0.5567279253775235,0.6172233865166158,0.4065237211561783,0.0,0.3558906710223986,0.3944187364717441,0.6405085549232756,0.3927405605851222,0.0,0.0,0.0,0.0,0.4313531069739547,0.0,0.0,0.0,0.595877903082344,0.0,0.0,0.0,0.41192670009838717,0.6248587914815494,0.0,0.0,0.0
0.39542493490303465,0.5812620684279952,0.3308973778337999,0.6939348323391911,0.5572947953747294,0.5037369035355064,0.951563728667252,0.4787650187838769,0.7916625906701964,0.5500886508761627,0.0,0.5624258880374302,0.4207499455349126,0.3554421934561678,0.0,0.3762452242172393,0.2831498292634168,0.25785740178500427,0.0,0.6184562994494232,0.7024735964365882,0.7928115786177152,0.25374809212375415,0.35261281019545343,0.4334535081163459,0.5867211829099428,0.5957583019127181,0.21698580030204284,0.27585254830407824,0.42321517507772455,0.6590940630454734,0.36354217164814373,0.6756468434293181,0.5671609300763907,0.537180397452429,0.6459937233341457,0.574401286599183,0.3916187189511052,0.39108597240685616,0.6415416969484868,0.520858743148224,0.4913633141561492,0.0156205168429559,0.538565778893789,0.0,0.5127545579291619,0.8027324503238591,0.2469469189413637,0.0,0.0,0.5875842362104609,0.6915800738803951,0.5210207316270161,0.6245067187541852,0.0,0.0,0.5411353759684645,0.5744075168827363,0.48193615318809757,0.5997971458717786,0.4807262534519196,0.5359841221407027,0.7139162186073671,0.0,0.7974909278142055,0.5499242379999705,0.7385742326876861,0.6687892721062088,0.4817801005424847,0.45883693083485116,0.6282782213130426,0.5801374203233639,0.42938426576234645,0.34895185131104933,0.46956150492770277,0.5190189044617944
0.5123155594081802,0.3282797605417629,0.3482972456472845,0.31120969245568375,0.2311287986057511,0.36668364912567597,0.17408441809078046,0.3735654008931732,0.35874009389862094,0.24148667299026316,0.5012699019996228,0.4050966584866017,0.20343901661142422,0.5083845165410357,0.3762452242172393,0.0,0.36305574534632523,0.44773471083605026,0.46321080098513484,0.3402720888096768,0.298989263446339,0.11209862346341665,0.375903049240608,0.6226264232736376,0.4214153553452912,0.472003666013446,0.3486137878791301,0.10007204481793705,0.20308688498907115,0.2205853097549435,0.22404146969513583,0.30088082793016774,0.24331207907500987,0.17406447795293542,0.3557427882597587,0.593407331097249,0.400367351772575,0.44419618896352375,0.37660293603523426,0.4102897464854006,0.3176559424958777,0.4589134991825612,0.4696367096546926,0.0,0.0,0.4030565930930528,0.45023690747808476,0.0,0.0,0.0,0.34368266163822964,0.7281799248046108,0.6720285530561175,0.0,0.4291989942157317,0.0,0.23703226314940146,0.5550300477887085,0.0,0.5935116266909723,0.35713137826835273,0.510385534973447,0.5787086021780093,0.0,0.2947783423796272,0.5855958647041491,0.3291062428599567,0.7738365888258043,0.45379474304862233,0.5607389629204064,0.47542454043788873,0.5237885245434666,0.47250225033921384,0.1793984742519767,0.0,0.38348873692634944
0.16865746069488616,0.3837248275330458,0.6195044117324798,0.4718327594656586,0.6032384854271454,0.47749233270860614,0.550619312465079,0.42583490135829316,0.5554992819694407,0.57967464367614,0.7189690832204317,0.6218992295712698,0.5525194452253157,0.5041679374006869,0.2831498292634168,0.36305574534632523,0.0,0.4923093089165829,0.5570603804130541,0.3600651864406276,0.16597592057778787,0.42000743513745137,0.42320515575888246,0.4884148625091952,0.5700568168405207,0.35075448873053733,0.4969537732762278,0.7597748261011557,0.15641839784232467,0.43887641983694936,0.441930316230031,0.5660209361523085,0.641161313787092,0.5849894909451665,0.7478448053787261,0.48762695175852,0.36961026666822205,0.3407433861326708,0.6134761819423901,0.28707729876448806,0.5413874239268942,0.6116585469142461,0.0,0.0,0.30319293597574015,0.585688029433973,0.4346189457755589,0.0,0.0,0.0,0.0,0.0,0.0,0.0,0.502786011630151,0.0,0.4644223376699444,0.40905583657395844,0.0,0.6065944824351527,0.40381232004546014,0.4776243475544291,0.5673335129032829,0.0,0.0,0.0,0.6589982408188616,0.0,0.44392466657784424,0.6112975550363231,0.489581803230665,0.0,0.26808836306023814,0.4785117190740022,0.0,0.6904345193456458
0.3656031057652366,0.4086698186938988,0.265231345800136,0.47295434098723066,0.5605166455342411,0.33052398875297895,0.3415016676404614,0.33258596395368273,0.4814772066306322,0.3225187423603829,0.7256581795256075,0.430403356745005,0.4388712303688466,0.4762754523896854,0.25785740178500427,0.44773471083605026,0.4923093089165829,0.0,0.39612441016677935,0.26876185758403576,0.3143255911626341,0.17315991988998877,0.37454378472742206,0.35077128647179584,0.4003948222616944,0.2664841224915365,0.32420600902236024,0.36395283493420744,0.13183200743105705,0.3413102643596394,0.32291072688448286,0.38623463380751394,0.5793355126640642,0.4921957246181524,0.5034721358783301,0.4228136396300552,0.40542235343178507,0.16033288883465222,0.18357303051046753,0.508720048093617,0.5928640195357655,0.5134650824006795,0.0,0.0,0.38114402938069836,0.5060262783659761,0.3402691245743264,0.0,0.0,0.0,0.4644937265332953,0.4850895955749229,0.5830334242249946,0.0,0.5508862497468399,0.0,0.47160290763851626,0.542674099862016,0.0,0.6253120808109083,0.3388149307142665,0.5373314319105068,0.546884653511506,0.0,0.37764545617432216,0.6483943869861675,0.19848551427366667,0.7682069021050101,0.5441786696503037,0.5839073455672574,0.526170430744904,0.48568071966583215,0.6949057716597212,0.46328598112913744,0.0,0.819931834925274
0.0,0.5146933356683475,0.20167302121893926,0.5970682392643256,0.6696232936542396,0.5278350752031632,0.526314138294189,0.539462510674761,0.11102198366630028,0.6408550362703683,0.13777431335769508,0.7685269691315988,0.5756652490269656,0.5645010619082174,0.0,0.46321080098513484,0.5570603804130541,0.39612441016677935,0.0,0.525011276917312,0.5632246410005236,0.4870679285377312,0.3740670014728749,0.473154025203568,0.44960814020423245,0.5288821516357631,0.39125749349755196,0.5837607742973734,0.65525469732945,0.5870929203785745,0.6323938330726324,0.6795899957704203,0.4861081630271694,0.7138925716612501,0.674230654704262,0.47045018429781815,0.661577140352049,0.5771513548391306,0.8691118640747862,0.4710456230254336,0.3282734925937216,0.27558462305185205,0.9242643159955123,0.5139451587859125,0.010380940376999532,0.0,0.0,0.0919434909945937,0.0,0.5987719500948135,0.6517526128683087,0.7375170747021624,0.7512375758294485,0.8563028601518525,0.6213726000104193,0.11128369744939073,0.37524644533061763,0.6841923713345457,0.6282109985666933,0.0,0.0,0.0,0.0,0.7956950739742921,0.47874326515118426,0.0,0.4968842749367103,0.7410007508319905,0.0,0.0,0.0,0.6733672705055946,0.7645030016298717,0.2870855442813737,0.4606735717030779,0.5296375113704279
0.542596767070762,0.23429543609978998,0.42989075885087513,0.5628604659404353,0.4567695877271806,0.5528046000607467,0.3632192266930152,0.6254838885207221,0.5372823631202884,0.7413166929763715,0.4622907096624096,0.5852547163846167,0.3419383065684756,0.5297424152601733,0.6184562994494232,0.3402720888096768,0.3600651864406276,0.26876185758403576,0.525011276917312,0.0,0.4252984044225874,0.3052295722415018,0.5537184110717475,0.7093834618616071,0.23492424675434048,0.38266767540997476,0.5272186576945534,0.42735217694166516,0.4000478465466406,0.7134675974439433,0.6449803895800392,0.2668564000659619,0.20694429033852124,0.5561292820240168,0.5233903777607958,0.7184252909701456,0.18885408829384515,0.7795107221565037,0.34745273475782923,0.39010123298244526,0.4224556101946478,0.4565672102312437,0.021750623328486873,0.2872128116959548,0.3423637945606766,0.698400792039181,0.5897213403912838,0.4867909345642113,0.0,0.0,0.45538924944112236,0.5376474435622791,0.5815767161964396,0.569241788110985,0.7897000708269435,0.0,0.4382331855950123,0.5668433170752946,0.0,0.5602591234665111,0.29897281838087586,0.47218722617967224,0.31404381538449944,0.0,0.4501068833169448,0.4370592761447836,0.45099544306375217,0.5103255209564079,0.0,0.40484050267330185,0.46739782085618076,0.4335492173288866,0.406805222970203,0.41639347856968906,0.5115920542201595,0.47512665951824595
0.15642269651830912,0.43730210032246475,0.35024058037069195,0.4778724979659984,0.5007388497021502,0.5230421483841607,0.2792735920320557,0.29337263783255957,0.3363735083627762,-0.011339487844133356,0.56407384482991,0.027906251218999423,0.24345875251385363,0.4004685114377228,0.7024735964365882,0.298989263446339,0.16597592057778787,0.3143255911626341,0.5632246410005236,0.4252984044225874,0.0,0.3587425530922107,0.4650723196210246,0.04985836106278074,0.26169829128197497,0.6876897287732069,0.4352011154309747,0.14550198962576724,0.16404830426087796,0.45928539137705876,0.28877663751797855,0.13739266539192407,0.3733256489681131,0.2626920730967093,0.4048164950544149,0.37692908570878536,0.2769307345869739,0.36699518712895474,0.5158405724435181,0.536699866168611,0.5748293202501951,0.6853881656498693,0.35951604427321115,0.0,0.0,0.6153498494415441,0.6370042148411988,0.5895588048430556,0.0,0.0,0.5401178189252589,0.4814206424165709,0.7591191343234174,0.7009149438602627,0.6548033581227346,0.0,0.8433129812459315,0.5769251070305594,0.0,0.5695763443491173,0.47265363897200485,0.0,0.33462766493137436,0.0,0.6643237529033369,0.7491128085305603,0.5834570807437107,0.40012022851154105,0.5464295830588343,0.37267454656080623,0.6119926830925713,0.4797441050480873,0.37559335323019316,0.4450539955977142,0.34712803326187514,0.622644964181962
0.34908762170453034,0.46212334956569917,0.3906712925023095,0.44319854456628915,0.24786984789426386,0.3543294865592792,0.19049738903097496,0.3403213853885608,0.3832584914286258,0.38345693285123045,0.45057218257566634,0.3552529423936836,0.23334747349869678,0.21796329329931508,0.7928115786177152,0.11209862346341665,0.42000743513745137,0.17315991988998877,0.4870679285377312,0.3052295722415018,0.3587425530922107,0.0,0.46212282023139073,0.31962485702460747,0.3667016264830463,0.6245622373918414,0.4887485420675326,0.3760157930458102,0.31263572042352383,0.5661976522832557,0.8238632627589708,0.48696400532893,0.3450874253006503,0.651162923616319,0.6489630563554332,0.6985473604958922,0.6151569223265858,0.43761160773205154,0.413289822200573,0.3049883882350648,0.40431189880973983,0.5038718371567996,0.4357457014411297,0.26286254348435983,0.40801031341346633,0.5120001894548869,0.4650800362208769,0.5760640545437539,0.4779274091339879,0.40370600664328965,0.4679372404306501,0.9819585738896821,0.6287099226152199,0.6252595821559883,0.21281856439867844,0.0,0.5224551878397029,0.5498607970358387,0.0,0.6351309303556278,0.23779912729954247,0.4722995971295969,0.37235386783647384,0.0,0.4536039938269134,0.453894842426636,0.47696042782914133,0.5048582930162595,0.5227081526822921,0.35530496345283175,0.36631039594801873,0.5310184726224101,0.6772390530356605,0.4256898224613019,0.486907622169673,0.41559362452594273
0.402078485782726,0.49046685924287015,0.39459899333894977,0.42187628479748474,0.47485959805596534,0.4493949753350567,0.6120804864766902,0.434245146606944,0.5083619190606676,0.5593308449949912,0.16588301204537637,0.3483988181021931,0.5675720653170587,0.5941240074021819,0.25374809212375415,0.375903049240608,0.42320515575888246,0.37454378472742206,0.3740670014728749,0.5537184110717475,0.4650723196210246,0.46212282023139073,0.0,0.25827568056367284,0.343205611532989,0.5048697408390382,0.3331934183328177,0.3609037420580485,0.43002553346563593,0.3309235250874254,0.45445714286266536,0.3790236595821299,0.5128389072072899,0.40700485997456204,0.4961876066889407,0.5580462252478731,0.5541876986580861,0.4125730551588162,0.5726604168315235,0.6273499365216508,0.5205615091511849,0.5619014918641738,0.7236555027389941,0.7228082672024124,0.43241636183917787,0.3228318436079882,0.6024497500020172,0.8022850599719675,0.12095303156755277,0.648162690865113,0.629683416241308,0.6465063265369015,0.661302892493103,0.7891833866134439,0.6185188324445352,0.7677856109685073,0.2741425701373388,0.5928821155891737,0.7595668934309381,0.5908453639077562,0.4977290287545222,0.47618655234455554,0.071317847029998,0.7854264424403522,0.5287502298113012,0.6083192280733525,0.5911320893756755,0.635858111828774,0.3555856232993552,0.5014570680858839,0.41425394509386937,0.5129574890766447,0.499661062939016,0.4446902564175988,0.5013041400323549,0.561389841804445
0.20596410603318444,0.6394473105078172,0.495036028430183,0.3967391768600576,0.5858280409120171,0.023756015361924343,0.3859393206643801,0.06964524703799482,0.5971967384339938,0.42492837243404225,0.6676132412085908,0.4480144063431215,0.4774203477910357,0.517048473154502,0.35261281019545343,0.6226264232736376,0.4884148625091952,0.35077128647179584,0.473154025203568,0.7093834618616071,0.04985836106278074,0.31962485702460747,0.25827568056367284,0.0,0.46381081669432833,0.37301158263471623,0.36017666779798885,0.5239133003471449,0.723709205220584,0.6722326189414178,0.4404868796458259,0.5120450663697105,0.25620212102961964,-0.08415100862969926,0.14792051324886635,0.32154679380336754,0.24613503095376293,0.20080046918664413,0.7642096722129694,0.43534166194294865,0.634512052274921,0.7382863189922613,0.6922176540288296,0.34344856428424947,0.45349215411054655,0.4166749547254265,0.6386933521744427,0.0,0.0,0.48095160936609355,0.5138295560952361,0.3954492146190414,0.0,0.3072874256055582,0.474718031411598,0.48247324707293093,0.42519493866811875,0.5947880084529537,0.0,0.38309538349445293,0.38349188314315114,0.5386803669422886,0.6937458074209928,0.4595395100517393,0.4406035307482081,0.3364919601971747,0.13979804769852217,0.6732735703901888,0.3383786272030225,0.6372259904333492,0.5239096575367765,0.4368212444004541,0.5817120366719086,0.8913834741751049,0.0,0.30585674851241956
0.35004742751298834,0.36095976484829256,0.5464606199599306,0.8102815626524232,0.3252389090992138,0.37260471832108355,0.2690646923945278,0.20240975537818473,0.46865319113662984,0.6820857693402949,0.7781533476387174,0.5130325814877138,0.5150628982080085,0.4543546533964223,0.4334535081163459,0.4214153553452912,0.5700568168405207,0.4003948222616944,0.44960814020423245,0.23492424675434048,0.26169829128197497,0.3667016264830463,0.343205611532989,0.46381081669432833,0.0,0.34076318085439306,0.4850692327083262,0.5025925344085471,0.12953608968126568,0.32694775832591433,0.49333655323050446,0.3928284100361338,0.6544116361164549,0.4668542542375814,0.6834225217618533,0.29979369330226074,0.649976014886468,0.3720934049303802,0.4044548763874799,0.5616398641036884,0.49593012770912565,0.6096680188404209,0.31694502048119505,0.0,0.2892739071762611,0.576184892810339,0.5224896540764901,0.0,0.0,0.0,0.28789969355829303,0.4696911920948105,0.6218749892084858,0.42466039807362216,0.5245799063000887,0.4798703074598286,0.5064244044703428,0.2897658421778029,0.0,0.5234203673848998,0.46193896877687296,0.5189688550782128,0.5926015916273771,0.0,0.46767699996510914,0.4479139293132479,0.466221419403578,0.42297980588535455,0.5450151978494385,0.5917682003537974,0.5492971361112259,0.2889295867659182,0.5975235763956743,0.284108479049509,0.0,0.5939424387838489
0.5896595964778505,0.6107354562954455,0.5889081060102312,0.4024854937037168,0.3864727740693208,0.5875863279568022,0.5246328076740338,0.36430603920586646,0.7905947567181545,0.33037938252272303,0.7882981894470973,0.24783152715120915,0.5933278530069939,0.3370041789978387,0.5867211829099428,0.472003666013446,0.35075448873053733,0.2664841224915365,0.5288821516357631,0.38266767540997476,0.6876897287732069,0.6245622373918414,0.5048697408390382,0.37301158263471623,0.34076318085439306,0.0,0.6665271307104766,0.6366062268718824,0.45088624226657487,0.26172531773404123,0.5608387794169356,0.535184828482676,0.5985095354256236,0.5238730364608021,0.63865176081384,0.5855189276499658,0.25476704154139107,0.3570501171470794,0.6709479083866285,0.5856593872480144,0.628462312008999,0.5025450500831518,0.1874322206716545,0.520071859642415,0.4899462452542144,0.6988277579169665,0.7715798257915187,0.6930230102639732,0.0,0.004186548189488059,0.44776888606961873,0.3774563332852725,0.6390661737388176,0.5636056259997658,0.5029053454980501,0.0,0.5244314201120219,0.6896811908281338,0.0,0.6435660667716999,0.5321098728639033,0.5271651605575581,0.6138538356747024,0.0,0.6399290500188543,0.8092790610358769,0.6155533592894036,0.40132699992481147,0.5090173677731036,0.6133671650846308,0.5003756473773949,0.4887916201108646,0.6510358528557292,0.4723301387347411,0.4900898235313051,0.5787407978586414
0.39611356617999716,0.4494096961701023,0.2991338564692744,0.5092652922945208,0.12190259338886109,0.5352593010733027,0.539523001998118,0.4855163301759006,0.23130775795609695,0.6050966247670151,0.28400669997343325,0.6593092292396607,0.5005927654447355,0.39012362432666625,0.5957583019127181,0.3486137878791301,0.4969537732762278,0.32420600902236024,0.39125749349755196,0.5272186576945534,0.4352011154309747,0.4887485420675326,0.3331934183328177,0.36017666779798885,0.4850692327083262,0.6665271307104766,0.0,0.3874160856854294,0.4903877409710402,0.4436968745598766,0.544383813455351,0.3794223229960255,0.470506302763106,0.5768758561733219,0.5679045461546293,0.4277740781743484,0.5184840297698116,0.5457284382674207,0.5973918022829249,0.46037028796915536,0.49821173726184054,0.5140873261860338,0.6094964641998113,0.7217370029542745,0.2340013467322993,0.39250117047559374,0.382214975127385,0.6754247198385865,0.3170955476146303,0.504134680947373,0.6143331136913897,0.5723810983834665,0.5620413927043805,0.7396201869790804,0.6445933873082422,0.6987324347340953,0.2543299531690263,0.5976527872440358,0.6352141395044584,0.5523343350515036,0.2931418583950125,0.0,0.4286867350377076,0.7105801726653285,0.5451871330402084,0.6099998746806817,0.5179297888638928,0.5789447046155469,0.0,0.3925680508464553,0.3592889679837452,0.5334859761537429,0.4974101259290014,0.4503022414201746,0.46900000152461824,0.5801747314484988
0.39323645310810434,0.17586910583643464,0.4442203550880902,0.5660737847773967,0.5451897434537749,0.5315796180729602,0.584560893219585,0.4319481389136589,0.5392695076238503,0.7834565006919614,0.7175105581459331,0.8202194780153673,0.3534097755209616,0.5282207637066374,0.21698580030204284,0.10007204481793705,0.7597748261011557,0.36395283493420744,0.5837607742973734,0.42735217694166516,0.14550198962576724,0.3760157930458102,0.3609037420580485,0.5239133003471449,0.5025925344085471,0.6366062268718824,0.3874160856854294,0.0,0.40325589795383276,0.3145386079842851,0.5740161600552871,0.5405395752832145,0.39721031330814766,0.46625989434328285,0.7461405223771388,0.5801326381466873,0.5204407490778034,0.6221861295635263,0.4898119921619304,0.4157231578817212,0.7193718232491803,0.7109030216586402,0.53835813001309,0.8671437244049223,0.562865674583064,0.5203660571183452,0.2624968419674138,0.7439140381799905,0.0,0.7367324633967927,0.6939505369165626,0.6837355748973852,0.5803537295968113,0.7292364079907336,0.5901344839564049,0.49016854273697374,0.31597612976586353,0.6401711059232309,0.41991442799043,0.49902835896173764,0.40093422859710565,0.3535872260537044,0.4479109822650228,0.7842819676850934,0.5070886691790334,0.4460491405676407,0.44090107371087317,0.6323962599958276,0.4897535940184717,0.2749572401048963,0.5020000136296272,0.5697077897528717,0.5438978023435066,0.38396817568192787,0.41723018329638983,0.6111475790994423
0.19351737788626666,0.0838707568490647,0.4904353998660047,0.3187643682572041,0.45020405796283425,0.4377250852912208,0.45677919496458125,0.5151858744555395,0.4859697154629879,0.6560574717510745,0.5594173243370693,0.6627495686646151,0.5238654198572182,0.4303905256619447,0.27585254830407824,0.20308688498907115,0.15641839784232467,0.13183200743105705,0.65525469732945,0.4000478465466406,0.16404830426087796,0.31263572042352383,0.43002553346563593,0.723709205220584,0.12953608968126568,0.45088624226657487,0.4903877409710402,0.40325589795383276,0.0,0.5103123829566004,0.5777420911986875,0.09538390397507421,0.30396806519831926,0.5828263108830798,0.4228892297015908,0.468504333168863,0.33867319153246106,0.6258798914230377,0.470993953530355,0.6575026915118132,0.5208968468854172,0.45280726202299093,0.09214740562343704,0.5472375669121643,0.482356620591819,0.4870855425028027,0.3435122634676925,0.7621169841821571,0.47849289509438464,0.40007329759874266,0.6259168303910685,0.6233795927691157,0.6344988869614544,0.7014983956652896,0.6275513526130447,0.3347250294494348,0.42455611632161094,0.6004950323583833,0.5882351606603863,0.4855426900384394,0.301327975035428,0.48331788915652296,0.2708186420313648,0.5623280825531318,0.48528093748390355,0.5331549879658029,0.5018190291261486,0.6190947078000946,0.4528436655341679,0.3853453951848752,0.28353327650392357,0.5727432214824206,0.5249915726929459,0.37340157804278684,0.47286976045512685,0.5345686774056465
