0.0,-0.004614255340531448,-0.010368796282123227,0.0,-0.003873452151715251,-0.050163468157450375,-0.020798946228157644,-0.046861690042565796,-0.010356955893689623,-0.05328507541929367,-0.0072482096291209275,-0.028861583262940138,-0.04620509455023436,-0.02764783466221632,-0.016066071322950792,-0.02786908136676458,-0.03591325801353551,-0.027896290813876512,0.0,-0.013458764993923178,-0.05442549765750393,-0.036216051703539864,-0.029446077657629133,-0.0610539590063916,-0.022110320373231962,-0.01331860124632378,-0.03197301506529665,-0.032688677183173864,-0.05294384728580992,-0.03775429213204401,-0.017326346575615104,-0.015527816425790486,0.010582479648810261,-0.020440654352431586,-0.0032460097322691284,-0.03509799547162401,0.0007846458382444466,-0.04387061248957275,2.781299034493312e-05,0.018051804836350216,0.009236593709749663,0.07044023084291168,5.026652988832092e-05,0.0,-0.006644777701194093,0.017200340715666673,0.00011150957367472847,0.0,0.0,0.0,-0.018380345027448952,1.1102230246251565e-16,-0.01701565712711589,0.0,-0.022551358789281772,0.0,-0.0012439114285230923,0.007086409241473246,0.0,-0.036106215204750935,0.00215908635201445,0.0028886534120785567,0.011374627981008134,0.0,0.02201101031307523,0.01035439388911591,-0.0266385053195049,-0.02092165935225393,0.01667777094223105,0.005313052133606333,-0.012334956643488215,0.0003787454830059267,-0.0003327557089594091,-0.028630820574225946,0.0,-0.00023158133420819738
-0.004614255340531448,0.0,-0.007144500904016249,-0.00010021055621201036,-0.042573628993257284,-0.0324699578199979,-0.06632711487054177,-0.04935485588465521,-0.03344850205275057,-0.013811643340807589,0.00955914192010815,-0.015620280899445171,-0.06666035779647406,-0.006686002868993568,-0.005318769769022014,-0.04236999335441799,-0.02852316308819841,-0.03090658505764904,-0.012052304504895195,-0.03794164723144655,-0.025415769551189238,-0.023784027284740827,-0.026276831485076257,0.018542928653610458,-0.026274142170966353,0.011653369160680604,-0.018520635870370172,-0.05463345133263592,-0.05302660118429953,-0.00838055010593275,-0.01782706470396761,-0.02125058051561257,-0.019021006869160473,-0.012325819808629901,-0.008030754933182782,-0.0031669854710047463,-0.0014914266932922748,0.0,-0.010332700902037195,-0.006267216015640786,-0.009651893240465392,-0.011711408989820649,-0.008988108880203571,0.0,2.220446049250313e-16,0.008692942967845674,-0.005080012198101558,8.985051264992494e-05,0.0,0.0,-0.02807235093021243,-0.016809101943287053,-0.0020748431729492034,-0.015286245140889054,-0.007838267944402455,0.0,-0.01125970702364143,-0.02586059548487485,0.0,-0.016316360536209995,-0.01848455795652426,-0.021403975092882055,-0.002542897834200808,0.0,-0.012392289089634467,0.00268762784983112,-0.02194835190970368,-0.014070007114440786,-0.016052084393713584,-0.00345917209384089,-0.018033184614347775,-0.023633092911059528,-0.012487622955453082,-0.03099871606499416,-1.1102230246251565e-16,-0.01079395792688459
-0.010368796282123227,-0.007144500904016249,0.0,0.005270298984628274,-0.025945627766487622,-0.021307686254064262,-0.012721266446041102,-0.03227206269334526,-0.0412961412873013,-0.0015629211804497056,-0.06241643445788503,0.003677135561149014,-0.021737747965939358,-0.020155225322880943,-0.01879664279124388,-0.018132570488720967,-0.003571307223027842,-0.03321532642425029,-0.051169159507728074,-0.0027789738245103113,-0.03437276249457655,-0.02979951795348018,-0.02799865235658755,-0.003108522739678765,-0.002602603024694561,0.0003889501936533146,-0.030775859058040256,-0.036338950660095626,-0.025252138904898636,-0.05951544846513335,-0.024498767591153825,-0.013207525099149353,-0.026170243076401034,-0.016412121014352965,-0.01638396739025022,-0.016987189150067694,-0.0055511219621897645,-0.004391561349720463,0.01904024584197822,-1.0294804509980438e-06,0.022912697490921508,-0.006805351299049356,0.030757263071482965,0.004797015159653084,0.0,0.0,-0.00017068691920418821,-0.10419181735414124,1.1289996972974059e-05,-0.009856800860838177,0.0011274545552169002,0.005079251508047444,0.0015291979359294272,0.035821696803642555,-0.00028290847106543504,-0.04702946210626896,-0.019718352246269666,-0.003655755994983134,0.013891314929273924,-0.00024400456817669225,0.0,0.0,0.0,-0.22254392704874276,0.010524199039987914,0.00476280852351868,-0.0003390140270349007,-0.020478286969176085,0.0,7.685744105617731e-05,0.003751052723297399,-0.007704140352272515,-0.009903216307225349,-0.029153023625668073,-0.008113172666349144,-0.01138456456246073
0.0,-0.00010021055621201036,0.005270298984628274,0.0,0.016531632146891462,-0.010220519998970223,0.010233435060747476,-0.02217727836918748,0.003505135483778732,-0.0208926770991755,-0.014034008907429507,-0.007805256357995338,0.01576810293516301,0.015038406004128924,0.007084904345316723,0.000987989424369784,-0.0022745839992903694,5.141113525819474e-05,0.0022099234719388794,-0.004829896023331226,0.0012999403006634935,-0.0163118488539149,-0.023209004916367904,0.004612184955776255,0.0002920732145827998,-0.016808273094657045,-0.01556303247204155,0.02747211058514465,-0.019307052782112755,0.012998812142928029,0.02412993963832266,0.012620198265009208,0.00862551075731316,0.0575425352773869,0.056460684626049085,0.028095562258376616,0.023051677549250082,0.008929704719664089,-0.016509718107081295,-0.0010907599739579665,0.00386104040499069,0.015187238094172273,0.0022118398876360135,-0.008498018396573492,0.0,0.0,0.0,-0.0011932839538268958,0.0,0.0,-0.00432821007477352,2.220446049250313e-16,-0.00011766122892936659,0.00031589517496571906,5.551115123125783e-17,0.007335100969491359,0.00786632270248655,-0.00048761063624969125,0.0,0.0,0.0,0.0,0.0,0.0,0.0,0.0,-0.00010374181533501226,0.026174582516292788,0.0,0.0,0.0,0.0032850402454339678,0.002325688941582249,0.0027436993638311202,0.0,0.0
-0.003873452151715251,-0.042573628993257284,-0.025945627766487622,0.016531632146891462,0.0,-0.03609795779867858,-0.03889198366401059,-0.011484116759274354,-0.03149535612257093,0.0028767015345491087,-0.018530896970814337,0.005507698906039082,-0.03252108138252724,-0.01105319022974438,-0.004366789223185896,-0.06294751515306402,-0.0034338886335730234,0.005377119306439526,0.007740106378877898,-0.02056200784664164,-0.017956886943877315,-0.04783845810207654,-0.010856716757799423,0.006925070819920831,-0.04225870438028878,-0.026076636900776662,-0.05617913303290878,-0.0022371843432268945,-0.02399520099408259,-0.013672394542082855,0.002222801788415496,0.028412836640875294,-0.03625669366206152,0.004261169321904845,0.011078365223224251,0.027087945241115408,0.017928006622309256,0.0045512908817200715,0.029508002902282615,0.010501949290890822,0.023352745679494413,0.0070139398628863425,0.014524382771592792,0.04598126385935386,-0.00033257132974884307,1.1102230246251565e-16,-0.0067253954872653066,0.022425155506068828,0.0,0.01895990832192551,-1.92154086600671e-05,0.010427853476895899,-0.07014178206775246,0.011134179897191676,5.551115123125783e-17,-0.014557331417125674,-0.010472465083356919,0.021745674155323913,-0.02175780467706917,-5.923778342403763e-05,-2.329564841407894e-05,0.0,-5.551115123125783e-17,-0.008379709942667735,-0.0013208739972935257,0.00021790468956545128,-0.009114561370180685,0.006375922215109853,0.0,-3.3006386232492524e-05,0.004978266676724907,-0.008909817068519565,-0.0036997386747689154,-0.01023012117223615,1.1102230246251565e-16,-0.014865235041710223
-0.050163468157450375,-0.0324699578199979,-0.021307686254064262,-0.010220519998970223,-0.03609795779867858,0.0,-0.014855025542588773,-0.005125287058615757,-0.030581595009388396,0.011829970844860038,-0.03037049783180984,0.01151690164955016,-0.01252739438524697,-0.013083345879318309,-0.019794650545469306,-0.03717904718765358,-0.003742675160261999,-0.039987922626770755,-0.011848951438753863,-0.0027143162993626957,-0.011847326878018205,-0.02225079395839985,-0.019611829514204426,-0.05586302483672784,-0.029627717236133055,-0.011849073831458501,-0.008289240793135255,-0.013342756728428717,-0.004131126888561876,-0.0187770700972566,-0.005130643184452888,-0.016095522890408553,-0.019868615347831575,-0.0021058630411083246,0.0057559203396558845,-0.0010739367128003718,0.0025552245301021514,-0.0020942241475276346,0.004270954630150592,-0.033058901386886164,0.005390428200529429,0.027545026909107595,0.0074475108036776705,0.01490814039143229,-0.020323481882094763,-0.016223800397160537,-0.024256959155778857,0.019651049937506104,-0.03051819937557243,-0.009471908757391345,0.017166791823502003,0.011178693898149294,0.010049647820356333,0.030957083898173754,-0.020903059385915856,0.02615219193063828,0.0009174391665715542,0.013659759963301432,-0.015029357527325482,0.0018064533294661622,-0.04052435739633564,0.0,-0.014792440503271942,0.011270983776467292,0.01138035161982437,0.028046105592514803,-0.010851124455974415,0.012857019711070672,-8.722880922379384e-05,-0.02441837522147927,-0.030277106857908465,0.00991412652569823,0.00389200469183526,-0.0012769141789314986,-0.0005283683925798033,0.019388343204269298
-0.020798946228157644,-0.06632711487054177,-0.012721266446041102,0.010233435060747476,-0.03889198366401059,-0.014855025542588773,0.0,0.006351283558524712,-0.03148076906122599,-0.0080408127009991,0.00897994913952338,-0.0033001295141670828,-0.02666674615004483,-0.008930203314858609,0.042601728733041355,-0.0689330773626049,-0.011203628990677172,-0.039029725935276205,-0.009119862153364577,-0.028896794772989176,-0.03664213244228676,-0.05637332916683957,0.0007509945854607958,-0.015453933452425128,-0.05103584511432513,-0.020691697537816967,-0.00239335777183175,0.004141803712986891,-0.019370274888984684,-0.010064192782600567,-0.010255838361782676,0.016499917264521546,-0.04007636452297603,-0.010400160097577937,-0.017311793534331932,0.016204329672462714,0.006539550538423089,-0.013225638985783217,0.0182363901466705,-0.01801157294522321,0.02674122867406703,0.046892194271540455,0.01451675336093633,0.025566909850656017,-0.002945155694793644,0.0,-0.010705198030056318,0.011213533014023835,0.0,-0.007831847812462822,0.010199907953184262,0.00665806622995424,0.007633021613558777,0.013412125098453687,0.0022211532375339127,-0.023741737189717227,0.004761334776637205,0.011072410953820944,0.002215049158963922,-0.01237703460552464,-0.007641819803509475,0.0,-7.136231566634565e-05,0.006456760150248542,-0.015190094172656599,0.01586813878193133,-0.01243282864141354,0.008996499974442962,-0.0001586021564770057,-0.008933718208733843,-0.012701824377650717,0.008961300512449644,0.009291725650942606,-0.008576553780062779,-0.00988081547319375,0.0074226691792737
-0.046861690042565796,-0.04935485588465521,-0.03227206269334526,-0.02217727836918748,-0.011484116759274354,-0.005125287058615757,0.006351283558524712,0.0,0.019172442569099946,-0.0031872216968457656,-0.04559215110552961,-0.023265933107119885,-0.008402229020010532,-0.002712258178021121,-0.019897669685015718,-0.04824800834380588,-0.005371073450082031,-0.051848502500719706,-0.016616157611703153,0.012802527100470695,-0.037347372539617785,-0.03604862985736518,-0.023109202948997487,-0.053577281106551966,-0.06460141538691638,-0.036201346079453134,-0.020408422494367473,-0.023549218939451277,-0.00019411614118597376,-0.03202989450654292,-0.007077027388321611,-0.014281711312048417,-0.029372227231772352,-0.012934431440235039,-0.0039788211134607065,0.020060422943776357,0.01754021918389792,-0.018486663625980837,0.0012832219101117648,0.002777952513607407,0.0010062001421874411,0.0008090316798895492,0.027250903078169852,0.01053478716138928,0.0,-0.026612043813549868,-0.009266714391875208,0.012945306123121836,0.0,0.003773039236995679,-0.005238932634446025,0.0008828522540975658,-0.013841404397348656,0.032840634220168585,0.0002065438601801528,-0.025416274705311825,0.00026403959098542096,0.0010299629955300427,0.010149129742804353,-0.01257775368773889,-0.021637066458566556,0.0,4.365532133498995e-05,0.010882410045326085,-0.007744563688648565,0.052515827183144015,-0.015639394904322756,-0.0014626480104611983,-5.551115123125783e-17,-0.02719983577460422,-0.024103001126341672,-0.014172077719640852,-0.008565731574882718,-0.00770406328024037,-0.008518039801555077,0.003099672644832685
-0.010356955893689623,-0.03344850205275057,-0.0412961412873013,0.003505135483778732,-0.03149535612257093,-0.030581595009388396,-0.03148076906122599,0.019172442569099946,0.0,0.009385702911269778,-0.027658322685479908,0.014412015798714484,-0.01884642929955238,0.01889110261938287,0.0041308449534899205,-0.03977504528272208,-0.006049433103459734,-0.015443000979765809,-0.048002115212421426,-0.007828903122749975,-0.025737183242535766,-0.025484879822668782,-0.015820666891718793,-0.00523202907048359,-0.013431046852306672,0.026391200072069854,-0.03745092211574175,-0.01872416584618447,-0.004644955231250136,-0.013796720418403907,-0.003630517657725263,0.008580319275273418,-0.018692454805310954,0.0007551450996567954,0.006345327144406443,0.02097327628790835,0.011007839036726585,0.00823925667924047,0.038784134052541774,0.0015354838142983551,0.05026205747072421,0.08415564215855359,0.028635821113038917,0.07420381207707366,-0.013843650249627804,-5.551115123125783e-17,-0.03488404207651313,0.012724304192914704,-5.423767483359043e-06,-0.007384579878019548,0.018421530664907926,0.013938548855636279,0.023282778328961307,0.015656911934534445,-0.008227996790696246,-0.007142980652138586,-0.011232129087631715,0.010588036725042937,-0.03670892253414376,-0.0030753673368255074,-0.019037358106682112,0.0,0.0,0.014296904597981386,0.00023590731151257316,0.009384752574650101,-0.028583871581872422,0.02142747147550883,-6.675205744316459e-05,-0.009883902742467088,-0.007967446604447592,0.016933326324808817,0.007045758011119396,-0.03129717137426197,-0.019530093257177583,0.02046816675074914
-0.05328507541929367,-0.013811643340807589,-0.0015629211804497056,-0.0208926770991755,0.0028767015345491087,0.011829970844860038,-0.0080408127009991,-0.0031872216968457656,0.009385702911269778,0.0,0.03144541996516986,0.006373460622230986,0.010163308640999624,0.012010359941866333,0.0030369069189550846,-0.03011113213955574,-0.012513121193784893,-0.028332078529781757,0.0006643341905077649,0.032141958001383586,-0.12213675644304478,-0.020012830118305847,0.0006720399676601874,-0.013255792460517613,-0.008249928158267084,-0.050569928374004314,0.00999872710091898,0.013656804474416306,0.013631883391157285,0.005738181054706637,-0.011123091582031008,0.009782719186300026,-0.003118284797557991,0.008420615575829737,0.013083399104805993,-0.010000927991973552,0.011468834348714485,-0.013163709461991302,-0.023728546832216646,-0.03137300136765292,-0.05082241849453201,-0.003676877475167928,0.11713648290297346,-0.011987029444441244,-0.03395515072190297,-0.01976983435022306,-0.012451467065112132,0.01865789077777147,-3.079690313168015e-05,0.0005354822057981323,0.013867955608229232,-0.002308037671205909,0.025453851603779387,-0.0008984796278795892,-0.019107694462975222,0.03646995856975749,-0.027807992284522576,0.001195479191058002,0.0,6.307411287836961e-05,-0.027180009640490388,0.00015081719253362547,0.019762247338765915,1.0123103444004133e-05,-0.00016447485059123412,0.004235464306087178,0.0066966116311420465,0.012079302013699611,-0.02292628991544704,0.00937989815160356,-0.008921891385223035,0.005816764311111,-0.030793909308255263,-0.005545540661310855,-5.551115123125783e-17,-0.036227892763718794
-0.0072482096291209275,0.00955914192010815,-0.06241643445788503,-0.014034008907429507,-0.018530896970814337,-0.03037049783180984,0.00897994913952338,-0.04559215110552961,-0.027658322685479908,0.03144541996516986,0.0,0.0221852629714841,0.02347544145715086,0.006510388738177608,0.0,5.2606274019317834e-05,0.014667071114740193,0.011972678448762986,-0.052365356827059284,-4.48829859173161e-05,0.005086214346248341,0.004491235816531658,-0.06263183310653378,0.01194244383584836,0.02150235216244939,0.017475795274197514,-0.04050319598934937,0.02353524655758682,0.017517826671612446,0.0005084631840555631,0.028223628571582338,0.0426334850984853,-0.0016385762046176033,0.02925229913329963,0.01732153161005756,-0.015535805250828705,0.020421128422212553,0.026646402095784227,0.014176114446404875,0.00421972385335273,0.0343538004279178,-0.011361808323566924,0.025950568425645026,-0.014947353530243457,-0.00933614301725666,0.0,1.1102230246251565e-16,-0.11598815279623675,-1.0502464082851048e-06,-0.05122039175952625,-0.005920269686542079,0.003868674437350228,0.02330309929485591,0.01821117859138699,-0.02027410536888563,-0.1006445922552762,0.000605370472561928,0.00848932921445611,0.005880443604091623,5.551115123125783e-17,0.0,0.0,0.0,-0.17922773113529109,-0.011109850800574417,0.0,-7.269087383443562e-05,0.020709954926362018,5.551115123125783e-17,0.0,-0.00019408392126996077,-0.005121049373778164,-0.017381314691983618,-0.00333235123008091,0.0,-0.008295846225011949
-0.028861583262940138,-0.015620280899445171,0.003677135561149014,-0.007805256357995338,0.005507698906039082,0.01151690164955016,-0.0033001295141670828,-0.023265933107119885,0.014412015798714484,0.006373460622230986,0.0221852629714841,0.0,0.012326521018533654,-0.03369636864057973,0.014851432681320942,-0.02689310194703015,-0.011416025704483412,-0.030716019639755676,0.012245088354869038,0.013326485787007458,-0.0850850103998137,-0.018578568206855106,-0.02148729207559713,-0.0037751444792611943,-0.0183566843000752,-0.04768208214652009,0.006769412720539825,0.02801071838699931,0.008634215597081163,-0.009302882724849915,0.010733317823773403,0.023644511943652635,-0.004571124243166913,-0.003449804874199547,-0.020406840837625895,0.0380860990181765,-0.00894268989830177,0.001153923873451479,0.014377930911654624,-0.014037995932861314,-0.04416081457599319,-0.02090518558112625,-0.012112688045674003,-0.006725706133352549,-0.029934107196240234,-0.010164672624337734,-0.002137113920855971,-0.016548680182711828,-0.0030039714975988174,-0.006837974243023015,-0.005922399201044259,-0.00026365147939350075,0.00048166079321648736,-0.002599167212361142,-0.014778211659088714,-0.004641082453173018,-0.016210334015581085,-0.015186359828362916,6.635687231737464e-05,8.732084869683687e-05,-0.009115263902424564,0.0012186781223404441,0.01644715690228926,-0.009986597243168915,-0.003338390608127406,0.011836996317617032,-0.008567093609717635,0.008968796318010896,-0.014207431338141119,0.006358930665561202,-0.009927982631935062,-0.0030036201064356782,-0.018016490802358842,0.0013656236214741324,0.0,-0.030047622931178464
-0.04620509455023436,-0.06666035779647406,-0.021737747965939358,0.01576810293516301,-0.03252108138252724,-0.01252739438524697,-0.02666674615004483,-0.008402229020010532,-0.01884642929955238,0.010163308640999624,0.02347544145715086,0.012326521018533654,0.0,0.009994552120570821,-0.027250206518551756,-0.06526066013143722,-0.005407979554023501,-0.029727456694577603,-0.004687297451672456,-0.03785047361232913,-0.05043330929690759,-0.05215332581540305,-0.012879047485200634,0.00023384820539873452,-0.022586665775186754,-0.012686473164872647,-0.015893961375586352,-0.035431238851644176,-0.01637848692827265,0.0010123942035635825,-0.00851223957649816,0.006630750708141231,-0.03466507786395123,-0.007136004485095382,-0.010346145130021633,0.011944552848641432,0.0038826241861735777,-0.0011467660632858423,0.018403593427773368,-0.006321088548408349,0.043768954736562615,0.05795677611839389,0.006968028269705717,0.003460993625698683,-0.012864863352858469,-0.0032267684808545694,-0.025394004932464187,0.013679455893430448,0.0,-0.021302609687047502,0.009123438351117452,0.0037586642158110584,0.006813308765893755,0.0165482627207858,-0.003906553275439151,-0.026378448203223825,-0.004158699936136989,0.0064985816058298895,0.0012499568790625415,-0.011479556661049273,-0.018146372498455243,-0.004002670887242599,0.00022592079461219994,-0.015490730449705281,-0.010492808745425741,-0.008853632025976499,-0.028267543729740163,0.004068857882087329,-0.010743627258876953,-0.013567289224991175,-0.021078339865900853,-0.002511246491073593,-0.006457499885144824,-0.02216093097463734,-0.022575273500393345,0.008605549019583492
-0.02764783466221632,-0.006686002868993568,-0.020155225322880943,0.015038406004128924,-0.01105319022974438,-0.013083345879318309,-0.008930203314858609,-0.002712258178021121,0.01889110261938287,0.012010359941866333,0.006510388738177608,-0.03369636864057973,0.009994552120570821,0.0,-0.01068348685200321,-0.0007150274758584985,0.00014112262460230784,6.970907154557615e-05,-0.011243896159574718,0.004806898954168581,-0.01941092331020583,-0.0033875699498081557,-0.006390067099716623,-0.01984198238458157,-0.0009455540732558609,-0.018903691392580857,-0.03386904905872601,0.01567784241315523,0.009392000351758356,-0.006361638772572953,-0.01534888839639914,0.021246410747947475,0.008692151115549607,-0.010002529846936559,0.13625793065908215,0.05756619769055549,0.034878008597365284,-0.005843235045225159,-0.017684921575736534,0.0,-0.0004955885435516949,0.0005223083868317047,0.011100520538927072,3.0231329802843376e-06,0.0,0.0,0.0,0.04769464367208048,0.0,-0.005902987340724364,-0.009603734312298828,0.006106089105829271,0.01029356571137513,-0.01089828853196495,0.0,-0.03914384472936516,-0.00012468508579138726,0.0006425175134162076,-0.015566803089787973,1.1102230246251565e-16,0.0,0.0,0.0,-0.01630411073444432,0.0,-1.1102230246251565e-16,0.0,0.003673907821997946,0.0,0.0,5.551115123125783e-17,-0.01948936490368064,-0.008287604960114492,1.1102230246251565e-16,0.0,5.551115123125783e-17
-0.016066071322950792,-0.005318769769022014,-0.01879664279124388,0.007084904345316723,-0.004366789223185896,-0.019794650545469306,0.042601728733041355,-0.019897669685015718,0.0041308449534899205,0.0030369069189550846,0.0,0.014851432681320942,-0.027250206518551756,-0.01068348685200321,0.0,-0.036671167147918404,-0.018383682789010203,-0.04071654077162157,-1.1102230246251565e-16,-0.006743007384414745,0.013215282731324607,0.020987907052282706,-0.057885986705114245,-0.028410920247117777,-0.018057267491927098,-0.004434103881243323,-0.004618634328123428,-0.03846296586679987,-0.03739226073971713,-0.013422160956947482,-0.0003854303527862091,-0.019289235013556616,0.00770763379187317,-0.0025266540454754183,-0.008341234349830307,-0.0035473975770387023,0.001593489325493025,0.0001333383077299355,-0.012950286983921422,0.002982454328244233,-0.005261000596816834,-0.002710478399236216,-0.09095980427312361,0.0006987793288316113,0.0,-0.01776895573892917,0.01802117037212181,-0.029387961348781855,0.0,0.0,0.009512595754324171,-0.005198538364322769,-0.01076787002947538,0.0045787753217802485,-5.551115123125783e-17,0.0,-0.0037756833581331084,-0.0011876116856762708,1.7216224634131194e-05,-0.014058680396230483,-0.02139696495783039,-0.0006017886330328404,-0.004625628029131357,0.0,0.008045870470834993,-0.009409484241570953,-0.0036679892600290365,-0.01743983896085166,7.519368546909933e-05,-0.017805236614538367,0.003985104256087557,-0.012902434823090003,-0.016541212431512797,-0.02924852077724427,-0.005811592090971263,-0.000970175232125503
-0.02786908136676458,-0.04236999335441799,-0.018132570488720967,0.000987989424369784,-0.06294751515306402,-0.03717904718765358,-0.0689330773626049,-0.04824800834380588,-0.03977504528272208,-0.03011113213955574,5.2606274019317834e-05,-0.02689310194703015,-0.06526066013143722,-0.0007150274758584985,-0.036671167147918404,0.0,-0.021417079796404503,-0.03166415328757782,-0.00018388538219671346,-0.03112927427093265,-0.04964670088827017,-0.0576229920252605,-0.044961819450030194,-0.0028935783808765048,-0.032780171792804125,-0.02808998139525032,-0.040258364475482034,-0.0683418645390792,-0.048427675194188446,-0.04884982170421426,-0.03733334700314278,-0.02872389440687889,-0.029396476414882633,-0.03636771375383896,-0.03036853189818889,-0.0010919624016859641,-0.0033253663930986055,-0.02487920861578885,-0.02571266558406282,-0.014506400822675958,-0.030424497844183662,-0.014912874304569224,-2.2448643352268594e-05,0.0,0.0,-0.022574848987819973,-0.02784085442347639,0.0,0.0,0.0,-0.02920663737441137,0.0071303048137695835,-0.01085341616868779,0.0,-0.014693294299483073,0.0,-0.02876229603006586,-0.011013888137951067,0.0,-0.004624099296310857,-0.03270134723496343,0.001135229619618261,-0.003579302009622254,0.0,-0.03326874007836417,-0.009530720048669727,-0.033835556161623204,0.017942298205900875,-0.0029964725132201053,-0.011791621611585978,-0.030753901487564184,-0.016116598180318575,-0.016575654817303,-0.05185232274726875,-1.1102230246251565e-16,-0.012482766872998985
-0.03591325801353551,-0.02852316308819841,-0.003571307223027842,-0.0022745839992903694,-0.0034338886335730234,-0.003742675160261999,-0.011203628990677172,-0.005371073450082031,-0.006049433103459734,-0.012513121193784893,0.014667071114740193,-0.011416025704483412,-0.005407979554023501,0.00014112262460230784,-0.018383682789010203,-0.021417079796404503,0.0,-0.026719695873687055,-0.013755788123899548,-0.017269672937588965,-0.03545122866774747,-0.0274387230956738,-0.009314827836840178,-0.01908118769467604,-0.0070911364471147875,-0.028042540823933426,-0.0009996875688051965,-0.0038848534402368684,-0.03671553314073922,-0.006153164214822926,-0.023160510390484446,-0.009327322280149208,-0.003694533999165972,-0.004986830612219051,0.01827064480417817,-0.017353548215004566,-6.224948182737e-05,-0.014386945049205069,0.009152008420096391,-0.016679819833862852,0.011472455183309471,0.0008566362319486487,-5.551115123125783e-17,0.0,-0.027670867539200228,-0.016418886593343007,-0.003525460420497506,0.0,0.0,0.0,0.0,0.0,0.0,0.0,-0.0018189301024242321,0.0,-0.0051497707787229174,-0.0034724585891338644,0.0,0.00025077071318613253,0.0005626116261996938,-0.005115349024009397,0.010336701423166395,0.0,1.1102230246251565e-16,0.0,0.014051144575155883,0.0,-0.023890438744705533,0.007147646932187224,-0.013545014906019448,0.0,-0.014160957396823437,-0.00013528828505138257,0.0,0.01663445023366067
-0.027896290813876512,-0.03090658505764904,-0.03321532642425029,5.141113525819474e-05,0.005377119306439526,-0.039987922626770755,-0.039029725935276205,-0.051848502500719706,-0.015443000979765809,-0.028332078529781757,0.011972678448762986,-0.030716019639755676,-0.029727456694577603,6.970907154557615e-05,-0.04071654077162157,-0.03166415328757782,-0.026719695873687055,0.0,-0.019787302815561403,-0.03460793661492778,-0.04386014974919206,-0.04579586322302831,-0.04126906890094323,-0.033575917669813604,-0.030235631565831145,-0.038040367645549134,-0.04190304446102466,-0.026814965269801705,-0.05174469859615316,-0.03268832819589346,-0.02730462606485007,-0.02114706359180224,-0.008531446860119862,-0.016498661629113454,-0.002691240292313213,-0.01886414586908519,-0.00010374716546968088,-0.033476470815265114,-0.04213434730244836,0.003789069991913807,0.012559465680407944,-0.0021245784881148144,0.0,0.0,-0.015969660742958247,-0.016568649438509164,-0.036360076511297246,0.0,0.0,0.0,-0.010952614155876117,-0.0004375351017598117,-0.00034527578987736396,0.0,-0.003274539442781721,0.0,-0.011366033669920339,-0.006519390229920707,0.0,-0.0017864779174404655,-0.027035105819006144,-0.003726015325832721,-0.00019047195817240015,0.0,-0.013447617290382685,-0.007166529169567282,-0.04187919752247482,-0.0034550590144113436,-0.010147964866679127,0.001976401088710722,-0.01268482830897738,-0.007340426167735448,0.0020072957612543574,-0.014477147447001182,0.0,0.02343170838722347
0.0,-0.012052304504895195,-0.051169159507728074,0.0022099234719388794,0.007740106378877898,-0.011848951438753863,-0.009119862153364577,-0.016616157611703153,-0.048002115212421426,0.0006643341905077649,-0.052365356827059284,0.012245088354869038,-0.004687297451672456,-0.011243896159574718,-1.1102230246251565e-16,-0.00018388538219671346,-0.013755788123899548,-0.019787302815561403,0.0,0.00045630380441263885,-0.002024452398092791,-0.013150804663969562,-0.03211174348008311,-0.012900197155526538,-0.01800752441986403,-0.010071952645668347,-0.027829938843936863,-0.011059981079872327,0.012633931773608997,-0.011590673880339908,0.0026466592777078524,0.0076251834818390485,-0.006286377269304533,0.013590986005969308,0.018754499343389297,-0.031324736294040645,0.0172571963546842,0.0043775221224302,0.03690344524170214,6.733009422904557e-05,-0.018844361424252276,-0.01153402471228826,0.057498786547730774,0.001802907808943599,-0.0004863666444375192,0.0,0.0,-0.21344715748865634,-5.551115123125783e-17,0.030488029047510468,0.013876635639215595,0.01712713649767339,0.033296134134148225,0.036562768277001,-0.00011877786477482166,-0.19777691720492466,-0.018714320493892378,0.02306827135452527,0.030026621671995102,2.220446049250313e-16,0.0,0.0,0.0,0.03858065169832792,-0.00011645700046247764,0.0,8.102338964272038e-05,0.020703251099927433,0.0,0.0,-5.551115123125783e-17,0.007148704277094242,0.017272766342331658,-0.02244360516358601,-0.00040149229333963365,-0.00974645729516399
-0.013458764993923178,-0.03794164723144655,-0.0027789738245103113,-0.004829896023331226,-0.02056200784664164,-0.0027143162993626957,-0.028896794772989176,0.012802527100470695,-0.007828903122749975,0.032141958001383586,-4.48829859173161e-05,0.013326485787007458,-0.03785047361232913,0.004806898954168581,-0.006743007384414745,-0.03112927427093265,-0.017269672937588965,-0.03460793661492778,0.00045630380441263885,0.0,-0.022828484664672022,-0.03369342069557796,-0.01520323166973625,0.018007338904489578,-0.04576428761766177,-0.029865418417327483,-0.014893703682581916,-0.03142529302578656,-0.02914911121409619,0.008394350704250209,0.000380460580543307,-0.032015537957220674,-0.04057780090706181,-0.009844365838089397,-0.014097187713782489,-0.0063652523716105636,-0.03888765726726229,0.010701406671452585,-0.02405598161661715,-0.019516665608822148,-0.0231092594033368,-0.008857044787893287,-0.0728138073655325,-0.000709631109265807,-0.00037994677121960807,0.0042922905778328135,-0.0014093860667305225,-0.02079890588561123,0.0,0.0,-0.011850771745514133,-0.011615474160467598,-0.009257633293839829,0.0033594745051136465,0.0001424062665329462,1.1102230246251565e-16,-0.007571597733280366,-0.007926391745948946,-1.1102230246251565e-16,-0.011805103025395558,-0.025236017891696605,3.571094674925668e-05,-0.02954627423413675,0.0,-0.0211676959955297,-0.016806362633697614,-0.01929497333129121,-0.014458541368400746,0.0,-0.015496272751018558,-0.007051661271981702,-0.021675034687013317,-0.018286517037960304,-0.023683941872925884,-0.003759210058828011,-0.012606076042629977
-0.05442549765750393,-0.025415769551189238,-0.03437276249457655,0.0012999403006634935,-0.017956886943877315,-0.011847326878018205,-0.03664213244228676,-0.037347372539617785,-0.025737183242535766,-0.12213675644304478,0.005086214346248341,-0.0850850103998137,-0.05043330929690759,-0.01941092331020583,0.013215282731324607,-0.04964670088827017,-0.03545122866774747,-0.04386014974919206,-0.002024452398092791,-0.022828484664672022,0.0,-0.02477472732371122,-0.019847366893787688,-0.06760458463299512,-0.04684017183819117,0.000986956511624948,-0.026939061826583288,-0.05587864461262432,-0.047161611389855584,-0.013469053329111469,-0.04031533879841237,-0.03656567434202962,-0.016982628905273578,-0.034394595264254424,-0.022739531666353285,-0.03590048903678372,-0.017943172087796166,-0.02498013576839031,-0.004046849832389454,-0.007344489415539668,0.015333474520574819,0.027249999445014828,-0.03769670734496988,0.0,0.0,0.008994077618389273,0.001627149204393219,-0.005160594251860884,0.0,0.0,-0.00413754277792594,-0.002147258577982314,0.02922539587618328,0.009819893889311426,-0.008776050962721105,0.0,0.006677953461796171,-0.004017337436901303,5.551115123125783e-17,-0.004615156299152379,-0.017418239591419804,0.0,-0.02517827441038417,0.0,0.004770141230492353,0.02996837418958348,-0.009083747896134753,-0.029656452361479346,-0.005211728407189697,-0.015983945261254906,-0.013442288198670549,-0.013856444733495121,-0.028666420099724976,-0.025797191662204844,-0.022182359941522733,0.034867066771783584
-0.036216051703539864,-0.023784027284740827,-0.02979951795348018,-0.0163118488539149,-0.04783845810207654,-0.02225079395839985,-0.05637332916683957,-0.03604862985736518,-0.025484879822668782,-0.020012830118305847,0.004491235816531658,-0.018578568206855106,-0.05215332581540305,-0.0033875699498081557,0.020987907052282706,-0.0576229920252605,-0.0274387230956738,-0.04579586322302831,-0.013150804663969562,-0.03369342069557796,-0.02477472732371122,0.0,-0.05821264952886368,-0.026866530031202207,-0.040823964498738985,-0.006510134063950013,-0.011841436354705692,-0.049998762536761665,-0.034121839539386634,-0.01271274480797785,0.011908128760819758,-0.01582868952385602,-0.02690286762405597,-0.003934034989111157,-0.0023054019709026208,0.011252782466585898,-0.016427534680590716,-0.011185477127715782,-0.014046589475994575,-0.02788256253794613,-0.01415198371078591,-0.0027754301743280196,-0.0034124821235246294,-0.009572161521637035,-0.00026104699626200434,-0.01934032345450243,-0.020551795027609343,-0.0035137430187740515,-9.466990854356538e-06,-4.956567900521458e-05,-0.01957428447780718,0.03371856222161573,0.0009296325988187304,-0.00678472557061377,-0.023700306299779927,0.0,-0.006695060553498999,-0.009526789806273528,0.0,-0.004900671379613364,-0.04085994691791878,-0.005352560050316091,-0.015124859793925471,0.0,-0.015364644326949506,-0.01978749971621807,-0.017392433880254965,-0.015555917530671148,-0.012817973822718931,-0.01624267229975257,-0.029508815248046383,-0.008712359081750276,0.01008735460863086,-0.021099113007581993,0.0021871020188040657,-0.014561261329055164
-0.029446077657629133,-0.026276831485076257,-0.02799865235658755,-0.023209004916367904,-0.010856716757799423,-0.019611829514204426,0.0007509945854607958,-0.023109202948997487,-0.015820666891718793,0.0006720399676601874,-0.06263183310653378,-0.02148729207559713,-0.012879047485200634,-0.006390067099716623,-0.057885986705114245,-0.044961819450030194,-0.009314827836840178,-0.04126906890094323,-0.03211174348008311,-0.01520323166973625,-0.019847366893787688,-0.05821264952886368,0.0,-0.03951857033401246,-0.043503841417413536,-0.01605166887298115,-0.02848962462866428,-0.031169718103220334,-0.022712456206038845,-0.038378780012644276,-0.024345457970975093,-0.026829302415899425,-0.009661898790010004,-0.028031032939817235,-0.015208484806113864,-0.013114715812132471,-0.009015312185558455,-0.0018886712223741275,-0.007683450751568288,0.0018829295572808658,-0.011423092954817415,-0.007623976577501357,0.014527558827206632,0.004350569594901599,-0.007104723641640331,-0.029264168429108006,-0.015827051033004746,0.027741006625472964,-0.036188192946602915,-0.003340379676863625,-0.0006465423402628456,0.0030348118204114316,-0.002998172903861507,0.024430270356500472,-0.001333796709638957,0.02956284796476788,-0.027613648712102423,-0.0009628071420226814,0.024183718537232723,-0.012873280530551867,-0.029826305656659224,-8.68708273695229e-05,-0.056680897580325185,0.048442275869632456,-0.0182882547726525,-0.006992483175766728,-0.010874093101700177,-0.024476716988408975,-0.00033478287264798734,-0.021643477364798214,-0.033417208628057526,-0.012731222931442132,-0.012499827495996318,-0.029278754543549,-0.017082756948552658,-0.005273234822251949
-0.0610539590063916,0.018542928653610458,-0.003108522739678765,0.004612184955776255,0.006925070819920831,-0.05586302483672784,-0.015453933452425128,-0.053577281106551966,-0.00523202907048359,-0.013255792460517613,0.01194244383584836,-0.0037751444792611943,0.00023384820539873452,-0.01984198238458157,-0.028410920247117777,-0.0028935783808765048,-0.01908118769467604,-0.033575917669813604,-0.012900197155526538,0.018007338904489578,-0.06760458463299512,-0.026866530031202207,-0.03951857033401246,0.0,-0.022517656817365728,-0.019306484203129914,-0.025810603897666207,-0.0016484258573533639,0.009255635619408786,-0.007094690635397027,-0.021593757184067253,0.00926262065530048,-0.025006935390028434,-0.044423440960041416,-0.05445709688061928,-0.013961359282420704,-0.01655173980879987,-0.019479569601210556,0.022100012368274247,-0.029688304237658614,0.022814611427738773,0.04059648382543324,0.008175925485117641,-0.002896665018932154,0.002496119930070595,-0.033513329258780866,0.011039139364850847,0.0,-5.551115123125783e-17,0.0003431238531808045,-0.002240191135294556,0.00029402355228003163,-1.6653345369377348e-16,-0.0006112457484513389,-0.010061678500297266,-0.00044966615763336604,-0.02272038079610661,0.012203456936129398,0.0,0.0011324359932710637,-0.018980953372804144,0.0014074375758841295,0.01556057658453347,-4.1813958333580814e-05,0.0010610712974526981,-0.022460536156760635,-0.02936939392092719,0.001090113488694866,-0.030378871825376685,0.004458472332503849,-0.0167700175733409,7.457836656343808e-06,-0.010416807036750853,0.007696620075011706,0.0,-0.055890784141558514
-0.022110320373231962,-0.026274142170966353,-0.002602603024694561,0.0002920732145827998,-0.04225870438028878,-0.029627717236133055,-0.05103584511432513,-0.06460141538691638,-0.013431046852306672,-0.008249928158267084,0.02150235216244939,-0.0183566843000752,-0.022586665775186754,-0.0009455540732558609,-0.018057267491927098,-0.032780171792804125,-0.0070911364471147875,-0.030235631565831145,-0.01800752441986403,-0.04576428761766177,-0.04684017183819117,-0.040823964498738985,-0.043503841417413536,-0.022517656817365728,0.0,-0.013312184190717002,-0.020897724781452576,-0.013175570956805327,-0.05046482473157854,-0.020153010767719026,-0.01648138069873989,-0.006998472064860539,0.003689787299231917,-0.008080309815651221,0.015767695033537088,-0.036533270697845566,0.002793621606551777,-0.014659384462193503,-0.02161787502508178,0.0064458617993612966,-0.0038372390330763673,0.00508539529094465,0.005061852682545553,-5.551115123125783e-17,-0.01647652462959348,-0.00934247623865081,-0.015831206119229446,5.551115123125783e-17,0.0,2.220446049250313e-16,-0.03389505827475786,-0.005645710980590579,-0.006291371870696449,0.0003043940369696352,-0.0030131101630466173,2.0412745297015977e-05,-0.012429611684924458,-0.023468745797084467,0.0,-0.00963641356959627,-0.014063220966443857,-0.0023326080423258233,0.0009372504573728624,0.0,-0.016631351907764547,-0.01792470388256906,-0.015283355016378675,-0.017013932834624046,-0.007729939989194634,-0.00034929443554043704,-0.007820725051630839,-0.027845973737281593,-0.0017926264131213343,-0.0232984403775941,0.0,0.0015346737048189119
-0.01331860124632378,0.011653369160680604,0.0003889501936533146,-0.016808273094657045,-0.026076636900776662,-0.011849073831458501,-0.020691697537816967,-0.036201346079453134,0.026391200072069854,-0.050569928374004314,0.017475795274197514,-0.04768208214652009,-0.012686473164872647,-0.018903691392580857,-0.004434103881243323,-0.02808998139525032,-0.028042540823933426,-0.038040367645549134,-0.010071952645668347,-0.029865418417327483,0.000986956511624948,-0.006510134063950013,-0.01605166887298115,-0.019306484203129914,-0.013312184190717002,0.0,-0.004318305587735216,-0.008414177020852287,-0.02482304479129882,-0.02398217584163226,-0.004419539678692519,-0.013218954456934662,-0.003304018956904964,-0.005844564104654892,0.006129468138777738,0.018678357463378092,-0.028629605218729426,-0.01184193089371316,0.007779367183436137,0.004176279939878735,-0.0010463807984457674,0.004322805549791808,-0.021724310905870903,8.751265745776671e-05,0.008437365847265732,0.0067418000479381734,0.008506980523226237,-0.006308239696261486,0.0,-3.093273497833948e-05,-0.029119156162092263,-0.02212971543816744,0.015630908202373173,-0.000531192677655834,-0.008824772880055953,0.0,-0.016291995764183553,0.0012693549921309333,0.0,-0.0005485922545922506,-0.013042093787408504,-0.0004776135640003343,0.004068205756748433,0.0,0.0040321549318273475,0.008534989887945377,-0.01658873113269399,-0.02928967617117406,-0.018079169438085185,-0.0003160344485981237,-0.015164384799932262,-0.022796539099725732,0.00998455903082196,-0.025909012021868516,-9.565476568340614e-05,-0.0007293091770033677
