0.0,0.6950744940632734,0.18735061332442712,0.0,0.6509818150059121,0.5223749291851436,0.4342801964192271,0.4992227544294301,0.5326575559152592,0.28935854375840886,0.20301264590133808,0.43295423621139795,0.6079796300949027,0.48547189006225133,0.48101667250591806,0.7661624104991553,0.40182725667659425,0.49600804851519,0.0,0.704061531739822,0.332844876295872,0.574130164597116,0.457804418612904,0.36481615111374194,0.33703674596330974,0.5389724969923707,0.5495663069774421,0.5324937255289148,0.5698185880077982,-0.0021986684026217285,0.5536171877788335,0.5989825835270051,0.2529095290682465,0.43641165881627275,0.576518268031399,0.614669480470968,0.43941052189656826,0.38665511498138677,0.42199352408511587,0.32223855603308327,0.328708620972517,0.5260306661686198,0.4653612324801571,0.0,0.34388236824390656,0.5645938358912785,0.39959402594754556,0.0,0.0,0.0,0.19819767240551828,0.0,1.0162113109819928,0.0,-0.05069849363640794,0.0,0.47133527527363456,0.7808733048547176,0.0,0.2219729183959866,0.41768341387275254,0.38410594355588745,0.3214996574246609,0.0,0.5036322902473778,0.6145509995288638,0.44743997922108175,0.3295824520516958,0.7547499665436042,0.4750827403137546,0.48473188778990206,0.23604821631538858,0.4669437909054718,0.3976820558548503,0.0,0.3734084375733385
0.6950744940632734,0.0,0.6314325056219531,0.4217655388557703,0.5569298041587485,0.6240988639564837,0.6327719817076679,0.5421140348524702,0.4677148098431015,0.4302699397277614,0.47944618162897307,0.4038429796726545,0.6960244486949244,0.34832152450862486,0.7444368082898531,0.8360432429431499,0.47470585504736473,0.7611133993954191,0.47361912147861784,0.7436294699350581,0.5860382882972188,0.756749674446975,0.6221766188878053,0.641824033415036,0.5668185582242774,0.49331221702537403,0.6738254840444362,0.6347935485461611,0.5606245806811578,0.9060941664953089,0.8436731775789886,0.6775702667610362,0.46189077383948834,0.6963272657201063,0.7846780970851575,0.8682421301422157,0.04283490206900646,0.0,0.6020178370344372,0.7233573654890699,0.5612970079364712,0.7641576960000209,0.6125198489857387,0.0,0.0,0.657882504644167,0.6241146716322366,-0.02016704088112657,0.0,0.0,0.6505642882969589,0.723815432575249,0.6626796555287078,0.740917503732962,0.40023321274671075,0.0,0.4498240638925023,0.6864589650332844,0.0,0.5158924109122425,0.5947686408347205,0.27619949872427474,0.5080914979964589,0.0,0.7058797946494064,0.5910777345560443,0.7399274689908577,0.5719538168283587,0.5171837361291687,0.5336861170983097,0.595371824717293,0.6449250405206108,0.7848037152826262,0.7713146360074934,0.0,0.7624689912631635
0.18735061332442712,0.6314325056219531,0.0,0.49277436335086033,0.2310680421654208,0.5728166456603789,0.48176217950363365,0.5628276246390301,0.4670746389753453,0.5943627126155377,0.2968747503521315,0.7273201707236612,0.5325806595815236,0.4189796284215601,0.4215406095245082,0.4789489001913851,0.6651392871030521,0.42046159724922494,0.5540684343150841,0.3991516382209589,0.3758643985439178,0.5887183684838107,0.564938951917208,0.4445444655646125,0.5648901736980134,0.31422699912259,0.5041880670855037,0.549334695051737,0.5792412823162622,0.5614401635058371,0.5669030479637477,0.49998855150798477,0.4072507185363539,0.5409827292198449,0.535072493501742,0.46564484423249486,0.5916962431982475,0.5325566410506986,0.7013815817501141,0.4981268473075329,0.5899745974619357,0.5493178910259418,0.605751694434531,0.7459392390256717,0.0,0.0,0.4219312670591823,0.7101028487629036,0.4799655016898289,0.6608527347923168,0.4885185870410996,0.6402933414065898,0.6097139420443813,0.7667874889235459,0.41236622961493746,0.7934635152941228,0.6108934627481339,0.6243543495227799,0.558333056897088,0.3944110219372481,0.0,0.0,0.0,0.6576175835491139,0.7140162649359285,0.5207577008404323,0.3037824749013956,0.6125694429060446,0.0,0.5454375498355803,0.5505486971609059,0.5790055387051929,0.5538017592294655,0.5710644337876862,0.49447992501821325,0.4479823298457383
0.0,0.4217655388557703,0.49277436335086033,0.0,0.5394414844461076,0.5859018725529672,0.608318036559624,0.6041012461737619,0.5229124736163093,0.5471229032207428,0.5214934776541789,0.2526500446318585,0.5777449188497985,0.7552312914589236,1.0448244928562922,0.23778448144788672,0.6312088310405021,0.4659054858989734,0.5019244472305555,1.2242409209122584,0.40808593968044127,0.9797494693270403,0.8304176091987783,0.405301565354427,0.7908712960204658,1.080437677383378,0.9826357440855574,0.7407616927401015,0.37752165750224315,0.65988460656436,1.1951447348854232,0.6614497703042028,0.849688120231489,0.6876608458689512,0.7657032638160277,0.3669688399170883,0.669173822046041,0.45538017128893865,0.2395461596350065,0.4017751297716928,0.38281055461122016,0.528073126634621,0.6555326724992723,0.2512255673840359,0.0,0.0,0.0,0.4768037629147369,0.0,0.0,0.6325297438700481,0.0,0.466757380636385,0.3491284739329721,0.0,0.5249697505243097,0.6639687112553465,0.4877139748990673,0.0,0.0,0.0,0.0,0.0,0.0,0.0,0.0,0.48724091432876915,0.6857073120460857,0.0,0.0,0.0,0.5433850899299875,0.4478005858823216,0.688202583009331,0.0,0.0
0.6509818150059121,0.5569298041587485,0.2310680421654208,0.5394414844461076,0.0,0.29327604013789077,0.5315736334467993,0.3236344710948502,0.17619224963829022,0.5776837730949453,0.15661218798537663,0.566718412357927,0.774965565881477,0.3455635454121626,0.4553991147406419,0.67663364634247,0.5677447426688056,0.5403687297523179,0.15580529413777858,0.6123649690217221,0.31257843403308927,0.6396711610006887,0.37753014317543143,0.46915751493334523,0.6512090320664082,0.5218815583545878,0.32455602271461437,0.681114411309611,0.8449412561131198,0.4102323589659377,0.5391532168395315,0.4409672454697643,0.3459918963456979,0.5310602060472933,0.407151026478859,0.4091521725453133,0.5871849100586171,0.4907197633305893,0.4917300298566043,0.4178479855893837,0.6934876279831766,0.7089182897123996,0.390751933188002,0.7172694083908322,0.3865148861262009,0.0,0.28900670604747736,0.5382538852998027,0.0,0.716880660267343,0.5492192132526714,0.6872961892827756,0.3619707149644673,0.4888768464237938,0.0,0.41921600743576537,0.3724740468544332,0.6461152861806201,0.34021140401068317,0.42645128749876915,0.5089828631233325,0.0,0.0,0.5504890713356911,0.5293045181288603,0.44272491190818003,0.5459895410931795,0.5824811402927419,0.0,0.49967127401890304,0.5776570016069101,0.447075720449265,0.5719584109878288,0.5345205869881446,0.0,0.5537963636969172
0.5223749291851436,0.6240988639564837,0.5728166456603789,0.5859018725529672,0.29327604013789077,0.0,0.6116542514164093,0.4977811113019239,0.4862053724233555,0.7046874277567279,0.2949729468054926,0.6768338513792069,0.6153325429109937,0.3022253823971196,0.7702332468739108,0.6163169068274252,0.34552433909478764,0.6427841201995148,0.5234870058620908,0.6190009658200032,0.513638208197785,0.5767619823977814,0.4341013286240447,0.5188208716458418,0.58065040410322,0.7584370766458381,0.6498554105377401,0.6541771458411527,0.4926512983278176,0.7131542167690373,0.6323346527834375,0.63463187225163,0.6177995821219806,0.7224029749116161,0.8085767407239222,0.3938284467472565,0.6480346118289276,0.5476746281090697,0.6716934178569871,0.30232816725896994,0.5904668217002125,0.6497085302786334,0.765403858520924,0.676620681382112,0.23495397057055217,0.6646848902811429,0.7134107116733837,0.5009530367774654,0.6297318414352727,0.435511837528666,0.5906032980720409,0.5942789153920226,0.6723261982245918,0.5546534519077989,0.40750183971496595,0.5981015051043824,0.43745617629596656,0.5790385979771384,0.6060467256693994,0.6768503349670982,0.5990703453923707,0.0,0.5426267789319955,0.4733703703477318,0.5092513686210924,0.5221281260500538,0.6776656275974615,0.5493772044144716,0.5065234450286077,0.46243548745986,0.6788226221555977,0.6022070826002741,0.5278090337900011,0.6866610017111612,0.5446000974079901,0.5487730837149485
0.4342801964192271,0.6327719817076679,0.48176217950363365,0.608318036559624,0.5315736334467993,0.6116542514164093,0.0,0.5810290244393352,0.5621331434785736,0.4483140246469755,0.4408439397684475,0.6788237180343117,0.6071640535410621,0.38789471383750734,0.8976378510538228,0.6258400104656967,0.5283725770455631,0.6220396669020027,0.32248769686007084,0.7000674250997354,0.579709651344517,0.6838960942756149,0.5190374442477327,0.6418047967545961,0.6194883397376155,0.7595395863104263,0.5242433388333684,0.4328862343258829,0.8200797999143535,0.522380088076151,0.6894623040249792,0.6077771407368273,0.48570750344515334,0.4310648128316561,0.5396287737845367,0.6991896230164272,0.5040559197557916,0.7132165985426391,0.7153911710525518,0.3943067428503725,0.6293006046264902,0.7960828202441182,0.6019016019059596,0.8222969460761294,0.3917855026475292,0.0,0.7613190727131576,0.4846363582066877,0.0,0.5668248948518531,0.585748436098735,0.6255637997463548,0.6357011996259168,0.6816161710759241,0.6207027381953822,0.5494434104407385,0.6885494344945058,0.5217117629524906,0.5589347348611418,0.39878218587868075,0.47812511642268773,0.0,0.5170866661921725,0.6347601589463439,0.6063376846573837,0.6960454743257782,0.8756501492278637,0.6039019495666761,0.47110434633385345,0.5129514515222422,0.8821606114172703,0.5515085259996095,0.5301696352507264,0.5205037941032671,0.5997537254053914,0.46814390055959704
0.4992227544294301,0.5421140348524702,0.5628276246390301,0.6041012461737619,0.3236344710948502,0.4977811113019239,0.5810290244393352,0.0,0.48237105364948735,0.5500232793637119,0.4989217140196812,0.6189985370713474,0.6883691766374191,0.5701237307536329,0.46943881508150737,0.6765862030608345,0.41092777548636306,0.5306544897366468,0.5038648648333522,0.721988244351685,0.6314277252384248,0.6741894960267654,0.5154957847510971,0.2891602124509798,0.458695694502328,0.4641746496038395,0.41164084849074745,0.6861413912319618,0.651126391149333,0.7179315222718062,0.7028302430209015,0.7782067464943985,0.6045240083667499,0.7605679132713312,0.758771885960807,0.5046425434637023,0.7406681844099142,0.5924581649287224,0.7184148756838489,0.5513544095472798,0.46731751660600307,0.5824662674897896,0.45049245442497143,0.51135079958534,0.0,0.4626310223205375,0.43094866314947744,0.6121754722630837,0.0,0.6438005682073137,0.646163936917795,0.6191456695549119,0.6686637024793327,0.4887307787987595,0.6294661943052522,0.5223209517624906,0.9501391664181631,0.5188303408780975,0.5845710269703905,1.034012253794538,0.4983569219731624,0.0,0.5981365226152185,0.6804078252115083,0.9888439032068195,0.9033584138410176,0.48672014420196485,0.5841269595168086,0.0,0.1896142669641796,0.40461856833533466,0.5687220637180569,0.5844991262449788,0.7565089691222808,0.4833972163894618,0.45103269522770895
0.5326575559152592,0.4677148098431015,0.4670746389753453,0.5229124736163093,0.17619224963829022,0.4862053724233555,0.5621331434785736,0.48237105364948735,0.0,0.4701195285725104,0.15171335099217118,0.4272121239925864,0.5865585942579785,0.33718284080444816,0.6179717020051423,0.4518296988173318,0.3152503451992797,0.5469652131230195,0.1740401948475376,0.5243390249567985,0.3393431029580667,0.4880793550233906,0.46437156384208933,0.45843452910951976,0.6689035847353995,0.6208228811128681,0.4428176420384037,0.4743536426055272,0.5978105839849266,0.5321219193470091,0.4876697221556942,0.4559028273731779,0.47834818094219256,0.46989633811093123,0.4281747822176248,0.4189585640344482,0.412155379681209,0.45584343207151856,0.5975121453070176,0.6636128565688386,0.5223212643792048,0.5064514204292319,0.6649909207963159,0.5075958001216355,0.4387020121200039,0.0,0.4053684949839163,0.6612346844851159,0.48346251830517856,0.6609767779729607,0.5540900763962631,0.6354623912024226,0.5676396761101719,0.5425424823121783,0.35510993022251003,0.539458539123164,0.3634031770617884,0.5094636200075924,0.5484818102440445,0.44959796924972106,0.6515148303683442,0.0,0.0,0.5855847098789998,0.6372317181129082,0.9384635586481065,0.733646525167005,0.530315484517155,0.43833255018093076,0.4215051702793091,0.2673503722366639,0.4714863785527885,0.47592871465071807,0.6164408743001206,0.3279418244744302,0.6084840798336061
0.28935854375840886,0.4302699397277614,0.5943627126155377,0.5471229032207428,0.5776837730949453,0.7046874277567279,0.4483140246469755,0.5500232793637119,0.4701195285725104,0.0,0.44178801221019776,0.5733232499722031,0.6199212971570476,0.7694215931474961,1.0971179193021292,0.4648472150158607,0.5187675689928767,0.35798410106508716,0.2024544359444106,1.1284704591163779,0.5703321487539398,0.417287592990932,0.5159959499885246,0.35505019957671347,0.5980068917783915,0.3562610917133783,0.5586185240708699,0.5903095178840772,0.8258167958649243,0.3367384878374715,0.5246782882680399,0.36636385285650985,0.2681674823992076,0.29329934386911566,0.7456176233982215,0.38573261670397857,0.4940277469569305,0.3564716408150199,0.3064344395790024,0.08545200952672607,0.40261540019396286,0.5270184702393945,0.5092033339070048,0.41972433328201647,0.4010714163339446,0.40110588366330324,0.4716644086907249,0.3879462739633843,0.4790017735902401,0.4485544349389401,0.6175537852327555,0.3334250249187767,0.7086369842089473,0.23915604667678125,0.25838286300564894,0.4472649093037515,0.22748448408366945,0.4518038784201044,0.0,0.5956175964596978,0.4577439669233796,0.45669766633212977,0.5148869319563589,0.4796165785681439,0.4846121785875125,0.46855859132925,0.6462787487613436,0.7614905510472897,0.08985670976015248,0.3693371976893768,0.22306322302035986,0.7245138623411689,0.5121629047962561,0.6715834861876147,0.0,0.43062002881808503
0.20301264590133808,0.47944618162897307,0.2968747503521315,0.5214934776541789,0.15661218798537663,0.2949729468054926,0.4408439397684475,0.4989217140196812,0.15171335099217118,0.44178801221019776,0.0,0.3584823871357935,0.39480992654814107,0.3908341750238573,0.0,0.49179948183226907,0.3162280611229623,0.37953970496808653,0.20179144876908509,0.5072861293269066,0.43814622406832404,0.4426661664307525,0.5556714833839541,0.40557910425876215,0.42747246834317265,0.33092511594170065,0.2371631683606791,0.3584000202961583,0.40966354824534407,0.5109896646020056,0.3231921214646478,0.4981196934764115,0.28207340242202933,0.3964584620329425,0.3181183906048859,0.5139121312275727,0.4887902234838161,0.3738726816458422,0.6931069069662112,0.45389811571726896,0.6976376610096862,0.3823106838360496,0.578583221108395,0.519423764023229,0.25631585864878165,0.0,0.0,0.31682592727902387,0.47718951011004057,0.5123918762566527,0.52069785539035,0.5902913487492591,0.5711780735595862,0.6132673091546297,0.355806549983937,0.3387264209137757,0.4529460440660435,0.5300256009487911,0.4532784641278717,0.0,0.0,0.0,0.0,0.27354761367276037,0.5671851726136652,0.0,0.5678014552999164,0.48950664706202585,0.0,0.0,1.0009945543901222,0.5812546181687549,0.4080187752147589,0.2274932532945689,0.0,0.3672557143066428
0.43295423621139795,0.4038429796726545,0.7273201707236612,0.2526500446318585,0.566718412357927,0.6768338513792069,0.6788237180343117,0.6189985370713474,0.4272121239925864,0.5733232499722031,0.3584823871357935,0.0,0.567237819477453,0.4169057040762375,0.43670298886051095,0.5534361297117129,0.4836786224834645,0.5874453222827686,0.6095121842640402,0.3149956667531976,0.4831500076697153,0.27724477039228024,0.3708375254792852,0.5293633702445768,0.5180210447252052,0.5433093660855414,0.5856154638799447,0.6322615792432029,0.6552449307319663,0.3565551312987163,0.34874667081149613,0.4046676032244433,0.4595535668886296,0.4755858462883956,0.8286917147840436,0.4418365307948625,0.527086453488187,0.3109103403529275,0.5250157096938359,0.2085665027443822,0.504555509892944,0.25419107284578807,0.3857890001880603,0.30976065276980935,0.479457529098272,0.2743347625096696,0.5505916006800117,0.3850563211042738,0.18487208631123306,0.2238736791541802,0.3148837873844252,0.5845026665188815,0.35981452290653954,0.5193795419898954,0.27703012268595784,0.3727736259081415,0.3701177800789268,0.6276834789196535,0.5712775057740413,0.5264350614956397,0.5057476184309232,0.35333186374377695,0.4818103668618495,0.2740750086276194,0.8958755430724723,0.8179542298743283,0.5530308481431484,0.547327691324424,0.17637427941381895,0.31368028234675405,0.2265591408967878,0.4671679560613432,0.6961447131267067,0.5997450323928659,0.0,0.5522576184177935
0.6079796300949027,0.6960244486949244,0.5325806595815236,0.5777449188497985,0.774965565881477,0.6153325429109937,0.6071640535410621,0.6883691766374191,0.5865585942579785,0.6199212971570476,0.39480992654814107,0.567237819477453,0.0,0.48322451575788966,0.8942551416242751,0.6763757701677693,0.529572183904472,0.6913133524670414,0.38351398799598796,0.8452649895969124,0.6466865115493686,0.7025184266391926,0.5958397262932404,0.4513716803948973,0.7642202316123816,0.7440788915526251,0.6165735289180505,0.5636719909969297,0.7040141136258233,0.30485040337416,0.5480942909840277,0.639890787191882,0.4831427745049489,0.4384487483207225,0.4086354735613601,0.614650051000575,0.4530777114731187,0.6117701458350258,0.6555612778389008,0.5729212241116856,0.7872348224414749,0.8321110916569909,0.6836144775852833,0.5719070226347516,0.6174780194134089,0.7601588758749044,0.8257839148897546,0.684988989821352,0.0,0.7218849758257315,0.6648520297975511,0.6577529948379954,0.762593612961674,0.7281244793305147,0.5140624424072344,0.7950908376212606,0.5003543606968222,0.6568756613894935,0.48223940184666025,0.6397048469435771,0.4702319721953968,0.4195430754791767,0.6324721302628297,0.7022486609342602,0.5675399717199396,0.7448383195079127,0.8123219411869314,0.7004154800489257,0.4446295571176806,0.49309188948869853,0.7623043887502146,0.7016196689482032,0.6717674819502804,0.6317814688519181,0.5890951799457903,0.6148578748790898
0.48547189006225133,0.34832152450862486,0.4189796284215601,0.7552312914589236,0.3455635454121626,0.3022253823971196,0.38789471383750734,0.5701237307536329,0.33718284080444816,0.7694215931474961,0.3908341750238573,0.4169057040762375,0.48322451575788966,0.0,0.3670537870992898,0.5608875400600517,0.49242368175872053,0.451712985397694,0.38725585205404234,0.5067616849422427,0.5142863224454,0.16705330905486093,0.3637943750985434,0.44196526517510937,0.39569165430455694,0.35786958698128324,0.4166556444711215,0.6155088860477982,0.38761849055169173,0.5383982096181522,0.6587302719652242,0.49253944859924814,0.3372278377166483,0.6962648752457805,0.41124087663201264,0.2758839657957311,0.20489283791874352,0.35742629263612213,0.8003483557125782,0.0,0.6640461131359503,0.6797827614558305,0.5937360920702499,0.47923481278863334,0.0,0.0,0.0,0.5364501689288617,0.0,0.40420556747548164,0.4823893645191399,0.4895731832576673,0.6630541143546688,0.36463647177280006,0.0,0.4276004890759621,0.3768925069725476,0.7285031867230614,0.37523872967454397,0.0,0.0,0.0,0.0,0.4988025266112636,0.0,0.0,0.0,0.41050508888861903,0.0,0.0,0.0,0.4170666521814185,0.7069134069574675,0.0,0.0,0.0
0.48101667250591806,0.7444368082898531,0.4215406095245082,1.0448244928562922,0.4553991147406419,0.7702332468739108,0.8976378510538228,0.46943881508150737,0.6179717020051423,1.0971179193021292,0.0,0.43670298886051095,0.8942551416242751,0.3670537870992898,0.0,0.7623746193251153,0.47776250879058907,0.3168324397724581,0.0,0.6960827953301147,0.7048599634412405,0.8720387132299418,0.6005665001639127,0.3319936127707214,0.3194314878874829,0.463432788859928,0.6081717918971807,0.6471839451773393,0.5210365990633372,0.7248188528701487,0.9563417044434647,0.7406533172257137,0.6618371311899403,0.8494294300465861,0.9765120148909121,0.9567430014757724,0.9800483386764554,0.36712632702806924,0.5382739049100915,0.2617656483611361,0.6748161871012175,0.6861683503081836,0.3498043131657175,0.704076517383152,0.0,0.5554469511830811,0.7031767280666793,0.5114531091714357,0.0,0.0,0.5592555985575491,0.6698217607332952,0.5655538685928095,0.6010267170177964,0.0,0.0,0.5730024586103173,0.41584900027628746,0.4759742416736811,0.3150145594662602,0.6271511613702794,0.5653572007407226,0.8127804023237518,0.0,0.811504256817223,0.6733504350149359,0.7334327709507905,0.721746941399324,0.46928763822269803,0.6342892400244687,0.6502764695703511,0.5858383817616853,0.4719572773684743,0.4181688525741275,0.7727193723636718,0.5422642143038285
0.7661624104991553,0.8360432429431499,0.4789489001913851,0.23778448144788672,0.67663364634247,0.6163169068274252,0.6258400104656967,0.6765862030608345,0.4518296988173318,0.4648472150158607,0.49179948183226907,0.5534361297117129,0.6763757701677693,0.5608875400600517,0.7623746193251153,0.0,0.3232904330143743,0.8277363490284629,0.5101232514706732,0.769030915433069,0.6990898173090176,0.8699473371800037,0.6983817644827272,0.80860358869837,0.5671244355431789,0.7634990424761463,0.6634255735432965,0.5413919358398345,0.5769163698331847,0.5209332739482704,0.764802176689312,0.5345794894680918,0.6581974341688407,0.4997940089067793,0.8419524242543592,0.3932165310636985,0.5899521680428014,0.6837371684971987,0.7260119698842198,0.6208993197800864,0.6130904406475486,0.7145301254185139,0.46751966584516247,0.0,0.0,0.6554026049026034,0.7335562799216262,0.0,0.0,0.0,0.5455798299464845,0.7145069675675858,1.0078476106608476,0.0,0.6649409782256088,0.0,0.5269420437293871,0.7381694441671192,0.0,0.6392982634782887,0.6624868439709781,0.5598504173790337,0.5327886865376095,0.0,0.5621524554182871,0.8072890901848152,0.7612260228521812,0.5264535616749899,0.401718801744476,0.68978188160846,0.7046160101275646,0.633203233486683,0.4956668895403804,0.7888577390311688,0.0,0.49092797459972226
0.40182725667659425,0.47470585504736473,0.6651392871030521,0.6312088310405021,0.5677447426688056,0.34552433909478764,0.5283725770455631,0.41092777548636306,0.3152503451992797,0.5187675689928767,0.3162280611229623,0.4836786224834645,0.529572183904472,0.49242368175872053,0.47776250879058907,0.3232904330143743,0.0,0.37419787359336687,0.7918588492211123,0.1584176099253597,0.44761183308937,0.497904672196977,0.36623576538952335,0.4947935407033479,0.5120635532919919,0.37936841377747565,0.5009480263279181,0.6561827507107827,0.266240801757274,0.39398223537444166,0.40447524347433084,0.4018966428574239,0.4346855056935043,0.22805013506171612,0.6055720631909656,0.5402661096640068,0.36377432998416337,0.16426979285295354,0.5471184678085288,0.2335586967191244,0.1889054547427923,0.46850535169064095,0.0,0.0,0.36117514612498763,0.533676704703828,0.5307228557481478,0.0,0.0,0.0,0.0,0.0,0.0,0.0,0.2831264466964515,0.0,0.2901831697496756,0.4647584020983653,0.0,0.5880791523381389,0.4441538758700879,0.44094826081203137,0.4484345320451986,0.0,0.0,0.0,0.7465043630032984,0.0,0.45541548373527924,0.47247361341575494,0.3815958305306759,0.0,0.5430725949998838,0.48375914004245524,0.0,0.5037344329622406
0.49600804851519,0.7611133993954191,0.42046159724922494,0.4659054858989734,0.5403687297523179,0.6427841201995148,0.6220396669020027,0.5306544897366468,0.5469652131230195,0.35798410106508716,0.37953970496808653,0.5874453222827686,0.6913133524670414,0.451712985397694,0.3168324397724581,0.8277363490284629,0.37419787359336687,0.0,0.44853735288608065,0.6478952622076144,0.45183069868462267,0.7419539096610162,0.569809732650832,0.5092248628661231,0.6082262547542523,0.3986820558443731,0.7424013498146946,0.4856525260094157,0.5329968246659209,0.4244798020423078,0.5120801136298343,0.37338792112473546,0.5091737414003494,0.44839206134256826,0.5972671874734518,0.5798787065533133,0.4076959310955921,0.3319284584602028,0.5230675064269045,0.46615315588608325,0.3705271625026753,0.5092530378946527,0.0,0.0,0.4621892336155046,0.5232005224651435,0.7270898864593791,0.0,0.0,0.0,0.5783900575381535,0.5202531984132723,0.6149542590601021,0.0,0.4710780088363602,0.0,0.37770394977447624,0.5906026113618554,0.0,0.5773508626738338,0.5625622752207229,0.5247734622640481,0.46034667944555313,0.0,0.3504810522164563,0.5290521279056266,0.5959007428739179,0.7943555275355167,0.44472201288776264,0.5046092555383375,0.4550288310224949,0.3839898753210712,0.6470742863617118,0.5232707770860471,0.0,0.5306911951827686
0.0,0.47361912147861784,0.5540684343150841,0.5019244472305555,0.15580529413777858,0.5234870058620908,0.32248769686007084,0.5038648648333522,0.1740401948475376,0.2024544359444106,0.20179144876908509,0.6095121842640402,0.38351398799598796,0.38725585205404234,0.0,0.5101232514706732,0.7918588492211123,0.44853735288608065,0.0,0.49554733149895774,0.5001360525878937,0.45307997434160074,0.6125775986057868,0.5912711795222311,0.4322002979165309,0.5466746200370859,0.571480443029525,0.3854710693085571,0.5240362083873082,0.638102837193577,0.3923883742260328,0.4185388272279763,0.4462201375093169,0.37209811023443096,0.2824744708204024,0.45763467703835925,0.3861406619396434,0.2101432209568821,0.7994856499521612,0.46433006654600595,0.5252569553624793,0.35195170003662546,0.7091641280173022,0.5554571487103022,0.020543268173999103,0.0,0.0,0.7257442065626133,0.0,0.5331990345717734,0.44892001304861007,0.570612601110889,0.48021205714913795,0.6214877856629164,0.6616263484583583,0.6900610324969578,0.44083062274627927,0.4232849580280075,0.4248436584772959,0.0,0.0,0.0,0.0,0.8127386776856815,0.48231831798134894,0.0,0.44887645710823504,0.5401016149144773,0.0,0.0,0.0,0.43971211354969675,0.4505306502086369,0.3139090601446329,0.4804689482897687,0.588086610175398
0.704061531739822,0.7436294699350581,0.3991516382209589,1.2242409209122584,0.6123649690217221,0.6190009658200032,0.7000674250997354,0.721988244351685,0.5243390249567985,1.1284704591163779,0.5072861293269066,0.3149956667531976,0.8452649895969124,0.5067616849422427,0.6960827953301147,0.769030915433069,0.1584176099253597,0.6478952622076144,0.49554733149895774,0.0,0.7367285558725862,0.8323682259228025,0.6091979595509974,0.6361814444435726,0.7152424893191578,0.682497275426908,0.7348221965112405,0.7496121780267042,0.7848471753327448,0.932206929308868,0.9657405402536363,0.811598434756313,0.7037441349610465,0.9530424735785268,1.0791952393063855,1.0798600713515376,0.6100484531850711,0.71852951562918,0.6223484923291707,0.5789405200203208,0.67891015019024,0.5496622221186485,0.6412434878495399,0.3025169783857617,0.3697867252648217,0.684501686265568,0.6734049284327617,0.5763491753722636,0.0,0.0,0.5574606909174078,0.6248321638490972,0.6569661710476352,0.5443017675715913,0.7837621917879436,0.0,0.4144765266607449,0.5713524402668325,0.0,0.5818884318437731,0.5184877535668369,0.4662731315149261,0.6727549512498106,0.0,0.5026371051273174,0.606569901816012,0.6035114293871048,0.5061290002023747,0.0,0.5386229533280175,0.6070747680988431,0.5174554997191463,0.46354652385706085,0.48930364255660685,0.6072356404694635,0.6247863150430916
0.332844876295872,0.5860382882972188,0.3758643985439178,0.40808593968044127,0.31257843403308927,0.513638208197785,0.579709651344517,0.6314277252384248,0.3393431029580667,0.5703321487539398,0.43814622406832404,0.4831500076697153,0.6466865115493686,0.5142863224454,0.7048599634412405,0.6990898173090176,0.44761183308937,0.45183069868462267,0.5001360525878937,0.7367285558725862,0.0,0.6725000387531552,0.40623547504480984,0.27694623710293664,0.33721872040828743,0.5914303279402867,0.5245999093131042,0.44578974624429973,0.4645048693994387,0.43632395446877675,0.8283608237467296,0.5578041381336634,0.2173773041282154,0.657711374736293,0.8423265869974372,0.8020210624187356,0.5156312927734976,0.4114833782981844,0.5449408272439191,0.36143238935391153,0.34484639893681246,0.4930655577045529,0.3591851953121079,0.0,0.0,0.5695715711264655,0.3738816563866463,0.6852950644634352,0.0,0.0,0.555406545874889,0.4596511187236123,0.7156585458579927,0.680922770992435,0.6017387212902299,0.0,0.7745130243489919,0.6086879713019235,0.0,0.5600266673710175,0.42818886351644364,0.0,0.589619527170115,0.0,0.5232722957685411,0.6276071289556262,0.4711720556385184,0.5093401460921556,0.5610868597787497,0.2909070767976494,0.47341508511831837,0.4990650557091065,0.47495808127330374,0.5861563625213602,0.17510858932757065,0.30956606626132105
0.574130164597116,0.756749674446975,0.5887183684838107,0.9797494693270403,0.6396711610006887,0.5767619823977814,0.6838960942756149,0.6741894960267654,0.4880793550233906,0.417287592990932,0.4426661664307525,0.27724477039228024,0.7025184266391926,0.16705330905486093,0.8720387132299418,0.8699473371800037,0.497904672196977,0.7419539096610162,0.45307997434160074,0.8323682259228025,0.6725000387531552,0.0,0.8038983926812309,0.3800005645644644,0.7766815494439813,0.8287154916828777,0.6608174358758989,0.6764501237412347,0.5985683800917725,0.6508038304222792,1.0232391835237022,0.7544469374455656,0.7480506675048009,0.9954327741756408,1.0710754017980775,0.8939319168406328,0.6989024507511612,0.4348044130654049,0.7918656197792047,0.7709180618854208,0.7115881778129781,0.781844365082166,0.39900335596597347,0.23891275356937655,0.42314597870759646,0.7814003214210672,0.7418869018469207,0.7852303669485086,0.4802564252282071,0.4060110366659091,0.6764354270308349,0.7219532567061318,0.6155307062007662,0.8152861998186021,0.4228511554067913,0.0,0.5173487025266593,0.5660174472942805,0.0,0.7521307885863472,0.6298676828305767,0.44990246936326606,0.59450550018353,0.0,0.6444194725397183,0.6678090941506056,0.7316946291433912,0.6107736133165029,0.5234571826683198,0.5113989025723854,0.6860342959986231,0.617040020861025,0.5242865251866393,0.5342052156805641,0.648253091530351,0.7057799404059284
0.457804418612904,0.6221766188878053,0.564938951917208,0.8304176091987783,0.37753014317543143,0.4341013286240447,0.5190374442477327,0.5154957847510971,0.46437156384208933,0.5159959499885246,0.5556714833839541,0.3708375254792852,0.5958397262932404,0.3637943750985434,0.6005665001639127,0.6983817644827272,0.36623576538952335,0.569809732650832,0.6125775986057868,0.6091979595509974,0.40623547504480984,0.8038983926812309,0.0,0.39488285737683027,0.4595591621189416,0.38560210973992,0.28756030824761025,0.48858376513912727,0.4400552281180222,0.4821136835419442,0.5943244584718184,0.5217264694885129,0.5145112767042126,0.6291417304408073,0.6896633133152898,0.6219789601956007,0.5882477112851615,0.2773612107117901,0.5220320984482494,0.5849981190329032,0.49176817433608966,0.6015870793412851,0.6733249298882138,0.5711695570114599,0.4738209163169575,0.3775038024827486,0.5781442382096171,0.8182134105824539,0.3928645415039035,0.6439547739678648,0.5601345872250412,0.5863371116730582,0.637528848258808,0.6222317307378037,0.5962785149974941,0.7697434726229102,0.2861284651280379,0.48888492421680185,0.6321073872328871,0.5460619966917123,0.4591884089108392,0.4846121785875128,0.5934388804264243,0.7968247829297455,0.507980095725429,0.5281193781476419,0.5849428183204846,0.7020299645468293,0.3712725241661764,0.40804108090720814,0.5009863406362417,0.47491069732892255,0.46219836036877304,0.5583639153588004,0.5016579749892279,0.5103434293054738
0.36481615111374194,0.641824033415036,0.4445444655646125,0.405301565354427,0.46915751493334523,0.5188208716458418,0.6418047967545961,0.2891602124509798,0.45843452910951976,0.35505019957671347,0.40557910425876215,0.5293633702445768,0.4513716803948973,0.44196526517510937,0.3319936127707214,0.80860358869837,0.4947935407033479,0.5092248628661231,0.5912711795222311,0.6361814444435726,0.27694623710293664,0.3800005645644644,0.39488285737683027,0.0,0.561952275522453,0.4230444324385447,0.3832850236446146,0.500778382248142,0.7012337177701329,0.644404627808661,0.22145539617718543,0.4540492015353774,0.12341274737863989,0.2222883713357217,0.5998946871191605,0.3277971347194201,0.4165416846597355,0.32927763111487646,0.8648006253090395,0.33712002520975937,0.29453240690778737,0.7850876039305461,0.6593451346512034,0.3613194642701987,0.4615605064038494,0.39497135872804834,0.4811839081499402,0.0,0.0,0.46066733622655776,0.4932819643182035,0.3773564236325516,0.0,0.33310089594695663,0.2504385011536332,0.5026353921067097,0.20353392800723832,0.4899845148590266,0.0,0.3563982597042502,0.5008530619676799,0.37002863968517036,0.46326268543530935,0.48194217529870786,0.37435727517104816,0.2563610521780002,0.4783149000720627,0.6337620192484095,0.3056048535985119,0.3436025965318009,0.3389358512507702,0.340909383128413,0.5500978518681511,0.8603434672585902,0.0,0.44128433731667727
0.33703674596330974,0.5668185582242774,0.5648901736980134,0.7908712960204658,0.6512090320664082,0.58065040410322,0.6194883397376155,0.458695694502328,0.6689035847353995,0.5980068917783915,0.42747246834317265,0.5180210447252052,0.7642202316123816,0.39569165430455694,0.3194314878874829,0.5671244355431789,0.5120635532919919,0.6082262547542523,0.4322002979165309,0.7152424893191578,0.33721872040828743,0.7766815494439813,0.4595591621189416,0.561952275522453,0.0,0.2951155850091026,0.6720100767680708,0.6378663042289217,0.5344341764718932,0.6061085730857289,0.514633831320533,0.31464003138396557,0.4091051847312675,0.39942047333355435,0.7330290393668125,0.4109794403401161,0.6157931868717851,0.14034505016412813,0.5158384268611272,0.4566453677970512,0.3683676373446638,0.4588059277758971,0.18363527696499704,0.0,0.3207627019807171,0.5213082815559763,0.6894626089495619,0.0,0.0,0.0,0.33001460650214487,0.41581656952631285,0.47422572394515383,0.397024909673544,0.3798799468447217,0.4903496526207176,0.4168147412101558,0.3908618764186439,0.0,0.4447143293120798,0.4996201005224138,0.48655264798879977,0.46083376702528345,0.0,0.5894464725732338,0.381394195838845,0.5333715562855973,0.3045084656082816,0.4860126467409118,0.4945483059030993,0.4219483073124598,0.4616815269195693,0.5926852062819584,0.4127514052320265,0.0,0.419170395210979
0.5389724969923707,0.49331221702537403,0.31422699912259,1.080437677383378,0.5218815583545878,0.7584370766458381,0.7595395863104263,0.4641746496038395,0.6208228811128681,0.3562610917133783,0.33092511594170065,0.5433093660855414,0.7440788915526251,0.35786958698128324,0.463432788859928,0.7634990424761463,0.37936841377747565,0.3986820558443731,0.5466746200370859,0.682497275426908,0.5914303279402867,0.8287154916828777,0.38560210973992,0.4230444324385447,0.2951155850091026,0.0,0.6732960374472081,0.6516426686403677,0.7748533027181493,0.5231561492063085,0.525721579038188,0.5858886111989778,0.3512762045876031,0.5217011628602861,0.7304065365007906,0.6129977944548847,0.35811238853500615,0.16334714211683343,0.5151756512972624,0.49722859957809923,0.4822787518566883,0.49071169673109516,0.2955774644564883,0.5102196448102315,0.28650153468666667,0.40738508409047236,0.629057712660645,0.5863497891018069,0.0,0.008716216231168736,0.6137968220036458,0.46382234783138204,0.5696418750955354,0.6820500873587008,0.2886916700300818,0.0,0.354028313681225,0.5757497355084642,0.0,0.649213291141268,0.480949086641159,0.37390378796667534,0.3560220056392235,0.0,0.5374409888810656,0.788735133757169,0.7516718724972822,0.5177920533175069,0.4095258814420224,0.3866483097177079,0.4170371262812769,0.6350728188542614,0.3422438339570637,0.6496108091353815,0.5085109856583705,0.3670782327763597
0.5495663069774421,0.6738254840444362,0.5041880670855037,0.9826357440855574,0.32455602271461437,0.6498554105377401,0.5242433388333684,0.41164084849074745,0.4428176420384037,0.5586185240708699,0.2371631683606791,0.5856154638799447,0.6165735289180505,0.4166556444711215,0.6081717918971807,0.6634255735432965,0.5009480263279181,0.7424013498146946,0.571480443029525,0.7348221965112405,0.5245999093131042,0.6608174358758989,0.28756030824761025,0.3832850236446146,0.6720100767680708,0.6732960374472081,0.0,0.568009988943394,0.4958530986004336,0.5668611766137597,0.6268343007139565,0.7109956353102455,0.7690500892934707,0.7831812056272262,0.9499824713655048,0.8209799964426829,0.6893832450059525,0.5842794795706745,0.5670464888578903,0.5786512137371879,0.5668625072181933,0.5828634883368615,0.7099957984725735,0.5485746576372346,0.21804206426867884,0.5983690525164878,0.6547633922347136,0.555179080485054,0.4154937604983342,0.5484273945125824,0.5865690019206247,0.5466148744549376,0.5272147917743819,0.584658254338447,0.6137191795177669,0.6012825469287474,0.23746182543042996,0.5271737749012432,0.6617946280176175,0.5200503200289988,0.59091170017748,0.0,0.6197726298699313,0.6414677946841683,0.45287263265810807,0.5700037533249204,0.5694586419358678,0.507436781816774,0.0,0.5059974092004271,0.5926374665004365,0.5380082419994865,0.5224964265439658,0.5542334948243766,0.40567649570125347,0.5415722448742902
0.5324937255289148,0.6347935485461611,0.549334695051737,0.7407616927401015,0.681114411309611,0.6541771458411527,0.4328862343258829,0.6861413912319618,0.4743536426055272,0.5903095178840772,0.3584000202961583,0.6322615792432029,0.5636719909969297,0.6155088860477982,0.6471839451773393,0.5413919358398345,0.6561827507107827,0.4856525260094157,0.3854710693085571,0.7496121780267042,0.44578974624429973,0.6764501237412347,0.48858376513912727,0.500778382248142,0.6378663042289217,0.6516426686403677,0.568009988943394,0.0,0.6840006269990995,0.4183598410899005,0.564278609027816,0.5234307988841582,0.5980316719601918,0.38549179849110493,0.614366631337766,0.7853644463041864,0.5950635062886872,0.5079399204518693,0.8712052400060375,0.4889572997774029,0.8783934121041975,0.7455033188864562,0.8768358271836592,0.652284155546177,0.6700103411623738,0.7670354702050706,0.7390149763088059,0.5909198273742744,0.0,0.7348795011180724,0.7435981788457686,0.6117234214744806,0.6962246599243013,0.5994387019351106,0.7235575036856918,0.3943687097556435,0.5850065796239479,0.6015635528612828,0.4161575883013273,0.5201040904605561,0.4191638286363829,0.34848896989240924,0.5949776271321663,0.6435428891688743,0.5538710837171716,0.6621865958964667,0.6228385810593446,0.6596537360390242,0.6044840717474023,0.4039687517071077,0.5951787549172676,0.6562382027291211,0.64307867763743,0.6098572815591248,0.4265756284267443,0.6152729542909848
0.5698185880077982,0.5606245806811578,0.5792412823162622,0.37752165750224315,0.8449412561131198,0.4926512983278176,0.8200797999143535,0.651126391149333,0.5978105839849266,0.8258167958649243,0.40966354824534407,0.6552449307319663,0.7040141136258233,0.38761849055169173,0.5210365990633372,0.5769163698331847,0.266240801757274,0.5329968246659209,0.5240362083873082,0.7848471753327448,0.4645048693994387,0.5985683800917725,0.4400552281180222,0.7012337177701329,0.5344341764718932,0.7748533027181493,0.4958530986004336,0.6840006269990995,0.0,0.7015574818763769,0.7207258248410527,0.6748849398732513,0.7935614416762257,0.8750651162234118,0.9608066877519185,0.7438075552841188,0.8780162647020588,0.6031784374808009,0.5523065697136391,0.4583079986663806,0.6230568037873805,0.652547698920478,0.611210613129687,0.5987793621294202,0.4210566197053525,0.5816976752726389,0.5457159252340698,0.49212262953897395,0.43480366429491846,0.37605632728826865,0.6922898754762747,0.64053356242627,0.7316919685924618,0.4753735849895722,0.754912142185775,0.301603612934057,0.2943438852360693,0.5800086812158511,0.5589598589110658,0.46642511669802916,0.5271859359825076,0.48267383353981874,0.37459565084468294,0.597055767527231,0.49403782267921387,0.5414936987607781,0.5570645923583816,0.5598447618879887,0.49276887452295,0.5010465990054371,0.6664143541809192,0.5568123326962595,0.5384618460886693,0.510742254255156,0.45921484362557996,0.6190656004422292
-0.0021986684026217285,0.9060941664953089,0.5614401635058371,0.65988460656436,0.4102323589659377,0.7131542167690373,0.522380088076151,0.7179315222718062,0.5321219193470091,0.3367384878374715,0.5109896646020056,0.3565551312987163,0.30485040337416,0.5383982096181522,0.7248188528701487,0.5209332739482704,0.39398223537444166,0.4244798020423078,0.638102837193577,0.932206929308868,0.43632395446877675,0.6508038304222792,0.4821136835419442,0.644404627808661,0.6061085730857289,0.5231561492063085,0.5668611766137597,0.4183598410899005,0.7015574818763769,0.0,0.5467203286292128,0.5153786250435886,0.44463679132130884,0.8832410773083159,0.6581210769182022,0.23267356705515488,0.2804934845823247,0.5712869026199878,0.6230228137134912,0.5085609405246614,0.5627800498371409,0.4742097801962972,0.6417406554347949,0.30570098634074244,0.0,0.0,0.0,0.17922157859852716,0.0,0.0,0.6152951108317178,0.5494069642745274,0.429609834498985,0.6529473009749875,0.5350305389755275,0.0,0.031972330945771406,0.5027153555508399,0.0,0.5267531377034125,0.0,0.0,0.9733440332846869,0.9364905548613965,0.6102059717681438,0.6904091175207188,0.5072648630474199,0.6053871412812373,0.0,0.43277440738152095,0.48676267386707406,0.642599964856492,0.6197704269607629,0.5705967598027357,0.41961665485747623,0.7848636537197973
