0.0,0.006926065215047628,-0.02974871072217261,0.0,0.009782082636541733,0.0012446587269428488,-0.015093764201069504,-0.015547617425444193,0.004858294038818212,-0.04383074531402237,-0.02483444592689421,-0.0192226265000619,-0.012097213403831242,-0.008902930149252364,-0.004916915288982804,0.0029885384667076575,-0.003086738422780899,-0.012237353207609991,0.0,0.006305873355438751,-0.01949698533910077,-0.0068685352185381965,-0.0210304179851743,-0.03746278508702727,-0.023922232643374675,-0.018799183660364094,-0.012280847794636673,-0.010903543479196365,-0.005500186617900138,-0.07296932652457794,-0.01204679435251127,-0.010633469147874275,-0.046434008033842955,-0.013756121411826139,0.01015198201361922,-0.00802891145526513,-0.0013636620909108776,-0.027661570011086323,-0.017500141192132834,-0.033575798525079026,-0.023722512917484728,-0.006805712389217844,-3.601100404371227e-05,0.0,-0.011751143219794535,-0.002678791400658187,-0.026082166339134627,0.0,0.0,0.0,-0.041692708636016707,1.1102230246251565e-16,0.04057434033665658,0.0,-0.07694647540867194,0.0,-0.01572138788426275,0.007592218438064735,0.0,-0.0605260929558763,-0.021130889819382104,-0.0068920097445127615,-0.030909150840335076,0.0,-0.005635523252575991,0.02025935293587705,-0.022229719830180183,-0.03413836159984451,0.026514999664956407,-0.01852643559035483,-0.01957518235967981,-0.023047784603030697,0.0006214454945416836,-0.026544947837893462,0.0,-0.02066856921848137
0.006926065215047628,0.0,-0.00038147324285908724,7.17909661357985e-05,0.006500753477956145,0.0118004187548984,0.013377318984806763,-0.020600768627542065,0.0008490084722011515,-0.00895241508579947,0.0058882451760969845,-0.0073819900280316375,0.017749299477033076,-0.0041331636441682695,0.012823637082875483,0.020782646541438743,-0.01688616979139157,0.013708291586613908,-0.017136578992438867,0.011482432239123819,-0.005590701029862033,0.010159672556749655,-0.009234147597636133,0.01913417631726927,0.0036104562113128402,-0.004418568355463337,0.00539262462320006,0.010411047105593152,0.005878865257841426,0.04455189743169241,0.024771535653207388,0.011339339569580498,-0.0009676553087692441,0.019657273485496063,0.02895829149708007,0.04877556241767267,-0.0019234770836886739,0.0,0.005505552079000164,0.011739311181418577,0.00883119086463191,0.014527308204265843,0.005159769283837268,0.0,2.220446049250313e-16,0.0017978205153866833,0.0017663062371416904,-0.0006795898438517467,0.0,0.0,0.002531084990085697,0.008932473553024345,0.011504803681501474,0.0043846849808106825,-0.02039160537756196,0.0,-0.006936157643881891,0.0034589628048448118,0.0,-0.0088432493714794,0.0007600816411429401,-0.027391754807778224,-0.009428000868708708,0.0,0.011442616933693694,-0.014120607337427926,0.009007544879913953,-0.008770779329186573,-0.002981706954047092,-0.004827960457890024,-0.0034642443184595417,0.007564170174264917,0.012222602645225178,0.015786867922647163,-1.1102230246251565e-16,0.011678854484011458
-0.02974871072217261,-0.00038147324285908724,0.0,-0.012003728239710465,-0.04739782500265177,-0.0041573831106888615,-0.021697814797317083,-0.02496337321512193,0.004479544403563185,-0.0007976338341579847,-0.048540509416082955,0.01126018784287458,-0.01879177660121628,-0.03743037319247838,-0.00827174675443404,-0.0050490623654763644,0.00013387357665567423,-0.01601766793178866,0.0001056243484413022,-0.008633163627565554,-0.029220374442127495,-0.006075812629313393,-0.004711916329116772,-0.009674855559159146,0.00029415069517829684,-0.03395520689141218,-0.0018926546219237284,-0.020844868368426306,-0.012108593008443524,-0.018535245288137603,-0.015521817448461428,-0.021963802346114003,-0.013395282619359017,-0.017686962631304537,-0.011038717589717584,-0.026937118348512867,0.005828521574565204,-0.0031571290116519934,0.009944365720026382,7.3752106549696e-07,0.0034391584280832888,-0.0012736155892600354,-0.010276225291680263,0.006692426472296453,0.0,0.0,0.0002001726954909966,0.07170782210980164,-8.088167764097598e-06,0.024629217974595163,-0.026643248172882217,0.0054148985201180055,-0.013998574740114789,0.014870165841368688,-0.0008355172763425123,0.05185289344101157,-0.012387096149661325,-0.006348797586554489,-0.007762291353381634,0.00042984595362982603,0.0,0.0,0.0,0.0822921718432893,0.00035396006274834857,0.00637472710116449,0.0007042273558754419,-0.012615388122546478,0.0,-0.00020160397679375164,-0.0002773234440635597,-0.024920800092239626,-0.011440274270544837,-0.011843105340291038,-0.007480858935935086,-0.007193765886360337
0.0,7.17909661357985e-05,-0.012003728239710465,0.0,0.018244935986914373,0.0010993736178068203,0.01880528412169935,0.006290475457956024,-0.018026739787434076,0.04398344084670164,-0.003798156243476125,-0.024881168270225795,0.014912087327216439,0.04749194889024033,0.047625618650546264,-0.001550172432820296,0.006318011553615666,-3.683100074319823e-05,-0.014957890659009654,0.08083624938009931,-0.0016370237151586142,0.05115932654580779,0.015409641355862147,0.005716128206308346,-2.280115749159206e-05,0.04772080674958207,0.04078986171889348,0.0571661932252269,-0.013384632015285003,0.01421197058147422,0.12802530248220528,0.028744133659083126,0.16667076187003893,0.08775142922948259,0.06844574023829808,0.0109798764176465,0.04402368473281221,0.009882560616075287,-0.0018391404883171258,0.0006809870937914408,-0.010173134573145226,0.017594646915868317,0.044410727137034034,-0.004007304139707513,0.0,0.0,0.0,0.002032462513373634,0.0,0.0,-0.005312000383480786,2.220446049250313e-16,8.429264960557736e-05,9.339606255931443e-06,5.551115123125783e-17,0.00927310109514845,0.006088531455098911,0.0009375874675233153,0.0,0.0,0.0,0.0,0.0,0.0,0.0,0.0,7.432076452934533e-05,0.004161577993020638,0.0,0.0,0.0,-0.0009136031742296158,-0.0045328690220929335,0.004136562599864391,0.0,0.0
0.009782082636541733,0.006500753477956145,-0.04739782500265177,0.018244935986914373,0.0,-0.029602552304535623,0.0010100340274490915,-0.046334160711128836,-0.038233529047010884,-0.00902743379399773,-0.04048808384811786,0.008387331060455916,0.011097588347963316,-0.01811177179711626,-0.011989476258712217,0.0023189967976865455,-0.008877484611758524,0.0029225855205330387,-0.05811001040374841,-0.000915774060055663,-0.043568542029146506,0.009530252835545594,-0.024298515555226774,-0.008527552441407016,0.01005830805799307,-0.008108848787724776,-0.031785355955984806,0.014207056322611489,0.03073137228658701,-0.017382305556625288,-0.0093889554439604,-0.00522559274856671,-0.02128135179076357,-0.007883211582488558,-0.014602284268170673,0.005839956706721522,0.04875596303336688,0.0025683658404382914,0.0029134638422834702,-0.007224471746633987,0.028217928731665842,0.03512605755117243,-0.029089463271673943,0.03894141316245703,0.00023825451104381168,1.1102230246251565e-16,-0.0053867349375062434,-0.01210828942702652,0.0,0.03961930321786816,-0.009262341958827636,0.008821264504831783,-0.03234750995254265,-0.012333724414032965,5.551115123125783e-17,-0.014515209831881537,-0.0016451792184312142,-0.007747308523584295,-0.03167832880470195,-0.0016414581020904873,6.098873712850894e-05,0.0,-5.551115123125783e-17,-0.010909276012277813,0.0012427649698543708,-0.00046440974289763126,-0.002844769539699643,-0.007385331785662919,0.0,2.3645815828643446e-05,-0.0008757010635324636,-0.02019423940563675,-0.008080371390232433,0.0012902752737953271,1.1102230246251565e-16,-0.011178453657418763
0.0012446587269428488,0.0118004187548984,-0.0041573831106888615,0.0010993736178068203,-0.029602552304535623,0.0,0.0014750179512986739,-0.016962353037615285,0.0014634886994620566,0.01243132533304514,-0.0332699406313543,-0.004237280568251289,0.0005862094640374238,-0.035023440681548224,0.014810305279464253,-0.0006669414222442716,-0.0203493859037851,0.005763638926301495,-0.013553202568968303,0.004885981376382076,-0.015293162606007327,0.006988090660691837,-0.021750408124863285,0.008991700610055664,-0.0008441984561176619,0.012534010864375944,0.003509617030079737,0.0024964875136332387,0.0021771273740548436,0.0039763465378716,-0.004079140081261701,0.005519863389182977,-0.00935678100847026,0.008623864564936634,0.020363718152392074,-0.032555391726763916,0.007511044214333351,-0.0018170923278653106,0.008044632460834533,-0.01313056081888031,0.002084734835733293,0.01472196930627706,0.01963872600276695,0.008239415854687238,-0.010286927547296598,0.0034969137539592743,0.011866737479130474,-0.025540328887001307,-0.005660752581865491,-0.013340108070146739,-0.006026133059995553,-0.009952767876875157,-0.0033157669351642216,-0.018653754147835322,-0.04252428275788106,-0.0016599385280042789,0.004183133625084323,-0.01219387835139879,-0.009370371084495455,0.00982278120680019,-0.0027127732455758946,0.0,-0.006048718526425967,-0.02128111559636181,-0.014041807818649998,0.01697418207593948,0.002475508077591615,-0.01233731243182018,6.249082657311389e-05,-0.012242474005131676,0.00853950165873324,-0.004358709257463622,-0.00960756772319521,0.008836549961559526,0.0018629870941431759,-0.0053282227126218995
-0.015093764201069504,0.013377318984806763,-0.021697814797317083,0.01880528412169935,0.0010100340274490915,0.0014750179512986739,0.0,0.003953033762292668,-0.008310363270282173,-0.014942724591678447,-0.024136409264827907,0.020211808779435236,-0.008094248603701892,-0.007325571947765508,0.035785063728970945,-0.0017879123250634232,-0.013871707100174324,0.0006321462296053348,-0.048447274735646806,0.013741981893579835,0.008099425385591885,0.015112210207107846,-0.013407662966939293,0.00984219037835432,0.00158826154130437,0.012021658739136631,-0.005279473232656817,-0.01298884273472417,0.025651665482384567,-0.005658581487420211,0.012121881023037961,0.0018460753768615445,-0.006333723680859771,-0.006211936220712644,0.018359629007010936,0.012229471747263188,0.008271806827064299,0.011535955523227226,0.012553948491411393,-0.0034516417609153915,0.039364641300879355,0.0434902673162596,0.01099941898350526,0.0023079795123128743,-0.008986479364236966,0.0,0.01669912892765174,-0.006677145512744342,0.0,-0.0024558196018719114,-0.008141143270359974,-0.005390922350204885,0.00863742518620686,-0.0030570014972624016,0.00017937063173240064,0.00669176636411789,0.01511185901739387,-0.0104634983148989,0.014175548364340484,-0.005603451238697432,-0.008527485994057227,0.0,5.1124051008544225e-05,-0.0038128574505951196,-0.008616288693437224,0.015664061964954956,0.01846796528710254,-0.003279525140365669,0.00011362278062398978,-0.012152548697433374,0.02331517505455627,-0.00698001084218941,-0.008801553461973588,-0.005015056611943847,-0.011286211040543503,-0.014815947543916241
-0.015547617425444193,-0.020600768627542065,-0.02496337321512193,0.006290475457956024,-0.046334160711128836,-0.016962353037615285,0.003953033762292668,0.0,-0.03221565756533795,-0.0034428385287261776,-0.016347717803022632,-2.7086895720507265e-05,0.008773433881275494,-0.029056506140518135,-0.021293976390243996,-0.004912707260684435,-0.0057830035553925185,-0.017890184056275016,-0.024101629440514083,0.025296995678220413,0.007516671084509707,0.011051449053832207,-0.012622349680587563,-0.02550470609959493,-0.025138107870339377,-0.022130348546688328,-0.030316861538271733,0.009629442038640024,0.01870290220632681,0.016401224512609003,0.012488491707897842,0.03226466102824238,0.00964664026684342,0.022620828664051296,0.03829663679197526,-0.0038376391555779987,0.08401252228117007,0.009155704037565826,0.011557746947148229,0.0015773490860944706,0.005914195298498404,0.004573955977853206,-0.019899374034530348,-0.0030084125727142808,0.0,-0.02494934914842295,-0.003099908730664902,-0.014367855395135076,0.0,0.012949023460561537,-0.0017994003077207443,-0.0023875853549401582,0.021000585224729362,-0.020661576885036115,-0.00014796827631990972,-0.007217089526587117,-9.305502495932094e-05,-0.013697326126064446,0.005978425626472439,0.073149909931715,-0.00222245623464129,0.0,0.00027510272624614585,-0.0034678805491065168,0.046324428261971085,0.1078695530713733,-0.00811973693521889,-0.013344775136772125,-5.551115123125783e-17,-0.03175744144993209,-0.012770082898172885,-0.011057919750135647,-7.562284068290959e-05,0.012632290772655097,-0.009146501359655668,-0.005761190214797873
0.004858294038818212,0.0008490084722011515,0.004479544403563185,-0.018026739787434076,-0.038233529047010884,0.0014634886994620566,-0.008310363270282173,-0.03221565756533795,0.0,-0.02977289733940558,-0.04444977382698018,-0.024354831501453178,-0.008591498160720745,-0.044010857328002084,-0.016872078093283338,-0.025974727238030515,-0.0318562764623283,-0.00697371445293099,-0.03730281559723081,-0.010690898976292273,-0.026211602480188778,-0.012892625196290475,-0.02176193212111338,-0.024260846277128933,0.020262232446965123,-0.003274637897326127,-0.01048438043547184,-0.03083559930665497,0.012401547315040451,-0.018201107322544152,-0.02970069133797465,-0.033147953217450565,-0.023964977144847688,-0.031165855519667995,-0.029772867389972035,-0.03407404611562109,-0.03098926525010398,-0.02805480499856816,-0.0017720198284695843,0.013047855604983283,0.010363858112701851,0.019895436656596543,0.01813689298496074,-0.005870783796898982,-0.00292997249543403,-5.551115123125783e-17,-0.011635113801311825,-0.0035058012538820016,3.885593718444547e-06,-0.003681175554587135,-0.019940604686791596,-0.015308943991758306,-0.017223861164538223,-0.01611923050384878,-0.005447237841799624,-0.019143269326903523,-0.010496621832245367,-0.020459938018892343,-0.013629885914807571,-0.01041203920314937,-0.0004609031407591391,0.0,0.0,-0.007216505405915341,-0.005707839772901235,0.016771540821760744,0.005610374952103203,-0.024267294566839404,4.7821256328073325e-05,-0.014066759574636822,-0.013257710976113557,-0.02736650146016334,-0.01609881361240023,-0.0032432181378824754,-0.022155806231244024,-0.01450949438235083
-0.04383074531402237,-0.00895241508579947,-0.0007976338341579847,0.04398344084670164,-0.00902743379399773,0.01243132533304514,-0.014942724591678447,-0.0034428385287261776,-0.02977289733940558,0.0,-0.03020271717574008,0.005471402884835608,-0.0012677121623375087,0.04244862247979514,0.09403645213537792,-0.004800247101403754,-0.018701525730664026,-0.023922269251620498,-0.05417285062961574,0.08267033446377198,-0.019766879674507132,-0.0155023200804571,-0.005249370993369529,-0.02063653112485031,-0.019025809727207244,-0.045554700790076175,0.0027472657561726233,-0.007520641283930651,0.03553845772108727,-0.018458230824925703,-0.019905452315131855,-0.0052706922007923485,-0.047167383877188496,-0.028611098178256522,0.027032058672207926,-0.019066239694938203,0.01137870939457225,-0.016451127074254335,-0.03785601165468583,-0.05937287210264791,-0.021367738187740182,0.029979222915458736,0.004317790679908062,-0.0020606857145124557,-0.01830603331421593,-0.044398759871178584,-0.002664247381724383,0.00042453399589559293,2.206293940876236e-05,-0.0011842608753047656,0.01032771265106186,-0.01838069063237252,0.0028649975665472893,-0.017308733697293577,-0.050271810652510796,0.0003064665185993909,-0.05898169372510659,-0.02008202181290708,0.0,-0.0006446506883868719,-0.00975126347527755,-0.013539543423271516,-0.0027628261267389487,-7.252203799879009e-06,0.00011782998593468097,-0.012883062215669205,0.01423657441493309,0.01002365993247517,-0.06144667094557965,-0.022593966568596524,-0.050582162763738,0.010042240295035199,-0.005844253188827975,0.008496592304589212,-5.551115123125783e-17,-0.03252577432031162
-0.02483444592689421,0.0058882451760969845,-0.048540509416082955,-0.003798156243476125,-0.04048808384811786,-0.0332699406313543,-0.024136409264827907,-0.016347717803022632,-0.04444977382698018,-0.03020271717574008,0.0,-0.024667589020591907,-0.0312182851500149,-0.028454897784754185,0.0,-0.00021055923207635718,-0.03218714292473701,-0.027644932760696683,-0.04190997162400503,0.00012644158802427308,-0.00659845328132902,0.003623655661117331,0.003409082630225435,-0.021612551453810025,-0.02369775832301113,-0.03440180819514449,-0.04523541010165383,-0.03662082219470647,-0.00366087486889638,0.0003575670507520168,-0.046052094292307,-0.004425204751416556,-0.0400913840173277,-0.038105096867640575,-0.037291733434491936,-0.011529257925964653,-0.025418692223797446,-0.03221609301506184,0.030194135236502384,-0.0056600769277581064,0.017842387831340845,-0.01689749511139288,-0.0005825462413467375,-0.015488383400677208,-0.0022190266701914707,0.0,1.1102230246251565e-16,-0.10641796059146019,7.523978228229922e-07,0.003940030142939754,-0.01787339196202692,0.02212811180520008,-0.008154147770706943,-0.01664080860850642,-0.01856081144385735,-0.04114038786430535,0.0008532116431015924,-0.01123489529467292,-0.02575436915056084,5.551115123125783e-17,0.0,0.0,0.0,-0.07201987745976268,0.007315443746625017,0.0,0.00023841377370054095,-0.02354141181532321,5.551115123125783e-17,0.0,0.0009363718321835357,-0.013858587913065545,-0.025137668352975984,-0.012137767595617077,0.0,-0.04239142106993532
-0.0192226265000619,-0.0073819900280316375,0.01126018784287458,-0.024881168270225795,0.008387331060455916,-0.004237280568251289,0.020211808779435236,-2.7086895720507265e-05,-0.024354831501453178,0.005471402884835608,-0.024667589020591907,0.0,-0.0003170492155322724,-0.04281803603469436,-0.001356281199435705,-0.011645309496235046,-0.02788335456111324,-0.014092607964532211,-0.006313390647324391,-0.01864263234529112,-0.02058375060220985,-0.031667961384012566,-0.018486509703667553,0.005669269750096573,-0.01690175522017162,0.0034076821532975643,-0.001047325667335286,0.006792063311647334,0.006903770660705799,-0.009838410765765027,-0.02037275320476095,0.009205524405501986,-0.009788231331223252,0.001686196264712836,0.03702336327126621,0.011714484880751552,0.020049822087519598,0.0030674754643482405,-0.0005006509289823269,-0.04285161494590012,0.003488376550412231,-0.02014908093513962,-0.01229268426796254,-0.014532593538746641,0.007070961495443284,-0.03638620667201742,0.005457651987171852,-0.006155608925267231,-0.01083130171824273,-0.013262952036421805,-0.007551868948153129,0.009485744103439442,-0.00038203879888437653,-0.00042175867013610757,-0.04622192073680703,0.0030618764704720136,-0.05397492026324707,0.007963890485267078,-4.7538145216130534e-05,-6.255676376515362e-05,-0.000665534931156897,-0.024927192093853412,-0.017608340328729988,-0.012271540443184903,0.004189745902043351,0.0063200479015192434,0.0007275145075994471,0.010678676430698253,-0.046850651474427074,-0.033640590051112085,-0.05049662588631937,0.013540933663361399,0.014376876613321654,0.005414831595286218,0.0,-0.01997720449330953
-0.012097213403831242,0.017749299477033076,-0.01879177660121628,0.014912087327216439,0.011097588347963316,0.0005862094640374238,-0.008094248603701892,0.008773433881275494,-0.008591498160720745,-0.0012677121623375087,-0.0312182851500149,-0.0003170492155322724,0.0,-0.008440042411987647,0.035490467199317866,0.0012923580775660026,-0.007954363669942066,0.0007653939785831065,-0.042524200346573005,0.0219430798790497,0.007646251329614218,0.016888926619931743,-0.010108139930904092,-0.003048840448894252,0.008856912561347907,0.006005070167245552,-0.0022374064275021976,-0.008427656655291604,0.006039522442878642,-0.04032720379057153,0.002519806101395683,0.0031117933095186068,-0.006651986746239902,-0.01261462872743635,-0.006473991286032654,0.003507663571027775,-0.005592295496301802,0.005219177530158603,0.01577543704358303,0.013541357705414259,0.05882637292114784,0.07711145467807867,0.026891747442913894,0.022818568541351447,0.008542845998064208,0.010603103482778597,0.015784382057141555,-0.0032556105806778035,0.0,0.0002891749212876604,0.0017851031137663398,0.0002036711775341704,0.024459849479188833,0.0012843296989910602,-0.009009274006084256,0.04218764673393949,-0.0058893248199157755,-0.0034945016562388798,0.005979033875142092,0.007045439927753416,-0.008902198753834467,-0.004449819818992562,0.009216757534613595,-0.0015088982963999964,-0.010327267417764852,0.013397002128569313,0.01703188402175765,0.004122674168836771,-0.007986241084922185,-0.012456359703307218,0.019468510978313425,0.0038873483579896506,0.0021404317122430405,-0.00058417083083806,0.00790126300649896,0.0014557223200164504
-0.008902930149252364,-0.0041331636441682695,-0.03743037319247838,0.04749194889024033,-0.01811177179711626,-0.035023440681548224,-0.007325571947765508,-0.029056506140518135,-0.044010857328002084,0.04244862247979514,-0.028454897784754185,-0.04281803603469436,-0.008440042411987647,0.0,-0.009966914137993721,0.001508374224165887,-0.00010110042241817663,-0.00022946216311897638,-0.0388260112514599,0.0026541410827564116,-0.006320088701749438,-0.0060585754705161365,-0.03873451846089476,-0.02811355052888065,-0.006988234685102901,-0.01652901402451179,-0.03084578054634285,0.0325073805915036,0.0019486351042218297,-0.005461240666368383,0.01337214710624346,0.03940041608713357,0.006353041793379255,0.006869024825733205,0.01173108887722174,-0.011971843153334799,-0.012068840581459378,-0.00022155221421105153,0.04062922254854523,0.0,0.0029362414200787,-0.0009312879148034581,0.0007376570485937983,-2.165776197771141e-06,0.0,0.0,0.0,-0.00024212804375467467,0.0,-0.019263749071463387,-0.0009342413164666885,-0.0032410252574444076,0.014933774753403739,-0.019102730021931635,0.0,-0.025601074900851006,-0.00047728097014676507,0.009272563092382502,-0.01944411652907696,1.1102230246251565e-16,0.0,0.0,0.0,-0.0037643827856548295,0.0,-1.1102230246251565e-16,0.0,-0.03515669374428998,0.0,0.0,5.551115123125783e-17,-0.019879984082561697,-0.0022267090218772156,1.1102230246251565e-16,0.0,5.551115123125783e-17
-0.004916915288982804,0.012823637082875483,-0.00827174675443404,0.047625618650546264,-0.011989476258712217,0.014810305279464253,0.035785063728970945,-0.021293976390243996,-0.016872078093283338,0.09403645213537792,0.0,-0.001356281199435705,0.035490467199317866,-0.009966914137993721,0.0,0.013070185454862937,-0.0032537937976880316,-0.03295363482556718,-1.1102230246251565e-16,0.0056133939615135575,0.012635847573231829,0.03251364799839529,-0.00884038029842038,-0.030408636723362636,-0.034684959766811796,-0.019521220916196957,-0.0026608246776363975,0.013367548620935199,-0.008685686889444821,0.03087250193924107,0.033461784084446555,0.019972089011975835,0.005353346202761344,0.035815582761430154,0.04955022959400435,0.044980072878428645,0.04459327724763007,-0.0011933214672373293,0.0048468901212963544,-0.04648830898241085,0.012395172528756326,0.02292728704489788,-0.02533714558653677,0.010561384219798242,0.0,-0.012925038306439762,0.004910964740589108,-0.004186801552750863,0.0,0.0,0.0043682221107479435,-0.008017198777717283,-0.004409244072756946,0.0023907054389797344,-5.551115123125783e-17,0.0,-0.0021978157869448345,-0.024664629091681045,-1.2333724573654337e-05,-0.0751524714387235,-0.002232787841145778,0.0004311221193457615,0.0060171802842413635,0.0,0.01043280063980706,0.004865039591571307,-0.005396540323050147,-0.007631454168260887,-1.8962464960137204e-05,0.0017742463422184551,0.006137354297256481,-0.012932461967152975,-0.012401413044553833,-0.020804945309281453,0.0305371924056157,0.001100767385528889
0.0029885384667076575,0.020782646541438743,-0.0050490623654763644,-0.001550172432820296,0.0023189967976865455,-0.0006669414222442716,-0.0017879123250634232,-0.004912707260684435,-0.025974727238030515,-0.004800247101403754,-0.00021055923207635718,-0.011645309496235046,0.0012923580775660026,0.001508374224165887,0.013070185454862937,0.0,-0.025069717321791973,0.014256027084940226,0.00042112342690542315,0.016181913362859568,0.0008392944392112134,0.018879692535968162,-0.002569513935469947,0.017679792601237865,-0.011667078005159592,0.009110350095958286,-0.0012572419682145286,-0.010480205429475087,-0.0047409815093445995,-0.007527657128582443,0.008655876773307258,-0.0056869998958739565,0.017266997335682432,0.0014465810454784012,0.027390898194103508,-0.013201820630279693,0.005586185122922305,0.01783261513618911,0.006565862444663562,0.009313242175951697,0.0010660133815110773,0.012318701808616717,1.6082235800463085e-05,0.0,0.0,0.005942215439474652,0.0042803617653753845,0.0,0.0,0.0,-0.006191961874093654,0.0060877277863032875,0.0148513739176373,0.0,0.016803290058337694,0.0,0.0022852374539552023,0.010100289782132399,0.0,0.0006373725730232649,0.0021871667267577277,0.007287068409202568,-0.009949408165219054,0.0,-0.0037496982562206793,0.01713455573220729,0.013318766724321363,-0.01551602114097228,-0.00854725421569541,0.0013359300606848867,-0.0025100215749868093,-0.0022246587489943015,-0.014015998899612636,0.01675585026340992,-1.1102230246251565e-16,-0.0028200615491146275
-0.003086738422780899,-0.01688616979139157,0.00013387357665567423,0.006318011553615666,-0.008877484611758524,-0.0203493859037851,-0.013871707100174324,-0.0057830035553925185,-0.0318562764623283,-0.018701525730664026,-0.03218714292473701,-0.02788335456111324,-0.007954363669942066,-0.00010110042241817663,-0.0032537937976880316,-0.025069717321791973,0.0,-0.040470767682427744,0.007485853088438077,-0.043736640045524744,-0.011791149496125863,-0.018308729288600334,-0.014063070241776998,-0.018409346909532665,-0.012178971561528362,-0.024479620918706868,-0.001009620671411804,-0.019893804447266183,-0.021895089101274134,-0.009721310001471861,-0.0260460261455292,-0.026290830288606126,-0.0314936790556945,-0.04302911704338214,0.003947510101104168,-0.011592064613303366,4.45956056004948e-05,-0.03965986526512355,0.0007141840549015899,-0.025059768866825594,-0.040511580302318606,-0.016277584399376266,-5.551115123125783e-17,0.0,-0.018740109803346283,-0.022307647362574012,0.0034368664036442675,0.0,0.0,0.0,0.0,0.0,0.0,0.0,-0.0344041880188386,0.0,-0.03173336584917702,0.0004865450448909847,0.0,-0.00017965244839152072,0.005481271699736556,-0.011726460219203705,-0.0072668256339927795,0.0,1.1102230246251565e-16,0.0,0.020035453202382536,0.0,-0.02269455222643707,-0.014074014834453918,-0.029441613917050136,0.0,0.007104738338640115,9.69206943641221e-05,0.0,-0.010941496166229692
-0.012237353207609991,0.013708291586613908,-0.01601766793178866,-3.683100074319823e-05,0.0029225855205330387,0.005763638926301495,0.0006321462296053348,-0.017890184056275016,-0.00697371445293099,-0.023922269251620498,-0.027644932760696683,-0.014092607964532211,0.0007653939785831065,-0.00022946216311897638,-0.03295363482556718,0.014256027084940226,-0.040470767682427744,0.0,-0.015525192088219342,0.0063335761522384515,-0.025881803104684575,0.015060910846289244,-0.012802287960418157,-0.013387822989375575,-0.005382940839515793,-0.022345479608160246,0.0077898259207885845,-0.012692692738243028,-0.002476025254892378,-0.021285297692319183,-0.008086235012331133,-0.021865670905891643,-0.016762003730279806,-0.020392901293906418,0.008018403730514045,0.00022347433462011068,7.43245973724993e-05,-0.009805390552999393,-0.010338594475928942,-0.0033059747920586857,-0.017151294043485976,-0.004362569992899856,0.0,0.0,-0.006895328858855909,-0.013916009195621748,0.009996597060268897,0.0,0.0,0.0,-1.8595401191090488e-06,0.0003134506868435749,0.0009687975222377743,0.0,-0.01733680138688204,0.0,-0.024642483916591018,-0.0030578153916303585,0.0,-0.008770086592471749,-0.002983697775727212,-0.007557885563699018,-0.012663325928581715,0.0,-0.017205832754672135,-0.01830701172268101,-0.00022791555894269289,-0.000756724547083476,-0.022709066685100254,-0.009625947477709118,-0.02284346110408103,-0.01731822246604703,-0.002653509249337549,-0.007977857449246784,0.0,-0.009993519302630816
0.0,-0.017136578992438867,0.0001056243484413022,-0.014957890659009654,-0.05811001040374841,-0.013553202568968303,-0.048447274735646806,-0.024101629440514083,-0.03730281559723081,-0.05417285062961574,-0.04190997162400503,-0.006313390647324391,-0.042524200346573005,-0.0388260112514599,-1.1102230246251565e-16,0.00042112342690542315,0.007485853088438077,-0.015525192088219342,0.0,-0.000991067341176488,-0.006907503481793864,-0.0167142424832174,0.013963429123397764,-0.0011172162173436195,-0.02062063939779485,-0.00917447287960893,-0.0022379294341762224,-0.0469738016032315,-0.003365206704102175,-0.00438806779186629,-0.0455371709434329,-0.0374058879278788,-0.012220968093652973,-0.04490873154212638,-0.04147891178980834,-0.033975297111445646,-0.02592792371095487,-0.04525411911769872,0.024033895534899763,-5.76498337424014e-05,0.015278250710200225,-0.0014611575862080173,0.007348213164827366,0.00849504507319071,-2.3672667427365734e-05,0.0,0.0,0.019917428737875387,-5.551115123125783e-17,0.011875279147772866,-0.025565588345120016,-0.010607260026386567,-0.02849082178835749,-0.01006742875236355,0.00027831355612562003,0.04094000024658434,-0.013041862498536227,-0.024283803942575566,-0.015055905072315523,2.220446049250313e-16,0.0,0.0,0.0,0.04462624073128457,8.34299388456361e-05,0.0,-0.00025051838532863524,-0.022020056732997784,0.0,0.0,-5.551115123125783e-17,-0.03919870586285795,-0.027447264470208677,-0.01930945381688831,0.00028762957441264003,-0.003077425334966022
0.006305873355438751,0.011482432239123819,-0.008633163627565554,0.08083624938009931,-0.000915774060055663,0.004885981376382076,0.013741981893579835,0.025296995678220413,-0.010690898976292273,0.08267033446377198,0.00012644158802427308,-0.01864263234529112,0.0219430798790497,0.0026541410827564116,0.0056133939615135575,0.016181913362859568,-0.043736640045524744,0.0063335761522384515,-0.000991067341176488,0.0,0.014191377726539445,0.026802320273222435,-0.004301706431386387,0.00680444825907589,0.007816756764712829,0.0080558931266832,0.0089200843013027,0.014160181982891262,0.015879859580613165,0.045409103163362885,0.03452817958805787,0.02754461348646703,0.02249762724148785,0.038095097181320925,0.05469165073042054,0.04230944675627213,0.005708076353946434,0.0014358633223831574,0.00979824788936734,0.0015274710399550973,0.007297644435081241,0.0011865619547773432,0.017168800155956176,0.0013487555236947335,0.0005695981163021946,0.0032611699449104914,0.00660452361348518,-0.007772062053920947,0.0,0.0,0.0019103557619950529,-0.001765385784992135,0.0010165781338175583,-0.00022172617316446042,0.00017626936251641245,1.1102230246251565e-16,-0.008557287546152481,-0.008256307065316215,-1.1102230246251565e-16,-0.010799894733105886,0.0004847286029198705,-2.5583366320469647e-05,0.0071503761924540665,0.0,-0.015264620353791114,0.003275617898601313,-0.0026642214614532866,-0.016429246477351944,0.0,-0.002979884269009636,0.009547172453937158,-0.011072742047984419,-0.010374829426042176,-0.014340222699180116,0.006588319598550663,0.006406426933018516
-0.01949698533910077,-0.005590701029862033,-0.029220374442127495,-0.0016370237151586142,-0.043568542029146506,-0.015293162606007327,0.008099425385591885,0.007516671084509707,-0.026211602480188778,-0.019766879674507132,-0.00659845328132902,-0.02058375060220985,0.007646251329614218,-0.006320088701749438,0.012635847573231829,0.0008392944392112134,-0.011791149496125863,-0.025881803104684575,-0.006907503481793864,0.014191377726539445,0.0,0.010025823608019624,-0.02654468961497375,-0.033847378765066494,-0.03435615085275889,-0.009676857163026631,-0.01555028067740255,-0.013315627807997776,-0.007748778969028813,-0.01712147517191831,0.025676160350164845,0.01193362957501054,-0.03907965547616954,0.022522287997500723,0.03921858121709704,0.06525638526883115,0.0049978130944896,-0.019446259284179368,-0.0013500840718631002,-0.035340382115978786,-0.01895069344844874,-4.251069529215279e-05,-0.038079605345802514,0.0,0.0,-0.0012314783467610724,-0.03251737942034261,0.005553795738903133,0.0,0.0,-0.003725558974976173,-0.00672720640958302,0.015673970385221003,0.007188682494244147,-0.011561370452159492,0.0,0.0011879859708621154,-0.00031735081225614525,5.551115123125783e-17,-0.008535708855793578,-0.024202194624304563,0.0,-0.00367815535169147,0.0,-0.016476998386128205,0.0019687305359701313,-0.023570876265622653,-0.01484461828316902,-0.003089088672902751,-0.027769242736269517,-0.032896896430176736,-0.012726453331283971,-0.016911407691447722,-0.007283737846651206,-0.044952204076287694,-0.011813713331731257
-0.0068685352185381965,0.010159672556749655,-0.006075812629313393,0.05115932654580779,0.009530252835545594,0.006988090660691837,0.015112210207107846,0.011051449053832207,-0.012892625196290475,-0.0155023200804571,0.003623655661117331,-0.031667961384012566,0.016888926619931743,-0.0060585754705161365,0.03251364799839529,0.018879692535968162,-0.018308729288600334,0.015060910846289244,-0.0167142424832174,0.026802320273222435,0.010025823608019624,0.0,0.008042504353077684,-0.014743301054512659,0.008280202267259562,0.015263649453076289,0.007636023016330429,0.003492435432479346,0.00417179197410944,0.007806301810847571,0.03093321016307815,0.01585746931296178,0.026961377403126985,0.03563077557840283,0.05283532443089678,0.044684842838394356,-0.0031151609618301213,-0.010885348936128247,0.026229959282343118,0.02275594467246067,0.020717921431028352,0.02815930559938251,-0.008040008278842437,-0.011381134746755284,0.00018701439026846955,0.01741087154550408,0.009509130861396098,0.014673796285762097,6.782163930685314e-06,2.0851519869080626e-06,0.003513997458409246,0.005330282198368952,-0.0023512921876015502,0.01208806227386422,-0.002216213929409294,0.0,-0.006886751210491204,-0.008021074149640983,0.0,0.010629986565436678,0.005357118241350156,-0.007222614838149677,0.0080100556622143,0.0,0.005782793599776959,0.0046599827355290335,0.008187059697296217,-0.0026943960744187923,-0.011894652232657843,-0.00011915659050693028,0.008526787674773717,0.0005125685325707563,-0.0093314959174286,-0.008149036212676819,0.014527325404371128,0.01209134668780415
-0.0210304179851743,-0.009234147597636133,-0.004711916329116772,0.015409641355862147,-0.024298515555226774,-0.021750408124863285,-0.013407662966939293,-0.012622349680587563,-0.02176193212111338,-0.005249370993369529,0.003409082630225435,-0.018486509703667553,-0.010108139930904092,-0.03873451846089476,-0.00884038029842038,-0.002569513935469947,-0.014063070241776998,-0.012802287960418157,0.013963429123397764,-0.004301706431386387,-0.02654468961497375,0.008042504353077684,0.0,-0.02049886562733183,-0.025086456297995774,-0.03208790399670358,-0.03287442653276512,-0.014023668851871007,-0.02206263070781722,-0.017509699691990788,-0.005334024418042593,-0.012640348467903961,-0.010077048603817529,-0.0012380283710663464,0.009436571636385116,-0.004163632338317347,-0.005919754129958099,-0.023256483367597947,-0.015985162566215627,-0.005448473014035671,-0.01710552751895439,-0.002366029180851048,0.0029842194503233443,-0.019590265332066925,-0.005072994404578146,-0.022885421651362592,-0.019474525572730328,0.03216922462030364,-0.010968058387731738,-0.00528458488611161,-0.013408026329341072,-0.008376319921239217,-0.008622208102091078,-0.01338714928575424,-0.004709981502000471,0.0294596897895264,-0.02594078224032309,-0.02056076881972635,-0.001979817875103207,-0.021437474874716034,-0.036007294727670225,6.223436793095782e-05,-0.005272014567805461,0.053316659813164025,-0.022591415468299014,-0.021354040642423133,-0.012391120829764901,-0.009840305190904453,0.00023983886310613434,-0.034352702819091474,-0.02254819129477964,-0.02032827842389695,-0.019631544553973812,-0.013807774014190588,-0.018480795290362895,-0.015325534103734051
-0.03746278508702727,0.01913417631726927,-0.009674855559159146,0.005716128206308346,-0.008527552441407016,0.008991700610055664,0.00984219037835432,-0.02550470609959493,-0.024260846277128933,-0.02063653112485031,-0.021612551453810025,0.005669269750096573,-0.003048840448894252,-0.02811355052888065,-0.030408636723362636,0.017679792601237865,-0.018409346909532665,-0.013387822989375575,-0.0011172162173436195,0.00680444825907589,-0.033847378765066494,-0.014743301054512659,-0.02049886562733183,0.0,-0.007880542463364615,-0.01132552071734233,-0.02016915436510136,-0.0034722411545273224,0.006478936726016626,-0.00820921935730573,-0.04101530169622419,0.00025829483857875424,-0.040244123351504124,-0.01706435938472578,0.025301440506627415,-0.012870609451749226,0.012985180955782938,-0.006172948888027441,0.05450677790603975,-0.048700445165923034,-0.0398701345010663,0.05246143934223779,0.006817272853115619,-0.0023493864268746556,0.0023929682080509607,-0.0341653983059782,-0.00967099780586167,0.0,-5.551115123125783e-17,-0.000245814351852669,-0.0033065977854032647,-0.00021063883569499842,-1.6653345369377348e-16,0.0004378972085021249,-0.04829988245114569,0.00032214139024189237,-0.05830365626281164,-9.283816504890297e-06,0.0,-0.0007234550510530902,-0.005019282366586997,-0.02243042703768172,-0.014795286977006994,2.9955571351214516e-05,-0.0009904130920298515,-0.029272672756964324,0.0002569399357397195,-0.0007984725946619808,-0.03301245258410174,-0.032068152209693224,-0.04003362333063448,-0.00378054272603523,-0.011907735880225034,0.006020052135699949,0.0,-0.03031857033748897
-0.023922232643374675,0.0036104562113128402,0.00029415069517829684,-2.280115749159206e-05,0.01005830805799307,-0.0008441984561176619,0.00158826154130437,-0.025138107870339377,0.020262232446965123,-0.019025809727207244,-0.02369775832301113,-0.01690175522017162,0.008856912561347907,-0.006988234685102901,-0.034684959766811796,-0.011667078005159592,-0.012178971561528362,-0.005382940839515793,-0.02062063939779485,0.007816756764712829,-0.03435615085275889,0.008280202267259562,-0.025086456297995774,-0.007880542463364615,0.0,-0.018282420340643424,0.0018104018656442955,0.0009275860075996789,-0.0023535101753946464,0.012639461625437609,-0.013638499434693252,-0.015232222343203206,-0.02401506692155503,-0.015969565521073592,0.02111154177311214,-0.018260749830407652,0.001519902660840955,-0.047312514340255074,-0.011618417497622213,-0.00863328945063252,-0.020071142436682177,-0.013569992956596055,-0.0009706736220011503,-5.551115123125783e-17,-0.012591035915144544,-0.015720535070866182,0.0043186336202043485,5.551115123125783e-17,0.0,2.220446049250313e-16,-0.029750605818554043,-0.009732565409951544,-0.02472195370476238,-0.0010452462993032485,-0.026848498042763125,0.0003613858281933946,-0.02651485227945649,-0.01074350402517138,0.0,-0.02256064936954766,-0.010964466512588422,-0.009047273842293146,-0.01739171008015228,0.0,-0.004271665298650695,-0.027254815894455553,-0.008456191367905985,-0.03208985387387081,-0.015347406942867792,-0.014223339727625128,-0.02362881134778505,-0.006454336622574441,-0.0036250423444556534,-0.008025825436025702,0.0,-0.017004046314730292
-0.018799183660364094,-0.004418568355463337,-0.03395520689141218,0.04772080674958207,-0.008108848787724776,0.012534010864375944,0.012021658739136631,-0.022130348546688328,-0.003274637897326127,-0.045554700790076175,-0.03440180819514449,0.0034076821532975643,0.006005070167245552,-0.01652901402451179,-0.019521220916196957,0.009110350095958286,-0.024479620918706868,-0.022345479608160246,-0.00917447287960893,0.0080558931266832,-0.009676857163026631,0.015263649453076289,-0.03208790399670358,-0.01132552071734233,-0.018282420340643424,0.0,-0.0030396465520463045,-0.005967115323893268,0.011101247587363139,0.007297472281237727,-0.007959892609511188,-0.006820244972487288,-0.029326438709999014,-0.005958083758475452,0.019152636978564785,0.023951484545677693,-0.01761377295901667,-0.03681838762796191,-0.010999028850160575,-0.006105654571263719,-0.017838917750403693,0.0014128075787308014,0.003976478223434277,-5.848980049633079e-05,-0.02459152979868967,-0.027487398686316833,-0.012420264791091318,-0.018086031593341434,0.0,-4.875081924871072e-06,-0.008058663779061392,-0.013665726580847859,0.005880222907326205,0.00964441386818371,-0.040275008429080106,0.0,-0.03880195328670699,-0.013318136598321373,0.0,-0.0009080931702303285,-0.02096842845809954,-0.021969686898765606,-0.027552498300838946,0.0,-0.010498915831572087,0.004616257122633749,0.0005245944869967656,-0.01459375439563082,-0.03121081275983595,-0.026998518871914734,-0.02525995590484209,-0.004786457151955692,-0.029742033660068667,-0.004829944179410239,0.0006464590228049127,-0.023430915814545816
