0.0,0.8181211694427724,0.7096146747282076,0.0,0.7235765113623818,0.39700681648206815,0.5379614828034318,0.5112775982585394,0.47477034428402903,0.5699941851297732,0.4787873870719209,0.6566004709271184,0.6342304182246966,0.3694333062259111,0.37966062278962076,0.8123743018743315,0.5311798516245805,0.7530229637500753,0.0,0.6845002891988403,0.19618568613636306,0.6950000975717245,0.6027798259542072,0.5351885170628412,0.7035359600322795,0.8871817337055552,0.6659891559667621,0.5662568633965139,0.6636494555532255,0.2732264212470477,0.5860275482157901,0.5910170173917308,0.793260458177872,0.5469584636000602,0.5179779858081528,0.725142411554448,0.5099592348386472,0.46218561257855195,0.3036510651992551,0.8231766894817878,0.5948158430206938,0.5836358450804975,0.476720003344979,0.0,0.4171512944608624,0.6013760152995655,0.7600139879071778,0.0,0.0,0.0,0.4859744167318219,0.0,0.6405793001152725,0.0,0.837012651214506,0.0,0.6991678292645953,0.7857580267783825,0.0,0.5259391337125252,0.7958759808688907,0.7511513371063796,0.9290456005950688,0.0,0.6925653997509027,0.20212160767997872,0.705274360434079,0.4983985235492285,0.87607181100941,0.8937197044487708,0.7885965188099868,0.6388779890686168,0.43032707445866014,0.7738610853541301,0.0,0.5284778105618362
0.8181211694427724,0.0,0.5234235984696773,0.40987560626401254,0.43224292892793603,0.4651686518623005,0.5656558557033091,0.8093823959799711,0.3977623584486286,0.5402190039205744,0.5200168048596878,1.175839720076576,0.5903187118859723,0.45685570400143194,0.594718357084538,0.8209062570922017,0.7343763474890517,0.7894259139588535,0.7822578982432591,0.6675879118703935,0.7535950377709287,0.7954022416082026,0.6331325119615572,0.7029677311360336,0.7631515503937412,0.6250640361779092,0.4397833162713825,0.5881052679136372,0.4360184446628917,0.4109742782242081,0.5544469023660084,0.5292652692789942,0.5692861397250003,0.5399290993405366,0.685114420762962,0.5905957312543424,0.04915450398487922,0.0,0.4317854251118338,0.8353347732624563,0.6782725813784671,0.8102836721015865,0.45133551697770397,0.0,0.0,0.8317165248649139,0.766924405016018,0.03726538884660355,0.0,0.0,0.780952417576811,0.7093387025722546,0.7075957873189459,0.7748341440036184,0.775545259100322,0.0,0.6737314240101824,0.8696302459274738,0.0,0.5108921936825737,0.6979963446226903,0.4929211141279727,0.9082289276577424,0.0,0.6929002469285621,0.5560314469100633,0.8185232159258804,0.6051779169785468,0.4972651994876646,0.8378059694569057,0.772619781598243,0.6185301288153449,0.7420030606394088,0.7743903938209762,0.0,0.8033962432776652
0.7096146747282076,0.5234235984696773,0.0,0.5041311470308132,0.6843472543586785,0.6359594317480441,0.6271140698290328,0.7246013262048843,0.5979384797821968,0.5966680871635304,0.6292971184808047,0.6568738579572655,0.6361517366517259,0.6928230599336019,0.6080959044265208,0.511264210091535,0.7973582064891733,0.19230222406203074,0.5686632664907599,0.38069018023683293,0.6954421915729474,0.5368495418352639,0.6598197761748343,0.8355031204419013,0.34723627287444214,0.886892760515019,0.5238262707481725,0.6900308587267083,0.8409664571047528,0.7305011160766646,0.6717785392370086,0.6079236821477131,0.5081388005487282,0.6346153117309121,0.6207325016952554,0.7053957260625683,0.5874742567727236,0.5337857595025027,0.7283707187052617,0.4935967175862832,0.6310039474545288,1.0201608210707445,0.8677154458416809,0.3156415816587519,0.0,0.0,0.4034170590849212,0.6688507163769457,0.47546615248553614,0.28653643134347495,0.7292589768559807,0.5646110517200998,0.6945109255739086,0.7960523170514859,0.41865172663612243,0.4531377080310527,0.9464335961905771,0.6088481652061438,0.5359453572557096,0.3620971793952569,0.0,0.0,0.0,0.06464590713557283,0.8855655301363761,0.41358633627161956,0.25445957277799947,0.749124216725646,0.0,0.5628116433785337,0.6537190932460234,0.7696917636772813,0.5832555401776687,0.6663609925804894,0.6971850282378683,0.543662529806845
0.0,0.40987560626401254,0.5041311470308132,0.0,0.3385866934229079,0.6686355758999241,0.28090612989509534,0.4994404570615364,0.7669036185511526,0.3271451917134931,0.830640048870436,0.36744325450547427,0.4211054608506204,0.7635287512658733,0.7165326547686577,0.313706408351611,0.637641590374193,0.47362811613993183,0.6799217104963631,0.5213384779911037,0.48158128756505003,0.43966611848881254,0.7247189977446966,0.39402052769538976,0.8103879862465263,0.604920834046587,0.6809829783681481,0.4157862249260076,0.5201219677089869,0.42472547962820517,0.5443686527824834,0.4015261665266354,0.39891800202934646,0.25138359293608203,0.36232732081829067,0.8587073438204769,0.42519128887760715,0.3246772455352334,0.346736078641913,0.3717001914857021,0.5089631052326604,0.3484673144376341,0.17533518834606393,0.17822111069175225,0.0,0.0,0.0,0.4204369124833901,0.0,0.0,0.8720314446205233,0.0,0.46860588823152066,0.3608457810521218,0.0,0.4930664997255601,0.5911224337550391,0.4531492973857565,0.0,0.0,0.0,0.0,0.0,0.0,0.0,0.0,0.4705841421684283,0.7007259240104103,0.0,0.0,0.0,0.5209681744924681,0.48171483052835495,0.6539088366006516,0.0,0.0
0.7235765113623818,0.43224292892793603,0.6843472543586785,0.3385866934229079,0.0,0.5962464793459503,0.6281385377795226,0.8310148866062568,0.48057504336563245,0.738774062221105,0.6588056773214673,0.6387651612140332,0.6974973037767642,0.7016464361561634,0.7029005067711807,0.6808781694895362,0.5528407669676354,0.5328809207953396,0.8289495353810639,0.6133954306386036,0.5836469452607111,0.7708614394611467,0.6868658307857632,0.46142034968123885,0.5905336465536992,0.412953923093239,0.5425484336944895,0.7094629804597383,0.7335249360985774,0.5342316685565349,0.7031540743865359,0.4174106673098509,0.6654973619780621,0.7153245828848951,0.6727355569486286,0.6181738217255633,0.8386172789151324,0.6713767642516953,0.7576863037809447,0.4181685854645334,0.323035982222057,-0.11098204873604692,0.6274441441159437,0.36702244027912767,0.3688020926629092,0.0,0.3260514967569571,0.6757297537519236,0.0,0.6214460019177452,0.6719501773598804,0.7469021818259287,0.7023277766603816,0.6939785007334316,0.0,0.6462520599139281,0.4505614825788526,0.8198858690753684,0.7687003335464153,0.47904524978458657,0.4618068652017281,0.0,0.0,0.82117219606287,0.5988129298559961,0.49920897730757163,0.8804666805138128,0.7727524949411555,0.0,0.49319967691022853,0.7044121364410463,0.6819015983970327,0.6740579728648964,0.49665977340558964,0.0,0.5907373140204855
0.39700681648206815,0.4651686518623005,0.6359594317480441,0.6686355758999241,0.5962464793459503,0.0,0.7131998828881752,0.730524400762393,0.6159453268622885,0.7371320962508158,0.6466677321227053,0.8404341607000498,0.7748243663334295,0.6982327039179885,0.6132472849031845,0.6483639167702534,0.5959977735900825,0.4996768422801076,0.7378291859670558,0.6274019413125825,0.6721741554698756,0.6098301036276232,0.7579295171728326,0.7559147865982503,0.45194829248808055,0.5160436352213331,0.787277128255126,0.9077916132985366,0.7657463353383609,0.7840888907991529,0.885626419379963,0.5973055903581113,0.7069793571707852,0.7780575410821504,0.7999509392655648,0.6683870363655984,0.7210799260943622,0.7499011712933921,0.6198001220543992,0.3508205759598684,0.6794655267730367,0.4642301158875271,0.8108111529696351,0.16891621281709812,0.3320929965442112,0.7230317810681881,0.6346339771301954,0.7125659595074554,0.7916593765549238,0.5233166244558338,0.6704131032356808,0.6468691167881369,0.702364706620093,0.7271978409682334,0.643553917116331,0.725538294722468,0.6090040987685493,0.6429946247712145,0.6699415517460087,0.49159634818167136,0.48186400175073724,0.0,0.6591439809046378,0.595155280881732,0.4338253814552233,0.4463751806746335,0.5728452529185488,0.7335434756137722,0.4963733742981209,0.49086062137721564,0.5898971369949273,0.772086483475839,0.6009128379036177,0.6783837764171575,0.4706247619536691,0.6046802571928457
0.5379614828034318,0.5656558557033091,0.6271140698290328,0.28090612989509534,0.6281385377795226,0.7131998828881752,0.0,0.5429938350730104,0.624453589923791,0.8392214246917145,0.6881238793285159,0.7136353935479556,0.6037757426143038,0.8255890561921135,0.5082995335963723,0.6392453237950468,0.7693701445040823,0.6009071703999047,0.6351435338465075,0.6909749193397474,0.5168648534174556,0.6636431569875996,0.5794217337543678,0.5425902060624063,0.5865096765145743,0.6192266674226876,0.5432333250441446,0.9038714981657873,0.840945578656138,0.6491864050981466,0.7455592515374045,0.8698446641090806,0.741344339740319,0.6916400732683569,0.6489232159057899,1.119019818349252,0.7897838001278835,0.9408417128120429,0.7492590755631925,0.4803338155096822,0.6613165115249067,0.5706634696045634,0.6979558201815989,0.21723915163160495,0.3285519832345858,0.0,0.6074455884573837,0.5011881760335669,0.0,0.6911066154431644,0.6075464250196692,0.6266576575173931,0.5458388818406756,0.7220485478391685,0.6531956455775079,0.5681214414765545,0.6353725505018007,0.5185819506819671,0.5003418094537078,0.3372015531485913,0.6981969578006271,0.0,0.504426129544508,0.6761421893300728,0.4253143551528157,0.5978780726870827,0.7219246549619333,0.6441039599044436,0.4621457602629398,0.6791954150477004,0.798323482203899,0.67141702260119,0.5784079078554344,0.4928039126224585,0.8527918969208942,0.5447252424208003
0.5112775982585394,0.8093823959799711,0.7246013262048843,0.4994404570615364,0.8310148866062568,0.730524400762393,0.5429938350730104,0.0,0.7790572851545005,0.5266630896791173,0.650325483254431,0.5691799480714019,0.579696470710775,0.5963192176572876,0.46530595465137536,0.7921314722423695,0.5548619424483348,0.7798706257727215,0.6408637052445267,0.5257372879413245,0.8276741997337769,0.5954749002831881,0.8362678154972429,0.4937726715189621,0.7764667046798877,0.7909388751671049,0.7252221203962851,0.5441986982929352,0.533644402393582,0.4131325686316596,0.5843747719263823,0.5241457776929854,0.5846884081494239,0.5248069662089844,0.4919740232844669,0.6949933467515205,0.47880597054572227,0.6789742607181838,0.5344450950026288,0.5363404675963548,0.3888541312557552,0.6436948774929072,0.741518592086871,0.3633881545553951,0.0,0.624596961191036,0.5822087385140859,0.7030517903597839,0.0,0.5932372850655871,0.5254938765239591,0.5296543034714465,0.5043556913102846,0.6961603101883964,0.6486869014851138,0.6496708246018341,0.9956798174158636,0.5013804874454593,0.5580738597905941,0.602945642258554,0.7512968320956572,0.0,0.5875041766002558,0.6830418025868625,0.6282855576482329,0.6702714745566947,0.39621689105507996,0.7371766289615906,0.0,0.6402705954084497,0.4610316735319816,0.7302966067822412,0.5351990303807141,0.629012639648183,0.38277317891769463,0.45045003217773405
0.47477034428402903,0.3977623584486286,0.5979384797821968,0.7669036185511526,0.48057504336563245,0.6159453268622885,0.624453589923791,0.7790572851545005,0.0,0.6796323193245108,0.3362827700929113,0.6746992650818333,0.5094855325367755,0.5877992726320171,0.7608453146444667,0.5780254955337387,0.5671033570552251,0.6812054113900068,0.4273547652322047,0.6537156189330318,0.5740931028594392,0.645516982906939,0.770800194052488,0.7283830113292884,0.5955049363059384,0.49355771530910825,0.603130424998245,0.7502737369803536,0.6862850756722574,0.6927432377580933,0.7111486133881937,0.7111463854839974,0.7145866716553197,0.7341797305072199,0.6864445535209626,0.6352447681223828,0.7404691140632185,0.7549763526502946,0.48008209373210214,0.5781845956114109,0.3729394621140766,0.2805996559564268,0.8234040930165862,0.31342914098317254,0.49720708448805695,0.0,0.7093303558337652,0.70819624885443,0.4670269570225616,0.8460109165492169,0.7989201310866206,0.7848803898565694,0.6542079263095009,0.6846232694106568,0.3356091553464334,0.8230632618480983,0.5578667006163451,0.6886307712770467,0.6353019596850593,0.6826428146279946,0.6995476423884384,0.0,0.0,0.6049775441537604,0.7922158817022631,0.6979801893691995,0.7652120425830182,0.766516748277933,0.41744822048261987,0.4736157764514811,0.44318324866527103,0.7215857100898553,0.6437140087868249,0.7237573839384381,0.7318084402628497,0.8148567026886449
0.5699941851297732,0.5402190039205744,0.5966680871635304,0.3271451917134931,0.738774062221105,0.7371320962508158,0.8392214246917145,0.5266630896791173,0.6796323193245108,0.0,0.7081519645594673,0.6960029260382534,0.6621508121639763,0.9968891554091226,0.5415003636791783,0.5708850557663111,0.8695200652431347,0.6967365522161173,0.6735307646962323,0.627466046914053,0.5954818618635526,0.6112360756471862,0.5418543419749716,0.5094118605178419,0.9238175290531963,0.7386136553166439,0.6244253978862869,0.7370170677147694,0.747363669610245,0.5845375343949912,0.6611964644451254,0.4095070918321023,0.798707383178791,0.6005486873617917,0.4497866876047103,0.5191988841535421,0.6189081875435185,0.5951219687208413,0.2247324791132728,0.47383051929651,0.7466141447984729,0.23508072424179216,0.21687205052961037,0.6162329093611916,0.5345557048523532,0.6477926502547804,0.7123143299204471,0.353563530585227,0.4704354520337112,0.49098279154375624,0.4519830293688989,0.5201625022477177,-0.019785072448813334,0.45289982676120616,0.7557516514087441,0.38010067370778067,0.6783256895976574,0.5503419795547133,0.0,0.6119260656803365,0.6942810352686377,0.5626010497610174,0.46503342950547366,0.4842265207707524,0.4764401212758801,0.5142438233837633,0.5504887699873366,0.6501940427908831,0.5027839113873921,0.5532142107706983,0.7166603526598403,0.5657472568365778,0.9915309374095954,0.6888481555005539,0.0,0.6935500623005468
0.4787873870719209,0.5200168048596878,0.6292971184808047,0.830640048870436,0.6588056773214673,0.6466677321227053,0.6881238793285159,0.650325483254431,0.3362827700929113,0.7081519645594673,0.0,0.6434228550996913,0.6541498642915999,0.6067467576532667,0.0,0.5009872120301334,0.5400106639374826,0.542568826032065,0.4366354860374616,0.4626772466575533,0.9774977762066066,0.4525419011445951,0.4005292462344262,0.6210107700576115,0.6034960014764376,0.7179337530424343,0.6140892616492827,0.6804150186592972,0.6371358803277646,0.5134422573401929,0.6411106650660809,0.5825688290028047,0.3767902207414754,0.6765166853016592,0.6605967797415819,0.8032822811883588,0.8846153610061224,0.7435569935568558,0.6409613959022722,0.7379475154061291,0.6661096489144305,0.382085036573913,0.7202372096752739,0.5787285904273639,0.30185628484611504,0.0,0.0,0.8140145747226776,0.4816890138683104,0.5896904585766445,0.6602025287150255,0.6274033682949904,0.5859196379193361,0.7942169157002213,0.4855746338617862,0.8354778041689295,0.5253648717711201,0.7661948548819462,0.5941658476160566,0.0,0.0,0.0,0.0,0.06274888301518466,0.5835531094373213,0.0,0.5333807718262535,0.6011105093728764,0.0,0.0,0.9343154012435557,0.6795728802308494,0.6731541181247194,0.23906271976425514,0.0,0.6391397697531909
0.6566004709271184,1.175839720076576,0.6568738579572655,0.36744325450547427,0.6387651612140332,0.8404341607000498,0.7136353935479556,0.5691799480714019,0.6746992650818333,0.6960029260382534,0.6434228550996913,0.0,0.5657483244487667,0.47490849316660233,0.3829067217307912,0.7245722475736416,0.8870517110338898,0.9545444181529223,0.6079786222756645,0.4708533082118352,0.5945310888992796,0.4474590936933104,0.5814564911611348,0.4476940930228136,1.014527263709428,0.6327562174696788,0.6475502775129074,0.6846104094214345,0.6213748737239391,0.3661722170253121,0.5097662953202214,0.217775466321227,0.6905175268060535,0.4202125410986309,0.6449490727293652,0.5418240922602788,0.6972944986175929,0.343758787869457,0.3053377975707714,0.5731632449292461,0.6684662837229223,0.3532854790427268,0.4806382695070821,0.709564392700577,0.5649581425711597,0.6070157602453099,0.66676378848328,0.6564460935960942,0.19925688710477174,0.24290088978153226,0.4647719741086246,0.41190602343759264,0.3885802945957303,0.43642882922551685,0.7697207878168956,0.19337180294588696,0.31203784370447496,0.5974125446371277,0.5736345368786089,0.5520691554590973,0.620233195389029,0.523014172901676,0.5652243174188278,0.2975385993376384,0.959237267267598,0.8698716389307504,0.5934260354242857,0.28170486145328044,0.45298201231559904,0.650545272055998,0.7581963941132116,0.24251814766427954,0.6652459563810846,0.5487518467928405,0.0,0.8217377023088835
0.6342304182246966,0.5903187118859723,0.6361517366517259,0.4211054608506204,0.6974973037767642,0.7748243663334295,0.6037757426143038,0.579696470710775,0.5094855325367755,0.6621508121639763,0.6541498642915999,0.5657483244487667,0.0,0.7123392480062769,0.5593630623343131,0.6246904268921012,0.5865870642928718,0.6335017882843417,0.6268918824316394,0.7259750046980775,0.6071991254727731,0.6283064433691262,0.6194600983098875,0.4507259836861395,0.685072364634018,0.6788984328872882,0.6233406706634175,0.7815547817476336,0.8989438866527493,0.7041372013701273,0.5760195690726482,0.7814188433686144,0.7188326278168363,0.5908389511135161,0.5630283728686127,0.7279664026204823,0.629778844923159,0.7643457944851938,0.4057861704070894,0.8257519570287062,0.5819858668231216,0.4801783542862753,0.43708578454853153,0.2794174038120286,0.47418101613736824,0.6322904229177155,0.8174066718453921,0.7011890742826603,0.0,0.7171873770983155,0.6672986312174022,0.6209391908496343,0.576803552182702,0.8005747943311944,0.4952971285782687,0.669147650739351,0.5324494506744588,0.6512388676719293,0.47987466686692604,0.5149853469349339,0.6022172709084073,0.43215223757012844,0.5252670669649367,0.9098443356417527,0.5294110872886592,0.6270433636065114,0.8115326131406683,0.7047168457027277,0.7425051650236527,0.7273086876743393,0.6737044666207304,0.7398977163316338,0.6521492026597583,0.5347588077051578,0.5562773120781292,0.6193563846542887
0.3694333062259111,0.45685570400143194,0.6928230599336019,0.7635287512658733,0.7016464361561634,0.6982327039179885,0.8255890561921135,0.5963192176572876,0.5877992726320171,0.9968891554091226,0.6067467576532667,0.47490849316660233,0.7123392480062769,0.0,0.36635130456796566,0.508414437505361,0.5052855763297617,0.47570471524611985,0.6636343122560326,0.6853907016679455,0.6978693395611638,0.1581764459053178,0.5836371936913295,0.5644969861269256,0.4810099892457417,0.5882188512896571,0.7403309555247919,0.7213812643696663,0.6509093721360322,0.5283798209698416,0.9390655409885655,0.32353070042274334,0.5073086093233566,0.8423178222049298,0.47866680178238225,0.4984124560549072,0.4038963009897781,0.3468870948647652,0.6630627726321956,0.0,0.6665351865812676,0.6980984621674651,0.8034596404541654,0.47485607799407803,0.0,0.0,0.0,0.6372541481883556,0.0,0.7451532855101091,0.7119560600789936,0.6578830518999462,0.4993427961620429,0.6177372964252116,0.0,0.6038334930706856,0.3952219137990669,0.9577599746650455,0.5730589608721923,0.0,0.0,0.0,0.0,0.6695560633507327,0.0,0.0,0.0,0.6127692486057004,0.0,0.0,0.0,0.6627081179098164,0.8888416510869772,0.0,0.0,0.0
0.37966062278962076,0.594718357084538,0.6080959044265208,0.7165326547686577,0.7029005067711807,0.6132472849031845,0.5082995335963723,0.46530595465137536,0.7608453146444667,0.5415003636791783,0.0,0.3829067217307912,0.5593630623343131,0.36635130456796566,0.0,0.6539136260203725,0.28339781729187896,0.5984442993982648,0.0,0.6068962228814794,0.7653020148834788,0.858953403256314,0.9066973180746585,0.49487340955464354,0.5168865013727757,0.657297753163525,0.7417032782008441,0.5677234085311996,0.6248428082033362,0.5476854780210789,0.4545495922451372,0.315802263703736,0.6601471863147723,0.5047618048500943,0.42943445877299186,0.5951411210895468,0.35813072631520576,0.3916585169462285,0.06010275010131105,0.5195410481406157,0.3990373179354915,0.13906163504782604,0.5813858929908962,0.4709981930035221,0.0,0.7160782775016188,0.7697573472832449,0.4402242692077669,0.0,0.0,0.4540003478641973,0.8943799908488591,0.6376900194692554,0.6257756810201196,0.0,0.0,0.4468269852315845,0.570740732321366,0.48249549866712305,0.7514872548524434,0.6446421403978875,0.533984451656708,0.834394011776946,0.0,0.727528053226479,0.48030907957776336,0.7047679051437822,0.7661075816441432,0.483132574088991,0.587740621016003,0.5366459060319576,0.58665998946324,0.4926200561609385,0.3972694962241293,0.2608819361312834,0.38465805857624835
0.8123743018743315,0.8209062570922017,0.511264210091535,0.313706408351611,0.6808781694895362,0.6483639167702534,0.6392453237950468,0.7921314722423695,0.5780254955337387,0.5708850557663111,0.5009872120301334,0.7245722475736416,0.6246904268921012,0.508414437505361,0.6539136260203725,0.0,0.5286312610467012,0.7378405966197905,0.4637526295304271,0.5769749060917642,0.7545711371865562,0.8036908102965038,0.7605554707048374,0.8173362291886848,0.8842630346337789,0.762196021164253,0.5842481803764051,0.6063296551175942,0.6264405529317657,0.5884409939378421,0.6580939756864823,0.5322371717346928,0.5138519563765183,0.4629467381557145,0.6074997537459865,0.2899666938791717,0.5135485381077025,0.734816921056511,0.4166042128583526,0.7383527952085899,0.7901547726746696,0.6017487716269903,0.46985072518768867,0.0,0.0,0.8264949214543357,0.8230369127643922,0.0,0.0,0.0,0.94821532205033,0.8122787685760089,1.03746804150469,0.0,0.9467883174339353,0.0,1.0427880626242576,0.6755292808623046,0.0,0.5081005353531407,0.7707030148244617,0.6301464928028205,0.9258873052968281,0.0,0.5577024301667618,0.49851387457624097,0.7700438184377867,0.7708186813306976,0.5533337973303585,0.9226229140873866,0.8777278366736239,0.6961930306174684,0.7520079746361196,0.7291435033500699,0.0,0.6903780436193159
0.5311798516245805,0.7343763474890517,0.7973582064891733,0.637641590374193,0.5528407669676354,0.5959977735900825,0.7693701445040823,0.5548619424483348,0.5671033570552251,0.8695200652431347,0.5400106639374826,0.8870517110338898,0.5865870642928718,0.5052855763297617,0.28339781729187896,0.5286312610467012,0.0,0.8899214105347033,0.7111187616427208,0.46300931027462666,0.534484423521249,0.6510883848086015,0.64161671387186,0.8220395630966557,0.9667866029091702,0.8234571267441142,0.639492366205483,0.76308677296604,0.39015020080180246,0.384035534125483,0.4930111745703851,0.613661644295521,0.6905028489980164,0.5279137875750626,0.6234781827156484,0.5497374111283932,0.37045663770901044,0.5098483761137413,0.3139132429644865,0.31410286411823307,0.606444643411145,0.7989899251891333,0.0,0.0,0.44420429511406684,0.8600968133502274,0.6598581626680157,0.0,0.0,0.0,0.0,0.0,0.0,0.0,0.9471549688069507,0.0,0.8872763096892616,0.5813839218870653,0.0,0.6086751184598529,0.4803438487431537,0.857375811648593,0.7526603121614938,0.0,0.0,0.0,0.7810446870689416,0.0,0.8645377102610776,0.8689891234777485,0.9278103698001623,0.0,0.4307425651406668,0.47802473472457174,0.0,0.7919247958390272
0.7530229637500753,0.7894259139588535,0.19230222406203074,0.47362811613993183,0.5328809207953396,0.4996768422801076,0.6009071703999047,0.7798706257727215,0.6812054113900068,0.6967365522161173,0.542568826032065,0.9545444181529223,0.6335017882843417,0.47570471524611985,0.5984442993982648,0.7378405966197905,0.8899214105347033,0.0,0.4908470814002273,0.5667635790029353,0.7168027746213019,0.6974456284121908,0.623336834774388,0.9192021667758912,0.8990940475151101,0.7673323724277179,0.580051477664453,0.5606100296943126,0.5484147748689687,1.0628124864030788,0.5098320251341363,0.5555047863003717,0.7328476126771457,0.5882294553281312,0.5771504464857153,0.3110724236260245,0.4052143327733018,0.5168079246488066,0.45877400283417424,0.5821953557751104,0.5256305490019925,0.5201307789830248,0.0,0.0,0.7160929866271858,0.837637695515647,0.8088878909127566,0.0,0.0,0.0,0.6458507551441088,0.48179474988747795,0.582684921240037,0.0,1.019786944774937,0.0,1.0059430558466782,0.5947094432584266,0.0,0.6783635146658782,0.7640751889102704,0.9324698570834888,0.8408678246272845,0.0,0.6862190683706844,0.6793754659797535,0.782708429343444,0.8860417725708063,0.9744814813720231,0.852657278056332,0.9501165337024977,0.5056150668964134,0.680086425243275,0.677391010518929,0.0,0.759114360636623
0.0,0.7822578982432591,0.5686632664907599,0.6799217104963631,0.8289495353810639,0.7378291859670558,0.6351435338465075,0.6408637052445267,0.4273547652322047,0.6735307646962323,0.4366354860374616,0.6079786222756645,0.6268918824316394,0.6636343122560326,0.0,0.4637526295304271,0.7111187616427208,0.4908470814002273,0.0,0.5249693301638083,1.1318553620159462,0.8092674782899496,0.3894011621941186,0.6346017736240013,0.5555515141691807,0.7863416177810545,0.3450903301093663,0.6971137164878755,0.5273762888885102,0.7557028400604898,0.6587868097043725,0.6177745052703408,0.2224630066663423,0.6127969015628276,0.5829773213691709,0.7369038719863774,0.6417175671891489,0.5788910047325366,0.7607877572683542,0.47175326953357183,0.6426084261423087,0.03513688128575293,0.9210681968627477,0.2848509719283577,0.010340646531522186,0.0,0.0,0.7488068207957916,0.0,0.6490256692716437,0.7387609439208082,0.657934849611125,0.6775661401108488,0.7709858611768966,0.6209991563360295,0.7874082214341307,0.5964581698605366,0.5746999814335116,0.5536370174041527,0.0,0.0,0.0,0.0,0.7193518610985532,0.4787518739005793,0.0,0.49711601634334524,0.7170231306054435,0.0,0.0,0.0,0.6638831078474983,0.6611181567073128,0.4132512259763248,0.45900180833614856,0.4566985993805881
0.6845002891988403,0.6675879118703935,0.38069018023683293,0.5213384779911037,0.6133954306386036,0.6274019413125825,0.6909749193397474,0.5257372879413245,0.6537156189330318,0.627466046914053,0.4626772466575533,0.4708533082118352,0.7259750046980775,0.6853907016679455,0.6068962228814794,0.5769749060917642,0.46300931027462666,0.5667635790029353,0.5249693301638083,0.0,0.5863374920492392,0.5879242581758369,0.5744278945752739,0.8181596287909273,0.551354555865341,0.6337720471522069,0.6721700421400024,0.6191600955623557,0.6865072820017846,0.35772178034457147,0.2598586737583912,0.20672316699812918,0.4350596294661968,0.38265720177320117,0.35636367541233616,0.7059000029197948,0.3824518818235284,0.9617220970781647,0.022448441185422857,0.3709232143818925,0.3559900417365082,0.10025944422113581,0.49914244684586295,0.11638481596511979,0.34091646869533665,0.4988149606751595,0.755335353378099,0.7076504337138148,0.0,0.0,0.4768331979086038,0.5855091739932102,0.4709180713508107,0.5834163111158845,0.7892768418334424,0.0,0.44922917445726906,0.5342078611937191,0.0,0.44774660558646606,0.5536623961876249,0.47275500401554255,0.7270786276912555,0.0,0.34115016707202506,0.27516183588745946,0.3632941720398462,0.5191463807065753,0.0,0.5740788902995125,0.4701856631161806,0.4702658437387942,0.39659575712235084,0.38671485811926903,0.19550212202840478,0.29444294498759505
0.19618568613636306,0.7535950377709287,0.6954421915729474,0.48158128756505003,0.5836469452607111,0.6721741554698756,0.5168648534174556,0.8276741997337769,0.5740931028594392,0.5954818618635526,0.9774977762066066,0.5945310888992796,0.6071991254727731,0.6978693395611638,0.7653020148834788,0.7545711371865562,0.534484423521249,0.7168027746213019,1.1318553620159462,0.5863374920492392,0.0,0.5942318573649741,0.9027136363265396,0.3199671875328806,0.6634248354862864,0.7495350242788594,0.7343359897062527,0.6156097820804068,0.5170459763392377,0.5725074835479143,0.3508137802178092,0.21923391015189522,0.6138164487791976,0.4509393970863905,0.43059994585876005,0.48370527940412406,0.3975893024388827,0.5205123922933178,0.12099357312156403,0.7816082768068355,0.4039305636481099,0.3144760970626723,0.5370212098292133,0.0,0.0,0.3800454160710358,0.758502378272285,0.5982753191823874,0.0,0.0,0.5361852821274047,0.47010366160865835,0.02870494964187742,0.6993389330211178,0.7607832639589394,0.0,0.7961055712973324,0.5040401896781329,0.0,0.5092947976991393,0.5941004440915011,0.0,0.6386572780388471,0.0,0.4463534603021554,0.5732969403999474,0.640310221894653,0.5901212352630616,0.6110730897697723,0.6466699699537402,0.6903980019854173,0.542757840585218,0.43369432888050385,0.5024675831497625,0.2175427113761564,0.22607162883125564
0.6950000975717245,0.7954022416082026,0.5368495418352639,0.43966611848881254,0.7708614394611467,0.6098301036276232,0.6636431569875996,0.5954749002831881,0.645516982906939,0.6112360756471862,0.4525419011445951,0.4474590936933104,0.6283064433691262,0.1581764459053178,0.858953403256314,0.8036908102965038,0.6510883848086015,0.6974456284121908,0.8092674782899496,0.5879242581758369,0.5942318573649741,0.0,0.7653984043005131,0.5445366043944235,0.8274085789632927,0.6940075375037741,0.5143982408872059,0.6655564480244758,0.6185311162060979,0.4188778748842886,0.40955931161536996,0.29917494880500006,0.5598063922091068,0.4682211857801983,0.39423035978414644,0.5333124475031565,0.6360957294969531,0.5492599867773669,0.15391749342329017,0.668398600613143,0.547433863107117,0.24062410890171834,0.5753833418738517,0.37967414834373125,0.4065788646243137,0.720783448289174,0.8323485016488619,0.7243725219902861,0.4777089008985551,0.4041848308243152,0.5574475960066219,0.7337687778641426,0.7053991865474296,0.7525414575678653,0.4132238087144863,0.0,0.6054889274092794,0.6538640331773213,0.0,0.5671436187899135,0.7881387922460238,0.8083553319391332,0.9483086923882101,0.0,0.4333071825026052,0.47459318220423385,0.6026032598313787,0.5747588481675646,0.5314473960758666,0.6449046008592387,0.6284062354393345,0.45286323749059576,0.6170765693460181,0.4868208865583674,0.5947906104778367,0.576051470644144
0.6027798259542072,0.6331325119615572,0.6598197761748343,0.7247189977446966,0.6868658307857632,0.7579295171728326,0.5794217337543678,0.8362678154972429,0.770800194052488,0.5418543419749716,0.4005292462344262,0.5814564911611348,0.6194600983098875,0.5836371936913295,0.9066973180746585,0.7605554707048374,0.64161671387186,0.623336834774388,0.3894011621941186,0.5744278945752739,0.9027136363265396,0.7653984043005131,0.0,0.5406312255587158,0.4850374368929616,0.7062929033119841,0.6876395096131698,0.5905910829130794,0.6566318086567265,0.5657063756578272,0.6212447117684577,0.590990623059714,0.49780107077725744,0.641569972720861,0.6292268070618967,0.7591531370506497,0.6256551393451271,0.4237672065299306,0.565384275238386,0.5322191896877903,0.6625208765952604,0.6502277321190679,0.7915296089765634,0.3664353169102761,0.4341453695358938,0.4989047550034408,0.6334523548285907,0.10293045991061561,0.575622018093036,0.5645344541474091,0.6369465328993681,0.6102662526388578,0.7101111230565887,0.664838366517154,0.6885968854590355,0.5112174405048269,0.9573384812225209,0.5653184716028512,0.4216375108108532,0.7167903199871436,0.7024825978535639,0.4764401212758798,0.6846282005747164,0.12463614561919623,0.6218622213148279,0.6955996260267923,0.5667316764533441,0.8295208146492925,0.35413238347593123,0.6236645791819482,0.5818004389381952,0.6889973076287543,0.5608058646061638,0.6409493096915091,0.5225242151991284,0.5786263256186731
0.5351885170628412,0.7029677311360336,0.8355031204419013,0.39402052769538976,0.46142034968123885,0.7559147865982503,0.5425902060624063,0.4937726715189621,0.7283830113292884,0.5094118605178419,0.6210107700576115,0.4476940930228136,0.4507259836861395,0.5644969861269256,0.49487340955464354,0.8173362291886848,0.8220395630966557,0.9192021667758912,0.6346017736240013,0.8181596287909273,0.3199671875328806,0.5445366043944235,0.5406312255587158,0.0,0.9207308429424543,0.671251712912071,0.6000518798487865,0.6427726360398972,0.7516628568802496,0.679502338745088,0.5419729344580879,0.5218530334956589,0.2961906358078757,0.15424231751878797,0.5141997845738695,0.45755486001483625,0.33214676610098104,0.06670549444625767,-0.12266845152560779,0.5701239510990128,0.40846738981195946,0.45685246989024897,0.6952430257701228,0.28326308738432937,0.550778265549301,0.6817282889355039,0.75565962232252,0.0,0.0,0.48285983105702723,0.5190768068608962,0.3971395247734033,0.0,0.30491340728444616,0.7521368067464289,0.48061134635532643,0.4828977692574257,0.4655886716910179,0.0,0.3858227613041959,1.0363557958136789,0.8707656326570874,0.860594158201019,0.4574679777707523,0.44488229285321496,0.40934392738587755,0.6442816110221365,0.6766302024150641,0.4067415031507753,0.9907280075764635,0.9402819350639613,0.4481917850625149,0.5560516905068968,0.8974379380674357,0.0,0.4912939598320395
0.7035359600322795,0.7631515503937412,0.34723627287444214,0.8103879862465263,0.5905336465536992,0.45194829248808055,0.5865096765145743,0.7764667046798877,0.5955049363059384,0.9238175290531963,0.6034960014764376,1.014527263709428,0.685072364634018,0.4810099892457417,0.5168865013727757,0.8842630346337789,0.9667866029091702,0.8990940475151101,0.5555515141691807,0.551354555865341,0.6634248354862864,0.8274085789632927,0.4850374368929616,0.9207308429424543,0.0,0.5788307107907924,0.4246691796235288,0.6487028510900336,0.45189395352554806,0.6752757692578892,0.7095285424428401,0.4063164150243157,0.7849330810562234,0.5929183699941536,0.7387027034829818,0.08773360748141507,0.6513783264117703,0.5264878292825603,0.561884794252261,0.8340475677073376,0.7832228298701545,0.8807708482217043,0.12958190820236448,0.0,0.3868665952942151,0.958717385762385,0.8946868316081711,0.0,0.0,0.0,0.8497652884137704,0.6720471538789525,0.9206563659154634,0.42462370265603816,0.9518127461464553,0.4811092730547222,0.9824557876088197,0.5420402782042811,0.0,0.6243195213537527,0.8455087928497491,0.9116698781073722,0.9488800644038237,0.0,0.8512368173841445,0.7708079276292708,0.8501577064149444,0.5950208741029251,0.9544626749693126,0.9471349065765119,0.9913194077403339,0.5562795228994829,0.9238782995625943,0.690929130370767,0.0,0.8141452616158944
0.8871817337055552,0.6250640361779092,0.886892760515019,0.604920834046587,0.412953923093239,0.5160436352213331,0.6192266674226876,0.7909388751671049,0.49355771530910825,0.7386136553166439,0.7179337530424343,0.6327562174696788,0.6788984328872882,0.5882188512896571,0.657297753163525,0.762196021164253,0.8234571267441142,0.7673323724277179,0.7863416177810545,0.6337720471522069,0.7495350242788594,0.6940075375037741,0.7062929033119841,0.671251712912071,0.5788307107907924,0.0,0.6142648289767192,0.7348655270071298,0.6685260340669458,0.37427514137489204,0.6105216057783363,0.5390146353576984,0.8509885845851763,0.6187817733742393,0.5808435732229849,-0.06303764207198093,0.457430944434221,0.6857605532139763,0.414714910894713,0.923477621072926,0.8913342270437454,0.6597523120654365,0.38368814750341207,0.5209511373404844,0.420438647785325,0.8978817929492147,0.8347781154508742,0.9032306615012262,0.0,0.004255461564424589,0.7454484169904128,0.6907654569535409,0.6264293566632712,0.8049226896157988,0.9747329236928302,0.0,1.0788821148139491,1.0047031529343622,0.0,0.6247933346074697,0.8187324077375548,0.9688855430453956,1.0259803753617136,0.0,0.5708750199560872,0.5952903331300889,0.780015460554231,0.5084317376945974,0.9310947277140732,1.02989005690777,0.9184717712533218,0.5828956589162455,0.7740610013128005,0.7941241581486704,0.49127461652084925,0.7981964222542597
0.6659891559667621,0.4397833162713825,0.5238262707481725,0.6809829783681481,0.5425484336944895,0.787277128255126,0.5432333250441446,0.7252221203962851,0.603130424998245,0.6244253978862869,0.6140892616492827,0.6475502775129074,0.6233406706634175,0.7403309555247919,0.7417032782008441,0.5842481803764051,0.639492366205483,0.580051477664453,0.3450903301093663,0.6721700421400024,0.7343359897062527,0.5143982408872059,0.6876395096131698,0.6000518798487865,0.4246691796235288,0.6142648289767192,0.0,0.6738035256655385,0.6191217211002666,0.5659016014000995,0.6105855232640202,0.43005351657861224,0.29846598600018603,0.5479770926689633,0.5377815571898328,0.46716906191677865,0.6989587093983578,0.7404873723459178,0.44182925162678643,0.49896458549537176,0.553708841679799,0.37526119629271376,0.7856379179792026,0.36348922563182495,0.31887442771926966,0.4103779327920175,0.44427297164890545,0.7238242865487718,0.4449678996868468,0.7569412266464557,0.6373625135455867,0.6266071256910539,0.6154906703735699,0.7319805607707175,0.7872852259706956,0.7874866259492455,0.32527099808766025,0.5879017931157307,0.7302646673592846,0.508038191208085,0.7020496920853927,0.0,0.5823677095601245,0.7222855416478974,0.46806622291168487,0.4511038161720189,0.38930931724951,0.6628265250561015,0.0,0.45336540552645993,0.40689232945933385,0.7287570697713115,0.5499794026166906,0.5346574211732048,0.3431209259879897,0.5120186355662891
0.5662568633965139,0.5881052679136372,0.6900308587267083,0.4157862249260076,0.7094629804597383,0.9077916132985366,0.9038714981657873,0.5441986982929352,0.7502737369803536,0.7370170677147694,0.6804150186592972,0.6846104094214345,0.7815547817476336,0.7213812643696663,0.5677234085311996,0.6063296551175942,0.76308677296604,0.5606100296943126,0.6971137164878755,0.6191600955623557,0.6156097820804068,0.6655564480244758,0.5905910829130794,0.6427726360398972,0.6487028510900336,0.7348655270071298,0.6738035256655385,0.0,0.913940789802355,0.5793466317081539,0.7509187658180572,0.7870967306665092,0.6933794868522767,0.7372887180203007,0.8993314308192051,0.8856214678675751,0.5285843269841377,0.8700216418877836,0.618191827861996,0.3120756900186877,0.3515881237773475,0.20918800087333145,0.37847979418720845,0.2886640345518253,0.6539196477665168,0.6559244680469475,0.6981179561390982,0.7639142650967018,0.0,0.7435620421469824,0.6313474624072197,0.577179374772933,0.547028058638818,0.7051793913957781,0.5803740646350157,0.7394798771172024,0.6622068206509736,0.627237403645896,0.4219504493250007,0.5171268768898818,0.4764077560941059,0.3541019458092461,0.6482519925461212,0.7615854636201103,0.5574517121524774,0.5029037884803729,0.5471358940113299,0.6593920160529054,0.5247409422517375,0.8539337615226644,0.6575417260651274,0.6925582869647251,0.6388790279846458,0.5663295913019631,0.4601690834072877,0.595416634767125
0.6636494555532255,0.4360184446628917,0.8409664571047528,0.5201219677089869,0.7335249360985774,0.7657463353383609,0.840945578656138,0.533644402393582,0.6862850756722574,0.747363669610245,0.6371358803277646,0.6213748737239391,0.8989438866527493,0.6509093721360322,0.6248428082033362,0.6264405529317657,0.39015020080180246,0.5484147748689687,0.5273762888885102,0.6865072820017846,0.5170459763392377,0.6185311162060979,0.6566318086567265,0.7516628568802496,0.45189395352554806,0.6685260340669458,0.6191217211002666,0.913940789802355,0.0,0.5769712500505395,0.5323628644658117,0.3419176755921546,0.40592315188186806,0.6327337101001448,0.5026229049231791,0.6203117630132614,0.5953455108250879,1.036391859797201,0.20537234777745442,0.437842402230805,0.3910806900947207,0.21144304728617636,0.40663850014675085,0.4765645746884798,0.4918778933087462,0.5064629651238354,0.6568118116828848,0.6525037764607979,0.4797629958292381,0.5477291685778372,0.5603593276635557,0.5591188505055306,0.5766438053849972,0.47915711472059197,0.8097265427190368,0.5117012952377686,0.6893623483840786,0.500815004606861,0.5906064105070776,0.43891801560592647,0.5909567188930334,0.4833776542014365,0.7297124765802306,0.5320474995600264,0.39594556425676575,0.32898908265189986,0.404126103402688,0.6123949310534474,0.4490980786603407,0.5245534948082944,0.5531711503607675,0.6221026100118755,0.5007885611539747,0.4233487649868116,0.279681673499548,0.3715535913700422
0.2732264212470477,0.4109742782242081,0.7305011160766646,0.42472547962820517,0.5342316685565349,0.7840888907991529,0.6491864050981466,0.4131325686316596,0.6927432377580933,0.5845375343949912,0.5134422573401929,0.3661722170253121,0.7041372013701273,0.5283798209698416,0.5476854780210789,0.5884409939378421,0.384035534125483,1.0628124864030788,0.7557028400604898,0.35772178034457147,0.5725074835479143,0.4188778748842886,0.5657063756578272,0.679502338745088,0.6752757692578892,0.37427514137489204,0.5659016014000995,0.5793466317081539,0.5769712500505395,0.0,0.6022019455114858,0.4791763887065035,0.23480788093676724,0.7966171181653194,0.5418138119984224,0.6930318109209453,0.5533923991432406,0.3664033090816109,0.5644043874162981,0.45690889205474505,0.5294579748608799,0.41925234284533425,0.4757456199817551,0.26735763973315835,0.0,0.0,0.0,0.2353153065643514,0.0,0.0,0.5111826378121873,0.7128442541289113,0.5422038744912565,0.7316485917302764,0.47161436093872483,0.0,-0.006113854958679714,0.2955699580074425,0.0,0.14672085951540478,0.0,0.0,0.9633920652199031,0.9241749209443446,0.3971618883954644,0.5373173699493249,0.6941176650322798,0.6278196687104769,0.0,0.4378583250360761,0.47381636315652587,0.6954094910590385,0.5426997146166951,0.3385393541000009,0.5654540128983556,0.473648123356319
