0.0,0.026455351148784112,0.0376686182352976,0.0,0.016643516990384966,-0.01854587589506773,-0.0009556381716483431,-0.015053216613548137,-0.002908504192615513,0.0003907227005170988,-0.0012147679170716463,0.007546823575790729,-0.008676840950602394,-0.02156395456730864,-0.017964589663504893,0.009119030266363126,0.016186567709066735,0.017664570346229702,0.0,0.003346392158004252,-0.04693821414819277,0.010157225342651177,-0.004708131497670076,-0.020934293475836918,0.0256711075205438,0.019704770054711385,-0.00022097278967853073,-0.006399912113242867,0.007485500782423216,-0.04215438102495528,-0.008256971463209861,-0.012047587458972997,0.024350005974254574,0.0005291308262560523,0.0015695977273800232,0.009497758486659291,0.0008406341891429858,-0.01749017696906663,-0.02905217236987301,0.02633136752601478,0.007360364474939041,0.002350776976114577,5.8168836190475304e-05,0.0,-0.0057968167003268345,0.0008155860070044318,0.015869148687608636,0.0,0.0,0.0,-0.004591483066994306,1.1102230246251565e-16,-0.006221506978817348,0.0,0.03129512612752039,0.0,0.013920275562455342,0.008170818098322818,0.0,-0.012168427215415667,0.019424322275557515,0.038984180250642486,0.04027430573778168,0.0,0.011812710517453473,-0.09590858587864831,0.011155875334994847,-0.017131526334309033,0.04654406114625054,0.03145667001950109,0.017272238170613352,0.012450349390304316,-0.00035287397546190924,0.016744605953893876,0.0,-0.001951905184413516
0.026455351148784112,0.0,-0.013047263429061873,-0.00011596446863959553,-0.013461336034302551,-0.010424672304214344,0.0035119465860103394,0.0210700219274646,-0.009853542231023638,0.005517394974959844,0.010138232029196004,0.10048920995419913,0.0021887950383167043,0.0018980757857431363,-0.0037226273981845193,0.018188838637669014,0.01572045012686807,0.01632966730735197,0.016664650829706695,0.003803360388620114,0.018092493525252662,0.014064495032199753,-0.006143127669619108,0.026759044596921855,0.030112671410748915,0.013659410567227526,-0.019486674185754116,0.003934895647036085,-0.009292212699558489,-0.010103720782144776,-0.012520563240182359,-0.005128525552697716,0.014627331701393853,-0.00207898460368916,0.014742267577881663,0.0074084675779705345,-0.0015520233293233043,0.0,-0.011964798122289677,0.026197325626158285,0.026582473639195525,0.02002251606324229,-0.008874365699280462,0.0,2.220446049250313e-16,0.023114787590813035,0.019319947074236066,0.00010395119929718089,0.0,0.0,0.018275617534224853,0.0074076853474930315,0.017018674781465792,0.006994217768884425,0.023820202479795216,0.0,0.014598185432163235,0.02442183603344311,0.0,-0.008405365067795378,0.014041987331397165,-0.0032086751871177044,0.041552619484955144,0.0,0.010620614912139503,-0.01757549139145209,0.018720901349845442,-0.0032862823091412974,-0.004581480944661542,0.034860739287104314,0.018751709252169235,0.004924339409404399,0.007809029188022898,0.0167478871709284,-1.1102230246251565e-16,0.016684548652900977
0.0376686182352976,-0.013047263429061873,0.0,-0.008507544642009701,0.006842613483283078,0.003719042814512241,0.004207285975700248,0.00393919966109918,0.02224238570040643,0.0006915238597999807,0.0014365236612698395,0.003930252294239267,-0.0006084755263376374,0.005016417891705427,0.013847015756343228,-0.0012038013479504506,0.013240825395580857,-0.041397437955568106,-0.0001669680947340435,-0.008651615202648955,0.027886450024997456,-0.011935062617516146,0.008980068063939362,0.04098319935432909,-0.0389293016601584,0.03749190622719056,-0.00037220207623694934,0.0030385903688324167,0.03253659265031694,0.007566915230003413,0.0049986507540126235,-0.003953818732341963,-0.0006492260871233113,-0.0015394331626711333,0.0020805046793858084,0.008341198678988915,0.006588873377847415,-0.002111567847963569,0.016615932808532796,-1.191323129867694e-06,0.011226509862740985,0.07351572861901223,0.0412503592096895,-0.06109882529108668,0.0,0.0,-0.0001909739356161233,0.05541697182050248,1.3064876090984612e-05,-0.056647326381758456,0.019351558446615735,-0.010132905403801407,0.0042044722570967474,0.02366143899012474,-0.0004146374278874987,-0.05113399920466283,0.01643866336882438,-0.008446301661103162,-0.011962544561487765,-0.000260929532510612,0.0,0.0,0.0,-0.17468320258845374,0.01048815188603669,-0.005164037503063101,-0.0003535356766246611,0.016074051902904563,0.0,7.772459885974081e-05,0.01261527294888265,0.01140128830405196,-0.004945924436586702,0.0055090050177529215,0.007644223033505426,0.00778742188615833
0.0,-0.00011596446863959553,-0.008507544642009701,0.0,-0.015813281289564635,0.012796460240742602,-0.023433690536068807,-0.0097540408463212,0.018087218188878096,-0.009652090387159445,0.039882063036262516,-0.0021396657665957997,-0.004786567792320617,0.05249004204798052,0.009722598170227859,0.0010725131395618037,0.007721436585744035,5.949338281047156e-05,0.01644346338124464,-0.01019934700295766,0.0014449881547908272,-0.016755519224459114,0.005932776876298007,0.004320283237100986,0.0002705160771517834,0.002240339303765937,0.005245457809773535,0.0014581704279389984,0.0013075727036244156,-0.0072379903814045465,0.004487556317411878,-0.0015304228137982823,0.030988486388517755,-0.019815008021998592,-0.011505314370973296,0.0759051488876144,0.015441313308565269,-0.006600298292273377,0.028378615735887514,-0.0012706771798637329,0.004561737875982574,-0.004884382830974421,-0.024116509650956686,-0.01030130368844806,0.0,0.0,0.0,-0.0012819088213947838,0.0,0.0,0.014635698925064056,2.220446049250313e-16,-0.000136158528682373,0.00038536109561920773,5.551115123125783e-17,0.007399534500867222,0.0012531836448682054,-0.0005148273045504359,0.0,0.0,0.0,0.0,0.0,0.0,0.0,0.0,-0.00012005087034516748,0.006291605700173675,0.0,0.0,0.0,-0.0025812109065943556,0.0024828673052546546,0.0027847586117568657,0.0,0.0
0.016643516990384966,-0.013461336034302551,0.006842613483283078,-0.015813281289564635,0.0,0.005636957705520973,0.012287354786466254,0.03460310502937741,-0.0005953588299622004,0.01551742848414156,0.02012350901711002,0.019529226547765677,0.0034611164326146526,0.05199578273976374,0.006299565812810326,0.003809971050513783,-0.009130017761069253,0.0018018275447458931,0.028130421994520205,0.0005733100083648579,-0.0072167096670918696,0.029585163978030682,0.017222112222135322,-0.008058843305666696,0.0007543662519454153,-0.022480825414819328,-0.0052592684544882085,0.01807405548961105,0.016303916325122125,-0.0028253188533746143,0.01811074691408443,-0.007692053610049598,0.0138272294819205,0.017862282250450057,0.027054312504940226,0.045678099498132646,0.10728436059047941,0.026747010919437264,0.050460883630823516,-0.007472299240750713,-0.0338063071653017,-0.0817998934116112,0.02627291413660421,-0.02703801943499584,-0.00038485424087936204,1.1102230246251565e-16,-0.0033380297956174254,0.013877344646099576,0.0,0.020683559968866283,0.01287657644088852,0.019431019694850282,0.03513637687487786,0.020186670641024418,5.551115123125783e-17,0.03378088181335909,0.009319862500530574,0.024128266975666224,0.042993481427391456,0.00014734930085336106,-2.3234808652572436e-05,0.0,-5.551115123125783e-17,0.03760378849366225,0.007822752236138597,0.00022625023245809173,0.015545703321929838,0.025976572637699702,0.0,-3.8195257923367976e-05,0.006860510034084444,0.021083641447758206,0.00777610929765532,-0.0029682641080726047,1.1102230246251565e-16,-0.004172254707439427
-0.01854587589506773,-0.010424672304214344,0.003719042814512241,0.012796460240742602,0.005636957705520973,0.0,0.014105469674660365,0.018303125834811362,0.022319630756998943,0.018680492488281464,0.01250752384229542,0.014498070523374651,0.01833883405226716,0.02044544925130437,-0.004891677463281396,0.004675509588010052,0.01079740432816445,-0.014851400936392978,0.018347397738825877,0.005916700211552495,0.00889686754688801,0.011632663453102432,0.019131027927450917,0.03948260977318924,-0.01861243752214864,-0.02210826334094157,0.01789758841172978,0.03854308528773959,0.04495984578866208,0.014256020392320934,0.029149198242513386,0.0026413685845245727,0.0021002936286213525,0.016706113446477433,0.02064940231769946,0.0070049343853757495,0.01817539088493958,0.021710002925835248,0.0019084971086565372,-0.005762705092722531,0.017171407376919468,-0.013492471660418448,0.028811512135428208,-0.06327904981239257,-0.0007609926356380026,0.010835621319051747,0.0027921164387937347,0.012908114975760387,0.006225708395190099,0.005065044324833012,0.009122436337080597,0.0004330548265125689,0.004325068960601086,0.012836121988059723,-0.007926698538956167,0.02233709203543144,0.024352851962918642,0.0003731770431978365,0.0032409337209722278,-0.013793931560992567,-0.016367886736287696,0.0,0.004989761992851394,0.004318854432626584,-0.023640405192426994,0.0027403684110816617,-0.01020070086595537,0.017902846375657977,-0.00010094188570608509,-0.007969859786257916,-0.002786368178890719,0.023463529719587428,0.0039854770075488655,0.00949764913811707,-0.00829514715671631,0.0052773108332948016
-0.0009556381716483431,0.0035119465860103394,0.004207285975700248,-0.023433690536068807,0.012287354786466254,0.014105469674660365,0.0,-0.000385175251542913,0.0013760511498990269,0.027442346123418282,0.021150438895761403,0.023566563461537127,-0.008471845554417046,0.08770175621524245,-0.011333624405831577,0.0009193015801838844,0.013032348493953239,-0.002615656654489429,0.01135408907939739,0.013331237848202282,-0.0007159147642106234,0.012821841036379122,-0.0036621956006813727,-0.0006356171875890326,-0.0035710428562583107,-0.0075677684621441865,-0.0017850602650678615,0.03846202710148727,0.02919581778952568,0.009204526299572968,0.01943553500141587,0.028963118844284264,0.027447817658215856,0.022865470089256934,0.03229187332900041,0.06018944794700254,0.04998347522699598,0.03726013952188317,0.016936137074751112,0.006269977378393798,0.04565817230815861,0.004417521505817756,0.029071269089481322,-0.0810927611709103,-0.012745770160585534,0.0,0.002064335437435727,-0.0018378561135716787,0.0,0.021164499506524548,-0.002641756945400142,-0.004325687975316739,-0.0039052926493489126,0.005000772157046418,0.0028618177258513122,0.011129748903528247,0.011066570799616593,-0.009832571323071249,0.007515419508160537,-0.012557954273437089,0.010664572604859646,0.0,-8.258105063929655e-05,0.005029277052168379,-0.03053421054866251,0.00507588833685596,0.004494467015253245,0.005305098369838168,-0.00018353570218720971,0.0013679512763824508,0.01621897161224739,0.014167120077649198,0.00019493136001491607,-0.0077117717636671634,0.008716111000068971,-0.0018118166285551185
-0.015053216613548137,0.0210700219274646,0.00393919966109918,-0.0097540408463212,0.03460310502937741,0.018303125834811362,-0.000385175251542913,0.0,0.02296110831366699,-0.005560322024376563,0.014097751243090595,-0.0064297227046867245,-0.005487731295241549,-0.022599852206187876,-0.022586771777008796,0.012433342455286822,0.0001587371378466984,0.02365774038759544,0.004850826816575893,-0.0011824127754302416,0.03302482529461909,0.0003486427185266372,0.026987502754478365,-0.0020361996619667755,0.02381133131305585,0.022449131890978635,0.011670016602115807,-0.008607022720856838,0.002649158439247512,-0.021124976850944388,-0.0034462618353834906,-0.0037478338652313092,0.006498445420315635,-0.0071312565148586304,0.0023612020874578254,0.02930821900248437,0.010895801405042427,0.025007950205076512,-0.012026671712179082,0.0013668172501636877,-0.0040152867055675,0.01481533980447014,0.04648127131272772,-0.01664189481078654,0.0,-0.002439476947924346,0.014136326075704475,0.005582795658059414,0.0,0.0035127966259796972,-0.015718196594918132,-0.014219605127898272,-0.017791923142203847,0.014831039463762852,0.00023901423065531002,0.02520164122444052,0.0002844597189354814,-0.014741038224455716,0.004070553797959786,-0.009480292539625512,0.015523914860632537,0.0,7.62673417295523e-05,-0.003049780737132024,-0.01416568671903301,0.02681723139851916,-0.016587779726072505,0.014542299948682336,-5.551115123125783e-17,0.006897030623272127,-0.005889289375831552,0.014733372087584462,-0.006703287717510442,-0.005194799624720914,-0.021966689481531743,-0.004272265612305259
-0.002908504192615513,-0.009853542231023638,0.02224238570040643,0.018087218188878096,-0.0005953588299622004,0.022319630756998943,0.0013760511498990269,0.02296110831366699,0.0,0.006539141227793033,-0.018510932540375113,0.012675373150278002,-0.01865061373859933,0.0016372007027245505,0.0006101989374293626,-0.005115942733022738,-0.004698580457500212,0.012888933091563692,0.004310939287078375,0.007702213931397028,0.010556011575702073,0.0081525309056254,0.020907929937040493,0.012153319012593755,0.008561549294405058,-0.023336030058754897,0.010059914717264529,0.015892727750711433,0.028898718462208484,0.01072393195438287,0.013595761383462801,0.009664376515513495,0.012617975554609528,0.014347436566515548,0.01425226194235607,0.0008204848551731092,0.021237376513069783,0.013059027653441635,-0.022103082053534118,0.007619711631133563,-0.019968564792474996,-0.020511756671195314,0.048522089177299166,-0.04431000601647839,0.002119178765568608,-5.551115123125783e-17,0.018462668139116845,0.007347609875216321,-6.2764277338756e-06,0.028434317873794468,0.02253212347747846,0.015527828457565507,0.0020371551520422804,0.016056610475021604,-0.008009326037552167,0.03894273846293489,0.00943804851172192,0.012703626204088492,0.007674638653587307,0.010570514540150011,0.0034507557871399364,0.0,0.0,-0.001944429213212473,0.012070658950366908,0.0009396235818287524,0.008272165436262857,0.020339478789530796,-7.724602242104028e-05,-0.009252405285727128,0.005796554988583613,0.01975210391393989,0.01515756277341751,0.012856968820579628,0.015120748023999986,0.01928010465340846
0.0003907227005170988,0.005517394974959844,0.0006915238597999807,-0.009652090387159445,0.01551742848414156,0.018680492488281464,0.027442346123418282,-0.005560322024376563,0.006539141227793033,0.0,0.014430749161818579,0.0201169017251146,0.0038489402784319116,0.10373197481963858,0.0016026279588736148,0.00652730523609979,0.01967502797569798,0.011789796343031622,0.00485004969092212,0.01723912086297469,-0.017205778125980453,0.012635412735282792,-0.0013269364384874693,-0.0034767565299262393,0.02448538925378957,0.009854132702198704,0.012725422525839691,0.008644100451822512,0.025428939886133484,0.01441772279841208,-0.006287440187970006,-0.0009843220331876013,0.01683769475026642,0.0051637256140878995,-0.005586821793208907,0.010371681312078052,0.03340479712528399,0.016320615981431696,-0.056895328762564645,0.001987573027876166,0.029247777472674097,-0.03823761759861821,-0.04820333616762568,0.012342465774698608,0.005223659032427164,-0.00987278879207476,0.025668026454654602,-0.0006857528447291594,-3.5638426153949965e-05,0.000552375658330384,-0.009741220965458486,0.008460388342353298,-0.028033514804974513,0.0018896292804844173,0.031761711392961134,-0.00639664052521427,0.01422980985550687,-0.00738863440552423,0.0,2.2608763993847703e-05,0.017765740187886847,0.004308637246335345,-0.00608100938639361,1.1714537432427896e-05,-0.0001903316314603165,-0.007890448771237457,0.007783604969087365,-7.10394865288122e-05,0.005214202610992147,0.005970313868697064,0.019356660482303167,-0.0056991579041881235,0.08344389154409027,0.010590651568750331,-5.551115123125783e-17,0.007214760195507375
-0.0012147679170716463,0.010138232029196004,0.0014365236612698395,0.039882063036262516,0.02012350901711002,0.01250752384229542,0.021150438895761403,0.014097751243090595,-0.018510932540375113,0.014430749161818579,0.0,0.011045336498467395,0.01583757428577326,0.009817710603859331,0.0,4.634762722532937e-05,-0.005494540389560709,-0.008195842177342816,-0.014920974659105135,-4.40147105472688e-05,0.043673041260648915,0.004703140713806286,-0.022425408420670534,0.006280475095679472,-0.00029544479322102246,0.009756094075296595,-0.0013478191302017661,0.017659450564578183,0.028192350404924682,0.0007611026024471057,0.014880574194381435,0.01333044096707231,-0.02717461939658894,0.011635855994070465,0.018071222307853685,0.04546440644501121,0.04609759667624341,0.020703068384551604,0.02205108827789659,0.012866651552088104,0.014181553381934164,-0.015398111922202085,0.03454587575878093,-0.008440223722799567,0.0006400290433225542,0.0,1.1102230246251565e-16,0.05118001359461849,-1.2153536641523743e-06,0.020352364330788797,0.010493468309167198,0.03160922860284093,-0.0031279731511550946,0.03135307693626116,-0.004527508425270554,0.0797347189495502,0.009286196990346662,0.03140849072384422,0.0035940118166192248,5.551115123125783e-17,0.0,0.0,0.0,-0.14905887663470382,0.008524899569220312,0.0,-6.845796619026068e-05,0.0013698467865082553,5.551115123125783e-17,0.0,-0.0002345586868667815,0.006225952566172199,0.02937990051295092,-0.010861663467750415,0.0,0.0026064731360578852
0.007546823575790729,0.10048920995419913,0.003930252294239267,-0.0021396657665957997,0.019529226547765677,0.014498070523374651,0.023566563461537127,-0.0064297227046867245,0.012675373150278002,0.0201169017251146,0.011045336498467395,0.0,-1.1050253228006568e-06,-0.02710332828431461,-0.008213653765081042,0.005798811292006545,0.019786344444807036,0.025211087665446552,-0.005518319499437374,-4.603904202288289e-05,-0.005983207827880643,-0.003069520084442612,0.011016249974587389,-0.0038838377679412672,0.03876242761462295,0.018160115055684045,0.0057273477674441575,0.013230462728013148,0.003533092192924636,-0.008042870533405855,-0.003718431737118555,-0.015025378252539412,0.024295665812263778,-0.0021648117472040096,0.01598545343636687,0.028427709556521186,0.04257556346129482,0.008407249832183522,-0.06084327653800395,0.02199019199130753,0.034640463035222835,-0.0015073250434040064,0.0002353523955009318,0.01846750822810489,0.026566720738269822,0.0051020538793350445,0.017412328054983828,0.008560611299390397,-0.009574059574240013,-0.011466161716564283,0.0030632190642855828,-0.011170054259322992,0.0005654959343979193,-0.00528207941478509,0.024393438202798323,-0.011859924762200047,-0.06355911625246147,0.003187506661126216,7.678871098754092e-05,0.00010104839453101144,0.014022770221269854,-0.0014584103184939745,-0.004613897776340525,-0.010079719324611658,0.006777688684672711,0.012304094463678084,0.0020508893806140405,-0.0226189219219059,-0.008308331165851501,0.010609283420013771,0.019786630950345274,-0.017042928675901403,0.006712370685534486,0.0012145560186229698,0.0,0.021423677198424473
-0.008676840950602394,0.0021887950383167043,-0.0006084755263376374,-0.004786567792320617,0.0034611164326146526,0.01833883405226716,-0.008471845554417046,-0.005487731295241549,-0.01865061373859933,0.0038489402784319116,0.01583757428577326,-1.1050253228006568e-06,0.0,0.036716801293571744,-0.008637718575270292,-0.005823677222259738,-0.0017437787405341632,-0.0064162306768364985,0.005214597921523623,0.00772474445453275,0.0028534352851298794,0.005980336863251445,-0.005713434493988256,-0.0026313523975591835,-0.001344191797622074,-0.0022238687406919144,-0.00016103113796900326,0.01946036026296022,0.029905633078679494,0.017002595381099495,0.006041699743996598,0.01821723664499658,0.018140051874709184,0.003424335379661525,0.014011717848867844,0.020971508908264214,0.01911806742771377,0.020387210006176493,-0.02471995436217722,0.05181753787582333,0.019358970183940893,-0.0048553847686292895,-0.01588511578229551,-0.03777895144741117,-0.004848636634028236,-0.0017659404612143104,0.015721259904572626,0.00022106762975282468,0.0,0.0004290603608636534,0.003984627628944082,-0.005266684022043333,-0.0035624464302176917,0.014687766104046096,-0.010601420617328994,0.020771282735714713,-0.0013568161078420515,-0.003918956823385056,0.0060403124499213146,-0.01241208621010731,0.00343328832046097,-0.0035375455483631635,-0.002314299606241632,0.03371543081931494,-0.015398580470648404,-0.00415935186904437,0.01746448878068807,0.006464467433362264,0.01982298133029281,0.010603352810294786,0.010599223603154906,0.01144371572093622,0.00025107078359681845,-0.01288975247870111,0.0039448110285535964,0.002955111832788515
-0.02156395456730864,0.0018980757857431363,0.005016417891705427,0.05249004204798052,0.05199578273976374,0.02044544925130437,0.08770175621524245,-0.022599852206187876,0.0016372007027245505,0.10373197481963858,0.009817710603859331,-0.02710332828431461,0.036716801293571744,0.0,-0.009886093960985887,-0.0007437174881359532,0.00016330824609334105,6.558019449953711e-05,0.004371855079274289,0.016381322499176676,0.01657424848860245,-0.0068060715903812685,-0.0077416762806903905,-0.013370004991149154,0.0016353241573174304,0.010105174192492128,0.012526066103571487,0.05746665453568961,0.04784564307228034,-0.006068675797275436,0.056718227517555675,-0.0038004373000039005,0.05408150415998475,0.03830145785361072,0.030345932087551653,0.024414016766414415,0.015100497946430785,-0.001491470182535648,0.013920559958538525,0.0,0.0036056676537721266,0.0005575983733911993,0.042889419860628886,3.498394010925665e-06,0.0,0.0,0.0,0.018831132131404638,0.0,0.03955521761784131,0.03493147401419727,0.019213809592131315,-0.01134067560355978,0.0252603109563731,0.0,0.012806979155140341,-0.0001117813620899466,0.032174969096349315,0.014899395899616141,1.1102230246251565e-16,0.0,0.0,0.0,0.032783136928206835,0.0,-1.1102230246251565e-16,0.0,0.007362024353811947,0.0,0.0,5.551115123125783e-17,0.025334257404567795,0.01319956818481599,1.1102230246251565e-16,0.0,5.551115123125783e-17
-0.017964589663504893,-0.0037226273981845193,0.013847015756343228,0.009722598170227859,0.006299565812810326,-0.004891677463281396,-0.011333624405831577,-0.022586771777008796,0.0006101989374293626,0.0016026279588736148,0.0,-0.008213653765081042,-0.008637718575270292,-0.009886093960985887,0.0,-0.0008494543606445415,-0.018319361282427282,0.0038574401069658704,-1.1102230246251565e-16,-0.008433381548963004,0.019703192239876155,0.02996513021295938,0.032765123744505076,-0.004344447981856181,-0.006074961098133935,0.004914243380215733,0.015261266073160529,0.004222471947626649,0.0038002728391193785,0.005280900100605779,-0.023541582841673014,-0.024210147531752158,0.005940041338287849,-0.010961863911096104,-0.02250106473247393,-0.011442987882707256,-0.020930717809006905,0.0001371216462705549,-0.05341667935426925,-0.012452710983869408,-0.019735475086885668,-0.05025114915229373,0.016452763076836463,-0.003258215456883262,0.0,0.007697273593577969,0.014173024061483852,-0.010669264046178073,0.0,0.0,-0.00883928572399939,0.018107044929417837,0.011241092595872526,0.004732128416831516,-5.551115123125783e-17,0.0,-0.009125997986516199,-0.0015932028914504848,1.992275481899064e-05,0.01795679843169723,0.0008120226335642244,-0.0006963946883533079,0.009271217679519439,0.0,-0.005875057036797748,-0.018176951908522976,-0.009029899459095603,0.00359070147294005,8.994839940751342e-05,-0.002485270046890531,-0.007983189388992507,-0.011622705089472829,-0.008446210567231771,-0.02268276418032289,-0.031104127433465023,-0.017278474526559284
0.009119030266363126,0.018188838637669014,-0.0012038013479504506,0.0010725131395618037,0.003809971050513783,0.004675509588010052,0.0009193015801838844,0.012433342455286822,-0.005115942733022738,0.00652730523609979,4.634762722532937e-05,0.005798811292006545,-0.005823677222259738,-0.0007437174881359532,-0.0008494543606445415,0.0,-0.0043365247763133,0.0013471803325389997,-0.00018847248452580345,-0.005785842168733513,0.008185903308022602,0.010944284846785779,0.006572456777515723,0.018706557445579586,0.028166648409504447,0.00857036066016198,-0.010955492339045081,-0.002644332528941473,0.00031926742575244527,0.0004893196462857352,-0.0011711917126736582,-0.006585760030286436,1.40375505526813e-05,-0.003143522196285775,-0.0012628112429216576,-0.019592203167192235,0.0021003302320191652,0.026878978954884447,-0.021822772086387054,0.023783208041081194,0.021435034489493854,0.001070456510485318,-2.5977752209249694e-05,0.0,0.0,0.025221700961488847,0.016101058149376235,0.0,0.0,0.0,0.04148953310773701,0.013102654547647141,0.01752109588509243,0.0,0.055894317631955015,0.0,0.05840566189888635,0.0029818224491034995,0.0,-0.01569352622798753,0.01569032838305351,0.01747874465977073,0.035425758616799086,0.0,-0.0031562203182089466,-0.019974349181831774,0.015115241715368488,0.017652006122734654,0.0077256983830091275,0.03019080391760892,0.020448731936695108,0.006592057063750267,0.019947485097408735,0.01042286799844494,-1.1102230246251565e-16,0.017076401974907063
0.016186567709066735,0.01572045012686807,0.013240825395580857,0.007721436585744035,-0.009130017761069253,0.01079740432816445,0.013032348493953239,0.0001587371378466984,-0.004698580457500212,0.01967502797569798,-0.005494540389560709,0.019786344444807036,-0.0017437787405341632,0.00016330824609334105,-0.018319361282427282,-0.0043365247763133,0.0,0.022928619042338616,0.001519003525636775,-0.003521767974209389,-0.004528769888877071,0.0013864817242657534,0.008413614860405316,0.025959940207949117,0.03461647593074685,0.027847169268727212,0.015466627051203607,-0.0033912587800659644,-0.00439982392895899,-0.010243747378300416,-0.018391185054604686,-0.004272550370578165,0.003032315604525937,-0.010956763625005972,0.005474428124900288,-0.009409360200540673,-7.203560538998621e-05,0.009473981937823228,-0.02479629899584085,-0.012753487240780736,0.020999483037191014,0.022100499200219392,-5.551115123125783e-17,0.0,-0.004401054962062945,0.01786980019272244,0.017451688043912006,0.0,0.0,0.0,0.0,0.0,0.0,0.0,0.061043991694662514,0.0,0.056412825814240675,0.009286437765092304,0.0,0.00029019390375861764,0.01153888994634572,0.04390010545465256,0.034976897668886286,0.0,1.1102230246251565e-16,0.0,0.02428703115268338,0.0,0.033591999059225386,0.04184860047568295,0.043815920340431636,0.0,-0.0012262849948782018,-0.0001565567010320401,0.0,0.030597222506308253
0.017664570346229702,0.01632966730735197,-0.041397437955568106,5.949338281047156e-05,0.0018018275447458931,-0.014851400936392978,-0.002615656654489429,0.02365774038759544,0.012888933091563692,0.011789796343031622,-0.008195842177342816,0.025211087665446552,-0.0064162306768364985,6.558019449953711e-05,0.0038574401069658704,0.0013471803325389997,0.022928619042338616,0.0,-0.010371885478889065,-0.0032917874765301947,0.008989496112534134,0.009492119765588558,-0.004697331198114496,0.03929923172351624,0.024851802082375696,0.01919253431099205,-0.011503105632152621,-0.005330161172954373,-0.0012239269895366056,0.05950674828815106,-0.008817764335929512,-0.0058814050422100195,0.010783570395643316,-0.007567942034052866,0.005204221348157956,-0.03194969987276647,-0.00012005706156448248,0.01806223715460953,-0.01546803307565553,0.013562094916243994,0.004231004204559574,-0.0011757769504309734,0.0,0.0,0.021805404357060965,0.02320488409844229,0.021969630865094625,0.0,0.0,0.0,0.007126548637325036,-0.0005063191694034685,-0.00033892343642111245,0.0,0.06920407256033961,0.0,0.05937526234967533,-0.0022431763914232405,0.0,0.004947404005070932,0.02116278991701359,0.05334184372255446,0.03697622362122843,0.0,0.021286198046431393,-0.004316809199278793,0.020970514337192547,0.011353003477809764,0.04494154107158388,0.03486370387420956,0.0377623292849511,-0.005412519956549566,0.0007600524652722762,0.009681560837553393,0.0,0.017025583378808384
0.0,0.016664650829706695,-0.0001669680947340435,0.01644346338124464,0.028130421994520205,0.018347397738825877,0.01135408907939739,0.004850826816575893,0.004310939287078375,0.00485004969092212,-0.014920974659105135,-0.005518319499437374,0.005214597921523623,0.004371855079274289,-1.1102230246251565e-16,-0.00018847248452580345,0.001519003525636775,-0.010371885478889065,0.0,0.0004722191960843114,0.04044803697666882,0.014085288866808876,-0.028965701197262717,0.0038281891109299693,-0.006995256365933733,0.01795129409007612,-0.03407751366305739,0.008795888923390172,-0.0019095334368677275,0.012845782036291276,0.007977654371175591,-0.002595100983355969,-0.04118017308930755,-0.0029949319770837812,0.005068758033068221,0.011515636150922659,0.014375260271685397,0.004726789859734182,0.018567867884679012,7.998085631133467e-05,0.035871075685404374,-0.0448305665753555,0.05708025450333104,-0.036459940298491755,-0.0004811718803934273,0.0,0.0,0.027698723478528864,-5.551115123125783e-17,0.04392512176087687,0.030260942109985756,0.004350550830823918,0.017056527491942752,0.02037686831249874,-0.00012121173378520922,0.07988436449213626,0.0015569384155514343,0.0036319871807687365,0.01427526289396891,2.220446049250313e-16,0.0,0.0,0.0,0.011386163475562427,-0.00013476498573078421,0.0,7.758479816721842e-05,0.01603567982080145,0.0,0.0,-5.551115123125783e-17,0.0055555888592689895,0.002776724181116852,-0.006425717517917706,-0.0004646101390904933,-0.018288704364290198
0.003346392158004252,0.003803360388620114,-0.008651615202648955,-0.01019934700295766,0.0005733100083648579,0.005916700211552495,0.013331237848202282,-0.0011824127754302416,0.007702213931397028,0.01723912086297469,-4.40147105472688e-05,-4.603904202288289e-05,0.00772474445453275,0.016381322499176676,-0.008433381548963004,-0.005785842168733513,-0.003521767974209389,-0.0032917874765301947,0.0004722191960843114,0.0,-0.003351001539129872,-0.001908327598167392,-0.012008594577605891,0.03353323450108503,-0.010786300580132302,0.0012645575674937182,0.002071179699815018,-0.004604557332112791,0.0037208613690074555,-0.05163733496392653,-0.04050691589843475,-0.038550192627101965,-0.01203050937400113,-0.03059628803309916,-0.03463777466887097,-0.008047192960554062,-0.018374471641521173,0.03901440027060449,-0.06391477613074642,-0.021660521389420484,-0.031115716225381396,-0.049289886193128796,-0.003991863109076621,-0.02426010723921307,-0.00041468261564864273,-0.01577022185044169,0.015584069343829166,0.011935394632674512,0.0,0.0,-0.008651661917133346,-0.005999507879716814,-0.026441977421808094,0.005343154382847881,0.0001037254651701236,1.1102230246251565e-16,-0.0069360900786139545,-0.012146120873954835,-1.1102230246251565e-16,-0.0262601508029206,0.005670779070943821,4.132499729503358e-05,0.013119650609808353,0.0,-0.03498693339806841,-0.037098661058978466,-0.02918097569935585,-0.01298647631694605,0.0,0.0007559490164582017,-0.006643765253540712,-0.016481790553769415,-0.019740865467750834,-0.027737478669847215,-0.040011714389906694,-0.03622243102830275
-0.04693821414819277,0.018092493525252662,0.027886450024997456,0.0014449881547908272,-0.0072167096670918696,0.00889686754688801,-0.0007159147642106234,0.03302482529461909,0.010556011575702073,-0.017205778125980453,0.043673041260648915,-0.005983207827880643,0.0028534352851298794,0.01657424848860245,0.019703192239876155,0.008185903308022602,-0.004528769888877071,0.008989496112534134,0.04044803697666882,-0.003351001539129872,0.0,0.0018161100787883466,0.03168673762549412,-0.031100518762430696,0.018763436863475647,0.008035449903692649,0.011644066622288063,0.011335701923755659,0.00030285300029442297,0.0018053109319786653,-0.032697059307282506,-0.027000368500241123,0.015859685321536088,-0.007087081377951221,-0.01895326023057259,-0.010500775891796932,-0.006386148916915357,-0.006292132827698582,-0.0510492308950935,0.02990019732115551,-0.008794077199920092,-0.024209840615947942,-0.011075059271153376,0.0,0.0,-0.04328526019148887,0.017065164513104747,-0.004166042288874294,0.0,0.0,-0.004483556802070521,-0.0038367623625993885,-0.14901467697167395,0.009662364178944671,0.00033593303709228417,0.0,0.002457925199271238,-0.014086430553830909,5.551115123125783e-17,-0.012363720306592108,-0.001255351538076599,0.0,0.0009312303406372457,0.0,-0.025415986966372595,-0.006052281073453458,-0.0023478872132959294,0.0007224454579771722,0.001568390810681719,0.019638352244621127,-0.0030998612152212113,-0.003451850047677285,-0.02088130529756488,-0.01745969148252763,-0.03948021528611351,-0.022593190048266376
0.010157225342651177,0.014064495032199753,-0.011935062617516146,-0.016755519224459114,0.029585163978030682,0.011632663453102432,0.012821841036379122,0.0003486427185266372,0.0081525309056254,0.012635412735282792,0.004703140713806286,-0.003069520084442612,0.005980336863251445,-0.0068060715903812685,0.02996513021295938,0.010944284846785779,0.0013864817242657534,0.009492119765588558,0.014085288866808876,-0.001908327598167392,0.0018161100787883466,0.0,0.0002107460355530999,0.018887502508479148,0.013476581660801512,0.0008150974816877876,-0.008971312861093872,0.000693196688924036,0.005971454734436166,-0.04720674624795712,-0.02718613731152353,-0.03765561824466834,0.0012464016570642444,-0.024812736024429405,-0.035415815597094946,-0.016857717230255642,-0.013199965554429594,0.0043038038426488345,-0.04166672956785056,0.012078396688202486,0.0026708202948885207,-0.03237688861190935,0.019861051927861306,-0.0005816262282122842,-0.0003020857019037648,0.009257220246105147,0.020185217573973624,0.009731180645043191,-1.0955278620716769e-05,-5.002324774355804e-05,-0.009368883432235242,0.0068052610323152685,0.01141197654712206,0.006225007984299258,-0.0028830937525320954,0.0,-0.00014202087806119978,0.002504526597923773,0.0,-0.014631558700160252,0.024666364533038387,0.02233721693333407,0.04669803193372818,0.0,-0.017588731349103492,-0.01708459983030497,-0.004313452327485756,-0.006141219189054692,-0.012219203506873777,0.015280155922911098,0.002265897793158722,-0.017713736930629442,0.0029223024726011126,-0.013187621484809897,0.010934397070349045,0.0007887708529725201
-0.004708131497670076,-0.006143127669619108,0.008980068063939362,0.005932776876298007,0.017222112222135322,0.019131027927450917,-0.0036621956006813727,0.026987502754478365,0.020907929937040493,-0.0013269364384874693,-0.022425408420670534,0.011016249974587389,-0.005713434493988256,-0.0077416762806903905,0.032765123744505076,0.006572456777515723,0.008413614860405316,-0.004697331198114496,-0.028965701197262717,-0.012008594577605891,0.03168673762549412,0.0002107460355530999,0.0,-0.00473739226371922,-0.02066362189464943,0.011964623819400777,0.012977499756112287,0.0005566069696771869,0.0069586982687195875,-0.005174751407917677,-0.0007525083842196412,-0.004930899569421887,-0.011730054521842448,0.0012467639633443328,0.0021628681458150667,0.017532806942515966,-0.0007794135505839739,-0.00010410422606799141,-0.00858620628356871,-0.013120645770458905,0.010085614860076197,0.00560458583754897,0.027618168111073926,-0.04859093915069673,-0.006904085714473429,-0.008994773946808976,-0.011692047380169157,-0.14956996264356076,0.00657473646640544,-0.017770518249587086,0.0007211108990516912,-0.002994060461708581,0.006159111843910603,-0.0022289850702229552,0.0075524087586268385,-0.05053895074865944,0.06928935655169949,-0.00559081581580384,-0.039469501869521306,0.006282484446938963,-0.00021812089587314176,-0.00010052762620005318,0.004358418600311609,-0.2063919588356481,-0.0043342870159709945,0.007332015549577409,-0.013893901852775836,0.020504144732493845,-0.0003874134562641407,-0.005767928623003793,-0.0119416872563059,0.015621738782359396,-0.0025373746819067344,-0.0002958573036294654,-0.014083064078146468,-0.002119623146677352
-0.020934293475836918,0.026759044596921855,0.04098319935432909,0.004320283237100986,-0.008058843305666696,0.03948260977318924,-0.0006356171875890326,-0.0020361996619667755,0.012153319012593755,-0.0034767565299262393,0.006280475095679472,-0.0038838377679412672,-0.0026313523975591835,-0.013370004991149154,-0.004344447981856181,0.018706557445579586,0.025959940207949117,0.03929923172351624,0.0038281891109299693,0.03353323450108503,-0.031100518762430696,0.018887502508479148,-0.00473739226371922,0.0,0.04700329106123796,0.022879456075333704,0.004135030186011801,0.012162788469892993,0.013236883256448284,-0.006765598223099023,-0.012611882057444401,0.010703045330379968,-0.020573740903714194,-0.02320075253419107,0.009899909950134123,0.019748584943042602,-0.002036229935448719,-0.03541359828301541,-0.22663857683022354,-0.00501293449721768,-0.01987090935885316,-0.02320308663142412,0.008314581396235754,-0.004806118850637475,0.019950190499696263,0.028118997351879838,0.025766088217679395,0.0,-5.551115123125783e-17,0.0003970657066055816,-0.001958639134696183,0.00034024644006092064,-1.6653345369377348e-16,-0.000707338539039537,0.03460752506161413,-0.0005203573256775673,-0.01352436739496049,-0.0025028404379101588,0.0,0.0013178451169948424,0.0641225980244648,0.045301791881860454,0.03684388608331479,-4.8387451813070026e-05,0.0012085284194992552,-0.014293131435441697,0.014734271456143533,0.0012600162387602087,-0.019013098699699194,0.04694590984810809,0.03547573974940055,0.0004651219306900378,-0.013706558661776336,0.00811621750648922,0.0,-0.019941903718422582
0.0256711075205438,0.030112671410748915,-0.0389293016601584,0.0002705160771517834,0.0007543662519454153,-0.01861243752214864,-0.0035710428562583107,0.02381133131305585,0.008561549294405058,0.02448538925378957,-0.00029544479322102246,0.03876242761462295,-0.001344191797622074,0.0016353241573174304,-0.006074961098133935,0.028166648409504447,0.03461647593074685,0.024851802082375696,-0.006995256365933733,-0.010786300580132302,0.018763436863475647,0.013476581660801512,-0.02066362189464943,0.04700329106123796,0.0,0.0174034628563961,-0.02827087814724205,0.0018273980655335587,-0.012363749851116712,0.019778075536265427,0.007830194574205362,-0.005479874410938446,0.018408401150216802,0.006427098287993982,0.021390564616657393,-0.0715805989616804,0.0028510853766433586,0.006161707590158716,-0.005113053800906486,0.04096845608535543,0.02973702916288845,0.03531933722552266,-0.003964320647651842,-5.551115123125783e-17,-0.001028004418229922,0.03788169338952574,0.03369480321177293,5.551115123125783e-17,0.0,2.220446049250313e-16,0.027145443383993606,0.009236683582800942,0.030636691600661514,0.00028543159527610884,0.0625117733069192,5.522297258614417e-05,0.05524246871672228,0.009570310681826566,0.0,0.005183308657307817,0.03338829653603104,0.05438926511359127,0.046286046922706436,0.0,0.025920367371495945,0.024104616176446825,0.030020055471374818,0.0040464187194889645,0.04401448386907297,0.04323018897761005,0.04225521154872908,0.006633420167169279,0.03586559218125046,0.02770072295287479,0.0,0.023530322900561784
0.019704770054711385,0.013659410567227526,0.03749190622719056,0.002240339303765937,-0.022480825414819328,-0.02210826334094157,-0.0075677684621441865,0.022449131890978635,-0.023336030058754897,0.009854132702198704,0.009756094075296595,0.018160115055684045,-0.0022238687406919144,0.010105174192492128,0.004914243380215733,0.00857036066016198,0.027847169268727212,0.01919253431099205,0.01795129409007612,0.0012645575674937182,0.008035449903692649,0.0008150974816877876,0.011964623819400777,0.022879456075333704,0.0174034628563961,0.0,-0.01113128600118779,0.002915790702723353,-0.0005263241924644557,-0.010548279774239222,0.0014112632011762383,-0.012772995429013556,0.023235533542900644,0.005379913011240911,-0.0017925462666253944,-0.10083175030137376,-0.007646730271360591,0.029239198498186236,-0.022341671831150156,0.03988786552430895,0.026690170375035127,0.027511213317183425,0.02512538340153314,0.00010034774304756855,-0.001671092739938873,0.03059677914385389,0.017249187134892985,0.01634810956174948,0.0,-2.986294001866563e-05,0.009724315142060735,0.00950095314795174,0.014136633546380395,0.020902383549043113,0.058138652554014236,0.0,0.05468759996102629,0.040709169296914816,0.0,-0.003033374415441048,0.023229225105991236,0.05791357044863654,0.052735320662120944,0.0,-0.005321170631082395,-0.02451811074333654,0.0057658208221458285,-0.015234545720303472,0.04301212729140935,0.04606912591899104,0.03212551906808159,-0.01075060744089068,0.025561536077907232,0.012276495230463147,-6.212102632807692e-05,0.02200417176312408
