0.0,0.6873599696891216,0.15586785377813117,0.0,0.6672979630084144,0.5489828171689694,0.441669904518396,0.5229759766881624,0.6371671258663814,0.42996111993115615,0.5290444515781692,0.5505573747970449,0.8010470963315144,0.3956031173106281,0.4423794443851,0.5807891018212874,0.5071802925366292,0.6298627304966159,0.0,0.5110337015675095,0.3423753869774923,0.4971136223248997,0.5655043188339123,0.515886794201774,0.6032635260232064,0.5944379085463423,0.5470195937363515,0.7592066382287266,0.6894792626792451,0.36992410111321805,0.4610163802096462,0.4811869949152922,0.4541175800401781,0.2774393386570386,0.2294352386415888,0.6800369006485019,0.5075902320644768,0.5212666256567785,0.7390919663330677,0.9156348138890605,0.7897614543556686,0.49081287504331994,0.5173017060956595,0.0,0.41773167685162393,0.32516619586356177,0.7917602974500099,0.0,0.0,0.0,0.77088208025272,0.0,0.5895021027870597,0.0,0.520019288324008,0.0,0.5185493750211441,0.8442867057614212,0.0,0.8313072342734046,0.8392870182501744,0.6186436157448779,0.8624767465354579,0.0,0.5498931652091024,0.2583397290857279,0.8621006277829519,0.36957426501943696,0.468860859232372,0.7765430967446052,0.6400942751024928,0.5414663971158742,0.44048702474061796,0.6852596423446866,0.0,0.5845705703522841
0.6873599696891216,0.0,0.8509873240954062,0.3962336053752626,0.4061056284714769,0.6554605749466398,0.551505321663539,0.8111667675322807,0.5534363232682845,0.4028475194536609,0.5136463391796683,0.543574710651334,0.5836009544867087,0.2996360032380792,0.7111485283806116,0.48830864689875064,0.7523913662769302,0.60409100898923,0.7493780019119892,0.6105908966746865,0.7658055818050216,0.7752418351548154,0.7824384707462386,0.5718008079234205,0.49396054473284734,0.5015770254810965,0.7565913127495546,0.6526266600847781,0.5401874753145799,0.5747100076201058,0.4786747187164647,0.33639440053689246,0.42344817186814904,0.38276187363724196,0.44070591448340235,0.6345167082658179,0.053099979463067465,0.0,0.7849160647357947,0.906054075002482,0.7595984344597917,0.8209258665556705,0.6139588513733152,0.0,0.0,0.7101908284216378,0.9522809335963157,0.03210063082150144,0.0,0.0,0.9085225458229217,0.952205524704145,0.6247134643342361,0.8294719913571794,0.7026908408092847,0.0,0.4358054544136087,0.9023602687285472,0.0,0.7103280496434187,0.8987625664900234,0.5685703663141707,0.9036060584327283,0.0,0.753837255295166,0.9704321237744595,0.9138131040147379,0.6621411324450488,0.47467551101881156,0.8534687358727855,0.8408858435362301,0.7303878929077704,0.8456799486950022,0.8521026724916012,0.0,0.9524504322954853
0.15586785377813117,0.8509873240954062,0.0,0.5354771192923111,0.4938805595875162,0.512273837258418,0.5523786010414601,0.634618864574311,0.3002801553961293,0.5407520222495533,0.6248871577359492,0.4874721480653472,0.6613182958066546,0.64237876125038,0.5029488048412116,0.4614301996197605,0.6187581719873385,0.55713382243159,0.27069894619860696,0.4287227771740926,0.7177704150458271,0.7891230455569189,0.5678267202496574,0.5721144729461712,0.5876905129098225,0.6321118648609271,0.22342043954689056,0.6698673996417585,0.7598601265312286,0.7817665770091902,0.6717959246349197,0.6746834881633841,0.5585461032431123,0.7239904696354945,0.6022902723012074,0.6345638861622496,0.49872098288063893,0.5730560644153122,0.7691444241947147,0.4724511172085152,0.5179117965280271,0.7436835534493034,0.5629355558776382,0.4404182220771605,0.0,0.0,0.4252264999563664,0.42168616479958765,0.5094533461999525,0.6673024737149361,0.6350685810296051,0.6333043667218681,0.5886297781612246,0.39465652342736124,0.45123055568138326,0.8885226206601431,0.6970900444021881,0.6901391029787789,0.5404380781347883,0.39851256154508335,0.0,0.0,0.0,0.8638919010701605,0.7607620212631865,0.5312233874734305,0.286913124476724,0.6887968396287429,0.0,0.5878553660650372,0.649654018467786,0.600829521841151,0.5956812491364007,0.623225990984631,0.5505647320942341,0.3873802024271946
0.0,0.3962336053752626,0.5354771192923111,0.0,0.3838164943883766,0.713372781957904,0.4148333165786584,0.7607924674925258,0.6565690983483861,0.37674197730868747,0.47810261818652233,0.09959127770661799,0.6087418066478166,0.6214959089122871,0.6487540143416732,0.3161092667943639,0.5082051802793701,0.5149415696895263,0.5198451563270332,0.50605224348347,-0.16258010712739276,0.3708263529043566,0.722843681810801,0.3973912902432646,0.8589278459208765,0.6422605539779276,0.6910365658537112,0.40483097258350365,0.2913893172281424,0.6090066651201154,0.4703927151372302,0.37931536513032493,0.36591564454983017,0.5065546492115026,0.3772886183292314,0.3803809447786133,0.28696028039083016,0.38263657061388257,0.18067673702331183,0.3786064083143742,0.4650210900037275,0.2861234348601289,0.6394623103818469,0.2972920766684397,0.0,0.0,0.0,0.4504265203804895,0.0,0.0,0.6739091210906107,0.0,0.49373572991067655,0.3385699333604387,0.0,0.49009847943418683,0.6412874274415064,0.4985086565424485,0.0,0.0,0.0,0.0,0.0,0.0,0.0,0.0,0.5046639370862744,0.6589645124806276,0.0,0.0,0.0,0.5472928576559766,0.43699039145561264,0.6703165199150214,0.0,0.0
0.6672979630084144,0.4061056284714769,0.4938805595875162,0.3838164943883766,0.0,0.4314193013766283,0.2580266885489871,0.42150603922663865,0.4155653708805764,0.6371348651798934,0.33579617286749225,0.22598454400241852,0.6148446364659443,0.39145695722515694,0.5750341470596237,0.5517933717798911,0.6269163727393655,0.5736476086308788,0.4817690451768032,0.5791112315744656,0.4510641400196247,0.47591984376897545,0.45932500089374945,0.5380572742716834,0.48103874252259127,0.510763657945661,0.5369970323215747,0.43341650557257466,0.646205939811543,0.487471633048949,0.6664419934335813,0.3327811535529699,0.44415686878161886,0.6265175213023619,0.5351281197861493,0.299439095966657,0.16783114205363628,0.5260392482712468,0.2947754924888585,0.4382085732364782,0.48643916523531494,0.629625311976803,0.42414904438876405,0.6177490714420211,0.3638900035640229,0.0,0.31174606458822646,0.29622914413384865,0.0,0.20619595736665974,0.6142804606867918,0.3446781844537089,0.49202817114231917,0.1765459391558366,0.0,0.30054473776916024,0.3971502079744107,0.5207953258517639,0.3939359869243413,0.4259152589464432,0.48450125137661837,0.0,0.0,0.35119980844691523,0.580160343552943,0.5018926748230025,0.7939217002959037,0.555462090861207,0.0,0.47177331675864975,0.6302275774688453,0.4260070870178601,0.23594845614628407,0.4530722721048682,0.0,0.584526742001767
0.5489828171689694,0.6554605749466398,0.512273837258418,0.713372781957904,0.4314193013766283,0.0,0.5198729108538209,0.7937667841858762,0.44724844463084157,0.6819339247322307,0.6356306725158996,0.9067237505987293,0.6037705051796816,0.6652983993369399,0.8426073970677888,0.6500567935511383,0.2654425632676438,0.5576755711598237,0.7849764260077958,0.5772419362119086,0.8116353966285361,0.5630720456294382,0.7187766989812256,0.5309508089292334,0.6621911073081682,0.7739204298230367,0.6954879671242359,0.7230710338632309,0.500672538657469,0.9130793495635692,0.7500258936151611,0.655520170854772,0.734631735721915,0.6417658958588235,0.608690631398078,0.8731986780072075,0.7198263098829063,0.6764118987110737,0.7375482037012344,0.6417166347217755,0.5989211841619145,0.8795326409016178,0.6324689272526318,0.8849295502272183,0.2430527531821772,0.5816980479968488,0.799782342268128,0.6691428901571772,1.0357953756500313,0.5158060893050246,0.787910387715792,0.7615112714910004,0.8486689582547203,0.7014843981727585,0.46853947408597657,0.633805894636681,0.4569435620181105,0.7965246338571448,0.7950431205105255,0.6734863811525122,0.78610272001239,0.0,0.6210784602440669,0.6883466836687652,0.6324397430325908,0.562132419407203,0.877385050163011,0.7963076645942146,0.5439371224159284,0.6588379234254429,0.7185961811866616,0.8326499302521193,0.6436824153494906,0.6887655539677451,0.5793665566296544,0.6142512644825935
0.441669904518396,0.551505321663539,0.5523786010414601,0.4148333165786584,0.2580266885489871,0.5198729108538209,0.0,0.49726255653930673,0.5610055272721418,0.6525347565681667,0.5571447101853544,0.43660643545037225,0.7952848774360474,0.2398662646246434,0.5646344695103307,0.6342180282115888,0.44863333217995055,0.6089773359554334,0.5868933892308041,0.5621989743447516,0.6025829169881116,0.5805912780007529,0.6418346222803433,0.6466172011594189,0.5884346906831437,0.5766751775039977,0.5961341767805257,0.7225031278573251,0.5416428140461195,0.5504853727072634,0.6129302085601142,0.5809055350343906,0.5107696185273227,0.5562046526682826,0.43605645886318267,0.4367767456446699,0.5145585305188658,0.777422039706962,0.7483736746598797,0.3287826924018122,0.5964939172006224,0.7536967765971536,0.4672998816684882,0.5074898698164538,0.3860851140989163,0.0,0.5779366765706098,0.4317682459490575,0.0,0.5456867513334608,0.6839002717153577,0.6718022202161438,0.6088600861695039,0.6131981081056149,0.6593381000766325,0.48249926041750346,0.6435202912418452,0.6304300541241421,0.6122485838090526,0.36244980128524273,0.5595448086631105,0.0,0.49548816686984437,0.6326085689194825,0.6780188943554541,0.7133777243078226,0.963219026903139,0.7130209226018422,0.5040312508287188,0.6820248747148516,0.874798644301095,0.7344519387762123,0.6294329478506197,0.5583412347304437,0.6502334967345794,0.5353434234772154
0.5229759766881624,0.8111667675322807,0.634618864574311,0.7607924674925258,0.42150603922663865,0.7937667841858762,0.49726255653930673,0.0,0.6518204879060783,0.5829647129354878,0.5428096189490749,0.6683043333261788,0.6252642455669319,0.9065856392420264,0.8046059744504005,0.8234524847512011,0.4632457269026386,0.4662876612165263,0.5122155715660073,0.4150056191242454,0.5257838775167565,0.7274457889121466,0.4268786595311725,0.4431315441751872,0.7718711694694875,0.6014907370989346,0.5730962428537554,0.5997072697149816,0.6075006708061533,0.6170579029792318,0.6161685715971388,0.5545503112389564,0.6591393828805265,0.59568707772987,0.506604400847124,0.7698165113027857,0.18039630599751755,0.5949582207257572,0.7101603682483912,0.5875934997106924,0.42531811370930384,0.5308710616918255,0.6460469011897516,0.5807664228525435,0.0,0.6686495276135457,0.4409830594683767,0.6635078383160445,0.0,0.6606901683803057,0.8155103490802387,0.7163119642886302,0.9067651631093396,0.6366518653274146,0.7064179677342194,0.6345249447087808,0.9941186274077931,0.6751316964420567,0.7113218894568656,0.6572340146479543,0.580232697658499,0.0,0.6090373178399511,0.8312490326052486,0.5725512170547142,0.6633841266018716,0.481401776449762,0.8354742208571582,0.0,0.5155372561094347,0.40149616217472783,0.8268276959679421,0.6239441371988985,0.6460847995189034,0.494994474076455,0.5008511004716689
0.6371671258663814,0.5534363232682845,0.3002801553961293,0.6565690983483861,0.4155653708805764,0.44724844463084157,0.5610055272721418,0.6518204879060783,0.0,0.713054130658331,0.42423598195017165,0.6719823370450749,0.6373758106248684,0.5744395220259174,1.0541459866692222,0.6230212168175112,0.5036890479912325,0.44326909939059334,0.32868417808104056,0.6437016033437668,0.6915186621263971,0.7039603030866497,0.6767717513796797,0.712913458315902,0.6141525962674753,0.6430735328524475,0.38245285644781213,0.7359247859582859,0.561909127243148,0.7755179722617735,0.7397823731257898,0.8303876045320355,0.6686998504359416,0.7892223919675538,0.7751322137706387,0.5736182796962811,0.7240785391210864,0.8193293613190974,0.733156244295748,0.5286134771083992,0.5952752583860771,0.6345417623220189,0.5458611377697294,0.3977622328676117,0.4859925829757179,0.0,0.638753488171413,0.6450709619998092,0.4871066387905406,0.7646938423424736,0.7227244278299747,0.7587112727215499,0.5901956794913279,0.5918138926110328,0.4902130573088964,0.6427514115894464,0.4233757730449035,0.6541996858439583,0.6030381888416451,0.6801393562885704,0.682742776350258,0.0,0.0,0.659767938036073,0.8311439012480906,0.5958028652118079,1.0809462632423354,0.6952552598671152,0.44682099053274404,0.4593344926198865,0.4652632339201418,0.6597070185720857,0.5819827165060012,0.6799893454516324,0.5779285155924467,0.6880499026273232
0.42996111993115615,0.4028475194536609,0.5407520222495533,0.37674197730868747,0.6371348651798934,0.6819339247322307,0.6525347565681667,0.5829647129354878,0.713054130658331,0.0,0.5991503411640076,0.39305364197655274,0.6384866185012079,0.6520734766941314,0.46876378790576867,0.5045335037210342,0.5421514762251864,0.4802474442285204,0.5743537661364031,-0.020613201678119697,0.7046246007397454,0.5051840519946167,0.5313421311312367,0.3489788736302672,0.6587321415365371,0.5717246141217137,0.5344297101736402,0.6620834416941415,0.6650898474638148,0.4231060742371011,0.5115844085351638,0.21696088087530696,0.50511549404867,0.5055702468548068,0.47548058749439714,0.4851439211371922,0.60454571654474,0.47820774249890674,0.3548926150060765,0.5789464994440419,0.8298892473930655,0.5989213672037387,0.5676481473535109,0.39297930126930086,0.47752831851514466,0.6109048563553716,0.4839804416328759,0.3785684441120366,0.4772856062762916,0.5028382498248414,0.4672292185235607,0.39578040939042547,0.7603386201870524,0.46747150523446734,0.651030964864451,0.4039039954869158,0.6055408439475161,0.7247569444060458,0.0,0.6617983292943608,0.6470976929728995,0.67068810033646,0.6642398464632786,0.49256367595630896,0.508499385687393,0.5596488230696093,0.30185536384865785,0.5978864161299369,0.4052315792738159,0.6838590870714352,0.5868033329257761,0.6163374224100747,0.46552068485544085,0.3280415684655009,0.0,0.6864972785801244
0.5290444515781692,0.5136463391796683,0.6248871577359492,0.47810261818652233,0.33579617286749225,0.6356306725158996,0.5571447101853544,0.5428096189490749,0.42423598195017165,0.5991503411640076,0.0,0.46225987084757286,0.6130070936444709,0.5607907876700291,0.0,0.5055135505882222,0.4681206673759494,0.5592162106591088,0.3312507354521078,0.4847968474590225,0.4254263160969034,0.48428665660468706,0.39535167934802756,0.615090387857691,0.5835028020214844,0.6137146298953297,0.5131949392263282,0.6078554345960503,0.48934132544140585,0.5016364743340798,0.5819850919755412,0.7057753968071144,0.5725420825743054,0.6406806676252454,0.6171975303242461,0.603585786284486,0.5615278698013104,0.6131697761668926,0.7474626205138389,0.4898371210941251,0.6844345077375895,0.40357164888114944,0.5181967197800877,0.5683865948851561,0.27329860191852096,0.0,0.0,0.7368181503094485,0.4751633290375217,0.6472368327654168,0.6507353047298845,0.6706874730204249,0.6368741150138482,0.6838812362725146,0.4366322221440232,0.570636703116921,0.418779688220671,0.831270459867726,0.5907680528678863,0.0,0.0,0.0,0.0,0.5112738019092675,0.5832934992320158,0.0,0.5829248351603857,0.7065480586939694,0.0,0.0,0.9253217152092439,0.6430318347735786,0.56583500176043,-0.08150140911206402,0.0,0.7671886943328746
0.5505573747970449,0.543574710651334,0.4874721480653472,0.09959127770661799,0.22598454400241852,0.9067237505987293,0.43660643545037225,0.6683043333261788,0.6719823370450749,0.39305364197655274,0.46225987084757286,0.0,0.5499130995584139,-0.13127061539499696,0.4112603638600809,0.6939933463038597,0.780930767300217,0.7848245147744113,0.6501268796575873,0.5863029148061536,0.5138357847115894,0.4879383304027539,0.4735664844440438,0.18817370521108231,0.5612392879050263,0.461157599198856,0.6639607193264853,0.5628815628720258,0.7076973115645149,0.3994332902077409,0.38351050646558793,0.3086115465069389,0.5873284548656391,0.253770233291622,0.4451758631689773,0.1476861945469994,0.2568681161677996,0.14974623971425555,0.646257107609219,0.5337777286830037,0.7110135662982702,0.35953295630270177,0.36809428761517743,0.406914935681739,0.3856854973433729,0.5260316664791359,0.6190080476264994,0.4261615749412062,0.26626918226718765,0.24259739212997328,0.3752811393514551,0.5325070179856649,0.37648945697300507,0.47824343107152223,0.7115015838709555,0.4276568105141716,0.6837118512329873,0.5779060744629008,0.5647705621028054,0.5742810550075602,0.49501040669700547,0.7093908444174677,0.8439904830432434,0.334416386832329,0.9117525292502116,0.8661486620279607,0.5884527557818211,0.473808348393504,0.41790688146619936,0.7363955698660984,0.5982694267239415,0.4608634275062482,0.6703301865687337,1.1592196363118978,0.0,0.7607213635044685
0.8010470963315144,0.5836009544867087,0.6613182958066546,0.6087418066478166,0.6148446364659443,0.6037705051796816,0.7952848774360474,0.6252642455669319,0.6373758106248684,0.6384866185012079,0.6130070936444709,0.5499130995584139,0.0,0.4599677067589939,0.6495206558226829,0.6845899850749197,0.5029311737913114,0.7188222428646784,0.6710507972254379,0.6540609942514948,0.6246154305797045,0.6324123404629329,0.7048043867624678,0.5617229765633087,0.716196108499362,0.6079920601049126,0.6992382903920183,0.6566539532053899,0.6476109572733011,0.5646371524584971,0.574673616130112,0.7030726974253056,0.5318648217460413,0.5928214913075855,0.5890882110683395,0.5725947026057678,0.7210278813308618,0.7457355706942921,0.6868807609997233,0.513969394047224,0.47936750926837934,0.5732196722921229,0.627337727952778,0.32495918465684087,0.5534522119057534,0.6512159028172086,0.816083399157288,0.6218053965138306,0.0,0.6877503584158147,0.766448943804034,0.6853099621985714,0.6695494196548766,0.6571982101339011,0.5526117505820307,0.4401683547584959,0.6567261718096594,0.7577143857923342,0.6709581354596481,0.43713020595009117,0.5717783130371226,0.469686662747347,0.6778915933080438,0.6344598036694502,0.5867987775838424,0.7040052390210667,0.8585231968183733,0.7469019659841812,0.6236391401341591,0.6836736825206491,0.7719637337186037,0.7873580183180175,0.6666756783576717,0.5765634238066903,0.44685676133611957,0.601236932582727
0.3956031173106281,0.2996360032380792,0.64237876125038,0.6214959089122871,0.39145695722515694,0.6652983993369399,0.2398662646246434,0.9065856392420264,0.5744395220259174,0.6520734766941314,0.5607907876700291,-0.13127061539499696,0.4599677067589939,0.0,0.39169160988335466,0.5664358300453927,0.5034226560940364,0.49431872789510467,0.5442785429051721,0.3579854949967638,0.556340959150675,0.24077882692927122,0.6674502179417967,0.6576087876890977,0.4593570429456621,0.40372595323367555,0.6023241001499049,0.5474488486330487,0.47445067097131954,0.524502584139979,0.5073899303989656,0.35749616334206863,0.33997183913833123,0.8304468695328715,0.49668786943597687,0.47169681826728876,0.36197531388601445,0.3003887607452665,0.802579587721033,0.0,0.6855861073378676,0.6914120621293833,0.6974434588864545,0.5090616261407714,0.0,0.0,0.0,0.383742275276746,0.0,0.6394093892510122,0.4159631434016025,0.5013106172213934,0.6635174808345559,0.4420335531858432,0.0,0.4771795452658455,0.396269409996056,0.9440405954232045,0.40661742801531187,0.0,0.0,0.0,0.0,0.41966149716111434,0.0,0.0,0.0,0.6256751662994262,0.0,0.0,0.0,0.4252408915011581,0.8079137556434308,0.0,0.0,0.0
0.4423794443851,0.7111485283806116,0.5029488048412116,0.6487540143416732,0.5750341470596237,0.8426073970677888,0.5646344695103307,0.8046059744504005,1.0541459866692222,0.46876378790576867,0.0,0.4112603638600809,0.6495206558226829,0.39169160988335466,0.0,0.581560918484894,0.401249994101032,0.5357807715425726,0.0,0.5371722015400872,0.7154332619546466,0.743210117749495,0.5563753512279956,0.6935219212611146,0.5529477633375999,0.5355340335012034,0.44219677018356973,0.5315304898739137,0.5543535216001279,0.5189170607275744,0.5894233744783588,0.38181011342790133,0.4746976691396512,0.3946215756076729,0.4083980764083936,0.5575009477254584,0.2659254100508039,0.38237118137069237,0.44508341679294205,0.532595837672879,0.48890414757800554,0.4093117753663846,0.23628902577650823,0.426033482889424,0.0,0.678828706276179,0.8894335659372549,0.567675652562206,0.0,0.0,0.49259970241461615,0.6451962464390297,0.4271374260259473,0.6489096253365894,0.0,0.0,0.5907006975804634,0.4087434070484812,0.49232453938594434,0.8767000194119927,0.6267804729958943,0.5803928862017397,0.8162524246738834,0.0,0.7890951804987043,0.7917502635705252,0.8982982450789891,0.6913576243640132,0.5090643791048021,0.6648345810293501,0.6152132517300731,0.5164113723057353,0.3095364496208086,0.1929174621365281,0.017765964761073227,0.3882797707122607
0.5807891018212874,0.48830864689875064,0.4614301996197605,0.3161092667943639,0.5517933717798911,0.6500567935511383,0.6342180282115888,0.8234524847512011,0.6230212168175112,0.5045335037210342,0.5055135505882222,0.6939933463038597,0.6845899850749197,0.5664358300453927,0.581560918484894,0.0,0.7041809904154513,0.6450058380786745,0.46518969999752335,0.5804712404797303,0.7413170510623535,0.6234888967825905,0.6793881145042313,0.6321984253372137,0.5959249677441976,0.44384092117565466,0.5987150891879833,0.7004840722548498,0.6579401794033047,0.7292704273136633,0.661357782807232,0.3683704868446257,0.3032001951164067,0.3351789286134583,0.5308714829284232,0.773563036656457,0.6031780514870622,0.6942508186705765,0.7301449184596696,0.6777848730955451,0.7640261681680628,0.7580888706452996,0.5115344462394875,0.0,0.0,0.5498496990895665,0.8772622671281556,0.0,0.0,0.0,0.8405698916267688,0.9197179246165387,1.0748912335862846,0.0,0.32931972960805456,0.0,0.6015836242290826,0.821482901431493,0.0,0.7086663082129149,0.792948669221953,0.5434560484781764,0.8860133900903389,0.0,0.6068168959796851,0.829170801069449,0.7702497261876017,0.6216697335927676,0.5083524505522496,0.880521290498544,0.8399651158772051,0.613158126166748,0.4176844996681668,0.7171926559967245,0.0,0.7104193079260803
0.5071802925366292,0.7523913662769302,0.6187581719873385,0.5082051802793701,0.6269163727393655,0.2654425632676438,0.44863333217995055,0.4632457269026386,0.5036890479912325,0.5421514762251864,0.4681206673759494,0.780930767300217,0.5029311737913114,0.5034226560940364,0.401249994101032,0.7041809904154513,0.0,0.5756304784156501,0.6560157444885151,0.5169349975138325,0.5348198422722055,0.7248743724830179,0.5358176467499819,0.7322873848038012,0.7821075038681753,0.6039189600528796,0.18537869272737711,0.7172379778499327,0.46513777079870844,0.4849609881354206,0.6233790871518605,0.7124792168290133,0.6531681241248559,0.583154738798652,0.671071252797405,0.7891372092692719,0.3925600046001144,0.527728732542516,0.5687266239275574,0.8419614387847726,0.7657780210258804,0.7749070091880835,0.0,0.0,0.463508807141217,0.7411166966533065,0.5444443264074794,0.0,0.0,0.0,0.0,0.0,0.0,0.0,0.748262662300443,0.0,0.633073838721594,0.520292510544837,0.0,0.5921219927620209,0.5734328925174351,0.7188533669174086,0.6907469062195792,0.0,0.0,0.0,0.4890211390733529,0.0,0.6048811760221282,0.7802775898108967,0.6921184790639545,0.0,0.5014461842178427,0.4786566890573434,0.0,0.8723637727877853
0.6298627304966159,0.60409100898923,0.55713382243159,0.5149415696895263,0.5736476086308788,0.5576755711598237,0.6089773359554334,0.4662876612165263,0.44326909939059334,0.4802474442285204,0.5592162106591088,0.7848245147744113,0.7188222428646784,0.49431872789510467,0.5357807715425726,0.6450058380786745,0.5756304784156501,0.0,0.5060272081994979,0.5179548921258688,0.708692789785182,0.48718980425806724,0.5138652762065683,0.6267054412623827,0.637687731628198,0.5667549989653997,0.5223477665543128,0.6488810666448671,0.5781819818432965,0.7339234292571757,0.560125129995229,0.5732298643427928,0.6209434592663229,0.6636874256610077,0.6224740360685378,0.3254842269648495,0.4230663595170997,0.4191160470758104,0.7809883295378076,0.6933982314779877,0.6593434628049961,0.7483827374485917,0.0,0.0,0.7463941434681522,0.6951562561405675,0.8584236110032757,0.0,0.0,0.0,0.6575854271463294,1.0363093819844518,0.5928046384704904,0.0,0.8157149258350211,0.0,0.6990062595359012,0.711079504968456,0.0,0.6714299036943117,0.7699807482083602,0.7594945590429403,0.8135325814021693,0.0,0.4861169207622088,0.8497179519694358,0.721926597824396,0.7982198550962369,0.6051998882487589,0.8211423402771235,0.7822210208446748,0.34663750347850564,0.5295206454970388,0.6023861426936754,0.0,0.7951621611494233
0.0,0.7493780019119892,0.27069894619860696,0.5198451563270332,0.4817690451768032,0.7849764260077958,0.5868933892308041,0.5122155715660073,0.32868417808104056,0.5743537661364031,0.3312507354521078,0.6501268796575873,0.6710507972254379,0.5442785429051721,0.0,0.46518969999752335,0.6560157444885151,0.5060272081994979,0.0,0.4979435615806773,0.5280569265632649,0.8506901162180351,0.6716710681834988,0.6435977730795562,0.5204046185493285,0.5542921970103312,0.18948193583870032,0.7122049425392218,0.5862797197423096,0.7502237291857048,0.7177932817186252,0.759576393120029,0.6249180485880196,0.7156305070129931,0.6337150983338206,0.6305757735986212,0.461707741422866,0.5336884309175463,0.7450691531699677,0.45153601793313447,0.5246989342858472,0.6821491467984305,0.5339801223254984,0.2981868305796911,0.020991422911995905,0.0,0.0,0.7540214873306699,0.0,0.5074591346941799,0.538592894521532,0.6343855246920806,0.5207961596023359,0.5869457838386383,0.5997495775782213,0.6835018407335718,0.5209328326528042,0.5297098406711451,0.3372783905624235,0.0,0.0,0.0,0.0,0.6606014855497505,0.4735514966972538,0.0,0.4832009047306767,0.6522361390804496,0.0,0.0,0.0,0.6076305940534963,0.5145262678469533,0.3662744107609165,0.47353428066747927,0.48666184773809285
0.5110337015675095,0.6105908966746865,0.4287227771740926,0.50605224348347,0.5791112315744656,0.5772419362119086,0.5621989743447516,0.4150056191242454,0.6437016033437668,-0.020613201678119697,0.4847968474590225,0.5863029148061536,0.6540609942514948,0.3579854949967638,0.5371722015400872,0.5804712404797303,0.5169349975138325,0.5179548921258688,0.4979435615806773,0.0,0.6005289919327624,0.5214278227387682,0.5359572124280148,0.6455482866988531,0.5105275275141608,0.5093898338370354,0.653931899314077,0.7858098087152876,0.5899822145077168,0.3631885364460423,0.6567538834171944,0.29955468914251426,0.10809380834361754,0.3398092153403873,0.31594251590415345,0.5858341403742253,0.7024556553568715,0.9380106179974981,0.21049867197649955,0.28066040390873315,0.3335942396342202,0.27469840947510493,0.51234353569257,0.2916048555573857,0.3264947288457975,0.570843750839158,0.6266523651412307,0.7377223837410996,0.0,0.0,0.2728653416333909,0.2902666681656236,0.5095792221387194,0.5534963465757128,0.8454412802295285,0.0,0.4812617730311445,0.43198405070634227,0.0,0.4987457886153267,0.35740759017531154,0.5138359781769872,0.3976299889733028,0.0,0.3253550886053709,0.4944710671884568,0.620375764405749,0.3706447628953563,0.0,0.5859418286351123,0.3444746687414018,0.3065458622943107,0.29005031471187437,0.14737306873132566,0.5541515033945195,0.25454001406303
0.3423753869774923,0.7658055818050216,0.7177704150458271,-0.16258010712739276,0.4510641400196247,0.8116353966285361,0.6025829169881116,0.5257838775167565,0.6915186621263971,0.7046246007397454,0.4254263160969034,0.5138357847115894,0.6246154305797045,0.556340959150675,0.7154332619546466,0.7413170510623535,0.5348198422722055,0.708692789785182,0.5280569265632649,0.6005289919327624,0.0,0.8190540658797341,0.6891611095220809,0.41712620914857024,0.6167929738130914,0.5561009701678226,0.5975390631516398,0.604750130469209,0.5432052101181832,0.6608022738536841,0.40792273778426624,0.3106378613865628,0.5334113107378976,0.3080542492227971,0.4007961254254327,0.5102496751585037,0.418940541765081,-0.17098317003930358,0.5072407808407853,0.6236115587834467,0.44719372155473314,0.417634008087004,0.6102303097344339,0.0,0.0,0.17403929198882667,0.7855900862508052,0.6487539251328149,0.0,0.0,0.6847007980477718,0.4979662488487938,0.8219133054360717,0.741991871791885,0.6921392527153438,0.0,0.8544122252830821,0.5930606908937311,0.0,0.7061325558936586,0.6620281775209969,0.0,0.5409514611983172,0.0,0.5544175178123214,0.9675928120951451,0.7906980826846489,0.7048614098294506,0.6119432814332333,0.48009554322303105,0.6135250232183509,0.5533295466757211,0.46972534300142077,0.46500107113023037,0.3639763385755077,0.01710731810361449
0.4971136223248997,0.7752418351548154,0.7891230455569189,0.3708263529043566,0.47591984376897545,0.5630720456294382,0.5805912780007529,0.7274457889121466,0.7039603030866497,0.5051840519946167,0.48428665660468706,0.4879383304027539,0.6324123404629329,0.24077882692927122,0.743210117749495,0.6234888967825905,0.7248743724830179,0.48718980425806724,0.8506901162180351,0.5214278227387682,0.8190540658797341,0.0,0.8008418020043322,0.3352394165046916,0.6917493609071703,0.7148827704339272,0.5242307295648934,0.8290042855139789,0.5904869909268518,0.7691553028954643,0.7108393201077423,0.42421759006933535,0.4516786758808625,0.4488351589317695,0.4602573450175407,0.49810051377054293,0.4983304858274291,0.5444992044600847,0.6228417430528512,0.6674722599933323,0.6455089180961863,0.6556319689676772,0.2736413565756336,0.22473703971298184,0.3897572796722111,0.670061626135688,0.900651789919857,0.6144582794789428,0.49223351221179323,0.40029444054386004,0.8767260004319739,0.7903235332447738,0.6260765475353867,0.8751146175708024,0.43515537638592416,0.0,0.5647003595758124,0.6623240401020964,0.0,0.7751149348202337,0.7276498152571254,0.6346387282221863,0.7523891401975022,0.0,0.6604668423253819,0.8301797062227483,0.8221961836089295,0.6778252440716876,0.5886716574415578,0.6987738554065808,0.680526203659263,0.7041768335246029,0.64261994876462,0.5736051990721026,0.7001125274757218,0.7863457837278385
0.5655043188339123,0.7824384707462386,0.5678267202496574,0.722843681810801,0.45932500089374945,0.7187766989812256,0.6418346222803433,0.4268786595311725,0.6767717513796797,0.5313421311312367,0.39535167934802756,0.4735664844440438,0.7048043867624678,0.6674502179417967,0.5563753512279956,0.6793881145042313,0.5358176467499819,0.5138652762065683,0.6716710681834988,0.5359572124280148,0.6891611095220809,0.8008418020043322,0.0,0.5356583097995279,0.679577693389001,0.5325382398382384,0.4668829895876564,0.6262827183449833,0.7074029054172359,0.668398939572489,0.6652188967425262,0.5891490498110707,0.4215680098661644,0.5627997432422476,0.5709977571624156,0.6323908123748565,0.5277492258011167,0.4248470880420028,0.6041095303387598,0.2917019200561852,0.5523841637410393,0.7058979769590146,0.697083085504058,0.760179251131111,0.4397924546074726,0.5645386776532191,0.796388824117297,0.7668274887265379,0.39922282947219884,0.6617609711427261,0.6094118620511242,0.59091936443961,0.48532184274486934,0.6436975783074961,0.6490058981128,0.7877695985212225,0.474364632599073,0.6013966714134442,0.4798936800037602,0.5890656645088679,0.5773168023530104,0.508499385687393,0.7725271467427383,0.8139802059493115,0.43381369783484414,0.41194518453613227,0.7524889812126714,0.3415057359007469,0.4926946021189398,0.7008296512914753,0.509768687784343,0.6809368886885355,0.507180441125993,0.5090149043865759,0.5610007697244901,0.5815238040948638
0.515886794201774,0.5718008079234205,0.5721144729461712,0.3973912902432646,0.5380572742716834,0.5309508089292334,0.6466172011594189,0.4431315441751872,0.712913458315902,0.3489788736302672,0.615090387857691,0.18817370521108231,0.5617229765633087,0.6576087876890977,0.6935219212611146,0.6321984253372137,0.7322873848038012,0.6267054412623827,0.6435977730795562,0.6455482866988531,0.41712620914857024,0.3352394165046916,0.5356583097995279,0.0,0.5121894718237033,0.4233326956072465,0.6001354241105803,0.6460639762247948,0.8232108007791537,0.7640622821408881,0.6207479398701428,0.3538354012325939,0.23447668097323426,0.2192597943739098,0.3407626111326762,0.2864206958047178,0.3707231467898873,0.32022818111079226,0.5982432264969311,0.6065152776083235,0.41931619626173255,0.6698904674248997,0.6812700926797467,0.3173213288382295,0.3456106411357118,0.4285798239226878,0.7414807655044541,0.0,0.0,0.5244364423931542,0.5197324376242469,0.4370800532420846,0.0,0.3154779224569446,0.5773305352185176,0.5274505317822977,0.5256637752536688,0.5053290931395416,0.0,0.36920415664269984,0.7538544563339289,0.5460378690032708,0.7231739177339648,0.500413321031884,0.46164255431800205,0.17408467725210713,0.20756371862960346,0.7101620121715757,0.2339896960162363,0.673904030243146,0.5038035296126784,0.437684285642999,0.6958223418007881,0.9278297231268884,0.0,0.5484448409530239
0.6032635260232064,0.49396054473284734,0.5876905129098225,0.8589278459208765,0.48103874252259127,0.6621911073081682,0.5884346906831437,0.7718711694694875,0.6141525962674753,0.6587321415365371,0.5835028020214844,0.5612392879050263,0.716196108499362,0.4593570429456621,0.5529477633375999,0.5959249677441976,0.7821075038681753,0.637687731628198,0.5204046185493285,0.5105275275141608,0.6167929738130914,0.6917493609071703,0.679577693389001,0.5121894718237033,0.0,0.3856685910167881,0.715183586813614,0.6777614412901947,0.5956100428452864,0.5245648323303851,0.5619744383208432,0.3622240384619986,0.563366252311742,0.5060101124208283,0.5657789679815822,0.43515582100849015,0.6408746223684068,0.5617380898545873,0.8264942841560179,0.751746040469685,0.7116482467545228,0.7580237758905276,0.17563057643245977,0.0,0.46738134834596196,0.645129491641643,0.9344993021491376,0.0,0.0,0.0,0.79763771853873,0.7739393250299438,0.6018086862251062,0.4706606973870703,0.6785912486717156,0.49369054541915286,0.6115233623367238,0.5831127202946161,0.0,0.5738278689010787,0.8372030659206705,0.6690745879860687,0.8467991038619872,0.0,0.7210317074343702,0.7062156719639693,0.8050210181535582,0.5996154820010117,0.48395444597805315,0.8497839577013021,0.7645467504138541,0.5777843035024138,0.6738613335825113,0.6455793310628777,0.0,0.7660233888441452
0.5944379085463423,0.5015770254810965,0.6321118648609271,0.6422605539779276,0.510763657945661,0.7739204298230367,0.5766751775039977,0.6014907370989346,0.6430735328524475,0.5717246141217137,0.6137146298953297,0.461157599198856,0.6079920601049126,0.40372595323367555,0.5355340335012034,0.44384092117565466,0.6039189600528796,0.5667549989653997,0.5542921970103312,0.5093898338370354,0.5561009701678226,0.7148827704339272,0.5325382398382384,0.4233326956072465,0.3856685910167881,0.0,0.6437510055719098,0.6019831123885413,0.5937980751679904,0.2966533415322035,0.4445276083994919,0.3905302447672805,0.5450416624539322,0.422795158962739,0.3741901593285034,0.3236165468629767,0.46074380806931103,0.42717795095659705,0.7150736515556539,0.7230822380261865,0.8119688176979377,0.5883709246693661,0.34120658712245555,0.5329807183093942,0.47748901492792895,0.5011618042704348,0.8360895294164434,0.8666706322541904,0.0,0.01368777371827862,0.8010751306913693,0.713508547239522,0.6050537985630264,0.5819152175285268,0.6312699473299515,0.0,0.6078878754212175,0.8730049023432602,0.0,0.6789952163813673,0.7874999209431477,0.5952977667348252,0.7974640176426095,0.0,0.5188562856141621,0.756227515810149,0.8172683062828183,0.4873446559462201,0.42093863991036207,0.7820974968844707,0.643202025437676,0.6336916839314832,0.6841401514421742,0.7430753208657517,0.48810131914766974,0.722530320290331
0.5470195937363515,0.7565913127495546,0.22342043954689056,0.6910365658537112,0.5369970323215747,0.6954879671242359,0.5961341767805257,0.5730962428537554,0.38245285644781213,0.5344297101736402,0.5131949392263282,0.6639607193264853,0.6992382903920183,0.6023241001499049,0.44219677018356973,0.5987150891879833,0.18537869272737711,0.5223477665543128,0.18948193583870032,0.653931899314077,0.5975390631516398,0.5242307295648934,0.4668829895876564,0.6001354241105803,0.715183586813614,0.6437510055719098,0.0,0.6859667783135976,0.5193452304694278,0.7689582116036644,0.6724352884754958,0.5221627251534797,0.49516597918421346,0.5767708058941721,0.542159123085881,0.5557860727892927,0.6644707109816468,0.6483005406497218,0.644651232589528,0.5817099277553972,0.576190787079111,0.6245082136250701,0.5927196358669249,0.6588127257360268,0.22596180279478523,0.5068042066002745,0.6780234810885383,0.6502931510856664,0.501196753887285,0.7026939948989952,0.7590211589379303,0.6962316634891639,0.6711083170214676,0.622560207688524,0.7922272666398569,0.6688473410907769,0.30020227315389075,0.7417896363029671,0.6934659803108905,0.5950493117476355,0.5768846210132117,0.0,0.5453044825637589,0.7634756406929677,0.4825266836180786,0.6839824549129678,0.781805029559956,0.7268319308942041,0.0,0.7217755729619648,0.5468569766739548,0.806659091152365,0.6496799132036647,0.5881734938695043,0.5500270810652744,0.6174339169529024
0.7592066382287266,0.6526266600847781,0.6698673996417585,0.40483097258350365,0.43341650557257466,0.7230710338632309,0.7225031278573251,0.5997072697149816,0.7359247859582859,0.6620834416941415,0.6078554345960503,0.5628815628720258,0.6566539532053899,0.5474488486330487,0.5315304898739137,0.7004840722548498,0.7172379778499327,0.6488810666448671,0.7122049425392218,0.7858098087152876,0.604750130469209,0.8290042855139789,0.6262827183449833,0.6460639762247948,0.6777614412901947,0.6019831123885413,0.6859667783135976,0.0,0.6390194221712777,0.5141292238599994,0.6133097925219874,0.6161263421724367,0.7556651423590618,0.5058223196205398,0.6642107680114577,0.5733207553641664,0.46201673144283734,0.8020843337324735,0.5885521446213088,0.42289058114458755,0.4447447323021393,0.4280759576878892,0.5362863836833985,0.44795278754456547,0.727842614842158,0.6245835390590173,0.7107517595609882,0.5728779589406852,0.0,0.5640663855044677,0.6674305218887299,0.6782260971213221,0.7210329336061494,0.5573926152387227,0.676372934191524,0.5067648812867324,0.724359873783965,0.7078706216082802,-0.14137674399305947,0.431113309896708,0.46369390813866196,0.34651867501886746,0.7228664881812965,0.6144396586419427,0.515995169298886,0.613718943862243,0.5711387585848401,0.6785742408769646,0.5033924112260362,0.796646876695553,0.5886281538470239,0.7215817351818472,0.6301005951447274,0.4923337381050055,0.43798828444311844,0.5561513227312292
0.6894792626792451,0.5401874753145799,0.7598601265312286,0.2913893172281424,0.646205939811543,0.500672538657469,0.5416428140461195,0.6075006708061533,0.561909127243148,0.6650898474638148,0.48934132544140585,0.7076973115645149,0.6476109572733011,0.47445067097131954,0.5543535216001279,0.6579401794033047,0.46513777079870844,0.5781819818432965,0.5862797197423096,0.5899822145077168,0.5432052101181832,0.5904869909268518,0.7074029054172359,0.8232108007791537,0.5956100428452864,0.5937980751679904,0.5193452304694278,0.6390194221712777,0.0,0.4455361280608229,0.6705190219265376,0.31309688988509937,0.3517463552928572,0.4799846992599921,0.378576666619526,0.6312659826737879,0.49883421954843865,0.536469593724766,0.3835130665051819,0.3008783804062741,0.3701585347745711,0.3616461869080421,0.12117142454629837,0.5407320173219711,0.49530621296900657,0.45562561347229885,0.6720392434462172,0.6402506718866932,0.5159792829163209,0.4516488937870762,0.5149843230013886,0.5635012340327401,0.7283169474105975,0.49062672605049706,0.6748001383027481,0.3789322333505233,0.5639933504970529,0.551747981795799,0.5875644754971519,0.32605357652906236,0.6186817296603709,0.48867626640726314,0.5681150445985019,0.37864462059019033,0.37034010513194415,0.5270531867387684,0.5764034069020134,0.5540717462989739,0.4563696418493788,0.732692532764502,0.5814016468141747,0.5533914921182245,0.46095570957129034,0.3279265957354266,0.3724837187242246,0.33801370762339067
0.36992410111321805,0.5747100076201058,0.7817665770091902,0.6090066651201154,0.487471633048949,0.9130793495635692,0.5504853727072634,0.6170579029792318,0.7755179722617735,0.4231060742371011,0.5016364743340798,0.3994332902077409,0.5646371524584971,0.524502584139979,0.5189170607275744,0.7292704273136633,0.4849609881354206,0.7339234292571757,0.7502237291857048,0.3631885364460423,0.6608022738536841,0.7691553028954643,0.668398939572489,0.7640622821408881,0.5245648323303851,0.2966533415322035,0.7689582116036644,0.5141292238599994,0.4455361280608229,0.0,0.8182210297812085,0.5244969230500812,0.34294242319221246,0.6642831283496613,0.5779249545640393,0.4862401097033837,0.2939586731813486,0.29742149508993576,0.5424656213845123,0.4696166173132112,0.6089115560783804,0.43609669855697597,0.41069797634963234,0.2536257271348437,0.0,0.0,0.0,0.17990974010431293,0.0,0.0,0.6457886874116279,0.6490050490690433,0.5869650104529867,0.7214444152953766,0.44187988537988665,0.0,-0.005398991636587282,0.49903232841758205,0.0,0.5827434215356477,0.0,0.0,0.9365904791467122,0.9901295343548568,0.5190029930807026,0.5842446003985824,0.7426371799409848,0.752120097030184,0.0,0.4248215634354203,0.49093501883338875,0.727027110614616,0.5683760122925811,0.4122933818276059,0.5861315342904376,0.5365825256798449
