0.0,0.019205202221702855,0.0016377642199745246,0.0,0.011595512469842584,0.02278086688137132,-0.005944525643847232,-0.00861152856527242,-0.006852960531755992,0.004885231132546519,0.0022959363277096356,-0.017781987521474807,0.005766323243264371,0.005098291492148965,-0.021226811178853167,0.004414826314441234,0.009174396056022105,0.003695229507695519,0.0,0.007310910131389126,-0.03716946709486796,0.021783577215901184,-0.010725634802413286,-0.01965751650569092,-0.0022127059759251,-0.008658057754318549,-0.008299780765971043,0.021152260860294203,0.018949685903304758,-0.0121780750602547,0.015024928288413786,-0.003608896416025187,-0.006433865917695569,0.022609015271620014,-0.0024620592621451554,0.011383407966345183,0.00029784446870617654,-0.004387600002878023,0.008673337205095832,-0.002410125228755,-0.005205626379823025,0.012419311763447904,-1.8441575791949827e-05,0.0,-0.014017535960947014,-0.002946245257212321,0.01793625573081914,0.0,0.0,0.0,-0.007603356353276303,1.1102230246251565e-16,-0.01735462699491036,0.0,0.013458515563717077,0.0,0.005772683624354569,0.007659452175843462,0.0,0.0051315336372277365,0.014428626565047786,0.025018424337355627,0.023249743745631435,0.0,0.005106684783325821,-0.045943526890749264,0.024437834132072567,0.004362708270128024,-0.024379740536414174,0.02249710491538376,0.00224366580531965,0.0061468497293493685,-0.0001578336130417246,-0.009380426119850849,0.0,0.021030597623497294
0.019205202221702855,0.0,-0.0026570284617825624,3.676483281500609e-05,-0.009357107018101385,0.0010638761032153443,-0.021886870043944018,-0.02037053767098046,-0.0072089452870874315,-0.02739002534104451,0.004524132785782342,-0.020292499420934695,-0.013979679280935575,-0.007679873283140737,0.022027393630888292,-0.0003166790885223425,-0.008048099887319193,0.006085047210205585,0.011065545745220617,-0.011473223775078645,0.023096464075968548,0.012329216715817826,-0.0034925486685526974,0.011480462401853964,0.0051421376694597565,-0.015765367861331425,-0.005338749673173548,-0.011603765332540594,0.010061659350622365,-0.04988691883479607,0.012018337456434047,0.0066896564792357505,0.015486285417740553,0.012457429509096452,-0.003963354146233999,-0.024298561807732266,-0.0009645577118707616,0.0,0.032018580202848035,0.03472451264963511,0.021317968631760387,0.024753989812875576,0.005175753316876974,0.0,2.220446049250313e-16,0.0540201945187056,0.03158240509956006,-3.2750590278907143e-05,0.0,0.0,0.009046911366351995,-0.0006734380757543734,0.0256218760890356,0.011535534516701251,0.040046478370243443,0.0,0.01910893811941472,0.005935682411073007,0.0,0.06013758531744012,0.03078804360751508,0.0238995772124867,0.028726054842542537,0.0,0.044082440016375735,0.04470602691967007,0.027952956937346674,0.022458880693838335,-0.007632303945369345,0.03338167875351089,0.025291176533572157,0.04485211303695302,0.01887765946795228,0.02943890716391423,-1.1102230246251565e-16,0.03245671665198441
0.0016377642199745246,-0.0026570284617825624,0.0,0.010546114545682939,-0.031476309685611714,-0.00527145190501882,-0.014639761515585936,0.01025798724475202,-0.006950950237008036,0.003962183225224014,-0.014087515803037798,0.003987811594103607,-0.004733672762958108,0.011161970978724567,0.019642339937005482,-0.009229409698334523,0.0034466385070185956,0.01631991219042722,-0.02025482121991029,0.0007167874009213482,-0.006691695567444866,-0.0011007990397926548,-0.003261673997627945,-0.037362180502785614,-0.02037556806636459,-0.0014896101923292382,-0.024243918844065793,-0.0047525072210370944,0.00368126906029298,-0.0035721303961520068,-0.0020600563811815076,-0.006304074162317985,-0.011598001819537629,0.0022617887034613315,-0.01757034845522032,0.010754958120864355,-0.008492988521191569,0.010222198528543391,0.03986306864023692,3.7769151367550435e-07,0.02842830442249622,0.012060488164848726,0.033883016605834426,0.02036662634047015,0.0,0.0,5.702404908325409e-06,0.1006988501027255,-4.142027216436084e-06,0.03800814244829742,0.02544218071489346,0.027306742492664626,0.012336442761228472,0.025760566696123144,0.0008624340074979142,0.09303956957902948,0.007343599579498095,0.02910157094290433,0.035317927376467884,-9.684724553904456e-05,0.0,0.0,0.0,-0.0931283152436721,0.007875571696692119,-0.0030153288487583807,-0.0002127527817081809,0.023562499721290653,0.0,6.93177725419325e-05,0.012439602630828273,0.017653230293174005,0.030326125967843676,0.030379108920756237,0.006163018398468112,0.022656945971040177
0.0,3.676483281500609e-05,0.010546114545682939,0.0,0.04104845571297977,0.0103003699760989,0.016167440126680144,0.037171126382300856,-0.008922849400411936,0.007133886144981394,0.0054768481503784106,0.00874038092648638,-0.00696491631030538,0.03911417799626027,-0.006188742295714644,0.0002530819006869578,-0.008901247661338707,-1.886150385788099e-05,-0.00602386114532949,-0.01804566446637279,3.8794135352460124e-05,-0.010057520477825044,0.009940597318303435,-0.01987382101424945,0.00047950584755607206,0.0003362557056623694,0.004305080309949694,0.0240210945571811,0.008301537999130193,0.002464515782028387,-0.002524457938994973,-0.017288274673898985,-0.026051795953379697,0.05959296988869606,-0.008084435910989674,0.021473949411789928,0.023424393302948904,0.0448411949435486,0.0005223574634840022,0.00047356440482415607,0.02365908260868943,0.00906931045095516,0.021614426970919365,-0.002646060160859831,0.0,0.0,0.0,0.03213853887678142,0.0,0.0,0.016347119403015642,2.220446049250313e-16,4.316706317092356e-05,-0.0002880894891232333,5.551115123125783e-17,0.003746994802399095,-0.01253328774016435,-0.0002509701353163307,0.0,0.0,0.0,0.0,0.0,0.0,0.0,0.0,3.8060366501280196e-05,0.016388516199260794,0.0,0.0,0.0,0.01104259827901588,0.0009590717530146842,0.0023867019205827122,0.0,0.0
0.011595512469842584,-0.009357107018101385,-0.031476309685611714,0.04104845571297977,0.0,-0.015617924627165491,-0.016495106697913098,-0.007488894812044622,-0.03653420672136243,0.003562277642761069,-0.021140256811202518,0.001143772613540206,-0.014370057187706509,0.02918235395259855,0.009408029980268018,-0.02055734237542972,0.018545612032867642,-0.02916603598610773,-0.03154448750088629,-8.238449904168776e-05,0.03824339722139963,-0.0012605114268138262,-0.02637457388917236,0.008461015546688988,-0.017960007955419466,-0.02070222303568431,-0.02237034783567049,0.010302528798197375,-0.0050829150557035185,-0.0025851027180393005,-0.006827648234082551,-0.007711374118010317,0.004226131643452036,-0.0002636533172948874,-0.0015444517858987372,0.037299739776161855,0.11623091133404256,0.01470816598666741,0.0038426958061603123,-0.004991460774838696,-0.04620888263790013,0.010109869969212149,0.014361817472127225,-0.03714101008886084,0.00012201238870895859,1.1102230246251565e-16,-0.00019923974464514105,0.00530461499000745,0.0,0.06115644166778167,0.017454893438925367,0.020281783344976545,-0.0158444831217478,0.00027208675752965483,5.551115123125783e-17,-0.005853286971157168,0.004855983694610433,0.035205623456744606,0.007096050484391048,-0.0018554484940673244,-2.3824631296076593e-05,0.0,-5.551115123125783e-17,0.015671381192056133,0.015523225786027217,0.00014534277901651071,0.008788793470040357,0.007805598446679052,0.0,1.2109245947022895e-05,0.003689851922501819,0.010709440226506994,0.014130312281384616,0.02612462782500985,1.1102230246251565e-16,0.019200734738534564
0.02278086688137132,0.0010638761032153443,-0.00527145190501882,0.0103003699760989,-0.015617924627165491,0.0,-0.006335399613957238,0.024222338531667054,-0.00398686343750132,-0.010993467533246315,0.00833648987271729,-0.0032442557450377274,-0.01150926035728067,0.02111640855975938,0.02459799521415318,0.0155282231609013,0.005563383095204821,0.012006757299583892,-0.027621849887165872,-0.0014615887004750805,0.016258850591347407,0.00967897895112424,-0.016902735199733232,0.0014202481945030931,-0.0026860231698530024,0.005636213033364423,-0.014989387424936274,0.009640309447218998,0.007079157009458492,-0.019953951752552268,-0.021734075568538236,-0.00470563049494277,0.0026866307334564854,-0.009029036945971902,-0.010433136764801454,0.01000428737501019,0.0038226682287553215,-0.00442979812444827,0.032345812747658576,-0.007060179977630643,0.041167157823131406,0.016600475502542233,0.023869632757852144,0.02298441215414959,-0.01748816572141848,0.0035511925658291976,0.019725593496507265,0.027716658790544413,0.039849273648694616,0.021676058868385417,0.0342112603461221,0.029087557578836076,0.018636167544981763,0.02005910254714105,0.025168475050587835,0.01710830499108451,-0.004998391164222515,0.030561186257196393,0.022978834508005475,0.017692490982341103,0.02342874824391389,0.0,0.00395115015371067,0.014969953003813097,0.03062361460602253,0.044757613377533756,0.012585976670684784,0.018111580825398765,3.200214337673035e-05,0.019831730495651234,0.012820348361411826,0.02277378731172286,0.024302206544290272,0.031836128918975914,0.02609207307461836,0.03200972195300544
-0.005944525643847232,-0.021886870043944018,-0.014639761515585936,0.016167440126680144,-0.016495106697913098,-0.006335399613957238,0.0,0.011425041066409292,-0.03285635551879729,-0.015505040099305034,-0.010138530752734742,-0.01515770991753973,0.0068665793942013775,0.01556389418428894,-0.018766085762367046,-0.026559787746907426,-0.030296805083095957,-0.027799969516360656,-0.014977437692927142,-0.004063823434967084,0.011898870238073955,-0.005596789782809697,-0.013254464440196345,-0.025047204875888962,-0.035145257395873764,-0.020594517949953595,-0.01490092092483497,0.006512034688773427,-0.010561407657190491,0.010689986192797152,-0.012630480329069771,-0.025040775851266572,-0.028002631247717236,-0.025033505356374608,-0.0398112250797506,0.00315708081856636,0.02200242938926472,-0.006183291049875472,-0.017660266952334358,0.0024152707753566927,-0.023960114058095283,-0.07284954336522942,0.04387457953242058,0.011230973800073929,-0.026742179548166656,0.0,0.007596390714404655,0.014789273644130296,0.0,0.026589340538360817,0.002463755381802546,0.023830164995234715,0.010034794772558031,0.02487050828510573,-0.0012161994304132895,0.015095575027164632,-0.0031314990680650356,0.02089616681500317,0.026490268044733145,0.018883315283359237,0.0024964087040976746,0.0,2.618111009405899e-05,0.022781445804741063,0.002360245557013141,0.0010545396674113694,0.003344471769879398,0.017723755438650457,5.8187300693457455e-05,0.008880976713564248,3.793990140460446e-05,0.015319844191050369,0.025065720572125527,0.00819715199190063,0.010398012409992718,0.021897845771754354
-0.00861152856527242,-0.02037053767098046,0.01025798724475202,0.037171126382300856,-0.007488894812044622,0.024222338531667054,0.011425041066409292,0.0,-0.02354032439310294,0.02556021588172447,0.002727545700922651,-0.003803820587746698,0.018683449345931857,0.007686243989267982,-0.00026773747131797476,0.015336689873033216,-0.0009260008964743216,0.0029729828816890125,0.002280846056935848,-0.00484688346490747,0.0021499899524242694,0.014326632587796706,0.0021133124063707487,-0.016032531762124602,0.005141824028984887,-0.009871156084472976,0.0068262876273661455,0.01710163478227028,0.025445954990678865,0.016213842163725067,0.006801975265248339,0.015389870699402841,0.026063032866710467,0.01559015644329731,-0.005656111206124748,-0.0008495454493735455,0.08039900695381502,0.03792787324644625,0.008845861395829213,0.02435019754593959,0.0020932810204092878,0.02966872934545728,0.027565803542438816,-0.01038190184876725,0.0,-0.014430016091678544,0.01098853497542629,0.01863051705658547,0.0,0.0508104360875542,0.02328987991425341,0.036121708686784104,-0.056955336002256884,0.0023322564747843,-7.577595390678704e-05,-0.00850669431209844,8.649290327794601e-05,0.017221153614523033,-0.01306990560715865,0.019724968531876996,0.010193855157825893,0.0,-0.00023989609492824915,0.006145979084453135,0.0008531266975745355,0.0068687000963482125,-0.0008477512002078025,0.015667286756556986,-5.551115123125783e-17,0.006293823634973383,0.0069618311865321525,0.011861788112319416,-0.009530731859736075,0.0013864420651340525,0.0019996101896040397,0.0005364360169640703
-0.006852960531755992,-0.0072089452870874315,-0.006950950237008036,-0.008922849400411936,-0.03653420672136243,-0.00398686343750132,-0.03285635551879729,-0.02354032439310294,0.0,-0.008063925123196258,-0.024930871990041403,-0.004535526760847897,0.0014540546376620167,-0.021072391392085776,0.012654475981093483,-0.009983043119118296,-0.004669724274422193,0.010983372030419547,-0.01594921410553063,-0.0052632472468917,0.017016246755052533,0.0021208339681066946,-0.018541833311869538,-0.0298065081189684,0.009323510012982206,-0.024625802920792583,0.02099846292289037,-0.0055873772872175875,-0.0032283518671142875,-0.009751558550953998,-0.005132082566773,-0.009795685363730433,-0.013292309310727668,-0.0014134551292290798,-0.009869781954463752,-0.015292717562486013,-0.0017889773372735118,-0.0012009902021593022,0.046692472111373784,0.010404813566013027,0.019209813750140414,0.004899000353288163,0.032828086387269084,-0.017578675861267545,-0.007715520178110058,-5.551115123125783e-17,0.008534283421437028,-0.012064653136446335,1.9898492963354997e-06,0.03128822497367845,0.028760242943018155,0.028424509614624283,0.0014797686880547722,0.0010242758213632186,0.010981682207622523,-0.01448046197637104,0.009125240330395634,0.031079941390279475,0.004357179134304556,0.014489910176365917,-0.0010042271792204405,0.0,0.0,0.02511555729887127,0.006946526654052487,-0.0014119646351755666,0.0032848613588238873,0.016894224754148257,2.4489717697639968e-05,0.010360145797040365,0.01323273093397237,0.017555355754508062,0.02504230512772032,0.04548333492519496,0.021745723841619657,0.029538059008906048
0.004885231132546519,-0.02739002534104451,0.003962183225224014,0.007133886144981394,0.003562277642761069,-0.010993467533246315,-0.015505040099305034,0.02556021588172447,-0.008063925123196258,0.0,0.003352900691365901,0.007250043722279942,-0.008005067589433312,0.08103311832433474,0.0012013106969300247,0.010167889885002224,-0.0018099309194791746,-0.004508693166550337,-0.0007751030689857608,-0.004508743725215758,0.026639525005577314,0.017223609080689595,0.012986641509476149,-0.0041091311085978965,-0.013816214307541652,-0.04671680464423267,-0.009461339442384586,-0.006369060853166464,-0.006920713370913711,-0.01693368322996719,-0.016998264983190292,-0.0005228738343612815,0.007454016729578461,0.0014590162900223747,-0.029281688297375708,0.039756994573821924,0.02758820648781557,0.024188892478930912,0.09729662017139196,0.03201888667945424,0.03575742260506809,0.026245542054268378,-0.027878907627418015,-0.004882268791979172,0.027461445926125816,-0.006242952131347235,0.03520461509799544,0.00021740787488322422,1.1298639960355406e-05,0.000388598868515444,0.02423716182592356,0.02335362671257929,0.002741467058095637,-0.005156638955704396,0.007818682435251911,0.008452069245971583,0.018250605573835343,0.011609029410658778,0.0,0.0004149077879139762,0.023252320987715902,0.02797300447247225,0.03772593927674739,-3.7139221631399266e-06,6.034185032821604e-05,-0.000932456056556008,0.0072249570314819045,0.0015876596254729147,-0.006029626171674074,0.02867870091708813,0.0021768152922219675,0.023511602619661176,0.01217725240115547,0.022278193650371036,-5.551115123125783e-17,0.009543912092290496
0.0022959363277096356,0.004524132785782342,-0.014087515803037798,0.0054768481503784106,-0.021140256811202518,0.00833648987271729,-0.010138530752734742,0.002727545700922651,-0.024930871990041403,0.003352900691365901,0.0,0.007164324927912691,0.004141836191763837,-0.018448443931462333,0.0,0.00010702326937395146,-0.009694825603454638,0.007934572828493247,-0.025400002925468013,-5.243237132490641e-05,-0.011566369798113096,0.002648788368989019,-0.06518592120066216,-0.0146883096099365,0.004180526059148759,0.007279915975943629,-0.008098991508793174,0.0014856135404731075,0.017399207493735802,-0.0016881583077118512,0.0039003524912240017,0.01961573255139487,-0.015198051003863178,0.0007704331023395961,-0.0022016376816826333,0.03883550939746705,0.016153424762161195,0.0046320253070347706,0.02128893580664215,0.007213001235316041,0.02985933141929481,-0.002805104951720594,0.0245057772991511,0.0037462928950971475,-0.002006535218062766,0.0,1.1102230246251565e-16,0.020673741789229594,3.853100418171884e-07,0.03314353272810666,0.024469382153593733,0.043035416963120965,0.0012034440253809175,-0.03786089634674322,0.007364411597582388,-0.00960808731281615,0.03029543278664487,0.027743551603116645,0.026908830607102363,5.551115123125783e-17,0.0,0.0,0.0,0.015571296609090346,0.005665715620795819,0.0,-0.00010949469472265605,0.010896739335214178,5.551115123125783e-17,0.0,0.00015783162916199744,0.011531789677199367,0.021496376878259782,0.011257823170719827,0.0,-0.009369370485918238
-0.017781987521474807,-0.020292499420934695,0.003987811594103607,0.00874038092648638,0.001143772613540206,-0.0032442557450377274,-0.01515770991753973,-0.003803820587746698,-0.004535526760847897,0.007250043722279942,0.007164324927912691,0.0,-0.0053263430083799745,0.031153755391978954,-0.009490951922193402,0.01344967961060084,-0.010694101401894418,-0.01198717607635702,-0.008108685259515913,0.041322513729702526,-0.01970886244837844,0.061590459453594926,0.014986064011328903,-0.026230118625997834,-0.02697273639647474,-0.04589453205640193,0.006989028116394125,0.001852576886964552,0.03214953537432036,0.01470339625876027,-0.00757872599101006,-0.006270251865770737,0.008993387235772254,0.0011299100917849803,0.013794948890312686,-0.015633845057164586,0.04751002775273533,0.001692790722682025,-0.01685311371193432,0.052048054022710455,0.05925248143834688,-0.03089818717031284,-0.0004078697855108282,-0.025330653393259517,0.05159841250140823,-0.006832828455745121,0.009587939133481604,0.006139294829874853,-0.011440400715078292,0.010507493072808183,-0.004600828093598186,-0.00999306718498788,-0.0002472597927200004,-0.007392023333928466,0.003405451602190912,-0.008807414016874238,0.01528015198948457,0.02604832356165737,-2.4344733819292586e-05,-3.203591043643428e-05,0.028949166445710828,0.02098076982358299,0.017649523621750485,0.007575247839752108,0.005449170854446073,0.013943695972281123,-0.00047396434632773765,0.03835381875778299,-0.002617415310102178,0.015834303369906544,-0.011178203541429066,0.06468646520449095,0.02729598879110562,0.002679109637415633,0.0,0.013228171437444092
0.005766323243264371,-0.013979679280935575,-0.004733672762958108,-0.00696491631030538,-0.014370057187706509,-0.01150926035728067,0.0068665793942013775,0.018683449345931857,0.0014540546376620167,-0.008005067589433312,0.004141836191763837,-0.0053263430083799745,0.0,0.0025191302802923254,0.01665906201677686,-0.008693114682862435,-0.012566928418537515,-0.0071476282603612495,-0.0021749403953127966,-0.0010481086577628917,0.00964818069397766,0.002311234489677183,-0.0026867462922456897,-0.0007909679179431417,-0.015537177637677257,-0.008989551928405615,-0.0012950299668872955,0.024070711180192328,-0.010065310737456978,0.015384788833478658,0.0041529776161773335,-0.009495634474222081,-0.0057024963028315945,0.007491970763140288,-0.0015536446843024132,-0.0031666864962303087,0.01734100959129392,0.009803869463773707,-0.01046407302671265,0.011733219353650903,0.00155410000133549,0.01606991016653586,-0.001801824314910272,0.04563902501364442,-0.014773535165515161,-0.006606858655556269,0.01601432033789335,0.008604313960641319,0.0,0.030330075462295825,0.03222084182266638,0.030255832342954148,0.01592060895654429,0.015540103524756987,-0.0016278300456641914,-0.018163499608648437,0.009379825107577122,0.03439856038208877,0.012809212950670279,-0.0045758564299384075,0.01631482339771695,0.012430035477234036,-0.0041478644221983885,0.02354166458522533,0.001949721088542744,0.0029789045475796527,0.010279891140651143,0.0185895445471157,0.004237619514011415,0.007954517793739124,0.013791065085187015,0.014396711770339743,0.020641434800630187,0.00696473843150669,0.020104826652313168,0.025230451363748463
0.005098291492148965,-0.007679873283140737,0.011161970978724567,0.03911417799626027,0.02918235395259855,0.02111640855975938,0.01556389418428894,0.007686243989267982,-0.021072391392085776,0.08103311832433474,-0.018448443931462333,0.031153755391978954,0.0025191302802923254,0.0,-0.017616571059299813,0.038550628320428604,-5.1774482609678874e-05,0.00010560837860529304,0.011637422431863609,0.009901104848568099,0.012199462546158835,-0.004307542287127153,0.004075190714971755,0.010120822661791984,0.01189760503612003,-0.004727605658028655,0.01207023620770109,0.06370300144074253,0.024565134992354132,0.009318194438269867,0.021584051414152206,0.05148729286885523,0.002718282322178467,0.009958374293426164,0.01036404222457421,0.0074350399187147476,-0.0009988015272227868,-0.01636360343849269,0.08688729018869018,0.0,0.0029383328227455263,0.0002154728842236886,0.048488197976598535,-1.1091144765384975e-06,0.0,0.0,0.0,0.018597956027865403,0.0,0.017244471040348874,0.05121539784913459,0.0701664254675271,-0.00812856261987649,0.01471686325809246,0.0,0.018683849850316125,-0.00023687896664714714,-0.002353226983594525,-0.019043974732773195,1.1102230246251565e-16,0.0,0.0,0.0,0.003435658811208664,0.0,-1.1102230246251565e-16,0.0,0.024988828498374027,0.0,0.0,5.551115123125783e-17,0.027419308929923447,0.004496116484440149,1.1102230246251565e-16,0.0,5.551115123125783e-17
-0.021226811178853167,0.022027393630888292,0.019642339937005482,-0.006188742295714644,0.009408029980268018,0.02459799521415318,-0.018766085762367046,-0.00026773747131797476,0.012654475981093483,0.0012013106969300247,0.0,-0.009490951922193402,0.01665906201677686,-0.017616571059299813,0.0,0.01182633924686538,-0.009064935002730201,-0.005203411744474307,-1.1102230246251565e-16,-0.010866730418638115,-0.024716837710763828,0.0065783614038745775,-0.044811598588910095,-0.05449015514418709,-0.007004628409592484,-0.0467187284447671,-0.010368567588932454,-0.016624723473537606,0.01590586000203381,0.0071085640525404,-0.0060090276697461475,-0.006179912220372563,0.008695658879798507,-0.004733941001071218,-0.006328145292190668,-0.03382784337710637,-0.022019273518521454,0.00010044335095005241,0.01604249013386766,0.01079418686214223,0.00674752838736048,0.015507304639433617,-0.0025546249056793147,-0.004036853705428223,0.0,0.021478519987734535,0.03554449486081196,0.008870048091183247,0.0,0.0,0.01317093242281625,0.00945571382361371,0.009806972672303738,0.0032454176590557826,-5.551115123125783e-17,0.0,-0.003654401638794935,0.012710135149807678,-6.316217016411052e-06,0.008120015962737703,0.03681561126972649,0.00022078171521783263,0.028251484328111864,0.0,-0.03557513829600928,0.028673167467061722,0.015046015478632713,-0.06775256718706985,-5.3093982181284805e-05,0.02983766724120851,0.02849480782645719,0.013761525315135859,0.005725881322954485,0.02150397454709957,0.0034359622429337433,0.012404754695268305
0.004414826314441234,-0.0003166790885223425,-0.009229409698334523,0.0002530819006869578,-0.02055734237542972,0.0155282231609013,-0.026559787746907426,0.015336689873033216,-0.009983043119118296,0.010167889885002224,0.00010702326937395146,0.01344967961060084,-0.008693114682862435,0.038550628320428604,0.01182633924686538,0.0,0.0002894818317765724,-0.006525870735514361,-0.00014400194822872248,-0.007018217371410507,0.008729737940974869,-0.00019783015778962465,0.0017493724915810804,-0.013576457051227175,-0.005520324448187841,0.005163968411635023,-0.0037627248078159203,0.0023601742235981327,-0.00183881699282612,-0.002468428706412007,-0.006603777191280913,0.004460774753116181,-0.003031969336458662,0.002063574526213585,-0.0028740356277058288,-0.018618111895862488,5.048417138248107e-05,0.05874600710010258,0.02909635274895339,0.04573367115459365,0.018585871618848004,0.021227134266667558,8.23586507220364e-06,0.0,0.0,0.04119053013758828,0.021985515157867064,0.0,0.0,0.0,-0.005812227060339292,0.009065209705561794,0.010883594264671226,0.0,0.020151974179673793,0.0,0.00993579647877374,0.005486269074894912,0.0,0.017188508869831753,0.01486611064568738,0.0643307887525944,0.01707425170109539,0.0,0.04383117202394926,0.030394306021999495,0.011468171375311975,0.011967285551354456,0.013349232367459718,0.020404716710550386,0.016626969450124374,0.026239950877372964,-0.00023420515981403822,0.042008822309692884,-1.1102230246251565e-16,0.026926638379053847
0.009174396056022105,-0.008048099887319193,0.0034466385070185956,-0.008901247661338707,0.018545612032867642,0.005563383095204821,-0.030296805083095957,-0.0009260008964743216,-0.004669724274422193,-0.0018099309194791746,-0.009694825603454638,-0.010694101401894418,-0.012566928418537515,-5.1774482609678874e-05,-0.009064935002730201,0.0002894818317765724,0.0,0.002521843853678485,0.0247897901486121,0.001698809752753938,-0.0009130622213787687,0.0038135571985487005,0.0014349916482075953,-0.013693464420999779,0.0043761251374884735,-0.0327948742554251,-0.021598915536004404,-0.0023417476769728163,-0.008607284425839967,0.03595373147834663,-0.012494587353724274,-0.003081790679525076,-0.002514456201761661,-0.0012161451428622794,-0.014717490142451661,-0.05763051216017617,2.2837831449240564e-05,0.022426074242821947,0.033214591685503336,0.06354368910005564,0.037025752008182866,0.026210303313582928,-5.551115123125783e-17,0.0,0.03134380011632282,0.020827660654269442,0.028677523921010195,0.0,0.0,0.0,0.0,0.0,0.0,0.0,0.031637739347865845,0.0,0.02722868007378837,0.015467802386119556,0.0,-9.200171811907243e-05,0.027185504834152108,0.035265608856405506,0.043727528316919506,0.0,1.1102230246251565e-16,0.0,0.005737846093617549,0.0,0.02010169069562623,0.034838244513451744,0.005728007654679512,0.0,-0.004808722830516476,4.963400433799503e-05,0.0,0.046636175177391104
0.003695229507695519,0.006085047210205585,0.01631991219042722,-1.886150385788099e-05,-0.02916603598610773,0.012006757299583892,-0.027799969516360656,0.0029729828816890125,0.010983372030419547,-0.004508693166550337,0.007934572828493247,-0.01198717607635702,-0.0071476282603612495,0.00010560837860529304,-0.005203411744474307,-0.006525870735514361,0.002521843853678485,0.0,0.02448512312722384,0.004001469235089317,-0.005385576542754067,0.002026334505725591,-0.003344198963806999,-0.005189629810307128,-0.009800604377222355,-0.003239256034456406,-0.0005963271229492695,0.0004999237953902669,0.0065152606426249204,-0.006407725300682066,-0.009434230718556535,-0.001969217712305904,-0.009336606412142956,0.011989941043971664,0.0018562281532121805,-0.014598528023864021,3.806232933650788e-05,0.023140065394893716,0.030614293582292396,0.03513864098579089,0.029970368019469174,0.015850396320544635,0.0,0.0,0.016839683691299734,0.007098182769225803,0.02689988207886751,0.0,0.0,0.0,0.008608370690501244,0.00016052106160208135,-0.000400507535636363,0.0,0.03514135770914917,0.0,0.028099113020340682,0.025604258413537917,0.0,-0.007501236822194779,0.013889993048004312,0.03994393085138753,0.024484067959277878,0.0,0.021618008589813664,-0.003684274656976516,0.017194697789691682,-0.010588746023884155,0.02999960430999754,0.02708085642692587,0.01660524652453399,0.008039034053013705,0.023698379326250962,0.02072188985520096,0.0,0.04219869630538303
0.0,0.011065545745220617,-0.02025482121991029,-0.00602386114532949,-0.03154448750088629,-0.027621849887165872,-0.014977437692927142,0.002280846056935848,-0.01594921410553063,-0.0007751030689857608,-0.025400002925468013,-0.008108685259515913,-0.0021749403953127966,0.011637422431863609,-1.1102230246251565e-16,-0.00014400194822872248,0.0247897901486121,0.02448512312722384,0.0,0.00031792440337358174,0.008866205343734113,0.009404965430457213,-0.037844709809202404,-0.05731055673018459,0.016989823318474928,-0.003275230714180455,-0.02943635815680684,-0.007590799621100319,0.0148806156352152,0.007954649854501672,-0.008564984184251223,-0.018750862474144425,-0.035707381277993444,-0.004945989769853665,-0.023350545133964506,0.006831458122959766,-0.012923535580992906,-0.011532905128875948,0.055909563353723435,-4.266436369870785e-05,0.0788433597460525,-0.01942168197293903,0.04850296941108839,0.09700076332381774,-0.0005315335088039164,0.0,0.0,-0.03356206913538423,-5.551115123125783e-17,0.0545123909645121,0.03691382628523254,0.03541689340151788,0.022926822430873295,0.020461358294935894,-9.761612758291127e-05,-0.15739653470933795,-0.0023704856010435815,0.02696253177440522,0.1177867185608159,2.220446049250313e-16,0.0,0.0,0.0,0.05591954022891443,4.272526083048955e-05,0.0,0.00011092087747155421,0.029365962555749636,0.0,0.0,-5.551115123125783e-17,0.023095965031398547,0.030890404958681117,0.03509964640747587,0.0001472978256893409,0.024618113803439146
0.007310910131389126,-0.011473223775078645,0.0007167874009213482,-0.01804566446637279,-8.238449904168776e-05,-0.0014615887004750805,-0.004063823434967084,-0.00484688346490747,-0.0052632472468917,-0.004508743725215758,-5.243237132490641e-05,0.041322513729702526,-0.0010481086577628917,0.009901104848568099,-0.010866730418638115,-0.007018217371410507,0.001698809752753938,0.004001469235089317,0.00031792440337358174,0.0,-0.015889991840520312,-0.0248959932455462,-0.029591162263070847,-0.05168987745692277,-0.010384050365673969,-0.006221709454914293,-0.04624740683994355,-0.008174233053836244,-0.0064145039348249,-0.015481175159054616,-0.00501227059961501,-0.016037860371197254,-0.037571810866246835,0.0033492024933790554,-0.004388957783759362,-0.006104793650060558,0.0006794086980102532,0.05053346510872253,-0.008046547274339122,0.015357529468000009,0.01002994274409097,0.024651927695796272,-0.004617500934503416,-0.02568425856399187,-7.792936279904517e-05,-0.0027370340370403423,0.01698456345531163,0.019581847058228186,0.0,0.0,-0.02430095002567001,0.007050045175430397,-0.02254312516257989,-0.002528768498714584,0.00047872385360320235,1.1102230246251565e-16,-0.005858148585306144,0.0055372492483123925,-1.1102230246251565e-16,0.01577368700261811,0.008813037954469694,-1.3101483880839648e-05,0.005407338902999603,0.0,0.007014589192964105,0.0010394586215873858,0.0035845430838007952,0.002953309050943931,0.0,1.5124543928546341e-05,0.022929521506092176,0.004707659048273194,-0.014058671417780555,0.007182701260745772,0.013466352531689763,0.003608645413259337
-0.03716946709486796,0.023096464075968548,-0.006691695567444866,3.8794135352460124e-05,0.03824339722139963,0.016258850591347407,0.011898870238073955,0.0021499899524242694,0.017016246755052533,0.026639525005577314,-0.011566369798113096,-0.01970886244837844,0.00964818069397766,0.012199462546158835,-0.024716837710763828,0.008729737940974869,-0.0009130622213787687,-0.005385576542754067,0.008866205343734113,-0.015889991840520312,0.0,0.006518464966562887,-0.020627116289943404,-0.027301547472606436,0.021435603451840646,-0.024406385243712914,-0.03321325660992014,0.01583889489215695,0.01646055342750563,0.009952384124555624,0.0231607028319763,-0.0011972043583732273,0.019307716553389698,0.013038251343739593,0.024268420514348854,-0.00923170201836293,0.005701593467784372,-0.008497617974859373,0.012468776943280913,-0.027285229974515157,0.009567372289258913,0.02050893362311379,0.013457969965805061,0.0,0.0,0.05732075038555873,0.02284225061933176,0.001373424453949501,0.0,0.0,-0.005498676596293217,0.003625175600092234,-0.12989254233217862,0.004383613614048265,-0.0002576325111912081,0.0,-0.007516882545023695,0.004492751715255039,5.551115123125783e-17,0.021403446068767318,0.021106319821532826,0.0,0.01767772965301795,0.0,0.0021852237017593312,0.03335362618211268,0.0023970702810558464,-0.01393220629545544,0.002445014837344772,0.028699645794172723,0.01405133263250058,-0.0017824040413513265,0.005376714221618728,-0.013432603201833315,-0.004654477147240599,-0.0033398804308049646
0.021783577215901184,0.012329216715817826,-0.0011007990397926548,-0.010057520477825044,-0.0012605114268138262,0.00967897895112424,-0.005596789782809697,0.014326632587796706,0.0021208339681066946,0.017223609080689595,0.002648788368989019,0.061590459453594926,0.002311234489677183,-0.004307542287127153,0.0065783614038745775,-0.00019783015778962465,0.0038135571985487005,0.002026334505725591,0.009404965430457213,-0.0248959932455462,0.006518464966562887,0.0,-0.06702934796457849,-0.0735811844105081,-0.0032777044936991295,0.008378127104224697,-0.007009234197523029,0.00496173246618864,0.004110476341306957,0.01332654831079877,-0.010530169288756996,-0.010674680415005633,-0.016200674771237267,-0.012695975242524027,-0.012032122005783297,-0.12642973596025103,-0.0035593705921618812,0.01705514444667927,0.015109552354626687,0.03382726348979481,0.009863954166956013,0.027909020689799335,-0.012810521516236961,-0.0005276918141278175,9.577183818942903e-05,0.0462203218861823,0.02110977451950391,0.013819595975269383,3.4732103000312264e-06,-4.5587260550428166e-05,0.012044598338192325,0.008748832426533015,-0.004280340387660342,0.007959981674662497,0.0030492922648798215,0.0,0.0009002293659909344,0.004680406365952128,0.0,0.025994964528801012,0.02063413176830514,0.03182972646382326,0.02502799967280034,0.0,0.02228254367125654,0.027069247242860972,0.011730051092399385,0.004482587253698211,0.011671937377547348,0.016696918940511563,0.02607408260940347,0.011870648231061098,-0.039281150896771255,0.01169992077066001,0.018293668971441635,0.0114104079191929
-0.010725634802413286,-0.0034925486685526974,-0.003261673997627945,0.009940597318303435,-0.02637457388917236,-0.016902735199733232,-0.013254464440196345,0.0021133124063707487,-0.018541833311869538,0.012986641509476149,-0.06518592120066216,0.014986064011328903,-0.0026867462922456897,0.004075190714971755,-0.044811598588910095,0.0017493724915810804,0.0014349916482075953,-0.003344198963806999,-0.037844709809202404,-0.029591162263070847,-0.020627116289943404,-0.06702934796457849,0.0,-0.00799539933843002,0.0033790833486171956,0.00020591873057895782,-0.014897379546905953,0.003778090078446039,0.005433141564491428,-0.0015795243546879445,-0.0017173750292992507,-0.0046030759328002935,-0.008826278953091238,0.0040611899094553094,0.0033922687775853055,0.025812296246926936,0.005958106522556572,0.03238093884385601,0.009401408101112896,0.009423802612574417,0.006038813045364688,0.0222770652754275,0.020990846531516894,0.01925547185153359,0.007236735292105889,-0.034726725748121856,0.011531813033046567,0.01842953219956056,0.0498045730773895,0.018529661436272882,0.02195784152151503,0.03435224995709418,-0.000377076281362132,0.016225175694532967,0.015594864806146413,0.012172283333613587,0.029836999979255874,0.020154461328436235,0.01760740855376619,0.011094262398883559,0.013704387659350892,3.187080848027213e-05,0.006929611845304162,0.04183232750837629,0.00453124151849621,-0.031112693940689162,0.009870294939472557,-0.007579236412826207,0.00012282375038619175,0.017322568882863598,-0.004678667327366326,0.012115924414841772,0.014264468707696154,0.009457275813595456,0.013930973108074785,0.013999880281398314
-0.01965751650569092,0.011480462401853964,-0.037362180502785614,-0.01987382101424945,0.008461015546688988,0.0014202481945030931,-0.025047204875888962,-0.016032531762124602,-0.0298065081189684,-0.0041091311085978965,-0.0146883096099365,-0.026230118625997834,-0.0007909679179431417,0.010120822661791984,-0.05449015514418709,-0.013576457051227175,-0.013693464420999779,-0.005189629810307128,-0.05731055673018459,-0.05168987745692277,-0.027301547472606436,-0.0735811844105081,-0.00799539933843002,0.0,-0.028773895762084944,-0.03800220636125684,-0.017777093879990324,0.0001322962424045726,0.030581167410005383,0.008810745191517144,-0.005531623732737634,-0.03360000096071314,0.001994289194163945,0.0053558284266276845,-0.01651367383160751,-0.05468184660051578,0.031365884819931134,0.00815413011149893,-0.045471565496050415,0.06250863894376768,0.04982581107338491,-0.0056917287177496445,-0.007509175119745748,0.0028181177958384596,0.06880118116610251,-0.096866628138428,0.01122308681653672,0.0,-5.551115123125783e-17,-0.0001258838546941976,-0.004688198574125668,-0.0001078701401514559,-1.6653345369377348e-16,0.00022425130245901093,0.01857278659292294,0.0001649716530160994,0.03179654734329829,0.010471686819633785,0.0,-0.00047963890990249114,0.02117649278403161,0.01872187898847527,0.018697236195115763,1.534053143298353e-05,-0.00022102270618223896,-0.03386214381373803,0.006377989905354209,-0.00038713829837794256,-0.02108577887544283,0.013556246048317067,-0.01178293481105075,-0.003272753960061048,-0.002229459724924332,0.0040483503721210345,0.0,0.050305112162068955
-0.0022127059759251,0.0051421376694597565,-0.02037556806636459,0.00047950584755607206,-0.017960007955419466,-0.0026860231698530024,-0.035145257395873764,0.005141824028984887,0.009323510012982206,-0.013816214307541652,0.004180526059148759,-0.02697273639647474,-0.015537177637677257,0.01189760503612003,-0.007004628409592484,-0.005520324448187841,0.0043761251374884735,-0.009800604377222355,0.016989823318474928,-0.010384050365673969,0.021435603451840646,-0.0032777044936991295,0.0033790833486171956,-0.028773895762084944,0.0,-0.021710667113887194,-0.0005822527425000668,0.0009599758411874548,0.015332664866824108,0.007525265387349045,-0.006219980591168794,-0.017824796882805805,-0.015309672999910928,-0.004089407691608871,-0.016573519944416637,-0.0374822151145881,0.0022939919241183326,0.009679892717636362,0.02456360390432244,0.030752381301425324,0.02643921629418,0.024675801111339102,-0.0004825159943389612,-5.551115123125783e-17,0.04404572599431372,0.00033064111944969277,0.029935304954449182,5.551115123125783e-17,0.0,2.220446049250313e-16,0.0024004734417442664,0.015269395560324861,-0.008910994675421002,0.0004692665941724572,0.02067197202756038,0.023638525519058373,0.011498783653916655,0.02250317825051118,0.0,0.006146942537289424,0.017912016708705958,0.026469420706423608,0.025615410175269027,0.0,0.01625092794938726,-0.0004285713047338935,0.01565769075432305,0.006384445103341907,0.008121144714782702,0.023848733637258368,0.008893367656887197,0.0289903394563521,0.025118628555234612,0.01960441055995693,0.0,0.03572290438668213
-0.008658057754318549,-0.015765367861331425,-0.0014896101923292382,0.0003362557056623694,-0.02070222303568431,0.005636213033364423,-0.020594517949953595,-0.009871156084472976,-0.024625802920792583,-0.04671680464423267,0.007279915975943629,-0.04589453205640193,-0.008989551928405615,-0.004727605658028655,-0.0467187284447671,0.005163968411635023,-0.0327948742554251,-0.003239256034456406,-0.003275230714180455,-0.006221709454914293,-0.024406385243712914,0.008378127104224697,0.00020591873057895782,-0.03800220636125684,-0.021710667113887194,0.0,0.006937168202736044,-0.009148985283072009,-0.001185122319632026,-0.013619479619202957,-0.005001299927669234,0.0036803406423964735,-0.0015075448972495242,0.005171014588513212,-0.004164488798079569,-0.047474036419622834,0.01285361594209894,-0.007449832627005992,0.032673739581329686,0.018645095202286965,0.017729599910917992,0.03307505905466329,0.01857158542165621,-2.408443627632817e-05,0.03388715750022503,0.02725973249769076,0.030689061244599358,0.017491456093912283,0.0,-4.0234270800298955e-05,0.0071302922630211985,0.007408304919740316,0.0007472748014211161,0.01812810997087433,-0.0016474139306231206,0.0,-0.008178049491427142,0.005504159526014851,0.0,0.04750875461844495,0.037379690735726445,0.00968477473271906,0.018564823114099294,0.0,0.025966817300399903,0.03481449376134471,0.0222107757155397,0.009982995649766457,-0.019483847095536355,0.0169199483284857,0.01083050270732816,0.028193128954373203,0.007897896631645529,0.023896144882379344,-0.000387220242821118,0.028288662476249893
