0.0,0.7765295429500574,0.43250224703061035,0.0,0.6724617805185336,0.6627925043809123,0.5046379596288766,0.559279453143187,0.449729306984712,0.5932482774730017,0.5251488501380557,0.447261022604667,0.7525147459129993,0.6176600172796838,0.3486013874819909,0.7800285471856754,0.48993973379316447,0.6349056007267564,0.0,0.7195949217397486,0.2423776887987692,0.7900194299307847,0.5483302449859984,0.5157955708844446,0.49949515895861385,0.6349873518871119,0.5934116256489788,0.7481380264691063,0.7625395798453443,0.5356618436536055,0.7708096636263045,0.658701437417349,0.5640714016312046,0.7271666442271381,0.4896903287544917,0.7397263430952157,0.4921899801324082,0.5556002531024853,0.6789771051201885,0.5936216305156172,0.4941585663284168,0.6434847043419138,0.46718418879863566,0.0,0.3184814277854271,0.5710296958186292,0.7882556256896257,0.0,0.0,0.0,0.46777603424667985,0.0,0.5507156510806805,0.0,0.6945718353001002,0.0,0.6380270716178595,0.7843922197768505,0.0,0.6335723346994655,0.760702287750197,0.6412391565951,0.7944763190484452,0.0,0.6257993829868571,0.37979997018399314,0.8229837070866455,0.7135744063852083,0.5083811598064361,0.8356593094664464,0.6689288031568597,0.5846049210360137,0.4384609631559103,0.5502653294783124,0.0,0.7349785145030086
0.7765295429500574,0.0,0.6160253486350675,0.4228294218337187,0.4638441475938998,0.550873844096335,0.4125778070794175,0.5433876252483392,0.421505956763674,0.2937649472275,0.4670630908719412,0.3133787062651953,0.4891532652836941,0.28473226906433147,0.8291118777652876,0.6677988841992976,0.5457926598378078,0.7030540205377847,0.7383965180828792,0.510255512299292,0.7962780249947099,0.7790542066349484,0.6649157823776515,0.5827396167790858,0.5787871742933004,0.4164778269212619,0.5774947489084745,0.4812873616884556,0.5964750501730411,0.05961621418976207,0.7456408620630812,0.6380560895616292,0.5760203614255678,0.6458504912554377,0.5528253960765173,0.3712360861418923,0.057964919962976195,0.0,0.8490860907742732,0.9142568608589499,0.6473292366013325,0.8692616076498902,0.610460914396671,0.0,0.0,1.0906515654563453,0.8783184722155102,0.04823506247859004,0.0,0.0,0.707466757369942,0.6398100100913697,0.7920358959506011,0.8457677628626603,0.9176916434738991,0.0,0.7314035816284187,0.7088255822886784,0.0,1.084629695690026,0.8399144807444289,0.7367494020005559,0.8091605216901762,0.0,0.9959071513532938,1.025358695763667,0.9087431373031114,0.8090092487091411,0.4649459565026557,0.834351743081454,0.8322455393281165,0.9279286430235849,0.8463013544792637,0.893371624104188,0.0,0.9591684987614415
0.43250224703061035,0.6160253486350675,0.0,0.6393819702464617,0.3696257229905463,0.5664074546289936,0.5261442715435154,0.765420074863967,0.3862403824825591,0.6373124971759969,0.527475669723005,0.6635032309291327,0.6222007332081154,0.7401440158324127,0.6592508770170458,0.44138913507121486,0.7023020004755608,0.7079433401184535,0.4148796574581795,0.4773275721553846,0.5044424194260778,0.632920401973099,0.5790796709259155,0.2333076464479767,0.4519116473901186,0.5765538498695397,0.3435412370541135,0.6525285654286473,0.6774442000199772,0.6656448277908855,0.643665343506745,0.6042494106938795,0.4223756187865539,0.6708896243516252,0.49114761913184257,0.7334470277998081,0.5004745565757964,0.6478251330932066,0.8679488501124228,0.4974970030845296,0.7290158036618369,0.6363311330181702,0.8455158165934876,0.8310282936490083,0.0,0.0,0.41334533609927904,0.7842443328995559,0.4822532618761124,0.7243651857060867,0.7769581679094134,0.738838479117234,0.747944505098606,0.8079171785605332,0.43256312009402687,0.9297932279332106,0.8446846530300707,0.7888010606780722,0.7430406940252657,0.3580433757496164,0.0,0.0,0.0,0.25051196448741075,0.8427728004110586,0.4333638230424648,0.25004964012424946,0.7958454241551509,0.0,0.5545635621055045,0.6533420326025013,0.8154256875257856,0.7633982224282387,0.8154100926755201,0.6807645562586707,0.6455442554075165
0.0,0.4228294218337187,0.6393819702464617,0.0,0.6695486894513695,0.6615860278358872,0.5856471231023359,0.7754236994139019,0.5888017698276438,0.4025788732750879,0.5911151402973125,0.42530797100718165,0.420379066297604,0.6995718075489152,0.580975783735878,0.2895015195474854,0.3773710309461381,0.46709607200844155,0.555189019516696,0.46033493057815306,0.4456257174166371,0.4929915003906451,0.7749142880297271,0.18248542819090713,0.8093562356782433,0.5797546718288418,0.680828924176606,0.5501139419942168,0.5903527725050437,0.5300048704870559,0.5150435454825292,0.27341840900026015,0.21052718898652212,0.5742864130304015,0.3801994030642532,0.4472865985350467,0.4951558744884844,0.7310490591423078,0.24821079527823828,0.3970322810281546,0.6745046297938199,0.45967471362185847,0.49675128580036654,0.26772631937283,0.0,0.0,0.0,0.9969642778422085,0.0,0.0,0.8975453752304681,0.0,0.4655461227978053,0.3371624002279143,0.0,0.4425847196404676,0.3299655901909294,0.45667604352928326,0.0,0.0,0.0,0.0,0.0,0.0,0.0,0.0,0.4837136533803009,0.8029728494824554,0.0,0.0,0.0,0.6621986200049275,0.4804662475987492,0.6454699842560236,0.0,0.0
0.6724617805185336,0.4638441475938998,0.3696257229905463,0.6695486894513695,0.0,0.41808872862316326,0.38894432828709546,0.5793738257008342,0.19575263574732177,0.6703467195675477,0.3201483110452883,0.5158117883959351,0.5433787418878329,0.5964265947076894,0.7492853236312862,0.5240805383481153,0.8046792515987669,0.2937459552374987,0.37042303359146633,0.6210040311100601,0.9591479333492348,0.5676020714975227,0.364272073804806,0.6106494030414109,0.47978607310001253,0.42997256237613624,0.40698806438440993,0.6503465154874413,0.5922520956128763,0.5495506727104897,0.5560741902451403,0.4268026839057877,0.5772931693124606,0.5905099437980954,0.49516864737909166,0.5819109829293867,0.8771909913075422,0.5862761711358404,0.49498502067723515,0.46094036519783776,0.25198960594583586,0.5325151646692398,0.5880770054843799,0.30889366337726437,0.38335037760356916,0.0,0.3958042334298429,0.6406338774549183,0.0,0.8156138180920203,0.7097882624313535,0.7577108984835446,0.45040297489909853,0.5761113342850785,0.0,0.46352193016679116,0.4206832117148296,0.8942666047149694,0.5668524738239928,0.4225772724040817,0.4601895157363982,0.0,0.0,0.7046102458764653,0.681968354235496,0.49309177292467016,0.7606933834357411,0.6755928220738158,0.0,0.4987058412414276,0.6589592155960816,0.633446230659443,0.722079179218428,0.7090920824281923,0.0,0.7422966734070804
0.6627925043809123,0.550873844096335,0.5664074546289936,0.6615860278358872,0.41808872862316326,0.0,0.5469902622765578,0.7845046317111879,0.45266791443686305,0.5578317333022363,0.622213693937326,0.6882564486610706,0.5089945490318195,0.7130752134023349,0.8446166101114285,0.7263419946833792,0.5576768607679626,0.6846928461207973,0.4270177421625265,0.5667363950550919,0.7449183791159597,0.5987259093432445,0.4756454346218733,0.46084874029015904,0.5688250945768356,0.7130087702027237,0.47575404126404236,0.7072596924368284,0.5253231326778993,0.5212488894691802,0.49233239569653237,0.5417784470583804,0.7271141432161481,0.5721273746579775,0.5378895128117214,0.700473554574399,0.6182266442859645,0.5250880461565927,0.8423395164580807,0.3423549584145882,0.8380358482274634,0.6635827029199326,0.7921783016396032,0.7805992482360098,0.15739341288929254,0.6658784836222708,0.7777128642544031,0.8135261836498981,1.2543196914123635,0.6165436571367973,0.8561570131437928,0.8357771737227363,0.8097124236060974,0.7876284695698951,0.8803174065497557,0.7081401235384295,0.3612370903575697,0.8456521264263723,0.7971162620690728,0.7354035133946251,0.8197498550784063,0.0,0.6493403721092744,0.6576874393275092,0.8289241687315243,0.6609150042895685,0.759380415193269,0.7504796498248922,0.5045928632638541,0.7141243390961438,0.7125031700709703,0.7841472269706321,0.7469524653312857,0.8574606995068697,0.7019276545406958,0.7857316383996711
0.5046379596288766,0.4125778070794175,0.5261442715435154,0.5856471231023359,0.38894432828709546,0.5469902622765578,0.0,0.629768108191737,0.3738047797456572,0.4442959185179152,0.5216269487745647,0.31372976973089295,0.7622826572545078,0.49489786570053823,0.45225927248248077,0.46287901406450416,0.384373877290789,0.4221555341153088,0.5041070690810526,0.5638644920745406,0.6071227619943029,0.5441258646685829,0.5218403444711901,0.27758470882720476,0.37735003623126584,0.5282620682089635,0.44963257079224894,0.6135339713057526,0.5346720231986533,0.6733017144062259,0.4760472867008154,0.3468230128732819,0.32350672568559014,0.25989555063497793,0.09658851716827074,0.6198361877976095,0.5968101786927693,0.5601348370634951,0.523709808157774,0.45426258939679215,0.318673388262264,0.09669864445577098,0.789305629833934,0.8851502133873286,0.1573029016507281,0.0,0.6712805121254297,0.583438792592001,0.0,0.7310010394764201,0.6499591143886703,0.7952902909418033,0.6454465515715835,0.8585407658389332,0.6064064748409186,0.5968851902735459,0.43331010970249434,0.6976759252517879,0.6623299505043144,0.5938698130474087,0.6073013759117654,0.0,0.5148664226978057,0.7912249198251975,0.6970559616290228,0.5646631770306256,0.719633857144547,0.7351952728736595,0.46940425466838975,0.7826195357084327,0.634517587160374,0.6906275117255302,0.7402061192361631,0.6127126602552941,0.8840834516252537,0.7070003097420423
0.559279453143187,0.5433876252483392,0.765420074863967,0.7754236994139019,0.5793738257008342,0.7845046317111879,0.629768108191737,0.0,0.5334235196303643,0.7694451655431945,0.5979539340417123,0.5939527974577492,0.7567908317435166,0.7828080829513988,0.5770549637247545,0.8169578875259258,0.5287024079360241,0.6563225802860773,0.631579848959096,0.5108442610308441,0.5930439828383312,0.6986711918533278,0.6377872188876191,0.3693191748557072,0.6572594562556906,0.5557249464916787,0.6936994367441418,0.7445724951927539,0.6983839397954832,0.7199391595832512,0.6645240987382541,0.6637827130651377,0.6906294466921701,0.7081365297925157,0.4389285358619235,0.5236156790206284,0.7272845560626215,0.7588619056833044,0.6977162046016196,0.7460451913243105,0.4410940117084331,0.7730557318213038,0.6705873518963408,0.42633339450907787,0.0,0.5466934315474368,0.5599648555192833,0.7804183883309903,0.0,0.8266911345067205,0.8264509703313923,0.8697413490464547,0.35676426793380156,0.6361216218230987,0.6308317571241179,0.5193573111426766,0.9716698870143825,0.6946910023379722,0.48898183228533376,0.7639259308108628,0.6759537984685725,0.0,0.5572336885530942,0.7363368509234658,0.724097274918241,0.6271475081346378,0.5554105565380347,0.7560286254655402,0.0,0.636357063661939,0.5851612629389882,0.7247235969743653,0.5301251811372029,0.6835095521026926,0.5612194622813267,0.4920163269239606
0.449729306984712,0.421505956763674,0.3862403824825591,0.5888017698276438,0.19575263574732177,0.45266791443686305,0.3738047797456572,0.5334235196303643,0.0,0.6026207669344679,0.294379337653902,0.565792001724343,0.6571393803051597,0.4679523019062915,0.8712905713939069,0.5556078330797106,0.5823489001432461,0.6731215472732286,0.3073789148938785,0.5684500893298898,0.6258867963198145,0.6075112024750962,0.49368763177919905,0.4179199055134721,0.6054009101393343,0.4929552052664477,0.6909612609352191,0.6307939924842134,0.5038381327383006,0.584113271194292,0.6220198555047765,0.603239083388736,0.5523122345775819,0.6517019201819203,0.5506729071470708,0.5420698875556224,0.6023581667510949,0.6599571478086292,0.8569727863574361,0.6249605821425694,0.5652849233436238,0.4225708872231568,0.750955265898146,0.4489903485756953,0.38248468270664404,0.0,0.6144473404163937,0.6181294060795046,0.48069368921387184,0.877841640716515,0.8578254538819047,0.8647042861064496,0.6677314927198807,0.6265124776794786,0.4716327943464346,0.5676125625994557,0.5582719151836972,0.802472927247616,0.6372419339962685,0.7339041684434384,0.643573012466814,0.0,0.0,0.749453913498344,0.7516532816514367,0.6554997948599467,0.7047344109635475,0.7632516862702837,0.43802348370427724,0.7174076304112604,0.5192810319994493,0.7259771702708329,0.7091376538935334,0.9660426071164672,0.8090705025282341,0.8888535474572987
0.5932482774730017,0.2937649472275,0.6373124971759969,0.4025788732750879,0.6703467195675477,0.5578317333022363,0.4442959185179152,0.7694451655431945,0.6026207669344679,0.0,0.6524583660713286,0.5886300438335084,0.5582264766082323,0.9209977514055921,0.5386245696525545,0.6012304498859472,0.6734625392754714,0.5417705789465614,0.6429047982593251,0.4674938158930918,0.8408010248626552,0.6465085688647616,0.6690018038283632,0.5004240639887703,0.6421949607603157,0.3546335267367351,0.4686893641149278,0.601930584523705,0.4983411535727128,0.35015650203420057,0.5563114563771946,0.41080221268461503,0.7299537619359608,0.5892921627019305,0.25815594903220807,0.6729742683054978,0.5860929427620867,0.6659957942220442,0.9298533925534526,0.6826524081612668,0.7869115744537319,0.5107246064737253,0.31998213637041906,0.38519857216120257,0.6705706413606796,0.6854145437591684,0.8131730014475729,0.37478290311949825,0.4897936775183377,0.48269294622495634,0.7310751934668123,0.6130957925195202,0.7077279618578084,0.36904467305039435,0.6223799433720419,0.52603000942661,0.7133317557677366,0.6866154405475553,0.0,0.6247260916452054,0.753501064793282,0.749141619711007,0.8218724235045585,0.4804314413945098,0.473981842351707,0.5980658346952454,0.5468422839917292,0.6815595110118844,0.4374529886486489,0.7365218848181168,0.6063900952153936,0.8562849848422367,0.6052593719321775,0.7951527865734236,0.0,0.7259248319729268
0.5251488501380557,0.4670630908719412,0.527475669723005,0.5911151402973125,0.3201483110452883,0.622213693937326,0.5216269487745647,0.5979539340417123,0.294379337653902,0.6524583660713286,0.0,0.625592786361771,0.5981279270777166,0.4516756313384955,0.0,0.5037278040757317,0.5168775351540135,0.7019663376457912,0.34275897380098475,0.4589298891064836,0.38769058706207005,0.4334460906041536,0.15301915143333233,0.46277685669298435,0.6511974510310029,0.70710129351526,0.5543453372191287,0.5930861083066046,0.5651218449974599,0.48702687229010155,0.5929842183736356,0.6376091461145682,0.48546662235376137,0.625489933240118,0.5436775939382115,0.782760586676196,0.7304414073661927,0.6430408080208174,0.6482957716074864,0.6577267880602865,0.7762786032894613,0.5253912087053356,0.69080523347545,0.72122732535286,0.2611345592634376,0.0,0.0,0.7145138507001769,0.4749016826494711,0.6575930223957935,0.756910175277058,0.6850980749040005,0.617770010484162,0.53227369449795,0.6029244508036344,0.4687517046338243,0.7231280512110889,0.7537067704583178,0.7213870249263934,0.0,0.0,0.0,0.0,0.5272114236671156,0.5424949093813041,0.0,0.53175287660251,0.661886669412646,0.0,0.0,0.9575215818103355,0.7221770057972308,0.6406403231634095,0.4495178444456767,0.0,0.5710870609624754
0.447261022604667,0.3133787062651953,0.6635032309291327,0.42530797100718165,0.5158117883959351,0.6882564486610706,0.31372976973089295,0.5939527974577492,0.565792001724343,0.5886300438335084,0.625592786361771,0.0,0.515407390522177,0.7024733271163436,0.37363060907697443,0.8012540781507561,0.6347254285248402,0.6108748816870759,0.5944695761992773,0.8266072606810273,0.4928665691043763,0.8323447134307143,0.6122000511889838,0.22160820831723205,0.4361935456124698,0.2600576389583724,0.6713644657959111,0.5828190497502241,0.8560755473878419,0.5064623802691921,0.47641830137447794,0.2899193741806053,0.5979841793152869,0.4688228764669192,0.6237201102853893,0.26249767330444573,0.7238995420046461,0.30157096473535616,0.46437702394849967,0.7591713022026221,0.7868740632171622,0.20023445317611774,0.4857156032901083,0.1823383833720702,0.6756330153213724,0.5176785324184526,0.5921081318465472,0.6131737153931803,0.17199591569049197,0.47259075883651336,0.3670190870102994,0.4248545120908598,0.3634452370429221,0.3913785595459389,0.6340012645130197,0.2348417938056431,0.7784525367689499,0.7565542757087858,0.5719951979973849,0.5301216804297713,0.7567939033550208,0.71837292745517,0.7747097964589342,0.5516591996033071,0.9290739737099616,0.8876698106661265,0.5171763745062316,0.7619454866738558,0.491315304400866,0.7107233038610332,0.5309567678683731,0.8428214074550993,0.778277217764159,0.5683554132301079,0.0,0.7774184575071459
0.7525147459129993,0.4891532652836941,0.6222007332081154,0.420379066297604,0.5433787418878329,0.5089945490318195,0.7622826572545078,0.7567908317435166,0.6571393803051597,0.5582264766082323,0.5981279270777166,0.515407390522177,0.0,0.5423802068071286,0.755584018151354,0.6083085746222149,0.48897403331720846,0.6280284261299671,0.5980082633550076,0.65482354180759,0.6621344691692548,0.6058253968052827,0.652345507392009,0.4733935522432517,0.5727400644979956,0.6258537235461246,0.6263129530315964,0.8190538071504307,0.5773861769145348,0.6962042285843193,0.564561540130212,0.5163737278012037,0.49531231843147683,0.6434945886275152,0.4472994222722343,0.5683800216606726,0.6273751139335519,0.6597835485242534,0.485124333555603,0.5607905453958499,0.48904839304370257,0.5696935334633331,0.5225081577895017,0.6802931684353267,0.35752712850200474,0.5865908938144684,0.8291644760401353,0.7586537342702,0.0,0.9350093067028807,0.8701908835436694,0.8296392190406212,0.7102436701284311,0.8135511578897245,0.5629802480159585,0.45590179146448373,0.6014596371740639,0.9030520250050078,0.572442380727687,0.5710995315533087,0.7494409828702187,0.6207386675745896,0.5104649060441053,0.8585987773090829,0.6498380918067894,0.6812459092908764,0.7573981486537374,0.7991609525365673,0.5755502582054954,0.7056065548661331,0.7100663304783452,0.7740571553174764,0.7943992277348331,0.6880264382950891,0.6818382609151875,0.7686847266139865
0.6176600172796838,0.28473226906433147,0.7401440158324127,0.6995718075489152,0.5964265947076894,0.7130752134023349,0.49489786570053823,0.7828080829513988,0.4679523019062915,0.9209977514055921,0.4516756313384955,0.7024733271163436,0.5423802068071286,0.0,0.26059085436147433,1.4962762785978767,0.4944504116390411,0.4812378365787914,0.7129545085345599,0.6040416391789488,0.6702963166028421,0.19944694146596456,0.6760379624737005,0.7135002646665892,0.5925896435730984,0.46129906694110145,0.743253605375938,0.7585835845263723,0.5173096107255861,0.810945950865253,0.7168649955680749,0.5359601975472313,0.3230122565442868,0.710972536388299,0.4074395685690614,0.4009882116000915,0.2903901920312172,0.24068892002498554,1.0117874860100042,0.0,0.664123948074979,0.6986560274017467,0.8532454070249855,0.48154266306449706,0.0,0.0,0.0,0.6466409647485427,0.0,0.6210947729746026,0.831345234595659,1.0602903114792634,0.54255803444789,0.5654282060810988,0.0,0.6413680324302788,0.38743535438836524,0.6118741179155928,0.3795085151543623,0.0,0.0,0.0,0.0,0.5382020141047991,0.0,0.0,0.0,0.7292650828955476,0.0,0.0,0.0,0.6839157812905374,0.7902914283631652,0.0,0.0,0.0
0.3486013874819909,0.8291118777652876,0.6592508770170458,0.580975783735878,0.7492853236312862,0.8446166101114285,0.45225927248248077,0.5770549637247545,0.8712905713939069,0.5386245696525545,0.0,0.37363060907697443,0.755584018151354,0.26059085436147433,0.0,0.7556194647173361,0.4063625923991088,0.530961884848037,0.0,0.5917343390358143,0.3397282554665194,0.6849342012415687,0.34716862698128015,0.19505871128850416,0.514683454135212,0.265834366635462,0.5561731156558245,0.4028340629345079,0.7322314214697532,0.5672145672606261,0.6113062649642693,0.4922064458459011,0.6942895581572244,0.5527181307197253,0.554603568158214,0.44450520686694994,0.33836922147402393,0.39127268793038816,0.630855922442963,0.7115964181062326,0.6286432490751954,0.6321304213989326,0.4676544798667873,0.45160448701496597,0.0,0.8322819001343046,0.9574242117251177,0.6483427912313289,0.0,0.0,0.6238377047812231,0.8236185115163572,0.6416969539358963,0.613473490380829,0.0,0.0,0.5453695035124386,0.6789163841424724,0.4770728170793123,0.7123488883696494,0.9169529251694943,0.5533706330553896,1.007869823550016,0.0,0.5826826570730399,0.859966118587953,0.8610863220988082,0.4423054472667878,0.47002075393673226,0.8733468937534998,0.8216409575369349,0.7410264142957961,0.6189399911338178,0.7353592784441381,0.5509844103982411,0.6357318599997059
0.7800285471856754,0.6677988841992976,0.44138913507121486,0.2895015195474854,0.5240805383481153,0.7263419946833792,0.46287901406450416,0.8169578875259258,0.5556078330797106,0.6012304498859472,0.5037278040757317,0.8012540781507561,0.6083085746222149,1.4962762785978767,0.7556194647173361,0.0,0.5728715761922609,0.6513709454332386,0.4584997629073429,0.5574625817380119,0.7631546527471511,0.6802647154530309,0.7328858476859736,0.529915072468871,0.6175308101291237,0.7347829161710522,0.6457332508253688,0.6431516295629807,0.6059278558394536,0.5626520356259345,0.5852232097379972,0.6435733757898842,0.4776051903589167,0.50816986343321,0.5844206291740559,0.30418244450570797,0.4739273113548582,0.9147154884400333,0.9633318288931184,0.9317466024997525,0.7722456001193148,0.7945326430486787,0.46777590842062555,0.0,0.0,0.9714790444727961,0.8833955196299431,0.0,0.0,0.0,0.5490439562452483,0.7577263928214638,0.9589573994902377,0.0,0.6889160389728768,0.0,0.5978852289513095,0.698395565159059,0.0,0.7665134305388099,0.7696817750740601,0.9775347824339151,0.772887732145987,0.0,0.9784040494503152,0.9206394481425402,0.7444498655990393,0.7359484107844428,0.6073098295246762,0.8532262998409226,0.8559764565900662,0.8510799328958653,0.6023903152299579,1.012490404446541,0.0,0.7995982178228095
0.48993973379316447,0.5457926598378078,0.7023020004755608,0.3773710309461381,0.8046792515987669,0.5576768607679626,0.384373877290789,0.5287024079360241,0.5823489001432461,0.6734625392754714,0.5168775351540135,0.6347254285248402,0.48897403331720846,0.4944504116390411,0.4063625923991088,0.5728715761922609,0.0,0.7199014399391892,0.9707246833067518,0.5038999241245148,0.581137109127988,0.6764201283210151,0.5595926114860679,0.5327773601658767,0.6705147229992695,0.3125446185753462,0.32287039438418896,0.7665628466603919,0.36428719052258596,1.002867905718176,0.5542843451719326,0.6254669083774045,0.6529512495410799,0.6262530433818937,0.4241374497625408,0.17635208926727658,0.36225132402538296,0.6058225965098469,0.8334928546880639,0.8561744567751413,0.724782256012978,0.8458473165509071,0.0,0.0,0.665120892262147,0.8825912484757114,0.801325380522526,0.0,0.0,0.0,0.0,0.0,0.0,0.0,0.7510961263734182,0.0,0.696186964979711,0.6684536650568582,0.0,0.5885039960054084,0.595723073065149,0.8065928337308532,0.8345006130511019,0.0,0.0,0.0,0.572169440944704,0.0,0.7730395633285457,0.8380073971257951,0.6521732605983236,0.0,0.39174607355499125,0.48274589735643203,0.0,0.9295859477286039
0.6349056007267564,0.7030540205377847,0.7079433401184535,0.46709607200844155,0.2937459552374987,0.6846928461207973,0.4221555341153088,0.6563225802860773,0.6731215472732286,0.5417705789465614,0.7019663376457912,0.6108748816870759,0.6280284261299671,0.4812378365787914,0.530961884848037,0.6513709454332386,0.7199014399391892,0.0,0.8582782890945229,0.6289292650986333,0.6096789862408816,0.6215516757043094,0.6358524895385949,0.5767360775169054,0.5712719386696129,0.5703870676099254,0.6732225611398872,0.6091168093661214,0.609700964141448,0.5442726833133142,0.5024755225471461,0.5991826328848249,0.573757945907063,0.8019903761386857,0.5413009320293024,0.45548578407194174,0.4072310283958307,0.5590319121711961,0.9468020831593014,0.757237660537606,0.7423632158804663,0.6871008005525143,0.0,0.0,0.6736826654565911,0.7045051509702667,0.8616188556717466,0.0,0.0,0.0,0.6652582696439995,0.5137372601567064,0.586063553148896,0.0,0.8110579277741556,0.0,0.7768675725254308,0.9439010281615712,0.0,0.5883045117562034,0.7102800611486637,0.8548708180831289,0.755225071993568,0.0,0.6964545924553609,0.6949929852210306,0.7565151404139752,0.7170615025434717,0.8597135352380454,0.8062008080497842,0.78867248983347,0.6563028019225485,0.9470977235905031,0.778301417468822,0.0,1.00920387571083
0.0,0.7383965180828792,0.4148796574581795,0.555189019516696,0.37042303359146633,0.4270177421625265,0.5041070690810526,0.631579848959096,0.3073789148938785,0.6429047982593251,0.34275897380098475,0.5944695761992773,0.5980082633550076,0.7129545085345599,0.0,0.4584997629073429,0.9707246833067518,0.8582782890945229,0.0,0.5253759938575897,0.711765134943642,0.764386440048468,0.3504082206501695,0.049896043087660547,0.7994355056123006,0.6028521501823527,0.3716480006018027,0.6143763957394627,0.68261407400276,0.7281696405150249,0.583258427450531,0.5312117913011346,0.271614897095886,0.6137374354794494,0.40460299633022556,0.7158949262605582,0.4729895708195402,0.46516004907557085,0.98683802153897,0.4648928579900744,0.8902996484259061,0.22350605833781295,0.8951862186060597,1.0851698488069836,0.01073128388259164,0.0,0.0,0.5814941618103429,0.0,0.6961505190185298,0.7874265114332548,0.8575608822799128,0.7142896051930891,0.7836317856470092,0.624619578073637,0.20885432905807735,0.5586805913582533,0.7131046097057807,1.0467963464850625,0.0,0.0,0.0,0.0,0.8458047884689694,0.4786684092519808,0.0,0.49486935032354384,0.7935777633739816,0.0,0.0,0.0,0.7667735568836771,0.8646154395329708,0.7435233092855238,0.47520903233990763,0.8248098991859947
0.7195949217397486,0.510255512299292,0.4773275721553846,0.46033493057815306,0.6210040311100601,0.5667363950550919,0.5638644920745406,0.5108442610308441,0.5684500893298898,0.4674938158930918,0.4589298891064836,0.8266072606810273,0.65482354180759,0.6040416391789488,0.5917343390358143,0.5574625817380119,0.5038999241245148,0.6289292650986333,0.5253759938575897,0.0,0.49072241500870406,0.37589160178464626,0.4563989466103693,0.22489693064591704,0.5532786264330085,0.5726228034035203,0.26417428218695094,0.5922428636972725,0.5934417458769148,0.5696509167440855,0.5967224726736856,0.4092365446101199,0.22743369082152168,0.6657063775433008,0.599669582917282,0.720538666548268,0.5637979249632823,1.0351147026133845,0.4769438681886947,0.6939396987884,0.701589290647753,0.7550192093950188,0.48688686737088505,0.10607228611694627,0.35494784926597167,0.6259055092170158,0.7754274644255159,0.7629065792806573,0.0,0.0,0.37586431303197576,0.7019252563911702,0.5079728229794387,0.5299048872962623,0.7933799088164357,0.0,0.46051172592956935,0.6762059043684768,0.0,0.786392884245672,0.5870454741935778,0.46725057112584734,0.6572203713549636,0.0,0.6787229031321749,0.590282758078281,0.6596088986645182,0.639364241526863,0.0,0.5695497119724479,0.7179749707800789,0.6331823228098672,0.44040244024297504,0.6432267060745047,0.6684648656216811,0.605182229750596
0.2423776887987692,0.7962780249947099,0.5044424194260778,0.4456257174166371,0.9591479333492348,0.7449183791159597,0.6071227619943029,0.5930439828383312,0.6258867963198145,0.8408010248626552,0.38769058706207005,0.4928665691043763,0.6621344691692548,0.6702963166028421,0.3397282554665194,0.7631546527471511,0.581137109127988,0.6096789862408816,0.711765134943642,0.49072241500870406,0.0,0.6452601870566826,0.46292608534833957,0.32899515068947927,0.6805348696679865,0.46661848339572215,0.3928238247865527,0.6509887972444877,0.6453082656665863,0.6408500586357385,0.8104376847559325,0.44690657473943446,0.6484965934906162,0.5932259210706139,0.7382194253466556,0.4891071335884205,0.5243341431770947,0.5051051034426279,0.6619327775852822,0.41586875677389984,0.545298987748543,0.6415211021796445,0.7072670062301334,0.0,0.0,0.8366678722074783,0.8137393202665978,0.6501881840961479,0.0,0.0,0.5426582886042545,0.5250069716836631,0.12337000271635945,0.6583807794965488,0.7455901015629298,0.0,0.6819356713110305,0.6443865924338917,0.0,0.7843944786082339,0.7710418759296749,0.0,0.8413872669979057,0.0,0.6590381105230576,0.7813519559602733,0.7005675161356315,0.5156941123965657,0.613616190627148,0.7273571999920558,0.8387170239284665,0.5682092985660272,0.646270374516692,0.5431093735508423,0.4788687802991613,0.3710247164904608
0.7900194299307847,0.7790542066349484,0.632920401973099,0.4929915003906451,0.5676020714975227,0.5987259093432445,0.5441258646685829,0.6986711918533278,0.6075112024750962,0.6465085688647616,0.4334460906041536,0.8323447134307143,0.6058253968052827,0.19944694146596456,0.6849342012415687,0.6802647154530309,0.6764201283210151,0.6215516757043094,0.764386440048468,0.37589160178464626,0.6452601870566826,0.0,0.41775063801347967,0.09118140162797045,0.6820218574951472,0.7670882032153918,0.5343601826896962,0.6865306952047263,0.6015045902114868,0.6753786165390981,0.5870913570743006,0.5303944892930705,0.4230060072651083,0.5761190468524456,0.5749836622464478,-0.112057498851451,0.6982065593604152,0.6345168653330227,0.6880906694034858,0.8705462564407465,0.618549170038058,0.7787543892944597,0.3698477003611037,0.3800459431374227,0.4204563209031188,0.9945147358486588,0.8463132747861825,0.776157351619517,0.4798272707246163,0.39954277497856194,0.7527697673245526,0.7549508672246809,0.6028498967017732,0.7763570189672382,0.47371318783526983,0.0,0.6179297348632798,0.6783720437165717,0.0,0.8582024942746012,0.7574715317190335,0.9248023187222707,0.7530948772463395,0.0,0.7885646765230285,0.856709035076217,0.7680217864743999,0.6670384748654854,0.8290064953915517,0.6652222909771016,0.8320858239307952,0.7162380578483194,0.278238589963035,0.6899575865282634,0.6945276333156893,0.697702621748248
0.5483302449859984,0.6649157823776515,0.5790796709259155,0.7749142880297271,0.364272073804806,0.4756454346218733,0.5218403444711901,0.6377872188876191,0.49368763177919905,0.6690018038283632,0.15301915143333233,0.6122000511889838,0.652345507392009,0.6760379624737005,0.34716862698128015,0.7328858476859736,0.5595926114860679,0.6358524895385949,0.3504082206501695,0.4563989466103693,0.46292608534833957,0.41775063801347967,0.0,0.5013537585341654,0.6383246929911053,0.6225227396332255,0.4465036979693606,0.6196622405094554,0.6525665349816536,0.5973738090279777,0.6213309135588452,0.6021752945935153,0.5241347941489088,0.6731747641133748,0.6437613264826865,0.8193830360954577,0.6925686784923634,0.6383822248383886,0.700154949322811,0.679040027795589,0.6465802397453706,0.7681162720377971,0.7694134852721712,0.8334024408933431,0.6593119155512557,0.27720142872270875,0.8184290821673985,0.7659359243502162,1.041429961313204,0.7821048297297954,0.7897970016275786,0.8379543604609402,0.6859844862941604,0.7614467350655355,0.7595017749033413,0.7154760397903653,0.6795457309119224,0.7231539129034732,0.7384011264083201,0.7634347342465573,0.8058515516592728,0.4739818423517056,0.720360578540241,0.7677956065956018,0.693157988021472,0.46939772168871197,0.7604898640846409,0.7133391393429961,0.3682210941825007,0.80976989157756,0.6457264944007856,0.6789017162344966,0.6754224867956891,0.7178254078906023,0.7499605449424893,0.6808063624601566
0.5157955708844446,0.5827396167790858,0.2333076464479767,0.18248542819090713,0.6106494030414109,0.46084874029015904,0.27758470882720476,0.3693191748557072,0.4179199055134721,0.5004240639887703,0.46277685669298435,0.22160820831723205,0.4733935522432517,0.7135002646665892,0.19505871128850416,0.529915072468871,0.5327773601658767,0.5767360775169054,0.049896043087660547,0.22489693064591704,0.32899515068947927,0.09118140162797045,0.5013537585341654,0.0,0.4273411602604208,0.23923873189057457,0.4099892583673229,0.5305537777530488,0.8680001492854635,1.004328271261181,0.6289143330078284,0.2248266275106796,0.5198565125703511,0.4782618792192586,0.36194099489706,0.15879944104812282,0.5263788607946028,0.44748431258099775,0.5081093600815179,0.9488542425829698,0.7717286445957774,0.5276481986280879,0.4159458820324756,0.5241775380253896,0.8338035012945644,0.13358844107798598,0.6481683005387836,0.0,0.0,0.46436020934789823,0.4682063331700965,0.38075248919911603,0.0,0.3279287797027458,0.6705178727760323,0.4986618954416041,0.7790777092830522,0.5807386500257248,0.0,0.359381678306069,0.707028798606891,0.6855045091248633,0.7305513161228288,0.4775508403809093,0.4034010246462689,0.2168364894304195,0.5487703568388917,0.6440887002807603,0.38246036737713124,0.7280568212440031,0.5709749037558887,0.35874368948061386,0.6332800766646127,0.8387417826064383,0.0,0.8602121454178632
0.49949515895861385,0.5787871742933004,0.4519116473901186,0.8093562356782433,0.47978607310001253,0.5688250945768356,0.37735003623126584,0.6572594562556906,0.6054009101393343,0.6421949607603157,0.6511974510310029,0.4361935456124698,0.5727400644979956,0.5925896435730984,0.514683454135212,0.6175308101291237,0.6705147229992695,0.5712719386696129,0.7994355056123006,0.5532786264330085,0.6805348696679865,0.6820218574951472,0.6383246929911053,0.4273411602604208,0.0,0.27158517350007655,0.6536743178949103,0.642009260923182,0.6864594684050704,0.5653229388614542,0.5846662100123168,0.29651071743488633,0.4916512589083757,0.5065498894047791,0.36485029189151574,0.29480751782103887,0.6377833513601062,0.5667978241530658,0.8639922258842093,0.7676347129046734,0.7675229810601502,0.8040697006370292,0.1910024448013788,0.0,0.6800292921809379,0.6555953619122847,0.8814519249022899,0.0,0.0,0.0,0.6268532414876817,0.7575099735445349,0.6060909886917509,0.4249794512008206,0.6911721020681247,1.2518259644231053,0.6858884916746433,0.6457030294200037,0.0,0.6428987561807438,0.732095194144321,0.7338082997026416,0.7999906684872191,0.0,0.7739154249006557,0.5880337236115749,0.7380020452698097,0.62197945253895,0.6756564805264968,0.8064063586399031,0.7111238367587134,0.7370558803110026,0.841310811871534,0.6335525850136611,0.0,0.9506249924267148
0.6349873518871119,0.4164778269212619,0.5765538498695397,0.5797546718288418,0.42997256237613624,0.7130087702027237,0.5282620682089635,0.5557249464916787,0.4929552052664477,0.3546335267367351,0.70710129351526,0.2600576389583724,0.6258537235461246,0.46129906694110145,0.265834366635462,0.7347829161710522,0.3125446185753462,0.5703870676099254,0.6028521501823527,0.5726228034035203,0.46661848339572215,0.7670882032153918,0.6225227396332255,0.23923873189057457,0.27158517350007655,0.0,0.7554527416285464,0.6299822504772773,0.6668836875451554,0.3516923643345141,0.5551672828810621,0.6808166870927232,0.6219364791129258,0.6201202132361068,0.5628984650428327,0.2268034310481874,0.6539993682816485,0.4020534177197219,0.8877003371597577,0.7325977693716765,0.8222506021784766,0.7078409474967127,0.3566181084020086,0.5124268120419588,0.6778778087958887,0.8686963632877589,0.9483728128840536,0.9185706346404813,0.0,0.003587368349102839,0.7323998887503325,0.6740218078789874,0.5301427242007111,0.7791139395023554,0.5631495923922789,0.0,0.5960155863538443,0.7279926096432661,0.0,0.9950300473124019,0.9434974276203173,0.6156760425158521,0.7487370261091879,0.0,0.8053569179862184,0.987025143252229,0.9144198677961151,0.7086846819346798,0.496314834790426,0.7836807514068598,0.7389086022513073,0.8967850577714541,0.6423458441214338,0.8948084280639077,0.4797884135783935,0.8703285497263628
0.5934116256489788,0.5774947489084745,0.3435412370541135,0.680828924176606,0.40698806438440993,0.47575404126404236,0.44963257079224894,0.6936994367441418,0.6909612609352191,0.4686893641149278,0.5543453372191287,0.6713644657959111,0.6263129530315964,0.743253605375938,0.5561731156558245,0.6457332508253688,0.32287039438418896,0.6732225611398872,0.3716480006018027,0.26417428218695094,0.3928238247865527,0.5343601826896962,0.4465036979693606,0.4099892583673229,0.6536743178949103,0.7554527416285464,0.0,0.6205268971239578,0.374960431955684,0.4339509566597556,0.4096405710415663,0.4431694711108388,0.3236238978680097,0.5852973632713427,0.5080255440805204,0.6162788571361183,0.7797963666751746,0.5447659425657014,0.660247363218661,0.49036756626586375,0.6090011435187734,0.3981337225406858,0.8950105743049672,0.801001464011657,0.28748010624918746,0.6234709787050958,0.6846413798953657,0.6206778948580646,0.5582637527003039,0.8605680933196054,0.8919908081271593,0.8718058983447555,0.6735281134583357,0.7760507932173653,0.9251941485813346,0.7142620424257085,0.547802979106105,0.8346943158619391,0.9127569539843993,0.6775407336230468,0.7582758903708355,0.0,0.603704808436158,0.7997150193151541,0.6492481578696155,0.6109931196812095,0.5932954320617263,0.7381277395654985,0.0,0.8412156858303701,0.6835996993200979,0.7052945945163447,0.7180990858155402,0.6686758981236456,0.5816551647448363,0.6127507670152702
0.7481380264691063,0.4812873616884556,0.6525285654286473,0.5501139419942168,0.6503465154874413,0.7072596924368284,0.6135339713057526,0.7445724951927539,0.6307939924842134,0.601930584523705,0.5930861083066046,0.5828190497502241,0.8190538071504307,0.7585835845263723,0.4028340629345079,0.6431516295629807,0.7665628466603919,0.6091168093661214,0.6143763957394627,0.5922428636972725,0.6509887972444877,0.6865306952047263,0.6196622405094554,0.5305537777530488,0.642009260923182,0.6299822504772773,0.6205268971239578,0.0,0.5861131211269119,0.5420715834580592,0.6822280583614206,0.5089030377477457,0.4888648761554379,0.6763516290414759,0.6565801078142552,0.6334257044037461,0.567712525996953,0.7668534257706854,0.5953683052283727,0.5908433026092652,0.5039898042523063,0.5455552306382935,0.6735983686497271,0.5530817831093273,0.8783315251713193,0.6915863133855049,0.7886382442553039,0.6743113278323143,0.0,0.8529907060833386,0.8388104830935653,0.8283661742259338,0.7581958438290863,0.7900432393974518,0.8363649404656119,0.5127693174784418,0.645304922837158,0.7769450969885567,0.4022118517149431,0.7013647995131096,0.583444105371732,0.3491118955987921,0.8088687559388739,0.9981174141826814,0.7616922599649127,0.7429702019472955,0.7276091123336021,0.7713270216626709,0.44996889562620107,0.7675310308949674,0.5767269038035447,0.7933778453377556,0.8312367856442655,0.6954474910354893,0.763383880714122,0.7593247155654346
0.7625395798453443,0.5964750501730411,0.6774442000199772,0.5903527725050437,0.5922520956128763,0.5253231326778993,0.5346720231986533,0.6983839397954832,0.5038381327383006,0.4983411535727128,0.5651218449974599,0.8560755473878419,0.5773861769145348,0.5173096107255861,0.7322314214697532,0.6059278558394536,0.36428719052258596,0.609700964141448,0.68261407400276,0.5934417458769148,0.6453082656665863,0.6015045902114868,0.6525665349816536,0.8680001492854635,0.6864594684050704,0.6668836875451554,0.374960431955684,0.5861131211269119,0.0,0.56486280375145,0.6590438019583231,0.3853129212244956,0.2986206955952596,0.8824191991118152,0.6666714670228773,0.6060252434318937,0.7115252979838529,0.487591426966752,0.7090238694628236,0.505041177570887,0.7149351533884793,0.7507579677741394,0.5623105607145744,0.6682257414001777,0.9898175666077137,0.5550866469168931,0.7854383010958785,0.8429848632190453,0.4674497601676592,0.5237551005269794,0.9104392621585629,0.7768983917782206,0.8041249727823379,0.8958158466241362,0.526110606860159,0.724256748742997,0.7453089051504588,0.7124875123992997,0.5676178887551204,0.7643445324917022,0.8298060487985158,1.2582628281278287,0.7858619576517167,0.7389117140767152,0.7685598569827121,0.7311990092153151,0.7118692183896544,0.7681112746697165,0.48541038605411846,0.8714439344300202,0.7268997312526952,0.8016403972576005,0.7399801092606524,0.7396683537077061,0.6752566707503038,0.6999436908687042
0.5356618436536055,0.05961621418976207,0.6656448277908855,0.5300048704870559,0.5495506727104897,0.5212488894691802,0.6733017144062259,0.7199391595832512,0.584113271194292,0.35015650203420057,0.48702687229010155,0.5064623802691921,0.6962042285843193,0.810945950865253,0.5672145672606261,0.5626520356259345,1.002867905718176,0.5442726833133142,0.7281696405150249,0.5696509167440855,0.6408500586357385,0.6753786165390981,0.5973738090279777,1.004328271261181,0.5653229388614542,0.3516923643345141,0.4339509566597556,0.5420715834580592,0.56486280375145,0.0,0.674131530769974,0.41978324576896575,0.3913255148563688,0.8503738249329471,0.3294610059235418,0.7353857296277744,0.3225514674672136,0.36562633062581623,0.724894501813715,0.459312234886842,0.44613064000034136,0.5332471201826734,0.8214836322709638,0.2809250380200434,0.0,0.0,0.0,0.35745932338404307,0.0,0.0,0.7958191946697242,0.7568134585560313,0.43592676043540285,0.7665581666401802,0.5022082134008868,0.0,0.009693027874190019,0.5817231141559258,0.0,0.5367870492952018,0.0,0.0,0.9853334949028505,0.9564056619764649,0.6654870506969398,0.623664125011723,0.5770066460695575,0.8026319220826107,0.0,0.4418658640306064,0.484581717395012,0.8213528450715969,0.8268788154856411,0.6717685807721838,0.6935462936554926,0.5580520471253034
