0.0,0.45344277954538603,0.4624064429240128,0.0,0.45395037203038774,0.382721639120003,0.5677869003051168,0.6170606925698465,0.31317069836623795,0.9240668738316982,0.4227487720075582,0.6446958305311292,0.6304690546985072,0.35572998719770993,0.27519445037891066,0.4701402899939908,0.3024536240432181,0.35711722154106407,0.0,0.5521693486109438,0.28839977599944383,0.583749118621021,0.4686834115933273,0.6136262442438853,0.3167508054370932,0.5202060451156693,0.40612532341100427,0.624224707600776,0.5782769343208446,0.3374320702874296,0.33081721531013075,0.35263298029253654,0.28405262963470934,0.10947804180182782,0.19307043598487228,0.6131307966691412,0.492384622869382,0.35457747573827325,0.4067433092283514,0.41947167076802105,0.4231236010571957,0.35588023135418095,0.4672886434779123,0.0,0.31956224802501065,0.4392305646315183,0.39436700310650846,0.0,0.0,0.0,0.4584648567314218,0.0,0.3930399851134274,0.0,0.221511169729455,0.0,0.11157546334225127,0.7657732497571297,0.0,0.3480983555815455,0.34754224176659704,0.3754927780755738,0.41184569171416785,0.0,0.49657952611486733,-0.17650785762099513,0.45784245400471263,0.33148843839956604,0.4868508857583861,0.3952758133407423,0.4728203364937754,0.44733007322702534,0.4383718652517121,0.5511918722740498,0.0,0.39808777660700895
0.45344277954538603,0.0,0.7161990116337759,0.4226875264295439,0.5164830884475979,0.5404659190718913,0.5785498688973986,0.6044471353464824,0.47678928775899504,0.4891538824326802,0.4676431405292909,0.4295892153118921,0.582641818101747,0.28494027872335387,0.42815591143396264,0.6348514640601979,0.5342967435830887,0.6589652374342416,0.4758366771078468,0.6300714764069193,0.4971996668393813,0.8097273334998196,0.5131533426649957,0.3586677220012416,0.6569460111065017,0.5648154213002787,0.5913118562528681,0.688239675387169,0.5521799534048688,0.3804780015470303,0.5455538075770694,0.3713953350049753,0.40667832702772144,0.385468478075306,0.3859976542113406,0.4334816254799201,0.057868411572263315,0.0,0.1866530502376829,0.30930735489958217,0.27204218550780646,0.27361844708510685,0.4426178876686264,0.0,0.0,0.39637989197977846,0.40096542244436184,0.04811489983725407,0.0,0.0,0.5328544119754385,0.5677148889341661,0.5332907233154927,0.5851833729514726,0.35977922036130183,0.0,0.32602207529093674,0.5978284388120292,0.0,0.30956095084185864,0.34214757139094026,-0.015059625663153442,0.3258019179439228,0.0,0.5285216387546917,0.5465281577872064,0.45542573593138674,0.4576693937843658,0.3385367011731547,0.28157638629682075,0.3769762070645064,0.49426201061033836,0.6936103875223393,0.5511368145574342,0.0,0.3211862663691927
0.4624064429240128,0.7161990116337759,0.0,0.5837602137002106,0.3527019872930476,0.4424955024898791,0.45767927980446943,0.588239870870234,0.6955032766627955,0.43594484381902165,0.5543440528904581,0.5762324952111663,0.5252884714747256,0.5419755219933788,0.3649039887324518,0.4244229006075954,0.7027876443116813,0.31115088094413434,0.4241960119056529,0.33110628173305456,0.3049935054191478,0.5856794262610311,0.5810312919887348,0.5199273242827567,0.7898986868740117,0.3774257392568111,0.4777117782577759,0.5810249978707294,0.13291412078697,0.5843182385950055,0.5654380881170866,0.5412499911515257,0.2827126679624516,0.6325718506571338,0.6413006417826761,0.5248818797860064,0.5036385685195643,0.43277508004747706,0.6827343392972633,0.4974542794583112,0.45436682241479953,0.589266640504565,0.536239532054431,0.46343513202165554,0.0,0.0,0.41323658238454375,0.22492950232132286,0.4821789159174226,0.4564459831917579,0.6176280378911665,0.5036263267152956,0.5734464405710925,0.7154931582178095,0.4324107361138634,0.40718647748933257,0.4350138299487306,0.5696797128161485,0.5417113608195122,0.3580877816291591,0.0,0.0,0.0,0.25524555516788106,0.6434099278557053,0.5227882200469745,0.2500979469437055,0.6191288742587552,0.0,0.5546539113752534,0.2623813582482113,0.6790837311239948,0.541028409658938,0.6978731046750428,0.4699099529571493,0.4619551949705718
0.0,0.4226875264295439,0.5837602137002106,0.0,0.3470640526225552,0.7304846071464166,0.35254313696200024,0.3711990891667784,0.6252705350754358,0.21188291089767008,0.5824468459341887,0.39302391578717066,0.5042316395539821,0.5172323560925525,0.9019952313951504,0.28976665769291376,0.44246365022758594,0.4671676236650971,0.540533059627498,0.6899170972895416,0.446019571608511,0.566765443978604,0.7461022687641372,0.4200882841220205,0.8093675380805485,0.4207526541212265,0.7675009576432326,0.8341892355334023,0.6650242392353738,0.38404752204386505,0.7076127457326999,0.5842992269110922,0.3482123383652318,0.6728257941776496,0.9193072911026458,0.47803806713995045,0.5108602757229666,1.1163365269938321,0.9117198314540469,0.39675479664336144,0.4515091189206287,0.36665633403610187,0.4360736443703238,0.33926568710217164,0.0,0.0,0.0,0.4342237969587702,0.0,0.0,0.5054466957226982,0.0,0.46557963970141986,0.3374218255459265,0.0,0.48788839977218007,1.2166528440144477,0.45663741215879283,0.0,0.0,0.0,0.0,0.0,0.0,0.0,0.0,0.48356983461676195,0.6692584769272638,0.0,0.0,0.0,0.5322363208792038,0.4804799238346882,0.6455624225183969,0.0,0.0
0.45395037203038774,0.5164830884475979,0.3527019872930476,0.3470640526225552,0.0,0.12541086418868092,0.3839742924936375,0.6042907667339606,0.2057822542467801,0.6487975313324309,0.3115697033369395,0.45510742858808106,0.29046571753275524,0.3872788036128735,0.48276676933103313,0.5125966944694823,0.41468101666618284,0.33866317027367177,0.21907381610939347,0.5147787948765774,0.4816225823572187,0.5624596392585894,0.313769811855698,0.32177803828965634,0.48185686302308495,0.37775357407051413,0.3786916775418703,0.775060658470697,0.27492256040760066,0.39122637057621756,0.4774667084114665,0.27078959820308357,0.502944323847094,0.5064088992198131,0.5563989238455406,0.43542448936193184,0.4603675994960908,0.5184694275552404,0.6719833537010637,0.8196643373598811,0.22128317025830235,0.6434573124529972,0.4736524429430093,0.8303574657729509,0.2382641700910461,0.0,0.255199710981492,0.5444005804901333,0.0,0.4197276171750396,0.5900304166585529,0.5336890174561243,0.3552371738880271,0.5875211539484834,0.0,0.5163760386094103,0.22247202101794072,0.5992446414693183,0.4228346008575672,0.42319581664056916,0.46020723212284353,0.0,0.0,0.5655244365609697,0.49712421407014806,0.49315878014745,0.45815057958050787,0.5476193494659362,0.0,0.4986455269651272,0.4105624071294298,0.5424409864525669,0.5921105474035567,0.3814297725255824,0.0,0.4183133342459285
0.382721639120003,0.5404659190718913,0.4424955024898791,0.7304846071464166,0.12541086418868092,0.0,0.2526624204812345,0.5447840794626169,0.37140921757181156,0.5314477030627378,0.3312350453531256,0.6321022109200967,0.2971494351724188,0.5852671115585919,0.6103217019448925,0.4254488549345937,0.4066609563145127,0.35680310565905626,0.37373186925652724,0.29152010400012685,0.5136612386444508,0.3790287701108619,0.3505613394813875,0.44183579465371026,0.4788884803056641,0.5610370326014311,0.4348496859657097,0.40913935905672666,0.36276972366416643,0.5812519645417902,0.565656454552001,0.5421887484764839,0.522088481519706,0.4996646908175124,0.4248343184224354,0.5648115960167697,0.67462745894642,0.585012661640392,0.6140536829453286,0.2071515003490985,0.3603425139523137,0.5652503502364336,0.73904282297243,0.6945473479526418,0.2602446115658895,0.5333324249093022,0.41758940651440124,0.5568917096209658,0.5841260236623933,0.40088825119643934,0.5410248946227402,0.4760822079113277,0.4254632120843575,0.6038172504164605,0.12067759394273941,0.5453878361755632,0.596092381990496,0.5198749394210604,0.6133066097523896,0.44043977212189905,0.5481778000263924,0.0,0.3596660668258012,0.4646181462232407,0.5012752151736775,0.29053355199025577,0.424007046810035,0.494498493700496,0.5045028280376982,0.37473805644744973,0.41312472458923355,0.5298573051903289,0.4859750145054832,0.49733562957602406,0.4243726903936904,0.44926539579431946
0.5677869003051168,0.5785498688973986,0.45767927980446943,0.35254313696200024,0.3839742924936375,0.2526624204812345,0.0,0.38819105907926793,0.37193839268442563,0.5711627417097125,0.40162910976943167,0.5895489998366963,0.3557593145358705,0.34786724452787854,0.6184437032816714,0.5878250990567873,0.4433838498800559,0.481438420726612,0.36362259283403414,0.42601794269688986,0.5034813743584303,0.5966694805725947,0.3039991488633993,0.5063028370757328,0.5281354094127264,0.6372452181803228,0.3831864793435976,0.7112682103523391,0.3213840002930783,0.5353068172365951,0.5192780091048824,0.6809127192325302,0.5876391131348353,0.5004127890012726,0.5661713542377074,0.6656245055758065,0.45337500973149525,0.8182018012666509,0.7381228509830383,0.2843689787004362,0.5885282903479545,1.002785774884177,0.7365734190404051,0.45356638694022045,0.3652007505652933,0.0,0.42576542371895276,0.3515970575782964,0.0,0.5563679522683258,0.4787033772253999,0.4237654422740912,0.21176908930906413,0.5353249425980082,0.5789125205423088,0.2771510751283299,0.5429057687215615,0.41383987094570146,0.45398532060841823,0.19590781933521495,0.48983441173941156,0.0,0.5147520606820271,0.5226408415920969,0.5475479665081895,0.3848287647012497,0.36648025106736093,0.41734683768045855,0.4693247460291406,0.5338987349233844,0.42291881947449456,0.4449192125150162,0.46163515974632297,0.4131101139580275,0.5438297051094365,0.3461777338359623
0.6170606925698465,0.6044471353464824,0.588239870870234,0.3711990891667784,0.6042907667339606,0.5447840794626169,0.38819105907926793,0.0,0.52201377971033,0.4929803983400932,0.8879713815892019,0.5712771136352424,0.5125032448152544,0.5567155549205911,0.3983968421907481,0.6730481643148505,0.4399292579362315,0.6269399864146978,0.6026415327841571,0.36203627282491896,0.7279432366691143,0.4022095858823713,0.6063693449756237,0.5075870261420643,0.6730829361305095,0.6296117022396354,0.4066823520467281,0.5442666401182716,0.25551961409594,0.38461080415835247,0.5382582609114869,0.805122991144074,0.6364875324212887,0.4849006904353982,0.46275532611426606,0.4583023105376189,0.5946217820166788,0.4764376951913343,0.4855667329174278,0.4686459060878655,0.19747500598746925,0.4421554231748647,0.23847963630760316,0.3104118476141833,0.0,0.508410043079963,0.24162777550550021,0.5371284158990739,0.0,0.2061635143102622,0.536191071659984,0.31409383828602017,0.47320740214168544,0.5431415705352968,0.6310273413170866,0.4169615202711529,0.9719328894567647,0.4216698092922594,0.5894311506807262,0.5498635530884474,0.18829456325102173,0.0,0.5575652692902772,0.45746120959724323,0.5766852258375776,0.6663986796495888,0.28034426873381557,0.6740230010052822,0.0,0.4490919312569869,0.31373666562900016,0.6852805587814964,0.4229268867945636,0.49795906101860543,-0.12601988048638357,0.1991245653885713
0.31317069836623795,0.47678928775899504,0.6955032766627955,0.6252705350754358,0.2057822542467801,0.37140921757181156,0.37193839268442563,0.52201377971033,0.0,0.5068695557915106,0.4164041879531143,0.5070805224940405,0.5686086489508615,0.35444081648285514,0.7732261410879124,0.4932735699493972,0.40528104583090774,0.5957763824843008,0.5246722088490777,0.4242553596576993,0.4293318879933686,0.4993244163372629,0.5294675824903382,0.4829540663489423,0.5463365280978132,0.5196960695091184,0.6027603525859596,0.5787797289674854,0.2929689671386946,0.5720273135977597,0.5740473353315771,0.5944421850469226,0.5580726311612001,0.590447262980746,0.5673528452823203,0.4506204880805408,0.5915202550547662,0.6352455721610251,0.6635925815195329,0.6530213886306333,0.21441346339603776,0.3245593206227713,0.36002871890484883,0.4430652250627623,0.2636953707022863,0.0,0.42517114886002355,0.4988844600650384,0.48054398505466267,0.4895365509954179,0.6265767766785502,0.5705995729613969,0.5420968959421315,0.5442483173404926,0.18764046039853977,0.5515109626619082,0.4820995420953028,0.503499984974483,0.4735402636418321,0.3853232471204668,0.6441861529578774,0.0,0.0,0.5003438542702628,0.7187800071333141,0.5804045355599126,0.3187173042627306,0.5810952333815558,0.437798103414889,0.40553447703561024,0.20954079773489528,0.584015066344975,0.47749983195055123,0.6635938228080158,0.4279610286640595,0.4377576005284628
0.9240668738316982,0.4891538824326802,0.43594484381902165,0.21188291089767008,0.6487975313324309,0.5314477030627378,0.5711627417097125,0.4929803983400932,0.5068695557915106,0.0,0.5103194934581741,0.4330681394270466,0.5635531601832717,0.24427553392804355,0.31339049280537945,0.3015827367307745,0.6046098448000132,0.27582467837603847,0.4366196930181284,0.3197163054636282,0.7542858140452621,0.39562276503115573,0.7658628117023041,0.22374450008177996,0.4218377094998227,0.39644816297663127,0.39735036304657306,0.6143243256397113,0.22446146868158998,0.28343228348974575,0.6488509020393001,0.2178188158488231,0.4819157225163797,0.4092434491994221,0.36861451503049014,0.7775443132304045,0.7076324928833275,0.45509127828570284,0.47084147474127397,0.17093266099385504,0.2055561308381892,0.06275195835658054,0.5247561035397357,0.3368122202474594,0.4046642831595419,0.48202063623551916,0.5724725256091743,0.3745504687779969,0.4895816280117776,0.48278375275058283,0.31329587850627433,0.3703503787109644,0.7080729266021955,0.3780387384046204,0.4254143030245829,0.30740852723130735,0.43185156912198047,0.4502879961124368,0.0,0.6245858811958613,0.5404714784475719,0.47814965962881195,0.44334354112731106,0.48047301233996476,0.47400877079456827,0.5005964463421129,0.5324296325513382,0.4914551888727652,0.1824378094144263,0.5176728268133415,0.4521122395327789,0.4486524078245078,0.23187719314083155,0.4657774173057402,0.0,0.312122228441023
0.4227487720075582,0.4676431405292909,0.5543440528904581,0.5824468459341887,0.3115697033369395,0.3312350453531256,0.40162910976943167,0.8879713815892019,0.4164041879531143,0.5103194934581741,0.0,0.47879958581255455,0.4461106076734766,0.7125268901079629,0.0,0.5036977838616383,0.44292948546845556,0.43976569712759633,0.4674424936935484,0.45897093741046924,0.4397478213060625,0.43365526415434436,0.7903760274914633,0.4320200009816652,0.42937498385430556,0.41063518981304636,0.3269099205938674,0.5045261318671629,0.3303710855300642,0.4873162234640065,0.42794789343074235,0.580663419729413,0.450519755354997,0.5002133656200347,0.5355065675665327,0.7812141968496376,0.5731242369698939,0.6118486389702924,0.6077737899070477,0.5150361477059104,0.3686955078580907,0.37487661541739853,0.5754766211843979,0.5637373445765248,0.11671300702233563,0.0,0.0,0.4406305956682337,0.47497603103804503,0.4360869018657777,0.7243059537134735,0.2900044235767964,0.6288875893260693,0.6899067260928158,0.19918672606920304,0.3734405286697573,0.4507113520742243,0.3439007171997315,0.5501463964611519,0.0,0.0,0.0,0.0,0.336181607913565,0.23494123014229062,0.0,0.5317707081944716,0.6447034503994694,0.0,0.0,0.9572673834601474,0.7412891414538111,0.4074193449620654,0.5395833613327525,0.0,0.31556122240671003
0.6446958305311292,0.4295892153118921,0.5762324952111663,0.39302391578717066,0.45510742858808106,0.6321022109200967,0.5895489998366963,0.5712771136352424,0.5070805224940405,0.4330681394270466,0.47879958581255455,0.0,0.5783815675961099,0.3458419901028037,0.6805186699651811,0.5330826501128163,0.6307252147206609,0.5281426559378187,0.4843941063400281,0.9509453636990775,0.6400134201138197,0.10333287302387226,0.6925060423185987,0.20238214390215248,0.20502210376303476,0.3676993252076699,0.9179467258796592,0.5898958803747882,0.6445526363483535,0.29561958259672894,0.42575729892827596,0.3627366791674866,0.3028004025058221,0.4735817506758845,0.7537859790789596,0.621962586951473,0.46516342955330403,0.24387845147547965,0.5010581070949639,0.24987058816104946,0.1231303335736103,0.03715673376156539,0.5961526479720948,0.417682378999096,0.31141846247144467,0.19101288848916131,0.4694678772072832,0.3532426181034797,0.40590829907193243,-0.24036163721385886,0.23195763512932163,0.4788025297989757,0.3637205639932879,0.42574062934095347,0.47314157184599337,0.20966897841154436,0.5784374990397223,0.4310091286288532,0.5720131550766774,0.5303620917390535,0.402759263671452,0.4453419793649097,0.5216721198678818,0.23612681827369283,0.4064680131915641,0.44442050489144075,0.3250120443690667,0.42879329262266797,0.22868899248671906,0.47856676527378283,0.47573242625856027,0.26716952138093025,0.08916041739991326,0.5681406775399938,0.0,0.3088823043014689
0.6304690546985072,0.582641818101747,0.5252884714747256,0.5042316395539821,0.29046571753275524,0.2971494351724188,0.3557593145358705,0.5125032448152544,0.5686086489508615,0.5635531601832717,0.4461106076734766,0.5783815675961099,0.0,0.4648977301761593,0.33732674638966653,0.6142609065776603,0.44926587945085084,0.5457180141790375,0.44526466305335866,0.5073837910276746,0.6629456546145541,0.5767377517976011,0.41435751873282445,0.37975076992843215,0.5782860449979099,0.6274906875230035,0.47123543644666976,0.5155304344765979,0.35794223027264127,0.6087248650381044,0.5789246550598572,0.7437998582534588,0.5550168304272468,0.6015298968819893,0.6357950820067243,0.722455627820062,0.6213015017683114,0.7698039465130995,0.6381502945953395,0.1431653517505136,0.382168721956667,0.8281491121264114,0.7350682031323641,0.1928216617989361,0.6704847225823024,0.6103799369310579,0.5749015233237794,0.5375767090947525,0.0,0.47988746353602785,0.5073441176338003,0.4871619087749701,0.3068343119689853,0.5588513212974463,0.13905961844272918,0.44724487297115256,0.290262813400694,0.566562008857503,0.4672066308814826,0.48736066808100764,0.45006115754380055,0.37789002986355286,0.4952681369291152,0.5526128747655736,0.5418463385796997,0.5828111762347942,0.5929148259300712,0.4961767477478287,0.4416132615527319,0.3628641290658897,0.4546572151764013,0.5408341512641046,0.4922848285524585,0.5147808113997906,0.3793375195005555,0.17748479323005834
0.35572998719770993,0.28494027872335387,0.5419755219933788,0.5172323560925525,0.3872788036128735,0.5852671115585919,0.34786724452787854,0.5567155549205911,0.35444081648285514,0.24427553392804355,0.7125268901079629,0.3458419901028037,0.4648977301761593,0.0,0.26174934368066727,0.5081275356967498,-0.501382166533439,0.48117722715151073,0.6635034393941988,0.2211979413764782,0.5355132603353083,0.17768464773482415,0.5989969597708658,0.5104357470643335,0.3403533141396231,0.5318648668904085,0.5182773655651632,0.685748375674281,0.4264428898772641,0.4775775449372906,0.4329023477870478,0.373298619320496,0.3550260391738561,0.5517227084717438,0.5360795291682803,0.5339576851404875,0.5736135625622764,0.40430010502210045,0.4669711880510102,0.0,1.2053843314351589,0.6986499194221527,0.703719261795792,0.48146941824024686,0.0,0.0,0.0,0.30518617354579686,0.0,0.31352404287972147,0.5063674291841843,0.4602259662646311,0.6144417103365718,0.2991450186288864,0.0,0.49558600384591633,0.38752064801591496,0.6064012624490891,0.4129451261296379,0.0,0.0,0.0,0.0,0.25888370987913617,0.0,0.0,0.0,0.6265688944236011,0.0,0.0,0.0,0.5688687001762178,0.7365941950662018,0.0,0.0,0.0
0.27519445037891066,0.42815591143396264,0.3649039887324518,0.9019952313951504,0.48276676933103313,0.6103217019448925,0.6184437032816714,0.3983968421907481,0.7732261410879124,0.31339049280537945,0.0,0.6805186699651811,0.33732674638966653,0.26174934368066727,0.0,0.5078910745305868,0.13908794117460208,0.33744870578959213,0.0,0.7207173788190981,0.2581263664643335,0.4461744605194671,0.647775119579765,0.5183875988761579,0.42904127716109675,0.402977330141555,0.5993161529343678,0.39852190234039303,0.4201681835045228,0.3666201671906703,0.3976686481607736,0.27966760306238003,0.3767757677511471,0.3561361229872344,0.350023374660405,0.2973814952192804,0.2603863324968648,0.39127691424080535,0.2354923736013387,0.33522097423256625,0.32910088017027805,0.2227264875329551,0.5113495974029708,0.4279029991609582,0.0,0.3377373303522796,0.31806770824535285,0.3011440538146042,0.0,0.0,0.29834363305253897,0.7088908356836108,0.5059479771744925,0.6136082468035462,0.0,0.0,-0.360104295225735,0.5129909628893801,0.4771322166472779,0.5996348486229779,0.4425193319154117,0.5531582791948648,0.4393669049797189,0.0,0.673024133698834,0.39977647485722095,0.560569355615849,0.6352681415966728,0.4701643803706275,0.3450590597389308,0.28553182209595174,0.5287258885227455,0.5322746877319644,0.46469743016284015,0.2560186927194059,0.24911988918981076
0.4701402899939908,0.6348514640601979,0.4244229006075954,0.28976665769291376,0.5125966944694823,0.4254488549345937,0.5878250990567873,0.6730481643148505,0.4932735699493972,0.3015827367307745,0.5036977838616383,0.5330826501128163,0.6142609065776603,0.5081275356967498,0.5078910745305868,0.0,0.41289863817914396,0.5760583918433333,0.4585573029935592,0.4447724993746085,0.491215463406975,0.620023353544489,0.5440328277735135,1.167437899489629,0.5372220996178014,0.5582587119397611,0.552291184321229,0.6383669502649072,0.44438561941635857,0.5665298331497418,0.6232833823428542,0.2538541495854921,0.24158607382945402,0.4604648605703838,0.42525881601066273,0.7310729382671535,0.36526703176666003,0.3861910211716932,0.2977029178923596,0.18475375792114243,0.2576631885362018,0.20684346822843463,0.4677986360175204,0.0,0.0,0.2242670275724083,0.43475332243196596,0.0,0.0,0.0,0.4857283023149479,0.679852146920596,0.6024762225392328,0.0,0.29662874629157926,0.0,0.09689834868931474,0.6350912512393212,0.0,0.46396186350810176,0.3540049019203695,0.20334765915100056,0.36427116117328784,0.0,0.6093414440268503,0.48762421041581705,0.49881839514225224,0.4557107014454346,0.3146923037551076,0.3503684829649469,0.46478483719930214,0.7040339072877482,0.5406891055100925,0.7482770288754637,0.0,0.13266593551002925
0.3024536240432181,0.5342967435830887,0.7027876443116813,0.44246365022758594,0.41468101666618284,0.4066609563145127,0.4433838498800559,0.4399292579362315,0.40528104583090774,0.6046098448000132,0.44292948546845556,0.6307252147206609,0.44926587945085084,-0.501382166533439,0.13908794117460208,0.41289863817914396,0.0,0.3422609401464683,0.6902797380342207,0.32994198234021854,0.6888209983094082,0.5432566829446064,0.5059463420790347,0.5953245338364996,0.6441457447184974,0.3493780156456549,0.4469328850762897,0.7084709830352945,0.10230049007567693,0.3176735034978907,0.5483033955833267,0.4221867486196058,0.5439508182070062,0.34049934864380127,0.5012949817624974,0.03481658297924878,0.36234120512573476,0.3848847290788171,0.33893217607553006,0.37934882656366886,0.3262750184749703,0.5285723200640249,0.0,0.0,0.44234106638367127,0.4347116990050268,0.516833156607219,0.0,0.0,0.0,0.0,0.0,0.0,0.0,0.5210967812587142,0.0,0.43717081527648527,0.35298429907233353,0.0,0.5887249485772963,0.4216826696399342,0.5530367088566248,0.48596273590897576,0.0,0.0,0.0,0.6877864653814698,0.0,0.40036584358826544,0.6024901877963151,0.5261754071567044,0.0,0.23354149396911753,0.48269418218124394,0.0,0.48409877283731906
0.35711722154106407,0.6589652374342416,0.31115088094413434,0.4671676236650971,0.33866317027367177,0.35680310565905626,0.481438420726612,0.6269399864146978,0.5957763824843008,0.27582467837603847,0.43976569712759633,0.5281426559378187,0.5457180141790375,0.48117722715151073,0.33744870578959213,0.5760583918433333,0.3422609401464683,0.0,0.4338435158344823,0.312864623701418,0.5666863888237752,0.4858729275755755,0.7024798887028141,0.5195415056023839,0.6916317965470826,0.5411855018913669,0.5757221425264722,0.5153671654875847,0.4039463293038024,0.3281213376061929,0.42478235544283405,0.22393405729211824,0.5629784094537353,0.3475077347779263,0.24108177810258413,0.5661301030089188,0.4072089377329592,0.2694402691091486,0.27893436124828114,0.3921727869430076,0.4102818456690973,0.468010979101958,0.0,0.0,0.5094568551747065,0.39894136056052265,0.46135156052068366,0.0,0.0,0.0,0.5206483994460649,0.5133873648255757,0.5860265435892198,0.0,0.5581124329994582,0.0,0.4484520084541046,0.40936131812470317,0.0,0.40606448450843957,0.4164937937665233,0.535000417007916,0.46062305131911924,0.0,0.5610228315543181,0.6635522436067122,0.4346303200974205,0.7227014268998151,0.3597980582819583,0.4501262008575199,0.5121223113666162,0.5356158932466467,0.6275474690421069,0.5007697436993004,0.0,0.5667458996448704
0.0,0.4758366771078468,0.4241960119056529,0.540533059627498,0.21907381610939347,0.37373186925652724,0.36362259283403414,0.6026415327841571,0.5246722088490777,0.4366196930181284,0.4674424936935484,0.4843941063400281,0.44526466305335866,0.6635034393941988,0.0,0.4585573029935592,0.6902797380342207,0.4338435158344823,0.0,0.5253715389998037,0.5021360862538737,0.7648780617390702,0.6934559746348317,0.4383587157282751,0.3623324377320905,0.41034669862200096,0.4382607311433151,0.5389584564846991,0.6553887679097079,0.6636083518886882,0.5064697020400317,0.4743787747442001,0.4578301470385553,0.5340808345058364,0.48153466351900565,0.5987027248613317,0.48099211903733097,0.48645858947270104,0.811800062881788,0.46496800604183663,0.05823656618843953,0.3395020326894618,0.5994407506219812,0.37535930172160914,0.6533419896955689,0.0,0.0,0.33696194953742353,0.0,0.377600164194137,0.5907413066574723,0.4637724555501508,0.48623565854276113,0.6277099944308469,0.6245799202251032,0.564907559424281,0.4152741173828488,0.3594890104811075,0.4077175498902252,0.0,0.0,0.0,0.0,0.6844896882216656,0.4786693240877712,0.0,0.4948939605903242,0.5920587292885928,0.0,0.0,0.0,0.6101159511861669,0.5296042300607533,0.5344018821214274,0.4750315004118183,0.4681328319480983
0.5521693486109438,0.6300714764069193,0.33110628173305456,0.6899170972895416,0.5147787948765774,0.29152010400012685,0.42601794269688986,0.36203627282491896,0.4242553596576993,0.3197163054636282,0.45897093741046924,0.9509453636990775,0.5073837910276746,0.2211979413764782,0.7207173788190981,0.4447724993746085,0.32994198234021854,0.312864623701418,0.5253715389998037,0.0,0.44161598040471034,0.5611604175154437,0.30565105544944937,0.8664155265419422,0.4470288066544523,0.44799951852951997,0.5126702210054955,0.6053593290510868,0.4431698000228015,0.421931983765459,0.4043241024123733,0.38097803231015176,0.40496292377679277,0.4106890362999162,0.4325165245450302,0.5750776587164408,0.5974244579192985,0.7859106162234302,0.36706638390972124,0.3940767524790473,0.5621953895171528,0.42323084235944064,0.37219993392151873,0.2486136741856807,0.3547941504149614,0.6942725755640062,0.45402302344931383,0.5414245743544381,0.0,0.0,0.4520893634823624,0.5765824630913041,0.5595049531009361,0.5295185423101101,0.7933349649531892,0.0,0.2992981399879158,0.5854439354511525,0.0,0.4493173634869231,0.6234490634747085,0.46731086642035347,0.5855404070398562,0.0,0.44912454538749175,0.35658151681998823,0.4097804238152717,0.49722658881719206,0.0,0.3529766303226254,0.33837696837704034,0.47461408623586815,0.491626977281978,0.49631101618553075,0.33069977108469406,0.4467281144168304
0.28839977599944383,0.4971996668393813,0.3049935054191478,0.446019571608511,0.4816225823572187,0.5136612386444508,0.5034813743584303,0.7279432366691143,0.4293318879933686,0.7542858140452621,0.4397478213060625,0.6400134201138197,0.6629456546145541,0.5355132603353083,0.2581263664643335,0.491215463406975,0.6888209983094082,0.5666863888237752,0.5021360862538737,0.44161598040471034,0.0,0.430594092721732,0.517093031819203,0.4538174706199704,0.508235933717883,0.5198721211054116,0.4960474540886193,0.607513652497639,0.417954936511347,0.5389595475902442,0.3402847879810353,0.32663230130061416,0.3274317914906858,0.29071751560615544,0.34210443230809373,0.5144168925435253,0.369738059934682,0.38441991355373195,0.3866023662849879,0.3472747052987775,0.16658294992071876,0.15784695841876123,0.473324939955371,0.0,0.0,0.4092072646358855,0.36917355030356014,0.514697061398984,0.0,0.0,0.41683569021991934,0.4644482499656306,0.7897068664517373,0.7144505077102176,0.5301961386868221,0.0,0.8120169853632273,0.48971177699025586,0.0,0.4003164602701597,0.46383674968900734,0.0,0.19008606039830905,0.0,0.5322126556570169,0.5942656200181865,0.3456511742474996,0.4564514693671444,0.5486825081040907,0.184679377419068,0.5088040994565618,0.41888471500110996,0.43372585009277237,0.4668670362699551,0.45424569177585405,0.18750281702180982
0.583749118621021,0.8097273334998196,0.5856794262610311,0.566765443978604,0.5624596392585894,0.3790287701108619,0.5966694805725947,0.4022095858823713,0.4993244163372629,0.39562276503115573,0.43365526415434436,0.10333287302387226,0.5767377517976011,0.17768464773482415,0.4461744605194671,0.620023353544489,0.5432566829446064,0.4858729275755755,0.7648780617390702,0.5611604175154437,0.430594092721732,0.0,0.5920419992291135,0.8845317049776571,0.7141055062987451,0.6351186878898836,0.3259031359904651,0.7469460308443538,0.39089608341683424,0.5829201129252599,0.5628012048865885,0.40140679832814763,0.4727568882475536,0.5346374951627347,0.5000048554629413,0.461240079064799,0.6777711258938025,0.6278096128350688,0.25712787433613504,0.3709863193967523,0.3907093783171205,0.3096388107446882,0.4193583561540367,0.2540711926292639,0.42030430822339404,0.3335570290535109,0.4601294889696375,0.5232837011081358,0.47980406629144995,0.39959362399253245,0.4594014902394239,0.691334889523769,0.6237255600455833,0.643587355971268,-0.0017395952370043988,0.0,0.5374971759900944,0.6510817896915302,0.0,0.49978294092391506,0.4739722808995533,0.4564282126025413,0.3661405251961953,0.0,0.35894718209887727,0.4592490515533226,0.428808049475164,0.4528705601947964,0.4476511929582061,0.32765344571805527,0.38031547227642803,0.39335265075353715,0.6246067570789499,0.47850196144991375,0.4666070352206293,0.31130602200751833
0.4686834115933273,0.5131533426649957,0.5810312919887348,0.7461022687641372,0.313769811855698,0.3505613394813875,0.3039991488633993,0.6063693449756237,0.5294675824903382,0.7658628117023041,0.7903760274914633,0.6925060423185987,0.41435751873282445,0.5989969597708658,0.647775119579765,0.5440328277735135,0.5059463420790347,0.7024798887028141,0.6934559746348317,0.30565105544944937,0.517093031819203,0.5920419992291135,0.0,0.5424227029661624,0.6455843676313802,0.4884276468853832,0.4536807122394487,0.43071606702751997,0.20799763772778568,0.3113670013107881,0.4528108474744167,0.45906463389490415,0.3847064241777758,0.4446371488383846,0.4690004162274542,0.4654893804549962,0.6181358942697668,0.4301935318125113,0.5200540537877113,0.19385854027995683,0.5201279926527382,0.568002038546461,0.65833404964486,0.6004638887417955,0.41756679501841415,0.30494940076423427,0.4882213280794474,0.5100090128406669,0.3282436146604954,0.5788050239655615,0.6072454765647726,0.48061647733048096,0.6548449494554189,0.6789338242914119,0.43014068760488455,0.5172567145601669,0.17517186077743802,0.4933980677793897,0.6474845582232689,0.4958037594067033,0.6485882600868375,0.47400877079456794,0.3986943551089962,0.49306652249093746,0.4787449971734432,0.4446385798502217,0.4697180974958993,0.7232160216723376,0.3680667677446802,0.4417050644763775,0.42586597242436597,0.5896510006928424,0.454642957252904,0.5017999115264753,0.3594486194530405,0.472775552606275
0.6136262442438853,0.3586677220012416,0.5199273242827567,0.4200882841220205,0.32177803828965634,0.44183579465371026,0.5063028370757328,0.5075870261420643,0.4829540663489423,0.22374450008177996,0.4320200009816652,0.20238214390215248,0.37975076992843215,0.5104357470643335,0.5183875988761579,1.167437899489629,0.5953245338364996,0.5195415056023839,0.4383587157282751,0.8664155265419422,0.4538174706199704,0.8845317049776571,0.5424227029661624,0.0,0.5857548532579111,0.36629642731781126,0.650164285011722,0.507757699816261,0.7302292718482569,1.2631108286644217,0.38206943691428874,0.23930739663759407,0.13916659258141512,0.006178353194391417,0.4312963362201474,0.4781360201712317,0.37705531990691543,0.19952719758617798,0.8087869877790255,0.39603104895738495,0.16643458499993463,0.5733384448458485,0.3487602864128643,0.32476180898843215,0.19457475046541434,0.32503979883978046,0.46680109454001384,0.0,0.0,0.4645628527575876,0.46876356365923283,0.38093199141295087,0.0,0.3276766715497205,0.5322071964955318,0.49846417166463786,0.5828712939281,0.5008578993077628,0.0,0.3596713113357988,0.3583028113559442,0.4924273722240192,0.4372637955467077,0.4773308547935255,0.4038554058728995,0.17715898088243265,0.16497825386106404,0.6444451561244967,0.33666566559539146,0.46002140242263695,0.5497360841151595,0.33916542036090125,0.39742100767857685,0.8393847349044602,0.0,0.4683620979421911
0.3167508054370932,0.6569460111065017,0.7898986868740117,0.8093675380805485,0.48185686302308495,0.4788884803056641,0.5281354094127264,0.6730829361305095,0.5463365280978132,0.4218377094998227,0.42937498385430556,0.20502210376303476,0.5782860449979099,0.3403533141396231,0.42904127716109675,0.5372220996178014,0.6441457447184974,0.6916317965470826,0.3623324377320905,0.4470288066544523,0.508235933717883,0.7141055062987451,0.6455843676313802,0.5857548532579111,0.0,0.466273971544204,0.5800810562194958,0.5917081198941703,0.48675643661528545,0.4331420342778497,0.5425382962301523,0.2376069874638915,0.5094616962744857,0.32312272559686994,0.41061392035260535,0.2901813523384509,0.45612716452187546,0.3643017914553629,0.28619094911511334,0.3583797300264645,0.3979998169046828,0.4343864634311895,0.3713572804348082,0.0,0.07855283693078491,0.41586725468990676,0.4229873318009837,0.0,0.0,0.0,0.504676945413943,0.418665357551382,0.44130163152723373,0.42497555459144176,0.4697000199019974,0.469229456299662,0.4902006867527684,0.3925214365838181,0.0,0.5863842188327073,0.36677331496168525,0.48938626364628685,0.4451972506674693,0.0,0.589753329655545,0.4920032625712121,0.4584977471493808,0.4946557536468314,0.43665367138180367,0.43646258983060526,0.4423213968099578,0.47839971958699923,0.5799375446763182,0.330163172370986,0.0,0.37861286202467215
0.5202060451156693,0.5648154213002787,0.3774257392568111,0.4207526541212265,0.37775357407051413,0.5610370326014311,0.6372452181803228,0.6296117022396354,0.5196960695091184,0.39644816297663127,0.41063518981304636,0.3676993252076699,0.6274906875230035,0.5318648668904085,0.402977330141555,0.5582587119397611,0.3493780156456549,0.5411855018913669,0.41034669862200096,0.44799951852951997,0.5198721211054116,0.6351186878898836,0.4884276468853832,0.36629642731781126,0.466273971544204,0.0,0.4932194285387883,0.6818678019235056,0.5774058857917651,0.36853357861329417,0.4438292120913254,0.3330157498479639,0.3476664804790883,0.3262416762211165,0.3218507469229137,0.15095909383436562,0.23493034510829144,0.13525965003094736,0.26302469257145106,0.3073837592792601,0.42152716728077044,0.3315914178057954,0.25890661406292964,0.512520186706045,0.1613943247687593,0.36395923088957216,0.4934114867218498,0.7182209634314061,0.0,0.003594686513366631,0.47245742645068617,0.4541205022906108,0.5517555161673716,0.4154901353391334,0.44202788249426805,0.0,0.48593540263172336,0.6878034325848749,0.0,0.3662205794682529,0.4581702157767128,0.39144881632045664,0.3982193900099056,0.0,0.39283268773528607,0.5316156021100777,0.47941641510133215,0.3899048128255523,0.3719589549332767,0.410000867208553,0.4044475322355052,0.4433607316849298,0.4749947509992136,0.5838497064152597,0.47991423251950477,0.3121578949546666
0.40612532341100427,0.5913118562528681,0.4777117782577759,0.7675009576432326,0.3786916775418703,0.4348496859657097,0.3831864793435976,0.4066823520467281,0.6027603525859596,0.39735036304657306,0.3269099205938674,0.9179467258796592,0.47123543644666976,0.5182773655651632,0.5993161529343678,0.552291184321229,0.4469328850762897,0.5757221425264722,0.4382607311433151,0.5126702210054955,0.4960474540886193,0.3259031359904651,0.4536807122394487,0.650164285011722,0.5800810562194958,0.4932194285387883,0.0,0.5050723847514118,0.3245349147896025,0.3434732848623306,0.44570381555348026,0.4413262343773985,0.490354949546637,0.41177422655426477,0.41413777677561336,0.22855460410561268,0.6623602578351986,0.4746708255694396,0.5020944332330263,0.347902371651087,0.5228021183412924,0.5333936578234675,0.5834812402782377,0.6603619780366314,-0.06063172452149854,0.46807276869117065,0.40551778638707986,0.6244469726684776,0.30301938972252285,0.5244150128518003,0.5251222801354161,0.4170366032487458,0.49432940186640295,0.6217936766441949,0.3425304491215931,0.648968902397365,0.13284205804532134,0.4834463436561694,0.5744269329889576,0.4541709338496713,0.5674802587874016,0.0,0.12087429177367476,0.712597091429146,0.47855807072607315,0.4714585442780935,0.4024304199182608,0.4884468323965432,0.0,0.47764685954440095,0.3535422331791132,0.5449401254841044,0.4647236238574153,0.47004630031010414,0.2511680562636342,0.4418303257322636
0.624224707600776,0.688239675387169,0.5810249978707294,0.8341892355334023,0.775060658470697,0.40913935905672666,0.7112682103523391,0.5442666401182716,0.5787797289674854,0.6143243256397113,0.5045261318671629,0.5898958803747882,0.5155304344765979,0.685748375674281,0.39852190234039303,0.6383669502649072,0.7084709830352945,0.5153671654875847,0.5389584564846991,0.6053593290510868,0.607513652497639,0.7469460308443538,0.43071606702751997,0.507757699816261,0.5917081198941703,0.6818678019235056,0.5050723847514118,0.0,0.5224416351872807,0.5340628811555929,0.6636155354324239,0.6787630605045751,0.7261978757229003,0.5865153782525762,0.7936166452090541,0.9885966632960392,0.781946246399938,0.7564818579226444,0.6560957613650802,0.2621613970670965,0.28507735186105954,0.29006336589378157,0.781596543020423,0.49396204090217455,0.6456552056745757,0.7691206353062805,0.635943187475614,0.5368167712389484,0.0,0.5325361822248489,0.5866945926437963,0.48208367186437295,0.34866798325148807,0.5923251914777111,0.15715013808201062,0.44991733362654573,0.38234892183742675,0.38395564077681316,0.40242806653091023,0.47521317275087505,0.6599746664070827,0.34916655628889903,0.5055047549289833,0.6025005290318246,0.5802951154469853,0.5798559301156265,0.5868620160868669,0.5404496644738606,0.476790636532138,0.27000660316372477,0.44483517838100645,0.5725491304367097,0.44429569415049935,0.521792489347168,0.4707443278062563,0.032410271319261996
0.5782769343208446,0.5521799534048688,0.13291412078697,0.6650242392353738,0.27492256040760066,0.36276972366416643,0.3213840002930783,0.25551961409594,0.2929689671386946,0.22446146868158998,0.3303710855300642,0.6445526363483535,0.35794223027264127,0.4264428898772641,0.4201681835045228,0.44438561941635857,0.10230049007567693,0.4039463293038024,0.6553887679097079,0.4431698000228015,0.417954936511347,0.39089608341683424,0.20799763772778568,0.7302292718482569,0.48675643661528545,0.5774058857917651,0.3245349147896025,0.5224416351872807,0.0,0.41249611246632967,0.309952421149386,0.286598208054904,0.3756039491674481,0.329696154342033,0.27824387638319736,0.32318697741363345,0.49984107252312815,0.7721786494862949,0.5219812580589042,0.40243552620194145,0.5103253413362834,0.4401555350118961,0.4519965905141867,0.6043928591794971,0.40058322305813465,0.4315159670553167,0.4357551305723667,0.4639494381685402,0.46758463840183817,0.2636590983091764,0.5014122973816839,0.5120008562403877,0.5319920902487016,0.6157897627995801,0.5982344273308395,0.28058837812105786,0.15392258188760305,0.4809819879633226,0.5678697016249192,0.40118321163403126,0.6579768201558485,0.4828045973111859,0.7238409636297869,0.5210929523900953,0.42748403671397284,0.3718931237553624,0.40327534669135817,0.46751058622286257,0.4850126242948831,0.631617871176108,0.47072590891934135,0.47586498859458803,0.4639477715830602,0.4301194291944944,0.3786071136113426,0.4599006272098479
