0.0,0.14376049276961486,0.042952896461668055,0.0,0.23889294014416573,-0.14935720780823564,-0.20030275958271815,-0.07597993472843473,-0.26958902847459754,0.09953844748469332,0.36235745173671197,0.1985467412141746,-0.2632800756412422,0.31908081014434453,-0.14433609927897714,0.03594966441361941,0.0004718679469157272,0.13013878035729276,0.0,0.08279244809604969,0.07398091077055047,-0.21844517827902454,-0.07254572972995721,0.20952844242963187,-0.005005414926556706,-0.07363948962974559,-0.12369978279183791,-0.17688628471029932,-0.0016363363128145125,0.7742564409903412,-0.23854107439941785,0.1066439437529732,-0.17178069376166483,-0.11409490270186307,-0.11024282636999527,0.2840401198553435,0.5039496420819676,0.20421087580095387,0.18259855775219935,0.32255599697225834,0.04262695500838015,0.2693703825185896,0.4734949743447142,0.0,0.3837809744308402,0.5352584655017307,0.22204165966584105,0.0,0.0,0.0,-0.0965907097931385,0.0,0.49752613656602496,0.0,0.25216014748938853,0.0,0.17321184452857935,0.22382349214328806,0.0,0.12251592067570011,0.15561786267762046,0.02895034213033426,0.11248166900274023,0.0,-0.19313310783469623,0.6096890193284612,0.008497240827213481,0.14692213258973008,0.701268526940223,0.22559020657156864,0.2581917187007559,-0.03234994844929551,0.4330779697183058,-0.14535939297211758,0.0,0.1303794279918381
0.14376049276961486,0.0,-0.23306513607908635,0.41425660912189016,-0.13520875465484417,-0.17020778257648966,-0.14261289622849926,-0.2648669976085517,-0.11298849236549457,0.1602374888503549,0.16791158856716298,0.3744476830830391,-0.18277802089801154,0.29729952413987704,-0.2610285821656271,-0.07507310243383963,0.34230113761324377,0.12224707227054649,0.5043836097630082,-0.07623002329623252,-0.20106728261227835,0.09737508573253062,-0.16757063133346783,0.10321405188281457,0.2644701075395113,0.020317793270201834,-0.1882708205479155,-0.1627141347855428,-0.07258835536608488,0.2194125001407441,-0.24914505180210333,0.05635307212083354,-0.02106825555282177,-0.1656004092473483,-0.2124409257416841,0.4559875992946042,0.23755774881316621,0.0,-0.11947912815632,0.08605920963910024,-0.06785860435975427,-0.19765502323914075,0.44835454643850153,0.0,0.0,0.007709140701540551,0.023074656852689446,0.04097535137972781,0.0,0.0,-0.18120753918012888,-0.19370719750935178,0.12324658141918923,0.1445488211283537,0.19939209647666367,0.0,0.30768404763057244,-0.17158033941950213,0.0,-0.13505210694189684,0.07521048317425538,-0.0722578906337834,0.13414240656036314,0.0,-0.1295070142876692,-0.32915415851179,-0.11621605204272822,-0.06008237812994305,0.18657442940987212,0.18231024943658491,-0.06674053166222688,-0.12330223599639062,-0.1760405026973858,-0.21243798816532805,0.0,-0.02439233695765386
0.042952896461668055,-0.23306513607908635,0.0,0.08809505099849024,-0.060189632446523034,0.04268308012305838,0.020781479523262203,0.21341195256654788,-0.0871305181464544,0.005129208398891083,0.03884792508140361,0.13126159947971044,-0.0697678766118161,0.2613965310798618,0.19136175982620704,0.17257487229357818,0.3472060638039566,0.3469220175420154,0.2573955050740674,-0.2650882708158171,0.02837491753545157,-0.2296775169919929,0.3257503227550266,0.2183699337474852,-0.15020281095684912,0.13325497408174175,0.4253232759797637,-0.01584567452042912,-0.09253673526293127,0.09653996003918403,-0.030201758556893887,0.03022219882390098,0.13940315216506827,-0.0004883020435558216,0.10129787280149127,0.00947313503984848,-0.011013840261579422,0.07375398007297823,0.16219952860404813,0.49491580088950504,0.04474252637378101,0.4691100011845294,0.4986133544972406,0.3750863916922731,0.0,0.0,0.4067748195701419,0.2709490869205251,0.4777615646151865,0.11404146326253845,0.07578716169018201,0.2427761428296767,0.35813897758808444,0.4146688919600505,0.4233565840349675,0.6607990967431909,0.4169933294494028,0.199654137421793,0.30228171506564067,0.36072617602623047,0.0,0.0,0.0,0.5986518907099372,0.3081105272393337,0.317426456185528,0.25296812595702173,0.2498783200873957,0.0,0.5600221280224404,0.20456789664388025,0.26087109727585944,0.05197403621279828,-0.09491591787732578,0.4805971248478775,-0.001998816410864357
0.0,0.41425660912189016,0.08809505099849024,0.0,0.6575691358147617,-0.02269708062437492,0.5841033134943807,0.40645830513024883,-0.03221907947295971,0.28797280143454773,0.04162758997202731,0.3089579106516416,0.44171654845179614,0.3711715437812055,-0.04908815041740394,0.3055202729873483,0.46404033871939604,0.47141896750271783,-0.0661352592563007,0.3758554949091912,0.4694210514040118,0.3446537301870568,0.03797430586303291,0.24265810992088155,0.8100390464574141,0.3957137847578138,0.2057182958521766,0.6220554292485116,0.04031851721444732,0.4061919317743041,0.5086336494998268,0.04941580971331619,0.12352143994228156,0.35936712146116956,0.2708155252521437,0.3543677198485867,0.3379290396710707,0.31129656707115483,0.22269916753874652,0.38026754815519803,0.15381871361384267,0.4473503598684826,0.4505422791781778,0.1976521672293099,0.0,0.0,0.0,0.4251513016637567,0.0,0.0,0.3486847054681795,0.0,0.4675710702870493,0.35283602057432906,0.0,0.220855965056053,0.4205154189173139,0.4543420490639378,0.0,0.0,0.0,0.0,0.0,0.0,0.0,0.0,0.47502456566894147,0.3402579073723424,0.0,0.0,0.0,0.315077232248123,0.4057235136123426,0.27761134597705733,0.0,0.0
0.23889294014416573,-0.13520875465484417,-0.060189632446523034,0.6575691358147617,0.0,0.015701565073586582,0.29572892459271194,0.44249620692733715,0.023897905039346495,0.20766949370308105,-0.05730250037294238,0.23956690285078847,0.3960393895887919,0.4441140200547815,0.35089102498098323,-0.2789089230092897,0.2924350204813629,0.13854566492324166,-0.13505692295774813,-0.02996700942720132,0.12800334511836103,-0.1406879733677478,0.04478142461044138,0.1748886461369882,-0.1610492056991652,0.08856725606544116,0.0015944614482925057,0.33557609052807136,0.04176875698920013,-0.32607041223649214,-0.10522779391945014,0.1388108969086357,0.09284555270903902,-0.07040540135031881,0.1258551617380089,0.25069489277928036,0.6456130257778367,0.12163572369575792,0.1486289187911384,0.7918265650699148,0.40968712321601836,0.41144174872190054,0.21725162600578207,0.8500140050595364,0.3737223478594701,0.0,0.2386806295825632,0.11796524022430876,0.0,0.38033392991752024,0.09269565861496532,0.14661352285887289,0.3419754060171469,0.06072466953117894,0.0,0.09173688125903418,0.241918125352174,0.17798490778305315,0.43755342593339425,0.23559970236868763,0.46125987481338426,0.0,0.0,0.21513812392155274,0.16394307971674638,0.497140128173593,0.09060402100546822,0.25748059998342343,0.0,0.49506187121932355,0.09662965805561075,0.2116195059815909,-0.10946704996517731,0.20737715855687716,0.0,0.18248781288632687
-0.14935720780823564,-0.17020778257648966,0.04268308012305838,-0.02269708062437492,0.015701565073586582,0.0,-0.0657910672303123,-0.19977266543548233,-0.021074146985501196,0.11928990578569929,-0.05540003879197669,0.13506292611931792,-0.17047119652786008,0.02281272027040543,-0.17927512249164673,-0.2185125020059362,0.21467396903081093,-0.18983096618871997,-0.19198249197824713,-0.17436090016918432,-0.12206801563544745,-0.1795321525536973,-0.21199046904788954,0.10295206853853484,-0.19532034752412292,-0.27584995164871007,-0.20238870635645062,-0.01384427432169183,-0.11285139951958084,-0.14913289711737188,-0.20060350026897666,-0.1905753122476468,-0.2312932484083549,-0.24418300339859456,-0.31299661272596424,-0.08537779812453827,0.04118088884871429,-0.0510278557082286,0.005490528939063655,0.21511172193534703,-0.0030819165087371814,0.07749638635083433,0.14746709742300768,0.12936366666221577,0.11135740407820033,-0.2553939688857642,-0.18228206331146274,-0.005539700694552674,0.4065327355612521,0.07663054191606986,-0.04227989867046528,0.02231743237859568,0.14641634583873625,-0.007896009564697937,0.5428149366222216,-0.08938709513862275,0.17231094395414814,-0.018997486869965274,-0.0034630138751338135,-0.0829456244208544,-0.0999791718594723,0.0,0.21585371890856686,-0.0426574107333374,0.00879537876050246,-0.1220021454235361,-0.2008735904396895,0.029975939072049762,0.49915321973716603,-0.11348690297886393,-0.16989251130950578,-0.0027415879686876754,-0.09330350078250282,-0.06474316611262687,-0.23383029404706424,-0.06494042914047332
-0.20030275958271815,-0.14261289622849926,0.020781479523262203,0.5841033134943807,0.29572892459271194,-0.0657910672303123,0.0,-0.07355885137450491,-0.10792828075182775,0.21649454939279442,0.10102399544136542,0.07843525983954883,0.46010293608669595,0.29167273495915225,-0.21764277247222402,-0.21506231478279986,0.06295186081094067,-0.21440016063914474,0.014863584975062905,-0.11783613566663265,-0.11606604145970117,-0.1791738680929229,-0.07889629039855417,0.16424702944262617,-0.19060598148341118,-0.2986513996598332,-0.11268993919775933,0.347342344755902,-0.04161373870304308,0.12656612325307276,-0.024821520919718898,0.1506424252351601,-0.1904285377130452,-0.03161512214364082,-0.011973433234853254,0.5937133884298141,0.6725154070185644,0.36339513419551805,0.1583009219405832,0.4783134228095686,0.28019829237177196,0.4105530884424276,0.03488102629309975,0.8253525797745529,0.46721983586535243,0.0,0.13504058729562793,0.032408222030812533,0.0,0.21529537985620148,0.010120411373043703,0.04091915483706271,0.019573106869851198,0.31240165360556854,0.31180421793332747,0.21027510338594418,0.46453665357614715,-0.06630944025115759,0.23657784398299228,0.11025911891645354,0.2101062700062949,0.0,0.5079570547924042,0.47237154234445444,0.19723807600688062,0.17023582302305898,0.18823202132355243,0.05384677834636453,0.4646005956717547,0.2025586207388025,0.13427014550981917,0.008474522603137302,-0.04316378681181526,-0.13609893777343168,0.4018033526403715,0.16970271037349616
-0.07597993472843473,-0.2648669976085517,0.21341195256654788,0.40645830513024883,0.44249620692733715,-0.19977266543548233,-0.07355885137450491,0.0,0.05702067951656914,0.2588464432841641,0.34009659793861946,0.3057807353143521,-0.18750844388145416,0.7072353573869766,0.20084648028503738,-0.332530747838248,0.23443484437125467,-0.3241315902537695,0.12583708105987515,-0.13891825516440925,0.009271369060474322,-0.1924291597214216,0.02317425083651814,-0.08343989369851443,-0.25462828559632017,-0.26069933734052975,-0.07367909871501971,-0.16510847148166385,-0.1722676308629627,0.035793166454830994,-0.23051580634233526,0.20742104696507654,-0.25050222373323194,-0.24458342044383885,-0.1909398502158003,0.46667709973833704,0.24482237914938426,0.2339829327334122,0.18491742004423334,0.13650201628777803,0.10694560573114986,0.12406817307219575,0.44741510329455964,0.43066807972009424,0.0,0.32808023083851967,0.19850610985085534,0.3136519285920524,0.0,0.3433597244009085,0.19327822256530922,0.43202390468560214,0.4542446816880249,0.340321787085319,0.642648260736042,0.34634294679044764,0.9875596173126207,0.21416396899113235,0.5290581515437149,0.2255774749211802,0.2824311005129362,0.0,0.5772666450886883,0.21513385986248212,0.1479269623976159,0.4776045663407448,-0.18579857440698722,0.6801158892922916,0.0,0.22020757157425552,0.16017627698794445,0.2792045196292206,0.07698757607498208,0.15601154034875012,0.19822848485173472,-0.1976393704009805
-0.26958902847459754,-0.11298849236549457,-0.0871305181464544,-0.03221907947295971,0.023897905039346495,-0.021074146985501196,-0.10792828075182775,0.05702067951656914,0.0,0.008803153435666289,-0.05876323896947691,-0.07915808823434944,-0.16668291783858702,0.12916316034177255,-0.025316820937898665,-0.1829359469282909,0.14815003567775448,0.19350445641165367,0.10465879149021765,-0.07937444183319908,-0.1428566434083366,-0.15932655337128288,0.0507371481724706,-0.07303977486794805,-0.11361003776307937,-0.1746128650717983,0.09531292949734976,-0.06156284299327397,-0.012139791452223492,-0.09377877186859174,-0.03700113831331647,-0.017994754005914493,-0.19485461432607748,-0.033207653902256995,-0.03404295373237687,-0.07943886797440347,-0.04870773126958705,-0.060932320257656214,0.1595562382015895,0.39090088049429017,0.36353861196930676,0.1768386130372223,-1.3855741548995937e-05,0.28664468647141234,0.2557442418588649,0.0,0.11506119624539457,-0.002453253478632733,0.47164906954623276,0.08778107263312379,0.03311059823307688,0.23095914799824882,0.20057734168165148,0.09847413911904815,0.18719164944198255,0.18665923878698013,0.055635646148460394,-0.00022961011112659913,0.24665257155273745,0.17902131622912892,0.4519859218970671,0.0,0.0,-0.07747959550442246,0.3261113472052758,0.7299792781052337,0.20630846368462308,0.14050559195822332,0.4244068101372305,0.4503355537436716,0.11921805564682406,0.10184544834713599,-0.10347112634429706,-0.20663085889486343,0.3290194193503976,0.06426895626320756
0.09953844748469332,0.1602374888503549,0.005129208398891083,0.28797280143454773,0.20766949370308105,0.11928990578569929,0.21649454939279442,0.2588464432841641,0.008803153435666289,0.0,-0.039321618186008156,0.2365930240972475,0.16992461174278856,0.5180354027259325,-0.11662806047630941,-0.011362234187217268,0.3650169906803137,0.1320518369796554,-0.16583854411528842,0.23889120105894052,0.3542082579891749,-0.18685397086907474,-0.12140931454499204,0.1602942357525781,0.4305365448926889,0.34623713449449534,-0.006924119767353021,0.3079900192920041,-0.0035283072369813873,0.025267838763171457,0.3060208448464691,0.10193650194820539,0.22950228421581875,0.2600376169814445,0.2771032478410276,0.5406910369238864,0.23505007443095788,0.2894942081370679,0.7152947507376031,0.142415889717897,0.2332155791491506,0.40719084276409306,0.25418373799977995,0.21930916962853722,0.15285174092786108,0.030396201643954956,0.17061624863912986,0.3607399592141324,0.47698243738302915,0.48817915150151636,0.2591979261298083,0.15743970826587933,0.3247097333146822,0.3439101719321497,0.09348349822365709,0.20353885913632974,0.06107181291588637,-0.016548098903804154,0.0,0.6162550566486789,0.27532557595871565,0.29036154811856885,0.2928829836954303,0.48294301834463893,0.47560872712197505,0.28068065896039296,0.27280496822603606,0.33401837086654274,0.1923923263113484,0.3779861605106174,0.2685346730470062,0.23322684527993565,0.16136813441080933,0.2125523274422615,0.0,0.2769721742263901
0.36235745173671197,0.16791158856716298,0.03884792508140361,0.04162758997202731,-0.05730250037294238,-0.05540003879197669,0.10102399544136542,0.34009659793861946,-0.05876323896947691,-0.039321618186008156,0.0,0.12114069786066672,-0.011173299605936327,0.36954837445668975,0.0,0.5019140850109549,0.22688981842370248,0.22898088622385046,0.1815215026386439,0.4614098838414207,0.09030635085446914,0.24511207176197486,0.35563430015847447,0.15419717531921118,0.13527025654172725,0.12156911651944236,0.246053125048085,-0.06797246033560544,0.0374190246991295,0.28229810391643584,-0.10024202069266736,-0.03683301939737971,0.15137844608147982,-0.009874933814086662,0.15628190967210448,0.268867449474948,0.1562468390703981,0.0727531930439188,0.27044873051541063,0.3641404846642235,0.3235127504561822,0.21302796900204246,0.15162091231735714,0.3140514779843642,0.11798561093154837,0.0,0.0,0.40519280409210373,0.4793935267159387,0.22226239639318596,0.05305011543431015,0.25222015965165023,0.2710912174853972,0.34501864032306734,0.2353823571340242,-0.030627061740308797,0.2140754673783555,0.21222711382713771,0.19093526168599084,0.0,0.0,0.0,0.0,0.3716518392014693,0.2616637285388347,0.0,0.5328302148253944,0.06647283892244338,0.0,0.0,0.9421637717523925,0.11772261607171486,0.3012959440631279,0.32101395038809677,0.0,0.22041714798850667
0.1985467412141746,0.3744476830830391,0.13126159947971044,0.3089579106516416,0.23956690285078847,0.13506292611931792,0.07843525983954883,0.3057807353143521,-0.07915808823434944,0.2365930240972475,0.12114069786066672,0.0,0.06414483877671234,0.4904306524596201,0.20638843474168794,0.15718103761021057,0.3974844556997227,0.4035672751246641,0.16763426695833322,0.5034764576484902,0.39853099178442,0.5114603709380154,0.027405085650844985,0.20081424625762204,0.4108823468592892,0.36098919181972483,0.12194279564349414,0.3031124375306184,0.19899487881022754,0.06104706212462985,0.3125543695105196,0.32342508105990236,0.4444377575144718,0.5408682635707203,0.3755469289321558,0.26825920425464955,0.37877507337616123,0.18328771278980358,0.5527234465282898,0.32216170524566634,0.4221631795375272,0.6406223799429487,0.12833642609774312,0.49526944838894577,0.37386267241352245,0.22077980487244142,0.28876376323490327,0.18375705009428606,0.4236509491179649,0.29325821402753033,0.24143207898198102,0.31148779802960835,0.3800795745370301,0.24787897112951246,0.1569143222556738,0.3209551775731806,0.3251313291590728,0.24823346621286957,0.5730801096210316,0.5446464813879557,0.1190537542966848,0.31586941289381154,0.38037237150155745,0.2828645318289851,0.4260996228781901,0.46866365291942685,0.37463870683899714,0.4009256111349805,0.33366756826299193,0.4558053496611493,0.4139443929772557,0.10147426160608408,0.3490568251332299,0.33169941164375993,0.0,0.426215745700705
-0.2632800756412422,-0.18277802089801154,-0.0697678766118161,0.44171654845179614,0.3960393895887919,-0.17047119652786008,0.46010293608669595,-0.18750844388145416,-0.16668291783858702,0.16992461174278856,-0.011173299605936327,0.06414483877671234,0.0,0.23899241382576913,-0.1811130703950059,-0.2713092814706086,-0.06322465815786754,-0.27191960830106365,-0.02980584220586202,-0.1687333840834157,-0.1872740215940128,-0.20889428053785952,-0.17361831139858797,0.042837099760445835,-0.27079502418962215,-0.3389783292725222,-0.17897905913278794,0.15502233434588394,-0.04598530472439266,0.09943063248452338,-0.06834269828823769,0.16758508838292951,-0.15810340463256056,-0.05498466252284323,0.01338414414903022,0.4795508591633783,0.4059461204436893,0.21503728495259722,0.13788842946117708,0.40278925202308546,0.2839954762229792,0.4569710500749226,0.24705152902716543,0.44274424948657887,0.3196603572225656,-0.33906897456817064,-0.24137796548854534,0.007972868608291495,0.0,0.3223571025334737,-0.08451365483933282,0.01091735342902267,-0.06063152219298218,0.034365590897858234,0.45406831029877,0.18926150472513384,0.24977627413676645,-0.04866295698583434,0.43374531399002425,-0.02358769602271238,0.10170784390126092,0.1905302649580899,0.10220818426196471,0.3355914780652067,-0.034963219261001766,-0.2485673781834563,-0.1869508820703954,-0.03069147470428152,0.564275701352881,0.06737060284589125,0.11613732044785569,-0.034626458050602604,-0.06062422031571607,-0.09129085747363574,0.19537600882756476,-0.07092408519937704
0.31908081014434453,0.29729952413987704,0.2613965310798618,0.3711715437812055,0.4441140200547815,0.02281272027040543,0.29167273495915225,0.7072353573869766,0.12916316034177255,0.5180354027259325,0.36954837445668975,0.4904306524596201,0.23899241382576913,0.0,0.33058293686121965,0.5083163320214248,0.501621104848248,0.4775760264678856,0.18255647682541343,0.3996700881812436,0.0852173269636391,0.20727627483980032,0.30800851382291106,0.5283200101695509,0.4192012385175755,-0.005348862963400758,0.11669739928463307,0.2332722433351753,0.16440489806705688,0.5110081151512975,0.03149575919267644,0.19392389624224193,0.3207579937047752,0.37234302257063967,0.3731931751854517,0.20621668178427727,0.10142127511132101,0.3750486779296718,0.3559330163814295,0.0,0.5508424580040472,0.6982870316688057,0.14877584862632265,0.47711749262435327,0.0,0.0,0.0,0.018094029186571547,0.0,0.13472959627198355,0.12210772703899517,0.26143389967154207,0.1820207122716761,0.02523646567682508,0.0,0.13739331280242573,0.39258848592663037,0.4468646635846075,0.13396036114343007,0.0,0.0,0.0,0.0,0.11013219350109463,0.0,0.0,0.0,0.03947850554279714,0.0,0.0,0.0,-0.0012929609038109802,0.41465582236114756,0.0,0.0,0.0
-0.14433609927897714,-0.2610285821656271,0.19136175982620704,-0.04908815041740394,0.35089102498098323,-0.17927512249164673,-0.21764277247222402,0.20084648028503738,-0.025316820937898665,-0.11662806047630941,0.0,0.20638843474168794,-0.1811130703950059,0.33058293686121965,0.0,-0.26138335263017287,0.2476784555103361,-0.17254004810555157,0.0,0.31150766004469255,0.06378355119858353,0.32535909678663577,-0.01308701123594913,-0.029951220139541157,-0.1760505039166172,-0.00902717818554477,0.13845166434478612,-0.12904955574725607,-0.10309875116180561,-0.10382599244668156,-0.1881352136511778,-0.1349088875174197,-0.15219267191632246,-0.14506487787115813,-0.22254813156456538,0.46637012510109416,0.5142334117636109,0.39152802890252325,-0.10619948341648328,-0.02064497330703713,-0.15818754453783218,-0.16353256771327357,0.48054236650442955,0.41265682749479904,0.0,-0.3560286740005882,-0.25695059392647523,0.18599877090419356,0.0,0.0,-0.09795314423516549,0.02220586082590348,0.12509015248778454,0.42393233078693787,0.0,0.0,0.6155443082602514,-0.03756327159234851,0.48066153835181635,0.3523363546351707,-0.19316957632363313,0.5405408918571832,-0.4395462746224788,0.0,0.4025046550899229,0.2639707926386742,0.3222607070055423,0.40593692201880377,0.4786981338230607,-0.21828406976982778,0.012280798586897845,0.274237817598066,-0.060432449108953845,-0.09606997010379636,0.09878100354776664,-0.09116105973662919
0.03594966441361941,-0.07507310243383963,0.17257487229357818,0.3055202729873483,-0.2789089230092897,-0.2185125020059362,-0.21506231478279986,-0.332530747838248,-0.1829359469282909,-0.011362234187217268,0.5019140850109549,0.15718103761021057,-0.2713092814706086,0.5083163320214248,-0.26138335263017287,0.0,-0.030283273451639614,0.29196795745494797,0.4619761009700636,-0.2289635510867686,-0.25773532565429363,-0.11505403454527063,-0.3183893591782883,0.0077830648476502895,0.13777063957536012,-0.13959031850617554,-0.25751616834943797,-0.1920355933477902,-0.2117559618750125,-0.20385233283480053,-0.09313045901158107,-0.10638558967323664,-0.13215359341605912,-0.16781463514352535,-0.2656577016485058,0.4774385475979023,0.10394137018475919,0.38332691683731357,0.08241919587129803,0.16002708083824316,-0.025815794405712467,0.036212375798602536,0.46914901857399927,0.0,0.0,-0.07003281870818473,0.14756701477561757,0.0,0.0,0.0,-0.1346896713295443,0.09069100754599507,0.4040465075167193,0.0,0.29682039016127243,0.0,0.06072221756098184,-0.17661531068891867,0.0,-0.22832847531542466,0.1874099077653465,0.20015986187778806,0.271123145519635,0.0,-0.17983884557555452,-0.2899165428505704,-0.13153541838909716,-0.1837876544561896,0.16914088387536536,0.3039217611793421,0.17464271856199165,-0.19683272398846746,-0.13199879110760693,-0.18695318595651567,0.0,-0.0664623922442486
0.0004718679469157272,0.34230113761324377,0.3472060638039566,0.46404033871939604,0.2924350204813629,0.21467396903081093,0.06295186081094067,0.23443484437125467,0.14815003567775448,0.3650169906803137,0.22688981842370248,0.3974844556997227,-0.06322465815786754,0.501621104848248,0.2476784555103361,-0.030283273451639614,0.0,0.12631381015401705,0.2733749093016268,0.2020849424946775,0.3015258603136002,-0.26864317062248105,0.10544302470989159,0.17926334843733993,0.2751662220790861,0.1331701078431283,0.2167177369400965,0.41375723262457137,0.10183946488089063,0.595225224247609,-0.011240923498893496,-0.22410889992097488,0.08275204347320703,-0.015539343412338869,-0.15600880628244435,0.38675196999955086,0.3676815864440099,0.2472858592357419,0.41876909849743654,0.2836407466367574,0.09787811322424789,0.19712058412384065,0.0,0.0,0.3215839621105383,0.2581210996100532,0.3931564217619712,0.0,0.0,0.0,0.0,0.0,0.0,0.0,0.1773992749805508,0.0,0.10905060104210446,0.39417853552292337,0.0,0.6018532098656221,0.0848925544501648,0.25386584114921074,0.24267154041566444,0.0,0.0,0.0,0.2963567634172873,0.0,0.12554165394983696,0.3859306935364072,0.31501291684034616,0.0,0.258922141155391,0.4796214401136463,0.0,0.26695708113569416
0.13013878035729276,0.12224707227054649,0.3469220175420154,0.47141896750271783,0.13854566492324166,-0.18983096618871997,-0.21440016063914474,-0.3241315902537695,0.19350445641165367,0.1320518369796554,0.22898088622385046,0.4035672751246641,-0.27191960830106365,0.4775760264678856,-0.17254004810555157,0.29196795745494797,0.12631381015401705,0.0,0.30113233095972264,-0.21177404148532644,-0.1201667944497598,-0.14492829905202204,-0.27336640586823413,0.12410559941523963,0.3095359928113175,0.08576190347066631,-0.23773170146954942,-0.18177287842668555,-0.16777419904918983,0.2137911854002098,-0.19969199954692873,-0.10623805884861698,0.06005348498234986,-0.12995296992023836,-0.11728550722919642,0.37794516310576753,-0.1746416733226751,0.14774964840777804,0.45076181579861,0.3358062000080158,0.22168785150287346,0.32155638832621836,0.0,0.0,0.3251886631534925,0.27447367497262154,0.3421364966977596,0.0,0.0,0.0,-0.08243265823263851,0.49259776224896107,0.5838275803900235,0.0,0.3674887175925393,0.0,0.22951558492911772,0.1408303790980413,0.0,-0.026479748566196948,0.3520004674710084,0.36383168856177167,0.28456581652317625,0.0,0.022594944030186748,-0.21327786144664485,0.1349622832442473,0.2996541604936161,0.1324185513401962,0.3420400935844532,0.35291392334383376,0.18047760458151985,0.175389421034306,-0.0546090864748347,0.0,0.3368885652884031
0.0,0.5043836097630082,0.2573955050740674,-0.0661352592563007,-0.13505692295774813,-0.19198249197824713,0.014863584975062905,0.12583708105987515,0.10465879149021765,-0.16583854411528842,0.1815215026386439,0.16763426695833322,-0.02980584220586202,0.18255647682541343,0.0,0.4619761009700636,0.2733749093016268,0.30113233095972264,0.0,0.5251068645121135,0.30873815236476276,0.4847223308728513,0.5021332879554872,0.19390578440437106,0.22733495925492248,0.17665999540147093,0.5925770533670608,-0.03426434335799605,0.19848641845073328,0.31682271683827123,-0.055323822033676806,-0.01321034806767496,0.2021509802830767,-0.02419557017454521,0.0788534676999521,0.07919969647098446,-0.10675250397823521,0.15643905850738526,0.13371759701033747,0.4694330664374876,0.42996584322026077,0.05096901388923877,0.24153867963569806,0.45837988709120286,0.01047276075490223,0.0,0.0,-0.11338780263912501,0.0,-0.052412706818502075,-0.28083595638202896,0.004003859489615458,0.1145135962351913,0.25763027131182487,0.622223589240674,-0.03564589025833781,0.29041657449628144,0.2209605792619069,0.05085339896865476,0.0,0.0,0.0,0.0,0.27535874033667584,0.4787236460460551,0.0,0.4963561900293565,0.04882402586095075,0.0,0.0,0.0,0.10269516366269699,0.30191459493650863,0.14777355650448826,0.46448311962879085,0.27721469681155897
0.08279244809604969,-0.07623002329623252,-0.2650882708158171,0.3758554949091912,-0.02996700942720132,-0.17436090016918432,-0.11783613566663265,-0.13891825516440925,-0.07937444183319908,0.23889120105894052,0.4614098838414207,0.5034764576484902,-0.1687333840834157,0.3996700881812436,0.31150766004469255,-0.2289635510867686,0.2020849424946775,-0.21177404148532644,0.5251068645121135,0.0,0.013597344869410333,0.12138452134218067,0.24279431684304625,0.3427552767445867,-0.1939951579873187,-0.21524321640174265,0.3422040784990671,0.11137534374629621,0.199417248041259,0.15913558513904824,-0.042465885880484944,-0.14386862665055133,-0.12354812601507104,-0.15619548679376277,-0.2460893183722514,0.045268529652018386,-0.2058973557809896,0.38708105491974154,-0.10385105359184518,-0.1647875514303439,-0.18037498428840482,-0.17115521289731406,0.5532453288220327,0.3027483090147745,0.34566190591112866,-0.3700199257148937,-0.18484391616084778,0.16264309453121537,0.0,0.0,-0.1061752018718296,-0.2035005440599641,0.051770005633752225,-0.20880082890399743,0.7906645062472978,0.0,0.579941037453272,-0.11520188611360788,0.0,-0.07092373019304138,-0.15286096098694096,0.47089339528201934,0.12463894960502803,0.0,-0.1576058850685257,-0.009177678984813642,-0.011260982157701993,-0.020102850405906314,0.0,-0.09553497392994786,0.032990663920584196,0.0073699731261074874,-0.06825604976491145,-0.1445360898267386,0.17800605402621938,-0.17791909935680555
0.07398091077055047,-0.20106728261227835,0.02837491753545157,0.4694210514040118,0.12800334511836103,-0.12206801563544745,-0.11606604145970117,0.009271369060474322,-0.1428566434083366,0.3542082579891749,0.09030635085446914,0.39853099178442,-0.1872740215940128,0.0852173269636391,0.06378355119858353,-0.25773532565429363,0.3015258603136002,-0.1201667944497598,0.30873815236476276,0.013597344869410333,0.0,-0.1776644675764626,0.03268604480098236,0.20494583825389281,-0.17786039768762651,-0.20561411646371758,0.08681861745495706,-0.15414464936419697,-0.14872720108057302,0.1411952533409671,-0.19904610112955579,-0.14978907864174973,-0.11543118409510628,-0.14321640626095578,-0.21207261927765442,0.5945703938504359,0.07209269648726854,0.5107359790839031,0.04736575214518063,0.08188593362857194,-0.11087188716041613,-0.028144970245279788,0.5346516425032126,0.0,0.0,0.4552684120689579,-0.10739905490963292,0.03647172990862613,0.0,0.0,-0.11545183266761949,-0.23589536458976418,0.47554969739959685,0.40907286877393634,0.48942638759478185,0.0,0.5041441889909116,-0.14120617917256406,0.0,0.015046254156139083,-0.1134337493948464,0.0,0.2944529732205068,0.0,0.05636686024341003,0.6630876618746275,0.03493007564763795,0.06838362213018334,0.5470273448321642,0.0012662764028354978,0.03888863810739318,0.03535536715884541,-0.054150942056428675,-0.007281603838324768,0.06562739195414422,-0.0632772666169843
-0.21844517827902454,0.09737508573253062,-0.2296775169919929,0.3446537301870568,-0.1406879733677478,-0.1795321525536973,-0.1791738680929229,-0.1924291597214216,-0.15932655337128288,-0.18685397086907474,0.24511207176197486,0.5114603709380154,-0.20889428053785952,0.20727627483980032,0.32535909678663577,-0.11505403454527063,-0.26864317062248105,-0.14492829905202204,0.4847223308728513,0.12138452134218067,-0.1776644675764626,0.0,0.33293342178615776,0.27349236968006874,-0.11669125133534003,-0.3114945039842423,-0.052655250256784136,0.16846679558171362,0.0503502801816659,0.1466762413571241,-0.25443289702066907,-0.24119253325285722,-0.22017374946446,-0.25653566463961053,-0.3560183709968271,0.43628563352404476,0.5469568266332661,0.3594939012976327,-0.14160985543598442,-0.17426778202084192,-0.23683529013329402,-0.11766887420134581,0.3968663626369854,0.49126252603802156,0.41127224438363474,-0.22767771324099295,-0.2230830882147345,0.18155181210096635,0.4784253372467412,0.4026148795095449,-0.2077130034606945,-0.19572091503983036,-0.016645064642833995,-0.18850438121772856,0.3409113902002188,0.0,0.3461776166505778,-0.18308301743936278,0.0,0.08099843378704097,-0.17714211536526198,0.30842879198526785,-0.1913845108893245,0.0,-0.15696242008051275,-0.12176664934216441,-0.12606839100205558,-0.03780985444541196,0.5027935026848285,-0.15011023048103234,-0.17572238097163917,-0.157469773648085,-0.21649392713862525,-0.19330629528874066,0.339709157208609,-0.21689456262042167
-0.07254572972995721,-0.16757063133346783,0.3257503227550266,0.03797430586303291,0.04478142461044138,-0.21199046904788954,-0.07889629039855417,0.02317425083651814,0.0507371481724706,-0.12140931454499204,0.35563430015847447,0.027405085650844985,-0.17361831139858797,0.30800851382291106,-0.01308701123594913,-0.3183893591782883,0.10544302470989159,-0.27336640586823413,0.5021332879554872,0.24279431684304625,0.03268604480098236,0.33293342178615776,0.0,-0.04907716730685818,-0.2622816506466113,-0.25249806384490475,0.21866405382049994,-0.1419343321724491,-0.1817173938110998,-0.15893066641367753,-0.13180121236127695,-0.08871550583488641,-0.1758950364901246,-0.1810743961138897,-0.125927871859926,0.13206901262226356,0.14832862634010469,0.029093596569105457,-0.014618964172428695,-0.03895719299118744,-0.09882916784095452,-0.038316429276707975,0.24779673347347328,0.2241233153101041,0.4284763694747997,-0.2613505664272616,-0.27573715514280056,0.368947419087308,0.272564937736305,0.17877046285572756,-0.014844252085518095,0.07478409595880886,0.34499235025412034,0.26918172911601257,0.2631190454501638,0.4718855169413332,0.10074349181037445,0.00203560277346726,0.2589813953487107,0.063881901239207,-0.2502358703926959,0.4756087271219755,0.242870196915885,0.4357005465589636,-0.010549970210230963,0.08316755110585855,-0.009360100495640233,0.40823262439192404,0.35889720986728324,-0.1498732102863225,-0.11965319164351995,0.03522080266023564,-0.06613098306411119,-0.0341602148137195,0.17168849043063222,-0.03999214776558102
0.20952844242963187,0.10321405188281457,0.2183699337474852,0.24265810992088155,0.1748886461369882,0.10295206853853484,0.16424702944262617,-0.08343989369851443,-0.07303977486794805,0.1602942357525781,0.15419717531921118,0.20081424625762204,0.042837099760445835,0.5283200101695509,-0.029951220139541157,0.0077830648476502895,0.17926334843733993,0.12410559941523963,0.19390578440437106,0.3427552767445867,0.20494583825389281,0.27349236968006874,-0.04907716730685818,0.0,0.22658920115614722,0.19325385851268093,0.1064252276689053,0.27143702870773917,0.2978867038492179,0.6556666637219757,0.09741882482890815,0.21062623968595579,0.3016381491163354,0.33653212212707373,0.2681260548306926,0.22250733785022356,0.21813566689487332,0.1843674627009715,0.7132849641889192,0.6168547860144294,0.44064005395182293,0.5396452438725593,0.3766221795074268,0.33938806612776823,0.20018612838213157,0.26067182041215287,-0.020076799681550295,0.0,0.0,0.4766032269315115,0.5018723244479197,0.39159740093465895,0.0,0.3126972461527471,0.3098051460379786,0.4867160733730974,0.3233339042200482,0.2829068102781266,0.0,0.3768803411750108,0.10213337254172883,0.25216810717670957,0.1415995064721754,0.46426003674426497,0.43085325596976887,0.5706477041713844,0.14655762333223382,0.6656246099187118,0.3211397407387605,0.32485875914484313,0.3673862345078013,0.41091050438521626,0.5919933748949622,0.19483190934992006,0.0,0.35654441111320695
-0.005005414926556706,0.2644701075395113,-0.15020281095684912,0.8100390464574141,-0.1610492056991652,-0.19532034752412292,-0.19060598148341118,-0.25462828559632017,-0.11361003776307937,0.4305365448926889,0.13527025654172725,0.4108823468592892,-0.27079502418962215,0.4192012385175755,-0.1760505039166172,0.13777063957536012,0.2751662220790861,0.3095359928113175,0.22733495925492248,-0.1939951579873187,-0.17786039768762651,-0.11669125133534003,-0.2622816506466113,0.22658920115614722,0.0,0.05672230256963237,-0.21210455252498506,-0.22791698376805458,-0.16524199004766033,0.10982822641332368,0.002120700888598892,-0.05704413547448792,0.19349802948739225,0.024402119792122146,-0.11145630316994393,0.3373367398448354,0.5642616416246667,0.3533543184187866,0.3537021599363848,0.35167903491576835,0.20835405077539104,0.2697230870401975,0.3313820695834971,0.0,0.33508523893372716,0.18172715389093125,0.29190329643199064,0.0,0.0,0.0,-0.1111463922606995,0.00047765736712590545,0.22408297024594123,0.4247440174444319,0.3095593743301923,0.477047000668536,0.29382615093554676,-0.09348849477015453,0.0,-0.03864097059556015,0.2751443272097324,0.30659952625929965,0.2827108009060767,0.0,0.0941316923290349,-0.12001686379045945,0.12840959767075782,-0.16140248151444403,0.11482293257202475,0.3337896325655245,0.30143271754388107,-0.09951670771007576,0.08131379393682103,-0.10087197323260488,0.0,0.24817853372273424
-0.07363948962974559,0.020317793270201834,0.13325497408174175,0.3957137847578138,0.08856725606544116,-0.27584995164871007,-0.2986513996598332,-0.26069933734052975,-0.1746128650717983,0.34623713449449534,0.12156911651944236,0.36098919181972483,-0.3389783292725222,-0.005348862963400758,-0.00902717818554477,-0.13959031850617554,0.1331701078431283,0.08576190347066631,0.17665999540147093,-0.21524321640174265,-0.20561411646371758,-0.3114945039842423,-0.25249806384490475,0.19325385851268093,0.05672230256963237,0.0,-0.19599318426516965,-0.3812367397790105,-0.3099849599009348,0.05793548393200584,-0.2780273128604671,-0.263975552175484,-0.15673235648356593,-0.23753333484385264,-0.2829262761389164,0.1807047205160767,0.2886254436605597,0.3009960733569065,0.15038142014727557,0.1617019937841297,-0.04256156815383466,0.027346012356263827,0.1212963132683792,0.5180681957424529,0.20684209144503185,-0.026448969663513344,0.0450236585978972,0.22174830510451543,0.0,0.004029511276466309,-0.20296666453608375,0.06409385052079497,0.023220909142193602,0.033637093249432315,0.3073807866400512,0.0,0.3214632940599666,-0.19959303785158417,0.0,0.01381680802044477,0.08120650246719513,0.32480436857278006,0.1605866282833905,0.0,-0.15249928548626113,-0.4071142614504025,-0.07366597436457056,0.16674657670994214,0.24167748020027877,0.2736525054296264,0.155290324466888,-0.09938132363088953,0.10493579838390904,-0.2011425638383157,0.4873899627761874,0.1098686383177549
-0.12369978279183791,-0.1882708205479155,0.4253232759797637,0.2057182958521766,0.0015944614482925057,-0.20238870635645062,-0.11268993919775933,-0.07367909871501971,0.09531292949734976,-0.006924119767353021,0.246053125048085,0.12194279564349414,-0.17897905913278794,0.11669739928463307,0.13845166434478612,-0.25751616834943797,0.2167177369400965,-0.23773170146954942,0.5925770533670608,0.3422040784990671,0.08681861745495706,-0.052655250256784136,0.21866405382049994,0.1064252276689053,-0.21210455252498506,-0.19599318426516965,0.0,-0.11185731334755289,0.11088165687585519,-0.10429461380298327,-0.13909705487541985,-0.06480475598642604,-0.13354928448265307,-0.16345263965011342,-0.1838399652787353,-0.11983169613061151,0.1336411278708783,-0.04795861982688043,0.017981710325176647,-0.11446544909181905,-0.052282625799096594,-0.00785982016645248,0.18673976844794288,0.23254605321994046,0.30976028863703753,-0.1912665252311479,-0.1917772310845305,0.06219919093742787,0.28686903301122724,0.06475162894749414,-0.06073648460730935,-0.027267836144771018,0.11836049270128035,-0.02172843735217883,0.4342814234947635,0.11680153911552282,0.1776197978032191,0.020569873088834956,-0.383529513748052,-0.010220811898471405,-0.1948634909183964,0.0,0.09739055992248641,0.15841434072184862,0.0027236384891355936,0.002517058303115438,-0.17935201513794397,-0.0026951586944015116,0.0,-0.13727703122026302,-0.18408691042954745,0.026937207962086318,-0.04808398673125108,-0.021667710130423568,-0.15613772279288451,-0.1024805874050943
-0.17688628471029932,-0.1627141347855428,-0.01584567452042912,0.6220554292485116,0.33557609052807136,-0.01384427432169183,0.347342344755902,-0.16510847148166385,-0.06156284299327397,0.3079900192920041,-0.06797246033560544,0.3031124375306184,0.15502233434588394,0.2332722433351753,-0.12904955574725607,-0.1920355933477902,0.41375723262457137,-0.18177287842668555,-0.03426434335799605,0.11137534374629621,-0.15414464936419697,0.16846679558171362,-0.1419343321724491,0.27143702870773917,-0.22791698376805458,-0.3812367397790105,-0.11185731334755289,0.0,0.17797615315011078,0.24146834101127618,0.258928705984398,0.39610093789347756,0.14778800506964487,0.12402097327588929,0.46109340259941256,0.6625485461815179,0.7390314020863841,0.5953830181389458,0.06183507607999819,0.12254343781850485,0.3304846840755974,0.247948205711537,0.28640306765000895,0.4236166027514037,0.38889186574089324,0.37658105847956214,-0.15293492077537546,0.19341247702081188,0.0,0.34752041512091025,0.004735292719950657,0.05740925618473314,0.08457449009567539,0.09441701996764529,0.4283672725514408,0.2924834940590997,0.353255312096002,-0.03193096096577641,0.4152748213880455,-0.020196892325891724,0.0437888691148165,0.35241430218355474,0.004120619787298829,0.5021060668581177,-0.1876461635957421,-0.22958160015430684,-0.15385606279775477,0.011340982193194127,0.454504790798544,0.19945367482896675,0.006607988320725011,0.07024784565716186,-0.09568451801681416,-0.1292312995562548,0.05922517455495552,-0.019715796024889154
