0.0,0.5305888047037071,0.029123336642262104,0.0,0.47625328489370355,0.3921595348307036,0.3636612418003736,0.6891412040464496,0.458286060960008,0.6028606899525217,0.2853343997554316,0.6672720190160626,0.5143109593366648,0.36831786977598324,0.2989794337311513,0.6526981295815094,0.20615866871929378,0.3215096719937981,0.0,0.44044231005250223,0.5457704577630008,0.4219785682039144,0.48385710215366046,0.8080436326063436,0.30358384602529276,0.5273992312953912,0.4079076639524716,0.3281723177233028,0.39716202443619353,0.3248353808885251,0.5237630478942373,0.47733245149659753,0.32933051030281313,0.44712021729661044,0.3080589554155012,0.44026917456658177,0.5001378896905709,0.3482915900498196,0.38961336641755373,0.3206773962836974,0.24200816915276213,0.5061489849037754,0.47144940991610107,0.0,0.3626149147694815,0.3757191699327803,0.5403502457343485,0.0,0.0,0.0,0.4940676806812436,0.0,0.4685941637834382,0.0,0.1607007155191379,0.0,0.32746485999827146,0.6484418116129167,0.0,0.5220163985181616,0.43188350941057274,0.2499421343418581,0.45356157657094254,0.0,0.4318132897730602,0.3865069017535043,0.47305204043313204,0.4696246253590044,0.6581636882698144,0.5239425316531631,0.38484447558384494,0.5000340860394965,0.434822801925249,0.5438001081085425,0.0,0.4396246084108383
0.5305888047037071,0.0,0.5207754782625608,0.41703538185547756,0.42461037560269865,0.4018378363682825,0.5031873757762788,0.7305497166278374,0.3838249086370999,0.4256826438978593,0.3498412614210577,0.47134578902410207,0.5341459513449083,0.29322599993516363,0.36754495221297756,0.4603081137519778,0.4376675823685475,0.4895203746078566,0.49497473197441355,0.5792561554683,0.4129176676632965,0.621919665540626,0.4610146489101592,0.4832477542900414,0.20074582796542847,0.44313208581076347,0.3527838220023263,0.6027955702950372,0.47797991932520456,0.4695634692457885,0.5921783341079058,0.39754917594300043,0.2704013700040544,0.5214263768394978,0.44326979958914065,0.506379949160757,0.054024158906880664,0.0,0.4047035551718026,0.5532485340476828,0.3759858380848633,0.5315029220903089,0.44646378193927166,0.0,0.0,0.4390309358323896,0.5430209915485208,0.04332849564993444,0.0,0.0,0.5236893555018961,0.533950178611418,0.537022614340805,0.629610795137334,0.4999288165818222,0.0,0.3039138311890174,0.579488667742044,0.0,0.5393818244487473,0.5265277471746862,0.37738211931060717,0.5792578678882997,0.0,0.4653678692529335,0.4689858095553495,0.553614971367083,0.4543432919061634,0.3117656766016178,0.6146801760257665,0.48107965428357036,0.4380708035260437,0.531472085407666,0.5762344720020829,0.0,0.5561052160222624
0.029123336642262104,0.5207754782625608,0.0,0.25947514045603925,0.4742213787182313,0.38971881140799963,0.5270781180999871,0.48163631952021263,0.46386663478774137,0.6101491152808141,0.4319793752395442,0.6399052990342201,0.595609135044949,0.1592006023236595,0.16425942847467995,0.44522798707533456,0.4517875601582818,0.530209946377088,0.566308912433335,0.34779055085854577,0.38052496654105455,0.5295950374805285,0.45375922865793716,0.3682117403190612,0.5530774575984851,0.41102234842982766,0.3950359091473427,0.6734711084147849,0.5305277213344127,0.6973357222709556,0.660311212791757,0.5579382374791694,0.32338958389466954,0.6365218890601808,0.5141149110220063,0.40492637278533694,0.5684984083703979,0.5200295670026307,0.6625521364158311,0.49575246592031724,0.4040006428123679,0.08668260074906683,0.6667590496208897,0.6020379681622179,0.0,0.0,0.4089045725897224,0.4653386190091213,0.47921749293633287,0.44761784557136,0.5239305734617247,0.5546998620994018,0.5883265362337229,0.7021024827145759,0.4263407717032396,0.456312162772043,0.4794099910794518,0.48780389502850086,0.5221797081363826,0.3598565803487317,0.0,0.0,0.0,0.4446926670469229,0.3989148057474551,0.5141587004928816,0.25202213553752406,0.5622431421498607,0.0,0.5582528008369854,0.3263530601850973,0.5757850272557048,0.5318129925571689,0.5456187888686654,0.4770747045281927,0.4153688613159671
0.0,0.41703538185547756,0.25947514045603925,0.0,0.22746792804776753,0.4169943539313127,0.43379197561833954,0.470785515283919,0.585785302784954,0.19590872313525642,0.1706402369968944,0.4210872255140343,0.5195534025025708,0.3834076249345779,0.5102732396012273,0.30032798767588664,0.45692880532155716,0.4700177536155937,0.3010511139321195,0.40156032823126375,0.46170808178242484,0.42073967631212217,0.2540145009932555,0.4085881570082391,0.8098177228689828,0.4804958417164506,0.5181547047517562,0.24829618350002083,0.3603703717792258,0.8306755695071351,0.5337887813882918,0.11428922614750461,0.20175823801080822,0.2492376809550093,0.25834377350241433,0.34037407435415107,0.29037959333496804,0.43124251563342275,0.43075264144130043,0.3857016355265592,0.4677017505758703,0.33972898767708026,0.3982090422666921,0.34952783328680737,0.0,0.0,0.0,0.42814153513913106,0.0,0.0,0.5261081425420471,0.0,0.46691470896357534,0.3477556054812314,0.0,0.2197328879659224,0.6752306550292924,0.45509858567741535,0.0,0.0,0.0,0.0,0.0,0.0,0.0,0.0,0.4778410297082213,0.46576843484429087,0.0,0.0,0.0,0.4218624961796791,0.48102471804621094,0.6492445506105946,0.0,0.0
0.47625328489370355,0.42461037560269865,0.4742213787182313,0.22746792804776753,0.0,0.36420737208068193,0.30920186112168213,0.45464031304956093,0.3900543601964729,0.693563287115265,0.33991097632470335,0.6565792487533618,0.7223232063284719,0.14244112709249657,0.3082769021535695,0.5773621832100124,0.49356819549973585,0.22522815788519224,0.4639467025055397,0.471441562099814,0.45734966045690373,0.4711180261001652,0.39438642804697277,0.6245290026389629,0.37942483348410805,0.4420627554956187,0.3609109935810961,0.7475684872382022,0.5266705642819637,0.39116702633557177,0.5848738117847168,0.23384098975459025,0.4383882581240382,0.6249008166150047,0.28926599374223744,0.3736122748335699,0.6379476438265481,0.5432887345143322,0.6838727566750604,0.9143109682518626,0.6531445663916164,0.6136463877864334,0.6498737240454819,0.6778163699839617,0.3768431574266471,0.0,0.22331360587790755,0.6763221641397985,0.0,0.5726582869736012,0.5382098085892987,0.5607684264493479,0.3924283761659989,0.6352814891867121,0.0,0.45295009445947104,0.2355088200285101,0.5462669616630282,0.2870724280184436,0.3357943234417579,0.4609129310154061,0.0,0.0,0.6360454075444917,0.3872402508306075,0.49582790261273263,0.4829492638081122,0.572215326472131,0.0,0.4962430195962607,0.6531006564359594,0.5226152105943677,0.5104269514658035,0.33314523701115817,0.0,0.4622517485655404
0.3921595348307036,0.4018378363682825,0.38971881140799963,0.4169943539313127,0.36420737208068193,0.0,0.41056932992438394,0.30115261930363146,0.3414534802961803,0.6257419360245977,0.4688862177944963,0.7273365668129059,0.3039494422884379,0.21009302380617473,0.556525031436967,0.5937552314130955,0.414449128045967,0.5299902799504744,0.7516966933037177,0.3960402300041405,0.430409691400255,0.3913897683629769,0.32786743165490395,0.37790750069062307,0.32902710740428953,0.5477071058718203,0.4430662797163998,0.531459711091236,0.46426389916703065,0.592216041348194,0.4563998006787695,0.3466882506887664,0.5622081883376822,0.47888185650006143,0.29830736909502237,0.6064729911845758,0.5313049165308362,0.48339720853567814,0.42812411277290013,0.2985132670687273,0.2768624604609675,0.1856031075584771,0.5906130855720552,0.5742660472263856,0.17065595853464127,0.47129935993319394,0.47804655944699237,0.4744362518958589,0.6088601508818525,0.3918533612562242,0.4524223880163579,0.4415771192889282,0.3829655964692705,0.5424458509540543,0.5244402581188943,0.377045644218013,0.41796131496768435,0.41311992828379185,0.5819738892286664,0.3619817727669318,0.6076746941670166,0.0,0.5458511599090378,0.41067687627698896,0.37371622775479957,0.27136593879611537,0.45422704688570453,0.42719821903925204,0.5009164149952953,0.6066945115171641,0.4518584388904916,0.4206959816831505,0.40881471821127635,0.4857095632280328,0.41911090157644487,0.4030619516059445
0.3636612418003736,0.5031873757762788,0.5270781180999871,0.43379197561833954,0.30920186112168213,0.41056932992438394,0.0,0.3873631431202484,0.548566267340859,0.6247878391647481,0.43697756668442117,0.6083563605688237,0.584637839433655,0.3549567991234615,0.6702736709070368,0.5994538069645539,0.3811118696231731,0.5144213979877925,0.4922290327606459,0.5210512433736177,0.4318734876157013,0.49543685732692894,0.420362534706901,0.7280271173572314,0.41538832944146065,0.5789077592895551,0.34949660813646666,0.7760897646926392,0.49784779246784316,0.4625434364455723,0.626227941627292,0.33221665970334757,0.5848503208899648,0.4310932053062637,0.1810601218401609,0.533331852848379,0.7159288333584537,0.6705333903117546,0.6468278204468386,0.24628431394677006,0.6462890465817939,0.6547033199187456,0.5901575766990425,0.74063954317046,0.311178590033074,0.0,0.5449452379656661,0.44142727986993113,0.0,0.5483308080240631,0.483243917311373,0.508592059831473,0.40240231138099186,0.6103540290735088,0.5913648093736726,0.3767877883061973,1.2940575580812879,0.3866870201494181,0.40151139049859663,0.2889023383793229,0.44873319508772075,0.0,0.51019664289322,0.5486176601160241,0.6068178880838293,0.39932143461576003,0.6050350352554498,0.44287305033558866,0.46615764412271066,0.5911475557627526,0.5203632891349632,0.43683415228561107,0.46648652906393717,0.45714127203490734,0.5771655838929792,0.4823458117385414
0.6891412040464496,0.7305497166278374,0.48163631952021263,0.470785515283919,0.45464031304956093,0.30115261930363146,0.3873631431202484,0.0,0.5807231686987275,0.6654649316924162,0.47480579838799375,0.7548238819391438,0.4109567008254573,0.5915948979247432,0.4227232177192604,0.7200852316668758,0.378271371588909,0.650848808016453,0.39974829828384345,0.4104483407847929,0.6743247451154608,0.44268751672037565,0.31624545884543487,0.5103223311791203,0.7085794018308756,0.6242150240281451,0.3146789720364485,0.430692210409384,0.4274332118662293,0.4572389208067722,0.4789255240106891,0.4784349233879587,0.4530875848374939,0.386527538014936,0.19529033146684965,0.7084621807650359,0.5913145180423921,0.276012787914356,0.3818779354755535,0.508618485900008,0.289454206179883,0.45552647814053115,0.5929839297376438,0.5389410268949391,0.0,0.4321364900342222,0.26591026537778717,0.6291275568827455,0.0,0.623533174881167,0.5039797280554807,0.38507269576430325,0.5904527195151715,0.5826877988294196,0.638818084948501,0.4854864228694732,0.982409153026981,0.3211492147425924,0.6198454258358554,0.5487106567300107,0.22116902242774647,0.0,0.5707732053991686,0.496146928379836,0.6265102786623815,0.5557551612307254,0.37400749360058194,0.5316370336327436,0.0,0.25626187021836055,0.2805108412696331,0.5414187100744301,0.38598760463175186,0.3861374290041495,0.3335004713760774,0.30678853893355645
0.458286060960008,0.3838249086370999,0.46386663478774137,0.585785302784954,0.3900543601964729,0.3414534802961803,0.548566267340859,0.5807231686987275,0.0,0.6452138972569348,0.46979040285462903,0.6216102448272298,0.6860001897522359,0.3395441997224903,0.8118166786968013,0.7382076223457462,0.45525005130260604,0.7099475747098201,0.3809604110029152,0.5370818784360057,0.31531804258994584,0.48121271877225513,0.46837307530864436,0.6371393628607323,0.3562721871659237,0.6893766212867776,0.372365708558648,0.6361910666609749,0.4099265274523677,0.7151652361880128,0.6367817990349822,0.587873079487068,0.5812148689397589,0.6555961445671521,0.5680664100520558,0.527346980431333,0.5985929479491459,0.703228104422529,0.3744672488797418,0.5417906066741576,0.18387420261983936,0.11196025397544773,0.6772275662150579,0.4150226141402367,0.21108490874197086,0.0,0.39478652980992285,0.6059137864747823,0.47458077365314266,0.7569875728761695,0.6436592684039631,0.6600340478776834,0.6816675640930687,0.5852611580936606,0.4234756580647451,0.6099837366142111,0.30592507536900393,0.42000333267573886,0.6184894563152477,0.45035019390282477,0.4399785843314885,0.0,0.0,0.49763121273133387,0.6775391015238499,0.5525959497479935,0.5678425194618013,0.6100316149420292,0.42882048896239466,0.4355694198353703,0.09207927535982843,0.5820203179010521,0.4539713608485999,0.5966688538426406,0.2933634230309017,0.56371672502476
0.6028606899525217,0.4256826438978593,0.6101491152808141,0.19590872313525642,0.693563287115265,0.6257419360245977,0.6247878391647481,0.6654649316924162,0.6452138972569348,0.0,0.597612288308788,0.4000105225617677,0.6468919793245689,0.5958695240495039,0.6557783190335086,0.13188012343515956,0.5699012384898723,0.26962029546630073,0.5412632041509344,0.38999441017846165,0.650498112421918,0.47518603212674615,0.5971120056320176,0.3396445999624148,0.5460743484971355,0.582122784371462,0.4749010876459733,0.7773504772426248,0.33493550077093104,0.32340551215816526,0.6169534108966648,0.4651571617730311,0.43918628305603835,0.6009693694944196,0.6877375129449034,0.6991663574839504,0.6677460869201339,0.4431695564391567,0.39213134418926476,0.1879021500135807,0.4573742998536856,0.5463499658337663,0.5480431923123978,0.28304674965780424,0.3049872573940853,0.34798586518560637,0.5003925905330584,0.36529181107380515,0.48113504371997495,-0.4890104575198824,-0.04197927456183914,0.31028227515939133,0.7218140277243723,0.2124442209308503,0.23849058275576104,0.28831337118949196,0.22227908349116143,0.5254085268627677,0.0,0.6190008400154107,0.3672306199641106,0.2903027761580721,0.3669521082545767,1.258439143000074,0.47508139332203553,0.611715219631653,0.534020705124355,0.5636358342295134,0.13443022225161852,0.27943123422918975,0.2757656214685176,0.5036279544268845,0.4684967470546353,0.37532517891603523,0.0,0.4120199977242243
0.2853343997554316,0.3498412614210577,0.4319793752395442,0.1706402369968944,0.33991097632470335,0.4688862177944963,0.43697756668442117,0.47480579838799375,0.46979040285462903,0.597612288308788,0.0,0.49172770767582197,0.4920122429006607,0.36243639545708717,0.0,0.5025019800897815,0.5023211431213712,0.4638475243537235,0.2565632615877152,0.460606023688639,0.3173709909918752,0.44198734754156727,0.3135979784549361,0.5655887678559977,0.43400299231199313,0.4998032952239183,0.4899901040728581,0.47495678882894765,0.32416982082377327,0.4988420597971224,0.5035020509367399,0.32310426068866294,0.4397621694324436,0.5271582514890162,0.36479954897213485,0.5128002595219826,0.5056252264936333,0.5267500151865684,0.6083238035625145,0.35063550866486726,0.6426296912279128,0.4246352632393218,0.5708656275842996,0.5089510911141335,0.21089383662753391,0.0,0.0,0.43846651846054563,0.47793755080958056,0.3227623095368388,0.46169494144324663,0.20344393639396763,0.4813038660607005,0.7122121825065066,0.25776225225083893,0.3239661277813288,0.3074060430817409,0.1924539864905611,0.46298124390934225,0.0,0.0,0.0,0.0,0.19517056398745655,0.25285617245582565,0.0,0.5324810082553357,0.2644449799630071,0.0,0.0,0.947141820321162,0.3544495942474115,0.21096598734849625,0.16534418506598048,0.0,0.4442890541493959
0.6672720190160626,0.47134578902410207,0.6399052990342201,0.4210872255140343,0.6565792487533618,0.7273365668129059,0.6083563605688237,0.7548238819391438,0.6216102448272298,0.4000105225617677,0.49172770767582197,0.0,0.7307084712958631,0.38478537985245387,0.5791062629337733,0.5083260776844805,0.6227427912726247,0.5227937138712018,0.6739997586375042,0.5918948263131001,0.6573560553363159,0.32608725908456404,0.6615237163578127,0.39326973404078025,0.535267281731615,0.5126640253551564,0.49988578937491857,0.8578948659877961,0.6143720807862821,0.1753291445516093,0.69936216042728,0.28913631038885124,0.5070646245944428,0.7046566436853472,0.6037876552143535,0.338814306429675,0.6231280138063768,0.366885384607213,0.9800238119672796,0.3023676315034136,0.5326488354609031,0.5691851846084498,0.3126737270073464,0.29752365104644146,0.3593013367417649,0.2316049042555049,0.469981684242757,0.17447452240805073,0.15726554113390684,0.29511295424439554,0.26715209820415275,0.44076845288437,0.3746877547701879,0.848394814332875,0.26581074175980796,0.27263935393311567,0.3502589301173827,0.521857221848902,0.5727284484690502,0.5399384439306176,0.35124084143233625,0.2323590153746578,0.3945913022049433,0.2674600950772485,0.7220446519008108,0.8492836637355357,0.37786631024888284,0.3668814321510282,0.0919062203264614,0.276759249901582,0.28008909736774174,0.26853018822769215,0.622661122318138,0.5595870445991865,0.0,0.49562117518217447
0.5143109593366648,0.5341459513449083,0.595609135044949,0.5195534025025708,0.7223232063284719,0.3039494422884379,0.584637839433655,0.4109567008254573,0.6860001897522359,0.6468919793245689,0.4920122429006607,0.7307084712958631,0.0,0.4289946468637319,0.5383319088005528,0.5727536125106661,0.4892387212133067,0.5407460693374306,0.5615875002952588,0.5483389413107187,0.4168915112322646,0.49158284428036886,0.43868217301459783,0.6010187010135555,0.4794808422175197,0.5804488116373291,0.41873187530021294,0.44120679212311986,0.4062046302093023,0.20021851753512532,0.47021424858961003,0.34492009449853306,0.4316126654704442,0.4554178457298761,0.3616402514215784,0.422397466707874,0.5677518203362977,0.6200367635524988,0.5412171386746262,0.5312052288854652,0.42520994915445887,0.8115677431296819,0.6613234430803213,0.37154874385397413,0.4583373046116095,0.6015717458288441,0.6516744968545556,0.569966806348107,0.0,0.5791855426080693,0.4814757331201657,0.47403988137097336,0.43232284686920436,0.611698040227331,0.459043043185801,0.4756036968008761,0.5935285306940739,0.474996986321269,0.44477393848812763,0.39756472339754856,0.46796393891121163,0.4018285027928097,0.5102025477420733,0.4925478243180367,0.4584296642504379,0.43554336533275495,0.6035589438894093,0.4831621001970249,0.4730522293455647,0.49123434613728056,0.5046514760310762,0.48708174731498466,0.5252678839444422,0.5043331332511529,0.45282622598580535,0.4983483698653235
0.36831786977598324,0.29322599993516363,0.1592006023236595,0.3834076249345779,0.14244112709249657,0.21009302380617473,0.3549567991234615,0.5915948979247432,0.3395441997224903,0.5958695240495039,0.36243639545708717,0.38478537985245387,0.4289946468637319,0.0,0.3078958474651711,0.5082541068602099,0.49929681146083904,0.478762957736568,0.25201384014217504,0.2566930134230482,0.3234202214584936,0.1975230740596266,0.19496805717521104,0.43102598619490007,0.4085301688195436,0.2803893012987,0.2068130680393898,0.1745136895696007,0.2216152947384369,0.4999896241910021,0.4670825282006233,0.06715933062887397,0.46166178502908306,0.4799777161589922,0.3764461364375468,0.0015482778705516176,0.2977296992135021,0.4697586946949835,0.7039515175749995,0.0,0.6337902721507009,0.6984066363385786,0.7628850003910359,0.4785518570809987,0.0,0.0,0.0,0.5350013528932539,0.0,0.49553059819307066,0.4446181475480195,0.47195383397589696,0.5852651936441385,0.3437410379626614,0.0,0.4934253851588478,0.3909181612876175,0.7427075792810587,0.3303827613303339,0.0,0.0,0.0,0.0,0.06964672277972359,0.0,0.0,0.0,0.6031627563616091,0.0,0.0,0.0,0.45534960561454174,0.4301948655608186,0.0,0.0,0.0
0.2989794337311513,0.36754495221297756,0.16425942847467995,0.5102732396012273,0.3082769021535695,0.556525031436967,0.6702736709070368,0.4227232177192604,0.8118166786968013,0.6557783190335086,0.0,0.5791062629337733,0.5383319088005528,0.3078958474651711,0.0,0.47410137838290994,0.2993584674436095,0.31999313855504347,0.0,0.8154070824125252,0.5650794624087632,0.606378626878171,0.6381531813905517,0.5341988170896027,0.2947079724792589,0.5140841243102219,0.6666836217202337,0.44352026672169365,0.44168699199875466,0.23690099311796728,0.3963558207324224,0.2093594238285676,0.3714274636916406,0.32536426711559074,0.31179201996509087,0.49231813527178697,0.4385563693711787,0.3914452631664446,0.3143912427559524,0.44748700252862705,0.4523323025629757,0.44427517737793165,0.6710691598989739,0.2747712473868458,0.0,0.494202080770445,0.6438682553100065,0.33754725340042735,0.0,0.0,0.37070923349991775,0.5672164507539236,0.5201984751392846,0.6189760666014485,0.0,0.0,0.33285152424679465,0.4380564511871149,0.4794982977425134,0.5926356558945449,0.5356134637967963,0.5446994984913313,0.5828978036170763,0.0,0.454585992874175,0.48473888336192317,0.7328049912125707,0.651102313728761,0.4758854673794999,0.5472684823188652,0.4837209532635678,0.3957777190382142,0.4981331435239512,0.45458406759468517,0.3190173793993893,0.36714436781735815
0.6526981295815094,0.4603081137519778,0.44522798707533456,0.30032798767588664,0.5773621832100124,0.5937552314130955,0.5994538069645539,0.7200852316668758,0.7382076223457462,0.13188012343515956,0.5025019800897815,0.5083260776844805,0.5727536125106661,0.5082541068602099,0.47410137838290994,0.0,0.28945548001141785,0.40406770970938494,0.46084928921118723,0.29831566568568796,0.49175704350045013,0.6021693073618655,0.6460786929144593,0.4428236089853902,0.3738277649431584,0.5376679801242448,0.5560602662950666,0.541939925238042,0.4977469829426718,0.3958230554076384,0.65389848585517,0.3298275284617217,0.19912612601227872,0.3614866081071305,0.3150723803028819,0.5785080870747143,0.39985778129178684,0.39520170775426045,0.5365412474688682,0.410635324289635,0.4424941577015629,0.6053953328014142,0.46870394195603177,0.0,0.0,0.21929319766247696,0.6796655905048948,0.0,0.0,0.0,0.64098367837072,0.694923911663103,0.6367328052579537,0.0,0.4930013814282213,0.0,0.32903693401154843,0.6546001539333163,0.0,0.44927532348086896,0.5435469392807042,0.33264852815629115,0.4472327945536684,0.0,0.4199158199983917,0.384916170950914,0.5457559962424203,0.6871339021962837,0.03717072208908359,0.5748655265670508,0.5228805999987547,0.6230132074456995,0.37528301851027557,0.5285611921903968,0.0,0.438210588283688
0.20615866871929378,0.4376675823685475,0.4517875601582818,0.45692880532155716,0.49356819549973585,0.414449128045967,0.3811118696231731,0.378271371588909,0.45525005130260604,0.5699012384898723,0.5023211431213712,0.6227427912726247,0.4892387212133067,0.49929681146083904,0.2993584674436095,0.28945548001141785,0.0,0.6194916330881888,0.627532291395142,0.10912799983722257,0.36331530720352734,0.3711270941992697,0.2102613973247341,0.4604528876251019,0.5406356145127607,0.36397766212397065,0.44343888564711187,0.7038752166133875,0.2613997649263249,0.402344227254105,0.6640395827456518,0.5556418750654188,0.5141633059528835,0.6630218695833301,0.6762143672227219,0.5557384642859535,0.3659214340455775,0.46722385101214803,0.5462529162033474,0.41217189267032694,0.3734910677126323,0.5694947474381502,0.0,0.0,0.3970682651511242,0.6175419414092824,0.4410738364862864,0.0,0.0,0.0,0.0,0.0,0.0,0.0,0.2898992875650945,0.0,0.26939123258624,0.38060119212431986,0.0,0.5975262234251514,0.2713505774235004,0.2712290510299217,0.2342455658458719,0.0,0.0,0.0,0.6615474387666562,0.0,0.2779815388082581,0.32044488307147145,0.293036601471357,0.0,0.2505568499977541,0.48063419518206585,0.0,0.4835236657769211
0.3215096719937981,0.4895203746078566,0.530209946377088,0.4700177536155937,0.22522815788519224,0.5299902799504744,0.5144213979877925,0.650848808016453,0.7099475747098201,0.26962029546630073,0.4638475243537235,0.5227937138712018,0.5407460693374306,0.478762957736568,0.31999313855504347,0.40406770970938494,0.6194916330881888,0.0,0.43206872708573524,0.3319672790387346,0.5856916029732832,0.4463221034200731,0.583863976558375,0.36359300034212916,0.33848191283459506,0.34233291319729753,0.5550172464369225,0.4406083733605191,0.4476980767905583,0.3474193268565131,0.497420702343502,0.39936206853803957,0.3674135297123977,0.5582883741469412,0.4124769566688912,0.4313119915215483,0.4063289920597196,0.25724569277148335,0.49300443231618507,0.3628078300979154,0.33974562515269,0.4566534251952523,0.0,0.0,0.3160910586596069,0.19581283481701556,0.56898442195898,0.0,0.0,0.0,0.47702285295923363,0.49944987501234367,0.5845523433277673,0.0,0.2739687914489598,0.0,0.25946005415035606,0.4099258628022048,0.0,0.40689137626359384,0.36803703484762285,0.35849391344361614,0.32333621926855305,0.0,0.2616449340652225,0.5203109885080566,0.38590293985677687,0.7263368632171748,0.05942037294068947,0.3476981933675871,0.29820993941433516,0.5248210803620197,0.5500242601256532,0.39877309751183576,0.0,0.4470475321737948
0.0,0.49497473197441355,0.566308912433335,0.3010511139321195,0.4639467025055397,0.7516966933037177,0.4922290327606459,0.39974829828384345,0.3809604110029152,0.5412632041509344,0.2565632615877152,0.6739997586375042,0.5615875002952588,0.25201384014217504,0.0,0.46084928921118723,0.627532291395142,0.43206872708573524,0.0,0.5251940989902437,0.5322240089523939,0.46689092067665056,0.1317812076410191,0.49035527589852224,0.3845532097842832,0.4723080054862059,0.6866900227514953,0.6031966969200478,0.45186048205889556,0.5700858959860049,0.5823047609203329,0.4875561704820248,0.5674352296486147,0.6017284082860372,0.4540447355327032,0.33401840754223544,0.4277282197133574,0.4434804727681534,0.6169616734529325,0.4679614122539899,0.2798928425175221,0.27790906565650775,0.6198641533050793,0.5717358380070652,0.010556557717397292,0.0,0.0,0.3406965317112913,0.0,0.39845981078582865,0.4875202574905098,0.5372505376457644,0.4272684924968242,0.6325689509882834,0.623000219917711,0.6484369789155487,0.4825959596335033,0.6110962824336994,0.3636685264124536,0.0,0.0,0.0,0.0,0.5930688387668444,0.4787057427452016,0.0,0.4958742498035713,0.533285509410768,0.0,0.0,0.0,0.5109745559220844,0.635153881317309,0.3086232966706151,0.46795979554748796,0.7338704956575157
0.44044231005250223,0.5792561554683,0.34779055085854577,0.40156032823126375,0.471441562099814,0.3960402300041405,0.5210512433736177,0.4104483407847929,0.5370818784360057,0.38999441017846165,0.460606023688639,0.5918948263131001,0.5483389413107187,0.2566930134230482,0.8154070824125252,0.29831566568568796,0.10912799983722257,0.3319672790387346,0.5251940989902437,0.0,0.5100685794357058,0.6169865221278688,0.563639709031725,0.6087247280196646,0.3295581795851438,0.561585477484799,0.5669495790080021,0.695102826354467,0.42325539397915135,0.7045275001861308,0.4317243361046518,0.26364841110385284,0.2134643246076913,0.36733585040595423,0.4011918889266517,0.6098237346868643,0.6752722484114349,0.9607009102292091,0.4633135333195586,0.511042625956305,0.5082668606817595,0.31703816754883,0.6697774144585693,-0.029864239803062298,0.34867183150833914,0.6963058446537544,0.6787430669380237,0.45531614704901946,0.0,0.0,0.35386745304668843,0.4053942940759071,0.62755494894768,0.5505592424329077,0.7915446725470744,0.0,0.3826357057182001,0.4422105570350831,0.0,0.5599203338469196,0.3715225722702893,0.46971261829507815,0.6036314012212883,0.0,0.40635075665019516,0.4372112067083782,0.616552646056252,0.46718508044721585,0.0,0.19255280537246613,0.5630731355679126,0.4367619328201512,0.394409645579169,0.44841860686711527,0.4054937161632912,0.3665720413035199
0.5457704577630008,0.4129176676632965,0.38052496654105455,0.46170808178242484,0.45734966045690373,0.430409691400255,0.4318734876157013,0.6743247451154608,0.31531804258994584,0.650498112421918,0.3173709909918752,0.6573560553363159,0.4168915112322646,0.3234202214584936,0.5650794624087632,0.49175704350045013,0.36331530720352734,0.5856916029732832,0.5322240089523939,0.5100685794357058,0.0,0.3509971124234624,0.36571037377935783,0.5047238685301412,0.5365634878108776,0.6720541470778836,0.3920117725390513,0.4024360084632591,0.30892986767809394,0.3407353277106998,0.4457217476236338,0.2161658866907735,0.3859963668524066,0.3895598757939558,0.3572791394037466,0.6667817594174142,0.36850509266914644,0.3354732146586443,0.29529791149376955,0.2721185131174109,0.41644131634179027,0.3549352366779802,0.3281287114201644,0.0,0.0,0.710273112237817,0.4696537422342626,0.44918390289856797,0.0,0.0,0.37332370444037144,0.4272062321764494,0.6288351584890083,0.7077838413620192,0.5780250320476366,0.0,0.8406433404042086,0.29123760149319533,0.0,0.3892047206424121,0.5607244653392763,0.0,0.4180851661709389,0.0,0.33878411055108903,0.4274929697658138,0.4981702715162417,0.3687375540293164,0.5475728761582195,0.36545684690496205,0.4375897880842451,0.38011416832351663,0.4435956560110293,0.41870820388527763,0.2652404980969164,0.2688015143483403
0.4219785682039144,0.621919665540626,0.5295950374805285,0.42073967631212217,0.4711180261001652,0.3913897683629769,0.49543685732692894,0.44268751672037565,0.48121271877225513,0.47518603212674615,0.44198734754156727,0.32608725908456404,0.49158284428036886,0.1975230740596266,0.606378626878171,0.6021693073618655,0.3711270941992697,0.4463221034200731,0.46689092067665056,0.6169865221278688,0.3509971124234624,0.0,0.6931675606324574,0.5756955798225025,0.4862997731946828,0.5655908033015208,0.4342589818728418,0.6805331499860736,0.37581445561596327,0.5512443630921193,0.4347340020341557,0.2822734678496126,0.3935803649563159,0.4116608395617219,0.36237415592289274,0.4469604730899466,0.6956968373181116,0.5683083662715045,0.5491090046567613,0.558667620136494,0.5005317510868421,0.5989631021117146,0.7502606042413725,0.2584011933812753,0.41424915125655515,0.4108312187532141,0.6475490873615974,0.5491720421007825,0.47887975703282953,0.40161909460704287,0.5253742562545284,0.5468904135903683,0.49463817404951876,0.6675046750824514,0.38681938480147776,0.0,0.4395904352703923,0.558286055711023,0.0,0.6602825396339084,0.5107829731911184,0.43154977083700946,0.4902904798869286,0.0,0.4361773277021796,0.4508045882185195,0.6399908004136144,0.5069463861286981,0.4846189697634446,0.4204018093182397,0.5384460130780369,0.3755722536186312,0.5409838960998965,0.4676518038568795,0.38818764635301906,0.5520499772114866
0.48385710215366046,0.4610146489101592,0.45375922865793716,0.2540145009932555,0.39438642804697277,0.32786743165490395,0.420362534706901,0.31624545884543487,0.46837307530864436,0.5971120056320176,0.3135979784549361,0.6615237163578127,0.43868217301459783,0.19496805717521104,0.6381531813905517,0.6460786929144593,0.2102613973247341,0.583863976558375,0.1317812076410191,0.563639709031725,0.36571037377935783,0.6931675606324574,0.0,0.46908561251592784,0.6262900243159277,0.4874297235423905,0.21143096019328844,0.41147878912491637,0.4426341812367315,0.41005478861334044,0.37871178484369983,0.31978541579355624,0.3249419550613175,0.38814999535478,0.3822487149025742,0.4337584622086191,0.5082681757412311,0.27453613524317017,0.4408445545931241,0.5213727564462617,0.46135238752348456,0.4066093719319972,0.6001287030642322,0.56797027218478,0.42488064575396833,0.352276873957645,0.6399437479442367,0.6686274568350872,0.254885594027663,0.5991341394625374,0.4705366037468963,0.4873046603579604,0.35412688647997115,0.6289629524510857,0.44244758863192896,0.6124556744589815,0.21292928835569208,0.3756119328794427,0.5738967903501102,0.4609298983936083,0.6669457719346812,0.4750813933220351,0.5649825376206775,0.6364202252234938,0.4320310993588652,0.5706462458165931,0.4445686321790093,0.6322626975840122,0.3619194342988941,0.5835649012549553,0.5032147475432369,0.41207879264973857,0.3893257198668148,0.4848988763345078,0.4730931217779126,0.46849229461016056
0.8080436326063436,0.4832477542900414,0.3682117403190612,0.4085881570082391,0.6245290026389629,0.37790750069062307,0.7280271173572314,0.5103223311791203,0.6371393628607323,0.3396445999624148,0.5655887678559977,0.39326973404078025,0.6010187010135555,0.43102598619490007,0.5341988170896027,0.4428236089853902,0.4604528876251019,0.36359300034212916,0.49035527589852224,0.6087247280196646,0.5047238685301412,0.5756955798225025,0.46908561251592784,0.0,0.45200032923633215,0.3247983638009596,0.2898083746984631,0.743144038850776,0.6234203488701449,0.6405482198169037,0.6554102912338369,0.3027939002762239,0.4457569686491454,0.4264972557679876,0.5472518216782789,0.333151343764462,0.542531116264333,0.5360127380446442,0.7677199948743976,0.5365768297711726,0.5127948933515857,0.71841475657004,0.6790318507947857,0.3322993551488571,0.5447658513642143,0.35719205667372866,0.4690372577253362,0.0,0.0,0.4726348011969381,0.49095990021376695,0.3880821540942436,0.0,0.3176343639032005,0.3338412970478307,0.4905881677401841,0.2825519427536374,0.461754675548976,0.0,0.3712083607770581,0.41888311285104335,0.15812527111476057,0.33927115061318813,0.4685680905695131,0.4219549455368225,0.532359200910515,0.2791137836692865,0.6586440036499914,0.293375564825486,0.29353776382040275,0.2777292908083994,0.38726380521287274,0.6919873568943908,0.565173556384358,0.0,0.4831982465565335
0.30358384602529276,0.20074582796542847,0.5530774575984851,0.8098177228689828,0.37942483348410805,0.32902710740428953,0.41538832944146065,0.7085794018308756,0.3562721871659237,0.5460743484971355,0.43400299231199313,0.535267281731615,0.4794808422175197,0.4085301688195436,0.2947079724792589,0.3738277649431584,0.5406356145127607,0.33848191283459506,0.3845532097842832,0.3295581795851438,0.5365634878108776,0.4862997731946828,0.6262900243159277,0.45200032923633215,0.0,0.28043477842093156,0.32611403658438803,0.4421548018680168,0.3436974098811453,0.3424824062949272,0.54890792258668,0.25542500807724966,0.38803261455406163,0.45154280917687495,0.419406086061201,0.3177526224338849,0.6438641707090871,0.253357148147475,0.5024690888168912,0.4338514699244315,0.3965085052133248,0.5102352407851003,0.3445576312512967,0.0,0.45393610401176343,0.2434730055027478,0.6278663785016203,0.0,0.0,0.0,0.5085166607305314,0.2960610244794326,0.42058820998572655,0.42482033086459514,0.2723150436719123,0.47447039078364833,0.30028286838531354,0.38274144517489145,0.0,0.42924866865148437,0.46101859533138556,0.2869265975888303,0.39244155264589264,0.0,0.538019122196143,0.4442853891798087,0.4907398331338204,0.2902619717601303,0.0964701123842342,0.43300171481870364,0.3254092897909072,0.415395195353057,0.5350461079971605,0.37843127358276096,0.0,0.4267697990442388
0.5273992312953912,0.44313208581076347,0.41102234842982766,0.4804958417164506,0.4420627554956187,0.5477071058718203,0.5789077592895551,0.6242150240281451,0.6893766212867776,0.582122784371462,0.4998032952239183,0.5126640253551564,0.5804488116373291,0.2803893012987,0.5140841243102219,0.5376679801242448,0.36397766212397065,0.34233291319729753,0.4723080054862059,0.561585477484799,0.6720541470778836,0.5655908033015208,0.4874297235423905,0.3247983638009596,0.28043477842093156,0.0,0.5191949950682477,0.559277444304571,0.5775832622761106,0.1643421038836385,0.48186370021884506,0.43971364470809077,0.3692778210137897,0.4417092323373777,0.39234433804251895,0.39427291669043674,0.34465666375477844,0.4508564006328687,0.49229857470506183,0.33012272025096956,0.40928200465198494,0.38411040766169935,0.2778456737603285,0.516239609369457,0.35394701951484986,0.28811736808578464,0.6201945875277122,0.668267802612961,0.0,0.003886195867315888,0.5341377630271358,0.42132588860215126,0.5903812574192893,0.5094171116380006,0.21842557752741035,0.0,0.2899772473035643,0.6698568098321928,0.0,0.44808369820355487,0.5018112714974289,0.23605352469981405,0.31539001546178036,0.0,0.3811698396218981,0.5115439095340288,0.6119531577597913,0.4245363262813122,0.15815288454565907,0.3589414257030328,0.35469580374670073,0.4279394904760292,0.551394919669534,0.5559147961311446,0.4849260127025,0.44020403130489116
0.4079076639524716,0.3527838220023263,0.3950359091473427,0.5181547047517562,0.3609109935810961,0.4430662797163998,0.34949660813646666,0.3146789720364485,0.372365708558648,0.4749010876459733,0.4899901040728581,0.49988578937491857,0.41873187530021294,0.2068130680393898,0.6666836217202337,0.5560602662950666,0.44343888564711187,0.5550172464369225,0.6866900227514953,0.5669495790080021,0.3920117725390513,0.4342589818728418,0.21143096019328844,0.2898083746984631,0.32611403658438803,0.5191949950682477,0.0,0.44967938262649304,0.37390937819543046,0.38039477381402836,0.3105460080498984,0.2602082309608933,0.2511900234679196,0.37488390302033703,0.32507630942957555,0.4087402108686933,0.49420382220229175,0.37926316535191973,0.4213674319645416,0.4743586544346294,0.45849209592981893,0.04939887391861447,0.5642211098743287,0.5816194764956439,0.2952370769808222,0.38891600631164425,0.42976329996008183,0.5089413258973577,0.3336588592642827,0.3747872565848497,0.4337110851238033,0.4041405963434572,0.38410378974486425,0.5287280499217544,0.33298340777506596,0.49570463510993734,0.1906765974995579,0.39619836375528517,0.5826696322162201,0.3523131620630833,0.6664054265867804,0.0,0.4236187722629008,0.5375620168996982,0.374414726221121,0.44677090735078673,0.3506152115654257,0.3808023409722654,0.0,0.5819774842536035,0.3627243372406449,0.3932189362938313,0.41965246519468663,0.4342605657960716,0.3495115701462139,0.3804028579255145
0.3281723177233028,0.6027955702950372,0.6734711084147849,0.24829618350002083,0.7475684872382022,0.531459711091236,0.7760897646926392,0.430692210409384,0.6361910666609749,0.7773504772426248,0.47495678882894765,0.8578948659877961,0.44120679212311986,0.1745136895696007,0.44352026672169365,0.541939925238042,0.7038752166133875,0.4406083733605191,0.6031966969200478,0.695102826354467,0.4024360084632591,0.6805331499860736,0.41147878912491637,0.743144038850776,0.4421548018680168,0.559277444304571,0.44967938262649304,0.0,0.45997525862620436,0.41184749123548425,0.5325488615567135,0.5233091365727723,0.6918450797637057,0.40086647709414575,0.46201132478549384,0.27001872967962937,0.5614819888966713,0.8459070852780378,0.7017499471347384,0.3993497578687588,0.8016176967357311,0.4219198513167489,0.6179971022070267,0.8258482964672167,0.5834393735595316,0.5202769112260796,0.5211295410589362,0.5494634424079795,0.0,0.5624464684451266,0.5344073511242249,0.4750815356148219,0.43106329433708646,0.62796208008923,0.7048733151651088,0.3953863380774916,0.3549828338815926,0.4680428786059517,0.41104061768960776,0.493059581829248,0.32734116704769073,0.3513438672499624,0.3033745944938504,0.5613148772633849,0.5015264179814514,0.5594890655433782,0.48152040932966034,0.49203285745468034,0.5716594383429696,0.4325181649140952,0.32868693876136273,0.49093322359597763,0.530908769707276,0.5335025693687357,0.5913759661338458,0.5199242976501577
0.39716202443619353,0.47797991932520456,0.5305277213344127,0.3603703717792258,0.5266705642819637,0.46426389916703065,0.49784779246784316,0.4274332118662293,0.4099265274523677,0.33493550077093104,0.32416982082377327,0.6143720807862821,0.4062046302093023,0.2216152947384369,0.44168699199875466,0.4977469829426718,0.2613997649263249,0.4476980767905583,0.45186048205889556,0.42325539397915135,0.30892986767809394,0.37581445561596327,0.4426341812367315,0.6234203488701449,0.3436974098811453,0.5775832622761106,0.37390937819543046,0.45997525862620436,0.0,0.42893635252734746,0.3887772653512207,0.31641749318137435,0.3296269108304437,0.3717857326337861,0.35794222824436583,0.5195454696799708,0.5684999678864997,0.4894309028547975,0.37909516221532813,0.37949861226182124,0.4513021103521424,0.40778985888455,0.4867344359285269,0.4925136319013784,0.44085904266705045,0.467345106508813,0.4006793856073985,0.4522711626188743,0.4729572781865381,0.4289066373372068,0.4637253364563767,0.44703475651055663,0.4508066123528994,0.46233365725230435,0.6235099110154749,0.29343589245996105,0.38209875732089615,0.3792815254227915,0.5779002925110646,0.3700399908686838,0.5243639459818769,0.48305740875291325,0.3889223425854689,0.5658686087554393,0.40349401036628685,0.4531899271808134,0.4322355315083816,0.434868614529,0.4691684588843879,0.4838394051993762,0.4665291219687631,0.40977325798225184,0.44213715066469683,0.4063362014185755,0.3513537666046309,0.39739759812714975
