0.0,-0.01796703787874193,-0.05018753263718195,0.0,-0.006142865411749132,-0.019541142823171376,-0.02445905083550881,0.0070004038653440626,-0.005454817781344823,0.006111649632034144,-0.01788566340213993,0.01009623423564704,-0.024225505668404534,-0.02173544104357228,-0.027251585980554438,-0.010925114637950928,-0.03102923231905058,-0.033117265121622164,0.0,-0.025626702526849232,0.020283625222628,-0.02695388995684045,-0.019015352871890434,0.014653422523823234,-0.028531511511141416,-0.020402974323949996,-0.03037043500312475,-0.04260525954201316,-0.027371148835843018,-0.036159317093121035,-0.016272215253996303,-0.026734070965280243,-0.036174738374237736,-0.012359267143570885,-0.028402589950945356,-0.035293445905454246,0.0005406258133104913,-0.03347946609340863,-0.02071145977212474,-0.03312050892869628,-0.03310314679303644,-0.010238098275289487,1.5825062155472303e-05,0.0,-0.010340536930637634,-0.04003492551654281,-0.009715819762114608,0.0,0.0,0.0,-0.003950951249075407,1.1102230246251565e-16,-0.02743682938785741,0.0,-0.05133755048427541,0.0,-0.03510266667785733,-0.0028752772292581774,0.0,-0.01274819320276821,-0.019164315464959503,-0.023501266828108547,-0.015292660999274676,0.0,-0.011908738958396947,-0.04424402962985857,-0.018547823341383385,-0.020218054003081853,0.004429799066718032,-0.012101557743785352,-0.03165275691199032,-0.0002435449773023346,-0.00024507211380475624,-0.009872767327134768,0.0,-0.012703583050183653
-0.01796703787874193,0.0,-0.014474915503894625,-3.1548592755725746e-05,-0.01541464323704178,-0.020045403553420715,-0.007012738452768008,0.008701635705268107,-0.012973069371856716,-0.009786387307030131,-0.007359255772670437,0.001916729950442675,-0.006786691886591534,-0.007184202542243001,-0.02979664560365658,-0.025983860458692054,-0.021704059503015793,-0.020649150822682427,-0.014569474065926125,-0.0047723589586238235,-0.029147798441353012,-0.005576074957910404,-0.03120143518166879,-0.0015945406976501375,-0.048359876236307775,-0.012146802430534953,-0.029241848636953227,0.005814766277820516,-0.004390506881652045,-0.003936882709961453,-0.007532775993146168,-0.019704111690970416,-0.029344815245180955,-0.004657162190707609,-0.019359175844608945,-0.004691609444257672,-0.0012273218858113166,0.0,-0.015335993428870709,-0.00815980984269904,-0.017646521807704763,-0.007518365113295233,-0.009483847965200354,0.0,2.220446049250313e-16,-0.024746207315225865,-0.007372860807521309,2.839398013854133e-05,0.0,0.0,-0.012078629685835895,-0.01256592235589904,-0.0018556781175603776,-0.0033365497043824632,-0.008580889760220478,0.0,-0.020242886170622476,-0.008584444609172404,0.0,-0.005546556816433235,-0.007254136182717752,-0.016108792169496455,-0.00030369663190393803,0.0,-0.015343444302752918,-0.03022947835638623,-0.011470208622240907,-0.023875695071193803,-0.02035154777381143,0.00599777584713479,-0.017088995386871753,-0.019378980801739498,-0.015262311307722376,-0.005998923465092676,-1.1102230246251565e-16,-0.009792671527409869
-0.05018753263718195,-0.014474915503894625,0.0,-0.04771541056750689,-0.018642261836885998,-0.027708511580189332,-0.013657926460365122,-0.03973522552892239,0.0037951003651686133,0.001437765527299184,-0.02873462668444393,0.0017001585129400865,-0.008177065816413198,-0.07729495801448072,-0.03850741128361834,-0.008473602094375476,-0.019726752813910897,-0.003523639667555978,0.00024675904835791407,-0.014267546474969361,-0.02897410215342755,-0.013286550102257433,-0.020230479123490686,-0.019713207670307542,-0.0016474292631677434,-0.021908056578531065,-0.01751764650072063,-0.0006030920777272963,-0.019561929217334906,0.0018080551662554845,0.0018267065347229994,-0.012575711107123744,-0.023365792812692743,-0.002257336183024483,-0.013742755526225947,-0.03546097630223377,0.0027336538145960043,-0.004347925635958982,0.003753405586551628,-3.241041734991512e-07,-0.03002709956687094,-0.07298965491112569,0.002183565391234543,-0.01582626559087702,0.0,0.0,-8.226784324960601e-05,-0.023423912791587287,3.5543512597602245e-06,-0.02211170289972042,-0.019305504468038692,-0.01341598966777513,-0.01793981516114629,-0.0027065693273030655,0.00029121994694214504,-0.05086287604021994,-0.023807187404866814,-0.0356588135152166,-0.016201452736891553,-0.00017023868380106055,0.0,0.0,0.0,-0.010285516456553734,-0.018176791066831566,0.0057287957551436786,-0.000275722766654829,-0.022739832011011263,0.0,7.307801434552896e-05,-0.028464131396780612,-0.024863697785464933,-0.015721708204882612,-0.016160913596364013,-0.008779072513684483,-0.012023503469756447
0.0,-3.1548592755725746e-05,-0.04771541056750689,0.0,-0.036315587719523756,-0.01884948549541332,-0.00352782990218925,-0.01669569778789004,-0.00856763732139848,-0.044609444568747075,-0.05078055791623737,0.008079227957478285,0.007697287462437363,-0.010087380472225127,-0.014262256933613437,0.0006196006656788988,-0.0036626725400193405,1.618541030684595e-05,-0.048743069168497244,-0.0256572469364168,0.0006677627063472746,-0.019133394307254303,-0.03967917355988704,0.005884411473011386,0.0003860279949790546,-0.009237728897508513,-0.01490515695179051,-0.02803976865355018,-0.015136655284989864,0.03036402509442504,0.001694856180068538,-0.03591367024527342,-0.028593594810800038,-0.02077136214408104,-0.03219726910102244,0.009344311413403888,-0.0008847263696764862,0.006897754946071921,0.05142806138525441,-0.00030660754998834694,-0.00025265733691276493,-0.00601030102567518,0.0076445149139781066,0.004061880924638883,0.0,0.0,0.0,-0.000807020703586403,0.0,0.0,-0.013977857615806832,2.220446049250313e-16,-3.7042466731529444e-05,1.3134414595439292e-05,5.551115123125783e-17,-0.011043516925297203,0.006088051462215249,-0.00036898931644341326,0.0,0.0,0.0,0.0,0.0,0.0,0.0,0.0,-3.2660314516319566e-05,-0.018925769409900373,0.0,0.0,0.0,-0.012957875785660933,0.0016406416485852948,0.00256474644698651,0.0,0.0
-0.006142865411749132,-0.01541464323704178,-0.018642261836885998,-0.036315587719523756,0.0,-0.021538514548761267,-0.025875198363360108,-0.02484784027767195,-0.012111450450471906,0.007896990514348168,-0.018653966276595435,0.02158441616238821,0.005509845596885776,-0.055394009269377875,-0.022685162297884698,-0.012155150597414899,-0.016925398558539084,-0.03802724344210617,-0.019029085637032594,-0.01935090957385105,-0.024435999377798112,-0.015177142272885191,-0.02193901029373907,0.010893764265675343,-0.03384641969728591,-0.018860740048209812,-0.027615401140517915,0.022508743780084273,-0.013769181329719049,-0.01902510778336619,-0.0015632483232311811,-0.037534594946114164,-0.011473640063284996,0.005040693280838893,-0.03192251675484875,-2.5481347369876728e-05,0.060799753970163906,0.009553291343390613,0.0370168382886783,0.017206603162329137,0.02161966350743122,0.02155295638057353,0.029397171866298477,0.03145179651051683,-0.00010470111973309715,1.1102230246251565e-16,-0.008349182181426662,0.012576421448126984,0.0,0.008675264806029648,-0.010321337699162436,-0.011840820246098338,-0.025843216162116656,0.010137180891079733,5.551115123125783e-17,-0.006836871497278518,-0.020792675875832167,-0.024297695298089728,-0.0404685320720925,-0.00454258617025044,-2.356081286125633e-05,0.0,-5.551115123125783e-17,0.004338384041524979,-0.012116245506715084,0.00018153141633864278,-0.006271348981868208,-0.008235048689196667,0.0,-1.039117111961696e-05,0.003611086570301958,-0.006787068749304681,-0.01694156421632148,-0.02687016737341208,1.1102230246251565e-16,-0.025621239533233697
-0.019541142823171376,-0.020045403553420715,-0.027708511580189332,-0.01884948549541332,-0.021538514548761267,0.0,-0.02181083156115521,-0.04461148059706066,-0.020656836046847593,0.0003363516071163697,-0.010891976654069047,0.0014820343324560281,-0.03416417796384391,-0.04719120950341216,-0.01342942298913935,-0.003818874125438576,-0.01169510148325914,-0.010673031920938658,0.01949905947756253,-0.020943451956512427,-0.02574425027714511,-0.01756049616893346,-0.03513725905335657,-0.009554501384103187,-0.035779796103656225,-0.01792198737893791,-0.018112941660387183,-0.013952055171066291,-0.0011003034262888622,-0.01040350259351075,-0.025604121267320146,-0.025396089414789436,-0.015179531746798647,-0.019257769368347943,-0.036923997023715016,-0.002359129295186113,-0.006520371788628354,-0.00869234137569197,-0.026205419541075803,-0.013689728866596473,-0.0473831019389076,-0.05567990526351413,-0.007137983871474629,-0.006008413539294821,-0.015957990024619784,-0.017761016174793642,-0.017240683571079107,-0.029177179986777713,-0.007291981049472873,-0.021346913035704407,-0.025455610709623544,-0.033872443112048956,-0.04883451747006978,-0.019594329281695688,-0.025493373059918056,-0.03864575973578982,0.0016674638140702913,-0.0378929192162738,-0.013310668552145799,-0.03208947896891112,-0.0015957009216768236,0.0,-0.005806902669069136,-0.0333691376016938,-0.03267845683556597,-0.03314134328310642,-0.025593703818786895,-0.02990269268310397,-2.7461639599601906e-05,0.0064290233229507,-0.021905855347130743,-0.030151141680633264,-0.02710207472388526,-0.017363933512628993,-0.016970120248497977,-0.02756383845469207
-0.02445905083550881,-0.007012738452768008,-0.013657926460365122,-0.00352782990218925,-0.025875198363360108,-0.02181083156115521,0.0,-0.025477354383269424,-0.009525096425159196,0.0041168440871307554,-0.024442112326477583,0.013385256706444415,-0.010533683501555702,-0.013811672486032434,0.008063053694604194,-0.005619021562367488,-0.0302883826650574,-0.01480745954715812,-0.01633255729806199,-0.009091207531276568,-0.014080285802673509,-0.01227544885961429,-0.02677290722057518,0.01744234992408572,-0.02931755011531656,-0.013391094617818733,-0.02682116670845963,0.02430794621878174,-0.014699491487587257,-0.011822388250229299,0.005115770243447171,-0.026144869967895668,0.006607067653400633,-0.0059969335066684115,-0.02880296200116783,-0.006788413914511571,0.039261554227389084,0.006375855094828409,0.001318025782929777,-0.017099511642698906,0.04290493622218544,0.019386397099063923,0.009388272219146454,-0.0088273372110243,-0.014800389919197354,0.0,-0.004540243691641577,-0.015879212034770163,0.0,-0.005048213493263898,-0.024318361848921055,-0.025426403583238777,-0.028704838011702927,-0.013912807582582731,-0.0021016806422989864,-0.0246331604536304,0.05828524096104193,-0.03422116599080388,-0.004409548276134212,-0.019026318570957934,-0.010993196656505555,0.0,-2.2466501735485256e-05,-0.01793965433129463,-0.008507100781006582,-0.017030681696685368,-0.0071966174450669995,-0.028457724742818158,-4.993161433303195e-05,-0.005885034369250586,-0.010199107861931012,-0.024560548391364012,-0.018600642910329535,-0.013672025250301312,-0.012841413672592839,-0.012185401802518814
0.0070004038653440626,0.008701635705268107,-0.03973522552892239,-0.01669569778789004,-0.02484784027767195,-0.04461148059706066,-0.025477354383269424,0.0,-0.014095530501216591,0.012255956155504122,-0.0204714775674672,0.01950500060109145,-0.031112794962045,-0.02469995744457082,-0.031145323542149717,0.0016184974599601776,-0.007394239436478323,0.001969808623888014,-0.046381779776668575,-0.018389637254493496,0.012842711473603663,-0.021796328981746382,-0.037875717231407646,0.0006223246187552212,0.01318455149232517,-0.00046259473008314345,-0.04350895037247965,-0.02408146764544855,-0.013656370525754025,-0.016170037439827034,-0.019227022123149362,-0.011383830498462588,-0.018368932199106125,-0.026271868824931655,-0.03868451036146897,0.030492927099016742,0.04232739166151689,-0.04551393740052789,-0.0328310873914715,-0.0028041309481329213,-0.01971414842374941,-0.011302190638396936,0.012607118544420148,-0.0011456976760626514,0.0,-0.029111534205257306,-0.02109554547573017,-0.01057435915236038,0.0,0.008891198736852346,-0.020378731322914567,-0.03809115341633096,0.002233514201216258,-0.004968320496079648,6.502476762254572e-05,-0.015345714147676881,0.00017504036076054774,-0.04785728957042007,0.01438314984608885,-0.02170347579734372,-0.02169102295787062,0.0,-9.848113923460744e-05,-0.039779726072510846,-0.015254529884720647,-0.017296293992647593,-0.01995240462743314,-0.021682853725029205,-5.551115123125783e-17,-0.02603000144848666,-0.02659142616311716,-0.014444501971703605,-0.032996090714139725,-0.04303943649365133,-0.030167841009778207,-0.027753787287365383
-0.005454817781344823,-0.012973069371856716,0.0037951003651686133,-0.00856763732139848,-0.012111450450471906,-0.020656836046847593,-0.009525096425159196,-0.014095530501216591,0.0,-0.00018411486137004385,0.0002317986651274584,0.004185015389676139,0.006350978986478517,-0.043721031477157335,0.006085775923923453,0.01936126259736609,-0.017040731046551016,0.0165335839314239,-0.003596060721453298,-0.008629447302311744,-0.029575161601395006,-0.013494540255729714,-0.02174214186529394,-0.0004578696133805682,-0.033253698643735397,0.00887002321369823,-0.019562430179381418,-0.003814856288951618,-0.01809237955596027,0.013215996580843936,-0.0013970587267809198,-0.011298263803330488,-0.008366561299888109,0.00019702422946460407,-0.006215546437456365,-0.016886715426729315,-0.0016011532948079776,0.005279287068827632,-0.042553744843555175,0.005035781552322094,-0.05938444530098802,-0.050660558866258976,0.02114077413390425,-0.024175098446788668,-0.02098111586527379,-5.551115123125783e-17,-0.012439286216223033,-0.013080823730585278,-1.70752701111887e-06,0.012815886228122908,-0.0042551475445232745,-0.00988746555974962,0.005576244062645674,-0.006451615716826731,0.004260804233945703,-0.005031482507450169,-0.0162741781755385,-0.03582809919929736,0.0021468722070033808,-0.01017756038768558,-0.016641658236839052,0.0,0.0,-0.024711197071679902,-0.0011592512844273983,-0.008145416403876893,-0.007097765611046025,-0.009202457313508106,-2.1015086189291043e-05,-0.01263622572870099,-0.03159514754192033,-0.006619058352053342,-0.01949582975038716,-0.005522527879079808,-0.025148723551226215,-0.021117130616021274
0.006111649632034144,-0.009786387307030131,0.001437765527299184,-0.044609444568747075,0.007896990514348168,0.0003363516071163697,0.0041168440871307554,0.012255956155504122,-0.00018411486137004385,0.0,-0.004496557948863833,-0.016580338979410636,0.0017604545508113079,0.0017382577113682074,0.020624947174949726,-0.04219335336606905,-0.013460480853228818,-0.033859906382488536,-0.012347942470336215,-0.014387233501655938,-0.006923566617428933,-0.007091021282316923,0.004784975203780628,-0.022984968962527774,-0.026741698365988054,-0.013159007471315654,-0.008052514602895355,0.012843879600699881,-0.027879266267149372,-0.020328485839785804,-0.010805789600646376,0.004986231341687464,-0.026644738011560587,0.0037879096054611594,0.021325697391608278,0.04602196178837864,0.0419533740697004,-0.004463540182126913,-0.019857281872908417,-0.04294883992348175,-0.013635021963509797,0.03390867128177094,0.008660663378006861,-0.01235364825790397,-0.03420802912515125,-0.05172690672932562,0.0013888714441286365,-0.00018656177606157787,-9.695574915036254e-06,-0.04559112899627071,-0.07094106750189877,-0.02235134158866192,0.0033735536874838212,-0.019931126629394502,-0.052438255035022696,-0.01611985944917682,-0.05931068313318949,-0.01041379786991542,0.0,0.0002394385759369455,-0.019206989550045184,-0.03609329088836505,-0.020815455750494816,0.0033506332859184473,-5.178047379444939e-05,0.0007813967654151655,0.006445462284477843,-0.009789472264671528,-0.05438360907893647,-0.03394738658087931,-0.042747177862278385,-0.012250672965111953,-0.01467189831625032,-0.02545160186725104,-5.551115123125783e-17,-0.03428758676964616
-0.01788566340213993,-0.007359255772670437,-0.02873462668444393,-0.05078055791623737,-0.018653966276595435,-0.010891976654069047,-0.024442112326477583,-0.0204714775674672,0.0002317986651274584,-0.004496557948863833,0.0,-0.00809850284340008,-0.01363338437058631,-0.03262974637683996,0.0,7.988400451514055e-05,-0.010644331618404168,-0.01780444169466705,-0.036831903681989325,-4.8667283437164865e-05,-0.018026134394412252,0.003567668012038283,-0.03752299356818534,-0.0013254460888607045,-0.022441090889473547,-0.015281025997903208,-0.01589295252797379,-0.017001817047618772,-0.01493004881483706,-0.0005926422456599134,-0.011885209290052212,-0.033538796197876364,-0.020192189577373953,-0.015073830601748828,-0.029546429429114618,-0.01087321229855881,-0.02123830681390204,-0.010466037888290647,0.014212337606461678,-0.011979392418935864,0.009842894805720925,-0.012106133375612727,-0.0009911713047738857,-0.01600960223122011,-0.004662887054853293,0.0,1.1102230246251565e-16,-0.06866634774133329,-3.30641775569962e-07,-0.03428715520130804,-0.027027031360372045,-0.06354894026425412,-0.026810363983082786,0.009331151508506441,-0.028814074658265798,-0.045809299153745264,-0.014727660079325855,-0.06992722288764697,-0.02347277376300322,5.551115123125783e-17,0.0,0.0,0.0,-0.10126414652164453,-0.01239524385817281,0.0,-9.113960847811908e-05,-0.06831097933022673,5.551115123125783e-17,0.0,-1.7678416346089687e-05,-0.05408980003989533,-0.06449186516488781,-0.018593960086534522,0.0,-0.02940806330712209
0.01009623423564704,0.001916729950442675,0.0017001585129400865,0.008079227957478285,0.02158441616238821,0.0014820343324560281,0.013385256706444415,0.01950500060109145,0.004185015389676139,-0.016580338979410636,-0.00809850284340008,0.0,0.015561856062556001,-0.05059056531404288,0.016957160424405204,-0.016421993585101324,-0.011709574910454434,-0.02112258350696522,0.0012320775216586033,0.013961612854945793,0.0030556277701872525,-0.023506865033915747,0.021998439655342927,-0.009033286343503422,-0.015754233996996214,-0.0025575700237022714,-0.009341097467614412,0.03200627699140168,0.0022299122016021244,-0.039809380027721164,0.015010363290583362,-0.0059633855915852685,-0.0022713541763656475,0.022981561425452213,0.011451161306417101,-0.003293882221157729,0.03282021215682812,0.010895368769411412,0.12128660024493626,-0.02596712514156224,0.008372050540729314,0.04191760659067956,-0.021507680581286825,-0.015920482285044946,-0.019880078431531556,-0.04230595619394695,-0.0023711373467301677,-0.017637222730622737,-0.012097447372760445,-0.006486676766791488,-0.009768784296420807,-0.007867926808562853,0.00011627312036793791,0.01673446626653452,-0.047196781734771376,-0.00539176464602098,-0.05759541888191744,-0.0072753101191326275,2.0890672803586252e-05,2.7490615747083336e-05,-0.018322490577079797,-0.03949539654154799,-0.027099958127805912,-0.012596251772528544,-0.0032587608649028987,0.009801192450935137,-0.004645601712394698,-0.012293917723414538,-0.05975868648601862,-0.037510818710536076,-0.04350599671847988,-0.01351898082368902,0.0011450192159831452,0.0020240377312463753,0.0,-0.028169355815155894
-0.024225505668404534,-0.006786691886591534,-0.008177065816413198,0.007697287462437363,0.005509845596885776,-0.03416417796384391,-0.010533683501555702,-0.031112794962045,0.006350978986478517,0.0017604545508113079,-0.01363338437058631,0.015561856062556001,0.0,-0.0175398790249105,-0.011954286277163717,-0.01345430887651261,-0.012332971360808853,-0.01756404044462173,-0.008216369175726934,-0.013525450852759968,-0.025641385475326017,-0.014331182581683422,-0.030953321579581583,0.013518300824920837,-0.027104800120138328,-0.014390998743504135,-0.02696171720070495,-0.024267014036836676,-0.031030931044231214,-0.055902147849365647,-0.006846500923056609,-0.026090357994909774,-0.012240246376654051,-0.010642309420625273,-0.012769403442901672,-0.02258899782960261,0.010170447966451446,0.006313429999799558,-0.00267967680659148,0.007342391574534479,-0.010912337718036236,0.07237627256324503,0.02338752019778101,-0.018597270693469836,-0.0059983692448946635,-0.004980917607177948,-0.0035573713689079356,-0.022342181255618376,0.0,-0.019678263606784097,-0.02460617872107973,-0.03172792603927532,-0.027345212120405027,-0.018156347485109414,-0.016726794320780336,-0.01415057868213876,0.00805726016508157,-0.03143749184914124,0.003299344480983457,-0.03294788590312925,-0.008914543883173864,-0.006029876457137484,-0.004079390615006506,-0.03500200691896349,-0.02662475388275093,-0.03598479604061716,-0.007687984808390558,-0.02746681114657057,-0.005202528911256832,-0.012531678921608669,-0.008052182632822646,-0.026745527566742533,-0.01978121282339157,-0.017780955084211847,-0.010145023501305472,-0.0163498198840466
-0.02173544104357228,-0.007184202542243001,-0.07729495801448072,-0.010087380472225127,-0.055394009269377875,-0.04719120950341216,-0.013811672486032434,-0.02469995744457082,-0.043721031477157335,0.0017382577113682074,-0.03262974637683996,-0.05059056531404288,-0.0175398790249105,0.0,-0.014158849673472529,-0.0005899847232332389,4.442865482934266e-05,8.770439849409284e-05,-0.06052735757793304,-0.015620122898420852,-0.0291770357757411,-0.004483872103550002,-0.062269710410899126,-0.030947412989744905,-0.005485392506469844,-0.025520775012814356,-0.0584870375245497,-0.061307187760299225,-0.02700767444101182,-0.007638490678184007,-0.014364701466136498,-0.07659448842218045,0.04079359955443396,-0.03560047129006655,0.004242386499305473,-0.05376916802437581,0.0005866140182687052,0.015539112879606354,0.021033387301393203,0.0,-0.0007955998664915254,0.0003685002595701925,0.03339673803536308,9.517519395929597e-07,0.0,0.0,0.0,0.00021548883080529935,0.0,-0.0034474731431430317,-0.006048444452532498,-0.0051857397723462095,0.0020863323622868357,-0.022329179365893292,0.0,-0.011318367105595695,-0.000180924766525703,0.010718918729859639,-0.026680473006938266,1.1102230246251565e-16,0.0,0.0,0.0,-0.09154994934168093,0.0,-1.1102230246251565e-16,0.0,0.0030100883343977536,0.0,0.0,5.551115123125783e-17,-0.012518446839332675,-0.024397359938257646,1.1102230246251565e-16,0.0,5.551115123125783e-17
-0.027251585980554438,-0.02979664560365658,-0.03850741128361834,-0.014262256933613437,-0.022685162297884698,-0.01342942298913935,0.008063053694604194,-0.031145323542149717,0.006085775923923453,0.020624947174949726,0.0,0.016957160424405204,-0.011954286277163717,-0.014158849673472529,0.0,-0.024255287603341613,-0.017301759321431354,-0.03269415888757593,-1.1102230246251565e-16,0.022305322333608324,-0.0013246643256557,-0.004265415787191362,-0.00445925215819909,0.002734942050289735,-0.038154312413777036,-0.013879592681739716,0.0048366674209737726,-0.011316351205305164,-0.01809362765940803,-0.04173944750999453,-0.0302646177201768,-0.03537561727176358,-0.030629172118845194,-0.035448205094682717,-0.03817059891767216,-0.02682255892182378,-0.012060476242536144,0.00011684897824992824,-0.022512385410161262,-0.022339016810835832,-0.013906000613537195,-0.009485878551322102,0.03498159124684419,-0.014454336182942673,0.0,-0.020414036810763092,-0.0017304691819753915,-0.0208898054634164,0.0,0.0,-0.02122087527144101,-0.01969846961809496,-0.011902473929457313,0.003910400106623246,-5.551115123125783e-17,0.0,-0.01568235854964578,-0.02117311093419494,5.420064315697637e-06,-0.016290314199369715,-0.014328872913368096,-0.0001894569317468786,-0.02004082191553036,0.0,-0.06087603551514692,-0.01882334725167184,-0.0052236438826220866,-0.022160276852014105,1.088663578174831e-05,-0.007981791200597832,-0.0155681946447071,-0.04556074592509507,-0.008671248475722093,-0.01558269481732416,-0.024437890801261963,-0.019959222483010075
-0.010925114637950928,-0.025983860458692054,-0.008473602094375476,0.0006196006656788988,-0.012155150597414899,-0.003818874125438576,-0.005619021562367488,0.0016184974599601776,0.01936126259736609,-0.04219335336606905,7.988400451514055e-05,-0.016421993585101324,-0.01345430887651261,-0.0005899847232332389,-0.024255287603341613,0.0,-0.028985136898001085,-0.03575248586672469,-0.00016389292293028657,-0.03524880447056,-0.02544497932973394,-0.008452414497504834,-0.009351641737298078,-0.023006328599382397,-0.038376326982671016,-0.01976743563040212,-0.01469942778274086,-0.010879163394449387,-0.014392308478448357,-0.025094035428347206,-0.001162257499100594,-0.025780897409260317,-0.03380750562879831,-0.0148093419377624,-0.03460852353131255,-0.0019512867873154316,-0.0034199057982697845,-0.03367479373455029,-0.010963332061703523,-0.014729450782805242,-0.017145703248881428,0.0007882713720034906,-7.067350325240529e-06,0.0,0.0,-0.04347261323242857,-0.001418795870684053,0.0,0.0,0.0,0.005227257830095922,0.004697033932687056,-0.013837413930492815,0.0,-0.006271960673794319,0.0,-0.01897519863453878,0.00047152740932654424,0.0,-0.023869328603135453,-0.011238690777600424,-0.023246864971880554,-0.018850244386179216,0.0,-0.019448429214584284,-0.0339502936643622,-0.010189631151845124,0.005973389637193405,-0.04787769518178353,-0.01095580792325429,-0.02520310338290077,-0.0033978978209175947,-0.029555665164763545,-0.012549345786579458,-1.1102230246251565e-16,-0.0075143282793544985
-0.03102923231905058,-0.021704059503015793,-0.019726752813910897,-0.0036626725400193405,-0.016925398558539084,-0.01169510148325914,-0.0302883826650574,-0.007394239436478323,-0.017040731046551016,-0.013460480853228818,-0.010644331618404168,-0.011709574910454434,-0.012332971360808853,4.442865482934266e-05,-0.017301759321431354,-0.028985136898001085,0.0,-0.01042346259091953,-0.007813394099252136,-0.05082737222838257,-0.019041001088153764,-0.03384605103350086,-0.02671589726495094,-0.023147444184030364,-0.00975022200689346,-0.02659857718940206,-0.0074423327871236955,-0.012835109111641652,-0.022517679031543114,-0.009000614988958933,-0.002282212299200448,-0.010454298217737079,-0.021093826851816155,0.002970471450014389,0.011039606092942245,-0.00932845066731719,-1.959757160985287e-05,0.003166036316725962,0.001032378897070807,0.0007522749110892568,-0.013315617893307596,-0.0044252392140916585,-5.551115123125783e-17,0.0,-0.012496681579646007,-0.012371277163727878,-0.0037527708885452538,0.0,0.0,0.0,0.0,0.0,0.0,0.0,-0.032635472313186475,0.0,-0.03411904829836382,-0.005688196506584642,0.0,7.894840029265549e-05,-0.018646669726145926,-0.03258516008263873,-0.03448743716631847,0.0,1.1102230246251565e-16,0.0,0.013699337138066703,0.0,-0.0469811420187049,-0.03297625260633996,-0.040137813559847246,0.0,-0.015771501106592367,-4.259187026844913e-05,0.0,-0.012440564814121535
-0.033117265121622164,-0.020649150822682427,-0.003523639667555978,1.618541030684595e-05,-0.03802724344210617,-0.010673031920938658,-0.01480745954715812,0.001969808623888014,0.0165335839314239,-0.033859906382488536,-0.01780444169466705,-0.02112258350696522,-0.01756404044462173,8.770439849409284e-05,-0.03269415888757593,-0.03575248586672469,-0.01042346259091953,0.0,-0.016795814878242055,-0.02761490524690363,-0.008391525601802063,-0.016715196005789634,-0.010759362947977746,-0.03221318530660178,-0.03634397143581308,-0.029337326822268528,-0.014563451355875168,-0.018186863347477267,-0.013278795692498957,-0.03173954506257759,-0.009984371205239484,-0.019975156090047963,-0.03523120105568467,-0.010488209507746149,-0.012274942333144523,-0.017644932481462483,-3.266199886198251e-05,-0.019949459465684494,-0.012727969290242502,-0.01595400829055249,-0.020186280343264862,-0.009403252101884307,0.0,0.0,-0.023385775724896862,-0.05382681497790187,-0.00869863879959859,0.0,0.0,0.0,-0.009908175893353965,-0.00013774613437483874,-0.000372961932153526,0.0,-0.04681095107227079,0.0,-0.03985727704044412,-0.017522017773689114,0.0,-0.029541570643123793,-0.024267179481774148,-0.03045545022322843,-0.029089488541866992,0.0,-0.026840757836476548,-0.01896564382464272,-0.022181674991923916,-0.009059074636480147,-0.07229441094080813,-0.027695462411828298,-0.0406091682217356,-0.003966111316522525,-0.01097746653645948,-0.021894582522504424,0.0,-0.01804344924814999
0.0,-0.014569474065926125,0.00024675904835791407,-0.048743069168497244,-0.019029085637032594,0.01949905947756253,-0.01633255729806199,-0.046381779776668575,-0.003596060721453298,-0.012347942470336215,-0.036831903681989325,0.0012320775216586033,-0.008216369175726934,-0.06052735757793304,-1.1102230246251565e-16,-0.00016389292293028657,-0.007813394099252136,-0.016795814878242055,0.0,0.0003869380486755114,-0.004438106782190199,-0.01525492085968222,-0.08041416957754047,-0.011525594993006094,-0.025195812743526724,-0.016807850581628148,0.011915135809800026,-0.008612304440326901,-0.011104532494900898,-0.014457847309379268,-0.007934057307281084,-0.0253653979310689,0.00403757729748444,-0.005999430868399658,-0.015237227110744433,-0.05378276212288352,-0.019173461939876013,-0.013902207664333033,-0.006586314775175461,1.2192923206755246e-05,-0.027323071143174227,-0.011542013801235929,-0.011403846360145242,0.011317967495311942,-0.0005090075408247241,0.0,0.0,-0.12204403416368176,-5.551115123125783e-17,-0.023142951594580574,-0.017654632326169706,-0.015964977395725444,-0.040235543345116476,-0.007575429008362278,-0.00010817007284907865,0.02299518190340144,-0.009113882731630996,0.009354729964351938,-0.02752371478275295,2.220446049250313e-16,0.0,0.0,0.0,-0.03404324210230236,-3.6663347855070416e-05,0.0,9.601017107346843e-05,-0.022879809709349663,0.0,0.0,-5.551115123125783e-17,-0.024917382258972665,-0.0011684568809339213,-0.01985842612752553,-0.00012639902756683696,0.014103717702976692
-0.025626702526849232,-0.0047723589586238235,-0.014267546474969361,-0.0256572469364168,-0.01935090957385105,-0.020943451956512427,-0.009091207531276568,-0.018389637254493496,-0.008629447302311744,-0.014387233501655938,-4.8667283437164865e-05,0.013961612854945793,-0.013525450852759968,-0.015620122898420852,0.022305322333608324,-0.03524880447056,-0.05082737222838257,-0.02761490524690363,0.0003869380486755114,0.0,-0.013098662526855653,0.0018797970871096137,-0.012916619823898856,0.0031986739083037508,-0.035212505616756096,-0.007633848489391026,-0.010625707087599634,0.006131565280964535,-0.02622863573424611,0.007075230211704087,-0.022410372186569605,-0.03201181673964826,-0.039541190835300166,-0.032371576916902456,-0.028922497140436543,-0.020984315049461966,0.012547973266106793,0.038916644829475266,-0.009784715588581794,-0.005749292283478813,-0.013103581120990193,-0.024907186914297386,0.021281874790348376,-0.04442367820605109,-0.0002285538209426119,0.004206123689833419,0.0073952731121399995,-0.025694179527452732,0.0,0.0,-0.02695207911103442,-0.027213992525739805,-0.002899223589719002,0.0005481090513012044,0.0003109929450388904,1.1102230246251565e-16,-0.010812543648581363,-0.025077007916747163,-1.1102230246251565e-16,-0.012810153377378397,-0.016861508809330183,1.1242629105179258e-05,0.00010424419237181626,0.0,-0.027304498526053655,-0.017551750510306552,-0.000881613598738118,-0.02156391951594827,0.0,-0.0359807933457037,0.004325352904274715,-0.021803788877756358,-0.020627806027217865,-0.019666859733186604,-0.016366404523244338,-0.02728245321626821
0.020283625222628,-0.029147798441353012,-0.02897410215342755,0.0006677627063472746,-0.024435999377798112,-0.02574425027714511,-0.014080285802673509,0.012842711473603663,-0.029575161601395006,-0.006923566617428933,-0.018026134394412252,0.0030556277701872525,-0.025641385475326017,-0.0291770357757411,-0.0013246643256557,-0.02544497932973394,-0.019041001088153764,-0.008391525601802063,-0.004438106782190199,-0.013098662526855653,0.0,-0.026111765386508834,-0.03179821426236873,-0.004529617180610013,-0.002016712405977339,-0.0009537184770865847,-0.03290795651094808,-0.01942185064725155,-0.028196809149383717,-0.02980713436701271,-0.021277754108532554,-0.027702849411721187,-0.01582972851603559,-0.01623891384433651,-0.02994731368458947,0.03303755456628288,-0.009196797760771369,-0.028960189950431814,-0.030817016530617525,-0.04820658339549738,-0.007979647756755859,-0.018986741613002844,-0.042796528328555405,0.0,0.0,0.029652790685432695,-0.020001690108145675,-0.020889297230632042,0.0,0.0,-0.02802208733724859,-0.011628424971469098,-0.004454359791587481,0.010506472494228591,-0.015106165206683064,0.0,0.006523580023945097,-0.04434803642255347,5.551115123125783e-17,-0.030083565904065968,-0.006238239257288725,0.0,-0.018307802212613966,0.0,-0.0415566114202684,-0.038264977858066485,-0.019824701309546555,-0.03591579948341389,-0.004817627692327464,-0.017542001106199356,-0.036892267972505444,-0.031003600285368582,-0.02047610106262876,-0.030325888254441713,-0.03315071460654012,-0.01738647232619278
-0.02695388995684045,-0.005576074957910404,-0.013286550102257433,-0.019133394307254303,-0.015177142272885191,-0.01756049616893346,-0.01227544885961429,-0.021796328981746382,-0.013494540255729714,-0.007091021282316923,0.003567668012038283,-0.023506865033915747,-0.014331182581683422,-0.004483872103550002,-0.004265415787191362,-0.008452414497504834,-0.03384605103350086,-0.016715196005789634,-0.01525492085968222,0.0018797970871096137,-0.026111765386508834,0.0,-0.013864890203844238,0.025052855216717462,-0.026539862962353833,-0.012778125760438741,-0.017996589601055935,0.003645641725010418,-0.025665545294123127,-0.015947467680155425,-0.024865613596942615,-0.039551834167836475,-0.02029894377707281,-0.0313906860485198,-0.03962413875681858,-0.03145265360312627,-0.0039696843872689125,0.007434625280772933,0.0003628572802122365,-0.00022425444644186276,-0.0034176306704383763,0.007799593350686473,0.05028247499361305,-0.009904255263367967,-8.218361105355454e-05,-0.03338441726498753,-0.0006240159030467818,-0.006138420318309523,-2.9804269169320108e-06,-4.757140817673866e-05,-0.013386015636623116,-0.013684270870232551,-0.017919300925300807,-0.0027986692144264524,-0.005809379536697634,0.0,-0.013214139555317583,-0.00884686363963183,0.0,-0.002061203715730875,-0.008548861419215736,-0.008753366910444649,-0.0028146956917024513,0.0,-0.017904145237197022,-0.02104986220409516,-0.0010255905757350914,-0.01599380959342228,-0.01542765860638029,-0.009529950597388981,-0.00906389145923342,-0.027367547246938906,-0.006939202613449491,-0.01621182522475595,-0.006053152863967515,-0.00201359329038725
-0.019015352871890434,-0.03120143518166879,-0.020230479123490686,-0.03967917355988704,-0.02193901029373907,-0.03513725905335657,-0.02677290722057518,-0.037875717231407646,-0.02174214186529394,0.004784975203780628,-0.03752299356818534,0.021998439655342927,-0.030953321579581583,-0.062269710410899126,-0.00445925215819909,-0.009351641737298078,-0.02671589726495094,-0.010759362947977746,-0.08041416957754047,-0.012916619823898856,-0.03179821426236873,-0.013864890203844238,0.0,-0.012706283859096668,0.0017045722090894833,-0.018526677949196935,-0.04258516259436673,-0.02455406015608741,-0.02151459337038797,-0.027609637032944334,-0.03545348657289826,-0.03329558031818547,-0.03702653224259733,-0.030876427151063868,-0.030324608997524927,-0.032391977749741896,-0.014647373828891141,-0.02341698170654516,-0.02726245623076129,-0.015241790300465352,-0.02106513724225051,-0.031113866018877334,-0.009936508203241656,-0.01952313667154637,-0.00797918540385012,-0.025986934149772545,-0.011340894161567028,-0.006195666141615486,-0.023843538055967062,-0.012665993319691093,-0.026305520246269087,-0.024813683858122937,-0.060207127487587,-0.011350669072155095,-0.02382395262915482,-0.01952277770546973,-0.03631937384148731,-0.039774058560391234,-0.01224077528522377,-0.033387453590561555,-0.0058779662054568305,-2.7348938661075906e-05,-0.008070734566958393,-0.008922529517093158,-0.03336007066093427,-0.013905321181332364,-0.030285946739781244,-0.02583601635125976,-0.00010539736440945413,-0.011464037092420332,-0.022466183311811605,-0.02971709589437549,-0.03089044214989345,-0.024064602153751724,-0.021684512993134064,-0.022099907609913094
0.014653422523823234,-0.0015945406976501375,-0.019713207670307542,0.005884411473011386,0.010893764265675343,-0.009554501384103187,0.01744234992408572,0.0006223246187552212,-0.0004578696133805682,-0.022984968962527774,-0.0013254460888607045,-0.009033286343503422,0.013518300824920837,-0.030947412989744905,0.002734942050289735,-0.023006328599382397,-0.023147444184030364,-0.03221318530660178,-0.011525594993006094,0.0031986739083037508,-0.004529617180610013,0.025052855216717462,-0.012706283859096668,0.0,-0.024670367481254563,-0.02601100550854546,-0.03376649627020528,0.02454105453636074,-0.004984705172697168,-0.008529009335014548,-0.0029493551329868306,-0.022030022332941268,-0.005318529729852084,0.0008665429084718235,0.015906376018618607,-0.011312211133037986,0.03387550355193231,0.019897326022251277,0.02514734702461857,-0.011896127599164141,0.0004957743215425747,0.03677757089861766,0.0075716065804656285,-0.0032655959850804717,0.018061930718774377,-0.04600470128596518,-0.01065621353641838,0.0,-5.551115123125783e-17,0.00010802329732489957,-0.0034673093679911116,9.25653909339963e-05,-1.6653345369377348e-16,-0.00019243424964887623,-0.03393015188908366,-0.00014156527036124356,-0.04569246353723505,-0.003020396386468005,0.0,0.0003243475558024067,-0.014968513129214989,-0.04962926193276945,-0.030046948788382655,-1.316399781448041e-05,0.00041839313278074775,0.0015094744007180805,-0.017193042118675117,0.0003496081399586015,-0.037082744111850696,-0.037537597210292484,-0.04805324542045314,-0.001987228590880019,0.003735259137389424,-0.016630931520071057,0.0,-0.022089709038325078
-0.028531511511141416,-0.048359876236307775,-0.0016474292631677434,0.0003860279949790546,-0.03384641969728591,-0.035779796103656225,-0.02931755011531656,0.01318455149232517,-0.033253698643735397,-0.026741698365988054,-0.022441090889473547,-0.015754233996996214,-0.027104800120138328,-0.005485392506469844,-0.038154312413777036,-0.038376326982671016,-0.00975022200689346,-0.03634397143581308,-0.025195812743526724,-0.035212505616756096,-0.002016712405977339,-0.026539862962353833,0.0017045722090894833,-0.024670367481254563,0.0,-0.020838426934494114,-0.040617245303545324,-0.019455100639905465,-0.025165552491554444,-0.01820702451277295,-0.010236709945370737,-0.02253594094257605,-0.026549994902462404,-0.010113811869885858,-0.011095875000031452,-0.03362639985858418,0.002543171104161468,-0.03136319522917014,-0.01219822586906072,-0.010489470076626928,-0.016065029661930907,-0.006889802563191605,0.00662715509400752,-5.551115123125783e-17,0.008954334420934518,-0.05046725187887052,-0.0027696688055488528,5.551115123125783e-17,0.0,2.220446049250313e-16,-0.010197271428334431,-0.018502881611152766,-0.03145469043150778,0.00038704007709422505,-0.04247670586359664,-0.0001313043957639204,-0.04241986929213459,-0.011593126340761817,0.0,-0.02408004876098313,-0.014847167761803004,-0.0367577372462104,-0.025243694152478013,0.0,-0.009349872881652621,-0.018750590447136506,-0.012920923257892736,-0.033610852108710954,-0.06465387692804042,-0.02071252882976088,-0.03387284413827729,-0.011982029564086782,-0.009540124046130583,-0.011908245688670938,0.0,-0.01566641982366368
-0.020402974323949996,-0.012146802430534953,-0.021908056578531065,-0.009237728897508513,-0.018860740048209812,-0.01792198737893791,-0.013391094617818733,-0.00046259473008314345,0.00887002321369823,-0.013159007471315654,-0.015281025997903208,-0.0025575700237022714,-0.014390998743504135,-0.025520775012814356,-0.013879592681739716,-0.01976743563040212,-0.02659857718940206,-0.029337326822268528,-0.016807850581628148,-0.007633848489391026,-0.0009537184770865847,-0.012778125760438741,-0.018526677949196935,-0.02601100550854546,-0.020838426934494114,0.0,-0.023870575675116468,-0.017318715873618384,-0.01092141554631021,-0.03574403520512076,-0.013661039780138828,-0.024310181971094302,-0.027661446023452885,-0.015693843974008193,-0.027549254487203356,-0.016588664308130607,-0.01925595720858908,-0.0007662777499097828,-0.01359865319058523,-0.023257064444109354,-0.024797429780284763,-0.013697855698652894,-0.00018729696924646433,3.1572129555457185e-05,-0.01332370374907993,-0.042439841469860906,-0.012822479759747096,-0.009197796311311623,0.0,-3.559533690433714e-05,-0.018278432884398843,-0.017888476864093228,0.008923808382391596,-0.005551973453502779,-0.049783472354356206,0.0,-0.04677468228928999,-0.0014862558890337274,0.0,-0.028687272946243514,-0.01756404509954107,-0.039599366549896264,-0.03175333753139803,0.0,-0.0316245528475359,-0.03831319353141899,-0.01783054847590776,-0.026663810222543605,-0.06868652315929763,-0.029362024601845782,-0.032068222530100166,-0.03093813744490892,-0.0030374512896126915,-0.016141842889198676,-0.0002418084526964459,-0.015522017995923287
