0.0,0.01272095025712422,0.009060272511952072,0.0,0.016569586660967917,-0.01627369424765046,0.009970911795471493,0.004577858211764041,-0.007296909239370208,0.02710808059800668,-0.00439841579728717,0.0022813702343837394,-0.016063808765437393,0.00032135036475222645,-0.003845085744371146,-0.0009193515390985563,0.03698975687716344,0.01354265030029178,0.0,-0.014025635821634075,-0.021798317578135273,0.010647497187602939,-0.025861864033966342,-0.01760524358212623,0.008089828904375762,0.013800238794555664,-0.028655741412331792,-0.012678912341869353,-0.020465901735939374,-0.007644480785862662,-0.0080487356304082,0.001392936673386247,0.02350497796505302,0.00904851377274729,0.0229771482582255,0.01836316558799672,-0.0006338316407023536,0.03272730571342819,0.02378908578617589,0.030984038147784054,0.03547068461650249,-0.017113850206612435,6.699870554099929e-05,0.0,-0.0006976338899054579,0.002612361181193179,0.03971399466944481,0.0,0.0,0.0,0.022656979193909688,1.1102230246251565e-16,-0.006871259271353958,0.0,0.0010039407404031087,0.0,0.011009096650452466,-0.006419079970065189,0.0,0.032475745143956125,0.04365652731191072,-0.003394147096045297,0.031455074219699286,0.0,0.024736224832939024,0.05839393519267888,0.042650325638659614,0.020665721188648678,-0.07859479448415563,0.0264263153117707,0.025803084705785406,0.015346494694958301,0.00035919587898264327,0.0015290977863121058,0.0,0.015184276300413302
0.01272095025712422,0.0,0.019963579744957882,-0.00013356755603916026,0.008693748102995336,-0.021782707981610805,-0.00955737845527832,0.048929208096673005,-0.014340687585171485,-0.010361939556538136,0.013436915359162527,-0.0073959816673427325,-0.015485382802499947,0.005826654209795057,0.0026398995203729125,-0.007547023245537521,0.01998795015174809,-0.009326721431428209,0.018531342033537845,-0.0019461068914412016,0.012353273887019678,0.002144166240666545,-0.005388931273650532,-0.0036693048077519053,0.009308083828565128,0.0216447245924255,-0.009768999124908362,-0.002483911978232334,-0.013941510096819043,0.0016546985082271926,-0.0036412484028764958,0.002696114156028384,0.025494160892240825,0.009124637705020144,0.01117309720084686,0.014442062476520579,-0.002713378365758523,0.0,0.022755157199383147,0.03540634616981103,0.028070673303374205,0.021303462461649103,0.006642456943127206,0.0,2.220446049250313e-16,0.027977624478345897,0.033343822142815394,-0.0004957817780867346,0.0,0.0,0.0160223790030683,0.031519298454921296,0.015181119089028972,0.014273479775581577,0.032331972880580595,0.0,0.02077780219257619,0.022558569080827207,0.0,0.031108581388653633,0.03221730880454432,0.03129426066619523,0.042919868986133924,0.0,0.02197685273667116,0.018400442495980385,0.023158206256293223,0.03491556758457093,0.005906426724109237,0.03623088752092901,0.03583543507764808,0.02657761447287227,0.020036565691070818,0.018847037948181544,-1.1102230246251565e-16,0.03154890375160169
0.009060272511952072,0.019963579744957882,0.0,0.03205382856569672,-0.0020008357101772845,-0.012862239185841506,0.006778965807326454,-0.013573908515006339,-0.004418622463841171,0.033642398780598326,0.00983603531434235,0.024883175316895767,0.02856031868626485,-0.02294223791341704,0.027018816015129177,0.006754634103711188,0.007681481465367623,0.02212062673873122,0.003010317384693262,0.010807818435350558,-0.017065058562816426,0.011621684069645255,-0.013348431845089881,0.0101056231066598,0.005503786654803833,0.02273693595879378,-0.008425101648116606,0.02904766698725314,0.03005123310572666,0.007246332747722128,0.039055355227570476,0.04456054831771172,0.023572012755373184,0.029068446876066523,0.03361198673031435,0.017305201620715138,0.02873872857957227,0.03883806228082942,0.06415045922999885,-1.3721627044605e-06,0.03785625753955757,0.012798619807855904,0.049747643349257686,0.024733034769514994,0.0,0.0,-6.427664233876751e-05,0.1588675143882543,1.5048088348956767e-05,0.08551697435821631,0.025880388343735294,0.05992608153655865,0.0323805980085109,0.07297859710118049,-0.0025526566869520373,0.15685155546681684,0.025266141632321437,0.0347461830958361,0.06328415597578357,0.0002092223035074503,0.0,0.0,0.0,0.19329315152272997,0.018899337504404312,0.003485591685563505,0.0005149318705153227,0.041891964217166566,0.0,-0.00019030022949467762,0.027890906959479045,0.05702800195387858,0.03983411313516605,0.05284893264879342,0.010115366799200776,0.039733912415255035
0.0,-0.00013356755603916026,0.03205382856569672,0.0,0.05096258447197666,0.020850152663640653,0.01768888777654337,0.040986795093342854,0.02240338912663431,-0.06755775507366987,0.052066245066102856,0.00547932950390162,-0.0027179803954899273,0.09136274568692332,0.01736127587712427,-0.0004483721454057177,-0.0010935221787285454,6.852431469500653e-05,0.029231194895198265,0.014639618357405848,0.0002537328258115368,0.028994494830772655,0.01340001351428427,-0.025112927942541607,-0.00030380702860566267,0.015239689895445108,0.020238242864606792,-0.008805715525020075,0.019781841359261587,-0.002020831172539983,0.07742846486237931,0.007307955970853042,0.03690704994142663,0.03397890522239422,0.046995310526999234,0.030527083710605113,-0.013080930069399394,0.014975325102380144,0.005026306578347517,-0.0016643053336345415,0.02591089860747503,0.06317611909019549,-0.006169528246695477,-0.013419282482443118,0.0,0.0,0.0,0.000877202071537575,0.0,0.0,0.02395857231913212,2.220446049250313e-16,-0.0001568270188562204,0.0009148555453938889,5.551115123125783e-17,0.010113017836002602,-0.007729488148805502,0.0005828073577270887,0.0,0.0,0.0,0.0,0.0,0.0,0.0,0.0,-0.00013827426228474327,0.0322872110049478,0.0,0.0,0.0,0.027454890718372316,-0.002483986458469478,0.004671786247604781,0.0,0.0
0.016569586660967917,0.008693748102995336,-0.0020008357101772845,0.05096258447197666,0.0,-0.047516739608517655,-0.0061476146843572055,0.03726679575441555,-0.01576913958709908,0.027439561232004972,0.029618986117238788,0.01865930166345081,0.0017992786867009891,0.035300369725264624,0.024654905898591983,0.01052363492379621,0.021126553069254927,0.0018451879801402726,0.03270593133264993,0.005647199432010863,0.015693805678057227,0.010865563636661524,-0.0020516101832376843,0.02783366483599381,0.038980251434533986,0.0010043077072263706,-0.005208825526260674,0.015141435669373426,0.014548725407380336,0.01667624638202142,0.03202894653091759,0.06433818409474296,0.009793308306915105,0.03720038739961978,0.010928792203595161,0.07873678092256597,0.1526660386079982,0.05969336138983178,0.039311459036812824,-0.010560186087381074,-0.03276512916440527,-0.0055509594569733145,0.023868709920558395,-0.03406129987409601,-0.00044327405617078375,1.1102230246251565e-16,0.006220473639259816,0.01914720874307385,0.0,-0.021287183062963344,-0.0010585035078807814,0.018389912153486454,0.03492505109592037,0.029053050299319927,5.551115123125783e-17,0.03194223126837403,0.015117075011738812,-0.0011059357838728578,0.07859581172272878,0.001051486810660085,6.178180764776497e-05,0.0,-5.551115123125783e-17,0.012643773659159585,0.01234605908621822,-0.00035562226784557893,0.009475995279083438,0.022075259046203388,0.0,-4.3993193026781174e-05,0.008011248321922793,0.025644970280794654,0.04599939205458714,0.05745303050914019,1.1102230246251565e-16,0.04454172510464083
-0.01627369424765046,-0.021782707981610805,-0.012862239185841506,0.020850152663640653,-0.047516739608517655,0.0,-0.02046784978310623,0.003702644777310582,-0.009985758282638035,0.019288771431622387,0.025118423170415627,0.007981159929855486,-0.015390337545275301,0.0019210182531523845,-0.013121606570776934,-0.01405624276755657,0.0425787935831497,-0.0062787932245753075,-0.004112797571790561,-0.017586699372987458,0.0025925774787587397,-0.015560165996608644,0.002136810195353611,-0.022983955870020778,-0.02289241942746001,-0.005294796307372784,0.01743486899784452,0.001169201743590198,-0.002668304111676678,-0.000721257514958773,0.013142792852101126,0.024095500027803585,-0.0016619055992285192,0.0034947869676829613,-0.001378172703710101,0.02036556449606125,0.03402175898545934,0.018652047940184824,0.03416074099747729,0.013531897703850937,0.03619542711310042,0.029148261110684193,0.04090278181322221,0.028396140481983745,-0.0016667500768836607,0.018570547589548736,0.012939475036422399,0.04725162640006475,0.020936167531500294,0.04234253780937802,0.025544281493071586,0.040011986727335414,0.024162389809651852,0.05843416677682867,0.0318244802368981,0.06365694649220177,0.005900174378667966,0.024637209527988757,0.043853234645165606,0.02824104574599584,0.013304619249875804,0.0,0.017891100142433558,0.055267388361031844,0.022649550172162525,0.025321279131736485,0.007253498238513678,0.02598011220778823,-0.0001162645863333478,0.006139961013283457,0.010926187178141866,0.02606105283339799,0.028478299177722044,0.027392333729034435,0.024206912428521854,0.03722969497634232
0.009970911795471493,-0.00955737845527832,0.006778965807326454,0.01768888777654337,-0.0061476146843572055,-0.02046784978310623,0.0,0.03391524145973196,-0.018431568374840557,0.01481873249914989,0.026934579852580742,-0.0015539381355143544,-0.004090764594385288,0.004848906498923611,-0.009476950276389617,0.002915961603972672,0.030665934011442464,0.007176091575894772,0.020014174538006302,0.007642891496630111,0.03011911733210393,-0.0032193557792795646,0.01759963294874467,0.016013378666699274,-0.004032947449524205,0.0023498528165595833,0.016620596381966946,0.011165626436959564,-0.000959423505631718,0.055173725543796515,0.022947146825661124,0.0292899716915494,-0.0004546433186216614,0.025220818316815607,-0.0029145497259837616,0.03354556118088503,0.04078740598748093,0.03389062567070811,0.047335909647847285,0.008063534237227776,0.05363275252735078,0.041419997053343593,0.05494583323615476,0.014993137410235446,0.01196433083557824,0.0,0.02370372632481954,0.05149719509755257,0.0,0.04028420557466067,0.04505515627873602,0.05063212540487361,0.04535367594501327,0.05912501105888962,0.00490324069894138,0.0667428805160094,0.007129506958366949,0.04398150841391635,0.06607298396639416,0.03320346946430536,0.026481997581978278,0.0,-9.5116627001679e-05,0.05018709548136252,0.031169596931121923,0.06644580248150428,0.01120594120512558,0.05030978931171842,-0.00021139591699648186,0.017965668799343915,0.017204769288923893,0.05052296395688394,0.04604424384971545,0.03207404185600671,0.011816486138894078,0.04660987013761336
0.004577858211764041,0.048929208096673005,-0.013573908515006339,0.040986795093342854,0.03726679575441555,0.003702644777310582,0.03391524145973196,0.0,0.03885430803479456,0.003714974452389219,0.040788618197503956,0.019961389993778722,0.02349539389023636,-0.03224905739793282,0.019137813866622,-0.007685224481635888,0.0022097112206620473,0.014443035864694698,0.04504452763197381,0.011232966479067574,0.04446475499654984,0.021321842530581114,0.022522475210416892,0.011586665089290071,0.0379093381530653,0.023761300463191415,0.013748785132586316,0.019333106703064762,0.01582770498748276,0.014205011647313137,0.009660825956787467,0.03405685747267534,-0.0647717111367101,0.019547655236747175,0.029229775547577552,0.018323161917508324,0.06505616430491257,0.04154849627511642,0.03253853290276859,0.05418232741130552,0.03594971559581672,0.03542074774299947,0.06242680502940107,0.01189657708833658,0.0,0.022079117449110064,0.020694849390790804,0.04299400362477568,0.0,0.014478064330425922,0.006139929017882129,0.012811803279108525,-0.04947064638055393,0.048148102208162125,0.00027529593350206216,0.07060054554013756,0.00017312947477915452,0.031664290281034846,0.06272967034222687,0.03236234729702353,0.02073414455696132,0.0,0.0007002133991779735,0.05667526526861422,0.019621796296027227,-0.0020731974222180094,0.002258647328412189,0.020380817389194505,-5.551115123125783e-17,0.028610911475730805,0.04654375815300593,0.01571349556929047,0.030619552493735658,0.009176118256458698,0.0109793840903043,0.05006928115729059
-0.007296909239370208,-0.014340687585171485,-0.004418622463841171,0.02240338912663431,-0.01576913958709908,-0.009985758282638035,-0.018431568374840557,0.03885430803479456,0.0,0.02836390282623874,-0.0011957824779681991,0.01531814460669395,0.00810046047363766,0.026108100556113234,0.010529123264227447,0.016404428537759475,-0.006626663747101358,0.0312616380027968,0.017902168447952893,-0.026851401193777158,0.008354364117599045,-0.014805780720986705,-0.001994128984697807,-7.64099995996248e-05,0.001621744859827856,-0.006480508137724272,-0.004054748498596772,0.026558745045535515,0.009690785827448756,0.022969753501879908,0.037943377353943264,0.04399227606167366,0.03072064291636667,0.03612314421949231,0.031557591535751994,0.035012117032045986,0.04365687764454407,0.0364325458186327,0.015601494725704268,0.006936089044229099,0.036752678092211,0.0029131034759221075,0.04585331779743662,0.06418534012713956,0.01325990559539919,-5.551115123125783e-17,0.0024053815101559017,0.04854767040105157,-7.2291722016948334e-06,0.02465910461188059,0.03512421057056592,0.050381256489675175,0.04629129154669931,0.05436452182522156,0.033087478886908495,0.07402728842615242,0.009161821591725905,0.030108706662374973,0.06984708863485106,0.010772465870826142,0.0055292291362366575,0.0,0.0,0.04873848972450867,0.028695677483837112,0.03344131708089859,0.007753875301347191,0.04059145314593571,-8.897175617306186e-05,0.019899784584560598,0.0007767571143077467,0.05699657437176653,0.03907200820738643,0.011740729644826586,0.030402157560407317,0.036714892156392454
0.02710808059800668,-0.010361939556538136,0.033642398780598326,-0.06755775507366987,0.027439561232004972,0.019288771431622387,0.01481873249914989,0.003714974452389219,0.02836390282623874,0.0,0.052233151667543665,0.003259473432207727,0.007674259365889724,0.07546591622302906,0.019667621700233617,-0.014652813683057098,0.015932529379894367,-0.0016855216780017335,0.029792409363316064,0.019465429562810554,0.0119522403544301,0.03801207313456706,0.019941514799484306,0.004903683869696085,-0.00342908577979939,-0.0150122899309027,0.031010023658133934,0.002258142229745852,-0.032225972851395834,-0.0023401445352214667,0.002459344635324212,-0.041732066331744144,0.02375790992542387,0.020015107256291187,0.02617148467585484,0.012438956752688246,0.055070185066100064,0.04680694024864662,-0.07620158997352078,0.01975383020400956,0.026826800888730185,-0.014651185647115705,-0.01296309986925559,-0.0026801487630010445,0.004025103829523591,0.003594028332319199,0.004740136051235577,-0.0007898482405162,-4.1048241226915305e-05,-0.0009640479940655755,0.03472025115826188,0.03854625324631622,0.004765127372850675,0.007437181337295928,0.027909441546030256,0.01586786736876805,0.013711850743520937,0.014282714667250729,0.0,-0.0011721326256158848,-0.0017994630171579984,0.03421584657634702,0.02956253355934585,1.3492771995915476e-05,-0.00021922344964225848,0.007164741177997425,0.011019352965983886,0.037810224863778163,-0.0025351357496498084,0.024902295479283465,0.014806007660314757,0.02253980017631796,0.0274245159873851,0.03671030424385907,-5.551115123125783e-17,0.016749924101870928
-0.00439841579728717,0.013436915359162527,0.00983603531434235,0.052066245066102856,0.029618986117238788,0.025118423170415627,0.026934579852580742,0.040788618197503956,-0.0011957824779681991,0.052233151667543665,0.0,0.026289827142826627,0.03950789471556615,0.04522350329334768,0.0,-0.00029214318541714857,0.026476995997481767,0.02851958794255205,0.02280324229168257,0.0001377599032460486,0.023418360384096726,0.0063859203839981005,0.007081383197695967,0.032082515901543984,0.027681514856353173,0.03588645873819485,0.011358262407540676,0.031818450064849735,0.04616575538228507,0.0036508224781040544,0.0603093418853447,0.08787548471034529,0.028025884530806344,0.056457341022378704,0.05597187855381075,0.08064947952931134,0.0653060520492314,0.04379719909970048,0.06108051001451331,0.012061576380850592,0.025284388719974737,0.023410671778230807,0.08911964805528966,0.02460113216549381,0.006215816085690107,0.0,1.1102230246251565e-16,0.08193157336025847,-1.3998410077209478e-06,0.07243636092898176,0.012585458619038536,0.06271824813369598,0.08146881982907889,0.07232612545685707,0.026605152154878187,0.1945214849660315,0.020018701211471535,0.043039903476509045,0.089820828011352,5.551115123125783e-17,0.0,0.0,0.0,0.17885960961007863,0.011159878211279728,0.0,0.00029359141051316096,0.05891764739238481,5.551115123125783e-17,0.0,0.00040876714436016703,0.05774182054744009,0.04075388776819827,0.022284577061432942,0.0,0.04144293487879669
0.0022813702343837394,-0.0073959816673427325,0.024883175316895767,0.00547932950390162,0.01865930166345081,0.007981159929855486,-0.0015539381355143544,0.019961389993778722,0.01531814460669395,0.003259473432207727,0.026289827142826627,0.0,-0.009956424602530767,0.06411237941624459,-0.03332240368230999,0.007164454229828754,0.013174143162230922,0.008811565025517387,0.023584494360091524,-0.012727106871702532,-0.006440933009902672,-0.008697105753457834,0.017555729853761415,-0.020137385659686313,-0.008293627541212323,0.01752639975700815,0.011880561499863773,-0.005505181027063821,0.024252132732700438,0.04154804464342693,0.0026250310349537065,0.003785903052698769,-0.04406221624205567,-0.016633635175159034,-0.011604528168673522,0.01101673203835779,0.00839885074013269,-0.022815722608480804,-0.07000423092952673,-0.0012318409735479485,0.019481372237108663,-0.048858462457415985,0.0011993441785378423,-0.0026522566871420294,-0.03332298510681897,0.0042129108093788,0.015531865622697372,0.010363898744918942,0.009806149941320563,0.006878606168786994,0.009601329098136824,0.032646842679372734,0.0007107856520920941,0.008303979407137285,0.022968275881122324,3.717247162449144e-05,0.014591531205533192,0.005858723722944548,8.844502612154193e-05,0.00011638726290491563,0.03746143717714023,0.03023964291304665,0.028879622227163393,0.018993371205768328,0.007680453127562381,0.018576831606208655,0.00412241139466929,0.041774191074431366,-0.018461984658456554,0.021112099414258456,0.007298369172856867,0.08176785729236014,0.019103243307782236,0.003445605232455018,0.0,0.014487670489578386
-0.016063808765437393,-0.015485382802499947,0.02856031868626485,-0.0027179803954899273,0.0017992786867009891,-0.015390337545275301,-0.004090764594385288,0.02349539389023636,0.00810046047363766,0.007674259365889724,0.03950789471556615,-0.009956424602530767,0.0,0.006374252340086373,-0.010512676321374648,-0.012041870848826075,-0.0016390175916360938,-0.0034073162077481456,0.03617481306621173,0.0007296892813943856,0.020478043933122025,-0.008455360046515648,0.010293595480812823,-0.008326147215224344,-0.010374042861963306,-0.00354102445777299,0.00811054450615506,0.006433420485478847,-0.01550429399389891,-0.003484493748137363,0.003474228459098283,0.03428214552057718,0.010631335345799242,0.013068522325088705,0.04828312064830337,0.010594617541981655,0.021989193312094035,0.03546348560472523,0.05423431036552673,0.06701191318362415,0.059102046438325506,0.08312115875650222,0.05518875003937268,0.09435993426617051,0.005976307406846237,-0.002264726150840779,0.01664098667299141,0.05364677347044644,0.0,0.029799055239967676,0.03967632251141717,0.04836204749709028,0.03999548975747458,0.06126214975608579,0.00914117197733949,0.06286916029953149,0.007768003461593009,0.037378143997597535,0.04583885665713139,0.04750762128618147,0.009155379459449497,0.0016132742002057388,0.028673423512227847,0.04916719704396699,0.0355960418695907,0.04100437092232867,0.013311491622680915,0.04303245868985972,0.013817733068958504,0.004356604755163751,0.020370149343221122,0.03871670858996662,0.0460727796806083,0.03647177013645325,0.027419622943570254,0.05088903957419605
0.00032135036475222645,0.005826654209795057,-0.02294223791341704,0.09136274568692332,0.035300369725264624,0.0019210182531523845,0.004848906498923611,-0.03224905739793282,0.026108100556113234,0.07546591622302906,0.04522350329334768,0.06411237941624459,0.006374252340086373,0.0,0.0004274197422585724,0.0011343884889029043,0.00018809798869962036,-0.00028328371965735677,0.029425758201910623,0.013015343131040247,0.009086227812272307,0.0021574199888517165,0.008188758157233023,0.021184958989835967,0.011298594039872156,0.024984153699774414,0.00337077145557646,0.023459645771563564,0.03861812389383806,0.0008947173412958143,0.04775120942336819,0.045373905648893376,0.021562953721011524,0.027870671352605736,0.03913324400769069,0.019153658180721456,0.05580306021427153,0.0036192881603705485,0.07549241063502427,0.0,0.0038335341686885904,-0.00047126888646598086,0.07787554382141954,4.029440600072931e-06,0.0,0.0,0.0,0.0583822436471072,0.0,0.024911655961274926,-0.0025712897563437975,0.06948619689178381,0.10555769761737277,0.037979172623886726,0.0,0.08699302332396569,-0.00030907579304706445,0.011963990864717278,0.11480911137819905,1.1102230246251565e-16,0.0,0.0,0.0,0.055829892931623326,0.0,-1.1102230246251565e-16,0.0,0.06213157948010467,0.0,0.0,5.551115123125783e-17,0.01319611331320264,0.026439983036300074,1.1102230246251565e-16,0.0,5.551115123125783e-17
-0.003845085744371146,0.0026398995203729125,0.027018816015129177,0.01736127587712427,0.024654905898591983,-0.013121606570776934,-0.009476950276389617,0.019137813866622,0.010529123264227447,0.019667621700233617,0.0,-0.03332240368230999,-0.010512676321374648,0.0004274197422585724,0.0,0.0008681805451489777,0.022431132950754662,0.011531458076529943,-1.1102230246251565e-16,-0.014946321586501998,0.020068427936799138,-0.029967642021092422,0.004436042238585236,-0.04149867054956269,0.003065982007718626,-0.012030424462227518,-0.03282802016186642,0.018104745535244993,0.004276711953972057,0.022127547315351326,-0.014577453393593176,-0.0107317727717548,0.021772692714156827,-0.010721392432232024,-0.005172718237071883,0.011601888273946093,0.009755871752319567,-0.0002506066763078296,0.021695293415250894,0.034901312084826996,0.03391585070061415,0.03176150713707715,-0.0360491325855295,-0.006403124171006247,0.0,0.0072794931838600085,0.035640603781848135,0.023793544323784,0.0,0.0,0.03325412863970428,0.04007855830078766,0.050475791504416334,0.004389724102789538,-5.551115123125783e-17,0.0,-0.0009780273610323076,0.04834580898351759,2.294697420635039e-05,0.06400777290373416,0.04318909130129567,-0.0008021054867339283,0.018396696171219806,0.0,0.05091409033027933,0.015554139263393496,0.03393128195124262,0.06707163781026004,0.00017337110699816582,0.032113571174577416,0.03894354907070863,0.03670996884538036,0.031103588008496885,0.052908232692768675,0.03826345402902215,0.04732987216059692
-0.0009193515390985563,-0.007547023245537521,0.006754634103711188,-0.0004483721454057177,0.01052363492379621,-0.01405624276755657,0.002915961603972672,-0.007685224481635888,0.016404428537759475,-0.014652813683057098,-0.00029214318541714857,0.007164454229828754,-0.012041870848826075,0.0011343884889029043,0.0008681805451489777,0.0,0.007070470734954926,0.001762722954527507,0.0003613287213229399,-0.02628898796544077,0.0008125971334901338,-0.02186107767079548,0.0017738939514341245,0.01692903403552881,0.006419773648058513,0.006287753154777143,-0.00780379902578987,-0.007343463120923488,-0.009070496162387087,-0.01319456699189181,-0.014337798056469842,-0.011420456235344212,0.007986682958741276,-0.009743363593836873,-0.00522585002592596,0.0017366575059635236,0.006638313665317641,0.020776421743159135,0.001026423402269494,0.02692317980870923,0.030874303205623732,0.015086339434685181,-2.992110354732569e-05,0.0,0.0,0.027629089954167352,0.03037033393063915,0.0,0.0,0.0,0.02366627863644083,0.017072332184933092,0.023776102248883657,0.0,0.04578158635646562,0.0,0.023013070305193062,0.020357744742319106,0.0,0.031736807042831994,0.030418297323923205,0.04487915240231599,0.03325722200177916,0.0,0.031448378712258196,0.022847766085577592,0.031650558390175165,0.03891575636810485,0.022794336809147775,0.028342008513936645,0.029386251976053768,0.04049872049015868,0.020999636980742753,0.03508087103149399,-1.1102230246251565e-16,0.03969335549587699
0.03698975687716344,0.01998795015174809,0.007681481465367623,-0.0010935221787285454,0.021126553069254927,0.0425787935831497,0.030665934011442464,0.0022097112206620473,-0.006626663747101358,0.015932529379894367,0.026476995997481767,0.013174143162230922,-0.0016390175916360938,0.00018809798869962036,0.022431132950754662,0.007070470734954926,0.0,0.022931109746877953,0.016868830822867664,0.00971560876544314,-0.0012735634748103353,0.015730229714112642,0.0092282389791834,0.03596891272045122,0.005813103952899856,0.006459067156787679,0.033028792823203534,-0.01160505908036985,0.010028079620659214,-0.009602027110127642,-0.01084511962254947,0.008732435925159598,0.030803389226761513,0.011921329189527152,0.03929834836112023,0.0037619708635309723,-8.297041216687173e-05,0.048605761136643055,0.03675576759054894,0.0368872692793335,0.030281761554757647,0.024262002780293113,-5.551115123125783e-17,0.0,0.01879591723623364,0.017081483002509168,0.03796942764923522,0.0,0.0,0.0,0.0,0.0,0.0,0.0,0.04391777579076156,0.0,0.03263198813781509,0.005883193863338576,0.0,0.00033424454022173977,0.041796542732869646,0.047076614835043384,0.05021001377397877,0.0,1.1102230246251565e-16,0.0,0.024055785119349637,0.0,-0.008910562518622378,0.03851871510686666,0.03128462494476908,0.0,0.015429333675687162,-0.00018032157766700863,0.0,0.03184486012459087
0.01354265030029178,-0.009326721431428209,0.02212062673873122,6.852431469500653e-05,0.0018451879801402726,-0.0062787932245753075,0.007176091575894772,0.014443035864694698,0.0312616380027968,-0.0016855216780017335,0.02851958794255205,0.008811565025517387,-0.0034073162077481456,-0.00028328371965735677,0.011531458076529943,0.001762722954527507,0.022931109746877953,0.0,0.02496100060546963,-0.013531199617635103,0.004448321867413674,-0.009098705296438303,0.005345376943613311,0.028291416900786792,0.008296685067929743,0.010611755039356963,0.0003111819296743312,-0.005283924357947445,-0.006299312593169848,-0.02421323464471964,0.00949994678380045,0.01675431679625028,0.02817074687529031,0.02169645931330455,0.04266027471612288,-0.024144722785985895,-0.00013828139331406586,0.03136327214911616,0.018428108582131286,0.03595837790262413,0.040149736216812115,0.03443612781288147,0.0,0.0,-0.0024234656564314228,0.024943651708762282,0.030656942292674683,0.0,0.0,0.0,0.024683502722968487,-0.0005831770267769043,0.0010516029792382864,0.0,0.04141193534238907,0.0,0.03285497102604845,0.023306157949548212,0.0,0.01607421066632503,0.028593010061430835,0.04852305165440385,0.037897634860003526,0.0,0.028864976764504224,-0.0025240226592398995,0.04476829065198373,0.02685068145165387,0.012209120725438338,0.03467323867910804,0.03493271062494169,0.03147776015875864,0.022160887767140758,0.011680299881539846,0.0,0.037061819062833234
0.0,0.018531342033537845,0.003010317384693262,0.029231194895198265,0.03270593133264993,-0.004112797571790561,0.020014174538006302,0.04504452763197381,0.017902168447952893,0.029792409363316064,0.02280324229168257,0.023584494360091524,0.03617481306621173,0.029425758201910623,-1.1102230246251565e-16,0.0003613287213229399,0.016868830822867664,0.02496100060546963,0.0,-0.0007836038727485062,0.016017120432928855,0.01633220236973204,-0.01966096360743108,0.005826097899165439,0.018916262827909924,0.02442865804710692,-0.020913634214322796,0.03604576503692791,0.03601203282312382,0.016677072933236836,0.0504760597754591,0.0613792323720288,0.013870158656568654,0.04600756431647224,0.048969955413998734,0.05246122991238161,0.043829657202479,0.03351205050525424,0.04081789675097214,0.00010725788791415836,0.029262627571836564,0.027566034819835106,0.048368636739761495,-0.0022544742383848737,4.4043150599748504e-05,0.0,0.0,0.08284934494390883,-5.551115123125783e-17,0.014763379074750227,0.01670561934703574,0.03534802907428014,0.055675951786760325,0.05227947414787448,0.0002465871043355605,0.15484760428147132,0.01983376482854976,-0.005329509754799844,0.07629616225200225,2.220446049250313e-16,0.0,0.0,0.0,0.05314145231869527,-0.00015522193991729383,0.0,-0.0002953417945620873,0.044231278336053115,0.0,0.0,-5.551115123125783e-17,0.04508343225486544,0.03067713260472371,0.034935167291069935,-0.0005351366803757474,0.06233497275371924
-0.014025635821634075,-0.0019461068914412016,0.010807818435350558,0.014639618357405848,0.005647199432010863,-0.017586699372987458,0.007642891496630111,0.011232966479067574,-0.026851401193777158,0.019465429562810554,0.0001377599032460486,-0.012727106871702532,0.0007296892813943856,0.013015343131040247,-0.014946321586501998,-0.02628898796544077,0.00971560876544314,-0.013531199617635103,-0.0007836038727485062,0.0,1.2312099220368466e-05,0.0012762471740372372,-0.005318889246378078,0.003712358763092005,0.004762448351687099,-0.007425766955565738,0.0038380439943444533,0.014208912633276338,0.016980260911099665,0.0031975417991675914,-0.008364945710226002,-0.028466062664470715,-0.005739053873180355,-0.027671964357679435,-0.026069357701857754,0.005681879898858211,0.010151601619004968,-0.010518782768693224,0.02266147847201805,0.03826936341678322,0.03339755604632566,0.038336219255732384,-0.03401794350433285,-0.016378378043373165,0.00011680255131119033,0.004433316036263679,0.023754507159300053,0.04319511993216896,0.0,0.0,0.03135571941603926,0.03397653444174065,0.029081559927892908,0.004376782407511937,-0.0003279502871065265,1.1102230246251565e-16,-0.0010638415439346849,0.048877207818992185,-1.1102230246251565e-16,0.033867855410681214,0.0294483029404618,4.7598018227235084e-05,0.02767801172849993,0.0,0.030079124009641967,0.02406876482085485,0.021407248140493662,0.04347320924527376,0.0,0.028806692146180368,0.027805285685450154,0.031600661194055746,0.032045658774645436,0.047060078359093316,0.024512070449757006,0.0331898988031214
-0.021798317578135273,0.012353273887019678,-0.017065058562816426,0.0002537328258115368,0.015693805678057227,0.0025925774787587397,0.03011911733210393,0.04446475499654984,0.008354364117599045,0.0119522403544301,0.023418360384096726,-0.006440933009902672,0.020478043933122025,0.009086227812272307,0.020068427936799138,0.0008125971334901338,-0.0012735634748103353,0.004448321867413674,0.016017120432928855,1.2312099220368466e-05,0.0,0.010199365453432085,0.024008163297299323,-0.03239860290753954,0.00047385278963535393,0.016761955106185555,0.0028114412863144422,0.03165860435749973,0.033101786393921584,0.04914964895000273,-0.001644755119433794,0.002589697033542171,0.03000974492192826,0.013365780952382389,0.010991924806313946,0.014414740867256692,0.014407237271500062,-0.0019402921256528316,0.028079121305657262,0.057671841188431716,0.044319461547225436,0.03837006829407652,0.02399424652676979,0.0,0.0,0.045742661819249186,0.04081786467473841,0.024814401875049574,0.0,0.0,0.028824088005989845,0.04246862353452485,0.004384445439885476,0.005135219986542594,0.006292553177849658,0.0,0.004285584680039589,0.0444107457940226,5.551115123125783e-17,0.05119053053086414,0.03766764454231103,0.0,0.027686611340441203,0.0,0.04315218288157063,0.049994191055590775,0.025624334874796095,0.057658804186448365,0.002602752428800925,0.020282314889441877,0.03580008322202499,0.03474332631004079,0.03159355086022869,0.06370776958842311,0.03803419187669621,0.04761024938500391
0.010647497187602939,0.002144166240666545,0.011621684069645255,0.028994494830772655,0.010865563636661524,-0.015560165996608644,-0.0032193557792795646,0.021321842530581114,-0.014805780720986705,0.03801207313456706,0.0063859203839981005,-0.008697105753457834,-0.008455360046515648,0.0021574199888517165,-0.029967642021092422,-0.02186107767079548,0.015730229714112642,-0.009098705296438303,0.01633220236973204,0.0012762471740372372,0.010199365453432085,0.0,-0.005066476149596766,0.007844514111936651,0.004705642096483387,0.004567613668138293,-0.01108144896772284,-0.0016271778111757729,0.003951295013065181,-0.0022734621004474875,-0.014117421724514523,-0.030338896717360564,0.0011781472731591802,-0.025956710193107357,-0.02356467200624751,0.0016892057349818246,0.006489204130838477,-0.009813712541191177,-0.0016894062478633454,0.03753588254663798,0.03055992892766113,0.009299924546577187,-0.043937628347573754,-0.004564415304931846,-0.0003479414806190073,0.05226560936504926,0.028468956312014293,0.008607229207336642,-1.2618259784769048e-05,-3.879438734644136e-06,0.009647803000410071,0.033264285433271146,0.019568355050031516,0.01581532957261772,-4.1760238129184835e-06,0.0,0.004109906599517543,0.03902378412132923,0.0,0.04011296733865183,0.034060944600228016,0.011542002477788416,0.037592000386529933,0.0,0.021947714568405052,0.02739513819903322,0.01875845830521905,0.043837314034915364,-0.004089442717260583,0.03407615358347976,0.029596288472614196,0.01699484508109378,0.02823651536114008,0.033320052811117995,0.010770418499182477,0.03906112536743189
-0.025861864033966342,-0.005388931273650532,-0.013348431845089881,0.01340001351428427,-0.0020516101832376843,0.002136810195353611,0.01759963294874467,0.022522475210416892,-0.001994128984697807,0.019941514799484306,0.007081383197695967,0.017555729853761415,0.010293595480812823,0.008188758157233023,0.004436042238585236,0.0017738939514341245,0.0092282389791834,0.005345376943613311,-0.01966096360743108,-0.005318889246378078,0.024008163297299323,-0.005066476149596766,0.0,-0.015419692925917883,-0.021737190341964363,0.006057902204275878,0.01603758675961331,0.010559856182625449,0.008233047049675257,0.00624894867793363,-0.0037417933742383003,0.018766667350949784,-0.005005067050721734,0.001353585554052128,0.0077192293447777005,0.03386028797983681,0.025898190008292243,0.009152283845631826,0.04216666887475068,0.06501746035701816,0.04823637966717703,0.05548866193473134,0.03193654772749022,0.03570470048201119,-0.00245759912389798,0.0033951290087613772,0.02175832717620707,0.07515153850020678,0.0257599341142416,0.03358925743414687,0.014977383547118195,0.02412749731906605,0.010721959595191344,0.055344073827503726,0.02324574984660821,0.10110906773822259,0.04533133844145487,0.027013132864384393,0.05920787605925737,0.035735744743238984,0.02453085691075879,-0.00011578744337359392,0.002519909285401356,0.10188255013108971,0.039972020355895144,0.02657727217612671,0.016928776195317186,0.0371649958752992,-0.0004462217534123014,0.013872005247155983,0.016384157947172184,0.02352357154110324,0.035049071281875954,0.04598855378061495,0.02441471501761644,0.048472313268793865
-0.01760524358212623,-0.0036693048077519053,0.0101056231066598,-0.025112927942541607,0.02783366483599381,-0.022983955870020778,0.016013378666699274,0.011586665089290071,-7.64099995996248e-05,0.004903683869696085,0.032082515901543984,-0.020137385659686313,-0.008326147215224344,0.021184958989835967,-0.04149867054956269,0.01692903403552881,0.03596891272045122,0.028291416900786792,0.005826097899165439,0.003712358763092005,-0.03239860290753954,0.007844514111936651,-0.015419692925917883,0.0,0.008758302516585714,-0.006720031855102893,-0.03424261146380825,-0.0030273822140116646,-0.02185713698602082,0.01484742371206682,0.013983487560168872,-0.021269206942059415,-0.02279885396552142,-0.01648992164878904,-0.010325171421350865,4.7586487450401727e-05,0.011223228271282526,-0.038607274866737984,0.022289533303331777,0.01304874506077719,0.001514871850861188,0.02767513659763493,-0.005854822532716353,0.00477626303381834,0.005199385020927427,-0.05283529204529486,0.015744547275633958,0.0,-5.551115123125783e-17,0.00045733918880874747,0.0003635446648748153,0.00039189491387403574,-1.6653345369377348e-16,-0.0008147105838551827,0.027188249925565455,-0.0005993461365638719,0.00045588559353654245,0.03913492538482022,0.0,0.0016934267121780922,0.020382733207297943,0.012824356256050606,0.014663376019140417,-5.573253391716326e-05,0.0009317492157098206,-0.0335269525905349,0.028866935739773003,0.0014162774128272937,-0.06308682648153652,0.006017628095750127,-0.00043522792973577085,0.0021852909953069544,-0.03276560756400765,0.01148967175133142,0.0,-0.0051674371747166825
0.008089828904375762,0.009308083828565128,0.005503786654803833,-0.00030380702860566267,0.038980251434533986,-0.02289241942746001,-0.004032947449524205,0.0379093381530653,0.001621744859827856,-0.00342908577979939,0.027681514856353173,-0.008293627541212323,-0.010374042861963306,0.011298594039872156,0.003065982007718626,0.006419773648058513,0.005813103952899856,0.008296685067929743,0.018916262827909924,0.004762448351687099,0.00047385278963535393,0.004705642096483387,-0.021737190341964363,0.008758302516585714,0.0,0.013367663713733657,-0.006218494643676409,-0.00288648202001901,-0.007040430059057523,0.016059464349090447,0.00937485578570385,0.023311256222752486,0.018729491554555666,0.021966771559891962,0.04589926640214642,0.008895235034652726,0.0022689657877869585,0.04100986299579118,0.02712182717217193,0.03511255906056504,0.035491390033157266,0.03911915855863929,-0.005652278600850824,-5.551115123125783e-17,0.03249548166396515,0.02085927275482885,0.029305560070761294,5.551115123125783e-17,0.0,2.220446049250313e-16,0.02073858380054938,0.015383910659920064,0.0073157095660590366,-0.0012924292781936186,0.029491896670139517,0.0008151510033869713,0.018474802042603544,0.01811771017137287,0.0,0.03216187811463739,0.03372670176318443,0.04432776144926548,0.034977760994956364,0.0,0.02485784192041607,0.01576771944824895,0.04016450844742053,0.02094980283364234,0.003865762879182333,0.03249701184156062,0.032934286306381066,0.017904489214511488,0.032494569249213456,0.026087004751859377,0.0,0.03656618461357547
0.013800238794555664,0.0216447245924255,0.02273693595879378,0.015239689895445108,0.0010043077072263706,-0.005294796307372784,0.0023498528165595833,0.023761300463191415,-0.006480508137724272,-0.0150122899309027,0.03588645873819485,0.01752639975700815,-0.00354102445777299,0.024984153699774414,-0.012030424462227518,0.006287753154777143,0.006459067156787679,0.010611755039356963,0.02442865804710692,-0.007425766955565738,0.016761955106185555,0.004567613668138293,0.006057902204275878,-0.006720031855102893,0.013367663713733657,0.0,-0.015600335300739232,0.006462843079187486,0.001743130275463134,-0.0006109658652030392,0.0006312853407463015,0.004333220039201724,0.010029160091591771,0.009447975327731117,0.017515315749296545,0.04055360143247544,0.002531187662848544,0.01848828108202466,0.011887146509181323,0.02266560949946811,0.03112620713429981,0.005618363246442548,0.017976909424522847,0.00010882065148359876,0.013231941909617073,0.01649865874362849,0.038634903823893285,0.016148780494789294,0.0,9.070121399001874e-06,0.01786171071929621,0.025840308519673227,0.013352243330651159,0.01403370695534123,0.026219974537203206,0.0,0.014470963561374062,0.008504739868504863,0.0,0.044945232696282145,0.042071296278171244,0.04038763973653603,0.0339762038515366,0.0,0.011873236900494688,0.007838908199661154,0.025724551857024047,0.02732115798634488,-0.023936350053617828,0.03121374558036777,0.02854347247979544,0.016761453789266634,0.0023227165417730733,0.01596521723541089,0.0010835846694450257,0.03201217345480811
