0.0,-0.027428973562624914,-0.02764426507775708,0.0,-0.03054194140172478,-0.05592838787907922,-0.04086281747696696,-0.01788963287493367,-0.031426644202807996,-0.032989196776396834,-0.025195653836711907,-0.040989426126442186,-0.032159049524800976,-0.027668442515668912,-0.02570268021116423,-0.021432396192967218,0.011252568391109274,-0.018349447842239686,0.0,-0.030096807638357925,-0.011408440625772065,-0.03759041252498185,-0.028751267568139838,-0.02834536507173241,-0.019996386903873287,-0.01920975270105063,-0.026881918519597037,-0.04746010470805312,-0.01854582357143958,-0.029416380075693083,-0.034275092979860144,-0.013254048769955562,-0.015078788775487018,-0.02146097240961581,-0.0018820890531306422,-0.014405707370814869,0.0003543282917365387,-0.020791530831687777,-0.027857585697836307,-0.026836156156490154,-0.024724349004054125,-0.013469481342046286,-1.0469337575591542e-05,0.0,-0.013162070880426036,-0.06649449019675935,-0.04938194899293702,0.0,0.0,0.0,-0.024681587648981818,1.1102230246251565e-16,-0.03968738130894717,0.0,-0.049333935116367966,0.0,-0.038498280982934174,0.004529549259951915,0.0,0.00037783206413283255,-0.03597938751906038,-0.04887706915757012,-0.030776325374854085,0.0,-0.034003345753929104,-0.044127316610566625,-0.0310302083082043,-0.04013032556659529,-0.028536311047378526,-0.031047923707627156,-0.047991859137791526,-0.024498232903377937,-0.00017812991730087324,-0.042373122335633784,0.0,-0.04579198740893381
-0.027428973562624914,0.0,-0.029009116476549968,2.087150523327752e-05,-0.020775892164677123,-0.035994080384586735,-0.021441811740358863,-0.004053321652745745,-0.04411612443789398,0.02743147627265935,-0.009368378647549302,-0.003696018039268334,-0.01653781617375355,-0.007564553967911447,-0.014778769283895765,-0.02993429459213698,0.01506731872610767,-0.02853677479820771,-0.016491211639423853,-0.03238865280274,-0.02058215118528889,-0.03622678523415035,-0.02086602716958058,-0.02338184437400226,-0.03206083202632132,-0.036897342167154734,-0.03569615139797189,-0.006501368168191579,-0.02306817494230523,-0.027380131274624575,-0.01852286907571754,-0.016936683446436507,-0.021132335900405308,-0.013407946361284062,-0.012731553430552767,-0.03755734574717379,-0.001025690601318241,0.0,-0.027163405692249898,-0.02148574723137142,-0.025833711224989564,-0.02593667384747994,-0.0098623208503959,0.0,2.220446049250313e-16,-0.04772608260765293,-0.04287682276058441,-1.8525118794021633e-05,0.0,0.0,-0.03207284300385116,-0.02910198811320719,-0.035405611281014215,-0.03225828509614087,-0.0057842282277034696,0.0,-0.02430552501278871,-0.030019561641309922,0.0,-0.0068435221667578205,-0.030321456183229623,-0.021114733241633044,-0.015488009075762366,0.0,-0.0317960559547078,-0.012121537819512307,-0.029630109800477478,-0.037522372434769746,-0.034385104433284186,-0.02245674585207935,-0.03642643067109119,-0.037114833377857426,-0.02199932343117389,-0.032632880524865626,-1.1102230246251565e-16,-0.0316088179023184
-0.02764426507775708,-0.029009116476549968,0.0,-0.02489318940219959,-0.02578609176489649,-0.05671298761307697,-0.039578220641407924,-0.050858287154472936,-0.03262562947166908,-0.036693648061344564,-0.050243097606954334,-0.03521387430817979,-0.025284084843905152,-0.047726642638856454,-0.04305719471627567,-0.037974654820529974,-0.03348525903737154,-0.026537686153401907,-0.05664459422372309,-0.02392683565191872,-0.05136584582625636,-0.03438553588268556,-0.04340043345826533,-0.0419424338690329,-0.031909986367769094,-0.08157416956458419,-0.023080637093310985,-0.017732829959314578,0.00645757789666862,-0.010009541489641283,-0.006105565312999717,-0.04304770367168437,-0.013068797100609708,-0.017229295866522665,-0.02267062997273006,-0.04000450292266222,-0.035245323802537365,-0.020952154095151665,-0.04042070529167491,2.1441659869836371e-07,-0.009835235104725504,-0.042381824803308876,-0.013288902643823985,0.0016896292592053497,0.0,0.0,-1.47641426223033e-05,-0.13966237406411325,-2.351441203640725e-06,-0.01949660695827371,-0.03455464639246997,-0.027880310644110784,-0.019005468970048178,-0.008265731180308933,0.0007295393076951484,-0.12777460030237142,-0.026099599735438794,-0.06763173162505282,-0.07194155322698514,-0.0001139219883183884,0.0,0.0,0.0,-0.14752529433532732,-0.01943387375445993,0.006466280423348569,-0.0002274029414712775,-0.041461551974955824,0.0,7.019260430851659e-05,-0.04853944921009118,-0.027638403178605886,-0.05201333255661711,-0.04173009237610126,-0.009287454935203443,-0.03476744456461622
0.0,2.087150523327752e-05,-0.02489318940219959,0.0,-0.0455644423440853,-0.03683473298190687,-0.048823786400845615,-0.03410410906679712,-0.02215741466455934,-0.024033877671584852,-0.03262492626818181,-0.04679934438272104,-0.040345451037826885,0.014341938468332371,-0.043006620179379285,0.0003383536133585996,-0.004722411202586041,-1.070773199102204e-05,-0.018994578017081487,-0.03528309378601402,0.00018512559880839996,-0.029009772431563552,-0.04467108332654263,-0.016328153703306147,0.0004577579389973274,-0.031900079187763664,-0.03773350103862033,-0.03337650852871307,-0.03496691795007939,0.01593889890004574,-0.0072749356146697974,-0.031223267850609637,-0.028761826149596548,0.003916035290563613,-0.00892789090046675,0.008038743853219066,-0.03536988608704736,-0.00977300194053815,-0.030443515689839384,0.0002920550112555098,-0.023161624664830016,0.00074365743849375,0.006910661962302667,0.005017780635642732,0.0,0.0,0.0,-0.0005121273389357417,0.0,0.0,-0.029421614108090854,2.220446049250313e-16,2.4506070499752397e-05,-0.00021800882580907954,5.551115123125783e-17,-0.011257915224388237,-0.012125316274766373,-0.00027842765908875355,0.0,0.0,0.0,0.0,0.0,0.0,0.0,0.0,2.1606983570676697e-05,-0.0405344903947884,0.0,0.0,0.0,-0.03929295273284278,0.0011176410756576494,0.002428124524684827,0.0,0.0
-0.03054194140172478,-0.020775892164677123,-0.02578609176489649,-0.0455644423440853,0.0,-0.04088826583769434,-0.05580885408070657,-0.08463262036256336,-0.011424655898933211,-0.051218969572780215,-0.0416600493699808,-0.05218214882829958,-0.036440661669972285,-0.03909864441334243,-0.023095980122786075,-0.024184306371475672,-0.03314602993712901,-0.028381951260767257,-0.005095093392725625,-0.03308918416056811,-0.03911223127290797,-0.02245064258651941,-0.06585053433613536,-0.0665864451663622,-0.042443702755404544,-0.052201481156723684,-0.036572215377751516,-0.06658451768093088,-0.023881187828811046,-0.005261330903231887,-0.032791271857434634,-0.05935139344885498,-0.03809134029629213,-0.0433629923685277,-0.04431636638772535,-0.04277609095688553,-0.04090403359757824,-0.046861917662354646,-0.10541272479293406,0.012468729945974866,-0.04184672852437232,-0.0017340225204204862,-0.027191884230625185,0.07246853565388361,6.926679694896354e-05,1.1102230246251565e-16,-0.009588865017984338,-0.03714126264425738,0.0,-0.05184995362100425,-0.0559292300571847,-0.028997633813189483,-0.004290015691688298,-0.028873486744239563,5.551115123125783e-17,-0.012828426547084437,-0.06275555697154095,-0.035894427897414094,-0.04218598379757438,-0.005229990981651833,-2.376325312958283e-05,0.0,-5.551115123125783e-17,-0.04685633221665314,-0.03265232766564763,0.00015376217627105504,-0.02908204978599155,-0.0513734553191425,0.0,6.874455037664262e-06,-0.02734999807792804,-0.04143508545740321,-0.031025174410941103,-0.029236916909162303,1.1102230246251565e-16,-0.047713097165663576
-0.05592838787907922,-0.035994080384586735,-0.05671298761307697,-0.03683473298190687,-0.04088826583769434,0.0,-0.04561013894820537,-0.0612294586342389,-0.018314030742469123,-0.03252219392229716,-0.0354158988688732,-0.03437595692686923,-0.04442573040633396,-0.06362233118488597,-0.0515625202126897,-0.02989574594786909,-0.015998552759837636,-0.018318179708848192,-0.0719809272154791,-0.04757629981723793,-0.040859056093970225,-0.044602766035945485,-0.04844471199998884,-0.06794636328537035,-0.05199152564385179,-0.0521284105325131,-0.049397189199517855,-0.033110410842476345,-0.029492962968446834,-0.021303688852853997,-0.02359202977606456,-0.04764305004288155,-0.02218549690962851,-0.03553595420582134,-0.06000309983506552,-0.06431966768688852,-0.03778438907480863,-0.03185058763089721,-0.08551027969729086,-0.031464047104460435,-0.06000127870357219,-0.025842128964762734,-0.02803573037119328,-0.03234693695747015,-0.023439796999126183,-0.03811428305560616,-0.0516440205151133,-0.04674910590743425,-0.024502249973130885,-0.041634970989397224,-0.05538868357474008,-0.054826636220448366,-0.04737200419678894,-0.03378172905668397,-0.06130211151653947,-0.04036757534822438,-0.057912799179272445,-0.06273046291554474,-0.03477414069137058,-0.04345939536528587,-0.040115029844936145,0.0,-0.017218915715319083,-0.045378623730419065,-0.043781091532503646,-0.058720041887217356,-0.04824981747755508,-0.05768051591485229,1.816771223533964e-05,-0.03491197837113735,-0.04789014307928313,-0.05067484611517392,-0.054872235028210425,-0.05016221126172565,-0.03439444281324955,-0.05525282115159136
-0.04086281747696696,-0.021441811740358863,-0.039578220641407924,-0.048823786400845615,-0.05580885408070657,-0.04561013894820537,0.0,-0.06912371267186862,-0.01804260131336005,-0.054874628528845226,-0.04751717252134097,-0.0581079166836137,-0.0356128369720769,-0.031077696496646823,-0.009183462750515403,-0.021270903954548503,-0.047332999128963105,-0.017370850814430794,-0.029080609735385676,-0.025147603327272228,-0.046733707178519324,-0.024110781340825838,-0.049464701708074266,-0.04517298344573506,-0.02987628918665647,-0.03410102802516135,-0.039910474648817584,-0.02128864792989882,-0.0320632905664906,-0.03472694962152478,-0.03790527467787186,-0.055304797846799036,-0.04173129308835016,-0.037486236896264624,-0.05490972936306987,-0.06621632624366289,-0.06146194776666844,-0.054339609698627445,-0.1402428161064092,0.0029325434121547644,-0.1130877867314945,0.026388289410707255,-0.027154321950344507,0.0024518261419753107,-0.02250768372256523,0.0,-0.038147242187708374,-0.05832610465028065,0.0,-0.03986930809823175,-0.058619490957573295,-0.042455151091561394,-0.028626946215297266,-0.051617921628723695,-0.026505708673076944,-0.08373443773326555,-0.061893896025289274,-0.041721550247647954,-0.026134493327891306,-0.023081261749079762,-0.028738106590742163,0.0,1.4863094280670452e-05,-0.03271615905257946,-0.028623711221785808,-0.02587313675493086,-0.034698831409640696,-0.05442154497422641,3.303310413627081e-05,-0.02709247343024912,-0.035500329237413364,-0.05025535061776043,-0.03258542327183139,-0.03303653677933316,-0.015101687627870009,-0.031319563620433866
-0.01788963287493367,-0.004053321652745745,-0.050858287154472936,-0.03410410906679712,-0.08463262036256336,-0.0612294586342389,-0.06912371267186862,0.0,-0.028421598876461895,-0.049686887158213955,-0.046325001428058954,-0.051277419790092094,-0.04258167280945513,-0.037984514393370195,-0.026839117279501057,-0.010257241525600536,-0.006511247737150394,-0.013177951653800979,-0.05510886731403547,-0.04155384720742217,-0.05677275531441289,0.006934220060244689,-0.04725154192321873,-0.021036884692676228,-0.03344164766731156,-0.0162627537823839,-0.03866585580490961,-0.03371710956336993,-0.04198169649791733,-0.024946605042238557,-0.028235870948646824,-0.021609910422943135,-0.00619521507751275,-0.030102394047120784,-0.030616574463584734,0.005152756160263228,0.0047393287605975165,-0.08567520842268006,-0.052711512852112063,-0.043820440622858,-0.05994025303993494,-0.022013706862203164,0.011279514477993968,-0.012618742669941008,0.0,-0.05642124861696668,-0.020675804564903144,-0.030370139090570625,0.0,-0.03666387416294903,-0.06405270496037702,-0.05645904564044474,-0.029685790845651094,-0.021997728923444648,-4.301823502039781e-05,0.004404980991077834,0.00010709374032491503,-0.05974995348728346,-0.019883220081651,-0.04321063849752804,-0.013751255038715604,0.0,-0.0002069954725831269,-0.015332477574997005,-0.01602272122656212,-0.014406441718809004,-0.044050778159472836,-0.05626572977618172,-5.551115123125783e-17,-0.03152032359727869,-0.019214797086574087,-0.05943790063516713,-0.06030049098575846,-0.05551381973041214,-0.038319601772029255,-0.057512163749369516
-0.031426644202807996,-0.04411612443789398,-0.03262562947166908,-0.02215741466455934,-0.011424655898933211,-0.018314030742469123,-0.01804260131336005,-0.028421598876461895,0.0,-0.023629599635440812,-0.0008456917828225108,-0.021956067851204242,0.010664288377416564,-0.027038412781063503,-0.05640972906216918,-0.04980144197207825,-0.02985551597892283,-0.016893721412675367,-0.019070614403187525,-0.056747945646254516,-0.03898152747112432,-0.04920803715012456,-0.03871679857743687,-0.029431622570756377,-0.05503623598563606,-0.06953177336300537,-0.01920811570296299,-0.014560544124095798,-0.024511950559558682,-0.011912138076308532,-0.008777029439772988,-0.015152948622058182,-0.015493348451211364,-0.014976662142764663,-0.029183649829918223,-0.025697418446628206,-0.022534334332217187,-0.020587205966331013,-0.08488605179705849,-0.012747972995164503,-0.06161601839613262,-0.05604028271645706,-0.00826025980920092,-0.032608494077016825,-0.019351866083027303,-5.551115123125783e-17,-0.035850678245744894,-0.021897882416715753,1.129643379893519e-06,-0.014076458868966468,-0.034878738199963955,-0.03457095603566407,-0.0013003164944587198,-0.02690344820157098,-0.02323314432280854,-0.04136691844059093,-0.018934709130039473,-0.05509115710413337,-0.013815464919154585,-0.0284779500513887,-0.018170707616438686,0.0,0.0,-0.030614787216632133,-0.040700046795183076,0.005577070951852614,-0.048275140859383614,-0.02596663794453269,1.3902885773020568e-05,-0.014737491602455188,-0.04880252207449759,-0.025440799399999436,-0.03561413666045521,-0.029036829621477744,-0.02718959229462925,-0.022676199693455912
-0.032989196776396834,0.02743147627265935,-0.036693648061344564,-0.024033877671584852,-0.051218969572780215,-0.03252219392229716,-0.054874628528845226,-0.049686887158213955,-0.023629599635440812,0.0,-0.03209842267004165,-0.030340415499070017,-0.0488523494486115,0.005837101989298377,0.03100077724932432,-0.02061336812750625,-0.036330144484596705,-0.04258697900674169,-0.04185106539276634,-0.00941066357149034,-0.045936657938307035,-0.017917659040617262,-0.043220427390914806,-0.03976131115399406,-0.05968055016379087,-0.04419173433970047,-0.030271770144059296,-0.03995517985456126,-0.021119852083585078,-0.037883201409067535,-0.04075229264569985,-0.03328813317562407,-0.015550185804350691,-0.016030315384957472,-0.0016947875329576534,-0.023613559375565307,-0.03799014024668812,-0.019242046579250383,-0.06122745213909425,-0.021457254767810685,-0.039180090766794184,-0.11357119114541708,-0.057620121867663576,-0.018326923009252594,-0.05219539718203381,-0.029963548413220464,-0.011508916576100814,0.00012342309894919357,6.414271601584698e-06,-0.03761921768747484,-0.05741279601780991,-0.07367149173937915,-0.014238494535611379,-0.03523951133292558,-0.04480979214271319,-0.025919162491025827,-0.033171066228215196,-0.04011183646283395,0.0,0.0003740843385968695,-0.002955799137598969,-0.033961292605702076,-0.02527365714293739,-2.108404688117016e-06,3.425624838948593e-05,-0.02592541912195978,-0.0064193179669526645,-0.04997949415514508,-0.07796511681515317,-0.022955366710321057,-0.042043635717220584,-0.055163680674870263,-0.04169439736953001,-0.050092879001959634,-5.551115123125783e-17,-0.01227889823020828
-0.025195653836711907,-0.009368378647549302,-0.050243097606954334,-0.03262492626818181,-0.0416600493699808,-0.0354158988688732,-0.04751717252134097,-0.046325001428058954,-0.0008456917828225108,-0.03209842267004165,0.0,-0.03255714771065632,-0.028324982516168218,-0.026466298390679988,0.0,0.00010070923632515827,-0.03758348544195306,-0.038022893616737,-0.054710731374874255,-5.155641210208284e-05,-0.030124369175571486,-0.022238424891690978,-0.0405131102371975,-0.042078996313546335,-0.032500828893202605,-0.027125094032725727,-0.020983761512304244,-0.02090278452281852,-0.030584011563836166,-0.01648292751446412,-0.030202996849256758,-0.029030030407250218,-0.03989202474272946,-0.032798817610985964,-0.03633056617925923,-0.005455370698618012,-0.029775931849307324,-0.03436282326482004,-0.052354916734893286,-0.010635873622171721,-0.07599695310050003,-0.011143092575353675,-0.01602148684815341,-0.018343184377919097,-0.01089075948718915,0.0,1.1102230246251565e-16,-0.1630284433288927,2.1874165984092642e-07,-0.044452703706107266,-0.03871319744514534,-0.052093169864399214,-0.02594897254816808,-0.032615168873126266,-0.04021644564142568,-0.08584931369379595,-0.03315868903885277,-0.07044755318090978,-0.08206868220431768,5.551115123125783e-17,0.0,0.0,0.0,-0.1018716351946733,-0.013376579471689576,0.0,-0.00010522432771886692,-0.037744663504649056,5.551115123125783e-17,0.0,0.00011699867979891865,-0.028066116237412175,-0.03799994954427449,-0.014938943089000789,0.0,-0.03652931551454519
-0.040989426126442186,-0.003696018039268334,-0.03521387430817979,-0.04679934438272104,-0.05218214882829958,-0.03437595692686923,-0.0581079166836137,-0.051277419790092094,-0.021956067851204242,-0.030340415499070017,-0.03255714771065632,0.0,-0.04978484942608974,-0.011649935583492255,-0.00913703840441199,-0.025157956000417203,-0.03263139312138397,-0.034532372361977426,-0.037120284825824634,-0.013241179356125843,-0.021941816189394447,0.015442844096166197,-0.05243330426876841,-0.04027813657836149,-0.05874412552373415,-0.031891115522655444,-0.03251150440895112,-0.04209019726471458,-0.036975853942768255,-0.06541014541372431,-0.039620796095649335,-0.022875622652507865,-0.010629026867361335,-0.02154678878421526,-0.0053144636167653525,-0.016659055125824107,-0.033201931430134723,-0.02046859319361427,-0.05185965041365451,-0.08219338086318012,-0.037603368461314124,-0.04577372115948747,-0.041486145054282275,-0.040053029297001636,-0.03763278189258007,-0.04899507165737205,-0.02058825213657628,-0.03534246482038511,-0.014800058051379905,0.010244863787392311,-0.044144267007698634,-0.07537412978770491,-0.03398207262348041,-0.02999363501458946,-0.04250317140278448,-0.031928299421628004,-0.033685654285141586,-0.05042948527921265,-1.3820577992762484e-05,0.004418216015336207,-0.004063208498882476,-0.029043047948637102,-0.0383637441321516,-0.02807406546719976,-0.0015037056350812872,-0.03529658745998587,-0.0061108386545079,-0.06426058799927292,-0.07471554917089085,-0.02971027062955839,-0.042728428420022,-0.0510144591374701,-0.07979754490178692,-0.003074651689049579,0.0,-0.031348740542625875
-0.032159049524800976,-0.01653781617375355,-0.025284084843905152,-0.040345451037826885,-0.036440661669972285,-0.04442573040633396,-0.0356128369720769,-0.04258167280945513,0.010664288377416564,-0.0488523494486115,-0.028324982516168218,-0.04978484942608974,0.0,-0.0022686924886856086,-0.014563017017619972,-0.021772200972490885,-0.05112086076042377,-0.03688226919913562,-0.019568191172997518,-0.02394660241417962,-0.031419394906806064,-0.021511556751899696,-0.030146174251709068,-0.04159811774371602,-0.027582341439420344,-0.032382490780544115,-0.021392817373937056,-0.019382918704727248,-0.03621258609390893,-0.048903207186247744,-0.04300202066196396,-0.04210712423025981,-0.023370794277956963,-0.04888775641814369,-0.04549532756685598,-0.04402232705415554,-0.04257839484773418,-0.043517850226680754,-0.08755282242497553,-0.01745952127266842,-0.060536606910921165,-0.08471053568984255,0.008730485913728492,-0.012299714736981493,-0.01679444150464432,-0.017367921586156132,-0.03221591903563159,-0.054798739947106934,0.0,-0.03829623285500128,-0.045142763380473516,-0.04615731999814576,-0.03597024079693689,-0.035971226540697565,-0.04327968424356737,-0.048953649176829706,-0.09839808356975738,-0.04080759324102312,0.00456113575402084,-0.032209064887938954,-0.02684435220125886,-0.026339985752059925,-0.03028900253813893,-0.048717201580725955,-0.02596157769550611,-0.03292385823728289,-0.0357192228630947,-0.04710959947099064,-0.0005232475554238225,-0.0374306348792986,-0.027863775348928088,-0.04300476809043091,-0.03696379767012742,-0.033855160904456005,-0.03850727726337555,-0.03312296971780104
-0.027668442515668912,-0.007564553967911447,-0.047726642638856454,0.014341938468332371,-0.03909864441334243,-0.06362233118488597,-0.031077696496646823,-0.037984514393370195,-0.027038412781063503,0.005837101989298377,-0.026466298390679988,-0.011649935583492255,-0.0022686924886856086,0.0,-0.01681212159402573,-0.0004945206115842815,-2.9392528185068212e-05,0.00010144296282432741,-0.05440592300295333,-0.008547672605367373,-0.03519069786736717,-0.005320845930569196,-0.03458463116120314,-0.052596718722788705,-0.007243321657765478,-0.037213742503212965,-0.02923112767421915,0.01562782776600319,-0.05703043093970389,-0.008613305534041382,0.014383129956008656,0.01620786560063242,0.01106028124675451,0.003910289884572538,-0.014715737052354683,0.018953734942474848,-0.015363850200312917,0.012299704026076497,-0.038307780170849126,0.0,-0.01173915714083773,0.0002510751715492088,0.0032940404030495363,-6.296475960620995e-07,0.0,0.0,0.0,-0.017208984219612755,0.0,-0.02652328807866755,-0.01722727351183323,-0.03528949465657821,-0.027036689912122158,-0.04791023619905799,0.0,-0.01611531318187176,-0.00022386105070049123,-0.020860431429770177,-0.0538940394510673,1.1102230246251565e-16,0.0,0.0,0.0,-0.02846445546476728,0.0,-1.1102230246251565e-16,0.0,0.022622957821866185,0.0,0.0,5.551115123125783e-17,-0.03420290674845894,-0.019594598454364176,1.1102230246251565e-16,0.0,5.551115123125783e-17
-0.02570268021116423,-0.014778769283895765,-0.04305719471627567,-0.043006620179379285,-0.023095980122786075,-0.0515625202126897,-0.009183462750515403,-0.026839117279501057,-0.05640972906216918,0.03100077724932432,0.0,-0.00913703840441199,-0.014563017017619972,-0.01681212159402573,0.0,-0.01033007243802242,-0.01530931119971074,-0.008904234214139828,-1.1102230246251565e-16,-0.005981990915454427,-0.031129647099429503,-0.045193923607127484,-0.028625103514031136,-0.02014709987137875,-0.010402282409599006,0.0019109584544554914,-0.025934310636083036,-0.04010689349020752,-0.022029204411088577,-0.02325931190073971,0.00013142917100206208,-0.009946536238704395,-0.0026263031786770696,0.011487441521124242,0.0033007161813178865,-0.004422100056398093,-0.02022450274519838,0.00010426017036269108,-0.0059182005186677045,-0.009514081163268295,-0.006868823587274586,-0.014885532165483717,0.012261046696359135,0.007013182673478835,0.0,-0.03244062371816597,-0.03218169360796169,-0.025381348081033428,0.0,0.0,-0.023817197299023762,-0.02463218620834262,-0.04326530166207854,-0.011472513823195585,-5.551115123125783e-17,0.0,0.0003325146538553092,-0.03529100973225363,-3.58573523717709e-06,-0.004278444869040554,-0.021941353257762808,0.00012533843816892043,-0.021303208084184677,0.0,-0.017279082583656957,-0.03216364276274408,-0.003514968713587141,-0.029100032119798114,-3.820869555315465e-05,-0.02665325238400107,-0.023195237350177644,-0.02530645282142563,-0.03330713764148713,-0.02074564956645758,-0.03963731488359268,-0.012048659235002035
-0.021432396192967218,-0.02993429459213698,-0.037974654820529974,0.0003383536133585996,-0.024184306371475672,-0.02989574594786909,-0.021270903954548503,-0.010257241525600536,-0.04980144197207825,-0.02061336812750625,0.00010070923632515827,-0.025157956000417203,-0.021772200972490885,-0.0004945206115842815,-0.01033007243802242,0.0,-0.03279967630833136,-0.036329448839217904,-0.0001486296443837798,-0.041866310950270935,-0.029663153679628518,-0.03239443227349159,-0.02198323680866454,-0.021927186820506372,-0.04115201337671498,-0.030192455505284654,-0.021992210599919237,-0.020082673871357704,-0.02996562187344759,-0.015640299818290238,-0.02744791188255663,-0.011825370950237835,-0.014524178672384813,-0.023544599662133292,-0.013378764701228507,0.0016432247606791295,-0.010796665751897527,-0.03789508042115802,-0.01621096362883717,-0.005561998772125543,-0.01985148406512177,-0.016295280760023345,4.675525163422289e-06,0.0,0.0,-0.046056967205491406,-0.035536244191983146,0.0,0.0,0.0,-0.023566961203187242,-0.018585778087306104,-0.03545111586539812,0.0,-0.0038275739258176733,0.0,-0.009688369057737622,-0.021573923569995712,0.0,-0.01852250912245701,-0.02575027340606395,-0.0026805113773158418,-0.021839722149715246,0.0,-0.020254019833857217,-0.03458846288844625,-0.03079529010001808,-0.022301515050116516,-0.035648841823402055,-0.029423784789483154,-0.036295443909618696,-0.03337340859932114,0.00621891091484833,-0.020183022542313578,-1.1102230246251565e-16,-0.028208840211722874
0.011252568391109274,0.01506731872610767,-0.03348525903737154,-0.004722411202586041,-0.03314602993712901,-0.015998552759837636,-0.047332999128963105,-0.006511247737150394,-0.02985551597892283,-0.036330144484596705,-0.03758348544195306,-0.03263139312138397,-0.05112086076042377,-2.9392528185068212e-05,-0.01530931119971074,-0.03279967630833136,0.0,-0.04165864661925334,-0.027047314125415334,-0.018149410256444842,-0.0113809483646779,-0.018113823239149285,-0.032787499560650024,-0.04832659597402017,-0.042331446434249076,-0.035858947501355876,-0.015761154702696456,-0.036255650922450866,-0.030676510819521996,-9.927683736582482e-05,-0.03774195526541463,-0.02085241525901199,-0.029214725735159153,-0.03935237350708337,-0.033703604259951614,-0.01832262099609211,1.2965105023243773e-05,-0.03726891181121378,-0.03135229699382358,-0.008578742238363857,-0.035019935142237,-0.01987451209135488,-5.551115123125783e-17,0.0,-0.020966529569264536,-0.033347385304958344,-0.0021056303705550006,0.0,0.0,0.0,0.0,0.0,0.0,0.0,-0.023262910804408787,0.0,-0.02584206277035045,-0.019237789019346363,0.0,-5.222964975387656e-05,-0.019250217015224724,-0.04315526316098428,-0.03989569177187918,0.0,1.1102230246251565e-16,0.0,-0.007761449639016649,0.0,-0.040415860278395443,-0.02892399984819738,-0.036311462404892414,0.0,-0.04020765209463473,2.817737228666406e-05,0.0,-0.005070909743858265
-0.018349447842239686,-0.02853677479820771,-0.026537686153401907,-1.070773199102204e-05,-0.028381951260767257,-0.018318179708848192,-0.017370850814430794,-0.013177951653800979,-0.016893721412675367,-0.04258697900674169,-0.038022893616737,-0.034532372361977426,-0.03688226919913562,0.00010144296282432741,-0.008904234214139828,-0.036329448839217904,-0.04165864661925334,0.0,-0.018631164396143485,-0.030354280368567077,-0.009538906082112608,-0.03051340177788714,-0.024155254136450754,-0.054125201921904786,-0.04706276552634481,-0.03585829566713972,-0.013959999837672765,-0.03585145040717985,-0.018970393214347236,0.007600154564730177,-0.04876982034853927,-0.020971531224703188,-0.036192656251101296,-0.05054180746518999,-0.04760709881403691,-0.004905573965778232,2.1608097878100807e-05,-0.012352817413256334,-0.01116125311724242,-0.014031127795621323,-0.019624568027429734,-0.02723026836434972,0.0,0.0,-0.025090121658558395,-0.05405901586680567,-0.03975309629422119,0.0,0.0,0.0,-0.017853536237188605,9.112828539520335e-05,-0.00039409896666275923,0.0,-0.02032531869059384,0.0,-0.028404052496417365,-0.02395200429049066,0.0,-0.013364135426748636,-0.03275881979124057,-0.036297079394249976,-0.03514151954329736,0.0,-0.021076081534631974,-0.025130425736863637,-0.02825220151033203,-0.015968704376648546,-0.07517720646377968,-0.04065618744679789,-0.04280533981086643,-0.04232993988768469,-0.027124613791501495,-0.03195698091884375,0.0,-0.02423370057735086
0.0,-0.016491211639423853,-0.05664459422372309,-0.018994578017081487,-0.005095093392725625,-0.0719809272154791,-0.029080609735385676,-0.05510886731403547,-0.019070614403187525,-0.04185106539276634,-0.054710731374874255,-0.037120284825824634,-0.019568191172997518,-0.05440592300295333,-1.1102230246251565e-16,-0.0001486296443837798,-0.027047314125415334,-0.018631164396143485,0.0,0.0003339806392193001,-0.022907402457940318,-0.01617019247294421,-0.06428044091314516,0.00528518900410474,-0.01742506120416687,-0.015422722913112918,-0.029388965010694157,-0.016208812934070282,-0.007880249198864764,-0.02503911081580601,-0.012921611964093083,-0.03502534913675037,-0.0349415716677039,-0.020148271841353094,-0.02065301202964942,-0.04014979483030018,-0.023441456000762195,-0.02662323418587098,-0.09446428723299777,-2.990164796967676e-05,-0.0451057772844648,-0.035953415144958034,-0.013573039315777469,-0.0242813824567637,-0.0005262927733964973,0.0,0.0,-0.0289066902445414,-5.551115123125783e-17,-0.02293549232056158,-0.05031503308919133,-0.041881048596972226,-0.03855665416819731,-0.03245728926838887,-0.00010007153525704027,-0.095988259157614,-0.033505655806381096,-0.04429348098513697,0.03150135629083112,2.220446049250313e-16,0.0,0.0,0.0,-0.08077063489687136,2.4255257993432977e-05,0.0,0.00010745185598304285,-0.04107916572717063,0.0,0.0,-5.551115123125783e-17,-0.036915125526379766,-0.04520782230150705,-0.03712338961819878,8.362141493178932e-05,-0.041564138221828584
-0.030096807638357925,-0.03238865280274,-0.02392683565191872,-0.03528309378601402,-0.03308918416056811,-0.04757629981723793,-0.025147603327272228,-0.04155384720742217,-0.056747945646254516,-0.00941066357149034,-5.155641210208284e-05,-0.013241179356125843,-0.02394660241417962,-0.008547672605367373,-0.005981990915454427,-0.041866310950270935,-0.018149410256444842,-0.030354280368567077,0.0003339806392193001,0.0,-0.030449469482245417,-0.03477278566032843,0.036008016863513514,-0.0352626614085052,-0.034357813180159236,-0.024638262924253806,-0.024177488367214173,-0.012233122443236044,-0.012843802821155992,0.001777680261000003,-0.018767936746574232,-0.03892961773564235,-0.009159489524146192,-0.013105399580399746,-0.016889489785443024,-0.02717757399902787,-0.02278024996716388,0.054292175093275497,-0.017688771642240364,-0.012050568928166805,-0.013669788707915687,-0.049192681901430946,-0.009869719201572758,0.01938673104773253,-0.00011297260408138499,-0.006747733652480048,-0.0335932598504432,-0.036220807955215706,0.0,0.0,-0.03348153100304557,-0.04101082262012373,-0.07371394728430963,-0.018919380454694545,0.00043970074426374905,1.1102230246251565e-16,-0.023169346564303195,-0.04250068389765216,-1.1102230246251565e-16,-0.026738448631874523,-0.018338107524562552,-7.437751471828236e-06,0.004483832395157206,0.0,-0.021227934485252398,-0.04019466399234567,-0.013053151366167748,-0.042498035862160166,0.0,-0.02514580374049863,-0.022440291454670358,-0.04097380971384468,-0.04003808093562272,-0.0321183505275337,-0.041018978290024544,-0.02979402509981688
-0.011408440625772065,-0.02058215118528889,-0.05136584582625636,0.00018512559880839996,-0.03911223127290797,-0.040859056093970225,-0.046733707178519324,-0.05677275531441289,-0.03898152747112432,-0.045936657938307035,-0.030124369175571486,-0.021941816189394447,-0.031419394906806064,-0.03519069786736717,-0.031129647099429503,-0.029663153679628518,-0.0113809483646779,-0.009538906082112608,-0.022907402457940318,-0.030449469482245417,0.0,-0.030984251665241658,-0.04126429888626498,-0.021838987418468958,-0.0330998252202665,-0.016494314982112568,-0.039734577299753326,-0.04280265339309347,-0.0214216450849673,-0.03603523221302274,-0.011103701032649238,-0.026030900307352056,-0.025526140558165322,-0.00857125448033963,-0.02071251680689895,-0.05910175892666775,-0.021807194985389522,-0.0008913214798890179,-0.02102629241658316,-0.03759355287871624,-0.006728048162519651,-0.028914167631227394,-0.033449330448538206,0.0,0.0,-0.015986356531665635,-0.03464325889469255,-0.00993671824487663,0.0,0.0,-0.028090638855746086,-0.05234178889135377,-0.11760965256314593,-0.024723443553908597,-0.02893515373092803,0.0,-0.025110983273054777,-0.04598587593697551,5.551115123125783e-17,-0.02626825844382369,-0.018465405543631686,0.0,-0.01912088254797889,0.0,-0.017979404978733904,-0.009009640880462466,-0.015525333068491243,-0.045681530800392556,-0.004516750801386971,-0.03099992690853215,-0.01804414427385842,-0.0439868213162346,-0.044981409132547445,-0.029716971179131912,-0.02810555960373029,-0.018282380908909768
-0.03759041252498185,-0.03622678523415035,-0.03438553588268556,-0.029009772431563552,-0.02245064258651941,-0.044602766035945485,-0.024110781340825838,0.006934220060244689,-0.04920803715012456,-0.017917659040617262,-0.022238424891690978,0.015442844096166197,-0.021511556751899696,-0.005320845930569196,-0.045193923607127484,-0.03239443227349159,-0.018113823239149285,-0.03051340177788714,-0.01617019247294421,-0.03477278566032843,-0.030984251665241658,0.0,-0.020965307877414074,-0.013463332855375598,-0.03465993334531542,-0.028199900802490963,-0.0320646235312817,-0.0010875997747267219,-0.03219621323469091,-0.004419249269746739,0.0018708520443090904,-0.015640548833546875,-0.014285613791969631,0.000990959314467188,-0.010139305096374673,-0.015597869226006478,-0.01756532813984224,0.0431990688769332,-0.00899854478732226,-0.016065811368918048,-0.017125196837602663,-0.02560543566382084,0.024857087525146482,0.0030670495775918516,5.436995816143764e-05,-0.04668472313040939,-0.035407177938523715,-0.020068387415550837,1.9717518454642757e-06,-4.6048878569626694e-05,-0.03399846615167246,-0.027793162024126628,-0.05181555130581894,-0.037333334875644275,-0.025828019796199086,0.0,-0.014906356729235792,-0.026443958307132975,0.0,-0.021290089497513542,-0.025000262074544755,-0.020717208511386254,-0.01240544118800574,0.0,-0.011136706807433228,-0.028670736822994702,-0.01964895430112762,-0.03147773362245809,-0.017420027090962353,-0.02303340292920336,-0.029357104624279096,-0.029499113162868684,-0.020471079263451764,-0.01641135166699087,-0.006223418781634571,-0.017095330112590568
-0.028751267568139838,-0.02086602716958058,-0.04340043345826533,-0.04467108332654263,-0.06585053433613536,-0.04844471199998884,-0.049464701708074266,-0.04725154192321873,-0.03871679857743687,-0.043220427390914806,-0.0405131102371975,-0.05243330426876841,-0.030146174251709068,-0.03458463116120314,-0.028625103514031136,-0.02198323680866454,-0.032787499560650024,-0.024155254136450754,-0.06428044091314516,0.036008016863513514,-0.04126429888626498,-0.020965307877414074,0.0,-0.029312723865757728,-0.04032672935145959,-0.029786698136526124,-0.03460151586821697,-0.03892000802119555,-0.04673184860388724,-0.04312003080857996,-0.036234980076712664,-0.055991429791273695,-0.027498103200146562,-0.03636263220579117,-0.04897123450609747,-0.04989283606084782,-0.04661100914369393,-0.05088236382823269,-0.06104692600728473,-0.03002924435108889,-0.05149787649740528,-0.07491305774644602,-0.034032614178367115,-0.04731026008268768,-0.008646794789821388,-0.02040829417285195,-0.03578831320233922,-0.025377092599527695,-0.05441154820021421,-0.033492062139337864,-0.060175283724807904,-0.05897822971334293,-0.05773309699084683,-0.040119657404697695,-0.03836068303366519,-0.007048248592619322,-0.04421265226170562,-0.0636018788917121,-0.035111067581901245,-0.039976048403154496,-0.03636177772903759,1.809315302292447e-05,-0.026719354479884105,-0.014632751138790367,-0.03951236202754216,-0.05590946468828761,-0.03727125530366515,-0.05646028484027099,6.972740939292787e-05,-0.028906005866060624,-0.03780342111316359,-0.06033908057658316,-0.05685003214247658,-0.04745342256102897,-0.05866674170134656,-0.05424422565676329
-0.02834536507173241,-0.02338184437400226,-0.0419424338690329,-0.016328153703306147,-0.0665864451663622,-0.06794636328537035,-0.04517298344573506,-0.021036884692676228,-0.029431622570756377,-0.03976131115399406,-0.042078996313546335,-0.04027813657836149,-0.04159811774371602,-0.052596718722788705,-0.02014709987137875,-0.021927186820506372,-0.04832659597402017,-0.054125201921904786,0.00528518900410474,-0.0352626614085052,-0.021838987418468958,-0.013463332855375598,-0.029312723865757728,0.0,-0.04365179343125508,-0.04004702650628933,-0.050915114503272296,-0.031160792758355926,-0.06003236060677164,-0.00962404249451937,-0.03701259126314016,-0.03795455658144503,-0.011286046684746864,-0.0242267789065721,0.018081509426512377,-0.019124912132317207,-0.03934928740588961,-0.010199312930903148,-0.040408979084946284,-0.020904005936855485,-0.05555654065756449,0.017993399189312365,-0.011279678185156516,-0.003357653881837841,-0.037808695925524494,-0.07246989393075526,-0.04347039631726746,0.0,-5.551115123125783e-17,-7.14646397346197e-05,0.02365250190420687,-6.123820026626703e-05,-1.6653345369377348e-16,0.00012730813319311585,-0.05489735283496411,9.36548994139863e-05,-0.0379940366508586,-0.027393387278391357,0.0,-0.00029258899747319767,-0.03333033587090317,-0.055757332061226905,-0.041720005400523064,8.708865444795322e-06,-0.029520121373660058,0.02865792445128984,-0.03860240528756731,-0.00021573198415270056,-0.09007297936837988,-0.043764108525295164,-0.05204979103122792,-0.0035100754878417684,-0.018938721773455847,-0.02590912194730155,0.0,-0.03963417305337408
-0.019996386903873287,-0.03206083202632132,-0.031909986367769094,0.0004577579389973274,-0.042443702755404544,-0.05199152564385179,-0.02987628918665647,-0.03344164766731156,-0.05503623598563606,-0.05968055016379087,-0.032500828893202605,-0.05874412552373415,-0.027582341439420344,-0.007243321657765478,-0.010402282409599006,-0.04115201337671498,-0.042331446434249076,-0.04706276552634481,-0.01742506120416687,-0.034357813180159236,-0.0330998252202665,-0.03465993334531542,-0.04032672935145959,-0.04365179343125508,0.0,-0.04743332030264713,-0.044389975142543,-0.022064487634060326,-0.007966600550688818,0.02172244163038356,-0.03312890527590401,-0.010944846452831503,-0.02720031562715991,-0.035323485570011914,-0.03711983886935505,-0.04456693562594288,-0.007946777008051187,-0.012685376736326581,-0.01418577849271152,-0.01391078517822053,-0.023636303536957615,-0.02348280655255197,0.007822188001032293,-5.551115123125783e-17,-0.02750455333085222,-0.04988921227601628,-0.04146880296157418,5.551115123125783e-17,0.0,2.220446049250313e-16,-0.02799779133577779,-0.044574467324185685,-0.04349215706280918,-0.04152920092514867,-0.019866268162458567,-0.000247133116655196,-0.029060438486841422,-0.030987041350643674,0.0,-0.038820224187484154,-0.033045680100905916,-0.03680878934789528,-0.034070908727295846,0.0,-0.03031906401387552,-0.05748846709634953,-0.03825229341861247,-0.03801170884680577,-0.060984287096775947,-0.03862063608154487,-0.04149815360813436,-0.03354434197104644,-0.012929057726173032,-0.02624649162336057,0.0,-0.026292837374562783
-0.01920975270105063,-0.036897342167154734,-0.08157416956458419,-0.031900079187763664,-0.052201481156723684,-0.0521284105325131,-0.03410102802516135,-0.0162627537823839,-0.06953177336300537,-0.04419173433970047,-0.027125094032725727,-0.031891115522655444,-0.032382490780544115,-0.037213742503212965,0.0019109584544554914,-0.030192455505284654,-0.035858947501355876,-0.03585829566713972,-0.015422722913112918,-0.024638262924253806,-0.016494314982112568,-0.028199900802490963,-0.029786698136526124,-0.04004702650628933,-0.04743332030264713,0.0,-0.037014917405117864,-0.026630011562440548,-0.017040493295223835,-0.017508881746817806,-0.013450647553868045,-0.009544194395011585,-0.01676604176367219,-0.008612637588774397,0.0071703884258028094,0.03999078066602718,-0.00385360531551443,-0.028419033616222333,-0.020484187777158602,-0.01867922636505015,-0.023495566750137142,-0.022800482622395535,-0.042103674092430265,-1.113576585831666e-05,-0.013813959071913462,-0.05401534080390935,-0.045562359582821954,-0.036876331278397734,0.0,-3.9155008628610766e-05,-0.03635096404716481,-0.03453475835882419,-0.04113447316149277,-0.03563425447372265,-0.038385984990615574,0.0,-0.04210786507226122,-0.02797809561291137,0.0,-0.01719120069513269,-0.034999918720962364,-0.04357554192277735,-0.036734037733026914,0.0,-0.022262784060503416,-0.008604552459777592,-0.019741924910089304,-0.029147699220137435,-0.0748356608693726,-0.040507836094827554,-0.04113715092039322,-0.03792514816638365,-0.018172544868348905,-0.03561106831916405,-0.0003533897447104972,-0.032342802358861944
