0.0,0.45235577408081645,0.21138141999856558,0.0,0.3259766018272362,0.18699632252387238,0.26002895228890677,0.48130909608894157,0.28646101494064424,0.3332943410474414,0.23346299731393638,0.2651415193366058,0.4236520635165944,0.3410456079345248,0.34767846782654477,0.5801038653541335,0.49683216630460303,0.4935322707301515,0.0,0.4372871355099724,0.384151744717957,0.30984980427440223,0.39743549193951816,0.4643920777668486,0.3847395127287315,0.5252529018406034,0.41678842064704,0.29154451267179726,0.4793743992049059,0.3276672099538508,0.33647494721654597,0.5770704662415377,0.46578351994811573,0.31025551973402965,0.45878674684370313,0.6192559563543393,0.5019300690188708,0.4399936149542723,0.31719287818608605,0.43398069092603925,0.3335872683329941,0.4800719252546563,0.5119513165493426,0.0,0.32280119187564504,0.28264624662013627,0.2933372750014535,0.0,0.0,0.0,0.3065549447880538,0.0,0.37197366142936983,0.0,0.19899470519940218,0.0,0.39462052234509903,0.7722182481129933,0.0,0.6203303927130837,0.38575448187650374,0.08066667576904196,0.3881076310911745,0.0,0.241193729163058,0.38308775397661454,0.40983824478723274,0.3212918338259702,0.490200944852611,0.4531959163482831,0.34823609620819834,0.2792126587823834,0.45153109626033083,0.28745216912086413,0.0,0.27274343204966534
0.45235577408081645,0.0,0.3905216067767934,0.39995710233012055,0.3520251776113101,0.2650601173909096,0.3684641150572469,0.6587465554946428,0.1840472076108967,0.6528775922428711,0.3369279653724306,0.4517934135364019,0.42481569909024464,0.2766340570668905,0.5196048811745649,0.42409457484648067,0.778112799801292,0.45939166720423186,0.46540941441413136,0.3189948060045136,0.5060714555770862,0.40344493578605534,0.5067058614358455,0.3853892036443458,0.37032141073895863,0.31410690818367326,0.2768130142186136,0.5064463630425059,0.3223725495199925,0.2818210169803828,0.4779775076064616,0.3963855540195388,0.3003447978439427,0.42241291135981096,0.44336588734860766,0.3146877883563285,0.05656623317566889,0.0,0.2869337256100388,0.4721624830826938,0.3246575919817099,0.35036250851503975,0.495597433203278,0.0,0.0,0.24396245803727204,0.2752360889364307,0.03820280373930418,0.0,0.0,0.3418534227571741,0.39266724881639675,0.23856339926884187,0.21640237836022008,0.5450970617021559,0.0,0.30495552931349834,0.4003382418312898,0.0,0.5454985177694203,0.3614240488734566,0.35317928105846763,0.5415745287037869,0.0,0.34008926858765154,0.6179746440371037,0.41938568117642494,0.35356655711602214,0.14594229265079067,0.45465815497386436,0.36384620062139655,0.2991036935915251,0.49481991816666915,0.35585332786671997,0.0,0.3715548147226354
0.21138141999856558,0.3905216067767934,0.0,0.37991551442232774,0.40988794157603525,0.20290610823419142,0.3530939654148351,0.435283112562756,0.2381332354418546,0.3289042101665385,0.3562988127280967,0.39461352239235903,0.46853124601523755,0.3420476434346858,0.09896848892182625,0.16961386559622604,0.38359707594531983,0.33213551623106463,0.18382472442891248,0.2759804534446311,0.27726280902115963,0.35644906668360693,0.2902360987683392,0.25735448663817717,0.3648405333195355,-0.054291264000469186,0.372130662835319,0.545990966743748,0.6777562508673198,0.6253306050153327,0.6156827602604005,0.35131097233666,0.41884633259072634,0.5465985722365604,0.45126104103224884,0.39886914456658884,0.33956325177958735,0.40372356596641523,0.47873234451631325,0.4739790462772291,0.5628484995884476,0.30441425032251745,0.5974297109313864,0.6929512501126331,0.0,0.0,0.4310313818294388,0.2075481939898844,0.5102327400566437,0.4665642185245047,0.45200520795467003,0.4958438648272756,0.5974504315542188,0.7019618296527816,0.462737412667673,0.30052915621331733,0.5417132214774009,0.3171123346598711,0.40123068826529185,0.4000982062073235,0.0,0.0,0.0,0.15913213051119127,0.42901298023385925,0.5590605391217152,0.28820743204736093,0.5056783197390936,0.0,0.5865580607800743,0.2425643710290899,0.571531525793795,0.34802934257658324,0.4218374832392305,0.5387034185787137,0.28951309153646204
0.0,0.39995710233012055,0.37991551442232774,0.0,0.2533883805460668,0.2433730718953669,0.1700225088994729,0.38576478556479155,0.45000950780906196,0.25675431130474713,0.2872680904900764,0.18197745465131493,0.2868482371641121,0.5722818523160595,0.18124598418502552,0.287041689795028,0.47956481446179827,0.5115720528673733,0.4634030394662897,0.3465460351808656,0.496067315212413,0.3688039955852957,0.24003495039694567,0.2463945151923476,0.8609374248909044,0.2639054157896448,0.2831958649622408,0.30031198044813323,0.13587763351080626,0.6673903347470674,0.5048893974854122,0.07860792035663641,0.252555269959248,0.3419077941526657,0.39426629323557744,0.3802596717513491,0.1373902179486913,0.30972473904797365,0.09183588824346775,0.39892609083346986,0.25599045498397266,0.405147415888892,0.3973355577638752,0.3429717543803501,0.0,0.0,0.0,0.4651231209828051,0.0,0.0,0.3605684981965911,0.0,0.48839850437361193,0.3256351964233848,0.0,0.2263113139057217,0.4013484612146194,0.5020168391052136,0.0,0.0,0.0,0.0,0.0,0.0,0.0,0.0,0.5123487887026952,0.32044405860026237,0.0,0.0,0.0,0.21772875362457675,0.43238413675504817,0.6654196557403986,0.0,0.0
0.3259766018272362,0.3520251776113101,0.40988794157603525,0.2533883805460668,0.0,0.22364412426375643,0.15627905012211604,0.10942406227812856,0.34149755842162344,0.32307668410838064,0.2241248316011037,0.24019146242897035,0.3685940389712392,0.26958696035224705,0.3242477822917523,0.4479528543353575,0.39666216248263453,0.32256318378071036,0.4933319622548318,0.3229747670460998,0.33830399139063994,0.38767197007188126,0.08972263910436645,0.08882639943422707,0.28477875383636586,0.17562309739003765,0.29714723674677046,0.10977496133558606,0.4105664442701754,0.471644515124667,0.364494279663351,0.08482247047771588,0.2738876463017363,0.27528745651116654,0.24001370255392068,0.224295110780673,0.2203057806164694,0.20425351147251622,0.011380024018188384,0.7828614975893369,0.26498384448193324,0.43378672868896856,0.45818403061969915,0.8643911154334751,0.37640433825285724,0.0,0.20221144827078347,0.4513140492546118,0.0,0.3784211659666922,0.29350208714580084,0.5064884736412973,0.5378869157719988,0.4191697770511782,0.0,0.4853613930813727,-0.03806368612127983,0.5117008792364451,0.3122761280444243,0.354746910913037,0.48436058747306,0.0,0.0,0.45325320227151294,0.213695247675176,0.49973908888659613,0.12254869335575092,0.34209678249911635,0.0,0.4743569332566685,0.2557817809842478,0.35658156976437727,0.4259623943649353,0.31050831863384065,0.0,0.35731544247098057
0.18699632252387238,0.2650601173909096,0.20290610823419142,0.2433730718953669,0.22364412426375643,0.0,0.20653062291618463,0.24619406255741255,0.3455698328357423,0.3532020218273968,0.3060172851373357,0.3539918119933789,0.24750365721168996,0.11972835552792493,0.23808428083798808,0.3901902975423428,0.39219284408298805,0.44393381645012303,0.20241596254098726,0.16797445360711002,0.32528557079195497,0.1853929346862079,0.2548084750317535,-0.00297005541041942,0.18958795938201414,0.2743235977775062,0.252560244163056,0.38407623930375456,0.317901392573599,0.45232240326582973,0.4270422857555303,0.13003124439697808,0.47219540075325006,0.3078906225484518,0.1206803730426021,0.16250603542548908,0.25682485651181175,0.27568371673012904,0.11341877019834817,0.1543251140456401,0.26140261118079766,0.4228243667528816,0.4998623934577555,0.39107985853230287,0.13960706598594674,0.2804741873639881,0.15425285047689757,0.3822766931041429,0.5156355408408994,0.2946000629690123,0.30049926239848246,0.3243062532132348,0.39842786447045175,0.4758025755332798,0.31843212040218155,0.42750550474404575,-0.001115899177578844,0.2738158401273091,0.4896180362674416,0.26656025614877854,0.2113594969421646,0.0,0.4220036082855241,0.36399754536016593,0.3011123136658257,0.16667775249924763,0.23284403724524627,0.2720458881422383,0.5501924503733543,0.2563507017241998,0.2236349013408106,0.31066643097883073,0.2541797446798657,0.25570096942523773,0.3258988953781866,0.28348594474714595
0.26002895228890677,0.3684641150572469,0.3530939654148351,0.1700225088994729,0.15627905012211604,0.20653062291618463,0.0,0.10001705189090693,0.43119228267399623,0.1320261653795657,0.29004731461271815,0.015139108074237767,0.34759176798100133,0.28250259473287753,0.48734444262169285,0.469839264781332,0.2553187118832196,0.4740856342793092,0.40635793436635126,0.36579334295145133,0.2039976912422841,0.4055053825090767,0.23188021080631266,0.22714061397236407,0.3672950071477401,0.40290713873212414,0.2256800367259057,0.3608210161524299,0.33873431749906613,0.21744505062498623,0.25514987787864374,0.0886277868843072,0.2391454413534813,0.17313829363053035,0.07104205045662929,0.12799105683914885,0.1743537923799242,0.2372560044561059,0.03803734661070812,0.423785156867185,0.12251995174603689,0.6980723324838742,0.40070380601993494,0.8012356720344049,0.2854477866508096,0.0,0.23973466228416115,0.25917711281590666,0.0,0.37697359719070334,0.26657555238546427,0.40065946327473323,0.3898700230409509,0.39313646571954475,0.4231133797185715,0.09056769617474125,-0.09861100263080202,0.3333343265308077,0.23581624543641222,0.2573230974302856,0.262599251278645,0.0,0.5115674429303338,0.49693763329209606,0.472704568445957,0.3517371301134566,0.2809266999790473,0.2817600062251213,0.5098631987494633,0.4074434549274166,0.27271341993193576,0.2753382516092608,0.36770644849568,0.31044611973752667,0.5613645637989353,0.39132020766565984
0.48130909608894157,0.6587465554946428,0.435283112562756,0.38576478556479155,0.10942406227812856,0.24619406255741255,0.10001705189090693,0.0,0.5078502853142337,0.2935718844803563,0.33931619807869196,0.2667775179294323,0.30836903367370305,0.43610477544999354,0.40950273064721915,0.6576975234986495,0.37794515689964653,0.5876861592657818,0.3726234535507229,0.22349036773785014,0.19897625296885768,0.6089352384991921,0.32080881771367153,0.34972553148310315,0.42128379612475353,0.5069790901292418,0.36851977421210214,0.33073243663427093,0.2528772588320347,0.3511769602109328,0.3867802135309323,0.4071676384155751,0.5142579861992387,0.35545914792364297,0.26976109024346534,0.574901391879399,0.45872554753170314,0.02554221367666809,0.30222330442768397,0.23108815020119255,0.10406339755864824,0.4319790865713013,0.5935421337071256,0.39272813722926436,0.0,0.3672957444462206,0.30314900215733587,0.5191801802582607,0.0,0.44359525917901405,0.27758996992009155,0.3325541128860571,0.4382360409912459,0.5097409610467212,0.6997928056091367,0.5938405608144719,0.9644337892497703,0.26584060906289164,0.42802521673593463,0.44469259200757394,0.34651875753560624,0.0,0.5997767714061388,0.6707646264483328,0.6278444510502479,0.562633118892313,0.21768509525372043,0.37100074331770394,0.0,0.1804826982098397,0.3620975235930466,0.29472093954976253,0.25164504950835453,0.30467526227525166,0.2711942047134884,0.17922921267687636
0.28646101494064424,0.1840472076108967,0.2381332354418546,0.45000950780906196,0.34149755842162344,0.3455698328357423,0.43119228267399623,0.5078502853142337,0.0,0.48525367993908347,0.4026236041502236,0.43640007175873174,0.6560013804530674,0.42070000371086064,0.2594935056299689,0.2424007662289721,0.33611239680886623,0.4318632220527119,0.2810179174259593,0.1447955856714727,0.26740571404744984,0.17064625226917493,0.37004395247924343,0.4132173052154211,0.16290962006382445,0.1303637062062237,0.39683105444366595,0.5461421454590843,0.35508112431712163,0.5483348579634828,0.5857756665517572,0.5553227849964382,0.5049152852106711,0.547654217212319,0.40508941531802367,0.45376949954916296,0.45580586206244345,0.49651753317616776,0.21287999259871052,0.35805776050672006,0.16096265796010187,0.09336133249027945,0.5463087794843248,0.36848424200710445,0.25502077635872117,0.0,0.17031345500654754,0.576241517861363,0.4910983855595634,0.5818246388312928,0.4628395700886816,0.5522226452138072,0.6470347992099186,0.4952528858266865,0.24129095700365794,0.5022329144881312,0.2890113980367828,0.34068857410576403,0.5311456613868168,0.2570448998562611,0.42847544354586675,0.0,0.0,0.48960041609327065,0.33537019876460633,0.7930769234627983,0.061428149876274096,0.5384410567970996,0.45314303691620783,0.39066907628529945,0.058039414974654036,0.49900985266280024,0.36906218408355235,0.45332524683237874,0.23949517332250658,0.5980204558902906
0.3332943410474414,0.6528775922428711,0.3289042101665385,0.25675431130474713,0.32307668410838064,0.3532020218273968,0.1320261653795657,0.2935718844803563,0.48525367993908347,0.0,0.4287699171779912,0.3510203937730577,0.22317217687391822,0.5976265711179772,0.7732000467756938,0.34619126442096937,0.40265147113861044,0.23783852794929272,0.3432246599083057,0.4313250280386582,0.41788729410447656,0.3772888162726222,0.21210991404817012,0.2546634706869997,0.3889950325307817,0.39089293697458694,0.29944814612087445,0.39005442922272493,0.37477374850080114,0.1883167297841736,0.3792545447098633,0.17218194211652957,0.5286548204822369,0.4393348070365473,0.474842098357661,0.39223920002088064,0.29415240979412144,0.3905789173230463,0.22811526551029943,0.366163800426234,0.2818153569334898,-0.07937026135681607,0.22578747910384306,0.26948432504948006,0.26174213143002856,0.5073891579857968,0.391155741233966,0.39673333592354865,0.49001429405259034,-0.1410095430082697,0.13306205138263505,0.03981821684715181,0.440073388012988,0.12894379892912183,0.33587653445912924,0.14877632294146503,0.42016631002777083,0.3687625609704989,0.0,0.6672456848256494,0.5329978839685838,0.36526565048721715,0.3704563879661814,0.4864779794777569,0.5097962494710828,0.4627962486200498,0.4283607323970331,0.31767790978886384,0.07803362505706235,0.4058951045163208,0.33171224549767875,0.17936760400537854,0.36340030457905004,0.256825934008906,0.0,0.5945833972202013
0.23346299731393638,0.3369279653724306,0.3562988127280967,0.2872680904900764,0.2241248316011037,0.3060172851373357,0.29004731461271815,0.33931619807869196,0.4026236041502236,0.4287699171779912,0.0,0.32570114308538267,0.3926679865889197,0.4081587144224862,0.0,0.5085795127641433,0.30959167327708736,0.31473980185105255,0.1681808679704183,0.4840251856833721,0.21547686798620236,0.15488943260443358,0.31044208423734754,0.30080398668122266,0.3769369189334316,0.4550999364228969,0.4480766185723624,0.44326874594085286,0.24272229571145834,0.3077042453687191,0.41205327229944666,0.328627208187536,0.3130769572100629,0.4207245795117428,0.3290499516795597,0.5756705321136366,0.5160760091216697,0.37683864308126724,0.2553286905291195,0.3705385327123628,0.06546905088086652,0.4397144613015359,0.5141324977539021,0.5153182867030461,0.1604194565540436,0.0,0.0,0.1939147885413517,0.474348959357956,0.3015311043772141,0.4097280416702466,0.24194438682852853,0.5123635334598867,0.5361863516306716,0.17370043568364935,0.14757854665258185,0.16173211884410452,0.1918495994263948,0.21533425415404361,0.0,0.0,0.0,0.0,0.19065402776133894,0.2910571128259489,0.0,0.5814360888558449,0.4489024017823725,0.0,0.0,0.952908319743244,0.5074143769460916,0.34269723089566917,0.22659084035055901,0.0,0.400127874404281
0.2651415193366058,0.4517934135364019,0.39461352239235903,0.18197745465131493,0.24019146242897035,0.3539918119933789,0.015139108074237767,0.2667775179294323,0.43640007175873174,0.3510203937730577,0.32570114308538267,0.0,0.15760677887701752,0.553148807761152,0.3741743266895625,0.4851132532658845,0.4683817411212894,0.5009666694561671,0.399213410906723,0.35852584949481736,0.48844027582787786,0.6543398837059504,0.18537081755178203,0.2157012036563892,0.29257783577847324,0.38315175441841237,0.2911143132479762,0.32068267999566696,0.27060084458453176,0.021114333859133805,0.28147391580611214,0.19937091037394342,0.4645244943900669,0.264647086831281,0.47148361199250627,0.3338040704899178,0.2559283531581514,0.20133125074130617,0.31828817612016863,0.1534306048626391,0.33231640436933546,0.10507376468283544,0.2338221506246073,0.006112872966355654,0.3549756210138619,0.24559782989202517,0.28370137721341115,0.01709175064275087,0.21069162726787055,0.4217120612412038,0.015971293218804083,-0.013715300969223465,0.04391049703629646,0.16112294950523234,0.37016602157063805,-0.07601481414868735,0.5162936521873196,0.2603347873367899,0.5630197748243106,0.7284110509599151,0.5026802235355541,0.3902178064495865,0.3826345692338791,0.1843257341387956,0.7972827230776472,0.6106792012430514,0.40601076201536157,0.15824515908119718,0.1363704369469841,0.40974250516430966,0.34977874965587535,0.02735889883762757,0.2350394831898478,0.497670271115803,0.0,0.5561254453271216
0.4236520635165944,0.42481569909024464,0.46853124601523755,0.2868482371641121,0.3685940389712392,0.24750365721168996,0.34759176798100133,0.30836903367370305,0.6560013804530674,0.22317217687391822,0.3926679865889197,0.15760677887701752,0.0,0.4771571140111075,0.49271783209927217,0.4955506302629899,0.1580705184588716,0.3556169151299885,0.4867749465463951,0.4388102426569953,0.3578060768731443,0.4419713924688582,0.4055133083795064,0.17604696697597547,0.43994644741686645,0.4115343815318283,0.4263351992683545,0.42466757299043506,0.35351203601103354,0.20528954952397913,0.16981188401197742,0.1800218364446235,0.3353019846452087,0.12646022246008332,0.1515051449389324,0.3395714005877586,0.2729468015597275,0.17206267042875362,0.13903214494846183,0.3993211839664294,0.23971350071530925,0.20113649808316325,0.6113308766965442,0.3961278544199469,0.36427744278256,0.4294126251617917,0.37332602612808286,0.39945640383148917,0.0,0.46576783978396796,0.34673346976684294,0.3727474914993244,0.34784727856633857,0.5069128055466511,0.2849164635018991,0.32045333629577033,-0.0950988110147653,0.4362755124403822,0.5010204785804315,0.3808070249337877,0.26897940934619324,0.18092808559165235,0.2547965902835876,0.40894801178273577,0.4511110368691684,0.44362741123461275,0.33546339383678786,0.35002824228217716,0.5428467622401925,0.264812683989504,0.31471400523609483,0.38458248976414317,0.4449663928434686,0.39657286384419094,0.2503028476517479,0.4228856311406063
0.3410456079345248,0.2766340570668905,0.3420476434346858,0.5722818523160595,0.26958696035224705,0.11972835552792493,0.28250259473287753,0.43610477544999354,0.42070000371086064,0.5976265711179772,0.4081587144224862,0.553148807761152,0.4771571140111075,0.0,0.2998573713071797,0.5685694596399427,0.48991496856379213,0.5015448380451832,0.3090916213661592,0.40545486480899307,0.32021601772026254,0.2007802443350592,0.39842762785520647,0.44101769909467536,0.4114767770969842,0.1989578124004724,0.4215407420041018,0.5611664418610298,0.01293388966347886,0.4659929949496976,0.6702405659047851,0.37784552461913823,0.3582611923830893,0.714948301049535,0.35712337478213446,0.45633797202715765,0.23544884040599234,0.46101511081828783,0.4969818981724946,0.0,0.5202838593328039,0.6941342710294374,0.6279955248805262,0.5097932556762728,0.0,0.0,0.0,0.4318087117509729,0.0,0.38686937676351985,0.3989361538338105,0.2834046538936814,0.45554338211625267,0.21007803080981957,0.0,0.5088474085213041,0.3853998957762482,0.42639652069984524,0.1286677323744183,0.0,0.0,0.0,0.0,0.42720711968035147,0.0,0.0,0.0,0.7151601329529005,0.0,0.0,0.0,0.35701231689476076,0.5092802731733985,0.0,0.0,0.0
0.34767846782654477,0.5196048811745649,0.09896848892182625,0.18124598418502552,0.3242477822917523,0.23808428083798808,0.48734444262169285,0.40950273064721915,0.2594935056299689,0.7732000467756938,0.0,0.3741743266895625,0.49271783209927217,0.2998573713071797,0.0,0.58478524970594,0.28160662896759225,0.5223886770428983,0.0,0.6114967582325973,0.32277378452800376,0.2769669577381824,0.37251955258611047,0.388993411999742,0.48853577313841806,0.5991401095591189,0.3768146589608477,0.19563132978715117,0.36964904741218113,0.36886490092320107,0.6501057268943364,0.43373657919597414,0.6052568182908771,0.6640338633647329,0.6233261811794022,0.6513947392328401,0.3336667543037318,0.38263048962640944,0.459629549655993,0.5532482716651541,0.5245042133934132,0.40779308354537946,0.5561269632754313,0.6522240291245183,0.0,0.40997410740826973,0.43044815200577835,0.27555224568584047,0.0,0.0,0.3713565624858618,0.527867597965549,0.33653662685673724,0.4010855630490424,0.0,0.0,0.6434629215399348,0.3475783494364708,0.48828747608082,0.6478945422323482,0.5008761460878786,0.5912692199726575,0.6137004763793545,0.0,0.677303247769008,0.3847925944818698,0.7488294373714606,0.6509779463957434,0.5062702993223278,0.4232615015789567,0.4758808013631968,0.5298142396621206,0.333029959663084,0.44580268131811485,0.2541120827798822,0.44950931581580006
0.5801038653541335,0.42409457484648067,0.16961386559622604,0.287041689795028,0.4479528543353575,0.3901902975423428,0.469839264781332,0.6576975234986495,0.2424007662289721,0.34619126442096937,0.5085795127641433,0.4851132532658845,0.4955506302629899,0.5685694596399427,0.58478524970594,0.0,0.30121727430536765,0.4774490224061817,0.46529811798926596,0.27013399823946715,0.46953613193250265,0.3661037448278869,0.5373058639876017,0.4780509430743473,0.4038216976663089,0.45837020058259537,0.4797568128814358,0.4700282391790646,0.36589621586803145,0.5055719554986045,0.40017124782626956,0.44619390461092856,0.3669263399708277,0.2967635745439893,0.5130512387677078,0.6507122455346874,0.2318461583576283,0.3916961271163918,0.4909384637024973,0.5278300995637857,0.42946362363119006,0.46472283846900797,0.5111310847194208,0.0,0.0,0.23614899434095893,0.4356386020877192,0.0,0.0,0.0,0.3522759545298399,0.41464448472652626,0.4212117677125288,0.0,0.542794869667054,0.0,0.40721991598532736,0.4502557107720867,0.0,0.5301405694103833,0.46847265521442816,0.5164060840651847,0.5077629264160491,0.0,0.4594688557142858,0.4214874182476716,0.40016017547059785,0.5133665445962162,0.1976454167971066,0.5218645683694426,0.49914025192660105,0.3943203949548774,0.6632558876346883,0.49107865291172514,0.0,0.28856333532940154
0.49683216630460303,0.778112799801292,0.38359707594531983,0.47956481446179827,0.39666216248263453,0.39219284408298805,0.2553187118832196,0.37794515689964653,0.33611239680886623,0.40265147113861044,0.30959167327708736,0.4683817411212894,0.1580705184588716,0.48991496856379213,0.28160662896759225,0.30121727430536765,0.0,0.4316469536452506,0.47345050799694055,0.3262210981230332,0.45266341538865934,0.45397376339284035,0.13253608537283446,0.28393832052902274,0.35463918080443213,0.3400596846495795,0.4198854812015739,0.5498165284626578,0.2166271049432068,0.5306692774744755,0.2758497374110166,0.41350004281595787,0.4638111613560462,0.28417417982475757,0.24560358559067288,0.5195113613169615,0.39179874594045383,0.20545291631358992,0.33019720407932046,0.3704970836705943,0.21433065200091767,0.46448843114736965,0.0,0.0,0.31859300459026096,0.5000567798591785,0.4982711233461976,0.0,0.0,0.0,0.0,0.0,0.0,0.0,0.3941514522428456,0.0,0.35639926903522673,0.2565758399325725,0.0,0.570280641725852,0.2814835351446521,0.2637363495930456,0.27429680226478825,0.0,0.0,0.0,0.46412132334987966,0.0,0.35441763429750806,0.4223660868002242,0.3826506203232007,0.0,-0.033315969365039305,0.48619176726842267,0.0,0.5742058852329401
0.4935322707301515,0.45939166720423186,0.33213551623106463,0.5115720528673733,0.32256318378071036,0.44393381645012303,0.4740856342793092,0.5876861592657818,0.4318632220527119,0.23783852794929272,0.31473980185105255,0.5009666694561671,0.3556169151299885,0.5015448380451832,0.5223886770428983,0.4774490224061817,0.4316469536452506,0.0,0.44218515985880985,0.2908501306826996,0.5854958494660262,0.3233655230746666,0.5004329949459112,0.2536145615255438,0.34041431517693577,0.3518366013014297,0.550370322239114,0.2743670758002196,0.41269312541598807,0.6832300149501533,0.125297350512375,0.3281295239103255,0.3807221223005711,0.20390953961157043,0.0659645496335309,0.5330828013772047,0.42572399754710455,0.29968462534237816,0.5253758988552046,0.43794259574903655,0.3787556950028735,0.3676444484306848,0.0,0.0,0.2999766150526948,0.31489803076192247,0.4226261451485459,0.0,0.0,0.0,0.3611807814042098,0.5253569011202326,0.594855501681564,0.0,0.483467471329929,0.0,0.37515460548209406,0.35625181776972936,0.0,0.5447877736416129,0.3991736631079785,0.40069304345832185,0.35211414376233846,0.0,0.3264107422559253,0.4443084133159957,0.3693214186338586,0.669906686031567,0.15085730106253903,0.3607897088792196,0.37599964240083333,0.13404659768580524,0.40881735174088585,0.31052613136591023,0.0,0.48077181692051446
0.0,0.46540941441413136,0.18382472442891248,0.4634030394662897,0.4933319622548318,0.20241596254098726,0.40635793436635126,0.3726234535507229,0.2810179174259593,0.3432246599083057,0.1681808679704183,0.399213410906723,0.4867749465463951,0.3090916213661592,0.0,0.46529811798926596,0.47345050799694055,0.44218515985880985,0.0,0.4971502003819192,0.35056467864882845,0.44619485135269654,0.2262268438764119,0.6449912230447068,0.47694983625822523,0.4926605370887027,0.3915085154955137,0.5441632066028887,0.4736267931353181,0.5197691304617946,0.5514643245263698,0.41640331501699424,0.30233819736417894,0.5139601984634301,0.42472372993370133,0.4457520832187739,0.41554204658694277,0.3683379119453055,0.20982666312182524,0.446209190899593,0.19361601792432126,0.15703372885867883,0.6283064284871555,0.3599005295974031,0.01203392930735551,0.0,0.0,0.6352545151236071,0.0,0.43634716200042484,0.3231159903593491,0.4174001701126795,0.447018876483226,0.5050705328691694,0.6039012996769251,0.3625928737776671,0.2253932433951309,0.34375201902892366,0.6638004111162414,0.0,0.0,0.0,0.0,0.5024430431821177,0.4754320431618394,0.0,0.48393278884083313,0.4641724271074705,0.0,0.0,0.0,0.4591302472935288,0.325838595385498,0.17348775013183348,0.4919345393474497,0.3685058464598565
0.4372871355099724,0.3189948060045136,0.2759804534446311,0.3465460351808656,0.3229747670460998,0.16797445360711002,0.36579334295145133,0.22349036773785014,0.1447955856714727,0.4313250280386582,0.4840251856833721,0.35852584949481736,0.4388102426569953,0.40545486480899307,0.6114967582325973,0.27013399823946715,0.3262210981230332,0.2908501306826996,0.4971502003819192,0.0,0.38399228248560946,0.2735552787939415,0.7038441859038669,0.3657924967822197,0.2988112346783756,0.41712596125938195,0.4282516856142391,0.5432955780349235,0.5170724399863462,0.6688958420243403,0.4169227483254245,0.2106076531475421,0.4169943026578456,0.4863616326720724,0.48313874585787386,0.5741385657611919,0.34878067503408167,1.0690283632254083,0.4208951363763396,0.46043269105537654,0.5208447193929395,0.18438949532267002,0.5019690553542449,0.48810753510006377,0.3434144811468353,0.5778880881174133,0.3254998296516113,0.39141149003892667,0.0,0.0,0.3091257842550833,0.29827039796717425,0.20506672090820266,0.37418424235603015,0.8497191004922642,0.0,0.3339842432380954,0.3373654376740192,0.0,0.447255270355816,0.4054447601653502,0.5111535167190553,0.6761742147225274,0.0,0.45226776650273304,0.2726360248236231,0.5152132337805052,0.34158584522490776,0.0,0.36503504018720645,0.37600443129207156,0.3066086131185092,0.2917671215411757,0.38118729179858335,0.27362934509222503,0.377140205913608
0.384151744717957,0.5060714555770862,0.27726280902115963,0.496067315212413,0.33830399139063994,0.32528557079195497,0.2039976912422841,0.19897625296885768,0.26740571404744984,0.41788729410447656,0.21547686798620236,0.48844027582787786,0.3578060768731443,0.32021601772026254,0.32277378452800376,0.46953613193250265,0.45266341538865934,0.5854958494660262,0.35056467864882845,0.38399228248560946,0.0,0.3438253465390839,0.31691712803867245,0.39780262552514006,0.384152399290456,0.5650153463163886,0.34795051814733313,0.24620064944055486,0.3476671219245756,0.3003124042844886,0.5216883625683417,0.2396474894497693,0.328852346620918,0.4189941782783511,0.40388044382442173,0.3232053509506389,0.25771455111223207,0.606901854282464,0.4076463289699281,0.31384733798349773,0.43599757215066703,0.29585439306755323,0.4959281907583295,0.0,0.0,0.5209641390080052,0.37737053849918567,0.5698848176252772,0.0,0.0,0.412206997770087,0.19205474449494495,0.28697157950735946,0.39477440160878086,0.5519365370216439,0.0,0.6660183682227053,0.32095295508696553,0.0,0.4263906326423461,0.4846178124968103,0.0,0.45830779182389336,0.0,0.514858550347244,0.5979841519128979,0.5413396380383099,0.34325749372654757,0.535794884314478,0.32180981338364933,0.6233891387011774,0.33475906544761364,0.3178719819084872,0.44369111304180914,0.33629375158785935,0.31948541465708236
0.30984980427440223,0.40344493578605534,0.35644906668360693,0.3688039955852957,0.38767197007188126,0.1853929346862079,0.4055053825090767,0.6089352384991921,0.17064625226917493,0.3772888162726222,0.15488943260443358,0.6543398837059504,0.4419713924688582,0.2007802443350592,0.2769669577381824,0.3661037448278869,0.45397376339284035,0.3233655230746666,0.44619485135269654,0.2735552787939415,0.3438253465390839,0.0,0.5979137044833205,0.41231436903650576,0.4120568846973601,0.4441938250469596,0.2995750849826486,0.6757166903419765,0.31909957368542463,0.6131282284398836,0.6959694234652789,0.45432082975351873,0.4111188896651391,0.6404329139327217,0.5584791858790789,0.5423401778011222,0.6058489758450967,0.7638226766657843,0.48372613030865147,0.4413508166945146,0.4236193690745894,0.34299157383976764,0.6202463579871813,0.44634955913882995,0.39520059660872886,0.2660511527738728,0.362961376115033,0.37953014725730116,0.4928547658240662,0.4001937326078049,0.32300970235985127,0.46969640845478133,0.24999317881850763,0.2954144465426001,0.21558484308462525,0.0,0.46132673121097134,0.43346791023817355,0.0,0.5285901625178567,0.39440883189972686,0.3225025335179803,0.447322123656082,0.0,0.5088573082504011,0.42345724036277066,0.49191325933842456,0.4154214721941113,0.5396284566521121,0.33614630078111996,0.41903394068122335,0.3579542337104902,0.4481990805041511,0.46629489083139997,0.39733054183066446,0.43172885211448264
0.39743549193951816,0.5067058614358455,0.2902360987683392,0.24003495039694567,0.08972263910436645,0.2548084750317535,0.23188021080631266,0.32080881771367153,0.37004395247924343,0.21210991404817012,0.31044208423734754,0.18537081755178203,0.4055133083795064,0.39842762785520647,0.37251955258611047,0.5373058639876017,0.13253608537283446,0.5004329949459112,0.2262268438764119,0.7038441859038669,0.31691712803867245,0.5979137044833205,0.0,0.3644226465489615,0.3812490637493752,0.4022934987883954,0.2903544727743726,0.2746358604767942,0.20822151404714762,0.2524647614208706,0.3158639631467117,0.1324959265423381,0.379383042775092,0.30937089349886604,0.2596195705260166,0.38052450284669337,0.24532915076616457,0.11592410173126219,0.2945735010318661,0.45094542700081947,0.2978176588049217,0.18161881425559862,0.5206123287134202,0.4031794165575643,0.4238865191851873,0.4031158275790221,0.4649251339085887,0.6554947575126436,-0.05944818987966327,0.5025924863249591,0.2859323986924146,0.2938712082604882,0.37004493643029523,0.5175305155586587,0.40173991987418245,0.6978683471884843,0.18120802767435767,0.23252455076035478,0.5024386258844208,0.4221858268506714,0.45522667816783213,0.5097962494710828,0.44699523905106814,0.6800321349422904,0.39563638020871195,0.35620114308453754,0.40389642326208297,0.5138114413554659,0.3526848679754181,0.4721162802393463,0.39097658333774427,0.2432433819240886,0.2466764379180955,0.3373631129142136,0.2917333317132667,0.3190656475596849
0.4643920777668486,0.3853892036443458,0.25735448663817717,0.2463945151923476,0.08882639943422707,-0.00297005541041942,0.22714061397236407,0.34972553148310315,0.4132173052154211,0.2546634706869997,0.30080398668122266,0.2157012036563892,0.17604696697597547,0.44101769909467536,0.388993411999742,0.4780509430743473,0.28393832052902274,0.2536145615255438,0.6449912230447068,0.3657924967822197,0.39780262552514006,0.41231436903650576,0.3644226465489615,0.0,0.35085848991038204,0.2905791237670662,0.20119047033802273,0.4076853931617563,0.31965096288792694,0.7241239820678396,0.35542768272267367,0.264203038065099,0.34864892825790494,0.19824199335007328,0.5396170010273098,0.351742380418342,0.19678342902002013,0.28943753418712237,0.5354697198069581,0.555492625326359,0.25816945216796816,0.6689720675939546,0.45752631559665013,0.36105608852658394,0.24761017432682467,0.20517589945341824,0.2796550859174182,0.0,0.0,0.5132001990372316,0.9028380256875678,0.42337347637083833,0.0,0.34482279520981485,0.3120583099301406,0.5398710953951805,0.40111478690181396,0.35218086372581514,0.0,0.3576538915221067,0.33047015145995773,0.20117809222342578,0.31048732160360143,0.5147092923972707,0.055454680202590007,0.6489489236018691,0.10261304244787692,0.6822729659634266,0.08528795182018725,0.3325306512290125,0.31655081820081005,0.3641919426073303,0.5800403645040545,0.5400764046923563,0.0,0.47836351627938206
0.3847395127287315,0.37032141073895863,0.3648405333195355,0.8609374248909044,0.28477875383636586,0.18958795938201414,0.3672950071477401,0.42128379612475353,0.16290962006382445,0.3889950325307817,0.3769369189334316,0.29257783577847324,0.43994644741686645,0.4114767770969842,0.48853577313841806,0.4038216976663089,0.35463918080443213,0.34041431517693577,0.47694983625822523,0.2988112346783756,0.384152399290456,0.4120568846973601,0.3812490637493752,0.35085848991038204,0.0,0.18200332816335135,0.2516637426675764,0.4123973860931337,0.47739795552428427,0.6670060794066017,0.3564330699365897,0.317727782205501,0.38537277125777836,0.27069037691018105,0.16000012354273224,0.1814015333075564,0.468273126614495,0.40258340275142696,0.4913882794879577,0.478255103718935,0.369929467612757,0.4057810525391307,0.29547490117855413,0.0,0.2751891079497286,0.3056980916404994,0.4243418165892005,0.0,0.0,0.0,0.3285331967021279,0.004943253483950694,0.3289367323340333,-0.09743191434925208,0.4528821249901788,0.47401861701103554,0.43433914020162456,0.2276748490890304,0.0,0.3267484554309823,0.40104329775627046,0.3579809520683072,0.38019944646996806,0.0,0.4192086309163475,0.195021537574418,0.3147762446071979,0.25620354519553856,0.17525922894962453,0.38336341003843816,0.3388657374888877,0.26144185844041906,0.49700767796990836,0.300679790232234,0.0,0.39367125544611103
0.5252529018406034,0.31410690818367326,-0.054291264000469186,0.2639054157896448,0.17562309739003765,0.2743235977775062,0.40290713873212414,0.5069790901292418,0.1303637062062237,0.39089293697458694,0.4550999364228969,0.38315175441841237,0.4115343815318283,0.1989578124004724,0.5991401095591189,0.45837020058259537,0.3400596846495795,0.3518366013014297,0.4926605370887027,0.41712596125938195,0.5650153463163886,0.4441938250469596,0.4022934987883954,0.2905791237670662,0.18200332816335135,0.0,0.426895240908458,0.4743324980604264,0.510540888837358,0.30198521811145485,0.45078293395932395,0.5352928253966844,0.46036841278465024,0.46599128227603503,0.6460933387838923,0.7421121792992145,0.4765105023996236,0.3021329441247574,0.46793295866998585,0.44924468947585067,0.4702631122647519,0.34091887292533696,0.11627547053772777,0.5199092740998346,0.38080002924075296,0.2427225724058843,0.44614212952904986,0.44567914126991515,0.0,0.004840267289971996,0.37779764744596966,0.2972145064471737,0.3142431694446956,0.201596967539373,0.34260848435411134,0.0,0.3833291824417015,0.4690302394291034,0.0,0.550436189743949,0.4322309549030645,0.28849129635236903,0.32367271660120767,0.0,0.47599664680177595,0.7181093444074063,0.6423941859135791,0.42155574551411434,0.18014625179668264,0.3447833777997936,0.36303797758808176,0.3828700390356191,0.4809806141456918,0.4337417090743805,0.4737489888958989,0.342447838662682
0.41678842064704,0.2768130142186136,0.372130662835319,0.2831958649622408,0.29714723674677046,0.252560244163056,0.2256800367259057,0.36851977421210214,0.39683105444366595,0.29944814612087445,0.4480766185723624,0.2911143132479762,0.4263351992683545,0.4215407420041018,0.3768146589608477,0.4797568128814358,0.4198854812015739,0.550370322239114,0.3915085154955137,0.4282516856142391,0.34795051814733313,0.2995750849826486,0.2903544727743726,0.20119047033802273,0.2516637426675764,0.426895240908458,0.0,0.37982101969975185,0.482996273815265,0.3562907800804662,0.4488887270944226,0.14484728771587702,0.45852618673737516,0.37422929932501137,0.18111747257831326,0.16255030359399603,0.2760985686295795,0.2608322290309488,0.3414493339328702,0.3087648775815872,0.30669355375696594,0.050941733806230016,0.5793013290588308,0.44185682534433524,0.2643867292258388,0.3631547474080514,0.08242018688984856,0.5047413529474086,0.18747997037005049,0.4731804335736386,0.3025473453455807,0.37540710239784825,0.5240667510287227,0.511078230521141,0.4577365515169589,0.5460708802332964,0.11861535372592372,0.2800921598578261,0.5819676403817567,0.32796204983440386,0.4369000292052486,0.0,0.32672263907286114,0.5929035668534254,0.3865819896040055,0.3868585724322054,0.3218991516317438,0.2813678506705819,0.0,0.4617964901020942,0.31899199504591813,0.31055916609196704,0.2652394359699475,0.3161715206799262,0.09503880218750693,0.2849632990613151
0.29154451267179726,0.5064463630425059,0.545990966743748,0.30031198044813323,0.10977496133558606,0.38407623930375456,0.3608210161524299,0.33073243663427093,0.5461421454590843,0.39005442922272493,0.44326874594085286,0.32068267999566696,0.42466757299043506,0.5611664418610298,0.19563132978715117,0.4700282391790646,0.5498165284626578,0.2743670758002196,0.5441632066028887,0.5432955780349235,0.24620064944055486,0.6757166903419765,0.2746358604767942,0.4076853931617563,0.4123973860931337,0.4743324980604264,0.37982101969975185,0.0,0.5310975204816316,0.32727179971969567,0.38999083364961695,0.19318487986135863,0.5170120804892622,0.12881179603928733,0.1283935085592602,0.2471145976647658,0.04047079943891582,0.40522658721474714,0.1368749500828283,0.3725221532440315,0.3106130884857913,0.08776185690826338,0.5946158957290502,0.6052030369640508,0.49161647802348885,0.5461896762836298,0.38764408008156986,0.46501116582124624,0.0,0.566643017550113,0.3775439303156448,0.40902370770945157,0.36045590168761565,0.5090260465958806,0.4551634511078404,0.46223724391244936,-0.10458629476908898,0.3433536538259684,0.43716016311868844,0.3377581485666584,0.31055379128970806,0.33918826347515973,0.26965558593722017,0.5162097771874681,0.3886885496727061,0.2767737363366476,0.3091809683091565,0.3590172880815155,0.4964122244198383,0.36083426159095755,0.30328125909686954,0.35715933458435567,0.3755767021634757,0.33875049848557787,0.31430694918684654,0.41351607865067835
0.4793743992049059,0.3223725495199925,0.6777562508673198,0.13587763351080626,0.4105664442701754,0.317901392573599,0.33873431749906613,0.2528772588320347,0.35508112431712163,0.37477374850080114,0.24272229571145834,0.27060084458453176,0.35351203601103354,0.01293388966347886,0.36964904741218113,0.36589621586803145,0.2166271049432068,0.41269312541598807,0.4736267931353181,0.5170724399863462,0.3476671219245756,0.31909957368542463,0.20822151404714762,0.31965096288792694,0.47739795552428427,0.510540888837358,0.482996273815265,0.5310975204816316,0.0,0.5061265836582038,0.46289467688791114,0.13915028020197173,0.31401411746323177,0.48441994197371574,0.24170393429649265,0.3018425897092122,0.1452657459478619,0.1888822987406122,0.33551859421476254,0.2783631744271477,0.42426450054084097,0.3444771743618052,0.3244966846431542,0.29532191957157383,0.42103633493584486,0.40145977074978556,0.2922309525360951,0.37303868378053834,0.5082977404770866,0.33209070776613075,0.31523956037437884,0.29593046802321077,0.28747794090141177,0.4097423587940426,0.582676885817454,0.18151272860945353,0.46698147692241837,0.2834199012857753,0.5699313318956912,0.42004727634780753,0.5350143187391934,0.4877461707179631,0.31954444643989677,0.4990173834210838,0.4728665537597598,0.3725268203212749,0.4601237224635522,0.34325987766200494,0.48347085115302324,0.43034011474211376,0.4837070309273929,0.31478062000505747,0.3092599164772414,0.38854150362777834,0.17966802649348668,0.3401996100495176
