0.0,-0.027494603615715207,-0.018111170093769835,0.0,-0.026139918478145396,-0.039378059649586516,-0.014511755036895835,-0.029257564894693167,-0.02513018792233851,-0.031984841034791434,0.0018515777885725893,-0.024344189764666513,-0.0253619982601489,-0.018710518643002105,-0.01899810203294261,-0.021228457428362324,-0.026239702104579543,-0.014592606047283796,0.0,-0.05147074738776619,-0.04831552554440466,-0.016675669651559144,-0.04499423320816637,-0.038927680723476576,-0.02473598934593252,-0.015336731412056326,-0.043983983420245676,-0.04152588016337333,-0.020794418316624597,-0.0556084832078112,-0.02555823282888514,-0.02244929980359278,-0.04096362232112882,-0.02136677324166919,0.008520980339803308,-0.011224278863648518,0.0007192435168408284,-0.03499052726065627,-0.02043220538821544,-0.02221428811604559,-0.016612657532940445,-0.006169497453700712,4.1035517216791995e-05,0.0,-0.007635316215481469,-0.060999446260940726,-0.029270288501982655,0.0,0.0,0.0,0.0025759712793904654,1.1102230246251565e-16,-0.014513592218235838,0.0,-0.0358925600245647,0.0,-0.017230218769863026,0.016220293494559945,0.0,-0.029587437502965275,-0.014613025244438804,-0.018554753263573254,-0.015520665187386096,0.0,-0.0091212579103363,-0.09845358696828821,-0.028180277890592076,-0.034681070572006256,-0.012534897134100553,-0.014026304778029852,-0.015233828651942727,-0.0019947300223697173,-0.0003092547250804212,0.006532251478949647,0.0,-0.03397546184971956
-0.027494603615715207,0.0,0.003065839246561841,-8.180775585420186e-05,0.016154182987679955,0.008775438942706382,0.01408380270389925,-0.021874442934865623,0.013181584384397593,-0.0012051411703201675,-0.005511804583943236,0.0028436545227892296,0.011761638532446883,-0.006819530497153892,-0.024297734055750753,-0.002434492629544649,-0.029074587497708082,-0.010611910720843165,-0.012726957057293431,-0.009971160875092755,-0.015869578209553092,0.004261434070674253,-0.02372182597927719,0.0054920792144158015,-0.006865773155893984,-0.01531398499306047,-0.012377033191689646,-0.002489871827196344,0.014580937495249857,0.0045379899606249885,-0.019287183694815135,-0.002419048586207062,-0.04905409562299057,-0.008976612563221131,0.019235325199167874,-0.012767122641867912,-0.0014206412423531933,0.0,-0.020727768419584236,-0.01786952466555508,-0.01847333981781879,-0.012018172948808525,-0.009120977020750931,0.0,2.220446049250313e-16,-0.03912753055434359,-0.02605426698280261,7.33789140884844e-05,0.0,0.0,-0.0022781958092324417,-0.006469965901654162,0.00044285075300148913,0.005737303964225227,-0.028606110001466734,0.0,-0.015568869587843981,-0.003182615180900239,0.0,-0.027469181282754274,-0.01638756970412053,-0.024854819214711665,-0.009563066449588875,0.0,-0.0074783765072523045,-0.021890046179606937,-0.01140882512528224,-0.026182306978360326,-0.016715319512070004,-0.01679025926386657,-0.013288577819950576,-0.015219093003779771,-0.012973715885450932,0.002596083616144773,-1.1102230246251565e-16,-0.023385459028045397
-0.018111170093769835,0.003065839246561841,0.0,-0.024200299672705483,-0.02733557928661834,-0.023431971365268534,-0.02134256509032345,-0.02375480980681538,-0.009414078284469163,-0.010298436380974607,-0.027238934465579734,-0.006057898691643582,-0.02669773739575737,-0.05628151752821442,-0.040762425814317216,-0.007872393648005405,-0.017302868162775764,-0.01649358122441158,-0.013692263625391887,-0.016172969242736923,-0.03592302909855949,-0.000977294079484825,-0.02583245187615968,0.007982924840753136,0.008390296857163249,-0.014538905083353149,-0.03158959386934096,-0.026142223501531836,-0.02069851462705502,-0.037180697025812004,-0.009565706379410233,-0.02052720535703645,-0.009202497829229772,-0.0019698843722486536,0.0063218103781121915,-0.011941090497871953,-0.018712931757162543,-0.02183709815840068,-0.0010909723130807514,-8.404252862526107e-07,-0.019558148932820263,-0.02743245951240353,-0.07871198939846458,-0.005974076281095531,0.0,0.0,-0.00014698881153718535,-0.09655394693758002,9.216686852941969e-06,0.007457923812426048,-0.017519525184462204,-0.01772847273915734,-0.03639796271160001,-0.033069382536829006,-0.00012903039760958634,-0.10753843377339906,-0.025593469716142903,-0.029075096271478473,-0.08073175236473035,-0.0002242338133795485,0.0,0.0,0.0,-0.08258565317134997,-0.016971529607017644,0.005021712715548077,-0.00032205068415130933,-0.03215259734540099,0.0,7.58444779580536e-05,-0.02560425568152419,-0.032428363678999705,-0.025582124675260554,-0.02333456322542865,-0.008291647346244102,-0.014843207691581317
0.0,-8.180775585420186e-05,-0.024200299672705483,0.0,0.01442444277089111,-0.00373308987953086,0.02734626298042181,-0.06054653050957359,-0.00784298666279265,-0.011251615997767,-0.01864102232071252,0.01325247552387887,0.018528513041802308,-0.02453251771077425,0.006471501595453011,0.0008892537570658332,-0.002646619912744619,4.196992572808034e-05,-0.006069382524794997,0.013296442830342592,0.00113050386929342,0.01631649845174077,-0.00933972879305911,0.09122873624907973,0.00031725500344031987,-0.006190815149285489,-0.010292218952299204,0.017097809900325223,0.0030232688937323338,0.014046184628874747,-0.07118807267657407,-0.023756642378308768,-0.0279146638031868,0.006891336821091942,0.01890595639865389,-0.013705966616073428,-0.011030303650276796,-0.01295973674964207,0.048092245704720815,-0.0008805912024574813,0.001982753621428579,-0.001545266438907289,0.0036679071028180577,0.0031453866538492803,0.0,0.0,0.0,-0.001089757559853799,0.0,0.0,-0.0041096599479551466,2.220446049250313e-16,-9.605376373117425e-05,0.00023474914375992695,5.551115123125783e-17,-0.010837956853961217,-0.009912196344515123,-0.00045581771398689463,0.0,0.0,0.0,0.0,0.0,0.0,0.0,0.0,-8.469052983639536e-05,-0.01629006483160489,0.0,0.0,0.0,-0.02162736230436607,0.0021420823574693215,0.002695736348554967,0.0,0.0
-0.026139918478145396,0.016154182987679955,-0.02733557928661834,0.01442444277089111,0.0,-0.03419014023077532,-0.014081169813181194,0.0032509811190565285,-0.01652926504985025,0.01606194295579544,-0.01857342298576059,0.013324719459099854,-0.016798842328109687,-0.0010713929251734977,-0.013899865659936783,-0.002329383986288791,-0.0010611181892710708,-0.011825687032825327,-0.04441396624095839,0.004259627611593264,-0.035709311627266316,0.006320492718900894,-0.021698605252305603,0.0067907146470264634,-0.0005488309276252545,-0.015531713173917383,-0.04342033101349163,-0.009868501318057221,-0.023671606551502244,-0.019460491845600503,-0.004294078633461373,-0.00030445817562885225,-0.014336146225338797,0.010515357528864566,0.004999989372043989,0.030812921769985513,0.040065936789637824,0.00927135099133325,0.04229978806629181,0.010800872775601378,0.020033842534999957,0.033140079022622115,0.022140122638001525,0.026138788812106795,-0.0002714974866583342,1.1102230246251565e-16,-0.014975182047432312,-0.009570772525255733,0.0,0.0431176363436096,0.003041537896338209,-0.0028990493701710474,-0.0024163461698236133,0.0005746371285069163,5.551115123125783e-17,-0.08717993779516947,-0.011010330900227294,0.006380000326170587,-0.015367594812961849,-0.003883518525276519,-2.3366717870010323e-05,0.0,-5.551115123125783e-17,-0.005990941516485049,-0.010784392066541304,0.0002081559137970257,-0.005178205225990107,-0.0028524965397811464,0.0,-2.6945049390048048e-05,0.004476991678396269,0.002745236474286372,0.0061448248615837975,-0.006143126950181599,1.1102230246251565e-16,0.00043976424469904796
-0.039378059649586516,0.008775438942706382,-0.023431971365268534,-0.00373308987953086,-0.03419014023077532,0.0,-0.013035152238073444,0.011559146995854419,-0.008500484255881124,0.0028232851629541034,-0.03639403625199139,-0.004456065590998426,-0.011874947355971277,-0.004758534264078906,-0.035550938013428734,0.017204216372673276,-0.02142129528262482,0.015321202729385974,-0.024060134958549306,-0.017683994628987454,-0.021808727061833955,0.0017923514470283286,-0.021044760323183365,-0.020284752063335576,-0.004718050922528638,-0.01752584787408562,-0.024043744578288895,-0.011407117946260925,0.013575658917208078,-0.00690557987079754,0.013013523270870131,-0.0036334360611185446,-0.019591022058363494,0.006643163314771827,0.0060293419671321735,0.019832772551168554,-0.0030185133795553876,-0.012204503289133084,0.007346437304124875,-0.0044324945719849684,0.002517142192244415,0.0227307346520369,0.016176389603094754,-0.005841754282080003,-0.006562124524964186,0.005394173672401303,-0.01627383025737944,-0.028958757635316523,-0.005845552756040373,0.0014649082658639845,-6.258891182819859e-05,-0.010467795113860867,0.011943962372578776,-0.017231066216065516,0.014333754134084054,-0.022922218780202674,0.0006802728391577806,-0.009124657708457495,-0.04722109147954717,-0.026515321333149378,-0.001002434233317362,0.0,0.0069094977118895895,-0.03022824647960659,-0.01294258338784443,-0.016332858210012013,-0.02374885800797899,-0.012196409915260442,-7.12099942178912e-05,-0.00319179500382083,-0.013843032709808745,-0.012752264457533358,-0.004363606697028066,0.003640704988509935,0.009511332629055014,0.003920189832708032
-0.014511755036895835,0.01408380270389925,-0.02134256509032345,0.02734626298042181,-0.014081169813181194,-0.013035152238073444,0.0,-0.016239123421940005,-0.00583001935752242,-0.002847549326634502,-0.02004439669189151,0.0067734201001728445,-6.978895188269885e-05,-0.027369660352582204,-0.003651621781700476,-0.014531389605495215,-0.02468774398187945,-0.021215385180005042,-0.009017383685710256,-0.011933102317846722,-0.01428932986489223,-0.0032700174457125364,-0.019468466015859998,0.01599397535767022,-0.012004977841902686,-0.010008497378180714,-0.029087660473920474,-0.0072858918411237705,-0.014468645014542536,-0.029103152879921768,-0.01189324692065552,-0.02371543441329399,-0.015084589104194412,-0.006421014422683613,-0.02279539365042832,-0.0025193975635831034,0.007053420782040243,-0.03771344100093388,0.01423580063921931,-0.015511763889931363,0.06775676648993678,0.03255946649588476,-0.00199375151720399,0.017386459887587635,-0.011644011044000036,0.0,-0.01686758909967434,-0.029747821188400858,0.0,0.0043723987524259544,-0.0024118905348749498,-0.012588705294113767,0.010071511617313122,-0.022248033136351597,-0.005455037491777226,-0.051477895710084265,-0.0015780412983706915,-0.007766578172347882,-0.004478805564208432,-0.016698838238978886,-0.015480240037176352,0.0,-5.8257244724413404e-05,-0.01753903550744662,-0.01235714376769792,-0.015707362485973597,-0.007728944880756594,-0.011587074735274927,-0.000129476244673965,-0.019743110272906594,-0.012806459057474961,-0.019013742419525248,-0.003981457070012406,-0.012734744956736432,-0.010674315904301679,0.0007799934546917076
-0.029257564894693167,-0.021874442934865623,-0.02375480980681538,-0.06054653050957359,0.0032509811190565285,0.011559146995854419,-0.016239123421940005,0.0,-0.021732042379916883,-0.019954638928235457,0.03215178371777505,0.0013510491623165422,-0.008449711750838307,-0.009089992675777203,-0.011168976298676414,-0.008981649371748057,-0.005913323013948646,-0.006751954737552857,-0.021636267119934105,-0.018334468901483658,-0.010392703994935304,-0.02497783608695192,0.011333097298956485,-0.02711951929623979,-0.005263744216232102,-0.013977830902644928,-0.025060120021570986,-0.013520086247326701,0.011979047106983387,0.0037468148486112796,-0.003991445276225969,0.017729344703406924,-0.05502548459509554,0.012322169322517618,0.012975685929142389,0.005402041889131681,-0.13303979106689695,0.02460651920311352,-0.006974732776930781,-0.01258536211392125,-0.008601375072302075,-0.009051493205950945,-0.04836010045476474,-0.0025645906060167145,0.0,-0.014379272627748074,-0.01559490928673729,-0.06510464895252055,0.0,0.013806588108904616,0.00581891960144687,-0.012215047478879137,0.04042768795536866,-0.03014682195234525,0.00016861386989058813,-0.056143144017509694,0.00024018599019415277,-0.00927128736485161,-0.005970636423150988,-0.04703427115113701,-0.01993704164991822,0.0,5.559863882842464e-06,-0.07937491538478786,-0.007368878749386243,-0.03862611430190532,-0.018884305846416594,-0.03053640576799832,-5.551115123125783e-17,-0.021441149092319922,-0.008119284229735568,-0.028642474438550003,-0.015861368349135097,-0.02154641742951563,0.0036537270174620273,-0.011074964711953739
-0.02513018792233851,0.013181584384397593,-0.009414078284469163,-0.00784298666279265,-0.01652926504985025,-0.008500484255881124,-0.00583001935752242,-0.021732042379916883,0.0,0.000530249857591758,-0.029427602941839492,0.0024056899829260625,-0.012885621353544763,-0.0352855537489023,-0.006721455395825915,0.013172471482906012,0.01160318791880982,0.012725954269155404,0.011451900942518245,-0.003328802614309734,-0.02002612608783172,0.006258013750818858,-0.034730386199850694,0.005211376494052178,0.007557609764714757,-0.0236846883573128,-0.027109498066444748,-0.016150240144272743,-0.020345797531681697,-0.022158880986539453,-0.00014856910757193864,-0.01364869915743383,-0.016196464206528982,0.0019961331591162312,0.0018703217920800208,0.013406108861242272,-0.009117049621211848,-0.010693948476871717,-0.030885952119133808,0.006922390485019636,-0.00950968804433866,-0.011950968281384755,-0.05720450668405247,-0.05982946115772814,-0.019759381946531873,-5.551115123125783e-17,-0.009095994985916067,-0.09338947651237145,-4.427739580148415e-06,0.0011004847361932857,-0.014952328516475322,-0.014497519035269746,-0.03659954335125659,-0.03777147065526054,-0.022412413498522632,-0.12802479884460322,-0.01670961872896798,-0.019603443658525954,-0.05984829239999229,-0.007688646893302564,-0.0091380420241583,0.0,0.0,-0.03786897047161586,0.0007659213724183767,0.007075523649582138,-0.019082120102968947,-0.02777006020152939,-5.449362047754702e-05,-0.010621581187508444,-0.007636731838415456,-0.027120063745692313,-0.016279072848399745,-0.01676293304605886,-0.021969392056693904,-0.01518752264763834
-0.031984841034791434,-0.0012051411703201675,-0.010298436380974607,-0.011251615997767,0.01606194295579544,0.0028232851629541034,-0.002847549326634502,-0.019954638928235457,0.000530249857591758,0.0,-0.007537137291845131,0.0035292748961583964,-0.0014441865704267753,0.028919989661614964,-0.014026630397660556,-0.007761161441819986,-0.02003194549459958,-0.021478426201097633,-0.008462736180448904,-0.02650551767145748,-0.027600276473703445,0.00047514864274933455,-0.016304848178853026,-0.0016604275268543023,-0.013598312585291317,-0.004750142952398839,-0.012688870955688991,0.009829269588211509,-0.005550648182799267,0.029166921634485643,-0.002430857597233327,-0.008183319179928594,-0.04114784045326858,0.0002953261957073239,0.0013620415086463278,0.05231274874742042,-0.008808297570882806,-0.01603552613506165,-0.06584373944230426,-0.020437231617897234,-0.04191627014526583,-0.03923003252651369,0.000612776551980998,-0.009804794028202723,-0.03018102901406433,-0.02571531526164983,-0.0052485787945544815,-0.0004837680192567584,-2.514131871628189e-05,0.0005157482612471731,-0.010884688455759295,0.011045196992337025,-0.001357671959040574,-0.0013657074546554182,-0.03191923942631347,0.0008788703369574935,-0.03353393316674802,0.0005975073258777663,0.0,0.0001103433699823908,-0.002190922779422566,-0.010757778018967323,-0.004561374344075553,8.264083209807982e-06,-0.00013427046939901155,0.003309704071836006,-0.006043741329758268,-0.019957504888784172,-0.016267080873642592,-0.008388473918532091,-0.025444693354042314,-0.025560320998535335,-0.01687889233629669,-0.029152582258255677,-5.551115123125783e-17,-0.03886601374967419
0.0018515777885725893,-0.005511804583943236,-0.027238934465579734,-0.01864102232071252,-0.01857342298576059,-0.03639403625199139,-0.02004439669189151,0.03215178371777505,-0.029427602941839492,-0.007537137291845131,0.0,-0.001022229771145411,-0.020637890656724167,-0.012925858656098188,0.0,5.991725965476258e-05,-0.029319513645973905,-0.021997298038508306,-0.03434132451667593,-4.589725449116733e-05,0.012432717575848962,0.004243700892281654,0.037934130636394,0.026677795581896646,-0.007186097155333193,-0.012782105611212236,-0.026674700264992413,-0.016180930638615088,-0.002410120109649694,-0.020037191704664004,-0.011415778855342673,-0.049361472106568716,-0.036397599775338574,-0.0031006107990776965,-0.01332482064730911,-0.025834774871363153,-0.00708190604049086,-0.020200607377959312,0.005551224384769737,-0.010478735167591513,-0.022262235808210906,-0.06241826427390751,-0.06153654449729934,-0.015916444360459192,-0.009572423240666095,0.0,1.1102230246251565e-16,-0.18563564842584257,-8.573777554587991e-07,-0.014837440077180075,-0.012233964638688477,-0.0031523975413002003,-0.04257995438580198,-0.020334525265611747,-0.021528121989419446,-0.09090812533079007,-0.014664823945256422,-0.0008426335505728466,-0.05740875322464395,5.551115123125783e-17,0.0,0.0,0.0,-0.08861025441598239,-0.011454362239362192,0.0,-7.76355093125014e-05,-0.02379115812867505,5.551115123125783e-17,0.0,-0.00014680366411268242,-0.030274551144286455,0.0011411480586361877,-0.014361519561469582,0.0,-0.016584167883510748
-0.024344189764666513,0.0028436545227892296,-0.006057898691643582,0.01325247552387887,0.013324719459099854,-0.004456065590998426,0.0067734201001728445,0.0013510491623165422,0.0024056899829260625,0.0035292748961583964,-0.001022229771145411,0.0,0.003947001906269121,-0.03634784409865571,0.020014644110338486,-0.004989717444962016,-0.02002952977137451,-0.012695174149576327,-0.01654817830213534,0.02285725187984705,-0.026143519083188516,-0.03999200649310547,-0.0033202612198687254,0.010496117398945015,-0.00873241034747585,0.00381743570091303,-0.010741440671316771,0.009220189384813837,0.009576512205547338,-0.01077475537326239,0.0025601090459902998,0.030711601258241572,-0.012406347063663892,0.021328992703650074,0.021474053604518095,0.018318465365066927,-0.034516740123779366,0.026920909709749113,0.06789087159257462,-0.0063496984139122525,-0.016331656098229785,0.08748811440739351,-0.01259334434404058,-0.0023581813484108705,-0.014445388600061337,-0.02341932453380019,-0.002199836950734946,-0.006113610787139567,0.00295295855339911,-0.006743819386449301,-0.010159009584026157,-0.0006899973017989725,0.00038372947785403344,-0.011518678395103843,-0.030259468651887222,-0.013838846603650479,-0.02667471114896902,-0.006551755876612941,5.4171007676073746e-05,7.128513143922488e-05,-0.02303197867297635,-0.009154754105961893,0.005304722646817139,-0.010686037644946522,-0.015578268956413066,-0.03225218228676513,-0.008871320622000856,0.004439895106408631,-0.017187332849132264,-0.0056651227321316,-0.025463149032391275,-0.006223830370101768,-0.021657960512330043,-0.01336455289345062,0.0,-0.028690589806442346
-0.0253619982601489,0.011761638532446883,-0.02669773739575737,0.018528513041802308,-0.016798842328109687,-0.011874947355971277,-6.978895188269885e-05,-0.008449711750838307,-0.012885621353544763,-0.0014441865704267753,-0.020637890656724167,0.003947001906269121,0.0,-0.032287147681982376,-0.030304305265711484,-0.018333676397289222,-0.0198528762003643,-0.019508022254606794,-0.010455002050025974,-0.022600613627259514,-0.021346993808642356,-0.006202065254376832,-0.022884549683444222,0.0016556067048149048,-0.012553802375196155,-0.012326426165950866,-0.029630240679115627,-0.008454292157105525,-0.016411644478976084,-0.02361532211740175,-0.014880409748389056,-0.017920114702728307,-0.01882721060673881,-0.013002877765951548,-0.03519738896977892,-0.009200775779724446,0.00216137807291944,-0.01913441792822035,0.01976074418266227,-0.010372229082908302,0.020687590258967048,0.000534706505925131,0.028001362672271934,-0.00854093675991835,-0.01317551488393004,0.014554426180296731,-0.01342443176946495,-0.030325488679701584,0.0,-0.011809406252616172,-0.0032132210852517384,-0.0025591015127941485,-0.012051101883559234,-0.012948928315668518,-0.039118295278058324,-0.05169001784646887,-0.07073318217437558,-0.007518937101174739,0.002089568539680342,0.020254995161851752,-0.013933260744816323,-0.004546003141508881,-0.010887802610791475,-0.0315533432511132,-0.02358035935370717,-0.027293292646444367,-0.007960545705971822,-0.017514717365903654,-0.007284723484379307,-0.014631873406621976,-0.008023495876802789,-0.021459568366689996,-0.007352264056985525,-0.014885729688078275,-0.016441992798707117,-0.006144976585437556
-0.018710518643002105,-0.006819530497153892,-0.05628151752821442,-0.02453251771077425,-0.0010713929251734977,-0.004758534264078906,-0.027369660352582204,-0.009089992675777203,-0.0352855537489023,0.028919989661614964,-0.012925858656098188,-0.03634784409865571,-0.032287147681982376,0.0,-0.011614954653899556,-0.0006815134792158006,0.00011520667737380252,7.453218455516497e-05,-0.05294890684636416,0.0023976787902956764,0.003271415815607581,-0.007351440174476198,-0.0018006523372211536,-0.04161043931595848,-0.003799931179230276,-0.021157328869650438,-0.04031161053179533,-0.03981699982465936,-0.06673574278696082,-0.0067038610092037265,-0.03685314218241664,-0.08830828260635903,-0.041638815756154024,-0.1982597738001024,-0.013538036130294306,-0.0423918878713839,-0.01303155382613988,0.012628863908986432,-0.04731646737132167,0.0,-0.0005759976697000679,0.0004810846857179474,0.0030812663572289956,2.467960802887692e-06,0.0,0.0,0.0,-0.05117429226966902,0.0,-0.01762565067789179,-0.004344893233743596,-0.017627271469394024,-0.014450491073504323,-0.04934301521850132,0.0,-0.09529042727145703,-0.0408369332324971,-0.01160294668053835,-0.020992791736266225,1.1102230246251565e-16,0.0,0.0,0.0,-0.04540688420163708,0.0,-1.1102230246251565e-16,0.0,0.003758440245627215,0.0,0.0,5.551115123125783e-17,-0.008052605408677582,-0.008897464139203448,1.1102230246251565e-16,0.0,5.551115123125783e-17
-0.01899810203294261,-0.024297734055750753,-0.040762425814317216,0.006471501595453011,-0.013899865659936783,-0.035550938013428734,-0.003651621781700476,-0.011168976298676414,-0.006721455395825915,-0.014026630397660556,0.0,0.020014644110338486,-0.030304305265711484,-0.011614954653899556,0.0,-0.01584226245728576,-0.0012833618702684513,-0.012323046254891334,-1.1102230246251565e-16,-0.00018157618753056326,-0.029018347722167492,0.001720043958373496,-0.040470843020391944,-0.03330863150948299,-0.04367488429754912,-0.04076333665064419,-0.08043747210326019,-0.0452240764040836,-0.03286502825120219,-0.03281396373883361,-0.02939021384538415,-0.01858206204265611,-0.04736511116122177,-0.02607559885487437,-0.012458358532877467,0.0061703607427424645,-0.021628657939579132,0.00012891883262061699,-0.03131983512764014,-0.04127227116112442,-0.037142347081554894,-0.03968093616912066,-0.11023090635011779,0.007536657862938723,0.0,-0.013392549144521204,-0.04474204965656825,-0.018056316740194478,0.0,0.0,-0.018651446035581165,-0.008922079542450057,-0.019868884549370025,-0.010473004491290572,-5.551115123125783e-17,0.0,0.00044424912285828677,-0.009742417898706945,1.4054614152825273e-05,-0.01210240874248758,-0.019064914005095412,-0.0004912753648709245,-0.032468174409075234,0.0,-0.02225805159114297,-0.0434806270415371,-0.03702769012517432,-0.008016871552985971,5.795809042596911e-05,-0.024039679997623964,-0.047835467734816894,-0.029634211091332907,-0.015285361087651828,-0.011632526343840377,-0.029900535024410202,-0.027397539371537327
-0.021228457428362324,-0.002434492629544649,-0.007872393648005405,0.0008892537570658332,-0.002329383986288791,0.017204216372673276,-0.014531389605495215,-0.008981649371748057,0.013172471482906012,-0.007761161441819986,5.991725965476258e-05,-0.004989717444962016,-0.018333676397289222,-0.0006815134792158006,-0.01584226245728576,0.0,-0.008910887438770887,0.013866592644716458,-0.0001785269971750214,-0.008249721570051771,-0.006880755594678267,0.004199091579150771,-0.021195554502380753,-0.0036003572058609934,-0.017008089292980866,-0.017919289062196753,-0.017688899812813408,-0.03288864905276745,-0.01617541399992195,-0.017872845341265042,-0.01901401373804179,-0.007558028526380101,-0.024848840612631096,-0.022176822105757887,0.014066211438579723,-0.004068709738827447,-0.002745355816654471,-0.03241167594213884,-0.01803933538365915,-0.009411692292983387,-0.010761428981279464,-0.0003388771136976776,-1.832614451052761e-05,0.0,0.0,-0.03307169143416622,-0.018169226716903353,0.0,0.0,0.0,0.005318731300743451,-0.004072445201747266,-0.011653188157638605,0.0,-0.007975514393403327,0.0,-0.006814173025586401,-0.0002497735045289273,0.0,-0.032006906594336026,-0.011654188329902948,0.00042837905138309873,-0.005693079598255102,0.0,-0.008646029947700695,-0.012333163585424856,-0.005845445764086632,-0.03170490232094414,-0.010615192679513663,-0.010906744306308114,-0.018291033013561164,0.0073245915739450496,0.00322482387801315,-0.0010390307737777604,-1.1102230246251565e-16,-0.016801722794747342
-0.026239702104579543,-0.029074587497708082,-0.017302868162775764,-0.002646619912744619,-0.0010611181892710708,-0.02142129528262482,-0.02468774398187945,-0.005913323013948646,0.01160318791880982,-0.02003194549459958,-0.029319513645973905,-0.02002952977137451,-0.0198528762003643,0.00011520667737380252,-0.0012833618702684513,-0.008910887438770887,0.0,-0.005786561740570018,0.00017668270022980215,-0.028537511713106423,-0.03343043778866395,-0.007395694556239396,-0.01064323828601027,-0.030243706031224338,-0.025859345050621596,-0.02159177360887049,0.005436530906710146,-0.015612341677884556,-0.00656374552274086,-0.006721329110501384,-0.02352853231355706,-0.0463717925260001,-0.058427112538295634,-0.032613165928662924,-0.019951256648999383,-0.005237015545752954,-5.081790386041174e-05,-0.021273497556708487,-0.006906661409923465,-0.03864785293331441,-0.06630113881646804,-0.000559013633792127,-5.551115123125783e-17,0.0,-0.030126887866292695,-0.023635622078597818,-0.0034485035479982495,0.0,0.0,0.0,0.0,0.0,0.0,0.0,-0.0279302868691782,0.0,-0.03330008807808399,-0.004066321340613077,0.0,0.0002047188445527537,0.005240750563546892,-0.011273931133567672,0.0003797029268886032,0.0,1.1102230246251565e-16,0.0,0.014224522990717692,0.0,-0.030790500336344173,-0.004706525087189772,-0.019469529425336418,0.0,-0.014592615812436649,-0.00011044376372887355,0.0,-0.054873638724146134
-0.014592606047283796,-0.010611910720843165,-0.01649358122441158,4.196992572808034e-05,-0.011825687032825327,0.015321202729385974,-0.021215385180005042,-0.006751954737552857,0.012725954269155404,-0.021478426201097633,-0.021997298038508306,-0.012695174149576327,-0.019508022254606794,7.453218455516497e-05,-0.012323046254891334,0.013866592644716458,-0.005786561740570018,0.0,-0.023408477716191534,-0.025235529289425795,-0.00803247488433928,-0.0017138819491037127,-0.006686246756164027,-0.010020650097308847,-0.005679355994434254,-0.021153162245110102,-0.009791915575495747,-0.03010099520206244,-0.008629573117109823,-0.025881910922782747,-0.02158918698128448,-0.023810254864929103,-0.04374663174450033,-0.023091509682658495,-0.0051425481218070335,-0.018537371925600565,-8.469489746520953e-05,-0.0025492788884193263,-0.02258007422002367,-0.02008987847143251,-0.013072721764726514,0.0028323571663525504,0.0,0.0,-0.01656799495371175,-0.03109729760636737,-0.01197996944224694,0.0,0.0,0.0,-0.0051065510326472885,-0.0003571855714150085,-0.00035269623816258644,0.0,-0.010510516091086164,0.0,-0.015846240564798997,-0.009648936297839084,0.0,-0.01545782663592854,-0.009006774830869868,0.004342869095683599,-0.0095608763967579,0.0,-0.03173236180490152,-0.018025537145311243,-0.0015216090457261244,-0.004957048988245061,-0.02365193353617734,-0.008024624422115212,-0.011499576336319817,-0.0041943833522143925,0.0041286958455829526,-0.0009607132442426836,0.0,-0.02121436373634006
0.0,-0.012726957057293431,-0.013692263625391887,-0.006069382524794997,-0.04441396624095839,-0.024060134958549306,-0.009017383685710256,-0.021636267119934105,0.011451900942518245,-0.008462736180448904,-0.03434132451667593,-0.01654817830213534,-0.010455002050025974,-0.05294890684636416,-1.1102230246251565e-16,-0.0001785269971750214,0.00017668270022980215,-0.023408477716191534,0.0,0.0004377123734333188,-0.0026713607812417495,-0.013714750527592079,0.02320048051026735,-0.013856546291288296,-0.031574241189602725,-0.01011193237308583,-0.005390335681526748,-0.00807650164059115,0.020539261788833807,-0.009390732173638394,0.0018860817900724913,-0.012967404726844156,-0.01304288525681857,0.002509230935834328,-0.005524239419288479,-0.0037912313864505442,-0.009174589537470135,-0.02235732752309677,-0.06560195757134868,5.255221285860312e-05,-0.06334233540977136,-0.02557452743875105,-0.13109840530079248,0.011088336926233233,-0.0004924348643829402,0.0,0.0,-0.1885403795555995,-5.551115123125783e-17,0.005848575007197043,-0.023996190376372017,-0.014005394133364435,-0.07002800830334227,-0.04933785420844383,-0.00011593476115212553,-0.1840973424087477,-0.024909180805446185,-0.008832627955853378,-0.029227680825418267,2.220446049250313e-16,0.0,0.0,0.0,-0.12287151498924165,-9.507068138803199e-05,0.0,8.504015136628906e-05,-0.04376223784015104,0.0,0.0,-5.551115123125783e-17,-0.042489981479551464,0.015596708424147399,-0.024074274924269834,-0.0003277617124624044,-0.013320109685369674
-0.05147074738776619,-0.009971160875092755,-0.016172969242736923,0.013296442830342592,0.004259627611593264,-0.017683994628987454,-0.011933102317846722,-0.018334468901483658,-0.003328802614309734,-0.02650551767145748,-4.589725449116733e-05,0.02285725187984705,-0.022600613627259514,0.0023976787902956764,-0.00018157618753056326,-0.008249721570051771,-0.028537511713106423,-0.025235529289425795,0.0004377123734333188,0.0,-0.03321712707953345,-0.018619298971134346,-0.010638801447951651,3.353094593139261e-05,-0.043111882051394546,-0.038618942745306084,-0.03739571948326642,-0.06678745729667074,-0.008516843623817716,-0.04364849632506934,-0.027875856468316362,-0.016636583175741404,-0.04210395768878017,-0.033409607629851956,-0.007408275245303353,0.011597628079122457,-0.0202148465319949,-0.08273613957377723,-0.03006772869399854,-0.04237813452798461,-0.02874705156344126,-0.036493328228898,0.001293773529350617,0.02874056241146583,-0.0003393703865768316,0.004269196102267503,-0.023659990593631552,-0.029398342532457877,0.0,0.0,-0.00987985288693688,-0.003428201264756181,-0.006970850995300315,0.004839197176030707,0.00018759091945230733,1.1102230246251565e-16,0.00922062588127387,-0.01666308727795729,-1.1102230246251565e-16,-0.04056786739124718,-0.0010241857099049234,2.915294080202413e-05,-0.010605581603502279,0.0,-0.044309274266484455,-0.04061253195192999,-0.03975861399386349,-0.03088465271324925,0.0,-0.01097279162611925,-0.03215454934700862,-0.03201879428376736,-0.01789998818029026,-0.01377057633353529,-0.03041425566338274,-0.028918947062753664
-0.04831552554440466,-0.015869578209553092,-0.03592302909855949,0.00113050386929342,-0.035709311627266316,-0.021808727061833955,-0.01428932986489223,-0.010392703994935304,-0.02002612608783172,-0.027600276473703445,0.012432717575848962,-0.026143519083188516,-0.021346993808642356,0.003271415815607581,-0.029018347722167492,-0.006880755594678267,-0.03343043778866395,-0.00803247488433928,-0.0026713607812417495,-0.03321712707953345,0.0,-0.02497032326604881,-0.026740103688340178,-0.04881220135057346,-0.01915287675028382,-0.019845892990742908,-0.0446938340284484,-0.032496885230161476,-0.014982612457561773,-0.022116020749852583,-0.02184382662346329,-0.010443724093016638,-0.026842446539314113,-0.02240053214010118,0.00026133786260201797,0.08212672516355218,-0.016641860260255492,-0.03859603501359099,-0.02546091673751183,-0.035456190206993976,-0.031012194067320697,-0.027637865396187677,-0.02036314797998956,0.0,0.0,-0.09246143338317997,-0.034325660017794635,-0.01771641242836064,0.0,0.0,-0.006854024719428642,-0.01302486009243431,-0.07180145090488854,0.010003910896111579,-0.012217429004311386,0.0,0.006321457153099286,-0.013579687357526848,5.551115123125783e-17,-0.03830494499718268,-0.009208374101198957,0.0,-0.007736872204947953,0.0,-0.042149955676619555,-0.030004398839549973,-0.03542564640885276,-0.005397146434275191,-0.005106101413561659,-0.019863860873063965,-0.030836638577712683,-0.04071874077684884,-0.008994320404401124,0.0015753871334711067,-0.026871086776141195,-0.016931458578515468
-0.016675669651559144,0.004261434070674253,-0.000977294079484825,0.01631649845174077,0.006320492718900894,0.0017923514470283286,-0.0032700174457125364,-0.02497783608695192,0.006258013750818858,0.00047514864274933455,0.004243700892281654,-0.03999200649310547,-0.006202065254376832,-0.007351440174476198,0.001720043958373496,0.004199091579150771,-0.007395694556239396,-0.0017138819491037127,-0.013714750527592079,-0.018619298971134346,-0.02497032326604881,0.0,-0.04344153489411695,-0.011493519905447114,-0.021189840120565295,-0.00883707748373358,-0.039309100858944124,-0.04639932537715685,-0.023046995270273207,0.0069509570654293085,-0.023304629807560207,-0.012400278351994198,-0.0367223852920191,-0.021836242746074763,-0.0020948347918548493,0.0043901948767058885,0.004806310923959167,-0.03137225347238004,-0.03106437973013576,-0.021977349554124892,-0.026947673848727205,-0.030564881344452732,-0.015200162893876157,0.00023134723737311402,-0.0002131079772823008,-0.027506954936512285,-0.021610874046786244,-0.0033141761685420157,-7.72846001223515e-06,-4.9031173930402794e-05,-0.01364222230420753,-0.006263859601095156,-0.012399200889036954,-0.007784545166820311,-0.004478325970873109,0.0,0.017293849326789845,-0.0068963144813432575,0.0,-0.03727668462591266,-0.002214212126568582,-0.009010631143732573,-0.0017146515705783738,0.0,-0.03761842269823856,-0.03846892598511292,-0.027492950546915473,-0.02576874858892597,-0.013517422333263696,-0.010798433427231469,-0.026915814635795454,-0.03126472339052899,-0.015178346331778836,-0.008265019192645606,-0.0045375370716018715,-0.02034378351329169
-0.04499423320816637,-0.02372182597927719,-0.02583245187615968,-0.00933972879305911,-0.021698605252305603,-0.021044760323183365,-0.019468466015859998,0.011333097298956485,-0.034730386199850694,-0.016304848178853026,0.037934130636394,-0.0033202612198687254,-0.022884549683444222,-0.0018006523372211536,-0.040470843020391944,-0.021195554502380753,-0.01064323828601027,-0.006686246756164027,0.02320048051026735,-0.010638801447951651,-0.026740103688340178,-0.04344153489411695,0.0,-0.03518204321044488,-0.02082327584323873,-0.03352724643535082,-0.02390996399883316,-0.03083246273720458,-0.02533631939193509,-0.030552493055038155,-0.02348392822515083,-0.014973904236557034,-0.050512772011867824,-0.017082467683682212,-0.009252403161061573,0.04336130420928069,-0.0143647999223952,-0.0022720277756130836,-0.018906083099451743,-0.007822615056638726,-0.009273088081487968,-0.006087060561252855,0.018610123387872768,-0.011344826522535156,-0.007339097149481333,-0.030505537204818134,-0.029610850219050133,-0.023359885893024956,-0.015327157873047448,0.000993098265599457,-0.011552520363411145,-0.01727461607202546,-0.040336168126337335,-0.03029163096710208,0.001572817306573937,-0.04609597165407592,-0.028523632084025807,-0.019483053899867764,0.011878853945382739,-0.03828521780116978,-0.021422615146894308,-7.09177526293514e-05,0.005040455393406085,-0.026338400048149135,-0.03500610353149075,-0.04620829198233872,-0.041509049036821455,-0.06434479518116654,-0.00027330289886629,-0.014849363007528371,-0.03482712013953265,-0.028822756397924476,-0.017115296520994805,-0.013664430574793662,-0.013911677276699952,-0.010365553605745592
-0.038927680723476576,0.0054920792144158015,0.007982924840753136,0.09122873624907973,0.0067907146470264634,-0.020284752063335576,0.01599397535767022,-0.02711951929623979,0.005211376494052178,-0.0016604275268543023,0.026677795581896646,0.010496117398945015,0.0016556067048149048,-0.04161043931595848,-0.03330863150948299,-0.0036003572058609934,-0.030243706031224338,-0.010020650097308847,-0.013856546291288296,3.353094593139261e-05,-0.04881220135057346,-0.011493519905447114,-0.03518204321044488,0.0,-0.006498705203048183,-0.014206999902323325,-0.020349399781027344,0.0027976148281744773,-0.0013840827224021468,-0.007479117170116845,-0.010234388702217323,0.007390029991086622,-0.014369973537812553,-0.001625525311245657,0.006332346612770545,-0.013047469105577858,-0.005878795198608011,0.018807522695336587,-0.026620417551096953,-0.006575530147194364,-0.021615378780980077,0.03931288389634097,0.008013955748236268,-0.0029667289566449595,-0.0016292518375526366,-0.02640188535799537,-0.019823671095857198,0.0,-5.551115123125783e-17,0.000280112130596033,-0.002569083737763489,0.0002400286745182223,-1.6653345369377348e-16,-0.0004989957629855102,-0.03767361647683132,-0.00036708886398889584,-0.026031613446161728,0.006867688820877127,0.0,0.0009158518841423935,-0.006403444417749704,-0.00794703754161119,-0.006491160655842432,-3.413518718936581e-05,0.0008888205000177618,-0.0030936471867212822,-0.023335341638816787,0.0008916430195919367,-0.010559550050775801,-0.006746522859263748,-0.01202745673480854,-0.0005271586271706763,-0.014533680581228614,-0.011738587675376111,0.0,-0.003409103774571265
-0.02473598934593252,-0.006865773155893984,0.008390296857163249,0.00031725500344031987,-0.0005488309276252545,-0.004718050922528638,-0.012004977841902686,-0.005263744216232102,0.007557609764714757,-0.013598312585291317,-0.007186097155333193,-0.00873241034747585,-0.012553802375196155,-0.003799931179230276,-0.04367488429754912,-0.017008089292980866,-0.025859345050621596,-0.005679355994434254,-0.031574241189602725,-0.043111882051394546,-0.01915287675028382,-0.021189840120565295,-0.02082327584323873,-0.006498705203048183,0.0,-0.016513627518260743,-0.025004849514317473,-0.02981191527240762,-0.0019766645978397945,-0.026962963800413076,-0.028173065745445813,-0.02181570166856306,-0.04011487145323139,-0.020242313584210025,0.006195246755423378,-0.010523741185859303,0.0027264957866218187,-0.0051016306055617355,-0.022455558375743978,-0.008642127686179113,-0.00954710828558425,-0.009514072990748468,0.005481385511607428,-5.551115123125783e-17,0.0064697603860754405,-0.031907269597086674,-0.028285180662171616,5.551115123125783e-17,0.0,2.220446049250313e-16,0.0017619931809636502,-0.0012997911478126456,-0.014280626658719042,0.0003265448538152249,-0.006582451900972841,-2.025052905840763e-05,-0.0170465771878775,-0.008074821468336435,0.0,-0.015630826798560815,-0.00838811688001001,0.001823632072535053,-0.006702309346626301,0.0,-0.012356531665280557,-0.00587226720284062,-0.00807035281453855,-0.017316704448085474,-0.01742270977410687,-0.006548077219496684,-0.01221399555688324,-0.02218420331750942,-0.01898036131230113,-0.0035240099448611284,0.0,-0.01917542068415673
-0.015336731412056326,-0.01531398499306047,-0.014538905083353149,-0.006190815149285489,-0.015531713173917383,-0.01752584787408562,-0.010008497378180714,-0.013977830902644928,-0.0236846883573128,-0.004750142952398839,-0.012782105611212236,0.00381743570091303,-0.012326426165950866,-0.021157328869650438,-0.04076333665064419,-0.017919289062196753,-0.02159177360887049,-0.021153162245110102,-0.01011193237308583,-0.038618942745306084,-0.019845892990742908,-0.00883707748373358,-0.03352724643535082,-0.014206999902323325,-0.016513627518260743,0.0,-0.04145083469637695,-0.025830340217735837,-0.0038480115730442077,-0.022506684295156842,-0.02444563501887137,-0.017377864199344673,-0.0406510158753578,-0.01852372064033847,0.008446884399380905,0.00852435771327259,-0.023957479730381592,0.00874895490354144,-0.03463049122025508,-0.021449661174902324,-0.018441053234170723,-0.026443410821688218,-0.010737995965060254,7.251946013164812e-05,0.03262078727668305,-0.038743700237457046,-0.030888533759626746,-0.007082699540295223,0.0,-3.218240696661878e-05,-0.010244848775030735,-0.006917067839402158,-0.009003251276108737,-0.00282624749554633,-0.025168804056644123,0.0,-0.028720044352788188,0.0014775669647381084,0.0,-0.04888538369438361,-0.014924437450819339,-0.00800086697282637,-0.013593826401702924,0.0,-0.035593504347739,-0.03380894911691956,-0.025964388388841297,-0.029379683373344234,-0.031765021903334856,-0.015176257350821787,-0.019274443447177103,-0.02919495445581971,-0.005645421388154825,-0.013030094983551288,-0.00013482692139044072,-0.024302258927515252
