0.0,0.4662943395143877,0.2772479226832036,0.0,0.2557948419841708,0.26498841319868366,0.43703391211089104,0.39398793838709245,0.31509279311526434,0.36879320690511164,0.5160082954030143,0.4095052897605522,0.5038634057210025,0.3960992675679302,0.3701349820960761,0.5670055713363759,0.23703772298145837,0.4788329869114787,0.0,0.22144361736254026,0.18784522453082203,0.49617102496392806,0.27561341603758005,0.38225262708265917,0.3308968810245437,0.5718956923225931,0.29369936690808884,0.33511635192109734,0.44530404238709725,0.15376810220303466,0.4501674913651986,0.5101989311244767,0.28911052605480225,0.37397563991521265,0.5666447440669501,0.5932685155489703,0.5059852801878142,0.33750627709564907,0.38936635812329407,0.40870371367772856,0.38467491053342745,0.5314136482615566,0.4745873934631169,0.0,0.39508455132605436,0.26608760804566045,0.36491293978361683,0.0,0.0,0.0,0.5436459163527378,0.0,0.5733624560019956,0.0,0.2862026476138819,0.0,0.46288842147632814,0.8890312520103252,0.0,0.41690264631347224,0.4714180352293692,0.28893225841536496,0.4471792409042345,0.0,0.4602789042017895,0.19269296770702066,0.3920921533511763,0.3258864959944904,0.576093638141517,0.500423843465964,0.5195879709223693,0.47268237292170356,0.4321461548881231,0.6856489457727375,0.0,0.25302505341747233
0.4662943395143877,0.0,0.6476534729853878,0.4127726249506701,0.6099216085825612,0.5996132712471947,0.6338289702154732,0.5319562739655977,0.5356450037158423,0.48988914123324456,0.3672669245695962,0.47720636341530265,0.6547990487387182,0.2994749592267969,0.4140743513153985,0.6526416921156064,0.3793284420166113,0.5716191137464788,0.5094083494227102,0.5248577674322705,0.5075921447648541,0.7088691321634245,0.5102849107341998,0.5386616000545867,0.4983716876942241,0.42203119992284266,0.5072005819126075,0.5434412713410439,0.6294810541797634,0.543735676286611,0.5001091365749346,0.5541992907799302,0.13592347660442008,0.4899397665873383,0.7171361052510035,0.4522287254697308,0.051124884615956656,0.0,0.3519394497319922,0.4697253877415767,0.36850477398448134,0.4817086602682213,0.44936429455351434,0.0,0.0,0.3190785350888914,0.3814457334296998,0.039718667929324734,0.0,0.0,0.6058950312093864,0.5871830815826763,0.5563962307238602,0.7580579284882425,0.3274226322149418,0.0,0.35119597635641375,0.6263866663565588,0.0,0.35579648515984585,0.45019284377034463,0.2987118910002113,0.5055367747794299,0.0,0.533370095251437,0.5267388108654305,0.5515686172246133,0.4339249999642687,0.3537324690231505,0.4322306089540652,0.5104133438472294,0.4673711770562455,0.551641845448072,0.650334594035997,0.0,0.42524963920849246
0.2772479226832036,0.6476534729853878,0.0,0.40623999383159387,0.3987979503977177,0.4229578562086352,0.4778430855499501,0.5698713783145566,0.3651211034139378,0.5065565277607182,0.44188550297007967,0.5671289211339622,0.4767946182715395,0.2940799778194592,0.14446911122035722,0.44848906461788396,0.47456957468012356,0.4138808572467375,0.46945046433361204,0.3254052194517673,0.3417352778872722,0.628515952972175,0.41106055929435786,0.5811787674270383,0.6070237281107209,0.4692602754827972,0.2926248833440069,0.5095453791947939,0.5196168063733899,0.43117905140909213,0.5930203163570686,0.5020113695831929,0.4386462506181517,0.6344858917295026,0.6526577279691926,0.5659053554928655,0.4255517796719803,0.36859043766616284,0.6322210261470723,0.4944689855330594,0.46109231168698145,0.37537216000096085,0.22481596784209296,0.6616806855025468,0.0,0.0,0.40563744007219543,0.27752158819015216,0.47698403553562113,0.5798270292899954,0.5291311915761141,0.5328390288164944,0.4903374516409488,0.5898630991706243,0.4217629009791344,0.2692006315844915,0.4571489873085969,0.5156553407988185,0.2472694435674621,0.36119057916262776,0.0,0.0,0.0,0.2778688363423192,0.4188738595645152,0.5076504540448048,0.2534733269964793,0.5124590550445314,0.0,0.5609670253593915,0.348845760577315,0.5303448997238684,0.4812462619703475,0.5023659426204948,0.48247824656811805,0.3954983078357568
0.0,0.4127726249506701,0.40623999383159387,0.0,0.5118129976787831,0.5363258282865835,0.6779084284233967,0.22340047629858895,0.5868328420213798,0.32308647116513745,0.40276509039831926,0.4471344044456904,0.5928353716323761,0.28670660070685106,0.6888737455686187,0.3082931746452699,0.46783819696518314,0.47216727597944197,0.5493115182603782,0.7030964205665009,0.47354010626384996,0.7029406936474036,0.5674353958518066,1.159396481502076,0.8101572442571816,0.5144336388486651,0.55388202269839,0.5068454610853522,0.5373102426025307,0.6544534126761596,0.15264074447807485,0.2152164247600986,0.203759425997725,0.35963392848933834,0.5157999959034032,0.14904419356884072,0.2044614164543773,0.27436172022315997,0.4181435556809827,0.3773655161659692,0.4868177284940588,0.375073417749219,0.36965216161496317,0.339345568360777,0.0,0.0,0.0,0.42355438989954824,0.0,0.0,0.6447631267781286,0.0,0.4679215963563147,0.35554917814772735,0.0,0.22145573530813129,0.3844698314097407,0.4539380269072341,0.0,0.0,0.0,0.0,0.0,0.0,0.0,0.0,0.4735204554118943,0.48851089114150786,0.0,0.0,0.0,0.3339693417273676,0.48143559389802504,0.6520215531918527,0.0,0.0
0.2557948419841708,0.6099216085825612,0.3987979503977177,0.5118129976787831,0.0,0.2527431673531812,0.4074019465960256,0.6308759130455962,0.3535894892333443,0.7469561250723347,0.34002882404094154,0.5965751362992706,0.5126561231589103,0.42455133115099153,0.4272679681802232,0.6411562475110191,0.6253156905510711,0.4276218391767873,0.26050697823882824,0.643735613737991,0.3628448251491223,0.6147349256288582,0.3936309012807217,0.586365910510044,0.5835759643596654,0.46570796012041715,0.2281804735774541,0.4837872785006943,0.4536452568857747,0.38281990913183794,0.564593114356576,0.4662833885848199,0.41369518938101213,0.6622259533205261,0.5295316992748345,0.5390480688061423,0.5484665382716528,0.5386591162161425,0.7120547910850956,0.7869266494636471,0.6429130930522434,0.6955792989906552,0.6119534096001409,0.650716510629258,0.3720557026588536,0.0,0.08321541143139605,0.5426648344401577,0.0,0.7256388940000873,0.6151390372495096,0.6130229238241159,0.5099301612150732,0.5655194373071155,0.0,0.052404578795394896,0.30504482059951477,0.7198242338630962,0.4307876717996628,0.35437643764732163,0.4614451577855626,0.0,0.0,0.574232339289333,0.4010244751294604,0.4978409123805595,0.5016520375228523,0.6005606877284333,0.0,0.49443108707433847,0.6649531194595573,0.5751838276569748,0.6642349963914146,0.47614426687627476,0.0,0.6208330964550386
0.26498841319868366,0.5996132712471947,0.4229578562086352,0.5363258282865835,0.2527431673531812,0.0,0.48280766427195176,0.6866216149145639,0.4178582866582411,0.638714203214982,0.26765347915338933,0.6710561052682982,0.5035944832073792,0.5165091826369985,0.38809554952758285,0.7339063019589787,0.33338479565384405,0.7040580782984471,0.44374411755197274,0.42322372595663316,0.4527853328291548,0.536335370636567,0.43858712140006606,0.2964996037628688,0.5526945582942653,0.5488582840835186,0.38397453796806946,0.5468064217191386,0.5582147455247279,0.61583901743132,0.7598332064809353,0.5424029148386892,0.5182229989115779,0.6952767568195084,0.6736050933331814,0.763415177713975,0.5554669390679374,0.4493710193779864,0.659981849478236,0.3596314743105523,0.588798434428512,0.7037686632888799,0.7337884374621919,0.5732185547477796,0.2705645199411759,0.676092557735886,0.4833950945416802,0.4709832574474062,0.6275142366673763,0.5065579510826543,0.6140199533831923,0.5822085495713012,0.7537730970553042,0.550950778091503,0.8000878756898969,0.46445481433057756,0.4103771235642875,0.5872215390952503,0.3821291625167321,0.399763789988824,0.611972253397963,0.0,0.6796606296048335,0.42350643089393175,0.5119265968731904,0.3529384388328499,0.4668617520764013,0.5387276704666026,0.49821159900718215,0.5295320743941256,0.5094135774156939,0.5322280756024785,0.5504540427739559,0.6377042987886982,0.5878998285365513,0.5986941163982119
0.43703391211089104,0.6338289702154732,0.4778430855499501,0.6779084284233967,0.4074019465960256,0.48280766427195176,0.0,0.4433143310800975,0.5719113506799262,0.5577982113466151,0.45859966695283777,0.5403116203045911,0.6895791972313925,0.2896108484450959,0.5724725299721856,0.5377422994504089,0.42938439082582536,0.4685276546384305,0.5281046024651099,0.49622049213512415,0.42831727931528474,0.5549288267291546,0.4689449361377794,0.7155512808690538,0.5305463053780892,0.6023016558297599,0.3277455955780463,0.4788987334151994,0.4967262378577548,0.30091297174145126,0.47496849857970036,0.35336861283845156,0.4191649494238114,0.42461819084324576,0.2272007108702657,0.57091986349077,0.49301996241795876,0.28704882686609123,0.7307776764168643,0.25816530977701185,0.7685230140209072,0.7371614955872229,0.5231127029185936,0.9318810738170613,0.3478164409438571,0.0,0.4176078895580322,0.37632797956658876,0.0,0.5984321675225435,0.6115319867491928,0.5804692530767268,0.6344280957822304,0.5541919493048295,0.5444298560625178,0.2278769469396889,0.4577083149492177,0.5318134374722254,0.4001010728991824,0.30550833780793724,0.3952623508305294,0.0,0.5067610193008121,0.5471439661545113,0.5741733832869851,0.41025157612542884,0.5962636983429077,0.5426738452244445,0.46376906598876894,0.41215369701699145,0.4891923623246718,0.46742601845190795,0.5543367990864794,0.4603311477377934,0.6023069744806079,0.5634594856073262
0.39398793838709245,0.5319562739655977,0.5698713783145566,0.22340047629858895,0.6308759130455962,0.6866216149145639,0.4433143310800975,0.0,0.5351516652858195,0.42092909971438264,0.745347241007865,0.6252417026490706,0.5620745904378959,0.6765724666333892,0.52239089377821,0.6453100572783224,0.4130869096311167,0.5995390668204342,0.5160282263036045,0.4072347870939012,0.49799055461324676,0.4186909564385979,0.7108708654228365,0.285708326653219,0.5880748378645091,0.5259446076889545,0.45125743524145706,0.5084571183210858,0.5993651997347452,0.6139259125457978,0.582488218952856,0.671406224731372,0.2571814698666495,0.6744426097617117,0.5707124108208992,0.5526661249519993,-0.032610200690810554,0.6778944926908159,0.5738420965519802,0.42073108754415245,0.3605105844358715,0.4669568076478306,0.3026493473847782,0.525725066984238,0.0,0.5381689614076784,0.31375652038693735,0.352825220504388,0.0,0.6440971190246523,0.6846003014088257,0.54618316669055,0.740846328095909,0.42001168386571325,0.6446937391295335,0.31017112381485673,0.9903101844319673,0.5351250328244634,0.5112601875574324,0.41636850347637133,0.24596241690514997,0.0,0.5807344199202628,0.28938851202233545,0.6697521852790771,0.4934980257520871,0.3786889031138916,0.475712572259427,0.0,0.30898421354350675,0.44306093081981546,0.441279130854364,0.483590083391391,0.523903304767868,0.5623974333194877,0.4095237359305365
0.31509279311526434,0.5356450037158423,0.3651211034139378,0.5868328420213798,0.3535894892333443,0.4178582866582411,0.5719113506799262,0.5351516652858195,0.0,0.6458319802939341,0.26027696794534155,0.6057184729055349,0.5511762450571347,0.3843219275456624,0.7000690469494869,0.6960982239653857,0.7291130501433705,0.6812580229510606,0.4711634412621778,0.5729822583287547,0.37505348569229724,0.6327482599452596,0.37360699958803173,0.677496314595263,0.5909143561494175,0.4930641943244856,0.3125510527902321,0.5565265010701095,0.3929616808587252,0.4994299491186081,0.6395328848486939,0.5688066871820935,0.5273975678283257,0.6621876115969763,0.6136437824814598,0.7181485369800112,0.5462111021114627,0.5784092255330072,0.4346203318750133,0.5687153358391324,0.42416356159174096,0.3284420230026811,0.22728131410715274,0.23679420663930803,0.2234369577219384,0.0,0.42679507786323384,0.1662579798265602,0.47008341455402225,0.6796985511075038,0.5705465490477766,0.6318653365812816,0.45717300645499737,0.43264068083134627,0.23264281564674097,-0.005474364821025146,0.30047599750753784,0.5083611522859421,0.3124245142918157,0.4764597404825153,0.5366953748831087,0.0,0.0,0.4289822180281391,0.6930073984637208,0.7927928173763532,0.41064575907725187,0.5008431040965555,0.42204971588802564,0.45822129664505795,0.3171878751626962,0.4607819676908004,0.4688731523359986,0.5133270482636758,0.32663682887291634,0.5983563492714736
0.36879320690511164,0.48988914123324456,0.5065565277607182,0.32308647116513745,0.7469561250723347,0.638714203214982,0.5577982113466151,0.42092909971438264,0.6458319802939341,0.0,0.5742933343446988,0.5623272173193976,0.6139398682420654,0.6999745547703364,0.4472950361141388,0.44199132857482265,0.5117014248115428,0.38601775964097135,0.56799391531361,0.2961012452600466,0.5336838769520621,0.5269922743131865,0.4185605024123072,0.524242060398683,0.6427339598970595,0.6395538080520288,0.4372017129368433,0.748605892828246,0.5075003107554701,0.6965152449412069,0.6989732416840125,0.3396120941638817,0.3141228929772144,0.5580895828650331,0.5121988952407434,0.7266647673395774,0.3786356247031064,0.35153721682211586,0.18202992607824497,0.33046672545380396,0.2689300105986135,0.22962751611296314,0.505942588383483,0.3168358918387204,0.3270711885381483,0.5344704736607562,0.43550653186803906,0.35830907795375977,0.4747647657647672,0.48912883302288934,0.4435441744763444,0.5359550534418713,0.6096480734717902,0.4159604415843349,0.36138059802281886,0.4507710256868995,0.3808052714254916,0.6085214178040643,0.0,0.6147886910067804,0.5170122032892057,0.46141555496971387,0.4820751245852851,0.4833777809964914,0.4758903473701235,0.6351879110259204,0.3572881042208287,0.4593160172982719,0.3701289627190152,0.45525226495742654,0.3961842513824053,0.37174258416012373,0.4603630950301422,0.34161390783922496,0.0,0.37469181646890243
0.5160082954030143,0.3672669245695962,0.44188550297007967,0.40276509039831926,0.34002882404094154,0.26765347915338933,0.45859966695283777,0.745347241007865,0.26027696794534155,0.5742933343446988,0.0,0.5459840055668146,0.44856692905203177,0.47497000631538666,0.0,0.5016001239402244,0.3333217745941497,0.4214375082034934,0.2798387683493957,0.46183917962844695,0.6431196656446188,0.4482712724639689,0.7536579016375864,0.7873599262081779,0.5513827759667439,0.518462516300149,0.40012958326493975,0.476184971186429,0.41379838440875255,0.2488197712102519,0.5024769156853585,0.22579166300202652,0.30580263506879374,0.5930907687012951,0.463907364909788,0.4287059463615581,0.5812486904534806,0.45112948031811706,0.5618265360182338,0.37135271497228933,0.431546217270278,-0.08387180573788844,0.29714824601126855,0.5046670072137532,0.12125052786953798,0.0,0.0,0.07588274626446767,0.4801710812081085,0.4171448002230558,0.5378612377048597,0.4726677732179493,0.40359146923254485,0.5956182521736444,0.3253603989317789,0.14257522427315777,0.3064138403162943,0.5839984015740954,0.2886568354150318,0.0,0.0,0.0,0.0,0.23461271755021362,0.26636733750729524,0.0,0.5330167055155073,0.4798740769601442,0.0,0.0,0.9395052817273564,0.48134204915541695,0.5344966038241276,0.20570003304996312,0.0,0.5216829310186253
0.4095052897605522,0.47720636341530265,0.5671289211339622,0.4471344044456904,0.5965751362992706,0.6710561052682982,0.5403116203045911,0.6252417026490706,0.6057184729055349,0.5623272173193976,0.5459840055668146,0.0,0.6080246692316281,0.439446617707408,0.6026764018056899,0.6194979330955922,0.5493878507251347,0.6001087982109362,0.5110959032686695,0.6669175088125511,0.4494459717386248,0.22793626117150323,0.47906145730746674,0.5869246331781592,0.5973453865475091,0.5493035606254152,0.48199957372637536,0.6484224122882339,0.6710173244281027,0.3502189215231044,0.5735227038580909,0.5603243477461142,0.4266767453502099,0.6823839643466507,0.6931366978515814,0.4776707205255376,0.1465236003413512,0.48427605409799923,0.782978906445412,0.4118939012349911,0.40986834637759195,0.8003343525838215,0.3804902896391602,0.4609410954297764,0.3833976681563037,0.38050876924999844,0.47036918970110475,0.3863634661952994,0.42677395342737817,0.2922677037413903,0.2506724638004991,0.4984356747677504,0.38295903569788337,0.3177206134387401,0.3821868336100248,0.17127800156181283,0.5287419493188905,0.5278652678325104,0.5732679114641026,0.547160775551091,0.30801974095069806,0.4662179439122576,0.6527390140943222,0.2910911550434684,0.4295551164410752,0.4729308546403724,0.23753745432608775,0.49261587943358587,0.3904756387319353,0.5248078865224759,0.4148162160341512,0.3220075711839305,0.48607845292253005,0.3719335855454974,0.0,0.48866545925752647
0.5038634057210025,0.6547990487387182,0.4767946182715395,0.5928353716323761,0.5126561231589103,0.5035944832073792,0.6895791972313925,0.5620745904378959,0.5511762450571347,0.6139398682420654,0.44856692905203177,0.6080246692316281,0.0,0.34563115410703554,0.3987161230733831,0.5368301494803598,0.4169786906051412,0.5243008143775585,0.5464381564020417,0.47087874219038156,0.4434973435435471,0.5460369907883893,0.49487228978170417,0.4910763360706833,0.5955873612125839,0.5965769086360502,0.3937850969721738,0.5640865144010813,0.5239086800678768,0.42310823644535234,0.4012934452628995,0.4226428101930567,0.36783947967773456,0.42778391400283444,0.19144762999475246,0.5140785354299049,0.5030555050685317,0.3501058243983405,0.6905722185666181,0.4133323084425286,0.5886003145111136,0.5032471955967013,0.6852054445297543,0.419943559956649,0.37959178987995223,0.7982482536483244,0.5612440941326056,0.5197469193802746,0.0,0.6324114563051733,0.6215759255377866,0.637819617034177,0.5255084922879609,0.6397223409153843,0.30759720020220693,0.2614458519658275,0.0747781900858688,0.6287309965534531,0.42785555877711157,0.7120696907361965,0.4108799649941592,0.41988251835279683,0.4472011824982413,0.5100324783751202,0.47664136149741826,0.48605891946823077,0.5992078444506701,0.546014977683084,0.4501441288231535,0.46764677397008503,0.5026830486761183,0.5185363554744845,0.6041070543830374,0.522325351384237,0.4041559424254087,0.5620962366570359
0.3960992675679302,0.2994749592267969,0.2940799778194592,0.28670660070685106,0.42455133115099153,0.5165091826369985,0.2896108484450959,0.6765724666333892,0.3843219275456624,0.6999745547703364,0.47497000631538666,0.439446617707408,0.34563115410703554,0.0,0.34269880728388435,0.5083495641660762,0.5028623767607452,0.4769421543116015,0.29927303765633034,0.49795310867462805,0.5895399438595964,0.14800821519776064,0.6280555683496987,0.36128096020463196,0.42490004314293717,0.31766963774387547,0.3421690947244658,0.2715708494767096,-0.006168376686933624,0.5168924580810523,0.3100747600010414,0.02068973926693307,0.15252312896935155,-0.33248512826242155,0.2982315871162721,0.07089133393822977,0.18878727070983467,0.4485877582526612,0.3864953176630498,0.0,0.634583746913009,0.6982231566444699,0.592473458751599,0.47635147956795443,0.0,0.0,0.0,0.232800255727979,0.0,0.40932100105661745,0.4524289426684998,0.37313746006127047,0.4886251916738537,0.18205969539553968,0.0,0.08800749775188932,-0.3735706349644131,0.5174421766174696,0.36147393467143374,0.0,0.0,0.0,0.0,0.29082703265624843,0.0,0.0,0.0,0.5992082363879115,0.0,0.0,0.0,0.47730784932766085,0.6183940807852452,0.0,0.0,0.0
0.3701349820960761,0.4140743513153985,0.14446911122035722,0.6888737455686187,0.4272679681802232,0.38809554952758285,0.5724725299721856,0.52239089377821,0.7000690469494869,0.4472950361141388,0.0,0.6026764018056899,0.3987161230733831,0.34269880728388435,0.0,0.538299200920454,0.5008463908870713,0.47514326240312627,0.0,0.662967905524785,0.28488484936916336,0.6510871757895933,0.3790714708563803,0.32323130837610475,0.25464700693739706,0.313526273985346,0.038320066829418964,0.16213393525717198,0.3148257889314977,0.2942600198273073,0.40339814725653067,0.37065502813919415,0.2323736793701121,0.3937922040115284,0.5062111781698637,0.7086145537571473,0.3493280365624169,0.3915722292761229,0.24137263019261457,0.2958444044202947,0.2554147687226016,0.21874186403574822,-0.08729897609995999,0.6556710197093052,0.0,0.5485041928764074,0.2840410179426273,0.36500196824440645,0.0,0.0,0.38563933752849144,0.6596675647464307,0.47368611152469814,0.4253416636231181,0.0,0.0,0.6156105778122725,0.5154658653942167,0.4812827584342893,0.6100439822445074,0.49867879218481387,0.5383200200218042,0.47186280398348335,0.0,0.6464412617390458,0.28829072465397665,0.5346653164574321,0.7140189391135074,0.4802002192670994,0.40725913225594634,0.23624989881200414,0.4847837507775783,0.4409995816826923,0.481617538937091,0.27211706830956217,0.3035978660608193
0.5670055713363759,0.6526416921156064,0.44848906461788396,0.3082931746452699,0.6411562475110191,0.7339063019589787,0.5377422994504089,0.6453100572783224,0.6960982239653857,0.44199132857482265,0.5016001239402244,0.6194979330955922,0.5368301494803598,0.5083495641660762,0.538299200920454,0.0,0.4841732568763253,0.8432068354610831,0.46257786796393985,0.5522447494983673,0.6367272619177708,0.7332587388340855,0.5547083166700244,0.6167520109629512,0.539491184362399,0.5524442231915039,0.5308134491501217,0.3729659339419818,0.48285315864763584,0.4508423997250531,0.4425827697917112,0.5212206652602627,0.28400995281635955,0.29744492849750553,0.737535943536257,0.5443399994556892,0.41289607648641913,0.40199742438958846,0.4586958850710282,0.4546155249442255,0.4981007897439609,0.5915565018939395,0.46938670900277135,0.0,0.0,0.3103954518059884,0.5337642309080919,0.0,0.0,0.0,0.6398888491185253,0.5702494071052724,0.6625685759155865,0.0,0.4790366712167322,0.0,0.44040216508318264,0.6479619128249886,0.0,0.3847712812314783,0.5380051801205782,0.5055702966232135,0.5611434192574867,0.0,0.5116101701122481,0.5628584536231608,0.5825474586764166,0.4001981850561377,0.3831457686650988,0.5702466161787652,0.5745607305489091,0.7029462865126164,0.62493563426505,0.6288399717764925,0.0,0.33935709695740457
0.23703772298145837,0.3793284420166113,0.47456957468012356,0.46783819696518314,0.6253156905510711,0.33338479565384405,0.42938439082582536,0.4130869096311167,0.7291130501433705,0.5117014248115428,0.3333217745941497,0.5493878507251347,0.4169786906051412,0.5028623767607452,0.5008463908870713,0.4841732568763253,0.0,0.6588251788560788,0.7021980677499449,0.2757540029343898,0.19050606152156618,0.5818044445648431,0.4073037869911514,0.40619798792408224,0.3908402749266696,0.4056094586880302,0.5535542913628688,0.6879001375722718,0.3755027156426277,0.431683979779263,0.4378009506177319,0.2165192414334557,0.23723500908463985,0.32461485085417274,0.3752246852042091,0.585051559842693,0.36862158473255946,0.29229686645242636,0.47335262196896766,0.13329835653219968,0.004823089407216985,0.6003577924412238,0.0,0.0,0.28871748734388747,0.5278180044526641,0.43784291101741635,0.0,0.0,0.0,0.0,0.0,0.0,0.0,0.3191720741968098,0.0,0.27178891285273327,0.4014294140708278,0.0,0.6041640049013783,0.43733136495602964,0.4316749990834715,0.49366197930940076,0.0,0.0,0.0,0.6629137949119912,0.0,0.3942344623179437,0.5251029345551759,0.4461292731188742,0.0,0.26338956153241305,0.4790805857644258,0.0,0.1629832832267087
0.4788329869114787,0.5716191137464788,0.4138808572467375,0.47216727597944197,0.4276218391767873,0.7040580782984471,0.4685276546384305,0.5995390668204342,0.6812580229510606,0.38601775964097135,0.4214375082034934,0.6001087982109362,0.5243008143775585,0.4769421543116015,0.47514326240312627,0.8432068354610831,0.6588251788560788,0.0,0.36067405487528154,0.35687924250336067,0.5876320851775472,0.5901331896527127,0.6105255297636979,0.5352508631736065,0.620186087329597,0.41416376750080375,0.5947581209405688,0.33337992127430127,0.4868302767239138,0.3942019645876643,0.38052795308294673,0.3567341715262446,0.2993896864703647,0.42142642035105415,0.4801709845607305,0.42509137053230633,0.40566535099585427,0.37552773422146973,0.3874490159380357,0.32781978059761085,0.39169323024818137,0.5592417524246808,0.0,0.0,0.37603388566263496,0.3849938120556471,0.5382662307998786,0.0,0.0,0.0,0.5238302459695454,0.4889384420202312,0.5834405253428936,0.0,0.5054210680004072,0.0,0.43861771782644965,0.504870092938938,0.0,0.5167246666199002,0.4995591105536722,0.5953002011618888,0.47405504297883416,0.0,0.21568654918861863,0.5280102545723125,0.575304857263918,0.7569848814690121,0.43888982373090657,0.5037466897966227,0.5382322218883682,0.5201586541323361,0.7197725345920422,0.5835963348085162,0.0,0.4117523013834233
0.0,0.5094083494227102,0.46945046433361204,0.5493115182603782,0.26050697823882824,0.44374411755197274,0.5281046024651099,0.5160282263036045,0.4711634412621778,0.56799391531361,0.2798387683493957,0.5110959032686695,0.5464381564020417,0.29927303765633034,0.0,0.46257786796393985,0.7021980677499449,0.36067405487528154,0.0,0.5250602769086137,0.5549158421299494,0.4816600806473958,0.6553536808021521,0.464908611701579,0.31901911569984437,0.5300195254458895,0.5591726324435521,0.6023998017495609,0.7253211783963007,0.6030959906687978,0.6296196030244499,0.5581878354388381,0.4361722343391117,0.6487477972250764,0.5151248049842463,0.643234941844874,0.48989394746056647,0.37702727871416564,0.26832540919802433,0.4702189918880031,0.07266465661562899,0.1750613835064147,0.07695077537867745,0.5697252922142584,0.010428009377572262,0.0,0.0,0.15972804927949685,0.0,0.5061442025890485,0.4491206190359857,0.546638295672328,0.29064809862058466,0.411668112921571,0.621808835181411,0.14448996982289156,0.3081057953293928,0.5067885095109297,0.3525519940692289,0.0,0.0,0.0,0.0,0.3437143693823292,0.4787332084530864,0.0,0.4966135677536306,0.4275270297340929,0.0,0.0,0.0,0.4154874014552835,0.7530447927016337,0.27451881566563485,0.4626264276874332,0.49971666101590273
0.22144361736254026,0.5248577674322705,0.3254052194517673,0.7030964205665009,0.643735613737991,0.42322372595663316,0.49622049213512415,0.4072347870939012,0.5729822583287547,0.2961012452600466,0.46183917962844695,0.6669175088125511,0.47087874219038156,0.49795310867462805,0.662967905524785,0.5522447494983673,0.2757540029343898,0.35687924250336067,0.5250602769086137,0.0,0.33997055975572976,0.4379099149274071,0.5807989631796366,0.5834664614509364,0.2586995941647877,0.31198739564922856,0.33484484476408416,0.1744822476226185,0.5789503490195709,0.404541633237541,0.3793660316321423,0.40925856305102537,0.19430185160769411,0.3589361461211007,0.5775086246917415,0.8520000094739308,0.3653804590029836,0.17833924670619178,0.29826691129047483,0.1982973570154176,0.37730924842166563,0.2137708020778439,0.5339721834222309,0.500835413610458,0.3440544764872385,0.697839303628165,0.3727793860720522,0.42910449055572464,0.0,0.0,0.47006039412195766,0.6085596237638573,0.5976086824831682,0.5807304367771782,0.7901944616294871,0.0,0.7109349078342115,0.5023535790318667,0.0,0.34171844665572726,0.49998397204446565,0.4715239810536297,0.49821612669813203,0.0,0.27038894111572664,0.25037609222622004,0.2723212961197946,0.3998717635475526,0.0,0.4524221115763743,0.26228597115790286,0.3596344550940279,0.4101294910092043,0.4879843435237397,0.2807306527714496,0.35171314466720704
0.18784522453082203,0.5075921447648541,0.3417352778872722,0.47354010626384996,0.3628448251491223,0.4527853328291548,0.42831727931528474,0.49799055461324676,0.37505348569229724,0.5336838769520621,0.6431196656446188,0.4494459717386248,0.4434973435435471,0.5895399438595964,0.28488484936916336,0.6367272619177708,0.19050606152156618,0.5876320851775472,0.5549158421299494,0.33997055975572976,0.0,0.3581138210129694,0.40707074842681934,0.1856336698332783,0.4313646433811655,0.5042873745934848,0.29806840382833866,0.30964075350743725,0.40485590282874184,0.3956573111801813,0.4401988511504883,0.3630642233424285,0.30196157508013455,0.34592150960019147,0.5660064990655641,0.8731358838015613,0.29058183239270374,0.2552684213057812,0.3373808154798008,0.3523682936648109,0.25046786816067446,0.2909630403369311,0.47623349416469796,0.0,0.0,0.16023002922896512,0.35292696278078667,0.4769918973270636,0.0,0.0,0.5221066839189648,0.4156488616383973,0.34806922702843723,0.7027559478362863,0.614096822217737,0.0,0.8390563388943534,0.5092896509721638,0.0,0.3202971339311823,0.5356911571959881,0.0,0.5390950517735943,0.0,0.3296681738420384,0.46156411593245006,0.355792304429955,0.5555250760986787,0.5467360088762863,0.34400157888478655,0.4792992598417555,0.3148564918772372,0.5271046750858298,0.6391930965074512,0.31208383628381053,0.2678166850876653
0.49617102496392806,0.7088691321634245,0.628515952972175,0.7029406936474036,0.6147349256288582,0.536335370636567,0.5549288267291546,0.4186909564385979,0.6327482599452596,0.5269922743131865,0.4482712724639689,0.22793626117150323,0.5460369907883893,0.14800821519776064,0.6510871757895933,0.7332587388340855,0.5818044445648431,0.5901331896527127,0.4816600806473958,0.4379099149274071,0.3581138210129694,0.0,0.5390316644108761,0.39542683990489824,0.5327576438617939,0.6026116325525622,0.24131066732681103,0.3961432623460473,0.39670887972241375,0.6500260887037853,0.4509213667149733,0.5163514621873937,0.26984989889839417,0.4946859095411024,0.6506932231393137,0.6580736412337678,0.7526470432943436,0.2921887004653397,0.25371553225451565,0.3592515985837469,0.2958504123316531,0.2572896751222848,0.36426237632875563,0.3901603033956752,0.4096824485868857,0.45268885567886075,0.45619345781410137,0.5790089917674804,0.47818265770585455,0.40314667189018716,0.5210802776273623,0.6141463475047104,0.5310410164785323,0.6162374044027448,0.39857480356939046,0.0,0.8260441288188152,0.5733998859769959,0.0,0.41480070353047066,0.562958999884001,0.4280317317333302,0.4982746120091236,0.0,0.2621965740798878,0.3011288079604753,0.38033961784007775,0.42913513644846024,0.5124994783675001,0.40632633462116413,0.3885720113632338,0.3389352857461586,0.4697694668576054,0.5272115041248673,0.40431077546752436,0.355956673187905
0.27561341603758005,0.5102849107341998,0.41106055929435786,0.5674353958518066,0.3936309012807217,0.43858712140006606,0.4689449361377794,0.7108708654228365,0.37360699958803173,0.4185605024123072,0.7536579016375864,0.47906145730746674,0.49487228978170417,0.6280555683496987,0.3790714708563803,0.5547083166700244,0.4073037869911514,0.6105255297636979,0.6553536808021521,0.5807989631796366,0.40707074842681934,0.5390316644108761,0.0,0.2917523948279218,0.48484802435770125,0.3792741979727668,0.37193181168879663,0.3640370946672812,0.4108357564956746,0.38715698094742323,0.461409548566552,0.49518926416555864,0.22897874728758943,0.49614797766759844,0.5425945746268962,0.9304207782348488,0.5081840084520539,0.41053892252124247,0.4957767504221108,0.5666705148805873,0.5361881822289827,0.5729333249312083,0.7467959149574935,0.6189421150866868,0.4303966368040584,0.3122877434304686,0.4975694267275712,0.6007944110033221,0.3437092633609787,0.6741468433047897,0.5609531906076382,0.5285674890567056,0.4588220134592259,0.5377162575955329,0.6424961239412157,0.5262527487194775,0.26777163169372037,0.4882104063349383,0.6963687744933527,0.42352834641674353,0.5568567915431812,0.4758903473701248,0.6936964579647623,0.5914363353316289,0.4171602549434189,0.36757289644759145,0.35438647055454153,0.46435517748046906,0.3572832132433237,0.554953663971133,0.40405216393078014,0.41377967824201484,0.4720454030791452,0.5522665821676993,0.5271578023283071,0.533132482574924
0.38225262708265917,0.5386616000545867,0.5811787674270383,1.159396481502076,0.586365910510044,0.2964996037628688,0.7155512808690538,0.285708326653219,0.677496314595263,0.524242060398683,0.7873599262081779,0.5869246331781592,0.4910763360706833,0.36128096020463196,0.32323130837610475,0.6167520109629512,0.40619798792408224,0.5352508631736065,0.464908611701579,0.5834664614509364,0.1856336698332783,0.39542683990489824,0.2917523948279218,0.0,0.5698495066793376,0.4088131623828728,0.4017322150733228,0.5607093857473591,0.6495869240244743,0.6637405566680885,0.5704471842542596,0.4993234791185552,0.3569992292994365,0.3975317724522943,0.49345642183369565,0.32548082159668923,0.30879175002842596,0.5205043932072058,0.5881885421402978,0.5632671032303991,0.3976337564569479,0.7318103918311252,0.6886835910863489,0.34136706613525136,0.43129885865923423,0.4454781697546586,0.3927170804493507,0.0,0.0,0.4787225359507542,0.5077000239951429,0.3934746928405837,0.0,0.31006061515806294,0.30429204854885483,0.4846482106026547,0.4050698986303777,0.5481140006767466,0.0,0.3799094200440206,0.4834597624991223,0.469571936883906,0.5210558647357881,0.4619593529672924,0.4356053311961048,0.500534635856492,0.2088290660329732,0.6693525493857881,0.4539713108634936,0.5455352970702434,0.562753935667166,0.42353884425633204,0.544806915984571,0.6318462726822075,0.0,0.5780557978481764
0.3308968810245437,0.4983716876942241,0.6070237281107209,0.8101572442571816,0.5835759643596654,0.5526945582942653,0.5305463053780892,0.5880748378645091,0.5909143561494175,0.6427339598970595,0.5513827759667439,0.5973453865475091,0.5955873612125839,0.42490004314293717,0.25464700693739706,0.539491184362399,0.3908402749266696,0.620186087329597,0.31901911569984437,0.2586995941647877,0.4313646433811655,0.5327576438617939,0.48484802435770125,0.5698495066793376,0.0,0.31543382667777853,0.4520582077054676,0.34058595574712347,0.5398304771211826,0.2672168765286717,0.3893736165474627,0.2620988926095318,0.2645640532396561,0.3613552909788393,0.5894245726438837,0.45720587868848084,0.6483379165380543,0.4453130225289618,0.3983157762025822,0.44368945106419183,0.44837323265173157,0.48013132663562996,0.32434576093362705,0.0,0.4360033843336631,0.3934838961967172,0.43032698630652677,0.0,0.0,0.0,0.6170325660720745,0.5292794197899917,0.5578319235218925,0.4247032633359904,0.5028027799845525,0.4784230201565373,0.4753013962468814,0.40810415144451906,0.0,0.4835481630132289,0.5094196118359128,0.5498258442256448,0.5340436796339656,0.0,0.5075284293907888,0.5414187342209303,0.5287034750606949,0.4214312292910002,0.4688855692827949,0.5431410951477146,0.5122276938605047,0.3337866018508591,0.4493701239333896,0.4430252582892609,0.0,0.386928304243884
0.5718956923225931,0.42203119992284266,0.4692602754827972,0.5144336388486651,0.46570796012041715,0.5488582840835186,0.6023016558297599,0.5259446076889545,0.4930641943244856,0.6395538080520288,0.518462516300149,0.5493035606254152,0.5965769086360502,0.31766963774387547,0.313526273985346,0.5524442231915039,0.4056094586880302,0.41416376750080375,0.5300195254458895,0.31198739564922856,0.5042873745934848,0.6026116325525622,0.3792741979727668,0.4088131623828728,0.31543382667777853,0.0,0.3841131627885349,0.4855750612304013,0.639666668787243,0.27451203872377195,0.39038977999892266,0.4993806781735246,0.2430430037418948,0.4166766030658726,0.6555065319592757,0.530453192340516,0.29970593190647876,0.5236780774805483,0.3118076447561299,0.34374611260996124,0.4645194813180273,0.2937979858781269,0.23351089096452893,0.5190447387615504,0.6536723618186884,0.31938490254847174,0.4819006958450014,0.686388111926424,0.0,0.004106047661003999,0.5935869347273621,0.5288235752613999,0.4467747478035284,0.5383679238373316,0.38875994207869646,0.0,0.4282755532697636,0.6919423425708162,0.0,0.30087245818066954,0.5186681312209146,0.47161624711493544,0.4653723135335516,0.0,0.3503483594141764,0.5375001179039237,0.5475400733114777,0.40145885493216005,0.4141359857728637,0.481380598798024,0.4650566786183659,0.4392823725774028,0.5277420016537768,0.5812785186855284,0.48870581740372354,0.3513323152977335
0.29369936690808884,0.5072005819126075,0.2926248833440069,0.55388202269839,0.2281804735774541,0.38397453796806946,0.3277455955780463,0.45125743524145706,0.3125510527902321,0.4372017129368433,0.40012958326493975,0.48199957372637536,0.3937850969721738,0.3421690947244658,0.038320066829418964,0.5308134491501217,0.5535542913628688,0.5947581209405688,0.5591726324435521,0.33484484476408416,0.29806840382833866,0.24131066732681103,0.37193181168879663,0.4017322150733228,0.4520582077054676,0.3841131627885349,0.0,0.37291240477727805,0.48292733550864414,0.3617900397386151,0.45440233354006115,0.38606477949179324,0.20929243428402666,0.42931680301636044,0.435843113747583,0.5991754000870739,0.47821466429842974,0.39270204715203066,0.5140859943036757,0.4104132639126239,0.5211966267148029,0.528466945358772,0.6245355108437349,0.5971499166163122,0.3144985989416739,0.40037997108658985,0.3409165183545034,0.40315522070276966,0.3567666602788962,0.5934200640514015,0.5349015899357482,0.4479018297841249,0.42935480053490627,0.4341614261522134,0.7603594346963378,0.19594927938601978,0.24855795696759803,0.49120203266333834,0.34977982743315555,0.3119458595412251,0.5959935981026362,0.0,0.46967543532233413,0.5055891929006088,0.42152590826132785,0.3838102033833338,0.323428222912318,0.4120261104913633,0.0,0.4871845940313886,0.37324413641066323,0.41168177135896156,0.48089975252405304,0.5276010792604114,0.44198907959721084,0.5205010038692703
0.33511635192109734,0.5434412713410439,0.5095453791947939,0.5068454610853522,0.4837872785006943,0.5468064217191386,0.4788987334151994,0.5084571183210858,0.5565265010701095,0.748605892828246,0.476184971186429,0.6484224122882339,0.5640865144010813,0.2715708494767096,0.16213393525717198,0.3729659339419818,0.6879001375722718,0.33337992127430127,0.6023998017495609,0.1744822476226185,0.30964075350743725,0.3961432623460473,0.3640370946672812,0.5607093857473591,0.34058595574712347,0.4855750612304013,0.37291240477727805,0.0,0.4008617923487292,0.32567499294496166,0.5150483470410896,0.34832208666374875,0.3030342660627533,0.22678647583976988,0.13204942175100856,0.3982924298733739,0.13186235512573968,0.4186354351289337,0.6664656982692709,0.3912733085976193,0.6275732433801917,0.521620353320416,0.4783466519853636,0.40919272544391727,0.03797542341769533,0.5928855599769228,0.4562769776805667,0.49539970647601617,0.0,0.5964360762698306,0.5965651284414976,0.5477072613997634,0.4280086326102175,0.4778314375162537,0.454579197160569,0.3955489080346035,0.030529394042962954,0.564160517555009,0.41753606666837845,0.38036654500861744,0.37640138573415516,0.35298596036394464,0.25629084183322437,0.575485432154277,0.44054482264297723,0.35480209691213516,0.4726685937005094,0.5001817185656274,0.2984833747708415,0.34575949817641516,0.30518438463033737,0.49552999390233204,0.6059392125638541,0.5484424480769122,0.6389464752076845,0.5503163815245957
0.44530404238709725,0.6294810541797634,0.5196168063733899,0.5373102426025307,0.4536452568857747,0.5582147455247279,0.4967262378577548,0.5993651997347452,0.3929616808587252,0.5075003107554701,0.41379838440875255,0.6710173244281027,0.5239086800678768,-0.006168376686933624,0.3148257889314977,0.48285315864763584,0.3755027156426277,0.4868302767239138,0.7253211783963007,0.5789503490195709,0.40485590282874184,0.39670887972241375,0.4108357564956746,0.6495869240244743,0.5398304771211826,0.639666668787243,0.48292733550864414,0.4008617923487292,0.0,0.40632591656407685,0.33893812022314107,0.33958758951636114,0.18675882221715745,0.2828542462964718,0.426049420676215,0.7201420437305965,0.4846700776778491,0.550305533298812,0.5301278068356741,0.3854857627185502,0.5409559267545447,0.5405089276228585,0.5332220680972126,0.7188249322054208,0.47123442696131784,0.4817947047779926,0.48885283678084923,0.5089461267866305,0.4770092373951432,0.3718682676963548,0.6357481817764962,0.5094639835860972,0.5386396715692479,0.39176164869073754,0.6865191510530799,0.3947966717902743,0.4131766820235948,0.5264033891223738,0.585465206013233,0.4403579305181281,0.687363678220958,0.4832480751197165,0.7507560981865748,0.5017802458933986,0.4726083317205361,0.5205269180242484,0.4576521803279743,0.5554226294505498,0.4572190415850623,0.6079138804813426,0.47417973479204606,0.5387934514792379,0.5722955708597934,0.6177771996672604,0.48101233609518923,0.5198658412274856
