0.0,0.7208068183478962,0.5141512846059999,0.0,0.6977572762578663,0.5775326334655531,0.41788019534179166,0.6609656337563925,0.4607170789331919,0.4866660180541164,0.5031886482508034,0.46038473434543536,0.49061485762685453,0.5101368226871716,0.6040282882481941,0.958591532513406,0.49490451697167803,0.5641019337280428,0.0,0.7105063186687564,0.352002244444094,0.6958871607873415,0.6942060191121421,0.32938676582355497,0.47799316513039325,0.6567075523622499,0.7177450551036726,0.5041935009045464,0.5825654477686883,0.3426099651309167,0.7242688956826753,0.6066643057259853,0.8042589470554893,0.5542795608472163,0.5314898011194951,0.6811491691710746,0.455671295808068,0.5752993711189225,0.6645432925663031,0.8773636668045275,0.6703364810063345,0.5233825504143175,0.4740875254619429,0.0,0.43417587922353373,0.38228077105948854,0.7511749067828827,0.0,0.0,0.0,0.5379310634581917,0.0,0.6699091271658566,0.0,0.8430191398578637,0.0,0.5593018185273397,0.7841679464730225,0.0,0.5859362153532639,1.0193089803444808,1.0452553095522124,0.8289673726876678,0.0,0.7349287836972406,0.552242718538539,0.7842340798316342,0.5089174958347413,0.2446218577433324,0.8773891136178418,0.7294760394801034,0.5224097120138663,0.45950041036168066,0.7491634793786688,0.0,0.7712857373023305
0.7208068183478962,0.0,0.5822818144908322,0.4099114084354232,0.47913565571921957,0.5155019775283902,0.43677925462436995,0.5325733953543824,0.3483161696503767,0.5553017805154307,0.5279045096391285,0.4477934632227466,0.47975563776438873,0.3656990048391789,0.6668036165213487,0.8502908988934237,0.839887572230326,0.8222541433315202,0.7767972826040216,0.3989983143882687,0.5743059237320982,0.6755170277139151,0.9200250312569553,0.5479627252619745,0.5041688283441812,0.40414818199419233,0.5904185129070247,0.5492129881489083,0.48868153009204607,0.3669723123694029,0.6987959247910327,0.4771934241172735,0.44562572695741026,0.5564079686369762,0.56692853404311,0.5383002728303963,0.034772426453775415,0.0,0.5475557779964803,0.8027055817478842,0.6251026991028927,0.7606274948996614,0.6205857679755366,0.0,0.0,0.8584939529082509,0.7511544732695455,-0.03020546812047715,0.0,0.0,0.6836632657834978,0.6975000181001201,0.7738361990491329,0.77591045437038,0.8495575135039948,0.0,0.701573308508416,0.6975439437377411,0.0,0.6502454862415393,0.8544069024105585,0.38772364420358574,0.8154193468017248,0.0,0.6290574543741285,0.7015227787538901,0.7645496014129676,0.7305623029696124,0.5579079381620584,0.8421899043773079,0.7742640449387148,0.7287822072008573,0.8171359902105481,0.6558354209604121,0.0,0.765705728085362
0.5141512846059999,0.5822818144908322,0.0,0.6807893211250741,0.8503816792519949,0.5343783409414257,0.6747955089763173,0.9612610314664525,0.25334269796909964,0.6253757224234873,0.5695067199160178,0.5217657750621283,0.7421773393752145,0.708163040518603,0.6558152348655462,0.5540553509037492,0.800350031795662,0.5783495860780004,0.17621830383085624,0.43334904582753,0.6193814958005397,0.6574400027428353,0.8389864004924953,0.5294959542585591,0.551198752991128,0.6809396524428684,0.3605164998953933,0.7909322218924278,0.755531699083726,1.021378283048708,0.766256970460834,0.749701731780291,0.7234382989342768,0.8046265151618366,0.9121377450444506,0.7178788143483286,0.6970099356776263,0.756544586233389,0.7471183157760498,0.49455766784767874,0.7272955997099624,0.5689316629636791,0.7899200322655873,0.5572826018235515,0.0,0.0,0.4128458288396378,0.5598163649246121,0.4737545688647202,0.8141670820112606,0.788990372746824,0.758692557274691,0.9011766702171582,0.7699735675175021,0.39963581248305896,0.3535004320086767,0.8324694818255274,0.6703683884581415,0.768879424008682,0.3981206867339401,0.0,0.0,0.0,0.15778866746395506,0.9454918853583503,0.5026591791700378,0.3078180359609931,0.8552308020952166,0.0,0.5529854286444975,0.6767037445814401,0.9938552036795315,0.645730935680257,0.6876179212654343,0.5095064181918202,0.6735221275213327
0.0,0.4099114084354232,0.6807893211250741,0.0,0.21508660614435712,0.7744668481127055,0.5772700640069401,0.6256566622712114,0.7871052589470244,0.4360525717280507,0.567558920663341,0.5357054446720153,0.8744644131530781,0.5307052394536695,0.8015546067549121,0.2599345507879861,0.6615463194603357,0.4718830067814087,0.7841814214561851,0.6422279671031486,0.4409891427073349,0.4985344030095093,0.7136290103160416,0.3811825751520826,0.7918154581904588,0.590902698122342,0.7090323443857572,0.24030644712325008,0.3801809510791455,0.44880955727142124,0.48766949333240395,0.5428857879683229,0.3843693613505231,0.3590833636366246,0.2635412452072816,0.18547580896158974,0.27089461945497006,0.382830109687731,0.23410775857969537,0.37859355048216137,0.521297840625703,0.2766086691576841,0.32080210971675904,0.40190429090414875,0.0,0.0,0.0,0.4640475546591996,0.0,0.0,0.9175721093917024,0.0,0.46955739399204466,0.37080130763994035,0.0,0.529760747307416,0.4708412016987728,0.48448662381236096,0.0,0.0,0.0,0.0,0.0,0.0,0.0,0.0,0.4752260031084755,0.753388751063585,0.0,0.0,0.0,0.6404107462424872,0.4489431734119523,0.6959250380681461,0.0,0.0
0.6977572762578663,0.47913565571921957,0.8503816792519949,0.21508660614435712,0.0,0.607183429536202,0.5702493352747002,0.6632220512566089,0.38221276163244877,0.6523497065599915,0.289415938631804,0.6169501160462338,0.8769026755389945,0.3979225469512746,0.6236915642572234,0.5908365671934456,0.7250754081348627,0.7082264765890072,0.545880656336231,0.847840086689676,0.715103230375177,0.6453774209546428,0.800615028771298,0.41320867355944146,0.49359478853077343,0.5714942548276596,0.8056987597538129,0.9400493934717502,0.8999201854703249,0.47736827933148596,0.6930969944232308,0.5935113274999442,0.4033811256762657,0.7108831479877765,0.7005986127575528,0.5502658424893117,0.40730489098234096,0.4485413831949161,0.6858466347607561,0.37870721934837925,0.7900697523024081,0.42255033012731613,0.5967786698195413,0.434357208333383,0.37320164501579384,0.0,0.3545617730111312,0.737068737443608,0.0,0.6930175788193836,0.7054138017594582,0.8584279957752317,0.49735479461980847,0.7703588504732238,0.0,0.588199919995843,0.47709147222591647,0.8820849181567263,0.7951682539096987,0.4781255435607873,0.5104629113195811,0.0,0.0,0.7170806013504787,0.6278960849962271,0.4483228100448464,0.7970349536494323,0.8277203020853385,0.0,0.49463254318899735,0.6847418486029531,0.7726129338315225,0.8112272678956322,0.5919990400805695,0.0,0.5861741969677792
0.5775326334655531,0.5155019775283902,0.5343783409414257,0.7744668481127055,0.607183429536202,0.0,0.6177603731531938,0.8975863553769876,0.2501527130984712,0.6836007794544504,0.6835815107855884,0.7811359541372488,0.7578753854840767,0.7845780046650883,0.9498807832300055,0.5788233329838254,0.6109222788788872,0.6322353531274119,0.5903219944341898,0.5493757756219901,0.9191212194985128,0.4507864657451748,0.6344273953257326,0.42787877220561943,0.5443350356718584,0.8456210208066937,0.5673286204909085,0.8435809642067077,0.491684258544022,0.9888487742625873,0.9236059637636249,0.602617699333949,0.7118984998178758,0.7513923978063375,0.7376998044483363,0.6060176009603018,0.8334270545465299,0.5781705658533256,0.6549842832955808,0.45811948175193795,0.7250071710868607,0.6847837765935733,0.5810064224599281,0.5023085773663375,0.303525868826122,0.7824379222859897,0.6513539146329362,0.853487252606055,0.9084182192963304,0.7006012266713864,0.7873585592334398,0.8932227056759083,0.8077558420244758,0.8740815840757086,0.7632657755449892,0.8254401115900855,0.4887617778164618,0.8425535791028866,0.867615295114132,0.7907560903136134,0.7965608996284674,0.0,0.798183065387345,0.7256820248040041,0.7086593369503436,0.6063122267836752,0.8563461080217301,0.8701377052668303,0.4990017309336428,0.801530514028503,0.6932234945713205,0.8767281715403015,0.7350490479518834,0.7516822422876226,0.6274319478888992,0.7661447995249153
0.41788019534179166,0.43677925462436995,0.6747955089763173,0.5772700640069401,0.5702493352747002,0.6177603731531938,0.0,0.5783669378909525,0.6105926705037796,0.41520834436359066,0.6678695132043334,0.4921419579352316,0.6080060691241063,0.3791983202945329,0.4685987268896443,0.5161779848724499,0.607434327278066,0.5257298026219503,0.6850096178780295,0.5436929018786224,0.48035149350052275,0.4855191902445537,0.6818096984997213,0.5434310667764788,0.42403716529289676,0.5115185071573525,0.5778530661057737,0.6027772257036657,0.842829895834055,0.5123741027375669,0.32159761467784875,0.6460050953565395,0.438320257871894,0.3991127616110721,0.6230162421779322,0.8589198971964569,0.3643801716640455,0.4425853198842662,0.6962717974008293,0.29535614383805,0.6322953216604085,0.6250485843655019,0.619466199198205,0.5412380704464925,0.4268911284037107,0.0,0.44183938569064307,0.5799817541469208,0.0,0.7543697766938231,0.7289706924105896,0.8211330027074808,0.5611365568991575,0.8242828089316079,0.693328446199504,0.6347363790471346,0.38180407854640935,0.7290262179735785,0.7065131750433489,0.6201766013843841,0.6499686865051033,0.0,0.507532678186658,0.7362012477887316,0.7498222608801841,0.6248765932216165,0.7754151346859645,0.7843628927399109,0.46446204535480373,0.45074301023695296,0.42979895410514085,0.7408707500865934,0.7494261108455778,0.5051114930548907,0.8674670022958593,0.6635470828367332
0.6609656337563925,0.5325733953543824,0.9612610314664525,0.6256566622712114,0.6632220512566089,0.8975863553769876,0.5783669378909525,0.0,0.7051265028057199,0.5577763661865975,0.7382660223861377,0.7052316201992863,0.6434169727983261,0.7628773576670342,0.8720840447404413,0.8335957719802999,0.267990007940366,0.7525935862678443,0.6668905937279086,0.9392278792581539,0.7302862640339742,0.41074715174451537,0.77659772063682,0.43807553842814406,0.6958120811868004,0.6703388519903644,0.8514766884635825,0.5795964017001665,0.5684553412684814,0.5896141128540032,0.7369237389418389,0.5251375070565172,0.4691752623368374,0.6341265527854631,0.47106641962777557,0.4215790213533315,-0.009477651625999228,0.7691092520650478,0.5568195991737471,0.6351881174561508,0.3899607445873184,0.7233408438013844,0.5680160591673932,0.6381140764160924,0.0,0.6836084639532799,0.6851641587496722,0.8475795936630491,0.0,0.5735951762732205,0.6271652692817085,0.710526132731792,0.6050694800922923,0.8296040740422315,0.6458055662297288,0.6193703338180818,0.9721108279640029,0.6483675864530689,0.6666324280538378,0.6691398633598592,0.7923793732603901,0.0,0.625837265614097,0.8025023648805395,0.8417250518137747,0.8018753737463051,0.7135928037615037,0.7984080760490135,0.0,0.8006023810561491,0.6104701422855172,0.8324446117435249,0.6344762490760828,0.5995538191397916,0.6459786530671607,0.5367833933005477
0.4607170789331919,0.3483161696503767,0.25334269796909964,0.7871052589470244,0.38221276163244877,0.2501527130984712,0.6105926705037796,0.7051265028057199,0.0,0.7235782834437916,0.2843175765562248,0.7578609131554283,0.7359915708284286,0.5860594371062728,0.9762703781191547,0.6159110305361596,0.5677631898965605,0.7401022997605795,0.31982822455158755,0.6687584282191336,0.6033533457585986,0.5514170130241011,0.745154454192358,0.6887296020606766,0.5202862957298705,0.8275586025399231,0.3860130027674562,0.7586283147023831,0.7992791263591892,0.8281187977835116,0.7525604839445761,0.7461309619994647,0.7091760686229004,0.7367368484641049,0.7536110908405707,0.7082928968282349,0.7950171260817176,0.7605921973965126,0.4777616214199668,0.5764627313523145,0.6735571724815446,0.2757897900034668,0.5528956090719854,0.5460312503073634,0.5041528119556613,0.0,0.6661138307079155,0.8284703646453143,0.47095599253867815,0.7918229844401643,0.8503944201197402,0.8438330271411467,0.7269342762043627,0.7287220256807478,0.4044393269234854,0.682615107107315,0.5566855352172191,0.7745780531198496,0.6416972166103891,0.6824961860201988,0.7027376204664583,0.0,0.0,0.6992227763374104,0.9518967206110136,0.6682607939631762,0.8555351219143892,0.8367723258408226,0.419503977814073,0.4844968660886425,0.4595895386385429,0.8288930447396727,0.6778179425885256,0.827830810187975,0.7858811848594499,0.828051865936255
0.4866660180541164,0.5553017805154307,0.6253757224234873,0.4360525717280507,0.6523497065599915,0.6836007794544504,0.41520834436359066,0.5577763661865975,0.7235782834437916,0.0,0.6434793521847895,0.7279042464861181,0.5840845937561827,0.6646163586919961,0.5282721786412237,0.7551988700435306,0.8095582021266673,0.7330250891449908,0.655712218271481,0.4931915892984908,0.6954988386053489,0.6256537150971488,0.650240718660352,0.6888745006884482,0.8244961205925445,0.4909747422268178,0.6203100479824734,0.5722829988592825,0.5963288308282122,0.4567923411062742,0.8134234961442945,0.32317769101497007,0.8128526782470106,0.42225845071312984,0.6318841389321171,0.5145819124978154,0.45946549171892426,0.6249958141463781,0.46057283222613143,0.6993630795405721,0.8440827447523145,0.5571859407430112,0.36145451632249287,0.4984104292070051,0.8053895887467428,0.7452907464937012,0.7782295688178129,0.3685282719492472,0.4612869214850433,0.4561405324121021,0.6220961533883548,0.611276730611277,0.7374559256743494,0.49055634486168354,0.8483563459462077,0.3126394986489581,0.8590644563709282,0.7863839990102688,0.0,0.5839041998897775,0.652574874968513,0.773052175066598,0.6763632672596556,0.4830894832399101,0.48686176721258734,0.6234046068784789,0.5938987279753226,0.6832817232018665,0.6868634103422232,0.7763669161270272,0.8056769835557049,0.6653876750793092,0.697575633335846,0.7241857661456292,0.0,0.8354200090132293
0.5031886482508034,0.5279045096391285,0.5695067199160178,0.567558920663341,0.289415938631804,0.6835815107855884,0.6678695132043334,0.7382660223861377,0.2843175765562248,0.6434793521847895,0.0,0.6129316825827901,0.6447217468805508,0.4777693283277006,0.0,0.489291546176519,0.45681359553248574,0.659014432721859,0.3700846899070296,0.5107153633735037,0.6713883906247169,0.4601408812684763,0.2434873734022588,0.46912259402980316,0.7653963125390277,0.5727908913934529,0.5103673445515577,0.6408367990716304,0.6001345915898911,0.5351625752954495,0.6423020626775737,0.5399496709692956,0.5274455215602487,0.6094214235977786,0.5091637864657225,0.4988874228686642,0.8275698460892995,0.5294568847190638,0.7006424619134827,0.5257127987229171,0.5972654183100397,0.7138637329027235,0.7195962147674548,0.6040371943243397,0.356288157049381,0.0,0.0,0.7574785525307886,0.4834006459317995,0.6384698546376807,0.7493733776187795,0.6156988743936489,0.6500748392193058,0.6170634060798997,0.550556764077373,0.46678933969996883,0.5692556758905546,0.684138238954302,0.7842666496405304,0.0,0.0,0.0,0.0,0.2483115021502681,0.6047578295700107,0.0,0.5692911541118721,0.7848875291562625,0.0,0.0,0.9797584101897389,0.865821895875496,0.6260032938174502,0.23404393099094,0.0,0.6654784549435513
0.46038473434543536,0.4477934632227466,0.5217657750621283,0.5357054446720153,0.6169501160462338,0.7811359541372488,0.4921419579352316,0.7052316201992863,0.7578609131554283,0.7279042464861181,0.6129316825827901,0.0,0.6864206637178276,0.4948873584278066,0.5338431812993653,0.9203385973133944,0.8986864643827959,0.9091138495476043,0.7209213901322743,0.4176305079828111,0.5242383817222224,0.4552468022822252,0.5042368521172064,0.531705239763465,0.8506675528796335,0.40293811974900895,0.6576478758202691,0.7762953656868392,0.49957499374187186,0.4218334108507503,0.7707060992837115,0.2766146827292321,0.8479346827830115,0.501415348522808,0.5518752631248782,0.8294316565202546,0.5164613586683026,0.5002088188859645,-0.1514099643678826,0.6408800709884297,0.6036599629763638,0.21588070961732428,0.4439529257608459,0.4778938364768677,0.7173184982386327,0.6331194885428837,0.6459764087937127,0.695029303779583,0.20981879926691605,0.21596143603682338,0.4874618503467541,0.4292003088827643,0.38281579648281994,0.5045305948788752,0.8538025815196911,0.15317003221047082,0.774884951733492,0.7024180492663035,0.5727776767100607,0.5465193548658911,0.6949373011896482,0.827978032287269,0.7339822607358202,0.33978967535963883,0.9638832677843165,0.8520408438063768,0.6228074663706131,0.5690482353049653,0.5101251078675374,0.8455177295090368,0.8108622444610083,0.6781695787745634,0.7071487172363691,0.581805666535047,0.0,0.7272395308610369
0.49061485762685453,0.47975563776438873,0.7421773393752145,0.8744644131530781,0.8769026755389945,0.7578753854840767,0.6080060691241063,0.6434169727983261,0.7359915708284286,0.5840845937561827,0.6447217468805508,0.6864206637178276,0.0,0.5748257384475899,0.8160209605468611,0.5933067695213645,0.5673201137052872,0.6035283815609617,0.699852770372345,0.6231940670662689,0.5793149333680592,0.5091400159895126,0.7253635120229769,0.4463534136355092,0.4968058323039017,0.5161097249382776,0.6736182610954685,0.6780375194813142,0.8376276741452022,0.6598929734445467,0.6026109651696012,0.7020224806019615,0.5298358323416837,0.5661993965804707,0.670547871925843,0.7929401696634027,0.7933228085358135,0.6061760622385195,0.4774890926179962,0.5554402045902107,0.6832269430242258,0.4057454691644591,0.630239658504101,0.35792203815130097,0.5364177854942616,0.6489059396653627,0.606693212699509,0.7822425574652978,0.0,0.7976178314285837,0.7080737008485549,0.7582810031637022,0.5473141719251517,0.8667036453601373,0.6655109368741523,0.5537595332678744,0.49540024989319786,0.8193360417851806,0.41563172234322066,0.6480622331246517,0.5076007544816556,0.46974876378884595,0.30213005272528026,0.8095831370746623,0.6766079856264431,0.7334323342838747,0.651518319061231,0.7875146328041726,0.7401843429823062,0.6215728150182155,0.5056059625224976,0.7990787262049204,0.7947336458524772,0.6695230524266487,0.5590416765274706,0.6809865152305877
0.5101368226871716,0.3656990048391789,0.708163040518603,0.5307052394536695,0.3979225469512746,0.7845780046650883,0.3791983202945329,0.7628773576670342,0.5860594371062728,0.6646163586919961,0.4777693283277006,0.4948873584278066,0.5748257384475899,0.0,0.4638359427022817,0.5611529940525726,0.5023390195416952,0.44664958597063165,0.4594711720168762,0.581204802547783,0.5892150774223192,0.20866005002140253,0.6961194731362579,0.8389450332554167,0.5930129940748674,0.519377436840394,0.7879929975345319,0.45537951782440295,0.6044800417271431,0.5854026228085745,0.567709424388777,0.22361138022273708,0.4908434817562619,0.9841520308394152,0.6131692510380959,0.34133935745795546,0.16209639434076997,0.09037037759160355,0.6684368714470103,0.0,0.6662526550706095,0.6792725296360238,0.7470870307393846,0.4731158704980778,0.0,0.0,0.0,0.7495881043953629,0.0,0.6813759370520931,0.6100222995127917,0.7744006593365771,0.763493027314146,0.6456641196785942,0.0,0.6948702338795324,0.3840180438415935,0.5229220219787518,0.7326741516609139,0.0,0.0,0.0,0.0,0.5792797062164827,0.0,0.0,0.0,0.7646457738544734,0.0,0.0,0.0,0.7935317890318491,0.851432297370118,0.0,0.0,0.0
0.6040282882481941,0.6668036165213487,0.6558152348655462,0.8015546067549121,0.6236915642572234,0.9498807832300055,0.4685987268896443,0.8720840447404413,0.9762703781191547,0.5282721786412237,0.0,0.5338431812993653,0.8160209605468611,0.4638359427022817,0.0,0.6556303927116653,0.4092914548469351,0.7133088776421423,0.0,0.6627566302005589,0.658362931528101,0.5641264376000588,0.22204469474192728,0.4435454987280295,0.7232325194042408,0.5347900246157029,0.6482656953901478,0.7720210562711363,0.6504387329933032,0.6330632737828398,0.592471943140529,0.36986028662285836,0.6419554138969443,0.41617584029939525,0.47977736634819557,0.519169324165978,0.2544685479314309,0.38416291789591883,0.42957806574214197,0.737275991388093,0.567018364524395,0.48117030409699,0.3931892493030044,0.20218779896907701,0.0,0.7809841439372017,0.6959940958499446,0.587800824739891,0.0,0.0,0.6754786397183489,0.8752818027500544,0.7117028380179307,0.6122845411605093,0.0,0.0,0.47916376474579025,0.7849365002652212,0.4809365769307402,0.920166572310924,0.7809609519919524,0.5476167652810726,0.9076703185354562,0.0,0.8677974554921503,0.7323173100991907,0.8733266739481673,0.8288757773658253,0.48128635968561884,0.8446447043172081,0.6846416725156725,0.761160350556406,0.6257240727116019,0.6557706297735649,0.643182886333816,0.5827617765889004
0.958591532513406,0.8502908988934237,0.5540553509037492,0.2599345507879861,0.5908365671934456,0.5788233329838254,0.5161779848724499,0.8335957719802999,0.6159110305361596,0.7551988700435306,0.489291546176519,0.9203385973133944,0.5933067695213645,0.5611529940525726,0.6556303927116653,0.0,0.7988011001070436,0.5428673189089857,0.514930187578247,0.5507829093990669,0.7568972554433837,0.48964767943669363,0.8805305871841695,0.8134755003388862,0.605936592479164,0.817393965370558,0.7551064951273734,0.6753617357039132,0.6934954745387741,0.7794287483267125,0.9305445448358154,0.5074837410671631,0.5197485633216969,0.5572951253662957,0.6402153991877407,0.4066687725800514,0.6262098402669198,0.7419726588177502,0.619285344491386,0.7900930554132951,0.7894671558035358,0.7906648178060378,0.46941834563034146,0.0,0.0,0.944650921691943,0.9187824425785415,0.0,0.0,0.0,0.7068872844970632,0.842900049682347,0.921194947105406,0.0,0.6077679347373971,0.0,0.7766774018249651,0.5975544356580695,0.0,0.6019432979504948,0.9607189309104982,0.6577404730930918,0.859598141627999,0.0,0.6534694298662183,0.7788562257636885,0.7234286165028065,0.6793865459725058,0.722429289440373,0.9738188610628177,0.929945131112724,0.8503932788280149,0.7718650945075625,0.8975425237740979,0.0,0.6918721137622523
0.49490451697167803,0.839887572230326,0.800350031795662,0.6615463194603357,0.7250754081348627,0.6109222788788872,0.607434327278066,0.267990007940366,0.5677631898965605,0.8095582021266673,0.45681359553248574,0.8986864643827959,0.5673201137052872,0.5023390195416952,0.4092914548469351,0.7988011001070436,0.0,0.6237023285140089,0.6814078824160016,0.691762053485334,0.5923010455731863,0.9984490901006517,0.8849098652479391,0.8042653814676656,0.7573428647558861,0.7250009498785075,0.6412864595706396,0.729490245733558,0.5877091220174904,0.5418134085103888,0.8386041829165894,0.4950900587723339,0.5633400381565267,0.5586276189959379,0.656232046063536,0.6011428066138687,0.3712830717493979,0.47068464436662866,0.23934734382797995,0.5932096172793362,0.7298665308257104,0.7797422208905086,0.0,0.0,0.5487132746793877,0.9200163091891,0.9075639909380231,0.0,0.0,0.0,0.0,0.0,0.0,0.0,0.8996203038337938,0.0,0.8543887102870276,0.5211842675571251,0.0,0.6065378928524969,0.5379451843476437,0.8115524698039527,0.5982704097467095,0.0,0.0,0.0,0.7167669135250878,0.0,0.6332625891845948,0.8793708189415441,0.8714144484889926,0.0,0.5787585676231856,0.47943876986448286,0.0,0.792707423851101
0.5641019337280428,0.8222541433315202,0.5783495860780004,0.4718830067814087,0.7082264765890072,0.6322353531274119,0.5257298026219503,0.7525935862678443,0.7401022997605795,0.7330250891449908,0.659014432721859,0.9091138495476043,0.6035283815609617,0.44664958597063165,0.7133088776421423,0.5428673189089857,0.6237023285140089,0.0,0.6473800926227736,0.7071465387755523,0.8594862329872464,0.7198335623383765,0.9064960377519389,0.7100047130546349,0.720877017768545,0.603407335160381,0.8347538258181402,0.5436636485685806,0.6457366162297573,0.6801971957985413,0.77945213976765,0.6490834102363863,0.636633232540808,0.7269227519750328,0.7340840689487427,0.5057898015423735,0.4058504382874315,0.24038312869235184,0.62720028970629,0.816440788245999,0.7934868553194692,0.7733332284438537,0.0,0.0,1.1107581070689523,0.6377162683922755,0.8806363818492973,0.0,0.0,0.0,0.6918804869241788,0.491022375532173,0.611862448613683,0.0,1.0083911343341185,0.0,0.9730544485161305,0.8735203997423652,0.0,0.7529951710673626,0.7783108204587359,0.9682251279180127,0.8893955573540322,0.0,0.6342751229715757,0.8920777898316287,0.8332878596174274,0.8640252049165615,0.5604344977890117,0.9657904941254214,0.9107819092189074,0.5980028425234589,0.8405118518340704,0.7208692437195671,0.0,0.9939826453863243
0.0,0.7767972826040216,0.17621830383085624,0.7841814214561851,0.545880656336231,0.5903219944341898,0.6850096178780295,0.6668905937279086,0.31982822455158755,0.655712218271481,0.3700846899070296,0.7209213901322743,0.699852770372345,0.4594711720168762,0.0,0.514930187578247,0.6814078824160016,0.6473800926227736,0.0,0.49517519071419347,0.7736232554759821,0.8117210420864833,0.5139500870982432,0.7116043349078475,0.747304255332162,0.5672180899921097,0.17226901816476523,0.7281223744981296,0.6523189219153269,0.8534745158712722,0.7122365893647045,0.7121449238249133,0.4897293978583105,0.7219356295887269,0.7184680544461608,0.7558471650486036,0.7024556118805432,0.6766754891875626,0.8225937966418885,0.4706080790191139,0.4125022069116586,0.522019584759521,0.7051209877847321,0.4590853666097804,0.020185793137847796,0.0,0.0,0.8433400843992929,0.0,0.5999712040544104,0.5925005967537941,0.8524771903779917,0.6244724728967033,0.8042204726610473,0.6583132742910172,0.8009445242942312,0.650740392150383,0.5724171392367754,0.5359822774867236,0.0,0.0,0.0,0.0,0.8002614560579381,0.4823946968747097,0.0,0.4509323972989729,0.8032191504284214,0.0,0.0,0.0,0.7843168481353484,0.7474676416209767,0.5073356260547747,0.46563759983269337,0.7133522543869488
0.7105063186687564,0.3989983143882687,0.43334904582753,0.6422279671031486,0.847840086689676,0.5493757756219901,0.5436929018786224,0.9392278792581539,0.6687584282191336,0.4931915892984908,0.5107153633735037,0.4176305079828111,0.6231940670662689,0.581204802547783,0.6627566302005589,0.5507829093990669,0.691762053485334,0.7071465387755523,0.49517519071419347,0.0,0.7571606660201586,0.4600528494426853,0.3055823780453054,0.7621792939083631,0.5096042136329115,0.6671075886699045,0.7419266136575311,0.7065228862086014,0.5689562832161615,0.7380602097461684,0.624918539397274,0.30045241806222783,0.1057885856648959,0.43281306795801266,0.46562461112672254,0.7754921041076406,0.3662800513581451,0.7796356965050253,0.30932621197730625,0.4781877557691562,0.5422421525574582,0.3183086115582875,0.3826602975252945,0.021387129835243823,0.35694650725705757,0.5576145675508899,0.5569299121634059,0.7210287862387079,0.0,0.0,0.7585505171992293,0.8593226538889278,0.9349043965080216,0.6193523243351775,0.7800074451445522,0.0,0.4929262396491174,0.8647896831755043,0.0,0.6645539647572883,0.8106903676306653,0.4713102778959898,0.9360010069189818,0.0,0.6086574578037274,0.5978296440116115,0.5294775965681728,0.6935125658899843,0.0,0.6857017308730018,0.5623119351589143,0.738661465398857,0.6279044458949045,0.6783808225916961,0.6237012872894202,0.5628507779791347
0.352002244444094,0.5743059237320982,0.6193814958005397,0.4409891427073349,0.715103230375177,0.9191212194985128,0.48035149350052275,0.7302862640339742,0.6033533457585986,0.6954988386053489,0.6713883906247169,0.5242383817222224,0.5793149333680592,0.5892150774223192,0.658362931528101,0.7568972554433837,0.5923010455731863,0.8594862329872464,0.7736232554759821,0.7571606660201586,0.0,0.5697068403783749,0.7531684508375975,0.2746266988552078,0.7049383279759995,0.5589492674003093,0.737416367779163,0.6600434701206861,0.6634661624380024,0.5869047547599364,0.665872506239691,0.2878894010018084,0.6285069908279304,0.35603541115163007,0.5230924920715639,0.4435157922146401,0.3983950288076782,0.900130073412967,0.4006275110629591,0.6445849919673357,0.40035542869769625,0.34049220673399916,0.5723841052664622,0.0,0.0,0.17431166272245996,0.6426773042227331,0.8066738418098491,0.0,0.0,0.5799768976420013,0.582245863523206,0.9192708617273069,0.7231779956264076,0.8021470075340589,0.0,0.8162632452064639,0.7149286946221265,0.0,0.5747772602021892,0.7759331798610181,0.0,0.7084074296439151,0.0,0.5608785128472686,0.7537691264072186,0.6792220985193204,0.5796173239710913,0.623665475650429,0.6708706563931872,0.7332689470675309,0.6354638716947967,0.5639791627442947,0.6257417996761867,0.3195467516156799,0.2582329166946566
0.6958871607873415,0.6755170277139151,0.6574400027428353,0.4985344030095093,0.6453774209546428,0.4507864657451748,0.4855191902445537,0.41074715174451537,0.5514170130241011,0.6256537150971488,0.4601408812684763,0.4552468022822252,0.5091400159895126,0.20866005002140253,0.5641264376000588,0.48964767943669363,0.9984490901006517,0.7198335623383765,0.8117210420864833,0.4600528494426853,0.5697068403783749,0.0,0.11120849656290521,0.6927826490746305,0.7054991370066304,0.6206852891702631,0.5424819922757027,0.6355198472570873,0.35409534703301543,0.5318454346521686,0.5810995750579466,0.3859264723599682,0.3627884642178057,0.4947659611248738,0.5635440192978187,0.6492876466178743,0.6744561128455935,0.5150028675374407,0.31667591053129457,0.6057015340902219,0.5698603076863629,0.5236805632081735,0.389600298485239,0.31404261990433524,0.41044661789934983,0.3917591030493113,0.5856096538042818,0.620246811794202,0.4783178896337581,0.4102590155137656,0.7310222084390823,0.7121475876887983,0.7456701005498422,0.7297395993900601,0.3642964094550044,0.0,0.5859590847686978,0.639661738597819,0.0,0.7688395170841983,0.7052968959593846,0.5215383618360067,0.7834112260387,0.0,0.6004121154387818,0.6387221899312505,0.7084049057251449,0.6172555840390845,0.6009889723183559,0.7300389426376489,0.635274468969908,0.6617952453769234,0.6064737514142994,0.5848253847948887,0.5801309462413488,0.6290762082624093
0.6942060191121421,0.9200250312569553,0.8389864004924953,0.7136290103160416,0.800615028771298,0.6344273953257326,0.6818096984997213,0.77659772063682,0.745154454192358,0.650240718660352,0.2434873734022588,0.5042368521172064,0.7253635120229769,0.6961194731362579,0.22204469474192728,0.8805305871841695,0.8849098652479391,0.9064960377519389,0.5139500870982432,0.3055823780453054,0.7531684508375975,0.11120849656290521,0.0,0.47337495875979857,0.8605755797952676,0.7033046258494002,0.5140510122631483,0.6399060949847732,0.6508871960823894,0.6767245733023666,0.766025814105125,0.6434943950369392,0.4764199914263727,0.6662907414368565,0.6417251752576787,0.5383015582819273,0.7677330759524104,0.45837070775161015,0.6747894976552735,0.6961255654091334,0.6494704340043482,0.5699232518979906,0.8162423279166435,0.8434633622942045,0.4891601137128955,0.5392545487907787,0.7755445094372787,0.7697359475059993,0.6435354766522442,0.8939565618575127,0.7557336435239865,0.832812277352694,0.7179036719903586,0.8087343343974025,0.7030295959117814,0.6669295314479511,0.7519716540776147,0.7401851919734934,0.8715199203197177,0.7352334764990542,0.8932200834773478,0.48686176721258606,0.9022546854351234,0.38469245811818387,0.6753960190312329,0.7479209274882684,0.7014253551675708,0.8688510986396424,0.3583798427858781,0.8430201155151413,0.7134967542067658,0.7859725238701575,0.6921598249386683,0.7052959539614456,0.6896233893167487,0.6609296609782701
0.32938676582355497,0.5479627252619745,0.5294959542585591,0.3811825751520826,0.41320867355944146,0.42787877220561943,0.5434310667764788,0.43807553842814406,0.6887296020606766,0.6888745006884482,0.46912259402980316,0.531705239763465,0.4463534136355092,0.8389450332554167,0.4435454987280295,0.8134755003388862,0.8042653814676656,0.7100047130546349,0.7116043349078475,0.7621792939083631,0.2746266988552078,0.6927826490746305,0.47337495875979857,0.0,0.6272976829944019,0.33712764195738865,0.6005352814276114,0.4517978789355255,0.37958235987559474,0.7088992680010728,0.7143582625811025,0.8607616311142231,0.44894600710773197,0.14247625511942294,0.7156235936771174,0.6679982633415728,0.33974694973564545,0.42227919125220825,0.7169973132642707,0.7331106255033268,0.8072574894703515,0.8409006877661444,0.6861852728535718,0.5767327678349471,0.7441557952553965,0.09065475673212234,0.7013498256082564,0.0,0.0,0.4775964741699039,0.5398339038504607,0.3923523187225437,0.0,0.3120393616296001,0.8534281051320747,0.48611720358093524,0.8338238150167367,0.6376450799883076,0.0,0.3805946866417582,0.7316961288406287,0.7589001132034109,0.8029313936988108,0.46356420193608405,0.4123170849331484,0.39082012695743873,0.47381707516726645,0.6635409842236111,0.17872831157862604,0.8154800091593104,0.6405798115450589,0.44178518341837697,0.7263117040304303,0.9140567449489658,0.0,0.7361870118226546
0.47799316513039325,0.5041688283441812,0.551198752991128,0.7918154581904588,0.49359478853077343,0.5443350356718584,0.42403716529289676,0.6958120811868004,0.5202862957298705,0.8244961205925445,0.7653963125390277,0.8506675528796335,0.4968058323039017,0.5930129940748674,0.7232325194042408,0.605936592479164,0.7573428647558861,0.720877017768545,0.747304255332162,0.5096042136329115,0.7049383279759995,0.7054991370066304,0.8605755797952676,0.6272976829944019,0.0,0.3412411547026105,0.6969099954362615,0.4955383148760457,0.5326664018059337,0.5251503075365274,0.6749084243091292,0.23079314612308346,0.603329962589261,0.4775110894355798,0.6254869262569471,0.6218759205179842,0.62823404723231,0.6588965666632174,0.7141283267379974,0.8128587098177888,0.8467061702494381,0.8258199020862882,0.12742889787527167,0.0,0.5733298374145077,0.6752382046620119,0.944325057378903,0.0,0.0,0.0,0.8483003368822648,0.7385425098428312,0.978128339368105,0.39669936151492685,0.9260846598605863,0.5013413612885126,0.9642828479702765,0.5323782556046814,0.0,0.6494529370915445,0.8652881662456852,0.8561231173871422,0.9050423812984283,0.0,0.7375692981538262,0.7734306497787058,0.8349627179081105,0.6379229727276954,0.41321777507641805,0.9487991953890409,0.8990678609488783,0.9001035456479236,0.9049532679461123,0.6344380154386686,0.0,0.9714896165398162
0.6567075523622499,0.40414818199419233,0.6809396524428684,0.590902698122342,0.5714942548276596,0.8456210208066937,0.5115185071573525,0.6703388519903644,0.8275586025399231,0.4909747422268178,0.5727908913934529,0.40293811974900895,0.5161097249382776,0.519377436840394,0.5347900246157029,0.817393965370558,0.7250009498785075,0.603407335160381,0.5672180899921097,0.6671075886699045,0.5589492674003093,0.6206852891702631,0.7033046258494002,0.33712764195738865,0.3412411547026105,0.0,0.8221966684925015,0.5611606297852179,0.7657710508247826,0.37524194259711685,0.592309461694905,0.48611498719037866,0.6866788076988977,0.46569361928611214,0.5039487797877145,0.2947902434713491,0.572590411124189,0.555299693141271,0.4571381478721029,0.816983465596639,0.8465333588375366,0.6175124986911664,0.4244344034453752,0.51802031673774,0.46329853583307323,0.6672151594860345,0.7909196223390197,0.8152546942594718,0.0,0.00932759320441236,0.706345902157632,0.6711154425059741,0.6495922958509577,0.7990415401239226,0.8232614562845004,0.0,0.9287179047657061,0.7801616181748328,0.0,0.6631792843064521,0.8955416021887941,0.822596994792259,0.8650885144571048,0.0,0.6035838960799741,0.708191283837416,0.7692868983821779,0.6507145510845052,0.38081975139852325,0.9442984361658517,0.8208452202098595,0.759898962988709,0.7653788046085087,0.7027302007297558,0.5190220932532308,0.7874229512413645
0.7177450551036726,0.5904185129070247,0.3605164998953933,0.7090323443857572,0.8056987597538129,0.5673286204909085,0.5778530661057737,0.8514766884635825,0.3860130027674562,0.6203100479824734,0.5103673445515577,0.6576478758202691,0.6736182610954685,0.7879929975345319,0.6482656953901478,0.7551064951273734,0.6412864595706396,0.8347538258181402,0.17226901816476523,0.7419266136575311,0.737416367779163,0.5424819922757027,0.5140510122631483,0.6005352814276114,0.6969099954362615,0.8221966684925015,0.0,0.7256148675686123,0.738354508103938,0.7492301045993728,0.8067890149387157,0.4996299116084041,0.45954837796695536,0.6179686970139768,0.6196363758684371,0.43164791214462417,0.8185196782032684,0.469737130961155,0.6596446546093171,0.5821147849761045,0.7062067292228933,0.620337534480594,0.757909228499372,0.4248607519977033,0.31307883114785245,0.56766392734844,0.7171125623196132,0.8919664600652308,0.7154721891741185,0.8738738247658147,0.7548403615111907,0.8061062320567363,0.75430888760329,0.8499892273252438,0.8160931533917548,0.8938671077803162,0.4065284228311993,0.7760504224740723,0.8837662267249995,0.7754847440518946,0.8527613980038242,0.0,0.6277429897130347,0.8582290322643616,0.71943659244871,0.7631183709409011,0.7219987976405103,0.8017899078202324,0.0,0.8526337669883429,0.6620211981169865,0.82846239233199,0.7500284193172267,0.7148151977937627,0.6145538776815191,0.6967416989342736
0.5041935009045464,0.5492129881489083,0.7909322218924278,0.24030644712325008,0.9400493934717502,0.8435809642067077,0.6027772257036657,0.5795964017001665,0.7586283147023831,0.5722829988592825,0.6408367990716304,0.7762953656868392,0.6780375194813142,0.45537951782440295,0.7720210562711363,0.6753617357039132,0.729490245733558,0.5436636485685806,0.7281223744981296,0.7065228862086014,0.6600434701206861,0.6355198472570873,0.6399060949847732,0.4517978789355255,0.4955383148760457,0.5611606297852179,0.7256148675686123,0.0,0.6658888680356175,0.6968744419771412,0.662121308459642,0.7762149855950142,0.6809343750838688,0.6180814119529581,0.8949166739980758,0.7418167414461532,0.49097285283854125,0.6351280822612344,0.599734813659619,0.5580499805810558,0.8200163286045807,0.6644968999184756,0.3698430691827758,0.2810263906984174,0.6818888044966149,0.6600064563324506,0.6358824558935443,0.7980953901983303,0.0,0.7979828104069452,0.7519652323306464,0.75471424184213,0.6131102469144281,0.796973539827686,0.7954171565527339,0.6546143156845103,0.7810784581838699,0.7965553159848449,-0.16524163665986874,0.6879658103743519,0.49251965647493706,0.3530554009904563,0.6827017802303408,0.6870385917856228,0.7626796720504854,0.7477977856832263,0.5579263022110953,0.7875035966502586,0.5628683008091159,0.8031800243855034,0.6342681783894852,0.7838302268195381,0.7926344216127804,0.6346452039280714,0.5721515998441342,0.6681682846816266
0.5825654477686883,0.48868153009204607,0.755531699083726,0.3801809510791455,0.8999201854703249,0.491684258544022,0.842829895834055,0.5684553412684814,0.7992791263591892,0.5963288308282122,0.6001345915898911,0.49957499374187186,0.8376276741452022,0.6044800417271431,0.6504387329933032,0.6934954745387741,0.5877091220174904,0.6457366162297573,0.6523189219153269,0.5689562832161615,0.6634661624380024,0.35409534703301543,0.6508871960823894,0.37958235987559474,0.5326664018059337,0.7657710508247826,0.738354508103938,0.6658888680356175,0.0,0.7093346067523658,0.6548797020130893,0.32711425372469716,0.261039862331912,0.48345073525775545,0.44388231702841713,0.5839012115705489,0.4675292699643542,0.655876083681008,0.501020092469359,0.5566100858587133,0.5442761885711385,0.4958722863707339,0.4095150868408547,0.6156331163633457,0.5055263069627558,0.5500514473806654,0.5926310296623098,0.7335000261544251,0.4460715955114822,0.4656391230888298,0.753747148908027,0.7703621880360377,0.8570738403890158,0.7444689401309859,0.8348311227934397,0.5155920637159911,0.749206565179509,0.7510482394777861,0.5799968224204921,0.616035426742125,0.7383127770253906,0.48320404999944,0.7371062151609413,0.6367339156315326,0.6368281368912416,0.6794109101543977,0.5144418702321544,0.7480548966708027,0.4595392186177927,0.8675167677480629,0.6548657214165134,0.7603823141881,0.6747424772741565,0.591146317090308,0.5173302154683628,0.5634560297448348
0.3426099651309167,0.3669723123694029,1.021378283048708,0.44880955727142124,0.47736827933148596,0.9888487742625873,0.5123741027375669,0.5896141128540032,0.8281187977835116,0.4567923411062742,0.5351625752954495,0.4218334108507503,0.6598929734445467,0.5854026228085745,0.6330632737828398,0.7794287483267125,0.5418134085103888,0.6801971957985413,0.8534745158712722,0.7380602097461684,0.5869047547599364,0.5318454346521686,0.6767245733023666,0.7088992680010728,0.5251503075365274,0.37524194259711685,0.7492301045993728,0.6968744419771412,0.7093346067523658,0.0,0.537327954163982,0.46997381797884674,0.3818892336653781,0.6096945210371109,0.44670416226202925,0.5823571426079344,0.4131241361963126,0.7090919987980517,0.7193855298581502,0.5063616240337099,0.5238026201174059,0.532420737696055,0.691314852030321,0.2932853619716006,0.0,0.0,0.0,0.15725695969364986,0.0,0.0,0.5936362301243112,0.8061137572716015,0.5629687178676048,0.6739728156574939,0.5070338826163209,0.0,0.017507338501556214,0.637317093844038,0.0,0.5881750115022053,0.0,0.0,0.95326527185062,0.906995969653164,0.6286840798328638,0.6685407769953167,0.7109046308282521,0.738888128378197,0.0,0.42910707946457727,0.47691122011172815,0.827121715425066,0.7839325736911571,0.6649086838220574,0.6338792929326986,0.5579742682912678
