0.0,0.7019777081370897,0.42379504262769696,0.0,0.6183726211069727,0.6125962049423244,0.5221630886848507,0.8016418789394328,0.6638617325866432,0.5987177452621071,0.584883748785019,0.656951976102922,0.6071812359552824,0.5938029713879774,0.47469881614596043,0.6306520616610367,0.49080396652249014,0.47167294273794474,0.0,0.36414798930659925,0.3047393789456501,0.6522953311395168,0.7834028279344954,0.5685316648854546,0.5399511533270069,0.8661661102106248,0.5678518153731729,0.38735748806578346,0.4231409471831902,0.13418776983274155,0.5447312095238213,0.5555750383390337,0.4895274376733762,0.5287384464135851,0.14819028955390837,0.7317565708382516,0.49998479760335673,0.5354672851341138,0.526488019772488,0.6259995580083826,0.7686258430146307,0.5346319687507262,0.5101125071392159,0.0,0.29017570763538936,0.6792803685874935,0.5754240256166924,0.0,0.0,0.0,0.5971588369346017,0.0,0.4206997317438944,0.0,0.5218691844180058,0.0,0.5713000430551821,0.8376136166344035,0.0,0.5731118093116416,0.6767782616099935,0.49920584848018357,0.7523099639484943,0.0,0.497298606642393,0.8792011770788906,0.670741818241315,0.6629225542194912,0.43415524319227417,0.7232234159079304,0.7408828278375017,0.5001992735912204,0.4553266968413417,0.6298978444479073,0.0,0.5974788047684831
0.7019777081370897,0.0,0.9067572862722478,0.40123678505311294,0.6478874874037013,0.6764376536211368,0.6600544085866384,0.9522951966314865,0.5873021341142991,0.6278524940626714,0.4487414316067861,0.6852328529747305,0.6304984761238561,0.38646059066410887,0.6160681314023824,0.7242081996993749,0.9285831962167166,0.6576702549749851,0.6943283690260584,0.42242417908390884,0.7022952888575691,0.6309014441942438,0.9058458377406315,0.353714784934751,0.605240984159775,0.5585467846339957,0.5248521817882904,0.5129624418966727,0.5699876159542157,0.5211195217942292,0.4374630267685919,0.5019500829253147,0.3677633625478536,0.49025146943301834,0.3369266831989085,0.5680957760805876,0.057757506588153575,0.0,0.5291674186629738,0.7019937901291076,0.601220025606577,0.664703348555866,0.6047449686108646,0.0,0.0,0.6349524874807784,0.532684350218642,0.04029998662367154,0.0,0.0,0.6584789985244452,0.6529538208718328,0.7839994091009852,0.9058175630486882,0.863211587824355,0.0,0.5367361481672733,0.7128570191042699,0.0,0.6405050056175201,0.6416464865830076,0.7167927916771908,0.7192203894706516,0.0,0.5824797805390011,0.7711526904659367,0.6797321484661454,0.6115440634233715,0.5027280115589522,0.5788074124871588,0.6225356942177982,0.6081214760426342,0.9802419975864508,0.7177620756096146,0.0,0.6613960263980005
0.42379504262769696,0.9067572862722478,0.0,0.42669865400916696,0.5502307331046956,0.6801543122475119,0.5525462577910548,0.7383657020632306,0.6779698630739366,0.588555212116701,0.3876915830545423,0.5086961962051841,0.4994200710243454,0.571527496050863,0.49946681469778775,0.33280189480334943,0.5993064415767976,0.5335639178069507,0.35264872658495194,0.32528230579998124,0.5749099568174312,0.6114161393160367,0.7317697635206818,0.352104621035471,0.6771130781949708,0.6355819609118972,0.6507129971355312,0.603930160056882,0.7607598773698474,0.8603732272744771,0.5576398982363705,0.6196972973058368,0.44734800761112137,0.5827889135595644,0.5441541090253215,0.40839510926181716,0.3691204808287608,0.43111180220350415,1.0043756836014515,0.47450416152000374,0.3581591771704551,0.622039445405995,1.043584782374542,0.49020753513761217,0.0,0.0,0.4330263901552347,0.20852288426986584,0.5105006004932552,0.7465812986256631,0.7523956525461912,0.700041253733179,0.8962177932318729,0.7152149500703819,0.4666920619178001,0.21420279120034535,0.2601905013680585,0.7121124170124535,0.6196933651825387,0.4006431565674071,0.0,0.0,0.0,-3.91656678721819e-05,0.8724143663287802,0.4402507816133646,0.28865225639268016,0.8236884442140328,0.0,0.5861122058128219,0.6634163179673245,0.8013574337333389,0.7362224891789082,0.7232999720869394,0.6731779560816258,0.4722029689790523
0.0,0.40123678505311294,0.42669865400916696,0.0,0.7047369441873145,0.58292493154729,0.6591897263424089,0.5537984516098011,0.7217388431347906,0.6667592703453501,0.6873643784658487,0.49715989798884086,0.5910837083263873,0.8153156168208725,0.43174608407516124,0.35074075804249977,0.628394569181126,0.510414025104887,0.5786929992016072,0.6814269844421783,0.4872972796504829,0.27206988205220384,0.6167780095543577,0.4354599386091766,0.861628072017173,0.5456048108503159,0.602187736395583,0.4135839596144298,0.637060123716134,0.5127230469028607,0.24231526371372253,0.4326510441800769,0.35504770824465814,0.4187168038193554,0.5305270877175281,0.4543580996885258,0.31133245240201096,0.6299131025527512,0.1803827013518134,0.40590951005219744,0.7470827459682166,0.2822110296910569,0.29977528484576244,0.2782025220998961,0.0,0.0,0.0,0.47017401364584366,0.0,0.0,0.8151375954884647,0.0,0.48656421784993115,0.3211898166808588,0.0,0.43961575518144635,-0.15642673878365138,0.503222522765334,0.0,0.0,0.0,0.0,0.0,0.0,0.0,0.0,0.5149899000742562,0.672875412356639,0.0,0.0,0.0,0.47354842055351914,0.43080107014072694,0.6637367130983018,0.0,0.0
0.6183726211069727,0.6478874874037013,0.5502307331046956,0.7047369441873145,0.0,0.5937639498283953,0.5332955567213273,0.926952610272118,0.42319943953312883,0.7985253238364829,0.28992256142708733,0.6288044182617355,0.8325328165593529,0.6066535246581896,0.8439006186828791,0.7352953830793552,0.8293535140451547,0.6227311015174918,0.22048903194151187,0.839115292565081,0.7822164502148072,0.7431792549099037,0.6287259643494894,0.6701207747556981,0.6318332836055828,0.6947771122269097,0.580920212061754,0.6226391191098165,0.7565621123523844,0.47480707873681655,0.5966761725711247,0.7380951853698631,0.7299892830515549,0.7347739780559763,0.4511005534418485,0.5351933181825254,0.5867937569144139,0.7187085278031401,0.6453635612760661,0.48858466383210547,0.5026848323502751,0.3644787179345468,1.0360560335172841,0.3996226779957164,0.38070523518470356,0.0,0.38528285591344524,0.7627915331137014,0.0,0.6777445570201586,0.8073599225056546,0.6995157131301297,0.78194250317186,0.8541373860417476,0.0,-0.0773916683303677,0.43429136046095335,0.8702428050448721,0.7218460743190901,0.3916452011620478,0.484312244431672,0.0,0.0,-0.05124022653038446,0.5789449993999467,0.49899894958072266,0.7416574914514835,0.7742471399413158,0.0,0.4752448646599916,0.6838388347477958,0.650996115377129,0.643456221642749,0.5203032941747082,0.0,0.6835828598685122
0.6125962049423244,0.6764376536211368,0.6801543122475119,0.58292493154729,0.5937639498283953,0.0,0.7047902743145333,0.7498816414238689,0.5673787719306878,0.6209450715450913,0.749877419455515,0.7163427065112729,0.5639626345201163,0.5214647678868684,0.6690631270231648,0.7708051192448078,0.7005474097097132,0.7681456212507551,0.7804558387517262,0.6600399114681973,0.7229449360358872,0.6358916946192521,0.6436503590800307,0.2729733727970969,0.6519090975863547,0.802279738980747,0.6377702393427872,0.8027427461892049,0.7092425772706928,0.9588257608979193,0.7829673675265334,0.6881793430487803,0.8917251144274541,0.7360862758408435,0.5741623014896882,0.6998701098384956,0.5276404888730435,0.5065287621353529,0.5237235990206923,0.093411426221093,0.30967884333463136,0.35032140322068883,0.9372884461103246,0.2098180288830792,0.014290591153940213,0.8310965881292729,0.670420739435911,0.7103413421050074,0.750200376049148,0.6490923225603213,0.7919350225041796,0.7678105195948555,0.9179691942690553,0.8450122086254086,0.6177834728637228,0.9772450103330039,0.29711941575411466,0.7029918394474677,0.8167118012627292,0.7457200500898041,0.7264674742004913,0.0,0.5888781003734587,0.8861425642529616,0.6292986705598961,0.55417260019563,0.7566293034793687,0.732720000380706,-0.18084688992402442,0.6564214177545273,0.668598922535162,0.7378975039147987,0.7668599942819861,0.7457073372101652,0.769197385891265,0.6228092179211018
0.5221630886848507,0.6600544085866384,0.5525462577910548,0.6591897263424089,0.5332955567213273,0.7047902743145333,0.0,0.6868731003751032,0.6549713618981821,0.6618937132122924,0.49091451962582533,0.334537391007612,0.7943913476135338,0.45756582846899846,0.8768027718650206,0.6861768428602191,0.6799148284960392,0.6632423857328903,0.4852623435050723,0.7400191082892313,0.608143613671713,0.6414557304133365,0.6852870765725279,0.3145242416287617,0.6101186159552732,0.668848412301352,0.6202953032926118,0.5200236085775148,0.6824679923362822,0.5539168598300481,0.5079269369039956,0.7537642101150621,0.6000013388866652,0.6398340349233159,0.4623802787395931,0.5490117105693562,0.46521617963759815,0.553086137619254,0.30478381380278285,0.03751243755236636,0.06797096156019508,0.10116657837145199,0.7705479336320389,-0.19573113625522204,-0.0996150823154526,0.0,0.7328441123636849,0.5681497134182221,0.0,0.659674599561832,0.6907093162985616,0.6550572955866247,0.6915116115840585,0.843918250072694,0.5988875058632601,0.2352269465098623,0.1803307969094559,0.42802463766603904,0.4562992403009243,0.5091308178257455,0.6392075129995645,0.0,0.5170935306824285,0.7389024692118096,0.6471302793049314,0.6708300911602226,0.8774464247469982,0.6026013232017989,-0.1720495097745054,0.7185870647451722,0.8061336102358743,0.5956756551395674,0.6451109371292815,0.5007948622469499,0.8501736785387284,0.6123450724058562
0.8016418789394328,0.9522951966314865,0.7383657020632306,0.5537984516098011,0.926952610272118,0.7498816414238689,0.6868731003751032,0.0,0.7843097271559358,0.560780306173785,0.5766916535468625,0.5613426847569047,0.6777099704875813,0.7936541625819915,0.5391829889264946,0.8687181143210367,0.4820482155225841,0.7420196700372632,0.6589117596859048,0.554559742153643,0.6938844641121715,0.8358904440346765,0.8179985407788295,0.6576382834803223,0.7603316387230059,0.8335526726033902,0.6761544042997127,0.7398696137522677,0.7723636687040156,0.8229298255520978,0.6087370220310413,0.8316743655975092,0.7629174640420235,0.5733595834694893,0.29267173367095667,0.7820949277519091,0.788475376406269,0.5794472646408546,0.9272062212513362,0.5568351390505628,0.5565179004652148,0.5402155724732584,1.052080775109236,0.24763536895448357,0.0,0.5537465992861454,0.5054814950528721,0.8471167138255538,0.0,0.9455537237642112,0.9253117957178554,0.8342881696974642,0.9525465494283811,0.9224388673137219,0.6975158853044273,0.9104175992169903,0.9542317744392818,0.7290236435073871,0.7668422624914512,0.8384961515855934,0.6876651216796058,0.0,0.5965941285869107,0.8957579509571827,0.7004750402785469,0.6845161362414793,0.3631557961006907,0.906631121503404,0.0,0.6078854930723809,0.49151561472782773,0.756343112533854,0.7956039671612873,0.9590817167550671,0.9389760376843896,0.488883897726751
0.6638617325866432,0.5873021341142991,0.6779698630739366,0.7217388431347906,0.42319943953312883,0.5673787719306878,0.6549713618981821,0.7843097271559358,0.0,0.6411387900080119,0.25642128961797706,0.5383877799269403,0.6459514590766614,0.5840479785119741,0.8119663034457294,0.6963042572055872,0.5899432864361975,0.5786151013165811,0.34743557986122486,0.7336752418501707,0.636672488096779,0.7729618572576762,0.6391396182614872,0.5029994271161994,0.583526891411992,0.6689923497734156,0.6239516667884252,0.6075355846435468,0.6058040561547349,0.7823714611324862,0.5384491185349156,0.6413094251119941,0.5838913206019658,0.5662945219898361,0.41492296837584025,0.4754575553668971,0.4487377852870915,0.5434437529365048,0.9353000056630552,0.13793828572081912,0.13262901823808126,0.18847285992548468,0.913385031998096,0.5085939053097989,-0.017682720461566104,0.0,0.6438222924016421,0.7635178011939447,0.4924702596270843,0.9955193340372563,0.8501869323334856,0.8011824163894471,0.873228477013618,0.710342300756672,0.02136245934224873,-0.05564863755208266,0.12986351594308576,0.676278728338555,0.7550694909944039,0.82509739563334,0.616054639397857,0.0,0.0,0.7500830273086185,0.7328073085248805,0.5208045208387182,0.9895303579436345,0.769139853686212,-0.16233244994306012,0.6842001030727901,0.4794315412574942,0.6840031028437101,0.6767037351799209,0.7340444009164475,0.6305499633796209,0.738787487719495
0.5987177452621071,0.6278524940626714,0.588555212116701,0.6667592703453501,0.7985253238364829,0.6209450715450913,0.6618937132122924,0.560780306173785,0.6411387900080119,0.0,0.5582302906498939,0.5722841729668634,0.7294537886303295,1.0914673028444146,0.6672516433480782,0.7139800637022353,0.7326871302826092,0.5656358809682884,0.52643734997102,0.5393983080710252,0.7519364201331502,0.6004124790182424,0.6115438670775564,0.3963338662596776,0.6693818737399337,0.4490972845224781,0.6452240353549688,0.6785815227388821,0.5719903782166746,0.5702553455321105,0.5240469404290542,0.03974920921042402,0.8210892996117077,0.9147851275412977,0.7018692261193381,0.5767538767880698,0.5445921339885103,0.609133842377171,0.2324011914236301,0.4867713140847354,0.3146551852979543,0.2660813186334753,0.29317745766567904,0.0016084911187986828,0.19948736331564554,0.6444644045408083,0.682597415055276,0.40297620213397034,0.49438886106131225,0.49543438094916953,0.45616240777501793,0.38590467125955746,0.7288425585145619,0.3565345020211398,0.6782958970631817,0.45221529415133704,0.6855746081249282,0.7751439356103842,0.0,0.6691178191405827,0.7530375917535466,0.5957781386549295,0.6033871927711774,0.4843864616605881,0.5102419523137716,0.5154851370817499,0.6238842613846751,0.6133569523858604,0.53227135141875,0.5552107496550898,0.6186946979912697,0.6319372802811742,0.5069919393674507,0.6563166925171333,0.0,0.7800780744301505
0.584883748785019,0.4487414316067861,0.3876915830545423,0.6873643784658487,0.28992256142708733,0.749877419455515,0.49091451962582533,0.5766916535468625,0.25642128961797706,0.5582302906498939,0.0,0.4536256536806407,0.38321171201657306,0.5714877168301518,0.0,0.5096332154642187,0.5618681065074657,0.5888542544692542,0.15819782354271247,0.48375998278910615,0.517541551357413,0.4547218171833772,0.5606531386999596,0.33719893997337524,0.6195459424624092,0.6294388392005936,0.6636330529320951,0.3359097184679193,0.45923133005407923,0.5519560310637335,0.36833769802294175,0.142260086771077,0.47826734504977486,0.4804497316575821,0.579675884027578,0.4337522436979675,0.48650836711083745,0.44879808045998126,0.5512454004606463,0.6051589238868529,0.13047559302018233,0.5772995742871081,0.8614877965493268,0.6392923219567552,0.26142315142323486,0.0,0.0,0.12094190962334567,0.47406907850753044,-0.02338140916034881,0.8331982177861617,0.37570435746614855,1.0403277900635348,-0.11157255983568354,0.40204858417939876,0.03373506349222555,0.03677654920934956,0.3134293800443984,0.550529757222041,0.0,0.0,0.0,0.0,0.09421632073708539,0.5359837983093036,0.0,0.5809244401327329,0.8041788335984414,0.0,0.0,0.9623892188792458,0.7903531619204872,0.2633111597061855,0.34305063080900533,0.0,0.6258954102120887
0.656951976102922,0.6852328529747305,0.5086961962051841,0.49715989798884086,0.6288044182617355,0.7163427065112729,0.334537391007612,0.5613426847569047,0.5383877799269403,0.5722841729668634,0.4536256536806407,0.0,0.4882027486389975,0.66132684902044,0.5694534859562077,0.874816360332994,0.8740574457885015,0.9588449349016921,0.5030590268966347,0.8573612927815989,0.5562698635616805,0.4680271346613506,0.6140940887504546,0.3991842575504568,0.858793840304136,0.5674295364855977,0.555537998150101,0.44713369114477935,0.7453925855054218,0.03292676578076356,0.41773946878099033,0.255232486995089,0.6984191284834731,0.6518755206730329,0.6489567585727583,0.31753111284241764,0.3221783185087351,0.2800636452516979,0.39413968237263547,0.4347433428921045,0.21968980212772785,0.7922016920313005,0.37034602078476575,0.0161425506529074,0.01698124780991417,0.4659609093080755,0.6502362289630881,0.5595575055949771,0.42402564567086287,0.2514324079683923,0.3367051244221653,0.4367841275888632,0.9043789827724663,0.3357794149507177,0.6490696498611241,0.029722778677652606,0.5905616393832563,0.4478884721425271,0.5624180686294205,0.5656898527719687,0.6758656981312099,0.5778567777496192,0.6401000467149521,0.46061100154542606,0.9114282080538048,0.8350953743633605,0.5180319956890774,0.6343719765340051,0.1399641164900508,0.5782020966353107,0.6130084909158509,0.25756725411169695,0.40940583505769224,0.5522615438203258,0.0,0.3626049624526684
0.6071812359552824,0.6304984761238561,0.4994200710243454,0.5910837083263873,0.8325328165593529,0.5639626345201163,0.7943913476135338,0.6777099704875813,0.6459514590766614,0.7294537886303295,0.38321171201657306,0.4882027486389975,0.0,0.4934620544511352,0.7034475688029564,0.6443949473097039,0.6403507542484963,0.6905873958289944,0.4258194503532631,0.6746062778376642,0.5754937710514509,0.5792929267268931,0.6536206467893586,0.34827726787880836,0.6644407002813115,0.7188189636787125,0.6074507173849446,0.6059849920941396,0.6355447153359057,0.5785466328735018,0.36333265355230493,0.6828735083450345,0.6056868246650335,0.6436026924443554,0.2947438804320412,0.5207681395385865,0.43150468120040264,0.4521622991089011,0.16879263543798634,0.08332948552470232,0.14894219426008817,0.31774285169645156,-0.04430990864254908,0.13795411149232642,-0.1258728246639196,0.515029550583504,0.7315103422239286,0.6457243371496054,0.0,0.789613026408847,0.6789454171014173,0.604589286581896,0.7182551781186106,0.8153499782571269,0.42399206053648575,0.20406765767439747,0.22894102393517676,0.3357748369267274,0.555196865023398,0.5694049060255691,0.5740056684543262,0.3938514340367456,0.6894508527633051,0.6865854412752237,0.5289747511754783,0.6604185918346943,0.7319800457155968,0.6583522821974336,-0.20572245345675083,0.665398767522072,0.664506935786734,0.6850234816365235,0.4982178883080737,0.5373920243353429,0.5265598126155291,0.1402602366315885
0.5938029713879774,0.38646059066410887,0.571527496050863,0.8153156168208725,0.6066535246581896,0.5214647678868684,0.45756582846899846,0.7936541625819915,0.5840479785119741,1.0914673028444146,0.5714877168301518,0.66132684902044,0.4934620544511352,0.0,0.26829599842418816,0.5693027400824019,0.48527267812492153,0.5040282908922913,0.5353724178967828,0.64502069355981,0.5387140889769877,0.20707279409174467,0.5455194976636786,0.5714040826786178,0.5728620927342079,0.5353754876137585,0.4600935177994607,0.5695356976473493,0.5717199351113792,0.4458845582281406,0.5712068763126897,0.424653188523168,0.38847391173727197,0.7562786554674159,0.449840041555913,0.5569088835590897,0.3512886002208917,0.34198914559265375,0.9240974529837704,0.0,0.6833792275529988,0.6950698347915827,0.7335974781183114,0.5100447005826204,0.0,0.0,0.0,0.9531117632003366,0.0,0.7882803629365435,0.6433265587260022,0.7651093403751659,0.9106375893840669,0.5045456577152709,0.0,0.3063357028329909,0.3816642857066073,0.5957146689215707,0.5433421812287856,0.0,0.0,0.0,0.0,0.6430423945506321,0.0,0.0,0.0,0.7801003749557784,0.0,0.0,0.0,0.6292227715516272,0.7485819911518945,0.0,0.0,0.0
0.47469881614596043,0.6160681314023824,0.49946681469778775,0.43174608407516124,0.8439006186828791,0.6690631270231648,0.8768027718650206,0.5391829889264946,0.8119663034457294,0.6672516433480782,0.0,0.5694534859562077,0.7034475688029564,0.26829599842418816,0.0,0.5940941946303031,0.4452696717826831,0.5192991892938507,0.0,0.5301172958187798,0.4036087938382282,0.7574455810741685,0.4402437288400498,0.2601938590926923,0.5344673050424648,0.44638123874061264,0.3700257624459403,0.4768828667238434,0.5930492724533372,0.4886670476460463,0.319148859724267,0.3856504578364483,0.6029596675030858,0.33677382662268307,0.2871505878015912,0.5097149642473426,0.30781896914995743,0.38271960828694,0.48830771133265205,0.6883274711701072,0.5766627886862985,0.3814011169662061,0.6979792470108133,0.42188807292118824,0.0,0.7994423787248695,0.6482004774827425,0.6064321147936038,0.0,0.0,0.5908624511663108,0.8670041330545765,0.6218181373772289,0.632306254276877,0.0,0.0,0.34005879667684835,0.5831846142164197,0.48690002768251134,0.7026595463759265,0.6685496742258932,0.5950071723956214,0.7720390074377571,0.0,0.7903649762095843,0.587052982901375,0.7357785533543151,0.7316778639326096,0.5053100363303418,0.7829309083227687,0.5795925866418568,0.5535501257378743,0.539119623748003,0.5283467202557189,0.4428586667519695,0.47475810143138275
0.6306520616610367,0.7242081996993749,0.33280189480334943,0.35074075804249977,0.7352953830793552,0.7708051192448078,0.6861768428602191,0.8687181143210367,0.6963042572055872,0.7139800637022353,0.5096332154642187,0.874816360332994,0.6443949473097039,0.5693027400824019,0.5940941946303031,0.0,0.6584176129224064,0.871893474300123,0.46533537859538493,0.5927761987400413,0.7159958603831769,0.6982377354457849,0.9389981003154466,0.4117923962787461,0.6629509167091696,0.6669307927880486,0.6974177566504525,0.6578532260004515,0.65467564971371,0.5665222567526575,0.5055166718543939,0.43481248385056215,0.4536979159323598,0.4524194387759714,0.3082023889544102,0.6908834299136696,0.46896762780581114,0.6908012667032266,0.5465069923312142,0.6601888975569578,0.7046468770858836,0.6268622296891806,0.5109924581961061,0.0,0.0,0.5373194242041834,0.6369807163189879,0.0,0.0,0.0,0.35805931245911427,0.7703493925724338,0.9749992316088671,0.0,0.7795906948767254,0.0,0.6816785898141926,0.6800682553467303,0.0,0.5533707097667958,0.7021333177653928,0.7996975298219191,0.8335616642675149,0.0,0.6470735086423867,0.76220808492849,0.6690665313101253,0.5006158788199203,0.4679451832190969,0.7540715440621366,0.7592117046089569,0.6355556802883736,0.6611906777605658,0.7580645742994314,0.0,0.6171244355363668
0.49080396652249014,0.9285831962167166,0.5993064415767976,0.628394569181126,0.8293535140451547,0.7005474097097132,0.6799148284960392,0.4820482155225841,0.5899432864361975,0.7326871302826092,0.5618681065074657,0.8740574457885015,0.6403507542484963,0.48527267812492153,0.4452696717826831,0.6584176129224064,0.0,0.6102994399175249,0.723158575119693,0.47417007220228324,0.5918527992275522,0.6859784684439041,0.5708371227383551,0.65545460449259,0.6206411817366233,0.7507996517888786,0.7531751822797889,0.8420483990436135,0.4841731786533512,0.6148857526364822,0.6908463084478815,0.5895485874392838,0.6551739773391493,0.7307234187046707,0.2796303683224123,0.8820188914705612,0.3915371180225068,0.4251272770488897,0.7459746125963644,0.3325867858005622,0.6735158748283336,0.7181012505565912,0.0,0.0,0.5986184153393233,0.7303980821073605,0.6936607202061069,0.0,0.0,0.0,0.0,0.0,0.0,0.0,0.7229043732424305,0.0,0.6313835987805818,0.488456747489774,0.0,0.5627742578444995,0.6550401830627693,0.6466077318983214,0.5902726874789987,0.0,0.0,0.0,0.645488451150373,0.0,0.6001844290654157,0.6571910058039558,0.6868973811006953,0.0,0.39035771196903174,0.48878140518211394,0.0,0.7526346475839762
0.47167294273794474,0.6576702549749851,0.5335639178069507,0.510414025104887,0.6227311015174918,0.7681456212507551,0.6632423857328903,0.7420196700372632,0.5786151013165811,0.5656358809682884,0.5888542544692542,0.9588449349016921,0.6905873958289944,0.5040282908922913,0.5192991892938507,0.871893474300123,0.6102994399175249,0.0,0.5400783682833372,0.7101089884257612,0.6340086331051333,0.6412342453144232,0.8089289380620142,0.6286242125626427,0.5443295416230312,0.6861083498989724,0.87604968111006,0.5773820326480406,0.6323428623662444,0.5640651479402117,0.4520438832487666,0.3807443327219724,0.6094413260169065,0.6942424056374278,0.37062508608471545,0.4795347911321769,0.4266373681386466,0.4840952641395484,0.6921459158105404,0.6266699869209384,0.6697017341040414,0.6781796327756385,0.0,0.0,0.686959488794953,0.5880952213319858,0.5961179035697355,0.0,0.0,0.0,0.8938261687910958,0.5288861509741396,0.5955603379430641,0.0,0.7948411712255048,0.0,0.7568371035970061,0.689841372484352,0.0,0.6764078429523845,0.6990979378087735,0.7286716130159645,0.6632143528792565,0.0,0.5115957702055898,0.6844578137192219,0.5778451037465702,0.8093567378563757,0.6190836038540896,0.6808655571985109,0.733953353943869,0.463768508395484,0.8391050885075318,0.6095099561496276,0.0,0.7188953673435503
0.0,0.6943283690260584,0.35264872658495194,0.5786929992016072,0.22048903194151187,0.7804558387517262,0.4852623435050723,0.6589117596859048,0.34743557986122486,0.52643734997102,0.15819782354271247,0.5030590268966347,0.4258194503532631,0.5353724178967828,0.0,0.46533537859538493,0.723158575119693,0.5400783682833372,0.0,0.49687754014962005,0.6870452297064416,0.7235433670588622,0.47390177920383936,0.41256368146765193,0.45998800446521515,0.6610367215252991,0.7369283198422134,0.43198609234014057,0.581809301350021,0.6722019287405585,0.40381862254503953,0.4532319323682204,0.3853577146808912,0.431212458452866,0.5076908566193867,0.44021655362714346,0.32053711295861886,0.40570068476790444,1.0142550597684223,0.4443784797365368,0.15173269089181599,0.2911034662208653,1.0013650062137125,0.3591603066263644,0.008955438335805628,0.0,0.0,0.4694320856519691,0.0,-0.0628464459387269,0.7401485095920362,0.6784214049614875,0.8720824545098107,0.6678278272439375,0.6053281539297524,-0.030149218414104728,0.49391649561461504,0.4925213094870302,0.4757183117608468,0.0,0.0,0.0,0.0,-0.007334944850795333,0.4760783447210575,0.0,0.48418432086387025,0.7980163284662071,0.0,0.0,0.0,0.6879829760112153,0.5797839171356178,0.44824670994354443,0.49825829541966526,0.5977161389615449
0.36414798930659925,0.42242417908390884,0.32528230579998124,0.6814269844421783,0.839115292565081,0.6600399114681973,0.7400191082892313,0.554559742153643,0.7336752418501707,0.5393983080710252,0.48375998278910615,0.8573612927815989,0.6746062778376642,0.64502069355981,0.5301172958187798,0.5927761987400413,0.47417007220228324,0.7101089884257612,0.49687754014962005,0.0,0.4126556582617925,0.29069723538482967,0.14468091447799106,0.5345967315367899,0.6331199371382639,0.44120432897215844,0.3378733070738418,0.6434798795071743,0.6372330376616515,0.6899662664304751,0.2100907343869961,0.3617137814363112,0.4946429186971304,0.2931000166752519,0.2682680397292411,0.5006829682479724,0.39222565379172425,0.7759983508857664,0.36616992710095814,0.7842817171091816,0.5094198467397751,0.21110539399776962,0.6121186345027314,0.1795064254599042,0.3492294226979996,0.5992424024686243,0.6139810515152316,0.5556516422611794,0.0,0.0,0.5846543575343154,0.6076093575313944,0.6761666333392472,0.7216043670011565,0.8511892913908856,0.0,0.46118903846060644,0.5979751796667725,0.0,0.7177810308629389,0.6494446481963161,0.5102316145235688,0.8440654749373407,0.0,0.5244788231982747,0.5864894557541473,0.7087291178069351,0.5525196189230709,0.0,0.674979381614115,0.5948035529176288,0.4351011742238894,0.5735717064871609,0.5470220655743561,0.44657158208978964,0.48504828987898874
0.3047393789456501,0.7022952888575691,0.5749099568174312,0.4872972796504829,0.7822164502148072,0.7229449360358872,0.608143613671713,0.6938844641121715,0.636672488096779,0.7519364201331502,0.517541551357413,0.5562698635616805,0.5754937710514509,0.5387140889769877,0.4036087938382282,0.7159958603831769,0.5918527992275522,0.6340086331051333,0.6870452297064416,0.4126556582617925,0.0,0.5946452359790955,0.8057514913623414,0.37997504944408883,0.5755109728757843,0.6670064616646036,0.42572982938292103,0.5304472742852543,0.7239492979957731,0.55192356594329,0.395482493076613,0.41951116704817026,0.5861343535144553,0.44203777254762966,0.42251603815882244,0.5804109310784226,0.36454514568198293,0.5789892477052432,0.5045857491696907,0.528876400285426,0.43484788153274956,0.45995010102674727,0.6692724489057197,0.0,0.0,0.5145337609190385,0.5333571771068457,0.7902650113797761,0.0,0.0,0.8620688299206918,0.5129152342066174,0.9688791553072074,0.7507409750765293,0.6929276224765549,0.0,0.8561907621524276,0.6694188265585953,0.0,0.6020082621205944,0.6858198100369459,0.0,0.6877145397402115,0.0,0.508059742231042,0.6813375757440567,0.5403648488555959,0.6831291556347924,0.6144499238993829,0.4911942775376258,0.7106286883359743,0.5810364547609687,0.7620645535593125,0.653043391182594,0.35859712446847314,0.37546397394506936
0.6522953311395168,0.6309014441942438,0.6114161393160367,0.27206988205220384,0.7431792549099037,0.6358916946192521,0.6414557304133365,0.8358904440346765,0.7729618572576762,0.6004124790182424,0.4547218171833772,0.4680271346613506,0.5792929267268931,0.20707279409174467,0.7574455810741685,0.6982377354457849,0.6859784684439041,0.6412342453144232,0.7235433670588622,0.29069723538482967,0.5946452359790955,0.0,0.6493769375294653,0.7775075470884721,0.7850860694363317,0.6104886500018386,0.3128840438002783,0.5466160944819414,0.6117828694404313,0.546804116072924,0.3704826638997678,0.4695910221394629,0.5167560188912539,0.4165441921792263,0.29431442226653143,0.44370012743014536,0.5794415037093686,0.5608266844254957,0.5179602720268531,0.7303892768417504,0.6566363707331277,0.2496587771870262,0.6781849531840375,0.44605623939936134,0.39707134294579993,0.6134350124056654,0.6221168584627883,0.9541518020830388,0.49306827679296983,0.40015912150676425,0.7824273785936613,0.6916960770416044,0.7341487487811357,0.8271164140930984,0.46851054450962915,0.0,0.4809064327437506,0.7558402217100075,0.0,0.7242314196844106,0.708463182997205,0.7266867194995579,0.8627427618422205,0.0,0.6458795940239244,0.6696316408452122,0.6528258171158756,0.5944527670550848,0.5227734052301939,0.6871772042382455,0.5921869715395591,0.5489757416302784,0.7710402425039697,0.6724770887491021,0.6823158047137317,0.6716083549189176
0.7834028279344954,0.9058458377406315,0.7317697635206818,0.6167780095543577,0.6287259643494894,0.6436503590800307,0.6852870765725279,0.8179985407788295,0.6391396182614872,0.6115438670775564,0.5606531386999596,0.6140940887504546,0.6536206467893586,0.5455194976636786,0.4402437288400498,0.9389981003154466,0.5708371227383551,0.8089289380620142,0.47390177920383936,0.14468091447799106,0.8057514913623414,0.6493769375294653,0.0,0.5727241704332517,0.7519047786725064,0.6944558616507972,0.5697068557399293,0.648279453961714,0.6995969321019873,0.6862460800229335,0.6194255538704769,0.5937196996633716,0.6471850746660487,0.5293420305168752,0.4404220451924527,0.6247285241642595,0.6424119018091965,0.7228081064621812,0.7361544924960128,0.7484770567056998,0.5958505745710174,0.6221695393854358,0.9933660396331423,0.8159458622811484,0.41842000604786467,0.584304403345016,0.6608608784104557,0.8274823590787613,0.5549685343937767,0.849518149412654,0.7948744759734745,0.7353634177838557,0.8931056756851262,0.8107761498514781,0.7381500128809478,0.8930230737103462,0.46859858487575745,0.6637997068666843,0.6654570256968655,0.6851360208433255,0.7153292925171725,0.5102419523137712,0.733432060396922,0.8575961086358106,0.6212697327047558,0.7517468928030033,0.57017962436385,0.85759157650746,0.3578423190176582,0.8319805497624302,0.6517414500959915,0.6818167317154111,0.7331952372805157,0.6767794290011363,0.7027037693541295,0.6364808155163135
0.5685316648854546,0.353714784934751,0.352104621035471,0.4354599386091766,0.6701207747556981,0.2729733727970969,0.3145242416287617,0.6576382834803223,0.5029994271161994,0.3963338662596776,0.33719893997337524,0.3991842575504568,0.34827726787880836,0.5714040826786178,0.2601938590926923,0.4117923962787461,0.65545460449259,0.6286242125626427,0.41256368146765193,0.5345967315367899,0.37997504944408883,0.7775075470884721,0.5727241704332517,0.0,0.6908340407741238,0.595441776843803,0.2191949365136744,0.3355297389368422,0.5324676661748653,0.7103980816823787,0.4334380494369142,0.09138223062209794,0.6289632118857791,0.4222871219733944,0.08047859759196527,0.11441536864912577,0.25741844181190265,0.5040990175275605,0.07658709459922802,0.11966319860141766,-0.038912707348933484,-0.012979608059001002,0.495647128680083,-0.09286917163231212,-0.046421516884733505,0.5889263068147342,0.5345865384796572,0.0,0.0,0.5093385533003205,0.46075910118819075,0.250492452410232,0.0,0.35490797155651543,0.3521110180188811,0.5441397651297206,0.15858242915363954,-0.021153748603320977,0.0,0.35368432379498216,0.6693480103779094,0.5812638624860026,0.6944976579254056,0.5196224978404314,0.4376458207075472,0.3897004012407856,0.4922438894518144,0.6726881255811044,0.26040459856800136,0.7151279200166379,0.7270084912211687,0.3389342698753102,-0.09340709414129367,0.8642270422133473,0.0,0.36892333743839945
0.5399511533270069,0.605240984159775,0.6771130781949708,0.861628072017173,0.6318332836055828,0.6519090975863547,0.6101186159552732,0.7603316387230059,0.583526891411992,0.6693818737399337,0.6195459424624092,0.858793840304136,0.6644407002813115,0.5728620927342079,0.5344673050424648,0.6629509167091696,0.6206411817366233,0.5443295416230312,0.45998800446521515,0.6331199371382639,0.5755109728757843,0.7850860694363317,0.7519047786725064,0.6908340407741238,0.0,0.48131566650837,0.65152983680921,0.5621290717336126,0.5735634113030423,0.44688775376681134,0.6308182258074169,0.3454585193860155,0.6967742683426017,0.6661863611605314,0.5457288487386024,0.4549321268769529,0.6293241916699737,0.5207218338264054,0.5849095668141673,0.6624742016826441,0.7173845751381145,0.684847182574736,0.08850991858257169,0.0,0.5283058900810196,0.6574227669828875,0.6752617986650753,0.0,0.0,0.0,0.6725131079929546,0.6629587767332918,0.5867929583609695,0.47246003903649914,0.7136560485385368,0.4672578149273434,0.7073533700368257,0.5178735465553272,0.0,0.5856183051898243,0.7056509215428433,0.6343818849791432,0.7171606378379105,0.0,0.7647838490247011,0.6959631584450798,0.846018014826187,0.5889629226816772,0.5590703025031434,0.7096947424377641,0.7027342299336901,0.5378878999549361,0.8720551755371085,0.5645951258960722,0.0,0.7045468368793615
0.8661661102106248,0.5585467846339957,0.6355819609118972,0.5456048108503159,0.6947771122269097,0.802279738980747,0.668848412301352,0.8335526726033902,0.6689923497734156,0.4490972845224781,0.6294388392005936,0.5674295364855977,0.7188189636787125,0.5353754876137585,0.44638123874061264,0.6669307927880486,0.7507996517888786,0.6861083498989724,0.6610367215252991,0.44120432897215844,0.6670064616646036,0.6104886500018386,0.6944558616507972,0.595441776843803,0.48131566650837,0.0,0.5105741010380618,0.7050110293638672,0.6834346972379539,0.3760606137959296,0.5528721475102085,0.561642802838474,0.7412115659140747,0.6245137229455073,0.42871109415624353,0.3848605436458965,0.3858046725898935,0.5435672934582569,0.6030304269684221,0.6924825000626882,0.8244090689438717,0.38055056084725963,0.6709048191941293,0.5154169109838364,0.43874266938590056,0.7667278159679844,0.6964220951079745,0.8944120807909701,0.0,0.0017995767619565384,0.7327499533793398,0.6940216005595596,0.530988420103752,0.7855149442227156,0.7108116702272236,0.0,0.7366059794029517,0.7715994714444581,0.0,0.6114538619732957,0.7731441570104753,0.6399220335584025,0.7472994100522139,0.0,0.6387472264265509,0.7208025011425179,0.6950671326167399,0.6211637802300205,0.623801389047133,0.7788157044586842,0.7007472842049081,0.6288523235906808,0.877806877423557,0.7015500787131566,0.4688164135263567,0.7131128186096914
0.5678518153731729,0.5248521817882904,0.6507129971355312,0.602187736395583,0.580920212061754,0.6377702393427872,0.6202953032926118,0.6761544042997127,0.6239516667884252,0.6452240353549688,0.6636330529320951,0.555537998150101,0.6074507173849446,0.4600935177994607,0.3700257624459403,0.6974177566504525,0.7531751822797889,0.87604968111006,0.7369283198422134,0.3378733070738418,0.42572982938292103,0.3128840438002783,0.5697068557399293,0.2191949365136744,0.65152983680921,0.5105741010380618,0.0,0.6699395643465185,0.5474239814617318,0.7119965346063013,0.4842880113080277,0.5219474604331822,0.4428937099447158,0.4615427019076903,0.40134401656477114,0.5381145705088299,0.5235764392709303,0.46585095005763244,0.5960997524990466,0.0664192892749389,0.42593554766663105,0.11224743145509747,1.1193436897052595,0.4424463312645868,0.2909221909718799,0.484615929458827,0.4875278554039486,0.6896547372476409,0.614602050852902,0.8508358427187546,0.7448020769764114,0.6843541217639175,0.7517338327439325,0.7628951233830987,0.7822157687116715,0.9228444043745319,0.1625557810347269,0.6255771531365653,0.8943675091906518,0.583324784038399,0.6267040509602853,0.0,0.5235514255675663,0.8141320498857845,0.4559295131520241,0.5835140019980924,0.5098973408262776,0.651397761360647,0.0,0.5930739239917286,0.48826174788632015,0.6588770017798526,0.6768398744643762,0.5294053508927705,0.47871600368124556,0.48363793154801
0.38735748806578346,0.5129624418966727,0.603930160056882,0.4135839596144298,0.6226391191098165,0.8027427461892049,0.5200236085775148,0.7398696137522677,0.6075355846435468,0.6785815227388821,0.3359097184679193,0.44713369114477935,0.6059849920941396,0.5695356976473493,0.4768828667238434,0.6578532260004515,0.8420483990436135,0.5773820326480406,0.43198609234014057,0.6434798795071743,0.5304472742852543,0.5466160944819414,0.648279453961714,0.3355297389368422,0.5621290717336126,0.7050110293638672,0.6699395643465185,0.0,0.732010255048259,0.7518629571270588,0.4113262242048894,0.6696922358314548,0.6585502305290949,0.45466147069258445,0.6277350937091848,0.32899494010045416,0.340555320619354,0.43528915540798385,0.29378790381886755,-0.04901519611076391,0.2222216536857055,0.21816320224461697,0.2588630956053442,0.23152702770872452,0.3701321846461805,0.6971187378091972,0.5658409169448593,0.637397647478548,0.0,0.7422818757919847,0.7060515079635059,0.31707987188875686,0.8121807242456771,0.687004974753597,-0.049287180506245254,0.10172833175612328,0.2601002278325225,0.3526374496599526,0.42902968590251955,0.6166200063173553,0.39199458379076185,0.3366689644681438,0.6580132026497418,0.6809665870324684,0.5605815975460088,0.6459136850416006,0.5175246714237868,0.687841872685917,-0.1930034073301699,0.642316183384193,0.49447001625915354,0.7115933452022698,0.7735616569583899,0.5776813846138658,0.6160116072969732,0.4116473234053375
0.4231409471831902,0.5699876159542157,0.7607598773698474,0.637060123716134,0.7565621123523844,0.7092425772706928,0.6824679923362822,0.7723636687040156,0.6058040561547349,0.5719903782166746,0.45923133005407923,0.7453925855054218,0.6355447153359057,0.5717199351113792,0.5930492724533372,0.65467564971371,0.4841731786533512,0.6323428623662444,0.581809301350021,0.6372330376616515,0.7239492979957731,0.6117828694404313,0.6995969321019873,0.5324676661748653,0.5735634113030423,0.6834346972379539,0.5474239814617318,0.732010255048259,0.0,0.6250890880365603,0.46183574091505325,0.5291114325202014,0.6690227881584365,0.4158789103728253,0.4144155945899101,0.5537076815219193,0.653294570594751,0.5667164787813266,0.4428202037040858,0.6337156806726845,0.508306813456928,0.44423827891299406,0.638289426386647,0.4037856767292938,0.39551144105754843,0.5061503723084029,0.6145584140773371,0.5315214414655046,0.5056577659912396,0.5220987421089438,0.6506816686749366,0.6128160114314063,0.9632704355974798,0.5928028343300304,0.5643894238399993,0.6776582839211376,0.5518718761591281,0.595250191420412,0.5638712161141048,0.6165101714752856,0.6440973152604805,0.4874265176244007,0.6459800245516116,0.6962933248711577,0.5031975673718214,0.6536614140210203,0.6031428619973285,0.6188702118212451,0.49278493086797387,0.7009620648519012,0.6781083488301141,0.6183975569383158,0.6948959111086248,0.5499720810211289,0.44553473806322874,0.4409206042813318
0.13418776983274155,0.5211195217942292,0.8603732272744771,0.5127230469028607,0.47480707873681655,0.9588257608979193,0.5539168598300481,0.8229298255520978,0.7823714611324862,0.5702553455321105,0.5519560310637335,0.03292676578076356,0.5785466328735018,0.4458845582281406,0.4886670476460463,0.5665222567526575,0.6148857526364822,0.5640651479402117,0.6722019287405585,0.6899662664304751,0.55192356594329,0.546804116072924,0.6862460800229335,0.7103980816823787,0.44688775376681134,0.3760606137959296,0.7119965346063013,0.7518629571270588,0.6250890880365603,0.0,0.3957191506743467,0.4203707315678541,0.6311447008905544,0.19259217799390313,-0.028192715213418373,0.385303836023984,0.026329081438435847,0.2767960690104016,0.7629297235495935,0.4721880215321368,0.4582147351469331,0.45351114931462055,0.4293362850636953,0.27492773225559497,0.0,0.0,0.0,0.16269961501268604,0.0,0.0,0.674176794626707,0.7189787261022438,0.6698339598110672,0.18017376232131982,0.5050213434058146,0.0,0.007208016930383325,0.569556143107944,0.0,0.4671287323636586,0.0,0.0,0.9739325715709377,1.010380016934068,0.26292125041269243,0.5668095796255701,0.8061488711863083,0.70076391051888,0.0,0.1336521244268236,0.4951373755376326,0.7552466717395181,0.7779228593820072,0.5942170888030995,0.6657165612477711,0.3419927328919903
