0.0,0.005307248286148147,-0.0008516995761670976,0.0,0.010411270423489882,0.016161103744023853,-0.0005884492283620979,0.02115996678861365,0.033588019516277545,0.002680062653771298,0.008445308469034407,0.0029251417962046222,-0.008486655505636764,0.0015134259641900738,-0.009800505920754876,-0.016068825701972267,0.009998533213673222,-0.021208554392361578,0.0,-0.03945506826042233,-0.023593602632104638,0.0013893798986782668,0.024649662858148513,-0.013992051432133112,0.0022443014604953127,0.02780710737489661,-0.00565573220640464,-0.032721484322306815,-0.02698174614224086,-0.04983944314384364,-0.007647852457422277,-0.017290055556566042,-0.011885963894443907,0.00581068966152537,-0.035782225211275276,0.005011018447496296,0.000170508130821867,-0.006768683733595238,-0.005520590170840611,-0.0025478008311243805,0.028822063018482058,-0.005567212100279717,-3.64140777357469e-05,0.0,-0.015946084431946006,0.015261698386105582,-0.011092688420592467,0.0,0.0,0.0,0.005474941822234902,1.1102230246251565e-16,-0.03425819522000617,0.0,-0.00578777514590989,0.0,-0.011932757070074795,0.008954907991740313,0.0,-0.0062827546584287575,0.0026404776795984075,0.0053253183944697025,0.023051140638009227,0.0,-0.008125503754450314,0.07274134579759395,0.0025228985253311076,0.0032410077983852092,-0.0387530459165108,0.01239394959992679,0.005123181300351332,-0.0011446455457931881,-0.00011207790958028818,-0.003168600147301026,0.0,0.007014847577518302
0.005307248286148147,0.0,0.04543397872827093,7.259452745111972e-05,0.035093962869966855,0.02988371393433742,0.027853711082248656,0.04271488270050244,0.03886601598480838,0.0236045139453116,0.003207087139449838,0.0303831264660952,0.017557294325565076,-0.0028221585410729277,-0.003016316712491196,0.005569710723311638,0.03220563466015547,-0.0016187025755492468,0.009752017669718172,-0.01932370218940377,0.005257975701881745,-0.00275220078801508,0.0359920521760842,-0.02940709435183647,0.012079766573868167,0.00967462527398083,-0.008423133881835965,-0.005782157115409192,0.01298666297909884,-0.0009752147898681729,-0.023794736778307624,-0.003091790633564795,-0.010820584293230406,-0.0034637489677854516,-0.026354406949846643,-0.0021826550170049863,-0.0008267405839061936,0.0,-0.00042045306807231286,0.008021494513663519,0.012627247925564411,0.007139123485654375,0.004917063073538508,0.0,2.220446049250313e-16,-0.0032252685943222614,-0.010385792975777797,-6.48202935386033e-05,0.0,0.0,0.004192137975534638,-0.0017147809340427034,0.021075127544180616,0.014025757836126751,0.02720494841321558,0.0,0.0007651806828503638,0.0036583184724205964,0.0,0.003943665853648026,0.003380760075594791,0.015376224746275646,0.009967771214299315,0.0,-0.005487675995406727,0.009854556517513213,2.536601312636e-05,-0.0047135804006339654,-0.0026692258191306495,-0.004262805920784651,-0.003102633652174336,0.0008459788040242611,0.03068018388498528,0.006497813934109753,-1.1102230246251565e-16,-0.0005042704974392853
-0.0008516995761670976,0.04543397872827093,0.0,-0.01777673518441114,-0.004562886181240566,0.015202831738451772,-0.009198730897672647,0.010961032556604577,0.04111668277052677,-0.0010083826905337157,-0.04478573370926936,-0.018963386971548202,-0.021342869579040302,-0.009887617552988393,-0.0006963459025042251,-0.017344849462965384,-0.008852168045197228,-0.004857254953361145,-0.027845723201699923,-0.01741315488933931,0.002918941343665382,-0.004182217357219298,0.04640288165279455,-0.028326309059385435,0.02469169544480937,0.0033141621044640024,0.027473827712546972,-0.009725666435233926,0.019375013154514398,0.02370045616084332,-0.016326687542651874,-0.003006366165528074,-0.008823912603894923,-0.011995688004648508,-0.01021250216745373,-0.03878450166661773,-0.030716983194303382,-0.017408019858160095,0.05779653474032709,7.457761904694493e-07,-0.04193109830226266,0.009298350125387433,0.06384507759570901,-0.02761941475717744,0.0,0.0,5.1841902411531304e-05,-0.13913037333044426,-8.178699192784578e-06,0.04418749751993223,0.020542192600603415,0.0126376662454728,0.043284522770243306,-0.0061812080473403475,0.00116202995354453,-0.15819059319124673,-0.058334394518128885,0.007062257068455535,0.0016653084483646552,-5.835418506283663e-05,0.0,0.0,0.0,-0.20737150785372954,0.007016342306478185,-0.002511250232458684,-0.00017972566715451777,0.026184413553695163,0.0,6.734556408583003e-05,0.01546953203812862,0.012076766256314597,0.021750504853926267,0.00820612423222633,0.005815533605036283,-0.006865589529744032
0.0,7.259452745111972e-05,-0.01777673518441114,0.0,0.07559648953278814,0.0026294852812929204,0.03114111848985146,-0.0005562295753057667,0.012399703821734998,0.09541957799034595,0.02980262201900713,0.022957212283095385,0.019860803082936862,0.05986843139958964,-0.021576007268424124,0.002331083320467109,0.007731041420485862,-3.724325271575735e-05,-0.00013071834804045945,0.007651031905637595,-0.00029109346208766596,-0.04139627893083586,-0.0024004105691966537,0.009045886144353588,0.00052853402737707,-0.005355051061332716,-0.0011682565429192437,-0.004308507424224395,0.011859984843864302,0.0034936102795269375,-0.055647256831006575,0.003454634106836052,0.008373426414928387,0.026458445175685852,0.013748851983969912,0.023885369119321376,-0.001219054578365325,0.03172972686994102,-0.01543484274186857,0.0008827566341849669,0.030590215292815637,-0.011874521871097499,-0.00522254568057634,-0.0015414616693973926,0.0,0.0,0.0,-0.0002211554286022932,0.0,0.0,0.009362467479527625,2.220446049250313e-16,8.523614314015493e-05,-0.000446078352910384,5.551115123125783e-17,0.003600451284137385,-0.05130670157330386,-0.00018907027909254026,0.0,0.0,0.0,0.0,0.0,0.0,0.0,0.0,7.515264205537608e-05,-0.0012265926824156503,0.0,0.0,0.0,-0.008036842800124844,0.0006015952975827465,0.0022933193832648247,0.0,0.0
0.010411270423489882,0.035093962869966855,-0.004562886181240566,0.07559648953278814,0.0,0.01830859404305163,0.015406219562957124,0.05870829407879474,0.007854180504249186,0.020114096989163888,-0.02896663304562025,0.015135680270308371,0.03337259245936963,0.051180879184817174,0.017745890762676797,0.020013690984868382,0.028929200046443837,0.010939875464799964,-0.052131028787328504,0.04193049201279381,0.022826454360169723,0.024846929811787155,0.015167459693418595,0.017587191319109796,0.013864358231951868,0.019721071294838854,0.003805515149476413,0.010320478142953449,0.028563766141432745,-0.0052789775080577805,0.0010606478931012298,0.052782013385838045,0.03811727529770398,0.019645348332949897,-0.006132475889055411,0.04714607852464581,0.051197456044844214,0.03270755197086639,0.020525399979919257,-0.004409465808394686,-0.005963918917367417,-0.008889082191726794,0.12446576018816835,-0.03335337353271278,0.00024092131048369936,1.1102230246251565e-16,0.0012098902348651186,0.02777255506502052,0.0,0.02699363529903359,0.03166867166180498,0.0026855921832439344,0.052876718848899384,0.05091140954806783,5.551115123125783e-17,-0.144019681286426,0.00380877524812806,0.022294196200353555,0.02620585827234717,-0.002325296995477344,-2.3963001373084047e-05,0.0,-5.551115123125783e-17,-0.15338540322891042,0.0022750431999579157,0.00012636220801287568,0.007724667892316739,0.02026572799130033,0.0,2.3910485102363044e-05,0.008800549844722727,0.011702301678306548,-0.0008948765783626245,0.0002688442384231049,1.1102230246251565e-16,0.005818593300434993
0.016161103744023853,0.02988371393433742,0.015202831738451772,0.0026294852812929204,0.01830859404305163,0.0,0.02111679288484064,0.028464519040361846,0.03856434217514859,0.0021737660297247996,0.035158612971431136,0.002934544554072438,0.0004721894206551891,-0.006082828342065805,0.0030602102781301377,0.02259456950483607,0.024093137823890776,0.027196161068318403,0.03454927261482171,0.01719170399984077,0.015058548423206475,0.020018151960535024,0.013177161841140206,-0.025158425578463484,0.017131119592195376,0.016883583900392074,0.012370205584260274,0.035059837482317835,0.06188416068666036,0.03977572366422222,0.015375478399972775,0.016475472548335812,0.027451572332758523,0.014927373016700995,-0.004737061402743992,0.013186004767782034,-0.005056048053144413,-0.0033735207480645735,-0.018861337077584195,-0.039540819654783343,-0.05195604757813682,-0.037073165859893786,0.037639941765655105,-0.05924446558917623,-0.03951146621700563,0.028652025440865814,0.007907115200462778,0.008328991791378249,0.002589646880433838,0.03064305498115205,0.030489621165054825,0.01478347250106149,0.044654587585571226,0.027280791267689453,-0.013487437738653907,0.06177781869035526,-0.017233548661356013,0.006080416528915333,0.020827154903422018,0.016025000054206318,0.008740007367849245,0.0,-0.0027428852864918585,0.05157865531137895,0.000835399369126133,0.019922448507019186,0.010248049870770826,0.017844886818716432,-0.01309608869083051,0.01015678032537054,0.006772044313822945,0.017321175094282548,0.02882344248185509,0.014138075006904782,0.03958303329250057,0.0029033595303218362
-0.0005884492283620979,0.027853711082248656,-0.009198730897672647,0.03114111848985146,0.015406219562957124,0.02111679288484064,0.0,0.02273526381223112,0.018472077034723755,0.007047109710794863,-0.01427495927886635,-0.01684081952435873,0.026158342647850275,0.01767622028889765,0.03228584622347974,0.007899887778360593,0.0048492363774912395,0.007616521867801762,-0.016336449029145994,0.022767760438182738,0.011568296703303671,0.012145874832256931,0.011817334508366972,-0.0335664099169074,0.005166357503357588,0.004757651765750437,0.00912014727327709,-0.0017199465054731355,0.013865553079438708,-0.0014683957101850331,-0.006198376426747643,0.01572029846450712,0.016255427232530262,0.022619156292146003,0.007691428350775353,-0.00682910993205238,-0.0007885836261283807,-0.012354810215637668,-0.08163731311463363,-0.047253090607967396,-0.12920456588313828,-0.10372014053287965,0.031570751908499894,-0.16664988600885133,-0.0675092691437924,0.0,0.015972569287046767,0.009027175202192428,0.0,0.008322446754099322,0.011804910383772516,-0.003314739081933804,0.01986892044423033,0.016332316313798056,-0.00451284956775011,-0.057590864534628805,-0.03450773731603446,-0.027077474046273975,-0.0023763855992171568,0.009539424763464754,0.005465430102885471,0.0,5.169628609447141e-05,0.006575796393777811,-0.007996030715664404,0.011282777061893956,0.020585390901437683,-0.002690089719969424,-0.023757747381156158,0.005061102142599305,0.019979066927721167,0.0006491202748678537,0.009833483291205258,-0.006406389738225049,0.005191105284522046,0.0065362689124641715
0.02115996678861365,0.04271488270050244,0.010961032556604577,-0.0005562295753057667,0.05870829407879474,0.028464519040361846,0.02273526381223112,0.0,0.025968094848950962,-0.00816606845943324,0.005385175551539667,-0.012187194686127167,0.010967508253638403,0.015572408245177027,-0.0011690613539065975,0.01913323022175356,-0.0003834201438530638,0.012318313188408259,0.017285337667984013,0.003717775643375665,0.01462644530127366,0.04168815313026503,0.031568012214392205,0.018137717794477815,0.019153394125498213,0.028112097949564263,0.007301412804603391,0.018142598386397146,0.039620069137133895,0.03071642147940945,0.0008817510708564735,0.051533214264443794,0.04100975017968722,-0.00040729860652027883,-0.02760940013777957,0.03405270154942058,0.10345036413160469,5.141106543093965e-05,0.04798058480964895,-0.0004579034195331122,0.024148422906254963,-0.0070788501309350105,0.10543170854843975,-0.024461813494084217,0.0,-0.017242949510158534,0.0029916630155645274,0.028672936245857983,0.0,0.08182490918975782,0.053869396674827597,0.02985918464410925,0.10497110548893351,0.04213554358764471,-0.00014962449560690372,0.08239359832890969,4.005066537382529e-05,0.019250187608181646,0.03475442777882887,0.026811640842937523,0.008943444072822493,0.0,-0.000314066796179735,0.0515193980557036,-0.004644849871303647,0.026970266298144308,-0.02433811452190998,0.04564010042709571,-5.551115123125783e-17,0.0014974918934699821,-0.0013862320474145595,0.015019228294454678,0.03744819753276113,0.04169399412524949,0.07045109110726339,0.0007146208044096491
0.033588019516277545,0.03886601598480838,0.04111668277052677,0.012399703821734998,0.007854180504249186,0.03856434217514859,0.018472077034723755,0.025968094848950962,0.0,-0.000976882488107289,-0.03363573499728045,-0.0073064960291975845,0.008663465108010748,0.00557672675093307,0.010487473714131557,0.023741405285466977,0.00033706284418882904,0.0013121015778456147,-0.0006813580780867801,0.03133018230055451,0.027677906122127838,0.030320545910136665,0.011818951834130897,-0.017102458370286344,0.011729284217520286,0.008199195753538557,0.022626164499838397,-0.0054181428787508645,0.02380761337599252,0.027872175693563817,-0.017710591802225006,-0.0030682935282020374,-0.004320834860990386,-0.012807454018591236,-0.028324614360959788,-0.023055983562049687,-0.024232444020416133,-0.014666981773217291,0.06904502558391462,-0.0347349616005434,-0.06743530589154872,-0.038708893289916,0.06881071667265204,-0.00537007111365978,-0.045016902517323265,-5.551115123125783e-17,0.014647480511989275,0.018889577061268037,3.92908544127879e-06,0.05547995989385979,0.027985165024652647,0.011522803998713083,0.04022024707747007,0.014696325790318876,-0.05467589068199613,-0.19250224449171283,-0.03410050899436173,0.006487889807869629,0.03369782639524188,0.02384374817790119,-0.0020493486966596253,0.0,0.0,0.017099663244091068,0.0011847887012850777,-0.022360198445558255,0.0284485320617327,0.0169862362687746,-0.014711783801572675,0.008923908218437082,0.022899285774296507,0.008127784995428433,0.018165990989125524,0.014450727780907058,0.00319274290234961,0.002256449755124623
0.002680062653771298,0.0236045139453116,-0.0010083826905337157,0.09541957799034595,0.020114096989163888,0.0021737660297247996,0.007047109710794863,-0.00816606845943324,-0.000976882488107289,0.0,-0.012200465636447277,0.004932371179130535,0.011189210244498593,0.10455577349244033,0.017434835813044225,0.022771783334513462,0.005668738014592389,-0.0003856341532418872,-0.01631138566587803,0.00464273773394297,0.002359487867028942,0.006923772157540642,0.003877290233715802,-0.01890070731005644,-0.004003092556500609,-0.030444555470682477,0.016654667498454567,-0.0020868714030640168,0.0038872381683568435,0.005899353501298554,-0.02339186118972325,-0.04754893357686413,0.023950201610731914,0.04680548471267293,0.023462643583608223,0.010030141159812267,0.011734519840840063,0.02161719296825504,-0.059973678223353255,0.00015701123653544258,-0.03479104923867665,-0.038781055312930246,-0.04357298961864181,-0.057766514841340405,-0.0651086235111139,-0.007949667751779355,0.019771239753900716,0.00042928583466450565,2.230989143581219e-05,0.00035017747647297925,-0.010426357884157411,-0.014293939299154068,0.0024099440708451603,-0.008238641386977663,0.02240077006221458,-0.0006609042275286803,0.016740737908066294,0.023732407401183042,0.0,0.0005069395990938141,0.022164746706100524,0.005113840876844855,0.01120204494598881,-7.333378225282683e-06,0.00011914886522518264,-0.017375984504758024,0.007093900418095711,-0.006873453951765307,0.009290565749520696,0.0007703741873601455,0.005406910837435164,0.0006794525164167675,-0.011199419236118946,0.0028045017420187945,-5.551115123125783e-17,0.02348642699050879
0.008445308469034407,0.003207087139449838,-0.04478573370926936,0.02980262201900713,-0.02896663304562025,0.035158612971431136,-0.01427495927886635,0.005385175551539667,-0.03363573499728045,-0.012200465636447277,0.0,-0.014882368477884156,-0.03064191694431173,0.008459922997904157,0.0,0.00012125753686109686,-0.0036401502021001786,-0.003391369139111533,-0.05625343360812393,-5.440712150278637e-05,-0.002819431024348673,0.002166845372532533,0.0016175388161247528,-0.03679863214956125,3.168898105271323e-05,-0.002456108825826253,0.012526788885927287,-0.03910050685337685,0.0046912439581975884,0.005010265459670038,-0.038870284588755855,-0.059865822886345677,-0.01691997285089064,-0.023910364053865207,0.0033613989917752884,-0.029622211525718922,-0.03709769308467842,-0.023162911811136222,-0.0018352972802422873,0.006852263186299945,-0.0674008831479373,0.009194736217501553,0.057842015549120884,-0.002598759692346575,-0.00015712114195620686,0.0,1.1102230246251565e-16,-0.18706403449492326,7.608194643737853e-07,-0.1164760048886252,0.036327262520316705,-0.027784493547807432,0.10601759559354329,-0.19336360791409218,-0.01402625513511413,-0.11220961336171836,-0.047490136453079534,-0.05065807134670197,-0.009115143537167136,5.551115123125783e-17,0.0,0.0,0.0,-0.13432746322674308,0.004994962289216587,0.0,-0.00011912175016109972,0.03544261531623205,5.551115123125783e-17,0.0,0.00024988485711219255,0.017473933352827764,-0.053194457210609225,-0.0037131510217079944,0.0,-0.006527295860770721
0.0029251417962046222,0.0303831264660952,-0.018963386971548202,0.022957212283095385,0.015135680270308371,0.002934544554072438,-0.01684081952435873,-0.012187194686127167,-0.0073064960291975845,0.004932371179130535,-0.014882368477884156,0.0,-0.010795720955387,0.018630724916401775,0.01814226946468256,0.02289062648225426,0.019469526889424937,0.030429728502893827,-0.021855705784859902,0.0402205450130686,-0.01240666837795451,-0.00698698389513791,0.009767723727513444,-0.010852905094542675,0.03263374034071759,0.022069596156370608,-0.002559210653521271,-0.02391076999211783,0.019454298516093094,-0.06378954963698458,-0.021987548936047596,-0.01252077366928983,0.023389130957106208,0.02543345005146369,0.014143381050999604,-0.020133592895706987,-0.022108614690107997,-0.0032688429912620665,-0.03267772627333343,-0.013769233123205049,-0.05567447300857614,0.09326268605812005,-0.018431285235936068,-0.03897798368442218,-0.11969660466625295,-0.015325138006480832,0.010882160870556212,0.005571263490152856,0.006249748184420922,-0.010501431083867752,-0.00513548269855435,-0.012058236342767037,0.055594206897351894,-0.01391159338647413,0.006337278082385045,-0.023376074927234647,-0.02034600359487737,-0.023423435283378313,-4.80702430071811e-05,-6.325696600617547e-05,0.020504200883161294,0.0021311938793490692,-0.00037770585698709835,0.006213458572654873,0.0051375057861043905,0.006713384352637852,-0.0010662851202427603,0.029861685403421767,-0.07399554070288117,-0.0038533432760635145,-0.00028345210386310216,-0.019829480876950523,-0.04759553687814966,0.0030226881677942186,0.0,-0.07309940481498778
-0.008486655505636764,0.017557294325565076,-0.021342869579040302,0.019860803082936862,0.03337259245936963,0.0004721894206551891,0.026158342647850275,0.010967508253638403,0.008663465108010748,0.011189210244498593,-0.03064191694431173,-0.010795720955387,0.0,0.0003649974512900944,0.010327146235087126,-0.0016879956288376463,0.00701683298652539,0.0013533104850999567,-0.031249198530936162,0.003800856790347973,0.0004267170985774449,-0.0021224199015484335,0.0014843645834721753,-0.017617931004362597,0.0001633957578879297,0.0072520975548265865,0.0002948689009829031,0.008305633908877452,0.00353054324147134,0.008811754257723403,-0.018750222405516492,0.00977050371705368,0.010173455747485127,0.016212284702748936,-0.023940323644591532,-0.00733370204248085,-0.011125296755079117,-0.010743993126191786,-0.08104785338470044,-0.06344276210988009,-0.08076293388979283,-0.05587149547522513,-0.11785346888431142,-0.074203830678571,-0.061775533386442705,-0.009340321159834908,0.006291357270788778,-0.013411684773081745,0.0,0.0068711686883144996,0.0042951786638846245,-0.011085809569839844,0.020700751409373552,0.007912372905610643,-0.02383753535060995,-0.07028176426529709,-0.050057113499346495,-0.056725757265319365,0.008772155086347988,-0.0033046477153260145,0.0012474802372982041,-0.00910464307787151,0.01134630090786104,-0.008153314598775885,-0.01532202133032412,0.0009934383940457536,0.0068599511799093404,-0.0023909358140654646,-0.10588739873125624,0.0041781085212311275,0.00966957263687479,0.00011905082826935143,-0.027775630780836225,-0.014960450211101206,-0.0030180973825870705,-0.08214668952057008
0.0015134259641900738,-0.0028221585410729277,-0.009887617552988393,0.05986843139958964,0.051180879184817174,-0.006082828342065805,0.01767622028889765,0.015572408245177027,0.00557672675093307,0.10455577349244033,0.008459922997904157,0.018630724916401775,0.0003649974512900944,0.0,-0.019430110643294973,-0.000400325969505122,-0.00010223204653181384,0.00011499883347992901,-0.012130516063620145,0.008380871223550801,-0.005694837857682711,-0.0048796228018716525,-0.012970539677485737,-0.026205212491791086,0.008146676807661124,0.000530965266305472,-0.023934476251206482,0.017180433649983395,0.025068208158160576,-0.009575157426390035,-0.0017448566896897666,0.02747120859536606,0.018389768475596535,0.010262620939712086,0.003900908476166698,0.03706877691377003,0.009086344157790499,-0.004725180762175041,0.08220235695416478,0.0,0.0027817786907749498,0.00013521158735829708,0.021279285204115483,-2.190017882541806e-06,0.0,0.0,0.0,0.07038147962858499,0.0,0.03767961309642731,0.01827139448377091,0.02533918877861213,0.06323183484881278,-0.002899298656535265,0.0,-0.05290679873570303,-0.0002662263736495918,-0.005024125132820856,0.002093522297333783,1.1102230246251565e-16,0.0,0.0,0.0,0.0157132769271508,0.0,-1.1102230246251565e-16,0.0,0.034930590053746935,0.0,0.0,5.551115123125783e-17,0.013357679610861872,-0.00142861015866258,1.1102230246251565e-16,0.0,5.551115123125783e-17
-0.009800505920754876,-0.003016316712491196,-0.0006963459025042251,-0.021576007268424124,0.017745890762676797,0.0030602102781301377,0.03228584622347974,-0.0011690613539065975,0.010487473714131557,0.017434835813044225,0.0,0.01814226946468256,0.010327146235087126,-0.019430110643294973,0.0,-0.009440245396469649,-0.0049563367346529,-0.009357813265546688,-1.1102230246251565e-16,-0.020511053302428806,-0.02206736977567808,0.02292939233013669,-0.01980053652844216,-0.0421049618730005,-0.004391963146852751,-0.022376116294120507,-0.02706752648705696,-0.0065643706253121215,-0.001682181079253886,-0.007771952605097943,-0.03361438263034572,-0.015238513480408888,-0.0033629711779036287,-0.02788405282354728,-0.03929073873217098,-0.030139247254354073,-0.022415479987717313,9.183876683560577e-05,-0.0024507648140386085,0.00526860446559918,-0.000267012293634461,-0.018962875648877775,0.035323932039407036,-0.004219519182266207,0.0,0.01518287647133848,-0.005046498167857683,0.00449241427895164,0.0,0.0,0.002187311108638401,0.009499942824418739,0.0050428289590190856,0.002896641150841872,-5.551115123125783e-17,0.0,-0.023530460817167753,-0.007372427325089803,-1.2471776817180036e-05,0.006029945452999175,-0.0012115791570831425,0.00043594769944221845,-0.001874193059624607,0.0,0.0034003410162348757,-0.008190646092077869,-0.006224420865554803,-0.01485859404123091,-8.665116343947732e-05,0.021930539793680426,-0.006127559666636806,-0.02214379796746513,-0.0031522181819411133,-0.011704203452516104,-0.012815292303545778,-0.009502776305064242
-0.016068825701972267,0.005569710723311638,-0.017344849462965384,0.002331083320467109,0.020013690984868382,0.02259456950483607,0.007899887778360593,0.01913323022175356,0.023741405285466977,0.022771783334513462,0.00012125753686109686,0.02289062648225426,-0.0016879956288376463,-0.000400325969505122,-0.009440245396469649,0.0,0.007435834187522916,0.01992196989954237,-0.0001335693349668321,-0.001702004228545162,-0.00015618554347257563,0.005897418223412942,0.028238850468241095,-0.030103935943891158,-0.005437175150746376,-0.006124707871892399,0.0013005327420519408,0.0019523412317548616,0.0028293966402946347,-0.007805586362133798,-0.017044707717171814,-0.012699424678119187,-0.003576100390913328,0.0013086577812672084,-0.03939826409386182,0.0061539385862455775,-0.0004304016684931189,0.019377940637065716,-0.010176928110012973,0.012369687507151839,0.012367875618278956,0.003885194838235795,1.6262245392917318e-05,0.0,0.0,-0.009930797237110323,-0.008743824755858387,0.0,0.0,0.0,-0.023280800368540022,0.008118040993178477,0.009326462437698968,0.0,0.026388470152952648,0.0,0.01793522474291409,0.0012424867584404642,0.0,-0.015844336383334545,0.003020651023946219,0.03322018145064143,0.020414706805110816,0.0,0.00347511069447487,0.009564476309373737,0.0007284322784368857,-0.024315137960897515,-0.004008783202963939,0.0034010286461885753,0.0005959168959749905,-0.003614181832364949,0.005715879986299799,0.007006221736676865,-1.1102230246251565e-16,0.006470155755211537
0.009998533213673222,0.03220563466015547,-0.008852168045197228,0.007731041420485862,0.028929200046443837,0.024093137823890776,0.0048492363774912395,-0.0003834201438530638,0.00033706284418882904,0.005668738014592389,-0.0036401502021001786,0.019469526889424937,0.00701683298652539,-0.00010223204653181384,-0.0049563367346529,0.007435834187522916,0.0,-0.01576997780238254,0.004169640481408776,0.001698827489122312,0.00022625689572003393,0.005623924140481962,-0.00018727273668867062,-0.0012909212611371124,-0.0027989862609051896,0.02748336517582245,0.02716108186667221,0.006639644241016096,0.00809046425008575,0.00419602465190444,0.003762160565324635,-0.0017953575045690506,0.004881107464429768,0.022161860949011514,-0.029844393311536765,0.041591344112188344,4.5094767339382e-05,-0.0019305069750626402,0.02471151919004083,-0.01385358058079078,0.027452173244541356,0.006738359802736293,-5.551115123125783e-17,0.0,0.017836979412655385,-0.0042890727676950235,0.017238628097446362,0.0,0.0,0.0,0.0,0.0,0.0,0.0,0.02384819072544464,0.0,0.016773884329080613,0.0032015940425497713,0.0,-0.00018166331083707687,0.032374695256005837,0.013382884093319891,0.012168093892142184,0.0,1.1102230246251565e-16,0.0,0.0067463439114697765,0.0,-0.006792486082260518,0.006049432800515286,0.007815393543133764,0.0,-0.0056491486851573125,9.800553448868765e-05,0.0,0.01718128267382818
-0.021208554392361578,-0.0016187025755492468,-0.004857254953361145,-3.724325271575735e-05,0.010939875464799964,0.027196161068318403,0.007616521867801762,0.012318313188408259,0.0013121015778456147,-0.0003856341532418872,-0.003391369139111533,0.030429728502893827,0.0013533104850999567,0.00011499883347992901,-0.009357813265546688,0.01992196989954237,-0.01576997780238254,0.0,-0.005794577101968679,0.008569530611877096,-0.002543856139892331,0.00471488291696609,0.016529325930389416,0.0015474184332953667,-0.01722838097665802,0.015813233829751083,0.020878376257268627,-0.004347729127091027,0.006558527874562736,-0.007562352199292077,-0.013248536374230901,-0.016263961119487025,-0.0011904897675467652,0.008381592067277732,-0.015504252013130437,-0.011719438749092481,7.515651779982369e-05,0.020262622708443867,0.005660291762083991,0.015052985321192147,0.02121851815565856,0.011955804194807407,0.0,0.0,0.015674745114302335,-0.012144740085926531,-0.013296950902897176,0.0,0.0,0.0,0.028449841215602678,0.0003169591623491952,-0.0004149549235855088,0.0,0.02614174747251652,0.0,0.020160869715040164,0.003990614157419248,0.0,0.0016822710619170955,0.007997650333290862,0.017659617722054266,0.01155720598894222,0.0,-4.982977489603746e-05,-0.0031222994702490015,-0.005298486366500099,0.0006374490353670548,-0.0015940293946024031,0.007919857197490332,0.008135028618432738,-0.007278527703318216,0.011161634658938657,0.0010749771781970452,0.0,0.00671399875636236
0.0,0.009752017669718172,-0.027845723201699923,-0.00013071834804045945,-0.052131028787328504,0.03454927261482171,-0.016336449029145994,0.017285337667984013,-0.0006813580780867801,-0.01631138566587803,-0.05625343360812393,-0.021855705784859902,-0.031249198530936162,-0.012130516063620145,-1.1102230246251565e-16,-0.0001335693349668321,0.004169640481408776,-0.005794577101968679,0.0,0.0002817274506335954,0.007606694325027474,0.008306979923252855,-0.0010033261720351905,-0.022223530016616755,-0.019719701841121817,0.0034325800886781943,0.029521944816238044,-0.03598962716585574,0.005866622066569793,-0.0010769619679946163,-0.040600268012228324,-0.029895015897253296,-0.022566971782897405,-0.034974738220230506,-0.007340623886111841,-0.0414694809831751,-0.03943866919554967,-0.020731226012749238,0.06104892754119862,-7.143645091239881e-05,-0.05260866404187475,-0.00688913143438552,0.06075890917143395,-0.02461406157880769,-0.0005433481491521897,0.0,0.0,-0.09559241683684894,-5.551115123125783e-17,-0.18343292629355257,0.027925396563108884,0.0032057721153962992,0.05945968181739025,-0.004556522993891976,-9.208069098409766e-05,-0.25267835770061986,-0.009026813483130336,-0.01574206189568894,-0.00730924970386615,2.220446049250313e-16,0.0,0.0,0.0,-0.29334243547681077,8.436377599824185e-05,0.0,0.00011874139082729274,0.03165959586813638,0.0,0.0,-5.551115123125783e-17,0.006494066405238419,-0.010255086627529164,-0.0022241140276067495,0.00029084903239717796,-0.006729999512604112
-0.03945506826042233,-0.01932370218940377,-0.01741315488933931,0.007651031905637595,0.04193049201279381,0.01719170399984077,0.022767760438182738,0.003717775643375665,0.03133018230055451,0.00464273773394297,-5.440712150278637e-05,0.0402205450130686,0.003800856790347973,0.008380871223550801,-0.020511053302428806,-0.001702004228545162,0.001698827489122312,0.008569530611877096,0.0002817274506335954,0.0,-0.02760121608452676,-0.03246873827612978,-0.09439025029435621,-0.009354367327805146,-0.0018186768771696338,-0.02157670221783975,-0.037574119543118956,-0.00035732410961486494,0.001351587868651749,0.005441725391226004,-0.03766333050565657,-0.01831422999538701,0.0006701388117369422,-0.033310055569273744,-0.04256782250830404,-0.03749032869971902,-0.01683029966043592,0.010012156189436183,-0.025234804830808033,0.0294566263026681,-0.015627247985756487,-0.045438739920854565,0.010581926971443167,-0.012757971906125043,1.0716285130940584e-06,-0.004562733545591724,-0.0013289268615888084,-0.01467698441058074,0.0,0.0,0.0032979685261058655,-0.005616516583670905,0.0005605761275297438,0.021438432203780833,0.0005666970036053431,1.1102230246251565e-16,-0.01014787692894592,-0.010846514662460172,-1.1102230246251565e-16,0.0069762163468512495,0.013041974943909906,-2.5869722732663192e-05,0.02298818719564938,0.0,-0.012108858546778845,0.00328727766918524,0.009544632809855291,-0.012699182228296635,0.0,0.00871155562984588,0.004355939546990817,-0.02447184785785722,0.0045598362484144395,-0.009063772264910563,-0.01596043657568963,-0.014118453204497505
-0.023593602632104638,0.005257975701881745,0.002918941343665382,-0.00029109346208766596,0.022826454360169723,0.015058548423206475,0.011568296703303671,0.01462644530127366,0.027677906122127838,0.002359487867028942,-0.002819431024348673,-0.01240666837795451,0.0004267170985774449,-0.005694837857682711,-0.02206736977567808,-0.00015618554347257563,0.00022625689572003393,-0.002543856139892331,0.007606694325027474,-0.02760121608452676,0.0,-0.003104255058263228,0.018699591652738212,-0.02343187549313963,0.0008661954961635132,-0.0034733185912493303,-0.029546267163630402,-0.0013582593055586623,0.024971837157482912,-0.004301576537585783,-0.027026270037123934,-0.0021620180605942396,0.011341323151545013,-0.005682485294409012,-0.01906661817241284,0.002953105039647186,-0.011471872062835564,-0.004600701369825211,-0.0074033154320906625,-0.011157242444577886,-0.007402632884277227,-0.005036520527689881,0.010796743584522872,0.0,0.0,-0.017932935962018948,-0.015777870288483986,0.01453625264017172,0.0,0.0,0.035027721164890446,-0.0002824192323648833,0.12029909587756099,0.009771741442535564,-0.0064852747324007365,0.0,0.00883885178522481,-0.003291515880385343,5.551115123125783e-17,-0.002525615929860059,0.006287288556060477,0.0,0.003145100823974345,0.0,-0.01962912719754545,0.010848342034638636,-0.01627127823932789,0.012165611962192346,0.002650667393120587,-0.0038242950466850223,-0.0055125979718732565,-0.0041295118765458105,0.022973003623292576,-0.001089475420349706,-0.02469525559083624,-0.0073062322317093975
0.0013893798986782668,-0.00275220078801508,-0.004182217357219298,-0.04139627893083586,0.024846929811787155,0.020018151960535024,0.012145874832256931,0.04168815313026503,0.030320545910136665,0.006923772157540642,0.002166845372532533,-0.00698698389513791,-0.0021224199015484335,-0.0048796228018716525,0.02292939233013669,0.005897418223412942,0.005623924140481962,0.00471488291696609,0.008306979923252855,-0.03246873827612978,-0.003104255058263228,0.0,-0.012735501632840096,0.042617836986673874,0.009278278685439234,-0.009176427807213894,-0.030482485590162034,-0.01937625718717645,0.005533630154867242,-0.017175942495284813,-0.025399209570093784,-0.013623257950012402,-0.00045138360135110744,-0.0233394492736696,-0.045398740289665784,-0.0344309160293067,-0.02163529183132934,0.00833066899334517,-0.005410792109431017,0.017327147069171323,0.015594021945108227,-0.03750486325654884,0.03479145305718051,0.003098651536985242,0.00018910765544538632,-0.005006091961979098,-0.0056926641813427326,0.027381361586123865,6.85807716688247e-06,-4.4546595366845576e-05,0.011850053801048088,-0.0039054363899629907,0.009643594838447678,0.012409736132009963,-0.0003225625475791194,0.0,-0.012994503666342638,0.0070255285487079155,0.0,0.005166095618327593,0.012035209483827247,0.012949326598859334,0.03539755915861065,0.0,0.004231171731312988,0.004992135004384168,-0.0013501184069014127,-0.009765165632485417,-0.019385901313781373,0.018595278777679802,-0.006047912977668768,-0.01014054377103013,0.018743743891128317,0.006185924038047186,0.015030102099496068,0.007581950711418983
0.024649662858148513,0.0359920521760842,0.04640288165279455,-0.0024004105691966537,0.015167459693418595,0.013177161841140206,0.011817334508366972,0.031568012214392205,0.011818951834130897,0.003877290233715802,0.0016175388161247528,0.009767723727513444,0.0014843645834721753,-0.012970539677485737,-0.01980053652844216,0.028238850468241095,-0.00018727273668867062,0.016529325930389416,-0.0010033261720351905,-0.09439025029435621,0.018699591652738212,-0.012735501632840096,0.0,0.0026417657907720216,0.021175714542416957,0.013125504142227351,0.008233785123525073,0.009270502250928125,0.015249328284354546,0.01382082051864214,-0.00026729729463004226,-0.001127305474872553,0.016284522484835917,-0.0099748105516837,-0.025006819094997357,-0.0034236289969232225,0.0005399601185739344,0.04763844194570427,0.016077156765860634,0.010413534414443926,-0.004584247706875377,-0.0012372254586043852,0.05338378459708981,0.019300304561161163,-0.009305526391404806,0.0031293583409529035,-0.010506566134859896,0.029856606350869064,0.0019593978312905103,0.02569993274265736,0.02732968623689358,0.0112080447817281,0.041355258985294685,0.021362270309246312,0.019747108995579687,0.05691049237907542,-0.004138337944465886,0.006718450237568119,-0.004626627528973581,-0.0025824391768035637,-0.0018131571784082423,6.293096157278244e-05,0.007599842829254411,0.0569773514024321,-0.007465877495390849,0.019231747781169872,-0.016944077336908836,0.020605550451183396,0.00024252339630964626,0.01573985933551847,-0.004653767610099724,0.01201056736528805,0.022332613094850573,-8.12431201695496e-05,0.008409012103776092,0.002857372872191899
-0.013992051432133112,-0.02940709435183647,-0.028326309059385435,0.009045886144353588,0.017587191319109796,-0.025158425578463484,-0.0335664099169074,0.018137717794477815,-0.017102458370286344,-0.01890070731005644,-0.03679863214956125,-0.010852905094542675,-0.017617931004362597,-0.026205212491791086,-0.0421049618730005,-0.030103935943891158,-0.0012909212611371124,0.0015474184332953667,-0.022223530016616755,-0.009354367327805146,-0.02343187549313963,0.042617836986673874,0.0026417657907720216,0.0,0.02017687867143303,0.03312143920259164,-0.04752277380830966,-0.0427661899203316,-0.023797735280535137,-0.010704514042860769,-0.02808925808408258,-0.07235831908069162,0.019535834420102205,0.009077581568830151,-0.07102701381541521,-0.07968921962298131,-0.02583374324085086,0.026228413940650896,-0.1559428809003953,-0.0998528200291584,-0.11019000240574886,-0.17191892872697692,-0.007824525289279904,-0.01816607353670771,-0.08733352940934697,0.010732343974588887,-0.009495226440305982,0.0,-5.551115123125783e-17,-0.0002485657691205234,-0.005328542504690115,-0.00654723333200341,-1.6653345369377348e-16,0.0004427986226462899,-0.04667438773821009,0.0003257471413997126,-0.08638950188583955,-0.08990308457687085,0.0,-0.0009013216072211727,0.014415731964488976,0.008015317109854092,0.01685188530772036,3.0290866160742613e-05,-0.0005563897890668579,-0.014714824908350688,0.002943136048354722,-0.0007735542874646728,-0.05358545348543531,0.014762561910213079,0.009727154939324079,-0.005012671761173704,-0.13876403668207965,0.0030940447093801837,0.0,-0.07011039148494436
0.0022443014604953127,0.012079766573868167,0.02469169544480937,0.00052853402737707,0.013864358231951868,0.017131119592195376,0.005166357503357588,0.019153394125498213,0.011729284217520286,-0.004003092556500609,3.168898105271323e-05,0.03263374034071759,0.0001633957578879297,0.008146676807661124,-0.004391963146852751,-0.005437175150746376,-0.0027989862609051896,-0.01722838097665802,-0.019719701841121817,-0.0018186768771696338,0.0008661954961635132,0.009278278685439234,0.021175714542416957,0.02017687867143303,0.0,0.02088378289280718,0.0005149393768126287,-0.005441768499332089,0.00367320980185315,-0.00856385992001979,0.004822117698789485,-0.006691778555286909,0.02016890841928415,0.029248098590853977,0.003051610981058661,-0.009283086401843,0.0021632999868304026,0.007629918578475281,-0.004639710528953733,0.013070147775837593,0.018810641497239045,0.009757057032650285,-0.013887241055271615,-5.551115123125783e-17,0.018926457713496436,-0.002357742340037383,-0.002205542537587979,5.551115123125783e-17,0.0,2.220446049250313e-16,0.005634680178886964,0.009004691629786565,-0.013492092526348587,0.0005123935633339349,0.020068057157567598,-0.00036142156200263953,0.011522137970560231,0.002816917645760475,0.0,-0.0038555559933136085,0.010180803524502846,0.008281379832405844,0.01366571403465383,0.0,0.011483604856218743,0.016279563755721205,0.021367715660965514,0.0005000184334618685,-0.005868088403420901,0.008982495546767055,0.007258804912267547,0.0020921020333533047,0.022719382167391777,0.007398255828580336,0.0,0.008389442646848932
0.02780710737489661,0.00967462527398083,0.0033141621044640024,-0.005355051061332716,0.019721071294838854,0.016883583900392074,0.004757651765750437,0.028112097949564263,0.008199195753538557,-0.030444555470682477,-0.002456108825826253,0.022069596156370608,0.0072520975548265865,0.000530965266305472,-0.022376116294120507,-0.006124707871892399,0.02748336517582245,0.015813233829751083,0.0034325800886781943,-0.02157670221783975,-0.0034733185912493303,-0.009176427807213894,0.013125504142227351,0.03312143920259164,0.02088378289280718,0.0,-0.024792999761355405,0.0021739212073013103,0.0015583531498861158,-0.005979157330589346,0.002812762866870211,-0.006472388872169332,0.02123947238241347,0.015367415414571595,-0.02075371196933734,-0.018628968802022472,-0.01657399452429037,0.018918990123420465,-0.004473225690229787,0.011870920849092137,0.020173410327309016,-0.01751383790911143,0.08331662609652402,-5.3275737130931144e-05,-0.003866415002253265,0.01436517122455655,-0.007741871474607143,0.012386758523455887,0.0,-4.266734429264618e-05,0.005072163625717996,0.007098419581998028,-0.002660303282029819,0.01988995939154181,0.019080691120330173,0.0,0.009179967871769446,0.005947529456478806,0.0,-0.009340235878915082,0.012075831233520462,0.012148992924887025,0.020505426086975753,0.0,-0.0014417242509760508,-0.0086253612496896,-0.01222116039767196,-0.0035879570322165932,0.005358283777334327,0.017999122334375173,0.006524342756097756,-0.007210073220866198,0.03135240519742122,-0.003167005286646485,-0.00046348724294775767,0.011647735227834244
