0.0,0.5310229024656306,0.02535306714166738,0.0,0.22970115350962256,0.1102769171495121,0.41496305136917466,0.8663036075287697,0.43583370285934886,0.580786552871874,0.19484591961902106,0.25782881283187475,0.4752883096205143,0.24290069645921405,0.740737445939521,0.8779628601448553,0.19708026329741254,0.5928415750851248,0.0,0.31252296169752114,0.5384266921742775,0.526103031804696,0.6748609417440168,0.7324601937312919,0.5994048871964337,0.7945537393690252,0.43047673395551955,0.4076330442766867,0.4223442793812203,0.9969333982421648,0.4679531449964319,1.1164750592507366,0.9652245311057255,0.7656578523127289,0.5249749906235888,0.5868248906870859,0.5007542581225333,0.3182056186933957,0.6926787895331443,0.414043579382424,0.3363738480816597,0.43577288911396206,0.4717801818262133,0.0,0.3660375115399266,0.6111109340851621,0.3854756598377749,0.0,0.0,0.0,0.22257050245741003,0.0,0.34275032690465707,0.0,0.07535338672385095,0.0,0.2015910011735057,0.41233729105569067,0.0,0.4201835780064981,0.35716618380139764,0.19675475524211675,0.42238711808819507,0.0,0.19201430880539258,0.42304093227780276,0.24325444376247962,0.23659644309092986,0.20570386690512188,0.23710212569276562,0.5844210184233622,0.17571582829025534,0.4345406589027151,0.30498001316721424,0.0,0.2633977300373587
0.5310229024656306,0.0,0.22067125824526213,0.4165860487967704,0.2834371344267824,0.3455234570360674,0.3711993845433208,0.3365768205497367,0.13923879829335928,0.2413406328864197,-0.03597880610698628,0.36708992726208584,0.39072663491573895,0.2938846975227319,0.46048022462680654,0.576063150457334,0.4562518234585073,0.5136306481234453,0.496496167990229,0.4709357162919594,0.5163719682384025,0.3219398980736338,0.4006361661466,0.3282844678990524,0.3439416035156319,0.2737688283768309,0.4867648466564582,0.29694364749763774,0.33272645778092663,0.3400008173887188,0.5483424135720756,0.8116637935869302,0.5114031389018281,0.544722078941934,0.5587494933889141,0.4515830929961835,0.053718548814069705,0.0,0.6454906296024657,0.4907856379461355,0.43529292175535794,0.7520608607431037,0.4467695227659745,0.0,0.0,0.4888811000435975,0.47254384430968355,0.04294798856031266,0.0,0.0,0.21102780782329786,0.37613948600472075,0.11265961192065102,0.2652414217900701,0.5278145284204194,0.0,0.2933862335312514,0.32608438770000225,0.0,0.5661298109175789,0.4588597668182257,0.33778797140532085,0.47823679617144543,0.0,0.5839292167850123,0.5973762723351744,0.6019395490202051,0.34939923124599614,0.33535601494097306,0.40573905072706445,0.4926422869116173,0.26515105309263576,0.4503521865867066,0.4125361860495327,0.0,0.4217033928163347
0.02535306714166738,0.22067125824526213,0.0,0.1721597849736093,-0.18024514009186693,-0.053740191216520794,-0.01510148622698615,0.03718504606941608,0.08456045758707845,0.033004741031910645,0.26068453381839374,0.1683125956767053,-0.007173280386779057,0.13646923841850456,0.17144816273862634,0.22344750766559063,0.33475652984681514,0.24653701227306113,0.2652120464513573,0.24193728032704812,-0.04220287292862884,0.23233797741478424,0.12342952371744342,0.14937514243904554,0.20388369169711978,0.08927624604136558,-0.020220841304457726,0.07407248634326857,-0.1037477409647316,0.1409855481482119,0.2154366063089303,0.14222810673513603,0.19291173772929182,0.04778630231742603,0.22034553150805752,-0.04519413605052991,0.3832185351086861,0.0273352381235058,0.3054204330687031,0.49561717560205043,0.23358825709584008,0.38965240903762927,0.26517310916232356,0.4101324572201201,0.0,0.0,0.4085601872334834,0.20856961046440076,0.47898206667013077,-0.014671440563469973,0.16669588246091877,0.1792752120200457,0.8446798155500861,0.3342433068986545,0.425858222162089,0.27379298953874576,0.39869616642406136,0.19040360305705406,0.1754117670090533,0.3599971951779204,0.0,0.0,0.0,0.04520707540164298,0.4010186728427434,0.5134726717361038,0.25217510360308637,0.0773423846077732,0.0,0.5585389043890966,0.19227646254680925,0.03952190331261918,0.14424960993422187,0.3075951349198583,0.4776442875837032,0.01633192912819975
0.0,0.4165860487967704,0.1721597849736093,0.0,0.3817966948332104,0.17890787971275812,0.5973771748199865,0.5481499578615429,0.2502562148018395,-0.05406358017746088,0.3590579562986293,0.2776036585898658,0.2973316726894953,0.546130323679568,0.37901799214511056,0.3011675911470004,0.45807875641204154,0.4702443326826815,0.16213877028263374,0.29279601553647666,0.4629552851069213,0.36137851791424824,0.02738698972000042,0.22780042224822808,0.8098535108652414,0.4572054988843515,0.2534765655959974,0.602227208102854,0.0675769416510121,0.5361701355267076,0.40050412304656546,0.20725805631296276,0.1306202699569417,0.22076374948430197,0.5711708070123762,0.29067027413908364,0.18288733414861003,0.24813469088540602,0.20973538057293517,0.38482293143735585,0.23660589333205587,0.4453728219883323,0.3431802777327466,0.30422744549361824,0.0,0.0,0.0,0.427658007974998,0.0,0.0,0.3401767517667494,0.0,0.4670208436109433,0.3485771194974552,0.0,0.2199144921426173,0.3822270939214113,0.454976251912366,0.0,0.0,0.0,0.0,0.0,0.0,0.0,0.0,0.4773856010433921,0.13180147570372794,0.0,0.0,0.0,0.11202436226800805,0.4810680287054494,0.6495372721992189,0.0,0.0
0.22970115350962256,0.2834371344267824,-0.18024514009186693,0.3817966948332104,0.0,-0.060163068341211545,0.23787302074442201,-0.09236669298129563,-0.16539427352018976,0.2827746605732552,-0.2238662430800845,0.1017209619402562,0.12004193110583314,0.10095186902806697,0.3111950528736584,0.473370898105996,0.2202509673051521,0.03968177727229569,-0.15603221934914863,0.3783935131315957,0.32874119637180843,0.3279523343303957,-0.11983870632151195,0.09534248982027796,0.375979956369268,0.28581011499413544,-0.19515635917000718,0.23918994391092285,0.08635038837712722,0.34598753404279,0.21400121558191262,0.31938596392961827,0.40636906657382466,0.038084739437005244,0.08187825787452949,0.12842084639470092,0.3181346814572338,0.031823011836203896,0.33396215233193993,0.7995180676838294,0.38400903947335063,0.5270824083600758,0.28755406036348413,0.8909592811298539,0.37633851590835377,0.0,0.22579848652376464,0.2484463208448996,0.0,0.16967908333743492,0.08856190239216244,0.24064761179901065,0.3573579956888033,0.1004525168303333,0.0,0.10286774599100429,0.2365452184540542,0.25938654494512886,0.18754775438353358,0.33775304882359714,0.4609690324963229,0.0,0.0,0.27948235156077245,0.17047651913668543,0.4960400923036663,0.1156943373099027,0.08838600829822918,0.0,0.49605202559517503,0.24444805902935413,0.10664495541165397,0.18250605492738603,0.12042958220476224,0.0,0.13183003149620875
0.1102769171495121,0.3455234570360674,-0.053740191216520794,0.17890787971275812,-0.060163068341211545,0.0,0.052084714471586246,0.1331016189086649,0.05180417127276368,-0.14881214159864892,-0.19588896099577424,0.13328326080031727,0.10499139468740981,0.10679489545348297,0.31611613048909,0.5845871649502525,0.17652409585084938,0.3651592626796077,-0.08320133781167427,0.37751868529361826,0.2517117930224424,0.3350392605313862,-0.029798431133794545,0.31663711660074234,0.4626743573278149,0.36857706878136937,0.2746543974428936,0.17090344509635705,0.3065326317781283,0.09126372533737848,0.007113885817361998,0.1674651788613035,0.20673357790852748,0.10352461250362838,0.25539203272866046,0.10962085565447954,-0.001148926671466488,0.018323387082503084,0.22461781946436166,0.2389654549549554,0.20048426650471404,0.2853390735821518,0.2881568350875964,0.3788016249565388,0.10502599303923082,0.4149227758445915,0.48636642383888096,0.23957156973729726,0.27578428274922384,0.056951307219148456,0.33285260059448074,0.15201161551208478,0.3237345025354772,0.13372595723303604,0.4839057701689233,0.22351200839007013,0.18370725843252897,0.14723965008092216,0.33880638140199365,0.3020107087257682,0.47494655492378574,0.0,0.333080186556731,0.21727267748762197,0.20024184395985956,0.11953309972522735,0.35792714577177487,0.08528301001694338,0.500631302392026,0.2843095598904506,0.34442268108862517,0.19408219500359775,0.09478075620523704,-0.13583384445217966,0.2311066171023086,0.18263124559112143
0.41496305136917466,0.3711993845433208,-0.01510148622698615,0.5973771748199865,0.23787302074442201,0.052084714471586246,0.0,0.1514936232934988,0.058179150230854904,0.20840916360374093,-0.003712914826772329,0.07666939520638227,0.1398036760047091,0.06831336426910367,0.18968096790898653,0.48389908471003906,0.22168932998373392,0.3175347068208655,-0.08200120092593399,0.25648870246310396,0.2584173558189422,0.3320494255855555,0.07865446023427364,0.1641168982310648,0.412130990856992,0.3689601684528806,-0.05067682668684714,0.20865173951411625,0.13575185247677324,0.20704285038077402,0.23145144258600192,0.12990749543350574,0.26162132963065243,0.08900184271863393,-0.014853861042692817,0.39646487967688343,0.37145375688276133,0.391148940813002,0.4346143622121511,0.4718208947189729,0.4460987487529885,0.5406614715596199,0.1440556858297898,0.8241624450752375,0.2549849131145876,0.0,0.1850565183374193,0.0830996477207869,0.0,0.13274799837422394,0.13474952197943074,0.14667067884411622,0.08522011903944277,0.45253044522691716,0.5223197431427371,0.051788178606165636,0.3690732712972426,0.13677309728100778,0.1465584048491662,0.15412904591091942,0.379252212814566,0.0,0.5098344967775857,0.3217184771970202,0.19746320843793622,0.28231184313567237,0.23739482545996138,0.12815372483119322,0.465905865934606,0.39002902924783983,0.2763135914315211,0.156061723581709,0.23740518339858196,0.18879642238037442,0.3880645063698138,0.15777183612432344
0.8663036075287697,0.3365768205497367,0.03718504606941608,0.5481499578615429,-0.09236669298129563,0.1331016189086649,0.1514936232934988,0.0,0.03680803319239678,0.21339707762292653,0.016923561314722002,0.8739458116526448,0.22278186627751292,0.15938850124122006,-0.14167439486052213,0.46144856198349693,0.590849932027271,0.36729419615854153,-0.14995795934855743,0.23728110253624868,0.2916811663256127,0.3080365529792306,-0.06390779495964882,0.6749017953384616,0.8495104669109013,0.7955022687685325,0.152630889679519,0.19685481150180217,0.09164233490950169,0.23200051041743947,0.2580741395964951,0.4234877129374865,0.4422483127600775,0.26861095982553773,0.3082845226485046,-0.0018784643572839488,0.5011431685992831,0.3020312065664998,0.39196239792194987,0.12002796018207829,0.19636754032839843,0.15067656982300975,0.1870080653161551,0.6610580768803827,0.0,0.3140711061361471,0.1723598898017529,-0.19689926875449093,0.0,0.4157557021681609,0.21955157657573474,0.14533391447755706,-0.12162551765324164,0.04275470462083791,0.6394374320391147,0.16048711970418764,0.983241994053441,0.20283413707245826,0.10239262003675559,0.3420845662280885,0.26888242167478227,0.0,0.5718232078713384,0.1616278578068417,0.4295065518378287,0.34200975991174365,0.23850787586085656,-0.28030744401452407,0.0,0.13521273489769298,0.1063675919414741,-0.038630218349879064,0.3403536839582691,0.3733079735812205,0.2717997600638177,0.15625261077224684
0.43583370285934886,0.13923879829335928,0.08456045758707845,0.2502562148018395,-0.16539427352018976,0.05180417127276368,0.058179150230854904,0.03680803319239678,0.0,-0.15644067801735262,0.1394860601358364,-0.1490635450888616,0.007812190392042451,0.2548997183325622,0.2987746196212846,0.2592247589489445,0.13463955742821931,-0.02921677298235581,0.11838878308880962,0.15704301209487712,-0.059515888566538055,0.10337524236202686,0.013578401342352664,0.20542357800905114,0.25171807905005383,0.24306674092236094,0.06329107276444934,0.06549215527115443,-0.004692360843495669,0.3134102537454251,0.253472329885826,0.1649369861790266,-0.09741315549640939,0.08098169773455871,0.03737151552507012,0.0022566908054236223,0.08141281522219701,0.1189058445457829,0.26287378279398765,0.4318230215936434,0.29180825784762277,0.3987943854197627,0.15922312928381444,0.30796768860461327,0.24899430071531217,0.0,0.2697718991099597,0.17373418956518155,0.474106710938747,0.1572967120390511,0.23103929387405164,0.21468683042968398,0.1171442164989549,0.16661646255952542,0.1677173940192212,0.18413085083560524,0.16789547523527232,0.11548156078677688,0.1969906194960383,0.16475340840059333,0.4419201964606493,0.0,0.0,0.23392548258727874,0.30961731387153923,0.7414401392858703,0.19910069334958286,0.08765724477877213,0.4281067883161341,0.43795713540512843,0.12502232003659075,0.14268347653476537,-0.005054229974605917,0.21451295160103778,0.29687074492941823,0.18608248536697355
0.580786552871874,0.2413406328864197,0.033004741031910645,-0.05406358017746088,0.2827746605732552,-0.14881214159864892,0.20840916360374093,0.21339707762292653,-0.15644067801735262,0.0,0.16495753526165527,-0.09115341986880376,0.2015622418617462,0.35907264658273186,0.25192886966393757,0.3101024262097499,-0.05223862518625749,0.34721452312778184,0.09257086757547706,0.4045467430910541,0.3082923257948654,0.2801753254447267,0.9276070439267614,0.4368392753697022,0.4952565389194837,0.34503813725119625,-0.12074803502824738,0.3975429130552163,0.08007578623462519,0.30322658754812054,0.5419336467047773,0.4274308713120738,0.3508781357065754,0.4377851022872228,0.4880330127790654,-0.2205865891117738,0.24214861737865656,0.21435162165965804,0.7318477810795675,0.5252086591298238,0.6168349106904574,0.43355781386970393,0.1617793189855051,0.2140248503885955,0.44682295294650753,0.3686881979735093,0.4281236848357668,0.36455576652527677,0.4804635594240992,0.48668841740440527,0.14785496945499077,0.21728706736302378,0.6003771422616753,0.3350007204138038,0.5256541829809873,0.28214053340522127,0.4436610971387719,0.28278867946800224,0.0,0.61855684115465,0.3851384339862287,0.5974905481050101,0.5413122759784981,0.4822605622766319,0.47516666382884665,0.5144480684449726,0.4731790440957202,0.18516378029282382,0.34470773425738005,0.47058728832924074,0.47141301870480956,0.252540252145473,0.4314959143908575,0.24548660143426154,0.0,0.34249419820920435
0.19484591961902106,-0.03597880610698628,0.26068453381839374,0.3590579562986293,-0.2238662430800845,-0.19588896099577424,-0.003712914826772329,0.016923561314722002,0.1394860601358364,0.16495753526165527,0.0,0.08780023229070877,-0.07750184135758437,0.12784541235244812,0.0,0.5024069162304426,0.21455923506002078,0.13572922833318204,0.02064665704723584,0.46073600950429927,0.15249596148846611,0.36511538163850893,-0.0016230911329018771,-0.0037104213854512458,-0.19418296732479706,0.08160662878587038,-0.05245216098737793,-0.0610674489373258,0.03812302769979087,0.27712793902366684,0.1597057603880065,-0.17485143220988653,0.12585685905500177,-0.05851558814957253,0.14423800773956136,-0.02899171395646688,0.3343607003174116,0.1341208537730904,-0.025691772025313475,0.3528192925073752,-0.15336988797040602,0.22502999453269285,-0.01897294803015115,0.2492547156258067,0.11286060048064935,0.0,0.0,0.1713488804856868,0.47817298477042147,-0.040152537342198424,0.19562979396153518,-0.088391882764711,-0.051839244442131394,-0.05963385593273962,0.20374097819357048,0.1140800998599403,0.3077588672416144,-0.12261318962942358,-0.13178250559221205,0.0,0.0,0.0,0.0,0.02203625705522061,0.25428037325605335,0.0,0.5325374758511553,-0.22557050337074813,0.0,0.0,0.9463368593570135,0.10348024638334075,-0.15438229803679415,0.30773023418729595,0.0,0.15444746190318862
0.25782881283187475,0.36708992726208584,0.1683125956767053,0.2776036585898658,0.1017209619402562,0.13328326080031727,0.07666939520638227,0.8739458116526448,-0.1490635450888616,-0.09115341986880376,0.08780023229070877,0.0,0.21488966925057607,0.5377979346177433,0.3834197520928582,0.6505149417988794,0.4589662509323356,0.6912307994034821,0.04819448636115403,0.5458436363530319,0.8205925095255204,0.19902492538247168,0.7064018168529838,0.30957740172587084,0.6109098811664652,0.4827126554487092,0.29263794227744744,0.5568511797542315,0.17002828324429714,0.18054349357837998,0.4253704166359339,0.5105557707299202,0.5529199279513094,0.7153844506113909,0.46658288564634115,0.5265714620062081,0.5473900071416807,0.29324504505993043,0.4679995312940181,0.17972592923499814,0.27389265311653316,0.39119390872740084,0.13289015500979967,0.8309680779459823,0.06492706739670251,0.13302634850391357,0.2885520055827484,0.17597552695755808,0.4187487019242183,0.29481303883188714,0.2269272452865357,0.4342954232179306,0.3755596235090727,0.27166898867826456,0.56052852436691,0.3487798125257012,0.6019452649664704,0.19655844476265255,0.572785312881043,0.5406997430322432,0.25699086190678044,0.5857649745739065,0.7582092217446138,0.2699510257533292,0.4206754613807658,0.4619653355909539,0.36092699197998984,0.27605555942129834,0.3265387987408782,0.536607782199614,0.5093020599851469,0.04886640565775632,0.5325614155175039,0.37770460357265917,0.0,0.33062845447499767
0.4752883096205143,0.39072663491573895,-0.007173280386779057,0.2973316726894953,0.12004193110583314,0.10499139468740981,0.1398036760047091,0.22278186627751292,0.007812190392042451,0.2015622418617462,-0.07750184135758437,0.21488966925057607,0.0,0.27885016878919977,0.31759927568648216,0.48928362671156733,0.3386136405995365,0.3751022349134645,-0.08752034701373007,0.1418454886756212,0.4213628001758817,0.42988841969711494,0.12468656046596963,0.17358405499827353,0.47114360963427265,0.40640144075953827,0.036036500347780054,-0.040985661524222616,0.05162795885272464,0.2977158794035022,0.15696964317108955,0.10511966149001484,0.22307807243140185,0.15476652994042522,0.06708494882193655,0.280103026167014,0.3287547898605454,0.16389859028526982,0.4596040742804851,0.4432472117383158,0.3788076864401215,0.37124877311894194,0.30981155342658195,0.5537112623282449,0.26753108936546177,0.6994322811605309,0.4444863823789309,0.05751193825473838,0.0,0.2161684632197139,0.11797137310162237,0.1799383713491378,0.13286679856816308,0.3382727911469785,0.348154933198223,0.02901237640159654,0.2474633379813243,0.33796246601043806,0.4429905865762215,0.3736915131592877,0.3696853692432252,0.3684267480199371,0.284289193665992,0.17827365375795462,0.33871724185458235,0.27230354182678385,0.4222883696139848,0.12329296774707049,0.4288944942075621,0.38566789100855536,0.28159626167598956,0.16564141183806516,0.18418603111895487,0.27597894174974724,0.20166482427872282,0.2557915126034738
0.24290069645921405,0.2938846975227319,0.13646923841850456,0.546130323679568,0.10095186902806697,0.10679489545348297,0.06831336426910367,0.15938850124122006,0.2548997183325622,0.35907264658273186,0.12784541235244812,0.5377979346177433,0.27885016878919977,0.0,0.3115643983183748,0.5082641684044908,0.4996726545406869,0.47857102853550937,-0.04884465697697843,0.38504136547549445,0.17181090475227678,0.19910018723531875,0.15997302354968101,0.38863805354913217,0.5538433602621293,0.050014545679753275,0.07086566615775236,0.4061983827710362,0.15487590665310144,0.5017713376590642,-0.042598028507600694,0.13310186344440778,0.32400016145330235,0.4313115688741731,0.16634395622561443,0.26015841192128786,0.2989863621315642,0.3434019676744381,0.3565911666440478,0.0,0.6338739118553247,0.6983872963365905,0.14984062336591808,0.4783199177369748,0.0,0.0,0.0,0.08214396421772113,0.0,0.1689966080100852,0.11828589206135812,0.24345343668608435,0.2264219878576148,0.056816191650558706,0.0,0.15697619208687408,0.3911882560420167,0.43994128726480847,0.16358203324028953,0.0,0.0,0.0,0.0,0.21644867690626404,0.0,0.0,0.0,0.2668246451100713,0.0,0.0,0.0,0.05983797827734105,0.5340469441595201,0.0,0.0,0.0
0.740737445939521,0.46048022462680654,0.17144816273862634,0.37901799214511056,0.3111950528736584,0.31611613048909,0.18968096790898653,-0.14167439486052213,0.2987746196212846,0.25192886966393757,0.0,0.3834197520928582,0.31759927568648216,0.3115643983183748,0.0,0.46415010178607063,0.22712236504606176,0.41032663090544513,0.0,0.44779085770144905,-0.19342973583364703,0.1780461086340555,0.0652394173874673,0.5981834955068956,0.42679255621840717,0.12523031281779873,0.1608761790780059,0.09853963706769123,0.11888944356345132,0.29790360240908653,0.2587246019728736,0.5714623849225607,0.516994633809485,0.4139274074689635,0.49127287364485017,0.6250194683291884,0.6066018160153859,0.39145864657824336,0.4508417023989484,0.1488363499349623,0.2509872068665555,0.5791329264853545,0.5138847809180898,0.6499617815324651,0.0,0.4837169708949057,0.5383737779552356,0.2550915179379557,0.0,0.0,0.01288536502971227,0.36906505284495794,0.07846306510664824,0.42172006966611875,0.0,0.0,0.6154402830395609,0.23040723859043744,0.4796863961933321,0.0667976391908186,0.50535834942267,0.5440270426140476,0.5510980525148378,0.0,0.40261678768872833,-0.21657126187125264,0.4646305449175635,-0.4131330361692248,0.4763402809377653,0.3996559926750461,0.00889499312616121,-0.060823637779949924,0.21199024528576915,0.08858502909951771,0.09084161691835257,0.2707270865098317
0.8779628601448553,0.576063150457334,0.22344750766559063,0.3011675911470004,0.473370898105996,0.5845871649502525,0.48389908471003906,0.46144856198349693,0.2592247589489445,0.3101024262097499,0.5024069162304426,0.6505149417988794,0.48928362671156733,0.5082641684044908,0.46415010178607063,0.0,-0.09037320756951334,-0.05443029889504203,0.46103149657757164,0.3819000882617139,0.6568795610159538,0.17612374655980184,0.574904088368514,0.41427526478774346,0.38173837902622043,0.5817613916972755,0.5834222270318835,0.4494072262367816,0.5622401539227424,0.384495616213123,0.5016342678302388,0.7696442669207405,0.3209584191074855,0.558463976904447,0.7327273612416307,0.4950830618865699,0.09681642094687057,0.37961330743313015,0.8910489229405736,0.586739978992256,0.5361518135718906,0.36782819700347547,0.468775911611092,0.0,0.0,0.6113951599017045,0.6858479998175605,0.0,0.0,0.0,0.298066983382241,0.14850608314734362,0.38992820814857854,0.0,0.46126560242168974,0.0,0.16763684438255405,0.37401960495419584,0.0,0.4655619527976055,0.7170752343278534,0.3938431040556109,0.5668671641798206,0.0,0.38408860854366267,0.4521535365707887,0.6164407223945334,0.3505546129564522,0.12803587913775763,0.5450519171071813,0.6539352526227151,0.41303648971344264,0.36431481059024684,0.44818423163536264,0.0,0.34203814349391426
0.19708026329741254,0.4562518234585073,0.33475652984681514,0.45807875641204154,0.2202509673051521,0.17652409585084938,0.22168932998373392,0.590849932027271,0.13463955742821931,-0.05223862518625749,0.21455923506002078,0.4589662509323356,0.3386136405995365,0.4996726545406869,0.22712236504606176,-0.09037320756951334,0.0,0.28074890163812705,0.20531069896365298,0.5144681445999445,0.3702141806276671,0.6322680481487415,0.27074419184248255,0.24805041434451358,0.5157471146313117,0.4645972065898402,0.20076552782387863,0.6355838657070298,0.17577127351898295,0.46964492335518265,0.06344409951095537,0.6974970417139079,0.3622309554679276,0.5527313426135568,0.2655794576280708,0.3824153682958914,0.36620605380168203,0.22644386816394363,0.47808077775105756,0.5809107939275165,0.35389423987933893,0.3955194755268735,0.0,0.0,0.3270060061863307,0.29915183726450695,0.4852537375957777,0.0,0.0,0.0,0.0,0.0,0.0,0.0,0.4537546891012878,0.0,0.3723304647190866,0.28765445620745156,0.0,0.5982259062919,0.23391570265850953,0.5100387945737135,0.5866038730868584,0.0,0.0,0.0,0.35908421256259127,0.0,0.3372839790204716,0.5178477960505562,0.5304465984574951,0.0,0.26914949030962715,0.48047043054740624,0.0,0.35469080068307757
0.5928415750851248,0.5136306481234453,0.24653701227306113,0.4702443326826815,0.03968177727229569,0.3651592626796077,0.3175347068208655,0.36729419615854153,-0.02921677298235581,0.34721452312778184,0.13572922833318204,0.6912307994034821,0.3751022349134645,0.47857102853550937,0.41032663090544513,-0.05443029889504203,0.28074890163812705,0.0,0.22416169472705644,0.4988305162297989,0.547007538356898,0.4476846946704497,0.4624409333530138,0.32866776674748666,0.28984570585510416,0.4377599188824637,0.5135094727111948,0.35371565435650765,0.38857526353182614,0.3850017641235768,0.13192395805220286,0.660147651321546,0.37599022499413604,0.6136655548568264,0.27664280512931927,0.38134450401376313,0.4062590381940506,0.15892809959012305,0.7860786775020732,0.49069317109343497,0.4603570604173553,0.2774634133677115,0.0,0.0,0.36354887561136634,0.6302704000458998,0.6021046250120354,0.0,0.0,0.0,0.27574815359831306,0.4983418739360447,0.5844351478695913,0.0,0.6152813191780871,0.0,0.557373230682311,0.19334058578046198,0.0,0.4584608677959644,0.43155324323944066,0.620941867564597,0.548560284610953,0.0,0.20365892223123838,0.5145243572772222,0.5380930089201637,0.6542896117605096,0.49897222861977686,0.5106769037035559,0.5921063150113712,0.3559356370518333,0.2790382046843707,0.30676070759585666,0.0,0.3797166117225636
0.0,0.496496167990229,0.2652120464513573,0.16213877028263374,-0.15603221934914863,-0.08320133781167427,-0.08200120092593399,-0.14995795934855743,0.11838878308880962,0.09257086757547706,0.02064665704723584,0.04819448636115403,-0.08752034701373007,-0.04884465697697843,0.0,0.46103149657757164,0.20531069896365298,0.22416169472705644,0.0,0.5251799932035129,0.3118960830428856,0.47665152735667043,0.08813745083829524,0.20215712602421232,0.1312959658463504,0.035618917562905805,0.05139830978089238,0.2012216553238726,0.18100322719148904,0.23180227519573657,0.2182265535279358,0.0033930595805708452,0.10066226085506308,0.19084202076979626,0.08845722087447178,-0.2273251016404269,0.1172955791065097,0.05599667500736366,0.2613443647979927,0.4681993820261853,0.3809025362191833,0.051624875692556416,-0.24783294970653513,0.27499968623893734,0.010543007643750952,0.0,0.0,0.14405867808234457,0.0,0.1073976271693678,0.2571369629669101,0.0027290729206484454,0.11287445940975566,0.1782522007427232,0.6228746371570776,0.1188484948179597,0.2744854787904961,0.05049522889605618,0.0699778920740392,0.0,0.0,0.0,0.0,-0.1500113341822381,0.4787086373434862,0.0,0.49595218020615867,0.13511912695259082,0.0,0.0,0.0,0.1656382077277776,0.15433207074876987,0.28588484395334407,0.4673976093575689,0.26244672972848626
0.31252296169752114,0.4709357162919594,0.24193728032704812,0.29279601553647666,0.3783935131315957,0.37751868529361826,0.25648870246310396,0.23728110253624868,0.15704301209487712,0.4045467430910541,0.46073600950429927,0.5458436363530319,0.1418454886756212,0.38504136547549445,0.44779085770144905,0.3819000882617139,0.5144681445999445,0.4988305162297989,0.5251799932035129,0.0,0.05091655430252545,0.4048721899625649,0.5221006047970869,0.5437937873961493,0.6369309138488082,0.3574667430641798,0.5187423295232833,-0.14072420307848,0.2849880212936939,0.26147994146726694,0.10719038649803708,0.6326455591594966,0.4764622898561979,0.47211887470327896,0.5941857077380426,0.7186821535563424,0.3564205645170894,0.8619075154608442,0.4816012072507426,0.3756596839595808,0.3570333398349525,0.49507395494768586,0.5572013432876952,0.2773948476233864,0.34818512047281136,0.3759485411374812,0.5366157453851249,0.09403247210384466,0.0,0.0,-0.0533742509409843,0.37061831456391703,0.2849114808236888,0.17396835906770694,0.7914023472676239,0.0,0.5748173650268255,0.30830335987915714,0.0,0.3325254784036293,0.34162121819297364,0.46990355225272196,0.3163166180602295,0.0,0.2727749241508798,0.44648101734047674,0.33310869852318375,0.19920191729901626,0.0,0.32083193285928335,0.10691977535357883,0.18852970772651056,0.08681225331530806,0.25176281813539136,0.16096567877865442,0.28936246990208764
0.5384266921742775,0.5163719682384025,-0.04220287292862884,0.4629552851069213,0.32874119637180843,0.2517117930224424,0.2584173558189422,0.2916811663256127,-0.059515888566538055,0.3082923257948654,0.15249596148846611,0.8205925095255204,0.4213628001758817,0.17181090475227678,-0.19342973583364703,0.6568795610159538,0.3702141806276671,0.547007538356898,0.3118960830428856,0.05091655430252545,0.0,0.38976291380488404,0.3172017756250012,0.7838249293029311,0.42099763742085333,0.6555235166970055,0.14192096243641017,0.19555023224249388,0.3060025408668204,0.2699121191023466,0.5520277414280496,0.7264950562324305,0.5102029570310027,0.4455754508659474,0.5604081877610178,0.8691280224736297,0.16387283746176637,0.8176323435835963,0.7965611934895601,0.4659963077680755,0.272056127499983,0.3514016130097648,0.5220967091499934,0.0,0.0,0.5543828138901845,0.483966836232846,0.08919380376872449,0.0,0.0,0.23435941484965342,0.16686781229297898,0.31321229898899017,0.41182042768202143,0.45704957006184044,0.0,0.9430253199025007,0.29410965337368256,0.0,0.5670741967124449,0.45436405616739245,0.0,0.4622642120201912,0.0,0.38842151401052105,0.6144170760911982,0.4592247391692072,-0.056743995908762446,0.5474846622717361,0.37720916706725266,0.6221432693523401,0.24181102808594984,0.302755096554645,0.30821226472513324,0.023984803985121317,0.16968039991285938
0.526103031804696,0.3219398980736338,0.23233797741478424,0.36137851791424824,0.3279523343303957,0.3350392605313862,0.3320494255855555,0.3080365529792306,0.10337524236202686,0.2801753254447267,0.36511538163850893,0.19902492538247168,0.42988841969711494,0.19910018723531875,0.1780461086340555,0.17612374655980184,0.6322680481487415,0.4476846946704497,0.47665152735667043,0.4048721899625649,0.38976291380488404,0.0,0.5188490387597005,0.42554743462901823,0.46724687759689687,0.21950008684421274,0.3347051490861862,-0.0721805653597416,0.429651772870128,-0.1925591927857851,0.08726515773237525,0.8386580233639337,0.6212340757203041,0.6141663330239177,0.6549622076923431,0.6176317324303173,0.672872100312671,0.40810599737834574,0.7057478998428544,0.49755778450288396,0.5331129123519605,0.6727434739917784,0.44879238042723224,0.42107025622878713,0.41376777934872977,0.580750503185044,0.6008410587114069,-0.23367183691561833,0.4788062763985561,0.4017801148710739,0.1756199776339848,0.3894473610026386,0.19729811441543127,0.05881985284472274,0.3344874857773983,0.0,0.41002910996185693,0.3481321035579382,0.0,0.5015580149503638,0.5949821398971658,0.29544092918736004,0.12025248823284757,0.0,0.3614799345301417,0.42624389646326494,0.4258759364479209,0.13422304431128607,0.48755782986538987,0.3305873942106757,0.4207545852307869,0.2590199793049998,0.3872624984432552,0.28455073834572925,0.41200410468445803,0.4343340230349509
0.6748609417440168,0.4006361661466,0.12342952371744342,0.02738698972000042,-0.11983870632151195,-0.029798431133794545,0.07865446023427364,-0.06390779495964882,0.013578401342352664,0.9276070439267614,-0.0016230911329018771,0.7064018168529838,0.12468656046596963,0.15997302354968101,0.0652394173874673,0.574904088368514,0.27074419184248255,0.4624409333530138,0.08813745083829524,0.5221006047970869,0.3172017756250012,0.5188490387597005,0.0,0.5652408199750667,0.49907334153435756,0.6632861797844081,0.08853870625380905,0.07390204814492571,0.10028938964896722,0.08561444854595829,-0.09844243928348717,0.32461110808971183,0.789578858880962,0.20054046600588854,0.17523469332309297,0.05713359335314533,0.10289481033611447,0.7902668771692045,0.05433814252211755,0.20983938125872917,0.008392657547052151,-0.03527948393234559,0.10509336705035377,0.34101061189894344,0.4254620826057262,0.5389890498929357,0.37572171650827907,0.00914251447857961,0.2577443818233931,-0.2876382608944597,-0.13484032738527685,-0.10467325704592806,-0.3670371795475983,-0.30869555134015253,-0.12970448302040438,0.26967694203055814,0.4561732168423842,-0.13117170942251005,-0.040750508010430064,-0.05544388816477813,0.4401080396119965,0.4751666638288478,0.17416354089458144,-0.12977594889082877,0.19513402650484812,-0.07293983825361133,0.18608206033135066,-0.493576545890936,-0.37349872759153674,0.3518077630612074,0.22571804758553268,-0.22644826568277454,-0.12675896201051584,-0.20866367475673953,0.28822040935115123,-0.23117079119636275
0.7324601937312919,0.3282844678990524,0.14937514243904554,0.22780042224822808,0.09534248982027796,0.31663711660074234,0.1641168982310648,0.6749017953384616,0.20542357800905114,0.4368392753697022,-0.0037104213854512458,0.30957740172587084,0.17358405499827353,0.38863805354913217,0.5981834955068956,0.41427526478774346,0.24805041434451358,0.32866776674748666,0.20215712602421232,0.5437937873961493,0.7838249293029311,0.42554743462901823,0.5652408199750667,0.0,0.4059891485425873,0.09564654149372956,0.32791616876267093,1.2678509834038474,0.5151646444183687,0.6429929041861797,0.3387934002408376,0.8100664964613482,0.5256077604467062,0.3619748037689129,0.50047075209681,0.9347374462829767,0.2635791490060245,0.5026472856903893,0.8981435355565501,0.7754570262304595,0.5329499383533847,0.4932021319134572,0.362575260315054,0.3362815878080949,0.351128178032881,0.290105303101195,0.19228049992306484,0.0,0.0,0.4732765038274981,0.4927244622265493,0.3886505768276885,0.0,0.31683602146657186,0.5489182502438362,0.4899620417193224,0.4417779289947494,0.2759150631065891,0.0,0.37212553208311683,0.2448522014499523,0.626136913823992,0.40458550409374067,0.46787146900954857,0.4233938216428465,0.6342938155257674,0.19149402104339858,0.659772782953701,0.039870850860651674,0.41953954302068275,0.4905025901017143,0.39108752795465174,0.5952016901151062,0.3587647763674832,0.0,0.357228488964799
0.5994048871964337,0.3439416035156319,0.20388369169711978,0.8098535108652414,0.375979956369268,0.4626743573278149,0.412130990856992,0.8495104669109013,0.25171807905005383,0.4952565389194837,-0.19418296732479706,0.6109098811664652,0.47114360963427265,0.5538433602621293,0.42679255621840717,0.38173837902622043,0.5157471146313117,0.28984570585510416,0.1312959658463504,0.6369309138488082,0.42099763742085333,0.46724687759689687,0.49907334153435756,0.4059891485425873,0.0,0.08050843912743963,0.589102193236525,0.38385305377555556,0.4238543604789991,0.22532992413203032,0.3417138945465114,0.6702074101576982,0.44992539945570664,0.53418278714451,0.44729561830334763,0.44317757324371443,0.3718577979948853,0.22716523630655516,0.7845691696956621,0.5867683352377218,0.5212782606729751,0.5892902062913474,0.3424271142851496,0.0,0.38184892646142415,0.6171615443739134,0.606072090804854,0.0,0.0,0.0,0.24331518950026687,0.03934018840388148,0.491028260384522,0.424807990663189,0.5259863378262248,0.474887034031793,0.48328736228378155,0.1648680634689359,0.0,0.4179341053070603,0.5191199159998116,0.5396378690651674,0.5510334080199041,0.0,0.6718220028746376,0.4819207579021483,0.5179787249622744,0.3430451327727212,0.43119292719645824,0.49269302571998574,0.5537665110050508,0.24628047968514874,0.37914559035548445,0.49053999192369246,0.0,0.7343075048007457
0.7945537393690252,0.2737688283768309,0.08927624604136558,0.4572054988843515,0.28581011499413544,0.36857706878136937,0.3689601684528806,0.7955022687685325,0.24306674092236094,0.34503813725119625,0.08160662878587038,0.4827126554487092,0.40640144075953827,0.050014545679753275,0.12523031281779873,0.5817613916972755,0.4645972065898402,0.4377599188824637,0.035618917562905805,0.3574667430641798,0.6555235166970055,0.21950008684421274,0.6632861797844081,0.09564654149372956,0.08050843912743963,0.0,0.449112310112883,0.35768159682661466,0.40742599739625684,0.3205970154646366,0.3593868483065728,0.820190869367259,0.5102179009089318,0.5384470082310948,0.5648290776114611,0.7521650530125336,0.28364823361882274,0.35477198395513165,0.6004968242582207,0.40301303091027707,0.38067173113341546,0.5008650522755128,0.11875678312950863,0.5165352956502302,0.3037902334504055,0.4642453991145312,0.5953958826933985,-0.2887672483006703,0.0,0.003909370318729019,0.059644524938390786,0.20832536451303096,0.1152813356644854,0.26763788841326314,0.5189993420050306,0.0,0.4892856738819392,0.4071894217001545,0.0,-0.22260180635599797,0.5042538091806738,0.5075105142863843,0.5100960600662364,0.0,0.2686940768410376,0.19080080476929778,0.17237800511089596,-0.025724730749579594,0.44093436446896106,0.4620068391470388,0.39558554357438025,0.32032836680936794,0.3672989808412156,0.22914461487774296,0.4853244385336498,0.7331259136916762
0.43047673395551955,0.4867648466564582,-0.020220841304457726,0.2534765655959974,-0.19515635917000718,0.2746543974428936,-0.05067682668684714,0.152630889679519,0.06329107276444934,-0.12074803502824738,-0.05245216098737793,0.29263794227744744,0.036036500347780054,0.07086566615775236,0.1608761790780059,0.5834222270318835,0.20076552782387863,0.5135094727111948,0.05139830978089238,0.5187423295232833,0.14192096243641017,0.3347051490861862,0.08853870625380905,0.32791616876267093,0.589102193236525,0.449112310112883,0.0,0.1098231132257819,0.23228167387278156,0.13619411527020714,0.1205172434095631,0.3827846178514572,0.43095932991727604,0.3548618749457235,0.3726715232788924,0.15885613505551122,0.3244814896619662,0.04566901005477758,0.2893452130879405,0.35344857762448434,0.19261825247090575,0.20469540023977334,0.21173472895536793,0.5084965879163716,0.29456780913604486,0.36015159929242013,0.5122917041032534,0.14589709106904702,0.42741560358979624,0.2505928426563223,0.1987121188996137,0.12081639433094421,0.29770652930613783,0.2140011623241148,0.3921078689385156,0.09457492758760905,0.16290068066974686,0.14165489381094604,0.3755476786216861,0.2690918202343703,0.42044602169403356,0.0,0.09536337458622912,-0.3853211435840447,0.22642133672126658,0.46700102368079505,0.33191810008216827,0.11713425727190419,0.0,0.39802646865211533,0.44228963992686837,0.14469514700809954,0.08751565174103076,0.06960932534988523,0.22822591624451355,0.23544215571372712
0.4076330442766867,0.29694364749763774,0.07407248634326857,0.602227208102854,0.23918994391092285,0.17090344509635705,0.20865173951411625,0.19685481150180217,0.06549215527115443,0.3975429130552163,-0.0610674489373258,0.5568511797542315,-0.040985661524222616,0.4061983827710362,0.09853963706769123,0.4494072262367816,0.6355838657070298,0.35371565435650765,0.2012216553238726,-0.14072420307848,0.19555023224249388,-0.0721805653597416,0.07390204814492571,1.2678509834038474,0.38385305377555556,0.35768159682661466,0.1098231132257819,0.0,-0.012744036670693959,0.11928222124999788,-0.33892418987426864,0.4665148630293718,0.5537237912666133,0.2880788734286809,0.5318660044317819,0.6237052127756686,0.7416024274454276,0.5707549328081735,0.479710094568082,0.33800941722381517,0.5647181242326894,0.36139380538089116,0.2925334195744573,0.6123690666160836,0.35364054013594126,0.4696853578423118,0.3847540327538659,0.30485179452480904,0.0,0.31599297399347637,0.10048420550032489,0.19588091898739973,0.20900344763079973,0.17743377212133354,0.27080790653872955,0.09929741251779906,0.3862566247930145,0.09076550719802515,0.41172529733385943,0.2590484429253016,0.34771590023415216,0.3515169587381139,0.33267733570610303,0.3685456532652738,0.13660329498548204,0.23459911038159126,0.39227047586858277,0.041135329773154594,0.3537459409434384,0.3591051438740299,0.2530298754881636,0.10530545531140556,0.08896173136562749,-0.03704210982718159,0.1821882246721528,0.3043651515277431
0.4223442793812203,0.33272645778092663,-0.1037477409647316,0.0675769416510121,0.08635038837712722,0.3065326317781283,0.13575185247677324,0.09164233490950169,-0.004692360843495669,0.08007578623462519,0.03812302769979087,0.17002828324429714,0.05162795885272464,0.15487590665310144,0.11888944356345132,0.5622401539227424,0.17577127351898295,0.38857526353182614,0.18100322719148904,0.2849880212936939,0.3060025408668204,0.429651772870128,0.10028938964896722,0.5151646444183687,0.4238543604789991,0.40742599739625684,0.23228167387278156,-0.012744036670693959,0.0,-0.013550763327716875,0.459768191408109,0.4152491162889933,0.3724684634980116,0.3461990272436374,0.25114420299432016,0.43857830882396076,0.10131936067550193,0.19774072222904243,0.19286034632676893,0.370811368184387,0.14411774817489106,0.30616008795325456,0.3071659103926765,0.24066291790013294,0.44406088745389266,0.3843105253650239,0.38752009245941066,0.22263420072074336,0.47338439153997375,0.20220981788644488,0.04396156833243825,0.032869663662184245,0.19220473404763727,0.07436079623132208,0.4121662821674217,0.14877569382370143,0.44994623068790557,0.068944036694288,0.5786977047278598,0.3221006205230733,0.3796195605657625,0.4830775067309335,0.4235308177975615,0.3296824529059543,0.30513904807050674,0.25666897721753074,0.3675944077940136,0.06970347185130726,0.46790888119039686,0.4734185505588336,0.48638086358577104,0.04409466911443394,0.021856555414618117,0.3268944421368866,0.25336732247913296,0.29100740879725046
