0.0,-0.017869636932201227,-0.05066194092911053,0.0,-0.028634251879584627,-0.06380482502932544,-0.017612188330144773,0.028630147574005504,-0.008547922783883666,0.002516213971607062,-0.0255580944338078,-0.04359267315425169,-0.029161093091397194,-0.03525024925768522,0.02478717883912479,0.016812176571634474,-0.032293001386644093,-0.001211482697944466,0.0,-0.040751904980760145,0.018849420701549713,-0.012990954990722836,0.004572613534888803,0.00522897689663987,0.011438281602465128,0.0092262249962069,-0.027727422327709916,-0.030532925229387442,-0.024098709621339642,0.03988033736336133,-0.023355192298433747,0.05512875544280593,0.04590587421522019,0.027737275588555987,0.0025728293147529446,-0.012349106060029647,0.000559453754320649,-0.037701708076298246,0.010530610334642976,-0.022218095255333248,-0.022417580627879574,-0.02180156522862242,1.84824748942769e-05,0.0,-0.010055381903797345,0.0035916261347332945,-0.027270277312619107,0.0,0.0,0.0,-0.03840623788005826,1.1102230246251565e-16,-0.04293076683834324,0.0,-0.061714218962302725,0.0,-0.05168336952295144,-0.021470500604110987,0.0,-0.029037363868916255,-0.026887216201226305,-0.030104163169631992,-0.018826679128659263,0.0,-0.03332420519272372,-0.03406270073069667,-0.0471352274196829,-0.04381973028470837,-0.08544352992087734,-0.04481417973952162,-0.007619438510642895,-0.02762583729470458,-0.0002518375485577873,-0.037167431408559326,0.0,-0.03303532528556813
-0.017869636932201227,0.0,-0.054382830715527464,-3.684636861628343e-05,-0.039118643650493556,-0.02813936215640328,-0.02792086655810322,-0.05216469267839596,-0.05433222595582082,-0.0343071467717882,-0.04676591712024669,-0.012632323104888099,-0.028472625604339274,-0.0071457627704998306,-0.019270440682625622,-0.011757445514482101,-0.019359991403258392,-0.017671619831918395,-0.014375255906902418,-0.015200901643855569,-0.014916138070676266,-0.03965855616899766,-0.039581838924673596,-0.021735366183384452,-0.0282821214007436,-0.0364134247239053,-0.01478200488222281,-0.03759763990305376,-0.0223876906816855,-0.018344977723296907,-0.01307945791123255,0.025863606629511038,0.0060580442937249734,-0.0014464937146588808,-0.003093021821171771,-0.012734795483310135,-0.0012476995156270876,0.0,0.010554723944506517,-0.015619939281335482,-0.00902664188976987,0.0138759730600993,-0.009445598045951908,0.0,2.220446049250313e-16,-0.01868741168256155,-0.015608326618847201,3.313580396679949e-05,0.0,0.0,-0.04850104624704077,-0.03042664516091642,-0.047993065384844935,-0.02869182927122721,-0.005310685432569351,0.0,-0.021191878349748894,-0.03726745266318038,0.0,-0.0022629931019091942,-0.015505755609648342,-0.02051758825269634,-0.013102648920345406,0.0,-0.0019768913492759776,-0.012731110318028649,-0.006021197147713431,-0.037702085500697646,-0.018357983738198025,-0.02045531114328325,-0.015658465673835387,-0.04216264320158103,-0.02408175764176429,-0.02443350941662953,-1.1102230246251565e-16,-0.023957707957250773
-0.05066194092911053,-0.054382830715527464,0.0,-0.061242623422786524,-0.09650580632589983,-0.08416825632226371,-0.10489822782890684,-0.11865329296235766,-0.04757501177187673,-0.06670322699189896,-0.05495918178916698,-0.04997603448536725,-0.10520820920113633,-0.0807372316586446,-0.037653657833635445,-0.031371330750503856,-0.03070165780139389,-0.03553082442657768,-0.041758086035985936,-0.027410996508245355,-0.10519341525018883,-0.04940682407291258,-0.06612125788881668,-0.04800900972506733,-0.0654019648415522,-0.06191393500059278,-0.0738355028530634,-0.09610497696221848,-0.12368782675467532,-0.08068126740199055,-0.07781822132735866,-0.07599431658531508,-0.039178557509586154,-0.09366718762384535,-0.05535310502631935,-0.09970463683504732,-0.02572669726227217,-0.06239913273093162,-0.060410430236166934,-3.7852914519520553e-07,-0.06077493313010002,-0.02566733760102663,-0.07218392290059539,-0.04648250844650831,0.0,0.0,-8.909002575979708e-05,-0.12321888432899769,4.151213264025344e-06,-0.12365248289005593,-0.08401045579135336,-0.09810173317028892,0.032459371954787986,-0.10342022162291742,0.00024692171367457494,-0.1065087069296276,-0.03071433424223219,-0.10029545434980669,-0.0982725054375953,-0.0001759302647275085,0.0,0.0,0.0,-0.1822276425106778,-0.018049745476060586,0.005654262730165394,-0.00028060615324254634,-0.12059157522935327,0.0,7.336962493437182e-05,-0.04525515365914484,-0.1219744372403781,-0.09338276117486172,-0.05762315268833351,-0.008727693439169237,-0.07259047344818947
0.0,-3.684636861628343e-05,-0.061242623422786524,0.0,-0.009004956806930586,-0.047879159386140846,0.01730082948510142,-0.0025485555012170202,-0.05609361427497178,-0.10846497015068357,-0.025129392383255955,-0.019764458598989898,-0.02300209161129929,0.016067038371177733,-0.02943537045441319,0.0006480245699027609,-0.0035555712922067384,1.890333426252111e-05,-0.07235160715641098,-0.0397135230509188,0.0007165398608325879,-0.026590232863936913,-0.06139650570898886,-0.014647016351278797,0.0003787786921261582,-0.011451167707371646,-0.04679992441670072,0.033434251320566544,-0.04507735119317757,0.0030637657968118903,-0.023901881266067126,-0.024865922420816255,-0.05003795237113401,-0.027814638196198616,0.02985147018340195,0.0032115462718799725,-0.013721364208751391,-0.01626955297290611,-0.00991839034135178,-0.0003671106811778402,-0.027004824147426387,0.007291289678648505,-0.0002340833073019577,0.00028729632801866023,0.0,0.0,0.0,-0.0008368237563968206,0.0,0.0,-0.029230256031466118,2.220446049250313e-16,-4.326279762190133e-05,3.649463570015721e-05,5.551115123125783e-17,-0.01102184901209119,-0.009901607004300733,-0.0003781418243675172,0.0,0.0,0.0,0.0,0.0,0.0,0.0,0.0,-3.81447754931874e-05,-0.05418965542849208,0.0,0.0,0.0,-0.0442516800644191,0.0016934980894662832,0.002578553981687215,0.0,0.0
-0.028634251879584627,-0.039118643650493556,-0.09650580632589983,-0.009004956806930586,0.0,-0.07053108675025388,-0.034366415569715814,-0.10813637050061592,-0.0814018640916856,-0.0483039165809771,-0.08700534430524651,-0.0574174311922222,-0.05962383354530659,-0.06314136406843157,-0.022462251250798315,-0.027524457430877725,-0.048670030082623605,-0.062042360121533524,-0.09775689968018525,-0.03174629876438728,-0.040673899536584124,-0.03632187353025246,-0.08975032772716024,-0.053512821482250617,-0.03437639180485047,-0.0397567487160051,-0.0948041871203339,-0.04017884058506388,-0.07613395481367863,-0.02384575407174816,-0.06057201346491381,-0.023962861452434203,-0.015072999986300684,-0.07162958695291655,-0.06324023828971176,-0.044819539200823655,-0.013293243667219068,-0.05692215235748804,-0.02334055542263569,0.011531197198473675,-0.023744889092751242,0.009214356972324644,-0.05008729016897173,0.07125050887633527,-0.000122282983653077,1.1102230246251565e-16,-0.008223895086242605,-0.060908800990115974,0.0,-0.0799903564636682,-0.08506571991217254,-0.0647020803673668,-0.03249529001776891,-0.06918329263899464,5.551115123125783e-17,-0.07771347913488613,-0.02063783571643013,-0.07395645506945536,-0.05753723200862304,-0.004473114407396117,-2.3540353472462083e-05,0.0,-5.551115123125783e-17,-0.05806762930305903,-0.032477191166850106,0.00018433788209010205,-0.026307526628171485,-0.08779485888469063,0.0,-1.2136101422755008e-05,-0.019727500507792817,-0.07620173481689146,-0.06559205879732838,-0.057104413892539785,1.1102230246251565e-16,-0.07908156268103844
-0.06380482502932544,-0.02813936215640328,-0.08416825632226371,-0.047879159386140846,-0.07053108675025388,0.0,-0.06364807452847698,-0.06876836261355851,-0.06532285563994589,-0.12208348216293663,-0.0962231869101291,-0.06426427765691906,-0.056267172183818825,-0.06129754632019113,-0.045717906898445015,-0.00515399884580009,-0.04075430162708932,-0.035090088889978444,-0.09988639927432014,-0.02306277827389086,-0.05018560152574325,-0.02500571561991838,-0.07994954386169523,-0.017549853005367433,-0.017261697009529342,-0.04376535312004104,-0.03555098806653556,-0.06350262076502194,-0.024532840268631617,-0.07217101334892906,-0.08202960643685159,-0.04489033469987086,-0.055260463684253414,-0.06322730288513562,-0.04173344462063289,-0.07106390576093158,-0.07361793864505328,-0.06082337632277329,-0.055220350738967694,-0.02270343258142199,-0.0594659395468089,-0.0405893836884878,-0.05493465742999354,-0.033847630725305666,-0.021954299637639674,-0.024021867490269022,-0.016171446111978738,-0.06926002909364537,-0.03166642206133741,-0.08643496756024066,-0.043417282367888554,-0.0806881190899642,-0.05828137326001226,-0.08773456694467208,-0.031277886676907285,-0.06488776859607448,-0.02632482419541987,-0.08054515091912184,-0.05542418280728956,-0.040137721682701744,-0.017319851908842998,0.0,-0.02596616115790895,-0.07178205874767979,-0.05695285158043578,-0.06366761630727613,-0.037723270954637456,-0.0817199348667978,-3.207311664676915e-05,-0.03476176475393106,-0.03635779417161761,-0.06375642169080764,-0.07573127663609674,-0.10086104450929034,-0.04594030982106567,-0.06229128351322216
-0.017612188330144773,-0.02792086655810322,-0.10489822782890684,0.01730082948510142,-0.034366415569715814,-0.06364807452847698,0.0,-0.062052399305688066,-0.07222338806107398,-0.04046344066083862,-0.1027579335902114,-0.0381622401713414,-0.05444334474981688,-0.07514824143136328,-0.05046107506068359,-0.022909247411332212,-0.047860698121218015,-0.0424342517449251,-0.12325142693426888,-0.04305234193627594,-0.04019926736954804,-0.03610218808409604,-0.0745489021830601,-0.036223343767728566,-0.029793071409997207,-0.04240025526446156,-0.07689743370185204,-0.03650263415126831,-0.06032621651844777,-0.039697270906314364,-0.04019074802681322,-0.04667563815155801,-0.03595817305211907,-0.04324218725411372,-0.05440299762839762,-0.022456629968142294,-0.0105479345062639,-0.025694563484057964,-0.032158646065798824,0.0047559208591611,0.0018652819917511776,0.0003166285192224838,-0.06909882310960758,0.0026604524636240634,-0.018882882462283312,0.0,-0.040075058239665895,-0.09493931549961115,0.0,-0.07864231266081728,-0.08203762952694738,-0.08819383114873852,-0.08056356348239702,-0.03905877249334372,-0.0072834826022405985,-0.08411225287659985,-0.007841455229009864,-0.07895694018831911,-0.03473500760133591,-0.035900989125039584,-0.016959954921508813,0.0,-2.6239173673336946e-05,-0.056785892484786826,-0.05877525766698749,-0.029929703327466584,-0.04231664783176292,-0.0792015096850276,-5.831634651876083e-05,-0.021660547512303507,-0.03292192416009948,-0.06956905817180786,-0.0555802893921753,-0.052459089221124855,-0.02733342323804211,-0.06224972384237032
0.028630147574005504,-0.05216469267839596,-0.11865329296235766,-0.0025485555012170202,-0.10813637050061592,-0.06876836261355851,-0.062052399305688066,0.0,-0.11273533784122086,-0.048022981598707826,-0.10878681360323073,0.036497455904866305,-0.05856745443534139,-0.10015493451806073,-0.1441580629873967,-0.03580911800399017,0.0017214311651648773,-0.04591477957487189,-0.16239404981068523,-0.04289265317371288,-0.03755798714912828,-0.04094054114022627,-0.08522756758525857,0.02062866253197293,0.034892859547723476,0.02308487835417994,-0.06512872391962499,-0.05500547747205431,-0.06281389195556569,-0.044288031258125415,-0.050811847729698156,-0.01947356803947997,-0.020391920198213065,-0.041818533060875906,-0.023184330671391362,-0.086659332815613,0.016977843930514824,-0.04096143654241713,-0.031457560807482576,-0.048400222280392646,-0.033499184010282124,-0.05152432622109271,-0.07422688063622812,0.009265771947745527,0.0,-0.04489855439555479,-0.03137778377235406,-0.17591885732900858,0.0,-0.03474043657404241,-0.05997474708604972,-0.07527137251707006,-0.1746526148076358,-0.09156091491108453,7.594400725141615e-05,-0.09253992134123157,0.00018190730644285225,-0.06870907116511482,-0.08792311262862584,-0.0625362721213849,-0.018342215219222913,0.0,-8.75142651196037e-05,-0.10439123317311322,-0.049003879488372926,-0.09514148937573791,-0.03472819581594616,-0.16014412357640545,-5.551115123125783e-17,-0.03635319273217974,-0.045992656088366,-0.10051011874464988,-0.04063589890696867,-0.04492993393743272,-0.03904892225123141,-0.05130826757254803
-0.008547922783883666,-0.05433222595582082,-0.04757501177187673,-0.05609361427497178,-0.0814018640916856,-0.06532285563994589,-0.07222338806107398,-0.11273533784122086,0.0,-0.13276855056009568,-0.046748790464479384,-0.10664644969775178,-0.09285119324583135,-0.05893896598011006,-0.054055733577589526,-0.05599639020169478,-0.049928407238299055,-0.08800135720540109,-0.04696594410292157,-0.05868365369712869,-0.0865226093099779,-0.06174087098834036,-0.08523139982165912,-0.057266757891836384,-0.05126724424070084,-0.06599009666986189,-0.059022009658213026,-0.09681668368602753,-0.08709052914488147,-0.05398193723331002,-0.0721918764743309,-0.07906463502873029,-0.11185284180669658,-0.09444603832693316,-0.09353396074500031,-0.09877420687226923,-0.08133192931607697,-0.07202629696983848,-0.06329130867105265,-0.0022376105671416124,-0.03704823436286764,0.0006370033773595574,-0.07006128043069293,-0.045675537673406985,-0.01794882075054699,-5.551115123125783e-17,-0.024535980733506435,-0.09282480029559581,-1.994262316562523e-06,-0.08382706497851511,-0.07055399007138274,-0.09557695189572585,-0.10298660473330434,-0.09476002882612594,-0.03149856364784631,-0.09053715542741692,-0.030241542824271384,-0.0896708170248171,-0.08478611799101493,-0.03526705336425778,-0.016487126650602812,0.0,0.0,-0.07777991386449778,-0.04260620992789249,0.003902333803525615,-0.03545632757260625,-0.10243895259381286,-2.4544030164164177e-05,-0.012423863752098141,-0.02809703970088112,-0.08435365242093634,-0.10095136082824807,-0.05879637510644031,-0.024813592908251914,-0.08063700284644248
0.002516213971607062,-0.0343071467717882,-0.06670322699189896,-0.10846497015068357,-0.0483039165809771,-0.12208348216293663,-0.04046344066083862,-0.048022981598707826,-0.13276855056009568,0.0,-0.07388206367892552,-0.07800513455984323,-0.04533179490707179,-0.0571179333678708,-0.04645203906966178,-0.022364430098413435,-0.08263008849592188,-0.025545011294598963,-0.0670906973346701,-0.012448584827548792,-0.06622448851814511,-0.03498587079063559,0.0444142364740468,-0.011699960124193387,-0.0336129215337892,-0.04827823532966963,-0.08794812880581904,-0.028421506230299043,-0.060729350146842054,-0.022988197502740837,-0.01846528155916105,0.001049755587476664,-0.03712160294997813,-0.012628227422493754,-0.00186139764297083,-0.14186597033192738,-0.03279633845341384,-0.034502833888256146,0.05372212100688145,0.00883636573666885,0.01014083376464664,0.007958310204792707,-0.055732877655757906,-0.017445381866489862,-0.010105649996791422,-0.04884206367221455,-0.006534085801019995,-0.0002178900347065138,-1.1323697701293156e-05,0.0004675346467192254,-0.047502659118110524,-0.03628440123722726,-0.0017736881589949793,-0.008637027039920364,-0.0064022975453468245,-0.016750433946608967,-0.02397538371158442,-0.04316740860357876,0.0,0.00022583075949789144,-0.01717767097387929,0.007771131798479214,0.0022929552083836846,3.722158773866724e-06,-6.0475674440729765e-05,-0.008364331695593863,0.002122454854933009,-0.04847819122153363,-0.020571475997246347,-0.007106753723722936,-0.015591089871320518,-0.03782628833017476,-0.021761728763470434,-0.04025935784317164,-5.551115123125783e-17,-0.04414359696941861
-0.0255580944338078,-0.04676591712024669,-0.05495918178916698,-0.025129392383255955,-0.08700534430524651,-0.0962231869101291,-0.1027579335902114,-0.10878681360323073,-0.046748790464479384,-0.07388206367892552,0.0,-0.05644642333698696,-0.11345574644943796,-0.07223580492039647,0.0,7.777932683222799e-05,-0.04327019147276756,-0.05418451893898846,-0.06654388043723514,-4.837529702955701e-05,-0.0333978242660542,-0.004202503045699413,-0.0914678257298838,-0.072075356395569,-0.10135194960283139,-0.06189463177858867,-0.08030895045250913,-0.1046485288528311,-0.05380485347450342,-0.017933758506163022,-0.07591433008404386,-0.11990294835914916,-0.05934177005769298,-0.11508518441361199,-0.06422294028174785,-0.1130139901812312,-0.05073077477004856,-0.06465577033095238,-0.11388170229140526,-0.01182120940769843,-0.11279695292024744,-0.03202040443534404,-0.13376080491699632,-0.04096640478266955,-0.010149698786495964,0.0,1.1102230246251565e-16,-0.1545348837374867,-3.861645695435456e-07,-0.10781100596706322,-0.07468765460124005,-0.1284635938052086,-0.14047447481652586,-0.19021713097493886,-0.034493365290828915,-0.09761135342740843,-0.014671243010963009,-0.12507572352873486,-0.14133475123756112,5.551115123125783e-17,0.0,0.0,0.0,-0.16154888608917622,-0.012296066322764199,0.0,-8.971615281022638e-05,-0.16740228870369162,5.551115123125783e-17,0.0,-3.128939946706044e-05,-0.09953118360746827,-0.13806717236514915,-0.0036411501637595434,0.0,-0.07618616025960001
-0.04359267315425169,-0.012632323104888099,-0.04997603448536725,-0.019764458598989898,-0.0574174311922222,-0.06426427765691906,-0.0381622401713414,0.036497455904866305,-0.10664644969775178,-0.07800513455984323,-0.05644642333698696,0.0,-0.03393699116723814,-0.01110934214706022,-0.008191759127233078,-0.0018739636983697294,-0.030896404601439886,-0.0031490712171477475,-0.06840741191449351,0.008576458077716342,0.02584135283187905,-0.044869112242247655,0.028262042393026543,-0.01760368340902163,-0.007141659858084459,-0.007666402475356104,-0.029620299043820686,-0.0008560909681920026,-0.053381350092688906,-0.038932999829738635,-0.012449489471431152,0.023765508875273178,0.004096397288628428,0.023991447241060337,-0.004051863116353804,0.02521874142561409,0.022140669047375605,0.0011035954575170648,-0.016465099034362773,-0.04709097925962796,-0.04292965775826846,0.006538719800818105,-0.04397958637028132,0.029071526953187987,-0.08638641557142443,-0.054619520395957855,-0.020391529906501227,-0.01755323366093625,0.0024035336169131727,-0.0065137819527748,-0.012113968045036116,-0.00864463970343654,0.00014446546872987076,-0.013879822698759092,-0.00590493651416002,0.0010849172850604938,-0.014446036533157736,-0.05324051704200472,2.439872474574445e-05,3.210695859395818e-05,-0.029389188329206006,0.005300528220225975,0.017179237178091167,-0.012394897717471376,-0.015969366172522648,-0.03358527212839946,-0.005156672115983196,-0.024026738774529877,-0.026255352701581913,-0.004868257316983371,-0.013438049980642408,-0.043436897127547947,-0.013468180990245548,-0.012933408628675924,0.0,-0.052765288890534556
-0.029161093091397194,-0.028472625604339274,-0.10520820920113633,-0.02300209161129929,-0.05962383354530659,-0.056267172183818825,-0.05444334474981688,-0.05856745443534139,-0.09285119324583135,-0.04533179490707179,-0.11345574644943796,-0.03393699116723814,0.0,-0.04548059487443179,-0.04141103150742931,-0.02520072327596623,-0.028307848761559118,-0.03739416237650467,-0.13111279094878087,-0.0617174474388284,-0.024945121342339893,-0.02339352767952796,-0.073378585311631,-0.03340997636219395,-0.02813982196154019,-0.035598419680689,-0.07547441089209422,-0.0860584251723045,-0.07474292891302925,-0.041830920841515296,-0.04412668944792425,-0.05001976391609814,-0.034144699671487866,-0.0404160039261941,-0.05172340016719573,-0.0423038181396293,-0.0211422558683787,-0.037024771558721636,-0.015368360048630014,-0.005908492480720673,-0.019913302370393238,-0.030189711342454573,-0.039100189669369734,0.019293464133394833,-0.023026444355821574,0.004697144725543667,-0.026907917196536735,-0.10781269296646034,0.0,-0.07111109148085842,-0.07846067699082687,-0.08338103454639534,-0.07469859202449963,-0.06457342469004534,-0.033371687550297735,-0.09319616838967848,-0.04445558589249182,-0.052574453881338856,0.0031718230225382116,-0.03689302810278855,-0.01777331794308351,-0.008842991207773099,-0.028742020932323475,-0.08591508183996094,-0.04471080583389059,-0.06229585902077783,-0.029226391232546,-0.08081582740487203,-0.009288566847292123,-0.022722063280148974,-0.032101756208885945,-0.07378646129816463,-0.07169019701026152,-0.04920217095029106,-0.043577321162965976,-0.05399467993776019
-0.03525024925768522,-0.0071457627704998306,-0.0807372316586446,0.016067038371177733,-0.06314136406843157,-0.06129754632019113,-0.07514824143136328,-0.10015493451806073,-0.05893896598011006,-0.0571179333678708,-0.07223580492039647,-0.01110934214706022,-0.04548059487443179,0.0,-0.013890699851714483,-0.0005996326919637252,5.1889306304231386e-05,8.63159265671043e-05,-0.10775290858639058,-0.006098735948724787,-0.047430091591359635,-0.00439928432315978,-0.06709373704920357,-0.03703251318167455,0.0083849387012766,-0.052099051277626374,-0.07643426892536004,-0.01134215355517626,-0.03864670743364029,-0.007539972155517605,-0.08969967000991375,-0.05824153732047474,0.003878254833889261,-0.045314579734445526,-0.04599641717908104,-0.013543908084915068,0.000798456016758986,-0.0020296273063424852,-0.054832970125572644,0.0,-0.0007724517847215728,0.0003803676886786622,-0.07980314393259913,1.111574233103596e-06,0.0,0.0,0.0,-0.07764097465469705,0.0,-0.05871870266402457,-0.05492392882513514,-0.03456876019035682,-0.06514087830688514,-0.07116417814535508,0.0,-0.08147188567423497,-0.00017658546121018803,-0.01935136480408267,-0.054681119688504365,1.1102230246251565e-16,0.0,0.0,0.0,-0.06136779029101419,0.0,-1.1102230246251565e-16,0.0,-0.0608967324405843,0.0,0.0,5.551115123125783e-17,-0.08287684216477603,-0.015948384995270515,1.1102230246251565e-16,0.0,5.551115123125783e-17
0.02478717883912479,-0.019270440682625622,-0.037653657833635445,-0.02943537045441319,-0.022462251250798315,-0.045717906898445015,-0.05046107506068359,-0.1441580629873967,-0.054055733577589526,-0.04645203906966178,0.0,-0.008191759127233078,-0.04141103150742931,-0.013890699851714483,0.0,-0.025522626120442093,-0.022978288798459534,-0.02087013587027675,-1.1102230246251565e-16,-0.0320677706793846,-0.0776393910200806,-0.06262569402038459,-0.08401312535438399,0.013567933815950894,-0.019263951829022352,-0.0656945969203,-0.06390039922326646,-0.05318957186194706,-0.05612268879405319,-0.032590401003470604,-0.045853680972147315,0.0021511700593715433,-0.012550935568516164,-0.023425972529525163,-0.014518552586792133,-0.006452349542482305,0.005330866411946189,0.00011812125138749296,-0.005799574105656791,-0.06039682776209604,-0.03796378855007726,0.008779661628751989,0.004972369571333235,0.007307437566128394,0.0,-0.021698081651943646,-0.01441979381270525,-0.028831871142361187,0.0,0.0,-0.07074673692987998,-0.042396845999889965,-0.09430524060199935,-0.01091067151035291,-5.551115123125783e-17,0.0,0.00039532262421138054,-0.0507859494217775,6.330224908812632e-06,-0.1266376493922992,-0.01838723719074803,-0.00022127135742988635,-0.023653340316091342,0.0,-0.07124704060586168,-0.10936256323709082,-0.04883238104764248,-0.2497178749401998,1.584839799112503e-05,-0.02532366226355498,-0.07813508759068782,-0.12480949408711395,-0.044470338728586245,-0.06448536909367897,-0.05215004774749327,-0.03170060708703215
0.016812176571634474,-0.011757445514482101,-0.031371330750503856,0.0006480245699027609,-0.027524457430877725,-0.00515399884580009,-0.022909247411332212,-0.03580911800399017,-0.05599639020169478,-0.022364430098413435,7.777932683222799e-05,-0.0018739636983697294,-0.02520072327596623,-0.0005996326919637252,-0.025522626120442093,0.0,-0.06818420234297329,-0.08832637139686011,-0.00016543548831532418,-0.026298039140717322,-0.004485419482134434,-0.05080187849285378,-0.018826885337724975,-0.0261499574541304,-0.037384933197263215,-0.014198152444326984,-0.011286740822945895,-0.022899234382983136,-0.006970147001616467,-0.026632460155079973,-0.01389387286916205,0.01636491601669937,-0.020552392212464077,0.007845128884692187,0.013822312489940758,-0.007038246378160029,-0.017898616662900158,-0.03644450964152324,0.02269045863332686,0.005812344482539145,-0.006853591411823956,-0.025539254539468037,-8.25413029487132e-06,0.0,0.0,0.0007634738782643646,-0.0006501803662790628,0.0,0.0,0.0,-0.03481249182993995,-0.033983876989994055,-0.03294274008187059,0.0,-0.010575181039296111,0.0,-0.03641579038333498,-0.03207644068022436,0.0,-0.02171045400998428,0.009059654811321316,-0.014903476811943261,-0.005410527104962037,0.0,-0.023501687959362805,-0.025827994555188083,-0.002327834166103715,-0.03859728708396215,-0.03810060020169537,-0.014338053881648494,-0.008522141738741384,-0.03094492612516614,-0.03096301226744791,-0.021630281461119227,-1.1102230246251565e-16,-0.016734240812454226
-0.032293001386644093,-0.019359991403258392,-0.03070165780139389,-0.0035555712922067384,-0.048670030082623605,-0.04075430162708932,-0.047860698121218015,0.0017214311651648773,-0.049928407238299055,-0.08263008849592188,-0.04327019147276756,-0.030896404601439886,-0.028307848761559118,5.1889306304231386e-05,-0.022978288798459534,-0.06818420234297329,0.0,-0.052826504101604,-0.0490088225068151,0.0032189594200763283,-0.018452430603324244,-0.0013304722869379448,-0.021804472300351263,-0.051756631262165176,-0.012407126601674368,-0.014698524680314906,-0.03534304672805377,-0.024049453806119503,-0.034310348025453574,-0.003942531933457838,-0.058553680425616594,0.0045803929535501164,-0.04164377452544604,-0.008674746723951188,-0.03112746999213667,-0.031103610142786398,-2.288848041848146e-05,-0.0307071298764795,-0.006681409732513466,0.024779353416603644,-0.01611323552754318,-0.02400134285948491,-5.551115123125783e-17,0.0,-0.024005813971488377,-0.052178152953435974,0.0003882888421913311,0.0,0.0,0.0,0.0,0.0,0.0,0.0,-0.00946142889244228,0.0,-0.019118600092430216,-0.01254706280778567,0.0,9.220575641438744e-05,-0.023949232944042442,-0.0018250441164894826,0.012031561652006417,0.0,1.1102230246251565e-16,0.0,-0.011304373635777687,0.0,-0.03885634968446694,-0.006521219486831598,-0.009108102581159905,0.0,-0.014281667012898347,-4.9744080952207614e-05,0.0,-0.029743681531569144
-0.001211482697944466,-0.017671619831918395,-0.03553082442657768,1.890333426252111e-05,-0.062042360121533524,-0.035090088889978444,-0.0424342517449251,-0.04591477957487189,-0.08800135720540109,-0.025545011294598963,-0.05418451893898846,-0.0031490712171477475,-0.03739416237650467,8.63159265671043e-05,-0.02087013587027675,-0.08832637139686011,-0.052826504101604,0.0,-0.037151144145581405,-0.010062550636421808,-0.01345701511048969,-0.01659028719597666,-0.028566976201007954,-0.03666522598604621,-0.041791297429453866,-0.018433849833117744,-0.019487341404271052,-0.027721435803108874,-0.020463776521200183,-0.026948125290114422,-0.046159044598803656,0.0035405817078413837,-0.03414872599930868,-0.005344843903077934,-0.026947976336153645,-0.023490618834097532,-3.814674268137752e-05,-0.034100042459888624,0.01559356774797177,0.000857786568665142,-0.004880912043950636,-0.029628750666490622,0.0,0.0,-0.01802983421862092,-0.0017324367280088793,-0.004531882563526435,0.0,0.0,0.0,-0.029906080112961364,-0.0001608770597771314,-0.0003708257424955841,0.0,0.0058700101906183355,0.0,-0.00043920585648260513,-0.03508803615505829,0.0,-0.023076673841814,-0.01704544665269664,0.007372961738480122,-0.0006917317723206806,0.0,-0.03332360361320702,-0.019456678415511408,-0.005801801784842575,-0.018032065961984145,-0.01603887688270189,-0.007811052040476774,-0.005711770544480854,-0.019726758510856646,-0.03478908467474234,-0.03225080224128052,0.0,-0.025297169154399335
0.0,-0.014375255906902418,-0.041758086035985936,-0.07235160715641098,-0.09775689968018525,-0.09988639927432014,-0.12325142693426888,-0.16239404981068523,-0.04696594410292157,-0.0670906973346701,-0.06654388043723514,-0.06840741191449351,-0.13111279094878087,-0.10775290858639058,-1.1102230246251565e-16,-0.00016543548831532418,-0.0490088225068151,-0.037151144145581405,0.0,0.00039229012729075086,-0.020878462528973185,-0.014401453173400969,-0.08897722481240689,-0.041193500612010214,-0.051210250830325654,-0.06405551507940044,-0.07251416401650557,-0.07820555095871867,-0.04209052659564261,-0.06326354281125196,-0.07881096694536877,-0.1066604451204593,-0.057896202422259346,-0.07422049649693768,-0.07059165333874473,-0.14370356828087577,-0.06658793434438043,-0.0653599608817112,-0.06713687457911383,1.6447161783061937e-05,-0.00974038192130594,-0.042923103688474795,-0.2040912037575366,-0.038274306017127946,-0.0005072606290222881,0.0,0.0,-0.19424413580307281,-5.551115123125783e-17,-0.09980828630246857,-0.06030668898419722,-0.10265265402740703,-0.11048937517042062,-0.09497562449030955,-0.00010898854207380682,-0.19452819472382615,-0.02812214799044105,-0.09086153020515175,-0.09031922903137535,2.220446049250313e-16,0.0,0.0,0.0,-0.2993357116233235,-4.2820015467404104e-05,0.0,9.485383057727947e-05,-0.10432217209184247,0.0,0.0,-5.551115123125783e-17,-0.09096673203253525,-0.06882088158894611,-0.02272826161756608,-0.00014762449781935416,-0.041376788914223805
-0.040751904980760145,-0.015200901643855569,-0.027410996508245355,-0.0397135230509188,-0.03174629876438728,-0.02306277827389086,-0.04305234193627594,-0.04289265317371288,-0.05868365369712869,-0.012448584827548792,-4.837529702955701e-05,0.008576458077716342,-0.0617174474388284,-0.006098735948724787,-0.0320677706793846,-0.026298039140717322,0.0032189594200763283,-0.010062550636421808,0.00039229012729075086,0.0,-0.06829125542281611,-0.022073073761738338,-0.019690522136066313,-0.0059490986291304004,-0.0012233261474371981,-0.032950404358953855,-0.01621264669238809,-0.11083855412294902,-0.04214171860577981,-0.06764921764479875,-0.05688076470608633,0.007570041514085246,-0.006587467257877899,-0.01984664803845182,-0.005247847634852698,-0.006341711132238748,-0.021206772351922587,0.023555592078818022,-0.007547982026321565,-0.021738238453129832,-0.031530555530726534,-0.004666019227792306,0.00498511980524341,-0.002064171054292241,-0.00024023490137004,-0.027960290677261745,-0.0071077906964949755,-0.07913347570805473,0.0,0.0,-0.08543384632286649,-0.031241013914606208,-0.056655980990314825,-0.050413087382902344,0.0002979852419257578,1.1102230246251565e-16,0.0009754150299211561,-0.042868167734373464,-1.1102230246251565e-16,-0.04239614029894456,-0.0204481012199782,1.3130539908146055e-05,-0.029521238523417426,0.0,-0.0443559705753897,-0.016320829552187888,-0.033124079537729834,-0.06085657642499537,0.0,-0.023675294014425308,-0.0513027148507883,-0.05598314546992528,-0.06752228695433271,-0.04721094035576151,-0.044452314794673264,-0.037383121298507516
0.018849420701549713,-0.014916138070676266,-0.10519341525018883,0.0007165398608325879,-0.040673899536584124,-0.05018560152574325,-0.04019926736954804,-0.03755798714912828,-0.0865226093099779,-0.06622448851814511,-0.0333978242660542,0.02584135283187905,-0.024945121342339893,-0.047430091591359635,-0.0776393910200806,-0.004485419482134434,-0.018452430603324244,-0.01345701511048969,-0.020878462528973185,-0.06829125542281611,0.0,-0.021716079570022084,-0.0374831882880195,0.033374484884441835,-0.020881278573866624,-0.0028143808165268513,-0.06505447831625133,-0.04895752936931874,-0.028553127106628384,-0.03926143506554031,-0.008270278129515807,0.03156127618302684,0.0011087947956960886,-0.008111280138563104,-0.0007987678350559468,0.08116874520038825,-0.028787180691821734,0.029637714040819774,0.02902190857742032,-0.018809331864745316,-0.028455596174407738,-0.019452706224121652,-0.013776833851915582,0.0,0.0,-0.0050180756707352,-0.01815628882212944,-0.060943076164623466,0.0,0.0,-0.047140325640495695,-0.053931996726353515,-0.08151441421608085,-0.02530058780250899,-0.025617714652476253,0.0,0.01562803007623076,-0.04391210383715971,5.551115123125783e-17,-0.006199186159642822,-0.020264346707557057,0.0,-0.014501556583441433,0.0,-0.03456259771300957,0.0005609150821977438,-0.024211533836826282,-0.1031825738822092,-0.004848035463220379,-0.01597210753141809,-0.0129681342629559,-0.05320483576038859,-0.038887653897660024,-0.045964445603250026,-0.0653664885105566,-0.03173212866430625
-0.012990954990722836,-0.03965855616899766,-0.04940682407291258,-0.026590232863936913,-0.03632187353025246,-0.02500571561991838,-0.03610218808409604,-0.04094054114022627,-0.06174087098834036,-0.03498587079063559,-0.004202503045699413,-0.044869112242247655,-0.02339352767952796,-0.00439928432315978,-0.06262569402038459,-0.05080187849285378,-0.0013304722869379448,-0.01659028719597666,-0.014401453173400969,-0.022073073761738338,-0.021716079570022084,0.0,-0.04741718624703689,-0.005460281587860827,-0.028800865264617226,-0.04921237127246464,-0.029026984439585124,-0.12831663012790995,-0.01861532484619821,-0.18982280656549272,-0.05765844626921546,0.025076021475801402,0.009584988764819946,-0.008247936501957265,-0.0015749362406392575,-0.0024395662678682317,-0.007495464811450747,-0.014947067956573523,0.017056250628769976,-0.0069203590126522,0.00042444320980339345,0.01611414408459927,-0.0004445553932906354,0.0026185080945022032,-9.598423772949616e-05,-0.01013318653937384,-0.005775085731934859,-0.07575172745667413,-3.4809130684543277e-06,-4.7725280849786333e-05,-0.05295694796037287,-0.03076810344414871,-0.05771690605565105,-0.06465135945468264,-0.011224410803694684,0.0,-0.0155513742525355,-0.03300144873638455,0.0,-0.025160124556872554,0.0014835721740346086,-0.01996069067346362,-0.04245962446381185,0.0,-0.02649311005821714,-0.023946401525173522,-0.02309628672243852,-0.06526588693758112,-0.015226302216980903,-0.019253606000274426,-0.023265662827770928,-0.040928063707922235,-0.025514409146842887,-0.03954966333691895,-0.004114168485527925,-0.013170774389462625
0.004572613534888803,-0.039581838924673596,-0.06612125788881668,-0.06139650570898886,-0.08975032772716024,-0.07994954386169523,-0.0745489021830601,-0.08522756758525857,-0.08523139982165912,0.0444142364740468,-0.0914678257298838,0.028262042393026543,-0.073378585311631,-0.06709373704920357,-0.08401312535438399,-0.018826885337724975,-0.021804472300351263,-0.028566976201007954,-0.08897722481240689,-0.019690522136066313,-0.0374831882880195,-0.04741718624703689,0.0,-0.0008609684258421568,-0.018708557169235362,0.005927309499251132,-0.05698794461611745,-0.07103694736132338,-0.06615061970031927,-0.07333902435444145,-0.10262717814366384,-0.032770414774699275,0.029697863420309445,-0.054162698910226625,-0.057226074944710714,-0.08958866367005858,-0.06081229522696163,0.056061578392718914,-0.0827896207861395,-0.0645957960146476,-0.08909393533048143,-0.09681911322679032,-0.10348856879649498,-0.053294119154810304,-0.007911714242501922,-0.004510748954413446,-0.04576293066144216,-0.17340491356050675,-0.023556782371734808,-0.1674770560594241,-0.11975750420467629,-0.12578793588924347,-0.19220942116355594,-0.214206805601644,-0.09562218341897794,-0.12665892841639775,-0.0018182982109514745,-0.12830153735885236,-0.12845565898327155,-0.11091989969422134,-0.038534473003937475,-3.194149048019179e-05,-0.046868417764123316,-0.3043887361385601,-0.06836108208321845,-0.11809777502953789,-0.0635362324267677,-0.28658504411018615,-0.028776673242883022,-0.04135468123752084,-0.05785067614362338,-0.13178512783385637,-0.11355640638482589,-0.1258738554545331,-0.04598466194818429,-0.14336403084250243
0.00522897689663987,-0.021735366183384452,-0.04800900972506733,-0.014647016351278797,-0.053512821482250617,-0.017549853005367433,-0.036223343767728566,0.02062866253197293,-0.057266757891836384,-0.011699960124193387,-0.072075356395569,-0.01760368340902163,-0.03340997636219395,-0.03703251318167455,0.013567933815950894,-0.0261499574541304,-0.051756631262165176,-0.03666522598604621,-0.041193500612010214,-0.0059490986291304004,0.033374484884441835,-0.005460281587860827,-0.0008609684258421568,0.0,-0.03163514671862805,-0.05845476047864501,-0.029045352185951112,0.08598124075988273,-0.02063828328151035,-0.008418341090170922,-0.030769837062313732,0.05416880099129323,0.0032918670473304212,-0.004861631493895124,0.007669767686528606,0.1375835960121402,-0.013387583345985221,0.015954048473664745,0.061497660953637456,0.03162863444282915,0.0042439380845361585,-0.014205098203397992,-0.010771682192210474,-0.0031379078953749917,-0.01632291600596053,-0.06179530672827377,-0.04519128814505741,0.0,-5.551115123125783e-17,0.00012616303564472187,-0.0033726281642500466,0.00010810937089572592,-1.6653345369377348e-16,-0.0002247486394041931,0.0005658576611842214,-0.00016533752156194792,-0.020624225498312276,-0.02419045138854442,0.0,0.0003866975266121342,-0.0370537522511073,0.011985823852778132,-0.021725041645307863,-1.537455314387648e-05,0.0004679804835574508,0.01324071132379362,-0.024852717753630682,0.0004067435780337192,-0.08008016261173112,-0.022397528827415247,-0.021373000572918965,-0.001833323851293478,-0.007863032455686148,-0.03213161216453325,0.0,-0.04639970114396119
0.011438281602465128,-0.0282821214007436,-0.0654019648415522,0.0003787786921261582,-0.03437639180485047,-0.017261697009529342,-0.029793071409997207,0.034892859547723476,-0.05126724424070084,-0.0336129215337892,-0.10135194960283139,-0.007141659858084459,-0.02813982196154019,0.0083849387012766,-0.019263951829022352,-0.037384933197263215,-0.012407126601674368,-0.041791297429453866,-0.051210250830325654,-0.0012233261474371981,-0.020881278573866624,-0.028800865264617226,-0.018708557169235362,-0.03163514671862805,0.0,-0.0467068059548888,-0.008302030549875994,-0.025427943069299297,-0.01569116910672841,-0.031662197567571826,-0.033535160573408274,0.024515559040604318,-0.019582432866920296,-0.0006240913907680778,-0.008255474689042364,-0.012884036322471315,-0.007736246027361671,-0.034797883455139844,0.0171267342585249,0.0088470355515759,-0.001498771414610578,0.0019364884863268816,0.006506380491701824,-5.551115123125783e-17,-0.0023439545828426445,-0.0043442508813799074,-0.005588012418074884,5.551115123125783e-17,0.0,2.220446049250313e-16,-0.03896258442564354,-0.03734348617176586,-0.02274083058398696,0.0003806633267902093,-0.003623894349811252,-0.00011959830163132956,-0.016412566839364373,-0.04005047375442394,0.0,-0.02566176619075966,-0.007631010032451757,-0.0003301498706337891,-0.005077552165083765,0.0,0.005492632408670817,-0.013833931777829989,-0.009674969663158561,-0.027146539806912784,-0.0223880481073358,-0.013354000332681637,-0.008034872889327749,-0.033702862389581034,-0.027424422911890844,0.002151479944376977,0.0,0.014904903278394444
0.0092262249962069,-0.0364134247239053,-0.06191393500059278,-0.011451167707371646,-0.0397567487160051,-0.04376535312004104,-0.04240025526446156,0.02308487835417994,-0.06599009666986189,-0.04827823532966963,-0.06189463177858867,-0.007666402475356104,-0.035598419680689,-0.052099051277626374,-0.0656945969203,-0.014198152444326984,-0.014698524680314906,-0.018433849833117744,-0.06405551507940044,-0.032950404358953855,-0.0028143808165268513,-0.04921237127246464,0.005927309499251132,-0.05845476047864501,-0.0467068059548888,0.0,-0.03305505769370137,-0.040572114359358424,-0.029862437029469724,-0.01713515418846162,-0.0280623641616638,0.019869812500648343,-0.01286323091026953,-0.004278884614154876,-0.003940956380937499,0.049365396412371754,-0.02558136385351295,-0.012686879945411733,-0.0008229949609309117,-0.015537602315633003,-0.027737327237749354,0.0034615565021302586,-0.03815356890266014,3.588835302809068e-05,-0.020738963346293937,-0.02132312852421192,-0.016108714503610677,-0.11209252335601966,0.0,-3.5235582847126246e-05,-0.08001561263566037,-0.03934992003143695,-0.05156759679538092,-0.02695932901358311,-0.0071717855480729065,0.0,-0.02126240197746404,-0.034296888705849404,0.0,-0.12288517769755603,-0.017201943178541346,-0.0037634743363724743,-0.008782533080604893,0.0,-0.04695626658284663,-0.08802955590612649,-0.07705778283974363,-0.08533398246919133,-0.027740142856956862,-0.017867481589909473,-0.02741792248719327,-0.04457267667034093,-0.02613736798994376,-0.05487354086493296,-0.00023053161999292415,0.014703543767426386
