0.0,0.7996604909205851,0.8589672368381845,0.0,0.6527081915349863,0.7112428296610653,0.7006019693772743,0.8350302221333814,0.502330312113916,0.5577340689141808,0.912073716056451,0.628658006186644,0.8387472509378786,0.9573213708830837,0.6625721455733811,0.8133693042059342,0.21454620757552562,0.4433256273089011,0.0,0.7820046953768729,0.462003560943882,0.6642993554623597,0.6443590282305608,0.5572048720354419,0.34524118490023253,0.7443499385409373,0.873408327386307,0.6488827170117313,0.7772212353534396,1.0488156544019536,0.8892492001419088,0.9970720119059144,0.64401349989799,0.8479319456864289,0.7406002752425334,0.9785687076925615,0.440010670089761,0.6462688907242544,0.8498235172182624,0.45456734490379036,0.9814901072071078,0.9819133365159947,0.4656832997772553,0.0,0.3472148966312847,0.5704826854880013,0.8069097251743393,0.0,0.0,0.0,0.5156582377343445,0.0,0.805776181850644,0.0,0.5826793289801085,0.0,0.6008467412567324,0.9345672085024691,0.0,0.6465835565379618,0.8557807139238172,0.571571575259128,0.7233785921112775,0.0,0.6340610240908267,0.18436781616761239,0.7732745762712067,0.595846414233221,-0.2617144423922937,0.8163776274809632,0.810311331041547,0.6011595749639433,0.4666690727237763,0.691041996121435,0.0,0.6956928561928404
0.7996604909205851,0.0,0.6507277073547699,0.4213280305226136,0.35793201525844065,0.5664947425425713,0.523660698858419,0.8362167395160638,0.27328181167049714,0.5387399538968904,0.48123466874072485,0.5777169468929244,0.5310927668729604,0.6631530090646908,0.9398003938154009,0.810942554602597,0.7158341147547991,0.676770712134555,0.7381408134979264,0.5828899446139109,0.7731195303394595,0.7092230880708849,0.807832116745236,0.34017257087445185,0.536743069732867,0.6350977844510515,0.7211463870033835,0.6684823029749283,0.6473755004756346,0.6832179127187443,0.7825461169713392,0.8939371754826354,0.4939346873105334,0.7505662831644033,0.8239280058274425,0.5089175133300983,0.04253733433350154,0.0,0.7705225818114736,0.8470503322315375,0.7037545807556217,0.9218683080054606,0.6128175440792671,0.0,0.0,0.6517327469660581,0.6997713590491683,-0.020537534056329187,0.0,0.0,0.791032225525196,0.7510520047694389,0.6270750264550606,0.8381932233583831,0.7723335212775975,0.0,0.7212517398560736,0.8217998992086614,0.0,0.7274677735648915,0.7414736151457293,0.8303585543238419,0.8407681057218809,0.0,0.7641269313736873,0.9906809395519658,0.6739921700321005,0.8828541658146494,0.5469299454078802,0.8187740893231875,0.8033192652729888,0.766121921644701,0.845704575751552,0.7740301596716248,0.0,0.8534608502563199
0.8589672368381845,0.6507277073547699,0.0,0.6734019571224792,0.542228912845858,0.7989936015600635,0.604066673631779,0.7499509083544922,0.6133778104636274,0.500755883072427,0.5518224970337522,0.6674274349922091,0.5591843024182307,0.571967202069332,0.7201111599028569,0.37318390594351364,0.33780499695802324,0.6257464059573588,0.46710075903146453,0.4564969882685174,0.5497617743677781,0.6215216790364766,0.7434322452251646,0.29748099052785293,0.4289746629988328,0.7295422583740662,0.5630019753012279,0.6014261655042163,0.827756154906184,0.6437571788520252,0.5252108767415148,0.5206069819141913,0.698845734634336,0.5724375258038557,0.7453335417449797,0.5630820406325708,0.5288858924757298,0.7496490729562157,0.815162588392143,0.4979951173443977,0.8830983589959276,1.0587841355334677,0.7848700516447661,1.152875103757046,0.0,0.0,0.4215959445764617,0.5552734291547494,0.479736271038498,0.7261802595838476,0.8186700156215867,0.7657958733560065,0.8673036191325942,0.8566968523947771,0.41189637872649865,0.4570509262657212,0.8565392948654684,0.8704523959503658,0.7443207532595018,0.3945479361042333,0.0,0.0,0.0,0.32155044993766346,0.9098965953794161,0.4304486878128071,0.30393141723824524,0.8602149930100407,0.0,0.545716124169661,0.7589447095348716,0.6742458093427726,0.6925507568081546,0.8745587606854508,0.7060689903995147,0.6692305041739299
0.0,0.4213280305226136,0.6734019571224792,0.0,0.5864316723382941,0.732975766115842,0.6565175304045087,0.9882400993947971,0.5814374525206623,0.8441796177562382,0.5992833143177314,0.2862388737988779,0.7971427006240913,0.81217498549261,0.6018335096819429,0.23860199004372679,0.6351084257391726,0.4661261022744153,0.5763308415640923,0.6162724838497871,1.3956203150371553,0.610723177389014,0.963667585541972,0.23451770949190542,0.790906142016031,0.6076401458523786,0.7920394937280526,0.5875832403155687,0.6313104109651648,0.4812965606453336,0.6382008737777691,0.5685949468687453,0.2666787710365222,0.47499896886912585,0.26713758222680484,0.5137291939109023,0.45199714948108793,0.519729920517048,0.27569825233875656,0.400919549220433,0.7673665294383747,0.5056015450592501,0.5810442646201378,0.07680757041000402,0.0,0.0,0.0,0.47633296012891857,0.0,0.0,0.8416030333077988,0.0,0.4668607221078117,0.3499283691958391,0.0,0.3241586548864082,0.5806496677678906,0.4875948603652632,0.0,0.0,0.0,0.0,0.0,0.0,0.0,0.0,0.4867974704436159,0.7801264432445952,0.0,0.0,0.0,0.6988600307146253,0.447842756972448,0.6884876014287176,0.0,0.0
0.6527081915349863,0.35793201525844065,0.542228912845858,0.5864316723382941,0.0,0.41641471749248715,0.40199285461768347,0.927846974246703,0.4227185371095764,0.8642145481532515,0.36390769814911406,0.8898670638684371,0.588804450053719,0.556240217007922,0.8411436960095331,0.5066065840337337,0.7295014878984053,0.1662305945527514,0.5199065497316925,0.5962439463167205,0.8512981560569111,0.5102417800212851,0.3846246718106726,0.6256880358336118,0.7329966313902173,0.2919408766214806,0.3926207588161035,0.42047409620469245,0.9333423989203018,0.5832039539047543,0.4909811451495503,0.41400542427041076,0.4318946617318688,0.5019974293046129,0.5445269137065993,0.4758214474748044,0.7268564864914794,0.38395708776495985,0.7473866954381588,0.41640338800701626,0.5041133495029442,0.4099884021728777,0.324802465486535,0.5025926178158022,0.38602352466003587,0.0,0.480075808354962,0.7853948704677925,0.0,0.7740042035436665,0.9775530460247218,1.0070852945580626,0.6908060139145193,0.7968892677353401,0.0,0.7412973270538645,0.4507587745035163,1.0899564219785511,0.6638698769154945,0.42835846761694685,0.5090374882201205,0.0,0.0,0.7584333226356412,0.7160222421976148,0.4429315176708046,0.7743447552432179,0.7386073154443968,0.0,0.4994853062623811,0.7446053331087453,0.6543774188743846,0.7856426620585855,0.5985260924318317,0.0,0.7450560615596461
0.7112428296610653,0.5664947425425713,0.7989936015600635,0.732975766115842,0.41641471749248715,0.0,0.6883929458384599,0.7293596528354189,0.4852857665266138,0.6354467026247541,0.5964152731642536,0.8114725071364367,0.6355648782564498,0.8328404378598167,0.9389106038262875,0.6178239953368725,0.33014751543929277,0.4614883112407079,0.7081093654302567,0.6666715299821284,0.7448623167727977,0.651169583851514,0.8132902406241558,0.5090179941126876,0.420903237040811,0.7725383920525197,0.9009547991664575,0.7007948405406134,0.47671120802091416,0.8748078867264302,0.6889139653672771,0.6548868900733076,0.9977243729586907,0.54305038637284,0.6053642683460532,0.8240259784371228,0.5771772610369572,0.563187198335645,0.8774279486120384,0.4795147896290301,0.6086717886658229,0.8191406823815635,0.9296732739650326,0.9263933742018327,0.3781199071752128,0.6514310141770758,0.573152052984078,0.8309511244819598,0.8633472573565508,0.6796962581895302,0.74321685918754,0.8191674086343605,0.8136420742535537,0.8552957058479032,0.9312306472304479,0.7102463602247338,0.7158180374610185,0.8252291418586105,0.7403674087504298,0.7476972512268694,0.6730524122137727,0.0,0.6363026474926234,0.6647039174163574,0.7510806572493633,0.49993225469421904,0.7179403322494019,0.7764039395646665,0.5062458353129551,0.6637229952623505,0.6739527892671072,0.7688520826271059,0.6996874013501656,0.7895533817984284,0.5970852096515931,0.7463660921478996
0.7006019693772743,0.523660698858419,0.604066673631779,0.6565175304045087,0.40199285461768347,0.6883929458384599,0.0,0.7111897299219339,0.6032437979294781,0.4137385741810633,0.5967373574230463,0.23763827368407844,0.8074567426689365,0.4723521901139526,0.7411378145622858,0.6749140787447103,0.5187395330605138,0.5267195154149448,0.6085291497838231,0.7316874553444833,0.6308941020211003,0.6656064923272269,0.5945330978476459,0.10458144569114441,0.41995789097887254,0.506935214125177,0.5795095577649643,0.5674702402019569,0.9406231098066513,0.5096581007042496,0.4537954983325222,0.6230953764921638,0.7732208698854051,0.40773845254125274,0.42597326978804584,0.7485604730045914,0.40093259326611097,0.31232503276670337,0.9315371738299687,0.10803459502323512,0.7019952295599627,0.8845964148009309,0.6289235060353222,1.1482289980168499,0.31288100339848046,0.0,0.4807763014610795,0.6552908726104765,0.0,0.8003936284352801,0.773867999417845,0.7891858877934306,0.6973925856069512,0.8254257726411689,0.7449981263096994,0.5950695051775576,0.3770632818420008,0.7200047495541739,0.4075990135826183,0.6327229297865603,0.7035153884789687,0.0,0.5167340502566933,0.765660782325588,0.7740414702343341,0.6968463021752285,0.7777889879149922,0.7649886210244135,0.47085919382793673,0.8030393346094693,0.6654741869429179,0.733400484677599,0.6807578000505359,0.62612942351932,0.8410198736064767,0.6772084136800174
0.8350302221333814,0.8362167395160638,0.7499509083544922,0.9882400993947971,0.927846974246703,0.7293596528354189,0.7111897299219339,0.0,0.7602942511991295,0.87083591793314,0.5330826754595058,1.0184282833334524,0.7455934745375261,1.1031383287419967,0.520814243118356,0.8133501839456064,0.47128548901417466,0.7229303680700148,0.3504783017021361,0.6584009579236072,0.6295319772405358,0.6872024067206194,0.6227799438649488,0.7250287062445527,0.7631598915820663,0.8396420796535324,0.78466398465597,0.7303220464899809,0.6518753645510156,0.6734355563761294,0.64393716130356,0.8642116657603932,0.8337444702572729,0.7774731206728215,0.6266068585467586,0.9762243794199088,0.7065845868120203,1.0991773610757543,0.9685371643818353,0.9017599620761905,0.5796451899097884,0.6914663300384609,0.8258376058577841,0.4903246288480899,0.0,0.6449870733370546,0.6338186373651271,0.8650565951657138,0.0,0.8815846232647193,0.8710409365288448,0.9200589270813007,0.9018732116638264,0.8116654710495732,0.6300692425833989,0.6938646989140126,0.950950090572557,0.8478416902487764,0.6885414889800786,0.8039706428705865,0.7259770921840283,0.0,0.5991588932140335,0.895912165144824,0.7965175512261374,0.560368203021664,0.7271377204574236,0.9091847449870897,0.0,0.9393268447484424,0.6680458451804325,0.8844326277022772,0.6787242136357264,0.7937430523964139,0.5803321039671147,0.65234487862401
0.502330312113916,0.27328181167049714,0.6133778104636274,0.5814374525206623,0.4227185371095764,0.4852857665266138,0.6032437979294781,0.7602942511991295,0.0,0.5320592803194459,0.36299924118901183,0.5571663414736282,0.36429332793635794,0.7527025071901989,0.9437990211588789,0.32756257382608023,0.3382802333013346,0.7181800605289754,0.45378796245888336,0.6465238136578082,0.6306542153137884,0.5716750695976782,0.625275196774486,0.31030604363086667,0.17980215252068546,0.39188693710636924,0.5206974829540607,0.4989112572317408,0.581028972578858,0.5105290373295115,0.3925586530270756,0.4484617808851303,0.6979118409497794,0.39590909969849675,0.3142026140615371,0.5354004990656931,0.3480531235328778,0.5304552422369013,0.8186610517879755,0.42027760831432726,0.15505788849381613,1.001721602392367,0.6991268871212759,0.9094781005254959,0.4012635475796457,0.0,0.06210416233618421,0.855127582414163,0.4830009309581117,0.9178136775911319,0.8061469024331297,0.7930928518198963,0.8027462747741181,0.6860335977519735,0.5378522077859875,0.7463835966266894,0.7049145217547903,0.7480217157970146,0.7019877308104017,0.7982143918147305,0.6534053474826782,0.0,0.0,0.693295321420727,0.8214897424293912,0.6182173944538825,0.8125503766123815,0.7502651252368748,0.4376376313892409,0.7364572196162442,0.39996961125777264,0.7551856833224653,0.6437063327870552,0.7306718242213057,0.882536594262249,0.8608133429726201
0.5577340689141808,0.5387399538968904,0.500755883072427,0.8441796177562382,0.8642145481532515,0.6354467026247541,0.4137385741810633,0.87083591793314,0.5320592803194459,0.0,0.5561200285300321,0.6693235478480188,0.6599809604602114,0.9470619561149343,0.530842576832158,0.8196229875072562,0.6575990903223459,0.5701072251887914,0.6080160732219309,0.6911914162428754,0.6864863227173847,0.9977210718607991,0.9270229713701457,0.6942119913955535,0.7037388191221855,0.6435626928209833,0.6638812196521746,0.7059805253846784,0.7197434466895571,0.529239444382774,0.6310414884273089,0.5074736178050161,1.0202157586308616,0.9647539592558166,0.34898529143725493,0.16629961461936094,0.22529820243757456,0.7394874743602132,0.19777040908848062,0.626095932148806,0.7940271753223135,0.5734615004159705,0.16643341610742377,0.39250937775335515,0.48827023428351324,0.855064190603956,0.738719898394999,0.3872295988311783,0.47834796035058846,0.44883442011748653,0.6801677598279499,0.3589277413009125,0.7097006261149551,0.4109821453021336,0.8972068272155251,0.5953210199629172,0.7558528855325781,0.6615605644881557,0.0,0.5951852818437546,0.7460129498189354,0.8671639827171258,0.5940522184878797,0.47974475557754104,0.4846952049258015,0.7324980845648038,0.5906849608257577,0.8076795877900561,0.7853971386789816,0.8699523956471438,0.7957567555059233,0.8500831466395751,0.47253439071681425,0.7918855721591156,0.0,1.0595225632634286
0.912073716056451,0.48123466874072485,0.5518224970337522,0.5992833143177314,0.36390769814911406,0.5964152731642536,0.5967373574230463,0.5330826754595058,0.36299924118901183,0.5561200285300321,0.0,0.5383129505795614,0.6009202906033894,0.5717269622155494,0.0,0.49170691966434477,0.39152353583288546,0.42317658465492347,0.10509826510885056,0.5074126944287363,0.5846687803437004,0.4433111186166869,0.48639154000111273,0.5883628012475248,0.7086577738982565,0.8659226203274548,0.5689055454712377,0.5830404454873868,0.5507377800863861,0.5118818323485801,0.46418852820558765,0.3790633750185287,0.4642852605111696,0.4945963438076937,0.40082559670057066,0.31557885754778636,0.6274379819852819,0.48862848356594935,0.5143012569335204,0.5408061243974064,0.4302714026441124,0.6106786796795922,0.4411600667669695,0.6648479879912087,0.32139157283911324,0.0,0.0,0.6462598479225967,0.47741874825351643,0.11634376454659542,0.5973433222340527,0.2734439667163888,0.5572932537523634,0.5029808345370617,0.38492624886898225,0.06565739209035718,0.4087233861669547,0.3735053844439293,0.2294173792366601,0.0,0.0,0.0,0.0,0.3779979951501833,0.5685718945480235,0.0,0.5678564369701078,0.59677725464736,0.0,0.0,1.0002107766435475,0.7640559028351362,0.3374646726365811,0.3177806521735529,0.0,0.3698152582511861
0.628658006186644,0.5777169468929244,0.6674274349922091,0.2862388737988779,0.8898670638684371,0.8114725071364367,0.23763827368407844,1.0184282833334524,0.5571663414736282,0.6693235478480188,0.5383129505795614,0.0,0.5181035306446843,0.7906089433052115,0.40786866533225047,0.7944274016415451,0.736898881765683,0.7411261147712637,0.6994229720001355,0.14596538973078,0.7744099661357333,0.42830006421779576,0.8726498091056323,0.630651150489012,0.7282124266709382,0.7194114856679196,0.74154125494338,0.7306930151750095,0.8212227677871857,0.7525004196285284,0.7012181007429894,0.3626796563952523,0.785746819756445,0.6728921723656986,0.6156462145103876,0.3924661214404775,0.5537395604020987,0.5067500239238356,0.6138607614626441,0.558484521528695,0.6748626856377377,0.20173428676506247,0.44767019009091585,0.4812086930116064,-0.14032078106550872,0.6266848215519427,0.7387569400321877,0.630913066173523,0.5129569507374411,0.44462527858518464,0.42891832314634776,0.6456753702896556,0.36066344773574555,0.6603961924035595,0.828363281938026,0.3360494684343803,0.7768229739902889,0.6150669961821483,0.5713328737776496,0.527176326167961,0.7513733947323753,0.7798587705603877,0.6628702182092036,0.6024318788693099,0.9372993701763302,0.8742592250358489,0.555606145386775,0.6154806956584082,0.6372735785988448,0.9124427077013076,0.7944430014440045,0.5837506822125349,0.7322196694952672,0.5990829312825909,0.0,0.8660069660038153
0.8387472509378786,0.5310927668729604,0.5591843024182307,0.7971427006240913,0.588804450053719,0.6355648782564498,0.8074567426689365,0.7455934745375261,0.36429332793635794,0.6599809604602114,0.6009202906033894,0.5181035306446843,0.0,0.7013998916374807,0.7355922854583807,0.7285777324599145,0.614821814250327,0.647428528989223,0.568617550642892,0.8270576647111119,0.5625334106763906,0.6856666880143221,0.6731270649384343,0.27004593870501403,0.4898697522857484,0.5558791477663712,0.6213601924089185,0.7687206666426172,1.0709472064853787,0.7471346554742984,0.6891622094147463,0.7886870434704469,0.829898144244622,0.6472405684947218,0.5211805887315648,0.7525643045800083,0.6910342414940303,0.5555634512860912,0.9840668740879873,0.29076935553579686,0.3600203357136553,0.922975593585132,0.7188199259418651,0.971039874056604,0.323434786620817,0.677214522269123,0.6482971557544226,0.8551795570630152,0.0,0.8957657364095062,0.7877098378437446,0.7645449412413639,0.7264343574661237,0.8708971604156195,0.577997376375968,0.667759390083603,0.562669151289041,0.8834694709785498,0.31698362976327943,0.69603408932712,0.6610074135291817,0.6648456570336793,0.6279518564412025,0.7751099915218265,0.7316848882433953,0.6917944571173194,0.5166566540012829,0.8560674374326774,0.5817951804593433,0.5237901108585843,0.6714540214666445,0.8598343866010116,0.8203068076231803,0.7736949786548813,0.5896608969182697,0.7817752149215955
0.9573213708830837,0.6631530090646908,0.571967202069332,0.81217498549261,0.556240217007922,0.8328404378598167,0.4723521901139526,1.1031383287419967,0.7527025071901989,0.9470619561149343,0.5717269622155494,0.7906089433052115,0.7013998916374807,0.0,0.3706257972369138,0.5608973366588283,0.49278963418621824,1.4474348436668385,0.31290586252779107,0.6567664034767526,0.8617410982044997,0.16858891919211688,0.9322086055954856,0.971796476969846,0.792592687604012,0.8551886559304078,0.8419446127586224,0.7736467614270808,0.5664172809008713,0.5401330359050136,0.576433537851228,0.5009297189798996,0.9984882529490797,1.1482082822823534,0.5544351198069446,0.35315399757538324,0.477485512365768,0.5047675747067977,0.7156617528163018,0.0,0.6641275518595682,0.6797639305400232,0.6836569582792158,0.4790089772981185,0.0,0.0,0.0,0.7789969419239593,0.0,0.6093408593228806,0.8303531340768455,0.8081241300262609,0.7578437242174634,0.5709065691079749,0.0,0.689419100674557,0.37715549384588515,1.2551890923913185,0.5362394411821548,0.0,0.0,0.0,0.0,0.7216731187982953,0.0,0.0,0.0,0.7381115710629467,0.0,0.0,0.0,0.7010778579761832,0.9970593618006105,0.0,0.0,0.0
0.6625721455733811,0.9398003938154009,0.7201111599028569,0.6018335096819429,0.8411436960095331,0.9389106038262875,0.7411378145622858,0.520814243118356,0.9437990211588789,0.530842576832158,0.0,0.40786866533225047,0.7355922854583807,0.3706257972369138,0.0,0.7965488797591362,0.5497755644907951,0.6656155754004807,0.0,0.9128767899980312,0.8990481277916844,1.2035782310560839,0.7624122314707238,0.550265776837603,0.7236605039657773,0.6917029545681526,0.8443094314668635,0.5504423212595091,0.8535988810245871,0.6118322877359104,0.8673032771859783,0.8136702778298579,0.9475241820729932,0.8069878191596267,0.8650736190634707,0.8825032737206719,0.5459653745201969,1.1307724679030877,0.7607342764165039,0.9606499503787402,0.8520704705664438,0.7753031836556237,0.7127238455757053,0.39437104137795265,0.0,0.7137781481129608,0.9354115136742441,0.6841547612182874,0.0,0.0,0.6981841700709002,0.8721985113838022,0.776716906615142,0.6014422184768655,0.0,0.0,0.590538806114751,0.7413462931835471,0.4761573901522617,0.8874909826950554,0.909114552025031,0.5647024409282286,0.8957755346357743,0.0,0.8846707743702964,0.7865870647794706,0.9503871525259071,0.9139533643815237,0.46973048275318113,0.9276580420807163,0.9178467069454292,0.8193395931315184,0.678893019409979,0.7231056452020852,0.6545097948599645,0.6934336614439877
0.8133693042059342,0.810942554602597,0.37318390594351364,0.23860199004372679,0.5066065840337337,0.6178239953368725,0.6749140787447103,0.8133501839456064,0.32756257382608023,0.8196229875072562,0.49170691966434477,0.7944274016415451,0.7285777324599145,0.5608973366588283,0.7965488797591362,0.0,0.7814291100240368,0.4152309905274991,0.5103006636977572,0.5466023163423612,0.7567293295096055,0.6298013737049077,0.855490740328502,0.7317669724058451,0.5767665331856743,0.850139909526673,0.7761125116914119,0.6646296179156872,0.6947718989179179,0.6268313890919051,0.7165675591221381,0.867123556429263,0.5357248526029517,0.5944169146468208,0.6728142026129535,0.55117928773686,0.272978055030926,0.7237722029114182,0.9350798777093792,0.7741366311758193,0.9173066594870117,0.9457586134227371,0.46758974148525245,0.0,0.0,0.5521224225287993,0.7894772082548912,0.0,0.0,0.0,0.6465161540349239,0.7708867081338914,1.0104992715609775,0.0,0.7210202271825754,0.0,0.7769253865719314,0.7546260626193999,0.0,0.7166920481377823,0.829331022414491,0.6744807698104713,0.8847309959857679,0.0,0.8624501245020387,0.7588088536820232,0.6468162131445563,0.9603967725360119,0.726207590003223,0.9123326608016817,0.8727454826719989,0.8586701880014479,0.6954378975272981,0.8427048721883879,0.0,0.7300848859860882
0.21454620757552562,0.7158341147547991,0.33780499695802324,0.6351084257391726,0.7295014878984053,0.33014751543929277,0.5187395330605138,0.47128548901417466,0.3382802333013346,0.6575990903223459,0.39152353583288546,0.736898881765683,0.614821814250327,0.49278963418621824,0.5497755644907951,0.7814291100240368,0.0,0.7064603920844315,0.5013821813107597,0.6428403646307148,0.5574776024700462,0.8667823665878285,0.6639535008523576,0.6419956547830181,0.3821746667574363,0.4657488598859899,0.5676258176661737,0.7742342462097735,0.5253614105904203,0.8386524023892241,0.533255632171762,0.8602392506115445,0.8098570909449796,0.671810402243342,0.7341027292108311,0.5471378185510242,0.3640514594790992,0.6791534395751389,0.77054035699253,0.6069385831166433,0.5329006355229342,0.8116069858888775,0.0,0.0,0.6406061279427373,0.24743963935504953,0.9415008478150548,0.0,0.0,0.0,0.0,0.0,0.0,0.0,0.8346519298028713,0.0,0.6255812261666183,0.5054879014174092,0.0,0.5887604224779452,0.6064438429851532,0.7091829499268913,0.4440747343489505,0.0,0.0,0.0,0.817318893281528,0.0,0.6261357763874533,0.7195216984214097,0.6392469107257922,0.0,0.4815745441933373,0.4835996850096717,0.0,0.6209527043962454
0.4433256273089011,0.676770712134555,0.6257464059573588,0.4661261022744153,0.1662305945527514,0.4614883112407079,0.5267195154149448,0.7229303680700148,0.7181800605289754,0.5701072251887914,0.42317658465492347,0.7411261147712637,0.647428528989223,1.4474348436668385,0.6656155754004807,0.4152309905274991,0.7064603920844315,0.0,0.7140055430619859,0.5761061664433635,0.737703449235851,0.5699726206979207,0.80564308706538,0.4324415737513688,0.41428196083887514,0.5027324110429094,0.7451936932829385,0.5628785075980446,0.609347608488183,0.5805557061893363,0.4628392829065428,0.8090250675853403,0.5343755378931436,0.6568276942221687,0.5865768223491221,0.3759053717765676,0.40762781811395343,0.5787647431623464,0.8206100426416552,0.5700529941686511,0.6706870030788578,0.6696943279097163,0.0,0.0,0.684066222218348,0.4934722700821079,0.746420724086415,0.0,0.0,0.0,0.5613548716699337,0.5191743553178536,0.614840147799206,0.0,0.7133168542404332,0.0,0.5324309908901017,0.7237008609572387,0.0,0.7870572127639215,0.7395309326813898,0.5745224930271287,0.5538301235967151,0.0,0.7092101790550831,0.640768177066829,0.4994150048584932,0.8859945217141098,0.4225438845793424,0.5925057173116672,0.5398802482940555,0.6410748033863487,0.8529081914214505,0.8917352414634006,0.0,0.7316218527018605
0.0,0.7381408134979264,0.46710075903146453,0.5763308415640923,0.5199065497316925,0.7081093654302567,0.6085291497838231,0.3504783017021361,0.45378796245888336,0.6080160732219309,0.10509826510885056,0.6994229720001355,0.568617550642892,0.31290586252779107,0.0,0.5103006636977572,0.5013821813107597,0.7140055430619859,0.0,0.495533597007781,0.7128494281623788,0.7721659150966932,0.16876075021971154,0.4463568356231878,0.8058615907289427,0.7199559242407263,0.7770192093028174,0.598638873532555,0.5885420654104507,0.7001710519303432,0.4703358574473996,0.4395813368181019,0.5479032482559121,0.5064038224093781,0.6332562455810335,0.3659248440137163,0.5109759915251477,0.48225701785420116,0.8634247445549625,0.4645617740233601,0.39203060504846055,0.4311726886352625,0.5066860063401906,0.5075418484827947,0.0205300747123642,0.0,0.0,0.42507759645433496,0.0,0.606572760651431,0.6139235916787006,0.6059896356255849,0.5188291440995837,0.6110063643980698,0.6615040705378225,0.2716791974235785,0.6773577770733884,0.5683966616022981,0.5050933701145657,0.0,0.0,0.0,0.0,0.08239740268210621,0.4823211362350579,0.0,0.44895233655940037,0.6239734603200975,0.0,0.0,0.0,0.6229268222027088,0.7264473871073968,0.533086996131311,0.4799215563476027,0.8517484562319522
0.7820046953768729,0.5828899446139109,0.4564969882685174,0.6162724838497871,0.5962439463167205,0.6666715299821284,0.7316874553444833,0.6584009579236072,0.6465238136578082,0.6911914162428754,0.5074126944287363,0.14596538973078,0.8270576647111119,0.6567664034767526,0.9128767899980312,0.5466023163423612,0.6428403646307148,0.5761061664433635,0.495533597007781,0.0,0.8262691714872314,0.7004774754669381,0.41887490815631,0.9147692869295267,0.5615837375436727,0.7956275169639522,0.6552882776346344,0.71457608631917,0.7470307020665548,0.4185853762002124,0.622861805425825,0.6377553592890133,0.5878865071712583,0.7063751340527837,0.6562536220112745,0.9376202921993245,0.8096894303353682,1.0089064335178681,0.830255890910509,0.645872865260919,0.8274134105970249,0.7915670329176462,0.9190031600688,0.8037263079013254,0.3693128225574522,0.6057156316643724,0.7393808822789001,0.8091475585193963,0.0,0.0,0.7740585708764287,0.8473406984523807,0.6820974767662404,0.6315721614313555,0.7836236116919822,0.0,0.728202670490354,0.8386923616128807,0.0,0.7773910749451234,0.8231113745111336,0.4664590408128027,0.9699377730724847,0.0,0.7539108034671191,0.7729512911487686,0.7660143774511492,0.8593095964755539,0.0,1.0446260260682685,0.6374928990171023,0.8419827306658991,0.665523515606716,0.7415081504392473,0.795909013835429,0.7266232843484314
0.462003560943882,0.7731195303394595,0.5497617743677781,1.3956203150371553,0.8512981560569111,0.7448623167727977,0.6308941020211003,0.6295319772405358,0.6306542153137884,0.6864863227173847,0.5846687803437004,0.7744099661357333,0.5625334106763906,0.8617410982044997,0.8990481277916844,0.7567293295096055,0.5574776024700462,0.737703449235851,0.7128494281623788,0.8262691714872314,0.0,0.7978370725277855,0.565409738438889,0.6499824328045348,0.6580964655576684,0.9445889687742758,0.8494144735395628,0.7148288644925823,0.7740594012996902,0.703582038690765,0.8244497623702589,0.7643827727477475,0.6375700498434803,0.6641776478167041,0.8516091570916264,0.624370899913248,0.5763355079362775,0.8254622564191405,0.9212276979400498,0.6754456144121312,0.7014833062751724,0.7917778366075601,0.7509148832401664,0.0,0.0,0.5194236951757141,0.782776142011057,0.6987802702583538,0.0,0.0,0.6994794543946149,0.5747774634352112,0.22391875066874617,0.6804067322377155,0.6779818718225092,0.0,0.7867454815582393,0.7008057181076666,0.0,0.8614987218604734,0.7885804705290524,0.0,0.656293037241384,0.0,0.7157969485375082,0.60380075626198,0.7925895996206723,0.814783360636338,0.6259067932635654,0.7040520026486046,1.0464831105973373,0.7677743672835342,0.563859634999376,0.7799299189704709,0.5722436836006224,0.5040571862214662
0.6642993554623597,0.7092230880708849,0.6215216790364766,0.610723177389014,0.5102417800212851,0.651169583851514,0.6656064923272269,0.6872024067206194,0.5716750695976782,0.9977210718607991,0.4433111186166869,0.42830006421779576,0.6856666880143221,0.16858891919211688,1.2035782310560839,0.6298013737049077,0.8667823665878285,0.5699726206979207,0.7721659150966932,0.7004774754669381,0.7978370725277855,0.0,0.9793675422439809,0.3955182725288703,0.6121029909374821,0.820169501712296,0.7158098024928864,0.7606037084808822,0.664838929854793,0.7202153549456254,0.652216267537288,0.8152478166663051,0.6782610714181735,0.8156240273492812,0.8200931272823682,0.8265671755957913,0.9591795222013018,0.43829812616612585,0.6792067343284371,0.8321494407951893,0.6632612185732444,0.7911604726578447,0.5804194723643392,1.044637044769211,0.42267727459480636,0.4367019200412714,0.6877083595211546,0.760679582129375,0.480184878299915,0.4061678194387651,0.7809130600116438,0.7943958669538862,0.6759383132873673,0.8938762745422186,0.5202698319559895,0.0,0.7675387835350145,0.9401672712764952,0.0,0.8345111821575258,0.691173609691918,0.6997574055632874,0.8460335314330398,0.0,0.7573128947155376,0.7355892432317963,0.7132100833418453,0.8734861104861357,0.9086020686433378,0.7881363123802505,0.7743254541530205,0.7246357420122921,0.7559497833551663,0.7714662178390401,0.5111989157047326,0.6629392269750958
0.6443590282305608,0.807832116745236,0.7434322452251646,0.963667585541972,0.3846246718106726,0.8132902406241558,0.5945330978476459,0.6227799438649488,0.625275196774486,0.9270229713701457,0.48639154000111273,0.8726498091056323,0.6731270649384343,0.9322086055954856,0.7624122314707238,0.855490740328502,0.6639535008523576,0.80564308706538,0.16876075021971154,0.41887490815631,0.565409738438889,0.9793675422439809,0.0,0.732663224859812,0.76305999221702,0.7321490671015269,0.6366412543499624,0.6748755720791803,0.7743376781746469,0.6961170538100719,0.6991244820980127,0.7973792013543426,0.8772513372958357,0.7968422346827053,0.8721810260147844,1.0632455488785988,0.7630944156173816,1.0892857350446212,0.8690601496629418,0.6669725627295746,0.7498660137308597,0.9457813773774073,0.8130507361224097,0.9736123755597006,0.47438705248510904,0.836747241966723,0.7691322759595246,0.3285017732729087,0.727443533891953,0.6948138264417876,0.6679754670999343,0.8378098431279997,0.6777164416719896,0.8400656904347756,0.8512114590114217,0.2727542968007317,1.0277501327255099,0.7509727995214392,0.9039274741933526,0.850713870583057,0.9523644661815531,0.48469520492580315,0.7606166205231932,-0.009959109646485553,0.8105689496805076,0.5747038915855633,0.8234772088286955,0.4157474850905653,0.37079668465051807,0.9240528691251267,0.7394455275000342,0.7550006071907321,0.6906964782485847,0.8048137233192543,0.7333260234446177,0.7333311517755035
0.5572048720354419,0.34017257087445185,0.29748099052785293,0.23451770949190542,0.6256880358336118,0.5090179941126876,0.10458144569114441,0.7250287062445527,0.31030604363086667,0.6942119913955535,0.5883628012475248,0.630651150489012,0.27004593870501403,0.971796476969846,0.550265776837603,0.7317669724058451,0.6419956547830181,0.4324415737513688,0.4463568356231878,0.9147692869295267,0.6499824328045348,0.3955182725288703,0.732663224859812,0.0,0.4571198176267133,0.6452229221228063,0.7723446423614964,0.5352724552634971,0.8230343893185819,1.0420885950421004,0.75996608492895,0.06642069297877107,0.3337368151441191,0.14047010602791996,0.5502823779963602,0.6114657130205304,0.3813712220711445,0.3610238892904812,0.5438720960656256,0.7586100799247693,0.6784679594984339,0.5557714626527621,0.4103686453917026,0.561507870661119,0.5651239575492866,-0.14690883859344803,0.6022151321304028,0.0,0.0,0.4612921518381243,0.4950000904022174,0.3779098878052836,0.0,0.33232356252525963,0.9016467547327547,0.5020257430342105,0.7115584083201663,0.419628626435112,0.0,0.3572912949265548,0.7086111959542759,0.24733453812305875,0.41661319207158165,0.4812638858467797,0.3757582862758387,0.42114111629407647,0.6885366142816608,0.6348610940105286,0.3053725693925089,0.6288761066424847,0.45615775299383754,0.3446324820845752,0.4472769198379669,0.9996541676088015,0.0,0.6744464690927388
0.34524118490023253,0.536743069732867,0.4289746629988328,0.790906142016031,0.7329966313902173,0.420903237040811,0.41995789097887254,0.7631598915820663,0.17980215252068546,0.7037388191221855,0.7086577738982565,0.7282124266709382,0.4898697522857484,0.792592687604012,0.7236605039657773,0.5767665331856743,0.3821746667574363,0.41428196083887514,0.8058615907289427,0.5615837375436727,0.6580964655576684,0.6121029909374821,0.76305999221702,0.4571198176267133,0.0,0.32198790780387454,0.7213683412650439,0.5837163124814116,0.47809280226866147,0.4981337926078082,0.4998314174518298,0.569939270066809,0.5882323501581281,0.5396999396308801,0.6336145852165128,0.5194306631681476,0.6162523509054121,0.5883027558017662,0.7852028785723396,0.5886571057899604,0.7492693956568894,0.768060927149671,0.18156082597584616,0.0,0.6442897864527333,0.464926188093755,0.6783182883474884,0.0,0.0,0.0,0.6778215996979382,0.7435366095384961,0.6821226539293582,0.39701289414693275,0.8204564838690966,0.4907553315506691,0.7683335029387668,0.44741280009567386,0.0,0.6015780534403201,0.715640090129138,0.5838624941699738,0.6169468916809073,0.0,0.8120566241959895,0.6072933380354727,0.6524821059608974,0.6063695540496397,0.5296293907469379,0.6629531794601533,0.5387741913545976,0.6030242421591869,0.7818566637646167,0.6383253443753844,0.0,0.6820710184200707
0.7443499385409373,0.6350977844510515,0.7295422583740662,0.6076401458523786,0.2919408766214806,0.7725383920525197,0.506935214125177,0.8396420796535324,0.39188693710636924,0.6435626928209833,0.8659226203274548,0.7194114856679196,0.5558791477663712,0.8551886559304078,0.6917029545681526,0.850139909526673,0.4657488598859899,0.5027324110429094,0.7199559242407263,0.7956275169639522,0.9445889687742758,0.820169501712296,0.7321490671015269,0.6452229221228063,0.32198790780387454,0.0,0.9327410515228443,0.6631300098194213,0.3238812553191321,0.3241483706265521,0.6199116601789911,0.9871624392647029,0.8054195311310663,0.7740138164643054,0.7883805027650115,0.8377851953749954,0.6916947033821597,0.729318604067783,0.8255249846584534,0.7110048104811193,1.0002305394130429,0.6785152922886936,0.4749367969525715,0.5105075498619306,0.7540202586237845,0.6503442196273157,0.8874975122473714,0.826207996816279,0.0,0.00873878084758906,0.8496056668175357,0.7275923153776687,0.6616328808991769,0.713331474738028,0.8726892264639375,0.0,0.8692142251525238,0.9758087222271343,0.0,0.9428112833101512,0.8579636273409234,0.6520791805552788,0.6159567905076615,0.0,0.7221930571506042,0.9763940483137844,0.9037844125682467,0.8319620416609078,0.6415178363721776,0.7702999159169629,0.7324772621763369,0.8218607164609828,1.1475277660354561,0.8783512994493865,0.5088989265406838,0.7742475833375064
0.873408327386307,0.7211463870033835,0.5630019753012279,0.7920394937280526,0.3926207588161035,0.9009547991664575,0.5795095577649643,0.78466398465597,0.5206974829540607,0.6638812196521746,0.5689055454712377,0.74154125494338,0.6213601924089185,0.8419446127586224,0.8443094314668635,0.7761125116914119,0.5676258176661737,0.7451936932829385,0.7770192093028174,0.6552882776346344,0.8494144735395628,0.7158098024928864,0.6366412543499624,0.7723446423614964,0.7213683412650439,0.9327410515228443,0.0,0.7430256645463986,0.7573089696211741,0.7800147266020837,0.7528831737060472,0.9338754810780221,0.9729401305630193,0.8927669584710827,0.8251722205640916,1.0831524479293984,0.9744085771549257,0.6991774876487613,0.9863851048613079,1.031855182988324,0.9063978820421033,0.9709370258008976,0.999449336125884,1.1099041759548216,1.0363668799776389,0.6827675042735504,0.7004362272738718,0.9102341000797761,1.0436864237263748,0.8727636442915343,0.8533026250413083,0.8502042496559634,0.6445455040335542,0.8557649542579131,0.9822697234535602,0.8746567480101319,1.0289747728389242,0.866925752007925,0.8184107539851966,0.8614766943107791,1.0275833739137825,0.0,0.573002378585979,0.8066080616110151,0.8818565510948388,0.8599420189489664,0.7768094601446787,0.8615219714147668,0.0,0.9656845156786316,0.7292757828824715,0.8784953610855444,0.8188974508045148,0.8896643385014882,0.6930544571331225,0.8269050154832008
0.6488827170117313,0.6684823029749283,0.6014261655042163,0.5875832403155687,0.42047409620469245,0.7007948405406134,0.5674702402019569,0.7303220464899809,0.4989112572317408,0.7059805253846784,0.5830404454873868,0.7306930151750095,0.7687206666426172,0.7736467614270808,0.5504423212595091,0.6646296179156872,0.7742342462097735,0.5628785075980446,0.598638873532555,0.71457608631917,0.7148288644925823,0.7606037084808822,0.6748755720791803,0.5352724552634971,0.5837163124814116,0.6631300098194213,0.7430256645463986,0.0,0.8566215057145552,0.679201353440628,0.631151463635056,0.7712935294903744,0.7629152176374467,0.4563537374474022,-0.06379491832526912,0.7409696219434045,0.42902122474268484,0.703432032813101,0.6338203382843921,0.2578797539111436,0.3225975761197152,0.48038185325023885,0.7888527802243575,0.9787793779794032,0.6508386282462681,0.719986731928778,0.748859550233143,0.7863236195872436,0.0,0.8488976654066038,0.7981411982843731,0.7780786081890259,0.7121750213285193,0.7968366465350958,0.6422721606922236,0.8216511710160137,0.8620410661155944,0.8618534710429302,0.41682425001668477,0.688381044000461,0.5502768510140444,0.34865750629136305,0.7621395457585918,0.8275378969204557,0.7842668577636138,0.7878185299396396,0.68479212975765,0.8475956260212407,0.2743962508355051,0.8630969912713036,0.7477972628315238,0.825530984380626,0.8256132052378483,0.7108889232501109,0.8338091786496518,0.7700321303887909
0.7772212353534396,0.6473755004756346,0.827756154906184,0.6313104109651648,0.9333423989203018,0.47671120802091416,0.9406231098066513,0.6518753645510156,0.581028972578858,0.7197434466895571,0.5507377800863861,0.8212227677871857,1.0709472064853787,0.5664172809008713,0.8535988810245871,0.6947718989179179,0.5253614105904203,0.609347608488183,0.5885420654104507,0.7470307020665548,0.7740594012996902,0.664838929854793,0.7743376781746469,0.8230343893185819,0.47809280226866147,0.3238812553191321,0.7573089696211741,0.8566215057145552,0.0,0.37457979909800465,0.6163300919280978,0.6708802015432372,0.34582616583479836,0.762217665288577,0.5961492518269598,0.7860803877803773,0.7109811177455128,0.8885900809532392,0.8335393483166109,0.7032076863265957,0.7168615279026356,0.787922015298798,0.8885690638583631,1.0182283606968179,0.4241742058082902,0.6213013381602074,0.7374028501207899,0.7367533742614101,1.4242137516626405,0.5818841657487626,0.7392654932420342,0.7015265927585451,0.6998284357706572,0.6210197740036784,0.6801808009631704,0.5049668854974698,0.7838650393591522,0.8166693644854857,0.5597362869400349,0.775479994493226,0.9235906724654791,0.48269340262292315,1.0020939359435843,0.6130307374044974,0.7867588958383689,0.8031683470022989,0.7680193368995386,0.84510116490856,0.4915424436972421,0.9190246456207304,0.7623631822274587,0.833223990462898,0.7056699652215408,0.7076285528063286,0.6630139748142173,0.6991410975631507
1.0488156544019536,0.6832179127187443,0.6437571788520252,0.4812965606453336,0.5832039539047543,0.8748078867264302,0.5096581007042496,0.6734355563761294,0.5105290373295115,0.529239444382774,0.5118818323485801,0.7525004196285284,0.7471346554742984,0.5401330359050136,0.6118322877359104,0.6268313890919051,0.8386524023892241,0.5805557061893363,0.7001710519303432,0.4185853762002124,0.703582038690765,0.7202153549456254,0.6961170538100719,1.0420885950421004,0.4981337926078082,0.3241483706265521,0.7800147266020837,0.679201353440628,0.37457979909800465,0.0,0.6679587205875646,0.6280250253008961,0.5153260821434187,0.8127572864111883,0.4413458285868281,0.5640101658885146,0.3201220076436584,1.06010121071356,0.9409005470633147,0.5084797686616374,0.6145225722116082,0.82790763761696,0.823712973004503,0.30524275470397877,0.0,0.0,0.0,0.3173906743292283,0.0,0.0,0.6613848373740527,0.8921144464380246,-0.06176675965799297,1.1728271828458232,0.5339972460828091,0.0,0.0314384634236928,0.7027151207346591,0.0,0.6372499079787579,0.0,0.0,0.9726029720930918,0.9354019760031143,0.6873458317400447,0.6657157507204511,0.8747691628296675,0.854346691061822,0.0,0.43263905496700417,0.4863990791735044,0.8681035947593414,0.7025889866488172,0.6211569003440325,0.7538139863444626,0.731541363151369
