0.0,0.022934220478163125,0.05679410587674799,0.0,0.009952576627650866,0.030926476950645043,0.020369139831964533,0.02546949836633805,0.0006740913538797466,-0.0004519334587296808,0.0354168998327255,0.006334401016692082,0.017228436025884142,0.04195825442946688,0.01646242555357852,0.008820433364041369,-0.029906178049573073,-0.01842896311062686,0.0,0.015532144595965414,0.005111422462556192,0.005227058645712879,0.002008166831179048,-0.013921013635954382,-0.02280310627880261,0.0039814176785174515,0.02586318627905293,0.006777966028089999,0.021144403379814714,0.04594581921912777,0.03059547038334448,0.040357517077857286,0.004064452844331545,0.03803825238434588,0.03358268948263593,0.04892135819294158,-0.0013453296220325983,0.008775100146710624,0.026589452592378215,-0.018156275987457393,0.049945606864588155,0.06803764690073155,-3.342352321911157e-05,0.0,-0.011473492272607966,-0.001648937685056917,0.02022820190406127,0.0,0.0,0.0,-0.0013521926144237084,1.1102230246251565e-16,0.014663860023941377,0.0,0.00020334178064773667,0.0,0.0013448884224561142,0.019719661468599325,0.0,0.007379229805966225,0.02446891416345426,0.01642744153322706,0.015389058810344747,0.0,0.006051293973117822,-0.09979448767821592,0.018419911610557838,-0.007147782952295678,-0.17529742531422715,0.020570672793446543,0.0196172040362807,0.007903305077361422,0.0006148580975453011,0.007025250928761828,0.0,0.016599522191489136
0.022934220478163125,0.0,0.0022544273660776715,6.66326054293842e-05,-0.026930718485255967,0.003519592512464753,-0.003901288721015028,0.024856420401076607,-0.0320208044735949,0.005482477249548423,0.00607785875163902,0.016912558722583237,-0.007194647077487348,0.013281988956632462,0.034922531261193324,0.01768426174152654,0.013539322839425272,0.00321752978620532,0.01119194002411561,-0.003994934987171794,0.020120307473236176,0.004756448229898291,0.016786320463079096,-0.020060520172051066,-0.000644288222976408,0.015868864140580086,0.010514561842721926,0.01520680896906662,0.016657332964316485,0.01974999570105046,0.017042917686788783,0.035149963943813534,0.003743351683420326,0.027130109331529095,0.03448856906668796,-0.00388328098221552,-0.0019433184600882725,0.0,0.023632034679926528,0.026608636965877286,0.029497720019723173,0.029834188456025368,0.005197012626263431,0.0,2.220446049250313e-16,0.0010686151413029088,0.010663685346262997,-0.0006749728048610071,0.0,0.0,0.018927124368049886,0.012023360757586865,0.00765175486949482,0.011170888273115132,0.02308352822933102,0.0,0.01831956264641854,0.018792860170293302,0.0,0.016869039097153538,0.01871548439773213,0.03434138507847795,0.0327601137253038,0.0,0.018020117505696043,0.04023059307658622,0.0016444503242102892,0.032352823208622705,-0.00047126826511284525,0.03135017276617519,0.02184386943693095,0.02358480607572283,0.01886076658125435,0.01611761460770711,-1.1102230246251565e-16,0.02130726485655804
0.05679410587674799,0.0022544273660776715,0.0,0.01619163895751713,-0.010334929595110343,0.024645653588054872,-0.0010392032712416843,0.008307876627233424,0.02431782235085589,-0.01180627806384038,-0.009514419271757613,0.004716914491435631,-0.014443030397862822,-0.013969139730871771,0.02687137591982791,-0.01595494020493554,-0.03061692767323415,0.007173983935505557,-0.012058778273590476,-0.001369971276744042,0.002140565308534126,-0.0020578949579603822,0.020138493127117962,-0.028685724128489465,-0.024509390522272856,0.017714998254727166,0.006061729597063248,-0.012478500699736883,0.028783268978603893,-0.006271195673467678,-0.022924180268535488,-0.018754853699440688,0.022003857893614198,-0.012737772828221305,0.018818075958960512,-0.012964571550977244,-0.0037823925074782494,0.022476105359201415,0.03046991842514446,6.84528329908396e-07,0.056374059633195195,0.07826377423585856,0.023053769991643602,0.0718014968095041,0.0,0.0,0.00019353004409944363,0.011526684415286703,-7.507012654728307e-06,0.039038748018228375,0.03332477188010652,0.03381074102512882,0.0366411439285681,0.039534450557972445,-0.0008786497666293802,-0.05074950165858716,0.00868600828730648,0.04723761106648938,0.03634894115134757,0.00042430415114885767,0.0,0.0,0.0,-0.06236135736411763,0.011873557342200802,-0.0034030528754609435,0.0006994724794611162,0.03745906918912301,0.0,-0.00020132004016781835,0.025832319719952535,-0.007592638657836215,0.016401399154345242,0.041110893173631424,0.008173778614888882,0.02641970416097905
0.0,6.66326054293842e-05,0.01619163895751713,0.0,0.02659737847286886,0.01912221152570076,0.024924643945140268,0.07609906355816831,-0.009667258171750404,0.12005492608484136,0.006828699490393941,-0.018348268301267623,0.0453626763727395,0.05671242054794784,-0.003603539188583138,-0.0015224965260760004,0.006587961905737405,-3.4184601102160705e-05,-0.002247904337536133,0.0022706734455830158,0.04330817545842236,0.004802809054827495,0.028222559015269433,-0.01367902901800494,-2.9859689216760188e-05,0.0031027463657687937,0.017830364254873887,0.030597738888274245,0.012579580353407116,-0.0023421699840504018,0.02091438173123117,0.017748335485930855,-0.009133346331443304,0.03497501370657752,-0.030432938315140656,0.029476162004297063,0.01807480415791171,0.01802296355035693,0.00821516208351808,0.0006220761502648275,0.034350117079569364,0.014767177096439543,0.033741302900558046,-0.018519271691374295,0.0,0.0,0.0,0.0020034437514266368,0.0,0.0,0.011866685093387619,2.220446049250313e-16,7.823601163337024e-05,3.208508469998428e-05,5.551115123125783e-17,-0.004155877509446293,0.0015308909970231377,0.0009286758150708896,0.0,0.0,0.0,0.0,0.0,0.0,0.0,0.0,6.898063147292577e-05,0.014162192644726235,0.0,0.0,0.0,0.014822751957621172,-0.00448140354018256,0.004150006778388782,0.0,0.0
0.009952576627650866,-0.026930718485255967,-0.010334929595110343,0.02659737847286886,0.0,-0.015356795794962685,-0.014423751290053577,0.04593258190274535,-0.007460455853879444,0.030322956830707737,-0.015346565746100493,0.05444497972693901,-0.009008198368753995,0.021838976242155195,0.016201148298088663,-0.022836032216032143,0.009998186551163135,-0.04550239044454851,-0.011798236823193586,-0.003016856238002963,0.024837908030617528,-0.0095838058961078,-0.02332755419828264,0.010596615258179565,0.023320354101494578,-0.03886794319020004,-0.023533616271854962,-0.017924531146469747,0.04330757861355716,0.001308767057949467,-0.017009142492053153,-0.009435869688152354,-0.011661171838110274,-0.01162253808881164,0.006241255712070015,0.01809515142293483,0.08111403079605611,-0.0112818213806955,0.0470877670431617,-0.007308260905227071,-0.0036983782559927847,-0.0074608969869232045,-0.04346764205918696,-0.001195804788415411,0.0002211353277533079,1.1102230246251565e-16,0.0037424066392446886,0.03047332645245382,0.0,0.05227642235930885,0.06205371986485214,0.061691739159390746,0.03094389062726466,0.03347741331461618,5.551115123125783e-17,0.050862672422118727,0.009265746882755443,0.06923985435629076,0.024005109986476814,-0.0015738145435217343,6.100865811237144e-05,0.0,-5.551115123125783e-17,0.02556711524689559,0.018788568429784436,-0.00046167713150796486,0.009625688264607302,0.01838569490184183,0.0,2.194680474398858e-05,0.008686349522481929,0.014515417559205601,0.023665568547884153,0.0104380973655116,1.1102230246251565e-16,0.01982910586914366
0.030926476950645043,0.003519592512464753,0.024645653588054872,0.01912221152570076,-0.015356795794962685,0.0,0.010473171467388132,0.01647825612007392,0.001358921755700404,0.0015283175196508236,0.005474526214058195,0.01070088133009972,0.0028451629243495535,0.03772589891138728,0.03756004751212089,-0.00041929768722887006,-0.022210087522123112,-0.02109491204187891,0.01290909816028707,0.01038892966048166,0.016538893824874223,0.016857530507037866,0.025804261947035723,0.007701812796569951,-0.022959121541167138,0.014593932940705379,0.02956012421507015,0.008953518356711154,-0.00012873349101416576,0.02398784574274182,0.0030817630397009244,0.007771771761933166,0.03360052616194209,-0.012358370996981949,-0.002594474256043755,0.027024312773874015,-0.0013777911170672064,-4.596192849876113e-05,0.03746965203453834,0.013692220256428467,0.005014082252037921,0.04035620478844282,0.045702821292393614,0.04388854637327616,0.002870202088049667,0.002048214372515067,-0.005595264704059355,0.030981171553779996,0.011449462878466155,0.0342069341995177,0.017131437048948095,0.026523453596279167,0.019572330943351313,0.0316381396360611,0.03263343817957021,0.017640667521912734,0.037427599557614544,0.027456911881025947,0.014015566443557004,0.01943788806202973,0.006065330748580788,0.0,0.002832096193784661,0.016842341604269118,0.01988871319520058,0.012545356890919679,0.007585031156716215,0.022202760625490203,5.8000704185101615e-05,0.013516974032395379,0.007914129329012531,0.020500797916983338,0.017131597291047018,0.022727533380387688,0.010007558991780019,0.025920879911240646
0.020369139831964533,-0.003901288721015028,-0.0010392032712416843,0.024924643945140268,-0.014423751290053577,0.010473171467388132,0.0,0.024224563472855287,-0.0029753905190842977,-0.01862474259232988,0.003644951204552771,-0.022561717996738284,0.011692073658649937,0.010805019244891134,0.016740903078930114,0.005605144936271067,-0.014907404337047903,-0.012741326330537428,0.0049101688705377455,0.017841172055969245,0.015850521063403455,0.012473887753537027,-0.0027887141757412803,-0.041284371294063704,-0.028214019964150017,-0.02288512292274314,0.0016900140950856235,0.001468586300050534,0.04089227457345723,-0.007009708109280144,-0.01490992142005354,0.003431553920795749,0.03155459000787375,-0.008724734002983126,0.0035074152912876744,0.017876688930474116,-0.006637556243912046,-0.034478274239422735,0.046585398722186366,-0.03108884205522905,0.05423993082232109,0.05818580607011975,0.01579949159258376,0.04717335878591916,-0.014739922470969835,0.0,-0.010995974460191626,0.031052523448507507,0.0,0.038993696436976866,0.023117272862704874,0.02304057044634167,0.018819949810921388,0.019982672730554207,0.009560942061699829,0.015092252740397438,-0.007161563288998807,0.025115482806047584,-0.003821175842556701,0.02375776061539331,0.010878876555688033,0.0,4.74506599112412e-05,0.01870475373766789,0.012000822198749761,0.01576446161100259,0.009142305356878488,0.022811368094428297,0.00010545869928524354,0.010652771588758825,0.0031427837087273924,0.022286346990427364,0.01557962471604063,0.010320816702464652,0.007259742814065384,0.01750689152858831
0.02546949836633805,0.024856420401076607,0.008307876627233424,0.07609906355816831,0.04593258190274535,0.01647825612007392,0.024224563472855287,0.0,0.018285268351441175,0.03940896850851888,-0.009712867790408919,0.05687620422507794,0.017198816442575038,0.06417417094151845,-0.011004639409855299,0.014914613294738033,-0.0031956685947401864,0.014569822645646657,-0.05645825476235711,0.016332109132678685,0.007265982448056041,0.01292805364940719,0.000747435290998244,0.02754716876250307,0.02174697910526785,0.02948719245636955,0.01952233318304908,0.015504979768152849,0.018858003507958854,0.010873679672244008,0.004096118552273431,0.04506415789004553,0.052668353117606814,0.024909059051059834,0.020222644037405202,0.07404421091058522,0.0744387349776971,0.09720373858319781,0.04490227337071723,0.04280050574441674,0.0226741340745642,0.019059300050166483,0.06062807349978755,-0.004835950431431368,0.0,-0.00043136321663200805,0.019273773527679505,0.03635957612975649,0.0,0.06301374627452322,0.029689877386607666,0.0444752418491805,0.07904381080613132,0.03128544063907268,-0.00013733638510238233,0.03366975688060603,-8.636878837392503e-05,0.04457829715655398,0.026675703112361615,0.02767683323093989,0.013747411801844467,0.0,0.0002857809984107007,0.038218199646569695,0.013376248281316616,-0.017138290680550228,0.018257946851394757,0.04218716579236259,-5.551115123125783e-17,0.03224571104853785,0.016664741445241993,0.03589372662045304,0.01590675581748391,0.018347464953242743,0.004974766154993315,0.025875497779754397
0.0006740913538797466,-0.0320208044735949,0.02431782235085589,-0.009667258171750404,-0.007460455853879444,0.001358921755700404,-0.0029753905190842977,0.018285268351441175,0.0,-0.019460968572996618,-0.014372063539231206,-0.005604898689232474,-0.04106970580537456,0.03092011849461379,0.021373880563564096,-0.04549233795954066,-0.029438149332084107,0.017271886129291758,0.008934978484661904,0.005479189422952002,0.018132423884856197,-0.0021695436514121424,0.0007346791666825725,-0.04372925937597194,-0.06412623917199334,-0.041655356390109644,-0.0005296556532375929,-0.02676329955284007,0.009665151132044747,-0.02173985507416193,-0.04721051871712484,-0.03426887709727772,0.009568995771185418,-0.04328861215210433,-0.048478874581969644,-0.01584977642159152,-0.04082089542567263,-0.01811952986340376,0.03946866241437397,-0.0030601066212751493,-0.0655492490862622,0.10847033608196971,0.02425246215143323,0.07492624998992475,-0.005874562868583566,-5.551115123125783e-17,-0.044894893795812796,0.03240734020174085,3.6064040789263174e-06,0.03782015198565791,0.02073809920172842,0.015134915804088878,0.028141635497257345,0.014274701424288438,0.020104885334499556,0.022510311552687456,0.024103600122743818,0.021827889905014386,0.018202843050776518,0.02025840915815219,-0.0003104381752134233,0.0,0.0,0.014557876625860833,0.015077374036622293,-0.003692762879273892,0.011692348416446285,0.015129086458666063,4.438517929983288e-05,0.011874737258201484,0.0007615086948747907,0.02299728170399229,0.013754375273102082,0.012732831085718821,0.028495849188983513,0.025341306430835764
-0.0004519334587296808,0.005482477249548423,-0.01180627806384038,0.12005492608484136,0.030322956830707737,0.0015283175196508236,-0.01862474259232988,0.03940896850851888,-0.019460968572996618,0.0,-0.011775367496916156,0.017454581419752924,0.003000107096876148,0.08682823286376379,-1.7372399987114484e-05,0.03468119694452876,-0.003279058721143535,-0.001171266917823932,-0.004569550271973977,0.025175634309475337,0.00029919910414150097,0.06758747719092756,0.04402776503603345,0.01877861752990717,-0.004709708752772046,-0.0030189570585074654,0.016917676212980903,0.005061526492666779,0.02187087038025881,0.007033811534216339,-0.009045640106212172,0.009399708207109503,0.04244870995335842,0.039389348099168386,-0.01906885785363671,-0.06384018960664328,-0.035818912970366185,0.03396463364456237,-0.06145312591428087,0.023586513353941463,0.03701796526075862,0.04060855520536255,-0.05283440137045958,-0.004065062388963758,-0.0034776431489090265,0.01775704760377622,0.026872293766926847,0.0003940301651098599,2.0477661959006355e-05,-0.0011787293908472884,0.018068730168196268,-0.014603203415894606,0.0029127265569296457,-0.001463863035489843,0.05202677001282391,0.015711901572907472,0.02527605368031327,0.00819600222595851,0.0,-0.0006579004043932857,0.022339307700062982,0.04503577909902773,0.0077878258865520245,-6.731114794822357e-06,0.00010936360635804832,0.012056108950549038,0.010287067764339464,0.014804252411680374,0.050334142911172775,0.04753112946618593,0.02877883992511282,0.022853047878563015,-0.013430769713675128,0.022246329918705232,-5.551115123125783e-17,0.057426195098672694
0.0354168998327255,0.00607785875163902,-0.009514419271757613,0.006828699490393941,-0.015346565746100493,0.005474526214058195,0.003644951204552771,-0.009712867790408919,-0.014372063539231206,-0.011775367496916156,0.0,-0.0030570053510064477,0.004994626467163754,0.0022086661684906916,0.0,-0.00021260852350446502,-0.023582886261680536,-0.022746460863670548,-0.05411370130982421,0.00012672589057904915,0.007076575943368357,0.003693040450490459,-0.008436758358964569,0.0011609877965962356,0.011698851283159784,0.025329875425931847,-0.005859222130849107,0.0002017254363808063,0.015562381411306059,0.00044028969217224656,-0.019696365996684728,-0.024990618474447168,-0.017280256105355274,-0.0212618571760686,-0.02420170894983381,-0.048861739397182025,-0.0013393407691076886,-0.0162821010080883,-0.005877204056106866,-0.0001366544354305388,-0.023321986474282685,0.006014786439762776,-0.031428200079458846,-0.001431367860195376,0.001443761849341585,0.0,1.1102230246251565e-16,-0.0006288442026276542,6.983361550139122e-07,-0.0763003380557199,-0.00399540342546717,-0.04835550740678918,-0.011033342694840853,-0.04511106991428121,-0.015474178148704665,-0.10852414832337304,-0.003943312273585853,-0.03860733428478913,-0.07007645586788003,5.551115123125783e-17,0.0,0.0,0.0,-0.03582590286896281,0.00741201134689129,0.0,0.00023979977000881947,-0.0017342604370676473,5.551115123125783e-17,0.0,0.0009231190328287675,0.0193830720082655,-0.03931008169337191,-0.0026563537306045215,0.0,-0.04194477316597289
0.006334401016692082,0.016912558722583237,0.004716914491435631,-0.018348268301267623,0.05444497972693901,0.01070088133009972,-0.022561717996738284,0.05687620422507794,-0.005604898689232474,0.017454581419752924,-0.0030570053510064477,0.0,-0.005017044117253455,0.053584818420623404,-0.005059526594713315,0.013006888133046846,0.0018583461844312588,0.002307499868193119,0.0037339660124026675,-0.03843851513593344,0.020085796486532748,-0.006267845401518479,0.05144001512559071,0.015985696095697943,0.00704002580594093,0.033525801616714146,0.014274244192780783,0.017548852780981672,0.02771255395389982,0.055588874815793665,0.014992895921319138,0.003605169899317473,0.034947345553550835,0.019591049067590405,0.012955111933925012,0.004291467263221327,0.02375301447189937,0.029244314838009433,0.02335324299728514,0.01769585982712335,0.037188593077523535,-0.030599358703906898,-0.004499420727188064,-8.792883943703478e-05,-0.13295100081330846,0.007744893937248198,0.024175204005563333,0.007189996006238597,0.007359718286145983,0.007902896881210264,-0.0006640438066898846,0.016972365674601475,-0.0003545883544266992,0.007051955406099153,0.030960997310610028,-3.841848423535854e-05,0.015727551429576325,0.0061688295485547995,-4.4122410430336156e-05,-5.806190362472874e-05,0.0283204050326073,0.029118725658094702,0.004492559628725024,0.01138430744097546,0.0059390093993966775,0.012640964900512697,0.0008127902610424731,0.019560583394673148,0.018968874432429172,0.04146994625553285,0.023935423130589717,0.02942114033981874,0.020115666695243783,0.00536536698196316,0.0,0.026951289304301795
0.017228436025884142,-0.007194647077487348,-0.014443030397862822,0.0453626763727395,-0.009008198368753995,0.0028451629243495535,0.011692073658649937,0.017198816442575038,-0.04106970580537456,0.003000107096876148,0.004994626467163754,-0.005017044117253455,0.0,0.03236882733962859,0.014325035590781299,0.008669618960799597,0.0011115548258003871,-0.004486426273983213,-0.007394553521181846,0.01979531074812585,-0.004610776912420678,0.014422363671404537,0.0003946346406453749,-0.02294431108911893,-0.02538906384963663,-0.016927913637652725,-0.0015789258707771814,0.017858160581955496,0.051297069047289146,0.0234465044191991,0.01933462919806833,0.01802733161670944,0.029803258769511787,0.008128928973527405,0.008421829975843176,0.02274714142994977,0.025683929110243697,-0.00010209616155137935,0.06650471242328537,-0.028976626842999065,-0.023983839151116293,0.09827398487653322,0.03319156491447384,0.1058415663563288,-0.017689027695505843,0.0024208373446272247,-0.004214558994089457,0.025184478994051074,0.0,0.024974292383077135,0.020071517227017166,0.019013354727399956,0.018790560521040334,0.02559182384357428,0.000652854419883997,0.019678264420781688,0.003555812654796431,0.031507539221491465,-0.006432623632874168,0.01653494623382823,0.008335690774460502,0.016179304979002496,0.008730468964311622,0.010372624955310772,0.01454288216989924,0.004883752024906207,-0.01811578002508546,0.027289732039612047,0.004723160785698177,-0.009468921051174028,0.009687518783089766,0.027145578471613085,0.024808939184822354,0.019012887115501143,0.007995634240807625,0.02741435647461199
0.04195825442946688,0.013281988956632462,-0.013969139730871771,0.05671242054794784,0.021838976242155195,0.03772589891138728,0.010805019244891134,0.06417417094151845,0.03092011849461379,0.08682823286376379,0.0022086661684906916,0.053584818420623404,0.03236882733962859,0.0,-0.009705820890492434,0.0014989801493494048,-9.383610387686536e-05,0.011189953539409436,-0.05048460816837991,0.013779001376786615,0.03563061293014752,-0.005976213684346754,0.040225875220206264,0.04682973630175141,0.03087342946912358,0.04086682454841034,0.02541901365532795,0.06662927839954058,0.03312808633905595,-0.005365314736403726,0.0012716017402769064,0.0418368579398572,0.18404860932284633,0.09777189226640703,0.04613855557296648,9.034277395481016e-05,0.023225764279208833,0.02027256029530916,0.0222168490215382,0.0,0.002958780341802081,-0.0009197327864610139,0.017481802647745348,-2.010159754095575e-06,0.0,0.0,0.0,0.04155393129584778,0.0,0.015530704629414582,0.05129551725970316,0.03779104207134382,0.03290264848723368,0.016100423557809107,0.0,0.0291100378607847,-0.00047305585707640985,0.06159807260708133,0.007676782648857128,1.1102230246251565e-16,0.0,0.0,0.0,0.0420116834550438,0.0,-1.1102230246251565e-16,0.0,0.02739934050863102,0.0,0.0,5.551115123125783e-17,0.030742585905272735,0.02133359055148465,1.1102230246251565e-16,0.0,5.551115123125783e-17
0.01646242555357852,0.034922531261193324,0.02687137591982791,-0.003603539188583138,0.016201148298088663,0.03756004751212089,0.016740903078930114,-0.011004639409855299,0.021373880563564096,-1.7372399987114484e-05,0.0,-0.005059526594713315,0.014325035590781299,-0.009705820890492434,0.0,0.017488013630718224,0.002434884123397596,0.012676210746090544,-1.1102230246251565e-16,0.03768912277890596,0.03224045099531059,0.07766655682057116,0.013628259478203897,0.006608222731679381,0.02308221045835479,0.010868204025072492,0.02944984876659229,0.0016449072954361488,0.03053215925854058,0.014033769838282861,0.023379305271733652,0.027545875586470592,0.04078279779034888,0.030068188174766974,0.03488222552294823,0.03354308717129589,-0.0004492987176581975,0.039700250117310265,0.03208550675551858,0.04271657483118285,0.03363817668716307,0.035009838091012324,0.0436499220643457,-0.007423776407346261,0.0,0.0068719031524447916,0.03298622897711012,0.012506748743904561,0.0,0.0,0.023669007590575553,0.015202485902900964,0.03509168955965719,0.002440918399306269,-5.551115123125783e-17,0.0,-0.001195883026325284,0.021855379442925427,-1.1447515575135903e-05,0.0450978024611004,0.035861094953641814,0.0004001449153913095,0.015557055639726258,0.0,0.025093812754997058,0.019570725171500825,0.029967926591974003,0.03355011131008634,-1.4131275440476543e-05,0.036375431499200916,0.041453116288415304,0.027667916761822675,0.013585672939934235,0.020002843543034443,0.016191989777403215,0.019596113775720903
0.008820433364041369,0.01768426174152654,-0.01595494020493554,-0.0015224965260760004,-0.022836032216032143,-0.00041929768722887006,0.005605144936271067,0.014914613294738033,-0.04549233795954066,0.03468119694452876,-0.00021260852350446502,0.013006888133046846,0.008669618960799597,0.0014989801493494048,0.017488013630718224,0.0,0.022206513164483466,-0.03304929721320393,0.00041962145534635287,-0.007746143106819148,0.008167474662421736,-0.005006981515870035,0.018469956912006535,0.00919088316378086,-0.01044570355043617,0.020055622269662732,0.012749341907154876,0.005510521466351892,0.008828424770303933,0.0066740109781801005,0.0046079206678292794,0.02617649296497221,0.0038799665283427154,0.01232911001826037,0.007726778069279572,-0.003580548227471614,-0.00955859631368805,0.024965831083307077,0.02642531929989922,0.027189770888725873,0.034426587557030375,0.03802770980941056,1.4926686882743567e-05,0.0,0.0,-0.005693192093904509,0.010893899570428356,0.0,0.0,0.0,0.005622920714550506,0.010085388603750245,0.015075552429691663,0.0,0.024464928000434927,0.0,0.029329475719047482,0.012014612237158162,0.0,0.010780336078379915,0.021703941021005035,0.02290265918939044,0.029504646303697424,0.0,0.030556974895932454,0.011308260202747056,0.0006666051638181125,0.04203129507979225,0.026351485190933832,0.02710170220384034,0.01887855354237583,0.027403515612392404,0.012061484695271907,0.02286715998568123,-1.1102230246251565e-16,0.02018510426608905
-0.029906178049573073,0.013539322839425272,-0.03061692767323415,0.006587961905737405,0.009998186551163135,-0.022210087522123112,-0.014907404337047903,-0.0031956685947401864,-0.029438149332084107,-0.003279058721143535,-0.023582886261680536,0.0018583461844312588,0.0011115548258003871,-9.383610387686536e-05,0.002434884123397596,0.022206513164483466,0.0,0.0010627249423579843,-0.020834605960534158,0.020852458002917018,-0.002571149384917093,0.02761049856958331,0.010067001813632626,0.0014559770831327201,-0.025900320350236594,-0.014262540175450311,0.006683937698897691,-0.000553135083151135,0.013879385824681512,0.023652339608932038,-0.013986673182954323,0.022282445971045506,0.019306363156562978,0.0039410491919039115,0.01713380695449168,-0.010685855109373643,4.139129965519128e-05,0.03283464260531066,0.02615116329022127,0.028072161117147276,0.009301915190251031,0.022448939836856308,-5.551115123125783e-17,0.0,0.02726738754268615,-0.05809495176410562,0.041411182799464485,0.0,0.0,0.0,0.0,0.0,0.0,0.0,0.04345273046555048,0.0,0.017027951147757625,0.0035044598286669837,0.0,-0.00016674397006249952,0.02861290338124539,0.022812825284228844,-0.00777271882146463,0.0,1.1102230246251565e-16,0.0,0.02594193212500734,0.0,0.000628514399713398,0.01900654179979805,0.004225310989742881,0.0,0.002250175477072236,8.995669975098153e-05,0.0,0.004967924397654755
-0.01842896311062686,0.00321752978620532,0.007173983935505557,-3.4184601102160705e-05,-0.04550239044454851,-0.02109491204187891,-0.012741326330537428,0.014569822645646657,0.017271886129291758,-0.001171266917823932,-0.022746460863670548,0.002307499868193119,-0.004486426273983213,0.011189953539409436,0.012676210746090544,-0.03304929721320393,0.0010627249423579843,0.0,0.01055858228590928,-0.001254175279180647,0.011643879540787105,-0.0031120836624315418,0.02183343412764094,-0.023202080008625392,-0.026930078382131628,-0.010456389654698917,0.008126775217790205,-0.004252268140792159,0.006778867428780644,-0.0013458678697095827,-0.012963043290785459,0.01741626945062169,-0.0135891437320253,-0.0010589150160909555,0.006847476370199668,-0.023584645767181833,6.898418891670977e-05,0.025843691510934408,0.018413270207885524,0.010360347525997238,0.020851194975521625,0.013868664976884604,0.0,0.0,0.018121243001930132,-0.017475393628969882,0.012450396120824991,0.0,0.0,0.0,-0.001680598455406468,0.0002909284700045034,0.0009708774963783084,0.0,0.020069585156746617,0.0,-0.004154292299112461,0.007764670924337025,0.0,0.017386983226647,0.01706257020852303,-0.0003264022683839296,-0.0008430498635117467,0.0,0.023103190014916952,-0.008289535956200578,-0.010558786634172423,0.01072085625290814,-0.025538421095778974,0.0011301476162693946,-0.012720031669006204,0.006727910260077186,0.015465792318421157,0.03355069323890253,0.0,0.011932098680016157
0.0,0.01119194002411561,-0.012058778273590476,-0.002247904337536133,-0.011798236823193586,0.01290909816028707,0.0049101688705377455,-0.05645825476235711,0.008934978484661904,-0.004569550271973977,-0.05411370130982421,0.0037339660124026675,-0.007394553521181846,-0.05048460816837991,-1.1102230246251565e-16,0.00041962145534635287,-0.020834605960534158,0.01055858228590928,0.0,-0.00098585610673535,0.008979541355641774,0.010197154944263265,-0.07349501860543772,-0.016020636701815805,0.017855370165635376,0.009638105407703268,0.025027764214614057,-0.009961589803683557,0.004055804177251987,0.004603567492725447,-0.03028751465678836,-0.0338158289925119,0.0013143692358506542,-0.022514361925943194,0.011726803011345543,-0.048629143293896726,-0.006789417324373659,-0.009050933736029998,0.03496768658169375,-5.350754881278119e-05,-0.007901877850179762,0.009558976223515592,-0.03754301145368533,0.0004962755402962982,-2.1971726988090357e-05,0.0,0.0,-0.09047600242284709,-5.551115123125783e-17,0.03127985621731322,0.00512155367800371,-0.004822057715629824,-0.019772322641082862,-0.01200630746683562,0.0002775166255647443,-0.1309084911658137,0.008596598302481717,0.0017180623771425596,0.0021915018858155166,2.220446049250313e-16,0.0,0.0,0.0,-0.21611841801862297,7.743528880205242e-05,0.0,-0.0002516442958117593,-0.004768313777470223,0.0,0.0,-5.551115123125783e-17,-0.004044141931813905,0.011402936885941295,0.008470737569830633,0.00026696266916681477,0.027974868269697306
0.015532144595965414,-0.003994934987171794,-0.001369971276744042,0.0022706734455830158,-0.003016856238002963,0.01038892966048166,0.017841172055969245,0.016332109132678685,0.005479189422952002,0.025175634309475337,0.00012672589057904915,-0.03843851513593344,0.01979531074812585,0.013779001376786615,0.03768912277890596,-0.007746143106819148,0.020852458002917018,-0.001254175279180647,-0.00098585610673535,0.0,0.024996731867444943,0.011897366536669007,-0.03514857922963538,0.04628080321418887,-0.009184462795401915,0.022082136012556486,-0.0003161860154862195,0.009250674701868966,0.011513933624538786,-0.04121566358444029,-0.0018915560172335644,0.008857884175413167,0.007956710437518222,0.008598620985934724,0.0027668639435801112,0.023178796876566765,0.02685091705191761,0.04657061776344956,0.03528119866395435,0.009495066030216326,0.025462953670727928,0.028683189864816494,0.05724132129173548,0.07044667296965029,0.0005582244327280161,-0.004656544360631232,0.013369459264273242,0.026692047234943228,0.0,0.0,0.033074328863807956,0.024125646412592294,0.005029184004051113,0.011614155211803312,0.00016360396737991056,1.1102230246251565e-16,0.010694716252064196,0.02738948114454881,-1.1102230246251565e-16,0.014772572412591667,0.03737072320071977,-2.3745137380737358e-05,0.037828532944883086,0.0,0.016929851561374498,0.02436766676025176,0.01587329678199434,0.03549158277038561,0.0,0.045528130017760515,0.013280387322588294,0.03371237033552382,0.02047401165274204,0.021066726332975128,0.028313749838371538,0.019804705483592366
0.005111422462556192,0.020120307473236176,0.002140565308534126,0.04330817545842236,0.024837908030617528,0.016538893824874223,0.015850521063403455,0.007265982448056041,0.018132423884856197,0.00029919910414150097,0.007076575943368357,0.020085796486532748,-0.004610776912420678,0.03563061293014752,0.03224045099531059,0.008167474662421736,-0.002571149384917093,0.011643879540787105,0.008979541355641774,0.024996731867444943,0.0,0.024156658112597873,-0.0078034511724023314,0.016846197290686482,0.018038610221198514,0.03036448425013233,0.026273404410767198,0.025136718063027363,0.0338147992519392,0.018721522072459806,0.025209228605385603,0.0359358087147289,0.018117555328183876,0.02347474145677747,0.04057877512500485,0.02300056088474184,0.010811382561823069,0.03086687343401695,0.04357751062505788,0.012231275286949339,0.03183424036826071,0.04148461974211526,0.02049435201591243,0.0,0.0,-0.012360745107966309,0.019066670145585163,0.007062545887383032,0.0,0.0,0.016228615365756205,0.012052408275338489,-0.10446717512837361,0.007137101969610704,-0.004976856117461459,0.0,0.0022702898270459126,0.012574627021547713,5.551115123125783e-17,0.031870725743844586,0.02347997749341152,0.0,0.0020545684038639767,0.0,0.010442523410636007,-0.0028360078280527112,0.013324410627443828,0.03361305569577355,0.0037518460867544956,0.02577510630043134,0.04124204813658322,0.030654360227879818,-0.005199690941986079,0.020306450053802216,0.00808534801465255,0.016519819650060275
0.005227058645712879,0.004756448229898291,-0.0020578949579603822,0.004802809054827495,-0.0095838058961078,0.016857530507037866,0.012473887753537027,0.01292805364940719,-0.0021695436514121424,0.06758747719092756,0.003693040450490459,-0.006267845401518479,0.014422363671404537,-0.005976213684346754,0.07766655682057116,-0.005006981515870035,0.02761049856958331,-0.0031120836624315418,0.010197154944263265,0.011897366536669007,0.024156658112597873,0.0,0.04183720851868433,-0.0115783674143905,-0.011145456435144863,0.014368307127997249,0.013742392365169831,0.018223560690483198,0.012853522644606152,0.024010855748113846,-0.004082897742643143,0.02291626363392607,0.017776991389574004,0.015095427572093645,0.02020428199216384,0.0332257581550387,0.03706842172366226,-0.010426804629497521,0.014231598898145514,0.02949644445647298,0.015113571492337663,0.029217560665212472,0.022384124967290364,0.05064948609865172,0.00017357693797870333,-0.029707926220719105,0.003530177106242871,0.012507572533798694,6.294848467369718e-06,1.9353285947154575e-06,0.015365353027645634,0.013208617155190006,0.005813318418361968,0.02010038777593326,0.007897637173429228,0.0,0.012874783979745563,0.035044283082791394,0.0,0.022714374917686575,0.012665057145869685,0.013360289278605275,0.035000670010918444,0.0,0.018864571980442058,0.012909727972571838,0.00631356440678893,0.03212732382644429,0.017997438941096178,0.029952493680295345,0.019229809072508874,0.013106585129012083,0.018762626854353814,0.022174162493053762,0.0035242618027083727,0.008050811213496434
0.002008166831179048,0.016786320463079096,0.020138493127117962,0.028222559015269433,-0.02332755419828264,0.025804261947035723,-0.0027887141757412803,0.000747435290998244,0.0007346791666825725,0.04402776503603345,-0.008436758358964569,0.05144001512559071,0.0003946346406453749,0.040225875220206264,0.013628259478203897,0.018469956912006535,0.010067001813632626,0.02183343412764094,-0.07349501860543772,-0.03514857922963538,-0.0078034511724023314,0.04183720851868433,0.0,0.021253354150684634,0.023680480221109523,0.016097846209118638,0.007989521625754836,0.011669401626242915,0.021589514912512597,0.012703117028895539,0.00946014661154776,0.01575483964248703,0.04202026942110609,0.019649340788981506,0.033197281059630934,0.06291487155565906,0.014035490747226098,0.1018559993861935,0.03396066985650931,0.007569350970680178,0.021745867389348028,0.04886539918949617,0.0294961558691616,0.04046010219112872,-0.005007298800107585,0.02992569629905284,0.005459544003696526,-0.09199396443454433,0.020477932268326282,0.003654994875360029,0.003334435348535947,0.034590919463440506,-0.0011906342216666532,0.03384247631341797,0.02732333508425877,-0.12589429344735392,0.0792450539803759,0.02531751061750387,0.04955555590357852,0.02442462259121475,0.03509877420755797,5.7762672738659315e-05,0.01137178174634118,-0.2578007024261984,0.02224704222202384,-0.0137469174141151,0.01837095884239659,-0.07611529015407315,0.0002226058401521569,0.03230356619803898,0.007915444239110225,0.024536506666059887,0.01704618120685253,0.02243990353083486,0.01212200496344995,0.023393872829317708
-0.013921013635954382,-0.020060520172051066,-0.028685724128489465,-0.01367902901800494,0.010596615258179565,0.007701812796569951,-0.041284371294063704,0.02754716876250307,-0.04372925937597194,0.01877861752990717,0.0011609877965962356,0.015985696095697943,-0.02294431108911893,0.04682973630175141,0.006608222731679381,0.00919088316378086,0.0014559770831327201,-0.023202080008625392,-0.016020636701815805,0.04628080321418887,0.016846197290686482,-0.0115783674143905,0.021253354150684634,0.0,-0.023785208607246755,0.020112995651335785,0.028664337387936778,0.0005316077139893571,0.024051609149434272,0.010665328985872469,0.006354904571578057,-0.05798778579077679,-0.01764601861569956,-0.024330608647291613,0.016567410866773213,0.05734752337819227,0.00701135803343067,-0.0022624823801105087,-0.03548624602521866,0.028057845228752765,0.03235551153374788,0.0005521530328822521,-0.0076168569430316024,0.00401405231748847,0.020860591552069596,-0.16093658302281205,0.0054864329145806745,0.0,-5.551115123125783e-17,-0.00022815197506753648,-0.003214408192286966,-0.00019550390783745764,-1.6653345369377348e-16,0.0004064331974245605,0.055934296901445246,0.0002989947245990998,0.02158419116446314,-0.008020912280367665,0.0,-0.0006627458689488774,0.021427438580559066,-0.03848828298948259,-0.020639833423794884,2.780318853046193e-05,-0.0009421306715367561,-0.010247107387294563,0.01863517594108466,-0.0007428407207467624,-0.03312064916654156,0.00212143705440615,-0.02532001093241204,-0.003630688111174618,-0.02422223181801192,0.016462612713598057,0.0,0.01478107070454826
-0.02280310627880261,-0.000644288222976408,-0.024509390522272856,-2.9859689216760188e-05,0.023320354101494578,-0.022959121541167138,-0.028214019964150017,0.02174697910526785,-0.06412623917199334,-0.004709708752772046,0.011698851283159784,0.00704002580594093,-0.02538906384963663,0.03087342946912358,0.02308221045835479,-0.01044570355043617,-0.025900320350236594,-0.026930078382131628,0.017855370165635376,-0.009184462795401915,0.018038610221198514,-0.011145456435144863,0.023680480221109523,-0.023785208607246755,0.0,-0.014828785630392638,0.00788733273616743,-0.0046196393971763006,-0.009011425183305444,0.00023770790691185484,-0.015302695971402824,0.013726659270919872,-0.0039058385571654197,0.0001234223282593483,0.010954110815219242,-0.0003249201991061268,0.0015387182315789172,0.012601649399439474,0.01638373260042436,0.008066808236609269,0.024291159112154403,0.0207381832648017,-0.0010882699452988143,-5.551115123125783e-17,0.03830841625169662,-0.02267403775799054,0.0029096652501441334,5.551115123125783e-17,0.0,2.220446049250313e-16,0.008018229605710914,0.014337534042599243,0.0009446830665298389,-0.0010514552403887434,0.04057841149059915,0.0003727838672172856,0.023384889830883993,-0.0033307530616433767,0.0,0.00025966787321685114,0.015723154116681126,0.005027405666715501,0.0024585766864848035,0.0,0.0203953858584357,0.0021189509134376117,0.005600584842437806,0.004722995708747235,-0.009819140433418971,0.006395112500702793,-0.01038252878294843,0.011755672037724152,0.018170961747031755,0.020230719930944885,0.0,0.009135628787346528
0.0039814176785174515,0.015868864140580086,0.017714998254727166,0.0031027463657687937,-0.03886794319020004,0.014593932940705379,-0.02288512292274314,0.02948719245636955,-0.041655356390109644,-0.0030189570585074654,0.025329875425931847,0.033525801616714146,-0.016927913637652725,0.04086682454841034,0.010868204025072492,0.020055622269662732,-0.014262540175450311,-0.010456389654698917,0.009638105407703268,0.022082136012556486,0.03036448425013233,0.014368307127997249,0.016097846209118638,0.020112995651335785,-0.014828785630392638,0.0,0.031036930804290763,-0.004643253717866835,-0.03912628742774965,-0.01637307191473386,0.003109631771937349,0.03977456107540733,0.01829970670363562,0.023793764769038328,0.02708576883894409,0.06537702118543498,0.016942152318531523,0.033720276686975525,0.025598361877585407,0.016457544210027153,0.03652089566274924,0.028981625653880683,0.0467870343540846,-5.428716185190696e-05,0.04561416315069844,0.0016442647528795429,0.022585385305085026,0.007723596130906896,0.0,-4.524795079674515e-06,0.022668531733525066,0.012942165623085644,0.01763827090051756,0.012432743457501727,0.04246633566455904,0.0,0.02707943541420843,0.03670801527620077,0.0,0.040400560048811984,0.02658198972232184,0.014750153834840518,0.0030945083096239334,0.0,0.014750859712692022,0.0337824328622684,0.021096857043016837,0.026394982112227128,0.0023787308901632165,0.015613148485044581,0.010373361777178958,0.01896637210734997,0.07150875429043335,0.022300852521737802,0.0006574390967530874,0.01856684362833444
