0.0,0.8817642644177164,0.6790869691845771,0.0,0.65340165462047,0.5889723245202322,0.8917408842785446,0.754078203081608,0.5122325092019224,0.8162611539400103,0.5312364903806089,0.8594444172081239,0.9565688759529427,0.7238938088003295,0.631628472469009,1.032972660606899,0.5814273266143463,0.8637272172178474,0.0,0.5580445984045692,0.46054459787492863,0.8192464938962676,0.6893611393688255,0.6002150527387387,0.7218705358615078,0.9896890211031621,0.660041709957083,0.7310325724459068,0.5294888224198743,0.6796939580360881,0.8836462888063323,0.8347889150746413,0.7565682777535603,0.8719896170699599,0.8768081061191533,0.7964876403347511,0.48556401894376644,0.45057146572430173,0.7299255863670042,0.8373503944692772,0.8740947476705434,0.6528059302823672,0.463628387888263,0.0,0.6853505269583563,0.6100903542568038,0.8315215043796644,0.0,0.0,0.0,0.6266429689803918,0.0,0.82953573916625,0.0,0.6909012841385969,0.0,0.6379707388284033,0.8400352563465697,0.0,0.7902238822334017,0.9812314030300648,0.5919011500878493,1.0003225913225084,0.0,0.6675781910086105,0.4250136870260536,0.7277547137013263,0.6759655481481442,0.300407092644006,0.9591902997725346,0.9349645952500407,0.7581420633609723,0.4414940014380877,0.6818166038934843,0.0,0.7149783716476816
0.8817642644177164,0.0,0.5627639820435537,0.4276597577503034,0.4370709789302203,0.5513635768065646,0.48814266545640933,0.8007671128534095,0.4548721484460484,0.6031738959372548,0.44731722839669275,0.5125986221734293,0.5233307031176451,0.5918413918638177,0.6891802280757618,0.8209557183904179,0.9126537968268442,0.910402316159105,0.7220410871859813,0.46236359886996525,0.8395942184071774,0.9278501656418887,0.7344224981597195,0.5329422399611685,0.7373769209606733,0.6140487035975399,0.6004949939538238,0.5976208231189784,0.40381261269484914,0.4909933610678785,0.7586862559033687,0.8412653833704501,0.6573517894457882,0.7800418619878353,0.8907176159758099,1.014228166598082,0.061250228022809286,0.0,0.762594386742528,0.9794131297296191,0.8224298498185053,1.0587769848540785,0.6071742030307654,0.0,0.0,0.9003627007152637,0.8558558675762062,0.05232553210133044,0.0,0.0,0.6758617609866941,0.7940386884364534,0.5281912596481294,0.8197587329829459,0.8119863470685793,0.0,0.6159541386774501,0.6479619583441156,0.0,0.7182681172666123,0.9255491764861119,0.7391099331081001,1.0459702095708043,0.0,0.7488660617322274,0.9532629898578171,0.8516728530501023,0.7991375895563582,0.4684771868402112,0.9116853618173386,0.9025795108436783,0.6986783616901286,0.8423856034165524,0.822505109294593,0.0,0.9563175227622758
0.6790869691845771,0.5627639820435537,0.0,0.5310008514681792,0.49701264646198834,0.9267530167012803,0.6321950305623677,0.640203908001475,0.5660492386619049,0.6618940953055885,0.5165875960288133,0.5581900742143105,0.6787779728625352,0.6728379405808298,0.6179579613173769,0.5704298663597303,0.7292185526192245,0.6604598982290568,0.6150744411702379,0.5753974368480128,0.7478843617052435,0.5658963857288357,0.59757106563322,0.4749172654742467,0.43950333853898793,1.0720066706480005,1.034674846107573,0.7273483007990995,0.6532238740693257,0.7184334069985189,0.7418971089593329,0.7273109620491752,0.6167236284994766,0.6931630828424061,0.500803023130082,0.6577478675046976,0.5995576709105714,0.5804234991351804,0.8097121695929628,0.4989513767060183,0.8382532367925619,0.8124632297335874,0.6876603711197966,0.7172753122660569,0.0,0.0,0.41704748194074015,0.3565563221265415,0.48478410027196467,0.5233421688145654,0.7659475373460702,0.5590825890854886,0.7936886461999915,0.7650076083758551,0.4377505270340226,0.45641369165904067,1.0476294422484138,0.7122006472025324,0.6873781499849542,0.35653175755140143,0.0,0.0,0.0,0.2992257091996947,0.8201562303535241,0.44073863212689635,0.248405225237704,0.8019043458895116,0.0,0.5514879431972968,0.7023613919171541,0.8369866016218059,0.7154463105005556,0.66218751899719,0.6746415410840125,0.7147627145004655
0.0,0.4276597577503034,0.5310008514681792,0.0,0.2927910270634573,0.6083837582233182,0.29789771056923053,1.0536857205123655,0.603509375532669,0.4110364829721045,0.5504068051186397,0.4751558705197471,0.6725691470361354,0.7518525840863822,0.49724498239794157,0.2804757807121089,0.5871904645689114,0.46466034430413966,0.5535674755128919,0.49209820701546525,0.4322182779311011,0.5892111671570323,0.7890497013502233,0.49050899479386145,0.8089715078928703,0.5412981113199626,0.6954290048726804,0.4144854248643731,0.5183348012559197,0.4234418734131956,0.5165969508306765,0.22606345776062897,0.3875486116686825,0.11590211432178799,0.27024289116693684,0.39215474047732946,0.30981425497701154,0.4350538245457107,0.1748852591089104,0.40647834178685394,0.6335816340415694,0.4381007172622347,0.5291104694715465,0.3479275235195789,0.0,0.0,0.0,0.43957440600068354,0.0,0.0,0.803912752430669,0.0,0.4644051702059659,0.3283311257338977,0.0,0.28489088878041624,0.6724719534665794,0.45799112897251393,0.0,0.0,0.0,0.0,0.0,0.0,0.0,0.0,0.4886095055456432,0.7168022338306465,0.0,0.0,0.0,0.6346036065595808,0.4800006639899803,0.6423232281622435,0.0,0.0
0.65340165462047,0.4370709789302203,0.49701264646198834,0.2927910270634573,0.0,0.38249684254891925,0.5119798062020129,0.4645072345295415,0.30669889677680356,0.6815513216010808,0.3604054482098866,0.21941022215279143,0.5642403579611336,0.4705697163086299,0.7420713214027455,0.6481531263789695,0.6796049491309205,0.3639105896653972,0.26318644380857015,0.5876629162370699,0.7763185452514498,0.620317420716074,0.5451968678776757,0.7261623504372556,0.5219640340069955,0.4790000945787143,0.46902838246099265,0.5790673443496983,0.9161573135193533,0.6458430083438219,0.515168925333171,0.2714236419680172,0.49731912636593595,0.47722198992873094,0.3567210064622385,0.3605944370665361,0.21905473148716603,0.42895595460785674,0.5598768862546128,0.4768894959036286,0.5317212046997261,0.5454289863445059,0.4378517702807152,0.33960182592756183,0.38877527431842346,0.0,0.6715283361974752,0.3494061585043178,0.0,0.30977130628159094,0.6737731871115404,0.37267174719734814,0.4936073038589788,0.3333914325096516,0.0,0.4949297443073155,0.409541930253114,0.6676994113927024,0.47936484599631257,0.6887228475558247,0.4595864238671378,0.0,0.0,0.364231654359659,0.6663487824140277,0.49081073409975295,0.7395003650859284,0.6126003524033763,0.0,0.5007590295516082,0.7881869505009793,0.6418978214841229,0.6706085529303333,0.6225598699045745,0.0,0.597614891355325
0.5889723245202322,0.5513635768065646,0.9267530167012803,0.6083837582233182,0.38249684254891925,0.0,0.6911660466412834,0.7416497567059716,0.5878768442298455,0.7033280453615187,0.37130911821431717,0.8769673953428159,0.8214453724388573,0.6819545061936458,0.739193020211679,0.7185464584345891,0.5319663104617296,0.6622563292203973,0.6656206570534227,0.499294421131085,0.7448585572274087,0.570454031055526,0.8017109927309876,0.7824930736101318,0.6931780018327554,0.7958323104734343,0.6764544397835608,0.873117313227106,0.6757233399090355,0.7395417952922863,0.8206297264601023,0.6133665074116641,0.6618019726321336,0.6492213904076907,0.6857091901863102,0.7214559168336334,0.7311104505472112,0.5489297096720431,0.8583023177445404,0.43782068328912027,0.6925931988218981,0.31193722206570274,0.9240045154712779,0.9423249994175875,0.4785825420429528,0.6131192926041698,0.7065724854627895,0.8055915930171125,0.8623740445024516,0.5803936160902349,0.8396045819883926,0.7641820711001608,0.887335977159226,0.801793737979215,0.878523743986276,0.7619962715789024,1.1181872015449938,0.8155077319494375,0.8898126845795229,0.8289128427777628,0.935833870465111,0.0,0.9693753890961587,0.6115920177501668,0.8875565597435473,0.5671405448845055,0.75748921282438,0.7736764482807026,0.5076578213061684,0.8022579605964288,0.7053254117002561,0.8498476995040589,0.7519586704163728,0.7616984788377503,0.7216317493741748,0.7420309470753919
0.8917408842785446,0.48814266545640933,0.6321950305623677,0.29789771056923053,0.5119798062020129,0.6911660466412834,0.0,0.5780618097980375,0.5043265273934807,0.5081513003890016,0.4295975783977824,0.3207050977603355,0.8742597946418851,0.37449695781181436,0.8125406697722535,0.718834356372495,0.6610547119582006,0.6730314640736832,0.45981053715613623,0.6437167004412565,0.688085886455716,0.6329337895494564,0.7085126824687007,0.29674562012721706,0.6566030934383151,0.6691201013013672,0.642977837740758,0.9041860523494755,0.8261196503627674,0.5731874153962027,0.6735090947834053,0.4959236000260787,0.42839353308462463,0.5206963763037429,0.04566387136984851,0.5789364966758737,0.21848339096462402,0.3905706144445811,0.9395604849976464,0.2663874580288722,0.8157295111333611,0.6652595948363715,0.471038629361081,0.8715260462095453,0.4341641333714582,0.0,0.6776967556484526,0.4869516217449684,0.0,0.7449574210777454,0.720206258894792,0.6638703151416492,0.6739726190291471,0.6863980405498127,0.6444914430968032,0.19974418644854322,0.4091688826894927,0.6198756027613861,0.5405211195196655,0.7054267732960251,0.7253131532511347,0.0,0.5187594940613263,0.07225205417774694,0.8948090235720048,0.6535207877193703,0.7489260803771268,0.6859544880618265,0.47211086826530946,0.8232356190039577,0.7495897850441873,0.6916255587600675,0.6930116913921163,0.6932666188520417,0.8894609108306943,0.6546498348138439
0.754078203081608,0.8007671128534095,0.640203908001475,1.0536857205123655,0.4645072345295415,0.7416497567059716,0.5780618097980375,0.0,0.5226069264276358,0.8387321891158672,0.6909590901212488,0.9357576196263455,0.6629672963235678,0.9206488061076072,0.5969863773872868,0.8583682975642359,0.5851867147643345,0.8669142801947893,0.5003664370848415,0.5669205302134932,0.8222796862655113,0.5434446018595307,0.8477532738788058,0.6852103527398785,0.9424909719523045,0.8942458469983376,0.7939783704761838,0.7525041760932225,0.5585517898626391,0.7063881316602301,0.7002165268519169,0.9190842354512111,0.9929644555281074,0.6303569791563114,0.5516652176676097,0.5405617403484028,0.8150339545100164,0.6587075473227688,0.8354745068694266,0.7118845223369307,0.4303492501396087,0.619964188603545,0.8834622754797131,0.39196778866750875,0.0,1.034478982177835,0.5725647524731354,0.6665745175558795,0.0,0.6264850025947637,0.8885867944268547,0.6297116409252516,0.8645265300808277,0.6526056314506672,0.6241737692844356,0.6928233093785662,0.9627168458846855,0.70344480002251,0.9466561497037802,0.7980543524453931,0.6478592030391748,0.0,0.5459461545693534,0.6215105073157969,0.7833472539211075,0.5616448855316871,0.5336590257489746,0.8268511397705491,0.0,0.7624422864701014,0.5617062799211033,0.932016404094824,0.729253537462798,0.8532896949880455,0.47231708896217106,0.6650800232939511
0.5122325092019224,0.4548721484460484,0.5660492386619049,0.603509375532669,0.30669889677680356,0.5878768442298455,0.5043265273934807,0.5226069264276358,0.0,0.6344487315234841,0.3821522355165896,0.5592280748884223,0.49184435516144653,0.40893525708077383,0.9651115479358157,0.6745011263946101,0.546085432447226,0.5506109844232601,0.4678313465959649,0.5556427394249108,0.6014623336028426,0.6758218319672705,0.6730281675179821,0.5761838063178792,0.5372805695511158,0.5516375413882875,0.7159865131235058,0.6493394587093755,0.6074730135416659,0.7374748019014927,0.6549172798608139,0.6487640424911103,0.4080644086197097,0.6372642655978027,0.5670316163041765,0.49148390623588006,0.6173630514733189,0.6708515483519294,0.5217560611277041,0.5402286482814231,0.07386230491119233,0.24839223189219625,0.4841333537613558,0.6016697353244523,0.46364462890675273,0.0,0.4380657140958055,0.6472780776359738,0.48578986445193867,0.5159646356344305,0.7842107777125995,0.6368109815721996,0.6432844593660356,0.5713016205221905,0.45351153874130845,0.19424842737862805,0.5871178486899212,0.5977903059442099,0.5914568823240409,1.1555564649778245,0.776363067032438,0.0,0.0,0.49417272430693526,1.0667941446221856,0.6792650828831361,0.7542673059213967,0.6726054455675776,0.4456957740051536,0.6917396921336928,0.5629290247702128,0.715140531873692,0.4884915851697492,0.7120120925630291,0.7713667955993104,0.8227656877947092
0.8162611539400103,0.6031738959372548,0.6618940953055885,0.4110364829721045,0.6815513216010808,0.7033280453615187,0.5081513003890016,0.8387321891158672,0.6344487315234841,0.0,0.48574108221888057,0.7369184492885685,0.7281466039087885,0.7733333567435887,0.9076876744442726,0.6527717151107423,0.7727638230073508,0.6035032573793147,0.47680520597396303,0.7585355536069798,0.9412635966438496,0.6333293201547381,0.7163632894860099,0.7230105343073479,1.091123562580211,0.9551963979718967,0.5371053628733098,0.8596680760123803,0.6875273011613371,0.34799913973603047,0.8256083707806509,0.36815923957310304,1.0972309612157685,1.117942528521692,1.1312306951956153,0.47610862815215726,0.5623949879617443,0.9992731643549744,0.9532511635703007,0.8793053538242857,0.9872333710152983,0.4564519246928389,0.41877804968561244,0.5115075505302354,0.7572283708299707,0.6787920325837367,0.8056375369810614,0.38269537629693196,0.49701214716353115,0.47960175372375297,0.6345143625790012,0.36236171185779376,0.6959847820912926,0.34713076060992404,0.7571425413287141,0.6153473331173327,0.7699886851595836,0.8788100443051122,0.0,0.6294990814743086,0.912024620873555,0.656942399497183,0.8790878326253277,0.4790162977104009,0.4730651776909891,0.9080793434441157,0.5813828959808353,0.8295484199780063,0.6363648494958798,0.805548931643849,0.8503454743138188,0.9667692669723575,0.7077140752092288,0.7957945946158738,0.0,1.0100178890600544
0.5312364903806089,0.44731722839669275,0.5165875960288133,0.5504068051186397,0.3604054482098866,0.37130911821431717,0.4295975783977824,0.6909590901212488,0.3821522355165896,0.48574108221888057,0.0,0.3982230900345848,0.35438318345914943,0.7198566287812048,0.0,0.5047497409158922,0.6745330343745923,0.4753061900883674,0.2413062123146178,0.45753254047467606,0.6889664197914909,0.426325471057149,0.2848198408985865,0.6547337912163863,0.5320696874929265,0.7142889788471736,0.7377303120401647,0.43088386928531314,0.17611901349445117,0.4771768629560341,0.42009172764342745,0.6170057285671275,0.09639149820103027,0.4647339416542182,0.32902202373491485,0.7045864442538721,0.5239893204337998,0.38873449692068085,0.5096221971725701,0.6669600423643472,0.5401442774083753,0.3182102542494072,0.6626993899152307,0.6377503499098712,0.488542706232672,0.0,0.0,0.6445832687205792,0.47237076153630564,0.2533602433953587,0.7838903870946492,0.3449745263310126,0.6796937032299285,0.4022142237378362,0.5419549012462226,0.26094374996243386,0.541285699093779,0.5139578027079712,0.7577354188621541,0.0,0.0,0.0,0.0,0.15919659878539666,0.5271847540914759,0.0,0.5311458520058258,0.7175478427385957,0.0,0.0,0.9661749132833237,0.8426345676466842,0.4730017843164811,0.2830415583012661,0.0,0.42523234981745944
0.8594444172081239,0.5125986221734293,0.5581900742143105,0.4751558705197471,0.21941022215279143,0.8769673953428159,0.3207050977603355,0.9357576196263455,0.5592280748884223,0.7369184492885685,0.3982230900345848,0.0,0.5172039871764158,0.8169661950141547,0.39096252735481773,0.8075696973356081,0.8982172005149717,0.8740325898531014,0.44258366400130544,0.5447464554385333,0.8353144709295444,0.6020872378267551,0.8887046555822709,0.7460258220350078,1.1074107218520206,0.8234381089838321,0.8362280921205685,0.7489915448211864,0.8738364440601663,0.6381321184488068,0.5521069135827781,0.1899680246649863,0.6319508123031071,0.752896252890541,0.8549506225846626,0.3661320826729543,0.5298093279362639,0.5447351388100866,0.37552704268002446,0.8817227527786564,0.9456128837576261,0.3997035077731132,0.5131282797046427,0.662045467518692,0.7319651644234139,0.607720176087299,0.6365835423958652,0.5970379174790398,0.4889947335452869,0.3621008805839699,0.5824333026939685,0.7663649627278483,0.3540726482453354,0.5547151727464461,0.8374860230519041,0.38779327881187675,0.7626233649657268,1.0083346357944856,0.5713839063278161,0.521937707257004,0.7173202711213914,0.7806594891105954,1.0369796963151243,0.6156449575518065,0.9178264104636114,0.8737801527993857,0.4887437071870536,0.8885896534312667,0.6619191973246397,0.9287651639754693,0.9202743310426098,0.5828613552346313,0.9917720060586908,0.48750440812969276,0.0,0.9918367699375539
0.9565688759529427,0.5233307031176451,0.6787779728625352,0.6725691470361354,0.5642403579611336,0.8214453724388573,0.8742597946418851,0.6629672963235678,0.49184435516144653,0.7281466039087885,0.35438318345914943,0.5172039871764158,0.0,0.5379368655465258,0.7338500259023657,0.7490527567476756,0.5827925209089322,0.748060914624745,0.4740402262807206,0.7416255536793166,0.72847477765279,0.6358304133548369,0.7814489073209858,0.3248659458447255,0.784203478126248,0.7199368714425856,0.7241737221561201,0.7922861437674072,0.9130512257601677,0.7980912712643816,0.5893411526292053,0.6271356722301016,0.44505285071036055,0.5895487329762267,0.5732503327214368,0.8057256222752254,0.6573405556341259,0.5121140729386324,0.723544330105296,0.45927725651293394,0.7495100397371304,0.33562121590714844,0.6463351886520277,0.5371884935440863,0.27331252385896004,0.6439207800771718,0.8295191844741269,0.707765477525804,0.0,0.8095565793973822,0.7446003620874437,0.635465236384618,0.6803975223962517,0.7119284360141902,0.6680946949107435,0.13601516463267346,0.27679993906504313,0.7921513559826269,0.3637834753839676,0.7655629734456971,0.7679762492960127,0.6002807886844419,0.7118341981384644,0.7172232942097831,0.854959853054468,0.873874026837081,0.9824612636945156,0.7397950201558029,0.5166402746799104,0.9082517532008876,0.7594260443874516,0.7978196630852273,0.7463010637886498,0.7970356341860163,0.5885661134243585,0.749045831174376
0.7238938088003295,0.5918413918638177,0.6728379405808298,0.7518525840863822,0.4705697163086299,0.6819545061936458,0.37449695781181436,0.9206488061076072,0.40893525708077383,0.7733333567435887,0.7198566287812048,0.8169661950141547,0.5379368655465258,0.0,0.8359209151540989,0.5080161905994519,0.4904100970776818,0.48330107700161123,0.5616227888503089,0.7780779891203404,0.7082052238717929,0.4618069663274592,0.8675311503337222,0.8342267355995076,0.7671181317644322,0.8016350560781306,0.836530780874176,0.37265752282382936,0.5708062915531336,0.7917925315786458,0.3948471426153721,0.29961027234161763,0.530246849509694,0.8438354954538914,0.639592596339194,0.37430154637388535,0.31705893472816193,0.4897143715607013,0.5872379399837827,0.0,0.6632248233127074,0.6988639369050744,0.6906003330638797,0.4840360170388141,0.0,0.0,0.0,0.7603913541621093,0.0,0.5138966213625388,0.646127641054291,0.452576255322525,0.5429600277136343,0.6772008305729645,0.0,0.5858465303248126,0.3845318317615296,0.7808097621039434,0.6604083259990783,0.0,0.0,0.0,0.0,0.43311230140628965,0.0,0.0,0.0,0.6967912351130034,0.0,0.0,0.0,0.05403579725372626,0.8529012656261463,0.0,0.0,0.0
0.631628472469009,0.6891802280757618,0.6179579613173769,0.49724498239794157,0.7420713214027455,0.739193020211679,0.8125406697722535,0.5969863773872868,0.9651115479358157,0.9076876744442726,0.0,0.39096252735481773,0.7338500259023657,0.8359209151540989,0.0,0.6869272967901747,0.6527739985785173,0.7003464719154817,0.0,0.6522663127368279,0.5770340329125612,0.45228151511213976,0.5729226610207285,0.6533431355057971,0.6749017692732358,0.5226762455299949,0.3532397993168648,0.6004006107062477,0.5188665046583442,0.6025628404870299,0.5932279081237606,0.4636397535981487,0.6522142154736973,0.4988779857779546,0.6180214407946025,0.6971981414414195,0.6612972260887,0.39112881647488423,0.5575456176560167,0.6878687509702461,0.5831343040421932,0.3598459453111467,0.8067531463892995,0.4443727860874094,0.0,0.8164077988545523,0.5920686545793519,0.6359932082146409,0.0,0.0,0.6682859269282946,0.815461497291988,0.7043677468811977,0.6088861370829761,0.0,0.0,0.7408149272420418,0.7732955719858179,0.4750507583131871,0.7198026816287836,0.7407284725988823,0.560599529133148,0.9515262952421493,0.0,0.8012178731790527,0.7282026334932977,0.7441716149170683,0.8859312901118666,0.4651315001125358,0.8171291162117182,0.6099848332130394,0.767701606042094,0.44160534895616543,0.7453239886324015,0.5332201404318957,0.5564670156088898
1.032972660606899,0.8209557183904179,0.5704298663597303,0.2804757807121089,0.6481531263789695,0.7185464584345891,0.718834356372495,0.8583682975642359,0.6745011263946101,0.6527717151107423,0.5047497409158922,0.8075696973356081,0.7490527567476756,0.5080161905994519,0.6869272967901747,0.0,0.632269012497051,0.5926050740369475,0.45654102698059984,0.4951026121385788,0.7925770640060706,0.6485322608209374,0.7855515781476414,0.7839850266714092,0.9182561299643244,0.936852941463104,0.7335575172234219,0.7094421821965391,0.6396663455124462,0.6906005564007696,0.7715083015481143,0.6497100702357762,0.5735987112189044,0.5353063006245624,0.7973027368565391,0.8850209617394811,0.652439598843907,0.7064653044348976,1.0150679764767703,1.0275116239119684,1.0854368423661893,1.016166948844255,0.46700223215187575,0.0,0.0,0.8301183859593051,1.0055755272615947,0.0,0.0,0.0,0.6864784665331042,0.7929196159489587,0.9296816369188883,0.0,1.0441366746104705,0.0,0.7493374666292383,0.847755467688428,0.0,0.7478346459649304,1.0771800605795947,1.0745145556733136,1.181586919631246,0.0,0.7499429700089806,0.7559042833357098,0.8504545220193457,0.8863661964879153,0.7349289214149909,1.1487467610225983,1.0284497144477165,0.9615365110617976,0.7012611643961401,1.0141697832880838,0.0,0.9558354860103431
0.5814273266143463,0.9126537968268442,0.7292185526192245,0.5871904645689114,0.6796049491309205,0.5319663104617296,0.6610547119582006,0.5851867147643345,0.546085432447226,0.7727638230073508,0.6745330343745923,0.8982172005149717,0.5827925209089322,0.4904100970776818,0.6527739985785173,0.632269012497051,0.0,0.7806640796454349,0.7261719065249793,0.5275809650077967,0.744936184195194,0.8454779101701478,0.8407615173971439,0.8229276002785952,0.7145264355329317,0.9241806170770326,0.590575635196814,0.8645571716558399,0.5177034541289051,1.1350279032047192,0.6311205489187528,0.46574036816217435,0.7326172891068714,0.8456181628361421,1.0092000435375283,0.6548946900862784,0.3591916530042778,0.6569720025169369,0.4691875949924723,0.8413035002651574,0.87789385160475,0.7643763257028169,0.0,0.0,0.7112172531869068,1.0217441522354285,0.858497021156545,0.0,0.0,0.0,0.0,0.0,0.0,0.0,0.8853690529088302,0.0,0.7829178660716591,0.48590090169768585,0.0,0.5809824045444291,0.6024346710302347,0.9027835046265631,0.9257649622284891,0.0,0.0,0.0,0.6411706759845744,0.0,0.7993725489735237,1.0369589937096464,1.0328025896599686,0.0,0.594391656290865,0.4845063673801662,0.0,0.9647238961069005
0.8637272172178474,0.910402316159105,0.6604598982290568,0.46466034430413966,0.3639105896653972,0.6622563292203973,0.6730314640736832,0.8669142801947893,0.5506109844232601,0.6035032573793147,0.4753061900883674,0.8740325898531014,0.748060914624745,0.48330107700161123,0.7003464719154817,0.5926050740369475,0.7806640796454349,0.0,0.6489757339777212,0.6009260329619897,0.9315569902168741,0.7816418371025848,1.0231030559796572,0.7900785129275543,0.8906063398970483,0.7187693554410128,0.7975659135449633,0.7085924179014242,0.6096171613311502,0.6110482302091435,0.765176492575901,0.5574553520215325,0.6518786085337553,0.8676627033715291,0.8725682773465485,0.653374524581825,0.40798303222017507,0.5879669365948682,0.940473370015531,1.010632566827516,1.0040991907792174,1.0377078257784194,0.0,0.0,0.4724228229889189,0.9114507414527739,0.9898141010544252,0.0,0.0,0.0,0.6602253161820661,0.525648273594491,0.5873234077570593,0.0,1.063416537607912,0.0,1.0535865032225114,0.8150005018616789,0.0,0.7152066383388738,1.1268325057222113,1.0364375979321332,1.0112743639534707,0.0,0.7973552347743459,0.9773543593068333,0.8606716598549945,1.0127347053190334,0.8656349157406444,1.062836824115002,1.0825789738258598,0.5676255742987918,0.7951325569920911,0.8591065375826631,0.0,1.0667557496438862
0.0,0.7220410871859813,0.6150744411702379,0.5535674755128919,0.26318644380857015,0.6656206570534227,0.45981053715613623,0.5003664370848415,0.4678313465959649,0.47680520597396303,0.2413062123146178,0.44258366400130544,0.4740402262807206,0.5616227888503089,0.0,0.45654102698059984,0.7261719065249793,0.6489757339777212,0.0,0.5255276339926258,1.1765736799609974,0.7476507895978293,0.15110589298872507,0.6440852885210777,0.7024037130101299,0.6975035864752903,0.9457624916667344,0.557308256022305,0.6469959935677966,0.6868817161348252,0.5779737155191023,0.5933498457561746,0.5609891485090309,0.5480322002424867,0.36428211145024275,0.552832418045853,0.47672812887443883,0.34773287144441517,0.6825176102883284,0.4623346851217904,0.6106192214452051,0.36796834350774216,0.6347204016133942,0.47040609114661924,0.01087694817961589,0.0,0.0,0.7363432898213307,0.0,0.43024053611626945,0.7368906781693422,0.4560556507724073,0.6051169706237977,0.639276591073252,0.6259695937389202,0.12913866958187,0.7976262773813537,0.5607157936593631,0.5259495029964192,0.0,0.0,0.0,0.0,0.728999335847444,0.47863728679917183,0.0,0.4940315936069678,0.7122370168562557,0.0,0.0,0.0,0.7370349804288743,0.7059313911262358,0.5149133782916103,0.4812525298224687,0.7275895373851125
0.5580445984045692,0.46236359886996525,0.5753974368480128,0.49209820701546525,0.5876629162370699,0.499294421131085,0.6437167004412565,0.5669205302134932,0.5556427394249108,0.7585355536069798,0.45753254047467606,0.5447464554385333,0.7416255536793166,0.7780779891203404,0.6522663127368279,0.4951026121385788,0.5275809650077967,0.6009260329619897,0.5255276339926258,0.0,0.5086254811677624,0.46733020362277194,0.2816633483044485,0.7900027507739317,0.7094831402264596,0.5886894163568686,0.5533678750463444,0.5492867809619808,0.6337815711729993,0.9621863299312912,0.44717650237588963,0.396172669417725,0.44730339550068027,0.4010626560582268,0.5125242539914976,0.7584851836340429,0.49084982411432065,0.9135417472225131,0.6071437705727329,0.5933836338709952,0.5957481132361502,0.3370225609285374,0.4890413084227344,0.22432835035736207,0.3601799975172927,0.6899973784328977,0.7040668353972358,0.7721897559551723,0.0,0.0,0.6514373871848677,0.8573486164797717,0.652174625282222,0.4965401311732849,0.7949098985097437,0.0,0.5156048893089675,0.7572564346571657,0.0,0.7510210957098793,0.7514595387634266,0.4651980284346806,0.8012983033551454,0.0,0.5775024855687473,0.4061634822609246,0.631459607653015,0.7893687548480866,0.0,1.030220844822321,0.5544370919379142,0.7256509461647669,0.6979707873115568,0.7282009950179296,0.4977314706744277,0.5547285829375808
0.46054459787492863,0.8395942184071774,0.7478843617052435,0.4322182779311011,0.7763185452514498,0.7448585572274087,0.688085886455716,0.8222796862655113,0.6014623336028426,0.9412635966438496,0.6889664197914909,0.8353144709295444,0.72847477765279,0.7082052238717929,0.5770340329125612,0.7925770640060706,0.744936184195194,0.9315569902168741,1.1765736799609974,0.5086254811677624,0.0,0.5318567807812239,0.7107537414706369,0.5136632522612838,0.8187467231111878,0.6218910973567482,0.5995794177989856,0.7115333613520873,0.5475985254002933,0.6809439118048044,0.6067647060039323,0.5151758314545498,0.6478985859605398,0.4835491368723259,0.6693660668335645,0.818208612725331,0.713037600512349,0.7806158417787933,0.6042969463294614,0.694037294231312,0.5565235674066524,0.5514391080003536,0.6197922952934072,0.0,0.0,0.6912495132503165,0.7178358099183976,0.8229424345290532,0.0,0.0,0.7800385827928984,0.5743011400165796,0.7215417524622059,0.6640781289293656,0.8441382406552786,0.0,0.7685402898493614,0.8752851055890455,0.0,0.7912993963295734,0.8313151744946669,0.0,1.169327788066942,0.0,0.6971902867811255,0.893165409664983,0.6141277248887973,0.8584758648917115,0.6145644856607162,0.8384734921898891,0.8798134144296323,0.7619953990337016,0.8523791479667246,0.9059041586543003,0.5496962320076452,0.42775498172402493
0.8192464938962676,0.9278501656418887,0.5658963857288357,0.5892111671570323,0.620317420716074,0.570454031055526,0.6329337895494564,0.5434446018595307,0.6758218319672705,0.6333293201547381,0.426325471057149,0.6020872378267551,0.6358304133548369,0.4618069663274592,0.45228151511213976,0.6485322608209374,0.8454779101701478,0.7816418371025848,0.7476507895978293,0.46733020362277194,0.5318567807812239,0.0,0.5855866156565035,0.9439957071486942,0.9603642178044401,0.8637556227867372,0.4229102330756569,0.6546728527313843,0.46139859812147427,0.7541221610352166,0.4686358674758463,0.5389012306507741,0.5423096775248748,0.4575490546154186,0.6008568475014466,0.6060714569098805,0.6716599960572478,0.7412425148512486,0.5817094673939378,0.5009183574857436,0.6278778414709544,0.43433661367739096,0.3525994395981036,0.3770979167049583,0.09573564377191773,0.8393448556340875,0.8120944139543838,0.7201510402321303,0.4806171877070755,0.39781180339976574,0.8000897376047031,0.7702970896949053,0.5950562729472985,0.8108751300847308,0.6188469438925523,0.0,0.7398903941844182,0.7903985837544881,0.0,0.7040166091255162,0.8551750313844559,0.6317715332359995,0.9803267743428687,0.0,0.6191687768998833,0.7228196986701463,0.6524524089652248,0.7397200948555627,0.7605899657634808,0.972318355194818,0.7158070178867527,0.7012039218329263,0.2826253603749699,0.7945180459790179,0.7887211322076582,0.7737288572718566
0.6893611393688255,0.7344224981597195,0.59757106563322,0.7890497013502233,0.5451968678776757,0.8017109927309876,0.7085126824687007,0.8477532738788058,0.6730281675179821,0.7163632894860099,0.2848198408985865,0.8887046555822709,0.7814489073209858,0.8675311503337222,0.5729226610207285,0.7855515781476414,0.8407615173971439,1.0231030559796572,0.15110589298872507,0.2816633483044485,0.7107537414706369,0.5855866156565035,0.0,0.6330892147067315,1.0042166107303896,0.7702925560893067,0.6525778900410646,0.6803874083185694,0.596302157710488,0.6469836986419301,0.704161471629928,0.6375631744548429,0.6536128458695827,0.6484250528648088,0.6300972961686228,0.777038944279385,0.7442760342746066,0.8182683318660176,0.7924636416217509,0.8253028134167566,0.7502497015626531,0.21029783035008554,0.9390226128344163,0.8660885465959787,0.7901585242938134,0.3784381990637425,0.9067985712262583,0.7186856405669644,0.6127972223714608,0.7678256323906321,0.8518205672807977,0.7739228153931086,0.8794307098313083,0.7740464983737533,0.7650707433524145,0.7200481131191306,0.947718313305697,0.7564522957340272,0.9210918250145288,0.914570496893286,1.0335793753862932,0.47306517769098844,1.2184846926655464,0.7444619657850173,0.8210885718243293,0.8349643015159136,0.8455757238400203,0.8271855166694244,0.37347462064052983,1.1518650214123944,0.7678325315217234,0.7799553855660865,0.726045439751063,0.7817381061331345,0.831798951970818,0.7079353265757244
0.6002150527387387,0.5329422399611685,0.4749172654742467,0.49050899479386145,0.7261623504372556,0.7824930736101318,0.29674562012721706,0.6852103527398785,0.5761838063178792,0.7230105343073479,0.6547337912163863,0.7460258220350078,0.3248659458447255,0.8342267355995076,0.6533431355057971,0.7839850266714092,0.8229276002785952,0.7900785129275543,0.6440852885210777,0.7900027507739317,0.5136632522612838,0.9439957071486942,0.6330892147067315,0.0,0.8410661984968708,0.7467029869199213,0.6874267327661856,0.3564696951687689,0.7690793013644542,0.978047911868794,0.7883329212008546,0.2850854480411642,0.41277706951467513,0.7737311527525417,1.013579472132632,0.36671115243489805,0.34984998241768717,0.5647973737449581,1.0580065716429363,1.0790604897625478,0.891851258466609,0.28567354754473273,0.4050090281375083,0.517735932013952,0.7965603652555311,0.6911924855852786,0.7549881483079396,0.0,0.0,0.4574619025918225,0.6868432345413549,0.3746419426269268,0.0,0.33651096100767397,0.6989971120980587,0.5053927484802352,0.6848624710457207,0.656107799761692,0.0,0.3495220868708254,0.9536141679875006,0.7543273316690968,0.9589536982712099,0.48503952091440533,0.3879331116567969,0.46839193087468844,0.6248546921441596,0.6319543284806983,0.3999199316835747,0.9384644521569647,0.9342192330751122,0.5741540632749628,0.976023018604661,0.9541828924667295,0.0,0.7543924638750967
0.7218705358615078,0.7373769209606733,0.43950333853898793,0.8089715078928703,0.5219640340069955,0.6931780018327554,0.6566030934383151,0.9424909719523045,0.5372805695511158,1.091123562580211,0.5320696874929265,1.1074107218520206,0.784203478126248,0.7671181317644322,0.6749017692732358,0.9182561299643244,0.7145264355329317,0.8906063398970483,0.7024037130101299,0.7094831402264596,0.8187467231111878,0.9603642178044401,1.0042166107303896,0.8410661984968708,0.0,0.4880570580829505,0.734347109015432,0.798642540184417,0.6907162725969593,0.6901488967136077,0.7919949300926381,0.5610815431476496,0.6861302558646267,0.8166438371553243,1.001881579115603,0.11039436088593041,0.6327139333682212,0.7925174207744414,1.0520374391838596,1.0538146786757516,1.0746926482845844,1.1216560607632025,0.21390549382321555,0.0,0.7759761727390765,0.9424813125833408,0.951221935624865,0.0,0.0,0.0,0.7553101064111014,0.668469740556366,1.029240876730407,0.42511210619062145,1.0200631504225217,0.4646189690156445,1.0616163360251636,0.7711677743614214,0.0,0.7160180032848802,1.0349645585017424,1.0029954321975576,1.0383936488454735,0.0,0.9301590598001452,0.9142802863343491,0.8632124432364597,0.826283757414362,0.8584796888278965,1.0849977717230597,1.077752043406861,0.7013082116801163,0.9917692406920411,0.7545204587370721,0.0,1.036250344869666
0.9896890211031621,0.6140487035975399,1.0720066706480005,0.5412981113199626,0.4790000945787143,0.7958323104734343,0.6691201013013672,0.8942458469983376,0.5516375413882875,0.9551963979718967,0.7142889788471736,0.8234381089838321,0.7199368714425856,0.8016350560781306,0.5226762455299949,0.936852941463104,0.9241806170770326,0.7187693554410128,0.6975035864752903,0.5886894163568686,0.6218910973567482,0.8637556227867372,0.7702925560893067,0.7467029869199213,0.4880570580829505,0.0,0.7949426591407341,0.7955359398169839,0.5773100797388444,0.6294959870133764,0.6803925863433903,0.7772060732597932,0.8253189252067983,0.7755324584123169,0.8194385348552937,0.7553931533653643,0.6685362167003667,0.8799965169028151,0.8784957663565854,1.0322139923872011,1.0944193646741762,0.6100245981233585,0.712336128460455,0.509248184163154,0.8463062890204425,0.9261158338005391,0.9591948718162586,0.8980376348734377,0.0,0.0033382436097234187,0.7779121256875321,0.6735549921653554,0.7925395289296004,0.7772444120949362,0.9400542621714415,0.0,1.028069561052839,0.8402429632870132,0.0,0.6912844869495509,1.0422866165234481,0.9276121256456207,0.9880082926752087,0.0,0.683893504809504,0.9088048225119388,0.8058710618380811,0.7506682805641154,0.7649128392529597,1.074969443433075,0.983649748390506,0.785529308210604,0.9057721300240558,0.8751660425742156,0.4755053340025819,0.9167105434525866
0.660041709957083,0.6004949939538238,1.034674846107573,0.6954290048726804,0.46902838246099265,0.6764544397835608,0.642977837740758,0.7939783704761838,0.7159865131235058,0.5371053628733098,0.7377303120401647,0.8362280921205685,0.7241737221561201,0.836530780874176,0.3532397993168648,0.7335575172234219,0.590575635196814,0.7975659135449633,0.9457624916667344,0.5533678750463444,0.5995794177989856,0.4229102330756569,0.6525778900410646,0.6874267327661856,0.734347109015432,0.7949426591407341,0.0,0.6925478702343633,0.4120884414461229,0.6473590060773103,0.6277354444638802,0.5844941876454596,0.6254345620691476,0.5478101140135336,0.6096349408432186,0.673924194705438,0.8433518171006387,0.9812113186848805,0.7726920579198315,0.7230576221653138,0.7061916343372485,0.17530118687751456,0.9468828183888642,0.9156094573123614,0.5733292205811195,0.6522300718954746,0.6021052923555128,0.7558887767094586,0.805683252100293,0.7592105088476829,0.8612497821923333,0.7374049416927289,0.7986079096741351,0.7634419960520484,0.8266228324193166,0.7288392187443573,0.9434239690192171,0.7577637382547726,0.8423872108188049,0.8346090406719346,0.9413563354405947,0.0,0.9114725191080051,0.7061759605285969,0.783244665902008,0.6495240930113473,0.6503303322271172,0.7788359220736711,0.0,1.0218688036935948,0.6914426207573603,0.8524952543129214,0.7327732298341557,0.7224253294092325,0.6700665975960101,0.7165854278108899
0.7310325724459068,0.5976208231189784,0.7273483007990995,0.4144854248643731,0.5790673443496983,0.873117313227106,0.9041860523494755,0.7525041760932225,0.6493394587093755,0.8596680760123803,0.43088386928531314,0.7489915448211864,0.7922861437674072,0.37265752282382936,0.6004006107062477,0.7094421821965391,0.8645571716558399,0.7085924179014242,0.557308256022305,0.5492867809619808,0.7115333613520873,0.6546728527313843,0.6803874083185694,0.3564696951687689,0.798642540184417,0.7955359398169839,0.6925478702343633,0.0,0.8099837667608376,0.6539987082984557,0.7782455110421542,0.6925215045242168,0.6454702376825863,0.760961167521586,0.7856325726926099,0.3639673561460598,0.5232771284026594,0.739427521226059,0.728016830071542,0.3779468948879571,0.6358570537843988,0.26386533215909236,0.7547321782198595,0.5743360429023011,0.7190106244912959,0.795162908965495,0.7372725239412123,0.8070674258410695,0.0,0.8137127108107922,0.7940623144874169,0.733304840095618,0.7622855569761828,0.7175775707923772,0.8288113290104205,0.2597439199346543,0.35478440434951475,0.7668674954156105,0.39485154413373624,0.8459792105735285,0.8994964458784134,0.347251160484948,0.7301935870821294,0.7854876939818977,0.8722775998382823,0.8359635736087123,0.980326882341966,0.7746308878377759,0.22450515059961648,0.9867487354848925,0.672168550708746,0.7947173463802507,0.7017619606495795,0.7511955716623223,0.931742661648545,0.7462109943001716
0.5294888224198743,0.40381261269484914,0.6532238740693257,0.5183348012559197,0.9161573135193533,0.6757233399090355,0.8261196503627674,0.5585517898626391,0.6074730135416659,0.6875273011613371,0.17611901349445117,0.8738364440601663,0.9130512257601677,0.5708062915531336,0.5188665046583442,0.6396663455124462,0.5177034541289051,0.6096171613311502,0.6469959935677966,0.6337815711729993,0.5475985254002933,0.46139859812147427,0.596302157710488,0.7690793013644542,0.6907162725969593,0.5773100797388444,0.4120884414461229,0.8099837667608376,0.0,0.6134563376275688,0.5830092765236594,0.5239408960656303,0.53038288052106,0.46217467590141903,0.49761017260516277,0.6638755722149847,0.6862428119549338,0.6263000471232523,0.6835255574148174,0.678793999160554,0.5868926917484129,0.38478504243611367,0.8230163318022595,0.6532610176505766,0.5623491994971339,0.7373207995974871,0.721175028782961,0.6472383090635445,0.46285828917303246,0.6240745936916418,0.7288656502765986,0.7206507131064311,0.7294187547509876,0.7468275424479645,0.6624974915632882,0.7419189698207711,0.8635512158856168,0.6978670495238177,0.5590457185420101,0.7955636483316728,0.9272761849344325,0.48258219728971563,0.8939795106826272,0.6005227458078171,0.6809490988516711,0.6736642158750186,0.7647781289626757,0.7644544036698788,0.49895084907010406,0.9413200206924724,0.8080207138188269,0.7609975685696379,0.7381522790453959,0.7151566254097483,0.7622445639788293,0.5701019580347335
0.6796939580360881,0.4909933610678785,0.7184334069985189,0.4234418734131956,0.6458430083438219,0.7395417952922863,0.5731874153962027,0.7063881316602301,0.7374748019014927,0.34799913973603047,0.4771768629560341,0.6381321184488068,0.7980912712643816,0.7917925315786458,0.6025628404870299,0.6906005564007696,1.1350279032047192,0.6110482302091435,0.6868817161348252,0.9621863299312912,0.6809439118048044,0.7541221610352166,0.6469836986419301,0.978047911868794,0.6901488967136077,0.6294959870133764,0.6473590060773103,0.6539987082984557,0.6134563376275688,0.0,0.6212673613238262,0.4650854010571244,0.45446333430746555,0.5433587019546761,0.5443448581070202,0.5334706518172109,0.397094609709814,0.42706154636902083,0.8600879046656704,0.46020841528191236,0.5883550585135982,0.7184930071942863,0.7364437730099387,0.2859841721008667,0.0,0.0,0.0,0.37144583872346043,0.0,0.0,0.618957641975749,0.6911793524587209,0.4397493702638531,0.8915633359540462,0.513616327123691,0.0,0.01558723993339182,0.6190713528924472,0.0,0.7514115613171376,0.0,0.0,0.9935152144130159,0.9684241542739801,0.8869454785842921,0.5912614940353009,0.6565638014161943,0.7948975358989948,0.0,0.44336023132316893,0.4885960004680413,0.8221361363237811,0.8310961595675237,0.7136849627520178,0.8503123150036479,0.43150126358002994
