0.0,0.03494806127062883,0.03328589873691529,0.0,0.00971316664908356,0.011027363107509514,0.045367620120199015,0.015408079026212773,0.0016260560655297907,0.041226039603811326,0.002653561892718481,0.03697062844356974,0.03146436700163069,0.016514063441346316,0.012270626954141994,0.035261744116252935,0.02188440364249189,0.030569592496397513,0.0,-0.011868685299412596,0.00480869440106696,0.025289123501040678,0.006975382871124369,-0.00790757383825108,0.0277047848692194,0.03051056572255112,-0.00027188371059300165,0.018526128962581656,-0.0113986128647513,0.004224319803473819,0.02928741499958981,0.018856960537962597,0.017947421130427854,0.04060859083031915,0.05282142413227203,0.02011673100933542,9.544410284723082e-05,-0.019131223563019162,0.013574797460024157,0.025069207428074947,0.0371950711533614,0.014039980154865794,-4.7008762733780074e-05,0.0,0.017262477636246498,0.005001466488296358,0.022425801067433415,0.0,0.0,0.0,0.012311133943126107,1.1102230246251565e-16,0.01695384562405783,0.0,0.012828777762618704,0.0,0.005730849370421176,0.011894569855759263,0.0,0.030217021493540275,0.03686085941938483,0.018772146160761116,0.04636363456420822,0.0,0.008567665430410598,-0.033183396202672244,0.012054354955875757,0.0004365531610173168,-0.06489164865415237,0.03575407305792477,0.03401558846485064,0.02019229209490475,-8.510518944648826e-05,0.00545908901209341,0.0,0.018392397271769556
0.03494806127062883,0.0,-0.010476893884736993,9.371592331630652e-05,-0.014312143024397206,0.0008079013178950989,-0.01030691689295643,0.019274549152940745,-0.002073001751227377,0.013729369808258785,0.00243069641797361,0.007407894259922609,-0.00912204357291413,0.009284623572619166,0.005942812597407421,0.018643196893614933,0.038254045758686905,0.03201523972334541,0.008977700535715727,-0.016131847933623045,0.028723827784556177,0.029278162175724043,0.005557634455555738,0.005138231906229751,0.027756985760446717,0.012690098310335796,-0.0031178316002861695,0.004774541109475949,-0.01403914774720283,-0.0020824441183725506,0.01381707137426258,0.028991061868542944,0.02738370854027644,0.03092136868637141,0.0435957742351073,0.07006631349973613,-0.0007454981913510572,0.0,0.022416947688074174,0.04218984747298171,0.046396323729346156,0.042742387121430414,0.004764566684955784,0.0,2.220446049250313e-16,0.030777211588163156,0.028651185162074322,-8.372519643301546e-05,0.0,0.0,0.00511570520314969,0.016711096924662827,-0.003292995695095613,0.00957647816265822,0.02755927125258839,0.0,0.008062098830137976,-0.001059657878783482,0.0,0.01527399115633532,0.041031943751382915,0.02414263929126531,0.058651315968001105,0.0,0.016038111355855034,0.0343521607931746,0.021224443178128993,0.020710745042280154,-0.007460751518869879,0.04279767419499064,0.03357812503348395,0.0142721121046534,0.018345769101739906,0.021176728077638374,-1.1102230246251565e-16,0.03190509625321375
0.03328589873691529,-0.010476893884736993,0.0,-0.007079804491778197,-0.016636130889801926,0.040560154055291564,0.0025319970281390547,-0.012332431829303436,0.017218113460431173,0.0062955016433873245,-0.015730762020365385,-0.007806916481551407,0.0036795243554230694,0.00044656073622562076,0.014699290649131724,0.003810325718487717,0.005658478370521414,0.010775116222939363,0.008143077333432558,0.011968050312992917,0.03715302042039653,-0.009568241520182041,-0.0010697932308945113,-0.00626867919568852,-0.02285180333004877,0.05999314425325564,0.06966857089892231,0.006500675684975643,-0.0010406161666266511,0.003694175196500782,0.014787947390115741,0.011820771790272855,0.011780948839973437,0.005038294225846174,-0.016677281746702743,-0.0006526662293996344,0.0061278844513635855,0.0018608414224721703,0.02869772456014119,9.627599590888991e-07,0.04796552763830608,0.03895348405538718,0.00339440124820356,0.0018193389832108497,0.0,0.0,7.904086689297651e-05,-0.06533532024152366,-1.0558293762397142e-05,-0.006752887310387812,0.02249019921747264,-0.013978240225738015,0.02043663084222791,0.013578962290352048,0.0013386400151245148,-0.0518668503355042,0.024604605998013895,0.011843784962189963,0.021474036714314026,-3.5662750579756874e-05,0.0,0.0,0.0,-0.07157826057623662,0.006509831595904514,-0.002214098830243094,-0.00016025637589039965,0.024060272574074615,0.0,6.618295871191338e-05,0.018532256160860905,0.020801310110948434,0.020400938560112714,0.00324699555892749,0.005610693347429474,0.03294311366053504
0.0,9.371592331630652e-05,-0.007079804491778197,0.0,-0.026081879221485166,0.003191168513835163,-0.020236304322276244,0.0864864876984443,-0.007489717493999792,0.008361432418647341,-0.0007518248035168207,0.018285932413861894,0.027181532200217073,0.046311839878645344,-0.01595991830771376,-5.247506971955973e-05,0.003188243501654753,-4.8079186381000394e-05,-0.006758724402070537,-0.01392734305242982,-0.0004855602753646715,0.002029207372311659,0.010995430705828979,0.015055826490332935,0.0005574358532248191,-0.0031163497482880054,0.005722484684654305,0.00019116798860058237,0.0008648561027067014,-0.007435880618419821,-0.0027363632403175076,-0.023114972939071166,0.027245147675687087,-0.05450604177467411,-0.02993877855633359,0.013499290496345073,0.0011263517917743104,0.007403240121388488,-0.020022923685761418,0.0011239730651116386,0.018896050851679835,0.00633585067489012,0.02612051376941832,0.004102577428452603,0.0,0.0,0.0,-0.00010233536279224964,0.0,0.0,0.008516558052536094,2.220446049250313e-16,0.00011003562024264335,-0.0005392118659988676,5.551115123125783e-17,-0.0069081350050556045,0.006307804058316047,-0.00015258067513185258,0.0,0.0,0.0,0.0,0.0,0.0,0.0,0.0,9.701832200265104e-05,0.007019739917005885,0.0,0.0,0.0,0.008010791923263039,0.00039086501354407277,0.0022382709225501896,0.0,0.0
0.00971316664908356,-0.014312143024397206,-0.016636130889801926,-0.026081879221485166,0.0,-0.01998138763709356,-0.001934938824774246,-0.026391938556185934,-0.02284078712935561,0.004136129153825274,-0.016334128034887097,-0.04139995592870532,-0.012542827353173691,0.004289782326218905,0.008776498096594587,-0.0025961319561311202,0.0033865139121030396,-0.020090477008398833,-0.045697195679439306,-0.0051689498428885705,0.014243558155172809,0.006241925631055634,-0.0028886224585529807,0.02191394072177477,-0.01143013291038214,-0.014326385068279268,-0.015141791279506989,0.001331851213976054,0.04032013048336236,0.007267472195701119,-0.013907087094658821,-0.03282825704245801,-0.004632182033911469,-0.01575040879794476,-0.023137778270713893,-0.00383775581140966,-0.03623904753306492,-0.006111891927660484,0.014570458005581266,-0.004066383172533716,0.0007991016684709695,0.01204341515780516,-0.019857585672664158,-0.03112058388969169,0.0003110174258489362,1.1102230246251565e-16,0.01289387926859581,-0.045718385976029896,0.0,-0.051094160453059534,0.010823333494258569,-0.04368711233613859,-0.008494364615716676,-0.03666433536736824,5.551115123125783e-17,-0.00045311036779877023,0.0031914519810382624,-0.004739163611844677,-0.00839069135367293,0.006582221482283546,-2.404456972587843e-05,0.0,-5.551115123125783e-17,-0.044516880194688746,0.014014038184609612,0.00011517327218774076,0.007550099366638974,-0.003375136873263407,0.0,3.086724670564589e-05,0.01086295656918912,0.011271566890295515,0.006201209144929276,0.013384000608061608,1.1102230246251565e-16,-0.0046608298514175805
0.011027363107509514,0.0008079013178950989,0.040560154055291564,0.003191168513835163,-0.01998138763709356,0.0,0.010122222922322344,0.017351642550628543,0.016468716972583286,0.011517241883121587,-0.024267732753491422,0.017318272729477058,0.023105889005352487,0.01634419831826206,0.009802641892751152,0.014105841936647656,0.002215830038642508,0.008467450657129838,0.005950447574289475,-0.00937436118680246,0.015271935777613599,0.005754991242660656,0.023729047920886426,0.04346476450324094,0.014438877228791724,0.017335984773848234,0.0055954668521044915,0.03196315194723903,0.028724340738028542,0.006328505114229943,0.018994042827533864,0.0026167018308039247,-0.005317438213087389,-0.0005769469099847213,0.005774382631185737,0.012370582310788691,0.01754251575960053,-0.002100451838242978,0.03412488127581653,0.007385324290201278,0.017643075606011527,-0.03662155554304808,0.043988844109191405,0.045687820834316384,0.011715030085701184,-0.0026749687917607123,0.010513399469377183,0.025442941945270192,0.011065110286803292,0.014076961522764941,0.030601627197188064,0.0167757598380176,0.0300346802783803,0.021355247201258365,0.02458738840138358,0.025503138339986853,0.08551803163345678,0.024826677027176558,0.03819486887514867,0.029784018698210124,0.03709380088701447,0.0,0.03423813356434591,0.00513292269627974,0.03842714315786222,0.025441193358228087,0.012063997919087077,0.020751849532254174,8.157552163357007e-05,0.030822672588173727,0.011508728743816976,0.03161586045045328,0.02420778039274618,0.018315066991287265,0.028644272482931332,0.024424822331575058
0.045367620120199015,-0.01030691689295643,0.0025319970281390547,-0.020236304322276244,-0.001934938824774246,0.010122222922322344,0.0,0.0027730565997469703,-0.016949564896803382,-0.008904555613143628,-0.027131284719843385,-0.014464418642051724,0.017806364750456105,-0.010712324536272688,0.024897032322082735,0.011431902526798987,-5.7373689483442014e-05,0.007369930801662206,-0.023945567061462114,0.0058021988465681296,0.023735657823048206,0.0070124075675564446,0.012302740438417115,-0.02292811386875443,0.0064596152196426115,-0.0012894001114739373,0.008797983480766214,0.03736881962137606,0.025772839658606828,-0.0006765604905533129,0.009636852677621044,-0.010205053314980006,-0.014337934932013019,0.003064921853685454,-0.04644106287441263,-0.0014865687509398873,-0.03273328874043929,-0.02555054019672348,0.04822954194343099,-0.016249376212157718,0.07810707728391297,0.022571108151723696,-0.012629380005460933,0.009489010780249107,-0.006912183949085937,0.0,0.00794116025784447,-0.007085089364680441,0.0,0.028449191774964966,0.013393254524511122,0.0006112029575681133,0.01382187689933112,-0.0033519060203056616,0.0014462570951170317,-0.05812713334706854,-0.00476560742592258,0.0064462558622288,0.01188504428112852,0.03259477415547202,0.01252195852516852,0.0,6.673733342549282e-05,-0.10126878362569541,0.026470877054687147,0.01072665262244099,0.005798135851335484,0.008917518612221564,0.00014832317169005682,0.011843545535411504,0.010428146767433144,0.014759893217125564,0.016961273017861656,0.019316679767663658,0.01054223869798221,0.013314310955660602
0.015408079026212773,0.019274549152940745,-0.012332431829303436,0.0864864876984443,-0.026391938556185934,0.017351642550628543,0.0027730565997469703,0.0,-0.026221154827918536,0.03432999193373615,0.020203797103724608,0.04452798011254022,0.004322297546268505,0.030916298277848864,0.0037018644846692483,0.02107518426275301,0.0015103325868974227,0.03859738864957157,-0.025643607103912502,0.002526393247812231,0.032354583974389395,-0.008037357891437724,0.02821403707828951,0.022878314851797366,0.048937107451995476,0.03667367432733171,0.01998233885871553,0.01784794361081493,0.0044553538523993685,0.014143614088309997,0.011454836830665394,0.05264739491758419,0.08267621253878676,0.004728931833338668,0.009501912900639176,0.00124662916149898,0.10493618122014442,0.020174726538972232,0.026868525455125802,0.01972018517209001,-0.00012347792685851733,0.008592427763081556,0.07177752249613539,-0.012993128998088466,0.0,0.05044063512896246,0.012116688783461116,-0.005081430854661284,0.0,0.00803905778831604,0.030844389085040724,-0.00213320875134293,0.06831267370944644,0.003912857779084455,-0.0001931577799164641,0.03173184654855654,1.267323719300606e-05,0.01793687124642357,0.07623201462494172,0.02548548946106216,0.00820633403633203,0.0,-0.00035778999166463654,-0.016457307179572056,0.010489128809049508,-0.018603032371050432,-0.003858643707328413,0.02697109999058339,-5.551115123125783e-17,0.01695585714768022,0.0039700633213536896,0.0418823176976546,0.023369866350300694,0.026550990262443397,-0.01160475171132258,0.027045872052414932
0.0016260560655297907,-0.002073001751227377,0.017218113460431173,-0.007489717493999792,-0.02284078712935561,0.016468716972583286,-0.016949564896803382,-0.026221154827918536,0.0,-0.0034909747069813424,-0.012613056712734438,-0.00605467000717419,-0.023298379134575387,-0.03212293369564906,0.023319297473640366,0.008234857759934655,-0.008968933536081414,-0.006630988462304865,0.010399801803928965,-0.007594168819675229,0.012774515414741228,0.010412831505186793,0.006225002159787774,-0.00936957961901691,-0.002787068245348967,-0.015220756635383415,0.024090720338532656,-0.003306865618539545,0.013384540786267052,0.015078223285871384,0.00011222722837400667,-0.0032954246594083525,-0.03572832305761631,-0.004600791895394529,-0.007835205547307877,-0.023773363865608688,-0.00011489018437044196,-0.00038486303487267337,-0.016272769562512113,0.004675321732996729,-0.08261348879669134,-0.026244091268703362,-0.015292346750445385,0.012917607469041692,-0.0015525776790720758,-5.551115123125783e-17,-0.008839939624109505,-0.007713964537260365,5.072253830173956e-06,-0.027927820236253065,0.01569895479279415,-0.01639243692042791,-0.0044049564063868285,-0.011664096045799655,0.008437537391665362,-0.0902894137624809,0.01191481049142279,-0.0058134920410003454,-0.006486336858204544,0.05134279397863856,0.009183692182529735,0.0,0.0,-0.027092584163757483,0.04225799942845254,0.00024052358968329468,0.006971155628052561,-0.0003692417181726526,6.24258654279286e-05,0.008077254548560064,0.01761768299545763,0.01452615114473732,-0.014787322662390578,0.009605423728847928,0.018143069429646164,0.018585753905432156
0.041226039603811326,0.013729369808258785,0.0062955016433873245,0.008361432418647341,0.004136129153825274,0.011517241883121587,-0.008904555613143628,0.03432999193373615,-0.0034909747069813424,0.0,-0.02420909416016903,0.025996783670893975,0.009655099964694602,0.042834212871760424,0.06252653073394177,0.016002983836260365,0.009344047707678493,0.0022387974256654064,-0.021766880476156047,0.03351102891398755,0.044544853845206955,0.0151657463042848,0.01831797822301895,0.021921360707685744,0.04687231325801383,0.04232734221425144,-0.0007589433505325038,0.02151759553966731,0.017379795257064012,-0.017341113776274675,0.010496358891465718,-0.004837738970739747,0.05075463642465389,0.05397206330205834,0.07177898396391613,-0.0012346860118950254,0.023406174541748537,0.06747368907667067,0.10287874067731922,0.06142961058388108,0.06583268239945128,0.014212273781487539,-0.010256882295390679,0.004385242261469358,0.041853443465137585,-0.007714663775756192,0.03377680603811212,0.0005541866553138153,2.8800959912589352e-05,0.0003275282901133991,0.012152599611180426,-0.013744345347291631,0.002214513204820079,-0.006920187093642782,0.02840951549676818,0.017617992138446115,0.026698936021566033,0.03776688772964637,0.0,0.0005611918146336548,0.0404694900033733,0.013752344573303099,0.04405811981486002,-9.46702644866182e-06,0.00015381525727536927,0.027967415000733298,0.00957360378087363,0.0161579053573494,0.025651951884925583,0.037240636195532195,0.03524262243228887,0.03462267814248143,0.03236736934005269,0.02218404792472678,-5.551115123125783e-17,0.049286026339749656
0.002653561892718481,0.00243069641797361,-0.015730762020365385,-0.0007518248035168207,-0.016334128034887097,-0.024267732753491422,-0.027131284719843385,0.020203797103724608,-0.012613056712734438,-0.02420909416016903,0.0,-0.02073503114412545,-0.03930593566405233,0.02614925662166606,0.0,0.00012964855446540025,0.0076231337356229,-0.017819085167609938,-0.03766311091201277,-5.557122520688518e-05,0.016453376106820017,0.0018827427890183435,-0.042771129476052216,0.008700656053863332,-0.011360796598045786,0.007609154889647307,0.01380190178647872,-0.025758721980953747,-0.03588669403960898,-0.002601460983932713,-0.029082925404452842,0.014817049921156178,-0.06438659634279087,-0.027501170357708438,-0.036704669884901564,0.02305616555591694,-0.02076368142737467,-0.03132807965489409,-0.007582249482166736,0.007584058533627536,-0.0070209289946654985,-0.02418990534822696,0.016902404045308794,-0.0048660495652207425,0.010615332126421073,0.0,1.1102230246251565e-16,-0.0012484378913120153,9.821800773246459e-07,-0.04915090030495456,0.028050139665965257,-0.033205761888889296,0.013496446181756605,-0.07204446009072496,0.0007562830656072106,-0.06044839686362585,0.010306560739273773,-0.014811208820415589,0.03340357809420058,5.551115123125783e-17,0.0,0.0,0.0,-0.1111390922957182,0.004599557115153308,0.0,-0.00012479684315302997,0.02112865974307354,5.551115123125783e-17,0.0,0.0003041496977131408,0.032479270762154955,-0.012781100270507828,-0.006219049935340504,0.0,-0.033293503992188334
0.03697062844356974,0.007407894259922609,-0.007806916481551407,0.018285932413861894,-0.04139995592870532,0.017318272729477058,-0.014464418642051724,0.04452798011254022,-0.00605467000717419,0.025996783670893975,-0.02073503114412545,0.0,-0.0053376269372720775,0.0605212128941392,-0.007294960800214967,0.014024254126476732,0.019897761430809457,0.015851932125524992,-0.025424722709986247,0.008176074833657898,0.02830448842027289,0.022854957955132094,0.05339365014916253,0.027586723393820567,0.04955610471059552,0.05029613143060796,0.022750495778771196,0.01989913699357332,0.03408582127556381,0.03629553581240763,-0.00018054413900270294,-0.020019188128554966,0.01265909495199169,0.026441829885653356,0.03998723213206895,-0.0005753109358736519,0.02069508372901213,0.03374585203604319,-0.0402958398883789,0.07244939989582178,0.09113040492407593,0.00908408811531064,0.0025483542657753766,0.015409099631812417,0.06433543877360076,0.004157785398872349,0.013858401885022187,0.005236412330744733,0.0059916462375135815,-0.00010329017408033936,0.007619119897478488,0.03157540760470451,-0.0005503275376106398,0.0013802711428795855,0.031119369887551096,0.003996658075681003,0.012175088628109287,0.061756868434605094,-6.205629219768749e-05,-8.166159604044987e-05,0.02386210596034971,0.028011852813992266,0.04832068665772388,0.01194362038982777,0.0049537810473738175,0.012255115506211056,-0.001415454759340684,0.05429061767356658,0.021829236475609526,0.04229401467687277,0.03937528693615189,0.029266021746070014,0.06260671776043664,-0.004027348260849772,0.0,0.04467612919050079
0.03146436700163069,-0.00912204357291413,0.0036795243554230694,0.027181532200217073,-0.012542827353173691,0.023105889005352487,0.017806364750456105,0.004322297546268505,-0.023298379134575387,0.009655099964694602,-0.03930593566405233,-0.0053376269372720775,0.0,0.0007677396766295197,0.013413529870500263,0.010937131692856483,-0.0027784741766266885,0.007195660358711775,-0.026373877138186452,0.00912014703833558,0.01888350191115823,0.006589723423318483,0.014247073167774016,-0.017347910862664295,0.010800365109042698,0.002368421074526117,0.01056026910808372,0.02056722400923272,0.031206642662339745,0.029895529376331442,0.00690796947955763,0.0011226335333275883,-0.011115544658539978,0.0017122206330000278,0.015010912798759823,0.029102588555286024,0.02072833103399424,-0.004473610074458179,0.027143790794167677,-0.003622521732134676,0.05211475790059533,-0.03842470503669698,0.019809833935369447,0.015883365260896898,-0.022104478487920243,-0.0010655915789784531,0.015668751764631283,-0.00033692724811429375,0.0,0.012178269418855914,0.012898665464929127,-0.004306127619114197,0.010582507657424356,-0.002233396482379746,0.013738432577396376,-0.07524856068485708,-0.03977676707523459,0.017068419046722627,-0.0029399757623185807,0.027418669477632995,0.01783521300258567,0.010748586796417658,0.01776107077155037,-8.458181314008328e-05,0.032664668630567106,0.03349009243189116,0.0367760777402536,0.009072064948070224,-0.0012640895299271815,0.027347497995331926,0.018845348505837245,0.017113714607132846,0.01283897461094452,0.021513722208793273,0.0074720018961976775,0.021836816497038503
0.016514063441346316,0.009284623572619166,0.00044656073622562076,0.046311839878645344,0.004289782326218905,0.01634419831826206,-0.010712324536272688,0.030916298277848864,-0.03212293369564906,0.042834212871760424,0.02614925662166606,0.0605212128941392,0.0007677396766295197,0.0,0.022718162589777213,-0.00036186104154017906,-0.00013197648596446898,0.00012053445182041989,-0.01230395071797391,0.022620559107182858,0.01638163548077448,0.010681804710618747,0.03028680325814942,0.02810762470377981,0.028399844561126375,0.03447687894141854,0.024090279385689195,-0.020085552811693774,0.03390072286333107,0.008259120319605684,-0.026903896175001163,-0.015150441006757331,0.05769511476920469,0.035938055127378854,0.06489996889222771,0.0026010932051379054,0.0019189411081661223,0.018229653446657,-0.0072136531819370076,0.0,0.002689490943718287,8.789802130726443e-05,0.017078238229417786,-2.8272041315835494e-06,0.0,0.0,0.0,0.037481118667705315,0.0,-0.0013981139796622188,0.022839857552836795,-0.008372893635936796,-0.009881895529890772,0.033154910226400824,0.0,0.006366001214816841,-0.00028352649878915503,0.014365574858362817,0.02767132075579265,1.1102230246251565e-16,0.0,0.0,0.0,-0.019011591997817545,0.0,-1.1102230246251565e-16,0.0,0.01710172820473299,0.0,0.0,5.551115123125783e-17,-0.08535523690357699,0.009310526810639042,1.1102230246251565e-16,0.0,5.551115123125783e-17
0.012270626954141994,0.005942812597407421,0.014699290649131724,-0.01595991830771376,0.008776498096594587,0.009802641892751152,0.024897032322082735,0.0037018644846692483,0.023319297473640366,0.06252653073394177,0.0,-0.007294960800214967,0.013413529870500263,0.022718162589777213,0.0,0.002815424140177325,0.010188293174110852,0.01686539886030236,-1.1102230246251565e-16,-0.0019835707925404678,-0.0014102170171338968,-0.02499565190621017,-0.013422580421356078,0.023556241051400806,0.015654155927235514,-0.012315245344700632,-0.03810563832436975,0.0070662664014249366,-0.009449469912203523,0.011981992616635906,-0.00814425694253973,-0.0092319990131296,0.0029358975576643243,-0.012140000979345034,0.0019080302152301165,0.005298972020859827,0.011823351800620274,8.676641472143976e-05,0.006924599183290747,0.007298998660553002,0.0009326768600778634,-0.02164701612832426,0.06297195558106872,-0.004327199414721317,0.0,0.019223900280311623,-0.00903355566983477,0.0074706786293506355,0.0,0.0,0.018762050021562837,0.00831961016420707,0.020694780911818478,0.0026910394349102806,-5.551115123125783e-17,0.0,0.007412420641457418,0.025760901897231958,-1.6100443392286223e-05,0.009081138087186635,0.01273945945424304,0.0005627867913098883,0.021461298329590928,0.0,0.007871375616813503,0.010825876866322082,-0.0044979408635729135,0.026357335570635576,-0.00010643292593215392,0.022723677866518632,0.0001788405567725304,0.017862979109329546,-0.01711382387208188,0.022456192724397417,0.001006134705959505,0.00235865226750398
0.035261744116252935,0.018643196893614933,0.003810325718487717,-5.247506971955973e-05,-0.0025961319561311202,0.014105841936647656,0.011431902526798987,0.02107518426275301,0.008234857759934655,0.016002983836260365,0.00012964855446540025,0.014024254126476732,0.010937131692856483,-0.00036186104154017906,0.002815424140177325,0.0,0.006441668876568829,-0.01249876467167943,-0.00012741937033972084,-0.013396268504767717,0.01225793808549619,-0.002933279387719978,0.008370188781128662,0.01437057503249417,0.03475008571171917,0.03071719307466253,0.006977277210664046,0.011049469721198801,0.0021240694538471883,0.01489921849240422,0.00918720995759037,0.005188605027300064,0.007774907495880612,0.005186784044219517,0.022228309475322727,0.01681351958607724,0.008524421054186604,0.02160927254770889,0.03365530771222314,0.056674761950757824,0.05256906182990284,0.045365722853600965,2.099374974540158e-05,0.0,0.0,0.025104484441778596,0.03589484397204129,0.0,0.0,0.0,0.009995621058501436,0.011491644518107857,0.008408542314016665,0.0,0.06832750367488766,0.0,0.02617889617050473,0.022759713541994964,0.0,0.01441778165674612,0.05052931917386172,0.0773703350497848,0.06238919758348144,0.0,0.017375066299150144,0.010346646513023472,0.022913938762814612,0.03150598095448809,0.027004923303746653,0.05387899674475649,0.03813643943962014,0.04048632136200614,0.012411844669622474,0.04201776237726351,-1.1102230246251565e-16,0.04170039785853091
0.02188440364249189,0.038254045758686905,0.005658478370521414,0.003188243501654753,0.0033865139121030396,0.002215830038642508,-5.7373689483442014e-05,0.0015103325868974227,-0.008968933536081414,0.009344047707678493,0.0076231337356229,0.019897761430809457,-0.0027784741766266885,-0.00013197648596446898,0.010188293174110852,0.006441668876568829,0.0,0.010443653212054538,0.00010261627882768298,0.004769810334124158,0.012708119789026917,0.02457705719508335,0.024088717057082154,0.025172820683428854,0.009380389654988552,0.039387834103138175,0.0089675902446551,0.013905165481382264,0.012322502946610858,0.045782163822148725,-0.005238001247101498,-0.02003071817152008,0.008096486388715296,0.02174435533604685,0.045449528635224556,0.0021522213371962806,5.821510114234485e-05,0.029418096074585676,-0.00859936571831954,0.06113019619359267,0.058771977447064694,0.016586286255214355,-5.551115123125783e-17,0.0,0.038701785156412816,0.03827749061336122,0.0332714621615573,0.0,0.0,0.0,0.0,0.0,0.0,0.0,0.049925507163119276,0.0,0.03929202347209254,0.0018854533236337678,0.0,-0.00023451829642762156,0.027850194715808296,0.046839687911737204,0.054998288768237535,0.0,1.1102230246251565e-16,0.0,0.010984976438549399,0.0,0.023317883050676003,0.06032867969362765,0.05455602617292743,0.0,0.011058702528213227,0.00012652026918841264,0.0,0.05043081726465953
0.030569592496397513,0.03201523972334541,0.010775116222939363,-4.8079186381000394e-05,-0.020090477008398833,0.008467450657129838,0.007369930801662206,0.03859738864957157,-0.006630988462304865,0.0022387974256654064,-0.017819085167609938,0.015851932125524992,0.007195660358711775,0.00012053445182041989,0.01686539886030236,-0.01249876467167943,0.010443653212054538,0.0,0.0035080311153319332,0.0013290615187431798,0.03673604293505167,0.019129133538010656,0.05332207850449877,0.021905733406880734,0.02620813241992348,0.013747596609614277,0.014111492262500414,0.011587629428701174,0.006617765014698074,0.0022677625021277903,0.01660515161037368,-0.005741506639631022,0.0004433568593125159,0.017981437402003475,0.037790133202987464,0.00867187088126814,9.70233253959063e-05,0.026936676922496072,0.029623177499897235,0.06784512341477994,0.06244016942507441,0.054850353667134755,0.0,0.0,-0.005915683151197004,0.03185597913826421,0.042208951525182614,0.0,0.0,0.0,0.007940896822523025,0.0004091785096767553,-0.00042347157445826733,0.0,0.07334089500424334,0.0,0.06431072041976227,0.014952466780125129,0.0,0.007842415145891457,0.06053635999343754,0.06522696321849736,0.056060769736146376,0.0,0.032643214917116525,0.021284583576959948,0.028023098388578194,0.026044216017013566,0.03066193657926891,0.0574788806135485,0.05067819909776744,-0.0004829972975053387,0.010132285387645323,0.029703725161143057,0.0,0.047701658921758316
0.0,0.008977700535715727,0.008143077333432558,-0.006758724402070537,-0.045697195679439306,0.005950447574289475,-0.023945567061462114,-0.025643607103912502,0.010399801803928965,-0.021766880476156047,-0.03766311091201277,-0.025424722709986247,-0.026373877138186452,-0.01230395071797391,-1.1102230246251565e-16,-0.00012741937033972084,0.00010261627882768298,0.0035080311153319332,0.0,0.0002603895582596327,0.0434828804381342,0.007659723875231617,-0.0775815626938155,0.003590121472650587,0.006596663407235748,0.006470849202592499,0.047242819543729664,-0.018244631790723886,0.010432745091285167,0.0016523332732754636,-0.010275605239397745,-0.008910974661961057,0.0023183180580223506,-0.016652795976024926,-0.02997841015349345,-0.01979368367080986,-0.01291106278837284,-0.02756604579049804,0.0036208479543410887,-8.839742839439335e-05,0.030123050293636655,0.00035441429211496844,-0.010421554309162806,-0.005886018756534772,-0.0005503128106804089,0.0,0.0,0.02335204058567808,-5.551115123125783e-17,-0.01627055892739737,0.026654478534040793,-0.03022738485598897,-0.0023714733371738017,-0.008211701108173486,-8.88175834170557e-05,-0.19000981154790902,0.019296336584402884,-0.0008236552915366069,0.005529892595239616,2.220446049250313e-16,0.0,0.0,0.0,0.013984862098476714,0.00010890943766322936,0.0,0.0001233515378055161,0.011837535739391725,0.0,0.0,-5.551115123125783e-17,0.01659591470155275,0.008360961643452236,0.0060161125562478435,0.0003754716309039008,0.013014365426898933
-0.011868685299412596,-0.016131847933623045,0.011968050312992917,-0.01392734305242982,-0.0051689498428885705,-0.00937436118680246,0.0058021988465681296,0.002526393247812231,-0.007594168819675229,0.03351102891398755,-5.557122520688518e-05,0.008176074833657898,0.00912014703833558,0.022620559107182858,-0.0019835707925404678,-0.013396268504767717,0.004769810334124158,0.0013290615187431798,0.0002603895582596327,0.0,-0.014123613036299165,-0.014239636316173865,-0.0572996119432545,0.027836357553252034,0.006962977065711251,-0.00419309278303337,-0.012863316817955495,-0.014111910196227484,-0.0015678241385828628,0.05086729478120361,-0.021011419256155905,-0.017151451506771997,-0.009826092790677032,-0.028254976210532634,-0.014941408719557625,-0.0010108014832903578,-0.007099088748381166,0.03167634901161104,0.007971077705551388,0.0029902557815355,-0.0032819285264873987,-0.022999707038547146,-0.0038797247099665033,-0.00938212501695257,4.76422517962094e-05,0.0037993321936690694,0.009447873598870338,0.02075796869354629,0.0,0.0,0.014874303607183448,0.024941595087144386,-0.0006081154819190804,-0.007279697518662309,0.0006185566620696137,1.1102230246251565e-16,-0.002331433200287003,0.01587367597966216,-1.1102230246251565e-16,0.010363009363965725,0.028370753450740083,-3.33965250130519e-05,0.020083968478379843,0.0,-0.006383908078186895,-0.022871831293562628,1.502303869066468e-05,0.024341780533111534,0.0,0.04405358308219848,0.002732824497551023,0.016982011314893297,0.02486440012661173,0.018706736915892475,-0.006503501442786608,-0.0033688899130786543
0.00480869440106696,0.028723827784556177,0.03715302042039653,-0.0004855602753646715,0.014243558155172809,0.015271935777613599,0.023735657823048206,0.032354583974389395,0.012774515414741228,0.044544853845206955,0.016453376106820017,0.02830448842027289,0.01888350191115823,0.01638163548077448,-0.0014102170171338968,0.01225793808549619,0.012708119789026917,0.03673604293505167,0.0434828804381342,-0.014123613036299165,0.0,-0.006621753437059619,0.008302041491572099,-0.0012048616386347577,0.04395657859085639,-0.006946777038252916,-0.006952370844675426,0.024282600428525758,0.002961090465885996,0.014947830398663764,-0.0018620805545018215,0.0064942958010281715,0.018753127711314266,-0.00302111398733923,0.01407212200397967,0.06904338447999014,0.02375097145348365,0.024854915262439214,0.0052124702527169275,0.014110818177732909,0.010512836507532541,0.007724346522242853,4.576753424390123e-05,0.0,0.0,0.024550669277142223,0.010310730984198158,0.020509986323004714,0.0,0.0,0.026560655022027646,0.011096604758523754,0.014913896981385344,0.004953090487365364,0.008554520885642902,0.0,0.0002589807327064153,0.03634491794480732,5.551115123125783e-17,0.021203538690548918,0.028690323161623343,0.0,0.045540062111304236,0.0,0.006737756983509424,0.05513467182167947,-0.008310481397495184,0.039269885074647126,0.002771898374443693,0.0425708136800268,0.01861012133072737,0.028536718200605438,0.03180002820835548,0.037461423754085676,0.004776955772476721,0.004228877577926282
0.025289123501040678,0.029278162175724043,-0.009568241520182041,0.002029207372311659,0.006241925631055634,0.005754991242660656,0.0070124075675564446,-0.008037357891437724,0.010412831505186793,0.0151657463042848,0.0018827427890183435,0.022854957955132094,0.006589723423318483,0.010681804710618747,-0.02499565190621017,-0.002933279387719978,0.02457705719508335,0.019129133538010656,0.007659723875231617,-0.014239636316173865,-0.006621753437059619,0.0,-0.03482827868938537,0.09967414424068727,0.029700328410854626,0.018506936742706648,-0.01946121307681775,-0.0004018169200109001,-0.014131623652345604,0.03194792851659045,-0.021748279831652895,-0.009641208029919468,-0.0003358383343204929,-0.02632049453890356,-0.008712427036014936,-0.00427032767504143,-0.007638979492862519,0.03226507721488342,0.0037248040073802335,-0.006938919534465904,0.010539456980270534,-0.010964774558042178,-0.015012185829170632,-0.0007452178326056713,-0.014447245930318653,0.024827895469806294,0.01708831126131727,0.008644995478927164,8.853436428868378e-06,-4.393312931499915e-05,0.01714110224425286,0.010282283971205786,-0.006049889182838941,0.011213146013606234,0.017972793101460993,0.0,0.010556590827020651,0.01732836885536526,0.0,0.002805026285284007,0.03211737810850862,0.00765710291278815,0.049112257134813486,0.0,0.002276243274042855,0.010167497216553967,-0.0005881649715220871,0.01350904684422577,0.006646860035480928,0.049743668085649895,0.01170934921895972,0.009688056912262322,-0.039186151048359485,0.024658383326600142,0.025623511611875427,0.018285950895145342
0.006975382871124369,0.005557634455555738,-0.0010697932308945113,0.010995430705828979,-0.0028886224585529807,0.023729047920886426,0.012302740438417115,0.02821403707828951,0.006225002159787774,0.01831797822301895,-0.042771129476052216,0.05339365014916253,0.014247073167774016,0.03028680325814942,-0.013422580421356078,0.008370188781128662,0.024088717057082154,0.05332207850449877,-0.0775815626938155,-0.0572996119432545,0.008302041491572099,-0.03482827868938537,0.0,0.00890706916958095,0.06193210524325521,0.02070934247826184,0.009367898613492465,0.011852296431035803,-0.002279526764877582,0.005092676126801643,0.009585064413964783,-0.0012682722829186477,0.009432293331397223,0.0005683946092641112,0.0013686468757149184,0.019052994430575287,0.011519529552425023,0.059879415786777135,0.02215572618355921,0.032335842501127476,0.021006224283361408,-0.061026210320966445,0.05216137554946865,0.023470537193349017,0.01562706081533416,-0.023176534970072216,0.02272056868659511,0.006409635904823685,0.009345647613397734,0.015402975864431068,0.030653535186678016,0.022861286446443585,0.03426151590550719,0.018036682146459593,0.015973700427939996,0.013171499888525728,0.06785207134880944,0.02528698856412992,0.05111039965890718,0.03298944283450955,0.04615965217532347,8.124074053589281e-05,0.05605794141627324,0.03291296489575968,0.022835639220698867,0.027433709744970558,0.020384849469569033,0.018355498066968567,0.00031308563894544283,0.06114207759456436,0.010571191993337836,0.027574517288568523,0.02179332266074352,0.018270709478816594,0.023985607111347895,0.018108005644129843
-0.00790757383825108,0.005138231906229751,-0.00626867919568852,0.015055826490332935,0.02191394072177477,0.04346476450324094,-0.02292811386875443,0.022878314851797366,-0.00936957961901691,0.021921360707685744,0.008700656053863332,0.027586723393820567,-0.017347910862664295,0.02810762470377981,0.023556241051400806,0.01437057503249417,0.025172820683428854,0.021905733406880734,0.003590121472650587,0.027836357553252034,-0.0012048616386347577,0.09967414424068727,0.00890706916958095,0.0,0.03380371900425072,0.03392435977401986,0.017830579751537734,-0.019847935895814295,0.016496815254728403,0.007621061559448639,0.008275532863197599,-0.024427477413353993,-0.010013312830798232,0.031532769436840524,0.09817937433911633,-0.003413238892861048,0.0016559877322919192,0.02142292774834284,0.11017436148602566,0.08568140540750241,0.07292864548694195,-0.05985314574529477,-0.008010422373655068,0.002601291140113704,0.06162536361847443,0.03464572958052353,0.024151864317127514,0.0,-5.551115123125783e-17,-0.00032088604163249546,0.008063172828184473,-0.0002749679247399661,-1.6653345369377348e-16,0.0005716309923286533,0.0220144368155874,0.00042052335342351865,0.01653015916607964,0.01900502894198658,0.0,-0.001149901096107464,0.05211886452813874,0.026943375697138505,0.046961292347503236,3.910400122397739e-05,-0.0007540867270319773,-0.0036429464414554635,0.013027019614982482,-0.001001344257685055,-0.017369010641553884,0.037989530855289666,0.033328395427728086,0.003699514199827836,0.03941462265245005,0.012836657359548143,0.0,0.02945959423463118
0.0277047848692194,0.027756985760446717,-0.02285180333004877,0.0005574358532248191,-0.01143013291038214,0.014438877228791724,0.0064596152196426115,0.048937107451995476,-0.002787068245348967,0.04687231325801383,-0.011360796598045786,0.04955610471059552,0.010800365109042698,0.028399844561126375,0.015654155927235514,0.03475008571171917,0.009380389654988552,0.02620813241992348,0.006596663407235748,0.006962977065711251,0.04395657859085639,0.029700328410854626,0.06193210524325521,0.03380371900425072,0.0,0.006502356861478931,0.009162737065442073,0.016955979087870054,0.015826033898007907,0.02198390561551461,0.017090396705770616,0.012231491890993096,0.0061789449253282225,0.031206855911465936,0.04854600939695425,-0.06802455117294137,0.002086257852592588,0.03914161321032483,0.04345150078143378,0.0661320054033151,0.061625471283154765,0.05903094807659354,0.0008158109804472513,-5.551115123125783e-17,0.058751144673530376,0.035683263745071137,0.0384324634921841,5.551115123125783e-17,0.0,2.220446049250313e-16,0.016137612214189134,0.008641570390802211,0.04299909996031143,0.000537816659940793,0.07021384347795423,-0.0004080919109787362,0.06414278248197047,0.038672852346512465,0.0,0.016110994586598204,0.054702490523095504,0.06431346073490313,0.05516645850114926,0.0,0.03312194912847216,0.04166092165226937,0.029959227848635694,0.030925264695536914,0.030928768394074935,0.05700846217771821,0.04963390694170311,0.02405870453138692,0.04195363993613738,0.03439895235746582,0.0,0.043716831501448616
0.03051056572255112,0.012690098310335796,0.05999314425325564,-0.0031163497482880054,-0.014326385068279268,0.017335984773848234,-0.0012894001114739373,0.03667367432733171,-0.015220756635383415,0.04232734221425144,0.007609154889647307,0.05029613143060796,0.002368421074526117,0.03447687894141854,-0.012315245344700632,0.03071719307466253,0.039387834103138175,0.013747596609614277,0.006470849202592499,-0.00419309278303337,-0.006946777038252916,0.018506936742706648,0.02070934247826184,0.03392435977401986,0.006502356861478931,0.0,0.011947335646738388,0.009958288516423164,-0.011342107366143384,0.019298286106407714,0.009755165054259274,0.014868168627912293,0.019536106465487535,0.023352346999254925,0.030984500687094352,0.04991405916454278,0.014410053830217318,0.051574617998667416,0.03131931415616701,0.04979338421410062,0.04562305141742967,0.018189261814398616,0.10343556284378125,-7.048383860747132e-05,0.058007414086794606,0.03420663261357482,0.03143697778351945,0.015094737561429039,0.0,-4.4101626915593606e-05,0.012721066258532698,0.00721040763636327,0.03375970857418542,0.01778072638484901,0.05115744513280679,0.0,0.046609621802934764,0.019304561598298797,0.0,0.004270120562715474,0.04924083751085934,0.050172611569668624,0.046154155846940825,0.0,0.00911161440513164,0.02213743448063399,0.0069435060711250385,0.015124700722099982,0.019605803818335932,0.048538500830092646,0.03806605020951598,0.013720872515791127,0.04059356433130584,0.021448811641137377,-0.0005084461943842267,0.03263998761908332
