0.0,0.7791612329031179,0.23930327741202936,0.0,0.6346600055800544,0.51130865335535,0.6979846450809188,0.7054378228800626,0.750507406475909,0.38250936592710566,0.5768995826133793,0.40685898950622806,0.7525801504436576,0.9653129268385233,0.4347487969524364,0.7482378933301487,0.28867935641193637,0.5914713177743457,0.0,0.5447041185866441,0.44302416007404233,0.7369091663074903,0.7077791663949529,0.3614333528400584,0.4248185054641059,0.6979620036633964,0.4171620314834361,0.5848394978507843,0.5242094154759742,0.3717494921773531,0.49507555080774135,0.7186948657629095,0.4775376364466323,0.409784002544351,0.5216009340066274,0.5720542593595772,0.49723446964422424,0.31930778426935497,0.5733153361204067,0.36988097108482043,0.48095710517731016,0.7414677989388472,0.469891298401206,0.0,0.3464926817021145,0.7801487110712119,0.5895496359942586,0.0,0.0,0.0,0.8051410193162395,0.0,0.7949646227245013,0.0,0.03508775893193172,0.0,0.38721344813352243,0.5899858769513245,0.0,0.6167727526619353,0.6142291323628476,0.20801629767349045,0.604140167760409,0.0,0.5063043209806517,0.4641969905811515,0.5716315919895405,1.1360811477277921,0.6154934148773965,0.5190847922623629,0.8688628314291956,0.74024180172134,0.43615184453216416,0.663605401666217,0.0,0.3895405476114187
0.7791612329031179,0.0,0.8272460129464079,0.4191519803777889,0.6747812412594827,0.6677733952805734,0.6824313812413946,0.7599606650713637,0.5675113534445266,0.44023373936354837,0.34118885191126963,0.3064555841275144,0.660420505605135,0.2901231880798209,0.9006338841321924,0.70125482248976,0.7521078892358811,0.6649542430981609,0.4297414145922212,0.7544726737491689,0.6430814747586011,0.8495667823244878,0.7998607837168359,0.6204410835660246,0.6583623421223207,0.5873746563985294,0.8959142537482772,0.6284182086972401,0.6379988538666022,0.7258481051737322,0.5991776414981642,0.7208086171232386,0.389662980910493,0.5674086690557874,0.711058046674286,0.34765996151081646,0.05546374302843518,0.0,0.5385123597762966,0.5471254667357535,0.4764933686381304,0.7130910716465275,0.6129631593628821,0.0,0.0,0.6982762413541925,0.5711562210074741,0.04512089536593227,0.0,0.0,0.6586361829865233,0.6529991815239764,0.6946987052112219,0.937701777607099,0.5549492580668146,0.0,0.3477228178393438,0.6375383488554851,0.0,0.7582546892587054,0.5644374500305572,0.41720016470385446,0.6601674742026795,0.0,0.6919648621294139,0.7496993609142808,0.7861178970729055,0.6816374535257481,0.5298014168089433,0.5309302591667455,0.6252575621931056,0.6948329900653618,0.7326821679883122,0.6044136663132126,0.0,0.5706801393773917
0.23930327741202936,0.8272460129464079,0.0,0.3583742514435511,0.20496264501843042,0.29898530116250255,0.3504156848381271,0.15713476770875245,0.29846623303216036,0.06137386314987009,0.3072429750321893,0.6266800902094842,0.3426317002194682,0.18971236089574417,0.14533655620324604,0.4665802420298185,0.37253923235826225,0.4648716123303802,0.35476161277765406,0.3065743334812645,0.7798806263809339,0.7706389758886276,0.29624240138613367,0.4253688589842008,0.6273695937245858,0.6596548030837521,0.3666098339666697,0.3513257800848344,0.5944227068675767,0.5866327683980694,0.29481686409089486,0.3299887004060077,0.4531175307705259,0.2646064334883362,0.1084703544092449,0.35089672638348324,0.3944187665190315,0.4151694576600277,0.5912916589972742,0.4963897561465325,0.48193498239096344,0.29197583609112054,0.6699412172012404,0.45362933939259686,0.0,0.0,0.4105268108322138,0.14664603790869546,0.4803264781829434,0.3439168645230042,0.5158472983958784,0.38574482480609884,0.09194835239363991,-0.13259210536984373,0.42861383363868877,0.41222218382551584,0.43675000413749543,0.49169361330654127,0.39497152285561116,0.359194205219347,0.0,0.0,0.0,0.027748173298314804,0.5028927955270283,0.517390256974483,0.25130157052510316,0.497463300913759,0.0,0.5569050990883722,0.5411657342190175,0.7301492815652022,0.5338958774158564,0.4913170053312971,0.47439167016108585,0.26679584044553084
0.0,0.4191519803777889,0.3583742514435511,0.0,0.26557603986499606,0.41980135573290484,0.13380846639056476,0.4633334179528491,0.23887317327229635,0.18711826073050752,0.3246540329202099,0.3006591929313301,0.26672345127217173,0.8316202503923231,0.5931092084270545,0.29637301251689374,0.6139011810693863,0.46895044531591207,0.20827110025114592,0.6231656668323916,0.4558330954506046,0.6853535223079804,0.453126454464156,0.41289469005191554,0.8096491384712363,0.802697597551046,0.6110504271479703,0.26865545672037244,0.2917848605034544,0.5811559467101388,0.43339038993682977,-0.010075966687054738,0.32970873937379885,0.1771391443087002,0.2794864634080019,0.23257749576828365,0.03355870220156473,0.206954422982848,0.1217345040094896,0.3898407893373236,0.2804695309683459,0.14674834722259117,0.41951684825312746,0.38103781853688656,0.0,0.0,0.0,0.4304192021678056,0.0,0.0,0.6275390132440373,0.0,0.46641475583137326,0.34388584279798373,0.0,0.21887743853429598,0.5069094809125236,0.4556748405767926,0.0,0.0,0.0,0.0,0.0,0.0,0.0,0.0,0.47998633482622255,0.47594521909239995,0.0,0.0,0.0,0.39202156708281655,0.48082070563664253,0.6478656784551471,0.0,0.0
0.6346600055800544,0.6747812412594827,0.20496264501843042,0.26557603986499606,0.0,0.4311157994531254,0.22425471777118272,0.41424029590631356,0.4010581846131642,0.22925953376055128,0.2503491792712057,0.15500381958858855,0.20636763288464008,0.3318230015064943,0.481160339949674,0.7284200015655243,0.5655731815164966,0.4916257942328698,0.2662509993874443,0.5519650688435769,0.7699030754482745,0.5836204209137057,0.4024198447017288,0.1197076179230315,0.6625670642509441,0.514844933380348,0.5322373303261942,0.11877504997946264,0.5324057660028683,0.3674440661645589,0.15557602018573355,0.4633577664833711,0.015361325227165379,0.13244174301609973,0.029565433314902245,0.30489180062265014,0.32687265682917843,-0.015113356356500796,0.6059415399039234,0.4487979434527485,0.6250290768832221,0.74068530291845,0.4025728877758692,0.763137414243672,0.3792202848147708,0.0,0.2747517958337597,0.3034711443442981,0.0,0.5657469618896883,0.3735942430465321,0.5752428512107267,0.43887289602003426,0.2662032093677761,0.0,0.32604693897494885,0.23062683894007088,0.5214078648790967,0.25765305179020126,0.389303495318005,0.46064866294298135,0.0,0.0,0.4895604385937985,0.4757543509302036,0.49482837770144494,0.4736627274881519,0.3857513178086987,0.0,0.4971427035453717,0.7289843544343713,0.32892278782525775,0.46309123963469884,0.30658803676211516,0.0,0.40527417600139937
0.51130865335535,0.6677733952805734,0.29898530116250255,0.41980135573290484,0.4311157994531254,0.0,0.41360770636694444,0.546636107151598,0.4637709389110561,0.29139540916379814,0.2617716403324469,0.6900272794388042,0.21430277051502616,0.42117671026969067,0.7252139752324236,0.569443186848128,0.4083878298885564,0.6030234018839298,0.5205838399074196,0.4292013494387799,0.5859474237346065,0.5118842628629137,0.6005584296255687,0.5529649707086232,0.6455927854227976,0.6594541636416824,0.39708523573316945,0.34645391636949135,0.3293764846368884,0.6409739932489631,0.5163314123207087,0.39818474115621594,0.8367420739025697,0.49934755601201186,0.48460240386097453,0.40477604716974813,0.1929148482455565,0.41967433864434833,0.5438862855358828,0.295057909313635,0.49129999479544867,0.5765949461782506,0.3543858401833133,0.6485283309805512,0.16490305313134174,0.7154804164693533,0.49868325371419253,0.40846472424798486,0.5995977896352617,0.2721673295657267,0.42773912702647404,0.45117807406726784,0.37451235320351584,0.415514108615381,0.43909837467592516,0.3809557593782122,0.26606629284015826,0.5005004725333373,0.46302019343041584,0.7065398360236907,0.5742164847895977,0.0,0.53378969241914,0.3484204388758138,0.5838055754837446,0.3787091574827265,0.7991583249267076,0.5247773408484095,0.5022594439487498,0.5516613177516816,0.49679830666531893,0.5322120644364915,0.4934708382790839,0.5896851046250012,0.466549770083053,0.5226099771175734
0.6979846450809188,0.6824313812413946,0.3504156848381271,0.13380846639056476,0.22425471777118272,0.41360770636694444,0.0,0.3701043128260015,0.39111559083532615,0.26918570995514046,0.19783060610879477,0.17186504268766015,0.30399560295825057,0.38488382738412785,0.6781715871522478,0.6640272378306029,0.41913625586506836,0.5907040974948505,0.22663168983471343,0.5244856370246018,0.48779779110665134,0.5874958642793556,0.40425948647925586,0.5949167337948379,0.6488372484190899,0.6198790276446123,0.4361902265882186,0.4147227117643737,0.4827945931575239,0.4312345078753985,0.15958737599895578,0.21838437735705288,0.4254743616798568,0.05758486755007458,-0.01848545045181041,0.32925271893621844,0.33024679535714646,0.2488670030026895,0.7030936316640632,0.15468334865744685,0.6576484449622704,0.630360941691757,0.5474640579357419,0.7889024674338018,0.21300022804515392,0.0,0.6788391151932618,0.23390762650608105,0.0,0.4458898204434847,0.37565180703678713,0.3707912514179,0.30748559569111733,0.336697828194437,0.5074425507625456,0.3788260753353214,0.45225587031486414,0.3784680530848919,0.17815025260915074,0.274987335240578,0.6460162589709219,0.0,0.5119025420737291,0.5311037200272547,0.6197686925410926,0.6756565814951927,0.554263489173035,0.3968502974740381,0.4673436507472038,0.6478767904649706,0.6655464265200142,0.41505950367559646,0.5097327423600436,0.48590772708411256,0.5955810130019921,0.4460539227613113
0.7054378228800626,0.7599606650713637,0.15713476770875245,0.4633334179528491,0.41424029590631356,0.546636107151598,0.3701043128260015,0.0,0.3215776634280229,0.6818086892077273,-0.004451655754042161,0.7344695363451015,0.48577177701136365,0.31639140831401114,0.8409801663450515,0.7325872304203839,0.4175878104554046,0.6946146543914771,-0.10759043813507296,0.589575748229938,0.4230390849733786,0.7671728649368834,0.2963233219565093,0.4765327099231926,0.5259484521898204,0.6695831613953076,0.3528101805149264,0.5797056091219338,0.6484627976679262,0.7210243112056786,0.5730554189921984,0.4316130860859188,0.4390325393077978,0.5323772479399337,0.3740651825288341,0.2171326795265762,0.36147497775475707,0.37734327096136033,0.6942670904616636,0.4992389928309905,0.45345605675216727,0.4514028541071868,0.17257279652953084,0.39513558231397966,0.0,0.44281272965931207,0.1399302984736909,0.5087110868335958,0.0,0.5766738491515604,0.45409672389642297,0.515272917186314,0.10039044231926131,0.28749667248323996,0.6359006302061068,0.4060991281776414,0.9784860333977621,0.5197166142289984,0.3356089492576728,0.6312125676931604,0.32895369631978993,0.0,0.5658271366730352,0.46751558158093354,0.4800895423177356,0.5058382035596598,0.5250387168618524,0.5781941359644813,0.0,0.5247164866748808,0.4785588586589816,0.5407626151320875,0.5690418298051456,0.6433439102217191,0.6778559199234105,0.5058743459332
0.750507406475909,0.5675113534445266,0.29846623303216036,0.23887317327229635,0.4010581846131642,0.4637709389110561,0.39111559083532615,0.3215776634280229,0.0,0.27143229479515574,0.4128301768904061,0.2386693005303205,0.26479807844548686,0.3733898338614254,0.8491606626288277,0.6343610089557324,0.4348040558647128,0.389483288704242,0.3301005723797986,0.5665497827858752,0.5772697688702413,0.5680194803929595,0.5743433983027895,0.39882747766612503,0.560032201659353,0.6061009540279956,0.5136914825862287,0.3257995369956185,0.4275934276472931,0.4396716586919691,0.2866095293382601,0.3185886801447033,0.3390241183314594,0.25539332132404385,0.2027351222004487,0.38379717016599724,0.21527779568253627,0.20214680420148434,0.3769880760591528,0.5458583155485991,0.46339340143332175,0.043062797893794746,0.3994470603630095,0.3812049113042499,0.20495171479278915,0.0,0.5831968744450755,0.38541982296103533,0.4768138591801988,0.38968982675812813,0.3170652854951767,0.45814545253470274,0.2219902165931275,0.31030420330110964,0.2896626897086292,0.42816804862976776,0.1985463771881461,0.3364916628806951,0.35785807853054363,0.4433503914520617,0.6594635736643935,0.0,0.0,0.46826312236504086,0.7179719625273282,0.6498108407238361,0.7621219799815802,0.3807497642438547,0.43218239965550526,0.42432202527034024,0.3712604762623467,0.3548781887828092,0.3809860692032096,0.49712969740705953,0.025564107015265125,0.46266710934087707
0.38250936592710566,0.44023373936354837,0.06137386314987009,0.18711826073050752,0.22925953376055128,0.29139540916379814,0.26918570995514046,0.6818086892077273,0.27143229479515574,0.0,0.23264077267310515,0.1575538452944562,0.2312549533049531,0.5164285063047108,0.5462857886441138,0.4223925441833347,0.4944773543570086,0.31939488347783695,0.18458898246464567,0.46779337111791874,0.5114565350112532,0.39080421977669605,0.42738786020923225,0.13150283723380154,0.35979116065177896,0.3657068294513238,0.4560048985229572,0.504053494378004,0.26826345499618665,0.2360860502933553,0.24527451470195122,0.4964703536242151,0.44250513821239756,0.4487930237642089,0.3438805861653865,0.6340310202395798,0.3534148663414428,0.31909187317812343,0.8896977771041512,0.19209609971513789,0.4162997240188394,0.5313501375248983,0.32032537541578393,0.24489039859401096,0.37840817133777904,0.4164314682524549,0.5409104387487745,0.36875896485416637,0.48429809625339076,0.48504633937770825,0.39856112216271966,0.30391017966091505,0.7166683016819327,0.20497326934764715,0.20554527966388372,0.41883614692375154,0.13447493630884355,0.5686711102771849,0.0,0.6210923095800456,0.7278146836940229,0.3653469155488259,0.5019017398637337,0.4815088213121082,0.4746797203240877,0.22577514011033184,0.5151830328585627,0.4284498775982802,0.09895443809065099,0.32186022166805717,0.2055345082382677,0.4914062807172942,0.48145125184165405,0.39598897287375795,0.0,0.29229752421272903
0.5768995826133793,0.34118885191126963,0.3072429750321893,0.3246540329202099,0.2503491792712057,0.2617716403324469,0.19783060610879477,-0.004451655754042161,0.4128301768904061,0.23264077267310515,0.0,0.12155017170071303,0.1716961771080041,0.3747953107970984,0.0,0.502949781112457,0.3922655256071667,0.3933655429684381,0.4057261631795562,0.4599937214145428,0.30106459419567544,0.3234713113865499,-0.10569658936330295,0.028252196898894966,0.4333159629667036,0.10729875187307863,0.2531297671495263,0.18661189774929549,0.19201003836906844,0.49452589962230814,0.17527553151127273,0.39034486168989757,0.2348734343612272,0.24956525948872904,0.17266106993055247,0.4195277367703155,0.3940842011644031,0.1411960342523939,0.594042420135395,0.4525279108337729,0.6221624439528348,0.3802681729324184,0.14179408964278656,0.48640791408179146,0.15636719331194798,0.0,0.0,0.38294074962860924,0.476828529317169,0.21210803607457418,0.5311471044201728,0.15317114205153776,0.5155978194319542,0.6308705804286572,0.3881716059180959,-0.07763238748248494,0.5095244995536999,0.21273178974382073,0.4120429854338016,0.0,0.0,0.0,0.0,0.1163535892389787,0.5541508655058913,0.0,0.5322150173955464,0.485512361109768,0.0,0.0,0.9509336107916848,0.2030834695070722,0.22358722834908515,0.014650646055147543,0.0,0.5720439912757344
0.40685898950622806,0.3064555841275144,0.6266800902094842,0.3006591929313301,0.15500381958858855,0.6900272794388042,0.17186504268766015,0.7344695363451015,0.2386693005303205,0.1575538452944562,0.12155017170071303,0.0,0.23014436361429447,0.44571970500278113,0.5839735886046891,0.6591314307075329,0.4615338977722093,0.4422020699204611,0.14155625405470906,0.5908381052967564,0.5899372330108348,0.37932235569659195,0.6059338227097968,0.3712880561170749,0.2981214524613441,0.36204756927363374,0.5088620586993322,0.6464853324502928,0.7175015054106351,0.16641343210715742,0.4200635077631637,0.5709242615968649,0.4600019694172549,0.7603257354411845,0.4912126289999148,0.3600252255371642,-0.006451338480573693,0.49522696548743167,0.5954752622430943,0.2481724301620438,0.40855720453791466,0.4399368823955687,0.5345391232397277,0.27355083147670767,0.43800104354150315,0.07011217892942687,0.6288672661870707,0.3810630111023853,0.17973499529248105,0.24909256530069107,0.16194132572528466,0.3773158118764114,0.37058079421909895,0.2741052184795062,0.17701603285671547,0.19597917286892344,0.27201640476824973,0.5696270065399074,0.5724605876160093,0.5363523197751991,0.7728310826251981,0.2790173956893546,0.5536534513628122,0.24611400445970388,0.913278478918612,0.5853384364943889,0.5388227863221193,0.5702058579523885,0.039158345050484905,0.3013382946260194,0.15373563466650386,0.4076238882200621,0.6511765876250327,0.5627901834028163,0.0,0.30843699028662064
0.7525801504436576,0.660420505605135,0.3426317002194682,0.26672345127217173,0.20636763288464008,0.21430277051502616,0.30399560295825057,0.48577177701136365,0.26479807844548686,0.2312549533049531,0.1716961771080041,0.23014436361429447,0.0,0.33948602244852033,0.7516003001858155,0.6629509434723483,0.11611119165513334,0.6877225817589702,0.24534984082987876,0.5210373733287805,0.5050074186012052,0.5325560603447184,0.5051186475996629,0.17631114112415158,0.7061208956398508,0.5490058553083738,0.421657977699786,0.60859978484716,0.5063342118874278,0.65548168360977,0.17928088083799099,0.18027498675753012,0.1223366132856197,0.0664137557431404,-0.07672073711850091,0.2454208917520744,0.23567264377062958,-0.019148375376910443,0.7586563161446034,1.08205417019053,0.7976258346695295,0.843377365000257,0.7303890924868877,0.4229085102626821,0.3923760922991576,0.7498620703360912,0.7209921788333504,0.3605313264134248,0.0,0.5432562790035567,0.4218006746208326,0.46042664827192914,0.3941827731728803,0.37454878837555894,0.46809666889246027,0.39967429260906095,0.49316829121938627,0.5205701171142234,0.30054527082388166,0.29073299369298916,0.5764882454434468,0.3575592823028214,0.6771742361728683,0.4929524138807386,0.5346382036539481,0.5483947516166122,0.7112644251162052,0.4880141444896359,0.4613144732501401,0.548267677307746,0.6206987397951,0.5292376718584508,0.5741057347095451,0.5560130398069634,0.3946725330670686,0.5469954056974773
0.9653129268385233,0.2901231880798209,0.18971236089574417,0.8316202503923231,0.3318230015064943,0.42117671026969067,0.38488382738412785,0.31639140831401114,0.3733898338614254,0.5164285063047108,0.3747953107970984,0.44571970500278113,0.33948602244852033,0.0,0.2906150439994641,0.5082067084314187,0.4975263918699109,0.4796670461967216,0.10648411127271445,0.24340092614339276,0.34225627596990404,0.1256173554364608,0.23808710401050281,0.4292761837608087,0.5974486031977162,0.4141241083124656,0.3636462679759875,0.3325084971654982,0.3811935475112638,0.4915968163098433,0.3943851080593078,0.011515672283827105,0.35010518507302946,0.41786934393492603,-0.10857277681974914,0.225777094353767,0.29004559021283915,0.28217292453177384,0.5454934821348421,0.0,0.6648084711231762,0.6984977406188402,0.21066412127457113,0.4796444170840407,0.0,0.0,0.0,0.3454334802804984,0.0,0.27488236892881446,0.35178626102204624,0.3349376576642642,0.4745129939901565,0.20630708699836953,0.0,0.2734644067049067,0.38964587042654963,0.4507355487958873,0.18720506814888146,0.0,0.0,0.0,0.0,0.24316958507273786,0.0,0.0,0.0,0.29599686404386893,0.0,0.0,0.0,0.3582742249142805,0.4214283271168248,0.0,0.0,0.0
0.4347487969524364,0.9006338841321924,0.14533655620324604,0.5931092084270545,0.481160339949674,0.7252139752324236,0.6781715871522478,0.8409801663450515,0.8491606626288277,0.5462857886441138,0.0,0.5839735886046891,0.7516003001858155,0.2906150439994641,0.0,0.7189524331698433,0.3983559492495675,0.6979387048309108,0.0,1.0566558382927074,0.6985777394363752,0.49988563616417775,0.3562976051792571,0.153310856607727,0.5006564191089717,0.890829680153721,0.6350818381650791,0.5626897019086745,0.9235850876350504,0.5354133449148106,0.9553174355555194,0.7716130049693455,0.7909998055529035,0.8949594775137035,0.851285553155206,0.824066986675611,0.49488648793260126,0.39138222038590753,0.4415832540046555,0.489095394336331,0.5825679914192484,0.529723548859234,0.4266745700422504,0.7674706288575988,0.0,0.5096623675159543,0.7930731618584923,0.3936299347325962,0.0,0.0,0.4416037258666987,0.6746838326658036,0.5159281792095116,0.4192832140745638,0.0,0.0,0.615325697060884,0.5098658231370711,0.4786122547878068,0.7221671544188455,0.5084670023240934,0.5478671168328086,0.6577372752635368,0.0,0.7087474454182863,0.7956721745763232,0.8403778286029839,0.6724783833161991,0.4737430512958089,0.6419729466726458,0.7298813215601381,0.601097259811745,0.41104899836340836,0.38806487740912216,0.4282629813699499,0.490944139392445
0.7482378933301487,0.70125482248976,0.4665802420298185,0.29637301251689374,0.7284200015655243,0.569443186848128,0.6640272378306029,0.7325872304203839,0.6343610089557324,0.4223925441833347,0.502949781112457,0.6591314307075329,0.6629509434723483,0.5082067084314187,0.7189524331698433,0.0,0.6812824511961908,0.8214725161388882,0.45999099256986253,0.5314214362850631,0.7374616939811307,0.5802980808035187,0.6560826492828802,0.6800052704425524,0.7181136555466718,0.6538993937154214,0.7182275999729277,0.5433309447242431,0.5854246191676533,0.5309381536592306,0.5930748845167223,0.7740293790581952,0.3344792002828379,0.3986256939429117,0.7710432866427377,0.5601182402357663,0.46047753929766116,0.680690907044152,0.6645928562561609,0.42339230016424856,0.5681204838296767,0.6258911108421219,0.46836492551428927,0.0,0.0,0.5294415397232894,0.6777771254856482,0.0,0.0,0.0,0.5435578685646354,0.7638772043117485,0.9812456780979844,0.0,0.7255003308073459,0.0,0.49427746257294003,0.5295040440666928,0.0,0.8242241190898039,0.6739186348607227,0.5239658385523205,0.7426826728636499,0.0,0.4952248374888184,0.7430389398345467,0.7998583439129765,0.7692139299609053,0.2700397441669642,0.6715670613148833,0.6726947771146898,0.7737328497277993,0.8532788496215646,0.5482628087237779,0.0,0.5295685071098408
0.28867935641193637,0.7521078892358811,0.37253923235826225,0.6139011810693863,0.5655731815164966,0.4083878298885564,0.41913625586506836,0.4175878104554046,0.4348040558647128,0.4944773543570086,0.3922655256071667,0.4615338977722093,0.11611119165513334,0.4975263918699109,0.3983559492495675,0.6812824511961908,0.0,0.8936327266491055,0.5971201982420912,0.45747005151864545,0.4966533638381938,0.522230162960938,0.34711465985616424,0.2779989100542359,0.2878476260905589,0.39314821513876025,0.537692917252867,0.6290097281658555,0.3253033509272324,0.37836836241040694,0.5472943088556228,0.4611576618759685,0.5400777205026901,0.5284024426691588,0.45738225799652465,0.6340306798113144,0.36458072000331143,0.13290440873782688,0.5370096079289945,0.362479321829217,0.28239130065046847,0.5611698143141508,0.0,0.0,0.4896801330040673,0.4496651192152783,0.6523514907962217,0.0,0.0,0.0,0.0,0.0,0.0,0.0,0.2853583805598736,0.0,0.2132001465832692,0.17502694471841215,0.0,0.5942303484821669,0.4088802589411207,0.3102527058123059,0.38322928329895883,0.0,0.0,0.0,0.6789171414565658,0.0,0.2202279391882554,0.34388669107552483,0.35818002420783446,0.0,0.26142494570247155,0.4814056129240365,0.0,0.45062432795098895
0.5914713177743457,0.6649542430981609,0.4648716123303802,0.46895044531591207,0.4916257942328698,0.6030234018839298,0.5907040974948505,0.6946146543914771,0.389483288704242,0.31939488347783695,0.3933655429684381,0.4422020699204611,0.6877225817589702,0.4796670461967216,0.6979387048309108,0.8214725161388882,0.8936327266491055,0.0,0.2717792401506942,0.6902093758348816,0.5905213663833979,0.5826182976652349,0.5884046129427655,0.5739870744394053,0.707207801245739,0.5268840988770767,0.7256722085600728,0.5635340797835815,0.5359986608512401,0.6063939921579715,0.5412689639857473,0.585278981475791,0.633601738823224,0.4601638348591322,0.34905834450191,0.3902297373534413,0.40665851144574017,0.3763292285638178,0.6525568797175911,0.430296850446343,0.39453989676726764,0.609619270469273,0.0,0.0,0.7402830774889786,0.5979690467213458,0.673909340045656,0.0,0.0,0.0,0.8379820095499042,0.5046691443618719,0.5851043976793816,0.0,0.5292606556130578,0.0,0.39286501565906534,0.4737983776060397,0.0,0.5436411064679312,0.6564972151868993,0.5026730419110217,0.5265843349753392,0.0,0.5467993988730416,0.7110855218060674,0.717555429974361,1.0599259678118493,0.4396887425125138,0.46766047686084067,0.4927405194286666,0.441176679461506,0.5966124295057014,0.5717691758144975,0.0,0.6004014027719003
0.0,0.4297414145922212,0.35476161277765406,0.20827110025114592,0.2662509993874443,0.5205838399074196,0.22663168983471343,-0.10759043813507296,0.3301005723797986,0.18458898246464567,0.4057261631795562,0.14155625405470906,0.24534984082987876,0.10648411127271445,0.0,0.45999099256986253,0.5971201982420912,0.2717792401506942,0.0,-0.5113900701102574,0.5209567744796595,0.4595575524844872,0.12772389056764585,0.5683824090075897,0.4145751918965145,0.4478401367603407,0.5034892047292219,0.27899574577548275,0.33909297865356314,0.42598190068410036,0.2598634038223148,0.38357451338217824,0.30068358452161587,0.2625548323524586,0.12708455617726594,0.35848957801954673,0.18100011140385072,0.12220560185273982,0.5321281863343971,0.4668404506907452,0.4572070428806,0.31081736039124047,0.6328145980158238,0.5176901839284659,0.010620386299708635,0.0,0.0,0.7001876372322149,0.0,0.47115372784552256,0.4749392301769126,0.5469021290507354,0.4360036193420933,0.5264031396446252,0.6235917814101755,0.4926087950508736,0.4144755259681204,0.45971713369761535,0.27217864654350155,0.0,0.0,0.0,0.0,0.6029903790973459,0.47869210434763887,0.0,0.4955071536551012,0.482643111880572,0.0,0.0,0.0,0.028249017876448457,0.5518119271692753,0.2851917426682618,0.470607985951522,0.4898588547900362
0.5447041185866441,0.7544726737491689,0.3065743334812645,0.6231656668323916,0.5519650688435769,0.4292013494387799,0.5244856370246018,0.589575748229938,0.5665497827858752,0.46779337111791874,0.4599937214145428,0.5908381052967564,0.5210373733287805,0.24340092614339276,1.0566558382927074,0.5314214362850631,0.45747005151864545,0.6902093758348816,-0.5113900701102574,0.0,0.7882833463433805,0.6834396139658565,1.0888710488190025,0.2690723475770474,0.7106256184378219,0.8317585841269803,0.8923314416325826,0.5279934907414334,0.5658467668945022,0.47872433505840184,0.7996119250177199,0.7927128138020803,0.8195659210833186,0.9358453393200827,0.7883165621805462,0.903278559797362,0.4938346798661776,0.7244260708995142,0.5704590707184585,0.492513714624214,0.6375981178891545,0.4524714430299911,0.5570122550505286,0.2866646325918919,0.35096449942387564,0.7178308825079454,0.46755324308839963,0.4163835966477579,0.0,0.0,0.429857873628025,0.5857433478755772,0.5405523355546235,0.569004258178951,0.7922150952804843,0.0,0.4754899845247285,0.5197662067081615,0.0,0.6575644581265842,0.4064992243667025,0.4688132172734851,0.49798270870431316,0.0,0.5529087341995388,0.7851261435019653,0.9085636536863604,0.5110639561217056,0.0,0.5527814634553803,0.4261168023336044,0.525920543699372,0.461286009885528,0.5092669096510325,0.5031630107418972,0.6318471317850631
0.44302416007404233,0.6430814747586011,0.7798806263809339,0.4558330954506046,0.7699030754482745,0.5859474237346065,0.48779779110665134,0.4230390849733786,0.5772697688702413,0.5114565350112532,0.30106459419567544,0.5899372330108348,0.5050074186012052,0.34225627596990404,0.6985777394363752,0.7374616939811307,0.4966533638381938,0.5905213663833979,0.5209567744796595,0.7882833463433805,0.0,0.7059646802708938,0.4570043330524322,0.49195651576171884,0.42246874341601803,0.8292891288616628,0.59268472274979,0.39215525808286555,0.5297499979168049,0.4685060368354263,0.706226111680432,0.6244104749011833,0.4054176953108942,0.7205034326745641,0.729156796415108,0.6396948556941919,0.5204292312335782,0.6831276500777279,0.44938639369275657,0.2959494296857629,0.5235932563995919,0.5742964229152347,0.3377155757855269,0.0,0.0,0.756851918153801,0.6430951991724845,0.4851486774180849,0.0,0.0,0.4312063345267413,0.4530094174214996,0.4901616525940572,0.6540432622302804,0.5821881550158451,0.0,0.8934546445042244,0.5149855017143478,0.0,0.44467948258819945,0.4425916222070051,0.0,0.44446376449020375,0.0,0.3780938043259256,0.7383601756614417,0.6422496931833,0.47600836871527913,0.5479884074416113,0.40508426453220114,0.7272608950348853,0.4648910856681011,0.41324641333821616,0.3208106973696915,0.350839125899697,0.3764364796889644
0.7369091663074903,0.8495667823244878,0.7706389758886276,0.6853535223079804,0.5836204209137057,0.5118842628629137,0.5874958642793556,0.7671728649368834,0.5680194803929595,0.39080421977669605,0.3234713113865499,0.37932235569659195,0.5325560603447184,0.1256173554364608,0.49988563616417775,0.5802980808035187,0.522230162960938,0.5826182976652349,0.4595575524844872,0.6834396139658565,0.7059646802708938,0.0,0.8472191057900076,0.4575483836584926,0.7368625691191534,0.7887779967844106,0.7680318971113813,0.6012065742539365,0.5527162737824349,0.5491945131859555,0.6287980767137596,0.8061503299241157,0.7360323077871268,0.8889990290453067,0.8439712326225075,0.741229184159674,0.657748301054555,0.5757065114431406,0.724069405916821,0.6487313572675224,0.7487764944311057,0.7461238480089112,0.42938510946825503,0.25677970772425823,0.41651666849312674,0.6698291233916929,0.8134438897195624,0.5609275925029016,0.4792258895927932,0.400860602169351,0.7527659721767013,0.7356822514763477,0.5741818342089396,0.6226505463562041,0.3809824365739759,0.0,0.6998722886101785,0.6042502365272433,0.0,0.6582585063916606,0.6176036419092907,0.3830632631129421,0.7255577327887766,0.0,0.5083042359190697,0.7034942666435922,0.8147697895248323,0.5749918584285225,0.4707753874719828,0.5484462129515969,0.760567208711542,0.6328503048897456,0.8196074732807432,0.4694267408378612,0.6568907311670165,0.6890579910344655
0.7077791663949529,0.7998607837168359,0.29624240138613367,0.453126454464156,0.4024198447017288,0.6005584296255687,0.40425948647925586,0.2963233219565093,0.5743433983027895,0.42738786020923225,-0.10569658936330295,0.6059338227097968,0.5051186475996629,0.23808710401050281,0.3562976051792571,0.6560826492828802,0.34711465985616424,0.5884046129427655,0.12772389056764585,1.0888710488190025,0.4570043330524322,0.8472191057900076,0.0,0.5900183289432055,0.47033091371336905,0.6162939264966456,0.4431123263207303,0.4933420522876302,0.6268327655052717,0.5634901348156476,0.5733803436226157,0.5873498379856921,0.5949058033306072,0.587169928298944,0.5948056276322513,0.46223479213778546,0.3787549842706259,0.2676882122481185,0.5130858839155547,0.2442473776759204,0.5834389047236018,0.5166411000630049,0.28092697129108035,0.5976651551935689,0.4221417777146437,0.20545922277725048,0.6581461275544209,0.5598616811690744,0.35261387367052577,0.4702265852632479,0.4939389937250234,0.44511981217099494,0.34115459623091016,0.4512980815573894,0.5595155741665199,0.3657056621315325,0.2666185879939043,0.5151173546089692,0.4560591600908951,0.5938727537179014,0.5503825121489527,0.47467972032408845,0.5447199492426287,0.6232384981140144,0.4326095634595454,0.680383524847683,0.8311705178637576,0.7225241347712095,0.36422146926871257,0.653956613812442,0.6258365286969872,0.543141942783604,0.5431981533350769,0.4966489213711972,0.6740216375782148,0.6063843965068163
0.3614333528400584,0.6204410835660246,0.4253688589842008,0.41289469005191554,0.1197076179230315,0.5529649707086232,0.5949167337948379,0.4765327099231926,0.39882747766612503,0.13150283723380154,0.028252196898894966,0.3712880561170749,0.17631114112415158,0.4292761837608087,0.153310856607727,0.6800052704425524,0.2779989100542359,0.5739870744394053,0.5683824090075897,0.2690723475770474,0.49195651576171884,0.4575483836584926,0.5900183289432055,0.0,0.3882206343268187,0.4400568404511072,0.510748499983377,0.49693062256498705,0.34401908854226404,0.6290324683065263,0.20582057692697672,0.6191560464138293,0.3544947132003008,0.182232667724737,0.3356888767896802,0.34450769859544506,0.3450902148168258,0.42939366026791786,0.8215690702112615,0.3269884457248989,0.5744831415426279,0.7788515701716294,0.6742394465160135,0.27089236553568286,0.4788012013010572,0.612052230922926,0.45551110916792553,0.0,0.0,0.4696120419800871,0.4826478827419779,0.3854045825359079,0.0,0.32139497702671943,0.27025676850494496,0.4935375498260305,0.19422412372784667,0.44595569524858314,0.0,0.3668880012667793,0.4427788078243826,0.27161953089737306,0.38982292192757284,0.4718495440174346,0.41517708486759825,0.5477916744992486,0.26088149316022513,0.6533268624675761,0.15650835447931177,0.24998705613052782,0.2837873493516626,0.36925206825641066,0.5228023960885106,0.82094973368701,0.0,0.4942732379906559
0.4248185054641059,0.6583623421223207,0.6273695937245858,0.8096491384712363,0.6625670642509441,0.6455927854227976,0.6488372484190899,0.5259484521898204,0.560032201659353,0.35979116065177896,0.4333159629667036,0.2981214524613441,0.7061208956398508,0.5974486031977162,0.5006564191089717,0.7181136555466718,0.2878476260905589,0.707207801245739,0.4145751918965145,0.7106256184378219,0.42246874341601803,0.7368625691191534,0.47033091371336905,0.3882206343268187,0.0,0.29694875013192645,0.7196826433589945,0.5649250344532613,0.542286271995975,0.46270156271947405,0.39926814341385686,0.4171709509210264,0.37887493063762173,0.33461167006978404,0.3466442944464124,0.40297869037874773,0.6416428102088041,0.33907597817590185,0.6220133032761855,0.48299743395325206,0.43982368684075634,0.6000625558144367,0.1735658531373997,0.0,0.5316934473847532,0.5216692022313156,0.6201636611347332,0.0,0.0,0.0,0.6361259379883146,0.6064702399941492,0.5858806376317093,0.4248784584015243,0.3690287355288439,0.4725077813684574,0.31245085987588905,0.46485630000163813,0.0,0.493675226942747,0.6927448657205568,0.3728167866565414,0.5809226345371994,0.0,0.6819500809581654,0.2937338137332872,0.6694487347240832,0.636736279002715,0.27752833466805693,0.49726677869911573,0.47316061025748013,0.5714185845446205,0.6021501035940247,0.5091423728728817,0.0,0.5258016052612213
0.6979620036633964,0.5873746563985294,0.6596548030837521,0.802697597551046,0.514844933380348,0.6594541636416824,0.6198790276446123,0.6695831613953076,0.6061009540279956,0.3657068294513238,0.10729875187307863,0.36204756927363374,0.5490058553083738,0.4141241083124656,0.890829680153721,0.6538993937154214,0.39314821513876025,0.5268840988770767,0.4478401367603407,0.8317585841269803,0.8292891288616628,0.7887779967844106,0.6162939264966456,0.4400568404511072,0.29694875013192645,0.0,0.7391620243924724,0.5715311967174869,0.6125814648580881,0.33551567069027094,0.45193017965973714,0.6694833490295733,0.39282804152032114,0.4944633481566511,0.580428455581946,0.7484471005865954,0.6010744200738944,0.24818824727714975,0.7258897501378161,0.5589533618753193,0.6288147625354107,0.7488781560148818,0.3415047588061627,0.514846771146142,0.5422035311957882,0.7327138217309488,0.779546970388113,0.7113874965889704,0.0,0.0037770323724513957,0.6990852052510275,0.5990829521321783,0.6755757127820209,0.9742938937603929,0.2685790192109917,0.0,0.21967099851482763,0.5754932148902083,0.0,0.7549235061115098,0.6604030927866036,0.3261263468795935,0.4515958265903498,0.0,0.6081437695479582,0.9035742022718685,0.8401483493884987,0.6872853114726103,0.25624968186861985,0.39425212555143285,0.6186045336837164,0.8701178756600889,0.715396244491465,0.6505814277545371,0.48304921620423835,0.4424778465568333
0.4171620314834361,0.8959142537482772,0.3666098339666697,0.6110504271479703,0.5322373303261942,0.39708523573316945,0.4361902265882186,0.3528101805149264,0.5136914825862287,0.4560048985229572,0.2531297671495263,0.5088620586993322,0.421657977699786,0.3636462679759875,0.6350818381650791,0.7182275999729277,0.537692917252867,0.7256722085600728,0.5034892047292219,0.8923314416325826,0.59268472274979,0.7680318971113813,0.4431123263207303,0.510748499983377,0.7196826433589945,0.7391620243924724,0.0,0.534566525192486,0.5796398982573585,0.7426153741715629,0.8055541278360626,0.6248989536682577,0.8211972413801492,0.784527219459253,0.7315759588777397,0.7266993745791951,0.8129120026813987,0.33714839198714786,0.5369319165640338,0.6300260513506208,0.4805020757983648,0.6490056552671207,0.6320756747525371,0.6086060720371302,0.3693561388324724,0.5177931694439005,0.5053560498865854,0.48776244240352906,0.32218508317590233,0.4028344004309,0.47749301714915604,0.4202649340561178,0.3270542500462238,0.33958147318793414,0.61364365918601,0.0827572198696217,0.18380087696779054,0.5216850103357296,0.48601169066855643,0.6610052255065761,0.43465105650624014,0.0,0.620919096255788,0.5570066116884306,0.4980925121058175,0.7216104177086433,0.8276654402621696,0.5283616618934631,0.0,0.5718578813402595,0.568033371618136,0.55926931453242,0.5791011317459756,0.5507071499914792,0.5749310777769843,0.5629314514671576
0.5848394978507843,0.6284182086972401,0.3513257800848344,0.26865545672037244,0.11877504997946264,0.34645391636949135,0.4147227117643737,0.5797056091219338,0.3257995369956185,0.504053494378004,0.18661189774929549,0.6464853324502928,0.60859978484716,0.3325084971654982,0.5626897019086745,0.5433309447242431,0.6290097281658555,0.5635340797835815,0.27899574577548275,0.5279934907414334,0.39215525808286555,0.6012065742539365,0.4933420522876302,0.49693062256498705,0.5649250344532613,0.5715311967174869,0.534566525192486,0.0,0.29328520851920553,0.7503904743024279,0.4995293407170505,0.37297204900539765,0.5665080781957009,0.2804626643568048,0.3467450728541618,0.24515993144521014,-0.02433408180318064,0.3375424698469106,0.7416135937864599,0.2711538978650048,0.8384132024562567,0.6473689543474801,0.8161543328388204,0.8909103351206284,0.4204872611753584,1.1261746239379276,0.6546749947658266,0.4195561668728378,0.0,0.5143010930662799,0.5094830240812174,0.4698524774504413,0.4065256219749733,0.4317281475373441,0.7105817023017057,0.3354300600556883,0.32947295232213597,0.5217020702011104,0.40781541536330224,0.4336539800817554,0.5993227792375562,0.35052851426925713,0.5021858569226535,0.5610923484516226,0.4858372292846647,0.4499112641496489,0.72691531647322,0.5430043701779546,0.5692685368855404,0.5291616389297881,0.4257901626225469,0.5522370247073636,0.5654045211555687,0.49466873201394607,0.4585039962830476,0.588300700557489
0.5242094154759742,0.6379988538666022,0.5944227068675767,0.2917848605034544,0.5324057660028683,0.3293764846368884,0.4827945931575239,0.6484627976679262,0.4275934276472931,0.26826345499618665,0.19201003836906844,0.7175015054106351,0.5063342118874278,0.3811935475112638,0.9235850876350504,0.5854246191676533,0.3253033509272324,0.5359986608512401,0.33909297865356314,0.5658467668945022,0.5297499979168049,0.5527162737824349,0.6268327655052717,0.34401908854226404,0.542286271995975,0.6125814648580881,0.5796398982573585,0.29328520851920553,0.0,0.11920560119317802,0.6144774456435902,0.5227170312956045,0.6931382486059254,0.6749053513590999,0.433727920795646,0.5314485003803081,0.42102204915833863,0.3258641675627932,0.53086991498087,0.4178894048509818,0.6257142326477789,0.4964961313310878,0.5913577481046106,0.5802925812079287,0.4257766760945691,0.537449560917306,0.46259043056026383,0.5061229340127242,0.47094534802672017,0.3892906156383883,0.5373680048014313,0.5283300217320538,0.5586094801714564,0.5441605635911178,0.6820920268681047,0.20038929283350965,0.3666675548487123,0.4904846301163085,0.5741440679566692,0.502115183860082,0.4368420649176608,0.4829627366838339,0.4707078462916574,0.5167842716743645,0.5256820836951993,0.5565051910358845,0.7049977139010319,0.6029185527770855,0.47510173444380294,0.5907819680977481,0.49605881462398776,0.5752698183362166,0.5605165311084012,0.5622475981988772,0.5642233919193885,0.631086379177985
