0.0,0.01986164019294223,-0.02316123617624133,0.0,0.008253616750868886,-0.0008942313899383825,0.01994482607211817,0.009085966377039623,0.03493968739097336,-0.02940524594218763,0.006813778354892885,-0.023664317544154656,0.005938786187641154,0.04259620886615384,-0.011188868168073074,0.0007097540052007356,-0.019375024811473407,-0.0013886817924403938,0.0,-0.013324019523584751,0.0008380916766322355,0.01498769104569092,0.008783497608478408,-0.039685071906552516,-0.012208216296180407,-0.0015617854427536493,-0.02920259431611838,-0.003630846804614729,-0.011274284768867715,-0.030804941512204143,-0.019947674798469095,0.004139641266430516,-0.017252743617683308,-0.0171534453393255,0.002092563959412541,-0.014738649099296841,0.000451936301710143,-0.037548610614633104,-0.0019449532313380868,-0.02775954919350576,-0.006350298554585576,0.028438508046214284,3.307249517525701e-06,0.0,-0.011683767188648608,0.03533757364852963,-0.004313143635832406,0.0,0.0,0.0,0.03544023966123522,1.1102230246251565e-16,0.01274106624794763,0.0,-0.0667148708928968,0.0,-0.02724585835820198,-0.007548608012188984,0.0,0.0024203182624684128,-0.00042215984392279804,-0.028763208322951983,0.0017837092921709763,0.0,-0.005368626375294616,-0.022502080700864013,-0.006490120827608137,0.047262477934753855,-0.0037036288454612154,-0.013036290780923276,0.026477271474459607,0.019801617722964904,-0.00021320335536273438,0.0037390879757645545,0.0,-0.018633970162594715
0.01986164019294223,0.0,0.02603071491459763,-6.593280149236325e-06,0.026467381797486034,0.01817736689432231,0.02125264139993338,0.01319106901539524,0.01789918658686196,-0.007869972748924037,-0.008276575502995431,-0.02116584776874003,0.01219381125276564,-0.007365274098611707,0.030317047404253672,0.0037056690806617776,0.01797765369612503,0.0012166517735628934,-0.021696163052643658,0.012083380198411098,0.002308822038694869,0.02030497221016825,0.01588576794613883,0.016281615571577424,0.016055904840932556,0.008579766899259655,0.029165522530278265,0.00939184459021819,0.015367546356198691,0.024501882150710252,-0.0065826687517984706,0.015837384822083966,-0.01184893664909431,0.0016678241291145368,0.01834252539151776,-0.02787506808682355,-0.0011313325243106354,0.0,-0.0011009997988787323,-0.009047878688805522,-0.0032120141253138557,0.009907682398455908,0.005488798708621123,0.0,2.220446049250313e-16,0.006597743897956643,-0.004204518158925807,6.0574942105651175e-06,0.0,0.0,0.0035431476591399336,0.0008791702224385523,0.01519961991059715,0.01804922092332939,-0.002215914792691509,0.0,-0.01630998174400672,-0.0020570427192647678,0.0,0.020837799141448732,-0.002718240956582574,-0.011681920967610004,0.009911148183947283,0.0,0.010055511083761237,0.007671670625814753,0.014454593675935712,0.005965312528290523,-0.002088262685910669,-0.004790014316367386,0.0003253810156895742,0.014351657984676192,0.006591548410306736,-0.0029398873996720476,-1.1102230246251565e-16,-0.00836387846696246
-0.02316123617624133,0.02603071491459763,0.0,-0.03264277770870033,-0.05082968813110328,-0.03928335825615503,-0.04370949369451094,-0.09753057297091527,-0.01869690945146396,-0.06365461594861582,-0.04781936356257144,0.0001409708356710504,-0.04923356223623376,-0.072802974646207,-0.040770930167721486,-0.0063975468092051235,-0.027318439063663158,-0.010980559179610994,-0.029013371400534727,-0.019865830727790024,0.043013091611863674,0.01588831619648451,-0.04229625542971244,-0.012390481226754235,0.011828664783775644,0.008954802691642338,-0.021278307214889935,-0.05226019057396741,-0.009391262536315614,-0.014864029033107684,-0.06399480923521661,-0.047676898492828634,-0.0077138626383340125,-0.0603426835480419,-0.07146915465181175,-0.04343935870796517,-0.024337580569788853,-0.016892820887598636,-0.009365539283333224,-6.773391225678438e-08,-0.016037916606301716,-0.041217741407487685,0.0022426968301140215,-0.03971564262100874,0.0,0.0,-5.013177300416949e-05,-0.14719500103672978,7.428170816226043e-07,-0.04515710441085158,-0.021190050508595903,-0.051866372379021364,-0.11575474802289659,-0.23151045611153487,0.0004998879404921053,-0.06452163805589722,-0.027525373817941012,-0.03507354592635592,-0.04662015177079748,-0.00014342834206859667,0.0,0.0,0.0,-0.18942633708513995,-0.01207944230199659,0.006079885530698603,-0.00025271944562327286,-0.03613927244938242,0.0,7.170437499282034e-05,-0.0015760111956892864,0.002777458655797038,-0.015441263125809956,-0.025811400982792165,-0.009021094996269241,-0.034680074092571234
0.0,-6.593280149236325e-06,-0.03264277770870033,0.0,-0.029844976553588337,-0.01877369187458605,-0.04164859748625649,-0.01856292132162629,-0.058054792087277485,-0.04726813380626782,-0.03017347139769383,-0.015358535929137829,-0.02765203799299365,0.061141056053065246,-0.004719332106939422,0.00048570911683493145,0.005510359509191987,3.3825579895396807e-06,-0.06474082580826612,0.002985578458746585,0.0004379966365348764,0.014106900197216832,-0.020706079557209267,0.006346804461001443,0.0004201760268388588,0.021234537730640102,-0.0038502483609307303,-0.024629009846029615,-0.02218259862513422,0.007222811891209935,-0.01784582790391942,-0.05075800211571449,0.009953594762883655,-0.03879807893467549,-0.02802416503688121,-0.004636243532548129,-0.031647804889002706,-0.02147394829233845,-0.034450521504490544,-2.1605958332338027e-05,-0.021940054737525694,-0.030313120202515864,0.01064123490375185,0.00671691003315894,0.0,0.0,0.0,-0.0006666326390319388,0.0,0.0,-0.005712626804333543,2.220446049250313e-16,-7.741434379371359e-06,-9.690452166094543e-05,5.551115123125783e-17,-0.011145584200662362,-0.0030147607579351643,-0.00032587618701124255,0.0,0.0,0.0,0.0,0.0,0.0,0.0,0.0,-6.825616756800379e-06,-0.017965957987706394,0.0,0.0,0.0,-0.016080340791576053,0.0013916599928564533,0.00249970569142266,0.0,0.0
0.008253616750868886,0.026467381797486034,-0.05082968813110328,-0.029844976553588337,0.0,-0.013921030063111517,-0.036044063125548975,-0.031616143697197396,-0.010804012389016238,-0.056147860440545094,-0.029546290955786314,-0.05000081122151678,-0.0505109542494932,-0.020045161312558735,-0.01010069039362732,0.010042139454260024,-0.00881319771753819,-0.0035494435748296693,-0.044379885657119755,-0.008847253272783073,0.014854874429238163,0.0013316981833632613,-0.02104794230888274,-0.050873312359856704,0.011843543071144547,-0.009200924569057134,-0.0070250693427947875,-0.05512609005657926,-0.013178883839428501,-0.02181258009322351,-0.07017649587294217,-0.00150732166975448,-0.05884891694907285,-0.05964887295774329,-0.07149843032617981,-0.012882046712285239,-0.01126689523807023,-0.06321825947214177,0.023356735416596164,-0.0056957426213914975,0.01680990332267951,0.03968914776256638,-0.025465183119612822,0.047517618332765965,-2.188128705732373e-05,1.1102230246251565e-16,-0.005924548905403393,-0.051950015139981875,0.0,0.006779522594962395,-0.03798742857714321,-0.009602006943342734,-0.017334266281815336,-0.04505326583562558,5.551115123125783e-17,-0.03298545579261686,-0.02152205452143663,-0.02890267026264176,-0.04572169475003324,-0.0028635929635764112,-2.365718735070077e-05,0.0,-5.551115123125783e-17,-0.0215685938697055,-0.0038186856146245063,0.00016831148556173403,-0.006814130486173797,-0.03928195517552263,0.0,-2.17163100751927e-06,0.007855016036565188,-0.03951851659967681,-0.024094685940608596,-0.0308361709712503,1.1102230246251565e-16,-0.03503754557735156
-0.0008942313899383825,0.01817736689432231,-0.03928335825615503,-0.01877369187458605,-0.013921030063111517,0.0,-0.021623696171950757,-0.009533672273174032,-0.0019591586519253634,-0.05274404811542299,-0.037656975731783504,-0.002794873815216481,-0.04417743961786186,-0.018491805837275666,0.008998623971059327,-0.007541617627533359,-0.01252585356190744,6.109161711903566e-05,-0.013809173723154322,-0.017188708898821237,-0.004820237742286904,-0.001683474624191994,-0.0010603486156083863,0.013313590368194295,0.008019525768104885,-0.0018991035468990947,-0.022976444294685483,-0.039615976931197616,-0.021535860057232237,-0.004674800716155392,-0.018306912891851435,-0.019993212294742435,0.015544578637745499,-0.017115952170360105,-0.016064362685701106,-0.030505517755357647,-0.049419187427013955,-0.015990625199729602,-0.009893437894668178,-0.014215403892429035,-0.013537134748489943,0.003459393554410106,-0.04484825551031968,0.004424204938861143,-0.016600270284779395,0.009344380544130393,-0.014815775567072864,-0.040861753541336365,-0.008010179841496268,-0.04487544719359665,-0.029670693551008986,-0.03263350238229873,-0.05068751545254313,-0.041255161166554755,-0.03787746423637006,-0.038342486567145395,-0.01643743253943558,-0.024237958785560343,-0.03433207305286501,0.014202463873500437,-0.005603320928768751,0.0,-0.006967802445424387,-0.04604643310979811,-0.0034152606981972533,-0.011722815985653001,0.017822780370309044,-0.015477137580381717,-5.739155614359337e-06,-0.0007282140204640242,-0.01599800998426193,-0.013977373163153506,-0.014352591300862638,-0.003669576135396202,-0.009862838848193056,-0.008996367234568425
0.01994482607211817,0.02125264139993338,-0.04370949369451094,-0.04164859748625649,-0.036044063125548975,-0.021623696171950757,0.0,-0.028430149438128438,-0.030030748601761748,-0.03408038416117659,-0.06724716816283788,-0.02892417011310011,-0.038293676575963054,-0.007619192361407567,0.008926195799867143,0.0038939281483537647,-0.026224973298071386,-0.004118463669210037,-0.06612965166983703,-0.008823161831378823,-0.005810543230506338,0.0010106746903869035,-0.029277276972931976,0.004911074293883211,0.00551093955307963,-0.007800609716705098,-0.016189579379742358,-0.014570900418185873,-0.01678279089813972,-0.01543083346070745,-0.048664946561297606,-0.037852342594545174,-0.014454432045544197,-0.046834856069374875,-0.05486480139152011,-0.03012934015462615,-0.016521734509828634,-0.041973946581979005,0.010340292640550142,-0.02617514933579662,0.045328834682601016,0.01561270512645796,0.0016637461401464715,-0.002123332528518318,-0.022248124659174362,0.0,0.008563484092059037,-0.06194679120752766,0.0,-0.023472048431893877,-0.04247380608067852,-0.04952059851360907,-0.0446356486987477,-0.0579470158376264,-0.008513785203699664,-0.024472635898009798,-0.0018469218817532274,-0.03591680020879634,-0.03103534044299716,-0.020892951489476563,0.005926209698347229,0.0,-4.695231291707014e-06,-0.02126786120477231,-0.006995672342398396,0.013403204385279532,-0.012203309272189211,-0.03626424382825283,-1.0435112721307593e-05,-0.0015290108394468427,0.0031888296495997115,-0.028371847700551622,-0.011820187895153655,-0.009744851853782488,-0.01154538428338403,-0.018008101213322913
0.009085966377039623,0.01319106901539524,-0.09753057297091527,-0.01856292132162629,-0.031616143697197396,-0.009533672273174032,-0.028430149438128438,0.0,-0.06143833991056591,0.014228362861667898,-0.11316201909153867,0.016459562768046776,-0.02045507726897433,-0.07317291438744106,0.052596866385375696,0.003315828999942372,-0.005701981342591866,0.00938854458947902,-0.1535718962387056,0.0067587724854079045,-0.02025044018840766,0.02428097861629741,-0.04038179591977825,-0.0033034413659620565,-0.014984509475155228,0.0057771197784258765,-0.03852003637064183,-0.004490103660057143,0.01851212093578003,0.016636082715436318,-0.005947885121498131,-0.01857791687091892,-0.021057581527493874,-0.007226993008452254,-0.014325106048933445,-0.050890995283602164,-0.022384212863010733,-0.028069372630738776,0.008634671016630013,-0.004176289637897013,0.004402813440465669,-0.012214578764912054,-0.07805618254726193,-0.01329871773732455,0.0,-0.027930530532991493,-0.03508864500758141,-0.03509006772713652,0.0,-0.0012563696551604608,-0.02783135705288231,-0.018264001887839443,-0.11996693017864135,-0.05283140781383072,1.3589402002633921e-05,-0.03466906868494701,0.00014269343241485322,-0.013096785480921136,-0.04244564178325094,-0.005800426822006655,-0.01413681153669294,0.0,-0.00015014088835529904,-0.04549348854720303,-0.040606773396585194,-0.036198440309528124,-0.00369353156296387,-0.014081037782508243,-5.551115123125783e-17,-0.003159196857954516,-0.0046512825268080205,-0.014875912098709587,-0.0023978333886055525,-0.004234273924329568,0.019455709366661023,0.003196182284706306
0.03493968739097336,0.01789918658686196,-0.01869690945146396,-0.058054792087277485,-0.010804012389016238,-0.0019591586519253634,-0.030030748601761748,-0.06143833991056591,0.0,-0.06233729442718278,-0.007947440832539898,-0.05116455463354963,-0.05553879639636927,-0.03780176214978648,0.010317124701682445,0.0027945468604392842,-0.01939267529544969,-0.028923452619807888,-0.012070998259772259,-0.005025004453463988,0.010025453533299755,-0.002592690519882479,-0.007065043007843608,-0.032014056906124466,0.0017613214136717459,-0.005299824478278925,-0.0015603083874033419,-0.054760278304339494,-0.015433930196674717,-0.03329094871097599,-0.06651023480680757,-0.054844279898973725,-0.045502054811526915,-0.0661253471260374,-0.06665661615801849,-0.0395451464949092,-0.06101971494257086,-0.06133794363165662,-0.042314161859310306,0.005254027976059783,-0.0016892052815967173,-0.06297908229554222,-0.02829862763564711,-0.031057017984335578,-0.021587746576660294,-5.551115123125783e-17,0.005710811106064639,-0.054267703400603606,-3.568528090247547e-07,-0.04679681539499936,-0.05735232222433251,-0.04917675703787139,-0.08342951046061753,-0.06496478529793182,-0.0144536021334839,-0.041909885949567016,-0.027207310663057982,-0.05090080921806944,-0.052294924250918806,-0.01088898944006711,0.00026049185550164333,0.0,0.0,-0.030964809114810032,0.003307390321336645,-0.0018778699444765845,0.007795032325497553,-0.050637239272337764,-4.391902728606567e-06,-0.013636562407961628,-0.0022227145299223428,-0.04734814184169339,-0.03274009911183562,-0.01960121136808679,-0.04967024584816748,-0.037288062189855586
-0.02940524594218763,-0.007869972748924037,-0.06365461594861582,-0.04726813380626782,-0.056147860440545094,-0.05274404811542299,-0.03408038416117659,0.014228362861667898,-0.06233729442718278,0.0,-0.06343923725953904,-0.046801351394655216,-0.04235973327088122,-0.01867095061668056,0.002452077997955049,-0.009813284428291658,-0.021794270081723188,-0.028464799817967512,-0.0562238360478568,-0.004269046138191512,-0.03077532616209605,-0.01924331509542676,-0.01570041299826974,-0.04711498276090931,-0.0519838358406034,-0.04515973886166896,-0.01079862615927768,-0.016911895264104138,-0.036514974133410594,-0.03194020515932955,-0.0487547482890503,0.008297520413807602,-0.026444608629066668,-0.012023155577494726,-0.01891057285273373,0.032377738634743636,-0.01326412524697912,-0.021016999021296556,0.08820455196740978,-0.042630250584511975,-0.019682565637586247,0.030653146917233587,-0.028720116695731934,-0.015198104194430406,-0.02188514436509309,-0.04261097164117866,0.005600869000186359,-3.898918928779693e-05,-2.0262596850950665e-06,0.0004350932378741068,-0.016660037145651896,-0.02313956435007769,0.003142648571850204,-0.02050704780085877,-0.05813489270258926,-0.002601499177655675,-0.07355845282387768,-0.004477034858504092,0.0,0.00030353855337345026,0.020707962670075297,-0.025877803692491652,-0.003549429238090762,6.660421766335745e-07,-1.0821502329227961e-05,-0.035793927848427665,0.0050549268846647455,-0.02388147509834504,-0.06020568874522231,-0.028491609287665753,-0.0527838799765914,-0.013561470631484884,-0.011884519328617449,-0.023165831961576566,-5.551115123125783e-17,-0.051772117002321816
0.006813778354892885,-0.008276575502995431,-0.04781936356257144,-0.03017347139769383,-0.029546290955786314,-0.037656975731783504,-0.06724716816283788,-0.11316201909153867,-0.007947440832539898,-0.06343923725953904,0.0,-0.052747176449695676,-0.07011926129125645,-0.030872578224070635,0.0,8.979814412685139e-05,-0.02340012282947057,-0.025887217233938442,-0.017858379548525483,-5.0042693094110025e-05,-0.019583563906489743,-0.008438557045577388,-0.10936053239156543,-0.06835654412229081,-0.022775836928383475,-0.05927929350714145,-0.043959444464889585,-0.06449279550388792,-0.03307001292706452,-0.0009928409703686691,-0.07340905908652062,-0.022396272630618386,-0.046042466962779416,-0.06286224331739387,-0.06011378507358489,-0.028924171050857928,-0.04105840271111688,-0.06410947145284723,0.010958427457759101,-0.005619975868416005,0.006475560502015865,-0.01683164218308103,-0.09821604547787782,-0.018431742720311617,-0.007780852108313696,0.0,1.1102230246251565e-16,-0.08626664519786204,-6.910019328953965e-08,-0.056873936037403705,-0.015109216474094023,-0.07497137430748796,-0.01989614238969012,-0.011944873915825438,-0.015142406272930453,-0.14467473840453912,0.007190033671947149,-0.06661589415930985,-0.03388481214546962,5.551115123125783e-17,0.0,0.0,0.0,-0.1281337896519153,0.006477405450061036,0.0,-9.784483386132692e-05,-0.024016597154983554,5.551115123125783e-17,0.0,4.6436477829370215e-05,-0.08194318042039855,-0.06216613984201874,-0.03441697952709033,0.0,-0.008935281485284885
-0.023664317544154656,-0.02116584776874003,0.0001409708356710504,-0.015358535929137829,-0.05000081122151678,-0.002794873815216481,-0.02892417011310011,0.016459562768046776,-0.05116455463354963,-0.046801351394655216,-0.052747176449695676,0.0,-0.0325702284039589,-0.03494553602288131,0.017568871899476923,-0.0010306530408780712,-0.030768076135820943,-0.02980543884117276,-0.05822768256607752,0.013785833918444623,-0.006284268116219238,-0.014564841873697831,0.014202034646611572,-0.011157204348874517,-0.04274694943627072,-0.028362357913528646,-0.008636451056140748,0.008879104286522721,0.015017115122875568,-0.04135266925932579,-0.013083899540307309,0.031679769290108795,-0.009143776621807542,0.02784185839444575,-0.001229171745908586,-0.0003627221085001353,-0.05541351199107958,0.027849110973290847,0.01806058727617399,-0.035675296896734154,-0.01602285118683655,0.016415986588853293,0.006069962371717308,-0.01783023394000044,-0.0020955927103279426,-0.06264381512574524,0.0133564032167931,-0.006437147042396452,-0.010910567675552346,-0.010906582284881894,-0.016363268382349694,-0.015685542200003233,-1.652767849485981e-05,-0.013694940669469191,-0.05994411799655308,-0.011972550661839831,-0.07117049054662838,-0.0004651646887769978,4.365901812797279e-06,5.745211284102769e-06,0.031170420940625665,-0.03396416645943351,-0.008298689740853626,-0.014236620803358135,0.004798815271294443,-0.019831650812271562,0.0002428129326124684,0.013859621049033155,-0.06725697094723088,-0.03480919083813905,-0.06025361165294263,0.00542053541959292,0.006128647972484469,0.0022633395092143127,0.0,-0.05639256850857727
0.005938786187641154,0.01219381125276564,-0.04923356223623376,-0.02765203799299365,-0.0505109542494932,-0.04417743961786186,-0.038293676575963054,-0.02045507726897433,-0.05553879639636927,-0.04235973327088122,-0.07011926129125645,-0.0325702284039589,0.0,-0.034651866659645425,0.01638723394995173,-0.0008317255858957262,-0.05202058774060381,2.1227615673136135e-05,-0.0684358578935016,-0.01681778798413075,-0.012965142678603991,-0.008363439907621895,-0.02219868622974025,-0.033239078292700286,0.001162833374707406,-0.01827302357371141,-0.02683730868032147,-0.0028457389356788543,-0.018736085027064697,0.00964903863820521,-0.04157394108967527,-0.04274805897610784,-0.04480197055149138,-0.049405966095479426,-0.07079651801687786,-0.04751210109929488,-0.033646878782801926,-0.05455272475911882,0.03126749327384015,0.0903360215679474,0.06130375954036388,0.07979786085061763,0.03549117538050883,-0.007908743623585457,-0.01180152818204111,0.009613922425983468,0.004097912881366905,-0.05748728562622968,0.0,-0.024932395301995314,-0.03376159634790654,-0.03431023364320368,-0.03365213878758483,-0.05867689396757991,-0.015562345383639709,-0.027788206842051855,-0.007125407372300552,-0.024492957093463275,-0.007569124766557578,-0.051100703723155894,0.0008164303665184613,-0.009736196504559258,0.01411875126579809,-0.035240516248915776,-0.015235063440077579,-0.018020763274854912,0.005003154547855937,-0.027055952824106777,-0.0063094955650006,-0.007105781925226429,0.004353396802213472,-0.020902461002763606,-0.012550936963212855,-0.010866537491574013,-0.017982468792569983,-0.008943730591994381
0.04259620886615384,-0.007365274098611707,-0.072802974646207,0.061141056053065246,-0.020045161312558735,-0.018491805837275666,-0.007619192361407567,-0.07317291438744106,-0.03780176214978648,-0.01867095061668056,-0.030872578224070635,-0.03494553602288131,-0.034651866659645425,0.0,-0.015421976465438025,-0.0005445377126344075,9.285059724084554e-06,9.424483204489853e-05,-0.08345734681051381,-0.016678962660592433,-0.027076065661129467,-0.00855236405659543,-0.05644805595384034,-0.030804347006053057,0.012468290534807802,-0.010118544461043655,-0.03788646857317712,-0.027566436928603166,0.0008234201945098718,-0.008102564771796938,-0.025489924529356167,-0.09254376701079484,0.01052312334710298,-0.04840137390332638,-0.11244338832853734,-0.019249519771008472,-0.0006394342613248449,-0.010565148678773284,-0.014168901881570939,0.0,0.0031277815972314826,0.00031259842245379144,-0.06927353173647849,1.989048202255539e-07,0.0,0.0,0.0,-0.03270437533706699,0.0,-0.04103770627593312,-0.020232377850295136,-0.022960353007832557,-0.019516336573867976,-0.04601405294898342,0.0,-0.05754691723712746,-0.00020136517840679824,-0.01831249542363661,-0.050985230786812,1.1102230246251565e-16,0.0,0.0,0.0,-0.056367929086380664,0.0,-1.1102230246251565e-16,0.0,-0.05624393562739044,0.0,0.0,5.551115123125783e-17,-0.030078049822584385,-0.02522436594626465,1.1102230246251565e-16,0.0,5.551115123125783e-17
-0.011188868168073074,0.030317047404253672,-0.040770930167721486,-0.004719332106939422,-0.01010069039362732,0.008998623971059327,0.008926195799867143,0.052596866385375696,0.010317124701682445,0.002452077997955049,0.0,0.017568871899476923,0.01638723394995173,-0.015421976465438025,0.0,0.007223584567767727,-0.009572540070362234,0.0167040999984418,-1.1102230246251565e-16,0.05796096076701018,0.011859558307245222,-0.01872023163755676,-0.04357657127792497,-0.061783315746957446,-0.008833892452807246,0.036388416030765536,0.0004739350483830562,0.0030241552861166032,0.038617561012200596,0.0026679813070842884,0.033042015091550636,0.02284017717598036,0.021090388972761054,0.04176597759695072,0.032839910689264284,0.02429452660738407,-0.006062652240175159,0.00011085590215464958,-0.007010180322918891,-0.01723578300471401,0.0015156031108717882,0.0019190035579036424,-0.011103897658490347,0.014195651614088423,0.0,-0.018602675276738423,0.016070074006006296,-0.01556557207195075,0.0,0.0,-0.011646667810387534,-0.007465921551942867,-0.013056374920502378,-0.011205163737132762,-5.551115123125783e-17,0.0,0.0003624015383001389,-0.011105623173493173,1.1327288902407417e-06,0.01064116106556362,-0.018118349471655304,-3.959424234550868e-05,-0.011612208727599271,0.0,-0.010150900748377656,0.020991789610788125,0.012064152980408027,-0.017928823643677816,-1.248587567820314e-05,0.0029581067989556398,0.016708198764240012,-0.010135590697090524,-0.01985452017933015,-0.024643618578450877,-0.011276348021997895,-0.004999799174374098
0.0007097540052007356,0.0037056690806617776,-0.0063975468092051235,0.00048570911683493145,0.010042139454260024,-0.007541617627533359,0.0038939281483537647,0.003315828999942372,0.0027945468604392842,-0.009813284428291658,8.979814412685139e-05,-0.0010306530408780712,-0.0008317255858957262,-0.0005445377126344075,0.007223584567767727,0.0,0.011459903687610684,0.012376854481129573,-0.00015662662809035055,-0.010061528266890274,0.005626023002500424,-0.010442206456650172,-0.008198080761244786,0.003169740232118856,0.007325073561586015,-0.005072055175291412,0.005363800338487268,-0.010661919769510975,-0.00425883984288794,-0.006869916005624754,-0.0061328726493516394,0.016859407177452712,-0.018898219254580517,-0.010536951101974668,0.018480147816546222,-0.00305417782698153,-0.0005480401350683728,0.017126676877870395,0.0010287056731053679,-0.013338584419882948,-0.0035267300388386325,0.00286027912633835,-1.4769920473889364e-06,0.0,0.0,-0.008555453174405259,-0.001838433829936259,0.0,0.0,0.0,-0.00626390639004859,0.009550396191799315,0.012767905541668956,0.0,0.0253087182516602,0.0,-0.0011656630031203208,-0.014066462926189405,0.0,0.024980795936680344,0.003877894798496817,0.002721527577754901,0.014037331160348332,0.0,-0.011021285641512335,0.009132598296850647,0.017838972324520252,0.01667789073936521,-0.022866534078398726,-7.545597247976543e-05,-0.006349470175127769,0.016279649757615422,0.03267729546196019,-0.010398716461068935,-1.1102230246251565e-16,0.001159756384422339
-0.019375024811473407,0.01797765369612503,-0.027318439063663158,0.005510359509191987,-0.00881319771753819,-0.01252585356190744,-0.026224973298071386,-0.005701981342591866,-0.01939267529544969,-0.021794270081723188,-0.02340012282947057,-0.030768076135820943,-0.05202058774060381,9.285059724084554e-06,-0.009572540070362234,0.011459903687610684,0.0,0.02400940002104368,-0.011129586817908599,-0.004425514889038695,-0.007911523409779408,-0.015164622102518066,-0.015683616481117824,-0.04785037831244515,-0.03622954306586751,-0.023194440090403723,0.0032992051978961157,-0.025032424172724332,-0.013804801864715277,-0.010838259731422606,-0.013193811040897063,-0.020476775878043862,-0.01766173382246583,-0.011380002750089935,-0.011382013091081444,0.00032738789341607566,-4.095659063785284e-06,-0.043984268318250086,-0.0001918439869910138,-0.006446146960812471,-0.0266771360235592,-0.005555699933771419,-5.551115123125783e-17,0.0,0.002644730655539773,-0.03333366050394476,0.015447817282326082,0.0,0.0,0.0,0.0,0.0,0.0,0.0,-0.03356200574123558,0.0,-0.042513935842628414,-0.02091875326256465,0.0,1.649927540348095e-05,0.0008060427438444928,-0.027915220682350694,-0.015181160325717424,0.0,1.1102230246251565e-16,0.0,0.014933141590684484,0.0,-0.055024447835973156,-0.030316122456283123,-0.031994995090341816,0.0,-0.014991287287050459,-8.901193626509318e-06,0.0,-0.017297407103166074
-0.0013886817924403938,0.0012166517735628934,-0.010980559179610994,3.3825579895396807e-06,-0.0035494435748296693,6.109161711903566e-05,-0.004118463669210037,0.00938854458947902,-0.028923452619807888,-0.028464799817967512,-0.025887217233938442,-0.02980543884117276,2.1227615673136135e-05,9.424483204489853e-05,0.0167040999984418,0.012376854481129573,0.02400940002104368,0.0,-0.03271529480489782,0.010245677512446594,-0.007809556704205967,-0.002238434243584997,-0.010171918408399039,-0.005365182929136736,0.004787269520665716,-0.008232868793624837,0.005677334561965952,-0.004639291308775884,-0.0025142278130616535,0.0014276032086530943,-0.005626769621230154,-0.003215458361835233,-0.001778803579121968,-0.019628504778208655,-0.019032181251568192,-0.02235381298985456,-6.825968765000745e-06,-0.0029332292188396503,0.0025046470716031943,-0.007330744150767621,-0.013530408581894415,0.0076106516633557275,0.0,0.0,0.024399551198673763,-0.005633885861556609,0.004060436383149679,0.0,0.0,0.0,0.025910055088293305,-2.878730155875253e-05,-0.000383024509752361,0.0,-0.007764175896771974,0.0,-0.022383569180904173,-0.01241850256031668,0.0,-0.012713196609965616,0.008148134448315025,-0.010081885956705117,-0.003796783850449903,0.0,0.005045431800571931,-0.0020280235632506582,0.013283323593658636,0.03248485000895507,-0.023675680142888234,-0.013462869957267642,-0.017888020378075076,-0.011885762834579816,-0.006969169933792485,-0.002455843149623771,0.0,-0.0016937008540789389
0.0,-0.021696163052643658,-0.029013371400534727,-0.06474082580826612,-0.044379885657119755,-0.013809173723154322,-0.06612965166983703,-0.1535718962387056,-0.012070998259772259,-0.0562238360478568,-0.017858379548525483,-0.05822768256607752,-0.0684358578935016,-0.08345734681051381,-1.1102230246251565e-16,-0.00015662662809035055,-0.011129586817908599,-0.03271529480489782,0.0,-0.04469589137014773,-0.005315353756308816,-0.01601966562929147,-0.08140876288820065,-0.0036295995908516843,-0.022287725960792537,-0.019679043999947743,-0.01223892949511779,-0.06513256646700916,-0.024180924899100675,-0.03541161972075452,-0.07105977371032468,-0.043100050282772084,-0.0315492574268339,-0.06271841859392935,-0.06501280729624026,-0.05007597363662264,-0.05714427406902911,-0.05678737327177591,-0.021232273426180226,-7.846779560782835e-06,0.003512300278238345,-0.007094741016782646,-0.008988398928522545,0.0022306385360901237,-0.000517236414841582,0.0,0.0,0.009968070185792821,-5.551115123125783e-17,-0.004279520114762403,-0.020376258502349143,-0.014615500978145346,-0.03866457122674466,-0.028402439206775765,-0.00010431465202737078,-0.040950442881997284,-0.015418644489597233,-0.017952628680782845,-0.04744328837674744,2.220446049250313e-16,0.0,0.0,0.0,-0.03060147026077642,-7.662203049541016e-06,0.0,0.00010145714341075474,-0.03363174407051839,0.0,0.0,-5.551115123125783e-17,-0.11770176944322103,-0.012983993167072327,-0.022879352372028927,-2.6415891377307155e-05,-0.014690692142516948
-0.013324019523584751,0.012083380198411098,-0.019865830727790024,0.002985578458746585,-0.008847253272783073,-0.017188708898821237,-0.008823161831378823,0.0067587724854079045,-0.005025004453463988,-0.004269046138191512,-5.0042693094110025e-05,0.013785833918444623,-0.01681778798413075,-0.016678962660592433,0.05796096076701018,-0.010061528266890274,-0.004425514889038695,0.010245677512446594,-0.04469589137014773,0.0,0.020196486041957784,0.009524896703637986,0.07231734311855664,-0.045082966959096304,0.006964912482418872,0.0258867304802623,0.02714070859004808,-0.0172210487938369,-0.00974613856954365,-0.030932862772765635,0.01662810093118472,0.024905267384435603,0.0365221814358081,0.03561954252248939,0.01865609437498078,0.018481633800950026,-0.006686546996705789,0.0022062469460351064,0.0033751359862578822,-0.008144864978504696,0.002514747969160014,-0.009593527701614868,0.00518445744981838,-0.0007867017574814672,-0.00017352978419216125,0.006411876359764701,-0.014295465466581725,-0.031541399569843864,0.0,0.0,-0.016218383480333165,-0.006321715997566313,-0.016879860354242104,0.002942663355880004,0.00037226607286139357,1.1102230246251565e-16,-0.005047706421956177,-0.014948787993840418,-1.1102230246251565e-16,-0.00042322185418497416,-0.012776278497327709,2.3495755858138345e-06,-0.010878291074497948,0.0,-0.008745679558391006,0.02615516737354201,0.03221072482184645,-0.015400512022819335,0.0,-0.0015049448849870917,-0.012490730762868107,-0.009719383604388898,-0.010588281343493267,-0.011305394968285365,-0.005283840731400813,0.007379062154091509
0.0008380916766322355,0.002308822038694869,0.043013091611863674,0.0004379966365348764,0.014854874429238163,-0.004820237742286904,-0.005810543230506338,-0.02025044018840766,0.010025453533299755,-0.03077532616209605,-0.019583563906489743,-0.006284268116219238,-0.012965142678603991,-0.027076065661129467,0.011859558307245222,0.005626023002500424,-0.007911523409779408,-0.007809556704205967,-0.005315353756308816,0.020196486041957784,0.0,0.013639738964655923,-0.02115668968620882,-0.005847670874509603,-0.02066514182282081,0.01680681611853979,-0.007237773674782955,-0.020980527441509467,0.0012557640187473296,-0.012852636879044865,0.01051489574774489,0.01958650535564993,-0.013395424029993608,0.03160368208852271,0.023217720474551284,0.026592002826221872,0.005341108066687195,0.013228240972502914,-0.01259990166597108,-0.044903366111873566,0.006975737541631832,0.011373355512293126,-0.041512459066391616,0.0,0.0,0.03985046368387796,0.0016680392442958714,-0.0169257491235717,0.0,0.0,-0.02034309216874386,-0.007670735142295437,-0.03903217077130744,0.003950058393481282,-0.0146270921738067,0.0,0.011253442212793396,-0.013282274024440044,5.551115123125783e-17,-0.02315908303981956,-0.02202514718542753,0.0,-0.01614946163039016,0.0,-0.03641103203325541,0.025494244001077748,-0.003671256597316541,-0.019400696951224095,-0.004674391087331864,-0.012637299747613517,0.000218605340779221,-0.017740334261094448,-0.024719641652150626,-0.044520574347254094,-0.021731416161421324,-0.0020371626277006505
0.01498769104569092,0.02030497221016825,0.01588831619648451,0.014106900197216832,0.0013316981833632613,-0.001683474624191994,0.0010106746903869035,0.02428097861629741,-0.002592690519882479,-0.01924331509542676,-0.008438557045577388,-0.014564841873697831,-0.008363439907621895,-0.00855236405659543,-0.01872023163755676,-0.010442206456650172,-0.015164622102518066,-0.002238434243584997,-0.01601966562929147,0.009524896703637986,0.013639738964655923,0.0,0.015746016876615754,0.000984658214763734,0.0030789079080276727,0.010699081375147579,0.018973038122019892,-0.01016263052739963,-0.0023961106394695397,-0.016331941632276192,-0.006565053460606263,0.02132384496989065,0.024766884323284832,0.023108996750035637,0.02297811656356319,0.018606449508174694,-0.00982038473598168,0.008606707365063637,0.01898136682569823,0.009593557631071614,0.025381853911627617,0.024317212508270236,-0.0033357583622454223,-0.0100249553238142,-1.7175395921942282e-05,0.001954988904556809,0.01764624794153935,-0.0051773892075655525,-6.228737294833309e-07,-4.684658690101706e-05,0.012242508537334329,0.00675773140895658,-0.007572243050231298,-0.007470455250293939,-0.00647029101598362,0.0,0.007356317844628202,-0.0036641333598229076,0.0,-0.002658591332841409,0.004099510365817405,-0.012763148524969847,0.022286399103846555,0.0,-0.009762803510265317,0.009133550252420575,0.01685055177388861,-0.007248083549900253,-0.0163761531774978,0.00424271796287673,0.0176591781997934,0.002466278631723162,0.026611184416739042,-0.01615586022535731,0.01545447937270883,0.010856173943047276
0.008783497608478408,0.01588576794613883,-0.04229625542971244,-0.020706079557209267,-0.02104794230888274,-0.0010603486156083863,-0.029277276972931976,-0.04038179591977825,-0.007065043007843608,-0.01570041299826974,-0.10936053239156543,0.014202034646611572,-0.02219868622974025,-0.05644805595384034,-0.04357657127792497,-0.008198080761244786,-0.015683616481117824,-0.010171918408399039,-0.08140876288820065,0.07231734311855664,-0.02115668968620882,0.015746016876615754,0.0,0.0025232752517731494,-0.02343954412764787,-0.0006283724955833958,-0.015397059244349198,-0.013403317296982242,0.002357792990162366,-0.0061112103053846956,-0.008193892299855732,-0.005895067504781637,0.0015809294375123129,-0.006315031064947463,-0.0027873030204985105,-0.028207612789656555,-0.02955156547492055,-0.024566906501362284,-0.01710221373915255,-0.05928604617551175,-0.0029835784980025704,-0.014886851993709316,-0.07071344008082342,-0.015384659281436897,-0.008297010084937495,-0.04290712525771867,-0.009113821812611778,-0.03379064441697294,-0.014749378497223298,-0.035456321416866776,-0.02307852499370533,-0.0322597923635804,-0.06292890755195557,-0.050204577681280005,-0.009267575501224146,-0.09686234838858648,-0.02871330322916943,-0.01568858412961599,-0.03500847193070511,-0.013765980215283247,-0.022835465876304528,-5.715602460432123e-06,-0.010244010027196604,-0.013971238357737448,-0.033549923606233045,0.0035766419726258603,0.019311597986670148,-0.005119179167419441,-2.2026793902507613e-05,-0.0025287786279096225,-0.006962889953011808,-0.009062276338251518,-0.00648350604597292,-0.022590119017320553,0.00447910740216273,0.0015490426891664466
-0.039685071906552516,0.016281615571577424,-0.012390481226754235,0.006346804461001443,-0.050873312359856704,0.013313590368194295,0.004911074293883211,-0.0033034413659620565,-0.032014056906124466,-0.04711498276090931,-0.06835654412229081,-0.011157204348874517,-0.033239078292700286,-0.030804347006053057,-0.061783315746957446,0.003169740232118856,-0.04785037831244515,-0.005365182929136736,-0.0036295995908516843,-0.045082966959096304,-0.005847670874509603,0.000984658214763734,0.0025232752517731494,0.0,-0.03449312842901192,-0.009653643434604231,-0.005673948136971474,-0.004124652630496439,-0.045248450200186474,-0.009050315014672461,-0.042573926173435916,0.02555093787417767,-0.015334276587387813,-0.020893448362951372,-0.021229466297924438,-0.008582720484314244,0.0005178996325804208,0.006645481527221608,0.04097179795840483,-0.05027089703423493,0.012323056641119656,0.0506903282185322,0.007351965800906857,-0.005222521571362215,0.0060887498371856585,0.014082613061453364,-0.012528097873559518,0.0,-5.551115123125783e-17,2.2575582607708977e-05,-0.003913307669823951,1.9345064272147106e-05,-1.6653345369377348e-16,-4.0216466327902545e-05,-0.04458527299166459,-2.958545549486269e-05,-0.0597759009213526,-0.004844435839676531,0.0,3.064637751426513e-05,-0.01210771138621064,-0.035068867890722166,-0.023928357442859705,-2.751118762855942e-06,0.0001848106120167503,0.0037522070299579324,-0.018788007127129913,8.047015534179414e-05,-0.05992571860561058,-0.04306884577351172,-0.047459815967121344,-0.002712200916827223,-0.016026918140574165,0.002617637508070314,0.0,-0.020121593351090317
-0.012208216296180407,0.016055904840932556,0.011828664783775644,0.0004201760268388588,0.011843543071144547,0.008019525768104885,0.00551093955307963,-0.014984509475155228,0.0017613214136717459,-0.0519838358406034,-0.022775836928383475,-0.04274694943627072,0.001162833374707406,0.012468290534807802,-0.008833892452807246,0.007325073561586015,-0.03622954306586751,0.004787269520665716,-0.022287725960792537,0.006964912482418872,-0.02066514182282081,0.0030789079080276727,-0.02343954412764787,-0.03449312842901192,0.0,-0.018604116239917312,0.007649086966133978,-0.006894002206098704,-0.0016992704636032419,-0.004353166087931293,-0.027065122955364285,-0.004168201966786966,-0.027713865053929032,-0.023612264755423773,-0.018491180068940405,-0.019557957095792777,0.0024521444241049073,-0.020215561505078028,-6.807157755278626e-05,-0.004597100420603073,-0.01126632549249379,0.0027026500318508284,-0.0014709607658408563,-5.551115123125783e-17,0.021013134734716277,-0.016157351713410872,-0.004118074596736521,5.551115123125783e-17,0.0,2.220446049250313e-16,0.0035632115151061905,0.004248473592079138,-0.01119067782284261,0.000417077927210574,-0.02801540173187289,-0.00018644626023078814,-0.04097114075433622,-0.0009605340665571616,0.0,-0.015014445982905633,0.01348313388186867,-0.024786627137892037,-0.0016445642831689478,0.0,0.006392398525164267,-0.038437971793338355,0.007920283809482065,0.008451304981183516,-0.04192053519084249,-0.013234606913932967,-0.01747711910354577,0.00793978944160817,-0.002028115172672651,0.004297531162560875,0.0,-0.006058280006046746
-0.0015617854427536493,0.008579766899259655,0.008954802691642338,0.021234537730640102,-0.009200924569057134,-0.0018991035468990947,-0.007800609716705098,0.0057771197784258765,-0.005299824478278925,-0.04515973886166896,-0.05927929350714145,-0.028362357913528646,-0.01827302357371141,-0.010118544461043655,0.036388416030765536,-0.005072055175291412,-0.023194440090403723,-0.008232868793624837,-0.019679043999947743,0.0258867304802623,0.01680681611853979,0.010699081375147579,-0.0006283724955833958,-0.009653643434604231,-0.018604116239917312,0.0,0.004931090926972415,-0.01590003434982873,-0.007099950158108048,-0.01543571463381288,-0.017164461580926993,0.0023678142536364133,-0.025313083148645277,-0.009535757771297726,-0.0017888297716103785,0.048669546487586035,0.007332034625509132,-0.02623006135603506,0.013810594214337002,0.0006695228933618069,-0.002062425198901985,0.03950909595486679,0.014990916905051721,1.1240445302651558e-05,0.014407377165643609,0.01090557198696196,0.008408443768868457,-0.004643742274892171,0.0,-3.72899678581784e-05,0.0030476716168680307,-3.2467108466105454e-05,0.019594730228172597,0.03556151953053427,-0.0429285324450111,0.0,-0.055948565490394175,-0.013382132671795888,0.0,0.014189190256303275,0.002159671221478976,-0.028001737022086803,-0.015972861649913128,0.0,-0.0007533598267789321,0.022277602688207887,0.01267131744322103,0.007445699463110245,-0.0543970737088294,-0.02574697820703714,-0.002453623765136248,0.025067536910872046,0.01739412875690277,-0.004969838833977058,-0.0002949282699052369,-0.015475401895227725
