0.0,0.9525876946903888,0.4424048579253248,0.0,0.5970552711664663,0.4538750989722655,0.4721356022836963,0.7279013645611305,0.42270525949849874,0.47819356418114844,0.5310307337613915,0.7019190203982366,0.5598486368433717,0.6571342940409156,0.5469008623364549,0.9654907881558881,0.8071856684289298,0.6784547775898628,0.0,0.7102559881009801,0.37865504232534253,0.7445836487397317,0.630788953118492,0.611729645760412,0.6666835929535022,0.6928839931474248,0.6308930428054913,0.6073159300666994,0.8122631159217935,0.7309758977780894,0.7741766546879316,0.788945364736082,0.7866430272100738,0.6543351664658974,0.5978644478443351,0.7439765362282564,0.49667101988561435,0.4984696584216647,0.598517145166239,0.5985534374058655,0.7150047736690188,0.9167287036218685,0.5069800881441551,0.0,0.6289467468896102,0.4727279891811409,0.6418413139094963,0.0,0.0,0.0,0.6566753389956267,0.0,0.807867274129699,0.0,0.6747918433129925,0.0,0.5861302311541191,0.7786074291373357,0.0,0.9570437421052764,0.7156239936050054,0.5064691425125152,0.7294705544836906,0.0,0.5842132855379207,0.6040046975402333,0.8150976971105313,0.5984487679797682,0.650713902146618,0.792129072807112,0.691247285589141,0.4712772783743343,0.4617925174427625,0.7297089749167879,0.0,0.7822154374427692
0.9525876946903888,0.0,0.6168381193876402,0.40341672959835884,0.43975134954742207,0.5640589210667839,0.4970024852245087,0.9606474356317012,0.3891207007306607,0.46590850803284645,0.4204615959778175,0.49042113333344783,0.5221650405614088,0.6550345214959652,0.6174248986079682,0.6271433960944899,0.16440809164935238,0.6114510011794922,0.35748379510329975,0.5053941438915994,0.8617350425053583,0.5275373648806683,0.7982982750513169,0.6217232870106768,0.5282055273596544,0.46780154843039345,0.6267724281889387,0.5431244108781444,0.5630613334321314,0.479176025700529,0.5998523099342032,0.44417318394785843,0.36367306550815126,0.49341460062817466,0.6026054882226345,0.4978944001939146,0.059786846208326416,0.0,0.6344106676954795,0.7095386045271354,0.5998702074111744,0.609804703977876,0.6007303709572183,0.0,0.0,0.6906737660261746,0.6525197514846286,0.04387254298761577,0.0,0.0,0.6378396650615126,0.6094142237147306,0.5235759399898162,0.7348759554714577,0.8756912990548705,0.0,0.5481682868664505,0.5999356273135672,0.0,0.6337924494887512,0.6988280564823699,0.7178843236635197,0.7807452924080294,0.0,0.6794445499018611,0.7181718707481709,0.6272892675233485,0.7157705121616089,0.39056374894078494,0.8001813447954247,0.6769119630594573,0.7037545105575164,0.9105873832639187,0.7069294916534993,0.0,0.7438332842438248
0.4424048579253248,0.6168381193876402,0.0,0.5658157752313551,0.4590246063530974,0.5102191440301482,0.5130279145383871,0.6806391028035268,0.31616851532418216,0.6298807581696273,0.4756232993820721,0.8080537752168494,0.6284570668576615,0.6479346199292738,0.592282486710316,0.36757769663951306,0.6568067820818164,0.7304943577704794,0.5113304014548199,0.3889555566774576,0.535044263957505,0.5531565835580994,0.37892552527605516,0.5395032356923883,0.6319800194637315,0.6143635778207525,0.5530813268524262,0.6830993406332366,0.5446806130901497,0.7694145205826315,0.6715676773666478,0.6135384405367441,0.7911685537693428,0.6857849544619676,0.6306591155183738,0.7267662763747229,0.570012090325231,0.5396308558165273,0.537409055259813,0.47539869720831324,0.6870407925602039,0.4993800222208512,0.5991467798869188,0.6493679216120323,0.0,0.0,0.436424894547766,0.9827761939874148,0.510956901578691,0.5321279150466336,0.7190781352776432,0.5858093373611717,0.6103458522177818,0.8570865541036752,0.4734288229916267,0.825883412794945,0.8750615298551787,0.6382111368582084,0.6161256405274401,0.40157148200089593,0.0,0.0,0.0,1.000218598773523,0.8379236985483953,0.4565482154518803,0.2894100167232262,0.7567029722294205,0.0,0.5853526902745638,1.042927084961323,0.8410726052935134,0.693500798167678,0.5954137618681523,0.6662336762691091,0.6146504706756188
0.0,0.40341672959835884,0.5658157752313551,0.0,0.37481384267529966,0.5808221558550479,0.425077419217817,0.43225097075906876,0.6846475087167513,0.3237123013046436,0.681564113014203,0.4776088684320112,0.6960416701755273,0.49614130352061697,0.4738053136818242,0.2600340191948467,0.5633763654014088,0.5084413203899933,0.6237088021820001,0.15323667785056727,0.47235748904471697,0.6378216872869206,0.5936545444522494,0.31638604153787037,0.8628045924456975,0.5232200390869555,0.5141743316434833,0.5565323210172899,0.3679788649640093,0.5882902799282719,0.30266689377633815,0.28132544097104184,0.13915724406502744,0.17841443833009105,0.29202868721534675,0.3137311074119016,0.3378337265318258,0.29428090225325065,0.1537707083397194,0.41780579425746933,0.6043199808797426,0.4524817535545673,0.3690089177812067,0.15468503389490176,0.0,0.0,0.0,0.4787782299395297,0.0,0.0,0.971335082540693,0.0,0.4834395051963531,0.31361709434861573,0.0,0.43645576834833266,0.40752528025677537,0.5052764100054914,0.0,0.0,0.0,0.0,0.0,0.0,0.0,0.0,0.5194890442294926,0.8140990090213671,0.0,0.0,0.0,0.6405070533553303,0.4281043096672291,0.8723303291951154,0.0,0.0
0.5970552711664663,0.43975134954742207,0.4590246063530974,0.37481384267529966,0.0,0.32992963178155577,0.388819596590836,0.3893592981973958,0.37941860829331764,0.6897289503037869,0.1908150891689768,0.7168688458929358,0.4883942068525745,0.38901337604887265,0.6734155308809386,0.5375159697231904,0.6532212017348291,0.6716429217714139,0.2167417249852657,0.43097107155812014,0.6687202886525552,0.49991717254915213,0.49237947119209574,0.757989567003705,0.43386624690286535,0.2929864680749854,0.4138951817748437,0.655804037592923,0.710164095276799,0.5290424854778396,0.6581445747230258,0.13944115486846298,0.5960254063300952,0.6077137417244259,0.4114824094159375,0.3608886081165118,0.7265527784858368,0.5726128275788236,0.6173595897190542,0.5105341220993989,0.45238732417582306,0.6018749298452128,0.4160287132899765,0.43968421292633036,0.3880318304192416,0.0,0.5569221070848225,0.5229504834345593,0.0,0.6540248930753121,0.6042960082163684,0.3868259899249115,0.3829376830697162,0.46440972271852055,0.0,0.4103562651928911,0.4172548373667723,0.6030946655369371,0.25659234715059764,0.3767133317910709,0.4842298918708654,0.0,0.0,0.32544047810062804,0.6836411403093463,0.4977381192787326,0.5993664277803736,0.607701404337406,0.0,0.4767574591344049,0.6835282519501149,0.5801860819378917,0.7417249671874612,0.8595109698808907,0.0,0.7547556202413815
0.4538750989722655,0.5640589210667839,0.5102191440301482,0.5808221558550479,0.32992963178155577,0.0,0.5397959047741905,0.7471152803256327,0.42240109579697127,0.6510853768797144,0.3551114782289749,0.9087148520520782,0.5587906426422087,0.4803207153785397,0.6503310812914511,0.6601370330700249,0.5944174842574677,0.76093946639632,0.3594471342196627,0.5066355567601626,0.6521543341136895,0.5326118540441357,0.4850717138190941,0.49841071953501837,0.5760597368345368,0.6524489573647864,0.4559863992857757,0.7315194230936481,0.4373551093110294,0.7138086296519821,0.7022757852336001,0.5028623341008547,0.73516886225459,0.5965839795230642,0.48956283528952715,0.5264389465060537,0.6186082218581866,0.5516186449315605,0.6180763480935891,0.27439060039288743,0.17074870774340092,0.619185304027871,0.7365711056398935,0.5613502148717394,0.4016076829333896,0.5263907207227425,0.5946067546072188,0.766155018324072,0.7639009608638561,0.6233327045152439,0.7349336775472357,0.7232713408107945,0.7153615421033566,0.7666122074334241,0.7822829796319041,0.6386579533034973,0.49840246450215614,0.7616532384962774,0.7517147587630237,0.6815319110216164,0.6613095689383366,0.0,0.60530407077131,0.585362102027877,0.8579523968645213,0.3791384754532864,0.6381035460520283,0.7425580328961563,0.5560044871422954,0.6283823172236656,0.5546686393702832,0.784400316997969,0.682040694886429,0.7384644393491117,0.6191009607135047,0.6510063565281009
0.4721356022836963,0.4970024852245087,0.5130279145383871,0.425077419217817,0.388819596590836,0.5397959047741905,0.0,0.6241189097053288,0.5716150126188382,0.5334141605493233,0.5422887549294131,0.4929963483988599,0.5326690415631614,0.4908236144474515,0.46738402862578216,0.5626518207899189,0.5410969020204919,0.5843156898146262,0.5596980050504308,0.4018135761463796,0.4835428388732636,0.5452177987928724,0.5726500857889025,0.5193837464795479,0.5075496397370935,0.34399021236915783,0.410352158121285,0.7505738767165753,0.6650556939248862,0.5789877690859279,0.7130135532398676,0.3553754445251962,0.5799662403694714,0.3012171193050012,0.1246678912413334,0.580392214301233,0.4968748983099205,0.650588574382055,0.7995600827691896,0.2411841718472692,0.9549834498491967,0.8239134311939335,0.39526396536966607,0.8804446577649963,0.3891980731886608,0.0,0.5393498657391139,0.6285316103728764,0.0,0.34633132830479946,0.6539572752674104,0.7330405482729054,0.6076434979313783,0.7740364710043094,0.59865188322957,0.49087123565832536,0.5856055811740648,0.6184757754450528,0.7515117525345536,0.5365928790113094,0.68262052253663,0.0,0.5265072431574974,0.5964183673635937,0.6736160002654519,0.6527271246999462,0.7280455032873767,0.6833363559781229,0.5152818588028593,0.7139536472020951,0.5539400775263181,0.7047907199899062,0.6860828063903868,0.6793554961637146,0.8427022319510267,0.6632904756652482
0.7279013645611305,0.9606474356317012,0.6806391028035268,0.43225097075906876,0.3893592981973958,0.7471152803256327,0.6241189097053288,0.0,0.5968645640154808,0.681675347578659,0.5207942990529952,0.8409432588737764,0.7207516468878881,0.40938190854261475,0.9296258008120362,0.9359971423383917,0.4804818368573375,0.7581937650728731,0.4506889979955643,0.793345053904843,0.4769730151962238,0.8241788500590912,0.6139033844849515,0.5739178365483739,0.8300834205656635,0.849843414642262,0.6562668649832655,0.6833461381178351,0.7199334634306951,0.5679202281711255,0.6177102062833467,0.7703539256525906,0.8157492135325177,0.5952645143569417,0.5482604661046103,0.5955400596114319,0.7465355157736582,0.8755495430360266,0.5744051425465289,0.6713923278108128,0.4090183731857601,0.5535334015158051,0.3856827603311703,0.5023414520974541,0.0,0.6288044694735686,0.46092250982493355,0.5610622281273642,0.0,0.30909822400426323,0.5699562304226274,0.5980073020336911,0.3482207076938382,0.565365082481323,0.6936371427248356,0.46877131025222274,0.9368526009972491,0.6132442714785566,0.47439397539992717,0.5864686928612877,0.6280255391200698,0.0,0.5911724839004089,0.5672962437861787,0.5926681651463129,0.6449666423555847,0.5386524024572814,0.5317744271340696,0.0,0.7224933332723638,0.5248946782743983,0.6465006790703087,0.6010482052855706,0.5856714934422649,0.3441011711584622,0.4166553950395312
0.42270525949849874,0.3891207007306607,0.31616851532418216,0.6846475087167513,0.37941860829331764,0.42240109579697127,0.5716150126188382,0.5968645640154808,0.0,0.648755157167987,0.3750063903064583,0.7016199393442045,0.5438507551834296,0.4781303739025002,0.95066852816944,0.47411662832837853,0.5672876383317811,0.7822958340033559,0.24788271249956473,0.4539635523819662,0.4698187703747414,0.5143315458815274,0.4603830548545733,0.7298292823455839,0.5486502912665692,0.642956422887933,0.48123569864845156,0.6484181099909838,0.5653117478526459,0.8322907525930179,0.6318108487677776,0.553724806595822,0.5981759168615728,0.621016566794619,0.5484406001389864,0.6896101953319448,0.6378297332532722,0.6690035585135334,0.36329041969629833,0.40521769724795564,0.1301222813692629,0.3943046456177638,0.45210102231489097,0.636707642566346,0.3639580523297997,0.0,0.5657120412825292,0.7322528593565794,0.4948072526425278,0.6000648333849743,0.7786093952822826,0.721657847104684,0.5472028549564334,0.6207526754746684,0.49809798686213846,0.5880120851837501,0.5006825149420234,0.6662885135944299,0.6437012620928256,0.783003045597416,0.7245334125853143,0.0,0.0,0.5458028791458072,0.851151522769743,0.7587479530774095,0.6888015947512568,0.6994230384370115,0.4590170647351249,0.6439995077155187,0.9315557363881728,0.7031300085501933,0.6242413529569053,0.7282402511514486,0.7728424580262139,0.7739758604620097
0.47819356418114844,0.46590850803284645,0.6298807581696273,0.3237123013046436,0.6897289503037869,0.6510853768797144,0.5334141605493233,0.681675347578659,0.648755157167987,0.0,0.5762472170482643,0.4637462472530171,0.6438684154937878,0.7063309540793057,0.7145453741795618,0.5850617880804548,0.8018859499636636,0.7557822327481549,0.5945746176316893,0.5476680446612732,0.7497840922506362,0.651253374532649,0.6459988574193771,0.379814690678411,0.7738545900619098,0.7018649155731207,0.5122195107284486,0.7566165657652137,0.5591003876080332,0.38578302182608404,0.7132595163314857,0.3896991412678218,0.6794888633376539,0.5909018383841942,0.44671837314455054,0.6149882071193888,0.5796007624403108,0.3830645971302605,0.4125762724323515,0.5694609446399319,0.8591061151958095,0.7290832961498194,0.35912231874281847,0.41079958596748467,0.44148793319802526,0.5445787063033543,0.733555521347234,0.4136109508622428,0.5018409514580311,0.4922084277246349,0.6241023270409289,0.4405696895482565,0.7151193520537705,0.354411813068529,0.7370823953661736,0.6355759430199494,0.6248250772828321,0.683150487959855,0.0,0.6723070074117767,0.6246233711945751,0.7869969905874316,0.8089297132436575,0.48082355270546717,0.5110012091876671,0.6105039186859955,0.6218293976203746,0.7288209231660288,0.40872824896200316,0.8169200974183778,0.7466783218452846,0.8169253046227292,1.0403598174761943,0.6936827831754195,0.0,0.7750814598538093
0.5310307337613915,0.4204615959778175,0.4756232993820721,0.681564113014203,0.1908150891689768,0.3551114782289749,0.5422887549294131,0.5207942990529952,0.3750063903064583,0.5762472170482643,0.0,0.6889945407397582,0.5650631012371526,0.4142347418175903,0.0,0.5114282021629544,0.6193534260879708,0.556181011364257,0.35320350226143216,0.48330820859285195,0.4133131363103708,0.4418400671029852,0.24163286683207177,0.7106993924800231,0.6232336793597612,0.6680569716947936,0.25785184939467654,0.47759460099046114,0.46464818498332017,0.4558071738079093,0.5274755065081524,0.4634646166256441,0.679222075312807,0.5451380385331894,0.471188465939148,0.4767632882397571,0.636426161824551,0.5943679051592192,0.3492209321273445,0.4534703474432209,0.5023879947077143,0.44254254620024247,0.521712764221808,0.6639942702451529,0.21248275488195512,0.0,0.0,0.9096699141369732,0.47359230060590174,0.47172207169410146,0.6109922164593707,0.5664729347433618,0.47896783180829583,0.786958520127193,0.563492437610192,1.029076641196754,0.5786059118939286,0.5829274059418379,0.6131890303970531,0.0,0.0,0.0,0.0,0.8214035001431709,0.5153704022631179,0.0,0.5800528443703402,0.566917091973967,0.0,0.0,0.9785399685078184,0.7453570599765349,0.42114449392817627,0.34468510903694616,0.0,0.6234039722913653
0.7019190203982366,0.49042113333344783,0.8080537752168494,0.4776088684320112,0.7168688458929358,0.9087148520520782,0.4929963483988599,0.8409432588737764,0.7016199393442045,0.4637462472530171,0.6889945407397582,0.0,0.7337612876958332,0.6989688998702048,0.3431309966151362,0.8633426433936504,0.8642225177152439,0.7872444269356895,0.7370291373493862,0.4399363095803847,0.7036208824178921,0.4105089050500879,0.8199848318227557,0.4329919332867445,0.7434070813652027,0.565220904326212,0.7330101649103671,0.9229348922061076,0.6122021538909056,0.48301023714352315,0.7005105480457336,0.5266844984271162,0.6341123692564237,0.5889820476955329,0.40912120758335996,0.5177536558445018,0.44364079896808906,0.28144844319509926,0.6804029018222968,0.6161638853932896,0.9871662380879618,0.1949866255141556,0.5009692993722382,0.5588103432422888,0.5492407301002817,0.5412892390755751,0.6867423130028519,0.5410560983772151,0.2286300610821307,0.42931027669846306,0.29374675131775374,0.5319092285284215,0.36161888653803875,0.3767672238034874,0.8188753674001223,0.22629721040435136,0.7980542404963056,0.8056194071042028,0.5613930594167361,0.5619465643705261,0.6812603269694306,0.7962551705013194,0.9183428782252525,0.43315140632810256,0.8985406229332547,0.854478876347212,0.4873488379097733,0.5124579489412866,0.4901173211902294,0.8759877554252561,0.7749001856683944,0.552353961492164,0.75190022005055,0.560215589267868,0.0,0.9673075688686159
0.5598486368433717,0.5221650405614088,0.6284570668576615,0.6960416701755273,0.4883942068525745,0.5587906426422087,0.5326690415631614,0.7207516468878881,0.5438507551834296,0.6438684154937878,0.5650631012371526,0.7337612876958332,0.0,0.5715931843486913,0.591955480908848,0.5929865817716213,0.537918349974069,0.676222410081059,0.596607019325859,0.5242081997962804,0.7550128264676719,0.5483383997742611,0.6138464906388315,0.5182865561257803,0.5857590555247204,0.3251155011905595,0.5441002164699944,0.8338968973567653,0.7349179310322784,0.6427122332194908,0.48145287678933557,0.44329656849131527,0.5164290915044578,0.5231042179612171,0.5355798647482363,0.7267055262958384,0.6548063460567033,0.6214907909125149,0.7776833152601361,0.7168889439252837,0.6429688057888444,0.5312450623875621,0.7582596867800613,0.6833676367098866,0.3777166002445582,0.5925909893077259,0.7065206791545788,0.7923693320628877,0.0,1.0147710006369433,0.697736262571612,0.7507230915838312,0.5927384707151421,0.7995444301188515,0.6267450464042867,0.5610739561963347,0.8295400037560305,0.8172819208207762,0.4278065125266334,0.7105057777891738,0.4721933472565355,0.614357066207703,0.5187428007789411,0.7246060500582621,0.8200625424111052,0.6260546725705768,0.6562398704893301,0.7495100300498722,0.5484032224756239,0.5065885865467389,0.5130709114066473,0.7878312429261569,0.6995082232734491,0.7564473290142824,0.6135690239525476,0.6595981095227645
0.6571342940409156,0.6550345214959652,0.6479346199292738,0.49614130352061697,0.38901337604887265,0.4803207153785397,0.4908236144474515,0.40938190854261475,0.4781303739025002,0.7063309540793057,0.4142347418175903,0.6989688998702048,0.5715931843486913,0.0,0.5181069128924282,0.5705518866706429,0.47736451811161984,0.5082588623079581,0.4356274568989519,0.46676229488642973,0.6275917345558423,0.22174735788173314,0.4582600664780027,0.8043165748725551,0.6012666109899607,0.7592675398999047,0.4914577495741734,0.7331883396004788,0.4083545170265851,0.7986566914234245,0.5633068409339778,0.210526834233412,0.305867960753363,0.6732511283637892,0.3930880097295732,0.3596421959644358,0.41595211119763215,0.437120418312464,0.7784038270776159,0.0,0.6824176639693571,0.6966635696428001,0.5439298662633041,0.5104730377478821,0.0,0.0,0.0,0.4008614008553307,0.0,0.6041434271670927,0.481048292049683,0.7120247292444005,0.5520026554666414,0.3609330011776618,0.0,0.4393995414000509,0.3753006603251253,0.892564363924695,0.4094954807024658,0.0,0.0,0.0,0.0,0.13642481353470284,0.0,0.0,0.0,0.6632635035281436,0.0,0.0,0.0,0.685737925431071,0.8869224531969195,0.0,0.0,0.0
0.5469008623364549,0.6174248986079682,0.592282486710316,0.4738053136818242,0.6734155308809386,0.6503310812914511,0.46738402862578216,0.9296258008120362,0.95066852816944,0.7145453741795618,0.0,0.3431309966151362,0.591955480908848,0.5181069128924282,0.0,0.664188554678826,0.5438043075104774,0.6504193781983967,0.0,0.5750099639064234,0.5201679033783636,0.5223961693251031,0.7109289245565229,0.6647078983893725,0.6630810171364744,0.6013352988765639,0.7111375789868201,0.41229066709788004,0.4721099288240873,0.5512660552288744,0.6471901416330901,0.5027658783756879,0.7114537735811148,0.6256197361403762,0.77549287164329,0.6305643288926697,0.587782425889884,0.38287142202196806,0.5695588943556888,0.6985071477329334,0.7759246514990015,0.6500161836347835,0.8565180396704348,0.4078387623390629,0.0,0.5527397946827465,0.5551485441499588,0.5819634602479334,0.0,0.0,0.6036731339834918,0.8290862843179627,0.46002205654082284,0.6250719692567774,0.0,0.0,0.7334635473667329,0.648317115273787,0.4845365037945014,0.7052354842189051,0.749575243937167,0.6013747896759288,0.8682066859849489,0.0,0.7444235090731738,0.6406482742076798,0.8496575250712067,0.8009203848522153,0.5036742247836152,0.7135245909965289,0.7411949835751703,0.7336136296535878,0.48791295661179584,0.6610937477660013,0.4968542336734778,0.6071084079539397
0.9654907881558881,0.6271433960944899,0.36757769663951306,0.2600340191948467,0.5375159697231904,0.6601370330700249,0.5626518207899189,0.9359971423383917,0.47411662832837853,0.5850617880804548,0.5114282021629544,0.8633426433936504,0.5929865817716213,0.5705518866706429,0.664188554678826,0.0,0.6668333895535776,0.7708461382238496,0.46539885247424084,0.5061195848816215,0.9162852294028728,0.6446053891069193,0.869958875069415,0.7762785975512675,0.7389873874838435,0.6669209539915031,0.7233483292442193,0.5243769023423166,0.5961899751673762,0.36630764431617824,0.5933960493968078,0.6897909093328793,0.25783251667101137,0.3726292564568411,0.46650136755601035,0.8119854853830804,0.6122731487712797,0.6940683687812171,0.8726769327344462,0.626492490800997,0.7586169405640182,0.721329417163894,0.5107563075902153,0.0,0.0,0.5956416714677039,0.8331372174407228,0.0,0.0,0.0,0.6947645776218742,0.7177680771126076,0.9314751053082446,0.0,0.7758891639144272,0.0,0.7167765888221711,0.651542979042278,0.0,0.7283698016617283,0.7820444159140942,0.6328302456151804,0.8537167081666871,0.0,0.6446468756919559,0.6479391804234746,0.7415156006316106,0.7337395356875658,0.6274947115368672,0.9338115048478007,0.8720653740453757,0.8813855875235217,0.6464581290974518,0.8111007501369754,0.0,0.6997511703609517
0.8071856684289298,0.16440809164935238,0.6568067820818164,0.5633763654014088,0.6532212017348291,0.5944174842574677,0.5410969020204919,0.4804818368573375,0.5672876383317811,0.8018859499636636,0.6193534260879708,0.8642225177152439,0.537918349974069,0.47736451811161984,0.5438043075104774,0.6668333895535776,0.0,1.0219180322554506,0.7280538208573826,0.5034209301143582,0.7601482747490478,0.7376624055866247,0.5828919291864743,0.8092132167481066,0.7760156665214275,0.6601910070792769,0.623418486999767,0.7716753434300736,0.521159368785747,0.30114980033434025,0.5385510605061355,0.6005626096650662,0.5840885928174044,0.5710845915213121,0.5031753853034184,0.5435793500014117,0.3910914342335834,0.47324896960765156,0.37848207616276297,0.44290422013372055,0.6630172119775233,0.7691720381055192,0.0,0.0,0.7425987448051402,0.7881326378965194,0.9932823630838716,0.0,0.0,0.0,0.0,0.0,0.0,0.0,0.7241784423284476,0.0,0.5768031285915449,0.5742327109947906,0.0,0.549987102742004,0.629319160864797,0.8024979179007112,0.6451428906014824,0.0,0.0,0.0,0.5165165290192539,0.0,0.6973934915468004,0.9261239531371883,0.8911558109527311,0.0,0.4193712661763731,0.4931928637112038,0.0,0.5059345704493421
0.6784547775898628,0.6114510011794922,0.7304943577704794,0.5084413203899933,0.6716429217714139,0.76093946639632,0.5843156898146262,0.7581937650728731,0.7822958340033559,0.7557822327481549,0.556181011364257,0.7872444269356895,0.676222410081059,0.5082588623079581,0.6504193781983967,0.7708461382238496,1.0219180322554506,0.0,0.6568206628172994,0.5809360070935101,0.8332990213228693,0.6461324441270256,0.8657644264034019,0.6978356334045712,0.6917048500107246,0.6007120554108696,0.8514978477073869,0.5717798729069922,0.6612547466846148,0.4671348398901676,0.5225064103534243,0.6916094812927299,0.5949040182134633,0.5645510068918795,0.40678201615322906,0.4550014874999556,0.4281932988115312,0.4874377431533796,0.7086796732045708,0.4677287366904507,0.7063770447618976,0.7213442187228931,0.0,0.0,0.5266252058096023,0.6847679291021016,0.8735645737789199,0.0,0.0,0.0,0.47205265907036265,0.5348982423483769,0.596761028802341,0.0,0.5930448272848756,0.0,0.6757892918233255,0.8952943373502747,0.0,0.7801852366585642,0.748505427976991,0.6262893488248527,0.684012383397971,0.0,0.7257656521466851,0.8439989567607675,0.6881215250017734,0.9047489048593417,0.8502173120728929,0.7748653164470545,0.8347941755562274,0.6770362053979242,0.7936005852229888,0.7233848714988766,0.0,0.8602397052644386
0.0,0.35748379510329975,0.5113304014548199,0.6237088021820001,0.2167417249852657,0.3594471342196627,0.5596980050504308,0.4506889979955643,0.24788271249956473,0.5945746176316893,0.35320350226143216,0.7370291373493862,0.596607019325859,0.4356274568989519,0.0,0.46539885247424084,0.7280538208573826,0.6568206628172994,0.0,0.4964130620178091,0.653545625092373,0.6985286112962691,0.3801264000450068,0.649164736522087,0.6607181299314,0.668042500006605,0.3742220833484273,0.5890940263892344,0.6126937340931152,0.6281316791609819,0.5666831102704466,0.5996487699447405,0.7419870473379738,0.5955134299105564,0.5534568493242411,0.7410856664036286,0.5050267069021028,0.5154437673225462,0.46471329121370797,0.4412598557215184,0.41274016745909636,0.41964029767733546,0.5218995474243963,0.6580809373859429,0.003711217518091864,0.0,0.0,0.808409318909548,0.0,0.28989322318687294,0.6130820593915709,0.42785069880215393,0.3420476539583876,0.636662762499745,0.6077588056137044,0.6550433542142153,0.6589974594385757,0.39691512229748027,0.3364497432128924,0.0,0.0,0.0,0.0,0.6901589667471613,0.4771793222741474,0.0,0.48461280689410435,0.6212060698343588,0.0,0.0,0.0,0.6582148957835852,0.67792890152879,0.5819521586803327,0.5090308409272065,0.6602799468248693
0.7102559881009801,0.5053941438915994,0.3889555566774576,0.15323667785056727,0.43097107155812014,0.5066355567601626,0.4018135761463796,0.793345053904843,0.4539635523819662,0.5476680446612732,0.48330820859285195,0.4399363095803847,0.5242081997962804,0.46676229488642973,0.5750099639064234,0.5061195848816215,0.5034209301143582,0.5809360070935101,0.4964130620178091,0.0,0.6396629061434669,0.3956622086516326,0.44410016038993005,0.8573257147339061,0.6933945527900192,0.6917089449568178,0.5909332511791232,0.5983066423638809,0.5668533430073557,0.7647079354209338,0.3970642995674719,0.371362009037684,0.2983583685665204,0.3700560335892358,0.5835542923628557,0.7196593891385092,0.3791890173154902,0.972722210713024,0.48157953585767227,0.49983375590644796,0.5948111454429879,0.528516421887896,0.6651631977245814,0.13253048888903204,0.35913519765822494,0.5939357368506781,0.5650904822410296,0.7741655538005834,0.0,0.0,0.6901986592537936,0.8732765750318106,0.6545656369866772,0.8267211959426088,0.8536937678071714,0.0,0.4914042039460833,0.7179154606859262,0.0,0.6023937056323048,0.5427099782228859,0.5086611506559741,0.5698180600205911,0.0,0.48631290899579577,0.45578636849886534,0.5763404621684486,0.6991313342767331,0.0,0.6100558862943118,0.4371416217435695,0.7421990774166836,0.5569283598610641,0.6319459508222343,0.5643573930744383,0.5160348685950347
0.37865504232534253,0.8617350425053583,0.535044263957505,0.47235748904471697,0.6687202886525552,0.6521543341136895,0.4835428388732636,0.4769730151962238,0.4698187703747414,0.7497840922506362,0.4133131363103708,0.7036208824178921,0.7550128264676719,0.6275917345558423,0.5201679033783636,0.9162852294028728,0.7601482747490478,0.8332990213228693,0.653545625092373,0.6396629061434669,0.0,0.7466243993866049,0.6632084432214569,0.45367936246962964,0.8456351767662956,0.8639604610741294,0.6934809707103862,0.6385301938923007,0.7326551548267524,0.5658998991770323,0.8394331210061814,0.5483054482798744,0.7455706450276912,0.6579932192931601,0.6991934768606931,0.5540498324241485,0.6187613240043539,0.5314697583811928,0.5247354161806854,0.8116071050178075,0.5463164784173056,0.5831159535424428,0.713965478758943,0.0,0.0,0.3066933266972784,0.43998523763419506,0.6245475547288073,0.0,0.0,0.6678909817951217,0.5095466550333658,0.8163712982505741,0.7108305780026276,0.784061833187742,0.0,0.7700684688766568,0.4804455089380081,0.0,0.8791688356475427,0.6912891477421856,0.0,0.9047397166685026,0.0,0.5926466679009725,0.7631347531231698,0.7908435419541557,0.6074781895804032,0.6155420976146869,0.7120376025572879,0.8553316276510827,0.728031240104332,0.5393050355608584,0.7032287424062709,0.4355208097505676,0.4019122075410889
0.7445836487397317,0.5275373648806683,0.5531565835580994,0.6378216872869206,0.49991717254915213,0.5326118540441357,0.5452177987928724,0.8241788500590912,0.5143315458815274,0.651253374532649,0.4418400671029852,0.4105089050500879,0.5483383997742611,0.22174735788173314,0.5223961693251031,0.6446053891069193,0.7376624055866247,0.6461324441270256,0.6985286112962691,0.3956622086516326,0.7466243993866049,0.0,0.6930624034482165,0.34067670951971735,0.7514498553711424,0.7224733384221536,0.5420521347600151,0.5903016220772521,0.48747439570219686,0.49559177565639884,0.4973378652208203,0.4751285637987501,0.3190180615737307,0.5084205091994253,0.7238939843989168,0.6408115617420242,0.5684553041087727,0.22584965312476807,0.6343426996485592,0.8063306513571464,0.669180320688179,0.7441738870229039,0.2595450168921759,0.40065126102049076,0.4002581667950189,0.48297895679835556,0.6199937509640643,0.8057599290491109,0.4934319935908611,0.4001001614009989,0.7274335011360196,0.7003563158755182,0.5903156121558906,0.7558725806299029,0.6336517794601721,0.0,0.760971136606833,0.5999479776758445,0.0,0.7590689147414907,0.6679545206591704,0.632042500705951,0.6203107194609936,0.0,0.5587040801864696,0.6988076308467606,0.7697982043556518,0.6250909484674265,0.7321101588945718,0.7281388024185558,0.6671285363495936,0.6598196042315685,0.657419268789625,0.6367013606615193,0.620779690562878,0.791984203153832
0.630788953118492,0.7982982750513169,0.37892552527605516,0.5936545444522494,0.49237947119209574,0.4850717138190941,0.5726500857889025,0.6139033844849515,0.4603830548545733,0.6459988574193771,0.24163286683207177,0.8199848318227557,0.6138464906388315,0.4582600664780027,0.7109289245565229,0.869958875069415,0.5828919291864743,0.8657644264034019,0.3801264000450068,0.44410016038993005,0.6632084432214569,0.6930624034482165,0.0,0.5979898551550024,0.8295173397786177,0.7038788286994232,0.4355608997867507,0.5451881682400896,0.6581846584298621,0.6114635580349548,0.5611423446711541,0.555111268260307,0.5181621622667953,0.5847769000408043,0.7327378356782057,0.5144871317058122,0.6135389440398417,0.6736207258080396,0.644410275367401,0.7580952958038627,0.6670148184809626,0.7961062027973168,0.7222623626358667,0.7600505008712062,0.01392658347924658,0.43096323607751474,0.8056594972535516,0.8324450220206394,0.4165284381852804,0.5868493966751223,0.6779227663649905,0.6592709218484456,0.5566936843367367,0.7160445451293747,0.6918172699236579,0.7157371088897277,0.6814492983163687,0.6901515992692961,0.5813648533896774,0.7797626738169796,0.8958294931198953,0.5110012091876666,0.6236202725087601,0.7601889286410835,0.7892868772037149,0.6381888686429171,0.7058062264390041,0.7848014905638844,0.3666280575124927,0.5614264369533921,0.608147623888396,0.7005994848219406,0.6388356073038092,0.7599844283038996,0.6928225360218598,0.645365884706478
0.611729645760412,0.6217232870106768,0.5395032356923883,0.31638604153787037,0.757989567003705,0.49841071953501837,0.5193837464795479,0.5739178365483739,0.7298292823455839,0.379814690678411,0.7106993924800231,0.4329919332867445,0.5182865561257803,0.8043165748725551,0.6647078983893725,0.7762785975512675,0.8092132167481066,0.6978356334045712,0.649164736522087,0.8573257147339061,0.45367936246962964,0.34067670951971735,0.5979898551550024,0.0,0.7151060544733101,0.49417902452741413,0.5788341506534745,0.7824080594318472,0.9233439456182198,0.9203037346129749,0.7330979578281401,0.732635848351605,0.3691234848189562,0.29232468527897165,0.06944820652666225,0.7516037470126642,0.39037255615632005,0.5438126471726101,0.803160722574026,0.48452981063430905,1.1208636781029144,0.7258973238293248,0.4856963209163316,0.536854230947209,0.43607332530445514,0.6414936627595554,0.8529499992695069,0.0,0.0,0.5027602245025911,0.6446174946749713,0.4106382312801375,0.0,0.3720881101533347,0.6758998701605748,0.5514114614202807,0.5371704897229331,0.6216975957123689,0.0,0.9369096712808788,0.7739189565180211,0.6858026937564088,0.7797863808503331,0.5279921632923114,0.4271901601518911,0.8058193552303395,1.0678084275611353,0.6563603101536495,0.2677229736892624,0.8686206029970812,0.7418109484349924,0.30918876475015994,0.7194420375036534,0.9519846686564106,0.0,0.9192460906657877
0.6666835929535022,0.5282055273596544,0.6319800194637315,0.8628045924456975,0.43386624690286535,0.5760597368345368,0.5075496397370935,0.8300834205656635,0.5486502912665692,0.7738545900619098,0.6232336793597612,0.7434070813652027,0.5857590555247204,0.6012666109899607,0.6630810171364744,0.7389873874838435,0.7760156665214275,0.6917048500107246,0.6607181299314,0.6933945527900192,0.8456351767662956,0.7514498553711424,0.8295173397786177,0.7151060544733101,0.0,0.4362565485627929,0.702891957013443,0.6110225130469,0.7263846229252147,0.51490845633903,0.6162157479166025,0.40196940365147477,0.5868565813567321,0.4808214883425019,0.46056973521430067,0.5196693590054509,0.759661864127046,0.4809036599187178,0.7851647610227735,0.5677961139020241,0.7674723993855597,0.7846926732875067,0.24642729361447416,0.0,0.5549743271899327,0.7584788277470365,0.9131182298599589,0.0,0.0,0.0,0.5697722018486707,0.6644368912430838,0.5595717708981256,0.4732440334614225,0.6278101863021557,0.455740761710262,0.6670510147910538,0.48551219256541994,0.0,0.8106276660154648,0.7709758783695183,0.6846568254279772,0.7795236846260083,0.0,0.7909372846911504,0.7255905120630319,0.8161224596093818,0.7314495001365264,0.6460344750744053,0.8537585148559326,0.8400346429930552,0.8075529398291126,0.6896809626311287,0.5823965686838053,0.0,0.8266115969271204
0.6928839931474248,0.46780154843039345,0.6143635778207525,0.5232200390869555,0.2929864680749854,0.6524489573647864,0.34399021236915783,0.849843414642262,0.642956422887933,0.7018649155731207,0.6680569716947936,0.565220904326212,0.3251155011905595,0.7592675398999047,0.6013352988765639,0.6669209539915031,0.6601910070792769,0.6007120554108696,0.668042500006605,0.6917089449568178,0.8639604610741294,0.7224733384221536,0.7038788286994232,0.49417902452741413,0.4362565485627929,0.0,0.7731049022589015,0.6097531032199135,0.6979842072480074,0.15411121634499958,0.5483080541094304,0.6008592252288929,0.6268082539421086,0.5182588656557873,0.5966492470782271,0.24435953778479963,0.6140509051743496,0.4527923823066693,0.7785660250013529,0.6040226098124719,0.9074218403562186,0.7643138717866822,0.27959863667202445,0.5077641524599675,0.615198649600833,0.6306383780040605,0.8044084798062792,0.8959003392824365,0.0,-0.00338025123078828,0.7594287170056391,0.6170747500720841,0.4480657494098628,0.9071269556919571,0.691385072978883,0.0,0.7345871184176754,0.7359628995361711,0.0,0.8730164233833733,0.7950589628649719,0.7122007123088315,0.7915433133271711,0.0,0.7399715569165445,0.9213855479053226,0.882423247924372,0.6628430670213227,0.6163190764587612,0.8809996368323565,0.7585727385974379,0.6553630390987879,0.6351101140825044,0.8853157044600817,0.46041375211156854,0.8260019423891902
0.6308930428054913,0.6267724281889387,0.5530813268524262,0.5141743316434833,0.4138951817748437,0.4559863992857757,0.410352158121285,0.6562668649832655,0.48123569864845156,0.5122195107284486,0.25785184939467654,0.7330101649103671,0.5441002164699944,0.4914577495741734,0.7111375789868201,0.7233483292442193,0.623418486999767,0.8514978477073869,0.3742220833484273,0.5909332511791232,0.6934809707103862,0.5420521347600151,0.4355608997867507,0.5788341506534745,0.702891957013443,0.7731049022589015,0.0,0.548783755765701,0.811037567928961,0.5188156113240459,0.5853546902567189,0.3955591888497052,0.42884739574191794,0.5321146610348401,0.5737809531681124,0.3314084855989662,0.6387959474958484,0.503268674846693,0.5582318451597332,0.5693722686964159,0.4280255145961381,0.7214822666401846,0.6583036662389912,0.619376438219843,0.1143366649077667,0.630888382838353,0.587297361557634,0.7040973472339607,0.503586349103006,0.515659922447519,0.6521257339413689,0.613864391357881,0.5293651040696965,0.6498525907544384,0.7989545060343606,0.5453891512532676,0.6482999229019666,0.6850223570931886,0.45824674462960235,0.7737394805793238,0.7309190421985816,0.0,0.4032875609122946,0.6428722338903641,0.7793075303946357,0.7010870785222441,0.5954866391794087,0.6741388012945895,0.0,0.1890366285224644,0.36798761527075113,0.7308922439451291,0.6646372286892354,0.7121124299061043,0.5569646006172857,0.6502378886842844
0.6073159300666994,0.5431244108781444,0.6830993406332366,0.5565323210172899,0.655804037592923,0.7315194230936481,0.7505738767165753,0.6833461381178351,0.6484181099909838,0.7566165657652137,0.47759460099046114,0.9229348922061076,0.8338968973567653,0.7331883396004788,0.41229066709788004,0.5243769023423166,0.7716753434300736,0.5717798729069922,0.5890940263892344,0.5983066423638809,0.6385301938923007,0.5903016220772521,0.5451881682400896,0.7824080594318472,0.6110225130469,0.6097531032199135,0.548783755765701,0.0,0.46926570011799185,0.5139893608213524,0.5700770794553343,0.42591684354258463,0.6757188963593687,0.4933687173639053,0.6557332476887415,0.6399381812091514,0.6406819434352073,0.7065952760729974,0.8971574491738401,0.579043431753554,0.9702962871383101,0.8646709658089761,0.6077477632363191,0.7034596687246155,0.7351212087154178,0.6563633141674355,0.6681439489722969,0.6184281383580885,0.0,0.7906891288391289,0.6532333046460617,0.6932893354711528,0.5755053262941319,0.6811553076339301,0.9175921737558745,0.47257432835317054,0.8889156420826008,0.7842263809646604,0.41517938566711987,0.7243933141724661,0.3602392156794673,0.3323773291024709,0.5879721329776915,0.7241269332118985,0.8544235968584672,0.6233360061236142,0.6226929772079811,0.716082245078908,0.46416641981912155,0.6649687024495392,0.42446927395574113,0.7456083153490773,0.7328351051491155,0.6951460864501786,0.6452991734514575,0.6667763442034127
0.8122631159217935,0.5630613334321314,0.5446806130901497,0.3679788649640093,0.710164095276799,0.4373551093110294,0.6650556939248862,0.7199334634306951,0.5653117478526459,0.5591003876080332,0.46464818498332017,0.6122021538909056,0.7349179310322784,0.4083545170265851,0.4721099288240873,0.5961899751673762,0.521159368785747,0.6612547466846148,0.6126937340931152,0.5668533430073557,0.7326551548267524,0.48747439570219686,0.6581846584298621,0.9233439456182198,0.7263846229252147,0.6979842072480074,0.811037567928961,0.46926570011799185,0.0,0.561267765303028,0.421584331659802,0.3434504812696617,0.40208485466928623,0.43125500665919325,0.5238322162122288,0.20292362695075422,0.5456524146576534,0.6253346562314652,0.5505789003020265,0.5810228429545881,0.6182026727199226,0.6843244553178448,0.5287694889353636,0.6484662670146827,0.5084324513916494,0.47234277036050715,0.5997190710493803,0.6613357376020357,0.5011605590230883,0.5342958357614398,0.6638434309656656,0.626735678956091,0.739417966582347,0.7099420187962435,0.6207500394616556,0.547627587293717,0.6356150853504399,0.7106060356103072,0.5535477829080271,0.6839369946362728,0.6117555459164699,0.48688198730281473,0.6345571834696997,0.5965946328019438,0.7171832620950669,0.6002312043167431,0.5576411078491763,0.7512580224222181,0.5086515028637291,0.8026066407841435,0.6453170343216869,0.8061218227588758,0.692744092822194,0.7185501243783893,0.5576135477864159,0.5916518227932437
0.7309758977780894,0.479176025700529,0.7694145205826315,0.5882902799282719,0.5290424854778396,0.7138086296519821,0.5789877690859279,0.5679202281711255,0.8322907525930179,0.38578302182608404,0.4558071738079093,0.48301023714352315,0.6427122332194908,0.7986566914234245,0.5512660552288744,0.36630764431617824,0.30114980033434025,0.4671348398901676,0.6281316791609819,0.7647079354209338,0.5658998991770323,0.49559177565639884,0.6114635580349548,0.9203037346129749,0.51490845633903,0.15411121634499958,0.5188156113240459,0.5139893608213524,0.561267765303028,0.0,0.494509375605253,0.30360495824809897,0.2502870530217194,0.5470445444236691,0.6560114207340086,0.5612531227791321,0.3799891375548627,0.4095096799442831,0.6815242224320163,0.4733084127502143,0.47821638346334616,0.4859155896192166,0.7309803491113316,0.28420926781293865,0.0,0.0,0.0,0.34465790616800857,0.0,0.0,0.5578935074710496,0.6517236901372925,0.4310426245152289,0.7642841268583034,0.5325328232432402,0.0,0.012701039719321313,0.6009781748951127,0.0,0.4751528345559277,0.0,0.0,0.990202962783019,1.0192033916199832,0.711910328171165,0.5811988957734326,0.5409357042628435,0.7285863937977096,0.0,0.42562504824236597,0.4969683920403817,0.8108194466985923,0.6802697175193714,0.6465950100245104,0.6354552069754414,0.45017433273035296
