0.0,0.8642769622217168,0.6080590849804864,0.0,0.9645384693831379,0.8234439149403712,1.0365947025348654,0.4767046421800867,0.9637197894661705,0.9351434187309944,0.2939358883293415,0.5215101469328426,0.8774444410875898,0.546565718950315,0.2793506692177101,0.49745159201139816,0.3723341041727316,0.5057569210419157,0.0,0.3576906855190211,0.40668871746894,0.5195340235478461,0.5468828270444352,0.8241193539803529,0.8329925390461107,1.143234668039722,0.3836080820472997,0.5135931090940168,0.5647413278934461,0.6635236969533437,1.150136545103143,0.8183125292417526,0.8236158403081408,0.875071845496417,0.6003759270059877,0.11655698801097003,0.4860076718325107,0.6951511745030663,0.19905232943914297,0.5875983040380812,-0.05480710097094199,0.42065707085061554,0.5123737601780088,0.0,0.37477898957855027,0.13982377330459267,-0.036376097155953746,0.0,0.0,0.0,0.47727189349210175,0.0,0.57433640414977,0.0,0.4313607707540554,0.0,0.48746031116430244,0.7227335530804756,0.0,0.50180318976667,0.024441333145841293,0.4462722541169617,0.27882529725191707,0.0,-0.07889653356584236,0.5186632589530853,0.05452595436686958,0.7842252004161895,0.6629966581378066,0.14361912530899945,0.2973540364578962,0.5115430162019018,0.48624619785406814,0.3225553390843543,0.0,0.1905575108029825
0.8642769622217168,0.0,1.1576077601878074,0.3993233124625792,1.117337206885236,1.1517796049964286,1.1530778576573026,0.4447121591566743,1.0667168748599014,1.1014380905896344,1.050826253126707,0.6125668154861976,1.1591287107153856,0.3636986778350848,0.2387240147716465,0.7933960194911184,0.4537614791545302,0.5552922169650452,1.1969942097388322,1.151330377143713,0.8414043335195691,1.1765022250591248,0.6713514481119065,0.8932370378345588,1.139846739997806,1.1477385999591918,1.066232242078719,0.937738598351583,1.1396251046996604,0.42489256529894126,1.250556451109911,1.0801303473825583,0.6749439080321611,0.9886702372084806,0.7319419683269718,0.2378142295298157,0.6540946709116554,0.0,0.5332311421580581,0.3100112239294994,0.21444497323094547,0.3813901894873384,0.6131945569281136,0.0,0.0,0.5534898503309438,0.32637067287562815,-0.018127446741114002,0.0,0.0,0.39654701405349774,0.564140924401972,0.4981173383115247,0.5256199635504091,0.5410538846653759,0.0,0.4595298992015531,0.6429763993416726,0.0,0.29916087118142465,0.2226995937313951,0.36931146692666333,0.423303003333117,0.0,0.16000635133925833,0.5086579803302619,0.19006909331331953,0.6448136481998991,0.4315367024656078,0.3437806907200455,0.37274616622443635,0.4531086788995759,0.6073741316332877,0.36038560770003203,0.0,0.3803511228600296
0.6080590849804864,1.1576077601878074,0.0,0.7031631839665923,0.9397169352930248,1.0271752076762428,0.7798064494779051,0.9165796371300191,0.9872558435113199,0.673146162740589,0.7756368375465219,0.7322626450273126,0.8008921385215131,0.9292373764606049,0.5955176794495138,1.101769870274651,0.7511913173250919,0.5089134631149017,0.9633079142901816,0.7740901265258905,0.655407775033418,0.932316521578977,1.063834025086516,0.6922079090977017,0.8185285978696919,0.7650236001244735,1.1400937140020808,0.7527959734037419,1.166661614260603,0.6516361345533164,0.6647256112998803,0.6242858057005918,0.4477428754859466,0.6551082777737804,0.6113212076173912,0.7734187219394588,0.6193912607211152,0.7107664884147349,0.41007383781460727,0.4737980863047367,0.09507032819270456,0.1305991917158967,0.7510846063338534,0.48972560764884443,0.0,0.0,0.09352373473959191,0.6187377020054526,0.5095407125177458,0.599087791523603,0.6237444768205782,0.5876542282887114,0.7628604373813466,0.8115492321428585,0.44296368528598706,0.42149259969007175,0.5180559686309317,0.7755625113208868,0.6988464840361035,0.09390164478854737,0.0,0.0,0.0,0.5015534788100438,0.1542790718690426,0.10708299331958102,-0.06098115348956276,0.613130086286575,0.0,0.5811551680507772,0.46939877521741474,0.7527200812510662,0.38583661565505745,0.4704711017012461,0.5589570205992537,0.3880552358004105
0.0,0.3993233124625792,0.7031631839665923,0.0,1.0285896817135667,0.8794445048840889,1.1371490852037038,0.6935403124598444,0.9769871047838219,0.5205183348710005,0.843847395946796,0.6667343588220653,1.054921755005174,1.073229732337043,1.0427814166898965,0.23261951597088382,0.5070590905082695,0.5118698995602906,0.9569935474665561,0.11677032141005639,0.4749877951485526,-0.05518246193432513,0.6011589968770104,0.6735397628750225,0.9441268227099058,0.230340809756089,0.5857000509351266,1.0141340281208189,0.7047216064331735,0.4131672627695495,0.8348455965801919,0.5517995886130365,0.31304926765767255,0.38468465435435717,0.9268157672419703,0.9393361880872625,0.9160075175185911,0.3897376646150126,0.4661459038385571,0.39671297210310863,0.593769128832665,0.29815141169025977,0.3966563239901413,0.5106888716021332,0.0,0.0,0.0,0.5070164684707597,0.0,0.0,0.358924824857039,0.0,0.49149236664266693,0.33496104991348763,0.0,0.36381053633436367,0.7498993628338427,-0.176864715798427,0.0,0.0,0.0,0.0,0.0,0.0,0.0,0.0,0.5120307133802737,0.4670972935817083,0.0,0.0,0.0,0.24591740528542033,0.772581492150769,-0.08093337029045028,0.0,0.0
0.9645384693831379,1.117337206885236,0.9397169352930248,1.0285896817135667,0.0,0.9435721813324337,1.042399956689776,0.8153781007334985,0.9690796037563341,0.9713538288508481,1.0828644825923508,0.7667396596938033,1.0720612987081055,1.0498723844427007,0.5799579363095668,1.030793656967788,0.6219087881250129,0.9560076858083155,1.14492348379467,1.1640930103220688,0.8957163047509538,1.0823497080031104,0.6089241977362316,0.9779784566080532,1.1376174254571219,0.9833419822744671,0.6808521270689527,1.0572172276938767,1.0637196633875772,0.8594014816749949,0.8265604413930483,1.105685290533572,0.7856770806951403,1.0166588509656291,0.8905785479836239,0.9762922822975374,0.9166072440735896,0.7376432769637493,0.30868433935480466,1.139696223829867,0.26662134422729744,0.17982415644716876,0.6430904229334149,0.6137942801804108,0.3756020239246327,0.0,0.8013149114357615,0.641456679995164,0.0,0.48456720416729465,0.4598463020057991,0.41471605234269004,0.4537331484079391,0.6078942371213963,0.0,0.5194531598577614,0.28544050274390614,0.6152223950424298,0.6195579578949608,0.7328690222860501,-0.03350926102655899,0.0,0.0,0.6357307302375406,0.3895513702810541,1.016198841252894,0.761197013936658,0.4385929477553971,0.0,0.4741071219746263,0.9567609599401217,0.4024689830600105,0.30457181681181406,0.3642165624662098,0.0,0.2603672115863358
0.8234439149403712,1.1517796049964286,1.0271752076762428,0.8794445048840889,0.9435721813324337,0.0,0.9100105422995391,0.8650895724962039,1.0394390601812937,0.8508159761133585,0.9283313668567472,0.8772469618082048,1.0314429455403016,0.6718852888200549,0.6061963882648056,1.0642289610618316,0.6650509145302246,1.0487109563121693,1.0747113683481473,1.1846969040728985,0.9532260932287695,0.9732352008708937,0.9074695840631916,0.6536216349516066,1.171739917839354,0.7340667005106238,1.0224996782510862,1.1115015063351894,1.0585314560909334,0.8997536970405862,0.9382258110193316,0.8223235589646811,1.0558893964524707,0.9665305810836037,0.8660919920326968,0.736740544607893,0.807847213422845,0.6737437862182459,0.3695319139577632,0.3696607112792051,0.18177279699849588,0.1908073510037117,0.5159355118411391,0.1980342588075431,0.3262227802532684,1.0952298600515888,0.7730886283486034,0.6592329830149495,0.22702574991476937,0.3193984822638661,0.5986436162228292,0.4540389661330426,0.8273051145550596,0.7128594812465616,0.48726956251113107,0.9486497195649,0.46692726865549483,0.5619198471149919,0.5862600356044438,0.5222481724657553,0.7312421732552559,0.0,0.9819569728043118,0.5985579332524583,0.46847637308320783,0.5931295362521813,0.49743884161178176,0.49990290851714736,0.5498752456127189,0.48051077379919327,0.7291014671362845,0.49452560563568115,0.3281563679273263,0.48779960187600374,0.28105685900150945,0.2316644031896855
1.0365947025348654,1.1530778576573026,0.7798064494779051,1.1371490852037038,1.042399956689776,0.9100105422995391,0.0,0.48788117778897333,1.013314623441251,1.0159176514630979,0.9070642237523849,0.9080552381522471,1.0756200122118227,1.0177330450858597,0.5619968410788546,0.9536506496497673,0.6672443531659533,0.8043300678200425,0.7917476194916033,1.174576729977535,0.3418808545114851,1.0429172391505412,0.31676203031196576,0.8991646898210928,0.9855770698800161,1.1055934127057565,0.6388042079913006,0.9351019637839002,0.9901115172979073,0.8589703475405637,0.8759885258788103,0.5572864591604441,1.081715274192418,1.0494322569209005,1.0281818188740592,0.9228708814320938,1.05643999624968,0.9014952846159151,0.004238883992778941,0.49009161989440075,0.08003852436515255,-0.018298970774696333,0.5524812428271141,0.5475061951558797,0.36720175268266386,0.0,0.857013039709197,0.5109032056582393,0.0,0.5751262181445727,0.578657676421753,0.5838246299077448,0.510081286400103,0.7075740515087492,0.5457030398760903,0.5323917547941965,0.5203831703344561,0.5340644048991423,0.2684636328211177,0.18937304393956117,0.7075241465350106,0.0,0.5103116943097404,0.5661878481910132,0.48869258679536853,0.4223933184782349,0.7146408596762304,0.5530192084962169,0.5095675558221284,0.4907598446061689,0.49891413881969326,0.5400567604328648,0.5256610257033116,0.5272553505334111,0.7900504596641161,0.4208002548372457
0.4767046421800867,0.4447121591566743,0.9165796371300191,0.6935403124598444,0.8153781007334985,0.8650895724962039,0.48788117778897333,0.0,0.8388515867635808,0.23575232734853319,1.132388392292187,0.5373368549108212,0.4556295631925954,0.8459851544706272,0.5353870430189482,0.6462443282583357,0.6589427671137201,0.6249984020474053,1.0065774330296984,0.6568982888819273,0.6371461841487874,0.5939580821808376,0.9468152449351621,0.39216601505585946,0.7668980537557977,0.6570162913286304,0.7252359321029291,0.48569492708375916,0.8073670238182822,0.36936695924801416,0.3272163818939082,0.6140669532596428,0.11139464383314768,0.32826798658637046,0.3957464553210982,0.9439477927736374,0.5789383039838338,0.4828365786570956,0.3697646559153834,0.4000417100823047,-0.034966200805085695,-0.1938743881478297,0.5645451090790424,0.5983528968836058,0.0,0.5544589529118934,0.41251119721315377,0.6545804153914954,0.0,0.34663808594069256,0.410910954910234,0.3594109967513417,0.6563017404121274,0.3095524268496832,0.7007567704620181,0.731642859045896,0.9459686271708219,0.47394225886994223,0.7141721193297789,0.5115442353113555,-0.04235563005508719,0.0,0.616699108496715,0.376689003492873,0.3696513245186148,0.8997397398810363,0.16021272675176634,0.5095111947707589,0.0,0.6001612603458761,0.3402690702812632,0.44123465491684893,0.34791297533328264,0.48226462589808144,0.2826888299292165,0.4628837923730185
0.9637197894661705,1.0667168748599014,0.9872558435113199,0.9769871047838219,0.9690796037563341,1.0394390601812937,1.013314623441251,0.8388515867635808,0.0,0.8546476109662546,1.0319174113762708,0.7983924033033608,1.1285082357653926,0.8285784289498417,1.0684248916939794,1.139016119321806,0.6317712544511439,0.9734050153349026,0.984315620944561,1.1531268969414297,0.8563157646219228,1.1669410313192743,0.9023348973205456,0.8995496732082428,1.1164884104407387,1.0024606981452835,1.0863964991670698,0.928860693258921,1.0862444831550555,0.8947989028408685,0.8704314352157985,0.8965426055907584,0.7919111054924954,0.9272684782942602,0.9065719397312912,0.9352736083611187,0.8788655418803313,0.8805036298637706,0.4504345212919995,0.6305242994617928,0.14867892194061144,0.3066088712280477,0.5772025245674898,0.2942827482195166,0.3069380952997913,0.0,0.8829172034616037,0.5457613360541326,0.4908793468270848,0.6051730422802462,0.70354314397295,0.6325850269259627,0.7799879592532779,0.5700298281745705,0.288186189341109,0.8788671334843869,0.4864385235109402,0.6701429360684658,0.7062279503681662,0.7533667363928694,0.990907297642023,0.0,0.0,0.6895724254596962,0.6100042377852093,0.5817403943800128,0.8008884908517158,0.5357169857052506,0.4519645473451893,0.4272796042348067,0.592365623507456,0.6220350864258409,0.3740271710063442,0.5535475241601541,0.5362562954970744,0.28140852348689704
0.9351434187309944,1.1014380905896344,0.673146162740589,0.5205183348710005,0.9713538288508481,0.8508159761133585,1.0159176514630979,0.23575232734853319,0.8546476109662546,0.0,0.7832677367189598,1.1531305124170914,0.9149331473562536,0.5928202777673356,0.4776302046374664,0.49479524543652503,1.0347178981158356,0.6689149371748412,0.8014655658008385,0.543230609767734,0.558117313733609,0.788529217439615,0.32886614941215186,1.1046304008527648,1.2278197521275223,1.1823647542522324,0.40881811909417953,0.9706267992047977,0.6704170783782548,0.6301901278049615,1.2567850746568623,0.6086682883966567,1.0460012724719563,0.9795420116212872,0.8136651135817585,0.4937684401427548,0.8276488621075989,0.8677372810097307,-0.03182027805733245,0.49624280490899497,0.28703273367613014,0.000810902977794653,0.03151516387246106,0.4272948402788531,0.6401992992989178,0.6831722280606018,0.5008393580400418,0.4010646019103411,0.47927350340681385,0.4720121706246302,0.2801308949409748,0.3998030589393323,0.5143283082236088,0.525588531789694,0.5787175593993108,0.36624645353795254,0.4659835070688577,-0.057158389639810736,0.0,0.651865741152932,0.6128824832796125,0.5871959917331768,0.5837138529922123,0.4869449581292695,0.511620547605348,0.42445343578494543,0.22923305181167142,0.4813279781787373,0.4382943219797424,0.47194038260773513,0.7003703754616679,0.43082548474808147,0.31234020098128945,0.4587837434615377,0.0,0.6664117316021605
0.2939358883293415,1.050826253126707,0.7756368375465219,0.843847395946796,1.0828644825923508,0.9283313668567472,0.9070642237523849,1.132388392292187,1.0319174113762708,0.7832677367189598,0.0,0.740075163661664,0.8160308501297727,1.143394880261599,0.0,0.9478788257977198,0.6372434935336045,0.6722789094718473,0.9805308165871679,-0.0329022953785052,0.18757277003361716,0.5576896816009276,0.7216785624547948,0.852923244085099,0.9025623066986623,0.4228757566620452,0.9658604770677381,0.8466733110456897,0.8969547604156445,0.9533936156348269,0.7390951007438982,0.8619503689933452,0.24296068192358905,0.7561746865032557,0.7627790227381084,1.1191025531018157,0.7698089210670788,0.6923520967091819,0.6221973531283028,0.554989461646652,0.5500285233726511,0.5063570242733096,0.8676255832007356,0.7503061790357906,0.2723221961645217,0.0,0.0,0.7113920045409705,0.475061746706012,0.7196415352098724,0.6882543073357186,0.6198739864690426,0.8419060059254536,0.6661470949855155,0.4310653839629046,0.6229351514792087,0.23689788147849763,0.8635807480889706,0.8282233704965843,0.0,0.0,0.0,0.0,0.7860297282155821,-0.08810531158004192,0.0,-0.19896234554474146,0.616102206740927,0.0,0.0,0.9969695697386948,0.6776292943033952,0.5622838812958362,0.29558630242805484,0.0,0.453023780984524
0.5215101469328426,0.6125668154861976,0.7322626450273126,0.6667343588220653,0.7667396596938033,0.8772469618082048,0.9080552381522471,0.5373368549108212,0.7983924033033608,1.1531305124170914,0.740075163661664,0.0,0.882565574594782,0.547227845443937,0.4107458111041109,0.8249112331892737,1.1070877791270115,0.9323692790451018,0.6943063048308249,0.6908504059924857,0.8617454756951846,0.541720228815511,0.3761153078234906,1.1329441380694014,1.0172410403068284,1.1121465335086889,0.5766210485335902,0.9987866003806141,0.7317104924520277,0.2599738313574458,0.8192457334297958,0.446318976061202,0.9327572644119204,0.9436984096977614,0.7580501199978178,0.5413060183393812,0.7182374725415333,0.8882672905514563,0.22236388582631178,0.42518115618746966,0.16142853322293776,0.07319243500211639,0.5098010072700866,0.5672261846458702,0.38553538991069636,0.34426459068697557,0.39959104215071567,0.40487867952700507,0.3209999657782601,0.22571825942698123,0.45384538669325725,0.3557044698895621,0.3696448761772081,0.43905890995145647,0.4819655552514941,0.36549356768763963,0.36023164040222216,0.1352187039097389,0.5626062209898082,0.5684393537080297,0.4446584255503415,0.5479455163535287,0.6486223147426897,0.330221355852774,0.7690198597902125,0.6736634192460639,0.44613040923372277,0.2971926326257759,0.3329263208384643,0.5248916975076255,0.6774655276205985,0.09970620164021352,0.2971314745566452,0.47313350296676604,0.0,0.6127362358143936
0.8774444410875898,1.1591287107153856,0.8008921385215131,1.054921755005174,1.0720612987081055,1.0314429455403016,1.0756200122118227,0.4556295631925954,1.1285082357653926,0.9149331473562536,0.8160308501297727,0.882565574594782,0.0,1.0983476999698607,0.4928215983343016,0.999103904143162,0.7232761991428992,0.7716412884384056,0.8207476943981056,1.2176042959086424,0.9508855466806205,0.8125032792058532,0.5576962781997132,0.7678037540841716,1.0264501411864444,1.0380973603456383,0.7313521117079245,1.0461877066676681,1.063157898880494,0.7730332601893016,0.6876382520858081,0.5890672947149738,0.5970632980016798,0.9846267463858538,0.9257387875798393,1.0421393552460596,0.9992266385174322,0.7915101247472316,-0.005807711018878142,0.4337224794103293,0.1305420294543533,0.23531597569349655,0.04524627728635178,-0.003849313101076113,0.7153909767484683,0.8171458764192188,0.9014656431297523,0.671686707658336,0.0,0.6217821985145995,0.3831557225392884,0.5893846932450872,0.546137983746845,0.7605821874309016,0.3875090809318096,0.5927865252025908,0.5979637123300701,0.16743733201425293,0.49905629982854627,0.4781076195474578,0.6241920018690208,0.4733283638983298,0.5393423679097803,0.7418074233804686,0.43428457557000366,0.5958086366245443,0.6370804727217357,0.405173385783556,0.5996075430069852,0.46392088762661327,0.4450500219691677,0.31203478309170907,-0.11588667803162217,0.2811183340929435,0.47588057309849313,0.36291584204977917
0.546565718950315,0.3636986778350848,0.9292373764606049,1.073229732337043,1.0498723844427007,0.6718852888200549,1.0177330450858597,0.8459851544706272,0.8285784289498417,0.5928202777673356,1.143394880261599,0.547227845443937,1.0983476999698607,0.0,0.41962704453193395,0.5993262410368622,0.49129612116765925,0.4629398134136904,1.0648004817366377,0.3512790955666426,0.5819635742883488,0.23453217079722644,0.8511874519629539,0.4703136968115607,0.5000065071764478,0.3249650983306029,0.7622010897878629,0.7731941983566787,0.37042251900615975,0.5534443676423437,0.4113239046240197,0.432791520405584,0.3971257558466766,0.15438022092199508,0.17238805357384354,0.9941561114529549,0.9061908325712353,0.5304292346341127,0.5959615659595807,0.0,0.7013728879102307,0.6687599030775628,0.7142036560209419,0.5091085817601848,0.0,0.0,0.0,0.5144034180661485,0.0,0.5415392976200226,0.5953740719350222,0.2832273812029394,0.7047676748004268,0.540443094425141,0.0,0.6362508247537728,0.37390800563518206,0.3572823529274939,0.627444686585145,0.0,0.0,0.0,0.0,0.555082458572698,0.0,0.0,0.0,0.6315957848495475,0.0,0.0,0.0,0.5604850726221122,0.7631731466041397,0.0,0.0,0.0
0.2793506692177101,0.2387240147716465,0.5955176794495138,1.0427814166898965,0.5799579363095668,0.6061963882648056,0.5619968410788546,0.5353870430189482,1.0684248916939794,0.4776302046374664,0.0,0.4107458111041109,0.4928215983343016,0.41962704453193395,0.0,0.48156243892780637,0.5841087676292291,0.5061459476238825,0.0,0.8977190980325157,0.6139524806714649,0.7323226282579314,0.8843385700252686,0.3354725250773317,0.7439532978679246,0.5202614465268389,0.6210823577326516,0.40138568894827975,0.40621030309996065,0.48584809132025264,0.40020094024041386,0.27870837457474423,0.2253980186287159,0.4124536470428969,0.42378814534729226,-0.16915139150662456,0.12102361996440375,0.36969863965444405,0.05366033686289676,0.18669301165147323,-0.0994910848948718,-0.12479819254282515,0.5386885505812758,0.34111712635228864,0.0,0.23335109419279987,0.12806561042873532,0.5049103260757473,0.0,0.0,0.2850125247520423,0.7371901150959809,0.7168121003655468,0.6249506046184158,0.0,0.0,0.41753056225154395,0.5827431884312566,0.48859728415839215,0.545350660493872,0.08490343736288658,0.5921220688299982,0.5494974823967007,0.0,0.5173132758417471,0.3190204491409293,0.38306421340782965,0.7293799355779185,0.5070793987061457,0.5354788113936484,0.1884634517286643,0.4766987737412978,0.19160253300731078,0.14307954291798303,0.29472832486708966,-0.033614144399347956
0.49745159201139816,0.7933960194911184,1.101769870274651,0.23261951597088382,1.030793656967788,1.0642289610618316,0.9536506496497673,0.6462443282583357,1.139016119321806,0.49479524543652503,0.9478788257977198,0.8249112331892737,0.999103904143162,0.5993262410368622,0.48156243892780637,0.0,0.15730598110969063,0.4856053295508458,0.4870614052620079,0.023200640096953745,0.38899648333883685,0.467654502165379,0.5662432297229361,0.7579182870529213,0.7237722020941098,0.7319166954991493,0.4668351292720217,0.7123749330412115,0.5961788248630777,0.6200555321824105,0.40090302281555756,0.7133554865112163,0.17867006394284546,0.3411945512319755,0.0305333483539742,0.5432810943038886,0.31265333527668243,0.530333780012059,0.10999922101228804,0.11583019008855125,0.02846699388653262,0.008553333965330978,0.5112378889564593,0.0,0.0,-0.04001540459174413,0.14769051086047458,0.0,0.0,0.0,0.6276254679244067,0.5551446071268458,0.48928991736415317,0.0,0.18299193269489433,0.0,0.5128816746872198,0.61792488277913,0.0,0.22762914583859392,0.0930235686300746,0.5443450502230912,0.4367189188335313,0.0,-0.08013068802693729,0.17099443497822253,-0.04599623429399785,0.42225953969164626,0.5104383351265983,0.3255767034534977,0.3760441135884983,0.6175758992981157,0.5696270230484857,0.26823472628184103,0.0,-0.0074852393078269075
0.3723341041727316,0.4537614791545302,0.7511913173250919,0.5070590905082695,0.6219087881250129,0.6650509145302246,0.6672443531659533,0.6589427671137201,0.6317712544511439,1.0347178981158356,0.6372434935336045,1.1070877791270115,0.7232761991428992,0.49129612116765925,0.5841087676292291,0.15730598110969063,0.0,0.589237222030984,0.716850505495241,0.8197507291224578,0.566466803209308,0.7490005736340473,0.5598185926896322,0.7853743994093771,1.0183984308758633,1.10539714985841,0.6305894297509989,0.9975450948658092,0.4094886278497936,0.4854766966096108,0.7884607899205416,0.7915192087169702,0.6290693238383874,0.9905815554855026,0.8696431132378307,0.6355808606348425,0.392522847358378,0.4823548319937566,0.47828297678298404,0.3121940782590952,0.4519217122279158,0.601289652635335,0.0,0.0,0.44805101895209115,0.7122681445342266,0.4797140354928079,0.0,0.0,0.0,0.0,0.0,0.0,0.0,0.4502281029106196,0.0,0.38237283112512643,0.3299680963572891,0.0,0.5764446471285123,0.43991844075618847,0.3971355148495589,0.43361652272648676,0.0,0.0,0.0,0.405760738655208,0.0,0.3232128749524764,0.7002152408492102,0.6860818651037384,0.0,0.34611861360572793,0.48561361053761104,0.0,0.4063664334612889
0.5057569210419157,0.5552922169650452,0.5089134631149017,0.5118698995602906,0.9560076858083155,1.0487109563121693,0.8043300678200425,0.6249984020474053,0.9734050153349026,0.6689149371748412,0.6722789094718473,0.9323692790451018,0.7716412884384056,0.4629398134136904,0.5061459476238825,0.4856053295508458,0.589237222030984,0.0,0.5999965948816153,0.21548172762334888,0.559666094409554,0.2622248912496761,0.5927028511040698,0.7086134238778167,0.8666943002248482,0.9438251067317225,0.5095372112184262,0.7718836648595102,0.5735733818060166,0.5903578108590123,0.5466235947565885,1.0403477833398416,0.5242843082908967,0.875827371054736,0.5147024753415599,0.627524912879706,0.4255904992483862,0.4384013507977509,0.34570150094637475,0.526790630769614,0.4854343592015757,0.5383515660817069,0.0,0.0,0.48996133783174256,0.2975828640331882,0.15157491843734416,0.0,0.0,0.0,0.6091556988260507,0.5247749962099892,0.6171860301419996,0.0,0.516143618957534,0.0,0.46936839692673843,0.45161950998745093,0.0,0.4197701940795739,0.33499635425431074,0.538372446011451,0.4686865004963521,0.0,0.49117591798343124,0.48221964557704217,-0.09921795383795123,0.47913315304922055,0.24736194951160823,0.39930520879295484,0.6638597806545696,0.4377186733598383,0.5727944039766718,0.5281649661159757,0.0,0.4466854465452419
0.0,1.1969942097388322,0.9633079142901816,0.9569935474665561,1.14492348379467,1.0747113683481473,0.7917476194916033,1.0065774330296984,0.984315620944561,0.8014655658008385,0.9805308165871679,0.6943063048308249,0.8207476943981056,1.0648004817366377,0.0,0.4870614052620079,0.716850505495241,0.5999965948816153,0.0,1.182878708601257,1.0521372200088719,1.1879176574852153,0.9299024565343449,0.5302915720573643,0.6961282635836223,0.6802015845898822,1.1414211336249824,0.9160948795578724,1.0735218506914275,0.8624972304217857,0.8145733062758089,0.9183670363084246,0.6017588181330084,0.8244318398845579,0.7886002285362508,1.0045468119697945,0.7700710228119848,0.7277057857378724,0.5933601334328841,0.4471463473467462,0.021896473250967746,0.2903933324983189,0.9432903076927949,0.404615578054622,0.0507297711334445,0.0,0.0,0.3592946288110271,0.0,0.5614327487566373,0.6386603191171691,0.6110539912381233,0.7966139528451477,0.7767922628661685,0.6439425776810003,0.34380857018030525,0.58050982838091,0.625630350260329,0.7886524720148076,0.0,0.0,0.0,0.0,0.8523372156463064,0.475963892577574,0.0,1.1637615999350068,0.6232358724079583,0.0,0.0,0.0,0.655898933645497,0.6213136514468447,0.3904054985454042,0.49323056912117247,0.40508948210950385
0.3576906855190211,1.151330377143713,0.7740901265258905,0.11677032141005639,1.1640930103220688,1.1846969040728985,1.174576729977535,0.6568982888819273,1.1531268969414297,0.543230609767734,-0.0329022953785052,0.6908504059924857,1.2176042959086424,0.3512790955666426,0.8977190980325157,0.023200640096953745,0.8197507291224578,0.21548172762334888,1.182878708601257,0.0,0.5957704036662426,0.860115949799798,0.959763464682359,0.44399986433906846,0.6438689818396324,0.6003081516953991,1.0154197912689784,1.018564028044329,1.106016186877691,1.1580503503834445,0.6027604186621122,0.522667495269876,0.2656703056485019,0.48437185375761815,0.46495175171191205,-0.06068645112946269,0.13556519139800738,0.7510772291046908,0.28933410036662444,-0.04666584233716636,-0.09858079441995854,0.07686186520271249,0.2896275745670181,0.07923940980800334,0.35575842238309874,0.20626072601808998,0.14384513557216,0.5848745502817722,0.0,0.0,0.35467680378527244,0.5115451933981926,0.5242602839795327,0.5683284050783373,0.8439919320679055,0.0,0.3763665564892214,0.3813813191543607,0.0,0.40684642778054103,-0.06101476638489739,0.5114050930440617,0.14218016952697043,0.0,0.1601572673260091,0.39494085585537,-0.02548828797538577,0.4599963929934726,0.0,0.09772578968877169,0.11327119255137463,0.32159470623897674,0.21372083744344827,0.2549901099858271,0.04952455913486015,0.005314072971017714
0.40668871746894,0.8414043335195691,0.655407775033418,0.4749877951485526,0.8957163047509538,0.9532260932287695,0.3418808545114851,0.6371461841487874,0.8563157646219228,0.558117313733609,0.18757277003361716,0.8617454756951846,0.9508855466806205,0.5819635742883488,0.6139524806714649,0.38899648333883685,0.566466803209308,0.559666094409554,1.0521372200088719,0.5957704036662426,0.0,0.45613243632160894,0.36968249397323105,0.42834585963559196,0.5892677975583539,0.758548921075451,0.6442572614098891,0.4419084634202488,0.5673640686258681,0.411892038723141,0.4126770751660995,0.4801427369002357,0.47475872685463216,0.46056417230024144,0.4374543753614928,0.21234191010330772,0.30428890261861596,0.6261964267145723,0.20508631465453356,0.5428368880321685,0.06995103993120538,-0.0361685553695511,0.22057075917419247,0.0,0.0,0.6192524273523218,0.2523649276601676,0.6203958383930068,0.0,0.0,0.5141353143378906,0.481342253985627,0.6911390449096899,0.7840341326642567,0.5600414670428187,0.0,0.6497774613291735,0.3757242950946186,0.0,0.36922448247254974,0.19712749026344883,0.0,0.442947264176873,0.0,0.2672358321921194,0.7039129646795363,0.07789501370560331,0.5518475396407243,0.55008730371377,0.42679670204551556,0.3313531480704785,0.35534603184614577,0.20766820099252506,0.3261072043885893,0.4550602175793471,0.09236007000338786
0.5195340235478461,1.1765022250591248,0.932316521578977,-0.05518246193432513,1.0823497080031104,0.9732352008708937,1.0429172391505412,0.5939580821808376,1.1669410313192743,0.788529217439615,0.5576896816009276,0.541720228815511,0.8125032792058532,0.23453217079722644,0.7323226282579314,0.467654502165379,0.7490005736340473,0.2622248912496761,1.1879176574852153,0.860115949799798,0.45613243632160894,0.0,0.8543609872727759,0.6431391299348974,1.0928796711427227,1.052821044230161,0.8086041564429327,0.7229388543390525,0.8820661674935542,0.831742276521515,0.5506257632488393,0.7403327341965776,0.17010832931937744,0.7402111333626114,0.7864439055324656,-0.0836471041568489,0.42858623624114894,0.6379274085893112,0.10549633655700211,-0.09770579102697913,-0.09696129148401217,-0.12778167369465415,0.10529671964690154,0.40904705725232005,0.3948572803105991,0.13577889922192046,0.08787259035468953,0.5347122976949008,0.49282056566265986,0.40186672171833004,0.4937175759207447,0.6111774571620309,0.6918334367285481,0.765600279635168,0.3474315019549676,0.0,0.4370529602771359,0.6323809370885423,0.0,0.282923708729901,-0.029712538986071235,0.4956900544440362,0.3293940961376751,0.0,-0.03994166503554447,0.2260601518758078,-0.09654231354892273,0.542432645351331,0.6020757463728721,0.13646520441839569,0.13353556130955724,0.3558301582055083,0.3019351863197628,0.18725881014279736,0.5618932350603454,-0.0410915187494193
0.5468828270444352,0.6713514481119065,1.063834025086516,0.6011589968770104,0.6089241977362316,0.9074695840631916,0.31676203031196576,0.9468152449351621,0.9023348973205456,0.32886614941215186,0.7216785624547948,0.3761153078234906,0.5576962781997132,0.8511874519629539,0.8843385700252686,0.5662432297229361,0.5598185926896322,0.5927028511040698,0.9299024565343449,0.959763464682359,0.36968249397323105,0.8543609872727759,0.0,0.4879555820265259,0.7272508448844811,0.6538264131776708,0.8672120734947106,0.42762841544957014,0.8342893027555915,0.41571037729222454,0.4447049454628798,0.4440779456887045,0.5110416989126549,0.4271332479399837,0.43585380190180956,0.5963578888859156,0.5610442406814082,0.2015980054006426,0.4181227063241646,0.49454339409276954,0.20542665625858453,-0.02126903595226931,0.5840097766057458,0.3291163918464905,0.47306043811698484,0.5962696400095286,0.4813282048431733,0.06110690808334751,0.48499678139464497,0.44459713022064107,0.5297188426676821,0.39936430769994546,0.7363291042921386,0.6054145544540951,0.4170786907794425,0.6234088254080646,0.485540510748756,0.5461391077528488,0.5939648247219239,0.514836962476236,0.34156320260946116,0.5116205476053486,0.49240525639071153,0.12110613568090645,0.432604494563769,0.6796490759637265,0.24299874538484356,0.6810676886496468,0.3516841609548916,0.49347046854802834,0.45048363695514465,0.4664394334805779,0.3570762455023152,0.45714281336729873,0.32657653835458655,0.32495771991411027
0.8241193539803529,0.8932370378345588,0.6922079090977017,0.6735397628750225,0.9779784566080532,0.6536216349516066,0.8991646898210928,0.39216601505585946,0.8995496732082428,1.1046304008527648,0.852923244085099,1.1329441380694014,0.7678037540841716,0.4703136968115607,0.3354725250773317,0.7579182870529213,0.7853743994093771,0.7086134238778167,0.5302915720573643,0.44399986433906846,0.42834585963559196,0.6431391299348974,0.4879555820265259,0.0,0.9759344601617741,1.0756078996889438,0.4190938836333611,0.8140771547990084,0.6122523903238413,0.7568760586528989,1.0507956829427543,1.0083340553626399,0.8334416025437977,0.9986784505566338,0.6680747582951068,0.5997409453707669,0.7515728967518165,1.0249370372814783,0.4938897765144754,0.4262171019025637,0.1428230981634531,0.5205397782217623,0.4818758656302442,0.29598291421795087,0.5274957428554452,0.3043363073658388,0.417334223642643,0.0,0.0,0.5140070935800589,0.5103945386442894,0.4243470144583992,0.0,0.34293478482948847,0.4870302513717578,0.5391565585655858,0.3386841121009131,0.3469382058752258,0.0,0.359319762748938,0.3512252611539748,0.25749128548162337,0.25015205969214477,0.5138700692337745,0.43843056355516796,0.44133466786987824,0.2293780341186239,0.6814801391979954,0.1936387968639531,0.27451350540464015,0.6337270842253198,0.3876033349631799,0.5527308493263681,0.25411257681288085,0.0,0.48962123622931575
0.8329925390461107,1.139846739997806,0.8185285978696919,0.9441268227099058,1.1376174254571219,1.171739917839354,0.9855770698800161,0.7668980537557977,1.1164884104407387,1.2278197521275223,0.9025623066986623,1.0172410403068284,1.0264501411864444,0.5000065071764478,0.7439532978679246,0.7237722020941098,1.0183984308758633,0.8666943002248482,0.6961282635836223,0.6438689818396324,0.5892677975583539,1.0928796711427227,0.7272508448844811,0.9759344601617741,0.0,0.9883905428102105,0.9171398352886901,1.0257303933718351,0.9382273150708125,0.6210990746158389,1.1717683276687432,1.0527932361977277,1.0207367604312818,1.0561361122722623,1.120914771365626,0.690391681114965,1.056386491070411,0.7707435356053467,0.6414211209556893,0.35060815080093516,0.4250695173219158,0.5978143811999304,0.2793429056172305,0.0,0.3355001892946529,0.6085425518302578,0.3418145013823576,0.0,0.0,0.0,0.5965190256186106,0.5203857811274417,0.6573801967148984,0.45076289946850856,0.587286910689346,0.5133265665585717,0.5601603605905698,0.4628405097039284,0.0,0.5407275725703503,0.4930679389664479,0.5966026750007153,0.6396942537301431,0.0,0.4230083477766428,0.20250678766558236,0.2683233133283235,0.36837591407815645,0.5081709323778177,0.6105302177787608,0.8721644604480512,0.49321880810821944,0.7525867235158381,0.38528665331082673,0.0,0.5282305189534879
1.143234668039722,1.1477385999591918,0.7650236001244735,0.230340809756089,0.9833419822744671,0.7340667005106238,1.1055934127057565,0.6570162913286304,1.0024606981452835,1.1823647542522324,0.4228757566620452,1.1121465335086889,1.0380973603456383,0.3249650983306029,0.5202614465268389,0.7319166954991493,1.10539714985841,0.9438251067317225,0.6802015845898822,0.6003081516953991,0.758548921075451,1.052821044230161,0.6538264131776708,1.0756078996889438,0.9883905428102105,0.0,0.5952874461529079,1.149831590749595,1.050340690750115,1.0982407460269283,1.153774875050387,0.7682225811860766,0.8586664919697902,1.0930020990605245,0.7498261024155606,0.11397350784066723,0.32618906102672524,0.9600658614269583,0.35837603716852917,0.46631162641348944,0.39400874779535217,0.24744721573294526,0.18286736199522813,0.5203273201241638,0.4456157804618088,0.7384256746685792,0.452271277640188,0.6702222805601772,0.0,0.02635002749665886,0.46132863070749774,0.46276320115562947,0.35059213328580535,0.5176585809434551,0.7228656311619062,0.0,0.7592661064273585,0.7627001037650623,0.0,0.23893715604548135,0.4913370672288979,0.6830355261824739,0.7084793532996926,0.0,0.1464336314621819,0.5589355920830033,0.30906797045603346,0.45014482132150424,0.8227902802013148,0.666844746844183,0.8281195226387715,0.3456923450480854,0.3763224840941177,0.34271602908981513,0.5129278620366484,0.6085319123713895
0.3836080820472997,1.066232242078719,1.1400937140020808,0.5857000509351266,0.6808521270689527,1.0224996782510862,0.6388042079913006,0.7252359321029291,1.0863964991670698,0.40881811909417953,0.9658604770677381,0.5766210485335902,0.7313521117079245,0.7622010897878629,0.6210823577326516,0.4668351292720217,0.6305894297509989,0.5095372112184262,1.1414211336249824,1.0154197912689784,0.6442572614098891,0.8086041564429327,0.8672120734947106,0.4190938836333611,0.9171398352886901,0.5952874461529079,0.0,0.7340992202806677,0.9044541650430526,0.5224535303723533,0.6029264826408969,0.6326169596066004,0.3330561529458998,0.5158199128440195,0.5255318983256899,0.26291152434196674,0.6087848999303129,0.5380546754768701,0.35308811451914957,0.049133636141725334,0.19667861198283704,0.0699995972216097,0.44113380698239596,0.306261737485231,0.2642034569373865,0.31096152271877,0.22843319009679117,0.6793109219944962,0.03672682021974344,0.35219427679626986,0.5377549188007841,0.36877109551836934,0.6372614983065146,0.5842748513699063,0.45925740156475514,0.9554456476379645,0.22339494363225298,0.5470639696805435,0.5238675014675114,0.33835786166443793,0.12875364814796642,0.0,0.11440003591465286,0.7652742985312395,0.26477819740235037,0.538959861963752,-0.01875753011576997,0.420425395230424,0.0,0.45116621729297507,0.19280469814670764,0.4442634540737722,0.3098577622800758,0.3381072532205776,0.0992810839306611,0.19222705927449968
0.5135931090940168,0.937738598351583,0.7527959734037419,1.0141340281208189,1.0572172276938767,1.1115015063351894,0.9351019637839002,0.48569492708375916,0.928860693258921,0.9706267992047977,0.8466733110456897,0.9987866003806141,1.0461877066676681,0.7731941983566787,0.40138568894827975,0.7123749330412115,0.9975450948658092,0.7718836648595102,0.9160948795578724,1.018564028044329,0.4419084634202488,0.7229388543390525,0.42762841544957014,0.8140771547990084,1.0257303933718351,1.149831590749595,0.7340992202806677,0.0,0.9022526713412347,0.9628277840717194,0.9805269230958202,0.6769295370505066,0.675935062973402,0.7272423607495069,0.8260298711003473,1.0728870445003373,1.0349887797051769,0.9104224683889985,-0.0005668135059973545,0.43754905862269017,0.14547233216592503,0.17471462830975354,0.29080610015259756,0.33136918014697325,0.733155422672603,0.6208024974382509,0.3838926568837764,0.6670337523345929,0.0,0.6245350879885823,0.4873878860807797,0.44253961318854507,0.5077891272954704,0.7075519127402332,0.4399850422070912,0.7759839468035252,0.5005502579734502,0.4631872713175824,0.46020490959575244,0.48162121306296135,0.39510603450008847,0.3404669135562709,0.4160038396539988,0.5967886282789816,0.5274939041064735,0.5850025336771887,0.2702103571879366,0.3907592305607652,0.5791024819662144,0.4747706473325146,0.39302031820749894,0.42810960780501667,0.4235585977055889,0.3520331517686669,0.48312000192395327,0.3565386502101367
0.5647413278934461,1.1396251046996604,1.166661614260603,0.7047216064331735,1.0637196633875772,1.0585314560909334,0.9901115172979073,0.8073670238182822,1.0862444831550555,0.6704170783782548,0.8969547604156445,0.7317104924520277,1.063157898880494,0.37042251900615975,0.40621030309996065,0.5961788248630777,0.4094886278497936,0.5735733818060166,1.0735218506914275,1.106016186877691,0.5673640686258681,0.8820661674935542,0.8342893027555915,0.6122523903238413,0.9382273150708125,1.050340690750115,0.9044541650430526,0.9022526713412347,0.0,1.1333695320911303,1.1282302884210795,0.7714626027586495,0.7618557447442867,0.9503012532418631,0.6811262041189416,0.4573765264368014,0.7280489818628098,0.8069695935904893,0.3562203360510565,0.3292469178980124,-0.06777064069511779,0.09072067821882329,0.3237963647135381,0.3826332014020055,0.45982483942968505,0.47305920982843797,0.4436038536973105,0.6960287532965561,0.487307048393563,0.30770778432568124,0.5884469860517049,0.43267902562939936,0.7717416917082255,0.4573884781543463,0.5509016881910423,0.44284299975789165,0.3731198171796523,0.5009248126587957,0.5690469171780276,0.450184618558358,0.30743445313094886,0.4878175442727424,0.48813993471026074,0.3610210500936344,0.10400503004141426,0.5909947462463223,0.22934401733995233,0.5876481379345826,0.4813921423752639,0.5221663750356929,0.5275527351774025,0.5263840061390213,0.36921255965917144,0.4559906441344793,0.35188921339308155,0.12367637822461575
