0.0,-0.03143562477616285,-0.03851423317326885,0.0,-0.04034297500331202,-0.02841121444738548,0.012745232235116588,-0.010907068242417883,-0.018548809570204994,-0.03816656728057194,-0.008762907817528753,-0.02457999192164978,-0.009198452026377313,-0.014643442980991683,-0.004975071579547741,-0.018167089468846875,-0.03612621335923849,-0.029889820139934964,0.0,-0.028340193375129052,-0.007932781496541808,-0.016838295654589608,-0.024353431994478647,-0.04208168514987387,-0.009043324816467413,-1.6138507139440428e-05,-0.027799599376852113,-0.012908591770263989,-0.02454620208056124,0.061394467700283895,-0.013613305792634034,0.02251528903240474,-0.055666794533671904,-0.0018969726600762682,0.01979139074952807,-0.0182953783331416,-0.001172162111952535,-0.04275269758396738,-0.027009335631895615,-0.0783088322886823,-0.053536642313596505,-0.02558485525576204,-8.982319213812762e-06,0.0,-0.008850816433642383,-0.09494292587460057,-0.06210445221807814,0.0,0.0,0.0,-0.03240527755676742,1.1102230246251565e-16,-0.04220820969344258,0.0,-0.06570982294280409,0.0,-0.060801628297107,-0.01939785594079324,0.0,-0.04016433579438755,-0.051330179467997894,-0.044881791636875834,-0.05747942380332405,0.0,-0.02673553046350463,-0.0487712482713451,-0.025180118562569465,-0.03422241655429953,-0.11348423775107108,-0.055496162165722285,-0.04535669425457095,-0.02232294521432593,0.000552633901592936,-0.031927297701828394,0.0,-0.05123802513203207
-0.03143562477616285,0.0,-0.04033038306095604,1.7907009027429144e-05,-0.0009798259259319875,-0.0044497854527196234,0.000739552338699101,-0.03860811001241693,0.00032180435427997534,0.008000026795746795,-0.026271139344209438,0.008365711839010914,-0.007180333313147158,-0.003742190702623327,-0.01311986949092081,-0.011228189718759107,-0.011258491285196681,-0.017040397818696262,-0.015161175875000321,-0.027419050620048957,-0.024481554029078145,-0.011795018488027387,-0.01651741391210859,-0.005169173093822199,-0.003529375255707179,-0.03452692640091737,-0.018625427722899712,-0.013098488877081815,-0.01902600382512315,-0.0005838768689127583,-0.005412213293517709,0.03964156227103932,-0.007739321329500393,0.007786590865626053,0.032670169455650044,-0.00010781788365954448,0.009454855264022066,0.0,-0.01650584221476764,-0.05291197720371116,-0.03601000582597902,-0.024521496707769153,-0.009604012699351072,0.0,2.220446049250313e-16,-0.04580099124924514,-0.03537129954106344,-0.0006313605041245451,0.0,0.0,-0.03439909501259436,-0.0326509469758432,-0.04241749125299954,-0.0194396968543335,-0.020170229706131193,0.0,-0.017261904650178683,-0.03522686391533575,0.0,-0.04441462848816585,-0.03462323756823693,-0.021162721172827526,-0.040462369986174584,0.0,-0.03491060380795735,-0.0023011088585949135,-0.01756167310596618,-0.03437221470980473,-0.013786694004812527,-0.04340334483539715,-0.035595239953425006,-0.03425032194000471,-0.027072596977453844,-0.025437693663014682,-1.1102230246251565e-16,-0.03236637489538152
-0.03851423317326885,-0.04033038306095604,0.0,-0.053118314150281565,-0.0743510305243914,-0.03323282319626353,-0.05625613649555483,-0.0768271874277579,-0.055330576965566536,-0.0686284783122657,-0.06301945165476974,-0.049261637428539506,-0.05425129854562366,-0.0418956957667887,-0.032584558932539975,-0.03144506277245257,-0.02445493906800461,-0.028955740772227068,-0.05302688778718251,-0.02112322156565083,-0.022500155886404527,-0.04680854943726842,-0.03242369159201369,-0.03228345647659692,-0.04899734472929945,-0.05383838471347879,-0.0278501732445251,-0.06639701789427283,-0.05622793879739679,-0.0662379983790794,-0.06625502697839614,-0.04896045989730591,-0.034669073892795,-0.06406110965932443,-0.04710517610066778,-0.060950813384374025,-0.05920570777273643,-0.07450817952291605,-0.055266411696581974,1.8396181422630775e-07,-0.036138032988792146,-0.020154408725183315,-0.015305776854340536,-0.03874648441603029,0.0,0.0,0.0001307839181173276,-0.1358005246730558,-2.0174529048455625e-06,-0.06075682632130247,-0.07132847820533472,-0.07188249304977895,-0.11278947106520798,-0.050708014540473134,-0.0012860769383931658,-0.16715331869452174,-0.026195699526576577,-0.07997940433298673,-0.09202154060624129,0.00037195658447009006,0.0,0.0,0.0,-0.12823726055422577,-0.020752105162947232,0.0056166477813207605,0.0006545581738716111,-0.06300659352454774,0.0,-0.00019863799014668837,-0.04261180867108094,-0.06708070996261761,-0.08264581082892986,-0.04899884036106261,-0.006958279664879052,-0.05786832375477635
0.0,1.7907009027429144e-05,-0.053118314150281565,0.0,-0.03333962325185738,-0.022203519698318352,-0.03258314643814475,0.016986682801166553,-0.05086381361915232,0.027319457799853647,-0.05182141779192073,-0.024151285715454884,-0.011574856708566172,0.02116474004893537,-0.024249042973611523,-0.0012610714069644091,-0.009813176991180284,-9.18685314177381e-06,-0.05390004322661485,-0.022152340668037507,-0.001140908709669819,-0.019620964012154518,-0.03998337685429243,-0.058449985088880385,-9.653419835076171e-05,-0.00359252568506524,-0.011102875994017158,-0.004026309219855861,-0.023233114359179907,0.030885803045298865,-0.040367203229628446,-0.01061633827042241,-0.08523481468546448,-0.023737253344859904,-0.05934292121981949,-0.005963040371996409,-0.0224074624458743,-0.026578820677099768,-0.02016275979490828,6.560656208737248e-05,-0.019535041423442145,0.01404845239751712,0.010835222779456422,0.005972285781315589,0.0,0.0,0.0,0.0017293340946569757,0.0,0.0,-0.02816876992113576,2.220446049250313e-16,2.1025336733593303e-05,0.0002469376445972671,5.551115123125783e-17,-0.0015686841100170379,-0.009944422107544149,0.0008444968277159792,0.0,0.0,0.0,0.0,0.0,0.0,0.0,0.0,1.853802327772547e-05,-0.07217563062814009,0.0,0.0,0.0,-0.06772552038912066,-0.0039952633799744675,-0.013900720231364627,0.0,0.0
-0.04034297500331202,-0.0009798259259319875,-0.0743510305243914,-0.03333962325185738,0.0,-0.06275136506951245,-0.058667025583967025,-0.03640802025319212,-0.07693078924894187,-0.06525373733070333,-0.07478903696482608,-0.06830673583451513,-0.07211498104259956,-0.0374863388289961,-0.018480990118770746,0.015798607905605166,-0.04834674056027777,-0.053696816899144684,-0.07002864088139299,-0.03482261346498683,-0.03162604059162627,-0.020296337716096458,-0.05709360455950535,-0.05321699947874364,0.025219684995799185,-0.0055839346417121405,-0.05064863977001671,-0.05000144586411531,-0.03601161633467764,-0.02665220809790486,-0.057221203996339176,0.002627812178872979,0.0310354788445949,-0.02693168313090971,0.03548053891097358,-0.04684887445182204,-0.07144001303566522,-0.06765875794916015,-0.04431108798407268,0.009618623144000638,-0.04808733372968865,0.0031065040600275484,-0.08518636160828552,0.052070644945111266,5.942844775230771e-05,1.1102230246251565e-16,-0.007127234733248389,-0.14027956045377205,0.0,-0.04785065301325636,-0.10075468343232752,-0.056431951851841466,-0.10595589488484225,-0.10316698322799078,5.551115123125783e-17,-0.11785403931602884,-0.016955413803371122,-0.07755319100536967,-0.04921493693604484,-0.00451781492183756,6.119683064903514e-05,0.0,-5.551115123125783e-17,-0.06641278111566568,-0.029871309935217805,-0.00043586503203024707,-0.0260118971884567,-0.08911520724109495,0.0,5.898037877094531e-06,-0.02246655500970257,-0.0833344301083892,-0.06776346208460704,-0.04252254954917689,1.1102230246251565e-16,-0.06637735470182216
-0.02841121444738548,-0.0044497854527196234,-0.03323282319626353,-0.022203519698318352,-0.06275136506951245,0.0,-0.04649001892542698,-0.05934875722912941,-0.034824569891599155,-0.028954490078846706,-0.057249301389405316,-0.03865979974784056,-0.049728500051433144,-0.05920675077451992,-0.0373972043652272,0.009531570860277117,-0.014066865286742058,0.011236370485308789,-0.052596241306406055,-0.02444203405363299,-0.03232985299454705,-0.018013107668298944,-0.05643446370545663,-0.012602717942645447,0.02928811370486578,-0.010431691814774047,-0.06477848320674873,-0.0582992594706816,-0.03022960969961952,-0.039062298919301686,-0.026543954957359284,0.012440253486880937,-0.002951081734264116,-0.007820838517259399,0.03100472514106889,-0.05508885422734677,-0.021466101311700736,-0.04183338715773838,-0.047324599776675136,-0.018593911832368137,-0.06674835945010688,-0.04255723023501301,0.0017126137277895803,-0.03728880235087012,-0.014709790432536729,-0.018870564264021228,-0.026594890610221855,-0.062015550930482444,-0.01981165514285388,-0.07605817124124753,-0.09963461934774459,-0.0783708408630312,-0.09257429144065715,-0.06798440005241302,-0.04420907990385686,-0.06778282407108804,-0.02469457858604618,-0.07573007886770872,-0.045426418462089224,-0.04937377889326716,-0.018864454743079462,0.0,-0.02136345689933128,-0.06224965077759553,-0.060663219826562975,-0.07928377726601343,-0.03811132028942621,-0.08286269760939763,1.558725081729495e-05,-0.025143221450350084,-0.018732717100526985,-0.07824765618995089,-0.06485996956708295,-0.06446211859821438,-0.04846633267109168,-0.07793425817762556
0.012745232235116588,0.000739552338699101,-0.05625613649555483,-0.03258314643814475,-0.058667025583967025,-0.04649001892542698,0.0,-0.02911112167971025,-0.05987666887571913,-0.028147091136886904,-0.0802710020756281,-0.031465358703459734,-0.017120167518075824,-0.0627078303341701,-0.04474480787604773,0.00561417995909036,0.009241249715048472,0.0019573496555648773,-0.07602791304812251,-0.026432994395289677,-0.025133489378233842,-0.024485212196979633,-0.03871414037482129,-0.034513604016774835,0.02872937924697161,0.01151154816688682,-0.03430472102631926,-0.010132858625335917,-0.03890631726863342,-0.005571556370360775,-0.01067827612755462,0.016515796141771066,0.029254014692419006,0.025422023714098407,0.09323250829582375,-0.09019136752104873,-0.050040061430591365,-0.0225048443984745,-0.03384699958859988,0.010266828286603968,-0.02427361053598348,-0.007697272852780546,-0.06673930797821004,0.006175460726662363,-0.011680291598738402,0.0,-0.03551524229914971,-0.0863509894983524,0.0,-0.07026278547402887,-0.08691312012609698,-0.08096405259802847,-0.09959058953017386,-0.07053293960422735,-0.021432146740486047,-0.10629024310787555,-0.008316015386934772,-0.07377009100676779,-0.024218926045464384,-0.024584911236749107,-0.018182339985721663,0.0,1.2752006167515706e-05,-0.059238756429119244,-0.052156437991370264,-0.08192888895151057,-0.032577581979518266,-0.07812851752237526,2.8341228261286044e-05,-0.02894525888936489,-0.014089793819139773,-0.07078925514528606,-0.055966833201738175,-0.04576152450065801,-0.025750548585624977,-0.06214461092658108
-0.010907068242417883,-0.03860811001241693,-0.0768271874277579,0.016986682801166553,-0.03640802025319212,-0.05934875722912941,-0.02911112167971025,0.0,-0.09391560966127854,-0.07249667008158545,-0.024401992519146987,-0.02363102751608459,-0.0324050898014962,0.044264142969454856,-0.05888497918879154,-0.03417869405603147,0.0003605051114721203,-0.04695298573328599,-0.12040134571903227,-0.04422116924068831,-0.0392314782136321,-0.013401861335182452,-0.0719427585447448,-0.021212190107974427,-0.04262580647117398,-0.017424394797933285,-0.0698147867031717,-0.03431706348733227,-0.03275395884072857,-0.03877130204907275,-0.03977698391570933,0.013338176184113815,-0.025434663900488208,-0.03385555790144418,-0.0053920073980384675,-0.019534071400411357,0.03616557646250668,-0.04861358629420953,-0.028165886395093154,-0.06544930299760987,-0.05804906382447206,-0.05398462343331889,0.06661794493851769,0.0044394841333483814,0.0,-0.16345074894701955,-0.025816161197174947,-0.026295140782427007,0.0,-0.030879804747673933,-0.12940386698842332,-0.09009858689510603,-0.103120922363452,-0.05352161182311138,-3.690811535839167e-05,-0.14966272687976634,-2.3210959006259024e-05,-0.08332859634283901,-0.07196015184071919,-0.0652709439009721,-0.015657134756811963,0.0,0.0003866473800738235,-0.2608681060892275,-0.06847264397986663,-0.20584992424586432,-0.026391963333292023,-0.13023404648849024,-5.551115123125783e-17,-0.024967122810749198,-0.05952348362117599,-0.09523485552554772,-0.0624335496284536,-0.05096042835726794,-0.045626536188538735,-0.07331065015651506
-0.018548809570204994,0.00032180435427997534,-0.055330576965566536,-0.05086381361915232,-0.07693078924894187,-0.034824569891599155,-0.05987666887571913,-0.09391560966127854,0.0,-0.057671224352131845,-0.054189857345565196,-0.0647981962676929,-0.043395977784487505,-0.05247178545400066,-0.03277573479108459,0.020602184866738427,-0.03700784833698284,-0.0054460934974709385,-0.06400896623137317,-0.02813083870013322,-0.03607220593628169,-0.017303417508960528,-0.06838110692491112,-0.0435672498047292,0.031154823660540287,-0.01948399595473399,-0.030475091287527234,-0.061298175630907836,-0.04138621572229162,-0.04471528853970136,-0.06785068203622202,-0.05554632083358241,-0.0641138390493392,-0.0640610054412794,-0.03315373587255682,-0.0501958124636816,-0.06262670497496292,-0.06335945005336757,-0.05049042347423349,-0.0028654573447320364,-0.0539347228760233,-0.02971061313410195,-0.073844833289748,-0.03537149605910944,-0.010623310568555533,-5.551115123125783e-17,-0.02435079283145869,-0.06560027579263661,9.69193835131943e-07,-0.0645564536804249,-0.06351044459300281,-0.09046848261555784,-0.07152731694877468,-0.07979156473848181,-0.01956069276458694,-0.1526684550234298,-0.028610145017030242,-0.0918553887810285,-0.10053903636382666,-0.03309546740082425,-0.016519229439836636,0.0,0.0,-0.06642949828518313,-0.030018004972572565,0.0023436142574377317,-0.03495072272501204,-0.08426990399901835,1.1928181425480133e-05,-0.011906814733663451,-0.008958883510103877,-0.07497881428958464,-0.08023668285035007,-0.06344418481802072,-0.020312863358000754,-0.08247300020285891
-0.03816656728057194,0.008000026795746795,-0.0686284783122657,0.027319457799853647,-0.06525373733070333,-0.028954490078846706,-0.028147091136886904,-0.07249667008158545,-0.057671224352131845,0.0,-0.07997520928002338,-0.025150371493334434,-0.04507816727347369,-0.03658434631126417,-0.019962869342109946,-0.019662002949325852,-0.029409443717624384,-0.023002066026053536,-0.0807731371986985,-0.0046689331935971246,-0.06427646891826799,-0.011555039709390147,-0.02947566607611124,-0.04326358373248934,-0.034205764015064866,-0.020270110986472523,-0.03864934244158874,-0.060265427435646446,-0.016481467450187748,-0.01846974877251345,-0.054651286492554185,-0.0520835401415754,-0.045309588569393267,-0.038238942001877774,-0.02617247686245977,-0.0035458463186092692,-0.010765226284782825,-0.030800935747235886,0.016144472188683312,-0.09492470756648846,-0.041359757919332496,-0.000568381377766991,-0.05273631502482223,-0.010900922620416476,-0.08994089194183713,-0.05135347762922027,-0.005903593457731726,0.00010589262836435687,5.503216859104043e-06,-0.0011264792876612417,-0.04209234863267103,-0.04647457102315822,-0.01376344646285721,-0.005258450969020612,-0.05335040408215913,-0.023215374888859497,-0.06593780629529183,-0.04234635205812537,0.0,-0.0007830565055891858,-0.01684675375301742,-0.04289926493174112,-0.026360116801711686,-1.808936220037971e-06,2.9390642519555588e-05,-0.044495746615383414,-0.010554596503095759,-0.02903924846532835,-0.06457400902240085,-0.03468010305039526,-0.05940478037047586,-0.03603894980126737,-0.026972820416246823,-0.042089145959962604,-5.551115123125783e-17,-0.10037020827996507
-0.008762907817528753,-0.026271139344209438,-0.06301945165476974,-0.05182141779192073,-0.07478903696482608,-0.057249301389405316,-0.0802710020756281,-0.024401992519146987,-0.054189857345565196,-0.07997520928002338,0.0,-0.07209793717365748,-0.07114611335925758,-0.01830945655106958,0.0,-0.00023196601956188,-0.04039849204900836,-0.04933954327363749,-0.05465961857120624,0.00012941139714389704,-0.027779255206609788,-0.015976802927081646,-0.028190897243939528,-0.09360800634423633,-0.07812670536948124,-0.0495168451410225,-0.04239165450703103,-0.07231957493945751,-0.053736665178633514,-0.016171518286177522,-0.08312279452817889,-0.02738765121129788,-0.05427738510151536,-0.07543161000160992,-0.04836276682457169,-0.054052681814206416,-0.055364237584431486,-0.07373128907191934,-0.02760887012876173,-0.0203549865319681,-0.05415061018642647,-0.026133978204482433,-0.016169678015646616,-0.02612123979330433,-0.007082022811999433,0.0,1.1102230246251565e-16,-0.16065892160820494,1.8767256282359313e-07,-0.11411162376257494,-0.07526462450432886,-0.08188598579350514,-0.07876018520562955,-0.06398869105706084,-0.023755352095114757,-0.10687472142796592,-0.0229145552477808,-0.0439456944240052,-0.08792116663174782,5.551115123125783e-17,0.0,0.0,0.0,-0.15932639573745228,-0.01101564401957511,0.0,0.0002528918162179039,-0.08982046685661732,5.551115123125783e-17,0.0,0.0007979338064919572,-0.05693655035671458,-0.055934989604590646,0.0029967230043829174,0.0,-0.08280594675772807
-0.02457999192164978,0.008365711839010914,-0.049261637428539506,-0.024151285715454884,-0.06830673583451513,-0.03865979974784056,-0.031465358703459734,-0.02363102751608459,-0.0647981962676929,-0.025150371493334434,-0.07209793717365748,0.0,-0.053601147577139796,-0.027605031783421108,-0.01081405201222102,-0.022807257514524892,-0.008757214993862728,-0.02185154532882383,-0.08107009683865851,0.02472732449421977,-0.009935494259201427,-0.0027967054254457446,0.00398699559716742,-0.015675446796270698,-0.01866305728994877,-0.013420046713176481,-0.03097767310166738,-0.06633520267753118,-0.019587933395185275,-0.030930263968573513,-0.053712632069941924,-0.01655589264790258,-0.02697421931649724,-0.02284157993773539,-0.028533097955166842,-0.029027230939201898,-0.018422416194170843,-0.00873196235129467,0.03665215670573202,-0.07944314583774892,-0.03977331724607874,0.03953233177445836,-0.017298109831323127,-0.009383127989492979,-0.056578065739366135,-0.09570208572318989,-0.022518607888084685,-0.006170239187432369,0.0027715670989804653,-0.008991055099687839,-0.007204365756406317,0.008401039520051279,-9.529293988741472e-05,-0.010212889961021931,-0.0605299431450676,-0.009602189660562643,-0.05955881015376169,-0.0380593275175336,-1.1857564277906185e-05,-1.5603697704036357e-05,-0.023486228757911953,-0.056628377829949283,-0.02926325627245452,-0.009531672295924554,-0.015695995389046646,-0.035625852926467805,-0.004281315400223418,-0.027699001737970963,-0.057606508536331924,-0.0405589597319973,-0.06239820161343579,-0.044481943916728994,-0.025251259951416194,-0.013503137065119297,0.0,-0.10336172971457969
-0.009198452026377313,-0.007180333313147158,-0.05425129854562366,-0.011574856708566172,-0.07211498104259956,-0.049728500051433144,-0.017120167518075824,-0.0324050898014962,-0.043395977784487505,-0.04507816727347369,-0.07114611335925758,-0.053601147577139796,0.0,-0.04133183963830567,-0.030754771403726844,-0.00811609965043747,-0.015955404943116758,-0.0019453934677831075,-0.07310475804384708,-0.04326936596023889,-0.02362190170937456,-0.03121190393369888,-0.04548034576408877,-0.038092368537933574,0.018866274931552462,-0.001482881959920912,-0.041638834382607626,-0.02228718331637347,-0.04721611830453898,-0.061335513880564296,-0.03252327666939897,0.010210857900933179,-0.0044187855189288805,0.002045960858872098,0.08658254923990177,-0.022604130738712036,-0.004764548175209438,-0.027619168859114307,-0.014996103172339126,-0.005452728254497219,-0.002868018570835573,0.008493464495831216,-0.04641929843198872,0.016241260845800687,-0.009995067066387808,-0.00842550289025601,-0.025346071986607155,-0.14018075714914607,0.0,-0.06270254126322039,-0.08426774990583541,-0.07870584195642272,-0.08225930481629273,-0.07694876304474718,-0.029300875101025414,-0.10064339560918495,-0.04158844782359583,-0.06685103309073648,0.0050786487935527425,-0.051622984992549525,-0.01974007404640804,-0.02162136211483906,-0.02587186444592643,-0.06942159817942334,-0.04743638617852303,-0.08622448883839368,-0.03811266806634267,-0.0730898737508508,-0.009912129576473416,-0.015364035495694539,-0.028961142482643976,-0.06756730497556718,-0.05486360018204972,-0.05123627080940746,-0.037468595771249835,-0.05521729963523708
-0.014643442980991683,-0.003742190702623327,-0.0418956957667887,0.02116474004893537,-0.0374863388289961,-0.05920675077451992,-0.0627078303341701,0.044264142969454856,-0.05247178545400066,-0.03658434631126417,-0.01830945655106958,-0.027605031783421108,-0.04133183963830567,0.0,-0.007239548187744194,0.0014102442264203319,-2.521774360147999e-05,-0.00024358438416588468,-0.06186679477283069,-0.0032767215297108687,-0.036306775919770995,-0.0015281897166555813,-0.010727499501238413,-0.035549565263439664,-0.0035706163555701,-0.0534227361302117,-0.0006514438589236282,-0.033319992840163376,-0.038186557330185944,-0.0044592035871426905,-0.11004484081107646,0.06331934925859228,-0.0007540006487224971,-0.04586945124910857,-0.024713054230545095,-0.01737325653992247,-0.018256395839207185,-0.022346287416613264,-0.03928443358483075,0.0,-0.0008607393339792324,-0.000810583668739373,-0.06405645902184798,-5.402152389311077e-07,0.0,0.0,0.0,-0.07146793962439296,0.0,-0.05248317451261153,-0.047682199489446964,-0.04880980019947262,-0.02473168324423397,-0.06801033853957378,0.0,-0.06107712096574641,-0.00043314566739793836,-0.010436772061298338,-0.03958669773352064,1.1102230246251565e-16,0.0,0.0,0.0,-0.028697883555401482,0.0,-1.1102230246251565e-16,0.0,-0.09761757041076796,0.0,0.0,5.551115123125783e-17,-0.03706361878266495,-0.025138928601889876,1.1102230246251565e-16,0.0,5.551115123125783e-17
-0.004975071579547741,-0.01311986949092081,-0.032584558932539975,-0.024249042973611523,-0.018480990118770746,-0.0373972043652272,-0.04474480787604773,-0.05888497918879154,-0.03277573479108459,-0.019962869342109946,0.0,-0.01081405201222102,-0.030754771403726844,-0.007239548187744194,0.0,-0.011339985504315975,-0.01726653090856084,-0.02679330830403892,-1.1102230246251565e-16,-0.05255392493515415,-0.02160278768004259,-0.05328146843716658,-0.05719166621050248,-0.02794318699091569,-0.03171932163350211,-0.040250142581434445,-0.050790186513415714,-0.01823247883562279,-0.007172525877438551,-0.028699412858214757,0.004910965186715743,0.033108525499415786,-0.00489925750449649,0.016011885242911306,0.03757707928151066,-0.007811281723952901,0.0007852412154197297,-0.0002869836437799367,-0.01774359366706374,-0.046635305771469904,-0.02528873148659555,-0.021556780823992205,0.04416578238139779,0.003793644095278048,0.0,-0.014535423120923652,-0.0395759529093746,-0.03743108387725852,0.0,0.0,-0.0899033568533616,-0.048210192124414464,-0.06992264234224327,-0.011957414376002007,-5.551115123125783e-17,0.0,0.0021007783670649594,-0.028355994716673827,-3.0764332780153225e-06,-0.1860713531550902,-0.03921631428587191,0.00010753592128071032,-0.02251428540551076,0.0,-0.19624577228145268,-0.03312622966006806,-0.15696702440783794,-0.07504943551657356,3.1503879616812114e-05,-0.057397159853980695,-0.09324506898092416,-0.14371420505104915,-0.03665826134440464,-0.03888559818914322,-0.03978430329660332,-0.024892064579325524
-0.018167089468846875,-0.011228189718759107,-0.03144506277245257,-0.0012610714069644091,0.015798607905605166,0.009531570860277117,0.00561417995909036,-0.03417869405603147,0.020602184866738427,-0.019662002949325852,-0.00023196601956188,-0.022807257514524892,-0.00811609965043747,0.0014102442264203319,-0.011339985504315975,0.0,-0.03475670933750902,-0.033422454123278156,0.00040543391318675903,-0.037602640447290114,-0.019287551411692916,-0.038293512726219725,-0.020380956952482765,-0.029736010600895313,-0.013432514235519388,-0.008196700115819189,-0.02638823461806622,-0.008285492635800973,-0.026969711031203547,-0.025236254664265823,-0.0382511677327842,0.020566146975488364,-0.03170575713602025,-0.02700794721437577,0.0023952156137514446,-0.00538309936465875,-0.008593879355532352,-0.03514467827415113,-0.0205342490059387,-0.05063075582228077,-0.0417065965098925,-0.05593383032868715,4.011434267592318e-06,0.0,0.0,-0.053360388341138654,-0.040581265774581377,0.0,0.0,0.0,-0.02557583415488085,-0.031926964184330386,-0.02983229176554497,0.0,-0.024680107058953182,0.0,-0.06048302710112069,-0.03293521324167714,0.0,-0.035410184088633834,-0.034491466640233004,-0.03172148202664721,-0.04111418880063844,0.0,-0.03251051775518837,-0.018713743356748413,-0.03468164654643224,-0.038945715480013354,-0.06619625489568687,-0.03836635054161025,-0.04962562183394342,-0.030609948882097227,-0.0339009257270102,-0.029262611978463082,-1.1102230246251565e-16,-0.037378893787948675
-0.03612621335923849,-0.011258491285196681,-0.02445493906800461,-0.009813176991180284,-0.04834674056027777,-0.014066865286742058,0.009241249715048472,0.0003605051114721203,-0.03700784833698284,-0.029409443717624384,-0.04039849204900836,-0.008757214993862728,-0.015955404943116758,-2.521774360147999e-05,-0.01726653090856084,-0.03475670933750902,0.0,-0.005426655296849436,-0.041088390244016115,-0.016667135001333433,-0.015700411496451683,-0.010525531467310834,-0.020398356887708302,-0.01637656600123083,-0.03843971588201417,-0.024381656121520434,-0.0278602778996338,-0.029959870914807063,-0.01179152171299297,0.0035333479533611323,-0.050276021439471796,-0.01517697785485228,-0.05198889607767765,-0.028679051102961317,-0.0012920398432536562,-0.02212987578876008,1.1123598901818799e-05,-0.04210692307939945,-0.019710851958878672,-0.02977197876484794,-0.03518792707299606,-0.04642280125775111,-5.551115123125783e-17,0.0,-0.03479174221384024,-0.05341445275105844,-0.01910648792087899,0.0,0.0,0.0,0.0,0.0,0.0,0.0,-0.04458598200755831,0.0,-0.051375250160587804,-0.021108602930518472,0.0,-4.4811181521831056e-05,-0.020190576707760033,-0.027975494340142515,-0.017077216256791927,0.0,1.1102230246251565e-16,0.0,-0.013471829852372608,0.0,-0.0500896104371506,-0.02480122187706063,-0.04492680550763828,0.0,-0.019980790615076682,2.4175183067409733e-05,0.0,-0.03429492422888469
-0.029889820139934964,-0.017040397818696262,-0.028955740772227068,-9.18685314177381e-06,-0.053696816899144684,0.011236370485308789,0.0019573496555648773,-0.04695298573328599,-0.0054460934974709385,-0.023002066026053536,-0.04933954327363749,-0.02185154532882383,-0.0019453934677831075,-0.00024358438416588468,-0.02679330830403892,-0.033422454123278156,-0.005426655296849436,0.0,-0.030777767961849667,-0.012316978946723733,0.027374316160879375,-0.02042459941822561,-0.017235956825436882,-0.028417760531139813,-0.03172055286361625,-0.02999807658235093,-0.01638566918830653,-0.015624393856358276,-0.009616675659200213,-0.028119088265228243,-0.03583106152478899,-0.014459421059088762,-0.044915699750195215,-0.028017294324805653,-0.01900178332891206,0.0017059935722125164,1.8538979313975634e-05,-0.022777469796054328,-0.026495835459318717,-0.04354861626369316,-0.03659321470579602,-0.042594715353616974,0.0,0.0,-0.006550193675358418,-0.06691703911439179,-0.04335896323552363,0.0,0.0,0.0,-0.024998460576313775,7.818482715971076e-05,0.0009905248196789285,0.0,-0.04006721575280442,0.0,-0.0435445307196935,-0.03165982910808962,0.0,-0.023886442569019006,-0.0389414180283274,-0.03915385227392437,-0.03670298852320808,0.0,-0.03715103743299897,-0.05534106734564348,-0.013025826968494303,-0.037417325542877466,-0.06516351714907309,-0.03647227281291343,-0.04518788426820508,-0.017059763408496575,-0.03375324719710915,-0.03200413520972617,0.0,-0.04251552566802064
0.0,-0.015161175875000321,-0.05302688778718251,-0.05390004322661485,-0.07002864088139299,-0.052596241306406055,-0.07602791304812251,-0.12040134571903227,-0.06400896623137317,-0.0807731371986985,-0.05465961857120624,-0.08107009683865851,-0.07310475804384708,-0.06186679477283069,-1.1102230246251565e-16,0.00040543391318675903,-0.041088390244016115,-0.030777767961849667,0.0,-0.000936631067892435,-0.022801379901091656,-0.01437187227062986,-0.07670644751379727,-0.033295202469274754,-0.047181005778418106,-0.05521413305454553,-0.032162877218761876,-0.0746207708151701,-0.024243939150252525,-0.06719391448653222,-0.08253935163854592,-0.06151241058865792,-0.04690749834553781,-0.07809329312959629,-0.0635241066603382,-0.08902610471101946,-0.06824339095829485,-0.07158719346014175,-0.06337751526243424,-1.4379749275150733e-05,-0.013683391975657822,-0.03279857686490206,-0.10145456332689684,-0.028291819267952545,-5.904735541684136e-06,0.0,0.0,-0.22707972345418542,-5.551115123125783e-17,-0.12546981397086726,-0.06408478291659492,-0.09917986601401241,-0.10162732499843014,-0.09862255835890243,0.0002699888625636304,-0.21112756615421469,-0.032477158831290986,-0.10647415321716419,-0.07020081626737051,2.220446049250313e-16,0.0,0.0,0.0,-0.3435202461915708,2.08101485252854e-05,0.0,-0.0002622795853752802,-0.09801736900020896,0.0,0.0,-5.551115123125783e-17,-0.04806906293779212,-0.06737626060875274,-0.012935726445384155,7.174419934430354e-05,-0.030802865238043653
-0.028340193375129052,-0.027419050620048957,-0.02112322156565083,-0.022152340668037507,-0.03482261346498683,-0.02444203405363299,-0.026432994395289677,-0.04422116924068831,-0.02813083870013322,-0.0046689331935971246,0.00012941139714389704,0.02472732449421977,-0.04326936596023889,-0.0032767215297108687,-0.05255392493515415,-0.037602640447290114,-0.016667135001333433,-0.012316978946723733,-0.000936631067892435,0.0,-0.023808073223305692,-0.02230591785501501,-0.059987456812885365,-0.012294952889533917,-0.007455720000503374,-0.02401551035135635,-0.017295524188423506,-0.051278890430845436,-0.023797099750441253,-0.08817570555733872,-0.02810433507890686,0.04294065614772202,0.009364882683418674,-0.0137351332628734,0.028227692252541237,-0.002887449295014499,0.07732364662858376,0.0054401670683867365,-0.02202892826768943,-0.029285678088987466,-0.031077155548593305,-0.03202841893405933,0.0008864288957737831,-0.002172816106046027,0.00045078923248076386,-0.017718974830616074,-0.030391965910410546,-0.07156775470163312,0.0,0.0,-0.0810924286759585,-0.039426524015296005,-0.0631342967077001,-0.045482572451471415,4.396732953659832e-05,1.1102230246251565e-16,0.0037587570362419553,-0.052559034424425444,-1.1102230246251565e-16,-0.04879063059677463,-0.03593223209296653,-6.381326179472069e-06,-0.04805729846912005,0.0,-0.05010165304180797,-0.04695587998724343,-0.02357507524636354,-0.07352015069555129,0.0,-0.02739906232943501,-0.024321106964445782,-0.0426172899326101,-0.05870486177337786,-0.04844074454981928,-0.043772461059676804,-0.04079769131544658
-0.007932781496541808,-0.024481554029078145,-0.022500155886404527,-0.001140908709669819,-0.03162604059162627,-0.03232985299454705,-0.025133489378233842,-0.0392314782136321,-0.03607220593628169,-0.06427646891826799,-0.027779255206609788,-0.009935494259201427,-0.02362190170937456,-0.036306775919770995,-0.02160278768004259,-0.019287551411692916,-0.015700411496451683,0.027374316160879375,-0.022801379901091656,-0.023808073223305692,0.0,-0.0283464614590328,-0.04667920395904179,-0.03723129532064806,-0.009433197013727246,-0.018432923257361122,-0.03182044812722512,-0.022200525253188386,-0.0006276791706167906,-0.012159584920207966,0.011101294667560657,0.03394732489871777,-0.023213379762048236,0.013277675249851628,0.039923813441666955,0.021208888532941728,-0.047862147314588765,-0.006491391457931095,-0.0032740476387253525,-0.02916878514040433,-0.034331038453655593,-0.027046116061183678,0.02366545976117118,0.0,0.0,0.016339479691941217,-0.03340867956897409,-0.056824994778916615,0.0,0.0,-0.09373416089998593,-0.054978783643861995,-0.1488736097499098,-0.022298258267296478,-0.021193766061752772,0.0,-0.023566900401477187,-0.05505059736993695,5.551115123125783e-17,-0.03970670597843484,-0.0367056438020833,0.0,-0.014369702550315944,0.0,-0.049342124514351327,-0.14775550686883632,-0.03788201963780563,-0.10887142220921808,-0.0033983677110636656,-0.04318944573578504,-0.007422636909615921,-0.08880507063766258,-0.05267171583332986,-0.06987589295203489,-0.03728452118254011,-0.039191401036607176
-0.016838295654589608,-0.011795018488027387,-0.04680854943726842,-0.019620964012154518,-0.020296337716096458,-0.018013107668298944,-0.024485212196979633,-0.013401861335182452,-0.017303417508960528,-0.011555039709390147,-0.015976802927081646,-0.0027967054254457446,-0.03121190393369888,-0.0015281897166555813,-0.05328146843716658,-0.038293512726219725,-0.010525531467310834,-0.02042459941822561,-0.01437187227062986,-0.02230591785501501,-0.0283464614590328,0.0,-0.03424591344241884,0.004641823847296556,-0.009689697913638828,-0.020972370904943527,-0.02234098426115272,-0.04426333746322353,-0.0434139639456792,-0.04680106849155069,-0.023664485694899928,0.048211392264088215,0.020491080483712343,0.0029793441466390846,0.04321698462528506,0.03302367214078483,0.05221989455075848,-0.08843766729325464,-0.000820820350745044,-0.021846682658855254,-0.014200628091598444,-0.012963022979837091,0.021947580628097207,-0.006764545247360587,4.664748999827495e-05,-0.003443558519551526,-0.016896318191531312,-0.03223538420131772,1.6916929422294835e-06,5.201049306235994e-07,-0.04091216434168532,-0.03198080623693822,-0.050709550622605126,-0.030472966317155736,-0.00703513125298072,0.0,-0.02120855043384784,-0.01316956435002098,0.0,-0.03589683315671377,-0.017255686855029206,-0.01706852735594583,-0.03236344045562156,0.0,-0.04167253556876932,-0.026162850899816126,-0.022338356642091217,-0.0635250944064013,-0.009846645798373355,-0.022305129844949534,-0.017022268757828807,-0.039301916659362834,-0.02869136571962111,-0.027335493984727455,-0.00454709422794719,-0.014409340718699648
-0.024353431994478647,-0.01651741391210859,-0.03242369159201369,-0.03998337685429243,-0.05709360455950535,-0.05643446370545663,-0.03871414037482129,-0.0719427585447448,-0.06838110692491112,-0.02947566607611124,-0.028190897243939528,0.00398699559716742,-0.04548034576408877,-0.010727499501238413,-0.05719166621050248,-0.020380956952482765,-0.020398356887708302,-0.017235956825436882,-0.07670644751379727,-0.059987456812885365,-0.04667920395904179,-0.03424591344241884,0.0,-0.031638843647267045,-0.004064329347416018,-0.026316063991643268,-0.054044689895107134,-0.0479530240659069,-0.031861293981224115,-0.052733847369723086,-0.04279913784365125,-0.014949761008984985,-0.024233821991337612,-0.03864542143762789,-0.017472599045582404,-0.04709451860134284,-0.034094466024119974,0.050769704339263144,-0.05929064142913315,-0.05838047306359373,-0.07455229123466678,-0.06549096785832503,-0.07352479324186001,-0.047275353526696984,-0.004386741671392247,-0.0715905504313944,-0.06129227636871065,-0.19068488228659336,-0.021500264506722155,-0.09997691644898343,-0.11321579790796132,-0.0765486570296246,-0.07874517366274347,-0.11633683793857114,-0.04254487817774533,-0.19133394970198125,-0.04171254998529139,-0.07990389163699912,-0.0899764199535088,-0.06691421555736654,-0.054187085833288795,1.5523281665374977e-05,-0.040915102689565996,-0.28687546217113,-0.07819517755760119,-0.12143269367788789,-0.052958837000442516,-0.10406309092682892,5.982363684381431e-05,-0.042937143329957905,-0.05112935162104709,-0.0830039734791505,-0.07484278292820667,-0.07971660204891629,-0.05010479129726653,-0.08500034143232399
-0.04208168514987387,-0.005169173093822199,-0.03228345647659692,-0.058449985088880385,-0.05321699947874364,-0.012602717942645447,-0.034513604016774835,-0.021212190107974427,-0.0435672498047292,-0.04326358373248934,-0.09360800634423633,-0.015675446796270698,-0.038092368537933574,-0.035549565263439664,-0.02794318699091569,-0.029736010600895313,-0.01637656600123083,-0.028417760531139813,-0.033295202469274754,-0.012294952889533917,-0.03723129532064806,0.004641823847296556,-0.031638843647267045,0.0,-0.028608378509978438,-0.029511907476611088,-0.046463442960535506,-0.07578690641004926,-0.01687419325514966,-0.007083606814357046,-0.05445545101828081,-0.021784924526395077,-0.03472869362724418,-0.02399427744089022,-0.009901240108212361,-0.054876161601829954,-0.030832285032584228,-0.01468758106244919,0.013189609748489262,-0.04901379513217835,0.017519396953857846,-0.011610041250591785,-0.010590231989651255,-0.005211571741163101,-0.014140806801640649,-0.05640921339728289,-0.04187846467454137,0.0,-5.551115123125783e-17,-6.131411867843495e-05,-0.002343590278931773,-5.2540197400030575e-05,-1.6653345369377348e-16,0.00010922584954348169,-0.05250818384641254,8.035257210853297e-05,-0.060527809389289644,-0.022512707891986117,0.0,-8.929021636955303e-05,-0.04074643391777849,-0.0400938182828231,-0.040461590216747556,7.471896750932405e-06,-0.00048605753741931546,0.0005855057294602006,-0.024415104573996538,-0.0002173450468720417,-0.06702497016882286,-0.044616436180681895,-0.05004998241722264,-0.002215169519450888,-0.004937976130472699,-0.025798366935697925,0.0,-0.04361214777592365
-0.009043324816467413,-0.003529375255707179,-0.04899734472929945,-9.653419835076171e-05,0.025219684995799185,0.02928811370486578,0.02872937924697161,-0.04262580647117398,0.031154823660540287,-0.034205764015064866,-0.07812670536948124,-0.01866305728994877,0.018866274931552462,-0.0035706163555701,-0.03171932163350211,-0.013432514235519388,-0.03843971588201417,-0.03172055286361625,-0.047181005778418106,-0.007455720000503374,-0.009433197013727246,-0.009689697913638828,-0.004064329347416018,-0.028608378509978438,0.0,-0.03527055785015948,-0.0038385614888701847,0.01317214351144741,0.01471268410270865,-0.02551245506410399,-0.030392527176596795,-0.016646512944064884,-0.03661370793317986,-0.024447490327549837,-0.021976800872423374,-0.009636916527967887,-0.008582292135488279,-0.022520131035415114,-0.022362072317445858,-0.03675312938337827,-0.029913517892371067,-0.043478738367900505,0.006467949343677948,-5.551115123125783e-17,-0.03233242059711522,-0.06018088963779222,-0.03645583986513462,5.551115123125783e-17,0.0,2.220446049250313e-16,-0.03211923999405791,-0.03138087784301252,-0.031149662191945038,-0.0011101045622639583,-0.04934071190946582,0.00048044912772654547,-0.05760770421369521,-0.03338941770454207,0.0,-0.03954379006114972,-0.03001714889313073,-0.03763797870604141,-0.034825935173277034,0.0,-0.02563891580467975,-0.03251633402495635,-0.032166655934872446,-0.026473212592561246,-0.07179272261249714,-0.0350669267143357,-0.04595536725113891,-0.033878461767858414,-0.029581408233581297,-0.013895364648655595,0.0,-0.03906758414312944
-1.6138507139440428e-05,-0.03452692640091737,-0.05383838471347879,-0.00359252568506524,-0.0055839346417121405,-0.010431691814774047,0.01151154816688682,-0.017424394797933285,-0.01948399595473399,-0.020270110986472523,-0.0495168451410225,-0.013420046713176481,-0.001482881959920912,-0.0534227361302117,-0.040250142581434445,-0.008196700115819189,-0.024381656121520434,-0.02999807658235093,-0.05521413305454553,-0.02401551035135635,-0.018432923257361122,-0.020972370904943527,-0.026316063991643268,-0.029511907476611088,-0.03527055785015948,0.0,-0.014102096114700202,-0.016775963305931063,-0.003072295355990795,-0.017927445751174664,-0.016398762016237467,0.01645571102768234,-0.018306624228468737,-0.005556844385339987,0.009415200379664646,-0.02759413325950233,-0.03499702122103027,-0.010633542726170508,-0.018844043261006027,-0.04277679997942496,-0.03983626191412182,-0.035498430019209215,-0.033096298795873114,-1.4589264386188905e-05,-0.07165653744858347,-0.04621533709976089,-0.04535186179757428,-0.04257774475021697,0.0,-1.2160044743358966e-06,-0.03614187502390154,-0.03443276212408847,-0.0564678488833274,-0.023126200162579158,-0.054673078103804174,0.0,-0.058957693450223225,-0.04065809199981629,0.0,-0.048588645249708906,-0.03863394140853038,-0.04214663587675643,-0.037815376183300276,0.0,-0.05125443863977441,-0.04259156878489784,-0.03248045521864534,-0.04521722940557876,-0.0695475716334123,-0.04152601367227554,-0.052998911025158135,-0.04263202871673499,-0.03532709196534567,-0.03612985441809474,0.0007611562817501638,-0.040564174801953734
