0.0,0.4184093472584509,0.12321986614351782,0.0,0.2564821934770622,0.346229657832829,0.6063959219414139,0.5367069127903016,0.35987212838091953,0.2917572704199115,0.4016716420901544,0.41570262476745623,0.595591199127406,0.45174181310419353,0.5101105349074031,0.6046622734165243,0.203996222001472,0.40191527663682847,0.0,0.4447354250441543,0.40425780776374354,0.4844885190906798,0.4250551687128674,0.35674144458975277,0.4590457014306618,0.6611142717798607,0.40406759949528465,0.5112733314152266,0.4343958183672603,1.1831028893540174,0.49334123914817396,0.7675962491235512,0.18526528019429223,0.4629522855167856,0.6537026762273372,0.5956773103912331,0.48581891234113794,0.2877120484953529,0.3207525705090787,0.031090259645141838,0.09814879386830722,0.3952532529695192,0.5121953311630569,0.0,0.3716131743047641,0.13967297594328038,0.19853706497920182,0.0,0.0,0.0,0.2282450994833146,0.0,0.3430603185984407,0.0,0.07534786126095033,0.0,0.24380523019767142,0.42635093272849756,0.0,0.3331664506039958,0.26931840318105793,0.11070343438877006,0.20641485479045166,0.0,0.30979567994852886,0.3596813472084449,0.45159660109349553,0.36507651367294747,0.046821944271657145,0.30051427244102785,0.36471027506991627,0.29535936260135015,0.48661450419609836,0.37463523278328537,0.0,0.2386017501977421
0.4184093472584509,0.0,0.3086167074236359,0.39944748656530593,0.4545620450513752,0.45956411338344433,0.4959966351640033,0.4420537590865154,0.3982433318938331,0.5237792314039478,0.18642209118017672,0.5320702083289727,0.4779895927880052,0.36293159129513736,0.5293895818815686,0.5797919833004542,0.545418315453519,0.542666534337624,0.47429012742521215,0.35621344102844077,0.4736984030353632,0.5680758911986972,0.5324131176258338,0.4806318022123466,0.5229286309172,0.32595225513325554,0.42639759346975015,0.45408407760408087,0.348399157151783,0.5197728729962039,0.5744802607345032,0.8254241711840159,0.38560934152589343,0.5653116794100108,0.7962048996833899,0.5829869021381879,0.17461648597916432,0.0,0.38086116588518115,0.22850523851559662,0.25062710179616776,0.3624154931437619,0.4979691750987841,0.0,0.0,0.257183424625522,0.33336288308784284,-0.017923945701028038,0.0,0.0,0.3191520219251679,0.3573807045237516,0.17008930950096265,0.402601456775043,0.40563484820989737,0.0,0.36823320610405796,0.3508414532508077,0.0,0.22373055236845737,0.3250913268741865,0.3522706378683056,0.3673097331512821,0.0,0.31000051091430814,0.6818795750965259,0.5227238424609648,0.3747772594617655,0.373308114954832,0.3125031661321229,0.3689526100128431,0.3194812699609474,0.44715053521407844,0.4190001429174099,0.0,0.3632358826779264
0.12321986614351782,0.3086167074236359,0.0,0.20458528714467972,0.08836693928967182,0.35725268572825336,0.23959356345583566,0.3048449840060272,0.10159116228510923,0.09549454122302525,0.27840985277261077,0.29550581377408336,0.2706904971068253,0.372736771246214,0.19532004673813194,0.21833968906885545,0.46011417614847416,0.3073322765971575,0.20260146684841418,0.28932630247808777,0.4317182138170613,0.24732701868560647,0.3426374502630162,0.32149431784290616,0.2699070783478281,0.1685527295366986,0.34479243755339717,0.2158334569044703,0.28994374435071896,0.2331531067026003,0.23746234346399797,0.30753761848446154,0.27513799991953725,0.2506030850887075,0.2707775278362242,0.2684837537082988,0.19419621590119257,0.010655775780126775,0.3974084078939319,0.4738490409481998,0.3914339126102518,0.4366419751679934,0.5789134412002723,0.407499235242035,0.0,0.0,0.4348441073490821,0.2186205237202133,0.5095667044308178,0.28275456589012377,0.2500449721731982,0.27328086191843043,0.1468626293897785,0.4950847321601297,0.4433474248134193,0.18602224279266955,0.5392337345688205,0.2474625215661072,0.3404601266791606,0.411528629711012,0.0,0.0,0.0,0.2103011391298314,0.4057874166286344,0.5495290809379146,0.30707678810520533,0.3998575792567203,0.0,0.5811119044441724,0.2814132269056888,0.3427337743708022,0.18484020952775604,0.37400604996125986,0.5585614604206177,0.1374755800416868
0.0,0.39944748656530593,0.20458528714467972,0.0,0.2985472299055433,0.3632739795348444,0.27102353649578426,0.631505876410378,0.2225543739648176,0.4313455801789545,0.1623312259418191,0.28427025977155074,0.43067264021989715,0.6073123532178561,0.3944799698296808,0.23165014777830245,0.4172976636721386,0.5117575302223833,0.25214008322732695,0.4477451751824315,0.474136794281788,0.4416069300495578,0.2796021436765952,-0.06852920081893102,0.8523262669402941,0.5657652373358828,0.5103923607189673,0.4144642427031934,0.2591687512256221,0.8580613961762436,0.32309895118746956,0.2840259482918606,0.09671560758127486,0.24754821412097888,0.09110032491983042,0.3143315433267501,0.2032967331771678,0.1806957119862285,0.15759752358403778,0.39739060812622246,0.2896091626954447,0.5369856057167047,0.427739956169052,0.35250916569185653,0.0,0.0,0.0,0.5075065819876244,0.0,0.0,0.3731826760173212,0.0,0.4913143760973906,0.33452969230209273,0.0,0.36363053728155526,0.42979316435476006,0.5232599742577619,0.0,0.0,0.0,0.0,0.0,0.0,0.0,0.0,0.5122869936631638,0.03568843570951552,0.0,0.0,0.0,-0.015020846130876897,0.41487155666214703,0.45465681145711667,0.0,0.0
0.2564821934770622,0.4545620450513752,0.08836693928967182,0.2985472299055433,0.0,0.08595797253022883,0.14087681927690002,0.37852851858154335,0.06419982146016218,0.22637522451138556,0.052027999224043,0.14676370174759945,0.13056270037211623,0.2746530413359467,0.3814163611596132,0.7025379859084832,0.28924926536733625,0.12809903384217702,0.11239111176894775,0.3070182580732129,0.38733474697128845,0.4006232463401142,0.14527708918895232,0.17855014546516093,0.6970171614576333,0.5086748052954138,0.19509230220038262,0.21930906989776866,0.32936233688205074,0.292195463031502,0.19579546666827077,0.4422853993538926,0.6872678989893639,0.3905190977336522,0.6752809680612092,0.21027725371874945,0.09922354792947183,0.06884285665738576,0.3185770133332194,0.7361217338622199,0.2230310831541772,0.48267215999595037,0.2366430765484287,0.7756494146007304,0.37601936165239147,0.0,0.24416109026601263,-0.04216639820733348,0.0,0.39171855724745797,0.02988999485707078,0.3385558644829405,0.10496769006185322,0.013762492274539517,0.0,0.02999944895870188,0.28447006800433694,0.25454005690455295,0.2672557458193979,0.36407592755528945,0.5004832430122266,0.0,0.0,0.3583114343506386,0.241910819607806,0.48371566222174345,0.17278710461664692,0.11278096163994944,0.0,0.47419328250155957,0.3136094328839396,0.12359216680037893,0.16124175822450387,0.21520046848488855,0.0,0.241867016959942
0.346229657832829,0.45956411338344433,0.35725268572825336,0.3632739795348444,0.08595797253022883,0.0,0.1973767338440754,0.2546764547015217,0.28094233905737814,0.37426543804927825,0.1668162331376633,0.30717596852008994,0.20887785649016288,0.14735994813048015,0.34319383134361703,0.6720763435870372,0.406187295460315,0.6525654818346237,0.3061532118330073,0.34115686228680075,0.37949668806296966,0.3684167427635684,0.20261739700954073,0.35441072208826635,0.7311594219397921,0.5874407590173345,0.15547221205672468,0.2281072806128426,0.31421636596440566,0.30075705679835113,0.3956896525530975,0.6468061305064134,0.6276091282117133,0.5372393390244805,0.8584939681278665,0.22474770213299955,0.3874306629712815,0.1936399979753698,0.34570868376351127,0.2515964245626597,0.22014816010933022,0.3132516453879958,0.6921934961602566,0.3554057743684835,0.20752396875843004,0.43655766786003747,0.3661617065399595,0.2879049328651509,0.5556048530459773,0.12437118862859028,0.046899205743205497,0.17218400341138437,0.14110573951077793,0.26692112542385127,0.4234169128382275,0.2780692085137414,0.24253538007022465,0.18947350655618883,0.41974570340172324,0.21556377458043444,0.4331251936548275,0.0,0.37238810053620286,0.2685890127632608,0.17484020025838604,0.06372745246118167,0.31864619669645394,0.11645879557071281,0.55008385305727,0.33874321990698947,0.45460807038210194,0.13641205748963425,0.1899740395441408,0.1446574895064342,0.2401091243018906,0.14985282066250755
0.6063959219414139,0.4959966351640033,0.23959356345583566,0.27102353649578426,0.14087681927690002,0.1973767338440754,0.0,0.35101279762499593,0.17438671417102797,0.35806931941515796,0.09060898114888888,0.22144719520801792,0.4801388605690876,0.1688961354500286,0.1502400759835809,0.6612303183471291,0.7091166967051138,0.6167847319919326,0.1266609694193988,0.3514847264671924,0.3483572621076334,0.4001045049026353,0.3058316104594264,0.3079011454475563,0.7673909528780534,0.7093139200863752,0.2654281703130139,0.4505071274713716,0.2847678114926304,0.5031399805276102,0.4670926067041601,0.7541784669514852,0.6791302443823249,0.6594378290832088,0.9969774147602234,-0.04190538395000276,0.22944669164864484,0.47658529784596787,0.5228250676811451,0.47958063906495196,0.42442490000697347,0.5419479068313916,0.1501834526075774,0.824424984670022,0.37472743612140547,0.0,0.2613211406877207,0.12825994436652163,0.0,0.19800444439134032,0.09466853557215282,0.14921525538650043,-0.04914344292567463,0.2630795854446627,0.46183370142868485,-0.03546880200503172,0.448149251271958,0.13009267493995907,0.25232007211207697,0.2447310236766226,0.37686072462373355,0.0,0.5108479185492496,0.33179459998500616,0.2728164757030136,-0.12980039783422576,0.29868030854915767,0.13227568358033595,0.5097620440653408,0.3886596924730468,0.4751684629611578,0.14457036534749418,0.21364779979356008,0.2175978457841869,0.40673346873746297,0.2108471099179316
0.5367069127903016,0.4420537590865154,0.3048449840060272,0.631505876410378,0.37852851858154335,0.2546764547015217,0.35101279762499593,0.0,0.17379657425128128,0.14520315331148276,0.4382998034150164,0.4697717365425621,0.37425910828116826,0.9673645434543141,0.24495720756798597,0.48550361853814633,0.49306518324628273,0.3807582901264869,0.11329188757577488,0.19973967693265715,0.31876775060558143,0.4748288813793706,0.1630102327231262,0.3483173089346907,0.35987471802376536,0.49599783111252305,0.15727663760114113,0.32204915647560106,0.30861582797936815,0.22838774062420036,0.2958800055084285,0.607587630815933,0.4140566163523711,0.32523400153960697,0.44579677488921066,0.39717018177492225,0.5637327465987005,0.2601601545560607,0.453771809291228,0.06742562304686794,0.11308355405431078,0.20600933591917714,0.8560841813708691,0.5978717016416921,0.0,-0.1414116677631922,0.2575613689259481,0.5331839595798499,0.0,0.4642238118281746,-0.08194327868758605,0.13356700402703736,0.15597280370036826,0.30094888230968925,0.7005358293140275,-0.02956945671456035,0.9449786742420063,0.12440129915474138,0.10621716350985722,0.31858802892653987,0.316762626209727,0.0,0.6163902805643735,-0.15574914611222263,0.3048950395903225,0.015098154196824087,0.343440041482054,-0.019060492226996906,0.0,0.26205017584458606,0.06984340043132742,0.07069033505626915,0.23616884755353884,0.33116030150878706,0.2235874184278663,0.09391220997465455
0.35987212838091953,0.3982433318938331,0.10159116228510923,0.2225543739648176,0.06419982146016218,0.28094233905737814,0.17438671417102797,0.17379657425128128,0.0,0.2532380263436534,0.16464944592672964,0.1443539358975182,0.31428211520754357,0.29103694683382486,0.45076360378044705,0.6706827426269772,0.2730910748524252,0.5214212470478016,0.11893697056593291,0.3312064395719092,0.2810713447561872,0.4074931397273205,0.2094010639935855,0.30991822015563625,0.7006930629393049,0.4727262865364193,0.33527716720239115,0.24978751338427593,0.2668925274419206,0.3543456555617651,0.2305260705999857,0.2802795747250727,0.16717695116155307,0.23444176335602024,0.3746440650610466,0.283570503632395,0.18239181196021279,0.18063835713025644,0.37356138007070433,0.45670207881993186,0.19897871274862208,0.23826611681488827,0.23293364351263862,0.3540455601082346,0.3449694097141713,0.0,0.2760851020104508,0.37473982816979723,0.4910124666840226,0.2815126561273917,0.2836016919258636,0.2502113990877639,0.26698756526658285,0.22131524646398013,0.2678260027448838,0.08842284001822598,0.1833687286128108,0.13836328544131835,0.12669006331842442,0.20495210595308588,0.44797945826704444,0.0,0.0,0.2899436241871126,0.4319697510356429,0.7615307789013889,0.2208557995920099,0.22597135055402706,0.452175379964565,0.4249896972344166,0.29305808132007005,0.22879342823058302,0.11255918516101615,0.23111621863958942,0.3242469078875376,0.26253969448135583
0.2917572704199115,0.5237792314039478,0.09549454122302525,0.4313455801789545,0.22637522451138556,0.37426543804927825,0.35806931941515796,0.14520315331148276,0.2532380263436534,0.0,0.12330272787954435,0.38368318212618846,0.2520683085803629,0.3884770107083739,0.3758141185256939,0.35314016791258535,0.45572681344379173,0.389102456547927,0.06446881381861491,0.46416256541603707,0.2882944869775855,0.43124974217584955,0.3250571584424755,0.22978176051727497,0.5144664170775932,0.49073543340676745,0.23508419065912797,0.2345325987313629,0.4087694373604461,0.35213813853880976,0.2612005504990178,0.0006531978214315282,0.3063268796226772,0.27053578027928876,0.2588153768173462,0.4970397323933887,0.43132581063409287,0.32821364224583144,0.5570538791056947,-0.04028799389935689,0.2633620889982985,0.4481929230570122,0.2506716108990201,0.3197984854859704,0.07734506435316851,0.37130142572877645,0.4402837600608074,0.40167037845400244,0.4796979902576962,0.47182841363250916,0.23788800006824373,0.19942967602703923,0.44736096038838763,0.3839731664227465,0.29078903925628174,0.1772924869420764,0.24525562276747942,0.3551430696811516,0.0,0.6520474038085677,0.41169134445666533,0.3105868899684471,0.3612378196574346,0.486742007586863,0.5116637963267137,0.34874671582839545,0.3689336289046756,0.4591265948459795,0.14584319909311558,0.3309157004806371,0.2249373190374967,0.33390937839287704,0.43756907355667746,0.3159663303657627,0.0,0.14019532255885075
0.4016716420901544,0.18642209118017672,0.27840985277261077,0.1623312259418191,0.052027999224043,0.1668162331376633,0.09060898114888888,0.4382998034150164,0.16464944592672964,0.12330272787954435,0.0,0.042183001868421666,0.1307094470532817,0.4437056485781301,0.0,0.4946168818400878,0.28595315768690377,0.22298155268728018,0.165801552435126,0.5001324924213977,0.2375795469222392,0.22989302027027458,0.384804274573787,-0.04227114639111368,0.03726164504260643,0.29647829107647905,0.30863056522526394,0.12420877862984869,0.10057289310089351,0.3087349111824468,0.11563366307142653,0.3310120344822166,0.20670493958931124,0.15315760378775828,0.24890381791595542,0.2642921792367227,0.4017364899225871,0.13049476417818728,0.39326449670403874,0.23966879629275653,0.2166378092568403,0.33789642921206436,0.5080488688992869,0.4528199981269158,0.1975961316153438,0.0,0.0,0.20019428665655775,0.4750345883897251,-0.015002394458900836,0.20147310124810375,0.07837405590921936,0.2990151231488539,0.40636867474234534,0.315203877787389,0.05694441251147345,0.25123614441288755,0.3458760742744816,0.1858239866435868,0.0,0.0,0.0,0.0,0.02609844204910375,0.3210680637203022,0.0,0.5987448840353888,0.19398728761675024,0.0,0.0,0.9978895492681593,0.3261731052405563,0.24159318720679002,0.4139256641179921,0.0,0.056107805800406196
0.41570262476745623,0.5320702083289727,0.29550581377408336,0.28427025977155074,0.14676370174759945,0.30717596852008994,0.22144719520801792,0.4697717365425621,0.1443539358975182,0.38368318212618846,0.042183001868421666,0.0,0.12457416446738767,0.49692149218766407,0.3619743449468349,0.5026189502799427,0.6482965029098167,0.5875883957964008,0.10190526096458713,0.7106408183524451,0.5726552561225446,0.494472072587029,0.5723310354525708,0.36894286414861277,0.5389189691722507,0.4451279511029831,0.30100294429680424,0.15380212813410998,0.4151632807454786,0.24356934683072295,0.1725831033063897,0.2336874039902824,0.35002883657367256,0.25332780414905753,0.25861417633659634,0.27205932585338777,0.34663740259219267,0.25684182638851455,0.6795175032921236,0.16518684969614822,0.32080205850599036,0.5286507922465632,0.37194313911808735,0.3940987996748467,0.2775813049196156,-0.06303934310203352,0.25941472833488854,0.4038248019025644,0.3889799009301126,0.263281804917252,0.3186099660386439,0.5811508966496474,0.36938780989269904,0.37596443109225364,0.2658746656074262,0.1909898482130627,0.37102601342322117,0.34646678461005953,0.5625478344762285,0.5682261283234683,0.3658904943251139,0.22392561404306238,0.43905358482187584,0.33423766381818015,0.5524103571177094,0.6083683396466483,0.4443826345647184,0.34446490570202715,0.22409722761629838,0.3375718426909047,0.22556472708014053,0.07532569335112785,0.5371922944695781,0.40378278966610864,0.0,0.219339593362358
0.595591199127406,0.4779895927880052,0.2706904971068253,0.43067264021989715,0.13056270037211623,0.20887785649016288,0.4801388605690876,0.37425910828116826,0.31428211520754357,0.2520683085803629,0.1307094470532817,0.12457416446738767,0.0,0.2805395228763423,0.35220777252189833,0.5916329863625779,0.44667371266527134,0.658116906581139,0.18307819288983163,0.27108816153023746,0.406758401767284,0.370388076023977,0.28232637669022376,0.19989979210982542,0.8106423655788663,0.6458960434529646,0.25558959899369904,0.40453752111182606,0.27258288394267416,0.12072846046750385,0.24975119779609284,0.6786946346478777,0.48587499399120804,0.5283694028317215,1.0276541440688418,0.44380323164233515,0.46312213170665195,0.30704920020957077,0.47586631401013635,0.4817949568531703,0.49956019909783467,0.5783855397859365,0.32417618631299305,0.514758778797993,0.4378928636997463,0.5217762685271661,0.43249434330965136,-0.1079730071209154,0.0,0.289038904274711,0.08390787930274052,0.15683964446611334,0.043900218909245836,0.2172245906834908,0.3804682604403638,0.030280916083379128,0.2864427721680112,0.26839959193001894,0.5076556560045513,0.25295817419454114,0.34484865614478055,0.2391261885412983,0.29896130954269096,0.2637340642479362,0.29561314255768173,0.10496569157132496,0.30870610279513633,0.16890347812477646,0.47638574465791883,0.4745737912179666,0.3025084161838356,0.2119180230514114,0.34247238886407627,0.26613881774652226,0.2559568495286559,0.2936735610096812
0.45174181310419353,0.36293159129513736,0.372736771246214,0.6073123532178561,0.2746530413359467,0.14735994813048015,0.1688961354500286,0.9673645434543141,0.29103694683382486,0.3884770107083739,0.4437056485781301,0.49692149218766407,0.2805395228763423,0.0,0.4165644855805236,0.5993973948337876,0.49084565619354836,0.463180795502947,0.2664130224078003,0.47827943185287447,0.3086306282277447,0.26000834232790415,0.5538688403026013,0.5276435935757138,0.44983497210877477,0.05291407681928739,0.6179742947488377,0.3556255394497505,0.14048479775271808,0.5514931447157345,-0.13104590336314675,0.5502273846525354,0.3124335883716265,0.42648326045402873,0.3036968603043203,0.2555367738528207,0.2223892972429964,0.21876648608421298,0.49225921252288496,0.0,0.6394569940881984,0.668850686009018,0.25223114846779904,0.5091329807910958,0.0,0.0,0.0,0.10768896295272767,0.0,0.22153312108427076,0.188505468191467,0.17422631873984842,0.45973074680451254,0.07410698155082154,0.0,0.2475369590916554,0.3735455201807052,0.536469488981884,0.224848003576989,0.0,0.0,0.0,0.0,0.41921741677157115,0.0,0.0,0.0,0.13550550076716503,0.0,0.0,0.0,0.3372108030639036,0.4341884465859387,0.0,0.0,0.0
0.5101105349074031,0.5293895818815686,0.19532004673813194,0.3944799698296808,0.3814163611596132,0.34319383134361703,0.1502400759835809,0.24495720756798597,0.45076360378044705,0.3758141185256939,0.0,0.3619743449468349,0.35220777252189833,0.4165644855805236,0.0,0.5708718370297519,0.24494113741346965,0.3586378462178611,0.0,0.3451374727056563,0.3977416580815826,0.21750136447322843,0.14550981589667716,0.34003598422580916,0.3287113688062053,0.3321050075739087,0.20741583524296403,0.37310956250500643,0.5224842822026965,0.32314850984240606,0.6919604170942626,0.8266715832686709,0.5811302502417637,0.6976301410306126,0.8913049475614793,0.6333236204633979,0.5483199647603112,0.3697072873551851,0.3634681027728079,0.22153686608818818,0.38218941948344476,0.3596770817785047,0.775070320257437,0.5905045944742862,0.0,0.5527181944537232,0.3693031647637647,0.13915790774538114,0.0,0.0,-0.1774010092989673,0.29151196393425227,0.17814823224707255,0.38907112721665515,0.0,0.0,0.6665194755345549,0.39929363836145493,0.48846265302939806,-0.26659443471295036,0.3606389006017525,0.5924847811391363,0.6015944499185092,0.0,-0.29028147607720856,0.3693810406386386,-0.12097939303003657,0.3996812100539289,0.5069862194595983,0.19502398475355376,0.05277056645430034,-0.22158850045621403,0.3078649293740256,0.2844024465702913,0.2522673631302995,0.33526537304337456
0.6046622734165243,0.5797919833004542,0.21833968906885545,0.23165014777830245,0.7025379859084832,0.6720763435870372,0.6612303183471291,0.48550361853814633,0.6706827426269772,0.35314016791258535,0.4946168818400878,0.5026189502799427,0.5916329863625779,0.5993973948337876,0.5708718370297519,0.0,0.2810154935123552,0.4975934419837518,0.4870650207728,0.3030283706455066,0.5521956740982779,0.31479796589021414,0.5450093305079335,0.4100804402221175,0.606872871174923,0.6461121443561423,0.43415072072983873,0.5677455876416029,0.388792231774609,0.42523198621662844,0.28811045812719,0.8040531471824228,0.2257103528909859,0.27447322616011016,0.6351235494354407,0.5880563516181833,0.28108509939581516,0.4049543827175648,0.4512297389185038,0.19774749103645153,0.24323374101429185,0.1492108225537384,0.5112244372650662,0.0,0.0,0.1720242412643042,0.39702487325381985,0.0,0.0,0.0,0.33036395259396434,0.23604245218719813,0.4868106953425227,0.0,0.3800828873821487,0.0,-0.095630773320244,0.3356565933688955,0.0,0.3965267421391787,0.3978517042221059,0.2892219815013055,0.3592697937542425,0.0,0.36256605891788485,0.5401375337807446,0.36588888349367377,0.3750709064431781,-0.06459512399438219,0.4581926544352549,0.4038942840453369,0.41361790480058575,0.34934681417158164,0.4002994305898109,0.0,0.20155595905503204
0.203996222001472,0.545418315453519,0.46011417614847416,0.4172976636721386,0.28924926536733625,0.406187295460315,0.7091166967051138,0.49306518324628273,0.2730910748524252,0.45572681344379173,0.28595315768690377,0.6482965029098167,0.44667371266527134,0.49084565619354836,0.24494113741346965,0.2810154935123552,0.0,0.6838070873559992,0.35953106720433337,0.3322595154573433,0.3967183233085708,0.5236600946552135,0.29381503532998443,0.5300264693460655,0.38121494493443747,0.41303720461394805,0.3251030722488195,0.5895814189789353,0.34392510951679345,0.5962755643774247,0.14641074076629063,0.46146745541351253,0.3344012734574253,0.35972698226557226,0.5370631068529882,0.49471562074142283,0.3924974601727059,0.17475245991478272,0.41488347880364423,0.20289015152746726,0.210289950224903,0.21195787153997975,0.0,0.0,0.21863947352618984,0.3372204090259729,0.3292876188994779,0.0,0.0,0.0,0.0,0.0,0.0,0.0,0.2445186620063673,0.0,0.19132604459899483,0.23685841462243473,0.0,0.5757162648164728,0.27412237115678123,0.3641571015101505,0.4121775784480502,0.0,0.0,0.0,0.3926678287243126,0.0,0.2788710979714063,0.4469103923559955,0.3207784529191794,0.0,0.21295934261318025,0.48586489619003015,0.0,0.34490334413287216
0.40191527663682847,0.542666534337624,0.3073322765971575,0.5117575302223833,0.12809903384217702,0.6525654818346237,0.6167847319919326,0.3807582901264869,0.5214212470478016,0.389102456547927,0.22298155268728018,0.5875883957964008,0.658116906581139,0.463180795502947,0.3586378462178611,0.4975934419837518,0.6838070873559992,0.0,0.3492330277349971,0.4847045284075374,0.8370478504977678,0.4132578255541265,0.5493972532400033,0.42320788445398466,0.44705248292956135,0.3880546968072875,0.5253596518756967,0.46797280684899906,0.4912207935190792,0.4021537542528788,0.24156643580652531,0.3954587762417962,0.3208385372113837,0.3890774610658031,0.33911505540684805,0.5830045223713991,0.425679128154967,0.2408178572130812,0.37435935732149056,0.24817461193042703,0.2575627579287564,0.24502740705133733,0.0,0.0,0.4738817749823237,0.22826260413600735,0.39851410835301926,0.0,0.0,0.0,0.2768017840150221,0.5251174571176924,0.6172544241019607,0.0,0.3502844643400258,0.0,0.2546906200330362,0.26321852545968183,0.0,0.45171668557013556,0.3534079737203584,0.38120107844785656,0.34038018769942224,0.0,0.18470207719646736,0.11412473461306244,0.5053328610909249,0.48963154047300333,0.2129489420916023,0.3866140888329971,0.35666645301950434,0.36946549383423855,0.33286291393030754,0.30894600828275315,0.0,0.34030541722505486
0.0,0.47429012742521215,0.20260146684841418,0.25214008322732695,0.11239111176894775,0.3061532118330073,0.1266609694193988,0.11329188757577488,0.11893697056593291,0.06446881381861491,0.165801552435126,0.10190526096458713,0.18307819288983163,0.2664130224078003,0.0,0.4870650207728,0.35953106720433337,0.3492330277349971,0.0,0.47556805690833515,0.3513453650280247,0.46301079945417034,0.17680983666948313,0.3126483293076989,0.2334272070839974,0.14071076491784573,0.3741597225889092,0.1953322112142467,0.34598314313761697,0.24976764969784163,0.1657339603352851,0.24219784538474354,0.2209871066339142,0.17162398826961642,0.16108162526496494,0.17382972795699364,0.13925123156449856,0.09024178019064077,0.3693402931029932,0.4469687042528957,0.3697381386891787,0.17287827429358024,0.1887791634529379,0.32831192206366966,0.05043104938006878,0.0,0.0,0.1419346758805493,0.0,0.11558401199398027,0.24586333981301317,0.08426113533340074,0.16939758716499081,0.12308051756382837,0.6440810326196477,0.07245208932641858,0.2342239241676235,0.020220633106219243,0.1551860415160008,0.0,0.0,0.0,0.0,-0.1291194720261456,0.4760266064152239,0.0,0.4632966639126537,0.200983145422458,0.0,0.0,0.0,0.3968564019489931,0.1650901275352888,0.36257505878150664,0.49384419466825175,0.4387340956330532
0.4447354250441543,0.35621344102844077,0.28932630247808777,0.4477451751824315,0.3070182580732129,0.34115686228680075,0.3514847264671924,0.19973967693265715,0.3312064395719092,0.46416256541603707,0.5001324924213977,0.7106408183524451,0.27108816153023746,0.47827943185287447,0.3451374727056563,0.3030283706455066,0.3322595154573433,0.4847045284075374,0.47556805690833515,0.0,0.4354424051715967,0.379692645907869,0.29248536622024257,0.5101580614379806,0.5727607502251831,0.4172075239015483,0.4727494909173623,0.20807569129079767,0.42184938364597413,0.13221554606078967,0.3082251871898757,0.8138004398484657,0.5639440154472082,0.47588332526303495,0.8575746606133188,0.7466956553478015,1.0766065624114505,0.7454188444882944,0.3896364382205138,0.3264348986056719,0.40716364289862733,0.30435678804173577,0.5620286534047892,0.2830068219584406,0.3563226758537675,0.4651853759407911,0.3526093536331981,0.12107228150973501,0.0,0.0,-0.04664928339527108,0.3096317071605151,0.2677288466869547,0.14139064859131792,0.8441345920299785,0.0,0.5981321138316582,0.2512160052993224,0.0,0.2690095099034921,0.2685281224616125,0.5113156361628723,0.20076481550042152,0.0,0.22884262429751678,0.22100278698205747,0.4233476810271373,0.1219604742913245,0.0,0.3442636182413518,0.35833764525071715,0.29005950136802766,0.17237028482544742,0.2632636893895669,0.2538349066961745,0.3002244284085511
0.40425780776374354,0.4736984030353632,0.4317182138170613,0.474136794281788,0.38733474697128845,0.37949668806296966,0.3483572621076334,0.31876775060558143,0.2810713447561872,0.2882944869775855,0.2375795469222392,0.5726552561225446,0.406758401767284,0.3086306282277447,0.3977416580815826,0.5521956740982779,0.3967183233085708,0.8370478504977678,0.3513453650280247,0.4354424051715967,0.0,0.36103569182941453,0.26605246569654206,0.28638215349914997,0.5161469443392174,0.5458325001900148,0.4001577408180327,0.3850022978730748,0.5118352536456778,0.4822606540617832,0.6958120627994178,0.6870712231451455,0.341606691422464,0.5796931363613866,0.939374643475077,0.6558034663263672,-0.012615059301957748,0.5601906766130258,0.5306541527964781,0.37252251126898966,0.25033716562158537,0.3070780852735195,0.7185634881731761,0.0,0.0,0.6410688625095349,0.38407668393330346,0.146057972813448,0.0,0.0,-0.05444363104725097,0.17205720895539156,0.19711395192612335,0.417396056871562,0.5977314586178437,0.0,0.6737309811816632,0.24302608251092173,0.0,0.325479980096021,0.3361711125403279,0.0,0.5042269188716922,0.0,0.2821955732135799,0.03535513893211767,0.355015236443767,-0.026793996856683377,0.550149515678699,0.24539305246621346,0.6902197227789401,0.05853901388856997,0.26534190946271863,0.15272027343519207,0.2752989164397217,0.21311620205094656
0.4844885190906798,0.5680758911986972,0.24732701868560647,0.4416069300495578,0.4006232463401142,0.3684167427635684,0.4001045049026353,0.4748288813793706,0.4074931397273205,0.43124974217584955,0.22989302027027458,0.494472072587029,0.370388076023977,0.26000834232790415,0.21750136447322843,0.31479796589021414,0.5236600946552135,0.4132578255541265,0.46301079945417034,0.379692645907869,0.36103569182941453,0.0,0.5098738137653641,0.5262682822742895,0.6221750439766944,0.5040156530176918,0.3735978696030806,0.37417999791038936,0.22889754346226313,0.39686524276067736,0.38613552260736184,0.9426172104295416,0.6775134570682309,0.6539875417960741,0.9558541112849872,0.7963107268446963,1.0546458537376817,0.002574299470074537,0.5598291876380276,0.3916125533933293,0.44333143250498064,0.44288781533830246,0.6062074934212031,0.26472548668824103,0.39503880828273513,0.6201104369038433,0.522483532901298,0.2303635444521371,0.4928412837083902,0.40186336321719707,0.2504987978542397,0.4286044018055797,0.2525478008833917,0.36388313199898614,0.40002671916742194,0.0,0.39580488740756004,0.55557758362305,0.0,0.4187728326513622,0.4598281146060956,0.365267560574163,0.27348963028412043,0.0,0.23961090255510645,0.43654461041909515,0.46555189374625766,0.15233729102827426,0.6004402156247692,0.3418602285264748,0.5082231663966638,0.25739617718576396,0.3776689172903799,0.36517727928732835,0.41772071472065136,0.456527038780033
0.4250551687128674,0.5324131176258338,0.3426374502630162,0.2796021436765952,0.14527708918895232,0.20261739700954073,0.3058316104594264,0.1630102327231262,0.2094010639935855,0.3250571584424755,0.384804274573787,0.5723310354525708,0.28232637669022376,0.5538688403026013,0.14550981589667716,0.5450093305079335,0.29381503532998443,0.5493972532400033,0.17680983666948313,0.29248536622024257,0.26605246569654206,0.5098738137653641,0.0,0.3479399764146994,0.5969752567924651,0.4217353325430958,0.16126053528079973,0.201066266358064,0.3214171553311919,0.17503784735999067,0.2563540138855207,0.47362073001736454,0.39783870176202213,0.2867612456096105,0.4934853407014086,0.3943703717303206,0.34838155653009784,0.7408772850140612,0.3028183209031803,0.2419736355311776,0.1499197408816202,0.23636163250213504,0.3048308416766924,0.3999044972703288,0.4725299951197593,0.00794558596980438,0.2654167759859738,0.1403636957188304,0.2947147905331396,0.11238942830209636,-0.023510309889854142,0.18002505010792902,0.2541887719260108,0.15352369639551414,0.3764581568639239,0.1369272966882187,0.19879748280932152,0.12873991425182713,0.21159277422571207,0.231675878274753,0.31827509460514425,0.5116637963267141,0.32618841604034954,0.003959842192631735,0.12318504854305828,0.010699969068802051,0.2727367997284085,0.29959879967249575,0.3521846144788665,0.3561474596249964,0.280719048948308,0.10334791061924889,0.1329288964243643,0.10478511788031286,0.3403896416867372,0.146415066418719
0.35674144458975277,0.4806318022123466,0.32149431784290616,-0.06852920081893102,0.17855014546516093,0.35441072208826635,0.3079011454475563,0.3483173089346907,0.30991822015563625,0.22978176051727497,-0.04227114639111368,0.36894286414861277,0.19989979210982542,0.5276435935757138,0.34003598422580916,0.4100804402221175,0.5300264693460655,0.42320788445398466,0.3126483293076989,0.5101580614379806,0.28638215349914997,0.5262682822742895,0.3479399764146994,0.0,0.4283109267409546,0.3339923672373546,0.22587903432471038,0.13441834513003076,0.5747493904258854,0.7555441653132049,0.20241726299465831,0.3460127959299447,0.13351649587363007,0.19971234493323514,0.3958829011969142,0.21101899098646215,0.23501076405602228,0.2623393735601852,0.7497812028014198,0.39663537991528797,0.6532780094134365,0.5638160427840793,0.4644395413815497,0.3037248625985033,0.38873511620803375,0.2759084710085453,0.2899031823037882,0.0,0.0,0.5136323785452537,0.5089308775878889,0.4238899168201279,0.0,0.3439134003460651,0.32118401777188,0.5395707690700393,0.2859856878718946,0.38159924155672215,0.0,0.35893457558354497,0.2768346512274261,0.2930216787918466,0.3165206596431951,0.5143468222930214,0.4378349879955995,0.48305724801917616,0.23556623629756604,0.6805500741032071,0.1953637303907624,0.32488458391309993,0.32475991548723543,0.385152456124377,0.6593572134667811,0.5393706009142201,0.0,0.4629618868181727
0.4590457014306618,0.5229286309172,0.2699070783478281,0.8523262669402941,0.6970171614576333,0.7311594219397921,0.7673909528780534,0.35987471802376536,0.7006930629393049,0.5144664170775932,0.03726164504260643,0.5389189691722507,0.8106423655788663,0.44983497210877477,0.3287113688062053,0.606872871174923,0.38121494493443747,0.44705248292956135,0.2334272070839974,0.5727607502251831,0.5161469443392174,0.6221750439766944,0.5969752567924651,0.4283109267409546,0.0,0.23537008308438978,0.6087028705302703,0.7255246151958694,0.6623979533064233,0.32299247297375144,0.3740640424596413,0.27962708535768305,0.32175405912923727,0.3362067225908413,0.30526831322008896,0.45075179073998844,0.4579204968769656,0.3449721578748085,0.4124058157569611,0.3234510758246437,0.31713258619935547,0.23742862067504783,0.2805667626537718,0.0,0.24867209476011615,0.226257826200929,0.45476976424986487,0.0,0.0,0.0,0.2838095205513962,0.16618643850519446,0.428242905915156,0.45080755731377053,0.2599815556299122,0.5126705317346014,0.24141046697627655,0.2045972677013617,0.0,0.31761436447930474,0.42151580013374845,0.35053409382998996,0.3728680500400181,0.0,0.4565502431267192,0.3633116122451488,0.36604496490160365,0.35078530724886736,0.0973297957461361,0.40565612170121446,0.30355151248983736,0.2574156219230036,0.32243990228200575,0.3952014605188475,0.0,0.27817971703236977
0.6611142717798607,0.32595225513325554,0.1685527295366986,0.5657652373358828,0.5086748052954138,0.5874407590173345,0.7093139200863752,0.49599783111252305,0.4727262865364193,0.49073543340676745,0.29647829107647905,0.4451279511029831,0.6458960434529646,0.05291407681928739,0.3321050075739087,0.6461121443561423,0.41303720461394805,0.3880546968072875,0.14071076491784573,0.4172075239015483,0.5458325001900148,0.5040156530176918,0.4217353325430958,0.3339923672373546,0.23537008308438978,0.0,0.5767441446076985,0.5484725222532254,0.6356173766074409,0.29797519160880737,0.43073539956727597,0.7535698327855982,0.4465821037579738,0.48437374262313226,0.6603726990215363,0.3274028969176395,0.2543775435173594,0.3926030119305174,0.4783461483902164,0.25725326133498416,0.336471736576956,0.2504351062039729,0.15611774634613415,0.5198914034341109,0.061882722764024845,0.29912909988096836,0.4447284026337186,0.39158087095043304,0.0,0.02605497380965276,0.37458297912585425,0.29648446880732104,0.22742905244499684,0.33109514784330696,0.23626464203206846,0.0,0.2651290481572655,0.35270024786531773,0.0,0.3176657509384956,0.4043802809741146,0.29591455846595544,0.3137792623282831,0.0,0.24980420034448875,0.5026877655677005,0.5546889324263412,0.2933792865379232,0.20709873095972725,0.33537436597170134,0.2776411609412845,0.3416376436964822,0.34174331590365625,0.42621759941163134,0.512449229213489,0.2715870220393121
0.40406759949528465,0.42639759346975015,0.34479243755339717,0.5103923607189673,0.19509230220038262,0.15547221205672468,0.2654281703130139,0.15727663760114113,0.33527716720239115,0.23508419065912797,0.30863056522526394,0.30100294429680424,0.25558959899369904,0.6179742947488377,0.20741583524296403,0.43415072072983873,0.3251030722488195,0.5253596518756967,0.3741597225889092,0.4727494909173623,0.4001577408180327,0.3735978696030806,0.16126053528079973,0.22587903432471038,0.6087028705302703,0.5767441446076985,0.0,0.2705323325035938,0.33951280042271026,0.33833776624284084,0.4212982419870306,0.65414728473467,0.5887974953688515,0.5291150647018674,0.7435566264214345,0.2587954682246878,0.6356588729832047,0.2970942341873116,0.3441588140241162,0.29249422891772736,0.17750708150677502,0.2697668541736039,0.6868777009495356,0.6062522300093787,0.39344900106402014,0.33092858709891537,0.32816139724458326,0.44436066958793163,0.3914514158123897,0.39721033896399816,0.1251051187952073,0.2483588501813695,0.18294502717482164,0.3905827994736869,0.541543751556014,0.11996183093843749,0.14086987584252564,0.21084082693290102,0.40429057589663464,0.26517991715980227,0.2786366679454634,0.0,0.00807833682444653,0.1651262320696686,0.20877580284271047,0.08693091167242084,0.3407157689265238,0.19443984928586733,0.0,0.28578765117395144,0.4132644772911753,0.2912559232441741,0.1914308355242632,0.15142852037413163,0.228550460753789,0.18512325508525335
0.5112733314152266,0.45408407760408087,0.2158334569044703,0.4144642427031934,0.21930906989776866,0.2281072806128426,0.4505071274713716,0.32204915647560106,0.24978751338427593,0.2345325987313629,0.12420877862984869,0.15380212813410998,0.40453752111182606,0.3556255394497505,0.37310956250500643,0.5677455876416029,0.5895814189789353,0.46797280684899906,0.1953322112142467,0.20807569129079767,0.3850022978730748,0.37417999791038936,0.201066266358064,0.13441834513003076,0.7255246151958694,0.5484725222532254,0.2705323325035938,0.0,0.34365231585460865,0.10685448330732572,0.2379180410239982,0.31410408511588955,0.16234381179721855,0.05414469020179208,0.38441753218930175,0.29677652246287545,0.3209980175647908,0.2426897961835314,0.5149969536335148,0.40729654515596864,0.5130649213864834,0.4425278152748508,0.3955230714075742,0.502938581836081,0.5197084547169671,0.4125254421248927,0.3898062300692754,0.23992043288384368,0.0,0.28105187131839215,0.02714786074194414,0.19711926966077237,0.07264039341174128,0.19344470719676138,0.4621556560405166,-0.04307525862969497,0.3766948462217903,0.14338773564473364,0.459415968262188,0.24755185496589185,0.30525402448780947,0.34022245310036336,0.4287919097210685,0.3666971136767767,0.3009679326932533,0.021821661411189575,0.16116396242877548,0.1006178581734885,0.502546307158592,0.40620371637947744,0.2622068336832921,0.15040700387403338,0.24613096521445835,0.1815882311426254,0.12255464654547082,0.2792658173182536
0.4343958183672603,0.348399157151783,0.28994374435071896,0.2591687512256221,0.32936233688205074,0.31421636596440566,0.2847678114926304,0.30861582797936815,0.2668925274419206,0.4087694373604461,0.10057289310089351,0.4151632807454786,0.27258288394267416,0.14048479775271808,0.5224842822026965,0.388792231774609,0.34392510951679345,0.4912207935190792,0.34598314313761697,0.42184938364597413,0.5118352536456778,0.22889754346226313,0.3214171553311919,0.5747493904258854,0.6623979533064233,0.6356173766074409,0.33951280042271026,0.34365231585460865,0.0,0.07739072621005133,0.24332186031967284,0.6393915983771752,0.6169780628526106,0.24381002446603248,0.5631358957160264,0.3487437230303653,0.21820599052458178,0.2997792499010267,0.3535133823096007,0.3893835090427064,0.2578191251978226,0.24742426529474415,0.4257993500102235,0.38323707937756246,0.45734803085155273,0.3646867827022814,0.37321620298211144,0.21492905548454744,0.48705087830015925,0.25670895796960647,0.07119753948073343,0.22590965477875125,0.0357378558882574,0.09060802962122305,0.6070444366409612,0.29673005691826826,0.5305119378344847,0.13048322424868142,0.5684588739770937,0.33871665634974857,0.33027845809666356,0.4877865267178355,0.391306692992906,0.5890830527846959,0.32627913487720817,0.11924682925280139,0.3915374416791168,0.1273799574504243,0.4822959345946871,0.40015113096465904,0.39259248936870006,0.06637595091643378,0.2232530010269515,0.24922614960887246,0.2545464835873016,0.2520282332817559
