0.0,-0.017247557938105396,-0.013638425081718752,0.0,-0.007115345153768438,-0.018631521289474262,0.007318847076846047,-0.008431464671498468,-0.0028522179374988466,-0.01420428129800222,-0.01585414357056797,-0.02208074264208243,0.0009738964922760274,-0.0252656679482281,0.008553225102355011,-0.0030267073867142336,0.01601313630611456,0.007547992772918732,0.0,-0.002881008079603009,-0.012200232324203475,-0.004321309994889111,-0.02297259561981746,-0.01680227996205963,0.0047221954513024245,-0.020883208417084187,-0.022785303550879987,-0.011498488235888726,0.005553986233258812,0.02052419264394645,-0.007525907933138343,-0.030587260879869682,0.014347399669310423,-0.001189812454283845,-0.019312875347140157,-0.00560487581725877,-0.0010304570822446957,0.017512137737230815,-0.015849083903752614,-0.013381339531420622,0.0016329925244529808,-0.011342181459008227,1.1018208241231342e-05,0.0,-0.006704649652686301,0.01143754786634349,0.00769913076927875,0.0,0.0,0.0,0.009030973221378913,1.1102230246251565e-16,-0.022099607387867926,0.0,-0.06186786005248779,0.0,-0.04957792047207055,0.000964315837240215,0.0,-0.012250160953219236,0.003886069237111933,-0.021601576994308314,-0.005236572743707646,0.0,-0.002716858386814236,-0.10631826887025281,-0.0009818610203271017,-0.020736622801058036,-0.01681539097028939,-0.0017112007007393237,-0.02239636045318716,0.00015903832271774165,0.0005017151031883604,0.01645619542715937,0.0,-0.0018634963087282297
-0.017247557938105396,0.0,-0.00711775948297122,-2.196572508122996e-05,0.0009053098595454001,-0.025937791925493614,-0.007393916279654078,-0.009684957832717334,-0.01992583001609688,-0.00924775468922967,-0.01746465220662502,-0.007854384563202976,-0.003983205218018038,-0.003452880841609496,-0.023834504842893844,-0.037999567363566134,0.008728215631975178,-0.012696471222455763,-0.013699428678137837,-0.021452623975033558,-0.028333116423641336,-0.01502512225983993,-0.01658525757010071,-0.013347741249940648,-0.029402781031290515,-0.03260049438374857,-0.03362420825849122,-0.01325507298778461,-0.015083126994834273,-0.044660771765255514,-0.03700314979679081,-0.05657350120857907,-0.025197961651465928,-0.03684633460308162,-0.04938256365749194,-0.02890060810244638,-0.0022841075060865412,0.0,-0.020425315492905827,-0.0064924640561588864,-0.006543212771156159,-0.02631863699453929,-0.009316131728165145,0.0,2.220446049250313e-16,-0.010131308623478996,-0.005298374506767789,-0.0005956720405747573,0.0,0.0,-0.0065845600593552045,-0.01241659516970095,0.005785702821669347,-0.008966158929847534,0.014548171806837484,0.0,-0.011913408214846044,-0.00898090974100274,0.0,-0.018003434729710166,-0.005127750492190164,-0.010772951555117039,0.008008474225094542,0.0,-0.008635354932515105,-0.02202352227162463,-0.010596997761719018,-0.020732517945858342,-0.012358351420480918,0.006801919537002987,-0.02490392756702159,-0.017982363789886435,-0.010682547528344077,-0.005543593244691336,-1.1102230246251565e-16,-0.010594734065364375
-0.013638425081718752,-0.00711775948297122,0.0,-0.003261415116437849,-0.029958891573157342,-0.00396940369382881,-0.01841625918993639,-0.02717939118996432,-0.024096239108458928,-0.029806730310851293,-0.06181293790668774,-0.009089127832587085,-0.011153410004847819,-0.014723561578954047,-0.029517754318211742,-0.005660113439605041,-0.0066225741328849175,-0.013243900221318883,-0.04554141780664331,-0.01470110214092335,-0.033478355169985485,-0.02348892299394334,-0.053475219319607414,-0.01505348073340207,-0.01898873275663243,-0.02220900655785346,-0.04301499632810751,-0.005608613556451203,-0.015989283717884273,-0.006590440315770385,-0.0029873228035957045,-0.02609506995811145,-0.009932325536185616,-0.014123120299942504,-0.018448655576373985,-0.021223005457418842,-0.00929548839594363,-0.009198527482717322,0.016415484490996002,-2.256577092962786e-07,-0.017498174948589407,-0.009716045855189093,-0.00945346154151483,-0.025432510945824327,0.0,0.0,7.943801817222873e-05,-0.12918081848126195,2.4747190220386628e-06,-0.012539425905103763,-0.00016356414007601128,-0.0069988788729588025,-0.004180140402126664,-0.006782716067088357,-0.0016194794308808103,-0.06142754509070497,-0.024294645381692348,-0.00267400340156565,-0.027064002518852714,0.0003291199490763619,0.0,0.0,0.0,-0.17010013013467745,-0.013692354540871032,0.005055688698590521,0.000617804264290478,-0.01187502438368604,0.0,-0.0001964432367674851,-0.023250468151454318,-0.0023075874851428146,0.012053184602724643,-0.0038377849430852873,-0.006571584525106644,-0.012136224004534846
0.0,-2.196572508122996e-05,-0.003261415116437849,0.0,0.046113906649122516,0.0006844756460468449,0.014033957363815297,0.0099412619963406,-0.007303760616043153,0.044807019298607254,0.02227567153116783,0.04404688922674055,0.019766400649648352,0.02796586223911235,-0.007110821275844004,-0.0010471441278058213,-0.0014641135009768602,1.126910084009447e-05,-0.008218926962307804,-0.041599835939020446,-0.0007737964417014465,-0.04639442637469815,-0.0066807568830356545,-0.013088638033749989,-0.00015109474087532382,-0.008040012733587731,-0.017369200913999794,0.02931577286598752,-0.009424782535429999,0.035136494769188675,0.002802900076886272,0.024178037628517446,0.0028397131548069665,0.030724952340098866,0.0025698141899999083,0.024801780656895256,0.019067989209964636,0.0313818024330445,0.020736244198562792,-0.0003897591094970676,-0.01776159472694938,-0.007603748624764817,0.002897555963711662,0.043488656811552395,0.0,0.0,0.0,0.0015050269077152567,0.0,0.0,-0.01165313528488221,2.220446049250313e-16,-2.5790837862527116e-05,0.000422754045543261,5.551115123125783e-17,-0.008441224197403174,0.007723299374086279,0.000775612162813244,0.0,0.0,0.0,0.0,0.0,0.0,0.0,0.0,-2.273976196925931e-05,0.0034525622385268573,0.0,0.0,0.0,-0.004767581935491594,0.10420099640780006,0.00438091962844922,0.0,0.0
-0.007115345153768438,0.0009053098595454001,-0.029958891573157342,0.046113906649122516,0.0,-0.02042973362596473,-0.004315667281532876,-0.005721165360754232,-0.059044347192400204,-0.010177445663939633,-0.023677991602138126,0.021232238126295544,0.00709682736404138,0.009237667192921128,-0.01680329118543611,-0.011972157065927858,-0.019775113790395038,-0.014267041912684908,-0.045280370361905076,-0.0028366748935697017,0.016287610074697978,-0.015847814410840322,-0.026259360855155456,-0.007103295134066101,-0.00821865995275578,-0.01811667196306238,-0.017808241813828674,0.03395771143439141,-0.006695999845736933,-0.0086402604556991,-0.005976905330266236,0.0028034917821558314,0.002312007998270138,-0.008135011583954133,0.00086280761409957,0.07351221991862772,0.11260711257294731,0.012579180131601364,0.027187251410505042,0.00897095559379446,-0.01115548056616017,0.008883339406096591,0.05402121722250408,0.01238031549066787,-7.289821227718374e-05,1.1102230246251565e-16,-0.006184284490547531,0.016782045320600902,0.0,-0.013737920466170006,0.01358215123351486,-0.0422691355198504,0.0020569634621447896,-0.009532163370645053,5.551115123125783e-17,0.051059606200052676,-0.015790037866818762,-0.014923013328475343,-0.026697392566988387,-0.003994948496143902,6.135081447011803e-05,0.0,-5.551115123125783e-17,-0.015715978228742877,-0.02746032324921166,-0.00041474268453206564,-0.008852725719872556,0.007533683244809797,0.0,-7.2348586148685e-06,0.009223273198352366,0.008579243293141303,0.001785066464343732,-0.004138729064143087,1.1102230246251565e-16,-0.008812781120448976
-0.018631521289474262,-0.025937791925493614,-0.00396940369382881,0.0006844756460468449,-0.02042973362596473,0.0,-0.004347081043333201,-0.005247723246592062,-0.04223809883606294,-0.017480478944922606,-0.02027598745705944,-0.0026259846277313925,-0.003987894329479602,0.010800898905308554,-0.026043426138179282,-0.02834837707930321,0.003047034321290276,-0.02114059670132784,-0.008675352895121113,-0.02377070214615712,-0.00758072620288075,-0.023137206979701175,-0.01821456637451041,0.01811615804261285,-0.015758100437701372,-0.026680083569332935,-0.025785073291894556,0.005172400386827702,-0.009173422658575237,-0.018431220787432256,-0.0006694811207393347,-0.029037301759726686,-0.033255661419111904,-0.024376619427621815,-0.024559740038687827,-0.01682739257943494,-0.006298796204261103,0.006416454191273069,-0.01400521258524312,0.006977093616141461,-0.02491721152701737,-0.04900220574834119,0.01910730496669394,0.016255102559356582,-0.014006550986733923,-0.011068123158670395,-0.006479903843439994,0.000777038601290414,-0.0029624917570847953,-0.008177209509884875,0.029994084868315285,0.0152892849014169,0.03053866144924755,-0.0026033642836422732,-0.04817856605093235,-0.028503095020130764,-0.0007912857689638675,0.009584667243147604,-0.02376439015930515,-0.01924271234801639,-0.014215106086012008,0.0,-0.017822489343151726,-0.0170273490569951,-0.025751377374281015,-0.005647702670968813,-0.016566312886914958,0.015387891108480989,-1.912018169542007e-05,-0.0116549234581525,-0.0219755503449231,0.0169696639397528,0.008710027867293413,0.0035473863125010108,0.001263027834470909,-0.009282531696754692
0.007318847076846047,-0.007393916279654078,-0.01841625918993639,0.014033957363815297,-0.004315667281532876,-0.004347081043333201,0.0,-0.011055158023663303,-0.008568219603182436,0.01717725722483937,-0.027498691866207015,0.014900772170571008,0.003932876171875821,0.03154569928652706,0.01444405088830264,-0.017106278187746293,-0.005659686304165523,-0.007760792193116983,-0.035774359950263346,-0.005143778890547568,0.004281761147766516,-0.02128789578445134,-0.011059384687157336,-0.0020533648897170798,-0.007554803195302495,0.005639174252836776,-0.018390342129429305,0.004951358300075037,-0.00044674011665535307,-0.006813331063943828,0.01327007625708665,0.011821925192119498,0.026797345666386807,0.015804187867646202,0.018759193667069796,-0.041222917644908014,-0.01965214373057378,0.018436125003258585,0.022282435269374457,0.011526456184777378,-0.006002702830772422,0.009116856069617485,0.030616399709614328,0.021493693049158935,0.0049550693181377725,0.0,0.012121870710667615,-0.013080099990536498,0.0,-0.004172985378976202,0.021665953463266774,-0.0017008241817179082,0.021185240151896045,-0.010855451618183298,-0.0029356291165933412,-0.027126564284177035,-0.001937374259894764,-0.003734434457498048,-0.010035138410170119,-0.0027072485020675496,0.006761579911176818,0.0,-1.564231420647655e-05,-0.010715075424370446,-0.007074305182944163,0.020482200183947197,0.0040380774496106,0.010530416446957902,-3.476491397869097e-05,0.012944210341203966,7.588333874669617e-05,0.013147040396478293,0.011053224029986763,0.002573175961301688,-0.009310856143819768,-0.004885995430037149
-0.008431464671498468,-0.009684957832717334,-0.02717939118996432,0.0099412619963406,-0.005721165360754232,-0.005247723246592062,-0.011055158023663303,0.0,-0.038046852403522624,0.03352389065012101,-0.07369189081842528,0.0043859436064170865,-0.005778631834604364,0.002720468314232727,-0.028446506155661466,-0.006627041083935414,-0.008815168454865185,0.02772377595697484,-0.08900266642398319,-0.016542726520827833,-0.011775853623997912,-0.015796948147162315,-0.01664336391795801,-0.007585890694941977,0.02186019332592637,-0.0056979589762835015,-0.02583057210714884,-0.0029196756328435103,0.00521395887642484,-0.003633558352337085,0.00695872282426746,-0.013635754645789588,0.06772663276593482,-0.011152123712023176,-0.021133378054489838,0.004030326611022816,0.043275028654033876,0.003420054615358825,0.01625914199555606,-0.0060916644085762806,0.0020875214395287833,0.008217214992254585,0.042807625891587986,0.0012901203701768948,0.0,-0.002733851989951297,-0.010590216589223211,-0.009049672749553372,0.0,0.006389659819436899,0.05367427019954507,0.025394099911512535,0.07860932114700325,-0.021413527871046667,4.527353026889669e-05,-0.019690891556723766,2.847184270809988e-05,0.017615729569575356,0.011230063629075193,-0.003199132062133292,-0.017429548754054336,0.0,0.0004691875378868282,-0.025948155164894016,-0.030225209105377404,0.07277332643800638,-0.01797684126200949,0.036631950682770476,-5.551115123125783e-17,-0.01632072813831431,-0.0014944894883724413,0.03447876176213932,0.018551828179578955,-0.0023028747153875373,-0.004189684716572162,0.005497937404595921
-0.0028522179374988466,-0.01992583001609688,-0.024096239108458928,-0.007303760616043153,-0.059044347192400204,-0.04223809883606294,-0.008568219603182436,-0.038046852403522624,0.0,-0.012833176537613622,-0.030183062822774165,-0.015276878488186874,0.00708941219069853,-0.005759658329585138,0.004374588842058769,-0.03429794112073137,-0.0005204377307839736,-0.009757371591684827,-0.05465154767695818,-0.01522744208234883,-0.021753635598529664,-0.017439417208614527,-0.04131009045484757,-0.02331200322308552,-0.019436029872471783,-0.0010552360785189285,-0.005516619399437261,-0.011317442075132245,0.02142989053174832,-0.008335294293964013,-0.013674164619733364,-0.0288306279241225,0.0022074534217504382,-0.021011017501601115,-0.017396962828278018,-0.01714182331199271,-0.015601172852471479,-0.007394087009027606,-0.02588800111116446,0.008663052027475193,-0.031708135870295306,-0.009445120098609816,-0.001819635399939068,-0.013969429020896373,-0.009654057029692353,-5.551115123125783e-17,-0.012439970160259217,-0.06289940574787495,-1.1888666218706767e-06,-0.01807251544427141,0.008493366971897731,-0.012904166670951955,-0.01974206740782608,-0.029729321257342622,-0.001986206369571808,0.005557325372917754,-0.0016513630634700793,-0.015156176730381887,-0.024587288016008124,-0.0074248879448041705,-0.015356175922375148,0.0,0.0,-0.04651502605521629,-0.005335978964146726,-0.011014799805177056,-0.01573307157024495,-0.00764057909745286,-1.4631765333061875e-05,-0.010308511436073808,-0.01624703998928223,0.004452374401897385,0.008703911221690008,0.025526042493688894,-0.017790564308246992,0.009042691650788082
-0.01420428129800222,-0.00924775468922967,-0.029806730310851293,0.044807019298607254,-0.010177445663939633,-0.017480478944922606,0.01717725722483937,0.03352389065012101,-0.012833176537613622,0.0,0.010599063769182626,-0.03263654460929494,0.00860521589477753,-0.03360539787788974,0.004145514362121017,-0.014753649542204428,-0.03736814315182213,-0.018862863333457214,-0.00605589425039027,-0.022479071336460488,0.0014657552287965503,0.0033683027986046166,0.02042513266140006,-0.019465415933628105,0.0014653356073274781,-0.026610706639753734,0.0031542768339017924,0.018019551492858443,-0.006048565811849538,-0.015045669584144328,-4.541483753361941e-05,-0.026864549325860743,-0.026809799092705477,-0.004104996172078157,0.0306637169033539,0.08312704736195758,0.07116112378712064,-0.008955648777627334,0.019956305998098833,-0.03271678838448139,-0.016948084075048497,-0.00856183928522486,0.01663830839554753,-0.002436070053115691,-0.020729978480588496,-0.0379246167434894,0.03419500777727125,-0.0001298937393297006,-6.750549374323622e-06,-0.0010837224078008578,-0.021878247371069137,-0.009198988282506204,0.000564991244296098,-0.015348050541563185,-0.045591873001409544,-0.009620697678072387,-0.047637593036562564,-0.00951870692117468,0.0,-0.0008854732293145928,0.004794422046598468,-0.04215993960392028,-0.005298139677911651,2.218940954146209e-06,-3.60521833969174e-05,0.007241516712306162,-0.0030912693979825434,-0.009846142783316025,-0.030334227475616427,-0.02428141871882966,-0.04214474729746581,-0.020290778994957348,-0.04170146277857861,-0.025686467902527266,-5.551115123125783e-17,-0.03460817233792801
-0.01585414357056797,-0.01746465220662502,-0.06181293790668774,0.02227567153116783,-0.023677991602138126,-0.02027598745705944,-0.027498691866207015,-0.07369189081842528,-0.030183062822774165,0.010599063769182626,0.0,-0.0017850790293748586,-0.006705683551167407,0.018133881008256192,0.0,-0.00024780648843863995,-0.0077256459454682624,-0.009917061253564452,-0.04147970800063891,0.0001316089790538988,-0.007226134435873888,-0.0029566600221004324,-0.03487138170706888,0.0008502873578365433,-0.003795505045333658,-0.08826907169448678,-0.040027632340206065,-0.0070782914084404625,-0.009078589799237646,0.0018611069522416757,-0.01497857388899465,-0.023215172167572906,-0.003092469263032138,-0.006471696021820572,-0.0025818252657318075,-0.0362681722155177,0.01637919826416323,0.0032883482413830767,0.011607071156695292,-0.019164451236865554,0.00025353961484292364,-0.0063204712871290925,0.017755863283246243,-0.006715087984762558,-0.006570082327945648,0.0,1.1102230246251565e-16,-0.11911490836719835,-2.302095183370767e-07,0.022079658688398507,0.004004154618163669,-0.004271102031898122,-0.020274019295776047,0.015632268440580244,-0.013109828463522821,-0.005152779866572532,-0.005079490766225547,-0.030090556636177546,-0.026983962520696125,5.551115123125783e-17,0.0,0.0,0.0,-0.19070936229407692,-0.010269202568868097,0.0,0.00026360519308715746,-0.00930705374487134,5.551115123125783e-17,0.0,0.0006954932493177801,-0.005694721437784267,0.02814707510577169,-0.004665955571056923,0.0,-0.0076838826021657924
-0.02208074264208243,-0.007854384563202976,-0.009089127832587085,0.04404688922674055,0.021232238126295544,-0.0026259846277313925,0.014900772170571008,0.0043859436064170865,-0.015276878488186874,-0.03263654460929494,-0.0017850790293748586,0.0,0.00520177844991726,-0.04802066214763451,0.05419974700297414,0.004889753782382156,-0.027034030226730843,-0.02267024483300706,-0.0036635295147206537,0.029840231829934172,-0.01845012601953261,-0.043351663738609825,0.01567879259395638,-0.014289675316924044,-0.014664492299290732,-0.03621805454573335,0.011206975008272446,0.017480431526191387,0.04772278482758596,-0.027354516891359648,0.0023074736577453625,-0.008479330022360232,-0.010135377662483014,0.01036590715126351,-0.0007223771499704212,0.03840532342078523,0.04459315712456552,0.0005939318948314232,0.09203710269478121,-0.0434423650493197,-0.0290684139899704,0.01618429424642548,-0.012939473695725845,-0.011711717608525907,-0.019399732692631455,-0.03679819917555005,-0.0043442588004287686,-0.01626493182690658,0.0032588090581587015,-0.009195057288930941,-0.005470666159975823,0.01556639051385389,0.00011689157673122619,-0.009336921888282557,-0.05475293679981935,0.005366806259479884,-0.047912496529923354,-0.0016754359225759075,1.4545142444810644e-05,1.9140356354085952e-05,-0.059235975340982516,-0.05296322435411788,-0.025439745068652708,-0.00801621809207309,-0.015349161888868867,-0.03444363991962307,-0.008080087284637605,-0.030484678962715672,-0.04198751620374036,-0.03808194846481111,-0.05295568613146023,-0.024790368323548917,-0.015226814475819528,-0.010390866039053315,0.0,-0.04314403408867262
0.0009738964922760274,-0.003983205218018038,-0.011153410004847819,0.019766400649648352,0.00709682736404138,-0.003987894329479602,0.003932876171875821,-0.005778631834604364,0.00708941219069853,0.00860521589477753,-0.006705683551167407,0.00520177844991726,0.0,-0.004443107444053518,0.01015254403277438,-0.01584469185243692,-0.006706805083669831,-0.006166243008787375,-0.02155925479511195,-0.0044078070882414,0.0009128931148437713,-0.019656839119621294,-0.008258163011470365,0.0029608771178519233,-0.0025162843026935167,0.0029621681250447396,-0.013918183833128261,0.009353337543034801,0.005994962004767568,0.02257264038095763,0.008522746678088111,0.012352659924870335,0.018480712713050462,-0.0017946452633161303,-0.0005608136468798763,0.02268776368009695,-0.007141779004891435,0.020804630825668913,-0.0005470291035115094,-0.007878968089778282,0.019909068510897632,0.013285153196331057,0.02735644233008444,0.01808627063088797,-0.012229035682446765,0.020168230378831975,0.008345370115750095,-0.011495745589618522,0.0,-0.00582523328860296,0.019690431266305264,0.0027260931084276407,0.013841378971764795,-0.011719986692485196,-0.025711315380770317,-0.026936672302500242,-0.03875767129508739,0.0009884212300409478,0.004118882027359383,-0.00642060339392847,0.004996391592305582,-0.001681706629643731,-0.006298528578142337,-0.014518187546732175,-0.00842354945239937,0.013258790513632768,8.80031348873267e-05,0.010623617398610952,-0.008135077787967793,0.00018108226294516472,0.00316936688844488,0.011914417089134433,0.011058555917336677,0.0005406477728134296,-0.004238460090631002,-8.155979719925988e-06
-0.0252656679482281,-0.003452880841609496,-0.014723561578954047,0.02796586223911235,0.009237667192921128,0.010800898905308554,0.03154569928652706,0.002720468314232727,-0.005759658329585138,-0.03360539787788974,0.018133881008256192,-0.04802066214763451,-0.004443107444053518,0.0,-0.03835976837694538,-0.011545456636533113,3.093347539356861e-05,-0.00025403446235322535,-0.024473367884411013,-0.030570872724069942,-0.012741369646811607,-0.02400038990395037,-0.02067915427843925,-0.014842459667819774,-0.03361242537717857,-0.024779593831102675,-0.023399424673311464,0.040217072581605284,0.009380119067211978,-0.003717722074442653,0.03592194143758071,0.06745837724903447,0.15072637144576867,-0.005816064273152455,-0.008587780216611551,0.013911775380650943,0.036222179247439895,0.023140938526145405,-0.021504024992489323,0.0,-0.00068651956065785,-0.0007212656496595748,0.005999338881646277,6.626578121227134e-07,0.0,0.0,0.0,0.012000304963131758,0.0,0.00040867841124486715,-0.004314300777354951,0.0025876211863241627,0.0025431468179601957,-0.00920244984739843,0.0,-0.00035827825810780256,-0.00040048668528624987,0.02081452013622548,-0.02786635834811657,1.1102230246251565e-16,0.0,0.0,0.0,-0.026262066555249597,0.0,-1.1102230246251565e-16,0.0,0.022010662837924133,0.0,0.0,5.551115123125783e-17,0.017660611171910645,0.03376233457585026,1.1102230246251565e-16,0.0,5.551115123125783e-17
0.008553225102355011,-0.023834504842893844,-0.029517754318211742,-0.007110821275844004,-0.01680329118543611,-0.026043426138179282,0.01444405088830264,-0.028446506155661466,0.004374588842058769,0.004145514362121017,0.0,0.05419974700297414,0.01015254403277438,-0.03835976837694538,0.0,-0.028053915924909856,-0.002587174320119734,-0.007178858652001352,-1.1102230246251565e-16,-0.017209372329126615,-0.01546544876782674,0.007619671714854781,-0.007668571155005077,0.016481394963895613,-0.009245570052743846,-0.010452800417181274,-0.03780475486386775,0.0063267175675990606,-0.028520843455527967,-0.034837036656779674,-0.016788466697276905,-0.03748516130719287,-0.026266996356874572,-0.025559380499531714,-0.04773112683926639,-0.03783464124378311,-0.040296770980128294,-0.00027740811437632074,-0.05188348064004378,-0.05675848054402788,-0.03561971692645188,-0.05432186449201204,-0.017639308767668727,0.003996921629813743,0.0,-0.012358609037390944,-0.009250071785410263,-0.016109491470254533,0.0,0.0,0.008006215121321603,0.005948722116989602,-0.0033575985424307286,-0.011569281763748274,-5.551115123125783e-17,0.0,0.0021441674480355832,-0.009628773447137251,3.7737227648326765e-06,-0.041515012240977034,-0.01624680150674762,-0.0001319094930701259,-0.054721993611511976,0.0,-0.034592469578365925,-0.016647672852294293,-0.03050329638263949,-0.007727683505656058,6.884766887688132e-05,-0.001244706137934537,-0.014064545162515263,-0.02198140844881219,-0.016386952132430466,-0.031160096158704298,-0.03383724603082533,-0.029688950118320345
-0.0030267073867142336,-0.037999567363566134,-0.005660113439605041,-0.0010471441278058213,-0.011972157065927858,-0.02834837707930321,-0.017106278187746293,-0.006627041083935414,-0.03429794112073137,-0.014753649542204428,-0.00024780648843863995,0.004889753782382156,-0.01584469185243692,-0.011545456636533113,-0.028053915924909856,0.0,-0.004232199928500435,-0.02183501744421018,0.0003938240789731484,-0.03173436529295437,-0.03793942092998587,-0.023108822656499106,-0.01912342249264387,-0.01858571878179427,-0.012600528966389635,-0.038187026547725156,-0.025590327915837596,-0.024622525361401526,-0.02348328906365893,-0.011218990297971243,-0.031429753021265106,-0.045349253704494996,-0.022368671234064386,-0.018156295905922548,-0.0398442469993221,0.005113096235346115,-0.0018198694898510226,-0.03789491283433333,-0.004367819546661711,0.0032240148060341256,0.0026613946178380976,-0.018754744977715787,-4.920646556216823e-06,0.0,0.0,-0.0005720626885303282,0.002413210352309181,0.0,0.0,0.0,-0.005056699380629859,-0.0021500524661303144,-0.00876388891401525,0.0,0.021445565134890432,0.0,-0.01949990942965729,-0.011019327517878541,0.0,-0.018299025780574463,0.0057930056314841605,0.0028781413420455038,0.013914267147167814,0.0,-0.015877129003126322,-0.014729982849000733,-0.008779601686849714,-0.003666361321423728,-0.017097338671795137,0.015446987111945476,-0.018487718059673808,-0.01778882483163091,-0.012015931927250034,-0.006422911970074108,-1.1102230246251565e-16,-0.0006507121633642643
0.01601313630611456,0.008728215631975178,-0.0066225741328849175,-0.0014641135009768602,-0.019775113790395038,0.003047034321290276,-0.005659686304165523,-0.008815168454865185,-0.0005204377307839736,-0.03736814315182213,-0.0077256459454682624,-0.027034030226730843,-0.006706805083669831,3.093347539356861e-05,-0.002587174320119734,-0.004232199928500435,0.0,-0.020797449948053826,-0.0020207973237344468,-0.03531404914205172,-0.027899186974491896,-0.006232273765181706,-0.0074643061060615246,-0.027338140753483675,-0.001656544684314809,-0.022351037318449396,-0.021069493562086816,-0.021361098273183554,-0.009692049553035986,0.000939688811796846,0.0006528267514083197,-0.022482282720862945,-0.02661683445355162,-0.024538904936364903,-0.015997428472431185,0.014107197991523102,-1.3644820026526006e-05,-0.025606492026396976,0.015184441194276255,0.006567553143555949,-0.011776444473804881,-0.010521387677138283,-5.551115123125783e-17,0.0,-0.03324781319528092,-0.010184725251433047,0.0046859796791624,0.0,0.0,0.0,0.0,0.0,0.0,0.0,-0.023703505319357054,0.0,-0.025792641767068802,-0.005252416544271332,0.0,5.49678671837861e-05,0.016274799696770925,-0.024480449729151643,-0.002766339081305913,0.0,1.1102230246251565e-16,0.0,0.008321503071776426,0.0,-0.03283900758588404,-0.014452628598942918,-0.022592174336895143,0.0,-0.008236797499975468,-2.965461313142459e-05,0.0,-0.012442292314799097
0.007547992772918732,-0.012696471222455763,-0.013243900221318883,1.126910084009447e-05,-0.014267041912684908,-0.02114059670132784,-0.007760792193116983,0.02772377595697484,-0.009757371591684827,-0.018862863333457214,-0.009917061253564452,-0.02267024483300706,-0.006166243008787375,-0.00025403446235322535,-0.007178858652001352,-0.02183501744421018,-0.020797449948053826,0.0,-0.01240235328159417,-0.01952381715402801,0.00044871120371653417,-0.008016319595170684,-0.003746945057368778,-0.02677613721050942,0.003961539618929755,-0.0286512699485304,-0.006289635871690291,-0.018551116149369717,-0.013709846397045033,-0.03060098007411649,0.0002051942045878108,-0.032729525865342446,-0.019958918338247034,-0.01992862455733646,-0.02890481411361273,-0.005150029541553469,-2.274093469589733e-05,-0.018011400077939055,0.008071368510055077,0.007451867899283426,0.0053309918201521755,-0.010463849301728334,0.0,0.0,-0.02241115099718005,0.0027354218934745322,0.023067254112699,0.0,0.0,0.0,0.0017025761720111388,-9.59058219207054e-05,0.001006602457630068,0.0,-0.009305935379405772,0.0,-0.01439322618917832,-0.015231642107298271,0.0,-0.01165157433274322,0.02059175378091227,-0.01414048089415837,0.004443889490333974,0.0,-0.004943353054031818,-0.004852093637895738,0.002652486543485766,0.018146415049308473,-0.024763914045315305,0.0074372036081886694,-0.007437619952086083,0.02251616475644147,-0.007295309343140932,-0.0033751787250094756,0.0,0.0001563630950186523
0.0,-0.013699428678137837,-0.04554141780664331,-0.008218926962307804,-0.045280370361905076,-0.008675352895121113,-0.035774359950263346,-0.08900266642398319,-0.05465154767695818,-0.00605589425039027,-0.04147970800063891,-0.0036635295147206537,-0.02155925479511195,-0.024473367884411013,-1.1102230246251565e-16,0.0003938240789731484,-0.0020207973237344468,-0.01240235328159417,0.0,-0.0008963496341039545,-0.003611701302493331,-0.013841109200746826,-0.05099262702185392,-0.005711198940549944,-0.018334538058246586,-0.006425636692564629,-0.04043682545257932,-0.022237881953330818,-0.002020023234939494,-0.005853215950713753,-0.01848039601303486,-0.04163006156657978,-0.0031774349990620343,-0.02770975893815858,-0.013493181627602768,-0.05761478420852262,-0.00624637420370977,-0.004966862701013985,0.0002968606660513351,1.7638993694168992e-05,-0.04475591176547966,0.00984867317335697,-0.012014455920779044,-0.017779924281367265,7.243074339968736e-06,0.0,0.0,-0.26679360496899096,-5.551115123125783e-17,-0.01730735366745062,-0.010435616929692637,-0.013536053792395086,-0.0011584868708437446,-0.03323443184798053,0.0002638288047143722,-0.16784074466945137,-0.016329713177952565,-0.00425344662840299,-0.021130677254277863,2.220446049250313e-16,0.0,0.0,0.0,0.009987690374900327,-2.5526876136050536e-05,0.0,-0.000270982569109679,-0.002515842270983226,0.0,0.0,-5.551115123125783e-17,-0.009278824055754753,0.010830998843802453,-0.006911932584916125,-8.800539255626738e-05,-0.020624592389745566
-0.002881008079603009,-0.021452623975033558,-0.01470110214092335,-0.041599835939020446,-0.0028366748935697017,-0.02377070214615712,-0.005143778890547568,-0.016542726520827833,-0.01522744208234883,-0.022479071336460488,0.0001316089790538988,0.029840231829934172,-0.0044078070882414,-0.030570872724069942,-0.017209372329126615,-0.03173436529295437,-0.03531404914205172,-0.01952381715402801,-0.0008963496341039545,0.0,-0.0370413693264357,-0.02028742931192301,-0.007865242521080729,-0.00014069797100457748,-0.004408198103503291,-0.03618690928592655,-0.023575375942270882,-0.009353718609199813,-0.016077543992961296,-0.04506304558239821,-0.015271167194388424,-0.05648136659448244,-0.05377928461139159,-0.034621571031370146,-0.05803596067775041,-0.0456685184691103,-0.027617476897972892,0.0011360010306000756,-0.031342359803003206,-0.014209238908336308,-0.03657218930140982,-0.0629046166501876,-0.06705371401128563,0.013862653123160318,0.0003628737324213871,0.010739002791832097,-0.02271026586507363,-0.01603328996873782,0.0,0.0,-0.006541894621438282,-0.0029011353157591957,-0.016294860252019594,0.006312199370606231,-5.3932751788721145e-05,1.1102230246251565e-16,-0.007255494653415462,-0.028656425632457738,-1.1102230246251565e-16,-0.026053219814683337,-0.022316979529110936,7.827686706263215e-06,0.0061577055347610266,0.0,-0.03486899782489378,-0.034266555738635185,-0.02546145693021118,-0.02205458303157226,0.0,0.007461557574330757,-0.01644707556510122,-0.031235500162648977,-0.02012681943775807,-0.03430255391415321,-0.0353047830686648,-0.03283435379422239
-0.012200232324203475,-0.028333116423641336,-0.033478355169985485,-0.0007737964417014465,0.016287610074697978,-0.00758072620288075,0.004281761147766516,-0.011775853623997912,-0.021753635598529664,0.0014657552287965503,-0.007226134435873888,-0.01845012601953261,0.0009128931148437713,-0.012741369646811607,-0.01546544876782674,-0.03793942092998587,-0.027899186974491896,0.00044871120371653417,-0.003611701302493331,-0.0370413693264357,0.0,-0.005828631464291467,-0.011996096577848059,-0.017140137264161748,-0.008259189335573902,-0.0195202490984982,-0.03157070582691501,-0.0005037141688143398,-0.019656739963210823,-0.012954854396076798,0.00032643383167035855,-0.02623513179260506,0.0015881828782277618,0.0003880906192385014,-0.0229991612380005,-0.012870684438108404,-0.018283962982897917,0.002383370685100694,-0.010041382361028028,-0.0065426164565817735,0.0007870915398512923,-0.044103847084460635,-0.019491114958499534,0.0,0.0,0.038418551468134055,-0.009177864904399924,-0.011807851629120292,0.0,0.0,0.03060872307895579,-0.01036433434122297,0.10257682775102928,-0.022696961782030012,-0.008085959945866916,0.0,0.00782459723050205,-0.005876541017377224,5.551115123125783e-17,0.002345017943608696,-0.005314315802800229,0.0,-0.03313597482700603,0.0,-0.015832808677840926,0.045991628607754964,-0.008406153621845436,0.023999658235112742,-0.003627226197257749,-0.0090237213782004,-0.009554600542209635,0.009135868301386962,0.014819428962097314,0.010890837744659876,0.0003234303077536693,0.005766381881192217
-0.004321309994889111,-0.01502512225983993,-0.02348892299394334,-0.04639442637469815,-0.015847814410840322,-0.023137206979701175,-0.02128789578445134,-0.015796948147162315,-0.017439417208614527,0.0033683027986046166,-0.0029566600221004324,-0.043351663738609825,-0.019656839119621294,-0.02400038990395037,0.007619671714854781,-0.023108822656499106,-0.006232273765181706,-0.008016319595170684,-0.013841109200746826,-0.02028742931192301,-0.005828631464291467,0.0,-0.015076750247533854,-0.008132010532119038,0.002334109982320365,-0.02009975313035245,-0.02680239848112853,-0.03058298299572304,-0.026413121087421165,-0.026887306054222182,-0.0161739308811919,-0.0466670435317838,-0.03081228176854467,-0.027331123549477254,-0.049685895672551605,-0.05658939745254843,-0.023031231465640234,-0.0035197751405608435,-0.010775303294266625,-0.015761638379113985,-0.00899585968813893,-0.02596686825917527,-0.005246750781137122,-0.010927666642564504,-5.72203844578234e-05,-0.0011351846013553657,-0.006729062609730385,-9.80345078789302e-05,-2.075123882394614e-06,-6.37989398200034e-07,0.004101066657278385,0.007392119831761912,-0.03368569854887221,-0.009871473197544833,-0.012562320257167137,0.0,-0.013833904484453985,-0.003973173401601915,0.0,-0.01105367431520854,-0.004656300623438248,-0.009847001071502381,0.00288083852628479,0.0,-0.019552679304911058,-0.01102718419625337,-0.006710811067008993,-0.018556794337522386,-0.008331174025526356,0.010814031617552122,-0.014296234404784558,-0.015745163860988787,-0.010560064151161896,-0.013772027137464338,-0.0050540129598679595,-0.00405408375302535
-0.02297259561981746,-0.01658525757010071,-0.053475219319607414,-0.0066807568830356545,-0.026259360855155456,-0.01821456637451041,-0.011059384687157336,-0.01664336391795801,-0.04131009045484757,0.02042513266140006,-0.03487138170706888,0.01567879259395638,-0.008258163011470365,-0.02067915427843925,-0.007668571155005077,-0.01912342249264387,-0.0074643061060615246,-0.003746945057368778,-0.05099262702185392,-0.007865242521080729,-0.011996096577848059,-0.015076750247533854,0.0,-0.012697635757200787,-0.003245981437179468,-0.03178837348460384,-0.014590227391060084,-0.010194007861724141,-0.012610207066055756,-0.01691099609374691,0.0006198546218358358,-0.02596087559886051,-0.05046040195322682,-0.012624081380136098,-0.025657279346865902,-0.03615301026375228,-0.00452955491364182,0.021083161272120177,-0.0032857319165033316,-0.008010894953462022,-0.03033429410461147,-0.06527272123170319,0.005981919309746564,-0.002237826541607091,-0.0038789324044034013,-0.008400988779956986,-0.011147050576742035,-0.22931161043410908,-0.01667856195377382,-0.008458283341515549,0.027062612746707404,0.008220247219846266,0.0266298026785301,-0.013621188602206291,-0.013363322486555917,-0.17102596423349237,-0.030874024518518395,0.002282978340181707,0.0037258786226538887,-0.012785502470976706,-0.0041754351902947295,-1.9041713604894817e-05,-0.02154561218975093,-0.10501880101418554,-0.02068436919556499,0.001075771930250824,-0.024654186987322857,-0.0022631005699960682,-7.338297301651142e-05,-0.004328263940292287,-0.029522429617753865,0.009518510054553564,0.002880099702156136,-0.011317034059396325,-0.016255693563082874,-0.010727664947009552
-0.01680227996205963,-0.013347741249940648,-0.01505348073340207,-0.013088638033749989,-0.007103295134066101,0.01811615804261285,-0.0020533648897170798,-0.007585890694941977,-0.02331200322308552,-0.019465415933628105,0.0008502873578365433,-0.014289675316924044,0.0029608771178519233,-0.014842459667819774,0.016481394963895613,-0.01858571878179427,-0.027338140753483675,-0.02677613721050942,-0.005711198940549944,-0.00014069797100457748,-0.017140137264161748,-0.008132010532119038,-0.012697635757200787,0.0,-0.018128418964589166,-0.0352941617064646,0.0041086822536473555,-0.0022305805427377257,-0.03427918713494549,-0.00625068265579759,-0.0003241577591488465,0.0025976454446690056,0.0051095997131142545,-0.002190344497515484,-0.002032268902722012,-0.004213092503592808,-0.018564233467743163,-0.0045671817218716215,0.018464726803832265,-0.008810122062455072,-0.004688175965106178,0.04019818610421183,0.0076424595807876305,-0.0018849137274816186,0.004075351203322475,-0.005340832327469791,-0.012366568462248428,0.0,-5.551115123125783e-17,7.521128025517188e-05,-0.0016309896402491586,6.444870441718598e-05,-1.6653345369377348e-16,-0.00013398245229911954,-0.03969887535988009,-9.85648974545783e-05,-0.03777865076855624,-0.01764951699941536,0.0,0.00037997535340922317,-0.017453197756689465,-0.039870436910363516,-0.010454865350255638,-9.165440728209351e-06,-0.00011284747631029601,0.026725396234158982,-0.006442347393313286,0.0002126743028509348,-0.030798270148248375,-0.015471000835452609,-0.03423311792883771,-0.0010568338478257333,0.01691166890247714,-0.022112227264720785,0.0,-0.027894842324987346
0.0047221954513024245,-0.029402781031290515,-0.01898873275663243,-0.00015109474087532382,-0.00821865995275578,-0.015758100437701372,-0.007554803195302495,0.02186019332592637,-0.019436029872471783,0.0014653356073274781,-0.003795505045333658,-0.014664492299290732,-0.0025162843026935167,-0.03361242537717857,-0.009245570052743846,-0.012600528966389635,-0.001656544684314809,0.003961539618929755,-0.018334538058246586,-0.004408198103503291,-0.008259189335573902,0.002334109982320365,-0.003245981437179468,-0.018128418964589166,0.0,-0.03196018286243507,-0.01801199964912642,-0.007500537857746181,-0.001981145497030712,-0.03700226154352915,-0.00814730674808617,-0.033040057591015415,-0.0181036529816892,-0.018645842788708122,-0.03408685578990467,-0.015674361200554043,-0.008436852858973332,-0.014202651888068185,0.004025393330328253,0.011547267974343356,0.010325509019260215,-0.005375658550165863,0.0055589615473771725,-5.551115123125783e-17,-0.006688348689684376,0.004655450044358966,0.02677859391649945,5.551115123125783e-17,0.0,2.220446049250313e-16,0.007608960630949291,-0.0071824082880140305,-0.02654150017417084,-0.0011580979987627082,-0.01776162212389254,0.0005685528888300095,-0.021744456641077936,-0.005044251207711792,0.0,0.006674787290471995,0.02194531898092439,-0.01559442135399125,0.005810593382447216,0.0,-0.0006511498585834441,-0.011078370421465866,0.010802216812305754,-0.003703781489762026,-0.013927871040564754,0.007139464270040641,-0.0090087043011024,0.006666490471552766,0.0033292162338254827,0.0057604052469678035,0.0,0.005145633797093596
-0.020883208417084187,-0.03260049438374857,-0.02220900655785346,-0.008040012733587731,-0.01811667196306238,-0.026680083569332935,0.005639174252836776,-0.0056979589762835015,-0.0010552360785189285,-0.026610706639753734,-0.08826907169448678,-0.03621805454573335,0.0029621681250447396,-0.024779593831102675,-0.010452800417181274,-0.038187026547725156,-0.022351037318449396,-0.0286512699485304,-0.006425636692564629,-0.03618690928592655,-0.0195202490984982,-0.02009975313035245,-0.03178837348460384,-0.0352941617064646,-0.03196018286243507,0.0,-0.039182786477235554,-0.019698459527163703,-0.011572483069572037,0.017234090654595247,-0.03357181132314796,-0.05488303462274163,-0.04731821273342962,-0.036358016692216666,-0.04689240134415218,0.0024826629186231464,-0.023788056785133516,-0.03736752544570704,-0.02049865345377716,-0.017223927515764903,-0.00947205337853202,-0.024618589192391682,-0.041740346847443766,1.7895996487049537e-05,-0.005701728196265965,-0.027649808168186185,-0.009310765854363967,-0.008624429839104886,0.0,1.4916181669821782e-06,-0.005451234804373706,-0.01167435128063593,-0.00833784364709772,-0.011106419328646033,-0.03543858497851776,0.0,-0.038963163268070145,-0.007890834148781722,0.0,-0.018456689464076026,-0.009654704255511126,-0.030707182921937637,-0.01572788588173807,0.0,-0.025964593945067893,-0.01807765945786899,-0.012833557834218745,-0.022512680226565607,-0.034347065302988034,-0.016661437641403043,-0.028592261955246723,-0.02428094788518298,-0.007196583654714761,-0.00962433372337368,0.0008460292857821461,-0.01686121570892013
