0.0,0.5230596250937285,0.3188506475986568,0.0,0.4941873318203871,0.40335187963021946,0.5705712300186523,0.558375757965182,0.4504057217939882,0.4738563071786339,0.3269173146052514,0.4449495077058765,0.6727265943038792,0.3596424548721496,0.6197482663790914,0.7383509594264721,0.5218311631798993,0.6903106414434961,0.0,0.6446044318823105,0.3798973283351974,0.5899700103857919,0.4362002809885348,0.5642175933988871,0.5542338651479537,0.5095841852755552,0.44068353254803555,0.5203022965323183,0.6416766877993556,0.7989575381492323,0.5404547622568168,0.4820578208708113,0.6643179449850181,0.46734378900263707,0.29551241567298514,0.6683256820619703,0.4873185016261376,0.697933951790239,0.42204372260353673,0.5297653931144173,0.5419252167799851,0.4955592251236298,0.5136128499866757,0.0,0.39676381711483255,0.6611174346773712,0.7090943594575394,0.0,0.0,0.0,0.6199518588140092,0.0,0.522486322045695,0.0,0.10306739382222652,0.0,0.31825143316533505,0.7140281070525965,0.0,0.5302049611373425,0.6825101241215022,0.2897768416553775,0.5575482585180441,0.0,0.5442564846312927,0.11561233635467,0.6350604184452966,0.47067842402247034,0.5452999431618801,0.6314547216921862,0.5329256100481323,0.5023650617633598,0.4836885156338974,0.7940429933127839,0.0,0.5409896860028318
0.5230596250937285,0.0,0.5344483447509182,0.3984609926177294,0.4633744973099162,0.32476760755677553,0.44679369546087183,0.6226746988834639,0.2993291507993191,0.4101468738491933,0.26433571698638225,0.4207697318900318,0.4961053591074267,0.3690256685279369,0.4417481663541908,0.35351181894015393,0.7210996221950353,0.5756227848903879,0.4851444495964986,0.40323975826417147,0.44300066108457203,0.5462541338744558,0.5288379681410511,0.4381436874751262,0.3853841130842915,0.33638328260374456,0.2895518719604083,0.4520534427508928,0.37480489134075795,0.12209861242496114,0.33808902935194685,0.09316401328356241,0.27169843901566065,0.26120963728644375,0.15349643821666867,0.3766788927863934,0.04524011636894738,0.0,0.34401970367054846,0.5856884706712986,0.4591186992984526,0.34375692135191005,0.4997859075023395,0.0,0.0,0.5679518058096711,0.5691767770896946,-0.019540641696491605,0.0,0.0,0.5589117312719792,0.5484755384579926,0.6322604500633087,0.5563804398911689,0.7362006699904877,0.0,0.4164321423450508,0.5928404851196721,0.0,0.445222740599592,0.5674446177101001,0.4554777146987683,0.7044390092558567,0.0,0.548179148204072,0.5447813718613975,0.5814452194404438,0.4780720803069968,0.38841288265917406,0.6510327767506299,0.45040124054947783,0.44830406132769673,0.5972197192060243,0.5998292315209272,0.0,0.5632738681006599
0.3188506475986568,0.5344483447509182,0.0,0.5041552584702923,0.3792198031132621,0.5512224595496403,0.47854788186472264,0.546463086097704,0.2874694036038476,0.37361068048040846,0.2854557538645216,0.5760722187092091,0.5517217340166867,0.5346852856726031,0.22304244765893533,0.4195526627654188,0.6140552963398718,0.4506598771970844,0.24846906317658812,0.32943979985911775,0.371382082466148,0.4403616752949063,0.2387768350340729,0.43977134504515153,0.4340806576038501,0.42433905653909293,0.26144033261626,0.6170576919319817,0.5323784459779977,0.6397274067642076,0.6249228341354127,0.4553392880103164,0.4391236987973541,0.559272850968777,0.4744470334100017,0.5068515274850793,0.4879971851088245,0.48644938464094356,0.7766698904110713,0.47344423514702627,0.5099950870788162,0.4981609907325062,0.6068977548403793,0.49864553606434686,0.0,0.0,0.43330617643008107,0.23648946688432482,0.5093602136554483,0.49166935069596973,0.6289469824793993,0.5907967830677484,0.6593806129750498,0.700668198093404,0.44029882727154757,0.4885750090978492,0.5554749519509004,0.6495130555217827,0.5320203899029082,0.4111085331844525,0.0,0.0,0.0,0.10201718029287668,0.5235930107270658,0.5421539763961998,0.3067338776733607,0.6361069556941293,0.0,0.5814556093359928,0.40868214363585453,0.7076075121524009,0.6798016974931085,0.6424940208550438,0.5617039667153434,0.4338982058557701
0.0,0.3984609926177294,0.5041552584702923,0.0,0.594058578422795,0.5533888238685497,0.5573525630016785,0.5938910732797591,0.5537375603947648,0.4898629711235175,0.6319477929742807,0.592093066809318,0.5875380064020879,0.640289793140467,0.5922529317818622,0.23935123840816402,0.5134635662563825,0.5126502416310003,0.5229956405912355,0.296088537335103,0.4808975224713022,0.23251113946344154,0.5738970687204308,0.2687951722897711,0.8517938543109888,0.5196045255880419,0.45393562265820475,0.5441725716463088,0.40588090907788665,0.9107521704501864,0.5577775473100395,0.6326976301292485,0.3397276176632459,0.4340624274124332,0.4593639419668836,0.4602885015786517,0.4150429236724308,0.6280082964138487,0.4095216785093781,0.39200716355817433,0.30560690593718837,0.3250733040205681,0.361325479907138,0.7216915363905295,0.0,0.0,0.0,0.5036129019122523,0.0,0.0,0.5651403522560591,0.0,0.49272840815275154,0.33795658881269475,0.0,0.2646100601514974,0.6817178841285869,0.5223305253791162,0.0,0.0,0.0,0.0,0.0,0.0,0.0,0.0,0.5102509886507809,0.7090950072258893,0.0,0.0,0.0,0.49854011099990875,0.7838728240073395,0.6905056633393833,0.0,0.0
0.4941873318203871,0.4633744973099162,0.3792198031132621,0.594058578422795,0.0,0.34991315333306383,0.4285479796764762,0.5486466902538663,0.14018994127065268,0.5861031314785439,0.31662593462863053,0.6621187969723085,0.6555133686270396,0.44775831577886294,0.4019829113277179,0.5216679872211267,0.48602134868156555,0.4290208353217543,0.25565736576650167,0.5233164451282696,0.7244083321438539,0.43186753741489703,0.348660596822717,0.49443231270818644,0.49063373846869135,0.4175496300606767,0.4240028821911525,0.7780060000958808,0.519625368985901,0.4374272053582706,0.5377122852069689,0.44173197773869355,0.5154097429409298,0.5236565102764599,0.48415206768040403,0.6265588371734963,0.8315931235560198,0.5863610067946625,0.6770651365569206,0.7261889097320592,0.46527508958945935,0.5385756904073405,0.7634432688867018,0.6018717576646029,0.37270384542524143,0.0,0.25968019709683043,0.7043428490384885,0.0,0.5190661010166456,0.6941985166586166,0.42253795614495027,0.5598474021041618,0.5209869100783093,0.0,0.7558840303854077,0.29217963369158506,0.63254954417225,0.39917570125640284,0.370833070997605,0.5005205101541981,0.0,0.0,0.5980011833548148,0.26682704410733304,0.4842862278323514,0.4605237912102586,0.6868570995985537,0.0,0.4735087855369801,0.6888511504446405,0.6243330163186037,0.6561443925257326,0.4825252511867832,0.0,0.5885227282152594
0.40335187963021946,0.32476760755677553,0.5512224595496403,0.5533888238685497,0.34991315333306383,0.0,0.5095846213785796,0.5555710849197555,0.2519003603026738,0.4573060269603738,0.3978407110248984,0.651169008436672,0.5306024025137124,0.6305926346057396,0.4280901116222676,0.3973048136798832,0.5366225236987331,0.42184323598523893,0.5432851219382652,0.34569299487710947,0.5484618014102477,0.3320398366884115,0.44268987285080064,0.5528873558856822,0.4298134122896598,0.46200047764340935,0.39805585187042464,0.6149051245430982,0.4036110401144808,0.466245769348739,0.6238877779688099,0.2853398716202482,0.37078003890811295,0.3948279751118757,0.40334067598483075,0.4862909632240638,0.5078914550598723,0.5804399486323351,0.5483962244482112,0.44461794293593443,0.4606206481809042,0.27146118270079767,0.803025689870413,0.7187081524898549,0.21280528075164373,0.4990878153886066,0.537066616083574,0.6525194260297645,0.7012290411767856,0.45355096688629515,0.779752065888705,0.7597385692909575,0.8259732876849011,0.6517437684145779,0.39765996280729266,0.4857797720397015,0.41802678282381145,0.7117415573269703,0.54183096015964,0.4522477982333654,0.48069132720641555,0.0,0.412671551484946,0.5076093600660612,0.427141557504075,0.42335586796495184,0.5082276648702303,0.7074605630564603,0.5484265823935441,0.4550865744922744,0.4260498200323621,0.7251676954775621,0.6336829095735296,0.6544696895946935,0.5349064507476832,0.5447268349429504
0.5705712300186523,0.44679369546087183,0.47854788186472264,0.5573525630016785,0.4285479796764762,0.5095846213785796,0.0,0.46303033503294266,0.4839922331725385,0.7436512022766053,0.40046986156788694,0.5803737209784634,0.6321116211385454,0.5067493812033468,0.7008928613142933,0.49275433670285046,0.5870153446482247,0.5431101335274048,0.35779294182670796,0.5144112624557455,0.5489941680536771,0.419354659034519,0.5054574171950857,0.5547327027793939,0.5161765554932223,0.6685410116409055,0.3894118800121174,0.571229800364366,0.5687720602810498,0.4871301242597611,0.654511729684766,0.7085787461351012,0.6635323429036586,0.5842024260534475,0.5314167501406485,0.30543942756483866,0.37508572253705785,0.7853480826718824,0.7786572952248387,0.48815195409729967,0.48641452363311594,0.6192021349268882,0.7542654916079828,0.9150239363561827,0.5162150195564501,0.0,0.6928394983635804,0.45994468508860686,0.0,0.5782704071827793,0.7398204449457824,0.6556966980204282,0.6859831832240693,0.6512052560682988,0.6085576048540184,0.3935574177478868,0.5135057137702461,0.5624729517200551,0.3814460548075701,0.41123493130798566,0.6498958527726826,0.0,0.5065879156194252,0.6218962106157166,0.6496733149057365,0.7466701725796494,0.6886034454701161,0.6707026617769398,0.5082169426325747,0.7927400968819471,0.6093512882692163,0.6630027949348987,0.6445122978534095,0.5538316540144363,0.6346064150635278,0.5410776806913448
0.558375757965182,0.6226746988834639,0.546463086097704,0.5938910732797591,0.5486466902538663,0.5555710849197555,0.46303033503294266,0.0,0.4530056259215137,0.8211479854947954,0.2122775921851028,0.6771704980991373,0.5528881918224833,0.6900467623683044,0.3985291192312643,0.6803034726300683,0.33709668179939695,0.8341923696990035,0.23694170872656348,0.39660985031419094,0.5091467086658802,0.4582894569030147,0.5115437557787117,0.4586393910785943,0.7742286837634571,0.5823404401891283,0.4497249211319017,0.5665045319648097,0.5473441328342552,0.5217267822794376,0.6436634169696182,0.450116023273922,0.903309330717496,0.48661039667884665,0.3332835649669986,0.5548658220149045,0.5872556771479522,0.5921194678103898,0.7283339322324909,0.5072307700128396,0.4338758292159931,0.6346001651328371,0.7367478342106778,0.5630622172572698,0.0,0.6175900173618596,0.3855100055811649,0.6233866713122904,0.0,0.6197313484856184,0.9184292322579987,0.7964752369093269,0.8447646072543802,0.49950332282625987,0.7022910832133971,0.49000295217827783,0.9528433002117604,0.706721439266162,0.5986098561118931,0.6578063737181576,0.2898998664447402,0.0,0.6188437464400526,0.6323691702996852,0.5360426900707087,0.8029326620605765,0.40289452480980925,0.8512988028485171,0.0,0.3721350449697992,0.486325702015178,0.8662558354414143,0.6816846476441855,0.653667364200556,0.47439658797213347,0.5090200140169912
0.4504057217939882,0.2993291507993191,0.2874694036038476,0.5537375603947648,0.14018994127065268,0.2519003603026738,0.4839922331725385,0.4530056259215137,0.0,0.5472998714834825,0.2716888658877723,0.4759581904633181,0.6285023992714516,0.5219142915089673,0.7544944429469012,0.3317793242884447,0.5740624339715928,0.48511271189190186,0.15283412696990137,0.4148630490619239,0.3587742375304095,0.40437606351317823,0.35257415675841586,0.4521159348740578,0.3819398219340412,0.5963958899434567,0.4705795130335908,0.5580358821806304,0.5890815745609337,0.5612491070916512,0.5465943521152452,0.45377301549663684,0.6165787695866778,0.5007359092179933,0.4717117135630013,0.5017896664096766,0.4947570694659475,0.5860043587855908,0.48800011929672327,0.5720501704070688,0.31189013213648986,0.34974744356775134,0.5710574651921538,0.46254624060976246,0.35406638381552824,0.0,0.3862705154227057,0.3847709448577411,0.4899549033871008,0.5522135720408079,0.715201037031381,0.6577962310926448,0.537207656221983,0.4698284991935587,0.390738981507421,0.67276167961715,0.4680482578670293,0.5505197482307278,0.4722595819371508,0.4814488802259672,0.4611285841066826,0.0,0.0,0.393620467825641,0.6633320271698655,0.6319527806695148,0.4523311929686266,0.6260148997999835,0.45050043276801355,0.44318173841075537,0.25054430620327517,0.6513721795058114,0.6131645946663504,0.8005452210180358,0.35392533014744176,0.7719150177564913
0.4738563071786339,0.4101468738491933,0.37361068048040846,0.4898629711235175,0.5861031314785439,0.4573060269603738,0.7436512022766053,0.8211479854947954,0.5472998714834825,0.0,0.6879867595124722,0.337080130768716,0.701524189457388,0.396116836122105,0.5636822436898772,0.39535353883840696,0.3935644570158293,0.42173526369214465,0.5896923149080988,0.32807362947215657,0.7533753311303879,0.5623978105039054,0.7432956225408704,0.3923988970299892,0.6938058071731067,0.46395492083805673,0.5381176857347885,0.8291557777790344,0.49024155338804976,0.3806469398313549,0.7166160745819582,0.23390227715845527,0.44059297409525766,0.5244721500022453,0.7581675483896619,0.9571177446492931,0.8438054397054484,0.4438519723328276,0.5740125215297444,0.30153579424793775,0.45903139888088673,0.4129131768032618,0.6030905925938832,0.37727968236476817,0.4141347683622721,0.4515915377384786,0.80338730446853,0.39685781844876944,0.47632568270598286,0.47328825974793587,0.3765164730645011,0.4182086119900673,0.6955006317777973,0.2992950570749218,0.3285164639171923,0.3364362553854058,0.3408691884539329,0.5651210640040405,0.0,0.6506041951533118,0.5967673169760861,0.3126067928116322,0.4913636046702435,0.48835433667786593,0.5113202086689723,0.6630746323127386,0.47492290420790834,0.5892165912865378,0.3232381466639803,0.39199583158868523,0.3269825623181444,0.460929731069477,0.36901740071062905,0.43937666665077646,0.0,0.4770964833060036
0.3269173146052514,0.26433571698638225,0.2854557538645216,0.6319477929742807,0.31662593462863053,0.3978407110248984,0.40046986156788694,0.2122775921851028,0.2716888658877723,0.6879867595124722,0.0,0.5405209826875633,0.5134605879160304,0.6107116272512139,0.0,0.4938045935138487,0.524879722926981,0.5299749721681695,0.2406000499032961,0.5003369345442491,0.46358661533043033,0.38860299161977535,0.34463121131997715,0.5825328676431176,0.582485208971586,0.02321698030921976,0.32416883388298073,0.520099795117142,0.37439379113982396,0.511704769138285,0.4877910415042901,0.35056972601407826,0.5664115521872329,0.5729476104718122,0.5308604014678153,0.3684408866035277,0.7139852874792264,0.6034175663761213,0.6123541763954217,0.2545362812394031,0.5996694091486111,0.4700707794518615,0.6602360744674795,0.6016106265915712,0.20311441871844405,0.0,0.0,0.32512143638163604,0.475250345575163,0.600457279443301,0.6371843337282953,0.487400609693397,0.5305771841550684,0.7265810092312112,0.40692320881648386,0.4908783305262022,0.4073150922076463,0.42581260440441593,0.462849227940896,0.0,0.0,0.0,0.0,-0.061738873528191573,0.3303962775989301,0.0,0.5991393086647808,0.5769932487147993,0.0,0.0,0.990580823818192,0.6331365291516898,0.6952741492011971,0.3344378466023762,0.0,0.6089904456586579
0.4449495077058765,0.4207697318900318,0.5760722187092091,0.592093066809318,0.6621187969723085,0.651169008436672,0.5803737209784634,0.6771704980991373,0.4759581904633181,0.337080130768716,0.5405209826875633,0.0,0.6213462630724244,0.42394759413623956,0.8270013626643531,0.7268042181752341,0.5051496501222934,0.581114698984528,0.6230909074276665,0.7569098679463778,0.5119396448840972,0.1537898927452053,0.6523251301291281,0.37798634514791385,0.5638206003141861,0.36722800955882484,0.6690012130580449,0.7351530880917093,0.9763657695452539,0.2659825676310081,0.6021287917287821,0.2774720705166099,0.4597184514170356,0.525319926170408,0.5137918907806208,0.6033953233384002,0.7327444768966181,0.30085920912467756,0.9063597025537767,0.31370590716471847,0.38835102861957216,0.4142258138652559,0.3962378900879878,0.36748621955895233,0.43071566277721635,0.3199209901957758,0.4673354211792887,0.26997573676721986,0.39414906721309795,0.2615397748889394,0.33241307555889515,0.6315680226216502,0.3714300587026067,0.38561602227879965,0.2973842857264854,0.3708829677518957,0.43311056684927407,0.6009564199552583,0.5630116834780675,0.5699200848979242,0.11456292177033439,0.24492603798676216,0.46136169267724014,0.346663999681756,0.5582423971880772,0.6144912215487587,0.3600107987226052,0.33101076904117616,0.30572346666900097,0.3517850366101435,0.28277861337048926,0.22055440940962792,0.5951184144045459,0.43132909636098477,0.0,0.49907162434316
0.6727265943038792,0.4961053591074267,0.5517217340166867,0.5875380064020879,0.6555133686270396,0.5306024025137124,0.6321116211385454,0.5528881918224833,0.6285023992714516,0.701524189457388,0.5134605879160304,0.6213462630724244,0.0,0.46117932744244955,0.6908064107812062,0.5337869302305304,0.5225132977580572,0.6209786691546587,0.46745679807341567,0.5992255680381642,0.5702572312942562,0.4509653023115073,0.5663334746723104,0.4927108149568903,0.6376332799167848,0.6797256228882878,0.4779550359105826,0.6112187568409557,0.6489868400058704,0.6614960536420147,0.5742756525721735,0.6965648226199193,0.6696754353988756,0.49694400486552814,0.44911891990236963,0.6656463074324748,0.4509667824322996,0.7191209117251134,0.5431832845529397,0.4647704397256874,0.6017087123448174,0.5978106409360793,0.7060734362608505,0.522442122396066,0.4149121587977639,0.8213795491069864,0.7400952202677986,0.648764762672096,0.0,0.6919451854447956,0.7709538399367132,0.6843465220052052,0.6626861923212499,0.6654743838805524,0.40312299783985617,0.43810783905197603,0.30595565630902327,0.7007638783176163,0.4949709219123934,0.5388877519545641,0.6111709717899805,0.48639889627009325,0.5015724562875439,0.6291338100440176,0.5703719797027009,0.7276833661222104,0.6596187723011298,0.7343432755717516,0.488892579579417,0.622717063449683,0.5982209593444334,0.7530721228969988,0.7121741639572232,0.6409645896788964,0.511939716803202,0.6123743784001187
0.3596424548721496,0.3690256685279369,0.5346852856726031,0.640289793140467,0.44775831577886294,0.6305926346057396,0.5067493812033468,0.6900467623683044,0.5219142915089673,0.396116836122105,0.6107116272512139,0.42394759413623956,0.46117932744244955,0.0,0.028388750656692052,0.3993922316532643,0.49442434905241117,0.46126632785203747,0.46560572661365673,0.09395192253653273,0.4798233207431138,-0.09486993891590623,0.48551827956550053,0.6333013199485431,0.13635369770855466,0.30721865249520885,0.45816847601791155,0.662695317926868,0.4632751604011711,0.5669945272149974,0.7996735324739589,0.5619330997862244,0.8842274575771529,0.6527717085713665,0.3749783999318836,0.4274502206555063,0.4838033990808075,0.5372169142591067,0.5536664829474166,0.0,0.6398921316469139,0.6681294698787381,0.6310933930493022,0.5089391445752942,0.0,0.0,0.0,0.5977510427026285,0.0,0.5466276817651862,0.479250233688616,0.578538017619607,0.5894146251968382,0.4495751010862204,0.0,0.5867028616461891,0.3764252626000744,0.8688008112143693,0.3058837666245222,0.0,0.0,0.0,0.0,0.4279782690639644,0.0,0.0,0.0,0.7003890088365725,0.0,0.0,0.0,0.6441010786357769,1.1963194296685882,0.0,0.0,0.0
0.6197482663790914,0.4417481663541908,0.22304244765893533,0.5922529317818622,0.4019829113277179,0.4280901116222676,0.7008928613142933,0.3985291192312643,0.7544944429469012,0.5636822436898772,0.0,0.8270013626643531,0.6908064107812062,0.028388750656692052,0.0,0.4238080893635692,0.47006100988838,0.5332094873343786,0.0,0.543561997024806,0.4474771100548842,0.6481860538490054,0.5277553283455746,0.5988642866862415,0.492698653437211,0.5191949610634914,0.2932446850401216,0.5754889953002502,0.28901981157943196,0.2742979509640213,0.47780669005329773,0.17558973631742567,0.4164905729856181,0.3501872715690736,0.2154168123069774,0.4699245474879886,0.13496887465770493,0.36963858673698263,0.09009779881235508,0.12861240944558977,0.3020783758360459,0.1317325990967556,0.37766486220427486,0.5968623526978625,0.0,0.5688363522398789,0.6068723375018092,0.37163594769574415,0.0,0.0,0.6220420678954128,0.8242662941218135,0.5599660027564968,0.39234486936991936,0.0,0.0,0.6668375074079764,0.5506876309092544,0.4895322224093547,0.4557236078735737,0.5417443715851937,0.5896032328935066,0.34097814578670294,0.0,0.5801136826947253,0.4987626684758213,0.591407080522344,0.7561397227294502,0.5077264760792228,0.606834592505919,0.5288685134263573,0.5430412318070973,0.44354796420459025,0.34790818836524945,0.2935107057805145,0.2913693610940793
0.7383509594264721,0.35351181894015393,0.4195526627654188,0.23935123840816402,0.5216679872211267,0.3973048136798832,0.49275433670285046,0.6803034726300683,0.3317793242884447,0.39535353883840696,0.4938045935138487,0.7268042181752341,0.5337869302305304,0.3993922316532643,0.4238080893635692,0.0,0.5522359578991496,0.5823625754419344,0.4870362969411418,0.3518066740244309,0.39616832229665594,0.4494446988391981,0.5524202935242255,0.5010869497574593,0.6158136174124658,0.3861367698730799,0.44021069145798086,0.42851311280581833,0.42004668560693537,0.5382562012836228,0.3596633613722616,0.07161491905243444,0.30263364762535544,0.3299150077361289,0.3080767380527428,0.6819633002685029,0.4338881167013994,0.3904179837428768,0.5935326508851877,0.5917509192831705,0.6179169899414347,0.4419513684409869,0.5113313029763003,0.0,0.0,0.6101015851601005,0.7148763232188303,0.0,0.0,0.0,0.5257207862916624,0.6316472352382925,0.7447143135465442,0.0,0.7370024060140536,0.0,0.3071456863546784,0.5551276102702074,0.0,0.527662635893098,0.7213449258745351,0.5598572190123382,0.7786290198788421,0.0,0.4913731649161212,0.5699082927663467,0.5837654243354603,0.6548027011604998,0.35393473160568467,0.8320535641203585,0.6200537548061026,0.514963310811006,0.5178160052751899,0.6211549010549942,0.0,0.5469662888781668
0.5218311631798993,0.7210996221950353,0.6140552963398718,0.5134635662563825,0.48602134868156555,0.5366225236987331,0.5870153446482247,0.33709668179939695,0.5740624339715928,0.3935644570158293,0.524879722926981,0.5051496501222934,0.5225132977580572,0.49442434905241117,0.47006100988838,0.5522359578991496,0.0,0.5780330227166547,0.6659818360778715,0.19336144556197113,0.25076537863414883,0.5626045218624698,0.46532098939895405,0.44239808456264235,0.6303635733421911,0.4259969897468403,0.3769867413242002,0.6493833429553082,0.3573410739477595,0.5448820673295125,0.656589101703101,0.3939112524392152,0.476145679288713,0.38908213842785194,0.4054235786283851,0.7119936538714194,0.39269914635136205,0.2765135716785948,0.6715904031584463,0.48454989774612955,0.3780498416435381,0.5452987235569251,0.0,0.0,0.22782306997971769,0.6807718029301179,0.5600474966504677,0.0,0.0,0.0,0.0,0.0,0.0,0.0,0.38584315733124647,0.0,0.3534424192994214,0.40032192784074294,0.0,0.581502857227941,0.5345872263605512,0.3858340758625514,0.49841278947771395,0.0,0.0,0.0,0.6533138082637094,0.0,0.40186798100099586,0.5118696410972257,0.47020312730454417,0.0,0.3547995897882266,0.48386857155480395,0.0,0.5072520137183691
0.6903106414434961,0.5756227848903879,0.4506598771970844,0.5126502416310003,0.4290208353217543,0.42184323598523893,0.5431101335274048,0.8341923696990035,0.48511271189190186,0.42173526369214465,0.5299749721681695,0.581114698984528,0.6209786691546587,0.46126632785203747,0.5332094873343786,0.5823625754419344,0.5780330227166547,0.0,0.48656878506660955,0.40905444229010857,0.65201496542683,0.5269576424917647,0.6500353164313017,0.4334073582227907,0.6960798721265347,0.396838067628394,0.6190976823027994,0.4410982918560582,0.45660084480240337,0.38356254827911906,0.5735709836281981,0.19157275272692903,0.48368215584057733,0.4560229130190889,0.2459784870050524,0.5308829853678605,0.4249750203537036,0.2670940786662216,0.7086345315513058,0.5741418761657784,0.5513238720146183,0.4935999162011713,0.0,0.0,0.3230333551767105,0.681804330594765,0.8272115256098579,0.0,0.0,0.0,0.5800775136270532,0.5223967955068781,0.6167110732807471,0.0,0.5501110783376414,0.0,0.47979042332631433,0.45696196720596705,0.0,0.5525676303326569,0.7875293039181868,0.5292369218579814,0.6109662578006823,0.0,0.46342520145575217,0.6571997128783502,0.6439079216891156,0.9461074586269866,0.4696251764839691,0.672069231713021,0.6171376802817328,0.7394316376161879,0.6273213173379604,0.5662914595466668,0.0,0.661431271397005
0.0,0.4851444495964986,0.24846906317658812,0.5229956405912355,0.25565736576650167,0.5432851219382652,0.35779294182670796,0.23694170872656348,0.15283412696990137,0.5896923149080988,0.2406000499032961,0.6230909074276665,0.46745679807341567,0.46560572661365673,0.0,0.4870362969411418,0.6659818360778715,0.48656878506660955,0.0,0.47577824784020295,0.5624432509721826,0.46658661716763583,0.2763623933288121,0.5461352654763669,0.4663139483698957,0.5647023227186195,0.3263001295547592,0.5004399062880622,0.5170595797368474,0.6344284668480462,0.5135978084887106,0.3660439084876271,0.5069583317218074,0.4629252504106189,0.46332631879065755,0.34501606858669365,0.5152236019574143,0.4995420915630183,0.6972611824363202,0.4483799802551858,0.19547213220085988,0.371702637007657,0.6262000138903823,0.4047059028589043,0.05280422563128883,0.0,0.0,0.04331537247650297,0.0,0.4519055398745353,0.5258768237683011,0.5743402713581932,0.5993654071881498,0.4883373945691102,0.6429810856989753,0.1811180715391987,0.40887179870394474,0.543708839504346,0.39504695166444614,0.0,0.0,0.0,0.0,0.7189360892731456,0.4755283793191454,0.0,0.46310276050383775,0.6327986232693856,0.0,0.0,0.0,0.59514033428519,0.7292540932025604,0.40922533565764396,0.48896927747460184,0.5054301836195229
0.6446044318823105,0.40323975826417147,0.32943979985911775,0.296088537335103,0.5233164451282696,0.34569299487710947,0.5144112624557455,0.39660985031419094,0.4148630490619239,0.32807362947215657,0.5003369345442491,0.7569098679463778,0.5992255680381642,0.09395192253653273,0.543561997024806,0.3518066740244309,0.19336144556197113,0.40905444229010857,0.47577824784020295,0.0,0.315630379270596,0.3987604947245358,0.5162745384030879,0.5864730503729505,0.6047950206765924,0.3206664532630327,0.4288075213632785,0.5652210315087998,0.48928691054007367,0.39115227835365807,0.44856822933844903,0.08114315028045688,0.05751140211811398,0.27686717241250003,0.14041081546872225,0.44168768214481086,0.31294718200588545,0.7171624486750823,0.32256013131641764,0.4412150862836248,0.37064865883146136,0.08832185075545951,0.19399333097213162,0.4369445063884515,0.35183999865403603,0.7569728324618006,0.4198321889715336,0.538481094636101,0.0,0.0,0.5022194378403484,0.6261944119793251,0.5592376812168564,0.5824539771817632,0.8430012372997036,0.0,0.4904906576656993,0.44185010648058465,0.0,0.44290678443261966,0.37226614106304684,0.5120263208549053,0.688915806511984,0.0,0.3424126647866964,0.309200985616499,0.40543843805052104,0.475806976027516,0.0,0.6626925993144087,0.4207787526985594,0.3734172076134696,0.41305203087134107,0.3615250051035397,0.31151468910897645,0.3529920978732769
0.3798973283351974,0.44300066108457203,0.371382082466148,0.4808975224713022,0.7244083321438539,0.5484618014102477,0.5489941680536771,0.5091467086658802,0.3587742375304095,0.7533753311303879,0.46358661533043033,0.5119396448840972,0.5702572312942562,0.4798233207431138,0.4474771100548842,0.39616832229665594,0.25076537863414883,0.65201496542683,0.5624432509721826,0.315630379270596,0.0,0.5586992627762466,0.5467383258938362,0.43754545262682676,0.5226230641774016,0.5367848994091848,0.40034235165950227,0.5322594657567935,0.35626461451201163,0.4737162801993464,0.6091881399440906,0.23534991329215052,0.5111607228410823,0.4823233184657228,0.3771647060292506,0.514545369355592,0.29253608451347246,0.628201912145887,0.4821262349481993,0.5446183780692442,0.4809173643743664,0.18976978326260385,0.5495516590987661,0.0,0.0,0.7245782571842496,0.5773552533691979,0.5495587421372206,0.0,0.0,0.8201623266150558,0.44214323420786505,0.9174294399380295,0.412073302892593,0.6810915420427952,0.0,0.8498109981673915,0.6369986352553474,0.0,0.619434324456845,0.5846133791964393,0.0,0.31098913648748405,0.0,0.5206542204135538,0.8133236772217298,0.5890532482388957,0.73966982734174,0.549655273060782,0.4560265665740699,0.6732135382110969,0.6484216711026821,0.7022679428283651,0.7274794061275096,0.5199752883654859,0.4393282555723167
0.5899700103857919,0.5462541338744558,0.4403616752949063,0.23251113946344154,0.43186753741489703,0.3320398366884115,0.419354659034519,0.4582894569030147,0.40437606351317823,0.5623978105039054,0.38860299161977535,0.1537898927452053,0.4509653023115073,-0.09486993891590623,0.6481860538490054,0.4494446988391981,0.5626045218624698,0.5269576424917647,0.46658661716763583,0.3987604947245358,0.5586992627762466,0.0,0.6272201656543019,0.44213506819180703,0.7254521337608758,0.5113703800110901,0.3371902225249282,0.47079638928545264,0.36203289728816535,0.4992926494365376,0.47529897686095995,0.2130084756995574,0.2816346181491468,0.37361663259043065,0.2588299224368329,0.3281592969689706,0.568532047891779,0.49516425576110545,0.4657212167451979,0.4432577848206101,0.47910689847464527,0.3398664206875821,0.43868296310742017,0.18874728805369426,0.3935966696047192,0.6379951809909735,0.6093556021790998,0.6160174423864424,0.49267669034698475,0.40189004454768973,0.6961661978175213,0.7917785518847771,0.380791613208337,0.5805070264022404,0.3445296336398144,0.0,0.47176541554071444,0.6413732544552451,0.0,0.5940455963870183,0.5654269735353246,0.45159128380196,0.5774342798025088,0.0,0.4291449380187495,0.5426528394062939,0.5992391245169504,0.5094139908027596,0.6134335975378729,0.6190382079865738,0.5271740199110448,0.48016891226382574,0.5230722885938239,0.4832265572781501,0.40840419054612126,0.5544532545715172
0.4362002809885348,0.5288379681410511,0.2387768350340729,0.5738970687204308,0.348660596822717,0.44268987285080064,0.5054574171950857,0.5115437557787117,0.35257415675841586,0.7432956225408704,0.34463121131997715,0.6523251301291281,0.5663334746723104,0.48551827956550053,0.5277553283455746,0.5524202935242255,0.46532098939895405,0.6500353164313017,0.2763623933288121,0.5162745384030879,0.5467383258938362,0.6272201656543019,0.0,0.4745138672161495,0.6010538369046383,0.3843272131696334,0.4193557848132747,0.4902125434165015,0.47099098035826736,0.4444326646066638,0.6155318438093155,0.38010803885696565,0.23721260977013248,0.4980217622309525,0.43105336037626624,0.45086268758015935,0.59417957600568,0.5576705927171153,0.6212863004739414,0.6078508797333785,0.42556971016700273,0.2367197832954832,0.7271924619179077,0.6745750054225466,0.47674407273045005,0.4926300397513329,0.6476622396778869,0.020084650842078167,0.34546241409641165,0.6408369846278887,0.7841683627144456,0.7059332387459755,0.803962414708308,0.6335567450196795,0.5443685645732197,0.19777629411770678,0.276342675835874,0.6244338887971139,0.6938761139612633,0.6003064677175531,0.6884805887128407,0.5113202086689723,0.48585438018386284,0.4553640609892247,0.5175378844611165,0.6503104608457916,0.49686511147302787,0.749897656299494,0.3482087897022671,0.6627894206377146,0.44735529556187137,0.6569710284886352,0.6050684323034177,0.5859210333694906,0.5441596338332797,0.5537000447182319
0.5642175933988871,0.4381436874751262,0.43977134504515153,0.2687951722897711,0.49443231270818644,0.5528873558856822,0.5547327027793939,0.4586393910785943,0.4521159348740578,0.3923988970299892,0.5825328676431176,0.37798634514791385,0.4927108149568903,0.6333013199485431,0.5988642866862415,0.5010869497574593,0.44239808456264235,0.4334073582227907,0.5461352654763669,0.5864730503729505,0.43754545262682676,0.44213506819180703,0.4745138672161495,0.0,0.48316507072544845,0.30995184198588716,0.521752847632593,0.5869718953237152,0.472757542253587,0.7661253176196624,0.6695181212688388,0.46850052992890906,0.4883534341966979,0.34636334379559575,0.4366837652098401,0.4095799437543921,0.29048803440196597,0.3206921711290082,0.7762518346308186,0.6178652822637353,0.5354993601111673,0.7504133398006566,0.6699767633846467,0.40552857225738903,0.49535517732787593,0.5194535592085169,0.50732597590265,0.0,0.0,0.516609280624341,0.5205588503757246,0.4275213028344111,0.0,0.33613884392367793,0.37915667729483915,0.5362800964337437,0.39967086296027005,0.41055875134091674,0.0,0.36199467361562676,0.4401133406190649,0.2935276530881001,0.5110942932993469,0.5105592838562671,0.4425665052226449,0.6395335065082483,0.40411543323884147,0.6879389268806286,0.3737890333269921,0.513328129974075,0.42818086472719763,0.4046233306583523,0.7832755774026046,0.5813151160824843,0.0,0.5192468464856588
0.5542338651479537,0.3853841130842915,0.4340806576038501,0.8517938543109888,0.49063373846869135,0.4298134122896598,0.5161765554932223,0.7742286837634571,0.3819398219340412,0.6938058071731067,0.582485208971586,0.5638206003141861,0.6376332799167848,0.13635369770855466,0.492698653437211,0.6158136174124658,0.6303635733421911,0.6960798721265347,0.4663139483698957,0.6047950206765924,0.5226230641774016,0.7254521337608758,0.6010538369046383,0.48316507072544845,0.0,0.24980637302137743,0.4817776416304381,0.5395304108217707,0.5245229212847942,0.24015218260458707,0.5348760395039406,0.1725446385089498,0.4426190913624738,0.37140070504711087,0.18928088209790556,0.40352055241400075,0.4601979344257709,0.3911613676883444,0.6538484266968494,0.6461327776220009,0.6409620333747279,0.5481934964787557,0.27084389990495916,0.0,0.3870709376927702,0.7054194979804982,0.8525226832933754,0.0,0.0,0.0,0.6849713828648695,0.4628963307486226,0.46571037634901313,0.45045277510406434,0.4597714968623057,0.5178823629543667,0.47734588094365216,0.4438652528572659,0.0,0.6499148491198581,0.7832706136577814,0.481807969278893,0.6550428538033892,0.0,0.6597450458280318,0.5076944728391062,0.7430777328410412,0.543387147252576,0.49832019052766174,0.6905440198154746,0.575591345734743,0.567668537757734,0.6573273743335013,0.5464624040071597,0.0,0.6696242330935216
0.5095841852755552,0.33638328260374456,0.42433905653909293,0.5196045255880419,0.4175496300606767,0.46200047764340935,0.6685410116409055,0.5823404401891283,0.5963958899434567,0.46395492083805673,0.02321698030921976,0.36722800955882484,0.6797256228882878,0.30721865249520885,0.5191949610634914,0.3861367698730799,0.4259969897468403,0.396838067628394,0.5647023227186195,0.3206664532630327,0.5367848994091848,0.5113703800110901,0.3843272131696334,0.30995184198588716,0.24980637302137743,0.0,0.40619184448366097,0.5251199941268362,0.556114270819545,0.5227896844346469,0.32290711655552046,0.14241097776042735,0.23219366702114524,0.28096011442025237,0.22272416932685113,0.5106571048723796,0.3342989360441546,0.25622781826762164,0.46308872682385027,0.45794751156689056,0.5788929667204494,0.32221624987491937,0.11770901145718299,0.5233545189198947,0.41874780734942946,0.4417641771162074,0.6774405557355634,0.6987177252056166,0.0,0.02839901012598727,0.6327347580487543,0.511999043381449,0.4971125401383235,0.4562931914543657,0.3570863418292184,0.0,0.4007540740119544,0.640772736558234,0.0,0.5340175049534595,0.6101236809734546,0.3666882271938101,0.4748700898401622,0.0,0.4431331548745457,0.6520375253563198,0.6819905747806692,0.4667697245280122,0.4024795934815748,0.5173694064175243,0.4490782774984874,0.48516457801095214,0.5631499847845943,0.6436954582889949,0.5162516996621759,0.46902118731757564
0.44068353254803555,0.2895518719604083,0.26144033261626,0.45393562265820475,0.4240028821911525,0.39805585187042464,0.3894118800121174,0.4497249211319017,0.4705795130335908,0.5381176857347885,0.32416883388298073,0.6690012130580449,0.4779550359105826,0.45816847601791155,0.2932446850401216,0.44021069145798086,0.3769867413242002,0.6190976823027994,0.3263001295547592,0.4288075213632785,0.40034235165950227,0.3371902225249282,0.4193557848132747,0.521752847632593,0.4817776416304381,0.40619184448366097,0.0,0.44940336294345246,0.4078422770849837,0.2341881539170474,0.4716036802698146,0.2116936628150382,0.1723303677500685,0.31625540032554156,0.22736575947560636,0.2912214504764437,0.4915202110913318,0.6372138176615204,0.5616217725211594,0.45727982591331584,0.40012764463441164,0.22734300157455462,0.675409822935882,0.7629861514397012,0.36287653520700863,0.4564192873600797,0.4835212862601452,0.6214773675148217,0.170426952558265,0.5272157937580275,0.7529162675346788,0.6492412823631821,0.6561555138246999,0.5798160791571347,0.6413339011947936,0.5752317497359152,0.22532181002928353,0.6087036521391241,0.6418768861251062,0.45130921933249585,0.5637639306146094,0.0,0.5241980695145254,0.6246150732729929,0.45269995970973914,0.5546733560176506,0.4015660449167957,0.6487719897695876,0.0,0.5936822133379296,0.3967590930066611,0.651185902543715,0.5713629794541064,0.5137567673563134,0.37108491669981025,0.4906429324919901
0.5203022965323183,0.4520534427508928,0.6170576919319817,0.5441725716463088,0.7780060000958808,0.6149051245430982,0.571229800364366,0.5665045319648097,0.5580358821806304,0.8291557777790344,0.520099795117142,0.7351530880917093,0.6112187568409557,0.662695317926868,0.5754889953002502,0.42851311280581833,0.6493833429553082,0.4410982918560582,0.5004399062880622,0.5652210315087998,0.5322594657567935,0.47079638928545264,0.4902125434165015,0.5869718953237152,0.5395304108217707,0.5251199941268362,0.44940336294345246,0.0,0.6841859832524786,0.5018554311309731,0.6556489565019499,0.5695232549633407,0.7557491665785766,0.40604992735384554,0.49474117240969284,0.7802300889148728,0.5069218278646014,0.8805730223227044,0.7036939468653798,0.3506315184384684,0.6971308805233207,0.24380931831909297,0.6736274724800801,0.7475688815772408,0.5382142119478617,0.5364404569976701,0.6044096807944673,0.6506819629070013,0.0,0.7013551511694821,0.8253054976070988,0.6977435976825743,0.688257970961885,0.6206419982953127,0.450846436899956,0.5102178958943702,0.3193955663040369,0.7201181241708213,0.4656836676350526,0.5337117699618638,0.3979449788639401,0.34216455416920355,0.5056964451447084,0.6524466877245567,0.5533474293692064,0.7007373007818825,0.5212424115928443,0.7341235224692388,0.47908488056946597,0.5552947386909318,0.38643552235863077,0.689781736338685,0.7183116752126211,0.6287419060743336,0.5550490721256636,0.6237299614733456
0.6416766877993556,0.37480489134075795,0.5323784459779977,0.40588090907788665,0.519625368985901,0.4036110401144808,0.5687720602810498,0.5473441328342552,0.5890815745609337,0.49024155338804976,0.37439379113982396,0.9763657695452539,0.6489868400058704,0.4632751604011711,0.28901981157943196,0.42004668560693537,0.3573410739477595,0.45660084480240337,0.5170595797368474,0.48928691054007367,0.35626461451201163,0.36203289728816535,0.47099098035826736,0.472757542253587,0.5245229212847942,0.556114270819545,0.4078422770849837,0.6841859832524786,0.0,0.23741913134937737,0.7057785845771971,0.17679744972447317,0.3034904826691514,0.43429106708177617,0.2167497948962224,0.39558555203835183,0.47263344913548405,0.7408091798926006,0.493612683462229,0.4535772953324918,0.4095496978299825,0.34391362042608353,0.43117612595125987,0.5691676169762258,0.47702490338075,0.5064544219025378,0.5479802142350298,0.6699278244389728,0.48908600686081366,0.4230680082532543,0.746172779986706,0.6874408904116408,0.8184529930001778,0.5996208704082835,0.7190068193270862,0.28031688754732886,0.4080920886902254,0.540551388723232,0.5731305536420833,0.4459103901439414,0.5551734315593804,0.488032943926218,0.4844323085862841,0.707718599083953,0.4592500309955636,0.5058652028329242,0.4133747241963153,0.6906417525913385,0.4751158084885513,0.6659173956720177,0.49938830340808843,0.5644382619362579,0.6012504142125463,0.482357139797262,0.43428251623472724,0.4704706588574808
