0.0,0.8459228130189493,0.4716854682525967,0.0,0.6377842270540748,0.3127766550159631,0.5587578528444141,0.5077833563937503,0.4354354310497546,0.5243286229887982,0.5625240273482005,0.5064706569007351,0.8165572366118784,0.6644994737807741,0.602916611179474,0.9210802071269031,0.6137729274760473,0.7935668972496458,0.0,0.7067379721744235,0.4228464750865511,0.7857006078189017,0.41653037507116086,0.36512623075072215,0.5788977746063042,0.6681326233774616,0.537593257153737,0.8409756372522351,0.7660190415448238,0.7827136686646023,0.7710504019160012,0.670074025259602,0.7865352228582339,0.5540792208433969,0.2128045125038649,0.7718379260437459,0.5030023277901942,0.25466803844709884,0.6795220678737458,0.9864354810031173,0.7419186588043268,0.4019744566798925,0.5129648920231435,0.0,0.7351334640255539,0.6009430000553624,0.8691666810799785,0.0,0.0,0.0,0.49808569978295764,0.0,0.8026092217939764,0.0,0.7834532116876808,0.0,0.7289009309459052,0.6906424631985133,0.0,0.6812045184090546,0.899208703278938,0.4709243683525971,0.8356054163712232,0.0,0.7173844370761475,0.4189578779880173,0.851441595927013,0.7020530102789542,0.5989080487467102,0.8112208785985578,0.7637134496403187,0.6995642520658969,0.44943891219144055,0.7822638472320307,0.0,0.7081569679462634
0.8459228130189493,0.0,0.5848337866273045,0.3992517246913987,0.4989238632463944,0.4759783671760899,0.5295428475185762,0.7925369701337922,0.42460109759970593,0.4012622569722605,0.4744930856320142,0.5194358065121455,0.5093976242663995,0.6352730989657847,0.6589708192294697,0.6736835319444126,0.5550127725813012,0.7717012096953049,0.7161698460816004,0.6437543841903671,0.8570203754337047,0.6352708909079603,0.7133533147782251,0.5102282489003782,0.4477189760588978,0.3956641403079605,0.6465394511731515,0.5059528456417086,0.46354853803801965,0.6687421981602215,0.5279825556604256,0.4805563297245006,0.5284962063565659,0.4380831650187507,0.5391177115389562,0.41877082169993646,0.055909587729355906,0.0,0.6692950733170587,0.7389635339696098,0.6105441113199261,0.6156482200443594,0.6084006661740635,0.0,0.0,0.8603619479554248,0.8053521364537601,0.03704681014498863,0.0,0.0,0.7182128391756957,0.7916288265106415,0.5493519130859152,0.8880577987126563,0.8344457670622459,0.0,0.7924991442348892,0.724364202938149,0.0,0.7094972521851848,0.7631482179436255,0.7251701419832807,0.8393006762978664,0.0,0.7814360772318916,0.7823441701265965,0.780307328371594,0.839604425606042,0.4662183874251517,0.8373833515901479,0.7862829815842952,0.7098742234628481,0.8598439174339967,0.8111537430567222,0.0,0.767732903313552
0.4716854682525967,0.5848337866273045,0.0,0.6206009651505286,0.5805720387696562,0.6242757488947062,0.7115206020360522,0.7976314762579677,0.48780701343968347,0.6374515719787592,0.6258466101021944,0.7091309760306558,0.7280165527496795,0.7056418595431342,0.7249926645231188,0.46240673202417476,0.8108174533117363,0.7001985529180965,0.48010896701398015,0.42964093302186884,0.49975310374947146,0.7179661721962329,0.5005674830121914,0.5580186020859238,0.47909660765892914,0.6000982721495893,0.4012375441697566,0.7700923646884275,0.7346414870296278,0.7035875619547047,0.7113767090054686,0.5865327181057676,0.39949067852321163,0.7428611366732887,0.7261219616701143,0.7142312740216423,0.5186279487943082,0.6295652236488964,0.882550499474366,0.4736895960206279,0.8584147056814341,0.9623022566887187,0.9354578864844165,1.0662757018903788,0.0,0.0,0.42993170751291054,0.43690483408042413,0.5100850919776712,0.7381862844119456,0.8296852500327537,0.8409865285927983,0.8316260294764362,0.4825311357633181,0.4605575588151925,0.80888965526124,0.9744920298734816,0.8561897977603002,0.6611886033347962,0.399797822449465,0.0,0.0,0.0,0.2512889372670247,0.9410733379913739,0.42541031775155,0.2879622390518112,0.9121080783435344,0.0,0.5868038217590709,0.6600647768587988,0.9272954003603128,0.6590422824718539,0.8326305508174143,0.6795014259322214,0.6962166191584782
0.0,0.3992517246913987,0.6206009651505286,0.0,0.6679875892125086,0.7315386146517885,0.7045615927159332,0.6128040026486615,0.7217119870996733,0.2972386945842861,0.6112659178175882,0.3638277980707014,0.606467633444796,0.6659838493494332,0.6213796235059992,0.29254823876892444,0.595205356760141,0.5122103726911802,0.5927373275172504,0.4497059126258585,0.5009014721789582,0.730784806142833,0.6233105025691604,0.4524204247455763,0.860556731198808,0.6377766481650005,0.6576991251621314,0.5987632450177893,0.5315462703060847,0.46794504540005816,0.6285801526569692,0.4246700646746129,0.3767605781916778,0.39133508040784826,0.5480333214672193,0.4870878203367964,0.407313318397284,0.3112292645091415,0.1367359218998279,0.3950767394946335,0.7412655535114154,0.5833110662777475,0.5729608175333204,-0.013628074569758786,0.0,0.0,0.0,0.4623390035463907,0.0,0.0,0.8215115884779081,0.0,0.4894095863998388,0.3280855472441756,0.0,0.44249324276886537,0.5070126352830204,0.5013522506135601,0.0,0.0,0.0,0.0,0.0,0.0,0.0,0.0,0.5108929738837392,0.7953315471931186,0.0,0.0,0.0,0.7910543295138566,0.4332567435770987,0.6663473155058044,0.0,0.0
0.6377842270540748,0.4989238632463944,0.5805720387696562,0.6679875892125086,0.0,0.6225901136791925,0.5529299132345197,0.9667188438505904,0.4444038014178574,0.8014333162403606,0.5546694260623669,0.6904454927982916,0.5747269283896164,0.6014091991443247,0.7826605922012027,0.685035080896785,0.6463107769287175,0.5547041970043142,0.5342694027054844,0.6728452075164189,0.8440111859319401,0.5839391865354511,0.633935815512916,0.7355983923609182,0.5649733332300847,0.5448539487703794,0.6744455834787219,0.9175934927806604,0.800687008709867,0.6630729120059076,0.7791713002156159,0.519117264853589,0.36736008222626837,0.7600757241849371,0.7396039560542387,0.5594331549697098,0.6311847507173077,0.5995555779820666,0.7195737646984997,0.468597459959257,1.1621953094661077,0.5304933700466727,0.8397212850716491,0.36314259374861146,0.3740336282373745,0.0,0.5227493507809077,0.8461390610735514,0.0,0.7794997473315824,0.963634173255004,1.0452115437525853,0.8271250316473433,0.8947080967110934,0.0,0.5221686725121469,0.4498048396979417,1.0415712175861096,0.700716529903864,0.40524218035630544,0.484387234781597,0.0,0.0,0.7362468414774755,0.7290984694797442,0.5001470632483807,0.7746462916749014,0.9560491538128966,0.0,0.47386749404068473,0.9823500030303862,0.8880529589928301,0.9053303060235287,0.83459499577157,0.0,0.8903374795345069
0.3127766550159631,0.4759783671760899,0.6242757488947062,0.7315386146517885,0.6225901136791925,0.0,0.657601085143068,0.7543472267972093,0.40613194056776414,0.49710719916480395,0.7497835466569831,0.8859496506789786,0.6183941128881614,0.683204303644864,0.5792680733671607,0.7067278232491374,0.5280078658478707,0.6103989733957702,0.6930291828283435,0.5707950094138644,0.7337749104502176,0.45851557220208927,0.5706169044141087,0.569377537852727,0.5023261184276548,0.6443452302890501,0.5287318095516889,0.678366289713636,0.5430039346041577,0.8699916120152578,0.7190125913931165,0.46614623304405506,0.6074899406039806,0.6791306884755,0.6551208463673893,0.8394414012755582,0.701014121414883,0.567020454100224,0.9184125870306141,0.15297091508193347,0.8645913817588615,0.9090708430086155,0.9195685727770126,0.8933459668106162,0.4345616129547746,1.0090750686136383,0.6584306473622328,0.8665978836410952,0.7610892211714317,0.670578294526611,0.8728483596904844,0.9372514244206449,0.8336565484003378,0.8906231717690701,0.8986285568974477,0.7056998466258978,0.4237049084317046,0.8753648594491275,0.750637250322354,0.7270902927279305,0.5608796226202422,0.0,0.7634410966769449,0.7642622179261538,0.8228009140257113,0.525024762455835,0.7060940053621845,0.8738458646121932,0.5490074438674438,0.48563411799601497,0.6531175408731998,0.8881726716424487,0.8095202053832224,0.9669434546350772,0.7431224179635276,0.8079863383200009
0.5587578528444141,0.5295428475185762,0.7115206020360522,0.7045615927159332,0.5529299132345197,0.657601085143068,0.0,0.9522395477975449,0.7074189656297247,0.688299413914724,0.7577394605747247,0.7077606278029532,0.7597077307111151,0.49259539933564656,0.6455450257463312,0.6659165488176371,0.6483692179980395,0.5880322856184912,0.6856329954211677,0.6901433519793686,0.6762523583494784,0.6173539621632196,0.797305953835104,0.7065055072164801,0.6543754326651607,0.7690853259672032,0.6821902325366409,1.058215837417198,0.8541329903449703,0.7586486531601491,0.7759234158055939,0.7125045260643292,0.7260370752567797,0.5271304877993299,0.4272296080636952,0.6466467804925177,0.49952331403628236,0.6334906272565266,1.002821392835058,0.5995734657117133,0.8648505379391103,0.9983457488541588,0.907234199562338,0.9570224307972773,0.4732238481188234,0.0,0.7449195299994855,0.713333517924782,0.0,0.9376960782377153,0.905692732054306,0.9861866871596776,0.889114821851288,0.9844056182915228,0.7148397232369692,0.7950494812912341,0.547979268562347,0.8591186161125929,1.0551219872353041,0.5636982204812943,0.7168740019015695,0.0,0.5085213919481333,0.9820995539285837,0.8712355907903365,0.6875909168057083,0.7863327423322113,0.9376452773605678,0.508758397167419,0.8128061107841966,0.8099610905267812,0.9056856072432441,0.8952226488767809,0.8446201098565127,0.9455771647076117,0.8333092325835819
0.5077833563937503,0.7925369701337922,0.7976314762579677,0.6128040026486615,0.9667188438505904,0.7543472267972093,0.9522395477975449,0.0,0.7175966024639306,0.6843720354748002,0.5292760898686116,0.6594562554515327,0.8817872431589527,0.6307555439299135,0.6488290945335016,0.6778957420804872,0.6278099146629884,0.6824551015426279,0.5761322966960192,0.6844738931851249,0.534038524886711,0.548271399425821,0.730861359389338,0.3663915733491115,0.7237564360078809,0.6510052848728412,0.6770821655180341,0.7512305499821992,0.7029288698982594,0.7180574767528412,0.7420116945374731,0.6673653431571441,0.3745531382410239,0.7430975564656811,0.6707726234659187,0.6919365757708646,0.46922013832125886,0.7032159761757014,0.870972849250421,0.7640261045266736,0.586574162644842,0.6436362778306957,0.9230991000172367,0.6001678240382686,0.0,0.7498745035984469,0.612108571121348,0.8775095290755571,0.0,0.8813731136174137,0.914306574102332,0.9720733583410016,0.9248082026578512,0.7954675561517635,0.70104787345374,0.6130306165723298,0.9700572717986283,0.9044744955835633,0.6292783658077491,0.8970775476853188,0.729223916999397,0.0,0.6015310852523477,0.738563374868612,0.9652306212270103,0.9012546922379796,0.7118019815736725,1.0033649197664354,0.0,0.773216932267168,0.5834255324836011,0.9759450946595721,0.7966448938246617,1.017687989363239,0.8162705457402712,0.6723689568823106
0.4354354310497546,0.42460109759970593,0.48780701343968347,0.7217119870996733,0.4444038014178574,0.40613194056776414,0.7074189656297247,0.7175966024639306,0.0,0.6797673698571229,0.3519310146503302,0.6941671168561069,0.7557425880710675,0.584521944716221,0.9760659183242896,0.5950813219675916,0.665970765236685,0.49323170416054357,0.2308379317077388,0.6049881763990073,0.4827920121974887,0.508814264003101,0.5869423429404792,0.6863831953940938,0.4022481357826305,0.6190379978362032,0.612729668374586,0.72880777157985,0.5112538525944337,0.7076978895773711,0.7571187469529752,0.6825750124748426,0.5337699136261751,0.7609194330373388,0.7676733394446327,0.7511453114898967,0.6937588377324975,0.6628071915158522,0.8017368343518891,0.43013594373144765,0.8178336920776402,0.9548333355767928,0.7519957434409862,0.8835253650160959,0.477461927685318,0.0,0.6771842592457628,0.7972306648904679,0.4903421908254786,0.9499369190961253,0.8666132236094365,0.9410236439770792,0.7401070505762339,0.7324732944998844,0.5583295659414493,0.7314137280107612,0.6064128965148939,0.8113591117100958,0.9117989699820273,0.7449430842420796,0.7800493899104178,0.0,0.0,0.7141781147990737,0.8028320367138528,0.7128207742207221,0.9125754432498396,0.8596352276432104,0.4519453911770397,0.7208068153841678,0.4557828042528288,0.7951047389830677,0.7207935882820024,0.8417187488610625,0.7932687710987223,0.8402382314926136
0.5243286229887982,0.4012622569722605,0.6374515719787592,0.2972386945842861,0.8014333162403606,0.49710719916480395,0.688299413914724,0.6843720354748002,0.6797673698571229,0.0,0.7353350894690863,0.5115842213368553,0.6120888575269103,0.9302230810137091,0.9247512783948972,0.5050941837595964,0.7489750660111929,0.5691319978832037,0.6042957273544034,0.6741060474147735,0.6921129582061094,0.631841302430193,0.49776339063050934,0.48830473756575987,0.6554336788618971,0.6544227585611437,0.4266644106326194,0.7129485959078212,0.6446646709492374,0.5584691860204039,0.7389462202147241,0.5552754284807215,0.707368363090167,0.5649563879259404,0.3568626037265322,0.5340202222738197,0.4179818409821776,0.5643417201432946,0.29239459150590585,0.7520440109751152,0.9310270527195443,0.7027168799796005,0.49645819386594164,0.3654030944997543,1.0958312316863905,0.6089616925723271,0.6506748263244503,0.39329218708632496,0.4876029766355652,0.4983719383881604,0.708123680966418,0.5900595578951341,0.7413389276024474,0.3935937089842939,0.7266461869831051,0.6087365616642457,0.7744832761468549,0.6942164498898649,0.0,0.6662137401939993,0.7708922161869356,0.8282468847828678,0.7691511405778073,0.48763085113442906,0.5095505722318111,0.7658598994923234,0.7322094245084975,0.7888282103794804,0.6441098840389949,0.7799887382344302,0.7198219754402808,0.8392939082997712,0.6674973154287418,0.7840344284248186,0.0,0.8381702686342243
0.5625240273482005,0.4744930856320142,0.6258466101021944,0.6112659178175882,0.5546694260623669,0.7497835466569831,0.7577394605747247,0.5292760898686116,0.3519310146503302,0.7353350894690863,0.0,0.7209093464335198,0.7235499779879409,0.6024639786026076,0.0,0.5079986982292488,0.5988251555865136,0.6071805223929412,0.29779921036253554,0.4841713689483854,0.44409831840836567,0.46645195476498386,0.36930981782486433,0.7596306809364444,0.6944934081643978,0.6459139673710981,0.45635877037723716,0.7162528960426671,0.6016132412583153,0.4823804652425815,0.687399188407238,0.6395834800804816,0.39564160013511723,0.7521162669388627,0.6998435370111977,0.8264416000967716,0.7517371933519148,0.665566714626561,0.7302318298507584,0.585444118772205,0.7720800043985103,0.5737841847230275,0.7819982570791493,0.9132913039174342,0.37690459721036407,0.0,0.0,0.9375593000953477,0.4745032332427922,0.6827808014550221,0.8197733399880842,0.7162149479444562,0.6663669210981633,0.8371943912094694,0.7399976407399047,0.5486555631306624,0.523787078544758,0.7506381177321608,0.6164228676552225,0.0,0.0,0.0,0.0,0.46527263627484555,0.5039109447416128,0.0,0.581718116273886,0.7794577026615916,0.0,0.0,0.9476823255656582,0.852205696214549,0.6104046321278964,0.41812959799264804,0.0,0.8230406533495431
0.5064706569007351,0.5194358065121455,0.7091309760306558,0.3638277980707014,0.6904454927982916,0.8859496506789786,0.7077606278029532,0.6594562554515327,0.6941671168561069,0.5115842213368553,0.7209093464335198,0.0,0.6493342816843729,0.8371885659882632,0.2670684074286627,0.8188243154374641,0.9097391501316396,0.90577701241051,0.7954569698023619,0.36852703329294145,0.673114726247392,0.6690211216725569,0.6023595319419662,0.4205293972771318,0.70436370359174,0.5420483452737412,0.5932269225413194,0.7767230806107835,0.8038384841147258,0.5669745366647929,0.6712402601429566,0.46525333045457373,0.847304381382262,0.561258944454105,0.33685736403269595,0.7696823285195126,0.495663008938342,0.32225528502401957,0.4385269618996729,0.7619584881781567,0.23649821051255845,-0.04387050513351476,0.48855670723250627,0.44813598303150126,0.18223582109089836,0.4601912828838668,0.6860916465869678,0.5764049104229265,0.43442723725221555,0.42195537723317644,0.3520238660839948,0.6030589590389652,0.37024131813677674,0.4175165116857418,0.7457585248706795,0.3540964224849359,0.8624776243831138,0.8574408426500864,0.5633514431291169,0.5690984961342366,0.5204347177464628,0.7606070903086051,0.8106576416003338,0.48561574380498485,0.923163659321054,0.8803298551251216,0.5459721176995609,0.5830748713390941,0.5901618155413881,0.7754894882413356,0.6796452929529552,0.7340906739777774,0.8712973281694716,0.5450185798771223,0.0,0.821030621739181
0.8165572366118784,0.5093976242663995,0.7280165527496795,0.606467633444796,0.5747269283896164,0.6183941128881614,0.7597077307111151,0.8817872431589527,0.7557425880710675,0.6120888575269103,0.7235499779879409,0.6493342816843729,0.0,0.6687619603056375,0.7454972483752904,0.6020593496990945,0.5346477596104784,0.5956488773702868,0.655374857055637,0.7101915794296524,0.7790070935459315,0.5689045115802052,0.7825802362841868,0.4617935024939538,0.689909969714376,0.6817856253542478,0.720718072862393,0.7300565650178166,0.7763495259570785,0.9172612172586562,0.5569329795514673,0.6841853092068537,0.6202881867950065,0.4334821464226522,0.3003300413909934,0.6712231870720371,0.5687004749607759,0.545054060970311,0.637491363863103,0.7808617645924052,0.8788845825844853,1.0278110523749666,0.7140161916753343,0.9253092864576276,0.43085107010498735,0.6170618187012955,0.8072260879011226,0.9381187189447135,0.0,1.0174570002367966,0.9237187298605333,0.963388089385503,0.7867519189213446,0.9817258135981499,0.8080341814669704,0.6760513830114909,0.7655518302254207,0.9716630915048685,0.6752179613698178,0.8670377498179188,0.5958103916048305,0.6774877376636577,0.6548815310672444,0.8046996077993702,0.7635866223151702,1.0016641646287012,0.7245200053537372,0.9392133578092106,0.6091856027872231,0.38871121855118657,0.7380089334325951,0.9326346491743222,0.88612312839352,0.8940256839817242,0.7166186481983737,0.8436423932578876
0.6644994737807741,0.6352730989657847,0.7056418595431342,0.6659838493494332,0.6014091991443247,0.683204303644864,0.49259539933564656,0.6307555439299135,0.584521944716221,0.9302230810137091,0.6024639786026076,0.8371885659882632,0.6687619603056375,0.0,0.5293907966832522,0.568165265880956,0.4924738589933564,0.5001759268347022,0.6427450934750227,0.5594181485470628,0.5064999199786289,0.26648870947346265,0.6334967856717962,0.8037523067958013,0.6074120953281378,0.5492851308025887,0.6380423537205151,0.7631120235832798,0.5854234804342324,0.864103962094527,0.7290476742837144,0.4360378751505038,0.28540997460171236,0.7805299316574469,0.46818675791837616,0.6348137442223449,0.5535058692949076,0.32838727273155943,0.772746322934991,0.0,0.6842548278642668,0.6936185766039459,1.123450083286985,0.5096546560494996,0.0,0.0,0.0,0.7126286162999732,0.0,0.7230059341930967,0.5497055826269113,0.961432264259819,0.6854969345201518,0.6578641261037124,0.0,0.7845273735925993,0.3874590120299718,0.6355076564097137,0.725771512850635,0.0,0.0,0.0,0.0,0.7268570625230529,0.0,0.0,0.0,0.7364892111269024,0.0,0.0,0.0,0.667244826151917,0.9529535619526683,0.0,0.0,0.0
0.602916611179474,0.6589708192294697,0.7249926645231188,0.6213796235059992,0.7826605922012027,0.5792680733671607,0.6455450257463312,0.6488290945335016,0.9760659183242896,0.9247512783948972,0.0,0.2670684074286627,0.7454972483752904,0.5293907966832522,0.0,0.7299112687086272,0.6686741393839694,0.7597716020610821,0.0,0.4662363143464536,0.5344431111690273,0.5320580588973571,0.5420695428206076,0.524867919630114,0.7273482347240862,0.5250407886026685,0.5163396214196846,0.3024152073587274,0.4603606012158309,0.6504591987385351,0.6539379189512502,0.39126771909209446,0.7556811647877253,0.6227551795095054,0.482934531382346,0.5363780206619471,0.47940844137132577,0.3825813663298477,0.4248822001836694,0.65078228414913,0.552237886623046,0.41538724661054294,0.031966720821738626,0.43468139397637295,0.0,0.9878897073394026,0.8219533381499935,0.6782314203645702,0.0,0.0,0.5950479503045151,0.924397131088809,0.7269526776308217,0.6388938020221897,0.0,0.0,0.734806286980849,0.6598491455284163,0.48905225557272236,0.700525527130482,0.8572008503251256,0.5892088121848222,0.8824635370298066,0.0,0.37785783806003365,0.6883278646415564,0.7878181446284955,0.9489132124168393,0.506799608626608,0.855479601753302,0.7173570309414119,0.8355553122191144,0.7445308316780844,0.9034023153257363,0.8042137555057303,0.6410692045453861
0.9210802071269031,0.6736835319444126,0.46240673202417476,0.29254823876892444,0.685035080896785,0.7067278232491374,0.6659165488176371,0.6778957420804872,0.5950813219675916,0.5050941837595964,0.5079986982292488,0.8188243154374641,0.6020593496990945,0.568165265880956,0.7299112687086272,0.0,0.6242076833933334,0.6577354670404969,0.4652775793937254,0.595751384892085,0.842799032592033,0.5354433163789704,0.80738203245771,0.8721944877167521,0.7495913521723978,0.8011263799754584,0.885282129401331,0.44832723822366016,0.5617108719177786,0.6079445558878898,0.6289647616672811,0.3498010930762735,0.38306896165809606,0.3920042950114566,0.34599313028426015,0.7524849639210589,0.7010799659162372,0.6672481703174109,0.751835075219923,0.5891904724776118,0.6375012612502675,0.769901806619451,0.5112074973967173,0.0,0.0,0.8418086494065171,0.86677495570982,0.0,0.0,0.0,0.7597978167691223,0.7977070687069732,1.0541600172986547,0.0,0.8962740857706235,0.0,0.8438484053898561,0.737867385013387,0.0,0.7468222108324556,0.8010781803069151,0.7983173134405697,0.8278187352597811,0.0,0.8394505267983059,0.7506293632167262,0.7376611547222932,0.9758177446877505,0.579229018170565,0.905539662279926,0.8467838552191921,0.9829422995541396,1.0473359561171396,1.0636044851910984,0.0,0.605849117201915
0.6137729274760473,0.5550127725813012,0.8108174533117363,0.595205356760141,0.6463107769287175,0.5280078658478707,0.6483692179980395,0.6278099146629884,0.665970765236685,0.7489750660111929,0.5988251555865136,0.9097391501316396,0.5346477596104784,0.4924738589933564,0.6686741393839694,0.6242076833933334,0.0,0.6763084556967858,0.8697740378248423,0.4784464689666583,0.7917842690954685,0.7557355741631204,0.6736059387784958,0.8031588065870179,0.5692500487702805,0.7082903490729388,0.5817491212847068,0.7134924938883391,0.26799433254335653,0.6327090297595669,0.6715829971399712,0.41611256887744125,0.7679582261856096,0.5286703524662051,0.33194918686078995,0.6270264537557222,0.3919429585330501,0.5860537251788622,0.17060023786100853,0.8179391781196274,0.713142195486807,0.8770702300395806,0.0,0.0,0.44150483854305855,0.7524212555072214,0.7651587768162819,0.0,0.0,0.0,0.0,0.0,0.0,0.0,0.9037361843431269,0.0,0.8405063778573739,0.5082237325283436,0.0,0.5744182575943995,0.6439210510834982,0.9777975131774612,0.7733662853709263,0.0,0.0,0.0,0.6201087169496118,0.0,0.9073199910132264,0.8818416674285279,0.861580878040958,0.0,0.6202892090785035,0.48476432537562475,0.0,0.8813502630995325
0.7935668972496458,0.7717012096953049,0.7001985529180965,0.5122103726911802,0.5547041970043142,0.6103989733957702,0.5880322856184912,0.6824551015426279,0.49323170416054357,0.5691319978832037,0.6071805223929412,0.90577701241051,0.5956488773702868,0.5001759268347022,0.7597716020610821,0.6577354670404969,0.6763084556967858,0.0,0.7209397082188963,0.6769225817361664,0.9166067099133144,0.675205911600818,0.7414886358640123,0.8077701817590044,0.7096988458535232,0.6559830951113348,0.9301337769352447,0.46945466211378295,0.5042177802552164,0.6168933331778758,0.6914063224752431,0.41833176465030764,0.7297904914669746,0.5975323873981724,0.2780652223961734,0.18669070801229748,0.42522053581803654,0.5671507639500561,0.5716429628107363,0.6444160570361652,0.6330874573578602,0.6149341335922797,0.0,0.0,0.5124763718869054,0.8082476263460963,0.8981524219490915,0.0,0.0,0.0,0.6875151995233414,0.5234115329442811,0.5944669869475664,0.0,0.9673419696963108,0.0,0.9568971499587501,0.875845881496971,0.0,0.7565525893773344,0.8534207482939197,0.9644456028774666,0.8355407369575447,0.0,0.7061664145856243,0.8108464174530245,0.748164082843138,1.0536645765348907,0.8339561004649588,0.8805101381513185,0.8736261698400178,1.0871654130594246,0.9344408286418681,0.9655924350031662,0.0,0.8475975687365879
0.0,0.7161698460816004,0.48010896701398015,0.5927373275172504,0.5342694027054844,0.6930291828283435,0.6856329954211677,0.5761322966960192,0.2308379317077388,0.6042957273544034,0.29779921036253554,0.7954569698023619,0.655374857055637,0.6427450934750227,0.0,0.4652775793937254,0.8697740378248423,0.7209397082188963,0.0,0.497300494305976,0.7175500119409813,0.7463218342044219,0.44553188597468646,0.5905440117740333,0.7551596985324455,0.7101704997002201,0.42252182187442455,0.6877209077269644,0.6888998050005365,0.7138706378824378,0.6366723042029432,0.5434217264822941,0.1709000569362626,0.6372859817280345,0.6467292908389678,0.7527885746021187,0.5349067381357601,0.5703069546249342,0.7665382439034045,0.4472183026130747,0.7266064993846658,0.888141196961316,0.8439333126298798,0.6133282970253702,0.013730833124802153,0.0,0.0,0.7743917210108644,0.0,0.5860659844536175,0.8050688517359244,0.8897178004879223,0.571176279051945,0.8629051404853656,0.6031147992239687,0.7894272013898465,0.8110845763197772,0.6857871767954706,0.6839987795177318,0.0,0.0,0.0,0.0,0.7248100910825614,1.1627080330882995,0.0,0.4837941410854144,0.8245523811597903,0.0,0.0,0.0,0.8248254324291389,0.6756573992493025,0.6170873205537231,0.4884488028368091,0.4921454398675451
0.7067379721744235,0.6437543841903671,0.42964093302186884,0.4497059126258585,0.6728452075164189,0.5707950094138644,0.6901433519793686,0.6844738931851249,0.6049881763990073,0.6741060474147735,0.4841713689483854,0.36852703329294145,0.7101915794296524,0.5594181485470628,0.4662363143464536,0.595751384892085,0.4784464689666583,0.6769225817361664,0.497300494305976,0.0,0.5874926085838555,0.5419984518703986,0.6320556149314364,0.6134868569388514,0.8505284257969282,0.569145087474026,0.8407675255091847,0.4994699650709267,0.6916913625596144,0.9055394372880579,0.7441663330443986,0.2832919438681356,0.5006296421836183,0.5288653440777585,0.3187289439869112,0.7261949681845279,0.5789440411762105,0.6734678243959008,0.26829481894600077,0.7565261133745131,0.7323500873836252,0.6251628186666441,0.22102269130325186,0.2536468533409494,0.34020921047975095,0.6200191015462614,0.7786298409898156,0.8766025444923203,0.0,0.0,0.745920718084425,0.9076867745209531,0.8738863813271517,0.5264731890465464,0.8489087121824447,0.0,0.5081141848740313,0.5933309054668693,0.0,0.7874442996123632,0.7359897069697194,0.5116616810778782,0.7080845495716841,0.0,0.7545208827127655,0.7037845798443267,0.6638949162904713,0.8134532121761406,0.0,0.8261324556142112,0.6920244987841029,0.7840253012741055,0.680672489340223,0.8266406501600734,0.7423958284586605,0.7539825497641046
0.4228464750865511,0.8570203754337047,0.49975310374947146,0.5009014721789582,0.8440111859319401,0.7337749104502176,0.6762523583494784,0.534038524886711,0.4827920121974887,0.6921129582061094,0.44409831840836567,0.673114726247392,0.7790070935459315,0.5064999199786289,0.5344431111690273,0.842799032592033,0.7917842690954685,0.9166067099133144,0.7175500119409813,0.5874926085838555,0.0,0.6775802659260844,0.527468130410299,0.45166235186269815,0.7598312065644388,0.8415040650572596,0.5721997311425406,0.738128119472252,0.6501692306083617,0.7650981607465215,0.8029402787157031,0.4334207607023921,0.8266256731506005,0.6671443716789198,0.6232515364000012,0.6191041863943906,0.6494466748318815,0.6103572744563714,0.6587855284162856,0.6065332676985633,0.5525724590043564,0.5738908226691651,0.7436162376268094,0.0,0.0,0.7727672432015287,0.8492965333623066,0.7558680545075909,0.0,0.0,0.8761413784582801,0.5466081554052471,0.9296931134967176,0.6883577625933042,0.6827918716996961,0.0,0.7822599258521565,0.8305602285357808,0.0,0.6736829595942926,0.8723721939002202,0.0,0.8276927751612788,0.0,0.7916694035844984,0.7835113127941571,0.7687307938163901,0.9816813657328523,0.6134553901221317,0.6899153057999371,0.8141307627353496,0.8670861626277498,0.9375101780323063,1.0141555478735778,0.9176919487912392,0.7988570042094325
0.7857006078189017,0.6352708909079603,0.7179661721962329,0.730784806142833,0.5839391865354511,0.45851557220208927,0.6173539621632196,0.548271399425821,0.508814264003101,0.631841302430193,0.46645195476498386,0.6690211216725569,0.5689045115802052,0.26648870947346265,0.5320580588973571,0.5354433163789704,0.7557355741631204,0.675205911600818,0.7463218342044219,0.5419984518703986,0.6775802659260844,0.0,0.7976763421533067,0.6200553101742607,0.8407262516082279,0.5174047768562546,0.588777934795203,0.4848641053884647,0.4920333001407808,0.6636226456779744,0.6583410985803599,0.4422520651024506,0.4946723892853623,0.5557063510937773,0.3662516902846073,0.5846151545680633,0.665902082945556,0.41809998311142615,0.449373048451605,0.6397274739563654,0.6154894781297828,0.6058718501232483,0.2300886308786405,0.3915888382319016,0.3941694170475085,0.8160779402966472,0.8303834003196413,0.8027845347390727,0.49273707581581067,0.4002128106839348,0.6870020651201709,0.7361017160754965,0.7815931094989783,0.812248876122262,0.5433195943771731,0.0,0.7115458940872392,0.7036463047204093,0.0,0.7663191049678297,0.7509800361022401,0.7413187010161795,0.7370862715033445,0.0,0.6770634145156353,0.7228404144657565,0.7064554923928454,0.8043807060492812,0.7869685802469537,0.7668973324986008,0.755649617453792,0.7337615798171692,0.6763805321311955,0.724537056678958,0.17011710547717232,0.7390565411969896
0.41653037507116086,0.7133533147782251,0.5005674830121914,0.6233105025691604,0.633935815512916,0.5706169044141087,0.797305953835104,0.730861359389338,0.5869423429404792,0.49776339063050934,0.36930981782486433,0.6023595319419662,0.7825802362841868,0.6334967856717962,0.5420695428206076,0.80738203245771,0.6736059387784958,0.7414886358640123,0.44553188597468646,0.6320556149314364,0.527468130410299,0.7976763421533067,0.0,0.3741155317689441,0.5578206300752145,0.6077594951600063,0.42657081340509573,0.6564545955049769,0.7185924244437123,0.7617023548324353,0.6771708343024172,0.5085321152490037,0.6061925296239555,0.6583824555218113,0.676809051127408,0.7739175175080777,0.7285769516254519,0.422041305351633,0.7493481255070225,0.6232536389492429,0.848320454142909,0.8067661183387651,0.9011618741812382,0.8448933095170144,0.6178503342423587,0.6656393104985694,0.8309400672834587,0.9010476633493714,0.6481918416224561,0.8740567730938698,0.8768570881276143,0.952455487199855,0.8504430941443144,0.86277360532821,0.7476693987519911,0.7930116634279448,0.6631477726799582,0.812917186456694,0.9027176156977579,0.8297758121046537,0.8319535363892532,0.5095505722318106,0.638159833943112,0.8023040249363473,0.7829961401155229,0.7714698313511692,0.718124017289,0.9607184366085171,0.3498420142828211,0.877694259147364,0.7620342519643082,0.8061779838170797,0.7888955090127577,0.9000410755581768,0.810297028797192,0.8389191502399609
0.36512623075072215,0.5102282489003782,0.5580186020859238,0.4524204247455763,0.7355983923609182,0.569377537852727,0.7065055072164801,0.3663915733491115,0.6863831953940938,0.48830473756575987,0.7596306809364444,0.4205293972771318,0.4617935024939538,0.8037523067958013,0.524867919630114,0.8721944877167521,0.8031588065870179,0.8077701817590044,0.5905440117740333,0.6134868569388514,0.45166235186269815,0.6200553101742607,0.3741155317689441,0.0,0.5743785337487763,0.4588387115486095,0.5294397127137358,0.5772306096220419,0.7430359617282742,0.9649776554830503,0.6963371347261389,0.6493985157344319,0.49120233517800815,0.38644023924985105,0.44277506199047056,0.603195772123604,0.325813803317253,0.2977236547778954,0.9546929000640423,1.044263615113687,0.6785002729372853,0.494108396434461,0.5047083470881883,0.5555073037080821,0.657702366901034,0.3584585186513759,0.4222388077974434,0.0,0.0,0.5153287880520077,0.6937111205466446,0.42597004427643154,0.0,0.33926371554559254,0.7521181361341256,0.537518149376651,0.8575578889652107,0.6492604104033768,0.0,0.3598419686111317,0.7296897138719944,0.7855534888399061,0.7008901436820663,0.5120010699628601,0.44716675835511877,0.28400124459175036,0.5840271574291832,0.6875562542463827,0.5259163550811059,0.7436962164655202,0.6402690831277118,0.3913953432812185,0.563223899407477,1.004932092081658,0.0,0.6956762838891377
0.5788977746063042,0.4477189760588978,0.47909660765892914,0.860556731198808,0.5649733332300847,0.5023261184276548,0.6543754326651607,0.7237564360078809,0.4022481357826305,0.6554336788618971,0.6944934081643978,0.70436370359174,0.689909969714376,0.6074120953281378,0.7273482347240862,0.7495913521723978,0.5692500487702805,0.7096988458535232,0.7551596985324455,0.8505284257969282,0.7598312065644388,0.8407262516082279,0.5578206300752145,0.5743785337487763,0.0,0.33805660815189253,0.6510421397466906,0.5641832148216408,0.5562187993138865,0.549959902116496,0.6600704120538953,0.30153451676442466,0.7131396925660338,0.47660986651490356,0.45286753080774145,0.3977987265835734,0.6339069375089819,0.6367026749538778,0.740533718699047,0.7270295660992989,0.7890593994260713,0.5905835830712077,0.2053770957567377,0.0,0.537973398324876,0.7781792077430418,0.8987439684162295,0.0,0.0,0.0,0.7030239376940564,0.6822135056283344,0.6883222301336445,0.4717461328601803,0.8699073417927663,0.4777452584806686,0.8879370830033524,0.5679432092890395,0.0,0.7271538606644186,0.8824412236360089,0.9076489257266116,0.8916322595363904,0.0,0.893796437189069,0.7380723282754278,0.8181316811195091,0.7617796917389505,0.8361389427669612,0.8942032906677977,0.829155213308423,0.805659371966723,0.8259782302012407,0.69157147415661,0.0,0.8476461813485121
0.6681326233774616,0.3956641403079605,0.6000982721495893,0.6377766481650005,0.5448539487703794,0.6443452302890501,0.7690853259672032,0.6510052848728412,0.6190379978362032,0.6544227585611437,0.6459139673710981,0.5420483452737412,0.6817856253542478,0.5492851308025887,0.5250407886026685,0.8011263799754584,0.7082903490729388,0.6559830951113348,0.7101704997002201,0.569145087474026,0.8415040650572596,0.5174047768562546,0.6077594951600063,0.4588387115486095,0.33805660815189253,0.0,0.6685295323745122,0.6293827821454756,0.777273701576043,0.4961740896637934,0.5350395384770454,0.5584083734774998,0.7199024387993017,0.5385321397865274,0.6561136046282638,0.4291297347281744,0.677690655912797,0.4620986862449206,0.7088412402858544,0.8082340279299153,0.8744661873429574,0.6053930764112505,0.22375631862673165,0.5223855227226764,0.5011255368170249,0.7530397756307438,0.9379543954761003,0.955450048485726,0.0,0.006516335104307489,0.8023943312328062,0.6846371851499302,0.5646243211749822,0.7061791998744364,0.7876603930694711,0.0,0.852357253275648,0.8009433905258081,0.0,0.7863354576780309,0.8776056611988958,0.8391849731401918,0.8339628411655453,0.0,0.7157925119545101,0.9094309683769899,0.8753559986739649,0.8044365896731253,0.625821749091658,0.8656465918869578,0.7995544948129136,0.7597554614996362,0.7378510927845872,0.8664043118823802,0.47646788809921536,0.7965789330566011
0.537593257153737,0.6465394511731515,0.4012375441697566,0.6576991251621314,0.6744455834787219,0.5287318095516889,0.6821902325366409,0.6770821655180341,0.612729668374586,0.4266644106326194,0.45635877037723716,0.5932269225413194,0.720718072862393,0.6380423537205151,0.5163396214196846,0.885282129401331,0.5817491212847068,0.9301337769352447,0.42252182187442455,0.8407675255091847,0.5721997311425406,0.588777934795203,0.42657081340509573,0.5294397127137358,0.6510421397466906,0.6685295323745122,0.0,0.6625658867583759,1.0028236327445361,0.6743891389100369,0.6823072573733384,0.39095250064960974,0.5790010502578813,0.6340598223194324,0.534703360610105,0.6477226745095164,0.768726120967693,0.5909705588967848,0.7827311382492771,0.6353664504540815,0.817021851894877,0.7352714445043268,0.9201336270994973,0.9626951764713123,0.44786358158007333,1.101229872760627,0.6748298435688477,0.8056804480076551,0.635117621678289,0.9267137939688368,0.8462495684121907,0.9016262994555266,0.70310153625962,0.806644065306365,0.8709180251235888,0.7878724468801511,0.65384450728582,0.8242055053282387,0.7631762865386824,0.7889746702283673,0.8091670238311413,0.0,0.694332890619743,0.9013610502830616,0.7815091341677312,0.7426878245502351,0.6369914699331707,0.8599843222536929,0.0,0.7470773668562114,0.6973228032784236,0.875145469519307,0.8229294321798688,0.8842383253811014,0.6992425827312907,0.7799065116311146
0.8409756372522351,0.5059528456417086,0.7700923646884275,0.5987632450177893,0.9175934927806604,0.678366289713636,1.058215837417198,0.7512305499821992,0.72880777157985,0.7129485959078212,0.7162528960426671,0.7767230806107835,0.7300565650178166,0.7631120235832798,0.3024152073587274,0.44832723822366016,0.7134924938883391,0.46945466211378295,0.6877209077269644,0.4994699650709267,0.738128119472252,0.4848641053884647,0.6564545955049769,0.5772306096220419,0.5641832148216408,0.6293827821454756,0.6625658867583759,0.0,0.5984242386707618,0.6730990106667661,0.7295195930621153,0.7457683262997588,0.623026998564594,0.49094293713964116,0.5050201474999739,0.7402543895472079,0.6068889967780964,0.6541451963439117,0.9279302014611577,0.3876613893079788,0.9814227988983979,0.8970531450072585,0.7658656400798316,0.9435632833652652,0.6634603432107431,0.785641857079737,0.799324565215378,0.8765856255452438,0.0,1.064427537331529,0.953796332016677,0.977415972771855,0.839307781768085,0.869497103241993,0.9073780327017971,0.5836709732823684,0.652008917414201,0.9221800971684917,0.441641787216817,0.7663440525876621,0.7265048789285411,0.34057693352249535,0.815663263519432,0.8650531525262934,0.8541901893184677,0.8286887604613076,0.8429878174205676,0.9554033443602661,0.5212654605383427,0.8177903755080163,0.5794165611118116,0.9370012566714341,0.9269594786185529,0.8912512042350953,0.7670961036923971,0.8665622559951847
0.7660190415448238,0.46354853803801965,0.7346414870296278,0.5315462703060847,0.800687008709867,0.5430039346041577,0.8541329903449703,0.7029288698982594,0.5112538525944337,0.6446646709492374,0.6016132412583153,0.8038384841147258,0.7763495259570785,0.5854234804342324,0.4603606012158309,0.5617108719177786,0.26799433254335653,0.5042177802552164,0.6888998050005365,0.6916913625596144,0.6501692306083617,0.4920333001407808,0.7185924244437123,0.7430359617282742,0.5562187993138865,0.777273701576043,1.0028236327445361,0.5984242386707618,0.0,0.7834429786527461,0.7621411381770377,0.1963770648585344,0.3026048936047025,0.5839072078526245,0.3417117598693296,0.621556012303828,0.5509291478760877,0.47240420454827003,0.8107832590485153,0.9159937985339259,0.8158781460892107,0.8352198612834604,0.33031369888018536,0.8683575190617225,0.5915087594867675,0.9960688269438468,0.7920588980874538,0.8616629274158909,0.5097529285125648,0.7161636803836247,0.9509527700869256,0.951837170402729,0.9124558045118409,0.9325681377419347,0.871355046423252,0.6836138738794496,0.6110152534895409,0.8637571731965185,0.573271746467053,0.8371819577322759,1.0023379117130229,0.4879223676351072,0.7714831317863505,0.6324659501575474,0.8325960521314506,0.8086463398907249,0.7254422834260932,0.9533484407146193,0.4783368100162244,0.8512086941253494,0.7773459660021333,0.9490619836267614,0.8715206558538274,0.9287113667066518,0.7799073428683163,0.8542746059048094
0.7827136686646023,0.6687421981602215,0.7035875619547047,0.46794504540005816,0.6630729120059076,0.8699916120152578,0.7586486531601491,0.7180574767528412,0.7076978895773711,0.5584691860204039,0.4823804652425815,0.5669745366647929,0.9172612172586562,0.864103962094527,0.6504591987385351,0.6079445558878898,0.6327090297595669,0.6168933331778758,0.7138706378824378,0.9055394372880579,0.7650981607465215,0.6636226456779744,0.7617023548324353,0.9649776554830503,0.549959902116496,0.4961740896637934,0.6743891389100369,0.6730990106667661,0.7834429786527461,0.0,0.944462677308447,0.45531094748319095,0.2531193903516424,0.9327840944741169,0.24827735462326977,0.5974176883799418,0.38071093427137565,0.5011003900643493,1.0852622566169656,0.4711677919404097,0.804833479140195,0.5568158465874367,0.750946699139639,0.26647595285353454,0.0,0.0,0.0,0.6757908939742104,0.0,0.0,0.8777377783634248,0.9527671694650801,0.7283283409932576,0.868027632519287,0.479969354553359,0.0,0.002206061261990376,0.8267477230993134,0.0,0.8360526234431753,0.0,0.0,0.9591167321086513,1.0023454409011947,0.8492290602549921,0.9856862163669771,0.7714895639795041,0.9971513880520959,0.0,0.4251591620730003,0.49347004958999424,1.0134583877581336,0.9541121376441849,0.8948584764072269,0.9786901780923143,0.694241968149333
