0.0,0.8822485997571448,0.5228230693692594,0.0,0.6776006684625373,0.7206226360525521,0.5750760521125412,0.6229931082075633,0.4315421770555141,0.6149297076605112,0.5921696792841136,0.7355934077238035,0.7133008213383645,0.592488463543307,0.6044176488651576,0.8139282879961505,0.5365033912190437,0.6470717848097514,0.0,0.7457111252376702,0.38507478867184286,0.6455636534925469,0.6043383503504878,0.590522031205897,0.6317683067529777,0.8132004648897891,0.6770671474136294,0.719696904741703,0.7977216481515661,0.7044180225648431,0.7517607088122948,0.8646076423486497,0.7342682605328865,0.7033398952528267,0.7754373174376264,0.73841699295994,0.44866415932898895,0.7139645302996309,0.9877367343476751,1.0882059500246481,1.0541558813441196,0.8268905801982149,0.47032716783796014,0.0,0.3952663563140424,0.8512176685965838,1.0395495236568213,0.0,0.0,0.0,0.7722182292042086,0.0,0.9352831404865212,0.0,0.5346337077269975,0.0,0.9699266926798029,0.7453596270886992,0.0,1.0920857312059138,1.0338455685603583,0.04276076355396485,0.8050783088399249,0.0,0.8226312471535504,0.9323501032449271,1.0030930327025178,0.7357882693173763,0.7185150682140067,0.9514510953424983,1.0573603774042093,0.49098193919501754,0.46270793193890014,0.5538437597792699,0.0,0.5558538813560316
0.8822485997571448,0.0,0.6924135050373997,0.41501962214635124,0.3173162228157843,0.3253294878268589,0.32396142813700457,0.9196601937802825,0.1903968754321994,0.539015380724786,0.5070227163960481,0.5666634656941093,0.3566848472470625,0.35821065419949644,0.7484795078464783,0.7282511643663334,0.669296095019569,0.7434080463486556,0.7595009645186757,0.5686195807027357,0.896430684378675,0.8286917961114417,0.8262637351220293,0.3889677192947737,0.7013546322246473,0.6878030608365169,0.5268397354016618,0.4215331361219102,0.3058482430733696,0.49945571332222094,0.5480232498798345,0.676707376752956,0.5455318540805401,0.6407115666009346,0.7256607719585808,0.5564612375295361,0.038246730167896065,0.0,0.6316994113064529,0.9505495191264663,0.7508952762610593,0.8366471815314305,0.617109980396992,0.0,0.0,1.0314004440886515,0.8711424206694884,-0.025879682338070607,0.0,0.0,0.7949677685934722,0.8328292988811277,0.6557458282492538,0.889088849141235,0.8858957556506762,0.0,0.7311932189080081,0.7484985257539416,0.0,0.8416704163024268,0.8798043457819079,0.803890090048322,0.5761247874734057,0.0,0.739362597137704,0.971047835018245,0.855163169417188,0.8553745207854391,0.3760997171033761,0.606566750122195,0.9645601489568231,0.7295394507228655,0.9483585100122568,0.7633805964083522,0.0,0.790128252315471
0.5228230693692594,0.6924135050373997,0.0,0.5486073363534889,0.6066824923110758,0.5920597883348223,0.5958242938821035,0.7439603622170892,0.33788572427325414,0.6543686153439454,0.6260019361927892,0.4912856717492119,0.6360158641193885,0.6200948526721882,0.7740396063413526,0.5347203012629258,0.8129729204723503,0.7847529121263768,0.5523173448495664,0.5204750710316902,0.6149357503187376,0.6242312602922778,0.30111368306870445,0.5476297156918917,0.6753951877560989,0.7377121331408214,0.40332165199448494,0.670199663346247,0.7548371861446139,0.8115242387875697,0.696040964235852,0.8483186282646471,0.6959373893797567,0.7096506546572225,0.6783950846873631,0.6147336454315131,0.5388765604358231,0.7736935670587625,1.0424811323705603,0.49609570822637084,0.8041883530778221,0.6595431895091055,1.027788492295328,0.8230908600780418,0.0,0.0,0.41676095029006005,0.5578750628859267,0.4764310006606117,0.7003380609852798,0.7823087947824185,0.7794056192117498,0.8791270232350653,0.8516036002061764,0.4051216381308347,0.8474004176981478,0.9604221365135767,0.8303814867540014,0.6858161077964806,0.3965221081412028,0.0,0.0,0.0,0.5325003490367577,0.9772751185204187,0.42081720521566884,0.30607902126245223,0.9057260842474525,0.0,0.5497328764791068,0.7177244833112554,0.7536749103347421,0.8521033264187761,0.8174414787101669,0.7140656325075281,0.8516873516221659
0.0,0.41501962214635124,0.5486073363534889,0.0,0.39782476760413654,0.504886528753442,0.2766161855461764,0.34866615218390207,0.6316831972387023,0.3887210094906318,0.6730403603967008,0.24183528307576868,0.5061362994377075,0.4462824655384784,0.7762531929920613,0.25038958327832,0.4213544859621272,0.4693071574311613,0.6456487064282207,0.5113827413602715,0.42681040590696373,0.6168255270869574,0.6337639367400631,0.1536844331908379,0.7914085974038354,0.6281990284784746,0.5900325335749932,0.45415678124417636,0.5630984393910355,0.35660744402942424,0.3003183011774414,0.2704817435788118,0.15880322257586726,0.22408925654257011,0.08122980258644599,0.47474574296104166,0.36155460907676273,0.49929688157929586,0.21193814305073358,0.38858301920620947,0.7220223092314473,0.5061332529281907,0.2855540552534054,0.24729888663522492,0.0,0.0,0.0,0.4695444942881844,0.0,0.0,1.0727296552241143,0.0,0.4683508047847861,0.3614619917477067,0.0,0.48244986616001195,0.38315207171789256,0.4858773626787233,0.0,0.0,0.0,0.0,0.0,0.0,0.0,0.0,0.48040350111477603,0.9328011330277055,0.0,0.0,0.0,0.6963802396498493,0.4484508064125623,0.6925972569184797,0.0,0.0
0.6776006684625373,0.3173162228157843,0.6066824923110758,0.39782476760413654,0.0,0.4400259264191425,0.46277112683571686,0.7634903621790708,0.3116756083387242,0.7604913740236687,0.5208826952416761,0.5631316871889285,0.5556651238283266,0.4776947905723654,0.8825245423137102,0.5167091897319109,0.8649781058695339,0.6794695950111637,0.45061953188873616,0.6068638283836325,0.8808671847405408,0.4048735005961278,0.5785695831161601,0.7088572569294864,0.5521015162462964,0.6210542038763431,0.6378943273981421,0.4171319017347501,0.6832728108009728,0.5907681441181594,0.7247675494035741,0.5005151545917041,1.0122281653959493,0.7089002280827509,0.6318036405987337,0.3763351525839872,0.46803589045792715,0.6616671851614578,0.7117062042507198,0.39557386385013416,0.6766803162206204,0.48200635556735255,1.0990421322467732,0.17951588401695806,0.3789386227243725,0.0,0.46770182814150674,0.8722958558439191,0.0,0.8533457887676847,0.8284617925568223,0.8654455815929925,0.7776969210877949,0.9502887685693931,0.0,0.9863940646522196,0.4653092603836353,0.8111911175247577,1.114826852490184,0.4558579338868125,0.5098251249811874,0.0,0.0,0.9872578442689303,0.6113779577075634,0.44591054869703606,0.8020227845230787,0.9048921671123829,0.0,0.4968038466002612,0.6654037132081194,0.7579444509151919,0.7184315205007435,0.715061905288843,0.0,0.7796970202815868
0.7206226360525521,0.3253294878268589,0.5920597883348223,0.504886528753442,0.4400259264191425,0.0,0.4959072689874262,0.7451093569994213,0.38265201816737415,0.7464337317097125,0.6231541893753363,0.6868247064432227,0.6056840558318412,0.7006364986127729,0.4101174788484597,0.5861257887571942,0.8204993609888244,0.5938250736680152,0.6131231921412811,0.43615116423192896,0.7530558842384778,0.4107836127028438,0.692110016792445,0.5725565382278787,0.4996981827668441,0.5269192605981126,0.6712713042466989,0.5528208284171579,0.393131643905951,0.6854726995680838,0.8070174084382182,0.4662027600240093,0.5511407967846312,0.758919816746803,0.6984512208432715,0.5158034391304966,0.5718352364635646,0.4699769842233308,0.9016051402820244,0.5057979987016862,0.9075086759597797,0.9878141652993735,1.0333132215131287,0.9191661027581427,0.2557749817767103,0.7610177710597408,0.7220790822102994,0.823029568993036,0.8212836455360499,0.6829616781108981,0.9073893719324173,0.8893309703663836,0.9386047372135465,0.923922610578966,0.8837196568911059,0.9161527632219562,0.3747726706795509,0.8135450179558668,0.7489794319078196,0.9064835382421211,0.7592728905877272,0.0,0.694155418327215,0.7700467128645905,0.8548858920083756,0.617991346819648,0.5086524081220761,0.9227234905989783,0.5022430082718574,0.6413114270891045,0.5351057006020188,0.8681958472285314,0.760311658181053,0.8435835668751333,0.5767758260609492,0.8016068192535605
0.5750760521125412,0.32396142813700457,0.5958242938821035,0.2766161855461764,0.46277112683571686,0.4959072689874262,0.0,0.6883597963054114,0.5153738602322464,0.5956341156334464,0.5242365753334906,-0.019077597038124006,0.6746277823103175,0.5115999097171529,0.32986274953768585,0.44850406520204167,0.7534126476854603,0.4656176994918614,0.5788931863903756,0.4325297839587743,0.43664806527183386,0.35475377104397754,0.6742890965139625,0.4674236498742994,0.4837773228082216,0.5955383352242886,0.5908151636722454,0.34717342265798135,0.599890996916213,0.8678127227019226,0.46870038846892426,0.41603951127347344,0.5166768026969653,0.22171065228416068,0.14091459169944723,0.4510062424590184,0.3488384182918582,0.8422958712472852,0.8595470670063203,0.5028223996582827,0.6399577095948052,0.6455367107082711,0.8325895532900652,0.9267446281034086,0.5593146376772719,0.0,0.730809332743987,0.6439121534771755,0.0,0.8429278303141677,0.8196496895323448,0.819795062416005,0.6965303791077022,0.9155463157974256,0.6155555868639275,0.820047106679573,0.49900995692921873,0.6696093838340302,0.903288456732851,0.432158324936716,0.8115110304058317,0.0,0.511649708418654,0.8440466828550536,0.64821393299203,0.7133426883685107,0.4417903215322869,0.8310300056728126,0.46732436361562346,0.8867046469158427,0.7647420012624215,0.7438510439188142,0.6861033836232494,0.5819986774093879,1.000094103453694,0.5717038352957262
0.6229931082075633,0.9196601937802825,0.7439603622170892,0.34866615218390207,0.7634903621790708,0.7451093569994213,0.6883597963054114,0.0,0.6768403152368804,0.6793244884650077,0.6953339749921698,0.23898530521001063,0.7166175682841449,0.43519281038745905,0.43005043619960404,0.8107825631652961,0.3906759972432208,0.7166918355206091,0.7452868332539796,0.47247539586781834,0.9349776058402454,0.6728044232929933,0.8172061331183573,0.4932142693948376,0.7058966618597542,0.7507463744675347,0.7344090597008655,0.6620775439235308,0.6774059137555031,0.6638277062606306,0.7378859491648051,0.7147499035083082,0.8441084192427804,0.7183051889258989,0.6020998544060134,0.3549862778943218,0.6739079247684797,0.7168596866110695,0.8989960365593135,0.6565878981590567,0.6953821514182115,0.7802615992611732,1.1214293390887915,0.655999892428173,0.0,0.6829254867418096,0.6743913326165958,0.7208180758472862,0.0,0.7117130498159279,0.9117515876777782,0.8337607425345015,0.7407937855045577,0.81134901313949,0.6387645601886467,0.7551105022748807,0.9626427403967777,0.723878910878069,0.9824711383951822,0.7870403343624833,0.7626685649132041,0.0,0.6139003869641901,0.9985629502479647,0.7895180259200484,-0.04106266106812462,0.6620845511008252,0.8981660562316832,0.0,0.6110713310148466,0.7129859296927381,0.7462963216938383,0.7712599820370034,0.841289328879911,0.6750938008797722,0.6164673436154111
0.4315421770555141,0.1903968754321994,0.33788572427325414,0.6316831972387023,0.3116756083387242,0.38265201816737415,0.5153738602322464,0.6768403152368804,0.0,0.7290860682286939,0.4768504085068474,0.5670285145500751,0.5757061927951466,0.7181780624587187,0.8585446751529971,0.350876662613246,0.7485143231185764,0.6841662584488017,0.3790106716257233,0.31547465358383264,0.6510473359732423,0.2767150591314431,0.4659207663879593,0.7440133806644016,0.64346517239999,0.8913390403800618,0.4181884856057841,0.6434980181017197,0.5519443437734013,0.735730500735259,0.6935907101458231,0.8387188789880631,0.8401898265283878,0.7579672352105182,0.7681948524846004,0.6431247934698776,0.7056559702694722,0.63299714464503,0.4202989385070288,0.62740302278888,0.8551106868611877,0.4787897260082844,0.9915282292675538,0.6173439334008367,0.44789013332192473,0.0,0.6129120527268308,0.8658651810773577,0.47634533828700587,0.838963244575249,0.8956140618112216,0.8962365732328949,0.8058933470184001,0.764642482939403,0.5390359843523626,0.8898154337381693,0.5822741023182576,0.7227995239566035,0.8405031308528119,0.7830744260610027,0.6806645577776214,0.0,0.0,0.7538784633703148,0.8072495035133482,0.5871799876024264,0.7359960464790859,0.8540964350329638,0.4276176367836789,0.7699794830664578,0.5819616005483821,0.7798244745902261,0.578273260343194,0.6091135176646929,0.6486208743630357,0.9897441230050864
0.6149297076605112,0.539015380724786,0.6543686153439454,0.3887210094906318,0.7604913740236687,0.7464337317097125,0.5956341156334464,0.6793244884650077,0.7290860682286939,0.0,0.7703005096909568,0.40865475925588735,0.7684161212828837,0.8885540094447855,0.6386723453543299,0.5065317095976705,0.73998289001838,0.7120733264412109,0.7747376282098228,0.5707274991825368,0.7066831054442126,0.4343909315808654,0.6792978842557289,0.5800026521366131,0.7538553447332756,0.4063161461820065,0.6757459898215485,0.9137459856202179,0.6901522480144617,0.40848227335962806,0.6776164557039771,0.44086485327508723,0.8263240295452179,0.4929871280511284,0.28531525627082177,0.7360550603337304,0.49334986556281346,0.2801533520418661,0.7427107069576798,0.6030469388793381,0.8564740238559989,0.7815038336689452,0.4178718884660089,0.5138776322828602,0.6989243218561874,0.9024039623594253,0.8045487815584877,0.3768959297743709,0.468920653031181,0.45287151091954236,0.7783115274377526,0.6752718022895582,0.725037189777455,0.43854926463702115,0.8342942212302823,0.5775008434610593,0.9366474905320177,0.7863337167211646,0.0,0.5889517682509345,0.9941757132620453,1.0268357912442023,1.0418115968321764,0.4815929298080851,0.48589236854011236,0.6086773772645501,0.5924607708182622,0.9164935540546378,0.9143139054717783,0.9815959594086734,1.0343303584513577,0.991622034907014,0.7247421883302132,0.8370383928338185,0.0,0.8344126695513263
0.5921696792841136,0.5070227163960481,0.6260019361927892,0.6730403603967008,0.5208826952416761,0.6231541893753363,0.5242365753334906,0.6953339749921698,0.4768504085068474,0.7703005096909568,0.0,0.5876868506275683,0.5851465587184785,0.6802291577111357,0.0,0.4903722725577162,0.7442560175812937,0.7330677943901889,0.4121776485826213,0.5092376286216369,0.5206199972039418,0.45261063007089164,0.4803375110473671,0.7159197493503143,0.8209054725872387,0.8786058424680316,0.7737537137091166,0.6314067278370591,0.5136022262663762,0.5247459194526706,0.6290155809941138,0.7178329722166151,0.9858441836740888,0.7416068786196185,0.767136576569987,0.872001792598986,0.7924092052836376,0.5689384689489771,0.6355498008235345,0.6696868643149038,0.7032322189121399,0.6893851500319067,1.133480616709066,0.7257538796481804,0.3062881231553594,0.0,0.0,0.9822205328761353,0.4807241266600717,0.7495788471886162,0.9838508454799728,0.9098413796881734,0.971894376071613,0.9947372737872129,0.6922766782300952,0.7238840874204893,0.5861482886945024,0.7850280969994818,0.975670949887653,0.0,0.0,0.0,0.0,0.49123623110735,0.5885669189836571,0.0,0.5686492090519166,0.916257612048995,0.0,0.0,0.9889095466239184,0.9110678097105478,0.7138302336466176,0.5649037881886642,0.0,0.7684215089559923
0.7355934077238035,0.5666634656941093,0.4912856717492119,0.24183528307576868,0.5631316871889285,0.6868247064432227,-0.019077597038124006,0.23898530521001063,0.5670285145500751,0.40865475925588735,0.5876868506275683,0.0,0.408473713676493,0.7157403097301883,0.3520080472191266,0.5204209484573072,0.7346121450673635,0.9724631979425764,0.6141193847981012,0.41545015196158164,0.6389334772465807,0.6214457150282514,0.2559518698989497,0.6110236456833729,0.7904173681520785,0.5082294314435913,0.636117361745771,0.3862283627731482,0.6401150885058298,0.3937035187808665,0.5175092425165544,0.08929954687726124,0.7781795037694849,0.058616583717527426,0.03607748832651886,0.36879291368645317,0.20039513695571698,-0.08476425790699063,0.33639857905188325,0.679851966750247,0.7818845765826806,0.20529388385021868,0.2952902786321132,0.29600329925285046,0.9054487285765356,0.8021893193573703,0.5246810616936324,0.6779652531902847,0.19906869444936728,0.4404146234656643,0.4942664285747367,0.2979644673758538,0.372904025722237,0.5009793829409972,0.9366031544889009,0.2574944854156028,1.011725682760357,0.5868065994274851,0.5721312189967616,0.5378645772104217,0.7032688457142589,0.8720683535604933,1.0660752392467931,0.5791414004861735,0.9519886599764511,0.9706515958199193,0.5927391380353935,0.47560459929571663,0.8475584387587194,0.9357056417918486,0.939665098465903,0.674882750906264,0.5012587920628468,0.5895361463628551,0.0,0.9463972646378243
0.7133008213383645,0.3566848472470625,0.6360158641193885,0.5061362994377075,0.5556651238283266,0.6056840558318412,0.6746277823103175,0.7166175682841449,0.5757061927951466,0.7684161212828837,0.5851465587184785,0.408473713676493,0.0,0.576563530684506,0.41110958546767423,0.48656063779757214,0.8119292690079636,0.5426641654028008,0.6407697688635078,0.49250098874338466,0.570788759222847,0.4142925148399581,0.7027851716282825,0.6192084064456571,0.5955341961942465,0.6730389419042802,0.6327775367709223,0.49152696888215996,0.642856533801606,0.7011112410553926,0.5211164487472746,0.6382699138191867,0.5641906953189753,0.5436535597457968,0.4098125931751235,0.42936219923886926,0.4501682170135231,0.24601192877884276,0.328106307548499,0.46702076961816796,0.9027304286639077,0.8768487412507018,0.809031753498441,0.6427571727684935,0.4717788304699694,0.6223943497441555,0.7092044725633457,0.8607652395370733,0.0,0.9099970149365788,0.8767473259490562,0.8382402851165325,0.7548024351594116,0.9496024439696824,0.6046071524460948,0.9120303639131253,0.6475843735296107,0.7884718807977963,0.7150799435069302,0.6480534834767979,0.7318440109014791,0.6915635970338475,0.7499109669458022,0.9623086411790251,0.6708564145056126,0.8302013171067515,0.49504014335336866,0.9247667528800038,0.6160039064854315,0.7867723557813319,0.49092624504935545,0.8760080802396564,0.8400693287785902,0.7217361324212097,0.7039352230910547,0.7455676242762318
0.592488463543307,0.35821065419949644,0.6200948526721882,0.4462824655384784,0.4776947905723654,0.7006364986127729,0.5115999097171529,0.43519281038745905,0.7181780624587187,0.8885540094447855,0.6802291577111357,0.7157403097301883,0.576563530684506,0.0,0.4221303154956202,0.5610386039974398,0.49806627550484167,0.44883151966257506,0.7137670845120022,0.4818924894195662,0.6419701562807437,0.277467775254782,0.6411617778519988,0.7905154910063263,0.5864819823692822,0.6840216597964096,0.7107200712367526,0.4450350480142833,0.4673567069556852,0.6116280438422101,0.8034371963299612,0.5874459065313516,0.046378268140572665,0.6689141224934092,0.5185216768553456,0.4730378952482436,0.25615618569376386,0.32878845155393666,0.7901059812178131,0.0,0.6653018060414986,0.6794924000281604,0.9780263401268248,0.47575266148520834,0.0,0.0,0.0,0.8055642521465816,0.0,0.7499888508330516,0.5885956787900305,0.9163762189180847,0.8583096786699297,0.8482769952938114,0.0,0.7952939063179255,0.3809474883727817,0.7528654247731661,0.8350016124743107,0.0,0.0,0.0,0.0,0.7457133240820624,0.0,0.0,0.0,0.7971759641132579,0.0,0.0,0.0,0.6691912530479733,0.965604880761645,0.0,0.0,0.0
0.6044176488651576,0.7484795078464783,0.7740396063413526,0.7762531929920613,0.8825245423137102,0.4101174788484597,0.32986274953768585,0.43005043619960404,0.8585446751529971,0.6386723453543299,0.0,0.3520080472191266,0.41110958546767423,0.4221303154956202,0.0,0.6647631079729452,0.6287234621565538,0.5612165393167657,0.0,0.6807623598437909,0.6954539628616375,0.7076862136756294,0.7228906325796639,0.5962064992598066,0.5958362017673209,0.6664927040582966,0.6639021327745614,0.4511391168106563,0.4846495278996074,0.5163997403038887,0.6079823641746207,0.5352564331162564,0.7387342351399879,0.6890771450541864,0.5653550539504688,0.7279059810115445,0.39319303148096457,0.3840107698876386,0.5059065713444837,0.8671764146141682,0.7015574782250078,0.5090113728705677,0.466057635782008,0.4038156262797234,0.0,0.8237468873321301,0.549476698245976,0.7247846920184626,0.0,0.0,0.7793015389525868,0.9520000818685612,0.868349912119412,0.607433289164749,0.0,0.0,0.578056641538425,0.7897669667656606,0.47879819406416546,0.882559862021741,0.7258069518806143,0.5552615215890183,0.9576993970868051,0.0,0.9501832337356735,0.6928417313088802,0.8618666496442363,0.946811613560857,0.47611583845727057,0.6648837269462092,0.5358296735646121,0.8552447825453012,0.7506151961674441,0.7938066579313023,0.6762656151300634,0.7670809812150434
0.8139282879961505,0.7282511643663334,0.5347203012629258,0.25038958327832,0.5167091897319109,0.5861257887571942,0.44850406520204167,0.8107825631652961,0.350876662613246,0.5065317095976705,0.4903722725577162,0.5204209484573072,0.48656063779757214,0.5610386039974398,0.6647631079729452,0.0,0.8597900910702256,0.8131526307185922,0.5128587698414389,0.45953478976944323,0.7020583790907573,0.7622264447320484,0.8189059151355579,0.17042492314496116,0.8724729620373932,0.7768665027941525,0.7281677068358232,0.47284858144494796,0.5727095484269611,0.5036162121712529,0.6933378983832426,0.6346647109366954,0.35252065580530423,0.4640813762673184,0.6658632310957564,0.8158207399409416,0.574932359561695,0.6820375651924953,0.5499787050379943,0.829019860043715,0.7297095686605151,1.080659548222394,0.46860016146667893,0.0,0.0,0.9288021574481244,0.8142634843764207,0.0,0.0,0.0,0.7467550830287197,0.8213878393729109,1.0487333443855185,0.0,0.8081881553731074,0.0,0.7121607501966309,0.8449304628435039,0.0,0.8107923922492379,0.8821910813154221,0.7711498533642797,0.678118762348694,0.0,0.8320976517490516,0.8799812608493347,0.6873972994067381,0.9650032306182263,0.8193218174730761,0.8403893976762233,0.9622093742038831,1.0246646282915723,0.81352037937676,0.9446226056928344,0.0,0.7481622644237869
0.5365033912190437,0.669296095019569,0.8129729204723503,0.4213544859621272,0.8649781058695339,0.8204993609888244,0.7534126476854603,0.3906759972432208,0.7485143231185764,0.73998289001838,0.7442560175812937,0.7346121450673635,0.8119292690079636,0.49806627550484167,0.6287234621565538,0.8597900910702256,0.0,0.8845228778535988,0.8217593316599594,0.5784820382583252,0.6370534025356486,0.7420458914617526,0.6220168831913144,0.8678281732122181,1.0226090504976992,1.0666100930352471,0.8142629764027536,0.9478161611778781,0.5068800158807166,0.404213356752206,0.9964913514095953,0.8746264744597476,1.0271430068437897,0.8707063776153838,0.6344594440350759,0.6984353926129294,0.3680473846749921,0.6829280565758331,0.6333414453309066,1.025462033411223,1.0390061197222014,0.7635813539348381,0.0,0.0,0.4777179308806021,1.1553310164260369,0.7032754942116701,0.0,0.0,0.0,0.0,0.0,0.0,0.0,1.0080069183178175,0.0,0.9713199795777346,0.6651917469061122,0.0,0.5985836026869127,0.9327942976350132,1.062143206332213,1.0460502214443355,0.0,0.0,0.0,0.5483665911763093,0.0,1.1923029166020291,1.0404459872799932,1.1451059737828433,0.0,0.5633806721084277,0.48130051541399116,0.0,1.0813760121380018
0.6470717848097514,0.7434080463486556,0.7847529121263768,0.4693071574311613,0.6794695950111637,0.5938250736680152,0.4656176994918614,0.7166918355206091,0.6841662584488017,0.7120733264412109,0.7330677943901889,0.9724631979425764,0.5426641654028008,0.44883151966257506,0.5612165393167657,0.8131526307185922,0.8845228778535988,0.0,0.7788695266208937,0.4543934437597681,0.774747326432331,0.6550763468237497,0.8341059182176269,0.6710230000156809,0.7862191265257445,0.755006649744782,0.7692117548099411,0.4141698273383936,0.4484521822881763,0.461566803562102,0.5666534255002269,0.8183664222097211,0.8084154025581204,0.6287189858434884,0.6596955922682259,0.4068639273103122,0.4066457030227516,0.619638533129711,0.7143494752118245,0.966531044191829,0.8206130150970219,0.8395148691312535,0.0,0.0,0.4647136192925728,1.0146939799526682,0.9405703148161543,0.0,0.0,0.0,0.760258991974632,0.5036186004220652,0.6131947798387035,0.0,0.8175856602641529,0.0,0.9450934006167783,0.9589171669747807,0.0,0.9747118821134515,1.0136875014793791,0.7683552009223047,0.8737962746703274,0.0,0.6158391314482998,0.8387239891005825,0.869535474866355,0.9176579924937889,0.9218864524269645,0.9143620899612053,1.0028842494240728,0.8257881957493125,0.9395534215222767,0.6990179717033251,0.0,0.9080009975765623
0.0,0.7595009645186757,0.5523173448495664,0.6456487064282207,0.45061953188873616,0.6131231921412811,0.5788931863903756,0.7452868332539796,0.3790106716257233,0.7747376282098228,0.4121776485826213,0.6141193847981012,0.6407697688635078,0.7137670845120022,0.0,0.5128587698414389,0.8217593316599594,0.7788695266208937,0.0,0.4953355545725898,0.7464308229961263,0.7940226314849302,0.38901498951730973,0.49631867303175303,0.8626855378254368,0.8703714985849619,0.6489393795733708,0.698853871404487,0.5301057565745373,0.7578622150444776,0.7016247566293068,0.804556804575718,0.8786254623125578,0.7589140800203671,0.720510503897249,0.8037421711462007,0.6562608699041781,0.5630267992354815,0.866445300640077,0.4679027409379293,0.4254121430699371,0.5582275602372392,1.0288239430584483,0.4991438225860076,0.020339837225740287,0.0,0.0,0.8260269131861897,0.0,0.6160861173734365,0.7754861213060091,0.8432841646627851,0.752142356159745,0.8547197108228118,0.6597409531170341,0.4787141783747432,0.7727746105111244,0.6503315978211713,0.8836373960261071,0.0,0.0,0.0,0.0,0.8639476487673018,0.48236178357217085,0.0,0.4500464460996944,0.8393758045322126,0.0,0.0,0.0,0.7775188877743333,0.8321961262045073,0.7055568316038472,0.4720287645250939,0.9227930965299369
0.7457111252376702,0.5686195807027357,0.5204750710316902,0.5113827413602715,0.6068638283836325,0.43615116423192896,0.4325297839587743,0.47247539586781834,0.31547465358383264,0.5707274991825368,0.5092376286216369,0.41545015196158164,0.49250098874338466,0.4818924894195662,0.6807623598437909,0.45953478976944323,0.5784820382583252,0.4543934437597681,0.4953355545725898,0.0,0.7426272662024718,0.4904631411021462,0.38363209455145497,0.7709034318633461,0.47667890587526063,0.7541316682928423,0.6465899721053272,0.6389658719930303,0.565036001192681,0.6321418742674885,0.49750656585137215,0.31570734376047527,0.24571965910127017,0.6061636251196911,0.4636426445308945,-0.32579483314219787,0.5662536251670277,0.7179944037883735,0.44802738171706114,0.8402430162468569,0.7665021350241461,0.7226024138512158,0.2783452194460272,0.2548236007718997,0.3624796485028645,0.577926750937642,0.7026926070101847,1.012252128998259,0.0,0.0,0.8298410016376642,0.7581614192811994,1.0009431757915985,0.6004087080291094,0.78162545080329,0.0,0.5214654253426042,0.8272137466989581,0.0,0.82771097569238,0.7172335163316997,0.46913965725704665,0.6870401271922624,0.0,0.8164967615552097,0.7269496540193336,0.6456703093947129,0.8552094442125815,0.0,0.6771301273852584,0.48331305652044854,0.8642714668069267,0.7085165388369341,0.8016882601652349,0.7166455139440808,0.7624729775032024
0.38507478867184286,0.896430684378675,0.6149357503187376,0.42681040590696373,0.8808671847405408,0.7530558842384778,0.43664806527183386,0.9349776058402454,0.6510473359732423,0.7066831054442126,0.5206199972039418,0.6389334772465807,0.570788759222847,0.6419701562807437,0.6954539628616375,0.7020583790907573,0.6370534025356486,0.774747326432331,0.7464308229961263,0.7426272662024718,0.0,0.7294205128540105,0.8062580082739649,0.5094621608023613,0.6669810409273582,0.928434965323641,0.8347865772562666,0.6433693411049013,0.7060761537999523,0.4965218351816697,0.41029779455739035,0.45954033534996463,0.5372178581097434,0.5300379883851468,0.5255031610456764,0.7138086229590253,0.6430624053144081,0.6078364333163435,0.7788714990410343,0.9469146882567019,0.6553436552438072,0.5727070857906291,0.7849151707110904,0.0,0.0,0.7120244891629033,0.8514592021661054,0.8086298465154458,0.0,0.0,0.8949725662764372,0.5511215380000478,0.9971213467661613,0.7145273135115819,0.7899444528661139,0.0,0.748164248422402,0.7899893557890396,0.0,0.8134036622867409,0.8385794324439545,0.0,0.7771377053376445,0.0,0.7989024589456268,0.975635683099431,0.860006873140562,0.957682080531981,0.6246683234169672,0.6495858788600557,0.9440143317791239,0.8949104921524984,0.7924578534620066,0.8639927755104924,0.6818446235750355,0.5967672078985605
0.6455636534925469,0.8286917961114417,0.6242312602922778,0.6168255270869574,0.4048735005961278,0.4107836127028438,0.35475377104397754,0.6728044232929933,0.2767150591314431,0.4343909315808654,0.45261063007089164,0.6214457150282514,0.4142925148399581,0.277467775254782,0.7076862136756294,0.7622264447320484,0.7420458914617526,0.6550763468237497,0.7940226314849302,0.4904631411021462,0.7294205128540105,0.0,0.7969075371073411,0.14732136326910794,0.8525106592270818,0.9201068956280793,0.5426847225290394,0.22571188371120943,0.5212563808009361,0.15771708548766028,0.46758019643670806,0.47768051918323756,0.3146618548822052,0.634852952813343,0.5010987127211113,-0.31762420388489976,0.74345253149838,0.5786760155904485,0.23918882466138672,0.6443656024664717,0.5896868896760725,0.3427764323056093,0.3251256926029798,0.3750953404167302,0.41591906059807315,0.9048337487532991,0.7186374080786762,0.8193027533509729,0.4791532486102624,0.40842846509267494,0.8419297036969842,0.7966856561729247,0.5890779779950298,0.7506168908925643,0.5742488396792387,0.0,0.6991821010845277,0.8477278294702952,0.0,0.6782192558518221,0.7068048549103697,0.7277368403630992,0.6562913810192762,0.0,0.6357704552811387,0.53056755961707,0.6108690073975016,0.7604120621378592,0.9498621293628623,0.4991410111240606,0.6552096590723222,0.6668403874398661,0.6411562430550714,0.6595025502382115,0.4978519198837644,0.7418027750219014
0.6043383503504878,0.8262637351220293,0.30111368306870445,0.6337639367400631,0.5785695831161601,0.692110016792445,0.6742890965139625,0.8172061331183573,0.4659207663879593,0.6792978842557289,0.4803375110473671,0.2559518698989497,0.7027851716282825,0.6411617778519988,0.7228906325796639,0.8189059151355579,0.6220168831913144,0.8341059182176269,0.38901498951730973,0.38363209455145497,0.8062580082739649,0.7969075371073411,0.0,0.5008326491380918,0.8948439185854884,0.737706155613362,0.5754184652947845,0.5960635860683994,0.7423771350839443,0.6541603977816839,0.706968854493861,0.6918314133438862,0.42403645630983533,0.7310012845773957,0.6742705746044153,0.7513248602892066,0.7047041511524852,0.6070399805916286,0.8957305628553838,0.9119821146547755,0.9417210657562579,0.9625855700997762,1.0310084870956162,0.9874509325505592,0.48255010529794107,0.5695714017506641,0.8956559253292942,0.8996749487951641,0.5700497524867622,0.9281789127415212,0.9218368085770936,0.8471646778696846,0.7614509806370393,0.8531728716385384,0.7825283563724375,0.9552320919788605,0.6168393289818856,0.7817516180127055,0.8417937332323706,0.9188319840455383,0.8604995410789107,0.4858923685401124,0.7348943525044992,0.9531372973019843,0.9136463364271787,0.7337683066426515,0.7344053054827733,0.8680309954204897,0.3639355917568329,0.8264709897457055,0.8031309436706341,0.8462534197340518,0.8095861089130623,0.9073506141915679,0.9476976487135403,0.8528323148325996
0.590522031205897,0.3889677192947737,0.5476297156918917,0.1536844331908379,0.7088572569294864,0.5725565382278787,0.4674236498742994,0.4932142693948376,0.7440133806644016,0.5800026521366131,0.7159197493503143,0.6110236456833729,0.6192084064456571,0.7905154910063263,0.5962064992598066,0.17042492314496116,0.8678281732122181,0.6710230000156809,0.49631867303175303,0.7709034318633461,0.5094621608023613,0.14732136326910794,0.5008326491380918,0.0,0.8739092475640863,0.6015575168428307,0.6936036879912308,0.7649310830704286,0.7874028605630063,1.076410680728523,0.7441931407399476,0.46819333629252785,0.5474934204886738,0.15237301557588115,-0.14063193803224325,0.46178352505820974,0.38076279476570796,0.451683291360903,1.013978213973741,0.06773556728764646,0.26803081036717047,0.1834740019621539,0.4246521510281727,0.5699205921392407,0.6511807028159963,0.719109676483566,1.0138673951701727,0.0,0.0,0.4703013245130715,0.5197736167388542,0.3858902472604146,0.0,0.3211152547200361,0.5089756341657617,0.4932352658976268,0.850146428447443,0.5869020608298154,0.0,0.37016789717659127,0.9127891361532421,0.737479044009399,0.9017603029486566,0.47148368773576443,0.3959593413851149,0.21289756767947104,0.707955239694442,0.650708552334542,0.6067953505133716,0.9292524441137888,0.9595405679109033,0.4191012699179175,0.6754246269800894,0.890910474720108,0.0,0.6331284113901983
0.6317683067529777,0.7013546322246473,0.6753951877560989,0.7914085974038354,0.5521015162462964,0.4996981827668441,0.4837773228082216,0.7058966618597542,0.64346517239999,0.7538553447332756,0.8209054725872387,0.7904173681520785,0.5955341961942465,0.5864819823692822,0.5958362017673209,0.8724729620373932,1.0226090504976992,0.7862191265257445,0.8626855378254368,0.47667890587526063,0.6669810409273582,0.8525106592270818,0.8948439185854884,0.8739092475640863,0.0,0.6230898016519355,0.8039539076031685,0.5444663228217371,0.4507638996673457,0.648794930851041,0.7631792449585184,0.6659272968007639,0.9068035557210363,0.6641467520210907,0.8982512049128927,0.6219172462036038,0.6228729981644903,0.6174306665230741,0.8638096021562331,1.064065089255589,0.9741391154211992,0.8975216319571218,0.15164950227666657,0.0,0.6959068398227111,1.0735311133490146,0.9776127513241648,0.0,0.0,0.0,0.6227898715300206,0.7591176207066619,0.6754198334896495,0.3968396476420075,0.9626998370367635,0.49660478459823115,1.0499177024382473,0.4498036979650575,0.0,0.9987158151770545,0.9983849736869578,0.9068155331449148,0.9522051868220544,0.0,0.8595131594766063,1.0126625391730584,0.9579555987120223,0.6368667813655458,1.1133916790579952,0.9857619820736463,1.084037383489434,0.542936168491319,0.9341235388125568,0.637009538974917,0.0,1.0415415086485127
0.8132004648897891,0.6878030608365169,0.7377121331408214,0.6281990284784746,0.6210542038763431,0.5269192605981126,0.5955383352242886,0.7507463744675347,0.8913390403800618,0.4063161461820065,0.8786058424680316,0.5082294314435913,0.6730389419042802,0.6840216597964096,0.6664927040582966,0.7768665027941525,1.0666100930352471,0.755006649744782,0.8703714985849619,0.7541316682928423,0.928434965323641,0.9201068956280793,0.737706155613362,0.6015575168428307,0.6230898016519355,0.0,0.7748687430313359,0.7423165012357895,0.6537062880977669,0.47440245150700355,0.6834286914616043,0.772797183143404,0.9606746365703664,0.7284228368260477,0.7989823049534586,0.0692553601823285,0.5848229879745719,0.6874470220619249,0.7370683648962277,1.121761273445564,1.1183083860904284,0.6650531332974359,0.2708935145108521,0.5146588301877081,0.6044609970100817,1.033002210247811,0.9894250270079938,0.9547087986283038,0.0,0.009064136981842722,0.7286777689451218,0.7845860723182314,0.5180908920621846,0.6484148118284319,0.9954527498243845,0.0,1.0586742832605636,0.8964531945685222,0.0,0.7749755474145745,0.9830689749573107,0.956116344614705,1.0295905648388455,0.0,0.6648203158804132,0.9901493840624707,0.865883263501257,0.7695073673491223,1.0208721617297727,1.0665067711887262,1.0475145301627482,0.684736409083373,0.7293896013897304,0.7732499163025247,0.5144926184920791,0.9900401562433768
0.6770671474136294,0.5268397354016618,0.40332165199448494,0.5900325335749932,0.6378943273981421,0.6712713042466989,0.5908151636722454,0.7344090597008655,0.4181884856057841,0.6757459898215485,0.7737537137091166,0.636117361745771,0.6327775367709223,0.7107200712367526,0.6639021327745614,0.7281677068358232,0.8142629764027536,0.7692117548099411,0.6489393795733708,0.6465899721053272,0.8347865772562666,0.5426847225290394,0.5754184652947845,0.6936036879912308,0.8039539076031685,0.7748687430313359,0.0,0.6187938609233066,0.7336318604492182,0.6908428984744517,0.6907718745172422,0.6028633012751435,0.5000666519348687,0.6185989736994377,0.5874063767720881,0.4222757834025229,0.7003796108185785,0.0819207773535034,0.8843337493719623,0.8383687315305418,0.942612727487835,0.8522283450823649,1.0670244582222987,0.9593978859286778,0.346279081665694,0.7606216622285822,0.8014456229686115,0.7951032623143741,0.6461844717257668,0.8484825841659275,0.8785157096045131,0.7717033688311317,0.8219227480740726,0.8419235709395687,0.9285507357618061,0.8801223785079146,0.4560460154312855,0.771913064927443,0.7961165549037967,0.9209768977537902,0.8284281197016821,0.0,0.47967100668669194,0.871822172763211,0.9245590163758229,0.8448544362103212,0.7024036926204076,0.9222225535304674,0.0,0.6944310942430311,0.7188091135216965,0.8671226388835167,0.8234035564863958,0.8872083178181107,0.7450162071913682,0.8424575329342894
0.719696904741703,0.4215331361219102,0.670199663346247,0.45415678124417636,0.4171319017347501,0.5528208284171579,0.34717342265798135,0.6620775439235308,0.6434980181017197,0.9137459856202179,0.6314067278370591,0.3862283627731482,0.49152696888215996,0.4450350480142833,0.4511391168106563,0.47284858144494796,0.9478161611778781,0.4141698273383936,0.698853871404487,0.6389658719930303,0.6433693411049013,0.22571188371120943,0.5960635860683994,0.7649310830704286,0.5444663228217371,0.7423165012357895,0.6187938609233066,0.0,0.5779692008714761,0.4756716731206274,0.6883147256051865,0.6618463901074088,0.5215399844874375,0.6445697112514035,0.7630617119283032,0.4224138689105092,0.5159535287541628,0.39342896196589744,0.1434403061783633,0.4647436351758245,0.9859010077200193,0.7519995809996696,0.6548341112890971,0.5112326818379207,0.825960279510419,0.7022348482584575,0.7016016400216243,0.8614403000845167,0.0,0.9035533863645866,0.9230177957343378,0.7568619394408798,0.7498638775962432,0.8193246759267473,0.7001636710656598,0.9688203192381388,0.6518320870618315,0.7816765440353577,0.4264367940791374,0.838297075652213,0.463754351172337,0.3510876222311395,0.8269131711274246,1.0321629779665924,0.9221874010308557,0.806294297847134,0.6884611202229773,0.9453773660482275,0.4969586163016628,0.805824861505455,0.4903987966728757,0.9087263502155903,0.845870922983525,0.8119300678613037,0.7376811359483332,0.8267114558823866
0.7977216481515661,0.3058482430733696,0.7548371861446139,0.5630984393910355,0.6832728108009728,0.393131643905951,0.599890996916213,0.6774059137555031,0.5519443437734013,0.6901522480144617,0.5136022262663762,0.6401150885058298,0.642856533801606,0.4673567069556852,0.4846495278996074,0.5727095484269611,0.5068800158807166,0.4484521822881763,0.5301057565745373,0.565036001192681,0.7060761537999523,0.5212563808009361,0.7423771350839443,0.7874028605630063,0.4507638996673457,0.6537062880977669,0.7336318604492182,0.5779692008714761,0.0,0.639470435851746,0.8416302945609478,0.24397172048199467,0.29508845001640904,0.7751949693984246,0.5139256155217781,0.19667487701061487,0.05208316253193784,0.5127238714205875,0.721142957581965,0.8805417289804705,0.8398396715856573,0.9212506006274296,0.23289516479303937,0.7463786468994551,0.46912640161191743,0.6440647722784807,0.5656452221477943,0.852245759543134,0.4412159882865647,0.5780239064565794,0.916273702331889,0.7326949863351433,0.9894942859577915,0.7744457855392255,0.8446715595054999,0.7404306088390031,0.6328612988026397,0.772362822406258,0.570931517253763,0.9004166776755591,0.8695927832585942,0.48297556769506955,0.7548135823540238,0.7436984163653642,0.8796508613862362,0.8820666199484596,0.6294373051150063,0.9858168217617331,0.4738586313880447,0.7952940690991714,0.5800593197984579,0.9672618023505131,0.7959786373567517,0.8328496604745809,0.6281646863816575,0.8201520013231833
0.7044180225648431,0.49945571332222094,0.8115242387875697,0.35660744402942424,0.5907681441181594,0.6854726995680838,0.8678127227019226,0.6638277062606306,0.735730500735259,0.40848227335962806,0.5247459194526706,0.3937035187808665,0.7011112410553926,0.6116280438422101,0.5163997403038887,0.5036162121712529,0.404213356752206,0.461566803562102,0.7578622150444776,0.6321418742674885,0.4965218351816697,0.15771708548766028,0.6541603977816839,1.076410680728523,0.648794930851041,0.47440245150700355,0.6908428984744517,0.4756716731206274,0.639470435851746,0.0,0.704019659132245,0.5061167622287749,0.40429974036876976,1.0464165320973864,0.5624946443204978,0.6953607502742205,0.535097128279829,0.3593911703821522,0.9920236828477129,0.507309359430332,0.5992771723317605,0.6051190693898539,0.7363747227094601,0.29863553614531546,0.0,0.0,0.0,0.32506732414658746,0.0,0.0,0.7895569736403527,0.8421521005330055,0.5764275414123374,0.8093181814439028,0.5190982771557322,0.0,0.023740631666661807,0.6781559448159769,0.0,0.7979909320226983,0.0,0.0,0.9619176657614834,0.919705855834853,0.8280436152731745,0.744726244851295,0.6001049771679963,0.9815632147069991,0.0,0.4306874142426699,0.48115643508209366,0.9712833370768288,0.8550207319196028,0.7783771722367273,0.7944270057364178,0.6751138868142637
