0.0,0.035987818091094304,0.013644401436901488,0.0,0.012410915661616562,0.032605909441119796,0.003932924059724063,-0.0007223761152329033,-0.008898031729130618,0.008440848287935732,0.00844843475390622,0.019322607754100662,0.001579083708820317,0.00268009263889879,0.009416473249461876,0.009242278150094208,0.016798057359894536,0.005566876704840629,0.0,0.011329945422788257,-0.010030649702568062,0.0032479967068717586,-0.0032869742056251816,-0.011606217488922155,0.016057208567931247,0.011811534476080854,0.0024967279578003154,0.017570755434438645,0.024368287059651217,0.006839534421718085,0.013223242685958647,0.023504665029716876,0.016300436417665487,0.020135340734898755,0.03855361848667538,0.011539365942175639,-0.0010809952396929612,0.018279988906143574,0.04124279090578714,0.056366549539590916,0.058732228943685016,0.04246658974414791,3.885152995042329e-06,0.0,-0.0074700657773629775,0.049547670500382945,0.04721227159705488,0.0,0.0,0.0,0.0315716505095846,1.1102230246251565e-16,0.030644034868635484,0.0,-0.005409041331516151,0.0,0.05001618225800952,0.005003352167885444,0.0,0.07858671767211572,0.04363631535754359,-0.04917872776633847,0.025540136351760445,0.0,0.023270393384861532,0.10873957807148138,0.047732967719823605,0.0071829070084371005,0.018253766740154387,0.03714369891703179,0.04964748948547948,-0.0005858156223145228,0.0005198749543675607,-0.00839707450126076,0.0,0.0008692109749918742
0.035987818091094304,0.0,0.008754275156054703,-7.745379350221349e-06,-0.03317262113957198,-0.030846174402977378,-0.035055225258035894,0.037915056828890736,-0.045383055713167586,0.005577136260414062,0.008811881523305976,0.015529283334698607,-0.033187821909405835,-0.0035560612815516146,0.013662698695057651,0.007354300214786225,0.007653541723379009,0.011258526927924284,0.013918660756724821,-0.00530937360946776,0.0374648031285994,0.018268954384579206,0.020237061760013997,-0.013887104240614123,0.02202456927615698,0.02320011115592474,-0.01008520433754273,-0.019674014038773224,-0.02543637092570522,-0.000401202253713151,-0.012755009016061136,0.011323244263059584,0.011385335759198811,0.012024469817497885,0.02068550890062304,0.0028723454263301362,-0.0022294096576335187,0.0,0.009129235809761604,0.03948160171491666,0.03670821635270338,0.02205821779871303,0.005734021360975672,0.0,2.220446049250313e-16,0.04732025735715123,0.031144848671359526,-0.0006084000940085876,0.0,0.0,0.019708672316359532,0.021384202748492398,0.01105332256004904,0.014908008831484187,0.036531447212637014,0.0,0.01965720131538462,0.01062862695994471,0.0,0.03125546850031513,0.035920748965668936,0.03141887252449954,-0.0006637482428920594,0.0,0.015545554208198753,0.03829018406275586,0.02238850219875299,0.029300991428640843,-0.014660035690228668,0.004953913411847699,0.04179493157510061,0.019193369640759572,0.03017189115588198,0.015270320847606267,-1.1102230246251565e-16,0.014948804905337565
0.013644401436901488,0.008754275156054703,0.0,-0.0022637681298886547,-0.0022443173133124827,-0.0016370943957316753,-0.0015294632790969764,0.007697656848163703,-0.012755771157206997,0.007090241763484384,0.0018104712184416893,-0.01426712505074662,-0.0011524347749202746,-0.006064666459146439,0.03332698618930319,0.001134016633063506,0.014480613472330817,0.0253652099435433,-0.0008373233752319575,0.007953981606368565,0.01395963079970114,-0.0013149195707644612,-0.04086248581556334,0.0038899499928651826,0.0207693283767581,0.01891684197247967,-0.01586450985901383,-0.0006312394614239047,0.017775076215564622,0.01935792267765385,0.00867040385646961,0.032159395099516985,0.02191524450504495,0.009474958246235232,0.009948294310690498,-0.004810295389907404,-0.001421313711789829,0.025852410472298804,0.0722554011846524,-7.956962749799956e-08,0.04236810818525871,0.01674187133708316,0.06968945780384161,0.01952764090992215,0.0,0.0,9.77501922785895e-05,0.012323273556390069,8.726157474381324e-07,0.034121187758567983,0.02797684198677597,0.03780442881793111,0.04010924718261588,0.038699764633740474,-0.0015005736468467479,0.06896706951531462,0.01777340309296327,0.03929861453171235,0.023354178742566123,0.0003443973505104503,0.0,0.0,0.0,0.027633929259999968,0.015882004723594134,-0.004449457318246475,0.0006309123019732632,0.0475972509095115,0.0,-0.00019722598097970945,0.0207313013200367,0.007792953764114707,0.04879355415452946,0.0316963767370092,0.008895113779464503,0.054415082281151994
0.0,-7.745379350221349e-06,-0.0022637681298886547,0.0,-0.005938347769438607,-0.007946668736397766,-0.023872997285519726,-0.03841680833998823,-0.0016885737991936822,0.004771496746006715,0.01775960814403893,-0.026796485783695423,0.006078340386960257,-0.00032406265541679025,0.016683394949343455,-0.001123439870722498,-0.0056091285130518975,3.973620748665141e-06,0.010153319771873226,-0.011301570808751438,-0.000904724593214612,0.005569697317531375,-0.003038633469150731,-0.022781588994714663,-0.00013163608584904063,0.0048133131575457955,-0.006087773675975405,0.007802234645753692,0.005694978242438531,-0.013873543050596737,-0.04342786216785949,-0.017341530188113796,-0.04155255002003022,-0.02695074632237915,-0.06724461859184219,0.025976261159943392,0.007448483595562411,0.015424001055336645,-0.009243180956770736,-0.00022735596788303614,0.029133522897471842,0.014856858409569906,-0.008456502075987082,-0.004444192884099918,0.0,0.0,0.0,0.0015850245757854098,0.0,0.0,0.031029787331671888,2.220446049250313e-16,-9.09416020938858e-06,0.0003600502941569217,5.551115123125783e-17,0.0065705283282913585,-0.009456091071348288,0.0008001794209254176,0.0,0.0,0.0,0.0,0.0,0.0,0.0,0.0,-8.018314083979572e-06,0.030638744900524206,0.0,0.0,0.0,0.014889058306537528,-0.0037393269293928832,0.004343857298463094,0.0,0.0
0.012410915661616562,-0.03317262113957198,-0.0022443173133124827,-0.005938347769438607,0.0,-0.01229987449219544,-0.007045986726357922,0.022678796958877034,-0.021120176404656243,0.017365510497902803,0.003784805635549726,0.008330766057186634,-0.012032365376333676,0.00839795104657115,0.019360768530289563,-0.020786749788565595,0.026553184443594835,0.020935100189026168,-0.01991406418964231,-0.0007802661770732189,0.029645228109153154,-0.024783040469130824,0.002764946344784691,0.02153591450657749,-0.005566973931487029,0.005424696767754644,0.0064667792192495965,-0.018103003605197954,0.008525635376897545,0.0028111634877232006,0.020959537021021546,0.004968438451743551,0.05325567897961536,0.016311381772391054,0.02029012931280122,0.0007450131986726227,0.021146918806337123,0.025304292802838524,0.04154746271871662,-0.008516409989265505,0.025604505132591826,0.002674104481462991,0.12821311557339032,-0.061930790656513024,-2.5704788070846085e-05,1.1102230246251565e-16,0.003244905128639286,0.046651935564147595,0.0,0.0708630367667486,0.038086641467457716,0.03874396738539454,0.04889115931713478,0.05742832441511375,5.551115123125783e-17,0.10180957037853161,0.011439621225939722,0.021808166849663357,0.1021156060365006,-0.0005984675571317766,6.129589716330486e-05,0.0,-5.551115123125783e-17,0.06638744310080152,0.009011807408667749,-0.00042227582944398545,0.011243419731350512,0.04681637503102759,0.0,-2.551098327530088e-06,0.00443805494958166,0.03292763441351382,0.014065607345145503,0.0275789991290743,1.1102230246251565e-16,0.026006379640284405
0.032605909441119796,-0.030846174402977378,-0.0016370943957316753,-0.007946668736397766,-0.01229987449219544,0.0,-0.01151014354884905,0.019654594704076767,-0.013942781251885472,0.019721665791199938,0.009410177459875713,-0.0026663680813117097,-0.0003288795514061471,0.020275336986884995,-0.03278699695021142,-0.0047735050706594895,0.03798699241147624,-0.0011972674414085227,5.3921010430058036e-05,-0.015966673597897885,0.018941924176887837,-0.014739242213100856,0.010929616595790725,0.01579522726736804,-0.011919988803546389,-0.02053491645863037,0.006038322559152931,-0.010758886685721114,-0.011582395913707466,0.0014813401725388142,0.01863159628855615,-0.012168933583302122,-0.0160050939766056,0.013730802547976373,0.008632735606786457,-0.014926083026219616,-0.0013782684249834531,-0.010050253476056037,0.04157587643265287,0.01767870619127848,0.053020532624495076,0.06590535191989727,0.06307518986908306,0.04332564969045144,-0.008011861814490262,0.014720288430436657,0.013422271769442495,0.03082357014503767,0.008489823880730551,0.035583437206365365,0.04338309069044066,0.038823810560295935,0.04118246531534686,0.04449201033106143,0.02624089812540009,0.05403264878947156,-0.003433456544660096,0.026740472685812477,0.016644319127717133,0.041578219153595775,0.016409608085508065,0.0,0.008367829826838036,0.03866988484300926,0.03497792643834052,0.0368847083892192,-0.018463411830568544,0.04556282330624262,-6.74200646361145e-06,0.011013232010751328,-0.010355318640801359,0.036479686115014176,0.02767255807072211,0.03083639673138533,0.007511524632499378,0.03553754685080818
0.003932924059724063,-0.035055225258035894,-0.0015294632790969764,-0.023872997285519726,-0.007045986726357922,-0.01151014354884905,0.0,0.021490511587968775,-0.013177407661870644,0.0011730248058651749,-0.00843142696442295,-0.04747203598874683,-0.001270942703945177,0.019853864884107453,-0.0330650791841392,-0.027838465386766986,0.011402743846622376,-0.021267840784102154,0.0003227118247813854,-0.02008594267463376,-0.012953463087307715,-0.03245141667444129,0.009121140040747433,-0.007158765390425037,-0.018521384611542124,-0.010416253966128441,0.003783871448935494,-0.02175125059711297,-0.0015284291138334405,0.032680199754842876,-0.01265773148470506,-0.0171970233873725,-0.0020415560203101424,-0.02857816121177026,-0.03376911154237111,-0.016227929460735147,-0.014133289506679081,0.02622079759078838,0.034777968851588736,0.0077362360842933575,0.041241224553842104,0.017491056770913338,0.05227499644508499,0.01650229280402149,0.004062439199335688,0.0,0.01408831084374318,0.02928661583260095,0.0,0.04733306803402659,0.03164716898056691,0.028891774504908208,0.019833621351216246,0.035322490005341156,7.989216412607192e-05,0.05693152032128346,0.0014357076198029395,0.016749110132383338,0.055304794955098824,-0.0010302290655880841,0.020340642029026135,0.0,-5.5156684787838195e-06,0.03311550674016195,-0.003219018158081899,0.017758246735304684,-0.022531207023287536,0.034592156801532825,-1.225852758540702e-05,0.01752142068856699,0.012840522340256733,0.02490464258223951,0.017066416472034773,0.004637687562126125,0.019822405207576832,0.001872553077709005
-0.0007223761152329033,0.037915056828890736,0.007697656848163703,-0.03841680833998823,0.022678796958877034,0.019654594704076767,0.021490511587968775,0.0,0.004078100932877027,0.01447535258555055,0.02221284693372011,-0.053665901668848215,0.01380116759499278,-0.05143704849329944,-0.029151123924864242,0.014879622940662418,-0.006670912840208265,0.013430511501833109,0.027176187994193246,-0.009277967784325158,0.04748328596405321,0.011225608268139342,0.025040232237244886,-0.0012553516317205249,0.013085144437839702,0.01725820599391803,0.013119383686783392,0.006868165825711148,0.02325298491943323,0.01016442703756032,0.018149110892475673,0.023671026692060892,0.05476609841381053,0.017827603466267716,0.017233205091248094,-0.027555410100948863,0.06543641964466662,0.03126193819441514,0.03606554893173486,0.014801881664121275,0.04069333185300039,0.0318923233794946,0.12575837166722087,0.00890307854484046,0.0,0.005407936311613459,0.024083182582540053,0.008664223111345404,0.0,0.028165675871565876,0.03683272322047082,0.032290096214397435,0.040219890527013025,0.032626921389290575,1.596399231784673e-05,0.04955849694388431,1.0039514823978468e-05,0.02373760921217416,0.08654417944196491,0.0256284332673411,0.016343109521102628,0.0,0.00043975013894648196,0.058594400381367207,0.01286640155300367,-0.2345362506331359,0.011958196278088862,0.04132572180517724,-5.551115123125783e-17,0.004357511539706205,0.02216888263306871,0.016376075335464313,0.03249680991858289,0.026399897644389436,0.019646805233169806,0.02108109858366536
-0.008898031729130618,-0.045383055713167586,-0.012755771157206997,-0.0016885737991936822,-0.021120176404656243,-0.013942781251885472,-0.013177407661870644,0.004078100932877027,0.0,0.01404667804661458,0.0020499008540761365,-0.0034353382440034386,-0.009396116410760713,0.025237139855991353,0.01181758784065634,-0.04117051701456509,0.013459974964558308,0.01283143227524114,-0.0032080375873308475,-0.03733615228293502,0.021922660664733862,-0.03929297204248633,-0.021155486742193697,0.013905012568378283,0.01636418878113477,0.04274338342755818,-0.01348501151667919,-0.00221215149570414,0.005667681861249829,0.017084521103079786,0.009544284276813586,0.029377867841867134,0.03183628675510036,0.017446799392648038,0.027132161043665226,0.001726969850911808,0.015186925506209037,-0.003725131330791165,-0.03404837165473579,0.010812492075071067,0.0794763853968905,0.014937816592585806,0.077215184229533,0.016458106401231243,-0.0018181962859540324,-5.551115123125783e-17,0.008868376110276965,0.03574163907687655,-4.1920869664480165e-07,0.026212964517854598,0.03672201416903986,0.03620736824561499,0.03028670044375492,0.03221904276061793,0.020284004640750475,0.052351072740220106,0.011854899163529664,0.01822775400543941,0.048624371065966565,0.019213419635675077,0.001859103963128217,0.0,0.0,0.027766303868724584,0.013741549185904922,-0.005850908455680814,0.005965230264043775,0.0350749568044505,-5.159336768978395e-06,0.014856187640243712,0.02026281690282883,0.02881126179028326,0.0029786811615637454,-0.003653627848300367,0.007347350491747284,0.04636800318215495
0.008440848287935732,0.005577136260414062,0.007090241763484384,0.004771496746006715,0.017365510497902803,0.019721665791199938,0.0011730248058651749,0.01447535258555055,0.01404667804661458,0.0,0.023650301304595,-0.015405538977336486,0.014891575091625142,0.07410102306539801,0.01785463720500352,-0.00029718656925170617,0.005728305235668862,0.01390172291715841,0.016713190137774836,0.00967372176756387,0.003130146120161492,-0.012814776169478348,0.014795425090110004,0.00530038632219032,0.002164004941615616,-0.03829399290647162,0.019136239704182656,0.027802923654771605,0.018174415438249214,-0.008791442777877412,-0.004289332693705072,0.00231045494433052,0.019936164058043826,-0.007077447053626007,-0.025795737561131404,0.05358718969588189,0.01128722212096328,-0.025731035968134253,0.055984607121219776,0.021019563365755556,0.046093675940970136,0.08783215375825809,-0.012529906035144145,0.004977302543634543,0.03268812940078086,0.024972261397798567,0.03491796335960551,-4.580209770455035e-05,-2.3803250533416254e-06,-0.0010989713649537936,0.03040076821058879,0.032185653793914804,0.0036009269993348414,0.0007421356959862457,0.04322890402799634,0.014017098052188814,0.05484772818945843,0.024731020926850533,0.0,-0.0008489469851887255,0.05046810522126194,0.06920107376565388,0.06842568687724188,7.824253185906294e-07,-1.271243429384894e-05,0.0008352062430604379,0.010559124975396073,0.02669890573840511,0.07141147054142966,0.0645760258106492,0.06274320292414581,0.03747232718166066,0.03343602190205969,0.027619958263043476,-5.551115123125783e-17,0.026375312258512695
0.00844843475390622,0.008811881523305976,0.0018104712184416893,0.01775960814403893,0.003784805635549726,0.009410177459875713,-0.00843142696442295,0.02221284693372011,0.0020499008540761365,0.023650301304595,0.0,0.003709578757126686,0.003138760315359146,0.021552664298853774,0.0,-0.00024215709044766998,0.017242185363053164,0.012428290317809954,-0.016144771751937903,0.00013082522606500113,0.001210589182498445,0.004693494102667561,-0.009281876453002158,0.017652291620443794,0.026548797003348945,0.02736224320025693,0.018295726646723076,0.009033521038780856,0.010996788350971676,0.0016330607515696038,0.012012203152413803,0.03543602911455557,0.048636914029808465,0.021994585542029044,0.03440061616648177,0.057477888211993955,0.028782555559094702,-0.004121444888471326,0.01972750198119022,0.00830472986396208,0.019382818937435764,0.014742330680850069,0.12620866196151653,0.005182621836360979,0.0007728893644201595,0.0,1.1102230246251565e-16,0.1065951377423715,-8.117465022383641e-08,0.05252040148275322,0.06706206679627857,0.09399906978622091,0.07862451125796055,0.08277571685542323,0.01716721979496405,0.053276377232459926,0.015623917840832113,0.03421070122076453,0.0788190869235913,5.551115123125783e-17,0.0,0.0,0.0,0.001970147826785562,0.008804411745325313,0.0,0.00025978433839951576,0.0642855926221707,5.551115123125783e-17,0.0,0.0007320279934847629,0.047230510431466755,0.03718001849682484,0.02328807951187567,0.0,0.02291355994819816
0.019322607754100662,0.015529283334698607,-0.01426712505074662,-0.026796485783695423,0.008330766057186634,-0.0026663680813117097,-0.04747203598874683,-0.053665901668848215,-0.0034353382440034386,-0.015405538977336486,0.003709578757126686,0.0,-0.015300965705947689,0.03448748525631695,-0.01219796520309574,-0.014922119038349446,0.002015234779291386,0.027241676423790107,-0.0052347324047824495,-0.006705994500358581,0.0009296559449877839,0.026233907046463223,-0.0343298610203559,0.013622995084240641,0.014051969718782698,-0.0024139084680776524,0.004462038858939199,-0.01993572309052455,0.00541099374821763,-0.0034770217815278115,-0.0031794188093701714,-0.032612327914205236,0.035195851460648964,-0.03549662468011189,-0.05260195204278986,0.0015478785204256496,-0.026460216427828198,-0.04918214318776887,-0.05186289274338124,0.039689897836248156,0.05782825314653056,-0.03037993189888949,-0.02296071553608875,-0.016054503481911564,0.10329684855958421,0.030080039820719384,0.003092234961967699,0.009779084636171498,-0.00985937326470715,0.007522354335891435,0.004130476350659551,-0.02530737437167474,4.121737849654972e-05,-0.0015443588906304817,0.04707689579481439,-0.006476758332583932,0.05647939342500102,0.0019915336789467775,5.128792494757395e-06,6.749120291416055e-06,0.023219706458360467,0.04189634038396217,0.055020032663362084,0.010017661470500372,0.0065859872747284776,0.023614390044473688,0.0020423744356871665,0.002056636096565201,0.04889708103625562,0.04551296722892839,0.043542105942342924,0.041850441756202506,-0.018280599283448884,0.004652140733103494,0.0,0.03972844936024128
0.001579083708820317,-0.033187821909405835,-0.0011524347749202746,0.006078340386960257,-0.012032365376333676,-0.0003288795514061471,-0.001270942703945177,0.01380116759499278,-0.009396116410760713,0.014891575091625142,0.003138760315359146,-0.015300965705947689,0.0,0.010270551450571597,-0.028577259424472035,-0.025172030947252066,0.022261246529255596,-0.016992962425310176,0.007207567642231516,-0.019714418142509293,-0.002803396338744324,-0.025318867153780122,0.0050989113562913135,0.015725124579019922,-0.012115080728021588,-0.0024995185568467693,0.0006059048756887342,-0.01757198488836098,-0.0013354970414247158,0.017042921790569376,-0.00041938398563151624,0.003583871561133989,0.002048772497677487,-0.001581211306316721,-0.00618440901565509,-0.02123566339592009,-0.005212944216888449,-0.029214635782113807,-0.03589376420706797,-0.0023397595388288672,0.0811033433685569,0.08749336499669991,0.04977955350483321,0.03753984673020122,-0.004694799394843074,-0.0028352423630193524,0.003163972555171979,0.02670375087945953,0.0,0.0274695533726802,0.03418386265015283,0.03253151003946919,0.024082169663196373,0.03962524869181516,0.005247276736971396,0.06350631503672521,0.016308922794596725,0.017113455253963794,0.023572980324532977,0.009258755478194991,0.014931011293143337,0.018375272839995238,0.022154378803566688,0.04164412073167145,0.005764267432318837,0.028027123716518887,-0.020324663541405885,0.03840855439532409,0.007950626665235161,0.016232259816028216,-0.009440496965713419,0.03051618169452186,0.028441053334000266,0.012469175417968048,0.023489980986059367,0.022238245517371524
0.00268009263889879,-0.0035560612815516146,-0.006064666459146439,-0.00032406265541679025,0.00839795104657115,0.020275336986884995,0.019853864884107453,-0.05143704849329944,0.025237139855991353,0.07410102306539801,0.021552664298853774,0.03448748525631695,0.010270551450571597,0.0,-0.005941138524494793,0.0013635277462518136,1.0907516171554388e-05,-0.00025030751139132335,0.012693662633043334,0.0010494831929939163,0.009629108752063686,0.00014846020458358922,0.0003065336888938841,0.019995486035139287,0.011402616053067305,0.02120535562873982,0.008477264441633825,-0.0032862986469137656,0.015844793964983672,-0.0014450975720320391,0.03595860634027803,0.06743876011314387,-0.07081061349727996,0.002383928423116688,0.038953866711400886,0.019608464421761534,-0.004699468768309012,-0.004150425946941927,0.040114107696250456,0.0,0.003283767226651635,-0.0007531203277929555,0.07365306238838476,2.336611295561397e-07,0.0,0.0,0.0,0.04702532986264579,0.0,0.03998755889737665,0.01583325644695438,0.05213655140977097,0.05416045158151728,0.06415773393378038,0.0,0.052160598027024996,-0.00041213429429109993,0.011780486460381545,0.058596267127777435,1.1102230246251565e-16,0.0,0.0,0.0,0.048117325400472644,0.0,-1.1102230246251565e-16,0.0,0.04087202929442407,0.0,0.0,5.551115123125783e-17,0.025888873983986482,0.01912738854145135,1.1102230246251565e-16,0.0,5.551115123125783e-17
0.009416473249461876,0.013662698695057651,0.03332698618930319,0.016683394949343455,0.019360768530289563,-0.03278699695021142,-0.0330650791841392,-0.029151123924864242,0.01181758784065634,0.01785463720500352,0.0,-0.01219796520309574,-0.028577259424472035,-0.005941138524494793,0.0,0.0007163704707257024,0.008866732800656918,-0.0008655898992677713,-1.1102230246251565e-16,0.0034463342469815417,0.012507380298980741,0.009958831245208022,0.008084801114398243,0.014047075908416806,0.0051212618297995505,0.00726079016011133,0.005128736022754765,-0.010017412629070244,-0.012687002538690817,0.00031051489763994633,-0.005895374304072998,-0.0011806773183307695,0.01564322758013814,0.014209698835976114,-0.004443516552212701,0.009406366498323715,-0.01675805338485692,-0.0002808231633244507,0.0010894987295090863,0.031402652706797596,0.016110868046188054,-0.000552597461811577,-0.004584738104167929,-0.007044585621770072,0.0,0.02096030545118971,-0.012974393478747404,0.016699997658852828,0.0,0.0,0.03564939617750157,0.024613768400722047,0.053263662636837794,0.0031649350029332446,-5.551115123125783e-17,0.0,-0.0018409283237348362,0.029327149692479793,1.3306601202023316e-06,0.04485111249310714,0.011483328819314242,-4.6512876763160627e-05,0.02308894363825109,0.0,0.03855207473277755,0.008531811822431568,0.016225409882860253,0.041593580188641066,5.552925452539936e-05,0.0060651041750631185,-0.008380399840603792,0.03459738436111781,0.023380155225953547,0.029952838746021115,0.019189771268308564,0.029068003289505928
0.009242278150094208,0.007354300214786225,0.001134016633063506,-0.001123439870722498,-0.020786749788565595,-0.0047735050706594895,-0.027838465386766986,0.014879622940662418,-0.04117051701456509,-0.00029718656925170617,-0.00024215709044766998,-0.014922119038349446,-0.025172030947252066,0.0013635277462518136,0.0007163704707257024,0.0,0.03026359246425575,0.011529506070238005,0.0003979646492171529,-0.017521949572684825,0.0014994352902600872,0.007601027089846724,0.014127043631820324,-0.05271341008734276,0.027849502043852892,0.010769511549433286,0.007011311122793851,-0.01949513600460656,-0.005332273453714342,-0.0101157086279558,0.002352587009880558,0.0037117518852498588,-0.016541262736478435,-0.0026638647326262532,0.006400488446669628,0.012491919466093515,0.004949599772369528,0.01761424751943841,-0.009643524381431401,0.03387055573599973,0.014304985322958097,0.05360738062454956,-1.7350792694270645e-06,0.0,0.0,0.03697677104922986,0.014396324602186428,0.0,0.0,0.0,0.017658471810733545,0.01374618524747806,0.018307964218367834,0.0,0.03663701378891521,0.0,0.022501469381783046,0.022564106360858482,0.0,0.023507396956095772,0.028223041803887183,0.03626743003175731,0.0069597215140395075,0.0,0.027592573799311515,0.026163536436497603,0.00555878774723878,0.043159612935547376,0.03645209743176481,0.01965396245723189,0.030756523470811592,0.04953515678933901,0.027787561704183172,0.03463970252479831,-1.1102230246251565e-16,0.022236960719341392
0.016798057359894536,0.007653541723379009,0.014480613472330817,-0.0056091285130518975,0.026553184443594835,0.03798699241147624,0.011402743846622376,-0.006670912840208265,0.013459974964558308,0.005728305235668862,0.017242185363053164,0.002015234779291386,0.022261246529255596,1.0907516171554388e-05,0.008866732800656918,0.03026359246425575,0.0,0.022917207341043078,0.011503724891697431,0.012384859012546545,0.004243428020016593,0.012444017117523354,0.006832109613988557,0.03222013236957055,0.0411129117628492,0.0568738935254714,0.03537152964564527,0.027675502914409456,0.011640521722746155,-0.00883051990027195,0.02933487836311266,0.02383642816508119,0.04894465885953492,0.02530629685943686,0.006770899545822218,0.00895340010432838,-4.81132796115169e-06,0.033637393659968706,0.011069450451351104,0.08798747166387738,0.08307024317931527,0.017605310653213635,-5.551115123125783e-17,0.0,0.0007584470405681554,0.05532915566711927,0.020315911000839515,0.0,0.0,0.0,0.0,0.0,0.0,0.0,0.0687584612406491,0.0,0.06793944941820268,0.0154273128253678,0.0,1.9382332330730723e-05,0.0754553906820235,0.06919510734717133,0.0725727770097,0.0,1.1102230246251565e-16,0.0,0.004279616154538202,0.0,0.07835398154549889,0.0632528763802035,0.07122903709670564,0.0,0.008970352930362302,-1.0456573927619672e-05,0.0,0.06836023275361092
0.005566876704840629,0.011258526927924284,0.0253652099435433,3.973620748665141e-06,0.020935100189026168,-0.0011972674414085227,-0.021267840784102154,0.013430511501833109,0.01283143227524114,0.01390172291715841,0.012428290317809954,0.027241676423790107,-0.016992962425310176,-0.00025030751139132335,-0.0008655898992677713,0.011529506070238005,0.022917207341043078,0.0,0.017501353869734004,-0.014438508213972634,0.016659636249763132,0.0056058337031243965,0.02624742140352232,0.007660995441248153,0.013468901572236291,0.01833813592969913,0.011056057796163254,-0.020791107338637094,-0.012892797799869182,-0.0167386711506472,-0.002743569835326587,0.018271335733291816,0.020925833605259236,-0.00353790593489417,0.01448305828191565,-0.020220673472897688,-8.018727601477593e-06,0.032235211806208364,0.008654164066959014,0.06300096691961449,0.04061341928883244,0.03401439111427329,0.0,0.0,-0.006514349180712087,0.04508705827662385,0.03733375812541245,0.0,0.0,0.0,0.018315269141144286,-3.3817548472425685e-05,0.0010008684748642471,0.0,0.037061659858318,0.0,0.05088246349387532,0.02710491343367516,0.0,0.04135683868816081,0.04863571747561807,0.028643643309427536,0.040251707330491826,0.0,0.01301675865718499,0.009787432974606547,0.029663953496689932,0.01508066537594488,0.03848385556395856,0.04129250708291965,0.04313310717427321,0.024296543556348915,0.02334957850853636,0.01199659857848312,0.0,0.03210767167051226
0.0,0.013918660756724821,-0.0008373233752319575,0.010153319771873226,-0.01991406418964231,5.3921010430058036e-05,0.0003227118247813854,0.027176187994193246,-0.0032080375873308475,0.016713190137774836,-0.016144771751937903,-0.0052347324047824495,0.007207567642231516,0.012693662633043334,-1.1102230246251565e-16,0.0003979646492171529,0.011503724891697431,0.017501353869734004,0.0,-0.0009107157398606791,0.011594129404202125,0.012476436143070813,-0.029491529089733792,-0.010440999900383663,0.02423822857355995,0.026587968164973774,0.007471769108034099,0.008403480320077816,-0.002155219610827319,0.013378536245507111,0.01566813471051559,0.02829336676359545,0.0457348184719662,0.020482102567387972,0.025625483212899702,0.022181220216182296,0.01615553986094942,0.002240960168064743,0.036053826466018735,6.219721726097305e-06,-0.0020284359744910385,0.02755139491572295,0.07984251419662736,-0.0007500206171953128,2.5539952911990405e-06,0.0,0.0,0.05664862408562199,-5.551115123125783e-17,0.03468169019392886,0.03624644615060346,0.0343279909297729,0.03356590257594483,0.036067036473244385,0.0002660257484228268,-0.046041854257371284,0.017550061547008444,0.017065747032504408,0.0842215825633203,2.220446049250313e-16,0.0,0.0,0.0,0.06323106777787996,-9.001084123938519e-06,0.0,-0.0002678787077778355,0.04047639458721186,0.0,0.0,-5.551115123125783e-17,0.026609165156546655,0.026542354086924957,0.03047788404841112,-3.1031761878463904e-05,0.03654593724018118
0.011329945422788257,-0.00530937360946776,0.007953981606368565,-0.011301570808751438,-0.0007802661770732189,-0.015966673597897885,-0.02008594267463376,-0.009277967784325158,-0.03733615228293502,0.00967372176756387,0.00013082522606500113,-0.006705994500358581,-0.019714418142509293,0.0010494831929939163,0.0034463342469815417,-0.017521949572684825,0.012384859012546545,-0.014438508213972634,-0.0009107157398606791,0.0,0.015441471921600891,-0.012236585833189817,-0.04158911667440002,0.026523533535883992,-0.01866728607907231,0.016888920932787987,-0.0009399067041238607,-0.0014259660011476938,-0.009679875362269108,-0.005408319855121413,-0.015065976316942786,-0.026088287372577346,-0.035176383764504104,-0.003433153939535416,-0.0210619032179854,-0.1467402430962665,0.0011476252428683775,0.0012952205883845491,-0.011650546550476426,0.03311222792598523,0.018536351420125885,0.02106388997247538,-0.03583305033440265,-0.005225087558180352,0.00039422821146350984,-0.007580390373851997,0.009937827408222244,0.057002496698714655,0.0,0.0,0.04164547527368695,0.013993011776979924,0.056050290964237526,0.007700843453146089,-1.9017338169224907e-05,1.1102230246251565e-16,-0.00218796414791933,0.026458748144590816,-1.1102230246251565e-16,0.022376872569729533,0.024997482855413422,2.7601366560658924e-06,0.008887127411471907,0.0,0.025520954743525948,0.019380201418698173,0.0026449924212487153,0.03572403172729971,0.0,0.010455011772348366,-0.005209606279394652,0.03740457021495569,0.027520934378509665,0.03002078542747677,0.01964080978908611,0.02497425940280984
-0.010030649702568062,0.0374648031285994,0.01395963079970114,-0.000904724593214612,0.029645228109153154,0.018941924176887837,-0.012953463087307715,0.04748328596405321,0.021922660664733862,0.003130146120161492,0.001210589182498445,0.0009296559449877839,-0.002803396338744324,0.009629108752063686,0.012507380298980741,0.0014994352902600872,0.004243428020016593,0.016659636249763132,0.011594129404202125,0.015441471921600891,0.0,0.01696704965359147,0.020810403618770956,-0.0035340154274349778,0.019548361182013696,0.02871600042741973,0.02483744740007926,0.015196608830644553,0.025205523533951002,-0.008529875628418837,-0.025259649283114305,0.0008528220899765016,0.0050857762173115995,0.004283975469028922,-0.005741813976877841,0.04428217219614927,0.017222941218321075,0.00458587714178238,0.027089911374082454,0.05420470590639387,0.026121880518708618,0.01139804027539948,0.026018726624527366,0.0,0.0,0.031034640518969647,0.02830217940239904,0.019403090678823676,0.0,0.0,0.044146581137826824,0.00891984297580195,0.08661850297139945,0.0114232188596472,0.004376042936099722,0.0,-0.0012531363588142441,0.025515015449461165,5.551115123125783e-17,0.026907448127891143,0.030592778906211593,0.0,0.012709392594597912,0.0,0.023035955246330897,0.07593057391311842,0.022098960940953705,0.057636136485129275,0.0033249369875077983,0.019397718537071285,0.02898112588455809,0.052324755437876624,0.0255619624504127,0.03310092904490586,0.02275739367900692,0.030881812481328652
0.0032479967068717586,0.018268954384579206,-0.0013149195707644612,0.005569697317531375,-0.024783040469130824,-0.014739242213100856,-0.03245141667444129,0.011225608268139342,-0.03929297204248633,-0.012814776169478348,0.004693494102667561,0.026233907046463223,-0.025318867153780122,0.00014846020458358922,0.009958831245208022,0.007601027089846724,0.012444017117523354,0.0056058337031243965,0.012476436143070813,-0.012236585833189817,0.01696704965359147,0.0,0.006855245957313683,-0.06188563630961663,0.017019023436901537,0.02495439387568471,-0.005332297947442333,-0.07582489639576684,-0.006165250650456255,-0.10774854369915043,-0.021461016841933467,-0.016356184639207072,-0.03023525218409545,-0.005454619966481555,-0.021216155747516507,-0.16139334288654877,0.003736542249522634,0.008742349667946292,-0.032582825280730365,0.009092551556379669,0.0070644190618821545,-0.021113069245543126,-0.021428580636546124,-0.0009098274132279816,-2.0176597064380797e-05,0.03453271492526161,0.007258280492240421,0.017974001179786425,-7.317136861972884e-07,-2.2496274942884753e-07,0.022613196307417427,0.013630879404877672,-0.0048858513697103145,0.005871294050924403,0.013661046790944709,0.0,0.007446032281635817,0.02472313352226224,0.0,0.0008064755698668491,0.014711605420590412,0.015712945819656265,0.015020211161199504,0.0,0.005393193198768853,-0.010878737135237848,-0.003748571167331849,0.017936502625282236,0.020824376671214617,-0.0010390416003869807,0.005226207867885857,0.006921835020493594,0.00543076591657593,0.00838977795402368,0.0027740056956625514,0.016006332530033418
-0.0032869742056251816,0.020237061760013997,-0.04086248581556334,-0.003038633469150731,0.002764946344784691,0.010929616595790725,0.009121140040747433,0.025040232237244886,-0.021155486742193697,0.014795425090110004,-0.009281876453002158,-0.0343298610203559,0.0050989113562913135,0.0003065336888938841,0.008084801114398243,0.014127043631820324,0.006832109613988557,0.02624742140352232,-0.029491529089733792,-0.04158911667440002,0.020810403618770956,0.006855245957313683,0.0,-0.008220617902043592,0.045128638345033834,0.016924901362352363,0.0006446101557617268,0.001192698297906969,0.017903780626728205,0.007209748264966065,0.011040828709727613,0.005293817981004034,-0.022607529353135425,0.012006478186407876,0.007778791853055189,0.01594430194998009,0.007813799650052633,0.027839346309255275,0.03847296226952179,0.04675845000843515,0.05138819261901839,0.05178622906005381,0.07191347934688819,0.043381461750371164,-0.00406003920591691,-0.0006763812499462896,0.022393936243335577,0.052879095737236315,0.005949135267395378,0.04523749644626307,0.0437164608602027,0.03692317329488437,0.015175957321253375,0.03787497499292458,0.019119154167087926,0.08805715958028204,0.020991506381658365,0.03159705462123874,0.0391935561463036,0.035733212574606044,0.022334314812869294,-6.714337669355697e-06,0.009292871040034734,0.1134839136291314,0.038322940758880986,0.012897649961790436,0.0074788930016329025,0.02922204461809752,-2.5875720548851344e-05,0.020161323090372274,0.01647943193735185,0.04005347381589752,0.036866653549779804,0.03824813432962065,0.04133534417218987,0.044893350859672554
-0.011606217488922155,-0.013887104240614123,0.0038899499928651826,-0.022781588994714663,0.02153591450657749,0.01579522726736804,-0.007158765390425037,-0.0012553516317205249,0.013905012568378283,0.00530038632219032,0.017652291620443794,0.013622995084240641,0.015725124579019922,0.019995486035139287,0.014047075908416806,-0.05271341008734276,0.03222013236957055,0.007660995441248153,-0.010440999900383663,0.026523533535883992,-0.0035340154274349778,-0.06188563630961663,-0.008220617902043592,0.0,0.0399425679305172,0.013802905386195385,0.017804966261363908,0.026895842811419213,0.01864143144824021,0.012219052897031735,0.00524289108806042,0.0022162633189239944,0.005960433683244948,-0.023148885279302395,-0.10507092115371158,0.02054589897853354,0.006662183947976685,0.009832100584839742,0.09387455846830112,-0.09699544908613147,-0.0455451324913313,-0.08437198370136134,-0.006962229256469499,0.004297227399077619,0.0368864312304103,0.0399656901297592,0.057454789779310345,0.0,-5.551115123125783e-17,2.65204037124267e-05,-0.0018851339239751574,2.2725389783095906e-05,-1.6653345369377348e-16,-4.724382716647657e-05,-0.005404161319866541,-3.4755170547462466e-05,0.04396497706166874,0.011109824656073908,0.0,0.00021261490544616235,0.0479094833075317,0.027041240164770552,0.04156290361450432,-3.231844844020504e-06,-0.00024595036523727964,-0.035756673782590565,0.020335953031667298,5.931075854415102e-05,0.016927215024582942,0.039010483099659266,0.03821000388797818,-0.000770910823333415,0.0018177841126081895,0.008138462176920436,0.0,0.007309176106390314
0.016057208567931247,0.02202456927615698,0.0207693283767581,-0.00013163608584904063,-0.005566973931487029,-0.011919988803546389,-0.018521384611542124,0.013085144437839702,0.01636418878113477,0.002164004941615616,0.026548797003348945,0.014051969718782698,-0.012115080728021588,0.011402616053067305,0.0051212618297995505,0.027849502043852892,0.0411129117628492,0.013468901572236291,0.02423822857355995,-0.01866728607907231,0.019548361182013696,0.017019023436901537,0.045128638345033834,0.0399425679305172,0.0,0.023802890452398306,0.018243563995045342,-0.008556783589080463,-0.012228630540274399,0.017348103294013262,0.014315164400724778,0.02456152602369871,0.03221633094106929,0.01468395872779571,0.037873252892722864,0.01668766093530427,0.0018100184204626335,0.017402893659907492,0.025350414726994785,0.06888254849910896,0.05116815321395174,0.03611812358549882,-0.0027838817960905704,-5.551115123125783e-17,0.04691916711095828,0.05250487579040258,0.043545379094939884,5.551115123125783e-17,0.0,2.220446049250313e-16,0.002313322189731515,0.015599453441524413,0.00048335466906818114,-0.0011409814584729672,0.06329533095360901,0.0005371312677371343,0.06413567261710307,-0.0027176904739183994,0.0,0.05873021759461139,0.05131446984158761,0.05261540214793331,0.04583242962570355,0.0,0.026188770784889848,0.05516550471484172,0.04211667763620913,0.00890007411221877,0.06419541751412933,0.04685269635451228,0.05201256692606149,0.004462832222450475,0.03629062727475124,0.02051260412390138,0.0,0.04547372715645498
0.011811534476080854,0.02320011115592474,0.01891684197247967,0.0048133131575457955,0.005424696767754644,-0.02053491645863037,-0.010416253966128441,0.01725820599391803,0.04274338342755818,-0.03829399290647162,0.02736224320025693,-0.0024139084680776524,-0.0024995185568467693,0.02120535562873982,0.00726079016011133,0.010769511549433286,0.0568738935254714,0.01833813592969913,0.026587968164973774,0.016888920932787987,0.02871600042741973,0.02495439387568471,0.016924901362352363,0.013802905386195385,0.023802890452398306,0.0,0.010538436384283145,0.0044743362935732445,-0.00214816690700137,0.001695198784476104,0.010530381103199093,0.014889212423264131,0.03493072948343112,0.0185986285476496,0.028495865630576378,-0.07622095167929438,0.005804035640492311,0.02916382945323137,0.015526486441896858,0.06028828267206343,0.0497367091889484,0.027731015467625186,-0.0018663530068978584,6.310344007776081e-06,0.02467060270752891,0.04745558574189018,0.037299982782623364,0.021788111487194506,0.0,5.259625396325518e-07,0.00736252040909946,0.01888546518439449,-0.00010339663500325003,0.006917753583665753,0.06058348251132817,0.0,0.05185490914762403,0.027089769116773854,0.0,0.01753883993012395,0.04310666740110114,0.05563820960460342,0.05252944701039702,0.0,0.007271543831528227,0.03662242929242521,0.0168043370323957,0.01868595302058834,0.05709490325472816,0.0493619077695458,0.04642834331973711,0.001999698823115792,0.019494408294353838,0.009994496298803224,0.0008157598927358012,0.0413637867633469
