0.0,0.6972461969436812,0.5285061869374705,0.0,0.616153940595799,0.24548309883420275,0.5032342994450897,0.6030306130743511,0.4118084901712282,0.6866868253870841,0.5136689182138837,0.36180932258160103,0.6748053918040231,0.5872734391377996,0.5462303278748074,0.6759235864469086,0.2877742076917882,0.47131231384152383,0.0,0.6309840911555278,0.43661818309592887,0.6746562965649849,0.4490670546523451,0.6471187037353966,0.46378887243446576,0.6225016978139235,0.5308943581268962,0.6164372181063678,0.6206683972124405,0.6104777630738716,0.4870450511465575,0.6763213550590412,0.3440749423568417,0.40051130983389066,0.4387522009726723,0.6957138453580978,0.4840624004169966,0.5954116197714154,0.6469670041592966,0.7303247445811445,0.67515397508685,0.4811537986326352,0.5105349507678791,0.0,0.34215350533829525,0.4048920645268618,0.6965873776466702,0.0,0.0,0.0,0.6014869642353331,0.0,0.5284519814613983,0.0,0.46665800199015106,0.0,0.35506845783936225,0.8714698066521712,0.0,0.2975143392237489,0.7685511068559361,0.4972431009286633,0.7308980767241694,0.0,0.8231030129260783,0.37521916619101836,0.6448145188034962,0.08054112465302388,0.41528631935776106,0.804552233575811,0.8254930073457001,0.5740038865880226,0.49004179843507634,0.5254884750275226,0.0,0.47600179358564154
0.6972461969436812,0.0,0.61092740227495,0.40060299518557263,0.3606145125025418,0.4111592021313769,0.3514324176662997,0.5488103150217115,0.3277077158614976,0.36692882856518233,0.47426835339019746,0.4372947761628302,0.31212853680535124,0.3557934238416043,0.8884684464773975,0.7348718436565793,0.7588363148653314,0.6080588419282793,0.7045753600224671,0.5248338443988075,0.6482596427511029,0.6480343116153167,0.7259155278387759,0.42769032033306276,0.5723862800232081,0.5291052108321093,0.5803295083081366,0.34316951114819827,0.2982649795240611,0.5464234490985473,0.5612337258691316,0.5760797070083934,0.43084923427788546,0.4661746122049376,0.5528038005107304,0.6403255946559646,0.04723413485133349,0.0,0.7686765599992984,0.9190892131152146,0.6867989337967885,0.8863356709634973,0.6073453900533378,0.0,0.0,0.8070993942078715,0.7770299398122409,-0.016030263856746642,0.0,0.0,0.8103932171949009,0.7398180929207827,0.7801142612003862,0.8776264696481122,0.8099508697154358,0.0,0.6208363655364235,0.8105418361063609,0.0,0.7446616082830346,0.773357467204392,0.7995150494716878,0.7628772488993605,0.0,0.8145595323286571,0.8514857857047905,0.8178537997503756,0.7254390419029824,0.4836663121925928,0.80470549112982,0.8341720275825041,0.7943290250494263,0.6226493601575005,0.8442729316373276,0.0,0.9010170787956924
0.5285061869374705,0.61092740227495,0.0,0.6562485677187047,0.5929578382694719,0.44403936056780385,0.742408376702145,0.7356118266495228,0.25650604069142835,0.7816026860542858,0.32233553897587164,0.8333615201578047,0.7786068212285148,0.7279208546792486,0.7583401209695104,0.45166969652905353,0.7047022311827417,0.34339150296882726,0.3271860098851974,0.4544482074979793,0.6154458428424536,0.5798928385648738,0.38510597050265466,0.5394387046449821,0.5604889836936351,0.6960069066275962,0.3242200337257689,0.874557291867351,0.7585643222809973,0.9795641211761572,0.8758046452366353,0.782045376353155,0.6028645740957325,0.9232688197218042,0.8128820907175157,0.8201534859240254,0.6427375119671276,0.709793583248621,0.8969236540214451,0.4743232015475053,0.8591925816284653,0.8043009081650001,0.76972938248663,1.0474397486900058,0.0,0.0,0.4366455298694363,0.48934497435691326,0.5098085729543572,0.5549475266384216,0.718049108415004,0.7922938063922622,0.8049586920245705,0.5135921333624701,0.4469183345361142,0.45617043757520603,0.8866904904844789,0.8223836628265027,0.785073457419207,0.4120207008660733,0.0,0.0,0.0,0.24186703119069752,0.9906026625947622,0.5581677523469262,0.30747844896915366,0.8116268819597616,0.0,0.5807093130835232,0.6708159388773611,0.832086129532239,0.7908645907419305,0.8545033975088115,0.6934315581021657,0.6229734113484102
0.0,0.40060299518557263,0.6562485677187047,0.0,0.3021641682262902,0.5734839677844978,0.3916370797295054,0.8119963656469328,0.804375671065913,0.023708940295208064,0.7588680646052102,0.5873243435898756,0.3849382919121107,0.43745931955105777,0.7361742072734432,0.22262963961134025,0.6108015990864539,0.5107118717978029,0.7340988667075583,0.7225394328976205,0.46621775958662254,0.6160185023314526,0.835105128403778,0.20708516094838675,0.8529498971608623,0.6370067886422437,0.6357063250054482,0.38438079127869196,0.5214698568182468,0.5890148645170341,0.5786591469141247,0.4031794439517188,0.23264006858391895,0.47902930817454037,0.28954773501134623,0.20834133096670282,0.2623893947450836,0.2059043891294703,0.45845826175038934,0.4036963913218352,0.6801797006233403,0.48906032916530473,0.26227782065187344,0.184378320827353,0.0,0.0,0.0,0.5120673611337982,0.0,0.0,0.9187814002568986,0.0,0.4896580801189877,0.3305156701709616,0.0,0.5198947611019503,0.4445872474764628,0.5243486644197135,0.0,0.0,0.0,0.0,0.0,0.0,0.0,0.0,0.514671824751835,0.7860424647072356,0.0,0.0,0.0,0.6295858335844244,0.41344210295614775,0.6876886623029494,0.0,0.0
0.616153940595799,0.3606145125025418,0.5929578382694719,0.3021641682262902,0.0,0.3675218388245724,0.4105308250084939,0.6547514829590315,0.325314469253394,0.4822216425242666,0.408692525914513,0.28380340335412446,0.5977424358292571,0.32299945141300107,0.824209378370387,0.4518988085271925,0.7078194264761353,0.24732532568821397,0.5386769912581152,0.43496126532392365,0.6319313033003446,0.3602899176611437,0.5640136799844949,0.6138834220960709,0.4285593286565947,0.5519498382268823,0.3500273951760774,0.5955125650434727,0.49262756697837107,0.4841490518407222,0.5428545638547461,0.2852211340284982,0.18330172643695175,0.46516583088726027,0.17719207588637878,0.30422656961448774,0.22754899592424932,0.28218608892370023,0.34864246500835927,0.44059461479172224,0.27704873856509005,0.37991032764551025,0.6003039791137981,0.3085989910760272,0.3799029208564789,0.0,0.32949109212671557,0.6731611978055028,0.0,0.6354777342249485,0.6431064085880156,0.7629393134866628,0.6094305756165935,0.6003736677870382,0.0,0.5633672154755585,0.4713214954119241,0.794789551741729,0.7299647388315698,0.40182476734592737,0.5004395909412668,0.0,0.0,0.6039633991673556,0.6284212775499718,0.48304734236283475,0.7729222331658224,0.6671813927597152,0.0,0.47499505337795067,0.7627190112964817,0.5579733825282347,0.711246385375619,0.6880083259595043,0.0,0.6071687568783868
0.24548309883420275,0.4111592021313769,0.44403936056780385,0.5734839677844978,0.3675218388245724,0.0,0.5445106595029652,0.672530168785783,0.3310053493355859,0.5807236092834265,0.6572428468562934,0.6730859147496872,0.5214629805132495,0.7539603226016888,0.722944918910833,0.47296069228444226,0.1325884902175637,0.3548103126326082,0.7612446313895094,0.4982345449329093,0.6431701513410635,0.34525353558776506,0.4650201311607805,0.28186968402246165,0.42955269034761223,0.7235947368380329,0.42613438817205007,0.6448130467777475,0.4914876840067231,0.7435938000994179,0.7027729968419871,0.6491232019398079,0.7831904506027534,0.6624586631704523,0.6783525417321156,0.7935805700359476,0.6285021645630178,0.5651919105913872,0.8465475867313577,0.41267131379190336,0.6799479247231573,0.5703239548564124,0.8567721480886886,0.8991987524868186,0.24556401864012567,0.6660078382729238,0.5976061281503243,0.7347707000560645,0.7826009427101797,0.5832770297046658,0.7591812643951579,0.8370468198981542,0.7759207235588771,0.7581005508756018,0.8685637745736497,0.8081326952700754,0.483675667961812,0.8199255490329319,0.8112548469243486,0.7227751137584819,0.6134810321449848,0.0,0.5618894935470609,0.6654518897397922,0.7112592405167637,0.518864161017107,0.7239684174658282,0.7203290651621079,0.5520250617340834,0.5646865146226925,0.7652236145649592,0.7089464500431508,0.7596954468024282,0.8704063216097477,0.6844265235772038,0.7893877665233076
0.5032342994450897,0.3514324176662997,0.742408376702145,0.3916370797295054,0.4105308250084939,0.5445106595029652,0.0,0.6401051255614896,0.5840724347919227,0.337708352791177,0.6953686737754623,0.12067269616840834,0.4918401523688648,0.41867095804556204,0.4734078758471646,0.4215883531643515,0.6391762197037822,0.32154441676137113,0.7218024229177247,0.3497864216936674,0.5088907697145193,0.3033690717419613,0.7271082767442679,-0.020693298801999882,0.4005438720083806,0.5859172290688519,0.47596907264331434,0.5993908033687008,0.5228199576966258,0.6157291225761474,0.5945900667871621,0.42942082782443025,0.19926860122535764,0.3421880150563509,0.16346601288376886,0.5330773050153312,0.3296145461146015,0.5303027107543405,0.39452813871690734,0.38596798855624304,0.09994507685227902,0.27587718567542585,0.7026406973280287,0.8925504777837524,0.3514196963249463,0.0,0.6752112179867094,0.5410797135986825,0.0,0.822013014518908,0.7214101716957881,0.7316087424861685,0.6232670275395924,0.5642744480833208,0.6538111237120403,0.506026234397494,0.5756176399818753,0.731423213001485,0.349734783323017,0.6626216692901854,0.640082248500319,0.0,0.5158377820618352,0.8484815712345115,0.8046039015508832,0.7084608728897374,0.6510554218811628,0.7321235315364435,0.5115718657042894,0.7212731345960306,0.728243845423797,0.6444984090392983,0.754232802459798,0.6946734437518356,0.8195931574305898,0.7086283017201476
0.6030306130743511,0.5488103150217115,0.7356118266495228,0.8119963656469328,0.6547514829590315,0.672530168785783,0.6401051255614896,0.0,0.6598571509708098,0.22843879241347287,0.7059985064429766,0.6447265492435571,0.749360153761166,0.9122400669292821,0.4645383596214914,0.6556274070865035,0.12937622210016084,0.5726141846707438,0.6606744416486091,0.48031203416347834,0.6858441208735045,0.47091051393264294,0.6969499610361758,0.5218860305586841,0.4332400251863824,0.5423993274858185,0.6271686159668487,0.7207741481493921,0.528502350353674,0.6241059502401272,0.7111362880912844,0.6457627317076091,0.5009703748196092,0.6853438580538345,0.49694655770305124,0.6012696228277593,0.6996307301324555,0.7023234855772915,0.8116544493946272,0.5734558205260747,0.4918807969878316,0.7694416142718107,0.7511135505092044,0.6273363837448936,0.0,0.6312387423847035,0.5715689812647831,0.7870998146869073,0.0,0.7975628432201423,0.7266567742196348,0.7992991982438846,0.7581873182029916,0.7442086793136091,0.698479850157307,0.7388432973012988,0.9357666123603328,0.7297812201168582,1.0011906997747482,1.0036774060716829,0.7168284034289789,0.0,0.9668376642508183,0.8790046801623165,0.9848857649228673,0.6768618284766936,0.7629142788906307,0.7610907824237318,0.0,0.7282049216932456,0.6348691443603129,0.6111793089915573,0.7466647329754114,0.8611010836672557,0.7204795786284459,0.6793075826793991
0.4118084901712282,0.3277077158614976,0.25650604069142835,0.804375671065913,0.325314469253394,0.3310053493355859,0.5840724347919227,0.6598571509708098,0.0,0.8511386988275751,0.21798218314478757,0.7288130945519963,0.49338430331305194,0.6904387385353457,0.7775497368495116,0.48634559855348336,0.7336253440302785,0.4711609509513174,0.24478678194525164,0.5386946782107745,0.538184209524784,0.4158714449240331,0.4794309749597875,0.6937104395936304,0.506074539069438,0.7333496537558383,0.3748555934978016,0.8151024631796294,0.47599897351250386,0.7738331025093844,0.8503261888913172,0.851525774126669,0.7784802088714039,0.888430302128017,0.7870686458989835,0.8853277129701453,0.8097264748226425,0.8883691916122912,0.6761183977547611,0.7373757896009339,0.6693673055273208,0.45554841884075103,0.7231670766461458,0.6631829540497434,0.5913098270510644,0.0,0.44858523056194444,0.7634810881738174,0.49225122089457857,0.8527192450117954,0.7696219231818464,0.8686961261505928,0.7635106873498627,0.678639785871572,0.6030312486207698,0.7575977464958388,0.5792108969075983,0.725078602004926,0.6569136306911445,0.652384038064298,0.6372137887746863,0.0,0.0,0.7567291028189971,0.8886506062139916,0.7677834286979592,0.63619715860916,0.7229916547279953,0.45413729357313837,0.7208106310222975,0.21811195204389752,0.6875167836308784,0.6583972660907708,0.9100666048559849,0.8144930006978423,0.8677442669031327
0.6866868253870841,0.36692882856518233,0.7816026860542858,0.023708940295208064,0.4822216425242666,0.5807236092834265,0.337708352791177,0.22843879241347287,0.8511386988275751,0.0,0.801782788045848,0.5468158509813944,0.5291679241191294,0.8755525175562154,0.4952715003036997,0.5883630364768371,0.6711321301647448,0.5830439026434391,0.7796201939501355,0.4713353139794572,0.700974808258646,0.5504474334114926,0.6049107370789937,0.41566629350013584,0.6834149247740862,0.6263252346214798,0.5498036098280152,0.4339644117899425,0.6287978901842288,0.5392217791150318,0.7786495809996096,0.09877888064476434,0.7180885900133499,0.6869842052958453,0.5267747510540715,0.12204954330346429,0.269065695373405,0.5258445055159837,0.15942422863006545,0.3967119153686024,0.480005279099847,0.35443835114173733,0.5107617889587093,0.34004740843942133,0.3713905670326843,0.7709059733981505,0.6985709965012584,0.40730746812077134,0.4836480704155358,0.47011845410830067,0.6708710617923818,0.5490148128346527,0.7369118324834825,0.43121933674239576,0.5481057655797399,0.4265726743234358,0.5831619062475459,0.6572714056222868,0.0,0.6537378754678653,0.6626326480516394,0.749409671327592,0.7314557021496663,0.48485344031210087,0.5120662504480374,0.6030491461367413,0.6696335915657667,0.6605665183995022,0.4186112960879027,0.7026470250988621,0.661025592947436,0.7991445217740125,0.6403886092703579,0.845532542671079,0.0,0.6778650133054284
0.5136689182138837,0.47426835339019746,0.32233553897587164,0.7588680646052102,0.408692525914513,0.6572428468562934,0.6953686737754623,0.7059985064429766,0.21798218314478757,0.801782788045848,0.0,0.6585422760455037,0.7925332521873172,0.560326748934441,0.0,0.49556833842742554,0.6216242089010876,0.724917825815667,0.18330893251549837,0.49989302350234255,0.7451067640025555,0.47197396797866487,0.47156274967893314,0.625548637884298,0.7292620632879202,0.7402723781179876,0.33167926639546613,0.7939116027629892,0.5246546345254334,0.49803850516815074,0.7402545075733575,0.637694597230916,0.574150547926889,0.7940511536968424,0.7139574948461034,0.6077786425786796,0.8259926721942654,0.7002567084364646,0.7806504385527431,0.8376262471523181,0.8363010592085607,0.5551466554323392,0.7983265506678664,0.7629030160875048,0.2779771577946841,0.0,0.0,0.8807449612142082,0.47478186585560705,0.2872001028541209,0.7299150478117901,0.5556080783848314,0.7414165112580023,0.7034216765563208,0.6155789676754899,0.2092629088441245,0.7524501885284791,0.6818083018500438,1.098921126458943,0.0,0.0,0.0,0.0,0.20817638620256085,0.5671689298611561,0.0,0.5982828831426075,0.7701161733861062,0.0,0.0,1.0064504688746931,0.8100416578935743,0.6719028162179034,0.5944537640914593,0.0,0.7460382580620766
0.36180932258160103,0.4372947761628302,0.8333615201578047,0.5873243435898756,0.28380340335412446,0.6730859147496872,0.12067269616840834,0.6447265492435571,0.7288130945519963,0.5468158509813944,0.6585422760455037,0.0,0.36203946023986777,0.7906806655995688,0.27424817836365445,0.6739371256427156,0.6823744444797648,0.6876905218352994,0.8249234421045915,0.3696463987999603,0.42069897134600726,0.4341108870772663,0.6476042854580336,0.34649124482853344,0.6084822928061678,0.4633871984712651,0.8189812704139652,0.3000570131123812,0.6378441230961767,0.6145937206291884,0.5509154375361645,0.2076167124907946,0.42434315670656814,0.25879608922084407,-0.04362030296268199,0.15167498926006198,0.11074337035758217,0.24922595203947984,0.3271725502481191,0.36506502005336733,0.41606203875156356,0.14637853459750555,0.4661397822303867,0.10937583107970089,0.34296288813544373,0.5988020788167873,0.6939274705210114,0.5813964454225902,0.25155807506184674,0.40200637352415886,0.3987786054062312,0.52260499559752,0.36699566530813243,0.5297763990951674,0.588438436865539,0.42484408181747946,0.7064145569728422,0.7301986498513131,0.5620045147949176,0.5662419484707488,0.6827269617010071,0.6674734085410219,0.7092372361955819,0.5033188708479199,0.9241932721504322,0.833555225139576,0.5581516429074374,0.5926816021958221,0.3489776914187784,0.7149614719240485,0.6437135818671836,0.6409521953886423,0.8387400296520198,0.5720000504396506,0.0,0.6929886121180269
0.6748053918040231,0.31212853680535124,0.7786068212285148,0.3849382919121107,0.5977424358292571,0.5214629805132495,0.4918401523688648,0.749360153761166,0.49338430331305194,0.5291679241191294,0.7925332521873172,0.36203946023986777,0.0,0.6246799186131171,0.5895485279284964,0.37256576789571594,0.32530939055785035,0.31501054088966085,0.7771816067955271,0.37463963609118733,0.5184661295690121,0.2432009845456955,0.7678952007966269,0.1669306162319344,0.3493182838886429,0.591037882256018,0.5556969832936483,0.6369461451403017,0.5503680823470406,0.40567791894587857,0.5518269429258443,0.6571479166075198,0.2602360607152342,0.5437897412559973,0.4696402656718375,0.48765912039266035,0.3211500844713274,0.4395278384487564,0.4037781172520496,0.2778989975792568,0.3109207038603332,0.3856147786714989,0.6499295903401062,0.5397515699070008,0.5374392820178322,0.5692072720476228,0.7476739405663555,0.7796690315564571,0.0,0.8981794633917725,0.8033504935201313,0.8303613528780434,0.7814256763293288,0.8774792505830535,0.6024525892630926,0.6716690378341885,0.5180077325455803,0.8780716025526616,0.4671013164396423,0.8269032451840682,0.6467504461427753,0.45393169372819453,0.5733795381601756,0.714545114072825,0.7575608606860723,0.7326089636104289,0.7682780172819994,0.8197065952098835,0.5805461021497793,0.7696207354282796,0.6622810856920014,0.812594275413055,0.8452188495199093,0.8374275308976307,0.666120381857692,0.7957803721582605
0.5872734391377996,0.3557934238416043,0.7279208546792486,0.43745931955105777,0.32299945141300107,0.7539603226016888,0.41867095804556204,0.9122400669292821,0.6904387385353457,0.8755525175562154,0.560326748934441,0.7906806655995688,0.6246799186131171,0.0,0.3880656716489424,-0.18153328433443366,0.4866538307287887,0.4654232662607984,0.7737760357623376,0.59084492431746,0.7823239219511099,0.26763479584311295,0.9143360005421897,0.772177854944327,0.658176684065721,0.5439158356824159,0.7153934263689021,0.3862307031282528,0.4009566873342125,0.5333359309207866,0.5901051237546974,0.21914628143377463,0.209269864215439,0.863248549800328,0.6589472311295206,0.19929362266164313,0.20612576020564627,0.27391562859087787,0.21821698210047552,0.0,0.6836986642113076,0.6696954668397082,1.029017265130547,0.5093600266665324,0.0,0.0,0.0,0.8004446721494012,0.0,0.7437409138036473,0.5065365570344134,0.8428294639611044,0.6422822823176105,0.6130353805221503,0.0,0.9447630861036607,0.3701723955655412,0.741480814852608,0.5638289650635697,0.0,0.0,0.0,0.0,0.8080598965724337,0.0,0.0,0.0,0.7142197694419554,0.0,0.0,0.0,0.5237351085990118,0.8574237648557423,0.0,0.0,0.0
0.5462303278748074,0.8884684464773975,0.7583401209695104,0.7361742072734432,0.824209378370387,0.722944918910833,0.4734078758471646,0.4645383596214914,0.7775497368495116,0.4952715003036997,0.0,0.27424817836365445,0.5895485279284964,0.3880656716489424,0.0,0.7767078547248694,0.5327495775938209,0.5829276521686406,0.0,0.6455042748847286,0.7639867693467444,0.7712819537055464,0.699803322629561,0.3710450862142468,0.6657154287663694,0.7333473085408762,0.7253458946123338,0.6103161714829008,0.7993201527923117,0.6267813038081775,1.0022480178009276,0.8369450552423394,0.8413055618360977,0.8753319770314927,0.9115834365355883,0.9449987907856928,0.512048700792707,0.36978775831497446,0.6087958313949094,0.925822206666876,0.766917448677417,0.7220781474086251,0.781970521436843,0.3609689159481093,0.0,0.7310212928771775,0.8382881076780597,0.6916144003522602,0.0,0.0,0.6696361027325421,0.7973898878763623,0.9470378449736071,0.6207038973407427,0.0,0.0,0.615624948469137,0.7557473520448343,0.48720983576008353,0.6497852899079168,0.8286011827384628,0.5958600212529623,0.8240220325940663,0.0,0.6798857179916586,0.8683172644775748,0.8749518767945546,0.07424629922985126,0.5061191357141598,0.8198622650734264,0.8125094105165642,0.8224102725902758,0.7944375761988827,0.738826261693425,0.6516366936089388,0.691863544023849
0.6759235864469086,0.7348718436565793,0.45166969652905353,0.22262963961134025,0.4518988085271925,0.47296069228444226,0.4215883531643515,0.6556274070865035,0.48634559855348336,0.5883630364768371,0.49556833842742554,0.6739371256427156,0.37256576789571594,-0.18153328433443366,0.7767078547248694,0.0,0.6667086561870403,0.6830133711384687,0.48709866586812683,0.7324609989856599,0.8007745533541771,0.7333081351270201,0.7733776636184067,0.5222560738654277,0.5252523005562089,0.7967470164501035,0.6485890032990383,0.41283031602210646,0.3887766399068381,0.6027724522072031,0.6244803588334997,0.7743257938858954,0.6046582854357616,0.37274988268302134,0.44980238818883855,0.7826182119953005,0.5682021028697215,0.6709913070268441,0.8889676950665024,0.8110809628522206,0.8514916327207284,0.8964962590628316,0.5110992624331445,0.0,0.0,0.6866632198015781,0.9107789985077082,0.0,0.0,0.0,0.6462247507381319,0.818543492649902,1.0430773812604897,0.0,0.7368084943980525,0.0,0.5691496296019323,0.7347613441745569,0.0,0.7985514389388365,0.8571981836990354,0.6919842302088355,0.7830915724560215,0.0,0.7382171969766531,0.8440558604574915,0.8625120517251832,0.741002075716564,0.5748093769204586,0.8794302119213848,0.9189001986896059,0.8158582168602408,0.8213999490081305,0.765193233596914,0.0,0.7222680882576757
0.2877742076917882,0.7588363148653314,0.7047022311827417,0.6108015990864539,0.7078194264761353,0.1325884902175637,0.6391762197037822,0.12937622210016084,0.7336253440302785,0.6711321301647448,0.6216242089010876,0.6823744444797648,0.32530939055785035,0.4866538307287887,0.5327495775938209,0.6667086561870403,0.0,0.6056075139754766,0.7383653844446418,0.45833927425351106,0.3952308525932987,0.6951762241128021,0.5594977362451823,0.39733729387097483,0.6544741263206657,0.4842628605732743,0.3464057271141525,0.6337207199435516,0.5088293983851827,0.31269485060153956,0.7981174574498139,0.6035808986304811,0.6862748294497379,0.6014567247984295,0.48938810064115923,0.5518198487252763,0.3922612194404309,0.5810654710757374,0.6854081891208297,0.7021998487732102,0.7566006997201719,0.775692140555012,0.0,0.0,0.5669735391849542,0.8151545693887714,0.7384077174543953,0.0,0.0,0.0,0.0,0.0,0.0,0.0,0.5804851387958812,0.0,0.629566625574723,0.4688897554602488,0.0,0.5689382632471598,0.6268768727114076,0.672094453481826,0.7521322989056911,0.0,0.0,0.0,0.8757462403921652,0.0,0.551047425008126,0.7884411265682085,0.7768756321325717,0.0,0.4865804330823261,0.4882032484513021,0.0,0.7388364088388877
0.47131231384152383,0.6080588419282793,0.34339150296882726,0.5107118717978029,0.24732532568821397,0.3548103126326082,0.32154441676137113,0.5726141846707438,0.4711609509513174,0.5830439026434391,0.724917825815667,0.6876905218352994,0.31501054088966085,0.4654232662607984,0.5829276521686406,0.6830133711384687,0.6056075139754766,0.0,0.6856948092731905,0.4700536646177229,0.6003168487377863,0.5194571778424317,0.5608215272736001,0.4471392380726199,0.6411142970497241,0.4654798189953908,0.4624377848607742,0.2958188214463594,0.2019081365423711,0.5238332202207938,0.6098413163182369,0.5163485427451036,0.5259325651673702,0.5650538859187059,0.3899456584618785,0.34675467636591867,0.42650386983992816,0.537289304002597,0.6487136888127037,0.7215970188340726,0.6128692698114991,0.6795071420112797,0.0,0.0,0.45259206713229483,0.6185856126629586,0.8090461012682458,0.0,0.0,0.0,0.6352982381897285,0.5283042460638963,0.6178908664035005,0.0,0.6927378934242607,0.0,0.6650447651835122,0.78123469226834,0.0,0.7651264422262896,0.7403750611804975,0.709069525957575,0.7338638713815712,0.0,0.6674890291204194,0.8378730941316053,0.8505744626472764,0.8853330564963449,0.5675085040619725,0.7243028290513414,0.7547310527466694,0.7629090023316343,0.8719333101225981,0.6075839825712631,0.0,0.7835344000647715
0.0,0.7045753600224671,0.3271860098851974,0.7340988667075583,0.5386769912581152,0.7612446313895094,0.7218024229177247,0.6606744416486091,0.24478678194525164,0.7796201939501355,0.18330893251549837,0.8249234421045915,0.7771816067955271,0.7737760357623376,0.0,0.48709866586812683,0.7383653844446418,0.6856948092731905,0.0,0.47532185418927586,0.7025277610223364,0.7417842057908541,0.42108848227705503,0.06077786244502603,0.7606683975791846,0.664013845063286,0.38019323546187295,0.8541037633934239,0.5282735874970462,0.7012137258304296,0.8335933814825147,0.7401310689991358,0.5822939804269396,0.9033857283455586,0.6664412754188198,0.8520768014665627,0.6717635897210344,0.6624893549375722,0.7532040291862363,0.4453156361836901,0.4434653085834537,0.48116526379838137,0.8162092559130043,0.6756234600266615,0.04765128016189461,0.0,0.0,0.5893187335963652,0.0,0.6503102942052263,0.6518730490804323,0.8112722326870437,0.6169707735656105,0.7726104536846987,0.6453694319338332,0.2746092230262889,0.6414240781538381,0.6499475080720984,0.691550930279164,0.0,0.0,0.0,0.0,0.8084843631846427,0.47661019413679223,0.0,0.46352378857030796,0.7290186866857062,0.0,0.0,0.0,0.6693633551962599,0.7563305285256061,0.7242619202987454,0.49955432519338794,1.0049489195785495
0.6309840911555278,0.5248338443988075,0.4544482074979793,0.7225394328976205,0.43496126532392365,0.4982345449329093,0.3497864216936674,0.48031203416347834,0.5386946782107745,0.4713353139794572,0.49989302350234255,0.3696463987999603,0.37463963609118733,0.59084492431746,0.6455042748847286,0.7324609989856599,0.45833927425351106,0.4700536646177229,0.47532185418927586,0.0,0.7261488224443184,0.7232503359629466,0.6911091028758347,0.6831893976082816,0.548191335923953,0.7251840061661,0.7418730493353963,0.5197944838274359,0.8099293185539003,0.6707640460901576,0.9141229006862905,0.7269694657283001,0.5727267495923329,0.8226218920418262,0.8294935491368218,1.06236119904284,0.6996209722051839,0.6071255274436399,0.8395189551935999,0.8725027308738564,0.8116306403099749,0.8062202339228718,1.0352982966367512,0.044098190992223146,0.3615733639342601,0.64658884581853,0.7440053816613881,0.8815499140263418,0.0,0.0,0.6409035427880527,0.7311634492812542,0.7019134746482067,0.6648128488089615,0.845462122966526,0.0,0.532880810941702,0.8085115768072824,0.0,0.955591777730261,0.5977013776649012,0.5104831908485765,0.5262938214570889,0.0,0.8558716937636583,0.7701870766446038,0.958661098080925,0.7820672331121751,0.0,0.7021398040273703,0.6948308825344481,0.8301474728514588,0.6894549109146657,0.8334203110492775,0.7457419256593263,0.8251335758953648
0.43661818309592887,0.6482596427511029,0.6154458428424536,0.46621775958662254,0.6319313033003446,0.6431701513410635,0.5088907697145193,0.6858441208735045,0.538184209524784,0.700974808258646,0.7451067640025555,0.42069897134600726,0.5184661295690121,0.7823239219511099,0.7639867693467444,0.8007745533541771,0.3952308525932987,0.6003168487377863,0.7025277610223364,0.7261488224443184,0.0,0.6388662653936923,0.5239193384104301,0.45502624886767706,0.5003070187704057,0.7290093041931351,0.6634571516987526,0.6028774694439629,0.471989624654101,0.6156401909065128,0.7978009420861665,0.5912786907251943,0.2910171530682036,0.6114953898920341,0.8050066428478049,0.7804178133777606,0.5934705692021021,0.7372596119684881,0.8182479709447653,0.7908283535281161,0.6185397871530143,0.7318646468228607,0.7202995159094089,0.0,0.0,0.5164805649210225,0.8198919798851354,0.7427117015740253,0.0,0.0,0.677213470723521,0.5931684326283413,0.756455454106464,0.7210200671098119,0.6980241298970145,0.0,0.8186593967342968,0.8163240219579114,0.0,0.7904021130010992,0.7469231157635049,0.0,0.7065943897134037,0.0,0.8961728213144899,0.7585899761737216,0.7515759071323932,0.6938249013426346,0.6287423432986747,0.6788008486952793,0.9569096508068691,0.6986361302791007,0.7449217046609827,0.8465519190299746,0.6431510450203117,0.4939674502607899
0.6746562965649849,0.6480343116153167,0.5798928385648738,0.6160185023314526,0.3602899176611437,0.34525353558776506,0.3033690717419613,0.47091051393264294,0.4158714449240331,0.5504474334114926,0.47197396797866487,0.4341108870772663,0.2432009845456955,0.26763479584311295,0.7712819537055464,0.7333081351270201,0.6951762241128021,0.5194571778424317,0.7417842057908541,0.7232503359629466,0.6388662653936923,0.0,0.8277515852497608,0.5522516299675826,0.5825747920746227,0.8718337786205208,0.5582631271463699,0.4739786790664051,0.3670496525821388,0.6488848821879563,0.8040040963467242,0.7314011985962703,0.5318719718294881,0.7266207431809147,0.7831536517594478,0.8558960980541601,0.9417382281633768,0.4300854253967646,0.6743587920746688,0.7248343307598477,0.6718191326790791,0.7743038271827715,0.3154750651219537,0.6535077180313168,0.39672802664767026,0.6916484329198354,0.74912842551209,0.6389819470174118,0.4930340766315634,0.4018321106172894,0.7254642498421553,0.7880577133565723,0.8471026305421425,0.679239353097322,0.6001333475217688,0.0,0.6616319104909357,0.6745937696347251,0.0,0.8270246820018416,0.7131083805553263,0.7605843879068785,0.7004170901587814,0.0,0.800119366590149,0.7515414814321792,0.7592658250746007,0.7494931752083327,0.5852206949509537,0.8318084373028952,0.7743854774180896,0.8053403091610392,0.7737460705285132,0.7794664415388354,0.5629811614771953,0.7699522570708802
0.4490670546523451,0.7259155278387759,0.38510597050265466,0.835105128403778,0.5640136799844949,0.4650201311607805,0.7271082767442679,0.6969499610361758,0.4794309749597875,0.6049107370789937,0.47156274967893314,0.6476042854580336,0.7678952007966269,0.9143360005421897,0.699803322629561,0.7733776636184067,0.5594977362451823,0.5608215272736001,0.42108848227705503,0.6911091028758347,0.5239193384104301,0.8277515852497608,0.0,0.4431494115554103,0.5866872383042188,0.6657961790371456,0.4557273966179324,0.669367656974369,0.5451421866580533,0.6520748117074182,0.7886730687910781,0.6998952964684062,0.6419538307545603,0.7389319567408497,0.6798917497378212,0.794411182305933,0.7116291928801235,0.3966061092914945,0.8122040332127942,0.5908989982648503,0.6262319194898684,0.5448318850988185,0.865188582539604,0.8726789054817913,0.4675939249796621,0.46179554530012856,0.8282583500416761,0.6164645912000571,0.6566839546295159,0.8933967221127227,0.7781852340274971,0.8489577121432834,0.846437627884205,0.818781671431292,0.7220997923258247,0.8330843500211823,0.7903456216277827,0.7814627450891356,0.9449777547642028,0.9178209631839206,0.8081813308864323,0.5120662504480371,0.6198948587398709,0.4999230137351017,0.8809144739649942,0.7118715476210433,0.844300828881287,0.8817033407351432,0.3568416119971317,0.7733538889918417,0.8118614356922143,0.7008335120727119,0.7678403941778683,0.8675754642899882,0.8109415461677827,0.7712290116914818
0.6471187037353966,0.42769032033306276,0.5394387046449821,0.20708516094838675,0.6138834220960709,0.28186968402246165,-0.020693298801999882,0.5218860305586841,0.6937104395936304,0.41566629350013584,0.625548637884298,0.34649124482853344,0.1669306162319344,0.772177854944327,0.3710450862142468,0.5222560738654277,0.39733729387097483,0.4471392380726199,0.06077786244502603,0.6831893976082816,0.45502624886767706,0.5522516299675826,0.4431494115554103,0.0,0.4272843735418025,0.33545445043556593,0.5846643074534508,0.18440725368353716,0.7331456473855926,0.9764379378417756,0.6335686073752097,0.5947064092470075,0.2711839223890876,0.23752853507092148,0.4977916599555149,0.49863393602622386,0.3472333392830126,0.3084308512688091,0.18889684249632438,0.8335978282638121,0.7846558758561887,0.5941933031446995,0.49741423429595544,0.5872277282181154,0.27125689792679913,0.490486628159438,0.7476420928425385,0.0,0.0,0.5101454478431489,0.4953106997633444,0.4196363703261934,0.0,0.3530199611761874,0.6636477267308947,0.5434252283001249,0.6869409861861732,0.4912336436214272,0.0,0.35535019502181314,0.8132083170997697,0.5606092217742356,0.6950647439610921,0.518783274676922,0.432292826186524,0.25223728268474893,0.6092498375709672,0.6718952988156731,0.4283851388434411,0.7155183443215944,0.6808703438671597,0.3623456622311598,0.4817924706345572,0.8972897835058078,0.0,0.6506957671075653
0.46378887243446576,0.5723862800232081,0.5604889836936351,0.8529498971608623,0.4285593286565947,0.42955269034761223,0.4005438720083806,0.4332400251863824,0.506074539069438,0.6834149247740862,0.7292620632879202,0.6084822928061678,0.3493182838886429,0.658176684065721,0.6657154287663694,0.5252523005562089,0.6544741263206657,0.6411142970497241,0.7606683975791846,0.548191335923953,0.5003070187704057,0.5825747920746227,0.5866872383042188,0.4272843735418025,0.0,0.3620133920654671,0.6253513803937603,0.3325001309086124,0.26151014068032385,0.5444622319901173,0.5252935437985077,0.39138017730837116,0.4612173231746398,0.42127837371350674,0.40293505690859893,0.394638977959861,0.6192582323859228,0.5457315726550418,0.7720024012413078,0.7966951994828675,0.7423529624366026,0.7597404894298971,0.20880981171951674,0.0,0.5872878318781408,0.6921644582947528,0.9117941204244014,0.0,0.0,0.0,0.568228544731876,0.7252213509552683,0.6697298796922126,0.4512231239226142,0.5979713191659846,0.5065657644748768,0.6715943036489999,0.4817145269910219,0.0,0.6351876086378386,0.7979143989530109,0.6423753597925612,0.7581532840387013,0.0,0.7715257458444784,0.5412533229857279,0.8214324475213147,0.622731897343251,0.555103845058087,0.7643573123895742,0.754041038834549,0.5609946891555707,0.6157462011690105,0.5532752569659072,0.0,0.7852252926747684
0.6225016978139235,0.5291052108321093,0.6960069066275962,0.6370067886422437,0.5519498382268823,0.7235947368380329,0.5859172290688519,0.5423993274858185,0.7333496537558383,0.6263252346214798,0.7402723781179876,0.4633871984712651,0.591037882256018,0.5439158356824159,0.7333473085408762,0.7967470164501035,0.4842628605732743,0.4654798189953908,0.664013845063286,0.7251840061661,0.7290093041931351,0.8718337786205208,0.6657961790371456,0.33545445043556593,0.3620133920654671,0.0,0.8994682668762373,0.556459027203139,0.67465310619351,0.3858609033691669,0.5363512736751548,0.7980454663591572,0.5675808985429631,0.5417454074677606,0.679560366217184,0.5917537294318875,1.0515915451992073,0.4871842475126297,0.7382030699051668,0.7649019853525443,0.8263944428235575,0.6725317706232186,0.4152229453171208,0.5158349570081655,0.39574500262273843,0.6613661002298303,0.9222867567759442,0.8503703669105833,0.0,0.023309336968613443,0.7299255410824612,0.779127236095119,0.5514661369172995,0.7058644934352657,0.5759650107449469,0.0,0.7036819619030416,0.6662695505991552,0.0,0.9047996721494894,0.8789020245117571,0.5905101694361701,0.7088820650054961,0.0,0.7189410941970151,0.9715173449576233,0.8911472646076484,0.6236360414665332,0.41604861170136526,0.7587488546346368,0.752931477210625,0.7827773042506614,0.6011223117810357,0.800958260669882,0.5079952866671081,0.7277365629483794
0.5308943581268962,0.5803295083081366,0.3242200337257689,0.6357063250054482,0.3500273951760774,0.42613438817205007,0.47596907264331434,0.6271686159668487,0.3748555934978016,0.5498036098280152,0.33167926639546613,0.8189812704139652,0.5556969832936483,0.7153934263689021,0.7253458946123338,0.6485890032990383,0.3464057271141525,0.4624377848607742,0.38019323546187295,0.7418730493353963,0.6634571516987526,0.5582631271463699,0.4557273966179324,0.5846643074534508,0.6253513803937603,0.8994682668762373,0.0,0.6679189095922222,0.5734373430659617,0.6410541095776174,0.839881670521989,0.6394642673772399,0.6028248476198337,0.7747990304167316,0.6843577087210558,0.6593650683072368,0.6686945955179818,0.6279000953615653,0.6900521935096133,0.6476752390629081,0.6987532642378953,0.5637098403928205,0.809157726344245,0.8278542680607586,0.6006029182624533,0.5323678456715821,0.7016460547529453,0.7325494282130155,0.6199441164163617,0.7272184368028959,0.7735402634945309,0.7680892183286582,0.6981631553535057,0.7617172099405872,0.7787010315028409,0.7572868542526843,0.7656229149092735,0.7434223339967264,0.8422863923973054,0.874588892525605,0.7321035054201639,0.0,0.40669353010874604,0.7841409680789607,0.8061150503831349,0.7153675730164968,0.7651618223483561,0.6979815056073934,0.0,0.7760007361125132,0.7613592634957989,0.7205734958152411,0.7357270119704798,0.8082177354326093,0.6561770102135014,0.7368559242783362
0.6164372181063678,0.34316951114819827,0.874557291867351,0.38438079127869196,0.5955125650434727,0.6448130467777475,0.5993908033687008,0.7207741481493921,0.8151024631796294,0.4339644117899425,0.7939116027629892,0.3000570131123812,0.6369461451403017,0.3862307031282528,0.6103161714829008,0.41283031602210646,0.6337207199435516,0.2958188214463594,0.8541037633934239,0.5197944838274359,0.6028774694439629,0.4739786790664051,0.669367656974369,0.18440725368353716,0.3325001309086124,0.556459027203139,0.6679189095922222,0.0,0.5723838921406338,0.5888291501136353,0.6852431462834871,0.6129011229878597,0.1709647785357288,0.2760724523741379,0.33136367904081737,0.30676575452076993,0.29250244954229015,0.3243435692607429,0.5125639993431148,0.30756644706927094,0.3055925819754469,0.27781032571100284,0.7433998831072447,0.8798215749964082,0.8103323884414787,0.6775489903236234,0.8014617208556228,0.8812029565247828,0.0,0.9584386523003862,0.8735967661105295,0.8237250001146248,0.809253107044613,0.8368202947474517,0.7824844422064594,0.7818792251636885,0.5889340062566055,0.8649931466924299,0.4520744323795789,0.8630447220950852,0.5455249292825507,0.3379476145492549,0.7659416914821386,0.9543476860895219,0.9501564308236791,0.7888367438787843,0.9157729893198722,0.8470220663347477,0.549733237444312,0.8121796823483829,0.8439396674071661,0.8619613954644018,0.9074691950761966,0.8743599365506489,0.8556540303868121,0.8330112687926626
0.6206683972124405,0.2982649795240611,0.7585643222809973,0.5214698568182468,0.49262756697837107,0.4914876840067231,0.5228199576966258,0.528502350353674,0.47599897351250386,0.6287978901842288,0.5246546345254334,0.6378441230961767,0.5503680823470406,0.4009566873342125,0.7993201527923117,0.3887766399068381,0.5088293983851827,0.2019081365423711,0.5282735874970462,0.8099293185539003,0.471989624654101,0.3670496525821388,0.5451421866580533,0.7331456473855926,0.26151014068032385,0.67465310619351,0.5734373430659617,0.5723838921406338,0.0,0.677367144062013,0.7954792051641164,0.5669977784269591,0.5182296959563927,0.7719358236444551,0.5980726746603187,0.6997394481036018,0.5446297443728423,0.6591607809369309,0.8454742665211616,0.8461474782076659,0.7315914483126627,0.7200663145937369,0.8500935443838631,0.8112309723958684,0.43429994555138873,0.5490165222525877,0.813137931492451,0.7242643527351549,0.48466707390771596,0.6216464809505868,0.7988697331904591,0.7582472742220028,0.7611169395466423,0.7217147622166189,0.6275532524816199,0.920637286772626,0.7188669660366274,0.7795411979536121,0.5629868013964411,0.8644327014405393,0.7296087395284423,0.48749789117917974,0.7669656667081354,0.41625844462954875,0.849207831462836,0.7259883457411744,0.8911194474091417,0.7668768368324956,0.49070622209021914,0.9435090662158893,0.844142495013926,0.8208238952882713,0.8055014285511237,0.8247321006857777,0.7246046829422643,0.8141448740615866
0.6104777630738716,0.5464234490985473,0.9795641211761572,0.5890148645170341,0.4841490518407222,0.7435938000994179,0.6157291225761474,0.6241059502401272,0.7738331025093844,0.5392217791150318,0.49803850516815074,0.6145937206291884,0.40567791894587857,0.5333359309207866,0.6267813038081775,0.6027724522072031,0.31269485060153956,0.5238332202207938,0.7012137258304296,0.6707640460901576,0.6156401909065128,0.6488848821879563,0.6520748117074182,0.9764379378417756,0.5444622319901173,0.3858609033691669,0.6410541095776174,0.5888291501136353,0.677367144062013,0.0,0.7057401333943194,0.5833941367287008,0.4298711226045211,0.6143468695206228,0.45378459854838527,0.33611222526945445,0.48202176051331425,0.5491591269717191,0.8032731010715853,0.5094872589745955,0.6416135510526864,0.5803037432615792,0.7435371244604378,0.2980600384328433,0.0,0.0,0.0,0.27305877216562213,0.0,0.0,0.6974183780510463,0.7383899334225288,0.6703334859791826,0.9339569485341492,0.541352965144019,0.0,0.021988285348210363,0.6420847463838776,0.0,0.6247407243754328,0.0,0.0,0.9510697396821162,0.9983872943120906,0.8074308149081438,0.7339951199687795,0.7613348308671246,0.8503220213048295,0.0,0.4203777283577237,0.4949663009504831,0.866102441227233,0.9908120628733674,0.7903838960552352,0.7635871724613572,0.615813867078431
