0.0,0.0052153770222092555,0.012725008017600792,0.0,0.010019391840382863,-0.045607131061559114,-0.003263452830184199,-0.0026843122315755585,-0.009677781608130875,0.014702050483325735,0.001890504069906207,-0.02966205572598757,0.0009306645260986346,0.0009942923974032847,-0.000378257286478223,-0.01046400037523465,-0.022680459410352738,-0.020905902150523015,0.0,-0.004710457584391481,-0.002323412574320116,0.004643652147212074,-0.02086182444329482,-0.004322627925144706,-0.008442923548924952,-0.005438258124332407,-0.009970769093818665,0.003273221637613122,0.0019584803976407383,0.0007103979405767014,-0.014477804434036734,0.0054988401785677765,-0.03276607267960585,-0.009929990782380493,-0.003668397923973832,-0.0010313307070314304,-0.0013381452761208057,0.002447044705849999,0.007988715648040934,0.011641509685610063,0.017613105451041555,-0.013216752811912591,-3.240951046357132e-05,0.0,-0.011364683117629393,-0.04015082985439078,0.005666812283608158,0.0,0.0,0.0,0.0064686159464635296,1.1102230246251565e-16,-0.021475480292278082,0.0,-0.012896428097913193,0.0,-0.0440789653230545,0.011745512610525477,0.0,-0.045188145930637025,0.01506225058212085,0.00517807743755011,0.020144233950254276,0.0,0.025345154205066722,-0.04494832334046622,-0.0003981815739810268,-0.07047261344079458,-0.04097713181778423,0.02585549337680243,0.017021674133610276,0.0072508603900381385,0.0006122765500737315,-0.01474231584983654,0.0,-0.012653596401951406
0.0052153770222092555,0.0,0.0030940458023583917,6.461108569316698e-05,-0.019057532632525354,-0.012427545800958839,-0.024129053765224007,-0.02165667767722279,-0.0144125257352119,-0.015855578004132564,0.006152166774486545,-0.005596393196204419,-0.03506075553855942,-0.004081067637727032,0.031236458370282216,0.007163948525258312,0.013043308567879275,-0.008083193354091522,0.011266049584795712,-0.006103791278766424,-0.0014982611006664759,-1.2396988430252165e-05,0.01080501670447015,-0.015274969425969787,0.00587280928008399,0.004184223871063986,-0.001761787924230096,-0.027977006009769434,-0.02644938805803171,0.0021823981765071165,-0.007063430974870777,0.006845310110721536,-0.0008288698173528619,-0.006781052940852905,0.0015597549079229278,0.008005042231708004,-0.0019510941346232435,0.0,0.026476354935414337,0.03625773972612695,0.024856321712833584,0.03078517071324144,0.0052116079901871615,0.0,2.220446049250313e-16,0.016884360850885627,0.020773159232832517,-0.0006731634247160168,0.0,0.0,0.022015637523284393,0.00763686185048601,0.02079742028084325,0.012419024136873902,0.021847284596049177,0.0,0.010086863227573573,0.01437326876145395,0.0,0.016596849741359054,0.01943764071167714,0.023731143697132806,0.016300809625660218,0.0,0.02013780657784081,0.02211953699858632,0.016119761947925915,0.010419828660684805,-0.00403909298558075,0.02924842338771766,0.024497624206012647,0.024317914428396536,-0.008079094882759985,0.020617428956235473,-1.1102230246251565e-16,0.02554449562930411
0.012725008017600792,0.0030940458023583917,0.0,0.020816949790673,0.0023417793104514306,-0.020176141289680094,0.021516232499073196,0.011156452632766933,-0.029390228417896014,0.026232524306892546,-0.05539249982609895,0.027597712770132732,0.021956282524135506,0.01687528463720439,0.027046832993693648,-0.0018565624502039912,0.003515319566376407,-0.02521374023055384,-0.031720980494040735,0.002425200787382842,0.01099501222572885,-0.0072939622883664845,-0.023895433468783644,-0.0008024630588803761,0.0036780868938744993,0.011045617254591078,-0.03150294482422583,0.031899858005699666,0.019925508885981824,0.04202736466430651,0.03615235470521083,0.02236581142453964,0.014650035740119083,0.04329374106953998,0.027831526297433185,0.030035394879774413,0.016040297815844873,0.02103906628912877,0.03809464312486793,6.637609065163197e-07,0.03639058589370614,0.03977980205457443,0.017105388807577837,0.05202529581003934,0.0,0.0,0.0001909268428784694,-0.03344451002750337,-7.27926267940493e-06,0.0011799109883020575,0.015049147354887271,0.03242780053927108,0.025334105572916488,-0.04744580866816034,-0.0008955530398498945,-0.07326039394918044,0.013464559545121824,0.02913223968849865,0.058067618237495566,0.00042213236369004203,0.0,0.0,0.0,-0.11549651552315071,0.014146829418064555,0.0062737152383651185,0.0006976090819473812,0.024810627717241407,0.0,-0.0002012087677062957,0.0166140322597923,0.018376826982462235,0.03271817516608855,0.030879543527248643,0.008193383788059339,0.016618037722946344
0.0,6.461108569316698e-05,0.020816949790673,0.0,-0.03244769450167986,0.0020590632016369015,-0.012774535742493265,0.05316686408260474,0.024026502177290243,-0.09235505814255243,0.04150562233690541,0.04292336882609776,-0.020869867956650356,-0.011754958203186117,0.005047908417021907,-0.0015116505626221466,0.006463161928940642,-3.3147498540164744e-05,0.02639069225445384,0.013079287511140736,-0.0015709178347377284,0.0027113378743620076,0.0224482903820592,-0.02144090764964862,-3.2625870568570026e-05,0.003225299068540688,0.00308532531328487,-0.01178061709786793,0.0012385195438999186,0.009258259651500067,0.005747848351753737,0.0008472282847424295,-0.0359829119783272,0.04401643599528038,-0.02621729107155013,-0.028247395735416486,-0.010777897346043619,-0.023303708046045868,0.029589758859841497,0.0005989894291529851,0.023211320445312322,0.009109154485626103,-0.00956674792825668,-0.01109876282923511,0.0,0.0,0.0,0.0019920715339068473,0.0,0.0,0.01841631834513585,2.220446049250313e-16,7.586246431995347e-05,4.099885327940589e-05,5.551115123125783e-17,0.0093024668196251,-0.008820932680098897,0.0009251834107313894,0.0,0.0,0.0,0.0,0.0,0.0,0.0,0.0,6.688787662645357e-05,0.011752098463891525,0.0,0.0,0.0,0.01115542921015833,-0.004461234635109557,0.0041552754429456384,0.0,0.0
0.010019391840382863,-0.019057532632525354,0.0023417793104514306,-0.03244769450167986,0.0,-0.017728155787091138,-0.007733345962178728,0.011527383391181423,-0.015376847606662858,-0.027132263561274017,-0.005920677898499482,-0.04463774943327542,-0.0018021356941119726,-0.024749984212887877,0.01631627291350396,-0.023381525684581184,0.01172059501060585,-0.038080861313338765,0.002954969606034974,-0.016527869088387992,0.002299396481406424,-0.026007636218868868,0.00581806820938785,0.009777219478666554,-0.01877834089922037,0.00028525358341469076,-0.028663969169484715,0.006394487052218623,-0.011419783376318438,-0.0036204319393045026,-0.006252801027826882,-0.02473397132196059,-0.0531287847719768,-0.017072447258992207,-0.055688239357880365,-0.01966377710720288,-0.03919006415350679,-0.03471499710707432,-0.03852194480917198,-0.007341097197108182,-0.0400700699268417,-0.007593044828593354,0.010098331010084338,-0.054281828117054565,0.00021442645862596033,1.1102230246251565e-16,-0.0021079664758476557,0.009452217107397964,0.0,0.01631487596528608,0.003934566584736121,0.013631979159120955,0.012854284922058534,0.00457061096334499,5.551115123125783e-17,0.0053902935066539315,0.009324830627790437,0.010549353766664271,0.028151754503279836,-0.0015473055813798875,6.101646498440916e-05,0.0,-5.551115123125783e-17,-0.0149345890780056,0.007094381790220483,-0.0004606062432607194,0.009669656598754961,0.0030580593968406733,0.0,2.128097607573265e-05,0.01546190532159547,-0.004579085422154516,0.008958023476400845,0.0244933755112291,1.1102230246251565e-16,-0.006359907814147747
-0.045607131061559114,-0.012427545800958839,-0.020176141289680094,0.0020590632016369015,-0.017728155787091138,0.0,-5.085655828596103e-05,0.015032536861839974,-0.022022590742891757,-0.002287213935037391,0.020766895857201595,-0.0009447156338282525,-0.005375650598206827,0.027919496664523757,0.010719468971424173,-0.018324217655640407,-0.04987202824876291,-0.030959818522866944,0.03125370091956747,-0.003822290910877213,0.004548504395281483,-0.02146558214672606,-0.01487872956946229,-0.02380636122336699,-0.015919237835942013,0.0071860005954208495,-0.021392223390718057,0.009578455240031314,0.011080472255394658,0.014321914802143454,0.007050891373684531,0.012365950649668056,0.015180380869919519,0.006619427489519991,0.008521690184051023,0.027022256651631216,0.007661216049602959,0.004155563577055932,0.034129766995255995,0.0027304167458195305,0.012509826532254409,-0.0028298574069338667,0.026034800260061164,0.042244483644232944,-0.009874115753165436,0.008830555501510573,-5.669970096716659e-05,0.01339280614837568,0.006407448612238076,0.017684936277749586,0.02521403378736825,0.026392356152213248,0.020145866308611593,0.013659627590477452,0.02701649173479892,0.030743186187801697,0.00819926016737288,0.02580128135403459,0.021358199751462303,0.013685074177317402,-0.001847099344182035,0.0,-0.004913911529416892,0.011346418199826624,0.01255290984420937,0.013190466267081147,0.007113844513513934,0.016408862569442628,5.624106162765985e-05,0.0001880547233790164,0.019348296153814337,0.01318207791156173,0.028292093860780132,0.03112745285843871,0.02571809920847623,0.0321694956732711
-0.003263452830184199,-0.024129053765224007,0.021516232499073196,-0.012774535742493265,-0.007733345962178728,-5.085655828596103e-05,0.0,0.0159169223890126,0.007312809231242168,-0.030692506900698246,0.02117243345375125,-0.044480467177493266,-0.015535912261498974,0.006884504226829402,-0.010352689039177243,-0.02753824450348291,0.0004134068511795763,-0.03713514026601017,0.025339921845796254,-0.026972681065502102,-0.0021630842467105227,-0.03971834644412375,0.018239762617717648,-0.07773742227035357,-0.024491930549627727,-0.006707593970888159,-0.008318655471060865,0.008172642151811516,-0.007165784237004702,0.005289592233749862,0.005198419341460481,-0.0185101457676366,-0.048008778173411815,-0.015622410929364616,-0.04009465317886435,-0.009094635205464163,-0.029148691443642544,-0.01532020248097038,-0.061971939080085525,-0.0020244293219112697,-0.11953209683180205,-0.0656752185115736,0.021334933275025947,0.01780037461195133,-0.014612966871274002,0.0,0.009899366229662143,0.003867038743755269,0.0,0.03689186243403447,0.017518026988798063,0.009312040638406294,0.009584531705188637,-0.025299857058729336,0.002604381511751519,-0.00719110986873478,0.004215521521606536,0.02245961788044104,-0.01381374921128603,0.029713739459688304,0.005703385249726245,0.0,4.601108772445128e-05,0.025549764402454822,0.01110989631185444,0.015853107566485225,-2.5037222391943725e-05,0.019317163034118234,0.00010225926200385649,0.005437583375535959,0.012143896125919373,0.009081176365129062,0.027206668088313124,0.021800553399008105,0.0034031392153012208,0.02352859134834795
-0.0026843122315755585,-0.02165667767722279,0.011156452632766933,0.05316686408260474,0.011527383391181423,0.015032536861839974,0.0159169223890126,0.0,0.0021608049786316363,-0.05973982030127295,0.03397946596992735,-0.0005172056218329391,0.02204456473109223,0.03498649001669457,-0.015403344617609505,-0.010508249883559473,-0.021016436302476904,-0.015279177437647118,0.018126215607903173,-0.0058854820685153575,0.013727113705997662,-0.014183312212215915,0.01270815958134941,0.0009933763083544989,-0.031316973778512724,-0.011115087083017061,0.000501025759115592,0.016244399446993296,0.0016036861988056317,0.007896019968107348,0.015158976170235483,0.01959326914733428,-0.008992269959524957,0.01557240267146559,0.0016343122964543322,0.009018362362793297,0.07680728041289492,0.019768815563844744,0.02944139637244647,0.0021610593364084774,0.012327421245887926,0.026545934529017823,0.0435278072471888,0.007181609576336845,0.0,-0.00027265685644539683,0.011034258091244142,0.019297297537150593,0.0,0.047681752584684156,0.017949458303440136,0.024726850801047195,0.05472760500457163,0.015532166289499605,-0.00013316983313876873,0.040883740507575095,-8.374850646880594e-05,0.02024811613225619,0.0753233590089803,0.05744470593987128,0.01096286761231352,0.0,0.013965720307063612,0.04723315854261689,0.04240981894055029,0.02579359684364485,0.031052682726985747,0.018487831394040366,-5.551115123125783e-17,0.011070300563950808,0.018882441160098462,-0.007907310740409068,0.029322580606196857,0.027703440183420136,0.03522808690436047,0.03711780847275281
-0.009677781608130875,-0.0144125257352119,-0.029390228417896014,0.024026502177290243,-0.015376847606662858,-0.022022590742891757,0.007312809231242168,0.0021608049786316363,0.0,0.03153784540280408,-0.04223332723708151,0.021421689388469722,-0.015151256140858882,0.027708649290428822,0.006705922665084685,-0.009807482003094947,0.018091875827261072,-0.012140748106980681,-0.029186065332040323,0.0026671663037976523,0.010279934375997946,-0.01651712432761876,-0.017655764853873435,0.010179044477047261,-0.00031863875692683674,0.01788361807168737,-0.02320448101319439,0.02873324751735068,-0.0011112860455021467,0.027243433079228496,0.0361454934441649,0.02953934094658256,0.025271032484829203,0.03942513368477685,0.030936982322703255,0.03914243455263827,0.03023468735823498,0.03319776903148608,0.013863853910093593,0.025110275763507217,0.03742758059800905,0.00984822957697673,0.02934819198398536,0.024987617448269217,0.012283597529208712,-5.551115123125783e-17,-0.006040052079299085,0.01979909240540123,3.4969919228688973e-06,0.03180825495267614,0.015732801858065804,0.025421372424698996,0.02105065780186466,0.00992697731243386,0.028341666328155324,0.028031312417626575,0.008546928094004425,0.016256567283935985,0.013629482404727833,0.008097579380502817,-0.00025147217520227194,0.0,0.0,0.01977711011795058,0.01816482323541846,0.0030317501139175973,-0.000652286651621814,0.009340834503163475,4.3038608572576464e-05,0.011955770117694664,-0.021623810690747758,0.009679986159418341,0.015702289668814817,0.042145280218340575,0.01786562574493511,0.025722940812450523
0.014702050483325735,-0.015855578004132564,0.026232524306892546,-0.09235505814255243,-0.027132263561274017,-0.002287213935037391,-0.030692506900698246,-0.05973982030127295,0.03153784540280408,0.0,0.0275036224283573,0.0008722784494492597,-0.012297721478559287,0.06093580984102226,-0.004559421298033606,0.00810657173204865,-0.001977206995257441,0.001988558040281141,0.020156847067492767,-0.003930998344257641,-0.004842225151247825,0.0016284232349471073,0.0034569902247477136,-0.015923860611288976,-0.0006695986504507423,0.011684111509273842,0.004065285189024992,-0.03410873792482788,0.011436529680606433,0.0028998590735178076,0.0073916569708166735,-0.04134781480520672,0.010458266345680756,0.016787238075711253,0.0036609677719382505,-0.07442350187383509,-0.04300032503808213,0.006146738468804813,-0.0774055553387526,-0.015893047426706552,-0.013877327249670557,-0.020242109688941134,-0.0005347018692062888,-0.007922903235418333,-0.029734091258562634,0.013614655656391195,0.021808782321109776,0.00038207596115347187,1.9856404580020914e-05,-0.0011765616469383011,0.020893394362456574,0.013483389941817414,0.0029314311612686494,0.00042270146415107623,-0.0029046649265556113,-0.002487146432050169,-0.0022877263786679203,0.005139214241616397,0.0,-0.0006630928606660702,0.011877090300508875,0.03199688406695639,0.031967648072443455,-6.526904238801645e-06,0.00010604570084832288,-0.0028047146779726084,0.010294462009063587,0.00028629885033398805,-0.012219879096895148,0.025318901566860452,0.012911515795637374,0.021375904614687524,0.015805215684668028,0.028055925072689114,-5.551115123125783e-17,0.003918299647973689
0.001890504069906207,0.006152166774486545,-0.05539249982609895,0.04150562233690541,-0.005920677898499482,0.020766895857201595,0.02117243345375125,0.03397946596992735,-0.04223332723708151,0.0275036224283573,0.0,0.014286422084294703,0.03862710365319383,0.006551767116643903,0.0,-0.00021341162419924453,0.004896287027465807,0.01438761466291838,-0.051313426649780725,0.0001268373064451378,0.018161449482837044,0.003720231786866368,-0.013658904492696466,0.0069867869727286425,0.015454492727139446,0.013456835716756654,-0.03875979122630002,0.03663463633792502,0.01538128842744807,0.00047270802462073824,0.02964818482054249,0.019771201052137144,-0.00265782530781572,0.028120010337988777,0.025854724590973432,1.0227247475680379e-05,0.04100313306642939,0.018208083564919597,0.03901367102567743,0.024377999743997292,0.03265218134657699,0.006087509248778489,0.045469511748656155,0.013672200775960597,0.0014697168738827537,0.0,1.1102230246251565e-16,0.06780184342450296,6.771498257118758e-07,-0.047510094796167135,0.018771841360425978,0.007127074012378609,0.03178703348895262,0.008956390647728019,0.010740176547634539,-0.07068796387521697,0.03389264624162319,0.011832808768071523,0.11154397097276247,5.551115123125783e-17,0.0,0.0,0.0,-0.09502546938875955,0.007449855406455097,0.0,0.0002403429307242244,0.029489908164220757,5.551115123125783e-17,0.0,0.0009179253682167765,0.02174200031901735,0.02290579037891588,0.020393141546530325,0.0,0.009981546826564602
-0.02966205572598757,-0.005596393196204419,0.027597712770132732,0.04292336882609776,-0.04463774943327542,-0.0009447156338282525,-0.044480467177493266,-0.0005172056218329391,0.021421689388469722,0.0008722784494492597,0.014286422084294703,0.0,-0.025612985445921055,0.05482696773115281,-0.02309132324405827,-0.0017038010528285241,-0.004591250654060686,-0.007739639477114868,0.026041520978999977,-0.012101201689054042,-0.03077887234147675,-0.010165729350014474,0.014842701107261269,-0.019195343420819633,-0.007417405710738956,-0.00810302018992598,0.027939901107191356,-0.045297451742097705,0.006742578445226521,0.02569753729707608,-0.00454717738149546,-0.021353599903392806,-0.01658367690966628,-0.022303762844927605,-0.061473093162460385,-0.05363284454703732,-0.05681495257365801,-0.010177675767298472,-0.04953011016656092,-0.030808123093711226,-0.023125204963041712,-0.03734791485643507,-0.0014485326529253828,-0.03174956662328393,-0.04069626790306263,0.005749365321387423,0.014856405115326377,0.007222044467040056,-0.010743564092726365,0.007892554112874484,0.0025019686054381096,7.971550673951944e-05,-0.0003438307478149105,0.003950173059588669,-0.003969554770000272,0.009534089286658609,0.0017950108612761473,0.017054773222983988,-4.2783811662894244e-05,-5.630040438053818e-05,0.021591599948542317,0.017353923115190628,0.010690080873013208,0.011461139909352547,0.005956593615314809,0.006532928914989522,0.0008462091373917513,0.02143403153850104,-0.033645734703872276,0.01782863786057942,0.005177505828196705,0.03216044624140457,0.02993415526695148,0.005345982201066413,0.0,-0.0018333889927336089
0.0009306645260986346,-0.03506075553855942,0.021956282524135506,-0.020869867956650356,-0.0018021356941119726,-0.005375650598206827,-0.015535912261498974,0.02204456473109223,-0.015151256140858882,-0.012297721478559287,0.03862710365319383,-0.025612985445921055,0.0,0.027402421075301497,-0.0026356236049133175,-0.03815306119572315,-0.030717843309730597,-0.04116319402395785,0.032676211614465434,-0.03113701569600147,-0.0074376824309155265,-0.049409855667588265,0.016981999102388512,-0.04280864977739157,-0.038321128687944794,-0.008658840073871743,-0.005289919647163521,0.013218992218261172,-0.00806493259514568,-0.017293487241392624,0.0054338420413868604,0.00763821907827672,-0.032527993871567296,0.0038453016747266866,0.002488143291801914,-0.013847844374805685,-0.03301565410644047,-0.012158051995174446,-0.030462521144301535,-0.0351397415698777,-0.044953800609564,-0.03914839118760205,0.01615268580499013,0.02223028581346126,-0.0006905870026002736,-0.004019340318822007,0.00852910898111503,0.010054908023503728,0.0,0.022587170116981303,0.023558826315371595,0.024254173022169034,0.03121608508343987,0.017799023126260805,0.0020452007774682812,0.01447847484934689,-0.0070249068937356385,0.028446749346544342,0.001845854597161134,0.03763191631380636,0.008075046448935919,-0.004237837916759912,0.00037821389554310025,-0.003032426104473851,0.017404020626840766,0.013096646316927751,0.011317766478481095,0.022091026408001646,0.004725836881198708,0.015259409950512282,0.00967412860756195,0.019421090769733196,0.03424246051057367,0.026780999332938427,0.0153411997151095,0.03133532503554004
0.0009942923974032847,-0.004081067637727032,0.01687528463720439,-0.011754958203186117,-0.024749984212887877,0.027919496664523757,0.006884504226829402,0.03498649001669457,0.027708649290428822,0.06093580984102226,0.006551767116643903,0.05482696773115281,0.027402421075301497,0.0,-0.009603500563769019,-0.04899273822994099,-9.09892763404363e-05,-0.00023134390796741844,0.0330674437562124,0.004606735745973978,0.028009500191891024,-0.0010068307960093836,0.042705384624069864,0.01352896597044373,0.016346132495753674,0.0017062140569536477,0.013114205875919382,-0.02642410093491282,3.704479112887071e-05,-0.005327722142228375,0.0020802884126044363,-0.026678912476161887,-0.02857934356816466,0.029419971925699007,0.050065604097262184,-0.027692319621019784,-0.021448628121114754,-0.014502753182991601,-0.11737249278577683,0.0,0.0029676131624775115,-0.0009152044253538105,0.07642815283302817,-1.949174931570319e-06,0.0,0.0,0.0,0.045210915024941345,0.0,0.03126571670253442,-0.0012560972188615516,0.035495950752501504,0.010740062918570714,0.015009260419551806,0.0,0.0612677906834046,-0.0004714000695217879,0.00875687476992243,0.00611210530521844,1.1102230246251565e-16,0.0,0.0,0.0,0.05160303800514704,0.0,-1.1102230246251565e-16,0.0,0.022692662954594434,0.0,0.0,5.551115123125783e-17,-0.00460078791244567,0.007218823303183852,1.1102230246251565e-16,0.0,5.551115123125783e-17
-0.000378257286478223,0.031236458370282216,0.027046832993693648,0.005047908417021907,0.01631627291350396,0.010719468971424173,-0.010352689039177243,-0.015403344617609505,0.006705922665084685,-0.004559421298033606,0.0,-0.02309132324405827,-0.0026356236049133175,-0.009603500563769019,0.0,0.012084579106977855,0.0011145085213121186,-0.0017969890744473638,-1.1102230246251565e-16,0.0008484852981364144,0.020926086120961418,0.025210467060496122,0.01471117682545836,-0.02238036395716081,0.013883889059174925,0.023947479958285445,0.026942173513845313,0.010040263756689038,0.01814517141859906,0.011350067249897067,0.036371915619095585,0.034156495936834674,0.02900433708147765,0.0372103828291529,0.04003444341423534,0.049349410876909694,-0.002469681937963375,-0.0002981997359135513,0.012867993748640782,0.03284108302327465,0.025024652346632315,0.030619335553222493,0.0464684159247985,-0.007413470378497433,0.0,0.007154320825566829,0.019351079395656445,0.012620717083673572,0.0,0.0,0.012587765290123898,0.0028393107170814336,0.06190010653239958,0.0024605964513261247,-5.551115123125783e-17,0.0,-0.0019196658517898757,0.014222462713860518,-1.1100217453985373e-05,-0.003835792534814586,0.019229373153421603,0.0003880052003280565,0.004909925792594194,0.0,-0.0165731559539688,0.0272781940681312,0.019043084003926403,-0.13668151836892417,-1.2237971439565953e-05,0.027234213265646567,0.032778001934277934,0.021318659103269966,0.0349634250962772,0.013188640126740425,0.01707406616563034,0.01612997479757805
-0.01046400037523465,0.007163948525258312,-0.0018565624502039912,-0.0015116505626221466,-0.023381525684581184,-0.018324217655640407,-0.02753824450348291,-0.010508249883559473,-0.009807482003094947,0.00810657173204865,-0.00021341162419924453,-0.0017038010528285241,-0.03815306119572315,-0.04899273822994099,0.012084579106977855,0.0,0.008685252344556138,-0.006759674401677462,0.00041903284487049275,0.01576087712825397,0.010494772104960803,0.00985383149491359,0.008030852593088611,-0.01623965885680656,-0.024076654204569337,0.009190506355251593,-0.003424979463544864,-0.02630014525547747,-0.026906803392991396,-0.002806084663766195,-0.005419928975507637,0.01802952336302771,0.015336513803119733,-0.011316161127209179,-0.02114441904090031,0.016402423647351005,0.003978472336978844,0.015795778353664414,0.02849347144947456,0.03293624925443528,0.02981607684969778,0.03814558849523325,1.447383663116808e-05,0.0,0.0,0.008458721596014462,0.028273517560903738,0.0,0.0,0.0,0.006925168486123401,0.011833420415855722,0.015163406170902172,0.0,0.02099344541468834,0.0,0.006727273480476248,0.006749950379726866,0.0,0.016033230533698317,0.022291507427654345,0.019410396142932496,0.013977008328386942,0.0,0.015261038371624125,0.020668484360142347,0.0237523861228377,0.006401617741262522,0.008717450784739622,0.02154885962921521,0.023748156888163507,0.01921588624488413,0.026695246243366333,0.007998415803755432,-1.1102230246251565e-16,0.017682603105457384
-0.022680459410352738,0.013043308567879275,0.003515319566376407,0.006463161928940642,0.01172059501060585,-0.04987202824876291,0.0004134068511795763,-0.021016436302476904,0.018091875827261072,-0.001977206995257441,0.004896287027465807,-0.004591250654060686,-0.030717843309730597,-9.09892763404363e-05,0.0011145085213121186,0.008685252344556138,0.0,-0.01643628015827925,0.006503804644449107,0.000243313476455842,-0.01591508443319356,0.006969464657650304,-0.0006826185157100539,-0.03348789536051261,0.002153478397366515,-0.01342669844496519,-0.025215569563365348,-0.023342705844273004,0.012048542338170598,-0.011663021408337304,0.014870130422883876,0.0002047693958766028,0.0107781280432106,0.004578703038651044,-0.006532023989062441,-0.012869307435576072,4.01355581360896e-05,0.023355550960201532,0.01671594000116955,0.03367699633019966,0.03928594777468464,0.013316426911901713,-5.551115123125783e-17,0.0,0.013592513030655395,0.006821319354640087,0.021975277993753095,0.0,0.0,0.0,0.0,0.0,0.0,0.0,0.003621295469827035,0.0,0.016774262771664272,0.0013478286565301034,0.0,-0.0001616852420686654,0.028572737912801294,0.01746217300869296,0.03895445717552343,0.0,1.1102230246251565e-16,0.0,0.02592288676875243,0.0,-0.012785045166895548,0.02641912663635282,0.02153688679704402,0.0,0.0022975924999994457,8.722756672691068e-05,0.0,0.01607986052550303
-0.020905902150523015,-0.008083193354091522,-0.02521374023055384,-3.3147498540164744e-05,-0.038080861313338765,-0.030959818522866944,-0.03713514026601017,-0.015279177437647118,-0.012140748106980681,0.001988558040281141,0.01438761466291838,-0.007739639477114868,-0.04116319402395785,-0.00023134390796741844,-0.0017969890744473638,-0.006759674401677462,-0.01643628015827925,0.0,0.01376952572011364,-0.013385649348228223,-0.00722685190270439,-0.008557775943053347,-0.015900451139940153,-0.024998997812646417,-0.003346201674236049,-0.018020549140574493,-0.02318768645281022,-0.03323678411116421,-0.04299080694632296,-0.012395101505202843,0.004197750303182146,-0.003630575287079607,-0.01352917635517803,-0.0068964462822443395,-0.013504804093270206,-0.02880624348108901,6.689132614345894e-05,0.0297490336493918,0.0014046747449314445,0.02990168263868398,0.013407412790138074,0.012472948374690762,0.0,0.0,-0.008866890509356629,-0.007018136778698725,0.01971936738035951,0.0,0.0,0.0,0.006108174025730273,0.00028210219583785223,0.0009716926213793609,0.0,0.011169034712859183,0.0,0.00873304897414029,0.011826953471091584,0.0,0.012620449006310097,0.01373763230076852,0.014836910870169362,0.022478997887336205,0.0,0.018085479628651258,0.011486727762375692,0.025199932094288002,0.010280554035709932,-0.009450278460751194,0.014830517222714223,0.011555907052744785,0.024803409459127235,0.01427420802749041,0.0010012032386463865,0.0,0.015512281178054643
0.0,0.011266049584795712,-0.031720980494040735,0.02639069225445384,0.002954969606034974,0.03125370091956747,0.025339921845796254,0.018126215607903173,-0.029186065332040323,0.020156847067492767,-0.051313426649780725,0.026041520978999977,0.032676211614465434,0.0330674437562124,-1.1102230246251565e-16,0.00041903284487049275,0.006503804644449107,0.01376952572011364,0.0,-0.000983813866211103,0.009050603261366474,0.010259103542918757,-0.014277162660371268,-0.06306632898734804,0.017582235114171618,0.004264290104083912,-0.030977651385642124,0.036612905925439254,-0.0009188264635209276,0.0043179332416929395,0.03871192553327435,0.015879491518542788,0.007851085148736336,0.046602242857822496,0.01936658552224385,0.03419319049522773,0.018746431809300745,0.021204991954702823,0.01073030602806535,-5.188422093499456e-05,-0.0005544330596641278,0.03375153861213265,0.024476306396752023,0.018473574366763557,-2.1305142221372808e-05,0.0,0.0,-0.04702122798684982,-5.551115123125783e-17,0.04583045935192387,0.01214222183636815,0.027103012193846254,0.0016907649625790278,0.015564176749660485,0.00027720431493949427,-0.1302817804726933,0.004741316558534048,0.015743135463503033,0.03731417159278955,2.220446049250313e-16,0.0,0.0,0.0,0.04707581133397437,7.50860340552606e-05,0.0,-0.00025208553100108944,0.01749806963744227,0.0,0.0,-5.551115123125783e-17,0.0038278389357212506,0.014266371605848205,0.03304817516333436,0.00025886347657044784,0.05530962875175649
-0.004710457584391481,-0.006103791278766424,0.002425200787382842,0.013079287511140736,-0.016527869088387992,-0.003822290910877213,-0.026972681065502102,-0.0058854820685153575,0.0026671663037976523,-0.003930998344257641,0.0001268373064451378,-0.012101201689054042,-0.03113701569600147,0.004606735745973978,0.0008484852981364144,0.01576087712825397,0.000243313476455842,-0.013385649348228223,-0.000983813866211103,0.0,0.008677383674938643,0.018338811421799883,0.03326020941510999,0.014306175390220222,-0.00976774649415224,0.014762699997622475,0.02187508907281288,-0.014537073622427954,0.021617489795046074,0.001859520089848965,0.026752052194779163,0.03128792926327967,0.010609329061621986,0.022634948032334345,0.024976772644918044,0.041387611896751164,0.025491632427987743,-0.015440401343651766,0.04029904043536392,0.04095714905749542,0.03125511322384361,0.03976218890525518,0.08823953504925475,-0.02705860055117848,0.0005537671783543696,0.00010714594171834513,0.013456411502392407,0.029065918953737058,0.0,0.0,0.011426818838349617,0.008882817984725788,0.005331912097117919,0.015485758004218142,0.00015864050171832123,1.1102230246251565e-16,-0.002834412493036287,0.015746134677797785,-1.1102230246251565e-16,0.038007629466886794,0.006503869083346325,-2.3024750363753732e-05,-0.0120624346643457,0.0,0.032038495741642636,0.029507814680871436,0.039499064984891974,0.021077248921734515,0.0,0.011704919458095209,0.017025462026035332,0.028317211421822197,0.023408041700843374,0.0317115744139943,0.02769623297192153,0.03639137088214228
-0.002323412574320116,-0.0014982611006664759,0.01099501222572885,-0.0015709178347377284,0.002299396481406424,0.004548504395281483,-0.0021630842467105227,0.013727113705997662,0.010279934375997946,-0.004842225151247825,0.018161449482837044,-0.03077887234147675,-0.0074376824309155265,0.028009500191891024,0.020926086120961418,0.010494772104960803,-0.01591508443319356,-0.00722685190270439,0.009050603261366474,0.008677383674938643,0.0,0.0026076800655923105,-0.015117817212033147,-0.013310725701928927,-0.01227478498264517,0.005041591766540676,0.0033932046193190235,0.009542687125485005,-0.005969217987491171,0.0045196177744327715,0.023787843521568264,0.021040003283701925,-0.03085112123557049,0.017358799171154682,0.024394536831733926,0.05127187647468301,0.010847691679713223,0.016328755129337902,0.03754134046620761,0.023233001072058446,0.020677453154068604,0.035121641596398634,0.024037045397421908,0.0,0.0,-0.016535705579378723,0.020104458882080012,0.009577560896855186,0.0,0.0,0.009356204388494105,0.013547597822308133,0.0462670060421867,0.00711688798022736,-0.005200969176514636,0.0,0.0023094504064103405,0.015543338886935598,5.551115123125783e-17,0.024797132493212082,0.014296165171317876,0.0,0.0052687241870849055,0.0,0.034886662170710736,0.031013344582629332,0.010681584230163632,0.014752188492146767,0.0037402431215453613,0.026651375826837187,0.03204882191313618,0.01611349288300823,0.020761681529260223,0.026490478562774533,0.019221788132479767,0.016392522315654634
0.004643652147212074,-1.2396988430252165e-05,-0.0072939622883664845,0.0027113378743620076,-0.026007636218868868,-0.02146558214672606,-0.03971834644412375,-0.014183312212215915,-0.01651712432761876,0.0016284232349471073,0.003720231786866368,-0.010165729350014474,-0.049409855667588265,-0.0010068307960093836,0.025210467060496122,0.00985383149491359,0.006969464657650304,-0.008557775943053347,0.010259103542918757,0.018338811421799883,0.0026076800655923105,0.0,0.01728548752463993,0.008407064032208034,-0.01421836035952384,0.02115477949631578,0.0004921189348240929,-0.029639923157368686,-0.025547923896830527,0.002967198562125073,0.011256539986893022,0.020780943625061388,0.0018324937347443115,0.010776698334232226,0.020156075054057865,0.04446304539856705,0.03476027255470643,-0.014447984498170197,0.011295443254108362,0.01668198890931405,0.017897827783676712,0.028979914243658533,-0.023630307445727305,0.014393665444625336,0.0001683109093786883,0.005001664030346686,0.009085256423508659,0.0014677266886879425,6.103873488483291e-06,1.87661402206718e-06,0.006528342790756925,0.00678490435337431,0.024997415922734245,-0.0010581886523477468,0.013129925964364464,0.0,0.004632230700678808,-0.0009616990240267631,0.0,0.020120882856019262,0.012600121402478404,0.01586177995448801,0.01678599348681903,0.0,0.022468159143606503,0.01710722949661131,0.011307128124274313,0.010359403238697162,-0.011621761336498337,0.035876255348260055,0.018933500591626407,0.017222856584389656,0.019543778962989033,0.018585076864829575,0.006185993024181657,0.01793012535228411
-0.02086182444329482,0.01080501670447015,-0.023895433468783644,0.0224482903820592,0.00581806820938785,-0.01487872956946229,0.018239762617717648,0.01270815958134941,-0.017655764853873435,0.0034569902247477136,-0.013658904492696466,0.014842701107261269,0.016981999102388512,0.042705384624069864,0.01471117682545836,0.008030852593088611,-0.0006826185157100539,-0.015900451139940153,-0.014277162660371268,0.03326020941510999,-0.015117817212033147,0.01728548752463993,0.0,-0.016879326373546055,-0.005939953149488031,0.009528761304449407,-0.008902585662870222,0.012551743339723975,-0.0038009542902643356,0.00995008976527978,0.02064805951472093,0.011884681473069536,0.015677966313563663,0.01604883413562741,0.007261768546494907,0.029169231908606208,0.009042021844444914,-0.005291291389587449,0.02974016948105218,-0.010866003731879181,0.000763763510490123,-0.013945321159711088,0.030329281903776983,0.029139272721351694,-0.004981553225382629,-0.012527378153158741,0.01192776264091644,-0.03776445603542139,0.011648401917727425,0.034074206032605914,0.025025799242392566,0.03015773188744031,0.033604464762545916,0.024316323151219232,0.017174969571842336,0.03772001315717172,0.04080238073353992,0.02695726215940808,0.05055602040423718,0.03200131618962787,0.011260303694331564,5.601025164975182e-05,-0.005702853492953908,-0.08696651706956832,0.030887874205219323,0.012132958978426367,0.017995604689557743,0.026753356917762483,0.00021585235818372128,0.008912165346067591,0.016732424004647084,0.015830440957500747,0.028694591200257857,0.027512151602744284,0.026808383427199267,0.027921698828953123
-0.004322627925144706,-0.015274969425969787,-0.0008024630588803761,-0.02144090764964862,0.009777219478666554,-0.02380636122336699,-0.07773742227035357,0.0009933763083544989,0.010179044477047261,-0.015923860611288976,0.0069867869727286425,-0.019195343420819633,-0.04280864977739157,0.01352896597044373,-0.02238036395716081,-0.01623965885680656,-0.03348789536051261,-0.024998997812646417,-0.06306632898734804,0.014306175390220222,-0.013310725701928927,0.008407064032208034,-0.016879326373546055,0.0,-0.02897737535959466,-0.02914488695790657,0.015414642331240735,-0.0675238848710385,0.010116261166205898,0.010707557658246991,-0.004657788647285055,0.027771721423015594,-0.01975778381499116,-0.01837506953583462,0.009958731017670919,0.018251414042104064,-0.005872877394160092,-0.007009829840767312,-0.12864758636393653,0.029208534009933784,0.04231136827606352,-0.0028531278628398105,-0.007599064812843892,0.004021748734888753,-0.03424591174636016,-0.009461282472261578,0.01941961906505074,0.0,-5.551115123125783e-17,-0.00022123023281389598,-0.003178279838227882,-0.0001895726523257757,-1.6653345369377348e-16,0.0003941027065968439,0.02092871762461712,0.00028992373400937854,0.018936965703391317,-0.004180670215057636,0.0,-0.0006389544327188301,0.034982104267858805,0.004767650128873646,0.017297874175722094,2.6959687154770595e-05,-0.0009232091824245559,-0.038028161751169576,0.015430047186230311,-0.0007210390404286393,-0.01869940652531865,0.015169382074170068,0.003538609168194262,-0.003571961302648141,-0.03631505949445574,0.006211284593408695,0.0,0.008223725479657662
-0.008442923548924952,0.00587280928008399,0.0036780868938744993,-3.2625870568570026e-05,-0.01877834089922037,-0.015919237835942013,-0.024491930549627727,-0.031316973778512724,-0.00031863875692683674,-0.0006695986504507423,0.015454492727139446,-0.007417405710738956,-0.038321128687944794,0.016346132495753674,0.013883889059174925,-0.024076654204569337,0.002153478397366515,-0.003346201674236049,0.017582235114171618,-0.00976774649415224,-0.01227478498264517,-0.01421836035952384,-0.005939953149488031,-0.02897737535959466,0.0,-0.00637360409349208,-0.0021213638995177253,-0.030641413443936394,-0.03385275180994762,0.005112435051334574,-0.009476262834892724,0.00046301989652358655,-0.015447976079795755,-0.010602559470973327,-0.011763045352964019,-0.016977223371160255,0.0015460919011924257,0.012259651817611739,0.01587247213485876,0.03324563364730648,0.022161446200383073,0.01929341392262124,-0.0011343549909154649,-5.551115123125783e-17,0.0298669436709621,0.00279739070966345,0.03544598901783291,5.551115123125783e-17,0.0,2.220446049250313e-16,-0.004330140932409132,0.014137054548922445,-0.0030449440186918197,-0.0010538884740574073,0.0026698828237317063,0.00037725066629418214,0.006663541434686504,-0.0010938236957414582,0.0,0.003560284934389757,0.023503499886992962,0.010048146914039602,0.019855538044817378,0.0,0.012464793908067484,-0.006404054216560318,0.01892015417212678,0.004969973769515246,-0.006010314145249329,0.01733555489703159,0.014517567807190546,0.00531243435397355,-0.00178095151829738,0.00617210569618587,0.0,0.017694580780586833
-0.005438258124332407,0.004184223871063986,0.011045617254591078,0.003225299068540688,0.00028525358341469076,0.0071860005954208495,-0.006707593970888159,-0.011115087083017061,0.01788361807168737,0.011684111509273842,0.013456835716756654,-0.00810302018992598,-0.008658840073871743,0.0017062140569536477,0.023947479958285445,0.009190506355251593,-0.01342669844496519,-0.018020549140574493,0.004264290104083912,0.014762699997622475,0.005041591766540676,0.02115477949631578,0.009528761304449407,-0.02914488695790657,-0.00637360409349208,0.0,0.0334309945967049,-0.015770217375240092,0.0010131423886082236,-0.004235541591783021,0.00042433163768418325,0.021643759891054104,-0.001985248066169343,0.0030898702600551387,0.01191163615958335,0.015734373976375227,0.07688708333899197,0.007898351441514129,0.01219093562746304,0.021239570807587593,0.02073078340934481,0.025731964075366653,0.025470329686959226,-5.264018184258923e-05,-0.011051902448128259,0.0010647814394595945,0.02733061245481322,0.007808669371349997,0.0,-4.387520505244602e-06,0.0053637515440154715,0.016241274801402694,0.0011276028000329341,0.0124798349952851,-0.0016481899747756712,0.0,0.004799643844767831,-0.0054629212464848975,0.0,0.031591179903041944,0.02709375863340091,0.00455139604379623,0.015578294660485603,0.0,0.009326072866582547,0.032844049945517206,0.018089908263072108,-0.0026978647431025182,-0.031736956105750336,0.01556449438860491,0.014163045362426907,0.012734003863055066,-0.003049430342574433,0.00931848653154832,0.0006617420987057865,0.013639910059326077
