0.0,0.5211060693669298,0.5792955743489098,0.0,0.4133169638959869,0.3536567472475677,0.44550599085130704,0.5323556472314926,0.43810062462608435,0.520486023114938,0.3900920923784911,0.5330522111137388,0.3842111881869694,0.35279609789966415,0.34976007943397847,0.5430092860345598,0.3209551942809631,0.4258652513080392,0.0,0.42379505156691644,0.23175689503492747,0.47256604276944836,0.5021489953239752,0.5052986890749104,0.38074422262284874,0.5231474636471909,0.2593421980189685,0.7896784814144996,0.4203052057547405,0.404249628469208,0.516165097482089,0.4984534147716206,0.3403146190327596,0.4418081210015914,0.5158270171286372,0.6256218051252068,0.43294676283911615,0.5179948050767026,0.5119211838030667,0.9238532403579265,0.3999864875010105,0.39275692317508837,0.46189247634616065,0.0,0.3079901345596693,0.2891137527628992,0.6559342100517054,0.0,0.0,0.0,0.3531599530440417,0.0,-0.29837769504097683,0.0,0.4821524116147482,0.0,0.755090623137908,0.7667348646644645,0.0,0.5161321792961473,0.5523523889302435,0.3338551270876824,0.5689304888966704,0.0,0.4854155913522326,0.28822977775418396,0.8173927335556048,0.536818468790361,0.6318329822471767,0.6205153644350669,0.5978952600993206,0.2689734746101186,0.4699025811509982,0.63047227974993,0.0,0.6074647214057955
0.5211060693669298,0.0,0.439296344492762,0.42647763012174894,0.3908056597583945,0.38398227713775746,0.34230559830879415,0.6299697538359429,0.3105049150318161,0.2815007090195596,0.39004751314526553,0.5366353216653733,0.42512441937419065,0.34141386781160454,0.3251807942741065,0.47141515404125583,0.49431864654126834,0.44931286525152764,0.4576640694905326,0.43121308020324806,0.5105320736025206,0.549658033880855,0.3849777820078837,0.26171084585865567,0.350882233549321,0.2895775924152293,0.36746389905665255,0.32476501363806515,0.32452352813248736,0.3261534621464947,0.6409468886268544,0.501855221335767,0.41527131539769946,0.4758407932667654,0.5647860779886558,0.5482762721948885,0.04603978634970908,0.0,0.5258039993418591,0.6263082266558646,0.4557956524455846,0.5029280445491449,0.4413740200186508,0.0,0.0,0.6887307970938418,0.6099820756065081,-0.016176701739285655,0.0,0.0,0.5234148991360076,0.5840942716999218,0.6271246770772823,0.46347535559408604,0.654483917487696,0.0,0.46405564020658685,0.5584830284171546,0.0,0.5740802049540744,0.5316842304443764,0.286529747326134,0.5297313851511698,0.0,0.6004576625548839,0.6930550547601333,0.7098775615975101,0.5230549400146348,0.3581919653067376,0.5525793352697929,0.5906060231318409,0.4980176060997995,0.4836191708387786,0.587959833166287,0.0,0.6118103343680295
0.5792955743489098,0.439296344492762,0.0,0.5705745639787725,0.37347663548811244,0.2682982302697879,0.5939774323705692,0.5237396718874554,-0.0015908807957723259,0.5613563222730347,0.5295728705907323,0.6156428138345494,0.6047068822808748,0.6685356502544126,0.20556779918544374,0.4359263948337938,0.6442647997241921,0.7374406714959594,0.2171868215785589,0.3821670852157547,0.4046133482181782,0.5373317263486289,0.4679124672888535,0.8254197370317864,0.6421799021907613,0.6809867961518615,0.0758915379969369,0.6115758882864605,0.3844990556492315,0.6734540853612287,0.6696090445796548,0.5952407769451777,0.12676172800339836,0.7513472669350816,0.6044084023443796,0.7015096328663685,0.45268762530842815,0.4091046388788272,0.5482178165634582,0.4995456186483833,0.6051579169816986,0.16048994124269286,0.5643972724301428,0.5033466480199171,0.0,0.0,0.42554278570045156,0.4937976243038035,0.48243438677655187,0.5197388002634492,0.5041803034758693,0.650845622003509,0.5653742417075461,0.6252912834212381,0.41742664973257615,0.6199080357015088,0.5972010352331565,0.5892738938934341,0.49519390839538435,0.39293640622723736,0.0,0.0,0.0,0.5769094537501656,0.6919533443098886,0.527951976033304,0.3021783134517624,0.5608284887004067,0.0,0.5424372204144682,0.5256850603547126,0.628105600724218,0.5249013953198522,0.5528062552335236,0.48850680055150103,0.3581080204189544
0.0,0.42647763012174894,0.5705745639787725,0.0,0.4442636851582933,0.6169570717065342,0.544137399989378,0.5057953830483899,0.6667162370761659,0.3637573083903998,0.5824041040841754,-0.025800236250117597,0.7027138504067638,0.777872986232383,0.9434913496653334,0.22897969064953172,0.45676024922595254,0.46352938382495185,0.5387599608156344,0.8536611685430708,0.39500671099282575,0.6945473081683344,0.68827108504772,0.4148890144281338,0.7904959850299875,0.3915886126313257,0.5104499702925523,0.48758983129717026,0.12140714887821444,0.5683558994999893,0.8161190651814967,0.5616851325774449,0.2830348053406491,0.3692701907000929,0.8460616132711011,0.5555325193849606,0.3172507866136353,0.36570777791814646,0.43090352284780054,0.410989951292019,0.4470080069927171,0.17852973478739748,0.4152963435590752,0.4176854162093524,0.0,0.0,0.0,0.48187443516082207,0.0,0.0,0.5061365606234757,0.0,0.46564435738859916,0.34051338752799215,0.0,0.25262540273922834,0.6761078935018685,0.488996866838756,0.0,0.0,0.0,0.0,0.0,0.0,0.0,0.0,0.4920169158824954,0.5526818950666564,0.0,0.0,0.0,0.3960749916651402,0.44734640077786747,0.6851328590709613,0.0,0.0
0.4133169638959869,0.3908056597583945,0.37347663548811244,0.4442636851582933,0.0,0.34467816621747566,0.2511063777189414,0.6194368506140151,0.16594277400812354,0.7396608522537784,0.3829093296053504,0.616076943044056,0.6183647697106718,0.4995862335992846,0.5161039657286215,0.5371307697771829,0.13864210640234914,0.38650855348174246,0.43370945751983514,0.399106007304059,0.43138086426928207,0.5524329268905455,0.4987385412474081,0.44909558842619113,0.5271877063475419,0.45555263721892625,0.36710025747880043,1.000852022411996,0.5716299039688786,0.46449257635383495,0.565706446654509,0.44404238858635636,0.24824589250799547,0.7234127924371633,0.668032090340793,0.40226256891935475,0.4704551646967737,0.6120461966953847,0.5860678312645156,0.7925991731497314,0.5182380386065811,0.5032068366857302,0.3755803158368619,0.7747243789986566,0.3918069825048057,0.0,0.19980487466466598,0.6691239030526862,0.0,0.6371144194272682,0.530073690793855,0.4945105236225963,0.703358465448451,0.22152999040512178,0.0,0.45918407626422814,0.3000464845487918,0.7380721374499442,0.47050974738764223,0.40591044898388895,0.5083945346488737,0.0,0.0,0.5016770531385032,0.286076523749086,0.44049971253239606,0.35642218190328157,0.5993787669599174,0.0,0.5016742012003848,0.4546437005893539,0.4400828170466474,0.4365461640119974,0.37099005545081576,0.0,0.5299126845710844
0.3536567472475677,0.38398227713775746,0.2682982302697879,0.6169570717065342,0.34467816621747566,0.0,0.312500599187271,0.41635979850689875,0.21414554302187247,0.5746667036813016,0.4436808033176195,0.6683094126044478,0.4328273446445645,0.43838638431715954,0.20213380637067732,0.5563492081605619,0.36458581035108717,0.5805332764268225,0.47415691861498593,0.3102635648202072,0.43678574608630394,0.43400857500939094,0.3262874152422248,0.3293460289926128,0.48233601198029413,0.5934746117866698,0.28139815723368755,0.4263109508609452,0.34936269389971886,0.5238484358342136,0.5183654314144834,0.388345242507475,0.423425458731875,0.5353430656170136,0.4786945160358682,0.6915626770209715,0.5161254594114506,0.384385577246002,0.494390201353067,0.18366622373843397,0.20974312325144304,0.5047676589628187,0.45690735975144836,0.33348803633976754,0.0948540263535188,0.5670517838808709,0.4275268866356441,0.531773209196189,0.6091114445913312,0.44914004273249314,0.47963250854997647,0.5890568701471308,0.4866084569086625,0.5764542749074225,0.2869099447252245,0.46947857066854765,0.31891154502533514,0.5795841641789244,0.42764374963537866,0.47458039754043746,0.4299739223577978,0.0,0.8143766452557429,0.48207639210657816,0.4505831247089048,0.4557037548333749,0.5086837671876099,0.47108062040156845,0.5095133730452156,0.47621871453215103,0.4045866593930447,0.4054117057215985,0.38754834242637287,0.30769857972553877,0.2984411441392236,0.446827379418675
0.44550599085130704,0.34230559830879415,0.5939774323705692,0.544137399989378,0.2511063777189414,0.312500599187271,0.0,0.5224950486352181,0.23591051044459277,0.5119152498023667,0.6505366216216918,0.4739388382197224,0.7037074881619432,0.46985564901355403,0.5322498085474757,0.487599193921611,0.4740573671460165,0.4884102860827291,0.6094172695935544,0.3612665672767965,0.526951843619031,0.4412087313743361,0.5388812118893258,0.5302195935640968,0.5192208374846851,0.45698437260091357,0.35697225502728047,0.9456605633546478,0.5333990000969178,0.30126869195684586,0.6869758807736097,0.5945209090219183,0.5864874610209436,0.5633424177041086,0.6421714777187961,0.5939662110633227,0.5152007367110488,0.7823762613162297,0.6442816494937083,0.7015861609586719,0.6135519859292282,0.8274643018587967,0.5249138603492899,0.6275170887920487,0.32867055458934963,0.0,0.5090343571116829,0.4766530615224959,0.0,0.5725692329617196,0.509405913104243,0.5401444565589678,0.5021533796121113,0.6325942830090172,0.6311998412900259,0.41458103786409084,0.4684960224356334,0.5430387665988176,0.48466253446761276,0.49819269210959416,0.37062417245220297,0.0,0.520884436046218,0.8871006809824667,0.5612083820215994,0.40220087812095273,0.5901775174384609,0.5157337419588095,0.4737447022029102,0.5961460816814623,0.3018368157357024,0.41658223138575473,0.4182995665897903,0.35808008408450703,0.5759322552867732,0.4710603337801046
0.5323556472314926,0.6299697538359429,0.5237396718874554,0.5057953830483899,0.6194368506140151,0.41635979850689875,0.5224950486352181,0.0,0.6517816140296262,0.4628163952803009,0.3227599684084977,0.5714125162541978,0.5480625896639458,0.6300910632005561,0.2008958250361178,0.5222023839457096,0.3507738209102803,0.5252899129168174,0.45980811421582274,0.27923659981758775,0.47659999652991963,0.2944251952420647,0.5641352199869343,0.36611893287052766,0.4854400378352085,0.5122387234684994,0.2902568504310675,0.5207484990658372,0.38759452338406314,0.6367054089410246,0.7129033987522521,0.3894041468609119,0.35309113973797457,0.6739325999080699,0.601840144294784,0.5664802426772024,0.4777706386883047,0.3778174383648402,0.33978767690762823,0.5180299889785425,0.3525317236249822,0.5756874537869336,0.32845045283386415,0.4785377709436686,0.0,0.4646156951406768,0.25608849516321713,0.5249583059025873,0.0,0.498829268901654,0.47785769381241183,0.5457433771156814,0.3784979781986263,0.5033661730499269,0.6229711914769964,0.35632921817321206,0.941405293964303,0.5753658549364031,0.3286355987441865,0.12926423680535265,0.20754103586017003,0.0,0.5871253038789135,0.5147856042562937,0.5102868266825659,0.3092405934089777,0.3041553597441072,0.5485617171058471,0.0,0.27020538575514674,0.619681333132138,0.4089918211922604,0.4235284613908561,0.3896442774614294,0.4400700073872384,0.4579848580630381
0.43810062462608435,0.3105049150318161,-0.0015908807957723259,0.6667162370761659,0.16594277400812354,0.21414554302187247,0.23591051044459277,0.6517816140296262,0.0,0.6078173504834189,0.25228974745985105,0.6613660559704199,0.3221081706507554,0.5409002414187009,0.30379662055556794,0.42860120362336385,0.4817962631845307,0.5460859236122717,0.17856419211060365,0.3754562465089207,0.42502356241621697,0.4700623791598826,0.33572629369713525,0.5502747595849745,0.47799137780232465,0.5392136873398135,0.1938819495081347,0.5752808837227875,0.4404593585706007,0.49911475470741296,0.6026877061165707,0.6041146542598022,0.6464627587800531,0.6483614541382099,0.629704586698408,0.7066449151435705,0.5690296489183323,0.621715143965321,0.6637943235273802,0.5394808894235635,0.25694916636381526,0.23166039136493627,0.6219520547991708,0.4824338356784301,0.2749287821610171,0.0,0.45211319750419665,0.6782524140316246,0.4884339403676804,0.6055582347611521,0.5841218772436054,0.6967696572099975,0.6060155226237853,0.5403254398691273,0.27623408002249106,0.5283882600964322,0.27621079650374086,0.5531449328829137,0.5802731386780262,0.39032888353285067,0.6881943819913059,0.0,0.0,0.5568851268778504,0.6644424039055086,0.5691563238889132,0.668005160394617,0.5805447119600389,0.44581702586710364,0.39646557886394124,0.2923304246639852,0.4985345787083674,0.4907362112830522,0.40471087808208206,0.4527291793207845,0.6282155340241528
0.520486023114938,0.2815007090195596,0.5613563222730347,0.3637573083903998,0.7396608522537784,0.5746667036813016,0.5119152498023667,0.4628163952803009,0.6078173504834189,0.0,0.659951687507864,0.6195509785691187,0.524140716090599,0.8086514065262916,0.4694957275132337,0.3347717055215728,0.35440200727669324,0.04830127331869377,0.5671233206240694,0.43195099265132575,0.6166689689592715,0.40169400820650364,0.42333426224268206,0.361494747945447,0.4270183338714994,0.41807538830744806,0.3573217272933648,0.6045410846301602,0.44583341718804564,0.09185074566671286,0.5828902689090192,0.5714522098934093,0.50368359084722,0.3513476253843755,0.3728744556066483,0.37027877208674637,0.3600933966514056,0.5231437016392226,0.2954619020599871,0.769103536412091,0.5131348655281724,0.2662198592547066,0.31432234867713776,0.27818832492181833,0.4497199049670842,0.45865645456375437,0.4359470013577107,0.39566505028625737,0.48604353900944697,0.44553891356315395,0.28871190686637205,0.421760064961063,0.6971812754345554,0.4031769716623923,0.5596330287129339,0.3332363980243196,0.6425800091246627,0.4603186651204873,0.0,0.600273744817543,0.5466532934773363,0.5002115250596987,0.4599866809479428,0.47823607729450385,0.4837179524532032,0.5258958229869203,0.5747827591253505,0.4098692830054528,0.35602420784136113,0.4413315795214696,0.4637273378664344,0.37837116047601577,0.5442935601177061,0.34196329165988504,0.0,0.5397583262058254
0.3900920923784911,0.39004751314526553,0.5295728705907323,0.5824041040841754,0.3829093296053504,0.4436808033176195,0.6505366216216918,0.3227599684084977,0.25228974745985105,0.659951687507864,0.0,0.6782567837207174,0.6201857959770496,0.4572884391607295,0.0,0.49279640192405255,0.5896168835986594,0.5887163463555013,0.3858177198807425,0.50592298730946,0.5955082223926803,0.43571985842281336,0.25676811654053644,0.6658264939647406,0.5767029424655472,0.7053549114687596,0.37045367752119807,0.6163957314626938,0.34367649939556427,0.5013807822365617,0.5465580675391208,0.5481543333513862,0.43851795062705995,0.6256440853797054,0.554707154932679,0.8034245324716984,0.6057676757553494,0.6449871384359918,0.401178311174923,0.32467751702703557,0.7033561521979133,0.43841177941367704,0.3490127407637972,0.5112866042830652,0.2459487701586894,0.0,0.0,0.18252001783645438,0.47472054433086647,0.3386975374184144,0.44389458552437067,0.41268438429374654,0.48583370811193227,0.19325305244446414,0.3429938111843978,0.2658020939137369,0.45217160874288564,0.5176586672020614,0.3811114256377044,0.0,0.0,0.0,0.0,0.15332844904296677,0.24424638113252317,0.0,0.5672092909282564,0.42506462401355066,0.0,0.0,1.0094360542088685,0.01609418203717572,0.4169470556443973,0.2814236145642136,0.0,0.502582429784429
0.5330522111137388,0.5366353216653733,0.6156428138345494,-0.025800236250117597,0.616076943044056,0.6683094126044478,0.4739388382197224,0.5714125162541978,0.6613660559704199,0.6195509785691187,0.6782567837207174,0.0,0.5739477685655926,0.3605315313600779,0.44605226717589375,0.3710941399879814,0.4726979139977663,0.518116791219285,0.6114927904209173,0.6634723207431366,0.49404122784038856,0.29519789578570954,0.5854970996131506,0.3055164578567481,0.4825646192412152,0.4405493446323845,0.4639344983593085,0.7749660502104492,0.6009478760142382,0.3306066083862518,0.5796777075570757,0.37187831157000173,0.7918919569938587,0.2874725654982566,0.4907625312391266,0.06802626659606548,0.02598456311213021,0.3552970588677111,0.40851125316631,0.727885113331179,0.3156548652973834,-0.01740003362154932,0.40177127882050245,0.34896378957516433,0.47873368789858606,0.41338886322762225,0.4483392138109222,0.35330566656485823,0.2970033799081046,0.22701884515601284,0.2952333363926434,0.5150848018895076,0.3506713732741793,0.47398414154362434,0.5379970142960494,0.27723705315151653,0.7278324496239397,0.5578658899127558,0.5706811785456674,0.5184514289311211,0.5501384681344057,0.5014540331468371,0.5750356531980696,0.2575655195682204,0.6887409384909384,0.8044045885464449,0.5252942078229629,0.4196672076141671,0.3537009793777862,0.4563670569652006,0.4533792472848247,0.2554065334637635,0.7901831852978836,0.6068760422880335,0.0,0.5322803635069766
0.3842111881869694,0.42512441937419065,0.6047068822808748,0.7027138504067638,0.6183647697106718,0.4328273446445645,0.7037074881619432,0.5480625896639458,0.3221081706507554,0.524140716090599,0.6201857959770496,0.5739477685655926,0.0,0.5567795832721176,0.3393989358187839,0.5100183985011082,0.40943911437346137,0.5755980163357262,0.5547300681407319,0.508112418326143,0.5338079833928205,0.4838847892821214,0.5990035126182375,0.3399987876092396,0.6086202782379468,0.5283110551051451,0.4735056514931135,0.540856464846708,0.5213349465363261,0.46944915534975523,0.5683384792724122,0.5739545178109008,0.4657117169109374,0.5210211425078146,0.3112306771165247,0.5794451589209421,0.6003608055555615,0.40839337530871994,0.5639044142795608,0.6511210204458309,0.2248855941745003,0.16383823002614428,0.48439245429969235,0.2482502791360843,0.37795735328283325,0.6612324465081222,0.45488174235651035,0.6191091977362764,0.0,0.6048691948922654,0.451106993040845,0.628005032775008,0.47142006610280696,0.7492677481813952,0.3771685865609775,0.4921739094743931,0.3649315879756034,0.6079927762955293,0.5062195670983421,0.5148052212817823,0.33397149252313607,0.3995860012859115,0.5449317271506657,0.5407756051817261,0.5241438907147842,0.5092619832412167,0.5848986941958216,0.47829137962356305,0.4940548839427654,0.43911949876311424,0.3320919067246729,0.47132391669894447,0.4701314308800435,0.46361494172680406,0.39103571995664255,0.41263721472837883
0.35279609789966415,0.34141386781160454,0.6685356502544126,0.777872986232383,0.4995862335992846,0.43838638431715954,0.46985564901355403,0.6300910632005561,0.5409002414187009,0.8086514065262916,0.4572884391607295,0.3605315313600779,0.5567795832721176,0.0,0.3285822771596064,0.5607820199329161,0.48848227303708264,0.45372571837935183,0.6861013972090638,0.47717008201256295,0.5408000450992119,0.18520932311752128,0.5914394390613549,0.3227983046561236,0.31157103643115514,0.38863879384633965,0.4712656148527195,0.5258362919242412,0.32496391703029537,0.5197136623765252,0.6066257526473993,0.3664910346988468,0.3437862341441136,0.6613953195871651,0.44981450536210205,0.6207366707603494,0.2717467305383879,0.4566020968374215,0.39009487219939243,0.0,0.6317568143908849,0.6799855822065055,0.600105773280168,0.48166713106358316,0.0,0.0,0.0,0.4328603744938738,0.0,0.4962214760923914,0.42235920318488773,0.27404354201115877,0.24845266778839442,0.3417965771082561,0.0,0.46964486441661574,0.37406006126595137,0.6387567596031581,0.5196573229712742,0.0,0.0,0.0,0.0,0.3018929459895735,0.0,0.0,0.0,0.6024843509552199,0.0,0.0,0.0,0.46659207281002246,0.7660208903597499,0.0,0.0,0.0
0.34976007943397847,0.3251807942741065,0.20556779918544374,0.9434913496653334,0.5161039657286215,0.20213380637067732,0.5322498085474757,0.2008958250361178,0.30379662055556794,0.4694957275132337,0.0,0.44605226717589375,0.3393989358187839,0.3285822771596064,0.0,0.5262656598897294,0.6942985206803112,0.4496624169192407,0.0,0.30044269099944243,0.5011757850615474,0.07164358077686322,0.00716163915532414,0.24159272170773954,0.2354845568895495,0.5538767554660942,0.09720216513115598,0.2026882508578292,0.35193985992480037,0.19242501105852386,0.6380842197389547,0.49120682171738705,0.6283467765851689,0.6655824068482474,0.6994406610066259,0.8468877748011157,-0.05196803842835859,0.38366949348566987,0.5616080858968702,0.6746574157691483,0.5681672192119678,0.5278659702613465,0.34028645500693067,0.36274743241349217,0.0,0.49283883123535444,0.6504582544359803,0.3028756223785102,0.0,0.0,0.44342125055037523,0.7572196016156671,0.26717285721690365,0.5965516622539329,0.0,0.0,0.6473369363750168,0.5331687736437503,0.474001682432299,0.7142142770124921,0.5671771678786299,0.5724091340044666,0.6710499802385408,0.0,0.7685443459366507,0.5330937904265779,0.8186293453843341,0.6896478153560364,0.46451807087734,0.5504438794196544,0.5934354064514251,0.5565494833404332,0.39761794615265544,0.47963671217552073,0.33818896217657957,0.5224613023341683
0.5430092860345598,0.47141515404125583,0.4359263948337938,0.22897969064953172,0.5371307697771829,0.5563492081605619,0.487599193921611,0.5222023839457096,0.42860120362336385,0.3347717055215728,0.49279640192405255,0.3710941399879814,0.5100183985011082,0.5607820199329161,0.5262656598897294,0.0,0.2532652239913803,0.23404240179950087,0.5082124637661014,0.3851657575157737,0.5596118263026668,0.3480677131248443,0.5368189183920427,0.4115352571608562,0.3308371895942179,0.4904293292908531,0.4967745617010127,0.3936250648266558,0.34954302273371884,0.4697467708217281,0.430634326760268,0.30052370273259477,0.18331255669624077,0.13563797533887456,0.30219860600792375,0.4195109952959968,0.42318161216154304,0.3873616272118408,0.5166854931420766,0.47775685739546725,0.4223796314234384,0.459322545293909,0.4667649285605749,0.0,0.0,0.4244138433328285,0.633769721522246,0.0,0.0,0.0,0.5996614850274826,0.6946629496941088,0.6219473396975591,0.0,0.5115733716399856,0.0,0.2950067535291109,0.6300930960289581,0.0,0.5057893007984161,0.49985375539479004,0.3918440402096274,0.6041372029186349,0.0,0.5111096420260073,0.5865661370014007,0.607634481755742,0.5657380116281676,0.32668457359323205,0.6560304660222158,0.6850942845519556,0.49419489778922615,0.5167258593350421,0.4981355163039538,0.0,0.46884051596622345
0.3209551942809631,0.49431864654126834,0.6442647997241921,0.45676024922595254,0.13864210640234914,0.36458581035108717,0.4740573671460165,0.3507738209102803,0.4817962631845307,0.35440200727669324,0.5896168835986594,0.4726979139977663,0.40943911437346137,0.48848227303708264,0.6942985206803112,0.2532652239913803,0.0,0.4345860943730357,0.6776297398388409,0.3385106754691676,0.08553725017527025,0.47975162377192604,0.3436573082335617,0.29376725934973924,0.3512616267188208,0.4094639025049772,0.6151621692469402,0.6064132480361893,0.2512345475091624,0.3066490030568878,0.3392278263870542,0.2969377240545602,0.339949953185718,0.2702121830467143,0.1633230329198174,0.4260772904462953,0.3607895575074334,0.2974979211376876,0.38189791658248895,0.3835411322404442,0.23707632128092532,0.5586261329599791,0.0,0.0,0.37800710474511806,0.4927385799056581,0.5606134969900939,0.0,0.0,0.0,0.0,0.0,0.0,0.0,0.46955395751735995,0.0,0.4881796827401813,0.24585715782468878,0.0,0.5807416878437666,0.378999003810359,0.44166976426218746,0.41150397986638887,0.0,0.0,0.0,0.6275370080788677,0.0,0.5444955276117831,0.48523502165697846,0.44599654585689413,0.0,0.30744031629392393,0.4854765141420826,0.0,0.5886451325950512
0.4258652513080392,0.44931286525152764,0.7374406714959594,0.46352938382495185,0.38650855348174246,0.5805332764268225,0.4884102860827291,0.5252899129168174,0.5460859236122717,0.04830127331869377,0.5887163463555013,0.518116791219285,0.5755980163357262,0.45372571837935183,0.4496624169192407,0.23404240179950087,0.4345860943730357,0.0,0.4736476452102632,0.3169067018901483,0.3493793477224718,0.26015312264221796,0.4839415550610552,0.39184111905683894,0.3030950683708411,0.39581633187516624,0.5432525794910295,0.36503979285509786,0.331541509682307,0.35456032634192114,0.33846390434616797,0.3881560890354938,0.35052832271196377,0.34837634746600227,0.37309074012285465,0.7199106927007715,0.40842952597063076,0.2433036808087225,0.5507630065879279,0.41215713127398534,0.43866617668263097,0.43666902512052597,0.0,0.0,0.4479556467540786,0.51732525691743,0.611563537917881,0.0,0.0,0.0,0.5483261493321022,0.5318726329211119,0.6161832733108594,0.0,0.6845543801333355,0.0,0.6659968595466342,0.46925615382158103,0.0,0.5350608868011396,0.5208017165353336,0.6548816972290923,0.5771128701475178,0.0,0.6529241620308053,0.5493259075298993,0.6703029524442379,0.7572172237294079,0.6297684573462871,0.5889306890767829,0.646257729570772,0.5292324167715199,0.6805373744209777,0.4862721628385366,0.0,0.6640310953620989
0.0,0.4576640694905326,0.2171868215785589,0.5387599608156344,0.43370945751983514,0.47415691861498593,0.6094172695935544,0.45980811421582274,0.17856419211060365,0.5671233206240694,0.3858177198807425,0.6114927904209173,0.5547300681407319,0.6861013972090638,0.0,0.5082124637661014,0.6776297398388409,0.4736476452102632,0.0,0.49569526005618403,0.3985944182139486,0.43675401080166354,0.5108716233696231,0.645742262710988,0.5318181901658776,0.5807651459429425,0.227315093083171,0.5438107363378273,0.5754369328017185,0.5425749244915172,0.5295789967361203,0.4447397658877976,0.003769268668835868,0.5729667998911238,0.4671273737288098,0.7058548574237686,0.42873676654708254,0.4859357363119153,0.42437263129748215,0.4618345176534041,0.16894142256663686,0.37957473072005976,0.6538179249674121,0.4285105184799886,0.020685366824019173,0.0,0.0,0.6888148783116204,0.0,0.3597261017992614,0.4842054573535633,0.4800933377282822,0.49133890130634095,0.610386126863607,0.6629433161878733,0.4045264096247837,0.4379156334140619,0.4750695068790098,0.3733155375659635,0.0,0.0,0.0,0.0,0.7850954067324624,0.48228795637606037,0.0,0.44805920760529333,0.5699183735802092,0.0,0.0,0.0,0.5246180122775396,0.4167007066073266,0.2578016167954582,0.4863645013846717,0.4475687875057426
0.42379505156691644,0.43121308020324806,0.3821670852157547,0.8536611685430708,0.399106007304059,0.3102635648202072,0.3612665672767965,0.27923659981758775,0.3754562465089207,0.43195099265132575,0.50592298730946,0.6634723207431366,0.508112418326143,0.47717008201256295,0.30044269099944243,0.3851657575157737,0.3385106754691676,0.3169067018901483,0.49569526005618403,0.0,0.46544338656206374,0.22961567624594714,0.40100396176039643,0.6616952530328191,0.36612073400098066,0.409398442983013,0.2581624881191563,0.4852311633484089,0.393570161853673,0.7146917020701162,0.5502007521345107,0.31308488304751336,0.39522282765315897,0.6017225065822239,0.6292553427137173,0.8188483945493457,0.48018516218632673,0.8259619208948077,0.44635318789325085,0.40140216825123914,0.4711781227626812,0.44222965904764844,0.5551788925919585,0.1965962538986601,0.3748907924083663,0.7561311265962534,0.47333452188968106,0.4171749201519188,0.0,0.0,0.3804866363759491,0.41306722598085893,0.5260649315157246,0.5748350273992694,0.7852547263236185,0.0,0.06300788069309299,0.5094443145176816,0.0,0.6287864543297272,0.39422438086038725,0.4642708341760285,0.5342606894788808,0.0,0.45355976079840377,0.46712552933258844,0.5750509749134703,0.46850183108279164,0.0,0.5502721091366929,0.558943502498332,0.37461381639103636,0.37264909809152374,0.3965943021710247,0.1457930098147701,0.4131208277599325
0.23175689503492747,0.5105320736025206,0.4046133482181782,0.39500671099282575,0.43138086426928207,0.43678574608630394,0.526951843619031,0.47659999652991963,0.42502356241621697,0.6166689689592715,0.5955082223926803,0.49404122784038856,0.5338079833928205,0.5408000450992119,0.5011757850615474,0.5596118263026668,0.08553725017527025,0.3493793477224718,0.3985944182139486,0.46544338656206374,0.0,0.36331215436776987,0.5816629525537338,0.2701989000581994,0.4372014135788471,0.7132502476937321,0.31688981118748544,0.40739645228396004,0.4338605172127959,0.6074011391335654,0.6279139924053303,0.39419103013032386,0.6516083808793378,0.46468448495975323,0.6135477870113993,0.47897174704321877,0.2616727122267243,0.7046228191437376,0.4635588381072919,0.5440879690758038,0.4282160858276162,0.39567424024182885,0.4884533628383219,0.0,0.0,0.377838836450364,0.5765945245216577,0.5287702087540052,0.0,0.0,0.4881491980718513,0.4936765064730131,0.40365180861724337,0.7427177432139078,0.5656878682462404,0.0,0.8158306459152944,0.5067738171016097,0.0,0.4984015115750506,0.556936405151924,0.0,0.52217355584932,0.0,0.5399296299642068,0.4787249809196758,0.6656818643454444,0.5181119441252411,0.5620119399480775,0.5074805807950972,0.6131849942679604,0.411268133715629,0.4254745538129721,0.48434292214036734,0.197474770087014,0.2789573392738676
0.47256604276944836,0.549658033880855,0.5373317263486289,0.6945473081683344,0.5524329268905455,0.43400857500939094,0.4412087313743361,0.2944251952420647,0.4700623791598826,0.40169400820650364,0.43571985842281336,0.29519789578570954,0.4838847892821214,0.18520932311752128,0.07164358077686322,0.3480677131248443,0.47975162377192604,0.26015312264221796,0.43675401080166354,0.22961567624594714,0.36331215436776987,0.0,0.37203643341474446,0.7836434442784039,0.42561188071581546,0.3953469915886043,0.2631540597309737,0.5194541751977384,0.3517139005898456,0.5248441840089069,0.6360368791185169,0.460118555630955,0.27722518337705093,0.6198094871416722,0.599143073932236,0.6823430705258315,0.6652403829289587,0.5706127839312045,0.5568030110230515,0.46049656819929063,0.4637929521266938,0.4747507947607422,0.3914214966250184,0.06907923104687941,0.4281940541458019,0.4145238669360336,0.6420848704498479,0.49453333009430134,0.48102700522804953,0.4043224382386212,0.5960626848224395,0.4798637056150159,0.6982259867391386,0.4964532838692649,0.4031967228822774,0.0,0.06754853573191175,0.6105587943658612,0.0,0.6782922648566925,0.5100061133883482,0.38005563544710097,0.6249299162216018,0.0,0.49925301471687367,0.6194790035597164,0.6092587831491147,0.5128992822237262,0.49263781222182973,0.4803392675129634,0.6244829600768427,0.4883638895465112,0.5187244990258049,0.5129412390122355,0.5737119756617833,0.5318301885569985
0.5021489953239752,0.3849777820078837,0.4679124672888535,0.68827108504772,0.4987385412474081,0.3262874152422248,0.5388812118893258,0.5641352199869343,0.33572629369713525,0.42333426224268206,0.25676811654053644,0.5854970996131506,0.5990035126182375,0.5914394390613549,0.00716163915532414,0.5368189183920427,0.3436573082335617,0.4839415550610552,0.5108716233696231,0.40100396176039643,0.5816629525537338,0.37203643341474446,0.0,0.43800317106604225,0.43405972577427865,0.4841373656148328,0.04286831844756539,0.4322320564320613,0.327393551183772,0.4157244829940923,0.5643883936896532,0.3601600862893406,0.08641524550941898,0.5836636376709123,0.5417464889919557,0.6953374035530436,0.5623680064609103,0.3658780806701521,0.4286696555716858,0.2295733447899542,0.46883586157237267,0.4676742477416532,0.44683274040714016,0.29760072903791435,0.46772349059006024,0.44282627947920095,0.6131768071595594,0.5127706806367501,0.30418382361206825,0.5374970789564586,0.5048990747767323,0.6017610797423609,0.5389963027385497,0.577405786210133,0.4886255598764783,0.39407201589898566,0.2346433460978329,0.49607830348439225,0.49080480543179317,0.5610799963104214,0.5134164949878903,0.4837179524532018,0.6167644701689295,0.4281567194760444,0.4594562506708405,0.5739675256916064,0.545655102771255,0.6455618920789765,0.37639744546283416,0.6116672282536211,0.48624598875438685,0.3919266890824885,0.36997505351814164,0.3691628004917301,0.40864134102371374,0.45959238234767047
0.5052986890749104,0.26171084585865567,0.8254197370317864,0.4148890144281338,0.44909558842619113,0.3293460289926128,0.5302195935640968,0.36611893287052766,0.5502747595849745,0.361494747945447,0.6658264939647406,0.3055164578567481,0.3399987876092396,0.3227983046561236,0.24159272170773954,0.4115352571608562,0.29376725934973924,0.39184111905683894,0.645742262710988,0.6616952530328191,0.2701989000581994,0.7836434442784039,0.43800317106604225,0.0,0.6175106319156392,0.4095487987280019,0.33229952162809717,0.46508553004937425,0.5147189489784461,0.6187676060181603,0.5258070809067767,0.29030773904820883,0.5942587494833882,-0.02375651293167136,0.08590803798247343,0.20980207694984043,0.13035057945324144,0.3882623754109441,0.809296199492895,1.0014667983641767,0.41077333598294424,0.8196741146173206,0.6486760119572657,0.2964511955569029,0.6913264331686662,0.412384430279353,0.523726530618204,0.0,0.0,0.4539378980239332,0.47477727786796364,0.3713954616380249,0.0,0.34147298715487934,0.6020052328878085,0.5092014748684811,0.7082234726677455,0.4272955775826418,0.0,0.346780029155909,0.5559786973662039,0.5314222643510654,0.6162921119476306,0.48924753417004174,0.35926801461757335,0.45684003914102156,0.30164192719337957,0.6219246955535652,0.4592552567945318,0.5925091546544136,0.5395919452628845,0.30081062512083423,0.4610212999796053,0.838992104193748,0.0,0.5667502912224782
0.38074422262284874,0.350882233549321,0.6421799021907613,0.7904959850299875,0.5271877063475419,0.48233601198029413,0.5192208374846851,0.4854400378352085,0.47799137780232465,0.4270183338714994,0.5767029424655472,0.4825646192412152,0.6086202782379468,0.31157103643115514,0.2354845568895495,0.3308371895942179,0.3512616267188208,0.3030950683708411,0.5318181901658776,0.36612073400098066,0.4372014135788471,0.42561188071581546,0.43405972577427865,0.6175106319156392,0.0,0.13209199379011857,0.4320526088448491,0.3865699415619696,0.24309382154943204,0.601006357043377,0.39980440921606575,0.2583942864053301,0.34999943426754665,0.27381562398433895,0.40747431865051437,0.0871538615353086,0.6108478673965949,0.3832114404460366,0.65328654566491,0.5258662494733585,0.5357880696507796,0.46788964167345165,0.38700529160619923,0.0,0.20305592031042505,0.4541352390759889,0.6156382653367145,0.0,0.0,0.0,0.5043716657465971,0.45066858600091586,0.45068715177053426,0.3971543168917152,0.5589011242142681,0.4859803798310314,0.5991049310582934,0.37483707544817807,0.0,0.472170985914335,0.5142346410938453,0.5844497369779283,0.6428066199610368,0.0,0.6223967504647245,0.6309533720300591,0.5521562281493064,0.45641603650588836,0.5153449355887462,0.6179638085157911,0.6118958472061,0.4451657202049194,0.5795325893000892,0.4537678858171741,0.0,0.670204196922259
0.5231474636471909,0.2895775924152293,0.6809867961518615,0.3915886126313257,0.45555263721892625,0.5934746117866698,0.45698437260091357,0.5122387234684994,0.5392136873398135,0.41807538830744806,0.7053549114687596,0.4405493446323845,0.5283110551051451,0.38863879384633965,0.5538767554660942,0.4904293292908531,0.4094639025049772,0.39581633187516624,0.5807651459429425,0.409398442983013,0.7132502476937321,0.3953469915886043,0.4841373656148328,0.4095487987280019,0.13209199379011857,0.0,0.4643626327038104,0.5355623159809948,0.5522214965533674,0.4817216787982578,0.48879518263680616,0.5391897325861611,0.5642513135442184,0.4655845171818382,0.6537785956656983,0.30900589098209036,0.1860404936928518,0.31301749877922214,0.643509216276414,0.6561461032366045,0.6256513081530343,0.35868495812747986,0.2109815722552483,0.5071188290525442,0.34669918800269284,0.47665765964226287,0.7674946191016256,0.631070236552923,0.0,0.008473190130377551,0.5774440795061377,0.5671273373549044,0.5276546757703041,0.48942529208543606,0.5256438351411856,0.0,0.5982414153303126,0.7494356106943514,0.0,0.6323561343578217,0.610574335221878,0.5308906532006836,0.6340734220925556,0.0,0.6378501639306979,0.7229499275435656,0.83353459881795,0.4921814749772167,0.5236794380053372,0.62558295947188,0.598065812628497,0.6182882455503811,0.7456430801729609,0.7396092826530163,0.5043327546810676,0.6316034425360032
0.2593421980189685,0.36746389905665255,0.0758915379969369,0.5104499702925523,0.36710025747880043,0.28139815723368755,0.35697225502728047,0.2902568504310675,0.1938819495081347,0.3573217272933648,0.37045367752119807,0.4639344983593085,0.4735056514931135,0.4712656148527195,0.09720216513115598,0.4967745617010127,0.6151621692469402,0.5432525794910295,0.227315093083171,0.2581624881191563,0.31688981118748544,0.2631540597309737,0.04286831844756539,0.33229952162809717,0.4320526088448491,0.4643626327038104,0.0,0.37001212894871605,0.2967690807533118,0.37777697327902837,0.4728780151066868,0.22828713299179856,0.14135808798199195,0.5150796611234618,0.5168645121959946,0.4018901658625095,0.4521611804087734,0.341917031878536,0.35151611380853826,0.1641350632687551,0.017531573010024948,0.36614786544168304,0.43778139498118207,0.3139816812046201,0.2850870793827128,0.4146004129688219,0.4541280152099877,0.49203896203140385,0.3280586869389762,0.5456474500803102,0.43086260738113585,0.5263184124401146,0.3124073632035155,0.48823623615293477,0.4783802656369276,0.4431224414624678,0.18077593740298525,0.48176016792769905,0.5184808123613843,0.4763607541711042,0.36253368195895197,0.0,0.5652768680133826,0.5840375705508595,0.38360734718488865,0.389641969107356,0.4733242124794356,0.3897556382235636,0.0,0.5272831481677762,0.3652713243478754,0.34364426007080195,0.29308363306768215,0.2493764569385568,0.09744399144322236,0.3941538462192947
0.7896784814144996,0.32476501363806515,0.6115758882864605,0.48758983129717026,1.000852022411996,0.4263109508609452,0.9456605633546478,0.5207484990658372,0.5752808837227875,0.6045410846301602,0.6163957314626938,0.7749660502104492,0.540856464846708,0.5258362919242412,0.2026882508578292,0.3936250648266558,0.6064132480361893,0.36503979285509786,0.5438107363378273,0.4852311633484089,0.40739645228396004,0.5194541751977384,0.4322320564320613,0.46508553004937425,0.3865699415619696,0.5355623159809948,0.37001212894871605,0.0,0.2821899117267267,0.35829239359223924,0.6733980559080149,0.5868135774133861,0.396832877601039,0.43804050242051995,0.5637097688264037,0.7500708848965725,0.6047377243291502,0.6757665574835077,0.5788583893743089,0.3355224960463099,0.7952210377088195,0.3807915129670476,0.40429407293851366,0.3135786192624056,0.5414551840729134,0.5292005268476752,0.41794970516289726,0.6124573850534192,0.0,0.622157434490773,0.47790262243619225,0.5474409666671849,0.46459790893013253,0.5820410462490917,0.4586358185833256,0.5069112657254904,0.727276847379821,0.5084537814430796,0.408977459347595,0.4788351051861307,0.4053470614655946,0.3466737849099907,0.5534536707161994,0.9663325228934108,0.5055145940544673,0.511870610019422,0.5467939901394625,0.5056978945493975,0.5106771505777723,0.551081965101612,0.32860876801270694,0.41780204069054805,0.4257930633760046,0.3503093743240029,0.4806733778939471,0.5179281347704497
0.4203052057547405,0.32452352813248736,0.3844990556492315,0.12140714887821444,0.5716299039688786,0.34936269389971886,0.5333990000969178,0.38759452338406314,0.4404593585706007,0.44583341718804564,0.34367649939556427,0.6009478760142382,0.5213349465363261,0.32496391703029537,0.35193985992480037,0.34954302273371884,0.2512345475091624,0.331541509682307,0.5754369328017185,0.393570161853673,0.4338605172127959,0.3517139005898456,0.327393551183772,0.5147189489784461,0.24309382154943204,0.5522214965533674,0.2967690807533118,0.2821899117267267,0.0,0.5357452459088663,0.5227122100388599,0.24930493932128128,0.13400762436656663,0.6139657565756488,0.5284161933305686,0.5440474635518758,0.3906042906513151,0.5096432448414576,0.3961818866178299,0.3518200880769033,0.4826662718996092,0.34780699088847483,0.3681260723575265,0.38809622202075644,0.3874793935839381,0.4909261653578897,0.4210392489691055,0.6255963263347305,0.43032459115753563,0.4567398244652729,0.4032204398383189,0.5442064854842527,0.4145196676066999,0.57505491519388,0.7790938658255938,0.26555800542090546,0.42381562200530376,0.46197897273843214,0.5505975358079747,0.5448515342823411,0.408695968675703,0.48246306918922666,0.5232524344945453,0.37380614646754134,0.49973611790617395,0.5267476716975625,0.5179897214454887,0.44170557779247077,0.5059778701764042,0.49387627090430153,0.5178639972385041,0.3615284613405134,0.3772715331353177,0.3651123710731957,0.2584225688304441,0.4082068450573879
