0.0,0.5314964040995177,0.23718869897915537,0.0,0.44730149073353404,0.3753180816776278,0.36608462008351544,0.4124659984946245,0.4535028900351472,0.18382590190023623,0.29458135451023404,0.1904253074274455,0.5106743850646571,0.3355600917926993,0.30207827284942196,0.45669532980180644,0.26850372852186194,0.16649105324924468,0.0,0.33340646417928843,0.28184301831254593,0.3526730492417689,0.2984410902930772,0.22433908340117908,0.29520009160877514,0.36239548791858706,0.27168556716553627,0.37848156833462787,0.6089536925964233,0.34830698329950716,0.3556126021048845,0.5126864003363989,0.3515642829459985,0.22010367901918576,0.41174722095208416,0.5681240749098693,0.4900732410892158,0.1163321910532128,0.3516613002785467,0.4763857597892952,0.40782656427550384,0.42864569991611406,1.4393549928976996,0.0,0.30672750968931634,0.3021940392116679,0.18467796668894215,0.0,0.0,0.0,0.6290855970307668,0.0,0.4523163136593914,0.0,0.012398609793449145,0.0,0.34197791642342956,0.6621036982078237,0.0,0.6269513060446171,0.5170301024708231,0.4568040313180675,0.3547555245178531,0.0,0.35229097394447173,0.46562317822794264,0.24730634283473435,0.38485554651641607,0.4796042193659402,0.3678296290373917,0.4423911640330938,0.3988654896401887,0.3495576545964293,0.5359832069635886,0.0,0.4803388642586467
0.5314964040995177,0.0,0.5271168085667493,0.42437252702777867,0.47029038032846116,0.45306469627491475,0.510475699496096,0.6604163694382962,0.4309452053640975,0.40341015416270964,0.3198478524424897,0.6221219290366935,0.5719137984854648,0.28247016299770233,0.48056786726672895,0.49166826996825613,0.5739186148296174,0.4286121494363462,0.4701312938935733,0.6098317359998977,0.49018737404481405,0.686862584229637,0.5036801065328326,0.34851402651923646,0.3108339006946283,0.41960214146202685,0.498808422435738,0.6528150611861494,0.5217270224734153,0.34287607330603687,0.514506691127414,0.4949965987738434,0.35728332770067567,0.420250290914162,0.43371049166453046,0.44867593016627677,0.0590144492915149,0.0,0.3978218469069598,0.698688544975268,0.47402178945758405,0.4275814763483067,0.4414713603100047,0.0,0.0,0.40953620730585943,0.43324553645642655,0.04954180683783626,0.0,0.0,0.5241621182097079,0.5743130948740538,0.5036763484863207,0.6070317092045077,0.8633953855152136,0.0,0.25887934740361085,0.5804303139060906,0.0,0.6349349067399551,0.5752840215663358,0.3395831969574523,0.5923945298189426,0.0,0.6244941261314805,0.6486355345354434,0.5604063467489452,0.5505981557173323,0.24697495447087997,0.44210929549072814,0.5198415186721657,0.4923331879314369,0.5219055637884319,0.5725510150221383,0.0,0.634130117677588
0.23718869897915537,0.5271168085667493,0.0,0.36019951826804536,0.3189115922076361,0.08053972619707211,0.4982283024227778,0.48233290256685835,0.09124757526577787,0.3922206607355848,0.37081653596587194,0.4064911964313237,0.5595761756192283,0.3195285184901634,0.10153665222468505,0.4113217301080737,0.6234366010915695,0.48176144996066794,0.08852099379874254,0.2332358224969363,0.30959128948182585,0.3041204961048895,0.09357658414222492,0.4024702527015397,0.5132149377156068,0.32253202211411003,0.058852219257408245,0.5530154408954775,0.7303037014653622,0.46695341631551424,0.5438637621623768,0.44062368590534007,0.20912147255623248,0.4831201939544784,0.3970231207015783,0.4169974742181288,0.40011573774436526,0.20311723356176845,0.6302752115630061,0.4979616189459557,0.41259643202685037,0.2530788479141493,0.6328924965575097,0.5946552423381958,0.0,0.0,0.4145280284298204,0.5629042698188713,0.483061766190433,0.46028138487910486,0.4028862429573783,0.5369479700068861,0.48379613865005144,0.6441124156213743,0.43422029670865714,0.6144556376460435,0.36305589768422186,0.5382621786814079,0.4156816944416991,0.35756047343604286,0.0,0.0,0.0,0.44796521514126086,0.3645608727239396,0.5253608278699111,0.24952431429144878,0.5528409064580505,0.0,0.5535810213715993,0.5136191954181495,0.5332705417570449,0.4795584319738604,0.4632159635397879,0.4677740172848902,0.27698307459913807
0.0,0.42437252702777867,0.36019951826804536,0.0,0.5175084344816977,0.2693436044616022,0.5040035033633785,0.5661518292792989,0.4402801802985212,0.2612991528399647,0.28424079928994733,1.1106366270602326,0.5737911651132601,0.557706393891951,-0.18479387802196667,0.2866181442289125,0.9282915998940022,0.46631795135966436,0.34538798317801195,0.6201223825039006,0.44134255803953176,0.5389634841139185,0.27630373892764687,0.42351666916952296,0.8092333310870523,0.42208140832612834,0.38836043681480326,0.3351629054243371,-0.010341641736935192,0.7652517994001904,0.7358630615157533,0.3671094536467353,0.25818449095625307,0.5308152791683909,0.7452037697619416,0.37380249543644606,0.20835048576436116,0.4216851392062144,0.5882764264888938,0.4000499345660401,0.44395287241700465,0.33350024533842304,0.41332083054191127,0.3670537565238051,0.0,0.0,0.0,0.43603702362723123,0.0,0.0,0.49928716357018144,0.0,0.4651816332641929,0.3343411483322607,0.0,0.2167674880218143,0.5830568680920957,0.4570961630333022,0.0,0.0,0.0,0.0,0.0,0.0,0.0,0.0,0.48527769035058244,0.30536202358264997,0.0,0.0,0.0,0.4163896775244423,0.4803175106207924,0.644464716850448,0.0,0.0
0.44730149073353404,0.47029038032846116,0.3189115922076361,0.5175084344816977,0.0,0.15314263810320922,0.22744285208668827,0.5241214152303955,0.20785119776089914,0.5432288200492035,0.30978735250843037,0.5228743481415784,0.34704234497672526,0.38112114211758513,0.4718237049655575,0.6720984799673333,0.49467394362033124,0.46144479524629745,0.3003061150688837,0.4162470747654043,0.40785622702126845,0.40125011896218554,0.22135128287906183,0.3828351118810307,0.43675947021215755,0.48271632248692237,0.17646251403153815,0.4716701246433571,0.5420186634889024,0.28513167188982225,0.48510189067651954,0.4076343667591189,0.3027966177583873,0.3293170435138008,0.38576788365271975,0.2816137051943232,0.5987780521296888,0.4657527799898772,0.38787957616097646,0.8252279879105988,0.5515318208661087,0.5376555860619932,0.8525767782879801,0.7244612039217486,0.3850834228797929,0.0,0.18273812558637312,0.5116376832640925,0.0,0.5170123249802111,0.541006036361394,0.5922629497728875,0.4833832347217599,0.45894455666210177,0.0,0.051428440878230064,0.8028368194669444,0.6956933074973548,0.4024774110059273,0.4158505977993199,0.45999685129015777,0.0,0.0,0.591363297142212,0.2552529586976398,0.49236306891015835,0.6029474291287493,0.5072431792048385,0.0,0.4993617552922889,0.7915434465515576,0.4630994009297721,0.5113946162662237,0.36117302601364576,0.0,0.33149255051825355
0.3753180816776278,0.45306469627491475,0.08053972619707211,0.2693436044616022,0.15314263810320922,0.0,0.33289391873686935,0.32732228247980083,0.15706441048341377,0.4641243576977838,0.33397600451329296,0.4903895730345529,0.4192036790948315,0.2526223141204373,0.4211784961396011,0.6233221790917796,0.4670998080782913,0.5990423324234059,0.32648568521470056,0.2798564427754352,0.5466596245198334,0.29362213209468924,0.21724289269329028,0.24076477198791277,0.46670641292099624,0.5513764590162444,0.22859437415789002,0.40548260555440596,0.22242474009634555,0.4325442367097283,0.48790623201095584,0.3065959610797062,0.46979532458194273,0.3184894234056671,0.2841209912776963,0.20266971537733397,0.35892805958420904,0.20586207909339815,0.2256455648308161,0.25616312661222607,0.39578547930283925,0.6282332814295721,0.43507288081177564,-0.16219648797297676,-0.0009393417605778609,0.4872105503618431,0.4406048992698711,0.41014180284460033,0.5767523557325391,0.4225090771805894,0.4758228989094155,0.5817818428485424,0.5520194030659444,0.4656257086499571,-0.23489230602055444,0.4490232846720275,0.07208957379914752,0.5693126254428023,0.534616408189573,0.5191599385825354,0.6131569839194189,0.0,0.5951967472867962,0.4345924584792005,0.5083070762448014,0.31707657733294403,0.5691171920445228,0.493456416231846,0.5055719995814754,0.4378564359001217,0.6806320228013002,0.48049861504670116,0.5429639127593318,0.5580640832527004,0.4432552936405485,0.5180001142824063
0.36608462008351544,0.510475699496096,0.4982283024227778,0.5040035033633785,0.22744285208668827,0.33289391873686935,0.0,0.40462926597854715,0.15603650401881558,0.2998531036554026,0.3919877752025247,0.19776040466246356,0.004236382006490402,0.25751238527654313,0.3966224182483413,0.5539617246092148,0.42662941355387785,0.44419019053785036,0.4270343773355242,0.4023872082339002,0.4143060961516594,0.45169761386683643,0.29733643243029834,0.30471688123414786,0.4798891910369797,0.5352003944284028,0.2547950836235596,0.369151621993115,0.43947750607266217,0.4108515646215025,0.4018680846158408,0.3808761530291114,0.46483055598469064,0.2693177117996199,0.4952513163571044,0.3444781905586298,0.4251106998697396,0.21372156547188764,0.7008031708578977,0.26355541729066617,0.6695550634882219,0.5899131295107587,0.503274440506464,0.7368909204353905,0.24811677022126277,0.0,0.34540557960844415,0.4339736220751646,0.0,0.5478641480802858,0.4709719418209593,0.5409386682438603,0.46490794238833866,0.5799111105502218,0.606960596275421,0.06510455240363328,0.4703708974758983,0.42672036384060463,0.4519164149495457,0.23202848726053216,0.40569049635038335,0.0,0.5161101087981415,0.5549625525315227,0.5793826282517677,0.38050825089552887,0.5964677043482963,0.5215193174540785,0.47026891366829654,0.4224474926795094,0.4014956972258096,0.4686789470544064,0.49791382863317274,0.35160299689958946,0.5338917069445699,0.4259434941648931
0.4124659984946245,0.6604163694382962,0.48233290256685835,0.5661518292792989,0.5241214152303955,0.32732228247980083,0.40462926597854715,0.0,0.5157018177471769,0.20898363197483538,0.6544846148186212,0.41647591183967664,0.4620809124985702,0.650897981757402,0.44985358451046376,0.5616305053255998,0.29667761275811466,0.42133003787709844,0.5758729091670387,0.37270829140077266,0.3267662341450268,0.5138080689193304,0.3230308094911779,0.11913632304111946,0.37932117119824355,0.3174071762597365,0.24530432969813198,0.40524660075171576,0.42056222686819955,0.3947467134636843,0.4521485021633625,0.6339350669080281,0.10183539776868428,0.3738993236863545,0.3871353801881306,0.8566164709810827,0.5893246526881453,0.12970824618795618,0.46672333683387074,0.4567293930804649,0.3679885398493596,0.2852706660979565,0.7396899399181167,0.4964782900410286,0.0,0.38801130502118053,0.22271490044307996,0.6008180609346344,0.0,0.7129986808800082,0.44112397418141713,0.6271015011333703,0.6808970032973141,0.5102268612115934,0.6287047877815257,0.618274711012363,0.9688097355795233,0.5718104091488705,0.5306854782982127,0.6934772201947512,0.17849412295928135,0.0,0.5536277578408445,0.6925761603271607,0.5572032795971807,0.6187804364489886,0.24515041775660548,0.6327629415667522,0.0,0.2899816416351484,0.2656977764992272,0.4831421569602685,0.48099272067821,0.5361210026340726,0.5691973336112863,0.3280994822359292
0.4535028900351472,0.4309452053640975,0.09124757526577787,0.4402801802985212,0.20785119776089914,0.15706441048341377,0.15603650401881558,0.5157018177471769,0.0,0.4960316776921204,0.26954031872379847,0.43659810725765075,0.5294722177349317,0.25006178864564055,0.5774476880743002,0.5236635684727804,0.4168642697237284,0.6391268870561357,0.1258318145343317,0.40332039272990766,0.3448646098924395,0.3600967742834562,0.25817279599353027,0.42475326393738344,0.59475660266279,0.6101884856827569,0.1784616978088472,0.558354570809098,0.4366377600801913,0.5542586907306449,0.568609255210544,0.5423575703443666,0.39675104755906476,0.4924168909565069,0.31699033692283884,0.3814157926863019,0.5121792567670602,0.4239018497797674,0.6702980912917209,0.4656282180054465,0.32032396379075,0.2787724729862663,0.5683995627631064,0.28415004643900055,0.12537444009576962,0.0,0.31132355853076865,0.5347051210500546,0.482321720545002,0.6875472948762223,0.4944650397138671,0.6660143289407472,0.47325571741410455,0.4526620563547793,0.48169785350124583,0.556296466426258,0.2317896348323644,0.5000595491626834,0.6266859769992159,0.3907892669890106,0.6369051078649772,0.0,0.0,0.5189362443434732,0.6675989021088142,0.5886947525412958,0.651578390961071,0.5496002685917143,0.4404744832953058,0.396580544854115,0.3853887035267052,0.4979549737846094,0.5363595873628703,0.5722494921874962,0.23609255419641034,0.5802772533176599
0.18382590190023623,0.40341015416270964,0.3922206607355848,0.2612991528399647,0.5432288200492035,0.4641243576977838,0.2998531036554026,0.20898363197483538,0.4960316776921204,0.0,0.47994772857198986,0.5147734241301043,0.3961397278142551,0.21030640995630642,0.7433070818278567,0.374335867707868,0.6063625565677405,0.45689390608972447,0.39711494436049855,0.33395819888862405,0.5137976979481997,0.4896915101996038,0.2083804447623344,0.24377401852243552,0.5243615389389533,0.5994650102224788,0.22044446970618103,0.4258919572152696,0.42113656713407366,0.09004739178636628,0.59683106487155,0.3342185030022927,0.540411146469146,0.46288406456177666,0.5280339154857487,0.27688915719657237,0.30712484210920893,0.3359998979111994,0.1337925264454363,0.23512955518851075,0.11189899743881143,0.30635532837858725,0.28158375158806204,0.18132249601079314,0.2120900689521284,0.2084588875596184,0.4414597533034296,0.37731063415284105,0.49209969808146825,0.48170542998025057,0.2675042582548339,0.27215287711051767,0.7039764684699952,0.1850061479279079,0.2784899975913192,0.20443204959025602,0.3401525047574363,0.3468343911984032,0.0,0.626250877534279,0.4013927263921323,0.49192377348075,0.45923203556168757,0.4799793575752318,0.4736890044197614,0.5713135420341432,0.5319553061520517,0.45990124765322077,0.3104814454629587,0.3194997408471686,0.28273375582265503,0.43690429103430034,0.3178345387904271,0.2585868834091533,0.0,0.3084432011787622
0.29458135451023404,0.3198478524424897,0.37081653596587194,0.28424079928994733,0.30978735250843037,0.33397600451329296,0.3919877752025247,0.6544846148186212,0.26954031872379847,0.47994772857198986,0.0,0.418217920996214,0.488522844337138,0.4380766540005799,0.0,0.5040542734377667,0.5017202892192212,0.5094562355923213,0.2036312750933267,0.45848349027424823,0.36556521369838535,0.43117132705378,0.24379948177749147,0.35057102034582927,0.501423336890978,0.5196882596398904,0.14101066915546895,0.4573373508390578,0.32294345242495437,0.613651425428531,0.46302073531039606,0.386502356582256,0.09760942813455803,0.4601479660790483,0.45965033429930247,0.44576136021375024,0.5837504949952556,0.3505940766338254,0.6418917770717447,0.3166756270050983,0.5074737372047781,0.40343060822572807,0.7235098197680223,0.5457239545776837,0.19475135570098373,0.0,0.0,0.3496819900303928,0.4740931519101823,0.32764177735181027,0.6357547245607883,0.5271208011396002,0.7111508642597273,0.6060131685965542,0.30596851550359205,0.17425883809685622,0.10617690336639915,0.5274177880469132,0.6829477656660545,0.0,0.0,0.0,0.0,0.1830998204204883,0.22960047811573647,0.0,0.5315589553155489,0.6243005619552313,0.0,0.0,0.9602859874017049,0.5965965504696411,0.4373818899438201,0.12350385050339807,0.0,0.5091105805044656
0.1904253074274455,0.6221219290366935,0.4064911964313237,1.1106366270602326,0.5228743481415784,0.4903895730345529,0.19776040466246356,0.41647591183967664,0.43659810725765075,0.5147734241301043,0.418217920996214,0.0,0.4235733778404981,0.3520805279663599,0.43673435204121486,0.6283414047031102,0.6619392483398814,0.5424490682284882,0.3952910489205922,0.17847363775490777,0.3612695181910367,0.2355712844955158,0.1776169154260357,0.22193036591452128,0.48691336638325233,0.62733281553466,0.22509814226639935,0.5590680969583319,0.36802874043221645,0.15840345223911786,0.45514848657155993,0.23510955280961449,0.14540987873020547,0.2087260548983323,0.4160663940241806,0.2428246316407062,0.1629418646846472,0.09763711895256838,0.37682600661322346,0.22240013357673902,0.1031278046821485,0.45792901663851204,0.03453436110802288,-0.018748480695187697,0.21355616516788942,0.0535417006246606,0.46931470215719234,0.1499646997888379,0.2907962543865986,0.3000102578469606,0.2214655592585909,0.4413465200209338,0.36045105626523993,0.3909472272485152,0.268463051144894,0.2161933837351801,0.3833449818357795,0.3285825341815888,0.571799913755043,0.5275072178049284,0.4077822634150648,0.5311824235874306,0.7097905899766007,0.22678583016155626,0.6889133552422014,0.8281856648342458,0.16925729215697088,0.2501990431712552,0.2991476004296947,0.44349566298145027,0.35563173297314526,0.2364684966616807,0.39278897546221037,0.5706906620965556,0.0,0.27538234418071716
0.5106743850646571,0.5719137984854648,0.5595761756192283,0.5737911651132601,0.34704234497672526,0.4192036790948315,0.004236382006490402,0.4620809124985702,0.5294722177349317,0.3961397278142551,0.488522844337138,0.4235733778404981,0.0,0.3727217787460355,0.4860075309636561,0.5640405926273595,0.44103467298311894,0.5201425466482171,0.5327121068954828,0.4593193598187128,0.5232813082761133,0.475161986838766,0.40636812988312127,0.3102632059765125,0.5432373174905342,0.5327730924718634,0.3747512586572234,0.3576123803792033,0.32891749572851514,0.35037511805288835,0.4100486760457748,0.41531237683157574,0.45859273723238037,0.4073381234292849,0.5311793469047111,0.5312420234322792,0.44750432523014316,-0.008575430612124568,0.39892335677684965,0.6227791196659054,0.7588098477287601,0.802032981515612,0.5122893336654168,0.42014583416279466,0.36984626745352644,0.6422641535487879,0.50153634931372,0.5810603132413882,0.0,0.647413052827081,0.5018124933743584,0.5659941167882528,0.47926030362910743,0.5541737506568595,0.4006992645995261,0.23944911191600934,0.3573695650656242,0.5960884649978245,0.4738942010927403,0.48665506270094494,0.4687165131073564,0.370753560533987,0.44601930932562567,0.35131626874880606,0.4913670094600551,0.5302238707255362,0.5244844420645939,0.5460180682752226,0.43222388800711187,0.39431879466974223,0.3942087270286541,0.48249687586486223,0.571529053411538,0.5347862592398608,0.3353266673807319,0.4354265727917024
0.3355600917926993,0.28247016299770233,0.3195285184901634,0.557706393891951,0.38112114211758513,0.2526223141204373,0.25751238527654313,0.650897981757402,0.25006178864564055,0.21030640995630642,0.4380766540005799,0.3520805279663599,0.3727217787460355,0.0,0.24799227889644432,0.5080898033094603,0.4931596871485666,0.4818969621000217,0.46777658939363276,0.4470938465530325,0.42252076756387164,0.17177047275476326,0.3780408253974031,0.19386459207113071,0.3338825591687119,0.17432259932587918,0.18185594773936198,0.3511710631777376,0.19160139029116346,0.4708961195776631,0.5640458350838442,0.5196165362260458,0.3573712618697046,0.4252418271103988,0.5212312457201116,0.28728653272002164,0.4650170179373446,0.1084169772064327,0.7504371137521276,0.0,0.6324245272831772,0.6987224457478296,0.679842045556955,0.48233919255269786,0.0,0.0,0.0,0.4743230985499164,0.0,0.5768366754292935,0.27795706630058825,0.7261320746454517,0.6775707047560191,0.36298579769214695,0.0,0.6567140257869359,0.38650779150543474,0.5285299466249161,0.12019288592498462,0.0,0.0,0.0,0.0,0.5305114705605728,0.0,0.0,0.0,0.6378818787046532,0.0,0.0,0.0,0.48081712102178725,0.6173887056450114,0.0,0.0,0.0
0.30207827284942196,0.48056786726672895,0.10153665222468505,-0.18479387802196667,0.4718237049655575,0.4211784961396011,0.3966224182483413,0.44985358451046376,0.5774476880743002,0.7433070818278567,0.0,0.43673435204121486,0.4860075309636561,0.24799227889644432,0.0,0.5167780843365629,0.4134488106257421,0.24669446180844332,0.0,0.15906499942704921,0.29415046841955506,0.1837610855110644,0.19678238361715494,0.06294071672460311,0.3036794529202269,0.1580160509753975,-0.00789884614423586,0.3041821499514406,0.3477041307647152,0.3153492678641408,0.27662681476290724,0.2466782603992414,0.2894144447283249,0.28228840154994933,0.39928357545898974,0.5942052601068584,0.2636209133855776,-0.04739490670950228,0.20382445972538016,0.12325775259416671,0.3032598629953899,0.23576390283121754,0.5761641335417047,0.7596547268771925,0.0,0.3154957377775821,0.4445620434892994,0.2902916350202311,0.0,0.0,0.4153217106533782,0.737883198305413,0.445460467065079,0.612008006979035,0.0,0.0,0.6150925645132628,0.5183485419708672,0.4764268473332447,0.3542360924867205,0.5680108223632047,0.5556799873808436,0.5534286187959849,0.0,0.07559705674924128,0.37586973210830876,0.4958758731236331,0.6463042804423639,0.46845882715276665,0.4761252704867708,0.5136410993562514,0.28800863174764907,0.39664365275250607,0.4724953355788413,0.2674107625138145,0.229077355309081
0.45669532980180644,0.49166826996825613,0.4113217301080737,0.2866181442289125,0.6720984799673333,0.6233221790917796,0.5539617246092148,0.5616305053255998,0.5236635684727804,0.374335867707868,0.5040542734377667,0.6283414047031102,0.5640405926273595,0.5080898033094603,0.5167780843365629,0.0,0.46975312298597327,0.48943458707568976,0.4578740233878207,0.245993312310332,0.4944693007298335,0.39572553553559425,0.5608053959176875,0.44106109577876684,0.4592101577522879,0.43408147726169677,0.4996685005689585,0.4847508240229091,0.31954076702510814,0.3604543850109635,0.394125050173182,0.46269346076490503,0.11310509595246401,0.2460365217507534,0.40209801173462006,0.632204306183106,0.37741600017728005,0.3835047808445575,0.5362500359417889,0.6140147401110989,0.5727906139438694,0.4455421405725881,0.46752874908255815,0.0,0.0,0.21994029670601029,0.4382632036852039,0.0,0.0,0.0,0.5371741098126523,0.6727561051759793,0.8125457775876623,0.0,0.4405072207137645,0.0,0.2556039946983304,0.6746960376724789,0.0,0.5582989413658613,0.589997027644968,0.27642185836439725,0.5125728798551815,0.0,0.6772918069678076,0.727499567976153,0.5117062127239493,0.616592043751303,0.2781566990217548,0.5545739317427743,0.5165517808952254,0.6929447996519351,0.5597848123092363,0.7463166142227702,0.0,0.5453937298987452
0.26850372852186194,0.5739186148296174,0.6234366010915695,0.9282915998940022,0.49467394362033124,0.4670998080782913,0.42662941355387785,0.29667761275811466,0.4168642697237284,0.6063625565677405,0.5017202892192212,0.6619392483398814,0.44103467298311894,0.4931596871485666,0.4134488106257421,0.46975312298597327,0.0,0.7457038406669165,0.49690090182403596,0.4013517555072412,0.3646617217220635,0.6071214527027704,0.23916271002251502,0.43722781668648814,0.30258987064365567,0.4272477668685588,0.4142036367246992,0.7168024578487815,0.3632794128224205,0.33150932029898145,0.5485953773909431,0.6962739193393006,0.4815402734344951,0.4874298764911742,0.737717181280792,0.6456737857674909,0.3612738784982902,0.30378277819064575,0.5235479438094494,0.41249389614693516,0.45514484469145067,0.5163726415278619,0.0,0.0,0.090293610459112,0.6230259373528427,0.5710064560181709,0.0,0.0,0.0,0.0,0.0,0.0,0.0,0.3678637962670822,0.0,0.34747453262448513,0.267493282186679,0.0,0.5861011376377443,0.426794234276211,0.46810547694027127,0.421398226029414,0.0,0.0,0.0,0.6264671847452399,0.0,0.38135644396231705,0.44217384807662197,0.3735751404165153,0.0,0.2284689238913881,0.4833082996203776,0.0,0.41968225619874444
0.16649105324924468,0.4286121494363462,0.48176144996066794,0.46631795135966436,0.46144479524629745,0.5990423324234059,0.44419019053785036,0.42133003787709844,0.6391268870561357,0.45689390608972447,0.5094562355923213,0.5424490682284882,0.5201425466482171,0.4818969621000217,0.24669446180844332,0.48943458707568976,0.7457038406669165,0.0,0.3250347473899913,0.3457970923797534,0.499218394329192,0.3624804353172425,0.5096811060168344,0.1758972872831291,0.27816476144776786,0.25075505384975827,0.5603080803573848,0.4065354859566248,0.4646864747753727,0.402102969075584,0.34618479503750377,0.4601103143977653,0.3328651920617701,0.36357976236068934,0.4393928908185744,0.5992474216932635,0.40747126466110145,0.07564180273340695,0.5708091012669988,0.5108713862165918,0.37550811218317703,0.46834300916259414,0.0,0.0,0.5508918322242528,0.18867077692913076,0.41575781782676086,0.0,0.0,0.0,0.5081760232011286,0.5175423694109804,0.5864660275670199,0.0,0.4798562816550424,0.0,0.35948056375458814,0.39876796554038774,0.0,0.4767431506876596,0.46644951461655415,0.48608943978566965,0.3804110749030265,0.0,0.29691434789964566,0.42058964736186666,0.4959537158806621,0.9608026053277634,0.2549079787996134,0.3846790420781473,0.3601107025511755,0.4448346788412163,0.5411865529919868,0.6305424734825649,0.0,0.4666090354220063
0.0,0.4701312938935733,0.08852099379874254,0.34538798317801195,0.3003061150688837,0.32648568521470056,0.4270343773355242,0.5758729091670387,0.1258318145343317,0.39711494436049855,0.2036312750933267,0.3952910489205922,0.5327121068954828,0.46777658939363276,0.0,0.4578740233878207,0.49690090182403596,0.3250347473899913,0.0,0.525424436561127,0.4931663600832398,0.44146994006126444,0.09773960693243253,0.23790666339462646,0.4572742889587633,0.4975940899287741,0.11820000678670622,0.5622753966004318,0.5294793820149932,0.45486347552672424,0.5432024716229205,0.44503207120751154,0.3145575898757898,0.527495529649876,0.4751282805300732,0.4759216688859471,0.42567139094796497,0.2689345390543241,0.8521934259096782,0.46407562003810476,0.017480704872945257,0.43619290477178196,0.8117035300597493,0.36345747405328316,0.010777817846876066,0.0,0.0,0.6889802521317043,0.0,0.26813290818425495,0.44122586189370483,0.5375465393358866,0.5803638138859732,0.6215766260149815,1.2635043391327465,0.11950717458113239,0.11151780675124795,0.2847288601325857,0.40540488850986506,0.0,0.0,0.0,0.0,0.21431928758259922,0.47865846772030696,0.0,0.4946017201427444,0.6417590934211745,0.0,0.0,0.0,0.5565538584779102,0.3480547376768207,0.3625022815199845,0.47713969743017104,0.17226873722392655
0.33340646417928843,0.6098317359998977,0.2332358224969363,0.6201223825039006,0.4162470747654043,0.2798564427754352,0.4023872082339002,0.37270829140077266,0.40332039272990766,0.33395819888862405,0.45848349027424823,0.17847363775490777,0.4593193598187128,0.4470938465530325,0.15906499942704921,0.245993312310332,0.4013517555072412,0.3457970923797534,0.525424436561127,0.0,0.2723551866533226,0.25761521621961925,-0.054615854037268596,0.18708628653195397,0.4702107314021775,0.31379339210254054,0.28405207363138596,0.5398859750199213,0.23117144279840546,0.6420606110556653,0.40584170029588096,0.32156571517198396,0.3060744852741239,0.36415644048680307,0.4874088985173798,0.7048136202293228,0.3530209433554476,0.8540009996797755,0.3184368346494456,0.4199101633504032,0.46329749830973654,0.3640387457014469,0.6799132433503436,0.3271280326549648,-0.3907433160662701,0.6936664234109513,0.5193661098959013,0.454605149252607,0.0,0.0,0.4751633213898505,0.5323356695827729,0.49761949484772017,0.5073126719518853,0.7938686826744272,0.0,0.2089422635786597,0.6017212084271819,0.0,0.46623699369266713,0.6124128018642645,0.46659486330080596,0.34590112373136195,0.0,0.44139097416822515,0.3604717884416172,0.4810520803376609,0.4517969529464545,0.0,0.4105274538357338,0.33994447923870175,0.4464722211755825,0.45650300955079925,0.49572676856852466,0.426099296974091,0.4005580115010121
0.28184301831254593,0.49018737404481405,0.30959128948182585,0.44134255803953176,0.40785622702126845,0.5466596245198334,0.4143060961516594,0.3267662341450268,0.3448646098924395,0.5137976979481997,0.36556521369838535,0.3612695181910367,0.5232813082761133,0.42252076756387164,0.29415046841955506,0.4944693007298335,0.3646617217220635,0.499218394329192,0.4931663600832398,0.2723551866533226,0.0,0.3820950841688888,0.17204591417809567,0.08722914265090001,0.3851626491089086,0.3192296023903437,0.2538463617523378,0.3293543270386878,0.4242500875441252,0.393619686516542,0.39246481547786327,0.1612986224034345,0.32938171008987815,0.26242638989341727,0.3569475941015754,0.525009190099992,0.26536534057704686,0.18758979593644956,0.1539491348289548,0.38989239047088275,0.15340781130293601,0.1268663987493449,0.4137137515066909,0.0,0.0,0.3018975442521768,0.20693562316999708,0.593566307434023,0.0,0.0,0.5068389346431728,0.41307329508592144,0.6692978754772975,0.7164379550790865,0.5159375258174576,0.0,0.8206338963649,0.5969764483213169,0.0,0.4700285879810155,0.40087777657908236,0.0,0.4347747653782609,0.0,0.40872047620085494,0.3633294918449317,0.3418389002716983,0.3918078850554967,0.5490133089295421,0.29170264466720636,0.603132549215383,0.427947907370389,0.36631320537204404,0.4541034348034316,0.2115295920303605,0.07926575098888189
0.3526730492417689,0.686862584229637,0.3041204961048895,0.5389634841139185,0.40125011896218554,0.29362213209468924,0.45169761386683643,0.5138080689193304,0.3600967742834562,0.4896915101996038,0.43117132705378,0.2355712844955158,0.475161986838766,0.17177047275476326,0.1837610855110644,0.39572553553559425,0.6071214527027704,0.3624804353172425,0.44146994006126444,0.25761521621961925,0.3820950841688888,0.0,0.598911407055531,0.2734175958060462,0.5130943488756015,0.43333284122280624,0.2650628528211375,0.6889042793411082,0.3602144972733864,0.5739170013102268,0.447701663478812,0.4230815123321938,0.30197230758647453,0.42292919442075083,0.5282747338660383,0.6244129317105368,0.7502637657482782,0.6100723123669785,0.4162477378075963,0.6258126425121372,0.4608585792386386,0.4224478301577586,0.3436953084106398,0.3209165542967627,-0.4100975497698879,0.2583836178618748,0.4947510329907485,0.49069915670350395,0.4800796187182137,0.3989897969022807,0.5381918034971853,0.7836058905863247,0.5285628851477913,0.5441417089704041,0.3665857169273463,0.0,0.34788928475037995,0.525930721106806,0.0,0.5994658864987696,0.5479163750208783,0.28256854754176625,0.4645064136753354,0.0,0.40233353071867,0.47119039141298713,0.6022030476377505,0.4879577490112435,0.4366304654003038,0.43862202467431555,0.5718274328450503,0.5369763977019435,0.6324210730670439,0.5004542775588043,0.692323413468994,0.5401974784982034
0.2984410902930772,0.5036801065328326,0.09357658414222492,0.27630373892764687,0.22135128287906183,0.21724289269329028,0.29733643243029834,0.3230308094911779,0.25817279599353027,0.2083804447623344,0.24379948177749147,0.1776169154260357,0.40636812988312127,0.3780408253974031,0.19678238361715494,0.5608053959176875,0.23916271002251502,0.5096811060168344,0.09773960693243253,-0.054615854037268596,0.17204591417809567,0.598911407055531,0.0,0.025777730767457208,0.4009522932194744,0.29138233486633924,-0.09578403181234096,0.34717071608234573,0.34626333087685923,0.3990361214369559,0.4756962902235939,0.2850479465114576,0.2468748977570606,0.35940493218225167,0.40687873133404906,0.41916390122266595,0.3954110402232631,0.16299663983474982,0.4667649581619201,0.5246421838836224,0.49522048631805016,0.5439775681307458,0.5441345477903486,0.169286660758595,-0.3929427203872409,0.3791229285290771,0.5642597062470514,0.6087605940376892,0.18325195546116363,0.6587313531045251,0.5237121952429402,0.6112540817578952,0.5826977410323445,0.5715468068438555,0.4398151667260841,0.6740999477898086,0.15450508347941,0.551052913439786,0.6866046552620378,0.4840095316031104,0.6935974091749968,0.47368900441976325,0.512361140529844,0.6914420974447364,0.4520304148842714,0.45147926849583264,0.4639572178299972,0.60483460184354,0.36989939321273374,0.4593032974069208,0.4835508797584774,0.4607036266713497,0.4772719086872129,0.5367571839043578,0.5011106061241627,0.4803782153889551
0.22433908340117908,0.34851402651923646,0.4024702527015397,0.42351666916952296,0.3828351118810307,0.24076477198791277,0.30471688123414786,0.11913632304111946,0.42475326393738344,0.24377401852243552,0.35057102034582927,0.22193036591452128,0.3102632059765125,0.19386459207113071,0.06294071672460311,0.44106109577876684,0.43722781668648814,0.1758972872831291,0.23790666339462646,0.18708628653195397,0.08722914265090001,0.2734175958060462,0.025777730767457208,0.0,0.20064000174986962,0.36404115646069557,-0.04154465159950918,0.34518132156779735,0.5706899816868346,0.9114917125194071,0.3937607217880384,0.464470016015355,0.4239524609707579,0.36034293482555535,0.659492286754602,0.21816782433775897,0.30029176561367416,0.22619214409224714,0.8416003102326716,0.8845984283246575,0.711704073842966,0.7347111546549299,0.6624190768854263,0.3258977505077323,0.3087050569387308,0.1896130915176918,0.38088764864884717,0.0,0.0,0.46215646687017625,0.46214645529119747,0.3788004055191042,0.0,0.3306704557197748,0.26612223417100456,0.5008121437470934,0.20805643521610254,0.3665786405563613,0.0,0.3562319189689278,0.4099562285640609,0.4519384377172827,0.3046984935579583,0.47994318527982394,0.39845962199009904,0.3082316442621613,0.2330640053761641,0.6402122354164144,0.2181192823500105,0.22167638781882473,0.2878822476561377,0.3248264648013016,0.4836367053017973,0.8317496807599565,0.0,0.5314909074338346
0.29520009160877514,0.3108339006946283,0.5132149377156068,0.8092333310870523,0.43675947021215755,0.46670641292099624,0.4798891910369797,0.37932117119824355,0.59475660266279,0.5243615389389533,0.501423336890978,0.48691336638325233,0.5432373174905342,0.3338825591687119,0.3036794529202269,0.4592101577522879,0.30258987064365567,0.27816476144776786,0.4572742889587633,0.4702107314021775,0.3851626491089086,0.5130943488756015,0.4009522932194744,0.20064000174986962,0.0,0.2633550002726323,0.4798355791361969,0.42769994977284587,0.49975895992213404,0.27802678627348254,0.3776548879698655,0.32981796567329724,0.3490561099186067,0.2719213978863303,0.5157544870819804,-0.05812935732951849,0.6361638676298166,0.3108997220023457,0.5662943516819033,0.5199805391095543,0.44243157967916863,0.5472028892970956,0.3793467165977877,0.0,0.3343882953419218,0.33256942492969976,0.49692026701545133,0.0,0.0,0.0,0.5820799143446806,0.349578462912318,0.4151816962032265,0.4250218297069164,0.42710178948780714,0.4676670439083016,0.4305243703191851,0.4161966365072319,0.0,0.6112358157742886,0.5843761727812213,0.4846729055867245,0.39364504144012635,0.0,0.6142104104731823,0.40940533399750334,0.605403845291037,0.3541155401199049,0.14798347432247205,0.4152399500796623,0.3573797507950304,0.49608588560045785,0.5700877161410359,0.47602905102690257,0.0,0.44192218454970816
0.36239548791858706,0.41960214146202685,0.32253202211411003,0.42208140832612834,0.48271632248692237,0.5513764590162444,0.5352003944284028,0.3174071762597365,0.6101884856827569,0.5994650102224788,0.5196882596398904,0.62733281553466,0.5327730924718634,0.17432259932587918,0.1580160509753975,0.43408147726169677,0.4272477668685588,0.25075505384975827,0.4975940899287741,0.31379339210254054,0.3192296023903437,0.43333284122280624,0.29138233486633924,0.36404115646069557,0.2633550002726323,0.0,0.35071733540430916,0.5512971019708122,0.5230268607707111,0.2440630613870712,0.3783494552694894,0.44525141018538167,0.32645511040967246,0.30678912972891437,0.40809892378763096,0.2837278899000063,0.29267288086853854,0.3144845551085212,0.523287238286382,0.489052098905413,0.6375771140569286,0.44898098962864,0.19464223490553328,0.5114113630471173,0.09035640510541487,0.2657528496131341,0.5672914520797102,0.6370787545719936,0.0,0.0035077825009489534,0.5015338181041349,0.4440420396383992,0.5471135637258555,0.4897901610261995,0.384214949652145,0.0,0.44306148914932747,0.5228017157880924,0.0,0.6152909360194632,0.6303431009026517,0.43726424054118007,0.34496924212081115,0.0,0.549576060462554,0.6258246264003702,0.6505947153727643,0.547959850840926,0.32763102624166385,0.35634046552363413,0.44204994651864304,0.5924292914728552,0.4410359002211801,0.5370850894641274,0.4784201350965306,0.49173405376891804
0.27168556716553627,0.498808422435738,0.058852219257408245,0.38836043681480326,0.17646251403153815,0.22859437415789002,0.2547950836235596,0.24530432969813198,0.1784616978088472,0.22044446970618103,0.14101066915546895,0.22509814226639935,0.3747512586572234,0.18185594773936198,-0.00789884614423586,0.4996685005689585,0.4142036367246992,0.5603080803573848,0.11820000678670622,0.28405207363138596,0.2538463617523378,0.2650628528211375,-0.09578403181234096,-0.04154465159950918,0.4798355791361969,0.35071733540430916,0.0,0.3665089174764458,0.363708373470496,0.3652403548897838,0.39089314102640166,0.28977520219022274,0.2747351484693086,0.351031789406554,0.35877082254734416,0.37720466914957884,0.4002913965973886,0.10473155068695172,0.2501441496145732,0.23864525221801744,0.37007405738483157,0.5363737594437474,0.45082194033130507,0.5972104330639814,0.1354618144647434,0.3892569185554037,0.4963981415797114,0.4170868136071475,0.29388523799880073,0.5582268070960397,0.47985140457945424,0.5203390764025326,0.4301806756449795,0.4312992782194819,0.536567405011986,0.4961873809373895,0.15921250132115702,0.5291803462518789,0.5925196552520513,0.49675646329563483,0.6295456329314841,0.0,0.49243005662087763,0.544554379537404,0.4758750426250133,0.3767943935543798,0.48074948673718104,0.46582221529713586,0.0,0.6121469705058964,0.568882589179388,0.46967086215296044,0.5157459902870067,0.5369096725906458,0.40524287890234745,0.49555875389194326
0.37848156833462787,0.6528150611861494,0.5530154408954775,0.3351629054243371,0.4716701246433571,0.40548260555440596,0.369151621993115,0.40524660075171576,0.558354570809098,0.4258919572152696,0.4573373508390578,0.5590680969583319,0.3576123803792033,0.3511710631777376,0.3041821499514406,0.4847508240229091,0.7168024578487815,0.4065354859566248,0.5622753966004318,0.5398859750199213,0.3293543270386878,0.6889042793411082,0.34717071608234573,0.34518132156779735,0.42769994977284587,0.5512971019708122,0.3665089174764458,0.0,0.39602503364573505,0.384416909045328,0.5350131831596858,0.3228541927725357,0.4140490659123565,0.1710516167064949,0.49165543693292973,0.14054530030014,0.05230473959267301,0.18439934958432105,0.23285063596127686,0.39274701228325337,0.807036418095604,0.7998846517001594,0.38711072570870475,0.0324044894897734,0.6151172494594964,0.5187037646779995,0.5070505763743827,0.5224551581130907,0.0,0.7122444531613709,0.5205119534702771,0.5647330154307904,0.49617319641587754,0.5405082449345952,0.6287508047517087,0.19031502659546073,0.3393097410594014,0.5689089917527486,0.3998605174515829,0.5949967121368204,0.4360259410027052,0.34851746273297257,0.5510934070435765,0.27857098686091414,0.5288295964152054,0.43533954585767176,0.5109817783040441,0.5360873464716548,0.25646620351599203,0.42653788100445583,0.263582916780639,0.49167492272236685,0.5767284983826693,0.539859124344243,0.46209208608254276,0.5895323987918637
0.6089536925964233,0.5217270224734153,0.7303037014653622,-0.010341641736935192,0.5420186634889024,0.22242474009634555,0.43947750607266217,0.42056222686819955,0.4366377600801913,0.42113656713407366,0.32294345242495437,0.36802874043221645,0.32891749572851514,0.19160139029116346,0.3477041307647152,0.31954076702510814,0.3632794128224205,0.4646864747753727,0.5294793820149932,0.23117144279840546,0.4242500875441252,0.3602144972733864,0.34626333087685923,0.5706899816868346,0.49975895992213404,0.5230268607707111,0.363708373470496,0.39602503364573505,0.0,0.4574818434554312,0.4326758134346618,0.19846296938005592,0.2704271173508496,0.2804295133485078,0.23534258716252798,0.335006662633755,0.1689324619535475,0.38125075409627307,0.4752564804888967,0.3730311178266517,0.4572554425225568,0.5146287776372477,0.31581163282792635,-0.0262209921776157,0.4412990501975344,0.43555688185777225,0.6023967717224027,0.5523000980814095,0.46598296260728056,0.4451515902054511,0.5884036326608075,0.6080985756134398,0.6722293148651475,0.5871024647503269,0.6184181036243002,-0.047045086297082095,0.11380383738556404,0.5727444387520286,0.5648794090817683,0.5554248204640964,0.685627128159898,0.4827292298863983,0.4883652788022573,0.5745478290996914,0.555567200004254,0.5363377204351893,0.5143659881303164,0.5525076265480492,0.48973604147251953,0.6236848943388935,0.5497321652148004,0.5469974516095963,0.574130712893467,0.594954340770001,0.48163389042702487,0.4937174185175188
