0.0,-0.01833592927276223,-0.023565631328750836,0.0,-0.009002095722106529,-0.022426257534124083,-0.02445027958119972,-0.026483937581499417,-0.006387062097182206,-0.06124205701688756,-0.017342440236685797,-0.051166362096235596,-0.02501485113015761,-0.025318750805119028,-0.026661299596392796,-0.035448100699863816,-0.022710861966809437,-0.05139021294568408,0.0,-0.038393895943274026,-0.02952641050358612,-0.036835185911381574,-0.041532990291473504,-0.05507290096242301,-0.02984668964111442,-0.03892429887648802,-0.046154076645056996,-0.035005862710114355,-0.0008960287832450731,-0.033344209002385994,-0.03774091787974965,-0.022336367210622987,-0.03399479913961578,-0.041256386526461686,-0.01359143133059837,-0.01551325279102328,0.0002331853555003205,-0.06603916136541005,-0.025144239422391523,-0.016259773901870667,-0.015087484929422357,-0.022826357687495358,0.01317413306817422,0.0,-0.014996818355753894,-0.052622408475808846,-0.05076723814218481,0.0,0.0,0.0,0.012799160166523937,1.1102230246251565e-16,-0.02947944592974927,0.0,-0.06967547096500032,0.0,-0.0332428403071367,-0.0020271460940207153,0.0,0.004082887410695957,-0.01106851701359124,0.0020502343427951653,-0.02753447118404795,0.0,-0.019436076126198076,-0.02194909343704704,-0.04746343671038494,-0.02898272481542552,-0.029846607379123258,-0.03126431282250541,-0.025086682341878608,-0.009773037377117544,-0.0026151899534617717,-0.01107967606059379,0.0,-0.00849636844397611
-0.01833592927276223,0.0,-0.014731756987513112,5.495851044151623e-05,-0.008417107869573615,-0.013151163359574336,-0.0064821666953515655,-0.0023271293623503553,-0.00577474109199988,-0.012817000146434665,-0.010539126681422761,0.0227876501979411,-0.0015500669839577097,-0.007811883551890053,-0.017441985158045126,-0.02194165298339057,-0.004495776995623757,-0.027940383769006538,-0.017740852162615894,-0.0018972782878452499,-0.019024916188505048,0.001870598667734702,-0.026251518905638205,-0.018904132435187404,-0.032378191374322185,-0.015265241046195643,-0.013899068498906708,0.012705629153364872,0.0007251718028474796,-0.018414930428727383,-0.017104379355623867,-0.00906832839817967,-0.0166573203762585,-0.018623725475865216,-0.0207477815235918,-0.012901571928654487,-0.0008945766410561329,0.0,-0.01654905079922875,0.008754065762153984,-0.003884961191080283,-0.018138104199453275,-0.010108428883455256,0.0,2.220446049250313e-16,-0.028592612898566405,-0.02069557574586489,-4.903501158393109e-05,0.0,0.0,-0.012398963668387497,-0.008114137418731238,-0.005811953191578789,-0.005133703399539946,0.03365962607496786,0.0,-0.02490959572235235,-0.00863552939854062,0.0,0.005435903944004505,-0.0016355433163143251,-0.020349673399125412,0.001211221968245746,0.0,0.0022027862929888675,-0.006663574894562707,-0.01120931248256929,-0.011830162922932597,-0.02598494823719566,-0.016470177349397874,-0.012778337747182844,-0.012725860501524022,-0.01646409530743914,-0.006825589372606522,-1.1102230246251565e-16,-0.0019365764581056322
-0.023565631328750836,-0.014731756987513112,0.0,-0.03316770033782285,-0.03761481918046278,-0.067151691016891,-0.01956047800981714,-0.040139424046823524,-0.04697726648143419,-0.025179809057480684,-0.038061881780045215,-0.024267425538586795,-0.015044956346139837,-0.05336992257661266,-0.04601576399628826,-0.012433100267655484,-0.004071147087549298,-0.009273032954116578,-0.06557350253785399,-0.03013221519464815,-0.04184269076433966,-0.04118761621463973,-0.07088267585096925,-0.01552979919287556,-0.009246715513347492,-0.033130515981673436,-0.06277245379746993,-0.020834163758098434,0.012127319757293586,-0.03323132032472814,-0.020183820079854364,-0.0315035367056809,-0.03753793332683403,-0.027131043594629367,-0.03106866967301003,-0.03463910979732193,-0.024141986422466066,-0.04234229703818332,-0.0031022402796975213,5.645983242597019e-07,-0.028754237985535225,-0.0479198300762656,-0.005938375707739696,-0.017547675221518066,0.0,0.0,2.91312158973156e-05,0.01473918036562294,-6.191776994346476e-06,-0.020214556914347925,-0.04271052843555079,-0.01849500103010171,-0.0397917146883342,-0.01924125117885278,0.0010145634664827097,-0.0033254341627275696,-0.03399331924719595,-0.02558708127736742,-0.04242838870391086,-7.730115841009244e-05,0.0,0.0,0.0,-0.007981359614037897,-0.020251311831920416,0.006945841597221225,-0.00019598220408462153,-0.025740875971560606,0.0,6.831632038822866e-05,-0.005078466475261334,-0.033721325802967606,-0.026671754154713234,-0.03116140957897945,-0.009618038717281618,-0.03337497679952939
0.0,5.495851044151623e-05,-0.03316770033782285,0.0,0.014007869118795091,-0.03781358087649317,0.005848552432350385,-0.0011768148819695234,-0.03019559148795148,-0.029304263567145744,-0.03641867853924724,0.14174822479544857,0.014030828223666858,0.016033161334728152,-0.09478654372215095,0.0001554682296023846,0.02379822999897674,-2.819542691606669e-05,-0.04189114680906275,0.002607153682043506,-0.00012871688202475973,-0.004282665834164923,-0.03799842811366927,0.007487287724675162,0.000504401479721972,-0.014482139385087966,-0.031083673772228593,-0.013387957281204621,-0.05316076007505516,0.024266337821583772,0.03979851166303411,-0.006241185337504451,-0.011707610716597594,0.048708140850657944,0.06429383949280915,0.011921463646656777,-0.010906241113955856,0.005704663502968943,0.09487939015313018,0.0006813448948302936,-0.0030405196411504853,-0.006820915939949768,0.00960769555406027,0.005639369676441797,0.0,0.0,0.0,-0.0003203682228264948,0.0,0.0,-0.016397110933333903,2.220446049250313e-16,6.452898899189652e-05,-0.0003683134063380833,5.551115123125783e-17,-0.011397331139621658,0.0013185348758344428,-0.00021953849626105137,0.0,0.0,0.0,0.0,0.0,0.0,0.0,0.0,5.689516011919693e-05,-0.03627543177665565,0.0,0.0,0.0,-0.013879664857917529,0.0007775516073575961,0.002339283939571113,0.0,0.0
-0.009002095722106529,-0.008417107869573615,-0.03761481918046278,0.014007869118795091,0.0,-0.04630065529621291,-0.03577530482831498,-0.01635758771478002,-0.03507242116218395,-0.014163849940366291,-0.022420513708220846,0.002045816242085552,-0.0357533371883309,-0.011892325774145451,-0.010895736470743378,0.001239735762479044,-0.017717901112406897,-0.007462325091459998,-0.04062210472582234,-0.027686263184209525,-0.031942919678752624,-0.025955142402609765,-0.04535473828318537,-0.019488336104227455,-0.02501720969869753,-0.013702308161502363,-0.050321247111327794,-0.0117928871943756,-0.012365425397035168,-0.031253083165089734,-0.018310553130440776,-0.010919864787436118,-0.026511299496508045,-0.03463262001391759,-0.018303242864790403,-0.017843544091513924,0.05173079814150516,-0.0010801344825137615,-0.014797194715682416,0.013022417764245564,0.004246827589984736,0.010872129129278263,0.07208084969385448,0.04059665442137228,0.00018239221085525337,1.1102230246251565e-16,-0.010394988564628949,-0.017178617523570527,0.0,-0.004874685663069367,-0.010828375752179209,-0.007166651832813842,-0.009810198948795923,-0.017410981500173506,5.551115123125783e-17,-0.08969912492823967,0.05803240885233829,0.0005730790329327995,-0.021305613936593693,-0.002094029153343613,-2.3894893144527085e-05,0.0,-5.551115123125783e-17,-0.004346301085555282,-0.024579774423654943,0.0001357047847909132,0.00015322687701974091,-0.02016331974050989,0.0,1.8101703961714843e-05,0.01120011484520278,-0.018020897303636152,-0.01723642228274269,-0.02352727769055829,1.1102230246251565e-16,-0.04745434276230859
-0.022426257534124083,-0.013151163359574336,-0.067151691016891,-0.03781358087649317,-0.04630065529621291,0.0,-0.0314652671501493,-0.04189371503111461,-0.04974201328393879,-0.025967449646840834,-0.028800281916465886,-0.025259592069017844,-0.0215251760009752,-0.04213582545115796,-0.032567969532485364,0.00016253889548101252,-0.005572189553373796,-0.0007593265930278537,-0.042182979661197606,-0.03454517138779151,-0.011271595814981994,-0.030780691005725114,-0.049371713374544435,-0.027206916257358826,-0.016859628241438884,-0.017787819008403094,-0.04068205647797135,-0.03202770535315863,-0.038301038901046025,-0.031112914978048245,-0.022462684941822963,-0.030499570010968702,-0.026570268190705792,-0.0389658857623883,-0.03933107769633615,-0.05905379752179274,-0.029041054112159126,-0.04034461091283892,-0.05588035830411503,-0.0201096701639617,-0.029171458180019372,0.011244944436664739,-0.03288221322192342,-0.11156929780441238,-0.03209646247763387,-0.016498019155280486,-0.022426343855930064,-0.04156567200476691,-0.00978160311902887,-0.016246406662244972,-0.023604548922397384,-0.01226607289384507,-0.02327336495579463,-0.034043782855195714,-0.1349107234609353,-0.027579093346070227,-0.03951024144178167,-0.01413901984136845,-0.022847506022026454,-0.011678381950202266,-0.0010901857247365143,0.0,-0.0011927779125949778,-0.029624652110423866,-0.014443978969959359,-0.024603793886155134,-0.011521398003533023,-0.02118324344944622,4.783892639392828e-05,-0.015577238271403337,0.008413765755953706,-0.022666398435753743,-0.007616958639712679,-0.008620089141204712,-0.013986318458336866,-0.010466951798512647
-0.02445027958119972,-0.0064821666953515655,-0.01956047800981714,0.005848552432350385,-0.03577530482831498,-0.0314652671501493,0.0,-0.02373977778990366,-0.06098797507313897,-0.031054370314159696,-0.0333939993976714,-0.02639524491430484,-0.06801585743706279,-0.03542794730287141,-0.0256158453196611,-0.013026251236709974,-0.025729779290545596,-0.024719523549829536,-0.029565404954904173,-0.024940994026942498,-0.01729217944288558,-0.01920945998863316,-0.04486102172577078,-0.022371709206869816,-0.019862594721124283,-0.01968904422476364,-0.03947147367401205,-0.01978771176228883,-0.02270169542659012,-0.01812094068922232,-0.021283018113417596,-0.021681314575236088,-0.009434467240918287,-0.024108732485287776,0.012285062878130026,-0.028346315093704888,-0.0028349462219179333,-0.04590801592311494,0.010361788226407487,-0.016184799070861067,0.048006148290356376,0.00957076517086547,-0.006630342699326719,-0.009140024729341112,-0.020233214030320246,0.0,-0.02469672271635187,-0.018392913798867982,0.0,-0.0060628852325097515,-0.02744484550704812,-0.02044057740650229,-0.019812260554895267,-0.019872541787533393,-0.0012403936207207589,-0.0824561452513049,-0.00045314634172705093,-0.02781991542718465,0.0014183185159444278,-0.02658013640531587,-0.01489334408784826,0.0,3.9137259775223754e-05,-0.01797604559497612,-0.012152635380709098,-0.019308405885996638,-0.008543094347298497,-0.017055229331790267,8.698223622605195e-05,-0.019481135928802573,-0.021796397471356033,-0.02054208242209682,-0.014245789194188285,-0.029765077577869004,-0.01657146683549049,-0.02165458343527593
-0.026483937581499417,-0.0023271293623503553,-0.040139424046823524,-0.0011768148819695234,-0.01635758771478002,-0.04189371503111461,-0.02373977778990366,0.0,-0.02698569715122584,-0.04937884533460274,0.013485915949975946,-0.029181261957352822,-0.02461351964706754,-0.01564182530636621,-0.025745341242324804,-0.021718105642290375,-0.010872532408943647,-0.036684713744989106,-0.009550624559216292,-0.024620900401741475,-0.032919135474628936,-0.012075472162740686,-0.03711470888222956,-0.046367645970902926,-0.03768644514877956,-0.04263240934259316,-0.053133041149382554,-0.027910745408218918,-0.015423769593874037,-0.024552895170904976,-0.02375820081549679,0.010780523547124832,-0.08445615884380675,-0.028810391807673585,-0.012838653740360029,0.05387714557232198,0.041548066274042006,-0.07146831471204501,-0.022025348723818616,-0.009836989400944962,-0.008975720365164586,-0.03508251535600393,0.041924784391977776,-0.0042794366072616,0.0,-0.035903071894622385,-0.026249261072454844,-0.017629696673431394,0.0,0.026687904801436346,-0.030850728447985754,-0.0018979883512226237,0.023305378070698213,-0.018222000449617082,-0.00011327492157942043,0.014693163422132283,6.291036613209622e-05,-0.004781748999886537,-0.005227600330222293,0.005452226598440191,-0.024710011589172798,0.0,-0.0002775586494547233,-0.002442826844292867,-0.027948752737116334,0.0033138019842631206,-0.035015821801249514,-0.005613433232595055,-5.551115123125783e-17,-0.023304196587319415,-0.02881275607793371,-0.02425623249108877,-0.018064558154524846,-0.0212119164564345,0.0029289031626048567,-0.02538030791576884
-0.006387062097182206,-0.00577474109199988,-0.04697726648143419,-0.03019559148795148,-0.03507242116218395,-0.04974201328393879,-0.06098797507313897,-0.02698569715122584,0.0,-0.0259226868185487,-0.02851956268440109,-0.02330760983588681,-0.017409586007042233,-0.060477147746875626,-0.021917755199766797,-0.015171267676379552,-0.02185554022956343,0.006083749569378294,-0.04599844215360896,-0.027243240693681725,-0.025884069381553243,-0.02963829098013898,-0.05152235035478747,-0.029035315242790127,0.007373564904355645,-0.005092883502659462,-0.04448141854365473,-0.017638639182991467,-0.014628317098370203,-0.015023092463694265,-0.015275359778046615,-0.01981763365340572,-0.0371611226972538,-0.027927601217881237,-0.048556462615429064,-0.0405506896502017,-0.01590648212263357,-0.032654613479454864,0.011753137631187238,-0.00018670077938925944,-0.03150699829249054,-0.020815926022349218,0.0003024723088280723,-0.05077365626943442,-0.028195829745650658,-5.551115123125783e-17,-0.020944626366511288,-0.027806708465611063,2.9745587006857477e-06,0.000324720222507624,-0.030110525160749746,-0.010139020490711803,-0.0363339333513536,-0.03601622517754266,0.012385659932646287,-0.017003311366034946,-0.02398303854066991,-0.02266261149112425,0.0017338904009548406,-0.015746986467170876,-0.0015349211793209139,0.0,0.0,-0.021581250061551205,-0.002592533425993304,-0.0056353333107925785,-0.0008446640753954071,-0.021621072630898408,3.660885424316973e-05,-0.01610387326770224,-0.0009717917132319176,-0.023197949659388484,-0.00584683318872703,-0.009594727639171963,-0.03062105418189831,-0.019306009479171826
-0.06124205701688756,-0.012817000146434665,-0.025179809057480684,-0.029304263567145744,-0.014163849940366291,-0.025967449646840834,-0.031054370314159696,-0.04937884533460274,-0.0259226868185487,0.0,-0.024596970027758958,-0.0019171910139155757,-0.025258202371545635,-0.09645707723259334,0.03520560525405597,-0.015056584800625605,-0.009232107381588306,-0.013577147864639372,-0.031022970113068593,-0.022157712239367022,-0.02981866880323747,-0.0052755712557017165,-0.04231104336834507,-0.033896712664052975,-0.029786071144416726,-0.010425761689179525,-0.04293069826787749,-0.025540239883547144,-0.01690357107316648,-0.05140278804287396,-0.012861428214711923,-0.008451928577933643,-0.015264515827579928,-0.011632128338884828,0.0019519907271285941,-0.04142908646718707,-0.021415802608907908,-0.019378623600619593,-0.07507085110438888,-0.03683250528554943,-0.06490190110156702,-0.020562414067007595,-0.03389238766145769,-0.01995817969527719,-0.05045486054963799,-0.07167443514898264,-0.006022396034595534,0.00032499571049204867,1.6889956371057835e-05,0.000369089173334336,-0.03301463734761717,-0.02748099197217424,0.0025731256190443808,-0.02206978329723408,-0.04751323975567562,-0.0250254809492253,-0.04140790403730321,-0.03415856129159628,0.0,0.0004616398943690925,-0.01603047253028289,-0.00901826493888469,-0.0104886534865552,-5.551817167437356e-06,9.020299991596703e-05,-0.0035703776690761413,0.006129039605076492,-0.02128742839350556,-0.026519675239366325,-0.030003702281914124,-0.042865086365566296,-0.01927690538635074,-0.04211309797788498,-0.03903361207230566,-5.551115123125783e-17,-0.05039067984804352
-0.017342440236685797,-0.010539126681422761,-0.038061881780045215,-0.03641867853924724,-0.022420513708220846,-0.028800281916465886,-0.0333939993976714,0.013485915949975946,-0.02851956268440109,-0.024596970027758958,0.0,-0.01789615150123297,-0.015304594017459094,-0.020991320517682932,0.0,0.0001142511756271336,-0.011603592131404383,-0.013628827038147662,-0.042737076670270296,-5.343511411953772e-05,-0.01365673124061395,0.0024040663416054486,-0.049693225922123996,-0.028795447850021083,-0.014827311740497284,-0.01378047862808196,-0.05713341764804958,-0.02095197271455318,-0.01566183543621069,0.008177734921152369,-0.020569677843511547,-0.02438276666318867,-0.0638293509720777,-0.02774042290081835,-0.01565805962087119,-0.025084755041821283,-0.009597321501548017,-0.03604659274562755,0.0197268952345257,-0.01445475334925217,-0.011725879680664186,-0.015218168064870308,0.031467851308148276,-0.013338669955340443,-0.005773583105046831,0.0,1.1102230246251565e-16,-0.09636313250152861,5.759870054244942e-07,-0.03384853269395888,0.0023092339050316824,0.00770027063126677,0.020833333602280124,-0.018967619642069,-0.024003895822105215,-0.08210704604753893,-0.036927439503321946,-0.012078202136898142,0.019059633952821786,5.551115123125783e-17,0.0,0.0,0.0,-0.10364452624387194,-0.01401470861398968,0.0,-0.00011438314116124504,0.0029580661793372487,5.551115123125783e-17,0.0,0.00020457461066980542,-0.011536865545090924,-0.019620953519418227,-0.02297816212330145,0.0,-0.019496475160835358
-0.051166362096235596,0.0227876501979411,-0.024267425538586795,0.14174822479544857,0.002045816242085552,-0.025259592069017844,-0.02639524491430484,-0.029181261957352822,-0.02330760983588681,-0.0019171910139155757,-0.01789615150123297,0.0,-0.014200634085550057,-0.05927409373167414,-0.0013902656228808596,-0.0042565661365764895,-0.007604912594555258,-0.019348197036487824,-0.030414625840573417,-0.03466233526614143,-0.03803476695901098,-0.03875688073559952,-0.045600398863046954,-0.026109468742728348,-0.02117590300629235,0.016855266728185103,-0.03688605914542431,-0.0007721739948728379,-0.029052591833220176,-0.042849500273159535,-0.00977326675052509,-0.013731085601877469,-0.0532652092406069,-0.02255556260427985,-0.009632694154789623,-0.018821485314005848,-0.031138258388577922,-0.025656900137175198,-0.04025515833296711,-0.04097194023832401,-0.07606557459884467,0.020392088258716468,-0.05706663312212712,-0.04221730658333381,-0.0527911911125899,-0.06502111257277465,-0.0026659831046082494,-0.019008675829056687,-0.004900126394680543,-0.006044077611458143,-0.013530184994270833,-0.008026602375310943,-0.0003440782522260988,-0.007381475017766148,-0.047961358758386696,-0.010445266772480422,-0.052525783365161116,-0.03436206922280127,-3.639212272599224e-05,-4.788940363431582e-05,-0.012320202491625631,-0.0029762261758810027,0.009384613408787268,-0.015884151539975633,-0.00468813076791047,0.007236286259511504,-0.011132280463287736,-0.02816324338337034,-0.030037563526112532,-0.017928508160688583,-0.034288004436317576,-0.017905384268404045,-0.0345963856476989,0.0028535726654872473,0.0,-0.061965415849547734
-0.02501485113015761,-0.0015500669839577097,-0.015044956346139837,0.014030828223666858,-0.0357533371883309,-0.0215251760009752,-0.06801585743706279,-0.02461351964706754,-0.017409586007042233,-0.025258202371545635,-0.015304594017459094,-0.014200634085550057,0.0,-0.029444428891646446,-0.019463999826314027,-0.014999827690859724,-0.017711149785926306,-0.02007401165096645,-0.014772717609892405,-0.02427173947764316,-0.010791740410259099,-0.016951789705168474,-0.036129780400257494,-0.01878710379723414,-0.01924058610319329,-0.020372470858546876,-0.03339893040311964,-0.035091309358643075,-0.04074219920597799,-0.034524858396628944,-0.014307507148139775,-0.019743279356003784,-0.0096034672971132,-0.01606365253265435,0.009511122697389018,-0.008562294245670898,-0.006437413972400385,-0.053807057013158244,-0.023556416093543975,0.021057415578562666,0.053864379233022064,0.07019756528899429,-0.00375193235082788,-0.008470766871450208,-0.013618558893832677,-0.0011463322613167737,-0.021089981951883163,-0.021173986541895062,0.0,-0.010560793792391499,-0.022642561671528783,-0.01622247479727712,-0.020844834809083446,-0.02869785194762753,-0.026192911234894978,-0.056634335206111275,-0.02762075185551882,-0.013059256412883857,0.005381635664280571,-0.018908943502451536,-0.009079082865240062,-0.008583949667533008,-0.01121131117315638,-0.05896511386699016,-0.022136580028469466,-0.02160736757395293,-0.01751660394009852,-0.019209476449473628,-0.009052741595158842,-0.022216023101647386,-0.0203876503782231,-0.028580694396353856,-0.013458074188318014,-0.01430094029834178,-0.026113667055111534,-0.02664471744911351
-0.025318750805119028,-0.007811883551890053,-0.05336992257661266,0.016033161334728152,-0.011892325774145451,-0.04213582545115796,-0.03542794730287141,-0.01564182530636621,-0.060477147746875626,-0.09645707723259334,-0.020991320517682932,-0.05927409373167414,-0.029444428891646446,0.0,-0.018537453999810993,-0.00043244354962113096,-7.7395930437818e-05,0.00011037668351243646,-0.026918574180967547,-0.0017768365502836003,-0.017815901251862776,-0.005865101517553761,-0.03742338980629156,-0.06317462375545657,-0.012818008546233606,-0.03786628408802023,-0.06226422257729369,-0.024262709649023106,-0.03223180356716676,-0.009247194449618856,-0.0012962076236366915,0.04655729476060283,0.011726956914088538,-0.047702883229220616,0.037280874006830556,-0.01044267708593341,0.021411157774537892,-0.03477084769879313,0.029325101505388695,0.0,-0.001173583675393386,0.00017471763425896958,0.016004181382034244,-1.6579778792102928e-06,0.0,0.0,0.0,-0.011271969435461993,0.0,0.009592740571572167,-0.03195461618133816,0.027053300601654617,0.016645051152703205,-0.01997318243423779,0.0,0.02165362709943658,-0.00025178105463863343,-0.010652544021541532,-0.06281658433117937,1.1102230246251565e-16,0.0,0.0,0.0,0.0015710441713183698,0.0,-1.1102230246251565e-16,0.0,0.007038738275488898,0.0,0.0,5.551115123125783e-17,-0.008941865707657981,-0.009614055840893754,1.1102230246251565e-16,0.0,5.551115123125783e-17
-0.026661299596392796,-0.017441985158045126,-0.04601576399628826,-0.09478654372215095,-0.010895736470743378,-0.032567969532485364,-0.0256158453196611,-0.025745341242324804,-0.021917755199766797,0.03520560525405597,0.0,-0.0013902656228808596,-0.019463999826314027,-0.018537453999810993,0.0,-0.018999379375183256,-0.008558318857785518,-0.04241436305814994,-1.1102230246251565e-16,-0.07489212283871799,-0.02949300491246254,-0.06165552127959928,-0.06567928781361665,-0.07682366144044211,-0.03722099807047646,-0.06101968310358885,-0.08708852383619597,-0.02870470396060487,-0.02948425460990106,-0.030639437745112075,-0.043964331960371916,-0.03164904092117382,-0.04161982392949504,-0.04144777968113267,-0.02682427163943535,-0.01072661683895243,-0.029655517751610905,-0.023391987864650687,-0.03626558289188253,-0.06441460021635564,-0.03230457312791629,-0.03819338148160828,0.01841298506517297,0.013881850804656592,0.0,-0.04314432642210442,-0.02651334723047638,-0.025766864416978508,0.0,0.0,-0.015901490293468212,-0.00043760526328595617,-0.02709321055032593,0.0030683151908771356,-5.551115123125783e-17,0.0,0.00029542154092765394,-0.010355432951891175,-9.441900105877643e-06,-0.06726127290286116,-0.010386118806941125,0.0003300391507870537,-0.023925254060408463,0.0,-0.13710100059748226,-0.0341391994926869,-0.04457019518297578,-0.024367514649542454,-7.013371818981318e-05,-0.01710919760174967,-0.012245252466841605,-0.06508398952419092,-0.022327469746052264,-0.013765234197284537,-0.031121953986754602,-0.03737650119212094
-0.035448100699863816,-0.02194165298339057,-0.012433100267655484,0.0001554682296023846,0.001239735762479044,0.00016253889548101252,-0.013026251236709974,-0.021718105642290375,-0.015171267676379552,-0.015056584800625605,0.0001142511756271336,-0.0042565661365764895,-0.014999827690859724,-0.00043244354962113096,-0.018999379375183256,0.0,-0.010344759826404759,-0.024827850230642712,-0.0001387044539459259,-0.04038113714500696,-0.02540954626049613,-0.028322674122535696,-0.021387368759644587,-0.023467297303385704,-0.026239675112069982,-0.03282329733503225,-0.021951314231140828,-0.018176159993830043,-0.034804670788405434,-0.029556944441321564,-0.022476818685794042,-0.012832942363408484,-0.04267494407384931,-0.02808408750486202,-0.023905022845005286,0.0013816248493023209,-0.004580955073144211,-0.03584889800692559,-0.011519085623480918,0.008638599084966392,-0.0033725292420929143,-0.017659876982684508,1.2311517336216493e-05,0.0,0.0,-0.04361659343466234,-0.030477315701613772,0.0,0.0,0.0,-0.007278393973572328,0.0030283640476893026,-0.0005276072822485989,0.0,-0.013767585201958976,0.0,-0.027119853238556257,0.0027189446142721896,0.0,-0.010124372855740082,-0.006211033346421757,-0.031141377629503975,-0.012222644287827766,0.0,0.009343970143009306,0.007052947484900318,-0.014422352703128138,-0.003977927117311986,-0.022066480347597117,-0.014302353567739012,-0.026606867858967487,0.0053939181200300945,-0.0058705533353293204,0.011823011853834942,-1.1102230246251565e-16,0.002420242533101802
-0.022710861966809437,-0.004495776995623757,-0.004071147087549298,0.02379822999897674,-0.017717901112406897,-0.005572189553373796,-0.025729779290545596,-0.010872532408943647,-0.02185554022956343,-0.009232107381588306,-0.011603592131404383,-0.007604912594555258,-0.017711149785926306,-7.7395930437818e-05,-0.008558318857785518,-0.010344759826404759,0.0,0.005852013774990228,-0.021772812778345363,-0.011999994855090401,-0.019095323577340062,-0.004894715075905276,-0.024563523198230908,-0.026652337440748797,-0.034280228291507675,-0.019271080733136103,-0.011165379576724588,-0.0104438179974361,-0.008822448052422993,-0.014449577235727262,-0.013008932706563558,0.004414553954866451,-0.025772408375239808,-0.01598199335469902,0.017508546974550343,0.0013011908140159179,3.413950512104469e-05,-0.02015583339406818,-0.002149854360021075,0.00034476052183551875,-0.0021217558244727708,-0.011079866045092868,-5.551115123125783e-17,0.0,-0.06333022419142947,-0.011603119948214946,0.007202301532918509,0.0,0.0,0.0,0.0,0.0,0.0,0.0,-0.02262925262460569,0.0,-0.023588496083868093,-0.014188202689021934,0.0,-0.0001375302700634129,0.0030421243669573883,-0.008481111465012792,-0.010970884462858654,0.0,1.1102230246251565e-16,0.0,0.010085115447356685,0.0,-0.03345034798995361,-0.018352010684647424,-0.030853504298158696,0.0,-0.017800622673925626,7.419620155457718e-05,0.0,-0.022499657152008634
-0.05139021294568408,-0.027940383769006538,-0.009273032954116578,-2.819542691606669e-05,-0.007462325091459998,-0.0007593265930278537,-0.024719523549829536,-0.036684713744989106,0.006083749569378294,-0.013577147864639372,-0.013628827038147662,-0.019348197036487824,-0.02007401165096645,0.00011037668351243646,-0.04241436305814994,-0.024827850230642712,0.005852013774990228,0.0,-0.027970121907822942,-0.025736358356938938,-0.01991906928065118,-0.02525655356897255,-0.021923311220980346,-0.0566076427746533,-0.04208001236419989,-0.0397601422249631,-0.01402462324375614,-0.02162543215859103,-0.011046120745667576,-0.024537588868414673,-0.02488800467967145,-0.014512380256142932,-0.03964098110252601,-0.028688520604712442,-0.00907660652985337,0.0022299170970401794,5.6898094295487756e-05,-0.04672681292961678,-0.00579628753287309,0.0026797303419084373,-0.01660547411766361,-0.009144885889992682,0.0,0.0,0.002976453306843374,-0.05476510309462457,-0.028631013811756423,0.0,0.0,0.0,-0.0070642217415738395,0.0002399575291020528,-0.0004078436606455571,0.0,-0.01614017332602763,0.0,-0.02719702736529145,-0.018711973029956364,0.0,-0.021541252019992685,-0.013816587289660065,-0.013368414733854583,-0.022880369855317884,0.0,-0.02334343777493464,-0.028317410083804673,-0.010906431858156707,0.019766067068556936,-0.04742399653637985,-0.02441022419314509,-0.03442123599618463,-0.01179796390539628,-0.01206196953218841,0.004033577550242751,0.0,-0.01706613980406335
0.0,-0.017740852162615894,-0.06557350253785399,-0.04189114680906275,-0.04062210472582234,-0.042182979661197606,-0.029565404954904173,-0.009550624559216292,-0.04599844215360896,-0.031022970113068593,-0.042737076670270296,-0.030414625840573417,-0.014772717609892405,-0.026918574180967547,-1.1102230246251565e-16,-0.0001387044539459259,-0.021772812778345363,-0.027970121907822942,0.0,0.0002995442386554137,-0.007479066265098699,-0.017905893650422722,-0.0878003801226871,-0.03804165042803109,-0.018339930342766264,-0.014836275675313593,-0.06297118403018254,-0.01686411582537395,-0.0027751124212227474,-0.03161127477352155,-0.016587365580289393,-0.03342303556271026,-0.030131579762940786,-0.019531451212940976,-0.012828182155705137,-0.03178593673206953,-0.020337321822591625,-0.03774805932814024,0.032828575237750623,-5.727431459906507e-05,-0.0730638159230313,0.01001010236211941,0.0296180005001091,-0.023681842437797918,-0.0005375327717044298,0.0,0.0,0.005920639661275706,-5.551115123125783e-17,-0.05853909838013266,-0.02758668155855848,-0.0166678928023013,-0.007313996660002431,-0.011023454982170833,0.006499294071218464,-0.1940523270613272,-0.043304941092049076,-0.049823700177006325,-0.019752605633654496,2.220446049250313e-16,0.0,0.0,0.0,-0.16962326150792273,6.386855355183796e-05,0.0,0.00011489199417552554,-0.0019978076051623272,0.0,0.0,-5.551115123125783e-17,-0.017413888730959726,-0.04187287233275078,-0.013213002414779518,0.0002201905590565323,-0.052248895393727623
-0.038393895943274026,-0.0018972782878452499,-0.03013221519464815,0.002607153682043506,-0.027686263184209525,-0.03454517138779151,-0.024940994026942498,-0.024620900401741475,-0.027243240693681725,-0.022157712239367022,-5.343511411953772e-05,-0.03466233526614143,-0.02427173947764316,-0.0017768365502836003,-0.07489212283871799,-0.04038113714500696,-0.011999994855090401,-0.025736358356938938,0.0002995442386554137,0.0,-0.04227970967805483,-0.038124341510893445,-0.11209665388351267,-0.0571904772591138,-0.01954888029833829,-0.03830813460574567,-0.044027494026368796,-0.015477436023829783,-0.04798981128923663,-0.0032209970728253046,-0.025327985557949906,-0.025356350352825074,-0.027654948031505255,-0.03269370023412088,-0.01812188886501742,-0.008223005578251119,-0.021655047273877792,0.022392864902356813,-0.027460531970149082,-0.017239206762261206,-0.01918649494183755,-0.01981825448232849,0.02339366177860769,0.0047906881819970715,-0.03235128669091536,0.004097562158861756,-0.009263232491076245,-0.02609933742414422,0.0,0.0,-0.010167306153053612,-0.012728919962371077,-0.02439838903170477,-0.005662062032357196,0.0005233950445576174,1.1102230246251565e-16,-0.021260422175575056,-0.00452889275902757,-1.1102230246251565e-16,-0.026240275740375407,0.011775356422148553,-1.958496703324819e-05,-0.02677239795135372,0.0,-0.023497890327959625,-0.028216770658846868,-0.016864400039133753,-0.024794224227833117,0.0,-0.015262836302696536,-0.023268598131558627,-0.021185311575201926,-0.011721529498512184,-0.013629649314794545,-0.014510272328548235,-0.023361806064613633
-0.02952641050358612,-0.019024916188505048,-0.04184269076433966,-0.00012871688202475973,-0.031942919678752624,-0.011271595814981994,-0.01729217944288558,-0.032919135474628936,-0.025884069381553243,-0.02981866880323747,-0.01365673124061395,-0.03803476695901098,-0.010791740410259099,-0.017815901251862776,-0.02949300491246254,-0.02540954626049613,-0.019095323577340062,-0.01991906928065118,-0.007479066265098699,-0.04227970967805483,0.0,-0.023201443611587103,-0.05490920961729978,-0.05990633005919255,-0.026805159844067727,-0.041156782741723685,-0.05120413191157097,-0.030174009110011002,-0.013320392741175247,-0.023293369515046736,-0.027976241864298534,-0.03442710892937079,-0.02424926853455467,-0.03491846915472829,-0.030490465783196308,-0.0006938248392889812,-0.019098359891309258,-0.047118078347954506,-0.04825797719559166,-0.03143577609523418,-0.046380941623378025,-0.05108252560705678,-0.03052137008130401,0.0,0.0,-0.06186675633630012,-0.05379084934767797,-0.004956143517198697,0.0,0.0,-0.010671024150150588,-0.01476051178812432,0.0031585918863404894,0.01137149183301256,-0.020078317255425415,0.0,0.004847777300108269,-0.0022451533609419982,5.551115123125783e-17,-0.020983854435713933,-0.027955929565572024,0.0,-0.01722971451018518,0.0,-0.03297008560099157,-0.053625956372511496,-0.03895687196858566,-0.03388903014813138,-0.004321100801825961,-0.027877801023549476,-0.0166392251844788,-0.0246732047480947,-0.03152492248644517,-0.02628662803616605,-0.04036475496081976,-0.045967866014211156
-0.036835185911381574,0.001870598667734702,-0.04118761621463973,-0.004282665834164923,-0.025955142402609765,-0.030780691005725114,-0.01920945998863316,-0.012075472162740686,-0.02963829098013898,-0.0052755712557017165,0.0024040663416054486,-0.03875688073559952,-0.016951789705168474,-0.005865101517553761,-0.06165552127959928,-0.028322674122535696,-0.004894715075905276,-0.02525655356897255,-0.017905893650422722,-0.038124341510893445,-0.023201443611587103,0.0,-0.032185400592542934,-0.036570656003301394,-0.023156035697175115,-0.02677757906092032,-0.03690045967321115,0.005448314641021079,-0.027501011617998006,-0.010319891394840353,-0.023698645039727684,-0.023126157179034545,-0.03203617480003418,-0.03022234987953276,-0.0181198987036581,-0.0011918108785449189,0.0044840467716869,0.013746523675100819,-0.013869421582803132,0.006893585299028615,-0.008677343076313626,-0.012230511180857384,-0.016982828449450205,-0.005076957569148333,-0.03691786503827382,-0.054495032183871195,-0.017897800111534523,-0.011632592418987342,5.191985109842534e-06,-4.5058829396871225e-05,-0.012330682971676,0.011817913015960024,-0.01447165250427368,-0.01572782769933534,-0.008100416256792309,0.0,-0.020424289981066546,-0.01293369317183185,0.0,-0.011983249340683011,-0.004347182193869703,-0.021080308704348127,-0.005999059423305364,0.0,-0.022477040293488626,-0.01970913964844534,-0.005513491855554442,-0.019406680401597765,-0.018715596491175934,-0.007998759849788095,-0.005491544267790471,-0.009184013567105354,0.0034712754457831285,-0.012615814750728205,0.018037225971434978,-0.003673998328705852
-0.041532990291473504,-0.026251518905638205,-0.07088267585096925,-0.03799842811366927,-0.04535473828318537,-0.049371713374544435,-0.04486102172577078,-0.03711470888222956,-0.05152235035478747,-0.04231104336834507,-0.049693225922123996,-0.045600398863046954,-0.036129780400257494,-0.03742338980629156,-0.06567928781361665,-0.021387368759644587,-0.024563523198230908,-0.021923311220980346,-0.0878003801226871,-0.11209665388351267,-0.05490920961729978,-0.032185400592542934,0.0,-0.06666546108217336,-0.034815815934356786,-0.04584732843680178,-0.07835432745427984,-0.03385815852415608,-0.03465308917676718,-0.02965718324472022,-0.022346521199467284,-0.037336669668886935,-0.04872855024068379,-0.035081708295765346,-0.027495589680539445,-0.03510362440836179,-0.028011278746299273,-0.040930683716333904,-0.024323224498886353,-0.015135474366471002,-0.016909270627059603,-0.01116872454111928,-0.021912215355040066,-0.07995208129179165,-0.06282706392412418,-0.02303667299690304,-0.021717241830244427,-0.021435031139801164,-0.03086985189781155,-0.003219027357022286,-0.019437396480551372,-0.004516282838264218,-0.019545516097830118,-0.025168120207319067,-0.024640943592328657,-0.0009021985811023536,-0.04463572553995715,-0.01015066050362512,0.007464088775676281,-0.03116403192747752,-0.002588976214260963,4.764259828021755e-05,-0.01385378581320501,0.012414132592725724,-0.03135516472214522,-0.03422998975666297,-0.028463257028684685,-0.0328527486706105,0.0001836050881021678,-0.028039514774002294,-0.025483035336688553,-0.023010541099980242,-0.017682964673637613,-0.01731912649597972,-0.019104271601329603,-0.02094416801520338
-0.05507290096242301,-0.018904132435187404,-0.01552979919287556,0.007487287724675162,-0.019488336104227455,-0.027206916257358826,-0.022371709206869816,-0.046367645970902926,-0.029035315242790127,-0.033896712664052975,-0.028795447850021083,-0.026109468742728348,-0.01878710379723414,-0.06317462375545657,-0.07682366144044211,-0.023467297303385704,-0.026652337440748797,-0.0566076427746533,-0.03804165042803109,-0.0571904772591138,-0.05990633005919255,-0.036570656003301394,-0.06666546108217336,0.0,-0.06332084249734066,-0.020305761811285794,-0.07429417924130638,-0.021454281264783992,-0.01229307151709369,0.004421903496427904,-0.026275878611367653,0.0024409450802782007,-0.008456589519618057,-0.005159022807663616,0.03583937339674298,-0.04004855931579454,-0.006865844803108367,-0.018828230031406268,0.0484300478148893,0.05064654218135467,0.03868410354066559,0.041313256567992396,0.006810226112777207,-0.003487431402828478,-0.024758093586574437,-0.08339644952476288,-0.02229963939538948,0.0,-5.551115123125783e-17,-0.00018817953497679563,-0.005013353760657424,-0.00016125143975681544,-1.6653345369377348e-16,0.0003352257199082387,-0.04644869085692799,0.0002466105683237019,-0.05809747718359187,-0.013947735739148759,0.0,-0.0006937618359728615,-0.01671621978919291,-0.012253817333582384,-0.03538063171518846,2.293204381420555e-05,-0.00039131610819176377,-0.022928156676570943,-0.021222485072791675,-0.0005833534212410507,-0.04867125224044261,-0.04724924593033464,-0.04735450465521046,-0.004500330983339518,-0.019767076300420572,0.0035637710375386322,0.0,-0.013353594386619372
-0.02984668964111442,-0.032378191374322185,-0.009246715513347492,0.000504401479721972,-0.02501720969869753,-0.016859628241438884,-0.019862594721124283,-0.03768644514877956,0.007373564904355645,-0.029786071144416726,-0.014827311740497284,-0.02117590300629235,-0.01924058610319329,-0.012818008546233606,-0.03722099807047646,-0.026239675112069982,-0.034280228291507675,-0.04208001236419989,-0.018339930342766264,-0.01954888029833829,-0.026805159844067727,-0.023156035697175115,-0.034815815934356786,-0.06332084249734066,0.0,-0.02270229071085761,-0.021985146389847887,-0.02104001283887047,-0.006735943517547138,-0.025396964632210084,-0.02949935021443484,-0.01403287150387994,-0.031395215361156636,-0.031045106144638512,-0.0011411978731415418,-0.09585273598839283,0.0022276288975967007,-0.024732816418739256,-0.006520276653525725,-0.000679953920373233,-0.011555907363431539,-0.004016554521130089,0.00859927721849918,-5.551115123125783e-17,-0.010417325185711201,-0.03955190187637925,-0.02125716297893493,5.551115123125783e-17,0.0,2.220446049250313e-16,-0.0025247146418961863,-0.01471067287943395,-0.032546468959142816,0.0004911656971902656,-0.019938813551701406,-0.00032245259074537014,-0.024911472836117166,-0.00756967091830435,0.0,0.0013461118709497955,-0.00048075091081983823,-0.009641334822562964,-0.02610882611670562,0.0,-0.0015514861818575754,-0.02372857361972308,-8.566705423007637e-05,-0.026366758300763793,-0.058554388599268814,-0.024133315384949172,-0.031245042503207032,-0.002110308839787245,-0.006219747607749071,-0.00021539279275067935,0.0,-0.014929166961737073
-0.03892429887648802,-0.015265241046195643,-0.033130515981673436,-0.014482139385087966,-0.013702308161502363,-0.017787819008403094,-0.01968904422476364,-0.04263240934259316,-0.005092883502659462,-0.010425761689179525,-0.01378047862808196,0.016855266728185103,-0.020372470858546876,-0.03786628408802023,-0.06101968310358885,-0.03282329733503225,-0.019271080733136103,-0.0397601422249631,-0.014836275675313593,-0.03830813460574567,-0.041156782741723685,-0.02677757906092032,-0.04584732843680178,-0.020305761811285794,-0.02270229071085761,0.0,-0.0462534840376459,-0.018220730332680957,-0.017269151239646174,-0.026473923631542218,-0.02577622673290736,-0.023674056639851115,-0.032566151869588555,-0.03180421834619812,-0.02534474275622961,-0.03699046461756411,-0.024565191663664054,-0.018517862326405066,-0.010356502958719316,-0.007151299323570448,-0.0018361113579509758,-0.005032138755014515,-0.020098027827776532,-3.890725636007675e-05,-0.0545723347353001,-0.04502957988215639,-0.02106134037075097,-0.012838344290273362,0.0,-4.146974197055675e-05,-0.023029888030232093,-0.01582726182373595,0.002775805644806173,-0.007567166501403877,-0.027163130115963496,0.0,-0.027863515256573712,-0.02021720900869617,0.0,-0.006031896949792115,-0.002259230860725603,-0.014029385399188521,-0.029143014106670306,0.0,-0.009042968902838733,-0.02140214806798052,-0.013571761970146867,-0.011076857376157101,-0.04386125192416829,-0.03069437092982147,-0.02279379969094153,-0.010569130036556074,-0.0175361369216665,-0.018554311226237352,-0.000425947260395132,-0.01086249208006873
