0.0,0.5369623847772235,0.2409525006578347,0.0,0.4952423277820656,0.19325373781021213,0.4699970238440828,-0.1313210009248963,0.16800708885758892,0.5754013099762207,0.2501658165486428,0.4822124623544042,0.5826821503247805,-0.15261037685354573,0.029914854787923634,0.7636239236686385,0.35003185606965054,0.6126240847428677,0.0,0.2914649370543929,-0.16133662842126478,0.3664837035824516,-0.17971444974067435,0.16072182911965213,0.6208781018771078,0.5090494898586122,0.05204885623952715,0.3009303496875726,0.300950990085608,0.49270514943898647,0.3883252102118385,0.5287110113457556,0.6083430640222289,0.28587783809328676,0.44500179822752617,0.6415262946092573,0.503060004298795,0.1876063835796269,0.26320913928327183,0.9732511961374737,0.5892736253852734,0.4285934879314568,0.5130194117994079,0.0,0.34175211299479563,0.41835987362801735,0.7568072079453492,0.0,0.0,0.0,0.3661845524883508,0.0,0.4431380737809998,0.0,0.37548515339980887,0.0,0.5907004164857903,0.617994799153339,0.0,0.6950830776718371,0.8287397679892892,0.7920865134881272,0.7430502923074529,0.0,0.3358414564887833,0.45523896345445447,0.5945626795931589,0.4619335383455681,0.42617653665392913,0.8035807487070272,0.6419654580350611,0.21258249772147828,0.44932637439119594,0.6660252844737202,0.0,0.5445386983008218
0.5369623847772235,0.0,0.35125925870253316,0.399213782713996,0.43635221095615206,0.5499562516669197,0.55291157618116,0.2557656221030575,0.49744022892210193,0.6375876483544928,0.34730034554993866,0.7686322759482613,0.5945638009809142,0.2812259232837689,0.26206000635918897,0.6486443660053907,0.7400685500073232,0.7143364797523647,0.4735881092573281,0.4696385801625115,0.22576458457729862,0.6631422616240413,0.2631364090321845,0.5516534289042894,0.5097344356518931,0.4501266391875876,0.46183677555413377,0.5011161194637266,0.46383003244514204,0.2586573191063938,0.5694562836159405,0.4844639044777359,0.5603798868701975,0.4821044011758625,0.61999608130004,0.48294838210861946,0.05587426659156916,0.0,0.659588324364659,0.8808655976244222,0.6177980796376048,0.8197980031666541,0.4969663348944201,0.0,0.0,0.8213286962590591,0.9297753608314281,0.03698463162078937,0.0,0.0,0.6182529001241717,0.5884169502768728,0.46240490847929205,0.2733813916992849,0.9379905124250909,0.0,0.7643923794020673,0.5583571042437641,0.0,0.4004262736999544,0.9339612189127451,0.5529795997936346,0.7233803962392746,0.0,0.6162835916839882,0.3029016368707612,0.7775772938086241,0.4143664558230485,0.4839889528945657,0.8826699591136329,0.7616866281237703,0.49007250439440797,0.437112224272338,0.6359354739457843,0.0,0.8025978311995746
0.2409525006578347,0.35125925870253316,0.0,0.4323114011136364,0.445996076045306,0.3551433685640276,0.4010479427987127,0.433808402681385,0.44073702989531544,0.5598844455476117,0.41835663288323816,0.49219788991767854,0.46664004250902685,0.3930319319276536,0.12265299739807672,0.3820031433549753,0.5700315688289136,0.4742951883999015,0.41660801505437584,0.28046515026941465,0.2115748792549659,0.3399841491720701,0.3449801586798161,0.45606273317056406,0.3947590894021711,0.48388332941692225,0.38934942507449494,0.5007525488081682,0.4484341781438562,0.41260473180460405,0.5419819446416043,0.44643107969129375,0.34902240426019476,0.5525289973002696,0.5956385156633579,0.4132900399526227,0.4100383469057819,0.49267993961784945,0.24345550136171462,0.47367402673280345,0.40591536406524376,0.24238998002425718,0.4635799810369233,0.4802449325599252,0.0,0.0,0.42987255655973444,0.20850240161950173,0.5100771501911481,0.2632586705835427,0.35177614167360743,0.41375581147848817,0.5565740150378385,0.4639705557747904,0.4604403050059326,0.28661054658103746,0.4938558388199703,0.3569658338048525,-0.07051766647820751,0.3997816646975992,0.0,0.0,0.0,0.22320290412897098,0.44077364321788615,0.5535034236101394,0.2879490500170582,0.4542305220592294,0.0,0.5868170410448637,0.36616157800975924,0.4280734742362208,0.2793313219249672,0.5023379228147371,0.5410712862549458,0.26538414858730214
0.0,0.399213782713996,0.4323114011136364,0.0,0.40681083989074585,0.33965928718034155,0.4169955474954062,0.5454164653735925,0.5402523905239727,0.3453122025755577,0.5411227298065011,0.3009017277440317,0.6006299651560008,0.3762862944263659,0.48233157973887675,0.29284443421273665,0.48524526890881226,0.5122447075728764,0.495049744675939,0.5076979518420517,0.5011614999000445,0.46813410997958327,0.08849447141849287,0.2876106614876468,0.8605362536201571,0.4923826188503051,0.29125729073780254,0.42761700283592113,0.37570515249173725,0.6009169825579603,0.7906385691134686,0.42891199728755064,0.12777680817069298,0.42246283201770496,0.42689161713877477,0.3477012149445974,0.1960363237579303,0.2946428513571451,0.4029333188226293,0.39486968305302345,0.2777220620968919,0.11361550315461322,0.4167915944688245,0.3377327899935232,0.0,0.0,0.0,0.46218924647425064,0.0,0.0,0.4191011244513822,0.0,0.48946397101965283,0.3282173509346854,0.0,-0.07998514561878806,0.5660925554871673,0.501316502414,0.0,0.0,0.0,0.0,0.0,0.0,0.0,0.0,0.5108146658295569,0.15033737526932137,0.0,0.0,0.0,0.029075035152094753,0.43330368092563754,0.6663972140949006,0.0,0.0
0.4952423277820656,0.43635221095615206,0.445996076045306,0.40681083989074585,0.0,0.2161925261760866,0.22343898572604057,0.38419302189956595,0.18382742333086113,0.7089672459442162,0.40988515996789787,0.7572152346024278,0.14892771158774007,0.4115496387412039,0.3397446063673977,0.7029615234192981,0.3134797016496889,0.24905160445890287,0.34428685278328935,0.5835254077121383,0.42891954903811635,0.612914392054174,0.1524423715419938,0.43763134511176327,0.49914281696321705,0.348596203739671,0.25588519116547526,0.5208083151341794,0.5080159523572527,0.46127352151587286,0.6066669901053505,0.3566023803245765,0.5076409417360745,0.5869556273346117,0.5326925233836285,0.3096114997677638,0.33919581229535234,0.6011777003695171,0.35838129738091185,0.7753771485764396,0.5590968790517976,0.5101470272732629,0.651974581768137,0.7906770780378358,0.3739061084340738,0.0,0.21390504125155296,0.4477797695971584,0.0,0.6158920626473605,0.29464323665938774,0.3886076208276128,0.33737302959125837,0.35212595558082443,0.0,0.2642105456009829,0.2542194989036276,0.3946306488016839,0.34732510495246915,0.3598383948155766,0.4843886681294828,0.0,0.0,0.6071262645977783,0.22180792228560178,0.5001690080808538,0.4531682040836472,0.33151016630407093,0.0,0.473841167407242,0.53750419951002,0.28036462907937043,0.2284252749648592,0.19341251827285505,0.0,0.38899184074780657
0.19325373781021213,0.5499562516669197,0.3551433685640276,0.33965928718034155,0.2161925261760866,0.0,0.29704694347724014,0.29516519852888023,0.31290695922989076,0.5802557399958752,0.32545534020056555,0.756945455365188,0.2405967258107587,0.2565849738710501,0.4722984637705539,0.6880784400967541,0.567812767169309,0.6172613995764594,0.5528655440928077,0.46458758865972194,0.36882580648686975,0.4754708202489306,0.28579078847826866,0.15509002188203605,0.564160195399593,0.5127326030703254,0.27935292725894173,0.41822104702655094,0.3219452332541588,0.51813714641802,0.530369225326435,0.24146084728250308,0.4962550568098115,0.46560523268423337,0.5865030871480299,0.28616968763366823,0.452576055322559,0.4981341969834789,0.14183871999745756,0.27419499928729074,0.21075174744314337,0.1644224378842572,0.3989087389112055,0.1879324444209926,0.14548828506863745,0.665848051999441,0.7201294372839865,0.3322280052513498,-0.054710410064701676,0.36111561246086776,0.2560557095484547,0.2793986357871807,0.36138631070834454,0.3028200457591492,0.3905949104196016,0.3684502279749922,0.2649341188622174,0.24688671305472554,0.4648064864167091,0.3237825927401083,0.7299472499310268,0.0,0.5461308550931578,0.33665289062178216,0.23319803642571363,0.2697495564498778,0.5479354148531563,0.25693080991815764,0.5489437025604063,0.5264707803110977,0.5421418506433361,0.25750795542656113,0.13339915711315495,0.28245677674204944,0.10851848122895871,0.15894758553364108
0.4699970238440828,0.55291157618116,0.4010479427987127,0.4169955474954062,0.22343898572604057,0.29704694347724014,0.0,0.21867804591186202,0.3543914274949709,0.617030384381593,0.504641542711942,0.713238412257528,0.27108028011580726,0.2159509759202541,0.4350983020221202,0.6455850439779711,0.6370385771525987,0.6024524503540436,0.49417018625739906,0.4981954032808264,0.30128241054460564,0.5998415184585061,0.24326434961184518,0.7147557702923529,0.5644254440700753,0.5929039124647266,0.226743248851027,0.5964097190132299,0.4120511816555777,0.4104910914433004,0.45611156117378954,0.48200147323758324,0.395817809599574,0.31212950840964093,0.2581391649231244,0.3296970155507046,0.4447998607812226,0.6609208700987435,0.33946314293501,0.8711240312263928,0.44646091506569685,0.712270881041738,0.39791979607252376,0.4886457108505354,0.3526427590951598,0.0,0.7612383863038614,0.3046380632491247,0.0,0.3879261030877319,0.2395012144864816,0.3261000431551426,0.2661646853208849,0.4031538764114765,0.6446176319517359,0.29841675150528807,0.5335845373392166,0.16747389570971932,0.344961309626521,0.06614564907221004,0.7012587700048101,0.0,0.6279823944353529,0.379592032512991,0.286988785380085,0.42192609289904703,0.5393320989740942,0.24644480875426425,0.5086989700679004,0.8412715349493309,0.6391165181713216,0.23128368988636944,0.1550098494867997,0.17426200612619663,0.5773147337839719,0.1305831513986676
-0.1313210009248963,0.2557656221030575,0.433808402681385,0.5454164653735925,0.38419302189956595,0.29516519852888023,0.21867804591186202,0.0,0.4610350704511883,0.5142327247362255,0.5507544174804999,0.45310835509049385,0.26483893819502136,0.5735772502290091,-0.02370222712309583,0.19429360697645137,0.3762235132921196,0.44899586123953306,0.4996191110001796,0.1481943987481273,0.43639529172083,0.23797170345956076,0.3508231388784354,0.02321691663427286,0.4976117352367256,0.29743809022281564,0.179122868594562,0.2731338965415604,0.3369798889429483,0.4093258553096312,0.22866223812813713,0.3415370489102011,0.47420027881062954,0.19706835589689548,0.20843830231732657,0.175086266231143,0.4448860124839049,0.25962703080501065,0.11669773175193537,0.2878594811631344,0.2838133793705663,0.43886652769393797,0.5188729642012551,0.3978449203851545,0.0,0.5215061634268252,0.07377382067937271,0.5702505075156137,0.0,0.598098850970936,0.41670181183148236,0.4022031079039945,0.39173427445101006,0.46570482615654085,0.7011153829772424,0.4581137581921717,0.9703597573892333,0.2701563345028448,0.44095861196088604,0.546896695941258,0.21536743931444002,0.0,0.6016254491762882,0.6664451087835388,0.3971209686548264,0.45805831510440354,0.2364609110279434,0.40159299975496743,0.0,0.17134707305430252,-0.04278256498339472,0.3729278949241618,0.1642815848441873,0.48817905699674163,0.45303065993033165,0.0023435410726087014
0.16800708885758892,0.49744022892210193,0.44073702989531544,0.5402523905239727,0.18382742333086113,0.31290695922989076,0.3543914274949709,0.4610350704511883,0.0,0.6864665895387776,0.28751472222678043,0.8339791770792331,0.41486548048050376,0.4522629491862481,0.3697986540585941,0.6438829466282308,0.5582008299397287,0.5096665953475698,0.28084426428544806,0.5449882344460077,0.29956635131553455,0.6694883721436362,0.37674014432967395,0.7203906965957518,0.5084832645506705,0.42266299062043344,0.34577848234011943,0.6125560529284564,0.5121925743757819,0.5085518741896473,0.6280250683580038,0.5148770797838034,0.5069409199245646,0.633245914988819,0.6329622220103446,0.5084931628233882,0.5597939572232298,0.6544605325659507,0.25329758568816796,1.0512513310905092,0.3598610396853926,0.2848703773896864,0.529001222009214,0.5128392810400535,0.27932204834263213,0.0,0.7391934985522838,0.539336129289897,0.4903015153174858,0.5909584803092014,0.3776323621373363,0.5103301160441447,0.35572494073816974,0.40847775135639075,0.3027250370012038,0.3513468740866399,0.22958931664588914,0.28475596821121274,0.49399439423751745,0.40226501352393174,0.8354228822092558,0.0,0.0,0.48045094855723824,0.3283203844631845,0.6661803876118125,0.5291700648991375,0.38702356373388525,0.4518809703912058,0.9016252171016861,0.34640214760129473,0.33877190403820734,0.21412558597868708,0.287139214420147,0.26185776220280205,0.40381784262949805
0.5754013099762207,0.6375876483544928,0.5598844455476117,0.3453122025755577,0.7089672459442162,0.5802557399958752,0.617030384381593,0.5142327247362255,0.6864665895387776,0.0,0.7295077559073218,0.4991594506238788,0.7242117183645408,0.4704791703329137,0.4659646370708226,0.5157722060435755,0.4915218178933577,0.5119067301451372,0.6837042322690072,0.48234381115888236,0.5287403933021736,0.48591443487036406,0.3220406856676154,0.5419951611638004,0.6681643237249306,0.6567815677486013,0.39898014773216117,0.7885401695839929,0.604471858069658,0.3495302380534682,0.6502671439782861,0.617571274187922,0.5781647598044617,0.7041756969788555,0.6734916453452725,0.15527886201860086,0.3239036154026605,0.5155017067306098,0.5146864654933259,0.6880293115231982,0.7019207890639851,0.35210295958799154,0.3898873708559082,0.35071665394592777,0.5396422665302171,0.6131810063689255,0.4211807669113809,0.3931070880300515,0.48747327394839934,0.49842808597305965,0.2991530587642582,0.5409113039391515,0.6013941153224027,0.24106596838890454,0.7254007930790304,0.5166819992475499,0.750149749788953,0.6489133517244564,0.0,0.6661582322373574,0.9185247928928306,0.7414776303486832,0.7115031054616876,0.48769286372380516,0.5095373571369812,0.6180814396311806,0.42906140237874624,0.2905442956554808,0.4044373491967162,0.7806688970504967,0.734448561147337,0.40872832576520446,0.6383617526297959,0.2451792438367536,0.0,0.7341233708122304
0.2501658165486428,0.34730034554993866,0.41835663288323816,0.5411227298065011,0.40988515996789787,0.32545534020056555,0.504641542711942,0.5507544174804999,0.28751472222678043,0.7295077559073218,0.0,0.7663512903968398,0.5849353670767675,0.5556803060870923,0.0,0.5079674564440925,0.49024347177810884,0.6240182128362566,0.3041575270820442,0.4841792321027331,0.3127437406139186,0.19070560372796547,0.41330525891988945,0.8189140849534369,0.559686325150359,0.5989583027680188,0.466052971149904,0.6709072876534256,0.3156915697603958,0.48262254120224946,0.6538825370692524,0.3330973368064922,0.6531111934404135,0.6788926161323601,0.5806630986107248,0.5634427115362445,0.6729270966708374,0.6743067356341503,0.3773063988185834,0.3817411312319238,0.5118254328504601,0.3280060680688557,0.2875965697882329,0.21056568709459939,0.16457746620364092,0.0,0.0,0.4526627830971473,0.47451153142488534,0.26018733362294916,0.3171087004315102,0.3410834863371982,-0.0773003140778673,0.5302252653461678,0.23274217085775672,0.2346388783391303,0.29086044890905666,0.27154700970505186,0.014344409070101427,0.0,0.0,0.0,0.0,0.18318136362830834,0.29808588971525074,0.0,0.5817332865141001,0.37167568079379987,0.0,0.0,0.947401220993587,0.43669667848733296,0.17528883746797685,0.20056458848010583,0.0,0.5042276686980139
0.4822124623544042,0.7686322759482613,0.49219788991767854,0.3009017277440317,0.7572152346024278,0.756945455365188,0.713238412257528,0.45310835509049385,0.8339791770792331,0.4991594506238788,0.7663512903968398,0.0,0.8280212580825018,0.4066956860119829,0.5350173609495875,0.8411166374157703,0.7105909956589743,0.7744110483134438,0.8318781757211637,0.4484810807615181,0.40269452695573593,0.48102929536508854,0.35795194938492925,0.48372575758602043,0.7063344770632674,0.5003484895659563,0.6012736149057487,0.9467399348632806,0.39643607762030564,0.17594663671136135,0.7450360548664268,0.9749357576366444,0.759863187470776,0.888220288917627,0.7932915644773748,0.4377541195614602,0.5376322890063479,0.34849545202915494,0.38569362075905006,0.6997522747394032,0.8412085071505622,0.4737185430765579,0.29509888655152705,0.37200868329868286,0.6517633429255957,0.5092247669216906,0.4917640990233162,0.24712683088476137,0.319283839043945,0.28520429721286045,0.26867453433189864,0.4069650062034924,0.37031986616608303,0.3297805358845764,0.816844391707582,0.33135308949775966,0.7883962488584546,0.8359410631108048,0.5633692836586515,0.5691636481085038,0.8548246499588296,0.782207267725896,0.8274210953516883,0.30245714922326705,0.7521094114775446,0.8476515640944086,0.4296679596754036,0.4635606863760827,0.4975178487741784,0.8190079632004403,0.7072493197804386,0.16129970313147243,0.8852264559059272,0.41202479009036275,0.0,0.8476661713943289
0.5826821503247805,0.5945638009809142,0.46664004250902685,0.6006299651560008,0.14892771158774007,0.2405967258107587,0.27108028011580726,0.26483893819502136,0.41486548048050376,0.7242117183645408,0.5849353670767675,0.8280212580825018,0.0,0.3438467777838159,0.11294916091481777,0.6736135271190942,0.6199121166297163,0.677380613615685,0.5656149510238303,0.5382848314173392,0.30669016074904254,0.5865760661888026,0.30109407663622745,0.5905679119853606,0.6598239741153518,0.5972305918813736,0.27859905987961525,0.33517165412007255,0.4179473714818655,0.44442699134967556,0.3406864618838165,0.5502006848476096,0.5091469873012213,0.42475341885830376,0.4912647753226248,0.5670660708515389,0.6865599002991466,0.6712487420554154,0.24117716646992535,0.7060825264051747,0.4949805174913645,0.47200098496543164,0.36329825451116515,0.44818072032082806,0.31015206057051353,0.9862112714371973,0.8666217513889038,0.4249059532190975,0.0,0.42140491986022244,0.27430983209423154,0.3140174052972484,0.3418224233068613,0.4394273624696969,0.6624074185014238,0.3603240955632399,0.30490941262919813,0.27751311945474677,0.49146257607533245,0.2993155033355934,0.7465583191219501,0.3877456396214481,0.6497100120845641,0.455557119359581,0.2484979522543013,0.38834889236909365,0.6216312300812501,0.2649530147380609,0.7422780098405263,0.7526128510611079,0.6829258175969584,0.294218527110622,0.2559629733222671,0.2449873494754546,0.23363778729328155,0.2228838232872471
-0.15261037685354573,0.2812259232837689,0.3930319319276536,0.3762862944263659,0.4115496387412039,0.2565849738710501,0.2159509759202541,0.5735772502290091,0.4522629491862481,0.4704791703329137,0.5556803060870923,0.4066956860119829,0.3438467777838159,0.0,0.3181901908243513,0.5681435241531363,0.49261150068303555,0.5001022938277964,0.4734649410306906,0.421990962097485,0.32751309190856925,0.2087651395443808,0.2876752354516361,0.5295016321563166,0.375924054476332,0.24788256010084408,0.12626516576300995,0.02151430966021939,0.12086395438189226,0.477673232605033,0.5591446514628897,0.22515965078008357,0.35461009927193377,0.5502610175285498,0.32812032496401844,0.3848437346812641,0.16378058752842506,0.4254032941803825,0.49647180318722295,0.0,0.6395202052197044,0.693590838713698,0.597251689133568,0.5096472009754685,0.0,0.0,0.0,0.3683213319243541,0.0,0.34178610936729525,0.2962684706592623,0.4267709329888808,0.39262830406001215,0.37876130631630744,0.0,0.25163707681776964,0.3875697703769206,0.5549398181428298,0.20956681170593439,0.0,0.0,0.0,0.0,0.3990749507495549,0.0,0.0,0.0,0.4560804418121005,0.0,0.0,0.0,0.26877228830113953,0.4352984811155837,0.0,0.0,0.0
0.029914854787923634,0.26206000635918897,0.12265299739807672,0.48233157973887675,0.3397446063673977,0.4722984637705539,0.4350983020221202,-0.02370222712309583,0.3697986540585941,0.4659646370708226,0.0,0.5350173609495875,0.11294916091481777,0.3181901908243513,0.0,0.4695438972905469,0.40289296438336397,0.46993755712685076,0.0,0.5189830730356544,0.38060929169959234,0.17645596953860815,0.5036598678527756,0.2880699858517939,0.4414262174756489,-0.09654462851720147,0.4152499983784139,0.11676600590444339,0.3304805763899116,0.24993992013668218,0.36616617989386596,0.12371924490336159,0.50040047532641,0.2857504969689633,0.35495295134839955,0.45980433276114263,0.17648107507201044,0.38257872417281136,0.07851098798743211,0.7601153073304991,0.5021098053185996,0.47675749911851933,0.5307383649384159,0.6570145763986004,0.0,0.6810433761828417,0.6047192667981192,0.19223133358763725,0.0,0.0,0.41109920891662377,0.5171908233478356,0.207482764617467,0.40355231800209823,0.0,0.0,0.6437025575821728,0.13364395200530177,0.4890933928114614,0.7178428397149552,0.6390988544838917,0.5890979832639697,0.9568613088560132,0.0,0.7332038023363496,0.43896578332717173,0.7218473824280766,0.5659854134089459,0.5068280798082718,0.7625046525959417,0.4927365620594255,0.3377982997370931,0.06710513204515178,0.33956363069158035,0.21984188207891242,0.45418821111462715
0.7636239236686385,0.6486443660053907,0.3820031433549753,0.29284443421273665,0.7029615234192981,0.6880784400967541,0.6455850439779711,0.19429360697645137,0.6438829466282308,0.5157722060435755,0.5079674564440925,0.8411166374157703,0.6736135271190942,0.5681435241531363,0.4695438972905469,0.0,0.5563304357641136,0.5116978425313914,0.4652764744418524,0.4620744682871144,0.39701127980690765,0.27775620728786965,0.27680793494325273,0.8046348609996667,0.7636474240322835,0.6234997227423905,0.414702914166885,0.5205132000655514,0.6554004486634508,0.3680511005747458,0.7150513859702652,0.5132506415640473,0.47082804686204693,0.3606764958636518,0.7056809477958568,0.7107311442247963,0.221707921147432,0.3759163253241623,0.4428955290101535,0.7497446222103696,0.762828096736931,0.7177352972865816,0.5112116074594525,0.0,0.0,0.7658964264709214,0.9673839973516415,0.0,0.0,0.0,0.6108461775183069,0.4248887581321593,0.7111622399765313,0.0,0.8086069681491865,0.0,0.7307858564512137,0.4910867723544746,0.0,0.681411700608537,0.944288022378093,0.7622060527999094,0.8867598473505692,0.0,0.6227722979153285,0.5610246300305165,0.7344789364983106,0.4471927898153881,0.6176893167536408,0.9761950098122663,0.8640330253770849,0.4814066867108333,0.2683060896635403,0.697686458258824,0.0,0.7470083103064002
0.35003185606965054,0.7400685500073232,0.5700315688289136,0.48524526890881226,0.3134797016496889,0.567812767169309,0.6370385771525987,0.3762235132921196,0.5582008299397287,0.4915218178933577,0.49024347177810884,0.7105909956589743,0.6199121166297163,0.49261150068303555,0.40289296438336397,0.5563304357641136,0.0,0.645570425752143,0.5821799483388219,0.45734755522330883,0.3408855742371064,0.648949239349192,0.3480119740570498,0.7191583002160515,0.5592641857154164,0.5967674807289091,0.4408612236399983,0.7728876333857526,0.5238619118312616,0.2673663189783413,0.6353120562217964,0.4944969605934493,0.5101196360809738,0.480773227128259,0.5161768968181943,0.5849824595583797,0.39195071541104254,0.45237806109742024,0.23661130995734964,0.5077900631939366,0.5513761372366748,0.526641342473622,0.0,0.0,0.3702454237830225,0.878652891505239,0.9432064591201005,0.0,0.0,0.0,0.0,0.0,0.0,0.0,0.7577864138204875,0.0,0.6962449691700197,0.32990587462338494,0.0,0.5746408187161136,0.7509116287857347,0.8551517965253121,0.8053688261890848,0.0,0.0,0.0,0.5640961970423133,0.0,0.7728820729572689,0.8795770750656158,0.8582437983513871,0.0,0.25737889459464613,0.48468754374303324,0.0,0.7862384101020696
0.6126240847428677,0.7143364797523647,0.4742951883999015,0.5122447075728764,0.24905160445890287,0.6172613995764594,0.6024524503540436,0.44899586123953306,0.5096665953475698,0.5119067301451372,0.6240182128362566,0.7744110483134438,0.677380613615685,0.5001022938277964,0.46993755712685076,0.5116978425313914,0.645570425752143,0.0,0.4295808160206839,0.519085986838359,0.4874476618351864,0.5264828924106992,0.3359131585879051,0.6641412029153595,0.5912886369115865,0.5601042295054204,0.4498379080684941,0.4273792691900711,0.5572827869147328,0.3332415372276363,0.5374614089659883,0.5145778273680746,0.5961872139353694,0.48713094674029545,0.5251264513279503,0.5547363910674813,0.4251934546313765,0.40563326444247516,0.6216554375160979,0.7060149254758598,0.7032513821244487,0.8107409893024837,0.0,0.0,0.5204900869207154,0.8180013430536254,0.9647492549698373,0.0,0.0,0.0,0.743256629650183,0.523306892127062,0.5944460892110428,0.0,0.7944826983337349,0.0,0.7776727843047275,0.588418429227312,0.0,0.54508304299238,0.9578505174409192,0.8563533280509072,0.8926850845328456,0.0,0.7845922215947742,0.4623428902708677,0.8168821441263234,0.7413241477175507,0.8262506366203339,0.9001477171125647,0.9084112021903714,0.6751722565474976,0.8120024236351118,0.7158958438092482,0.0,0.9210557040614146
0.0,0.4735881092573281,0.41660801505437584,0.495049744675939,0.34428685278328935,0.5528655440928077,0.49417018625739906,0.4996191110001796,0.28084426428544806,0.6837042322690072,0.3041575270820442,0.8318781757211637,0.5656149510238303,0.4734649410306906,0.0,0.4652764744418524,0.5821799483388219,0.4295808160206839,0.0,0.49730857878685975,-0.05787168167367163,0.45472440902994093,0.30070353249187776,0.7644142730695295,0.486966271101977,0.4996487912137273,0.6223603794030541,0.661431254137028,0.4816454489082084,0.5497195891523132,0.637784715584153,0.5107237500103932,0.5750219779584114,0.6073294738741137,0.5527558920963104,0.5229333187498331,0.47669229432893934,0.4943841664226697,0.43564281970333807,0.4472725825566002,0.1529005161939121,0.26517838011096595,0.7062744980659525,0.35788688249563005,0.013822108473125665,0.0,0.0,0.6526018449357351,0.0,0.49300124714972393,0.25125895974903223,0.3679569056151624,0.5797651826174425,0.45353427024598364,0.6030724937748808,0.146104336334661,0.29637952352758173,0.22440232854260217,0.30205507751177696,0.0,0.0,0.0,0.0,0.6489741505558386,0.47505663058994696,0.0,0.4837866831216506,0.46709303387876583,0.0,0.0,0.0,0.3673520616079631,0.3827937389340539,0.11228535607277884,0.4882613050480537,0.4687482516141768
0.2914649370543929,0.4696385801625115,0.28046515026941465,0.5076979518420517,0.5835254077121383,0.46458758865972194,0.4981954032808264,0.1481943987481273,0.5449882344460077,0.48234381115888236,0.4841792321027331,0.4484810807615181,0.5382848314173392,0.421990962097485,0.5189830730356544,0.4620744682871144,0.45734755522330883,0.519085986838359,0.49730857878685975,0.0,0.3261370564132724,0.31580970941652525,0.3070422909475269,0.3274786236174083,0.682190705032509,0.4724097591677941,0.35337149885803965,0.5381222262358047,0.38188615404369697,0.5673860158119812,0.4123341085841724,0.16828767585955628,0.3212015049618724,0.3113005185315389,0.3982432938387474,0.5370259420261234,0.14356081541148719,0.5467558672394215,-0.01216176885562259,0.5481260877347871,0.4705580836601127,0.16178722169657817,0.26811051391765106,0.27451662317747144,0.3400368007997526,0.5868319010955605,0.7374641190589345,0.46095003460634326,0.0,0.0,0.283252569191029,0.3077526706691921,0.25707432987337475,0.471131789380667,0.8488651214329795,0.0,0.4249593589959807,0.18895450579778617,0.0,0.5740457632318667,0.5912764410957315,0.5116890149391442,0.4714552637150788,0.0,0.3289117453970881,0.445223143068639,0.5732891497732475,0.20371873655245404,0.0,0.5597243112643331,0.6334548426294193,0.12249336395799626,0.06580298605331136,0.28224297079960803,0.08255701498094836,0.30952152987213577
-0.16133662842126478,0.22576458457729862,0.2115748792549659,0.5011614999000445,0.42891954903811635,0.36882580648686975,0.30128241054460564,0.43639529172083,0.29956635131553455,0.5287403933021736,0.3127437406139186,0.40269452695573593,0.30669016074904254,0.32751309190856925,0.38060929169959234,0.39701127980690765,0.3408855742371064,0.4874476618351864,-0.05787168167367163,0.3261370564132724,0.0,0.2737375816701044,0.29880411158272907,0.028744416351358104,0.44150466207434264,0.23983726624780902,0.27124107483550036,0.1372953151147102,0.1710513193483541,0.28096949750075656,0.11994830474714163,-0.004862305886019963,0.2243829121359461,0.03309970346877705,0.3414884891492108,0.38814955807526164,0.2806253670088442,0.32738123995239043,-0.06387762052375179,0.6710049947279224,0.29817073150188267,0.3131248545822942,0.4526931886982308,0.0,0.0,0.10828175995526268,0.5976967979147948,0.47743526298616124,0.0,0.0,0.32878881002401716,0.3140761351263552,0.5957184266039937,0.3907637258175518,0.5632862709770113,0.0,0.8914659516524812,0.24598708042802092,0.0,0.5497926587952842,0.6721253252293682,0.0,0.5183136872645056,0.0,0.36464082414261645,0.3525667797589384,0.5500310366426584,0.25539220620915815,0.5354224729934004,0.5601340814038865,0.5217361979156081,0.1876285493876984,0.0017753869200823336,0.29609382792312555,-0.060039518453119806,0.15193575051770858
0.3664837035824516,0.6631422616240413,0.3399841491720701,0.46813410997958327,0.612914392054174,0.4754708202489306,0.5998415184585061,0.23797170345956076,0.6694883721436362,0.48591443487036406,0.19070560372796547,0.48102929536508854,0.5865760661888026,0.2087651395443808,0.17645596953860815,0.27775620728786965,0.648949239349192,0.5264828924106992,0.45472440902994093,0.31580970941652525,0.2737375816701044,0.0,0.40340329481300286,0.5776711504454674,0.7324719101771516,0.4052912590729689,0.1864203857460421,0.5644092544279726,0.4587757952801139,0.6181571368989787,0.4904512091963848,0.26828119388913796,0.40803953669036186,0.2891145392592633,0.3979381593904325,0.4766545038534535,0.3254358028375316,0.39603590584886994,0.032622382232950525,0.6140146031374091,0.5536759031384192,0.3061700209637723,0.5351094028669529,0.3062150565644738,0.3941139502412405,0.5492240018505081,0.7151600297807329,0.5493219363089041,0.4927307453024981,0.4002138368593016,0.5735527625103647,0.5561235886300396,0.36221068270814216,0.4236989362796305,0.6700130660676633,0.0,0.2486270462067711,0.4991796422296466,0.0,0.6166775673156772,0.6928926746206017,0.4285632899287662,0.34648509221701684,0.0,0.47561644894608723,0.34880119104363666,0.5946782347587879,0.3960176119302597,0.5494189239956576,0.6992092033556468,0.5605179211813082,0.37627151701085465,0.2161648224951383,0.4996483922469881,0.36318075857023857,0.6012980211700801
-0.17971444974067435,0.2631364090321845,0.3449801586798161,0.08849447141849287,0.1524423715419938,0.28579078847826866,0.24326434961184518,0.3508231388784354,0.37674014432967395,0.3220406856676154,0.41330525891988945,0.35795194938492925,0.30109407663622745,0.2876752354516361,0.5036598678527756,0.27680793494325273,0.3480119740570498,0.3359131585879051,0.30070353249187776,0.3070422909475269,0.29880411158272907,0.40340329481300286,0.0,-0.06108454533648733,0.39206794273717527,0.2721238910753929,0.2995450168679791,0.2323522557932719,0.2748272719166611,0.321347269959595,0.33566222622304076,0.14085489405726193,0.30774817206215543,0.2675389388561128,0.3413552788148492,0.28365523170132306,0.2706340324550493,0.25971373827669986,0.06069988923273473,0.36961630380774213,0.08547048222879966,0.13643533495583404,0.45954373173803986,0.2546895171766591,0.42706181299622215,0.4509800552269059,0.44043644969587115,0.6431970010117962,0.23274397654879767,0.44483958471126905,0.254854401140551,0.26988036134956583,0.32555379440761095,0.403981351256242,0.44932313757628345,0.39255959074421926,0.21964421555169555,0.21188745740078102,0.5749834174526959,0.36369709128589556,0.4946303933156576,0.5095373571369812,0.4813900904623321,0.6546762133899666,0.20239757362773542,0.3526403180439339,0.3729543547896047,0.47086036336070125,0.34968909808284976,0.4608279047602166,0.21072680073857372,0.20322309447376488,0.09609007223404067,0.2584338534276873,0.14825388985916416,0.1603049612117347
0.16072182911965213,0.5516534289042894,0.45606273317056406,0.2876106614876468,0.43763134511176327,0.15509002188203605,0.7147557702923529,0.02321691663427286,0.7203906965957518,0.5419951611638004,0.8189140849534369,0.48372575758602043,0.5905679119853606,0.5295016321563166,0.2880699858517939,0.8046348609996667,0.7191583002160515,0.6641412029153595,0.7644142730695295,0.3274786236174083,0.028744416351358104,0.5776711504454674,-0.06108454533648733,0.0,0.7062293290713832,0.3680316968377426,-0.03548966586945984,0.7533558107110236,0.3190242132662822,0.7320968432002288,0.8205565743944493,0.7018165990201601,0.7654004140231438,0.4650668742443378,0.4265839578442947,0.5148540816744036,0.38333396195917924,0.519075356182396,0.8646401001735724,0.86616054789094,0.5510949738555178,0.5772938962545966,0.667666456787219,0.36438506352995514,0.5527324987498254,0.5111837132130883,0.5746397348961207,0.0,0.0,0.515443284068545,0.484604576447483,0.4261097127267119,0.0,0.338964694201288,0.7403166729118711,0.5373915849524722,0.7523558212734685,0.41432134535202636,0.0,0.3599596646880132,0.7267448776419247,0.7461824823538974,0.6948330939449753,0.5118553953316349,0.44734873987465323,0.8039489805954441,0.36712853907917464,0.687840441608881,0.49054980840132456,0.7621956712791087,0.6816630341870338,0.3788631799791762,0.6552340129902203,0.5467395909948434,0.0,0.6233365495816536
0.6208781018771078,0.5097344356518931,0.3947590894021711,0.8605362536201571,0.49914281696321705,0.564160195399593,0.5644254440700753,0.4976117352367256,0.5084832645506705,0.6681643237249306,0.559686325150359,0.7063344770632674,0.6598239741153518,0.375924054476332,0.4414262174756489,0.7636474240322835,0.5592641857154164,0.5912886369115865,0.486966271101977,0.682190705032509,0.44150466207434264,0.7324719101771516,0.39206794273717527,0.7062293290713832,0.0,0.38403166018608503,0.5304893145156605,0.4457491675776055,0.5059811341627386,0.3177949900293599,0.5614548325930517,0.3469864607934756,0.5759419423414401,0.4380255298949087,0.6130644979790354,0.32875499914698336,0.6339945312787061,0.5314879570738278,0.8226463561243993,0.7957999567449174,0.8107317476176283,0.8485364668370599,0.2881487586825253,0.0,0.37854286571056867,0.8285296456793133,1.0660566760106593,0.0,0.0,0.0,0.7251084796162823,0.40721318911777227,0.6944601530025145,0.09999182091206979,0.8106698978403297,0.47794571321826007,0.8266000784007488,0.45437072812611223,0.0,0.6928861114312852,0.9777034942009648,0.8589872212807075,0.9450995776991142,0.0,0.9205452203345998,0.705163143764052,0.9691322335931827,0.4643958813486674,0.824082231980819,0.9716379938341065,0.9041257398834842,0.5653464661416279,0.6357046381665077,0.7154131021714929,0.0,0.9338005279335573
0.5090494898586122,0.4501266391875876,0.48388332941692225,0.4923826188503051,0.348596203739671,0.5127326030703254,0.5929039124647266,0.29743809022281564,0.42266299062043344,0.6567815677486013,0.5989583027680188,0.5003484895659563,0.5972305918813736,0.24788256010084408,-0.09654462851720147,0.6234997227423905,0.5967674807289091,0.5601042295054204,0.4996487912137273,0.4724097591677941,0.23983726624780902,0.4052912590729689,0.2721238910753929,0.3680316968377426,0.38403166018608503,0.0,0.45563596347765933,0.5072962451803782,0.5235528558825027,0.2813866279169338,0.4531028714256346,0.35654515732274134,0.590862772481347,0.4013365631908155,0.4493708193076493,0.2670132867125449,0.3065374552323423,0.5360536773145033,0.3109284294024195,0.766285200615076,0.708576783019047,0.4970004553851713,0.07494313622054216,0.5225187193348214,0.5021155327634786,0.5669658960445928,0.805939817398343,0.6744392495542062,0.0,0.006606489939708445,0.5617098367842226,0.39675138054356773,0.4264619860264423,0.48462684336408157,0.8183879196565288,0.0,0.8403297963624411,0.5533579523257705,0.0,0.4189257517967645,0.8770597642148305,0.8613028434753163,0.8424446422605661,0.0,0.5353908881192859,0.17437947465414827,0.6366155255863767,0.3248635255854074,0.6621359939345777,0.8917762433818648,0.6887372435610222,0.38657115864396724,0.623198912757103,0.6571664019322838,0.47661413651893586,0.7803328579427187
0.05204885623952715,0.46183677555413377,0.38934942507449494,0.29125729073780254,0.25588519116547526,0.27935292725894173,0.226743248851027,0.179122868594562,0.34577848234011943,0.39898014773216117,0.466052971149904,0.6012736149057487,0.27859905987961525,0.12626516576300995,0.4152499983784139,0.414702914166885,0.4408612236399983,0.4498379080684941,0.6223603794030541,0.35337149885803965,0.27124107483550036,0.1864203857460421,0.2995450168679791,-0.03548966586945984,0.5304893145156605,0.45563596347765933,0.0,0.3116747769236392,0.24040558724849484,0.4323666385201705,0.1726216648131707,0.16029448512944983,0.22068592845674806,0.24486359738068325,0.33591115478852585,0.07916514703012817,0.37835758936894803,0.36045003068280645,-0.014745156363288103,0.005588230667849081,0.05264424912034854,0.027445864298207057,0.2881289084913441,0.21607302043229507,0.2812417102403296,0.2830709219262995,0.4490207049058447,0.42578000648808534,0.39395004310403436,0.6020277668179467,0.2281874526726333,0.2797257294600968,0.20181237700988575,0.37021621443264086,0.5302274650059293,0.25168068705695446,0.23264537030343752,0.2284833239112496,0.5896379760136192,0.29526288941686557,0.48042540612952134,0.0,0.20401529010208136,0.5380429448860486,0.19500185499935163,0.2863160091495147,0.3756830534958193,0.17012033855045594,0.0,0.36468467793837755,0.42067739299457313,0.1960495480072464,0.06795070001231257,0.18017811091620944,-0.005379684649537697,0.1048751623800161
0.3009303496875726,0.5011161194637266,0.5007525488081682,0.42761700283592113,0.5208083151341794,0.41822104702655094,0.5964097190132299,0.2731338965415604,0.6125560529284564,0.7885401695839929,0.6709072876534256,0.9467399348632806,0.33517165412007255,0.02151430966021939,0.11676600590444339,0.5205132000655514,0.7728876333857526,0.4273792691900711,0.661431254137028,0.5381222262358047,0.1372953151147102,0.5644092544279726,0.2323522557932719,0.7533558107110236,0.4457491675776055,0.5072962451803782,0.3116747769236392,0.0,0.36331898916010213,0.46037586142306086,0.4577419984897473,0.4617323790803944,0.447303250435079,0.29564890574352487,0.5578180930433269,0.5321326958889048,0.49623323568671784,0.7442121697332309,0.14708677750955934,0.6074755613377025,0.4637983010424345,0.3813166274746665,0.4826800901129653,0.43070643509802,0.6731626433097517,0.5164691604909131,0.7772530642753013,0.4370573580478979,0.0,0.5190804507291003,0.2535555007494225,0.37155389418229345,0.3378634246491263,0.31021968572799524,0.7034206136582748,0.4776453741180478,0.6733308182104986,0.2552947620299796,0.44188285219674994,0.2753675195761751,0.48548292835415574,0.34065162926821646,0.6704838358989753,0.6704179808944378,0.21582893069818257,0.33015748714984305,0.33118804014622183,0.24542087780659147,0.44620642149012135,0.7070177435329565,0.47245168547853134,0.2273850864557576,0.1417151524041004,0.16532924228944784,-0.01485422727177671,0.20261601488950862
0.300950990085608,0.46383003244514204,0.4484341781438562,0.37570515249173725,0.5080159523572527,0.3219452332541588,0.4120511816555777,0.3369798889429483,0.5121925743757819,0.604471858069658,0.3156915697603958,0.39643607762030564,0.4179473714818655,0.12086395438189226,0.3304805763899116,0.6554004486634508,0.5238619118312616,0.5572827869147328,0.4816454489082084,0.38188615404369697,0.1710513193483541,0.4587757952801139,0.2748272719166611,0.3190242132662822,0.5059811341627386,0.5235528558825027,0.24040558724849484,0.36331898916010213,0.0,0.5102462355761795,0.5312532043344704,0.22995507282710317,0.3436105553268497,0.46909753865073267,0.4948428590642628,0.38608210623463246,0.4966110209135807,0.5089621573424994,-0.0740697544641215,0.38752909290189885,0.18820990591174472,0.2290728674936774,0.14376025468152956,0.07547434505310452,0.4358627913233043,0.35991183498515666,0.5330621182067473,0.47767282690501656,0.5098312025276172,0.27492902187162194,0.2919541533073319,0.2893721070236662,0.5322507890709232,0.015441443676131594,0.520778920696674,0.1281235668572263,0.4878011304493158,0.20120745005098672,0.5734514274274886,0.4330780674381137,0.5888340008250914,0.4879318452096548,0.5723524511252913,0.3620030834280512,0.2920351163755633,0.3647779397036869,0.5314788400249462,0.2536696708052909,0.47806065162213707,0.6839580097422695,0.47450933008323165,0.2230008238121365,0.08971924285174238,0.24247630947454507,0.08652885338324534,0.1524632722531325
