0.0,-0.015974865791112625,-0.023829172247967656,0.0,-0.006882440697506376,-0.05479995815319744,-0.008433896945499897,-0.09230776611105268,-0.051806130114189775,-0.0009752736113842198,-0.023523676671453886,-0.017705141315336625,-0.011375585079578032,-0.08470024379483426,-0.06525237755567131,-0.0007820206051361023,-0.01257724511208852,-0.002883657400647055,0.0,-0.0486049079823207,-0.098769833425225,-0.03079097219632837,-0.10841920346550393,-0.0673967466562953,0.014031534683924318,-0.021393589350536923,-0.07789565685290933,-0.04599967112508646,-0.04403062848619149,-0.011963803526993388,-0.027592727059121913,-0.022231265027284786,0.005850380536746469,-0.024409531151352026,-0.003389735223867707,-0.010478478351531206,0.00046110253614928265,-0.05786653341368592,-0.03352893032793908,0.043237971417791676,0.007104012998494225,-0.020885775596973133,4.600989929826049e-06,0.0,-0.011544941715055324,-0.03900835295737565,0.013960666886696782,0.0,0.0,0.0,-0.018201336759527897,1.1102230246251565e-16,-0.03170465833667341,0.0,-0.025394519373748536,0.0,-0.008973204244154542,-0.006214524673142041,0.0,0.010957752294285583,0.023175195247151115,0.04342480896399642,0.021993612180792432,0.0,-0.02425500437135003,-0.027266342564904955,-0.006745736270203306,-0.0222025110865795,-0.041437854285028,0.025833114160905224,-0.008030523495863418,-0.03144050838258644,-0.00021649705386095341,0.001278422405006474,0.0,-0.0014259710982654217
-0.015974865791112625,0.0,-0.034400653629980016,-9.172460502415714e-06,-0.00461278303674495,0.009911294024007034,0.010112523288212716,-0.0683400456608616,0.020650643434651283,0.02512230712803165,-0.008181768715224413,0.042745099687404586,0.011918408472288478,-0.007346559999210467,-0.04660632741614057,-0.003527581301744076,0.010730238008565096,0.0058149355548060555,-0.015389790237592071,-0.013316179407204198,-0.05775831428483369,0.001945146936630282,-0.05557987376648954,0.008458485957412054,-0.006050886298361591,-0.01106734325137837,-0.015061272641786305,-0.007124572977552479,-0.002342133538940694,-0.02982941890035562,-0.006408396679504658,-0.005344168386554882,0.01881342056669183,-0.004636053553309705,0.009842261993029067,-0.014268690866240163,-0.001141253212510407,0.0,0.014484659085321427,0.0315564758409802,0.01544097240303588,0.023943009984552677,-0.009645403545184117,0.0,2.220446049250313e-16,0.01838066238467395,0.04030685234675324,8.366013705907172e-06,0.0,0.0,-7.89281450237489e-05,-0.008392432263607807,-0.012015355492561941,-0.028333153009116707,0.03539911352771041,0.0,0.02574333200294271,-0.012873260425576127,0.0,-0.023700326140933925,0.0390951991081151,-0.0010288956034948948,0.010661190951381183,0.0,-0.001402717989720026,-0.0579575708801669,0.011712378088646502,-0.02943938741582719,-0.004174075845039649,0.040952188012914614,0.015211367815607446,-0.013208511391227362,-0.028217422889775357,-0.001984541936779771,-1.1102230246251565e-16,0.015079776996679728
-0.023829172247967656,-0.034400653629980016,0.0,-0.01590647230768394,-0.02020534859692963,-0.03374628656627271,-0.03167195065210837,-0.05102489861371817,0.001403936640311465,-0.004470817831052631,-0.03950204602248297,-0.021221325063158603,-0.025144175731988794,-0.039065101070167585,-0.040449539583994665,-0.010797940911095538,-0.011949001219493383,-0.010989200981385838,-0.017572168844496028,-0.0228584391213848,-0.06332958038055225,-0.0361829691278826,-0.032170493948526,-0.013078046308944768,-0.02635606580538158,-0.01516735782317774,-0.020008911393949558,-0.024123466846580177,-0.030714040273578436,-0.04069209936378243,-0.01752859538808621,-0.028280096338497596,-0.023557828441359285,-0.01594724236383538,-0.002340988807860933,-0.037410490310965216,-0.023092111362022938,-0.008651552263707674,-0.08430964009782277,-9.42302800233108e-08,-0.03409736106147648,-0.05230229080358956,-0.03608794819966549,-0.0283612199091946,0.0,0.0,-5.345309869991821e-05,-0.1393974011428899,1.0333946364182722e-06,-0.06580163926038313,-0.0527355485903131,-0.04402407670198488,-0.027214449863715018,-0.058066677846032144,0.0004783216953486713,-0.13244117588584936,-0.03153574976880463,-0.059608324169277915,-0.23128573474406455,-0.0001461992433091086,0.0,0.0,0.0,-0.12357683882292944,-0.01871339152258783,0.006043599715906567,-0.00025509688383046347,-0.05216242456787534,0.0,7.184634330575923e-05,-0.029737390903850414,-0.052460361499987174,-0.06493945223835085,-0.02804490971404905,-0.008996081499465847,-0.03836634231634595
0.0,-9.172460502415714e-06,-0.01590647230768394,0.0,-0.00429811343113129,-0.02512946483511269,-0.00860246510370033,-0.0009300824005769592,-0.010019178414663266,0.0021498049860571022,0.007498196286454262,-0.020440247095301844,0.02212415864031969,-0.02252825995561314,-0.01699872704054045,0.0004995470702070515,-0.004115034389333028,4.705757810030686e-06,-0.013442743653388434,-0.01463573724609829,0.00046174340911325773,-0.016290949091557982,-0.06164143590302512,-0.010768548292210689,0.000416646760976247,-0.010594260538534295,-0.036600044720922376,-0.0006573582970056391,-0.012458954256146237,0.010615811522631247,0.045105767623399184,0.0036631352961029595,-0.07397705235699126,0.027416648641052754,-0.003350567198601717,0.001052623161369226,-0.023900704369995,-0.011732814803161629,0.02024700722536571,-5.106143009564468e-05,-0.02076556585624295,-0.029062631808802752,0.009414960277892626,0.004469917902341414,0.0,0.0,0.0,-0.0006811420200054652,0.0,0.0,-0.024345682167167704,2.220446049250313e-16,-1.0769753365502677e-05,-8.553178243891901e-05,5.551115123125783e-17,-0.03266371728077622,-0.0005786130849438353,-0.00033033201323751094,0.0,0.0,0.0,0.0,0.0,0.0,0.0,0.0,-9.49568328506567e-06,-0.05948801091974426,0.0,0.0,0.0,-0.06235459843132163,0.0014173927338116399,0.002506427780684828,0.0,0.0
-0.006882440697506376,-0.00461278303674495,-0.02020534859692963,-0.00429811343113129,0.0,-0.04204050723997088,-0.043116590563889556,-0.03565131335945071,-0.04859400787494228,0.00768491295348922,-0.00577712019296317,0.03762231267739058,-0.06948365295771952,-0.000794922269213183,-0.02183183984259862,0.015559409571878069,-0.04497117171286924,-0.03801018541991108,-0.03055855160700599,0.005280743443527469,-0.02601621978249924,0.007928685216812892,-0.05626307178924689,-0.01574322976641579,-0.0073481457338355205,-0.02809756390390039,-0.04236909872392702,-0.004814424215977942,-0.008799164007947335,-0.0062912228527602365,0.0035256644377850144,-0.012350315587590754,0.0009429666716970764,1.6235843451561927e-05,0.009271201418741326,-0.018116548197825016,-0.011027108637369443,0.014677545593618058,-0.03624077752095639,0.01198071471146639,0.0029208764048893054,0.00623072579880346,0.024185937169515337,0.055605103046765025,-3.0440878702575613e-05,1.1102230246251565e-16,-0.008878355307138097,-0.03761092069148031,0.0,0.011354481566230645,-0.0554263149613754,-0.04835578885793418,-0.05139140177807339,-0.04103983525366234,5.551115123125783e-17,-0.06380703285352368,-0.02144667181225407,-0.05471536840155872,-0.036035211905204034,-0.004836012958095992,-2.364722685876952e-05,0.0,-5.551115123125783e-17,-0.014286266104436396,-0.03185617117089734,0.000169677791256595,-0.009378615994107387,-0.05273563751019955,0.0,-3.021136549818948e-06,-0.0035580408612000958,-0.05499080521238481,-0.058496929553245536,-0.04569663701278859,1.1102230246251565e-16,-0.04226155025415912
-0.05479995815319744,0.009911294024007034,-0.03374628656627271,-0.02512946483511269,-0.04204050723997088,0.0,-0.03330700866390912,-0.05225157037987466,-0.026666928557577074,-0.0021565443091551284,-0.03220910924633058,0.007719164899368358,-0.0453757508519525,-0.04364927251473,-0.02118803223545551,0.011564308954591485,0.006984532558101331,0.006256838495145134,-0.007174979722453234,-0.008421982326033195,-0.03416514180074676,-0.002826440715361589,-0.04345183942141606,-0.04348162503649278,0.004113073310747339,-0.02067703205090915,-0.04505658073094809,-0.02735899697058164,-0.028440611423162343,-0.01293011579399267,-0.011729960093536274,-0.03454665846760957,-0.01900747376481493,-0.01645632604908387,-0.002578674575590023,-0.04613616253559355,-0.013474050326192477,-0.0040718496898763945,-0.08069063101462687,-0.015583030544346621,-0.06858524784379783,-0.06578190421650493,-0.04293525887207611,-0.06198617077090829,-0.022666548976420064,0.008933620159205624,0.014246918430035727,-0.054792565034907315,-0.09041597914171229,-0.027727553281772066,-0.0628163730911564,-0.06154540642621248,-0.053493642564510335,-0.062283233356804635,-0.0496021672767219,-0.05105785840960403,-0.0216601427999924,-0.06663672830869155,-0.03859041066313207,-0.03594129816620201,0.00932379932106664,0.0,-0.006390327779137894,-0.05009557517419522,-0.0528653598770768,-0.03747796174474649,-0.01267121172755764,-0.059796032884233685,-7.984216808365474e-06,-0.004030503718577161,-0.008275707475460914,-0.05881375459141963,-0.07435054075619046,-0.04626171974618387,-0.07063716573097906,-0.0764895433981746
-0.008433896945499897,0.010112523288212716,-0.03167195065210837,-0.00860246510370033,-0.043116590563889556,-0.03330700866390912,0.0,-0.05012489077086418,-0.03048735630041577,0.0020680582435204653,-0.010939389707276648,0.032076491842838284,-0.046175104435373704,-0.04959970304526207,-0.014632991706394205,0.003008073611190154,-9.826262174544853e-05,-0.0003669224013312933,-0.01355991619842073,-0.007863138932038605,-0.03239383012043717,0.006145592022861857,-0.04758905631568178,0.019037217308144783,-0.001265957837587206,-0.0061603418091830675,-0.0395043590075948,0.007999827935675996,-0.022012467366977484,-0.015101433001982856,-0.012297883058252523,-0.01300652182317108,-0.0164858136359049,-0.019482363702753802,-0.024982852321414784,-0.03778215190589007,-0.00503802770981765,0.0018654693679535095,-0.07409538826030487,0.06093948668220034,-0.01802630358183488,0.029461379328847348,-0.027253562046531454,-0.05063269946250015,-0.014554042080670293,0.0,0.019364686815775467,-0.048034511086062215,0.0,-0.037631466427903104,-0.06278650830994559,-0.05378703241427929,-0.048377729590281804,-0.0496748046625603,0.0013676211104828306,-0.04529189862574806,6.670854614482247e-05,-0.06806696786509148,-0.014159572475771431,-0.04788586502583875,0.011272333674168855,0.0,0.000898414004925796,-0.051702684892924955,-0.05067154072597563,-0.017619843231551524,-0.010409818026805517,-0.05976105530285558,-1.4517153390680715e-05,0.017865106739789582,0.0028681869282882744,-0.05696789606985886,-0.06520039427069446,-0.052157637481724306,-0.013806238060417253,-0.07616178015343761
-0.09230776611105268,-0.0683400456608616,-0.05102489861371817,-0.0009300824005769592,-0.03565131335945071,-0.05225157037987466,-0.05012489077086418,0.0,-0.03741508176502878,-0.014978214538881596,0.00016461792231237116,-0.026143889471884618,-0.0486243187891085,-0.01646066657632378,-0.11264671301743218,-0.07519989060205573,-0.006616557063641171,-0.036070074179979705,-0.022883565292909303,-0.05165398089732515,-0.02252996066221641,-0.05007962055499271,-0.04247318478044215,-0.062403436383003885,-0.02151668284740349,-0.044734865380030575,-0.06697163320499594,-0.0408855298993171,-0.02848815525752474,-0.017819514577232742,-0.04904125819738281,-0.03274905941193196,-0.013756356209576603,-0.051756344247249064,-0.03915827414794626,-0.05199560109027801,0.0006398484406791027,-0.048965237608351975,-0.08255731188087795,-0.03597410696978576,-0.02619178163824093,-0.02064600860425042,-0.003484963771226035,-0.01236737544529265,0.0,-0.02365973058753046,-0.0476087234642687,-0.020467472652973995,0.0,0.0002688425404568928,-0.038398765436875315,-0.04397920190390381,-0.04153768295131832,-0.028366517349897813,1.8905347611397616e-05,-0.028906671897130087,0.00014603655070760668,-0.058541208146175694,-0.01674358487100197,-0.024133957899714564,-0.02247192170939999,0.0,-0.00014480175227299386,-0.0165176608745895,-0.053504125519229395,-0.05033525379514292,-0.04129073103468278,-0.0501054745935296,-5.551115123125783e-17,-0.03214877086428025,-0.07540893359843742,-0.046404458451953845,-0.07575461517460708,-0.02774353067307378,-0.008266723163069367,-0.0907699241045235
-0.051806130114189775,0.020650643434651283,0.001403936640311465,-0.010019178414663266,-0.04859400787494228,-0.026666928557577074,-0.03048735630041577,-0.03741508176502878,0.0,0.007093303915305382,-0.026656901154588963,0.03725652809770097,-0.02761457846217924,-0.020518884622987343,-0.04283306906048795,0.015855539572814104,-0.002927030074044601,-0.006831698741241843,-0.019131235496287424,0.0036482344553865897,-0.03297734066621216,0.017165217904038743,-0.03737403244580989,0.013988100965507011,0.0004143268536110356,-0.026696068701492215,-0.02860216894823364,-0.0034998671594392294,0.006191661471285248,-0.018374986772506208,-0.0010914496045005828,-0.02074480271034107,-0.014949051195240426,-0.000872819125438018,0.006966116858244165,-0.017176637212579005,-0.006670056815871517,0.0013624290857560117,-0.07612449652992154,0.05642225459979694,-0.022695901420986764,-0.021208368458518922,-0.011568284506564774,-0.004222898291044996,-0.01698937807254025,-5.551115123125783e-17,0.025102491999106913,-0.02969533321201767,-4.964476287838693e-07,-0.012130503458327224,-0.048332446387796435,-0.041967035868679836,-0.05555901736984081,-0.043502320330695565,-0.014447390873567056,-0.08200608726537223,-0.024438454370856122,-0.06513266629216868,-0.021227346080089526,-0.01496694920479369,0.01691189238212526,0.0,0.0,-0.031859716153849305,-0.04131840971538614,-0.007496152364489139,-0.009520781459180061,-0.05422313755060065,-6.1099412426157684e-06,0.02681797662801677,0.00016129651025947878,-0.05477421218725437,-0.06265328320034047,-0.05478452216239549,-0.025289048779867263,-0.05730903433283491
-0.0009752736113842198,0.02512230712803165,-0.004470817831052631,0.0021498049860571022,0.00768491295348922,-0.0021565443091551284,0.0020680582435204653,-0.014978214538881596,0.007093303915305382,0.0,0.016264882781453216,-0.00685189633511657,0.010928260836344517,-0.018982598743020496,-0.008523294736384135,-0.0006930324003355248,-0.02509122593799845,-0.007403794983272927,0.006618365066798804,-0.0025312431541018032,-0.03054189604065849,-0.005570807131458577,-0.029982501791119276,0.002347946921871402,-0.004178910407425018,0.018353608562153456,-0.016406439940674644,0.012512871214761856,0.00815660797045098,-0.019217805106417296,-0.008256893736116155,0.01495928753829412,-0.008640736517699088,0.019471338622596868,0.02105409916839812,-0.0674198814147135,-0.032074733125192434,0.004313280638170214,0.006210928510697267,0.03708031261969924,0.01350989829830529,-0.021129867906303335,-0.025467705851465072,-0.006366095417162709,0.004905886224190581,-0.012440754092817752,-0.00790418093798989,-5.42411046808855e-05,-2.8188984099730696e-06,0.0004378589801028454,-0.033209739983984965,0.011924369665165802,-0.0049221853530527215,-0.022054859035002372,0.032335733688639845,0.005186459735847027,0.029399684495379497,0.003742420364714172,0.0,0.0002969136953702156,0.04179868135641901,0.030938578518432347,0.029186015544017452,9.265866791619004e-07,-1.5054692117544288e-05,-0.0003442435194129234,-0.00630942419191477,-0.053843226443950176,-0.01508242656206571,0.03841084284761642,0.02522867589216715,-0.026785030792975395,0.015253274099841896,-0.051603534056344436,-5.551115123125783e-17,0.015040144042731685
-0.023523676671453886,-0.008181768715224413,-0.03950204602248297,0.007498196286454262,-0.00577712019296317,-0.03220910924633058,-0.010939389707276648,0.00016461792231237116,-0.026656901154588963,0.016264882781453216,0.0,0.029584735417581443,0.004188452705143453,0.005684451414835312,0.0,8.877349841279747e-05,-0.0128802391990262,0.0016270598580325757,-0.030552990528392415,-4.9900541816749744e-05,-0.02125867539965437,-0.019268327206352576,-0.02305664361441412,0.03623684244424663,-0.007455988467133912,-0.006617826410067362,-0.018229780422541697,0.016699070962985008,-0.018674959570833816,-0.000951479649658582,0.014135622266116366,-0.02750728417970555,0.008435276813542225,0.00969985032086551,0.004459898952088759,-0.0066487798760682115,0.006373076100530728,0.014127079559940858,-0.03033963086718766,-0.009738809440022755,-0.01277730960093676,-0.027692587509722644,-0.06428553478210308,-0.05753190139208997,-0.010505014122456358,0.0,1.1102230246251565e-16,-0.07655554495191957,-9.613102719407962e-08,-0.05346762372778946,-0.05471134774029596,-0.03294337304491857,-0.17360630870902677,-0.03375997079839188,-0.033354606700840006,-0.06561532168426393,-0.01841111349859703,-0.056744770424572266,-0.1258206289963275,5.551115123125783e-17,0.0,0.0,0.0,-0.10509964183068607,-0.012814138448517143,0.0,-9.715183570724317e-05,-0.053336171605137095,5.551115123125783e-17,0.0,3.981007815195836e-05,-0.03912119324552782,-0.06854448813647984,-0.0174504520781269,0.0,-0.02216162771139829
-0.017705141315336625,0.042745099687404586,-0.021221325063158603,-0.020440247095301844,0.03762231267739058,0.007719164899368358,0.032076491842838284,-0.026143889471884618,0.03725652809770097,-0.00685189633511657,0.029584735417581443,0.0,0.02952854286026746,-0.05273152755649013,0.01335508247565026,0.018797783751825614,-0.0012214656569170534,0.004418228047610717,0.027131024455666564,-0.0034645716483577838,-0.033882951964664954,-0.005154798288609985,-0.027306252402661713,0.0025443987570198945,0.007996904296707463,0.0024716946963571074,0.0030269808164157253,0.04815992036353045,-0.021755618736099713,-0.04159904336158632,0.020807774010092206,0.12051913926339197,0.03364211321098187,0.0544175070174,0.02978750150339088,0.004553893253317842,0.012769697183727113,0.011146295068011902,-0.03558743251957153,0.05044894298455521,0.04711920385478591,0.028459295058575862,-0.03086052877241041,-0.011148760451735573,0.03442821522669526,-0.008438284265453122,-0.002447402848969382,-0.017991966038114537,-0.004116450516281983,-0.006372193020730277,-0.013317252555146097,-0.01611292019429833,-2.8024562659378915e-06,-0.014487793546447025,0.03635723571922439,0.0017715896566071754,0.016495651880718054,0.03200609438601737,6.073769205694468e-06,7.99264135431521e-06,0.04626491167740587,0.03661463008391813,0.028692005518018593,-0.013446707715599082,-0.0041302866767153334,0.00913774773905196,-0.005015514102330032,-0.00411222239633402,-0.005522240577913395,0.0341478607440972,0.015338241112455686,-0.03285511040998751,0.03764833298602521,-0.012668037662605325,0.0,0.0313672896628161
-0.011375585079578032,0.011918408472288478,-0.025144175731988794,0.02212415864031969,-0.06948365295771952,-0.0453757508519525,-0.046175104435373704,-0.0486243187891085,-0.02761457846217924,0.010928260836344517,0.004188452705143453,0.02952854286026746,0.0,-0.028744056306264643,-0.05988856019810335,0.002611767665786635,0.004729249059441443,-0.00011136967073688275,-0.00499976893455889,-0.01212597613399119,-0.03875719161552699,-0.0008799200324946521,-0.04337353420017265,0.016460621012521215,-0.00031680943574774467,-0.008321002008423117,-0.03921197267270926,-0.03304603245432841,-0.027067430539369053,-0.011765917849214269,-0.021362768652654518,-0.003429942749882009,-0.0017215484986568552,-0.011149316138311105,0.005708287541399681,0.002384187706448493,0.0396262742965004,0.015110247286891643,-0.06557674108891032,0.027156320302683945,-0.0035578884080812445,-0.017759211144530107,-0.03893704183518709,0.00018275570846937317,-0.021867218827191726,0.03567197939996475,0.021564386635479715,-0.05025299066778005,0.0,-0.04433315615090516,-0.055701146499474274,-0.054865910761657644,-0.03656160388077251,-0.04533634136924031,0.010982891754110491,-0.041557462608017015,-0.03889915213401024,-0.06556086194723237,0.003837954851522052,-0.04460858160655817,0.017412022430743912,-0.009660047665893179,0.007738598471699776,-0.04136314603928243,-0.054337836405592366,-0.041388168271588754,-0.004581701496023161,-0.05924933059749421,0.027554456723796805,0.013485380324618879,0.012050289414249515,-0.055778376019873954,-0.07039574606925358,-0.05440870649833518,-0.0405422103039087,-0.06755432547500839
-0.08470024379483426,-0.007346559999210467,-0.039065101070167585,-0.02252825995561314,-0.000794922269213183,-0.04364927251473,-0.04959970304526207,-0.01646066657632378,-0.020518884622987343,-0.018982598743020496,0.005684451414835312,-0.05273152755649013,-0.028744056306264643,0.0,-0.01529142984168741,-0.0005492347500426487,1.2917218994712432e-05,9.356886544886756e-05,-0.02355494679231146,-0.007272924176607798,-0.03402564601982616,-0.004841144175987744,-0.05091058259334147,-0.03522758564302664,-0.010588248648454479,-0.03167168907903939,-0.07146108358735348,-0.11275178790535659,-0.04109191042076543,-0.00805460180681461,-0.002603185191658197,-0.02400535619417435,0.01047267958495296,-0.024275471302373286,-0.020223721755275093,0.0060592885598514945,-0.030482085985577112,0.007234774825054913,-0.038163712686400175,0.0,-0.0008933700539674461,0.0003183759866250413,-0.0015743123537848014,2.767130420355812e-07,0.0,0.0,0.0,-0.02757389176760966,0.0,-0.033468690608026375,-0.03204700080172529,-0.01696697953605164,-0.03886543011806737,-0.021327859270026173,0.0,-0.06100246419475491,-0.00019925262187159287,-0.008755250206897214,-0.04234565976198046,1.1102230246251565e-16,0.0,0.0,0.0,-0.03386584767535128,0.0,-1.1102230246251565e-16,0.0,-0.031003256205065888,0.0,0.0,5.551115123125783e-17,-0.04947085302227028,-0.025138893258286277,1.1102230246251565e-16,0.0,5.551115123125783e-17
-0.06525237755567131,-0.04660632741614057,-0.040449539583994665,-0.01699872704054045,-0.02183183984259862,-0.02118803223545551,-0.014632991706394205,-0.11264671301743218,-0.04283306906048795,-0.008523294736384135,0.0,0.01335508247565026,-0.05988856019810335,-0.01529142984168741,0.0,-0.02343146261612461,-0.007366774214402905,-0.014709829701864852,-1.1102230246251565e-16,-0.022415330252961385,-0.024120614775570093,-0.05948076933769919,-0.011648793182891248,-0.03768231090137886,-0.01667078441423847,-0.10928382848742035,-0.020092631750810386,-0.0494272135513506,-0.025471401713828723,-0.03883458185803168,-0.028681663299496007,-0.04354440691345135,-0.016196067452304896,-0.03380607118275519,-0.030540512384315155,-0.03956433044979668,-0.03595057276556762,0.00011147529828742231,-0.05357551987106013,0.014301527184821583,-0.009665465262767514,-0.004760432987586216,0.007577822049399163,0.007166351584990849,0.0,0.001028940911211751,-0.009929903388551264,-0.032829879716754884,0.0,0.0,-0.018556303453903522,-0.0255799949374797,-0.06500228504479028,-0.011180057256969522,-5.551115123125783e-17,0.0,0.00036520817465662825,-0.06082382256261604,1.57583338955547e-06,0.010031846847447567,-0.004412983507577406,-5.5082844322706936e-05,0.02152258688669384,0.0,-0.006743001913254609,-0.025054702353433156,-0.008061889331767325,-0.04450106040284263,-1.007028091837281e-05,0.019589400860997808,-0.02030624841073264,-0.05541025649627046,-0.07242471796570676,-0.0327352972113083,-0.04447255616365464,-0.01128330814924472
-0.0007820206051361023,-0.003527581301744076,-0.010797940911095538,0.0004995470702070515,0.015559409571878069,0.011564308954591485,0.003008073611190154,-0.07519989060205573,0.015855539572814104,-0.0006930324003355248,8.877349841279747e-05,0.018797783751825614,0.002611767665786635,-0.0005492347500426487,-0.02343146261612461,0.0,-0.004085501541746084,-0.03178487043085193,-0.00015737761386985794,-0.018232513037959086,-0.03828734545091356,-0.042670735689687045,-0.05458068573401331,0.017794468010829068,0.007462625114982302,-0.011167361924785402,-0.028901134722137234,-0.01423838056011656,0.002798299583563535,-0.03299137220932952,0.00304520475447001,-0.005887329736133429,-0.0018100644664739707,-0.01334030326628538,0.011194767333372435,0.008350303483510735,-0.011204176993366677,-0.04089233246917656,-0.02148862696001591,0.02478925041349539,0.019599191762056267,0.015813549175240527,-2.054766506276451e-06,0.0,0.0,0.01773974464768807,0.03618015444150413,0.0,0.0,0.0,0.003453689967040152,-0.017791556851825152,-0.011814489416207108,0.0,0.030525763233397563,0.0,0.02322732511832415,-0.017464635729412703,0.0,0.0011201980487936525,0.03338674639708117,0.02872309784751287,0.027856374828993558,0.0,0.0007411900595621357,-0.01636103022255042,0.008812608426819135,-0.0303264688707493,0.013618735864152964,0.035828128547982174,0.016053747840314492,-0.022378037719885058,-0.0445210983653021,0.0011526846927871759,-1.1102230246251565e-16,0.020472817380002672
-0.01257724511208852,0.010730238008565096,-0.011949001219493383,-0.004115034389333028,-0.04497117171286924,0.006984532558101331,-9.826262174544853e-05,-0.006616557063641171,-0.002927030074044601,-0.02509122593799845,-0.0128802391990262,-0.0012214656569170534,0.004729249059441443,1.2917218994712432e-05,-0.007366774214402905,-0.004085501541746084,0.0,-0.011086379423216053,-0.013069598657716508,-0.0004452326424334574,-0.020724306639645973,0.0023025072061181873,-0.01659674023011226,0.007208502028388186,-0.012114053866937535,0.0037773990004262847,-0.01298407371026511,-0.0037591351982736443,0.014168843601131409,-0.013965435147715421,-0.0018602035097625147,-0.01206421338820668,-0.020900119881830825,-0.012152358777420214,-0.0036350910045533924,-0.007320557100723324,-5.697812036409289e-06,0.0026333999591300894,-0.04389957532903965,0.009222498366304843,0.011515245311196132,-0.012987196868988082,-5.551115123125783e-17,0.0,-0.0135505906126559,0.014305197433161443,0.04333031274385568,0.0,0.0,0.0,0.0,0.0,0.0,0.0,0.02973242463305531,0.0,0.02743808492918237,-0.012118680979321672,0.0,2.295351456799155e-05,0.046211668341534284,0.044933586760780464,0.047830312087890126,0.0,1.1102230246251565e-16,0.0,0.0007196387647551705,0.0,0.017594768023246443,0.04079668057150754,0.03379257614724518,0.0,-0.016296358498303853,-1.2383190933051846e-05,0.0,0.02306237239277048
-0.002883657400647055,0.0058149355548060555,-0.010989200981385838,4.705757810030686e-06,-0.03801018541991108,0.006256838495145134,-0.0003669224013312933,-0.036070074179979705,-0.006831698741241843,-0.007403794983272927,0.0016270598580325757,0.004418228047610717,-0.00011136967073688275,9.356886544886756e-05,-0.014709829701864852,-0.03178487043085193,-0.011086379423216053,0.0,-0.020207668923902855,-0.00951469585804604,-0.023792757488196203,-0.008210868611110478,-0.0458428019301505,0.00708771555058596,-0.01104208833270326,-0.003680902982544587,-0.02469641944164952,-0.020154273672287004,-0.0023056924290409397,-0.037373877935011124,-0.004021012922935108,-0.004252434652285364,-0.003181949402405071,-0.016451088618399723,0.0003764826754163453,-0.002172834547881586,-9.496172992895513e-06,0.006535835325524986,-0.0010951469287903692,0.027894874961322036,0.026581656022661604,0.029659474225579185,0.0,0.0,-0.001772253840428617,0.02319700323361651,0.044120317840052325,0.0,0.0,0.0,0.015687089025230028,-4.004840997828829e-05,-0.00038198452268201066,0.0,0.02714015789459745,0.0,0.02342476533535376,-0.0043164097881609464,0.0,-0.013062600016334858,0.043755015930756314,0.039728074141552494,0.04675115085388126,0.0,0.031699642421279706,-0.023321996246155996,0.021820278321833086,-0.007138388253512207,0.03105823835640159,0.04199983039762051,0.033904235378739545,0.015484088793293882,0.009018721342511582,0.013062684758081144,0.0,0.034061735195335285
0.0,-0.015389790237592071,-0.017572168844496028,-0.013442743653388434,-0.03055855160700599,-0.007174979722453234,-0.01355991619842073,-0.022883565292909303,-0.019131235496287424,0.006618365066798804,-0.030552990528392415,0.027131024455666564,-0.00499976893455889,-0.02355494679231146,-1.1102230246251565e-16,-0.00015737761386985794,-0.013069598657716508,-0.020207668923902855,0.0,0.0003643325587347479,-0.05996773147783968,-0.015249508127408995,-0.045042575459794953,0.01943375601480568,-0.016071995205931333,-0.014392541084241539,0.009762148930138603,0.004131641276571896,-0.006726249928241335,-0.02012502118124937,0.0032578347942953667,-0.019887041074707568,0.006716213609163579,-0.0037792694075943767,0.0006287244570400419,-0.02591493074734086,-0.013170615989024692,-0.006046367916897943,-0.05060431178280722,-5.77563709597273e-06,-0.05235376771156702,-0.012789304760226272,0.0028903746819944343,-0.024418651215810716,-0.0005163859446219998,0.0,0.0,-0.02194926467139746,-5.551115123125783e-17,-0.004573332861064705,-0.06348040524705217,-0.05027499100772592,-0.007284140320473087,-0.04104885424492738,-0.00010471311730780863,-0.18251302433609143,-0.02689985553990404,-0.06728929805483963,-0.04103463435828231,2.220446049250313e-16,0.0,0.0,0.0,-0.019628716684850167,-1.0659528071332858e-05,0.0,0.00010089418816916496,-0.040038252115981554,0.0,0.0,-5.551115123125783e-17,-0.054194242507745516,-0.03721888264808465,-0.04485972984107561,-3.6749344000219786e-05,-0.026289411811513008
-0.0486049079823207,-0.013316179407204198,-0.0228584391213848,-0.01463573724609829,0.005280743443527469,-0.008421982326033195,-0.007863138932038605,-0.05165398089732515,0.0036482344553865897,-0.0025312431541018032,-4.9900541816749744e-05,-0.0034645716483577838,-0.01212597613399119,-0.007272924176607798,-0.022415330252961385,-0.018232513037959086,-0.0004452326424334574,-0.00951469585804604,0.0003643325587347479,0.0,-0.03675836188218007,-0.029973882213749914,-0.05675687799177398,-0.04101541822804744,0.0028170644064007266,-0.01770112852700889,-0.03501496012423955,-0.012896494502217748,-0.028713256127005815,-0.015253084057708088,-0.01910906624794706,-0.04474273944962015,-0.021176393559893092,-0.031473463788013634,-0.027167622167447558,-0.032379078567579156,-0.050973411365963894,-0.024722379129599015,-0.0776763861638326,-0.0005346254355392266,-0.021329529166154992,-0.052387466829411145,-0.05305446501511851,-0.0028571773050166116,-0.00017921662597919497,-0.005929415158949181,0.012808569231025635,-0.026862210750421667,0.0,0.0,-0.03670903034122264,-0.03982207258206655,-0.0650767970382794,-0.0074219697701768395,0.00036593337529311487,1.1102230246251565e-16,-0.013935617009448342,-0.06052129852262178,-1.1102230246251565e-16,-0.010146178317855525,0.005868482735441161,3.268690055679979e-06,-0.01815118794652454,0.0,-0.037234214041259484,-0.015778670600034406,-0.006005153193435531,-0.06201856811194356,0.0,-0.0038271693548904695,0.009467076242123229,-0.06502519318355454,-0.07586516920319325,-0.04587925637766643,-0.0687567423841357,-0.03962766464046508
-0.098769833425225,-0.05775831428483369,-0.06332958038055225,0.00046174340911325773,-0.02601621978249924,-0.03416514180074676,-0.03239383012043717,-0.02252996066221641,-0.03297734066621216,-0.03054189604065849,-0.02125867539965437,-0.033882951964664954,-0.03875719161552699,-0.03402564601982616,-0.024120614775570093,-0.03828734545091356,-0.020724306639645973,-0.023792757488196203,-0.05996773147783968,-0.03675836188218007,0.0,-0.03866923182495319,-0.04338421170652429,-0.07299458495589495,-0.022893026666771343,-0.05826813690100602,-0.04990099526302194,-0.05864684472911774,-0.043149995788555995,-0.03828168742377974,-0.061391062110604966,-0.05858450115808089,-0.040434427281949625,-0.06014438505857661,-0.027471916761690196,-0.04342863332622837,-0.019578334431402666,-0.03699801670041353,-0.08811927212693643,0.008411293965283895,-0.027197238178848837,-0.026255886573214482,-0.04445850044604871,0.0,0.0,-0.12394526756144997,-0.007148309544597942,-0.020190184572942194,0.0,0.0,-0.03955727168479817,-0.032071155656454575,-0.00981172639000838,-0.025023865258192113,-0.027208322519801598,0.0,0.015091935248379651,-0.05499685489212125,5.551115123125783e-17,-0.008371822424795783,0.005226264350744303,0.0,-0.013169293751260247,0.0,-0.03833157109816615,-0.06944348766038966,-0.01408544966731301,-0.060379027046154554,-0.0046891948705297115,0.007603529427530287,-0.03296153452265632,-0.06781123201898409,-0.09338749333791879,-0.04997659580870023,-0.08899343104080648,-0.051437242715059395
-0.03079097219632837,0.001945146936630282,-0.0361829691278826,-0.016290949091557982,0.007928685216812892,-0.002826440715361589,0.006145592022861857,-0.05007962055499271,0.017165217904038743,-0.005570807131458577,-0.019268327206352576,-0.005154798288609985,-0.0008799200324946521,-0.004841144175987744,-0.05948076933769919,-0.042670735689687045,0.0023025072061181873,-0.008210868611110478,-0.015249508127408995,-0.029973882213749914,-0.03866923182495319,0.0,-0.05249378648666858,0.01220929518226277,0.002887286447776083,-0.03263689389925328,-0.046053867852504815,-0.017273853861672017,-0.014330072740097066,-0.0035910823820690663,-0.015298615251629788,-0.03984549705302276,-0.014789139626122605,-0.037019597867190446,-0.03152134052012956,-0.028191089106023914,-0.06097604255480399,-0.020417827710431158,-0.05685979726548274,0.004029165220971465,0.0013601957670157927,-0.030231917579698897,0.010900330789106183,-0.004571455242232847,-2.3894122066825396e-05,-0.01243403945446886,0.005337891902804925,-0.005870431252234798,-8.66531461141129e-07,-4.692149859708561e-05,-0.008647665950894612,-0.018374679750775558,-0.036986468602902556,-0.02509775758028515,0.020295771094157256,0.0,-0.03558138783072101,-0.019403019459064252,0.0,-0.008672123884318317,0.010401562011697285,-0.011856158627064739,-0.023948363791117977,0.0,-0.014729434975229216,-0.038734920686327334,-0.007639214211653034,-0.033546910192735424,-0.01627812440897447,0.02027954073929128,-0.010033268781025506,-0.027300267554368873,-0.048708778313137135,-0.01241012633131866,-0.008652886748453381,0.0006560094547712336
-0.10841920346550393,-0.05557987376648954,-0.032170493948526,-0.06164143590302512,-0.05626307178924689,-0.04345183942141606,-0.04758905631568178,-0.04247318478044215,-0.03737403244580989,-0.029982501791119276,-0.02305664361441412,-0.027306252402661713,-0.04337353420017265,-0.05091058259334147,-0.011648793182891248,-0.05458068573401331,-0.01659674023011226,-0.0458428019301505,-0.045042575459794953,-0.05675687799177398,-0.04338421170652429,-0.05249378648666858,0.0,-0.0940830160826242,-0.03842109121912429,-0.04890108444912811,-0.033236190904573915,-0.04423227354628767,-0.038074399615315446,-0.03383342862037991,-0.03360430591844893,-0.054878457079320375,-0.039147359064860054,-0.04122770748844784,-0.037918309638223235,-0.06829071483813282,-0.04343091196879123,-0.0274438168890076,-0.10188083850648627,-0.04098624738083517,-0.08498788456907547,-0.08237120507260726,-0.044942546323878896,-0.07116329409677646,-0.008264162282702214,-0.014135053938503839,-0.03881012869175893,-0.02932078656705911,-0.027398598878157654,-0.04310091792081355,-0.06520780713750407,-0.06248020029938678,-0.06582781075871647,-0.0637597701275065,-0.03004012990714222,-0.1074404079840009,-0.038835545372065516,-0.06658849280166063,-0.020578196287647732,-0.04801210147526469,-0.030848070252485205,-7.951450056609133e-06,-0.022472116963972,-0.02488383910230274,-0.06712213434104725,-0.05634579378739052,-0.040884891834710835,-0.06590121985906605,-3.064330537949633e-05,-0.030114868247716364,-0.06075075973064192,-0.06665365000252721,-0.0812212863816239,-0.058270962878173904,-0.0819763134213603,-0.0827651386139791
-0.0673967466562953,0.008458485957412054,-0.013078046308944768,-0.010768548292210689,-0.01574322976641579,-0.04348162503649278,0.019037217308144783,-0.062403436383003885,0.013988100965507011,0.002347946921871402,0.03623684244424663,0.0025443987570198945,0.016460621012521215,-0.03522758564302664,-0.03768231090137886,0.017794468010829068,0.007208502028388186,0.00708771555058596,0.01943375601480568,-0.04101541822804744,-0.07299458495589495,0.01220929518226277,-0.0940830160826242,0.0,0.02338364542060084,-0.021473024890119985,-0.09172982363539095,0.025024268751856538,-0.06021763176851641,-0.008996437053367057,0.016870795835071783,0.04920260724904746,0.035372498226717675,0.01544205683195704,-0.003915789068308695,0.022486550297216357,0.002020575391309176,0.02911499781607621,0.04273284661760646,0.03530776507811573,-0.001497271912232423,-0.007761937383055972,0.007374666104939476,-0.0032432691956476023,0.01329575190534149,-0.007825099042458816,-0.00358401985425455,0.0,-5.551115123125783e-17,3.1406771000275224e-05,-0.0038672128732658018,2.6912528200917496e-05,-1.6653345369377348e-16,-5.59484718665737e-05,0.037636527863744995,-4.115878831623121e-05,0.031909235549279824,-0.016980265151460783,0.0,6.1000968566427005e-05,0.02290522869090228,0.03604748756682685,0.017310398709300512,-3.8273101732322345e-06,0.00020895182226327025,0.05459367023304851,-0.010396924837495936,0.00010828609229940334,-0.0071691574606539965,0.022392616006159605,0.0032634892901411416,-0.0026372736093969174,-0.005718691584976454,-0.02535757432915614,0.0,0.0006111425377185453
0.014031534683924318,-0.006050886298361591,-0.02635606580538158,0.000416646760976247,-0.0073481457338355205,0.004113073310747339,-0.001265957837587206,-0.02151668284740349,0.0004143268536110356,-0.004178910407425018,-0.007455988467133912,0.007996904296707463,-0.00031680943574774467,-0.010588248648454479,-0.01667078441423847,0.007462625114982302,-0.012114053866937535,-0.01104208833270326,-0.016071995205931333,0.0028170644064007266,-0.022893026666771343,0.002887286447776083,-0.03842109121912429,0.02338364542060084,0.0,-0.0012974726330365338,-0.012851703035258344,-0.01832059054609031,-0.004499601276761411,-0.026499153177649892,-0.00476896175683883,-0.0064731635716492875,0.0019165033653718022,-0.007938178367949522,0.009949900793042088,-0.025456061288179233,0.002461552209473916,0.010020496591579997,0.021769878996809322,0.033547414428581224,0.030951147266196855,0.03050509607299634,0.007137268874798652,-5.551115123125783e-17,-0.00835301545008793,0.020846029841310065,0.06027052252810561,5.551115123125783e-17,0.0,2.220446049250313e-16,0.011228965235673738,-0.011781671036821428,-0.0004224334876712921,-0.02699129045095011,0.036174399407731095,-0.00018074724071887038,0.03022540950859115,-0.004175658924483516,0.0,0.011930056646512754,0.04957858494449302,0.04612929732026766,0.04688565200075839,0.0,0.030935648301757435,0.01790058853754073,0.035986866009455165,-0.013488707012074719,0.032540617198866195,0.04813377599026336,0.03493935916847374,0.00612032214099989,0.0008709126324648042,0.02722160746201252,0.0,0.03458514748297442
-0.021393589350536923,-0.01106734325137837,-0.01516735782317774,-0.010594260538534295,-0.02809756390390039,-0.02067703205090915,-0.0061603418091830675,-0.044734865380030575,-0.026696068701492215,0.018353608562153456,-0.006617826410067362,0.0024716946963571074,-0.008321002008423117,-0.03167168907903939,-0.10928382848742035,-0.011167361924785402,0.0037773990004262847,-0.003680902982544587,-0.014392541084241539,-0.01770112852700889,-0.05826813690100602,-0.03263689389925328,-0.04890108444912811,-0.021473024890119985,-0.0012974726330365338,0.0,-0.032692936435635256,-0.02252104285519979,-0.01553050111780846,-0.020701536526774367,-0.013090859218575668,-0.030407423645248788,0.001010589076183288,-0.01838286383779919,-0.018147300162913882,-0.03791063308187392,-0.027711669240680692,0.017484128988127845,-0.03922715983969138,0.021549006689784933,0.006296791073335972,0.0003032945624888428,-0.05142038498428786,1.3341764624863472e-05,0.008822924087644901,-0.011757856116439369,0.009846518121597758,-0.01158631542543509,0.0,-3.711482443558012e-05,-0.014474449101994469,-0.02399856149284224,-0.021073543169562725,-0.008597038590938244,0.036513749232898685,0.0,0.02473313301959007,-0.01828981641677624,0.0,-0.03494918905008282,0.02720551489800721,0.04774616527949582,0.033865104609367036,0.0,-0.014395476787184946,-0.09630467673977827,-0.020349675022533653,-0.041499576150875406,0.012127839184919553,0.03373945600216266,0.005084895040675441,-0.03727411348588899,-7.10641340614937e-05,-0.008401947564212087,-0.00028943823293114956,0.019992394841618633
