0.0,-0.010770393149008073,-0.032726949405526784,0.0,-0.030946429904725015,-0.05047248271064991,-0.020755290289765194,-0.023923704004200574,-0.004700645248859936,-0.03437915578381112,0.001960584822321032,-0.031145434282438933,-0.032969781589098635,-0.015318728298816087,-0.037514112892944707,-0.029919200599695828,-0.04218087763331474,-0.05817083180492805,0.0,-0.03660261937806003,-0.01402337869598963,0.008154917912231108,-0.034021172786432796,-0.027886427412351644,-0.06198995007027425,-0.07098182914669571,-0.018182165225464952,-0.0481597656795022,-0.027295035768146125,-0.029777536133533955,-0.029665571096860244,0.060784160655764696,0.004739842190822685,0.0002772761316830463,0.023843409511463465,-0.012973104519308165,0.00017149907508556828,0.002000951162459297,0.029196297772665525,-0.06151802663982603,-0.011320881333652943,0.023615282168010787,-3.6274213907394603e-05,0.0,-0.015931076272638567,-0.055746297157452496,-0.007930348297659318,0.0,0.0,0.0,-0.02070959080545176,1.1102230246251565e-16,-0.034017451366835205,0.0,-0.07482935799328422,0.0,-0.028238463518287737,0.0006923725730088037,0.0,-0.03654699846097326,-0.057777064344796625,-0.045121527754978574,-0.06531908252816188,0.0,-0.00817177498644639,-0.01423895332039582,-0.009960463671215947,-0.027558107338740312,0.01996584504432347,-0.07659227782121508,-0.05893467312998174,-0.013338728920488208,-0.00011243398509364066,-0.09456944765766401,0.0,-0.06192223236418043
-0.010770393149008073,0.0,-0.006444048162791427,7.231569714266639e-05,-0.007523890793130872,-0.034186219193162115,-0.039175222636387175,-0.0654127565146978,-0.026651878101656368,-0.024764956513898984,-0.011438181157070737,-0.02165852671264551,-0.049626409041054476,-0.007937824382995728,-0.03608208200362789,-0.040689281438650526,-0.03258735593046258,-0.0779298363741906,-0.018377172183627777,-0.034821393608739315,-0.04983756794905164,-0.05643367470503957,-0.027033565774842394,-0.010088509563210446,-0.05279417647536072,-0.029004090779399305,-0.012401498575992154,-0.02943684389490636,-0.04196381033050728,0.004603867145354323,-0.030282204900220155,0.05690597572299838,0.002439295351891524,-0.004584656176981894,0.008304563289133926,0.007648600987404108,-0.0008278130907385939,0.0,0.023870761116909944,-0.009521270735821374,0.005421792208349985,0.024078650517800337,0.004919076227183183,0.0,2.220446049250313e-16,-0.006698204722950518,-0.0005699934459336142,-6.457072386345519e-05,0.0,0.0,-0.014157314894408246,-0.010285520096425638,-0.010598928103951744,-0.006909369738071602,-0.02721832497929788,0.0,-0.02690391460078967,-0.013381307139899434,0.0,-0.01640869514471638,-0.010847110324404385,-0.0317325101015718,-0.07950985051237291,0.0,-0.01184669783446668,-0.026809257500917227,-0.004583218526820865,-0.033750259398740434,-0.009881175618179527,-0.06083903418737108,-0.023621381861083146,-0.028972079845739962,-0.009496590163500518,-0.0237082052400428,-1.1102230246251565e-16,-0.01177115222706332
-0.032726949405526784,-0.006444048162791427,0.0,0.03433590286251981,-0.059099305703568084,-0.055664991462676616,-0.050895547955429554,-0.07038198219442648,-0.07146994658543468,-0.02736723986326961,-0.10213505858685362,-0.04040664278492989,-0.04265131053987464,-0.03706730622433735,-0.03765587362384232,-0.005401628815087767,-0.026364229936863492,-0.025722649684332244,-0.057286996930029144,-0.01282460606034136,-0.03647166872845603,-0.016420740016450275,-0.05439448685073828,-0.018996202975412324,-0.02484124382392011,-0.023775235291988106,-0.038205553613081866,-0.017078331035786654,-0.03285218088210606,0.0005436766105040847,-0.015456875468657982,0.0023564986878919503,-0.01608913599406514,-0.014086970031567558,-0.024255471669708373,0.00912847591519983,-0.007527440924425255,-0.02055678415312362,0.0043206388165824006,7.429117182544687e-07,-0.01552775293702302,-0.006514433367524497,-0.020722937571379052,0.007940201492882881,0.0,0.0,5.148284017414406e-05,-0.1513830181980857,-8.147285403103943e-06,-0.04469253338206869,-0.04011529670351632,-0.03128232807905351,-0.039168444618231324,-0.03612840290923769,0.0011596984675830702,-0.06995643727084055,-0.02999232891381065,-0.040868045533195674,-0.05176736461411535,-5.865374195368478e-05,0.0,0.0,0.0,-0.17975978144185398,-0.013971752943479743,0.00719003532379453,-0.00017998268750124558,-0.053599099121686145,0.0,6.736091201159367e-05,-0.05148670952146889,-0.03548945088949795,-0.023036796775331325,-0.03229229371721892,-0.009786372790364317,-0.03356685861282627
0.0,7.231569714266639e-05,0.03433590286251981,0.0,-0.0380475564771135,-0.005514536637453327,0.015270315395626066,0.07962909774553167,-0.021548935786697532,-0.1052391881600887,-0.012982619330030143,0.0073070377849484,-0.03348993291557839,-0.03223338702033188,0.014407569143418009,6.234254339526624e-05,-0.013305406365643258,-3.710020408648207e-05,-0.03830009281313257,0.03090711544941349,-0.00028852624343056466,0.032284574139679056,0.030934228518900764,-0.006012839867488018,0.0005281524851216135,0.0008918212696460426,0.05802379682164821,-0.048144672300648006,-0.017005528609777665,0.011745706785374677,0.006354564020829512,-0.038517489852837594,0.014916914314390628,-0.08809835595563081,-0.06520473506468338,-0.022192354707966738,-0.010992699760575542,-0.0151765729660307,-0.01946657548159786,0.000879572258859207,-0.01369120271946811,0.010265552597015948,0.05046993286167628,0.005382255126597346,0.0,0.0,0.0,-0.00022272401032918943,0.0,0.0,-0.009153070639543404,2.220446049250313e-16,8.490875730382541e-05,-0.00044484886758905384,5.551115123125783e-17,-0.002315931136334659,0.009380789964858693,-0.00018955199003595213,0.0,0.0,0.0,0.0,0.0,0.0,0.0,0.0,7.486398621447954e-05,-0.019798790986028547,0.0,0.0,0.0,-0.014058475322364317,0.0006043772155238658,0.0022940460956174524,0.0,0.0
-0.030946429904725015,-0.007523890793130872,-0.059099305703568084,-0.0380475564771135,0.0,-0.06338672309147009,-0.07994413185419474,-0.028910870002238798,-0.06657999115254559,-0.046987476656427885,-0.0407182838725369,-0.07269690578386578,-0.06502741537694717,-0.023253505107016126,-0.018296638184680913,-0.0232428566140781,-0.015002857002436754,-0.02794848939714445,-0.05442682692864065,-0.016166308937511142,-0.032691122466151135,-0.013704000080700385,-0.047070409842670136,-0.019718124368429513,-0.017081394193400545,-0.02230513575637677,-0.045729635604575325,-0.026966393370474406,-0.022877908200383712,-0.02924382430092437,-0.03088915899394662,0.004486112999489256,-0.08877669990437154,-0.056607697584612704,-0.06559233529954572,-0.01918733040343512,-0.04624650830716229,-0.0600440544098213,0.02470318413659295,-0.004413994952102429,0.03767952143385456,0.041637030027280864,-0.11596401962744812,0.03729351495182609,0.0002399959492247472,1.1102230246251565e-16,-0.010805468652797634,-0.01637389149836843,0.0,0.011241541986465042,-0.01987040237542398,-0.014864716955556023,-0.023951103480694236,-0.014163283022798123,5.551115123125783e-17,-0.05344589708235625,-0.015514957116516348,-0.01638028298509636,-0.06300048208293707,-0.0023216405869060375,-2.3961924563109527e-05,0.0,-5.551115123125783e-17,-0.022936599903570276,-0.014868619467684807,0.00012650991673662793,-0.013007893926751224,-0.023016914850953307,0.0,2.381864666539668e-05,0.003121093322742796,-0.0239935829562844,-0.02168019827020834,-0.02027045265723665,1.1102230246251565e-16,-0.025663979743747456
-0.05047248271064991,-0.034186219193162115,-0.055664991462676616,-0.005514536637453327,-0.06338672309147009,0.0,-0.08207196940359646,0.013906871287426181,-0.03920075842736237,-0.010191708228993512,-0.053347419266250584,0.0034674017013795466,-0.05806197507240218,0.019752945402404354,-0.03440350519708735,-0.027338246570744684,-0.010360635603289425,-0.03505300568277264,-0.07291708573816708,-0.045162826865099814,-0.013357796945070166,-0.04109454521911765,-0.05112333529883051,-0.005283094717747128,-0.01590316675793163,-0.028554500281472994,-0.032902704439321084,-0.050578447934787274,-0.04337917094210669,0.003398529149510221,-0.002957054494455602,0.03633728304797418,0.002227513207234466,0.013989009306682454,0.022197979675702195,0.028601157772379815,0.013339603724309368,-0.011823721624302619,0.02481262831679254,-0.012439046668295373,0.03157994557744104,-0.0072991745681733056,-0.03253464058426331,0.022190596806733964,-0.016073464717320574,0.0030799872203493006,-0.020852369816124705,0.002181425646784585,-0.010281132446441799,0.07650128447720572,0.008951108574765998,0.006368853576465883,0.030280073990639034,-0.017500223415061633,-0.04223249529030665,-0.02553214741030846,-0.01400417925681774,0.00679626678703904,-0.014101836964776404,-0.016877713765234725,-0.0176721152694162,0.0,-0.016718192905983642,-0.02686692976300531,-0.019829969632266187,-0.01612674377497003,-0.025507103291858457,0.016414463949982028,6.294758145630741e-05,-0.019862203585503946,-0.02519742896355054,0.013908426054206835,0.010418766905413324,-0.017374971343719514,-0.014915182640200697,0.010443081694736955
-0.020755290289765194,-0.039175222636387175,-0.050895547955429554,0.015270315395626066,-0.07994413185419474,-0.08207196940359646,0.0,-0.00016431675413031144,-0.08108723055934808,-0.024296769887130587,-0.042002533977473944,0.021822398148442057,-0.094248111400559,0.011001831121775552,0.005571251632491503,-0.041464319604269106,-0.0349759011566122,-0.024566943194810065,-0.052269400509481256,-0.04042991782042937,-0.023787713031542312,-0.052019324933425926,-0.021218407491136793,0.002709049836708999,-0.006810465262804433,-0.01847207638940196,-0.0634863107534111,-0.021578580133842507,-0.05356547798694755,-0.030735197720324292,-0.026550810567929628,-0.02660662061806257,-0.019918696407953573,-0.02791747515624632,-0.049000258104962335,0.03551940915624463,9.296567688582558e-05,0.003285638124121415,0.03960437079516438,-0.02866797937204202,0.07550282303776673,0.03722272062457521,-0.004141191387485477,0.016829367137387585,-0.029899000039273704,0.0,-0.012930932688495322,-0.0256559443484905,0.0,-0.0031740112002727194,-0.010822639490006059,-0.008433496151824982,-0.017676596793551935,-0.0402705911897524,-0.006453166360722962,-0.028611173393461642,-0.0003507341079968529,-0.01626830110319044,0.008786420279741802,-0.022171663212319725,-0.014825350453841868,0.0,5.149772441354061e-05,-0.019243873774398623,-0.018687057651309402,0.014699449773449835,-0.0057374859321699945,-0.01980147178917613,0.00011445326667663958,-0.013886021125616599,-0.01210560804509192,-0.024824253314257083,-0.003188550497884468,-0.021408736942219342,-0.017319882014831034,0.011213334408309295
-0.023923704004200574,-0.0654127565146978,-0.07038198219442648,0.07962909774553167,-0.028910870002238798,0.013906871287426181,-0.00016431675413031144,0.0,-0.029208181076381345,-0.006023458098911361,-0.08593273892828662,-0.01990066936481738,0.009034546481175576,-0.018746126049237755,-0.03020833220452329,-0.025224952232640707,-0.00026847561830301014,-0.04455769496164674,-0.1285418522001015,-0.0117693754788194,-0.07601139979431021,-0.028637874189789803,-0.020084522417075257,-0.025511349079385404,-0.05219105477265695,-0.03472008606316135,-0.013530340945001884,0.013882432038705261,-0.010472110877580987,0.023409418397954573,0.02705606473447758,0.06582111045746747,-0.026458455946088755,0.045053974509013994,0.03911333414887397,-0.01961816608123229,0.11001223550064859,-0.04527389356099937,0.016275612139994233,-0.009968967718351929,0.017042634280592384,-0.017293243827186167,-0.032220700960939486,-0.014935987301077314,0.0,-0.05600312317917344,-0.03743937172096601,-0.010246261470669982,0.0,-0.008268063849658558,-0.01319764639068366,-0.02606933110008408,-0.05213672335597419,-0.05022514378225729,-0.00014904979878432867,-0.074707630208725,4.0412083567642476e-05,-0.01085216535070771,-0.016519455280461337,-0.06999749711227898,-0.01689063517136985,0.0,-0.0003134895922788927,-0.09442252449228838,-0.020784186719867703,-0.10747204002830663,-0.08180931537302932,-0.05541632967675236,-5.551115123125783e-17,-0.02482652370985544,-0.03131270489173199,-0.05639037025216853,0.011115332449602833,-0.029165308654367228,0.004648444988395228,0.014556820613559784
-0.004700645248859936,-0.026651878101656368,-0.07146994658543468,-0.021548935786697532,-0.06657999115254559,-0.03920075842736237,-0.08108723055934808,-0.029208181076381345,0.0,-0.033424669911349125,-0.08359654660975704,-0.02788697980184085,-0.034123655931479535,0.018507647065869937,-0.008115966078160897,-0.014263998119726062,-0.03251032233595408,-0.00451553673496613,-0.04167387076225523,-0.015002052128888888,-0.028051069040774146,-0.040040008321263976,-0.06818745818539945,-0.02442061051973099,0.03282757066451447,0.0038461537264513623,-0.05363383422736684,-0.027971629422175404,-0.026272960405012313,-0.009085539680288801,-0.03401994708980122,-0.01953619821086422,-0.026233658538086846,-0.028822182807384356,-0.026152121345747237,0.003251371693415106,-0.017233202367144207,-0.03786242422407765,0.016036073447799948,0.002868179492542977,0.04404388801450776,-0.015692050551770642,-0.061767241424663,0.004939499591820495,-0.007675348121119363,-5.551115123125783e-17,-0.02238961240509585,-0.053991964804020354,3.913994109372432e-06,-0.009427769383088647,-0.0296690025460854,-0.02549174625293904,-0.03772839689229879,-0.05637509202344981,-0.014643633112561727,-0.04363811273863366,-0.023148167953058685,-0.02767293455476194,-0.03878328186176516,-0.015321084807423113,-0.02044438033516638,0.0,0.0,-0.05010656051828938,-0.0054451627517876355,0.0199342054869589,-0.012077754281278219,-0.037077156715796145,4.817078910818173e-05,-0.016799638164729902,-0.026639258900755802,-0.021031544851393136,-0.003831080646259699,-0.02598413038758174,-0.016623593700990646,-0.007231727867224369
-0.03437915578381112,-0.024764956513898984,-0.02736723986326961,-0.1052391881600887,-0.046987476656427885,-0.010191708228993512,-0.024296769887130587,-0.006023458098911361,-0.033424669911349125,0.0,-0.04208644981693099,-0.02136287577415541,-0.03734224508195694,0.02287287931118459,-0.013885518626209403,-0.0350383443599247,-0.02087323864321572,-0.01595109030666686,-0.034690198111454795,-0.049794176845932014,-0.035813592302713526,-0.0039031242417878476,0.005295462926798167,-0.004887746078348687,-0.006964739826292865,-0.048652463293255344,0.005149554492151709,-0.018361444170789998,-0.01537781448586728,-0.025943125914783927,-0.026735886816195487,-0.008400446056401667,-0.0004868611655275412,0.020232407751494708,0.010929902839729333,-0.07042155797565186,-0.0395343323205751,-0.008265981117543286,-0.012704079302094773,-0.04323431359255192,-0.030051596573217654,0.009009613110546821,0.016476313693415623,-0.016403302954825782,-0.0191622510757411,-0.0539911992718487,-0.004594149330585495,0.00042763697894643293,2.222420076286591e-05,0.0003504764756328549,-0.021764006242540268,-0.02130609236757708,0.002412524016271289,-0.005278740503903201,-0.09405599371856133,-0.004307565791652979,-0.10397748279138763,-0.05251794065158366,0.0,0.0005062233982285891,-0.007659755016007352,-0.044412441595813146,-0.026536461946381484,-7.305211252028876e-06,0.00011869122308594271,-0.027713759735300214,-0.005761796035725519,-0.005911288667987014,-0.0985348665298979,-0.039397567897988595,-0.07598405167383188,-0.010132363037987646,-0.04375243597484568,-0.04972086614487797,-5.551115123125783e-17,-0.054312513185025335
0.001960584822321032,-0.011438181157070737,-0.10213505858685362,-0.012982619330030143,-0.0407182838725369,-0.053347419266250584,-0.042002533977473944,-0.08593273892828662,-0.08359654660975704,-0.04208644981693099,0.0,-0.03644980402635567,-0.04426370862209994,-0.01565101244853645,0.0,0.00012114676435148741,-0.03867588662825511,-0.029153221051243905,-0.05461546414308477,-5.43917537971228e-05,-0.01775711677825126,0.002170595901687833,-0.0587465217309317,-0.04910423340658343,-0.0235305482586049,-0.04298032391170992,-0.05383411202468341,-0.045004879328764236,-0.03235167222169816,-0.017307918181601212,-0.04037538255344825,0.019946484148814225,-0.046398062635801596,-0.042102238812174175,-0.04505442353892686,-0.041697694777622585,-0.034778453644340235,-0.04538743722050015,0.01180268437998755,-0.007976070193689011,0.0009264873030491727,-0.00614145053742865,-0.08954724933400521,-0.006216393931799902,-0.00599643831576252,0.0,1.1102230246251565e-16,-0.16907716692028285,7.578972121002892e-07,-0.07949360104181724,-0.03465489305953717,-0.02890982113385654,-0.0987230959107338,-0.13035366226024314,-0.015301197659899568,-0.051937213949333094,0.00812640060242037,-0.026044256563134582,-0.06225781689072368,5.551115123125783e-17,0.0,0.0,0.0,-0.12207817237294627,0.00500018215950121,0.0,-0.00011904683144176031,-0.10605478120779122,5.551115123125783e-17,0.0,-0.0072925582858807125,-0.04746608683966369,-0.03730425955250555,-0.01713317987803592,0.0,-0.034896077314783
-0.031145434282438933,-0.02165852671264551,-0.04040664278492989,0.0073070377849484,-0.07269690578386578,0.0034674017013795466,0.021822398148442057,-0.01990066936481738,-0.02788697980184085,-0.02136287577415541,-0.03644980402635567,0.0,-0.044500540817859924,-0.08479909914460931,0.0006629787622522976,-0.021159369706261644,-0.02115484971217979,-0.02043382417258499,-0.03703636455788961,0.011613601635003412,-0.020809947044153843,-0.02354598310030037,-0.014782785444871771,-0.025594027658477014,-0.026043939513171577,-0.06579824232368403,0.0059338611738167235,-0.016198569979715582,-0.0038852791646187823,-0.02310168880371677,0.011887356632407031,-0.0004351790172699155,-0.035133714019128404,-0.008433869519571924,0.008587471119460233,-0.06564604770693205,-0.019290880824961887,-0.0018052968564191696,-0.0239346239483319,-0.04067801645741992,-0.01800943807745692,0.02333759861703405,-0.012428955754060111,-0.018889354060625196,-0.01821223120229487,-0.041823239180881766,0.0037022806809096087,-0.007688142132990627,0.0010695809804217582,-0.008169587702032965,-0.014284889888521168,-0.004983803844741341,-0.0004364452883064973,-0.0063894136809446445,-0.10594966965026792,0.005466205876570374,-0.10850976738787627,-0.04783465310271112,-4.788560869445346e-05,-6.301400059316453e-05,0.0013497161187764894,-0.054954057733976436,-0.03734968477249473,-0.016543851009834076,-0.016918913832100535,-0.03682189025553034,-0.006961291438845163,0.005141628910028562,-0.10053725336961472,-0.05512225610167015,-0.08592693773043858,0.015737928206795093,-0.04345761054420616,0.007987791774879238,0.0,-0.06583805297807338
-0.032969781589098635,-0.049626409041054476,-0.04265131053987464,-0.03348993291557839,-0.06502741537694717,-0.05806197507240218,-0.094248111400559,0.009034546481175576,-0.034123655931479535,-0.03734224508195694,-0.04426370862209994,-0.044500540817859924,0.0,-0.015210067981483333,-0.039023113927282416,-0.03940295234309754,-0.04635077999061166,-0.04547935406771664,-0.04847345464291247,-0.03463649679292374,-0.02715473453485273,-0.05195046681786031,-0.0007740439811390609,-0.022869494880096763,-0.025520110195060397,-0.03198875254651795,-0.02091834627074385,-0.05703656419801739,-0.040946839669674384,-0.037682867563675115,-0.0447490786941902,-0.03587443528080564,-0.07338145786818207,-0.03789154911115378,-0.06857780691603271,-0.04095074594756054,-0.043348518967069316,-0.04535421882188895,0.06457638754697093,0.026365396796838414,0.1071464720449739,0.11764580812544206,0.01334684798479796,0.11130034736629918,-0.011872138223244955,0.012032229089468605,-0.011788183307006317,-0.020687530245161456,0.0,-0.005738062376836495,-0.003773179608510757,-0.004395006912955246,-0.009565409348693377,-0.02873922913329552,-0.0529486670535077,-0.01615097412492944,-0.01960332354111316,0.001167552783449377,0.00540279384816833,-0.02895118745391123,-0.015832699414858153,-0.009096410770988661,-0.0009482499586280224,-0.02595475388128099,-0.02728458324259181,-0.027845892057347665,-0.035077462525388126,-0.013094982606606242,-0.009826318335260098,-0.020257926171137808,-0.011386922360552387,-0.01931290839955674,0.007992695540923966,-0.01036253927024744,0.0008162592680918124,0.0032525241668325267
-0.015318728298816087,-0.007937824382995728,-0.03706730622433735,-0.03223338702033188,-0.023253505107016126,0.019752945402404354,0.011001831121775552,-0.018746126049237755,0.018507647065869937,0.02287287931118459,-0.01565101244853645,-0.08479909914460931,-0.015210067981483333,0.0,-0.0194159974947814,-0.00040083375733307447,-0.00010183938066471443,0.00011492575601007582,-0.06001521622691519,-0.0025132921390565444,-0.02944795306342246,-0.009812276785565843,-0.0034071664137075297,-0.029080176010590708,-0.0003932060430037465,-0.02245054100552135,-0.011381055603618184,0.059102788119457905,-0.013808701263922862,-0.00956997224098649,-0.03542580038942744,-0.02611947315672075,0.012066429799908962,-0.02976629400559666,-0.03443347496662841,-0.02576724005067696,-0.005986991844010081,-0.011941845443430799,-0.015466964941826145,0.0,-0.0012494241011924423,0.0001358361888903481,-0.04962695410395862,-2.181606182871665e-06,0.0,0.0,0.0,-0.020073198540935644,0.0,-0.0302514185769035,-0.019071730065527426,-0.011922051431294378,-0.015264635071916166,-0.06257595794515275,0.0,-0.05721642192807941,-0.0002659979891593278,-0.015632591981740218,-0.03873474214597239,1.1102230246251565e-16,0.0,0.0,0.0,-0.06251544610321097,0.0,-1.1102230246251565e-16,0.0,-0.045723284102109796,0.0,0.0,5.551115123125783e-17,-0.031687180467642406,-0.027839368183873392,1.1102230246251565e-16,0.0,5.551115123125783e-17
-0.037514112892944707,-0.03608208200362789,-0.03765587362384232,0.014407569143418009,-0.018296638184680913,-0.03440350519708735,0.005571251632491503,-0.03020833220452329,-0.008115966078160897,-0.013885518626209403,0.0,0.0006629787622522976,-0.039023113927282416,-0.0194159974947814,0.0,-0.02775227866292812,-0.024295589926404404,-0.032419927614150246,-1.1102230246251565e-16,-0.06731467330779373,-0.05773107049501908,-0.06494855148767892,-0.03856060696430691,-0.011502135672850244,-0.039413506617483884,-0.0355598381531555,-0.05746131037185104,0.034276725012723885,-0.013260290441109657,-0.020100120340174388,-0.011882160829821076,0.04663644180541693,-0.0224204137960341,0.00034552130594689423,-0.0010724155564612037,0.035199535321825626,-0.0011224001220799806,9.190572857969981e-05,-0.0006964621844013363,-0.03153078137969789,-0.05168903111767803,-0.011338890780977273,-0.013691262148106842,0.006750912008291143,0.0,-0.016918991116602056,-0.010431962585093657,-0.01626811014095747,0.0,0.0,-0.02141425755622456,-0.010913792931022348,-0.013460561614303812,0.0028993553649135917,-5.551115123125783e-17,0.0,-0.003963424573871277,-0.025085038008965832,-1.2423873628097937e-05,-0.048786343565978274,-0.025013212633750392,0.00043427325598521804,-0.025023978371840394,0.0,-0.01297116571971979,-0.07012640454306218,-0.05788891835195581,-0.03838135861783526,-8.63900180600452e-05,-0.019895593905678022,-0.10439074154024325,-0.030963376031921508,-0.02769780519863363,-0.025742669041075972,-0.024238130073073627,-0.0017899442667020926
-0.029919200599695828,-0.040689281438650526,-0.005401628815087767,6.234254339526624e-05,-0.0232428566140781,-0.027338246570744684,-0.041464319604269106,-0.025224952232640707,-0.014263998119726062,-0.0350383443599247,0.00012114676435148741,-0.021159369706261644,-0.03940295234309754,-0.00040083375733307447,-0.02775227866292812,0.0,-0.05077776752920388,-0.07584376671672144,-0.00013365052261871124,-0.019435073894169097,-0.03567517945922538,-0.03187518522867894,-0.03017826896573239,-0.02563744533394874,-0.07603408693603397,-0.03416665682448633,-0.014545941682652497,-0.02503134772091886,-0.037712806813526956,-0.016855111946402712,-0.07801344364151969,0.02127697145608992,-0.016911953041611305,-0.048280379695360476,-0.02504459720365787,0.0035390718933226983,-0.0016071116734712731,-0.004681745682065419,0.02103245456295283,-0.0054951502071123315,0.0033443683922514955,0.010990517436976432,1.6199783289261305e-05,0.0,0.0,-0.023248815784321253,0.015148849408861187,0.0,0.0,0.0,-0.002224427314176436,-0.006063284886838827,-0.018351278565101492,0.0,0.024227766738720347,0.0,0.0003988853340379239,-0.009147928489933399,0.0,-0.057500478443799796,-0.007176501428969584,0.010471109511689114,-0.040727050877930326,0.0,-0.019185588123833974,-0.027650149962632598,-0.003781876491198044,-0.04439485144419886,-0.001513720103686278,-0.04955548276643612,-0.03377349426385179,-0.04152244231159874,-0.016796879551728483,-0.03412184101677279,-1.1102230246251565e-16,-0.026886839077438662
-0.04218087763331474,-0.03258735593046258,-0.026364229936863492,-0.013305406365643258,-0.015002857002436754,-0.010360635603289425,-0.0349759011566122,-0.00026847561830301014,-0.03251032233595408,-0.02087323864321572,-0.03867588662825511,-0.02115484971217979,-0.04635077999061166,-0.00010183938066471443,-0.024295589926404404,-0.05077776752920388,0.0,-0.02122621795682139,-0.027018168000023657,0.00541700462751421,-0.03834291712037685,-0.03235497604902371,-0.02074463715341973,-0.01861120983161285,-0.030272887451692265,-0.029896175088872656,0.03605698699986598,-0.036864278573525644,-0.0374281695504875,-0.007978511515417619,-0.03647741831439366,0.02633228779205865,-0.010511468042639083,-0.007021888505137186,0.02156366513620711,-0.04696761385054976,4.492156161262084e-05,-0.005481307875548014,0.001652818438458603,0.0049398162269566614,-0.047676976409542215,-0.01241508125937113,-5.551115123125783e-17,0.0,0.029203935663936642,-0.0352943880069535,-0.002460448106630153,0.0,0.0,0.0,0.0,0.0,0.0,0.0,-0.04795792683572664,0.0,-0.0692391348561549,-0.022614732337812804,0.0,-0.00018096555525171087,-0.020151256157604047,-0.021897090938088615,-0.03274823835601376,0.0,1.1102230246251565e-16,0.0,0.021079282458812132,0.0,-0.04245487173022,-0.03355391934034874,-0.039388167273224084,0.0,-0.013150243135080897,9.762910234745181e-05,0.0,-0.04613220744436353
-0.05817083180492805,-0.0779298363741906,-0.025722649684332244,-3.710020408648207e-05,-0.02794848939714445,-0.03505300568277264,-0.024566943194810065,-0.04455769496164674,-0.00451553673496613,-0.01595109030666686,-0.029153221051243905,-0.02043382417258499,-0.04547935406771664,0.00011492575601007582,-0.032419927614150246,-0.07584376671672144,-0.02122621795682139,0.0,-0.031131511916115517,-0.019253699979606742,-0.06365927685161288,-0.03630164001565195,-0.0488303367137114,-0.015856383204798596,-0.048539358578024716,-0.06496963254157512,-0.026817896236488614,-0.030333710178429396,-0.042879581181302084,-0.04323656876852494,-0.04353430248430101,0.01639843802766916,-0.025741583455387684,-0.018830229492382444,0.006657577094357658,-0.017651131653687424,7.486784707250171e-05,0.02145325297075773,0.0015303619239259714,-0.017919053566787024,-0.015458997630079352,-0.010986389561383259,0.0,0.0,-0.0030148903400563642,-0.05715581309256562,-0.013197366287276524,0.0,0.0,0.0,-0.008247441660038657,0.0003157417452227529,-0.0004148424925509153,0.0,-0.0018833496041684716,0.0,-0.023636990516957113,-0.010509453110242484,0.0,-0.01947737579267228,-0.042896696447159266,-0.00978651285729526,-0.03195130887311415,0.0,-0.029625649214312322,-0.027616053677129382,-0.016870727092898108,-0.012147921977191611,-0.0208279492162341,-0.03504867220152763,-0.030097619874220882,-0.009586781601720107,-0.004600107293388389,-0.030732044360060717,0.0,-0.03351582135575437
0.0,-0.018377172183627777,-0.057286996930029144,-0.03830009281313257,-0.05442682692864065,-0.07291708573816708,-0.052269400509481256,-0.1285418522001015,-0.04167387076225523,-0.034690198111454795,-0.05461546414308477,-0.03703636455788961,-0.04847345464291247,-0.06001521622691519,-1.1102230246251565e-16,-0.00013365052261871124,-0.027018168000023657,-0.031131511916115517,0.0,0.0002820091389817425,-0.017351066345190347,-0.01843779713543031,-0.06243936720453236,-0.023268033283896483,-0.01828324756927069,-0.02752139957286487,-0.06087102052851634,-0.036818000805118045,-0.0241757859611621,-0.03412818181740551,-0.03068346124842486,-0.01332019160279041,-0.05816819813926544,-0.03124465901504675,-0.04810554880158019,-0.008871339604000938,-0.03662090579810856,-0.04461321919859995,0.06757812009024783,-7.121254361891483e-05,0.08889270585495695,-0.011554098819034908,-0.044942024411572745,0.02914374692882782,-0.0005432562064256463,0.0,0.0,-0.07139029488695542,-5.551115123125783e-17,0.01658907121632347,-0.01745670393719445,-0.03113289231667249,-0.032563284773259094,-0.03840077615326287,-9.212376831169156e-05,-0.17268510386788866,-0.01984777837104179,-0.03209935861915103,0.003582472801112624,2.220446049250313e-16,0.0,0.0,0.0,-0.00458053158384103,8.403974086074184e-05,0.0,0.00011868053080121843,-0.048625160234421094,0.0,0.0,-5.551115123125783e-17,-0.024075348136180064,0.018987625621289195,-0.009356345202764127,0.0002897319023839051,-0.03112196043482962
-0.03660261937806003,-0.034821393608739315,-0.01282460606034136,0.03090711544941349,-0.016166308937511142,-0.045162826865099814,-0.04042991782042937,-0.0117693754788194,-0.015002052128888888,-0.049794176845932014,-5.43917537971228e-05,0.011613601635003412,-0.03463649679292374,-0.0025132921390565444,-0.06731467330779373,-0.019435073894169097,0.00541700462751421,-0.019253699979606742,0.0002820091389817425,0.0,-0.036439164512358624,-0.028048315886344988,-0.05492003148030744,-0.007780816501123167,-0.023812054170871788,-0.03438296428693666,0.0020457637609052615,-0.006003376532587978,-0.01787283505538828,0.04268279797627794,-0.008303647214623233,0.058750063191255864,0.011290911130072245,0.016443539478019797,0.00861530048245085,0.03228343991899485,-0.005108878685386453,0.015700201246925338,-0.0014525981463713866,-0.04854954918257698,-0.05116805946678199,-0.010784681541746333,0.014331746029986714,0.012354407283087454,4.568348063727079e-07,-0.005554207186984794,-0.040870092873930564,-0.03785147642822739,0.0,0.0,-0.02742745029650273,-0.017564498500638237,-0.08354064892897506,0.00015085605811421265,0.0005660123876519707,1.1102230246251565e-16,-0.009112984683342484,-0.02617157540000309,-1.1102230246251565e-16,-0.03254075071875595,-0.017909204533553436,-2.5770359006194177e-05,-0.024532102412625933,0.0,-0.029577895228154905,-0.07570124568093622,-0.04365416151801921,-0.054656371004011606,0.0,-0.03131954487317984,-0.061434330792007275,-0.0420908015065844,-0.025089872671769486,-0.027255803480963237,-0.031724780628134275,-0.057136844176805146
-0.01402337869598963,-0.04983756794905164,-0.03647166872845603,-0.00028852624343056466,-0.032691122466151135,-0.013357796945070166,-0.023787713031542312,-0.07601139979431021,-0.028051069040774146,-0.035813592302713526,-0.01775711677825126,-0.020809947044153843,-0.02715473453485273,-0.02944795306342246,-0.05773107049501908,-0.03567517945922538,-0.03834291712037685,-0.06365927685161288,-0.017351066345190347,-0.036439164512358624,0.0,-0.04769684037453986,-0.04906311097005128,-0.029655590052953096,-0.08742419442265209,-0.07906766769405993,-0.025413692168248292,-0.01589070133262821,-0.024140949413169632,-0.03803638696275463,-0.01537783185437308,0.05314151024704228,0.015450486568606092,0.003766250213649569,0.012587904856486587,0.09515826883187006,0.003923800430421731,-0.030591572352477225,0.03255494640876039,-0.03524739382093306,-0.013279139451279565,0.03070907408007373,-0.034808988715626876,0.0,0.0,0.01619867694580296,-0.027250492245371294,-0.03566796299048025,0.0,0.0,-0.02775636251408964,-0.01273888542168189,-0.14865124836202137,-0.006330662446169755,-0.02107595292032216,0.0,-0.001955510466006949,-0.022287457839881064,5.551115123125783e-17,-0.0539525587626708,0.008574140599600877,0.0,-0.021313289989953854,0.0,-0.035950417507247256,-0.006618861221503514,-0.025534660823956334,-0.06968034065045531,-0.004221475341926739,-0.03019040113089244,-0.019429375974627128,-0.05138012735211983,-0.0313025011810813,-0.03570631384752976,-0.042776157371144485,-0.05584355243213235
0.008154917912231108,-0.05643367470503957,-0.016420740016450275,0.032284574139679056,-0.013704000080700385,-0.04109454521911765,-0.052019324933425926,-0.028637874189789803,-0.040040008321263976,-0.0039031242417878476,0.002170595901687833,-0.02354598310030037,-0.05195046681786031,-0.009812276785565843,-0.06494855148767892,-0.03187518522867894,-0.03235497604902371,-0.03630164001565195,-0.01843779713543031,-0.028048315886344988,-0.04769684037453986,0.0,0.0159778899611564,-0.010579718378113778,-0.04924247688726585,-0.04875701917412928,-0.009691841706043258,-0.02036605462356239,-0.03933785033016857,-0.0362479860493809,-0.039035064324897006,0.0652798314495554,0.047800248023850134,0.005147036660618276,0.010732799022418082,0.058159463890095076,-4.11310004567178e-05,-0.0023864615019609237,0.0006989666446109433,-0.04652941987356801,-0.03059905203393054,-0.008389935396868664,0.03158095735704919,-0.010406610263549498,0.00018838130667298003,-0.0019080514916499647,-0.013577434958189138,-0.008193769616777924,6.831735790469029e-06,-4.455469392855571e-05,-0.010947046953487971,-0.0015222970645512035,-0.0033711651787012298,-0.011104839974085734,-0.015057643744605831,0.0,-0.0014548731918856972,-0.014190114656567498,0.0,-0.07593036849544604,-0.011867009189019617,-0.015463480372573724,-0.005488785177376498,0.0,-0.03782690153444396,-0.06138445242245444,-0.04259348061396201,-0.04871357935383397,-0.019375303609076022,-0.031647176945723665,-0.04280597137470871,-0.03974699357686512,0.012058658930206245,-0.017436975906456875,-0.002464721980459994,-0.03719105487396418
-0.034021172786432796,-0.027033565774842394,-0.05439448685073828,0.030934228518900764,-0.047070409842670136,-0.05112333529883051,-0.021218407491136793,-0.020084522417075257,-0.06818745818539945,0.005295462926798167,-0.0587465217309317,-0.014782785444871771,-0.0007740439811390609,-0.0034071664137075297,-0.03856060696430691,-0.03017826896573239,-0.02074463715341973,-0.0488303367137114,-0.06243936720453236,-0.05492003148030744,-0.04906311097005128,0.0159778899611564,0.0,-0.03002361053395447,-0.06135022516021743,-0.03464520507231106,-0.05653056281306956,0.004289110385932993,-0.0038259143310213073,0.015997841263752255,0.028118628572205873,0.05310516438301016,0.09739154671681582,0.042061120314120015,0.045907278459724254,0.08477147302968491,0.029112502887236436,0.007112711929842586,-0.011542835745584512,-0.019403151911172256,-0.012733889729472092,-0.005110715955372824,-0.07999174932776126,0.01075834470906828,-0.009301975277649643,-0.03403383117649833,-0.029534457664547986,0.0060385700046702295,-0.019196759533562813,-0.026223427644426534,-0.008509377256498585,-0.005791516386116635,0.013048880843278376,-0.03838250829077061,-0.01699400207420282,-0.0677018216550479,-0.03752301485145143,-0.014904432773967913,-0.03981300051881714,-0.04898941731524831,-0.03632307664159262,6.268924831914768e-05,-0.027002632892358158,-0.029225288569076857,-0.04269146868404827,-0.10834654855338105,-0.036703994285868125,-0.019702821209694132,0.0002415918815553697,-0.029583983078987408,-0.03321335445453344,-0.05001844165499714,-0.02272219051063956,-0.03701405123208207,-0.030547512803135612,-0.014725455114262154
-0.027886427412351644,-0.010088509563210446,-0.018996202975412324,-0.006012839867488018,-0.019718124368429513,-0.005283094717747128,0.002709049836708999,-0.025511349079385404,-0.02442061051973099,-0.004887746078348687,-0.04910423340658343,-0.025594027658477014,-0.022869494880096763,-0.029080176010590708,-0.011502135672850244,-0.02563744533394874,-0.01861120983161285,-0.015856383204798596,-0.023268033283896483,-0.007780816501123167,-0.029655590052953096,-0.010579718378113778,-0.03002361053395447,0.0,-0.03594359581697815,-0.052869188137393885,0.020981455789070458,-0.005298853785667301,-0.003296377876745027,-0.0106986893983953,-0.005836442092546246,0.10309382567955466,0.0052024345712951,0.006641986352979357,0.07050092381193707,-0.09390044450014517,-0.008821851756093013,0.019790728022070214,0.054847620395875596,-0.0351412094510814,-0.006956836496595897,0.047688111974888536,-0.011732457222347559,0.004652199815761926,0.017384557914735366,-0.044303854332854775,-0.01449633806072187,0.0,-5.551115123125783e-17,-0.0002476110460510328,-0.0053235592834406376,-0.00021217842673676435,-1.6653345369377348e-16,0.0004410978652907849,-0.06463188882183218,0.000324495970283889,-0.07462427106293196,-0.012668229079981441,0.0,-0.0008980400298101432,-0.033350821426677335,-0.0411779990623688,-0.046345060248417724,3.0174521143400135e-05,-0.000553779928499698,-0.051613371097860294,-0.020197464290550415,-0.0007705471591449298,-0.06600607943169423,-0.046772135221250066,-0.05368167310779026,-0.005004571511721789,-0.0038662837431958086,-0.01939730396653777,0.0,-0.06095248924335317
-0.06198995007027425,-0.05279417647536072,-0.02484124382392011,0.0005281524851216135,-0.017081394193400545,-0.01590316675793163,-0.006810465262804433,-0.05219105477265695,0.03282757066451447,-0.006964739826292865,-0.0235305482586049,-0.026043939513171577,-0.025520110195060397,-0.0003932060430037465,-0.039413506617483884,-0.07603408693603397,-0.030272887451692265,-0.048539358578024716,-0.01828324756927069,-0.023812054170871788,-0.08742419442265209,-0.04924247688726585,-0.06135022516021743,-0.03594359581697815,0.0,-0.056130119808608214,-0.009286372652730301,-0.011767024499303114,-0.026268011446248685,-0.023768722550489563,-0.04810346018913636,0.030284646321758202,-0.018404650925788135,-0.010843869716145205,0.007550199882203956,-0.03295975953293301,-0.008134424186491851,-0.007024009526249264,-0.0034337050637784916,-0.019784423944527618,-0.027997084497026536,-0.009896431931051275,0.008994972955000735,-5.551115123125783e-17,0.03196856040095658,-0.06133679853147428,-0.012546928438546268,5.551115123125783e-17,0.0,2.220446049250313e-16,-0.022086579463922174,-0.011025256670593897,-0.016598558835801136,0.0005120579448968932,-0.026879025336535245,-0.0003608054517851289,-0.04796485449307991,-0.019430490041413895,0.0,-0.023334731900815253,-0.046471413357466906,-0.022836970032384496,-0.03895891571222404,0.0,-0.042718100132766224,-0.02764343008771808,-0.014816176878671872,-0.029631883102650414,-0.03401249358008035,-0.04432294067086018,-0.038744537113644006,-0.021825877931800908,-0.013895932258783272,-0.05719704276636245,0.0,-0.04098537195477109
-0.07098182914669571,-0.029004090779399305,-0.023775235291988106,0.0008918212696460426,-0.02230513575637677,-0.028554500281472994,-0.01847207638940196,-0.03472008606316135,0.0038461537264513623,-0.048652463293255344,-0.04298032391170992,-0.06579824232368403,-0.03198875254651795,-0.02245054100552135,-0.0355598381531555,-0.03416665682448633,-0.029896175088872656,-0.06496963254157512,-0.02752139957286487,-0.03438296428693666,-0.07906766769405993,-0.04875701917412928,-0.03464520507231106,-0.052869188137393885,-0.056130119808608214,0.0,-0.015838268632227648,-0.02831896849878851,-0.016508576271926367,-0.029687804652208938,-0.04733043539428522,0.026194664285262903,-0.045411981544434654,-0.023014229011177834,-0.01918742872669643,0.05069300182737285,0.01977909435453834,-0.017477880678688995,-0.027362214981290156,-0.04057175569891602,-0.05392606873531958,-0.02113495857381864,-0.023995144156452097,-5.30485674744563e-05,0.005056605389743063,-0.08315422025746488,-0.0658116191625005,-0.007964532212188402,0.0,-4.2648409868562e-05,-0.02176179526050892,-0.0185723742841144,0.0094714754401935,0.00798021002755478,-0.04563477599530569,0.0,-0.06502299538406947,-0.015105566218396704,0.0,-0.025387521422676085,-0.07544256826013135,-0.03532525360875122,-0.04424096412529882,0.0,-0.02363362239637712,-0.017870485057060514,-0.08472501443031888,-0.029040643123863674,-0.04032039506887464,-0.049182908626110466,-0.05677393012380394,-0.022218559439664054,-0.016878624405395837,-0.08019081644352,-0.000462893725437008,-0.05377763693816767
