0.0,0.5808083673873496,0.17219124862661436,0.0,0.32279160353340053,0.2198299854462588,0.39129693848521035,0.4299357451101325,0.441937545199675,0.32023606842953883,0.5173696562598853,0.3465037649149863,0.418848718879391,0.44814613162947364,0.2516416613445107,0.5065745241791162,0.171445483178085,0.1868061705657435,0.0,0.38657844623515875,0.3647087495350503,0.7109973423332363,0.357747715403521,0.45857384123424294,0.09349832698399546,0.15130609056817643,0.47816321814889406,0.28716192061398094,0.42095170372756274,0.32317361030049896,0.37293536029912555,0.9751666522899121,0.6036106380963617,0.4847240545950169,0.6944071175783394,0.628125628447328,0.4999952842425241,0.5951639109832425,0.8477560474649636,0.17008237791583344,0.4443227798126371,0.7389488382381895,0.5101224199195615,0.0,0.29035158633710173,0.3325627953075605,0.5985961761461965,0.0,0.0,0.0,0.3478863361038232,0.0,0.42284874934221955,0.0,0.011368386183499779,0.0,0.4629572163140465,0.7200971200385362,0.0,0.359694392444892,0.2235474226746531,0.11019912283585448,0.15659326052673309,0.0,0.4968337947969876,0.509378964229203,0.5748276483144784,0.4207281919537186,0.7352478251163403,0.1735349335525876,0.2688556779523909,0.3865200623279915,0.4553062353068341,-0.1647454613949157,0.0,0.17449594948873676
0.5808083673873496,0.0,0.5495508241594259,0.4012298864605532,0.42330370171210585,0.2776835737294754,0.2660099065489042,0.275141262052395,0.2696893128881104,0.3095291349234819,0.31883052632636544,0.3297530989782485,0.22786680614956223,0.26877141890908696,0.349480790656957,0.3318753755596815,0.3593208743345778,0.09265193370808172,0.4514050615259235,0.299935208087341,0.2888715560705183,0.2658413629041977,0.4678512878447287,0.4545102680672976,0.2587429031737432,0.35521087690572695,0.48894793900708744,0.33503019515340743,0.19376328686709557,0.5712516621637667,0.3887736800388474,0.9584656690280637,0.45412887559016146,0.4826157079090735,0.6083276129766731,0.6388496135382531,0.057751084752786286,0.0,0.7472333182769085,0.566453730496058,0.5498095682396508,0.8245501403871791,0.6047576729854311,0.0,0.0,0.6045603327209652,0.6100130740505655,0.04028868033914348,0.0,0.0,0.4992764421524959,0.5717447474719833,0.47926027153235057,0.5949807403192233,0.3422171789055497,0.0,0.28232616680570877,0.5552371661368133,0.0,0.467753381541945,0.5240787353137886,0.24777029159307995,0.0962734284062075,0.0,0.5244130533438525,0.5204757148635982,0.6396344430985014,0.38615868014381627,0.42185974465502063,0.19631519038168788,0.4641154781444885,0.3677343468384244,0.6106991558892225,0.44029205768512714,0.0,0.55709609921548
0.17219124862661436,0.5495508241594259,0.0,0.7427233572146543,0.19201545730310182,0.21005080213861582,0.28521769314121626,0.34105503009281485,0.00697995022004852,0.3984829703119367,0.05667910827371103,0.35874859185337316,0.3585990488908207,0.40805263550704773,0.15134345622999018,0.4264801165702532,0.44700062043226163,0.34140219439377184,0.17809916060702746,0.3565804000998949,0.35910834238863415,0.5090927743672864,0.23692547988792634,0.41648009395641294,0.40476441782683015,0.415776755566675,0.28819563037680823,0.5549443686622901,0.4419203834118607,0.7014126856993779,0.5629938323245646,0.6550763782092639,0.3991111659837393,0.569728679669212,0.44309866344980975,0.697865935225798,0.5065842352173631,0.40810836504334663,0.7197503683646524,0.47450133065317135,0.5278916228817931,0.525668534453188,0.5619884881335955,0.7398224063639414,0.0,0.0,0.43301563531250714,0.1760708833301453,0.51049915644468,0.35859503545891946,0.4265177793707909,0.4830073484776446,0.5051527785314283,0.573261949926809,0.4666707430736696,0.46728580436654027,0.5081599623832455,0.46102692861579947,0.461643680296395,0.4006402188957948,0.0,0.0,0.0,0.07245078993490575,0.5209890303859912,0.5685759712092517,0.28864985847669933,0.45179056625708325,0.0,0.5861146093892544,0.22321530309106707,0.5310423516760716,0.5015202230484572,0.4808072970142454,0.5346489261656863,0.2985634942062635
0.0,0.4012298864605532,0.7427233572146543,0.0,0.28169674953536544,0.5138672328291902,0.5619383245751337,0.9454942992343895,0.4602470548169526,-0.01922114748100137,0.41498517662152035,0.4264872699194746,0.3225197259378839,0.3309475978303622,0.8496151917981158,0.2771056673361915,0.38121108050049396,0.5104202679012471,0.3506812159097358,0.8628757285636404,0.4873445575682815,0.8475002530249511,0.912594251702654,0.3234091330006824,0.8616243489102583,0.6123110459155697,1.1137246975921733,0.24293497739476716,0.32873344109167896,0.6154864193479954,0.5824751498055316,0.008593261989242484,0.37310344318444466,0.02688156624479182,0.059841168656197125,0.2366511495366877,0.2614815245584139,0.2679571399122952,0.15579608576427356,0.4058718638893557,0.34272364108769765,0.49859206161693315,0.7559163184100405,0.34630061233193593,0.0,0.0,0.0,0.47014678516404546,0.0,0.0,0.59876266674095,0.0,0.486574106607881,0.3212137809994842,0.0,0.355138817700837,0.7055159163457292,0.503216023179755,0.0,0.0,0.0,0.0,0.0,0.0,0.0,0.0,0.514975662335037,0.5071679661884925,0.0,0.0,0.0,0.42437967002473503,0.4308096041709048,0.6637457855584872,0.0,0.0
0.32279160353340053,0.42330370171210585,0.19201545730310182,0.28169674953536544,0.0,0.08358150313742102,0.028564598514751988,0.43024127365796144,0.10732532670701528,0.3557454450444981,0.2290721591732221,0.12271380699485812,0.17968801975300228,0.3295999206593208,0.38615461004355406,0.45629316010604926,0.5244882819283477,0.32591097095668486,0.20710707875932202,0.4418251273156754,0.3879707490130964,0.4554676846750586,0.21582601966188705,0.41334877795536484,0.4419792854766975,0.3920632992293586,0.23424669439770074,0.3742918431937639,0.4194895143359355,0.27816658050410603,0.3814651136126259,0.45759861589041706,-0.02966690845196951,0.18313688966999725,0.12518239011683716,0.3058014510931584,0.19904189439356482,0.11984552571950113,0.6663533848933159,0.4885152037288455,0.7901620971132048,0.8434204664125707,0.12332751940569031,0.7095898264951345,0.38068204973882414,0.0,0.18218854466520196,0.5524689499982556,0.0,0.6182916696792236,0.5068244785572797,0.5936295523811388,0.4570934700437914,0.5007202302706577,0.0,0.31287900085392384,0.2973683767949489,0.6347609714214688,0.19108417766263872,0.3916924539281989,0.4843125050423462,0.0,0.0,0.5681708719397253,0.39983806851950865,0.49900293954958236,0.39332592474635397,0.5156777363171529,0.0,0.4752400779085571,0.6165882843747449,0.4554885572582631,0.4950033539152854,0.37612826262988763,0.0,0.49302437690757533
0.2198299854462588,0.2776835737294754,0.21005080213861582,0.5138672328291902,0.08358150313742102,0.0,-0.06301060722784013,0.6684644176053971,0.2643970815735439,0.5272760048793258,0.19469750219905624,0.7214501889247296,0.15187878482465778,0.7005780957704957,0.37672869008634724,0.4106290924501511,0.436405100314505,0.3268263709131217,0.1983418607719386,0.18700184685089347,0.5237778839844875,0.21074035699615443,0.2387268218456288,0.40126730618107154,0.43119230694135435,0.45605521388767595,0.3557373796775293,0.2790104797473745,0.25932716404617084,0.6601450588401583,0.6181571227522498,0.8600421331387881,0.6807164113558091,0.728181568739245,0.7935426390766362,0.8061439155528449,0.6775394794617972,0.43854022517575253,0.7913244882426106,0.2980452114633518,0.7926058450512123,0.5428927523418186,0.47505393691536246,0.7647299748955959,0.19744878042342168,0.6209764796354416,0.42262755551732323,0.6742468031789876,0.6388506059492822,0.8726050192218673,0.6696440620817016,0.7146996547586519,0.8375446572705078,0.5783973731490734,0.4386046308400412,0.5100614885265611,0.3208105931662698,0.7073793068006162,0.6141007470279488,0.4832663463705178,0.448887658339214,0.0,0.4282820570863984,0.46662194939148893,0.47861629743392575,0.3773962091598654,0.4382518484832163,0.7240491968733106,0.552330677233223,0.39203938266475974,0.4101189570302259,0.7166508529292432,0.6550247309546808,0.5078018667985478,0.44424596451921405,0.6664075735533305
0.39129693848521035,0.2660099065489042,0.28521769314121626,0.5619383245751337,0.028564598514751988,-0.06301060722784013,0.0,0.5414164022285386,0.05087362011504282,0.39443590830787195,0.32653839568699117,0.6338134740740877,-0.07598884304580644,0.43362833809259227,0.6274296110672548,0.3252282845649481,0.3572016592932249,0.41997102387089624,0.27574522766273546,0.25005230814846097,0.36459786155648266,0.22708103618279563,0.44304185482784497,0.5897805365233597,0.5273966608584391,0.5104264155352152,0.04145666313245183,0.3597691549861569,0.18129359411511686,0.2619387455318626,0.3471326620333823,0.35875698294196506,0.3751499756027529,0.248197216028715,0.10797078767367096,0.8493222266996584,0.4694416520735267,0.6709110924881564,0.8570494595131071,0.18110972790441787,0.7660663408366879,0.7475847049263339,0.5478848231858692,0.8855440713911946,0.22397316350226332,0.0,0.47029985799906315,0.41026186106682627,0.0,0.593042891547936,0.5556319652598272,0.6221774512515533,0.46177411056951756,0.472316337943836,0.5834367112376121,0.39293820690607634,0.5287197261000354,0.4951762614995508,0.5590236993196305,0.2659376111236202,0.41642357583042544,0.0,0.5170637403718288,0.5827327930545629,0.5574832226024864,0.7000886571007376,0.5951165974092067,0.4979737773767796,0.5118567037681714,0.5355987356399706,0.4987734788888434,0.4373728957550159,0.560903768655515,0.3955573032387643,0.534053138571572,0.6394222146076914
0.4299357451101325,0.275141262052395,0.34105503009281485,0.9454942992343895,0.43024127365796144,0.6684644176053971,0.5414164022285386,0.0,0.5065281154110046,0.5744602077725912,0.15984328159832004,0.5036980770715702,0.6644994366676584,0.5685643494017341,0.39259572937818366,0.5528878869807223,0.48400384723691764,0.39689554583174047,0.08309211159788363,0.4426526146920847,0.0655473867837601,0.37922082854571204,0.4923059782532061,0.31136543999825883,0.30132963574333116,0.37108542690268603,0.5372347674032161,0.7064410070144136,0.4549377525486116,0.7614021331465664,0.8050331976701299,0.9141385292585098,0.40829067645897776,0.9017283244305221,0.7641430433354427,0.4104377528510366,0.8103763612154711,0.2881995288116128,0.7307183868637717,0.48599625869808966,0.5184320964783223,0.4692414432685812,0.39118055795682394,0.3614305698356227,0.0,0.37046791316713545,0.16250794262289425,0.6343851723481082,0.0,0.5655438266524525,0.5581963694267186,0.5117586508628755,0.355395526285348,0.33719335697885444,0.6975281598902825,0.27931019113653455,0.954286771831798,0.5542777555032254,0.45843819288584,0.3022469924558934,0.29968718729792765,0.0,0.5966112857418359,0.40586205660636543,0.6018966110249737,0.30271284687972555,-0.0545290728713233,0.378213297622485,0.0,0.268541672759673,0.27625344612357927,0.3168932133046619,0.6499162575942882,0.48493240693766215,0.5368570908646535,0.5620397542499425
0.441937545199675,0.2696893128881104,0.00697995022004852,0.4602470548169526,0.10732532670701528,0.2643970815735439,0.05087362011504282,0.5065281154110046,0.0,0.4253681230657666,0.03363283076302992,0.3995446479278913,0.3780121483285397,0.6482499500409169,0.6589617330989141,0.4630378053468537,0.31695471631032934,0.5325573968551099,0.19920587917738294,0.4253870365689385,0.32931815143509746,0.24246694732090757,0.21429573331108698,0.45100014002589905,0.7155880669392518,0.6390307741230983,0.21019585271855315,0.4668896887170369,0.34781266609727723,0.5688572451361201,0.44199589850777565,0.5316904613905512,0.43465447160334036,0.46576357277083413,0.42874609084684795,0.6515705235902345,0.49570368377821655,0.37422034652888514,0.6868945015758865,0.5148658517734617,0.7048875529241603,0.31496929414481634,0.2963363816374376,0.5612329538474153,0.3814657474984213,0.0,0.29761890151566084,0.43392461624370415,0.4924628640783536,0.6131913510429995,0.5006807414725696,0.6049513950009616,0.45961545496116507,0.3517828769879051,0.30144865885861677,0.4948589559880153,0.24606162422087813,0.4917005379742001,0.42141864826089326,0.4011878522512642,0.4025368854416401,0.0,0.0,0.38914253738158877,0.6702163076998741,0.9322613578489092,0.49980565191122894,0.48442290111454644,0.45530407013734214,0.36719752652242765,0.1879665709853487,0.527480185705201,0.552232088693253,0.4746350879921676,0.3776021641397092,0.6858359332518513
0.32023606842953883,0.3095291349234819,0.3984829703119367,-0.01922114748100137,0.3557454450444981,0.5272760048793258,0.39443590830787195,0.5744602077725912,0.4253681230657666,0.0,0.37070549414956977,0.40686267465173687,0.3217766314277451,0.6903006812067098,0.42359895537874676,0.22300003334179458,0.5237068073680623,0.4445303144148444,0.39667553480255846,0.1275812343350287,0.48408997651980923,0.5040738199412478,0.6234749712185133,0.49185304334783614,0.654477338816045,0.3717296628055759,0.5611697715758006,0.5548581732348825,0.4205770293557017,0.29363373055264885,0.49615737431561757,0.40070080126565655,0.6415067929682163,0.7150973943411838,0.590974530655624,0.14641047992867434,0.2864364751840996,0.44996326756033656,0.43285351745297695,0.24755381250704805,0.35234727134431393,0.48841691248533114,0.5959522830847442,0.282573173967986,0.4234133093910102,0.36280248942894777,0.45953859391379737,0.4029425480723834,0.4943652779932338,0.49544458978092987,0.3782727804879714,0.3449117048659826,0.7288859863536441,0.38158988883752676,0.0884889188526656,0.4088495610931571,0.04725357261281138,0.2888483301719213,0.0,0.6691077267488177,0.4950427076262396,0.30735374825630135,0.3657312863809723,0.4843977367125445,0.5102395496663855,0.4525727007000129,0.43930285392560653,0.6199211781711333,-0.028148471560044186,0.30850701865862196,0.129971890715252,0.5444236662717756,0.35075448437730405,0.26006091396853936,0.0,0.3800456451385441
0.5173696562598853,0.31883052632636544,0.05667910827371103,0.41498517662152035,0.2290721591732221,0.19469750219905624,0.32653839568699117,0.15984328159832004,0.03363283076302992,0.37070549414956977,0.0,0.30022979824769974,0.3015580948187106,0.460025567798534,0.0,0.5096275351010164,0.3037870389938725,0.3868951441489691,0.16737158030314372,0.4837614124557512,0.35277649942931,0.4547625820968086,0.20331626923500173,0.25565341754429427,0.4459721259872771,0.34428859565294856,0.23598837221405697,0.29978774455397783,0.2320150431105619,0.29958371168720477,0.3600279218669735,0.6476365590812253,0.2698547269663455,0.3686409889820462,0.2784564575132191,0.35865684906466644,0.4966511166460067,0.31167980032342807,0.6292399853280104,0.4073317682628385,0.6153835559724,0.4743500689728705,0.18026057372483367,0.6112563358789211,0.20601388504912965,0.0,0.0,0.17461811462286264,0.4740705873578511,0.14394026861720563,0.4386112432058191,0.36969847418338664,0.22430242993865754,0.14322130706861944,0.3909729070720974,0.2900640478068369,0.5264045834891183,0.46024542234280913,0.3076903937741754,0.0,0.0,0.0,0.0,0.12945460300721817,0.5360490304803136,0.0,0.5809271983255746,0.12537404632258212,0.0,0.0,0.46459635914652697,0.39542446425529454,0.3494733936986118,0.20373082827233469,0.0,0.41598288871073086
0.3465037649149863,0.3297530989782485,0.35874859185337316,0.4264872699194746,0.12271380699485812,0.7214501889247296,0.6338134740740877,0.5036980770715702,0.3995446479278913,0.40686267465173687,0.30022979824769974,0.0,0.2031027090832852,0.29319124269436664,0.44440333602742765,0.5178514975369528,0.5592853629692389,0.6010598206904145,0.4007011083600608,0.59131743462866,0.49544732288475196,0.32938062682110847,0.4451190509914732,0.30702117460840206,0.4951044860950678,0.26756228857881376,0.6299308877640815,0.5006460980831007,0.5500858419817962,0.2987108978770646,0.677874943070523,0.32059262257275384,0.30428713624039344,0.3735595640531475,0.5980884492858138,0.0934638471567181,0.3393989936563162,0.28685456914610125,0.4297001316776621,0.3239609054992112,0.44474964936168854,0.44583250261239127,0.4054703821736506,0.2690467111287277,0.4349284462389569,0.29332810165827927,0.5672327898239171,0.3837576376689519,0.37145601526914057,0.27058078199168173,0.2616047586352457,0.4870446104322343,0.36614610942266185,0.4175521229739468,0.011672221887020218,0.37938168727997273,0.11078356517940968,0.2775886144919495,0.5624213122657786,0.5657016986914016,0.5416150624713096,0.23643729321994694,0.3935138804548176,0.27706136854865193,0.5328548407380359,0.602779399052196,0.38809607037089494,0.5091019054915157,0.0014696317591063324,0.24857306405866125,0.0846015522995806,0.5200164932152893,0.4322628393386573,0.5965116475280305,0.0,0.3964165489274756
0.418848718879391,0.22786680614956223,0.3585990488908207,0.3225197259378839,0.17968801975300228,0.15187878482465778,-0.07598884304580644,0.6644994366676584,0.3780121483285397,0.3217766314277451,0.3015580948187106,0.2031027090832852,0.0,0.4161239661279411,0.291966821727801,0.3676502102640311,0.1985061451330023,0.28059700271657284,0.32968071932505516,0.34930620718697314,0.38930944154331704,0.22875561929503396,0.636175670921583,0.3107351426914526,0.4570626663935265,0.4152924501880831,0.4346326029910821,0.17872839033962454,0.3205507434279258,0.27853316485734025,0.15717357098580223,0.24354756845465897,-0.0664740225318704,0.2148748550944302,-0.0015333355391992654,0.3555784803163773,0.2693159230368846,0.15719962322156278,0.8440986145812415,0.7013127093784309,0.9904074454494878,1.0196595070082222,0.6364678726138118,0.9116529634456169,0.4160817216704298,0.7396756226130755,0.5649714811454991,0.602825007793658,0.0,0.6998667277191999,0.6253610177279477,0.6481339564612767,0.5224337642828902,0.5614973866352709,0.22047053594330485,0.5047517647113635,0.4334910731904823,0.7055066663266336,0.5123419442228043,0.40546782743536314,0.3893745617753811,0.3939559983559225,0.5615043143376073,0.5668631085078721,0.4441393967205305,0.4790853409206553,0.344275719794054,0.5855902221236338,0.47689455107022355,0.4309131363385966,0.46954375014709815,0.5517865845265733,0.6994545698790097,0.5708760624624459,0.5562287646609831,0.6346264225191954
0.44814613162947364,0.26877141890908696,0.40805263550704773,0.3309475978303622,0.3295999206593208,0.7005780957704957,0.43362833809259227,0.5685643494017341,0.6482499500409169,0.6903006812067098,0.460025567798534,0.29319124269436664,0.4161239661279411,0.0,0.2684661404707902,0.5692987871765034,0.48529770406702866,0.504014902881512,0.27971941833433345,0.4923132846844826,0.3644761114774354,0.12906460630591915,0.6096989441825421,0.5569770918967796,0.48403005248263703,0.33093284049424826,0.5475765841712971,0.7453970475907469,0.3074463267900642,0.44599295946583256,0.355687335991384,0.22488497608837837,0.36451294984093485,0.5263666116379109,0.2702480206562946,0.21051681222144225,0.27920065968476815,0.2914368904715261,0.5793467726863977,0.0,0.6386309108391082,0.6950647909128744,0.3446678772281517,0.5100433450279278,0.0,0.0,0.0,0.4187591923339909,0.0,0.367255006557954,0.39034604032373077,0.4705866983859652,0.5211939913382788,0.12001934285206176,0.0,0.28192447839704005,0.3816844241009751,0.4827273005764416,0.2452076941621303,0.0,0.0,0.0,0.0,0.26755713833731,0.0,0.0,0.0,0.3959334553033339,0.0,0.0,0.0,0.37450875621608526,0.4056445254814028,0.0,0.0,0.0
0.2516416613445107,0.349480790656957,0.15134345622999018,0.8496151917981158,0.38615461004355406,0.37672869008634724,0.6274296110672548,0.39259572937818366,0.6589617330989141,0.42359895537874676,0.0,0.44440333602742765,0.291966821727801,0.2684661404707902,0.0,0.4342636617025636,0.14545108482162136,0.313163264903913,0.0,0.2670809103542461,0.09908498801074028,0.13675300497227538,0.29554514954556516,0.43775634772373184,0.2768447142314197,0.36385241401353924,0.1677736225133289,0.8164458732042161,0.4678096824538135,0.39620086885160843,0.5328894562135178,0.9558553536197254,0.45836621324312443,0.572160444932332,0.589628235169541,0.8670549522189175,0.5235408009214553,0.38271912780313044,0.502310454305877,0.36425167757664134,0.185202766660857,0.4341078913959323,0.377332837626223,0.6440211874193373,0.0,0.5382900438006235,0.6055753503089463,0.37819843865708763,0.0,0.0,0.3970139066169267,0.6655229451957982,0.5145294078446488,0.6323291471233659,0.0,0.0,0.5890899658622197,0.43660687328275116,0.48690750720415205,0.42783504200653877,0.4788783379749332,0.5949870217574167,0.5858699331708145,0.0,0.7020849078965767,0.08155796418749309,0.4440253887805897,0.6058778915316312,0.5053152130279446,0.4750163243875117,-0.012142610961254685,0.49792008155965506,0.3729677768071076,0.4068693306514728,0.3627329057776548,0.5412259933727852
0.5065745241791162,0.3318753755596815,0.4264801165702532,0.2771056673361915,0.45629316010604926,0.4106290924501511,0.3252282845649481,0.5528878869807223,0.4630378053468537,0.22300003334179458,0.5096275351010164,0.5178514975369528,0.3676502102640311,0.5692987871765034,0.4342636617025636,0.0,0.14139398440573858,0.19425973691688814,0.46533517779437716,0.4495463410428845,0.42135684483701863,0.368138216148528,0.47561009156034706,0.4485809970174756,0.143525744489086,0.42370624159700165,0.550509415155711,0.42688264555956645,0.29689970909478736,0.4943354496141711,-0.12203656933918383,0.8130165677669362,0.3458206229525993,0.14183654905190546,0.4199524607640616,0.6675162941619414,0.442214214857089,0.565250411445342,0.8240501465087318,0.5292460160188274,0.6281225789462292,0.6831325446173824,0.5109932055626668,0.0,0.0,0.4266174310656242,0.814549874743996,0.0,0.0,0.0,0.5609088005616566,0.5817372474806513,0.6340073128252722,0.0,0.7627889085569841,0.0,0.5086769034863377,0.5757438093455987,0.0,0.22958451535185484,0.6199086112388391,0.621050645448668,0.3655637425848969,0.0,0.469656593485401,0.4759737546759668,0.6308581864689069,0.3399089254413017,0.48922702934976126,0.3840010383132463,0.5188417249687867,0.3309916140581279,0.4864201964906716,0.35740571957642037,0.0,0.30242936055480263
0.171445483178085,0.3593208743345778,0.44700062043226163,0.38121108050049396,0.5244882819283477,0.436405100314505,0.3572016592932249,0.48400384723691764,0.31695471631032934,0.5237068073680623,0.3037870389938725,0.5592853629692389,0.1985061451330023,0.48529770406702866,0.14545108482162136,0.14139398440573858,0.0,0.5723031014564147,0.4766589502929425,0.5017754020833988,0.13325806357395947,0.31983920942330524,0.2957280897029604,0.5193549518649663,0.43511053504498687,0.37895785569567764,0.8220578307210972,0.544401813250939,0.1715517347689805,0.3853375662395933,0.28803792587120974,0.8491233544071347,0.5689763852913865,0.5192616523538207,0.7415849119640575,0.34830810597127815,0.39153852851246224,0.40311668220652325,0.5755743658607924,0.47956719719660423,0.125813002528201,0.5385361117327536,0.0,0.0,0.6799274237222679,0.4842117748543383,0.49952686944664193,0.0,0.0,0.0,0.0,0.0,0.0,0.0,0.22732577919232744,0.0,0.08071757219320541,0.22198106195598521,0.0,0.5628147235685872,0.27729144459543664,0.40917405030507714,0.31818121146188305,0.0,0.0,0.0,0.819512893652028,0.0,0.3420571820850038,0.3960595661692339,0.3652449512508549,0.0,0.2988043808170135,0.4887674448410809,0.0,0.26581710058414965
0.1868061705657435,0.09265193370808172,0.34140219439377184,0.5104202679012471,0.32591097095668486,0.3268263709131217,0.41997102387089624,0.39689554583174047,0.5325573968551099,0.4445303144148444,0.3868951441489691,0.6010598206904145,0.28059700271657284,0.504014902881512,0.313163264903913,0.19425973691688814,0.5723031014564147,0.0,0.3493561571350129,0.40802335965437136,0.21498893317334083,0.26934365729930976,0.31571880158616983,0.5117220714544278,0.3275915091948754,0.16337237972271806,0.43099716545808975,0.3258967764473236,0.20508958183507037,0.28600241021193895,0.17320962685575847,0.7451028443326966,0.44912402122328665,0.46798167403717855,0.5822147058084202,0.43378590448944193,0.42663244434818154,0.4907965129536884,0.6519175379435798,0.41493772289366765,0.41085583926891234,0.49857824772820303,0.0,0.0,0.5098696347514853,0.2949120434224058,0.5967516832494438,0.0,0.0,0.0,0.4739477308095561,0.5288671253636732,0.5955565381592193,0.0,0.6096756840356725,0.0,0.41523961743861104,0.5176344804694042,0.0,0.4967725510013467,0.3267868848908793,0.5634734021577683,0.3753453495677468,0.0,0.2541182625032723,0.4200233990178883,0.47403920174184433,0.7038710593813775,0.4967705589359539,0.39977107121835664,0.4676597253520818,0.4421289408437044,0.6627679741832257,0.32265733132111807,0.0,0.4136922413480737
0.0,0.4514050615259235,0.17809916060702746,0.3506812159097358,0.20710707875932202,0.1983418607719386,0.27574522766273546,0.08309211159788363,0.19920587917738294,0.39667553480255846,0.16737158030314372,0.4007011083600608,0.32968071932505516,0.27971941833433345,0.0,0.46533517779437716,0.4766589502929425,0.3493561571350129,0.0,0.4968790099426872,0.4121293977356786,0.4238455673904963,0.2343308635378768,0.40365926465398716,0.47163992007736416,0.3903137245776456,0.20532940752075457,0.4270858373817779,0.3488725895404461,0.4642400102480384,0.4581249815797789,0.5590652367350573,0.15145546313199826,0.4529773686665859,0.26008572909920846,0.6192312493503872,0.3376993601496685,0.25866818913457346,1.0479706454211226,0.44438834876607924,0.9447441246874183,0.26943917387534694,0.47909677638054937,0.7566082593186532,0.008972034201060524,0.0,0.0,0.5295785726385661,0.0,0.560497241063353,0.5006005584212161,0.48124962908149727,0.47598911498615065,0.4766735184201237,0.6053204619239743,0.17018145269472876,0.3759727690306422,0.40848257700042545,0.529650054648854,0.0,0.0,0.0,0.0,0.6856012592613716,0.47607486066866267,0.0,0.48418296494417845,0.4329657131049635,0.0,0.0,0.0,0.5294318759425622,0.7911122415222736,0.3922586160992272,0.49822420542401397,0.4373972062879031
0.38657844623515875,0.299935208087341,0.3565804000998949,0.8628757285636404,0.4418251273156754,0.18700184685089347,0.25005230814846097,0.4426526146920847,0.4253870365689385,0.1275812343350287,0.4837614124557512,0.59131743462866,0.34930620718697314,0.4923132846844826,0.2670809103542461,0.4495463410428845,0.5017754020833988,0.40802335965437136,0.4968790099426872,0.0,0.3343948803887737,0.32831651524102745,0.3137072940778354,0.5446957853701471,0.4065974692127223,0.3394224388482008,0.6089157017129037,0.5954711649983273,0.4723551227692896,0.9130577307250184,0.533675938979083,0.9301960404880414,0.5800065246691704,0.7679591111997706,0.6943088834631798,0.9980618490613264,0.4775086822290007,0.813607691445921,0.5379110003128209,0.18036778117923521,0.2794321423247554,0.45314075986980396,0.6324714321435687,0.4206196706038491,0.34919807496790406,0.5891084923120951,0.2622026825243332,0.3808850676309927,0.0,0.0,0.3573318738561677,0.5036768706453228,0.14722490229015223,0.5395732151369939,0.8511813658961499,0.0,0.4713495482765711,0.4737350427761414,0.0,0.4075974344098937,0.410513323405635,0.5102365844033768,0.4155042739330794,0.0,0.3916655145003526,0.02213254298561218,0.2591591319246091,0.2613936220702847,0.0,0.3089753740336172,0.061869369527983664,0.30174154715110235,0.3874649916241183,0.4181100842915649,0.33820109609518845,0.19330838532183414
0.3647087495350503,0.2888715560705183,0.35910834238863415,0.4873445575682815,0.3879707490130964,0.5237778839844875,0.36459786155648266,0.0655473867837601,0.32931815143509746,0.48408997651980923,0.35277649942931,0.49544732288475196,0.38930944154331704,0.3644761114774354,0.09908498801074028,0.42135684483701863,0.13325806357395947,0.21498893317334083,0.4121293977356786,0.3343948803887737,0.0,0.19843637061816544,0.2550537052916204,0.3346682872130812,0.07854301582742745,0.07936826152274717,0.45638882193640756,0.4311900110870114,0.3292095473825469,0.28762044694506717,0.48842261867112546,0.83388491449466,0.6145250750494358,0.5125725768648997,0.7037688132572036,0.962551708765953,0.5234421294049405,0.37809346835821267,0.7849318532207388,0.33958057257972074,0.39581629634651017,0.7034399663079699,0.4909226378631886,0.0,0.0,0.644815781409614,0.4405707368828784,0.33964785585836954,0.0,0.0,0.41878361044178647,0.43684396901197375,0.1982483305437292,0.5853095406125242,0.6007997482555716,0.0,0.7956814466759055,0.516063476255797,0.0,0.23614379285392056,0.7040861358963579,0.0,0.43741206010181477,0.0,0.389958276235199,0.6109491249070286,0.465563907973922,0.20877988364793212,0.5364325611653247,0.32795917118950724,0.6177271492388745,0.29466623932427705,0.4091918869948479,0.4052150353403533,0.24092246371895476,0.13071193335485903
0.7109973423332363,0.2658413629041977,0.5090927743672864,0.8475002530249511,0.4554676846750586,0.21074035699615443,0.22708103618279563,0.37922082854571204,0.24246694732090757,0.5040738199412478,0.4547625820968086,0.32938062682110847,0.22875561929503396,0.12906460630591915,0.13675300497227538,0.368138216148528,0.31983920942330524,0.26934365729930976,0.4238455673904963,0.32831651524102745,0.19843637061816544,0.0,0.8260850499642783,0.4327448195298943,0.28673347466467064,0.265186983362832,0.4805775840378127,0.5397489129432135,0.26248404174121087,0.4497484827473,0.207483548307626,1.0765099011938746,0.8901133863443949,0.6795172235067894,0.7153162072997045,0.9275804113290866,0.7189625791798863,0.4987689635159016,0.5755113877894504,0.17971836997812266,0.32961544414400507,0.47936500667319937,0.6580189103361705,0.1973972781866029,0.39706125803728576,0.6391258705227991,0.5537705503950696,0.5251489602737973,0.4930671257902401,0.4001593080996794,0.555502569502423,0.7137247353721012,0.6327776131043514,0.5771835888700586,0.3230986472073707,0.0,0.5996543319192931,0.5531671508147553,0.0,0.13963392350789341,0.5064917849269381,0.38589490364905626,0.5087469055365055,0.0,0.2803865200594084,0.19159960518632702,0.29531684791035795,0.2819307138198539,0.522864268174772,0.2651197172912646,0.3214290354014716,0.2642501506513621,0.7165217666773576,0.46126535221633846,0.45048816661169144,0.24053892676706573
0.357747715403521,0.4678512878447287,0.23692547988792634,0.912594251702654,0.21582601966188705,0.2387268218456288,0.44304185482784497,0.4923059782532061,0.21429573331108698,0.6234749712185133,0.20331626923500173,0.4451190509914732,0.636175670921583,0.6096989441825421,0.29554514954556516,0.47561009156034706,0.2957280897029604,0.31571880158616983,0.2343308635378768,0.3137072940778354,0.2550537052916204,0.8260850499642783,0.0,0.35747549371573534,0.25600140892246864,0.3694742573055858,0.14663872578703407,0.6098843786222405,0.5492233149803256,0.7027215611535458,0.8560772436194724,1.0479843534460602,1.141039654895687,0.9567530928853769,0.9707355922196872,1.0863045404504788,0.8816438422687809,0.47346425503496803,0.5785304683714241,0.5308203224163843,0.5445940780169978,0.5990654163821298,0.2789528697063778,0.7633885374377425,0.41844947483443684,0.2990200196255631,0.515125123878293,0.7533322576884429,0.3251567397896951,0.548183647446108,0.5878254409349348,0.6293064605354267,0.7446728919626922,0.5297272697654141,0.5259495200406687,0.5147906284423189,0.2293275335080793,0.532488273026831,0.4829118976162349,0.3654881962103461,0.4583447447712765,0.5102395496663847,0.4461305991846705,0.6436771411745061,0.3777594947063082,0.08389068197854321,0.4118494929716324,0.6787259975972912,0.3578145159999389,0.46946769825199397,0.4290873851507221,0.3088128985509274,0.4581067323475072,0.41528502585757443,0.4656526310167572,0.5395567090937581
0.45857384123424294,0.4545102680672976,0.41648009395641294,0.3234091330006824,0.41334877795536484,0.40126730618107154,0.5897805365233597,0.31136543999825883,0.45100014002589905,0.49185304334783614,0.25565341754429427,0.30702117460840206,0.3107351426914526,0.5569770918967796,0.43775634772373184,0.4485809970174756,0.5193549518649663,0.5117220714544278,0.40365926465398716,0.5446957853701471,0.3346682872130812,0.4327448195298943,0.35747549371573534,0.0,0.3928180596144872,0.23706702465406637,0.6181611033489975,0.565714317347147,0.6533359656206841,0.7104720757904732,0.6257377136684392,0.9722006903776655,0.5002718364547616,0.40590373477814695,0.8091197486273247,0.05860704105715123,0.3340696987313919,0.4663728865272752,0.8999715116250058,0.479109088195808,0.5176723956478778,0.7743072397512707,0.45171642927924316,0.6070585893550092,0.58330278396387,0.3312923858302028,0.49740846645212555,0.0,0.0,0.5093593708719966,0.46084041580734736,0.4186882266297337,0.0,0.354853604009665,0.2687772953812463,0.5441167534645642,0.21779758676449537,0.440277630288687,0.0,0.3537057230823579,0.3319414243852926,0.288887526614307,0.2819691714623664,0.5195960115837442,0.43767890821047517,0.17033218502361436,0.27522501554698,0.6727397956339316,0.19992734380794805,0.31458500261004263,0.3073679808499446,0.3390704294348942,0.6626227598740282,0.6122145805482782,0.0,0.40198971676294715
0.09349832698399546,0.2587429031737432,0.40476441782683015,0.8616243489102583,0.4419792854766975,0.43119230694135435,0.5273966608584391,0.30132963574333116,0.7155880669392518,0.654477338816045,0.4459721259872771,0.4951044860950678,0.4570626663935265,0.48403005248263703,0.2768447142314197,0.143525744489086,0.43511053504498687,0.3275915091948754,0.47163992007736416,0.4065974692127223,0.07854301582742745,0.28673347466467064,0.25600140892246864,0.3928180596144872,0.0,0.1439927345926191,0.5645859561770157,0.5053264513345623,0.32637225313069573,0.3366741698610161,0.24818832856383485,0.5870976688955143,0.44376480220122333,0.4208697428992015,0.5889981013557086,0.2718578542540753,0.4653347543890093,0.436827332303661,0.5960884989334546,0.44151288396535815,0.33777845055159716,0.5226359826401489,0.3080194337970935,0.0,0.5991017498226052,0.22134442428390833,0.6098620352043372,0.0,0.0,0.0,0.39115639720856604,0.4171107398631036,0.5603195652362849,0.4724575580889972,0.4119018701999104,0.4672942614057411,0.31186667207764446,0.32853502728785083,0.0,0.4440067294907881,0.30935468751369877,0.44572153200464815,0.3488533683391244,0.0,0.31989170723350546,0.3983578352785214,0.5259578221278172,0.3309689420476082,0.36362619620393877,0.34726282485329707,0.36167997830384824,0.3538362441254641,0.49368456711412306,0.06202703501942697,0.0,0.2653449679369232
0.15130609056817643,0.35521087690572695,0.415776755566675,0.6123110459155697,0.3920632992293586,0.45605521388767595,0.5104264155352152,0.37108542690268603,0.6390307741230983,0.3717296628055759,0.34428859565294856,0.26756228857881376,0.4152924501880831,0.33093284049424826,0.36385241401353924,0.42370624159700165,0.37895785569567764,0.16337237972271806,0.3903137245776456,0.3394224388482008,0.07936826152274717,0.265186983362832,0.3694742573055858,0.23706702465406637,0.1439927345926191,0.0,0.5712122294269663,0.46072373910595216,0.5169809139727426,0.22432347264719593,0.2377978973599001,0.8414888256199082,0.25013325661057356,0.3714108809468723,0.4408916313322575,0.8075435821113726,0.6448519193739164,0.35803150131299677,0.41266272877315346,0.2778719370304432,0.22789198987925402,0.3557540579947214,0.19657643058720753,0.5154411286218047,0.4873878591588747,0.0189302470897178,0.3172823480675563,0.7096318385397846,0.0,0.001815968764284262,0.5048656903135788,0.45000033239246057,0.5991018165446207,0.6605223002413412,0.2986152818448582,0.0,0.22809441787800666,0.5853107856057205,0.0,0.49462260429158866,0.1448596888280427,0.3417104574911127,0.27042824670869237,0.0,0.46760592719005,0.663641456609,0.2166037501890073,0.424731805027694,0.37079491803758097,0.2827806393643918,0.2537868490319306,0.5098707450645966,0.4942369130517068,0.06771546165284986,0.468843004381175,0.16442559763562964
0.47816321814889406,0.48894793900708744,0.28819563037680823,1.1137246975921733,0.23424669439770074,0.3557373796775293,0.04145666313245183,0.5372347674032161,0.21019585271855315,0.5611697715758006,0.23598837221405697,0.6299308877640815,0.4346326029910821,0.5475765841712971,0.1677736225133289,0.550509415155711,0.8220578307210972,0.43099716545808975,0.20532940752075457,0.6089157017129037,0.45638882193640756,0.4805775840378127,0.14663872578703407,0.6181611033489975,0.5645859561770157,0.5712122294269663,0.0,0.6370418301954428,0.5512874035740273,0.8293217060986198,1.0120867203968489,1.0247287569244836,1.0985959112195218,1.0611077490266367,1.014480142119853,1.0743773525100404,0.9788237038134138,0.3135230717350238,0.6754570800238636,0.5313320979066318,0.6266508529670474,0.45055420600468943,0.39586162524576685,0.6355866852138188,0.2570491294046394,0.5150808197960814,0.4298989538557193,-0.10988790126088133,0.4263322369506777,0.6046366083253003,0.70116817965191,0.6727147088808697,0.5242558265099988,0.5086860240203084,0.6173130655739925,0.44360871179624584,0.22910106699792673,0.6146161812493203,0.5758633599607261,0.41843601401606845,0.4746789412749766,0.0,0.4783371819756157,0.5518765237375042,0.49406167149069613,0.47162668763612703,0.4524372653885128,0.6354443594770794,0.0,0.3608723721888605,0.4078083436341805,0.4887600425375182,0.5817878133520629,0.5726709737649873,0.38525381571528616,0.6617163086225084
0.28716192061398094,0.33503019515340743,0.5549443686622901,0.24293497739476716,0.3742918431937639,0.2790104797473745,0.3597691549861569,0.7064410070144136,0.4668896887170369,0.5548581732348825,0.29978774455397783,0.5006460980831007,0.17872839033962454,0.7453970475907469,0.8164458732042161,0.42688264555956645,0.544401813250939,0.3258967764473236,0.4270858373817779,0.5954711649983273,0.4311900110870114,0.5397489129432135,0.6098843786222405,0.565714317347147,0.5053264513345623,0.46072373910595216,0.6370418301954428,0.0,0.2386855472845874,0.3171968929170654,0.4936257817889512,0.3059057986548537,0.1470911763209198,0.26444488906851105,0.27675856648855557,0.5311034729116267,0.3447775319189935,0.3358235746211452,0.9302810442576399,0.5630211338599804,0.9348404013610501,0.8059764823764317,0.8294700633638062,0.8748355667643879,0.5979977986214975,0.9071434996348886,0.4830803860196046,0.7859530548827012,0.0,0.8029776228972579,0.6758792604327332,0.7434874251820274,0.5033310898353944,0.5109887967734486,0.6058399592286436,0.3927899151799522,0.6021210535444761,0.7308507925475205,0.4290735160987642,0.4052905988375583,0.4038481727982284,0.3366825457487805,0.463795678189057,0.6697363392511517,0.5317771921476845,0.5106757147274249,0.5372368829277514,0.5664479803557902,0.3446558652537986,0.36860278433159943,0.3619651841417815,0.5100891272347491,0.7049108311587609,0.588950542665588,0.6429800409754018,0.7238215729197748
0.42095170372756274,0.19376328686709557,0.4419203834118607,0.32873344109167896,0.4194895143359355,0.25932716404617084,0.18129359411511686,0.4549377525486116,0.34781266609727723,0.4205770293557017,0.2320150431105619,0.5500858419817962,0.3205507434279258,0.3074463267900642,0.4678096824538135,0.29689970909478736,0.1715517347689805,0.20508958183507037,0.3488725895404461,0.4723551227692896,0.3292095473825469,0.26248404174121087,0.5492233149803256,0.6533359656206841,0.32637225313069573,0.5169809139727426,0.5512874035740273,0.2386855472845874,0.0,0.561012981007568,0.34088986937540033,0.8861902404374339,0.428469604080287,0.5835367064924342,0.34859557447856654,0.8196984087073125,0.4045803008891091,0.29030024662977433,0.5598956968757701,0.40035712228108816,0.6472196068212673,0.5374277937055019,0.5518886103767509,0.6684740286983981,0.39564904109604015,0.40589474742711185,0.41199659208797823,0.836561355947095,0.5056719977145665,0.3285594964689568,0.5285379684975506,0.6427185585754625,0.2356047495767412,0.6472545024112519,0.6744360281409374,0.3047782094120103,0.37626263240016083,0.5365742789318753,0.5639038848683986,0.39392256691297656,0.46303157845652365,0.48742824082523273,0.3603197221907407,0.3285773432398871,0.441523519185668,0.24034249616540349,0.3982518453959369,0.3363253142960744,0.4927347200920839,0.4514201268862061,0.42435408721249124,0.3625084929089366,0.5208501896582038,0.435694239428832,0.46185839836132714,0.5702410661900741
