0.0,0.5028439900327386,0.008018727555631294,0.0,0.319163144998191,0.29614933330669846,0.4786607335597618,0.3298951254011537,0.4435674463586266,0.17504374750065527,0.30176906811040094,0.05528413851183267,0.5241240511492967,0.3107348239177402,0.34891138124008847,0.6781439221086795,0.27079398972621804,0.5295223500737778,0.0,0.4733681759041244,0.23922310327610963,0.5376018974347405,0.3234695495639154,0.20816449470277035,0.3688216817723942,0.4764486928995956,0.2617136389627589,0.4761079960688346,0.4287260523044193,0.5042065367334354,0.4007180246817363,0.615666582572125,0.4811394596460228,0.36618641191386536,0.436133474998338,0.5970112299632976,0.5008709185448028,0.22212841365760083,0.6952957278564016,0.6419036234392543,0.4825551527107208,0.6838102307607496,0.5109501319220633,0.0,0.3050374511449077,0.6391420352119256,0.6071284864988691,0.0,0.0,0.0,0.08878033150086251,0.0,0.3522228825068968,0.0,0.10869827745233768,0.0,0.3605853636090199,0.27435129866496377,0.0,0.6392199064268647,0.6650368630891221,-0.017762844266275862,0.5544748235987021,0.0,0.26062356268681647,0.3953524256017637,0.37057565151797245,0.48002796252769253,0.3310800646300235,0.6455626007612474,0.49591805429934077,0.18216243905982496,0.45359770357097134,0.3386022400655219,0.0,0.5669499569098138
0.5028439900327386,0.0,0.40514134923537515,0.40065385679855947,0.3018895895028658,0.3224540262842407,0.484231258534731,0.5291380122476104,0.26773755541235894,0.20863400158233528,0.15398579996013323,0.28881462324422524,0.41283054937830344,0.27232984867693394,0.30222897713673214,0.43006761603273114,0.812815034591944,0.3450338941184141,0.45774307499496336,0.1968954774190655,0.4680117374262317,0.37352179826189136,0.38287949769054225,0.4108287141283241,0.32418517767521876,0.25022583542774046,0.2267490714083486,0.43242793467850543,0.24921938360592263,0.3172465847583902,0.45064753370124633,0.4147833400547545,0.37407077178812786,0.39483496205785257,0.479374577674165,0.4799108376883917,0.05721485106695756,0.0,0.5549233420688042,0.6199820982538387,0.455773622571635,0.5644836708039157,0.49431428654344056,0.0,0.0,0.49895221912770815,0.5532646672808039,0.039344665988137066,0.0,0.0,0.2855009178007679,0.19555944196491037,0.5130159534045848,0.26974347095673457,0.49281425033125514,0.0,0.2916776663630296,0.31858798207581085,0.0,0.21373666766202967,0.6035803281436417,0.2997717016779674,0.6091250130576116,0.0,0.3195965556264506,0.5441161324837183,0.546203567981326,0.35608571608400524,0.28572948782123275,0.5952838974369952,0.3702471667766113,0.2656837565817711,0.5057100239665309,0.40120952809310906,0.0,0.690116125205473
0.008018727555631294,0.40514134923537515,0.0,0.14573004740214612,-0.030823832853360933,-0.041049737910478,0.14018521502399278,0.26624534989260623,0.112396283237603,0.2639611687176128,0.2535840308846102,0.3510967747297905,0.11366416253809203,-0.012749367639037779,0.09925291409633402,0.3917558738957744,0.37259212192248947,0.20154051108954119,0.20318258677503315,0.1199096160174477,0.09577995915010284,0.32865367154836345,0.25311224971686863,0.31582219466413797,0.4020039397216798,0.08047510688691878,0.1823101282828841,0.17865734661378263,0.24197310705599867,0.3006264682061924,0.17406770945373568,0.18081517964736638,0.31564085056421365,0.16023413000158238,0.10073983676715981,-0.08861848430871688,0.12020849148110091,0.17520754503251187,0.4480563261144056,0.4742649580702298,0.2913493494364847,0.501689747700153,0.24941057907409775,0.47460591423430787,0.0,0.0,0.4321176127630131,0.2954459888277151,0.5103785831950531,0.22395197801115113,0.2788911301965071,0.2880888590185564,0.2620338693940668,0.4304758527543704,0.4648906179233549,0.22593248685665435,0.4568691729148082,0.3160431900475177,0.4194369900458965,0.4003949177361672,0.0,0.0,0.0,0.3347598326734399,0.4179890643441606,0.5642695290423675,0.28844962752372066,0.34885670416840564,0.0,0.5863153041754705,0.23204401114369716,0.24891485322283893,0.32224797700045305,0.2797655987618079,0.5364838861634741,0.08725966350455083
0.0,0.40065385679855947,0.14573004740214612,0.0,0.5736630945785972,0.2795983708142019,0.46328138849487244,0.528156345453595,0.2678664476666815,0.8945985736771279,0.2225021339383421,0.36378943561396376,0.4830883520345679,0.47819358482250895,0.3064916714390809,0.2816024579444949,0.4742402132318746,0.5109415364144458,0.1844316361006147,0.44106903184271806,0.4912922554364145,0.30322805131723674,0.35307373743796344,0.2708862077642513,0.8613134645767029,0.45277401949963225,0.2258138588849018,0.6414424481472545,0.1780655515628259,0.5379252685566718,0.6025498827708768,0.5910622337192553,0.222594311953609,0.33736896201609157,0.16245514644147804,0.36943990099602986,0.35440156529743616,0.6613644261370245,0.22290967644441181,0.4027283838322593,0.1861548944461713,0.40277833589720236,0.4274089035304378,0.3478825236713117,0.0,0.0,0.0,0.4678732027114083,0.0,0.0,0.3354732242454612,0.0,0.4873997824075956,0.32321480098539396,0.0,0.2253013182885531,0.3862486935908158,0.5026733029951738,0.0,0.0,0.0,0.0,0.0,0.0,0.0,0.0,0.5137868062255061,0.5890348826589195,0.0,0.0,0.0,0.45873719169840815,0.43152219751635984,0.1346278434409529,0.0,0.0
0.319163144998191,0.3018895895028658,-0.030823832853360933,0.5736630945785972,0.0,0.19657540905929433,0.3537293607317001,0.203747871841666,0.13185732891497512,0.5407176626227193,0.0949227876871776,0.532504131328323,0.3535262229222288,0.39293947444558797,0.28692740205660094,0.6120890380895658,0.38440026667678323,0.1928630171554063,0.09764117288402316,0.5276667231927579,0.39364439324149103,0.5132544310864751,0.007993352542269294,0.26512460297290485,0.3101100853943296,0.2826760509192183,-0.03747751923173903,0.534400165914258,0.43127451162973696,0.26830461969342,0.2917350812011696,0.46323422890767035,0.2775703937931183,0.22847517220781666,0.3313028530751699,0.3887847275323907,0.6688712854781085,0.18878617359509986,0.48730508624535634,0.7898769887461128,0.502943832236756,0.5899715891296885,0.2332085267333751,0.8986218595241902,0.37874606649824955,0.0,0.19125040079278766,0.129811349240682,0.0,0.06562328740704448,0.26857144647072695,0.25469566810045163,-0.096172159765329,-0.002585003392604035,0.0,0.10143446099432296,0.24296515007488295,0.3323695959788583,0.008836843340855272,0.3499743830263346,0.484334265925147,0.0,0.0,0.009493542455447423,0.2060907918122375,0.49933610198682143,0.2764207595905861,0.23567719889135516,0.0,0.47484038915822013,0.5402360128984496,0.21768815656981555,0.3397756654191372,0.3845056392616833,0.0,0.43904721803461555
0.29614933330669846,0.3224540262842407,-0.041049737910478,0.2795983708142019,0.19657540905929433,0.0,0.30243857422809095,0.03818649960963105,0.15500607251262893,0.3045721649238605,0.020308078292794407,0.44656346219155135,0.07612307287467418,0.022928108648880674,0.17686737627119184,0.4634939999621345,0.22004272774657094,0.40773934215779617,0.020773039193783427,0.18239667347054592,0.1184336662856233,0.26390321903878844,-0.04132762174210164,0.2059210540605883,0.5001150694404313,0.3363346059651202,-0.05745424028609347,0.22035965543492006,0.14928664022390192,0.1541838298847345,0.1124361757855879,0.13915707496611848,0.3394874416551597,0.1897040109330242,0.24402435651537724,0.156562515756827,0.19232567576456822,0.1931071523848611,0.4364977519662534,0.15316080949452687,0.459110149560242,0.5630186250407382,0.4389233305517094,0.429011964825213,0.13409427606093133,0.539553710062928,0.4536346304837723,0.14214622311085956,0.5092409957863792,0.14736484444823458,0.2963339055700037,0.2711625934100734,0.27629703937961714,0.2541437418249143,0.4767502083545614,0.12406962156388407,0.20873592697058774,0.28898881562894424,0.19683500000055637,0.23223680347353068,0.6043095954577472,0.0,0.6364112057938061,0.2003148585021855,0.2857163755005099,0.14799196198413694,0.2736491369532936,0.25097938107141077,0.5513629702101879,0.5276357101346713,0.3113892768702988,0.2839960885128211,0.2644195533789701,0.26794657629210117,0.2728028896384812,0.31409836683440784
0.4786607335597618,0.484231258534731,0.14018521502399278,0.46328138849487244,0.3537293607317001,0.30243857422809095,0.0,0.25767288263657,0.1501632658440713,0.46218343472715506,0.11876807359936686,0.39869696736906657,0.5039072506488528,0.34949637485016943,0.4280634108667418,0.4861549516801451,0.31280141797470296,0.5157084266367614,0.13007322579441438,0.3522492676054805,0.35123949400012905,0.40635474663792487,0.10017294009068767,0.3813753167956942,0.5078693830173643,0.5129341856992712,0.04148402135237611,0.45220440043859056,0.28806594397748886,0.2283677025007259,0.3758866207442848,0.33033194425620493,0.32774703778602166,0.14161755038463275,0.13998588929686764,0.5838821779032743,0.29813009958653525,0.46831473294324893,0.6426708869798872,0.4177312910160127,0.6324134320486551,0.7570207115708742,0.5228263061778214,0.8004054427731251,0.2713913010965099,0.0,0.31838934308032485,0.1664894748221323,0.0,0.1530099000336604,0.3188774753198069,0.2838340335978784,0.3327947062918757,0.3037392729431948,0.626545569944847,0.2999486146632072,0.5601246918289244,0.2534845586051068,0.14631668314482832,0.19913155818788214,0.3370129865842959,0.0,0.5145762561931915,0.27318684595967285,0.20209768034978984,0.34585409489304675,0.3905496611920912,0.3118555307296075,0.5109544941645594,0.4520205250710885,0.2988143372643812,0.3206304498560286,0.3363913028380083,0.2799185029421851,0.2966709744874218,0.36783857977638845
0.3298951254011537,0.5291380122476104,0.26624534989260623,0.528156345453595,0.203747871841666,0.03818649960963105,0.25767288263657,0.0,0.14861542650684864,0.46777749138590413,0.23024427629599012,0.4297960465395347,0.24044911086343354,0.6679338316533209,0.3092949324486482,0.5600541246303394,0.24703066145671476,0.5702596582080652,0.21316754831587528,0.19707016881439307,0.41105436858554695,0.2727486069317632,0.17363892845962647,0.0864069084024025,0.5305650791957874,0.3936924084406046,-0.0035459578791010027,0.30851313345151454,0.1717687049274435,0.29619194535793636,0.29701482425041825,0.5980964931967031,0.5326479294884261,0.23261448980858418,0.19632914641156146,0.614320947983221,0.4402402475948609,0.29572002635331895,0.4815228008940006,0.14654733235591755,0.3132546110973525,0.4380445991204393,0.36120642572610184,0.4356341905701001,0.0,0.25198078747326014,0.13349056152349673,0.25325449109377013,0.0,0.3961205514278268,0.4549354814511306,0.5064700691368142,0.5035642378179845,0.22387946782537915,0.6985530808221794,0.3401233264155462,0.95887905342451,0.3489238854167819,0.395834574577862,0.47643769694946964,0.23273414058390557,0.0,0.5980439038965468,0.46909965754488414,0.38713179047369695,0.6019066995130455,0.2060314340374934,0.43491709315195914,0.0,0.13639764319441933,0.1736326322664533,0.3075698285327337,0.358157245026377,0.35508698439206227,0.3204775227584876,0.28795798346702484
0.4435674463586266,0.26773755541235894,0.112396283237603,0.2678664476666815,0.13185732891497512,0.15500607251262893,0.1501632658440713,0.14861542650684864,0.0,0.2622161342441005,0.1293383539972991,0.2430440631741673,0.04760408326029103,0.13658004921294475,0.3575522457793491,0.40355764740809535,0.26434192412024005,0.2784589753106098,0.18968534850863167,0.229156098154438,0.13353848667794932,0.3249188436441133,0.05422545111128124,0.3365784888705411,0.40951514318898513,0.3218009988567363,-0.0024999954569915883,0.040386886139165024,0.16024731502449768,0.15347914612559083,0.16049578611163873,0.1647146955330064,0.2551464377892272,0.14653077287973598,0.10796574160782241,0.042444996589970196,0.14925546479367616,0.2136800978483877,0.4113398316111442,0.5328604653345937,0.38301072234977673,0.49562399008435315,0.20233631166105598,0.5338032950626653,0.2485956408164031,0.0,0.2313683450032316,0.22208386310195016,0.4918453358602651,0.17959128452587897,0.2838183475406057,0.32740895041129026,0.135372721819425,0.17897702309547622,0.24486204137271675,0.3406390656288044,0.15213876034892487,0.21439956983219285,0.28044129516369604,0.13848429485126945,0.4191882987253367,0.0,0.0,0.09673756526768362,0.28746466103154844,0.8007599794267586,0.2558817306749118,0.22663808742617664,0.4543260415847562,0.3778201521118434,0.12636797198626207,0.17754454456651614,0.17931697272729952,0.2718069588809961,0.20225769306161684,0.3285398559893927
0.17504374750065527,0.20863400158233528,0.2639611687176128,0.8945985736771279,0.5407176626227193,0.3045721649238605,0.46218343472715506,0.46777749138590413,0.2622161342441005,0.0,0.276384527570814,0.16660018586175918,0.4601844459163945,0.4013734689729883,0.1972926330433779,0.37311729900276025,0.4643239525985537,0.1932854021503328,0.17432188546775268,0.287903391199663,0.2986517164683337,0.2925746019656096,0.3172207342649519,0.3592377205558665,0.5376087040792629,0.3106904965586921,0.21790667529784238,0.6198888472464135,0.17695126450547366,0.2577508893424503,0.6364043176836194,0.23036771477138301,0.4071656114422324,0.5088486522372468,0.45848265949384315,0.7258715673917518,0.5538052895170418,0.41744146770008844,0.8958677688126433,0.2749942665205396,0.47454385888221284,0.42566207266639267,0.2514293332533544,0.26657492667688915,0.34895269071749635,0.30634838751532634,0.47209594200413196,0.4001324167543935,0.4923961336813332,0.496297017335094,0.18307396706310541,0.34048709603553207,0.6776166595607215,0.33513078550218584,0.249006572526888,0.23743135695936962,0.23646537887893865,0.3715104269556636,0.0,0.66826501401711,0.41235398723964795,0.3277467614058276,0.3312649401774217,0.4853392015869315,0.5100389232675704,0.5437322596536621,0.3417401136296342,0.39305281473114456,0.12392157658633673,0.29625493135106373,0.27639237763760816,0.3865196655233322,0.39318040738746596,0.24171120747135966,0.0,0.43892640417056605
0.30176906811040094,0.15398579996013323,0.2535840308846102,0.2225021339383421,0.0949227876871776,0.020308078292794407,0.11876807359936686,0.23024427629599012,0.1293383539972991,0.276384527570814,0.0,0.2600400658548969,0.12786490396381522,0.44886072416331824,0.0,0.5091532268981469,0.3278910157716962,0.2938201632760143,0.24357045520570422,0.4838807894986175,0.038314317871802506,0.18219590317387782,0.3323062827394359,0.23289764082522407,0.20541335154665186,0.4550432393705606,-0.05475313414958444,0.18385300498759943,0.06620549334646808,0.3032588584210713,0.17759591754837956,0.47181654782404725,0.1783327718616594,0.19853928498118112,0.17986534875364935,0.29156375815465796,0.38366952841570323,0.2403568265338944,0.3048083052084817,0.32123371027884984,0.37833629924429685,0.2794195871153424,0.186455044722584,0.42763748550747005,0.15652192509744572,0.0,0.0,0.30421912132569184,0.4741965714123351,0.029195507474664734,0.2561539306057002,0.14740495139589332,0.1836787053242208,0.446270120315905,0.18332460380153476,0.3264741175877531,0.20359844338322003,0.2514683565878209,0.2836088660497458,0.0,0.0,0.0,0.0,0.14255389289129725,0.2844686540780358,0.0,0.5811575092237546,0.18156001706686745,0.0,0.0,0.9580704265346941,0.1425587643806205,0.17125842783373058,0.29865040168328627,0.0,0.25775268829444775
0.05528413851183267,0.28881462324422524,0.3510967747297905,0.36378943561396376,0.532504131328323,0.44656346219155135,0.39869696736906657,0.4297960465395347,0.2430440631741673,0.16660018586175918,0.2600400658548969,0.0,0.4735127417422035,0.552577412007528,0.3685426451547684,0.46413503435340775,0.43401414842826613,0.5222306304881557,0.2985917685397648,0.5893419904229884,0.22446562465839376,0.23665881281040152,0.1503992275341452,0.257460707548415,0.3735823213321754,0.2741041807091107,0.3006977375933264,0.6579945241496777,0.42467693064824863,0.14691550175498563,0.5909275846493008,0.2698562406768804,0.5263192147085519,0.4779514088786947,0.6268228075447839,0.3543993629888695,0.734366989970558,0.2242113455168977,0.4778915467301661,0.2794278442053788,0.5301873315510377,0.5154831073325616,0.4661194647736626,0.3582314148060801,0.399114537101797,-0.005942803921670903,0.2841083218602156,0.23490477785551747,0.37447437458023863,0.2877472955547295,0.24852488994269153,0.4466103545102782,0.367338611349734,0.3156912376362489,0.2091119400049204,0.35117464162171425,0.3115669644022485,0.4704330139770285,0.5626921611973444,0.5666908271379021,0.2620857113095767,0.2571223830758213,0.3333747281928109,0.2843173059036261,0.5362602627490141,0.6063546482929432,0.39620380348297024,0.345769683137685,0.11823575519889085,0.26599729473743156,0.2370924975020282,0.16238098344195886,0.5465992566940037,0.4172792425437794,0.0,0.4582004427773887
0.5241240511492967,0.41283054937830344,0.11366416253809203,0.4830883520345679,0.3535262229222288,0.07612307287467418,0.5039072506488528,0.24044911086343354,0.04760408326029103,0.4601844459163945,0.12786490396381522,0.4735127417422035,0.0,0.36989137725545523,0.28160387344117815,0.3988856172200974,0.3738061935794387,0.4843702925733934,0.15045953078631585,0.2812137666226286,0.31957492263679155,0.30182679646914407,0.10548927477675649,0.3383753857358942,0.480900101414067,0.4323620212092065,0.03371246764183383,0.29421777909188646,0.2854505881403906,0.23394096408007992,0.28704487939882195,0.415974451049246,0.43350810772795967,0.2504996603974483,0.23754624438053432,0.5569856752989553,0.405987801748705,0.42317611655005666,0.6109357420376161,0.5378811339378671,0.5456461381765945,0.5725207762498168,0.5749193737057012,0.6702121733092142,0.4260512320000943,0.8179152585873557,0.6016610677582608,0.266501600698457,0.0,0.3106272975432716,0.32774093414356764,0.2761628450858731,0.34520508471556316,0.3117012473738954,0.4463693387005332,0.10633121949812338,0.31171166449185106,0.3864911557884827,0.5099796264401939,0.46438030160647636,0.577202556169707,0.3659178506609408,0.32314142161120407,0.2785580758380085,0.24402155686144336,0.47841411116736676,0.4814832758430789,0.3453959952666208,0.5340132634506134,0.482874454622907,0.36125936955161014,0.3994712245889035,0.4210805497091417,0.3735420005602858,0.26254305598310135,0.409137391332856
0.3107348239177402,0.27232984867693394,-0.012749367639037779,0.47819358482250895,0.39293947444558797,0.022928108648880674,0.34949637485016943,0.6679338316533209,0.13658004921294475,0.4013734689729883,0.44886072416331824,0.552577412007528,0.36989137725545523,0.0,0.28267301192493016,0.5689687120802109,0.4873873603138823,0.502897014505284,0.14574234593782776,0.3899546725164667,0.14925038857772216,0.1932955626827253,0.16302944670423436,0.5028185840661519,0.7601026526132231,0.2587196455701122,-0.10047532344390181,0.6166187940409478,0.10303286197607936,0.45504446605388327,0.2500454176781102,0.7425586487865656,0.3616835637838079,0.29384029232052766,0.40129440101310687,0.2934799097587292,0.1817057525603875,0.1307472673426018,0.4963015142664022,0.0,0.6388849948051011,0.6946436614672064,0.27556571058599794,0.5099301609788827,0.0,0.0,0.0,0.13164369751075833,0.0,0.09515206199242432,0.32410147396576167,0.12762738834065743,0.20510197863770374,0.15189158460001667,0.0,0.3612328628573139,0.3833659518099648,0.4189117754589822,0.11576600352457045,0.0,0.0,0.0,0.0,0.23565317368594876,0.0,0.0,0.0,0.2648223426844091,0.0,0.0,0.0,0.20898165211786074,0.4990320290978956,0.0,0.0,0.0
0.34891138124008847,0.30222897713673214,0.09925291409633402,0.3064916714390809,0.28692740205660094,0.17686737627119184,0.4280634108667418,0.3092949324486482,0.3575522457793491,0.1972926330433779,0.0,0.3685426451547684,0.28160387344117815,0.28267301192493016,0.0,0.5411288008862236,0.6565288265273884,0.47859295927527656,0.0,0.6509279193125497,0.20101161043123478,0.28851278032167205,0.3750429362123563,0.353094306610698,0.483507461857929,0.2570558781909671,0.3673921279470746,0.22741404019947167,0.2970983422332809,0.4101339114056699,0.3568657826615061,0.24574263945038843,0.2538209764170133,0.31375698588227235,0.4184745601521428,0.48299175273857076,0.5110668335059385,0.38267901244418767,0.23389711632843474,0.4093911638708249,0.26833640021079874,0.24978682117324247,0.3767848741498459,0.6477335844841567,0.0,0.7328468003013884,0.4015457743027721,0.18574509231353517,0.0,0.0,0.291654098792674,0.6325724905574286,0.35590704833294406,0.3987733395969461,0.0,0.0,0.643238297631521,0.19830286946869152,0.48753204595840294,0.4979231647971755,0.5086509798174609,0.5933044393600548,0.5371002004127926,0.0,0.44265682340209567,0.40556536706313384,0.5211139670391618,0.5989608765668699,0.5057474607262633,0.47431458331143966,0.28849355070474925,0.46026128023168456,0.23148687868408183,0.20145644823207465,0.13230803186091933,0.21168589186434886
0.6781439221086795,0.43006761603273114,0.3917558738957744,0.2816024579444949,0.6120890380895658,0.4634939999621345,0.4861549516801451,0.5600541246303394,0.40355764740809535,0.37311729900276025,0.5091532268981469,0.46413503435340775,0.3988856172200974,0.5689687120802109,0.5411288008862236,0.0,0.33234490157217644,0.6896140404273554,0.4653184054469662,0.38060135301779974,0.5982383084335249,0.3283109551573455,0.46263991626901024,0.5564651095113808,0.5723794770422495,0.4587305373432288,0.41454767472928106,0.36196129653035564,0.33001908221161164,0.33693276609390893,0.6431509858356125,0.4714005145093787,0.5220832150178691,0.3263324662725987,0.5758402768759827,0.6449948916131525,0.21515174020400465,0.3881334690883307,0.8010025307485716,0.7704469142439461,0.6949883235306391,0.8005255581041841,0.5110556061369862,0.0,0.0,0.5871520666772697,0.7042743618887184,0.0,0.0,0.0,0.4524531479189638,0.17995717178384676,0.40730057576630413,0.0,0.4529612719133119,0.0,0.2977566572634906,0.2347807621951727,0.0,0.4622340573214657,0.7655285803841644,0.7612292318528806,0.8405560617261882,0.0,0.3589946761327352,0.6457552965880127,0.5820433695391896,0.4449193306218263,0.1559348413162661,0.861913279766358,0.6507236903768455,0.3996454981102601,0.5437508689622419,0.5508197248122695,0.0,0.7025076838241786
0.27079398972621804,0.812815034591944,0.37259212192248947,0.4742402132318746,0.38440026667678323,0.22004272774657094,0.31280141797470296,0.24703066145671476,0.26434192412024005,0.4643239525985537,0.3278910157716962,0.43401414842826613,0.3738061935794387,0.4873873603138823,0.6565288265273884,0.33234490157217644,0.0,0.3533984127570588,0.43393270410619417,0.46077638569847573,0.2796104760134184,0.5694030382818751,0.24684264428736907,0.4138662690245581,0.5198297090885253,0.3579576276097899,0.25452546798768144,0.7270774974175271,0.4149301512570682,0.48397095667701173,0.3185858663021184,0.48251666471709287,0.5066491478203935,0.4041107860486027,0.1978163414260601,0.505952301151339,0.39165629625611087,0.3366763132985515,0.7107692257891336,0.4989419465422339,0.4140697430971118,0.354161366407986,0.0,0.0,0.4960583847758545,0.5014530529329406,0.51417247438294,0.0,0.0,0.0,0.0,0.0,0.0,0.0,0.3311717479417467,0.0,0.26989207674686494,0.2971745711941565,0.0,0.5661936079222195,0.23924844429454717,0.4239282718774704,0.4335532293247771,0.0,0.0,0.0,0.4502007691923763,0.0,0.3118464657580548,0.4752547212163443,0.4404755538256018,0.0,0.24288166397431143,0.48760175879570244,0.0,0.48644161149855025
0.5295223500737778,0.3450338941184141,0.20154051108954119,0.5109415364144458,0.1928630171554063,0.40773934215779617,0.5157084266367614,0.5702596582080652,0.2784589753106098,0.1932854021503328,0.2938201632760143,0.5222306304881557,0.4843702925733934,0.502897014505284,0.47859295927527656,0.6896140404273554,0.3533984127570588,0.0,0.34475969067947076,0.4420585119976692,0.5058278144339987,0.3491021863278871,0.49806839426575833,0.4388275623747552,0.45166733630227685,0.3885840405619092,0.3932893721475931,0.43016126033363833,0.3622130344026967,0.4115334922795593,0.25038583605567477,0.43043075314882073,0.4590022952135827,0.3660728500417788,0.21294058337122665,0.45878509938461587,0.42622130445331774,0.3820964273668721,0.821720190474108,0.6032319744513535,0.5764057117412508,0.5161567407642844,0.0,0.0,0.3408155523341638,0.5782723506847438,0.6803707842034871,0.0,0.0,0.0,0.3782425320703095,0.5272784872931883,0.595239266954411,0.0,0.5425355382475769,0.0,0.38019410706078666,0.17876230954362426,0.0,0.5126996609831261,0.7641669994559831,0.5895685879447707,0.6076894368046475,0.0,0.19231593021154306,0.6307641313374759,0.6541126848410854,0.7271561070816552,0.3606632377357031,0.610936333377138,0.5709996934624981,0.6044384858364011,0.33919045548916726,0.5535271412727394,0.0,0.7107102747693836
0.0,0.45774307499496336,0.20318258677503315,0.1844316361006147,0.09764117288402316,0.020773039193783427,0.13007322579441438,0.21316754831587528,0.18968534850863167,0.17432188546775268,0.24357045520570422,0.2985917685397648,0.15045953078631585,0.14574234593782776,0.0,0.4653184054469662,0.43393270410619417,0.34475969067947076,0.0,0.49700174385395035,0.3270638869235051,0.43819962924346345,0.14021249603243702,0.3765901239939467,0.29196718744663486,0.3265330108804018,0.10367498913488682,0.23463682863799534,0.25213562683132296,0.24352302366123715,0.2141675328596,0.29564609929636154,0.37232499649951256,0.2059869968447439,0.052955268931817734,0.0905331016723574,0.20196736197676987,0.0611472077481513,0.4583963490583014,0.4452124155432979,0.4264875853826633,0.12427844462999554,0.17040560484251452,0.26028137374369176,0.010357769843829917,0.0,0.0,0.1910312438793546,0.0,0.1797114985535921,0.16680586235654737,0.10285310270338005,0.07163660502514635,0.18558335963825534,0.6046781852683257,0.39368869596166844,0.23247552187182097,0.18250707956398549,0.044869590739453624,0.0,0.0,0.0,0.0,0.483803491603062,0.4757839378209777,0.0,0.4840697415952719,0.2668805623699428,0.0,0.0,0.0,0.14358582143202558,0.3095831704410982,0.21970806036618343,0.4953776626603574,0.324565087692293
0.4733681759041244,0.1968954774190655,0.1199096160174477,0.44106903184271806,0.5276667231927579,0.18239667347054592,0.3522492676054805,0.19707016881439307,0.229156098154438,0.287903391199663,0.4838807894986175,0.5893419904229884,0.2812137666226286,0.3899546725164667,0.6509279193125497,0.38060135301779974,0.46077638569847573,0.4420585119976692,0.49700174385395035,0.0,0.3607145793636673,0.26184061439328465,0.6163064301164819,0.48540659990744894,0.5079574665174338,0.3193450260640476,0.32622443609425456,0.35252283443504784,0.4133270571822271,0.22242049700996053,0.4420629819938222,0.29377992093317384,0.23623346805592702,0.38352760506539163,0.5376585865135153,0.5425981935603813,0.4380342077816092,0.6684235071463194,0.2883208907820219,0.27883844227047455,0.28555681049457105,0.2722095856733624,0.5262858564084232,0.35957191864514876,0.34658056786018016,0.5976984308925948,0.4395759820299469,0.31815227569966087,0.0,0.0,0.3074889085259067,0.3461397805185712,0.40055875008352143,0.3119379505591004,0.8505195818015606,0.0,0.5631042447452159,0.2194085621346062,0.0,0.23640566513780042,0.32552576764733343,0.5106515645905734,0.392202337030916,0.0,0.10692724075621385,0.21165822812402213,0.22453095438734183,0.36238652102453855,0.0,0.4902533403559204,0.26800083771123817,0.292048399046282,0.26420264324809567,0.3082783546192378,0.013977773814752459,0.2237038397122165
0.23922310327610963,0.4680117374262317,0.09577995915010284,0.4912922554364145,0.39364439324149103,0.1184336662856233,0.35123949400012905,0.41105436858554695,0.13353848667794932,0.2986517164683337,0.038314317871802506,0.22446562465839376,0.31957492263679155,0.14925038857772216,0.20101161043123478,0.5982383084335249,0.2796104760134184,0.5058278144339987,0.3270638869235051,0.3607145793636673,0.0,0.3495451583642193,0.24337262691753883,0.1005827574398167,0.4744644578203814,0.2960707853447522,0.20743589733502182,0.2366359339459103,0.2608780131810053,0.20621176872840596,0.5251192607319554,0.28209216682776606,0.3599506977513808,0.3889697371490799,0.5094778676608547,0.27992759285274177,0.20273102502645327,0.3932444369785935,0.47442558532343504,0.6045725159404594,0.3513477124080502,0.4379755050787547,0.5480863303557761,0.0,0.0,0.7078853747443044,0.5381648732553767,0.06380169379266831,0.0,0.0,0.4602212595378614,0.36507502480443643,0.7041081687851122,0.39853382925571973,0.5412978069502086,0.0,0.8849870250654022,0.21116262449617995,0.0,0.3375286677528992,0.5441553911629629,0.0,0.4036630037596326,0.0,0.17722151257688168,0.7717835339540591,0.32407295186832974,0.5087003017350917,0.536143964745266,0.5066439740736838,0.5834234598962973,0.4253030853011847,0.35473386633052983,0.4656725617082065,0.2792608528738558,0.2716160973691666
0.5376018974347405,0.37352179826189136,0.32865367154836345,0.30322805131723674,0.5132544310864751,0.26390321903878844,0.40635474663792487,0.2727486069317632,0.3249188436441133,0.2925746019656096,0.18219590317387782,0.23665881281040152,0.30182679646914407,0.1932955626827253,0.28851278032167205,0.3283109551573455,0.5694030382818751,0.3491021863278871,0.43819962924346345,0.26184061439328465,0.3495451583642193,0.0,0.5624460331975385,0.40904027235683726,0.4867809783195137,0.299075632795243,0.21816346721332033,0.35022811560006084,0.2711463477952365,0.05779052176440963,0.416758106696975,0.3339252399811846,0.384670438132743,0.3831037983857535,0.4877363979398894,0.46235417080483693,0.5443177782039592,0.4308059091766441,0.41034698213617576,0.5703736236730867,0.410222680168878,0.41269889144488486,0.4451248748185325,0.31057879392588106,0.3962191700819473,0.6180784349189853,0.6108275846485289,0.2522752632504811,0.49297101707933594,0.4001748877514044,0.37761784557204237,0.3772517604931831,0.3019265488381324,0.4467015621412846,0.2582199663744199,0.0,0.4569672446956659,0.35523303037216647,0.0,0.3754303736963236,0.6559462305328012,0.32077565496279037,0.6029879253094537,0.0,0.13053884119952217,0.4702970818144546,0.40278909089427906,0.4096290007439879,0.5304513127755354,0.6191179976439491,0.37972427976770695,0.2991696589246391,0.35141745712956707,0.377262917993026,0.4084312398749126,0.529444612270705
0.3234695495639154,0.38287949769054225,0.25311224971686863,0.35307373743796344,0.007993352542269294,-0.04132762174210164,0.10017294009068767,0.17363892845962647,0.05422545111128124,0.3172207342649519,0.3323062827394359,0.1503992275341452,0.10548927477675649,0.16302944670423436,0.3750429362123563,0.46263991626901024,0.24684264428736907,0.49806839426575833,0.14021249603243702,0.6163064301164819,0.24337262691753883,0.5624460331975385,0.0,0.20552082252753895,0.4987761646590565,0.23708818860787603,0.14722428058635104,0.15665969822495987,0.2808573561294302,0.24330405690664955,0.23341463690968536,0.2313954757056632,0.3618455218005623,0.2560768663678723,0.3405441191243207,0.144024265217306,0.29911514345885465,0.08923026577149276,0.39300481269627136,0.32230463591695774,0.3833488703577451,0.48534166925785927,0.31093707538900717,0.4524957644246016,0.42091014270784244,0.21008576523806682,0.48274560273775413,0.18671479947718245,0.20089642311356884,0.3390958965115723,0.26767395759624213,0.25636705526599407,0.28066099386598026,0.32962907606604686,0.45199496529063543,0.2941732759134673,0.1325573008851309,0.2372141920756342,0.17760724820630316,0.3501340052722821,0.47180117276686806,0.5100389232675699,0.3166352439316582,0.3354829326501333,0.24459025220844538,0.4104254811081056,0.304240146957448,0.5040761577014955,0.3554929679952358,0.5374783613687879,0.3335913483453632,0.2618491485550073,0.25278000281538804,0.34114873482904945,0.32924952570301147,0.3178530652461239
0.20816449470277035,0.4108287141283241,0.31582219466413797,0.2708862077642513,0.26512460297290485,0.2059210540605883,0.3813753167956942,0.0864069084024025,0.3365784888705411,0.3592377205558665,0.23289764082522407,0.257460707548415,0.3383753857358942,0.5028185840661519,0.353094306610698,0.5564651095113808,0.4138662690245581,0.4388275623747552,0.3765901239939467,0.48540659990744894,0.1005827574398167,0.40904027235683726,0.20552082252753895,0.0,0.4258737579904353,0.2735471219089959,0.4087096568108798,0.5176519603728115,0.6715121002999104,0.7166505807863336,0.5843751022375432,0.7062315713171089,0.37977113489185554,0.43152055560416225,0.43248801719469115,0.3446120464516028,0.3856256461622609,0.4501443135550505,0.8732061759420882,0.6750076997995813,0.5922374891636009,0.548604152915491,0.460058774246917,0.3579356573344856,0.35713659865795677,0.46194496750056047,0.3461650118311037,0.0,0.0,0.51109763183013,0.4676301760648306,0.4208086512789271,0.0,0.3503139154813155,0.34155401293999055,0.542195276765811,0.3566649095337366,0.3560104850854791,0.0,0.35549256354138004,0.2722655762112631,0.23460053553562318,0.3909149981161404,0.5173844069559559,0.4404417172392815,0.4943668087503678,0.1769564357581457,0.6770542657644927,0.2785822403781194,0.3996824337741498,0.3616046502469292,0.3504397864916071,0.6630133427069582,0.4442701759280493,0.0,0.4675066970295228
0.3688216817723942,0.32418517767521876,0.4020039397216798,0.8613134645767029,0.3101100853943296,0.5001150694404313,0.5078693830173643,0.5305650791957874,0.40951514318898513,0.5376087040792629,0.20541335154665186,0.3735823213321754,0.480900101414067,0.7601026526132231,0.483507461857929,0.5723794770422495,0.5198297090885253,0.45166733630227685,0.29196718744663486,0.5079574665174338,0.4744644578203814,0.4867809783195137,0.4987761646590565,0.4258737579904353,0.0,0.2360046119078615,0.49976660799141437,0.41722709152425624,0.4173229362450458,0.24612818111753965,0.3286000426304461,0.3553359105273556,0.47323109111558154,0.38211852913286487,0.22031779758695308,0.4028024087831334,0.4666645868076571,0.452621653977223,0.7291638644913333,0.5765856572874075,0.5389009355792623,0.5632340307922317,0.30234209795454947,0.0,0.2783354097284605,0.5373837336908535,0.6857683536628095,0.0,0.0,0.0,0.3907742359163235,0.14128893032000053,0.41705338115716134,0.4722503950214505,0.43605673049964694,0.47033753341600404,0.3971471670160456,0.18366277159564165,0.0,0.4355641616581421,0.6496260987612072,0.483017075210487,0.5912092040451,0.0,0.5023063518421882,0.5758159885819522,0.5203083864843219,0.40172216175455383,0.27066580343950297,0.5916198646294024,0.4879746945244506,0.3560339568195808,0.48298043670130414,0.3533548690172786,0.0,0.5935054637777989
0.4764486928995956,0.25022583542774046,0.08047510688691878,0.45277401949963225,0.2826760509192183,0.3363346059651202,0.5129341856992712,0.3936924084406046,0.3218009988567363,0.3106904965586921,0.4550432393705606,0.2741041807091107,0.4323620212092065,0.2587196455701122,0.2570558781909671,0.4587305373432288,0.3579576276097899,0.3885840405619092,0.3265330108804018,0.3193450260640476,0.2960707853447522,0.299075632795243,0.23708818860787603,0.2735471219089959,0.2360046119078615,0.0,0.3276361458164381,0.45318974765714426,0.406005589537253,0.19572251577273944,0.2880728178887528,0.39671251332012497,0.349915295052284,0.3057085629119073,0.3250669905509398,0.37660586567025534,0.3359929995311531,0.25371574629917604,0.4543374600410502,0.488729551380617,0.4784080059410595,0.34594642884377735,0.1078986321225823,0.517463297425284,0.4011040803833599,0.46029465300014805,0.6072867667802865,0.42476519448934685,0.0,0.003184689184199521,0.2743858947640523,0.17025179388093536,0.42995023321278414,0.4184941776677146,0.264697505703671,0.0,0.2963544605008475,0.3133959727216794,0.0,0.24127460623977673,0.6197253173027826,0.3350752553589258,0.4512120873911314,0.0,0.23517103868136713,0.5584041016539387,0.49618278159953766,0.30955048790118006,0.2769973675114637,0.5069555441543173,0.3796696896673164,0.262333120154711,0.44922124526254037,0.442580852361696,0.4710633279406614,0.484661576242101
0.2617136389627589,0.2267490714083486,0.1823101282828841,0.2258138588849018,-0.03747751923173903,-0.05745424028609347,0.04148402135237611,-0.0035459578791010027,-0.0024999954569915883,0.21790667529784238,-0.05475313414958444,0.3006977375933264,0.03371246764183383,-0.10047532344390181,0.3673921279470746,0.41454767472928106,0.25452546798768144,0.3932893721475931,0.10367498913488682,0.32622443609425456,0.20743589733502182,0.21816346721332033,0.14722428058635104,0.4087096568108798,0.49976660799141437,0.3276361458164381,0.0,0.10957801209253745,0.19350517729289332,0.32435200133126035,0.2970876230446855,0.20283444182276916,0.3340519353569121,0.26776239038355204,0.3492683544926163,0.03258032651398152,0.2101382212419862,0.0604515911548949,0.3521760703932586,0.24396300100336443,0.37102250808805015,0.33560303201794495,0.24376808703361952,0.3937419582154408,0.297484906995644,0.3966257021251045,0.37314509261431883,0.20719566838909798,0.37668476119544075,0.12948802536275272,0.24738428809272273,0.20684484272597053,0.15014673970142156,0.20144096849331783,0.5519630217501975,0.16616308797122362,0.11635686372200546,0.24401244430313856,0.3421260971343122,0.23163864205490206,0.41125746672840535,0.0,0.27418284423154604,0.29507489187004826,0.2111064258908385,0.2646717352409015,0.1860229447607944,0.2042708930259426,0.0,0.4930303049917642,0.24295650906812674,0.2578832002597548,0.2632448430222396,0.28173512142288737,0.24893237423448925,0.3024275888327287
0.4761079960688346,0.43242793467850543,0.17865734661378263,0.6414424481472545,0.534400165914258,0.22035965543492006,0.45220440043859056,0.30851313345151454,0.040386886139165024,0.6198888472464135,0.18385300498759943,0.6579945241496777,0.29421777909188646,0.6166187940409478,0.22741404019947167,0.36196129653035564,0.7270774974175271,0.43016126033363833,0.23463682863799534,0.35252283443504784,0.2366359339459103,0.35022811560006084,0.15665969822495987,0.5176519603728115,0.41722709152425624,0.45318974765714426,0.10957801209253745,0.0,0.18406714948528724,0.3960150520199792,0.41138972740652524,0.46942007646075845,0.8137067734971115,0.23957335160797386,0.5353627763376259,0.538523511129965,0.5565233223290176,0.6575217644540328,0.6834960157562601,0.5120594319247251,0.5890516794926812,0.6515422306329485,0.6946641358336471,0.7204406086444335,0.5336570448582939,1.0462886207263733,0.48692883696403905,0.19999028432154953,0.0,0.4369193633093298,0.33785281266245304,0.2869185594100972,0.4495679427354317,0.24824444559428915,0.5067451343621349,0.22594708358104354,0.32575075456635894,0.3327006573109724,0.4327333264910046,0.24869479036810346,0.36402692035737755,0.3378165697041756,0.7782627112220415,0.5511845952015806,0.23220833181952058,0.3325584895902631,0.2526237962255873,0.4163388172117938,0.5599042419751104,0.6852838472704939,0.37524499265992495,0.3987609081519938,0.3944927728895696,0.32350449031566125,0.26007815336644124,0.3900168346095897
0.4287260523044193,0.24921938360592263,0.24197310705599867,0.1780655515628259,0.43127451162973696,0.14928664022390192,0.28806594397748886,0.1717687049274435,0.16024731502449768,0.17695126450547366,0.06620549334646808,0.42467693064824863,0.2854505881403906,0.10303286197607936,0.2970983422332809,0.33001908221161164,0.4149301512570682,0.3622130344026967,0.25213562683132296,0.4133270571822271,0.2608780131810053,0.2711463477952365,0.2808573561294302,0.6715121002999104,0.4173229362450458,0.406005589537253,0.19350517729289332,0.18406714948528724,0.0,0.25887645516455304,0.30944941475835797,0.22027244255203401,0.3181768731168614,0.31967385116801506,0.3229851215964019,0.27598175071941633,0.4001519223275505,0.24256836400010096,0.32742019246414006,0.3014888370288991,0.3039100650012022,0.2980657457710708,0.47567490955213404,0.37492177855262776,0.4071386837364995,0.32584941889489794,0.34465747645733286,0.3231159796072075,0.5068603419799573,0.31687276679961496,0.37025908781294103,0.26473193540960616,0.5021052534875972,0.26459645246081476,0.5206739736773254,0.15259007207570083,0.450576287801562,0.28308696466659566,0.5666317539701513,0.16824826346637864,0.33080586804455353,0.48757212779435144,0.4367603479198695,0.3748352327919492,0.22785411103139763,0.27424481230214326,0.09035643178181099,0.44666501951620563,0.48854212903828703,0.4998934679317568,0.3362686403343542,0.4114187359678544,0.32864389227863633,0.3490130222092447,0.28674484101587827,0.28131813704308894
