0.0,-0.006778837228958889,-0.04837118120976397,0.0,-0.029482113889424677,-0.01455342967223755,-0.05604489535092566,-0.05414227253084469,-0.03120689010376526,-0.01325075812436477,-0.01907571362510141,-0.021285554865299094,-0.05281295443372064,-0.03659125569598609,-0.01820361106720847,-0.031113804669485545,-0.008402849238140664,-0.01822377349286919,0.0,-0.044718314269977744,-0.0480634629165948,-0.01882661487276971,-0.03872939137497561,-0.06134110028253609,-0.023451022735373306,-0.011646060037798611,-0.010868866601757343,-0.05562842456819034,-0.05317629422081471,-0.012010762182961654,-0.015485420609112066,-0.02987459020441874,-0.03080158417093437,-0.022958473781005018,-0.022163905487812274,-0.049895244770718605,0.00046828688206101976,0.00010243063838533129,-0.045858857503158545,-0.043238961047697644,-0.04822722535359253,-0.03962868184522861,5.6150026854218105e-06,0.0,-0.01143613256007675,-0.05842003932328138,-0.042179879237776885,0.0,0.0,0.0,-0.0322546812542277,1.1102230246251565e-16,-0.041299103061535336,0.0,-0.03211641040253216,0.0,-0.023051095066487504,-0.030421984838830574,0.0,-0.03566326480279791,-0.04466852797619042,-0.045721179782138355,-0.040439136752724536,0.0,-0.044753129352157806,0.009433246985202481,-0.04015123643772062,-0.03199019126967323,-0.015115411651212052,-0.050056410476432,-0.04616249086247304,-0.044095193570696356,-0.000219078601332523,-0.0328858173988128,0.0,-0.04490290459527152
-0.006778837228958889,0.0,-0.033527067541684996,-1.1193980238743961e-05,-0.0458516784204544,-0.02229721456697953,-0.048585385345491616,-0.04196326116976584,-0.027373968740930343,-0.007779531434369824,-0.02779459132398049,-0.005549958705369229,-0.04332472687591449,-0.007331892191571654,-0.012872270110744322,-0.02790813937417924,-0.02409495207766582,0.010500844529324538,-0.015315680676911969,-0.023659971142526326,-0.04086479178098007,-0.0023712934183980905,-0.02176654742585804,-0.026004070267556467,0.014467470741828636,-0.015429095526138914,-0.02439636611892193,-0.03869010920941912,-0.029688433164584638,-0.03343477785160692,-0.021548468903558438,-0.031144308233621187,-0.033830327810088545,-0.027358095465408128,-0.0392971757125844,-0.013265099808232372,-0.001149028887045378,0.0,-0.0512576893235131,-0.05012727218578966,-0.05609809260302545,-0.054744103962421464,-0.00963080818126033,0.0,2.220446049250313e-16,-0.03656191686072591,-0.052780165508091614,1.0175393850897496e-05,0.0,0.0,-0.04839752624180488,-0.05115121868521211,-0.025010167151231444,-0.03169311843666067,-0.026539033903603848,0.0,-0.022575721311099917,-0.05220570663759133,0.0,-0.0275854178628821,-0.04539951691736205,-0.03303200763097053,-0.04892713892214656,0.0,-0.04487831900994205,-0.06275880305067683,-0.04167638686153896,-0.042818673861565015,-0.03303458449867691,-0.053289072901732126,-0.05935207498314371,-0.0487996493849962,-0.058440686851032375,-0.04125742862572951,-1.1102230246251565e-16,-0.0543310566698989
-0.04837118120976397,-0.033527067541684996,0.0,-0.05284457353659183,-0.028314871251102658,-0.027794261177066792,-0.0372588105835433,-0.0570641104077243,-0.04291176615184361,-0.050593729948429755,-0.03252551158081468,-0.08629200406645121,-0.04338687500687233,-0.06705261404101681,-0.01153783503862671,-0.038190634399797696,-0.031938813906272845,-0.04185535250505362,-0.044424288272324336,-0.02738295250948647,-0.08536489758281535,-0.04750695866505805,-0.019278989875607444,-0.03325544913037415,-0.027310789851128614,-0.030103808654348974,-0.04570157107086159,-0.050760775382937495,-0.021943172456321935,-0.053692292727963276,-0.057729388581309216,-0.07180487674991126,-0.0798562927604114,-0.06214733371887904,-0.044203646558872656,-0.06542484091207107,-0.0638807622226279,-0.023966580663194126,-0.055085401718384164,-1.1499770347089822e-07,-0.023107046608509263,-0.03241003024615918,-0.044915593357927774,-0.00425755134406286,0.0,0.0,-5.605629992089245e-05,-0.005010270940435657,1.2611446117416492e-06,-0.09314721044458213,-0.046527639576485647,-0.06687737504265012,-0.07531044031920653,-0.07178904414230625,0.000461418422128157,-0.08870554737125014,-0.04534724301007892,-0.06762495370234378,-0.08382438551642518,-0.00014837103076792424,0.0,0.0,0.0,-0.06372518136404265,-0.03220739329229888,0.0060151594826912125,-0.00025696028134419846,-0.06821275010589162,0.0,7.195761576733739e-05,-0.04671484057067654,-0.05671569252512698,-0.07725951334117748,-0.039597772396478936,-0.008976476326295502,-0.08056773777243365
0.0,-1.1193980238743961e-05,-0.05284457353659183,0.0,-0.0586179384519982,-0.02974349752488281,-0.020575193405236614,-0.024587885004769494,-0.046542952634394286,0.004201932678118803,-0.06825469513208504,0.01924995691179443,-0.006277466515178409,-0.021735728778640828,-0.03029041671179894,0.0005103930336609053,-0.004074166807930879,5.742860372082159e-06,-0.056404310593963,-0.012476182675071001,0.00048035574437738093,0.01400723741647697,-0.044902674491599126,-0.016922289944857616,0.00041388057962449265,-0.02055679489244161,-0.04051483502586506,-0.009432374862532567,-0.029086078401284354,0.025829413605887697,-0.05761265433958057,0.005852775004673849,-0.030339601530777305,0.07359015436347727,-0.02812366863074306,-0.008272426036367853,-0.013121490354810833,0.002172395982566855,-0.007899938760305203,-7.414815120748708e-05,-0.0377210477235429,0.013909734740631785,0.011087409079933608,-0.003967145757340862,0.0,0.0,0.0,-0.0006925142375252547,0.0,0.0,-0.029948251195748232,2.220446049250313e-16,-1.3143300678974956e-05,-7.66180138594974e-05,5.551115123125783e-17,-0.01112676732866763,0.0017861151015665655,-0.0003338244175769556,0.0,0.0,0.0,0.0,0.0,0.0,0.0,0.0,-1.158843813148236e-05,-0.03584591593886033,0.0,0.0,0.0,-0.025122924162902183,0.0014375616388846435,-0.015666023548140673,0.0,0.0
-0.029482113889424677,-0.0458516784204544,-0.028314871251102658,-0.0586179384519982,0.0,-0.025274784899182168,-0.022170801594678158,-0.027472475434551946,-0.027992868137296456,-0.032698120130848385,-0.023621618037597103,-0.02849674387488227,-0.012057078321603076,-0.04135209533400197,-0.011931136435290812,-0.04913466143161732,-0.025279607578556684,-0.05852806565011409,-0.0348513656365248,-0.030970928710654544,-0.049003399309318185,-0.048910267541266594,-0.027097648219124748,-0.03229448705310467,-0.03683947602668247,-0.05349126227847062,-0.029280089081868133,-0.011698405237311471,-0.030527039554764157,-0.025016847508625373,-0.04953666192474826,-0.05317564268007663,-0.06908683074982547,-0.05660952651727719,-0.03373021375524582,-0.034111133950300576,-0.05501482817952669,-0.05350261411709761,-0.016064062282871494,0.011947878419585334,0.0028348230125412877,-0.001835632671284837,-0.007739981162101783,0.06907882200441262,-3.7149747829923196e-05,1.1102230246251565e-16,-0.008830548389238968,-0.03916552861912198,0.0,-0.03905752157353365,-0.028055710518788857,-0.05022647769540928,-0.01773227261496485,-0.039868395923710775,5.551115123125783e-17,-0.02603905214585045,-0.021387588067219077,-0.03736681985605095,-0.04094421489444705,-0.01275074070553267,-2.3639419986731802e-05,0.0,-5.551115123125783e-17,-0.014278149845416699,-0.017064470854777525,-0.019442680666081902,-0.016337347709027283,-0.03373438652704003,0.0,-3.686965218130389e-06,-0.03564342032761475,-0.028642712289867533,-0.04680668721612158,-0.02420107647237013,1.1102230246251565e-16,-0.05932722611988239
-0.01455342967223755,-0.02229721456697953,-0.027794261177066792,-0.02974349752488281,-0.025274784899182168,0.0,-0.012835968474361747,-0.029426323367461926,-0.017644913118331218,-0.038664110097513804,-0.028640532335165725,-0.022276788628217914,-9.84488502417391e-05,-0.04431493411486859,0.030618836208855638,-0.027383094079519832,-0.018448562725928208,-0.023467461190225136,-0.02683586400436261,-0.009565867724931398,-0.011758579364949118,-0.019740642013748866,0.004032685508515044,-0.02850053837987615,-0.007281021308273128,0.007898303074215018,0.006133332022875748,-0.014980708434487289,-0.006682428745569735,-0.02058769867319904,-0.0314861267394147,-0.042185983740521016,-0.03669990909879889,-0.0462646569820549,-0.024168649321440583,-0.05597065917517963,-0.033342375193417706,-0.04333555114008203,-0.06545473552058517,-0.0359254825791977,-0.03690694883703444,-0.009964495361549974,-0.009049192480167889,-0.07309748366008711,-0.02261452068718922,-0.023823058047083623,-0.024539217819896486,-0.04025629876486558,-0.02351973876784258,-0.030583546195594946,-0.020270263874375638,-0.043496098548594375,-0.02581938295788927,-0.04188320719504218,-0.02518688730724916,-0.040389202371551636,-0.02311425877663581,-0.046248888796565524,0.006952287931459744,-0.014998451477011288,-0.03417745768019964,0.0,-0.02549766168773715,-0.0414662853512453,-0.009560147925815443,-0.014460430216904296,-0.009753183351225159,-0.023440270211185277,-9.74385936580724e-06,-0.045231312329588824,-0.030758052566025373,-0.02018751970013255,-0.04128370183700841,-0.013602307551367765,-0.037299422220283485,-0.04355396988852661
-0.05604489535092566,-0.048585385345491616,-0.0372588105835433,-0.020575193405236614,-0.022170801594678158,-0.012835968474361747,0.0,-0.05846858542746536,-0.008672771627129594,-0.02597282996262773,-0.04007775585209461,-0.05174137932605749,-0.013453718212377952,-0.04898629893032125,-0.021976749384582495,-0.03025209675499463,-0.03587397066510489,-0.03918584941605874,-0.04368659834483396,-0.03069649578885003,-0.045152446437636606,-0.04239966268074591,-0.04529086170170937,0.01036981819114463,-0.03594470498773683,-0.04488703677625966,-0.03222279830287467,-0.007563312997961424,-0.00743408029543674,-0.030245768274590357,-0.02495214631921555,-0.02974440280868934,-0.02630676210468863,-0.026133321287069966,-0.039997411433085994,-0.03706534635267705,-0.05655926440417003,-0.08888732534949956,-0.018979240259946517,0.003945530882713766,0.021611678122668287,0.02837461722796214,-0.018508790055525026,0.002567729654002482,-0.006362634087273167,0.0,-0.045541848626723,-0.05117659818818654,0.0,-0.031291082850283425,-0.03458189174385279,-0.0669800138717655,-0.03917627098499121,-0.04681623078926783,-0.02520170130747512,-0.042546584880986504,0.0013475224623389348,-0.06054217540036755,-0.009626114901137905,-0.03555536399052789,-0.06263032750090991,0.0,-7.971499027092932e-06,-0.05450501451168127,-0.029101469455022566,-0.011975821637939088,-0.026387543230605603,-0.03972957365867541,-1.7716590672067767e-05,-0.05422506286075368,-0.054661453845273544,-0.03157895490186341,-0.05023356277314639,-0.02582329736743294,-0.01371907324033339,-0.05755960220417217
-0.05414227253084469,-0.04196326116976584,-0.0570641104077243,-0.024587885004769494,-0.027472475434551946,-0.029426323367461926,-0.05846858542746536,0.0,-0.06383246093952871,-0.051402969688149835,-0.056456823766216746,-0.043791495186497054,-0.05860020937922156,-0.04200793918299628,-0.01295089926522447,-0.0502437910399392,-0.012429973404172512,-0.06599683119552963,-0.036894886550549955,-0.049220473201082915,-0.011216644833395684,-0.04025361116794074,-0.03409963262529042,-0.07163206446621206,-0.0674291511954877,-0.055688005108799954,-0.04196463602130612,-0.05691252448679346,-0.0325040894305893,-0.06325323026187213,-0.0625194442919817,-0.04217595580197009,-0.056801248055611486,-0.05915864580236818,-0.04912635263855114,-0.003493656687558633,-0.04532653704372652,-0.023289032358466966,-0.051732021460868305,-0.04121357931077624,-0.04741441779648292,-0.01585978707991187,-0.04504847661148392,-0.007427603373173108,0.0,-0.053903837386420406,-0.04215670758874951,-0.062267619132875984,0.0,-0.04304033877310598,-0.024190708398921346,-0.06196028225841327,-0.022060011444447247,-0.062455018939133966,2.3071899575066723e-05,-0.053788999124945946,0.00014865683261267026,-0.05913069117854736,-0.032093826202805154,-0.014384909715336958,-0.02240137322405933,0.0,-0.00014061702399226217,-0.05821700801276214,-0.03317168683485483,-0.006399466285468169,-0.047755501202676576,-0.029782068089639124,-5.551115123125783e-17,-0.03170901852673408,-0.033903210716914545,-0.03521828963763479,-0.058984172326730255,-0.02983351602637485,-0.019641881278822382,-0.053341801533934474
-0.03120689010376526,-0.027373968740930343,-0.04291176615184361,-0.046542952634394286,-0.027992868137296456,-0.017644913118331218,-0.008672771627129594,-0.06383246093952871,0.0,-0.05665837046399291,-0.05670299876946666,-0.043996437914705866,-0.025714966215421298,-0.06077296197063414,-0.05696616189418724,-0.02819186964673287,-0.027440386925771942,-0.04039158273388593,-0.03745382258152463,-0.015776914454420865,-0.03547952929131187,-0.02562128271091413,-0.04145288387768137,-0.020153570766451856,-0.016796026367628003,-0.027115164010260373,-0.05816020967067109,-0.05025133768700746,-0.010628739221958283,-0.04260285165902378,-0.0586426127034802,-0.06674235938706469,-0.0660007162360039,-0.06022586934251445,-0.04890833637524261,-0.06490389205362268,-0.05185796787749092,-0.05768820365759453,-0.09209340823455414,-0.013157573660069533,-0.025319827851851162,-0.06920748818302769,-0.04451441905495246,-0.09021589378384887,-0.018572396453871598,-5.551115123125783e-17,-0.03268580738492732,-0.06488921611602327,-6.058597847857783e-07,-0.042231135686539745,-0.04485992423325069,-0.06490138237102394,-0.06139552969832085,-0.06920410736665955,-0.031560340503235584,-0.12502708253570688,-0.042874663969968696,-0.07050505386721156,-0.05918055684968282,-0.0234239963994895,-0.01723538485764098,0.0,0.0,-0.06564430781105146,-0.01261378375130684,0.00464666142500425,-0.022600820988355474,-0.057216952940347676,-7.4565119698721816e-06,-0.01345214279670126,-0.036251412922585324,-0.04915362631898923,-0.05130125731019536,-0.027633932462232336,-0.02516116998189022,-0.06332194058091573
-0.01325075812436477,-0.007779531434369824,-0.050593729948429755,0.004201932678118803,-0.032698120130848385,-0.038664110097513804,-0.02597282996262773,-0.051402969688149835,-0.05665837046399291,0.0,-0.05708064276574526,-0.007740607434334856,-0.03807833226132995,-0.029224128846066788,-0.005783662202054007,-0.04246435427273848,-0.00910714314352995,-0.018218341965263674,-0.0666566658440052,-0.03745674636410423,-0.022282565012375577,-0.008802339375554857,-0.05865972664353564,-0.03524455964846285,0.004609160996999262,-0.007722087731969085,-0.04511915617137846,-0.028483408259480036,-0.030818791869437867,-0.02144597550356464,-0.0245182480250688,-0.016063875826011653,-0.03049757696307026,-0.0007777444913343867,-0.030376901378828813,0.030575613236607124,-0.020509961486037953,-0.015250922357109842,0.0525619340256282,-0.015108480741519603,0.008443414827424833,-0.020306910399197242,-0.03159356479404041,-0.01783717792993994,-0.016089619377650355,-0.014986895726713745,-0.009209531501904955,-6.619530863738454e-05,-3.4401557889029988e-06,0.00044002672401183274,-0.04761926447734205,-0.019245064548926938,-0.013941800811612892,-0.007306792734976919,-0.03613074363684554,-0.023070133264697146,-0.033921019203705105,-0.028496447047087703,0.0,0.0002917212390974311,-0.03453852845737926,-0.02799891406780658,-0.006796877753637409,1.1307972351826123e-06,-1.8372597627325238e-05,-0.009654785355459106,-0.019804124516771826,-0.03253501491870342,-0.04334207146076108,-0.031183076760701978,-0.031173190388031624,-0.039244674064979945,-0.01429379214419818,-0.058014160066179155,-5.551115123125783e-17,-0.023708464779144067
-0.01907571362510141,-0.02779459132398049,-0.03252551158081468,-0.06825469513208504,-0.023621618037597103,-0.028640532335165725,-0.04007775585209461,-0.056456823766216746,-0.05670299876946666,-0.05708064276574526,0.0,-0.053282486419437114,-0.05199572180633871,-0.039826783797578424,0.0,8.797039771796245e-05,-0.03191146298310027,-0.03581329053955573,-0.03686069359541949,-4.9789125950661095e-05,-0.028721745111843278,-0.01924113586997661,-0.05928412487570217,-0.02906953640045773,-0.020422397214120758,-0.06182590205314403,-0.0547667102989966,-0.05453559351092252,-0.025663744162122804,-0.015968705689419327,-0.06938062663846106,-0.04410929186641188,-0.03540218648190979,-0.06541068602816613,-0.05459354145754042,-0.028849247640189923,-0.06484421888532044,-0.046967305723758845,0.000685353265193811,-0.012587148198953235,-0.0345662388740966,-0.03481800155714038,-0.018038672295116798,-0.034387930431957314,-0.010479059097915133,0.0,1.1102230246251565e-16,-0.03230396099201743,-1.1731735649611608e-07,-0.05809595565948106,-0.017326210792812047,-0.03852454592757493,-0.04237920756351149,-0.01384122391023046,-0.033066610963983945,-0.061330290588987535,-0.024927735351107927,-0.036894434527059594,-0.05480369609277036,5.551115123125783e-17,0.0,0.0,0.0,-0.114796684126421,-0.012776294388953335,0.0,-9.660867499183823e-05,-0.048412858255261815,5.551115123125783e-17,0.0,3.461641354002287e-05,-0.03565867318062038,-0.04377184442143284,-0.035660375290130386,0.0,-0.05899670575371385
-0.021285554865299094,-0.005549958705369229,-0.08629200406645121,0.01924995691179443,-0.02849674387488227,-0.022276788628217914,-0.05174137932605749,-0.043791495186497054,-0.043996437914705866,-0.007740607434334856,-0.053282486419437114,0.0,-0.02787610428357007,-0.006109280284442964,0.05614546064248688,-0.013562332697326429,0.00341885270418657,0.01314811995934645,-0.0410494753866909,0.029927270277154472,-0.04842223710314891,0.04517017979976662,-0.04506651722414584,-0.00921165708162297,-0.0029182913477586725,-0.032855379631148984,-0.025986239517840126,-0.027955191576370497,-0.00873479198388627,-0.06284551882936928,-0.010093505364828115,0.0550277021742423,0.017422391106526047,0.026937467417671057,0.0370043650796546,-0.01368773496970338,0.006548627521344719,0.020360008705701482,-0.024068370639912684,0.006473737574846095,0.022535330280082255,0.007453791501875862,-0.02919575798853774,0.004226495267784958,0.003903023080952084,-0.03132393994245891,-0.020478962008756763,-0.027784478443376448,-0.033233971748071134,-0.006382535789065946,-0.026433750754321805,-0.009238939940729052,7.955150345850814e-06,-0.04524780236316572,-0.03176778476858738,0.0017214297100709985,-0.03356152871308071,-0.03055622204180375,7.412367973080869e-06,9.754140598505767e-06,-0.016085387282442742,-0.02559394295128209,-0.009215351259614812,-0.0478230981933096,-0.016192503809000725,-0.03434585672021567,-0.005580746133105274,-0.07652438020206043,-0.03896394438349965,-0.03129909254398605,-0.03189651149501721,-0.05251877687130729,-0.08579949137972798,-0.016182041561740468,0.0,-0.013639271991098656
-0.05281295443372064,-0.04332472687591449,-0.04338687500687233,-0.006277466515178409,-0.012057078321603076,-9.84488502417391e-05,-0.013453718212377952,-0.05860020937922156,-0.025714966215421298,-0.03807833226132995,-0.05199572180633871,-0.02787610428357007,0.0,-0.04021971649220624,-0.024058499927294197,-0.03379677190362329,-0.04021248416960682,-0.03773546226493424,-0.05488675474666693,-0.022793102619499794,-0.03924300465764741,-0.03463529222374345,-0.04245870312063127,-0.053986129839520836,-0.037319005620904344,-0.043172820852723726,-0.03171305124880247,-0.004524377374398314,-0.01193597086394066,-0.04113569194938682,-0.02245906248722629,-0.021095075561712806,-0.031113672687990646,-0.029437114538513942,-0.03018581612370852,-0.010819700239147467,0.005254149063709246,-0.03488297618539482,-0.08394205188453208,-0.027389584464072247,-0.013869920193885166,-0.08787456879935235,-0.010455098779528826,0.022452754412445652,-0.01851183482761909,-0.017752228828239014,-0.04474804960366613,-0.045483395522103676,0.0,-0.05176954059585248,-0.03894302341332179,-0.06183126850500498,-0.04433498984132134,-0.0599306279445343,-0.023164175987966162,-0.07053594992245793,-0.04212501710247846,-0.05752702464263931,0.003789295347641608,-0.03713050885697594,-0.05021394587787653,-0.02539327046053541,-0.060926447323467414,-0.06209556410494366,-0.02747171232156076,-0.02852532178604905,-0.03562006861119105,-0.040050055110384286,-0.017553219618061944,-0.06785389523806667,-0.048913413510955905,-0.037691782532313756,-0.05463701205586391,-0.036642837828029684,-0.04428700598888835,-0.05231470875408789
-0.03659125569598609,-0.007331892191571654,-0.06705261404101681,-0.021735728778640828,-0.04135209533400197,-0.04431493411486859,-0.04898629893032125,-0.04200793918299628,-0.06077296197063414,-0.029224128846066788,-0.039826783797578424,-0.006109280284442964,-0.04021971649220624,0.0,-0.015189109514963939,-0.0005529162117950959,1.5764046531197007e-05,9.303905379254296e-05,-0.05706532924114821,-0.0071871522405659305,-0.05069514519247098,-0.004808867259786187,-0.07159709901391426,-0.028679458702618954,-0.006167992655643162,-0.06399976391680828,-0.06140223357665592,0.013436731846596606,-0.03235349159917689,-0.008017009212639259,-0.043947786979096015,-0.028307589049216403,0.01043314258218675,-0.021841976891440684,0.0028165809733149416,-0.0034813431445854803,-0.0186806279811349,0.00715105413389816,-0.03778029871526839,0.0,-0.011599050330124705,0.00032290434773224463,-0.02603069964174498,3.376978645608375e-07,0.0,0.0,0.0,-0.04698008414978849,0.0,-0.038351380462987805,-0.02353081529534884,-0.03687235190888172,-0.05818072163621568,-0.05333171726384228,0.0,-0.06665024164015376,-0.00019759683431697095,-0.02002206108216603,-0.024535209938870428,1.1102230246251565e-16,0.0,0.0,0.0,-0.08343040623052683,0.0,-1.1102230246251565e-16,0.0,-0.015131528257822047,0.0,0.0,5.551115123125783e-17,-0.04871393890051906,-0.027266022975786286,1.1102230246251565e-16,0.0,5.551115123125783e-17
-0.01820361106720847,-0.012872270110744322,-0.01153783503862671,-0.03029041671179894,-0.011931136435290812,0.030618836208855638,-0.021976749384582495,-0.01295089926522447,-0.05696616189418724,-0.005783662202054007,0.0,0.05614546064248688,-0.024058499927294197,-0.015189109514963939,0.0,-0.0347355638164476,-0.01588579228397463,-0.038791018141053624,-1.1102230246251565e-16,-0.001255059272458614,0.009269971339905814,0.007378600773316257,0.025561430445386335,-0.052805928555685056,-0.021979316936988846,-0.0037185819394709996,0.0472433545576349,-0.013487813608751342,-0.011680065721830557,-0.018991542151706897,-0.006426769677667921,-0.02034366002791671,-0.01757949199192227,-0.012204322969456227,-0.014323318995120293,-0.00819198079480632,-0.013611159366008707,0.00011196077093200696,-0.023837920062758255,-0.024315227204255607,-0.050684956686665006,-0.029920310062936772,0.004453992616156699,0.0071766576138396765,0.0,-0.02796089511002281,-0.03499983521298794,-0.03271591137698604,0.0,0.0,-0.024977754136213892,-0.03884656134815845,-0.06216270963032022,-0.011160379204949666,-5.551115123125783e-17,0.0,0.0003674079707198241,-0.045855657364976043,1.9231315105949776e-06,0.007019583275555352,-0.041038032269149316,-6.722255938595989e-05,-0.027353714107948013,0.0,-0.00045707123942201333,-0.009906512200198725,-0.013618578958903282,-0.004163325689832076,-8.17697691746222e-06,-0.05759627988221472,-0.03257213141287907,-0.012848279469180934,-0.04209802477857988,-0.010444989415758943,-0.05065972883768388,-0.027424627251492417
-0.031113804669485545,-0.02790813937417924,-0.038190634399797696,0.0005103930336609053,-0.04913466143161732,-0.027383094079519832,-0.03025209675499463,-0.0502437910399392,-0.02819186964673287,-0.04246435427273848,8.797039771796245e-05,-0.013562332697326429,-0.03379677190362329,-0.0005529162117950959,-0.0347355638164476,0.0,-0.03681776503635298,-0.0460758754570571,-0.00015796622434571805,-0.014643008516138922,-0.05237671877449884,0.003936104909787352,-0.02489597674694266,-0.032948527014352025,-0.03405830005771909,-0.02383039177813212,-0.018773069438170753,-0.0429398027102349,-0.01799771828446256,-0.04902978893533383,-0.00490123162012307,-0.033657379377479035,-0.04513532045427138,-0.017291981862912087,-0.03447777359154175,-0.0035947445042096016,-0.018242908470437524,-0.037089207765805376,-0.05579183014475336,-0.05555905180227039,-0.058251130579566934,-0.055373520692707345,-2.507616757851938e-06,0.0,0.0,-0.047280312449603346,-0.0575318964317012,0.0,0.0,0.0,-0.04104425344173607,-0.05423706955059976,-0.034057573763438376,0.0,-0.028053077864321985,0.0,-0.02473942495306436,-0.05098661913536928,0.0,-0.07171415078706539,-0.05154814174782313,-0.021549358137991692,-0.04081270718689789,0.0,-0.06643903516163024,-0.07045893765048789,-0.05574904685703269,-0.060348248656045655,-0.03340145141760753,-0.05431757919841207,-0.06065539984325946,-0.06741230846329155,-0.07124757262196185,-0.043617346819575076,-1.1102230246251565e-16,-0.050057617290957424
-0.008402849238140664,-0.02409495207766582,-0.031938813906272845,-0.004074166807930879,-0.025279607578556684,-0.018448562725928208,-0.03587397066510489,-0.012429973404172512,-0.027440386925771942,-0.00910714314352995,-0.03191146298310027,0.00341885270418657,-0.04021248416960682,1.5764046531197007e-05,-0.01588579228397463,-0.03681776503635298,0.0,-0.027118935479700124,-0.033214346173871645,-0.032772626391519455,-0.020726023539182292,-0.020751007344625372,-0.04962503291904691,-0.0022133355643851327,-0.025602645716725603,-0.012057133764968753,-0.023183095677441867,-0.04300844940092352,-0.04954223996396778,0.0007336191813899218,-0.01406030902527533,-0.03440787889658409,-0.026966148212876462,-0.013165820221287539,-0.021727923628067525,-0.008998622294255743,-0.03312576083493024,0.0100832756137606,-0.0023950295658793364,-0.010051892600211332,-0.017947294770220668,-0.02725186711526212,-5.551115123125783e-17,0.0,-0.025224476376890348,-0.03263001567594248,-0.004086935592990337,0.0,0.0,0.0,0.0,0.0,0.0,0.0,-0.025882891209375536,0.0,-0.015992734586079416,-0.006345044701402569,0.0,2.8012242561825662e-05,-0.03271836105478554,-0.010772107999335312,0.0006770628101341325,0.0,1.1102230246251565e-16,0.0,-0.00806354839340473,0.0,-0.0344530483734673,-0.013881339742836007,-0.019411072271819818,0.0,-0.016248941475376644,-1.5112323957122697e-05,0.0,-0.017237450640227747
-0.01822377349286919,0.010500844529324538,-0.04185535250505362,5.742860372082159e-06,-0.05852806565011409,-0.023467461190225136,-0.03918584941605874,-0.06599683119552963,-0.04039158273388593,-0.018218341965263674,-0.03581329053955573,0.01314811995934645,-0.03773546226493424,9.303905379254296e-05,-0.038791018141053624,-0.0460758754570571,-0.027118935479700124,0.0,-0.01957599093086476,-0.013218744904846591,-0.055193065944076525,0.015679552933622387,-0.03983759743633064,-0.0010775493724076712,0.012106079301286321,-0.0065574778058048455,-0.015968593631647432,-0.041935190780397424,-0.02409568544745294,-0.051129248557782725,0.005861881596733065,-0.014249110502084272,-0.015313317374078206,0.002860328130387557,-0.004148321449379266,-0.023035115761361413,-1.1589035766146338e-05,0.01485743245558685,-0.030088479774676546,-0.021611590570559724,-0.022479156663869404,-0.026738897287077124,0.0,0.0,-0.0017065277339443075,-0.029124429332076818,-0.03903932345572436,0.0,0.0,0.0,-0.034243579241450384,-0.03788691811768746,-0.00038116939768101377,0.0,-0.007128700705120117,0.0,-0.008955555279653138,-0.0399780626013983,0.0,-0.045920498110296415,-0.03388917573731781,-0.001735854227455258,-0.010240255533296827,0.0,-0.03729530323045427,-0.01654674690747887,-0.033745162041027565,-0.000184164671672149,-0.02307774763958692,-0.01820479608818726,-0.021010635335697136,-0.001256413910582732,-0.03807311862798751,-0.03102943694082766,0.0,-0.012687926724820553
0.0,-0.015315680676911969,-0.044424288272324336,-0.056404310593963,-0.0348513656365248,-0.02683586400436261,-0.04368659834483396,-0.036894886550549955,-0.03745382258152463,-0.0666566658440052,-0.03686069359541949,-0.0410494753866909,-0.05488675474666693,-0.05706532924114821,-1.1102230246251565e-16,-0.00015796622434571805,-0.033214346173871645,-0.01957599093086476,0.0,0.00036637479925899497,-0.02178021360851412,-0.015187559528753503,-0.0041055027312245085,-0.022447048774873524,-0.02576289109501545,-0.02788919628425074,-0.08187721285006361,-0.057305571667092214,-0.02506780244649054,-0.03281079096132089,-0.06709334833844688,-0.06972010134066542,-0.027985704549261914,-0.0642582909952088,-0.054879934820507736,-0.06706789538383068,-0.05982680350201758,-0.06191991431887012,-0.035886619903593875,-4.15230921813059e-06,-0.005583582638010953,-0.04288807102889369,-0.02322175774313795,-0.001087428610567709,-0.0005157193598552268,0.0,0.0,-0.13940619207699628,-5.551115123125783e-17,-0.02179386036465414,-0.05321276968215072,-0.06409193888969705,-0.05998233615516724,-0.057529172372969783,-0.00010502542793305869,-0.1596467118995722,-0.029562007768154486,-0.06473482969624222,-0.0518705382403008,2.220446049250313e-16,0.0,0.0,0.0,-0.0371406534536996,-1.3008782818124676e-05,0.0,0.00010045295297983481,-0.05655933219016018,0.0,0.0,-5.551115123125783e-17,-0.045420964672716335,-0.05320982394999968,-0.035319806605004445,-4.484853659658672e-05,-0.08334058656300958
-0.044718314269977744,-0.023659971142526326,-0.02738295250948647,-0.012476182675071001,-0.030970928710654544,-0.009565867724931398,-0.03069649578885003,-0.049220473201082915,-0.015776914454420865,-0.03745674636410423,-4.9789125950661095e-05,0.029927270277154472,-0.022793102619499794,-0.0071871522405659305,-0.001255059272458614,-0.014643008516138922,-0.032772626391519455,-0.013218744904846591,0.00036637479925899497,0.0,-0.01966822209715835,-0.014438709150881912,0.021304199591264117,-0.014457074486838473,-0.01468367087847644,-0.007810777649875089,0.000287571839303169,-0.03201953085577153,-0.012905752862818365,-0.03590388617359319,0.0019606088184887516,-0.03502666310468766,-0.031105850541405966,-0.015722414737170176,-0.01784119866491246,-0.03231412889439311,0.016142389664628498,-0.024278187421842456,-0.06629482851416191,-0.03452609588825495,-0.04695519903530965,-0.06241723117177761,0.008225314399990136,0.035692933052608455,-0.0001836738803528415,-0.011107334557628468,-0.05207179182098437,-0.04113901650489016,0.0,0.0,-0.008023707322052875,-0.04106541658503943,-0.056591681692540974,-0.03199343652349296,0.00036096990963152553,1.1102230246251565e-16,0.0007462310308816167,-0.033851404835012866,-1.1102230246251565e-16,-0.03202267481382709,-0.05588400408248256,3.989077072608094e-06,-0.03280949173311842,0.0,-0.025549926851042126,-0.0298674011588117,-0.0321470016299209,-0.01576046617950616,0.0,-0.058621586849817664,-0.06401427907392837,-0.021238299603112465,-0.04066767617719058,-0.013027281392870849,-0.04483576849400389,-0.028200817852718996
-0.0480634629165948,-0.04086479178098007,-0.08536489758281535,0.00048035574437738093,-0.049003399309318185,-0.011758579364949118,-0.045152446437636606,-0.011216644833395684,-0.03547952929131187,-0.022282565012375577,-0.028721745111843278,-0.04842223710314891,-0.03924300465764741,-0.05069514519247098,0.009269971339905814,-0.05237671877449884,-0.020726023539182292,-0.055193065944076525,-0.02178021360851412,-0.01966822209715835,0.0,-0.019970953947432757,-0.014802836374525341,-0.08731627478467358,-0.05990395680452254,-0.03482709662805866,-0.010628876506693974,-0.043057037527466036,-0.03432540097131759,-0.05264085459084178,-0.018924855913748317,-0.04312035114090945,-0.06418829978016244,-0.03045650076529527,-0.025355719134767363,-0.08975895433528625,-0.02834693127219806,-0.015051177106934599,-0.04582360809671615,-0.04050265957573912,-0.06201281205213144,-0.03703186890163762,-0.11310542807808294,0.0,0.0,0.00700074463956929,-0.04780401956767738,-0.047116006382462716,0.0,0.0,-0.02200830553071753,-0.053799157985372825,0.03233717429257904,-0.025044079247575457,-0.027092132020677062,0.0,-0.02448981546244644,-0.05336571042405258,5.551115123125783e-17,-0.009453613823199314,-0.0445913574300939,0.0,-0.026361168654921996,0.0,-0.007909002160744028,-0.02368002818801629,-0.024766436192788677,0.006342162678946828,-0.004700797835738901,-0.059986587097505484,-0.0544480674101715,-0.0007969481799043332,-0.0348899536392685,-0.0024670086493015497,-0.036024724278958475,-0.025752440117733977
-0.01882661487276971,-0.0023712934183980905,-0.04750695866505805,0.01400723741647697,-0.048910267541266594,-0.019740642013748866,-0.04239966268074591,-0.04025361116794074,-0.02562128271091413,-0.008802339375554857,-0.01924113586997661,0.04517017979976662,-0.03463529222374345,-0.004808867259786187,0.007378600773316257,0.003936104909787352,-0.020751007344625372,0.015679552933622387,-0.015187559528753503,-0.014438709150881912,-0.019970953947432757,0.0,-0.017245505139709738,0.011048649803082178,0.006402836400215106,-0.014201398109557117,-0.013908814370367895,-0.03472183359464781,-0.01133242938447937,-0.022459059373356793,-0.00024764042530639463,-0.035381484975531674,-0.02790051209405303,-0.01759275208640726,-0.01845083128781111,-0.027719804024475436,-0.017823453984550985,-0.001827778187081519,-0.04426102789364805,-0.04745367992437849,-0.05032011982400936,-0.030634260368431865,-0.010623184310654399,0.00776010351230888,-2.9160150666840412e-05,-0.037443052189905957,-0.050391396805925026,-0.02842923909859818,-1.0575064400275558e-06,-4.6980213169733887e-05,-0.044683133718996904,-0.05885460151226768,-0.03507056395665509,-0.03890225738856984,-0.024978803928960125,0.0,-0.015483764238737652,-0.06392327672067594,0.0,-0.023922301487153186,-0.04889901333192781,-0.019447514232518726,-0.03464289122791864,0.0,-0.017113154433433586,-0.04096871826685694,-0.024429468360744888,-0.02251885147782362,-0.01620129104986162,-0.04547913720938168,-0.05883686472427946,-0.03249318832312775,-0.05600840701870308,-0.046544924093151085,-0.005696938410544916,-0.04024789955449121
-0.03872939137497561,-0.02176654742585804,-0.019278989875607444,-0.044902674491599126,-0.027097648219124748,0.004032685508515044,-0.04529086170170937,-0.03409963262529042,-0.04145288387768137,-0.05865972664353564,-0.05928412487570217,-0.04506651722414584,-0.04245870312063127,-0.07159709901391426,0.025561430445386335,-0.02489597674694266,-0.04962503291904691,-0.03983759743633064,-0.0041055027312245085,0.021304199591264117,-0.014802836374525341,-0.017245505139709738,0.0,-0.06547091135651889,-0.03583284811159265,-0.014380795054125373,-0.01981799291693137,-0.03904418429973516,-0.01922305909633576,-0.03391363994761698,-0.030329145981108363,-0.0355085703501789,-0.035396280376648215,-0.024445273667855427,-0.011963019230156746,-0.07819227325744316,-0.047812533901256005,-0.07190273098904842,-0.03917923350780972,-0.030093963554763292,-0.04474573980614471,-0.02724852025174551,-0.04384939156574508,-0.05369820210500714,-0.008238416707977259,-0.02110483864683088,-0.043463064219573855,-0.02890818801140338,-0.0272891789460164,-0.032696252509749,-0.020560617804342485,-0.0466771527675256,-0.017072131456213502,-0.046720569501934484,-0.03360110758394241,-0.13978927370700672,-0.04281997960710715,-0.04289919902532002,-0.05377277175186618,-0.011414528390850165,-0.04837306742126257,-9.703871145461118e-06,-0.036827367509570774,-0.0233255683732157,-0.01614356271564138,0.009187073261825607,-0.02810718555808933,-0.015292668803305542,-3.739678734793195e-05,-0.07122675340768375,-0.04368991606531181,-0.018891578412319643,-0.042004846239236504,-0.01253173388208928,-0.03145607080547386,-0.03767429191524274
-0.06134110028253609,-0.026004070267556467,-0.03325544913037415,-0.016922289944857616,-0.03229448705310467,-0.02850053837987615,0.01036981819114463,-0.07163206446621206,-0.020153570766451856,-0.03524455964846285,-0.02906953640045773,-0.00921165708162297,-0.053986129839520836,-0.028679458702618954,-0.052805928555685056,-0.032948527014352025,-0.0022133355643851327,-0.0010775493724076712,-0.022447048774873524,-0.014457074486838473,-0.08731627478467358,0.011048649803082178,-0.06547091135651889,0.0,-0.005618046375473251,-0.023081710310309367,-0.03866632726334657,-0.05851443985743082,-0.04183932206000113,-0.008954208380992423,-0.033075621059034,-0.005889224735237952,-0.011580725101971334,-0.039899988261791086,-0.04870789858614488,0.05135168194129125,-0.022798286221040798,-0.003913350256427001,-0.05495214806529225,-0.005844600453959459,-0.0007009923070948054,0.0025435591099421395,-0.010489298905402122,-0.0032355727782473753,0.01193604622665645,-0.019423029831635907,-0.042929553170938606,0.0,-5.551115123125783e-17,3.832851325391573e-05,-0.0038310845192067178,3.284378371259944e-05,-1.6653345369377348e-16,-6.827896269429035e-05,-0.02599269879613425,-5.022977890595248e-05,-0.02354157960259734,-0.014926056223594275,0.0,8.479240479641881e-05,-0.048979610859472,-0.04107536832236802,-0.015105032614954828,-4.67081154892357e-06,0.0002278733113754705,0.029386224209957457,-0.006436484080944771,0.00013008777261752646,-0.04708172668956956,-0.028202873698574493,-0.03317150504924571,-0.002578546800870496,-0.002757032274773752,-0.03281485046003635,0.0,-0.03524343748511316
-0.023451022735373306,0.014467470741828636,-0.027310789851128614,0.00041388057962449265,-0.03683947602668247,-0.007281021308273128,-0.03594470498773683,-0.0674291511954877,-0.016796026367628003,0.004609160996999262,-0.020422397214120758,-0.0029182913477586725,-0.037319005620904344,-0.006167992655643162,-0.021979316936988846,-0.03405830005771909,-0.025602645716725603,0.012106079301286321,-0.02576289109501545,-0.01468367087847644,-0.05990395680452254,0.006402836400215106,-0.03583284811159265,-0.005618046375473251,0.0,-0.009485038760657316,-0.0056709719560793515,-0.04196185202457592,-0.01674620212779665,-0.05545838694869598,-0.00666015505871298,-0.026480725736629296,-0.02376265683976081,-0.008090680099654357,-0.016821196887346568,-0.035228849567419895,-0.007829815352112579,0.009083148484401948,-0.0376866215439014,-0.030615517984646456,-0.03196518363901585,-0.035819188430299076,0.007091183829182002,-5.551115123125783e-17,-0.00722242448575422,-0.03927483344208088,-0.04495210987434656,5.551115123125783e-17,0.0,2.220446049250313e-16,-0.03748937616635534,-0.04582159581276701,-0.05725659134394301,0.0004115402229991627,-0.025868816501983027,-0.00017628044164191836,-0.02019875531123594,-0.045982479915355645,0.0,-0.04115319174571769,-0.042126414588115946,-0.016228477798663876,-0.020921027317447383,0.0,-0.036667320055616126,-0.03473593021484189,-0.03121539174453314,-0.023533493841417286,-0.03721959589466317,-0.02889412200837893,-0.03173267543803582,-0.034088078532649946,-0.03319773641059842,-0.029877760429900146,0.0,-0.021349786892870315
-0.011646060037798611,-0.015429095526138914,-0.030103808654348974,-0.02055679489244161,-0.05349126227847062,0.007898303074215018,-0.04488703677625966,-0.055688005108799954,-0.027115164010260373,-0.007722087731969085,-0.06182590205314403,-0.032855379631148984,-0.043172820852723726,-0.06399976391680828,-0.0037185819394709996,-0.02383039177813212,-0.012057133764968753,-0.0065574778058048455,-0.02788919628425074,-0.007810777649875089,-0.03482709662805866,-0.014201398109557117,-0.014380795054125373,-0.023081710310309367,-0.009485038760657316,0.0,0.00548002885740706,-0.05080217741595516,-0.030425302580078528,-0.050041777681126165,-0.01782581653218346,-0.029730588288451598,-0.031775240651335634,-0.018172649964599608,-0.021916612659732215,-0.035920170284204134,-0.017215158076059278,-0.011907432263408957,-0.049060358632892376,-0.04340712886929077,-0.0498112496491106,-0.044466038186278145,-0.03990917120922466,1.4988744634125695e-05,-0.005017275827036094,-0.03970628087005906,-0.05455436207797554,-0.03673317541598342,0.0,-3.6977549861094694e-05,-0.046975022847561554,-0.05550136537180067,-0.07417244079445606,-0.0348020639526509,-0.04319790128876588,0.0,-0.03439154850509446,-0.04713768810717339,0.0,-0.01847444258195008,-0.04884671715648098,-0.032339728118698785,-0.027053032183168402,0.0,-0.05417761594174986,-0.049797338881697795,-0.04025392606760758,-0.053779476622187905,-0.05277054105591228,-0.036168825014751105,-0.04573756100224208,-0.05860097211410159,-0.04419927595787648,-0.040670470834906824,-0.000285135230978506,-0.03426613150881258
