0.0,0.2246911853440884,-0.0035488025710879167,0.0,0.1643614072490993,0.13366623252098758,0.3247243031373449,0.04190515484663754,0.19118854243542713,0.05769857342664897,0.18304574024279782,0.03586982786322762,0.3238746656451956,0.24605084600702565,-0.01907748699879855,0.31575599195771437,0.09941902985281964,0.20432121174770607,0.0,0.44024417455013076,0.03161132087895566,0.2792172724794643,0.06621662180854743,0.13207306285613046,0.11734388122909567,0.18842049624614157,0.1829596084558761,0.31822166116050904,0.26146928069215636,0.5755381378367695,0.1465106757554595,0.28256803278625126,0.08812110686592928,0.004081085026085007,0.15039376258420672,0.3012796418718697,0.45184571994299894,0.23752358619707437,0.09505150316424954,0.2215924313085099,0.062104246191846624,0.25869539520543705,0.4637103282063245,0.0,0.29398821665247565,0.3469769885327123,0.18786026169181846,0.0,0.0,0.0,0.051796400020995115,0.0,0.28291467102291395,0.0,0.016753044497259395,0.0,0.23423641545973162,0.026026380768292723,0.0,0.2906705429924581,0.24123428288824522,0.021761078355497954,0.15408430204044468,0.0,0.20618358300204728,0.2933471019519407,0.17442200227354004,0.10624183719169689,0.3096205564830664,0.306782780341457,0.19197187971495927,-0.005140280045770218,0.4514120808487264,0.12458109010795532,0.0,0.22431788714356482
0.2246911853440884,0.0,0.2447679628376736,0.4068408255772359,0.20859221505464845,0.23232347851598725,0.2603477341780561,0.2751544289130119,0.14866631481988263,0.1503369031616435,0.02984426505557697,0.14470655716547332,0.2715002621307109,0.27873170466085073,0.19958844656881697,0.35172398541849714,0.3613617223990285,0.2405304800653858,0.41597858601314286,0.16272599790496806,0.23747931543109693,0.3135112544156301,0.249655111070067,0.19902346538382332,0.27457177196227545,0.18133924131261386,0.21238729883040214,0.2325347446801386,0.18381563755438174,0.20809316098566671,0.17592616672160888,0.05795010113844526,0.051390727073364534,0.0559779619672138,0.17751976400706984,0.4930329120062908,0.01743003740978813,0.0,0.14529764262786757,0.25765355277434704,0.16595827018440085,0.22533395054892508,0.4418770615398945,0.0,0.0,0.1353071559865258,0.2810572100395914,-0.015806684725080407,0.0,0.0,0.1556917301827109,0.19095448120648728,0.30702026846650055,-0.02285638931902212,0.3453306707171254,0.0,0.27052852942698047,0.1416273218247535,0.0,0.26836207048361327,0.31105315850508275,0.11212927172053644,0.25370752876690655,0.0,0.26964410664446964,0.5695335254516638,0.3191973458403484,0.18567589542255813,0.19304839945686142,0.3080730823148994,0.19410455596257947,0.1437849778747922,0.12933040422987724,0.21804635312805348,0.0,0.2672606841426801
-0.0035488025710879167,0.2447679628376736,0.0,0.2937958212502425,0.04752311724875824,-0.008299975009427696,0.20956269251722648,0.28634226214875624,0.1950423356170839,0.21362099232277193,0.09974995018448757,0.21190520955969067,0.23584049152310976,0.30328826220950594,0.061572257219400406,0.16949286748778766,0.32406682793497943,0.2509704782521702,0.12278026647105525,0.27829016200692414,0.0942003161067983,0.20644423521772948,0.07812919607095303,0.18076864993838837,0.16491468660936504,0.0433540092448661,0.02211558321477719,0.25346842635416755,0.2350704035255627,0.18781033325071378,0.25062277041084396,0.26573270387998915,0.16379342280169507,0.2841494417803155,0.2590522943717605,0.21946457300710115,0.23411960052949243,0.09344144935298102,0.3554873290555033,0.46204612941069667,0.25264737319674024,0.37724748453287826,0.33228972522667466,0.4629978540008709,0.0,0.0,0.3686879109415582,0.16907945710959973,0.4631686524121889,0.34565300978595925,0.2922681825571923,0.27507654800433934,0.40113446270721437,0.5029867679776545,0.40115619595116286,0.1878149229314715,0.3834504185992353,0.2725329595043802,0.31373060135078135,0.35416011981417156,0.0,0.0,0.0,0.1222464668351545,0.3658297812319245,0.6509707359002699,0.19092220892431838,0.0899123354791484,0.0,0.5108144562412612,0.06048031406186172,0.29362180835386054,0.24187323819356793,0.24186674357237192,0.47123445633628236,0.10376855779405825
0.0,0.4068408255772359,0.2937958212502425,0.0,0.1488582744901949,0.2555602410662232,0.2344830655373108,0.3715132504903976,0.25917826310948017,0.6487077182367488,0.15815744019201844,0.29962275734486743,0.20440557512410948,0.33244468864582144,0.2556607509921802,0.25487004358401394,0.42759032216090576,0.4630432229298408,0.2451544404680433,0.3451965420958747,0.4233554654497169,0.29707403337338284,0.33052246217272,0.2076093806402669,0.7564674395812472,0.31478480660427716,0.36735183582361364,0.24032748727176786,0.10379908436144777,0.5667289384672405,0.4269051669075962,0.5889256749770773,0.14005242846721666,0.2774374933994481,0.21042351578506335,0.25745603550808976,0.26521031944173645,0.4237020833482177,0.23577691529620107,0.37613365602995547,0.2062138660703276,0.42602341684259915,0.46726202055206945,0.3314932905542899,0.0,0.0,0.0,0.45668716076167276,0.0,0.0,0.2715779363036126,0.0,0.4624613553368725,0.3231832804546444,0.0,0.18481253044696683,0.039949205404027494,0.47440455723811126,0.0,0.0,0.0,0.0,0.0,0.0,0.0,0.0,0.46413192099569084,0.39267768617812226,0.0,0.0,0.0,0.2576698514033655,0.4077899730057998,0.34595610825569356,0.0,0.0
0.1643614072490993,0.20859221505464845,0.04752311724875824,0.1488582744901949,0.0,0.020235427002356282,0.15988547779864484,0.2999351704927519,0.03829832872228711,0.3305894528065819,0.05452858762259258,0.1777743090919286,0.2451190002594422,0.19181398677884876,0.2765300100852496,0.4061715914998477,0.26647516996857057,0.05388776735445533,0.00866933074568449,0.2703400565947133,0.23517144164828446,0.2723604817306701,0.03860454331838553,-0.0385534981446129,0.3148548424188974,0.19039900012853408,0.009240276114621138,0.29470816015726886,0.18775036072745283,0.2850678285906858,0.20242408483484844,0.22254539709589252,0.08928344690104179,0.20096729341378533,0.17211414031159736,0.11719646478781137,0.11674325868807761,0.3744143231285712,0.3474588611686501,0.7309981727488752,0.36783767882314883,0.4784399498025606,0.2671549285287007,0.8171821605366177,0.3567099609171146,0.0,0.23904403593535645,0.2987457465179533,0.0,0.303114442338604,0.2669908482111084,0.35008921787912783,0.29848693833465967,0.29206519517623003,0.0,0.05780265186254435,0.22230045054191572,0.2677409962964888,0.27142575391627766,0.30688628233927673,0.47303327561161895,0.0,0.0,0.3248097385731579,0.09500629045156045,0.4506793927264388,-0.040615878061583566,0.2613713352082062,0.0,0.46218590995272457,0.09941700362400091,0.22215890524459103,0.19630185199732075,0.17820004191415517,0.0,0.36870310515388516
0.13366623252098758,0.23232347851598725,-0.008299975009427696,0.2555602410662232,0.020235427002356282,0.0,0.1268397524404541,0.12067446566300044,0.09287114757045559,0.3319919323484858,0.07900839301771484,0.3612457072128574,0.11349744768639475,0.14085002916839923,0.2578242823698804,0.37139098493164113,0.23204175029254645,0.25445016617197713,0.16176638427863038,0.07815216256947624,0.19591049314934245,0.1574325266597713,0.004395803007513577,0.05822254356644718,0.32883856270491013,0.3266016569525328,0.013427883735415536,0.13712790833773156,0.17382958010314808,0.15215714458700869,0.19864770200637688,0.14006393951399268,0.17100289059996715,0.21056211641041694,0.28831236015480294,0.41122356827004264,0.3175316647504714,0.1746209742029909,0.32690036567612024,0.11746825231267402,0.2975875803209054,0.3472606175589052,0.36175812859324874,0.3314281309256586,0.09877622156085095,0.33680220608773204,0.3422842458670638,0.251652043835509,0.4001999680873395,0.20753447780694834,0.28458484148963475,0.26072824092903524,0.31817883580208756,0.28555744963953766,0.5042299102952845,0.18387002914425643,0.15572597845910455,0.26112016344624706,0.31414233495274674,0.21195782908260166,0.30711611062350413,0.0,0.12150665352300721,0.2479388488715265,0.20650383730297622,0.18683828720305456,0.25790554644721286,0.21143867602657068,0.49955392883353417,0.2290025320443072,0.2824241884146771,0.21063745646385496,0.20140609026138598,0.22358497438301145,0.14960369787533237,0.26881763724778174
0.3247243031373449,0.2603477341780561,0.20956269251722648,0.2344830655373108,0.15988547779864484,0.1268397524404541,0.0,0.22552936595626477,0.2171317684065277,0.21942972214871762,0.17340308846435876,0.06416554975996974,0.26387540630368045,0.17163487544625491,0.3088208826154609,0.362544975723201,0.09701497102545653,0.2755986150673331,0.1715001394119502,0.2404857620340766,0.17995426835087952,0.2870349025773695,0.16726366757269862,0.13473768271715425,0.324636256648271,0.2842065782438475,0.08523393318429928,0.2597574277645619,0.15399879335743905,0.24659232171229015,0.24942828547156454,0.11835833302782503,0.10089734723838342,0.04655451080192913,0.015734919558843152,0.19566803336032046,0.23819334537134945,0.490519969099968,0.3220979741690734,0.40426576628146715,0.40648206741903414,0.46771754462246173,0.1806624670101882,0.6726947612754899,0.288448918984597,0.0,0.1976770383507276,0.23350896542648006,0.0,0.30999739214271615,0.3025280454738382,0.28105386598129406,0.2825664966602207,0.3211283828680976,0.3713594071215792,0.0828047439723148,0.46763549575166485,0.20078185773778923,0.19770553543702396,0.16298756932404346,0.2398438634265878,0.0,0.49050597702964394,0.37486208874777466,0.31632503125162337,0.14031903678328575,0.35140510545412706,0.25241127177415,0.4623881768900609,0.22515257612810213,0.1622189551485909,0.22368578912476145,0.2452151599321603,0.18475342645844345,0.36360901902605197,0.23696131028788953
0.04190515484663754,0.2751544289130119,0.28634226214875624,0.3715132504903976,0.2999351704927519,0.12067446566300044,0.22552936595626477,0.0,0.3262211193440918,0.1908596382098522,0.3159860998027697,0.2439732440247868,0.2693173302654419,0.4921292105525009,0.28470766416502435,0.28343169696945214,0.33244754919056385,0.21153339477464295,0.32200956119423485,0.2980725884084481,0.11113136090604248,0.2613809381155191,0.19434103687627607,-0.0585159656250015,0.08812655124471891,0.12094683032142733,0.04096463072475781,0.20002785893156372,0.18032109353982256,0.17720661538256383,0.2832897269537777,0.4402942132471265,0.2038591022579418,0.3013240145329304,0.2520381798369574,0.31554480220832337,0.4880497664377926,0.25069889464175044,0.3791176833764533,0.23674564915086077,0.2684885788201102,0.30383355855480454,0.23471217231365016,0.442978135675216,0.0,0.34651970731186316,0.1492900316877989,0.3062549256900677,0.0,0.32069420810759347,0.38325192944394826,0.3226622026603164,0.41853003265619226,0.25666931088368317,0.6174734657467288,0.26109592692221717,0.9020947789023943,0.29826356892859396,0.22214109667866472,0.456458329014354,0.17966686922618313,0.0,0.5406398224300764,0.39934990739807585,0.6253439931074412,0.4843008875761575,0.16806421154227047,0.3513156394090202,0.0,0.16655695891590871,-0.020232297817719513,0.2606098850565721,0.28486287751985817,0.32190593783979315,0.2058627872354986,0.3010625587491812
0.19118854243542713,0.14866631481988263,0.1950423356170839,0.25917826310948017,0.03829832872228711,0.09287114757045559,0.2171317684065277,0.3262211193440918,0.0,0.2406971972596763,0.10910699927973458,0.19128050325464932,0.23552613548151374,0.17637072625096528,0.21554571424264612,0.31045124436856425,0.159932221634198,0.09381550133339187,0.17299279784995736,0.1704343932852244,0.13050869657662056,0.16015699794037894,0.10829052282881346,0.18462796535187032,0.1456977569169622,0.22529882542108057,0.05926032205494974,0.2882616288853507,0.15263395744702485,0.34945649726200523,0.28167448480361346,0.30078294912370296,0.07271929428295393,0.28159000517704547,0.22547615130115867,0.11358764872237412,0.2825230686691196,0.2637490506732785,0.35575085077182483,0.041371907732193625,0.27157302510019754,0.10295958377424697,0.27623319711690886,0.577166341482386,0.2315911856853646,0.0,0.16360928570446864,0.3549548094850893,0.4617087147878228,0.33635059002641965,0.345404185591588,0.3610110138132818,0.3595505046740148,0.32545045354094915,0.24780203498227132,0.06552532921900406,0.10770024795231614,0.21435390865608148,0.2788439601416763,0.03461719102444305,0.4023589187573243,0.0,0.0,0.3238649250005273,0.13032921026498845,0.3620937076110661,0.06240924003343973,0.3144704467303886,0.41096446227003225,0.3928703977479288,0.11068560721881868,0.30652248453967273,0.22495950762403555,0.1810424084244236,0.2608315627830756,0.2897716284517222
0.05769857342664897,0.1503369031616435,0.21362099232277193,0.6487077182367488,0.3305894528065819,0.3319919323484858,0.21942972214871762,0.1908596382098522,0.2406971972596763,0.0,0.1951849214042263,0.28735712631077726,0.24350796583158407,0.5096602388004532,0.1370847807637951,0.15098586568917602,0.28920916643688166,0.11595461554751735,0.14109132348359504,0.28305686928192986,0.1582999577963498,0.2765551217900215,0.12211926082692456,0.09397897556477677,0.44084717995123524,0.267771285463015,0.19840960885592498,0.37256929877552875,0.15593836306634845,0.23044577691901713,0.2826197026852132,0.24083373611122832,0.33872522955806295,0.2507580001202098,0.5294939696849029,0.5425219751929724,0.42657583440394914,0.23890574875972614,0.43072571367867063,0.2791502391224585,0.2090108627626875,0.44016838297047245,0.19811878724072976,0.24365273365348167,0.23024049752424927,0.2073025197374081,0.3565303629850217,0.35004994412367596,0.4818245931631133,0.42495545553550473,0.17044474089845418,0.1694991850626607,0.33692903369402366,0.32125403887566406,0.2360134123823426,0.12150501079484016,0.2725532705501325,0.24833548019605756,0.0,0.5928372668638382,0.38269883142552147,0.28686135713746574,0.2872163066254373,0.46095655759226484,0.4475091387814141,0.3442538066939268,0.2205177689213261,0.3401730116075492,0.1064252136932789,0.3296213887521304,0.26138592777159825,0.2544328956887336,0.38242563293787313,-0.01967697062695889,0.0,0.32136523556205715
0.18304574024279782,0.02984426505557697,0.09974995018448757,0.15815744019201844,0.05452858762259258,0.07900839301771484,0.17340308846435876,0.3159860998027697,0.10910699927973458,0.1951849214042263,0.0,0.0736586318267845,0.16186703142790343,0.3843134344587816,0.0,0.4701248407823893,0.21340059813223777,0.2105458527458309,0.0007437007966781817,0.47295935880301476,0.18513398444132034,0.18721217577448734,0.2821113803823706,0.07970285693611906,0.10249102383001396,0.05858421191437935,0.07696912718631976,0.18120348768938532,0.08889340837746668,0.26456743475594174,0.1630438385966722,0.3506133955148003,0.23525982888743235,0.2188706752616395,0.1978152099460611,0.23262165558009368,0.3767621275472854,0.16803544976772444,0.38649413040045666,0.24656444220894294,0.34150096616374526,0.2392401246191485,0.17537723358979107,0.291962544737145,0.11592076373732337,0.0,0.0,0.30734134578204675,0.46176306161282354,0.11672986732719179,0.3389351063292133,0.09338899565322645,0.3227305883207704,0.4280840027870215,0.19981044559429367,0.09327270957538966,0.16707985195386257,0.17008966115681645,0.07460117981469566,0.0,0.0,0.0,0.0,0.15309315270349944,0.2433025046713715,0.0,0.5443964359493279,0.2845022560819461,0.0,0.0,0.9231121141463293,0.32460049142588954,0.15720149385809978,0.3025632746212285,0.0,0.2728556745079095
0.03586982786322762,0.14470655716547332,0.21190520955969067,0.29962275734486743,0.1777743090919286,0.3612457072128574,0.06416554975996974,0.2439732440247868,0.19128050325464932,0.28735712631077726,0.0736586318267845,0.0,0.12782832939833577,0.44492200491380246,0.3313231370280173,0.2839125552441634,0.37394401062537114,0.35868162487948796,0.2646342174785709,0.29070240784951096,0.15858759862946065,0.31557034182035804,0.07732750228211605,0.15623948847110888,0.3224460667375915,0.2816798650677188,0.16552721969365808,0.26863029680750494,0.2928864797136687,0.028880423161039892,0.15430276649990848,0.31855514700954674,0.36074947205990515,0.23967891802435348,0.3603719765641126,0.3005989259271718,0.2901650845429922,0.11626528602634148,0.7081617701718359,0.30512607444249573,0.2591691404080262,0.493369062310259,0.19156954177927288,0.3128368629735874,0.34184166464601284,0.20751100449504586,0.25970055527024577,0.13054486014551436,0.3449237557965605,0.23279139044071823,0.2565230836142228,0.4109260849429285,0.3477332477954426,0.24977227817576228,0.2179029283767377,0.18859606682607444,0.03683029857295639,0.2570756663540901,0.5337213755415765,0.5184257275583654,0.19846756413701322,0.22299276999885748,0.3071306243119844,0.27488566574364404,0.3994856323457895,0.45975545268921236,0.3466464444124347,0.23638007708693437,0.13934977358210415,0.29221135275550675,0.2364293097233383,-0.01006628692648745,0.48119856347054785,0.11447122358964107,0.0,0.35497679303962626
0.3238746656451956,0.2715002621307109,0.23584049152310976,0.20440557512410948,0.2451190002594422,0.11349744768639475,0.26387540630368045,0.2693173302654419,0.23552613548151374,0.24350796583158407,0.16186703142790343,0.12782832939833577,0.0,0.1594398426473257,0.4449080390478939,0.359163483095135,0.12328825912860403,0.30210717508570933,0.2052781887051398,0.23239900683950443,0.2123357090368364,0.2909713634767488,0.2084974526235661,0.07450581632768147,0.3384908267638086,0.24432327894064293,0.17027407857596605,0.1323464956119825,0.1524741182354851,0.03747270062676816,0.16972685369597892,0.19076436957932313,0.15479922546234356,0.15784709494627613,0.14456316382715761,0.25035161084659285,0.3698152740650235,0.33336909352381733,0.4498958819510118,0.36244820961003066,0.3973638679269964,0.42067344715823907,0.3533415364748146,0.4803776112395616,0.3165590720913497,0.25642750257913766,0.3750627593033302,0.29548063233024124,0.0,0.3450201021804677,0.3030133019457131,0.2871791825458241,0.27423056208158786,0.3332123287772505,0.30217375020194953,0.07699460776614467,0.20756523538863994,0.2811533422248384,0.44559200076777195,0.3360432656639524,0.282757470781512,0.15943806340682776,0.1043831626494216,0.3263159508555848,0.26759488935590114,0.3862432802369832,0.3790473494026286,0.28084151617499736,0.47738231852500945,0.17962678753225014,0.35742855375585325,0.28809666670604805,0.2957193888752322,0.2550893547668083,0.20525384254746123,0.31616506249622756
0.24605084600702565,0.27873170466085073,0.30328826220950594,0.33244468864582144,0.19181398677884876,0.14085002916839923,0.17163487544625491,0.4921292105525009,0.17637072625096528,0.5096602388004532,0.3843134344587816,0.44492200491380246,0.1594398426473257,0.0,0.2911929900108808,0.5097089524983124,0.46293351241378794,0.451299405967533,0.19059011375102602,0.39374256443815464,0.20883948414654607,0.1859203900241945,0.3539235822147354,0.455702138682401,0.3965887074212069,0.13711602352632346,0.17151032670718153,0.2746547289059097,0.05025837670081745,0.44304015629494364,-0.02101908060492047,0.29518746453593997,0.3321766664343625,0.5300538341749663,0.4549796043033869,0.13759238432861978,0.20662708909929503,0.3659347485229289,0.35112424007541976,0.0,0.6072573009821542,0.6441913502565118,0.22305037477060213,0.4631024484516677,0.0,0.0,0.0,0.1357119808610695,0.0,-0.016261862860688425,0.042368356980608035,0.052165300313030905,0.24233247370299976,0.07921609349544864,0.0,0.15162086556544796,0.3581243146200135,0.25423343187598485,-0.018200743023145283,0.0,0.0,0.0,0.0,0.06957050622760766,0.0,0.0,0.0,0.26796389036366375,0.0,0.0,0.0,0.1674004673550229,0.45937827501586215,0.0,0.0,0.0
-0.01907748699879855,0.19958844656881697,0.061572257219400406,0.2556607509921802,0.2765300100852496,0.2578242823698804,0.3088208826154609,0.28470766416502435,0.21554571424264612,0.1370847807637951,0.0,0.3313231370280173,0.4449080390478939,0.2911929900108808,0.0,0.24633202999995807,-0.01780745738120143,0.15450031764846672,0.0,0.32761933922602804,0.18505090446943756,0.15488633632994525,0.01881910792900554,0.24405676243760951,0.16662794102767337,0.11417921887193133,0.18597349847897426,0.09921141672805808,0.0552135373634014,0.22974599930062994,0.18990288022212487,0.06588811036274264,0.08420426207190007,0.11134467468609371,0.2361901568965048,0.475891475386822,0.1721561427765994,0.36167424882986543,0.14108176840424205,0.17503090051333947,0.1793785036447949,0.31290799505604705,0.41063174035271954,0.5523088730144972,0.0,0.3851310660881734,0.19835472823150124,0.17527727929732242,0.0,0.0,0.16634938460696952,0.43157640076844905,0.27242213863318676,0.3663365312665354,0.0,0.0,0.5519614479966075,0.28327117317559847,0.46227906081017833,0.32969591905661944,0.25273640907509987,0.5150881745343282,0.45814027837774096,0.0,0.5209066117882829,0.3753011195404581,0.4732532012120221,0.3229768701160375,0.4581235833341627,0.17862644900136526,0.19292750834722494,0.2286281151808724,0.10085736493922715,0.16353957756275134,0.10591457813327326,0.30585964157118417
0.31575599195771437,0.35172398541849714,0.16949286748778766,0.25487004358401394,0.4061715914998477,0.37139098493164113,0.362544975723201,0.28343169696945214,0.31045124436856425,0.15098586568917602,0.4701248407823893,0.2839125552441634,0.359163483095135,0.5097089524983124,0.24633202999995807,0.0,0.24090349942691558,0.5563762276672644,0.4729707535224986,0.25313856380139677,0.3261059574064391,0.24517846930924492,0.24407372618094914,0.24103060963185002,0.4117672348385652,0.22146520301658462,0.3420517495751661,0.30442569521651913,0.21365116460030956,0.31038392112644597,0.2540809735661078,0.10207745807229329,0.00653925697848326,0.03946554826221768,0.3757777366008448,0.39686348675161137,0.08373423612740899,0.3443788031146024,0.35014128571812947,0.32244154820081694,0.3041511050319833,0.3638200843116528,0.4628884808040121,0.0,0.0,0.20816310168772606,0.4614025057747171,0.0,0.0,0.0,0.22677428165926844,0.03769932280087368,0.4130984670971344,0.0,0.3447406996890512,0.0,0.11783617162721705,0.2067088637420923,0.0,0.3477497695330858,0.4556603931636271,0.2792163025904306,0.3978776282813154,0.0,0.27987446009416656,0.4318598860947376,0.3839077141497353,0.17135330652520392,0.1562190523475702,0.5122841195404095,0.41785162611890353,0.2319263525456946,0.09559777231257816,0.2264023813307257,0.0,0.2312270768115376
0.09941902985281964,0.3613617223990285,0.32406682793497943,0.42759032216090576,0.26647516996857057,0.23204175029254645,0.09701497102545653,0.33244754919056385,0.159932221634198,0.28920916643688166,0.21340059813223777,0.37394401062537114,0.12328825912860403,0.46293351241378794,-0.01780745738120143,0.24090349942691558,0.0,0.32241454168658107,0.2421280149061901,0.26157835364727366,0.365644301177917,0.32072698091682367,0.11832229394933746,0.28268791957986505,0.3976706057025504,0.17589747955493354,0.2670319593945205,0.41912333055046314,0.12762612672652046,0.525884582379932,0.14458843817993494,0.16328745098493636,0.26032581121409376,0.1023945131345797,0.243743216463544,0.3524444952701308,0.35220091747036997,0.14923242580991208,0.3332111197344183,0.34884526218219714,0.16554678867039946,0.31943971692114737,0.0,0.0,0.24747994791526112,0.25095607052746716,0.3322769836018045,0.0,0.0,0.0,0.0,0.0,0.0,0.0,0.25314517808309706,0.0,0.198395385142692,0.22390974941468986,0.0,0.5284384798709355,0.23605326870251242,0.2851369183824891,0.29388256208500707,0.0,0.0,0.0,0.29425134180316503,0.0,0.17655671498066516,0.43552733352998596,0.3541035459661436,0.0,0.27701836746621783,0.46145121564259084,0.0,0.3459126764265428
0.20432121174770607,0.2405304800653858,0.2509704782521702,0.4630432229298408,0.05388776735445533,0.25445016617197713,0.2755986150673331,0.21153339477464295,0.09381550133339187,0.11595461554751735,0.2105458527458309,0.35868162487948796,0.30210717508570933,0.451299405967533,0.15450031764846672,0.5563762276672644,0.32241454168658107,0.0,0.3192504951956533,0.25215789710006775,0.23301480720192286,0.20227110858671568,0.16451290050148043,0.27855456005924295,0.36245171002098747,0.1849645044755538,0.2590700591135695,0.2890898806685472,0.13275193196264312,0.6446305460993419,0.05051016034528666,-0.038419610153413275,0.1403157323731688,0.05005223708133133,0.03674017546119451,0.42532555621038687,0.3903666527211924,0.32498258461132123,0.3634524527382636,0.4232196762701594,0.3220340454795747,0.31070883663188587,0.0,0.0,0.26311474969377147,0.2712450928704855,0.4658648775441491,0.0,0.0,0.0,0.14764550750384417,0.49382310794273165,0.597130313532757,0.0,0.4132752997501574,0.0,0.3007108789211219,0.12262344992606633,0.0,0.2898604595371642,0.44673664251899636,0.4213191134173128,0.3719486936079999,0.0,0.1861330134498254,0.23764167981270043,0.3371330926463201,0.2941413018710859,0.22005975062023708,0.4424200443309478,0.3873433756557486,0.09592908434929409,0.24369446428546987,0.17490530601634252,0.0,0.44815829349348024
0.0,0.41597858601314286,0.12278026647105525,0.2451544404680433,0.00866933074568449,0.16176638427863038,0.1715001394119502,0.32200956119423485,0.17299279784995736,0.14109132348359504,0.0007437007966781817,0.2646342174785709,0.2052781887051398,0.19059011375102602,0.0,0.4729707535224986,0.2421280149061901,0.3192504951956533,0.0,0.46665946402693603,0.3521637574537112,0.4157900542727333,0.1478551946930004,0.2305698035698605,0.26710810581679534,0.24108951252744015,0.12229498989338211,0.26488656765343377,0.28918197462600104,0.33967355795742726,0.24157906571177246,0.2814363258517611,0.23213465341303333,0.24573127357211352,0.14723478100695198,0.131655262978978,0.1523972546139857,0.18434820221479198,0.4443244448983177,0.4341188961797915,0.2992380829695203,0.06750178271686141,0.3281868881993032,0.45584722761675983,0.007009949500596618,0.0,0.0,0.4979822424500689,0.0,0.1882496738085918,0.27625710160222494,0.19053146852117386,0.3472354509569995,0.3596412864268565,0.6200028287657282,0.012092759645839113,0.27583766638778656,0.16960047386633453,0.1531973635259165,0.0,0.0,0.0,0.0,0.5521561274622532,0.46250750909494026,0.0,0.45107440933556436,0.34402594862621183,0.0,0.0,0.0,0.3229916800359156,0.2870828787947492,0.15303893295337884,0.46697672087766773,0.22775131371079455
0.44024417455013076,0.16272599790496806,0.27829016200692414,0.3451965420958747,0.2703400565947133,0.07815216256947624,0.2404857620340766,0.2980725884084481,0.1704343932852244,0.28305686928192986,0.47295935880301476,0.29070240784951096,0.23239900683950443,0.39374256443815464,0.32761933922602804,0.25313856380139677,0.26157835364727366,0.25215789710006775,0.46665946402693603,0.0,0.15630580207712125,0.056973927607772146,0.3569984236031201,0.34410632114828765,0.3010447337591536,0.09385855713695868,0.27050664343688335,0.26141635820350445,0.16824435161460793,0.41667146892932294,0.31337015698831194,0.19691736568937462,0.18080187447101315,0.22948210272366235,0.4262061772311566,0.6399756839431857,0.44636947546075173,0.4277919865929663,0.14132503327215595,0.17422296413053642,0.25534257331081917,0.2626393800906992,0.4936656651330865,0.2694785929862671,0.3345088492904867,0.2617636811199425,0.37801941248120335,0.20954598590116055,0.0,0.0,0.15515742358239987,0.29115563910261694,0.33274228823653507,0.07893680713958776,0.7454256472529897,0.0,0.514650729925435,0.2894342255028087,0.0,0.22440818738493878,0.22309625091325916,0.46324451109189557,0.2327773826621709,0.0,0.16458814509130582,0.20784163236032638,0.21123829261983612,0.18439398687800118,0.0,0.22555569195997469,0.1935688296613559,0.18213253761421477,0.20857551113157063,0.21184836603556972,0.17735095003857176,0.22962016163181934
0.03161132087895566,0.23747931543109693,0.0942003161067983,0.4233554654497169,0.23517144164828446,0.19591049314934245,0.17995426835087952,0.11113136090604248,0.13050869657662056,0.1582999577963498,0.18513398444132034,0.15858759862946065,0.2123357090368364,0.20883948414654607,0.18505090446943756,0.3261059574064391,0.365644301177917,0.23301480720192286,0.3521637574537112,0.15630580207712125,0.0,0.17360376060938876,0.12437936960743506,0.007191019682599165,0.14237962677600652,0.18975509126881798,0.21693899759198387,0.10341190926683028,0.1179013622558634,0.03559627219636258,0.21800027114187448,0.0887572856055574,0.1308657418969707,0.15845546184886772,0.4364400441264429,0.744779647529433,0.10635381862502374,0.40482501048891845,0.26793618952950476,0.21907979281064205,0.1963520596293095,0.3468832196058718,0.49413424784043125,0.0,0.0,0.25048670290203634,0.21852985246294188,0.0971763239149469,0.0,0.0,0.2549819424053904,0.17490024477757787,0.6057526617092108,0.3738934923812576,0.33867552475061813,0.0,0.5784210449698366,0.2837159702155464,0.0,0.24029759550337992,0.2575181299964028,0.0,0.09686564453462498,0.0,0.27871599527764207,0.6371029766895937,0.27602752596711644,0.214410535434831,0.5144498169729228,0.20811836398615755,0.35380381024643015,0.2117652487038194,0.23778120961497493,0.31848513695209896,0.23588077730599333,0.21712936004484645
0.2792172724794643,0.3135112544156301,0.20644423521772948,0.29707403337338284,0.2723604817306701,0.1574325266597713,0.2870349025773695,0.2613809381155191,0.16015699794037894,0.2765551217900215,0.18721217577448734,0.31557034182035804,0.2909713634767488,0.1859203900241945,0.15488633632994525,0.24517846930924492,0.32072698091682367,0.20227110858671568,0.4157900542727333,0.056973927607772146,0.17360376060938876,0.0,0.19234549180972466,0.15532914453644958,0.3946181346160177,0.206112488639697,0.10439964892446277,0.39061034679980766,0.15243844885548552,0.4921570871635365,0.22160703842778362,0.19505926698308407,0.2435881509478701,0.17715363768657266,0.33669064313407837,0.48126043184629436,0.5393608728992128,0.42508404572271896,0.21407836006321349,0.15493859896145482,0.2128793057098028,0.2859427753732148,0.339623711151293,0.39827926291164645,0.38343798556345654,0.41129721922784845,0.3654081674525253,0.25685131887054136,0.46241691101427784,0.38790896190724655,0.2823356611636013,0.24970779872675708,0.32505665804703654,0.2823963197131518,0.2937685607422176,0.0,0.29337758947824566,0.1839741296806165,0.0,0.30537404403068313,0.34168101571378595,0.23721026459676872,0.21502133547740604,0.0,0.23514681681303587,0.30306992108538977,0.24492594925369465,0.17723461024485526,0.4516119341770198,0.20359388275067444,0.25862777201262227,0.2174458926413379,0.21576297111834403,0.25851993384783345,0.37002731140758777,0.2473381480377556
0.06621662180854743,0.249655111070067,0.07812919607095303,0.33052246217272,0.03860454331838553,0.004395803007513577,0.16726366757269862,0.19434103687627607,0.10829052282881346,0.12211926082692456,0.2821113803823706,0.07732750228211605,0.2084974526235661,0.3539235822147354,0.01881910792900554,0.24407372618094914,0.11832229394933746,0.16451290050148043,0.1478551946930004,0.3569984236031201,0.12437936960743506,0.19234549180972466,0.0,0.020884515224175837,0.1333747955435402,0.12127532417556833,-0.026819608569168374,0.12517960568570527,0.12125873438865481,0.16393927030825517,0.213988098888334,0.18429975454622616,0.16793164119257492,0.2024842422724819,0.34593161421585705,0.5441209784925285,0.3598590798735236,0.13340372728400388,0.26923531125739264,0.22024291177886637,0.2871852382226109,0.26380467690093995,0.40367719981385886,0.384001876631047,0.3714391355312751,0.3229320413869227,0.2586048317662146,0.45464174955397163,0.19302447185874,0.33692442205654216,0.29794762715946554,0.26036993292355093,0.3879343641675139,0.36294200205460425,0.3306378792391625,0.4461162134891496,-0.03518900302078404,0.23876369879108283,0.3189640499060157,0.2567860375842008,0.24817097969428928,0.4475091387814142,0.015934956823289492,0.5280532295110734,0.2048839975612161,0.32750765817606264,0.18298670106763743,0.478521018481609,0.33731710071698073,0.17739339337061244,0.16083860085272986,0.19763372885239636,0.2035166726878007,0.23527388410125186,0.256141761803551,0.2848647960921604
0.13207306285613046,0.19902346538382332,0.18076864993838837,0.2076093806402669,-0.0385534981446129,0.05822254356644718,0.13473768271715425,-0.0585159656250015,0.18462796535187032,0.09397897556477677,0.07970285693611906,0.15623948847110888,0.07450581632768147,0.455702138682401,0.24405676243760951,0.24103060963185002,0.28268791957986505,0.27855456005924295,0.2305698035698605,0.34410632114828765,0.007191019682599165,0.15532914453644958,0.020884515224175837,0.0,0.31931303430959457,0.16659591350781552,-0.005304943556005609,0.2445922416117472,0.3149998694458065,0.6190679111043632,0.10473777332618026,0.42540214430373524,0.07770191062945397,0.09700262267449422,0.4181727331195414,0.11360583013016406,0.1907358163343029,0.18321059251497457,0.5375163790068322,0.47110068191788734,0.2961520894102427,0.5368927986755617,0.3769846031216787,0.3143374828590831,0.3585406942293769,0.1276150153006103,0.2918165352783707,0.0,0.0,0.4642400185382736,0.45991411648541486,0.37738788899926023,0.0,0.3097881282467761,0.2627706497677156,0.49069551181408133,0.22966246685639893,0.2808771273678782,0.0,0.34042089917209867,0.1624627647512406,0.15947446329724504,0.0832861252389942,0.46768211310003227,0.38857601581919143,0.44388072593501104,0.02430882587348257,0.6459786634634358,0.1535787423683107,0.18718133837941045,0.1954404350240609,0.3487961409987445,0.5366804266877583,0.034224885433107644,0.0,0.3433485924266771
0.11734388122909567,0.27457177196227545,0.16491468660936504,0.7564674395812472,0.3148548424188974,0.32883856270491013,0.324636256648271,0.08812655124471891,0.1456977569169622,0.44084717995123524,0.10249102383001396,0.3224460667375915,0.3384908267638086,0.3965887074212069,0.16662794102767337,0.4117672348385652,0.3976706057025504,0.36245171002098747,0.26710810581679534,0.3010447337591536,0.14237962677600652,0.3946181346160177,0.1333747955435402,0.31931303430959457,0.0,0.12309445749378167,0.2849642355123491,0.2938421015198077,0.17663055120539822,0.22177643676455538,0.1372020921575887,-0.0076895982584797296,0.16852172913294017,0.09162594963894999,-0.003385930685895544,0.2683769954987104,0.34926626776956315,0.31476731270454356,0.32309794098063344,0.42142011793865275,0.30749063413449945,0.32848710861542757,0.32397278734435064,0.0,0.32466197450778167,0.25185284435051897,0.46367661752577566,0.0,0.0,0.0,0.17886524657171826,-0.0694757476238756,0.2482531940323008,0.3992658059705396,0.31598508872485753,0.4724084821339012,0.30193026042076915,0.07997416706272908,0.0,0.2778765125716659,0.4452928666168065,0.33335453845157337,0.3524353087387896,0.0,0.34266452247600976,0.4045652979573972,0.3572017082185206,0.1334141588012461,0.22389220356795658,0.4378644446179522,0.2879795558004513,0.14577379355519748,0.25572994284893424,0.16157440451336402,0.0,0.3362765613060041
0.18842049624614157,0.18133924131261386,0.0433540092448661,0.31478480660427716,0.19039900012853408,0.3266016569525328,0.2842065782438475,0.12094683032142733,0.22529882542108057,0.267771285463015,0.05858421191437935,0.2816798650677188,0.24432327894064293,0.13711602352632346,0.11417921887193133,0.22146520301658462,0.17589747955493354,0.1849645044755538,0.24108951252744015,0.09385855713695868,0.18975509126881798,0.206112488639697,0.12127532417556833,0.16659591350781552,0.12309445749378167,0.0,0.2678968135219854,0.2667754374460627,0.2532979598892485,0.031106924009045578,0.10046823481374884,0.14001397408595742,0.06275924945515793,0.03840882165952181,0.17887303103020197,0.25250589796228695,0.18500042291715435,0.1532381462324406,0.15765000335776486,0.21664078136544207,0.16042477299979346,0.11324538778806842,0.05613618695963482,0.4920389520701367,0.3772756286271517,0.09164752609057714,0.36409034567500975,0.3410335619087364,0.0,-0.004568137849194745,0.18070754568821198,0.028166327114661327,0.16757779329686107,-0.03336899524307568,0.19475159318179766,0.0,0.234346292628979,0.16701369444794945,0.0,0.2869062610961064,0.3175454377728332,0.20458456511282413,0.18010526581005526,0.0,0.27792070946565,0.4380051554476595,0.37360400422813783,0.07187540589405639,0.14986620530392952,0.2660965750041834,0.18517269820324078,0.1617009434372942,0.1527516850575886,0.1784624362317902,0.4720392136571955,0.16058478755645483
0.1829596084558761,0.21238729883040214,0.02211558321477719,0.36735183582361364,0.009240276114621138,0.013427883735415536,0.08523393318429928,0.04096463072475781,0.05926032205494974,0.19840960885592498,0.07696912718631976,0.16552721969365808,0.17027407857596605,0.17151032670718153,0.18597349847897426,0.3420517495751661,0.2670319593945205,0.2590700591135695,0.12229498989338211,0.27050664343688335,0.21693899759198387,0.10439964892446277,-0.026819608569168374,-0.005304943556005609,0.2849642355123491,0.2678968135219854,0.0,0.12392974554528044,0.11756733184170368,0.1792124516721258,0.24736160683553632,0.22840500728233143,0.1943335625433273,0.25782441088288294,0.37846736550648935,0.5371206766940072,0.36393031752769667,0.1260154307312336,0.25361914577374683,0.1626619758053282,0.29031939127937223,0.2468885232486475,0.3188701584937038,0.4161258061061367,0.2710824632076534,0.20618504392180048,0.20141610641705873,0.2336999172520332,0.29609278767537517,0.2825256766722622,0.26777395706149176,0.22437586546789323,0.21908492786355255,0.26352420178889796,0.4050529518900383,0.23964620061089417,-0.005884400734107564,0.2541412096611776,0.5441222348614934,0.19326613627524655,0.2347836768847254,0.0,0.19069878674911028,0.3504476938777196,0.19112666888836055,0.3450790443798752,0.1824197283785226,0.1831489128185761,0.0,0.26700087595001804,0.17416500351047898,0.20453044221074868,0.2046000754043248,0.2015138241643728,0.09351094449538344,0.2933974878065556
0.31822166116050904,0.2325347446801386,0.25346842635416755,0.24032748727176786,0.29470816015726886,0.13712790833773156,0.2597574277645619,0.20002785893156372,0.2882616288853507,0.37256929877552875,0.18120348768938532,0.26863029680750494,0.1323464956119825,0.2746547289059097,0.09921141672805808,0.30442569521651913,0.41912333055046314,0.2890898806685472,0.26488656765343377,0.26141635820350445,0.10341190926683028,0.39061034679980766,0.12517960568570527,0.2445922416117472,0.2938421015198077,0.2667754374460627,0.12392974554528044,0.0,0.1014282056216928,0.21084972820700215,0.2608153563009008,0.21744232418904852,0.13582971912980288,0.12464862190551129,0.3921651640942241,0.14932818442392798,0.2822509544809696,0.3439706031348211,0.3418736406887516,0.32782891784486234,0.5298142206260412,0.3064256652999615,0.3838547873775826,0.4197135456345878,0.4007574707687035,0.3554965785065723,0.2774701860815918,0.2952063240316515,0.0,0.3292459629662088,0.29496307145112954,0.295596816439695,0.25438628918335704,0.2870514963172922,0.3837278180964428,0.06049424475451276,0.038990294095400724,0.2564055801322477,0.4084127238181744,0.17637279237211215,0.218067943898583,0.3174360086546386,0.13461221704375717,0.44951202397557166,0.23121773409861687,0.3256830536142503,0.25511106195368705,0.25678645049125504,0.3861853722746415,0.2616271564551898,0.1320133786223261,0.23857141892292455,0.2565485662722766,0.20590642685242405,0.15512735131602878,0.30096457305337965
0.26146928069215636,0.18381563755438174,0.2350704035255627,0.10379908436144777,0.18775036072745283,0.17382958010314808,0.15399879335743905,0.18032109353982256,0.15263395744702485,0.15593836306634845,0.08889340837746668,0.2928864797136687,0.1524741182354851,0.05025837670081745,0.0552135373634014,0.21365116460030956,0.12762612672652046,0.13275193196264312,0.28918197462600104,0.16824435161460793,0.1179013622558634,0.15243844885548552,0.12125873438865481,0.3149998694458065,0.17663055120539822,0.2532979598892485,0.11756733184170368,0.1014282056216928,0.0,0.22106109972401283,0.22914806286301792,0.19312927895183007,0.16551016176681732,0.21402386573095514,0.3047455199966468,0.49789641809114477,0.37497417535831234,0.2464843996922806,0.1984971550211954,0.2144919547921526,0.21885160912389182,0.21204056255203463,0.11823941358688073,0.31005310250826235,0.3895239233679921,0.17501099121388647,0.3255191891428007,0.29873711712202167,0.4402435432924228,0.20136011068932724,0.21713860740173263,0.23320446614488421,0.36322239937096445,-0.0001786438258501999,0.4415813858931114,0.0947787614856967,0.4106039707766208,0.2233656400932389,0.5530013783149986,0.17770313214713643,0.34385890251805207,0.46218302323560995,0.19096187911133872,0.36036772937018274,0.18049270711960747,0.26864636511313544,0.14790123436990368,0.22363247597476082,0.4596058407893132,0.4112118202635734,0.36900684730519495,0.1893978192945339,0.20364367794640859,0.19765775724453294,0.1263431418757009,0.2261170105697684
