0.0,0.8708936304103753,0.6726549738512428,0.0,0.6375649821147156,0.8114701414557606,0.6840049604021317,0.8029276483423279,0.4840012571497962,0.652570683952709,0.5161679278234077,0.6087077412652566,0.8173220060770399,0.7663056021188697,0.6130833260161924,0.9244897799228071,0.6953893572059998,0.9749340222497505,0.0,0.6750957260613907,0.32895897042191014,0.724741423898138,0.7046866236399782,0.5743291926565206,0.772176796373738,0.6023858983573196,0.8006448424019053,0.7137810955276699,0.8914287686699875,0.8298981042852447,0.6798700982648391,0.7910859767520229,0.9934509557544418,0.6793877754509402,0.6429152447017021,0.8314825948313866,0.5029682462146048,0.6252385859520392,0.6260521523878138,0.6636773544315449,0.7635544731445103,0.6443406630258427,0.5129326756159303,0.0,0.7345618584146183,0.25468400801542035,0.6634017783353907,0.0,0.0,0.0,0.7381658960016025,0.0,0.9507883730747573,0.0,0.9887382240190736,0.0,0.8146855657744123,0.8556589812372981,0.0,0.7407997779487517,0.754849585656477,0.5062728100809261,1.0575302586414363,0.0,0.7249174786991552,0.08969214108032103,0.7406522686678407,0.9650222348323336,0.3872399078201001,0.9858343980107134,0.8355007914458644,1.0700727124038711,0.44950541201869676,0.8456208214063927,0.0,0.6747079191870561
0.8708936304103753,0.0,0.7031881658672986,1.0459410546295493,0.5644870872687495,0.5992064863701517,0.7000040971651936,1.1177831575687462,0.539544509108578,0.6402852406611198,0.47420223293038166,0.593827968719955,0.7288493105700198,0.6806253847394871,0.5461604474395965,0.9264350094591149,0.5964331071326682,0.9672900161145139,0.7159231572630338,0.6516326768576088,0.6274274982371808,0.6222572718703376,0.9492315966356635,0.6256745822804595,0.6870094940311997,0.41747605650452196,0.7877253086380278,0.9154341279239138,0.6566740248583735,0.8486069481778764,0.49979749883376623,0.5700218689153852,0.5215942422003512,0.44368422084328535,0.5886472142791699,0.7778374566735863,0.05593045895511664,0.0,0.825060556961796,1.0657205134023693,0.8241952763843237,0.8851586063084912,0.608359376856126,0.0,0.0,0.7631357970108128,0.8642409572568022,0.03708355405952746,0.0,0.0,0.9928375857824436,0.9282180569073781,0.682670833511184,0.887634121901562,0.863027180974852,0.0,0.8042599910521919,1.0545235431576083,0.0,0.9482895949652086,0.9167237632871936,0.8804907148851825,0.9511739632090885,0.0,0.9506965567110821,0.9932302952500612,0.897505465284428,1.0287501453518964,0.7533047773780436,0.9236741547847216,0.9106096035939578,0.9717330700193041,0.929671981349488,1.0288292383625093,0.0,0.9221518301532445
0.6726549738512428,0.7031881658672986,0.0,0.7465263477358778,0.6669220470735383,0.759056055540774,0.8567428850464447,0.9632679157969983,0.3700705190316383,1.0697901344735103,0.5371507894549259,1.052755338826299,0.9761181920265303,0.8141373045958631,0.7242782828291215,0.5706988526015251,1.0840161684914764,0.9637525929563432,0.18306559125995625,0.726898359230667,0.6771246827873778,0.8780457965278056,0.2345783305364492,0.6344211543511751,1.1174840655134317,0.8869175764456093,0.43087909042027095,0.9939671669757368,0.8701005252587196,0.8814278434177929,0.9327432368528856,0.9500014960171448,1.0441277232568662,1.0136826346510253,1.024837475477998,0.9518300950833498,0.9183104061767668,1.058231677318361,0.9147533011396722,0.4736987962178931,0.40025277428311457,0.907672939991418,0.9315405447023085,0.8529874094647754,0.0,0.0,0.4299666605813184,0.6265562841316724,0.5100897850153807,0.834620818648654,0.9402329815492304,0.8222043253610991,0.8105916420970896,0.7024363566449443,0.460626845100252,0.622854792802568,1.037402362875152,0.8590223505000257,0.5843400581676034,0.3998073700217054,0.0,0.0,0.0,0.4738568247941368,0.9034668819856824,0.4255779337556686,0.2879700324029628,0.8642577071631112,0.0,0.5867960102318146,0.721087733466784,0.8231989516197786,0.8540538034468665,0.9158782519165052,0.6794300053875241,0.9351905744191137
0.0,1.0459410546295493,0.7465263477358778,0.0,0.48973030622665303,0.8255272300621812,0.6103066678556843,0.537850036725949,0.8917617385693446,0.5642889882526345,0.5457048586900437,0.5089955854774053,0.7544385585260892,0.6791487547422083,0.6893461439626326,0.2923732138441433,0.5861918024794519,0.5121900837275835,0.8049780693284941,0.8123036834329069,0.5007478191528132,0.7198682069144042,0.8146397872282972,0.6712429971206157,0.8605688314189341,0.5749694238878925,0.9313990591439942,0.3445462365928618,0.69026655047886,0.3115606856503923,0.6363407210133245,0.6648735803230114,1.0277980702650944,0.944843635603348,0.9884615906825716,0.45808581708375706,0.35485507554358087,0.32305512134285086,0.22244655821301468,0.3951990901603647,0.5821385927184743,0.5548138981641833,0.33147167726777005,0.5875095445484481,0.0,0.0,0.0,0.46242749621779644,0.0,0.0,0.9198701469501338,0.0,0.4893774488237281,0.3280076632241256,0.0,0.4424607430730242,0.6775391846455209,0.5013733743864093,0.0,0.0,0.0,0.0,0.0,0.0,0.0,0.0,0.5109392466583194,0.9665184830370079,0.0,0.0,0.0,0.8698476304949093,0.4332290079333807,0.61823193357334,0.0,0.0
0.6375649821147156,0.5644870872687495,0.6669220470735383,0.48973030622665303,0.0,0.5784199214571228,0.5176146043469795,0.7540715453552997,0.37809490608107577,1.0666348541545607,0.43524003883397944,0.9025639887805537,0.8662885012403139,0.5841271120024161,0.7821931707411134,0.8007122722112743,0.773778745334669,0.49580586044744124,0.5549966646248345,0.7381777312773581,0.9584586165646911,0.7324603443485125,0.7667173430411931,0.7318948881190881,0.583151606014012,0.7486492771123163,0.7366664254424893,0.6350888218138406,0.9177950570447785,0.6274541997643044,0.9028097576724448,0.4791945813534046,0.7797568444160721,1.088683624897311,0.9464325740140278,0.5569580839743281,0.640629156166143,1.0601340011548206,0.971078397600129,0.4688232057266751,0.6657781192393305,0.34348302547007126,0.7829940980090011,0.3635546189602998,0.37410898089922395,0.0,0.5223966438837351,0.8028115483981771,0.0,0.8854020098126372,0.9165185350242087,0.9742509722814606,0.7016561646264778,0.8146934109666387,0.0,0.7593024179169758,0.5538791957676474,1.0797106276647264,0.89246486556416,0.5221420780013302,0.4843863877996245,0.0,0.0,0.8426432482243595,0.7288537716919758,0.5001340958486498,0.7743277470432341,0.9546485192405438,0.0,0.47388305085798704,0.766466591684188,0.8504082609925259,1.0331744617593501,0.6860662238676805,0.0,0.7953650224538187
0.8114701414557606,0.5992064863701517,0.759056055540774,0.8255272300621812,0.5784199214571228,0.0,0.7387229308339924,0.8802953288558403,0.49545737064455564,1.0195309121622487,0.7154516483819234,1.1080884196044765,0.7972209606737379,0.8403907880206651,1.019046704277594,0.7486609841550544,0.9795729780538871,0.838248472560911,0.7048698796159427,0.6343218027990178,0.9361394755608112,0.598443972062755,0.7821795377478571,0.8377114761579598,0.6434098422670484,0.9413931034660001,0.7477441416252026,0.9316337866002946,0.6395259218576366,0.8153516880880017,0.9339424032936612,0.8491455987500144,0.9468882580113691,0.9508883344202329,0.9690575250923334,0.9185382061422923,1.0798630218126886,1.1268308786180836,0.9324172047412912,0.7680151248751217,0.8325310989073027,0.8859523084424166,1.1717064538111812,0.7639287558668737,0.9665137161255914,0.7403142138582739,0.769287235673804,1.0079511257484914,1.016800191311897,0.6701374642129381,0.9167868847929317,0.8770331836046976,0.8755977366810999,1.0359556173896687,1.1285380297094252,1.0117586208390974,0.5972434210724473,0.9450138415843431,0.6880015060634752,1.0499255485686767,0.954196521149367,0.0,0.9115662350480721,0.8932189049768258,1.0039725090406653,0.8399120411362444,0.9921683712284373,0.9379807641062373,0.5490451090595088,1.0413998519443886,0.8778140538790185,0.8831883812933834,0.8337207663292989,0.9784038596856808,0.6856342500320167,0.8040431399408654
0.6840049604021317,0.7000040971651936,0.8567428850464447,0.6103066678556843,0.5176146043469795,0.7387229308339924,0.0,0.7393899512126707,0.6052750058120142,0.7217918511861074,0.6619441505914844,0.6978275272479834,0.7684746392261914,0.4136746181562811,0.804435203534422,0.7629865913301457,0.8303237709434887,0.6399118997651586,0.7916860580237073,0.7018092403405538,0.7686606737005117,0.8151707583243618,0.8923865074988843,0.21353774401870035,0.7069130009471556,0.5155945839547561,0.8259283740676079,0.49882712463925105,0.9077360253105831,0.7727459998773559,0.5633267440034156,0.841428467177475,0.6205889995785898,0.6420859970795423,0.5182659362116191,0.7536749195553696,0.5698997004597075,0.9648705534146849,0.7805896459455165,0.417333772689496,0.4936984289400635,0.7454759703215569,1.0516827809036642,1.0764114732520584,0.9000888527480685,0.0,0.7678632093489725,0.7253245584360248,0.0,0.903317329498244,0.9347105185569524,0.8356920045245779,0.8153914599262949,1.0269356759293458,0.6830595804001185,0.9670386672534432,0.575355099850166,0.7301963544037662,0.6281650684505588,0.726495443364453,0.6925812263666518,0.0,0.5086182102886754,0.9466281173378753,1.0363352261344085,0.6874016113371941,0.9020739542910639,0.9397891090672514,0.5087935130612744,0.9161011104495109,0.7845424151853342,0.8823529212011141,0.7766721028201664,0.8670116274525727,1.0191119970532787,0.6225045012609249
0.8029276483423279,1.1177831575687462,0.9632679157969983,0.537850036725949,0.7540715453552997,0.8802953288558403,0.7393899512126707,0.0,0.8513627625371537,0.9502411745766342,0.8160765513479674,0.9808714790552159,0.9429712281319609,0.6578628985548381,0.6636936998379211,1.1400517185074972,0.5647809433604193,1.0392664553183157,0.785247729929531,0.6361908530435326,0.4810281879100101,0.7187088560440447,0.7179822563108226,0.7175396646870889,1.0092860350141106,0.9861190383064827,0.9254964245041957,0.7560064593281975,0.7646144770016254,0.5831485642018144,0.7321071102164278,0.7473980964232744,0.5769480580415765,0.7833801129530783,0.6493726006132783,0.6015272340617324,0.33336045064798037,0.8292776185080557,0.6396208436235074,0.9511566097540797,0.476763769791977,0.5275273973187955,0.8911648995564847,0.6154771429428074,0.0,0.9092245234422232,0.6680752162003996,0.901291249347444,0.0,0.6787943504047174,0.7378090851482914,0.7621355941163419,0.36090466416246136,0.8400316531296472,0.7010079812243857,0.8252812323439211,0.9698785302900068,0.7253028891408397,0.7250765363548239,0.8859730980244658,0.728754530129055,0.0,0.6014753246058818,0.9077915393211413,0.880500167392522,0.7529242784590069,0.8820184723917814,0.813642730001887,0.0,0.9292783728044247,0.8751543229707537,0.6376024929830907,0.6308848229340915,0.8247733468811557,0.6330929619855923,0.42468911151304967
0.4840012571497962,0.539544509108578,0.3700705190316383,0.8917617385693446,0.37809490608107577,0.49545737064455564,0.6052750058120142,0.8513627625371537,0.0,1.0182988057825666,0.3451702233389822,0.9940372239172194,0.7989438862702709,0.7293621949306275,0.8475615813985458,0.7700410478224934,0.9631401128428241,1.1493407588733364,0.2504956128114085,0.7038345422913692,0.568997186941357,0.7761584284418201,0.7417718278150947,1.088447173329103,0.5659938380522178,0.7436795588661809,0.46076756120655027,0.9546987190191232,0.9006301479676712,0.7400611415827489,0.8985980293416829,0.9488746573401299,1.0382231946124978,0.9906517803502985,1.0326722725454194,0.8152654944262967,1.0108074627143269,1.1254051171399855,0.9977600806518774,0.6463812656122003,0.6318817443918976,0.7688305499511824,0.8069246228713558,0.6286664526920827,0.9775249298384104,0.0,0.6989606801433097,0.86150107300795,0.49036622635629606,1.0433168079614006,1.0572232552712817,0.9694361617621171,0.935757516673139,0.8271218141802557,0.46453529327151494,0.8560219289324429,0.8791114367434834,0.943365448099744,0.8773929390256636,0.7948658133662612,0.779750546205122,0.0,0.0,0.8357972533275142,0.9646272132920897,0.7130680012005822,0.7801028902762037,0.9849976066575977,0.45198345826127495,0.7203933601764214,0.4859708744311895,0.9305013906048905,0.957430436118144,0.9867924922409913,0.8974710794293789,1.0503750912107315
0.652570683952709,0.6402852406611198,1.0697901344735103,0.5642889882526345,1.0666348541545607,1.0195309121622487,0.7217918511861074,0.9502411745766342,1.0182988057825666,0.0,1.0085863753858306,0.4911652257982072,0.8713521839790965,1.0619370253408977,0.5783600298200058,0.8073395439382072,0.9146812819761247,0.804781022518734,1.0337926252091088,0.45823160595003043,0.8507287637476921,0.661650906099811,1.120647129635136,0.5710787582317743,0.7074971043620604,0.45650839429226187,0.9759487567055869,0.8602720542471102,0.8110161309721087,0.7443778822000062,0.8628618242034884,0.4146434716181322,1.1256799591831175,0.8208006278476097,0.6873162495695266,0.6238359907160436,0.7018196782109682,0.5159654587447877,0.20576282623291783,1.0539974127884606,0.6070481026974552,0.4691349541650096,0.6543674932272383,1.0335509816721062,0.9191615848635469,1.149486337744653,0.9849669315416654,0.39340156321587205,0.4876796205600046,0.49833875993238536,1.0701041464278565,0.4522060730583033,0.7411977870641766,0.3906946954770664,1.081185528028409,0.6909540627508328,1.111206196965243,0.9354085139295771,0.0,0.6662465404177184,0.8773937034340022,1.0758605531370247,0.931063735978982,0.48759420726468955,0.5095583809693683,1.0870425977625238,0.5095032831014292,1.112090497730738,0.7738066768106819,0.9753598161503432,0.9903579804478106,1.1079448406037748,0.7403292639947996,0.8566043711469394,0.0,0.8510484527584968
0.5161679278234077,0.47420223293038166,0.5371507894549259,0.5457048586900437,0.43524003883397944,0.7154516483819234,0.6619441505914844,0.8160765513479674,0.3451702233389822,1.0085863753858306,0.0,0.9869634774397381,0.7825861842816947,0.5521274808668848,0.0,0.5080171593565441,1.007042095228073,1.1110668747620518,0.3775617177366131,0.4841667225348415,0.6725278851855258,0.46631946855004147,0.8193437924551767,0.7370731041984606,0.8523045780172602,1.063593293593032,0.7964464057334397,0.8691360454145269,0.540896715192771,0.48223742078311266,0.8449288061928115,0.8261078298693929,0.9884602671715119,1.0166272380064516,1.018065842449796,0.643869244584234,0.9261664364144051,1.0124731299308736,0.7904318171792017,0.8508900384720477,0.9012197888031692,1.0754397945306962,0.9665577432548519,0.8762907873553487,0.8530254646924977,0.0,0.0,0.1868216399374945,0.47449832960295624,0.46798078225902384,0.989369853647266,0.6205899064566911,0.7335008590993645,0.32343541259083053,0.729560373367558,0.3601715162936405,0.48510975677915885,0.9959967262846862,0.9243981268197177,0.0,0.0,0.0,0.0,0.43090893725658197,0.5545423778100407,0.0,0.5817091521022516,0.9478423845300024,0.0,0.0,0.9478484330618886,0.6394037079535865,0.7959286268045807,0.6103461871237038,0.0,0.8298126258353686
0.6087077412652566,0.593827968719955,1.052755338826299,0.5089955854774053,0.9025639887805537,1.1080884196044765,0.6978275272479834,0.9808714790552159,0.9940372239172194,0.4911652257982072,0.9869634774397381,0.0,0.913274573294013,0.8096141784679725,0.927156011328372,0.9170137533386821,0.7983751366710923,0.9744890341939239,1.083131919970282,0.2116139632424283,0.6084019039792266,0.4841707516444868,0.8895165059914996,0.4505766506881096,0.6758356957290961,0.5131019229496092,1.1249830487535695,0.9150463759845731,0.9565697342948638,0.737327001897621,0.7802738937956307,0.27953724431454,1.0980672608188327,0.49469292131894416,0.5804870221469693,0.8205625462033332,0.49221011218301747,0.2897988064026919,0.4393675012756648,0.998004688612393,0.3803599023951604,0.14002870269899856,0.5641585238629888,0.8373705690100139,0.9976566702541605,0.8524016666076417,0.8697576012635371,0.5762146269642324,0.43430975615952105,0.3324675986303629,0.9295394385985645,0.5426402418845608,0.37019490339037,1.0772634968647439,1.0959770714064507,0.4014505974674383,1.1484831058385163,0.930832569681801,0.5633409011785611,0.5690599970417329,0.795570385692776,1.051485484727304,1.0622886547603767,0.9698963011245362,0.9230311129778174,1.091610836781712,0.5456565473685586,0.9599544065396076,0.7843974017458517,1.056790350887174,0.9506097034895802,0.7674082495599858,0.8458642337742814,0.4804618801970018,0.0,0.8879517940900793
0.8173220060770399,0.7288493105700198,0.9761181920265303,0.7544385585260892,0.8662885012403139,0.7972209606737379,0.7684746392261914,0.9429712281319609,0.7989438862702709,0.8713521839790965,0.7825861842816947,0.913274573294013,0.0,0.7597973234739086,0.8503297301593107,0.812402076824895,0.7564124100465792,0.801382945960962,0.8973950917417886,0.7912777828761179,0.6569107552779356,0.8224525332776467,0.9631931998195808,0.6678524696236329,0.8284812786307398,0.580072669521114,0.8755178944358143,0.6973501204136127,0.8279864881078165,0.8624206131443596,0.5740176099800027,1.017174137141396,0.8696620547554823,0.7584306770700273,0.8219547559050673,0.9078445323689921,0.8600309887728134,1.0275879597960944,0.8521595462258407,0.6544676033747511,0.6432655958273545,0.8223086541783546,1.0076765263155305,0.48556779837864406,0.7862887855707619,0.7361482915285428,0.8836483443012061,1.014437131074615,0.0,1.046929249706827,1.0599826298738761,0.8146252426060652,0.8883690340795258,1.0862766912828317,0.651999499991736,1.0090992827082137,0.6383626272876671,1.0171143414401134,0.25637770456409503,0.7957636932439622,0.7912901731003367,0.6771479037517554,0.9315544282281383,1.0539484149056308,0.7745270328507212,0.9899446207985694,0.9713153115802462,1.0919164963364405,0.5081526987529438,0.8742886543641066,0.7940316895114645,1.0179386937159138,0.9297185447334615,0.9548528078472505,0.8028389647241749,0.725240961201687
0.7663056021188697,0.6806253847394871,0.8141373045958631,0.6791487547422083,0.5841271120024161,0.8403907880206651,0.4136746181562811,0.6578628985548381,0.7293621949306275,1.0619370253408977,0.5521274808668848,0.8096141784679725,0.7597973234739086,0.0,0.935505482568649,0.5681781130114697,0.4923925249294847,0.5002194376066358,0.6957708224058086,0.7687224437895912,0.6830775820147577,0.47959959971491983,0.8199553764894688,0.8732991755610087,0.6432492614910159,0.8712273992452344,0.8678332713805903,0.5910423989284928,0.6157175364108249,0.8637516579910103,0.8948800483904724,0.5039087411831229,0.32388471239323624,1.0487740502360423,0.5243465265569406,0.5100327878929688,0.4825757286008281,0.5210747200031356,0.9050947593379348,0.0,0.6842449386468181,0.6936349683490857,0.9805563656397451,0.5096590614830561,0.0,0.0,0.0,0.794574640218737,0.0,0.8816220273409882,0.6790252784936046,0.7569270316638689,0.9135006620755635,0.775529769816744,0.0,0.8947007421351597,0.38739356295379357,0.6369536280941603,0.7976711708978481,0.0,0.0,0.0,0.0,0.8646380443555798,0.0,0.0,0.0,0.8953843542732334,0.0,0.0,0.0,0.860284114551632,0.9478538472596592,0.0,0.0,0.0
0.6130833260161924,0.5461604474395965,0.7242782828291215,0.6893461439626326,0.7821931707411134,1.019046704277594,0.804435203534422,0.6636936998379211,0.8475615813985458,0.5783600298200058,0.0,0.927156011328372,0.8503297301593107,0.935505482568649,0.0,0.8118992212509075,0.5362217874836523,0.7421941312850647,0.0,0.49226954382532445,0.5720127312469129,0.3148138754837829,0.6543722607432909,0.6303630208742416,0.753667814218181,0.5103168352852423,0.7594967506122478,0.7017450657470287,0.9815379851235848,0.6861521757510178,0.464141769223609,0.458028967539567,0.6963330205629521,0.43247133372828694,0.5334853639212908,0.8163809004117482,0.6473604740279973,0.38258292777625025,0.5524015456711155,0.8080077970749782,0.7454570701453946,0.6874698519793769,0.5539322547011007,0.434536899063507,0.0,0.8988241436511166,0.8700290396536214,0.8655793218866786,0.0,0.0,0.8504143702764599,1.088690704845566,0.546915661536836,0.6388193993136697,0.0,0.0,0.7347990590263206,0.8385571320779655,0.4890279471599554,0.7630984108302012,0.9080712902048959,0.5892743018616695,1.0415209526436633,0.0,0.8919111804995075,0.8783142020292101,0.8808956603839416,0.8166117638045189,0.5067827845231867,0.9159364118817552,0.7993347387735629,0.8356411564113752,0.7271045393315281,0.8192265672638669,0.8839265083210947,0.6128055006424291
0.9244897799228071,0.9264350094591149,0.5706988526015251,0.2923732138441433,0.8007122722112743,0.7486609841550544,0.7629865913301457,1.1400517185074972,0.7700410478224934,0.8073395439382072,0.5080171593565441,0.9170137533386821,0.812402076824895,0.5681781130114697,0.8118992212509075,0.0,0.7147819631436354,1.0889558889135669,0.4652782321335793,0.5008482265226875,0.9990828496507268,0.6795484914102545,1.024711022689204,0.8282454489114144,0.7639077136130753,0.7009734194897363,0.9578806010888613,0.8114176329456653,0.7186834488811032,0.7112018381359508,0.5737324691700403,0.7767308183985745,0.5750361944112508,0.623799507521018,0.7538664237306438,1.0886264171082969,0.7008299480690555,0.633744971156664,0.8303635972404461,0.9972707390355691,0.9449371533526856,0.82236441809482,0.5112050685687326,0.0,0.0,0.6962333800097547,0.8872406734914062,0.0,0.0,0.0,0.8999408792686541,0.8496923858248,1.0141847182699413,0.0,0.8729859244081192,0.0,0.6666662207257811,0.8917031996063192,0.0,0.9576588609735505,0.8746892418091456,0.7752027637269929,0.9681328362755466,0.0,0.917883226582608,1.0629786630493245,0.8882488055281517,0.9808700162604624,0.6117179189947771,0.992489203798067,0.9729400738867049,0.9595741878444561,0.8553671072012781,1.1410815288290066,0.0,0.5354984053395322
0.6953893572059998,0.5964331071326682,1.0840161684914764,0.5861918024794519,0.773778745334669,0.9795729780538871,0.8303237709434887,0.5647809433604193,0.9631401128428241,0.9146812819761247,1.007042095228073,0.7983751366710923,0.7564124100465792,0.4923925249294847,0.5362217874836523,0.7147819631436354,0.0,0.9142010831154379,1.1061983075620305,0.5233741237308545,0.7467980017865182,0.649855761416648,0.869231863140391,0.7181372203670919,0.7971587461046833,0.5181609968930956,0.754888292223124,0.8997822763686438,0.5207171084251123,0.8430610236087004,0.7993151602552858,0.8488078508103261,1.0053458224981915,0.8660953018163781,0.9663978414407159,0.7574408155144055,0.3919383746448858,0.6144702686890489,0.5987308017273217,0.7795969606422553,0.7334384873041717,0.8764894122073124,0.0,0.0,0.7328684244781185,0.8933592990456214,0.898436324556837,0.0,0.0,0.0,0.0,0.0,0.0,0.0,1.082357018145952,0.0,1.086342467853216,0.5079264973755424,0.0,1.0250142440962215,0.6919152953539858,1.033429629122027,0.9948715513671664,0.0,0.0,0.0,0.6775063634054894,0.0,0.8120167906339657,0.992496204176999,0.9929379179904715,0.0,0.7298990150162663,0.48480969642321076,0.0,0.8824998233084487
0.9749340222497505,0.9672900161145139,0.9637525929563432,0.5121900837275835,0.49580586044744124,0.838248472560911,0.6399118997651586,1.0392664553183157,1.1493407588733364,0.804781022518734,1.1110668747620518,0.9744890341939239,0.801382945960962,0.5002194376066358,0.7421941312850647,1.0889558889135669,0.9142010831154379,0.0,1.1056085290224837,0.7105549585153561,1.0046935336395522,0.7543527887028144,0.9866244612852977,0.9075063825560662,0.7964972034800399,0.7309470344097715,0.9610982458537292,0.8335413656306754,0.8097834524741285,0.6521078834792908,0.8057303052132316,0.9344560753691818,0.9507347880894168,1.0437756530261875,0.8131136642234645,1.0318081672366723,0.4252365382218241,0.4589439188746648,1.055824480718493,1.1057772850932248,1.0806145490759467,0.892209414647086,0.0,0.0,0.5122100326236133,0.9307376736667554,0.9603088714659886,0.0,0.0,0.0,0.7855065299932331,0.5234733661682106,0.5944793359764051,0.0,1.1335960156182794,0.0,1.1232296833921245,0.992949533520934,0.0,0.946085609780632,0.9973220099688287,1.1019881302176646,1.0698270357208823,0.0,0.853248562535889,0.9249653289443553,0.9671471446455433,1.1408952530899081,1.0592795521738705,1.0650216582020064,1.1229878402880562,0.8162119759462383,0.9243838137894609,1.1265536504334475,0.0,1.063337068116337
0.0,0.7159231572630338,0.18306559125995625,0.8049780693284941,0.5549966646248345,0.7048698796159427,0.7916860580237073,0.785247729929531,0.2504956128114085,1.0337926252091088,0.3775617177366131,1.083131919970282,0.8973950917417886,0.6957708224058086,0.0,0.4652782321335793,1.1061983075620305,1.1056085290224837,0.0,0.49729571732375344,0.7172054749207297,0.7460645626364818,0.278456616414177,0.8151924231010501,1.112726991000523,0.9301402553284099,0.6220422455444042,0.9492368060559432,0.820765305069872,0.7851460252653464,0.9271335897160069,0.9658672528428589,0.5787093703092983,1.0200535809965081,0.9763806895756737,0.9932792608174522,0.9929258265908905,0.974946725391213,0.8180267588988782,0.44718622819680054,0.458385628727199,0.4247596006014739,0.9356627782484335,0.7150954000961376,0.013676897040383234,0.0,0.0,0.8268151143103905,0.0,0.7136197486895162,0.8052346406665766,0.8827401673400581,0.862524063813307,0.8991569536456543,0.603139798097081,0.8401200208204433,0.8848200024326374,0.8384221747282707,0.8794718127359259,0.0,0.0,0.0,0.0,0.8019398066248388,0.47508711660749103,0.0,0.48379854792578103,0.8792989022150239,0.0,0.0,0.0,0.9017950898475865,1.1266083840636885,0.7956609163478938,0.48855959602584453,1.0917785428461446
0.6750957260613907,0.6516326768576088,0.726898359230667,0.8123036834329069,0.7381777312773581,0.6343218027990178,0.7018092403405538,0.6361908530435326,0.7038345422913692,0.45823160595003043,0.4841667225348415,0.2116139632424283,0.7912777828761179,0.7687224437895912,0.49226954382532445,0.5008482265226875,0.5233741237308545,0.7105549585153561,0.49729571732375344,0.0,0.5385483841647476,0.4816389964949921,0.40937411689677516,0.9373944315625344,0.8163714710311365,0.5529944109100708,0.7724803362184547,0.794589753480782,0.8492334724621707,0.5253895583132135,0.5661607951075642,0.404445101998372,0.4860897569073608,0.5130375552865762,0.5443515764020939,0.7378838910112765,0.4786408297315783,-0.07781110912560052,0.5779656031741436,0.8451798015997785,0.8257248778510902,0.6281162579554953,0.8996584436189153,0.3122788596815388,0.3403110898936802,0.7530431321025317,0.8238155589548297,0.8178362128167362,0.0,0.0,0.9093950623065772,0.7799679931648965,0.7874402580867579,0.6244033898521718,0.8489344701724382,0.0,0.5476322295224437,0.9935210681983329,0.0,0.9407846405429654,0.8766529923568558,0.5116455290879212,1.1002297989949565,0.0,0.7964594669602382,1.032768002000394,0.8472948852203217,0.8856793962530365,0.0,1.0454318156632525,0.6921802903949763,0.8751842865635425,0.7680514022811991,0.8848043947505053,0.6714765050002489,0.6827830079428531
0.32895897042191014,0.6274274982371808,0.6771246827873778,0.5007478191528132,0.9584586165646911,0.9361394755608112,0.7686606737005117,0.4810281879100101,0.568997186941357,0.8507287637476921,0.6725278851855258,0.6084019039792266,0.6569107552779356,0.6830775820147577,0.5720127312469129,0.9990828496507268,0.7467980017865182,1.0046935336395522,0.7172054749207297,0.5385483841647476,0.0,0.4607471708215506,0.7202844306545431,0.4675597300454982,0.8656381940424505,0.7963073833512172,0.8205987783065269,0.661177731072682,0.8958299306522851,0.7358686136046169,0.4783197586695504,0.5634760745073593,0.73265830940351,0.4005643963611122,0.5265654629662905,0.6804383253218644,0.5397366424907135,0.7028327727575793,0.5405709957585717,0.6116578545004419,0.6739433164742994,0.5754971948039077,0.7433585111824433,0.0,0.0,0.06698949342371757,0.6082694019291472,0.7761853844854284,0.0,0.0,0.893451672601862,0.8020622046661375,0.8580677916599718,0.7401513004940763,0.7272731179876479,0.0,0.7821590563157451,0.8163788487850316,0.0,0.950292050553138,0.524912718157724,0.0,0.9169534995207671,0.0,0.7942951837625125,0.9712529244753221,0.8760323379319326,0.8266241760415122,0.613466622526146,0.8640610223527441,0.9037389225412611,0.769835256085537,0.7156028450710379,0.8461052629569366,0.6786491376438357,0.479131450490961
0.724741423898138,0.6222572718703376,0.8780457965278056,0.7198682069144042,0.7324603443485125,0.598443972062755,0.8151707583243618,0.7187088560440447,0.7761584284418201,0.661650906099811,0.46631946855004147,0.4841707516444868,0.8224525332776467,0.47959959971491983,0.3148138754837829,0.6795484914102545,0.649855761416648,0.7543527887028144,0.7460645626364818,0.4816389964949921,0.4607471708215506,0.0,0.6720635896142012,0.6385257790143657,0.8568993113997332,0.44745385878194055,0.6715176715335389,0.8754712646256246,0.7038011176274287,0.6943832615056206,0.4888267850174597,0.4800954928943579,0.5033962583101023,0.5197651862027478,0.5351804289641489,0.5291903862840912,0.7983247923654725,0.5905176551480271,0.5024797154544121,1.0397081883685657,0.8302147049913227,0.8765279586797671,0.9233985889662035,0.306589375017818,0.3942021929525403,0.7142690750107823,0.8870629208822468,0.7991386398005849,0.4927408165742557,1.0431386800469427,1.0541998292541312,1.044925231469372,0.9404371703548529,1.1752433690546296,0.6733997967767045,0.0,0.7206764541176376,1.017364865255074,0.0,0.9369628720057736,0.8935652754441703,0.7399053387662136,1.0762756023541813,0.0,0.8378720109296809,0.8655497662730384,0.8320909876411358,0.8976105870254477,0.7637429612323843,0.9193911166204554,0.8777899062540857,0.9163892965969731,0.9218569415123827,0.8915361069849259,0.6182922165189233,0.9538068346628357
0.7046866236399782,0.9492315966356635,0.2345783305364492,0.8146397872282972,0.7667173430411931,0.7821795377478571,0.8923865074988843,0.7179822563108226,0.7417718278150947,1.120647129635136,0.8193437924551767,0.8895165059914996,0.9631931998195808,0.8199553764894688,0.6543722607432909,1.024711022689204,0.869231863140391,0.9866244612852977,0.278456616414177,0.40937411689677516,0.7202844306545431,0.6720635896142012,0.0,0.6850378270315839,1.0140605065002744,0.7904954778882718,0.5878169460331804,0.8307518466614222,0.8985002857677884,0.7508298940038766,0.7754324833753126,0.8973182380891569,0.8427742631157004,0.8505982607156843,0.8343787315981428,0.8616126698163659,1.0228298845197301,0.8961537907185574,0.85184031814955,0.8569552684284418,0.8600411034095745,0.9240243802467349,1.0237735294231085,0.9569161547207858,0.7259631358075713,0.7920804555078831,0.9782338497792218,0.6701743155256408,0.7786445345622632,0.9002207291560871,0.9181628572051217,0.8224625954030242,0.8784186899343507,0.9477343304625203,0.8842788320667936,0.5862746364656899,0.720356165924781,0.833249637374308,0.8747101907069341,0.9522439397669629,1.0411624530117174,0.5095583809693689,1.1149468145309354,0.8038508213128885,0.8827514802843128,1.0574136287557994,0.9480977780138967,0.9722459193119655,0.3499323739910375,1.1341287726507279,0.8679494241758292,0.8247918434987138,0.792987377045183,0.9533541033644172,0.8107264178744511,0.7237571327140304
0.5743291926565206,0.6256745822804595,0.6344211543511751,0.6712429971206157,0.7318948881190881,0.8377114761579598,0.21353774401870035,0.7175396646870889,1.088447173329103,0.5710787582317743,0.7370731041984606,0.4505766506881096,0.6678524696236329,0.8732991755610087,0.6303630208742416,0.8282454489114144,0.7181372203670919,0.9075063825560662,0.8151924231010501,0.9373944315625344,0.4675597300454982,0.6385257790143657,0.6850378270315839,0.0,0.7393778893494463,0.4248747751399993,0.6097865847256166,0.6623623737546429,0.8676557207391585,0.9647371747074934,0.9967620363556082,0.35897701547692784,0.8947713215199596,0.1473044947946476,0.18306576119851323,0.9080916213846152,0.42630792212927004,0.465474475618217,1.0574614449584896,0.967650018776483,0.14402837546183603,-0.16126425899796631,0.6174287572209343,0.5554068938367827,0.9136641661582221,0.42424029205264313,0.62524657676294,0.0,0.0,0.5152611311009809,0.6085850513026034,0.4258875126805473,0.0,0.33944041003201686,0.816948907092604,0.5375929373548642,0.831019260306993,0.47452459057735447,0.0,0.35977242092808226,0.8150939564123254,1.0433781463318768,1.0763637248539895,0.5120871503519597,0.4470592239072442,0.47120959107663374,0.5878530629033824,0.6873883260567061,0.5310566381175523,1.0325531736972682,0.9650306424262353,0.7781174945247831,0.7334798272946221,1.0046470747767247,0.0,0.4697539897715461
0.772176796373738,0.6870094940311997,1.1174840655134317,0.8605688314189341,0.583151606014012,0.6434098422670484,0.7069130009471556,1.0092860350141106,0.5659938380522178,0.7074971043620604,0.8523045780172602,0.6758356957290961,0.8284812786307398,0.6432492614910159,0.753667814218181,0.7639077136130753,0.7971587461046833,0.7964972034800399,1.112726991000523,0.8163714710311365,0.8656381940424505,0.8568993113997332,1.0140605065002744,0.7393778893494463,0.0,0.3928003343487454,1.044803611878554,0.9185308245040713,0.8131816191513006,0.7122713306177153,0.7899114097350968,0.5391340505432567,0.8841969668186367,0.7332324923365706,0.7259339527815047,0.8599869489035354,0.633855177571722,0.7077913495857047,1.0360076277897046,1.0919852975966464,1.071354942050066,1.052852523490402,0.20559807009248438,0.0,1.0726019874465773,0.8930781469847775,0.9961003718642338,0.0,0.0,0.0,0.9956648384454696,0.6850877783705831,0.9350037738480725,0.47175419603834035,1.1189665696465596,0.47762680764927423,1.132675685112286,0.8060185268195602,0.0,0.9502491315313688,0.9350548968221204,1.0769797725593264,1.0739854643798785,0.0,1.035099625227722,0.924208924853434,0.8597115570153413,1.0284461049942246,1.0666616939449518,1.0587726363522856,1.0469465370589157,0.9930373304736964,1.0008370222094474,0.8643413495395496,0.0,0.9905824326001774
0.6023858983573196,0.41747605650452196,0.8869175764456093,0.5749694238878925,0.7486492771123163,0.9413931034660001,0.5155945839547561,0.9861190383064827,0.7436795588661809,0.45650839429226187,1.063593293593032,0.5131019229496092,0.580072669521114,0.8712273992452344,0.5103168352852423,0.7009734194897363,0.5181609968930956,0.7309470344097715,0.9301402553284099,0.5529944109100708,0.7963073833512172,0.44745385878194055,0.7904954778882718,0.4248747751399993,0.3928003343487454,0.0,0.7516422169899819,0.8090833008857965,0.802980949711607,0.6229338155787432,0.5422068472873006,0.6905777347059521,0.8431308372526707,0.5417102662149464,0.5054741852002689,0.6014318094264595,0.5117650858388789,0.39885150667743874,0.8451028588260356,1.0920487755228696,1.0440880913481716,0.5919030750520118,0.4261900711732498,0.5223068154984539,0.8016917890173377,0.7336550251937609,0.9306463806710041,0.9551294912543122,0.0,0.006463061391118983,1.0297258669504101,0.926203835808008,0.9735868449878043,0.7059790881748957,1.1029811898982023,0.0,1.1083371460465579,1.0652259051861492,0.0,0.9439010715911387,0.9403404658401083,1.0560121304485657,1.0639276597401761,0.0,0.848298186907361,0.9552811935256785,0.8912533425530387,0.9777961761124494,0.8494401610238961,1.059394935370009,0.8972149142179666,0.9758895644490535,1.1667293530021672,1.0140511694516618,0.4763814681415036,0.8526888192128765
0.8006448424019053,0.7877253086380278,0.43087909042027095,0.9313990591439942,0.7366664254424893,0.7477441416252026,0.8259283740676079,0.9254964245041957,0.46076756120655027,0.9759487567055869,0.7964464057334397,1.1249830487535695,0.8755178944358143,0.8678332713805903,0.7594967506122478,0.9578806010888613,0.754888292223124,0.9610982458537292,0.6220422455444042,0.7724803362184547,0.8205987783065269,0.6715176715335389,0.5878169460331804,0.6097865847256166,1.044803611878554,0.7516422169899819,0.0,0.8036823117421454,0.8076820335257364,0.6504099809489641,0.5437679213473274,0.6977704456613207,0.6927908214347287,0.6338864842088747,0.6823971578002006,0.7298298302325921,0.9818833488814018,1.1468656358431688,0.845566992273778,0.8865131919436247,0.8899874638826568,0.8831842283030864,1.063085397005633,1.0051987823701518,0.619842176714438,0.6495368560128303,0.82821307765789,0.9304175149700928,1.0070197261978615,0.8858588911245773,0.9235756238280508,0.8045184197294736,0.8218264013256692,0.9625629970060179,1.072602780920704,0.9264908554383391,0.6336990732512159,0.8546240605830134,0.9257296184511248,0.9501402834266772,1.0156769165468875,0.0,0.9465422748626268,0.9368518196649839,0.8507765554384085,1.0895247064211975,0.8303217281167019,0.8929559335412738,0.0,1.0787014708974263,0.8250814611425732,0.8504688714671182,0.8352778190466431,0.9232779268962898,0.7196810512318382,0.7288229216815396
0.7137810955276699,0.9154341279239138,0.9939671669757368,0.3445462365928618,0.6350888218138406,0.9316337866002946,0.49882712463925105,0.7560064593281975,0.9546987190191232,0.8602720542471102,0.8691360454145269,0.9150463759845731,0.6973501204136127,0.5910423989284928,0.7017450657470287,0.8114176329456653,0.8997822763686438,0.8335413656306754,0.9492368060559432,0.794589753480782,0.661177731072682,0.8754712646256246,0.8307518466614222,0.6623623737546429,0.9185308245040713,0.8090833008857965,0.8036823117421454,0.0,0.7822522032785619,0.4889908220437681,0.5109336750895959,0.8349047003728081,0.8825420257099835,0.6401776506426309,0.9821360965828533,0.5409817232451728,0.5056258134022228,0.9942068809297724,0.6378967762607041,0.3851331443478955,0.5183501600253957,0.5402394195677243,0.730674701995303,0.4164164264098906,0.9429951339889742,0.7856510921884801,0.8605792108581318,0.9898847400857944,0.0,1.0350556291183581,0.9523636555045984,0.6757661146699445,0.7158214776997789,0.9431605059411177,0.37896619326810055,0.8647416193256633,0.47768058432541094,0.6621293778338528,0.44149933935387825,0.8052454173397527,0.8005979214886162,0.34053279468486886,0.9618019661278694,0.9471068966976023,0.8017179412468656,0.8128230436008513,0.8248058660771991,0.9185990355819996,0.5370317102102697,1.094517472037328,0.7903501074937124,0.8813144082729889,0.6996982918151662,0.8649074683137702,0.7198015996338428,0.7755535033868775
0.8914287686699875,0.6566740248583735,0.8701005252587196,0.69026655047886,0.9177950570447785,0.6395259218576366,0.9077360253105831,0.7646144770016254,0.9006301479676712,0.8110161309721087,0.540896715192771,0.9565697342948638,0.8279864881078165,0.6157175364108249,0.9815379851235848,0.7186834488811032,0.5207171084251123,0.8097834524741285,0.820765305069872,0.8492334724621707,0.8958299306522851,0.7038011176274287,0.8985002857677884,0.8676557207391585,0.8131816191513006,0.802980949711607,0.8076820335257364,0.7822522032785619,0.0,0.6213533983786879,0.6716051007190933,0.421009768957637,0.4394765809620278,0.6972433599605878,0.6547086080860354,0.5786132594321839,0.6737628758072935,0.685565075739208,0.8828504621423425,0.8096553979590418,0.8902976620047285,0.9458426195658234,0.6859098683041545,1.0097415900486935,0.8839469796486286,1.1124544402077614,0.7728129340920236,0.7648093999676111,0.5097066755275622,0.7144568475028166,0.9654853481685601,0.8768934816502254,0.9186302801172745,0.9669866867088868,1.1318697626098668,0.6242616485715308,0.8520691440572987,0.8716479426653826,1.014426392301847,0.9376073562181578,0.9683252011289432,0.48791676723991506,1.058113696807556,0.7274472261800042,0.853308595277135,1.0794637277551082,0.8767875152061935,0.9468673627745486,0.4784999948195441,0.9832079851778673,0.9240278420819024,0.9036932823702895,0.8673512943024411,0.9118206174853083,0.749059425951714,0.7738924285306605
0.8298981042852447,0.8486069481778764,0.8814278434177929,0.3115606856503923,0.6274541997643044,0.8153516880880017,0.7727459998773559,0.5831485642018144,0.7400611415827489,0.7443778822000062,0.48223742078311266,0.737327001897621,0.8624206131443596,0.8637516579910103,0.6861521757510178,0.7112018381359508,0.8430610236087004,0.6521078834792908,0.7851460252653464,0.5253895583132135,0.7358686136046169,0.6943832615056206,0.7508298940038766,0.9647371747074934,0.7122713306177153,0.6229338155787432,0.6504099809489641,0.4889908220437681,0.6213533983786879,0.0,0.5274971049468072,0.48892640806958465,0.6670249548985537,0.5898789473291399,0.5111160897066174,0.5583427817751483,0.5747818497281995,0.6102066484916834,0.8598808466425483,0.4711793149235505,0.5811557553474165,0.8492108031863782,0.6897263685674955,0.2665714122330972,0.0,0.0,0.0,0.47481604991030546,0.0,0.0,0.7214302698915763,0.9022116957914714,0.5429017048202742,0.8799821762457359,0.48025230509448635,0.0,0.0022625568218908668,0.5652570098775866,0.0,0.7364151923795026,0.0,0.0,0.9592840702440444,1.002436187584647,0.7388224335966227,0.8184688850313642,0.7710778272473826,0.834900197264433,0.0,0.42516166995659155,0.4934888812480577,0.8234189341390152,0.7595328928719681,0.7270857893508342,0.8912876552818554,0.7418112851495855
