0.0,0.19539961455903268,0.2602173397347607,0.0,0.22319224912178193,0.21358750239672544,0.4048803652960823,0.3290348215293912,0.25396382277318635,0.4912728871370145,0.2713341038326438,0.4658937185365874,0.44206894863009405,0.27768363398673973,0.15002889359849725,0.29719699788898873,0.40731071118370504,0.17349454442179613,0.0,0.3860790590690137,0.2922885984477984,0.15740334646299542,0.40132189122857026,0.474099257317035,-0.1327350320324246,0.37026491574785303,0.34392373403977794,0.45764869530285024,0.44054339573459456,0.36922080551614045,0.33408238007245006,0.4335259837894288,0.41109685161962745,0.2498059378611236,0.19292957550936374,0.3488392641472941,0.49849153693042375,0.36907909420111584,0.1799198244452589,0.0884471188277417,0.16340367552671697,0.2764945081831373,0.47056589947937905,0.0,0.353472977996215,0.33764926693137653,0.381415278477349,0.0,0.0,0.0,0.2803386148794942,0.0,0.39412256332542395,0.0,0.26466218547765297,0.0,0.4159078064157419,0.4920180714322351,0.0,0.47243649433853946,0.30006687252413833,0.21500307396338142,0.18627080029258566,0.0,0.247679421254487,0.43359587053141135,0.3858320723540214,0.44624984069561313,0.44017924983213297,0.1776267767091409,0.09469012958907636,0.25750676028316744,0.43557642113290396,0.245384636273616,0.0,0.6005078916744411
0.19539961455903268,0.0,0.2197144440900256,0.41823557652081,0.28462223917430646,0.10159756334667525,0.34950553496823117,0.37950500226368217,0.10426467515275584,-0.13973898148615554,0.16908871497003738,0.16670970199058927,0.35551006872691937,0.29146658434846884,0.17994198668683192,0.1686889398464338,-0.20535666343521614,-0.16299445085440345,0.4909108990390105,0.5372054943909033,0.4732250674267559,0.5901838355015706,0.33186622706717894,0.21551491890096244,-0.013435256072422908,0.377022929654895,0.20758869916537148,0.30631323023721024,0.2923777069448148,0.11627782681300172,0.1354162442350415,0.09024328639547205,0.1684787318807027,0.08232282280548406,0.10044583740690968,0.4418993750154533,0.05484045935836902,0.0,0.1522077608894392,0.27903021037833503,0.2502191874122178,0.13418326739983716,0.4456471332000898,0.0,0.0,0.06820040038160602,0.31186110435226577,0.04434485814926934,0.0,0.0,0.2773489772214157,0.33780671459617173,0.44757029948076643,0.2259266612994264,0.23219619959601084,0.0,0.2832616400707778,0.23052632762345523,0.0,0.27880613084639494,0.14450275841634938,0.3234545095770633,0.11288793467874525,0.0,0.3590823084306387,0.3434662262242545,0.407938066451295,0.3481660399110551,0.12251186720295074,0.08367561225727999,0.2599131030385005,0.35175070110482676,0.5221680502838886,0.33980740336086235,0.0,0.29515965700117375
0.2602173397347607,0.2197144440900256,0.0,0.6263348048034285,0.5599425197838268,0.23556386326521553,0.7087972405661803,0.5549269602984105,0.541283755943762,0.6604662240515925,0.714945787626486,0.5505520829069049,0.763504115811054,0.5606685587721743,0.1539993774708987,0.14695249026041374,0.3259407438950256,0.3217320925524711,0.4478873271650359,0.27276752451895375,0.1734301677205642,0.2773243164113739,0.5169084557848199,0.4824582514353263,0.0992306480377646,0.2539107545420449,0.6673758325565906,0.6552222297668086,0.35335403681637445,0.3982714837033231,0.6720465710970911,0.5556197624183987,0.7211891161166621,0.6560899658079731,0.6868116082043425,0.6125367266244058,0.629820470361778,0.6031533583496185,0.6116082371312084,0.4961138346596431,0.35350231354499606,0.5307348480913034,0.6447012064895266,0.7579982524490768,0.0,0.0,0.40982444542570495,0.3306005774357147,0.47984633151832773,0.44573854043008343,0.5104069649535119,0.5046899343078346,0.5235216928836244,0.4271834531670734,0.427629686651128,0.4787630532246616,0.38514378795164766,0.5881323828360079,0.479111535306438,0.3594809869044967,0.0,0.0,0.0,0.3124630118003564,0.39329526653727076,0.5159911193867799,0.25161354621185755,0.5894900729328205,0.0,0.55748860069293,0.18341334382822166,0.2489357902537507,0.4459165584194308,0.428098599339297,0.47555331937531775,0.33166968557620624
0.0,0.41823557652081,0.6263348048034285,0.0,0.4040983592582932,0.602762158713957,0.351025123112055,0.06441175198229376,0.6884372414768671,0.34961476432769373,0.5126672194703787,0.3332266327329646,0.44255078824088684,0.981774807127894,0.3446307626653634,0.29808536195096247,0.45385723146209145,0.4694125478090973,0.6754018366517609,0.7331193655208061,0.4583767344246407,0.39549224964861013,0.5235226750255486,0.41103012975850944,0.8097221282678038,0.2643992875937884,0.7032809441664473,0.7179621127868003,0.9620545304144847,0.7983670167767956,0.6212398336277043,0.8925959102033625,0.17353458178739672,0.8077272063840037,0.7222814833359332,0.5914912240702306,0.5057856921032509,0.650943353002955,0.17790862521772527,0.3880486968167345,0.3690862230365348,0.3962595982025154,0.4062493293787781,0.4499905682834891,0.0,0.0,0.0,0.4294330613508814,0.0,0.0,0.3341395653011793,0.0,0.4666312154938592,0.34556129882159536,0.0,0.21924781497591336,0.7398838062981609,0.4554253444975944,0.0,0.0,0.0,0.0,0.0,0.0,0.0,0.0,0.4790575010307607,0.22153574716625227,0.0,0.0,0.0,0.38671603605592203,0.48090903560548737,0.6484626762704969,0.0,0.0
0.22319224912178193,0.28462223917430646,0.5599425197838268,0.4040983592582932,0.0,0.5308300234510013,0.4925239306329399,0.7238487502986648,0.44191730464408696,0.6837436921637816,0.5164287288380046,0.5716935257413149,1.06831383011,0.5169565089693784,0.32505003494234813,0.41977695978678997,0.45550188557624743,0.20442807222523818,0.46444477756654956,0.4065484868864377,0.3120848845264498,0.46276570538413064,0.35081454621530334,0.4242758422206533,0.17275503949069201,0.2956245115127183,0.5678680332429953,0.7524205210339785,0.42420123467543186,0.34531781860722455,0.7055549822394614,0.3745846558650344,0.7046515008672061,0.6533412809843439,0.4934968241021168,0.4721307903858446,0.5990519385813514,0.4590468545848738,0.5379983732212917,0.8049645879222804,0.026835396127977362,0.44643085211842826,0.2748087467779283,0.8020548386863825,0.37819108165373316,0.0,0.21667636018575986,0.5246880860313183,0.0,0.38984739381621103,0.3782897861765972,0.429669162589303,0.47889440516226855,0.3407567744530495,0.0,0.40792293050360595,0.23274054599067243,0.4750328453119166,0.3330407062186358,0.3305624668458654,0.4607630805927329,0.0,0.0,0.42669576855784974,0.17955849495454324,0.4952611329343069,0.22200890506949383,0.4819965585870511,0.0,0.49675317584711853,0.25007943796737664,0.6920934337712757,-0.012769200873041286,0.3736407893791962,0.0,0.380614338739349
0.21358750239672544,0.10159756334667525,0.23556386326521553,0.602762158713957,0.5308300234510013,0.0,0.4781289815716715,0.21391719530651782,0.3818701193978251,0.5199140735785137,0.5682965216822404,0.5364299291399144,0.47460042757765386,0.3080876601796043,-0.053771190196797325,0.3788664543239877,0.41662083894049134,0.10663414111435726,0.5022611168291787,0.42305050581606085,0.16859119392382915,0.2751761496084098,0.11701532575401047,0.33781770600803174,-0.07050975088083633,0.10593938587879104,0.3976800833984506,0.5886822739111581,0.6046647584392191,0.42302778105480565,0.4158986224220813,0.32051413043825133,0.3003801672178457,0.4033826385408308,0.4522848081993222,0.4264588125914095,0.6041856447990147,0.5180738031945599,0.4671352458851369,0.09813076155956146,0.23158387910375702,0.2776105248500137,0.5535471377041903,0.4473364703846212,0.1005425833426461,0.2987742388063017,0.22050120304023646,0.42330461013968057,0.38912053072098224,0.3247891153841932,0.3931550682933015,0.45513084596243236,0.5174441654855404,0.3901557284341044,0.3696080684240025,0.6314652566972461,0.2783584382591412,0.4488995753575157,0.6074080619793495,0.2147917977756935,0.22989075729752767,0.0,-0.17679723190536373,0.3893324289113051,0.3354533621422711,0.22242741479716482,0.19487453033852514,0.4199455872632227,0.5016779646981832,-0.006028395814182241,0.11698842137486859,0.45629382477958225,0.3512732572455701,0.3557393505018896,0.30661959858433574,0.36199090249849486
0.4048803652960823,0.34950553496823117,0.7087972405661803,0.351025123112055,0.4925239306329399,0.4781289815716715,0.0,0.3673899855036987,0.4655317613490632,0.42923034326709086,0.6756402083967432,0.3344644777506919,0.6061650626806494,0.4370063620321207,0.41504422519516526,0.5068563931522891,0.42816535325547456,0.2711787013119534,0.6425344728843545,0.5349623374365107,0.3289278510465251,0.5044265225562914,0.3444160164777265,0.45604732571709405,0.21018553441694976,0.34403041355011066,0.44231202906919453,0.7792489442102453,0.5142307546667387,0.049185420503116084,0.4565704003930234,0.6713704511075189,0.476744703200185,0.45723277197029943,0.5063027388441584,0.7369458611266154,0.5202216240589601,0.5665279165649848,0.12425400829013189,0.46722339505137167,0.0037576099908699645,0.5487988944221165,0.25408767832694756,0.8233196844922913,0.43302112100661183,0.0,0.42575623708694743,0.31659876897326905,0.0,0.4497568702615868,0.3975136180083902,0.5121375637994933,0.4841972133771427,0.3452601122329224,0.6425424537489692,0.4517089134314464,0.49522326867339095,0.38034636362665253,0.41260044651526495,0.16336293415534947,0.1868877139125356,0.0,0.5111639544992532,0.5181761192243954,0.4941677017379379,0.3286173545635461,0.4106082348592437,0.4313154378652914,0.4668301560742063,0.13827575108344847,0.250623218973444,0.42701449097555527,0.40766047814422,0.30310505154717937,0.5700869411623695,-0.09995221394484971
0.3290348215293912,0.37950500226368217,0.5549269602984105,0.06441175198229376,0.7238487502986648,0.21391719530651782,0.3673899855036987,0.0,0.5226188228001843,0.5038920794061241,0.3141962674519271,0.5047469809582843,0.34159142306560597,0.2550271108829879,0.2657145279274648,0.534138103675331,0.5456949775231423,0.3716569567515227,0.3429967952022096,0.05481471449029507,0.40885905731436945,0.40875629290811955,0.32741436521172596,0.16532018165232268,0.24458093869038483,0.30438505080970024,0.34950312821207075,0.44069747671014015,0.4093923181726302,0.3355783930481148,0.42278262445280806,0.20030281535662606,0.41927096835242017,0.4138139829596722,0.48214403252957116,0.6218589789009528,0.4102736901915539,0.35149467795471007,0.43352122987385333,0.3820965022609373,0.1537320483172021,0.12407357753502701,0.6380026091716097,0.14639062380450313,0.0,0.42491859248659924,0.2251819066439289,0.47850796082665165,0.0,0.5767921443864,0.3125051653743146,0.3931189499830258,0.3752883227431243,0.29271395866232863,0.6371637733843356,0.5727130125032307,0.9801845907699924,0.3924066934845002,0.5485565203038619,0.5341356230060471,0.2141883580457558,0.0,0.5679685902989227,0.46562150649910744,0.5396351777219341,0.6890743534418677,0.17727517182187386,0.5443807911313379,0.0,0.25012553176270125,0.3062347210897265,0.5541318371155857,0.3737653392612831,0.4619960873199807,0.31198531095886295,0.19665263737883626
0.25396382277318635,0.10426467515275584,0.541283755943762,0.6884372414768671,0.44191730464408696,0.3818701193978251,0.4655317613490632,0.5226188228001843,0.0,0.7026079845908335,0.4638262765285922,0.6368854748406366,0.8018196404440147,0.47130925292126813,0.1142466734121525,0.3492590168626991,0.3701499345093586,0.39476975920954965,0.33241988629906144,0.39728678552601343,0.21874820780363208,0.3946538195331229,0.37029404269039723,0.6169891308590632,-0.005322770313299419,0.11255208389294755,0.6578565103821866,0.7428105186827445,0.5820315038511583,0.7314970665171382,0.7102116943154512,0.7101782093498745,0.6010543427057629,0.7632778208757736,0.8739005809320799,0.5809244345040125,0.7573704565461836,0.7415230747026431,0.3712436895050669,0.49915775228491094,0.19766497576335168,0.2984768097197788,0.5453467825204878,0.4481818011330678,0.24421452085688203,0.0,0.20124805865526746,0.492066815406876,0.4758470205759209,0.5679139970395568,0.5368214773225913,0.5771886744375971,0.556578742555175,0.3698889950374903,0.2506548240822948,0.5960651189982797,0.2570933659270547,0.47683583613546715,0.5421265705110675,0.32814041201230126,0.43479243672538304,0.0,0.0,0.3860882811164163,0.33289848828739493,0.7999286665004064,0.06418741107812198,0.5038560971292408,0.4307268245983509,0.4291917076679239,-0.09744826194052789,0.5419394059377066,0.45219514284744844,0.4540353060986747,0.29796116405183803,0.4163549565678242
0.4912728871370145,-0.13973898148615554,0.6604662240515925,0.34961476432769373,0.6837436921637816,0.5199140735785137,0.42923034326709086,0.5038920794061241,0.7026079845908335,0.0,0.6570340694042089,0.4123933818521223,0.34807608949686875,0.5396565918307344,0.554012269184091,0.34256069227919717,0.42170019302216954,0.3293134749902381,0.5799075988161866,0.18051262501265844,0.6257458923191364,0.07733798290450311,0.3563038910441564,0.10488030062968265,0.5907642858590346,0.4810656707861455,0.42765796279248924,0.47943201572113203,0.3757548344424373,0.32636580749025823,0.5735394439268214,0.007326068471814967,0.5313899571664288,0.5224447269016013,0.4691154486025248,0.6603217388653831,0.5572470658824452,0.3694928916741965,0.5860218899350693,0.3801365106732598,0.3942131530516882,0.07202788971216226,0.49070374815148465,0.2959861132697534,0.4723755995660147,0.5387993314818693,-0.0007159519715178586,0.36725782230548165,0.4829286194932421,0.4856327956359479,0.20721131124859063,0.3232003481998911,0.5963669255545874,0.3467087469360258,0.4758217961630949,0.22304850974458398,0.4081495176832518,0.31747604432867105,0.0,0.6201867852470724,0.28495747028866547,0.4116004448642928,0.3849130726560316,0.48177730021991727,0.4748536283801996,0.4497802764397318,0.35575028937442543,0.45729629578073255,0.2496933683111858,0.5093460330481601,0.49403815279928276,0.3966543320590729,0.3463692850561183,0.184072619249795,0.0,0.4194885613912971
0.2713341038326438,0.16908871497003738,0.714945787626486,0.5126672194703787,0.5164287288380046,0.5682965216822404,0.6756402083967432,0.3141962674519271,0.4638262765285922,0.6570340694042089,0.0,0.5628153281113043,0.7148932904152361,0.5586425760284021,0.0,0.5027559008152127,0.4347918531051085,0.40033885937772407,0.38296027800628646,0.4602588242476054,0.3109563327974624,0.21739680415039958,0.729640694986299,0.37060495647317426,0.5506732516585653,0.5309643404603519,0.5536645717052181,0.6521027604552627,0.5569088752350472,0.30412480129759006,0.6031942685657561,0.44780044411525133,0.5991409998213348,0.6765147528353104,0.7093480373349708,0.6808089055754794,0.7108095685755176,0.6584824789555539,0.45630959932230203,0.3907302197511328,0.3742279185558959,0.4496343382111607,0.6054310389156001,0.476177495405836,0.19862427059469023,0.0,0.0,0.604722590509112,0.47730869167480083,0.34802879926607966,0.5690426328645828,0.38453290032757353,0.3265112252172105,0.6120360836925478,0.2872518391260044,0.18381043575905875,0.18712002129306127,0.5242182056539484,0.2631729600132416,0.0,0.0,0.0,0.0,0.19243464024958115,0.24905205860654667,0.0,0.5323301812334768,0.5391059205546063,0.0,0.0,0.9492919139066114,0.6533836019152228,0.42494600641801944,0.20611827782714875,0.0,0.24366916061816793
0.4658937185365874,0.16670970199058927,0.5505520829069049,0.3332266327329646,0.5716935257413149,0.5364299291399144,0.3344644777506919,0.5047469809582843,0.6368854748406366,0.4123933818521223,0.5628153281113043,0.0,0.2856297211033448,0.3796052663075725,0.5588722771067058,0.4457780282015291,0.5028649882914902,0.5443963450232435,0.6385402593522089,0.45067807711858066,0.44499950971500046,-0.003971853327931263,0.27079606838098186,0.27987117737829537,0.5635301668175065,0.4550388152114367,0.46798827337047166,0.4556328955116102,0.6950178492165651,0.1878113817116595,0.3736050881107704,0.2688220956434687,0.6625812470933459,0.2753777458847794,0.5268635001962199,0.46703336758138536,0.3161499972683508,0.21149915271956565,0.8145004180149698,0.4919258364773239,0.4228852820861435,0.4211748829806958,0.3197695536509957,0.37253505580866353,0.5755961795504266,0.4325114869974832,0.03126681816104998,0.17046526068958212,0.4152773142363244,0.29591404425637363,0.1403009613472471,0.35603798874186976,0.3723589475442811,0.22683235045194064,0.6122739557280601,0.1727177482523028,0.6249902554527578,0.2727819346972536,0.5725765609632371,0.5379049705436264,0.2926456562838802,0.49786300365834735,0.5700533607993675,0.2608066909942056,0.4168344943437378,0.4572221111564913,0.3512174279441139,0.2546718238188153,0.3838515218098792,0.6369246851879893,0.5772627054540924,0.13471003818446733,0.6087779192303178,0.3802009044418306,0.0,0.5793907057742423
0.44206894863009405,0.35551006872691937,0.763504115811054,0.44255078824088684,1.06831383011,0.47460042757765386,0.6061650626806494,0.34159142306560597,0.8018196404440147,0.34807608949686875,0.7148932904152361,0.2856297211033448,0.0,0.7278525749002103,0.3264563752420562,0.5140620320719989,0.24081168928036717,0.31754804683151294,0.6925623656313211,0.5165463470303466,0.3781234746301484,0.46735667803042935,0.3099908839663854,0.14647765595889564,0.19985390917454146,0.3405893645086117,0.5358166079043133,0.6622658679400566,0.5578622618378256,0.582577034465245,0.41284709790610963,0.7053369927456303,0.5358397303414246,0.4730196456331114,0.6360130634363564,0.9372826344417191,0.6569827801804025,0.4598860705439101,0.33999209659290874,0.2811868970427632,0.1745428468915091,0.3034517569049229,0.5644701109700113,0.42247102539021847,0.40762054418323834,0.4736164003477469,0.5267125067298482,0.42114235084309537,0.0,0.46898945886653887,0.43166926474890976,0.380069143927673,0.5518855240852509,0.3548164476036245,0.5654623726548301,0.5142846452119695,0.4824227226268435,0.5052197509061449,0.4495373661093177,0.3788112006062665,0.07555070215711096,0.3967453332002594,0.14931347629532465,0.4025224801347314,0.3849034480441792,0.4555021278580443,0.41308149671735417,0.48906403265733506,0.5421036019041948,0.06813735275036348,0.3544717003697593,0.483670799820881,0.4568784878820956,0.3615254662177444,0.24785064371409876,0.171440853525116
0.27768363398673973,0.29146658434846884,0.5606685587721743,0.981774807127894,0.5169565089693784,0.3080876601796043,0.4370063620321207,0.2550271108829879,0.47130925292126813,0.5396565918307344,0.5586425760284021,0.3796052663075725,0.7278525749002103,0.0,0.29809695641312484,0.5082272295767324,0.49829291417906935,0.4792756113939233,0.6043754924523244,0.37468244815030993,0.4006802067666617,0.19331052091359363,0.16788848091308756,0.5091922414878179,0.403921175594034,0.21871763273182562,0.4433494781305166,0.5951843709255016,0.21670568747200955,0.4952305739595263,0.46914253238880116,0.46192240332443935,0.3488297130594449,0.5504668969550712,0.3726438802463342,0.5824423779321171,0.6101972754210818,0.4785632392432072,0.4369453589929799,0.0,0.5501018082417204,0.6984582964583037,0.6294151448621845,0.4791713819067785,0.0,0.0,0.0,0.4113617624239754,0.0,0.37114333719559117,0.4905136780823593,0.36552869519994496,0.5301957453206223,0.2824899053549682,0.0,0.4601928379207231,0.39019672222953383,0.5930346921286076,0.3312411145803776,0.0,0.0,0.0,0.0,0.3779121073708406,0.0,0.0,0.0,0.5991335277977026,0.0,0.0,0.0,0.45664097599526,0.5058454093066479,0.0,0.0,0.0
0.15002889359849725,0.17994198668683192,0.1539993774708987,0.3446307626653634,0.32505003494234813,-0.053771190196797325,0.41504422519516526,0.2657145279274648,0.1142466734121525,0.554012269184091,0.0,0.5588722771067058,0.3264563752420562,0.29809695641312484,0.0,0.15226014338490867,0.30653794782882804,0.01581566570785531,0.0,0.5479424227828871,0.10764248509101748,0.4301791462103348,0.521886656189839,0.18886281025870721,0.08724866468997294,0.517096136000912,0.06848924118450189,0.21086709414274896,0.13472068608938625,0.2878760041605566,0.18764974746657248,-0.1122732314414211,-0.1474852179836854,0.12555060247268374,0.0931906239902704,0.34232511248967007,-0.1253784537043222,0.39140951546575886,0.10700814006393991,0.18764634589701185,0.17509765800929095,0.08836698524057296,0.5429217692846544,0.4066997467623869,0.0,0.5595574628222948,0.2636225538603456,0.31390653023296095,0.0,0.0,0.07293916124510186,0.45863206900428155,0.3087653854150202,0.4201535199212538,0.0,0.0,0.6153666207121316,0.31805612490427904,0.47899587669718424,0.49547487038648863,0.2913081316814038,0.5464956615225957,0.5118260478990135,0.0,0.5693648785298564,0.08741068565234866,0.48819676415447355,0.5581599515892355,0.4746706329037587,0.24077911305082156,0.20848060311023142,0.35339359255253733,0.20934922032195463,0.1930328853878705,0.12563964197274563,0.13721988441682148
0.29719699788898873,0.1686889398464338,0.14695249026041374,0.29808536195096247,0.41977695978678997,0.3788664543239877,0.5068563931522891,0.534138103675331,0.3492590168626991,0.34256069227919717,0.5027559008152127,0.4457780282015291,0.5140620320719989,0.5082272295767324,0.15226014338490867,0.0,0.30666191415465116,0.4965625064435212,0.4603626008043087,0.5288697208292066,0.3281360129473263,0.6752279594455142,0.4196747608949182,0.40157366726062493,0.1201115696805572,0.1564468213331835,0.3651465686874967,0.5739074206840018,0.5592954314209428,0.5605371683065515,0.41627334582300646,0.22918421000016648,0.4510240093403719,0.3328817592437864,0.25106587994614254,0.6943808179822444,0.23960526129549922,-0.2715955033789527,0.22233782884542846,0.22869273538250032,0.24262801880226403,0.1575870159959698,0.46851170613826565,0.0,0.0,0.08878742658369426,0.36824551801326877,0.0,0.0,0.0,0.2799687584438448,0.3805936837051046,0.37993073281594375,0.0,0.23521451206445426,0.0,0.017614954686303808,0.24875328588025225,0.0,0.3785303312888309,0.30453805981043136,0.33886581289372153,0.34179725854714293,0.0,0.4060102708619062,0.14794026740191668,0.2421225798666958,0.33530663522821713,0.16433820011289346,0.3243010783616575,0.3007398171117999,0.34535226510735173,0.18470296279704207,0.43885002781321414,0.0,0.10870889745192602
0.40731071118370504,-0.20535666343521614,0.3259407438950256,0.45385723146209145,0.45550188557624743,0.41662083894049134,0.42816535325547456,0.5456949775231423,0.3701499345093586,0.42170019302216954,0.4347918531051085,0.5028649882914902,0.24081168928036717,0.49829291417906935,0.30653794782882804,0.30666191415465116,0.0,0.36390153459639163,0.4149684091259792,0.21845190871282624,0.4472953785008966,0.3947064730402835,0.21805044243221422,0.33488502748963245,0.025311816211002924,0.2928614377033357,0.33141819253161375,0.5880594678116813,0.1712372476501367,0.5222495219402641,0.42432677882593123,0.29974069003703796,0.47880996429809297,0.4234325180436026,0.46094183466239624,0.3125962175962328,0.36516119592409046,0.3403350841528135,0.33057944882897405,0.3102570753460474,0.3171658736243984,0.4595530579881909,0.0,0.0,0.19132683595127198,0.5662566739590402,0.5036985946559376,0.0,0.0,0.0,0.0,0.0,0.0,0.0,0.3234222133677551,0.0,0.19154939365739831,0.37473693590369556,0.0,0.5956573333817741,0.34332645456292904,0.3787428680750144,0.37236713144708067,0.0,0.0,0.0,0.39943920498762164,0.0,0.33846584211681163,0.5413065157928985,0.5357751888300164,0.0,0.24694375726986748,0.4810716192282392,0.0,0.3059156182056054
0.17349454442179613,-0.16299445085440345,0.3217320925524711,0.4694125478090973,0.20442807222523818,0.10663414111435726,0.2711787013119534,0.3716569567515227,0.39476975920954965,0.3293134749902381,0.40033885937772407,0.5443963450232435,0.31754804683151294,0.4792756113939233,0.01581566570785531,0.4965625064435212,0.36390153459639163,0.0,0.42283843061253934,0.04764866271144158,0.2331302170537738,0.03193666992971669,0.3379168145380841,0.2657036983308464,0.28468374629872123,0.08463760445018709,0.07675247888948905,0.24773512559649974,0.18311541772289397,0.25605213471326216,0.3091158573327169,0.2592182890319872,0.3796356274543879,0.4167321792684688,0.3685858096695025,0.5040214075258076,0.40651584241560135,0.13841681686405977,0.2715649837476905,0.25096208514482476,0.20978829281099154,0.1959249368523319,0.0,0.0,-0.16151396844377114,0.13155146203964624,0.2493789033126666,0.0,0.0,0.0,0.17349286104928927,0.5024094050182398,0.5848653800632505,0.0,0.20730206175353225,0.0,0.12501937569472116,0.4099431790166722,0.0,0.45121257434456397,0.24421001620403365,0.2821790474972049,0.24606968690559758,0.0,0.0021432249731797026,-0.21131549176498154,0.1202703301420267,0.12301833018884745,0.2570151772158,0.2542772474941181,0.20200254778999044,0.27709189010172747,0.4773140559881375,0.20301280714065628,0.0,0.2645580739927076
0.0,0.4909108990390105,0.4478873271650359,0.6754018366517609,0.46444477756654956,0.5022611168291787,0.6425344728843545,0.3429967952022096,0.33241988629906144,0.5799075988161866,0.38296027800628646,0.6385402593522089,0.6925623656313211,0.6043754924523244,0.0,0.4603626008043087,0.4149684091259792,0.42283843061253934,0.0,0.5252317775670388,0.30311519353830485,0.4709364161420525,0.5520860870043048,0.21601702715059634,0.4309230597062384,0.4972924924140534,0.4986137973770174,0.6676009669540516,0.31960851352030234,0.4831736806695456,0.6325461917933428,0.5377869224065656,0.5847981866762021,0.6594942262478176,0.6640685692079236,0.6464898904388285,0.6071418405613137,0.5492129378079997,0.511389807770448,0.4673257834206053,0.05170604599254458,0.28083758594018454,0.5839122372874163,0.5640137631583086,0.010592751116126583,0.0,0.0,0.6923077850522474,0.0,0.47735221439358977,0.4003102106969355,0.3839210317227142,0.5094682290403552,0.39355641374338424,0.6233356585124772,-0.025191821774899037,0.23975312554556713,0.28716086126253626,0.40360096692905956,0.0,0.0,0.0,0.0,0.5743961976476507,0.47869800871062984,0.0,0.49566609146255586,0.44950294012383596,0.0,0.0,0.0,0.5183775588706261,0.36235027590414665,0.07236488418899217,0.4694614226775963,0.2788238740507363
0.3860790590690137,0.5372054943909033,0.27276752451895375,0.7331193655208061,0.4065484868864377,0.42305050581606085,0.5349623374365107,0.05481471449029507,0.39728678552601343,0.18051262501265844,0.4602588242476054,0.45067807711858066,0.5165463470303466,0.37468244815030993,0.5479424227828871,0.5288697208292066,0.21845190871282624,0.04764866271144158,0.5252317775670388,0.0,0.13121310160584748,0.5443600258559752,0.4161007158279526,0.4628783635980713,0.06167380770363995,0.11362035335367071,0.5364316471962612,0.6468403606497555,0.5038878949184886,0.5326730852713291,0.331921349453087,0.20757476000615208,0.3501224904995937,0.30400538934861465,0.3883882196956152,0.6779753166693797,0.46820206753836735,0.5365951701131341,0.2726806820569899,0.34894135061585496,0.351294968050478,0.33108283646420017,0.5941729138084186,0.311251649446245,0.3499718643171197,0.4524294406674266,0.312540747334049,0.4047646743573833,0.0,0.0,0.1323983735296641,0.3424023447975102,0.40429339573030554,0.4331930064122445,0.7919248277770268,0.0,0.3263651662986481,0.20231757974770004,0.0,0.39373198167457835,0.24340645354042573,0.4692026224897755,0.09762600842484215,0.0,0.27910140612624207,0.12208982487011277,0.3861698224884017,0.24876409940469546,0.0,0.03609768067968128,0.1590843868366128,0.14488853242176436,0.1704773267724473,0.18743352526874546,-0.035702737891627645,0.2151076719117449
0.2922885984477984,0.4732250674267559,0.1734301677205642,0.4583767344246407,0.3120848845264498,0.16859119392382915,0.3289278510465251,0.40885905731436945,0.21874820780363208,0.6257458923191364,0.3109563327974624,0.44499950971500046,0.3781234746301484,0.4006802067666617,0.10764248509101748,0.3281360129473263,0.4472953785008966,0.2331302170537738,0.30311519353830485,0.13121310160584748,0.0,0.12085387227278083,0.36633573993210744,0.3043077489238032,0.12174550525773459,0.49249857498582417,0.138519609751924,0.37609829539676415,0.15234464372908768,0.2702268046045061,0.1853992949932305,0.07754582158786055,0.1345260886802051,0.1991649585460112,0.26074720176533095,0.5470971679817903,0.2616620331591449,0.5091791081545289,0.21723645673751,0.37917245274579936,0.27152611832661044,0.25456655589530636,0.6346430066754675,0.0,0.0,0.48708047271656885,0.3388320148904732,0.4603300774819136,0.0,0.0,0.305849192955595,0.2871023293854359,0.7887448423076615,0.41376603434612785,0.5678688958649555,0.0,0.8241580903017638,0.41375533408335297,0.0,0.34920805679504896,0.30553945516072645,0.0,0.2117704542249722,0.0,0.38218512607114097,0.45083184832759937,0.3695971918932218,0.5918757415164531,0.5478084982382797,0.24123534819395023,0.3099670830623882,0.40997620754405023,0.4197410044308716,0.3931586648737454,0.1952491203954955,0.2238330189849448
0.15740334646299542,0.5901838355015706,0.2773243164113739,0.39549224964861013,0.46276570538413064,0.2751761496084098,0.5044265225562914,0.40875629290811955,0.3946538195331229,0.07733798290450311,0.21739680415039958,-0.003971853327931263,0.46735667803042935,0.19331052091359363,0.4301791462103348,0.6752279594455142,0.3947064730402835,0.03193666992971669,0.4709364161420525,0.5443600258559752,0.12085387227278083,0.0,0.5462878720158986,0.42629113579860745,0.040253389959597596,0.5247159153400244,0.25558490260093547,0.6877176081929629,0.48856466967670487,0.6098680557387877,0.41888967527458393,0.21235263783846647,0.25088651013814967,0.3637950172337329,0.286610173460727,0.3557285712396554,0.4538540042084781,0.6228847186234857,0.22033921898830486,0.29522772015604715,0.27810241291167737,0.2216554089442535,0.5008540789074596,0.8543444485437517,0.4155349225545652,0.2772760917670192,0.41914587865832675,0.46422902447176634,0.4790760277459777,0.40118899937422897,0.2354514945192207,0.3622943908771386,0.34067929941377445,0.33541423967457346,0.20385399611082555,0.0,0.4311830874303139,0.24474308345848744,0.0,0.3026987498472139,0.3050565813328642,0.35475138887768937,0.15280167686374918,0.0,0.18792684688939307,0.09271569026986098,0.3526665058404627,0.34699113710649054,0.47676911652523635,0.13109890735473337,0.29490033838653756,0.3092892568938652,0.4333659402947566,0.27824610787391796,0.39464681819802494,0.26305253816678925
0.40132189122857026,0.33186622706717894,0.5169084557848199,0.5235226750255486,0.35081454621530334,0.11701532575401047,0.3444160164777265,0.32741436521172596,0.37029404269039723,0.3563038910441564,0.729640694986299,0.27079606838098186,0.3099908839663854,0.16788848091308756,0.521886656189839,0.4196747608949182,0.21805044243221422,0.3379168145380841,0.5520860870043048,0.4161007158279526,0.36633573993210744,0.5462878720158986,0.0,0.2380559804986245,0.2668412287892583,0.24947253095414534,0.3237668324350331,0.25406178418812553,0.3805626296397068,0.22453299687662798,0.3099319435696479,0.17133104726621723,0.21952132295386584,0.3361254257019404,0.5000527279654985,0.30983932017124594,0.41308201140865874,0.1385398527295814,0.4520900153069207,0.4055928328389644,0.40948450521024427,0.44708265355892085,0.5541003037810908,0.5519861140170423,0.4233276013560908,0.9887344579165287,0.407211034284482,0.5513961390972497,0.24724962316891955,0.4415574982635907,0.3539031539571529,0.3904328219647413,0.532224846723715,0.39673962905366933,0.4434529921549244,0.6332970519371992,0.6121290378325022,0.39967154656563547,0.3318846610627282,0.4149830460595121,0.456447562315087,0.4748536283801994,0.482103005587836,0.5297008359877711,0.37850149976838054,0.48623458823149635,0.2950355134000097,0.6306351765879524,0.3632247782216231,0.3633111356580777,0.21043633769596246,0.40892792681082984,0.37742019954453765,0.4202965895799776,0.3782398840585567,0.38276583757263055
0.474099257317035,0.21551491890096244,0.4824582514353263,0.41103012975850944,0.4242758422206533,0.33781770600803174,0.45604732571709405,0.16532018165232268,0.6169891308590632,0.10488030062968265,0.37060495647317426,0.27987117737829537,0.14647765595889564,0.5091922414878179,0.18886281025870721,0.40157366726062493,0.33488502748963245,0.2657036983308464,0.21601702715059634,0.4628783635980713,0.3043077489238032,0.42629113579860745,0.2380559804986245,0.0,0.2988716057593235,0.15286758447996232,0.3379328634111194,0.48800409100015896,0.4895229585239266,0.6340183381413932,0.4182652008201265,0.40446207652131494,0.06131422936960207,0.23362074075863817,0.6904334690642785,0.29577710339775215,0.8091840084129893,-0.01376687728971382,0.48735828325757236,0.8239448060177443,0.7732941902498931,0.6191666179181596,0.6763143697214296,0.3340818227915422,0.6165720139225246,0.36878351151620403,0.3756518824289304,0.0,0.0,0.4709207781788246,0.4862466609887357,0.38656386610124177,0.0,0.3197667786179879,0.6823620796059301,0.49226058256007443,0.5975251222663773,0.45526216845599643,0.0,0.36875854799218866,0.2885132988037788,0.5364526902085869,0.37044727261050214,0.47042880288086697,0.4181116339755797,0.4540683313343746,0.18860952970412298,0.6556289772150474,0.46849844602401547,0.5237417429030118,0.45942485548897605,0.3770504475295661,0.4127511944917136,0.2186175631190484,0.0,0.5906871101900527
-0.1327350320324246,-0.013435256072422908,0.0992306480377646,0.8097221282678038,0.17275503949069201,-0.07050975088083633,0.21018553441694976,0.24458093869038483,-0.005322770313299419,0.5907642858590346,0.5506732516585653,0.5635301668175065,0.19985390917454146,0.403921175594034,0.08724866468997294,0.1201115696805572,0.025311816211002924,0.28468374629872123,0.4309230597062384,0.06167380770363995,0.12174550525773459,0.040253389959597596,0.2668412287892583,0.2988716057593235,0.0,-0.014844427759133583,0.08871717573225113,0.1541989438077786,-0.015662380392118702,0.04269179640538537,0.14450318608908833,-0.10259322377481311,0.2438687193857505,0.10640965249480966,0.010891244944346179,0.30614485941005753,0.3701266259581756,0.3667006262931099,0.08804302810442116,0.2448252793082385,0.16040305616919925,0.12317586478637305,0.3502483505490825,0.0,0.07672524245276335,-0.034901241581623554,0.1919072527756214,0.0,0.0,0.0,0.11089489272923087,0.12631155538575264,0.15375333508189185,0.4248532912424385,0.3108028534155413,0.4733575144263661,0.28381709263784105,0.10796965417285609,0.0,0.17241948527392886,0.10020606546522381,0.3664497569084576,0.329273691233009,0.0,0.27460171026590563,-0.09826980458834272,0.21825343695483787,-0.01972270845729185,0.35581972936147066,0.2936159167661979,0.1345562908340125,0.07958488174122208,0.20238137319563054,0.18018913369185735,0.0,0.295868449988186
0.37026491574785303,0.377022929654895,0.2539107545420449,0.2643992875937884,0.2956245115127183,0.10593938587879104,0.34403041355011066,0.30438505080970024,0.11255208389294755,0.4810656707861455,0.5309643404603519,0.4550388152114367,0.3405893645086117,0.21871763273182562,0.517096136000912,0.1564468213331835,0.2928614377033357,0.08463760445018709,0.4972924924140534,0.11362035335367071,0.49249857498582417,0.5247159153400244,0.24947253095414534,0.15286758447996232,-0.014844427759133583,0.0,0.1404410178799651,0.42588335324192705,0.309647834927807,0.14707187191724172,0.24955952970852804,0.3132491866369205,0.320668123882269,0.27813205190640267,0.3046164775033394,0.4113408611665893,0.2695517609198464,0.3958359238164497,0.2630235567280253,0.23016314471978028,0.3441210354734509,0.24276335331844506,0.11322958893827506,0.5154498155937114,0.2389565096595395,0.16788286930308016,0.50854103164203,0.5363722463986871,0.0,0.0038242959556158427,0.2831996373971063,0.23801710278550658,0.272028927758981,0.3180494579539751,0.3349464396522063,0.0,0.2754072418302431,0.30104590750365223,0.0,0.2633248612377215,0.31957179260280955,0.3074509305803018,0.2577048411696793,0.0,0.2898785155390404,0.4387646175210849,0.513271421815178,0.3752210078861781,0.2924254173714138,0.26717595627402424,0.1999149574088604,0.3343617662291386,0.3113783892206484,0.33742836830885803,0.48386179551225805,0.2771174758141123
0.34392373403977794,0.20758869916537148,0.6673758325565906,0.7032809441664473,0.5678680332429953,0.3976800833984506,0.44231202906919453,0.34950312821207075,0.6578565103821866,0.42765796279248924,0.5536645717052181,0.46798827337047166,0.5358166079043133,0.4433494781305166,0.06848924118450189,0.3651465686874967,0.33141819253161375,0.07675247888948905,0.4986137973770174,0.5364316471962612,0.138519609751924,0.25558490260093547,0.3237668324350331,0.3379328634111194,0.08871717573225113,0.1404410178799651,0.0,0.5040800034302462,0.6599071470664426,0.2961080707286512,0.25369562688519703,0.21115566425243007,0.015220299363042922,0.35314600697937515,0.3942316431893578,0.29660329910418604,0.5943429076964687,0.40846261833703446,0.38354276142745697,0.3650753027361622,0.34732166933185027,0.2838964649178969,0.731581314200878,0.5509808855843545,0.28896428608387237,0.27209063030459874,0.24989261566774007,0.5386050064472563,0.32715277971913526,0.4521811490848025,0.47354979784617834,0.49887064890017596,0.43469266327446077,0.46011798254820724,0.4607224038015397,0.6244058963304864,0.24890699475529898,0.4395550192682902,0.6977544639367168,0.20895102480142821,0.4677378821624012,0.0,0.3227693553439033,0.6010528871724238,0.2391297940182306,0.29439584027314214,0.16485194270507048,0.4287944030400715,0.0,0.22036500498650985,0.0777060941267173,0.44530670884890744,0.3449940361174514,0.2600494995675653,0.22460274457009274,0.3041768291956877
0.45764869530285024,0.30631323023721024,0.6552222297668086,0.7179621127868003,0.7524205210339785,0.5886822739111581,0.7792489442102453,0.44069747671014015,0.7428105186827445,0.47943201572113203,0.6521027604552627,0.4556328955116102,0.6622658679400566,0.5951843709255016,0.21086709414274896,0.5739074206840018,0.5880594678116813,0.24773512559649974,0.6676009669540516,0.6468403606497555,0.37609829539676415,0.6877176081929629,0.25406178418812553,0.48800409100015896,0.1541989438077786,0.42588335324192705,0.5040800034302462,0.0,0.776958718250431,0.802989153752254,0.6204828021719763,0.7672968391764221,0.665132086987955,0.7009872670276552,1.0411248653520162,0.66856623148144,0.5018318098309005,0.595092237613557,0.3780006139892481,0.27986636827677636,0.2524731236801496,0.17323340437830986,0.6591910755268385,0.8036534433704048,0.49639378701476394,0.5928019355063852,0.4460897361913975,0.4133020486068673,0.0,0.3877571059619653,0.4560090785955236,0.47312627475858904,0.6141385818538625,0.3358341684273657,0.7646294704939114,0.5070929633237893,0.7054755972761468,0.4694588543232467,0.40921180171049293,0.3936474765595753,0.19603233525650154,0.35088153006950273,0.1495180288246911,0.5818430518190599,0.4640053131588873,0.5192249998903411,0.3499021598361194,0.5464693530063066,0.481819542454077,0.31038226029115806,0.24381380216951765,0.5110489983391573,0.4701662856260128,0.3864751211169894,0.32914519762778677,0.24509357161199632
0.44054339573459456,0.2923777069448148,0.35335403681637445,0.9620545304144847,0.42420123467543186,0.6046647584392191,0.5142307546667387,0.4093923181726302,0.5820315038511583,0.3757548344424373,0.5569088752350472,0.6950178492165651,0.5578622618378256,0.21670568747200955,0.13472068608938625,0.5592954314209428,0.1712372476501367,0.18311541772289397,0.31960851352030234,0.5038878949184886,0.15234464372908768,0.48856466967670487,0.3805626296397068,0.4895229585239266,-0.015662380392118702,0.309647834927807,0.6599071470664426,0.776958718250431,0.0,0.6137839771733142,0.5192198699473842,0.2709526420709528,0.24685121334806617,0.49501998783249523,0.4902587267465539,0.6952958594636798,0.8174099477959662,0.5748507841716026,0.35401488820714333,0.3061922179211073,0.32275360264062636,0.3641455537479109,0.4518981809584274,0.5087207050423457,0.43230675221426323,0.4269424515256349,0.337846892905295,0.37999500345551956,0.47181643487245273,0.2506636360063928,0.36818098760158163,0.4257943508495211,0.6413520481786041,0.4155177857789446,0.5235186297065149,0.25625275001905534,0.4235923536479413,0.4134974835961569,0.5757703673640653,0.29168939372521485,0.33646295285193806,0.4830037259851342,0.1358402798092807,0.30336749153886233,0.2499102945365655,0.3116056276214574,0.32437428307409644,0.47950832280360245,0.4725328584233337,0.2241016269490369,0.2130415344534983,0.3790066650747574,0.3787319119758601,0.26943570107773857,0.255808311181675,0.2619541791922009
