0.0,-0.06925783670772861,-0.02044348508259436,0.0,-0.029277060305523184,-0.047630588274223784,-0.019024608570996082,-0.03695220582853703,-0.03379735020306307,-0.0118671427286412,-0.01911467161198732,-0.01608116090249745,-0.03345338808460696,-0.031512997964076084,-0.04476566839008017,-0.054726156754639765,-0.0022853222174862298,-0.05052827699672807,0.0,-0.03207468821530274,-0.027986672702921156,-0.06243791221946454,-0.029152580765891334,-0.026085283080052202,-0.08749802303756393,-0.03785954846602574,-0.03786614052565018,-0.022945287923959667,-0.021919724643444716,-0.031110957479184853,-0.04038533492470764,-0.03236563261837505,-0.025738459946278325,-0.037238753233594324,-0.04484238287443282,-0.04963558376065014,0.000490335391928165,-0.030562715079227476,-0.042391678486183415,-0.06025164128705446,-0.042081313858731595,-0.04792272944744602,8.726972866357485e-06,0.0,-0.011102201015487423,-0.04692780859803686,-0.02787686314000165,0.0,0.0,0.0,-0.031159032958389288,1.1102230246251565e-16,-0.036613428005871695,0.0,-0.038722442448804295,0.0,-0.023458842724173257,-0.015241649604715302,0.0,-0.020669557607273126,-0.032994975021922224,-0.02787330007353306,-0.0461937463969071,0.0,-0.028440814517145474,-0.03106840858750637,-0.029544872648387288,-0.022615236345807255,-0.03864444466655609,-0.0519093798150394,-0.06662024283386914,-0.02092314535462919,-0.0002270012815038247,-0.04405369125037223,0.0,0.005804404485179493
-0.06925783670772861,0.0,-0.05475792958539161,-1.739795460176108e-05,-0.039073542567987785,-0.06344151576013862,-0.03150443191225094,-0.045574337960945344,-0.06042821632637152,-0.08502121219157655,-0.02584313042687625,-0.040659593396834115,-0.033913184131208196,-0.007286877195714692,-0.051061888498249,-0.06182244248707408,-0.10284059765515824,-0.10164007669118741,-0.015088240990686841,-0.008833858249067905,-0.020948186511360822,-0.009170030410671215,-0.04942621964119398,-0.03634054830767691,-0.07835308260192725,-0.0215719949218644,-0.044949957167031596,-0.03631476471065348,-0.02746204202310165,-0.04334577431699149,-0.06514272516706959,-0.0535291028690289,-0.04432727463573988,-0.06514543242109516,-0.06764765068428724,-0.014098647631618388,-0.001172892164066519,0.0,-0.04253278433141566,-0.04114073333214757,-0.03594076328334872,-0.04608833701327725,-0.009586015512666746,0.0,2.220446049250313e-16,-0.06973774111073072,-0.0345493173560415,1.5728319123498036e-05,0.0,0.0,-0.040854722144368416,-0.03479342559639814,-0.011639174623315984,-0.031479708380957094,-0.03988775851863269,0.0,-0.022241041899251413,-0.04812283381079757,0.0,-0.03726903681143423,-0.054013484632778386,-0.02212107787911216,-0.05945807119547847,0.0,-0.027365556587035045,-0.04742431954456672,-0.02788600172218747,-0.038016551018832334,-0.036282655863194735,-0.06141854516564588,-0.04404623230708804,-0.030850662567455778,-0.016301245148026167,-0.032727386628472355,-1.1102230246251565e-16,-0.03740210486266432
-0.02044348508259436,-0.05475792958539161,0.0,0.009226413907350572,-0.008519690948925962,-0.04734911100947414,0.016773172123332347,-0.026802552406814617,0.014235961355747173,0.007241202104559197,0.014588630496618349,-0.008157390505104722,0.018693486519175573,-0.01592767688789487,-0.03973561080067878,-0.03938086245146327,-0.03163961039177765,-0.027104861288304583,-0.016131113021230825,-0.02390141195263762,-0.06632915803235545,-0.04404410309655116,-0.011544954534881191,-0.004973735943507085,-0.0845867357957068,-0.04148507789841638,0.019457440013917415,-0.003680470341115849,-0.04885161659722964,-0.04270262523836177,0.003742240533840313,-0.013095522679526017,0.02485111373960841,0.000613011202192093,0.010626263617262877,-0.005951823973423642,0.012015950495399497,0.005349552322900186,-0.005580467314231785,-1.7873220975461734e-07,-0.03918930316154701,-0.0038565757766030884,-0.002208523673020324,0.009026307379703058,0.0,0.0,-6.40454347025643e-05,-0.07574193943581548,1.960101432496586e-06,-0.022669615259728992,-0.021995630609953243,-0.024880914331238846,-0.030878114809654078,-0.07811120144827993,0.00040954285948585634,-0.04412965473664299,-0.031923569217493786,-0.013982762174858165,-0.026566233851511467,-0.00015503617158962868,0.0,0.0,0.0,-0.06703358586175845,-0.01851613652639078,0.005927877387650993,-0.0002626789840587396,-0.017418003302436924,0.0,7.22991071147594e-05,-0.046381771871628286,-0.08428380217183495,-0.03301806293197024,-0.03675488690059581,-0.008916308725876454,-0.024787529755544657
0.0,-1.739795460176108e-05,0.009226413907350572,0.0,-0.0052685998569106385,0.0036937931971824933,-0.014009796785603268,-0.09072440489616718,0.005828863869184853,-0.005524184993437764,-0.004509481775342994,-0.009010847871447403,-0.0031579146194740115,0.08539698355518544,-0.03344227233584646,0.0005436789215020332,-0.0039487456098345475,8.925692372763194e-06,0.0148798902426317,0.017191669512371444,0.0005374763594983567,-0.022304999782768065,-0.013894218905601385,0.006146606379609121,0.0004053912644414459,-0.02958002974563534,0.007340248735486998,0.05343098921248002,0.04638678051847839,0.02736352261953956,0.01839371022978109,0.05635971197560913,-0.037125943389458294,0.11782626210596309,0.059806194609484664,0.040564067743013965,0.02483008589699154,0.03469636096844175,-0.01881871000767049,-0.0001450005022057277,-0.011675893141976923,0.0011022614577820833,0.008764142355955185,0.012436114626475758,0.0,0.0,0.0,-0.0007274151809479878,0.0,0.0,-0.02977475115927769,2.220446049250313e-16,-2.0427635537445532e-05,-4.926196546056749e-05,5.551115123125783e-17,-0.0111013930618869,0.009654634467609557,-0.0003445424860670787,0.0,0.0,0.0,0.0,0.0,0.0,0.0,0.0,-1.801103059123621e-05,-0.04479796219658211,0.0,0.0,0.0,-0.016570546648159545,0.001499459313074214,0.0025278657950885686,0.0,0.0
-0.029277060305523184,-0.039073542567987785,-0.008519690948925962,-0.0052685998569106385,0.0,-0.0023558351956413093,-0.004052909113005543,0.015861496923759932,-0.005677575093885223,0.006312503860241292,0.0027302741864138613,0.00941275605716918,0.04284307528908737,0.015181301862280894,-0.021485741111596013,-0.03561003573530025,-0.02150517640038896,-0.04072093588513637,-0.01909669986105106,-0.02819123418062769,-0.0430629474229845,-0.01648521387623103,-0.027783663487590204,-0.013654249862754764,-0.0673641907401305,-0.038506730966992975,-0.002666935719168928,0.02306272804755566,-0.02841966549309427,-0.024097602705852428,0.017514734705184276,-0.015430701096730781,0.01840155041880548,0.008592371637516916,-0.001182879123552416,0.017835559621081076,0.05178951891305644,-0.0014913423863251452,0.011718303344866676,0.01184710497208824,-0.0840222423607127,-0.002241189840548441,-0.05330274792189449,0.05473556780624855,-5.773903584149753e-05,1.1102230246251565e-16,-0.008683830606720788,-0.01373221068255015,0.0,-0.03179565921118871,-0.037084843127379974,-0.03358905222491548,-0.009460771734595252,-0.03381368594660339,5.551115123125783e-17,-0.016204676016583486,-0.021206262091077177,-0.0368119762639324,-0.03267651746681233,-0.00472814890524309,-2.3615460965631385e-05,0.0,-5.551115123125783e-17,-0.03247335343414853,-0.03163819793103534,0.00017403519860759165,-0.020533171269671635,-0.02328641088809752,0.0,-5.730370441492383e-06,-0.0194785251061127,0.021315509825427736,-0.09467775993262478,-0.021212495839638135,1.1102230246251565e-16,-0.038947827159613424
-0.047630588274223784,-0.06344151576013862,-0.04734911100947414,0.0036937931971824933,-0.0023558351956413093,0.0,-0.014014642887184958,-0.05735727832911047,-0.014521444241126946,-0.016518954057334445,0.00177827352001525,-0.019739001525299282,-0.015224921102364564,-0.03389053094178679,-0.09569245252843273,-0.03575892036125011,-0.011480695830686005,-0.07349023185233133,-0.016323847305621253,-0.01786929727452924,-0.06193096460632813,-0.03299437748081807,-0.06162844562580766,-0.01474228237680375,-0.09113655951399502,-0.08178098961392521,-0.022872856308273848,-0.0062029796108571955,0.01963069293454761,-0.03144912776319553,-0.03082911751610906,-0.02836945527303031,-0.044900936400716907,-0.028259425669302285,-0.019623034059375544,-0.027403113159592707,0.0025422352577585405,-0.0048886445785265575,-0.02075883331734152,-0.044024807357440854,-0.05467900078852855,-0.04176691385612208,-0.01318859288713159,-0.024197097281596414,-0.022454847661618815,-0.037100651540237894,-0.049445619492433035,-0.038149824356911055,-0.023400878082569798,-0.03453243671631606,-0.03468534466783929,-0.03185691348169384,-0.027428000844693545,-0.04528619708105941,-0.04778435340099202,0.004760701486962726,-0.014986481047216282,-0.03236304154804803,-0.009113165514187727,-0.052097883422930924,-0.046400099709206555,0.0,-0.07429821321666596,-0.03778103967282109,-0.038143957164485376,-0.04310241482527294,-0.058402097083722126,-0.031222410571526416,-1.5144141697343017e-05,-0.07197567274487615,-0.06713676405156693,-0.025088736306850212,-0.036243810325083725,-0.034997328475759315,-0.034452939022033835,-0.034217047083990315
-0.019024608570996082,-0.03150443191225094,0.016773172123332347,-0.014009796785603268,-0.004052909113005543,-0.014014642887184958,0.0,-0.02873380355104821,-0.020353050343254464,-0.016890885233538433,0.017847026163131885,-0.01316373795893272,-0.008437081343026342,0.003636030805276913,-0.023084765436294008,-0.019598848330131535,-0.025169831351483485,-0.04895227027466781,0.011493291332941746,-0.007401811075122777,-0.02969439319738504,-0.011052053867112444,-0.03754519683161894,-0.008354188937242601,-0.06000811997942418,-0.04590418189376805,-0.015324325700314723,0.024570611152657462,-0.012738163665373392,-0.05709034942483421,-0.014474280305913134,0.008243848426710498,-0.0076716471927048,-0.0032279599556574445,0.013698664068198696,0.016524967572087934,0.010954612342820913,-0.0055369069236678725,-0.08094900185090992,0.00414152193680023,-0.08869579384934112,0.0018943047429647586,-0.04989159785160918,0.002590154463938177,-0.005973011729585864,0.0,-0.01638954592021985,-0.043581432528456254,0.0,-0.022670312953828098,-0.03871241886846799,-0.02491376948059565,-0.015530020691477853,-0.05644221798033977,0.0017021273477458854,-0.011031882117301661,0.0012070399900146467,-0.0354837353571138,-0.003117852714994318,-0.03483790701565337,-0.03355691211799894,0.0,-1.2389496427955837e-05,-0.02334459211872819,-0.022390068801482976,-0.024865505344832728,-0.025873204704604635,-0.03053644401114436,-2.7535553363267073e-05,-0.04151201455194592,-0.035432871954423406,-0.026315950245380804,-0.028226576759627975,-0.03609939614360819,-0.013451567413179655,-0.10221085145233721
-0.03695220582853703,-0.045574337960945344,-0.026802552406814617,-0.09072440489616718,0.015861496923759932,-0.05735727832911047,-0.02873380355104821,0.0,-0.024818349014873342,-0.009422276158453702,-0.05158197531673114,-0.01618574067077372,-0.04141485078787843,-0.08373418201191096,-0.06259000721051688,-0.02537145651421563,-0.0002104170558879792,-0.045155654499120956,-0.05841758336779829,-0.06896592689279063,-0.022120230753215286,-0.0266928533010094,-0.036498151899155895,-0.04129307512724251,-0.05828059775799155,-0.04443031916146284,-0.03891685856462018,-0.022832535802492337,-0.01642435243195528,-0.03147017594615448,-0.027381017893173876,-0.05275042344747505,-0.02474342489819703,-0.02280396371692317,0.0005290885131875589,0.016028057757869363,-0.008630896220790885,-0.03249154697830914,-0.026033476234803454,-0.01782175309732037,-0.040050731799761985,-0.0553273655889191,0.021905658159331154,-0.034630351920386215,0.0,-0.03022247872656353,-0.02564717450813986,-0.040965802752441716,0.0,-0.0011044495578261815,-0.047382324693509004,-0.037074372406115164,-0.05147114481313397,-0.051791465330235986,3.5858903877195036e-05,0.005145895393264932,0.00015669838742488063,-0.03545917671172122,-4.898543257664256e-05,-0.024838571485740257,-0.02218486235525524,0.0,-0.00012777423719967373,-0.0457814296427454,-0.03029055851903034,0.030958781312210193,-0.04164687730872396,-0.019702300996652433,-5.551115123125783e-17,-0.02657872554834856,-0.02381332117767504,-0.012745999369020378,-0.035243150343974516,-0.03167008438680141,-0.0334648203130809,-0.04518886283650647
-0.03379735020306307,-0.06042821632637152,0.014235961355747173,0.005828863869184853,-0.005677575093885223,-0.014521444241126946,-0.020353050343254464,-0.024818349014873342,0.0,0.009140488974307859,-0.0006592091298484593,0.006240021622578862,0.023161997811487423,-0.020074295242071605,-0.0758142384960524,-0.04199309069934293,-0.025926767909843995,-0.02812172558569087,-0.01165690251647461,-0.027223104453126923,-0.04439053060186482,-0.024665470717281868,-0.035508963605681676,-0.0032111750351593304,-0.09575377058923701,-0.08804490484860261,0.016869376551473303,0.013388070529999185,0.01041212362279198,0.01573923190602594,0.011971614837291644,0.008120755762293319,-0.0054470079858774945,0.017746402459581312,0.0439767877028579,-0.008671516427909698,0.02273575645084419,0.010193900407380274,-0.0432845947126656,0.0021827462488420712,-0.05658779364164246,-0.01730151546662234,-0.0023754686672092795,-0.017557890774349827,-0.018421586025621883,-5.551115123125783e-17,-0.03127306281992187,-0.03436970031644038,-9.416419188279512e-07,-0.017890370499674013,-0.021752190619865774,-0.02607333570292769,-0.018796586003410387,-0.05218706887521862,-0.0199057388747379,-0.008022038275984245,-0.0212526386951557,-0.02593248790608904,-0.013970626812657039,-0.020976768195529794,-0.01705442023691711,0.0,0.0,-0.04737876039655542,-0.04005270174150238,0.007683642486845277,-0.04587881728715043,-0.028438631910757683,-1.158909109838513e-05,-0.013203455745153247,-0.0516566395276602,-0.013995856373061333,-0.019971866081250345,-0.0255301987823619,-0.024768714360512423,-0.04449338668225428
-0.0118671427286412,-0.08502121219157655,0.007241202104559197,-0.005524184993437764,0.006312503860241292,-0.016518954057334445,-0.016890885233538433,-0.009422276158453702,0.009140488974307859,0.0,0.004845219420507529,-0.014980628788777206,-0.029937800862199992,-0.012616283277235296,0.0037299508103649792,-0.01871801233967818,-0.029906276743693172,-0.027423841762620527,-0.007802071815761147,-0.04200728339152815,-0.011082713971094005,-0.06407546208561793,-0.024152038968394296,-0.050239153788912305,-0.020710646045892067,-0.02809723154709398,-0.014512009885550403,-0.01956422121529916,-0.022639092555773288,-0.01996691657662225,-0.015238566566920742,-0.04261746153932239,-0.015773119319315798,-0.004392167739290631,-0.004240556845626298,0.037894761638720686,0.022540521326057772,-0.014286549335466192,0.02229172779452898,-0.013659150521256713,-0.023013249874522634,-0.07494216490189531,-0.0005888397299533277,-0.011413113170680944,-0.005876631953251943,-0.025762894735133324,-0.05408090261554904,-0.00010288234836608456,-5.346773262304705e-06,0.00044667945531878805,-0.0402372409217337,-0.020327675713398663,-0.001953639352463621,-0.0074668999219346666,-0.01470695253923332,-0.022935999052112577,-0.029833202292633088,-0.0384096391982755,0.0,0.0002757857698464372,-0.028456940195905778,-0.019082361402965653,-0.01874823550190874,1.7575123899549183e-06,-2.8555135226204786e-05,-0.014588023439712106,-0.006279337265106266,-0.02081879339770798,-0.03593295807864394,-0.0020586270738328083,-0.012701781198505624,-0.02318981967165956,-0.03765518852460009,-0.047328003687019005,-5.551115123125783e-17,-0.0334331392928201
-0.01911467161198732,-0.02584313042687625,0.014588630496618349,-0.004509481775342994,0.0027302741864138613,0.00177827352001525,0.017847026163131885,-0.05158197531673114,-0.0006592091298484593,0.004845219420507529,0.0,0.00025934460722015773,0.02528452024904143,0.00036605167904885105,0.0,8.550570937876367e-05,-0.018459222170622624,-0.025001882898390004,-0.020814926903132858,-4.9447194499618874e-05,-0.018645118492101043,-0.01915768659627104,0.03365738219580727,-0.02569217459671952,-0.007916369926408817,-0.01192188190999327,-0.008301180779459572,0.0118108358411253,0.016635773932671905,-0.01586921494500848,0.006515821471715921,-0.01218665692071369,-0.0004346126113170534,0.010250913448428767,0.02455178939878766,0.020574705800499693,0.013927093085256081,0.007538855605607908,-0.01672668138943012,-0.009493209501522548,-0.03164571649031511,-0.00976637457019447,0.0064803854330415245,-0.019308262266214238,-0.005384731611358329,0.0,1.1102230246251565e-16,-0.015117310491848501,-1.8233747051121796e-07,-0.029256034720508084,-0.008064351541142434,-0.023369101204446463,-0.06006469072041687,-0.016711098874160057,-0.02574930402843917,-0.08027352936138996,-0.027870045247778585,-0.011939017470933455,-0.06326724105463183,5.551115123125783e-17,0.0,0.0,0.0,-0.10191815771273424,-0.012660152275119463,0.0,-9.49417334859537e-05,-0.012972005474137405,5.551115123125783e-17,0.0,1.8677235937736292e-05,-8.812678079728187e-05,-0.021496034738542502,-0.014310239644347411,0.0,-0.061901369639892456
-0.01608116090249745,-0.040659593396834115,-0.008157390505104722,-0.009010847871447403,0.00941275605716918,-0.019739001525299282,-0.01316373795893272,-0.01618574067077372,0.006240021622578862,-0.014980628788777206,0.00025934460722015773,0.0,-0.02720906038106835,-0.051967234322395195,0.014348579282108365,-0.02283638770799834,-0.025856623974895465,-0.01887239700752602,-0.0028166285028443094,-0.002615337103366644,-0.02656402693707871,-0.07900769623977527,-0.032469474240313045,-0.02054282717531558,-0.012519984936657624,-0.012440541207981382,-0.012567395048327878,-0.0119417988479959,0.012256416729370334,-0.037787127374852625,-0.017706565721120227,-0.008773264475224585,0.018770081766453617,-0.015995209014330714,0.002782570683869112,0.0159757579723368,-0.01018632228344074,-0.009945615903722754,0.0768815975161552,0.006600855265624761,-0.013266018224646292,0.01261956500226924,-0.020737504319281785,-0.009526235738809508,0.028988083089222183,-0.017226989796940817,-0.04601745461330953,-0.01786156195623284,0.0021658753885727966,-0.006414277388441247,-0.01753056189764257,-0.01825623437891072,4.096987408547248e-05,-0.016223381783491753,0.0010774247360804678,-0.013913298406366459,-0.01063294066974002,-0.04242468659345289,1.1520481431714913e-05,1.5160121037638419e-05,-0.025335946861536285,-0.006112110075584598,-0.006081419939838739,-0.013134079051168257,-0.016138538456700324,-0.03416191099012966,-0.0054781847539643325,-0.026965701514680918,-0.018042289761945718,0.0074077661577794385,-0.004687757729932851,-0.031749019201591455,-0.0008760428639218998,-0.012746913667633974,0.0,-0.015799711342244338
-0.03345338808460696,-0.033913184131208196,0.018693486519175573,-0.0031579146194740115,0.04284307528908737,-0.015224921102364564,-0.008437081343026342,-0.04141485078787843,0.023161997811487423,-0.029937800862199992,0.02528452024904143,-0.02720906038106835,0.0,0.03801687808905341,-0.040344567035679624,-0.021779327174108354,-0.03874942388270747,-0.04429488917637564,0.016416987669113148,-0.017326622634562583,-0.031421528753727,-0.01792828302198285,-0.04849328280273579,-0.036470137163304495,-0.06203085107885925,-0.04365953637389197,-0.01224335193647541,0.004045986258294221,-0.012359528370602002,-0.0008270163302133149,-0.013725857286573884,0.009825888785750414,-0.0013186773144536756,-0.009003759136910705,0.023500011180513203,0.04881220888426041,0.021744739122710133,-0.008970141505603546,-0.03361067310805338,-0.030351960283623136,-0.059477600898281024,-0.045972162573617414,0.006056453897497427,-0.00800196482850396,-0.01047602999872238,-0.017650702124899498,-0.0177583025704115,-0.04728794232839145,0.0,-0.0353922123189051,-0.03216626468383138,-0.04835236559170125,-0.008568112833796993,-0.06193437119036921,-0.0008246157725229075,-0.007409154789601691,-0.008774548338991994,-0.026823296682507602,0.0036399610081465084,-0.03623455303837342,-0.04438132658272953,-0.006447666031440813,-0.04350927320509135,-0.04977725413491252,-0.03783289119340588,-0.03291077282111321,-0.030416481862069578,-0.0267661960692267,0.0011823493534741103,-0.053500869494856385,-0.024329414046230236,-0.02743572674683764,-0.030316543495174375,-0.037575661574983876,-0.0374976229667649,-0.06721417690450615
-0.031512997964076084,-0.007286877195714692,-0.01592767688789487,0.08539698355518544,0.015181301862280894,-0.03389053094178679,0.003636030805276913,-0.08373418201191096,-0.020074295242071605,-0.012616283277235296,0.00036605167904885105,-0.051967234322395195,0.03801687808905341,0.0,-0.014875091960536768,-0.0005642144909663305,2.450086207411717e-05,9.141308008853155e-05,-0.005242307993040429,-0.006923921126506527,-0.019953905430612262,-0.0047098105169607885,-0.06612368034727861,-0.01965745441640082,-0.005959939870449904,-0.03265483222174387,-0.027287653556667568,0.029137964732011246,-0.02786222578074543,-0.007901638837411462,-0.014269013089048155,0.032238983385326436,0.010311804884042097,-0.0216127615298361,0.0030612003733175297,0.036269991642624844,0.04085720717514993,0.016753987543053794,-0.03767824252060176,0.0,-0.011571942708052008,0.00033680173181982465,0.008390083129429737,5.248581819716769e-07,0.0,0.0,0.0,-0.021229716716847258,0.0,-0.024639124586545713,0.0006834298266071848,-0.01896294230533735,-0.008711131133773642,-0.03291730396586379,0.0,-0.018435767640619605,-0.00019251527940800095,-0.004164881546961707,-0.026665483109938937,1.1102230246251565e-16,0.0,0.0,0.0,-0.0285711510760443,0.0,-1.1102230246251565e-16,0.0,0.0018198260761920215,0.0,0.0,5.551115123125783e-17,-0.012445183684154593,-0.0183263685705769,1.1102230246251565e-16,0.0,5.551115123125783e-17
-0.04476566839008017,-0.051061888498249,-0.03973561080067878,-0.03344227233584646,-0.021485741111596013,-0.09569245252843273,-0.023084765436294008,-0.06259000721051688,-0.0758142384960524,0.0037299508103649792,0.0,0.014348579282108365,-0.040344567035679624,-0.014875091960536768,0.0,-0.06576414979127793,-0.016776302252093478,-0.0725032153913005,-1.1102230246251565e-16,-0.017277092066595612,-0.04752658667099319,-0.028238492783204783,-0.0205924043006514,-0.05580193686502044,-0.06784802383603589,-0.013430950759733329,-0.07651044115796662,-0.03965054634846765,-0.05432699027184107,-0.03422680382074739,-0.05393780201438608,-0.06872353348652016,-0.0950281773463646,-0.06257641185564994,-0.0669938054394873,-0.04980603456559002,-0.07044597838358052,0.00011345066973783569,-0.047928842831776175,-0.055605350147160226,-0.0471705888897162,-0.05769216385224213,0.010835251225627784,-0.006765861574052956,0.0,-0.012320158091805034,-0.0477468741210339,-0.023223809510924176,0.0,0.0,-0.06261970322517968,-0.0321970552905278,-0.05158231682850689,-0.011099987941854128,-5.551115123125783e-17,0.0,0.00037415906898269347,-0.038415303861752736,2.988977468310061e-06,-0.036839966531562185,-0.0473833299976637,-0.00010447892630416344,-0.028267305600044312,0.0,-0.037982317513874986,-0.07036609696647006,-0.04517063607710936,-0.04223295604895122,-2.3664922249033715e-06,-0.04420615819290086,-0.051959901583826296,-0.05305361361553812,-0.045012294253453655,-0.050649384568621336,-0.0480122935240796,-0.04813059233970618
-0.054726156754639765,-0.06182244248707408,-0.03938086245146327,0.0005436789215020332,-0.03561003573530025,-0.03575892036125011,-0.019598848330131535,-0.02537145651421563,-0.04199309069934293,-0.01871801233967818,8.550570937876367e-05,-0.02283638770799834,-0.021779327174108354,-0.0005642144909663305,-0.06576414979127793,0.0,-0.027203882948471758,-0.024972755452467688,-0.00015977264959926574,-0.010396829560891163,-0.04624569651927518,-0.0010935846833116103,-0.03972029475155514,-0.027615626181748232,-0.0717300268630045,-0.06793000900990837,-0.038444960366925296,-0.006708458355748237,-0.007283275489541274,-0.0029314350233384245,-0.02093597841563083,-0.035393415325202626,-0.006252439809735999,-0.018098682485890638,-0.04193745851943109,0.00511901662772507,-0.01109377907681941,-0.15240495376271268,-0.04084872178705562,-0.03598549165606019,-0.03912567073695711,-0.049034901389084395,-3.89739856432314e-06,0.0,0.0,-0.058227057242560276,-0.03813370624210044,0.0,0.0,0.0,-0.037011795768685574,-0.01757411345092791,-0.03378795366110271,0.0,-0.04145331791223428,0.0,-0.052684335347178035,-0.0466288239057982,0.0,-0.033195591316891704,-0.03922821271749727,-0.022440293413544143,-0.030770453363734462,0.0,-0.021130481844459315,-0.06256189692788283,-0.04391509989854264,-0.0407535320743167,-0.034219964684196025,-0.04006156443411024,-0.05351359736155331,-0.03991998758372772,-0.05447375652232678,-0.02274867106756745,-1.1102230246251565e-16,-0.03923980094515217
-0.0022853222174862298,-0.10284059765515824,-0.03163961039177765,-0.0039487456098345475,-0.02150517640038896,-0.011480695830686005,-0.025169831351483485,-0.0002104170558879792,-0.025926767909843995,-0.029906276743693172,-0.018459222170622624,-0.025856623974895465,-0.03874942388270747,2.450086207411717e-05,-0.016776302252093478,-0.027203882948471758,0.0,-0.042315345931007387,-0.028784496083697486,-0.03627412981042749,-0.012028313567000848,-0.03097950760778262,-0.026115802993605053,-0.04013533578003736,-0.06396603030670961,-0.03502732807117648,-0.02039051206573561,-0.03178094969914824,-0.03501730494112909,-2.546592551333493e-05,-0.024724929348287905,-0.037578106901371255,-0.02592232417030277,-0.02243841266969493,-0.011035904335800206,-0.04004766890099559,-1.0807380976196601e-05,-0.014746630098322167,-0.023586131360626872,-0.013816969809106294,-0.021567594580188032,-0.016930603847825743,-5.551115123125783e-17,0.0,-0.04641289775649188,-0.018768915140454867,0.0018575137964084165,0.0,0.0,0.0,0.0,0.0,0.0,0.0,-0.02806892282260043,0.0,-0.04555728214980298,-0.006144840970790266,0.0,4.353730433598324e-05,-0.008471700735569632,-0.01896506808205306,-0.016468870777389122,0.0,1.1102230246251565e-16,0.0,-0.008121997935014613,0.0,-0.03882354385340797,-0.003755205636997938,-0.008686899324624797,0.0,-0.01610342026708278,-2.348793909995317e-05,0.0,-0.03665189714957584
-0.05052827699672807,-0.10164007669118741,-0.027104861288304583,8.925692372763194e-06,-0.04072093588513637,-0.07349023185233133,-0.04895227027466781,-0.045155654499120956,-0.02812172558569087,-0.027423841762620527,-0.025001882898390004,-0.01887239700752602,-0.04429488917637564,9.141308008853155e-05,-0.0725032153913005,-0.024972755452467688,-0.042315345931007387,0.0,-0.017811566895100384,-0.057497424665795493,-0.05468741082898981,-0.060407693703005416,-0.046908254039562,-0.044809570107983754,-0.042150247301334876,-0.05878163666842762,-0.07137575372205851,-0.0392626768085127,-0.04535766442388278,-0.04338492597989568,-0.028609324497177846,-0.032614237616393704,-0.033705082819630416,-0.023636817584852088,-0.016962154275052654,-0.009117283504433582,-1.8011959449448778e-05,-0.03718869813223552,-0.0341947658797101,-0.030742578612938054,-0.03676939248403932,-0.03910133469101246,0.0,0.0,-0.07723931042167043,-0.0615448539811107,-0.04851644294978319,0.0,0.0,0.0,-0.04013071830846476,-7.596221520816959e-05,-0.00037866780716067083,0.0,-0.05726278242301652,0.0,-0.057722094883572383,-0.01756708518009481,0.0,-0.024136374778540914,-0.03837601110208211,-0.041639845542697895,-0.038970371013987926,0.0,-0.056055745973515814,-0.0844716840630293,-0.05080201509547383,-0.08451585933586298,-0.04703315957748927,-0.03924882889119097,-0.05219756674877113,-0.027175055299806072,-0.01742185207887187,-0.04398280036150143,0.0,-0.038082654608031286
0.0,-0.015088240990686841,-0.016131113021230825,0.0148798902426317,-0.01909669986105106,-0.016323847305621253,0.011493291332941746,-0.05841758336779829,-0.01165690251647461,-0.007802071815761147,-0.020814926903132858,-0.0028166285028443094,0.016416987669113148,-0.005242307993040429,-1.1102230246251565e-16,-0.00015977264959926574,-0.028784496083697486,-0.017811566895100384,0.0,0.00037264236500578196,-0.021562127070255566,-0.014997441415638357,0.0023387284996030933,-0.03987797354895806,-0.0205279529114753,-0.014227422302390547,-0.012965326255357512,0.0023595356921801702,-0.02634246719257599,-0.027090115969060358,0.0016862481016678421,-0.01707471260163468,0.006245198550173581,0.003406676346560278,0.016462028714723353,-0.0038250050502388055,0.008120716655440174,4.382225638283055e-05,-0.024682729400611392,8.296280620267993e-07,-0.06704527839061225,-0.011203691397283055,-0.019653572057470536,0.0099971432539665,-0.000513673634191858,0.0,0.0,0.007063222054628393,-5.551115123125783e-17,-0.0025156309011211686,-0.03405143268196176,-0.040967695831897355,-0.022063393752484894,-0.053816676861879076,-0.0001059838984725503,-0.25364464720171165,-0.03135760412712929,-0.04871426329655959,-0.019166091379694383,2.220446049250313e-16,0.0,0.0,0.0,-0.040767321570400805,-2.0218564627361157e-05,0.0,9.909881739877946e-05,-0.04025128857202376,0.0,0.0,-5.551115123125783e-17,-0.023700079708084965,-0.03961151342225244,-0.049821487410025456,-6.970467939226843e-05,-0.039503231220251234
-0.03207468821530274,-0.008833858249067905,-0.02390141195263762,0.017191669512371444,-0.02819123418062769,-0.01786929727452924,-0.007401811075122777,-0.06896592689279063,-0.027223104453126923,-0.04200728339152815,-4.9447194499618874e-05,-0.002615337103366644,-0.017326622634562583,-0.006923921126506527,-0.017277092066595612,-0.010396829560891163,-0.03627412981042749,-0.057497424665795493,0.00037264236500578196,0.0,-0.05876505552522654,-0.006224923365182933,-0.03664912635897716,-0.01756144324304232,-0.06482324911180498,-0.06317795686835159,-0.014254192933550458,-0.0006038917870113125,-0.01690797782694714,-0.02186528162298007,-0.03304153693333867,-0.0379591129793343,-0.022363911330747943,-0.03993425225702629,-0.030458299553413726,-0.011820243791662521,-0.009390118919628931,-0.026999477263853655,-0.03314108167378815,-0.02505913314620034,-0.03236440562107973,-0.023352627391807712,0.010469869438071211,0.002603091995697304,-0.00019735304032714174,-0.0202481312290414,-0.030091877748804674,-0.03322313983509456,0.0,0.0,-0.05888316558978923,-0.03458426392064662,-0.03814784921815256,-0.015399102212294347,0.0003457372046700713,1.1102230246251565e-16,-0.014232272522031908,-0.05713971051158384,-1.1102230246251565e-16,-0.03468486600325077,-0.03244506200684644,6.199919986626945e-06,-0.05214839158978568,0.0,-0.04369867409294015,-0.05754824527812752,-0.027206240862644282,-0.053796812750233014,0.0,-0.051004588770127146,-0.04502228839358524,-0.062161829490476106,-0.054885257172293755,-0.056367400339244145,-0.06718184372922253,-0.0472504492405052
-0.027986672702921156,-0.020948186511360822,-0.06632915803235545,0.0005374763594983567,-0.0430629474229845,-0.06193096460632813,-0.02969439319738504,-0.022120230753215286,-0.04439053060186482,-0.011082713971094005,-0.018645118492101043,-0.02656402693707871,-0.031421528753727,-0.019953905430612262,-0.04752658667099319,-0.04624569651927518,-0.012028313567000848,-0.05468741082898981,-0.021562127070255566,-0.05876505552522654,0.0,-0.05209048618863066,-0.03177913768068902,-0.031573587475884124,-0.06975652422423928,-0.021340122628769442,-0.06560878134391035,-0.023235381581815262,-0.04930064124333006,-0.03934786973609372,-0.05313305839728866,-0.04385283941554746,-0.05015214177639793,-0.043852384157830326,-0.04386607132629872,0.004567580371011959,-0.01943059388274615,-0.007884368133796449,-0.04022461857097531,-0.032181103461028704,-0.02875331258130176,-0.03299862840443507,0.0029271258481269324,0.0,0.0,-0.020136876240637647,-0.03660255664496875,-0.019670905229435875,0.0,0.0,-0.03751399918853321,-0.03455821747224652,0.0342852096060321,-0.02510611528395884,-0.0159194987005547,0.0,0.005073720072659993,-0.027340558158772454,5.551115123125783e-17,-0.03570988524316954,-0.040071807051351827,0.0,-0.03603979652140471,0.0,-0.035694694037882946,-0.033772955984371245,-0.03475432040554577,-0.0008523756418845618,-0.004736406935863469,-0.03375574227612327,-0.05357498866986443,-0.02641705837001279,-0.023753733007637556,-0.03411783114526723,-0.04250440695130164,-0.024091721203898298
-0.06243791221946454,-0.009170030410671215,-0.04404410309655116,-0.022304999782768065,-0.01648521387623103,-0.03299437748081807,-0.011052053867112444,-0.0266928533010094,-0.024665470717281868,-0.06407546208561793,-0.01915768659627104,-0.07900769623977527,-0.01792828302198285,-0.0047098105169607885,-0.028238492783204783,-0.0010935846833116103,-0.03097950760778262,-0.060407693703005416,-0.014997441415638357,-0.006224923365182933,-0.05209048618863066,0.0,-0.04217299567474597,-0.005348025286449398,-0.07911530786220727,-0.01709388903953951,-0.0378323193113238,0.004959841510011498,-0.010838812639554607,-0.00219120335204559,-0.026370426377412493,-0.04766289054993006,-0.038993281618578846,-0.03687863948792863,-0.0494867625747627,-0.046949843127808755,-0.04130412025521496,0.015128620885365762,-0.034677644856824175,-0.029200482960102414,-0.02948732911774371,-0.034696247786417556,0.008542491150003773,0.035978845727135556,-4.5321410853227384e-05,-0.051690246569312814,-0.025975975768761594,-0.013741771621525845,-1.6436020648380456e-06,-4.7160406168422764e-05,-0.04627247601584733,-0.03376194982577363,-0.038740946175235325,-0.03662122783499244,-0.024814499119863886,0.0,-0.013872757829172189,-0.044977672428398285,0.0,-0.05441548528303841,-0.03306443808374715,-0.01508809880492501,-0.039064577528947764,0.0,-0.04669224431641572,-0.06446435770374548,-0.030786748849967238,-0.037309905314106995,-0.0159654921201704,-0.041012279241008864,-0.03858709112663389,-0.03520845033038389,-0.020080218270169203,-0.04048745816826371,-0.005595075903964575,-0.02957247650556588
-0.029152580765891334,-0.04942621964119398,-0.011544954534881191,-0.013894218905601385,-0.027783663487590204,-0.06162844562580766,-0.03754519683161894,-0.036498151899155895,-0.035508963605681676,-0.024152038968394296,0.03365738219580727,-0.032469474240313045,-0.04849328280273579,-0.06612368034727861,-0.0205924043006514,-0.03972029475155514,-0.026115802993605053,-0.046908254039562,0.0023387284996030933,-0.03664912635897716,-0.03177913768068902,-0.04217299567474597,0.0,-0.041151791140759286,-0.056082585884245806,-0.05162128723981285,-0.029397554526086,-0.04631501720251602,-0.029706140598495023,-0.05385665845688531,-0.04523170779875141,-0.04864926934676728,-0.05223979354363739,-0.03744778802027676,-0.015064174025137378,-0.05130190996194167,-0.02557690137372587,-0.044423666288354036,-0.02577435472533529,-0.033660728677237906,-0.02901453192692155,-0.025173179255343903,-0.01886930660349373,-0.02206917337479869,-0.00815940442692481,0.04716948964144657,-0.04177100323154698,-0.035929585980939316,-0.02460947758095594,-0.04034314707351411,-0.04454659520168619,-0.04148576506945478,-0.02778602997863827,-0.061839199191813965,-0.023777317551809896,-0.01311325495868404,0.02029412494992372,-0.035739214520195184,-0.05830414632343445,-0.04049677483159558,-0.03630380157850621,-1.5081991038945475e-05,-0.016396339168214202,-0.05005592227619754,-0.04143836088409558,-0.027746193419553422,-0.049655280710973804,-0.02632151403323313,-5.8122990630404825e-05,-0.03998892302727908,-0.05991504548785476,-0.0303962880981421,-0.03294412389142559,-0.03369510931402414,-0.03436925906757049,-0.03711270611806078
-0.026085283080052202,-0.03634054830767691,-0.004973735943507085,0.006146606379609121,-0.013654249862754764,-0.01474228237680375,-0.008354188937242601,-0.04129307512724251,-0.0032111750351593304,-0.050239153788912305,-0.02569217459671952,-0.02054282717531558,-0.036470137163304495,-0.01965745441640082,-0.05580193686502044,-0.027615626181748232,-0.04013533578003736,-0.044809570107983754,-0.03987797354895806,-0.01756144324304232,-0.031573587475884124,-0.005348025286449398,-0.041151791140759286,0.0,-0.048015326387914725,-0.05032170822468096,-0.027534681493775248,-0.005249649152875013,-0.02427250744390097,-0.008824610041636205,-0.023853777611709093,-0.006726228050894345,-0.04666835919350973,-0.016306394586057482,0.04111116992248953,-0.020607368275888105,0.07908481515874471,-0.046655118712505966,-0.05290913107852774,0.04027420066534054,0.049653031085859556,0.014472249302941831,0.0074470616691516,-0.003211952738639612,0.030694543236557903,-0.04300401746598148,-0.022425626255842046,0.0,-5.551115123125783e-17,5.957110154952705e-05,-0.0037202078464046995,5.104660235200065e-05,-1.6653345369377348e-16,-0.00010612081385508176,0.02152471604474654,-7.806833623308362e-05,0.0036979982168643954,-0.0037736995998809975,0.0,0.0001578075021920755,-0.0316413587698981,-8.932841925313184e-05,-0.026259756859276617,-7.259488184641061e-06,0.00028594270899556795,-0.007318040343603838,-0.025105712415925574,0.00019699637773173961,-0.0072397655075965295,-0.010184245613085785,-0.025393555092277698,-0.002398316250565191,-0.029286430794700002,-0.04260544020239887,0.0,-0.001412733040857872
-0.08749802303756393,-0.07835308260192725,-0.0845867357957068,0.0004053912644414459,-0.0673641907401305,-0.09113655951399502,-0.06000811997942418,-0.05828059775799155,-0.09575377058923701,-0.020710646045892067,-0.007916369926408817,-0.012519984936657624,-0.06203085107885925,-0.005959939870449904,-0.06784802383603589,-0.0717300268630045,-0.06396603030670961,-0.042150247301334876,-0.0205279529114753,-0.06482324911180498,-0.06975652422423928,-0.07911530786220727,-0.056082585884245806,-0.048015326387914725,0.0,-0.058957014112330675,-0.06981472118894427,-0.04900310004134856,-0.06763948583905394,-0.052572546104673545,-0.05571253827874573,-0.06314127782599649,-0.042789162770177636,-0.04971373682196273,-0.052786963124320074,-0.0355584733826072,-0.007807185814333151,-0.016392545442761086,-0.055348250377154684,-0.03448391697155917,-0.043668929592770134,-0.04993789473455046,0.0069497504133240184,-5.551115123125783e-17,-0.05044521280794906,-0.08483543502837704,-0.06072359339228084,5.551115123125783e-17,0.0,2.220446049250313e-16,-0.053405313702609314,-0.030988694324730393,-0.0644347057596859,0.0004040727127747057,-0.03677673308879881,-0.000162571989302418,-0.044911426412142685,-0.04756638795583784,0.0,-0.061507911172986485,-0.05947684655289548,-0.025536921910898125,-0.03341760864543125,0.0,-0.038597434316414714,-0.08930838040975936,-0.0450961793377575,-0.07146928200637442,-0.031990209607940245,-0.03792130530059873,-0.055577595856577566,-0.05525754072079325,-0.04791081640353645,-0.03679880766155935,0.0,-0.02878432474355269
-0.03785954846602574,-0.0215719949218644,-0.04148507789841638,-0.02958002974563534,-0.038506730966992975,-0.08178098961392521,-0.04590418189376805,-0.04443031916146284,-0.08804490484860261,-0.02809723154709398,-0.01192188190999327,-0.012440541207981382,-0.04365953637389197,-0.03265483222174387,-0.013430950759733329,-0.06793000900990837,-0.03502732807117648,-0.05878163666842762,-0.014227422302390547,-0.06317795686835159,-0.021340122628769442,-0.01709388903953951,-0.05162128723981285,-0.05032170822468096,-0.058957014112330675,0.0,-0.07363793346082065,-0.03270150776372449,-0.04081666838053677,-0.037834877433060576,-0.04096129464697029,-0.038995883616947113,-0.0328245866229942,-0.03500825081935782,-0.03955038389512738,-0.013448400300369645,-0.02702461783939203,-0.0077445271762994206,-0.04068446913258622,-0.03389425807057256,-0.031788036283871945,-0.03454671417479038,-0.03948458260790877,2.0043269490288562e-05,-0.030848173634087483,-0.05684400322723154,-0.028095668144956787,-0.023427743536844292,0.0,-3.65562589256796e-05,-0.05102783592956217,-0.036407800767909115,-0.03173996251175648,-0.022554374783468112,-0.033424608040576065,0.0,-0.04874367303760857,-0.0476429243800745,0.0,-0.05478858116777663,-0.04066840365938906,-0.030344560354851835,-0.03868555968501575,0.0,-0.04415642896997379,-0.04973992182905762,-0.03129563147574388,-0.03317553116623717,-0.04919106493444275,-0.03971015946595763,-0.04963127024791586,-0.042907573433136115,-0.03330702886847342,-0.04207559898758356,-0.0002719294663651173,-0.03243458551966216
