0.0,0.013950091431342515,0.0006585522343526828,0.0,-0.0034128607792766052,-0.013405829159734872,0.005161448569253713,0.03735165215294256,0.0005810030319220449,0.026102444224475052,-0.010738160740793146,0.006892745648521548,-0.016010791847425265,0.03697707183119414,-0.014005885019167164,0.00036725005537019406,0.02431354889680304,0.009609650251007296,0.0,-0.017359944352078327,0.005309139208552138,0.002250353267523708,0.0028021319935982447,-0.0020758395180499045,0.0234924245267491,0.01812945391934362,-0.013152376311784286,0.011228557283542273,0.03785385334746494,0.0418766848338869,0.014366763276418948,0.00033813330819587595,-0.030998664229296702,0.008293566230740623,0.003826314359166638,0.03454821710830047,-0.000632345224306774,-0.007297899638336325,-0.00041787321518188536,0.0244387129054644,0.0028672162437514137,0.0032669677923453655,6.720850128355549e-05,0.0,-0.06619403398505475,-0.0038863762350738185,0.009066918887211228,0.0,0.0,0.0,-0.008889638421499424,1.1102230246251565e-16,-0.0022533109724107714,0.0,0.005165097843682687,0.0,0.0177900777879636,0.008936833820421874,0.0,-0.00674240526563058,0.023573935576485405,-0.021974469669630736,0.017449055001705294,0.0,-0.011016624699299371,0.06316487177300162,0.004255408614417366,0.008006915394364156,-0.010262865075625682,0.023857279560981715,0.02077658503851576,0.010320116076072139,0.0003586617657126978,0.007777119178245806,0.0,0.02218236908313187
0.013950091431342515,0.0,-0.01191897514338025,-0.0001339858015018125,-0.005356377400380141,-0.0176986162227582,-0.015304844375973459,0.06818275319713202,-0.013064749470897363,0.008822182151533742,-0.013346962802624263,0.02373133999412569,-0.021138805861711463,-0.002640081983831144,-0.008992870520554919,0.0026248110736058483,0.019557684333054326,1.262764417625517e-05,-0.009592736815623337,-0.01664483809616285,-0.011858028128577003,0.007790504898207928,0.001101531081084961,-0.0006298744289952585,0.006652313294075118,0.0036960470464675876,-0.01840035822782987,-0.027095251894697747,-0.015612747971074203,-0.0038506958791603707,0.006356788538584512,0.002556966710619557,-0.023090207138013574,0.003950868824346143,-0.0073645883351096675,-0.021268555333660788,-0.0027149871260072622,0.0,0.004110893801609561,0.01629481637522645,0.003769837551875488,0.009224922717874784,-0.008507347251424158,0.0,2.220446049250313e-16,-0.001381056295552463,0.009675592438461444,-0.000495407423573957,0.0,0.0,-0.012043824167133232,-0.009715535845210954,0.017473097304255836,-2.673284482973548e-05,0.029037413209655805,0.0,-0.005870376587424564,-0.006020229171356362,0.0,-0.02276335770027399,0.01903493937846873,0.0061380493277169434,0.014263923436661552,0.0,0.004445285709403668,0.004372340328488655,-0.003859260609861803,-0.0013360891303245692,-0.0005732630023874141,0.0226130410261991,0.00778125469794666,0.012878125794833106,0.00028104833796022133,-0.006996133592667209,-1.1102230246251565e-16,0.018058506084518033
0.0006585522343526828,-0.01191897514338025,0.0,0.030024236366617274,-0.015437536752205216,0.013318806033170094,-0.026817321582186027,-0.022300340560114096,0.009418223156268501,-0.03298929415380403,-0.0021778939563338318,-0.03398670544648019,-0.03279255811815612,0.0012362817917733748,-0.01979501232847719,-0.004152084358298724,-0.005899091100896536,-0.014902976436376225,-0.025822000445044457,-0.00912252916996048,-0.025161290461645835,-0.0002618070633375602,-0.02308646025571509,-0.00119441004822457,-0.013895591891894599,-0.04416551542471614,0.018612975105469165,-0.029136294062164114,-0.02640315135238519,-0.006105157895662072,-0.03562045769474409,-0.0019260694841929382,-0.0072507048513810735,-0.032375167450590936,-0.011138891241770366,-0.011303865272272673,-0.029345854894150036,-0.018045738006122636,-0.09567924584888537,-1.3764594127274599e-06,-0.09665537765224658,-0.03639853767766449,0.002958699888219507,-0.012561000444633152,0.0,0.0,-6.481523569479286e-05,0.020115752549467403,1.509520903353323e-05,-0.08279279809393969,-0.01657619864525328,-0.11774062426780713,-0.03800094824019046,-0.01191139470450775,-0.0025561539158941993,-0.11414216800471227,-0.012859300541762042,-0.05443122525769578,-0.06144948181766219,0.00020877296817112256,0.0,0.0,0.0,-0.16943054392492432,-0.011006008957069435,0.003479707499381146,0.0005145463399952588,-0.003064915776509136,0.0,-0.00019027720760605993,-0.016876237535064453,0.015391151181324503,-0.058984710178100364,-0.007548224609099985,-0.005485187515291479,-0.008490798504509178
0.0,-0.0001339858015018125,0.030024236366617274,0.0,-0.01790636217993355,0.0021636917326078864,-0.012878977205586978,0.029816620973224794,-0.02645732275788376,-0.06584097664862645,-0.0019210791734634025,0.006591533640594394,0.008496425976960154,0.025013482462884096,0.010212940479964294,-0.000446128152967018,0.0008005141994814613,6.873888763886393e-05,-0.012485090353198836,-0.007629589802802594,0.00025758365379718873,-0.028059435290243462,0.01016288597742393,-0.015164240077604751,-0.0003043793419887919,-0.0012489026179228202,-0.01537382359590217,0.024325790257821167,-0.008334792976342265,-0.005524039851606821,-0.02007249031841768,0.012024930058910366,-0.01152467337939439,-0.01634670878602934,-0.035768613927379206,0.03314180323031932,-0.015591559954134193,0.016211709097858018,0.0010085962904042844,-0.0016690818966231813,-0.012779201647816929,0.0019258437176549736,-0.005965701668097179,0.005147256488698904,0.0,0.0,0.0,0.0008748491989472584,0.0,0.0,-0.013120098186483298,2.220446049250313e-16,-0.0001573180976107147,0.0009166997733758286,5.551115123125783e-17,-0.016295823988499436,0.0013584304241064382,0.0005820847913119986,0.0,0.0,0.0,0.0,0.0,0.0,0.0,0.0,-0.00013870724604608808,0.007924556379160341,0.0,0.0,0.0,0.001141358041707008,-0.002479813581557855,0.004672876316133778,0.0,0.0
-0.0034128607792766052,-0.005356377400380141,-0.015437536752205216,-0.01790636217993355,0.0,-0.0010257464127185756,-0.018407240445308448,0.00045728427633695556,-0.01415602119111159,-0.023017737208585243,-0.00615243326838949,-0.016430323364755084,-0.017629545337705832,-0.01951736756286021,-0.012089895755595659,-0.009479887323905256,-0.031866860906882954,-0.015992401274475154,-0.011366052015944539,-0.010332676744176927,0.004621176513284031,-0.009872966578555076,-0.016992530245649673,0.009787869519648718,-0.0006627746513958588,-0.006772161556909795,0.002307286545156828,-0.004305302376814257,-0.020592207865521628,0.0018693148094856005,-0.032218753437948056,-0.0012951411604827379,-0.0009938343686099471,-0.013347977359096985,0.011207976082975024,-0.03924156576896934,-0.06530139001145988,-0.005871682399972877,0.0007765846530544129,0.0071513721092117954,0.0082909767560852,0.0015605262487186633,0.052855001765812815,0.0005384245456680481,-0.000444662098059212,1.1102230246251565e-16,-0.0035351218331695633,-0.03099509379033566,0.0,-0.039341708298867906,-0.02351621571213225,-0.02276228533950364,-0.01817645346087099,0.010355869860213418,5.551115123125783e-17,0.011732497381370222,-0.01251598344367244,-0.003182994610867629,-0.01928151810039025,-0.002525986352630627,6.178342286267124e-05,0.0,-5.551115123125783e-17,0.00669693094391921,-0.008820902464381108,-0.0003554007047599783,-0.0013179145390163072,-0.00325355283837242,0.0,-4.413095068228623e-05,-0.00024851312660578717,0.002477373161241414,-0.006948206051964667,-0.028796452283608664,1.1102230246251565e-16,-0.011901408824792459
-0.013405829159734872,-0.0176986162227582,0.013318806033170094,0.0021636917326078864,-0.0010257464127185756,0.0,-0.005999405879126729,-0.029552034195843957,0.002619215278795106,-0.03195576070630096,0.0001020964049075479,-0.011405864348432049,-0.014739005405872307,2.1941315163087616e-05,-0.01791481029427927,-0.032132431565753405,-0.02089344767195711,-0.02262552256449435,-0.001593381324648313,-0.023454440327223824,-0.016448208950025855,-0.023308607681040205,-0.005818624942113881,0.0019265107326387754,-0.01858311353525416,-0.023265722622068108,0.005952785393116444,-0.01883834858660488,-0.007921911763172529,-0.01897777834992953,-0.028656265423233407,0.002188054318087662,-0.03024769238957553,-0.024056049456121997,0.0016300115988059916,0.026100513900437772,-0.007324652154526046,-0.013955281056594993,0.00017663796451361513,-0.009934583923002949,-0.014466726466901392,0.001535881449455656,0.00443257046863782,-0.004581485459660972,0.003111528065253222,-0.0021101461577767155,-0.012392338510075207,-0.010002747987354343,-0.015380586050726952,-0.03889902743619361,-0.019362169295903064,-0.025520225480522685,0.005250333667646712,-0.011394376697081599,-0.008227479707405783,-0.020721540994966925,-0.007373073841595079,-0.01582625806173754,-0.027665028632395006,-0.012825873302884594,-0.0009913515533193085,0.0,0.001325868932970542,-0.03162948647690722,-0.026804025697035216,-0.02715329714346354,-0.014417790449128387,-0.00671459025250315,-0.0001166286503107572,0.0018311125951120388,-0.004976256148573277,-0.010392881256326314,-0.009024756960778535,-0.00911872028404448,-0.008097529913407953,-0.01717020563993854
0.005161448569253713,-0.015304844375973459,-0.026817321582186027,-0.012878977205586978,-0.018407240445308448,-0.005999405879126729,0.0,-0.022379700090047916,-0.028800713108447062,-0.0027218043869419173,-0.02365043151075813,-0.021340451316038955,-0.005479993506381453,0.043013339346689716,-0.0005003472642349793,-0.023378592960055344,-0.01461007364632011,-0.025183931241493762,-0.03553272284347586,-0.02370605514039159,-0.014057831992241532,-0.027468717577057267,-0.025485549314200273,0.0010362262293281965,-0.014977518657569522,-0.009226762973405078,-0.016971584713896815,0.0015802248910163352,-0.023701779359815933,-0.002372980640381217,-0.017943872661053073,-0.0010841300754932948,0.002145099801188932,-0.006259670977129039,0.012580051352682642,-0.01955304625956783,-0.031425042599366265,-0.010943653351967175,-0.006314119948254093,0.016623822701912483,0.009865578198931024,0.0016085037970466898,0.0074338735435147685,-0.016190447436107314,0.0022740932655260226,0.0,2.5838275369338692e-05,0.0033897204916937262,0.0,-0.008809079425230348,-0.02134174327161359,-0.03225434813316175,0.0044300221575451215,0.00231773302159366,0.0016198922671503135,0.004442758521138956,-0.004473951035457613,-0.02094887091550779,-0.025266176770206372,-0.004300044088432875,-0.004898648315722676,0.0,-9.541446952299193e-05,-0.023828952562518824,-0.004423346180242593,-0.010008811589151012,-0.009872319299487009,-0.005855975120993118,-0.00021205786953742978,0.0008236963462429081,-0.00026990199505583234,-0.00042839587832499415,-0.010820671874080923,-0.023454802338374325,-0.004480722837795104,0.006304305123167875
0.03735165215294256,0.06818275319713202,-0.022300340560114096,0.029816620973224794,0.00045728427633695556,-0.029552034195843957,-0.022379700090047916,0.0,-0.018258791953539966,0.016754843307551337,0.009486284212411433,0.04953657779153092,-0.027405558985562406,0.02581316142873563,-0.021541594143397014,0.03649873620627159,0.00270791384303376,0.05253328763289822,-0.032260253487349844,-0.029664427273128013,0.011128787481319291,-0.010923221934866556,-0.00030543609631572544,0.032783981378116334,0.03386156050672223,0.038407250616988686,-0.018077453023530476,-0.025862557469000902,-0.017274949716888865,-0.010034044557049149,-0.023679814286823475,0.006272640834217469,0.046320183910298296,-0.007302361474853802,0.01544062948050573,-0.01011547266005386,0.04012332142828284,0.010017526888849548,-0.0005702097005315099,-0.021403113067986868,-0.012803251919181136,0.022928779320849024,0.030019696384196437,-0.0073639559644180785,0.0,0.012853747791788495,-0.005161091115052141,0.016827397114457243,0.0,-0.028091016118962475,-0.023918427829357602,0.011114917323735762,0.047288471508097785,0.011339496458424247,0.00027615797873592474,-0.004917337354190199,0.0001736716020698803,-0.025835159278967457,0.03536622069900397,-0.0443078361592566,-0.009424004190215107,0.0,0.0007010792050292647,0.002998525723543255,-0.04910337774906037,-0.10084444072870047,-0.010905486834834388,0.0369966984971708,-5.551115123125783e-17,-0.01125705914548325,0.003912279634326166,0.02291358005227445,-0.017799788932969463,-0.01548349534437965,0.00946070675228916,-0.022460002437177218
0.0005810030319220449,-0.013064749470897363,0.009418223156268501,-0.02645732275788376,-0.01415602119111159,0.002619215278795106,-0.028800713108447062,-0.018258791953539966,0.0,-0.0375610248522521,-0.02115032463367722,-0.03399788117242514,-0.05246719945137346,0.027464835394515108,-0.012636536488758676,-0.024181967291258988,-0.029596088034437973,-0.025509476802886066,0.0010025473780157501,-0.015036121351273912,-0.015003689148972876,-0.016430178836809084,-0.0131828346540806,-0.043608346339352344,-0.01348922336935926,-0.019637700884945652,0.034275198269203666,-0.035611980692516754,-0.028701516104307767,-0.026915943481459315,-0.04649942854783096,-0.015429213521857332,-0.03770132063027887,-0.03932190435399702,-0.0265735763041014,-0.010540179423260243,-0.028174766995650524,-0.031392000132406894,-0.00045120876760562645,0.0058313318470529785,-0.026495692834102857,-0.018053227262667282,0.014810164181924435,-0.01697659051457523,-0.009834510001225594,-5.551115123125783e-17,-0.01118769336551595,0.008582221358267916,-7.251809199471104e-06,-0.02468611926447961,-0.008245863445882295,-0.021103444166221896,-0.0025577989122420597,0.0005762804705028435,-0.010694309023415616,0.005724942434890967,-0.010463550946309907,0.005615636626249643,0.0032477427226188516,0.0003027504218725552,-0.012088646197618735,0.0,0.0,-0.015127622757002357,-0.03239682021386753,0.0051329968389710046,-0.014155072707739524,0.004399644849856665,-8.925035701307094e-05,-0.005818173325537912,-0.011601290243760554,0.027280792863144443,-0.008445807715789233,-0.014083763675917793,-0.010704315054830382,0.009830149876961625
0.026102444224475052,0.008822182151533742,-0.03298929415380403,-0.06584097664862645,-0.023017737208585243,-0.03195576070630096,-0.0027218043869419173,0.016754843307551337,-0.0375610248522521,0.0,-0.024508024087930236,-0.005470082671976406,0.002178197707762175,0.03165169657626404,-0.030265521016521635,-0.00846936894429301,-0.010002059513412653,-0.0036845847659046638,-0.03409226156977391,-0.016656351230615485,0.03963075855943543,0.007576499262456793,0.0273856822979181,0.01491771329972924,-0.016385811901953873,0.003439940893509741,-0.024835481032110418,0.013868844049388207,-0.018757073090689746,-0.0065441384357669,-0.001168400991412355,0.008396701661238182,0.02224964895796655,0.014821539097044922,0.009396597023799691,-0.030822367851804144,0.0033292384949765164,-0.004730934776359219,0.025127409221915975,0.044222872811507996,0.012499234810937676,0.023917096404721727,-0.01160666171333169,-0.003408373459982905,0.02054659140253462,0.047137858762235196,0.019479235425548136,-0.0007923215240934756,-4.117677723636248e-05,-0.0009635994953258731,-0.0019173540930905175,0.0244438409277008,-0.0004272635185842977,-0.012503978126302606,0.030028937092751506,-0.012017924288633186,0.036388705483313466,0.008211160137979678,0.0,-0.0011732069269136947,0.006230805110139737,0.03614566557321319,0.03792745961191657,1.353502245576843e-05,-0.00021990991285114614,0.04666728225789468,0.007846566151509804,-0.005910157700123264,0.021647056012781662,0.026174418482036832,0.021188368240066036,-0.008235341096480664,0.031173418454559565,-0.017593290068083633,-5.551115123125783e-17,0.029361415988881368
-0.010738160740793146,-0.013346962802624263,-0.0021778939563338318,-0.0019210791734634025,-0.00615243326838949,0.0001020964049075479,-0.02365043151075813,0.009486284212411433,-0.02115032463367722,-0.024508024087930236,0.0,-0.034127402147557384,-0.026116805038143176,-0.008139120565030189,0.0,-0.00029230934418161825,-0.03645801284712924,-0.026877223651582793,-0.026611730623396807,0.00013778295480454394,-0.004020116868688917,-0.005279006520484908,-0.03271642762322674,-0.045090390628159005,-0.019814343914133004,-0.01549386575419126,-0.012447635536701085,-0.0226833727611071,-0.04967907068284788,0.0036575297193002787,-0.0362960861381762,0.0007697566959123936,-0.04389562596327801,-0.0243823580940854,-0.024717914312891,0.01654760353015311,-0.01675874424617435,-0.022555525403539167,-0.0014938719988574212,-0.009158057443733436,0.0094381887178282,0.002316875790842887,0.035827155156813895,-0.0008161146356841509,0.0004230158279321383,0.0,1.1102230246251565e-16,-0.041005661469664834,-1.4042243862144588e-06,-0.03823644630985079,-0.05189908360218448,-0.04549514494182477,-0.012412202163888886,-0.03156767652202441,-0.017532895981897334,-0.06963400547088527,-0.01965808790762802,-0.03950205536138912,0.018473231123018685,5.551115123125783e-17,0.0,0.0,0.0,-0.12244396128379775,-0.008172119682004486,0.0,0.00029370378859222557,0.0021680061207875467,5.551115123125783e-17,0.0,0.00040769259306111527,0.026777949260637146,-0.0456805096096895,-0.01976380006608186,0.0,-0.009021254762573705
0.006892745648521548,0.02373133999412569,-0.03398670544648019,0.006591533640594394,-0.016430323364755084,-0.011405864348432049,-0.021340451316038955,0.04953657779153092,-0.03399788117242514,-0.005470082671976406,-0.034127402147557384,0.0,-0.016390688134794384,-0.033453764332721736,0.013594506643757442,0.007181349679571458,-0.011613783063345817,0.0016716616719630872,-0.03835634622651002,0.014949841523538565,0.009635122253097761,-0.019557340187114247,0.04019097911490066,-0.012338313872560125,0.0017307713221005883,-0.02201867741699659,0.0067693022322792284,0.00242799292025625,0.026057593379112787,-0.01794239038762152,0.005520513284756223,-0.008397912396568064,0.012935951108639765,-0.019366756006888697,-0.009113015864033736,-0.003153370366199615,0.0016211531722720163,-0.020905220218616072,-0.023577813536092396,0.019993938264898647,0.0062718061269501635,-0.010791621619324843,0.01402589638927454,-0.006698592416740257,0.018810462521172633,0.045958919296415546,-0.003962456114763868,-0.0037621841499725917,-0.0015541245746987509,-0.009768189313605014,-0.0005999401958782791,-0.005356758217075597,0.0007130113638049163,-0.01134992129517376,0.015325941792285636,0.002587253360045505,0.03287170368830017,0.001641782842461248,8.872197759063338e-05,0.00011675171102443205,-0.013595681485904565,0.019827127318739868,0.02427409746806941,-0.0037586395857979737,-0.0022949524378929054,0.027369048297172627,0.0041293256449485005,0.050783935304956396,-0.006389017192903246,0.01836429299847364,0.011645819346212893,-0.00802546209265148,-0.0027494233934591272,-0.011465050277026656,0.0,0.019287135254014376
-0.016010791847425265,-0.021138805861711463,-0.03279255811815612,0.008496425976960154,-0.017629545337705832,-0.014739005405872307,-0.005479993506381453,-0.027405558985562406,-0.05246719945137346,0.002178197707762175,-0.026116805038143176,-0.016390688134794384,0.0,0.04776532545338125,-0.014935298943419995,-0.03345797179055504,-0.008944292280527233,-0.02341030177883663,-0.035424763747433585,-0.029143485047715745,-0.020128075121507605,-0.0334396027282729,-0.02673951627477339,-0.025559423466516407,-0.01650799711794082,-0.013448126345490752,-0.023733171088752447,-0.02599603559513569,-0.02565101824598065,-0.05141114050630696,-0.015119712743267844,-0.0032600151682664613,-0.021231719842405072,-0.007765878255750758,-0.0002800905610162441,0.005406997018721771,-0.019475624272076386,0.0017934976739737984,-0.06492281019307333,-0.008026058320945328,0.004427263051005992,-0.024296060746060222,-0.10404769666469782,-0.014120981094146001,0.007285690221241481,0.0009018726682354927,-0.0032241113794140297,-0.0030401250915897404,0.0,-0.010783809599444638,-0.0254822025603767,-0.03427015536253292,-0.030372026958049136,-0.011711791653774228,-0.01134896888621989,-0.039956465981303646,0.004670450997393494,-0.02554802601548173,0.0014224743468126966,-0.028757698823272393,-0.0011971637311914418,-0.0013439059208791848,0.002582431554491005,-0.0056192045413546166,-0.026687895042485088,0.005658153075514316,-0.004890091922661821,-0.014182588112344907,-0.0031425564171135845,0.004972992275735333,-0.004162144131785339,-0.014978147748694104,-0.014334408647325547,-0.02758993164736312,-0.007451707998728463,-0.02582126397434903
0.03697707183119414,-0.002640081983831144,0.0012362817917733748,0.025013482462884096,-0.01951736756286021,2.1941315163087616e-05,0.043013339346689716,0.02581316142873563,0.027464835394515108,0.03165169657626404,-0.008139120565030189,-0.033453764332721736,0.04776532545338125,0.0,0.000448589465028959,0.0011336268071610034,0.0001886869875002417,-0.00028339333586208104,0.0027810315413496767,0.003168004285294179,0.002145847056538419,0.0008970309869013038,0.005163633881250573,0.04428937665521332,0.001523170374048588,0.03668198461722977,-0.0014949181939960532,0.11421535140791078,-0.040968493617349167,-0.0016345738385878938,0.009457992772112123,0.08550383178093807,0.0023284475807615612,0.006708279967159891,-0.012948837402519675,0.00668746624313582,-0.012093728316024316,-0.005021846276678066,0.044014277454793915,0.0,-0.00019705946323211876,-0.00047033198416795985,0.024446511273713112,4.042058149578143e-06,0.0,0.0,0.0,0.01933146057377494,0.0,0.0024036699769135472,-0.0324396087712544,-0.009191893354800973,-0.010061928391502939,0.007051884678702658,0.0,0.016527285555407334,-0.00030873321631164075,-0.011911340324701924,0.010413629476957287,1.1102230246251565e-16,0.0,0.0,0.0,-0.03391984536476017,0.0,-1.1102230246251565e-16,0.0,0.01661491316892849,0.0,0.0,5.551115123125783e-17,0.04520252386171347,-0.015621246821904133,1.1102230246251565e-16,0.0,5.551115123125783e-17
-0.014005885019167164,-0.008992870520554919,-0.01979501232847719,0.010212940479964294,-0.012089895755595659,-0.01791481029427927,-0.0005003472642349793,-0.021541594143397014,-0.012636536488758676,-0.030265521016521635,0.0,0.013594506643757442,-0.014935298943419995,0.000448589465028959,0.0,0.005036912691454287,-0.014176001821223305,0.0029053600896981058,-1.1102230246251565e-16,-0.022275895131362577,-0.0015526666995023253,-0.00237387357404123,-0.03749315291457361,-0.05922333420119297,-0.0022224589454199473,0.01723395620810192,-0.01865742887949906,-0.014582659477061666,-0.026848654312264242,-0.01203433637033563,-0.009810373654269566,0.005383853776129266,-0.01746548319620489,-0.024499965461309947,-0.007553935883390539,-0.034935800557405416,-0.020407695221341615,-0.0002505062336917163,0.0078453047863703,-0.003154031353476361,-0.006918979095477562,-0.006873475055576617,0.02169937858508808,0.004568017780161415,0.0,0.014726142447730128,0.004186090041285395,-0.009794073469952924,0.0,0.0,0.0012277098795629993,0.0033249202251108834,0.005898474380852559,-0.010478846260441377,-5.551115123125783e-17,0.0,0.002266066491951213,-0.02262982014306092,2.301882899002905e-05,0.008032834677433709,0.013633833030580689,-0.000804617151919429,-0.010293528687558673,0.0,0.01479607728584259,0.018350818002964897,0.011586068045018105,0.022669197457615753,0.000173762825067314,0.009830989909886012,0.02661296522372747,0.013380789521014291,0.007528969854699363,-0.016485451767472903,0.002103885432964081,0.010121880658391758
0.00036725005537019406,0.0026248110736058483,-0.004152084358298724,-0.000446128152967018,-0.009479887323905256,-0.032132431565753405,-0.023378592960055344,0.03649873620627159,-0.024181967291258988,-0.00846936894429301,-0.00029230934418161825,0.007181349679571458,-0.03345797179055504,0.0011336268071610034,0.005036912691454287,0.0,-0.030195116529564636,-0.025566753119863672,0.00036120693984514896,0.001018983099937587,0.006523935687860971,0.006792647853322287,-0.01003767139433831,0.003043766641757817,0.003816929084734799,-0.001931260744839236,-0.017472709753172944,-0.03269163648493778,-0.009554822856535528,-0.03866475717752388,-0.009127812882705866,-0.014104812798299171,-0.008197295570402496,-0.0052474112248094285,-0.024930834574379557,-0.005410669910221655,0.0005106029667624745,-0.031327294543687156,0.0072959781138688395,0.00959443062280152,0.005109655678649294,0.008183250861172331,-3.0014796702837465e-05,0.0,0.0,-0.005141070287052407,0.008102377777026049,0.0,0.0,0.0,0.008486380358823875,-0.006420783461630275,-0.003895579875212496,0.0,-0.007302327193270619,0.0,-0.0031266233460746085,0.005949572401395986,0.0,0.003577037343049705,0.020427145587584572,-4.293386368869889e-06,0.008192998369650983,0.0,0.004147494058561574,0.010547289692464268,0.0019219922644067577,0.005014053386712847,-0.030614622797785374,0.01532451649460137,0.007887072840333187,-0.00034586906767392067,0.004045358556344247,-0.016862047854216744,-1.1102230246251565e-16,0.014122243141976687
0.02431354889680304,0.019557684333054326,-0.005899091100896536,0.0008005141994814613,-0.031866860906882954,-0.02089344767195711,-0.01461007364632011,0.00270791384303376,-0.029596088034437973,-0.010002059513412653,-0.03645801284712924,-0.011613783063345817,-0.008944292280527233,0.0001886869875002417,-0.014176001821223305,-0.030195116529564636,0.0,-0.030667500922593738,-0.014468842518634562,-0.00027843533463789427,-0.011191035624018353,-0.0003317713632296493,0.04776909655922662,-0.011483084037685665,0.0011351742580896773,0.004039944543893892,-0.011603204509337994,-0.008054825870224491,-0.0017069836301139008,0.0026169488654048667,-0.019352046583594795,0.000315795120671869,-0.00516895988450361,-0.0024685373546124434,0.01655878055630544,-0.012171911410253922,-8.323022075701347e-05,0.0009940820870715794,0.015448344067327535,0.02797396976614669,0.028940878854973262,-0.0029892293663357217,-5.551115123125783e-17,0.0,0.009659012174858761,-0.023429993314237063,0.00915988157657821,0.0,0.0,0.0,0.0,0.0,0.0,0.0,0.02476077900242707,0.0,0.029782409891737083,-0.0016375019926536116,0.0,0.000335291173599761,0.014674550136845488,0.030201122464702468,0.022249891037086855,0.0,1.1102230246251565e-16,0.0,0.01269405204515428,0.0,-0.025601155807130183,0.015941576477279618,0.018837881262160516,0.0,-0.005609240401905746,-0.00018088622587886238,0.0,0.030163228384674057
0.009609650251007296,1.262764417625517e-05,-0.014902976436376225,6.873888763886393e-05,-0.015992401274475154,-0.02262552256449435,-0.025183931241493762,0.05253328763289822,-0.025509476802886066,-0.0036845847659046638,-0.026877223651582793,0.0016716616719630872,-0.02341030177883663,-0.00028339333586208104,0.0029053600896981058,-0.025566753119863672,-0.030667500922593738,0.0,-0.030691648075235112,-0.007665650941527158,0.03778804292938337,-0.00619687282608139,0.02553549465077315,-0.009399783798030026,0.0007894597802008407,-0.001276859522304441,-0.014481337161282304,-0.02636560709043778,-0.015961704703793766,-0.004460978566521168,-0.011370421349891746,-0.006222621788489036,-0.009855567736724413,-0.0009132523077430288,-0.005248273422024885,0.010048536645049677,-0.00013871439940510433,0.000574171200399265,0.010349140877591478,0.009241372977419782,0.012447189403302805,0.015745342665693274,0.0,0.0,-0.018769018130964488,0.003154541358108276,0.019814211064111242,0.0,0.0,0.0,0.0035858594349225115,-0.0005850031524665122,0.0010517716257902876,0.0,0.0010442575291378375,0.0,0.013011353207790621,-0.0038716918160863756,0.0,-0.006319180443146777,0.017447313022320554,0.0023920910346199586,0.0045210090848291085,0.0,0.01202963965478282,0.0049695455076932404,0.005087099526506378,0.0003282473834348987,-0.02983916728627689,0.006244052688476942,0.009704423015180152,-0.0029861575336794233,0.0030978274738658884,0.0016193450514983554,0.0,0.012739466177400016
0.0,-0.009592736815623337,-0.025822000445044457,-0.012485090353198836,-0.011366052015944539,-0.001593381324648313,-0.03553272284347586,-0.032260253487349844,0.0010025473780157501,-0.03409226156977391,-0.026611730623396807,-0.03835634622651002,-0.035424763747433585,0.0027810315413496767,-1.1102230246251565e-16,0.00036120693984514896,-0.014468842518634562,-0.030691648075235112,0.0,-0.0007831813402262022,-0.019006239461890506,-0.010408302371802458,-0.040479736303175695,-0.003357577721609495,-0.02715144053704216,-0.009064717998495564,-0.016526054234611565,-0.03166138942230934,-0.07659618526337303,-0.020197476972509065,-0.045195980263298685,-0.010916392961592858,-0.00861776996851199,-0.03354874576478034,-0.029449781335255443,-0.013686276551295395,-0.035421008709712654,-0.032651235521705235,0.020300651216522303,0.00010759374885438433,-0.013376799257149241,-0.01302146536433113,0.05989236855450264,0.009258509537046156,4.418106468945249e-05,0.0,0.0,0.03132122532450532,-5.551115123125783e-17,-0.03528378577798558,-0.027232835019223467,-0.005725129908615401,0.0020609764787199447,0.0011196353459522745,0.0002465224883441697,-0.21954340878105857,-0.01570521841525907,-0.015146071563332697,0.0037652502938206323,2.220446049250313e-16,0.0,0.0,0.0,-0.028557606051020257,-0.00015570799262348833,0.0,-0.00029543308460128204,-0.004136515719318945,0.0,0.0,-5.551115123125783e-17,-0.00653262944150701,-0.0317492847977045,-1.427416197019582e-05,-0.0005368123753957121,-0.020641601594217462
-0.017359944352078327,-0.01664483809616285,-0.00912252916996048,-0.007629589802802594,-0.010332676744176927,-0.023454440327223824,-0.02370605514039159,-0.029664427273128013,-0.015036121351273912,-0.016656351230615485,0.00013778295480454394,0.014949841523538565,-0.029143485047715745,0.003168004285294179,-0.022275895131362577,0.001018983099937587,-0.00027843533463789427,-0.007665650941527158,-0.0007831813402262022,0.0,-0.013768248535076577,-0.0021692470204436876,-0.09161347191737976,0.00821122331533991,-0.003835310285358662,-0.013290990102373612,-0.023549538857324526,-0.017348103748268118,-0.0021596456545470155,-0.012347269000488104,-0.009732408300813122,-0.007981379391482635,-0.033538863217907056,-0.038360944169954336,-0.019542279117723604,-0.014109824431036977,-0.012177935060701195,-0.042695993005465005,0.004238727284716692,-0.006257399349422099,-0.0028152672449567318,0.0055556822714231124,-0.018416467190556618,-0.004679441677187368,0.00011588036075116381,0.0034926997170214302,-0.00615073824897161,-0.018007703904150962,0.0,0.0,-0.013842072922473414,0.004677744235268899,-0.01163785426665137,0.009037161033600472,-0.00032897721103652966,1.1102230246251565e-16,-0.007977709225270246,-0.038290297467291234,-1.1102230246251565e-16,0.006133195267359615,-0.0006866631080397201,4.7747063816938606e-05,-0.0030104925889679057,0.0,-0.017033605242130545,-0.004899863262111059,-0.003996684121438998,-0.01431437840956501,0.0,0.008579210341621124,0.005202258385706038,-0.020365110156693733,-0.030151876676688283,-0.024670823025959132,-0.028834758630702506,-0.007196962288406439
0.005309139208552138,-0.011858028128577003,-0.025161290461645835,0.00025758365379718873,0.004621176513284031,-0.016448208950025855,-0.014057831992241532,0.011128787481319291,-0.015003689148972876,0.03963075855943543,-0.004020116868688917,0.009635122253097761,-0.020128075121507605,0.002145847056538419,-0.0015526666995023253,0.006523935687860971,-0.011191035624018353,0.03778804292938337,-0.019006239461890506,-0.013768248535076577,0.0,-0.0018663147477205877,-0.009141265899802797,0.01130957986685277,0.041881134167162604,0.027124967066018024,-0.017777286586317054,-0.014534168553389015,-0.00561871700660771,0.018758953959763902,0.009042786523932922,0.018005479905815913,0.0238829090526102,-0.0016880168351527391,0.006941406240342618,0.005405943177520134,-0.016271937036361928,0.041360076043805316,0.023456190588136805,0.035956749412168476,0.009016938798922736,-0.002980484297543995,-0.02593328310398585,0.0,0.0,-0.024149132101359883,0.008792143073831804,-0.0013087107498827022,0.0,0.0,-0.021293610293612153,-0.004986394020112084,0.04121257841814063,-0.02381709560751416,-0.0016474036667943892,0.0,0.005029047646123053,-0.028343198745514497,5.551115123125783e-17,0.011708342044117193,0.01532451015695152,0.0,0.003185202988717939,0.0,-0.001584485333972041,0.028179422810667265,0.008377411149507963,0.040391912409610986,-0.004270190510743621,0.020350855172177662,0.023518310898013595,0.004268047011291631,-0.002236412541216537,-0.005018928065662842,-0.014261684678737951,0.016091384268872633
0.002250353267523708,0.007790504898207928,-0.0002618070633375602,-0.028059435290243462,-0.009872966578555076,-0.023308607681040205,-0.027468717577057267,-0.010923221934866556,-0.016430178836809084,0.007576499262456793,-0.005279006520484908,-0.019557340187114247,-0.0334396027282729,0.0008970309869013038,-0.00237387357404123,0.006792647853322287,-0.0003317713632296493,-0.00619687282608139,-0.010408302371802458,-0.0021692470204436876,-0.0018663147477205877,0.0,-0.013341915570542762,0.08366143257941133,0.0017094806405502094,0.01210934386129714,-0.010733041106462005,-0.023228558992992865,-0.012803586081013285,-0.026316981718067012,0.0011912832897172376,0.0020311306577960875,-0.017983020643902503,-0.0251832222455452,-0.010791287904132085,-0.008306128011394576,-0.014068442662866443,-0.013813630534872945,-0.0023614001847571675,-0.007759370580404934,-0.010472667605921304,-0.007650631374270578,0.006948712700113324,-0.010385864974583381,-0.0003490310037776445,0.014908695089584034,-0.0008836606780361356,0.007383339475428907,-1.2657771849333699e-05,-3.8915865772648495e-06,-0.023202799409590136,0.010137197175353996,0.007261528425130337,-0.01628465566021292,-0.006329878733432548,0.0,-0.015607410380228226,-0.00035385008826471775,0.0,-0.001486855207618154,0.012405529265063053,-0.002236508883955768,0.01798392041919722,0.0,-0.011141021682254504,-0.003535997033644156,-0.01571958923535205,-0.0009782122504548019,-0.004073546160202723,0.010194135799066806,0.0058832817506568325,-0.0054128495128396015,0.005222654060320631,-0.014702773098367483,-0.0032147652286917405,0.006504835993956182
0.0028021319935982447,0.001101531081084961,-0.02308646025571509,0.01016288597742393,-0.016992530245649673,-0.005818624942113881,-0.025485549314200273,-0.00030543609631572544,-0.0131828346540806,0.0273856822979181,-0.03271642762322674,0.04019097911490066,-0.02673951627477339,0.005163633881250573,-0.03749315291457361,-0.01003767139433831,0.04776909655922662,0.02553549465077315,-0.040479736303175695,-0.09161347191737976,-0.009141265899802797,-0.013341915570542762,0.0,0.010420042500782045,-0.0013972493884015225,0.010952774418516664,0.011349021825550143,-0.022356150316506618,-0.022417504545163613,-0.005007256987135056,-0.02488378526849705,0.003765856051461458,-0.0035613983669512406,-0.016023297658191493,0.0010470354649215752,-0.03087602847978166,-0.008155331997977633,0.04859542836927194,0.004694704372814995,0.01031285480040578,-0.010173057209014513,-0.0003227308855703881,0.007861452472039732,-0.004728950724736114,-0.0024522724532652362,-0.015801690868575524,-0.012506510919129854,-0.005032636429767923,-0.015622572558114167,-0.018343462607619265,-0.009699198444217072,-0.012727819067328783,0.022389422588191044,0.010712243003690336,-0.010430807513553075,-0.1424993260530683,-0.021671962425067914,-0.011358049827301486,0.026912365707957464,-0.0023648646415445618,0.022972290702196307,-0.00011615001325410157,-0.0067032354045814535,-0.1195504807945652,-0.013564373410202779,-0.004082004800755601,-0.01746493615095268,0.02108112533172357,-0.0004476190255436885,0.022687245197448136,-0.007574864285908867,0.0033360116510414706,-0.0049635265999727896,-0.005867361414768457,-0.0011218302103995215,-0.008928103227019257
-0.0020758395180499045,-0.0006298744289952585,-0.00119441004822457,-0.015164240077604751,0.009787869519648718,0.0019265107326387754,0.0010362262293281965,0.032783981378116334,-0.043608346339352344,0.01491771329972924,-0.045090390628159005,-0.012338313872560125,-0.025559423466516407,0.04428937665521332,-0.05922333420119297,0.003043766641757817,-0.011483084037685665,-0.009399783798030026,-0.003357577721609495,0.00821122331533991,0.01130957986685277,0.08366143257941133,0.010420042500782045,0.0,0.001971734645868639,-0.008125681991599909,0.003723680210949487,-0.0027045945652415804,0.020812113877868244,-0.0039106317418023395,0.018195101376290213,-0.056242825361372595,-0.013441049432851015,-0.01588440015807524,-0.0163680784153859,0.1546800520887967,0.028311150156879406,0.004921407868137551,-0.010878763200374453,-0.0029885377368301103,-0.07421719819258715,-0.13447910717245481,0.01591597811929113,-0.0034278588547121958,0.00360037207682401,0.038037187157509256,0.008788632482661984,0.0,-5.551115123125783e-17,0.0004587712734129279,0.00037101949674905876,0.0003931220701868243,-1.6653345369377348e-16,-0.0008172617198884402,0.011269804757634061,-0.0006012228932376074,0.022532460168862567,-0.0504675475845347,0.0,0.0016983490782946364,0.011995724087522197,0.010724672193750506,0.012072213610107518,-5.5907051443149225e-05,0.0009356640065605881,0.029269695608460766,-0.001559134663832007,0.001420788105306936,-0.04017955017159297,0.011597054539446872,0.012398776996689787,0.002197441369484854,-0.007477937155389636,-0.019128629599303337,0.0,0.002113214440093769
0.0234924245267491,0.006652313294075118,-0.013895591891894599,-0.0003043793419887919,-0.0006627746513958588,-0.01858311353525416,-0.014977518657569522,0.03386156050672223,-0.01348922336935926,-0.016385811901953873,-0.019814343914133004,0.0017307713221005883,-0.01650799711794082,0.001523170374048588,-0.0022224589454199473,0.003816929084734799,0.0011351742580896773,0.0007894597802008407,-0.02715144053704216,-0.003835310285358662,0.041881134167162604,0.0017094806405502094,-0.0013972493884015225,0.001971734645868639,0.0,-0.00022841652923272227,-0.02012519765067261,-0.016488238422505075,-0.012778648171846152,-0.0018811534100153238,-0.0017596772457671994,-0.003914553470222126,0.0003466433867851948,0.002888431245107237,0.0011310297494639965,-0.006645423861262545,0.002270491374603556,0.0003618526651151255,0.011076473409427912,0.017732646734541113,0.017713630407621472,0.025258288263671158,0.0030052143644133666,-5.551115123125783e-17,-0.006666000915877379,0.009392683019669612,0.02657031391078779,5.551115123125783e-17,0.0,2.220446049250313e-16,0.004277634552499909,-0.011529601659849675,0.008400186698147738,-0.0012929327058491813,0.014735037993701072,0.0008160751687132373,0.021807023813959936,-0.008704162337855093,0.0,-0.015441094527682053,0.02502407459849132,0.01717588834256434,0.007023117055994843,0.0,0.013314671634903297,0.009749947116918956,0.008136800465581073,0.02456951751093167,-0.025611558044267735,0.012004491891965119,0.013148006829032943,0.00492045377317879,-0.01461547267493335,0.014704274563419717,0.0,0.0202006024788402
0.01812945391934362,0.0036960470464675876,-0.04416551542471614,-0.0012489026179228202,-0.006772161556909795,-0.023265722622068108,-0.009226762973405078,0.038407250616988686,-0.019637700884945652,0.003439940893509741,-0.01549386575419126,-0.02201867741699659,-0.013448126345490752,0.03668198461722977,0.01723395620810192,-0.001931260744839236,0.004039944543893892,-0.001276859522304441,-0.009064717998495564,-0.013290990102373612,0.027124967066018024,0.01210934386129714,0.010952774418516664,-0.008125681991599909,-0.00022841652923272227,0.0,-0.01505601632558462,-0.010798453016956033,0.007257841354980976,0.06487443074061527,0.0082910188857937,0.0019568437963862206,0.0005649069321858602,0.006557935864417941,0.00033871957060604974,0.039314393434839334,-0.0030964040237699275,0.00779520880237905,0.0036682577051933563,0.011406755456786655,0.012398592914541429,-0.005468875968645426,-0.03407389873154931,0.00010916140596828328,5.23639308460111e-05,0.009637892589915986,0.0054967779823976715,-0.003910198894550909,0.0,9.098523035100392e-06,-0.008838579419618797,0.010614807121748782,0.03422963987240468,0.003895409822402829,0.01273423883649294,0.0,0.017717358367421387,-0.007634847787016064,0.0,0.010601276676496074,0.017173705153498198,0.01761129542083517,0.009553583799855547,0.0,-0.0077095122889647705,0.02081429715965133,-0.006534088675636596,0.003625572800409871,-0.02872543665811833,0.01062283727294977,0.0131489400010667,0.004594332689277891,-0.00338732671852221,0.0020088852511147004,0.001084474945711067,0.021320277218666694
