0.0,0.7317523455430639,0.39263919847155193,0.0,0.6199579304579882,0.5161933378218367,0.5855740054489968,0.7894532488608704,0.43424821000157,0.5446015779916693,0.5226278648689425,0.3858556499401842,0.7491885013940935,0.6767685211041092,0.5320382523782753,0.8362725521516644,0.40569287674913207,0.6240864328403554,0.0,0.6542960483683125,0.436579912147558,0.8178612911950438,0.5299802398676234,0.489418452750219,0.4359699467319378,0.5414735111325583,0.4347887798789245,0.6269304441296959,0.5488536288180186,0.5221902049320181,0.48644219756897156,0.5862661466880981,0.5112845334221902,0.47803497282331,0.5804133301401718,0.7931977738706746,0.5002312336067404,0.507126518120567,0.5872386739691309,0.649563570144597,0.5343177492050628,0.60064593337345,0.5103454561882486,0.0,0.29430885542933477,0.7015819125701384,0.6231270672516069,0.0,0.0,0.0,0.5593409115874381,0.0,0.7273445061353521,0.0,0.4946885013737708,0.0,0.6384505357008843,0.8415159581753529,0.0,0.2541460533421404,0.7003173198366313,0.6704816001264773,0.6232854906057697,0.0,0.5241441157975026,0.7622972107563872,0.569784985718736,0.4393559175068693,0.46432776006548393,0.6351831940913157,0.6623283243313793,0.5601838350540018,0.4548458523792931,0.6724866906697065,0.0,0.5244606020602608
0.7317523455430639,0.0,0.516057951736171,0.40107466883214427,0.7156582340935352,0.48084260205018564,0.49122199777822684,0.5977131100377555,0.3309127346640659,0.5740623657680263,0.45084452056034346,0.38549615640935536,0.5406928772421328,0.464576285190916,0.6477562906664736,0.8666294376772505,0.6661460457726206,0.7819558924080966,0.6961121205781189,0.6997189332312315,0.7318946237738009,0.8893787890448923,0.6089865133821444,0.6547659621787357,0.5839794097412427,0.522831190169803,0.5178103121699027,0.7403512322064894,0.5261833724426193,0.6099109763513931,0.49826732205626373,0.4917915639097672,0.5088813888034498,0.44167706775317916,0.6608485245742405,0.5458913722007667,0.05760659084885672,0.0,0.7315213158450391,0.9170547633319468,0.6150818404973964,0.8569925132813387,0.6050435224191404,0.0,0.0,0.7329712795728278,0.7327564369681401,0.04003430403903602,0.0,0.0,0.7350179894403912,0.7348759432375372,0.48548099843021225,0.7799285030240931,0.7077429991320352,0.0,0.552269810340859,0.8455232920275442,0.0,0.6835972360241397,0.7763948645029265,0.7915064136004502,0.8417516259527656,0.0,0.7721308932419809,0.8154156853619728,0.8087286457766811,0.6192083649973927,0.4768551975567771,0.744694926997916,0.7560765546274508,0.6634275682969929,1.001404691684705,0.8034330052206718,0.0,0.7963185819533425
0.39263919847155193,0.516057951736171,0.0,0.7239922159650406,0.4544384539271773,0.5268751405611147,0.6290347516316339,0.6969532951865651,0.5055097234970597,0.7045298266677202,0.6320908203782006,0.7006927670988363,0.7123868822442676,0.6887708524492315,0.6669079198332528,0.39060537482775304,0.7983551481028331,0.6810255352962933,0.6551132592726863,0.37311216438855704,0.6379522144381309,0.5218194322174642,0.6928674845315724,0.6155846306267057,0.7343079252487532,0.7572922370472723,0.6176660147850963,0.7229963531341805,0.9135748087257003,0.7110380090342849,0.7761195440482541,0.7901841727545145,0.7603817226582816,0.8482611319289413,0.7096010737339021,0.7101998587929388,0.6983259026474289,0.6554046695889544,0.47083875719191876,0.47443763734883637,0.04406300515269945,0.32794711598582904,0.4049836932842148,0.3979977694129731,0.0,0.0,0.43277365305570137,0.6134767031099706,0.510466666553343,0.4827730244286294,0.6436422256489754,0.5963187220401278,0.566951085260216,0.8619646027864464,0.4661910686643792,0.639290806313403,0.8199530984752529,0.46536514023181574,0.5611770195475694,0.4005741198895173,0.0,0.0,0.0,0.24476579953955427,0.8749793367009004,0.43903878892660336,0.2885959041249867,0.5550669725514176,0.0,0.5861686888975093,0.632539973881237,0.6943801579055625,0.556366579589752,0.7892911296882057,-0.16119485709161063,0.6455205621631335
0.0,0.40107466883214427,0.7239922159650406,0.0,0.4286364105006581,0.7760314988066623,0.4694219954261434,0.5077891481309925,0.8098961810507074,0.1534355016913797,0.5757617368504349,0.28036265105957087,0.3818668746088041,0.4440340376755666,0.5976806708588779,0.27831737757691744,0.5812744065903699,0.5105607295736304,0.7324351446193191,0.7723187147708086,0.4884083086517377,0.6357941719657858,1.0138911403384903,0.22427666983291902,0.8615405777781349,0.5876373789097711,0.82721087162829,0.44272280069589576,1.0490205735284797,0.5206178871375705,0.7353523967799805,0.6538876113133686,0.3380178577245733,0.65354894972416,0.9289984550659838,0.3509125343253463,0.46804917196999013,0.2893370478563848,0.2441377166286026,0.40502481886046293,0.7497117456547153,0.2673513533182325,0.06609082937372032,0.11102607801080008,0.0,0.0,0.0,0.4695341432679657,0.0,0.0,1.1401634203680204,0.0,0.48679659478947757,0.32175297801372704,0.0,0.43985075381169714,0.3980797443715389,0.5030697813070458,0.0,0.0,0.0,0.0,0.0,0.0,0.0,0.0,0.5146553119814252,0.8285078069291082,0.0,0.0,0.0,0.6772163034618002,0.9991551297923836,0.6639499160578533,0.0,0.0
0.6199579304579882,0.7156582340935352,0.4544384539271773,0.4286364105006581,0.0,0.22029837220901818,0.37760833422299867,0.5337173205078772,0.30266920776257145,0.7657804372173451,0.4435762154632201,0.552658369590869,0.6582202420485985,0.5195774038503462,0.7446556206675297,0.7838983735655844,0.5910021680230717,0.6155551406949324,0.4708779661238053,0.5566322027243956,0.798505167406355,0.6430660387816642,0.6101016291464465,0.6484509048123153,0.8695559581376676,0.5583370163544871,0.36137891846605186,0.608249502598084,1.0922560947303677,0.5189149348239698,0.7153448449257157,0.4030266898309072,0.7272041681899375,0.6537180708437956,0.25019962116775496,0.38947537282826705,0.5816616138262078,0.6361007109462341,0.16931861752663088,0.48695234708726315,0.44577755698332244,0.49775824712109007,0.39508322267618623,0.3966434184362158,0.3801603775791267,0.0,0.3878331984801432,0.5964761152648749,0.0,0.4130646998161326,0.6644725540976963,0.4125501979423386,0.3938048241800387,0.5938198731466495,0.0,0.5724624159231049,0.4355583168453241,0.48930918058045314,0.4231271306137806,0.3927556408552313,0.4843183687553816,0.0,0.0,0.6171072776508726,0.7092026528980107,0.49909271385828946,0.7487461543287222,0.5864671867212008,0.0,0.47513237724988955,0.7155911611083465,0.6122480502717009,0.5327289852039299,0.5930956037117794,0.0,0.5358212564080863
0.5161933378218367,0.48084260205018564,0.5268751405611147,0.7760314988066623,0.22029837220901818,0.0,0.5232339404944417,0.5671229813890439,0.3197073845667028,0.7290266975867723,0.43152254415336433,0.7913877414846521,0.7201075625175716,0.4978285964102057,0.549796274464219,0.6200040593036942,0.41140470014321295,0.6181093807411048,0.5174296195320303,0.504813274756787,0.6457269866282747,0.5454105646235563,0.516574351311083,0.46612824964029903,0.4752772408801754,0.4497513973233758,0.4967726410509279,0.7060948114949461,0.5285821879334494,0.5823748603356442,0.7213865009828138,0.6549962811997005,0.7956047437443412,0.7046531822294508,0.6108795402355627,0.7289924918821782,0.7870513644938919,0.62548748583151,0.7836389754488697,0.5937850955810744,0.17382882484876314,0.1330040057580983,0.4970575341027424,0.8331497716400258,0.28047015918569657,0.6254438360878805,0.5411059834897617,0.6760809897590125,0.8266452788456974,0.4523841239450701,0.6542512800193935,0.7046445391602795,0.5223135240771835,0.699317366556812,0.8622049039561304,0.7058817828471071,1.0233764448897604,0.6660312493743239,0.5680748015521798,0.6218157520993524,0.747290328786763,0.0,0.7822197868191796,0.5625419208615596,0.6165123659002293,0.5078671702749742,0.546010237233622,0.5938401290486601,0.5520699179275304,0.6649396976867161,0.5806408377042378,0.6053996328459044,0.6345412175127831,0.6518123759799528,0.5728991483634782,0.7227336195869738
0.5855740054489968,0.49122199777822684,0.6290347516316339,0.4694219954261434,0.37760833422299867,0.5232339404944417,0.0,0.6037497963190536,0.4719570250941383,0.6075833851558656,0.5957446732961036,0.5286236059778292,0.732777721487307,0.4378745284707727,0.5668405828523027,0.6071050720924704,0.48220018667739023,0.5963790367315207,0.5188224950844207,0.7604750200248398,0.44404577734426987,0.6193734818184047,0.7385261254964229,0.7062583668820726,0.5224043585709375,0.5929960009366722,0.5663803222292887,0.7407113610906104,0.6826126333703677,0.4287233972380687,0.5751485652034458,0.6416987528896952,0.663527120781247,0.6217551066895137,0.520565368531316,0.6441521003312987,0.5147365630492275,0.8288302150308814,0.7875594578125054,0.3022162730336925,0.5814714176273298,0.4118868694314676,0.6876489292157304,1.0751126510648819,0.2629054987015874,0.0,0.6372018631680203,0.5355425296795624,0.0,0.37198924662258964,0.6758989373841044,0.6501273825947769,0.41261273835836515,0.7376860068123771,0.6716034415330567,0.4919672566589208,0.6236739615716991,0.6026879644241703,0.11489315644885295,0.5033559009395179,0.6563438998002072,0.0,0.5163934600724421,0.5531507202859355,0.7946252511385674,0.6721989159287386,0.7228719294357946,0.655251785230506,0.511613593464157,0.7025890109940303,0.7094482724849537,0.6437779838932483,0.7229883044151373,0.5791050589225988,0.9652719657221469,0.7118534514838379
0.7894532488608704,0.5977131100377555,0.6969532951865651,0.5077891481309925,0.5337173205078772,0.5671229813890439,0.6037497963190536,0.0,0.7060379607849094,0.6991452819477032,0.7458750337492661,0.7263702650752126,0.7568190510417951,0.9236826475694673,0.5122613076005567,0.7767858803092622,0.7185465885635951,0.7531413681275924,0.661879206782785,0.48044095206821064,0.9022298048310153,0.6373588665161997,0.6846217682708009,0.5211663576858999,0.704423796327036,0.5291424255713653,0.5200806162210363,0.7120543609194251,0.6187753768129062,0.7179630288442295,0.751133448071079,0.7654522518962346,0.68912881454855,0.7460579523737614,0.806666200939884,0.5962852723790089,0.6331121737535842,0.631333906094841,0.5722686221105142,0.5704178271941873,0.4199771170667792,0.6528761959940859,0.185661208350845,0.32324851250470554,0.0,0.5560267755344561,0.5459372803193233,0.6146490226010559,0.0,0.41048880546681343,0.6320227508021615,0.6427404890987696,0.3161327622973872,0.6296840589170658,0.6978043363252713,0.5058140091483706,0.9555242129928149,0.5864172682308186,0.4618528061124759,0.7680035893189799,0.6910591500449064,0.0,0.5969973206572627,0.5926429645640594,0.6766655541501586,0.38710054622106704,0.5351110204508531,0.4963909906611102,0.0,0.40866366025622647,0.5347149594044998,0.5340562548439958,0.5768631863547106,0.5154697299081477,0.5386199043598887,0.5656723000995809
0.43424821000157,0.3309127346640659,0.5055097234970597,0.8098961810507074,0.30266920776257145,0.3197073845667028,0.4719570250941383,0.7060379607849094,0.0,0.6536980972405632,0.3851409528262625,0.6360155715818845,0.7759162256607712,0.6197960337606363,0.8365823363234017,0.45572957743687215,0.5510880587973774,0.6358656000034886,0.35370908963844744,0.6094062651123409,0.531873163158183,0.5566536747913866,0.5820763281625847,0.6657927830866344,0.5940137578221445,0.7151784360198953,0.4947880441447099,0.6840496620922507,0.5333817738956086,0.6993544349322378,0.6636894318121591,0.7315858551988379,0.6733847470507377,0.7519211737696545,0.6230034141999528,0.6965718940259435,0.7480000583327789,0.724247139025371,0.5910346945876143,0.5402926464134911,0.20946124099330934,0.3656359650801726,0.32421595691093485,0.42291770866235334,0.42661488161833316,0.0,0.5177675914752391,0.7118175099286541,-0.029982989579188712,0.5944513754563294,0.7633442662585981,0.7062001314286855,0.5712853542967017,0.6373405913454617,0.49958072551442445,0.7049605340811351,0.6680706500065408,0.5702215023988554,0.5008281230934275,0.6947514711761009,0.618215509590761,0.0,0.0,0.656571169395537,0.7408125791462293,0.7989111891009073,0.7254224535899161,0.649109200587368,0.4550405293631231,0.6871897036559753,0.29319935091359917,0.6590311328356049,0.6055266433835329,0.40341209499351127,0.7641230083522383,0.7833798652444692
0.5446015779916693,0.5740623657680263,0.7045298266677202,0.1534355016913797,0.7657804372173451,0.7290266975867723,0.6075833851558656,0.6991452819477032,0.6536980972405632,0.0,0.7259560072511042,0.6772500589107942,0.6463589739317759,0.8164341264772034,0.7952950201145026,0.5612020573649681,0.7222460300776741,0.6398632760253071,0.6363723059888392,0.8191783290210599,0.7507210852375051,0.45125641567841274,0.7201618637467171,0.6683458638477449,0.6233833521476548,0.39405034318689636,0.5337476941462239,0.7214823513553552,0.7650590279713827,0.74815419637355,0.7118741997578588,0.3908304984695716,0.6815943122657138,0.7068765764030169,0.31839956313152035,0.5300520217483335,0.6027862506871772,0.7876246251927441,0.4918777412614582,0.5434562653181446,0.5409330991386754,0.4308173133403448,0.24268503262414037,0.33240955096200164,0.4238748822004556,0.7663063636128604,0.7474839589725486,0.4021853273928017,0.49383466942963017,0.4956742860210822,0.6251780851332549,1.112045198554365,0.7298631133455442,0.5362086008523745,0.7074601216247585,0.6221169855215596,0.6873136844316974,0.8560318981624073,0.0,0.6688806484292737,0.8491336575936829,0.8030939655882756,0.773120492673095,0.4846514248905779,0.510185488764678,0.606503136357533,0.6240370751142339,0.6715859018562211,0.5300477665712662,0.7014997508060736,0.6678647499249024,0.7849478847040943,0.4370280450805982,0.7872152254141264,0.0,0.8074558757003587
0.5226278648689425,0.45084452056034346,0.6320908203782006,0.5757617368504349,0.4435762154632201,0.43152254415336433,0.5957446732961036,0.7458750337492661,0.3851409528262625,0.7259560072511042,0.0,0.6873546907192278,0.667846666997518,0.7154143627527111,0.0,0.5094997274600931,0.6627008281486291,0.6396794269233927,0.567923171545777,0.4837935799247648,0.6446683577264787,0.4556797951119145,0.8757819779535441,0.7083951009019984,0.7099055552856279,0.6689066712549807,0.4341654681669621,0.7029786889230905,0.5519781429905042,0.47074983607855053,0.6476655577507568,0.8341005876866938,0.7228143733317527,0.7283928072554074,0.5820591046234322,0.5933020887144058,0.8041214278293396,0.7188366706556533,0.45221433881518575,0.6064104792186958,0.7305342363541343,0.530895183040361,0.546267980042821,0.8088634170265292,0.26233000305890186,0.0,0.0,0.6475875110183424,0.47410453525320967,0.4778786120644203,0.719998273352647,0.49612046320682185,0.5765754104043431,0.785457207972533,0.7938812300262057,0.56499032227973,0.6620768390047003,0.6204084221833988,0.6912202745708711,0.0,0.0,0.0,0.0,0.579827449197382,0.5375167563021855,0.0,0.5809892581134908,0.3951643180756973,0.0,0.0,0.9611881344123736,0.7611725840286359,0.5820392247788688,0.3634560399357909,0.0,0.8349207945631056
0.3858556499401842,0.38549615640935536,0.7006927670988363,0.28036265105957087,0.552658369590869,0.7913877414846521,0.5286236059778292,0.7263702650752126,0.6360155715818845,0.6772500589107942,0.6873546907192278,0.0,0.6479930625359807,0.70529727124844,0.20445741169476556,0.7297733518302388,0.737859328031993,0.7124810966639279,0.7115473970470285,0.5373182744960093,0.4932018657443362,0.2948691287811843,0.3781742142362584,0.4588590582859315,0.5951754858528497,0.3994194433492267,0.6614588831944355,0.6889328848007082,0.7111832825724964,0.5302249445396392,0.5544019782032089,0.4893790446281161,0.5693168943328919,0.6570003848059516,0.6734702146757758,0.41583589501878293,0.4108826998858556,0.43761704598846396,0.4837836305512997,0.27421776509843854,0.07436412373063123,0.26045226643473335,0.46730364325618806,0.4651021480496533,0.049924592785740574,0.6573895701784056,0.7278442135638454,0.9964776445857528,0.4248751241339334,0.08815796491524436,0.31832161477421667,0.8606840299495033,0.3664674422782984,0.4616325801460367,0.7228771592316935,0.46146136755008876,0.7731201112508523,0.17847543031996993,0.5624942954077539,0.5659682304221043,0.7463357019611208,0.76889182115487,0.8230027301296847,0.46265309178447034,0.9123866201858202,0.9158042857386087,0.5203138125227049,0.2045657614137048,0.5621314566925015,0.7169105282296633,0.6559854988973004,0.270943476126263,0.019724300449164456,0.5516700245343608,0.0,0.7860403985502167
0.7491885013940935,0.5406928772421328,0.7123868822442676,0.3818668746088041,0.6582202420485985,0.7201075625175716,0.732777721487307,0.7568190510417951,0.7759162256607712,0.6463589739317759,0.667846666997518,0.6479930625359807,0.0,0.5242531279210934,0.6614830595428094,0.6477417373935326,0.544122876741095,0.6301639478169843,0.6307147596536549,0.6843264435587881,0.6753884705528128,0.6615904152734955,0.8121361768295019,0.5538806008567049,0.5973653858288931,0.555012771745611,0.675514493017151,0.6705261557103273,0.7219993889442944,0.6151502917338645,0.5797038016326149,0.7490251749890129,0.7308968898365038,0.6066106406239751,0.6441961822616793,0.5504330298958946,0.44986284782985214,0.6836819328866863,0.8345556810045387,0.19179613696619674,0.599607250927682,0.584516090663451,0.5786592403533024,0.48428145336081585,0.25563429187852127,0.6196566832741255,0.655049821919062,0.7395503921902249,0.0,0.5048144702501565,0.733985997063252,0.6901573851321501,0.4998540404596724,0.7380868165687366,0.6027589959076992,0.522714918458479,0.611960187540457,0.7580756799444327,-0.04460672283365252,0.6321510775628545,0.6633489474747145,0.6498566322498173,0.6402701217783747,0.6349384862402183,0.5786159157218271,0.679345133215093,0.6682425274845087,0.7101793241667107,0.5675427770898767,0.7240997034418313,0.6523360734580499,0.7239346513293539,0.7525984793323255,0.7482500547680679,0.5992601114075145,0.7852889184902188
0.6767685211041092,0.464576285190916,0.6887708524492315,0.4440340376755666,0.5195774038503462,0.4978285964102057,0.4378745284707727,0.9236826475694673,0.6197960337606363,0.8164341264772034,0.7154143627527111,0.70529727124844,0.5242531279210934,0.0,0.48443072733155224,0.5692098449303455,0.48586078528466575,0.5037136752699413,0.7240217461540834,0.5188644267893007,0.8142091589184137,0.2088142796325848,0.8242802161315048,0.6672657511792509,0.5946701716918614,0.6424711930218876,0.8659195348948336,0.6742807030789493,0.598960131417841,0.8354589247449731,0.8091302260282447,0.6625193607881543,0.33098052363557395,0.8794873771878171,0.4809922689403806,0.5271066618898353,0.39985024913515443,0.5702852169960292,0.7588799613201522,0.0,0.6834507355858178,0.6949513122485558,0.5021867168704901,0.510012846239289,0.0,0.0,0.0,0.26939097473893403,0.0,0.3465752623181976,0.47563821044454263,0.22853750575149503,0.351757495631803,0.267652122142784,0.0,0.5028509679737471,0.38213753091907154,0.5826978521028549,0.2921503414304438,0.0,0.0,0.0,0.0,0.4438890853624142,0.0,0.0,0.0,0.6149270082251999,0.0,0.0,0.0,0.6102237035555695,0.7872716329954027,0.0,0.0,0.0
0.5320382523782753,0.6477562906664736,0.6669079198332528,0.5976806708588779,0.7446556206675297,0.549796274464219,0.5668405828523027,0.5122613076005567,0.8365823363234017,0.7952950201145026,0.0,0.20445741169476556,0.6614830595428094,0.48443072733155224,0.0,0.5677753062325247,0.42175114154623894,0.43052532775437646,0.0,0.6112182705201017,0.6241099417682637,0.8078958573540472,0.4799287884703549,0.20291492235208133,0.6255699990450656,0.5801575453608603,0.0785404733465005,0.40189316883421233,0.5778828037147596,0.533425119062284,0.4916437418753016,0.4068985461993534,0.5622460108781571,0.5133878979774722,0.5357903800406622,0.6822356927250853,0.39812819336880095,0.3827083181772032,0.6869143521163079,0.7214797626921852,0.5491826970022002,0.5577067357110713,0.6270656805982484,0.6368926883785446,0.0,0.6003190587462581,0.6199417505927016,0.6360967476407697,0.0,0.0,0.45116423495383984,0.862099623105215,0.684212896460128,0.6328442457436814,0.0,0.0,0.5925806264215929,0.6128052165044185,0.48707579611539864,0.6892112676429335,0.6550745005524886,0.594533631370993,0.7555578504524412,0.0,0.7797245162847866,0.4855046313604273,0.7723320695516596,0.8520795191254995,0.5054316870861288,0.6923651581039336,0.6455228871832014,0.6660753065922529,0.5914687854789911,0.6670589136630174,0.7118900179748726,0.6093499216474543
0.8362725521516644,0.8666294376772505,0.39060537482775304,0.27831737757691744,0.7838983735655844,0.6200040593036942,0.6071050720924704,0.7767858803092622,0.45572957743687215,0.5612020573649681,0.5094997274600931,0.7297733518302388,0.6477417373935326,0.5692098449303455,0.5677753062325247,0.0,0.5778103316846831,0.6772727259641592,0.4653306584058886,0.6215465249443963,0.6896158708426632,0.7540032016407969,0.6248334158147557,0.6371152587929797,0.7193909509039246,0.6862444447878493,0.6121047710488072,0.6940475659879579,0.7159183106950493,0.27311307229939585,0.5215614063914134,0.39189714027651373,0.4610422456754314,0.37539997169298095,0.5087271557584283,0.7061712735171373,0.510461642888255,0.7060438381336701,0.7708487848395291,0.7812772067219129,0.714082760915595,0.7197659159812331,0.5110100201769068,0.0,0.0,0.5934591174015262,0.8306296038347063,0.0,0.0,0.0,0.7821990976764805,0.824877951275469,0.9782359934478404,0.0,0.714227252510149,0.0,0.7485713326702859,0.6949747370539938,0.0,0.653254039112777,0.8310934183530236,0.7314221530328369,0.825008052499741,0.0,0.6465467914077332,0.5815653335431524,0.7337358202822981,0.6740306862831928,0.5080940110080283,0.8473902287096426,0.797278290449207,0.7004929193099985,0.6995904798301882,0.7542739325590208,0.0,0.6719719784550455
0.40569287674913207,0.6661460457726206,0.7983551481028331,0.5812744065903699,0.5910021680230717,0.41140470014321295,0.48220018667739023,0.7185465885635951,0.5510880587973774,0.7222460300776741,0.6627008281486291,0.737859328031993,0.544122876741095,0.48586078528466575,0.42175114154623894,0.5778103316846831,0.0,0.8357588334354777,0.7177062151123057,0.3515862945219916,0.5535391033802921,0.5598327297426076,0.6875694531005674,0.575672055808776,0.6567387499234133,0.4479024651462208,0.3282709755012778,0.7486373390242362,0.38991313706958475,0.33654534841380607,0.592109968789412,0.4883675886440056,0.48350210130333793,0.47599918911693073,0.7515467151984807,0.6361847517956407,0.3915702624945511,0.4883205557355607,0.718039393809643,0.6735291543447481,0.7060028487869203,0.8298452237508491,0.0,0.0,0.7334389213860067,0.8931995669252906,0.9134139020037824,0.0,0.0,0.0,0.0,0.0,0.0,0.0,0.721868796135338,0.0,0.5812954454277214,0.4840562250898397,0.0,0.5637252014586382,0.5992884330823744,0.8040560480523342,0.6960495182635837,0.0,0.0,0.0,0.6931366222278561,0.0,0.708829620278586,0.777392020618664,0.6965744662825304,0.0,0.39198973485844246,0.48845333777555744,0.0,0.7166902181878338
0.6240864328403554,0.7819558924080966,0.6810255352962933,0.5105607295736304,0.6155551406949324,0.6181093807411048,0.5963790367315207,0.7531413681275924,0.6358656000034886,0.6398632760253071,0.6396794269233927,0.7124810966639279,0.6301639478169843,0.5037136752699413,0.43052532775437646,0.6772727259641592,0.8357588334354777,0.0,0.6455910937214968,0.4526946518721605,0.6620742734276425,0.5048743987763473,0.6765497851836755,0.6126034939454454,0.6488464235334124,0.5266143052186917,0.5848351008837172,0.538567792147175,0.5908955958258886,0.3753027490014928,0.5521900898925944,0.527794654568954,0.6198933638041186,0.5724142106883394,0.7935786280784761,0.09650612755307114,0.4265216582149583,0.5273989528952227,0.7636630977554829,0.6895706577196847,0.652215661366875,0.6958179263570519,0.0,0.0,0.6888853270661586,0.6595487102233898,0.8064460742199406,0.0,0.0,0.0,0.4434673500283642,0.5284390492290438,0.5954710457092696,0.0,0.827597243369681,0.0,0.7162800106557419,0.53371110578633,0.0,0.6812471338155137,0.7117014410481695,0.8866623983842745,0.7456136167571064,0.0,0.4925154350979212,0.7450206162137816,0.6602882868578503,0.9336294472512152,0.642671288062846,0.74362856850409,0.7318350726250717,0.4836099937883569,0.5719320011056961,0.5387902706960148,0.0,0.7361432195794153
0.0,0.6961121205781189,0.6551132592726863,0.7324351446193191,0.4708779661238053,0.5174296195320303,0.5188224950844207,0.661879206782785,0.35370908963844744,0.6363723059888392,0.567923171545777,0.7115473970470285,0.6307147596536549,0.7240217461540834,0.0,0.4653306584058886,0.7177062151123057,0.6455910937214968,0.0,0.49691208183423763,0.6895364976495335,0.7254036405861355,0.6733377657198213,0.7030913952076792,0.7571904976611217,0.7622845977501589,0.5833109794145664,0.6865107810137809,0.67596771100883,0.7261057876539501,0.6529932223089423,0.7875073313903491,0.7772876075043167,0.7326060700740438,0.6978651864497787,0.6708210477694332,0.6884222631887769,0.6300860137594309,0.511071978658822,1.1247289333066053,0.3652243488776707,0.2607460629510623,0.5189879821979949,0.4495101514310442,0.0093454363927762,0.0,0.0,0.8799280869156867,0.0,0.4867741573759696,0.675632666020049,0.566222453184932,0.486159986860484,0.7747958391817704,0.605147393250671,0.7928649027286515,0.6122754337910307,0.4082207015123901,0.4244479634254899,0.0,0.0,0.0,0.0,0.77663828356035,0.4759964683715996,0.0,0.48415245573744914,0.6125038693924689,0.0,0.0,0.0,0.712177993278966,0.5658093481568798,0.5478874020685298,0.4974571734901657,0.733463249518292
0.6542960483683125,0.6997189332312315,0.37311216438855704,0.7723187147708086,0.5566322027243956,0.504813274756787,0.7604750200248398,0.48044095206821064,0.6094062651123409,0.8191783290210599,0.4837935799247648,0.5373182744960093,0.6843264435587881,0.5188644267893007,0.6112182705201017,0.6215465249443963,0.3515862945219916,0.4526946518721605,0.49691208183423763,0.0,0.7853825393158399,0.7646398639516241,0.606924717956764,0.23220897844005428,0.5239961568423672,0.4136870212189024,0.7237768401596684,0.6628745349311699,0.6022765358479174,0.45841204611542985,0.46671802642432014,0.4224371243234849,0.5080752818711944,0.5350614452098705,0.5753534123172372,0.8448355319526196,0.5203281620783542,0.7771732948359156,0.6718251870428574,0.6691046795030935,0.6583839349400691,0.6124627319616894,0.6411171014688364,0.15919958187980987,0.3484927581295681,0.6176625616503695,0.6820584128603155,0.7527171484386254,0.0,0.0,0.5798764179017152,0.7088340382274645,0.7017247046153225,0.5878607218179337,0.8510030409435584,0.0,0.5008005411260941,0.730988696563304,0.0,0.5992493425092049,0.6956253105376866,0.5103484055048642,0.6882171398403294,0.0,0.5529046758555505,0.5236693464793846,0.5490043780547802,0.6387615506535462,0.0,0.7398516932450983,0.42397382410503914,0.5799930343157859,0.5424916332817935,0.6010470464238272,0.5683532427271514,0.6030979011812746
0.436579912147558,0.7318946237738009,0.6379522144381309,0.4884083086517377,0.798505167406355,0.6457269866282747,0.44404577734426987,0.9022298048310153,0.531873163158183,0.7507210852375051,0.6446683577264787,0.4932018657443362,0.6753884705528128,0.8142091589184137,0.6241099417682637,0.6896158708426632,0.5535391033802921,0.6620742734276425,0.6895364976495335,0.7853825393158399,0.0,0.6682301334789587,0.6486959853365895,0.2935331674502254,0.5366997793014182,0.6027646600738218,0.5859500959962911,0.4776104819740342,0.6105490236222295,0.7206942243235658,0.30431455294990395,0.27101314758515854,0.5062649797208516,0.3182199230859428,0.4664818294512997,0.6539837511287867,0.636016274883447,0.4658677267779856,0.6061821111095211,0.7788428341993479,0.4601568599149518,0.4930830270004493,0.6594102133548447,0.0,0.0,0.45137320132935943,0.630759357717319,0.6968452261183891,0.0,0.0,0.6890228921483237,0.5277933319229198,0.4012768615325995,0.698193690288405,0.6870214216397108,0.0,0.8111174860566096,0.7981967734263817,0.0,0.5946326651850563,0.6775659953847132,0.0,0.4424214720587739,0.0,0.5942698393114128,0.5763847135680715,0.681305961028678,0.6328408350656995,0.6143687030348233,0.4304855575456188,0.7449381489822402,0.5710399445677011,0.6029251237093026,0.7141606009189241,0.38957325590323366,0.4809182221913361
0.8178612911950438,0.8893787890448923,0.5218194322174642,0.6357941719657858,0.6430660387816642,0.5454105646235563,0.6193734818184047,0.6373588665161997,0.5566536747913866,0.45125641567841274,0.4556797951119145,0.2948691287811843,0.6615904152734955,0.2088142796325848,0.8078958573540472,0.7540032016407969,0.5598327297426076,0.5048743987763473,0.7254036405861355,0.7646398639516241,0.6682301334789587,0.0,0.655279097966551,0.16820639192770448,0.739952790886172,0.7328614968847214,0.43597943481979684,0.7726421274776523,0.6357772192716793,0.3552231555283666,0.6121769612409083,0.48004355814671984,0.42880599892501653,0.6538733902979368,0.6129166415166285,0.6530963317257219,0.5785409384906025,0.6626286832913242,0.6568539143068085,0.7908562742987189,0.5297909390035209,0.5265294138114851,0.377364042485958,0.4001677195835459,0.39683434807211526,0.7060238540487268,0.7224365216233384,0.6051137636233872,0.49304122823307894,0.40016350622609653,0.5148722230335689,0.7437480768917926,0.40798775431064005,0.7646579958594644,0.49397560740466395,0.0,0.7191447511631588,0.7442555146047396,0.0,0.6974684342947014,0.7274081730385829,0.6893441518779586,0.7312181516125424,0.0,0.5594492934278893,0.6022254597482015,0.6964311160746008,0.5920982787204851,0.7629580829292282,0.6957427748727021,0.6764985952411189,0.6089228321132087,0.751050294423043,0.645630958414737,0.6719680115746224,0.6674241826913769
0.5299802398676234,0.6089865133821444,0.6928674845315724,1.0138911403384903,0.6101016291464465,0.516574351311083,0.7385261254964229,0.6846217682708009,0.5820763281625847,0.7201618637467171,0.8757819779535441,0.3781742142362584,0.8121361768295019,0.8242802161315048,0.4799287884703549,0.6248334158147557,0.6875694531005674,0.6765497851836755,0.6733377657198213,0.606924717956764,0.6486959853365895,0.655279097966551,0.0,0.37576846786608564,0.6060375936724336,0.41403486486077506,0.5123425197659672,0.6390669236271521,0.6670127054494556,0.6186787838282712,0.6013980813427343,0.6745994537085541,0.3946247304204733,0.6851989792193918,0.7425151710557112,0.8237759782851974,0.8752399822687119,0.48025973965297875,0.7236415334812706,0.7970708483737337,0.699591687580629,0.7731366279462806,0.7773755799380679,0.7429576912088676,0.9531190874929388,0.5934767019989107,0.6245255832364962,0.5269682649078106,0.5330295514057681,0.6674680277673566,0.6862287846085593,0.7356473479687504,0.5071874919036705,0.7537561555228276,0.7862455417916916,0.5165635883645934,1.01468426130901,0.6556251872567151,0.6046915131640854,0.7452101496275289,0.7366736570512098,0.5101854887646783,0.5766303721141898,0.13685248532349575,0.6564619872819849,0.6381122653020485,0.6748254264047111,0.7703739925784141,0.35718894909496973,0.7130709744798547,0.6833712716348135,0.5964222650886855,0.6367666244563195,0.7293136397464874,0.6965919749665033,0.7077793673834023
0.489418452750219,0.6547659621787357,0.6155846306267057,0.22427666983291902,0.6484509048123153,0.46612824964029903,0.7062583668820726,0.5211663576858999,0.6657927830866344,0.6683458638477449,0.7083951009019984,0.4588590582859315,0.5538806008567049,0.6672657511792509,0.20291492235208133,0.6371152587929797,0.575672055808776,0.6126034939454454,0.7030913952076792,0.23220897844005428,0.2935331674502254,0.16820639192770448,0.37576846786608564,0.0,0.46646980188087145,0.3809155496758538,0.35684824328909803,0.6244972336260496,0.32910964910476653,0.9454247220394292,0.7242265237017462,0.5676595530584381,0.3858208737714676,0.7232567648638898,0.8005361586193561,0.5099192908229019,0.5841026112611846,0.19683993050151263,0.8174950887481307,0.49937260993568916,0.7224631667727848,0.4549133885567379,0.5874964217672058,0.5473432051547892,0.30636404319306726,0.30832414365351407,0.5259226433580358,0.0,0.0,0.5098277646655031,0.5873619685953271,0.41925959867757423,0.0,0.3536303346139425,0.5952776298467761,0.5435989903339964,0.5840649911999907,0.4359625970547392,0.0,0.35418720703909923,0.5280674910694547,0.659071325310642,0.7029095278637292,0.5190000702596855,0.4384233776599354,0.43379159244626003,0.5360386239435724,0.6739023770024162,0.46563278541368425,0.6654480845293604,0.611270210933403,0.35541507224629665,0.50663503601851,1.0504007424213184,0.0,0.7102413301374588
0.4359699467319378,0.5839794097412427,0.7343079252487532,0.8615405777781349,0.8695559581376676,0.4752772408801754,0.5224043585709375,0.704423796327036,0.5940137578221445,0.6233833521476548,0.7099055552856279,0.5951754858528497,0.5973653858288931,0.5946701716918614,0.6255699990450656,0.7193909509039246,0.6567387499234133,0.6488464235334124,0.7571904976611217,0.5239961568423672,0.5366997793014182,0.739952790886172,0.6060375936724336,0.46646980188087145,0.0,0.36333542323620416,0.5625882153551643,0.5449138999516967,0.5890944546258918,0.4394562026529143,0.5698362523271839,0.3583429167050225,0.5736673848491902,0.49121898366985883,0.7980245844862086,0.6735037072081445,0.6296984558673975,0.6334157395117199,0.7981262733007917,0.7706315915592213,0.7168145319749848,0.736815881556641,0.08691210508071591,0.0,0.43493142567329607,0.6659379481380872,0.818744349111593,0.0,0.0,0.0,0.5980536930259832,0.5876883912101905,0.8113915540887002,0.47240173578241973,0.764001702602133,0.46811430493570183,0.6990125751072636,0.4236134073318325,0.0,0.6579891799548407,0.7603238908775436,0.8487253019786803,0.7709292625576838,0.0,0.763486172476809,0.6415574678769237,0.7230279028937359,0.45474986020225994,0.5441007802231566,0.7632497482214375,0.6852614943840084,0.5512408020824668,0.5741166322075173,0.5268562662303105,0.0,0.700532375669233
0.5414735111325583,0.522831190169803,0.7572922370472723,0.5876373789097711,0.5583370163544871,0.4497513973233758,0.5929960009366722,0.5291424255713653,0.7151784360198953,0.39405034318689636,0.6689066712549807,0.3994194433492267,0.555012771745611,0.6424711930218876,0.5801575453608603,0.6862444447878493,0.4479024651462208,0.5266143052186917,0.7622845977501589,0.4136870212189024,0.6027646600738218,0.7328614968847214,0.41403486486077506,0.3809155496758538,0.36333542323620416,0.0,0.4522910466775662,0.5908140033413126,0.6539601027839292,0.10218131273178777,0.41696276066330806,0.44370453063858806,0.5368001047159164,0.5062748994875983,0.5817056460412147,0.3036692459268593,0.5272597833805928,0.47978530901370287,0.7067554340589267,0.7189159092576484,0.7131764866808812,0.47555891388413823,0.2289091196618995,0.5159860244843713,0.4428459985926908,0.6162352693468762,0.7973700233947465,0.9293862625262249,0.0,0.0021847858730119248,0.6332189898277258,0.8094481020450133,0.5869118469770607,0.6577670319717999,0.5812911912376447,0.0,0.6107291938843707,0.6379415645650587,0.0,0.6855987187504122,0.7116229898013781,0.6493735044700109,0.6077616003519344,0.0,0.6315258796241539,0.802072855688353,0.8377047524121699,0.5291154296805985,0.44813283416152094,0.6313804676346293,0.6355032354296326,0.5999180946554932,0.4345216741695696,0.6491529915680956,0.46944129541012325,0.557560309387994
0.4347887798789245,0.5178103121699027,0.6176660147850963,0.82721087162829,0.36137891846605186,0.4967726410509279,0.5663803222292887,0.5200806162210363,0.4947880441447099,0.5337476941462239,0.4341654681669621,0.6614588831944355,0.675514493017151,0.8659195348948336,0.0785404733465005,0.6121047710488072,0.3282709755012778,0.5848351008837172,0.5833109794145664,0.7237768401596684,0.5859500959962911,0.43597943481979684,0.5123425197659672,0.35684824328909803,0.5625882153551643,0.4522910466775662,0.0,0.6020733743878652,0.6248417546861442,0.46897443850898507,0.43480453410747094,0.5079814234362088,0.42251177265575274,0.526923998157973,0.5974911418561827,0.6100638386731567,0.8277702327359321,0.631329421279715,0.6915996476463728,0.6369350039766976,0.6947615964742523,0.5068813960342726,0.6400023869696515,0.579527452711838,0.5417714750636402,0.48386179302412424,0.44925267348238085,0.6743009157308976,0.5301845985802349,0.6190621831148706,0.6215307136526982,0.6490208908009989,0.3978171845068698,0.6602140029358676,0.9791802787093966,0.6643752290565159,0.4578483020877074,0.6316533109476763,0.6239412603326739,0.596358213994679,0.6409187504061695,0.0,0.41001623868688136,0.7352721496830645,0.5782413885250788,0.5283009738503986,0.47468908094939277,0.5474230204630044,0.0,0.6887859721689645,0.4130048195880913,0.5736751014582344,0.6143900814717032,0.6788269920194268,0.5601685694673633,0.6758640094534925
0.6269304441296959,0.7403512322064894,0.7229963531341805,0.44272280069589576,0.608249502598084,0.7060948114949461,0.7407113610906104,0.7120543609194251,0.6840496620922507,0.7214823513553552,0.7029786889230905,0.6889328848007082,0.6705261557103273,0.6742807030789493,0.40189316883421233,0.6940475659879579,0.7486373390242362,0.538567792147175,0.6865107810137809,0.6628745349311699,0.4776104819740342,0.7726421274776523,0.6390669236271521,0.6244972336260496,0.5449138999516967,0.5908140033413126,0.6020733743878652,0.0,0.7520370193037205,0.6132134150405802,0.6483480965557211,0.7853862072666304,0.9317078320333194,0.5139012815915124,0.21640658039754482,0.6106961660591108,0.5211044746479405,0.8065340330869832,0.7517347605673967,0.16563259551411222,0.5065617613599772,0.35987142922802456,0.4127530677964133,0.386275441823243,0.6084328789894027,0.6553986392040061,0.693514003252156,0.6759818588965861,0.0,0.4122268946740495,0.7367325053235465,0.7497409816914138,0.46990119018918547,0.7439703484812539,0.8724582612369458,0.5140109252559256,0.8232654014373739,0.7428186756270605,0.43005969276571687,0.5564918305154988,0.6868201494927455,0.33698812131866607,0.792053765645268,0.7948715558015899,0.5863798772911821,0.6511066773272782,0.639882284808869,0.697577958717817,0.5129984972658315,0.8166165361222677,0.5718767908694569,0.6665071586124185,0.7370286561637145,0.6547139198029579,0.6631897554431854,0.7190983999808848
0.5488536288180186,0.5261833724426193,0.9135748087257003,1.0490205735284797,1.0922560947303677,0.5285821879334494,0.6826126333703677,0.6187753768129062,0.5333817738956086,0.7650590279713827,0.5519781429905042,0.7111832825724964,0.7219993889442944,0.598960131417841,0.5778828037147596,0.7159183106950493,0.38991313706958475,0.5908955958258886,0.67596771100883,0.6022765358479174,0.6105490236222295,0.6357772192716793,0.6670127054494556,0.32910964910476653,0.5890944546258918,0.6539601027839292,0.6248417546861442,0.7520370193037205,0.0,0.5843610247404527,0.7467571044630226,0.5070575782869029,0.6979881760651461,0.8315278435250646,0.8427908132807405,0.88432228803664,0.7849569880309266,0.8137885140323576,0.6544437896041767,0.605316686923995,0.6591718652302365,0.5819150499008812,0.5925944892925857,0.7554695468121119,0.3987450518187058,0.3854332898394531,0.6116236062548028,0.641007232203011,0.5268573844980646,0.5559626274913066,0.7238820826948154,0.7079593869506875,0.48484793360570194,0.26327684528912104,0.9811678565763615,0.5617049326028984,0.7534333719786119,0.6682090719057445,0.5646389388695673,0.5712437698124286,0.7933045196474484,0.4874670127688595,0.6942309330870919,0.5852640276542518,0.5485339832900388,0.5932109860960995,0.5463627734596883,0.6974023363066424,0.4916049798178104,0.7415249889836533,0.6319054964526645,0.6517183832498843,0.6516502401759903,0.6582775077701075,0.6437288506331718,0.6667518100387795
0.5221902049320181,0.6099109763513931,0.7110380090342849,0.5206178871375705,0.5189149348239698,0.5823748603356442,0.4287233972380687,0.7179630288442295,0.6993544349322378,0.74815419637355,0.47074983607855053,0.5302249445396392,0.6151502917338645,0.8354589247449731,0.533425119062284,0.27311307229939585,0.33654534841380607,0.3753027490014928,0.7261057876539501,0.45841204611542985,0.7206942243235658,0.3552231555283666,0.6186787838282712,0.9454247220394292,0.4394562026529143,0.10218131273178777,0.46897443850898507,0.6132134150405802,0.5843610247404527,0.0,0.7447479074137291,0.6611221881295735,0.6858803519558967,1.0204688005885538,0.8979701956845151,0.8422051183177122,0.9246075023568623,0.322203029384237,0.41512321321650014,0.47210470136350646,0.46921237410767597,0.737385839818179,0.8833907100018943,0.2742374902084259,0.0,0.0,0.0,0.2124538320012323,0.0,0.0,0.6996263048375659,0.6843097421941582,0.35556536725742716,0.849490629590234,0.5029753942963704,0.0,0.006799514819257413,0.5588140750730013,0.0,0.44598469653097017,0.0,0.0,0.9727225893648184,1.009723848362409,0.643043696247062,0.5436807320285542,0.7864236176688009,0.7286094732925077,0.0,0.42536307166467613,0.49500120816883275,0.6794988715231156,0.6684242935512476,0.675003016649238,0.6759764618627666,0.5331371737507259
