0.0,-0.038107835156989345,-0.03992856377467602,0.0,-0.059808373272109194,-0.026787586195105573,-0.026095486053495875,-0.01855661798716074,0.014066235998680232,-0.03875210598513018,-0.051244824116725984,-0.037970939245453694,-0.019632900519535923,-0.016549742507730447,-0.033023890034105996,-0.0008056087355541308,-0.0009145243725527386,-0.01644877776026421,0.0,-0.03541420915076221,-0.03439292830513635,-0.002741674828076024,-0.028693854099353266,-0.04711264580668112,-0.01748295414206097,0.015329754931676098,-0.05183489351730741,-0.041745556212221036,-0.04423232398055471,-0.03413117130585458,-0.019430088987282268,-0.15224235286289828,0.07579478954640106,0.08193689822306904,0.02301947647619701,-0.1207171533954598,-0.05063841770592886,0.02176866808672251,-0.033906355255796716,-0.021102630333655503,-0.017855608560068903,-0.02966621989968743,-0.013212274994213291,0.0,-0.013173326999906587,-0.11961269149698017,-0.08222775164997781,0.0,0.0,0.0,-0.006172078097090028,1.1102230246251565e-16,-0.01722744579455382,0.0,-0.07105542489886862,0.0,-0.1109466077777212,0.006830010465048608,0.0,-0.013450128912244619,-0.07304586817349185,-0.006642022121921332,-0.052616438633456164,0.0,-0.0026501385328573934,-0.07756697361017889,-0.06298082110987913,-0.021725659419959853,-0.01385306210179188,-0.062011491779016936,-0.06365591649901037,-0.012781869096998966,-0.0001778628606659005,-0.012993396588306283,0.0,-0.09335995415431292
-0.038107835156989345,0.0,-0.006398865985840552,2.1080627964631393e-05,-0.057076200288747936,-0.009981666688703983,-0.014658008539423562,-0.010483389357955175,0.028457825859503294,-0.011870957056694942,-0.009293826712322317,-0.031193385366963644,-0.005528126898418917,-0.0075660713273223434,0.01034613407248558,0.0010904405077840629,0.0025746912360797847,-0.006058586679690781,-0.016498878145701112,-0.01736208095417091,-0.019410211760937823,0.008853791440473269,-0.025457902493534912,-0.11318843387531197,-0.013756567727711444,-0.002213403845164552,-0.020928762164803327,-0.026207102312012176,-0.01591543295433573,-0.006356111075690785,0.0024454225303735533,-0.014278546304219208,0.08723116722420171,0.09157437305478683,0.029050455904701566,-0.07946690845232318,0.010560708071880032,0.0,-0.028252443293033447,-0.0029316110053526634,-0.013237316024845014,-0.01429524561638762,-0.10139246015891579,0.0,2.220446049250313e-16,-0.07420434150164035,-0.04218857348093252,-1.8712296050382715e-05,0.0,0.0,-0.02729927236470625,-0.004686622615318381,-0.007625836851728907,-0.00612121993304221,-0.037751002993955896,0.0,-0.06131190135448511,-0.012240074670438139,0.0,-0.042238945561501096,-0.03599807873358524,-0.04541237127380221,-0.039574047193813466,0.0,-0.03364829871345382,-0.04356289065480201,-0.0224787122177737,-0.06287698324109936,-0.02027934258484676,-0.049789566064159185,-0.057049085859535054,-0.050344075332333704,-0.020122945142567517,-0.030057705041888705,-1.1102230246251565e-16,-0.05063221560890796
-0.03992856377467602,-0.006398865985840552,0.0,0.031943331796593366,0.0031512121023091755,0.006766617113408813,0.009085246006665826,0.024985834294053932,-0.03878261329082505,-0.03062350453016721,-0.004483672818395956,-0.046551018416921996,0.012152349018618835,0.020325985032679128,-0.005226357166147555,-0.006438624635382584,-0.022011143232024577,-0.024090431456586348,-0.01994510429944213,0.012905885316712828,-0.014583784700764157,-0.019903088424417903,0.033389546972377504,-0.04576089664482352,0.016839938453160175,-0.023996711573530893,0.016211296426955735,-0.008386181000540949,-0.01968817479025703,-0.025875650609062772,-0.008960412305307475,0.027838284935973512,0.01554645249579506,-0.07776496345901263,0.01460210863025796,0.003351655471762638,0.00341651284165545,-0.016497719448951287,-0.05629313227283711,0.006257503319839763,-0.04362129770270218,0.0013540595750281548,-0.005381864788833013,-0.058770288002922555,0.0,0.0,-0.025528483118058942,-0.13673679927065158,-0.019975848459017564,0.003933589301360008,-0.0056644042291221774,-0.010889668179260736,-0.00026940413448017786,0.017440903963527266,-0.0648912301378986,0.051128500025620194,-0.09628456098022331,-0.004366594841373694,0.018001220659598305,-0.025589562924594522,0.0,0.0,0.0,-0.06252298337336337,-0.019438888711990343,-0.00323598583060164,-0.017306076142244775,-0.06071525192591121,0.0,-0.03014833039346304,-0.08179643770126255,0.005135038722255292,-0.006246863145351833,-0.02446373909268812,-0.00928948305656585,-0.03102603965021189
0.0,2.1080627964631393e-05,0.031943331796593366,0.0,0.018295757578511318,0.009481595251709829,-0.012247160289794667,0.1245608969588839,0.024547186819036837,0.04202099514097324,0.03117433688628779,0.003823673308456621,0.06769950927445345,0.08228372275975177,0.004619985528875381,0.000337231617139222,-0.004726638883420731,-0.027015441152582254,-0.0036738291516210664,0.01015187582985716,-0.0038136793013267556,0.001396120726458061,0.03234387630488994,-0.014595653072512538,-0.06787459054484724,-0.04120984693847429,0.0010482486793536028,0.005115761790390139,0.024421125482457007,0.019901948982122386,0.05145970160484581,0.0009176260107286449,-0.016483686493645955,0.003880075642706482,-0.00257941213888635,0.04297892938340403,0.039455190351358055,0.013273442967515647,0.035033937472022214,0.0002944432927498575,-0.00018367658150414412,-0.010048515772001554,0.011808646533154055,-0.0033786064405924576,0.0,0.0,0.0,-0.0005109509026405834,0.0,0.0,-0.013793429234118082,2.220446049250313e-16,2.475160987697178e-05,-0.00021893093980007716,5.551115123125783e-17,0.01297450217789664,0.004633252680013744,-0.0002780663758812363,0.0,0.0,0.0,0.0,0.0,0.0,0.0,0.0,-0.011854068115844218,-0.013694053776920345,0.0,0.0,0.0,-0.018134155826604048,0.00111555463720181,-0.012789768532527557,0.0,0.0
-0.059808373272109194,-0.057076200288747936,0.0031512121023091755,0.018295757578511318,0.0,0.023713787116475482,0.006776236288845272,0.025071800936879107,0.011503308309208315,-0.028825976993183178,-0.00549056420995897,-0.04221470661182719,0.015618477816563114,0.015416560828735049,-0.004465324635933632,-0.009372754254103277,0.010080534593711277,-0.03570694446104988,0.011297414446096499,-0.010499515043169483,-0.017417016277304964,-0.03105372988846211,0.0023073813791684716,-0.04550864934113219,-0.011791946705530021,-0.02481790611567891,0.010652288282598621,0.03916248957878121,-0.009323702584038807,-0.018382377223796542,-0.0014583805493532664,-0.020669309041875583,0.007252155657267223,-0.007215912148447634,-0.023391770570355075,0.007854892277198988,0.009852210808589279,-0.004154351386703503,0.005854638117294864,0.012472126803755701,0.0038482963155002103,0.024993357086124435,-0.005171392244040174,0.09318122608840507,6.996081789317765e-05,1.1102230246251565e-16,-0.009593810561215332,0.006658520468238893,0.0,-0.0036780555906695267,-0.0062273792486805535,-0.020062154282293576,-0.030850925286120823,0.0016067472798989568,5.551115123125783e-17,-0.002677020390235929,-0.022330890617260568,-0.0014885283056174092,-0.023759364843787656,-0.0021313864711707264,-2.376406073706372e-05,0.0,-5.551115123125783e-17,0.0007112892424168127,-0.04281043224347941,0.00015365139472822698,-0.016149188662638425,-0.00048751380079736784,0.0,6.94333386541679e-06,-0.025656507584575328,-0.011948927631137474,-0.01555113853346396,-0.03188267581369625,1.1102230246251565e-16,-0.10715882996236681
-0.026787586195105573,-0.009981666688703983,0.006766617113408813,0.009481595251709829,0.023713787116475482,0.0,0.019229720211236923,-0.01997430353969537,0.04526575241933534,-0.027764646112939106,0.00922930386643761,-0.035070262229360216,0.0034063870636537597,0.014889891527056887,0.008806325549886584,-0.017749652183204012,0.021280195183405015,0.006180268054874538,-0.012644261310856997,-0.02722688592857614,-0.023615193974536874,-0.02297262699936714,-4.516946184252024e-05,-0.04185223409696193,0.011044697311539564,-0.008322756550747767,-0.014445362015142571,0.015081600307222554,-0.0017504695471129428,-0.014112538755452153,-0.0063366713286023835,-0.012986224565135374,0.031284492120301655,-0.002822923235907049,-0.0375954054031033,0.013683781278847673,0.019580017150707285,0.004543193823211278,-0.022833442662985037,0.015494768329689435,-0.04502368757308223,-0.026384279183656933,-0.03437215430070567,-0.016071243042750982,-0.031224540113283128,-0.014188927243553917,-0.025664452641735114,-0.027910770588710387,-0.02950039490120082,-0.03827457040444099,-0.02280273183114795,-0.03304838712960456,-0.02852146102881642,-0.0309858976678844,-0.08955771486505398,-0.08262682225755485,-0.03929322301354088,-0.019172162321674735,-0.07044614727833332,-0.032576577300724496,-0.006778058810716137,0.0,-0.0006932888340685506,-0.049175653043430634,-0.054785420224907566,-0.0444344767774657,-0.03009741666227117,-0.020440656620169972,1.834974422404434e-05,-0.032442466156193284,-0.04171798964782508,-0.02522700010994733,-0.024843835859634122,-0.04206224685807142,-0.0449005236451821,-0.0699308337191869
-0.026095486053495875,-0.014658008539423562,0.009085246006665826,-0.012247160289794667,0.006776236288845272,0.019229720211236923,0.0,-0.007552430067173543,0.03978237624177822,-0.02178846247195071,0.02883020290809668,-0.03276405429896839,0.02872284699117339,-0.008701473791588976,0.0020834941045297928,0.007823205131340716,0.00912062621144838,-0.018234968069139323,0.018128802622545126,-0.005150945090344694,-0.019759818368218773,-0.024305842958781798,-0.00789623592755584,-0.0527978374053269,-0.01426621857818633,-0.016857400165693315,0.010047151699132784,0.04407234678239891,0.014622508223860131,-0.009498317620308172,0.015701070907136405,-0.04774715873074714,0.014318179994226132,0.03135469936018459,-0.006507164197716742,-0.016703807926001846,0.010257089906814676,0.001065179379501846,-0.004639858075634051,-0.009090273695515738,0.020310710177159907,0.068215135315226,-0.022785483472549883,-0.039936540304522705,-0.010562491676545438,0.0,-0.02837316877281093,0.006226376244392706,0.0,-0.025901874846395112,-0.02157383738744051,-0.025462499383320125,-0.02062634652909484,-0.013397578019936685,-0.10139327714456597,-0.01220277645455109,-0.023844768659013138,-0.023013186359825744,-0.008467664124544805,-0.037668751718669735,-0.012121234457051322,0.0,1.5012015541326917e-05,-0.02352322486317271,-0.052743209409709835,-0.013002706767649586,-0.011686556156852157,-0.014260667302028018,3.336408040677252e-05,-0.07266600830033426,-0.03517395863257616,-0.029217916812483147,-0.022974943860752828,-0.04720109044199705,-0.01422939996536926,-0.10718315461479194
-0.01855661798716074,-0.010483389357955175,0.024985834294053932,0.1245608969588839,0.025071800936879107,-0.01997430353969537,-0.007552430067173543,0.0,0.0116420328114612,-0.06054744681694535,-0.00015185412589635572,-0.01940935466843602,-0.002508556442041232,0.07889790002913971,-0.00233745892369297,-0.01793479507867879,-0.014179452687453908,-0.04923411970594027,0.009049784211177414,0.026194244753871165,0.013071560631691848,0.018041084129650165,0.005079011017839974,-0.03667676783931495,-0.03414998658778512,-0.021965774013532502,-0.013506684258084711,-0.008143446060742465,-0.014362004009105978,-0.010891459033389839,-0.014362272370626816,0.014543415864337383,-0.027412852118420372,-0.014851696542133197,-0.018423819434628508,0.07607627398370653,0.0669672311133735,-0.03150286299891425,-0.016331552852539066,-0.018249342140992553,-0.02148268016630961,-0.018176128691166582,-0.005305297904319439,-0.0070661726287835624,0.0,-0.03334872438651565,-0.03907057096281186,0.007605810910393029,0.0,-0.010417546499138397,-0.0231689495532032,-0.019924854927040825,0.023345138299647072,0.0015996549106019886,-0.06166828997664303,0.007675265918832275,0.00010682267667955214,-0.011254562474599716,0.015419159886661427,-0.0008500290321671877,-0.01584423354264647,0.0,-0.0002074283755087447,-0.002467518700066007,-0.023883245106879558,0.033024046161771015,-0.04079533767772803,0.006708156315059499,-5.551115123125783e-17,-0.028109275653318,-0.0350884526194275,-0.022115888822880347,-0.017028548910872243,-0.04371680158765162,-0.02805936802619402,-0.020113276226663812
0.014066235998680232,0.028457825859503294,-0.03878261329082505,0.024547186819036837,0.011503308309208315,0.04526575241933534,0.03978237624177822,0.0116420328114612,0.0,-0.011101722075554543,0.025754347720083504,-0.021296263539035687,0.03475999809131203,0.018867572317482595,0.018231039793155768,0.013394152569125517,0.0032822082863732116,0.0026194570774160653,0.019850329730874916,0.0229025378712861,0.01117311855986658,-0.0014925369337335237,0.003662667419994936,-0.017792907172705763,0.04765147878268483,0.015193422206821405,0.033101610185615415,0.014721257324677162,0.03053370244252035,0.007461467510494035,0.009676959716286182,0.005888678446372253,0.029833878790072987,0.012325780794425811,-0.011868806111211716,0.014335650778192321,0.025014914372870845,0.0250053721533805,-0.042386499688109924,0.00833278479763877,-0.04744237403865109,-0.010740416266162955,-0.003266163574961234,-0.02859157129073847,-0.008062050071615978,-5.551115123125783e-17,0.0017132452344376659,0.008335017849871673,0.001074459417462481,-0.0023753646362968395,-0.0035266394326241013,-0.015874950876628824,0.0052484405050641225,-0.009413195282060083,-0.0442548123215597,-1.7591424175567028e-05,-0.037909944880133606,-0.01344118997648458,0.0015719806004541592,-0.003344820138613258,-0.022575318107351805,0.0,0.0,-0.011973815510437524,-0.05906979264865886,-0.09484224647254597,-0.014111113769285977,0.010610397112254422,1.4042186193052864e-05,-0.019808623781641166,-0.022730247155754613,0.0013379385651018927,-0.002847842761318997,-0.04089376023111163,-0.010594667097733157,-0.13272153120015434
-0.03875210598513018,-0.011870957056694942,-0.03062350453016721,0.04202099514097324,-0.028825976993183178,-0.027764646112939106,-0.02178846247195071,-0.06054744681694535,-0.011101722075554543,0.0,-0.0036514364551996636,-0.025608067170191984,-0.012685385973710828,-0.015302329291463523,-0.03602334557861653,-0.005332927542244292,0.007455735228834304,-0.0005574078191214471,-0.01511208167645961,-0.04007464118600701,-0.11047118456872734,-0.016273303175994736,-0.05645875931881589,-0.03585017232888771,-0.021881778747845526,0.007945917808342584,-0.05402861670155129,-0.011540701721151125,-0.06931567857720122,-0.06578802703539827,0.00519988486623435,-0.030187355986831588,0.03506289414379127,0.06752038490353768,0.03570767444927636,-0.025834864455329676,0.042452927542105556,0.10746228280484854,-0.002376322570450673,-0.05413533831211592,-0.03570904359975069,-0.0026642893554951197,-0.07430338684903298,0.003852384446309365,-0.028386450323583112,-0.044111427400811976,-0.02922422675579317,0.00012465974073783137,6.478539606280531e-06,0.0004054175712576713,-0.060335328993960324,-0.08699452953596276,-0.04901833294003494,-0.05659043212175063,-0.041691949825981234,-0.020673254676850383,-0.056745672758575894,-0.0679961141781305,0.0,-0.06925782382491119,-0.030367634946216526,-0.032405330552457645,-0.04117605028155319,-2.129529918015738e-06,-0.06011895877783707,-0.11799377722754062,-0.015863625835648154,-0.10452939093871161,-0.04744739559894118,-0.0313592447185187,-0.032576918214719974,-0.06171467671945219,-0.06544767686749509,-0.08174409728844151,-5.551115123125783e-17,-0.1425133922890442
-0.051244824116725984,-0.009293826712322317,-0.004483672818395956,0.03117433688628779,-0.00549056420995897,0.00922930386643761,0.02883020290809668,-0.00015185412589635572,0.025754347720083504,-0.0036514364551996636,0.0,-0.0073695567772603665,0.02273571534584079,-0.0027014261975853437,0.0,0.00010079231570736535,0.004072056402628699,-0.00613145596788478,0.005441399935243008,0.005946755712534113,0.015130090434368082,0.017338358650439867,0.028152951807373594,-0.02709036221019867,0.011061710730604357,0.0034066647782241555,-0.02675928019087942,0.01159741846573542,0.024588939963681333,0.010198200303822291,0.008077616678590194,0.0007862788173993995,0.018560919787707186,0.008302306382461655,-0.007945454767903426,0.0034137893835072264,0.04145313700269454,0.05422270657632783,-0.005994734681203651,0.0005981654381804757,-0.017659355390861387,-0.019032527071880023,-0.0033104086768935836,-0.010144722032552345,-0.005338612693770395,0.0,1.1102230246251565e-16,-0.08397805656266777,0.0018582434650131763,0.008272964712339181,-0.019650099941122656,-0.008876905053159911,-0.0061724200351210845,0.01917438767992058,-0.06472993495333862,-0.06057199883502967,-0.006044992949409633,-0.008943960405638218,0.0166748435823576,5.551115123125783e-17,0.0,0.0,0.0,0.06716779547339014,-0.013380494374403196,0.0,-0.00010528051675834371,0.011237517674545727,5.551115123125783e-17,0.0,0.00011753595544844453,0.0007781949629814822,-0.008477999003349224,-0.019575929074981402,0.0,-0.06735788534190634
-0.037970939245453694,-0.031193385366963644,-0.046551018416921996,0.003823673308456621,-0.04221470661182719,-0.035070262229360216,-0.03276405429896839,-0.01940935466843602,-0.021296263539035687,-0.025608067170191984,-0.0073695567772603665,0.0,-0.022743178041914225,-0.02821446903706365,-0.05277154618670332,-0.005644916633592401,-0.03952897092555546,-0.014573090747155848,-0.03482416939257038,-0.05838932360018273,-0.09414865591549149,-0.030533252521750487,-0.07523626807956985,-0.03398231038553279,-0.03333204867867107,-0.009222519754129077,-0.05958983937672613,-0.01998321293837274,-0.07492354638614701,-0.06329323498667655,-0.06375626358364028,-0.029311931309641215,-0.017577086569729616,0.0711409591213975,0.04827432489065964,-0.040580930958834194,0.007116429549878123,0.08247402397431411,-0.033489318168962445,-0.11168479921803776,-0.025910251866311296,0.015990956521157895,-0.05610330322638135,-0.01600182020525842,-0.030912866719632448,-0.06584932913199537,-0.023314113920702484,-0.0068758794195747375,0.05701156087527881,-0.010764993352837315,0.02917846626662368,-0.07307166348038124,-0.00016379560349066846,-0.012903799379628822,-0.03897016234119033,-0.011285878290293205,-0.046007749845364765,-0.07956780842267547,-1.3959053727308213e-05,-0.02081687459050824,-0.07049004651218688,-0.06653970921431612,-0.05639078738200365,-0.014596545345794076,-0.05676699794801143,-0.17791123839613665,-0.03216112900035634,-0.08469453545233724,-0.04991156949292086,-0.0387299079060584,-0.0386677686424346,-0.03947258176805357,-0.06197325561941269,-0.032772216024440304,0.0,-0.16811888171093162
-0.019632900519535923,-0.005528126898418917,0.012152349018618835,0.06769950927445345,0.015618477816563114,0.0034063870636537597,0.02872284699117339,-0.002508556442041232,0.03475999809131203,-0.012685385973710828,0.02273571534584079,-0.022743178041914225,0.0,0.027027128786034582,-0.0004990948490092295,0.013871790271124784,0.009854840265332787,0.0019174073552927218,0.01651988573189017,-0.008578257875374806,-0.01426415887784982,-0.018576946644572434,-0.00023711016511240857,-0.035774974897855305,-0.0017858678873669542,-0.004996882631930988,0.0077564671120843864,0.012154549863429231,0.015357005833997517,0.01676808427897275,0.02000478944610412,0.009810940394974377,0.03276983293110525,0.048707862706636906,-0.004670980857590268,0.04057006793631529,0.06774627333209426,0.05935972601325784,-0.008731107372590419,-0.0038355112537163394,-0.0022541454411417194,0.02156167949345733,-0.04228892808172957,0.012994865913479314,-0.024232385239843945,0.00504172214980636,-0.0163947335799704,-0.022054725904258388,0.0,-0.042033587015770424,-0.03257852369529379,-0.027324038840552733,-0.021124337662026094,-0.026218189623034904,-0.07491909755433762,-0.03682455069997176,-0.055216837537543306,-0.020846972566336885,-0.03576745216990068,-0.03995456505278405,0.0006137278114273226,-0.038626279348692616,-0.00841439003098765,-0.03728728422063321,-0.05446330554951079,-0.034389327088743926,-0.01798120166835221,-0.026104625280784444,-0.00754286892170819,-0.050093506360564644,-0.03467065269658659,-0.02996550303351475,-0.038579788294496487,-0.048547704649779255,-0.03697837503331386,-0.0999480461707426
-0.016549742507730447,-0.0075660713273223434,0.020325985032679128,0.08228372275975177,0.015416560828735049,0.014889891527056887,-0.008701473791588976,0.07889790002913971,0.018867572317482595,-0.015302329291463523,-0.0027014261975853437,-0.02821446903706365,0.027027128786034582,0.0,-0.016822706455410896,-0.0004941397707133866,-2.96870275854344e-05,0.0001014977709267173,-0.027764594532848852,-0.001967816988936777,0.01965820002221863,-0.008994223909423393,0.032209712917632694,-0.1432417693959867,-0.020496155426758977,-0.018297430748990595,0.018992154832491837,0.017177961281669873,-0.009944113894998663,-0.008617194423093999,-0.0258330207467512,0.00701233030470666,0.011064371281523433,-0.0024927530662179342,0.023494034955969467,-0.02175654486708445,-0.029957628348830978,0.003259452324020584,-0.028750805408168933,0.0,-0.0010255577840749264,0.0002506067204001705,0.003242007527916424,-6.359563707869498e-07,0.0,0.0,0.0,0.0004976794486977743,0.0,-0.023073561444767854,-0.05536971099893567,-0.03606734622464891,0.007139157487368708,-0.021165473398924384,0.0,0.00020125838618584302,-0.0002240323390682586,0.02218328198259123,-0.0008028757036770973,1.1102230246251565e-16,0.0,0.0,0.0,-0.028403063220883207,0.0,-1.1102230246251565e-16,0.0,0.014129284770462158,0.0,0.0,5.551115123125783e-17,-0.021077456462290978,-0.015966418967131468,1.1102230246251565e-16,0.0,5.551115123125783e-17
-0.033023890034105996,0.01034613407248558,-0.005226357166147555,0.004619985528875381,-0.004465324635933632,0.008806325549886584,0.0020834941045297928,-0.00233745892369297,0.018231039793155768,-0.03602334557861653,0.0,-0.05277154618670332,-0.0004990948490092295,-0.016822706455410896,0.0,0.013220874566493124,-0.004614373596566634,-0.009324533338320118,-1.1102230246251565e-16,0.04647270811520904,0.0003377177297266831,0.03819494628324305,0.037784485385591815,-0.08337115840017256,-0.007882428635312022,0.0030175695563023908,0.02738579451845885,0.0033625138639453156,-0.015249535136802328,-0.0207824590297227,0.00019569327814727977,-0.022177764308985493,0.029417348670304266,0.034408571836252844,-0.03026428505616502,-0.014597683771699621,0.010200418607384465,0.01058884314195857,-0.06418865783426947,-0.030166348281666255,0.01403937169811409,-0.03134566379212805,-0.009222321196128813,-0.005344713723052008,0.0,-0.0708974648590932,-0.03685533585341738,-0.020753174732359936,0.0,0.0,-0.01963327645590529,-0.04132693807853516,-0.037151997382572466,0.00339809220058912,-5.551115123125783e-17,0.0,-0.06291091143158245,-0.019473017853978092,-3.62166262901642e-06,0.008849732545774258,-0.0367554666165934,-0.058404829302169115,-0.06417643465053074,0.0,-0.02259205457759733,-0.018729749371664828,-0.015923510181889255,-0.03981563717171854,-0.10199144069996724,-0.07335831106584018,-0.04527794181412198,-0.03868668462288921,-0.04162963025567523,-0.042525263262626456,-0.04892681984906461,-0.06399190643677832
-0.0008056087355541308,0.0010904405077840629,-0.006438624635382584,0.000337231617139222,-0.009372754254103277,-0.017749652183204012,0.007823205131340716,-0.01793479507867879,0.013394152569125517,-0.005332927542244292,0.00010079231570736535,-0.005644916633592401,0.013871790271124784,-0.0004941397707133866,0.013220874566493124,0.0,0.008795220636796108,0.010136098197033705,-0.0001485687536448843,0.03661145633830204,-0.0030920027008348727,0.04156967606410045,-0.022135836633062955,-0.00869495718622565,-0.0013712577252595337,0.006063280637303048,-0.013156865009298913,0.010806035378784551,0.027319881824618197,-0.014582351446237873,0.014538724906368039,-0.019136595152865754,0.07355555034675565,0.10111117700229694,-0.02404653215711222,-0.07752444140547537,-0.004126265349059688,0.11036110015200484,-0.01922098104482106,0.011284978821593072,0.029861407184359867,-0.014648536623035224,-0.026282872370383348,0.0,0.0,-0.043579852146520326,-0.02975474569220865,0.0,0.0,0.0,-0.026471120352242195,-0.0012657439568693474,-0.016124640641318022,0.0,-0.026073233940092977,0.0,0.0032105640409304526,0.011463695196631873,0.0,-0.01873542488194646,-0.020008336992747067,-0.0027577425253471066,-0.017161294287241724,0.0,-0.029738541268858,-0.0244196508344392,-0.007560122200067854,-0.08253602497097706,-0.0170998422996142,-0.026166603660040255,-0.0369092720403571,-0.0590091833030979,-0.011803393471582102,-0.02350842631254868,-1.1102230246251565e-16,-0.031018732000633598
-0.0009145243725527386,0.0025746912360797847,-0.022011143232024577,-0.004726638883420731,0.010080534593711277,0.021280195183405015,0.00912062621144838,-0.014179452687453908,0.0032822082863732116,0.007455735228834304,0.004072056402628699,-0.03952897092555546,0.009854840265332787,-2.96870275854344e-05,-0.004614373596566634,0.008795220636796108,0.0,0.01612283404006687,-0.0017490583704191653,0.010444668826099957,-0.056595947488825515,0.01044439412954451,-0.027265671279355197,-0.04088345841524649,0.03556118971041955,0.007490328070331398,-0.0179436130923869,0.005320296077554798,-0.004540188481147955,-0.0146652625147759,0.002937475729181349,-0.02462306423149313,0.08674767632211494,0.07400738875738089,-0.009750063015801447,-0.06639192773694197,1.3095009318286888e-05,0.10379673193287964,-0.02006304705353923,0.0014450224375726628,-0.007538508006514177,-0.008473783337706542,-5.551115123125783e-17,0.0,0.009594317807503416,-0.04242094205440339,-0.01781517572723179,0.0,0.0,0.0,0.0,0.0,0.0,0.0,-0.0287570614897108,0.0,-0.0291048179941632,-0.007386553996610368,0.0,-5.275296644291494e-05,-0.00603544281802143,-9.444639060923743e-05,-0.010592415006446143,0.0,1.1102230246251565e-16,0.0,-0.003188792062253365,0.0,-0.03532938337876501,-0.02381637643297313,-0.03188392368445642,0.0,-0.017005978772455854,2.845969639264645e-05,0.0,-0.0014318996725265487
-0.01644877776026421,-0.006058586679690781,-0.024090431456586348,-0.027015441152582254,-0.03570694446104988,0.006180268054874538,-0.018234968069139323,-0.04923411970594027,0.0026194570774160653,-0.0005574078191214471,-0.00613145596788478,-0.014573090747155848,0.0019174073552927218,0.0001014977709267173,-0.009324533338320118,0.010136098197033705,0.01612283404006687,0.0,-0.016158365754750714,-0.003268085695293965,-0.031943697793533565,0.006003281359252266,-0.030004046449384814,-0.03378175675958511,0.023532728516075074,0.011437904490788797,-0.020993767017321863,-0.017745944080814757,0.00042832095969730366,-0.03186743057287028,-0.0007601845380615369,-0.0029648532623647306,0.07586986634840565,0.05702935230695261,0.0328939242319104,-0.05678542932783032,-0.01448479328047897,0.11745692527393192,-0.01731977036786958,0.011828539724647646,-0.005011332517365186,-0.006730023091629178,0.0,0.0,-0.0012145260077969233,-0.05557695471988988,-0.03840291824078662,0.0,0.0,0.0,-0.0065912777894534536,9.204134824003507e-05,-0.0003941832899387876,0.0,-0.021052774728910262,0.0,-0.022000025376255117,-0.008066359217484276,0.0,-0.0421837602633634,-0.03148969661184803,-0.02941274025916646,-0.02133165179018509,0.0,-0.03202017520018452,-0.06281007294757629,-0.017534220637750342,-0.08430215248793188,-0.01991454635969281,-0.03018374406886043,-0.03251399205521155,-0.036616330520792995,-0.009324768990709165,-0.030455700559568366,0.0,-0.039403397921853434
0.0,-0.016498878145701112,-0.01994510429944213,-0.0036738291516210664,0.011297414446096499,-0.012644261310856997,0.018128802622545126,0.009049784211177414,0.019850329730874916,-0.01511208167645961,0.005441399935243008,-0.03482416939257038,0.01651988573189017,-0.027764594532848852,-1.1102230246251565e-16,-0.0001485687536448843,-0.0017490583704191653,-0.016158365754750714,0.0,0.0031385242174263306,-0.006288166741574508,-0.0068235042240472055,0.014771188400582669,-0.03627758400291975,-0.018108308713418952,-0.017364160262114903,-0.02787067349953043,0.006871206404032881,0.012885600706114997,-0.014444829721246832,0.0023846282223031756,-0.01450189056251483,0.006365704281241447,0.03677893827495776,-0.015267034244234146,-0.01309373816327647,0.009423808443408788,-0.007356135861360136,-0.013078098292152451,-3.00695784398175e-05,-0.048711529361228134,0.007986322388736478,-0.02071733728146613,-0.03481106273148443,-0.0005263617304412938,0.0,0.0,-0.12295975461866238,-5.551115123125783e-17,-0.021455282327375924,-0.021029718839459588,-0.033528485621433846,-0.031150428367963612,-0.009169532002616276,0.005598089709920262,-0.029210487533172846,-0.00956536579321432,-0.015178677852095923,-0.016644625230006815,2.220446049250313e-16,0.0,0.0,0.0,0.005399561813546061,2.449828434658574e-05,0.0,0.00010749750100264022,0.004116404665636231,0.0,0.0,-5.551115123125783e-17,-0.0005243192188011392,-0.013026143659517486,-0.012139385336853492,8.445926244182722e-05,-0.09669087430012552
-0.03541420915076221,-0.01736208095417091,0.012905885316712828,0.01015187582985716,-0.010499515043169483,-0.02722688592857614,-0.005150945090344694,0.026194244753871165,0.0229025378712861,-0.04007464118600701,0.005946755712534113,-0.05838932360018273,-0.008578257875374806,-0.001967816988936777,0.04647270811520904,0.03661145633830204,0.010444668826099957,-0.003268085695293965,0.0031385242174263306,0.0,-0.02203675419193346,0.012604672097813574,0.017957794235348157,-0.08260492534663916,-0.021862276126747737,-0.028962477646799933,-0.013713640892510037,0.004189464089216444,-0.002614226971384248,-0.027880011108871283,0.006539531675806176,-0.039100969023201426,0.03232277086403368,0.035319069276009474,-0.025486235775780297,-0.005707655327211236,0.017269050475704595,0.049668018401189395,-0.06684336174419897,-0.02700013617038899,-0.009999936906012086,-0.023564777706829687,-0.09933088000936124,-0.025585666655594252,-0.00011251150880131622,-0.057911240804690844,-0.027565536173286664,-0.018347331604436468,0.0,0.0,-0.04467792966450712,-0.023610064430251432,-0.027635184287428394,-0.002972368811570203,-0.07091446335224183,1.1102230246251565e-16,-0.07253469453500055,-0.031253077316391265,-1.1102230246251565e-16,-0.022610683265247067,-0.02720734604921582,-0.02746624720543267,-0.047984236034707584,0.0,-0.05316956525058153,-0.039535241865469306,-0.024859905395797133,-0.03987082557585686,0.0,-0.04631679295299229,-0.03183446471271645,-0.03880526921171029,-0.044775517011679034,-0.05704808650418952,-0.05005267116376377,-0.050057489162885715
-0.03439292830513635,-0.019410211760937823,-0.014583784700764157,-0.0038136793013267556,-0.017417016277304964,-0.023615193974536874,-0.019759818368218773,0.013071560631691848,0.01117311855986658,-0.11047118456872734,0.015130090434368082,-0.09414865591549149,-0.01426415887784982,0.01965820002221863,0.0003377177297266831,-0.0030920027008348727,-0.056595947488825515,-0.031943697793533565,-0.006288166741574508,-0.02203675419193346,0.0,-0.0015672592686183373,-0.01736891260504575,-0.0591474852824066,-0.04412931636519962,-0.012890064924089784,-0.04050421882363908,-0.03192161132088217,-0.03913638625121679,-0.0532186461136398,-0.014850102149522038,-0.02657259886245933,0.03583299498747533,0.05485485205532187,-0.026966263434055227,0.01015246465843389,-0.010052565795692026,-0.026794574726329956,-0.023130977341997594,0.0013272540931548171,0.018271284615175076,-0.029068122242740246,-0.17481645254490025,0.0,0.0,-0.05538325540785344,-0.06642429921338944,-0.0004300212197402842,0.0,0.0,-0.05434231614779145,-0.01399246281275901,-0.15834743507942678,0.011032733252312299,-0.15321348009336505,0.0,-0.18637495922581887,-0.02968447012035702,5.551115123125783e-17,-0.017995687480721112,-0.0484409021219136,0.0,-0.07643969795519329,0.0,-0.059637869857457726,-0.0771030932112875,-0.04080626480455102,-0.04517273420999235,-0.004515550494641196,-0.07606902452219305,-0.08924025075229003,-0.05894021095943597,-0.05073491233452848,-0.07335028629794543,-0.040946494851005544,-0.07732722975878209
-0.002741674828076024,0.008853791440473269,-0.019903088424417903,0.001396120726458061,-0.03105372988846211,-0.02297262699936714,-0.024305842958781798,0.018041084129650165,-0.0014925369337335237,-0.016273303175994736,0.017338358650439867,-0.030533252521750487,-0.018576946644572434,-0.008994223909423393,0.03819494628324305,0.04156967606410045,0.01044439412954451,0.006003281359252266,-0.0068235042240472055,0.012604672097813574,-0.0015672592686183373,0.0,-0.00933128172855785,-0.01722461005586884,-0.013927592303324354,0.0035654301906053454,-0.021150204116937854,0.0016905760579497553,0.0033000672858209956,-0.034564352323073255,0.01348221463303334,-0.029110742500384035,0.03926060218166816,0.05116044305231021,-0.020853982807778615,-0.026600571156337294,-0.00033307267344429015,0.0718972089940344,-0.045980027401619605,0.004217913666692996,0.02535649544425861,-0.018591770034642574,-0.037888284503053926,-0.011396582437528668,0.05180732035887936,-0.03559947666119506,-0.01815362720726499,-0.008957935990728638,-0.01208168822534883,-4.604280464831634e-05,-0.02295745333693039,-0.059258985927949814,-0.025558633160468913,-0.005375896672598246,-0.0509603719801241,0.0,-0.0660013457887757,-0.02716608072278731,0.0,-0.010070085713696053,-0.004483724199886685,-0.054528093158179636,-0.02667877823939413,0.0,-0.031794795721888536,-0.027828209652877522,-0.019888577546780806,-0.058433783223209634,-0.1079403132640045,-0.04310189821060334,-0.03346051252069193,-0.042814741929380395,-0.04663461056159618,-0.030015916386141872,-0.008184069149970385,-0.029897243415052788
-0.028693854099353266,-0.025457902493534912,0.033389546972377504,0.03234387630488994,0.0023073813791684716,-4.516946184252024e-05,-0.00789623592755584,0.005079011017839974,0.003662667419994936,-0.05645875931881589,0.028152951807373594,-0.07523626807956985,-0.00023711016511240857,0.032209712917632694,0.037784485385591815,-0.022135836633062955,-0.027265671279355197,-0.030004046449384814,0.014771188400582669,0.017957794235348157,-0.01736891260504575,-0.00933128172855785,0.0,-0.08562332582039411,-0.0315279552900391,-0.041981481986371694,0.04309834684481528,-0.011135299998625281,-0.02677887404910012,-0.015820772718063147,-0.011211064016912686,-0.020979024006156366,0.01761630930611946,-0.006746417097930779,-0.05628818443780437,0.014897580149505096,-0.0011604596487318486,0.007321089043487106,-0.1259471403326466,-0.05289403740711246,-0.029889446839335476,-0.03604501837000057,-0.014180695257244524,-0.09195511787181304,-0.008649458125137788,-0.04884766594805107,-0.056799223822371625,-0.06695990979981187,-0.01230199145723454,0.00014106348916897993,-0.007948497699330814,-0.016965137898146243,0.006433811251779664,0.00819454265438313,-0.13042503332358507,-0.001675518167578438,-0.06895178556937503,-0.012120432732146136,0.010372892239738196,-0.03331706819157121,-0.04488110701699083,-0.03175308365291307,-0.07086422157420874,-0.18912371025266783,-0.03981618409563348,-0.04661602159732281,-0.05571846506133116,-0.0009309976313890411,7.042604545859366e-05,-0.05262691550739379,-0.07734481506113072,-0.00990675744744074,-0.021218865989661717,-0.04336457198605581,-0.03961287792728141,-0.08740117368973188
-0.04711264580668112,-0.11318843387531197,-0.04576089664482352,-0.014595653072512538,-0.04550864934113219,-0.04185223409696193,-0.0527978374053269,-0.03667676783931495,-0.017792907172705763,-0.03585017232888771,-0.02709036221019867,-0.03398231038553279,-0.035774974897855305,-0.1432417693959867,-0.08337115840017256,-0.00869495718622565,-0.04088345841524649,-0.03378175675958511,-0.03627758400291975,-0.08260492534663916,-0.0591474852824066,-0.01722461005586884,-0.08562332582039411,0.0,-0.02958635536497256,-0.01660132483270238,-0.09345793069586944,-0.04389263534407245,-0.11029456689645867,-0.08636388985090421,-0.08778593735654638,-0.07322087054331472,0.012505595735001429,0.040161869818967744,0.015981680698884837,-0.07862603887830732,0.017818086146179635,0.042209495355911175,-0.06520845691814164,-0.08518195557217206,-0.025847431504998186,0.008843234738342864,-0.06751018345956816,-0.008660374387632508,-0.022511844631391775,-0.08188602347316482,-0.07447417267042672,0.0,-5.551115123125783e-17,-0.037633393643061064,-0.004231396192102221,-0.021315218597704577,-1.6653345369377348e-16,-0.015472650564341495,-0.13745043010499935,-0.03670083980068989,-0.12306987616301496,-0.08587172495027912,0.0,-0.03352264468658056,-0.08141861528281125,-0.011089752500026695,-0.05656136452515709,-0.0028808298692576395,-0.03971778860179587,-0.0875483777336602,-0.04923509134713944,-0.00021798733039252172,-0.09443324028256184,-0.06151503058692215,-0.06265861551083707,0.01366239702300498,-0.12365346244933978,-0.06429194241791769,0.0,-0.2075398373491084
-0.01748295414206097,-0.013756567727711444,0.016839938453160175,-0.06787459054484724,-0.011791946705530021,0.011044697311539564,-0.01426621857818633,-0.03414998658778512,0.04765147878268483,-0.021881778747845526,0.011061710730604357,-0.03333204867867107,-0.0017858678873669542,-0.020496155426758977,-0.007882428635312022,-0.0013712577252595337,0.03556118971041955,0.023532728516075074,-0.018108308713418952,-0.021862276126747737,-0.04412931636519962,-0.013927592303324354,-0.0315279552900391,-0.02958635536497256,0.0,0.02075102209417612,-0.013257129076962804,-0.018765244775457324,-0.02277718239066323,-0.008393840114798434,-0.009377806387378174,-0.03831807536092052,0.07680687951314974,0.06364294170791024,0.015979356953831292,-0.06560334639143112,-0.040641904579195975,0.10574310877262966,-0.016259822267177093,-0.0023171798419476253,-0.006867557073633845,-0.008031154819016229,-0.015650734443595493,-5.551115123125783e-17,0.002242082016344127,-0.06210494066546973,-0.04905144628824798,5.551115123125783e-17,0.0,2.220446049250313e-16,-0.017666757227895458,-0.007977020792892586,-0.027850499190736844,0.0004503880570881913,-0.031376472125509536,-0.00024759519931832896,-0.026410788561513077,-0.011281696339808966,0.0,-0.0419741681169456,-0.04300937490198248,-0.04441049286483012,-0.029164543339518845,0.0,-0.044362553552609096,-0.07190379302939748,-0.02815236510795832,-0.054591372165415764,-0.03506197798674504,-0.03642612941068407,-0.03702504054477507,-0.04464572912883691,0.0027175980379784415,-0.03896033468219595,0.0,-0.047258230961960135
0.015329754931676098,-0.002213403845164552,-0.023996711573530893,-0.04120984693847429,-0.02481790611567891,-0.008322756550747767,-0.016857400165693315,-0.021965774013532502,0.015193422206821405,0.007945917808342584,0.0034066647782241555,-0.009222519754129077,-0.004996882631930988,-0.018297430748990595,0.0030175695563023908,0.006063280637303048,0.007490328070331398,0.011437904490788797,-0.017364160262114903,-0.028962477646799933,-0.012890064924089784,0.0035654301906053454,-0.041981481986371694,-0.01660132483270238,0.02075102209417612,0.0,-0.0467625596553235,-0.017452951979328002,-0.026902620854645676,-0.026041705282168037,-0.005857891656991243,0.0013005536742600188,0.06383493151407643,0.06617834061992711,0.030523893245667844,-0.09198610368813859,-0.061849677320810814,0.10895056395776076,-0.05437372834364479,-0.010026969346488002,0.031682029665192235,-0.006267419751614323,-0.07008562761892428,-1.130614310063116e-05,0.1030836308062657,-0.05309821930096714,-0.043742891250201255,-0.08997800719998733,0.0,-3.916920944663227e-05,-0.026970782364296286,-0.07092376905252523,-0.10175387879382963,-0.014011245678597684,-0.035253592357216645,0.0,-0.03756626258207996,-0.02683851517081115,0.0,-0.03799460253063164,-0.03132518007104401,-0.042935017164453415,-0.027267970441363865,0.0,-0.060544559676884935,-0.04416162068200907,-0.03347222482679202,-0.06971553865116109,-0.04533107107465506,-0.0341474640783716,-0.04825228604777404,-0.062298820353860085,-0.04112806442547101,-0.045934418350107364,-0.00035383488284351783,-0.06195389096437204
