0.0,0.3718967974890163,0.11442236851445833,0.0,0.11680883488739224,0.3587655354436437,0.35585681865541285,0.4758032071238066,0.5501400558880556,0.2899761070971363,-0.03771038366607485,0.2926157860318931,0.5200093055329262,0.43726125479411326,0.2887472799990085,0.7648774032653862,0.42237350979009614,0.5081813193464093,0.0,0.39547057593169144,0.24015271565564245,0.6123496954830386,0.39784612125090973,0.31576325750697093,0.40221126004823055,0.7751904059316888,0.23811279052973053,0.328632673305295,0.30093707955650684,0.2832502003683822,0.45230504682501455,-0.16989074964852624,1.0894026123772962,1.1325578915803318,0.6869040195400075,0.006673615491261442,-0.035859567697841654,0.7297097628125707,0.2612259342532699,0.4783233127772772,0.3890855168594864,0.3666720776601141,-0.16853816702201346,0.0,0.322669282679733,0.023260050931326243,0.05258441176845863,0.0,0.0,0.0,0.4827632954206666,0.0,0.5725823691415357,0.0,0.038388825169883845,0.0,-0.08675575352918768,0.8049435359922787,0.0,0.5228167460774051,0.10770464475264674,0.4063501417191123,0.2408874534920061,0.0,0.5491806878570421,0.2409044057377676,0.16440634892509276,0.46602069905721555,0.565472434124384,0.26193675682343315,0.2328181262764873,0.3884345765906496,0.4515464425710932,0.5428846038904276,0.0,-0.019117569868573436
0.3718967974890163,0.0,0.5462108641858707,0.3999622763449592,0.16074559387870202,0.42695696211295336,0.40835051745184425,0.6184808736973993,0.5358639554993374,0.3942264816729031,0.3375903387092053,0.263972298471553,0.4908010042519526,0.27660209537735303,0.7221702311681966,0.6872218376783003,0.6683537575087897,0.6258207942747849,0.46535248695109654,0.4377599934887435,0.514874568147315,0.7100148314082578,0.4748126291485931,-0.08317524386927333,0.4680841525181685,0.4964423847838449,0.4100552894254399,0.3582278623189109,0.37134712186880786,0.4707854888519857,0.6353600748335554,0.4166119337524946,1.0061605219490088,1.1375144847626963,0.7705470627613134,0.013093838372600475,0.18502907870855018,0.0,0.27716542701512037,0.6155135664942363,0.41452016211276904,0.46023182262655643,-0.17793850690150775,0.0,0.0,0.01232298570267687,0.28066455480572366,0.03821128496287313,0.0,0.0,0.3832749244617931,0.6239975187376039,0.5058338795120338,0.6044695920414481,0.23909558604876385,0.0,-0.035293997670861055,0.5648003708146498,0.0,0.24510715397302799,0.31452785793865035,0.11126998261787113,0.3738888399349246,0.0,0.3231881049770456,0.40302997811807245,0.4815971192523483,0.15679089301168053,0.30410384351587927,0.2698780883022172,0.20463715199422877,0.19247157817088598,0.5120820603889602,0.3795175478506818,0.0,0.1954765162012582
0.11442236851445833,0.5462108641858707,0.0,0.7246230494428189,0.5999599193911924,0.6239995306670526,0.6650768692301725,0.8057339492299419,0.20144057813965857,0.372682241900878,0.6204159937261212,0.3153386545488118,0.7159109700721659,0.7513387038854524,0.4552965264474611,0.4169957742471067,0.48339045876842945,0.35467976707088256,0.4014115025108235,0.5274420611235573,0.47877323043635145,0.4775275641973238,0.6672209264517979,0.2310094802426926,0.6328825752584126,0.41288795771080133,0.5890021304613421,0.6082483366088227,0.518168179131635,0.5164455106635133,0.5980393989496738,0.8192556136048772,0.6088293976960276,0.1691171537098527,0.7194481618836795,0.6608287381398938,0.5687795265635875,0.43626024155486476,0.3942678231117639,1.1634236420411816,0.34565195967448936,0.5709328938358549,0.6424830781892206,0.2685304056339154,0.0,0.0,-0.07915459722526644,0.21529558933074386,-0.1738541496044156,0.568848909347975,0.6072224023802195,0.5798122045272047,0.6863228813753988,0.8238121394188441,-0.16186827057921058,0.8136926578676702,-0.07235144283664652,0.6485186836395198,0.6672706601327668,-0.09854059994179476,0.0,0.0,0.0,0.3822485204373741,0.4289311196541974,0.43072245597318537,-0.04423396843123642,0.4159447661363056,0.0,-0.17582234906147687,0.02391787486593644,0.7577817905795987,0.5878603862321539,0.5252276736933046,0.5386869370339402,0.31384771495731445
0.0,0.3999622763449592,0.7246230494428189,0.0,0.4911084391783046,0.6359807564371905,0.39416000522773365,1.1608855925712784,0.8097361648040268,0.4825759761429913,0.6934159057037022,0.41057704845618,0.8307311991928601,0.9295912978774679,0.7343411262158765,0.2870012991169771,0.4795252762177492,-0.17376133319217768,0.5549292586434329,0.7010375652144949,0.4291743427297344,0.6062669782131505,0.9235031208233376,0.25928681258727204,-0.2665490235059812,0.16449939445830442,0.6183698627202603,0.450157737228996,0.7702232834532807,0.7167443035463112,0.8271503957170329,0.4033373295507557,0.2864352053920537,0.34178359725672364,0.4321169565242354,0.5453442762758053,0.5190482909802736,0.4875642519557819,0.49138938308271385,0.3989543248191063,0.46581563686421723,0.2996730874503746,0.4374599871381907,0.2603898840606211,0.0,0.0,0.0,0.46514354223859034,0.0,0.0,0.5432007669229351,0.0,0.48839108691792144,0.3256172231689338,0.0,0.5722923383778221,0.6393627992317238,0.5020217136746772,0.0,0.0,0.0,0.0,0.0,0.0,0.0,0.0,-0.17877828275992813,0.5599170351120516,0.0,0.0,0.0,0.39048854753957846,0.432377736278055,0.46905975321821014,0.0,0.0
0.11680883488739224,0.16074559387870202,0.5999599193911924,0.4911084391783046,0.0,0.6270800455750533,0.4875692267586802,0.7313228268906822,0.4387960229504022,0.4708509460297491,0.41141062200538336,0.29762628874319247,0.7139865650108159,0.4724991173180002,0.5608613589911542,0.5434915180323059,0.6966292075927095,0.2666544906681959,0.5888409912111708,0.47745847720247137,0.49237565434874764,0.32347909452242574,0.541894661743306,0.23390653792692087,0.47282697077678854,0.3728669532415143,0.6276483005910001,0.8140901190037919,0.5059606042935436,0.3640045758116578,0.5755446499488117,0.30948263501537276,0.5453381532180072,0.5367916049692448,0.3547118368222295,0.39938540518891297,0.4222765012694541,0.4800016607240123,0.570563081471289,0.7829135922349587,0.5659877484301399,0.6871278185195212,0.5417866802351538,0.9552665367981663,0.37642172737452556,0.0,0.20213005454349606,0.6599821437677655,0.0,0.5602133138614189,0.5833207238398683,0.5604012980418028,0.4255940024981897,0.5847088264046403,0.0,0.5291143486809785,0.24836993325565448,0.7211888939489535,0.42191903957661253,0.39423716597394476,0.48436039201235653,0.0,0.0,0.6791270050142179,0.10757188445112054,0.49973609641088645,0.33983655031331816,0.6460784217128026,0.0,0.47436052344510793,0.27583442773903466,0.518076850189007,0.5364810807076358,0.291949283674187,0.0,-0.00246684312576656
0.3587655354436437,0.42695696211295336,0.6239995306670526,0.6359807564371905,0.6270800455750533,0.0,0.6889883983191154,0.47689981554916866,0.593283835872178,0.3892505138851795,0.5860688925844801,0.3473266067456895,0.5842443504485018,0.6640921759265701,0.7091283134885331,0.47780812694682195,0.6779912413686157,0.6176200124812543,0.5238264770685384,0.32235217222833223,0.4461503900605641,0.33587240149798614,0.5595979262402833,0.1654630590919018,0.6107580171500508,0.6081070466816008,0.4702966671453547,0.67880264765921,0.4364801132594775,0.5113815055836674,0.5821628420388376,0.4299583062938459,0.9194598171456789,0.5826609342808398,0.30321467846687183,0.7003630620854466,0.7243502367020347,0.5684667395298322,0.4974773825527474,0.5088917980844303,0.34799788252926034,0.41931840429111633,0.4581468341282582,0.5019954960155294,0.07877317719031135,0.4770618026455515,0.37809155951250484,0.49282186035989195,0.4723959163022756,0.3109883573748955,0.4854990354976937,0.4617218668225044,0.5038809170829177,0.49246938056334105,0.1423165284507914,0.2014033820842076,0.13547393997773946,0.5424115583126359,0.28274102469680795,0.35337944359973184,0.5617117923568259,0.0,0.6119051961493855,0.3437070508932739,0.22089383757797104,0.2367342304160795,0.39448372420748695,0.4972377893300757,0.550201142227275,0.2781115009491469,0.2735471877178605,0.46893794612992973,0.4366260849271408,0.3168633638355355,0.2632665325509479,0.19859170442994373
0.35585681865541285,0.40835051745184425,0.6650768692301725,0.39416000522773365,0.4875692267586802,0.6889883983191154,0.0,0.4910779352353791,0.7820599323393767,0.41434844932337667,0.7426127021905733,0.21131528282374057,0.812654409072889,0.3627511757739848,0.5925224895936584,0.6825765451237931,0.7127703835218602,0.4675550417249458,0.6816116115054538,0.5208323509745171,0.38980400252299585,0.4042530467143071,0.5366832071924115,0.16928162582576511,0.4751088170211894,0.520505194603626,0.6239572163372457,0.8882509719584196,0.6857225910287379,0.4691338199571228,0.6786431462702927,0.15916507238617125,0.5875363037026176,0.7066224728064832,0.373631901288382,0.47910318217492376,0.5181331000951767,0.6546292115728806,0.6557176809640899,0.33089206819283273,0.5774400859822522,0.8899053098091623,0.42795602378875924,0.5514324592233966,0.38823315192176966,0.0,0.3285206143133935,0.5530248722855575,0.0,0.45791800948865496,0.4877050342480982,0.5097670274462811,0.4388392259969267,0.644057505198686,-0.1730727556643883,0.4798934671220997,0.28947229615890135,0.44960872628842663,0.3984162655486946,0.14546198524179305,0.445044872963595,0.0,0.5115897858321905,0.5525501094098828,0.2704801320503022,0.46197356047686244,0.5277457795152973,0.5272840529208107,0.5098713023094228,-0.03268809658659794,0.2758477755790329,0.40607247766275967,0.42985295638668924,0.2111181567186114,0.57362884194747,-0.04802922695766981
0.4758032071238066,0.6184808736973993,0.8057339492299419,1.1608855925712784,0.7313228268906822,0.47689981554916866,0.4910779352353791,0.0,0.7095485493686102,0.2241860865871253,0.5500893168821597,0.5048894226155781,0.5818162748764739,1.202627312910579,0.5331845369434293,0.6030421400758913,0.2475231428583954,0.36889418278503994,0.6259638431260905,0.7129465153273029,0.6831644405668914,0.6810629403844548,0.6507763104745212,0.2256354260886204,0.4167293879636881,0.46500264354293264,0.5362947034618311,0.5313366254580425,0.42790129487573786,0.46950641688477307,0.4908508852302097,0.6158710321577343,0.40273682913639536,0.46563548904027474,0.35592499825976975,1.0660069648809753,0.6664330113981457,0.3736311662490058,0.5276817395278082,0.4215131732961309,0.3101422900469346,0.45865335575331445,0.5139452978256944,0.45903279490978266,0.0,0.47639589517152003,0.14711771128240592,0.7267495591050515,0.0,0.55430702890744,0.5013835217416683,0.5432421875647067,0.6398068280054692,0.6592832011024272,-0.22360782848490968,0.6069908897879129,0.964392541188327,0.5473375639603448,0.640366689246574,0.6793482565214594,0.3150876878389602,0.0,0.5997639034329096,0.7139516440036924,0.5798536703903049,0.697340556846767,0.24135299649589279,0.7002892054889622,0.0,0.22446059575158017,0.24792591087356383,0.5244023209053703,0.4910334041255866,0.38362657121159727,0.3339043059501762,0.3769169364523857
0.5501400558880556,0.5358639554993374,0.20144057813965857,0.8097361648040268,0.4387960229504022,0.593283835872178,0.7820599323393767,0.7095485493686102,0.0,0.5685716557271607,0.5212402281974395,0.4408636071669303,0.8068947932563438,0.6486553877024325,0.8733380418086081,0.6302649879084659,0.6115098472684664,0.5860413382699886,0.4217568713884011,0.674763873216667,0.5440153961177103,0.5304061242203626,0.5950850208163825,0.4959064944944309,0.8057467789960675,0.7131157965682103,0.6806424550097361,0.7287335394136405,0.6386468385624076,0.6602662884003947,0.6949009210458802,0.695370994323895,0.8135948943343798,0.7190168522736454,0.5154650612277613,0.7218174387768248,0.7750442007905977,0.8291157540059424,0.41203704038709604,0.569369678393906,0.233727808308736,0.34231923946323234,0.5699195480002843,0.38900028574859685,0.37570830876275974,0.0,0.5214392615714697,0.7129692890538383,1.0133833860599641,0.650760261782733,0.6529065972491637,0.6513448096355889,0.6818051352770106,0.5835064419713439,0.09421266371489898,0.6551506683531156,0.08768558804861454,0.565724874708121,0.601993531173276,0.5290801114982898,0.3773519707689472,0.0,0.0,0.5897251885710135,0.16198763719415954,-0.18383798004553603,0.4742700324596537,0.7310704506517429,0.45315182185922687,0.328185245499487,0.21143767125359988,0.642749724523813,0.55445864250602,0.3772670210070412,0.45132137650812976,-0.01601015201960837
0.2899761070971363,0.3942264816729031,0.372682241900878,0.4825759761429913,0.4708509460297491,0.3892505138851795,0.41434844932337667,0.2241860865871253,0.5685716557271607,0.0,0.6072604408463567,0.38078929008360257,0.5269843578232556,0.4938544553266269,0.25178802968072445,0.475965891951585,0.7474061685113849,0.5648514785139505,0.5320015772692952,0.19936348521252986,-0.034991658173328166,0.3919272361965331,0.10061004757556527,0.28132080698580186,0.5792042908872469,0.6124345737820651,0.12593056082195164,0.6060648634921979,-0.004008622380631599,-0.05408368870648361,0.7625007830232937,0.2007670658609535,0.9005835377881573,1.0671475855038253,0.8057401474107354,0.38037636316171,0.6992096468368189,1.0654429446305966,0.47766935680403516,0.1860204378060377,0.3094035983134694,0.4365588269111058,0.14165998500489552,0.42014014372835656,0.37778295210864166,0.4208523718664531,0.22901740257795575,0.39675857604035797,0.4900319824004657,0.49732044059423375,0.11298594137136642,-0.03808358838319367,-0.16268829137625274,-0.05175827278236253,0.3516750793719857,0.2111482937409919,0.2955186098739019,0.19092249421265145,0.0,-0.21301388912499153,0.2958983396046132,0.3743385349811714,0.27033254134118845,0.48646952313971115,-0.17415923560787444,-0.09746821627789731,0.29277194718504695,-0.05486781821956116,0.23665051374729787,0.3542987707025038,0.38856346164065797,0.12634637658956827,0.24937479072904462,0.01804963149215988,0.0,-0.07504521834381944
-0.03771038366607485,0.3375903387092053,0.6204159937261212,0.6934159057037022,0.41141062200538336,0.5860688925844801,0.7426127021905733,0.5500893168821597,0.5212402281974395,0.6072604408463567,0.0,0.504839918544666,0.6986714665711653,0.5180186593544183,0.0,0.5085837730896595,0.6164303743518744,0.5647446325340134,0.5048015532024166,1.0170846352054543,0.7146297550163037,0.6395624741012794,0.7169225769258765,0.4001256124350113,0.6978275333098953,0.6699378520897072,0.4108560886883845,0.6419994788591777,0.581145249192812,0.609409487994657,0.6228698836678974,0.5174798701488506,0.7263257502058967,0.6732938598430571,0.5056514142376505,0.630827038687207,0.8280059067931769,0.92333327557964,0.5206125556566839,0.5204135821134703,0.47951583720222357,0.38676115927360577,0.5729039772718251,0.5788384441969663,0.21310469067241716,0.0,0.0,0.42978123682810637,1.1637839467962618,0.5400921883096006,0.515715548268846,0.471665417040279,0.5911930494767157,0.7456276607712073,-0.03915270540302862,0.255067991421561,0.4004394757691169,0.5587668592671879,0.6665390680496915,0.0,0.0,0.0,0.0,0.6766957713397613,0.2910081888951035,0.0,0.5814340202561097,0.6838935031219523,0.0,0.0,0.9529466524671991,0.6828391777886658,0.5028180689423033,0.17845157070680762,0.0,0.17205189034881044
0.2926157860318931,0.263972298471553,0.3153386545488118,0.41057704845618,0.29762628874319247,0.3473266067456895,0.21131528282374057,0.5048894226155781,0.4408636071669303,0.38078929008360257,0.504839918544666,0.0,0.38634480487408374,0.4941929801868044,0.062006889186758424,0.6432402591538153,0.4149467443856857,0.6413663154901916,0.41469831317424133,-0.0613299342085058,-0.034249546475749015,0.2694156712675087,0.02842928816247925,0.25506252931227436,0.45008383254409967,0.4605133798813361,0.05390193950485361,0.4740817052983822,-0.04691382661043203,0.03494786754631579,0.09613065561239414,0.16456253129122028,0.41775413326861366,1.0263270271559723,0.9621602101605762,0.21603743400157388,0.5022123756692036,0.67860238137498,0.39297214111219186,0.03201165369655762,0.4021596402674889,0.41102206342457903,0.1482712904622088,0.3088668244873729,0.382650397323232,0.13580139124978938,0.25220584861743145,0.3945159717728146,0.9394744435161315,0.24918177828952295,0.6177988825254952,0.0026463348794548702,0.36877032773393015,0.34690176137968376,0.3902276133385518,0.17425231035077954,0.44924612533663516,0.05704830418260881,0.5630173422294327,-0.1846806401337151,0.037128251353093555,0.1659641909728397,0.2624300621592218,0.29302877553609263,-0.15124610828210278,-0.15034583941754687,-0.16815850936806453,0.05468784155529832,0.2657976046512016,0.35176261462338554,0.3748375172740086,0.11252610248239389,0.3334051154191902,0.23299198026637102,0.0,-0.08081697406150562
0.5200093055329262,0.4908010042519526,0.7159109700721659,0.8307311991928601,0.7139865650108159,0.5842443504485018,0.812654409072889,0.5818162748764739,0.8068947932563438,0.5269843578232556,0.6986714665711653,0.38634480487408374,0.0,0.6226060106001736,0.6099903601237129,0.7570974902550369,0.6629024976069878,0.6952834700751129,0.6881731288410939,0.5688762712710154,0.47361173462355854,0.4626196333054367,0.6362692529009396,0.21767357797282363,0.6482359817230603,0.6233612416841743,0.663791251312339,0.6308837305811887,0.7187325947434615,0.629040303309127,0.6694161589372394,0.6797182715845462,0.7869277341063285,0.8998169355143946,0.4224728648321642,0.7552383675363249,0.8282390761058971,1.04881849763188,0.504550718817927,0.4930720874478365,0.5007033860353609,0.6310311969442733,0.34660148891429354,0.5016262954255004,0.2834954465580058,0.6649715380872752,0.5190597817505198,0.5924725468311814,0.0,0.43918080236305124,0.43015891390081845,0.4953842177131637,0.4439052520301322,0.5744750996113301,0.06375055940560481,0.3878386762485784,0.19493061815637377,0.5637595623937648,-0.011876459819393892,0.3313183486869797,0.5657858381777687,0.02879490662406642,0.482432891643536,0.48582196527496135,0.2490251602586521,0.43442830704628194,0.49945351715416786,0.4927830687914233,0.4929653967079096,0.1433101545214694,0.25170203315184303,0.473989382268731,0.4358805567650595,0.2895336845712537,0.2621427297091723,0.03604277584927573
0.43726125479411326,0.27660209537735303,0.7513387038854524,0.9295912978774679,0.4724991173180002,0.6640921759265701,0.3627511757739848,1.202627312910579,0.6486553877024325,0.4938544553266269,0.5180186593544183,0.4941929801868044,0.6226060106001736,0.0,0.2997297650362999,0.5685724241330203,0.48989619885923247,0.5015548793163619,0.45132837798736425,0.49768887365975933,0.7225351182051434,0.14268153921516358,0.8467660727227879,-0.014227849224587086,0.27363679121499085,0.3672363812065338,0.7576427125269716,0.5676770175904966,0.3330108265720934,0.4659116941024508,0.4129467304035851,0.3435916153970315,0.35828660688793834,0.6781952567753672,0.5361242721148787,0.2319223831717444,0.1656441640517493,0.39769122585198236,0.530722029478773,0.0,0.6391900481980349,0.6941380547991312,0.6277382887773961,0.5097942724614947,0.0,0.0,0.0,0.5364208017886909,0.0,0.4082634459096982,0.14057818562444355,0.2772667070977512,0.6251119739258884,0.3824150578199305,0.0,0.601178086554242,0.3853847912749516,0.8848295707965299,0.5163303950494025,0.0,0.0,0.0,0.0,0.42751714513163697,0.0,0.0,0.0,0.6747326033234176,0.0,0.0,0.0,0.43124059791531555,0.5564026684060699,0.0,0.0,0.0
0.2887472799990085,0.7221702311681966,0.4552965264474611,0.7343411262158765,0.5608613589911542,0.7091283134885331,0.5925224895936584,0.5331845369434293,0.8733380418086081,0.25178802968072445,0.0,0.062006889186758424,0.6099903601237129,0.2997297650362999,0.0,0.7903374521743596,0.4474147986298878,0.5186359157611855,0.0,0.9062916663679201,0.5914636154919282,0.8659533972588728,0.8847494815419694,0.02216726523424717,0.5070784031994224,0.6060648133514929,0.7316234481139618,0.5570698584939136,0.44298721174544936,0.38745313763638467,0.6507416236540806,0.32102247025003117,0.8483632754532653,0.8551658416025258,0.35767646066105874,0.5957408185043556,0.6418610674242176,0.7210804938728391,-0.005655297666860154,0.3714076329419387,0.6836753990492008,0.2939858349169825,0.41552965618563853,0.40200293742534515,0.0,0.09714499797556697,0.39348371796074716,0.32643974597117736,0.0,0.0,0.4057390676424836,0.3631115920477458,0.37199544600303275,0.6365357928771159,0.0,0.0,-0.16144507192240098,0.478473936505011,0.4882818664070083,0.713721882665034,0.3828433377514986,-0.18837131035491533,0.2689462388213743,0.0,0.6486631641297632,0.4944537034487234,0.6787695091729382,0.5937003679578137,-0.1737207305884681,0.07944968866739877,0.3429049304882601,0.4454639625691615,0.27670569805109574,0.25739335353514986,0.1889557803430564,0.0017645687024858137
0.7648774032653862,0.6872218376783003,0.4169957742471067,0.2870012991169771,0.5434915180323059,0.47780812694682195,0.6825765451237931,0.6030421400758913,0.6302649879084659,0.475965891951585,0.5085837730896595,0.6432402591538153,0.7570974902550369,0.5685724241330203,0.7903374521743596,0.0,0.6706419830013193,0.8062318551000669,0.4652982684534369,0.9040336744066162,0.6899505508858941,1.012501757733886,0.5361088761303631,0.5870612728230482,0.6965096593549244,0.772838396311166,0.5616686909656724,0.7344260568803267,0.8714303212311243,0.5140057605267379,0.8323405320028043,0.36480514558017246,1.0794836782719162,1.0774996998543176,0.4299975491368374,-0.05677407299454168,0.383462887886194,1.1653355497526865,0.4641772773840341,0.6513114613369055,0.8510053582664818,0.4777762612432189,-0.17467085209597155,0.0,0.0,0.2567419861601811,0.4786182223513712,0.0,0.0,0.0,0.3243083216892424,0.6450001685128679,0.6593160416689534,0.0,0.3699290971381147,0.0,0.5344722353435458,0.7819586575502078,0.0,0.5284954384059258,0.514774446766755,0.5158051883694736,0.543581698672611,0.0,0.3852234466707559,0.49970319760734133,0.5969472886631382,0.0313507370178564,0.3558781161435304,0.5446368953778493,0.49485590370181143,0.18837297011916704,0.5233609715748436,0.45869294669115146,0.0,0.2620606846202881
0.42237350979009614,0.6683537575087897,0.48339045876842945,0.4795252762177492,0.6966292075927095,0.6779912413686157,0.7127703835218602,0.2475231428583954,0.6115098472684664,0.7474061685113849,0.6164303743518744,0.4149467443856857,0.6629024976069878,0.48989619885923247,0.4474147986298878,0.6706419830013193,0.0,0.83411630004481,0.673399785973066,0.5385416851754974,-0.08493920820552242,0.7292919864067332,0.20643729001605438,0.34242849327299607,0.8806573022578995,0.6209798868457885,0.40298877897809393,0.8342736189852513,0.39613229401221195,0.2560647926763033,0.6830618160466122,0.37870337055116854,1.1131785131397245,1.1055506165799915,0.4608466396992884,0.22982613079540354,0.39179768786879626,1.0797486579548157,0.41362512001830254,0.4489146508562004,0.4146822270370252,0.5713746929986678,0.0,0.0,0.5372426688616755,0.4280093599766879,0.34349384775888003,0.0,0.0,0.0,0.0,0.0,0.0,0.0,0.356249050569047,0.0,0.33551987008620776,0.3789045008734143,0.0,0.5702502923425944,0.3765258674572798,0.5535289096086526,0.45180875382216473,0.0,0.0,0.0,0.519670505979531,0.0,0.39124186046518783,0.4560582732333903,0.4128332166931652,0.0,0.2498438073077935,0.4862022375849721,0.0,0.602213666101399
0.5081813193464093,0.6258207942747849,0.35467976707088256,-0.17376133319217768,0.2666544906681959,0.6176200124812543,0.4675550417249458,0.36889418278503994,0.5860413382699886,0.5648514785139505,0.5647446325340134,0.6413663154901916,0.6952834700751129,0.5015548793163619,0.5186359157611855,0.8062318551000669,0.83411630004481,0.0,0.4608034660548977,0.5849375924706461,0.4318873934817598,0.6544579169756116,0.456304209744798,0.39026000229345387,0.8291053051000161,0.6578844036598078,0.4847413791322086,0.44958670039697746,0.5803385135350496,0.37559006796106875,0.5673126141382057,0.5289999303791861,1.1124810395677303,1.0983348018706116,0.8345033035175844,0.1329026116890103,0.08894661621951883,1.030728867869452,0.4654237038929072,0.6040019035201318,0.4818914977466705,0.5281262641887856,0.0,0.0,0.5262029021701107,0.3050116028569777,0.431381327131686,0.0,0.0,0.0,0.49004677132629015,0.5253711703381688,0.5948583517881012,0.0,0.4786794769381486,0.0,0.42511175357307684,0.5449109571047617,0.0,0.3001673135303583,0.4084647414372443,0.4421386088596072,0.44349050134583645,0.0,0.23114796166569843,0.0375507906191781,0.4654618778561292,0.10620247464184768,0.50228219633077,0.4293053707624777,0.44768797376804015,0.18759956908990583,0.6079520332692654,0.3240696062340167,0.0,0.36570743449360493
0.0,0.46535248695109654,0.4014115025108235,0.5549292586434329,0.5888409912111708,0.5238264770685384,0.6816116115054538,0.6259638431260905,0.4217568713884011,0.5320015772692952,0.5048015532024166,0.41469831317424133,0.6881731288410939,0.45132837798736425,0.0,0.4652982684534369,0.673399785973066,0.4608034660548977,0.0,0.5440987865030898,0.5336297853638886,0.5509390250158743,0.5344873635243982,0.29106656900733774,0.4714100825292708,0.47569600347466867,0.40043345106935424,0.6800670780480312,0.6346373227562143,0.586433374370057,0.6353335757707947,0.5474929339975396,0.5737257407208494,0.8464609559952772,0.4574450580114031,0.5943466628173696,0.6158833705846117,0.4869578937059585,0.6301779236420834,0.4462017891976947,0.1734090652754725,0.36113541142112315,0.5930320519838898,0.2820565133098344,0.01202148193078661,0.0,0.0,0.40151793517584994,0.0,0.4409640579294578,0.4776998797101292,0.46536625503577483,0.47890892399763907,0.636602874735535,1.2172595765467569,0.5298245215686346,0.4863181208673315,0.49332321137234125,0.42531690393434785,0.0,0.0,0.0,0.0,0.7092258042193913,0.4754346560893181,0.0,0.4839338056792431,0.6696774847251066,0.0,0.0,0.0,0.6478656664795823,0.5584193549581211,0.3696002777917856,0.49196010614102414,0.006183349205005628
0.39547057593169144,0.4377599934887435,0.5274420611235573,0.7010375652144949,0.47745847720247137,0.32235217222833223,0.5208323509745171,0.7129465153273029,0.674763873216667,0.19936348521252986,1.0170846352054543,-0.0613299342085058,0.5688762712710154,0.49768887365975933,0.9062916663679201,0.9040336744066162,0.5385416851754974,0.5849375924706461,0.5440987865030898,0.0,0.4584838335078564,0.6766013193668409,0.6265451145506225,0.061582973116234785,0.42750915114133414,0.38275637927868333,0.4998425486880107,0.6829471663950357,0.6048043412238686,0.49123260177932354,0.6958592181069208,0.2093397447594835,0.7503707731105828,0.9485313109800764,0.4115771379296118,0.7271861590457034,0.6401759007661626,1.0384535387665195,0.0659313224935775,0.3447077903778719,0.5445969812822613,0.3633872150715279,0.016506488142794817,0.05631072199154319,0.34343799265328845,0.05466333982943816,0.3791301959266673,0.5262011337559371,0.0,0.0,0.22630970625810962,0.4496295912187883,0.4948763578761167,0.5105479658210214,-0.26507612546232356,0.0,-0.15053026029367633,0.42855003888733145,0.0,0.47967624163572015,0.3369874905265941,-0.17015670565782348,0.20300164204629356,0.0,0.20946261090860463,0.27736022989631226,0.41545062576773184,0.3598306357164447,0.0,0.17147154691613684,0.29991529195992,0.3230347009713598,0.26204020381036475,0.20455911353480738,0.2115329712187064,0.2397290459839944
0.24015271565564245,0.514874568147315,0.47877323043635145,0.4291743427297344,0.49237565434874764,0.4461503900605641,0.38980400252299585,0.6831644405668914,0.5440153961177103,-0.034991658173328166,0.7146297550163037,-0.034249546475749015,0.47361173462355854,0.7225351182051434,0.5914636154919282,0.6899505508858941,-0.08493920820552242,0.4318873934817598,0.5336297853638886,0.4584838335078564,0.0,0.6051993115003855,0.5111147768469102,0.125981752550553,0.32207053152461995,0.5930361714383088,0.3422472361043414,0.32051868748286827,0.2053068853470905,0.16570538254024025,0.49179866300849817,0.23559275938756355,0.7529967048096762,0.8925294228798891,0.3483273882306003,0.6102270079354452,0.3790340494123572,0.4066904549984155,0.3928850226501174,0.6196453811935769,0.6019795288138118,0.29481149108065996,-0.05690808034305789,0.0,0.0,0.37058208744993887,0.12040220904519011,0.6552160999652792,0.0,0.0,0.22688448247234713,0.42621522803111833,0.17024556952672937,0.7621103917315006,-0.23281502089423012,0.0,-0.23798141476312257,0.45255292062016395,0.0,0.4852651800021015,0.24496767578853407,0.0,-0.12825614378320677,0.0,0.21350777854615188,0.3236685878586383,0.33729314985072534,0.3462248526647528,0.5357974755440562,0.04279784811116821,0.14823300701601694,0.24415879601202156,0.2804766185879035,0.13136006423785307,0.25272284996421973,0.0217552921936755
0.6123496954830386,0.7100148314082578,0.4775275641973238,0.6062669782131505,0.32347909452242574,0.33587240149798614,0.4042530467143071,0.6810629403844548,0.5304061242203626,0.3919272361965331,0.6395624741012794,0.2694156712675087,0.4626196333054367,0.14268153921516358,0.8659533972588728,1.012501757733886,0.7292919864067332,0.6544579169756116,0.5509390250158743,0.6766013193668409,0.6051993115003855,0.0,0.6695169619375272,0.38794603619747026,0.5886074573691761,0.7213149494611917,0.3876125638605925,0.695013911399698,0.5954180553992643,0.4597053443681839,0.8347680713871161,0.3507079586786077,0.8254301443699108,1.103582325229938,0.4781170728044454,0.4848389635025524,0.7171866088423788,0.9300108622342931,0.1353650680826524,0.6162712338273874,0.7243645354727023,0.39832979519709266,0.22562826923947657,0.18003648809688036,1.0425717455770158,0.3580151059575139,0.5125050432524721,0.5135175670572392,-0.031069805383348914,0.40019359264170395,0.43291753696620844,0.17876466570082644,0.45446839951057694,0.6350752275888962,-0.032415239895845605,0.0,-0.0644614307218942,0.42658072120773083,0.0,0.6094877234884014,0.5677709075285101,-0.08303148739566485,0.32375209609816136,0.0,0.32935766191541993,0.42953987651556685,0.48984550469418064,0.19916364856660762,-0.18600486601921185,0.1675709041922073,0.3888152521997892,0.22992914908608497,0.23490798397301865,0.3446865807244887,0.37136522022430163,0.30848630479341144
0.39784612125090973,0.4748126291485931,0.6672209264517979,0.9235031208233376,0.541894661743306,0.5595979262402833,0.5366832071924115,0.6507763104745212,0.5950850208163825,0.10061004757556527,0.7169225769258765,0.02842928816247925,0.6362692529009396,0.8467660727227879,0.8847494815419694,0.5361088761303631,0.20643729001605438,0.456304209744798,0.5344873635243982,0.6265451145506225,0.5111147768469102,0.6695169619375272,0.0,-0.006666712190235569,0.4341252045296776,0.31933429873462965,0.7979239933153082,0.4887315013341622,0.36550995939800124,0.45924237763656783,0.524519122487036,0.4257810275269201,0.6540898295551638,0.552654504533743,0.2049071057974353,0.7196182627960566,0.6259058574084526,0.47403152943703974,-0.075779848830964,0.2840553282398355,0.433690625977047,0.4133929060434554,0.6269619049621484,0.12858496758368093,0.42386441820012344,0.1848042100036355,0.3040244887917105,0.526039967089811,0.39795880560801244,0.6977824601845752,0.5876432285990694,0.5559484224501529,0.7064940589013942,0.744806868558846,-0.12996901086550328,0.7141799605173198,0.0039017927025979393,0.5451231653900691,0.7383928122619924,0.4680700767604084,0.39180119583032813,-0.17415923560787433,0.0804804318936933,0.24701627557396116,0.39355294620902204,0.4048591641410352,0.2561157129976276,0.7602125947781071,0.35270572033807757,0.28240891227731424,0.0827339299981987,0.5465107689328359,0.4642269065404591,0.3663272069338348,0.4076804220820113,0.1363285735666624
0.31576325750697093,-0.08317524386927333,0.2310094802426926,0.25928681258727204,0.23390653792692087,0.1654630590919018,0.16928162582576511,0.2256354260886204,0.4959064944944309,0.28132080698580186,0.4001256124350113,0.25506252931227436,0.21767357797282363,-0.014227849224587086,0.02216726523424717,0.5870612728230482,0.34242849327299607,0.39026000229345387,0.29106656900733774,0.061582973116234785,0.125981752550553,0.38794603619747026,-0.006666712190235569,0.0,0.42555282325428045,0.3882912958975495,-0.046578578082362765,0.32946406165087583,0.023331233091461456,-0.22982118635186838,-0.0833420514208546,0.08715604529706972,0.5622426617336005,0.6313588870584201,0.5288047788620092,0.11809124462100179,0.45435928254533275,0.5965148533974524,0.4385726966585912,0.19845197893476468,0.4183329562454581,0.6361646147769662,-0.17464338544867902,0.1984012926644063,0.3396164348765996,0.16106866978858703,0.049266029841969816,0.0,0.0,-0.1763582647413292,0.47846805449798036,-0.14091035522014125,0.0,-0.14599837884533481,-0.07098345049197285,-0.177843522976678,-0.02711468638830039,0.0028082886285220043,0.0,0.14115514035260987,-0.009193609629412791,0.46665518572571146,0.2136168274145751,-0.1716788879474072,-0.07902093965339527,-0.04194660690225138,0.002896842450572784,0.6822342139417932,0.06404206221875502,0.21699518063670345,0.24634950838418268,0.6904666270838956,-0.006829558676722303,0.10999117843762607,0.0,-0.12795032474758378
0.40221126004823055,0.4680841525181685,0.6328825752584126,-0.2665490235059812,0.47282697077678854,0.6107580171500508,0.4751088170211894,0.4167293879636881,0.8057467789960675,0.5792042908872469,0.6978275333098953,0.45008383254409967,0.6482359817230603,0.27363679121499085,0.5070784031994224,0.6965096593549244,0.8806573022578995,0.8291053051000161,0.4714100825292708,0.42750915114133414,0.32207053152461995,0.5886074573691761,0.4341252045296776,0.42555282325428045,0.0,0.4806524924611651,0.5278113854807056,0.4420261053290846,0.3551240160901695,0.4486974266626852,0.5281436527811392,0.13884505092808289,1.067563374386812,0.8762471327603469,0.6706873320470812,0.018748756633860608,-0.052389939938524976,1.0805196831298054,0.47213791917329945,0.5562330908330378,0.5059292003549122,0.5333112192881,0.07029677509994775,0.0,0.4366787040275515,0.21537913576666445,0.376409919910102,0.0,0.0,0.0,0.43339332801104635,0.4541388763577498,0.46218189235953094,0.4720016751942419,0.3789219153962534,0.4739912819288389,0.4519670298763201,0.3953770713360808,0.0,0.30384284736606537,0.3313559601982757,0.3119107074863222,0.4145481216603877,0.0,0.303951904407328,0.09735538687903325,0.40412386347134144,0.11426720337446103,0.35527136836437057,0.3982944547015348,0.37203647940862206,0.17603002993825145,0.6587067315149496,0.2017738189460183,0.0,0.20719365513148397
0.7751904059316888,0.4964423847838449,0.41288795771080133,0.16449939445830442,0.3728669532415143,0.6081070466816008,0.520505194603626,0.46500264354293264,0.7131157965682103,0.6124345737820651,0.6699378520897072,0.4605133798813361,0.6233612416841743,0.3672363812065338,0.6060648133514929,0.772838396311166,0.6209798868457885,0.6578844036598078,0.47569600347466867,0.38275637927868333,0.5930361714383088,0.7213149494611917,0.31933429873462965,0.3882912958975495,0.4806524924611651,0.0,0.3608861512300492,0.5478523661005724,0.4196901957922866,0.24737620582105696,0.49849160551089444,0.628195796098793,1.0542227244828646,0.9591882938496775,0.8276859039953111,-0.06260335497922814,0.06323853724357617,1.0023827656450774,0.18609703674827932,0.5176546367168089,0.9144549567200881,0.4540619170430463,-0.007406043446365501,0.5198911107721941,1.0183603712004476,0.24975383579686905,0.4580345318829485,-0.03643279464870669,0.0,0.004827972993909523,0.4574646493969111,-0.04867953269275954,-0.026118620050777697,0.42852310142720557,0.3625681084401291,0.0,0.41445941951245935,0.4791228356136853,0.0,0.39902101344131324,0.45862281724062304,0.2925203538086687,0.39339904010925897,0.0,0.18080136103485078,0.49833589193705397,0.5518013740469053,0.10850191161144235,0.3435668831694597,0.3917521311756702,0.31280216405292244,0.1896769796188364,0.2984405122844275,0.3487940361586288,0.4737290454343432,0.09412697214922561
0.23811279052973053,0.4100552894254399,0.5890021304613421,0.6183698627202603,0.6276483005910001,0.4702966671453547,0.6239572163372457,0.5362947034618311,0.6806424550097361,0.12593056082195164,0.4108560886883845,0.05390193950485361,0.663791251312339,0.7576427125269716,0.7316234481139618,0.5616686909656724,0.40298877897809393,0.4847413791322086,0.40043345106935424,0.4998425486880107,0.3422472361043414,0.3876125638605925,0.7979239933153082,-0.046578578082362765,0.5278113854807056,0.3608861512300492,0.0,0.47785837734733816,0.23660176981310846,0.33533807920323166,0.45380932016874004,0.21551526265931775,0.7123764750443855,0.582469532140957,0.16259959361012585,0.5215206406130275,0.7048129807124599,0.5512527270312098,-0.031946272847690194,0.25765505551849727,0.3223393074063288,0.3434564237635924,0.41351707592947173,0.3387142746666106,0.2602251996723084,0.2784971917883694,0.22690875698217414,0.539418615297653,0.33657414149562925,0.6141968619252461,0.4435711759838886,0.4349498803087242,0.460226989325458,0.6707509645149217,-0.09013856361237332,0.6405379519354382,-0.00915761962604783,0.4623779116708633,0.8608080574517949,0.28679540201915776,0.30598407534581235,0.0,0.0645026285523635,0.6906072838388507,0.1697236323208513,0.18927122428531729,0.2948050500742159,0.5237409661877471,0.0,0.2487116948080334,0.04814153978794217,0.3817960685636199,0.3741695334233383,0.17467775051509005,0.16884543434133742,0.20922497199473927
0.328632673305295,0.3582278623189109,0.6082483366088227,0.450157737228996,0.8140901190037919,0.67880264765921,0.8882509719584196,0.5313366254580425,0.7287335394136405,0.6060648634921979,0.6419994788591777,0.4740817052983822,0.6308837305811887,0.5676770175904966,0.5570698584939136,0.7344260568803267,0.8342736189852513,0.44958670039697746,0.6800670780480312,0.6829471663950357,0.32051868748286827,0.695013911399698,0.4887315013341622,0.32946406165087583,0.4420261053290846,0.5478523661005724,0.47785837734733816,0.0,0.6146149081896388,0.28220572605894756,0.5949498903344564,0.47137128020416597,0.7948043410577439,0.8966049370106121,0.9646047660610921,0.6130406056781146,0.5613373259433112,0.8989546515086957,0.2903256872316552,0.22392782776212075,0.4071331311296472,0.40088767551914667,0.4087027224744994,0.13557532316509843,0.5129199363785399,0.6261193456593638,0.372470335750686,0.4736603285310711,0.0,0.4727731439842989,0.40239929688080056,0.2370181432103008,0.429386303505805,0.45716377796249,0.22394761650837375,0.3807791016502234,0.3742381936661858,0.4781915053369465,0.43712729019664864,0.32792594495513916,0.4626120018635076,0.3391780771902361,0.029052892575311295,0.2360626007567741,0.2108955685150223,0.34028673551544075,0.43833862286334624,0.4332198668789803,0.2961406031929226,0.16858277336450567,0.03953961913126519,0.4022123862641823,0.3041683428323584,0.23817492327255146,0.2033662228098902,-0.09519571880922229
0.30093707955650684,0.37134712186880786,0.518168179131635,0.7702232834532807,0.5059606042935436,0.4364801132594775,0.6857225910287379,0.42790129487573786,0.6386468385624076,-0.004008622380631599,0.581145249192812,-0.04691382661043203,0.7187325947434615,0.3330108265720934,0.44298721174544936,0.8714303212311243,0.39613229401221195,0.5803385135350496,0.6346373227562143,0.6048043412238686,0.2053068853470905,0.5954180553992643,0.36550995939800124,0.023331233091461456,0.3551240160901695,0.4196901957922866,0.23660176981310846,0.6146149081896388,0.0,0.3804169840606001,0.5460927043988733,0.30367921877310544,0.8110435160604937,0.9368170793842601,0.3047401920746321,0.6010863107566413,0.6456011172061029,0.9080367935974519,0.3587831400421153,0.4764175604189508,0.40482838098261004,0.3273423909009915,0.1629951619277494,0.12260639180233718,0.4209331358926326,0.3670799311614788,0.291351523434939,0.4868840534002104,-0.16607484716666865,0.3190003428856572,0.2543692070158828,0.39642903018860526,0.48399770848307416,0.3483218940039706,-0.09695952877243474,0.3216772818242097,-0.14156687605608298,0.3464687494075912,0.5699068310329224,0.32345345861920155,0.39656827344574225,0.4877448783098356,0.3233498680945347,0.4210507344494881,0.14031663505219621,0.210025782706994,0.4166927434498591,0.38787450182417316,0.48350850945327284,0.21110725398029767,0.2779160467994479,0.3136157101032542,0.30460084489271366,0.09984253455684494,0.12952224665405104,0.2075201448465041
