0.0,-0.0740473478889293,-0.05439428621123499,0.0,-0.06833582245019992,-0.0501743187243619,-0.03973221048051029,-0.022067585844070647,-0.05128384709619299,-0.05660438462534656,-0.021241918028553353,-0.056448170070494685,-0.06259866644043516,-0.03661272929240961,-0.05918216873807591,-0.06300115783129218,-0.04935666038430936,-0.09063725723404897,0.0,-0.05270792886425174,-0.026248261882046042,-0.07871280074518655,-0.05928273734581002,-0.05329489546873528,-0.092424112324898,-0.08266442877874158,-0.06317362968462908,-0.08667835163547982,-0.06455868868758735,0.018056503978115646,-0.06547030248216767,-0.03303896691589442,-0.08860041101982713,-0.05559659802295197,-0.020036372996163343,-0.056651344701834805,0.00013334772093342995,-0.03993030580068213,-0.052454005146815696,-0.06099459170493865,-0.05258380863413681,-0.04381000633384635,-4.165897129915219e-05,0.0,-0.01650889040597292,-0.06908614387885692,-0.08185119036464905,0.0,0.0,0.0,-0.047882198153750444,1.1102230246251565e-16,-0.06221672623741353,0.0,-0.06353268792213812,0.0,-0.06293733529064521,-0.04292040278328696,0.0,-0.020072632763591114,-0.0748865971661885,-0.0549967502942767,-0.0748699702756841,0.0,-0.049509986946348505,-0.014049467190575704,-0.08410858400392951,-0.054768136203358686,-0.10955525637131142,-0.09055137683779502,-0.09160847726385984,-0.033743440561014526,-9.872507783087459e-05,-0.05761472356908731,0.0,-0.06896246614900903
-0.0740473478889293,0.0,-0.04854866037327704,8.305066401809169e-05,-0.05235987010885529,-0.04763532505235091,-0.05994074911868985,-0.05361671435358406,-0.03244195695586022,-0.08114272761088565,-0.03125888259604587,-0.08851044715018336,-0.05682525840931563,-0.008015715499422538,-0.05682297771208983,-0.05908897645711492,-0.023914792264694895,-0.07584955731757642,-0.018770719505860012,-0.0571123600322791,-0.07784476018670128,-0.03355210158034405,-0.044519953064212636,-0.05300512800080642,-0.07112942506860498,-0.06529081302413603,-0.04530076584207743,-0.05511667045880486,-0.06248752935884011,-0.022527764497193015,-0.048540380922341364,-0.027855703714083524,-0.0655813410586828,-0.039250358919930506,-0.01865161290478845,-0.015213391784577202,-0.0007865215776908241,0.0,-0.05981516896621458,-0.06135672659607355,-0.06308178269702258,-0.05354314672090943,-0.010311254113154422,0.0,2.220446049250313e-16,-0.07061688027863566,-0.07746910659764505,-7.417915635760108e-05,0.0,0.0,-0.0524031867901974,-0.04421727002445153,-0.05347637975012426,-0.04209262492099369,-0.04367118867261943,0.0,-0.027659840016933057,-0.04764992985167915,0.0,-0.06698975624751319,-0.06736170820428578,-0.04224366715211425,-0.06752276240420185,0.0,-0.06229702243157431,-0.08146327329081332,-0.08051462302533258,-0.059296057848787165,-0.03700393874126179,-0.0781527987241249,-0.08683735697912842,-0.04874074352670993,-0.06522031585004773,-0.060802651657568485,-1.1102230246251565e-16,-0.0659628921400982
-0.05439428621123499,-0.04854866037327704,0.0,-0.07658736694593216,-0.0714110860022723,-0.06776945496481651,-0.06823303877190873,-0.14545471234045332,-0.04114608498511613,-0.08762966375006676,-0.030166440110280357,-0.09265757008579378,-0.07724513913857184,-0.06024577850611201,-0.04806007738705392,-0.041215597242522994,-0.09158995543925769,-0.04176132054852627,-0.030474920451473153,-0.03329767097932179,-0.08727457919365178,-0.05126375343571765,-0.06695239124087854,-0.09790359487450401,-0.06518761808291462,-0.06132814956138871,-0.030125403405709905,-0.0860202311881274,-0.06800618250856494,-0.10624300993768898,-0.08639846476854807,-0.07248078762480487,-0.06355513421266207,-0.0866700376196004,-0.08040930037948996,-0.08205417245201369,-0.07957713935274008,-0.08376057491677141,-0.10461046171233496,8.531938976985565e-07,-0.05871526181984088,-0.019241104077952043,-0.06390342816288319,-0.04849147079821364,0.0,0.0,6.530673631321982e-05,-0.1314670238103559,-9.356716306418988e-06,-0.08750354740566979,-0.11689576632190973,-0.11454873182919584,-0.11093048640767689,-0.09616691947070605,0.001249460677098968,-0.11064164416044192,-0.0378542291384627,-0.09299706910812766,-0.09154017197713116,-4.712080165536481e-05,0.0,0.0,0.0,-0.05273126428235775,-0.020924987793508487,0.007341062769144924,-0.0001700874041524747,-0.1122205877794678,0.0,6.677001687105388e-05,-0.05207760335434747,-0.11246421740031637,-0.07887299852413832,-0.08569056725319169,-0.009890483020303042,-0.08463452070066518
0.0,8.305066401809169e-05,-0.07658736694593216,0.0,-0.06726771178355237,-0.06070248444219323,-0.011979236663695991,-0.07613300264089151,-0.06434502512183043,-0.0022664444434212783,-0.07407653133224468,-0.09354984677053524,-0.070158610706029,0.0011884682100033461,-0.006562583656132659,4.7467374679754926e-06,-0.005979441637439076,-4.260757631241452e-05,-0.0836137330085373,-0.01244382777191666,-0.00038736416172974186,-0.018308970806519054,-0.06597134138306016,-0.01517604603490641,0.00054284186195519,-0.026270286414768307,-0.03732688504011544,-0.11175588444909473,-0.04321755719373738,-0.00019907952710762622,-0.023011090937694823,-0.027299663658382767,-0.04377615278414276,-0.004934883412828994,-0.005549082224633017,-0.03473990190105708,-0.04905172224966553,-0.01275580112371616,-0.028564932286390288,0.001002170708901129,-0.025927209373346694,0.006167794390532222,0.026885827153077524,-0.005926537817639965,0.0,0.0,0.0,-0.00016233361384487832,0.0,0.0,-0.032583892199210374,2.220446049250313e-16,9.751311200278945e-05,-0.0004921840524591548,5.551115123125783e-17,-0.011512228100437727,-0.006601787586397012,-0.00017100611871595506,0.0,0.0,0.0,0.0,0.0,0.0,0.0,0.0,8.597723608871899e-05,-0.03468079619728254,0.0,0.0,0.0,-0.026921835611518063,0.0004972733747913294,0.0022660676700397286,0.0,0.0
-0.06833582245019992,-0.05235987010885529,-0.0714110860022723,-0.06726771178355237,0.0,-0.05384134056286627,-0.0468413312019097,-0.04609092532774073,-0.04699153167568598,-0.07038682207757341,-0.038009793637417966,-0.07209124293845409,-0.06795500693945106,-0.03245885717229097,-0.050866566539500724,-0.08300506595100926,-0.10354851031278323,-0.0599962573380306,-0.06188368244440984,-0.049102767212993836,-0.06270993323034202,-0.0560348402297145,-0.072502968943644,-0.07264436403286545,-0.07085351793453415,-0.06259503371099434,-0.05161490930343465,-0.0669979911182394,-0.053904257788046195,-0.04350028411386547,-0.08932370381761995,-0.005337839556655122,-0.07232605384206614,-0.06693741699097316,-0.05626791776147794,-0.014132610232360399,-0.036057514155263176,-0.0792395477035821,-0.038711232994440736,0.013478728992799893,-0.011636029738203046,0.0023306628164688203,-0.06049660469922563,0.07904163255677088,0.000275622357694183,1.1102230246251565e-16,-0.011059339871986318,-0.09683384987097199,0.0,-0.048225654556888986,-0.08317479273406841,-0.06551220920746931,-0.05472071010185925,-0.04538559634995043,5.551115123125783e-17,-0.043957508110291865,-0.024142113008161104,-0.06277559123883236,-0.06021868212135639,-0.03098113814153608,-2.4003381745740793e-05,0.0,-5.551115123125783e-17,-0.03794437661869593,-0.055077194204880886,0.0001208231308716945,-0.038686327170504964,-0.0852573509968863,0.0,2.735442649015596e-05,-0.049642558525111014,-0.08536478021703081,-0.0662648979922959,-0.05641674194638163,1.1102230246251565e-16,-0.04482461336939453
-0.0501743187243619,-0.04763532505235091,-0.06776945496481651,-0.06070248444219323,-0.05384134056286627,0.0,-0.04177244867016727,-0.09646002195965436,-0.05231836587790989,-0.07035366669168103,-0.06036099188315491,-0.06798099191440993,-0.03258469415585774,-0.057594844195900774,-0.03030481543405872,-0.06080338715694805,-0.06063299635614472,-0.0640704496609189,-0.09085444716707403,-0.03472404964389225,-0.0417538780597721,-0.03551489398239416,-0.07318586368396829,-0.06872597782338952,-0.05874598123609914,-0.03664108911233044,-0.05001494713458232,-0.05657783113757836,-0.03405076202828211,-0.057506877195298456,-0.05914317610804115,-0.03947159431583508,-0.05586908206233765,-0.057508170802251124,-0.047880501514989016,-0.0235765305621381,-0.06093141948167252,-0.06627735932275691,-0.04751389031241804,-0.02059076913216401,-0.058360450408601994,-0.03024285396989046,-0.08303356248634897,-0.04650868430072336,-0.025040115412708286,-0.030863749069327928,-0.06827829998982315,-0.08979216729140704,-0.0262917285275579,-0.06838589161695963,-0.0796423658261155,-0.083744499534957,-0.05714066336364104,-0.12161022660773146,-0.018818830543601395,-0.07033107063660593,-0.031130650066017562,-0.0640919396692205,-0.050288831624972996,-0.044844863560478176,-0.057306879396718635,0.0,-0.05550837471518916,-0.07261752362713247,-0.055584613415684714,-0.0689440368485123,-0.049427710112722345,-0.07664864059950932,7.229189020968585e-05,-0.053002878768390604,-0.062478496749640955,-0.07807156866194809,-0.06411644460981114,-0.06477307685663675,-0.06350731339065041,-0.054479543381637796
-0.03973221048051029,-0.05994074911868985,-0.06823303877190873,-0.011979236663695991,-0.0468413312019097,-0.04177244867016727,0.0,-0.07449695126502065,-0.058645885909201945,-0.0647823561760491,-0.058463597808361245,-0.06316818791338957,-0.047774160196741355,-0.03547756747239783,-0.050116748824115154,-0.07359004118564844,-0.09916231575873624,-0.07634576292556661,-0.06989067884366684,-0.055688605636014965,-0.07944698000334455,-0.06795776962814726,-0.08050495019047837,-0.04829440005806801,-0.07438877611636596,-0.07294639643967699,-0.05662730400049465,-0.06592004054106254,-0.05859060276890249,-0.04950294754658757,-0.08886109763086708,-0.06459632276704103,-0.08237830286467157,-0.049157712819493604,-0.03769720825714368,-0.01614287819426724,-0.0036493494616798294,-0.06819281737037747,-0.059481679838203794,0.0009682285779402111,-0.055044927988540326,0.010349704056354547,-0.04416985908755949,0.002227074114305283,-0.012281391700680322,0.0,-0.06940550656749883,-0.08483238404143428,0.0,-0.05815603464219632,-0.08283965961156081,-0.07980180357980554,-0.058503588945829965,-0.0678818679974445,-0.029034349042896035,-0.03989491147667967,0.0022750192101733124,-0.07726993362630724,-0.02608503435296583,-0.06334077418635614,-0.04242327852080152,0.0,5.914234912968164e-05,-0.03783463383748753,-0.04886539461997119,-0.04960790757628786,-0.052609442276443485,-0.08158964302070998,0.00013144338189507998,-0.0690111688339285,-0.07097095649509372,-0.08387968855666489,-0.07203840658849514,-0.05477871264155193,-0.032503198774048614,-0.06106322986204693
-0.022067585844070647,-0.05361671435358406,-0.14545471234045332,-0.07613300264089151,-0.04609092532774073,-0.09646002195965436,-0.07449695126502065,0.0,-0.1423926636409824,-0.03411561425209286,-0.08747079966021587,-0.03790007407964768,-0.07658678736642405,-0.008046599648139252,-0.06603887997549723,-0.04966838983087618,-0.0179131064118781,-0.06056637194219833,-0.1465955902927779,-0.010704936863037973,-0.037009910336103014,-0.11124856636631097,-0.08352228250000016,-0.04627236742827001,-0.04624307075937195,-0.06136585133193995,-0.09424824618609295,-0.08212463422567462,-0.06611414247772956,-0.06345470011968124,-0.055616716184812176,0.011110379862020792,-0.09014557034317566,-0.04536789138997799,-0.03748833896991127,-0.03753589048959255,-0.04072084202611709,-0.06880923753789664,-0.04828655304525442,-0.04887548473237324,-0.06490548595262174,-0.040791531631761246,-0.07194864071652779,-0.014098078238250433,0.0,-0.05431148334455399,-0.04288664177271351,-0.1016598975727735,0.0,-0.045610168435108844,-0.10416640935926774,-0.07039861792929791,-0.13922134743731818,-0.07128064098917619,-0.00017117562645324602,-0.08855958843327394,2.6497483106069364e-05,-0.06587944445071164,-0.07314823050572633,-0.04967545927638256,-0.021594206871358823,0.0,-0.0003357119424593491,-0.07062209975074857,-0.05587052993361885,-0.05225871367041368,-0.04077947446812852,-0.07448676551196315,-5.551115123125783e-17,-0.03713987928767448,-0.05767221953371193,-0.07228528739520595,-0.07117277099740627,-0.08473808024217416,-0.04323932585163315,-0.08912426494781683
-0.05128384709619299,-0.03244195695586022,-0.04114608498511613,-0.06434502512183043,-0.04699153167568598,-0.05231836587790989,-0.058645885909201945,-0.1423926636409824,0.0,-0.08255533320658065,-0.0427026903674495,-0.07876432103884923,-0.07222003117760145,-0.14179655676878555,-0.05620794434059112,-0.05855079682540798,-0.08634195467148914,-0.059566159340576075,-0.05021155929004928,-0.03374334701883819,-0.06762364786805952,-0.03485437324805324,-0.08777199642516353,-0.0896488411054377,-0.05798981286872501,-0.05343415572848542,-0.03251999304806652,-0.07446874344896642,-0.03228133445052911,-0.07380558433320877,-0.07842704531004341,-0.057003541168948735,-0.06561339200314442,-0.07796934078688311,-0.06395227279464472,-0.05847103837154871,-0.06614327671321907,-0.07617568213798293,-0.1137422497633605,-0.016369224767606716,-0.0215964519983754,-0.049671520299570726,-0.1338996732536185,-0.09541498843374568,-0.02086335936391187,-5.551115123125783e-17,-0.061042719962043135,-0.18288232881853433,4.495010386296183e-06,-0.06045680849086249,-0.11198901028930475,-0.11122472985736465,-0.06874146671542869,-0.07212814938915807,-0.026147795662710638,-0.08905753164501895,-0.039539090370140806,-0.09615209271452768,-0.06616423031534485,-0.060387673697951505,-0.01998442044436821,0.0,0.0,-0.061526610821541206,-0.04629258483076393,0.007381256382175905,-0.030991948306127726,-0.1096641973116792,5.532154400483824e-05,-0.017229950591004017,-0.05036588557498145,-0.11269950323772121,-0.085433399803435,-0.08810529180406684,-0.03239812851240664,-0.10095984031372135
-0.05660438462534656,-0.08114272761088565,-0.08762966375006676,-0.0022664444434212783,-0.07038682207757341,-0.07035366669168103,-0.0647823561760491,-0.03411561425209286,-0.08255533320658065,0.0,-0.08675489089198035,-0.06913878004486856,-0.07828425808578798,-0.022494411347499133,-0.01521783132492599,-0.0628613720496401,-0.06831739702273282,-0.08636114471583267,-0.10236102378617984,-0.028485228746059132,-0.04520077820155788,-0.06467409789633888,-0.06055790922672838,-0.08486003105882509,-0.10092986489370978,-0.08762839222529395,-0.07148086727119168,-0.07898573788963675,-0.08216870903196555,-0.021754527282303537,-0.05329194463441378,-0.027462791817743304,-0.08758718461923395,-0.04179888311883889,-0.026440757022286376,-0.04092622906485005,-0.03828385693708819,-0.057847423108806334,-0.04275591199011869,-0.044349921896626676,-0.05768932064873872,-0.013321990027148511,-0.11177975084746739,-0.019276602597832704,-0.036516103382848775,-0.1138811469768844,-0.029301192280781152,0.0004911179240949526,2.55232916718251e-05,0.00033896500797814255,-0.0435646875898979,-0.05698437119326377,-0.014813822365625895,-0.009699565544829036,-0.09436337821205676,-0.029226512986369413,-0.10098905360509852,-0.0507383433251275,0.0,0.000533797131539282,-0.0766610566508133,-0.07258339950524384,-0.08141504509936148,-8.389639721995135e-06,0.00013631044544804016,-0.029053366580111484,-0.012634214828152968,-0.04526465350113479,-0.0834954930765262,-0.0811673141216866,-0.09619876265271682,-0.029262878223615618,-0.03677129457666628,-0.05458517186339318,-5.551115123125783e-17,-0.0650202770280694
-0.021241918028553353,-0.03125888259604587,-0.030166440110280357,-0.07407653133224468,-0.038009793637417966,-0.06036099188315491,-0.058463597808361245,-0.08747079966021587,-0.0427026903674495,-0.08675489089198035,0.0,-0.08608268536863789,-0.07657905921083252,-0.01054177286145963,0.0,0.00012541150597217277,-0.09114941288480077,-0.09037154219682031,-0.02086198822213997,-5.498341046522581e-05,-0.04025498461419402,-0.020508814724469082,-0.06483187247274752,-0.09041953418819992,-0.09058809558681108,-0.08950905082040506,-0.058816496541716945,-0.0907420330748383,-0.06898897301629237,-0.019823627911140007,-0.09457657803608255,-0.028690556477627915,-0.0969123792108999,-0.08773395147735019,-0.08057382373308991,-0.05838583057594193,-0.09090974176222966,-0.09479619704447984,-0.09778314603208843,-0.015401140714650319,-0.03219671097597093,-0.08330240119628418,-0.09005858498848207,-0.10117400386980363,-0.011689100242042227,0.0,1.1102230246251565e-16,-0.13239570575859572,8.704039262119601e-07,-0.056269862899654854,-0.05651688465861504,-0.1000962487587515,-0.0869910883435493,-0.14528163757034157,-0.03908925594120549,-0.02786216185282747,-0.025196575435532165,-0.09785343651659167,-0.09557250938414252,5.551115123125783e-17,0.0,0.0,0.0,-0.0632757849893788,-0.01454061054516953,0.0,-0.00012193120213732644,-0.09286242202172224,5.551115123125783e-17,0.0,0.000276748639587987,-0.10460589455159441,-0.08991192219691146,-0.009717562333976526,0.0,-0.051129502666400095
-0.056448170070494685,-0.08851044715018336,-0.09265757008579378,-0.09354984677053524,-0.07209124293845409,-0.06798099191440993,-0.06316818791338957,-0.03790007407964768,-0.07876432103884923,-0.06913878004486856,-0.08608268536863789,0.0,-0.06897907529698977,-0.02258116475456584,-0.0357223686994963,-0.10851228212973602,-0.07246137267202668,-0.10387731278601914,-0.10471750669824703,-0.026337240442084298,-0.04876320450500399,-0.020889627144371425,-0.08794630467345266,-0.06300311673295864,-0.12741606963468582,-0.10129748435345526,-0.059118105090723294,-0.07391587364512647,-0.04879632814166446,-0.07038329087729972,-0.05867804155602213,-0.025940465260999246,-0.05610072420838197,-0.023889277765362205,-0.027821865341124297,-0.0733381781434487,-0.07526234017922284,-0.05172711257946913,0.11358248408931437,-0.024893280207622825,-0.027253232154960505,0.01709975673819958,-0.10399297837935939,-0.010874461970099614,-0.05276061740743915,-0.049384626282841515,-0.020800179949652164,-0.019454038922262884,0.0009384004529506829,-0.005900348796309629,-0.017327190607729193,-0.026988202100003633,-0.0004935718889346186,-0.01843014750520028,-0.08101463892864336,-0.011420867959518355,-0.0829239012371718,-0.03734375355413189,-5.499402973518919e-05,-7.236816899341969e-05,-0.028669900771312262,-0.06766717636831238,-0.08379024592230644,-0.016951857910871004,-0.017012292082148384,-0.03714017837275774,-0.007138757196010426,-0.024980592625581,-0.08607894438416919,-0.08039063965837312,-0.09343324860928792,-0.038426425493885086,-0.035631469252500436,-0.015278309707515203,0.0,-0.04701264163765545
-0.06259866644043516,-0.05682525840931563,-0.07724513913857184,-0.070158610706029,-0.06795500693945106,-0.03258469415585774,-0.047774160196741355,-0.07658678736642405,-0.07222003117760145,-0.07828425808578798,-0.07657905921083252,-0.06897907529698977,0.0,-0.06039285686255991,-0.0444936718744155,-0.06515336194451404,-0.08528946253682784,-0.06600164437054568,-0.07922993132230932,-0.0508854816987474,-0.06564660696150199,-0.059423337496187445,-0.08047058668449825,-0.06633960925546112,-0.07530397669407746,-0.0752060011193707,-0.06141144881365013,-0.06287028485917334,-0.0638695633843529,-0.08153369234482732,-0.07415154784726297,-0.07606291871324938,-0.062290385001876725,-0.051587744364771926,-0.04062806909420208,-0.12978408573814154,-0.104338181685738,-0.06990887839786014,-0.0636896485224906,-0.005350891033579441,-0.008273202213828379,0.023794757052663484,-0.040354027129713976,0.02536463278965162,-0.018596167668350205,-0.04926539627594323,-0.0664063530146426,-0.07655956115573426,0.0,-0.060710515462604864,-0.07842258136810765,-0.07616674323010475,-0.059607882741602614,-0.07606568526024016,-0.03420206877355264,-0.060116075560238846,-0.05677779153413137,-0.0555435155216954,0.006057834976825882,-0.07023976690974187,-0.061219030663485496,-0.028175790186929117,-0.054283327065510645,-0.06310754595128903,-0.052838501950100314,-0.04989671050135153,-0.06524650470169813,-0.07229913822898154,-0.0032944541906459457,-0.07276787894645104,-0.07105033032773678,-0.07346593312881178,-0.06321333094519499,-0.06417797403460912,-0.047395698744779446,-0.06366012069394861
-0.03661272929240961,-0.008015715499422538,-0.06024577850611201,0.0011884682100033461,-0.03245885717229097,-0.057594844195900774,-0.03547756747239783,-0.008046599648139252,-0.14179655676878555,-0.022494411347499133,-0.01054177286145963,-0.02258116475456584,-0.06039285686255991,0.0,-0.01995935371255425,-0.0003812839259581535,-0.00011695701654801383,0.0001177392385989795,-0.10110652596018976,-0.020482504376102495,-0.04886227002960991,-0.006313639353044076,-0.06123189710986443,-0.04235353292322447,-0.00932852485318536,-0.045888666287587254,-0.061787899866604434,-0.11994196659808029,-0.045887240952565855,-0.00976960187902115,-0.06765298295725625,-0.0543780879004542,0.006223208101403643,-0.0336327918510092,-0.05072389322407511,-0.02353133117907974,-0.018799928185380704,0.0019176203828530358,-0.056805292089918025,0.0,-0.0012963294247789192,0.00011178902990732764,-0.06281884829518097,-2.505456619728008e-06,0.0,0.0,0.0,-0.06640174227949902,0.0,-0.07906318438561927,-0.09267535069420885,-0.045335547570418966,-0.06813152594030136,-0.07073837394440108,0.0,-0.03915922476966982,-0.0002747907920355175,-0.02248614088642875,-0.06453459716661536,1.1102230246251565e-16,0.0,0.0,0.0,-0.06696156806817721,0.0,-1.1102230246251565e-16,0.0,-0.0788988704147322,0.0,0.0,5.551115123125783e-17,-0.08809726561186054,-0.021655183256437505,1.1102230246251565e-16,0.0,5.551115123125783e-17
-0.05918216873807591,-0.05682297771208983,-0.04806007738705392,-0.006562583656132659,-0.050866566539500724,-0.03030481543405872,-0.050116748824115154,-0.06603887997549723,-0.05620794434059112,-0.01521783132492599,0.0,-0.0357223686994963,-0.0444936718744155,-0.01995935371255425,0.0,-0.055621021739135246,-0.03154086640801812,-0.07283148581715887,-1.1102230246251565e-16,-0.0731712908359658,-0.0656046583163229,-0.018567313413869024,-0.05143859686895408,-0.07222453324989603,-0.07910370763630309,-0.05154311597712358,-0.06408818385041559,-0.05572733514409661,-0.03891676444743847,-0.09505042848033124,-0.045941178406281535,-0.025482340286616167,-0.07613645978821987,-0.03319062980669696,-0.027218133100752884,-0.026678483248515905,-0.021833542101256764,8.932770143255109e-05,-0.04579559283297391,-0.05694573203814174,-0.05009748591172658,-0.04446146467926787,0.009895780758050032,0.006696183441300796,0.0,-0.04196891143922854,-0.06613201260337143,-0.046424296499121775,0.0,0.0,-0.03631226402417165,-0.052248572907732715,-0.05813968672321196,-0.012077783561185551,-5.551115123125783e-17,0.0,0.0002648519611529454,-0.04462568646198101,-1.4268146408813465e-05,-0.04328549875978749,-0.06099396064839174,0.0004987393290796782,-0.058257541271258095,0.0,-0.03783776926743537,-0.043690512069484655,-0.05168648496719891,-0.06630725748636679,-9.64441151685147e-05,-0.06826345567643788,-0.05366637788793416,-0.048310583086881465,-0.060507024519367014,-0.05615581485367471,-0.059003582864516846,-0.050657366762420164
-0.06300115783129218,-0.05908897645711492,-0.041215597242522994,4.7467374679754926e-06,-0.08300506595100926,-0.06080338715694805,-0.07359004118564844,-0.04966838983087618,-0.05855079682540798,-0.0628613720496401,0.00012541150597217277,-0.10851228212973602,-0.06515336194451404,-0.0003812839259581535,-0.055621021739135246,0.0,-0.05206954097919719,-0.046576565247199164,-0.0001305247980227242,-0.06152067987400728,-0.07321311690855309,-0.06768178908021888,-0.05278202338706495,-0.08110311126352343,-0.0710360124376403,-0.06391467184619481,-0.04691753722053277,-0.064014235096786,-0.07051769374118594,-0.05555698903736078,-0.03964515100587912,-0.028212193706445787,-0.03395737350434047,-0.04087815319507898,-0.0048044656763595595,0.00016104161360458447,-0.019507806632911684,-0.03945777261371136,-0.04114788365278882,-0.049569839933575444,-0.04796554625360577,-0.0365607672036658,1.8604574280267627e-05,0.0,0.0,-0.07412770646712502,-0.06375794545029428,0.0,0.0,0.0,-0.044179716219022946,-0.041941318396505334,-0.03815337576745914,0.0,-0.02840725081956319,0.0,-0.030944651159718117,-0.04740985540846937,0.0,-0.05452292550146892,-0.05347027807331739,-0.0711732424494797,-0.06318511911862434,0.0,-0.07154248730177415,-0.07159773085250976,-0.06612104199232477,-0.06519191914097505,-0.04188620973357826,-0.06549453215755957,-0.07913475135322656,-0.0478652555895564,-0.09034848484586944,-0.0652770652976335,-1.1102230246251565e-16,-0.053544585751680585
-0.04935666038430936,-0.023914792264694895,-0.09158995543925769,-0.005979441637439076,-0.10354851031278323,-0.06063299635614472,-0.09916231575873624,-0.0179131064118781,-0.08634195467148914,-0.06831739702273282,-0.09114941288480077,-0.07246137267202668,-0.08528946253682784,-0.00011695701654801383,-0.03154086640801812,-0.05206954097919719,0.0,-0.07981208758616087,-0.10602383318786224,-0.053229528472945764,-0.01911740765167097,-0.057640050153065336,-0.040853293096573096,-0.07059137938947874,-0.11158116743489191,-0.1009751148857666,-0.05737667437146082,-0.07141456057737977,-0.07695504040671303,-0.003622511314343879,-0.06765736653259002,-0.07263121837068975,-0.1337871224755892,-0.06969725249873882,-0.060952655443523074,-0.04123407975714277,5.158998209331411e-05,-0.04769711135375526,-0.0275174650978382,-0.047930361778022124,-0.06721013328433828,-0.05513467517769988,-5.551115123125783e-17,0.0,-0.001901486023175858,-0.0722706296350567,-0.019222077966570217,0.0,0.0,0.0,0.0,0.0,0.0,0.0,-0.08240147037334156,0.0,-0.08350968100605738,-0.00938634182261422,0.0,-0.00020782914528783003,-0.0301714160725724,-0.07757164510464326,-0.0914441264215558,0.0,1.1102230246251565e-16,0.0,-0.01488536367661708,0.0,-0.08787185099378686,-0.08347575256267514,-0.0935633051625967,0.0,-0.018459555785638182,0.0001121217397855867,0.0,-0.08524722004166652
-0.09063725723404897,-0.07584955731757642,-0.04176132054852627,-4.260757631241452e-05,-0.0599962573380306,-0.0640704496609189,-0.07634576292556661,-0.06056637194219833,-0.059566159340576075,-0.08636114471583267,-0.09037154219682031,-0.10387731278601914,-0.06600164437054568,0.0001177392385989795,-0.07283148581715887,-0.046576565247199164,-0.07981208758616087,0.0,-0.0882964841918259,-0.04990071537931112,-0.07686007901155595,-0.06534141360924045,-0.06934805506988756,-0.09932391780048294,-0.09807656561024541,-0.09732814087151787,-0.05063360960117258,-0.06538648168480093,-0.06145932454073755,-0.10053897525441602,-0.0691631483994406,-0.05239273319241161,-0.11538179191894726,-0.07301253259999746,-0.037288102189939276,-0.009462009112334413,8.598167007523028e-05,-0.011391927051169537,-0.03657178869003597,-0.05565873030049506,-0.0649391165003087,-0.05355128706654971,0.0,0.0,-0.021928072258378728,-0.09334322124406386,-0.06448973065037439,0.0,0.0,0.0,-0.04770730740592871,0.0003626123045905594,-0.0004191710873838739,0.0,-0.08687730720856446,0.0,-0.08830249273127067,-0.04921029369181029,0.0,-0.0565224960435442,-0.06557973551527035,-0.08774695132330751,-0.08210195876883841,0.0,-0.06651875348426523,-0.042307714543921626,-0.05655429229165665,-0.07421924653186446,-0.09420523565087296,-0.08970859305416906,-0.09580990043296239,-0.03827965426656971,-0.04962800964042774,-0.07037535651271287,0.0,-0.07208761738742742
0.0,-0.018770719505860012,-0.030474920451473153,-0.0836137330085373,-0.06188368244440984,-0.09085444716707403,-0.06989067884366684,-0.1465955902927779,-0.05021155929004928,-0.10236102378617984,-0.02086198822213997,-0.10471750669824703,-0.07922993132230932,-0.10110652596018976,-1.1102230246251565e-16,-0.0001305247980227242,-0.10602383318786224,-0.0882964841918259,0.0,0.0002711641375771623,-0.025093168661610266,-0.018075645921244388,-0.07946951388785373,-0.08145088325703725,-0.08692248208714098,-0.09012868418325853,-0.05441569174216665,-0.09000980405947068,-0.03187478358776452,-0.06634663765320242,-0.09417334098011637,-0.05878436628989042,-0.09246190629986112,-0.08793058833844597,-0.08622177885584142,-0.09354879165078755,-0.08649231936081969,-0.0938173409772784,-0.14909091940915054,-7.983297441832571e-05,0.0015546696535324034,-0.05971503825599367,-0.05314277522216154,-0.05818998743824588,-0.0005467960013938455,0.0,0.0,-0.26900129049357696,-5.551115123125783e-17,-0.042395707714601216,-0.0571331086317316,-0.06737131693487203,-0.06290691392170561,-0.05877393636698158,-9.046529119843827e-05,-0.10522943539656376,-0.03485192738627568,-0.07598167919509147,-0.08021617610022536,2.220446049250313e-16,0.0,0.0,0.0,-0.05854447944542451,9.651509365415922e-05,0.0,0.00012102364180660574,-0.1416545303842514,0.0,0.0,-5.551115123125783e-17,-0.13831205109240202,-0.058412541201759205,-0.04807988734277635,0.00033274140789563145,-0.05139185801713214
-0.05270792886425174,-0.0571123600322791,-0.03329767097932179,-0.01244382777191666,-0.049102767212993836,-0.03472404964389225,-0.055688605636014965,-0.010704936863037973,-0.03374334701883819,-0.028485228746059132,-5.498341046522581e-05,-0.026337240442084298,-0.0508854816987474,-0.020482504376102495,-0.0731712908359658,-0.06152067987400728,-0.053229528472945764,-0.04990071537931112,0.0002711641375771623,0.0,-0.08660481300453354,-0.017707045088611206,-0.13643034913173502,-0.03602482984801891,-0.06833478758114214,-0.06096138577031579,-0.055401622597329836,-0.06238473949831386,-0.04444462881620964,-0.033234979704007184,-0.018944459605042263,-0.016085295045442927,-0.04804829283752243,-0.022424124213984653,-0.011136711186040149,-0.02070871031000504,-0.03315269750364963,0.008384156388187625,-0.0388068689609507,-0.04665263185472163,-0.037668452044192835,-0.03574973173137591,-0.0028948950053769296,0.0017360025802844459,2.4126392514700612e-05,-0.03400396089256774,-0.06618004598876043,-0.07799482651634049,0.0,0.0,-0.044985322356761004,-0.045299421280530605,-0.04854209897705891,-0.03588047942847583,0.0005923701018549776,1.1102230246251565e-16,-9.577105254621188e-05,-0.04743504838402751,-1.1102230246251565e-16,-0.04326495106608247,-0.061029710315267494,-2.959586247541779e-05,-0.0740509892795036,0.0,-0.04402883522335149,-0.04406350554216221,-0.030200603832832018,-0.06358644796207247,0.0,-0.06619424452845263,-0.03663117286596118,-0.04862803490660922,-0.053677701487247764,-0.04720005275826117,-0.05826498326455776,-0.040328850153339924
-0.026248261882046042,-0.07784476018670128,-0.08727457919365178,-0.00038736416172974186,-0.06270993323034202,-0.0417538780597721,-0.07944698000334455,-0.037009910336103014,-0.06762364786805952,-0.04520077820155788,-0.04025498461419402,-0.04876320450500399,-0.06564660696150199,-0.04886227002960991,-0.0656046583163229,-0.07321311690855309,-0.01911740765167097,-0.07686007901155595,-0.025093168661610266,-0.08660481300453354,0.0,-0.0651277336410731,-0.06597556584808711,-0.046652546952052176,-0.09803982046542475,-0.06965751150075028,-0.07591874264903664,-0.07994830543882475,-0.051190913349891454,-0.0630511562887473,-0.073831336781153,-0.02659898496228713,-0.09159707398810174,-0.03541331405628195,-0.020670285269723476,-0.014573040253489544,-0.03322635226794102,-0.030593109423271925,-0.05149057211808317,-0.06755713581870737,-0.05880136924974155,-0.05659872042367298,-0.016144334531636717,0.0,0.0,-0.03697092186853912,-0.07982135849254834,-0.06339910784967573,0.0,0.0,-0.043253119930901696,-0.0593953169963759,-0.048252926266350527,-0.024101689121841463,-0.03148575836529088,0.0,-0.026315508679712662,-0.057207720590211286,5.551115123125783e-17,-0.03965071330081832,-0.08070889082499072,0.0,-0.037538092213912355,0.0,-0.05947057194073119,-0.0074886423287672255,-0.0707488279498304,-0.05284878176501423,-0.0041598595956437445,-0.08408290837553034,-0.07215000526387128,-0.04558367118510254,-0.051145812251477796,-0.045686014181157086,-0.05913377747835352,-0.060124023586885234
-0.07871280074518655,-0.03355210158034405,-0.05126375343571765,-0.018308970806519054,-0.0560348402297145,-0.03551489398239416,-0.06795776962814726,-0.11124856636631097,-0.03485437324805324,-0.06467409789633888,-0.020508814724469082,-0.020889627144371425,-0.059423337496187445,-0.006313639353044076,-0.018567313413869024,-0.06768178908021888,-0.057640050153065336,-0.06534141360924045,-0.018075645921244388,-0.017707045088611206,-0.0651277336410731,0.0,-0.04759945058195003,-0.09237234616733853,-0.06286502065299832,-0.03972960115224827,-0.02493098409372313,-0.06593986768692434,-0.060377522860040056,-0.09806824410361142,-0.02452816904864047,-0.0006487250796124999,-0.017784767993418216,-0.002422184371547287,0.007489473456287032,-0.0022461964906324017,-0.014269326029690166,0.03916984544819313,-0.035527358731063774,-0.036236512036897206,-0.04670838518056519,-0.03424161351289534,0.009105953720738524,0.007305214413230288,0.00021634573441114968,-0.05566111589035988,-0.07011740589096133,-0.03203184184882357,7.845878781720383e-06,-4.42428993016053e-05,-0.0359583947846947,-0.03551857781236001,-0.04381516784751649,-0.037343098644806894,-0.027474760130062448,0.0,-0.020217576120588998,-0.0386932388968812,0.0,-0.040004052577584215,-0.062532175460425,-0.024708243194446533,-0.05382487498219074,0.0,-0.03561266672311103,-0.05350305819987583,-0.05133719974973916,-0.048921326310368496,-0.01978331524022725,-0.05907077808924921,-0.06581419728420462,-0.04307574472476683,-0.05244074881103883,-0.03134701680753488,-0.012230107056116657,-0.03866791783406143
-0.05928273734581002,-0.044519953064212636,-0.06695239124087854,-0.06597134138306016,-0.072502968943644,-0.07318586368396829,-0.08050495019047837,-0.08352228250000016,-0.08777199642516353,-0.06055790922672838,-0.06483187247274752,-0.08794630467345266,-0.08047058668449825,-0.06123189710986443,-0.05143859686895408,-0.05278202338706495,-0.040853293096573096,-0.06934805506988756,-0.07946951388785373,-0.13643034913173502,-0.06597556584808711,-0.04759945058195003,0.0,-0.06840698840502146,-0.06918874820701132,-0.06991679947070129,-0.06858819980567998,-0.07478053086523645,-0.05849002388969049,-0.06410630045035393,-0.06149897677682009,-0.05462336415218638,-0.0904388411675433,-0.05781884819510258,-0.0585959679686438,-0.05437365773296371,-0.058375961539321286,-0.0728342300065562,-0.05539538290434948,-0.06450603731466792,-0.04933723238321214,-0.03612525796428634,-0.07633120492296802,-0.053507869072327574,-0.009438693157223565,-0.05839634842432784,-0.08356201756036757,-0.11636161407192486,-0.030046516278044222,-0.08100849940690569,-0.07363630349502193,-0.0703120043410767,-0.046045142051325094,-0.11969148933485219,-0.03214431962542341,-0.12198031086556677,-0.05935561383134025,-0.06043782653898111,-0.07720262019893837,-0.05379848521399122,-0.05910017173936133,7.199520858425235e-05,-0.0572003137548725,-0.08240052626928507,-0.053148767528543306,-0.054811206394777656,-0.045528490267603416,-0.06671609825930569,0.00027745519959471165,-0.07206223206873463,-0.04797134841656642,-0.07109349785032354,-0.06627341107488988,-0.06639360677093448,-0.07204145826896441,-0.05801054519885446
-0.05329489546873528,-0.05300512800080642,-0.09790359487450401,-0.01517604603490641,-0.07264436403286545,-0.06872597782338952,-0.04829440005806801,-0.04627236742827001,-0.0896488411054377,-0.08486003105882509,-0.09041953418819992,-0.06300311673295864,-0.06633960925546112,-0.04235353292322447,-0.07222453324989603,-0.08110311126352343,-0.07059137938947874,-0.09932391780048294,-0.08145088325703725,-0.03602482984801891,-0.046652546952052176,-0.09237234616733853,-0.06840698840502146,0.0,-0.08648225896510081,-0.09319455036386437,-0.09218295270534976,-0.07713054119672802,-0.043299162640836275,-0.010922938210315092,-0.059791191376328934,-0.046068538114054314,-0.051211270389104474,-0.023637814240097227,-0.027304911273240196,-0.10027744234950398,-0.07014372801533189,-0.03329779200667532,0.028677302453466613,0.0022407451455744853,-0.006726276558417621,0.008192762890979588,-0.011318780285188457,-0.0035943850653218923,0.0031404857187218305,-0.06838992208198447,-0.04537430427028605,0.0,-5.551115123125783e-17,-0.0002843678842254782,-0.005515413301547478,-0.00024367543876441244,-1.6653345369377348e-16,0.0005065770234791711,-0.06625642413002558,0.00037266605824320953,-0.07420989798644212,-0.02778287661500245,0.0,-0.0010243807601351684,-0.06612390629590953,-0.07798451480104207,-0.07904607559742471,3.4653804310835756e-05,-0.0006542595603367118,0.02724565622361269,-0.03603526277616054,-0.0008863215994549534,-0.07331555933502387,-0.09020830255448925,-0.0987777703297833,-0.005316431115620857,-0.013471930041740299,-0.03532500854568943,0.0,-0.052568055489511656
-0.092424112324898,-0.07112942506860498,-0.06518761808291462,0.00054284186195519,-0.07085351793453415,-0.05874598123609914,-0.07438877611636596,-0.04624307075937195,-0.05798981286872501,-0.10092986489370978,-0.09058809558681108,-0.12741606963468582,-0.07530397669407746,-0.00932852485318536,-0.07910370763630309,-0.0710360124376403,-0.11158116743489191,-0.09807656561024541,-0.08692248208714098,-0.06833478758114214,-0.09803982046542475,-0.06286502065299832,-0.06918874820701132,-0.08648225896510081,0.0,-0.08340015733889905,-0.057929129763730935,-0.07344402466718963,-0.07179564428691693,-0.0843068191931226,-0.08190344501787089,-0.05161615802963215,-0.09537446079249184,-0.07678857687465956,-0.0530594048414752,-0.03182238695577022,-0.008173580914784317,-0.0556051912894544,-0.04699264900249539,-0.057009128683445265,-0.06411218928340634,-0.050865150037270435,0.009239700438620158,-5.551115123125783e-17,-0.017931076547706648,-0.08441027304255294,-0.07860656858924464,5.551115123125783e-17,0.0,2.220446049250313e-16,-0.06572413574217417,-0.041433729310417,-0.04748679977547188,0.0005249792547234455,-0.08554406469836595,-0.0003845256951591214,-0.09368852347144774,-0.05178287337530224,0.0,-0.0679273997207519,-0.07035499750776525,-0.08526349476929407,-0.07755440414769305,0.0,-0.058639726075576715,-0.09935797823778653,-0.06852883934221271,-0.06598946361923774,-0.0975797656799211,-0.08786652082044544,-0.0957186217993865,-0.06266212532322146,-0.05411888538404258,-0.06217115794988903,0.0,-0.07262788432296524
-0.08266442877874158,-0.06529081302413603,-0.06132814956138871,-0.026270286414768307,-0.06259503371099434,-0.03664108911233044,-0.07294639643967699,-0.06136585133193995,-0.05343415572848542,-0.08762839222529395,-0.08950905082040506,-0.10129748435345526,-0.0752060011193707,-0.045888666287587254,-0.05154311597712358,-0.06391467184619481,-0.1009751148857666,-0.09732814087151787,-0.09012868418325853,-0.06096138577031579,-0.06965751150075028,-0.03972960115224827,-0.06991679947070129,-0.09319455036386437,-0.08340015733889905,0.0,-0.057280032984592,-0.07200574020290756,-0.066420832357457,-0.04592280669814286,-0.07764276420701971,-0.04670563738853195,-0.09266224657831112,-0.0698002951009068,-0.0438287036773376,-0.03240565062354828,-0.050717593525972104,-0.06324942633824732,-0.0584270078629775,-0.06836442156988437,-0.07378871958006811,-0.049166888291294175,0.014430824066883008,-6.179459924804398e-05,-0.017697596608273358,-0.08772682208700139,-0.08004059518713663,-0.040699348556641146,0.0,-4.337738519510914e-05,-0.0685274392407964,-0.04228717066144905,-0.05536190876242064,-0.05103951031242843,-0.0958907170434583,0.0,-0.10361098580749584,-0.0609142933548239,0.0,-0.05141574156586276,-0.07934777502857226,-0.09825455794630028,-0.09271006976438378,0.0,-0.043254996155093484,-0.08964656700065521,-0.0818378127586909,-0.0570881776625804,-0.12133419391754158,-0.09851427877054214,-0.10245091867988448,-0.05460193267460317,-0.06366219398026562,-0.07590347779137463,-0.0004857441495994541,-0.08175186511145616
