0.0,0.10459276253156827,0.001359700670350572,0.0,0.05550902752171344,0.22172823753533347,0.2683214884047677,0.4449008866745237,0.17206082519641253,0.15267074798707758,0.2760770344173208,0.1141716791412841,0.19124166756401123,0.2639290501891275,0.07703684211979239,0.21076431211003116,0.12786987945552214,-0.06337397240293707,0.0,0.2600142575690759,0.2874869423084991,-0.042153098347103624,0.17416902263235323,0.2554293411849408,-0.11789817078763659,0.06691167418574773,0.15581718340558665,0.03720865544461904,0.16256932141992952,0.7735347629467095,0.09367229285315715,0.47097544664421537,-0.0365478464149121,0.04070570456787523,0.29242524790779323,0.3765723797844783,0.49959154866526867,0.3097327508875948,0.09267191956468457,0.17501056160182296,0.11149815917116118,0.2667314417618075,0.5097407801966143,0.0,0.28358025937450515,0.26688880987326175,0.05705519851911184,0.0,0.0,0.0,0.08996217538286566,0.0,0.17102681789225166,0.0,0.09508163023706057,0.0,0.23243809259322423,0.10038167266516945,0.0,0.47581735591325425,0.09547292697177728,0.03416926032278933,0.09248985098652915,0.0,0.09116923895385962,0.5100199058042223,0.005875222923076406,0.20687972301636415,0.0703868169489249,0.08765675424572428,0.028355177904067108,0.19701358965631305,0.4560940015073909,0.1568699513215226,0.0,0.13144993784916165
0.10459276253156827,0.0,0.2604203749988741,0.4014954810065683,0.1873411784619442,0.19426781005418772,0.14431230306802484,0.3491515501560498,0.2418259055174976,-0.06146319815797241,0.1430676356181166,-0.12674966834224616,0.18500606034068962,0.2671307058655546,0.18260525902416652,0.17561210650169667,0.43549518520493125,0.10784129075744842,0.44848274419973555,0.12379063086533387,0.07920262008983014,0.4214086739031222,0.34717182186884454,0.23054459329723678,0.16063634541341973,0.1643660747920776,0.1925345446306692,0.1421007868270763,0.053405632978594325,0.3278131810668431,0.25153323819455936,0.31356855041861453,0.01113607315974846,0.2465068575811542,0.3972923781445628,0.4740905765828721,0.05799833010912394,0.0,-0.0036224863120499773,0.16637657645517417,0.061612860290756466,0.0924890102668594,0.4927643470117443,0.0,0.0,0.04571208868570997,0.004444085821802279,0.04072394511028528,0.0,0.0,0.1678886426544622,0.25041985056305666,0.06717241843168939,0.07307701358795093,0.18519833963947258,0.0,0.2756390596243228,0.23846467517531125,0.0,0.03918259557511056,0.05748947242716029,0.14318303864241866,0.17981538088428567,0.0,0.06428391368263264,0.14742887477604943,-0.020304896810233397,0.18857738306477967,0.11799863344482803,0.07950307363565356,-0.02364190180762854,0.20899804097434113,0.09834724624781,0.10007550679914873,0.0,0.05588186098000697
0.001359700670350572,0.2604203749988741,0.0,0.07076621057548937,0.11134400594331867,0.12979594574376135,0.17504885244499285,-0.02538733569310153,0.1877753898845035,-0.03555068563207153,0.4720507781239536,-0.006530734650640413,0.1310274114584552,0.26904818574578876,0.05366130264918478,0.14582935013598253,-0.11994295113205178,0.1940674044250621,0.33667040685416627,0.21782269935037446,0.0808379294248282,0.21833083912429763,0.1754135921587639,-0.12783290382595547,0.1831520932021125,0.11130685499148268,0.33269990258160614,0.09682390251378015,0.22818666557125145,-0.030775891492167584,0.12512150145149642,0.16190941186706653,0.08404212353695789,0.11784384195399727,0.03975318283659596,0.14740240272425226,0.0800028675674071,-0.053154344280067045,0.14060104509619437,0.47461031686731686,0.2505906078544071,0.4486797928244801,0.3175420330045367,0.34429225309355,0.0,0.0,0.43342969368930184,0.2287334476683775,0.5105547501519463,0.1721386884447394,0.014965408315784745,0.07241015729114947,0.16550389829672957,0.2894093972442553,0.46749151932213173,0.350776192042821,0.4394795583375787,0.18874501223744994,0.34415639357166594,0.4007533217638689,0.0,0.0,0.0,0.40545970646829654,0.4046730471282052,0.5705615762735525,0.28874218047782224,0.17910747696455254,0.0,0.5860220734272583,0.21933624969783433,0.09449753196782101,0.20927276202316353,0.16160543951219541,0.5338028668084915,-0.03325933953714788
0.0,0.4014954810065683,0.07076621057548937,0.0,0.17299332416390903,0.04712914811148272,0.3947757782344224,0.18543209516323117,0.13180348012221005,0.3331419461146991,0.026628733107153524,-0.028915363649558823,0.13817891590960432,0.5074584772052555,0.6064259361903771,0.2750322967043004,0.4678085166839595,0.5101799224836736,0.08055028643868223,0.524623218284971,0.48552436145365785,0.4523767353744146,0.052950793459042134,0.25528157223145126,0.8617676907342547,0.32194847147422523,0.29029905294205627,-0.00467133830337324,0.0489645494694991,0.46680119044859447,0.42194523509022525,0.12269265805229826,0.21115270237846512,0.31127729752716177,0.41569995379444186,0.1772048532443594,0.06730250566153576,0.28662251560491925,0.09964360330758096,0.4073212526156771,0.2310429253160317,0.4586232175017527,0.5631271658489445,0.23502206165646647,0.0,0.0,0.0,0.47119508361339557,0.0,0.0,0.32523621579491685,0.0,0.4861934053969066,0.3202911550110965,0.0,0.22408132357673444,0.4782504241736621,0.5034662593794772,0.0,0.0,0.0,0.0,0.0,0.0,0.0,0.0,0.5155238174931064,0.374752784062216,0.0,0.0,0.0,0.3194815922405956,0.4304810431875355,0.6633964955800005,0.0,0.0
0.05550902752171344,0.1873411784619442,0.11134400594331867,0.17299332416390903,0.0,0.14328303150934232,0.20380125163156956,0.33388580025718906,0.19042935449273943,0.20234112637700055,0.2431115029574113,0.1263553667186812,0.16042218234066255,0.29555352771148097,-0.02728482477779015,0.07132068836174069,-0.0895486705637038,0.08131090544658234,0.16391029850463681,0.21725456454921438,0.17566033877050158,0.14008718135730647,0.04742008383968044,0.049478247799621955,0.11243495019200969,0.10209171161570571,0.19330681316085563,0.10780205153558337,0.21668665480016341,0.1618840527782826,-0.011235533113472251,0.40096825302029704,0.06878975144554494,0.1091755115536599,0.17666351596777533,0.32326742577844736,0.23958520594309587,-0.003945085318542874,0.34788501150164286,0.798351146389581,0.46559219481271724,0.4705296164849639,0.3343387309293703,0.8926623883477722,0.38157468873451994,0.0,0.17801032363838182,0.16962678326308778,0.0,0.39425429548775615,0.13834340621828825,0.28848037454084774,0.32748364280571923,0.33150469569365815,0.0,0.35429453494629004,0.23638775837223258,0.35318370085598033,0.208187358662143,0.026410986817333365,0.48430247158021,0.0,0.0,0.4971877117885974,-0.0201598178958991,0.49884932573162855,-0.03794804601185514,0.14476294928555147,0.0,0.4754243655912864,-0.00818770122572371,0.12009506170696632,0.17707796082300065,0.12298658868976453,0.0,0.37752707403426383
0.22172823753533347,0.19426781005418772,0.12979594574376135,0.04712914811148272,0.14328303150934232,0.0,0.23721091659532195,0.05173769188390659,0.21333214894743655,0.07271397200167926,0.15094530346871932,0.034842945081204224,0.3313175760587338,0.16487910079046236,0.4097022179600821,0.16966073074730117,0.0512028010296845,0.12142918232627264,0.10138929138142078,0.2663424253533585,0.3259879948270631,0.24975312086798998,0.09995665253817265,-0.008299278440022068,0.14504494203267462,0.39488047924233804,0.249223947231827,0.24268847003028002,0.2993604190343332,0.16116461669450743,0.11431210749690501,0.20468639824739568,0.19567195708979201,0.12859063872236698,0.22340939339097982,0.44698370516330516,0.07309297905700868,0.0008432923184944485,0.34854286593818234,0.23650962323059854,0.27301071392424436,0.3945261769788936,0.14344688695243824,0.29701301453427614,0.1274352624867255,0.3425072330992013,0.01467579380954609,0.13565497744857652,0.5003768097553207,0.16684333989736985,0.16753063633803061,0.1470783416397505,0.34959041552761144,-0.04019263340487428,0.5848182672016143,0.27102036309591343,0.19513547353596555,0.2713060519379997,0.4051748535169679,0.2611830092767691,0.032705896244349,0.0,-0.01735462695482798,0.22272044829830617,0.21853818129529778,0.11879678548429232,0.22587106612992208,0.1621609878378989,0.5527768654604692,0.10084058642519184,0.10934296185696218,0.14555944876657834,0.20308025238293456,0.15097110300926353,0.1549808077188988,0.2914628771413269
0.2683214884047677,0.14431230306802484,0.17504885244499285,0.3947757782344224,0.20380125163156956,0.23721091659532195,0.0,0.0700361712942425,0.187499976780243,0.049294495963602414,0.22975883471985617,-0.024070225274351598,0.26001336942279335,0.2669846893290258,0.10811731441507316,0.09097078651239526,-0.16253594353437356,0.028641247231892708,0.17396733167589284,0.13232778790554164,-0.018251002159899832,0.12453025136437101,0.009189872855461134,0.2026319906698164,0.060835278209130594,0.13913000077089094,0.09691355531690549,0.0022284042464837395,0.14443995756743122,0.07569518100890904,-0.14463489183715172,0.004720894975780987,-0.012994636535629045,0.08378580010057585,0.178629080078075,0.48294043337825454,0.4515093445073518,0.13235672657376585,0.4056627056923951,0.41041870057425245,0.32095522743524124,0.6242976768699446,0.2991032481957159,0.7994025915883869,0.3759980065594979,0.0,-0.04235213184862957,0.14139018371882459,0.0,0.27518454353542166,0.1265714919113884,0.1646296139832955,0.21301059461693145,0.2920372966930449,0.40380765632810733,0.33201774608683104,0.5554213151477712,0.1168588191576116,0.23847220501369007,-0.04943588038439442,0.11364200523984991,0.0,0.5182106642895326,0.4712054573040308,0.3047580032003394,0.1494858254732401,0.0931667110926736,0.1212152599675431,0.5122726925884908,0.003346054732085324,-0.06470900964024856,0.07126498598640713,0.11643050670053923,0.1622614397812715,0.3216492652266123,0.22121025164313618
0.4449008866745237,0.3491515501560498,-0.02538733569310153,0.18543209516323117,0.33388580025718906,0.05173769188390659,0.0700361712942425,0.0,-0.06271256547586335,0.39536209782144593,0.15309905651747155,0.3697353032389997,0.08110020678968674,0.6400442469350064,0.21174842008803985,0.37922256416738576,0.183877533239445,0.2996755226322969,0.011893968892491003,0.45117453819674447,0.3359088341710432,-0.15694676554775683,0.09234475044118418,0.14606138454813525,0.3397363651467889,0.17495444474016286,-0.0007913762362817267,-0.04612917401136529,0.10285808625017706,0.03083764077467932,0.18570197790577597,0.5987975335314332,0.07365344171158789,0.24927638504871313,0.22320038682590831,0.28784617118213873,0.3073102407063424,0.13761610317243383,0.3308144090805627,0.1968731077527492,0.0797095072531972,0.3069542562538687,0.20180045248798956,0.3706829557596937,0.0,0.3787159901844398,0.11662572069734486,0.13587647248822815,0.0,0.40849545997002934,0.060730724303063144,0.2569640309320623,0.024922994264322096,0.2050983302918971,0.6970555914790133,0.224348424815925,0.9521693725269984,0.2358518202064415,0.12001142027282752,0.41604517384763473,0.22911480955715494,0.0,0.5959507372039106,0.4858763787725138,0.3882806434440895,0.4604136750174389,0.2441144001676629,0.27907627896140097,0.0,0.11018390240585946,0.08689912430734614,0.21979448101904409,0.19537736716788712,0.11391404996619578,0.2448740956113993,0.014401449868532812
0.17206082519641253,0.2418259055174976,0.1877753898845035,0.13180348012221005,0.19042935449273943,0.21333214894743655,0.187499976780243,-0.06271256547586335,0.0,0.09979664158277368,0.2159928118592648,0.05700822635115432,0.1399733736436249,-0.14746353622551378,0.26394152021359957,0.19176206689948683,-0.12979814621050717,0.09822789005954288,0.16831707099602397,0.30128266374180535,0.11141556573017253,0.28212696685581956,0.110455480586231,-0.01191891969219,0.1476230667125665,0.2458894076353441,0.3247809101241339,0.17788877069239759,0.31723779604562763,0.1958679311859542,0.18059321063214323,0.28351195624885916,0.16708821908227273,0.15837342697659584,0.18872732449332008,0.23915382775387742,0.16824611403095216,0.0955137806829956,0.07898251761493236,0.322089717437668,0.3682491327081707,0.12819666426538673,-0.043919434874072516,0.048996878748219536,0.2408345859945653,0.0,-0.06337265259394276,-0.1483434366928595,0.4927475926590768,0.3134621813724107,0.0030026075305179534,0.15145977421695553,0.29628888605481335,0.27340006472011347,0.22097227449785772,0.3271077134125982,0.07251550361708811,0.1223249301224387,0.2964716128998462,-0.08622680493481089,0.40797016339525294,0.0,0.0,0.3286937812955921,0.2850932286020535,0.8100405024748252,0.27144870729132003,0.10312321414412057,0.4557550175173143,0.3622996694369457,0.04826850457609483,0.03650509065891705,0.09124725396503125,0.07647211501487133,0.17693764051594807,0.16318813092087844
0.15267074798707758,-0.06146319815797241,-0.03555068563207153,0.3331419461146991,0.20234112637700055,0.07271397200167926,0.049294495963602414,0.39536209782144593,0.09979664158277368,0.0,0.0914225148727924,0.10616894570851454,-0.021737975994694292,0.4693984853317675,0.41314860119744895,-0.01344380501852116,0.15001005903059433,-0.10341705680270946,-0.08044508190416316,0.2891459695862224,0.41720836740289236,-0.03617012592581825,0.06933361991687156,-0.05336923462516402,0.1816761202635393,0.206070188954396,0.002053657001441167,0.09412539331419639,-0.10421133257606413,0.33035247850181626,0.27467785908867764,0.22475024772695829,0.001918965423800878,0.24968010299078963,0.2613041639062515,0.3051214222751074,0.2927454567414882,0.18607218472193815,0.30520477885520203,0.24170487035550797,0.13218705800754715,0.3840171499136782,-0.05140105853501806,0.26306060389008035,0.33897681020313164,-0.0030608395449688297,0.23444166106926978,0.40423823717244667,0.4952732072715611,0.49505155421217806,0.2285698017766813,0.1360822994936425,0.43038897340459026,0.3439834109621617,0.08735370446907473,0.11329538543669845,0.06336519690546183,0.3000327257346394,0.0,0.6694962829404686,-0.10124376095487342,0.14391997842788626,0.020835578381481756,0.4839636480960172,0.5103320539946845,0.4445582773146784,0.3409467804163338,0.3514222231842642,0.05016961070564141,0.0527344206593956,0.009021512179511526,0.3897016334522929,0.383686056991014,0.22345381501787304,0.0,0.32532046668703557
0.2760770344173208,0.1430676356181166,0.4720507781239536,0.026628733107153524,0.2431115029574113,0.15094530346871932,0.22975883471985617,0.15309905651747155,0.2159928118592648,0.0914225148727924,0.0,-0.052288952160958246,0.10882465858979884,0.4840338160468806,0.0,0.5098462281282707,-0.08225867443365498,-0.09244171406672375,0.3559842182070797,0.483706370344812,0.10481460710521123,0.17722256945043055,0.16746212504735214,-0.01781322299239102,-0.04735118500814528,0.017049186494784208,0.20379877911987032,0.020949377992761087,0.00731570660085723,0.27138910448093706,0.062390270702556094,0.3414828757918562,-0.08668147714412172,0.0893143143698355,0.05825444523587786,0.25665672633163844,0.2513639855361782,0.007472876503248238,0.003653822700522724,0.30854956228714325,0.38113325799912845,-0.043369115886190635,0.17913789028754723,-0.12394755410541475,0.1518140158175964,0.0,0.0,0.28380820297385206,0.4740124988467851,0.2492146245243228,0.3184117573625491,-0.007725510784260037,0.27147625478741066,0.08332979358969825,0.18460853761569163,0.3920862644301514,0.23328931364951244,0.032595388393096725,0.1558450971268988,0.0,0.0,0.0,0.0,0.29788800356482675,0.2765103177647663,0.0,0.5808210070930138,0.1895286094864275,0.0,0.0,0.9643058426554008,0.04920867881788071,0.06478895385596517,0.28069937756995056,0.0,0.2966635968590594
0.1141716791412841,-0.12674966834224616,-0.006530734650640413,-0.028915363649558823,0.1263553667186812,0.034842945081204224,-0.024070225274351598,0.3697353032389997,0.05700822635115432,0.10616894570851454,-0.052288952160958246,0.0,-0.0037849807158379933,0.5147242317121448,0.18412167925262096,-0.1899505868125918,0.16217144668098138,0.014301131436988579,-0.055434718010146045,0.23873183714230914,0.2928540215408349,0.35192759772823046,-0.058309135638500986,0.07302669498110656,-0.13324200680321557,0.14644019115034845,0.06046162071854971,0.10021598184778635,0.1748379324509538,-0.0098985665989757,0.13614956815299983,0.182630371933897,0.16408857526366036,0.246793509542637,0.2645674058864581,0.055767448066298325,-0.0028246644699487233,0.055191036538078636,0.9883917347550444,0.38886589371482494,0.38855454123562155,0.41460163241398806,-0.13014502773581188,0.36921486042446244,0.29264072509823136,0.24427820464572533,0.28459987874613946,0.22776182950125287,0.3700643166314705,0.2892335029917828,0.23674881049383784,0.3308357648024898,0.36559627320419963,0.286625432014864,0.15355951415868246,0.1750773109901007,0.25036450018179707,0.3506010446481732,0.5622964298829418,0.5652456334150016,0.33142924889380965,0.16065089709415192,0.08466365673195642,0.27371581656452193,0.5312846761161159,0.601130930866834,0.3843577743603886,0.35627197147540934,0.07687957248771565,0.08657899366354399,0.038570544638754645,0.12036099112324866,0.47475912346202975,0.38920434421458316,0.0,0.48427736911679153
0.19124166756401123,0.18500606034068962,0.1310274114584552,0.13817891590960432,0.16042218234066255,0.3313175760587338,0.26001336942279335,0.08110020678968674,0.1399733736436249,-0.021737975994694292,0.10882465858979884,-0.0037849807158379933,0.0,0.19248948938354088,0.24702063354430764,0.1790104035173301,-0.12367695015184421,0.10098836650124038,0.15892881635747808,0.21199249578330953,0.13006366962937937,0.17637654069656766,0.02218915651836245,0.0001854177303667326,0.05519145870630299,0.08116158701489845,0.1057174660128376,0.14063916144442998,0.1583292442589506,-0.004240416556518245,-0.07571370811976669,-0.1425052628761172,0.0228598205744526,0.1066128211453341,0.18401516519527508,-0.08073281394432963,-0.037608901455015276,-0.05189809844825466,0.24920602049516016,0.4831560437791834,0.47351361486331733,0.6399997684521739,0.35806676395365566,0.5532363393465511,0.3427148685731009,0.09561612335864267,0.06264585927092542,0.27397269035978944,0.0,0.3091572680699123,0.13062468059894994,0.18155650670449433,0.19947955167956166,0.23468019975196622,0.3521771407469175,0.26096066013295116,0.18366975655525405,0.3435600497757125,0.5208015674161544,0.14237863980765877,-0.10093162761430824,0.15761025570998904,0.006779702687125133,0.3180640722263441,0.2634483562583997,0.3411880449575386,0.06598012662658592,0.18419751752122426,0.5233430965950736,-0.07267650263381392,-0.08237220870975598,0.18155372054404403,0.29914752597978705,0.17942303444420923,0.18340112045705156,0.24751491615651128
0.2639290501891275,0.2671307058655546,0.26904818574578876,0.5074584772052555,0.29555352771148097,0.16487910079046236,0.2669846893290258,0.6400442469350064,-0.14746353622551378,0.4693984853317675,0.4840338160468806,0.5147242317121448,0.19248948938354088,0.0,0.26191566692332047,0.5694509774077905,0.4843342097594948,0.504530336560786,0.06045851712358663,0.24092834708446778,0.22252039275651742,0.1842546600962672,0.22199199105632988,0.48986810568666217,0.39136416100487004,0.12256615045382041,0.19660259752818293,-0.005340757054816292,0.08953697553389456,0.44181951035634454,0.15035426468291085,0.12056185424195234,0.3428929437928132,0.5051677139710817,0.19508646947480907,0.22298986616680463,0.21768917119845102,0.38856674183540385,0.43379975891063693,0.0,0.6385137585731848,0.6952589647512305,0.27376022673787453,0.5100955317380846,0.0,0.0,0.0,0.14589592575927024,0.0,0.06546977009154303,-0.10742436089287344,0.2070089248628509,0.26044587047230894,0.06835337205349393,0.0,0.38524797226448937,0.38090910861713984,0.40987079605578836,0.0580551175395968,0.0,0.0,0.0,0.0,0.24700649122810475,0.0,0.0,0.0,0.23923918042116507,0.0,0.0,0.0,0.05623303949475916,0.4866529619793165,0.0,0.0,0.0
0.07703684211979239,0.18260525902416652,0.05366130264918478,0.6064259361903771,-0.02728482477779015,0.4097022179600821,0.10811731441507316,0.21174842008803985,0.26394152021359957,0.41314860119744895,0.0,0.18412167925262096,0.24702063354430764,0.26191566692332047,0.0,0.19135340325946332,0.03379085174864119,-0.04783774469439073,0.0,0.23422364742161383,0.03257635577204293,0.4642085840142758,0.1961435733704766,0.08515931748071462,-0.014753471876805035,0.2636451400329859,0.12383273204962841,0.06859159476030605,0.19101842713580114,-0.1650754350507273,0.19810111718639012,0.29138637317113925,0.05154264578357115,0.29273500105685457,0.3828860840941205,0.5284326673454764,0.3129756414723669,0.38273762416217794,0.1424000989769703,0.14146987605297473,0.1977132174021876,0.205453745543686,0.5297806180803708,0.6423094830521889,0.0,0.334942776099418,0.16552490805766246,0.04720592235141072,0.0,0.0,0.2759075062081548,0.25805091972934197,0.2566229234115084,0.39598035679426574,0.0,0.0,0.642966969740604,0.2758856979618911,0.48661954620722414,0.4560527462093924,0.19269136512884344,0.5957628231765688,0.31906012321700356,0.0,0.5683338678802035,0.29867513710547106,0.4795162884376386,0.4575036793150208,0.5051159131184186,0.11937465758942717,0.2935074318866436,0.3893292699875991,0.15130383906573586,0.14464630813391127,0.11900657886588756,0.12066744409184132
0.21076431211003116,0.17561210650169667,0.14582935013598253,0.2750322967043004,0.07132068836174069,0.16966073074730117,0.09097078651239526,0.37922256416738576,0.19176206689948683,-0.01344380501852116,0.5098462281282707,-0.1899505868125918,0.1790104035173301,0.5694509774077905,0.19135340325946332,0.0,0.12988963002297454,0.4006119547820105,0.4653429110916444,0.10922763296232688,0.11033261284192203,0.05468454421738317,0.29700527417211364,-0.008111549671685703,0.17954208331605215,0.16564253706941234,0.2507801702416166,0.09303312057850291,0.0072699252980098494,0.18525774720703547,0.27253499613305254,0.26180405763906783,0.20755001044353452,0.188196981747562,0.5770371946628776,0.6372995040458717,0.03566472330901588,0.38383006037994605,0.271459314396754,0.2063998818944259,0.19345880530823184,0.30694403559785566,0.5109644339901533,0.0,0.0,0.003906415519000284,0.2285376379475465,0.0,0.0,0.0,0.15732231606538727,0.10467947902388616,0.3904969577609462,0.0,0.354167244020705,0.0,0.19988831984153965,0.1917437985459624,0.0,0.25322862096839804,0.24701150328046229,-0.01978423791352857,0.19416123698149376,0.0,0.06014313767114765,0.1381945295189076,0.10330678427001436,0.17417751784570817,0.14491422398651016,0.2732078196246713,0.20204344130718271,0.28048043253984234,-0.08415952808928406,0.05434893991452472,0.0,0.05123303826284986
0.12786987945552214,0.43549518520493125,-0.11994295113205178,0.4678085166839595,-0.0895486705637038,0.0512028010296845,-0.16253594353437356,0.183877533239445,-0.12979814621050717,0.15001005903059433,-0.08225867443365498,0.16217144668098138,-0.12367695015184421,0.4843342097594948,0.03379085174864119,0.12988963002297454,0.0,0.16387644695785958,-0.14711716473864234,0.06642850482281606,0.3620946090472377,0.07674516995292868,0.027059294127787514,0.1113399203595607,-0.114178680316947,-0.08160598856915502,0.09872112281483525,0.3077482192025163,-0.09964225987423694,0.46813429966066256,-0.024181355966022222,-0.06412304713884887,-0.12125202235104271,0.06530669706706743,-3.9191895663148735e-05,0.3831591024071688,0.3914842283246114,0.1416085583879429,0.3603307335160892,0.06672144771014288,-0.015798721114072434,0.1389466140154733,0.0,0.0,0.45789282917347585,0.1905326050604792,0.33535499750274644,0.0,0.0,0.0,0.0,0.0,0.0,0.0,-0.009629231651426762,0.0,-0.010194521123430889,0.358578186657623,0.0,0.561256794814672,0.20570960704131275,0.03500179719278412,-0.03725647913829405,0.0,0.0,0.0,0.3838526846109343,0.0,0.013842198792250404,0.06780067295696862,-0.0031482564072764507,0.0,0.2344090314970862,0.4893049168769561,0.0,-0.03338929741387797
-0.06337397240293707,0.10784129075744842,0.1940674044250621,0.5101799224836736,0.08131090544658234,0.12142918232627264,0.028641247231892708,0.2996755226322969,0.09822789005954288,-0.10341705680270946,-0.09244171406672375,0.014301131436988579,0.10098836650124038,0.504530336560786,-0.04783774469439073,0.4006119547820105,0.16387644695785958,0.0,-0.08067059408497756,0.0745585471006433,0.12459711294085568,0.005717255589117343,0.16120221501086535,-0.048682879322288375,-0.015875549961149038,-0.04603413037082965,0.20890082466297422,-0.013738655455068971,0.044314906305163326,-0.1608528337807134,-0.06281130478577462,-0.0222628691069941,-0.13618571550286812,0.017554551431923804,0.16228465532263353,0.49674755352017386,0.42682201180705415,0.30597639366195256,0.2815434111996708,0.17301099406754825,0.062241561942343815,0.16618959589665086,0.0,0.0,0.3308175822914541,0.059241951416109384,0.26490823018971066,0.0,0.0,0.0,0.023074438193711855,0.5295996111850728,0.5957028250014405,0.0,0.04909440181721908,0.0,-0.08848341704357221,0.058401503105548536,0.0,0.1831230347474181,0.161226421873003,0.09495345135120603,0.04398601052554485,0.0,-0.06660143481849057,0.26195238853607095,0.11866698675521475,0.19232625402389375,0.030215397004794142,0.042688701439428156,0.010655981432592332,0.17347197368621753,0.1594522243325634,-0.034633539331048346,0.0,0.12178094493397867
0.0,0.44848274419973555,0.33667040685416627,0.08055028643868223,0.16391029850463681,0.10138929138142078,0.17396733167589284,0.011893968892491003,0.16831707099602397,-0.08044508190416316,0.3559842182070797,-0.055434718010146045,0.15892881635747808,0.06045851712358663,0.0,0.4653429110916444,-0.14711716473864234,-0.08067059408497756,0.0,0.49682242012403155,0.32692413500438955,0.4285420342047692,0.16811589332971139,-0.09142380171025244,-0.08521618357802502,-0.15648846970493158,0.24307810955722167,0.11480166738134956,0.28951169455614345,0.2618726403277176,0.11113212972138503,0.26955143356794214,-0.07349021761128999,0.12269974837550554,0.02901763660917278,0.15455116321101436,0.03422691555069901,-0.04402498987350223,-0.07083443746014378,0.44400838986400526,0.45531214109786183,0.045531139572060286,0.43978442292321857,0.11126500195217393,0.00833310198645511,0.0,0.0,0.038464775235891424,0.0,0.37688054166407514,0.29203614488279067,0.273627725505299,0.3460494342719731,0.3626998413791111,0.6056166015243623,0.3390416458498914,0.21280743976670569,0.18349515820069423,0.11540356420779935,0.0,0.0,0.0,0.0,0.5561727161390406,0.47620899869858546,0.0,0.48423516967690083,0.01063298748232372,0.0,0.0,0.0,-0.062216811077687506,0.23202412416303753,0.08847278694663524,0.4995366829136388,0.30422633564173795
0.2600142575690759,0.12379063086533387,0.21782269935037446,0.524623218284971,0.21725456454921438,0.2663424253533585,0.13232778790554164,0.45117453819674447,0.30128266374180535,0.2891459695862224,0.483706370344812,0.23873183714230914,0.21199249578330953,0.24092834708446778,0.23422364742161383,0.10922763296232688,0.06642850482281606,0.0745585471006433,0.49682242012403155,0.0,-0.10900506920913472,0.4157827564154406,-0.035500375144454505,0.36368252090903597,-0.05215073698636968,0.12812616657899395,0.21616801445228803,0.11584660573589839,0.244120283200069,0.4581020240306635,0.41669250487878995,0.3779604779661889,0.1028329919351137,0.3969113013304402,0.5296636240207799,0.6203217947892319,0.2734966421016588,0.7651815374899813,0.26811417592042486,0.19557466674395527,0.36704444286467963,0.2788778090227231,0.5388189625222704,0.31867506820652886,0.350404949816719,0.2979631090806758,0.037337886220545846,0.0785367113711625,0.0,0.0,0.22815362810658435,0.26274265339073144,0.3681601492836831,0.2319749439652825,0.8514864998213458,0.0,0.5597276522645263,0.30221979424948764,0.0,0.32465518618561107,0.07801949338227218,0.510045246180316,-0.030865516781548474,0.0,0.28241059261552603,0.248833616301659,0.37337832191066067,0.20030462701245372,0.0,-0.009801233886204352,0.2631449900101738,0.25301615048779547,0.20842467384212876,0.27731156191885165,0.15590149899252054,0.30762538607652123
0.2874869423084991,0.07920262008983014,0.0808379294248282,0.48552436145365785,0.17566033877050158,0.3259879948270631,-0.018251002159899832,0.3359088341710432,0.11141556573017253,0.41720836740289236,0.10481460710521123,0.2928540215408349,0.13006366962937937,0.22252039275651742,0.03257635577204293,0.11033261284192203,0.3620946090472377,0.12459711294085568,0.32692413500438955,-0.10900506920913472,0.0,0.04421434194771334,0.11792688975601301,0.2095523342516271,0.018825577896463164,0.15267854124981103,0.08200564359578072,-0.006049359277433997,0.11251693755017206,0.09227150123073513,0.02218807681036239,0.2366153332439247,-0.12491596863124516,0.22037059370661974,0.40907699790835333,0.5077788139750452,0.14005082018577308,0.37823898501406616,0.19553727164853432,0.0872734457454502,0.09428887639594757,0.10900186932117359,0.5639786159484274,0.0,0.0,0.4420640188182712,0.01619557209791006,0.09089354472848377,0.0,0.0,0.3102547250992267,0.15259847567738338,0.48596806593741876,0.40307492006867457,0.5349083485487299,0.0,0.6590971675366739,0.23498482264120235,0.0,0.33927607536397847,-0.009075438191254726,0.0,0.27169748076027017,0.0,0.2208713902440182,0.6081405714362504,0.10164393767477245,0.30728493024513037,0.536565626269619,-0.005444530585581475,0.2666115453729668,0.3307766605543367,0.2806838122347891,0.3346932536808539,0.13448635144111087,0.1092587964978078
-0.042153098347103624,0.4214086739031222,0.21833083912429763,0.4523767353744146,0.14008718135730647,0.24975312086798998,0.12453025136437101,-0.15694676554775683,0.28212696685581956,-0.03617012592581825,0.17722256945043055,0.35192759772823046,0.17637654069656766,0.1842546600962672,0.4642085840142758,0.05468454421738317,0.07674516995292868,0.005717255589117343,0.4285420342047692,0.4157827564154406,0.04421434194771334,0.0,0.4349762692136141,-0.09695865417201882,0.17048704526721137,0.3440113525259674,0.35777291030427255,0.2226414540837543,0.09848654928098172,0.13483627429336698,0.3809930207670802,0.5693404363298346,0.38235371862747236,0.6097905164003974,0.6910508068047534,0.6118539837192777,0.6270107094818872,0.7392015193660367,0.23435294013534133,0.2687021201333186,0.2158612726682262,0.2755162725134303,0.5157339412067945,0.5233320454638704,0.3974495261575639,0.19355936435580126,0.06407263392802914,0.23819921915625034,0.4931114393876723,0.4001521246579562,0.30719219631677847,0.39962633518240454,0.3190171902498461,0.29894718341780896,0.20082413087854026,0.0,0.4065591329101459,0.31965759537950283,0.0,0.39962749325195823,0.0786208347066095,0.2750899496741086,0.090582348055675,0.0,0.3003497744143233,0.24913603396569384,0.22000355502439456,0.28126513164674216,0.5193660498806937,0.035031859522146436,0.15226038250804208,0.23325060591270974,0.19132703312946014,0.33777306113426075,0.32179505476625947,0.22679684818456203
0.17416902263235323,0.34717182186884454,0.1754135921587639,0.052950793459042134,0.04742008383968044,0.09995665253817265,0.009189872855461134,0.09234475044118418,0.110455480586231,0.06933361991687156,0.16746212504735214,-0.058309135638500986,0.02218915651836245,0.22199199105632988,0.1961435733704766,0.29700527417211364,0.027059294127787514,0.16120221501086535,0.16811589332971139,-0.035500375144454505,0.11792688975601301,0.4349762692136141,0.0,0.10406148501805604,0.20912565445291698,0.12957297856413239,0.0677756198016645,0.0011213529715232151,0.11892408459201076,0.09652422393060195,0.10964127754829625,0.14594999877232556,-0.002409565474192965,0.1369969708439654,0.18955079396191468,0.3582767591945395,0.14955622811439973,-0.018270206218328394,0.3285857842043043,0.20207805973912127,0.31509161555335147,0.4143804315985803,0.2995002025469321,0.3687255457587872,0.4173149156638249,0.11210652098146195,0.10184138772404211,0.37228530790352654,0.20774336152045353,0.2309725576865384,0.21232577812117784,0.22761838673585616,0.4355681211006981,0.1481066916147966,0.4386182794797588,0.35025577765496496,0.07288830852573769,0.2569164366248961,0.28997924853090973,0.333489396864467,0.28933150334826585,0.5103320539946847,0.19571918120366247,0.5116882340545816,0.30633116569043584,0.36459263027763156,0.3418609933014155,0.47049805269223677,0.35888493039344593,0.13030761930296691,0.31452457332741646,0.18281970355309393,0.19285538565379037,0.2081247347191497,0.21376691230363531,0.30154551980101924
0.2554293411849408,0.23054459329723678,-0.12783290382595547,0.25528157223145126,0.049478247799621955,-0.008299278440022068,0.2026319906698164,0.14606138454813525,-0.01191891969219,-0.05336923462516402,-0.01781322299239102,0.07302669498110656,0.0001854177303667326,0.48986810568666217,0.08515931748071462,-0.008111549671685703,0.1113399203595607,-0.048682879322288375,-0.09142380171025244,0.36368252090903597,0.2095523342516271,-0.09695865417201882,0.10406148501805604,0.0,0.12466255538481102,0.068991237621286,-0.04125234514236356,0.12423945351988513,0.41733668087392606,0.7076233039923507,0.1596573871446436,0.22334302113949206,-0.005405345753332458,0.2022277084397456,0.30550081198138246,0.03366940902740656,0.057719731612901476,0.15557223007991902,0.7961714401634035,0.6873223493144989,0.5183900879711552,0.6324847984932117,0.45621700656543984,0.35416642361571954,0.49843095396347914,0.21732794708363212,0.268453156040263,0.0,0.0,0.5085578971870361,0.4577098076687598,0.41771054572582983,0.0,0.35694675382825947,0.2616332800080272,0.5450027037692735,0.22010518412367006,0.3500022720215945,0.0,0.35288185053497556,0.1007867867729546,0.0703566090921037,0.0688614879469644,0.5206157334536756,0.43640503820730403,0.6388919227918977,0.12669496640350797,0.6707504892763143,0.16379191220745662,0.03219659339847808,0.009264983243531921,0.3338282711667583,0.6083947016889656,0.43357106916317517,0.0,0.4323931806561929
-0.11789817078763659,0.16063634541341973,0.1831520932021125,0.8617676907342547,0.11243495019200969,0.14504494203267462,0.060835278209130594,0.3397363651467889,0.1476230667125665,0.1816761202635393,-0.04735118500814528,-0.13324200680321557,0.05519145870630299,0.39136416100487004,-0.014753471876805035,0.17954208331605215,-0.114178680316947,-0.015875549961149038,-0.08521618357802502,-0.05215073698636968,0.018825577896463164,0.17048704526721137,0.20912565445291698,0.12466255538481102,0.0,0.024566426164562144,0.13346149418115122,-0.04843075038191147,-0.049483639544653624,-0.10227348154967314,0.0038316971613577278,0.05186758328332011,-0.06093730168520811,0.017449824591267316,0.005945827863747477,0.2807999701770222,0.4647215981298356,0.15911368479859972,0.19238574247865547,0.1917529478706918,0.04557232162518288,0.18554026270254903,0.3106371277169537,0.0,0.32843139248811604,0.050804658157294735,0.192741753807624,0.0,0.0,0.0,-0.05117130002548215,0.04396045276129237,0.2976937707323084,0.4725530763458321,0.03571150277990809,0.46589107600860574,0.008564461536413381,0.053741687367306334,0.0,0.12086190247227113,0.14275247180892808,0.06791771003142211,0.07934142153196483,0.0,0.18972131052621086,-0.08730833285886697,0.05169292932676628,0.020319807672218415,-0.07756938002118152,0.05177198223779783,-0.060190847223637545,0.040081500561643446,0.07946478589416534,0.02377562171884623,0.0,-0.015621965387369208
0.06691167418574773,0.1643660747920776,0.11130685499148268,0.32194847147422523,0.10209171161570571,0.39488047924233804,0.13913000077089094,0.17495444474016286,0.2458894076353441,0.206070188954396,0.017049186494784208,0.14644019115034845,0.08116158701489845,0.12256615045382041,0.2636451400329859,0.16564253706941234,-0.08160598856915502,-0.04603413037082965,-0.15648846970493158,0.12812616657899395,0.15267854124981103,0.3440113525259674,0.12957297856413239,0.068991237621286,0.024566426164562144,0.0,0.29075006197577313,0.11071958802002158,0.05747489326811955,0.12047843798931862,0.04730921585362213,0.21698694864425236,-0.09782518303639798,0.06296974032258967,0.24923299458868237,0.30089426353281756,0.14248970455150284,0.12473462187076012,0.15471406873584054,0.05850450458449724,0.0685386313749437,0.1646604531712948,0.3664766190047274,0.5145087513451165,0.3640550076343119,-0.016206304229607782,0.22508263507525805,0.4127319614754166,0.0,0.0011848819731460321,0.1084076664128075,0.22479764425662369,0.23522622601123036,0.041397686579678294,-0.021019957888948948,0.0,-0.035967867138571974,0.1804974154410735,0.0,0.3059626986806936,0.11744188459462135,-0.053281426519634356,-0.08612229560710905,0.0,0.31675362403029905,0.2205657762287314,0.23628793874852677,0.20877839320007646,-0.07804199359291158,-0.0810195262812115,-0.06849964606935416,0.2536983611716609,0.12281287539604921,0.1031674028750893,0.4678192622387001,-0.06981263040262997
0.15581718340558665,0.1925345446306692,0.33269990258160614,0.29029905294205627,0.19330681316085563,0.249223947231827,0.09691355531690549,-0.0007913762362817267,0.3247809101241339,0.002053657001441167,0.20379877911987032,0.06046162071854971,0.1057174660128376,0.19660259752818293,0.12383273204962841,0.2507801702416166,0.09872112281483525,0.20890082466297422,0.24307810955722167,0.21616801445228803,0.08200564359578072,0.35777291030427255,0.0677756198016645,-0.04125234514236356,0.13346149418115122,0.29075006197577313,0.0,0.06440400701124618,0.2291043967722358,0.172022865217612,0.24984563731384324,0.2805432526145544,0.08796758227247303,0.28288304978767,0.4147703598325087,0.5454877694866558,0.2423588124542265,0.03700492821082457,0.3067519472396464,0.1760647359141238,0.2945149199879641,0.37170288676569146,0.31898585180375044,0.35627675166180867,0.22950356953873882,0.3444501469017857,0.0633524704183289,0.14734994046557826,0.328289736351702,0.13326243371022733,0.16668945479722236,0.13871180546637313,0.29098239567118955,-0.009022483491026467,0.510925273096056,0.2942486522415846,0.10920072138686718,0.26231425211406845,0.3222810032920426,0.27177974536316873,0.16528715753828244,0.0,0.21665569268996465,0.1899408751758797,0.3178108128795021,0.31535197958889805,0.33454424917468906,0.14688039153854726,0.0,0.12354753029515358,0.17620140258246375,0.16051195209910285,0.19205199934050543,0.18755627537339487,0.10288856496839238,0.28153538233236025
0.03720865544461904,0.1421007868270763,0.09682390251378015,-0.00467133830337324,0.10780205153558337,0.24268847003028002,0.0022284042464837395,-0.04612917401136529,0.17788877069239759,0.09412539331419639,0.020949377992761087,0.10021598184778635,0.14063916144442998,-0.005340757054816292,0.06859159476030605,0.09303312057850291,0.3077482192025163,-0.013738655455068971,0.11480166738134956,0.11584660573589839,-0.006049359277433997,0.2226414540837543,0.0011213529715232151,0.12423945351988513,-0.04843075038191147,0.11071958802002158,0.06440400701124618,0.0,0.17295165102142046,0.23376144032377888,0.19166252011833115,-0.03999938210612508,0.17288785176392255,0.13278224707234026,0.3039930085681344,-0.087073472291679,-0.048957575186111074,0.22757771760997522,0.4578199172405457,0.31860109782506973,0.6286103342783973,0.3854227691059379,0.3295376047298775,0.5470005855856213,0.4293641339905848,0.4010376751398247,0.05741927287413956,0.22396519706043155,0.0,0.36894883970981457,0.18524512041730934,0.2564945369132594,0.2167324839359461,0.22607531320746532,0.48128847837197836,0.2993966285328833,0.22982424781845973,0.2748479808655607,0.4273860584907293,0.2300524892690873,-0.06690797638032592,0.3361596722842627,-0.033205738404019636,0.49429071794390533,0.2526971072973685,0.2692741224023725,0.009978593807885905,0.18837179753567898,0.4652168036171461,-0.048681381425841885,-0.07561422616979674,0.1781069474593463,0.22918938885897064,0.06614715719315706,0.17356987257768602,0.3153229059604794
