0.0,0.03009021252257632,0.0011067584617233672,0.0,0.012344303647011112,0.05145546582105287,0.0019885313284542794,0.012667901148132099,-0.0015020047847949525,0.006600011516715076,0.006614331237902171,-0.03911694810085503,-0.031021861773377457,0.0015791752504570877,-0.0490547118016087,-0.0016951339724504133,-0.03149422732490881,-0.00018685795339029587,0.0,-0.044486755860485505,0.00022260014110536686,-0.012532022414418476,-0.002916837781929915,-0.024255668915306783,0.024264466684514874,-0.020928660226806006,-0.02137911122249314,0.02028998344460281,0.032339779229857146,-0.011894055476519005,-0.01462498377702276,0.025837935697753944,0.02035795288359099,0.006765819099839809,-0.0007602807255338018,0.012331608284010753,0.00037835869013108647,-0.0032494850355050398,0.029152853735061435,0.020357401217449944,0.040296246951222414,0.009491062614980061,-7.07763973795128e-06,0.0,-0.01279812301722194,-0.00765060161512654,0.01443577460949208,0.0,0.0,0.0,0.006883729476220901,1.1102230246251565e-16,-0.007723015276383305,0.0,0.008478458870394834,0.0,-0.029973550270101068,0.011599808845214332,0.0,0.013920381495762468,0.03005339541973895,0.03265736630971189,0.028881683918193235,0.0,-0.0034819553308137463,0.02235200541315474,0.021412611165686435,0.009336860199688268,-0.03841754617591292,0.03241748064353023,0.01831679974020295,0.006303011979023387,-0.00018676474849887992,-0.0034635683921712124,0.0,0.03436874571133003
0.03009021252257632,0.0,0.011421413744291509,1.410987025329824e-05,0.022843759914550732,0.018070109202798057,0.020755087838923825,0.04397173312553665,0.036284307029583796,0.01711909873876638,0.005356895110798066,0.015700818482300816,0.02181656816108235,-0.007515492680292057,0.005868463633594834,0.0026201871060095305,-0.02528418374867164,-0.013306338497015291,0.011896083925256207,0.014942289363344352,0.025964793885263793,0.001911058482500727,0.01538482445458883,0.019292463194360066,-0.000735250976078905,0.0034892447872296173,-0.0011903967372798863,-0.0054328474676914595,0.002983308088507941,-0.008426769231757392,0.003984321906381372,0.028685893610406077,0.024395590831098546,0.015967231364322876,0.0326938119949724,-0.0035121135082111232,-0.0010516988920041825,0.0,0.02196183844353483,0.04824910636615315,0.048648875989642626,0.04611341904332261,0.005339322050505357,0.0,2.220446049250313e-16,0.019708791856090313,0.020300160345205986,-1.2473054171069364e-05,0.0,0.0,0.029446882806927144,-0.0023099607734312078,0.0019741655866675756,0.012314840899888435,0.002358986274044572,0.0,0.007581199111834469,0.018640402585361815,0.0,0.02091068792035039,0.03442475342361623,-0.02921154931558112,0.016650128935360442,0.0,0.02212270775849723,0.01247679281068731,0.02102774586627859,0.016336888485337264,-0.008823129181573464,0.021371158904260057,0.025502621527540514,0.024617460265565105,0.016537481950978872,0.019575451400823063,-1.1102230246251565e-16,0.03670757180733958
0.0011067584617233672,0.011421413744291509,0.0,-0.0017974583893567986,-0.01174862540913768,-0.02546597821413621,-0.008225342314667927,0.0047050858986724675,-0.031188440983749954,-0.002504350971248015,-0.03883883315098546,-0.004573784233912859,-0.011904368083322181,-0.033126695274608375,0.02160866921308746,-0.00828707768981013,0.008401830065756233,0.0014375742012905923,-0.05377048180579996,-0.007767265744381857,0.015228207806700644,-0.012539991437086062,-0.0673600654120789,-0.00412684984317141,0.05165849937467892,0.01550758549542719,-0.020038092348498737,-0.014217909225693826,0.008449011391191752,0.0005660255735052133,-0.002178320318945548,0.004797873686852361,-0.014658952085196075,-0.00042614222027037574,0.0020331108353308647,-0.0014414921630594435,-0.00016776012485736347,-0.007197935995776894,0.032099963732574066,1.4495314804019443e-07,-0.028289605672469853,0.01671408349949688,0.0075544647609182,-0.0014476267330623682,0.0,0.0,-2.347140187874963e-05,-0.0518249396956148,-1.5896568034134972e-06,0.04629197243470373,0.03347774128307479,0.036369342442714836,0.0032550223097723707,0.03258509763175277,0.0006730007731299281,-0.1621377464726551,0.008692707626751006,0.026286725456566407,0.00720432249781533,-0.00012118624292184466,0.0,0.0,0.0,-0.15399941916402507,0.00841885876248899,-0.003334055600309749,-0.00023363568487927422,-0.009798468818486783,0.0,7.056479150741035e-05,0.013728728299979953,0.010007350471248122,0.029381668326877497,0.03155350939091617,0.028358233628270835,0.016810045924467554
0.0,1.410987025329824e-05,-0.0017974583893567986,0.0,-0.020295649221663936,-0.002206472537381099,-0.0023350606727283174,-0.0392933478103249,-0.0029387289131215244,0.10294798127865629,0.024041389694256732,0.09784466488006432,0.0022137387592695013,-0.015047462517006505,-0.005433606334708241,0.00037463149111799376,0.005091819106555928,-7.238802731845961e-06,-0.006775938119675418,-0.010818665271663308,0.00024738065124357833,-0.002889835968220733,-0.013516469078272308,0.006229361133280764,0.0004485055393034787,-0.012827846173517787,-0.012006793770293678,0.029885996513715374,2.150377791948488e-05,-0.003593423349628977,-0.004421697590560603,0.011571833032291423,-0.054834648267551245,-0.042205162394771206,-0.016937381118253658,0.01610695179135399,0.017232925760478635,0.025720387755314045,-0.017037234908267695,0.00021483390960569393,0.042526039283638406,0.04086248399110959,-0.04322842843780922,-0.00491476595589696,0.0,0.0,0.0,-0.0005501654458122118,0.0,0.0,0.01099804647501934,2.220446049250313e-16,1.6566963968567272e-05,-0.00018819380676754482,5.551115123125783e-17,0.003839653641766916,-0.012732157178657638,-0.0002901091494656449,0.0,0.0,0.0,0.0,0.0,0.0,0.0,0.0,1.4607079429129755e-05,-0.005566477583977769,0.0,0.0,0.0,0.002070051262881789,0.0011851025857294029,0.002445747299237022,0.0,0.0
0.012344303647011112,0.022843759914550732,-0.01174862540913768,-0.020295649221663936,0.0,-0.017683474136106325,-0.030863679767647867,-0.003005897971883831,-0.027728096030110783,-0.014034951959182085,0.008360417431572675,-0.02269514809669737,-0.05038271855748444,0.010430181287017948,0.010361268010571745,0.023987157512236013,-0.019050274736994888,-0.0006813242461060631,-0.0016283154413996859,0.007640385923449955,0.00483571840977981,0.011886862427762934,0.015054305028562587,-0.040734230748246114,0.007754184747656823,-0.0029172119880552794,-0.0013941195515392302,0.015862780077604333,0.016636119141673844,-0.010419617378034707,-0.01380224395802887,-0.015874011785876496,0.006730836738585544,-0.0213573058131748,-0.03275469510430157,0.018474072126832636,0.053633690075998164,-0.034201270364914216,0.06352433862596463,-0.005359453701092198,-0.03537156817708126,-0.016666840526708415,-0.0575093627214337,-0.08493213928698573,4.68267864194849e-05,1.1102230246251565e-16,0.0020456116159003335,0.0004618040724312378,0.0,0.045291059771984554,0.030903199648385837,0.031176518976892553,-0.0020652963581343498,0.017203893493725864,5.551115123125783e-17,0.02874654684271294,0.005518129113106118,0.02652328151957961,0.04080417847794826,0.04168652290412783,0.002794498188693706,0.0,-5.551115123125783e-17,-0.01873752716797289,0.004375819476964582,0.00015734411282231076,0.027511091354599282,0.026880285428304562,0.0,0.029261171914973627,0.020759686164601276,0.03618605595859414,0.027368834665591146,0.02862294758152395,1.1102230246251565e-16,0.015112817118485111
0.05145546582105287,0.018070109202798057,-0.02546597821413621,-0.002206472537381099,-0.017683474136106325,0.0,-0.035984715817572344,0.005500942316450097,-0.020542421363517194,-0.00023478097360557504,-0.03474940798467102,0.005684180240993986,-0.024212336535520018,-0.0018254160476642856,-0.012255746795510725,0.018429725489797766,0.00801566069465609,0.024694215026316413,0.014771826866711413,-0.0022728973461610957,0.0008097281720601535,0.009393700612239264,0.018733888586012493,0.018830675235731065,0.011658853184324247,-0.017144163963444925,0.022987072302792566,0.014354901825528343,-0.01392434613002419,0.018062421814856233,0.014993313549251708,0.009545063708172097,0.015291737541480444,0.019673879327148147,0.02203714886289987,0.00836268716099764,0.004936183609934419,0.0004213073675995993,0.039592252446424614,0.008005185587816932,0.02862189523922798,0.007649742579933672,-0.017799764260940043,-0.013385449723782916,-0.01690509006624552,0.007369379153073785,0.017977359613649546,0.025718269952510253,0.003255564601743144,0.04184073980491132,0.03543368191538887,0.032849438956010446,-0.010520708224358355,0.033487857699189605,0.046239059568219276,-0.02406105736844255,-0.011599393856062234,0.02167273933791447,-0.011566626439511896,0.017424816207533333,0.026455953385136233,0.0,-0.010501957036853082,-0.008695987233058422,0.00806090390021158,-0.020819732694864757,0.006306584587285502,0.028302379608775574,1.228201126723949e-05,0.01600300837474322,0.00877802833496405,0.03518136677910766,0.02187879803414161,0.034298431039287314,0.011747649976385777,0.028586788052949674
0.0019885313284542794,0.020755087838923825,-0.008225342314667927,-0.0023350606727283174,-0.030863679767647867,-0.035984715817572344,0.0,0.000961462536522073,-0.04158774144233718,-0.01583682414615739,-0.005914955376735476,-0.007874286292436639,-0.05022706725758569,0.009299412762700354,-0.012248945402494715,0.009818749404173321,-0.015403027178189144,-0.01062592162227588,-0.008829990336749194,-0.0043566348082557105,0.0044393572090044575,0.008825616992548135,-0.00031276105878019766,-0.055341506082740854,-0.0004947176305999945,-0.015011357117059976,-0.002234572898951348,-0.014560429187243151,-0.004631066987924981,0.01243689092709116,-0.030472873821001445,-0.022647632318937183,0.019338452909573922,-0.029466332955529306,-0.04170130911530362,-0.002015518637077496,0.01805470128509612,-0.028134069752458912,0.053136672282729,-0.008656538948882131,-0.044440980108674755,-0.0189963122722015,0.019430531059890177,-0.04492148417279712,-0.020914706334119404,0.0,0.007048646393042257,-0.0025798357401934924,0.0,0.028884576646927784,0.019963800059335957,0.01706150521663574,-0.013808626624959297,0.011993200127169423,-0.0021344535248372654,-0.01442524276132523,-0.0034659197368614447,0.013603928736092175,0.01846886195103159,0.006099283055313154,0.010733256290322124,0.0,1.004797351789044e-05,0.017533677975046236,-0.013295796034269836,0.0016510427790359383,0.009665080898910994,0.018867079369419115,2.2331538057140943e-05,0.010513661447203337,0.004695416344651371,0.019897650355011676,0.019667481794605368,0.01710711831124362,0.005837018072362921,0.007360854773870273
0.012667901148132099,0.04397173312553665,0.0047050858986724675,-0.0392933478103249,-0.003005897971883831,0.005500942316450097,0.000961462536522073,0.0,0.020328471001159365,0.008718099848850469,0.08208694890800022,0.003927395072799322,-0.01880568448064135,-0.03812920542963966,0.012890358515032008,0.009635003751020665,-0.002311730138653545,0.026184635055562455,0.02572844725850859,-0.04488956941948474,-0.02301683032103874,0.005531310974286552,-0.005710157351083767,0.019513348075464565,0.044374942967205844,0.01842110753032039,-0.02498658858845093,-0.026292415857006535,-0.03316937887401833,-0.011309377339760174,-0.009993633841372807,-0.02796377252223675,0.06423927221841824,-0.014778277447871968,-0.006849671828423998,-0.01641230335459337,-0.05224557787298478,0.018363464905242433,0.017243248535691258,0.019433618627721305,-0.0018706780746017282,0.002940764883900604,0.02913901098131788,-0.015677917483724046,0.0,-0.012651410330966506,0.013468017307496527,0.011392494815200105,0.0,0.049049525409485206,0.04358183368400348,0.03046656613133447,0.04292334148292232,0.011955969443751435,-2.9081837073063888e-05,0.03269003045021157,0.00011585813152475977,-0.004896282924034712,0.03432890425680757,-0.018774569219852655,0.01098448473491953,0.0,-0.00019299827798902047,-0.020713392321930924,0.0003142042978901416,-0.01656098167181924,0.006322258872621278,0.025176638079373814,-5.551115123125783e-17,-0.0011061027272646906,0.051732097843330715,0.0434190987118005,-0.009878150124057072,-0.0020086132631051967,0.008145956284263067,-0.005905698230330825
-0.0015020047847949525,0.036284307029583796,-0.031188440983749954,-0.0029387289131215244,-0.027728096030110783,-0.020542421363517194,-0.04158774144233718,0.020328471001159365,0.0,-0.008473819249564252,-0.01487758327811628,-0.00044726241832221403,-0.024297674820746407,0.004124506539086248,0.006952380234267086,0.048212530376571916,-0.012953979795370385,0.014687085290189417,-0.026801660614691303,0.008055870589923853,0.017018912893631555,0.02950056843426152,0.020807825472228314,-0.021154993299291658,0.040183223567268,0.03566057779348686,-0.01221008828987935,-0.019000217429003652,0.010884751658819525,0.007786532346994224,-0.010643766477948735,0.001434971634386939,-0.01880530674069658,-0.008302465813002924,0.0021175279563355187,0.009364441159570247,-0.005711560269904714,-0.005930474804486052,0.05762635700108082,-0.01981308876485821,-0.026333367134940833,-0.013054889491074861,0.021744584957570978,-0.03389084181040225,-0.02889342827821717,-5.551115123125783e-17,0.006707058905838226,0.027383934060104087,7.636785821496517e-07,0.05985245444776066,0.04674145238221494,0.0461596125082665,0.01782959062851963,0.03039138821741938,0.011128208146647667,0.024537569183585295,0.004046436854847901,0.028337606480463684,0.0385042965173823,0.0004467424409841936,0.02527492949730553,0.0,0.0,0.005479979746112806,0.01923619215397704,0.0047138500537831085,0.006154668615058145,0.038985109067231516,9.398838857532787e-06,0.01126827267067082,0.030509713425203422,0.04498202349742986,0.03199613387295486,0.04836852237260825,0.024232426391815,0.03362555900580222
0.006600011516715076,0.01711909873876638,-0.002504350971248015,0.10294798127865629,-0.014034951959182085,-0.00023478097360557504,-0.01583682414615739,0.008718099848850469,-0.008473819249564252,0.0,-0.0023707061971359744,-0.0022537238927724523,-0.014551534054905613,0.04221015320996779,0.014203899663231212,-0.020538651661109963,-0.06694312017792103,-0.048462530836477,-0.013966364861620006,-0.0195693954581031,0.006789789645437416,-0.018122398428311592,-0.013111507345833329,0.012248446015972525,-0.03502178226247554,-0.03371734953662414,-0.010424935084300091,-0.02222179075555414,-0.02530181007599508,-0.02730394832563454,-0.024964892669997962,0.012252758731364555,0.013744300809604537,0.01860755761842292,0.023682719754655135,0.009308826133629766,-0.10681364076061461,0.025126514150849544,0.13142316592453496,0.04616937904215579,0.03080637945366771,-0.017366880635903303,-0.0394207339281018,-0.015520673121498296,0.017316464146415078,0.005000069093706094,0.028225320770118467,8.343834778423709e-05,4.336272782290429e-06,0.0004128925502542846,0.011241354524955949,0.0036067639970341347,0.0029510876239641215,-0.004581453184105355,0.043606226516681945,0.002357473519430553,0.03551947851445986,0.03248250808795344,0.0,0.00035671646761548104,0.019557365470707577,0.009819881628699512,0.03512603405208864,-1.4253555868926071e-06,2.3158426512015495e-05,-0.014433890426967355,0.007307823567183291,-0.001256517231184806,-6.590558435792815e-05,0.035997075435411696,0.00846080473575389,0.010375507936300599,0.05737359948920434,0.023914959547193804,-5.551115123125783e-17,0.06595746150959075
0.006614331237902171,0.005356895110798066,-0.03883883315098546,0.024041389694256732,0.008360417431572675,-0.03474940798467102,-0.005914955376735476,0.08208694890800022,-0.01487758327811628,-0.0023707061971359744,0.0,0.006905094791261335,-0.006647056939573626,0.00011198066316209232,0.0,-0.009312815984050649,-0.005848502138862399,0.004548026905950131,-0.04993908319690463,-5.1183745239713474e-05,0.0013455727312378651,0.002953518862857385,0.0010913916879627394,-0.028482542689591606,0.0027787549705980408,-0.0011521858490092796,-0.013277318379016634,-0.005006998906641191,0.016288591378781303,-0.0013248494095823848,-0.007590545440045338,0.033981220598813144,-0.027491409377031095,-0.0040359338415675294,-0.010740050233601084,0.05570498190012074,0.00456140202069355,-0.005434347429503661,0.0703754194794372,0.016426571480241736,-0.0324280234426389,0.01051286035045712,0.06251902574994006,0.006251842750844061,-0.003278392540102759,0.0,1.1102230246251565e-16,-0.013929707305197436,1.4787704116780986e-07,0.0957231597258344,0.05633873173148929,0.0668774955581482,0.0531825866670933,0.060840111974243494,0.0070057582577851,0.004496204828808081,0.01335662599545745,0.06046479185966391,0.04879846504632446,5.551115123125783e-17,0.0,0.0,0.0,-0.03416180279445302,0.006089830081424774,0.0,-0.00010340754877424807,0.043632994270449754,5.551115123125783e-17,0.0,9.962676713126672e-05,0.04218626003739245,0.028479438377758293,-0.0029800431466223687,0.0,0.007417605784383441
-0.03911694810085503,0.015700818482300816,-0.004573784233912859,0.09784466488006432,-0.02269514809669737,0.005684180240993986,-0.007874286292436639,0.003927395072799322,-0.00044726241832221403,-0.0022537238927724523,0.006905094791261335,0.0,-0.007677225907460283,-0.011228319528098774,-0.009918264878550187,0.01858303180609111,-0.025572646747632655,-0.0028947152467773685,-0.015067907152196303,-0.004716069948211887,0.0466863131515437,-0.03471840722479347,-0.022094795980394932,-0.00411360985043463,-0.005157261514280476,0.0012891158354369492,-0.009164496932903832,-0.03198283347202624,0.00775686161440059,-0.018446334025593925,-0.010437157949840126,-0.026073120098874025,0.004793350356017634,-0.00023634488794399555,0.009844226538872292,-0.008960247629497986,-0.04036008384025952,-0.021230738285719503,-0.044203513585495374,0.03976940781572752,-0.039021548276419626,-0.0305894731251955,-0.012397227417757117,-0.0112440464098717,0.008767776049954934,0.0007598378183088506,0.01696899027561194,0.006498458614718594,-0.011163558692817932,0.010391582738010996,-0.0005376564497509562,-0.03282682614264282,-0.00012670040827761353,-0.010321316591760166,0.023390307175733427,-0.015114850142314618,0.016842430004928854,-0.0038368477260114497,-9.343195908617652e-06,-1.2294970630655211e-05,0.022776810050325225,0.003872693642371472,0.02803276523445436,0.008436301364667775,0.005646235343183481,0.014615407907988376,-9.944245620618908e-05,0.018163800297660182,-0.04033878456973311,0.023665517194654095,-0.003565529816092705,0.0024525780315729495,0.04586600150121578,0.0024618664032268756,0.0,0.01842843598849686
-0.031021861773377457,0.02181656816108235,-0.011904368083322181,0.0022137387592695013,-0.05038271855748444,-0.024212336535520018,-0.05022706725758569,-0.01880568448064135,-0.024297674820746407,-0.014551534054905613,-0.006647056939573626,-0.007677225907460283,0.0,3.1794437319099256e-05,0.0019017433644665793,-0.002333656280394003,-0.0076038236228285205,-0.010365693438341927,-0.008766627968577467,-0.025830763218923802,-0.03752050508811011,0.0024359118427007553,-0.016998061779197993,-0.03549713003551486,-0.005054379430324107,-0.019595857179870002,-0.019126787945803858,-0.007867213864596545,-0.029099782292903165,0.01290802585673223,-0.03173492815307044,-0.02092224446659391,-0.02196137323125963,-0.0146345241178793,-0.032434140001301404,-0.018745917633216647,0.0018617868909275304,-0.012918495096616578,0.048795169747372746,-0.0075167762506198055,-0.016143457835698705,-0.005399940978213502,-0.029559601858250628,-0.0536081408439717,-0.014221722468467257,-0.006236115075945625,0.006511392303654828,-0.009807916262527083,0.0,0.0005449349702472128,0.006003168522686231,0.001902471836591535,-0.03844775675958517,-0.018177783823165483,0.013978143004985899,-0.004944798422237717,-0.021746712560862524,0.0025402935741594135,-0.010802874339723378,-0.018686772918171224,0.0167796558713022,-0.007377916709199572,0.009134582321417728,0.011279582916777442,-0.015448133851390822,-0.04063496865176608,0.007534912226674184,-0.004389099063043633,0.005159888842724669,0.011991864396261598,0.010232552209163637,-0.007093781074889338,-0.0015171433084602004,-0.0017920620964591572,-0.017024871195678748,-0.01000280600918313
0.0015791752504570877,-0.007515492680292057,-0.033126695274608375,-0.015047462517006505,0.010430181287017948,-0.0018254160476642856,0.009299412762700354,-0.03812920542963966,0.004124506539086248,0.04221015320996779,0.00011198066316209232,-0.011228319528098774,3.1794437319099256e-05,0.0,-0.016469877742571304,-0.0005068344664113655,-1.9870380907949237e-05,9.967083418066514e-05,-0.011180092093877547,0.010862342062829988,-0.015667307108222617,-0.008882924198383657,-0.015001845630281951,-0.12492498690888021,0.0002438602560581038,0.0005070641739530202,-0.021980012401313698,0.01989164698124274,0.031082784462406754,-0.005950495830017666,-0.010488597885109474,0.014668334936429994,0.01368373284847857,-0.0202445537547975,0.003301642169190877,-0.00023490767123612866,-0.019299629010707336,0.000338124003316731,-0.004331745397456399,0.0,-0.008438058875616883,0.0002662217587008353,0.040210198275170694,-0.00502015332168565,0.0,0.0,0.0,-0.00928559962847475,0.0,0.045993350841001646,0.05582379508306845,0.03139706897528255,0.02919431334664574,0.0035195101561951714,0.0,0.04773396387140988,-0.00021832272681093778,-0.00965336490788371,0.014072443516968125,1.1102230246251565e-16,0.0,0.0,0.0,-0.004329433622754564,0.0,-1.1102230246251565e-16,0.0,0.01801591731799823,0.0,0.0,5.551115123125783e-17,0.06210046487675552,0.002531708949409517,1.1102230246251565e-16,0.0,5.551115123125783e-17
-0.0490547118016087,0.005868463633594834,0.02160866921308746,-0.005433606334708241,0.010361268010571745,-0.012255746795510725,-0.012248945402494715,0.012890358515032008,0.006952380234267086,0.014203899663231212,0.0,-0.009918264878550187,0.0019017433644665793,-0.016469877742571304,0.0,-0.0010919806410323307,-0.005436257810831457,-0.00757478078583651,-1.1102230246251565e-16,-0.06312634962288638,-0.015454337016899189,-0.02988048353504219,-0.03833630360916962,-0.014363434311902401,-0.0350966091226243,-0.04910333615427509,-0.03379990310111486,-0.014801505296950068,-0.033435809855024756,-0.002662334265644939,-0.02702258462902163,-0.02268878698422999,-0.015388636883542917,-0.021479333638460274,-0.005538354543760171,-0.029797618596338615,0.009462920685277487,0.00010588399265665238,-0.0033072456735370737,-0.005908804431598469,-0.003806509946753356,-0.003133370008999936,-0.006870255075888176,-0.003921355106260183,0.0,0.004815416297803632,0.0038773070947992205,-0.005129165966492155,0.0,0.0,-0.006465275446357555,0.009165929075657941,0.019099273959441054,0.0034659475523817207,-5.551115123125783e-17,0.0,-0.0036297487518798244,0.0015213030947250905,-2.424082901186786e-06,0.0012291271692562722,-7.003678786660084e-05,8.473318433666055e-05,0.01672402093152181,0.0,-0.005004887788157941,-0.03081437377703894,-0.01322334086505067,-0.005345763544746696,-3.187592010173157e-05,0.02276613722500409,-0.010108359170206804,-0.0007577526793572931,0.020397412288332917,-0.004635859789818897,0.002333305871181246,-0.015257791977034252
-0.0016951339724504133,0.0026201871060095305,-0.00828707768981013,0.00037463149111799376,0.023987157512236013,0.018429725489797766,0.009818749404173321,0.009635003751020665,0.048212530376571916,-0.020538651661109963,-0.009312815984050649,0.01858303180609111,-0.002333656280394003,-0.0005068344664113655,-0.0010919806410323307,0.0,-0.03993681864694765,-0.020598093823170738,0.01825951644209306,-0.05494200553102796,0.011706794196790493,-0.049460788887144336,-0.0007301795188267568,0.014022496085432767,0.0015475936567425075,-0.0181716711025825,-0.014399833679524687,-0.02725558776456577,-0.03226686072606905,-0.02179544706132336,-0.027627642528605945,0.0033007811994233416,-0.02446495172854335,-0.021021451801751467,-0.028456786393767086,-0.04760635643751976,0.00035454622966946125,0.007265557995325356,0.02486821926220867,0.00832886655169024,0.03228510326149764,0.03837969576027328,3.160819149583549e-06,0.0,0.0,0.011848200338209991,0.003754876441508459,0.0,0.0,0.0,0.016383184379224036,0.009664100428372291,0.011868162054099296,0.0,0.01639215986676773,0.0,0.009323320320536288,0.013781388324522581,0.0,-0.04601229767684256,0.02358385005360847,0.028217447729033562,0.01357876406506131,0.0,0.0036062771224008583,0.0177359655433888,-0.01849729998867944,0.010661018679109402,-0.0008290592836764366,0.014617053700218041,0.006255671617838854,-0.0012615230037343328,-0.010189982735268499,-0.0014821587658317426,-1.1102230246251565e-16,0.02990560165600381
-0.03149422732490881,-0.02528418374867164,0.008401830065756233,0.005091819106555928,-0.019050274736994888,0.00801566069465609,-0.015403027178189144,-0.002311730138653545,-0.012953979795370385,-0.06694312017792103,-0.005848502138862399,-0.025572646747632655,-0.0076038236228285205,-1.9870380907949237e-05,-0.005436257810831457,-0.03993681864694765,0.0,-0.045954749224616176,0.015437236491659234,-0.004063834531616017,0.003961537905599666,0.021554511168706547,-0.010071901628996127,0.025459069563441128,-0.035754632937424646,-0.006105619173444321,-0.004836785736269833,-0.012117280119655849,-0.003859997044835195,0.007788025668651832,-0.028716474881976373,0.012416558588374038,-0.00955067758551792,-0.004586915969300165,0.007640028884612071,-0.006264378815032112,8.764866149035822e-06,-0.006710727881762357,0.027529249294289126,0.040950233217701804,0.05637399902596729,0.015719595288584576,-5.551115123125783e-17,0.0,0.01946837504879717,0.02070786102531802,0.024126953203935764,0.0,0.0,0.0,0.0,0.0,0.0,0.0,0.059810093404479237,0.0,0.035340429112441674,0.05894445165919132,0.0,-3.5309076809042494e-05,0.037509193667326524,0.0571364073851548,0.06919220027053574,0.0,1.1102230246251565e-16,0.0,0.026485984963851406,0.0,0.01327146798067852,0.06364686914616074,0.0321485177680757,0.0,-0.004277325159780521,1.904889286136191e-05,0.0,0.04219102161311905
-0.00018685795339029587,-0.013306338497015291,0.0014375742012905923,-7.238802731845961e-06,-0.0006813242461060631,0.024694215026316413,-0.01062592162227588,0.026184635055562455,0.014687085290189417,-0.048462530836477,0.004548026905950131,-0.0028947152467773685,-0.010365693438341927,9.967083418066514e-05,-0.00757478078583651,-0.020598093823170738,-0.045954749224616176,0.0,-0.011347144933204378,-0.02345446802387202,0.0560999592855459,-0.016884808917183913,0.016154468793279475,0.0159407160733685,-0.016436961964207242,-0.03461140301747917,0.0003005856163861842,-0.019947583224194487,-0.03329430537844558,-0.01364129962091204,-0.010700023129103786,0.007106350284224017,-0.020628121772049812,-0.007188949669494515,0.0029785777354321974,-0.008371556241528855,1.4607832740043403e-05,-0.008905523048273245,0.03653328584176946,0.04756191316967234,0.04948532725755811,0.07108151701656412,0.0,0.0,0.01757626936741674,0.018754341507402128,-0.015763800064704014,0.0,0.0,0.0,0.03910120502880554,6.160592007914412e-05,-0.00039137251407317386,0.0,0.034853495365108844,0.0,0.03356057215280478,0.034395927215231936,0.0,0.007178611002452762,0.03813314201329493,0.04953127486827624,0.04463828416696253,0.0,0.008777502153052452,0.0030817125795497557,0.023248246143456386,0.014962887333414387,0.01878600176275419,0.04991703143917969,0.03494759973762612,0.009920357307249383,0.037943613611756855,0.01717823539961194,0.0,0.05250052960513224
0.0,0.011896083925256207,-0.05377048180579996,-0.006775938119675418,-0.0016283154413996859,0.014771826866711413,-0.008829990336749194,0.02572844725850859,-0.026801660614691303,-0.013966364861620006,-0.04993908319690463,-0.015067907152196303,-0.008766627968577467,-0.011180092093877547,-1.1102230246251565e-16,0.01825951644209306,0.015437236491659234,-0.011347144933204378,0.0,0.00034081158166249237,0.00966258876995918,0.010099216967113689,-0.0822874564287625,0.002787487425398638,-0.003300570409444259,-0.002919285301189123,-0.032854628758154314,-0.011010887110355527,0.010284058476086377,0.00019788985778801393,-0.007065212782019048,0.0028908525045056588,-0.0148065226962793,-0.010925988317270596,-0.0026119189871530724,0.0068863111083527495,-0.011476385482078022,-0.01595778230533157,0.017690002385306713,-2.4471896102495894e-05,-0.037027201649343366,0.006325569237490225,0.016669077140597566,0.016258046266733772,-0.0005240631622802083,0.0,0.0,-0.15502083596337302,-5.551115123125783e-17,0.04495354062576573,0.03842005627205236,0.03556798834250141,0.008278060786713892,0.016886015463318138,-0.00010111616045177518,0.07630222303806466,-0.0010988703082259743,0.010333428492260932,0.018580433268031882,2.220446049250313e-16,0.0,0.0,0.0,-0.09728124728814919,1.6397405909251983e-05,0.0,0.00010597600034972787,0.033704908209927886,0.0,0.0,-5.551115123125783e-17,0.028956234950309523,0.01439824213962615,0.040709086108378756,5.653101210956191e-05,0.012271608154294511
-0.044486755860485505,0.014942289363344352,-0.007767265744381857,-0.010818665271663308,0.007640385923449955,-0.0022728973461610957,-0.0043566348082557105,-0.04488956941948474,0.008055870589923853,-0.0195693954581031,-5.1183745239713474e-05,-0.004716069948211887,-0.025830763218923802,0.010862342062829988,-0.06312634962288638,-0.05494200553102796,-0.004063834531616017,-0.02345446802387202,0.00034081158166249237,0.0,-0.027158069421613418,-0.028192883464335072,-0.14005175791473543,0.04750904098191622,-0.011659873994460168,-0.045896767313756526,-0.034747031602323564,-0.044988700955272354,-0.04321764880005241,-0.007706592778610188,-0.03744918002045011,-0.018323029266676005,0.001274397156317164,-0.029638749042845747,-0.005702159951132435,-0.009311881660172605,-0.028692636241111735,-0.004117533649329819,-0.007423941154908353,3.0738541356711835e-05,0.010092551085912949,0.012509942959049336,-0.06639024055730908,-0.016655437244948335,-0.00012788135146907242,-0.009752881259035062,0.009493567659262458,0.004848853429988587,0.0,0.0,-0.0021904462521758483,0.018416213182792462,0.009742453729903455,-0.004858907397514489,0.00042309880739566097,1.1102230246251565e-16,-0.00200775626931482,0.0037041948052585205,-1.1102230246251565e-16,0.007524565419526175,0.019733724385328943,-5.028181104871354e-06,0.02391966025444614,0.0,-0.008335300935180423,-0.026081701024758874,-0.0011129133559255044,-0.009036922152890203,0.0,0.018844863393851108,0.0038564620736617483,-0.009664896375865706,-0.005961951015812594,0.0050537918094790135,0.006564857120844869,-0.0068243610694934675
0.00022260014110536686,0.025964793885263793,0.015228207806700644,0.00024738065124357833,0.00483571840977981,0.0008097281720601535,0.0044393572090044575,-0.02301683032103874,0.017018912893631555,0.006789789645437416,0.0013455727312378651,0.0466863131515437,-0.03752050508811011,-0.015667307108222617,-0.015454337016899189,0.011706794196790493,0.003961537905599666,0.0560999592855459,0.00966258876995918,-0.027158069421613418,0.0,-0.01270094076014866,-0.04484862198342332,0.02029227057677563,0.051062779328447605,-0.013253284613909122,-0.04063916840601811,-0.03895299246886741,-0.014067017287038353,0.010415166757625827,0.01446355200508409,0.009391529898115258,0.024691949520701695,0.004896269661565367,0.0104406488677532,-0.06613713946246219,-0.010421411721115825,-0.0017149775717500426,-0.007084983806558032,-0.03721981337476815,-0.0019660431994161787,-0.003731744952186644,0.015140652016226719,0.0,0.0,0.051235549130496216,0.012797717802022657,0.0028036429847930755,0.0,0.0,0.003102166679056939,-0.0009800546184316472,-0.15517754746939022,0.004157077526131481,-0.004451124914549576,0.0,-6.185552810950012e-05,-0.016010563704958125,5.551115123125783e-17,-0.015052099107329298,0.03363928103003405,0.0,0.013242656060037494,0.0,-0.035508810581012906,-0.09962248222162395,-0.027568069115332938,-0.00547963715202382,0.0023149816065526907,0.025788359825492047,-0.0008070061207757773,-0.022295545138782347,-0.011509525369435891,-0.0020304846310014724,-0.0059519366088399694,-0.02024564059829459
-0.012532022414418476,0.001911058482500727,-0.012539991437086062,-0.002889835968220733,0.011886862427762934,0.009393700612239264,0.008825616992548135,0.005531310974286552,0.02950056843426152,-0.018122398428311592,0.002953518862857385,-0.03471840722479347,0.0024359118427007553,-0.008882924198383657,-0.02988048353504219,-0.049460788887144336,0.021554511168706547,-0.016884808917183913,0.010099216967113689,-0.028192883464335072,-0.01270094076014866,0.0,-0.027399587684446836,-0.0635022731288864,-0.0023624957731812612,-0.02931370067341238,-0.022035985533374713,-0.03025187361828635,-0.04280695625513842,-0.03174034550944449,-0.025241053243578504,-0.011160257992796963,-0.024644247237891548,-0.021684912931172973,0.005893057393122292,0.013083448040448142,-0.014863127078897032,0.009284649063649841,-0.0020774301784144966,0.020178562481853846,0.017559418005454797,0.01806143236962393,-0.048694881778676424,0.007488049935204577,3.675600043029359e-05,0.015803437820809618,0.011428314150552399,0.002322515633261857,0.012085012706694542,-4.624526869179135e-05,0.01377903482396986,0.02379408391147908,0.00991764704317255,0.005736465333593843,0.003649281736298693,0.0,0.005144150308893036,0.0058482814276914485,0.0,0.009082876490640601,0.017136874410685066,0.015284073497156936,0.014373299742671763,0.0,-0.006419616927990923,0.014655473563602028,-0.001947636971044664,0.004606642480566747,-0.017163032751860652,0.02471923819666544,0.008994624313610977,0.007107975699053359,0.0032969575911085958,0.0008610719889876051,0.012330296973551202,0.010609356492388311
-0.002916837781929915,0.01538482445458883,-0.0673600654120789,-0.013516469078272308,0.015054305028562587,0.018733888586012493,-0.00031276105878019766,-0.005710157351083767,0.020807825472228314,-0.013111507345833329,0.0010913916879627394,-0.022094795980394932,-0.016998061779197993,-0.015001845630281951,-0.03833630360916962,-0.0007301795188267568,-0.010071901628996127,0.016154468793279475,-0.0822874564287625,-0.14005175791473543,-0.04484862198342332,-0.027399587684446836,0.0,0.02034788159962142,0.023678804044383772,-0.011069511018422407,-0.026938618779136725,-0.022688096446496164,-0.011055014308146871,-0.022339527386714297,-0.02067126400263153,-0.018643038038433535,-0.017492179918155104,-0.015831455886818557,-0.023097249479565207,-0.020478783498283193,-0.009576397676576753,-0.018539957177773847,0.0216292732529334,-0.009711842718628905,0.025537635891501154,0.013935086903175464,-0.038559579764193885,0.036099282162394,-0.008560680281258615,-0.00011206674475905398,0.0024109345649776515,-0.05775571463326262,0.012746094469750946,0.044158013828594966,0.028706254939186993,0.029799325026108936,-0.015665754975374868,0.03192562159536305,0.03578100120973643,0.035311932978070226,0.0276331734315145,0.014256558246220852,-0.012220359161076388,-0.008017068372801694,0.004098162400133609,1.2231606622170599e-05,0.017961328492792805,0.016820633015011466,-0.012987639329773482,-0.04374469612307941,-0.01715886764153335,0.019387273582163855,4.713817660190189e-05,0.014912009575684004,-0.008863282382990112,0.021543938753976755,0.0063812127862400425,0.012692785570256382,0.006114416584112159,0.006877868819640476
-0.024255668915306783,0.019292463194360066,-0.00412684984317141,0.006229361133280764,-0.040734230748246114,0.018830675235731065,-0.055341506082740854,0.019513348075464565,-0.021154993299291658,0.012248446015972525,-0.028482542689591606,-0.00411360985043463,-0.03549713003551486,-0.12492498690888021,-0.014363434311902401,0.014022496085432767,0.025459069563441128,0.0159407160733685,0.002787487425398638,0.04750904098191622,0.02029227057677563,-0.0635022731288864,0.02034788159962142,0.0,0.042722018852110244,-0.012929283730547192,0.010964059370669132,-0.0852434853877091,0.031470329730292346,0.009283997554335066,0.0012455484887303747,-0.04210921820333008,-0.009246224947487447,-0.024677353604693253,0.09437359911121551,-0.021483527758061727,0.020163717145641635,0.011307907296816022,-0.06091922638520736,0.03061157209500054,-0.06212977143326165,-0.013937636477916515,-0.007309780557297141,0.0029043707494621485,0.007318809921912306,-0.009441192365673368,0.022458806860312874,0.0,-5.551115123125783e-17,-4.8312605300082634e-05,-0.00428331184760139,-4.1399173209832885e-05,-1.6653345369377348e-16,8.606476732114787e-05,0.034783891839615555,6.331399985520791e-05,0.020023826261215516,0.05287022010776976,0.0,-0.00021301074525548191,0.037098964283617364,0.03815008576867168,0.03671173574247466,5.887498774392874e-06,-8.971535097546113e-06,-0.03397564793217811,0.00779192480347074,-0.00014280912239900134,-0.061108405425466916,0.04072605993837369,0.002709045220210815,-0.003313644438632579,-0.042224248480194126,0.004651753758095345,0.0,0.04390555577839633
0.024264466684514874,-0.000735250976078905,0.05165849937467892,0.0004485055393034787,0.007754184747656823,0.011658853184324247,-0.0004947176305999945,0.044374942967205844,0.040183223567268,-0.03502178226247554,0.0027787549705980408,-0.005157261514280476,-0.005054379430324107,0.0002438602560581038,-0.0350966091226243,0.0015475936567425075,-0.035754632937424646,-0.016436961964207242,-0.003300570409444259,-0.011659873994460168,0.051062779328447605,-0.0023624957731812612,0.023678804044383772,0.042722018852110244,0.0,-0.009968081121086991,-0.0018446285564348575,-0.01730677188421481,-0.043224241859732615,-0.009394148299526395,-0.0038759506187109882,0.02561924410711469,0.008655202251815763,0.006200890906211509,0.021934322949444474,-0.006402194655382998,0.00237662787668369,0.005101912662318742,0.04349929013105441,0.049694199055223987,0.044217277548894485,0.06147238311134362,0.06177167674515999,-5.551115123125783e-17,-0.014200532655701203,0.022264735979299732,0.011401357449189409,5.551115123125783e-17,0.0,2.220446049250313e-16,0.02829149967466832,0.040730656887988714,0.014359036849130369,0.0004419975961618139,0.05020760470877195,-0.00023219244388061888,0.039947075447453184,0.03231497831747726,0.0,0.011873944190716856,0.04746822392337152,0.043501722694530176,0.039559801120781946,0.0,0.01598329057105241,0.040882835922073424,-0.016555763597590256,-0.023127428531222682,0.01739842863857116,0.0456974861379979,0.03556528555131955,0.016620019285675247,0.0374462898811771,0.024570672385040904,0.0,0.04909788096973655
-0.020928660226806006,0.0034892447872296173,0.01550758549542719,-0.012827846173517787,-0.0029172119880552794,-0.017144163963444925,-0.015011357117059976,0.01842110753032039,0.03566057779348686,-0.03371734953662414,-0.0011521858490092796,0.0012891158354369492,-0.019595857179870002,0.0005070641739530202,-0.04910333615427509,-0.0181716711025825,-0.006105619173444321,-0.03461140301747917,-0.002919285301189123,-0.045896767313756526,-0.013253284613909122,-0.02931370067341238,-0.011069511018422407,-0.012929283730547192,-0.009968081121086991,0.0,-0.02976422535944001,-0.019344414540200194,-0.030663252196868496,-0.019469724449959036,-0.012220098796794254,0.005236324174415441,0.0091602031340971,-0.006972119793796416,0.0042012339311581215,-0.04508463410383451,0.001476589003185369,-0.004724971530588873,0.01191521456725747,0.03678734516892046,0.03724264248228115,0.04202046105788332,0.007732575844823397,-5.626901689259611e-06,-0.02636891336999242,-0.007889238567242718,0.021107643586754044,0.011450275016656686,0.0,-3.86958488450273e-05,0.02671080981124546,0.002224514548891221,0.011807326129900597,0.047534977782761945,0.035717403511950796,0.0,0.017353428503000423,0.023862968153868402,0.0,0.0028045357307773244,0.0362675086286221,0.03287314320146478,0.030727915872118428,0.0,0.0024597977355634293,-0.012716643740616651,0.011154378533123621,-0.013333909433971725,-0.020004182962520378,0.033513434288656996,0.0188427165003916,0.020845368690222466,0.019186597180201714,0.0032015605413468484,-0.0003389969450757202,0.03379139503203665
