0.0,0.88540919432993,0.4381978794244839,0.0,0.6325223494216455,0.8198670998193192,0.537985753991366,0.7334692512412009,0.4598289442297063,0.6311461954550988,0.564454583761708,0.2833031543112664,0.43221101238417864,0.5941066397827538,0.15984898012717216,0.756572021278684,0.23499698573369185,0.6334871908515249,0.0,0.3240582525709453,0.457416946298913,0.5268172811264908,0.5850580745723777,0.49801466263718064,0.6922846244731538,0.5127243576845191,0.45631113148482105,0.7312229469982627,0.8325721506184749,0.4928681490268028,0.4897298386569303,0.7871362021750201,0.7087252598355389,0.5345267417035309,0.4690692794816538,0.773240166007875,0.5021843699965164,0.5594036945240033,0.844449560077268,0.7982751956238079,0.858525028249493,0.6409235517847234,0.512191699796906,0.0,0.32706624818698965,0.5703178623625653,0.7609324112908407,0.0,0.0,0.0,0.6065657766293858,0.0,0.6574426008516174,0.0,0.6263449740126293,0.0,0.451240552692811,0.8724440980320954,0.0,0.7158629255713764,0.8809290811898733,0.7093163252761208,0.7900899580289256,0.0,0.5407524846223992,0.6658510834942631,0.8122924096516133,0.7102055113327702,0.44001487385250554,0.8450101044389078,0.8366771131879618,0.5658795582553151,0.45103490612705865,0.6255203887684015,0.0,0.7644925496430233
0.88540919432993,0.0,0.6684089397126273,0.3997898123759886,0.5816899720809757,0.6013545247043287,0.6162861931320185,0.9594173324287156,0.5736709458216364,0.5849902281505724,0.4675126199785682,0.5841995941476192,0.6544921185770075,0.2776674935159206,0.6858507840938648,0.7003319786917377,0.42360336621536143,0.5722955160305265,0.7102493073588236,0.6930591221632854,0.8550331309732022,0.6628260220352374,0.7580912062977602,0.6080723572628459,0.5377467737039174,0.5264748737812303,0.5878722992469257,0.5143389586981924,0.500634944332855,0.4519082386137265,0.6470381922556627,0.7434942214491587,0.596853128428697,0.6224925008487981,0.7990450200479715,0.5598348346574714,0.056410500277397885,0.0,0.7276813873837513,1.010668319989532,0.8556740185525633,1.0300126466788633,0.6074097213364108,0.0,0.0,0.8337008195960647,0.7728033811260071,0.03792864597179578,0.0,0.0,0.8753090363751079,0.6464074175453813,0.5979169219565801,0.8778895483554972,0.6227474229146199,0.0,0.5979718016358326,0.850305890915096,0.0,0.7806003572236668,0.8961622424649633,0.2725264714024411,0.765265572093112,0.0,0.8320531844967827,0.7857637345921287,0.8596847499339475,0.7711580794372084,0.43239421441460346,0.7508084757436038,0.8417769012150251,0.7963503750393104,0.8491580042587188,0.8350882220764189,0.0,1.0036590611457843
0.4381978794244839,0.6684089397126273,0.0,0.5195089316565755,0.5019666100927347,0.41015813925699335,0.5534714715610404,0.7065231300719761,0.24665263549290484,0.5751185471386637,0.4221366996622281,0.6088102944735709,0.5563036438038125,0.42960552257481244,0.7078474992123731,0.402312393883301,0.7476844482672992,0.5895319423997005,0.20111751830003152,0.38566314199535956,0.6420636960666324,0.5387467570470298,0.1725249672733973,0.518186203833718,0.8241792177937213,0.7332712945202491,0.38898357608688383,0.5687926143371262,0.6893702833530622,0.6974384350288485,0.6393027840656222,0.666614441015734,0.4082472899917313,0.6509171517234832,0.6285762912642131,0.6315788974644493,0.5471649122772726,0.5039733474334365,0.8643215626766307,0.4739103993157451,0.4439939560397542,0.6641652669697734,0.7152132258591342,0.6705342703564008,0.0,0.0,0.43077057910922856,0.4402654682764835,0.5101977234407751,0.7534768909171559,0.8169012315723485,0.8127845685072634,0.7025870291230579,0.8951334357960407,0.46222043015624725,0.2018430427990312,0.8460538771627524,0.8085804088419514,0.6352347043499602,0.4000269658572267,0.0,0.0,0.0,0.14240986463234429,0.8953080928208511,0.4294331020306451,0.28814928097003684,0.6529116564346971,0.0,0.5866163462586476,0.65194014249948,0.7849096556360978,0.7743367443559959,0.8602904811353271,0.8729045310217174,0.6247472556769246
0.0,0.3997898123759886,0.5195089316565755,0.0,0.3474081593483802,0.5362302896714105,0.4550166047146653,0.359872409237458,0.5972961234792227,0.6906395731674502,0.6476458547800903,0.8351240238608785,0.5009305443136122,0.4172548779285063,0.6173694540216659,0.2883476436044332,0.5945504748767522,0.5117234390596763,0.5360476076936513,0.5374349081915522,0.49721380203191134,0.5727944303792363,0.5163022144271677,0.4142069198890053,0.8608471379537126,0.46776155647852136,0.5051424383604171,0.5465695917702404,0.5094674287645204,0.4241088792025154,0.5201748392652432,0.5104767902290048,0.1806079109756799,0.18419087560372557,0.34637750291677705,0.41848216692509943,0.4057332799142712,0.5836216838611303,0.1740431673325856,0.398013163110119,0.8557869350581879,0.7971930747937139,-0.013567634175346455,0.2453159910389524,0.0,0.0,0.0,0.46446282892688895,0.0,0.0,0.8327256088106847,0.0,0.4886382952199383,0.3262163309487758,0.0,0.44171324647394855,0.39289791433442717,0.5018592225985814,0.0,0.0,0.0,0.0,0.0,0.0,0.0,0.0,0.512003521939091,0.6321964128265496,0.0,0.0,0.0,0.5553682629049133,0.4325910875801825,0.6656396630886452,0.0,0.0
0.6325223494216455,0.5816899720809757,0.5019666100927347,0.3474081593483802,0.0,0.3684984039156474,0.28831887786331045,0.5714889311618947,0.2723255468270127,0.5678026953819516,0.48312136702903086,0.4099983950870736,0.2759954645999311,0.4537991277856518,0.7490299634440789,0.7583441777389837,0.49422269591682044,0.5339862346562073,0.5133738121239764,0.6010773245809815,0.649837988423734,0.6435945398175293,0.6262537315264566,0.26650436680190126,0.5925201773072488,0.5304647534827336,0.5431818374463344,0.6588182467981438,0.6757380939202968,0.42889032929448717,0.49184254751413153,0.33705690753997103,0.5422340845024165,0.43399604203754233,0.3031502942740904,0.43611750077243744,0.5964937226841294,0.2859056441779366,0.8602394756939762,0.4740153635591724,0.3074617429140305,0.29243373273744866,0.34281196649841916,0.17385438804287145,0.375842091674647,0.0,0.3987938128383687,0.630160529209901,0.0,0.744764916889775,0.7994095375475279,0.8692545540544134,0.5469862667794352,0.6691887038715529,0.0,0.6641751295989431,0.44559962224960703,0.891154606762385,0.8056915724241965,0.9526990330812748,1.0183641022558854,0.0,0.0,0.5865956407995185,0.6004933585200763,0.4998358456436149,1.073275804168438,0.8089902061627785,0.0,1.1649296910251505,0.8254498596937199,0.781229891397162,0.842686174053596,0.7162599363066114,0.0,0.7372684466543951
0.8198670998193192,0.6013545247043287,0.41015813925699335,0.5362302896714105,0.3684984039156474,0.0,0.27791889359529487,0.6190703222106051,0.33686098499331374,0.5970574408944197,0.3100455782030435,0.7389138358337686,0.3897571644234551,0.5478224499512961,0.5441473533550483,0.7384999956801825,0.5761657099281677,0.748665585301826,0.672195006321139,0.5115608821202536,0.6165333729112467,0.5609095189542412,0.6777486541804348,0.5571964074922359,0.6147957253143048,0.540606694480172,0.7034270661100772,0.6741199731843046,0.3843417947121943,0.774854865782215,0.7731205186187426,0.6244981374429642,0.7851039546060163,0.7710211219228625,0.7885023199781098,0.6632756076917274,0.604455146549091,0.5350708066531119,0.879731302668795,0.45233156631781724,0.7735182570832668,0.6394250232277626,0.5666480655779864,0.5200242526160156,0.19063715477727683,0.6539168229848689,0.753667486244045,0.8068026466417981,0.7557520865828502,0.7011951782151962,0.8155669312785083,0.8768840444373978,0.6039112565058855,0.8755172730004945,0.9885784084567228,0.5143386873251388,0.3386564657962077,0.7935972025415632,0.6236177567200736,0.7515488143116309,0.9107489002883747,0.0,0.499120650577891,0.5596869901086551,0.6787024032057383,0.3522760425855872,0.7182286720863357,0.7914299412987063,0.5499114095834381,0.7043240200799502,0.681383084450708,0.8440120965138762,0.7199092579409476,0.8926587825016087,0.6007262189142,0.768081206542045
0.537985753991366,0.6162861931320185,0.5534714715610404,0.4550166047146653,0.28831887786331045,0.27791889359529487,0.0,0.5446860233574005,0.288039289283127,0.46492957717455374,0.5361450740636212,0.4039811062078933,0.2419142154424197,0.4272783419191659,0.45842015851027657,0.6967558817921731,0.5138173033307278,0.5250327715299319,0.5238188636108028,0.5266193890613889,0.5561424472469552,0.617964513846177,0.5917369239968813,0.15007301339884066,0.5701132011089403,0.5329675389776305,0.5255428579510215,0.4149445247466286,0.5423051097076754,0.6873165442556264,0.3135648164910287,0.3930796876168737,0.6186837107842156,0.2351691687353787,0.15361674008166798,0.5832793831574552,0.5555062919079934,0.43472618355492276,0.9189216407103189,0.33404039954465653,0.35656682515911076,0.4899448695646879,0.6906457148408849,0.522112394135338,0.2988751016609478,0.0,0.6500576555855162,0.5126181571951958,0.0,0.7748955104953279,0.7351193924383022,0.7823572127014059,0.47988638710519005,0.8101029160881288,0.6170461405369169,0.46747799586553274,0.4973797870021912,0.6766616933867629,0.6460736925594227,0.48088589621194705,0.6958253868855653,0.0,0.5108450300941261,0.8002591520637674,0.6010292641407335,0.5873645477838176,0.7562547188884445,0.7291750690814769,0.5096011796715123,0.7705505879440846,0.6575046613837003,0.7107120443009914,0.7051195393487055,0.661658373943195,0.8548820439882019,0.6151005736761856
0.7334692512412009,0.9594173324287156,0.7065231300719761,0.359872409237458,0.5714889311618947,0.6190703222106051,0.5446860233574005,0.0,0.7529202425133519,0.6665005914306941,0.9253072452822804,0.6789122599678021,0.4700824717539178,0.43432823863051667,0.6100391089791077,0.7990950600053003,0.44938657002236304,0.8265896414401108,0.6917636576937444,0.19886770574090532,0.4329934293471148,0.5996580758334753,0.582719206750583,0.6718055758484489,0.9218328197685193,0.7622701782449417,0.4595931900854294,0.38866170141447975,0.30840205099398466,0.46555979718866386,0.5231364655823746,0.3701907764381944,0.8844021852351005,0.46570767351796627,0.43748707126856556,0.4246574021440714,0.26848427414300463,0.6936247205491826,0.735621050680741,0.7017326584759802,0.4149789253893593,0.6047265588073543,0.6784331181126777,0.3566655184378962,0.0,0.5740983887896819,0.5925764593932404,0.7467370284722585,0.0,0.804834525022514,0.8664518587653147,0.8332837679725816,0.7138823496024712,0.7240479671919591,0.7000904620453472,0.7070340658037952,0.9657674757965211,0.5836159741365214,0.7527054103758261,0.5792630896983066,0.7179586311322625,0.0,0.6001928310215761,0.6526253852948176,0.7272011771183492,0.5559416493252508,0.583483306823847,0.7964815055149959,0.0,0.5723095806118783,0.8722516318056868,0.9272200031184452,0.5301539880089786,0.6621648602231774,0.554725626276227,0.4517603136433848
0.4598289442297063,0.5736709458216364,0.24665263549290484,0.5972961234792227,0.2723255468270127,0.33686098499331374,0.288039289283127,0.7529202425133519,0.0,0.5853341784585733,0.3400494843024683,0.5810738918477173,0.4367512297620088,0.5752595466711263,0.7802713167991057,0.8436148454098206,0.4761880751709029,0.680990373102152,0.2530724808445248,0.5755971436585487,0.576033980858278,0.7637115854817669,0.686026362538249,0.47172647780509713,0.7586363407820058,0.8533490268845063,0.4347804573296738,0.5178866365531656,0.5371842667562533,0.661575759844683,0.5740214923484981,0.6649826597817063,0.4819833171918646,0.5888823975342655,0.6040210840119926,0.6879944213878136,0.5681788509970305,0.6029447086458288,0.8805483190017315,0.28720196322678804,0.3418812754999039,0.32961799911116674,0.6877165208725822,0.36180274661695866,0.15281328378988224,0.0,0.567917014036472,0.798728916280969,0.49091904353560145,1.0167418748788102,0.9567594144282602,0.9795529803302012,0.7477641912966846,0.7836018655129036,0.4816928622107661,0.7458189882092001,0.5326174190919453,0.7910555351602988,0.7712847531224415,0.569882303103705,0.9326993287866405,0.0,0.0,0.6828856621330199,0.9008319924385346,0.7847431771716609,0.7190304268683234,0.8798807182539121,0.4528589989437871,0.7108838843805053,0.5247472465871763,0.8763344220179682,0.751142525714051,0.94967352114965,0.8954049368193753,0.9119610150090952
0.6311461954550988,0.5849902281505724,0.5751185471386637,0.6906395731674502,0.5678026953819516,0.5970574408944197,0.46492957717455374,0.6665005914306941,0.5853341784585733,0.0,0.6146723857656289,0.5277990093678504,0.5110485925890247,0.7750574653999476,0.6425836757888624,0.34691512331668867,0.16169892212029913,0.19219568942524323,0.5396970842167033,0.35424540677158606,0.7885209205089981,0.3751915980896363,0.4653724546273341,0.6092450739711005,0.5130536860880244,0.43542797282369383,0.44402459834098046,0.5247791410064725,0.3418178064288068,0.28000823991177337,0.5109226124114165,0.5921900373316191,0.7436352090656815,0.6991718319726229,0.6987589134511705,0.5677375982228579,-0.05240411703333986,0.6267761225609907,1.0451850965245342,0.7387892578650816,0.8385112858987225,0.36849553619666087,0.31799383496325523,0.28854318277205854,0.6004342915376635,0.720956305462457,0.7541986965009511,0.39591721934804136,0.4894424182603002,0.49757565841889556,0.6046652304727702,0.4917920284643905,0.7379515539488456,0.38853169975326707,0.7833945171694621,0.4844889740646949,0.7831811132769761,0.8318497749278375,0.0,0.667000944969065,0.7273760313059617,0.6198307719742919,0.7503675945848383,0.4867513988494183,0.5097379835357965,0.5326394623311527,0.6252482097636592,0.6502657137975385,0.48281418853760294,0.7674693596613136,0.6346958680877257,0.709764344753703,0.839284255514488,0.8150876793291271,0.0,0.9966474444450648
0.564454583761708,0.4675126199785682,0.4221366996622281,0.6476458547800903,0.48312136702903086,0.3100455782030435,0.5361450740636212,0.9253072452822804,0.3400494843024683,0.6146723857656289,0.0,0.6060589622916956,0.521995918694448,0.5307696693915391,0.0,0.12049297061676845,0.5430529880953847,0.6481042215715331,0.19506062956835102,0.4840598550598668,0.5624680725729863,0.4632722826508969,0.5566187067874819,0.39071131024910855,0.6364146821537973,0.6377577438119151,0.49779046604080446,0.5399491172994941,0.5302138527502336,0.4789473944683835,0.536049002811268,0.7264920536328252,0.4003796151158659,0.5967921079085624,0.48776753061175654,0.9547076567949868,0.6661167302600549,0.5549232154176742,0.9566500626710361,0.7313978299663922,0.3741614587547882,0.5849398588533247,0.876344999959923,0.7055895789085999,0.2327711419466381,0.0,0.0,0.6389615315929045,0.4743855473704014,0.9356315260151167,0.9372406595153762,0.8737005207206592,0.8274890842468533,0.9138109259688215,0.5836210939869415,0.532017328405361,0.5710828999524717,0.9723535165347356,0.8130759957687091,0.0,0.0,0.0,0.0,0.3857533771103603,0.54966626611753,0.0,0.5815029756159199,0.8387346988736719,0.0,0.0,0.9516689032830972,0.9338287704624101,0.7028452023306186,0.3507529283734892,0.0,0.7247822584014243
0.2833031543112664,0.5841995941476192,0.6088102944735709,0.8351240238608785,0.4099983950870736,0.7389138358337686,0.4039811062078933,0.6789122599678021,0.5810738918477173,0.5277990093678504,0.6060589622916956,0.0,0.5136735854104607,0.5545969801725046,0.36856977861889006,0.8395281451029335,0.5228129963781138,0.7233883828749569,0.5477765206296189,0.43758955068777805,0.9853759118458063,0.23417660310672916,0.39409836942241183,0.4418765302265759,0.6247346568711243,0.4963694484406085,0.4953816548353298,0.3907764857588043,0.6445574826553562,0.32774203283344094,0.5054763028700087,0.18209673648932206,0.5677536446805257,0.4396169784657935,0.6103726027526567,0.3715972994324293,0.21239987265470991,0.1979298917702172,0.34969743668057107,0.6556076290006625,0.32445228153391475,0.1804985013445508,0.40387917117137695,0.3692321265963472,0.5460724721800654,0.5696039754599322,0.717441530283518,0.5718381073798602,0.24763488025177088,0.4229055754547323,0.3738174098399564,0.28850024328035806,0.3691273642390098,0.37499788932335987,0.7439878289512976,0.127554801503981,0.7910379302224863,0.5854991422799243,0.5630984347270857,0.5681745196620034,0.6906587399767616,0.5869228687883107,0.8248877358579408,0.47883774235089577,0.9199825465993963,0.8769901014278821,0.538398427181175,0.576062576230578,0.3157706659486755,0.7526147304577597,0.5912273144743643,0.4218763413532951,0.9290664113673608,0.5469819203062507,0.0,0.78782093904909
0.43221101238417864,0.6544921185770075,0.5563036438038125,0.5009305443136122,0.2759954645999311,0.3897571644234551,0.2419142154424197,0.4700824717539178,0.4367512297620088,0.5110485925890247,0.521995918694448,0.5136735854104607,0.0,0.4881553384752646,0.6295756654867934,0.6379898640878552,0.5182314445008707,0.5877202489987507,0.546497880175931,0.4227378555282873,0.3162675283703341,0.6103174636221183,0.5064127175613468,0.21954878642153414,0.6217821065745428,0.510343601952414,0.4442107416012091,0.4999304699899624,0.4038107314967987,0.6040187444346748,0.2589922955319549,0.3834491040259972,0.34656975598102724,0.39771590518976574,0.23817511726994373,0.463652413486923,0.4965929543780741,0.43273583223865286,0.7713721080400111,0.4676831222937935,0.43853318583332596,0.5219726831780828,0.4124922557001656,0.22383709017829884,0.39243395471298614,0.5462604375928692,0.7295605471105735,0.6643482547243362,0.0,0.7418647149549418,0.68574740384753,0.6852059122923275,0.33132453921002836,0.6295486500694847,0.6847698993383844,0.5646481395945224,0.4198240997787011,0.7129668165639599,0.30553969186219154,0.4667283420957371,0.7403418596005398,0.4157837873164304,0.6648628470069553,0.8117243914262195,0.525341476868129,0.394683027659874,0.7349460064349876,0.6397495388652628,0.5832110658634679,0.7388781389805323,0.6671279457110428,0.6301316297306442,0.6441982541729072,0.6297773075968496,0.4163680859679353,0.5565742314876729
0.5941066397827538,0.2776674935159206,0.42960552257481244,0.4172548779285063,0.4537991277856518,0.5478224499512961,0.4272783419191659,0.43432823863051667,0.5752595466711263,0.7750574653999476,0.5307696693915391,0.5545969801725046,0.4881553384752646,0.0,0.30398331937021267,0.5684735992494278,0.4905218444361846,0.5012201822040302,0.5397928545588506,0.6772104501113052,0.46313688938334574,0.14453418316757466,0.5296056979981709,0.07805322169812617,0.4891810248838421,0.5344303164598712,0.4718638135363388,0.5788112778736267,0.6117993888357159,0.5224929629062751,0.5105631464669388,0.3714763750275041,0.36787584939207957,0.5755932381986114,0.4407978037352268,0.3504662777238208,0.21676862439851852,0.3771971128608826,0.616677105036417,0.0,0.5566649920250335,0.6940119681593662,0.8295558557179277,-0.1730921496211691,0.0,0.0,0.0,0.47810488619800073,0.0,0.8358365397891898,0.8932651486020173,0.8101616312940662,0.7335402622634062,0.5408619065966768,0.0,0.8693267278253716,0.3858882426679309,0.5456698853418206,0.6241472641958976,0.0,0.0,0.0,0.0,0.542548135413826,0.0,0.0,0.0,0.6923915357416199,0.0,0.0,0.0,0.9011085749451224,0.7961208151655779,0.0,0.0,0.0
0.15984898012717216,0.6858507840938648,0.7078474992123731,0.6173694540216659,0.7490299634440789,0.5441473533550483,0.45842015851027657,0.6100391089791077,0.7802713167991057,0.6425836757888624,0.0,0.36856977861889006,0.6295756654867934,0.30398331937021267,0.0,0.665211001702917,0.4342466902862182,0.5341453170686408,0.0,0.2903114679571356,0.45616110664855086,0.3852181623776634,0.2976596520013248,0.4227330089529719,0.30666302535781664,0.2798743312089896,0.3243766927433607,0.40572594601215317,0.24584576905069527,0.522838245493879,0.3829104939573172,0.31622121580721907,0.5080074881997277,0.38900467440474307,0.5532484213474878,0.5127525203770584,0.6348823992589927,0.38261883953175413,0.480348474752265,0.5843544899462136,0.5475673681686184,0.4888186398773732,0.4321374011269784,0.4312135250388535,0.0,0.7127737334513886,0.7153383731287708,0.4978604464734958,0.0,0.0,0.5130721284109521,0.8611330684688658,0.6973653369120738,0.6371081255285181,0.0,0.0,0.5929948464467691,0.651558186222198,0.4884688540572102,0.6751019051714983,0.6748268418729757,0.5907805656613307,0.9192197038393584,0.0,0.7432787758952822,0.3949391043965411,0.6937138341942298,0.7773962306505013,0.5063958321099531,0.7867991134281263,0.5545667058679975,0.6841037179961912,0.6962798164591503,0.5846119050545522,0.548424058632163,0.421414358262282
0.756572021278684,0.7003319786917377,0.402312393883301,0.2883476436044332,0.7583441777389837,0.7384999956801825,0.6967558817921731,0.7990950600053003,0.8436148454098206,0.34691512331668867,0.12049297061676845,0.8395281451029335,0.6379898640878552,0.5684735992494278,0.665211001702917,0.0,0.23784851890234998,0.5892370434308427,1.160369165279836,0.16474814931899964,0.8124774313452577,0.2172816302169121,0.7054523217374262,0.7740571937193907,0.7184791171723384,0.5626594757153152,0.5499125060483825,0.40873287162156086,0.34567073044800384,0.4566705738990364,0.398548281226766,0.6147808369992755,0.286740621549351,0.3125668486335203,0.3959750409578876,0.21060910756867107,0.48510340915461725,0.6273244547571242,0.8560174847959174,0.6295195757010851,0.8712894333240255,0.8975150972499261,0.5111492068851315,0.0,0.0,0.7173300661409984,0.7273790700112948,0.0,0.0,0.0,0.7367765443149199,0.7902912609142013,1.0038890591730558,0.0,0.6996656795448876,0.0,0.5945087847981109,0.8051295072759739,0.0,0.31616007440904487,0.8660128603920585,0.7588554492865033,0.7785485253525012,0.0,0.6460277254314707,0.8237819985301049,0.5040597669534688,0.7767110271369931,0.4946216322561014,0.829247928397963,0.7964455653931426,0.6520238925861461,0.535637513959414,0.672974854150334,0.0,0.8366275784120585
0.23499698573369185,0.42360336621536143,0.7476844482672992,0.5945504748767522,0.49422269591682044,0.5761657099281677,0.5138173033307278,0.44938657002236304,0.4761880751709029,0.16169892212029913,0.5430529880953847,0.5228129963781138,0.5182314445008707,0.4905218444361846,0.4342466902862182,0.23784851890234998,0.0,0.4019414364568925,0.8088229729899274,0.4307354484595905,0.6349317489823365,0.8359680116163699,0.43624805681410617,0.8634333018602394,0.3991799618358818,0.532838322914351,0.5043618236791909,0.7151353567917347,0.4006284104917628,0.6789483301680505,0.3662594597814739,0.7204988761138045,0.5738691602274769,0.5359658696972868,0.6172012662081995,0.5919931906818454,0.39183294766739385,0.39476004752594235,0.7651068845199268,0.7574657987077844,0.8800885616344303,0.7976026918027559,0.0,0.0,0.6075585942585462,0.9293168905196192,0.7561336253518742,0.0,0.0,0.0,0.0,0.0,0.0,0.0,0.9669936346999699,0.0,0.7478068585299396,1.0635329042312276,0.0,0.5712619343624814,0.6893637895745393,0.9383484884361684,0.9350379698730948,0.0,0.0,0.0,0.8793273256746357,0.0,0.742676223852085,1.0321398838178237,0.8486519597217348,0.0,0.40492439016148907,0.4858532297884099,0.0,0.9366131442797716
0.6334871908515249,0.5722955160305265,0.5895319423997005,0.5117234390596763,0.5339862346562073,0.748665585301826,0.5250327715299319,0.8265896414401108,0.680990373102152,0.19219568942524323,0.6481042215715331,0.7233883828749569,0.5877202489987507,0.5012201822040302,0.5341453170686408,0.5892370434308427,0.4019414364568925,0.0,0.49684716632067694,0.3662092617580037,1.0354536195949233,0.4471390389740246,0.8044140285335066,0.7240870813241894,0.5527651519903729,0.3599166869357733,0.6833552436835489,0.4285325861923233,0.2890296347300024,0.5177882349828353,0.47583756028496993,0.6413337521601117,0.48233646599003366,0.564323746393391,0.5491465804177944,0.5064771932689308,0.42560459452624155,0.3190027975669315,0.9893782716093396,0.8331891101224909,0.8661050816435472,1.1366862158901432,0.0,0.0,0.7041486219581994,0.789147620507064,0.5777575701309182,0.0,0.0,0.0,1.0124383733160078,0.524895530197547,0.5947633604158509,0.0,0.8474193572869805,0.0,0.8580378424488759,1.0489410773399106,0.0,0.7186558704429782,0.917528187709274,0.9168144361492263,0.8796675547682237,0.0,0.5860142235470491,0.7485356171529315,0.830883121626932,0.9247543040794877,0.7483444988577339,0.9529793432870636,0.9171059208137242,0.6235778146166518,1.13647610055689,0.7535020316830751,0.0,1.0624424698188313
0.0,0.7102493073588236,0.20111751830003152,0.5360476076936513,0.5133738121239764,0.672195006321139,0.5238188636108028,0.6917636576937444,0.2530724808445248,0.5396970842167033,0.19506062956835102,0.5477765206296189,0.546497880175931,0.5397928545588506,0.0,1.160369165279836,0.8088229729899274,0.49684716632067694,0.0,0.49718584487559747,0.7092811223360962,0.7401473070844654,0.15588808022587147,0.6234831130029361,0.5913923374493213,0.6015529617937267,0.3712624462390246,0.5742064958756171,0.6142512941991366,0.678338358762617,0.5830264592492247,0.6580241184248403,0.4343965000933945,0.5673203714309859,0.5340237751014821,0.703843262216225,0.48814781198331775,0.4338560801218798,0.7889245839448328,0.4464485157793844,0.23886900526912583,0.35354734709019064,0.7769646787644134,0.6594031628775824,0.012436372830352298,0.0,0.0,0.32185450824269096,0.0,0.6477884526184802,0.7909247954109686,0.8618035907490718,0.648183015834125,0.7830443931857967,0.6037147704305292,0.7941080693946299,0.578357905734286,0.6240957493469972,0.5992485152137745,0.0,0.0,0.0,0.0,0.4627799222498571,0.4753475534376319,0.0,0.4838999064705539,0.8037882209939496,0.0,0.0,0.0,0.8002464299678856,0.7564328791667867,0.7843179373947745,0.49110784781171024,0.7223101810970562
0.3240582525709453,0.6930591221632854,0.38566314199535956,0.5374349081915522,0.6010773245809815,0.5115608821202536,0.5266193890613889,0.19886770574090532,0.5755971436585487,0.35424540677158606,0.4840598550598668,0.43758955068777805,0.4227378555282873,0.6772104501113052,0.2903114679571356,0.16474814931899964,0.4307354484595905,0.3662092617580037,0.49718584487559747,0.0,0.41268025776088735,0.32985422660714103,-0.04999227005358736,0.8973759628889655,0.5327045071642551,0.24819817143751385,0.3557766877602559,0.2648530775222067,0.25676628914781363,0.6121966494375056,0.21083761787551492,0.36274179593931344,0.5010250998673209,0.32862007331055165,0.5764069755510712,0.7014857199589892,0.3057426592827087,0.6828721883370243,0.49505155599373996,0.5536340566068431,0.6744461088604468,0.6152807832545049,0.19537018941901518,0.1420488677698078,0.3426543079074751,0.5472855954065146,0.7086244610218349,0.7008818178863163,0.0,0.0,0.5401651679394109,0.81497863185677,0.7294112534840482,0.49410151714437445,0.8495269055275698,0.0,0.5417597307588811,0.7113549879718638,0.0,0.7153978644976435,0.6991020638488089,0.5112740347519475,0.8513214746901483,0.0,0.5498985296735099,0.3730497448315295,0.6157803742946639,0.573195357732646,0.0,0.7671882330473019,0.5887901032648233,0.5430830037333059,0.5053996354227666,0.644243799019358,0.6006391272902792,0.5327004581986895
0.457416946298913,0.8550331309732022,0.6420636960666324,0.49721380203191134,0.649837988423734,0.6165333729112467,0.5561424472469552,0.4329934293471148,0.576033980858278,0.7885209205089981,0.5624680725729863,0.9853759118458063,0.3162675283703341,0.46313688938334574,0.45616110664855086,0.8124774313452577,0.6349317489823365,1.0354536195949233,0.7092811223360962,0.41268025776088735,0.0,0.5058600947464704,0.2875890955807156,0.7055461179845985,0.8578626405933796,0.5901086113079673,0.3409539177958955,0.27233570860536976,0.4063299816372065,0.6638240259423973,0.7255832131313166,0.5049281441046473,0.6756570318124301,0.5193475632662065,0.6801756127323977,0.29404466702185933,0.37520560506244083,0.6004364154818443,0.5052831447885286,0.3158238292890255,0.46717696000645903,0.46720758546693564,0.685905720059187,0.0,0.0,0.7774332864619076,0.760529606492908,0.6841431018551186,0.0,0.0,0.6318773395665719,0.5052599657391651,0.1792983823827023,0.6912610833917392,0.7066398714049706,0.0,0.8064549101437447,0.5624109791468321,0.0,0.5052984692392624,0.9007801314051163,0.0,0.7892965539166883,0.0,0.3873734579997518,0.23249273342853916,0.4434713377356748,0.5756356874470925,0.6137249762391188,0.6732287593493895,0.7379607462377782,0.4655916641508158,0.5351676543255258,0.6413065928737051,0.48045972467110787,0.30950315433145326
0.5268172811264908,0.6628260220352374,0.5387467570470298,0.5727944303792363,0.6435945398175293,0.5609095189542412,0.617964513846177,0.5996580758334753,0.7637115854817669,0.3751915980896363,0.4632722826508969,0.23417660310672916,0.6103174636221183,0.14453418316757466,0.3852181623776634,0.2172816302169121,0.8359680116163699,0.4471390389740246,0.7401473070844654,0.32985422660714103,0.5058600947464704,0.0,0.5582084214478291,0.08780180944522459,0.6872494307727763,0.4344333237450388,0.3803941000144279,0.4733193089967488,0.23663390319080038,0.4742664306412048,0.3718230587972399,0.4888151901145442,0.3311521709859174,0.43100324948565,0.6786885914180001,0.6922578166923747,0.6233225252503274,0.5675624255649837,0.5488652888776226,0.7537624675326962,0.6689797324446547,0.6874398124674057,0.15827814482412023,0.5278649995088646,0.3949560381965797,0.7842053729136843,0.7686745914702275,0.6492163218073335,1.016752288473291,0.4001982572075766,0.7981561256824913,0.9465296248224772,0.7299543713509001,0.752771433426612,0.5063037815019181,0.0,0.6676667240702752,0.7415860397245482,0.0,0.7468835473419564,0.750306771689752,0.7542605475026523,0.678965622046364,0.0,0.5493928331493256,0.734981146331616,0.6450474021965042,0.704307745019412,0.5418318793948943,0.7371064510030291,0.7013311856497282,0.7093363554376296,0.6415633762923867,0.6201666899971252,0.642729630346902,0.6981585937801371
0.5850580745723777,0.7580912062977602,0.1725249672733973,0.5163022144271677,0.6262537315264566,0.6777486541804348,0.5917369239968813,0.582719206750583,0.686026362538249,0.4653724546273341,0.5566187067874819,0.39409836942241183,0.5064127175613468,0.5296056979981709,0.2976596520013248,0.7054523217374262,0.43624805681410617,0.8044140285335066,0.15588808022587147,-0.04999227005358736,0.2875890955807156,0.5582084214478291,0.0,0.69197749553139,0.7657153860606458,0.529594439207985,0.34047318585274855,0.39940149828464877,0.4890720107486376,0.409531001248473,0.445147983033085,0.44512460362954387,0.4401510619406069,0.47759526128912194,0.4529073475173034,0.5343362165649026,0.5551304392847245,0.31482074105073576,0.7661816097151942,0.5989467578061155,0.7817685607433127,0.7112581170987311,0.4957724180627954,0.9158257534865996,0.42460114512281655,0.5588532447422954,0.7571673433283479,0.5546896004161468,0.6697494638777561,0.9527547122752291,0.798919995768454,0.8471498973379186,0.5901478215186613,0.8558874779829235,0.8298346880348422,0.8263071673197178,0.6961087078383736,0.7046962159525982,0.6205381269476775,0.6415896879032742,0.7561292316458893,0.5097379835357961,0.8177693136058795,0.7581052860043531,0.5784432351482099,0.41959369528295487,0.5645840160635303,0.8501226281056411,0.35201064608755295,0.8222059854326781,0.616278694404339,0.7351503060030757,0.6323168549945645,0.7626516712602187,0.6855311404309541,0.6555942760764657
0.49801466263718064,0.6080723572628459,0.518186203833718,0.4142069198890053,0.26650436680190126,0.5571964074922359,0.15007301339884066,0.6718055758484489,0.47172647780509713,0.6092450739711005,0.39071131024910855,0.4418765302265759,0.21954878642153414,0.07805322169812617,0.4227330089529719,0.7740571937193907,0.8634333018602394,0.7240870813241894,0.6234831130029361,0.8973759628889655,0.7055461179845985,0.08780180944522459,0.69197749553139,0.0,0.8093848290972614,0.40360499746990325,0.5617930459629726,0.07554145212391788,0.8592019229438228,0.9592061177787076,0.6859298507436096,0.2433591556932322,0.36648674076179966,0.19520854854782996,0.932446329574066,0.3424148941512798,0.46496314383089,0.41529194598695873,0.45635189093277817,0.8412966788150875,0.2230614256547725,0.5546478967784043,0.5022521347627538,0.553097465842769,0.5184978341466844,0.5010154903045247,0.769275630307322,0.0,0.0,0.5137050231104117,0.4778148161900014,0.42398928807751995,0.0,0.3435043827296339,0.7279346143623269,0.5393130616512252,0.6930110848519397,0.8316917533253445,0.0,0.3581728242289911,0.8277333134111238,0.7591586256837419,0.8222324417989657,0.5140669999594232,0.44458593084584763,0.2767494749899667,0.5377109760947885,0.6835259714783202,0.22668984754676078,0.8822688923025175,0.6787254944949627,0.3674938229224634,0.449787530647496,0.8826216127910255,0.0,0.7799500502802519
0.6922846244731538,0.5377467737039174,0.8241792177937213,0.8608471379537126,0.5925201773072488,0.6147957253143048,0.5701132011089403,0.9218328197685193,0.7586363407820058,0.5130536860880244,0.6364146821537973,0.6247346568711243,0.6217821065745428,0.4891810248838421,0.30666302535781664,0.7184791171723384,0.3991799618358818,0.5527651519903729,0.5913923374493213,0.5327045071642551,0.8578626405933796,0.6872494307727763,0.7657153860606458,0.8093848290972614,0.0,0.3460911311435042,0.6288261355708054,0.45506085264212803,0.1863065199948149,0.4415245229377316,0.5679177341436628,0.5566802239186643,0.6204585644513227,0.5247177324723487,0.7280445627023744,0.47640205540683545,0.6326646988600582,0.5041631441271699,1.0267074547241757,0.9056349262739124,0.919767907677459,1.1062300298336438,0.8128598778215268,0.0,0.3472743437060666,0.839149102134337,0.7582742752212996,0.0,0.0,0.0,0.8994662363735821,1.0519204352934657,0.8214110962718456,0.47193965032135277,0.9027138085564053,0.47490244120800007,0.8926797429878538,0.7660430205857404,0.0,0.6946056319726934,0.9639483570220212,0.8444349596201115,0.8951253344016963,0.0,0.7989285580218555,0.8613865935060853,0.5061657834520331,0.38323994344505513,0.7194178675555762,0.956281737258224,0.909852423043799,0.6471447031651751,1.0166438993857358,0.6957593692877113,0.0,1.0639611258648776
0.5127243576845191,0.5264748737812303,0.7332712945202491,0.46776155647852136,0.5304647534827336,0.540606694480172,0.5329675389776305,0.7622701782449417,0.8533490268845063,0.43542797282369383,0.6377577438119151,0.4963694484406085,0.510343601952414,0.5344303164598712,0.2798743312089896,0.5626594757153152,0.532838322914351,0.3599166869357733,0.6015529617937267,0.24819817143751385,0.5901086113079673,0.4344333237450388,0.529594439207985,0.40360499746990325,0.3460911311435042,0.0,0.47587927491224774,0.5327098618683332,0.38483595657952874,0.28939854166119583,0.45852841246614756,0.6619073285794829,0.6512794648439089,0.4767583455803767,0.6230380792854926,0.22335000509215508,0.5145008301830127,0.42289828556588194,0.7371301100288065,0.8875281936184305,0.9588663854913011,0.7840104161998522,0.33652171457001256,0.520496550531337,0.31184444096055486,0.5964732437621039,0.8809732193175643,0.8842517845595559,0.0,0.005237769519763221,0.912883840199983,0.6464938188658288,0.6114055138369822,1.0742509282446608,0.8143005003349448,0.0,0.7905720553462801,0.927401399585123,0.0,0.6954820652682528,0.9434502141585593,0.7685114291960216,0.8202643406356367,0.0,0.6663545454687201,0.6923228583308261,0.84587841294984,0.5432824335988353,0.4839213212394314,0.8910342337971191,0.7864079413214498,0.8483988756817664,0.7776866721488553,0.753023512436914,0.4743938129594476,0.8968417666726871
0.45631113148482105,0.5878722992469257,0.38898357608688383,0.5051424383604171,0.5431818374463344,0.7034270661100772,0.5255428579510215,0.4595931900854294,0.4347804573296738,0.44402459834098046,0.49779046604080446,0.4953816548353298,0.4442107416012091,0.4718638135363388,0.3243766927433607,0.5499125060483825,0.5043618236791909,0.6833552436835489,0.3712624462390246,0.3557766877602559,0.3409539177958955,0.3803941000144279,0.34047318585274855,0.5617930459629726,0.6288261355708054,0.47587927491224774,0.0,0.4194403815145672,0.5243313722257701,0.3346282868922447,0.3210407721635918,0.4240254180015716,0.34091179115912496,0.4429103270415237,0.42004175375060404,0.43354404460922513,0.5516687534185594,0.5016351308354738,0.7129304446214021,0.44640950537285634,0.7415017213548806,0.6772231341902888,0.4704772400411976,0.5988954583529844,0.3419588771486375,0.3475716537971626,0.6479530119717336,0.7892561577053168,0.5455889518889946,0.9698224702636928,0.8568362313079798,0.8605467180791213,0.49968480531337556,0.8257939388955318,0.8267123871064579,0.7141750604817856,0.5411284793190317,0.7155090886204305,0.7029204063806538,0.6195853837460092,0.789356746747886,0.0,0.6350590942428054,0.7971642931373002,0.5696993233076263,0.44836661327598626,0.5528134861141419,0.6995495300650675,0.0,0.7543800407068737,0.6093807870332337,0.7971559141804357,0.6384285370381628,0.6876039814371883,0.5394824888692463,0.5625750565441695
0.7312229469982627,0.5143389586981924,0.5687926143371262,0.5465695917702404,0.6588182467981438,0.6741199731843046,0.4149445247466286,0.38866170141447975,0.5178866365531656,0.5247791410064725,0.5399491172994941,0.3907764857588043,0.4999304699899624,0.5788112778736267,0.40572594601215317,0.40873287162156086,0.7151353567917347,0.4285325861923233,0.5742064958756171,0.2648530775222067,0.27233570860536976,0.4733193089967488,0.39940149828464877,0.07554145212391788,0.45506085264212803,0.5327098618683332,0.4194403815145672,0.0,0.4533358525879291,0.3950886277829268,0.47372511802038286,0.3519771631904922,0.33791109682403864,0.029298212223664022,0.46343048989411517,0.5828402017305703,0.40170820674888974,0.06798260693355562,0.28488041261698493,0.26079592900908927,0.3738030489766319,0.43464145864253667,-0.03950745589696841,0.2277273529076373,-0.17422298027435973,0.6888908943287615,0.7152322387061302,0.6912899351431112,0.0,0.8310545805855221,0.7318326601176022,0.5159189169697664,0.3451518487045611,0.6585350710564292,0.7035269122639435,0.6999281169585003,0.5041509454764103,0.6769724542625137,0.43822304180450483,0.49648351030314514,0.5216453387337672,0.3395176053128214,0.6003806002902181,0.8259257825194625,0.5400087084702323,0.3454104305443596,0.6800801257971899,0.6295629717312661,0.3079731761162584,0.6355095787643665,0.48852589023234694,0.6044362654515624,0.6113814242583346,0.6122942912990066,0.5141334098821566,0.5187320972386493
0.8325721506184749,0.500634944332855,0.6893702833530622,0.5094674287645204,0.6757380939202968,0.3843417947121943,0.5423051097076754,0.30840205099398466,0.5371842667562533,0.3418178064288068,0.5302138527502336,0.6445574826553562,0.4038107314967987,0.6117993888357159,0.24584576905069527,0.34567073044800384,0.4006284104917628,0.2890296347300024,0.6142512941991366,0.25676628914781363,0.4063299816372065,0.23663390319080038,0.4890720107486376,0.8592019229438228,0.1863065199948149,0.38483595657952874,0.5243313722257701,0.4533358525879291,0.0,0.3822244770896945,0.31415486016571825,0.2270121229437844,0.0979051008193329,0.3821906153033552,0.4114666391761355,0.6089650075102215,0.42611352874808395,0.33164729262022585,0.7576754487192608,0.5734526808916118,0.771096280950508,0.699286653118855,0.45829224763458887,0.8699717778931839,0.4243731486828459,0.40831025621375283,0.6044189846727046,0.5626757691210501,0.5086428582622288,0.5938020016167891,0.7876210104355773,0.7856160927991949,0.4384507407731115,0.608488685763054,0.8522622781088816,0.4785208627736207,0.8170932449437271,0.7036363083817769,0.5707235583257355,0.6397326177867861,0.7330695299391565,0.48778795824053167,0.7567124622009613,0.6334292368241297,0.6146826760619447,0.44295982495498504,0.6017053469603094,0.757047728354381,0.4822532426759293,0.7216225935339848,0.5842129301072321,0.7263053099523326,0.6647952790705725,0.7708651813383754,0.6372982517960579,0.6112488576161732
0.4928681490268028,0.4519082386137265,0.6974384350288485,0.4241088792025154,0.42889032929448717,0.774854865782215,0.6873165442556264,0.46555979718866386,0.661575759844683,0.28000823991177337,0.4789473944683835,0.32774203283344094,0.6040187444346748,0.5224929629062751,0.522838245493879,0.4566705738990364,0.6789483301680505,0.5177882349828353,0.678338358762617,0.6121966494375056,0.6638240259423973,0.4742664306412048,0.409531001248473,0.9592061177787076,0.4415245229377316,0.28939854166119583,0.3346282868922447,0.3950886277829268,0.3822244770896945,0.0,0.49158378800540836,0.5088582934075696,0.4821031305624297,0.5167926307873181,0.38564875599348847,0.7372319201363937,0.27617006917546794,0.4825660253011202,0.5812240976550309,0.47144434412811775,0.44846123624390566,0.5476560622490201,0.7718925478981735,0.2687669662744705,0.0,0.0,0.0,0.23964414460588718,0.0,0.0,0.5981631263034335,0.7527590519033844,0.37431792787936835,0.8380395443176285,0.48676016339268735,0.0,0.003561936304245311,0.5706202265488947,0.0,0.42018998646525707,0.0,0.0,0.9631328420089831,1.0045233623664096,0.465490524694848,0.5654184541713574,0.6710800684125262,0.6560741556187388,0.0,0.42521935111221915,0.4939220093623389,0.6736509510780864,0.6501883997991309,0.6343441102934254,0.690751416478683,0.6308815950515825
