0.0,0.5335580375959186,0.26507075119209234,0.0,0.6159973831144334,0.4339661855372836,0.46620292043828815,0.5813171826027168,0.4683090624957349,0.4560293544714302,0.4231448251544504,0.384278184710453,0.5820322073605013,0.5465723492035479,0.3197019385372541,0.7177628297751337,0.19426477171182543,0.4821654286767949,0.0,0.3501464103286466,0.3395187932316047,0.4686906303723011,0.46970282332766156,0.46436523807258534,0.3248138639363679,0.5255703977945015,0.44499545883660985,0.4431516854323422,0.6067329912680042,0.6576543979066218,0.5288742933188288,0.6171561348915928,0.661142422798582,0.530744901354995,0.5488135254913454,0.6830101991001358,0.4779488670364569,0.429118722004613,0.47269328044795317,0.6354136714315675,0.44476603503670376,0.3940214783428614,0.46386013362862766,0.0,0.2627459144719772,0.014896926410829986,0.5920539331021687,0.0,0.0,0.0,0.46077204121888843,0.0,0.4043651937268954,0.0,0.4751841968502199,0.0,0.4599983169768796,0.7227771306919204,0.0,0.47274178061327815,0.5989257234013177,0.32549284660421707,0.6184255632854105,0.0,0.4267879829958059,0.2040157783169696,0.5629804675620219,0.6253219715506638,0.36883071741650497,0.721659498914017,0.5989297159173346,0.4648585283981486,0.42679921032406654,0.5445456423090339,0.0,0.6888089552817026
0.5335580375959186,0.0,0.5394666489411182,0.0844268026624273,0.4520762970267381,0.47382721891467927,0.48237074244224565,0.5894930979751898,0.3771026642400048,0.11538155835893768,0.4413761554907845,0.19360695402040237,0.5003313334276871,0.37251146609164926,0.39332223858389104,0.3226795058130096,0.321478440274038,0.4318749524109209,0.656243647141034,0.3411107102415514,0.4820607799658613,0.3948301638705256,0.584346787882259,0.5393540519389415,0.2873010625239418,0.2897949273473284,0.4300593955888058,0.5966454249657378,0.3904177010196284,0.43729114665123947,0.46852602567536916,0.43975784118413586,0.3801961447338583,0.530333610488321,0.5467278214796114,0.32502954263302586,-0.033048218251560596,0.0,0.5986393147242475,0.7617386473032253,0.6166541190005681,0.6628056448593004,0.5221870284707679,0.0,0.0,0.45017477198675093,0.614473386025709,0.020849493534856343,0.0,0.0,0.5794920109610338,0.539634209441957,0.5711632835673748,0.7393427993433932,0.6550086773957838,0.0,0.4578356635387769,0.6971941852496355,0.0,0.4240424732764563,0.6585277273563157,0.540751649045915,0.6336936167832005,0.0,0.6234711605818996,0.5904634464133964,0.6295200458217554,0.5907105534681802,0.36098691228424995,0.6542072883765819,0.6293530074423925,0.5832350375186302,0.8704872421251975,0.6923094587980346,0.0,0.7490845238015671
0.26507075119209234,0.5394666489411182,0.0,0.5119809038397511,0.5054387476434921,0.4549803799349941,0.5525056396825168,0.5691209764884276,0.05667362585072416,0.547599525085529,0.42345610427156316,0.3986354729891476,0.5926870172582152,0.5600597118851538,0.4438453375127529,0.3887794546933947,0.6729652812691758,0.35867386920087335,0.19678599524490714,0.32066493720867106,0.4033588021524668,0.4765797481068396,0.44265606759787973,0.5069438048603454,0.4293318315201323,0.4655586621055243,0.3271271711415331,0.6239290339938599,0.5211647805221225,0.41404693077689586,0.6323223966460416,0.5765418119745225,0.438879697331362,0.6519934131283799,0.583255932665224,0.521583701031088,0.5361793781857085,0.5641741591863213,0.6760729213323103,0.4620806640587062,0.5698343861184223,0.6149598664500278,0.7622891967104027,0.8048740910270872,0.0,0.0,0.7417217663275008,0.3980205279766135,0.4642491692017924,0.593214727883432,0.5830937593561862,0.6421694420188819,0.5286798840670174,0.42522867930085806,0.4235162738461182,0.5743716911314036,0.7022141578151619,0.6450502759250538,0.6034106895832847,0.7202277423823897,0.0,0.0,0.0,0.2681574432085818,0.993469947316152,0.41093967528937614,0.5585982831793718,0.6171103410526193,0.0,0.9574329478660497,0.5126030177130056,0.6628159941301441,0.5555742407518895,0.596175023571356,0.6176991631513369,0.42626474513509394
0.0,0.0844268026624273,0.5119809038397511,0.0,0.6213499999538394,0.6509223164735306,0.8598189437486156,0.4912790219907087,0.6431991696496948,0.11712608528921638,0.5649232072632528,0.47904594882566354,0.40284845190072405,0.586753754638203,0.6431145543408399,0.0005385681723559521,0.527841535349457,0.46309666147111744,0.5587450454037355,0.3657201769441977,0.4518208350994175,0.635581874468359,0.4917181130483467,0.15033930701722256,1.0091983658687258,0.5416039630236045,0.5443163490942405,0.4007786728211309,0.44916990483493324,0.5755279095838993,0.5951784631154642,0.4981641072563369,0.3153372607409389,0.13193684864314253,0.20599743894952505,0.33721571845907566,0.20828753585734144,0.1803469821434907,0.35733130790842516,0.37649668417531423,0.6947103727278314,0.47292648103561624,-0.02586568614048218,0.01645255179763211,0.0,0.0,0.0,0.407284351538613,0.0,0.0,0.7397760468869763,0.0,0.4612350460170541,0.30816159347275807,0.0,0.38366200760250335,0.40587679090478224,0.44836185656953875,0.0,0.0,0.0,0.0,0.0,0.0,0.0,0.0,0.46351027882858575,0.7129665628774934,0.0,0.0,0.0,0.571765743208364,0.4360555466645768,0.8230041426663204,0.0,0.0
0.6159973831144334,0.4520762970267381,0.5054387476434921,0.6213499999538394,0.0,0.35377820692203416,0.3862643284265047,0.42669406718918496,0.22622636948788472,0.6852152286327968,0.2996590890298064,0.7925395875215164,0.5916700206535761,0.5048745578734215,0.6704506160138328,0.4711019836783093,0.6650384123172346,0.3504815511631679,0.5204083170042484,0.4548114767611764,0.7221752539348465,0.5114111796817318,0.47915019573242484,0.6159647289374007,0.3575544126910454,0.5577673472491879,0.4098682042890158,0.7399465275718367,0.548186879027408,0.43485369202686414,0.6582623336040367,0.49117354576254196,0.5312865431413807,0.7784732816506208,0.5481032524276078,0.4572440694378247,0.49452112613631116,0.5569927589200088,0.6082000707584233,0.47054640981303486,0.4279590284585584,0.5483873127777092,0.6635368951655986,0.36663017684462385,0.3563129111875934,0.0,0.31375081173547725,0.6117285508939827,0.0,0.6256459451483674,0.7036230435507216,0.7383347892203818,0.3567033333474955,0.6242908675975223,0.0,0.6194214651158749,0.3714797910828931,0.829836424815553,0.563522779766392,0.3690333773316731,0.44729947081750787,0.0,0.0,0.540253064234737,0.6130495224434265,0.47652484425192854,0.682065957306039,0.6494794984555016,0.0,0.4621716870236903,0.6151603717073577,0.6270036954792039,0.7372137994348126,0.7246173066195281,0.0,0.623975592905091
0.4339661855372836,0.47382721891467927,0.4549803799349941,0.6509223164735306,0.35377820692203416,0.0,0.5432477881553827,0.6312435998320387,0.43522716579259263,0.3232583808666529,0.3873692104133426,0.19855874498781956,0.5802811535271257,0.611578497081017,0.6222101835671408,0.5532128056171758,0.38594012226652163,0.5822010393988761,0.7761869406499928,0.47262818362310755,0.6353015028190894,0.4308047575919791,0.4138976142051254,0.6278811123420975,0.40818162246563383,0.4802396735980858,0.4360404636803263,0.6752764172052237,0.4728714381111395,0.5474333189539745,0.6620526726013207,0.5252897003797059,0.6201021449626384,0.6465276743673145,0.5145396395476233,0.7167928735455498,0.661711521804484,0.4958287512930135,0.7310882056590049,0.3442915892280024,0.6158660140949184,0.4983447401783652,0.79736693816579,0.8154761481246235,0.34532024399522854,0.6068618649190407,0.5088326504527696,0.6997311563749224,0.7148640002792834,0.5781115796444973,0.6851360125720027,0.7661619286249571,0.5516430888037447,0.7257985945404942,0.8309417737996232,0.7134803314642093,0.407961427749472,0.7366948666102724,0.6442979904017242,0.6356006208175944,0.70478618019369,0.0,0.6664891329276628,0.5450423265612869,0.6258814687448753,0.3936909477619319,0.6612761096868831,0.630936529188689,0.49914496612942805,0.5883679741555055,0.5049938266918051,0.6559332100855974,0.634207406179355,0.7300403799537324,0.5068050247173925,0.7435360584381174
0.46620292043828815,0.48237074244224565,0.5525056396825168,0.8598189437486156,0.3862643284265047,0.5432477881553827,0.0,0.6441283903483245,0.4825796462931896,0.45300935844663537,0.5903974518830332,0.7158885153467522,0.5457781002447712,0.4558169773921263,0.49565238377029164,0.4728441951409401,0.5446461588240815,0.5058727880066349,0.5753241631185981,0.4109692498618985,0.4966151541832267,0.505328634262208,0.577607250925988,0.5457376348735159,0.43356680911454115,0.48357278627510336,0.5147886483120965,0.8669319400258162,0.5103148187192998,0.5301900411109258,0.6852016839164282,0.6133777352990774,0.5804309434545215,0.6636359612095675,0.3359261601835753,0.8050183517378586,0.67271702388884,0.5632447522612921,0.8094848250312126,0.3192966233821344,0.8469645663720897,0.4776366701502318,0.8051001367209394,0.9622461999685488,0.221325611102947,0.0,0.529476127105845,0.5558202521288367,0.0,0.7233330912236708,0.6978907263119971,0.7559276603255767,0.5042929061622414,0.7858916587334057,0.559117087670551,0.7475791872346397,0.4885391137453262,0.6466002509747193,0.5327571283078019,0.5701756406200257,0.5644479955427512,0.0,0.4901141964531307,0.6771173682572577,0.8054524289338147,0.5206636293805558,0.7200738789575969,0.6679160091493013,0.4620086117885156,0.700254438642211,0.6118318864338663,0.6506530728049755,0.6840122466488509,0.6298530456619315,0.8054693846704228,0.6733685273080185
0.5813171826027168,0.5894930979751898,0.5691209764884276,0.4912790219907087,0.42669406718918496,0.6312435998320387,0.6441283903483245,0.0,0.5671024240242648,0.580999410956388,0.8098272687403288,0.6037588570751692,0.6538685074192022,0.7403137694081229,0.53550424311146,0.7113424603298946,0.27014463250797505,0.5709159880615735,0.5920209186617579,0.3557061895997168,0.6063793865969865,0.4319306474761359,0.47395912102532967,0.4381420032764733,0.5829525664615351,0.5050456904180729,0.5579285754291878,0.43285285356361286,0.4216536018358327,0.2350073733486771,0.48980751546190765,0.3385399033672996,0.5968200757267398,0.5345252054178807,0.5089109425726721,0.2731764266967893,0.2718699997330247,0.45547063098118235,0.538079984159988,0.6853947602673195,0.32840130333464507,0.4837010428257793,0.7508940634920853,0.48234445613513455,0.0,0.513064802672804,0.4809634772866947,0.6261993869965831,0.0,0.5985038137785413,0.5440639869230323,0.6743694673096591,0.19910852059964812,0.5798637642649627,0.8185399652397716,0.498472008738055,0.9169747911864881,0.6447814141413404,0.5460738373123197,0.6987263028857186,0.6174884659054998,0.0,0.977264492459346,0.6521634311229754,0.6283178993460874,0.2810872272279259,0.49309690701194775,0.5209503812307155,0.0,0.5026761750937337,0.5111348576438658,0.4981728041687734,0.5630681538904784,0.6187095677292583,0.4470326186172713,0.4066338011378168
0.4683090624957349,0.3771026642400048,0.05667362585072416,0.6431991696496948,0.22622636948788472,0.43522716579259263,0.4825796462931896,0.5671024240242648,0.0,0.6398093074140422,0.1765031806259993,0.6991582614551111,0.6714434317614615,0.5820393146421424,0.8080196925224699,0.3894142580430303,0.5861824290297136,0.8808695341728239,0.17351075650042272,0.4505730389884687,0.5191772986962606,0.4322190054205216,0.5044432482222108,0.6402480646549766,0.4545521965920405,0.734250819276794,0.47763194493545313,0.6999962534327709,0.5505544004633796,0.4916884041616998,0.6896898510423612,0.7207516761217898,0.6242654862876384,0.7363444445719706,0.7042348827805825,0.5702909362827986,0.7063542772778412,0.709631594302774,0.6743219625727477,0.5054820953262131,0.510823620052516,0.37369089010747303,0.7456233948729736,0.6649224998370585,0.38681712033603,0.0,0.3483791902143102,0.6873643397139149,0.4614528383105369,0.8429503290992382,0.7484295742856701,0.8078058781013895,0.5994944742388373,0.644813004062081,0.7606761934945225,0.7197490761272642,0.4928813019678245,0.6940215626494676,0.6663295020227955,0.6299672545880142,0.5471353573219673,0.0,0.0,0.6097273064021013,0.6872855384227754,0.7411840425791494,0.8000454760314866,0.6766175118590023,0.41193826357483987,0.5824283068684122,0.19178532513293156,0.6827200414337062,0.6585752554869548,0.75276921930812,0.7328308375400663,0.8027760655564913
0.4560293544714302,0.11538155835893768,0.547599525085529,0.11712608528921638,0.6852152286327968,0.3232583808666529,0.45300935844663537,0.580999410956388,0.6398093074140422,0.0,0.7182601450592316,0.5642728310601204,0.4764757503812415,0.6618666659521393,0.5592945363143634,0.48127903713538045,0.5491735569413324,0.4074335263782437,0.6931095576116235,0.6119039848700737,0.5544194117811748,0.25070481427339575,0.4676489596225832,0.4571259535829251,0.5455386434766385,0.45859341964573974,0.4032505791670957,0.5776008832908993,0.6444692715726459,0.08826718042726017,0.6858726565316569,0.11704879364832585,0.3607133590875229,0.5658160500268146,0.5659139603688275,0.24074303022897398,0.5103692298850783,0.4595850370284522,0.20712075859031565,0.48744340930774743,0.3456891807738891,0.18305904767681067,0.20178938621676604,0.24607923867266285,0.5048507384648546,0.5756532614878141,0.49705747775120784,0.7316778966973949,0.06743741769624237,0.45176742357051947,0.661610465758984,0.48115371741793933,0.6687842691708432,0.8023345227317437,0.5692797520365966,0.4047771328264239,0.6068252274536863,0.7931004124108657,0.0,0.611442712947846,0.4543947920707732,0.5143247348895409,0.495596219059131,0.46110959338609514,0.8700788075602557,0.5300469663757458,0.7853792563741641,0.7571853103475763,0.3236894152136343,0.4801271640367473,0.47149628295194557,0.7655392018140971,0.4242455493315692,0.7551269508195388,0.0,0.8109659244582063
0.4231448251544504,0.4413761554907845,0.42345610427156316,0.5649232072632528,0.2996590890298064,0.3873692104133426,0.5903974518830332,0.8098272687403288,0.1765031806259993,0.7182601450592316,0.0,0.7246871293906925,0.6373224009688574,0.6201691416532077,0.0,0.4831241651334077,0.5059887662992715,0.7398805550149723,0.1869305599396188,0.4472624632589935,0.4341827278449968,0.41556727690366957,0.6537268291663294,0.6340892364338208,0.6636478511070845,0.612183223820201,0.45143838090785493,0.6870486651394087,0.5114922282208876,0.4203241088069409,0.6857288418284643,0.7352294809256599,0.739648944133716,0.7832967793097624,0.6339657120859434,0.6942595827093451,0.8104969880933186,0.7489854592807548,0.6665812685007091,0.5439979033039875,0.8907962631058921,0.5802139458050306,0.7790725814607649,0.8624028380972188,0.24252217369392493,0.0,0.0,0.5611524196276865,0.4606817588033707,0.35727925966094937,0.7468909159086772,0.5812267000055384,0.6600259584846143,0.7349787033466686,0.5164285291052286,0.32229692685598244,0.5090801992082421,0.648468328104296,0.3752006732733558,0.0,0.0,0.0,0.0,0.30415150532411883,0.49621177883467005,0.0,0.5236243129851763,0.6741933841076339,0.0,0.0,0.8891110411332974,0.7621914274174961,0.5957639451391196,0.6927952496297249,0.0,0.8198018602629465
0.384278184710453,0.19360695402040237,0.3986354729891476,0.47904594882566354,0.7925395875215164,0.19855874498781956,0.7158885153467522,0.6037588570751692,0.6991582614551111,0.5642728310601204,0.7246871293906925,0.0,0.6390972841934104,0.8580484359719902,0.045871666427471564,0.6481314351147117,0.5461518635591116,0.6171927041885114,0.7765286566128314,0.5044122399464188,0.4677660178656681,-0.0165719226051792,0.4281570622009649,0.34252449491493764,0.35140790762312546,0.4621345926860688,0.12025131944579609,0.7830984265961329,0.7508357007278386,0.3958393836081425,0.6994058537935848,0.011125075710524679,0.3355690240461841,0.280438051675449,0.23318300593817698,0.3876811116022241,0.3310575641706494,0.07886896346681341,0.426350783232927,0.5489320772734556,0.33583850696252293,-0.04945357894908445,0.42990679307736585,0.32177546214222924,0.44993395997900376,0.0762857697154786,0.5185997118433864,0.5307641860206257,0.39649465228121994,0.40053333817013514,0.2459225998185895,0.45074874587601654,0.3473851758406694,0.3218716561586218,0.5423820059524265,0.29022273387011965,0.6462231560443776,0.8045638984534791,0.5340394285137184,0.5185068636870949,0.5210397399910943,0.5097454455055099,0.5836170257265302,0.47529421416616824,0.8312199496662339,0.7788398330031736,0.44075631119238096,0.38050957533626184,0.3270453445757073,0.4913918204592433,0.4501871308171085,0.3898637802667476,0.8685820899405858,0.6322897843104057,0.0,0.7828913921963772
0.5820322073605013,0.5003313334276871,0.5926870172582152,0.40284845190072405,0.5916700206535761,0.5802811535271257,0.5457781002447712,0.6538685074192022,0.6714434317614615,0.4764757503812415,0.6373224009688574,0.6390972841934104,0.0,0.5989394432292774,0.6262931076555012,0.532678029104537,0.5398040139254738,0.5899139338283652,0.6454607881486258,0.5333279932645415,0.662821999770454,0.5047776748160598,0.6262339235645306,0.48603582681448104,0.4965149280786798,0.5153545001621107,0.6003465797902869,0.6295258248959874,0.6035604018946475,0.5043025173068841,0.544623473923412,0.6173914252739534,0.4798990707398444,0.55767013605712,0.46039398350494154,0.4244217236717806,0.3340006757771342,0.7952824501788829,0.747138665734634,0.7821810530819304,0.923972112482141,0.545290516851908,0.8726367748976771,0.8523538613456298,0.3911165103700301,0.528554104716386,0.6806964937389799,0.8235188126900379,0.0,0.8709428560445261,0.789590051543015,0.8114018507128008,0.5621650390023551,0.8493492935437246,0.9134629254318725,0.7017705214089522,0.45956182307006155,0.866179553941663,0.46289139337138274,0.6176114873652069,0.6600697044761887,0.542040139899178,0.45159332958461473,0.7237227131052273,0.6308421754686944,0.6343249475679815,0.6327890749711804,0.7401224765514166,0.5080946418539294,0.622615234180906,0.4959798883799931,0.7491440994570278,0.7366900752187766,0.7034075953907022,0.5460328229642704,0.7134652494268927
0.5465723492035479,0.37251146609164926,0.5600597118851538,0.586753754638203,0.5048745578734215,0.611578497081017,0.4558169773921263,0.7403137694081229,0.5820393146421424,0.6618666659521393,0.6201691416532077,0.8580484359719902,0.5989394432292774,0.0,0.37188336004054734,0.8440090647167585,0.4630943394685832,0.47700291762834524,0.6957456997959625,0.7087998418577839,0.552782394271724,0.15257966279540225,0.5156889502723699,0.7164661080911067,0.6088448051593458,0.41812057993589746,0.6970909514219359,0.7030761045264848,0.4547406758168048,0.6739074899119151,0.6716694296657086,0.5758170239197399,0.3422345256499417,0.8748470779172568,0.4811549932727007,0.5014614124040232,0.37849361624732314,0.36530845916759136,0.76023633821106,0.0,0.6379976922182109,0.6608140462718455,0.7486160310927975,0.4641852866948355,0.0,0.0,0.0,0.48417231308471753,0.0,0.49206425472400517,0.5682282410340558,0.661071037319206,0.5499418526726927,0.4692550071729322,0.0,0.6033673176725871,0.365126983811391,0.5573018331310066,0.38685034269188534,0.0,0.0,0.0,0.0,0.5743156939917672,0.0,0.0,0.0,0.6256712680993513,0.0,0.0,0.0,0.5621749351264624,0.805728214526813,0.0,0.0,0.0
0.3197019385372541,0.39332223858389104,0.4438453375127529,0.6431145543408399,0.6704506160138328,0.6222101835671408,0.49565238377029164,0.53550424311146,0.8080196925224699,0.5592945363143634,0.0,0.045871666427471564,0.6262931076555012,0.37188336004054734,0.0,0.5697746273545727,0.45056728852913247,0.4826207401300404,0.0,0.35541912880556087,0.42579308789006876,0.27574493096982367,0.5376761833881213,0.034455006855832915,0.4827915952214935,0.20770321195966607,0.30148160443247896,0.46781423120367194,0.5397854390285903,0.4651221891942846,0.539985187027524,0.3491951681196027,0.6049783166634415,0.5208270510143513,0.5871448016774493,0.5614300524439432,0.4363781672766668,0.37169832254742474,0.45385788326570464,0.5243823141801158,0.5849932458937608,0.5295978486789409,0.3103018535865738,0.43154645549865733,0.0,0.6229132059955964,0.6601234704686252,0.5292472203780543,0.0,0.0,0.4505763086063977,0.7454866943999552,0.6265043757945994,0.5622315655048156,0.0,0.0,0.4855082581132472,0.47684202650179164,0.46238051515363143,0.6879030915399202,0.6583448049407203,0.5144232269296388,0.8049940721134914,0.0,0.7181266764274916,0.5192270384219719,0.7421515809501393,0.7108401205500996,0.4574430663109508,0.7105953019841685,0.5349387417731041,0.597542670569658,0.463923681083487,0.5578524370135154,0.5598320568920276,0.478848203701474
0.7177628297751337,0.3226795058130096,0.3887794546933947,0.0005385681723559521,0.4711019836783093,0.5532128056171758,0.4728441951409401,0.7113424603298946,0.3894142580430303,0.48127903713538045,0.4831241651334077,0.6481314351147117,0.532678029104537,0.8440090647167585,0.5697746273545727,0.0,0.41403073978539406,0.32941312737576667,0.4460889114172546,0.4488423008752975,0.6229751391169254,0.4223065475797596,0.6604720679860359,0.7150744103365592,0.41737999875897636,0.552142585906342,0.5411564799211491,0.5467015904252919,0.44506082856802687,0.5649463649990512,0.5538569694312667,0.47346859926976625,0.33551622547001125,0.4809972999224378,0.6750784779337531,0.9986169737559015,0.5300721130739418,0.6194682831446414,0.7378053874288597,0.7413469597067677,0.7487736437408471,0.7225109806790695,0.4628024336852772,0.0,0.0,0.4191099480726853,0.7190332759807532,0.0,0.0,0.0,0.6502484663404724,0.7196900630377605,0.8826478951840403,0.0,0.49823991109353705,0.0,0.352559497369189,0.6093008035934002,0.0,0.5853066586943341,0.7312054673010799,0.6770369309671714,0.7377265254954088,0.0,0.756433826956671,0.4403208082333261,0.6144366243400166,0.6368573209764308,0.440571897854257,0.8282292454227069,0.7477891771892943,0.6564896150811699,0.7336109732849603,0.8465466411789402,0.0,0.6696352183079826
0.19426477171182543,0.321478440274038,0.6729652812691758,0.527841535349457,0.6650384123172346,0.38594012226652163,0.5446461588240815,0.27014463250797505,0.5861824290297136,0.5491735569413324,0.5059887662992715,0.5461518635591116,0.5398040139254738,0.4630943394685832,0.45056728852913247,0.41403073978539406,0.0,0.6251762420824443,0.7090293535251422,0.4295327115030341,0.11745253984375076,0.6310258677198944,0.22055430303253656,0.4237770995786938,0.42708100972761043,0.32072104528199136,0.2810076373710511,0.7784087404079665,0.4583734959894905,0.44832395294031036,0.5454052609054082,0.4526872648046733,0.4705854419677318,0.4665444053521941,0.5819331271808599,0.49104901442946214,0.35125238860078556,0.4499051017539918,0.6982370471087513,0.2938004854897911,0.5952268814666549,0.7866711236760457,0.0,0.0,0.6721017859629117,0.7220164596025718,0.8177242182335768,0.0,0.0,0.0,0.0,0.0,0.0,0.0,0.5952577268070518,0.0,0.5847488970699111,0.47246230638697373,0.0,0.9793556673824129,0.5728824186182514,0.6601123690150872,0.5746807599653123,0.0,0.0,0.0,0.889109056909019,0.0,0.5735208365222759,0.6461801247613852,0.6131807671046313,0.0,0.6575882783721763,0.46126167409318675,0.0,0.7041062838298955
0.4821654286767949,0.4318749524109209,0.35867386920087335,0.46309666147111744,0.3504815511631679,0.5822010393988761,0.5058727880066349,0.5709159880615735,0.8808695341728239,0.4074335263782437,0.7398805550149723,0.6171927041885114,0.5899139338283652,0.47700291762834524,0.4826207401300404,0.32941312737576667,0.6251762420824443,0.0,0.6816551238724992,0.3881932901284675,0.5476469691793459,0.3963223268724078,0.5866706102376501,0.35092006874028636,0.4706984529043976,0.3062578399790372,0.6254778642756367,0.5081249351971302,0.49844557767234143,0.46669849709061084,0.5220980848943519,0.45272840013129256,0.4640995106248511,0.5912874643160054,0.48642398225237266,0.11928368315453519,0.39024087221787507,0.2856706916344783,0.6881626400023679,0.5631737488742415,0.6123360580123106,0.6714195542074628,0.0,0.0,0.4847784469868046,0.4671198669500112,0.6959397829754181,0.0,0.0,0.0,0.5848112910483643,0.49319515308292716,0.5785698385763208,0.0,0.6588491621138564,0.0,0.6546900426084918,0.7747969442984253,0.0,0.5773256920004991,0.6860641273271655,0.6766537762752548,0.6214876697610126,0.0,0.6267355709884337,0.5480088241084409,0.6332368092955897,0.8051628029278355,0.5293322531153388,0.6481282197804685,0.6794427276391801,0.8760169953522947,0.7845385406070855,0.7040676148734445,0.0,0.7773286193484709
0.0,0.656243647141034,0.19678599524490714,0.5587450454037355,0.5204083170042484,0.7761869406499928,0.5753241631185981,0.5920209186617579,0.17351075650042272,0.6931095576116235,0.1869305599396188,0.7765286566128314,0.6454607881486258,0.6957456997959625,0.0,0.4460889114172546,0.7090293535251422,0.6816551238724992,0.0,0.49168193012078687,0.6338682784344047,0.6873207881368031,0.6382048124863389,0.32702159754199783,0.6284763445847056,0.638278986991253,0.4447779661396778,0.7103553842084801,0.7990349079412378,0.46310986813514243,0.7070657423907168,0.7359800299444339,0.7759186255667551,0.7476164614081651,0.5633653465416506,0.6844831890991878,0.6729004273248568,0.40261578114510677,0.7227668847971797,0.43360906556003054,0.8803904606054669,0.4541163379388789,0.8119359504556392,0.556068960790105,-0.01832970762722679,0.0,0.0,0.7047384255299333,0.0,0.559888604030232,0.6365005556607481,0.7140846811934864,0.4770398049509308,0.6948835309534658,0.5862924421564242,0.411990743739988,0.4521621935212222,0.5755818331763389,0.4471423425077506,0.0,0.0,0.0,0.0,0.6353562247868272,0.4613013223295472,0.0,0.47561913688641066,0.6092194569774152,0.0,0.0,0.0,0.6495505542092459,0.6906548463273715,0.674987938508461,0.46514324343007574,0.7013360347782813
0.3501464103286466,0.3411107102415514,0.32066493720867106,0.3657201769441977,0.4548114767611764,0.47262818362310755,0.4109692498618985,0.3557061895997168,0.4505730389884687,0.6119039848700737,0.4472624632589935,0.5044122399464188,0.5333279932645415,0.7087998418577839,0.35541912880556087,0.4488423008752975,0.4295327115030341,0.3881932901284675,0.49168193012078687,0.0,0.5343239745344237,0.4093306382273229,0.34734595004109936,0.45382903569268607,0.44634808873274334,0.3760978627549502,0.5185494945430509,0.6064945079625474,0.40615896257533457,0.5627212535128431,0.5508721127588123,0.3112689047229703,0.4251623182426052,0.5620734180898361,0.6270152238672493,0.7649215047738737,0.2935871386967617,0.6822437249331527,0.5263318376433481,0.619055139388473,0.6050285845088859,0.5266563019663275,0.30327221167652335,0.23259319560747788,0.32444669053942643,0.5207024958034461,0.6366391526923129,0.6595549002313352,0.0,0.0,0.4379132527303634,0.45451744833417995,0.5284538044239728,0.4797535404159906,1.0134334781159056,0.0,0.4126355536353392,0.5427445384905869,0.0,0.6148496104393755,0.6012500219233481,0.4632674276383251,0.8296432268179805,0.0,0.5474546100125793,0.5087722687163061,0.5556759606716865,0.5750717178620429,0.0,0.7556690585408576,0.4165089385013784,0.5114401602288857,0.4433594179946039,0.5743566693275654,0.40610583338298145,0.5044595172622944
0.3395187932316047,0.4820607799658613,0.4033588021524668,0.4518208350994175,0.7221752539348465,0.6353015028190894,0.4966151541832267,0.6063793865969865,0.5191772986962606,0.5544194117811748,0.4341827278449968,0.4677660178656681,0.662821999770454,0.552782394271724,0.42579308789006876,0.6229751391169254,0.11745253984375076,0.5476469691793459,0.6338682784344047,0.5343239745344237,0.0,0.37744405056184027,0.6229383693816883,0.40194175693435175,0.43882222478364147,0.48940440057953627,0.5587777794690441,0.5513401278027326,0.5423878189049697,0.5421864854398801,0.5183363876676412,0.326787421805104,0.5032135415745504,0.4407338482122629,0.49706295417906876,0.5823037775492279,0.5099354934018174,0.3348870989657271,0.35895949049735565,0.5032899544896063,0.3791779253214976,0.34612675311525376,0.5331906065217267,0.0,0.0,0.17713850305300294,0.6312648718458429,0.6009788810745436,0.0,0.0,0.5710943624031249,0.45608120225711696,0.24041673025332944,0.6476502327989218,0.38284316370002475,0.0,0.6572413551943527,0.5878001050598133,0.0,0.5452318983872869,0.5746712619138736,0.0,0.6124282860453099,0.0,0.622223433180356,0.5333547973825244,0.5297919506527404,0.6076218552292836,0.5586011789926352,0.5381211072931892,0.6726374115209711,0.5524189609898895,0.5431665260141645,0.6415559740815362,0.5585537070509682,0.17346829763374294
0.4686906303723011,0.3948301638705256,0.4765797481068396,0.635581874468359,0.5114111796817318,0.4308047575919791,0.505328634262208,0.4319306474761359,0.4322190054205216,0.25070481427339575,0.41556727690366957,-0.0165719226051792,0.5047776748160598,0.15257966279540225,0.27574493096982367,0.4223065475797596,0.6310258677198944,0.3963223268724078,0.6873207881368031,0.4093306382273229,0.37744405056184027,0.0,0.6949696858962175,0.48971622823068217,0.3543494817354445,0.3732442122571508,0.38204064903252544,0.5464716571570911,0.41890717080103074,0.5760211554783943,0.48057888481101657,0.3655974977966135,0.34984946246186355,0.5556409365421331,0.6108266460322872,0.596560678580657,0.46648561649282205,0.4602804442091516,0.5882832732742335,0.6361078488155933,0.6271625641800502,0.6920627615505233,0.048114427140004246,0.39009534053957695,0.3831903890752256,0.4373839834246651,0.6019057885041084,0.6508322526521773,0.4623772889319825,0.3847296181013828,0.5566761449281366,0.644398159083863,0.6384680906991689,0.5986096587062958,0.43141826350134826,0.0,0.3541749495618496,0.6274081588598356,0.0,0.648126319610615,0.6181339653449256,0.5769995126842491,0.6542561248532377,0.0,0.5177309693426808,0.5039274731166996,0.6475308179670656,0.6241707605802549,0.6360985257249937,0.6164485462472116,0.5688225639745673,0.5248587806660765,0.5837476891406066,0.5827913329341762,0.4486351377064003,0.6278719301866256
0.46970282332766156,0.584346787882259,0.44265606759787973,0.4917181130483467,0.47915019573242484,0.4138976142051254,0.577607250925988,0.47395912102532967,0.5044432482222108,0.4676489596225832,0.6537268291663294,0.4281570622009649,0.6262339235645306,0.5156889502723699,0.5376761833881213,0.6604720679860359,0.22055430303253656,0.5866706102376501,0.6382048124863389,0.34734595004109936,0.6229383693816883,0.6949696858962175,0.0,0.42592989014260174,0.5546588263380227,0.46745703312730136,0.2133414358974799,0.5276457352743794,0.5573167063906027,0.429935211573244,0.5503236157452094,0.5279745174951743,0.6356232962132435,0.5715192251176555,0.7181661486821711,0.5625144309478013,0.6321383279099917,0.3870837270250082,0.6064953371462354,0.47101671552851876,0.5572787447192262,0.5943796230446095,0.7152019879259583,0.7384179492006304,0.5075615574211494,0.40287798048157164,0.7080798393881567,0.7131995307250812,0.4003400296781444,0.6879555974538444,0.6317285171687038,0.703178165805587,0.5064297589176665,0.68099046877725,0.6516194379818896,0.7294786095670924,0.7027350794606377,0.6280497683630235,0.5873143827988137,0.6923387642197618,0.7427183620783946,0.8700788075602557,0.601436569847815,0.5995841315597817,0.6498401494722039,0.6485153308496197,0.6421158494820933,0.6977278797484225,0.33685840796778965,0.7456198338635847,0.5939743932509953,0.554016602709387,0.5629027496388141,0.6612416843554516,0.5344005714459905,0.6123802062835495
0.46436523807258534,0.5393540519389415,0.5069438048603454,0.15033930701722256,0.6159647289374007,0.6278811123420975,0.5457376348735159,0.4381420032764733,0.6402480646549766,0.4571259535829251,0.6340892364338208,0.34252449491493764,0.48603582681448104,0.7164661080911067,0.034455006855832915,0.7150744103365592,0.4237770995786938,0.35092006874028636,0.32702159754199783,0.45382903569268607,0.40194175693435175,0.48971622823068217,0.42592989014260174,0.0,0.38878681392369396,0.32044330863234405,0.2596507955640195,0.5716819522276294,0.6525600614269644,0.8581762518861621,0.708574729007055,0.12215328268069212,0.4692781901238766,0.3832203663734284,0.7583163422760772,0.5375696085889377,0.14066782235111458,0.3890135518178235,0.3901868724380953,0.7668919487740844,0.3649736471972185,0.4663815645585738,0.4170607734808609,0.48747169152274317,0.5714599733270851,0.3102124213577445,0.6924154084688383,0.0,0.0,0.46466072164666444,0.6000120629554351,0.3779149334666536,0.0,0.3084467545153194,0.5762376151301603,0.48999591484961985,0.5922142596469051,0.5091204178673274,0.0,0.33920445661685056,0.7450706198930703,0.466736148435669,0.5309773257694069,0.46690041988190767,0.3991499685474501,0.17467809184886918,0.5544025900389781,0.6482965044482418,0.46565290253647185,0.5234421402421165,0.4954436378071406,0.34636015771433104,0.44893522866847385,0.7514772824864338,0.0,0.6065507781093962
0.3248138639363679,0.2873010625239418,0.4293318315201323,1.0091983658687258,0.3575544126910454,0.40818162246563383,0.43356680911454115,0.5829525664615351,0.4545521965920405,0.5455386434766385,0.6636478511070845,0.35140790762312546,0.4965149280786798,0.6088448051593458,0.4827915952214935,0.41737999875897636,0.42708100972761043,0.4706984529043976,0.6284763445847056,0.44634808873274334,0.43882222478364147,0.3543494817354445,0.5546588263380227,0.38878681392369396,0.0,0.14539775900638252,0.5238495336438167,0.5263300501995175,0.4937901930324667,0.489621711382405,0.49717658450141433,0.21953241063344964,0.39602793268334713,0.340516426278924,0.5057309687310618,0.4261697164331528,0.5934184743567286,0.42003560790068617,0.7189998134226884,0.5913397472582688,0.646827712167203,0.7068161481683768,0.1758344651630811,0.0,0.23208529345782541,0.3885418530655862,0.6733507208495009,0.0,0.0,0.0,0.6510495312930601,0.6085461888476406,0.5065217035082992,0.4273151891429065,0.5658180595438288,0.44703992945219834,0.6036147093772123,0.5027521269770078,0.0,0.5578901928692114,0.6695174498345171,0.5808798085638116,0.6571689206640641,0.0,0.7128425496665913,0.5323282536471197,0.5911248193530289,0.5878998685791016,0.5284625523504392,0.6647448852432072,0.6424828430039964,0.5259060854173425,0.7297920405640747,0.5033709131315096,0.0,0.7473011083832919
0.5255703977945015,0.2897949273473284,0.4655586621055243,0.5416039630236045,0.5577673472491879,0.4802396735980858,0.48357278627510336,0.5050456904180729,0.734250819276794,0.45859341964573974,0.612183223820201,0.4621345926860688,0.5153545001621107,0.41812057993589746,0.20770321195966607,0.552142585906342,0.32072104528199136,0.3062578399790372,0.638278986991253,0.3760978627549502,0.48940440057953627,0.3732442122571508,0.46745703312730136,0.32044330863234405,0.14539775900638252,0.0,0.4767858163247911,0.5487591377151961,0.6178956555943538,0.3525395499903446,0.4116191196916403,0.465187819974252,0.47902548163423586,0.39625836386126334,0.5380723684210366,0.47167255379579476,0.5799732925062502,0.3424888020360737,0.638911095356674,0.634147273539434,0.7192543437606002,0.5605673968802056,0.3158820955823736,0.492766067150821,0.2732124563024947,0.4461681343118906,0.7101167774806276,0.8336594537904458,0.0,-0.018292488384050794,0.5825935654353911,0.6051656090828105,0.49615084412426735,0.6414742470545668,0.5041667065093256,0.0,0.572927829672919,0.6236686344251879,0.0,0.5655243523461315,0.7018278986781521,0.5160613072518296,0.5671129339278169,0.0,0.5101422756350429,0.6273229244334596,0.6778848333957528,0.5345742306021392,0.45371674600555634,0.6160952259363858,0.5997767254093673,0.607794287672301,0.6143914814226992,0.5588422652916435,0.44641693937506843,0.6445091324142317
0.44499545883660985,0.4300593955888058,0.3271271711415331,0.5443163490942405,0.4098682042890158,0.4360404636803263,0.5147886483120965,0.5579285754291878,0.47763194493545313,0.4032505791670957,0.45143838090785493,0.12025131944579609,0.6003465797902869,0.6970909514219359,0.30148160443247896,0.5411564799211491,0.2810076373710511,0.6254778642756367,0.4447779661396778,0.5185494945430509,0.5587777794690441,0.38204064903252544,0.2133414358974799,0.2596507955640195,0.5238495336438167,0.4767858163247911,0.0,0.5427696235365677,0.4670719637927423,0.3865766356625346,0.4723123381124864,0.41028678764152204,0.47067364717480836,0.554040837554925,0.6346071810243521,0.5480168767323135,0.642471666828895,0.5388899960085303,0.5940729651859612,0.5169289261554514,0.5459360594489366,0.5010520178240275,0.7005417104512051,0.731492223506496,0.4004079403346864,0.6457320354554453,0.5783936722740024,0.7118716005474699,0.28607288507417683,0.7387428201397381,0.646334864141762,0.7009571182376513,0.5639940458056343,0.7136125028465058,0.792551436858157,0.7375307803513402,0.5375541971696278,0.6261692633587606,0.9011350251708918,0.6075275492702765,0.708049591600835,0.0,0.5715372633922127,0.6341610678041375,0.6001522044801644,0.5755343170183578,0.546456306556935,0.5755530404735745,0.0,0.7690228722834469,0.5107166321072392,0.5906190885402072,0.5609374057851731,0.601559743038664,0.3896088751225188,0.5830160351515971
0.4431516854323422,0.5966454249657378,0.6239290339938599,0.4007786728211309,0.7399465275718367,0.6752764172052237,0.8669319400258162,0.43285285356361286,0.6999962534327709,0.5776008832908993,0.6870486651394087,0.7830984265961329,0.6295258248959874,0.7030761045264848,0.46781423120367194,0.5467015904252919,0.7784087404079665,0.5081249351971302,0.7103553842084801,0.6064945079625474,0.5513401278027326,0.5464716571570911,0.5276457352743794,0.5716819522276294,0.5263300501995175,0.5487591377151961,0.5427696235365677,0.0,0.6564211827228621,0.2913193677510216,0.5934975244511915,0.6450673570568103,0.6054369753755036,0.5851028487683078,0.4686787031708364,0.40307241784202746,0.4462161257788936,0.9274307400965073,0.40312327671691,0.3569904577964488,0.5476886342705063,0.41105677884098785,0.2710740666831106,0.6982521170825446,0.6796290419453425,0.5993241345725069,0.730310815521261,0.665966583622515,0.0,0.6983471843067839,0.6879692230753294,0.6840230190445109,0.43413486822551295,0.6642741563046581,0.7554017335968545,0.6563521341249351,0.5429811444134329,0.6395008090405231,0.3866266730324197,0.6053599244291974,0.7982602139196069,0.31725317318497726,0.6954158978943881,0.5501520022221024,0.6915034120352115,0.5864000980824499,0.6280193212840377,0.6328890346922844,0.40299421195325624,0.709374327768589,0.5559276667560924,0.6292036736948979,0.6375451544677787,0.6385130934196166,0.5777521834564934,0.6198413916078716
0.6067329912680042,0.3904177010196284,0.5211647805221225,0.44916990483493324,0.548186879027408,0.4728714381111395,0.5103148187192998,0.4216536018358327,0.5505544004633796,0.6444692715726459,0.5114922282208876,0.7508357007278386,0.6035604018946475,0.4547406758168048,0.5397854390285903,0.44506082856802687,0.4583734959894905,0.49844557767234143,0.7990349079412378,0.40615896257533457,0.5423878189049697,0.41890717080103074,0.5573167063906027,0.6525600614269644,0.4937901930324667,0.6178956555943538,0.4670719637927423,0.6564211827228621,0.0,0.5649710037065303,0.7031024090407021,0.28916667507680727,0.3353569662797793,0.720407808790466,0.6576975290812628,0.4016464831192629,0.4459752357144673,0.4895843283895477,0.574237002865742,0.6332688581201911,0.5973781679813184,0.5153650939682184,0.378107542646766,0.6012365722643284,0.36700881156559895,0.454062585533719,0.6225893880703028,0.6339846750426352,0.4668818011875189,0.46754460637082124,0.6372236736310597,0.6427060517258896,0.459906862849337,0.5998084538501367,0.7132717979362388,0.6777856925796888,0.5892547459673952,0.5648156283197705,0.5548607316716088,0.6374511397360076,0.7696437585911398,0.4622064034632173,0.8600113531590352,0.6432950830846742,0.6317336496531971,0.5661491847635006,0.6080410596593215,0.6119192021368693,0.45892311871680436,0.837827135537291,0.582844565471728,0.5986043568039856,0.5595614733074303,0.6195757991775084,0.4428275442397319,0.5985877004396234
