0.0,0.02782552054642612,0.051681073108114095,0.0,0.015136718744636624,0.03682118898219988,0.04108834950354362,0.04845584601110364,0.022926631380300933,0.04537306443728678,0.02288693923710594,0.03308285059205973,0.035663129719358755,0.039828940896584175,0.024751761250101034,0.022878947366949454,0.04600055275788911,0.027151234572675376,0.0,0.03863053700311003,0.016046462548284735,0.03487376189831659,0.03520372786101439,0.008271169317301375,0.03886000232816911,0.009301815995789275,0.03760157795139096,0.023154361734186835,0.0537147203617967,0.02235934822976049,0.03118677838474876,0.020667628114945158,0.027321657864368187,0.023968874016462027,0.00412392956358848,0.03868261918481264,0.0006786148020295202,0.06117334516653794,0.014291258417507502,0.017938965242271843,0.018532178483501638,0.043815474088950035,3.530110025418143e-05,0.0,0.026094779388642686,0.00963820484508554,0.06174126112310796,0.0,0.0,0.0,0.030384722602458336,1.1102230246251565e-16,0.05230564236533247,0.0,0.032054666733883186,0.0,0.049757544992385994,0.01096540067408519,0.0,0.02936869777757095,0.055987376213619544,0.02592445343246519,0.04364580003429286,0.0,0.05653794609574958,0.051907839696882674,0.05342562401945661,0.053975207528261515,-0.15636393579896884,0.04240807571165084,0.04476847135522505,0.04328368355887552,-0.00029465562903441267,0.04728887364504342,0.0,0.037963337378121575
0.02782552054642612,0.0,0.06125977037247349,-7.037571320772651e-05,0.0750062890475689,0.057005675190603955,0.06758348855840607,0.06378074991314536,0.061387205400649014,0.005298313545978539,0.008462457996702866,0.009619454821121864,0.06613774224274616,0.010475244923714655,0.04639429755956781,0.009291457265468817,0.036515841835126184,0.016065724038130336,0.014993352461265874,0.041293062821264326,0.03939964330412099,0.012437470262064987,0.05528071916753502,0.036616052423033674,0.03045453035708756,0.03655010479584814,0.03801578708110476,0.059349326354184384,0.05272348019154788,0.03414009212672936,0.02990507323314079,0.006530106864782004,0.004724670899805494,0.002393672149091919,-0.003363267843141282,0.047810845527721246,-0.0013766684622242842,0.0,0.0432326072868231,0.055678221118525384,0.046685413941897624,0.045829920339723274,0.08218803879081432,0.0,2.220446049250313e-16,0.04071248884137507,0.05899476705834372,6.314655740641273e-05,0.0,0.0,0.06521191344008603,0.05717126176705545,0.010561594381159445,0.014042456487007693,0.04558682641261835,0.0,0.03107909713112228,0.05392575190355031,0.0,0.04269813364095887,0.0607149937401269,0.06100318238708652,0.06769259835332031,0.0,0.05325722238837732,0.030108012064300638,0.050788412948927275,0.04884264064810606,0.051896382202319014,0.06850043627031754,0.06086435967074871,0.05315053354267035,0.044857935051022146,0.05879848742175142,-1.1102230246251565e-16,0.04748163605390354
0.051681073108114095,0.06125977037247349,0.0,0.06298121840787174,0.04377016144662449,0.04155351944042779,0.054409840327219905,0.04074567337961715,0.03665826484118462,0.05981035695776021,0.06597282486223577,0.06353378931726078,0.060848730480264734,0.03326800719073614,0.028941564851891644,0.09621439222977385,0.029828666006875948,0.032114845373789225,0.02265434820063711,0.04746487490978618,0.04413182058601178,0.06338135265407902,0.05387941094611787,0.043091122470712395,0.0463362925246561,0.011504506557957095,0.036681122793712106,0.06906199260798546,0.06146547486802406,0.06816393353966094,0.07723843655491225,0.07256863327575691,0.05464660637857188,0.0827705776561442,0.05179124313753092,0.04165036760667579,0.08382801563750925,0.07619895787821168,0.06014635120742673,-7.229819263265824e-07,0.09285039638108716,-0.00026770497976913443,0.06311705075588564,0.027885559988800046,0.0,0.0,-0.0001322672598046415,0.1266352711325952,7.928721475258804e-06,0.05503497752430642,0.05964499128882894,0.05469461358624983,0.048723329136410864,0.06542322232238706,-3.343947319006668e-05,0.0980048073943472,0.040516120801428857,0.04973614621342726,0.0509068901814671,-0.00021195198085410816,0.0,0.0,0.0,0.11205142220588876,0.010444901604783785,-0.004522661209172052,-0.0003115128499357467,0.06431191769600131,0.0,7.52152130031325e-05,0.027869492546039376,0.06170854927104963,0.056241625457048916,0.05479628739118708,0.007202092576492736,0.06145927759945646
0.0,-7.037571320772651e-05,0.06298121840787174,0.0,0.029003339917422988,0.03944167922646724,-0.0066254052175716005,0.034649240142476,0.04859889410168433,0.03278426229585041,0.05813314748936249,-0.004192703191609359,0.03306900386928391,0.1023011914760521,0.034288524898059836,0.0008279179637406542,0.00890440630312117,3.6104931929070716e-05,0.07723263225796195,0.030387362181851618,0.001025247904351434,0.000798593601653852,0.049863342383953124,0.008787134641726979,0.0003328982359123711,0.03307307346665411,0.050156249213857695,0.029882966573831715,0.02875733283516707,-0.004244211198802306,0.03669042964686836,0.013348248875756419,0.110934893546067,-0.007831896551940498,-0.006877024502514317,0.04815785500688452,0.044967358647700656,0.010667453465508181,0.020916756469461895,-0.0007500318141011042,0.013213238294976337,0.018986339119401008,-0.00677653622659713,-0.00832203513207963,0.0,0.0,0.0,-0.0010254457090523306,0.0,0.0,0.013105536545250707,2.220446049250313e-16,-8.263094444138641e-05,0.00018434024558655615,5.551115123125783e-17,0.004185199836578557,0.008233954037271507,-0.00043606756530845114,0.0,0.0,0.0,0.0,0.0,0.0,0.0,0.0,-7.285564035997005e-05,0.05259255262766521,0.0,0.0,0.0,0.04928306751349165,0.0020280237218840425,-0.0010607116461395227,0.0,0.0
0.015136718744636624,0.0750062890475689,0.04377016144662449,0.029003339917422988,0.0,0.03705294399375325,-0.0005669353061642513,0.07067054391110883,0.023252832931255962,0.038469218579994524,0.029255264060909336,0.03514338929475719,0.02172958563656774,0.009210487696470981,0.015680874476087125,0.05099851583573428,0.03072384792978189,0.030144091698641517,0.03414388141941388,0.03133942212020274,0.04523840008831537,0.06371840834202641,0.05063122604679143,0.030305390079234107,0.04800052285294604,0.04220984402168354,0.03928734588620875,0.07390236911637293,0.03642712000257198,0.04498441009576348,0.04482702413863321,0.008492706152869678,0.03914973035970337,0.047352897949045125,0.025206081543589942,0.040403707248385934,0.15579425718812312,0.014001839131731864,0.0799518847199086,-0.0067317842445359655,0.00535891293893298,-0.002815504935973323,0.03951316904695806,-0.04846707504372377,-0.00023355767504146252,1.1102230246251565e-16,0.04567190608955812,0.06334820814279074,0.0,0.09144299511572795,0.05568100089454675,0.059195683973532254,0.06141469730538335,0.0584529316157244,5.551115123125783e-17,0.07333674878245394,0.022700417472221623,0.06787459647259325,0.0709415026173208,0.008734017926484094,-2.3410867077411357e-05,0.0,-5.551115123125783e-17,0.07446354667764571,0.018362419596772372,0.0002020998561227394,0.011119115179866468,0.06517576049022955,0.0,-2.317967347276184e-05,0.007020865533691356,0.05566999271082951,0.0596353932011634,0.04279922411249415,1.1102230246251565e-16,0.09578096310575035
0.03682118898219988,0.057005675190603955,0.04155351944042779,0.03944167922646724,0.03705294399375325,0.0,0.03735607605176988,0.04517437015524489,0.017568785282835564,0.02178843894919036,0.061582314793105275,0.029376510671424494,0.025122937939893786,0.041982448635635494,0.03697159817307749,0.0640316310186469,0.03531485964525016,0.057936891442815386,0.07791556465196559,0.03690079256776807,0.06195315934619999,0.053413535007176494,0.034465524421520344,0.04397823872419149,0.05682901582084898,0.03398479838802565,0.022768483255782235,0.02997678845832291,0.04748584590240146,0.03575299200358001,0.03439122413536344,0.04971796199711381,0.052055690729659265,0.046791934907141175,0.04391538383218041,0.060706604707536416,0.057484925580605695,0.04947256320935012,0.05785186967531708,0.04768559747113915,0.04519284244748689,0.05337125865891312,0.08045213696142989,0.0452113915037855,0.043435420026986526,0.05806138624863988,0.05949221907761748,0.05279078240219448,0.01924968277209732,0.04872780839109725,0.0519690057206737,0.04974710384268777,0.04771671434819341,0.04903109276288664,0.03802828475577208,0.053329846013401405,0.023194162528143658,0.05538055103759998,0.030054848543795643,0.06439121759241123,0.05802125970940725,0.0,0.0531716923702798,0.04580071525433427,0.0679103047344467,0.07906803641677346,0.0435244790500115,0.0543525587602387,-6.125891216879342e-05,0.048547499702279784,0.04980024273347239,0.048510128919748485,0.05724338303059667,0.06761712490319799,0.062311283631295455,0.044370125909461766
0.04108834950354362,0.06758348855840607,0.054409840327219905,-0.0066254052175716005,-0.0005669353061642513,0.03735607605176988,0.0,0.05968630929575108,0.03572057694143976,0.029718966316523765,0.0474885034734393,0.033017587068896515,0.0075094816772534045,0.06106890822263755,0.03861743689123831,0.04878290987351175,0.03252064102657454,0.036911700134748204,0.05993395762666581,0.04321703417325473,0.050405121806865405,0.05790093726172574,0.05714716352583887,0.008030731319751738,0.037898001652568014,0.041641904007567954,0.04909653401357095,0.030878142843275613,0.03889276448329054,0.044694285751922025,0.030583904016799335,0.0006640430458571545,0.030232767503780233,0.011428163801233904,0.02075480741492275,0.05653240851355623,0.037402676824524916,0.04290235919689256,0.08164091455029371,0.007024559305386646,-0.002646713533569267,-0.021336124905715015,0.02780782462698489,0.04185965136381459,0.0622335647678548,0.0,0.058275325147119084,0.05582682259034377,0.0,0.05622102480984548,0.052139412813110686,0.0521829444481986,0.06095699120972492,0.050382493767599956,0.02337595644394841,0.05654090385109939,0.0027226859590148145,0.05595003792217723,0.03312979352502027,0.09582647365637764,0.052663009320136456,0.0,-5.011621580608416e-05,0.04987612207022629,0.06450241490273212,0.015047170544792654,0.03285862284427776,0.05193413999015828,-0.0001113828752205559,0.042012535159222486,0.05404987285228835,0.04860855454247415,0.04432556650491526,0.059362527614266525,0.01891691951460761,0.05233893847973026
0.04845584601110364,0.06378074991314536,0.04074567337961715,0.034649240142476,0.07067054391110883,0.04517437015524489,0.05968630929575108,0.0,0.047051523156047714,0.06697555873721145,0.04578600617439066,0.06942995877758995,0.0663918749222786,0.017422723328723744,0.050403818016092006,0.06414762643200539,0.007487870578919531,0.05493559653948721,0.03457871681805241,0.05241628568161433,0.043186746136285925,0.06731924275863888,0.03513779547490259,0.0520077427981579,0.05025184783316633,0.05228813886293043,0.033433528246848754,0.06345961033263786,0.06981194769809773,0.05119062860083201,0.06493453973839647,0.07018768270847442,0.08894936135484544,0.07117880897622142,0.05243100838203196,0.0664261221963664,0.11807327561109215,0.045707695838707985,0.07284410315677686,0.058257696939052916,0.07469109563205195,0.0878746965433631,0.06728750714204668,0.02321557357828491,0.0,0.05490047061594372,0.03741403284018796,0.05418353834215517,0.0,0.03474906725667409,0.032932316393537,0.026615083840133558,0.0734117231555827,0.042034757005304346,0.00014505130016528867,0.06788965300688404,0.0002253678442480922,0.04932631308163199,0.045000951731740624,0.09145125019462808,0.013932924880881048,0.0,-1.8105496049636294e-05,0.039769487462679165,0.07539351860115862,0.11670265186153633,0.08769084156853857,0.05229637624879924,-5.551115123125783e-17,0.04965137536983977,0.052173748933504516,0.04463932197753151,0.053723095770383145,0.06852376338979654,0.02529240735896976,0.05150906259451582
0.022926631380300933,0.061387205400649014,0.03665826484118462,0.04859889410168433,0.023252832931255962,0.017568785282835564,0.03572057694143976,0.047051523156047714,0.0,0.05009293050398905,0.041169301219440624,0.056308801461002644,0.04630118747480111,0.028703628349375565,0.022360528015630765,0.05041571862969996,0.03498368979840544,0.019892097203284442,0.04370214545892642,0.05091418408614434,0.027763345093305025,0.06014968224482653,0.04036419557126203,0.04408508686972079,0.0470116437943639,0.037001224292884605,0.03822028402511046,0.058965424479858086,0.05133042692337347,0.06036876538618097,0.06121485297885054,0.05827496359726125,0.032054299043114576,0.06482776439183946,0.053813686029417884,0.05281867279422314,0.06265937202568389,0.04564812244219618,0.07323622494504173,0.02053348556455331,0.039264922736172325,0.05631610164334688,0.06137052972252144,0.0605591905567186,0.0309977333779487,-5.551115123125783e-17,0.06423835303464503,0.050537328747075394,-3.808994973597546e-06,0.04827972150508719,0.05223877904623786,0.04258155520360518,0.056669315256541175,0.041761253017369326,0.008832707819889152,0.056540934769003015,0.035401805142303955,0.038228813338748835,0.05641024044244308,0.03112275389105723,0.04977416464817025,0.0,0.0,0.052008555259638656,0.03205303605487925,-0.00452074603249264,0.01907017275288464,0.05446998839373263,-4.687853084761606e-05,0.05679159705524922,0.0585856806442665,0.046320510805470394,0.04901533686301107,0.059500404049638356,0.028523300134402074,0.051888982835970876
0.04537306443728678,0.005298313545978539,0.05981035695776021,0.03278426229585041,0.038469218579994524,0.02178843894919036,0.029718966316523765,0.06697555873721145,0.05009293050398905,0.0,0.04743588909224078,0.02613330592249563,0.03870262746221226,0.06916550290240298,0.008986779618830931,0.007349163272635961,0.0037690353238586938,0.01853703887530128,0.04701573293533845,0.02127720520959392,0.05426438229976688,0.025869211834037287,0.07090558474255343,0.0027560904677585985,0.022068694639820086,-0.00989428882538701,0.042351604736253545,0.033632933628376493,0.035810883471576904,0.035785807946565606,0.027947870809754916,0.03459871536365794,0.017147415238322472,0.03219159947943495,0.03659657235768904,0.09314763541912008,0.06048459376206178,0.017200043320536207,0.017553116326578633,0.057957837452172145,0.034821493121269476,0.12200946502157045,0.022766855230475336,0.04160140902036735,0.06412754728848957,0.09111121764674956,0.011698076183767558,-0.00041616493481300143,-2.162800112487373e-05,0.0005034892956928272,0.03569438476917286,0.025529396387137526,0.0037328110880645027,-0.0027540723048914417,0.04064155888665916,0.01930322920369626,0.04422560285478638,0.031357869265986826,0.0,0.0001397076054560631,0.04598419815057159,0.04049715188880704,0.03891807865418345,7.10923730667945e-06,-0.00011550714168867549,0.044200124455298306,0.0032671087928745624,0.049070780345777276,0.03151595220449549,0.05082891447997906,0.03488214582757737,0.055497139800717354,0.14206104364381245,0.0036523878912551044,-5.551115123125783e-17,0.045051260220435596
0.02288693923710594,0.008462457996702866,0.06597282486223577,0.05813314748936249,0.029255264060909336,0.061582314793105275,0.0474885034734393,0.04578600617439066,0.041169301219440624,0.04743588909224078,0.0,0.0416603075949768,0.04570859866198579,0.013040546564493993,0.0,6.445893254947155e-05,0.029515328518536166,0.02771748178141681,0.017636747906296768,-4.652733042342927e-05,0.044092240524004456,0.004089929196914255,0.12505421966975344,0.03801860523497935,0.036158401290660724,0.02563669196292978,0.061347231339587416,0.04698285864918372,0.028090851929490845,0.01975269795163348,0.044276057536733526,0.009723566700549302,0.02491271817336599,0.04091965305375833,0.033961122361046536,0.015145386241904757,0.06226706972874724,0.0276722501351217,0.059049987194719766,0.01248356917116522,-0.005343991809596049,0.03806481251221472,0.06790241758498716,0.013125926010448596,0.012722164118488366,0.0,1.1102230246251565e-16,0.058369213266348585,-7.375654105246099e-07,0.05244191496149142,0.0622714505751194,0.03554326839652877,0.03934097749509974,0.053784709972615974,0.027319133022086717,0.05720995740329221,0.015300950628937604,0.0382589714057362,0.05728066186440339,5.551115123125783e-17,0.0,0.0,0.0,0.023646923056799607,0.007671450777677835,0.0,-8.070717680652706e-05,0.060196622886455,5.551115123125783e-17,0.0,-0.00011743259527263739,0.06195816994365455,0.020379126917041357,0.007401061721789004,0.0,0.06626812159810613
0.03308285059205973,0.009619454821121864,0.06353378931726078,-0.004192703191609359,0.03514338929475719,0.029376510671424494,0.033017587068896515,0.06942995877758995,0.056308801461002644,0.02613330592249563,0.0416603075949768,0.0,0.03602543138070324,0.04236861169138456,0.012177707191406983,0.022730456807182275,0.027405550616495633,0.029300975003712537,0.056586236525666356,0.027611845695010795,0.04689524298726572,-0.012482142597677437,0.07068569017691173,0.00507193350881735,0.02460600810924618,-0.023347167336665753,0.04685006851188406,0.04433034374860495,0.06487713576963827,0.07074082122262376,0.03443516399210572,0.034914460850163254,0.031958158661140934,0.017730601153058245,0.027777215503109243,0.05686613164369919,0.04861850088247116,0.027413829115090826,0.03314610428053133,0.07538513213006981,0.04182022626106918,0.0206320419103167,0.04886280547991112,0.025440587456836694,0.09380511501429345,0.03068331382384215,0.0031597078510663956,0.007837863252351085,0.007996834300285499,-0.0009428376451959819,0.03596946690653435,0.04296734686482084,0.00032289335770457894,0.013694016745174842,0.04510308686529857,0.006162303703384109,0.045282376162656846,0.04384851060759826,4.6601000853518926e-05,6.132354950649788e-05,0.025761771476119133,0.037231280317700566,0.032898041797956634,0.01818029730567816,0.006381134298105773,0.017120376726687425,0.011514878150450103,0.03562979383292714,0.02486670094447535,0.035835108808305816,0.02780722347823139,0.028584302513488258,0.04067914812724194,0.006037145332601024,0.0,0.04605934694434377
0.035663129719358755,0.06613774224274616,0.060848730480264734,0.03306900386928391,0.02172958563656774,0.025122937939893786,0.0075094816772534045,0.0663918749222786,0.04630118747480111,0.03870262746221226,0.04570859866198579,0.03602543138070324,0.0,0.059523336288451634,0.04072266241315331,0.04178147228131046,0.03261005964680991,0.047674366052500916,0.05779699784936315,0.032980718087015304,0.051880763896891946,0.053992328702958836,0.05990272464992297,0.029360897612122516,0.04252793149292161,0.03306323098966374,0.054674742024414524,0.046659166753997394,0.021631296001846045,0.022968522380819256,0.037336222793287466,0.009511295835539557,0.03338080519110109,0.028931674776453975,0.021954648274712607,0.05434073821567209,0.05524524154119831,0.02984195827504227,0.06938357468646006,0.008092638460846069,0.02191119533978625,0.03839687666172775,0.01257472380405239,0.04350567244802017,0.0660182532341892,0.05846658992706388,0.056406145221327475,0.04291174916882701,0.0,0.044989272370001165,0.05640547187817602,0.05250273322114951,0.048006726738108796,0.05736118025416381,0.03457532085555298,0.04475681549271315,0.06868723885953415,0.04267078063287855,0.004621990507433671,0.07267970673057478,0.05444762581191376,0.015593299396958304,0.05042164777363456,0.047243311037160174,0.061800521813997755,0.0930288019643094,0.04858564337062693,0.05004398909578012,0.0060682435148320946,0.038486510977502775,0.06418394601382721,0.046611839649987274,0.06239164250040696,0.0533530713739408,0.050811283990616074,0.05601461806951347
0.039828940896584175,0.010475244923714655,0.03326800719073614,0.1023011914760521,0.009210487696470981,0.041982448635635494,0.06106890822263755,0.017422723328723744,0.028703628349375565,0.06916550290240298,0.013040546564493993,0.04236861169138456,0.059523336288451634,0.0,0.039613091089383046,-0.0006606941782710818,9.910737682278237e-05,7.752836081864611e-05,0.01825099553901166,0.02015756445315453,0.04958702351926314,0.010572389087237566,0.017232410625369066,0.044528530198718275,0.011833452906386432,0.04514675325895806,0.030114437934754712,0.14597319617936672,0.030834859358189748,0.011310601929563346,0.03495331252411599,-0.020410326543736257,-0.0716535331919147,0.03853892529987901,-0.08502432956088446,-0.013325652478343747,-0.0004474162619724775,0.01772339710504517,0.05289865791137849,0.0,-0.008111442904995936,0.0004554760229048549,0.046129602235025824,2.123081116911507e-06,0.0,0.0,0.0,0.055911875428591384,0.0,0.0450306219643441,0.013231330307614808,0.022485504836051662,0.04983593760196703,0.05197736572550521,0.0,0.0659044099201368,-0.00014912222625262928,0.03146538793871967,0.06335397617735927,1.1102230246251565e-16,0.0,0.0,0.0,0.05839215906744494,0.0,-1.1102230246251565e-16,0.0,0.05305519515274909,0.0,0.0,5.551115123125783e-17,0.06837311834153686,0.016433458885954044,1.1102230246251565e-16,0.0,5.551115123125783e-17
0.024751761250101034,0.04639429755956781,0.028941564851891644,0.034288524898059836,0.015680874476087125,0.03697159817307749,0.03861743689123831,0.050403818016092006,0.022360528015630765,0.008986779618830931,0.0,0.012177707191406983,0.04072266241315331,0.039613091089383046,0.0,0.03182289475174549,0.02333592869487011,0.035590071684818925,-1.1102230246251565e-16,0.0034318145835796066,0.03207035549359877,0.03495394285678949,0.019974131349784208,0.0757610275652183,0.05867957019321751,0.019882239522142575,0.04879838139233689,0.06692172528028728,0.03791687749174699,0.04964998255440717,0.027320044556271017,0.02628010064926195,0.02028263849941586,0.03396935054873845,0.02648544353415172,0.022373401843251983,0.036733027016070396,0.00012617340111326092,0.04121080966709478,0.034164839407548275,0.04153502108530821,0.04190620385595356,0.008269710277801379,-0.0034906341764397997,0.0,0.03696894869434464,0.06364232887338711,0.03143793272748591,0.0,0.0,0.05448913539552125,0.029289458291971993,0.05055169343753413,0.004288354416107976,-5.551115123125783e-17,0.0,0.04000387193180033,0.05784518449478654,1.2090583399348986e-05,-0.020898029171784127,0.06066886805567295,0.04255973251452366,0.04331337668084423,0.0,0.01636945772153592,0.05064526930085861,0.014731964121646901,0.06455285587200832,4.725112986891933e-05,0.028944539063224584,0.044145997778775814,0.04628142667888585,0.029199122095599328,0.042848367520313124,0.06134249561177546,0.03892145579336276
0.022878947366949454,0.009291457265468817,0.09621439222977385,0.0008279179637406542,0.05099851583573428,0.0640316310186469,0.04878290987351175,0.06414762643200539,0.05041571862969996,0.007349163272635961,6.445893254947155e-05,0.022730456807182275,0.04178147228131046,-0.0006606941782710818,0.03182289475174549,0.0,-0.025147206264745092,0.0032697169874457144,-0.0001751983034494753,0.027715124537340097,0.03152594583210189,0.02402199240169617,0.0590071438078672,0.019851343435143165,0.02864828916236295,0.0205847901219548,0.04787237652755999,0.034636153436900574,0.03010359610591562,0.024575072623449712,0.01925034404566639,0.018372214615853588,-0.005115415079883612,0.010226871902761503,0.0044071482421341734,-0.029852724019873877,0.035117692014607516,0.010113965024562466,0.04332754451109333,0.039438809423872456,0.04064056192162213,0.031829694508724915,-1.5765198260353497e-05,0.0,0.0,0.015648230102444316,0.05612425145193195,0.0,0.0,0.0,0.06488928866754445,0.010202909807059957,0.015539842548827953,0.0,0.035432376504664576,0.0,0.028910133712130692,0.056255031902167796,0.0,0.0534463996950032,0.058407271755291756,0.02708320871757086,0.058920716937356954,0.0,0.051897853977191544,0.016714072573708882,0.05075740848375543,0.037210189928211346,0.0030563182792694987,0.056360342536535546,0.04398786087508777,0.049432333063046285,0.04951052144294388,0.051062114842436224,-1.1102230246251565e-16,0.048182825105551
0.04600055275788911,0.036515841835126184,0.029828666006875948,0.00890440630312117,0.03072384792978189,0.03531485964525016,0.03252064102657454,0.007487870578919531,0.03498368979840544,0.0037690353238586938,0.029515328518536166,0.027405550616495633,0.03261005964680991,9.910737682278237e-05,0.02333592869487011,-0.025147206264745092,0.0,0.003028158401277181,0.03823312705549042,0.03119318900292245,0.05294402790147795,0.025211288195655435,0.03508369414370749,0.005585574864923615,0.03068163536886892,0.010632337344330445,0.022296406069563512,0.033087655776846636,0.032835426558029346,0.041100386917606535,-0.004825407822616423,0.012138362086823451,0.01887945401023927,0.014826641237882743,0.013930738958569167,0.022953004779678154,-4.3716469062815566e-05,0.02077644917455279,0.046760885822685005,0.05280588846713241,0.05589175287356157,0.022670042001049717,-5.551115123125783e-17,0.0,0.014521972283853435,0.02664688460915593,-0.01702870426690789,0.0,0.0,0.0,0.0,0.0,0.0,0.0,0.04859518083862879,0.0,0.04472005911369503,0.007180729524323248,0.0,0.0001761108655532473,0.05996046517189341,0.054428996610983216,0.052637410613506685,0.0,1.1102230246251565e-16,0.0,-0.006779613999094325,0.0,0.01903351965860206,0.05321998620104573,0.04444902856026589,0.0,0.056321338652784936,-9.501004593759355e-05,0.0,0.059315177680778486
0.027151234572675376,0.016065724038130336,0.032114845373789225,3.6104931929070716e-05,0.030144091698641517,0.057936891442815386,0.036911700134748204,0.05493559653948721,0.019892097203284442,0.01853703887530128,0.02771748178141681,0.029300975003712537,0.047674366052500916,7.752836081864611e-05,0.035590071684818925,0.0032697169874457144,0.003028158401277181,0.0,0.03220964215449701,0.034812326635063506,0.056362617055132014,0.01495869917374737,0.05976482623172241,0.019890825759235675,0.025847579882989025,0.02651972814969722,0.042596585085666105,0.042988142679655617,0.04523560944945987,0.032563705241778984,0.001881660736522739,0.003962135348459517,-0.002175623609760924,0.004718782463409399,0.005502375502260959,0.032664260159400826,-7.285939764423155e-05,0.020097313652801874,0.049555045427434,0.045353776159007875,0.04432656976977928,0.0300040686111141,0.0,0.0,-0.0005805364386448075,0.01190362624396668,0.06609031126057863,0.0,0.0,0.0,0.052291135153728185,-0.00030727146923109627,-0.0003573059105821397,0.0,0.04451385722544304,0.0,0.03963220108167176,0.032711833680391045,0.0,0.05798220410360094,0.06382351932266667,0.04614055655168958,0.05009675332663549,0.0,0.05633812066242527,0.039267217011628996,0.05888342984512501,0.03280782951281441,0.017413942072673494,0.049300085931447635,0.04172671099076802,0.019951846256464956,0.04130519053345599,0.04506714983409971,0.0,0.05025359817232572
0.0,0.014993352461265874,0.02265434820063711,0.07723263225796195,0.03414388141941388,0.07791556465196559,0.05993395762666581,0.03457871681805241,0.04370214545892642,0.04701573293533845,0.017636747906296768,0.056586236525666356,0.05779699784936315,0.01825099553901166,-1.1102230246251565e-16,-0.0001751983034494753,0.03823312705549042,0.03220964215449701,0.0,0.000426163151158343,0.01263248634714298,0.012688241159198699,0.10992933893304124,0.032911326607873714,0.03604374791100773,0.026583003020027085,0.06392689725839779,0.061817583780338525,0.04593501143654821,0.046179291519537036,0.059197758865402295,0.05353477372026599,0.030248779534859827,0.06279661029638312,0.051978679281096285,0.030120428674075772,0.055855944878814234,0.055000387842720266,0.013236902715616894,4.337201382542677e-05,0.015388633867347623,0.02158219539612216,0.06805842253248073,0.014364287616476845,-0.0004962045161672202,0.0,0.0,0.08324670989477534,-5.551115123125783e-17,0.03539409310538555,0.04030463930693151,0.028000568845528262,0.032774645318957685,0.038406118464529904,-0.00011416859071977647,0.058703865935336386,0.06472929548830286,0.035439037100542414,0.019797115986451064,2.220446049250313e-16,0.0,0.0,0.0,0.04377877420235199,-8.178524075086457e-05,0.0,8.753541243700091e-05,0.0573410370234787,0.0,0.0,-5.551115123125783e-17,0.04536099653397441,0.07785698670303265,0.047909556660185315,-0.00028195938191755143,0.041093002235551346
0.03863053700311003,0.041293062821264326,0.04746487490978618,0.030387362181851618,0.03133942212020274,0.03690079256776807,0.04321703417325473,0.05241628568161433,0.05091418408614434,0.02127720520959392,-4.652733042342927e-05,0.027611845695010795,0.032980718087015304,0.02015756445315453,0.0034318145835796066,0.027715124537340097,0.03119318900292245,0.034812326635063506,0.000426163151158343,0.0,0.057370436821682746,0.0254211687410259,0.026553848225412846,0.06000792129991417,0.05210856413995307,0.03361676945175923,0.044684236829937996,0.023794666492971572,0.03682457834772046,0.08235794948433439,0.02770162146684546,0.030546357994846507,0.03295748497380446,0.03623863066906435,0.035149049832176205,0.0325727553127757,0.044786973755019666,-0.02540083338945398,0.06641503941164739,0.07866241329407253,0.06944230988190864,0.07047614860998797,0.09277382436549242,0.015187398543217767,-0.00031416384460181135,0.06975426414942809,0.0601092608690833,0.04279301123855028,0.0,0.0,0.06173012956643298,0.06695912404438475,0.08709967290316356,0.03184779436924645,0.0002156601735385788,1.1102230246251565e-16,0.020537761134103993,0.07328762232404967,-1.1102230246251565e-16,0.0673724387263045,0.06335092353129373,2.507902801662798e-05,0.04901119565191547,0.0,0.058555227853855696,0.07988292202083475,0.04350375355464037,0.07963364637594156,0.0,0.05254802007819637,0.061392087783259774,0.07222873217904452,0.058209754001567304,0.06919567756124057,0.06959610766742441,0.06870809467121142
0.016046462548284735,0.03939964330412099,0.04413182058601178,0.001025247904351434,0.04523840008831537,0.06195315934619999,0.050405121806865405,0.043186746136285925,0.027763345093305025,0.05426438229976688,0.044092240524004456,0.04689524298726572,0.051880763896891946,0.04958702351926314,0.03207035549359877,0.03152594583210189,0.05294402790147795,0.056362617055132014,0.01263248634714298,0.057370436821682746,0.0,0.03184492016453916,0.030898933454295674,0.03598127403189355,0.06238429401717699,0.03437144339224335,0.049907868118829024,0.0678287058606672,0.09440200309867902,0.01634387115057223,0.03779739315867009,0.03931100864701209,0.06119900113330945,0.044594212997794314,0.047028115570598994,0.018560531113968548,0.01872928882508451,0.054891458867922904,0.04065917072506131,0.06205654041903369,0.05713545571350459,0.046387349008093604,0.03459133688558569,0.0,0.0,0.05318922661332032,0.06719624140716135,0.028892552778594816,0.0,0.0,0.06014390652721868,0.051842897031045054,-0.0451245273646072,0.003312272176730857,0.034803206273649634,0.0,0.01029280120878795,0.04725573796586219,5.551115123125783e-17,0.05488088292390375,0.06837919703496409,0.0,0.03798642078252962,0.0,0.046792387581702566,0.08735263756303346,0.0337674655016309,0.06217967606966829,0.0018300576812602665,0.05439128523470266,0.0702104379158277,0.0519298349730668,0.04906595905924216,0.0511783108676826,0.031195190627915426,0.06362564626904899
0.03487376189831659,0.012437470262064987,0.06338135265407902,0.000798593601653852,0.06371840834202641,0.053413535007176494,0.05790093726172574,0.06731924275863888,0.06014968224482653,0.025869211834037287,0.004089929196914255,-0.012482142597677437,0.053992328702958836,0.010572389087237566,0.03495394285678949,0.02402199240169617,0.025211288195655435,0.01495869917374737,0.012688241159198699,0.0254211687410259,0.03184492016453916,0.0,0.024530944347894823,0.05204578198009552,0.023278579245302078,0.029802843001380475,0.027406830726039944,0.039873550671031655,0.03686342712197194,0.02919519430139511,0.025287355146940027,0.012460338445900554,0.007947608068041345,0.024470796802881944,0.01665798567856308,0.01247907717562291,0.03716048039651981,-0.029575107794943933,0.02626328155101809,0.04940914801554247,0.0378456283426693,0.047096498573205026,0.045072969531066986,-0.0017896101020031252,-0.00018332767761303215,0.04320875143196956,0.05475790720197482,0.031221429264700618,-6.6484635800057035e-06,-4.869913289906602e-05,0.05312093873342272,0.04680079404132381,0.039645192220094216,0.03963041865516975,0.03870047387861947,0.0,0.01012410720615059,0.04693553473385764,0.0,0.04438163793640215,0.060963713883795845,0.016620064204608653,0.04800467407451986,0.0,0.04312229396630585,0.03093028102637252,0.031052237781677205,0.03477127561104343,0.03639933022044867,0.053582302108681756,0.050576312542418345,0.02857290171654575,0.04056151719385309,0.04704552347044755,0.018325597718302444,0.04134903669216777
0.03520372786101439,0.05528071916753502,0.05387941094611787,0.049863342383953124,0.05063122604679143,0.034465524421520344,0.05714716352583887,0.03513779547490259,0.04036419557126203,0.07090558474255343,0.12505421966975344,0.07068569017691173,0.05990272464992297,0.017232410625369066,0.019974131349784208,0.0590071438078672,0.03508369414370749,0.05976482623172241,0.10992933893304124,0.026553848225412846,0.030898933454295674,0.024530944347894823,0.0,0.04756756343281604,0.05744692050168321,0.039759302057396584,0.016405920814441977,0.06173790370398918,0.06801922489673606,0.049656213888814305,0.06011213206352234,0.054468945620179676,0.07929980592813701,0.06163536135415615,0.0622314096967439,0.044427752103889384,0.059624555369493015,0.10220686844596633,0.06130164380880898,0.09897173660442904,0.0661248005142695,0.07620663589126686,0.08444310575609132,0.04471065384906314,0.017716891260249668,0.09602206808945468,0.06641817006602996,0.06130317350825365,0.025477820914441618,0.04104911420035706,0.04497540980291248,0.044236362800521456,0.04847068342161476,0.04940432078293633,0.04126966835203855,0.07946124461871684,0.01587331364274186,0.04914981410147745,0.04980291831008382,0.07880005051046601,0.060471108040784205,-6.100750923021536e-05,0.03811208181409115,0.07591295513025587,0.06622063221368052,0.07288805193725473,0.05101347384314664,0.05792160898180787,-0.00023511079394128442,0.05859187248428249,0.05108766630095879,0.04136181685692153,0.0510945557017225,0.060401216850475226,0.05441854959900416,0.061250959636877544
0.008271169317301375,0.036616052423033674,0.043091122470712395,0.008787134641726979,0.030305390079234107,0.04397823872419149,0.008030731319751738,0.0520077427981579,0.04408508686972079,0.0027560904677585985,0.03801860523497935,0.00507193350881735,0.029360897612122516,0.044528530198718275,0.0757610275652183,0.019851343435143165,0.005585574864923615,0.019890825759235675,0.032911326607873714,0.06000792129991417,0.03598127403189355,0.05204578198009552,0.04756756343281604,0.0,0.012865601220303835,-0.0005533837526559005,0.04350739043948143,0.040816279534649724,0.06888042830036989,0.011048864827366944,0.022813513860453494,0.05794772013190669,-0.00031419235914598165,0.017468762700277585,0.033249974828909123,0.034938493390739456,0.041345472719545806,0.02550883172177998,0.048257822902808944,0.06011551523731967,0.019901879504069298,0.029974725405027935,0.014054468521524865,0.0032260279180525986,0.07121214362106948,-0.046711308711116784,0.04426150495201692,0.0,-5.551115123125783e-17,0.00024096848474797206,0.005419766397457837,0.0002064864019692414,-1.6653345369377348e-16,-0.0004292647114083059,0.03996958777453413,-0.00031579084824001624,0.05412184228091982,0.0001145337964146842,0.0,0.0007813072102897944,0.04479225017293542,0.038591090831732955,0.02429976688633323,-2.936504147854624e-05,0.0007818162167627651,0.012601314246572959,0.031760136003889716,0.0007683507584824723,-0.0006199293376701331,0.03511815273206115,0.028708322526465102,0.01046034816627539,0.020422841285928472,0.017207154499804922,0.0,0.031951706360550114
0.03886000232816911,0.03045453035708756,0.0463362925246561,0.0003328982359123711,0.04800052285294604,0.05682901582084898,0.037898001652568014,0.05025184783316633,0.0470116437943639,0.022068694639820086,0.036158401290660724,0.02460600810924618,0.04252793149292161,0.011833452906386432,0.05867957019321751,0.02864828916236295,0.03068163536886892,0.025847579882989025,0.03604374791100773,0.05210856413995307,0.06238429401717699,0.023278579245302078,0.05744692050168321,0.012865601220303835,0.0,0.0282178242483353,0.045493383981097646,0.034479308151454835,0.04651075658414172,0.03309355116962803,0.02227810536433289,0.01935130906524496,0.019020847568936183,0.01776972367688129,0.020822471044299184,0.024780620478233595,0.0026847964136350044,0.041816394579235694,0.04384632068463601,0.04611461287897972,0.046304481258963026,0.030822291108433764,-0.002925023412021277,-5.551115123125783e-17,0.03718541241431106,0.026596465944581038,0.06301682934217273,5.551115123125783e-17,0.0,2.220446049250313e-16,0.05636710458398686,0.012747437509865844,0.053987568744534475,0.00034030520973443723,0.033938007644390866,-4.5511047976176666e-05,0.03320023683216661,0.03643263212755454,0.0,0.0539117853720375,0.06528150724065251,0.03688726645313328,0.05118465972532299,0.0,0.04982823714952256,0.04981548955432935,0.053979767571507464,0.054618346085190894,0.013564105856298692,0.052161417612149485,0.04430288794934195,0.07451142425835267,0.040435352082622444,0.050168872049321245,0.0,0.0489518121073676
0.009301815995789275,0.03655010479584814,0.011504506557957095,0.03307307346665411,0.04220984402168354,0.03398479838802565,0.041641904007567954,0.05228813886293043,0.037001224292884605,-0.00989428882538701,0.02563669196292978,-0.023347167336665753,0.03306323098966374,0.04514675325895806,0.019882239522142575,0.0205847901219548,0.010632337344330445,0.02651972814969722,0.026583003020027085,0.03361676945175923,0.03437144339224335,0.029802843001380475,0.039759302057396584,-0.0005533837526559005,0.0282178242483353,0.0,0.02732555512504059,0.02237504215763908,0.047255864451594465,0.0015691176245257177,0.021863383838621797,0.012935560066853147,0.011990721216873557,0.00883887455454313,-0.00020625024884629584,0.005505797941142476,-0.02019729315675678,0.004499167940716031,0.019137453760653456,0.029507251525156097,0.03970117643965215,0.011321115787534808,0.03600228645129033,6.320550421695659e-05,0.026142038050841643,0.02607833022000028,0.06386451056865694,0.022000337837396744,0.0,-3.2958718353293115e-05,0.06746616392684784,0.05130637552271605,0.036810695043241526,0.013972388032270744,0.025916925421144876,0.0,0.028100800503811085,0.04706301913813021,0.0,0.03720899640647579,0.06295617408612436,0.03097347501225639,0.04249062620135424,0.0,0.041486054685172136,0.061379833635948455,0.04521338268463315,0.03357686775656754,0.007135983475084429,0.042892868223632696,0.041781738019307846,0.04535419787178968,0.04100355586256066,0.04262890206041847,-0.00015916113932967768,0.045015089120940543
0.03760157795139096,0.03801578708110476,0.036681122793712106,0.050156249213857695,0.03928734588620875,0.022768483255782235,0.04909653401357095,0.033433528246848754,0.03822028402511046,0.042351604736253545,0.061347231339587416,0.04685006851188406,0.054674742024414524,0.030114437934754712,0.04879838139233689,0.04787237652755999,0.022296406069563512,0.042596585085666105,0.06392689725839779,0.044684236829937996,0.049907868118829024,0.027406830726039944,0.016405920814441977,0.04350739043948143,0.045493383981097646,0.02732555512504059,0.0,0.051848497376839775,0.05230539784894056,0.027759241226923193,0.039463424056348895,0.04765722692449975,0.06035973045626436,0.04829508825007889,0.045805371967957975,0.0655634555227404,0.05355613332948567,0.03370809153494331,0.06292619301010527,0.08493024021223472,0.06560478807500514,0.08224631376390601,0.08352822256091103,0.06066212945486027,0.04444955253055838,0.02757779004102212,0.05040235895838707,0.05382988070752226,0.01819722052380024,0.04671141472002105,0.04705368654565101,0.04304627103049097,0.044318285414935876,0.04397630016034748,0.01823614251342215,0.061171709200569024,0.02600013611697316,0.05304262520266656,-0.030881076483248948,0.07048801686983663,0.049034296925328125,-1.1102230246251565e-16,0.02389024877906304,0.04573646334463621,0.06142671877769046,0.08477875080582892,0.048371772879708175,0.053248722520779834,-5.551115123125783e-17,0.04933305427200019,0.042148084226808824,0.04890331056030239,0.053593178933562524,0.06117810812091118,0.06316191207981653,0.058764378452501265
