0.0,0.752974128903142,0.6627439243880898,0.0,0.637421771512874,0.6612694675293849,0.7500824076643431,0.8056968065130303,0.5689963501743915,0.7012817502964954,0.6178295752235724,0.6575434927346955,0.8433799983232854,0.7461181762660792,0.5753004460859537,0.8072864074088264,0.6084330394690234,0.7250325914318982,0.0,0.7543499027009299,0.4597236243014512,0.7701591282316905,0.6901297755864753,0.5882081913635017,0.7050801092047914,0.659168814121625,0.7011340927886685,0.6515687986569085,0.8136994543289997,0.7053561385670608,0.7254223563613282,0.7418592258667558,0.6958969901560893,0.6263388732210471,0.5040493520993392,0.8024190030483779,0.482000837578688,0.8084831367080574,0.6389273586771647,0.6781381073773394,0.6260117194656918,0.7539517080452167,0.4671870128480249,0.0,0.5862547607168165,0.5428668144829726,0.9656858198072631,0.0,0.0,0.0,0.6477794189813046,0.0,0.8806473095069103,0.0,0.6269326958853783,0.0,0.74873314047957,0.7479624518685436,0.0,0.6842588443467987,0.9821180120374153,0.5198010831449873,0.8237257555899178,0.0,0.886547649554663,0.6929207158260027,0.89702025337969,0.8462920225678925,0.030479214929109932,0.8213689719157413,0.8369295806333323,0.7003534095823504,0.4235968265758955,0.871840946017985,0.0,0.6801110577920259
0.752974128903142,0.0,0.8972418508042642,0.4054140157150729,0.7842156976613404,0.7800457749786783,0.8049399303373279,0.9321350869225962,0.6793419381331125,0.47793506063320035,0.4649479203517577,0.5159561457386894,0.8249284003403263,0.5563314971420016,0.8566129072012969,0.6701611037063839,0.8016699865403791,0.6910778922696296,0.6746744577540492,0.8043014029504509,0.8240819205998962,0.681737894544208,0.8850267900973668,0.6441762638959863,0.6564399571659264,0.6361342986654546,0.8255813237404972,0.8307697462540431,0.7712728641132871,0.7147064226533528,0.7353986551970095,0.5753506756126887,0.44937126970808927,0.5004581692444143,0.5249251777666784,0.7586932911974525,0.03884304214297055,0.0,0.8499245080865228,0.9862640130875107,0.7626413831695105,0.9313323064602919,0.9335434545110902,0.0,0.0,0.8706975026857073,0.9902805321893362,0.020852428853055563,0.0,0.0,0.953065075756024,0.9505400886577793,0.5822502874348484,0.7519027776100902,0.9197244973199885,0.0,0.7502181893344748,0.9294744159954731,0.0,0.8426223795354433,0.9835219685077075,0.8519658547056996,0.9764543052333714,0.0,0.9597985663106814,0.8133913456076519,0.9740500497616158,0.8559585572851118,0.7682976839813414,0.9829206948853184,0.9779874411215561,0.8559965785749866,0.9078050847948645,0.980037227841926,0.0,0.9778110187651917
0.6627439243880898,0.8972418508042642,0.0,0.8183896443764156,0.7377340483199311,0.6852593934468076,0.7871306191551419,0.7560003108066826,0.5824128068770101,0.8914598290987783,0.7120864570504021,0.9709093111452918,0.8690223412723275,0.7140531249558015,0.6622437688191725,0.858100702857134,0.8305721953557916,0.7497645717047945,0.505877576294352,0.6537509671366454,0.6649610546276336,0.8979736059280272,0.6635762920785424,0.7123293388131524,0.7301129329429354,0.5983275472355671,0.5806572132552614,0.9200019040265801,0.8946545652366817,0.9478065935831921,0.9118932489070397,0.9124197801883003,0.7983345068091168,0.9853483435269534,0.8111593426974819,0.8029470501521531,0.8453185096924388,0.8995730820703736,0.8552067029585828,0.4609255991097786,0.916355754000562,0.46509018105840055,0.8344434906512324,0.7418046410898473,0.0,0.0,0.3660258994986254,0.7344264575073176,0.4634681967978501,0.6753898616674394,0.8076185075128823,0.7470932142849886,0.7948436418331613,0.8527713750631651,0.4174691649950074,0.7499620115342347,0.9790907159247937,0.7604763032944677,0.6640310877504847,0.35048709861468896,0.0,0.0,0.0,0.6276612222086624,0.7723371623409466,0.4016277688605317,0.2540122438408759,0.7929328030816758,0.0,0.5162257355554131,0.6873101343983408,0.8613467717862726,0.7634564108116055,0.8504883601496229,0.6238015251218123,0.7315782379202809
0.0,0.4054140157150729,0.8183896443764156,0.0,0.5127747313245211,0.7670354629462977,0.3682339345822844,0.7056794328449791,0.8636889989531467,0.42097500457735326,0.7933213068983149,0.2974193434334969,0.6573501509976369,0.9361355472608339,0.8477408013674722,0.2819352627204011,0.5738275931392258,0.46528803159964066,0.8629092496544525,0.7505836071869589,0.4659774175690424,0.5030222926975494,0.9901637288966489,0.405405999655683,0.7656350384185316,0.7889372524544924,0.9213069156568973,0.5473000790906708,0.7101734836447808,0.42338194187384026,0.6521621164572635,0.466048774591737,0.6164367757193289,0.30946155464725145,0.4012737302095438,0.6055442131861299,0.5817950988536422,0.4247510747061193,0.3391620101702482,0.36958304848793844,0.5025979872794153,0.4726685232823219,0.31470215724186823,0.1914327717257207,0.0,0.0,0.0,0.40000201798274704,0.0,0.0,0.7571665604588584,0.0,0.4618781995166531,0.31794456908455526,0.0,0.38581554265011964,0.6081469018936734,0.44680455024302834,0.0,0.0,0.0,0.0,0.0,0.0,0.0,0.0,0.45970786352165005,0.9959185915864159,0.0,0.0,0.0,0.8592171463879841,0.4370357376010855,0.5444025639148694,0.0,0.0
0.637421771512874,0.7842156976613404,0.7377340483199311,0.5127747313245211,0.0,0.6419439632835219,0.4161053438999418,0.8602268568909242,0.48754655674244063,0.8014816340281721,0.5396747184282548,0.6443090871680504,0.71871188859799,0.4208751850471093,0.7070498815508648,0.8425076800777818,0.754018725251164,0.653119437826773,0.6166150355047416,0.7273415425832236,0.812395220657674,0.8581712440488846,0.7275204742499168,0.6518398052166114,0.7834156778006095,0.7466392752811779,0.6671030285636784,0.9057436826312106,0.7650757796493058,0.7307261050563012,0.7650902413480171,0.4484351413270177,0.7065952665710011,0.811019898438885,0.5935829882113198,0.5354811811054225,0.8904095070836902,0.5394090056838179,0.8591328205711564,0.45394961303955816,0.5018921407298265,0.4407610194250439,0.6080875812482099,0.33321381880763923,0.35253001598592415,0.0,0.7539274257253434,0.8067432848083416,0.0,0.8051761028357514,0.8124383343366495,0.8723099949034929,0.723631694674131,0.7993265418175,0.0,0.6888926587335746,0.4797703137202842,0.9353989832140492,0.8574155600313255,0.570638765083953,0.4475513803467386,0.0,0.0,0.8721608684067004,0.6318307483301808,0.47798974821663004,0.70429139099335,0.8779033843209181,0.0,0.4604433340482051,0.6445868418257331,0.7363793220597912,0.8778574222004178,0.6947421400245338,0.0,0.9757366267245795
0.6612694675293849,0.7800457749786783,0.6852593934468076,0.7670354629462977,0.6419439632835219,0.0,0.7210917940994248,0.7285301858618963,0.4544571256453358,0.645267726248246,0.796059594929275,0.8663397295219759,0.6637906685517144,0.7140559149030545,0.7976834729715234,0.9091390209692882,0.6979170240590724,0.8513543377571562,0.8671820631371914,0.7125413025215117,0.8742258455987757,0.741564969825891,0.6642581139416323,0.6383146265795652,0.8460070111424385,0.8032188800523431,0.6144566544775354,0.7121249662051661,0.6279059659438999,0.8081473746574344,0.8044982118160472,0.8515114658269092,0.9326493622519981,0.8588648000419776,0.8658612121078971,0.9078833475125929,0.8963732031020046,0.8180941019236856,0.8822913590669506,0.6423606857406307,0.7368772151219023,0.788352538861053,0.9941203186376238,0.7728533843817313,0.5928143111820097,0.9553009385481279,0.9212267277908981,0.8060133825824081,0.8367948572702335,0.6494097177530409,0.7969199619572457,0.820581096418163,0.8140146676130572,0.8241568090142317,0.8273203136111797,0.7921463002223454,0.5879297060784151,0.8343816234068058,0.7203955968697757,0.9190912755552915,0.9722192541720156,0.0,0.9344218117626534,0.7036959276818824,0.9132922590547117,0.7240392986891844,0.8647482194731713,0.8170046003883402,0.49601659439586826,0.8208706018797813,0.8429176699975589,0.77857050131668,0.7916965208654485,0.9596878634880517,0.7406605558070762,0.7155895469064999
0.7500824076643431,0.8049399303373279,0.7871306191551419,0.3682339345822844,0.4161053438999418,0.7210917940994248,0.0,0.7812049635738443,0.7090189665630312,0.7237929202304826,0.7179111006903455,0.6143095146644166,0.6241934210938336,0.576049231728138,0.7826365370164016,0.8340020470301498,0.744839905287572,0.7298253914102549,0.7608426003853075,0.8136922961531293,0.7258717413920746,0.8295775353401694,0.8425591104919251,0.5494652166771765,0.7509365905905252,0.8161631241964641,0.7540069038390962,0.7205097359644987,0.7838595611662453,0.8070563065129432,0.717607324512811,0.5305972858622575,0.651868680404751,0.51717350390557,0.5270871133703987,0.8583360305544294,0.5995733112906086,0.8550563734875275,0.971158304644959,0.3700723811336382,0.3692780939415816,0.38189277827518947,0.6242858199534731,0.914616094536888,0.7786922372080596,0.0,0.9574930933554404,0.6352775216983506,0.0,0.7847846815472221,0.7953871298702386,0.8252638955663274,0.8015974630456202,0.8679367595357492,0.7579321688936895,0.679282798379418,0.5054969877964588,0.7529347895412214,0.6363240370644447,0.8278795550127152,0.939984119585417,0.0,0.485343236660812,0.8035957946353167,0.9703471259861862,0.6321693599147988,0.8986533926768896,0.8003917775007614,0.4591019652207985,0.9776245993015678,0.9588566335622101,0.7470983463067822,0.7398856702224001,0.7985913258326651,0.861032235812825,0.7668542501980419
0.8056968065130303,0.9321350869225962,0.7560003108066826,0.7056794328449791,0.8602268568909242,0.7285301858618963,0.7812049635738443,0.0,0.7782779338174748,0.8522333036441132,0.6647477402782138,0.909421788989955,0.9023191864134028,0.7596766657050011,0.7145918154924675,0.9829985987051444,0.49259487285006903,0.8442053818587845,0.6058658511070201,0.7785870517734022,0.712563105710137,0.8915592921683313,0.7277836314940362,0.6979285081530772,0.8194479519338056,0.8282520663297207,0.6806868674868383,0.9037059350321088,0.8339064793609933,0.8153679844477371,0.8925175187919824,0.8797724890457626,0.8602398939043144,0.9229222352669547,0.7444814434927305,0.9011891129119566,0.8020146802361569,0.7496891369136589,0.9816318485304361,0.824200541722812,0.6870212237154562,0.9388043478893552,0.7400951552667272,0.6857977170081101,0.0,0.789017720195806,0.6622271596356195,0.8152897869509033,0.0,0.664736218020537,0.7269970214878136,0.7032303564261481,0.8131259189779052,0.7730118085961903,0.6208769750364752,0.7796595177620327,0.9260230089545933,0.7478383838277878,0.7110373472102602,0.9591928574661094,0.6549928275647743,0.0,0.5303497335579568,0.7500971845773304,0.9251006763809728,0.8142426868952776,0.9390460594842313,0.8437215196966152,0.0,0.9314763808780981,0.7301871516959427,0.7807210468535984,0.754964755283474,0.9131091525637649,0.5737229705038894,0.6699504471206041
0.5689963501743915,0.6793419381331125,0.5824128068770101,0.8636889989531467,0.48754655674244063,0.4544571256453358,0.7090189665630312,0.7782779338174748,0.0,0.8268204124396358,0.5508117812378057,0.8437726645450003,0.7938555662363148,0.6411287527041177,0.814554684187276,0.7974334442882118,0.7529592652117261,0.6157330049096787,0.49823116498179665,0.7994176340334296,0.5864292886041333,0.8495979274839197,0.6788927954819707,0.7741560950247457,0.7477374925069948,0.7381687883793755,0.6385057322613459,0.8766230007895218,0.6917080631071664,0.8589469736569166,0.8480647321327477,0.8819410361851467,0.711101318229669,0.9054624602763328,0.8177376685582725,0.8371082885196186,0.8895212350221464,0.8763792123710752,0.8508443100528419,0.6254987036616333,0.5892956361487132,0.7198740625681851,0.7630751526846726,0.7709468936509367,0.6962029991964238,0.0,0.9048194180429348,0.7846969955150758,0.4584380984205937,0.8467771968420152,0.8658517444448495,0.8195752050316109,0.8199283341049894,0.6929320555222604,0.3569167410837045,0.7486493003710744,0.7107788948836963,0.7173549799403793,0.7464214310847146,0.7611974197221336,0.987910884971931,0.0,0.0,0.7452527157819022,0.8659327591569943,0.6460458221979333,0.7887532471356693,0.8289006633431408,0.4080660922946536,0.9461349143631181,0.6837804503169544,0.756161930855668,0.7265093975019731,0.8883870620464194,0.777657907474126,0.8895253585385712
0.7012817502964954,0.47793506063320035,0.8914598290987783,0.42097500457735326,0.8014816340281721,0.645267726248246,0.7237929202304826,0.8522333036441132,0.8268204124396358,0.0,0.7941927361438715,0.6118547288095204,0.8164049640548359,0.7879070836146177,0.5527882470538199,0.49918935844266926,0.6149363850767203,0.6116150019344128,0.8178297914526163,0.5870645096384961,0.8637169488582805,0.6516421907606658,0.9293266898761026,0.44294534396534696,0.7308617631033947,0.48961441086584956,0.7258135953531208,0.8017248366996876,0.7100324119022599,0.676598296743982,0.7920733001876419,0.5495530562391249,0.7237296853237798,0.7765556117882351,0.6819126354057834,0.7766068915004664,0.6997153828667696,0.5751361892399749,0.45663654412030197,0.7268197390856681,0.6921927290488918,0.8110853453712481,0.5268184543339303,0.664067642966989,0.7550622995206161,0.975193819092436,0.5621404821182283,0.34740613426098904,0.48117263293975365,0.4543834181787411,0.6887972527205279,0.5622527699947774,0.6805342473433408,0.33288230349147035,0.6957183374966625,0.5825067397132124,0.7232333412242096,0.6956145359975795,0.0,0.6082775905062221,0.8896326228954653,0.7416888996057622,0.755424163595313,0.46291293543924583,0.44712617357867257,0.814095740474921,0.4689024747422625,0.8799144204073904,0.5409655447378886,0.8071122017404379,0.7216165287671639,0.9266453540644017,0.9412603225463521,0.5480894291638576,0.0,0.8042899937092058
0.6178295752235724,0.4649479203517577,0.7120864570504021,0.7933213068983149,0.5396747184282548,0.796059594929275,0.7179111006903455,0.6647477402782138,0.5508117812378057,0.7941927361438715,0.0,0.7448105231670452,0.7299520501562691,0.5455714750129542,0.0,0.48184713133824525,0.7180463975310637,0.7238588657668278,0.45227304423624676,0.44798792665126574,0.8086731237991842,0.42520497292998505,0.8886625606163759,0.7320164478241117,0.7687604361427374,0.7385648627947576,0.7809365019622526,0.7466977943644306,0.566535600607859,0.6339378734325241,0.6846336336984766,0.4785745593232211,0.6426689367520122,0.7360561098124736,0.6820552563675116,0.6055068810207348,0.8135902820491426,0.664193295798567,0.7156149862588987,0.6519140729505317,0.4386098006767044,0.7290688279255069,0.7656452552662276,0.6539702588334827,0.43298860346889,0.0,0.0,0.6850868990035742,0.4614634524648755,0.6057050197757553,0.7994840503189833,0.565862540977158,0.6863496319115762,0.7247426380183506,0.6713887312705511,0.6009406814817033,0.5300061545005976,0.7124329883066778,0.7757028103047234,0.0,0.0,0.0,0.0,0.3952258779315888,0.5130895521062689,0.0,0.5242979633480979,0.7852671500062302,0.0,0.0,0.8803994291622221,0.8374927828389558,0.5210079338686466,0.3294101823729094,0.0,0.8192094768783776
0.6575434927346955,0.5159561457386894,0.9709093111452918,0.2974193434334969,0.6443090871680504,0.8663397295219759,0.6143095146644166,0.909421788989955,0.8437726645450003,0.6118547288095204,0.7448105231670452,0.0,0.7535801906841776,0.646411058671763,0.469304915042858,0.8135298618684708,0.8287150774981408,0.8455834181637658,0.9271429052909645,0.7254070891941686,0.796238625233506,0.37057352480920713,0.8317990711919716,0.43399197446505944,0.7488401851765303,0.36553607613742445,0.8092121879483177,0.7832814941788773,0.932763123773243,0.6765509877376479,0.7018810706898436,0.5256047654434273,0.7090027583253666,0.6104576074941261,0.6708194480142493,0.6563711053234537,0.6671838864959786,0.4482164577102671,0.603921411736462,0.758086772604396,0.7234510428470673,0.38253358210131,0.6318855026843337,0.6657362017880839,0.7798814139662367,0.6032444495022556,0.49636075337594315,0.5484245135113293,0.40603737275897833,0.3032727388475927,0.6603134598567189,0.7587053526217855,0.35399253877561626,0.5925712270580115,0.7776413460708906,0.35471416926963634,0.7574925083541568,0.7861021734737124,0.5347207980116956,0.5225581622346378,0.669248576649127,0.7421094810897679,0.8212505980012452,0.5731510270500542,0.8425745509520952,0.7908024481967528,0.685790186681168,0.6964231779279163,0.5337253502070888,0.7809113186143015,0.6936046460243102,0.5620743738583509,0.7598326379408624,0.5330605485663458,0.0,0.8235282323212013
0.8433799983232854,0.8249284003403263,0.8690223412723275,0.6573501509976369,0.71871188859799,0.6637906685517144,0.6241934210938336,0.9023191864134028,0.7938555662363148,0.8164049640548359,0.7299520501562691,0.7535801906841776,0.0,0.7310300966559559,0.7981604108587106,0.8175003241197998,0.7074632641001621,0.8679728714152901,0.7831828146443656,0.8103723559350633,0.7813379680380379,0.8052037219331047,0.9094882443305148,0.5942333120446577,0.8699588635223339,0.7852776877161867,0.8414121279361332,0.7838856909519232,0.7022426273173696,0.6212836292136272,0.6908083952106413,0.6405252602770144,0.7080104081180494,0.7211818359722261,0.6031804561959975,0.8163034700450542,0.7784575261469153,0.711456322305583,0.8277955741935279,0.4736779880185225,0.524493168647374,0.6725041779142682,0.5196870236341735,0.5489190625565885,0.8801767238593997,0.9775950301804788,1.013668900499701,0.8035977021423286,0.0,0.8896064916539039,0.8658219826415141,0.8139705636122906,0.7663696643836837,0.9105426814192763,0.6194590437568879,0.6663354779714473,0.8697960193118439,0.8050827417423128,0.43866953494408367,0.8480809444849045,0.9203974163385378,0.5641838451556438,0.8817199315404347,0.822877053440263,0.8489741035093301,0.9957931751401652,0.9410920365545954,0.8566805035153024,0.508194029507085,0.8289761386484314,0.9841103169833982,0.830422497816308,0.891730889373173,0.8555295066219359,0.7462232126789459,0.8306013143908889
0.7461181762660792,0.5563314971420016,0.7140531249558015,0.9361355472608339,0.4208751850471093,0.7140559149030545,0.576049231728138,0.7596766657050011,0.6411287527041177,0.7879070836146177,0.5455714750129542,0.646411058671763,0.7310300966559559,0.0,0.7498151824258203,0.4788893676536632,0.4669407969936674,0.4750882850222449,0.5843233853808698,0.6420423680960355,0.747952971995649,0.35978805736139574,0.6786073402863879,0.7951873948506525,0.5497138850484546,0.7894322640259901,0.7038452388339388,0.91187906196763,0.5466496147406089,0.6937678420776855,0.6502222846198604,0.2390774820888039,0.09766374061529282,0.730581050758736,0.0846802518088283,0.260094384365718,0.27266891550321243,0.4850172496536387,0.7292442439731344,0.0,0.5502588894108529,0.660941464189857,0.7847595981624811,0.4634259493740377,0.0,0.0,0.0,0.6589232923955298,0.0,0.7049568651503404,0.511860395775266,0.6239045740141684,0.7212191764215466,0.6412927683686696,0.0,0.7728183660985044,0.3676608282603805,0.7910784185877549,0.7179536066363322,0.0,0.0,0.0,0.0,0.6566641877006547,0.0,0.0,0.0,0.744418209894121,0.0,0.0,0.0,0.7535518126068317,0.8246499228395352,0.0,0.0,0.0
0.5753004460859537,0.8566129072012969,0.6622437688191725,0.8477408013674722,0.7070498815508648,0.7976834729715234,0.7826365370164016,0.7145918154924675,0.814554684187276,0.5527882470538199,0.0,0.469304915042858,0.7981604108587106,0.7498151824258203,0.0,0.7964069481945844,0.5970928745293493,0.7344170280503367,0.0,0.5991041749730512,0.7167942372966545,0.7632690533632538,0.6332802765706628,0.6482962175255553,0.8123397525809034,0.6168899624992212,0.764139122161954,0.808171492205699,0.7511242192599159,0.7390530687590274,0.7704173056785371,0.6889781861076659,0.6930182476468001,0.7353708456874564,0.7262909047156156,0.6934307062349476,0.7315776329635495,0.3717317775745057,0.6987438136442249,0.7626137316742254,0.7851747399087439,0.6969438932034222,0.4960081093014252,0.43882334575825405,0.0,0.8141578416647155,0.9686296112697967,0.72104107122768,0.0,0.0,0.8128759137324033,0.9041672000557726,0.7516873668792243,0.5676075030403624,0.0,0.0,0.9886151643466169,0.8718811648665483,0.46357582919648077,0.4547980171693873,0.9578650565989717,0.953068608137142,0.9841730173391835,0.0,0.6901763251286802,0.8515199327085018,0.7267105534925384,0.9097709172354296,0.4594194020494007,0.738876343293059,0.7960394226796745,0.8075601540960621,0.6848333362070745,0.7686729886517637,0.8402145827817495,0.7370629549384082
0.8072864074088264,0.6701611037063839,0.858100702857134,0.2819352627204011,0.8425076800777818,0.9091390209692882,0.8340020470301498,0.9829985987051444,0.7974334442882118,0.49918935844266926,0.48184713133824525,0.8135298618684708,0.8175003241197998,0.4788893676536632,0.7964069481945844,0.0,0.30280997224006223,0.695524666680987,0.44643174575297206,0.7025225779947092,0.8390187152929358,0.7350826040833557,0.9398868296366273,0.7279322943461639,0.7669086455835977,0.7309216478558995,0.8929312678281504,0.7620087407179831,0.7551405776863469,0.6748924866223294,0.7231970543146546,0.7021842049793132,0.3939071823599398,0.46944588271800974,0.5539558864152796,0.3716803519945442,0.8118535744175865,0.5931044128490676,0.9099116329484693,0.7861684527476024,0.869177366354958,0.7666132824252931,0.4633507439184825,0.0,0.0,0.6540455892763797,1.0042522128144213,0.0,0.0,0.0,0.9405163975140495,0.7200091201995987,0.9131211878522119,0.0,0.79232005627613,0.0,0.7245252523547203,0.9430244698222472,0.0,0.8984901477993057,0.9887152485979074,0.6780826470155887,0.9734288634180113,0.0,0.8692884371465648,0.7158021863039044,0.9587437085868228,0.8144365860006859,0.4101028648875582,0.9855184655198963,0.8985699365425293,0.8980628522502395,0.8331649879239719,0.9417102128810413,0.0,0.8747573266113038
0.6084330394690234,0.8016699865403791,0.8305721953557916,0.5738275931392258,0.754018725251164,0.6979170240590724,0.744839905287572,0.49259487285006903,0.7529592652117261,0.6149363850767203,0.7180463975310637,0.8287150774981408,0.7074632641001621,0.4669407969936674,0.5970928745293493,0.30280997224006223,0.0,0.6270975466603115,0.8765949853884807,0.5556654962485266,0.8539797201072018,0.746690069155986,0.7903069364081838,0.591116368749417,0.7718933259027398,0.5831958919129152,0.6439532442154854,0.8477713510715786,0.5499732101813962,0.9302942649179422,0.5138656474063343,0.6432645740210865,0.684308387863549,0.6297934970408474,0.5932536331780613,0.6683778812037064,0.35202268581867663,0.522559056241852,0.8284750708451654,0.7863854504538264,0.7688281146248426,0.7283519382778851,0.0,0.0,0.5383751893220114,0.8020767811592708,0.35700416405785207,0.0,0.0,0.0,0.0,0.0,0.0,0.0,0.7976559188465357,0.0,0.7147669579407715,0.5003952819884243,0.0,0.5333739433813052,0.7711842136381281,0.8665722271205628,0.829974410700625,0.0,0.0,0.0,0.5002943256532829,0.0,0.639742024545273,0.897550410788449,0.8409934494915533,0.0,0.7134898033141968,0.45902830897912644,0.0,0.9003183134809558
0.7250325914318982,0.6910778922696296,0.7497645717047945,0.46528803159964066,0.653119437826773,0.8513543377571562,0.7298253914102549,0.8442053818587845,0.6157330049096787,0.6116150019344128,0.7238588657668278,0.8455834181637658,0.8679728714152901,0.4750882850222449,0.7344170280503367,0.695524666680987,0.6270975466603115,0.0,0.742526519280201,0.762695501401529,0.9283115389332304,0.619023072706048,0.8850670282529693,0.6498613978089944,0.7568922917352829,0.6678055806160117,0.8816660972360929,0.7899643606746827,0.7552875303941995,0.677046214383155,0.4889094605014005,0.5533933154193886,0.552357509381409,0.6071313449435765,0.4878309393467024,0.736863448850555,0.38924474591830804,0.49509598004704103,0.9477704948236112,0.777526345348674,0.7772625482638424,0.7285791692327501,0.0,0.0,0.5066910451080142,0.6666266902572093,1.0056793880315138,0.0,0.0,0.0,0.9379423336724633,0.48597692809288956,0.5780510707883413,0.0,0.8398895423954305,0.0,0.8243539168433184,0.8307825057158414,0.0,0.9000777444806316,0.9978677865647926,0.8381114178890565,0.874548680637667,0.0,0.8274462736453414,0.9533474027438951,0.9683729566373149,0.9411407426755234,0.6479096173351948,0.8935822501381312,0.8773194957032442,0.6228701199645612,0.9757613581611957,0.8450168616534527,0.0,0.9389287538808739
0.0,0.6746744577540492,0.505877576294352,0.8629092496544525,0.6166150355047416,0.8671820631371914,0.7608426003853075,0.6058658511070201,0.49823116498179665,0.8178297914526163,0.45227304423624676,0.9271429052909645,0.7831828146443656,0.5843233853808698,0.0,0.44643174575297206,0.8765949853884807,0.742526519280201,0.0,0.491817736101008,0.666593448090524,0.7061065924246008,0.684786087919297,0.7768182089354732,0.8158647135020969,0.728519601857824,0.7686540714617918,0.8516921351131841,0.7844767910845925,0.8348745612987682,0.7863797635349777,0.8100450225368307,0.5770754104343685,0.8522634713401559,0.7814179369162721,0.7179430148966819,0.7519110208946367,0.801698580966604,0.6144760725919715,0.43631874487095484,0.41912771979828123,0.4458409542827989,0.8351543799807803,0.55191197848991,-0.01617945089309095,0.0,0.0,0.7299546414349543,0.0,0.5463915656387281,0.6599357179584318,0.6795637208700236,0.6448764698039833,0.7365467994329268,0.5848695480982844,0.6424585250965433,0.9371704251451713,0.6134662538725492,0.5069545303263256,0.0,0.0,0.0,0.0,0.665308148842022,0.46060360369842746,0.0,0.47550082615031664,0.7768751717872845,0.0,0.0,0.0,0.736284446298214,0.9625056788737923,0.7230228004597222,0.45874773303733907,0.8112563111282645
0.7543499027009299,0.8043014029504509,0.6537509671366454,0.7505836071869589,0.7273415425832236,0.7125413025215117,0.8136922961531293,0.7785870517734022,0.7994176340334296,0.5870645096384961,0.44798792665126574,0.7254070891941686,0.8103723559350633,0.6420423680960355,0.5991041749730512,0.7025225779947092,0.5556654962485266,0.762695501401529,0.491817736101008,0.0,0.8343067864774676,0.6510090987409867,0.6393807867160095,0.8388024497244456,0.9283770693899304,0.6934476737987517,0.7974520552495714,0.6969078454751845,0.7897691839907308,0.9910325920352598,0.7552060465031427,0.6872163905321378,0.661080973573107,0.784466675515735,0.7924363828834731,0.8962811296221448,0.8064843255465624,0.5477900008701345,0.8517253243237883,0.9351573019660215,0.9142242429515095,0.8699558814114456,0.9611060373331535,0.3258317877977539,0.3200621795511331,0.9621223742010723,0.9906282660722583,0.8021313622484227,0.0,0.0,0.8316554978141262,0.9669534927213074,0.9789964446580854,0.6639131986978422,0.7494910373251384,0.0,0.6981841808746472,0.9870811486923182,0.0,0.915211068125046,0.8845241318868915,0.4650995387299015,0.9177043290355504,0.0,0.8388539384783924,0.9009408082028023,0.8383132217193139,0.9076481662491102,0.0,0.9511020784927052,0.8437559937023331,0.8989995221347283,0.7566060552575553,0.9068660817258349,0.8622246622050413,0.8675696877288224
0.4597236243014512,0.8240819205998962,0.6649610546276336,0.4659774175690424,0.812395220657674,0.8742258455987757,0.7258717413920746,0.712563105710137,0.5864292886041333,0.8637169488582805,0.8086731237991842,0.796238625233506,0.7813379680380379,0.747952971995649,0.7167942372966545,0.8390187152929358,0.8539797201072018,0.9283115389332304,0.666593448090524,0.8343067864774676,0.0,0.7274323154999293,0.6816571565942522,0.6304757191504397,0.8181249790346176,0.822143205580129,0.7760168193460864,0.7968100985551579,0.8970882710991149,0.5842277643028757,0.793673430665842,0.6756613453697247,0.7592787900953448,0.7140497439225588,0.8388361298563126,0.5459400316721863,0.5326572702967612,0.8701983234267721,0.7737702472822792,0.8340070276971596,0.7525044359280486,0.720242757337781,0.7054299110591333,0.0,0.0,0.7114193296507723,0.9701060396808177,0.7667562826870807,0.0,0.0,0.8890559036849275,0.6768750255910452,0.38249145290727843,0.5968931516289111,0.8363018065500181,0.0,0.8073881872385993,0.8320479979575103,0.0,0.8209798552233216,0.9759204561363242,0.0,0.8386672199343187,0.0,0.7886744519097156,0.9231888804262831,0.792817967043848,0.8282880091290281,0.5572443512321216,0.7710564655565637,1.0071663807063356,0.7590466809612422,0.7853896378524442,0.848713380148798,0.6046504899523658,0.6678705823730942
0.7701591282316905,0.681737894544208,0.8979736059280272,0.5030222926975494,0.8581712440488846,0.741564969825891,0.8295775353401694,0.8915592921683313,0.8495979274839197,0.6516421907606658,0.42520497292998505,0.37057352480920713,0.8052037219331047,0.35978805736139574,0.7632690533632538,0.7350826040833557,0.746690069155986,0.619023072706048,0.7061065924246008,0.6510090987409867,0.7274323154999293,0.0,0.7614929495780236,0.7179775527113221,0.8069737794607907,0.797371606072196,0.6694036064245603,0.7738663595707695,0.7143415053267963,0.6415962806065678,0.7792459097802809,0.658472368593472,0.553053798937752,0.7732606196119969,0.7178221031605166,0.6266679260002659,0.8432356204925473,0.311752030141212,0.6912654137403008,0.9002922220911406,0.7603027022886182,0.8008424484275309,0.6729029545755978,0.3431007637467242,0.3784526269282359,0.835774471173393,1.002958541833231,0.8259275720718646,0.46191053333253396,0.38531303997273414,0.9652529154704098,0.9844018864471651,0.8186881833229054,0.969545521733764,0.7383169275904187,0.0,0.6798021037758175,0.9044569361863343,0.0,0.8389250123026564,0.986661034571402,0.7145398334311444,0.8958580560706192,0.0,0.8161044017089658,0.7497945851938996,0.8224941011959279,0.7497793261291703,0.8273587546585361,0.8961257276516617,0.8831833569108885,0.7496999184025139,0.8059215097960382,0.831471282033375,0.6427748839680285,0.8794679982278398
0.6901297755864753,0.8850267900973668,0.6635762920785424,0.9901637288966489,0.7275204742499168,0.6642581139416323,0.8425591104919251,0.7277836314940362,0.6788927954819707,0.9293266898761026,0.8886625606163759,0.8317990711919716,0.9094882443305148,0.6786073402863879,0.6332802765706628,0.9398868296366273,0.7903069364081838,0.8850670282529693,0.684786087919297,0.6393807867160095,0.6816571565942522,0.7614929495780236,0.0,0.6902296502191466,0.8121404652231273,0.7126287996074024,0.5135582183745028,0.8201904416197345,0.8733455877157592,0.7679915820826608,0.8644105285954018,0.9000666945815133,0.8743373762835287,0.8814604966715631,0.8725939418984704,0.7678123413183326,0.9500303009529327,0.8851192151035847,0.892205194388698,0.9251953821824634,0.8773840503483417,0.9464941422108396,0.9479771909094251,0.8414733365153708,0.6173673914494189,0.9314018799563379,0.9931711957399714,0.7814115729958898,0.7152951135233331,0.8068228277317828,0.7870566104532177,0.7816060683414883,0.8043953118196246,0.8072032572058164,0.7861995031207685,0.8034165264780588,0.5250700905117754,0.7633175613321477,0.7873625806682875,0.9463326290801621,0.9515618477131313,0.4471261735786724,0.806398655288084,0.7499595804840772,0.880488935980615,0.902778615407769,0.8668047655986488,0.8602906108708233,0.3322922744528198,0.9450835657767775,0.8464073885190668,0.7228887002396871,0.7611310025250626,0.9021188965506267,0.8201636237894887,0.8018400759077613
0.5882081913635017,0.6441762638959863,0.7123293388131524,0.405405999655683,0.6518398052166114,0.6383146265795652,0.5494652166771765,0.6979285081530772,0.7741560950247457,0.44294534396534696,0.7320164478241117,0.43399197446505944,0.5942333120446577,0.7951873948506525,0.6482962175255553,0.7279322943461639,0.591116368749417,0.6498613978089944,0.7768182089354732,0.8388024497244456,0.6304757191504397,0.7179775527113221,0.6902296502191466,0.0,0.597522650124651,0.42676064154803733,0.6257711272644098,0.7454316077087664,0.913114779154422,0.879152137606245,0.744809312735975,0.6805626238150162,0.45463210800277304,0.47483622436005657,0.5819936065928061,0.5204630971536731,0.5401361556064386,0.5309343054720634,0.8157293437593828,0.8517956145659542,0.5739092812290925,0.6348194515384005,0.6669466344003223,0.4957155438185711,0.7201068727364979,0.28861706985158186,0.7528486670404322,0.0,0.0,0.47118511938074986,0.5489626348545422,0.3857806108969137,0.0,0.29371207357136836,0.6769638845058185,0.4834081894860718,0.729072646904543,0.4038148370197998,0.0,0.34849360691792797,0.7672590774201486,0.7238884495318041,0.681003960279267,0.459268985190876,0.4094563824656267,0.5408804844444852,0.641460718676339,0.6573869716356162,0.3536093506448582,0.784656473367293,0.7119237592818815,0.5431773495730219,0.6596400853145378,0.8440699975447441,0.0,0.6300754780590965
0.7050801092047914,0.6564399571659264,0.7301129329429354,0.7656350384185316,0.7834156778006095,0.8460070111424385,0.7509365905905252,0.8194479519338056,0.7477374925069948,0.7308617631033947,0.7687604361427374,0.7488401851765303,0.8699588635223339,0.5497138850484546,0.8123397525809034,0.7669086455835977,0.7718933259027398,0.7568922917352829,0.8158647135020969,0.9283770693899304,0.8181249790346176,0.8069737794607907,0.8121404652231273,0.597522650124651,0.0,0.4989115417079492,0.8840802041583926,0.789174338486344,0.8012691193846216,0.6432028588995886,0.679599751267311,0.4948933840954611,0.6845386654722894,0.5949969854564519,0.6461491235166446,0.5639961329938461,0.5985173689349825,0.7185813401965477,0.9005655939572614,0.8370647968108091,0.8574320585081305,0.77572337762741,0.15054161210386038,0.0,0.6185328480993799,0.7747417501227771,1.0034733860603147,0.0,0.0,0.0,0.9502748394867707,0.6325318013487429,0.8880771846817208,0.42716088763193916,0.7352019779835723,0.4528261793941798,0.7587244446783956,0.6351748678600257,0.0,0.8248398912157155,0.9959595479429465,0.7560498137435439,0.921453337895229,0.0,0.9274262843247163,0.8478259139425397,0.9514330302480254,0.8304902639099633,0.6035982907849284,0.9413128677366092,0.9025274674088335,0.8938154131563978,0.8431595591995606,0.7683985625615938,0.0,0.9641595639576425
0.659168814121625,0.6361342986654546,0.5983275472355671,0.7889372524544924,0.7466392752811779,0.8032188800523431,0.8161631241964641,0.8282520663297207,0.7381687883793755,0.48961441086584956,0.7385648627947576,0.36553607613742445,0.7852776877161867,0.7894322640259901,0.6168899624992212,0.7309216478558995,0.5831958919129152,0.6678055806160117,0.728519601857824,0.6934476737987517,0.822143205580129,0.797371606072196,0.7126287996074024,0.42676064154803733,0.4989115417079492,0.0,0.7450698271443674,0.7428281114925284,0.8881891717922853,0.38031283181183484,0.61095520076966,0.6752721474417686,0.6373355559460296,0.5639808556354258,0.5607399539025428,0.4828041450556638,0.2607670955461493,0.4662962471263852,0.6744139641943236,0.7642505078686241,0.9074673470310008,0.5029192434541212,0.4143007016024502,0.49664672735726023,0.5891702019212806,0.7229278296392772,0.9990124426656216,0.8573618266098009,0.0,-0.015976485729532794,0.9742945642458639,0.8946590183907837,0.6838125915320064,0.6554612897314612,0.689322885772383,0.0,0.7577669206050213,0.9031479806617213,0.0,0.8211170209779586,0.9897791751662397,0.7141515056479258,0.8523410076481921,0.0,0.8080874008859129,1.0058557232432936,0.926261225143842,0.7480308724708713,0.5408172768531657,0.8974382681384674,0.8478295506151967,0.8665047770055914,0.7956315025565568,0.9116031401206324,0.45046091816254086,0.888564214117475
0.7011340927886685,0.8255813237404972,0.5806572132552614,0.9213069156568973,0.6671030285636784,0.6144566544775354,0.7540069038390962,0.6806868674868383,0.6385057322613459,0.7258135953531208,0.7809365019622526,0.8092121879483177,0.8414121279361332,0.7038452388339388,0.764139122161954,0.8929312678281504,0.6439532442154854,0.8816660972360929,0.7686540714617918,0.7974520552495714,0.7760168193460864,0.6694036064245603,0.5135582183745028,0.6257711272644098,0.8840802041583926,0.7450698271443674,0.0,0.8163723110532175,0.8610651750657956,0.6864862809683814,0.8164215238385202,0.8412870243287194,0.8985347009392808,0.8602971145709792,0.8435265559527503,0.885403503325964,0.934555265636515,0.7466571935589807,0.8944686241558472,0.9165129035058963,0.8710473958487419,0.9163225272221875,0.9970217069722158,0.9326413143647275,0.6784049079942713,0.632868012911199,0.7922544798784361,0.7955947409752491,0.6934628103887224,0.8206022844164762,0.7908327068521956,0.7553485473970403,0.7026033293883955,0.7691518134505859,0.7854417638406148,0.830311794112353,0.5318683794240071,0.792929143633232,0.4798154082298076,0.9163557152820028,0.8913829547191092,0.0,0.6606586281210193,0.8076594250969564,0.8471191798650943,0.9388128598250318,0.8283584010391305,0.8087153765152237,0.0,0.874479818471086,0.741575256476067,0.7934550660638373,0.8135187551418873,0.9064392321072386,0.7809454893029739,0.8176173003731465
0.6515687986569085,0.8307697462540431,0.9200019040265801,0.5473000790906708,0.9057436826312106,0.7121249662051661,0.7205097359644987,0.9037059350321088,0.8766230007895218,0.8017248366996876,0.7466977943644306,0.7832814941788773,0.7838856909519232,0.91187906196763,0.808171492205699,0.7620087407179831,0.8477713510715786,0.7899643606746827,0.8516921351131841,0.6969078454751845,0.7968100985551579,0.7738663595707695,0.8201904416197345,0.7454316077087664,0.789174338486344,0.7428281114925284,0.8163723110532175,0.0,0.6717801837545836,0.5868903416341874,0.7673301978147052,0.6926659166652153,0.698981636464209,0.6790521293843792,0.6096254440088189,0.6186661197930305,0.5961913078123329,0.6434651054127122,0.9615809576012186,0.31298720390073,0.6666433868317339,0.5665480511895787,0.9559017861658314,0.5184475631702923,0.7370889812989556,1.0063021631515037,0.9216629776955426,0.8777910743881827,0.0,1.0037249442531557,0.9520811965014313,0.8161205303612986,0.8598397981806692,0.8858153469357752,0.5538315272424505,0.6963181309144939,0.5094845274106237,0.9493987992813124,0.3979585628872072,0.8817342932803074,0.7041758658084887,0.31912361003874323,0.9079232092346006,0.9957276212771742,0.9559280753862407,0.918448557097453,0.9068760454113072,0.9018452524047426,0.7177132367389589,0.8900730498591967,0.6752325901970353,0.8889071945442308,0.9567834327310822,0.9279593888275351,0.8940984989249257,0.9116770902603644
0.8136994543289997,0.7712728641132871,0.8946545652366817,0.7101734836447808,0.7650757796493058,0.6279059659438999,0.7838595611662453,0.8339064793609933,0.6917080631071664,0.7100324119022599,0.566535600607859,0.932763123773243,0.7022426273173696,0.5466496147406089,0.7511242192599159,0.7551405776863469,0.5499732101813962,0.7552875303941995,0.7844767910845925,0.7897691839907308,0.8970882710991149,0.7143415053267963,0.8733455877157592,0.913114779154422,0.8012691193846216,0.8881891717922853,0.8610651750657956,0.6717801837545836,0.0,0.6345736601155867,0.619468249739147,0.7717355473037724,0.7900918718321122,0.8100156663785887,0.7752776829809414,0.7847819346423572,0.7857481249506935,0.7921339701395087,0.9610597327071846,0.9122668476406106,0.9600498890149125,0.9563547162660802,0.805384081662001,0.9822579594653397,0.6995695464879922,0.565468192630777,0.9123898223697118,0.7017038085102136,0.4714129673796098,0.6865743796644961,0.9117805485446976,0.842324940741612,0.9822298762099101,0.7715246464011277,0.8025902615850444,0.524612778544078,0.8119108783095368,0.8901495270243251,0.5616060660182356,0.9404904253232858,0.9452757711920046,0.46248188140945173,0.8032503492401024,0.7642857245704162,0.9210822999268418,0.9667995019383631,0.9221808720618709,0.9396882617498685,0.4508831469975808,0.9104428556419425,0.9177633844142412,0.9499920879130936,0.8934021333538473,0.967478814186985,0.8154934756048682,0.8746037624785661
0.7053561385670608,0.7147064226533528,0.9478065935831921,0.42338194187384026,0.7307261050563012,0.8081473746574344,0.8070563065129432,0.8153679844477371,0.8589469736569166,0.676598296743982,0.6339378734325241,0.6765509877376479,0.6212836292136272,0.6937678420776855,0.7390530687590274,0.6748924866223294,0.9302942649179422,0.677046214383155,0.8348745612987682,0.9910325920352598,0.5842277643028757,0.6415962806065678,0.7679915820826608,0.879152137606245,0.6432028588995886,0.38031283181183484,0.6864862809683814,0.5868903416341874,0.6345736601155867,0.0,0.7548708962550621,0.7283949951375509,0.7414739525007705,0.9726780001086719,0.6930955641308945,0.3219483936770229,0.6011645216091256,0.6877811803736462,0.9790258031059287,0.44452564186419324,0.9380337347832108,0.8910681842287358,0.7123503539928961,0.24856468261495385,0.0,0.0,0.0,0.4238285960890845,0.0,0.0,0.751178909540273,0.9441856570229348,0.5586805288238557,0.7738811822389924,0.4524945925096847,0.0,-0.015529914035336316,0.7752198967889722,0.0,0.7962092373774748,0.0,0.0,0.9128980187502334,0.9125678787167336,0.8869871325776588,0.7353907532225047,0.7748209328932814,0.8785885308906807,0.0,0.40699957353519345,0.4609526318087753,0.8771225870758276,0.9435834345585843,0.8586693747736741,0.7870858505053823,0.8231436347890557
