0.0,0.7534303580979744,0.40641124706137133,0.0,0.5893474371184153,0.3052428075168115,0.46019900638498723,0.5769545716271596,0.42597988112531865,0.5760545961851178,0.44392757461242505,0.6005500962852142,0.4404673646241616,0.6062386719770623,0.4060751250165996,0.7696285907224032,0.5093791023176034,0.6826488836678577,0.0,0.40849122654517767,0.39372569713606514,0.7121331620798907,0.4498809800662444,0.5528483395962789,0.5640127945963398,0.7405815981174906,0.3218952903708129,0.5661375106464659,0.5879335022861287,0.6418105115821863,0.6212116786160318,0.6088578342260129,0.7041074185542889,0.5358398156765258,0.4053665026671053,0.6947888118882134,0.4489676847977813,0.49426815535588037,0.6133286274493523,0.8340436805953638,0.7164500400623117,0.5477763741144948,0.46134731126633277,0.0,0.5642732065055929,0.470607218700264,0.7301660022448633,0.0,0.0,0.0,0.5072267110426087,0.0,0.674489439126967,0.0,0.6283216392593705,0.0,0.7852906484402112,0.68864104620715,0.0,0.8736980706361029,0.717343344884586,0.8529886629690008,0.679706996948767,0.0,0.5689827668688542,0.37580132744175176,0.7612625232738244,0.5682289542634709,0.44203604845688205,0.8054540651713882,0.7088167284502741,0.46418894244092057,0.4536866711508647,0.6437108971793559,0.0,0.6592509105795714
0.7534303580979744,0.0,0.5735719558596464,0.40801941310564516,0.33118552016755326,0.3259655934312845,0.3151725841728691,0.6050486485829771,0.27559540120776926,0.6303011664191542,0.44655405076756116,0.481766807714921,0.3063596693015245,0.43864464736639897,0.5630202307691586,0.7075731999277062,0.8330195259387657,0.7023674482321195,0.6490167632115202,0.41624553616695,0.7418238624231236,0.7307735031593237,0.6218215790530424,0.5000947925161453,0.5867257931475625,0.41742151451633547,0.4419832256790617,0.39737076490472045,0.33237611022264846,0.4564780033739695,0.6245648438560809,0.5534496953402166,0.5452811358796061,0.6119783721423822,0.6488251684041426,0.2639994934633936,0.02356595041864281,0.0,0.5890672864160273,0.69921429105296,0.5996034134087891,0.8551915105629672,0.5212533635258876,0.0,0.0,0.6907870929673627,0.6957274260545052,-0.015808769833497945,0.0,0.0,0.6948941484481983,0.758253982301416,0.5497007541988697,0.7386947767988994,0.7423084158651574,0.0,0.6020218220128472,0.8089395831837827,0.0,0.6734903800289553,0.7161066396454371,0.794304495289712,0.7218025767032268,0.0,0.642128496495677,0.7789397869075564,0.828550834192534,0.6316241466198877,0.4803782918726312,0.6851494702316605,0.6945489491192154,0.6424402716836,0.7946510656656092,0.5857167007369943,0.0,0.7746159740041137
0.40641124706137133,0.5735719558596464,0.0,0.43848728607091714,0.5784150424445659,0.7357985816472465,0.5678074653642393,0.8013748045087828,0.45210492053800116,0.5996827250897102,0.667839016540434,0.656889391834736,0.5946132967654206,0.6796077945774897,0.6555842564230103,0.33932758940525537,0.730398828362185,0.7640441679031846,0.6352215796994578,0.3606611866311229,0.500291986855827,0.546116578718228,0.6087270814132146,0.463352364076186,0.5644860817326329,0.7299754715497817,0.63262825541109,0.6636475127740149,0.6795347775982552,0.7204337713003854,0.6384312299037418,0.6470107278164039,0.6170171368251294,0.6552289368759151,0.712219376720868,0.6600156551015923,0.5554058184043705,0.5840304307625512,0.9321847583216922,0.4628665493075005,0.634429793534168,0.5767497042691009,0.7953122990305466,0.6996163912933079,0.0,0.0,0.3693250313983706,0.5444092101521906,0.46372336171421774,0.6813750197297908,0.7750324603042078,0.6947281863668586,0.6995384173860562,0.816227274559215,0.40545133870928407,0.8366941317906202,0.8482522820921428,0.695714350620346,0.6784347522405398,0.3553209098985405,0.0,0.0,0.0,0.6353324838706733,0.801365887437264,0.4115409633399061,0.2592859153875865,0.7478822687146542,0.0,0.5106998597549209,0.6056480448403908,0.8719179151387053,0.6553910399726347,0.6443101901744139,0.6359909659247951,0.7584466288893726
0.0,0.40801941310564516,0.43848728607091714,0.0,0.38487738705276264,0.5353555344217029,0.43435659265233334,0.3809569225724966,0.6244255550715515,0.47098889470758765,0.49072316114257747,0.338905275772749,0.5964975123426028,0.5839894199654605,0.5912218596966572,0.2514471324583068,0.5456268039383003,0.46148673580682714,0.6413469597029015,0.5289648310058196,0.41330032287338014,0.6620489643698895,0.5270883331185381,0.23088882543515493,0.7569668807569511,0.5008168675423054,0.5730323450799544,0.4588330977172529,0.5697168057690465,0.44732375016896064,0.5619299738377888,0.20434197035565566,0.3730618111356536,0.47483360304100886,0.3789083992043052,0.48092890881159855,0.4398559136010316,0.37219604227774206,0.12415968339995226,0.3810442758644905,0.616884608193027,0.6045389019092952,0.2677846872020303,0.4809543136797101,0.0,0.0,0.0,0.4618596594100654,0.0,0.0,0.8224915726001039,0.0,0.4620045361596159,0.31623462484240367,0.0,0.42239672898136055,0.4451175528852303,0.4755106814247272,0.0,0.0,0.0,0.0,0.0,0.0,0.0,0.0,0.4668327020297207,0.41363241876195517,0.0,0.0,0.0,0.5536280211784115,0.4070937624573831,0.6259109110263829,0.0,0.0
0.5893474371184153,0.33118552016755326,0.5784150424445659,0.38487738705276264,0.0,0.4583051103100265,0.4435486550079418,0.7052442203980831,0.34971950184975514,0.7300781706358588,0.5046627884887939,0.6039701588146287,0.6289899401523047,0.41652221541544265,0.7232276811494796,0.5618157652708212,0.7514128262852546,0.5973188634605107,0.44302814093102527,0.5424920463244419,0.7122320997398235,0.5218521681396007,0.5417143182964512,0.5222797297535695,0.4554600045547125,0.24842589067428908,0.5250183586091975,0.569792557388591,0.698826286278124,0.5187638365676225,0.5984104656561475,0.3748056080223926,0.4632119228142656,0.5912322943836039,0.4131279215983332,0.26923819088555495,0.21811584417687954,0.6133207358388035,0.683125939394932,0.43877599332333533,0.4576528863008711,0.16532526027951072,0.7090086173610559,0.2978728753854241,0.35939687712961604,0.0,0.4061035994348388,0.7841703401489689,0.0,0.6690515041202049,0.7103111516607437,0.7126194227931628,0.5748174792972827,0.7290362086440546,0.0,0.619072062101256,0.39442363970709426,0.7424310453208589,0.49905774018155624,0.36712031235343817,0.47285434922799074,0.0,0.0,0.8212015845615626,0.6405509623928349,0.44963890018670416,0.6861582122685479,0.6843356870220506,0.0,0.4634135250810847,0.5600454898501441,0.7437050029187635,0.6808305942687931,0.5570231748116268,0.0,0.6114569966924234
0.3052428075168115,0.3259655934312845,0.7357985816472465,0.5353555344217029,0.4583051103100265,0.0,0.5642011780751093,0.7204599439229074,0.4731164653488762,0.7967451534401053,0.4869657371079915,0.779919301046009,0.5168032987906996,0.7113803282527975,0.5732847357043078,0.4339846292875847,0.8253508180756303,0.6285376925089392,0.6068968565067052,0.38832612566092345,0.4864799021198664,0.37907572670086376,0.6217099897840108,0.47369003250846475,0.3633665203155193,0.5592990026299858,0.6778338819549942,0.5442565521960279,0.38827901957134664,0.6014104235110149,0.7072232942503541,0.40934120805517715,0.6039633237132169,0.6522526264872441,0.6346553861023669,0.6452946882841005,0.5938345536047223,0.6695439173905388,0.4617586672308428,0.329166848663193,0.4992166130332857,0.23269246162239388,0.5541930062844288,0.23045191605262305,0.40396778921610765,0.512431589623494,0.548167822801421,0.7430154561001273,0.7529664245418235,0.5363960919522045,0.7507272822158779,0.6988276859725241,0.737733117601792,0.7509194260688021,0.723744365150006,0.7136206307053383,0.3420306474694531,0.6241974643890194,0.6751209447917577,0.5801128225905561,0.6767409586950843,0.0,0.5015497098595779,0.6716955434268623,0.4647341663819942,0.35290184729361684,0.6266095183845046,0.6765424420342844,0.5017759499327319,0.6150133622045522,0.523081524000286,0.8108075066391425,0.5872589481696404,0.5655183310804097,0.5234804699156115,0.5767743112090685
0.46019900638498723,0.3151725841728691,0.5678074653642393,0.43435659265233334,0.4435486550079418,0.5642011780751093,0.0,0.6145825390078863,0.5404205364312541,0.8115500146432157,0.43909610934816484,0.6267662843831697,0.6519900627020468,0.19535141940314601,0.5092755889089146,0.5949600241486303,0.7182611407887771,0.6050291945088913,0.4808104900087769,0.5204187617151689,0.40921062522405527,0.4925956599641161,0.5916071824442326,0.5349628157222706,0.34389005102811887,0.45482305234005227,0.5601440972500011,0.38254044769730544,0.6353585077505364,0.4875941214178667,0.2826726162348472,0.5492576143306764,0.5158090101423833,0.4240172308033262,0.44112054974757664,0.38887334612329677,0.5367717262185059,0.7777378539704548,0.7275197640001403,0.669368633222931,0.5380915949569107,0.5713873210161864,0.6768745141043427,0.9010926910171086,0.3635614650442669,0.0,0.4225218731369508,0.5697309740606165,0.0,0.6506402925042005,0.6775707821191127,0.6561477980583938,0.6263294625758593,0.7293328370090127,0.5640968362840849,0.5307921592200276,0.5445497052226687,0.5608807361501791,0.8172398948268562,0.31915435289047356,0.5949984812815192,0.0,0.4938946961091174,0.7468723748956034,0.6449480860312298,0.5450326280541453,0.5308021463246538,0.6177358528827662,0.46445271095149554,0.668447203042102,0.515856182029081,0.7217566626372655,0.6509032890099704,0.5101120447749281,0.8125486779305707,0.5562963467404021
0.5769545716271596,0.6050486485829771,0.8013748045087828,0.3809569225724966,0.7052442203980831,0.7204599439229074,0.6145825390078863,0.0,0.7059603223600347,0.7239859772243536,0.5699997017518756,0.6753019113207079,0.6251915841024807,0.6871927137488919,0.4035973476722655,0.7258318629553029,0.7999636775870438,0.6592419551124901,0.7902919619817483,0.38220985145979897,0.45098140688800564,0.43994155972315274,0.6677692039088593,0.4463101061647242,0.6462528519197589,0.6245599145018479,0.6776224499966095,0.5555086176833643,0.42854818096403535,0.3255101613617961,0.48330308250702275,0.5523751821582863,0.6495746597705587,0.48740632787732086,0.4272073914515496,0.5736491179115921,0.6331056966283948,0.7300040617207717,0.6601103105437051,0.5284668503608718,0.41417319166298944,0.5524517456529421,0.6951139713924283,0.4001867398905762,0.0,0.5479587989231451,0.5259560725007084,0.7102467894468689,0.0,0.5720982162483792,0.755842406805987,0.6130566993111135,0.5564443970976465,0.6184319031843415,0.614652799928844,0.5582590274409462,0.8956680074060699,0.581188749456452,0.6773264956552596,0.6119001689960569,0.6442032573380212,0.0,0.5381707646715619,0.8164404351892021,0.5439914567572053,0.754110431784308,0.3702977427561205,0.7309213008938557,0.0,0.6648372575748316,0.41980313544460385,0.8392691042076126,0.5364062511211196,0.6862652014384916,0.418043566445504,0.3174906568613326
0.42597988112531865,0.27559540120776926,0.45210492053800116,0.6244255550715515,0.34971950184975514,0.4731164653488762,0.5404205364312541,0.7059603223600347,0.0,0.6850235322833754,0.5155747859891571,0.593731141447688,0.6313078485883452,0.5690778678223709,0.7808856420783796,0.6015692230250873,0.6856704776242255,0.7515714161609237,0.41011198498880813,0.43584753192724673,0.5307509855786974,0.6027936008875485,0.5811235880100214,0.8323784562592904,0.6551602830112477,0.8028798891973155,0.5654263350257529,0.6068443675198673,0.6494993788470551,0.6523232223837855,0.6132759470973287,0.5779535094152023,0.564688403928739,0.6386604256811586,0.5567136228140261,0.5916508873260238,0.6101610779882236,0.6657110546337714,0.8017344573398862,0.5226184992298869,0.5097995008495753,0.2304179385015404,0.5703853244367921,0.32591600289468764,0.312289765569296,0.0,0.5518507545228155,0.7505670748789233,0.46385002535174685,0.740343504969998,0.764430632592787,0.716998121747707,0.5672791312770854,0.6135248756149605,0.3989007236586455,0.6122099912653525,0.5497928790789532,0.6199662280770274,0.6141399442723533,0.6654499525384394,0.6521562549127888,0.0,0.0,0.6910615189174887,0.674265688591148,0.7233148238515312,0.5957895736864905,0.7055519123433793,0.4137147894320429,0.586375369603019,0.427697571562217,0.7760412784336859,0.6011458452013907,0.6071528216391133,0.6912416469448095,0.7271989748133645
0.5760545961851178,0.6303011664191542,0.5996827250897102,0.47098889470758765,0.7300781706358588,0.7967451534401053,0.8115500146432157,0.7239859772243536,0.6850235322833754,0.0,0.6186530258559608,0.7295716938128398,0.7613869099730435,0.8882261399839205,0.5316101988147532,0.5738479217043443,0.8891701088647651,0.7359863841910272,0.6544263784456126,0.3271577593274981,0.680606839179183,0.531986327921044,0.7242550003223879,0.6815325693302319,0.7540210902567078,0.6655291949047366,0.49228606671276287,0.8534096570578331,0.36711873199717654,0.38025321406055185,0.7989821890229325,0.63919454361513,0.7979620085513021,0.756049183518732,0.9226102190498696,0.8374013973510054,0.6413346207623571,0.5923838386246074,0.8498172694921502,0.6712875215474261,0.871098845998421,0.49617113922502776,0.5090451523242547,0.3477999419197963,0.665796613423739,0.7030720453050492,0.7695336957914634,0.35347158181426197,0.48146348338984346,0.42309736599316794,0.6112542293244168,0.4734901564102485,0.666330123566383,0.4386377033136224,0.8187751674693735,0.5272028221637235,0.8546585586215198,0.8416770206509172,0.0,0.5950853911849293,0.7656362706336589,0.8001284624496214,0.6781122315147354,0.45967567913183777,0.44826196811493824,0.7067395877035434,0.5355125775842728,0.6718240671484166,0.6349103155351402,0.7351385689603003,0.7605590825147933,0.6592448276691928,0.6659861773242604,0.6786658462356752,0.0,0.7805093320213499
0.44392757461242505,0.44655405076756116,0.667839016540434,0.49072316114257747,0.5046627884887939,0.4869657371079915,0.43909610934816484,0.5699997017518756,0.5155747859891571,0.6186530258559608,0.0,0.5869383583362028,0.47496059808369506,0.5993070758871348,0.0,0.4710318928089955,0.6950900786738887,0.7015096379316392,0.5253168708026711,0.47244407640640695,0.47828477839556954,0.4233224358654952,0.6792897692899071,0.5511927927388188,0.6600760951197443,0.7431501230625679,0.5949341248151581,0.48372476733919245,0.5431058183667153,0.4371571038812756,0.5295390763740854,0.432966107315708,0.5668503215860203,0.5887401868174768,0.48652641737786473,0.6659839122627521,0.6263856118882624,0.602750338381246,0.7130797945577699,0.6194523358720366,0.4809780290331581,0.4577469217027809,0.6762745090138114,0.7329128167645869,0.2291730106511201,0.0,0.0,0.8466980240368868,0.46120784001574877,0.7763064319577773,0.7980900327545835,0.6782044424833227,0.6909014910203162,0.802423432937448,0.6474668081190775,0.45213361619830467,0.5808508015193201,0.6712166854312578,0.6558696769947097,0.0,0.0,0.0,0.0,0.8568010119893348,0.5138817166829033,0.0,0.5439179552917477,0.6681062735011146,0.0,0.0,0.9292998011241287,0.7941153361274185,0.6659275927042072,0.40910600637674094,0.0,0.8554926852869786
0.6005500962852142,0.481766807714921,0.656889391834736,0.338905275772749,0.6039701588146287,0.779919301046009,0.6267662843831697,0.6753019113207079,0.593731141447688,0.7295716938128398,0.5869383583362028,0.0,0.7648051711939663,0.6244675480339734,0.7462530981913558,0.7648014821267777,0.8189016051508362,0.9163951281477294,0.6491676127761092,0.4453413510285606,0.611373331363559,0.5404653734448266,0.6337728812021363,0.5965105217374835,0.7664194926845191,0.5535506401848156,0.6478890111168495,0.8929667515767139,0.7837376456376872,0.4420122978973611,0.6552458508767408,0.19425693488842055,0.8439613438806852,0.7151600910557941,0.8281296299633563,0.3587338313117025,0.4412521383886241,0.4529567641811145,0.3107556297039935,0.6378070161935756,0.46149851715210255,0.38916439236216094,0.322822898681875,0.6625948783495088,0.695688541856134,0.7075501989564208,0.6166743552098596,0.5645690036817401,0.6352284881785372,0.3787518237402352,0.33320297362892587,0.24421050551611692,0.34304016757794803,0.600615767604068,0.8358212899148375,0.007846082488329659,0.8418280089016603,0.5037511598707621,0.5332374121403197,0.5155481698012964,0.7136719236558934,0.7358936611661041,0.6387421665732613,0.1821453567908709,0.7952558904424564,0.9255948245534505,0.405228858582051,0.48233444319673074,0.6440747502156566,0.7858793602650656,0.7491662874045907,0.477394011952486,0.1306221465905697,0.5271930660384434,0.0,0.8021497742919604
0.4404673646241616,0.3063596693015245,0.5946132967654206,0.5964975123426028,0.6289899401523047,0.5168032987906996,0.6519900627020468,0.6251915841024807,0.6313078485883452,0.7613869099730435,0.47496059808369506,0.7648051711939663,0.0,0.38672969499212395,0.3189631597698137,0.6016227104311408,0.6868730647212139,0.6634819359707332,0.5647413367182814,0.5476322588878147,0.4909941581188997,0.4818639537123898,0.5811666438642046,0.544829936303896,0.5262967207800205,0.6014608724391033,0.5236588946342733,0.5005250689268639,0.5387247629900268,0.21761688303252352,0.3697928771575417,0.4702666744064563,0.6246638973147678,0.49052982495035236,0.2994492728877977,0.563703980001163,0.5807161137542015,0.7192704594514813,0.3872193385741701,0.3756148735148951,0.33440480602178035,0.19766951768053875,0.5494728915118918,0.17413983007226683,0.3674232521221264,0.5885155082102733,0.49087609268250587,0.7402196866309569,0.0,0.7033411273364728,0.6623664232168514,0.6336003896369738,0.6182940944682762,0.774801228465668,0.5968978749293707,0.6636993213255926,0.5822961346262756,0.7103968218942112,0.4928212680311265,0.4594466328997279,0.6706270493278712,0.5742647353006645,0.6652543509023012,0.779705938356333,0.5865407077201181,0.5986787122199304,0.5360584837723809,0.6287168013893019,0.7201322039699529,0.8632427568693704,0.5651226492819765,0.7004418130495337,0.517166696603628,0.6118607926763948,0.552784687235546,0.5363516247944426
0.6062386719770623,0.43864464736639897,0.6796077945774897,0.5839894199654605,0.41652221541544265,0.7113803282527975,0.19535141940314601,0.6871927137488919,0.5690778678223709,0.8882261399839205,0.5993070758871348,0.6244675480339734,0.38672969499212395,0.0,0.4367180347820763,0.5104262223167564,0.46020144916150385,0.45265933189195773,0.6044529930030054,0.48014361835340913,0.5976376736497796,0.19276337834739632,0.6034071089723163,0.7126678294212085,0.5635977233157475,0.6017973646339786,0.7455634885885342,0.40428663372906654,0.37014739380287953,0.7219155707066163,0.6503446240596453,0.44040769353387016,0.3594418345388039,0.6947049888564932,0.45739150084970437,0.434544772684197,0.32822809585956014,0.4229288142004246,0.7580414614471003,0.0,0.6375900921863402,0.6441008476832366,0.7098942100698956,0.4636417907788168,0.0,0.0,0.0,0.8725544063997681,0.0,0.6260189397248264,0.6106627853306102,0.7594573351414354,0.617408886174787,0.5684213621151297,0.0,0.6960532332311706,0.35632457474159984,0.6218241729923248,0.4939172234014083,0.0,0.0,0.0,0.0,0.5816662102866315,0.0,0.0,0.0,0.6992599713651527,0.0,0.0,0.0,0.7044055922210781,0.8449330981775386,0.0,0.0,0.0
0.4060751250165996,0.5630202307691586,0.6555842564230103,0.5912218596966572,0.7232276811494796,0.5732847357043078,0.5092755889089146,0.4035973476722655,0.7808856420783796,0.5316101988147532,0.0,0.7462530981913558,0.3189631597698137,0.4367180347820763,0.0,0.5215615400922997,0.6118462451509655,0.5506957218762512,0.0,0.5639256498231975,0.30007340029744906,0.4334093321462257,0.2713183559352623,0.43865452883522044,0.5563260429287822,0.44315477513884105,0.32297033109686923,0.3669269681760181,0.4317377729734502,0.495366329521861,0.40537904183383594,0.3186029106149132,0.42493396997648114,0.37370705887130884,0.4500118449202445,0.8002981339535769,0.4828246400457497,0.36165048635729424,0.3549976285786535,0.5993116517795147,0.4123493130288612,0.30398859364609776,0.7248869996590854,0.37705652299732595,0.0,0.653916600276289,0.6908602439528899,0.6364290309987397,0.0,0.0,0.5407353075962609,0.7987725856515553,0.470660013965705,0.5489179564049022,0.0,0.0,0.634154422567575,0.5352633471639026,0.46143005270977955,0.6385097274708117,0.6410049478753297,0.5179948131855894,0.7047862376158821,0.0,0.6887457614257193,0.4455863611741507,0.6544117416556312,0.7298553887567929,0.45671983093945157,0.7091350858320866,0.624452790101829,0.6111347304686516,0.5139194237403208,0.5460588314985598,0.4501948627925916,0.36421074719879654
0.7696285907224032,0.7075731999277062,0.33932758940525537,0.2514471324583068,0.5618157652708212,0.4339846292875847,0.5949600241486303,0.7258318629553029,0.6015692230250873,0.5738479217043443,0.4710318928089955,0.7648014821267777,0.6016227104311408,0.5104262223167564,0.5215615400922997,0.0,0.7263246083777244,0.6171715769102675,0.4727272451003657,0.5670037827887366,0.7217769156733487,0.7286045252061499,0.68876820624652,0.6648322542987082,0.7279214716372053,0.7216743520578113,0.5386558155977836,0.5407125486329405,0.5232449216817757,0.4289362720828359,0.7161940564088412,0.4839578166833055,0.4889449489382732,0.46972314821177996,0.582194209729167,0.6633430756690732,0.5027816449409548,0.6763497341410836,0.7300580299030521,0.6529576170748164,0.6996450146670001,0.7729483596464073,0.4624990268710812,0.0,0.0,0.6225853196172297,0.7688870369154184,0.0,0.0,0.0,0.6215466320522688,0.723573169026575,0.9159178905944312,0.0,0.8056609273581966,0.0,0.7059163552525454,0.8313819071133014,0.0,0.6117673329660359,0.7554078955564858,0.7903089798574232,0.7832666729357243,0.0,0.7296849798406133,0.7521615292528347,0.7536438329657904,0.628081618713002,0.6773740831851754,0.8306806752377014,0.7789232120822771,0.6977087370695064,0.6599669655993119,0.7878613672251987,0.0,0.6315683411287725
0.5093791023176034,0.8330195259387657,0.730398828362185,0.5456268039383003,0.7514128262852546,0.8253508180756303,0.7182611407887771,0.7999636775870438,0.6856704776242255,0.8891701088647651,0.6950900786738887,0.8189016051508362,0.6868730647212139,0.46020144916150385,0.6118462451509655,0.7263246083777244,0.0,0.9243310203312839,0.7881352910569148,0.388994107441333,0.595968038242262,0.6720962790713683,0.7490599933288404,0.8924492049512351,0.8951421484014894,0.8105208372304024,0.6620242489257522,0.7889290525794339,0.36365602831406507,0.286791190974533,0.788135494177775,0.6061875997427991,0.7218300026896878,0.7721270233706983,0.8283556759001267,0.7662563534749585,0.35165379057341406,0.6760338650866647,0.3519609786370023,0.6400759782514949,0.7808342066912266,0.7207585727986052,0.0,0.0,0.6204022244443556,0.7759556018557683,0.7453582348970673,0.0,0.0,0.0,0.0,0.0,0.0,0.0,0.8848414511774677,0.0,0.8117279443578183,0.5229732356092998,0.0,0.5249604336826921,0.5786217623668444,0.8118562121748905,0.7204888666899028,0.0,0.0,0.0,0.5029559510280251,0.0,0.7547007668506638,0.880327302545854,0.8489273033936322,0.0,0.32979315338740184,0.46303753104173695,0.0,0.8944584337070615
0.6826488836678577,0.7023674482321195,0.7640441679031846,0.46148673580682714,0.5973188634605107,0.6285376925089392,0.6050291945088913,0.6592419551124901,0.7515714161609237,0.7359863841910272,0.7015096379316392,0.9163951281477294,0.6634819359707332,0.45265933189195773,0.5506957218762512,0.6171715769102675,0.9243310203312839,0.0,0.6728879452127203,0.5521567177825024,0.725289575560442,0.6601938177719745,0.7204131779759679,0.8615476434513225,0.6975597976590756,0.7139035444691382,0.63114353383009,0.586689580911633,0.5901852934695947,0.5583859558203146,0.7411365851928662,0.5468323156965669,0.7087716028554036,0.7730593272599624,0.7625575239353926,0.556246923434855,0.39107418169699687,0.5622487449804163,0.7667549177518485,0.698501317172231,0.7132780057397543,0.8318647572475488,0.0,0.0,0.4940989774749672,0.6783628597478825,0.7385609251394447,0.0,0.0,0.0,0.6250253632463412,0.4989500714652776,0.5974987840556009,0.0,0.790010098076064,0.0,0.751855412182628,0.9002580578034154,0.0,0.7032585112618417,0.68975402200974,0.7744280136947761,0.7154645004034917,0.0,0.5990848814327853,0.8265677433525815,0.8225452596011905,0.7996292449381526,0.7646832201125724,0.8130081029658753,0.8084474045477059,0.46966330280354723,0.7190575560716999,0.7917177675411093,0.0,0.8431729671460496
0.0,0.6490167632115202,0.6352215796994578,0.6413469597029015,0.44302814093102527,0.6068968565067052,0.4808104900087769,0.7902919619817483,0.41011198498880813,0.6544263784456126,0.5253168708026711,0.6491676127761092,0.5647413367182814,0.6044529930030054,0.0,0.4727272451003657,0.7881352910569148,0.6728879452127203,0.0,0.46656300363068565,0.6222734596329385,0.6874233483817692,0.5348339862132236,0.585273659468676,0.7383990204993014,0.7831622516260134,0.6212809179810279,0.6035270659550542,0.6151995472660803,0.6033645742111782,0.6156699931700542,0.5503180617220058,0.6402463903747873,0.6605666923211633,0.4781445943821295,0.6405091083108172,0.5603941918965579,0.570758369943502,0.8993252465147568,0.4321942640925965,0.5553319779085228,0.19809179549811062,0.8842015943945163,0.357455361336661,0.005482664411565207,0.0,0.0,0.8560123350680767,0.0,0.6236440751716281,0.7304679007228934,0.7326336006091781,0.6736628374556952,0.7519818263603415,0.6210134824583515,0.5353982827910004,0.592888111484076,0.5648990702381622,0.695486431486213,0.0,0.0,0.0,0.0,0.8835597420427533,0.463003085008147,0.0,0.45115844318548187,0.7504869537916496,0.0,0.0,0.0,0.8172026763537015,0.7055814308884507,0.45419519476620707,0.4715193264938461,0.717189507603986
0.40849122654517767,0.41624553616695,0.3606611866311229,0.5289648310058196,0.5424920463244419,0.38832612566092345,0.5204187617151689,0.38220985145979897,0.43584753192724673,0.3271577593274981,0.47244407640640695,0.4453413510285606,0.5476322588878147,0.48014361835340913,0.5639256498231975,0.5670037827887366,0.388994107441333,0.5521567177825024,0.46656300363068565,0.0,0.3961346055647883,0.47331534281460474,0.38208816575752963,0.6847520011291879,0.44074498947036495,0.43387567340621214,0.37993804667868286,0.6389264977109187,0.5507593527258898,0.49643531614939695,0.41835236485471033,0.2966597065891631,0.2662397563388906,0.3253710000764716,0.471997721461882,0.6283000988213842,0.42148262057318686,0.697227404493279,0.4463671999349369,0.49581886748239484,0.5156507167934088,0.4785209478224101,0.4978303731554942,0.1008490390747902,0.337623081289547,0.5478274240564118,0.5372906344970787,0.7042242541717207,0.0,0.0,0.5525949670915776,0.7419759842352709,0.5332877876513835,0.49133304319136006,0.7467707765475071,0.0,0.44174180856088274,0.5650673178722656,0.0,0.5880201360777351,0.5704747069059233,0.46194319861051625,0.22927141144148838,0.0,0.5260719070152615,0.47117914401971284,0.47368701651788764,0.5309463417257847,0.0,0.6440299956061604,0.5050258536002314,0.48430178485641145,0.4570115651761745,0.5462424171526581,0.38286570515238816,0.43522344302508864
0.39372569713606514,0.7418238624231236,0.500291986855827,0.41330032287338014,0.7122320997398235,0.4864799021198664,0.40921062522405527,0.45098140688800564,0.5307509855786974,0.680606839179183,0.47828477839556954,0.611373331363559,0.4909941581188997,0.5976376736497796,0.30007340029744906,0.7217769156733487,0.595968038242262,0.725289575560442,0.6222734596329385,0.3961346055647883,0.0,0.49211120083246096,0.46295153319866733,0.3592089158363765,0.5879893565303698,0.6079488993799876,0.36454574562364783,0.4496250800574524,0.4223763426745345,0.5342274355446739,0.5857828866473896,0.35383168125099995,0.6165073631182434,0.469039475031533,0.500578447411974,0.37264239709401337,0.5909137292449954,0.5356787569078691,0.44060089227094723,0.8159015619636488,0.5206674096003394,0.48420038115232616,0.7293993160580051,0.0,0.0,0.553735668463904,0.7266637197737233,0.6332485992562633,0.0,0.0,0.6804492238764858,0.48862938169529296,0.7603231467338745,0.6298603618888955,0.6486118149633878,0.0,0.7517612368664383,0.6179772676920183,0.0,0.6851545023378608,0.7235101163749925,0.0,0.7428890512807851,0.0,0.3977035527596662,0.5601880591617409,0.7177655377805987,0.5865038681487755,0.569349370756032,0.6261006508389434,0.7456210933894043,0.5010156820231444,0.5523235047858751,0.59252722730384,0.5402219428389992,0.22082048406114957
0.7121331620798907,0.7307735031593237,0.546116578718228,0.6620489643698895,0.5218521681396007,0.37907572670086376,0.4925956599641161,0.43994155972315274,0.6027936008875485,0.531986327921044,0.4233224358654952,0.5404653734448266,0.4818639537123898,0.19276337834739632,0.4334093321462257,0.7286045252061499,0.6720962790713683,0.6601938177719745,0.6874233483817692,0.47331534281460474,0.49211120083246096,0.0,0.5890272314998121,0.27905809898612227,0.7494687307689374,0.7056185169418105,0.3947200907424434,0.7003998813381955,0.4013247929653856,0.5810581689384842,0.5455915584004777,0.4088649946746653,0.41993759632110683,0.4884681317093266,0.5328790423980732,0.4952655664671903,0.6041228603984202,0.8592490010982884,0.41793960814909326,0.5967205852460048,0.5251295560933349,0.48551352047292906,0.32110584836790335,0.21050637365891142,0.3868031249407024,0.6689401286505099,0.7550693202082315,0.673385229111356,0.4627484383540711,0.38749456884506484,0.6858989416861472,0.7426861364069031,0.5892049116617761,0.6738088432956766,0.441675770791569,0.0,0.6695878044207006,0.6760674347535942,0.0,0.6420722376945693,0.7106891494669862,0.5040909910755408,0.33749954506842333,0.0,0.5083336751905484,0.5867458413988127,0.5910846542947914,0.5916082580449606,0.6785129493876221,0.6927591927521747,0.665352871086857,0.6002495380677841,0.5226946937659341,0.6056207726506213,0.6498088860003134,0.5857167975530264
0.4498809800662444,0.6218215790530424,0.6087270814132146,0.5270883331185381,0.5417143182964512,0.6217099897840108,0.5916071824442326,0.6677692039088593,0.5811235880100214,0.7242550003223879,0.6792897692899071,0.6337728812021363,0.5811666438642046,0.6034071089723163,0.2713183559352623,0.68876820624652,0.7490599933288404,0.7204131779759679,0.5348339862132236,0.38208816575752963,0.46295153319866733,0.5890272314998121,0.0,0.45187025599633973,0.6681799965359501,0.5118111955636909,0.560229277482654,0.5140188388729283,0.43762223645314946,0.4715731612433095,0.5372179492251098,0.42602101062677666,0.47924971512924075,0.5084532327768133,0.5059786123430615,0.5718452730565035,0.6027827349974353,0.5621250926139962,0.49894814840312574,0.39831348646726505,0.48892390231631055,0.4259151904033416,0.5620899861733388,0.5747296286086653,0.6505392959197811,0.38653624458248276,0.5639782274407054,0.8511865160386868,0.5026260262843638,0.6675503002002137,0.6647144064602246,0.5975403516650053,0.6263253046425564,0.672032758102324,0.6724669766871421,0.7873865042209217,0.5928906053362474,0.5316521040185552,0.6572597250077732,0.5623802604028744,0.6747691409412508,0.44826196811493846,0.6334843409091295,0.8403583575838006,0.5123987868240676,0.5096657051165907,0.5147140819621474,0.6505779981022309,0.3405603357217909,0.7475069836441999,0.41628825108142153,0.6274483209847277,0.4906091241674517,0.5559338042448982,0.4881232177122734,0.4478697502819181
0.5528483395962789,0.5000947925161453,0.463352364076186,0.23088882543515493,0.5222797297535695,0.47369003250846475,0.5349628157222706,0.4463101061647242,0.8323784562592904,0.6815325693302319,0.5511927927388188,0.5965105217374835,0.544829936303896,0.7126678294212085,0.43865452883522044,0.6648322542987082,0.8924492049512351,0.8615476434513225,0.585273659468676,0.6847520011291879,0.3592089158363765,0.27905809898612227,0.45187025599633973,0.0,0.7705823543585337,0.5062534459286678,0.5008316998762756,0.6519106572973957,0.6978681543259253,0.8763748976656287,0.7612118276342854,0.8610002489428947,0.497092212048369,0.36969405124633303,0.3801256481688133,0.5062789058881847,0.34889119853021056,0.39009833067007693,0.5346345771751408,0.79603451444372,0.8992960728136096,0.4935810122137317,0.411201787517141,0.5254555624388241,0.7651223523496221,0.41072497561314525,0.637302024790442,0.0,0.0,0.45960586696540345,0.5462785178297707,0.37180105279133935,0.0,0.320253882918074,0.7398542534977208,0.4953746438874579,0.8037449863755123,0.8045865357103718,0.0,0.33382299802126836,0.68688557599009,0.6914706097587757,0.6792355788959454,0.4731025714174316,0.3812555722290856,0.3871130349771768,0.6622569769075266,0.6395218829548448,0.5276309415997366,0.7550653500473643,0.7151102242223677,0.3398489618160916,0.9263519590227722,0.84268809763771,0.0,0.8992969045770431
0.5640127945963398,0.5867257931475625,0.5644860817326329,0.7569668807569511,0.4554600045547125,0.3633665203155193,0.34389005102811887,0.6462528519197589,0.6551602830112477,0.7540210902567078,0.6600760951197443,0.7664194926845191,0.5262967207800205,0.5635977233157475,0.5563260429287822,0.7279214716372053,0.8951421484014894,0.6975597976590756,0.7383990204993014,0.44074498947036495,0.5879893565303698,0.7494687307689374,0.6681799965359501,0.7705823543585337,0.0,0.5060072308033519,0.6556666683373944,0.6372768078754276,0.37438175251744366,0.4755306486362404,0.7053678659062491,0.35584726669234434,0.6208143885651349,0.547396159076079,0.6875785450454264,0.7239119910348015,0.5737206125063439,0.6004493201716135,0.8314169793044446,0.730703660296625,0.7984818355198129,0.8421665265881259,0.17659654116594017,0.0,0.6156206823594035,0.6605980122522308,0.8024068290599227,0.0,0.0,0.0,0.6553178868394585,0.6457827725692458,0.6560473339521407,0.3993754033869854,0.8215800945971943,0.4682986223952297,0.8493893142084148,0.6416954810072282,0.0,0.6637111269682556,0.7446911842590835,0.811580961759048,0.7390857952684418,0.0,0.78141081014254,0.6948978933299652,0.8703599903437051,0.559252120963871,0.7466084866482099,0.8354649017234365,0.793922577844444,0.6126322975866996,0.9226801390483323,0.6596294543849237,0.0,0.8195442990237458
0.7405815981174906,0.41742151451633547,0.7299754715497817,0.5008168675423054,0.24842589067428908,0.5592990026299858,0.45482305234005227,0.6245599145018479,0.8028798891973155,0.6655291949047366,0.7431501230625679,0.5535506401848156,0.6014608724391033,0.6017973646339786,0.44315477513884105,0.7216743520578113,0.8105208372304024,0.7139035444691382,0.7831622516260134,0.43387567340621214,0.6079488993799876,0.7056185169418105,0.5118111955636909,0.5062534459286678,0.5060072308033519,0.0,0.4871647933076541,0.7305441539177064,0.6267477725380306,0.5392708293441242,0.6028628628575445,0.5684723283948819,0.6736557991673238,0.5560550539451778,0.6257801560016116,0.25681140427303945,0.5011757216196409,0.552001266486289,0.6958734101593687,0.7782486851335133,0.7968826244256211,0.6145740872119525,0.3558262128130594,0.48928259530262835,0.5393622110784846,0.5918473012687229,0.7661205101621938,0.8336535717404324,0.0,-0.006213149038887695,0.7119836432414983,0.7005614805693559,0.5407573960645797,0.5803456033417229,0.7839870911460416,0.0,0.8631888742487406,0.8759901382660242,0.0,0.6402894993386214,0.7750771932068437,0.760096887189038,0.7371221594821873,0.0,0.6159278840530221,0.6359377074955606,0.7630370302776496,0.5959289805425707,0.673751599181178,0.8318513333969391,0.7458004270447987,0.6799484689477592,0.7782696582830694,0.7178453638554037,0.46916685493984034,0.7513172903927989
0.3218952903708129,0.4419832256790617,0.63262825541109,0.5730323450799544,0.5250183586091975,0.6778338819549942,0.5601440972500011,0.6776224499966095,0.5654263350257529,0.49228606671276287,0.5949341248151581,0.6478890111168495,0.5236588946342733,0.7455634885885342,0.32297033109686923,0.5386558155977836,0.6620242489257522,0.63114353383009,0.6212809179810279,0.37993804667868286,0.36454574562364783,0.3947200907424434,0.560229277482654,0.5008316998762756,0.6556666683373944,0.4871647933076541,0.0,0.5448539157326093,0.6320926337264939,0.47293978085756705,0.4216438709647611,0.3707969703002856,0.32065578063488737,0.45510798015883747,0.475795536433748,0.38154926288128094,0.6388502280719656,0.6462222078068475,0.4539271478322624,0.34698691230052836,0.48456229325292305,0.3376363160789906,0.4934065523789438,0.45050544103339973,0.25076088285812514,0.3935304264254913,0.5010001634195635,0.7388464750551158,0.6311104772199958,0.676008152267928,0.7335924425730338,0.6043983907578099,0.5752859508948414,0.6990329381663029,0.7172597469927953,0.7186760948114461,0.43854954534578094,0.5561076618570315,0.7670269760582982,0.5213392647235707,0.6687021099452197,0.0,0.17751254899112295,0.819634426929508,0.48093190818235837,0.49128683283220875,0.45789162712777287,0.5587021015979685,0.0,0.4040229306588544,0.4647126050054542,0.700361820486735,0.5115109981654323,0.5351095897368517,0.36313662203536756,0.4043462898882194
0.5661375106464659,0.39737076490472045,0.6636475127740149,0.4588330977172529,0.569792557388591,0.5442565521960279,0.38254044769730544,0.5555086176833643,0.6068443675198673,0.8534096570578331,0.48372476733919245,0.8929667515767139,0.5005250689268639,0.40428663372906654,0.3669269681760181,0.5407125486329405,0.7889290525794339,0.586689580911633,0.6035270659550542,0.6389264977109187,0.4496250800574524,0.7003998813381955,0.5140188388729283,0.6519106572973957,0.6372768078754276,0.7305441539177064,0.5448539157326093,0.0,0.5824623375821305,0.4028847589997612,0.5681409488765936,0.5103486248543283,0.7227198973066599,0.3370397396876304,0.6642254194927324,0.4237883719252533,0.4373464717039415,0.8320923789314292,0.42362719602396215,0.3477645896224781,0.34267397342151157,0.12388762918432991,0.4440827512967945,0.09051616085929712,0.5889975797000511,0.6074660495259938,0.5827179968364962,0.7376699572917338,0.0,0.6866160542698563,0.6563981069438466,0.6384204080676488,0.6016058073248021,0.67800629086134,0.8195339737520296,0.6764401998560439,0.784910968610412,0.5587021647530248,0.40036390495768925,0.4870677364517365,0.5409808051796012,0.3161074741145372,0.6508167856452957,0.8675591350010416,0.5207119287137529,0.5468460985361369,0.5951373601209724,0.581591884520468,0.4280693413950285,0.9201308598697657,0.573228713544546,0.5914349053531474,0.39096199635878615,0.5634666122647773,0.59800481843273,0.46163538426422596
0.5879335022861287,0.33237611022264846,0.6795347775982552,0.5697168057690465,0.698826286278124,0.38827901957134664,0.6353585077505364,0.42854818096403535,0.6494993788470551,0.36711873199717654,0.5431058183667153,0.7837376456376872,0.5387247629900268,0.37014739380287953,0.4317377729734502,0.5232449216817757,0.36365602831406507,0.5901852934695947,0.6151995472660803,0.5507593527258898,0.4223763426745345,0.4013247929653856,0.43762223645314946,0.6978681543259253,0.37438175251744366,0.6267477725380306,0.6320926337264939,0.5824623375821305,0.0,0.38206557606169167,0.3652800978140608,0.23964660014636796,0.2573045156738498,0.3541627818321875,0.4329218723140196,0.14278096532176943,0.49134581668488786,0.47490494545036877,0.41933601425174066,0.5394200472400164,0.5143457137983078,0.4505152544244593,0.21617711440583878,0.6020652995493387,0.47970324102170525,0.656956346784815,0.5229331190956301,0.564423729768426,0.4370251449427968,0.40001528932928854,0.6495240165702989,0.5895290439169651,0.6352117115806977,0.7299264438520849,0.7480315316218014,0.5670392882635107,0.6202252948292022,0.5729501287737996,0.548210299586428,0.567001694447995,0.8238849282978205,0.46198735665808255,0.5760649439934535,0.5945563327642966,0.5585293664732961,0.5699063959257155,0.5144969312166784,0.5906828468978726,0.46531647487538896,0.3140410023586784,0.3805948335758864,0.5611986772265027,0.5564979148088234,0.5962508131536121,0.4386989501338113,0.4418498602229441
0.6418105115821863,0.4564780033739695,0.7204337713003854,0.44732375016896064,0.5187638365676225,0.6014104235110149,0.4875941214178667,0.3255101613617961,0.6523232223837855,0.38025321406055185,0.4371571038812756,0.4420122978973611,0.21761688303252352,0.7219155707066163,0.495366329521861,0.4289362720828359,0.286791190974533,0.5583859558203146,0.6033645742111782,0.49643531614939695,0.5342274355446739,0.5810581689384842,0.4715731612433095,0.8763748976656287,0.4755306486362404,0.5392708293441242,0.47293978085756705,0.4028847589997612,0.38206557606169167,0.0,0.4786500255962318,0.4065532585464888,0.4468582930454905,0.502748719608205,0.49391086824144803,0.6477634674625665,0.3309643292465989,0.40018159254352376,0.6464468262056542,0.47124256497155625,0.45201549524390117,0.6108913293212268,0.7213583221733451,0.27252828716945515,0.0,0.0,0.0,0.2222482804532333,0.0,0.0,0.7120360034163922,0.6367546019565243,0.4426968493004024,0.7451371185572155,0.5054791440504829,0.0,-0.0022137282705115106,0.3195669445716711,0.0,0.47453143673408116,0.0,0.0,0.9131460160245344,0.9132360790619176,0.5981952372500515,0.584019890845406,0.6443180735885652,0.5098946116435105,0.0,0.4010170768705924,0.4652091474800632,0.5488313158343568,0.5386156827821282,0.526867249718662,0.6326600213390341,0.23084419250208174
