0.0,0.027626653137674484,0.011516488828146543,0.0,0.01041567517106895,-0.02329853752607064,-0.0017348430307081997,0.01041228906227143,-1.2790969804832297e-05,0.021238512246695818,0.004366851876357214,0.02425221770486713,-0.022287717685294528,0.020593931343486693,-0.005705196749144603,0.0173717507006535,0.026396176928618564,0.02138135524483037,0.0,-0.016251901611542552,0.0038268148835007287,0.026094926782614436,-0.00724045741178353,0.004094933721034977,0.017451058819402288,0.0217180786428961,-0.031619791190400204,0.007821602587002707,0.015802185054500817,0.015680812117226384,0.01417517910274202,-0.002414611239459352,0.028245146256518583,0.01052675024787364,-0.009811244694541865,0.019785826376295557,-0.0012955346727820949,0.003552459452365264,0.0111970485596527,0.040181576351435044,0.029289203864307778,0.010510326891328026,-2.6395365844200658e-05,0.0,0.0236260978683151,-0.008246697752977539,0.029404139495294246,0.0,0.0,0.0,0.00932721380988294,1.1102230246251565e-16,0.01894568789108736,0.0,0.03229501963161108,0.0,0.05673524597607754,0.0037365038788485516,0.0,0.06788136366633701,0.022500887755703303,0.08295529213398561,0.02358992367185858,0.0,0.016515629563814305,-0.036425364491931844,0.03374240881487872,0.00592553151088776,-0.029258047413414978,0.03944290455679622,0.024847694974748535,0.005994512741972158,0.000596965303001018,0.016291226071923515,0.0,0.034483930611644176
0.027626653137674484,0.0,0.008635851871619915,5.262138242967396e-05,-0.019509855181898905,-0.019905578115981537,-0.025729314943888415,0.00566761899613516,-0.0209852103398665,0.028185790280797263,0.006592890220341041,0.004246695244071452,-0.031666623651952774,0.004475698547613316,0.0036772144231450588,0.014779757742144739,0.04112400461481952,0.018188746290535074,0.011705595944691505,-0.010987560553811004,0.026827676352044416,0.020307499748206614,0.008677443473689483,0.012076767723471271,0.01887195500119354,-0.006124446592045585,-0.008729408438125474,-0.010836901442898395,-0.012952155166466806,0.003474529476902577,0.013035383211031815,0.003935755760594739,0.020477382947830747,0.019498834814596966,0.015896954279695674,-0.04102443618275775,-0.0019972119284167866,0.0,0.013847609122644766,0.017278672373994386,0.02294344330109388,0.0370598306468744,0.0052981735969074295,0.0,2.220446049250313e-16,0.017071707835042138,0.023426809651828584,-0.0006624319286835934,0.0,0.0,0.026481848373352712,0.02919429176465882,0.006666041955505075,0.012831457053514517,0.024842587469208033,0.0,0.016141624186686188,0.03646365588574707,0.0,0.02282278076726746,0.026277794329848003,0.05213325326202517,0.028428343444663218,0.0,0.0167679261595175,0.024867999894869763,0.033109544666346136,0.016357013604249293,0.0124849223665906,0.026862723055024018,0.02339190494077442,0.022303735270840785,0.029429365903202,0.00673000042502897,-1.1102230246251565e-16,0.024896707058498502
0.011516488828146543,0.008635851871619915,0.0,-0.005655996285683584,0.017851273905199527,0.051492826899918964,0.013660331014425375,0.05047941175618498,0.014202497661511715,0.018290704737800145,0.05355754062445145,0.01891488746894049,0.012613343541678312,0.027118902494924213,0.028087474949035518,-0.008746568389416842,0.018984362674078603,0.033671316516717176,0.051746678862724105,-0.0016947366389786223,0.008649042071814161,0.006001433230055864,0.04220211164886856,0.002531210822209473,0.014205398849654549,0.026482685209116952,0.04896589620653624,0.021375748412709228,0.023323936870560502,0.025393229757580293,0.020319030060510612,0.023859266807137847,0.02670036151396976,0.02265030014962366,0.03411442290041544,0.01890835681540387,0.022831788765901972,0.021019110636466998,0.07354882898921755,5.405886022158413e-07,0.037103883323793996,0.013118356521919283,0.053366224839901166,0.02117721923246063,0.0,0.0,0.00017548716667115105,0.05690344084029558,-5.9284697223604965e-06,0.056424489328237515,0.05209324496253687,0.041880123535068314,0.027179295775965784,0.05623567905639326,-0.0009958069361923338,0.135437763369872,0.0260591964162063,0.03535179183609216,0.054800245441144424,0.00040925141738284987,0.0,0.0,0.0,0.11657305784690719,0.012209559496739686,-0.003600173112574212,0.000686557207038363,0.05098302966634194,0.0,-0.00020054880689995835,0.01729627722931265,0.06334780779225846,0.03328343719504545,0.01448385180555345,0.00830966274617273,0.06594136292735386
0.0,5.262138242967396e-05,-0.005655996285683584,0.0,0.00010865105705665234,0.008627571483861562,0.005308858773801051,-0.0302472882497124,0.012991471297294832,0.04735506412812221,0.0073015902858633575,0.0016330756507372257,0.021368826880480918,0.0211642894059188,0.005010334963419627,-0.0014473227793786458,0.006411310529641334,-2.699640748266008e-05,0.03441864413115292,0.000502601507079814,-0.0014605274324814843,0.01826663151910146,-0.0016863285938591432,-0.011102474657327,-4.9032187551423245e-05,0.001153635895463745,0.007064102118334581,0.013844762039649544,0.015101580829095906,-0.002129493314498465,0.01937910581440322,-0.013903895545262501,0.03935097311151975,0.025805321769182765,-0.0099765694399791,0.027477085537329776,0.024842905179665115,0.004020553036058083,-0.01853400765347818,0.00046206129014508823,0.025452230005692522,0.03150807186818083,-0.014231121060841068,0.020735100528215367,0.0,0.0,0.0,0.001924622519651642,0.0,0.0,0.018496392258857797,2.220446049250313e-16,6.178487335745109e-05,9.386672209532598e-05,5.551115123125783e-17,0.006323628159391248,-0.008926180506009213,0.0009044698401662332,0.0,0.0,0.0,0.0,0.0,0.0,0.0,0.0,5.4475675468290685e-05,-0.014242067155853522,0.0,0.0,0.0,0.015293736807832803,-0.0043416121636419835,0.004186524074110354,0.0,0.0
0.01041567517106895,-0.019509855181898905,0.017851273905199527,0.00010865105705665234,0.0,0.009590482120296062,0.003385272709206355,0.04096975177041712,-0.0007536970574095747,0.02634502634027769,0.023559038961869117,0.02822172334637668,0.010726465922005657,0.007054103554985036,0.016790689356830424,0.003168305537957994,0.029777891741926188,0.02302032804540577,0.004025710841750574,0.0043750693761814285,0.02924673617180179,0.007845064130357848,0.02028358378836337,0.00806002380118942,-0.00654423127285797,-0.03781525544922659,0.01401269214505213,0.012289089178142532,0.026288754674892112,0.013956542642768632,0.01783316249069067,-0.002214443642674202,0.0038892440047126886,0.01471917226840097,-0.0032970840813929536,-0.021912043847244683,-0.030925269151953788,0.024336370681264152,0.04774334798462865,-0.007535850376540809,-0.0011604134257584553,-0.04023270551197594,0.06155550486505379,-0.05554928626424804,0.00017463592449123988,1.1102230246251565e-16,0.010359066902783098,0.05798067393996864,0.0,0.05389845793836451,0.03781602498240233,0.03280787652771194,0.027292844090860136,0.04524962816723188,5.551115123125783e-17,0.05322919418481403,0.009675258356963534,0.029457012851368147,0.01141213159094484,-0.0013900800128147095,6.106276781175923e-05,0.0,-5.551115123125783e-17,0.06337039711671039,0.01915986182988838,-0.0004542547681388731,0.009930434304734226,0.030378702473782604,0.0,1.7331923284402695e-05,0.0011534037373265305,0.056490155451429325,0.028952679133312953,0.02072860857602965,1.1102230246251565e-16,0.023678585477673098
-0.02329853752607064,-0.019905578115981537,0.051492826899918964,0.008627571483861562,0.009590482120296062,0.0,0.01662907964223581,0.04320044984908128,0.021167973056601064,0.04499074425066596,0.008725505750056706,0.01823668176793941,0.006301088039421587,0.04115453378826611,0.0051920181265069365,-0.01303443461183773,0.05137685012517773,0.022082615694191843,0.02675260797883655,-0.00846686640150135,-0.009497244913148961,-0.006658558714559115,0.02675202274348243,0.0185206056539039,-0.018950395192446456,-0.0028151027288555452,0.033520476090734275,0.0023216753224926667,-0.0015441935924758177,0.005571067741980795,0.02091891764065673,-0.008036211835949325,-0.0012047236768387704,0.018073144384173068,0.011727614015083043,0.023790649646439066,0.016967182504862177,0.02995350227719884,-0.00681108551397025,0.0022855403535503305,0.0093629832350543,-0.04147352858779274,0.002257772334064878,-0.0455555658165096,0.02110342412461874,-0.0027182809835887833,0.008023646105482896,0.03978332715378419,0.01185269739577538,0.024987097107363354,0.04273130378992973,0.028339262471441473,0.03178250867381677,0.0350004325881893,0.022909222425127163,0.03721148763669174,-0.0016029423334567028,0.0162751473257724,0.01971550239036768,0.012731432676680643,0.02033194837825658,0.0,-0.0027191536409542083,0.03846141196284547,-0.005176348826855193,-0.001814861676258328,0.011096739687918244,0.029031787725588454,4.5804560941997696e-05,0.02074419872894917,0.003525968638308008,0.053313335906710946,0.02006158541095593,0.008879668028901111,0.019407104219423765,0.019884744983475866
-0.0017348430307081997,-0.025729314943888415,0.013660331014425375,0.005308858773801051,0.003385272709206355,0.01662907964223581,0.0,0.03142891617556792,0.011472476963719891,0.04067255210075815,-0.005193990514987257,0.03463189354019364,0.010737989450248564,-0.04116717626553584,0.0008173088687989383,0.011041293094700477,0.028149276338607754,0.017892932590499233,0.004091965672937736,0.0045267170368377685,-0.0037080390513883343,0.003509583945586703,0.018602893008194732,0.007100047840358892,-0.02942280784478518,-0.01983079757602446,0.020470927405416284,-0.009277164655454917,0.0185765697780933,0.008349911072347838,-0.025083653759744584,0.0025853527438362,0.007815935325575452,-0.00016147964361418188,0.008721133649970458,-0.01601684504120282,0.026104799882507246,0.03324995700123906,0.037268289479194694,0.04092434094106806,0.029694698808632958,0.006922690866196679,0.03638013165173343,0.039853840546196895,0.0002712823256592056,0.0,-0.010152112001486857,0.03874211017966578,0.0,0.030981932145140834,0.031636514733658916,0.022330706585730886,0.02962413947512943,0.024618899736363553,0.0011227132162525133,0.021242335039715954,0.00572944895669758,0.019921367497316655,0.055333939359192785,-0.0033232314711764688,0.01263834957977189,0.0,3.7472935444149424e-05,0.03853448489377953,0.01468326587885771,0.004961745835170672,-0.005585949375765009,0.02001296238110062,8.32832891624613e-05,0.011071446785409333,0.0002873987531142319,0.04337726908419581,0.029329175260123408,0.012382575850645894,0.014422449856302921,0.01725791627491502
0.01041228906227143,0.00566761899613516,0.05047941175618498,-0.0302472882497124,0.04096975177041712,0.04320044984908128,0.03142891617556792,0.0,0.032989164706381524,0.04322785134987572,0.026257696989005264,0.023774468771922908,0.02140608984475595,0.003730532392318575,-0.012681255992963714,0.01856491158085366,0.04229616227230709,0.0164023883201157,0.07366112418903392,-0.007065829329925943,-0.003168666482281146,-0.008333011646965871,0.025669022260257413,0.00904609644800658,0.01644687025428032,0.01552361919155637,0.032964109930103735,0.010237344911890156,-0.004266393759017384,-0.026037102990711547,-0.0022400691700338315,0.00954264632546159,0.042186657045301446,0.0009464826746297117,0.0021450430745416083,0.010657004081408128,0.07534348723480888,0.0419243558236414,0.02530163004686986,0.015288503569705791,0.021639002505530858,0.017043278854466104,0.055026737533553194,-0.00575887757117971,0.0,0.007461714412611842,0.020807237985359883,0.029639723227928738,0.0,0.010273437862220458,0.035350970145368754,0.010751293342424029,0.01039984401855576,0.01403717089638068,-0.00010845786976826366,0.012615176649633186,-6.820752413516651e-05,0.018213084566551907,0.03650817815166635,0.016804139604964297,0.013304122445964184,0.0,0.0003147854944253736,0.05779586444146101,0.0025768967142927313,0.09160943598367444,-0.008016538717287858,0.03154796289489764,-5.551115123125783e-17,0.023367843133872968,0.0017275094401551505,0.05404631907096258,0.01238378893238018,0.029402596072450438,-0.0030793224375170736,-0.007785677597565932
-1.2790969804832297e-05,-0.0209852103398665,0.014202497661511715,0.012991471297294832,-0.0007536970574095747,0.021167973056601064,0.011472476963719891,0.032989164706381524,0.0,0.0255631227274557,0.03413390332594096,0.016622772672278352,0.02033226314151121,0.013890957875803578,0.017832749020961103,0.012987168299041396,0.026055574069618392,0.04330312506483347,0.023949084948953592,-0.00809800719708198,0.017684157081992502,0.019493348658289777,0.021184915143228678,0.0535743535026314,0.030937362926295287,0.04735120043573532,0.02549725792627333,0.012623245182249998,0.04274507927337856,0.02024384808538543,0.015828333107196946,0.005489698764615858,0.0035228670324071176,0.017482433504935835,0.00763792741330549,0.008907036116570288,0.01783910181530285,0.016862070801470064,0.06324696801016771,0.007834775236451874,0.026048949085894946,-0.016803728689744946,0.01968256205042257,-0.016733060211947037,-0.0032856325877993475,-5.551115123125783e-17,0.0166088009380424,0.04252866832344626,2.848064652560822e-06,0.028852745808396696,0.03401429807338219,0.02080047872758395,0.00417020187735706,0.022760302121643927,0.02013862758431817,0.015560054961556657,0.01979263162610939,0.019564041445659486,0.024581696535731057,0.02043267786879488,0.011947391117963002,0.0,0.0,0.03924613219777717,0.007182477579050717,0.0026838578560525184,0.0024192763821219154,0.028915270895886525,3.505205115567067e-05,0.012436378801585268,0.02036471517083216,0.04892806653676607,0.02633866315375699,0.012458438335596234,0.02049022819067836,0.025499309227724143
0.021238512246695818,0.028185790280797263,0.018290704737800145,0.04735506412812221,0.02634502634027769,0.04499074425066596,0.04067255210075815,0.04322785134987572,0.0255631227274557,0.0,0.016072661917362174,0.04386274621132713,0.031295007153695986,0.08941576222220249,0.005846585695786277,0.017270961557255438,0.04163181810110411,0.0360092927204263,0.02310218132395342,-0.017941411796125684,0.018912878471206207,0.008292557878214701,0.040034950350007203,0.03665337554795123,0.027413872045038645,0.02953260305330213,0.010036171127525972,0.041335783496420975,-0.011527894566512764,-0.0038990539683703695,0.029110938816624465,0.04687245454663619,0.026544260142042087,0.028622721934048356,0.07001035439751419,0.10840104627930969,0.04814672690432109,0.019176130734187613,0.09715971573738641,0.04730289113241859,0.0665829651246353,0.04025046189685472,0.021637248056864067,0.002256272528564751,0.045911322557985024,0.029404741068430718,0.03150171011599645,0.0003111751652732364,1.617170564272019e-05,-0.0011637046830641484,0.025826909520511976,0.014631021779854536,0.0030423688145898575,0.01656924006935273,0.062154311048638,0.013973025115603943,0.06729345996784619,0.05494677054918856,0.0,-0.0006938894978701926,0.03144807141772993,0.04812185255958018,0.027021447433130563,-5.3157243892210104e-06,8.636708885945144e-05,0.027847644534637617,0.010338317529496321,0.020153812447516295,0.04967315050494725,0.0387266474642225,0.040098730751142786,0.01976990857971339,0.058035650376234094,0.02325860667335572,-5.551115123125783e-17,0.04016844081427423
0.004366851876357214,0.006592890220341041,0.05355754062445145,0.0073015902858633575,0.023559038961869117,0.008725505750056706,-0.005193990514987257,0.026257696989005264,0.03413390332594096,0.016072661917362174,0.0,0.018537248230491632,0.0007812211664782742,0.0226418202908093,0.0,-0.0002181748421132279,0.026146210262488534,0.024445751189111686,0.03405485837547728,0.00012749811778867137,0.006320645082818488,0.0038815045405444226,0.07367699146613332,0.012102847073102774,0.019527734237634264,0.0260520946404873,0.02725568445799531,0.0029292875077990277,0.02444732224872531,0.0006649822722462062,0.013246330134796092,0.0004084177531382127,0.013329963158572766,0.014632038792854907,0.0014724419179723558,0.024823804769419033,0.02281982709489805,0.017478646279309784,0.05654564127182321,0.010133276590887974,0.0013690148804480495,0.0024017453652886434,0.04423346993435018,0.022891265178381304,-2.1813684304428094e-06,0.0,1.1102230246251565e-16,0.10693853532265585,5.514929761196719e-07,0.08982120765260049,0.060638545528121646,0.060063343871275154,0.039381181416383026,0.07095119728703986,0.02463157083718548,0.020596418357048285,0.019603285621193678,0.030698749864162822,0.03179743322390366,5.551115123125783e-17,0.0,0.0,0.0,0.2310824125743714,0.007674309828695602,0.0,0.00024356443565692887,0.034616218066914006,5.551115123125783e-17,0.0,0.0008871215643113106,0.05227998718771926,0.0509447184262557,0.018611903349199377,0.0,0.0724932680823816
0.02425221770486713,0.004246695244071452,0.01891488746894049,0.0016330756507372257,0.02822172334637668,0.01823668176793941,0.03463189354019364,0.023774468771922908,0.016622772672278352,0.04386274621132713,0.018537248230491632,0.0,0.037386788512179026,0.03601106212353383,0.055369764196189386,0.016868255465186832,0.025944064047058735,0.04112499263110814,0.017725735177217428,0.0014177988242295436,0.013999092802791158,0.014593947159486031,0.03539658173312982,0.027650802653763018,0.027849409535175507,0.021028528604515317,0.02079723429243302,0.06083834188499937,0.043463247447066644,0.026656484628617583,0.027010266751597956,-0.01697258672138441,0.05299388553801304,0.02902142292303872,0.04777005107065119,0.00156171390344223,0.010286621555011088,0.027993647533424815,-0.04791041850118383,0.049106387626067394,0.0017542232455029505,0.022423323536238438,-0.011715168160130851,0.025546615083004875,0.07376341749208165,0.050946346828417644,0.012212173337020238,0.00882205128948027,0.026754196176291906,0.007831210797227928,0.0012338300040620198,-0.0254107120406199,-0.00028002701204848934,0.01447644833164835,0.05408741761963276,-0.027546778436298158,0.06828613147727813,0.0035731136851435696,-3.4844536214828636e-05,-4.5852891621789293e-05,0.0308512838588052,0.03552760525018295,0.007829376902709406,-0.01761007232593531,0.004107294883404056,0.03845413634911177,-0.0014039523001604381,0.0068626269802517514,0.045063448167230236,0.03566118903497306,0.03610766927388365,0.018793475657392644,-0.09580806129430897,0.005231010397126479,0.0,0.041765281782209396
-0.022287717685294528,-0.031666623651952774,0.012613343541678312,0.021368826880480918,0.010726465922005657,0.006301088039421587,0.010737989450248564,0.02140608984475595,0.02033226314151121,0.031295007153695986,0.0007812211664782742,0.037386788512179026,0.0,-0.016726639095394513,-0.027888152828324464,0.008778628874090977,0.02976236158092016,0.018527609613952944,0.01518197837381896,0.0008267591489660164,0.0008971095013827757,0.00044512042077582414,0.009864029349956893,0.02234350894058934,-0.007171426558706173,0.004457206092037036,0.006535447416260998,-0.0010418618334281926,-0.001418579010379617,-0.04649916940428278,-0.006686779498604689,-0.007827749634246817,0.022619796851995222,0.002472740502728943,-0.018985379589515405,0.00531649749260743,0.02047996477809616,0.030374998793157637,-0.009495431672029597,-0.004584563569321132,-0.02113538499564782,-0.05876094732199455,0.016440893129003542,-0.05497997645713815,-0.0030888244052613145,0.0026501279892478524,-0.011895595958967997,0.030900359507513908,0.0,0.01574817309458465,0.0244682730918776,0.019615815554494875,0.023103351060244248,0.03162200372111923,0.029440381605462973,0.044134286651534294,0.023785529440965847,0.027371910399088817,0.007226558698729568,-0.0006354637014635567,0.025409603209153753,0.016592978399864344,0.023778686064626242,0.03870856649860588,0.017131304595209618,0.013493430680192375,-0.002931988685563658,0.014123395054680521,0.03334331834009435,0.04251697592009518,0.014247580696539863,0.025441863925456387,-0.0010070738184330685,0.016759040277259774,0.020383343790639774,0.011604393709818694
0.020593931343486693,0.004475698547613316,0.027118902494924213,0.0211642894059188,0.007054103554985036,0.04115453378826611,-0.04116717626553584,0.003730532392318575,0.013890957875803578,0.08941576222220249,0.0226418202908093,0.03601106212353383,-0.016726639095394513,0.0,0.008045200478730197,0.0014734638109963893,-7.410464405521733e-05,-0.00023448623917060596,0.022199838065522948,0.005115452056290992,0.023021022002361724,-0.0008153952930209929,0.006220222302110057,0.030571423752872806,0.012851859793501508,0.02269639980021837,0.0365979223252732,-0.01549056009958838,0.006367644017307328,0.013122296370432551,0.035154931961390024,0.03767499182623979,0.006823059510365992,0.03020918271271472,0.024991294619070348,0.010792118636904185,0.004941915012456027,0.009882659372578317,0.05830649778130198,0.0,0.003020000926483246,-0.0008883465594766715,0.029951619394707196,-1.5874718463093629e-06,0.0,0.0,0.0,0.1065135125897731,0.0,0.02885472867899541,0.029620875688274595,0.04156342896447157,0.024888620210860468,0.03739208150232126,0.0,0.04707422179272974,-0.0004615795364392161,0.00773672691733529,0.01683190442877619,1.1102230246251565e-16,0.0,0.0,0.0,0.03592941686451212,0.0,-1.1102230246251565e-16,0.0,0.040612005012751806,0.0,0.0,5.551115123125783e-17,0.056722304830987225,0.01773879705846787,1.1102230246251565e-16,0.0,5.551115123125783e-17
-0.005705196749144603,0.0036772144231450588,0.028087474949035518,0.005010334963419627,0.016790689356830424,0.0051920181265069365,0.0008173088687989383,-0.012681255992963714,0.017832749020961103,0.005846585695786277,0.0,0.055369764196189386,-0.027888152828324464,0.008045200478730197,0.0,-0.007388077183350161,0.02515493119170703,0.009207320159994536,-1.1102230246251565e-16,-0.0022255261455771946,-0.023171440902032714,-0.01416735228112026,-0.04459408202694537,0.010471635545763414,0.013433335528505508,-0.012129290905798895,-0.024522880581926143,-0.008306275680282138,-0.007703012653630492,0.012119550943635815,-0.01831276653535524,-0.018202407860023306,-0.022573199692588974,-0.021273659030773606,-0.01246013961659187,0.04077945553284423,0.008905469644425845,-0.0002953203809180627,-0.002148434908338992,0.013083602968091246,-0.0062416759483066575,-0.012353463647720941,0.05300087328921077,-0.007352344966014668,0.0,0.015171446553658208,0.020914736558932945,0.022440787273408813,0.0,0.0,0.014836675152053447,0.01728724355141903,4.296533346997977e-05,0.0025773076564093444,-5.551115123125783e-17,0.0,0.00922217705972106,0.007405896412295332,-9.040380322233865e-06,0.016105755277762868,0.012967439686915772,0.0003160041316770945,0.00698908003364429,0.0,0.015877260728532627,-0.010205352600803463,0.002290296668146785,0.018339268660725994,-1.0087201235964294e-06,0.024663084268152835,0.01876815914507024,0.011896161873131084,0.006598291080100405,0.012891603491954617,0.00678329130777805,-0.0035239628222209496
0.0173717507006535,0.014779757742144739,-0.008746568389416842,-0.0014473227793786458,0.003168305537957994,-0.01303443461183773,0.011041293094700477,0.01856491158085366,0.012987168299041396,0.017270961557255438,-0.0002181748421132279,0.016868255465186832,0.008778628874090977,0.0014734638109963893,-0.007388077183350161,0.0,0.025754319101065737,-0.006982332860186458,0.00041554177584124385,0.010099588855547514,0.016110844316863104,0.023823657587171143,0.015421057660196191,0.011369502795682496,0.02323326528715436,0.01952395327138856,-0.0009646186327832984,0.005670566828626267,0.0012284532468324616,-0.008224594800303409,0.019024691672392735,-0.0036822932372733153,0.007886724328717787,0.010475137942652923,0.008952186046416122,0.008242581585061193,0.009767863141567856,0.02531796239575468,0.021627433662112838,0.021580982499265156,0.02102998431839842,0.03214042327263861,1.178796617362643e-05,0.0,0.0,0.012413862907073192,0.024786996784010973,0.0,0.0,0.0,0.018132802740647824,0.01045577948155002,0.015684469739461027,0.0,0.036555671287268166,0.0,0.026706831120980545,0.040291501127179996,0.0,0.014040310574471249,0.02611659756250362,0.04267477062870201,0.030356205020601656,0.0,0.033578636544786766,0.02115291039125039,0.02661152022153429,0.011628661506196125,0.03145040648283526,0.03291623552567591,0.02543410590732631,0.020928503468995385,0.022332282948060223,0.030936066336015255,-1.1102230246251565e-16,0.02161288710528375
0.026396176928618564,0.04112400461481952,0.018984362674078603,0.006411310529641334,0.029777891741926188,0.05137685012517773,0.028149276338607754,0.04229616227230709,0.026055574069618392,0.04163181810110411,0.026146210262488534,0.025944064047058735,0.02976236158092016,-7.410464405521733e-05,0.02515493119170703,0.025754319101065737,0.0,0.05366783733171615,0.02615194034279439,-0.006689676285430102,0.016540469896684784,0.015314408714978744,0.030832928404537274,0.05365559374478285,0.04807596223668448,0.047155124322309006,0.02409735797015561,0.02141833676592325,0.0022821530297458814,-0.01289667136275724,0.028009158034822124,0.007304327645557496,0.024911654174184616,0.036172921968345706,0.041108664662636796,0.037420611009829796,3.2687711884915593e-05,0.04342465032284493,-0.014839706318526436,0.03318337397083959,0.05742712682200507,0.02122919334665041,-5.551115123125783e-17,0.0,0.026612078762119573,0.02303130461598385,0.02437277873375404,0.0,0.0,0.0,0.0,0.0,0.0,0.0,0.059841234970413104,0.0,0.05856748821601315,0.008764566027302523,0.0,-0.000131681751898427,0.03169760806972988,0.045930117757438216,0.03689957923649401,0.0,1.1102230246251565e-16,0.0,-0.006659706314707359,0.0,0.03773745679534135,0.049374406464721576,0.04480143836752032,0.0,-0.000902033541042957,7.104098465310349e-05,0.0,0.0575057286493037
0.02138135524483037,0.018188746290535074,0.033671316516717176,-2.699640748266008e-05,0.02302032804540577,0.022082615694191843,0.017892932590499233,0.0164023883201157,0.04330312506483347,0.0360092927204263,0.024445751189111686,0.04112499263110814,0.018527609613952944,-0.00023448623917060596,0.009207320159994536,-0.006982332860186458,0.05366783733171615,0.0,0.023100132071862567,0.009118172863736396,0.022702132841007416,0.02042595166913258,0.027753618629400567,0.05793355249766652,0.018075690173015246,0.03428947617130357,0.010240171462631398,0.01758233706109008,0.02161170889843317,0.016278227005644463,0.037009003187197465,0.0032689581410837443,0.021877280788120346,0.027462996435610898,0.041314583490921264,0.007878160864579875,5.447848486778151e-05,0.02863602426158085,0.026605533695995942,0.032942071036563714,0.03462576272986306,0.044420918696434775,0.0,0.0,-0.0017619305854226774,0.01402785045856425,0.02607985325444051,0.0,0.0,0.0,0.015982833804084162,0.0002297532594010554,0.0009765271558681565,0.0,0.035676154606870014,0.0,0.03003179862508243,0.04042077023123314,0.0,0.027533907402613966,0.02062735555682982,0.03507071633203651,0.027585988078318024,0.0,0.02455415933230648,0.025632818049875994,0.04041503110933026,0.013045286951277546,0.03343421805463265,0.03727665713398204,0.03135602784366748,-0.0019740589300358824,0.013716685064519729,0.038590512264457255,0.0,0.03647579115491051
0.0,0.011705595944691505,0.051746678862724105,0.03441864413115292,0.004025710841750574,0.02675260797883655,0.004091965672937736,0.07366112418903392,0.023949084948953592,0.02310218132395342,0.03405485837547728,0.017725735177217428,0.01518197837381896,0.022199838065522948,-1.1102230246251565e-16,0.00041554177584124385,0.02615194034279439,0.023100132071862567,0.0,-0.0009717012672397218,0.009472073874630171,0.010626522817703099,0.06169366523282899,0.010648196363634788,0.026715992931541643,0.03266164830989282,0.03437326277069058,0.015302747279872464,0.02366463625677412,0.005065654672204878,0.024470477472869456,0.007466706744733098,0.04270002132295214,0.02732128345327922,0.0023213306335423955,0.015838316919015993,0.021542979016656583,0.0199899041640742,0.05733101299288823,-4.225620731485025e-05,0.04289458670855012,-0.014249284893389391,0.07935137599039987,-0.009825929181057014,-1.7351604984228164e-05,0.0,0.0,0.12527542445003093,-5.551115123125783e-17,0.05799481158594433,0.054769042883775376,0.037743614612984255,0.039492128833915396,0.04120942001422845,0.0002753519898519574,0.01918284305667478,0.01869187633664371,0.024978809700295646,0.05661762616054705,2.220446049250313e-16,0.0,0.0,0.0,0.1196014102555304,6.115252314309316e-05,0.0,-0.0002547025121240054,0.05061403619952998,0.0,0.0,-5.551115123125783e-17,0.06174263319310891,0.034094684470304504,0.010562268452832702,0.00021082688599893817,0.028704225147588636
-0.016251901611542552,-0.010987560553811004,-0.0016947366389786223,0.000502601507079814,0.0043750693761814285,-0.00846686640150135,0.0045267170368377685,-0.007065829329925943,-0.00809800719708198,-0.017941411796125684,0.00012749811778867137,0.0014177988242295436,0.0008267591489660164,0.005115452056290992,-0.0022255261455771946,0.010099588855547514,-0.006689676285430102,0.009118172863736396,-0.0009717012672397218,0.0,-0.015244977496871703,0.0010436087884272416,-0.017299383059029172,0.0325801957534802,-0.010745791580499042,-0.00973644205675811,-0.019798020321514787,0.016641437381821444,0.0024241037927550946,0.001228016603461779,-0.009644902157548374,-0.01620817904070143,-0.020094082331965635,-0.024288380005230037,-0.005960049945798573,-0.001283843148941366,-0.003646795174624129,-0.0031354659311066957,0.008356681858284809,0.011088959512068175,0.005852289982450076,0.015594561946390861,0.009066843266868296,-0.03327965256347781,0.0005273310489659067,0.0017836379563497817,0.006764503026226942,0.027366971246596428,0.0,0.0,0.018406299358768363,0.03375377388970041,0.0043768171011247525,0.0010419261004258051,0.00012920201572536039,1.1102230246251565e-16,-0.002727293884789539,0.00965057830435423,-1.1102230246251565e-16,0.01116844098989872,0.021120861456393913,-1.8752110125419552e-05,-0.036508991728707196,0.0,0.010802025825307204,0.008689836633665293,-0.003492793421267404,0.009049208575292789,0.0,0.02021841156829912,0.0118588497244832,0.004099299604262252,0.008828709831954495,0.012859261105457098,-0.00624560665660534,-0.00026891055584804535
0.0038268148835007287,0.026827676352044416,0.008649042071814161,-0.0014605274324814843,0.02924673617180179,-0.009497244913148961,-0.0037080390513883343,-0.003168666482281146,0.017684157081992502,0.018912878471206207,0.006320645082818488,0.013999092802791158,0.0008971095013827757,0.023021022002361724,-0.023171440902032714,0.016110844316863104,0.016540469896684784,0.022702132841007416,0.009472073874630171,-0.015244977496871703,0.0,-0.0007654899207003019,-0.0061551239416038905,-0.008985915916233822,0.017215323948158334,0.003251424836880734,-0.025803147743508337,0.00323496095832404,-0.0005797646937351075,0.00830669664226047,0.006703583581117889,-0.006065353719045596,0.033089369774708055,0.0036063677380061,-0.003632192578315152,-0.023433982414915067,0.025553670552451224,0.0033749648345390293,-0.0014277507730144356,0.05843241540107069,0.020388291822990234,0.013858564307376642,0.03937143421957967,0.0,0.0,0.006217995286730615,0.031753345976272995,0.01306020588771678,0.0,0.0,0.028894138806664138,0.013575066225118226,0.051707427231940495,0.006996998112160591,0.0009063542381053669,0.0,0.0023978183154887422,0.018235853635004406,5.551115123125783e-17,0.02982093079468312,0.03025597765913518,0.0,0.025913179617356064,0.0,-0.014554738015215618,-0.002830950234717189,0.023419062352871722,0.01752524890026974,0.00367142553478772,0.03171563438235547,0.022953340919922682,0.005519315948954218,0.013994325444664779,0.014004070874363339,0.022065153938270243,-0.018635608496618106
0.026094926782614436,0.020307499748206614,0.006001433230055864,0.01826663151910146,0.007845064130357848,-0.006658558714559115,0.003509583945586703,-0.008333011646965871,0.019493348658289777,0.008292557878214701,0.0038815045405444226,0.014593947159486031,0.00044512042077582414,-0.0008153952930209929,-0.01416735228112026,0.023823657587171143,0.015314408714978744,0.02042595166913258,0.010626522817703099,0.0010436087884272416,-0.0007654899207003019,0.0,-0.015239174657143972,-0.028149141131021183,0.01584312413850747,0.01688355143771736,-0.010804651723895498,0.028472389497286532,-0.01078397059002456,0.01790765100305397,-0.0003786619918097478,-0.019760180261060967,-0.00978464247096672,-0.013856947659021346,-0.009792965297742096,-0.008862078048074096,-0.006490812190374895,0.0785795078612368,-0.0012237609204260314,0.0139309378556845,0.007807197788079423,0.008312291213989353,-0.022780827937261716,-0.009184885871370285,0.00013707791216460707,0.01897477152468302,0.025456362870798832,0.015666416873798883,4.9711943034824735e-06,1.5283758672546277e-06,0.01711992979645366,0.016823878160730332,0.007363806492712288,0.0073456298205773485,0.008268707584983603,0.0,0.009475461346187652,0.016123454928188452,0.0,0.012489485226337194,0.026783427736356724,0.0008848850692390053,-0.014647751921018137,0.0,0.006023948007356783,0.007874016220779434,0.005055001869721909,0.010413758587551836,0.018529973602533722,0.030192047181693937,0.02077495424104786,0.011253220299342226,0.004155221173461954,0.016068609998599104,0.018499386809605,0.011565863718693004
-0.00724045741178353,0.008677443473689483,0.04220211164886856,-0.0016863285938591432,0.02028358378836337,0.02675202274348243,0.018602893008194732,0.025669022260257413,0.021184915143228678,0.040034950350007203,0.07367699146613332,0.03539658173312982,0.009864029349956893,0.006220222302110057,-0.04459408202694537,0.015421057660196191,0.030832928404537274,0.027753618629400567,0.06169366523282899,-0.017299383059029172,-0.0061551239416038905,-0.015239174657143972,0.0,0.003298149378497095,0.02754966991322849,0.0018516414735554876,0.025873434739633994,0.010883697153995509,-0.00778739868451056,0.00016736288979873892,0.006572147428471009,-0.009153340731608839,0.0032683811692677534,0.0011027524711880177,0.0006062687292488489,0.011654886911406204,0.013579540014801716,0.041686720686081535,-0.0021791226487638538,-0.026315060145507718,0.001607521490892716,-0.011855872346364482,0.0008463497232673034,0.002593967597706359,0.020372728739782353,-0.011970493000302063,-0.004552091853517404,0.07815095180835513,0.006435624360540126,0.015956062430340423,0.0245659110823645,0.012630571955573267,0.011674307220012003,0.018698499350413234,0.023311519495279986,0.07433736390843204,0.025138350071644555,0.00660094500898889,0.02125021498057622,0.0013173301235068768,0.01215030572139053,4.561658174334626e-05,0.010271879664138894,0.10452859731148234,-0.0004743658378498772,-0.0013996913157032775,-0.004644605797940016,0.0031104189184248954,0.0001757972237501626,0.02798982689254892,-0.020835361393313157,0.024161976314466593,0.004035474620714241,0.004842840672601156,-0.007276306782686093,-0.0059638809876112475
0.004094933721034977,0.012076767723471271,0.002531210822209473,-0.011102474657327,0.00806002380118942,0.0185206056539039,0.007100047840358892,0.00904609644800658,0.0535743535026314,0.03665337554795123,0.012102847073102774,0.027650802653763018,0.02234350894058934,0.030571423752872806,0.010471635545763414,0.011369502795682496,0.05365559374478285,0.05793355249766652,0.010648196363634788,0.0325801957534802,-0.008985915916233822,-0.028149141131021183,0.003298149378497095,0.0,0.04912829708764249,0.014912556411766031,0.017029225651078173,0.028349549753836523,0.02934552247126021,0.01095801737026142,0.02501380822386584,0.09371753599629029,0.004456302826429337,0.0024830759853850526,-0.005544534838715698,0.03134919796126112,0.0036036029485941867,0.004382137189063634,-0.0190898614729062,0.04892626184131732,0.08650996194894178,-0.0014845110082086777,-0.007493539075178746,0.0040673964518834205,0.08186101769479198,-0.012304887221415373,0.025934863759773386,0.0,-5.551115123125783e-17,-0.00018017714082690928,0.005229160881953854,-0.00015439417135976186,-1.6653345369377348e-16,0.00032097014030851856,0.05198805369921444,0.0002361233760288517,0.06983523575956363,0.07239012723328969,0.0,-0.000497846604044061,0.033068125389971004,0.03322977027465707,0.02361393160441061,2.1956851409321576e-05,-0.000810985178035184,-0.005615056167209642,0.03415750696234915,-0.0005917325226797998,0.04172597724667754,0.030533320293225474,0.029364241007776626,-0.0025246148296750315,0.06492623323704072,0.01683579450000061,0.0,0.11361519483643506
0.017451058819402288,0.01887195500119354,0.014205398849654549,-4.9032187551423245e-05,-0.00654423127285797,-0.018950395192446456,-0.02942280784478518,0.01644687025428032,0.030937362926295287,0.027413872045038645,0.019527734237634264,0.027849409535175507,-0.007171426558706173,0.012851859793501508,0.013433335528505508,0.02323326528715436,0.04807596223668448,0.018075690173015246,0.026715992931541643,-0.010745791580499042,0.017215323948158334,0.01584312413850747,0.02754966991322849,0.04912829708764249,0.0,0.02981599458576467,0.015931396207629345,0.0161420072649896,-0.011125986688028333,0.007085634821690001,0.026378622607597102,-0.003932167844228229,0.010355345083671252,0.01059879242750511,0.025697493192179344,0.04932714634621166,0.0015898253899346848,0.022657006904252264,0.03449673530102837,0.03050664326518432,0.03813633985450254,0.038940473462884595,-0.0014076869856072816,-5.551115123125783e-17,0.03598133347729593,0.0113581084590067,0.03270113170802069,5.551115123125783e-17,0.0,2.220446049250313e-16,0.019177994679390076,0.013805640530201446,0.01553725638735659,-0.0010683200668507586,0.04591401222780589,0.0004037434056469724,0.045897406456692436,0.037299234578347384,0.0,0.027242396440545935,0.02962973863600943,0.04394820204478683,0.026086709168165245,0.0,0.030315542563900733,0.029190573789997065,0.04317172268474845,0.015291453193196636,0.031804506212677885,0.03713316298784658,0.030017934285328673,0.02975328097497998,0.050163205117403076,0.035187014801483396,0.0,0.032501569549631626
0.0217180786428961,-0.006124446592045585,0.026482685209116952,0.001153635895463745,-0.03781525544922659,-0.0028151027288555452,-0.01983079757602446,0.01552361919155637,0.04735120043573532,0.02953260305330213,0.0260520946404873,0.021028528604515317,0.004457206092037036,0.02269639980021837,-0.012129290905798895,0.01952395327138856,0.047155124322309006,0.03428947617130357,0.03266164830989282,-0.00973644205675811,0.003251424836880734,0.01688355143771736,0.0018516414735554876,0.014912556411766031,0.02981599458576467,0.0,-0.016376173863153543,0.02093791078077517,0.01095621451912937,0.02539125498146494,0.020777392408174,-0.0018710197491320635,0.017094082685782552,0.007730845601006453,0.010173257254451173,-0.026299143069353215,0.005579046574424595,0.016658668594434656,0.02182562867809784,0.030763874829344673,0.02552392534437259,0.02893091233111722,0.024546889340543665,-4.287188661494801e-05,0.01669964285809533,0.007284724547499566,0.02446663116380904,0.019247648513962545,0.0,-3.5733402704019035e-06,0.024705340855803448,0.025902490987717297,0.01409571173309554,0.005511502834687265,0.03911767083277423,0.0,0.04283183412624414,0.04287833837041688,0.0,0.011545812846436299,0.030183748121357268,0.03648220365050947,0.02744936911209156,0.0,0.015965784440791053,-0.005430643477880692,0.01904868207446414,0.011161562309373763,0.03132138080400565,0.03418276715009577,0.027680656960868355,0.01927914014534665,0.038108188500794726,0.01706292080189753,0.0006872633516664117,0.028325061799953977
