0.0,0.011770700148850177,-0.012734783706083885,0.0,-0.005799776654804634,-0.00837060052436911,-0.031297681616641815,-0.01260108971630014,0.0056773068075380295,-0.012113538467138474,-0.0033698508611426647,-0.008249741080599893,-0.022148064715616533,-0.02862033096524702,-0.024497923285373424,-0.009828300153353287,0.002197134873278994,-0.01906348462582136,0.0,-0.005368453509077276,-0.018869195981191855,-0.014040907077649045,-0.0226647563841742,-0.022498398457520774,0.003275831608794577,-0.0026211597140149423,-0.02428989357599559,-0.07600645529714561,-0.013206596320538666,-0.0398222010632992,-0.0365027780509386,-0.040913331790949026,-0.02840732080993047,-0.031418044914906296,-0.04913883837271654,0.0050616278542868764,-0.0008889997886027956,-0.017315465283838594,-0.013342944113137467,-0.03834726661402449,-0.001122178259197637,0.007207747532693265,3.098376973914574e-05,0.0,-0.004562234911557106,-0.021556196085734947,0.009409467681196437,0.0,0.0,0.0,0.03130696092399077,1.1102230246251565e-16,-0.02092054194431986,0.0,0.03565154776688839,0.0,-0.005706242113723892,0.0015469186947513203,0.0,-0.0262064519568474,-0.007768021504617917,0.001666870532716802,-0.008732838381181107,0.0,-0.003602646598378556,0.004358145404862734,0.0061391511059529225,-0.01643773199589338,-0.000475442655267555,-0.011532512426994768,0.00554418094105974,0.03744087797503054,0.0004508853236621646,0.0018508366850548685,0.0,-0.014733730611540652
0.011770700148850177,0.0,-0.009604580760431136,-6.17687516127341e-05,-0.030021125689472183,-0.012764177159474033,-0.03511727388578134,0.038055429988324674,-0.023594749832975936,0.004161927743870253,-0.0035967878863105707,0.004412381369663265,-0.030683600834369384,-0.003164076767066093,0.00024733807504329075,-0.005372448482255376,-0.031047325184622387,-0.0008277029328338514,-0.012240236983367458,0.006086210040269602,0.005215139023602544,0.00919575616011531,0.0018121265707256584,0.000439489102579127,0.010850546422430052,0.03010276376828075,-0.0054966131413555774,-0.020583024431896135,-0.016486690415727645,-0.0016010022423672554,-0.0015771625195298289,-0.011333726316295367,-0.023767640529496314,-0.002712498003962227,-0.026895039179468394,0.0052059807700266525,-0.0024372078564130484,0.0,-0.004944809969494257,-0.012455913052004275,-0.0022182439242472984,-0.017850269570771626,-0.00902875404539033,0.0,2.220446049250313e-16,-0.0006737673235952535,0.006232525628329322,-0.000560045969443812,0.0,0.0,-0.00856540821519497,-0.00047202877487667605,0.0042467167504515735,-0.000455637877456061,-0.025703112420498886,0.0,-0.009194549306425437,0.00045152308570683974,0.0,0.021380324592306765,-0.011412859975704626,-0.01724337341535992,0.0018454712166333098,0.0,0.006155689861694569,-0.006936045409975611,0.008141350144984127,0.014985628060161238,-0.0076228105634366106,0.005055081618227597,0.005791092411203902,0.011105815784221262,-0.004467842509180697,0.004791879972571689,-1.1102230246251565e-16,-0.0018784771567760261
-0.012734783706083885,-0.009604580760431136,0.0,-0.0164604757045565,0.0014966279593587317,-0.022862128917537305,-0.005930740434349768,-0.03765008229277883,-0.04520582872745166,-0.010046140965596306,-0.01247356418797363,0.010604271693927247,-0.010665191129299312,-0.042003570580100735,-0.016541297120048037,0.0012358358186129181,0.0015887899110314518,-0.005455118683342308,-0.044955217792298996,-0.003807762125257297,-0.02372078582120357,-0.006580135479369753,-0.0335261511868849,-0.010249272596260794,0.04386943504037921,0.012970907738342918,-0.05510510241058775,-0.018965117972300105,0.0011694964085727788,-0.008275616130840824,-0.013053884293393214,-0.014271698933881971,-0.0306225821702355,-0.01737195495970345,-0.054633518569041084,-0.01680453156240841,-0.028608028226295434,-0.017451864039131793,0.0071099423650676785,-6.345611148206309e-07,-0.009260700192918359,-0.0010651512139622232,-0.035183603369330796,0.013345585787023662,0.0,0.0,2.8181883786393414e-05,0.0650549077271596,6.959037501585996e-06,-0.08339266809715756,0.0006838384505443162,-0.013636735188106597,-0.028730324677754937,-0.00460908546328842,-0.0019522990518781036,-0.11740557693194309,-0.01845978974643464,0.013504574110517642,0.006144963418410754,0.00028635820290529024,0.0,0.0,0.0,-0.0926351327651545,-0.006042040594112119,0.004495710313557055,0.0005811146097960407,-0.010270310428645235,0.0,-0.0001942523203697366,0.007322568193150525,-0.006757556774321216,-0.003153661500328808,-0.011013235592499726,-0.0061855654257884085,-0.009504797589590552
0.0,-6.17687516127341e-05,-0.0164604757045565,0.0,-0.00713567474845328,-0.004097374177836621,0.007786040795484006,0.02036639123536549,-0.004407939183992071,-0.06518210104110037,-0.023433793750031406,0.03445408735266042,-0.029603516849900535,-0.027438689815595135,0.0015721284464144114,-0.0008335908473870446,-0.0006594449154375681,3.1689292664671687e-05,-0.0015330102645541022,0.016836908392520167,-0.00040732597839732154,-0.0013682809667369122,-0.010363088939775111,0.003241421600194083,-0.00020555989783599404,-0.007017877696431418,-0.008864132212484332,0.01597494561184415,-0.016326912091014723,0.036502350656697324,0.020839569615177522,-0.00951047274365363,0.014634483058090675,-0.042566087520386764,-0.011725094826483207,0.002974360141385246,0.005775466814671559,-0.0029114487651473175,-0.026599596111720053,-0.00084432868725004,0.004586194537916866,0.004550891713733518,0.0002579507825083982,-0.0019360396281387082,0.0,0.0,0.0,0.0012811118662052756,0.0,0.0,-0.0028105553292286367,2.220446049250313e-16,-7.252516599959291e-05,0.0005982630751589779,5.551115123125783e-17,0.009819360591236836,-3.1185701702185487e-05,0.0007068479256463478,0.0,0.0,0.0,0.0,0.0,0.0,0.0,0.0,-6.39453832560477e-05,0.002021848369789969,0.0,0.0,0.0,0.005572061170086906,-0.003200330328303913,0.0044846578167926365,0.0,0.0
-0.005799776654804634,-0.030021125689472183,0.0014966279593587317,-0.00713567474845328,0.0,0.013681478756532028,-0.020727985783789427,0.050808147028579775,-0.0015091694002229428,-0.0020334165752310396,0.01219573663225787,0.013689732621131323,-0.020468964213255614,0.031327797397031065,-0.0014940250345564787,-0.029842964907257408,-0.0003701638557981335,0.002539006352404005,0.02683186846529506,-0.02040147196646741,-0.0068328346795339945,-0.03204946979256623,0.011520157113347362,0.012563608913904623,-0.019480270356100726,-0.022383219697662604,0.013171659873625008,-0.050757370325176576,0.005402610557230514,-0.009060911880123312,0.007940831860569764,-0.011194716320891529,-0.014241654577479002,-0.016142591576735144,-0.008801031547965632,-0.021286851792918254,0.06559732135997237,-0.0636382041805067,0.02754360794813071,0.008324420329515247,0.037990124937919256,0.00989033729600286,0.05747948050572904,0.008172649199694071,-0.00020499353199188164,1.1102230246251565e-16,-0.002228181327340595,-0.005462510058613312,0.0,0.023487206418057294,0.020833654258521905,0.013024281179157438,0.020725357024479307,-0.040741326374803544,5.551115123125783e-17,-0.006988057326116959,-0.014626699300784807,0.02372300682828582,-0.0036588138398425674,-0.005497461369525003,6.15045290887628e-05,0.0,-5.551115123125783e-17,0.0011650348176159842,0.001700278661604493,-0.0003936572642147529,-0.004127533358498303,0.014206383568212133,0.0,-2.0344795497562185e-05,0.008672895396768243,0.00847376894288876,0.017715383357011394,0.004075891820829791,1.1102230246251565e-16,-0.006495829320097457
-0.00837060052436911,-0.012764177159474033,-0.022862128917537305,-0.004097374177836621,0.013681478756532028,0.0,0.00688096231791524,0.02156386347220718,0.016494582604313635,0.008718719242682804,0.014698496319550003,-0.0018107934973324302,0.008248799565274911,-0.0016624054636932284,0.013846351837772497,-0.0035080796356833366,-0.0034483897581727985,-0.003126300339666932,-0.007920037467935348,0.008507409827993362,0.004771464215604149,-0.005258078920532316,0.0064153331650161904,-0.02134428686573253,-0.014121722799681546,0.005115899299590498,-0.003261629221653406,0.020400772678016488,0.033925278923929825,0.023478969240185277,0.012412525768056126,0.006140394073595734,-0.007511409630531873,-0.002687929029895564,-0.024791935258002662,0.01407962757028125,-0.0038937041129961103,-0.005938032143161243,0.020045612484878905,-0.005649331341113728,0.021827879071701306,0.03495764845497612,0.023755392063575687,0.04106172762202848,-0.006849472300185344,-0.012122705711026915,-0.0070354003274373245,-0.007814429042288129,-0.00181698474522618,-0.0071031577879207,0.029149860461145316,0.018914235499367438,0.0221310567377081,0.0017001249786855466,-0.01658018134713868,0.025371413269171972,-0.008271539572777431,0.023310942099020737,-0.004248064887757752,0.008836418549025338,-0.017939055381584967,0.0,-0.0024391871178119917,-0.0038075688795403684,0.010793821469952503,0.00631202172551093,-0.01000736363869581,0.020711520316171572,-5.376693687858536e-05,-0.016999405948995128,-0.011203173648174913,0.021071634878747636,0.022890799626290426,0.019514863586755415,0.030169058927445702,0.022736861184955826
-0.031297681616641815,-0.03511727388578134,-0.005930740434349768,0.007786040795484006,-0.020727985783789427,0.00688096231791524,0.0,0.0003163968756986213,0.004991760790065469,-0.0008328147468207314,0.026039826048386006,0.0008418605765851406,-0.024453080457402576,0.057883764606055654,-0.029422681988087396,-0.01791049378639603,-0.03820357329956292,-0.020890079208638,0.021731105492824865,-0.0171203040177883,-0.03230853215644114,-0.01991545984597337,-0.0012993929216895128,0.0004971538344006876,-0.03352889893235089,-0.0239659669752168,-0.0034482123369888873,0.02210993546623835,0.003024204009842435,0.021149659912316487,-0.0016153530656720094,-0.007071171348569716,-0.04119168386784655,-0.020130904186699383,-0.04920914520631764,0.002713384726561574,-0.009483891129549005,-0.019505361391759457,0.01612594952703822,0.0007676712686305875,0.030913133835316242,0.028183447855593735,0.0238622579277043,-0.002964265445598413,-0.0022612860891262354,0.0,-0.018348111018509916,-0.023342960632514564,0.0,-0.0027964859468144754,0.01662235706635934,0.000875721621521719,0.011660883354158491,-0.015894453369050487,-0.0013169591040745887,-0.0070623679909847525,-0.004810705172884511,0.014019682441833825,0.005604157031569912,-0.0022980226989307573,-0.01937886803640343,0.0,-4.3986994160361004e-05,0.027204382990508758,-0.010535751924762804,0.01918067723225564,-0.024860022716452213,0.008068598869326982,-9.776073079514891e-05,-0.004263132769046163,-0.014138519251306492,0.009507961281998156,0.014878475272343539,0.002022188799843505,-0.005222546828477226,-0.0013105310834903294
-0.01260108971630014,0.038055429988324674,-0.03765008229277883,0.02036639123536549,0.050808147028579775,0.02156386347220718,0.0003163968756986213,0.0,-0.010328275828178524,-0.0015196293399937777,-0.018148982348303422,-0.008138602111223747,-0.0045322486365577674,-0.03650387001405131,-0.039971901469452065,-0.007187540131684378,-0.03662019176561898,-0.013422232355564945,-0.005874676926041378,0.0025520712260941325,0.011450896141972422,-0.008466553949269762,-0.006252011744623032,-0.014080791218407274,-0.0034826503721736013,-0.000800238277571641,0.0016638859312125276,-0.004367027167262283,-0.003035717707832397,0.009924466796472242,0.007417770451716321,0.0048454456827126124,0.0018933582448056874,-0.009243064749785257,-0.0324900698277239,-0.0012106024682372318,0.011823642736050743,-0.021369519616144472,0.008813940264817355,0.01243549315989606,0.02280239850007648,0.0071617886958947885,0.05946765773843998,-0.005729459825215777,0.0,0.00039102151579212263,-0.006233956861185941,-0.029091395959702004,0.0,0.005862888631759322,0.027942969672742346,0.014592294212521562,-0.040186275338381705,-0.016932668106634297,0.0001273115016905968,-0.015096195094259135,8.006428987394898e-05,0.02153594874955478,0.01911435660409172,0.03561697018535015,-0.007615353095584421,0.0,0.0005515833947246085,-0.016345285685121003,0.028270653322476136,0.014348289876886466,-0.00836748570679885,0.00566551154337791,-5.551115123125783e-17,-0.013695442089090737,-0.008050502210470878,-0.0014103563514027972,0.011542047752071016,0.018594910628929262,0.05259307979059008,0.025490661601509423
0.0056773068075380295,-0.023594749832975936,-0.04520582872745166,-0.004407939183992071,-0.0015091694002229428,0.016494582604313635,0.004991760790065469,-0.010328275828178524,0.0,0.009206874041584712,-0.032346306784462264,0.012168528435225423,-0.023238661585406384,-0.04038950662065571,0.007720471920419636,-0.06331247290025821,-0.0011805110799184004,0.014566161705648284,-0.04444340943726699,-0.015026492172429684,-0.013808219002151068,-0.03558747734979545,-0.0005267846916770513,0.002543282842128125,0.017694742176861677,0.027895311907077947,0.01508241064650423,-0.004975586665823317,0.013472862428485222,-4.114427096957307e-05,0.0014254976967491007,-0.0008343446664422216,-0.0342309226517058,-0.008762848322524164,-0.02399253545153479,0.0052389444992756995,-0.007356974296094443,-0.0037545894548714487,0.019829056595598638,0.0030027814347411974,0.02879015004531743,-0.011540313037569805,-0.01281281885117519,-0.0005084173138124592,0.004240560376921776,-5.551115123125783e-17,-0.004194583348058167,-0.027020097484627636,-3.343154245882829e-06,0.0073658848929575305,0.00943392469069193,-0.002861077627176578,0.004616083199728838,-0.020902264015168925,-0.0018903515205845878,0.0027715846350705453,-0.002124655607028514,0.011690945748782267,0.0039417093507742584,-0.005453778922206776,0.003434919480667875,0.0,0.0,-0.03068441556490481,0.004094593825693771,0.007228440903785938,-0.002138031134126861,-0.008130801551370581,-4.1145278618370806e-05,-0.00871300237501843,-0.013693930533349441,-0.004204592006101016,0.01602660139386347,0.024558021741342473,-0.015272674872216507,0.030621940486196153
-0.012113538467138474,0.004161927743870253,-0.010046140965596306,-0.06518210104110037,-0.0020334165752310396,0.008718719242682804,-0.0008328147468207314,-0.0015196293399937777,0.009206874041584712,0.0,0.006017078680902677,-0.012208497584913103,-0.00665558288912782,0.011002659259935765,0.013226124917548487,-0.02437561996386378,-0.004707325828445963,-0.016570758704205713,0.004209264262937218,-0.06353669906903292,-0.008705147646073108,-0.011814738166736838,-0.007919538110881641,-0.007484639317170527,-0.02839373203077139,-0.008673151938629164,0.006213048511561625,-0.015910816732881805,-0.02572185188781906,0.0009717868423576026,-0.02554719301203129,0.0076881636196473035,-0.0038157127235299293,-0.007426067674333903,-0.01975332714123984,0.009206753433959547,-0.061779593830086965,-0.0002600734633698143,0.04314986407872379,-0.05414847743577722,-0.04072733974033793,-0.02065896908007131,0.012096346108835254,-0.000750453112758509,-0.03197655930805421,-0.014036694026438812,0.008132487501499086,-0.0003652678930945452,-1.898289293950084e-05,-0.0010410402777303873,-0.0019814796003986834,0.0073618835846793185,0.004100791425636685,0.0028942301985714902,-0.014275548273446403,0.0005804104415318423,-0.02261403823208047,-0.023739007846262206,0.0,-0.0009877109028236797,-0.010326145310888657,0.004467688892073385,0.013418621935905706,6.239776385030815e-06,-0.00010138059877862204,-0.00483499425644579,0.00972736056741108,-0.00339693344252584,-0.01457785535997752,-0.010716288961830245,-0.01432156957249936,-0.0004891447445539709,-0.032336425685059234,-0.011389983052747965,-5.551115123125783e-17,-0.006366264437832558
-0.0033698508611426647,-0.0035967878863105707,-0.01247356418797363,-0.023433793750031406,0.01219573663225787,0.014698496319550003,0.026039826048386006,-0.018148982348303422,-0.032346306784462264,0.006017078680902677,0.0,0.01025459123294098,0.012459378724633652,-0.02851178344417049,0.0,-0.0002636192641879975,-0.0019298418540955597,-0.009184104998786413,-0.023412453828659197,0.00013380271903745689,-0.02210155940900027,0.005420159126507562,-0.032294307351984075,0.010746016890560817,-0.002074632293699863,0.012701197520716023,-0.0008017266570220505,0.015392677283349365,-0.003793136315863088,0.0024994127394168397,0.014933910485377122,0.02793243290822478,-0.036255804821827164,0.008969326297196545,-0.020315884018559882,-0.007244894823182191,0.02081809321185296,0.010588852185427822,0.06354958476601996,-0.004209799861884134,0.04813760394624633,-0.0013255003651060915,0.001925312941557622,-0.003854787376784463,-0.000504205048780626,0.0,1.1102230246251565e-16,0.014875115260140237,-6.473610364432503e-07,0.0467185907651419,0.015384741226885323,0.025545479398994375,-0.0011724782159963087,-0.0003966349153056159,-0.011133084429905626,-0.0076110955929794,0.0012342009935134568,0.03736093471225438,0.01682895646151711,5.551115123125783e-17,0.0,0.0,0.0,-0.12650435453274564,-0.009524066085732363,0.0,0.0002742998402765484,-0.010187031657824808,5.551115123125783e-17,0.0,0.0005932317840268153,-0.015599777963415606,0.032872470813738175,-0.018366624400470766,0.0,0.0348264126330477
-0.008249741080599893,0.004412381369663265,0.010604271693927247,0.03445408735266042,0.013689732621131323,-0.0018107934973324302,0.0008418605765851406,-0.008138602111223747,0.012168528435225423,-0.012208497584913103,0.01025459123294098,0.0,-0.010465133812306293,-0.0300389592230777,0.018521169168825014,-0.022172626208505797,-0.027583393338998285,-0.02320015525699809,-0.0002499106182216604,-0.004771538348587456,-0.03986798725886648,-0.02147137394841775,-0.01730053206230331,-0.012592895993024877,-0.03080645234347723,-0.021695756891890627,0.0037680083092834216,0.0001328138766741871,0.00010245800223290802,-0.024171034761649335,-0.008290462729973302,0.011591245989003629,-0.010657309729806164,-0.02186052806598207,-0.0049202936472232395,-0.042923314562937354,-0.057977434979281955,-0.009227186161127388,-0.08289259256408171,-0.04684258435214145,-0.013713180241001599,-0.054979320048521574,-0.004049694130289383,-0.012739948528925904,-0.016028386990842303,-0.006502732408967815,0.011604000303842898,-0.004038200273696446,-0.010691043351815088,-0.013946288040949328,0.0020987943987884616,0.01686919383408536,0.0003287051413977671,-0.007612970080840664,-0.011670716378467227,-0.004345174663128004,-0.009724672185168315,-0.019592274135054655,4.090169058934556e-05,5.382366905898328e-05,-0.005294278224933058,0.002938634822302999,0.005321304062010035,-0.006503413283682868,-0.0005096231360236514,0.01028004811325789,0.002935465096746026,-0.0054504133937583465,-0.01112413245779198,-0.011808406153155038,-0.018512161764572155,-0.0069271964563271116,-0.02218678076970293,0.004134099174653294,0.0,-0.008705434265646572
-0.022148064715616533,-0.030683600834369384,-0.010665191129299312,-0.029603516849900535,-0.020468964213255614,0.008248799565274911,-0.024453080457402576,-0.0045322486365577674,-0.023238661585406384,-0.00665558288912782,0.012459378724633652,-0.010465133812306293,0.0,0.019298200375477415,-0.02687631438951915,-0.01732101252993179,-0.01779508681335168,-0.018122136755361062,0.01155592251014359,-0.0162678566927294,-0.026860950224750046,-0.018981715844852143,-0.0015194700759300628,-0.012305619017291547,-0.027230455274033782,-0.020867218326943215,-0.0031590018018202715,-0.030341983117415094,-0.014256824376596866,-0.01783087320877902,-0.018709828726354627,-0.011178569827757778,-0.035940457911275536,-0.01586113761675456,-0.04750716424816437,-0.031278594489606126,-0.045454189395458866,-0.01720415186819746,-0.04433142314168209,0.0043256466183592135,0.03272404907213289,0.05134113466503443,0.02345698305780286,0.09398130814260247,0.008662359106674344,-0.0025648483884019857,-0.010198372988776794,-0.029336183178200914,0.0,-0.01164208346761697,0.00924222899759275,-0.0037898709984935386,-0.00411929033881453,-0.03218745916863819,-0.00743560314545727,-0.027948297834615332,-0.011234170461179027,0.007857854450467161,0.0031607931750929907,0.006562978323725377,-0.021100170682608,-0.000506544822120869,0.004555541700704879,0.0008183067371083652,0.005730929968194409,-0.013086737813106819,-0.022545777452072147,0.00362061963286453,-0.0020337389402073636,-0.02849988643227036,-0.00816926624391584,0.007672681823490846,0.012739659797870617,-0.0015613260693104758,-0.0033823302192048654,0.010514009314485873
-0.02862033096524702,-0.003164076767066093,-0.042003570580100735,-0.027438689815595135,0.031327797397031065,-0.0016624054636932284,0.057883764606055654,-0.03650387001405131,-0.04038950662065571,0.011002659259935765,-0.02851178344417049,-0.0300389592230777,0.019298200375477415,0.0,-0.003206715999988452,0.0012651438545922544,8.698652792182848e-05,-0.00026446627117310273,-0.003522591109821227,-0.009192729512683129,-0.02175169966769014,-0.00025603401947088544,-0.02664207732635604,-0.02217647410781337,-0.005330222958247588,-0.014935797841837462,-0.025611642500005194,-0.019095396427366407,0.020655079591537895,-0.002977536858093488,0.011392696630187382,-0.045628255956551095,0.0037408729209620906,0.03983956939757494,0.009114096045222508,-0.009371102433463535,-0.0006923699311405795,-0.005230290905171908,0.018998547243083086,0.0,-0.0005126043673597258,-0.0006321037809627894,-0.013530676825175114,1.8634279382312435e-06,0.0,0.0,0.0,0.026883453124991852,0.0,0.0017515300804403222,0.017512074168556435,0.0024503505758819988,0.03664324335730468,-0.00889440996579366,0.0,-0.03083618635697316,-0.0003678847992971135,0.039265566821186815,0.006909922593492268,1.1102230246251565e-16,0.0,0.0,0.0,-0.02254130628740947,0.0,-1.1102230246251565e-16,0.0,-0.017469148811549262,0.0,0.0,5.551115123125783e-17,-0.03830944344270798,0.002199390171813753,1.1102230246251565e-16,0.0,5.551115123125783e-17
-0.024497923285373424,0.00024733807504329075,-0.016541297120048037,0.0015721284464144114,-0.0014940250345564787,0.013846351837772497,-0.029422681988087396,-0.039971901469452065,0.007720471920419636,0.013226124917548487,0.0,0.018521169168825014,-0.02687631438951915,-0.003206715999988452,0.0,-0.011079766763841259,-0.008755840018236039,-0.01615597241881883,-1.1102230246251565e-16,-0.022314593544037364,0.0011002566633476762,-0.007151912496143942,-0.025261926620795017,-0.08883787337508231,-0.019254642651901577,-0.012200258186138846,-0.01485683541012972,-0.02099767170659178,-0.014416481084515154,-0.0011156374258439183,-0.0026244689249062536,-0.016403773865051985,-0.021644082002419796,-0.014393291112572926,-0.02667481259223453,-0.0017142384659817322,-0.0044517512834797435,-0.0002678493254087422,0.012635633027218873,0.01736817014122438,0.018698494294958568,0.0028794730540223634,-0.04718731241118013,0.011242292884431793,0.0,0.00021715022639956505,0.013262313586087149,-0.013865494159631009,0.0,0.0,0.000680848264439815,-0.00025989300048157027,0.027229859111442267,0.0036908139793258576,-5.551115123125783e-17,0.0,0.0021874806739695107,0.016530883579020217,1.0611903010437906e-05,0.05616844880559235,-0.004295945029094472,-0.000370936296556712,0.005717234526574688,0.0,0.034143779143716246,-0.010789635996862279,0.02241171082792215,0.023677018633619373,0.00010612617179206474,0.009175994485919603,-0.00027887817278904325,0.021707364505540394,0.01922764661995896,0.026118900232004805,0.0015873173125043327,0.022554693419204686
-0.009828300153353287,-0.005372448482255376,0.0012358358186129181,-0.0008335908473870446,-0.029842964907257408,-0.0035080796356833366,-0.01791049378639603,-0.007187540131684378,-0.06331247290025821,-0.02437561996386378,-0.0002636192641879975,-0.022172626208505797,-0.01732101252993179,0.0012651438545922544,-0.011079766763841259,0.0,-0.024132684285994632,-0.02573002336466862,0.00038223454167252147,-0.03930242946314183,-0.020038165689724996,-0.023444440545382972,-0.0125926742750479,-0.03263837563053018,-0.028028647225065817,0.0021339865388544377,8.35484359884564e-06,-0.016583141203060314,-0.011318707292246932,-0.024859251889549683,-0.00592529163565797,-0.017797301865025206,-0.032936073728753346,-0.011876581787318374,-0.048361312930885525,-0.0069908962131982055,-0.0012856558428298026,-0.030239399830493674,-0.022552461296541537,-0.019105632579196452,-0.013647370817897464,-0.03689188431696766,-1.3837111854098083e-05,0.0,0.0,-0.015767372118795087,-0.005402052210904507,0.0,0.0,0.0,-0.014707198715694092,-0.0010978475346694605,-0.007034079043973962,0.0,-0.0015053871007637554,0.0,-0.01776430067287349,0.005113125038266386,0.0,0.016226429526899788,-0.019494721025379858,-0.013182773337297282,-0.01142214407234543,0.0,-0.0011613606558838474,-0.005023908026876578,-0.0064966754860557585,0.013722982679504447,0.002788744568985091,-0.007771325467943346,-0.0031239032832451885,-0.009096909594286162,-0.01527146857407019,-0.016780804514866743,-1.1102230246251565e-16,-0.011694121354131504
0.002197134873278994,-0.031047325184622387,0.0015887899110314518,-0.0006594449154375681,-0.0003701638557981335,-0.0034483897581727985,-0.03820357329956292,-0.03662019176561898,-0.0011805110799184004,-0.004707325828445963,-0.0019298418540955597,-0.027583393338998285,-0.01779508681335168,8.698652792182848e-05,-0.008755840018236039,-0.024132684285994632,0.0,-0.006132669477267649,0.012351962180872922,-0.09479778324795585,-0.030048930550842012,-0.015873634650125146,-0.014743172819273787,-0.014701089730493277,-0.02133860815955646,-0.026362752706314774,0.02250703613643884,-0.030961073070260636,-0.028528723895703545,-0.001463818238435055,-0.023653277421600505,-0.04319979175389499,-0.007739842396250474,-0.019281717704937584,-0.029441441308269534,0.006829613329814799,-3.8369937523152764e-05,-0.001930032431772255,0.01153765814799812,0.00974286469087271,-0.005447378639120426,-0.0006188524978660848,-5.551115123125783e-17,0.0,-0.022934285685168143,-0.00686289273435331,0.012919788971261004,0.0,0.0,0.0,0.0,0.0,0.0,0.0,-0.0007956542350919249,0.0,-0.0038969830211228462,-0.003967963396185603,0.0,0.00015457247699307564,0.002360970235828097,-0.006938620492095204,0.002114524356004732,0.0,1.1102230246251565e-16,0.0,0.013374430978950025,0.0,-0.02891665722278014,-0.012622217922915346,-0.0157002876769462,0.0,-0.007303172669236302,-8.339030129494995e-05,0.0,0.0014792849919146867
-0.01906348462582136,-0.0008277029328338514,-0.005455118683342308,3.1689292664671687e-05,0.002539006352404005,-0.003126300339666932,-0.020890079208638,-0.013422232355564945,0.014566161705648284,-0.016570758704205713,-0.009184104998786413,-0.02320015525699809,-0.018122136755361062,-0.00026446627117310273,-0.01615597241881883,-0.02573002336466862,-0.006132669477267649,0.0,-0.01952584809758906,-0.024095118055954545,-0.043576891640077386,-0.0163879369958706,-0.018500472094566123,-0.029408967957402832,-0.021844520925668243,-0.014872774011490397,0.003978452610337135,-0.02363198015642609,-0.008968115757176154,-0.0350604954236684,-0.02014693717224053,-0.029016825818297176,-0.02177727441182331,-0.018037015436716708,-0.02195585420019236,-0.01492366747750834,-6.394868102382878e-05,-0.011448443469071867,-0.02032383749615574,-0.01176470438520455,-0.01686980447670333,-0.02678297030281951,0.0,0.0,0.0028741327021579166,-0.022526822919361922,0.0023253055246068577,0.0,0.0,0.0,-0.006644771167075403,-0.000269692116719511,0.001022651987822698,0.0,-0.009421302852540392,0.0,-0.012402948838787897,-0.006784877302718484,0.0,0.003092398564554233,-0.018822471585072553,-0.010877129320994328,-0.010154917276057274,0.0,-0.02889079047357873,-0.0028392633853249194,0.0008765316717800342,0.010868811196369343,0.00034504488477893336,-0.01374892399703087,-0.011724240099993899,-0.019019277730204953,0.0038092750411050647,-0.0027575846562781225,0.0,-0.015319224347528637
0.0,-0.012240236983367458,-0.044955217792298996,-0.0015330102645541022,0.02683186846529506,-0.007920037467935348,0.021731105492824865,-0.005874676926041378,-0.04444340943726699,0.004209264262937218,-0.023412453828659197,-0.0002499106182216604,0.01155592251014359,-0.003522591109821227,-1.1102230246251565e-16,0.00038223454167252147,0.012351962180872922,-0.01952584809758906,0.0,-0.0008561386224025247,0.01210439463851637,-0.01262136265480579,-0.013296240166204565,-0.0026698368516231974,-0.0041587174609535316,-0.00299316792292198,-0.053706446148552744,0.004712614148651206,0.02517111399068217,-0.00226328708171869,0.016010093148937643,0.003938911277964807,-0.03373931929825852,0.0006438631250759719,-0.01723974821101415,0.021480897841699986,-0.006000987609220687,-0.004374546933028356,0.03342391025238689,4.9601759840089965e-05,-0.006476719563973499,-0.007726716448194393,-0.0035997281361541122,0.009588464141159159,2.0367898540096796e-05,0.0,0.0,0.007325096949976961,-5.551115123125783e-17,-0.0026157012266344593,-0.007172587329969393,-0.01515365685012271,-0.03850016811578599,-0.04280306734023631,0.0002576795161969847,0.076154101913257,-0.005545201264571642,-0.016931534750641353,0.008900729898360438,2.220446049250313e-16,0.0,0.0,0.0,-0.001915699069093113,-7.178289201303922e-05,0.0,-0.00027967033783754536,-0.02005716592441642,0.0,0.0,-5.551115123125783e-17,-0.023794124631949187,0.011882547886969963,-0.017281670136094773,-0.00024747570195349233,-0.003093040459883789
-0.005368453509077276,0.006086210040269602,-0.003807762125257297,0.016836908392520167,-0.02040147196646741,0.008507409827993362,-0.0171203040177883,0.0025520712260941325,-0.015026492172429684,-0.06353669906903292,0.00013380271903745689,-0.004771538348587456,-0.0162678566927294,-0.009192729512683129,-0.022314593544037364,-0.03930242946314183,-0.09479778324795585,-0.024095118055954545,-0.0008561386224025247,0.0,0.007614502554620595,0.007705238606867004,-0.018743106479048532,-0.009257693438698422,-0.011436163894310236,0.007969627051272743,0.015538415289501561,-0.010998541662475991,0.011210155222543094,0.03671416095997426,-0.009858155153358306,-0.008619934485826153,-0.009796377334592654,-0.006075923163951169,-0.02118815241802985,-0.004738254809944276,-0.019719299357092712,0.00125941928681933,0.020497391483149885,0.014893655923726101,0.022054109276920808,0.017921722125950446,0.02072968480580928,0.0983828782756686,0.00027511193078871843,0.0007549723607446768,-0.0015345392434220062,-0.01908841427468072,0.0,0.0,-2.22435674740451e-06,0.006736844411266207,0.04234164279908714,0.006482114778754766,-0.00015166167912566975,1.1102230246251565e-16,-0.0046425245971355444,0.02129819088404128,-1.1102230246251565e-16,0.023306368532012955,0.022622654139287546,2.2011858660297978e-05,0.0022588675141629877,0.0,0.01769324816105461,0.015676274483186314,0.014725132865917645,0.021697460152452386,0.0,0.0012427548928572452,-0.0009026647774622032,0.02014852257949412,0.029659917640439404,0.025091663755169136,0.038789189172333594,0.01637385277219683
-0.018869195981191855,0.005215139023602544,-0.02372078582120357,-0.00040732597839732154,-0.0068328346795339945,0.004771464215604149,-0.03230853215644114,0.011450896141972422,-0.013808219002151068,-0.008705147646073108,-0.02210155940900027,-0.03986798725886648,-0.026860950224750046,-0.02175169966769014,0.0011002566633476762,-0.020038165689724996,-0.030048930550842012,-0.043576891640077386,0.01210439463851637,0.007614502554620595,0.0,0.00899807708669298,-0.013711027365159223,-0.030853087887908914,-0.033499124498383326,-0.004126801795922508,-0.014079150766700854,-0.015384623774092387,0.0016400181733846053,0.014235314839524005,-0.04669794411029371,-0.02081596549691417,-0.0699327731924283,-0.03553616097205825,-0.030089437705937416,-0.025688882330991925,-0.0062949865129786065,-0.023046276992222114,0.01993612136124806,-0.029939768409451062,0.005975534665082827,0.00454748822966311,-0.028159547473163182,0.0,0.0,-0.005259736180338093,-0.0003923375595192846,-1.2755523946694769e-05,0.0,0.0,0.0016259336237572364,0.0067734949729231775,0.053987487196039186,0.012659117441223944,-0.00579820908379447,0.0,0.003775284938526413,0.028544408574896485,5.551115123125783e-17,0.011281295640922229,-0.008678048568315944,0.0,-0.014602846458195762,0.0,0.026284031215072334,-0.05926180475834886,0.005717200122411281,0.021198165828449078,-0.003855684581203278,-0.01563062737274651,-0.015166417763082862,0.02279891542608431,0.032741222354421506,0.042790690374151674,-0.020867014817302576,0.018940001853323563
-0.014040907077649045,0.00919575616011531,-0.006580135479369753,-0.0013682809667369122,-0.03204946979256623,-0.005258078920532316,-0.01991545984597337,-0.008466553949269762,-0.03558747734979545,-0.011814738166736838,0.005420159126507562,-0.02147137394841775,-0.018981715844852143,-0.00025603401947088544,-0.007151912496143942,-0.023444440545382972,-0.015873634650125146,-0.0163879369958706,-0.01262136265480579,0.007705238606867004,0.00899807708669298,0.0,-0.012590227463860626,-0.010940090552437554,-0.017516337828848927,0.0013045923074381238,-0.009070927249370031,-0.012220142037138781,-0.014924676764852152,0.0110786938369965,0.010182255846105381,-0.016988564120800298,-0.023693793706859534,-0.016433680661831762,-0.026461438896406342,-0.0024869759220286225,0.0025782176081101116,-0.02144793732151884,0.01137346429218411,0.008805345840057432,0.007093737503178488,0.0070174661305448804,-0.021561320305449494,-0.01073515341766268,-0.0001609066717208063,-0.02469036433089239,0.0011226691412739576,-0.0011439930692859757,-5.83535536285984e-06,-1.794059086568378e-06,-0.016839231410989253,-0.01745769758525184,-0.0015873815006318681,-0.013511109554022072,0.0006303220621994843,0.0,-0.0007422624116953935,-0.009379540192152425,0.0,0.018424398095873207,-0.004433336555270895,-0.008411095322615136,0.025598394689914206,0.0,0.013338097055987819,0.003075384644611656,0.006391828489757501,0.01128385592430664,-0.006818351678855694,0.007615193026529077,-0.0032171013936584947,0.0012381095854087087,0.013974359393198243,0.006470899039435207,0.002712409588923048,0.023024435623668627
-0.0226647563841742,0.0018121265707256584,-0.0335261511868849,-0.010363088939775111,0.011520157113347362,0.0064153331650161904,-0.0012993929216895128,-0.006252011744623032,-0.0005267846916770513,-0.007919538110881641,-0.032294307351984075,-0.01730053206230331,-0.0015194700759300628,-0.02664207732635604,-0.025261926620795017,-0.0125926742750479,-0.014743172819273787,-0.018500472094566123,-0.013296240166204565,-0.018743106479048532,-0.013711027365159223,-0.012590227463860626,0.0,-0.03589898455485058,-0.0014129828017632184,-0.010977683682706407,-0.007030231319343938,-0.0034392709797125276,-0.004590340351572075,0.010832854794890878,0.0017512552907377743,-0.004916037416165975,-0.014051353773588737,-0.007475343505357779,-0.02767022809368641,0.02531711372393808,-0.007509037870683133,-0.0029617930079607335,0.016952313505203376,0.0647022784898571,0.025952658230433412,0.022080747955142643,0.027468499920213163,0.016651189145509004,-0.003372010915853374,-0.026455189856954386,-0.01137664191609028,0.014685187020186286,-0.00691891076611284,0.0029641693951744097,0.025542053651965324,0.01891857330429425,-0.0008275836210314691,-0.0024546560214392388,-0.004689287230811079,0.009038532171915858,-0.018269531523962323,0.018142579488598598,0.024951616918476915,0.021513477651216473,-0.020380358981352154,-5.354628056175592e-05,0.0027172791990803247,0.034780986379397805,0.019054760826267114,0.0027311011074166447,0.012968670753368494,0.019352284877113213,-0.0002063567041882819,-0.011563058662135639,-0.018223497167986935,0.016024800941583095,0.021114659234299782,0.023293469799795852,0.030398652577331153,0.02753357541536594
-0.022498398457520774,0.000439489102579127,-0.010249272596260794,0.003241421600194083,0.012563608913904623,-0.02134428686573253,0.0004971538344006876,-0.014080791218407274,0.002543282842128125,-0.007484639317170527,0.010746016890560817,-0.012592895993024877,-0.012305619017291547,-0.02217647410781337,-0.08883787337508231,-0.03263837563053018,-0.014701089730493277,-0.029408967957402832,-0.0026698368516231974,-0.009257693438698422,-0.030853087887908914,-0.010940090552437554,-0.03589898455485058,0.0,-0.02705710997486549,-0.020874125157445134,-0.050247905454212594,0.019133171200488686,0.013119574187211047,-0.005419214658354321,-0.028017620456356473,0.018020701776926717,-0.04527121578817822,-0.056019702357117035,-0.07612711728990162,-0.004432773933123524,-0.002990894282112244,-0.02945703681037723,0.03192770153041291,-0.020748822392753274,-0.04976177258996317,0.04505610350045708,0.007992780488966622,-0.003702806731494146,-0.06034997074435705,-0.022067766099952257,-0.014239673112827145,0.0,-5.551115123125783e-17,0.00021149799842135053,-0.0009196348068788995,0.0001812330801822526,-1.6653345369377348e-16,-0.00037676556480287227,-0.025909917860286735,-0.00027716957423867816,-0.031552087969342,0.017458036256369935,0.0,0.0008484205288352142,-0.005534552945568705,-0.002974344392569106,0.010353429081055021,-2.577369195300161e-05,0.0002597101196569196,0.002099915893879589,-0.006380016158185398,0.0006419418704939894,-0.02706871221863394,0.005884149828203344,-0.014488923425081512,9.947676143645667e-05,-0.01106445371634196,0.009577347174243689,0.0,-0.03545654493458783
0.003275831608794577,0.010850546422430052,0.04386943504037921,-0.00020555989783599404,-0.019480270356100726,-0.014121722799681546,-0.03352889893235089,-0.0034826503721736013,0.017694742176861677,-0.02839373203077139,-0.002074632293699863,-0.03080645234347723,-0.027230455274033782,-0.005330222958247588,-0.019254642651901577,-0.028028647225065817,-0.02133860815955646,-0.021844520925668243,-0.0041587174609535316,-0.011436163894310236,-0.033499124498383326,-0.017516337828848927,-0.0014129828017632184,-0.02705710997486549,0.0,-0.0003979708811717164,0.003881661306779083,-0.032445707243937916,-0.01902301684201302,-0.04324972077645439,-0.02007780248025326,-0.03988182245426203,-0.025720298988054446,-0.01797719459912639,-0.025556633188707878,-0.013214450578236558,0.002007073384272251,-0.00864152486254166,-0.01747140516722484,-0.003973479335549979,-0.017618586828756888,-0.026402596789949218,-0.0040154649117079,-5.551115123125783e-17,0.006390833030388232,-0.007659172640306022,0.006970844730207482,5.551115123125783e-17,0.0,2.220446049250313e-16,-0.009131723387739599,-0.0009297931723545871,0.00032605748202774176,-0.0012060075306521978,-0.01009269769346155,0.0006565026223790404,-0.01327127147024254,-0.0007249732670925879,0.0,0.006177818893783715,-0.010183546422874168,-0.0053250821664453385,-0.0029893441696012824,0.0,-0.0006435604706243048,-0.026377878196510385,-0.0020011293562938737,-0.01208069777525822,-0.021987518686700347,-0.0068401612179368465,-0.009319455069250415,0.002829646428907373,0.0014024877010385128,0.010615694961532474,0.0,-0.011726166503749247
-0.0026211597140149423,0.03010276376828075,0.012970907738342918,-0.007017877696431418,-0.022383219697662604,0.005115899299590498,-0.0239659669752168,-0.000800238277571641,0.027895311907077947,-0.008673151938629164,0.012701197520716023,-0.021695756891890627,-0.020867218326943215,-0.014935797841837462,-0.012200258186138846,0.0021339865388544377,-0.026362752706314774,-0.014872774011490397,-0.00299316792292198,0.007969627051272743,-0.004126801795922508,0.0013045923074381238,-0.010977683682706407,-0.020874125157445134,-0.0003979708811717164,0.0,-0.0028635202128156068,-0.02664260498597054,-0.009815731627019764,-0.03739755915115345,-0.00964960517242286,-0.023770108720422845,-0.028128302985829523,-0.009614872016490528,-0.028352466069421378,-0.01730465596726327,0.005328457170616974,-0.01296882720776088,-0.003415713305668089,-0.01126742714341955,-0.002279686857229679,-0.001791542582853467,-0.003304937954281051,5.0324464946183145e-05,-0.0015951775731335993,-0.005767599816500546,0.010544806293216191,-0.005502520721161752,0.0,4.194507202237574e-06,-0.011172443382098107,-0.0012834242421229658,0.027455336250997553,0.003793879078917539,-0.015967480168212145,0.0,-0.016644573581137412,-0.0007482194555450405,0.0,0.011752195566307966,-0.004466803270887276,-0.007674828805264322,0.0011519764902275798,0.0,0.018662853876541097,-0.01783798356630556,0.012974062489569615,0.004755406947126617,-0.029868046866415754,-0.003963534732429275,-0.003988512181689663,0.006519792424966697,-0.0054706486793470455,-0.0018299352058738783,0.0009307539104363993,-0.007293772708728552
