0.0,0.6559000425417227,0.25143299241083095,0.0,0.4195299186037514,0.3918123194443499,0.25755832618437835,0.44004169779870916,0.4598283240214881,0.40749953434267827,0.36939834047570963,0.4116716208807056,0.4391773443365592,0.24977891703960953,0.3017377103616379,0.5772284354623263,0.38563437235510667,0.39679524048956827,0.0,0.47596218360423675,0.28228633793852087,0.4320667961185426,0.36458139857202915,0.4018841954044091,0.4696792980353143,0.5779416666972896,0.3624948114046798,0.10932535472310156,0.4109187355530213,0.13567103754093424,0.3138139499147597,0.38910130928412556,0.32343926114677846,0.25088191051084013,0.13115905061865574,0.6093421234357599,0.45587244454870246,0.3809203768823265,0.3926020550998088,0.28901377175279375,0.4647720318368375,0.5286003013074378,0.46701647903569027,0.0,0.32491428253250876,0.42134632008626494,0.5801306062771019,0.0,0.0,0.0,0.6531944361808242,0.0,0.42997029739959935,0.0,0.65096987876955,0.0,0.44930182869097146,0.6715619135891422,0.0,0.4097270694196621,0.4708527626024551,0.37857849854180425,0.4381791805277879,0.0,0.40745679494293,0.521744045513989,0.56248588743281,0.43869060198921644,0.536390456550105,0.4419754053373772,0.5829447585673619,0.6645285038241975,0.44822964970062956,0.5357485577656146,0.0,0.34400895027068623
0.6559000425417227,0.0,0.4551521029390574,0.4051918369052604,0.27898456252863063,0.36583274367771623,0.2636342361248847,0.7868692593104383,0.26032304129855555,0.4690103261355659,0.34354105115352496,0.4818558042170619,0.3099433118427741,0.28762487382407126,0.5377027207061982,0.5578533502997955,0.332447859350294,0.5692865506768381,0.43429456335433636,0.542354480903328,0.5942872795754511,0.659568839218107,0.578057353328432,0.4329432900154625,0.5428866699958157,0.602697624023743,0.4654870238039078,0.33610057981978797,0.30726906436163975,0.40991229725974726,0.5319076440659254,0.4308978858802887,0.2725009621241038,0.46562153356815894,0.3706295058078958,0.521624383928504,0.008845141679828153,0.0,0.41518412973451846,0.4707543470276434,0.41853137588425227,0.3559293207426878,0.444481988726098,0.0,0.0,0.5535258720408861,0.5468647234160414,-0.01580376722304238,0.0,0.0,0.46017746780838586,0.5541421891750888,0.5231349523554732,0.5964536511680876,0.3024494858769789,0.0,0.3404266916397035,0.560130327913279,0.0,0.651753092068867,0.4176008006979538,0.3453577815009724,0.5485014000370221,0.0,0.5448076483505911,0.5273911925048884,0.613193943282206,0.6170893989362443,0.33308801508933494,0.5232329015402335,0.5576171817267421,0.5609613385121301,0.5456420081147653,0.5687702798960068,0.0,0.5259763592837599
0.25143299241083095,0.4551521029390574,0.0,0.3723442717756865,0.47667100536191087,0.3583200341997791,0.45509860457442486,0.38165935827444797,0.10750802310412555,0.3942272449982558,0.4344686070056666,0.5972799321977784,0.45413529919963036,0.2866430755916395,0.24311547343229298,0.3900631013871372,0.5614456245044122,0.4313143124239353,0.20113709698712098,0.3409465593443627,0.35117892895801645,0.4675093481124107,0.25124778414381455,0.3839700473069065,0.7167416207713033,0.6082293397560266,0.2024994021849913,0.4399622189965786,0.5451041770160473,0.5383204689977577,0.4716953318448507,0.43292000879538106,0.24396705242600988,0.42930034985203336,0.20829557591807535,0.4268101475423026,0.30881904053800013,0.36640171504460306,0.5685567583122919,0.4608982612790118,0.3982959049535481,0.45275427891914266,0.3991999435799405,0.6358964414333967,0.0,0.0,0.36779650117065577,0.5676630118248853,0.4623925460354993,0.13803093422591262,0.5143052477780625,0.44929629927216874,0.44056262932907,0.5575383192698857,0.39514676373940893,0.2515875294605172,0.4454781880224901,0.5868092291882665,0.5059986607488294,0.3525360319855756,0.0,0.0,0.0,0.13466565602164005,0.5011791395463965,0.49175514132495746,0.25628793362174523,0.5398334972698208,0.0,0.5109747907942553,0.5285190926847386,0.5358369469644444,0.4796923784788234,0.5100616287466792,0.47729879749502313,0.31450040343477254
0.0,0.4051918369052604,0.3723442717756865,0.0,0.34921012044259786,0.42902724094327416,0.44922717205007545,0.6292585512615336,0.4968136755523444,0.09890702823549741,0.3016890825347094,0.5475465594976152,0.31381571805333996,0.3699361763211185,0.5595501962534322,0.25965911660778307,0.44088730415963795,0.4652209395016482,0.4506458746592801,0.6495988902122527,0.4374238446599187,0.4822567164230483,0.4449639253841876,0.354578700890699,0.7557686599817226,0.4300031359954021,0.43758243148942333,0.4677740447432224,0.24375567754268118,0.8347313171760433,0.5634721800684739,0.24007360424769456,0.28817067294191495,0.14189459914356842,0.36132146923824626,0.3162866938118387,0.3022731509714357,0.31700498615152967,0.0851712294936893,0.369263095742448,0.4234576195829529,0.32662906703222966,0.3592185213312211,0.2552900842064673,0.0,0.0,0.0,0.4494501998923891,0.0,0.0,0.5664170048796211,0.0,0.463100501354458,0.33290530303193466,0.0,0.47410967567087337,0.5296517152353052,0.4728569536040148,0.0,0.0,0.0,0.0,0.0,0.0,0.0,0.0,0.46035319659572205,0.5522848069939479,0.0,0.0,0.0,0.46248723117834734,0.4087640572025871,0.6302126326264392,0.0,0.0
0.4195299186037514,0.27898456252863063,0.47667100536191087,0.34921012044259786,0.0,0.4840481672581629,0.2620029759930772,0.7496223519815126,0.34465396873324405,0.5364528860893842,0.43648348786115976,0.5129059599241461,0.3640478891152137,0.5241705890750548,0.47308826539190746,0.3631299114395752,0.511131599225913,0.44018354616144295,0.5721792517967056,0.361511836601103,0.47092528277595497,0.27849728090722203,0.4857741757510018,0.5488857635141959,0.3740775936576932,0.3432995457064105,0.5196696002591119,0.22572478352718545,0.5433070597489732,0.35541749851519594,0.52805836600838,0.2935952228014962,0.33988142202952965,0.3734222500833335,0.3692893136550818,0.26900970969213867,0.5653832958954661,-0.0083016840003316,0.5643130182222132,0.7145047825091426,0.7394055090073217,0.5354841552334949,0.682981128864287,0.610870281723966,0.35295063516837116,0.0,0.2850753842604947,0.4628281804727461,0.0,0.5533974415453694,0.5993796300614483,0.5866502889019369,0.5392447664953757,0.2512679920094921,0.0,0.4086765680152418,0.23433333734406836,0.7086681601735836,0.40085219999865124,0.2827665301641598,0.47328361558634924,0.0,0.0,0.5264043825957521,0.44919905593656495,0.45213516957278443,0.4709996376034332,0.58401520731564,0.0,0.4604683256875999,0.6673777498118885,0.4980222232546204,0.6047690307962523,0.44765933913838496,0.0,0.4564753827024964
0.3918123194443499,0.36583274367771623,0.3583200341997791,0.42902724094327416,0.4840481672581629,0.0,0.4850678351304879,0.6033041745815786,0.44787135220634355,0.5591590285206195,0.5203054770793955,0.6195610997702727,0.5306668203595887,0.4349505523107138,0.6274569017184322,0.49026785905868686,0.3941797926292541,0.468447708334415,0.42904787972058517,0.5082654109241408,0.5599882108474361,0.38642573413345715,0.5087120393731888,0.21714217112715378,0.39321898274250744,0.6087703191185125,0.45986511606790803,0.6515682351144679,0.5598645113831209,0.7199633337404934,0.6352041299409212,0.5143131842807682,0.5622660258711942,0.4939164780766408,0.36417961236221186,0.5662189407021155,0.42803159110213046,0.3897614539129757,0.6324265595865322,0.2742938856604038,0.5762486831808562,0.6796269939629969,0.6700960487444405,0.7472523061104217,0.1645044207351417,0.44099417448665246,0.4346712373119908,0.48819304827477156,0.5976300418896988,0.3748171860555932,0.6604979971234017,0.6348941542035923,0.6799029787066075,0.5473028720421944,0.4416890298186861,0.6471125802939788,0.2799781100995556,0.6555294837036119,0.5608792860057881,0.5497186954841832,0.37497160317901473,0.0,0.5037500229618221,0.4679245985994631,0.5601742041850828,0.38726161282052807,0.4672707011454208,0.6212863003970002,0.4964450483890705,0.3294438974588333,0.4167783711105016,0.6229753543473114,0.5962228875786026,0.6314156114532884,0.5759276510585124,0.5867126758122482
0.25755832618437835,0.2636342361248847,0.45509860457442486,0.44922717205007545,0.2620029759930772,0.4850678351304879,0.0,0.4202030980934688,0.4844108195456142,0.4811323636808451,0.6002308773664962,0.3660632260622913,0.33355756750723076,0.563899985252539,0.28795292338222,0.40601382491345966,0.314910605580805,0.35361980109364327,0.5641325153339096,0.3493757914348216,0.23861330854325075,0.3435070095633156,0.45453306377667047,0.47649201253295403,0.31805144046336364,0.42937115034718953,0.3923437356112548,0.6458185925819921,0.5143108553194893,0.5944917327915711,0.46207802108548957,0.45533224960494667,0.2179456467963494,0.2575954160125157,0.03446670522138215,0.5101671315290597,0.3347092716779151,0.36624866415228163,0.6148263979457785,0.3147905600178757,0.5473260019427888,0.732552880969392,0.5997849558091916,0.6057167735192646,0.3455203637438802,0.0,0.35808961567592645,0.3230792788224871,0.0,0.45875096592987313,0.5775863284153411,0.5282288021798303,0.5134723286175674,0.5008649850504536,0.5407662798866274,0.4125847286952417,0.40365028719148327,0.5238647696353436,0.41296208923404015,0.32748377018882546,0.31895468498577406,0.0,0.48576474290065613,0.6795701378043918,0.4790191519498566,0.6668387636233206,0.33993800177616806,0.5381555095019723,0.4594996401554333,0.5129141707595918,0.39594696890030556,0.5169372837572442,0.555173815096099,0.4413420653959838,0.5863825392530329,0.4381509291761616
0.44004169779870916,0.7868692593104383,0.38165935827444797,0.6292585512615336,0.7496223519815126,0.6033041745815786,0.4202030980934688,0.0,0.46813429511578325,0.4791131989799786,0.3428826299098706,0.509795196201009,0.45675268988035994,0.44996371323353784,0.2698451818049893,0.578299143308928,0.10703522011585681,0.5173456083686163,0.4106141210875843,0.440000124380154,0.5332560531574579,0.43720298505456084,0.4701103480253809,0.31154249118397814,0.5438094260825143,0.5344516094581911,0.49808137158025023,0.45723709403158064,0.4326259075356864,0.5516476018283749,0.5384359247389685,0.5225935210268837,0.4663327816571222,0.41967502584994765,0.20559982045682126,0.4951067234865055,0.3763214848654365,0.3465392247271455,0.5441245669694956,0.5042956676828584,0.41656842971752983,0.4948395409502625,0.7044210967157519,0.40526030459742446,0.0,0.5085291610487235,0.29831887831583925,0.4474620149845674,0.0,0.5514460063782516,0.6872967085049018,0.6260833321324579,0.3381806803787852,0.43259583685165454,0.6214199235419167,0.437760925275917,0.9110866214762383,0.5907528183732802,0.5714167433132418,0.6928692823540266,0.30258336463815505,0.0,0.5440943374375772,0.5362058600311439,0.6749754250287819,0.5465405113384166,0.3680554329911212,0.5761728019251081,0.0,0.28844914461917304,0.35944601675548793,0.5098626814741547,0.5253789223097304,0.6168049062470021,0.7251057632164952,0.5109904665834055
0.4598283240214881,0.26032304129855555,0.10750802310412555,0.4968136755523444,0.34465396873324405,0.44787135220634355,0.4844108195456142,0.46813429511578325,0.0,0.579060545772565,0.18862553890861752,0.5600398514917662,0.3475076275297818,0.30214016388058396,0.6962536308332394,0.19739684806845287,0.4674087915595907,0.5848892315857284,0.10691600338451998,0.38831439435188786,0.34663378902082714,0.26592119594176955,0.47030481757239795,0.5228133199501069,0.5707440332215357,0.6844933034890127,0.5052030794662798,0.494516672197288,0.4871569727422848,0.538742905119105,0.5287935614627812,0.5330005942484157,0.3692147322399511,0.4801500720741587,0.36929868488197537,0.5670098461970388,0.44269509559502385,0.5012158592149273,0.5583016376957735,0.4840655912080266,0.5183870555822458,0.263235701613354,0.41120382462903476,0.4161222821497847,0.3921991483464019,0.0,0.3994620974719535,0.41658920271513933,0.4587127583513101,0.6070907820085469,0.599970404283441,0.5926989070347507,0.5590059658442392,0.4147269813473875,0.3151064510177001,0.5689026944542535,0.31856231494337695,0.5711083932794971,0.5148857861964493,0.4335580113443187,0.5761688912115408,0.0,0.0,0.38002156429097733,0.6486847196045555,0.775142279175357,0.541217089849708,0.5115390520553109,0.40711641689853545,0.4144053081379332,0.19927757831383253,0.4927345228954986,0.5343928959440589,0.6774239556044003,0.2912521182872414,0.7529155265027352
0.40749953434267827,0.4690103261355659,0.3942272449982558,0.09890702823549741,0.5364528860893842,0.5591590285206195,0.4811323636808451,0.4791131989799786,0.579060545772565,0.0,0.5538641960961082,0.3525119345415573,0.4700478431511699,0.541984466978248,0.5795034940853854,0.25295655898408087,0.5518162037716743,0.3575206005460093,0.5170887220771514,0.023797782049710003,0.5436856119625835,0.39143464576175196,0.4052518859388765,0.3686476604518321,0.49312767200151836,0.49284056558367784,0.4573095344908571,0.47060629470229187,0.2634753065408162,0.4148701076947069,0.42262570187372034,0.3531572120420646,0.5587358103059611,0.4639397347611023,0.28365290768679663,0.44982965974473127,0.11965971480941384,0.45703544791126804,0.5867463937059416,0.1273350559304212,0.26382190165021674,0.2630307203831649,0.4672813147996531,0.3233273956427549,0.2763741666201843,0.5103335540875764,0.5258451739067068,0.3452626528543179,0.48232983004816254,0.4275551509181329,0.38663580688982546,0.426352569104937,0.6863526721431574,0.362042883074171,0.3921605210321736,0.37568219431070066,0.3484556705216242,0.352173803245652,0.0,0.5896918648788367,0.38249268774914846,0.5015745931876953,0.5506402673768257,0.46274866385305125,0.4464558381065553,0.48829000554290436,0.5295200040081571,0.49636664568074906,0.3008746415743551,0.393179757622749,0.3904561198145968,0.5065493726512673,0.37037181602918173,0.44859257931847607,0.0,0.5041077581290256
0.36939834047570963,0.34354105115352496,0.4344686070056666,0.3016890825347094,0.43648348786115976,0.5203054770793955,0.6002308773664962,0.3428826299098706,0.18862553890861752,0.5538641960961082,0.0,0.5253851372955145,0.5339892647587945,0.326453970887463,0.0,0.46885576361749753,0.46712258862949035,0.4285086791458075,0.26489325984032946,0.4736803021451398,0.22945671197967615,0.43974555051464415,0.24810666845401153,0.5369806275015659,0.5127065602190444,0.6403282874786399,0.44257316038474015,0.5510326717795495,0.32108287214843934,0.45406070462381387,0.5315212848318495,0.5895830929607568,0.2304826183126703,0.5466472661274899,0.34535800857118587,0.4775447704413511,0.6078345240946073,0.5505423701510352,0.7384350339344357,0.3862280082797582,0.7538183382305745,0.42344759780263785,0.502078913529118,0.5195958427466436,0.21755562190110933,0.0,0.0,0.5319399618248444,0.462539884753131,0.5785616656181902,0.5701657469377983,0.5192281619148755,0.48471414478131525,0.48696140593610693,0.30818972086323126,0.34391236492499816,0.381134371470716,0.7033014011513423,0.5785346548717363,0.0,0.0,0.0,0.0,0.06035032748251487,0.2600751206875872,0.0,0.5450658891722897,0.4450064884362939,0.0,0.0,0.914454780198409,0.4512258927165611,0.5775778440425932,0.14571788671095393,0.0,0.646443473945407
0.4116716208807056,0.4818558042170619,0.5972799321977784,0.5475465594976152,0.5129059599241461,0.6195610997702727,0.3660632260622913,0.509795196201009,0.5600398514917662,0.3525119345415573,0.5253851372955145,0.0,0.39340336402724296,0.3750191853952941,0.5099885835678257,0.4445178125982824,0.46152257592679424,0.5289408974025492,0.5165533402033968,0.37062454199103667,0.3123061840080975,0.31249248745709735,0.33807771459668057,0.302138178616785,0.40602384599000985,0.3699920792951268,0.545103104491353,0.4946216455512318,0.477079008323233,0.17073627733261645,0.43013127762259795,0.37513226690658574,0.4431154082822703,0.2552041636261023,0.4114073414078244,0.11348748679363668,0.04577353412836982,0.2244736732072978,0.1881301514675356,0.1917282657377089,0.37690327053255995,0.08535923100185142,0.3599260164447133,0.23303708408264232,0.31556144580451384,0.4112962047087268,0.6007461401956098,0.3452165005346319,0.1786874618089726,0.19043435523664826,0.33693332096568307,0.5614559173775158,0.35429944336462693,0.3071422558293271,0.42817809065103973,0.24480190309487054,0.5563241302542243,0.34448583701092605,0.5343984997907366,0.5224517841679529,0.4231823970257921,0.4851494616590708,0.6035172663458195,0.3009393976963214,0.701882925860742,0.746633299945269,0.49773548165244974,0.38174176946484595,0.3296869354639097,0.4261725625561873,0.3834327608629795,0.25392595062627543,0.47133234709321176,0.5191886642736118,0.0,0.5278554657908048
0.4391773443365592,0.3099433118427741,0.45413529919963036,0.31381571805333996,0.3640478891152137,0.5306668203595887,0.33355756750723076,0.45675268988035994,0.3475076275297818,0.4700478431511699,0.5339892647587945,0.39340336402724296,0.0,0.5465968865259875,0.3220083785877155,0.4288805419824504,0.3438258595374102,0.40778071565279767,0.538543643908351,0.4069363187188962,0.32919345743013445,0.36358382200889616,0.5007639521014795,0.29511942379561834,0.38774672239507646,0.4392554588301738,0.4546245101363535,0.32630465910588763,0.44729785396682853,0.3825911766579684,0.2802692738135741,0.42710707687457217,0.1725533193671457,0.32357694009518345,0.08677938020338799,0.3707045613306855,0.1987373411651167,0.26362166358418426,0.1994370726747841,0.44396910684726554,0.5739994984459427,0.7367298468077752,0.5856923778791384,0.738874328844557,0.45505310866578647,0.5517624769674604,0.5001197760047458,0.41367486698887757,0.0,0.5233659584573193,0.5537624696999197,0.4988248557829137,0.44519769879015303,0.42946813246187593,0.43793922358714776,0.35527838751895685,0.36015889298035275,0.5857341659015798,0.4129168878271238,0.4932006123442765,0.2705038735580896,0.38731563078424047,0.5088228002161765,0.568732587670273,0.5163447747850377,0.4621666647095828,0.3777016166388414,0.5520944027391317,0.44587061440218145,0.2648083498580536,0.37315055402365827,0.5777888507067225,0.5945261935354006,0.4832391962207956,0.39954206015711846,0.5238828691105409
0.24977891703960953,0.28762487382407126,0.2866430755916395,0.3699361763211185,0.5241705890750548,0.4349505523107138,0.563899985252539,0.44996371323353784,0.30214016388058396,0.541984466978248,0.326453970887463,0.3750191853952941,0.5465968865259875,0.0,0.3240886564201555,0.5087054038924959,0.4667560043889811,0.4493967026240055,0.4613001121575152,0.3219589836489487,0.3414759632953406,0.20205414906685404,0.37355873598238254,0.4295261788000182,0.37215363864574735,0.28666054526142026,0.35059114064274066,0.3937658067999362,0.47191264063406424,0.4627767679779245,0.5409114691868233,0.15262440297437804,0.3457842023925718,0.7361427038826935,0.3997026609522869,0.2841882212184287,0.26805881182809044,0.29942143950571515,0.5869005395433845,0.0,0.6083183246144351,0.6443179745794179,0.4758680149613606,0.46234784235996595,0.0,0.0,0.0,0.53628260207428,0.0,0.49705615521085145,0.5357190828159296,0.4821977918461883,0.6584348911585456,0.3285044396316589,0.0,0.36834531961906714,0.36064237164156,0.84656708259496,0.4455137995929789,0.0,0.0,0.0,0.0,0.38551085432273907,0.0,0.0,0.0,0.45854266998691307,0.0,0.0,0.0,0.29541204337571747,0.6492553090983195,0.0,0.0,0.0
0.3017377103616379,0.5377027207061982,0.24311547343229298,0.5595501962534322,0.47308826539190746,0.6274569017184322,0.28795292338222,0.2698451818049893,0.6962536308332394,0.5795034940853854,0.0,0.5099885835678257,0.3220083785877155,0.3240886564201555,0.0,0.4939877300748948,0.3354207043100003,0.3737831631207618,0.0,0.45194277795225346,0.47890430560189146,0.4812518557210545,0.37933138541464484,0.11605205797356252,0.3700931375934134,0.4434315079295353,0.3798459115851677,0.2922444601877069,0.3836847058842237,0.40354313765493277,0.5293272500216752,0.3326060734931815,0.427872817151068,0.4178141744155324,0.34804517702858373,0.5503924959770086,0.3704114932959295,0.3617074954672396,0.47028449154932916,0.625632975721738,0.603624916459713,0.41030579854455007,0.2088791419567885,0.6687395187975037,0.0,0.5393053202491692,0.6383182938087896,0.2879477476464908,0.0,0.0,0.4349419940385548,0.6388772204017887,0.6153564828769236,0.558078822501377,0.0,0.0,0.5525618321051975,0.5915661883638453,0.46346692740268314,0.8269278378278337,0.5232037883495797,0.5110214301023527,0.6907708178386396,0.0,0.7895464611840075,0.4331917852099055,0.7696086600214402,0.7466160519536618,0.46008760524592307,0.5787120165315407,0.4898808306254621,0.661780591856598,0.6031384702123579,0.6400559397683353,0.41123198063443034,0.5882350825269168
0.5772284354623263,0.5578533502997955,0.3900631013871372,0.25965911660778307,0.3631299114395752,0.49026785905868686,0.40601382491345966,0.578299143308928,0.19739684806845287,0.25295655898408087,0.46885576361749753,0.4445178125982824,0.4288805419824504,0.5087054038924959,0.4939877300748948,0.0,0.30900890359957334,0.4962389847282485,0.4733114516428552,0.20193228128593285,0.4426203566356327,0.34192454959012564,0.5244100699363341,0.3391389568430264,0.4190042573118232,0.6007777243359971,0.5438213816712005,0.3746202294327504,0.4250020378220388,0.3098433296898034,0.46867033145248693,0.34902633771315694,0.1770876722520493,0.30984084731265316,0.16578222757424083,0.5468115711692734,0.3705932945537711,0.36926337923265184,0.35521502169998265,0.34014194965325206,0.38578085888111113,0.22540992423553985,0.4634333746286703,0.0,0.0,0.3611762024487918,0.5320372744858031,0.0,0.0,0.0,0.39694754503404134,0.5676343393981603,0.6590271060079862,0.0,0.5002557516846737,0.0,0.3062461083502754,0.5848104054578421,0.0,0.6234385378297337,0.41944112520262045,0.3958266691887142,0.49753383142037766,0.0,0.45436844372204505,0.5289698447670725,0.4627629739882472,0.6380523508915881,0.4051885435263256,0.5470735472451697,0.587055434836716,0.48230264687416846,0.419135980232264,0.41984964973616146,0.0,0.3207597465086627
0.38563437235510667,0.332447859350294,0.5614456245044122,0.44088730415963795,0.511131599225913,0.3941797926292541,0.314910605580805,0.10703522011585681,0.4674087915595907,0.5518162037716743,0.46712258862949035,0.46152257592679424,0.3438258595374102,0.4667560043889811,0.3354207043100003,0.30900890359957334,0.0,0.572505970448594,0.6775401885332655,0.0007685934778198789,0.2659127361989528,0.42557354215978616,0.30807882357603883,0.4618026231484775,0.3946966481725168,0.3513047562448063,0.6439418160869902,0.538007282618951,0.17360860883749601,0.4220618984368306,0.35282504894960587,0.23526806958835467,0.5088921502628145,0.40165633553571334,0.21624630476896464,0.5597137760215747,0.35296641510557125,0.3691884511840062,0.5529584698145882,0.4507782240957312,0.3704593407744928,0.5340070557300072,0.0,0.0,0.29452882835257144,0.580385060696759,0.6322687583289333,0.0,0.0,0.0,0.0,0.0,0.0,0.0,0.44528771334706485,0.0,0.38943647362013334,0.34725415701480367,0.0,0.5333046936140313,0.3714638283422669,0.42216465405962,0.4459333078445597,0.0,0.0,0.0,0.6608960655304918,0.0,0.3428002147642651,0.44904260502552334,0.4289421936803246,0.0,0.2881552101686456,0.45923176559619827,0.0,0.523057342078908
0.39679524048956827,0.5692865506768381,0.4313143124239353,0.4652209395016482,0.44018354616144295,0.468447708334415,0.35361980109364327,0.5173456083686163,0.5848892315857284,0.3575206005460093,0.4285086791458075,0.5289408974025492,0.40778071565279767,0.4493967026240055,0.3737831631207618,0.4962389847282485,0.572505970448594,0.0,0.3339900015227696,0.2882453970585883,0.3251134229837037,0.35891495734089046,0.4818108222884289,0.3740263133242333,0.4284417470057782,0.4131461071475694,0.5820222322643757,0.264554152308785,0.3797893746543829,0.19728657744494832,0.3291098364654217,0.27678908220531306,0.41964787990143493,0.4397082433512406,0.27609453910478976,0.39387454849850256,0.3893767327813625,0.26900176904832945,0.3886677928777097,0.38734392081867935,0.337150236627515,0.3360668261371229,0.0,0.0,0.5412358993907458,0.4170187946646887,0.5710506349079112,0.0,0.0,0.0,0.42961309402769243,0.4866498563662293,0.5966147780680553,0.0,0.4879281321334661,0.0,0.3989056652110444,0.47196563227666455,0.0,0.5398849746918869,0.40142986564015626,0.47225073619328223,0.4306163410585303,0.0,0.21661651750919503,0.5564330336369502,0.4986703540172821,0.7803226753592367,0.5188885820249098,0.4332695133088961,0.4912821319543057,0.352883787069735,0.6244133415558372,0.444388502964402,0.0,0.4557911207978015
0.0,0.43429456335433636,0.20113709698712098,0.4506458746592801,0.5721792517967056,0.42904787972058517,0.5641325153339096,0.4106141210875843,0.10691600338451998,0.5170887220771514,0.26489325984032946,0.5165533402033968,0.538543643908351,0.4613001121575152,0.0,0.4733114516428552,0.6775401885332655,0.3339900015227696,0.0,0.46679442403050386,0.6577658237557313,0.4269017835925522,0.3009116009803584,0.4660084395809658,0.4675568822700264,0.4783054657886115,0.18271773718622475,0.5391020716962158,0.6233643606872425,0.5596276593851237,0.5666339973130785,0.5239927228149996,0.2530494698295609,0.5064219039424095,0.352907214156334,0.6676509947765796,0.401418965205093,0.40460267722229115,0.7407127575752821,0.4368116928736826,0.310271959354273,0.24011665569308105,0.5470494398848761,0.5108499262553762,0.009146808843340851,0.0,0.0,0.4956564915166624,0.0,0.41786691769746775,0.43744270342264985,0.4453438935960655,0.34935231839642067,0.3545715263105649,0.6185888001608435,0.6858173610534901,0.41149524546103455,0.363919592429648,0.4488315898520092,0.0,0.0,0.0,0.0,0.5315932622104254,0.46181413747819455,0.0,0.4509568356116081,0.43799285700135626,0.0,0.0,0.0,0.4062159832398024,0.5735511999927805,0.2526530202976036,0.46062105766814165,0.4729598937260884
0.47596218360423675,0.542354480903328,0.3409465593443627,0.6495988902122527,0.361511836601103,0.5082654109241408,0.3493757914348216,0.440000124380154,0.38831439435188786,0.023797782049710003,0.4736803021451398,0.37062454199103667,0.4069363187188962,0.3219589836489487,0.45194277795225346,0.20193228128593285,0.0007685934778198789,0.2882453970585883,0.46679442403050386,0.0,0.5325798189015317,0.5238666365229901,0.3795294808925884,0.4439072205691086,0.4360989917155288,0.539363761809615,0.6066386431583897,0.43056377033270676,0.6127737666121948,0.7148731954459999,0.4146338265653058,0.3627981438427971,0.3443316688923765,0.4631808822259336,0.3564272673157769,0.6008447790940676,0.2932450174986174,0.7276095047453223,0.5314606760607354,0.518964540112284,0.6152679939466338,0.49390864635776555,0.5644453061450738,0.7081485468780252,0.33015165636391924,0.5417086876652927,0.4639469601925136,0.4064750905532859,0.0,0.0,0.4286681873055208,0.5577727941718319,0.7345174015892918,0.520958606642369,0.7435436461168065,0.0,0.4227226087971886,0.6386760437422381,0.0,0.6550070542231949,0.5784900071556237,0.4650652070040455,0.5411943792003855,0.0,0.5679778332335614,0.510729293012405,0.6118152850799972,0.5958772200626978,0.0,0.4617658769528606,0.4161405864158994,0.5793667801478171,0.5805594810509749,0.6216338658272342,0.6673808108407542,0.5373845814903887
0.28228633793852087,0.5942872795754511,0.35117892895801645,0.4374238446599187,0.47092528277595497,0.5599882108474361,0.23861330854325075,0.5332560531574579,0.34663378902082714,0.5436856119625835,0.22945671197967615,0.3123061840080975,0.32919345743013445,0.3414759632953406,0.47890430560189146,0.4426203566356327,0.2659127361989528,0.3251134229837037,0.6577658237557313,0.5325798189015317,0.0,0.559384507923873,0.41744438268331713,0.23523923109361014,0.3298532267436187,0.5564592162300249,0.42650711475138015,0.3488645083057348,0.43476881201655715,0.5691444113215335,0.22868480207999065,0.24747070073612412,0.09695757467215266,0.23349000495344963,0.3183617557253612,0.36330072916290274,0.3167403142409947,0.3637340951689244,0.605910671295781,0.32708308142907977,0.42132221256124003,0.4117541255781326,0.39046570378909295,0.0,0.0,0.5140503862896674,0.500456578029391,0.5225686469339232,0.0,0.0,0.48442741957517965,0.45179831756375444,0.7590919536499584,0.676632001645207,0.6129838147899311,0.0,0.7616238671908229,0.6887268905657322,0.0,0.5742975328663517,0.46067578804120646,0.0,0.4209971510042628,0.0,0.6532835680935819,0.3223279514693323,0.569581699226514,0.5982118578568976,0.5131014427312306,0.314206158347786,0.5285230394339965,0.5908186087113996,0.6727743699871006,0.7869226008821311,0.24298218630595375,0.4224802992737453
0.4320667961185426,0.659568839218107,0.4675093481124107,0.4822567164230483,0.27849728090722203,0.38642573413345715,0.3435070095633156,0.43720298505456084,0.26592119594176955,0.39143464576175196,0.43974555051464415,0.31249248745709735,0.36358382200889616,0.20205414906685404,0.4812518557210545,0.34192454959012564,0.42557354215978616,0.35891495734089046,0.4269017835925522,0.5238666365229901,0.559384507923873,0.0,0.5998027893566994,0.3712374486837917,0.5078558400865985,0.5958931561204491,0.40636136127379097,0.45705290099352824,0.3755161093017528,0.549758974749667,0.6406235916393259,0.4305792448426543,0.3220001385343185,0.4686573502400354,0.41687591580815475,0.5349736534808407,0.6536441546267675,0.3533716843182981,0.5421011257754906,0.5500719524431977,0.51394380318451,0.4735150110660032,0.33163145426542834,0.1848943490077612,0.3787297423903866,0.36693169528468567,0.543432250379894,0.5039824255495073,0.4619530635536323,0.3884887486550693,0.4183874874588874,0.46492534327286017,0.513732042722427,0.47793466153363495,0.36405683547534695,0.0,0.5441779827017396,0.48490191273854616,0.0,0.6722566992813035,0.454526225210613,0.3784523936709022,0.6941092926054088,0.0,0.5630057455050825,0.5434257300077913,0.5972244278361267,0.5917418778838448,0.4738534911048408,0.48792748770042765,0.48519611399761303,0.5029558367066586,0.5939290606092614,0.5295951160530125,0.45228098138848816,0.6946709115835159
0.36458139857202915,0.578057353328432,0.25124778414381455,0.4449639253841876,0.4857741757510018,0.5087120393731888,0.45453306377667047,0.4701103480253809,0.47030481757239795,0.4052518859388765,0.24810666845401153,0.33807771459668057,0.5007639521014795,0.37355873598238254,0.37933138541464484,0.5244100699363341,0.30807882357603883,0.4818108222884289,0.3009116009803584,0.3795294808925884,0.41744438268331713,0.5998027893566994,0.0,0.24331067849994995,0.5277311855000434,0.44409622175337926,0.3978433529223969,0.4257818061915617,0.4548111928833929,0.5330304177271581,0.5047038621579039,0.45555699831783764,0.38839391683147445,0.453074497073915,0.33597972379404434,0.6511257739505055,0.4390400603786543,0.3261212063607971,0.6133437324514397,0.7811658257843646,0.6310304838299208,0.6244759784342171,0.6797997230416886,0.6574404971399805,0.3784385190005624,0.3135132922132208,0.5206603169200799,0.5797844478912191,0.3463592335926584,0.5863237800428707,0.6599593846197283,0.6279604933037641,0.5585368599160658,0.5682325078129099,0.4903166110061592,0.5627302117168157,0.2752389088392968,0.5885455023609585,0.6664995786640471,0.659346221142781,0.48561732256723456,0.4464558381065555,0.5882089685931667,0.6149307338253247,0.6167947212134279,0.5264708410906577,0.6233368000584802,0.7102137648625928,0.33277941666621214,0.4891333225219113,0.4303299210633225,0.573320165649044,0.5841702334749884,0.6663297104517536,0.6881641849841222,0.6205554785553176
0.4018841954044091,0.4329432900154625,0.3839700473069065,0.354578700890699,0.5488857635141959,0.21714217112715378,0.47649201253295403,0.31154249118397814,0.5228133199501069,0.3686476604518321,0.5369806275015659,0.302138178616785,0.29511942379561834,0.4295261788000182,0.11605205797356252,0.3391389568430264,0.4618026231484775,0.3740263133242333,0.4660084395809658,0.4439072205691086,0.23523923109361014,0.3712374486837917,0.24331067849994995,0.0,0.40553110483546084,0.3167667187226647,0.18252555430656278,0.5892114955952868,0.6112043681263716,0.6399131058573904,0.36427359756135236,0.4802368963901582,0.07568708138563918,-0.04025691372359125,0.014842661666401719,0.31909290724269196,0.31695089266982845,0.14558103333480826,0.7544181339783668,0.4236147474078854,0.23061297629893338,0.7022774363893143,0.5946939371861683,0.25400920575532004,0.15244282804777254,0.3803197468848021,0.3749684258827852,0.0,0.0,0.4707237656191246,0.47477961548789926,0.38520455887323457,0.0,0.2951452522087984,0.3505851819162239,0.48414883137940967,0.32415562147645577,0.5000784750445834,0.0,0.34965217315272845,0.40940006246624866,0.4298045208626529,0.5804772264143918,0.46009822621614926,0.3988182154544596,0.46144718554882813,0.3109709049413247,0.6550124923983244,0.23970399935363565,0.5681714300404086,0.4535832778495398,0.3768402656358176,0.4676960369037465,0.7861898890694868,0.0,0.40753892972833083
0.4696792980353143,0.5428866699958157,0.7167416207713033,0.7557686599817226,0.3740775936576932,0.39321898274250744,0.31805144046336364,0.5438094260825143,0.5707440332215357,0.49312767200151836,0.5127065602190444,0.40602384599000985,0.38774672239507646,0.37215363864574735,0.3700931375934134,0.4190042573118232,0.3946966481725168,0.4284417470057782,0.4675568822700264,0.4360989917155288,0.3298532267436187,0.5078558400865985,0.5277311855000434,0.40553110483546084,0.0,0.3426734006308293,0.5600141044412725,0.2381182164203074,0.3159747477081979,0.15459558828381148,0.397131707970365,0.1410540771365396,0.353879465257019,0.35667816204897673,0.2428530387244429,0.3170114780870835,0.5824093830845081,0.3923105536029385,0.4190763244558444,0.47033466837884913,0.3583078016364457,0.34345325591259795,0.13349625805084153,0.0,0.4214698623999185,0.5207163954380277,0.6170914003006029,0.0,0.0,0.0,0.42928493354752145,0.4639656875457524,0.5625800494449922,0.3991124656558087,0.4415802033654709,0.47815868059950173,0.44258783636011556,0.3870754216958915,0.0,0.5266379541438722,0.4522855312683546,0.46931139972997454,0.5107331753834902,0.0,0.5397407107047671,0.2701665270225696,0.5087535813974219,0.3670252817796786,0.31949773780544444,0.49210490932937445,0.4728392829794897,0.4429941067341586,0.540010994987228,0.4729913444946441,0.0,0.4128124248124385
0.5779416666972896,0.602697624023743,0.6082293397560266,0.4300031359954021,0.3432995457064105,0.6087703191185125,0.42937115034718953,0.5344516094581911,0.6844933034890127,0.49284056558367784,0.6403282874786399,0.3699920792951268,0.4392554588301738,0.28666054526142026,0.4434315079295353,0.6007777243359971,0.3513047562448063,0.4131461071475694,0.4783054657886115,0.539363761809615,0.5564592162300249,0.5958931561204491,0.44409622175337926,0.3167667187226647,0.3426734006308293,0.0,0.5649835962251673,0.4143266745128088,0.4755817997247042,0.11697460873375426,0.41817956712751264,0.41367358904900386,0.3471066763997954,0.44276166144170326,0.37678771437645453,0.3191219249094346,0.4997142927877769,0.3431810002347734,0.501219169434437,0.42278812516324515,0.5656530909066717,0.42028659557094,0.20746242684695732,0.4958954336753137,0.4146122833268576,0.50310106166532,0.6768707404072112,0.6062479452600229,0.0,-0.002266565211467159,0.4898777364695817,0.4937690710881536,0.6228314287543204,0.5653215465008495,0.3985168857178427,0.0,0.44065366189891453,0.5885773863884619,0.0,0.6333579622941092,0.5391752095834343,0.4246777030897251,0.5193663008424034,0.0,0.6318399880663963,0.5625938402498445,0.7183748566703689,0.5491497503307058,0.32859262322581395,0.5106076977840661,0.5100056865391072,0.5841823573460604,0.48611015215542497,0.5740540101216669,0.47605799620786515,0.44976193784362095
0.3624948114046798,0.4654870238039078,0.2024994021849913,0.43758243148942333,0.5196696002591119,0.45986511606790803,0.3923437356112548,0.49808137158025023,0.5052030794662798,0.4573095344908571,0.44257316038474015,0.545103104491353,0.4546245101363535,0.35059114064274066,0.3798459115851677,0.5438213816712005,0.6439418160869902,0.5820222322643757,0.18271773718622475,0.6066386431583897,0.42650711475138015,0.40636136127379097,0.3978433529223969,0.18252555430656278,0.5600141044412725,0.5649835962251673,0.0,0.4572780233979298,0.5202346976113549,0.5639104566161363,0.48447558210734104,0.3977398207097736,0.34417462666429255,0.46194042836250415,0.3529470400562916,0.37059779707903967,0.4386918385047265,0.3471866019084891,0.5863606371753115,0.5546872513744585,0.6481403489782729,0.5284777121235751,0.5987686406521731,0.7323510237026475,0.20675793944024917,0.4255504840102199,0.4421743152752844,0.44075215984348826,0.3686935034466646,0.5553339489026399,0.676801660295097,0.5642071790213724,0.5188200278659526,0.47613993614916256,0.5893251833149662,0.49880952844278026,0.20273791983856307,0.6182025077840705,0.46865338744953694,0.6085011860720695,0.6838912044871979,0.0,0.5435790316955045,0.49750190010594997,0.555535617592105,0.48541482758911325,0.5300143314469443,0.5691242063152013,0.0,0.5015033152804216,0.42824438584512803,0.6002332247204467,0.6155800110464966,0.6113577956201336,0.5638052559461315,0.5881140064864646
0.10932535472310156,0.33610057981978797,0.4399622189965786,0.4677740447432224,0.22572478352718545,0.6515682351144679,0.6458185925819921,0.45723709403158064,0.494516672197288,0.47060629470229187,0.5510326717795495,0.4946216455512318,0.32630465910588763,0.3937658067999362,0.2922444601877069,0.3746202294327504,0.538007282618951,0.264554152308785,0.5391020716962158,0.43056377033270676,0.3488645083057348,0.45705290099352824,0.4257818061915617,0.5892114955952868,0.2381182164203074,0.4143266745128088,0.4572780233979298,0.0,0.4556114864444744,0.5098692076413901,0.4249167710922957,0.4972233208796942,0.3560789089593945,0.22171293465390637,0.19311557467192655,0.5368724219597776,0.3109454362413874,0.46981696150994895,0.5627393825497753,0.3777440278508753,0.7284036471065987,0.7245158795477109,0.6352354397895492,0.7451743703876712,0.4364836299282582,0.5476169258409571,0.4276162893093206,0.46252225957566895,0.0,0.6193172455427056,0.5974841356343801,0.5274965800385462,0.5387534761387316,0.4773427199637386,0.5745456068214122,0.46186086354071515,0.39932933734317505,0.6053193881840315,0.41967400976831426,0.5179155997102503,0.3765367983204094,0.31929479158885254,0.41760297206810626,0.6079292877195812,0.5856563795409867,0.46193023393686977,0.42792224583486593,0.6011704796083325,0.4788687035177691,0.4299082032779728,0.2968986002504175,0.6290870575733605,0.668545018764704,0.5018274416329876,0.5544220294316955,0.6293443614046641
0.4109187355530213,0.30726906436163975,0.5451041770160473,0.24375567754268118,0.5433070597489732,0.5598645113831209,0.5143108553194893,0.4326259075356864,0.4871569727422848,0.2634753065408162,0.32108287214843934,0.477079008323233,0.44729785396682853,0.47191264063406424,0.3836847058842237,0.4250020378220388,0.17360860883749601,0.3797893746543829,0.6233643606872425,0.6127737666121948,0.43476881201655715,0.3755161093017528,0.4548111928833929,0.6112043681263716,0.3159747477081979,0.4755817997247042,0.5202346976113549,0.4556114864444744,0.0,0.6073086024768628,0.4848558135983395,0.3269027509505881,0.16792505525595217,0.4539326685227491,0.27843089004457,0.37200555313124817,0.2648580792514977,0.18822933211741616,0.5166954599544873,0.5855185052814236,0.5269804326727237,0.508939499900873,0.36974550665404543,0.3886644544376589,0.41355068496579694,0.44624900880152096,0.36036843833586624,0.5663798120523331,0.44474647776795206,0.36023034187023767,0.4965640798388874,0.5250449039488154,0.6558081961633376,0.5328368785529816,0.6405852610890265,0.185388560587041,0.38724269774264736,0.5107937530574571,0.5597046859432314,0.5766832533635574,0.42869730139531814,0.46245678480585506,0.5039405645837229,0.39545807012221773,0.5613413410717742,0.4963996399820837,0.544565644985732,0.5865396761792256,0.45161596242455637,0.3473674676599657,0.47481554377657054,0.617016750914477,0.5779869682942986,0.5403110289881894,0.5351473181168644,0.5993826037064602
