0.0,0.27580073907656427,0.15370353532061898,0.0,0.18002250315612695,-0.20200611112158431,0.33364282322688255,0.22587678875673128,0.1976668273970165,0.10193845045304678,0.1448662635338056,0.09993013078893365,0.18104263513384025,0.17346364499041825,0.11568911212585713,0.31956045302974034,0.0040617353699405195,0.3026156947956665,0.0,-0.044422918871721055,0.10532361926657396,0.14418574884055307,0.11728181080266488,0.12691942298149494,0.19448541244927361,0.08703205135271536,0.08079372348902282,-0.03436964779341039,0.06192539673912857,-0.5913130375479602,0.24794125907098238,0.5318180269796793,0.39970213233141183,0.1772517310445803,0.2272791760563631,0.2158648099023266,0.16160239892774905,0.21478349684878908,0.19562905900947844,0.1531887803668056,0.1890577828701679,-0.01171560301952687,0.20623766997504644,0.0,-0.04761834445767374,0.10762626882362984,-0.00960439620390214,0.0,0.0,0.0,0.13221967785647362,0.0,0.02911132462703691,0.0,0.08026117111200684,0.0,0.1628002808620021,0.5298479993139524,0.0,0.12529522579458222,0.20781223411605154,0.13376449567401144,0.10087998957642061,0.0,0.07707764139462411,-0.14971745090101304,0.2683031275067924,0.2887982047389683,0.10806299884298158,-0.029943348524456972,0.11998990421606884,0.029171420562022966,0.2396368209439631,0.258830852459585,0.0,0.20218047029744723
0.27580073907656427,0.0,-0.13004117315863678,0.14993049500949115,0.09260584419597875,0.016926224590195018,0.05603605746942078,0.1337904447203082,0.036784594721761155,0.4249824101144369,0.0846508148191428,0.10427881059292954,0.08083332713135118,-0.35165145514513707,0.21246026394938516,0.1061673154591163,0.1420815881499345,0.17438247730047116,0.22211921805582308,0.08365303650415051,0.18068925880293318,0.12769717243820816,0.04643525997233676,0.1987972918292545,0.04217462151855352,0.04274633814936263,-0.06090064303365797,-0.14243762545809788,0.0598289980102071,-0.0016849946980241268,0.2505399322157304,0.2784292006776758,0.130359500547642,0.2264050900965534,0.19169978006139735,0.1365097533064805,-0.055529855806880295,0.0,0.445550820481594,0.6824669377921484,0.4242247116996007,0.6396863424930674,0.21496114826592133,0.0,0.0,0.2143373736509119,0.0638019175766999,-0.03430778202176814,0.0,0.0,0.17567963914547435,0.0500056194509611,0.23144462137794955,0.2343933912276281,0.22892983745396864,0.0,0.11388756760376947,0.19390019646127252,0.0,0.3168993042831689,0.2945879731128421,0.1796034017997515,0.2686970294634888,0.0,0.37327305743912426,0.2740692198094349,0.2966018991875637,0.12536569354945543,0.03309863068152618,0.1391544674249931,0.11775323871450608,0.14953979066688006,0.5550709961958515,0.24077876395601153,0.0,0.45975181270193727
0.15370353532061898,-0.13004117315863678,0.0,0.2347632017164454,-0.05590549931382645,0.01569937268926075,0.06957786231578503,0.15949619384614933,-0.07566447417155295,0.196245965762854,-0.057561483344833096,0.1645530804525801,-0.001989974045466053,0.11685886346704877,0.2482651873219689,-0.10236636475793157,0.2805094104401824,-0.021596772482339766,-0.09280986059197183,0.03414003221473115,0.1889019941697735,0.024638773687464074,-0.0197773081978834,0.1559426849832254,-0.01838241120967661,-0.26634569127588104,-0.017531501352700842,-0.04385849053468698,0.2762832690875143,-0.10260981500650113,0.03438364380931683,0.1048844649811807,0.20022412591791644,0.14065924287768988,0.08283693703697655,0.08448632386924493,0.1328273996169291,0.1564885755673241,0.2117286431853712,0.2080137980917587,0.2284552747657222,-0.06834281854748021,0.049360954666254536,-0.13301981931131207,0.0,0.0,0.14770097691414677,-0.28217595997781125,0.1829305756543832,-0.32924668779054966,0.10927784215229279,-0.12473171283795673,-0.19831702599359172,0.2354036206646664,0.14551957284640862,-0.29720473642676953,0.05043602660285324,-0.11833089144495772,0.24651676002752915,0.19255510398547226,0.0,0.0,0.0,-0.10673399000449729,0.4039657970794865,0.18187498434848084,0.1621630289476975,0.024832565678313642,0.0,0.23296596642265932,0.2983421956739066,0.11581755314192235,0.04204950780154221,0.334678505199254,0.2834884999415646,0.06877104698961628
0.0,0.14993049500949115,0.2347632017164454,0.0,0.28109934591413355,0.10967085294535717,0.15917741168069086,0.17034139832628892,0.03945505188642935,0.43092544245530584,0.30825546889180616,0.05093357336484189,0.35413694654430733,0.4719104229421759,-0.5560562839604637,0.03814226607178402,0.30944454224505835,0.2061600145217796,0.149742074022096,0.07007061493110768,0.14425446774183373,0.0445465376323431,0.2453219308948165,0.10143367435426667,0.3341656172348968,0.1713883782614304,0.10170896663722609,0.0923583490195534,-0.1363155033461167,0.30456186258624,0.11916830907412998,0.12445168058996693,-0.09084960558646735,0.43861440244667366,0.7184528588756957,0.2922450977331138,0.28006302821173423,0.22906315835457028,-0.009280080261175452,0.19138390680227052,0.20961651310796112,0.03810464132724054,-0.13024606791841115,0.24766728426617085,0.0,0.0,0.0,0.27513122039257576,0.0,0.0,0.2876557751222367,0.0,0.23658754128303622,0.16286354693169802,0.0,0.16573710250113122,-0.02944416950704961,0.24975124607846858,0.0,0.0,0.0,0.0,0.0,0.0,0.0,0.0,0.20802320118507014,0.11662979061491088,0.0,0.0,0.0,0.08528181403173775,0.14204534663135213,0.3014174515468333,0.0,0.0
0.18002250315612695,0.09260584419597875,-0.05590549931382645,0.28109934591413355,0.0,-0.06204354503546155,0.007487578090507697,0.28932110086441,-0.030520832121260295,0.3622932190218952,0.15846988126464115,0.17794828712041422,0.3050471489181943,0.2350336359530383,0.3865862372577798,0.2497486572877579,-0.08636210804469568,-0.053080890201706456,0.10669302101899253,0.13238054467976737,0.25004218993468696,0.06709607996032138,-0.02120884303650794,-0.00879636401783887,-0.014055290206175252,0.023746810913820783,-0.08094841085942478,0.40866820162024325,0.09577715111758434,0.0006851336400918173,-0.0010836657303881225,0.04022879513168795,0.21037880324593541,0.1276330024541505,0.19407706633873595,0.14658633042403052,0.34680786045115297,0.3029281975328604,0.21596052881529346,0.6190456308389358,0.40158844352790857,-0.012249945336364025,0.40090055482950565,0.5092989687064915,0.15918364241189512,0.0,0.09363895019483251,0.15069462608402812,0.0,0.5590634816696667,0.2937094226978302,0.3349391201574058,0.14474099680860625,0.27166715969302474,0.0,-0.09875980946032578,0.10805264234917528,0.13478504218273507,0.1266473319525961,0.051736288136648045,0.24974641029815506,0.0,0.0,0.2261847591837166,-0.37407865184023387,0.1623760451033442,0.8420599218663359,0.31007990896178034,0.0,0.20867911659703856,0.9181291749270051,0.22705584413854657,0.2622952700050325,0.36350925755277996,0.0,0.02493627261977454
-0.20200611112158431,0.016926224590195018,0.01569937268926075,0.10967085294535717,-0.06204354503546155,0.0,-0.004728865486134964,0.1328407593872113,-0.04283594948746609,0.2904745794311794,0.051105828813580334,0.004233497259899598,-0.021468152375572615,0.003220757363973273,0.06671007570954478,0.21116482285077443,0.3844125526966232,0.04421276447580379,0.08990429813939003,-0.19115587314944776,0.11182398763557459,0.01406428800621149,0.06123974511820077,-0.2277073745134704,-0.13332190853480114,-0.10908049072337994,0.10198089550641753,0.12267238060524463,0.08959974435161508,0.07936407131550764,0.03587136247657793,0.09777436616502072,0.22001840954810742,0.21099299701290297,0.03319417063853004,0.15807745194338382,0.10772775292885162,0.0679419233619951,0.2962556636225539,0.106436466696066,0.3058927217341097,0.07620555859753779,0.2562467987542069,-0.2753451767955831,-0.10349640652264477,0.12925651089761908,0.06214286281253023,0.059423824943273584,0.2706671594258007,0.05747911850426622,0.2317773897517454,0.1539667416893564,0.12549262909282488,0.09547259377506945,0.33869009213853546,0.18715454823856992,0.40202696652653086,0.17303559148475905,0.048724658835911,0.021475630703679367,0.09926497558366999,0.0,0.03462811374382327,0.07779223199339273,-0.028085643730165005,0.15050019876675427,0.09640031894897677,0.10780009553538683,0.22484605105671854,-0.10538289156569143,0.03400149994532617,0.13197094059441952,0.20817396133702432,0.1719840979516435,0.23745816406089867,0.24369335253593055
0.33364282322688255,0.05603605746942078,0.06957786231578503,0.15917741168069086,0.007487578090507697,-0.004728865486134964,0.0,0.024758943689107554,-0.11201784382060077,0.13152569390530638,0.08990559617650029,-0.12630809128326545,0.12125373885511098,0.03409242776075119,0.2243050477578331,0.10826890800083262,0.05158070195043367,-0.015066736646693168,0.041528394002542476,-0.04994224612729494,0.14235825493732093,-0.037541062764320066,-0.006559684305181501,-0.07550576732278726,-0.0914256998954112,0.1355493263471089,-0.030931313915844624,-0.15035640760794308,0.013752510527035952,-0.05604204680113542,-0.05349671371786552,-0.0750519367211823,-0.01719339709116044,-0.2284774359170822,-0.10846879727067614,-0.014628511163175883,0.11189137482910295,-0.07728499753839642,-0.08764991194987523,-0.2132723198480041,-0.034884032959044665,-0.2639028484266161,0.15995885824918515,-0.4583663655182999,-0.030419397846404933,0.0,0.22865286265685028,0.19074743273620876,0.0,0.17046823432384992,0.07169492132441693,0.08546810577162804,-0.01926491424795143,0.06697235373715521,0.21500912087374935,-0.16739436454929263,0.21444473320785482,-0.009641601466276947,-0.16486481224491928,-0.16525690435664347,0.08414927111522998,0.0,0.22081708790673282,0.16995058471602736,-0.1449733930795188,0.3294242323407914,0.36417355220509817,-0.033089758526086796,0.20780006662815417,0.3647615522790844,0.3392044403003111,0.019260884468982636,-0.09784632314802022,-0.042608122813956074,0.2049128408009869,-0.03141038505557983
0.22587678875673128,0.1337904447203082,0.15949619384614933,0.17034139832628892,0.28932110086441,0.1328407593872113,0.024758943689107554,0.0,0.19079766245073249,0.25896410139863624,0.2764961192878244,0.23967572714462307,0.04510825750156276,0.2573849572771612,0.5553247131479793,0.2703229828180787,-0.059480615073989336,0.36268523034218486,0.2359307083320622,0.23706035190715713,0.21818307268940307,0.01738612337329552,0.1815073349984366,0.1519075520422818,0.30984546865824053,0.1854082721295483,0.05726827708008329,-0.051029091486130954,0.075114244338425,-0.07226512806511226,-0.1143950800005632,0.36023751171022633,0.0324906715891058,0.04746843145119209,0.12029695070533665,0.6357119493631341,0.3782466399664756,0.5318962302317995,0.362393098973916,0.1681962702997592,0.23876999941064664,0.24131643736254493,-0.11434285396726106,-0.4377645268915261,0.0,0.005851777430537726,0.16737891237890706,0.03793967443596261,0.0,0.19304400812586606,0.26540741533102263,0.06900489760678225,-0.052421242489562855,-0.05120936439661798,0.28516018277211724,-0.14894233417897074,0.37896379228662,0.17054985157667216,0.3878459091804645,0.18907337650284384,0.12653087322443984,0.0,0.29037441708523976,-0.0766774071756671,0.1624745067062897,0.15712161428235744,0.05839829559434083,0.025933593751287842,0.0,0.5470705082819489,0.20778504515950197,0.018043729614919166,0.12979242083190043,0.15110704934217792,0.07946778657520213,0.08198915120086238
0.1976668273970165,0.036784594721761155,-0.07566447417155295,0.03945505188642935,-0.030520832121260295,-0.04283594948746609,-0.11201784382060077,0.19079766245073249,0.0,0.18821595854556233,0.011453474021776128,0.08187383026011873,0.12864328810197848,0.1666037580322126,0.11001353121397323,0.2813062558208163,0.23676945896158325,0.26751021443476697,0.07937783962615896,0.03232073115408975,0.08787635015779033,0.0904164603998858,0.0003500956786232842,0.09597194795652589,0.08743669288163305,0.4598045553449044,-0.027366748936999617,-0.0739904578399812,0.026937913181340728,-0.03493889192489197,-0.021044491371774873,0.13679439298699111,0.17996494654900214,0.10161680313676222,0.01581596366951178,0.22359634367695735,0.11484293722045576,0.19012992711914717,0.1001263030443671,0.2091611478983022,0.13991965523209085,-0.07595822552646829,0.12016373752532096,0.03404821479964746,-0.10057111205727068,0.0,0.0946332326831192,0.10857306903467051,0.2072507590072902,0.0891397212107507,0.13828786526954512,0.11443366101542493,0.19859925951806226,0.021452544952097967,-0.16342559196007073,0.17285314886959408,0.08076934389962814,0.09100054925965217,0.13963518910755823,0.33455748048693856,0.10511802510897,0.0,0.0,0.1238976063713049,0.33815051797048684,0.08991071422000212,0.21649556941582065,0.09788162001713317,0.16400244069350448,0.3030144481003276,0.02692165494041785,0.11847866164358482,0.11208635579797116,0.18669005629379143,0.32073274405390934,0.21097423534777443
0.10193845045304678,0.4249824101144369,0.196245965762854,0.43092544245530584,0.3622932190218952,0.2904745794311794,0.13152569390530638,0.25896410139863624,0.18821595854556233,0.0,0.3510262240087547,0.1758090455486421,0.17314140851199178,0.2733441449348369,0.10666061029922663,0.213987726628188,0.24641595903528635,0.009312553399274887,0.22968835039416738,0.0682565830968344,-0.04898913180667445,0.20055449904087197,0.28247940631613355,0.15540967922610274,0.09639719449239417,0.0767726918348053,0.16299568136766573,0.2952132613060733,0.21623961577466835,0.06281893437643479,0.2219798794726441,-0.07513698080919612,0.05376003386683727,0.3641114641508679,0.2134069227962568,0.4643183437221713,0.4480671361796178,0.35180397986072837,-0.007314885566163387,0.3045340825982674,-0.0189273052058174,-0.11208043845643144,-0.19399056278586474,-0.16602370731772328,0.20151619987887726,0.03629411518116435,0.3109400691538725,0.18567193099682983,0.18230285299639348,0.14829341812504823,-0.2030793312128005,-0.23767895784670956,0.24710999403175046,-0.3280345916519355,0.12512189350560138,0.3150312775309631,0.07884592531698337,0.029513649222634934,0.0,0.2176516428254313,0.28071991146365977,0.3573670923715107,0.34131707975493136,0.20551311022220153,0.2169073414646553,0.2744775336368353,0.3254882305409494,-0.018708120765864124,0.012327554848782753,0.3489179328334687,0.14730351086426274,0.31309806100462684,0.026177183330383907,0.25253850615135087,0.0,0.22986480043974766
0.1448662635338056,0.0846508148191428,-0.057561483344833096,0.30825546889180616,0.15846988126464115,0.051105828813580334,0.08990559617650029,0.2764961192878244,0.011453474021776128,0.3510262240087547,0.0,0.1802336425278679,0.1983313569759126,0.23130090917629748,0.0,0.19054466458636285,0.3912892298081144,0.4623939234070562,-0.10730707725679461,0.2493183881659338,0.19316087183542713,0.1372975869990242,-0.07929289181922138,0.015926983633958093,0.4730643276982575,0.4585531748929954,-0.07970165754450274,0.2232886365220601,0.280040833665571,0.08676355384386339,0.21928036964632752,0.14951191120429222,0.1661134232106669,0.3076599575021869,0.291413220794825,0.4086716145628661,0.29995836402617676,0.23293524732246082,0.24209681664102684,0.8510065335289236,0.1709351551090663,0.20256292035550735,0.14019362669686125,0.08003873907330541,-0.17114476859553426,0.0,0.0,-0.24810294412364056,0.23653450646089652,-0.11283644708711943,0.2688690647500188,0.01652809501124207,-0.1599761132085125,-0.06338196093308912,-0.37896751799316314,-0.12978760280364018,0.00919043438242119,0.15365456091155444,0.2537875080713371,0.0,0.0,0.0,0.0,-0.07476536260361116,0.19393356460928124,0.0,0.2243498276513691,0.16225283292317494,0.0,0.0,0.4660321632210901,0.13556904967010666,0.1482656031425334,-0.0944644284745385,0.0,0.08888707412009117
0.09993013078893365,0.10427881059292954,0.1645530804525801,0.05093357336484189,0.17794828712041422,0.004233497259899598,-0.12630809128326545,0.23967572714462307,0.08187383026011873,0.1758090455486421,0.1802336425278679,0.0,-0.038082717988109714,0.19714864387952455,-0.04649514690506364,0.19122641632319948,0.25328395205354637,0.2682091284639124,0.12293584718721351,0.16053415412350425,0.08933378737712418,-0.11998681133454628,0.20670299673241363,0.11725133264382034,0.1433541403635242,0.03694432120778049,0.09225380442493399,-0.16219658194312525,-0.011412683956266559,0.08649706104613725,0.1294452924262492,0.026934618248087266,0.021589305353514388,0.06709156872651376,0.30921254808825754,0.5098904850801373,0.13090582942029677,-0.01868324286618278,0.2109502843065857,0.29085695428573727,-0.13130623233395505,-0.002117782992740916,0.07681535033465027,-0.2994264616535972,-0.04327146412024759,0.04116778630421723,0.48979775758292854,0.2227854549424308,0.21734760151304847,0.21483316058750476,0.1629833575333529,0.17689059318534042,0.15328859661579064,-0.02538153552125662,0.08200788688062506,0.022159184316252186,0.18018217883879667,-0.21544710408898884,0.21468279027245765,0.23027889687165234,0.3004161648376623,0.32664607367814613,0.34280511439730216,0.17087310282697785,0.31413865363149274,0.4163799853174872,0.12883595076124157,0.5556285978266181,0.004941986369112183,0.2724906139739979,0.14328127425627574,-0.02350079596070173,-0.12221017138022333,0.2455473431949055,0.0,0.196405237138367
0.18104263513384025,0.08083332713135118,-0.001989974045466053,0.35413694654430733,0.3050471489181943,-0.021468152375572615,0.12125373885511098,0.04510825750156276,0.12864328810197848,0.17314140851199178,0.1983313569759126,-0.038082717988109714,0.0,0.19697740058170343,-0.02953321946697006,0.1007747436209442,0.09396164922675156,0.053370250123126434,0.05863608642783579,-0.13899503991981316,0.09323303078883997,-0.033862680043134946,-0.012921408323494823,0.026962973475246593,-0.070544859110828,0.07287925981836466,-0.024305111178695563,-0.06375288101294892,0.07005922408376677,-0.09040202369198715,-0.1400671171458741,0.02196071023023402,0.14452921632291524,0.02352275789284082,0.15426717521039837,0.18525133299679436,0.078785348482597,0.07730296243807072,0.1536756421740784,-0.13147245669581037,0.23185430498588236,-0.016269675578162786,0.15459120753016692,-0.20741811741456456,-0.16397354179765689,0.20069307863631602,0.32705386992670343,0.041770052134812635,0.0,-0.027657537700653892,0.06314366524764059,0.057377485781663636,-0.04970195396366339,0.05137390581656766,0.10729768908156162,-0.1604025345536179,-0.3255812246843257,0.11869302349992326,-0.07012394735978635,0.055057435521026474,0.11733539115875287,-0.021852116742921455,0.042602315882449664,0.12617119724712295,0.01700767900374978,-0.05453666482536141,0.19045741861098886,0.01046568703422153,0.14268273825316155,0.3448343323744438,0.20535246548886488,0.06681058921639675,0.2134467103995533,0.09571631535329198,-0.14590148002452896,0.09323737261970694
0.17346364499041825,-0.35165145514513707,0.11685886346704877,0.4719104229421759,0.2350336359530383,0.003220757363973273,0.03409242776075119,0.2573849572771612,0.1666037580322126,0.2733441449348369,0.23130090917629748,0.19714864387952455,0.19697740058170343,0.0,-0.04593057094861689,0.29943366284436923,0.20592993602197923,0.16448935298302195,0.09587461796558319,0.2929296256313324,0.296953597410716,-0.07423687845211493,0.21351664067138992,0.026259284364349537,0.560982713237888,0.13899051551210548,0.1821648759143392,0.2402201212985152,0.40476615481434686,0.032233244927751814,0.1703187312146449,0.1783232261365686,0.09987914646271273,0.28355266082019237,0.12163870377943617,0.13477045783939343,0.19097177771897897,0.30578722198387065,-0.043513382601735914,0.0,0.27497048515719935,0.9220961995504041,0.2907418712900653,0.18292690011506824,0.0,0.0,0.0,-0.12763149630762466,0.0,0.1532953770441759,0.2721842840721974,0.1378966664662968,0.03398910322413848,0.019425861661307067,0.0,-0.3759956976801662,0.1430998304499062,0.26990690119689065,-0.1760068441715487,0.0,0.0,0.0,0.0,0.18665280700293926,0.0,0.0,0.0,0.1135026414384363,0.0,0.0,0.0,0.2321640098732183,0.1625747948101193,0.0,0.0,0.0
0.11568911212585713,0.21246026394938516,0.2482651873219689,-0.5560562839604637,0.3865862372577798,0.06671007570954478,0.2243050477578331,0.5553247131479793,0.11001353121397323,0.10666061029922663,0.0,-0.04649514690506364,-0.02953321946697006,-0.04593057094861689,0.0,0.15818325303067385,-0.042230560104899534,0.027755844688145796,0.0,0.018805501803213245,0.15023621762943334,-0.2281299012498402,0.05752433055161384,-0.08577910819298616,0.2896765588298854,0.12502902578076408,0.05213128449689845,-0.085529405653191,0.03915807036716376,0.13555935767687152,0.012517653172416996,0.0697300327227641,0.1246384448940736,0.028555653304023203,0.10536188016347176,0.27879167216336975,-0.16093367542441944,0.14525488963646283,-0.07907571888231951,-0.1022125886997645,-0.02184054038276552,-0.015118273234629661,0.4047131026770497,0.2949083814971627,0.0,0.08062460713994075,0.014013983673315182,-0.024566751146290908,0.0,0.0,0.14123759398055358,0.2422444954268038,0.1823814325572566,0.18319756087755112,0.0,0.0,0.12047529930471929,0.21268323577562231,0.20875414860615696,-0.08904631876832528,0.17758647737261732,0.2515109497968722,0.2685956113379589,0.0,-0.2903427982585774,-0.0019163420549267035,-0.11495548132859475,0.16428068042285626,0.2047717505655477,0.014012663796912614,-0.0494499388049852,0.07827276639878725,-0.02972560825636031,-0.040189350337962546,0.05194826805775366,-0.05175245628657806
0.31956045302974034,0.1061673154591163,-0.10236636475793157,0.03814226607178402,0.2497486572877579,0.21116482285077443,0.10826890800083262,0.2703229828180787,0.2813062558208163,0.213987726628188,0.19054466458636285,0.19122641632319948,0.1007747436209442,0.29943366284436923,0.15818325303067385,0.0,0.16452339709222086,0.21550084727273736,0.25265760618314614,0.0545064029608089,0.20639582924068528,0.15113313293119054,0.16127005637896424,0.32008878350076064,0.22534972142471926,0.09647264303629531,0.007638496848004939,0.04089957811250526,0.07523605458184028,0.1221258761677718,0.1483129296637384,0.22711328681763718,0.014976936464526636,0.09969938715708757,0.30035926819604475,0.28093342032370644,0.020431857936017744,0.37739137387840704,0.5155595778126197,0.5235564691094106,0.5233082832414547,0.6005857815844902,0.20642904545296628,0.0,0.0,0.1638149131823312,0.16965410659301094,0.0,0.0,0.0,0.20184721778143716,-0.017970705993437325,0.4362051396180094,0.0,0.3226651724120366,0.0,0.2819312039807441,0.13005501171092995,0.0,0.07793266519595521,0.40721706002983676,0.34255517935865537,0.3441741282933231,0.0,0.041181264643395284,0.1588706663319592,0.3239433543154619,-0.006687180107997029,0.06632339990621464,0.29141029133137036,0.23195680625333306,0.16066593672452245,-0.01646193420920846,0.16518589099918007,0.0,0.3313883157465555
0.0040617353699405195,0.1420815881499345,0.2805094104401824,0.30944454224505835,-0.08636210804469568,0.3844125526966232,0.05158070195043367,-0.059480615073989336,0.23676945896158325,0.24641595903528635,0.3912892298081144,0.25328395205354637,0.09396164922675156,0.20592993602197923,-0.042230560104899534,0.16452339709222086,0.0,0.23255370908006254,0.3146253330934573,0.12783276905905944,0.025740364768972394,0.2525124248769394,0.2536596806609202,0.366887631999891,0.12276813669210948,0.1365132711726555,0.5571620507863975,0.2728323269690938,-0.04508732236835393,0.19961032120977124,0.1996706114363703,0.2807506066660244,0.24335747926890414,0.21085707088552932,-0.022482079896736895,0.054252267281414704,0.15770035331328727,0.3670263640865224,0.7806974797734303,0.3879700091463629,0.3864121404190232,0.346315889644676,0.0,0.0,0.20982535608244085,0.5576567420068405,0.3809158408543075,0.0,0.0,0.0,0.0,0.0,0.0,0.0,0.3382053295554759,0.0,0.18227348537543436,-0.03022187800235255,0.0,0.2538140629969418,0.30175088692774876,0.522636874355912,0.475536080796899,0.0,0.0,0.0,0.5558195035649914,0.0,0.13939461225876432,0.5065147053265948,0.34038619001490383,0.0,0.02706307317374113,0.20659743065944544,0.0,0.5125852971875945
0.3026156947956665,0.17438247730047116,-0.021596772482339766,0.2061600145217796,-0.053080890201706456,0.04421276447580379,-0.015066736646693168,0.36268523034218486,0.26751021443476697,0.009312553399274887,0.4623939234070562,0.2682091284639124,0.053370250123126434,0.16448935298302195,0.027755844688145796,0.21550084727273736,0.23255370908006254,0.0,0.16863896303337375,0.07500100946231718,0.4485682420849258,0.10506197003919403,0.22086875500833897,0.2687311320071917,0.12716908052285344,0.09505828414204985,-0.2565644822219085,-0.006666226777332165,-0.02160012611947206,0.04067521873965867,0.1322075859983163,0.3234810899753717,0.16636286080134308,0.1459270826844029,-0.1145920360159102,0.12296994903300922,0.17337299073439003,0.3594114116982149,0.6998715244694915,0.4709226181955759,0.3449279158214422,0.5660401661864023,0.0,0.0,0.34460994481434737,0.23501414496424644,0.2606595316776933,0.0,0.0,0.0,0.26580335424187884,0.2226272121080799,0.29615065771430327,0.0,0.49734297436870145,0.0,0.39445224048488053,0.12498873938140043,0.0,0.17144176166598826,0.42214030689893467,0.539191723725278,0.4331356556315291,0.0,0.09685855430481467,0.4042382636868186,0.3978769742648549,0.27021802981686427,0.12130939805467339,0.3917070779598858,0.2993670655053404,0.04991297642443861,0.1804964557533755,0.23883883302831777,0.0,0.4903073144038632
0.0,0.22211921805582308,-0.09280986059197183,0.149742074022096,0.10669302101899253,0.08990429813939003,0.041528394002542476,0.2359307083320622,0.07937783962615896,0.22968835039416738,-0.10730707725679461,0.12293584718721351,0.05863608642783579,0.09587461796558319,0.0,0.25265760618314614,0.3146253330934573,0.16863896303337375,0.0,0.17278324992801372,0.2529649075409927,0.247239252002657,-0.007199220362862288,0.252716894200643,0.3521738011224704,0.26747057759777015,-0.07615095820319409,0.06431824013329832,-0.04843157266640488,0.14323772612963023,0.07396829060244388,0.07176443860745467,0.14203063060414522,0.24228279010828752,0.02743968576225147,0.10175389986762999,0.10308980954468902,0.1125893466038651,0.2723667856265967,0.19498557325396998,0.28707641835307723,-0.06451215688489288,0.13770968490762153,-0.11444276203938426,0.020759354873686235,0.0,0.0,-0.21306215936242348,0.0,-0.012156076877720877,0.12730546705068443,0.017476037406384336,-0.01715970616265103,0.11142844731042582,0.3296363195025747,-0.3519502146729038,0.010719846558482467,-0.012591934287225395,-0.1486070142685506,0.0,0.0,0.0,0.0,-0.27794475396221735,0.23747738930526724,0.0,0.2227841248196816,0.11545758996060697,0.0,0.0,0.0,0.06425396060081805,0.18813871100967816,-0.11915221566343095,0.2406663113359838,0.19115627088250872
-0.044422918871721055,0.08365303650415051,0.03414003221473115,0.07007061493110768,0.13238054467976737,-0.19115587314944776,-0.04994224612729494,0.23706035190715713,0.03232073115408975,0.0682565830968344,0.2493183881659338,0.16053415412350425,-0.13899503991981316,0.2929296256313324,0.018805501803213245,0.0545064029608089,0.12783276905905944,0.07500100946231718,0.17278324992801372,0.0,0.03288076698280709,-0.17235952098332588,-0.18739223071035407,0.1507949319003138,-0.05416527002596887,-0.04092666179897607,0.025842985777387875,0.014087153246703742,-0.001307356634996126,0.2526855399464986,-0.016288654478743142,-0.06973237584704517,-0.09355275409397987,0.004641949944859091,0.06218996043165141,0.16122654623231467,-0.046342898610025045,0.5885644419741566,-0.07891007691527127,0.13823157493723318,0.21511460833733462,0.021262413260823128,0.29198325388950963,-0.031739030875740336,0.13929715198803042,0.08405568193669255,0.15016377585517557,0.07831213850619823,0.0,0.0,0.14719761668429787,0.1782339399999402,-0.002117746915026711,0.18820400569966222,0.33619578970852626,0.0,0.09521071068020065,0.14938327335146892,0.0,0.054262193237844036,0.14406526054415741,0.20605612398063242,0.2956084366207356,0.0,-0.027553708136021385,0.007406386923368639,0.020547937518580264,0.05646562754391003,0.0,0.3997874267022977,-0.03875901761832411,0.032935307064884234,0.06931961165410114,0.04603605796924526,-0.05055547538182288,0.04760277951419463
0.10532361926657396,0.18068925880293318,0.1889019941697735,0.14425446774183373,0.25004218993468696,0.11182398763557459,0.14235825493732093,0.21818307268940307,0.08787635015779033,-0.04898913180667445,0.19316087183542713,0.08933378737712418,0.09323303078883997,0.296953597410716,0.15023621762943334,0.20639582924068528,0.025740364768972394,0.4485682420849258,0.2529649075409927,0.03288076698280709,0.0,0.0731001336171275,0.09587969357235464,0.08700542025159476,0.2726680707935739,0.15273796329453407,0.03479237160378329,-0.03042032930734661,-0.03794263063053642,0.024955828585219553,0.09054862388862138,0.24397173863378765,0.3298805425329643,0.039888237319146994,0.28458469257206936,0.16932722912913614,-0.05900493188174726,0.19920134409097356,0.13950357717373982,0.2281691942514377,0.20692320315433038,0.1679967942599097,0.10479171587931918,0.0,0.0,0.18697825046012068,-0.08207430932715157,0.048953829187503434,0.0,0.0,0.22244101934151034,0.03446307632279516,-0.19613188724532976,0.24977278773401024,0.12184055174252965,0.0,0.2566709925656487,0.06147473821700175,0.0,0.18209829821368206,0.1695403122052717,0.0,-0.08985640142437348,0.0,0.016815727831659494,0.2838115214332665,0.14323535810974414,0.0795953560501719,0.29015450221195976,0.21527025343038714,0.2843373214367142,0.10099864201140324,0.15248927998926012,0.12063659162903234,0.10044330330017896,0.08012056458841559
0.14418574884055307,0.12769717243820816,0.024638773687464074,0.0445465376323431,0.06709607996032138,0.01406428800621149,-0.037541062764320066,0.01738612337329552,0.0904164603998858,0.20055449904087197,0.1372975869990242,-0.11998681133454628,-0.033862680043134946,-0.07423687845211493,-0.2281299012498402,0.15113313293119054,0.2525124248769394,0.10506197003919403,0.247239252002657,-0.17235952098332588,0.0731001336171275,0.0,0.12844219061742657,0.21084621615661356,0.08429080772552297,0.08357473549560268,-0.039758530978730014,0.0018018569163611095,0.006061458296701723,0.1394211821105416,0.07329212411822057,0.15011636988099214,-0.04519494482901653,0.12184791295440627,0.10902625139658369,0.23826881341425873,0.1309696508369515,0.1270491167737136,-0.013869419492473434,0.4064980216389691,0.268732884852721,0.2605258624755158,0.3528415894951737,0.2580568273256301,0.17272087175438722,0.2288430602686307,0.0802200056997901,0.14420053759837015,0.20725726877868333,0.1990489311522223,0.23441842710135036,0.4551205307113579,0.0746391373958121,0.12704935571240017,0.08527714915233368,0.0,-0.01716253313796901,0.27435277867669855,0.0,0.09397974625123229,0.36516451371045444,0.2541330941237982,0.25281151138167696,0.0,0.0287630048850806,0.06449509885752125,0.11618777422103402,0.0681175970478602,0.02693188950365296,0.2200239550557591,0.03250507036369395,0.03978447931866438,0.17133073117187808,0.15926007665349895,0.24596243710187934,0.32872904323743457
0.11728181080266488,0.04643525997233676,-0.0197773081978834,0.2453219308948165,-0.02120884303650794,0.06123974511820077,-0.006559684305181501,0.1815073349984366,0.0003500956786232842,0.28247940631613355,-0.07929289181922138,0.20670299673241363,-0.012921408323494823,0.21351664067138992,0.05752433055161384,0.16127005637896424,0.2536596806609202,0.22086875500833897,-0.007199220362862288,-0.18739223071035407,0.09587969357235464,0.12844219061742657,0.0,0.13005195812863096,0.11679323840884218,0.07241163509090709,0.02222809820428703,-0.02467871619380908,0.030285648782339407,-0.03385689345735524,-0.005845088670805618,0.07955086280663483,0.05027875170437002,0.09391867978890106,0.1209766314195004,0.2552133855721346,0.10636441726747536,0.15910187525632769,0.2171394328665091,0.17578363912888995,0.2446530372944545,0.3955867204080804,0.2566207934948836,-0.1877013503702206,0.04531060706686877,0.20130698483913126,0.05077250543272542,-0.6286270799940552,0.31282041398697713,-0.0949740536202503,0.2120705719167334,0.10941642848422953,0.05371825157470982,0.08830514257634531,0.3603413892728635,-0.48420957123659814,0.46932869127852406,0.14096199090985576,0.018951372988109796,0.17262489230989558,0.03451801686849195,0.21690734146465324,0.3563989786398498,-0.6585531590334269,0.12913085617609807,0.11016851166161906,0.15536019601839102,-0.0717817819429319,0.1515434749067636,0.15426802997809447,0.08532249265284507,0.11699258000269662,0.1708706105156196,0.16733492064412442,0.17182099213499996,0.18512680843681031
0.12691942298149494,0.1987972918292545,0.1559426849832254,0.10143367435426667,-0.00879636401783887,-0.2277073745134704,-0.07550576732278726,0.1519075520422818,0.09597194795652589,0.15540967922610274,0.015926983633958093,0.11725133264382034,0.026962973475246593,0.026259284364349537,-0.08577910819298616,0.32008878350076064,0.366887631999891,0.2687311320071917,0.252716894200643,0.1507949319003138,0.08700542025159476,0.21084621615661356,0.13005195812863096,0.0,0.1733722806980646,0.07426993874772021,0.08424218436862863,-0.10524216468732493,0.36028847299288064,0.1828118802160818,0.21220007151802592,-0.012434521233012912,0.3690584743349779,0.22443828309830868,0.06669463232584646,0.02644077615708965,0.10309219799570966,0.31204752982467177,0.09722404666426185,0.3184132422043416,0.056611774584910714,-0.1688657558582958,0.11962910101004862,0.0006832273355833708,0.22124780845456282,0.20879164190728824,0.05413987438454145,0.0,0.0,0.20405592851267584,0.19647565754633267,0.163710108361427,0.0,0.14122987432094225,0.07905056844286082,0.22130165150367645,0.07257833928190754,-0.2860412362090201,0.0,0.15790620191838184,0.23380805401315072,0.16955204861314804,0.18840302950403054,0.21130240019085283,0.14309048445181055,0.023964791554043144,0.21413409445178722,0.24917902015256863,0.038440312141982666,0.10581935095131592,0.0720597462337587,0.1062975605513093,-0.3429148820774632,0.2415819735069169,0.0,0.2207275669672884
0.19448541244927361,0.04217462151855352,-0.01838241120967661,0.3341656172348968,-0.014055290206175252,-0.13332190853480114,-0.0914256998954112,0.30984546865824053,0.08743669288163305,0.09639719449239417,0.4730643276982575,0.1433541403635242,-0.070544859110828,0.560982713237888,0.2896765588298854,0.22534972142471926,0.12276813669210948,0.12716908052285344,0.3521738011224704,-0.05416527002596887,0.2726680707935739,0.08429080772552297,0.11679323840884218,0.1733722806980646,0.0,-0.019325788438267155,-0.20449917247219876,-0.06844351005797229,-0.12241233374461158,-0.19390255178451324,0.14919859531518292,0.2789283028724596,0.15302685908971278,0.12155915557744407,-0.12207429723950193,-0.011313830107792931,0.20996419568201086,0.2854868256173277,0.5229232900460672,0.48060196567514196,0.3558856951749883,0.46873693277653167,-0.09027341469072817,0.0,0.08953981170144677,0.15045707109118173,0.19743729295224452,0.0,0.0,0.0,0.1596414948910974,0.049350895487369505,0.5046504918097625,0.13333880283690308,0.33301103988191766,0.24792891127011701,0.22583816807007767,0.1359829699587535,0.0,0.27630255321465036,0.3697615488803643,0.43332771263758346,0.3820065628878723,0.0,0.29689434392796477,0.31490687465261985,0.37426205490986125,0.09825137532917524,0.000671355686423819,0.3107539547138849,0.17138782800291066,0.16036806200859122,0.22874562599480647,0.18672783915893346,0.0,0.41888443883016835
0.08703205135271536,0.04274633814936263,-0.26634569127588104,0.1713883782614304,0.023746810913820783,-0.10908049072337994,0.1355493263471089,0.1854082721295483,0.4598045553449044,0.0767726918348053,0.4585531748929954,0.03694432120778049,0.07287925981836466,0.13899051551210548,0.12502902578076408,0.09647264303629531,0.1365132711726555,0.09505828414204985,0.26747057759777015,-0.04092666179897607,0.15273796329453407,0.08357473549560268,0.07241163509090709,0.07426993874772021,-0.019325788438267155,0.0,0.0368710393331822,0.02226377682990581,-0.030177333594816294,-0.0784315824131891,0.07788106619828253,0.30744397620729796,0.06070559625155014,0.039715574589580055,0.1940548165028427,0.2456069074344732,0.08903983854218657,0.16249917923816817,0.14493712298283654,0.305903861643382,0.333028656559103,0.2502569334413438,0.14190637273356568,0.2186154251535684,0.379820031987586,0.10750393711185455,0.10617637627866819,0.3422814927138357,0.0,0.003692914430831848,0.06989690090015649,-0.2797976114957443,0.44459100126731654,0.1865075608418334,0.11705750522234953,0.0,0.03259701834533955,0.02898245700954611,0.0,0.11334298965099746,0.19266140433673384,0.2825540738249473,0.23403675520616865,0.0,0.22823596359145795,0.23122574405210153,0.16780192108790734,0.04906740975640894,-0.033319023715713415,0.14593080021391183,0.09676183173596326,0.0644558263518535,0.13821832423203934,0.137922630359473,0.24886139704286442,0.18854558898892895
0.08079372348902282,-0.06090064303365797,-0.017531501352700842,0.10170896663722609,-0.08094841085942478,0.10198089550641753,-0.030931313915844624,0.05726827708008329,-0.027366748936999617,0.16299568136766573,-0.07970165754450274,0.09225380442493399,-0.024305111178695563,0.1821648759143392,0.05213128449689845,0.007638496848004939,0.5571620507863975,-0.2565644822219085,-0.07615095820319409,0.025842985777387875,0.03479237160378329,-0.039758530978730014,0.02222809820428703,0.08424218436862863,-0.20449917247219876,0.0368710393331822,0.0,0.00015253622262212385,0.07678852470298497,0.030208337647913815,-0.06756661734262207,-0.0432200772120051,-0.08708617506222699,0.04051831967563162,0.031739683078228755,-0.038120781096729034,0.11290196288979731,0.15540979572884944,0.13095659402398435,-0.057614582185757324,0.2811197565122864,0.30314340904066256,0.34469804483044914,-0.2171377482631838,0.11225263243627406,-0.022882350901831484,0.18347933289682333,0.07584509487859316,0.2641602694904429,-0.03622105466287655,0.21139204938868617,0.10420821728685828,0.05205034930115341,0.10681608762126818,0.42983718007916993,-0.34437467652279913,0.0434871181139125,0.15849908754318343,0.32978923967724705,0.0315691267195129,0.4179012084255754,0.0,0.41976448222377427,0.10043545301757935,0.04218924307419031,0.038799402968559056,0.022224523855658058,0.08062760949199302,0.0,0.39963682775438436,0.022209549248398172,0.15278120729430833,0.15481137272668283,0.13585840798227172,0.061451508405248906,0.14924875238418325
-0.03436964779341039,-0.14243762545809788,-0.04385849053468698,0.0923583490195534,0.40866820162024325,0.12267238060524463,-0.15035640760794308,-0.051029091486130954,-0.0739904578399812,0.2952132613060733,0.2232886365220601,-0.16219658194312525,-0.06375288101294892,0.2402201212985152,-0.085529405653191,0.04089957811250526,0.2728323269690938,-0.006666226777332165,0.06431824013329832,0.014087153246703742,-0.03042032930734661,0.0018018569163611095,-0.02467871619380908,-0.10524216468732493,-0.06844351005797229,0.02226377682990581,0.00015253622262212385,0.0,0.10635838048001037,0.13778900155112894,0.031551039838101855,0.0369644584298892,0.12145100561544112,0.025144261757762895,-0.14057684606885734,-0.042724463752351505,0.03008445811903835,-0.12317440448352024,0.10336789054423917,-0.22898249044699684,0.0814679233273503,-0.08007170079996037,-0.03927899425641246,-0.2846613769193922,0.012180949352669806,0.1663698954428322,0.10841435123336086,0.07664068508727456,0.0,0.4969074494084129,0.11540651821643552,0.01765847166734028,-0.04669425080710331,0.11632387659194088,0.2756403999576467,-0.13657810058364073,-0.2735134825755574,0.03794787412399342,0.21033625904688083,0.03656497406513201,-0.057576726795937914,0.14894385163904142,0.1664739666817864,-0.1779707586388612,0.03118988429386593,0.027356091046969518,-0.0067930771978174445,0.005256079651872525,-0.17929766287234164,0.08788016506003016,-0.01673280517737359,0.07349602395864334,-0.08677893077554645,0.06860961461719153,0.0012658097200308675,0.09619106323887423
