0.0,0.017300424757427213,0.02237296454190546,0.0,0.009557800893164103,-0.020529923185884036,0.026714405499370986,0.01265778095823783,0.011802585855811343,-0.0018574587861088232,0.010454217633783403,-0.0038780781209000192,0.015946615169374068,0.01291137362871203,0.012398732666963508,0.021772840737916743,-0.005568357394004575,0.023798561739027835,0.0,-0.01293344764103227,0.001962680524394411,0.010948183120185917,0.007901837390556998,-0.005790956916220613,0.0139647350868502,-0.0020402246163737092,0.009390506181692349,-0.011233321640408689,0.006063154693016437,-0.08302519251299556,0.018636377974988516,0.03619465553015677,0.037240442583939215,0.012137745692968938,0.012581177915009234,0.01521424206218458,-0.001387778120183758,0.017848022845587175,0.01825679769253208,0.019090769271026764,0.017389055399660625,-0.01818967031453067,-3.941478799246445e-05,0.0,-0.012116387989304311,0.004099690034209347,0.008172089227479529,0.0,0.0,0.0,0.014499891339800786,1.1102230246251565e-16,-0.004832108164002091,0.0,0.01679831718128383,0.0,0.011097816425440055,0.018029901396759807,0.0,-0.005458569737291141,0.02125073734466304,0.015251902559492436,0.013431125218011042,0.0,0.005582007890269136,-0.07958021994617126,0.030853281580067837,0.024289742575784923,-0.0035454207279246863,0.007456894933303926,0.010119239192434237,0.0030420579402845593,0.0006301110954409217,0.024080023576009857,0.0,0.019246303915602336
0.017300424757427213,0.0,-0.01883275288519748,7.857669579502957e-05,0.008903208446643385,-0.007399534462940616,0.0053778931023905074,0.0008840956322317406,0.002075707978921537,0.038238917376656134,0.00563881196725502,-0.003400789592930331,0.006061150405822058,-0.030062902381610024,0.01882614793995402,-0.006339375221886379,0.00030386740334154005,0.0037846706763575155,0.010754065847656091,-0.0009522861444294373,0.011947681782459085,-0.009533712543139172,-0.0007927903903870437,0.01068247245954651,-0.02288340270600503,-0.01401169338976671,-0.013902746107989306,-0.020013848199292195,0.0039996279245042565,-0.00988933709951656,0.012573739656998317,0.010362373023861615,0.004614469335099902,0.010219572044973979,0.0018260457605713265,-0.006066821811689771,-0.0018973761140242407,0.0,0.030228802093534124,0.04697335005806513,0.03480940872651256,0.04211041640034008,0.0051107763444720455,0.0,2.220446049250313e-16,0.016123226667508817,0.007364267761262033,-0.000685663474642717,0.0,0.0,0.014647638798729656,-0.0007203459113249711,0.01582084931196187,0.011938622146896949,0.010037628144428212,0.0,0.01098717144723399,0.011031915273462145,0.0,0.03395469550315178,0.01744268137552446,0.008578990431404254,0.012185339252402227,0.0,0.030193296789190693,0.023182496264071928,0.020220495637600533,0.01777552731725912,0.0013859948692556134,0.009931067057975529,0.012615438741375606,0.018689659875263664,0.0365258188501405,0.018089344921917994,-1.1102230246251565e-16,0.02806042551515997
0.02237296454190546,-0.01883275288519748,0.0,0.03102007939382706,-0.0113107608651285,-0.00724095678764336,0.01457958303982776,0.02040204263844253,-0.014627101677347765,0.02867614164571969,-0.03832245014032365,0.017318281901615717,0.007061310722398351,0.012331150466374452,0.02583469291944407,-0.016338308722383454,0.019754509293532674,-0.004052979835715176,-0.04106557444124842,-0.0019563992332215507,0.025690402701085302,-0.003730849741854947,-0.019606189082543357,0.009854005053614723,-0.020059403697203215,-0.02505766425856759,-0.01707758303875312,-0.0016946780597140165,0.03979754989906903,-0.010355923740005712,0.011405547039579522,0.016643150028301135,0.014650978571131623,0.026004023672078047,0.011750478509459872,0.01695677877624957,0.02025375072765262,0.02167405600719119,0.03116605883026835,8.07232044985895e-07,0.033529113900258034,-0.013930077854819478,0.01616103358830856,-0.018385346414513226,0.0,0.0,0.00020891098254172125,-0.15116215312930747,-8.852666737224624e-06,-0.08378722501287117,0.023158484027736792,-0.016377212698966415,-0.053030141260448416,0.03879442016413315,-0.0007787772701122742,-0.14838890629124601,0.007974735055869486,-0.010928620904976927,0.048393773831356734,0.00043713609396739406,0.0,0.0,0.0,-0.06334821394110929,0.01158712695015457,-0.0032350145875098546,0.0007104823092894397,0.00683645466370475,0.0,-0.00020197749025940848,0.020888084341263324,0.022304296470513352,0.008340925765950913,0.03507094074062628,0.008057942021371223,0.018536573405338097
0.0,7.857669579502957e-05,0.03102007939382706,0.0,0.032160767389608796,0.010898768171730189,-0.0038019603843709726,0.01224806784514959,0.009261273120701241,0.1456451476769766,0.037943742556716176,-0.012324450556906452,0.031836686296326355,0.05056029076485852,-0.07422583735698662,-0.0015865795846136121,0.015853288823767964,-4.0312291322952554e-05,0.01801968933046777,-0.00443837066369307,-0.0016995006097262344,-0.003043958198914898,0.018724456761926467,0.005340811220016395,-1.3515787428308723e-05,0.0005587744418886209,0.007199765974513661,-0.004476986815165229,-0.008431945520138984,-0.0016623869415049453,-0.006065685597437531,0.008642982404080124,-0.04501759440808922,0.0616502065738484,0.11471586080083479,0.03553303741560773,0.015281527436022152,0.02429858048116984,-0.02233662884924098,0.0007584833681892889,0.007928481970183143,-0.004660348476984155,-0.04312034346554933,0.0048004267079987395,0.0,0.0,0.0,0.002070636166754569,0.0,0.0,0.011787886787682944,2.220446049250313e-16,9.226004666507137e-05,-2.0581656811513582e-05,5.551115123125783e-17,0.0062174708790467825,-0.013115845975419121,0.0009493105841880678,0.0,0.0,0.0,0.0,0.0,0.0,0.0,0.0,8.134561240796812e-05,0.013343131929885954,0.0,0.0,0.0,0.010134405502732258,-0.004600570927195624,0.004118877027615764,0.0,0.0
0.009557800893164103,0.008903208446643385,-0.0113107608651285,0.032160767389608796,0.0,-0.011368681667280833,-0.004349682780475761,0.04843373201250856,-0.005720268602872225,0.041546540067814164,0.019672056494221712,0.013173856699404296,0.032146895165052314,0.03252917561766627,0.015728651078806832,0.022137229553543303,-0.0024773939798088396,-0.01182192346677191,0.02070191329554255,0.013946914570672098,0.03152882155774339,0.004932970447194374,0.0026171393706848067,0.002057476537615177,-0.016386318051821946,-0.002521912356032441,-0.018947978505854002,0.03547580022969404,0.007933598564744238,-0.003754361153669006,0.005978616549029869,0.008320996285877624,0.014593823510916093,0.02211145208709553,0.02797906278423906,0.010296146989016985,0.02965655070398643,0.033128002943998924,0.01552800958132683,0.01885265713462786,0.04900556538526346,-0.027376427704564943,0.06851026868591936,6.683151809583343e-05,0.0002607744852002325,1.1102230246251565e-16,0.0034599408600380355,0.03131998854478513,0.0,0.0966203533943657,0.03990746567885051,0.039475566986844735,0.02411209662524233,0.041667521756289405,5.551115123125783e-17,-0.03365033241555704,0.008916652299520489,0.01960423720359311,0.028859524283499915,-0.0017304419726971165,6.09625314367257e-05,0.0,-5.551115123125783e-17,0.03669243970278224,-0.01142573321310908,-0.00046800444346417613,0.027107597273820228,0.04659430674163667,0.0,2.5880833999070152e-05,0.03478186724020116,0.035047099459967423,0.03141578566475123,0.034461449223999574,1.1102230246251565e-16,0.014820926296466697
-0.020529923185884036,-0.007399534462940616,-0.00724095678764336,0.010898768171730189,-0.011368681667280833,0.0,0.0005594493756423957,0.014574143573978904,-0.019349032747664252,0.03476188715751871,-0.0004095782054932551,6.2825740966721e-05,-0.00947290874734702,0.004012854563045676,0.007042279043483701,0.01529066474433205,0.03404265104608167,-0.004827150022360227,0.012028175591362933,-0.040794274227112515,0.013388071146471392,-0.00696018103713858,0.00026776957420793224,-0.02769792411694383,-0.030275421915948064,-0.027969237653499346,0.0065478970361670386,0.004359335433911704,0.0035268272704661596,0.0055724932351938206,0.006630461923220421,0.010570753418360446,0.014153566602419676,0.021471684026551807,-0.002169034533199554,0.014886091475762697,0.011301560701833913,0.008228076743469648,0.03250422828059163,0.006436953588109751,0.04896298794375392,-0.011715406338411838,0.02760962341657236,-0.050350201013684204,-0.01636778079471668,0.005352973086514168,0.006086313385328113,0.01391109499918708,0.010591984670000054,0.010605457449749833,0.033431940284808614,0.02508238272407992,0.0156770968029874,0.023728665715015307,0.02977161155380187,0.02928299542590429,0.023080164791282443,0.026860557750874703,-0.004769772760816693,0.007858957301951686,0.003809245632809488,0.0,-0.007627673869109175,0.011163898721209264,0.0005549268334452684,0.0287285242102735,0.0073894992242821145,0.01731932238939804,6.839750088238894e-05,-0.009398348423312164,0.0053148847959533785,0.020768126670611453,0.03223753080561331,0.024798059665518346,0.031494474965293284,0.03520309392950782
0.026714405499370986,0.0053778931023905074,0.01457958303982776,-0.0038019603843709726,-0.004349682780475761,0.0005594493756423957,0.0,0.009180409763058839,-0.014511641917718976,0.003983530118304657,0.019004978821825114,-0.031158197388173547,0.005495514297836568,-0.00422613000433858,0.016877666106619116,0.01112692469192944,0.0009209049652741386,-0.009472763108041793,0.01566104797769191,-0.001415384993036617,0.02363665729741876,-0.003933860209394124,0.009299871031349827,-0.034719922903624745,-0.020766860557455358,0.005647400787298751,0.003712150240378409,-0.025247757969822593,0.0012617414513497183,0.0008806742955286828,-0.004337131697079388,-0.008412841217511013,-0.011105402991250235,-0.02543036836548107,-0.02132322044873708,-0.011141800296961157,-0.004856705807028683,-0.027995575003209316,-0.044515026910372235,-0.060269501687428395,-0.05057499966934087,-0.11092633492237075,0.017491077082930018,-0.1202614220458662,-0.015490035926691292,0.0,0.020647607560540293,0.03579236711573863,0.0,0.023872480068139745,0.020607350760931953,0.015879716416662748,0.007085874019894967,0.015163754005317998,0.009075211639006486,-0.022103613702976255,0.0004128445086969412,0.006045410647050886,-0.01659620586369487,-0.00795962391808791,0.0042061864201421995,0.0,5.5956330164308454e-05,0.02200264477151148,-0.01613981803966913,0.015449974793855958,0.02437074297932479,0.0062359405828209535,0.0001243624810897681,0.021322829728362358,0.029955353073835733,0.011589021845122838,-0.0066141740307185115,0.0076422911681368055,0.00941589348899341,0.011229457945226673
0.01265778095823783,0.0008840956322317406,0.02040204263844253,0.01224806784514959,0.04843373201250856,0.014574143573978904,0.009180409763058839,0.0,0.03211833362886385,0.0265787880787145,0.04248215989936488,0.013383502402804004,0.012376610802873333,0.020813077380314793,0.08874990571226343,0.017941874761355336,-0.005600879708984763,0.024602026254670006,0.043370324952544226,0.0344561495829499,0.020278600882361664,-0.0067836953265211775,0.015284603176201228,0.008626179626579189,0.020753657954030114,0.006347054215114389,0.00644167413667196,-0.00611737483606517,0.006190160374408005,-0.01455022612687823,-0.011354521086125724,0.03855939834442457,-0.026425004534773366,0.008539875086927773,0.007871364105142553,0.08776363590538899,0.06815537208644645,0.05594523354518255,0.034285179573180835,0.024283478364706346,0.04141720491617684,0.032741640946900796,-0.016641747303911825,-0.08023594322316058,0.0,-0.001369075114096563,0.022554074829736592,0.007279255032330512,0.0,0.011165906171961448,0.04168515788663035,0.014285361632248417,0.006470612411192456,0.004553527215160003,-0.0001619543357824771,-0.015488344891968708,-0.00010185064753970297,0.030315834858664847,0.06144292156348019,0.02721407091557415,0.007220144344080637,0.0,0.00026105565349143767,-0.030891903391601194,0.022523490251824152,0.03337022339810519,0.011114369238325317,0.006490276432587372,-5.551115123125783e-17,0.03783401144841381,0.02941022992722986,0.009566602458244422,0.021319709974204293,0.02268795507965521,0.00909424349128296,0.015970766579668394
0.011802585855811343,0.002075707978921537,-0.014627101677347765,0.009261273120701241,-0.005720268602872225,-0.019349032747664252,-0.014511641917718976,0.03211833362886385,0.0,0.030402607671107418,0.0031590724014959326,0.017206131517176593,0.018022161215624333,0.01858081081726992,0.008770442864581007,0.0270643746034549,0.027215027782512113,0.017973015839429063,0.012270315980462743,-0.0023502101655170082,0.010154958785617507,0.007916062090751186,-0.017260182798328083,0.008560674103227972,0.0007743480710558637,0.04979130267056886,-0.013701847003067813,-0.0019417238960476868,-0.0012656167912440952,-0.018562026676950116,0.00800257875063548,0.022444433744919223,0.020980058315357597,0.022360398720728647,0.00648142068087465,0.0317511498683517,0.0224792701900014,0.02621358750430597,0.021984332588132427,0.002672247071129452,0.02389736750751248,-0.006254993698803224,0.02292430088293218,0.0010609783640825876,-0.009908393066358712,-5.551115123125783e-17,0.011649771445403856,0.020227979540397345,4.252862609743779e-06,0.010843755014035783,0.028668142278076347,0.017545339372336377,0.0350174595925794,0.009365542242303126,-0.0109169447064974,0.02327215296340246,0.015023507437938455,0.018262260181631573,0.023930015151895412,0.022286211033931635,-0.0006588370654113107,0.0,0.0,0.004271979758754485,0.02117046028530667,-0.00942491541984003,0.009747472361115672,0.017148044203182056,5.2341353143470215e-05,0.011395956972754917,0.004875070886014243,0.022476945160587403,0.0238147702188094,0.020989325530798075,0.020861616403958894,0.03148960129721845
-0.0018574587861088232,0.038238917376656134,0.02867614164571969,0.1456451476769766,0.041546540067814164,0.03476188715751871,0.003983530118304657,0.0265787880787145,0.030402607671107418,0.0,0.04742595698261398,0.00337368156802087,0.009993903566158424,0.02688958362665994,-0.008516895373037514,0.015342970728483729,0.009883671382410586,-0.011599845416885357,0.038321809474614554,0.008937554759033794,-0.0339927644230979,0.013992786134567725,0.03273172599770002,0.012255497713020091,-0.010611756515272852,-0.009466899775238014,0.02377948032208832,0.016769006433425493,0.019984481739183102,0.010911938877232519,0.00899863964451364,-0.025729168263313673,-0.005361762069932996,0.02830274816556083,0.010654921167429332,0.0884778336982256,0.056699812516669,0.02961153554255319,-0.040563252529716765,0.0481241922564431,-0.029956310506502604,-0.07580344593058647,-0.06772545990370965,-0.04381868547444029,0.018363593896489394,-0.0023751961635107843,0.02276642784316424,0.0004646612303147446,2.4148343051810794e-05,-0.0011915374424700809,0.00032749819987332174,-0.058457998015119694,0.002802210948068984,-0.03546114716207782,0.023315823596364527,0.022345575593270828,0.012971380987113423,-0.020382387967221693,0.0,-0.0006272209280425156,0.02023928489653809,0.0483028169585355,0.04694973952534842,-7.937686905434838e-06,0.00012896735423245653,0.01931448245578432,0.010243379085181137,0.003382989223964572,0.001538053171517062,0.04687803536270574,0.021395259733218153,0.02067397499229362,-0.05784672541046437,0.027046943738872453,-5.551115123125783e-17,0.025853039953336154
0.010454217633783403,0.00563881196725502,-0.03832245014032365,0.037943742556716176,0.019672056494221712,-0.0004095782054932551,0.019004978821825114,0.04248215989936488,0.0031590724014959326,0.04742595698261398,0.0,0.027346681732729805,0.03797954142637744,0.02471888324139132,0.0,-0.0002078634264869872,0.043254240155548296,0.04460528314573631,-0.03978046584486636,0.0001260675931859523,0.01618189697533412,0.0035323812330670945,-0.012819123591254589,0.007485638611227918,0.04753815524598953,0.04355150435769123,-0.02779928555998834,0.03785423439768931,0.038075431069776455,0.00024874692099940976,0.04226408886382149,0.033471592180616294,0.02781475339710454,0.04874739400253708,0.04249720534151241,0.06202844340602964,0.045380989768002866,0.03427678942690282,0.042685073685783115,0.042116011798014275,0.020276054793896825,0.021726008293627586,0.0396489022626943,0.011220820040551083,-0.009634652178389325,0.0,1.1102230246251565e-16,-0.13106783934247052,8.23514963277372e-07,-0.027572865341557617,0.03973551546085302,0.011329334500253418,-0.020398972769812507,-0.027268889945097186,-0.01691229048202858,-0.061125189871992475,0.0004653586583577285,0.028029473433146546,0.049565129224347304,5.551115123125783e-17,0.0,0.0,0.0,-0.05415209061919257,0.0071884108254022805,0.0,0.0002365905207735164,0.03633620789425246,5.551115123125783e-17,0.0,0.0009538056486163571,0.022780143871383995,0.02433410707193201,-0.00917104121094614,0.0,0.01959626012904414
-0.0038780781209000192,-0.003400789592930331,0.017318281901615717,-0.012324450556906452,0.013173856699404296,6.2825740966721e-05,-0.031158197388173547,0.013383502402804004,0.017206131517176593,0.00337368156802087,0.027346681732729805,0.0,-0.01681585986349482,0.011675687755017872,-0.016155501883319545,0.0024376477962824716,0.01361401572024401,0.008222406321339804,0.014685169982655899,0.0076133019258523005,-0.0026462688898765685,-0.014221794192545212,0.02004773676793331,0.0027178961382926525,4.424108500528101e-05,-0.014282010955220914,0.009086884522437944,-0.04291417106233403,-0.004924820641209471,0.02726172750276179,-0.0011086206811824484,-0.004742415332277039,-0.008738773026119306,-0.009996810830493641,0.020439703892271233,0.1012783376743095,-0.004324874677232804,-0.012233266880486898,-0.004439879345066233,0.047317867808291336,-0.06852849020362733,-0.024313371173654674,0.001096788649604663,-0.04955090020430303,-0.04666920107598482,0.007488016142769949,0.024134494465585077,0.007000638610897947,0.007213762356098968,0.007964006826077896,0.015157556697916907,0.009362050473276928,-0.00041814935914163964,-0.006498977088987168,0.015206812112810553,-0.0048237551757608355,0.018486829122264237,-0.060863103304401256,-5.2031482181802424e-05,-6.846967050139208e-05,0.02440931477174152,0.04292626762231838,0.03900945505281456,0.010930345043853817,0.005835113572823625,0.021054969871871054,0.0006153358054315494,0.07303399755906514,-0.009191358027620278,0.032915743602078607,0.01707173636177184,-0.0046670813136416855,-0.09394354515412057,0.005479901394165376,0.0,0.018931311736881395
0.015946615169374068,0.006061150405822058,0.007061310722398351,0.031836686296326355,0.032146895165052314,-0.00947290874734702,0.005495514297836568,0.012376610802873333,0.018022161215624333,0.009993903566158424,0.03797954142637744,-0.01681585986349482,0.0,0.024977360017155392,-0.0006251017069521803,0.006136385412995493,0.005705048313508765,-0.0005387029799115983,0.022511863409034494,-0.01925755231124293,0.01465062833636216,-0.009128661768535384,0.0039240235974423165,-0.005078788636653342,-0.015221638013807659,-0.0010555564668572326,-0.000642734035873116,-0.027052754248015343,-0.003890271851185678,-0.03034609614153083,-0.02259729554266371,0.004378234994139363,0.010815768115042312,0.0003720215836303664,0.009033568338140618,0.014965815878221489,-0.004344439904273523,0.0003161415480142926,-0.006106366489686432,-0.0363182346261921,0.0020635282251888487,-0.04001423642896956,0.017849758780906444,-0.05590194846596169,-0.04092125314608264,0.0022253748800446504,0.023690530681301114,0.011608315961203375,0.0,-0.00039509569009310574,0.0183093289896733,0.011631765705080066,0.0025121683022227836,0.015441124669655526,0.01040308357586206,-0.02855132914421621,-0.06639023557663432,0.01258414412551112,-0.011164123665588999,0.003320614903277175,0.008292672171546722,-0.004650164642655941,0.004228880900068954,0.02137057674548748,0.0010134259869590267,0.002426817511830992,0.015199657341437689,0.01137260851602423,-0.009591170815117456,0.02743358702858084,0.021120630581306254,0.01667709287674246,0.02740225674518937,0.016338188119818464,-0.007639740703005382,0.020103114328215654
0.01291137362871203,-0.030062902381610024,0.012331150466374452,0.05056029076485852,0.03252917561766627,0.004012854563045676,-0.00422613000433858,0.020813077380314793,0.01858081081726992,0.02688958362665994,0.02471888324139132,0.011675687755017872,0.024977360017155392,0.0,-0.010310377554814065,0.0015207319586735268,-0.00011065650129404858,-0.00022768371960157907,0.005778510586370189,0.013272220395857903,0.03232620993526597,-0.006166920901751638,0.021209400582302695,-0.04284144117826544,0.027252526841219038,0.014083326899637982,0.019922428246161028,0.017607162685900124,0.0324067875316949,-0.0030503605239948217,0.032115021257248966,0.04469509625973164,-0.007048435168899636,0.025842194389403106,0.013869157043017721,0.018466935851604693,0.021203411843392556,0.011810034072109787,-0.012346929222162517,0.0,0.002906591878619247,0.03449515814365106,0.0451307865923678,-2.370486798186633e-06,0.0,0.0,0.0,-0.010746009731619766,0.0,0.026934460801530224,0.03997756720256784,0.019374769174493434,0.016133810976868168,0.012558539317315709,0.0,-0.07257751313874972,-0.00048283902952017677,0.007191447259031314,-0.02026931510476071,1.1102230246251565e-16,0.0,0.0,0.0,0.03441274964300378,0.0,-1.1102230246251565e-16,0.0,0.0175182897593143,0.0,0.0,5.551115123125783e-17,0.031363922487018414,0.007796338113652268,1.1102230246251565e-16,0.0,5.551115123125783e-17
0.012398732666963508,0.01882614793995402,0.02583469291944407,-0.07422583735698662,0.015728651078806832,0.007042279043483701,0.016877666106619116,0.08874990571226343,0.008770442864581007,-0.008516895373037514,0.0,-0.016155501883319545,-0.0006251017069521803,-0.010310377554814065,0.0,0.010664883695903737,-0.008587598364339033,0.0018355738574581948,-1.1102230246251565e-16,-0.02476049556996862,0.021965355628179917,-0.04988782899134131,-0.00044165969411241734,-0.023541021839885212,0.02722881227801871,0.00805435602665383,-0.0024775855228069688,-0.012547148988515722,0.0025296569109042877,0.017919338879396784,-0.004430753389714381,0.0034830381266863775,0.014112989683314814,-0.006028750486762657,0.0011086462946316988,0.013166188586975824,-0.03589946224731738,-0.0003015536095106186,-0.006357008196286207,-0.008487914276070818,0.0019342204181072575,-0.0035265246718266807,0.025481696891734407,0.0030828548126651256,0.0,0.002135898753027221,0.008005466242182568,0.004676591465340496,0.0,0.0,0.025437930825898125,0.011565182811529129,0.03887797925748593,0.002324651203232664,-5.551115123125783e-17,0.0,-0.0019348630786934495,0.02702991104240532,-1.3499516387738275e-05,-0.010851687474876637,0.017732103692819634,0.00047187206755611166,0.016546987534673707,0.0,-0.04661122030285131,0.00516709280735439,-0.01617868309172682,0.02349342069061261,-2.5317806875757576e-05,0.006924262030603867,0.0005237662253059217,0.01752240593077259,0.007102375993070786,0.008809354224374899,0.015353663223717895,0.0016976777577363267
0.021772840737916743,-0.006339375221886379,-0.016338308722383454,-0.0015865795846136121,0.022137229553543303,0.01529066474433205,0.01112692469192944,0.017941874761355336,0.0270643746034549,0.015342970728483729,-0.0002078634264869872,0.0024376477962824716,0.006136385412995493,0.0015207319586735268,0.010664883695903737,0.0,0.008950468201106787,-0.006262120647688496,0.000423099243164915,-0.006241145847518337,0.015090872024719593,0.001989843893731691,0.012284731376988656,0.022205513616382233,0.002362796135980616,-3.369320203405746e-05,-0.007817827808621447,-0.006295351845769237,-0.0028190790620604145,0.0027328626512535537,0.0008953024328430259,0.006574430578436319,-0.0075347102161358315,0.004174226457490771,0.01742227304498195,0.0002529148586664087,0.0020449637094615003,0.024665651133525257,0.032935784604457896,0.045030033355194454,0.03425533236424616,0.04979947141085589,1.760233937803113e-05,0.0,0.0,0.017198909004743523,0.009170663909205734,0.0,0.0,0.0,0.014346708157686516,0.000622002064264382,0.01455647116367953,0.0,0.012290704293373145,0.0,0.01798555513551947,0.0026203219134949274,0.0,0.009714545615633452,0.022716002168615523,0.01995264072873898,0.017512456367333507,0.0,0.006769630573195351,0.008810548636939863,0.023726386140165923,0.008117417510090374,0.005508459185796677,0.014887076314574033,0.01560591509464343,0.010630218414843906,0.00057081680230886,0.010302522136471814,-1.1102230246251565e-16,0.025129289103877017
-0.005568357394004575,0.00030386740334154005,0.019754509293532674,0.015853288823767964,-0.0024773939798088396,0.03404265104608167,0.0009209049652741386,-0.005600879708984763,0.027215027782512113,0.009883671382410586,0.043254240155548296,0.01361401572024401,0.005705048313508765,-0.00011065650129404858,-0.008587598364339033,0.008950468201106787,0.0,0.0026674175926788557,0.028390615133157382,0.006221620121102556,-0.0036607107260300253,0.014598892370437266,0.01916741621972845,0.033732843547814584,-0.010745922096552063,0.005576714302440222,0.037539702108604356,0.0067573810669108725,-0.004452451200332441,0.007102148595895641,0.011653885403523412,0.019394918664265848,0.019858296861722857,0.011847016775867913,-0.014066584126359527,-0.0011892413213677733,4.8810811773103424e-05,0.03198489937995874,0.073824358314167,0.03715121706662028,0.03979772454506225,0.021530131308062028,-5.551115123125783e-17,0.0,0.004952485311963795,0.033987374191985886,0.021112785605221118,0.0,0.0,0.0,0.0,0.0,0.0,0.0,0.037075223988668304,0.0,0.02536100458604984,-0.004650817857821898,0.0,-0.00019663331677965967,0.0340220117601871,0.0547777761871866,0.05178030881997814,0.0,1.1102230246251565e-16,0.0,0.02605446105661835,0.0,0.01825461921560273,0.0508269878702568,0.03199751846620047,0.0,0.0019700133809287257,0.00010608170257647709,0.0,0.05069374849131497
0.023798561739027835,0.0037846706763575155,-0.004052979835715176,-4.0312291322952554e-05,-0.01182192346677191,-0.004827150022360227,-0.009472763108041793,0.024602026254670006,0.017973015839429063,-0.011599845416885357,0.04460528314573631,0.008222406321339804,-0.0005387029799115983,-0.00022768371960157907,0.0018355738574581948,-0.006262120647688496,0.0026674175926788557,0.0,0.015710970092979837,-0.0031953640213681633,0.03049597399007281,0.001586510534045793,0.01568780466807973,0.022221926163403405,-0.017330508386597943,-0.00015687461202973374,-0.03447971854068982,-0.008099274771037723,-0.009532410106713629,-0.004287615143299561,0.005937587352887186,0.02046274384578095,0.01016656900308871,0.003162232752638716,-0.024335983275803774,-0.004094277655369405,8.134980753399246e-05,0.03207341361886257,0.04908852202721792,0.04217299148072351,0.027789125407774173,0.05019212512834742,0.0,0.0,0.011582746375763953,0.01777028227864058,0.01634462431088901,0.0,0.0,0.0,0.016062722679232533,0.0003430782533316301,0.0009660613540984353,0.0,0.039697498269283205,0.0,0.026874777619697643,0.008507393156196641,0.0,0.018626308836017125,0.028713520012433824,0.05177747729724663,0.03469939697790764,0.0,0.015162777323309395,0.02883792340075514,0.030054555442323216,0.015253515155168873,0.008891777637249743,0.030782512281348984,0.022431372924419213,0.0026065426523307345,0.007034558200410046,0.01786973438027456,0.0,0.033505507777654375
0.0,0.010754065847656091,-0.04106557444124842,0.01801968933046777,0.02070191329554255,0.012028175591362933,0.01566104797769191,0.043370324952544226,0.012270315980462743,0.038321809474614554,-0.03978046584486636,0.014685169982655899,0.022511863409034494,0.005778510586370189,-1.1102230246251565e-16,0.000423099243164915,0.028390615133157382,0.015710970092979837,0.0,-0.0009979226252719298,0.008559674159543285,0.009831133457019692,-0.018788547212915174,0.02676068345430832,0.029607505739871476,0.027774008797132543,-0.027818706617081856,0.018898102363069824,0.000598614114206919,0.009865953022830165,0.022356003675003233,0.012588817665608432,0.016595583925980317,0.03944517290081773,0.011778660695949794,0.017546285609222,0.020389081780333496,0.0175066147647579,0.03134748852385183,-6.309893420353152e-05,0.034402937589101346,-0.0016449370731581592,0.027233581811337004,-0.019087043206751586,-2.5910223628689e-05,0.0,0.0,-0.11263574933145254,-5.551115123125783e-17,-0.03039868550495678,0.021500101828332174,-0.0005326635459642626,-0.014176245202936033,0.007994512381357066,0.00027936190377936265,-0.18024367305266592,0.0020590917446228207,-0.002868276151593352,-0.018575792965216664,2.220446049250313e-16,0.0,0.0,0.0,-0.20331649471143615,9.131579191279382e-05,0.0,-0.00024903727057262737,0.016955446350041536,0.0,0.0,-5.551115123125783e-17,0.01295512544342825,0.016780621067898682,-0.008670373432671519,0.0003148165122549562,0.021749584881509465
-0.01293344764103227,-0.0009522861444294373,-0.0019563992332215507,-0.00443837066369307,0.013946914570672098,-0.040794274227112515,-0.001415384993036617,0.0344561495829499,-0.0023502101655170082,0.008937554759033794,0.0001260675931859523,0.0076133019258523005,-0.01925755231124293,0.013272220395857903,-0.02476049556996862,-0.006241145847518337,0.006221620121102556,-0.0031953640213681633,-0.0009979226252719298,0.0,0.002064838008871084,-0.05420680714614223,-0.07945291386853864,0.005218889829968487,-0.01586629646054466,-0.01683275428035702,-0.018063192947370965,-0.013862803154228331,-0.016340276687570543,0.01901940022892623,-0.010668707373160558,-0.018109911794746858,-0.021368784491954784,-0.013319183624700026,-0.009825547633994403,-0.0012685026424577028,-0.016534620771858632,0.028230809758279685,-0.014900393675354229,0.01475907022371914,0.022298436454249393,-0.0007024097901067727,0.015907389516679304,-0.01664228061776679,0.0005845599901139198,-0.004671533519766569,0.012575902758432789,0.012432885894571977,0.0,0.0,0.02600577817035904,0.011784189537893841,0.010300398627107299,0.012255659465105984,0.00019293045938728604,1.1102230246251565e-16,-0.005401642464583356,0.021648668322797437,-1.1102230246251565e-16,0.012219043408586816,0.015936808366632915,-2.8001523046439214e-05,0.02482914291697358,0.0,0.0045002484336434945,0.00940323649265179,0.0038198707763935635,0.01686542936868013,0.0,0.02781275857632487,-0.0006813134437713697,0.012711322747715581,0.01577998061854685,0.01351578539055398,0.0012523131757641859,0.008332520762120932
0.001962680524394411,0.011947681782459085,0.025690402701085302,-0.0016995006097262344,0.03152882155774339,0.013388071146471392,0.02363665729741876,0.020278600882361664,0.010154958785617507,-0.0339927644230979,0.01618189697533412,-0.0026462688898765685,0.01465062833636216,0.03232620993526597,0.021965355628179917,0.015090872024719593,-0.0036607107260300253,0.03049597399007281,0.008559674159543285,0.002064838008871084,0.0,0.006804613442517982,0.006486855417387416,-0.004623753536965924,0.02048935337343144,0.00952335676895566,0.000451198512923745,-0.003783526481915156,-0.0011030769642620952,0.008672708174063293,0.0035340516044095605,0.018957019997249358,0.038630884148417644,-0.0008829298170681121,0.01961671849543495,0.005821325701842572,-0.010514731755434825,0.011528187189118133,0.014447593722229257,0.035862479596025065,0.030236915626267014,0.017439694841257625,0.0010513492802707303,0.0,0.0,0.014662455706864252,0.004492327110476091,0.004197980906288923,0.0,0.0,0.03195508675163139,0.006754822840976282,-0.008107718447683432,0.007256535735955694,-0.0015784910180607903,0.0,0.00017595781784496278,0.018104952626625648,5.551115123125783e-17,0.023702116181367805,0.016494091496959018,0.0,-0.007258598850955589,0.0,0.011095238725542078,0.03458190120840843,0.022444153880465778,0.021630256083895127,0.0038204018680709217,0.026860791754793945,0.028864851526983648,0.02287649345703019,0.024192357624596372,0.02256340969372872,0.009955065966513188,0.01777243690673852
0.010948183120185917,-0.009533712543139172,-0.003730849741854947,-0.003043958198914898,0.004932970447194374,-0.00696018103713858,-0.003933860209394124,-0.0067836953265211775,0.007916062090751186,0.013992786134567725,0.0035323812330670945,-0.014221794192545212,-0.009128661768535384,-0.006166920901751638,-0.04988782899134131,0.001989843893731691,0.014598892370437266,0.001586510534045793,0.009831133457019692,-0.05420680714614223,0.006804613442517982,0.0,0.0020228817423023626,0.01697527186059733,-0.009668167252098958,-0.0024439636218444583,-0.017852295117979533,-0.023977829512904558,-0.013284813854973265,-0.004275488500309899,-0.004907274055039934,0.0016555352330898665,-0.02097384207369607,-0.001995416036395914,-0.0073277939437450534,0.010353585913670194,-0.00690066963542757,-0.015572092050455677,-0.005505507229811246,0.03038637489775531,0.02015242557752106,0.017639883111813137,0.043580705395540875,0.004683930102076628,0.00020469111427789954,0.01996132754079738,0.004474606987599827,0.005063152400219817,7.423218556568134e-06,2.2822419334933564e-06,0.017262281259014578,0.026250870150369643,0.011553790069250225,0.00852450429044077,0.007581312286750741,0.0,-0.0032788114589904493,0.0229174786191908,0.0,0.01205164676450321,0.01961814655937355,0.008285900258532097,0.015603599413005598,0.0,0.009199586976765373,0.006485304815446458,0.010472813370391798,0.014298162368946543,-0.012152562355619234,0.016116596108574577,0.002612045310130817,0.007857621417990068,0.016269385079173637,0.01759940615454353,0.00865896084274509,0.022520668848851177
0.007901837390556998,-0.0007927903903870437,-0.019606189082543357,0.018724456761926467,0.0026171393706848067,0.00026776957420793224,0.009299871031349827,0.015284603176201228,-0.017260182798328083,0.03273172599770002,-0.012819123591254589,0.02004773676793331,0.0039240235974423165,0.021209400582302695,-0.00044165969411241734,0.012284731376988656,0.01916741621972845,0.01568780466807973,-0.018788547212915174,-0.07945291386853864,0.006486855417387416,0.0020228817423023626,0.0,0.008185397908820669,0.0030630560506891835,0.000976260174882615,-0.008365599256685285,-0.005065933047000648,-0.001237427202610386,-0.013625595983971506,-0.0037151201190195327,0.007856942656623955,0.0009183964487695651,0.008134131557669955,0.0061169092000438186,0.02299206803974435,0.00789095519287858,0.025370302571131043,0.030046064210192625,0.019246124882195015,0.03625041470994683,0.051921834260538424,0.033224673624339895,-0.030128130009980825,-0.005159415777009235,0.018530976184466197,0.008707791447694846,-0.15113084889145273,0.02693008246801115,-0.016070232002198814,0.03229989183135562,0.01848701479452408,0.004024543652503043,0.016396223807008337,0.035209216573791835,-0.14484362589924127,0.03634081666364902,0.02458830293783032,0.003456625762047749,0.026055084578987864,0.0071959417205500475,6.811680159946043e-05,0.030459815583601224,-0.22437995193023522,0.02428097901021442,0.020671068103460366,0.02272136113243678,-0.04050946723331228,0.0002625085912685843,0.01989057481018769,0.015547606976488104,0.020149984524893694,0.027754708296128694,0.025674175230268603,0.020855277016416984,0.029968596703091044
-0.005790956916220613,0.01068247245954651,0.009854005053614723,0.005340811220016395,0.002057476537615177,-0.02769792411694383,-0.034719922903624745,0.008626179626579189,0.008560674103227972,0.012255497713020091,0.007485638611227918,0.0027178961382926525,-0.005078788636653342,-0.04284144117826544,-0.023541021839885212,0.022205513616382233,0.033732843547814584,0.022221926163403405,0.02676068345430832,0.005218889829968487,-0.004623753536965924,0.01697527186059733,0.008185397908820669,0.0,0.009031518097189217,-0.0006961718186341281,-0.0013206211925398392,-0.039016480256892916,0.020592299615023846,1.905967164328448e-05,0.013707739063126279,-0.033789578334072146,0.04256665054365938,0.017839212423258755,-0.017813570402512302,-0.01853502250223238,-0.0024722307744382,0.03473690203308777,-0.07816140508743852,0.028911361727641527,-0.036077767278881345,-0.11095128118482822,-0.007721981224998953,-0.0001899088890396916,0.023161902977345272,0.024899204852937173,-0.0016473936293732727,0.0,-5.551115123125783e-17,-0.0002690488871684438,-0.003427871517872494,-0.00023054855793019913,-1.6653345369377348e-16,0.0004792875426259391,0.011299062049562991,0.00035259040777013695,-0.0035300436197033824,-0.0978225846700353,0.0,-0.0008033168755830489,0.02554298896372087,0.027705470201322746,0.02378477112444205,3.278699179193323e-05,-0.0010539277377498713,-0.029991857394228494,0.014361037659322895,-0.0008716553126445481,-0.013615890752116833,0.014543272009406139,0.0025116132402656643,-0.0039776737454656486,-0.11217852216385221,0.005839317683301648,0.0,0.021266176618762345
0.0139647350868502,-0.02288340270600503,-0.020059403697203215,-1.3515787428308723e-05,-0.016386318051821946,-0.030275421915948064,-0.020766860557455358,0.020753657954030114,0.0007743480710558637,-0.010611756515272852,0.04753815524598953,4.424108500528101e-05,-0.015221638013807659,0.027252526841219038,0.02722881227801871,0.002362796135980616,-0.010745922096552063,-0.017330508386597943,0.029607505739871476,-0.01586629646054466,0.02048935337343144,-0.009668167252098958,0.0030630560506891835,0.009031518097189217,0.0,-0.016845980361952617,-0.03276091794668945,-0.01000110691732009,-0.015040324057078835,-0.022312980173014474,0.005592223813605857,0.020164119431901217,0.009914396560331828,0.004245265063753667,-0.015937912435676993,-0.010378663833769619,0.0014951511198610934,0.018732404816417858,0.03727240806958826,0.03769794253524267,0.026337183986948176,0.03927995775838411,-0.015037520564222251,-5.551115123125783e-17,-0.008836726512515436,0.006381531709314214,0.01281011416360961,5.551115123125783e-17,0.0,2.220446049250313e-16,0.014167041604550235,0.007094921691745415,0.04447292130285935,-0.0010370785502692437,0.03148662011000758,0.0003463919152306705,0.022045802106675283,0.01393849353914478,0.0,0.03392374713258539,0.02649294113666717,0.044761725448548784,0.029606942609311404,0.0,0.02066538937864776,0.03144087952849173,0.030423067281455274,0.015120317323916277,0.0023369018705753364,0.0253251130330599,0.015308103735022949,0.017441523100941825,0.016966291620859553,0.019910854121952315,0.0,0.029070218490698574
-0.0020402246163737092,-0.01401169338976671,-0.02505766425856759,0.0005587744418886209,-0.002521912356032441,-0.027969237653499346,0.005647400787298751,0.006347054215114389,0.04979130267056886,-0.009466899775238014,0.04355150435769123,-0.014282010955220914,-0.0010555564668572326,0.014083326899637982,0.00805435602665383,-3.369320203405746e-05,0.005576714302440222,-0.00015687461202973374,0.027774008797132543,-0.01683275428035702,0.00952335676895566,-0.0024439636218444583,0.000976260174882615,-0.0006961718186341281,-0.016845980361952617,0.0,-0.008909162949067573,-0.008666338899210257,-0.015853188792707196,-0.01313207990814741,-8.241674154990664e-05,0.016324979087155078,0.004039410290055556,-0.004400928106848001,0.004406156902664382,0.028476831721844287,0.002690568549057748,0.011194037395887813,0.011866166953374835,0.018927559986041675,0.025046157464651664,0.02718726765995294,0.029705413133110703,-6.401829517127533e-05,0.04913071244121797,0.0057088083606327555,0.008549272189345924,0.018155350192517128,0.0,-5.335877896750496e-06,0.008405600044104178,-0.00990472815436988,0.048466416520930145,0.009091781891989503,0.015961743944796936,0.0,0.0034908830441456873,0.0026714249500375264,0.0,0.015720038007643433,0.015000245333922246,0.030888638667464052,0.02307601098503803,0.0,0.02643612649150834,0.020926778251010858,0.01598598462234624,0.01132045657725017,-0.01721393760570905,0.01585245408927971,0.010606326290225343,0.011103152348059753,0.009607815119263174,0.0114519093432211,0.0006320149352948556,0.017840060545936176
