0.0,0.0038359503844020426,0.018741060371350204,0.0,0.010150547746037686,0.029633718389988017,0.031021609641506964,0.024247198253759095,0.004268939627112556,0.03740890004123709,0.023834258375247053,0.0189275926769662,0.0277270685092198,0.01314261487691265,0.007907264637511402,0.016167282377488656,0.03196395647748962,0.02942399045190014,0.0,0.0037728141283094874,0.007021447739173625,-0.008608755821929659,0.026262170509615268,-0.016199848719079757,0.031293346983917,0.006460398645768806,0.01587377751053609,0.011267470414778435,0.008868505249958303,0.006898780516220837,0.002383155780603441,0.0021210357200383556,0.020896138295718902,0.021008543334120555,0.013831582661258168,0.01229246222714564,0.0001424737682078625,0.018417377384884193,0.026990771633263022,0.05446746655389517,0.03651805815541492,-0.006215273698158774,-4.0370902982533874e-05,0.0,0.03370778137307445,-0.03663246792088393,0.042708536413600895,0.0,0.0,0.0,0.019037988469443046,1.1102230246251565e-16,0.04018809482914998,0.0,0.03797272690266967,0.0,0.022877338132399283,0.00905128346275652,0.0,0.015941410246503085,0.024258419446366475,-0.002227424668500788,0.0317930193626228,0.0,0.04042363254367298,-0.04092985141503186,0.016361913368781456,0.006958673462351683,-0.019283239883297942,0.0444493531911202,0.01504119477843141,0.02552780329391302,-0.0001020043358950784,0.015931819053875862,0.0,0.01916312836814954
0.0038359503844020426,0.0,0.03411620898542156,8.048279146483095e-05,0.028717471076394552,0.010387657771018854,0.02899549560907627,0.022022700644419857,0.03636567477063002,0.013468178425318389,0.002917126427198269,0.03622774460073863,0.015502276715721464,0.009380640954479824,0.004114169489164876,0.004450817173803856,-0.008228952803138012,0.00861244102603026,0.009462831385707693,-0.017403196116988484,0.012380322817107492,-0.029674689400281784,0.03300083189003422,0.005424748624787368,0.002128530022488806,-0.007932150714908937,0.009260359881165303,0.011706951945354094,0.005739833464058985,0.0335751265366504,0.004716740332150193,0.00450853040448379,0.012016964671970332,0.010126562265131533,0.0035722778905403763,-0.0005945738491737185,-0.0007963987710035703,0.0,0.028520412126220362,0.008844515484113802,0.02028426667578198,0.00859445245100321,0.004860109840809035,0.0,2.220446049250313e-16,0.0015529624701841604,0.02567689609098195,-7.188075801439764e-05,0.0,0.0,0.018840224491117108,0.017649585225106956,0.0062124676072907725,0.01003168368742241,0.03545691869249018,0.0,0.06202408595678943,0.019390009698196764,0.0,0.02405911612273115,0.013007582432985498,0.01635199320765246,0.026781600350244072,0.0,0.014522461922254704,0.043317615574832546,0.003296316914288999,0.03653819848812451,0.016167521922872685,0.03456386042024273,0.02726519277875078,0.0345611541241132,0.020174670993860666,0.016330582897135404,-1.1102230246251565e-16,0.018577470545269537
0.018741060371350204,0.03411620898542156,0.0,0.012633396743033654,0.014138437461842568,-0.012818521836864993,0.035953658579178926,-0.019031600173551433,0.004078964174695832,0.04029170853967279,-0.021702824907551876,0.027582224950916057,0.0259330110212449,0.00025778992982444793,0.015847855538741906,0.02228297751768471,0.027864818937891278,0.0475359519560522,-0.026340391129993368,0.03822224404016439,-0.005178973169786105,0.03550416768920461,-0.029610725479263356,-0.021570773060280213,0.09122392795574152,0.0546950593876851,0.009352438025211518,0.02269609342899198,0.03423045129084801,0.021396322224122133,0.026803152449319134,0.010743418346083888,0.02552464339251881,0.0264472096694926,0.005404991235197554,0.012118977483162818,0.0075944611106607,0.009960128891225384,0.0054837896316611845,8.268136968969664e-07,-0.0024424714840212136,0.05723020895592812,0.03394588592601505,0.04105888290284965,0.0,0.0,6.199997217637421e-05,-0.11234522341389891,-9.067412719554468e-06,0.03916722715055221,0.04339936214743034,0.05056079752178655,0.008615705246694194,0.0606460760090215,0.0012279889840042801,-0.07346942656246691,0.025392641935948312,0.047137012188326666,0.03426842845706968,-4.987955454149873e-05,0.0,0.0,0.0,-0.14407785508337137,0.006827174401274783,-0.0024002723062037656,-0.00017245441904989445,0.04141804422122031,0.0,6.691136275782661e-05,0.01928525541683146,0.047437555088254646,0.034138804920728516,0.01902135116042547,0.005739031368017566,0.03191409255597588
0.0,8.048279146483095e-05,0.012633396743033654,0.0,0.000992001008982446,0.014320471915043709,-0.04523962565333248,-0.001197954450553984,0.018473754549820864,-0.09676679117631728,-0.006586302022736856,-0.0066470663449088585,0.006748998327758715,0.03703027028127481,0.030922852497123232,1.8524021639987343e-05,0.013397596270575074,-4.12901777453456e-05,0.02144425138341932,0.014340444627550075,-0.0003637215012016193,0.009440832127617038,0.019470411059593795,0.012076553492696152,0.0005393280693154479,0.033048992226823504,0.018503889111357252,-0.013899219602024893,0.02110163686011851,-0.008874093838058539,0.032868152462370126,0.003676511062573773,0.07404420180550486,-0.041012122278930696,-0.02329166827704876,0.007216141427430323,-0.01659067146593496,0.01137135536841033,-0.027812351878045816,0.0009728443776156337,-0.06816898432027407,0.0005996129451441568,-0.010313667608855104,-0.005571074974598522,0.0,0.0,0.0,-0.00017677938190441278,0.0,0.0,0.008886635155453182,2.220446049250313e-16,9.44980699576492e-05,-0.0004808611742947999,5.551115123125783e-17,-0.03495387045597648,0.004370959212256609,-0.0001754424094367879,0.0,0.0,0.0,0.0,0.0,0.0,0.0,0.0,8.331887582918585e-05,0.04035474657138416,0.0,0.0,0.0,0.03278441896233164,0.0005228932966924171,-0.0014538925003273473,0.0,0.0
0.010150547746037686,0.028717471076394552,0.014138437461842568,0.000992001008982446,0.0,0.0012641033157205217,-0.005475524194584636,0.0658123477376949,-0.002351524665845761,0.042013115446367766,-0.01093053042442893,0.025576633732711185,0.018242448738280126,0.011373997626937749,0.009333299923412586,0.027160113150553222,0.02643545281684284,0.032077725786404665,0.018349634964165584,0.02529019054806303,0.04143698151339115,0.016259107779488302,0.03111137669153269,0.01883358564162274,0.028307704986718085,0.030050595165025007,0.009575189697238584,-0.027358423363699702,0.015199265983876498,0.03317033296496802,0.009932284543936798,0.0375126484418562,0.03641506102962927,0.034889261598014865,0.0370746216954736,-0.010954247009748147,-0.03742224929443927,0.0025554648274183633,0.04770392910254745,-0.004281333821878619,0.039245904119638686,0.016842577441206708,0.10520475964493192,-0.032519487633139776,0.00026710029353327336,1.1102230246251565e-16,0.013206829588407187,0.033000243653481975,0.0,0.11902382582011972,0.06348409417766077,0.072629152579475,0.0786517034266393,0.08098680805941538,5.551115123125783e-17,0.10696983863787374,0.018291217172823282,0.07512886854770506,0.043050544915754385,0.006755752605909715,-2.3993464923210972e-05,0.0,-5.551115123125783e-17,0.07586663046293796,0.014364712391940648,0.00012218344632569655,0.007837921816563564,0.057966193272173006,0.0,2.650864540187925e-05,0.01564591537535015,0.06220938637772733,0.04100651015128354,0.029530646136193717,1.1102230246251565e-16,0.03939689250931333
0.029633718389988017,0.010387657771018854,-0.012818521836864993,0.014320471915043709,0.0012641033157205217,0.0,0.028999586925252674,0.004368563179114604,0.001229254217462672,0.03530039796845036,0.0007337600898073005,0.03074358210477668,0.006903102386447868,0.017004723673400557,0.03381859491697864,0.029659441387526853,0.037247186871516236,0.028629872408498236,0.06568014634064384,-0.00047629716588099,0.016294400188801683,-0.0030619086784030025,-0.0037477627726915097,0.025092381487624327,0.02198600075507573,0.03745605064709778,-0.003168343187904099,0.00922982524192889,0.015188850669862364,0.0029478263891455914,0.007082661688259495,0.016215012394842854,0.021991133227064474,0.02454375495976796,0.01976151003574833,0.008379495301241435,0.016793257676477102,0.017953989087501343,0.04938209145880401,-0.0025121155032407083,0.03237977741074283,0.06432502934351053,0.026110767233645304,0.06929708711825744,0.0948379046634627,0.018715153947737706,0.02292496962865076,0.03997918309039594,0.015015174361676487,0.05429740634651137,0.043778495505648496,0.050247112193686716,0.027658029881811985,0.05103255472324464,0.02970231862179512,0.054107126860945876,0.00020074341013059938,0.04440570201781746,0.01613463366836909,0.048148370669661655,0.0016521638293270913,0.0,0.01841929845565249,0.04858295328781004,0.040722433326774166,0.031847723931242466,0.03614678744622091,0.03245375000268591,7.005667195009169e-05,0.026115104785160936,0.0330584594379425,0.042497167445827766,0.037518855740055757,0.03678886907390533,0.05440154098052641,0.03408349632372676
0.031021609641506964,0.02899549560907627,0.035953658579178926,-0.04523962565333248,-0.005475524194584636,0.028999586925252674,0.0,0.025639437699218615,0.02801512629318298,0.02140388491597839,0.027499391458579603,-0.0012750561135773109,0.014780931949439746,-0.01200164436522394,0.022208719059030546,0.030363392872296557,0.01060193367515877,0.031568498565349656,0.046538551688833696,0.0397071523612591,0.038180178660967345,0.017282920587104234,0.029951748164937064,-0.017715460810974137,0.03553988092921412,0.03204595572737834,0.02715870766791406,-0.0469079440493026,0.024366240843741782,0.025351099105207442,0.02539605500973846,0.00573370173580845,0.013677740239854408,0.015062160103573141,-0.0227595913165905,-0.004337278962608271,-0.028854057468436445,-0.020888175292407385,-0.055950121946511555,0.09401454608024801,-0.11098946961450934,-0.10208054309268372,0.06428614691838541,0.03518713243410365,0.009928283183959163,0.0,0.03362026838464821,0.002092406332458552,0.0,0.10334015101740679,0.04326977271088295,0.058626074101104875,0.0496428784860905,0.05606414571369556,0.004633312258549405,0.11529266362527119,-0.0037869448517926507,0.07754471037721289,0.01665061839512899,0.04212993139942067,0.016792001343687246,0.0,5.731370613371034e-05,0.05427697556532518,0.043693547974443914,0.011075079785118624,0.023967867039263235,0.04742920743267098,0.00012737923795763662,0.022830323765885507,0.03864432840727294,0.05164943097898789,0.03601322700037357,0.03138975247511422,0.013882720759178624,0.03449460099599555
0.024247198253759095,0.022022700644419857,-0.019031600173551433,-0.001197954450553984,0.0658123477376949,0.004368563179114604,0.025639437699218615,0.0,0.015559744315411184,0.02937477325492377,0.001128923777560742,0.023141787961626303,0.030282434685035053,0.014804407791660368,0.026511063790243206,0.028227236997313943,0.010994722556785741,0.0354205124684997,-0.0034347390665236954,0.018407731559435814,0.017119333778350065,0.011430863563070714,0.014389984819301871,0.00814385707819787,0.02770852932122564,0.022285480702733673,0.016099460228494622,0.01989591389436468,0.025969828118885263,0.006131141043187904,0.029050057668504214,0.03789611135989707,0.04409313292717215,0.03685469401843294,0.0381583810492902,-0.015748506796635198,-0.009912230932075772,0.020842765867362112,0.017391345633193056,0.07806196669051835,0.05153346266310144,0.01716661649045559,0.05275023932307049,-0.00017212436381597307,0.0,0.05147954766210788,0.04425965912594604,0.03789680232793169,0.0,0.061832510746326785,0.03340606127590395,0.06330705408364573,0.020007651422355333,0.045072366992668256,-0.00016588298733777318,0.052744815571060644,2.9825944295458484e-05,0.03935331531292591,0.0386933185769629,0.06308159207275438,0.008668153622696795,0.0,-0.00033039621454350465,0.019062488576461978,0.05811892835796184,0.10061219692327461,0.08016288906074781,0.036488161839723476,-5.551115123125783e-17,0.04445130633612021,0.055441814496434094,0.051460498267531074,0.026154062837052794,0.046376082825291653,0.02636195704298161,0.021442443555879875
0.004268939627112556,0.03636567477063002,0.004078964174695832,0.018473754549820864,-0.002351524665845761,0.001229254217462672,0.02801512629318298,0.015559744315411184,0.0,0.033041333508672,0.00673450298238959,0.03077535426000566,0.0065629439883614915,0.008509377862604306,0.023634222879694466,0.04988310696783532,0.025536848745106366,0.03338462136464654,0.0312606924225286,0.030053782659784645,0.013296502672529964,0.023777111653617733,-0.016375737710632277,0.021063413542570852,0.06453934091387686,0.05271653748945482,-0.002601545244469039,0.02155278655361914,0.017167262180531218,0.008068684307430907,0.02684872999389676,0.02004412785843418,0.04904933155951546,0.02885353585407824,0.018959327185830877,0.01490136656059271,0.02435121464862694,0.022244887417890435,0.045899156831539445,0.004955536027193952,-0.05509832301330897,0.04194617677542467,0.051167079422748674,0.023177111784429605,0.011253908089576603,-5.551115123125783e-17,0.02062789682229299,0.02513328788624214,4.3560275866383336e-06,0.07754292104312122,0.04680575913118312,0.0590360790253176,0.019518308647836546,0.043055648581028616,0.008469405818912867,0.04710950139275216,0.024917460146671566,0.04650439592160893,0.056585769346239045,0.016979415953076837,0.009569691309275596,0.0,0.0,0.03934145069238093,0.02032748181703825,-0.00014344789128561963,0.01246185983362208,0.03825954183289393,5.3611037819978336e-05,0.008607706215557454,0.022554080232820906,0.05013459631808259,0.03295032205043702,0.02946548061245785,0.018980180719865958,0.041140681436997895
0.03740890004123709,0.013468178425318389,0.04029170853967279,-0.09676679117631728,0.042013115446367766,0.03530039796845036,0.02140388491597839,0.02937477325492377,0.033041333508672,0.0,0.04062973901345346,0.016105187862450132,0.023757831437661525,0.060775460486960475,4.84446372372993e-06,0.05774830057461877,-0.01730996522927314,0.01657598601046062,0.031845564523387826,0.06174340704696468,0.028387199960954956,0.06326653391833803,0.03328696404456616,0.03970497182384686,0.012178377276254315,0.013598821310427112,0.03198834742818463,0.017475415419727858,0.029205413870325436,0.02438297167239334,0.012593800096023455,0.02318647213440067,0.04225929146524471,0.04208240029464533,-0.0022583273268357296,-0.04040169753683842,-0.02397490330238705,0.01897761796458769,-0.021557395234647725,0.0886887989186057,-0.04866838696356446,-0.08713660833769699,0.005696522468293219,0.014277938192669648,0.0699223484084534,0.04074560089686302,0.020785667782815598,-0.025955410636668286,2.4734128082071205e-05,0.0003417186244709658,0.029674470097908245,-0.008657257245554273,0.002336955984381661,-0.006584211735752354,0.07556100206070887,0.017904101592975286,0.04468999268146001,0.030298596901526476,0.0,0.0005272013186430335,0.02361538235173527,0.07372538093721237,0.05719699143042306,-8.130237514558658e-06,0.0001320958150689,0.03661112702507985,-0.008710235822110668,0.04643741148182945,0.04126613132618734,0.07583573382873715,0.05433607413324759,0.03756078613170255,-0.17049292111489267,0.02314010948800055,-5.551115123125783e-17,0.03657382909256368
0.023834258375247053,0.002917126427198269,-0.021702824907551876,-0.006586302022736856,-0.01093053042442893,0.0007337600898073005,0.027499391458579603,0.001128923777560742,0.00673450298238959,0.04062973901345346,0.0,0.04850936790582422,0.038011939364697156,0.02061873345216253,0.0,0.00012439135257241718,0.0367369385591651,0.047325435952192796,-0.008384368028833189,-5.484188241611232e-05,0.013382963301480921,0.0020607408233802027,0.036419128052612104,0.029359628923045666,0.046175202452833575,0.05123859889389798,0.024020127910418965,0.0184406125032901,0.03227494720273383,-0.002389246351546248,0.030075448435568197,0.04359000247179856,0.03005521745612305,0.03790357844414971,0.022328519972587557,0.04314579892482656,0.02728096363790844,0.031914903145860596,0.05997835343326535,0.008260403304346964,-0.010137727872968239,0.019255639911688827,0.07045306286228514,0.023834672177583505,0.010785237102265921,0.0,1.1102230246251565e-16,-0.11127666049303997,8.434916025645833e-07,0.07943383906710377,0.06649797079161535,0.07762329746590019,0.05987831868337634,0.0957266524793497,0.026188800575438376,0.024002558252908313,0.0015299154374309176,0.026409625343759457,0.07607280031427138,5.551115123125783e-17,0.0,0.0,0.0,-0.05797391091861717,0.004847289264890198,0.0,-0.00012124124226803312,0.05523818860193319,5.551115123125783e-17,0.0,0.00027015129177659913,0.0651140491691029,0.02002057809075919,0.017470418634636053,0.0,0.0324814204250124
0.0189275926769662,0.03622774460073863,0.027582224950916057,-0.0066470663449088585,0.025576633732711185,0.03074358210477668,-0.0012750561135773109,0.023141787961626303,0.03077535426000566,0.016105187862450132,0.04850936790582422,0.0,0.029813912665107967,0.02279403375591138,0.01258738846077223,0.019153531404330848,0.020366921757680012,0.029997336594936308,0.03621871823741002,0.0035031636688317436,0.020769408602642703,0.025347589097825418,0.027040915384234976,0.009464016417088938,0.02281965338244657,0.017106050696169384,0.031004294643503294,0.0138869017431002,0.032699324137897945,0.05822236203365333,0.019154656891271604,0.0236943364956842,0.0752148355965811,0.029348215024729896,-0.02132705269117524,-0.002613870186078726,0.0037609233750591775,0.027590871540149803,-0.02803070271213237,0.08570794571964618,-0.06509903615741963,-0.02178751812821267,0.12682719328142367,0.01968992601520192,0.08337779641191784,0.02328947600421244,0.013903504918711285,0.005446205735088971,0.006153354162327929,-0.00017099528456737678,0.018299398062886774,0.023836632365757393,-0.000479906841663158,0.010379791208639744,0.058694359475565894,0.022263195848803707,0.036035687986915754,-0.04083529197014224,-5.32936500787784e-05,-7.013059224336704e-05,0.026587268460137314,0.0674877878680401,0.05809781730544783,0.012446575748740862,0.0050688896182047305,0.012647473365431205,-0.0011966904360829478,0.05603364165328456,0.024772259202682445,0.05988415820137549,0.03450984343283975,0.031913339520088235,-0.12503644296686917,-0.004154243564871207,0.0,0.08471914701945887
0.0277270685092198,0.015502276715721464,0.0259330110212449,0.006748998327758715,0.018242448738280126,0.006903102386447868,0.014780931949439746,0.030282434685035053,0.0065629439883614915,0.023757831437661525,0.038011939364697156,0.029813912665107967,0.0,0.003285961147754368,0.029043887276465785,0.01631198913820292,0.010946836355352041,0.017531422729153923,0.03716353805543432,0.01450933850572178,0.026506047390010834,0.003579994075391668,0.024859321052095373,0.01792573897925903,0.02304955352644278,0.02406987892207224,0.01767092170148632,-0.024027415488398096,-0.017879944201979026,-0.0430934131742024,0.0035076207127748282,0.019930157912976254,0.01782032018452734,0.00774689764885067,-0.0015909300142338823,0.026273332243767378,-0.008170141795824926,0.005263724299480521,-0.023557471703417543,0.04629279151765281,-0.045795632422074795,-0.05412515039504323,0.09430276994829434,-0.010592673995019286,-0.03355944036307018,0.013881353442626199,0.028989138194497333,0.004226582724341732,0.0,0.025781545331225897,0.05002965782348845,0.057530467858177614,0.03942621251374023,0.055781816365013004,0.019917121338041632,0.11044821557697992,0.010723659007106257,0.008582904623236742,0.004223033035520685,0.057579262797394115,0.011794212291370176,0.011139287516963692,0.01986316110256614,0.08409704484291969,0.030686280665916943,0.043919846226673054,0.02128969435377137,0.036567081489304876,-0.009280789372978882,0.012097404134803813,0.03871645901906873,0.042639145342602935,0.04184902372950505,0.04321804398225887,0.019935832155469013,0.02248436847249713
0.01314261487691265,0.009380640954479824,0.00025778992982444793,0.03703027028127481,0.011373997626937749,0.017004723673400557,-0.01200164436522394,0.014804407791660368,0.008509377862604306,0.060775460486960475,0.02061873345216253,0.02279403375591138,0.003285961147754368,0.0,0.029881831237327627,-0.00038596037032823105,-0.00011334078161179262,0.00011706623561696938,0.02281379098531372,0.013756723649112956,0.015444340639452492,0.010893093613808413,0.027850999971838764,0.019734558377421774,0.006226582393918656,0.025856240334250102,0.017342969654064844,0.021266343386208586,0.015971096210171176,0.00850520634411217,0.040178311074695106,0.06553836456343265,0.004034912088577258,0.042616312534798084,-0.006218306702265031,0.059984127509705776,0.011042129352980962,0.0007857394719842925,0.09551233960693534,0.0,-0.008770603483652162,0.00011754126372892637,0.06064848375136983,-2.427989529429908e-06,0.0,0.0,0.0,0.043799202379896984,0.0,0.039680789456840615,0.04123563425442789,0.033443857338759764,0.04521554083065782,0.06700394667460463,0.0,0.08977508439216242,-0.0002726874974997018,-0.004584913959225445,0.038402397291353585,1.1102230246251565e-16,0.0,0.0,0.0,0.04665957160807477,0.0,-1.1102230246251565e-16,0.0,0.03494052094546479,0.0,0.0,5.551115123125783e-17,0.04459939126258983,0.011434086940965593,1.1102230246251565e-16,0.0,5.551115123125783e-17
0.007907264637511402,0.004114169489164876,0.015847855538741906,0.030922852497123232,0.009333299923412586,0.03381859491697864,0.022208719059030546,0.026511063790243206,0.023634222879694466,4.84446372372993e-06,0.0,0.01258738846077223,0.029043887276465785,0.029881831237327627,0.0,0.0182937443078508,0.00802597972029423,0.03162920024243959,-1.1102230246251565e-16,-0.04466991159339906,0.03400530363407661,-0.0030830887776065463,-0.008541731966321686,0.051253421578742575,0.011790395610667248,0.008328876274490249,0.01537740247565672,0.006344634731411669,0.0260842418525008,0.035433234055633256,0.01989098363649766,0.04187245622614805,0.03415341709512498,0.030631711031616493,0.04658580819292252,0.03959084395344714,0.03363722996770574,8.994438197096333e-05,0.03064540848504349,0.026847072923985804,0.03473188692870155,0.02400670853108744,-0.03365900258939114,-0.004259734805707349,0.0,0.015604093762080717,0.046133504963392136,0.023494958772868557,0.0,0.0,0.049325089335893135,0.016415798974254492,0.07606928692807696,0.0028198545299529254,-5.551115123125783e-17,0.0,0.007426820793396682,0.042383105902778884,-1.3826984595399772e-05,0.05889198031281706,0.027544786929397824,0.00048331863317691015,0.03996279298415639,0.0,0.06005211027546681,0.045766530746625234,0.05651054022374502,0.05642035536735074,-9.403911100669404e-05,0.04506797083920233,0.050358557637122714,0.06013313899416406,0.030285081774856948,0.04255557715757885,0.052978379978678436,0.036301193511885155
0.016167282377488656,0.004450817173803856,0.02228297751768471,1.8524021639987343e-05,0.027160113150553222,0.029659441387526853,0.030363392872296557,0.028227236997313943,0.04988310696783532,0.05774830057461877,0.00012439135257241718,0.019153531404330848,0.01631198913820292,-0.00038596037032823105,0.0182937443078508,0.0,-0.008534136140908755,-0.03405907286577564,-0.00013127249128458418,-0.0015093639985002683,0.015047945325735612,-0.012326214782379774,0.037019145786913066,-0.0002153495268242822,0.004182679018157498,0.023229286224128676,0.014153028098135734,-0.012717890230976525,-0.007867537536009661,-0.031595148963434905,-0.018765449333899897,0.0015736914414225533,0.006358097452725753,-0.008805773201338463,-0.026040788367620804,0.036055447677894426,0.0068382684630950985,0.006322575561608479,0.03534884830778934,0.019494428193081115,0.03571821410673032,0.017573809825502607,1.8029332935431963e-05,0.0,0.0,-0.007081284805454613,0.028456110275982383,0.0,0.0,0.0,0.022590781950322325,0.0062149200384046255,0.008983644362352883,0.0,0.02955068350504092,0.0,0.018839939083692414,0.00856614978326975,0.0,0.035846787637411504,0.02127616792484832,0.028270897622817925,0.026679441275654303,0.0,0.04201682206696222,0.024986080658215615,0.004648005197432192,0.046481419375975,0.005970951161935745,0.03597474398896744,0.033490481826307095,0.043902883866255626,0.02653833623993379,0.034600589565120576,-1.1102230246251565e-16,0.06034785687638222
0.03196395647748962,-0.008228952803138012,0.027864818937891278,0.013397596270575074,0.02643545281684284,0.037247186871516236,0.01060193367515877,0.010994722556785741,0.025536848745106366,-0.01730996522927314,0.0367369385591651,0.020366921757680012,0.010946836355352041,-0.00011334078161179262,0.00802597972029423,-0.008534136140908755,0.0,0.016509900840553315,0.03180728185729731,0.0222777336919861,0.03199212354016223,0.0091789947876188,0.03287790711919891,0.009720800812187569,-0.0256571367005764,0.017674005310746532,0.02719643274302791,0.008699355577822032,0.015270525214994723,0.012899278327458297,0.0030037694723533126,0.010794677933187391,0.03658393938596194,0.01057088162548786,0.005030279498071999,0.011881523838810915,4.9994853377588466e-05,0.012429229625927074,0.004728755264995277,0.04650577975666659,0.03335330591726954,0.017604255312348327,-5.551115123125783e-17,0.0,-0.010981199917014517,0.003448977276197196,0.029863654043045085,0.0,0.0,0.0,0.0,0.0,0.0,0.0,0.06394725310113603,0.0,0.042188923754554186,0.0023124896408900364,0.0,-0.0002014032031927293,0.034938112571894,0.062175981438899464,0.038500078851145536,0.0,1.1102230246251565e-16,0.0,-0.005358329846380183,0.0,0.024564308202119356,0.06809029063268207,0.05635206480934052,0.0,0.024544720611736015,0.00010865500846418685,0.0,0.029536699009600542
0.02942399045190014,0.00861244102603026,0.0475359519560522,-4.12901777453456e-05,0.032077725786404665,0.028629872408498236,0.031568498565349656,0.0354205124684997,0.03338462136464654,0.01657598601046062,0.047325435952192796,0.029997336594936308,0.017531422729153923,0.00011706623561696938,0.03162920024243959,-0.03405907286577564,0.016509900840553315,0.0,0.03875231110692079,0.006837230204011002,0.0047377123172195335,0.00416671127381435,0.04069193605672078,0.04174081109641209,-0.0022067127209947635,0.020984846555370862,0.025193504158002533,-0.0013781700485004378,0.02082879092469908,-0.0397779153453276,0.0038320723554716163,0.011038948941970106,0.03591593105737312,0.02000200439578509,0.01368518539865049,0.030431738717462797,8.33231727196404e-05,-0.001478690657619297,0.022326899408081524,0.021638233654611705,0.04966585875825913,0.030751768177660843,0.0,0.0,-0.005485431485787451,0.020843772665377458,0.042294345356197194,0.0,0.0,0.0,0.019844502926520402,0.00035140056781013396,-0.00041813565988846335,0.0,0.05217003519360042,0.0,0.04369162732987247,0.02702126702408114,0.0,0.026685650917904646,0.021957133462313594,0.05742197896286688,0.04081943551575201,0.0,0.02842088801079079,0.021945161554747794,0.027207874645485963,0.02171735216305659,0.01578189221990034,0.04678718604639148,0.05070519690941666,0.025549211602187427,0.010546638989099633,0.016688715620926775,0.0,0.036234256386405206
0.0,0.009462831385707693,-0.026340391129993368,0.02144425138341932,0.018349634964165584,0.06568014634064384,0.046538551688833696,-0.0034347390665236954,0.0312606924225286,0.031845564523387826,-0.008384368028833189,0.03621871823741002,0.03716353805543432,0.02281379098531372,-1.1102230246251565e-16,-0.00013127249128458418,0.03180728185729731,0.03875231110692079,0.0,0.0002737583310916114,0.007329400433893296,0.008065247481710336,0.036618252982607014,0.0297568880134631,0.04372227849230104,0.06381616178163457,0.028165151051925463,0.03414592927664989,0.030079836304083618,0.01638934959666527,0.04174385095929167,0.023821779420562406,0.03157591457141168,0.039680052144762334,0.025853557006063566,0.03055016747949163,0.02260854793537559,0.03326186387999297,0.01900802699867049,-7.777091238275746e-05,0.03638775349255258,0.01438226173588697,0.05347316886768827,0.020980408840535814,-0.0005459492598577365,0.0,0.0,-0.1401797081679994,-5.551115123125783e-17,0.09311454984046719,0.0523325652080634,0.06274680511092934,0.025822420515195565,0.05224785623086492,-9.086200950308987e-05,-0.06451561702155417,0.022189097888937304,0.06670529573774131,0.04725795565802038,2.220446049250313e-16,0.0,0.0,0.0,0.009259061570587424,9.353090968777789e-05,0.0,0.0001204631547077617,0.04621695250000335,0.0,0.0,-5.551115123125783e-17,0.06073975232462103,0.03166886010477454,0.04718091809082031,0.000322453259826605,0.0347768975476358
0.0037728141283094874,-0.017403196116988484,0.03822224404016439,0.014340444627550075,0.02529019054806303,-0.00047629716588099,0.0397071523612591,0.018407731559435814,0.030053782659784645,0.06174340704696468,-5.484188241611232e-05,0.0035031636688317436,0.01450933850572178,0.013756723649112956,-0.04466991159339906,-0.0015093639985002683,0.0222777336919861,0.006837230204011002,0.0002737583310916114,0.0,0.04685740172706132,-0.013707024500020815,-0.04828563305945194,0.026350215968927504,0.008859463203805429,0.00984601212864028,-0.017458420665711516,-0.007458091946849266,-0.0035753436061792265,-0.017328458888124787,0.011632261410964573,0.02460038943912435,-0.005771485194658088,0.024786088900927372,0.024637128453291413,0.021661815117749228,0.016863551788522335,0.053038486346921876,0.04817985554322529,0.02378954253139065,0.041017924162648045,0.05995193970845819,-0.04567724895167069,0.0001600574371224961,1.846448332654127e-05,0.005596674291557746,0.02573026952645313,0.032037512496645715,0.0,0.0,0.047247991699127856,0.04625833715219724,0.06038872780606919,0.03158858759154948,0.0005860651684860274,1.1102230246251565e-16,0.0037428451480461256,0.030998621981506047,-1.1102230246251565e-16,0.04784096056684212,0.042673430433476045,-2.868077764334176e-05,0.04014913233925416,0.0,0.04942680497195978,0.04130276773586522,0.04303068483495254,0.05633368258293886,0.0,0.030426810309104824,0.0370516081055669,0.05567889509076357,0.035835777478763764,0.043887934296432285,0.0275369096576078,0.03372513141583
0.007021447739173625,0.012380322817107492,-0.005178973169786105,-0.0003637215012016193,0.04143698151339115,0.016294400188801683,0.038180178660967345,0.017119333778350065,0.013296502672529964,0.028387199960954956,0.013382963301480921,0.020769408602642703,0.026506047390010834,0.015444340639452492,0.03400530363407661,0.015047945325735612,0.03199212354016223,0.0047377123172195335,0.007329400433893296,0.04685740172706132,0.0,-0.002917020184283692,0.022082819722508695,-0.00935703950909711,0.0269253378584261,0.036021166713163466,0.042974555098385936,0.008571396038356272,0.044800259458118274,0.014994832730588159,0.014929977860304533,0.027746270588994704,-0.03882077998129646,0.01942229910649801,0.016646146540526596,0.011501838487423865,0.003959818843464413,0.01208210872360338,0.060615063342911946,0.044650717429820797,0.07528670959686501,0.01677202304064218,-0.0012869313757527534,0.0,0.0,0.05775989773743845,0.04547352597673526,0.019368783832602265,0.0,0.0,0.0482714736466035,0.05883200757402246,0.13642171889773752,0.0098506193689617,-0.006585641988346047,0.0,-0.006095610774234206,0.03740062854274451,5.551115123125783e-17,0.047234768336719246,0.0314505044923345,0.0,0.05221712944509116,0.0,0.07570174549286512,0.03406840947618295,0.06774372511683785,0.07639149846055754,0.002695943850861582,0.05344706758789769,0.04276118831732478,0.07495574644572306,0.03775102698450078,0.05266714063603262,0.03190376440889514,0.06387661905396796
-0.008608755821929659,-0.029674689400281784,0.03550416768920461,0.009440832127617038,0.016259107779488302,-0.0030619086784030025,0.017282920587104234,0.011430863563070714,0.023777111653617733,0.06326653391833803,0.0020607408233802027,0.025347589097825418,0.003579994075391668,0.010893093613808413,-0.0030830887776065463,-0.012326214782379774,0.0091789947876188,0.00416671127381435,0.008065247481710336,-0.013707024500020815,-0.002917020184283692,0.0,0.0037133562431326816,-0.013352601060102831,-0.014412235137967688,-0.004454642590160152,0.0019605514478558406,-0.03843028120549469,-0.013729881399296151,-0.05595174554655363,-0.012251859703076684,0.026788342889365824,-0.009279153307451493,0.01850162576837311,0.03477965523735388,0.0234192324237954,0.025126564155144415,0.0229721117081782,-0.0010611322907377319,-0.03065579980809685,0.013660951588173986,0.004831034035194581,-0.04760284458547548,-0.0007075685503739049,0.00020965646491566403,0.012990692239387203,0.010527120157096781,0.017677082252477383,7.6032893091548814e-06,-4.431748256522594e-05,0.02281281849400868,0.02475788419378744,0.04588098832004095,0.020847784755732734,0.018323256703559554,0.0,0.010521713286033074,0.03376175811703391,0.0,0.04283775439061843,-0.01638543123382835,0.0106465329300367,0.014748179021450425,0.0,0.04136705048203726,0.021892018339401575,0.03288299515581,0.04003392668724598,0.00714982122526675,0.028205685462032004,0.03021883029327277,0.0458689660085041,0.0408877436766904,0.03624660633744253,0.012223048546165016,-0.0012135019861448382
0.026262170509615268,0.03300083189003422,-0.029610725479263356,0.019470411059593795,0.03111137669153269,-0.0037477627726915097,0.029951748164937064,0.014389984819301871,-0.016375737710632277,0.03328696404456616,0.036419128052612104,0.027040915384234976,0.024859321052095373,0.027850999971838764,-0.008541731966321686,0.037019145786913066,0.03287790711919891,0.04069193605672078,0.036618252982607014,-0.04828563305945194,0.022082819722508695,0.0037133562431326816,0.0,0.01837392787539832,0.060873031700367675,0.03828272114843356,-0.018761157696525532,0.013622030727167778,0.02105935779935353,0.004180562816966493,0.02813485033512486,0.025543919102054946,0.02992619550417025,0.03837702101561258,0.029920924596466003,0.03265631537256547,0.019602907260666436,0.030914632794138863,0.04421635840954241,0.044713798641284386,0.05002788624935006,0.03589279474042528,0.02210225338645677,0.04513581711290293,0.015795594705364402,0.05270482396649706,0.05980284556805732,0.05462694916831634,0.05989186146240549,0.07081231743401994,0.04311328908408918,0.053133343624269136,0.05084819649024852,0.055960861124815575,0.0024131753670487144,0.08744040276749321,0.014475379656341048,0.0382816107812366,0.04484783318817631,0.054059150122869826,0.04611148396521808,6.976916352763318e-05,0.04608598707114786,0.08670523233067329,0.055368434066568106,0.04833509538172781,0.061252948649551775,0.045001946342303145,0.00026887646515344477,0.05005930465032499,0.05727759000618626,0.048817922653794255,0.03233732291859881,0.04285463276613355,0.03499247013908324,0.031106568723015426
-0.016199848719079757,0.005424748624787368,-0.021570773060280213,0.012076553492696152,0.01883358564162274,0.025092381487624327,-0.017715460810974137,0.00814385707819787,0.021063413542570852,0.03970497182384686,0.029359628923045666,0.009464016417088938,0.01792573897925903,0.019734558377421774,0.051253421578742575,-0.0002153495268242822,0.009720800812187569,0.04174081109641209,0.0297568880134631,0.026350215968927504,-0.00935703950909711,-0.013352601060102831,0.01837392787539832,0.0,0.037872429566251364,0.002549713315351698,0.005714598545140059,-0.0011864479691439112,-0.033810657073069905,0.007897495956509959,0.007254304643276865,0.0010303019185693985,0.07117260839309447,-0.010961416888531583,-0.033298289691225336,-0.02780754317151579,0.005267349928148535,0.0522760283800911,-0.035491059153774596,0.025976972283752453,-0.12831827796757717,-0.025875034722475432,0.005429053900621816,0.0026516728922252875,0.05223025843160767,-0.01467547527513946,0.068928655760157,0.0,-5.551115123125783e-17,-0.00027557541406825203,0.0027236416098411764,-0.00023614115257308832,-1.6653345369377348e-16,0.0004909139911595806,0.06410052475333633,0.00036114346593418833,0.01999669379087765,-0.004405577218042356,0.0,-0.0009941592515344544,0.07624880564609737,0.06512748381128824,0.05165710634874554,3.358233120454024e-05,-0.0006302241914581397,-0.022337839046731423,0.007225406839928339,-0.0008586276148265237,-0.03707641579491405,0.051102808934460786,0.017473558947469492,0.015835265525823372,0.007703320479690523,0.013189115084626057,0.0,0.04227824678069786
0.031293346983917,0.002128530022488806,0.09122392795574152,0.0005393280693154479,0.028307704986718085,0.02198600075507573,0.03553988092921412,0.02770852932122564,0.06453934091387686,0.012178377276254315,0.046175202452833575,0.02281965338244657,0.02304955352644278,0.006226582393918656,0.011790395610667248,0.004182679018157498,-0.0256571367005764,-0.0022067127209947635,0.04372227849230104,0.008859463203805429,0.0269253378584261,-0.014412235137967688,0.060873031700367675,0.037872429566251364,0.0,0.005668131723963299,0.03618837867640551,0.01712314345451038,0.020030265415627246,0.013016191834772817,0.010890643763177,0.011288925159047947,0.036388978196361665,0.027817875770666245,0.019070900000247193,-0.012369371823311048,0.0021345268555976182,0.01977496637526166,0.054859598185605096,0.036257890817847305,0.04432758103162504,0.04257214849234586,-0.013707410504826711,-5.551115123125783e-17,0.026353924818715402,0.0053274533444619965,0.04039602137866505,5.551115123125783e-17,0.0,2.220446049250313e-16,0.01385417162219299,0.011561575816115277,0.02312167075280447,0.000521888394990011,0.07073878171821313,-0.0003788516616365367,0.04964756061094627,0.08834431939388881,0.0,0.04169697092450214,0.031783460192169044,0.08026176095987791,0.0464332631659396,0.0,0.03287814086977486,0.042388566582970966,0.030905174346652686,0.03972226210210711,0.029101242399660776,0.05562785833494022,0.04896834354310625,0.027617248778880055,0.02137512045723622,0.015255817357940127,0.0,0.04553254503058912
0.006460398645768806,-0.007932150714908937,0.0546950593876851,0.033048992226823504,0.030050595165025007,0.03745605064709778,0.03204595572737834,0.022285480702733673,0.05271653748945482,0.013598821310427112,0.05123859889389798,0.017106050696169384,0.02406987892207224,0.025856240334250102,0.008328876274490249,0.023229286224128676,0.017674005310746532,0.020984846555370862,0.06381616178163457,0.00984601212864028,0.036021166713163466,-0.004454642590160152,0.03828272114843356,0.002549713315351698,0.005668131723963299,0.0,0.033471834745350926,0.02054096686274215,0.024311391178130082,0.027797714439079357,0.013930949665060144,0.016572517223924776,0.04098614467563383,0.026673026235599695,0.023025758852323663,0.03707314434467135,0.026654228807545588,0.023399626911821014,0.04023339284400018,0.044677120794482605,0.03753261788458995,0.033756101876641686,0.022074092311086924,-5.9702492658297857e-05,0.049579397621355215,0.004729420470337642,0.04302569352277802,0.015651638089093534,0.0,-4.320300964699708e-05,0.03557416481610198,0.028053000690478724,0.014583212619105501,0.01045812158943682,0.06496858469167288,0.0,0.04017415688571402,0.028709515457404522,0.0,0.047275216952874066,0.024997651346670813,0.07636226010402469,0.04850018739076206,0.0,0.04604386761018836,0.044562524700602846,0.035726221872788455,0.03834546933440608,0.010322329223648341,0.05121878188545237,0.04065360131508894,0.0542668168376913,0.027205280050153657,0.022124340047303126,-0.0004802781823806668,0.030008432917120575
0.01587377751053609,0.009260359881165303,0.009352438025211518,0.018503889111357252,0.009575189697238584,-0.003168343187904099,0.02715870766791406,0.016099460228494622,-0.002601545244469039,0.03198834742818463,0.024020127910418965,0.031004294643503294,0.01767092170148632,0.017342969654064844,0.01537740247565672,0.014153028098135734,0.02719643274302791,0.025193504158002533,0.028165151051925463,-0.017458420665711516,0.042974555098385936,0.0019605514478558406,-0.018761157696525532,0.005714598545140059,0.03618837867640551,0.033471834745350926,0.0,0.0017418619389831802,0.014390079531206912,-0.009753099808015087,0.008351001194940366,0.023042212174170296,0.017847019102889772,0.026392627929574253,0.02601752215832881,0.024854287904516603,0.016435228500595866,0.017645626536971215,0.042924838874666194,0.05626585681328555,0.03135027030205928,0.03822783430537402,0.004441252853189248,0.05754255386370416,0.016473742301517602,0.01303569462488402,0.04426810026627492,0.02229026617449703,0.008606563020130964,0.05766796568645294,0.03780767572177468,0.04623073701745717,0.03737321551149386,0.05143009977536739,0.010621625698383541,0.05206449546254854,0.018399581910148788,0.027803742088390093,0.030762106494099606,0.052677959785048745,0.0638161068059705,-1.1102230246251565e-16,0.04538089570274345,0.031548007125417055,0.05101753650021129,0.054815335164378476,0.05082459520851412,0.03744746645789987,-5.551115123125783e-17,0.02654009251937184,0.06470525888777112,0.04466795682773905,0.030119278916160286,0.03749460377327929,0.03468874246533182,0.02582958286800674
