0.0,0.239632480543112,-0.038081830585477656,0.0,0.28023726505161345,0.22073076430867675,0.047237756494531186,0.08107933724516249,0.09679895753223022,0.18933935248419756,0.037585589364880656,0.04682600165892763,0.2318049061568807,-0.016992002687728148,-0.09367423681594052,0.27355666128362705,0.2229049471161158,0.1515010597772623,0.0,0.023510716253585914,-0.046370236900756236,0.13362404340220724,-0.09578850469058738,0.01731972334857164,0.15997274638457193,0.14521405039934376,-0.09587573645864585,0.13797272044124329,0.21463467331162092,-0.10235674337910733,0.09923747459094372,0.26389692666505193,0.0832300440267105,0.04330436738866079,0.03323884845349358,0.19538555110929975,0.227662629623522,0.1503264217632007,-0.012778448810025302,0.3064246409685869,0.3010086292439179,0.1910935098120298,0.21769391814112027,0.0,-0.03789065146477466,0.09344307587669436,0.13793336498710904,0.0,0.0,0.0,0.034988740817742066,0.0,-0.0683743455954543,0.0,0.15550656718842046,0.0,0.13510644561082832,0.18321148667516954,0.0,-0.033315301872418386,0.1651264167358226,0.49669938451058093,0.15436936047502248,0.0,0.04218293997538456,-0.028251611606048027,0.21686104805882786,0.1739048378927502,0.16381414296083263,0.13081165521093005,0.19697524397513577,0.05982786607796099,0.17864905524724148,0.1061978621791495,0.0,0.044393160335820456
0.239632480543112,0.0,-0.1440800337958979,0.14443290191118383,-0.20475652840876654,-0.2084321525710127,-0.1253675531387088,0.38763693770684987,-0.18283305767367566,-0.35771813168260647,0.10200680091049452,-0.1438092649807624,-0.12188013952758317,-0.012381896592847315,-0.027720366977839556,0.1352689554182854,0.2448111762360604,0.04854598611495091,0.2529894574312157,-0.1244253555782433,0.207282111161241,-0.005262925354713023,0.010620198222293646,0.13009548067183546,0.02982223645363776,0.10754947400976747,-0.03220874046243773,0.041380112772067934,-0.1230751707325855,-0.11002441091275082,-0.028058022594646147,0.09578626063095315,-0.05239676799454604,-0.020695717211835295,0.002830396027431039,0.30239493779886173,-0.014500184974479056,0.0,-0.045936659593209264,0.3707179229494989,0.21065454341155382,0.17923734876512792,0.21522247216394727,0.0,0.0,0.026588864455133792,0.11154568391248222,-0.023227909763825,0.0,0.0,-0.08415474798186806,0.05107498087031772,0.16156358928661319,0.27576072797344037,0.3433386673457004,0.0,0.08345967918148489,0.19977067673525345,0.0,-0.01842740567804553,0.14224318034473538,0.2778002247893361,-0.033370203687487984,0.0,0.16736945809551243,0.39119743444730437,0.12850600989072014,-0.070103848184779,0.0009929083751290986,-0.01688474010961699,0.059262964951502586,0.024533134395220084,0.2778981570362509,0.0560046520545251,0.0,-0.02364525515060477
-0.038081830585477656,-0.1440800337958979,0.0,-0.17956574231080397,-0.19412939018415995,0.01492520732980273,-0.0065600598587010756,-0.021502533230873293,0.028564567963673414,0.07903834534002976,-0.11637103406038832,0.059778855289806955,0.022098529690697755,-0.11366523660396693,0.21706373473389862,-0.04029283906829527,0.1727069618665741,0.43166541008054476,-0.13366717741870562,0.029756506897943694,-0.09394186646217247,-0.20483909576963688,-0.0400471878220814,0.05944118000108979,0.027281240713800354,-0.10902791532108258,-0.013064234942672032,-0.0016729144923101624,0.07513099657782941,0.08093238594080993,0.012531623255254004,-0.015357027978543547,0.25525574449369753,-0.07144788922217502,-0.04400773280013716,-0.08246267579735037,-0.023980412926581395,-0.05867226431482182,0.07044029643721789,0.2028683757094624,0.14045471300162485,-0.08104046787701466,0.17970013557407788,0.019023893503196707,0.0,0.0,0.14367184041773354,0.052855445029731246,0.18311810004023793,0.07953896052722519,-0.16938778758202622,0.08982430466474325,0.12980208048024064,0.05110363933681257,0.17800967839022427,0.024369680663838843,0.09939147240536864,-0.0014911201435299434,0.21934801426279102,0.1534324091602868,0.0,0.0,0.0,-0.10273386512555627,0.3225284120099478,0.16716708461595217,0.10410728255844488,-0.03233249756537714,0.0,0.2462925849604346,0.19072054831574897,-0.13157449715488673,0.05717501157580727,0.14252591674180295,0.25138928042093306,-0.026153096565882092
0.0,0.14443290191118383,-0.17956574231080397,0.0,-0.0679426144067454,-0.08867264787333166,-0.01211550899309715,0.4033719833461866,0.09539858727832672,0.3439520487641575,0.07130698826390608,0.026933873512372006,0.35453363397789156,0.22354879180688025,0.1351222869178956,0.1444781938460634,0.7462712502153888,0.21431971467346478,-0.1092880583300237,-0.02332734825446541,0.2427297103955446,-0.16040777742924928,-0.24431272614079744,-0.03834539820870553,0.3553161831043912,-0.5117118968710631,-0.12280237339734562,0.23752742486893944,0.015502689323473519,0.2432033590389504,-0.06332347288730808,0.42996259579271123,-0.18944615483211433,0.22724385981388784,0.30503891881371253,0.19181654802384263,0.21300367449911617,0.15490928856627875,0.07161376889333623,0.18415852446276842,0.3615608397224024,-0.10093704899629177,0.09625132025167622,0.2486177757786051,0.0,0.0,0.0,0.1553595980109065,0.0,0.0,0.3027520183281578,0.0,0.2357926610292513,0.1551664838378153,0.0,0.14305418339198156,0.03483264576223313,0.19274858792543428,0.0,0.0,0.0,0.0,0.0,0.0,0.0,0.0,0.19886724924869742,-0.16268729142023142,0.0,0.0,0.0,-0.15672026429949412,0.19920629270731027,0.2652325309249254,0.0,0.0
0.28023726505161345,-0.20475652840876654,-0.19412939018415995,-0.0679426144067454,0.0,-0.08779851640784346,-0.1500055898106409,-0.07474525088718383,-0.02376380409442162,0.34023941145720554,-0.1527054908259219,0.3586927695006211,0.11304758706612786,0.050847746190797766,0.30805551683438254,-0.18676802513708862,0.42579669229995887,-0.2876524620360341,-0.2855064103473087,-0.10265675603270093,0.09613968929078408,-0.2409620532935981,-0.21403820884688568,0.4785380058930041,-0.10119881750085621,-0.20159493447173638,-0.08317538725606122,-0.07274529940813446,0.04241167936057955,-0.13577347902453196,-0.06005690458527885,0.037712012669769146,0.003943650443158147,-0.036721637512217006,0.2483339856777979,0.2436639376181066,-0.10870112699821667,0.43414477926499023,0.028551789165071957,0.40386044051980946,0.02986449169873454,0.11846472684657935,0.1815356423490797,0.09666793246761736,0.14823875301489448,0.0,0.024288470209106586,-0.10958295158987537,0.0,0.11877701534538673,-0.33302287007713616,-0.2528437044027769,-0.08855216526266324,-0.16160086118421824,0.0,-0.23829801073204532,0.07872845735229597,-0.13106624049620086,0.2828488249826232,0.06615027163956869,0.19621724720198272,0.0,0.0,-0.010442919896164193,0.2809314499425641,0.22089010510808582,0.28550648551381863,-0.21856595048851102,0.0,0.20186213120904362,0.2780775722009839,-0.20562673571891346,-0.1589186872249748,-0.01503347527292366,0.0,0.053101346987715056
0.22073076430867675,-0.2084321525710127,0.01492520732980273,-0.08867264787333166,-0.08779851640784346,0.0,-0.0051004405046762985,-0.11897126539141645,-0.03898342585495815,0.1215605737145114,-0.08563202852521717,0.18316743783505407,-0.0024634095651482526,-0.17648705616179303,0.024260885302275458,-0.25201182685466605,0.2968297547262042,0.00779332146567191,-0.034224143008882636,-0.11097818079604303,-0.028067757837419577,-0.1840401428952762,-0.06837826673843479,-0.12133815915912499,-0.1813381483887337,-0.02386146253986636,0.037214226444297095,0.04985018291803347,0.11518669895988676,-0.11896467702914182,0.053299552925679186,-0.17991926835491387,-0.12524504043732615,-0.00551784337758407,-0.026931391681094367,-0.27871779500622573,-0.1505657616659737,-0.18550848774969533,0.02126492177527834,-0.2759741174863735,0.0036667619643237295,-0.10156848406758759,0.23706923025999066,0.03439934480485107,-0.1491367501332213,0.11046464579831194,0.00446072903717374,0.019761752497469906,0.12882873519123234,-0.1209131028715264,-0.17430179430603648,-0.11193423939673078,-0.059601128378786075,0.12692205299711434,0.24638875692577492,0.1928718495700616,-0.31675016101986603,-0.09461804280097427,0.16290328528122477,-0.03776103147556452,0.15787976747271829,0.0,0.036406549839207956,0.20964852429872777,0.010365147283294351,0.15939945500048008,-0.04975210141819252,-0.1000101972150259,0.21764881272551662,0.7921844187731045,-0.05832083819660508,-0.11274410808527484,-0.06950887710871619,-0.13757499899297126,-0.06840133525680261,-0.015466619367030199
0.047237756494531186,-0.1253675531387088,-0.0065600598587010756,-0.01211550899309715,-0.1500055898106409,-0.0051004405046762985,0.0,-0.06398993868763783,0.18079726504223587,0.11736390297902569,-0.04752953951806904,0.05300021621244422,0.12105189724721915,-0.05158122020193644,-0.10316593544258404,0.06569136357146585,0.14799763554621673,-0.0698976841505662,-0.028198338982026193,-0.022168669926354488,0.015463979121784655,-0.10471175810619673,-0.09661939469236783,0.009640256773190331,0.038832438730785436,-0.005639809179408581,-0.07934357481453415,0.028429792812150953,0.11587724599754773,0.25012879423540413,0.15997055776458236,0.1924990351559391,-0.04385316184293124,-0.006803719408622844,-0.06292383187041743,0.05929154569630968,0.14682934737740166,0.21150217098595622,-0.08861228309159512,-0.05719000520087644,-0.06068282555749447,-0.1164040172854982,0.33869196378449695,-0.19770948071350336,-0.02025951618744204,0.0,0.0840907339611508,-0.00298693701998275,0.0,0.11124577539409825,-0.19449814923158615,0.004086388571368733,-0.040623487000390535,0.19111594350189598,0.05753912406784745,0.05373585850053648,0.30468849073508486,-0.21007535944215808,0.3016873544910003,-0.00470342309938776,0.18346059681966698,0.0,0.20675680966469748,0.1256294541921813,0.1782726795044541,0.04550144266254226,-0.02391572076355565,-0.07135207639235626,0.20110697095829758,0.03277957022427526,0.02264974829218322,-0.07640342269366104,0.09075299854807128,-0.10075044622648015,0.07800619799874141,0.13857210117537164
0.08107933724516249,0.38763693770684987,-0.021502533230873293,0.4033719833461866,-0.07474525088718383,-0.11897126539141645,-0.06398993868763783,0.0,0.15423076605459957,-0.015413509767494338,0.30432240901809937,0.21096117889747612,-0.06202302515697769,0.3261800672119849,0.17682566545867762,0.2713292285695388,0.035470014712055645,0.2601648911743384,0.07879673086564284,0.1755724481970503,-0.10876867772529082,0.07124228443405653,-0.17246609068267454,0.0597575712108977,0.24309732615999202,0.24906340417422768,-0.09863695032410127,-0.10094503726479288,-0.023973418740677342,-0.08277431245456841,0.023041773043344697,0.18270719037719865,0.29062001237098245,-0.004269575578559927,-0.01160035403708273,0.1998208500901234,-0.09938827287911581,0.17748687621143505,-0.1315650805301382,-0.07329867404129162,-0.04466244794585169,0.09880230276966029,0.3418283400362403,0.07833368272039797,0.0,-0.0073596993942267284,0.104752271094489,0.00920998239522456,0.0,0.22307210664615354,-0.18532362385059542,-0.05883056319526398,-0.14113699926231635,0.08446199659547761,0.2969580528418477,0.19829146680817664,0.434206039401342,-0.08566753274654601,0.41730347762347725,-0.13307603612441082,0.31264203936070395,0.0,0.2571996888594787,0.19161760634822475,-0.10155514252670403,0.23836264283535424,-0.05930087337680487,-0.12270605044999162,0.0,-0.003943388050525971,-0.07910399280007324,-0.18066815845835626,-0.09198915322550769,-0.21984384094299503,0.045896222684617766,0.012512456014465927
0.09679895753223022,-0.18283305767367566,0.028564567963673414,0.09539858727832672,-0.02376380409442162,-0.03898342585495815,0.18079726504223587,0.15423076605459957,0.0,0.16875454746485488,-0.15851462087122273,0.2260697921083098,0.2946869612700237,0.14823108629535733,0.2014097597758493,-0.13779124853944724,0.26961387875645887,0.34334233213420323,-0.05551688925436539,-0.0484755879716464,0.07569684625259561,-0.2486058429469163,-0.06351743533533032,0.16417138952161395,0.1900602371921095,0.36672019165952796,-0.18895987947151277,0.1511234128156227,0.1736734301769879,0.12412742252139927,0.14240058820946422,0.08399725223465272,0.110214281103313,0.10391047153629188,0.1427386807473648,0.059230660306314034,0.07227054447674432,0.23053431245608974,0.2471612339142387,0.2587804417413961,-0.05226136534388383,-0.17094437679255825,0.29145898458534036,-0.323086058750436,-0.118881908451135,0.0,-0.001939600780356869,0.1302447949850647,0.19846727277715062,0.16723337895580817,-0.09210153196111735,0.13068472187891794,0.23002491594468172,0.11362669049953726,0.31959487580942053,0.21106798965384255,-0.2697972572684881,0.06717191400929852,0.20812676429913463,-0.032597997087254374,0.12625774280096816,0.0,0.0,0.20983891465536347,0.17450449520042807,0.2606615029302285,-0.042227797273694086,0.08941103310325038,0.16188121797932,0.3156480934265497,-0.09990332528797073,0.04332625484099145,0.13581882931382994,-0.23834407814152986,0.020455312174477353,0.06068234684109281
0.18933935248419756,-0.35771813168260647,0.07903834534002976,0.3439520487641575,0.34023941145720554,0.1215605737145114,0.11736390297902569,-0.015413509767494338,0.16875454746485488,0.0,0.16140464686173114,0.09102559298598059,0.17094703729026423,0.4236657497871692,0.07644604202340936,0.1254450333418591,0.09560082367084745,0.012694146380414965,0.025644405636040812,0.602076102088433,0.3130586336658435,0.019979219185016238,-0.1169115494477529,0.15124714198482184,0.061592781864835425,0.06566933531407337,-0.031936395251116,0.19960817452722998,0.45119628705726356,0.016335409306345593,-0.02885717651763054,0.14258528990977096,0.11623001452989062,0.286215774722671,0.3357107193218301,0.19797617501230397,0.06604217860539748,0.10184199189412821,-0.04176538719501828,0.31924990172148165,0.2198133605660528,0.0032956442560055227,-0.034394305111801624,0.01232339044587931,-0.17341798279328696,0.24610303700610878,0.3207297925847808,0.17309953131199143,0.18262830903837188,0.21445363484268046,0.10101712710563995,-0.09356557558862094,0.26453466038353673,0.09911063515613862,0.3671843991294687,-0.10243136086848098,0.361190776061866,0.07148038053658377,0.0,0.236175260215046,0.08746097579400348,0.42152714996830715,0.40575167111886645,0.2107688940049541,0.2058517468012978,-0.024980197522642963,0.2736108965190085,0.16272280286288526,0.22958570491201372,0.32890322737486555,0.22235606380679396,0.20480344836396305,0.2499452457091915,0.24074112851308818,0.0,0.2742483751798056
0.037585589364880656,0.10200680091049452,-0.11637103406038832,0.07130698826390608,-0.1527054908259219,-0.08563202852521717,-0.04752953951806904,0.30432240901809937,-0.15851462087122273,0.16140464686173114,0.0,0.17515736196302628,0.040786833397988206,0.0942401189432419,0.0,0.21443327590942815,0.1552745211476606,0.04312497548202174,-0.12722298726920642,0.19716387983522018,0.10882692059773248,0.13163109344330165,-0.004240727268940703,0.04677739273769887,0.2404496921110628,0.28943314380831586,-0.09113010231301082,-0.05821769057037968,0.05846473250459741,0.06995011888694595,0.04250927479424252,0.15693129746676104,0.12363822036807945,0.06496517102900007,0.08854504829075345,0.34655361528132383,0.07483595383241291,0.16985929013444412,0.17181264400763607,0.3737236798675919,-0.07656896837813386,0.1279635022811324,0.38080009256985514,0.17594019699225388,-0.0532208122110925,0.0,0.0,-0.0077292514978591215,0.23635827199652382,-0.32639669465880916,0.014298571633536442,-0.15285839264282036,0.009104209597872968,0.16505817530866296,0.01586195264643747,-0.1587033681424621,0.21594225990632718,-0.08543355973682212,-0.07072054296617569,0.0,0.0,0.0,0.0,-0.1478409746771512,0.18584641888010608,0.0,0.2044063348677098,0.0979154684412482,0.0,0.0,0.370374431763091,0.004126151899532721,-0.017465051043604365,-0.0860300292423314,0.0,-0.1850969786212977
0.04682600165892763,-0.1438092649807624,0.059778855289806955,0.026933873512372006,0.3586927695006211,0.18316743783505407,0.05300021621244422,0.21096117889747612,0.2260697921083098,0.09102559298598059,0.17515736196302628,0.0,0.16535412699753474,0.4462049888221272,0.012953545250401502,0.24687729561663577,0.10256423597211269,0.23844452337740013,0.05163325407543276,0.1920904746319174,0.06891137346820912,0.5774320322577449,-0.005351637034892196,0.04845049738909493,0.11858551193633227,0.2449297909642204,-0.15605124456294195,0.1429184696934097,0.34718275557519995,-0.3506332859503471,0.04360824951703545,0.07371683658510117,0.14956407977376418,0.2782015843918198,0.2999404814629689,0.01899622901306798,0.2018559483739585,0.021391227651199142,0.0150887864108884,0.3288741954947587,0.13384204723248866,0.02956014877274689,-0.004009891240304063,-0.10838348646899926,-0.19175525792259868,0.1307109695185674,0.3512570032979088,0.22655508970867672,-0.20378478514719026,0.24974848684942452,-0.19870504311210913,-0.16194513145056277,0.16959980190638935,-0.15665472987066387,0.4186261135628191,0.022346592411354088,0.4214841920826602,0.05109367311375763,0.21652649458923537,0.2437507839857576,0.32321865841934305,0.43526488680903463,0.483583511752527,0.13117438078438837,0.785302987705303,0.46392404323063735,0.1240881851022297,-0.05165895948931055,0.23694327439051927,0.3575500368878217,0.24294917604292313,-0.339757542988425,0.25085865132966656,-0.1409112828832973,0.0,0.3157623041907558
0.2318049061568807,-0.12188013952758317,0.022098529690697755,0.35453363397789156,0.11304758706612786,-0.0024634095651482526,0.12105189724721915,-0.06202302515697769,0.2946869612700237,0.17094703729026423,0.040786833397988206,0.16535412699753474,0.0,0.21482139341320994,0.0321513629677322,0.07907225669830534,0.1852709508079859,0.036627201004709384,0.04662559955282382,0.10195456927837572,-0.02203523481352889,-0.046945626393770604,-0.1335721650467251,0.0927427058946454,0.1280631973418988,0.14097318937773343,-0.08696065146450982,0.11486649876142827,0.13156508257058325,0.29863838510264046,0.08549902371605819,0.23941708280409868,-0.04368475819060394,0.13059363522734177,0.017170452301179265,0.34212361864191915,0.31154536590089354,0.24753749910638456,-0.07306550089003816,0.0200312045969386,0.14429661898262772,0.012497481727903445,-0.08862172434643306,-0.14925919046183478,0.07513844869373486,0.049580997966977194,0.11533453773105407,0.006080789019336751,0.0,0.0582037591150322,-0.1242969200645517,-0.14920550860928267,0.06348981029010844,0.25306790944839214,0.2604274575278799,-0.0436222191862704,0.14138337760479755,-0.1674022673431511,0.14366694334467245,0.09651472222865819,0.13104952619006227,-0.05318661751971545,0.17133795615627248,0.16488863866715353,0.1595289581712322,0.03433665894649946,-0.0022881206740289137,-0.08204177271196697,0.23012554586028103,0.39037565008480174,0.0733213269136706,-0.08789978807519155,-0.08550242112288284,0.010493014478092644,0.09722894406899735,0.01779258348283185
-0.016992002687728148,-0.012381896592847315,-0.11366523660396693,0.22354879180688025,0.050847746190797766,-0.17648705616179303,-0.05158122020193644,0.3261800672119849,0.14823108629535733,0.4236657497871692,0.0942401189432419,0.4462049888221272,0.21482139341320994,0.0,-0.08818012263931385,0.21717288793280393,0.21727227906269903,0.2129889546624111,0.045742722914712826,0.2739340892573724,-0.013415826105568972,-0.030889374105147416,-0.08043867253995889,-0.5235061967806491,0.1083718003790071,0.18160531459077459,-0.14236480734147708,0.23194074363000677,0.31391821389398233,-0.08160398173610697,0.08521109239299292,0.30630689287579677,0.15885930033872256,0.2783586485964042,0.13504695673722486,0.1334142846093771,0.039422175133797845,0.1413087835178215,0.08608552361625696,0.0,0.2756999435185858,0.2441330653710245,0.29270813594513734,0.1831376960859722,0.0,0.0,0.0,0.10886839713120543,0.0,0.3299713134312496,0.2610955923237467,0.28626092117020835,0.031263140297272396,0.0011579485449075139,0.0,0.23726062072695653,0.17381616975824465,-0.5573933959154416,0.0011580795412999972,0.0,0.0,0.0,0.0,0.08919142016191689,0.0,0.0,0.0,0.07272558907102586,0.0,0.0,0.0,0.038922023976192294,0.37256278061205966,0.0,0.0,0.0
-0.09367423681594052,-0.027720366977839556,0.21706373473389862,0.1351222869178956,0.30805551683438254,0.024260885302275458,-0.10316593544258404,0.17682566545867762,0.2014097597758493,0.07644604202340936,0.0,0.012953545250401502,0.0321513629677322,-0.08818012263931385,0.0,0.02346542971935734,-0.1325028133893652,-0.00415194006450696,0.0,0.16268615990678223,0.08219909585079178,-0.03218810804213775,0.08827320509943817,-0.13983423931298133,-0.008870862081658992,-0.12195627501880792,0.08194793890798219,-0.008081861064323993,0.018037557125587727,0.11410402030946651,-0.036036797346711814,-0.12829982657071973,0.019065674940957386,-0.06167490627009499,-0.08679706300389212,0.047718946932378936,-0.19596075684559028,0.16594186333473832,-0.08003490918183388,0.20457952716772312,0.14257441143286798,0.008429950155004605,0.14635673006551114,0.1993742803641464,0.0,0.11616200813709938,0.35957678426303785,-0.027414254835292695,0.0,0.0,0.049686213368346346,-0.0036026353808600517,0.0001377501403197201,0.19949892063201408,0.0,0.0,0.08495919707781974,0.03838859006529904,0.20963190021441694,0.03411064892857428,0.12048054921921532,0.22696473811996795,0.24688376678318288,0.0,-0.02634603070696689,0.06937941092046812,0.13526716429775024,0.026707131816900882,0.21130806253993709,0.05520825202863545,0.1810619694542363,-0.08754819245702442,0.11609637392437634,0.05351638833865393,0.015228381532568364,0.07560281819611131
0.27355666128362705,0.1352689554182854,-0.04029283906829527,0.1444781938460634,-0.18676802513708862,-0.25201182685466605,0.06569136357146585,0.2713292285695388,-0.13779124853944724,0.1254450333418591,0.21443327590942815,0.24687729561663577,0.07907225669830534,0.21717288793280393,0.02346542971935734,0.0,0.13866123328053032,0.2302404612301769,0.23083820478717457,-0.026396878349555616,0.1400668973270648,-0.0008796695366370538,-0.0037644067374181453,0.2805458449151821,0.246549266058159,0.14387669631460426,0.027740037104145146,0.06328252924461358,-0.05937605159886384,0.030424346899986045,-0.05118332932143828,0.00845586503721767,-0.042234621248419084,-0.015387846703044864,-0.01622249423426804,0.31994670602926223,-0.03656230606511279,0.37656021125393985,0.2978037828089614,0.40833449035144165,0.3643048578977473,0.16785550542412192,0.20980610806285976,0.0,0.0,0.10499046183715385,0.2099881341829991,0.0,0.0,0.0,-0.006589186083944237,0.3529399631983786,0.3955278218908456,0.0,0.19089816730587417,0.0,0.10098239258777837,0.5338220288047915,0.0,0.13429093116086432,0.27743751143680206,0.3618926555440122,0.25854355538091256,0.0,0.2065423439191904,0.3473986881982376,0.244504465940559,-0.04404840086190894,0.4236273694727614,0.27069399141056477,0.20044272997556836,0.19825781703536668,0.11796513168822459,0.467996272739677,0.0,0.10385134818778097
0.2229049471161158,0.2448111762360604,0.1727069618665741,0.7462712502153888,0.42579669229995887,0.2968297547262042,0.14799763554621673,0.035470014712055645,0.26961387875645887,0.09560082367084745,0.1552745211476606,0.10256423597211269,0.1852709508079859,0.21727227906269903,-0.1325028133893652,0.13866123328053032,0.0,0.35623476051725994,0.36244483723466236,-0.08118758728828386,0.2995635553176411,-0.05125990693490659,0.04550018259164004,0.31001817662540526,0.11733741573585779,0.09625734579665139,0.42676197886638456,0.2977842196475576,0.22585054372254298,0.031153060511304283,-0.013144122795398387,0.16010040583238488,-0.0788160251843765,0.13495145341788709,0.20358532700001358,0.2770848373747871,0.15960921752142468,0.09867674428940015,0.6329417461282769,0.4192048220233063,0.47251567085761215,0.265360971476572,0.0,0.0,0.14346206482255458,0.6378179875155224,0.38448931846941187,0.0,0.0,0.0,0.0,0.0,0.0,0.0,0.5369984653043892,0.0,0.3708534191102239,0.11529953461348427,0.0,0.2650903335496822,0.3420404210341218,0.558012845659481,0.4561573502874974,0.0,0.0,0.0,0.5490746369955121,0.0,0.18211947433668393,0.48009004423124424,0.37332919505997186,0.0,-0.0423385236404438,0.20008864175683816,0.0,0.5294668747555523
0.1515010597772623,0.04854598611495091,0.43166541008054476,0.21431971467346478,-0.2876524620360341,0.00779332146567191,-0.0698976841505662,0.2601648911743384,0.34334233213420323,0.012694146380414965,0.04312497548202174,0.23844452337740013,0.036627201004709384,0.2129889546624111,-0.00415194006450696,0.2302404612301769,0.35623476051725994,0.0,0.028022668172175677,-0.03319139992195271,0.17109276371695795,0.009445130375745469,0.1007220709016276,0.10049595445192518,0.09473755273104065,-0.005922678936353684,0.041962225893319695,0.07080042857883793,-0.009106373456262175,0.020596993199314656,0.015086324476380017,0.0008906552664940612,-0.12403274937032724,0.03378397871092302,0.029117737414566542,0.038612675855457315,0.17102104967884144,0.14412488822041358,0.39735196986380383,0.4490914936192509,0.3776252826767776,0.5052209301351379,0.0,0.0,0.4663260358373261,0.25605147387134936,0.32190401290447995,0.0,0.0,0.0,0.16512067463208457,0.2018732503745749,0.2537369466298242,0.0,0.32574743125355643,0.0,0.3088649153554463,-0.038806952017227905,0.0,0.10759992188021913,0.4297489914460651,0.505829658559813,0.412652840234659,0.0,0.20339192951009416,0.10600253672250487,0.4303473501364733,-0.011505259859435298,0.40754750775574977,0.44007236859735466,0.34684954003655566,-0.017863570551535056,0.2033329818602299,0.243047911355042,0.0,0.39287990392958977
0.0,0.2529894574312157,-0.13366717741870562,-0.1092880583300237,-0.2855064103473087,-0.034224143008882636,-0.028198338982026193,0.07879673086564284,-0.05551688925436539,0.025644405636040812,-0.12722298726920642,0.05163325407543276,0.04662559955282382,0.045742722914712826,0.0,0.23083820478717457,0.36244483723466236,0.028022668172175677,0.0,0.2238601098681918,0.3162933417130464,0.2613661326117048,-0.14919474596833734,-0.0021606482810717365,0.26415460231117505,0.1610152686726102,-0.09359471068581617,0.07679693929517505,0.2455312737642254,0.11802516828889006,0.08659019596384925,0.09900905899303065,0.04374207116929535,0.04483784836146608,0.10783527395465412,0.06909680952264581,-0.05877213014581205,0.06471131853372358,0.1927209691899917,0.19918544609233163,0.02026919156848371,-0.11222099638129712,0.26214076937713354,0.21638102881018106,-0.023719453765196873,0.0,0.0,0.25972212287712165,0.0,0.12031448720898147,-0.0460024525459938,0.014363615988337006,0.11863956564915897,0.17891282977556178,0.25352724589626696,-0.17609906619776017,-0.01274019506210659,0.007737081594157546,0.24082129621552706,0.0,0.0,0.0,0.0,0.27837665748927326,0.23572239093454214,0.0,0.24229215140521643,0.06978420732767049,0.0,0.0,0.0,-0.023083305664497844,0.057380388094389244,0.06709241721683759,0.23248682930103556,-0.10106155287028283
0.023510716253585914,-0.1244253555782433,0.029756506897943694,-0.02332734825446541,-0.10265675603270093,-0.11097818079604303,-0.022168669926354488,0.1755724481970503,-0.0484755879716464,0.602076102088433,0.19716387983522018,0.1920904746319174,0.10195456927837572,0.2739340892573724,0.16268615990678223,-0.026396878349555616,-0.08118758728828386,-0.03319139992195271,0.2238601098681918,0.0,0.03852710181324932,0.0941937471883344,0.08424857409074438,0.11274330876307019,-0.07293470399549597,0.02764846788080085,0.07375955909341324,-0.08262814099747337,0.1268769047115803,-0.23396863767895468,-0.019184656001614626,-0.14931870633226013,-0.06313715800509118,-0.0661725174102936,-0.17258482198757674,-0.17738390897198067,-0.16122131242663346,0.47146581934175985,0.08115588309171086,0.2663876313584965,0.2162123686279993,-0.026511450161212285,0.17512911696852185,-0.09817078614166196,0.13292624662467328,0.029783157388434768,0.17300415004777236,0.002260331412711116,0.0,0.0,0.09228631659473133,0.16022964739093962,-0.005443189102815486,0.26258024225475984,0.345478270886736,0.0,0.13983120203695865,0.20836799310833343,0.0,0.021012677028528437,0.2317807482484831,0.21316959850696948,0.31070678204449287,0.0,0.016284021820627097,0.13518446046154167,0.0596081264775684,0.03666451363626777,0.0,0.42254121916480564,0.03386552623303662,0.019183368558798465,0.11962817130382809,0.053962103475258344,0.1301624123866493,-0.015985483311685145
-0.046370236900756236,0.207282111161241,-0.09394186646217247,0.2427297103955446,0.09613968929078408,-0.028067757837419577,0.015463979121784655,-0.10876867772529082,0.07569684625259561,0.3130586336658435,0.10882692059773248,0.06891137346820912,-0.02203523481352889,-0.013415826105568972,0.08219909585079178,0.1400668973270648,0.2995635553176411,0.17109276371695795,0.3162933417130464,0.03852710181324932,0.0,0.007941932951886485,-0.08867624985845197,-0.006893569050947804,0.11963441196106,0.16313193216408584,0.10599009353400299,-0.0305504939628487,0.10543110980386042,-0.1366147707442168,0.06589144666293775,0.04060163163893444,0.1612974126690342,-0.1044054495360223,-0.004758916004788165,-0.03479032262057538,-0.05132124118157639,0.12885611288513815,-0.01714497748813011,0.15467174400130107,0.15262318875532882,0.018660701360660156,0.2414809999906501,0.0,0.0,0.20885174493949382,0.18195813067010383,0.08367038099629606,0.0,0.0,0.037237311406044915,-0.022440752415888936,0.13088173453864999,0.2800829016109355,0.07134973920358043,0.0,0.5035828929611211,0.39501794862322426,0.0,0.05107000700005203,0.16546714272193808,0.0,0.2199919932990907,0.0,0.043244574382362705,0.503020336868721,0.07067073419072405,0.026635553360031455,0.2770043875796147,0.02441487689933681,0.14469932588913723,0.07720914089914727,0.11876664327229827,0.130986067298323,0.1860110525839514,0.02429873685535021
0.13362404340220724,-0.005262925354713023,-0.20483909576963688,-0.16040777742924928,-0.2409620532935981,-0.1840401428952762,-0.10471175810619673,0.07124228443405653,-0.2486058429469163,0.019979219185016238,0.13163109344330165,0.5774320322577449,-0.046945626393770604,-0.030889374105147416,-0.03218810804213775,-0.0008796695366370538,-0.05125990693490659,0.009445130375745469,0.2613661326117048,0.0941937471883344,0.007941932951886485,0.0,0.10100063749846729,0.37929900237913344,0.14552374180936342,0.06610347867158418,-0.03087153144010278,0.04602879497321098,0.011701590499999467,0.10509630264058564,-0.06637846053516014,-0.1420233903735928,-0.052200452951260856,-0.12668208676023746,-0.1201349750397537,-0.10812675748311179,-0.12818051944641484,0.13146151627734126,0.05518947198180752,0.2752069140218238,0.24148740009760103,0.0796449391259552,0.13537315630482954,0.22547054928085472,0.1569068262186236,0.23325809343601803,0.14878313153884085,0.026913420285150733,0.20589581025651452,0.1970185690172552,0.02455482623437521,0.01988774349999377,-0.06321374846491619,0.02992777012136541,0.11404202561227747,0.0,0.2074345294927784,0.0687364115558462,0.0,0.048762512553779135,0.23925283211417364,0.35752366191075885,0.428530299631342,0.0,-0.006026334994251738,0.08791121354916853,0.014160458628546556,-0.03086861882279087,-0.05746047844171008,0.17155247000073323,0.040127062440086916,-0.023557092787656594,0.21198628142755133,0.07660565654578111,0.22547378426982356,0.10592212971231846
-0.09578850469058738,0.010620198222293646,-0.0400471878220814,-0.24431272614079744,-0.21403820884688568,-0.06837826673843479,-0.09661939469236783,-0.17246609068267454,-0.06351743533533032,-0.1169115494477529,-0.004240727268940703,-0.005351637034892196,-0.1335721650467251,-0.08043867253995889,0.08827320509943817,-0.0037644067374181453,0.04550018259164004,0.1007220709016276,-0.14919474596833734,0.08424857409074438,-0.08867624985845197,0.10100063749846729,0.0,-0.011402401482128698,-0.0520726165179191,0.010549180753614391,-0.11615673963549393,-0.09844574689382891,-0.01905389184940405,-0.0495845824783013,-0.08971184868126947,-0.11583683005126512,0.04205290040931987,-0.14043591758000787,-0.0626814023987092,-0.06774402661858214,-0.09682267743441896,-0.10665920825789225,-0.02394542810891581,0.20666406760617506,0.011485933910394631,-0.08195303576143825,0.15598528446454002,0.08345683013740124,0.012990548981837536,-0.02266056408487046,-0.06276612680975512,0.10775586679768136,0.07912091720227044,-0.05221999974720194,-0.1650503727831052,-0.1038253763313161,-0.1259046716016487,0.08482639622117225,0.2320590770785343,0.15999827354462565,0.11526488275595614,-0.07251805622561253,0.11024602938563938,0.0006422509295858289,-0.1484947716409582,0.20585174680129847,0.35649887229067007,0.21920332598792389,0.027318265430715576,0.11735914344090506,-0.023397636365723014,0.04694782577765112,0.13809886788951561,-0.08033572283353788,-0.06271013513565453,-0.11233343545754446,-0.039879356778917505,-0.06706026107416091,-0.01036335359477876,-0.056586994580764174
0.01731972334857164,0.13009548067183546,0.05944118000108979,-0.03834539820870553,0.4785380058930041,-0.12133815915912499,0.009640256773190331,0.0597575712108977,0.16417138952161395,0.15124714198482184,0.04677739273769887,0.04845049738909493,0.0927427058946454,-0.5235061967806491,-0.13983423931298133,0.2805458449151821,0.31001817662540526,0.10049595445192518,-0.0021606482810717365,0.11274330876307019,-0.006893569050947804,0.37929900237913344,-0.011402401482128698,0.0,0.10862734582616376,0.17349690280315022,-0.19181474921743658,0.020442304516408834,0.22511230988817063,0.44656740837011943,-0.10374022817494635,0.18330070681708932,0.07420338130300003,0.13043159323105907,0.2968435440882181,-0.10736044796872218,0.1138117703861802,0.13934787517225727,0.028392736991270442,0.48941212857672706,0.40594571313370525,0.14750324835582093,-0.10767700013550566,0.2272194055867234,0.12674961594982642,0.2083252277254325,0.21125091871015916,0.0,0.0,0.2247340887070472,-0.3526221739530575,0.1882447615109004,0.0,0.10055263771605666,0.37605691556974447,0.20400707856731937,0.34522620536590337,0.3177083774073003,0.0,0.17848862150519715,0.3258196945808404,0.22757705517527343,0.28452083957918717,0.19090561825209232,0.1572510597094811,0.004305447815555405,0.12154234498558733,0.2678942635606249,0.17646837526863515,0.301016803003341,0.18894872029999357,-0.1397296478339818,0.28670449361363187,0.2525932941332892,0.0,0.08393701019905174
0.15997274638457193,0.02982223645363776,0.027281240713800354,0.3553161831043912,-0.10119881750085621,-0.1813381483887337,0.038832438730785436,0.24309732615999202,0.1900602371921095,0.061592781864835425,0.2404496921110628,0.11858551193633227,0.1280631973418988,0.1083718003790071,-0.008870862081658992,0.246549266058159,0.11733741573585779,0.09473755273104065,0.26415460231117505,-0.07293470399549597,0.11963441196106,0.14552374180936342,-0.0520726165179191,0.10862734582616376,0.0,-0.025235056813995287,-0.015296700659793234,0.14235379916815172,0.051571157133131346,0.3671094483029311,-0.06515655651943714,-0.10662370631300847,-0.17914690141863557,-0.09758220588170147,-0.051099419036137406,0.37206280165446204,0.26270724298096493,0.07674086987583294,0.289857177682186,0.4678859220033221,0.3403066171441957,0.34870318633085906,0.1415611280282678,0.0,0.22379966440253293,0.19634678564902747,0.2928209801277946,0.0,0.0,0.0,0.09887849097770474,0.28956307171029927,0.11813726147060725,0.19504788602280412,0.3272215554489911,0.2103563283028187,0.2366069334057999,0.25010378281827045,0.0,0.10633811125404861,0.3105863572803981,0.4364212809630215,0.34386174551661197,0.0,0.28024172583553836,0.0022540069539719945,0.43790460760023736,-0.007817924460708774,0.19355860371447964,0.31947405264709433,0.22608981085947863,0.09188013960148123,0.3165126262592799,0.16173628275733087,0.0,0.30285877329196753
0.14521405039934376,0.10754947400976747,-0.10902791532108258,-0.5117118968710631,-0.20159493447173638,-0.02386146253986636,-0.005639809179408581,0.24906340417422768,0.36672019165952796,0.06566933531407337,0.28943314380831586,0.2449297909642204,0.14097318937773343,0.18160531459077459,-0.12195627501880792,0.14387669631460426,0.09625734579665139,-0.005922678936353684,0.1610152686726102,0.02764846788080085,0.16313193216408584,0.06610347867158418,0.010549180753614391,0.17349690280315022,-0.025235056813995287,0.0,0.07709921523852048,0.1623529672569989,0.0458388744693324,-0.039873092263137164,0.023517560639118872,0.14269140907887295,0.05026763419875102,0.05030835776821933,0.09434307240767066,0.18714681672555838,0.1167979214400986,0.2540181250683615,0.1269187792089737,0.4422819965088377,0.39643868467122306,0.3311165021990635,0.11682967286652615,0.23073130383822282,0.1930615005842251,0.19833339709889428,0.2093406827997653,0.22478311565281905,0.0,-0.01746033879456415,0.05277488256150987,0.2606574222640749,0.08311077499182708,0.19374626865089556,0.30801429759599064,0.0,0.22378107234228856,0.22356893393742705,0.0,0.14930066003560616,0.2185471150003588,0.40823253865697284,0.3548143356466151,0.0,0.20900190763762105,0.4159939068335541,0.13271410186898047,-0.013742663965410608,0.160475603549333,0.31951795883003903,0.23250695466487836,0.023900777733426797,0.30207432224799974,0.12314232584151583,0.20647889839262043,0.2023917613374928
-0.09587573645864585,-0.03220874046243773,-0.013064234942672032,-0.12280237339734562,-0.08317538725606122,0.037214226444297095,-0.07934357481453415,-0.09863695032410127,-0.18895987947151277,-0.031936395251116,-0.09113010231301082,-0.15605124456294195,-0.08696065146450982,-0.14236480734147708,0.08194793890798219,0.027740037104145146,0.42676197886638456,0.041962225893319695,-0.09359471068581617,0.07375955909341324,0.10599009353400299,-0.03087153144010278,-0.11615673963549393,-0.19181474921743658,-0.015296700659793234,0.07709921523852048,0.0,-0.08233154777887802,0.04961392587539655,-0.04531817708158353,-0.025911215178738494,-0.06374268324712565,-0.018151237329199,-0.06191096329149816,-0.03876317091843057,-0.14560140748499928,-0.19763154020250667,-0.01570832786744515,0.005292751772634066,-0.030182966079299614,0.17575225755113785,-0.20023935126711964,0.24868943812115393,0.13499863188227695,-0.00273320549478398,-0.22428427636282502,0.03168956928974703,0.014262842338967109,0.06544648896083385,-0.07847555171953238,-0.1386000144641749,-0.08075143378905358,0.042880488458542504,0.07487207484950348,0.34504896911206767,0.10475786793995984,-0.01631429661127507,0.003666689977150195,0.33611998196008647,0.04179923314393962,-0.11361148371321918,0.0,0.3612016273746774,0.1606712898702411,0.08919673818204626,0.2202924077463827,0.04359716234402683,-0.05933440901210923,0.0,0.25286990234788986,-0.028415084824650827,-0.04862703714860677,0.029096645424865994,0.0012823617854874417,0.018651497345912954,-0.02634628201280343
0.13797272044124329,0.041380112772067934,-0.0016729144923101624,0.23752742486893944,-0.07274529940813446,0.04985018291803347,0.028429792812150953,-0.10094503726479288,0.1511234128156227,0.19960817452722998,-0.05821769057037968,0.1429184696934097,0.11486649876142827,0.23194074363000677,-0.008081861064323993,0.06328252924461358,0.2977842196475576,0.07080042857883793,0.07679693929517505,-0.08262814099747337,-0.0305504939628487,0.04602879497321098,-0.09844574689382891,0.020442304516408834,0.14235379916815172,0.1623529672569989,-0.08233154777887802,0.0,0.12428679213845988,0.045033686470146175,-0.022990434069806987,0.21418214114949802,0.058107737562184306,-0.007479416271998277,0.6339659571137506,0.2806279364570868,0.16728987422156175,0.23671571388951265,-0.03862436147933339,0.05586984995834226,0.08522609523860421,-0.010249910369470485,-0.14483912214849443,-0.3920043186154667,0.19590996426668716,0.07501623722664513,0.12375938978106825,0.017452893810136517,0.0,0.09916706046829289,-0.1181211436721456,-0.3058503578999582,0.0002802731019602919,0.0228508406517375,0.3605735017485963,-0.026014640687435087,0.1385074601457269,-0.09576049453450894,0.19699493851894945,0.09099311833519536,-0.17957666982208967,0.1542488437406162,0.14445120978186815,0.1359873033211699,0.08195411746654557,0.19313075852292494,0.20863611616319258,-0.008356515116170485,0.2887721802058586,0.48435615171826,0.15946086372155596,-0.010349874209758914,0.17437825509588306,0.03248849977707039,-0.049789744949247705,-0.10022918175485585
