0.0,0.09214423932769267,0.05848473324577816,0.0,0.21650841740407312,0.2009771553790231,0.16191419568444998,0.15127249505843,0.0925966651120935,0.06796897881001909,0.06305755094991428,-0.13850004498783985,0.6329102965128383,0.1763893906017876,0.03471006889366078,0.011662719867806322,0.4142496288629351,-0.000630655210563838,0.0,0.2691367058477954,0.28101024750011805,0.0397530083761762,0.17189121927652873,0.036807906853032674,-0.05988819843739527,-0.04246422130157416,0.14200953459716692,0.49848376381190185,0.3795675577880278,0.3547277850756213,0.15778682436788027,0.22551243646363156,-0.04451875256943355,0.1346918444974861,-0.14083926854292578,0.10820048706497645,0.16812181682492675,0.22451111661131107,0.33509178885298785,0.4912867505846062,0.6862400189275623,0.20119939085300242,0.21301479961766148,0.0,0.3293686545045372,0.23201966309402403,0.40787296976074483,0.0,0.0,0.0,0.398890914074114,0.0,0.28447572783769515,0.0,0.2072399707901607,0.0,-0.04095999958624222,0.5063524748776966,0.0,0.6924245365036975,0.3974023225880115,0.09455536565097286,0.2957601621796084,0.0,0.27650808059956805,0.30715398776531805,0.246975663129718,0.3777678332990074,0.044244449546411144,0.38494112895144694,0.20931716204583872,0.11775401995697901,0.23412247534635136,0.22735120360707736,0.0,0.34252704938753437
0.09214423932769267,0.0,0.42336923100160684,0.14301791151833568,0.4168949789876264,0.3509272063172422,0.3764068308347222,-0.16433202037918096,0.34527956523599346,0.3017594496453277,0.11781016957849486,0.2345079566762315,0.3699984602126385,0.2987183249826357,0.4354020276856451,0.03636082345149421,0.4028267786622342,0.11228075285812159,0.5498175852484998,0.244909209230238,0.2890714406765388,0.08999108066663254,0.3564649732003042,-0.03942843389995913,-0.0062901079057168,0.012701756336547004,0.29366678506870036,0.4114390472308971,0.27351662817990186,0.12093592347406856,0.28575499506490165,0.37079664880786767,0.12289164297942538,0.34596388481567175,0.2906146215841278,-0.40362616362824977,-0.07255101837090537,0.0,0.29384266701185846,0.33914204678408627,0.15608784373904594,-0.16328232259798986,0.2187042604989137,0.0,0.0,0.25173710295186624,0.3078292186457763,0.32534815373922665,0.0,0.0,0.20745210758499097,0.1236089988666061,0.2837254476268519,0.7186339047358516,0.5790694636888332,0.0,0.3492412762929106,0.39409634337606003,0.0,0.38285921520672883,0.1507917769198682,0.2289645651625601,0.26171670348697657,0.0,0.2924264686886914,0.4137683339639257,0.21894705015226268,0.3823261605781588,0.061434427817602104,0.25297923434393876,0.25344239458239926,0.3840929664846974,0.5163325582243871,0.20052803555637477,0.0,0.31819925014660244
0.05848473324577816,0.42336923100160684,0.0,0.38760273476342777,0.14852804220994942,0.21820702998607427,0.31025750732830276,0.11529225178378093,0.033603536080874234,0.19755194502445633,0.0699548470372106,0.04136941692307879,0.2524931624822442,0.02034528303053601,0.31038253230786905,0.2811312582668533,0.13436713797034924,-0.15864694104034183,0.008447791062558163,0.22402758219280483,0.15343372593766036,0.4517852350611195,0.18732506591702047,0.10309021870325893,0.2678279739998483,0.3957023344983481,0.05797474012692361,0.20673393983587723,0.13466911202717585,0.1725723843487063,0.16894253385335362,0.11014595471723154,0.034252908879819126,0.22428435569535116,0.10924999395655832,0.013739375572971876,0.155494217675353,0.10425026801324477,0.3178459537631153,0.20484448224629254,0.23639212222236392,0.6234653567756091,0.39104476608969635,0.5240524080349778,0.0,0.0,0.7572679396249333,0.44897422841116574,0.18273858341409172,0.39499465481050466,0.3302458241601309,0.3126007906414787,0.32671722287757077,0.3985944041956948,0.1364418448736002,0.45148178512601905,0.4352776331538996,0.31418850753761,0.11147232086220069,0.19424822000620462,0.0,0.0,0.0,0.2883212851963929,0.593297997311395,0.16623639786545985,0.16396561149770805,0.2970005129036822,0.0,0.23611043002516008,0.249334385218472,0.3283477356047233,0.35026570466906193,0.26094069735644415,0.2920325936389093,0.16439361373758415
0.0,0.14301791151833568,0.38760273476342777,0.0,0.2610110727087296,0.1797670314732496,0.1301815483229609,0.28852431364666015,0.282427944586011,-0.0037413500040852365,0.2506222153249583,-0.14016946924118515,0.4194354648381103,0.40374429886634783,0.343860956588771,0.05223957783625413,0.16110142099124136,0.21105257118301576,0.24149631076437153,0.09943802927201878,0.16827159483508572,0.4677629275966309,0.17145303007342613,0.17322028098578304,0.33470592783856146,0.1518342060638539,0.09789777397091065,0.22883727617504973,0.16378945792038782,-0.05672289746025934,0.22903804594021715,0.09528199702437995,-0.2629450323531072,-0.022290129490156248,-0.08707678501608596,0.320393697078681,0.1572603728421888,-0.07765359056186152,-0.08697790895241019,0.18677089890795845,0.22998295176324032,0.2992633523749642,0.29970034024358166,-0.03581253711608152,0.0,0.0,0.0,0.26478455889678904,0.0,0.0,0.4920375471587189,0.0,0.23651737098716455,0.17744116645426736,0.0,0.1680421145198109,0.21769170099973612,0.24861877992257994,0.0,0.0,0.0,0.0,0.0,0.0,0.0,0.0,0.20335534150157125,0.30532241665865145,0.0,0.0,0.0,0.19452543931940108,0.14032052686428076,0.3039953931551599,0.0,0.0
0.21650841740407312,0.4168949789876264,0.14852804220994942,0.2610110727087296,0.0,0.058540705658806716,0.3137748360377332,0.520876037327633,0.06188700501980183,0.5172157240009901,0.04478866673954327,0.3212040801161217,0.6191873773990604,0.14322002128551237,0.44546312897488227,0.3560324073280483,0.493520924430045,0.17680477679525874,0.17440864726293698,0.35431149470566126,0.32101292416311855,0.4864764147154071,0.3939616374340033,0.4175725283737766,0.25335143758912,0.1451204819326408,0.11985401881271068,0.6512115695924554,0.22022556413273459,0.32351199499197836,0.4030230964559993,0.2138616960256077,0.254105409648158,0.4192788983487835,0.20718070498991392,0.18121431815960498,0.05955874142377909,0.26145971274214613,-0.02860798240762248,0.1994293476448403,0.48657881104540873,0.26737058170494793,0.3636584852617377,-0.05160314039454524,0.15308081045169275,0.0,0.4363987042753155,0.343534297470826,0.0,0.5018834891103731,0.3141340576338541,0.3431491573569503,0.3126788979670976,0.32267089687371675,0.0,0.33490093374765195,0.12382302810713429,0.3673174195516828,0.04889028916998517,0.3077385339115125,0.2503605603163922,0.0,0.0,0.3904833727410302,0.3544107720914394,0.16460838033834466,0.2967525599170021,0.2914801149898698,0.0,0.2045541343224686,0.16543361790633318,0.33776266819176093,0.4644668951707416,0.3906878284230504,0.0,0.24678908851354336
0.2009771553790231,0.3509272063172422,0.21820702998607427,0.1797670314732496,0.058540705658806716,0.0,0.14794546876590564,0.2267664736101998,0.11856757383824301,-0.03844096674071249,0.0006094136206335962,0.1466908337040977,0.0024444382317491287,0.24666677969105444,0.3193414680656042,0.2707605766227702,0.18961239374064892,0.21507956744663914,0.08617892120572912,0.1458048457800269,0.42700467239636797,0.2676701052332294,0.1284384546544997,-0.13849375906926142,0.2730691382881555,0.3783428635149787,0.06030177382500824,0.2789679906851623,0.07013531016353075,0.23091809218892137,0.35318706436453506,0.200107689047276,0.6166082916032702,0.2435632197067685,0.267736041983206,0.3668872985355857,0.2936298245385529,0.19206720420986179,0.16841770279186058,0.09584410535882731,0.24280360392834455,0.4260697561548257,0.19383536598672108,0.2822018042706217,0.14888798294605537,0.5532409790863024,0.36906488253480474,0.3191778760077311,0.3117878504504938,0.3791941408526037,0.2920002259415656,0.2710743225155268,0.3782554981030829,0.2936164520459965,0.28873390743393584,0.28597323636328276,0.12978822562782794,0.2501524504085851,0.22846824649791353,0.4496484434910406,0.5249152189863611,0.0,0.46768434962118216,0.25870941884896204,0.19631516753128225,0.3859201847968655,0.2731492922180152,0.30979757877563063,0.22097680192283933,0.3963221380803625,0.42492986649236764,0.29853423949716335,0.273068063067033,0.30427302024441805,0.45453727860022614,0.2439972708841655
0.16191419568444998,0.3764068308347222,0.31025750732830276,0.1301815483229609,0.3137748360377332,0.14794546876590564,0.0,0.3825883415028495,0.2030959895527933,0.2846359075005745,0.4223889894634453,0.07667264427182167,0.2602497571510297,0.09137891174059035,0.3060856588395761,0.2960268978875239,0.2658250106392864,0.27632873191066165,0.3955236764561235,0.2907304350178912,0.3514255683392643,0.36181165720384334,0.3095760065999201,0.26755507155404235,0.28387607619547117,0.19633286903607663,0.22148628464218412,0.6043308797922112,0.23163269952845367,0.3492965007482709,0.3894333849937952,0.2661845418741542,0.051045855342592705,0.24284957042721014,-0.08038402945524332,0.20756440921560845,0.23861837254477808,0.12731711876750398,0.14232957505865898,0.20603647793268476,0.5104717233470409,0.35008775217723076,0.40232613577532655,0.3421792139391537,0.11600345755452987,0.0,0.42248980018444143,0.3147897529027971,0.0,0.26629586856904913,0.28198456753151335,0.33621378534353513,0.43963740141081237,0.2876492042848035,0.21155294622687748,0.3933459856454987,0.16122863329988252,0.24119624835872885,0.1457950557121396,0.14464040938235992,0.3178294179274026,0.0,0.21275552338410475,0.38289476505509734,0.27996957540911316,0.3512876794184932,0.2763960965593078,0.32373463631289867,0.2042009562460481,0.3449484455133894,0.6125926395174,0.3439884354269588,0.3637453630891783,0.3915922418741995,0.7756685311395304,0.3316082698121499
0.15127249505843,-0.16433202037918096,0.11529225178378093,0.28852431364666015,0.520876037327633,0.2267664736101998,0.3825883415028495,0.0,0.16088655565728546,0.04613304937640782,0.2317941730012764,-0.1345496926907247,0.2822424581899747,0.36008675167766785,0.24891000107983816,0.09397360070293416,0.3740113181055567,0.20583023834805328,0.1884652185239845,0.051904653852546986,0.1446048220456357,0.20265644096445012,0.15403337887897567,0.005770895824183615,0.11500434520473893,-0.03252404508518788,0.12279506677494649,0.24204200096173673,0.17165182685085442,0.22842539636345127,0.19105769698013197,0.20422168074557234,-0.028972796650439253,0.2945814648294446,0.12324167299820576,0.23914735187513625,0.06887802050113062,0.29090186894148085,0.23507733132182349,0.30485936276978653,0.16409837975183655,-0.09792648141922032,0.26205274930883804,0.16540315002942738,0.0,0.4780209681009068,0.24112471788474937,0.33037012846408964,0.0,0.531397693835404,0.40180765709762584,0.3667319674467536,0.5193061791924422,0.3249960986457888,0.2940182890160899,0.32029651005263793,0.3933402077846246,0.3296310519569928,0.11569213125393855,0.35326986245596353,0.42253825271421547,0.0,0.30168613902594305,0.41159242471555674,0.2252675944911315,0.544457631988685,0.24770430955359501,0.4775164716066163,0.0,0.24946427665582777,0.15536568730624248,0.3709294557275058,0.2987950853360899,0.40394998559673784,0.4171562408261561,0.16538683015733224
0.0925966651120935,0.34527956523599346,0.033603536080874234,0.282427944586011,0.06188700501980183,0.11856757383824301,0.2030959895527933,0.16088655565728546,0.0,0.3799868327414709,-0.004933058078931921,0.2467365535726499,0.36611742420877524,0.13108284551628835,0.6150074083582125,0.26901432987849083,0.21500409445366395,-0.0030169865661128226,-0.050437771126043966,0.25958859689615943,0.09946378452351815,0.4039642518103167,0.2362415881101644,0.1969132385905193,0.19652220630730083,0.22239989987315983,0.07393561050851698,0.25413173857700416,0.1631876209231351,0.23363119108396582,0.18016714856387622,0.13782785021661437,0.199938044362436,0.21567328902156435,0.13288241249355381,0.13284889693143648,0.08794194059910757,0.18228254883924888,0.2655394609865797,-0.44089922183206404,0.16787362464625544,0.07094198584328634,0.25139018555667986,0.419214920878037,0.0899954966388991,0.0,0.6901942616477657,0.2742354322420843,0.20222865670810194,0.33489398299030465,0.23515551703498766,0.24400246250319443,0.20458317685589694,0.17344913087644284,0.22035400911655376,0.2584677819087033,0.2248001019023353,0.147607770209375,0.18635918061608076,0.8212800880778872,0.4048377738850741,0.0,0.0,0.26607371516057804,0.17908345956474936,0.20845954192000096,0.8046812752760818,0.18835071636362608,0.16274170522569642,0.34347630688565317,0.5197080642944722,0.2062799722240921,0.17595301766042917,0.4156678452292777,-0.3103353669762189,0.11294629984913208
0.06796897881001909,0.3017594496453277,0.19755194502445633,-0.0037413500040852365,0.5172157240009901,-0.03844096674071249,0.2846359075005745,0.04613304937640782,0.3799868327414709,0.0,0.32921584148123706,0.15640957540868936,0.30474110775452945,0.024464497662717632,0.6385997000518958,0.21558030486767235,0.4085367293323085,0.14873581482848353,0.39282698091937684,0.43238360909658197,0.12281003573765738,0.34500230671148735,0.14240829361263688,0.24680601713407954,0.24376679695310957,0.12715790488801842,0.16607533762751048,0.30205970762317896,0.19132631651580403,-0.17359920299960313,0.2469406322635889,0.06139415397069664,0.49656570699531966,0.40342269870483843,-0.055203303746435076,0.022567992856905084,0.029148000037543986,0.16822460368573178,-0.2453987109950712,0.651359526225737,0.41639355951078066,0.037480542717432834,-0.045512061640692436,0.026346052515610847,0.3007061639527466,0.16880775329961947,0.6105294606129745,0.18035093918899003,0.18126731055369122,0.15414115953979585,0.33472164095409046,0.0776555402742532,0.2624338823422264,0.15127298156592384,0.609962431587661,0.3061230862990048,0.36070150013919616,0.2914553286855728,0.0,0.9607379786567329,0.6887646860345049,0.5315697662734471,0.41932711626076,0.208518220593418,0.21795697644437886,0.36211622285425976,0.32643960837035574,0.17841504076135536,0.1507207869859953,0.38996116955188387,0.3091834334685591,0.42214518862077405,-0.13896253589483676,0.20701427932245905,0.0,0.6569836284216526
0.06305755094991428,0.11781016957849486,0.0699548470372106,0.2506222153249583,0.04478866673954327,0.0006094136206335962,0.4223889894634453,0.2317941730012764,-0.004933058078931921,0.32921584148123706,0.0,0.20851856419153703,0.37885201619019193,0.19802966202098782,0.0,0.1882243513563851,0.3104700194017838,0.3232827394534119,0.01290991034187008,0.250716514656991,-0.036090039560524256,0.15084896914558227,0.15615362131521418,0.36418647355409695,0.16664020471887303,0.40045775503723946,-0.01786917321888939,0.35087374947518846,0.279515294861015,0.09681875916830358,0.2579549313089183,0.12721335331983447,0.13792219769325065,0.2655043260896473,0.2609147485211931,-0.010104279817737705,0.26039870710655433,0.17543861526692692,0.1135656003888565,0.13394885693369968,0.1581833565871175,0.019541607956780768,0.20907152506673993,0.3448379985388774,0.0034750960566303155,0.0,0.0,0.41179203483087184,0.23677823593293446,0.05265089526376018,0.27048399470784174,0.2283727450191907,0.16506674106560162,0.17305812750840383,0.32973715179382546,-0.19440233920126307,0.3758821154308151,0.2753609521256899,0.019298795254548667,0.0,0.0,0.0,0.0,-0.17361286655113503,0.20613260864785998,0.0,0.22485528545314337,0.19433802647305198,0.0,0.0,0.4516929088420843,0.26993357527100054,0.13698288638868591,0.3094725764202795,0.0,0.0164683194081122
-0.13850004498783985,0.2345079566762315,0.04136941692307879,-0.14016946924118515,0.3212040801161217,0.1466908337040977,0.07667264427182167,-0.1345496926907247,0.2467365535726499,0.15640957540868936,0.20851856419153703,0.0,0.06545436148830124,0.22971515464915207,0.0408790852118081,0.7365026774568835,0.4149566408827855,0.29579779336783485,0.20154826543130355,0.3499260364607139,-0.1716332228432247,0.5065122557460923,-0.12865174509152758,0.023819320968725688,0.17526761383437114,0.0356487804950875,-0.0009724462667540928,0.17450883798177014,0.2462967951523918,0.28802528665052246,0.1386034028939478,-0.015829919641701433,0.18663085417680086,0.157537592928848,-0.10196388802451489,-0.13347499083514722,-0.23638642322754722,-0.05054644285087331,-0.16970944933053528,0.4329534349621922,-0.26683958458857193,-0.14979379162397388,0.1250455926648546,0.1906444895671673,-0.0176776625231445,0.04940539759025826,0.4790933522503928,0.256247371142285,0.22786230379680714,0.21070811915135823,0.0824590850069627,0.28670037239054663,0.16368803560840162,0.21831718520775728,0.47253326053802003,0.1401002714690199,0.3045085245723586,0.3187218571017581,0.2153168173296189,0.23847854505043353,0.3320196145127081,0.473956556912586,0.3970378308201367,0.36994262204312184,0.33203730350580823,0.3069391819150043,0.14475831007567752,0.17610145493131424,0.04603580878634831,0.45621248443418494,0.21081959838868658,0.05447554856626892,-0.34441736183786154,0.3161770774332708,0.0,0.4893984205050181
0.6329102965128383,0.3699984602126385,0.2524931624822442,0.4194354648381103,0.6191873773990604,0.0024444382317491287,0.2602497571510297,0.2822424581899747,0.36611742420877524,0.30474110775452945,0.37885201619019193,0.06545436148830124,0.0,0.30507716243626987,0.19505078663176625,0.27081327358822427,0.21055949554814654,0.3344655929337418,0.36438968142200057,0.15297579480185963,0.2300620349225071,0.2532202473834971,0.24502767494967445,0.15491685584416448,0.31197970438941086,0.18954286064400755,0.21161268851474643,0.17664526457314167,0.11375511587021325,0.17515006414731127,0.12602079921161027,0.14357103893076406,0.032662260180306275,0.18301884770661012,-0.08985725204910719,0.23394376560362737,0.41523355768523507,0.015140893852839427,0.05838098022729405,0.23616064555260496,0.7260517681675817,0.6063653079348813,0.317505037596745,0.3431580250513373,-0.17659425369796208,0.26040051312068335,0.4460904453451425,0.2110942396652783,0.0,0.42279192302898544,0.21322420847348006,0.2530923678202494,0.29650922795722,0.19810741219829836,0.14984394248819252,0.40526032782693555,0.34100342492264746,0.42605146058881305,0.37938448004546504,0.24399738429783538,0.4664116743429375,0.37262329102296443,0.2025426425838695,0.22503230239809424,0.1249182931217774,0.5091780510138505,0.4366117328530744,0.2534794275642753,0.16704976166880375,0.28413424611180055,0.4024500809714697,0.2461939290917853,0.29949296133169123,0.19026424892793742,0.037512172947131134,0.18008179048203124
0.1763893906017876,0.2987183249826357,0.02034528303053601,0.40374429886634783,0.14322002128551237,0.24666677969105444,0.09137891174059035,0.36008675167766785,0.13108284551628835,0.024464497662717632,0.19802966202098782,0.22971515464915207,0.30507716243626987,0.0,0.3622644692911601,0.3007000946618574,0.2127529802060027,0.16069361266715923,0.04846062496514427,0.398119968287929,0.19759090348546302,0.2626363357994141,0.005100881442269806,0.22272547771231022,0.32974459364564945,0.23344943999850673,-0.021490783433721704,0.17947387808527593,-0.06324890859781537,0.4255151833983242,0.3059749246166071,0.1699486386702153,0.05551551006010027,0.32747742275367847,-0.10947216585092659,0.1218358699796845,0.13996200024146563,0.14748875563060335,0.34343323513979523,0.0,0.27546575779604465,0.22091733859493048,0.2952853366624919,0.18275003323961167,0.0,0.0,0.0,0.2944861731989514,0.0,0.27406319450853034,-0.03360143542762968,0.4506355982476926,0.16454704154487734,0.07635295799745051,0.0,0.1933558699008979,0.14916785442144623,0.27714470042305056,0.10142498388940877,0.0,0.0,0.0,0.0,0.11261460203525062,0.0,0.0,0.0,0.19409777957186647,0.0,0.0,0.0,0.2025422560360702,0.44499134668875523,0.0,0.0,0.0
0.03471006889366078,0.4354020276856451,0.31038253230786905,0.343860956588771,0.44546312897488227,0.3193414680656042,0.3060856588395761,0.24891000107983816,0.6150074083582125,0.6385997000518958,0.0,0.0408790852118081,0.19505078663176625,0.3622644692911601,0.0,0.40154963732871757,0.2691400840795533,0.4493885249114048,0.0,-0.11280568232377061,0.3178618983245266,0.14694602338469426,-0.06561030009426257,-0.13179477477446536,0.5079159595845137,0.27940438599499406,-0.014211046415541946,0.18663065729551093,0.23013420177682964,0.13502351300900062,0.4488683412395208,0.3859501400085867,0.6112050042207166,0.4610849641736088,0.47512220964578944,-0.4811163662562465,0.04894960624143419,0.14483874599552207,0.3367397044834946,0.39491092472567674,0.3116967564544039,0.24411877502268484,0.05141589151254522,0.29956485844944625,0.0,0.5383272447346694,0.4867432283796553,0.5466719333109511,0.0,0.0,0.366482074860415,0.2552611896976623,0.12325657794897324,0.5707027330247305,0.0,0.0,0.3345724371605551,0.22552653275361126,0.20923126536090933,0.4741047092184651,0.382407961917285,0.2438139610437672,0.26751474967756317,0.0,0.4585532470950472,0.4343718381256165,0.40410988726411123,0.3677424176709267,0.20974628956921015,0.48992597924372416,0.4770803460776062,0.33720561446381414,0.174799234413207,0.30054245929110934,0.296755536138504,0.35105161396342
0.011662719867806322,0.03636082345149421,0.2811312582668533,0.05223957783625413,0.3560324073280483,0.2707605766227702,0.2960268978875239,0.09397360070293416,0.26901432987849083,0.21558030486767235,0.1882243513563851,0.7365026774568835,0.27081327358822427,0.3007000946618574,0.40154963732871757,0.0,0.1407921199611376,0.10599877496954502,-0.4419329064370632,0.04316790664729726,0.2141471052914793,0.0022785042587143006,0.35032305606763975,0.15468888584757962,0.07730695274178173,0.2015616259961847,0.25166912342094133,0.20405554506079976,0.15833701996882568,0.18152029197523054,0.2538913109378417,0.39174072996254605,-0.06402306201413409,0.2823898559168422,0.20181239734630502,0.47083610474075316,0.396184452599208,0.2515236001504691,0.3345757588779371,0.3464771213501401,0.16069846224752712,0.39236106696557305,0.20858730028648798,0.0,0.0,0.183835954410398,0.29425731280525563,0.0,0.0,0.0,0.28247149252579035,0.5798297285787641,0.48578505286050416,0.0,0.48551692639544203,0.0,0.4576343416589891,0.2754141093825468,0.0,0.29817714283095137,0.18671037093173354,0.44892738616720124,0.3420740322309844,0.0,0.40643032796519146,0.562044923120986,0.23833979535214986,0.29437396556128137,0.2476816400668794,0.29288903761135354,0.2973159148660155,0.28072425030503295,0.2606255443753339,0.2747188894281607,0.0,0.2747048478600029
0.4142496288629351,0.4028267786622342,0.13436713797034924,0.16110142099124136,0.493520924430045,0.18961239374064892,0.2658250106392864,0.3740113181055567,0.21500409445366395,0.4085367293323085,0.3104700194017838,0.4149566408827855,0.21055949554814654,0.2127529802060027,0.2691400840795533,0.1407921199611376,0.0,0.24211229338318532,0.640866464320839,0.24111778358923971,0.4978717420095701,0.3730411179567541,0.23466371563250837,0.23432287429223791,0.2697936202305588,0.18935762607019288,-0.007714512206435674,0.31340630899340866,0.07284160395350905,0.05143355553322822,0.2729679593987045,0.34475805980062163,0.4130240994601436,0.38600420506475863,0.07529166774793898,0.145296855316742,0.1608942760263242,0.4331804119705525,0.03585292681670789,0.3194007200407636,0.44086819188228277,0.36040417590982693,0.0,0.0,0.425609450207953,0.23973733856646698,0.5358887933163888,0.0,0.0,0.0,0.0,0.0,0.0,0.0,0.5844058565926938,0.0,0.42293526159147143,0.4063171267066463,0.0,0.26584602599060375,0.24554711981806862,0.5417004943339546,0.4510007496210402,0.0,0.0,0.0,-0.03907017081002174,0.0,0.28131302319373086,0.5388388188186165,0.4129620331066849,0.0,0.2940474507555282,0.2028758972071461,0.0,0.4320179831983338
-0.000630655210563838,0.11228075285812159,-0.15864694104034183,0.21105257118301576,0.17680477679525874,0.21507956744663914,0.27632873191066165,0.20583023834805328,-0.0030169865661128226,0.14873581482848353,0.3232827394534119,0.29579779336783485,0.3344655929337418,0.16069361266715923,0.4493885249114048,0.10599877496954502,0.24211229338318532,0.0,0.1649905678326311,0.1901549813063423,0.44120130212578806,0.1389653216989735,0.2881659567159395,0.1454779426683751,-0.009661575415794328,0.13619092990666384,0.17887214883692026,0.23557779455899733,0.13639273756390027,0.15038309878303047,0.16366897375105724,0.3098722266306917,0.17409144731206372,0.3538885734148267,0.07257539463452314,0.10859694642225633,0.17209893043934843,0.29271933360778457,0.5753482182623517,0.3863983860544183,0.4240460341820058,0.27327784853311177,0.0,0.0,0.12335648868542187,0.3004318488650316,0.3494722159001435,0.0,0.0,0.0,0.24954273588636194,0.21078764263797492,0.29422497616885823,0.0,0.6182515674525635,0.0,0.3130507417676147,0.5837550461073129,0.0,0.16489776044505178,0.241305759625367,0.5542488960526777,0.35830559016560726,0.0,0.35150671152664076,0.3276026097762688,0.40988844335724406,0.5081157829341315,0.31295207472932435,0.3756144623429149,0.38467515224121845,0.47342574964209194,0.35352392047171854,0.222619492255406,0.0,0.5999389885075546
0.0,0.5498175852484998,0.008447791062558163,0.24149631076437153,0.17440864726293698,0.08617892120572912,0.3955236764561235,0.1884652185239845,-0.050437771126043966,0.39282698091937684,0.01290991034187008,0.20154826543130355,0.36438968142200057,0.04846062496514427,0.0,-0.4419329064370632,0.640866464320839,0.1649905678326311,0.0,0.17152264503909673,0.3048513824950147,0.9286466566538084,0.23911701211089997,0.3382758406944589,0.13495490189724493,0.2519396508988053,-0.04210738849752324,0.26817564810118055,0.41529472948376644,0.20578018802889259,0.182714454100559,0.14638678266833804,0.2407510263875305,0.17158487520005183,0.051382132315010695,0.04490448311589159,0.10802867798876939,0.1803577941751805,0.5031619400640379,0.1982218511444522,0.48490297959747575,0.30696319755634505,0.199476137261386,0.26410330613317423,0.025371153820452904,0.0,0.0,0.3741658509699321,0.0,0.3055904782801975,0.23521783523166379,0.34074104028321617,0.16727782427835175,0.21404858207228608,0.32678181425953357,0.2386754871078713,0.25580436555271646,0.20796383531615137,0.09348576270934511,0.0,0.0,0.0,0.0,0.365799345270466,0.23683717267540055,0.0,0.22251462297558444,0.20264835957847943,0.0,0.0,0.0,0.19797969516096142,0.40634591447494817,0.1854875963960076,0.23647994287186624,0.16524140584160996
0.2691367058477954,0.244909209230238,0.22402758219280483,0.09943802927201878,0.35431149470566126,0.1458048457800269,0.2907304350178912,0.051904653852546986,0.25958859689615943,0.43238360909658197,0.250716514656991,0.3499260364607139,0.15297579480185963,0.398119968287929,-0.11280568232377061,0.04316790664729726,0.24111778358923971,0.1901549813063423,0.17152264503909673,0.0,0.07606514802899489,-0.13306513976069784,-0.23826404781600724,0.1068409663757261,0.21778317552131815,0.19292883091905194,0.0860620044737317,0.14628669176481252,0.16508774925565134,0.036314657793878075,0.1914518294682071,0.16590464935521793,0.17827008153350504,0.3308388069127614,0.28801996868600527,0.3298217179207832,0.23370047996907156,0.28371405273098205,0.26361569760248155,-0.10639261753211239,0.3019255190821987,0.19339213217831286,-0.1394425987468921,-0.05116724181006521,-0.02718718681872616,0.1814689669530007,0.14386097995158265,0.5014943453548825,0.0,0.0,0.18419948377562773,0.18685182626670854,0.16337227755112188,0.06785096670141719,0.3348609166550705,0.0,-0.26033458525948305,0.25120951830325594,0.0,0.3136830768845112,0.2870369236379936,0.210350523900174,0.23808213639846,0.0,0.1495159587169652,0.22598740061728873,0.2505409975087584,0.1597228099035123,0.0,0.26619267143966235,0.29142451419471727,0.1466235372023411,0.1533895560332737,0.21836819835209514,0.17428868115328472,0.2521208823737329
0.28101024750011805,0.2890714406765388,0.15343372593766036,0.16827159483508572,0.32101292416311855,0.42700467239636797,0.3514255683392643,0.1446048220456357,0.09946378452351815,0.12281003573765738,-0.036090039560524256,-0.1716332228432247,0.2300620349225071,0.19759090348546302,0.3178618983245266,0.2141471052914793,0.4978717420095701,0.44120130212578806,0.3048513824950147,0.07606514802899489,0.0,0.43212307589742227,0.11814735099166324,0.04390440424444765,0.3006129704635108,0.23807104887461386,0.11221384517344604,0.19547564067036224,0.23600201854752717,0.4232668252351237,0.5798382191671729,0.25477750450112624,0.07645024714580811,0.2705329367927413,0.0953338297253438,0.05139575955377292,0.334091098905087,0.1659357444065712,0.37314368984807905,0.05360663506518516,0.2774453689330927,0.5019907430705439,0.33934693663620696,0.0,0.0,-0.05942994492851257,0.4463708669998978,0.43588608591580746,0.0,0.0,0.4066814068559812,0.20496198844689995,0.5680855830937224,0.23530763714981667,0.15042314313221722,0.0,0.2907636363245979,0.339219190177648,0.0,0.33738889722381893,0.3245343287205413,0.0,0.47362417674017776,0.0,0.12041438231618878,0.5360016100701754,0.2744683126571006,0.31560083235560277,-0.44340230977198525,0.3552909205547164,0.4719317024255626,0.23193180573332017,0.2408468120134616,0.4974087530033853,0.2587694084233094,0.28345198162817997
0.0397530083761762,0.08999108066663254,0.4517852350611195,0.4677629275966309,0.4864764147154071,0.2676701052332294,0.36181165720384334,0.20265644096445012,0.4039642518103167,0.34500230671148735,0.15084896914558227,0.5065122557460923,0.2532202473834971,0.2626363357994141,0.14694602338469426,0.0022785042587143006,0.3730411179567541,0.1389653216989735,0.9286466566538084,-0.13306513976069784,0.43212307589742227,0.0,0.16830404562783782,-0.2976658929370304,0.12338200933614657,0.19857233384116987,0.2013925858391347,-0.1047100280215506,0.17048573472136466,-0.20361292278544302,0.2075424803401124,0.4508336742540426,0.2806848806322947,0.4126950985699905,0.4481702766189824,0.44940800442306916,0.560005947487008,0.49774303902363737,0.49504527240587026,0.4745132566548901,0.3628493572333429,0.3844975177321071,0.004589657794191931,0.11559719304010359,0.163415615201676,0.38212928116298883,0.16032546959794525,0.8390204194983563,0.2064788212869026,0.19928628972112747,0.5147542762479291,0.2938479093701682,0.5132542472303134,0.7106608199718482,0.3878137016304402,0.0,0.2954571311165265,0.17054340856118652,0.0,0.49769073379668205,0.13367639901422776,0.42126976728537713,0.2983411121330967,0.0,0.4753100970297541,0.4610474030748455,0.36403734570754626,0.3410342059758724,0.309183904863426,0.23318634655424136,0.38445786204709037,0.43416584552376025,0.3824540729977372,0.31668436935403727,0.20477004747788496,0.5669487927571126
0.17189121927652873,0.3564649732003042,0.18732506591702047,0.17145303007342613,0.3939616374340033,0.1284384546544997,0.3095760065999201,0.15403337887897567,0.2362415881101644,0.14240829361263688,0.15615362131521418,-0.12865174509152758,0.24502767494967445,0.005100881442269806,-0.06561030009426257,0.35032305606763975,0.23466371563250837,0.2881659567159395,0.23911701211089997,-0.23826404781600724,0.11814735099166324,0.16830404562783782,0.0,-0.05765722679515661,0.29249004665931094,0.22549105179630077,0.0579918046825994,0.15676472071004285,0.13061065663699523,0.17693865493028163,0.2130217062349632,0.15398765502863707,0.4166006127741928,0.23519928541583812,0.19864483546226006,-0.03959505947343768,0.23273610885270443,-0.02712989860835119,0.19990096002013336,0.30030564819298405,0.2602458526213103,0.25169377366777074,0.19515453715122277,0.48766936463754773,0.21394545051082833,0.08484898546204496,0.343767638391213,0.43989658172381646,0.17770128699949045,0.4960279461521885,0.3442638913905704,0.29251093347582824,0.33941033401490717,0.27048978495476156,0.2976068552088933,0.42678132301048677,0.3238131028427355,0.2565660660660118,0.2082256693150133,0.33876708972575625,0.36406579205909095,0.2179569764443791,0.2163723112956421,0.42898562593095757,0.127393497993374,0.2841581590189918,0.28315770248829425,0.4104550984343157,0.1440069815613031,0.4864415039807288,0.32257110594875726,0.2814037741466028,0.22709536637226346,0.27380466278352844,0.22936395976841803,0.2411150842262586
0.036807906853032674,-0.03942843389995913,0.10309021870325893,0.17322028098578304,0.4175725283737766,-0.13849375906926142,0.26755507155404235,0.005770895824183615,0.1969132385905193,0.24680601713407954,0.36418647355409695,0.023819320968725688,0.15491685584416448,0.22272547771231022,-0.13179477477446536,0.15468888584757962,0.23432287429223791,0.1454779426683751,0.3382758406944589,0.1068409663757261,0.04390440424444765,-0.2976658929370304,-0.05765722679515661,0.0,-0.0009426687542865783,-0.0005192778879468535,0.04100822712224997,0.21490561473952857,0.3743750720676621,0.486572855146871,0.2956693957520501,0.023288020936377114,0.5204881266550729,0.28045123214127476,0.1096287967085834,-0.16465150226019695,-0.06165716087391917,0.21689738244339016,-0.16084167027021012,0.6958093580218514,0.35045717998486686,0.07264433769950354,0.045571995717745006,0.29752179938410594,0.31151590762226533,0.06141141617888553,0.12987755221423838,0.0,0.0,0.21610469111928113,0.26617330778241177,0.17797411241296968,0.0,0.11812990379296859,0.5503758350099321,0.2116535758220899,0.31326334154258567,0.2431800920628229,0.0,0.17204877601004426,0.25443159898678774,0.44552697486688747,0.29501466100891127,0.19986933796598474,0.14819498478384632,-0.17607285442592613,0.31881146479018346,0.25821630421281017,0.08290593689779281,0.3425709990807918,0.14111342262270674,0.12498687354918976,0.19347282379761618,0.5372098138191942,0.0,0.44391642373935664
-0.05988819843739527,-0.0062901079057168,0.2678279739998483,0.33470592783856146,0.25335143758912,0.2730691382881555,0.28387607619547117,0.11500434520473893,0.19652220630730083,0.24376679695310957,0.16664020471887303,0.17526761383437114,0.31197970438941086,0.32974459364564945,0.5079159595845137,0.07730695274178173,0.2697936202305588,-0.009661575415794328,0.13495490189724493,0.21778317552131815,0.3006129704635108,0.12338200933614657,0.29249004665931094,-0.0009426687542865783,0.0,-0.10263299249335661,0.24310337367538187,0.27411835965666703,0.2367325680204718,0.19088359472725525,0.21247045705531853,0.1569351136207853,0.20183710306433023,0.29225888056601973,0.06501247800215534,-0.030015570208774947,0.21809550984446857,0.40713640483212316,0.5009988473716115,0.4309272298654549,0.41503616560690976,0.33729851294373236,0.1371880418131957,0.0,0.14892448995266783,0.2838748435545844,0.3106548987155048,0.0,0.0,0.0,0.30419088603702904,0.41153893420399074,0.19989146530300486,0.1347209474335232,0.5528979881188135,0.2576692607055723,0.3148305047400861,0.2207981497156174,0.0,0.5268903395831389,0.18195816184495456,0.4829688707884641,0.2824673856683946,0.0,0.3710643120221516,0.11387187126006626,0.3129409189944181,0.2682157004612243,0.11743126317898173,0.33054794940368204,0.2672884738368526,0.4293023194095871,0.641671366030097,0.25154431013179723,0.0,0.49047451296633077
-0.04246422130157416,0.012701756336547004,0.3957023344983481,0.1518342060638539,0.1451204819326408,0.3783428635149787,0.19633286903607663,-0.03252404508518788,0.22239989987315983,0.12715790488801842,0.40045775503723946,0.0356487804950875,0.18954286064400755,0.23344943999850673,0.27940438599499406,0.2015616259961847,0.18935762607019288,0.13619092990666384,0.2519396508988053,0.19292883091905194,0.23807104887461386,0.19857233384116987,0.22549105179630077,-0.0005192778879468535,-0.10263299249335661,0.0,0.2331623625886557,0.15365116914846866,0.30987858222401343,0.41563930663797893,0.13692147492119072,0.4599606522293981,0.2628881549561657,0.276195878185476,0.3560030965373417,-0.052305219136535075,0.37295146863626005,0.20971938757725006,0.6310654340249886,0.14139231392103904,0.5049348553725012,0.3531733329985179,-0.04012710987178814,0.22505728354941526,0.20381121555778636,0.1757483353428863,0.4534829287397229,0.7569588325583386,0.0,0.00806846063032114,0.3292019476582242,0.6686681381673809,0.09226069852977292,0.6365440116816228,0.31856568464355167,0.0,0.11905410832039644,0.5352652686037324,0.0,0.5047788373141247,0.313015922179859,0.31966538516157494,0.2001543072284228,0.0,0.3208542026283033,0.5331540442544546,0.44031846231314414,0.46318602972941136,0.04202675434954674,0.28129645097462347,0.290205322214792,0.4140758574941503,0.30733087156324385,0.31143903169463905,0.25615820817982404,0.398140873184082
0.14200953459716692,0.29366678506870036,0.05797474012692361,0.09789777397091065,0.11985401881271068,0.06030177382500824,0.22148628464218412,0.12279506677494649,0.07393561050851698,0.16607533762751048,-0.01786917321888939,-0.0009724462667540928,0.21161268851474643,-0.021490783433721704,-0.014211046415541946,0.25166912342094133,-0.007714512206435674,0.17887214883692026,-0.04210738849752324,0.0860620044737317,0.11221384517344604,0.2013925858391347,0.0579918046825994,0.04100822712224997,0.24310337367538187,0.2331623625886557,0.0,0.13068915481854865,0.1845872015586733,0.11766953173472816,0.10654535015299997,0.11754409139353346,0.26021500435892553,0.23270502030726892,0.23988194242408709,0.23272319875534683,0.2356570373635812,-0.03732939258944845,0.1730857817728343,0.2567675151105113,0.20227338898382868,0.1073344911531637,0.038899330356612874,0.19693270708733615,-0.09762943154338818,0.30993631193609084,0.3198888731109093,0.23589916691458604,0.392269669413903,0.31086536806499604,0.22564243967706832,0.19444332019479488,0.2744412219216152,0.20622104559344517,0.3564257212436548,0.29538468060223455,0.4974796256863036,0.22272580280568594,0.18148771338676453,0.23962315574768367,0.1707287911214879,0.0,0.3016536594062308,0.3501891445186574,0.08100400126751166,0.32715898217403355,0.17950938551012238,0.2193757539068759,0.0,0.34915558017764237,0.2564990911430573,0.22991086465039676,0.1782292720733703,0.20336883237792822,0.15971180950290564,0.17632945490773932
0.49848376381190185,0.4114390472308971,0.20673393983587723,0.22883727617504973,0.6512115695924554,0.2789679906851623,0.6043308797922112,0.24204200096173673,0.25413173857700416,0.30205970762317896,0.35087374947518846,0.17450883798177014,0.17664526457314167,0.17947387808527593,0.18663065729551093,0.20405554506079976,0.31340630899340866,0.23557779455899733,0.26817564810118055,0.14628669176481252,0.19547564067036224,-0.1047100280215506,0.15676472071004285,0.21490561473952857,0.27411835965666703,0.15365116914846866,0.13068915481854865,0.0,0.1430874136400907,0.18042467966646655,0.17729378414307675,0.12800549336780687,0.04405120224124227,0.19158626903645373,0.09639412760569648,0.1820334345783749,0.16293598611320617,0.09032457392204021,0.07476115248532203,-0.10094742068633061,0.4475501765919397,0.4091194570161464,0.2951566506026198,0.4438690416469569,-0.1643388097892141,0.38339253336073775,0.23921329400835664,0.18460267082096957,0.0,0.3533811042833167,0.2785957322662652,0.282811839875989,0.2575750448602559,0.06989109546545196,0.4420865540175967,0.025775464912340125,0.16914649616480304,0.337141772299409,0.22985291738743618,0.24875117965072147,0.14489896319655343,0.15262945610421652,0.2620323210935181,0.4851001174993628,0.20303670221044945,0.3719754593450415,0.2662809300115569,0.24848132144671314,0.1189495365871656,0.4437331477926659,0.3265460780585146,0.23859735221601777,0.35390910810906945,0.22877615004217183,0.3477286634348405,0.2127015542918999
0.3795675577880278,0.27351662817990186,0.13466911202717585,0.16378945792038782,0.22022556413273459,0.07013531016353075,0.23163269952845367,0.17165182685085442,0.1631876209231351,0.19132631651580403,0.279515294861015,0.2462967951523918,0.11375511587021325,-0.06324890859781537,0.23013420177682964,0.15833701996882568,0.07284160395350905,0.13639273756390027,0.41529472948376644,0.16508774925565134,0.23600201854752717,0.17048573472136466,0.13061065663699523,0.3743750720676621,0.2367325680204718,0.30987858222401343,0.1845872015586733,0.1430874136400907,0.0,0.20531513799740134,0.3138703939013975,0.015481128348123555,0.05560751555595325,0.4460245213118424,0.2979349114469407,0.32854294257221894,0.25129111628825124,0.16244043147209236,0.25427541082120814,-0.10730467067705289,0.31422137520660487,0.1989621489401696,-0.050708660642804174,0.4042007077898457,0.3022813601123775,0.10211094904056806,0.2858410260580332,0.17473975679578613,0.1640800541956988,0.13214519084651632,0.2567715954359914,0.19298357290255336,0.3621296509365238,0.08278699377743569,0.167969306976592,-0.14826590138559143,-0.10908004906566633,0.29656903067927404,0.21834238917145485,0.38481887616229915,0.3614897420542345,0.20665955319864523,0.20603268183161572,0.1705337414850694,0.14725895175056086,0.42494063742968025,0.37147317148181813,0.25305113192831713,0.20669229888686633,0.07201595833695941,0.26655518294878316,0.2222593887913175,0.23466190457004707,0.2683197748144971,0.2509307598223886,0.23097087278460632
