0.0,0.480845755074629,0.2291089391256395,0.0,0.26428245544389484,0.16535776800014934,0.49420064911650674,0.30706015676475723,0.3105143368716079,0.20107288662698045,0.3121007897808702,0.015497487718805242,0.47708676513283976,0.28105536614662935,0.452259266259795,0.5538505932911072,0.33310579513124056,0.42115899786961997,0.0,0.3430525525727751,0.27135923597837036,0.4565762132390796,0.3075165759591266,0.0706032991047227,0.31321934036408405,0.23569191090402233,0.20374035376828722,0.47488721789199884,0.3678991470199464,0.3592872127723247,0.30717848274429016,0.4292116391221742,0.3440040774308332,0.41904999836338597,0.5469260786587035,0.6030720129785975,0.22481177386871243,0.15510192016868912,0.5347483636427459,0.4338334700816271,0.4510773066206174,0.3040738668824375,0.2147303680774707,0.0,0.2988221053571435,0.05742138753043941,0.5324010324447591,0.0,0.0,0.0,0.3280203986643122,0.0,0.4397979819737569,0.0,0.39960188203243574,0.0,0.43033481142642577,0.25437742641274214,0.0,0.33532602970940173,0.46865461204843195,0.08481764097543196,0.3993543200581553,0.0,0.588457275157465,0.15788284986214457,0.2997282593491941,0.46821982676106033,0.11859259166642636,0.4590162757447116,0.38365131713351097,0.5673039325658236,0.18106040618842342,0.4282212457293293,0.0,0.348432183815924
0.480845755074629,0.0,0.35990074906905856,0.14745568427126582,0.42586147498082455,0.2644003100350275,0.35927419558519313,0.25041320194750494,0.197549107399596,0.2681684647661011,0.0875066517058018,0.26269544179704163,0.2835165337732415,0.24440613371874556,0.38433655040480735,0.3451578534562363,0.1712533816320706,0.21076102143628164,0.24297927770157593,0.33695611044544815,0.3816273428041303,0.42230517382354954,0.38782091050156137,0.23342909330017952,0.21579358420719985,0.14995058340682318,0.3588763994264634,0.13042208753967474,0.15338711517120646,0.2930733052015223,0.21620980559315042,0.2578959892534428,0.20933051111039763,0.2282962284300042,0.41506210481090067,0.15282731507659442,-0.007057053697361294,0.0,0.5548208986556322,0.71490551135639,0.43296551806318984,0.7143563347305711,0.2135856586423858,0.0,0.0,0.31920386572470927,0.582070190892495,-0.024694463515979682,0.0,0.0,0.26770014804260267,0.5555290747868997,0.39197091357078784,0.2575109637629473,0.5027605344761858,0.0,0.329286907388995,0.574819640202969,0.0,0.3382382109479995,0.5374520381561534,0.3221409781209627,0.4340685441951008,0.0,0.6827765253228174,0.3377962638162482,0.5513499272130061,0.34419161503545037,0.3652274600068902,0.4791388764200958,0.45158653316636904,0.43012014661578335,0.6925556117753671,0.4213785197928368,0.0,0.48742858847975534
0.2291089391256395,0.35990074906905856,0.0,0.2852957283644024,0.16467134799589508,0.3472154834128139,0.38215751357064853,0.21273542805051368,0.10265333028528195,0.45931449582193457,0.27376183245408237,0.4725136842127616,0.46338665437385895,0.21511418777550512,0.18990063737573187,0.2310241676735278,0.3846955438656999,0.5908690987903585,0.1284426498406882,0.6873104340029657,0.17846737820273867,0.39169827827844267,0.2296458540429917,0.3358502759797562,0.5016163813303074,0.5301839710749844,0.26052600014889654,0.4652721235172914,0.5431420009048324,0.4599869810615352,0.42949173268957663,0.4001932223600194,0.5849583517873376,0.4120364446392542,0.32185038053394804,0.39575839987170397,0.37781669606987606,0.48762340363662415,0.3495408539060534,0.2042542761949838,-0.37908531534753326,0.3902754217780153,0.22701766427072578,0.43647929743078856,0.0,0.0,0.14410371850049422,0.38879606345632006,0.18320205576478832,0.17479034376671812,0.36642288495687414,0.26682102708767425,0.26836171331981185,0.34077233241554666,0.1819792493556604,0.3723855910152172,0.45759069433723437,0.28840466581035107,0.21374164317570932,0.15269203127516207,0.0,0.0,0.0,0.39303702362548637,0.30625575720216525,0.1740056328393789,0.10331903643631374,0.24869948172311973,0.0,0.24491755204153404,0.36023842648747945,0.3807928805006801,0.31388198247406807,0.2844846888610349,0.24765306092639314,0.4169821267725723
0.0,0.14745568427126582,0.2852957283644024,0.0,0.18795871903699848,0.46429005417299735,0.3409400921470166,0.4222353224449442,0.24806799590744433,0.10740764834418157,0.11677757973797173,0.06500956122530813,0.33005012425640434,0.40988478569064823,0.31676892268063067,0.13831362459020394,0.2910591794734782,0.21218026361720313,0.03526641146116954,0.1544309383292315,0.23222733596459003,0.06440881935568993,0.32921837981251895,0.0961377136339922,0.3550799119833577,0.3526142793960133,0.4790549058615027,0.3666082316718859,-0.014526188133100464,0.14667103991790656,0.5716304970895756,0.3243986531280103,-0.16216297222248974,0.310742946102078,0.10348332193866908,0.4354689972681071,0.2258482321276849,0.1902900501128162,0.1300708525334003,0.18617573208472152,0.20740620674000262,-0.1354373138316026,0.1125656891822592,0.03356956007901225,0.0,0.0,0.0,0.159884056798683,0.0,0.0,0.26298924779683996,0.0,0.23582334548755976,0.1487918826871652,0.0,0.1420462319198258,0.27198169893399265,0.1932438001484261,0.0,0.0,0.0,0.0,0.0,0.0,0.0,0.0,0.200908442564217,0.45350947560434635,0.0,0.0,0.0,0.785288526619534,0.19996053453973847,0.18041821871081903,0.0,0.0
0.26428245544389484,0.42586147498082455,0.16467134799589508,0.18795871903699848,0.0,0.31295445065744915,0.022096644739084327,0.24789724615571115,0.2000491194203886,0.3485597742696991,0.1738945255983939,-0.13456740739990514,0.5105945536732021,0.26787473998966327,0.280941206715287,0.45700391424742814,0.2701065961042407,0.3017881280569171,0.06849222584855416,0.43467612669172484,0.4644661974789996,0.44679526147958804,0.38517623037709636,0.27187210474202866,0.32776132356192605,0.3415938035643926,0.29487791846909167,0.04495745213281474,0.5825628842914347,0.26990930663165097,0.5126230301529384,0.3143797183863652,0.39637170311862163,0.5118045463729355,0.33669834770461493,0.2786347119455258,-0.1409339127013557,0.49094136164174923,0.593341353593962,-0.5095654768693667,-0.15356686472449865,0.21020088388175953,0.4360522802730642,0.11699294338275917,0.15090744121330293,0.0,0.23220708980503824,0.3330457822910455,0.0,0.2525925092973775,0.5126345592925566,0.40862111482104907,0.35791271680920733,0.46960584675997324,0.0,0.4121882837908145,0.2505276777781441,0.4942692788865604,0.5809685343138205,0.2993955861810345,0.19594868741922394,0.0,0.0,0.39667432722845036,0.3431663865226411,0.21991393428311723,0.2731321523183661,0.3651294589670023,0.0,0.2036659320695921,0.3107964450962929,0.4111885940049798,0.3435769241166091,0.3362635274462157,0.0,0.3674361856971498
0.16535776800014934,0.2644003100350275,0.3472154834128139,0.46429005417299735,0.31295445065744915,0.0,0.3268380053341792,0.33819861237409915,0.21919239155937212,0.4020459360019428,0.41971952668931967,0.6214830665944779,0.1694844637533193,0.31819914083718454,0.39853952406020926,0.2992608716220969,0.27506906188744856,0.2357745600711166,0.5540469412816325,0.2581899108035595,0.28940332969930727,0.1839243871636897,0.3031415208471109,0.19678980431042412,0.3033483991479852,0.258855665340974,0.29642904070138076,0.3836220125902703,0.24600027001205696,0.34674897450659625,0.20177599998635776,0.4702215096265716,0.49919629428827506,0.32425971020160127,0.2432597318016625,0.33778081724861037,0.43453163767260916,0.4276020086338458,0.3421586511314307,0.13824118717569064,0.23992252803438974,0.4199586898975716,0.5511433338938441,0.6068819280811973,0.16360338896498955,0.3631447836297426,0.30402459803080123,0.4158939638870831,0.4210514083386257,0.3497281070810809,0.5665056276154468,0.4601916551401761,0.45587596018251075,0.41411149126595714,0.392678367463292,0.6131083542245597,0.049733584461167046,0.45829301301192654,0.27514517531293936,0.47843903848565883,0.5189105683951483,0.0,0.5499062272754909,0.36901733867614445,0.4535653278951663,0.38738906008207596,0.45389494642367556,0.35436255907647585,0.21934078421731373,0.33525184152225,0.22506550156120697,0.5006273336576821,0.42502317555033253,0.4756149555866743,0.3588352924311687,0.540663364025223
0.49420064911650674,0.35927419558519313,0.38215751357064853,0.3409400921470166,0.022096644739084327,0.3268380053341792,0.0,0.36034185867778123,0.3961554419924692,0.1047712522100402,0.3447305929885441,-0.0006955010159435948,0.4082354680844476,0.20405197409902806,0.29561980809129473,0.3745859135845595,0.17395853424728405,0.3058425718866741,0.3200955012877944,0.3565934959159928,0.2844080694571649,0.27182926431674936,0.34594301924628584,-0.10109037691296971,0.30099549032456197,0.40130894475802353,0.3388933862874578,0.4403697075975211,0.4232098083228797,0.4695782409240869,0.29757604933011067,0.27396195849921867,-0.03994018333193407,-0.02740472412082899,-0.06878252735460907,0.30203082387536007,0.017916953962822276,0.11890747462627331,0.2529545997321854,-0.04640199056400567,0.09965202162230365,-0.03971548785066292,0.5789117187751363,0.49998520770486293,0.366656225404754,0.0,0.5476955492346502,0.3478129014722851,0.0,0.34621159275514063,0.49184566076323016,0.5420777346906309,0.39704755130732816,0.5149450899433102,0.39411770914798644,0.4925875704901517,0.11746987955314359,0.35975427828141326,0.6135878442207653,0.6470797680698599,0.4055817374124447,0.0,0.21028202595778556,0.36244003373722455,0.5618962223430406,0.2776468325509311,0.7410982395692233,0.3575079715960835,0.2026808143466298,0.7034494631538369,0.3629857752564989,0.4653782188427671,0.5949995000745162,0.31321008195832556,0.3842963544611771,0.3996751325908174
0.30706015676475723,0.25041320194750494,0.21273542805051368,0.4222353224449442,0.24789724615571115,0.33819861237409915,0.36034185867778123,0.0,0.2181181635607788,0.49216892501123966,0.11740392189252696,0.33801483555826567,0.4456403222107715,-0.01772421983819627,0.2302901494692546,0.47419588756155984,0.05099607683685378,0.3834785351216335,0.05090432902362925,0.288521269626065,0.08002167896487283,0.160337718472963,0.06590150818973539,0.11485726891537293,0.2862967398026759,0.28336381161692886,0.39526746732550794,0.353113847646486,0.19795823895955422,0.4627488280741061,0.36882548225568157,0.2856281046602015,0.20914168733155206,0.3473090474039349,0.15162538180142274,0.4104116749581552,-0.00615014205047441,0.6481880557573949,0.5484031718925451,0.4594033316178262,0.2482898566724963,0.3017999967640612,-0.013346729846136177,0.19869474953993002,0.0,0.38736581720803065,0.25426925085657176,0.25017006757766297,0.0,0.1587980881408751,0.431162033654342,0.34616463982702345,0.057663202450524656,0.35317171986680296,0.2930845189173385,0.3162209393942477,0.42791942192567495,0.3448099141842147,0.31608069060400223,0.37848644128629133,0.2848546013690616,0.0,0.25225322115841736,0.20403624855050864,0.4448758126992777,-0.010984440199238214,0.3558802745081743,0.13563122210739104,0.0,0.4196057506586741,0.3700587612154183,0.3549031793322777,0.3786813368798473,0.4152659218481872,0.17642225091118136,0.3181413063677302
0.3105143368716079,0.197549107399596,0.10265333028528195,0.24806799590744433,0.2000491194203886,0.21919239155937212,0.3961554419924692,0.2181181635607788,0.0,0.4604181805774471,0.0963946873436494,0.47468457874641456,0.3980629544511335,0.18867945413264547,0.22718883496799186,0.34630720434637985,0.3876540971730656,0.6206861311551308,-0.059276826161257457,0.3779390666865571,0.19260334947206584,0.20047020127869677,0.3181662394230681,0.29843354566454805,0.6133727322317629,0.6118890297614709,0.2966238474084344,0.5195242951375454,0.24436212844380759,0.4589959401471506,0.522360891440111,0.5127685406328191,0.36665565248804166,0.4798368355777139,0.4369925601585347,0.20921999298322785,0.40854000162666426,0.49213449106451784,0.3819447898009032,0.18373254089445623,0.055890101535583964,0.1595041558352537,0.2851841566879512,0.303169745320385,0.32235340973481763,0.0,0.3694757735807549,0.3051607337372755,0.20066337213871346,0.3478081695477315,0.5623898837123963,0.3839094262811481,0.4473732212596294,0.2831969378407758,0.12049091503165017,0.3665135945432815,0.26861524821425725,0.41815427646734143,0.11646715706368926,0.30224646534777,0.38058010482763954,0.0,0.0,0.2929362847636853,0.7930349527060405,0.2747605721090952,0.4123772142084263,0.33331453614695394,0.16243252104009634,0.2979546553395143,0.26317322903337953,0.4407181205136118,0.437208790034331,0.1910869754262438,0.3776468179350368,0.48293277320585637
0.20107288662698045,0.2681684647661011,0.45931449582193457,0.10740764834418157,0.3485597742696991,0.4020459360019428,0.1047712522100402,0.49216892501123966,0.4604181805774471,0.0,0.3366461575387057,0.2753202663489338,0.12187982050419957,-0.1043800635188183,0.3564534785036404,0.4616820993377732,0.44106543843736173,0.192350464394751,0.3202125129157383,0.13895027387554781,0.5289317874321251,0.3693487398685339,0.46869280216290243,0.36134018292986336,0.22025181860169962,0.09313506506166513,0.34430223683688055,0.2692004955957345,0.443866400107636,0.3072470285919887,0.3592930841717669,0.2711729955724145,0.3986137791511475,0.6855798129155406,0.6585893876091109,0.11992983976675294,-0.11422975537582061,0.6091040618194365,0.4045281932426165,0.40738353409278183,0.697704511402868,0.22234507810384768,0.09947495622629796,0.26661756149794674,0.6834616593811046,0.5302241107198818,0.3719166997916952,0.17542633096712698,0.18308113823063593,0.21189649397875324,0.32516609768200583,0.39844634134928636,0.25783372566675483,0.08544360260746164,0.38430410893092665,0.2178774385634395,0.2989864289488434,0.42756426182323765,0.0,0.23753819944347815,0.15625518328406612,0.44746021878832887,0.5863030901239318,0.20945479871685857,0.2053927548369175,0.4681955825824416,0.1997115499766731,0.4532615021196221,0.17191834507328904,0.42589095391138687,0.3425576888184172,0.27438342279902456,0.3734121920208182,0.2890603480214704,0.0,0.5644809361091531
0.3121007897808702,0.0875066517058018,0.27376183245408237,0.11677757973797173,0.1738945255983939,0.41971952668931967,0.3447305929885441,0.11740392189252696,0.0963946873436494,0.3366461575387057,0.0,0.43261283625313696,0.447617008924569,0.17906876429983412,0.0,0.21544791845039415,0.35521042470438763,0.47608533882633197,0.11309714846872056,0.19655249743980835,0.3661685298890965,0.12570525266763263,0.3267684675527683,0.2345121275877607,0.2617516503831865,0.46745453769805684,0.23507481602669458,0.423550244758142,0.1143631170467183,0.3686900742848358,0.33100238520425224,0.2712693071335909,0.16806353411632088,0.34442714625078286,0.37594263721350046,0.3653006893782209,0.38314441229003776,0.4081625526944307,0.791677085702571,0.21004102553599918,0.23759654963734123,0.34779994389211655,0.664715210610861,0.3217566642321642,0.207716506540777,0.0,0.0,0.43566282801425615,0.236251692254269,0.28456421847491986,0.6251378000574008,0.4747798945706962,0.4129059391048214,0.3397501260079628,0.24362780125293595,0.1741209855049861,0.1600172213083938,0.6158970371730598,0.6298186502740548,0.0,0.0,0.0,0.0,0.1677042530010074,0.8272976655981488,0.0,0.20418530485203876,0.3919895799632517,0.0,0.0,0.37664479930685424,0.5344662268234353,0.3771761159547607,0.03069319560155787,0.0,0.7628004461939115
0.015497487718805242,0.26269544179704163,0.4725136842127616,0.06500956122530813,-0.13456740739990514,0.6214830665944779,-0.0006955010159435948,0.33801483555826567,0.47468457874641456,0.2753202663489338,0.43261283625313696,0.0,0.0600601536174053,0.2337529622553714,0.414387129840962,0.45338916800270174,0.3315540870142524,0.538830573637194,0.4606453647213389,0.5067696833032416,0.4568830065855544,0.34568567970046227,0.2999789233143924,0.1617046947713186,0.08911951625584999,0.1554349099986054,0.5274751864428842,0.2142745021523935,0.4296662796769171,0.33655851720168733,0.3964103069409084,0.28965812148736847,0.48048655076666275,0.42959967505950564,0.4408562187435705,0.11768427167278422,-0.0010226318871499607,0.4900493878160934,0.16402328359390678,0.41085229303248527,0.2869267598648307,0.2412567697619337,0.19776702707098,0.3446977491930441,0.47073227944196555,0.10712910591526738,0.09782153093329662,0.21192263404394376,0.20753223490608566,0.09049900522193648,0.30990532867704185,0.2868329971726476,0.16505226398648445,0.2651452954915011,0.3565475196062755,0.22171793274266902,0.2660418112167946,0.5317876657425971,0.21624924296963538,0.24016518519980093,0.7893008958611047,0.4071561456466566,0.5311829943338123,0.27512094129684356,0.31721422835471735,0.32626726947255486,0.3191535897015066,0.6596428503338372,0.1656502570198007,0.3433647075179208,0.287746157713772,0.7330624011541111,0.15233628298302324,0.05838628313577356,0.0,0.5253866703303484
0.47708676513283976,0.2835165337732415,0.46338665437385895,0.33005012425640434,0.5105945536732021,0.1694844637533193,0.4082354680844476,0.4456403222107715,0.3980629544511335,0.12187982050419957,0.447617008924569,0.0600601536174053,0.0,0.1890843759948745,0.3643262572696334,0.3347934920952948,0.16745316780433003,0.31557408145856597,0.412535500995415,0.2579764587446368,0.416597717274012,0.1815031146275379,0.4261025078159818,0.006619566241185721,0.25602780207419845,0.33536242853068254,0.4535470973257246,0.16257600070145936,0.18888730314117858,0.24085067827009826,0.2427158871796219,0.3668712878799356,-0.0025085357984962857,0.0515308510866401,0.005974405168513025,0.27991433279174494,0.0677307587183384,0.07441948378002862,0.2857944439826383,-0.1465783772292352,0.34966387739987304,0.04284852643958714,0.6098217791058017,0.13897853404414914,0.05575471070155412,0.38987101509546984,0.549470955281633,0.43895571654317067,0.0,0.5476711566868143,0.5907313610873864,0.5507845947618513,0.5106503222373667,0.6301608142100137,0.16368871591672113,0.46533589818390436,-0.11492569437646072,0.6041349648243224,0.24702327690709516,0.44351540693498426,0.39746461849581216,0.30133548497355883,0.4659210685497843,0.4008376088923442,0.530514296680374,0.48978451305581217,0.4742819256279081,0.42307182089389855,-0.166893157433361,0.4023560839521793,0.29024345657207573,0.5210281860863872,0.5308493952821005,0.41764703878098,0.6317969727144546,0.4935213961271422
0.28105536614662935,0.24440613371874556,0.21511418777550512,0.40988478569064823,0.26787473998966327,0.31819914083718454,0.20405197409902806,-0.01772421983819627,0.18867945413264547,-0.1043800635188183,0.17906876429983412,0.2337529622553714,0.1890843759948745,0.0,0.36430544053595015,0.2166190934017965,0.21428865137164976,0.21464878218865005,0.1157553617501317,0.33804593261382626,0.2192397616703447,0.21039887517904915,0.25724295121623453,0.3162097064606272,0.3725412989654482,0.2894538590003859,0.30564460803789983,0.3108570948832046,0.3238150116593615,0.3404197600073224,0.6167608684928566,0.04851127876990241,0.12781579368974036,0.45620316241196407,0.2978130311953975,0.45006283204139375,0.38883814437351416,0.36126613871682867,0.6014487201474643,0.0,0.13922098578446782,0.5989486926328471,0.5349208924982455,0.18321503768699124,0.0,0.0,0.0,0.38044328370931113,0.0,0.6830213917552483,0.7583599445206459,0.5873428513150039,0.17819047192553905,0.3245351012513476,0.0,0.384920345704844,0.17116270213849957,0.41982120600472567,0.24234350592375992,0.0,0.0,0.0,0.0,0.3904332010446109,0.0,0.0,0.0,0.32393502414191044,0.0,0.0,0.0,0.6866219936797242,0.3159670204231694,0.0,0.0,0.0
0.452259266259795,0.38433655040480735,0.18990063737573187,0.31676892268063067,0.280941206715287,0.39853952406020926,0.29561980809129473,0.2302901494692546,0.22718883496799186,0.3564534785036404,0.0,0.414387129840962,0.3643262572696334,0.36430544053595015,0.0,0.5171476397288275,0.21730999208349783,0.38375564089384284,0.0,0.35428996596912204,0.2582824863846484,0.028267847200925622,0.025621451309685298,0.2586730428179876,0.49043886210582227,0.16863462863195128,0.21131571708669794,0.3578866223818558,0.34569030274311774,0.5126465025148612,0.4541703908494005,0.3152169267784541,0.44666676581313036,0.40074044236926853,0.3349220549661617,0.27860682376363777,0.23739707763004092,0.1661238375960385,0.13041905589901062,-0.024209440962747034,0.14025250104480833,0.24882747218647783,0.5871902814746031,0.1973380641021044,0.0,0.46015529761482377,0.5276796044198181,0.3127325639739005,0.0,0.0,0.5472305004882612,0.39594987021518663,0.470381852168451,0.1977343131307853,0.0,0.0,0.8523069837549552,0.6007374107906936,-0.2678158008177798,-0.10372286291189226,0.4912914095966091,0.23033052977599489,0.726590132544824,0.0,0.2213032478986055,0.20255121149108563,0.15663073854670617,0.4273152325405822,0.20913276157549363,0.4594329544363801,0.038737820732867335,0.5178821634897591,0.5153845413434358,0.5168757502862208,0.6131439357067022,0.16782854634516187
0.5538505932911072,0.3451578534562363,0.2310241676735278,0.13831362459020394,0.45700391424742814,0.2992608716220969,0.3745859135845595,0.47419588756155984,0.34630720434637985,0.4616820993377732,0.21544791845039415,0.45338916800270174,0.3347934920952948,0.2166190934017965,0.5171476397288275,0.0,0.384827278326136,0.4725053377200813,0.23085451965471918,0.40563418890608516,0.548026254825063,0.32950136798410057,0.5723791003713603,0.39440027128440047,0.31613972174132465,0.4972941694976993,0.4520954972955797,0.3470788127369772,0.3282696134072708,0.17982926003159505,0.12164704909715188,0.3827316777460721,0.4279201998948222,0.32615824319655345,0.5617286638512461,0.05952000280622638,0.30887832592007014,0.23600828800781257,0.8018358198307473,0.743753074595902,0.7219511166853689,0.7436909838475682,0.20886233127581502,0.0,0.0,0.3909610919442851,0.740791607776861,0.0,0.0,0.0,0.6132969489188251,0.27104812728292255,0.3738471787273129,0.0,0.5267496256497463,0.0,0.5222996564663221,0.430977375142113,0.0,0.42975540921004657,0.7154457272324025,0.3950982172792319,0.6828981092927928,0.0,0.6351690470444704,0.4937982072290436,0.5978785055261163,0.5756320541683482,0.4610089871131062,0.6845147636184854,0.5315775444613533,0.5342430515344045,0.7974168926323922,0.6876364146964913,0.0,0.5662511076650671
0.33310579513124056,0.1712533816320706,0.3846955438656999,0.2910591794734782,0.2701065961042407,0.27506906188744856,0.17395853424728405,0.05099607683685378,0.3876540971730656,0.44106543843736173,0.35521042470438763,0.3315540870142524,0.16745316780433003,0.21428865137164976,0.21730999208349783,0.384827278326136,0.0,0.40983302849655884,0.4936409188694499,0.0013643609875209073,0.44928878965081964,0.26098243609587735,0.4537545778608084,0.2936715047449594,0.363202233780655,0.4349936385211125,0.3663677070670392,0.2874539883733375,0.23135230629228762,0.4673628052862452,0.332268324370553,0.29681058489188233,0.1790337503128993,0.5323271126802438,0.6429450154266545,0.3258667693835237,0.15821255661453437,0.5229549314838317,0.2878380784711688,0.5616870261093534,0.3601599980436819,0.3679736754983035,0.0,0.0,0.6733900059733949,0.37596037611187055,0.3965399202341219,0.0,0.0,0.0,0.0,0.0,0.0,0.0,0.5122997772799965,0.0,0.36255148414845145,0.16346578413193566,0.0,0.25982891425727467,0.6849366261677208,0.5994417965055563,0.7003183662911068,0.0,0.0,0.0,0.12744018376994717,0.0,0.4528724463216407,0.6143282451924944,0.5900583745316835,0.0,0.31413619578826546,0.2017160194468433,0.0,0.4300139313384012
0.42115899786961997,0.21076102143628164,0.5908690987903585,0.21218026361720313,0.3017881280569171,0.2357745600711166,0.3058425718866741,0.3834785351216335,0.6206861311551308,0.192350464394751,0.47608533882633197,0.538830573637194,0.31557408145856597,0.21464878218865005,0.38375564089384284,0.4725053377200813,0.40983302849655884,0.0,0.23722892845713095,0.21698974385885095,0.3116759650096435,0.22842144882702856,0.4127498260273116,0.2872782257663555,0.3119390142720703,0.29585206033574857,0.4317071782355447,0.1696470123530913,0.2504095077104204,0.4324766186215683,0.18441547459340366,0.388743779096014,0.34340545088715646,0.46470795224503875,0.5423060452864662,0.35453304887700265,0.17157817941536807,0.4426574293206882,0.6875179972831565,0.5198171736707657,0.6035446538169489,0.6971689448984675,0.0,0.0,0.09159943262725798,0.3293188002678682,0.6054446399770365,0.0,0.0,0.0,0.2556733888474668,0.20705053853611274,0.25457902212974987,0.0,0.6460301204745521,0.0,0.5987853953693969,0.6022854495155173,0.0,0.37639337738004314,0.6343905162575537,0.6325863750299406,0.733548678791694,0.0,0.9151785117741801,0.3730409336566974,0.6336895276903948,0.3295795085564421,0.4209838800574614,0.685983770771655,0.6186220833791624,0.31629898266144435,0.457262246704031,0.5073198276672672,0.0,0.7503648593324627
0.0,0.24297927770157593,0.1284426498406882,0.03526641146116954,0.06849222584855416,0.5540469412816325,0.3200955012877944,0.05090432902362925,-0.059276826161257457,0.3202125129157383,0.11309714846872056,0.4606453647213389,0.412535500995415,0.1157553617501317,0.0,0.23085451965471918,0.4936409188694499,0.23722892845713095,0.0,0.2244113561843005,0.2936040691442156,0.2525864503904463,0.25886565122591126,0.2990402823597212,0.49105864467659777,0.46591460026654813,0.16808217619073038,0.39000472045142137,0.27085041942183563,0.4223097364879664,0.38037581285170263,0.457218898826046,0.2408359805288182,0.3042362962069084,0.2550084664291537,0.2647540068836445,0.5795545759475185,0.19648094260712912,0.49258081929909214,0.19777026459459368,-0.09081910487608161,0.20124682060331095,0.4540638247941803,0.2596360760647161,-0.02573613313832255,0.0,0.0,0.28151948615724026,0.0,0.12254030414028066,0.32997268039589767,0.2551228036571242,0.22463920970019968,0.31297244052150786,0.25477548366094954,-0.08683727928028137,0.4673403571486505,0.2921621768998251,0.28063656241565044,0.0,0.0,0.0,0.0,0.2817944129359734,0.23600234920487378,0.0,0.2424100009799103,0.26259300104068645,0.0,0.0,0.0,0.4066244490964007,0.2607508624464406,0.3410684197775336,0.23431747311778375,0.581106696829866
0.3430525525727751,0.33695611044544815,0.6873104340029657,0.1544309383292315,0.43467612669172484,0.2581899108035595,0.3565934959159928,0.288521269626065,0.3779390666865571,0.13895027387554781,0.19655249743980835,0.5067696833032416,0.2579764587446368,0.33804593261382626,0.35428996596912204,0.40563418890608516,0.0013643609875209073,0.21698974385885095,0.2244113561843005,0.0,0.36083238060675027,0.23367693431143186,0.2593236962376854,0.5398793494413511,0.27074609979846126,0.2966919221030843,0.4991775751965352,0.1263308876485759,0.2930851425723471,0.21312354839823164,0.49738966500658605,0.2834751704166463,0.28954373207319933,0.43801347521783784,0.3250446836317993,0.330311586825285,0.16671527902388472,0.13179747732229055,0.563497461149253,0.43626912059012063,0.5441398907939774,0.3734319172139085,0.5368101299508914,0.6698316013903025,0.6448328586336622,0.2562015324743,0.6173780451548753,0.4273552902593636,0.0,0.0,0.47854526581813167,0.6075198454397588,0.5135598525834928,0.3385685228437473,0.34606199289894135,0.0,0.2794744372605688,0.5804010194628141,0.0,0.45898433447506515,0.5802369449406556,0.21129171353599713,0.6143206501211759,0.0,0.5252838476039843,0.41209473609906494,0.3878079403893722,0.5024620040506098,0.0,0.6341438875612992,0.27211446741771783,0.5988966833912751,0.5167580794771052,0.5981908418324695,0.5078656579126064,0.44896165969644847
0.27135923597837036,0.3816273428041303,0.17846737820273867,0.23222733596459003,0.4644661974789996,0.28940332969930727,0.2844080694571649,0.08002167896487283,0.19260334947206584,0.5289317874321251,0.3661685298890965,0.4568830065855544,0.416597717274012,0.2192397616703447,0.2582824863846484,0.548026254825063,0.44928878965081964,0.3116759650096435,0.2936040691442156,0.36083238060675027,0.0,0.3222786269258103,0.22144430442071603,0.007956137675685704,0.23540733551587661,0.286154224861152,0.16237631648777515,0.2650039829606796,0.2140771584047543,0.3466779873597683,0.2035723762476797,0.2856120933613367,0.19630884888430986,0.30536789102288997,0.3416969465330012,0.20429158594313568,0.7293648490141028,0.34961285197056974,0.36348624933651463,0.4239531868675064,0.3232625659158834,0.3383745914323333,0.2913137115531101,0.0,0.0,0.01798199584510001,0.3974689092021711,0.29889049305721255,0.0,0.0,0.30761121256653257,0.3685990763250391,0.4530161893796172,0.1882774113273555,0.45586067003972436,0.0,0.28323907389353825,0.19039325429566198,0.0,0.18702397703517873,0.44559511598342616,0.0,0.5143555438763063,0.0,0.30252482283462995,0.19212211677115745,0.3146804866317141,0.16941985316081354,0.2773787863471721,0.29683559224192485,0.3539751690885017,0.341418589451022,0.3426541186277753,0.2985278192108253,0.36516788133383743,0.22090080948987892
0.4565762132390796,0.42230517382354954,0.39169827827844267,0.06440881935568993,0.44679526147958804,0.1839243871636897,0.27182926431674936,0.160337718472963,0.20047020127869677,0.3693487398685339,0.12570525266763263,0.34568567970046227,0.1815031146275379,0.21039887517904915,0.028267847200925622,0.32950136798410057,0.26098243609587735,0.22842144882702856,0.2525864503904463,0.23367693431143186,0.3222786269258103,0.0,0.15543336978023592,0.07904131704197834,0.3298799998229763,0.4015195888203671,0.29241240275141267,0.21493520996911059,0.12948422580516467,0.19605207598754767,0.41707042496834346,0.3639116910823569,0.3797491126942526,0.4659530148890826,0.3955069031379063,0.28558462351481256,0.3011815058360613,0.2572102511264067,0.5676686521027254,0.6641392257742585,0.4524668081967977,0.4534013114193149,0.5001414240862858,0.02917821398136955,0.16097589301734944,0.3034105000217761,0.6476040014451976,0.35972763022381865,0.2062362151184432,0.19691477520276288,0.26882798474824704,0.4673382726647155,0.5989639083615216,0.3505797694973008,0.3012592854374105,0.0,0.1034722869793121,0.7034358559430534,0.0,0.39713313089816743,0.6531904281784343,-0.022301957260874194,0.5322322067646085,0.0,0.35871526965876604,0.23590467767409964,0.4477048062802869,0.35831353917086184,0.47382683680263354,0.6036293079193328,0.43143098659652845,0.472087207730742,0.4436549971343537,0.5365307112026857,0.7376895899899787,0.4601707624086751
0.3075165759591266,0.38782091050156137,0.2296458540429917,0.32921837981251895,0.38517623037709636,0.3031415208471109,0.34594301924628584,0.06590150818973539,0.3181662394230681,0.46869280216290243,0.3267684675527683,0.2999789233143924,0.4261025078159818,0.25724295121623453,0.025621451309685298,0.5723791003713603,0.4537545778608084,0.4127498260273116,0.25886565122591126,0.2593236962376854,0.22144430442071603,0.15543336978023592,0.0,0.14441607555554206,0.3733082127901439,0.35784422754939144,0.3546529683575925,0.3291433402245111,0.28048538863079087,0.3535014757115861,0.37438922583003814,0.3521662175026338,0.48872651775387427,0.40289034530897083,0.2832472448177518,0.4148036434392426,0.34732346365831734,0.587401986013134,0.39342626132093916,-0.022751496282723174,0.39684258209727297,-0.15843285758579495,0.484976044950849,0.40798525546534536,0.7448421354325632,0.3156757666330353,0.4877231302548473,0.3448581875576464,0.5193085404114033,0.23561578828659377,0.4469041928879959,0.36140940198514676,0.2780425395744045,0.28241159444828756,0.40267764362281167,0.3434799427351715,0.36968823494303166,0.3451423004531393,0.36670487592794493,0.40940222181917774,0.4941630161200398,0.2053927548369175,0.500930926777616,0.2860612806537153,0.46094821341575276,0.19669203112606926,0.3696659772401331,0.33586586570527743,0.14139447740956818,0.5475323334605351,0.26275816979803995,0.35306289431387905,0.3421710206529101,0.41344264499507366,0.3912430540306359,0.3906288567901292
0.0706032991047227,0.23342909330017952,0.3358502759797562,0.0961377136339922,0.27187210474202866,0.19678980431042412,-0.10109037691296971,0.11485726891537293,0.29843354566454805,0.36134018292986336,0.2345121275877607,0.1617046947713186,0.006619566241185721,0.3162097064606272,0.2586730428179876,0.39440027128440047,0.2936715047449594,0.2872782257663555,0.2990402823597212,0.5398793494413511,0.007956137675685704,0.07904131704197834,0.14441607555554206,0.0,0.14066223253711937,0.04108462750949932,-0.01448855600876002,0.09026986160735367,0.49241497758277475,0.4337376837457809,0.3982624789436748,0.4554848224562599,0.33984152219575464,0.4917653377306331,0.360363566192429,-0.08225610325444671,0.32274269132924865,0.36632911794613754,0.20948727128314298,0.6622659075096695,0.49313878751667467,0.5623950770620512,0.3096141700137203,0.2149518946645314,0.6951478467776276,0.0012643145460059999,0.374878395722982,0.0,0.0,0.21946532280091818,0.25346538060447643,0.1820072996070593,0.0,0.11065395117591394,0.3414574469292238,0.20822605500142757,0.3054068847797635,0.1293231339734501,0.0,0.1723042598260374,0.40597168246551785,0.3054076985786718,0.4449534350691782,0.19590514586803132,0.15501892883376805,0.363125561384248,0.18309363091810119,0.26394237827794215,0.06331917064298935,0.32582268543325704,0.2595150752653278,0.20746823425620728,0.37078413801666155,0.4927342077153039,0.0,0.36471498930902607
0.31321934036408405,0.21579358420719985,0.5016163813303074,0.3550799119833577,0.32776132356192605,0.3033483991479852,0.30099549032456197,0.2862967398026759,0.6133727322317629,0.22025181860169962,0.2617516503831865,0.08911951625584999,0.25602780207419845,0.3725412989654482,0.49043886210582227,0.31613972174132465,0.363202233780655,0.3119390142720703,0.49105864467659777,0.27074609979846126,0.23540733551587661,0.3298799998229763,0.3733082127901439,0.14066223253711937,0.0,0.09334775528437174,0.34868721795766927,0.14181220607733244,0.11863320263174101,0.4104886513884122,0.25886956641030384,0.24701817039838872,0.30920080968287783,0.3959592819881463,0.6802908023007955,0.21608766701127477,0.259151526341812,0.5750801040915855,0.6391498693897872,0.5851800699463006,0.6641127536467432,0.6490658791653698,-0.09584785418500866,0.0,0.3831131941707904,0.2977186923891579,0.5081624401622521,0.0,0.0,0.0,0.5475829303894514,0.18329031812970076,0.5203427939459062,0.19444349195278932,0.3996368512593217,0.20609700140360515,0.33014228553976344,0.31552535824415795,0.0,0.47365567851848234,0.5505203819244137,0.49551713131056163,0.6374632416246134,0.0,0.7856021598280082,0.2611625343990128,0.6780365571523761,0.09862128676648865,0.21805063886312387,0.5659505356002638,0.4955538363534716,0.2512060737908431,0.5251927643192063,0.4100778987023392,0.0,0.563505916443928
0.23569191090402233,0.14995058340682318,0.5301839710749844,0.3526142793960133,0.3415938035643926,0.258855665340974,0.40130894475802353,0.28336381161692886,0.6118890297614709,0.09313506506166513,0.46745453769805684,0.1554349099986054,0.33536242853068254,0.2894538590003859,0.16863462863195128,0.4972941694976993,0.4349936385211125,0.29585206033574857,0.46591460026654813,0.2966919221030843,0.286154224861152,0.4015195888203671,0.35784422754939144,0.04108462750949932,0.09334775528437174,0.0,0.37415258009562485,0.24507876335719875,0.16645955686436803,0.42197223790322824,0.25982644650122794,0.42981817657701055,0.38784962323616656,0.4190354251971346,0.5882791331987257,0.18548277927183168,0.1591414666328529,0.2847652631479806,0.5189553708904402,0.5003348789994967,0.5255666067505509,0.2945887511056827,0.6719601282073189,0.22791436379112812,0.3176844023174735,0.24648234931864108,0.4877756956961887,0.354910877313086,0.0,-0.019373707819452315,0.2151922667103604,0.43713534926834785,0.20659176307668467,0.26165741791153224,0.2728140305528033,0.0,0.23791095203050855,0.4987577086311163,0.0,0.2859289911562485,0.5099683559582798,0.394352752863353,0.5391949986627905,0.0,0.4122881825948468,0.3230715801415629,0.37997786107902115,0.23661514080600188,0.15380859108510106,0.46174495434041923,0.3612961138193418,0.28298788819174847,0.2929953798671321,0.2270110414586911,0.20328809858905864,0.4468931952656563
0.20374035376828722,0.3588763994264634,0.26052600014889654,0.4790549058615027,0.29487791846909167,0.29642904070138076,0.3388933862874578,0.39526746732550794,0.2966238474084344,0.34430223683688055,0.23507481602669458,0.5274751864428842,0.4535470973257246,0.30564460803789983,0.21131571708669794,0.4520954972955797,0.3663677070670392,0.4317071782355447,0.16808217619073038,0.4991775751965352,0.16237631648777515,0.29241240275141267,0.3546529683575925,-0.01448855600876002,0.34868721795766927,0.37415258009562485,0.0,0.42168866322777776,0.43346524777084783,0.3460172482507857,0.41387876605781937,0.38790482473704535,0.5261113977275712,0.4507654085806935,0.29869752721251436,0.3585542543423539,0.35740474932750843,0.4736628998394271,0.36438510583051603,-0.13772536997770365,0.27205014496486557,-0.12155182427642362,0.49183009653434906,0.30084398166884657,0.4077177273918832,0.40941845168383906,0.46766915740496573,0.3655734104378291,0.29060827282406154,0.3886192623095786,0.5924459739207919,0.4042356645921377,0.37324555895745126,0.38890899890808467,-0.4101869127349454,0.43010865475653565,0.25412308238604997,0.4128836648412755,0.37053132066628397,0.4873044697250699,0.6208307308288595,0.0,0.49394131981605993,0.3647287953251959,0.5113718738642141,0.27307387798746363,0.43789793985387626,0.3509827114437211,0.0,0.40599481090333817,0.2799088926957381,0.4935441822109927,0.4055468918771277,0.47653226521521846,0.4446640739997507,0.461032420340149
0.47488721789199884,0.13042208753967474,0.4652721235172914,0.3666082316718859,0.04495745213281474,0.3836220125902703,0.4403697075975211,0.353113847646486,0.5195242951375454,0.2692004955957345,0.423550244758142,0.2142745021523935,0.16257600070145936,0.3108570948832046,0.3578866223818558,0.3470788127369772,0.2874539883733375,0.1696470123530913,0.39000472045142137,0.1263308876485759,0.2650039829606796,0.21493520996911059,0.3291433402245111,0.09026986160735367,0.14181220607733244,0.24507876335719875,0.42168866322777776,0.0,0.10371196952657108,0.2617180920994447,0.23875833126402152,0.32773482084215644,0.021886662598089413,0.17131633609100078,0.24898269496495748,0.16962013396645334,-0.08048678947659817,0.22849978554877387,0.3577236244264398,0.014997245496281217,0.20846950842491194,-0.0012882559136778373,0.310926173877236,0.36415580274945236,0.4198330676255966,0.3564078358749352,0.734265538137939,0.3878847740479708,0.0,0.5440267460231483,0.4719792008398234,0.4777827869691692,0.4305134203140833,0.4405871619603646,0.2300301407973386,0.6577198245531551,0.08049634490380088,0.4047915535411415,0.18846055994917477,0.4633513369033136,0.339620891524445,0.1526371771446333,0.8364561933540298,0.6202291268844189,0.5846187006202623,0.3165706209970527,0.42003217804163995,0.40988894427535416,0.16761803381445248,0.4384008762469333,0.1685944278376912,0.5013923707433314,0.4824678964438722,0.4483278713438169,0.5587840606200258,0.44724844710319145
0.3678991470199464,0.15338711517120646,0.5431420009048324,-0.014526188133100464,0.5825628842914347,0.24600027001205696,0.4232098083228797,0.19795823895955422,0.24436212844380759,0.443866400107636,0.1143631170467183,0.4296662796769171,0.18888730314117858,0.3238150116593615,0.34569030274311774,0.3282696134072708,0.23135230629228762,0.2504095077104204,0.27085041942183563,0.2930851425723471,0.2140771584047543,0.12948422580516467,0.28048538863079087,0.49241497758277475,0.11863320263174101,0.16645955686436803,0.43346524777084783,0.10371196952657108,0.0,0.4056434930207587,0.3246088204545407,0.11813912506046308,0.07823152862360318,0.43259756666196086,0.1779810099945831,0.10411036915572386,0.16751953742827563,0.289541125131063,0.5747877359398037,-0.06598014949739624,-0.10513616074280571,-0.17896661708243083,0.4586735747428987,0.03458194183476808,0.44573550405845713,0.3068862892009253,0.6198758014117038,0.42350666854881674,0.22220015112073505,0.26685407342186546,0.5438877417261174,0.4477027371135182,0.57339068619644,0.5582336534439306,0.23062854803545382,0.7920435988546727,0.5386017809196804,0.43577225454334856,0.221692045004545,0.5838885325261486,0.4582722758393316,0.20680268951564426,0.3116758977258398,0.39354944878632886,0.6165096262321296,0.32961343898114837,0.45427789761509313,0.49549188062559374,0.6828330518049959,0.5909105109507121,0.17125940586941957,0.6059031750974981,0.5031057107733627,0.5702034298833241,0.4603193435011543,0.4575997226579229
