0.0,0.04138123419039186,0.02925466897989848,0.0,0.012537469929499556,0.020549087073819694,0.040924420557513,0.021088862219057813,0.022079153328399714,0.011382790184087277,0.023380768700247523,-0.017593415954538838,0.04114332923195746,0.022111335614989125,0.048672172152256776,0.04585031177861287,0.04346601217127405,0.038074503488492784,0.0,0.040828796706213866,0.026621483333513274,0.04795584569768502,0.032564612545918914,-0.015449871725787823,0.027253213387561426,0.014065584408341492,0.022604604937463413,0.05194446399376529,0.037907138280065145,0.024186136260439306,0.024296928126594675,0.025731014389543505,0.03329759399076693,0.033081717571993796,0.050172030057481276,0.0482211206860087,0.00039912901076827323,0.008668983360843374,0.04330997337436093,0.04658528767479975,0.03992103064343194,0.02203658452781887,-4.146075706590313e-06,0.0,0.02186188008936757,-0.006554198856858762,0.05094836551514864,0.0,0.0,0.0,0.03030114029028902,1.1102230246251565e-16,0.04598886721168466,0.0,0.05715460467090144,0.0,0.06051334750351922,0.006369249066328908,0.0,0.01802991005438581,0.041153982982766235,0.011560434875928616,0.039451885874704384,0.0,0.05919638009632838,0.005637887445896328,0.03379613579288432,0.042296945618102044,-0.0021117635168617643,0.04711166642424092,0.036339870074379055,0.05824268560310947,-0.0001942281375649224,0.03896363191157348,0.0,0.034528652390719616
0.04138123419039186,0.0,0.04191134529795165,8.265550726804793e-06,0.051629638706543524,0.026886027370159438,0.041640315688011076,0.015596576387841843,0.025763134204717708,0.020224435008176278,0.005571723500106762,0.019614400622256778,0.029008720258695164,0.009904637122482518,0.035529239695544224,0.022449393209182877,0.0031984724806383147,0.00770741509240197,0.012110338550035349,0.029926418250739717,0.030422413427141637,0.02795708771034111,0.04244496819114019,0.014258132839195137,0.005565643094152695,0.0019040722940423804,0.034998192516704496,0.00830842217684613,0.014420538754972068,0.028948334057849967,0.008009626251084534,0.00836811017032757,0.013018171016674296,0.0099822545157226,0.02182513756070731,-0.003785976484655229,-0.0010741787746886833,0.0,0.03692750994497668,0.050277382459045394,0.036185429412288694,0.0477629858028043,0.005381518012703812,0.0,2.220446049250313e-16,0.025243662549087276,0.0422454800455101,-7.242041323407555e-06,0.0,0.0,0.021879533627122194,0.032727205683727945,0.02609911960293898,0.01251587921544256,0.030852019196397462,0.0,0.026836717904453244,0.03368658649328127,0.0,0.03621515628502481,0.034712577870941674,0.017071811045655694,0.031552977432039,0.0,0.05155922219004411,0.029191181871845384,0.03793768789886931,0.039085651396236154,0.037191847370365294,0.04121884237059931,0.039076850604225666,0.04068463227681435,0.04751923187292101,0.03096089032856736,-1.1102230246251565e-16,0.030155000847075508
0.02925466897989848,0.04191134529795165,0.0,0.037309244341424075,0.02120647535373682,0.04547643106530552,0.05955979212574841,0.029423134471862067,0.014939200962585164,0.05482151803672719,0.04515059137010424,0.041918367484903074,0.06747018573694791,0.0277600925228908,0.0221159248111637,0.024600928543542844,0.02603597745328362,0.04680303310794498,0.012451710276012606,0.1278535357780044,0.0233086651179088,0.04633928518399216,0.04466049175507031,0.03910530498395698,0.04995260430537907,0.05449884881374456,0.029094353921315597,0.063833941682156,0.07177269314542156,0.05760308554455973,0.06146553686230666,0.05576022775817435,0.052561179855677154,0.05677991379923425,0.03913800670776768,0.05375224924300154,0.05713093632080973,0.047439037477637724,0.04854260818729039,8.491343839178711e-08,-0.08862016623266661,0.05823642090042053,0.03907527746093992,0.043414040900512485,0.0,0.0,-3.099739306949845e-05,0.15320188489716868,-9.31219686028939e-07,0.027952452533612893,0.0565281926385679,0.04493042702157479,0.041885612610166545,0.06070260951895501,0.0006241325241730378,0.12157643474603846,0.02969319464551906,0.04670427057135507,0.0414592989089968,-0.000127464994311155,0.0,0.0,0.0,0.20687719696758988,0.008559010978519244,-0.003416277805383783,-0.0002390228647715098,0.0439572732838146,0.0,7.088648602665559e-05,0.02339460225583101,0.05942563013266777,0.04161068833264947,0.029585490777569223,0.006439411129412265,0.055389286270546845
0.0,8.265550726804793e-06,0.037309244341424075,0.0,0.01561079887936373,0.04973357770180137,0.02440891024822589,0.05708272070192533,0.029821745111086206,0.01990334906137159,0.01328364338819582,-0.009285700589640844,0.02902671552343694,0.04112874948880879,0.019727581958139284,0.00040598774001282534,0.014857559243747154,-4.240484859696636e-06,0.0004326670895732909,0.003934106345404198,0.00030118988815830416,-0.001659108860660119,0.025195574397717857,0.004421509081455111,0.0004405083640112162,0.023382449628878643,0.042415078421036034,0.030028480232612842,0.0002615589608378488,-0.011549546093121588,0.08242973484408872,0.023963243745360296,-0.06634617858868092,0.03887055026564912,0.0025663184750373547,0.0620095570364744,0.010408764353836614,0.01650045727546051,-0.002581157799079803,0.00014808898865631415,0.007740511856787258,-0.015186259788616041,-0.0005542785294541108,-0.006887982843894691,0.0,0.0,0.0,-0.0005830431227981103,0.0,0.0,0.010906258894786636,2.220446049250313e-16,9.704914263108932e-06,-0.00016242363454105346,5.551115123125783e-17,0.0038635569195913932,0.003957292660581646,-0.00030020587348428274,0.0,0.0,0.0,0.0,0.0,0.0,0.0,0.0,8.556815465021739e-06,0.036919600024891475,0.0,0.0,0.0,0.06599774117572943,0.0012434119475576155,-0.0012656735035787015,0.0,0.0
0.012537469929499556,0.051629638706543524,0.02120647535373682,0.01561079887936373,0.0,0.04479761195230231,-0.0025607519675516777,0.043352167146470055,0.031063376100047224,0.040296256154429555,0.022040782310630724,-0.02718785650228739,0.05275703384983371,0.03926102201140991,0.012371937490237794,0.046021304815521746,0.029255294395514553,0.03490090950451191,0.014256310388098548,0.050921685575364195,0.04731049225281303,0.04701422775621772,0.0541875454450817,0.033077984919741565,0.03790341136226616,0.036700828380323125,0.041004854129503665,-0.017716578453395415,0.05590554998544739,0.02981866035147801,0.06297661705677449,0.04992946013459221,0.03926249694192402,0.058728872557495704,0.04948918813501163,0.03400707612486803,-0.057477334939782465,0.05386981904989602,0.07082526642803444,-0.052975834057562066,-0.05356499047457519,-0.005469710456453225,0.07545063686181624,-0.04015373246223142,2.743109409070188e-05,1.1102230246251565e-16,0.009016514997889524,0.055650628145026304,0.0,0.03413378244805132,0.06428502407071002,0.04774052127585282,0.06407132346592709,0.0622306195326382,5.551115123125783e-17,0.0936201411049093,0.02040193860795214,0.057559287397258574,0.07881560053899117,0.007702764928547545,-2.3714570412280978e-05,0.0,-5.551115123125783e-17,0.0560672817210191,0.01902269329160139,0.0001604401068815986,0.009408656801243476,0.05368600535439272,0.0,2.7224273571602176e-06,0.009723721681815789,0.06415594745851039,0.03868993022603767,0.03338915234330486,1.1102230246251565e-16,0.046001143214733586
0.020549087073819694,0.026886027370159438,0.04547643106530552,0.04973357770180137,0.04479761195230231,0.0,0.039248416604396874,0.04261992087235156,0.028754680511017594,0.047315104280645004,0.06350375693366583,0.04114806345111527,0.012977146743082812,0.03800474509499718,0.04529182653556585,0.026264356546480405,0.023568445216144873,0.015726203487054946,0.08809114735473594,0.02819158134517541,0.035702686999508904,0.017465900221445174,0.03921979249278129,0.009728088024878456,0.024752888198072975,0.021288345063303238,0.033631706371525905,0.03773599182818127,0.028943926145745424,0.034750198926773446,0.020453622413776462,0.04454786372772107,0.04277653604721682,0.03192092966290183,0.019382038290164216,0.03464659063409531,0.040915203584924065,0.04336572516568965,0.038526630777575566,0.010405140859211015,0.03993853425568472,0.06126880329854856,0.06113090446438435,0.079412665632632,0.027176418667411884,0.02226445344469591,0.028977167690158123,0.06142762463508311,0.017093542838931775,0.047890972891145744,0.07371491637864214,0.058247366320924976,0.060372149879937,0.0627320506788025,0.033688028953335336,0.0760801333663994,-0.004672765295285153,0.05837562682330533,0.030200165377572474,0.05316324989554022,0.029512453207197142,0.0,0.035932640787174175,0.05729953204496552,0.051795993430558185,0.06270786334408052,0.04009629945950277,0.047978552367131,7.194792392473115e-06,0.032260847846366125,0.02470853495524261,0.06517879060075316,0.058065340438962276,0.05291584812202266,0.046838979756847254,0.0687588341430675
0.040924420557513,0.041640315688011076,0.05955979212574841,0.02440891024822589,-0.0025607519675516777,0.039248416604396874,0.0,0.05069008606600661,0.05938787233160314,0.0006534702305588946,0.05275184634369057,-0.013438603360073798,0.03421238181250652,0.03012078971750448,0.023964175848603275,0.038570219969210284,0.014206862229282302,0.02853525161153897,0.05595001900768409,0.040062667816774866,0.04086112410287107,0.030300044298094853,0.050043684969168944,-0.038827111616590804,0.02823913692337665,0.038970885357526186,0.0496881237890352,0.03084463076205951,0.04262966042972888,0.04875021484329867,0.030209666631408838,0.02426713820206622,-0.013769592275340414,-0.004650625177934742,-0.016917797935084466,0.019813017142014222,-0.01697973047843221,-0.007103820964955154,0.008551393562280296,-0.02677040435935646,-0.01895976209046435,-0.06642755096220598,0.07033667730588272,0.04157539561199608,0.057294731550211975,0.0,0.04316904373130209,0.05805673343863604,0.0,0.04584519429793854,0.06268286821412927,0.06155509003245219,0.05905240065542533,0.0612270048041238,0.020177851506462396,0.07893480963838467,-0.007266628128624941,0.05399045305808925,0.05477370953854488,0.07207448556887103,0.02031691057746765,0.0,5.886094862905811e-06,0.04746035691099448,0.04850535479208762,0.012976553190594264,0.04799129061761892,0.05208519843315462,1.3081797160807707e-05,0.038702156738646465,0.03174381793833769,0.06268143097913048,0.062435448485818945,0.041593454211703296,0.016996617043700146,0.04858410146673764
0.021088862219057813,0.015596576387841843,0.029423134471862067,0.05708272070192533,0.043352167146470055,0.04261992087235156,0.05069008606600661,0.0,0.03601934128694262,0.052034675706976063,0.013191147414366333,0.02638311653357761,0.05310263034787821,-0.013245595351519979,0.029706298888122984,0.03869189548169283,-0.0013872908288581898,0.026915926317966854,0.003433977601678073,0.04095898137886733,0.0021070118345563604,0.013294662813767566,0.0006669425322431421,0.00326244099513473,0.017432521187741745,0.017802706331326745,0.057328319437098596,0.03900714405750172,0.02284516311078527,0.05667924595664897,0.04089347675791738,0.021576411776229043,0.01326183198316111,0.03755664426137828,0.012214226623784796,0.056107665440350174,-0.025805557662204437,0.06632653631343699,0.051934312752275946,0.05186431584824702,0.04338589992737574,0.04112812701012214,0.0010818138787655474,0.0002897570723756071,0.0,0.05714921054719979,0.03122293254145453,0.03859322822972411,0.0,0.004137663832902316,0.05945855754358137,0.04530638540515025,0.023584714007596486,0.05579952984353054,-1.703611693393281e-05,0.05288049753755725,0.00012343350386861962,0.05164231474110498,0.05296416777584989,0.05623041778993787,0.01118844410421932,0.0,-0.0001809000091643198,0.02108055552382826,0.0566813408651608,-0.00883234676811645,0.0570550991895446,0.020127912621416166,-5.551115123125783e-17,0.030796810504304994,0.047186481971559335,0.052257299778473376,0.0537147490781808,0.052360966336007175,0.02226099550643923,0.05520450626952067
0.022079153328399714,0.025763134204717708,0.014939200962585164,0.029821745111086206,0.031063376100047224,0.028754680511017594,0.05938787233160314,0.03601934128694262,0.0,0.05704967909873404,0.016787324240104373,0.0505749163123102,0.05335223921480897,0.021478115474198478,0.014891431539975297,0.03510185540591915,0.04087508892428682,0.053488767388481406,-0.017231924314647207,0.04948283640587847,0.023160717799434072,0.021112836472049645,0.049561481906476024,0.031040236635984098,0.06684334242250534,0.07206227228500128,0.03357861693722647,0.06887577330231487,0.028003163249032126,0.060033125080446725,0.0732658104722011,0.0660489903939861,0.04308905100422017,0.06289156602397472,0.05938242048976078,0.030172798787337418,0.050361080621005694,0.053560434847423066,0.05871808218679814,0.0004073877057321207,0.006981318465273112,0.020915672715518918,0.04538246516229849,0.033004864891735375,0.03248171355253826,-5.551115123125783e-17,0.027552065184705155,0.05413920376216308,4.473623035905483e-07,0.03956178387129139,0.07453623708354928,0.053574860615362874,0.07505321413186217,0.05235923972135048,0.008643321556193018,0.0683556292907761,0.027526313804379865,0.062269841687826344,0.020059240991046945,0.02055572828935226,0.011676206393815947,0.0,0.0,0.04914166421352706,0.04908457629752572,-0.002238897493758052,0.01778746375844953,0.05138183458072687,5.505832297247881e-06,0.011502542915240666,0.02846454440542756,0.06615946769765935,0.062370605899578435,0.02182803383927201,0.02354855261011657,0.0545086569176475
0.011382790184087277,0.020224435008176278,0.05482151803672719,0.01990334906137159,0.040296256154429555,0.047315104280645004,0.0006534702305588946,0.052034675706976063,0.05704967909873404,0.0,0.046448845267348104,0.016793177542517135,0.0039778683830794526,-0.06727829032779914,0.01514648469061125,0.053962419635144754,0.03099612029822496,0.011018331281624383,0.04705081999376204,0.01715835457464382,0.0474596267430506,0.038399420745841406,0.0506133474664297,0.039147047339825713,0.007416051387841127,-0.007183779801727019,0.04718513754410075,0.013506466634508385,0.03920165784594465,0.03655263126531144,0.024165415794602796,0.04462384699090344,0.03159028012509485,0.06565448478017316,0.06601572427916375,0.004424948537587847,-0.05916886678087402,0.0684889332643685,0.04844990067682153,0.0649293204994682,0.08734297424946391,0.022661009841831836,-0.007044775284353766,0.029538975028588765,0.09869813510554143,0.06923700123196141,0.030049591586623736,4.88781175016495e-05,2.5401851331263714e-06,0.00041915961152927395,0.030420636089267872,0.03844731581771599,0.0030051636156111505,-0.004750691630677151,0.05652542647897546,0.017602950737472256,0.04241665001809353,0.03868985891905952,0.0,0.0003417048043402038,0.008720368512949328,0.062111121611283626,0.08235166338592054,-8.349721645761754e-07,1.3566187757385606e-05,0.04024404421173744,0.002979457507304051,0.04485882471235314,0.030412660086532317,0.057865991715192355,0.045823676867260965,0.016372160664617386,0.04721121619621432,0.02835762933516739,-5.551115123125783e-17,0.0626607260594455
0.023380768700247523,0.005571723500106762,0.04515059137010424,0.01328364338819582,0.022040782310630724,0.06350375693366583,0.05275184634369057,0.013191147414366333,0.016787324240104373,0.046448845267348104,0.0,0.04843104220482697,0.06586914729887855,0.016966051050786357,0.0,9.57011967591681e-05,0.04000792574910694,0.045799088513675146,0.014099129026756085,-5.086163613043926e-05,0.030599678076580816,0.003032130441701031,0.05737169062448688,0.030913399039722123,0.02968191803805087,0.04416883076749284,0.029628976553116693,0.06120722542746543,0.01994306010247271,0.01849155832848426,0.055417184794171126,0.049302073083998144,0.0279249630726931,0.05316555451999916,0.05230165397945047,0.05749371554227434,0.056215826730975305,0.05020938351868198,0.10888112046013776,0.008138037175747681,0.030541402648901816,0.036915481248774085,0.09942490050270458,0.027601305774847817,0.011712460429357419,0.0,1.1102230246251565e-16,0.11838813348404664,8.662625261557366e-08,0.06193628423463843,0.09060905329912894,0.08125483515566467,0.07293893671751933,0.07063500530781214,0.023039853897832696,0.04255804161625859,0.012839328937006733,0.08376387714251282,0.11155161266788516,5.551115123125783e-17,0.0,0.0,0.0,0.05537688511829464,0.05268225036985946,0.0,-0.0001018372426733194,0.06961573676445643,5.551115123125783e-17,0.0,8.46116104840644e-05,0.07930566377584214,0.06366946871108486,0.0007982341444323082,0.0,0.08710623902650177
-0.017593415954538838,0.019614400622256778,0.041918367484903074,-0.009285700589640844,-0.02718785650228739,0.04114806345111527,-0.013438603360073798,0.02638311653357761,0.0505749163123102,0.016793177542517135,0.04843104220482697,0.0,-0.0050859305265121835,0.01760167852411182,0.028986505117974348,0.021903862130287055,0.021371742582148245,0.03511988600532567,0.04125454986912147,0.02819921527087127,0.04676624033305843,0.03889069633720582,0.03168861850807303,0.009518191938943932,-0.007331792884659183,0.0075371824466684,0.04085612003622674,0.005360698001874997,0.035390942735824604,0.06399836238790718,0.03530769941368561,0.03632933921191073,0.0543466911081435,0.029595951463346315,0.03929399179270793,0.013457069410556521,-0.021667518753214432,0.06519366170891128,-0.012882412127722509,0.0688328768094571,0.014262547506386225,0.036250976405209856,0.027412429068442656,0.024387840652426163,0.09081799519412165,0.016867034995835417,0.0028916715603077847,0.006591112394888743,0.007035843679293691,-0.000540482743629167,0.03676834183646627,0.0241513988558123,-9.559960364485809e-05,0.01196633897372329,0.04805846364854133,0.02449820143738668,0.030858387143564536,0.06705706594224053,-5.473236702191464e-06,-7.202383977167326e-06,0.07427865708401726,0.05369260651539404,0.06325737596993475,0.015191356700275216,0.005697072233174394,0.014788689994476578,0.010214815317415582,0.08833652259069164,0.026000311891492045,0.041154903329482906,0.03632775000193911,0.08933347356982713,-0.019686697303295086,-0.004846749981483933,0.0,0.05968771383148075
0.04114332923195746,0.029008720258695164,0.06747018573694791,0.02902671552343694,0.05275703384983371,0.012977146743082812,0.03421238181250652,0.05310263034787821,0.05335223921480897,0.0039778683830794526,0.06586914729887855,-0.0050859305265121835,0.0,0.024570926664776893,0.03907126918267073,0.0304081024499957,0.013924459637131792,0.02446051745364869,0.06479620713351691,0.022158962224439804,0.0460386339408303,0.01645309705787046,0.052851832865282555,-0.008298619727111767,0.017796500966412276,0.027439523559410817,0.059864055284927054,0.005106100368464261,0.010799032383249585,0.031341485060476515,0.02712097409904357,0.030399400922147712,-0.002329539088574528,0.003059309928782006,-0.006414902591875438,0.024822375793976392,-0.005252462312263839,0.00018985900579238102,0.016349303926341152,-0.03846824425549,0.02343342449200736,-0.03069969240782594,0.08324665053240365,-0.0066571515334266085,-0.008373254936609065,0.015063173022679233,0.03976905120860852,0.05970699094759324,0.0,0.0487954482154358,0.06910078053788338,0.06821737252763116,0.06149133069703244,0.06765596848156452,0.017476904375634317,0.07405405798806597,-0.03383232119933943,0.06072969458427069,0.006514945010381301,0.0646471292724522,0.0239382203791777,0.013271460634321497,0.02573794060759721,0.05376525675371879,0.06594152992867502,0.05403045177408361,0.04023775258590412,0.053525907081742985,-0.06612414187003485,0.031410367867201916,0.027944824215981157,0.06392588470678062,0.060412064517917696,0.04844708862370489,0.05372842416109669,0.05782355133851913
0.022111335614989125,0.009904637122482518,0.0277600925228908,0.04112874948880879,0.03926102201140991,0.03800474509499718,0.03012078971750448,-0.013245595351519979,0.021478115474198478,-0.06727829032779914,0.016966051050786357,0.01760167852411182,0.024570926664776893,0.0,0.035632620517998204,-0.0005174777653212947,-1.164005326820261e-05,9.813912090922416e-05,0.008956993518575984,0.01682086022049567,0.02310131034332924,0.012046161667400634,0.026083925657651275,0.022278160336893005,0.014604231529000478,0.024116096159850886,0.03453057154140443,0.030893260942964795,0.026085745097581492,0.009848172912683695,0.08211539807577878,0.027423702894595003,0.0026224830157418055,0.06674715976949147,0.06194807128479779,0.07059295466830848,0.050995542855568315,0.017471296058013674,0.10427689481449975,0.0,-0.00845505774562988,0.01821635743692851,0.07316806076946225,-2.493535605774255e-07,0.0,0.0,0.0,0.06315448968702753,0.0,0.09253996671444903,0.09748938655589856,0.05547340578455595,0.040136005005946884,0.06342264551030441,0.0,0.06593149401485954,-0.0002135357581934949,0.027917260447411774,0.044475352022974535,1.1102230246251565e-16,0.0,0.0,0.0,0.06899300490127253,0.0,-1.1102230246251565e-16,0.0,0.05186479817862233,0.0,0.0,5.551115123125783e-17,0.08869537744387035,0.013827328528994376,1.1102230246251565e-16,0.0,5.551115123125783e-17
0.048672172152256776,0.035529239695544224,0.0221159248111637,0.019727581958139284,0.012371937490237794,0.04529182653556585,0.023964175848603275,0.029706298888122984,0.014891431539975297,0.01514648469061125,0.0,0.028986505117974348,0.03907126918267073,0.035632620517998204,0.0,0.043849344103887244,0.017771727093278067,0.03425196763170896,-1.1102230246251565e-16,0.049582315707732194,0.033707665129742936,-0.011565238376091413,-0.006222987165674876,0.03934478190034263,0.04675959926802803,0.013979194216305446,0.02975951150604106,0.05018001984715553,0.038585696038021644,0.07693214737449083,0.03929403111484686,0.02820787501048344,0.05040518118676046,0.03699252159662586,0.026577504373434313,0.012941416335791933,0.014883255154872321,0.00010728751952082671,0.01748696577124631,0.0009469092368921683,0.018027482535438955,0.033580366040193654,0.06320460655477916,-0.0038915598366120463,0.0,0.03799051066119169,0.049210583479864956,0.028906174340346036,0.0,0.0,0.07549622637799458,0.019581366216515184,0.07064959132857968,0.0035228378323025056,-5.551115123125783e-17,0.0,0.03628838224545988,0.06662077550654161,-0.008585698208699366,-0.01253029845685033,0.04147198963633136,4.963663172014021e-05,0.047662430302447656,0.0,0.027425089266060187,0.030216904156788627,0.01599506752541785,0.06008485119858076,-2.6402278987203154e-05,0.046361381278968106,0.010299485379083095,0.07467587101754747,0.06764637590447486,0.06219585534637606,0.06973370759232522,0.02464017601585411
0.04585031177861287,0.022449393209182877,0.024600928543542844,0.00040598774001282534,0.046021304815521746,0.026264356546480405,0.038570219969210284,0.03869189548169283,0.03510185540591915,0.053962419635144754,9.57011967591681e-05,0.021903862130287055,0.0304081024499957,-0.0005174777653212947,0.043849344103887244,0.0,0.03659939988118649,0.04295394087970944,-0.00015230014868189423,0.04301370836369611,0.04456065793230973,0.0254489977257924,0.057319065450596396,0.0321184252795792,0.020343141021337607,0.041550817509877325,0.04106448972407839,0.03145153770355946,0.028887002554857044,0.010698655579200078,-0.0023548624789534456,0.01761314357538335,0.03907494681325835,0.03144926200176096,0.045830861048798965,-0.026718755297281627,0.009671287490190195,0.008137545729661577,0.055101895584104776,0.07349986638818728,0.04909410610155773,0.06327826245352314,1.8516053337247484e-06,0.0,0.0,0.03908647212716354,0.056543800138922795,0.0,0.0,0.0,0.04338690559271574,0.008124004433804843,0.012122151825267269,0.0,0.030796363097699286,0.0,0.030761714060942025,0.022879011335330046,0.0,0.044970382445681745,0.04836702800988241,0.02848345825783294,0.053761449740768574,0.0,0.06180022484110148,0.03980980738436857,0.04393312764127555,0.060363143876441705,0.045653037545154984,0.055966380626825574,0.046252749053819375,0.050676422282070976,0.06850249074502668,0.0422377670014536,-1.1102230246251565e-16,0.04424169882130102
0.04346601217127405,0.0031984724806383147,0.02603597745328362,0.014857559243747154,0.029255294395514553,0.023568445216144873,0.014206862229282302,-0.0013872908288581898,0.04087508892428682,0.03099612029822496,0.04000792574910694,0.021371742582148245,0.013924459637131792,-1.164005326820261e-05,0.017771727093278067,0.03659939988118649,0.0,0.029369872782040896,0.04053224165643854,-0.012710787040328131,0.03519357811717666,0.015582357700827443,0.030619399397971814,0.025896348259479507,0.020830448017413072,0.03843585246075615,0.026321642853576632,0.008655951268288886,0.029569366224325322,0.023885382520423437,0.02551520979868027,0.020179953726809863,0.012512251939755525,0.03987198725949537,0.04177063647281426,0.031903192297643324,5.1344515908380295e-06,0.051233727647127414,0.021965126730948692,0.06213809938779774,0.03862372161743627,0.02315962325456633,-5.551115123125783e-17,0.0,0.05943403187797219,0.01983300300326457,0.023233996686553904,0.0,0.0,0.0,0.0,0.0,0.0,0.0,0.05317717115508319,0.0,0.04231413434190934,0.004642957203162934,0.0,-2.068402899835231e-05,0.08853972810818361,0.06418918000592899,0.07893760823723539,0.0,1.1102230246251565e-16,0.0,-0.0060387105782222505,0.0,0.054242329043751425,0.06438658503082273,0.055994830124360406,0.0,0.02623865735564357,1.115882622654274e-05,0.0,0.04458953235423457
0.038074503488492784,0.00770741509240197,0.04680303310794498,-4.240484859696636e-06,0.03490090950451191,0.015726203487054946,0.02853525161153897,0.026915926317966854,0.053488767388481406,0.011018331281624383,0.045799088513675146,0.03511988600532567,0.02446051745364869,9.813912090922416e-05,0.03425196763170896,0.04295394087970944,0.029369872782040896,0.0,0.020512067373950782,0.011112306289549956,0.01697091109130794,0.014121852036887983,0.035662239543112484,0.02408258560258253,0.018672667210649696,0.025207538730550372,0.0319473464379168,0.01111528671086287,0.01794778824222565,0.04722579470400329,0.012175075849904904,0.02499479459322862,0.028285198427090985,0.030521199704211077,0.03989270683174523,0.031135825693608676,8.557256753971565e-06,0.04383917875967719,0.04836329076326368,0.05019270368729445,0.05804295708658691,0.06533064025136615,0.0,0.0,-0.0031374167869600567,0.027759145432681598,0.051714237599296387,0.0,0.0,0.0,0.015877929877489094,3.6088698786462814e-05,-0.0003890159449660424,0.0,0.05729391697642583,0.0,0.04173343990076628,0.029272958298566965,0.0,0.03892302033495737,0.04994591474237586,0.06487872988235338,0.0668873940695407,0.0,0.06929799636863493,0.027098011617852136,0.05350391360399165,0.018853464631651662,0.037702955107971114,0.06065749698277145,0.05321490749573371,0.018449171194698633,0.021666029381235297,0.03431795374043567,0.0,0.05708479554804452
0.0,0.012110338550035349,0.012451710276012606,0.0004326670895732909,0.014256310388098548,0.08809114735473594,0.05595001900768409,0.003433977601678073,-0.017231924314647207,0.04705081999376204,0.014099129026756085,0.04125454986912147,0.06479620713351691,0.008956993518575984,-1.1102230246251565e-16,-0.00015230014868189423,0.04053224165643854,0.020512067373950782,0.0,0.0003467158060730946,0.009868032464502907,0.010278313613197143,0.07291056470845253,0.030515697312974377,0.03876464084532344,0.0411572313084797,0.014574011055943248,0.05663771238666504,0.0190031284240873,0.04508072261315621,0.058785998253150396,0.06304264833344225,0.030317279117525187,0.04646314101136845,0.03760320170861392,0.03566897363299709,0.08135388520682996,0.02705973543891682,0.05784425486314393,-1.9778770112277577e-05,-0.013689256683099393,0.02157304517639491,0.06767000722259431,0.022240039148005597,-0.0005221360307769984,0.0,0.0,0.08094404524320353,-5.551115123125783e-17,0.009978004372908744,0.05123842222672792,0.03575112348580678,0.04174290385539303,0.051220790104306135,-0.0001020190668407639,-0.06783923435408762,0.0351955274439677,0.05327951931349928,0.05858137248763284,2.220446049250313e-16,0.0,0.0,0.0,0.05366107992659441,9.605587287353501e-06,0.0,0.00010470036628767998,0.04288548369583045,0.0,0.0,-5.551115123125783e-17,0.065720836016669,0.023310639190683102,0.029956619568537346,3.311582175047345e-05,0.05033475636707463
0.040828796706213866,0.029926418250739717,0.1278535357780044,0.003934106345404198,0.050921685575364195,0.02819158134517541,0.040062667816774866,0.04095898137886733,0.04948283640587847,0.01715835457464382,-5.086163613043926e-05,0.02819921527087127,0.022158962224439804,0.01682086022049567,0.049582315707732194,0.04301370836369611,-0.012710787040328131,0.011112306289549956,0.0003467158060730946,0.0,0.04907857655885178,0.019697074497216527,0.03582015454317272,0.055669405570160035,0.01832794250752018,0.03287010114304206,0.06992380338059628,0.0019229852109660106,0.016690331333002517,0.014355158143615931,0.04807230883947161,0.021738302472819215,0.023182929177542,0.04406161109112322,0.02003916870100858,0.016030245550195166,0.007694868052206705,-0.021746156128075178,0.07207457933461464,0.05957951431510605,0.06559545837810515,0.05247280148285277,0.059216349198424056,0.10443233840171712,0.05821115041511521,0.010309413162942926,0.050263520107825255,0.037186260613880806,0.0,0.0,0.0673042340842635,0.05884316452744237,0.07113697909480077,0.02526537756875974,0.00040874916798111505,1.1102230246251565e-16,0.01025844687863664,0.06938872388588196,-1.1102230246251565e-16,0.05846219126393226,0.05516034285435306,-2.945504475937444e-06,0.04879837850638302,0.0,0.07107662461218667,0.061830240751768295,0.04087116722443468,0.07099488910912899,0.0,0.045198881974877314,0.03198402744482676,0.07930046716022465,0.06969867869040319,0.06673323938839876,0.06382094925862258,0.060288474166985295
0.026621483333513274,0.030422413427141637,0.0233086651179088,0.00030118988815830416,0.04731049225281303,0.035702686999508904,0.04086112410287107,0.0021070118345563604,0.023160717799434072,0.0474596267430506,0.030599678076580816,0.04676624033305843,0.0460386339408303,0.02310131034332924,0.033707665129742936,0.04456065793230973,0.03519357811717666,0.01697091109130794,0.009868032464502907,0.04907857655885178,0.0,0.034483298990105715,0.026242973267575576,-0.017048996404856243,0.01546621533822995,0.022286865181199822,0.019962208594989872,0.032300579633970206,0.026315657774217793,0.04181635706991582,0.013135439473693056,0.02179172582171557,0.023212641945493273,0.021959754714260316,0.025721383918808405,0.010349944956084878,0.062541229765952,0.026846789074046584,0.03903640362197647,0.05685301236673074,0.04651123041420485,0.03718641139832535,0.028750310095781106,0.0,0.0,-0.01848020978274617,0.042743258531840966,0.023927892490075653,0.0,0.0,0.041923550889472805,0.04714564504828045,0.0931981837163528,0.0040986378231987475,0.03348415876296423,0.0,0.001914312628537751,0.029953659210933292,5.551115123125783e-17,0.025028409862283774,0.040559041769085924,0.0,0.03869979519052624,0.0,0.04829596235008182,0.021319281489782183,0.03992225237936581,0.03319120390482394,0.0022814368259009843,0.034963697581288034,0.03598747617468956,0.05782741964853211,0.04689765217961189,0.039884504853276104,0.04569614721151488,0.04788382264211816
0.04795584569768502,0.02795708771034111,0.04633928518399216,-0.001659108860660119,0.04701422775621772,0.017465900221445174,0.030300044298094853,0.013294662813767566,0.021112836472049645,0.038399420745841406,0.003032130441701031,0.03889069633720582,0.01645309705787046,0.012046161667400634,-0.011565238376091413,0.0254489977257924,0.015582357700827443,0.014121852036887983,0.010278313613197143,0.019697074497216527,0.034483298990105715,0.0,0.005245903681505737,-0.0017555446558724097,0.01579758104849993,0.031150575461371177,0.03447393112996233,0.010162594515903067,0.004725428029265177,0.006283844495708846,0.03274887434677737,0.02367518548474945,0.028818206947534564,0.0376588727228262,0.026783552449760217,0.016513564558250482,0.013123679654991338,0.006919355347167977,0.048597986260340675,0.05677716553440587,0.03493127816180963,0.03852595094274336,0.08058044074610898,-0.0046214246432630945,2.1531635700178242e-05,0.02698727100683207,0.041854879101298315,0.01974035106231342,7.808547929921694e-07,-4.641501559909944e-05,0.02021131977768814,0.026677332546986232,0.07218775600165628,0.021424844490258554,0.02023584358070274,0.0,0.0010404851472123888,0.05830211425658499,0.0,0.044783149647152964,0.04109815478900003,-0.003262367239598607,0.0440731636709239,0.0,0.04410748342020948,0.027395405375668647,0.03857903467876783,0.046647637761513316,0.033410354963596844,0.04444345042567238,0.03974713884203601,0.054496976270222985,0.054945298397536146,0.05184822467847455,0.059162418779470705,0.031038925701513398
0.032564612545918914,0.04244496819114019,0.04466049175507031,0.025195574397717857,0.0541875454450817,0.03921979249278129,0.050043684969168944,0.0006669425322431421,0.049561481906476024,0.0506133474664297,0.05737169062448688,0.03168861850807303,0.052851832865282555,0.026083925657651275,-0.006222987165674876,0.057319065450596396,0.030619399397971814,0.035662239543112484,0.07291056470845253,0.03582015454317272,0.026242973267575576,0.005245903681505737,0.0,0.009661478975203475,0.03631731006031813,0.04105061504677926,0.051203644072576104,0.04400097581785911,0.03386791610276463,0.04782590061717518,0.044088931961544786,0.036255655595048286,0.06046870119394804,0.04607987365864252,0.027292044777599556,0.044197988027608714,0.032342821922685394,0.07885919635284111,0.05011411615972472,-0.01205388066551244,0.053246295293243096,-0.03179746772592318,0.062311787944686226,0.051958685932695925,0.06377552641559525,0.03326504424699572,0.05265061831528767,0.07206371524437516,0.04038953023231917,0.028360286050999717,0.06110702393321388,0.047656937404061406,0.039390155389030346,0.04507204264780573,0.04187011345023184,0.0739834388997449,0.02870996148834304,0.050348882872422784,0.05503903858216508,0.055099045643304145,0.04763824927397131,7.165265391628761e-06,0.03876835813378643,0.06373635102205943,0.06404979110274112,0.031110741925681362,0.046402725057935634,0.036486727337765035,2.7613506210888428e-05,0.048873420061280204,0.036033599102539504,0.05227661577355902,0.04979898605421551,0.05078793781083085,0.05239574583551798,0.05786706491815896
-0.015449871725787823,0.014258132839195137,0.03910530498395698,0.004421509081455111,0.033077984919741565,0.009728088024878456,-0.038827111616590804,0.00326244099513473,0.031040236635984098,0.039147047339825713,0.030913399039722123,0.009518191938943932,-0.008298619727111767,0.022278160336893005,0.03934478190034263,0.0321184252795792,0.025896348259479507,0.02408258560258253,0.030515697312974377,0.055669405570160035,-0.017048996404856243,-0.0017555446558724097,0.009661478975203475,0.0,0.004343031293501443,-0.006654009241367331,-0.017906241139901524,-0.01037543028866017,0.034453850657523266,0.009406082859813814,0.030957007742103526,0.04254860996982884,0.03982166347652716,0.050441442390638525,0.03826646898072039,-0.049615493911930764,0.03632513665917281,0.04269444188524893,-0.05053720825195368,0.08698598198781243,0.079532616004717,0.09586635929892878,0.013362318165067444,0.0029266214956156222,0.11583383149679433,-0.03349570590480011,0.039869241299750335,0.0,-5.551115123125783e-17,-2.830148560434287e-05,0.004014299324298254,-2.4251602606661926e-05,-1.6653345369377348e-16,5.0416671969033544e-05,0.05313052546420838,3.708929055534771e-05,0.04520116536267488,-0.0022417618865686606,0.0,-0.00014422845595768452,0.04808201976400667,0.04382607362495572,0.04800842154113655,3.448892080593069e-06,4.573148179776165e-05,0.010815144079436123,0.012121873012867546,-7.977932174657587e-05,-0.004046854032433822,0.03634845347442023,0.0299506645502029,0.008175754864275186,0.03337802900022835,0.015112584499696158,0.0,0.04316729017629922
0.027253213387561426,0.005565643094152695,0.04995260430537907,0.0004405083640112162,0.03790341136226616,0.024752888198072975,0.02823913692337665,0.017432521187741745,0.06684334242250534,0.007416051387841127,0.02968191803805087,-0.007331792884659183,0.017796500966412276,0.014604231529000478,0.04675959926802803,0.020343141021337607,0.020830448017413072,0.018672667210649696,0.03876464084532344,0.01832794250752018,0.01546621533822995,0.01579758104849993,0.03631731006031813,0.004343031293501443,0.0,0.0013176568247108,0.028100429681577332,0.008366729870118217,0.006597172432348086,0.027167174274583206,0.01589611621560255,0.01642971399253934,0.022769360431007746,0.027003874862290556,0.03277077427020947,0.021942757363525245,0.002397945542067126,0.05733268268492153,0.04755653378772329,0.051140036921204446,0.05307243391214722,0.05682694399096733,-0.015353763381820651,-5.551115123125783e-17,0.043763462566602906,0.022019928856907567,0.042583359908122675,5.551115123125783e-17,0.0,2.220446049250313e-16,0.03633809907862284,0.010410593351769248,0.04550343925697531,0.0004349629900747276,0.03925600814833469,-0.00021927869359783525,0.03138012672574825,0.034144450441189245,0.0,0.05896344518746366,0.044523618550320665,0.05309883472331117,0.05285662170697508,0.0,0.05929435521013343,0.02627592846304405,0.05770588723649661,0.015170820236570182,0.025674575294783397,0.04921889057376594,0.04345565904121512,0.02574125538673422,0.03529125996087307,0.041885250690311515,0.0,0.039316542266779664
0.014065584408341492,0.0019040722940423804,0.05449884881374456,0.023382449628878643,0.036700828380323125,0.021288345063303238,0.038970885357526186,0.017802706331326745,0.07206227228500128,-0.007183779801727019,0.04416883076749284,0.0075371824466684,0.027439523559410817,0.024116096159850886,0.013979194216305446,0.041550817509877325,0.03843585246075615,0.025207538730550372,0.0411572313084797,0.03287010114304206,0.022286865181199822,0.031150575461371177,0.04105061504677926,-0.006654009241367331,0.0013176568247108,0.0,0.042363590129436246,0.014202636024068682,0.007114959710510349,0.05730983206147833,0.019565927604487776,0.025896757978009388,0.029158686716479698,0.03072095945378378,0.043435961560564895,0.018738794761326782,0.008003780008939365,0.025976654795071497,0.042042600334882774,0.03649862395902376,0.038745682474733145,0.032140553863728216,0.18278223595149806,-8.65396146965125e-07,0.03968835735813153,0.019657988411816874,0.045307441306124185,0.018690814296572544,0.0,-3.829898085422334e-05,0.021837035002283067,0.03178257058703399,0.019056640591244067,0.01214043062644199,0.03183890376045723,0.0,0.024935160053285887,0.03707187175490462,0.0,0.033542160620482986,0.042116342780443294,0.042851495424785446,0.04795570041002567,0.0,0.04347325557312559,0.030775365752623796,0.03596683508478854,0.031487419484393486,0.0148127959014136,0.04187163053283399,0.033663926558340385,0.03249879049954296,0.0249779214439394,0.018019884820092147,-0.00032655674086545794,0.03456736580510533
0.022604604937463413,0.034998192516704496,0.029094353921315597,0.042415078421036034,0.041004854129503665,0.033631706371525905,0.0496881237890352,0.057328319437098596,0.03357861693722647,0.04718513754410075,0.029628976553116693,0.04085612003622674,0.059864055284927054,0.03453057154140443,0.02975951150604106,0.04106448972407839,0.026321642853576632,0.0319473464379168,0.014574011055943248,0.06992380338059628,0.019962208594989872,0.03447393112996233,0.051203644072576104,-0.017906241139901524,0.028100429681577332,0.042363590129436246,0.0,0.05392006269371463,0.04555173586724992,0.04295547975710329,0.04516723879243356,0.041669980665209216,0.053767246995929774,0.04963829656656771,0.027174620790921977,0.0386137979824025,0.031379688295249675,0.042422570845719154,0.048397653030820054,-0.032845365823624184,0.03655332810302114,-0.03496273865062682,0.055877078939609914,0.026845459469840627,0.05591142336771898,0.045398096153892065,0.05233833107434388,0.05684894255648265,0.010631082822292304,0.04880090235921908,0.07781710308899692,0.055454374815466556,0.06439350479717765,0.060890737550256424,-0.039365222163018354,0.06758091844612768,0.02581542892310973,0.056308185698018653,0.046202109664241764,0.06315722524810974,0.06026446606506525,-1.1102230246251565e-16,0.0463693780196936,0.05303525545578258,0.06916064564836022,0.04127487213018488,0.04966371964285088,0.049835320225305124,-5.551115123125783e-17,0.03816564351429397,0.04067546498385671,0.06761537295127817,0.053759603983614346,0.055259709382221356,0.061142923315674946,0.06520366702347913
