0.0,-0.01345211419680764,0.0012506050927885148,0.0,0.01216719421023632,-0.004054489443161169,-0.006308420176972085,-0.011609858025158348,-0.004807830341059693,-0.0365519397942588,-0.007477674057097428,-0.032253298224851235,-0.0020311369717351258,-0.005706775991280888,-0.006566643096216629,0.0023467657935244413,0.029420074811038865,0.01174535630657797,0.0,0.007367916096891969,-0.023455040042625774,0.0031548559641406126,-0.021287502598962393,-0.03154725925523888,0.009956390452039943,-0.013516713372034028,0.0026786393570919498,-0.015524858960119237,-0.005170633096128696,-0.003653214366817814,-0.020973514355285605,-0.010255748220957095,0.0352365036040424,-0.010454334341061466,-0.029334436128232444,0.014322224573950049,0.0003593148914809996,-0.03641404690892469,0.0027050340361962633,0.02519520293378097,0.01760046003138377,-0.010591703829732624,-9.765519049853566e-06,0.0,-0.01308654727520503,-0.008707663849828517,0.009218806007510627,0.0,0.0,0.0,-0.0045965431572772,1.1102230246251565e-16,-0.01751118838760951,0.0,0.00970166813175688,0.0,-0.006792005224836639,0.004546811523053862,0.0,-0.006149342660396795,0.01899132580734908,0.03212998068958073,0.02754753520806763,0.0,0.0039801824060093915,0.05492949394154484,0.017411590550905687,0.00821787549614239,-0.020924076763740418,0.01947721312157663,-0.009224149500835166,0.004321232345177006,-0.00017992174972658592,-0.007456064205917767,0.0,0.01312425666336875
-0.01345211419680764,0.0,0.007082605295759603,1.9468383790521848e-05,0.0027112408951653344,-0.010900215815094871,-0.005797010516927659,-0.007446227998198662,0.0015231360932176363,0.008310658682379901,0.005159924218447853,-0.01839700758977192,-0.004705804353570486,0.0009153977580332873,-0.016476947158876265,-0.014888470645166851,-0.008616848450466008,-0.006513181274497293,0.011699639103560588,-0.006432621097414271,0.007926594145002408,-0.0018631790972157836,-0.02068530462256951,0.0008643496743253043,-0.013576014498752842,-0.02886198537872703,-0.02353428436895766,-0.011319847714621856,-0.010993693458283604,-0.026880352932552365,-0.02139578563999378,-0.01833989181320761,-0.004808896096304027,-0.010611477701059857,-0.01180514074282113,-0.009405218777719715,-0.0010310876377533917,0.0,0.010626098596802747,0.0010453964910879243,0.03231491547843807,0.019440439563615908,0.005300633605488603,0.0,2.220446049250313e-16,-0.01499338986441534,0.016135146824665048,-1.7269241824879877e-05,0.0,0.0,-0.007581161547288051,-9.34413523811517e-05,0.01044444169504366,0.012130513788659314,0.027626285502297454,0.0,0.007292128903917061,0.0014695714261138138,0.0,0.023884314622631853,0.01625879405561198,0.017164650762870104,0.02010019483789044,0.0,0.02011422359711873,-0.006976808183339289,0.013042978549831885,0.01016287653685699,-0.004875494719930151,0.016069827667640924,0.00844684266155371,0.006180739787725209,0.0014066974273909127,0.010074012213847405,-1.1102230246251565e-16,0.010571580550324144
0.0012506050927885148,0.007082605295759603,0.0,0.017737892077521467,0.0037325180033176975,0.011236150000704881,-0.017155621667405974,0.015392258542114512,-0.0009096642239425079,-0.001296220812570914,0.04239059352158148,-0.009635439291329873,-0.0051519918214897875,0.025654528902078255,0.021143578970013732,-0.010457112030019144,0.008143401195969957,0.022256958334616328,0.028536191060988092,-0.0043344367050377475,-0.006689059654217733,0.016990684851744486,-0.006517797173730577,-0.011162731968936968,-0.0118281653779857,-0.005357953387334413,-0.02935969561233598,-0.002472412870725915,0.009535736119699434,-0.005442264421627263,0.006774663953649451,0.010550513852726262,-0.0027442292967905235,0.009718461770055364,0.01982209131246987,0.019387816616959375,0.01080188713868574,0.006645792670750272,0.036073278671379105,2.000020883907716e-07,-0.001018380463068902,-0.004248807863527881,0.02498662727774431,0.007569840538206807,0.0,0.0,-1.657100475044304e-05,0.04170740273271062,-2.1933616815017487e-06,0.04243781900503829,0.029894286334078424,0.040958703085506976,0.023283883034669328,0.04285616501876022,0.0007178068745749555,0.03120415687418654,0.003715437647670239,0.034990167038549735,0.02237981433605185,-0.00011542940944203606,0.0,0.0,0.0,-0.023054606824705115,-0.010124195587364826,-0.003258668072820714,-0.0009243333955816224,0.03064112076445691,0.0,7.026983767599582e-05,0.01342381509032009,0.02282359443684745,0.03263834596172943,0.005599298990269008,0.011848412436664013,0.021060899582608483
0.0,1.9468383790521848e-05,0.017737892077521467,0.0,0.04652911462629522,0.025129589103896066,-0.01651058368451841,0.012015089476254792,0.005953825586994699,-0.010272415032655191,0.003581811699090165,0.016765830168061435,-0.029701981293519863,0.025985831683219773,0.011051326910975379,0.0003458817139332937,-0.004678267976320261,-9.987887006623897e-06,0.003557834552760486,0.00828549658930533,0.0001980442788680481,-0.00919701879525242,0.010128308812781484,-0.020194304146324338,0.00045583795360254475,-0.014586329491694416,0.001010464362570851,-0.0037122352929708224,0.03264736640814814,0.0043309698479556125,0.026327500333221565,0.02433304288235122,0.04154507963274684,0.019461039224615284,0.059323153922724914,0.02599155183825308,0.0050791076424187565,0.06915102477893414,-0.04294721374205471,-0.06208637965092373,-0.011681536233579981,0.012125168963267152,-0.027429522040723353,-0.005084849134262381,0.0,0.0,0.0,-0.0005200207084469777,0.0,0.0,0.011086954310005892,2.220446049250313e-16,2.2858609398601626e-05,-0.0002118218469711608,5.551115123125783e-17,0.0038177373113492674,-0.01268511915882356,-0.00028085171032471434,0.0,0.0,0.0,0.0,0.0,0.0,0.0,0.0,2.0154418380935457e-05,0.014116829116383178,0.0,0.0,0.0,0.0038432495986969184,0.00113164015895878,0.002431781464600491,0.0,0.0
0.01216719421023632,0.0027112408951653344,0.0037325180033176975,0.04652911462629522,0.0,0.004402677478255845,-0.002948880605532167,0.03830748857936789,0.01580101697782349,0.015116210401166397,0.004386712458137931,0.00113719034392884,0.015738263377235884,0.044206557870867524,0.01193062966923697,-0.0005184371373436747,0.017850561920025376,-0.015823335317117437,0.00730719470161717,0.0072258119037345026,0.05341466313872778,0.004454895782661172,0.00212728667377593,0.02150324770908013,-0.002437718678555467,-0.004090357161838087,-0.0035446817304840006,0.015412884711237529,0.010382241408554205,-0.0009098217603263903,0.024335830716927298,0.03224276759821593,0.02283030709243239,0.02979272705338465,0.04027311724652599,0.07852174669885642,0.045009180936871174,0.03199560359583842,0.0407398794523845,-0.0052724133861243305,0.001972865299651738,-0.0014962674038905832,0.04450589517488135,0.02457370069575493,6.461022201686983e-05,1.1102230246251565e-16,-0.005376499073930785,0.048534225410236,0.0,0.05031123171735413,0.04424453262344452,0.05061039483310914,0.051235653470391385,0.04844648359811532,5.551115123125783e-17,0.030054395046666238,0.0053615137499600785,0.0388736303341235,0.054834711794341184,-0.001628633536910007,-2.3757834439197545e-05,0.0,-5.551115123125783e-17,0.05911887088051404,0.01598157673570072,0.00015450547164208572,0.009164993631051332,0.04065171295394465,0.0,6.412308433345615e-06,0.0004888812566436473,0.03697881614128018,0.011452059793284286,0.01544660468137049,1.1102230246251565e-16,0.07139735676436543
-0.004054489443161169,-0.010900215815094871,0.011236150000704881,0.025129589103896066,0.004402677478255845,0.0,0.00016295816542755137,0.004515979386717384,0.015335544532486756,0.0030286834066937662,0.008243481153766996,0.008805122372409102,9.873549048783348e-05,0.025567848130556126,-0.02567511596173616,0.0032592436261926205,0.01587907846335368,0.009192150206406569,0.012730342278360285,-0.009034776080752094,-0.006794752118478686,-0.0030627883063740757,-0.017889003627493183,0.001400181556280522,-0.008500385655488385,-0.03395248939067369,-0.01497068628027104,-0.007966156702371108,0.008753260199412305,0.005308513636940626,0.016146659876071556,0.007131284968817042,-0.019269567408075117,-0.0009221710290067131,-0.0014644326439763877,0.006737245210654164,0.019226407481723606,0.019259319738827108,0.027154769049963168,-0.016247951623082346,0.003459008293605903,-0.0348526901606071,-0.011347944412613442,-0.013946880080072666,-0.01704300328428765,0.0028357303885443996,-0.00676764852558176,0.027490969325322356,0.008201542206172086,0.04475383288979229,0.023899129810898034,0.0341359680552239,0.01613849961478292,0.03596979128155742,0.026589329738859413,0.026570775177572004,-0.010175210147030822,0.02659504740067309,0.013573531831478525,-0.012080659169740104,0.007657992624100218,0.0,-0.038243050571625414,0.019153040661515686,-0.015282866655178362,-0.008104288256106429,-0.017667990230476105,0.020815191720084725,1.6946357746683294e-05,0.03507471583571975,-0.007322723461506697,0.013712712753901402,0.019652868958005,0.010783342356450898,0.004636560996411188,0.017949301754700886
-0.006308420176972085,-0.005797010516927659,-0.017155621667405974,-0.01651058368451841,-0.002948880605532167,0.00016295816542755137,0.0,0.029949398010789774,-0.010298172062303879,0.004472179072849303,-0.005412892398287128,-0.0057820908888791545,-0.02431461903981247,0.029202567656020473,-0.02537250976341726,-0.008392994570756596,-0.021338573764634217,-0.0011607564436632578,-0.025304857363842692,0.0021132026168309004,0.00566714121772699,0.005025872001875542,-0.002046939912595358,-0.005075153757560902,-0.0031804928651244513,-0.01693254347888523,-0.005148287257804529,-0.014914453136718575,-0.00615375086209019,-0.0066240999937148826,0.006698190141719629,0.012487028006379852,0.009960939212664777,0.009862428575531823,0.012804870041443706,0.02716672611271337,-0.005519929820253788,-0.0013573875682577619,0.02562023386224621,0.05022639121593586,0.01762199099984557,-0.07031185556092562,0.01602237043396132,0.02481497085171358,-0.008287856792635884,0.0,0.0055627651276391465,0.027045882441940283,0.0,0.04605445153821619,0.029866592237813516,0.0382100632737451,0.03146048403672985,0.03634028692660696,0.0011453884181731877,-0.00548180728156189,0.006693126971681951,0.029496342845990342,0.021637742094720636,0.006719024286823527,0.007653051934778998,0.0,1.3863898196964097e-05,0.04314995116731357,-0.026262769858160007,0.0015099536031007443,-0.010212130082824455,0.02839807150806306,3.0812399102631005e-05,0.006267520221692802,0.005029612264633165,0.023377661788022697,0.03139083700124079,0.01548616034410999,0.019455416116966995,0.02211823806229407
-0.011609858025158348,-0.007446227998198662,0.015392258542114512,0.012015089476254792,0.03830748857936789,0.004515979386717384,0.029949398010789774,0.0,0.020374174347796536,0.025753739953886357,0.03714370281114043,-0.013708114511888969,0.022219104287717784,0.014693638769259776,0.00928806594258652,-0.0024074721952312417,-0.0004163506390368332,-0.010867658831695881,0.020755611340417923,-0.023775523948595,0.030604646807185498,-0.025547977987513015,-0.004486341796024806,-0.03247823768068231,-0.022508210554708752,-0.021060082577540606,-0.01813176807911243,0.00011191070510557788,-0.00366201075992878,-0.01187308280188848,-0.0008267798284455896,0.053271254461063955,-0.05105067660922735,0.01005569149779717,-0.010780074473340895,0.06763418974310559,-0.06938466777442093,0.022489563018602277,0.03701290341832203,0.02575636505391604,0.01737900340939247,0.011814863331173764,0.08560237341917681,-0.017167962226819766,0.0,-0.006279020493385412,0.012881552438897659,0.04052579529199918,0.0,0.05421566469669198,0.026469272602096583,0.039711896921665435,0.10021252631481364,0.04202688401875532,-4.012626305627265e-05,0.03612689894965404,0.00010891245802574501,0.03496984500959621,0.08630748053606407,0.013654167429428654,0.010797479381002284,0.0,-0.00020409088457595814,0.024411115405280404,0.01709331502706235,0.10808709953180379,-0.07561628769349821,0.040614721371475926,-5.551115123125783e-17,0.00029065793091759273,-0.002654503157447252,0.0196058810841242,0.022721651707824253,0.021661708577016714,-0.0003246992334970389,0.006740867459037347
-0.004807830341059693,0.0015231360932176363,-0.0009096642239425079,0.005953825586994699,0.01580101697782349,0.015335544532486756,-0.010298172062303879,0.020374174347796536,0.0,0.012477601170015007,0.021015714911260364,0.00972145962566967,-0.0021669216213352493,0.013279901282214679,0.013066101233032701,0.004632149756840731,-0.007186074883265725,-0.011845994645053814,0.03284395286642822,0.0035771878337951812,0.0006931194404238838,0.011692388059860004,-0.015622293718579816,-0.009636405177683716,-0.011946811306949023,-0.020351458969231073,0.005247902743086841,0.003031699916961672,0.003773472232596997,-0.003625033485123552,0.014907608524081462,0.022960617390488658,0.005835382413522827,0.018677417006997543,0.02248557209954083,0.013723328589737682,0.02176443629284258,0.014189422579293842,0.040841517866365196,0.025651770943331376,0.00695507804387252,-0.0006289601340835338,0.046089560390659146,0.0024505249241471017,0.002704309360631041,-5.551115123125783e-17,0.009952463755063201,0.03869236608816762,1.0537012362643594e-06,0.03633984703173687,0.041133620813053495,0.04996564973557782,0.024390468523490805,0.03753784553979933,0.013788245652178233,-0.11687053132080677,0.012661394917464708,0.039737231410399754,0.02745748760520983,-0.0016157195369557176,-0.0004997045692923252,0.0,0.0,0.01718506106304951,-0.01063155249191755,-0.007992558296100127,-0.0014737722112585505,0.03421562262925193,1.2968241293487281e-05,0.011053476017060415,0.013110154669436491,0.025584965154850425,0.008863953127303814,0.02191835503091427,0.03026925744250919,0.031545231383064865
-0.0365519397942588,0.008310658682379901,-0.001296220812570914,-0.010272415032655191,0.015116210401166397,0.0030286834066937662,0.004472179072849303,0.025753739953886357,0.012477601170015007,0.0,0.016024284411621792,-0.032475097761716365,-0.012695471499569677,0.01585693822492723,-0.007502995825131198,-0.012416526533964356,-0.02464985084468896,-0.006605832005477985,-0.0026023974328309163,-0.022022730900491894,0.009689592429988347,-0.020584599200557163,-0.008270154243404937,-0.022199417922167564,-0.009754324991840868,-0.04004082798704239,-0.0056888250937564555,-0.017581790118323504,-0.006581313475812589,0.003969544470088071,-0.022435414887307714,-0.02690252714285074,0.04231540451254889,0.012044767030267634,-0.001913920751737186,0.0362876965911359,0.031133429061320828,0.018365946525557564,-0.04737155980487806,0.04795220521063348,-0.03782171622568753,-0.05086088557166374,-0.05487037214339807,-0.02040048727343452,0.009327676439813248,-0.028535402777500163,0.06775104218777278,0.00011512577708749916,5.983061589498462e-06,0.0004071464351541598,0.012098235663624668,-0.033967872633274165,0.0029015066707032133,-0.0050351198287953425,0.048310117528250485,0.028556251791291343,0.021511242921110896,-0.07412140534421047,0.0,0.0003704802942703922,0.031645757574459366,0.058998278862425924,0.05934460958446408,-1.966663697450244e-06,3.1953315461352716e-05,-6.235126873993524e-05,0.007288223382361347,0.025995526763343935,0.014263849396998207,0.048038798577632824,0.024424447065635957,0.020651733861865695,-0.08809953312221896,0.017864274714225636,-5.551115123125783e-17,0.0569989537738384
-0.007477674057097428,0.005159924218447853,0.04239059352158148,0.003581811699090165,0.004386712458137931,0.008243481153766996,-0.005412892398287128,0.03714370281114043,0.021015714911260364,0.016024284411621792,0.0,0.0280151612372449,0.023010047100305298,0.005678968651767369,0.0,0.00010015181025341269,0.014934808032937952,0.01096500834311831,0.01775133233465792,-5.147907919855754e-05,-0.0053711985246294724,0.0028814418301909006,0.033810977270471,0.020139255837957004,0.018685362645719517,0.008011912547811695,-0.00045523062664659664,0.015535099339566372,0.028489186347125384,-0.0014107818247670045,0.03306587001054395,0.052294400707045996,0.017059352321897647,0.03847122039572176,0.03766249374891828,0.0694233255965615,0.04683741345972331,0.03446047289750659,0.04454778327743092,0.027369286376769275,0.020796839244754617,0.040457960545207006,0.04616545768999697,0.023165888637035725,-0.0016383545426727486,0.0,1.1102230246251565e-16,0.020762902919654547,2.0403639011679076e-07,0.011316797610341323,0.040926933446965574,0.050056350033034935,0.040848785328522375,0.007588712914262441,0.025854719660363568,0.00421408351460878,0.06568516011435255,0.02789518830586818,0.028646591046696257,5.551115123125783e-17,0.0,0.0,0.0,0.014398225190465463,-0.011697670404009819,0.0,0.011749501618122882,0.03361683921584491,5.551115123125783e-17,0.0,0.00011339379677338668,0.018198813429995297,0.01998052191512134,-0.015957423833916018,0.0,0.034588360775971605
-0.032253298224851235,-0.01839700758977192,-0.009635439291329873,0.016765830168061435,0.00113719034392884,0.008805122372409102,-0.0057820908888791545,-0.013708114511888969,0.00972145962566967,-0.032475097761716365,0.0280151612372449,0.0,-0.02098288726615788,0.014435257858520234,0.0012528154707850403,0.010091298483274003,-0.016022119094774523,-0.003033159736392843,-0.0020788944056415737,0.002374563560358478,-0.0066145628762646624,0.009155842465816022,-0.01887724237638383,-0.018216891505165644,-0.02023929923737522,-0.03785247603972941,0.01789931317605753,-0.037825496074128495,-0.027368234629932986,-0.0036365778864111964,-0.009065193409463657,0.008896253009758381,0.05993335118891879,-0.010960745403196082,0.002846044441794149,0.025762832975740946,-0.012850044116055337,0.02403149471713162,-0.019367960366375447,0.04963402987919979,-0.04427211477689563,-0.007591939112523816,0.02683949622781745,-0.02772473000762843,-0.03979204327218777,-0.007980360863830138,0.0157204032529748,0.006413506631331001,0.00689894586046208,0.01041899867817997,-0.008914085957168139,-0.02279093619309891,-0.00015521597487022643,-0.007012035920076043,0.03573817696281639,-0.006871802760839041,0.021748840987205975,-0.058653974796675834,-1.2891466789899386e-05,-1.6964238695016398e-05,0.031953659746276064,0.05087318006002267,0.05577756349343693,0.008232638835673378,0.005599624242955792,0.0232246729927566,-0.00018802704833520423,-0.023173718084155692,0.0017710238382181998,0.03994100616274682,0.012138462172029352,-0.01925214097147404,-0.09381273196915885,0.0025132503244367776,0.0,0.045492823899471346
-0.0020311369717351258,-0.004705804353570486,-0.0051519918214897875,-0.029701981293519863,0.015738263377235884,9.873549048783348e-05,-0.02431461903981247,0.022219104287717784,-0.0021669216213352493,-0.012695471499569677,0.023010047100305298,-0.02098288726615788,0.0,0.02534083855894509,0.009628836283023079,-0.010679896937959787,-0.012596338729107204,0.002990714891355828,0.00359554594688144,-0.005007602470471273,-0.005005388509708053,0.002718623427167277,-0.0048400862527880895,-0.014502650068505596,-0.001724645147368975,-0.014955256994825528,-0.0077511082581776525,-0.02147087300641376,-0.011209686523571627,-0.04494125738784527,0.0054675794478372675,0.014797023713365776,0.018453905858648922,0.006899141603232017,0.0036832246151065062,0.014363739082025151,-0.027076099403453457,0.004013412836507635,-0.005433517187603765,0.02014443071669486,-0.019735766004991495,-0.03130024917800889,0.007787469610308628,-0.02976404205251154,-0.02511697133612434,-0.006323805995089582,0.007870128228426532,0.02927998949270194,0.0,0.04657638917983542,0.03338650614810501,0.027926929574265236,0.02249029369813721,0.03377357101093892,0.009781770426127212,0.00554457848622647,-0.0395754971498708,0.03378307185052132,-0.0006246948951292297,-0.04334932421536136,-0.0028777136540023007,-0.007536123785466309,0.008178022361716553,0.04715014825294517,-0.03352737503789843,0.02826783229259361,-0.0187988309070804,0.02436000861343013,0.004921070104104142,0.009464180231416375,0.009597818081515552,0.013569175000807565,0.011381978634382062,0.009983245153523668,0.015816366998309128,0.02589869279900847
-0.005706775991280888,0.0009153977580332873,0.025654528902078255,0.025985831683219773,0.044206557870867524,0.025567848130556126,0.029202567656020473,0.014693638769259776,0.013279901282214679,0.01585693822492723,0.005678968651767369,0.014435257858520234,0.02534083855894509,0.0,-0.016741101835044292,-0.0004970758861297386,-2.741656688809435e-05,0.00010107522459140705,-0.0013570118243084739,0.010634983372161733,0.022400171564466997,-0.00403137578440782,0.022499534220206396,-0.008454526857910705,0.000517652806542146,-0.014445072402677284,0.011711000403499983,0.04732824843525424,0.019126525998243493,-0.006050143842933675,0.0382610416025545,0.09417955393934774,-0.027027582925364835,0.03593032422546105,0.018834882055553837,0.08804335540020838,0.06801368687772477,-0.00427019700486575,0.06040533083673244,0.0,0.003013907861570131,0.0023001125521488475,0.05492686212887782,0.005019140339310779,0.0,0.0,0.0,0.02554364052796182,0.0,0.08469673588807491,0.06544322616664572,0.04422928223115297,0.1310680206266025,0.013450117092364655,0.0,0.027374776497079478,-0.0002227117811778312,-0.0014613939083770733,0.07059428254761013,1.1102230246251565e-16,0.0,0.0,0.0,0.03405914702100077,0.0,-1.1102230246251565e-16,0.0,0.05390321122964237,0.0,0.0,5.551115123125783e-17,0.039588169306957244,0.01523113871962628,1.1102230246251565e-16,0.0,5.551115123125783e-17
-0.006566643096216629,-0.016476947158876265,0.021143578970013732,0.011051326910975379,0.01193062966923697,-0.02567511596173616,-0.02537250976341726,0.00928806594258652,0.013066101233032701,-0.007502995825131198,0.0,0.0012528154707850403,0.009628836283023079,-0.016741101835044292,0.0,-0.016420714260315994,-0.013662214660318028,-0.008389942277511664,-1.1102230246251565e-16,-0.03371549833800397,0.0067767158628458946,-0.01826318548735706,-0.04320629623886274,-0.010871398982536529,-0.008340415222021669,-0.004914629365716017,-0.07814694402037242,-0.005483858293695909,-0.022503806863697906,0.007303971512195917,-0.02491718310412483,-0.02168247341977131,-0.00936170477695053,-0.025808494753872258,-0.025205209669711903,-0.013411464192549738,-0.025316611982693693,0.00010459713322541475,-0.013401926915475704,-0.01735332861457639,-0.006430538497140148,-0.039788714368922506,-0.077917678532471,-0.051934102231478874,0.0,0.007764181464425757,-0.0045394163980267965,0.005401657968394591,0.0,0.0,-0.0059239790728304875,0.012984957558156485,0.019956117201127666,0.003413786247080719,-5.551115123125783e-17,0.0,-0.00363557982875351,0.015781159073558093,-3.3446782581325607e-06,0.023316955854421784,0.007167844180130889,0.00011691235446198434,-0.0007939550172857968,0.0,0.015364149429335283,0.012773006855276436,0.008702184143590252,0.010731347784571132,-3.689456767524968e-05,0.0021546210925029174,-0.00017285681904111172,0.0006702421744280151,0.0024600052533511607,0.012323961056905364,0.004000927851972036,0.011806389764973002
0.0023467657935244413,-0.014888470645166851,-0.010457112030019144,0.0003458817139332937,-0.0005184371373436747,0.0032592436261926205,-0.008392994570756596,-0.0024074721952312417,0.004632149756840731,-0.012416526533964356,0.00010015181025341269,0.010091298483274003,-0.010679896937959787,-0.0004970758861297386,-0.016420714260315994,0.0,-0.027010028695133415,-0.018836139219265968,-0.0001490381944291852,-0.021174298923830104,-0.004929229091122922,-0.0034128265104801936,-0.015039900010782647,0.03052497376458002,-0.01608220160285523,-0.022693335529192227,-0.012510644350081424,-0.02063088479884556,-0.009051471648111542,-0.010571805702363102,-0.022715411265944507,-0.011600618414201402,0.0014367647880985102,-0.019218821402757158,-0.03346489695396587,0.012958158341273562,0.0002826273001603763,0.023475268366899116,-0.0042166616087563336,-0.007539732337274951,0.021983251669090154,0.013090355819453725,4.3612052550434655e-06,0.0,0.0,-0.0037555995109389007,0.010548893887165844,0.0,0.0,0.0,-0.009443715915200546,0.009522446517588046,0.011635285049175659,0.0,0.005696802943003398,0.0,0.005413108250704457,0.006776397806918355,0.0,0.0017157839825281962,0.008439285949204456,0.029542243082734565,0.02023935114092762,0.0,0.010324915737236373,0.005861603516169711,0.005447353937567956,-0.001377880350378502,0.00056923836956424,0.011338789644208869,0.01350799656002799,-0.0007067982003126083,0.053719525648424915,0.018758005585088222,-1.1102230246251565e-16,0.011798942215191455
0.029420074811038865,-0.008616848450466008,0.008143401195969957,-0.004678267976320261,0.017850561920025376,0.01587907846335368,-0.021338573764634217,-0.0004163506390368332,-0.007186074883265725,-0.02464985084468896,0.014934808032937952,-0.016022119094774523,-0.012596338729107204,-2.741656688809435e-05,-0.013662214660318028,-0.027010028695133415,0.0,-0.010111653027869205,0.0003757770148766215,-0.051726753970561534,-0.018952044724143913,-0.039130605058045165,-0.01231945184413391,0.004449161454689821,-0.007036206258148547,-0.0045877445241901404,0.020607177719362213,-0.013661954656096209,-0.023222818506048293,-0.019623019869795533,-0.02288102614582599,-0.017309413303022325,0.016496264002213212,-0.027036564281849584,-0.030545803917248593,0.0024031352177005805,1.209350440500856e-05,-0.007207601215413917,0.014721110343045463,-0.007744464281954744,0.040950660239518655,0.015307387427708152,-5.551115123125783e-17,0.0,0.008196065441769762,0.017430122392991076,0.019360130445369328,0.0,0.0,0.0,0.0,0.0,0.0,0.0,0.02845050200090149,0.0,0.023675659496319057,0.009089399806115062,0.0,-4.871842520665082e-05,0.03822455499427391,0.04023558723300591,0.03424896774672076,0.0,1.1102230246251565e-16,0.0,0.02653646916021274,0.0,0.01952479122243639,0.04521154208620537,0.01999010480845409,0.0,-0.004403015131881183,2.628310185376348e-05,0.0,0.03256861457351751
0.01174535630657797,-0.006513181274497293,0.022256958334616328,-9.987887006623897e-06,-0.015823335317117437,0.009192150206406569,-0.0011607564436632578,-0.010867658831695881,-0.011845994645053814,-0.006605832005477985,0.01096500834311831,-0.003033159736392843,0.002990714891355828,0.00010107522459140705,-0.008389942277511664,-0.018836139219265968,-0.010111653027869205,0.0,0.009834086266587161,-0.024427659752544573,0.006925784291332726,-0.016117085219338467,-0.01374557257987924,0.010850722698292958,-0.0013694954966667616,-0.014189162488028706,-0.00037847857776074356,-0.009112217851173332,-0.004030299782814162,-0.002252201492808026,-0.024283074992985376,-0.004413544888866472,0.02077225422098422,-0.019213920742299218,-0.02114702428488896,-0.035450886137591064,2.0155457777171204e-05,0.017638608912322662,0.0008506125468835113,0.00251352424278084,0.03401064804643933,0.01899902860018965,0.0,0.0,0.01740204686291713,0.01520794541663606,0.024909970165703066,0.0,0.0,0.0,-0.0029315513404758464,8.500203576239374e-05,-0.0003935331946117726,0.0,0.006636589726392195,0.0,0.008391541079002252,0.014580951551346644,0.0,0.0003520398023428295,0.020766676203724965,0.016499107462553564,0.018960782651089525,0.0,0.014730695822583684,0.0050354319311570195,0.018315994712320816,0.031082843612800448,0.01664930168719886,0.024160017574852533,0.011541869947191696,-0.010617283268288646,-0.021526367390432566,-0.0060728983681739845,0.0,0.015754704836137223
0.0,0.011699639103560588,0.028536191060988092,0.003557834552760486,0.00730719470161717,0.012730342278360285,-0.025304857363842692,0.020755611340417923,0.03284395286642822,-0.0026023974328309163,0.01775133233465792,-0.0020788944056415737,0.00359554594688144,-0.0013570118243084739,-1.1102230246251565e-16,-0.0001490381944291852,0.0003757770148766215,0.009834086266587161,0.0,0.0003353981428029784,0.00947422247455365,0.009935007635611837,0.032534002558268826,-0.0025406931104914876,0.016886601466615248,0.020175208481048534,-0.015390318718160434,0.0038345378277303555,0.014242099886743464,-0.0010147339349675377,0.01891911681475189,0.01797727365222085,0.0030616636557917465,0.021247506644677894,0.021919700332009462,0.002877933172576952,0.01698573732325187,0.008259188359760194,0.013553074856674563,-2.8774908461315363e-05,-0.006631940689845017,-0.0059829603919248076,0.035550192474540776,-0.020525112864629547,-0.000525830101990088,0.0,0.0,0.021416910843642334,-5.551115123125783e-17,0.046425425819145105,0.0385995204081645,0.03607265281575889,0.010928585552125503,0.04114954010832572,-0.0001002883076818839,0.009660071835200734,-0.001399641838623733,0.013982248235736239,0.09167501129876543,2.220446049250313e-16,0.0,0.0,0.0,0.059396571508489315,-0.03820232597191875,0.0,0.00010714559800084622,0.026285586604275823,0.0,0.0,-5.551115123125783e-17,0.0333636176846841,0.009829817176755684,0.0009249949855223427,-0.02801966758879293,0.017292588157341582
0.007367916096891969,-0.006432621097414271,-0.0043344367050377475,0.00828549658930533,0.0072258119037345026,-0.009034776080752094,0.0021132026168309004,-0.023775523948595,0.0035771878337951812,-0.022022730900491894,-5.147907919855754e-05,0.002374563560358478,-0.005007602470471273,0.010634983372161733,-0.03371549833800397,-0.021174298923830104,-0.051726753970561534,-0.024427659752544573,0.0003353981428029784,0.0,-0.007221184874731557,-0.02031383427827732,-0.03268587998495276,0.001664796905753274,-0.013405695365722392,-0.034169374569367195,-0.023151635079388666,-0.021610453743939217,-0.016104565208891253,-0.027346755729240557,-0.024549913700821713,-0.025866771027199364,-0.01397762278842346,-0.044551184795215026,-0.03929448322086676,-0.015304657731206595,-0.0056304682107296555,0.014817523891819617,-0.03721691866920751,-0.052143228941097575,-0.006744418592050161,-0.04021835464682488,-0.047532176391979486,-0.025566181716931424,-0.007234434758840391,-0.009759605891022982,0.0008053780607021332,0.014806219263909293,0.0,0.0,-0.016747593132822314,-0.009967249643796694,-0.00028337679281043027,-0.005227039483809037,0.0004362556405753115,1.1102230246251565e-16,-0.005703618359962026,-0.005870506772618633,-1.1102230246251565e-16,0.0007755488433236479,0.004714312117660491,-6.937736333534339e-06,0.009430631862364536,0.0,-0.004170174475851218,0.004255344581478249,-0.005721768686910045,-0.004855094657403081,0.0,-0.0024397666488668035,0.0009264137636437186,-0.009783181113501238,-0.009704507371503801,-0.0011374088180482467,-0.010379506649210224,0.0016153974095416967
-0.023455040042625774,0.007926594145002408,-0.006689059654217733,0.0001980442788680481,0.05341466313872778,-0.006794752118478686,0.00566714121772699,0.030604646807185498,0.0006931194404238838,0.009689592429988347,-0.0053711985246294724,-0.0066145628762646624,-0.005005388509708053,0.022400171564466997,0.0067767158628458946,-0.004929229091122922,-0.018952044724143913,0.006925784291332726,0.00947422247455365,-0.007221184874731557,0.0,0.019831837760798,-0.019950007326356434,-0.029065180102784416,-0.005533764344531289,-0.013612433144579161,-0.02018852736652077,-0.009340966896330016,-0.0002902354734515278,0.011047036898473417,-0.01441463173414842,0.0012387501722096461,0.03797402029520175,-0.004780289203770938,0.02011021182308076,0.019539285129537176,-0.010517657578255013,-0.019962908797676537,0.003032829166444706,0.03389955724006155,0.025616404067925258,-0.005013109424233386,-0.0018944646299534629,0.0,0.0,-0.054690403039131974,0.00899125531624173,0.007578482331272174,0.0,0.0,0.009669810566865666,0.0043388693632245845,0.07744196361425654,0.009240511751991198,-0.010177308719081513,0.0,-0.013060497788312586,0.02296440561123836,5.551115123125783e-17,0.006231317672000913,0.008031374652326007,0.0,0.034085473393203836,0.0,-0.0006635364181934444,0.030819218669642878,0.017133397091465885,0.020283689622751788,0.002345737994942143,0.005274361219807122,-0.0033252326696844303,0.0033643804805025823,0.0029953194074204825,0.01981809632183884,0.0011992443268371566,0.01634785734690486
0.0031548559641406126,-0.0018631790972157836,0.016990684851744486,-0.00919701879525242,0.004454895782661172,-0.0030627883063740757,0.005025872001875542,-0.025547977987513015,0.011692388059860004,-0.020584599200557163,0.0028814418301909006,0.009155842465816022,0.002718623427167277,-0.00403137578440782,-0.01826318548735706,-0.0034128265104801936,-0.039130605058045165,-0.016117085219338467,0.009935007635611837,-0.02031383427827732,0.019831837760798,0.0,-0.021388673343757603,0.05508808069793314,-0.007244489861261805,-0.0013404966764581916,-0.029559655372516425,-0.013242394631915289,0.0003097287219818723,-0.020803593243752694,-0.0294244868833769,-0.02646856783354329,-0.014537057086586314,-0.0339127608074824,-0.03586733571143197,-0.0256921834266029,-0.022871367313270885,0.029104798438852775,-0.027317243783826883,-0.028465278918467896,0.0171444628530541,-0.03333623307312639,-0.09063791409416333,-0.010903006000407944,5.0714847843302824e-05,-0.030344560318757374,0.01674127799529973,-0.0038868823087719884,1.8391975680764894e-06,-4.608963190699811e-05,-0.003090749278354954,0.000976683714154547,0.019741680804110928,0.002142252644195597,0.003507367941646855,0.0,0.008162779241471074,0.00674871777697128,0.0,0.0017749372187253476,0.0080875401297969,-0.0037059648598678496,0.005799411743829197,0.0,-0.004238090985990983,0.007928932396893518,0.005372571563504791,0.0014225778773996889,-0.01736669764195975,0.0011526938961987088,0.005756322213765097,-0.004742704406312304,-0.040203962709633445,0.007601495892092136,0.017653892651873393,0.0029082079502307234
-0.021287502598962393,-0.02068530462256951,-0.006517797173730577,0.010128308812781484,0.00212728667377593,-0.017889003627493183,-0.002046939912595358,-0.004486341796024806,-0.015622293718579816,-0.008270154243404937,0.033810977270471,-0.01887724237638383,-0.0048400862527880895,0.022499534220206396,-0.04320629623886274,-0.015039900010782647,-0.01231945184413391,-0.01374557257987924,0.032534002558268826,-0.03268587998495276,-0.019950007326356434,-0.021388673343757603,0.0,-0.031068471897564398,-0.02830620402271722,-0.042820200859061464,-0.03640501960870973,-0.01980636933538754,-0.02063674922718639,-0.028717387714223663,-0.024578394975484474,-0.010874352741255089,-0.029571832208849014,-0.022329000842498836,-0.03143209471213387,0.005933110174494105,-0.005520145210894334,-0.01597039594373656,0.005309144082679573,-0.03205088730441907,0.017824667434479635,-0.046223565832124114,-0.007577110380817154,-0.012888036188604735,0.04159032214521963,-0.021021432006072538,-0.0031328285567463476,0.04469474527283945,0.009756017075387091,0.018793705320802156,0.01160383457580394,0.028507950405253446,0.020400820284727228,0.028784597421307123,0.03523780703508417,0.020599256696710866,0.01873081781919622,0.018228676165308877,0.00505352203329007,-0.0049830276471500845,0.0017661319091841765,1.6876810900567918e-05,0.033621052409965435,0.0387722262590231,-0.00867809030698602,0.03287685434118548,-0.021272511176899656,0.004605439725395177,6.503986902783865e-05,0.002332002651796561,-0.0041866013482154685,0.002206272266947251,0.0060709951560740105,0.005146504029914345,0.004936507569195725,0.008101082848840147
-0.03154725925523888,0.0008643496743253043,-0.011162731968936968,-0.020194304146324338,0.02150324770908013,0.001400181556280522,-0.005075153757560902,-0.03247823768068231,-0.009636405177683716,-0.022199417922167564,0.020139255837957004,-0.018216891505165644,-0.014502650068505596,-0.008454526857910705,-0.010871398982536529,0.03052497376458002,0.004449161454689821,0.010850722698292958,-0.0025406931104914876,0.001664796905753274,-0.029065180102784416,0.05508808069793314,-0.031068471897564398,0.0,0.019653731399124297,-0.012574077736829337,-0.01514703690110808,-0.06317645700778224,-0.008495466726005763,-0.009594731894854824,0.008040686155368681,-0.039072847147767875,0.030859506397337144,-0.03863047641740691,-0.08751308301280722,0.1618910478632124,-0.04537983997798037,-0.020025069367543863,-0.09751528322077335,-0.018932643962670415,-0.12118795208798633,-0.015719493746993163,0.021912792190237118,-0.0026271361487749667,-0.06977241310982688,0.0017255899568320299,0.015086265991172187,0.0,-5.551115123125783e-17,-6.666031118796045e-05,-0.0043790785476892635,-5.7121361018486194e-05,-1.6653345369377348e-16,0.00011874963348196266,0.007732100341821091,8.735879397692159e-05,-0.009140549490153305,0.006204681113713917,0.0,-0.00027607554290376424,0.022622342183917232,0.045555982886457624,0.02934421480336291,8.123397568393642e-06,-5.9127392462554607e-05,-0.05630027360473627,-0.014853236414553328,-0.00020059960399748666,-0.05599231934183868,0.025463008839514578,-0.006134065866109761,-0.0034693136576086636,-0.05238847352113368,0.00450903247999207,0.0,0.00024175511803647964
0.009956390452039943,-0.013576014498752842,-0.0118281653779857,0.00045583795360254475,-0.002437718678555467,-0.008500385655488385,-0.0031804928651244513,-0.022508210554708752,-0.011946811306949023,-0.009754324991840868,0.018685362645719517,-0.02023929923737522,-0.001724645147368975,0.000517652806542146,-0.008340415222021669,-0.01608220160285523,-0.007036206258148547,-0.0013694954966667616,0.016886601466615248,-0.013405695365722392,-0.005533764344531289,-0.007244489861261805,-0.02830620402271722,0.019653731399124297,0.0,-0.025533119205866872,-0.017859863664633047,-0.0027844431978211737,-0.007701245505303156,-0.010838832376162899,-0.005226998748886824,-0.012698211975804286,0.021510432246881095,0.0015446322456839079,-0.003711547161880102,-0.011051727344857931,0.002357082231031815,0.02200153068816979,0.01687890559352795,0.010934469639072741,0.03164747853319139,0.03261174358436664,-0.0008768270801980949,-5.551115123125783e-17,0.005553646887417163,0.00268717768915655,0.025553096415564025,5.551115123125783e-17,0.0,2.220446049250313e-16,0.00039835635468576935,0.009813192318367803,0.011687147511806995,0.000448447454314993,0.02866827973073044,-0.00024403274545797826,0.02024317232558398,0.016621355984264785,0.0,0.020480779553769812,0.024807477810479928,0.04164216560282591,0.0315079935765713,0.0,0.014474393234826022,0.03330310092328054,0.02376883242472938,0.010305875412699728,0.027603238840386513,0.03185198714817372,0.017994543169946142,-0.012357587464745357,0.01059600620847545,-0.0068586248535627,0.0,0.019262440470563524
-0.013516713372034028,-0.02886198537872703,-0.005357953387334413,-0.014586329491694416,-0.004090357161838087,-0.03395248939067369,-0.01693254347888523,-0.021060082577540606,-0.020351458969231073,-0.04004082798704239,0.008011912547811695,-0.03785247603972941,-0.014955256994825528,-0.014445072402677284,-0.004914629365716017,-0.022693335529192227,-0.0045877445241901404,-0.014189162488028706,0.020175208481048534,-0.034169374569367195,-0.013612433144579161,-0.0013404966764581916,-0.042820200859061464,-0.012574077736829337,-0.025533119205866872,0.0,-0.04829072059044798,-0.014360533965932398,-0.015203634210586625,-0.04040680146496123,-0.018628958299647114,-0.023890461894298554,0.008783275989129702,-0.013317863225775384,-0.024161815121141683,-0.009042627732066044,-0.011408110901871105,0.03740502626564546,-0.0109087998273244,0.00759333743094931,0.021560013251405385,-0.018833311824783927,-0.005930266599993794,-9.99260958572945e-06,0.025939148981425575,-0.0219295529556105,0.0038361775967095113,0.011822945730938728,0.0,-3.9059727392654064e-05,-0.014109611127891442,0.005697614451871058,-0.006402448234721303,0.018531032766103572,0.02229728632862632,0.0,0.010574146776737237,0.00350410079564617,0.0,0.009708682353024023,0.009608757564709136,0.032800150238146975,0.02121780490135816,0.0,0.0055840241262331,-0.004988524271021644,0.016387747125762964,0.0052314885037648695,0.008242083561663838,0.019833125461343915,-0.005546102052983892,-0.009865594010188494,-0.002223741726952111,-0.023910164472905837,-0.0003504030638489253,0.006129998515183199
