0.0,0.01356111644186692,-0.06626893205867848,0.0,0.256166791333593,-0.05047221447353952,-0.03316502277379143,0.013563309885683408,0.020802032734858866,-0.13849094115269814,-0.08198363945143769,-0.07946493583300807,-0.018282334654055973,-0.03381986171763395,-0.04826876551679988,0.13359662931022553,0.2395581323484408,0.20779237695707609,0.0,0.1047821959215276,-0.05321829221260319,0.07886080066733044,-0.09330455489291688,-0.0375729521251152,0.16154239077862548,-0.012346357319619972,0.034575053663708735,-0.060898388281368177,-0.045114974737933695,0.1125727878614772,-0.12003291800568977,0.04949012733173291,0.3719983228639525,-0.07894368233208748,-0.12290718831798246,0.2074083611143106,0.2233616419602022,-0.15156646362014287,-0.010658608316144007,0.21572197283115135,0.1906333159914763,0.04886288502663649,0.2132229134757252,0.0,-0.05637666654325773,0.0437582391383959,0.002703569301812668,0.0,0.0,0.0,-0.10393381480585064,0.0,-0.06754795552948197,0.0,0.026353879477582054,0.0,0.06740512927719565,0.21191918361036793,0.0,0.12169537770531992,0.17552528959595323,0.356591623769279,0.2640918427248701,0.0,0.06225071969077225,0.3340873663420844,0.10150104124019457,0.13505128939483968,0.04587615793752081,0.1170886535812077,-0.06965770288313278,0.041847441830176135,0.18228697690372275,-0.09081907682499248,0.0,0.1423723911840023
0.01356111644186692,0.0,0.07910521434532779,0.14899326798276763,0.04428363823806485,-0.008094613826631031,-0.035192815575034855,0.06602677057646064,0.03318423919965945,0.1624795017217138,0.08013092409989797,0.0031506131883533833,-0.009390702151307339,0.11039056568013286,-0.1425257785782134,0.040129995456934624,0.059840952433305276,0.09443830432588671,0.23788744156712568,0.04119616163707263,0.13763263581688148,0.1899882910520097,-0.11182873530140525,0.10593134149160115,0.09975920466516845,-0.052342603454035755,-0.14161551866724348,-0.05674499771156578,-0.07081370668727463,-0.1303708337852267,-0.03417105153128193,-0.0990368346669655,0.050420059001368984,0.013943774644617553,0.047551692338494,0.11716208139934885,-0.0032709915375239706,0.0,0.09372328011492055,0.13031372292473503,0.38579356732997205,0.30387333531159455,0.21275306736184146,0.0,0.0,-0.1317269731900965,0.19057955843280913,-0.02544044792630287,0.0,0.0,-0.1095779795773798,0.06149776258074062,0.14071399811327137,0.24822793424911105,0.4611120305717121,0.0,0.06310536580770726,0.03347794434102986,0.0,0.1946000625727643,0.27130076073964693,0.323980326852742,0.3362130547760357,0.0,0.22073328121236135,-0.06146824815224543,0.18550027159913263,0.04439847738911868,-0.02351603292288311,0.20184706506357436,0.0626889018504217,-0.016104349137880294,0.11360595575462953,0.12724398550058263,0.0,0.16372530949335293
-0.06626893205867848,0.07910521434532779,0.0,0.12275000278471128,0.047114119069780074,0.13247733307455184,-0.14985257695130952,0.1349845642027677,0.007572705724378383,-0.10493602312195172,0.26283720319257575,-0.16673441141440348,-0.09526517506727591,0.2024267169700048,0.17608370417699104,-0.05358302054699063,0.08839920964904988,0.2961736345952123,0.1949333280680395,0.02216848196144853,-0.03256866583342522,0.1775644820828737,0.0308914076547899,0.028168641396226768,0.04215785751386415,-0.06732916152447424,-0.0884687103012601,-0.049075765373108336,0.022512883158516524,-0.05905184488543827,-0.0027285681482103682,0.05845277929769501,0.02227121323153853,-0.0052985137662652365,0.1545461187174598,0.10845546270652184,0.06993329628679659,-0.036426542921903914,0.24830454719109557,0.204959234993171,0.05672189356528187,-0.0067577991037530705,0.11734482477265117,0.10438869148850113,0.0,0.0,0.14432339996481178,0.1429505925116863,0.18324476102391732,0.24050856437802293,0.15991904850634317,0.242974853366054,0.17792601857340884,0.2564583345031458,0.18399843353195175,0.1483788452382954,-0.020608006237800146,0.2071906668296866,0.12010615896132387,0.15231542805916903,0.0,0.0,0.0,-0.032266588892116324,-0.3091482717677082,0.17748416651132842,0.06651062905531863,0.17059857002677514,0.0,0.24421812117786731,0.1534710149407117,0.11901350418172554,0.24176435909286842,0.05683860617536307,0.37585492636086365,0.09371375927037573
0.0,0.14899326798276763,0.12275000278471128,0.0,0.3606456093630276,0.23857420997992618,0.07658079778109929,0.16727801991575061,0.004739642250657164,0.029258990678128628,0.04343465135365856,0.1910176130290727,-0.10752065231674696,0.3219861288253831,0.23647267723454063,0.13517792135458484,-0.01945297962230732,0.21109199969269365,0.05612380989950497,0.19696411825209822,0.22688514190156442,-0.03264375651330742,0.13311470638777273,-0.035121618068051065,0.35495973016465016,0.05263079495264548,0.03384114665953756,0.09757722295377523,0.43439366304417787,0.3879543985981405,0.2833139836641221,0.3310440238335094,0.19733990883946834,0.2050855036014064,0.4151708164131751,0.239145353372969,0.1715270563215272,0.45229001505928607,-0.15188791965851012,-0.3845765382274239,0.042547128330162116,0.2955315997340955,-0.04072837411750743,0.06636469335153666,0.0,0.0,0.0,0.1621854936258569,0.0,0.0,0.2702593650894727,0.0,0.23583895387164527,0.14554934239441905,0.0,0.1415335218406032,-0.01451235912602112,0.19349569849888537,0.0,0.0,0.0,0.0,0.0,0.0,0.0,0.0,0.201946728207836,0.12921808500965937,0.0,0.0,0.0,0.005179031007653573,0.20034418895458736,0.2635318122847529,0.0,0.0
0.256166791333593,0.04428363823806485,0.047114119069780074,0.3606456093630276,0.0,0.04401861799489343,0.019484139642731962,0.21453556455504702,0.10550531619443723,0.155935909226986,0.06842957721300794,0.08396866948862065,0.1451404191334432,0.29510642281017874,0.2685852589670393,0.0543846067777731,0.14261093273557854,-0.08222838516679556,0.026315770125783046,0.07788727180257446,0.5546154002304192,0.06291192301927206,-0.023659857856131596,0.1679545862709847,0.07460820817099126,0.01312756933998228,0.01657042295107067,0.27163975276027497,0.11671107125089417,0.023532119776029186,0.16372855642463702,0.19835804156199222,0.2740195862865108,0.20676287041152164,0.27604625647347747,0.5301828725657659,0.4277932944908232,0.2945244257743145,0.3851522639714074,0.23958141996222307,0.1469310570401204,0.25036218906256025,0.24008159599337725,0.7455759457653731,0.1522649107796305,0.0,-0.13859628830345397,0.28052442616266604,0.0,0.33240114600345083,0.32880964147049274,0.43571767961160324,0.29031098657373067,0.33753977151901315,0.0,0.157092748082278,0.06832442458715512,0.3163648182055205,0.3640129735071936,0.055704761910206915,0.19581208047951373,0.0,0.0,0.425082895736396,0.27268244373473866,0.219417389792104,0.2668377534877487,0.2563148526285749,0.0,0.2045834623422789,0.0892852609963868,0.23849335058526777,0.028393623055746747,0.06716218294328385,0.0,0.6508147140497285
-0.05047221447353952,-0.008094613826631031,0.13247733307455184,0.23857420997992618,0.04401861799489343,0.0,-0.007306713650286734,0.057099794169304316,0.14645075650045683,0.004114384856648584,0.10143399855231497,0.13937914682194008,0.06099661275866782,0.20353797350768307,-0.21914428938156688,0.1142216555211109,0.19717982264728656,0.17471911175752894,0.09431991378490343,0.01606565734254073,-0.05439710696513729,0.04187689372828735,-0.0503344351903216,0.10223140730640928,0.040466446045462984,-0.15167211554630122,-0.05001979757489953,0.025375180398389048,0.12031922998266419,0.07653665620837602,0.15055107398718037,0.05821802718326629,-0.10677138970461326,-0.04812353718570748,0.03930236364154556,0.07577419505656927,0.19146879437816747,0.18051200408638957,0.2517833706035557,-0.07702750200277506,-0.023681368758896038,-0.03253203796878971,-0.0990091034609348,-0.028034695758413775,-0.10753217021159168,0.09240190036948304,-0.07386381970850527,0.1603862388736237,0.22313312513412917,0.32655249986576534,0.14308538667352078,0.23514441050072832,0.12642987412909318,0.1938869061903481,0.2928975095990848,0.1575268748235314,-0.02168481307119362,0.1663903928790997,0.16963219068119365,-0.18562149712577908,0.16123426865048257,0.0,-0.3251055426051247,0.1294280831094444,-0.1781117929215194,-0.10827679596285311,-0.17551985388775487,0.13315807541942495,0.22020143256469268,0.36627550063854836,-0.08823088913682173,0.0664825402440022,0.09586943827862644,0.008977834429406487,0.018408248970219126,0.08500469240065597
-0.03316502277379143,-0.035192815575034855,-0.14985257695130952,0.07658079778109929,0.019484139642731962,-0.007306713650286734,0.0,0.19238790023884073,-0.0824988227978415,0.13560112945315203,-0.09333190350004011,0.0535810497117848,-0.17094086909756165,0.20003944586880187,-0.18630595682243525,-0.07721427879288953,-0.14494225942807548,0.05816956377954465,-0.24184366515622482,-0.013284704540839597,-0.002259116950963959,0.0451976067583843,-0.10517752859963819,0.10355101839432214,0.05285377795466525,-0.03630471011642846,-0.10181111960551006,-0.044387977921200625,-0.05916329411942376,-0.13940057011450968,0.05958042254382488,0.14970039403865631,0.18969567336806706,0.11395455170314783,0.17722569092663773,0.37711484443594967,0.10408609911197794,0.1720926668233802,0.36158772872008166,0.3331449801861547,0.2556655360818004,-0.05952222381814938,0.14668219280859768,0.40057209714271713,0.008522129466614094,0.0,0.01766774209220192,0.13028670076137974,0.0,0.34980980031883324,0.16055880201005532,0.31023069270168385,0.17585949934705758,0.27431818737037794,0.09366108696091836,-0.05794260402859651,0.29464717107876204,0.17140967200210278,0.25154576290244945,-0.01819843902514167,0.15440726162558793,0.0,0.21207518153528412,0.331058676990738,-0.2539490676640709,0.03107769724531525,-0.18629877096361666,0.15567610679477262,0.20348137494217752,0.0732948009404337,0.00215199485910314,0.11945208979341657,0.28341786694434334,0.03856854863173967,0.44504651195240924,0.09410179145460615
0.013563309885683408,0.06602677057646064,0.1349845642027677,0.16727801991575061,0.21453556455504702,0.057099794169304316,0.19238790023884073,0.0,0.11505321282681238,0.2523106511452873,0.24681565965751773,0.03535302201354417,0.1400510425273588,0.20897421678034106,0.11669073745590693,0.06859781006863529,0.07512649828542815,0.1077761144822132,0.13221870983568398,-0.23938901307712415,0.30064454257378026,-0.11519089609189087,0.023866447557049558,-0.15495838431449752,-0.024843021716533492,-0.03752415581679596,-0.1029153520625565,0.006288228406963452,0.0015175910827281008,-0.05041457668224812,-0.016697427812590565,0.4242429135948139,-0.07846773330146928,0.060946827413567564,-0.014700639349015485,0.49281781786907186,-0.1834331196939189,0.1454052098173297,0.388522020689699,0.1814802288755027,0.0933471821338082,0.08046494924708755,0.5358437221661755,0.060719232265172576,0.0,-0.023068436743718185,0.07010335806217419,0.26497475095351863,0.0,0.41046659221009413,0.10958710258476216,0.2983063720953287,0.5629768933020823,0.24686164003588532,0.2911141873597054,0.20468159401039548,0.4247216364700866,0.20725273156522345,0.5650792055225818,0.09209693153092494,0.27072008893837535,0.0,0.24973712488864241,0.22213793921712094,0.11488557760406823,0.4431088112475376,-0.5036813150746693,0.30564555031089513,0.0,-0.13658015812515095,-0.07944164394961797,0.09702238968555756,0.14020975709626787,0.14026903375561472,0.006831114266700231,0.02533736325518008
0.020802032734858866,0.03318423919965945,0.007572705724378383,0.004739642250657164,0.10550531619443723,0.14645075650045683,-0.0824988227978415,0.11505321282681238,0.0,7.87727374376157e-05,0.12199201974930979,-0.011268199254047567,-0.025213140048348077,0.13601428458371514,0.19484921233321925,0.10275603308796936,-0.14646285365950645,-0.039695725942034285,0.17863168878302196,0.07242865354949729,0.013130622244259225,0.12259433532961764,0.009354951360778348,-0.06780345436663157,-0.017714431622873825,-0.034946926781435024,0.10303645291378948,-0.03282590627387407,0.06181178273666884,0.05857676172826926,0.035549316340556324,0.14044274953769645,0.06017470932176518,0.06439446536987108,0.14365920098047458,0.047627357247934196,0.1040860374477124,0.05328017767977243,0.24278934321193285,0.46793890786915326,0.05601039242999818,-0.026393418626300742,0.2927804820121253,0.04162311308718461,0.0259697994778511,0.0,0.0645478847912895,0.21679682058344707,0.2017804519660234,0.3205647528126523,0.2506227779723206,0.35893133257165066,0.13274398504371976,0.1945456463245198,0.19675747329790802,-0.4223495411777044,0.048075763212923846,0.2516758774224487,0.15658255554636,-0.08826247483553282,0.10542018634682859,0.0,0.0,0.17303515801739858,-0.16924022228761212,0.13114130277848235,-0.05144182743980265,0.21627660100807047,0.16271294984130533,0.2889546114990209,0.10963528862859373,0.13839166279156317,-0.014832671937079385,0.19531170797849462,0.5391568242171397,0.21039973417629879
-0.13849094115269814,0.1624795017217138,-0.10493602312195172,0.029258990678128628,0.155935909226986,0.004114384856648584,0.13560112945315203,0.2523106511452873,7.87727374376157e-05,0.0,0.03358959850665534,-0.0843676266897217,-0.019966157694712702,0.22447095966796943,0.11997961752256942,0.03688581040973301,-0.06310902729122439,0.05125958089885657,-0.19536350383882287,-0.19277840117838585,0.26348597986923716,-0.038761909334890036,-0.15041559052748457,-0.1024667854397815,0.10658039366057633,-0.08301903851829619,-0.06757005318158481,0.01927082377145674,-0.08705877796089663,0.0013126841181838357,-0.05488128411979788,-0.08070896041266976,0.4993328795140192,0.21826430522213464,0.10678806862886403,0.2503401175894452,0.32389927131568014,0.27609712756450155,-0.03790050846727662,0.3027370798080734,-0.06570468859245751,-0.027556739765836516,-0.12962449260094236,-0.028137135338918248,0.1461346303538655,-0.14007457138092377,0.7134280452577935,0.17660989398405472,0.18331147653903407,0.2105957658702908,0.005101842993919192,-0.07602340550247724,0.25442519085301746,0.08066644282784265,0.3211323207700892,0.43765957723880894,0.14267186059273046,-0.3315792198812472,0.0,0.23823147943300202,0.3939838018124247,0.4277384959295318,0.4256782885460271,0.2087863638713963,0.20515928257985572,0.09647261192529225,0.2729832535917008,0.23952684222951398,0.08343478669514862,0.3545057963976057,0.1718269442712418,0.31222902943959235,-0.0738164149259102,0.09778304652814374,0.0,0.5143966668988539
-0.08198363945143769,0.08013092409989797,0.26283720319257575,0.04343465135365856,0.06842957721300794,0.10143399855231497,-0.09333190350004011,0.24681565965751773,0.12199201974930979,0.03358959850665534,0.0,0.18623282919305606,0.06317904728714616,0.10619209414172576,0.0,0.2159640319001724,0.08629941828322817,-0.03981880085440198,0.1280663538726015,0.19624150848813207,-0.05752189197922223,0.12269098053641049,0.18982013631856984,0.13454615795141267,0.13548022860336345,-0.060254820895862496,0.07044736443460946,0.02969268901447558,0.19253602827749133,0.06331650257961258,0.14029366632816753,0.2997391056895906,0.08311742783006702,0.20982414422226656,0.2519186565094823,0.47036171771950996,0.30820629231216135,0.23518746378929545,0.24588587570101023,0.572483505361618,0.17366780757964026,0.3832306681179102,0.19102190293492183,0.25784286070352075,-0.0290456261621316,0.0,0.0,0.16848192356239894,0.236197478956553,0.060005354554718005,0.2727251202800715,0.27111100965014945,0.21769364462625412,0.08047176985217155,0.28878578238551905,0.06185189275904315,0.823984325855743,0.15210034550395973,0.128974381949524,0.0,0.0,0.0,0.0,0.0770787136292676,-0.06830906731845378,0.0,0.9186137282072375,0.14350029486277693,0.0,0.0,0.37983431858714656,0.10066841293990693,0.12313063364873948,-0.18284877324368104,0.0,0.23433522128451112
-0.07946493583300807,0.0031506131883533833,-0.16673441141440348,0.1910176130290727,0.08396866948862065,0.13937914682194008,0.0535810497117848,0.03535302201354417,-0.011268199254047567,-0.0843676266897217,0.18623282919305606,0.0,-0.07328281278790219,0.21100910781962467,0.13148485674782917,0.29697053063976164,-0.02732541687251178,0.15928988943055283,-0.09281052395449453,0.06480043255940252,0.06449309112011345,0.08848460344838452,-0.10108394165645963,-0.014034625335880947,-0.01590054788165778,-0.08313034188813458,0.2165081062274356,-0.1251047865310673,-0.2661773612630052,-0.12132335388938177,0.0707217963563248,0.11411785652879998,0.5228410398047421,0.05686777493590359,0.1869845269433475,0.17264185439955468,0.06745818655809388,0.2196549374670038,0.12330028789957037,0.30354830558648205,-0.007691471113717527,0.06519548888094207,0.19524074359067747,-0.10939910532331185,-0.017773859918335255,-0.05873860006206055,0.33264422264826715,0.20447960763109022,0.20519341990644518,0.2524698574481583,2.0783006037819463e-05,-0.06415339519848959,0.16273908825605823,-0.030743751649221093,0.25455676063304483,0.007618732486373372,0.20614537711851472,-0.2022568543976069,0.21610821441394418,0.2383413160719557,0.37199920089895794,0.38679574695985863,0.4738421424436681,0.10587275200736261,0.3132329822736331,0.45097281564532726,0.11358389264767217,-0.1026744306213275,0.05525010200731466,0.3344033737869632,0.10933023345365925,-0.14047692722372004,-0.12243687092354869,0.1942778042020276,0.0,0.4122112192377696
-0.018282334654055973,-0.009390702151307339,-0.09526517506727591,-0.10752065231674696,0.1451404191334432,0.06099661275866782,-0.17094086909756165,0.1400510425273588,-0.025213140048348077,-0.019966157694712702,0.06317904728714616,-0.07328281278790219,0.0,0.19617766459898855,0.0743214940421516,-0.0546991504448375,-0.06467526477871086,0.09419979724583948,-0.10133352972162311,0.0004948202724467284,-0.10848611875206002,0.06782908377475635,-0.09183098914752466,-0.03253955586017702,0.06648311687894506,-0.04715450713906591,-0.08005536159289597,-0.023550893076490467,0.01568440340859969,-0.16759493108258294,0.07678192203427993,0.1617345380351869,0.23675593706075043,0.09321063612457167,0.1051602988328337,0.17835748033343019,-0.10959194662981525,0.11387384574327314,0.15845886544848936,0.2534301209434401,0.10494044030516098,0.03880741958825543,0.08221402634424006,-0.027162007021816773,-0.05729317946951125,0.07485253311331092,0.10566966018819493,0.190163862088664,0.0,0.5232895422998464,0.21670205985237873,0.19960714119698567,0.14069525649389783,0.2562901162696555,0.09941377747642122,0.04824414566587412,-0.15206332123017516,0.3330874484626752,0.11790091038721984,-0.24269237677632954,-0.08895774656981696,-0.07152532133274789,0.12111441448735825,0.34619392285122075,-0.25588964152547927,0.21814083534063092,-0.1918318613489464,0.13702913675231615,0.22203892401704647,0.08827728403185317,0.05421110170676379,0.03307214421718647,0.05809502839904801,0.0317256094068804,0.1526272710597894,0.1544686373490184
-0.03381986171763395,0.11039056568013286,0.2024267169700048,0.3219861288253831,0.29510642281017874,0.20353797350768307,0.20003944586880187,0.20897421678034106,0.13601428458371514,0.22447095966796943,0.10619209414172576,0.21100910781962467,0.19617766459898855,0.0,-0.10303448373498734,0.21633739881146052,0.2127709834015459,0.21549307863944886,0.05890383534308429,0.2565295365554629,0.21396609615864476,-0.03955223310861968,0.22819578232584858,0.17963111580386013,0.16817388527139268,-0.270914347136298,0.11458083357360278,0.4079812844508628,0.23900053406304061,-0.035914164766630105,0.22593974762715907,0.4949303052100009,0.03925786435143372,0.32531902363193416,0.13988749207704804,0.5568089326594284,0.5031250584301273,0.14061518013740773,0.3584679646926413,0.0,0.2753732021290983,0.2850598247321201,0.3733924462976981,0.8347352742359165,0.0,0.0,0.0,0.12164604850314231,0.0,0.6215699865945923,0.48757308565348684,0.4481259002064729,0.747618726634192,0.025649316564086054,0.0,0.1739639357447939,0.16981297619225671,0.2073635401240004,0.41199042657386653,0.0,0.0,0.0,0.0,0.18842092529613466,0.0,0.0,0.0,0.33918147372056273,0.0,0.0,0.0,0.2969448319106495,0.3561082092069547,0.0,0.0,0.0
-0.04826876551679988,-0.1425257785782134,0.17608370417699104,0.23647267723454063,0.2685852589670393,-0.21914428938156688,-0.18630595682243525,0.11669073745590693,0.19484921233321925,0.11997961752256942,0.0,0.13148485674782917,0.0743214940421516,-0.10303448373498734,0.0,-0.12612141082353842,-0.09170532778137341,-0.07912630831871624,0.0,-0.0196351838436483,0.015412623684445952,-0.01621817909552148,-0.1965192393123822,-0.0129618443063448,-0.0714647689992972,0.04490587502445735,-0.32047854073566145,-0.03486073244756352,-0.1708451778638292,0.06798927357803065,-0.18833951762637974,-0.1727504821983371,-0.07690519259502528,-0.13810670415182524,-0.12596408897530156,0.1313007953891369,-0.0773095558638958,0.16621640128290255,-0.14007529474813513,-0.17821756143480078,-0.1074113334491309,-0.2738669991984291,-0.09268727198894439,-0.4766785056947124,0.0,0.14097469602159582,-0.1472901012400214,-0.012606018449394123,0.0,0.0,-0.11564975830386424,0.2723476007860972,-0.0028925820263695223,0.19683671746000742,0.0,0.0,0.0848805352284561,0.10225592702949604,0.20931713694362192,0.15070070282049203,0.035307431831338894,0.2320425928303656,0.011587280996263237,0.0,0.13869630048739787,0.060337852583488415,0.09635049531561728,0.07227835912616357,0.20802626235071778,-0.04243155681090394,-0.05496657548602872,-0.05119237446765652,-0.07125427395124559,-0.004518287773898226,-0.06469762661626521,0.045101757160482724
0.13359662931022553,0.040129995456934624,-0.05358302054699063,0.13517792135458484,0.0543846067777731,0.1142216555211109,-0.07721427879288953,0.06859781006863529,0.10275603308796936,0.03688581040973301,0.2159640319001724,0.29697053063976164,-0.0546991504448375,0.21633739881146052,-0.12612141082353842,0.0,-0.11768192985707464,0.1513328596611948,0.23086281863252295,-0.049117710684320456,-0.02132440489275213,0.11194380302018543,-0.0865270536487379,0.38283511313404484,0.1347702156966317,-0.11564195243667133,-0.03219593528976339,-0.07047393065829886,0.029076735474536455,0.03510149148980819,-0.056477131852291126,-0.007919119704688348,0.0990674190333182,-0.0898119843982128,-0.1517695436669052,0.3852733696538995,-0.05047560182866995,0.3698201361294753,0.025741397902156987,0.1113788070643466,0.34622821327280384,0.19408192058675613,0.20838226551917796,0.0,0.0,-0.045016995512623684,0.18100806627036217,0.0,0.0,0.0,-0.14164006507086238,0.3256903696064677,0.3628189804698247,0.0,0.24247241295990293,0.0,0.03358772693378738,0.19119845442793398,0.0,-0.0034153054675504987,0.2270186759849586,0.4017988282242933,0.36661819117357464,0.0,0.07593146301813702,0.13236634294176483,0.0679216348532353,-0.10991745701431813,0.02001526672309379,0.2516258294152311,0.2102954911087433,0.05533940317255264,0.6216070944449876,0.3033891665776944,0.0,0.1609510518667881
0.2395581323484408,0.059840952433305276,0.08839920964904988,-0.01945297962230732,0.14261093273557854,0.19717982264728656,-0.14494225942807548,0.07512649828542815,-0.14646285365950645,-0.06310902729122439,0.08629941828322817,-0.02732541687251178,-0.06467526477871086,0.2127709834015459,-0.09170532778137341,-0.11768192985707464,0.0,0.15063522193296622,-0.11864560318098667,-0.2659814965260318,-0.13790910742036713,-0.2667510983396653,-0.2824641902209697,0.08405669432274343,0.1522477932193214,0.04900864673258003,0.27248384498917466,0.15759842364921775,-0.19569178606491608,-0.22918940558338297,-0.11795091846266466,-0.13217927479315697,0.21760677805346937,-0.22887029477872778,-0.21693561807194445,0.08410763190248277,0.15750212482854706,0.047912221247531445,0.22013598901338916,0.07168082608857564,0.39179473595598524,0.2285223341760534,0.0,0.0,0.2346270694239802,0.34288357034240213,0.36071023756251513,0.0,0.0,0.0,0.0,0.0,0.0,0.0,0.22835041924434843,0.0,0.15716638481621137,0.25662235322237903,0.0,0.2571526119616445,0.3296052902327974,0.3906812261583137,0.3211229125706177,0.0,0.0,0.0,0.5572024829250852,0.0,0.15449751356121944,0.45182870921589763,0.20813439200370845,0.0,-0.050469756414712574,0.20254381022016266,0.0,0.3009703305847484
0.20779237695707609,0.09443830432588671,0.2961736345952123,0.21109199969269365,-0.08222838516679556,0.17471911175752894,0.05816956377954465,0.1077761144822132,-0.039695725942034285,0.05125958089885657,-0.03981880085440198,0.15928988943055283,0.09419979724583948,0.21549307863944886,-0.07912630831871624,0.1513328596611948,0.15063522193296622,0.0,0.08229811346950866,-0.12399406222439563,0.20863471459132468,-0.059164941368864146,-0.05663893102329995,0.17615656672764035,0.2093065092847077,-0.010676280164386941,0.09788467810281555,-0.012192746749724623,0.036619366973691,0.05946071360859971,-0.1092356685407193,0.014799301771332887,0.27335697730506164,-0.10676121286787368,-0.07947807155023588,-0.081620404307192,0.17186157232300686,0.2500494592353503,0.13988433542232995,0.2143720942587165,0.3951441697322868,0.282745702539669,0.0,0.0,0.44948959323757126,0.21911835770612367,0.33994571926832057,0.0,0.0,0.0,-0.14013617345233884,0.20968404614839106,0.2550073560830841,0.0,0.19899039780047792,0.0,0.1250788319617419,0.26268760723317564,0.0,-0.016945179975225474,0.3358193034021233,0.2723545777199693,0.27935311001443186,0.0,0.08554603534737126,-0.04002602576047741,0.2732734160297264,0.5352991945812983,0.20597107418922717,0.3194988723266322,0.1813640227696437,-0.17430166303796074,-0.36835652906169686,-0.1560705957492089,0.0,0.280576112895397
0.0,0.23788744156712568,0.1949333280680395,0.05612380989950497,0.026315770125783046,0.09431991378490343,-0.24184366515622482,0.13221870983568398,0.17863168878302196,-0.19536350383882287,0.1280663538726015,-0.09281052395449453,-0.10133352972162311,0.05890383534308429,0.0,0.23086281863252295,-0.11864560318098667,0.08229811346950866,0.0,0.22469175509324776,0.28206281675483547,0.24812052591066058,0.14171210285999078,-0.08087658535022521,0.15557369006020882,0.15185836768628638,-0.0032768967658798297,-0.06742934620975875,0.18786184578055493,0.06295468146711139,0.043470214052168166,0.11331990741375689,0.045883698059709516,0.06524231990575652,0.11891269240609834,-0.021498221562780993,0.07688023059170032,0.03015825878244755,0.11982398878693624,0.19705040979356034,-0.03538259414774464,-0.11390069925305442,0.19984783765457642,-0.12770849933691147,-0.02676194741776611,0.0,0.0,0.1297509661232636,0.0,0.24465877093579994,0.2445398823600835,0.2579213941538703,0.09297935461391998,0.2667610577943538,0.2554104187120995,0.09494469765569982,-0.03641947921340556,0.08032404347845473,0.4668023601500457,0.0,0.0,0.0,0.0,0.29431998963446276,-0.4365528356611091,0.0,0.24246994710411118,0.16949565885801024,0.0,0.0,0.0,0.19719119985427253,0.10290778839796164,-0.005389146072261371,-0.4300403098952789,0.13337071220720234
0.1047821959215276,0.04119616163707263,0.02216848196144853,0.19696411825209822,0.07788727180257446,0.01606565734254073,-0.013284704540839597,-0.23938901307712415,0.07242865354949729,-0.19277840117838585,0.19624150848813207,0.06480043255940252,0.0004948202724467284,0.2565295365554629,-0.0196351838436483,-0.049117710684320456,-0.2659814965260318,-0.12399406222439563,0.22469175509324776,0.0,-0.030185339582453237,0.01375831511850583,-0.00595351642506025,0.12407335078688339,-0.02779318718976827,-0.15461709848910124,-0.0011950304109597,-0.03763427173948543,0.004187495641599558,-0.12115446726118745,-0.13512076380166263,-0.13368088140101023,-0.02655599761636293,-0.22772498156331544,-0.1913903184544329,0.026105525404603123,0.050021674754342424,0.4674084950517037,-0.24344826550825793,-0.30932829144800705,-0.007364287382048133,-0.24130647635651487,-0.06861362999674085,-0.08277812542414908,0.07089677146587688,0.028515763226902358,0.0025171376995755113,0.11729518592844408,0.0,0.0,-0.1983980036790471,-0.019264286969877552,-0.09448602061722577,-0.003268085518775693,0.3463589133741516,0.0,0.09318321736486668,-0.10023205031521701,0.0,-0.04953562561744776,0.013988044186226858,0.21033649923700773,0.09311272246990984,0.0,-0.0989691241747946,-0.03316320092296157,-0.07449359231992375,-0.12448502604378964,0.0,-0.014931730578905324,-0.022868388523845845,-0.15902880105579068,-0.14270269896299723,-0.10911745128744313,-0.1542648774571995,-0.003690441786092454
-0.05321829221260319,0.13763263581688148,-0.03256866583342522,0.22688514190156442,0.5546154002304192,-0.05439710696513729,-0.002259116950963959,0.30064454257378026,0.013130622244259225,0.26348597986923716,-0.05752189197922223,0.06449309112011345,-0.10848611875206002,0.21396609615864476,0.015412623684445952,-0.02132440489275213,-0.13790910742036713,0.20863471459132468,0.28206281675483547,-0.030185339582453237,0.0,0.19203871714846663,-0.0671115437329036,-0.07609342941018064,0.06626451030339582,-0.07220318415227908,-0.09505244974702812,-0.07506843563700862,-0.032088890943599034,0.050499559083176174,-0.10703949199213754,0.0059022307602930105,0.3248591230687152,-0.0034385771694239314,0.2875679843786515,0.2736087305679425,-0.05763231440882527,-0.09666508378937352,0.03480039645440075,0.2073647236312819,0.17062767674471527,-0.027469141933238975,0.08740063539632235,0.0,0.0,-0.17080820667564042,-0.027809705332385234,0.09606013545746106,0.0,0.0,0.01411036547112926,0.015025335253351188,0.3550636158540216,0.2896258441151525,0.05249324399864684,0.0,0.10710523679061607,0.11527871191080469,0.0,0.030116299916830666,0.06686610313991644,0.0,0.4545314964464823,0.0,-0.07453050456835483,0.2576129723596765,0.09011635556463811,0.06381700688505329,0.27756923068116385,-0.018173521918865794,-0.04302001813809652,-0.036559359839010604,-0.02769996779234931,0.08631241206516307,0.03783855098352937,0.07343501866863932
0.07886080066733044,0.1899882910520097,0.1775644820828737,-0.03264375651330742,0.06291192301927206,0.04187689372828735,0.0451976067583843,-0.11519089609189087,0.12259433532961764,-0.038761909334890036,0.12269098053641049,0.08848460344838452,0.06782908377475635,-0.03955223310861968,-0.01621817909552148,0.11194380302018543,-0.2667510983396653,-0.059164941368864146,0.24812052591066058,0.01375831511850583,0.19203871714846663,0.0,-0.018836955792777433,0.4830072911022731,0.11216705569388827,0.09735304417596963,-0.1128633023401576,0.07066852438506095,0.09971588388248293,0.05711810646476074,-0.14755106465620133,-0.10970395955339542,0.014416681214798954,-0.14939145243342394,-0.12489913987549837,-0.031183851098229708,0.001828774494914963,0.38493525746421847,-0.2474984424161555,-0.17703464564496324,0.22601162273276332,-0.21578003562193926,-0.18289851882200342,-0.12827827636244984,0.16304568562479016,-0.2752911930355361,0.2639785018102524,0.010975193349305395,0.20640936730408133,0.19686197896534122,-0.010200636328397315,-0.01511089060539357,0.14489899404271017,0.019191591660527793,0.012560722711453563,0.0,0.28609208304212974,0.08182951002835342,0.0,-0.00512245625811255,0.20231767202314632,-0.03248603165238147,0.1542163829964609,0.0,-0.09914573869364468,0.07704837872536924,0.05665744629195547,-0.04762555660176605,-0.021800298787964644,0.004068243337476962,0.06610621795063576,-0.07674843231140797,-0.22717371035414138,0.0453822420624135,0.33308177720745785,-0.005042914127205866
-0.09330455489291688,-0.11182873530140525,0.0308914076547899,0.13311470638777273,-0.023659857856131596,-0.0503344351903216,-0.10517752859963819,0.023866447557049558,0.009354951360778348,-0.15041559052748457,0.18982013631856984,-0.10108394165645963,-0.09183098914752466,0.22819578232584858,-0.1965192393123822,-0.0865270536487379,-0.2824641902209697,-0.05663893102329995,0.14171210285999078,-0.00595351642506025,-0.0671115437329036,-0.018836955792777433,0.0,-0.12702479544744202,-0.1223687730246728,-0.23072237855195277,-0.1326587840023237,-0.12986214130177806,-0.1075062238783212,-0.1279367978573315,-0.1716298775140931,-0.0988989776877397,-0.17457818068269676,-0.15468374531137555,-0.1680726199642092,0.12444297947893812,-0.028700487114886424,-0.17627555819159657,-0.0015901517147382388,-0.14871122036722467,0.07362415805358069,-0.25341918473931524,-0.07353604163559435,-0.06258791764461423,0.5197454758061109,-0.09989737906290706,-0.06390039219755568,0.22583226627787906,0.05309916754200744,0.1656288502039151,0.036370842087496344,0.19632549191949714,0.15934019741587638,0.17384591805101574,0.3607356292905861,0.14207277891341438,0.23834700209592924,0.08921300181652404,0.030439428025319654,-0.08700570388473444,-0.02511342315439746,0.20515928257985594,0.41713715898226367,0.20429989545675037,-0.14669578676466977,0.21334587458517965,-0.23937226271102133,0.1678827039032624,0.14307084008896265,-0.08297816845542826,-0.07740368247973342,-0.017377391149476673,0.0018329501876859777,-0.038282047275167354,0.06069241757403988,0.022668659239869944
-0.0375729521251152,0.10593134149160115,0.028168641396226768,-0.035121618068051065,0.1679545862709847,0.10223140730640928,0.10355101839432214,-0.15495838431449752,-0.06780345436663157,-0.1024667854397815,0.13454615795141267,-0.014034625335880947,-0.03253955586017702,0.17963111580386013,-0.0129618443063448,0.38283511313404484,0.08405669432274343,0.17615656672764035,-0.08087658535022521,0.12407335078688339,-0.07609342941018064,0.4830072911022731,-0.12702479544744202,0.0,0.2549102441180696,0.00427367111982408,0.0022785993783130537,-0.2694417113157563,0.08691655309105902,-0.06813612875943387,0.15420940106111602,-0.047599327654870315,0.24871631984171455,-0.2356507834059667,-0.29788327920373825,0.6582224875949839,-0.13643934358747822,-0.0864632232792926,0.026525470248114316,0.03330691731897824,-0.26581786878798835,0.16793918605527158,0.38638670808646136,-0.16612778731409994,-0.25716487792512077,0.12936249320926652,0.18273491993026633,0.0,0.0,0.216785284587914,0.1891654674039624,0.1788345192701389,0.0,0.11579214069813198,0.05536806201363448,0.21037210338338075,0.046088174399062584,0.16599850610776246,0.0,0.1691584882972857,0.21014183509480222,0.3220203385872251,0.24855564019013257,0.19844823360875338,0.15388352083829454,-0.18830128857378858,-0.20133210476269017,0.26193218993382705,-0.07789985282569588,0.21737326431728682,0.017141697776903553,0.11058979244627765,-0.049488529124468786,0.22712460565351708,0.0,0.08474618258100207
0.16154239077862548,0.09975920466516845,0.04215785751386415,0.35495973016465016,0.07460820817099126,0.040466446045462984,0.05285377795466525,-0.024843021716533492,-0.017714431622873825,0.10658039366057633,0.13548022860336345,-0.01590054788165778,0.06648311687894506,0.16817388527139268,-0.0714647689992972,0.1347702156966317,0.1522477932193214,0.2093065092847077,0.15557369006020882,-0.02779318718976827,0.06626451030339582,0.11216705569388827,-0.1223687730246728,0.2549102441180696,0.0,-0.07045686076777652,-0.0683585462702527,0.017303459470198623,-0.037588676213165646,-0.0471460202660372,0.04521185552378188,-0.06817517651253505,0.2954944046064763,0.0945233916571412,0.08310962235820606,-0.016146059734674527,0.25734285555523734,0.30790698853646,0.27171724129313213,0.2576088315656287,0.4119831348842465,0.39213163083495245,0.1532235134381221,0.0,0.1690889417932574,0.12241244686183048,0.3266688687644057,0.0,0.0,0.0,-0.08435277220654966,0.16331384005652555,0.14704325201695317,0.19413605872379888,0.30204638224977043,0.20393042918900786,0.20146278634976908,0.15949687361378345,0.0,0.1660763758569579,0.344876854749111,0.40447265866604387,0.3975939619527202,0.0,0.21141773654363677,0.33165493027970505,0.2942938267898524,0.04678958987651409,0.23634779735665334,0.3763855271610436,0.20004776947033978,-0.19277164148526568,0.10247898758559974,-0.09336362466900225,0.0,0.2661853669228913
-0.012346357319619972,-0.052342603454035755,-0.06732916152447424,0.05263079495264548,0.01312756933998228,-0.15167211554630122,-0.03630471011642846,-0.03752415581679596,-0.034946926781435024,-0.08301903851829619,-0.060254820895862496,-0.08313034188813458,-0.04715450713906591,-0.270914347136298,0.04490587502445735,-0.11564195243667133,0.04900864673258003,-0.010676280164386941,0.15185836768628638,-0.15461709848910124,-0.07220318415227908,0.09735304417596963,-0.23072237855195277,0.00427367111982408,-0.07045686076777652,0.0,-0.21560690846864727,-0.02421151797000956,-0.02323776226139495,-0.2695451245848938,-0.08403996921248345,-0.15866827032243758,0.12927116768316352,-0.04913067147924566,-0.08403684341070876,0.005578889354265376,-0.08217054113181503,0.37980685261551506,-0.13397331896766865,0.17649519479840578,0.27648799212984565,-0.1913107651895967,0.018974537930048475,0.22648148375594765,0.23258480766463194,-0.14672222886169245,0.052774106701080147,0.21343018993126095,0.0,-0.020346972058608512,-0.17027838871990175,-0.009268019661481837,0.0024035088778834868,0.4211728501278827,0.17998807176280274,0.0,0.10188524786136258,0.043700438631361485,0.0,0.05330162988699103,0.1211534920465392,0.3000303815592869,0.20742882661533357,0.0,0.0015319819102926693,0.0021622268877190993,0.17208305055804368,-0.004858615289938049,0.11601895521101721,0.1915815152864761,-0.08739802898518059,-0.14716229872259443,0.015346303520881732,-0.2998823935246006,0.20166504946509192,0.003412492986769225
0.034575053663708735,-0.14161551866724348,-0.0884687103012601,0.03384114665953756,0.01657042295107067,-0.05001979757489953,-0.10181111960551006,-0.1029153520625565,0.10303645291378948,-0.06757005318158481,0.07044736443460946,0.2165081062274356,-0.08005536159289597,0.11458083357360278,-0.32047854073566145,-0.03219593528976339,0.27248384498917466,0.09788467810281555,-0.0032768967658798297,-0.0011950304109597,-0.09505244974702812,-0.1128633023401576,-0.1326587840023237,0.0022785993783130537,-0.0683585462702527,-0.21560690846864727,0.0,-0.08623744657200347,-0.19160907875685534,-0.002449399974835908,-0.24144020866892768,-0.18648750341403175,-0.22340848991338877,-0.2541959341660948,-0.26766195633891965,-0.09980202967823568,0.002200551469323783,-0.17541059709195936,-0.00036536142311464903,-0.24166615576579067,-0.08756406072124173,-0.19328635377731668,-0.13578620386690476,0.09692219353605007,-0.02342945811302724,-0.00300839078280905,-0.08910306497651502,0.13954445401258833,0.03862274398886445,0.2299644505700269,0.06773699783931325,0.11738617701514784,0.003781957132787943,0.10440917833255435,0.3570143807966274,0.08690916146090227,-0.2992136194545178,0.043326204626422456,0.3454861845066283,-0.17697437278670272,-0.0359738143549018,0.0,-0.22206402471563952,0.23657890872075604,-0.19485038164178084,-0.03719973042571709,-0.28173416317734806,0.005423111150663122,0.0,0.02216019052439562,-0.17798906483827703,-0.07164249568790655,-0.03401701550539419,-0.1297307665138379,-0.14127104900805598,-0.051934523021458685
-0.060898388281368177,-0.05674499771156578,-0.049075765373108336,0.09757722295377523,0.27163975276027497,0.025375180398389048,-0.044387977921200625,0.006288228406963452,-0.03282590627387407,0.01927082377145674,0.02969268901447558,-0.1251047865310673,-0.023550893076490467,0.4079812844508628,-0.03486073244756352,-0.07047393065829886,0.15759842364921775,-0.012192746749724623,-0.06742934620975875,-0.03763427173948543,-0.07506843563700862,0.07066852438506095,-0.12986214130177806,-0.2694417113157563,0.017303459470198623,-0.02421151797000956,-0.08623744657200347,0.0,-0.04241883372189325,0.06614144730666041,0.14963994385068188,0.13706055582421678,0.1403000421518052,0.1031118699353091,0.27965478221864426,0.22091836412378674,0.1016320634467347,0.0033591293702785498,-0.20738839811474866,-0.06428563486135107,-0.10086413355255425,-0.03222408114563253,-0.25903164302664583,-0.09477692285960669,-0.13576058871420613,0.19981497359021577,-0.03630929745300547,0.16784834342926694,0.0,0.10506240687418075,0.036775826619289624,0.13699526847163343,0.039017100253882726,0.15441692578554506,-0.580749804173561,0.0356932699611537,-0.113538645518256,-0.296063103617207,0.18411941735696066,-0.19648202118239771,0.17960754704381787,0.15181737858211086,0.19906234827895652,0.2030531376109694,-0.31607890769763886,0.09446546523975273,-0.4809114082580512,0.05111561586211258,0.12759857073166564,-0.025315127968021343,0.004270694614986671,-0.050218535306851296,-0.3692847905662183,-0.09151255911382905,-0.07738346033623317,-0.017964689336131087
