0.0,0.024689038445205123,0.07392878657596191,0.0,0.24941986930615515,0.19215313664947148,0.07773789322081992,-0.030749355714062777,0.0905208033217322,-0.08457201206340625,0.042707368748080524,-0.10396301208036682,0.32978996703163105,-0.13645410600646388,-0.08917367984040363,0.3024932576115715,0.040880212483317635,0.0326292692555758,0.0,0.11279461273870191,-0.002746510330626912,0.47300190215923493,0.06911449258540067,-0.09927447818941666,-0.04801646980082593,0.26234820759370225,0.11802341974454804,0.12964744079374257,0.19700338024681652,0.07112879484341554,0.22297010092661596,0.22647378057420792,0.046897135656636814,0.12194399335147249,0.12333197034016903,0.05643965798543032,0.222156080801578,0.025901161637566075,0.21354670181406865,0.5903571150068001,0.38617773050316295,0.16743248871111194,0.21196969679215166,0.0,-0.06155827214579651,0.18895771695011893,0.18686386966281804,0.0,0.0,0.0,0.12955554709376876,0.0,0.21408054177718963,0.0,-0.10343562412163002,0.0,0.022431120820284534,0.32561427976367957,0.0,0.4487171074928084,0.33688166910986844,0.06129188744083133,0.36333745427006675,0.0,-0.0007016094321148497,0.5848355024946216,0.3467163204543033,0.22503232569344103,0.10638408334655867,0.260089407039478,0.10269061202997412,0.05489027293812596,0.18330668153258495,-0.040103964649786966,0.0,0.10456141321642426
0.024689038445205123,0.0,0.14351032300715907,0.15027153254540912,0.09575460329681179,0.016560034522398386,0.14446179273639492,0.0779316667058836,-0.054433771806936586,0.07419676857511173,0.07399914470110396,0.06391444969854189,0.13452432524565702,0.11391085746310364,0.48610027060619154,0.38221878648626006,0.6530077986756526,0.30205277722564444,0.2336543664245948,0.26148281285362557,0.21590278189747097,0.2237643039596522,0.23940343119778756,0.1304751169520723,0.074977981053588,0.010817742516451775,0.19024616255751275,0.19050807485435964,0.24656949940872924,0.19021959977401082,0.045984955769688626,0.16145018407029185,0.17556695619956317,0.07327855429298508,0.008126580827745549,0.03138221699539771,-0.00012346348386218023,0.0,0.2997714424810996,0.30464657607541545,0.275715010977614,0.15275894285237857,0.21206089644706572,0.0,0.0,0.23655971799538078,0.32713565929109917,-0.026060619435941807,0.0,0.0,0.3104576298244193,0.12435930410675486,-0.21323238965204241,0.8312865940538378,0.45410747922965367,0.0,0.23196410048410743,0.27372402314444216,0.0,0.5679950708248939,0.22225690760315456,0.47378809841779235,0.4224594257118963,0.0,0.30760768761375296,0.6315230408046881,0.444530035940562,0.1942317975437013,-0.02701793997982708,0.3066080597602302,0.1948974027494154,0.26892022167267626,0.48569801002382273,0.412445006337086,0.0,0.24918655999636874
0.07392878657596191,0.14351032300715907,0.0,-0.0652227396584934,-0.022925551900350394,-0.2518849577451109,-0.03684019597998265,-0.03309840352221721,0.03514245206576906,-0.10069014629773804,-0.042106464590848824,-0.1141355822967035,0.06554058953780151,-0.09972309487948873,0.16459705571174155,-0.03729811517002683,0.08236816828741636,0.06840650850490432,-0.1297283057096696,0.04974071987785946,0.11362631934865333,0.03188114694844578,-0.17749931718985393,-0.016183645595241138,0.034462844671472176,0.0691877320378056,-0.1245714129309444,0.04624599962310797,0.004975568197980389,-0.004681127580073184,3.7377026160453908e-06,-0.03967873331040666,-0.07473359143164282,0.02092549128007591,-0.02671671532178234,0.040032446580404106,0.003963575019198799,0.11246291806815281,-0.16669722526780656,0.2055453000726177,0.13492381992684527,0.2172113189828441,-0.07870941734588191,0.27891136157670937,0.0,0.0,0.14450603124475436,0.0072654019288608184,0.1832802639283667,0.17959611208486476,0.2102621426971615,-0.07191810257773006,0.12619812649454493,-0.0757894577074519,0.18567707369182532,-0.11182935327004842,-0.03016849543499451,-0.12270735802658964,0.03618645381033019,0.15200233975566185,0.0,0.0,0.0,-0.21502782239548657,0.2910970871987413,0.1803760309376069,0.102584753483344,0.09961593491861848,0.0,0.243636651735389,-0.0341510630657845,0.11025538052295114,-0.11723827532131095,0.3411678793871229,0.24417261257347164,0.05540896217952488
0.0,0.15027153254540912,-0.0652227396584934,0.0,0.10868328455381314,0.157154663936247,-0.02103720402169066,0.11163758461674181,0.09370429117138313,0.09567308458698466,0.15863251294110825,0.07718239945671938,-0.0888593327988573,0.2588792554360649,0.059213259158428344,0.13257106727015683,0.19373009317852916,0.21018727546419513,0.1255521986330939,0.6663569291061227,0.22244393031001253,0.7155283074580939,0.010377297718899732,-0.03421799675303868,0.35485981689484986,0.19629544729321555,0.3128457380084126,0.1376797753749106,0.8680503347785405,0.3527969764522494,0.5659657877643014,0.6988862964691,-0.12598649219777358,0.16722155779991338,0.44388484395173144,0.2821236192798643,0.24315018220349283,-0.019148535078775487,-0.0012274996042145048,0.18805484691504054,0.287349128964465,0.005273864927811596,0.7215521868724323,-0.09257502540416654,0.0,0.0,0.0,0.16409878316005647,0.0,0.0,0.2501599646318503,0.0,0.23585192969831925,0.14285367034427557,0.0,0.14110728241780657,-0.13646078609047482,0.19370511262107895,0.0,0.0,0.0,0.0,0.0,0.0,0.0,0.0,0.20280990210776642,-0.03823393083343675,0.0,0.0,0.0,-0.040837809174250665,0.20066313973142352,0.2630551030947911,0.0,0.0
0.24941986930615515,0.09575460329681179,-0.022925551900350394,0.10868328455381314,0.0,0.01960963294750388,0.034862270473122306,0.0008180066238656636,-0.0696889397696261,0.0006659913131172868,-0.15668177098587563,-0.22608049528725602,0.07564415630831106,0.20713520385473028,0.2565698511765126,0.4439312681550826,0.1367592517623234,0.3478833264097519,-0.10430062235466313,0.03089746832733508,0.25462097817822826,0.0032051905237902474,0.009508162312750923,-0.13968171962169706,0.15495504281109598,0.44176603807395176,0.1328086213993976,0.28717295702928025,0.14279982409114558,0.10381374793627866,0.05858196666714223,-0.013627075525330518,-0.0752331180229855,-0.06226428853028562,-0.21858551625096403,0.22636674509423435,0.2456458738161347,-0.0940235284377346,0.13859031016612336,0.24174197174154846,0.12887372225208632,0.469598677368598,0.13237813115950708,0.1359265563083131,0.15339343748093062,0.0,0.05846962185062215,0.15441182133329537,0.0,0.16778528679523214,0.29900536507160475,-0.1275848269781238,0.09504094088978807,0.08623525869487525,0.0,-0.06482282247887447,0.0654081879367758,-0.0816616988323754,-0.06982065725941805,0.052776899325010215,0.19569851278497674,0.0,0.0,-0.13545028540387039,0.2675618869394697,0.21900458963366726,0.26160493252702255,0.0983680026083686,0.0,0.2053462478477107,0.4777108115438995,0.1740610391524738,-0.04785985560268504,-0.023003168874141208,0.0,-0.013247357450716063
0.19215313664947148,0.016560034522398386,-0.2518849577451109,0.157154663936247,0.01960963294750388,0.0,0.018323917641540552,0.3917902578353385,0.07751874905273112,0.0901467670692809,0.02665394251904488,-0.021838571855432615,-0.08277954985741555,0.22764466879596748,0.3868940680685338,0.2843266569226962,0.1514561938504719,0.4396303320928424,-0.13973553255750587,0.04235519361143181,0.2753607493012775,0.07031142896081438,0.09726312804269087,-0.12077597928066443,0.16063268942106546,0.31668146627539445,0.022454910888980217,-0.03441368176363064,0.27176557352780795,0.1524013511997707,0.1958118334124322,0.08518136759829575,0.1670366579447853,0.21072675764560325,0.2041073509737635,0.12691121873738975,0.05659803785149743,-0.18423773550919154,-0.1424181143494035,0.2520245170348149,0.2077822154732572,-0.18401495708410184,0.5350801141881938,0.1291438462388732,-0.06815233610025027,0.2526144274859657,0.13378186722742683,0.23518017340960373,0.21765007603441036,0.12566577271524798,0.36559193986831506,0.15649195660714582,0.26059549221421396,0.22352100131305358,0.16824578673365054,0.28170005665005476,0.1941051249825741,0.1330882817720338,0.3531370639476687,0.22364836915382794,0.054585836380197594,0.0,0.22134430337066976,-0.09928624404222018,0.13785424316248146,0.10801821706110362,0.06788518934659508,0.2467380434622257,0.22091692854616357,0.01867956628594903,0.3036032175879442,0.2833201480678282,0.08012054608660182,0.3648617836399423,0.161137826047155,0.09602225851481991
0.07773789322081992,0.14446179273639492,-0.03684019597998265,-0.02103720402169066,0.034862270473122306,0.018323917641540552,0.0,0.13036692481311749,-0.005640045061941039,-0.13526245638190001,-0.1261372864401546,-0.09850734174686603,-0.20390790056927205,0.027288355885430646,0.18075370789619055,0.38422835390125337,0.16466421385120317,0.378770470104232,-0.05055167153053146,0.23580928139435486,0.0694571279845211,0.24913345459734682,0.13586719875737052,-0.10188071131059015,0.26287262549714074,0.30356219259170186,0.12560610141551426,0.3852132646306717,0.23548739394861773,0.09968348237293825,0.027323994596618564,0.046172852927122005,-0.05158368386713392,0.06684229362691733,-0.17663571758423727,-0.03775155435520397,-0.0518050535370239,0.027261624393442416,0.2531617987440881,0.548329978672359,0.5342058133169459,0.7114269830871272,0.08278898076593416,0.34117733960035546,-0.07191942965182072,0.0,0.5066484994082401,0.07861118096865058,0.0,0.03960750640234618,0.19883343039118964,-0.060075642185910966,-0.0021993475112192656,0.13038064201317565,0.1734171983552341,-0.02872623217944243,-0.32181702730864176,0.024250838073821335,-0.17838872176725762,0.1919162326636758,0.3392181489885461,0.0,0.21356591413871986,-0.07109124595412473,0.01646663235707162,0.2687407274730069,0.29254362017625635,0.09136751770720279,0.20414691725390194,0.4362717503427397,0.3320906145680788,0.16228118002042652,0.13552110633971506,0.20498235420228028,0.285625526070604,-0.05426611104955437
-0.030749355714062777,0.0779316667058836,-0.03309840352221721,0.11163758461674181,0.0008180066238656636,0.3917902578353385,0.13036692481311749,0.0,-0.08078451426390346,0.09235395105399072,-0.18001052266190143,0.08979458336165597,0.0951692652262183,-0.110304542383378,0.17483108455839805,0.2744894444012727,0.09303817116474501,0.11768924144252375,-0.2850344043255135,0.15377752198457784,0.004301278357786973,-0.11803505552508496,0.23185400534344355,-0.07949800116838743,0.06651028750824606,0.1325179959790072,0.22468724921673053,0.06936207014781519,0.18112073019310096,0.09455716061599428,0.06779599448534228,0.06514564016175066,-0.25645516381977,0.038406369822251145,0.12277670845097557,-0.07047059956436622,0.1459487605538236,0.28078161232487064,-0.04000821232385017,0.10250430941330699,-0.12571892786559352,0.007528067281509315,0.19453230347924472,0.11559445039734832,0.0,0.17072537809516194,0.06039131349757493,0.039349184831777816,0.0,0.3466126072140273,0.18251290104565634,-0.10825913360612127,0.02080270774921905,-0.011889236381148319,0.2894761596100114,0.040437977571367224,0.42206317085868644,-0.026059273943510465,-0.05908246160007673,0.26191108105825145,0.2589694216001035,0.0,0.24764537808616655,-0.04515266251268741,0.18484020371608806,0.2522643679843433,0.18098888174065292,0.04395101092141595,0.0,-0.0341117606221325,0.08220833993838095,0.13181155149189006,0.061003312508526586,0.42258355709562956,0.1697367448229325,-0.21087467183994868
0.0905208033217322,-0.054433771806936586,0.03514245206576906,0.09370429117138313,-0.0696889397696261,0.07751874905273112,-0.005640045061941039,-0.08078451426390346,0.0,-0.059665457942242775,-0.04896338487245427,-0.11213418411816646,0.1533227086895202,-0.09459351609153163,0.3952133606282,0.4735925753171345,-0.08868443380031565,0.3864612689631156,0.004118851093949275,-0.14515307396669636,0.06499191011724603,-0.12783821739683804,0.04980452711685573,-0.09799571290802676,0.44907049847459934,0.25881438850567107,0.14821300723045064,0.08372802307981761,0.03740088535482662,0.2629130863602165,0.02183964848481197,0.04147994736599695,-0.10749571512244666,-0.017862778511649954,0.07369857511791598,0.11140262494216938,-0.04679470655160417,-0.18319729132135804,0.02969333147019862,0.16533383399093157,0.3355767529898024,-0.21422990944916795,-0.0435660512932567,0.12830980468548486,0.04403015581824349,0.0,0.15369187247077634,-0.2390655622249611,0.20270913171283578,-0.1289194109105692,0.19606522569074386,-0.041485813480109185,0.059157507667848414,0.01105212974091551,0.11990949608175389,-0.11797059382906078,-0.16226044100782522,-0.15965513312074958,-0.030333715339784864,0.49067938899136143,0.09957944679225711,0.0,0.0,-0.47406736929523935,0.07623465992584798,0.28789445539570535,-0.1407877476567293,0.09220336796625309,0.7672089817114895,0.281472463745423,0.2727969670823236,0.11795674763161733,0.024056289339601925,0.2897407067961984,0.35227182354529685,0.03960397742710016
-0.08457201206340625,0.07419676857511173,-0.10069014629773804,0.09567308458698466,0.0006659913131172868,0.0901467670692809,-0.13526245638190001,0.09235395105399072,-0.059665457942242775,0.0,-0.11620368607868872,0.07504141219701796,0.013385020925065511,0.3098711580185882,0.3506049534119455,0.27355317813172986,0.11813546473000636,0.16285405851819104,-0.11715300680504705,0.07837655535110277,0.23796655053671262,0.6811180952211842,0.019483302388355418,-0.1458249442315686,0.25981729350114724,0.16622031285079292,0.046398475211501373,-0.05277824021584322,0.24490633175116355,-0.026222943861208305,-0.09594503576299361,-0.15496892722941205,0.0866272832840698,0.1307131723744115,-0.09941896020818444,-0.19313864547930876,-0.07777037536303119,0.1025133562437698,-0.1691413478153908,0.019119606928426916,-0.23534185516301404,-0.11600340120855755,-0.2410955058268402,-0.22524040161969477,0.19172966835175248,0.05116200829621935,0.3060313153017533,0.17759384400802625,0.18350296748243417,0.20951441031385315,0.07985525670280427,0.19177441076638152,0.2515915198921933,0.10139912799787809,-0.04339643871700581,-0.11191385595445369,-0.0177035484207105,0.2506656073954616,0.0,0.2388078349603459,0.2872162166171689,0.07254569295156015,0.12814288250263534,0.2082306632956987,0.20496518579126932,0.02413615200899866,0.2728073260972027,0.0406946622718623,-0.05337111281412428,0.21396586119023508,0.07685763840733009,0.2706436465908466,0.27108989625078034,0.19115663818043938,0.0,0.12036294872600763
0.042707368748080524,0.07399914470110396,-0.042106464590848824,0.15863251294110825,-0.15668177098587563,0.02665394251904488,-0.1261372864401546,-0.18001052266190143,-0.04896338487245427,-0.11620368607868872,0.0,-0.2505627190859059,-0.09599336322240153,-0.07950009699040247,0.0,0.2163931007786783,-0.1927634581967899,-0.027202850680844076,-0.12927684548394502,0.19598296902104892,-0.07204902198728655,0.12018507867849686,-0.21952450323942382,-0.3716949250592404,0.024178506970344626,-0.16480795238680607,-0.053444068198542416,-0.15934236228927084,0.09049190519075961,0.06145710868004341,-0.19169118656545858,-0.039734469125424374,-0.3211908525648436,-0.21220886379384896,-0.12737932546015032,0.49364798673623755,-0.07017374107720745,-0.16759064917381983,-0.08225193098924179,0.0884854244665707,0.05315092178050863,-0.029753961401353883,0.07205219690336004,0.15414830715592176,-0.061144872796231424,0.0,0.0,-0.005730815911838327,0.23615240888211528,-0.008015494011417927,0.19508018238988645,0.07561365025771336,-0.11819368436411501,0.06283519087952627,0.025104017919533504,-0.08982916958912804,0.07484696009235042,-0.2004068928630845,0.19161810545582397,0.0,0.0,0.0,0.0,-0.12106302268289065,0.1755426410640067,0.0,0.20397940587684374,-0.0765318773873723,0.0,0.0,0.3824859123597945,0.11272208119170671,-0.0059803788775198916,0.0043773875495019526,0.0,-0.07919665804117279
-0.10396301208036682,0.06391444969854189,-0.1141355822967035,0.07718239945671938,-0.22608049528725602,-0.021838571855432615,-0.09850734174686603,0.08979458336165597,-0.11213418411816646,0.07504141219701796,-0.2505627190859059,0.0,0.037713117074009095,0.12401555492251208,-0.10541281169561942,0.17596649234129058,0.18379533175046225,0.4123335645907845,-0.2692261943060842,0.20785733029353196,0.03901150770970137,0.2690512304921475,0.09466044304774283,-0.17311099924475432,0.2944028779201103,0.22752994849193559,0.0772795629435333,0.24401258622257843,0.017079964550446795,-0.2389180523380497,0.0693710416743506,-0.10622026497003076,0.19415064551350142,0.19271390451429404,0.08779462157722835,-0.09591804718475797,-0.22706199855971967,0.04672100442669534,-0.047162762613591785,0.06645519594773341,-0.18388757966092883,-0.24488232458462014,0.09128048642076665,-0.12892409492285928,0.27791326070671285,-0.040311335455453304,0.22343702448607047,0.19829187915437044,0.20324905644411057,0.2532326540301942,0.03835219886758199,-0.011108738141250515,0.16081603928295368,-0.08177454742137721,-0.08296010158581824,-0.0033391678376757904,-0.036249948098318996,0.2510733174928084,0.21599097102991185,0.23682504938290408,0.30812345005510094,0.042984513522525664,0.13842569722504477,0.09878073884157383,0.3099231901902144,0.3182703880507628,0.11063955334688046,0.1878291699808517,-0.0029900639277901314,0.24553273076003393,0.0470674149678208,0.03246507241234136,0.33229666074280334,0.1961587879218057,0.0,0.055991569886800596
0.32978996703163105,0.13452432524565702,0.06554058953780151,-0.0888593327988573,0.07564415630831106,-0.08277954985741555,-0.20390790056927205,0.0951692652262183,0.1533227086895202,0.013385020925065511,-0.09599336322240153,0.037713117074009095,0.0,0.004308074525808905,0.03981222046421684,0.3436584926480666,0.1189700845849808,0.1776764232951963,0.038810293389744226,0.20298766501836762,0.3755689766195901,0.22724707845150655,0.16907319106379454,0.07245174006296676,0.3013446392856371,0.24147657729367566,0.1754028183412844,0.18612034959833731,0.1933347694213042,0.21001471103498248,0.11839056186775031,0.09509764775097548,0.029270038097184762,0.0627930948025128,-0.12262312965595643,-0.03464682709262304,-0.06460808943698029,0.03495304731931176,-0.012477955106238878,0.6370595315196373,0.4546644773721941,-0.03163292075547931,0.14507320836228021,0.011219997504812503,-0.006896286132901851,0.07305611055998214,0.5363619798212668,0.09692568951390072,0.0,0.12719106140417696,0.19015543847149477,-0.009461208269730181,0.05054337629122668,0.12108444214007177,0.04752184929886362,-0.0063679284386828836,-0.27919471620949143,0.1533689023092877,0.3688837499690135,0.13147322795880045,0.39672494000866093,0.2900120466332356,0.16519751171211353,-0.16674954157918745,0.13997964970399696,0.15531238874563683,0.07588107577747435,0.08457603669733267,0.07077533788812232,0.35721086309516836,0.45262614065349593,0.1496668179614432,0.12530716246702908,0.20899311970792703,0.14731272325385067,0.035492967802456046
-0.13645410600646388,0.11391085746310364,-0.09972309487948873,0.2588792554360649,0.20713520385473028,0.22764466879596748,0.027288355885430646,-0.110304542383378,-0.09459351609153163,0.3098711580185882,-0.07950009699040247,0.12401555492251208,0.004308074525808905,0.0,0.04488607309104169,0.21610321233973662,0.21150927618279344,0.21619498127306114,-0.09950722640367717,0.251651063415988,-0.087623695685671,-0.00455703739289901,0.04126038599785803,0.07618371358736795,0.04934601864969319,-0.11160461705977642,0.04916439015983629,0.4944061808196581,0.26813591213801263,0.331541048955326,-0.09470173419115761,0.16283640383847145,0.04977931108539965,0.24537954111902832,-0.012511413998101302,0.2989243935330518,0.2105316280699065,0.044589908085502936,0.16450556441843095,0.0,0.27528161693840764,0.24476544270778083,0.19089936807154922,0.1832870845150561,0.0,0.0,0.0,-0.018205040179953252,0.0,0.1608431142302875,0.09900193813501205,0.24969864210561177,0.06290877347821466,0.029205134338683214,0.0,0.057256099628906126,0.1686908863483615,0.21324700415389325,-0.1848463279745314,0.0,0.0,0.0,0.0,0.12078823605470754,0.0,0.0,0.0,0.16867185952125435,0.0,0.0,0.0,0.17717044474273688,0.03432617990752606,0.0,0.0,0.0
-0.08917367984040363,0.48610027060619154,0.16459705571174155,0.059213259158428344,0.2565698511765126,0.3868940680685338,0.18075370789619055,0.17483108455839805,0.3952133606282,0.3506049534119455,0.0,-0.10541281169561942,0.03981222046421684,0.04488607309104169,0.0,0.4160686702717805,0.34895504207046524,0.24216198396913993,0.0,0.0607610352993975,0.20157580490439136,0.2149772628101088,0.17640462900411233,0.025413340488229824,0.11600153529987868,-0.0789208214049159,0.1679996055044113,0.3743118050949388,0.32092516390842035,0.06421830466732711,0.35991458444684604,0.35926188596360387,0.5453610971664788,0.4591985419047652,0.46688787124087666,0.566007450381006,0.07399619936365605,0.1662933539016228,0.2337180931040986,0.5702242003242834,0.5086508048068966,0.4413343249973558,0.3231366034122721,0.3436475046121313,0.0,0.28860714881106186,0.4266747033737499,0.042689137913001204,0.0,0.0,0.30542894286221517,0.14232895052866468,-0.0676515703940656,0.8520098628220502,0.0,0.0,0.08485848641118046,0.2617673532606534,0.20922890921462386,0.470326304868678,0.42450658133135616,0.23346590881207324,0.25644101933006946,0.0,0.21411208354250114,0.5867419363534567,0.4655823280351053,0.23807426664804726,0.2071063781146949,0.3703453533944169,0.5273358476389037,0.16409861251575827,0.10115156990331202,0.1554484068360061,0.024572600584159027,0.37104825155751864
0.3024932576115715,0.38221878648626006,-0.03729811517002683,0.13257106727015683,0.4439312681550826,0.2843266569226962,0.38422835390125337,0.2744894444012727,0.4735925753171345,0.27355317813172986,0.2163931007786783,0.17596649234129058,0.3436584926480666,0.21610321233973662,0.4160686702717805,0.0,0.27739034743807517,0.3512870423529461,0.2308697178635173,0.12452020447071896,0.23424839367658193,0.27257900470748775,0.35276299753142926,0.4071838536095232,0.27458691294808835,0.34627262865728275,0.3368850339438563,0.2122879161599069,0.17013936920869657,0.24601513272409464,0.31559945695328717,0.30389445933874315,0.22512966295656212,0.22431071050640355,0.2478094240897712,0.33378860661878423,0.012656996105872592,0.3679309019720814,0.3868048490914461,0.3400162674855173,0.2831339953604346,-0.04256409753082178,0.20798316435021663,0.0,0.0,0.41173509896974536,0.39703356706551174,0.0,0.0,0.0,0.44739673651616363,0.2542225577816253,0.35365073538571407,0.0,0.3773720170352867,0.0,0.5645743022061603,0.062070708870732696,0.0,0.399846494995741,0.30547713049698194,0.3651845410602009,0.5350131659856292,0.0,0.2600346537143208,0.5477422391112394,0.37668807488513933,0.38748128218220185,0.03215312000380758,0.43382811334923504,0.19719824506553807,0.47368050706144177,0.19356755433686967,0.3467669850543584,0.0,0.2886030094692056
0.040880212483317635,0.6530077986756526,0.08236816828741636,0.19373009317852916,0.1367592517623234,0.1514561938504719,0.16466421385120317,0.09303817116474501,-0.08868443380031565,0.11813546473000636,-0.1927634581967899,0.18379533175046225,0.1189700845849808,0.21150927618279344,0.34895504207046524,0.27739034743807517,0.0,0.07035656152500695,0.08229791196651672,0.09396906888887806,0.27236057113671425,0.31738770869611577,-0.3986740807615451,0.14501795299299636,0.07381079210695903,0.21472350331294943,-0.03668814048195759,0.27765509337489386,0.16896376065148902,0.05523806939659064,-0.09342706195116048,0.20185621528045264,0.30072737175607295,0.12252970888273682,-0.15840686216977656,0.181781477316544,0.15691150955338973,0.0010531663106287704,0.09393274888951658,0.06819163958831626,0.37311241272163165,0.4405034306678086,0.0,0.0,0.43199197909377546,-0.15534344314274268,0.5113114141810766,0.0,0.0,0.0,0.0,0.0,0.0,0.0,0.05373171355422089,0.0,-0.010716773875733887,0.2490036003391338,0.0,0.25492767909067326,0.2513697261446558,0.1582609958141828,0.15381911867292497,0.0,0.0,0.0,0.29262988056657907,0.0,0.10010366191001283,0.33464087165306694,0.21596198123638088,0.0,-0.05274893022833807,0.203231990694871,0.0,0.3176844749475264
0.0326292692555758,0.30205277722564444,0.06840650850490432,0.21018727546419513,0.3478833264097519,0.4396303320928424,0.378770470104232,0.11768924144252375,0.3864612689631156,0.16285405851819104,-0.027202850680844076,0.4123335645907845,0.1776764232951963,0.21619498127306114,0.24216198396913993,0.3512870423529461,0.07035656152500695,0.0,0.08744588452237106,0.10625007219867522,0.1005821325787239,0.30004360294625776,0.23853171919989893,0.16702807566164188,0.15685806694405457,0.23784277248048183,0.25071610864828714,0.1045114392338479,0.16354577047485352,0.04964486263050932,0.18092634009465974,0.14498515245388968,0.3293023463227011,0.19597706833413453,0.04169254999511446,-0.08059762827836245,0.17209716971335148,0.23064236909876923,0.23659128056895085,0.39989111792217097,0.3401428575430261,0.24258971692720346,0.0,0.0,0.08120358143291687,-0.14413147619934244,0.41011333404071654,0.0,0.0,0.0,0.788195407199652,0.21187340188006357,0.25536345016162565,0.0,0.3355901940957568,0.0,0.13966228884940002,0.46690604504809524,0.0,-0.030429908865752572,0.33063483008280575,0.28813335327453893,0.323166598753039,0.0,-0.060124219556654465,0.2570051043693554,0.3865391721018022,0.2777849747524375,-0.1301777582442424,0.3049421379651902,0.24478800474774134,0.4121717229046683,0.6191816009096485,0.3297345610449742,0.0,0.28666881472503564
0.0,0.2336543664245948,-0.1297283057096696,0.1255521986330939,-0.10430062235466313,-0.13973553255750587,-0.05055167153053146,-0.2850344043255135,0.004118851093949275,-0.11715300680504705,-0.12927684548394502,-0.2692261943060842,0.038810293389744226,-0.09950722640367717,0.0,0.2308697178635173,0.08229791196651672,0.08744588452237106,0.0,0.22492486413399412,0.2724680457991885,0.24440779980423272,-0.18158166736268322,-0.18576666873375078,0.055971492131967365,-0.005706009458411376,-0.08796756479399558,-0.02750548873604173,0.21508498321886677,0.10130408069150593,-0.10480315559690374,-0.033035524199347854,-0.21062470007442044,-0.13547070025681215,-0.048379581521713774,0.2679237659914457,-0.03972836017678077,-0.10448603081512459,-0.24032393048297035,0.1964519619271589,0.02000436456979794,0.22777553715973714,-0.05216434522856654,0.2071561829237818,-0.027614754353865425,0.0,0.0,-0.3737059929479066,0.0,-0.03822512946222682,0.0192774462590984,-0.20516247085876893,-0.0882202855270599,-0.4180108677141007,0.25593826955741084,-0.3528337014457148,-0.04305675129464215,-0.1996654287103209,-0.11981873618190682,0.0,0.0,0.0,0.0,-0.4753566089997115,0.23626314238490004,0.0,-0.43550899362052464,-0.00503287910506265,0.0,0.0,0.0,0.01909909646720552,-0.23259293779234397,-0.06078465586744359,0.23602279581275665,0.09820728099142136
0.11279461273870191,0.26148281285362557,0.04974071987785946,0.6663569291061227,0.03089746832733508,0.04235519361143181,0.23580928139435486,0.15377752198457784,-0.14515307396669636,0.07837655535110277,0.19598296902104892,0.20785733029353196,0.20298766501836762,0.251651063415988,0.0607610352993975,0.12452020447071896,0.09396906888887806,0.10625007219867522,0.22492486413399412,0.0,-0.07475990722759299,0.08669776181097329,-0.13130597475669822,0.08529068204801926,0.38805087070885924,0.3199790889067396,0.09744284502680636,0.21988102003089008,0.026466092553405283,0.3282034696369652,0.12171867490101282,0.10073941516261084,0.12493564856950964,0.1728001059412149,0.24051171226622056,0.3216622159030199,0.2957461566874905,0.4571522728360271,0.19655686200330538,0.13476902796093934,-0.1329224733849654,-0.17212520071643897,0.28727159303667504,-0.017330014698755947,0.13342157666400004,0.046042176356808434,0.4862330601691178,0.2346706558893279,0.0,0.0,0.24303739054529697,0.2587831339013583,0.05064202911192448,0.11312741529123498,0.3466057563193557,0.0,0.09202729052766423,0.10562580724972398,0.0,0.18746011554120817,0.3139499542282391,0.2095423852705958,0.009437422084258747,0.0,0.07559256615769554,0.12711036170760476,0.20632195204423598,0.12133014915088758,0.0,0.4613544579856825,0.41176337784132183,0.12492533474526482,0.09957042061078306,0.14829422538076098,0.08089005799798321,0.14409842712271717
-0.002746510330626912,0.21590278189747097,0.11362631934865333,0.22244393031001253,0.25462097817822826,0.2753607493012775,0.0694571279845211,0.004301278357786973,0.06499191011724603,0.23796655053671262,-0.07204902198728655,0.03901150770970137,0.3755689766195901,-0.087623695685671,0.20157580490439136,0.23424839367658193,0.27236057113671425,0.1005821325787239,0.2724680457991885,-0.07475990722759299,0.0,0.1946685263662497,0.08779031392123969,-0.093737855797354,-0.028349835209631073,0.25828345891337107,0.050236770444069614,0.19782946550117766,-0.021465730217664493,0.1297652856068658,0.09987529993527802,0.16822246816324996,0.37922202682118866,0.275941310109345,0.3222014008909987,-0.020866454147052058,0.22270410426581772,0.13211475710926726,-0.028910097534015355,0.7222035449251011,0.07981665657947444,0.1987810041751486,0.2819641107858218,0.0,0.0,0.20600334279895208,0.22316992414678832,0.17652822902469004,0.0,0.0,0.3008806848343013,0.08523181407603614,0.16058625587291425,0.1941698073144968,0.08804781411198612,0.0,0.2782690059200392,-0.016560225074393704,0.0,0.3906303993598367,0.29508919357853075,0.0,0.12069611489993524,0.0,0.20801099707233758,0.38512299733041955,0.3364517634494198,0.13940719380028666,0.27772755546575756,0.20954562279115552,0.40499745822553457,0.0969592410054625,0.06623786927781347,0.15958399329091513,0.21055276748746407,-0.039357969939450774
0.47300190215923493,0.2237643039596522,0.03188114694844578,0.7155283074580939,0.0032051905237902474,0.07031142896081438,0.24913345459734682,-0.11803505552508496,-0.12783821739683804,0.6811180952211842,0.12018507867849686,0.2690512304921475,0.22724707845150655,-0.00455703739289901,0.2149772628101088,0.27257900470748775,0.31738770869611577,0.30004360294625776,0.24440779980423272,0.08669776181097329,0.1946685263662497,0.0,0.39394406480659416,0.0033058851149913478,0.48195810493880126,0.4738635908399531,0.25237425659248086,0.3495891218646211,0.1283293108550657,0.21784346350512315,0.27234106141008163,0.34521017480148486,0.38189349361615865,0.3808903179418905,0.4445161922394084,0.4120193940568947,0.4482441505136061,0.30628874732749206,0.31162290350822996,0.28206228989770626,0.11224883183635995,-0.13648480271592422,-0.055939942065493124,0.5326834168275874,0.16476639978518107,0.594511144775735,0.5109766329554861,0.3011036740743307,0.20655331666563115,0.19681808698218864,0.40731770209742024,0.5070736155490159,-0.04812104598378061,0.6206361078407814,0.009269816169986737,0.0,0.2093755839739415,0.3131887533733872,0.0,0.46095378532120623,0.3916944551833735,0.4732405404583801,0.5284001409511002,0.0,0.45665431813460455,0.5979999093904914,0.4611860239323419,0.25434339579603393,0.2640186319105696,0.5596949913350611,0.4326304813020141,0.30024423489736957,0.21667681314209122,0.33641911400859625,0.11316530966891758,0.278785195794932
0.06911449258540067,0.23940343119778756,-0.17749931718985393,0.010377297718899732,0.009508162312750923,0.09726312804269087,0.13586719875737052,0.23185400534344355,0.04980452711685573,0.019483302388355418,-0.21952450323942382,0.09466044304774283,0.16907319106379454,0.04126038599785803,0.17640462900411233,0.35276299753142926,-0.3986740807615451,0.23853171919989893,-0.18158166736268322,-0.13130597475669822,0.08779031392123969,0.39394406480659416,0.0,0.01625879026811943,0.20619030182607503,0.24434515468634266,0.07704215653138892,0.1617198320235976,0.2040624732248982,0.227934118983692,0.17580593091767732,0.11305304670237835,0.17826910924156145,0.18976337476208205,0.1462663615002581,0.25289302731867747,0.0917512905562341,0.37745493895073934,0.07129880132312544,0.2313620863212112,0.15751480429620107,0.1492884472510389,0.16090926550748322,0.07007113561928455,0.008587876149694054,0.06450213357336738,0.36169531319897585,0.18409549743297665,0.0005330219062615466,0.10412573710290014,0.2876609603447468,0.09492831503327709,0.09294160643761476,0.13481227797842762,0.07529624681491921,0.19490105606321462,0.23215915390975753,0.0716700044581236,-0.014787243960003776,0.11576495019791122,0.4045946763802962,0.20496518579126724,0.022014223689431484,0.15489131765686368,0.08687686638196579,0.031128205245793107,0.21037795313606877,0.17447925378380008,0.14446447732456558,0.3331087363554014,0.4153231565331372,0.20433811545412886,0.07317057589945483,0.29975965354460204,0.09854675524634733,0.04671748219089688
-0.09927447818941666,0.1304751169520723,-0.016183645595241138,-0.03421799675303868,-0.13968171962169706,-0.12077597928066443,-0.10188071131059015,-0.07949800116838743,-0.09799571290802676,-0.1458249442315686,-0.3716949250592404,-0.17311099924475432,0.07245174006296676,0.07618371358736795,0.025413340488229824,0.4071838536095232,0.14501795299299636,0.16702807566164188,-0.18576666873375078,0.08529068204801926,-0.093737855797354,0.0033058851149913478,0.01625879026811943,0.0,0.23841276167873682,0.04553070980807255,0.0890638101969852,0.13472722241889057,0.24172726507287753,0.42178625115498336,0.06510763898748223,-0.1306223268271556,0.20272881736771006,0.018915238926996696,-0.09385298383410623,-0.18695952678346905,-0.09152577898466978,0.1691112218676174,-0.2036971227038843,0.0603799906458671,-0.09503184134264002,0.05865870226828926,0.12264480753429956,0.21779090910992718,0.24078423021029294,-0.36729474738363965,0.18979365992038932,0.0,0.0,0.2145572453148346,0.1878817950538369,0.17619684082416712,0.0,0.12006375324738283,0.009194479944213796,0.2121562114397904,-0.14597149068579796,0.07694111903933464,0.0,0.16654326428442887,0.15453611799604455,0.041553723480006896,0.02309631206785563,0.20056241873628078,0.15293960414145044,0.04734254097535398,-0.02504078765823457,0.2602610285631327,-0.12267566656259282,0.19122543603875206,0.035649239463944396,0.11401306740973313,0.015200102990855245,0.21998576594534824,0.0,0.23974567441912983
-0.04801646980082593,0.074977981053588,0.034462844671472176,0.35485981689484986,0.15495504281109598,0.16063268942106546,0.26287262549714074,0.06651028750824606,0.44907049847459934,0.25981729350114724,0.024178506970344626,0.2944028779201103,0.3013446392856371,0.04934601864969319,0.11600153529987868,0.27458691294808835,0.07381079210695903,0.15685806694405457,0.055971492131967365,0.38805087070885924,-0.028349835209631073,0.48195810493880126,0.20619030182607503,0.23841276167873682,0.0,0.08343570609810491,0.5266853552913549,0.24371560576499374,0.40483386748991823,-0.004897318058427325,0.24850970983949783,0.11815995145231029,0.3115614479133344,0.23595514617566363,0.27738482244911034,0.038043390600541946,0.25583922484079274,0.2536969247739969,0.3381745078756886,0.3816145896799103,0.277608721161687,0.20442653920032627,0.15649246467245861,0.0,0.5006949977726842,-0.14798472977123933,0.3973129414238008,0.0,0.0,0.0,0.46605876443619565,0.25306729732074035,0.07509434414158941,0.19388047475539272,0.31147294025521555,0.20212925816416508,0.22880066069577767,0.12365836578036332,0.0,0.07789935121210395,0.2911439352267395,0.24171115113303482,0.3063496183729668,0.0,0.15559761785112153,0.0460726781218093,0.4369469287215086,0.08968623228931519,-0.0633912712830037,0.28930180678712025,0.14098964519293908,0.326129590047512,0.21169215405680022,0.2552287723227015,0.0,0.20596255704241845
0.26234820759370225,0.010817742516451775,0.0691877320378056,0.19629544729321555,0.44176603807395176,0.31668146627539445,0.30356219259170186,0.1325179959790072,0.25881438850567107,0.16622031285079292,-0.16480795238680607,0.22752994849193559,0.24147657729367566,-0.11160461705977642,-0.0789208214049159,0.34627262865728275,0.21472350331294943,0.23784277248048183,-0.005706009458411376,0.3199790889067396,0.25828345891337107,0.4738635908399531,0.24434515468634266,0.04553070980807255,0.08343570609810491,0.0,0.40893395194427284,0.2567169727027681,0.3877793997563232,0.04008790644627163,0.22509154648230667,0.3880698359269572,0.2786026663443546,0.307860078853022,0.5075022771983165,-0.1816889037457616,0.10663892345805354,0.22036089666377331,0.22213684434176523,0.6310040855195138,0.4106387507038005,0.42176669790683374,-0.17526971924301984,0.22529026480464434,0.3130073488556354,0.053079803437748006,0.39708048063716,0.3401952824114589,0.0,-0.02115609153957267,0.47706458730404555,0.32285943999948813,0.04630732491570841,0.44214149542303427,0.10082470275350525,0.0,0.11434049249188195,0.3281335166044042,0.0,0.6066721193127234,0.35410889171956655,0.17712355040346356,0.258538451645987,0.0,0.4970298152409965,0.6745893150676742,0.5094137298262083,0.39370033908061597,-0.030156063615215778,0.2747550860617895,0.20104536947352222,0.30942956364549334,0.5247256821620995,0.4427669230886199,0.20031573398114297,0.3008582299228592
0.11802341974454804,0.19024616255751275,-0.1245714129309444,0.3128457380084126,0.1328086213993976,0.022454910888980217,0.12560610141551426,0.22468724921673053,0.14821300723045064,0.046398475211501373,-0.053444068198542416,0.0772795629435333,0.1754028183412844,0.04916439015983629,0.1679996055044113,0.3368850339438563,-0.03668814048195759,0.25071610864828714,-0.08796756479399558,0.09744284502680636,0.050236770444069614,0.25237425659248086,0.07704215653138892,0.0890638101969852,0.5266853552913549,0.40893395194427284,0.0,0.1754322547044115,0.18434441539269988,0.12876638837138302,0.1281985605934432,0.038582373978278045,-0.0011960489856410834,0.16818839776146755,0.1499925779309933,0.08184900332630157,0.11125086697680447,-0.1280955969619867,0.11928055009120664,0.1258773627943565,0.11720906586221012,0.1619385077676191,0.3590337435353703,0.15764496735555628,-0.027649610558656442,0.33546014613198527,0.3522994392471001,0.030473946208806574,0.16414879879179714,0.12065050038387318,0.3093617295637123,0.09489081185529288,0.11784310176963979,0.11895967936347579,0.30638495564506246,0.12662721547271316,0.12469905138490328,0.12301405855912484,0.237922625933144,0.188852061008693,0.39071246417839856,0.0,0.046715898885544775,-0.23355597735584202,0.05510658082476725,0.08358476187755674,0.21713884835875474,0.17303627399080299,0.0,0.7653982197594464,0.27694770983778244,0.22012301413978477,0.10424278940074255,0.2169028626103732,0.04422319866745709,0.10526945765932304
0.12964744079374257,0.19050807485435964,0.04624599962310797,0.1376797753749106,0.28717295702928025,-0.03441368176363064,0.3852132646306717,0.06936207014781519,0.08372802307981761,-0.05277824021584322,-0.15934236228927084,0.24401258622257843,0.18612034959833731,0.4944061808196581,0.3743118050949388,0.2122879161599069,0.27765509337489386,0.1045114392338479,-0.02750548873604173,0.21988102003089008,0.19782946550117766,0.3495891218646211,0.1617198320235976,0.13472722241889057,0.24371560576499374,0.2567169727027681,0.1754322547044115,0.0,0.20654442376588827,0.10936167240487446,0.1345880667711721,0.19984874932243304,0.3924410295322284,0.17511190176665106,0.22051587332989478,0.2716776076666689,0.2173548910059381,0.2510394091519955,0.0045746735114852305,0.5135319779427809,0.5553383326034289,0.0022373528973464443,0.28808083526958217,0.1692231966397412,0.21732155332235278,0.1451788100331103,0.3557868703823498,0.046004092677688534,0.0,-0.04842065636810987,0.21480873319294094,0.14957399334495608,0.08451718286877188,0.0264569559217933,0.33438660484221006,-0.11411902923032036,-0.0033462791829938256,0.1636068525422939,0.1805104258078411,0.1944157175371758,0.4356438181294289,0.15113584212068007,0.07211678787966955,0.3151052703511681,0.1683327562716481,0.1662101501199863,0.1310227411610728,0.13749630151222864,-0.014571188377998213,0.27526215012620586,0.17502845829779196,0.20269404311636052,0.14414587499741205,0.25482502554245573,0.2461648206713068,0.15961558306999205
