0.0,0.020148104302124097,-0.05233115832482807,0.0,0.2513554641260255,-0.17808462884180992,-0.15130263488481233,0.016234102383733514,0.01275150369822892,0.15802758624170624,0.04238567839244061,-0.002084059867498024,-0.17677225484458134,0.08866532389426048,0.09102784731482105,-0.020971356040722,0.4595322311048631,0.12620393437354271,0.0,0.3294721120693301,-0.062270235711792105,0.08530230524296356,0.002075796623684501,0.07758662168815296,0.06155077710243294,0.11435019406842963,-0.0028906274057581404,-0.13168681451227107,0.27859230515656813,0.3039645530477005,-0.05634769551549958,0.03890360298094153,0.12774762815330673,0.06027319092838716,0.15447164979721506,0.5082813596333222,0.22250193842918198,0.14889616765803346,0.21520850350826556,0.26553147859679477,0.08520322534068295,0.01262929268994736,0.2123292251794873,0.0,0.28889423392834507,-0.0016103491502547362,0.10702177433880077,0.0,0.0,0.0,0.21507022326785136,0.0,0.16818131273668832,0.0,0.023908732811937002,0.0,0.12233811123479825,0.36483095718756964,0.0,0.22941590883703541,0.21838892969685575,0.12360759971715748,0.03135687749038928,0.0,0.00021044986102368782,-0.061064596224906925,0.10375254351847127,0.07057882980051303,-0.25709403771624234,0.20372690685674683,0.1173526897745024,0.10025904789406462,0.18301414362690718,0.19479192901354186,0.0,0.08720354675677194
0.020148104302124097,0.0,0.11005424491462762,0.5215118416772612,-0.0016848710164604,0.029345217949160347,-0.06261831855396724,0.25734152878826533,0.03110753738882914,0.012190034801352792,0.07575826334827479,0.007167121552204303,-0.04149560785432531,0.3911190160384465,0.08662121216841188,-0.03501614625622413,-0.3429865628016051,-0.16466465231556532,0.23486877585970506,0.11333459183252366,-0.17033309401667013,0.2790297418957268,0.0802423313728761,0.41050067107871235,-0.03217204817064234,0.07634090480191781,0.06408993487371925,0.028225632771809353,-0.0824149530790585,0.16781954201645372,-0.053593041068827646,0.07384400568034936,-0.12440407647337184,-0.12291169140279957,0.0478363431137584,0.4377857278608603,-0.0010264410408898986,0.0,5.669001623234693e-05,-0.09534724064568972,0.05591396366401712,0.00559225844440444,0.21225947069028317,0.0,0.0,-0.1512538778522664,0.022145316825916965,-0.026116558049355976,0.0,0.0,-0.05515198739954546,0.014109977153626135,0.18027768270443645,0.24272454179194694,0.051590045001888074,0.0,0.4466434875008837,-0.1072167280490994,0.0,-0.1694732632866403,0.009367555478046831,-0.4077693687746774,0.09364488005354554,0.0,-0.08075769568397054,-0.15938029005544269,0.11625256553687191,-0.06205692584468688,0.11238728878503329,0.0027039294995812244,-0.04726218063241902,-0.07947215110479913,-0.24757428895532083,-0.09916331316218485,0.0,-0.031413545369002205
-0.05233115832482807,0.11005424491462762,0.0,0.11154293091049532,0.17782799227703444,0.292276542297377,0.24835921871683203,0.12775242247195825,-0.05396169871142702,0.23653594975272432,0.18505860102274016,0.47263521649666973,0.2527509949220556,0.14934749272343992,0.16789240782076187,-0.03000857094609093,0.19546533096845137,0.3424441691789536,0.0755789967357981,0.1113029873183071,-0.026604130800753665,-0.010606742954498077,0.017917010173741806,0.09557584894663006,-0.019336552926493764,-0.09529634462738783,-0.10012798861083136,0.20590191967906923,-0.06835809723416708,0.02318057633312924,0.18062570447924228,0.20394329828121727,0.41775404619839657,0.17928905824096084,0.09712254623448166,0.2602548153215307,0.2016833916199318,0.234187193462093,0.2286246068414177,0.20537716752492122,0.33825345067114776,0.15794178337229506,0.2575873045064178,0.7151673708430821,0.0,0.0,0.14445363704427625,-0.1404375376564783,0.8359058558733587,0.18443121741398988,0.25004591590576675,0.11470785952432146,0.2591581386229241,-0.18128841853539568,0.18519549630032295,0.1897422088923898,0.649475179099584,0.31856037888912053,0.09439881825091473,0.15209215884814412,0.0,0.0,0.0,-0.05096703225007364,0.6391356291274468,0.17954639766161498,0.10268037991862311,0.036019063692189546,0.0,0.2438034658821242,0.14602538826983985,0.2231435947893374,0.28948471839969336,0.08975629705534433,0.24462588104719418,0.3823625020791917
0.0,0.5215118416772612,0.11154293091049532,0.0,-0.015866528807395745,0.10879895854082561,0.17975540804582768,0.3040307276173717,0.17857313847314513,0.08708955960070702,0.06703371708482837,0.19171281328104725,0.109398906528501,0.19470536758720058,0.2255736364009676,0.1333189347655057,0.1286193276602168,0.2104468265665762,0.027649456874566984,-0.03655079944548772,0.22371804696258676,0.2822483964376364,0.21924629933259931,0.08313862184280946,0.3548884795082014,0.2688242820177246,0.2279544467562346,0.07337576594566561,-0.04651183385946145,0.234189134747289,0.01735907944083146,0.16528837132598706,0.22098705989608963,0.3182223473254495,0.21468093348707668,0.29633035902144317,0.3019784409615791,-0.08147076978716329,0.11899044356982329,0.18781012481003892,0.6624702789741522,0.3990391940243942,0.23412267124930566,-0.020425694380446485,0.0,0.0,0.0,0.16354988800953077,0.0,0.0,0.25183075741722866,0.0,0.23584820689410624,0.14362701936534558,0.0,0.6864293316599747,0.16269108002651658,0.19364503393041538,0.0,0.0,0.0,0.0,0.0,0.0,0.0,0.0,0.20256226935540664,0.3284316208303806,0.0,0.0,0.0,0.08395973635265053,0.20057163959793026,0.9636060670581307,0.0,0.0
0.2513554641260255,-0.0016848710164604,0.17782799227703444,-0.015866528807395745,0.0,0.09832674326930696,0.12509958646991867,0.16710070918857534,0.06789226725499449,0.33714447543653125,0.06775375137951059,0.15946293197766892,0.37660959060367283,0.1009965834978899,0.26069574367940745,0.06243898704695616,0.13130372132168397,-0.006121232902124938,0.0728226843697521,0.0772744619632493,0.5713900172636481,0.04820416349945572,0.19982094983807,0.2878763250192115,-0.06382167978861036,0.1768837421811022,0.2402916976398905,0.1979583370484919,0.075382837232267,0.11166139843135525,0.24776600596387782,-0.012474462092782024,0.05722181963629824,0.2617456502005395,0.11662641752461819,0.0436013365421358,-0.16928362452821755,0.3280247921462086,0.3826927898706918,0.041593440818064945,0.5803448999200276,0.37342949683013815,0.3763227090838249,0.133460782063772,0.15306967989269735,0.0,0.22212680575453725,0.34493183595134874,0.0,0.3467468280379517,0.3383914021419819,0.3977741080406314,0.27172994504325887,0.2779085186550405,0.0,0.3654436432537626,-0.10713408529534381,0.4890698414344664,0.39454370065792704,-0.22366978513642213,0.1957310935383901,0.0,0.0,0.21326858464978798,0.13889701088768724,0.21912301596159192,-0.5073389658014005,0.24895651725559376,0.0,0.20512741684703723,0.18037177791938733,0.2793468551072611,0.4234761361375229,0.3130404480855835,0.0,0.30120727833630656
-0.17808462884180992,0.029345217949160347,0.292276542297377,0.10879895854082561,0.09832674326930696,0.0,0.03701788407087821,0.00023806691297957594,0.07615444990502235,-0.06067798767961751,0.17907466049722845,0.3020024861705737,0.0748089481875444,0.1837095178716465,0.016148605571900718,0.08070940739692332,-0.257198882096342,-0.1583565955707696,0.2496595769643694,0.020063042394097806,0.1021398731594688,0.08468789317660488,-0.01799223800634575,0.27895511207465007,0.0006324127090789524,0.11092713415571427,0.047697472472991415,0.017391209110881517,0.11313492269463456,-0.052823795501878205,-0.01275116352117417,0.06626973861063279,0.09546988446151829,-0.04677535967603241,0.03457421159152655,0.16509224548707596,0.00758732719425164,0.05630751786302352,-0.15387654739275064,-0.12376976857485593,0.004230647512940604,-0.21130673512311518,0.38794428870454506,0.17700966624574066,0.07919563706311536,-0.22620298144776302,-0.06595690193643633,0.0508060347294229,0.30814966539222294,0.23116987138540082,0.08729440608411052,0.1338109630073296,0.037797626708883286,0.047287686162777884,0.36641325999289964,0.24116686287986572,-0.15636691938453026,0.21430480903481186,0.09943532935923474,0.07347752647321049,-0.07700648496180196,0.0,-0.21094149175742066,-0.006521891076466224,0.052576576392335504,-0.2330956101006507,0.08584566604574365,0.07647760334930889,0.2207116625873942,-0.11338481378904354,-0.029943017184014674,0.10748730406607894,0.14771792319166244,0.13793388645171478,0.014856374286822089,0.29271058826663776
-0.15130263488481233,-0.06261831855396724,0.24835921871683203,0.17975540804582768,0.12509958646991867,0.03701788407087821,0.0,0.39860495806175184,0.3275261675585786,0.22330787361274645,0.25079439964122047,0.1387073259346003,0.07520599305222203,0.13075688743933217,0.16219438405208342,0.1350380811343087,-0.045168803537888796,-0.03254557900490196,0.2719305635440388,0.09479731715129017,0.00830084791188259,0.11663067388557315,0.3008367438726296,0.15454512169105736,-0.03368481377126137,-0.017913530623123695,0.21824138475482763,0.31996908920995515,0.10984988806108256,-0.049704190737414645,0.06827170770633165,0.12396642428829065,0.11429948563928295,0.16695493241454165,0.1080003402931476,0.16295679701817722,0.3695037728946046,0.40736258722384716,-0.00661194991556523,0.18383883896594622,0.11575555670399228,0.03208402565559098,0.5124759034064265,0.3096680355481632,0.11354841722591508,0.0,-0.2659181527889002,0.18607788020134997,0.0,0.29846704080759234,0.2334893147781988,0.050932885389712884,0.290380053271563,0.21151058627888522,0.19976335276488147,0.3802570995302385,0.5890917325827554,0.19031931788895928,0.4139323750674298,-0.11120991466480655,-0.36881082466658943,0.0,0.21313824528044475,0.1463998168829098,0.161668833316855,0.2699005941144239,0.17685678090511395,0.23907362078211802,0.20395598231931267,-0.20208229296370855,-0.23204536649060278,0.25907330601606315,0.1457812958776974,0.21700983170110855,0.3981363729829237,0.49646005692721235
0.016234102383733514,0.25734152878826533,0.12775242247195825,0.3040307276173717,0.16710070918857534,0.00023806691297957594,0.39860495806175184,0.0,0.19193963337766368,0.25180344730522053,-0.05488428178670221,0.2414279970278633,0.43952688853169924,0.1979731673866471,0.07420967001133344,0.006736232596987725,0.23599987793959992,-0.03361070612847769,0.023718099776017437,0.16246783474378493,0.09492835191065054,0.1544818162795724,0.2659028555704564,0.1609932999754703,0.019948454439434,0.14894740858766273,0.09872688709742172,0.1966519173704519,0.13209773853468013,-0.056995858363150645,0.2988318269621071,0.29435203782444896,0.2765736026566161,0.21102046739963734,0.1765115775821117,0.5446187877343218,0.10144868725342053,-0.0734897093382138,0.29105233870520353,0.17681492016268452,0.22914977101272377,0.11287538511306269,0.3748433397321297,0.11614624897482748,0.0,0.07958512219418004,0.06317755666929836,0.3124851457562323,0.0,0.25161020986869975,0.13207864188509616,0.2465425095654329,0.283296747088678,0.17962974107476953,0.28994608421248413,0.41045111524511874,0.4228258453864368,0.28341216269460456,0.2591534064402764,0.3178538219749572,0.2623405156524725,0.0,0.24824546826252786,0.2584827282187558,0.25666393783100805,0.361719686788221,0.326066516049106,0.1879773833527795,0.0,-0.13424476050857215,-0.15255577713770532,0.18371506515037167,0.25341202248849637,0.20214964398703034,0.11319586031824497,0.3930377360916356
0.01275150369822892,0.03110753738882914,-0.05396169871142702,0.17857313847314513,0.06789226725499449,0.07615444990502235,0.3275261675585786,0.19193963337766368,0.0,0.19429975384768453,-0.007489220382936795,0.2238327940125838,0.3369018934424097,0.2598800194302864,0.19353786028277897,0.1689798807003184,0.08449797660082803,-0.3942684121026691,-0.10320932373744034,0.033651260056649264,0.05243190303518033,0.1465890408714428,0.12202470776479186,0.15671453108848932,-0.08669033447791291,0.06121261547400234,0.142902776288219,0.21370010016963575,0.00726748583197568,-0.08426417263898828,0.19907245194276152,0.23922820415865184,0.3276954117911369,0.16920786757709905,0.1152179836691962,0.13059100283811798,0.16049709474279267,0.3004596938407555,0.29989760774598073,0.2698150140904073,0.36565722296062064,0.11343008402189657,0.18574225523541973,0.13654135126424768,0.17374159787881,0.0,-0.1573327698175518,0.25483739620069323,0.20244270735373315,0.4399564319991389,0.23182774745611023,0.2829378154115181,0.38398511762325804,0.12016660945143952,0.11998521585583541,0.323760895972864,0.46222410705824035,0.2561206043652931,0.24284819673686547,0.20707653486595695,0.3693893437255207,0.0,0.0,0.1884578292337557,0.12197809916634338,0.2861839951234376,0.19802020365149392,0.13576375165008828,0.1628792007131986,0.2836189834295761,-0.14451636438654847,0.1654908147698078,0.2768989684611736,0.3565211954074396,0.3555764773700715,0.5897291638270754
0.15802758624170624,0.012190034801352792,0.23653594975272432,0.08708955960070702,0.33714447543653125,-0.06067798767961751,0.22330787361274645,0.25180344730522053,0.19429975384768453,0.0,0.2979414699027942,0.31852581505029753,0.19270334200316294,0.4033346598883564,-0.215568046769828,-0.0028555930888831465,0.07851949387686735,0.0014185334595287567,0.17877513834477685,0.3607661455361124,0.012014734868395771,0.07392506706601001,0.15936227426460617,0.1030193339027503,0.16890142728831664,0.21485515386757817,0.15589436324531714,0.30976174325910666,0.10065289834544781,0.12183258995371117,0.2814762859825845,0.16144785041446136,0.3729146167311846,0.472967131477346,0.2447851335475068,0.05968457117662247,0.343599040041674,0.3856357887007393,0.004933090680005026,0.11086492813730246,0.134303950089522,0.0642287035025024,-0.03395722163055223,0.16961365709435391,0.2803481758263808,0.0247450811006041,0.4602911206077928,0.1773115630125025,0.1834480318100873,0.20982463414545205,0.14423202834398463,-0.1003371621898932,0.2524044586670229,0.0778343258961291,0.16869736074101496,0.2267253453744218,0.06622812819903832,0.10496671850847912,0.0,0.23864248723292975,0.5743307652006017,0.2726434529389501,0.3246714819823986,0.20839008549715898,0.2050208682904376,0.09371875594687125,0.2683798000512421,0.5304430062151926,0.06414540388586369,0.2742529282241901,0.20579736147049907,0.49481856287060094,0.2764576249314067,0.9087508456973246,0.0,0.400159347076434
0.04238567839244061,0.07575826334827479,0.18505860102274016,0.06703371708482837,0.06775375137951059,0.17907466049722845,0.25079439964122047,-0.05488428178670221,-0.007489220382936795,0.2979414699027942,0.0,0.38685128822283626,0.35461726745277733,0.057407039937952986,0.0,0.2162700074419915,0.06883747980544808,0.07249900831295733,-0.012384676570834752,0.19605714001242983,-0.1300151544676553,0.12090398611427153,0.40945055831167754,0.44436182512793354,0.143475059973721,0.19175122254296395,0.1305264148318904,0.3490033218349202,0.1493455876347397,0.06199054204011048,0.23016163878006593,0.09305775044379817,0.1153942559961494,0.272086635288489,0.2571684824960996,0.4632235889761233,0.37460096946502464,0.2616462198216165,0.2687030192104774,0.13889086146925939,0.42792387090702716,0.09897400154489905,0.16416466849965128,0.6748391959942172,0.20439259613164779,0.0,0.0,-0.015361908654787319,-0.4401101328591244,-0.03898932287917851,0.31495453812629,-0.0749766787011972,0.24132932391522133,-0.19531748909693605,0.3490184905303975,-0.056772584940355475,0.002718882072038818,0.17766265662253114,-0.316362402937764,0.0,0.0,0.0,0.0,-0.11503185435325464,0.07182999656446078,0.0,0.20400622070862076,0.2016862459602837,0.0,0.0,0.3817252096146101,0.3266933828767421,0.16005280410097006,0.3127600538530418,0.0,0.21382704725237794
-0.002084059867498024,0.007167121552204303,0.47263521649666973,0.19171281328104725,0.15946293197766892,0.3020024861705737,0.1387073259346003,0.2414279970278633,0.2238327940125838,0.31852581505029753,0.38685128822283626,0.0,0.1755214978856148,0.40262412470672776,-0.10455874849072845,0.17283712157003722,0.259804190211902,0.3423526226473482,0.47023438345292917,-0.27897652228757625,0.09649616119727927,-0.1917838220964469,0.11280239540257052,-0.027862066249880958,0.11636553449789408,0.029386296156171197,0.30199141964415666,0.41610597112641035,-0.012209585554071346,0.008871373138725522,0.3432313732115424,-0.11566754949641928,0.282859494008999,0.3801164927961861,0.2503271114114893,0.09889295096099776,0.15178538889448695,0.10513135086236625,0.06821399814872194,0.0822654149052067,0.12739500502269868,-0.07013707390836912,0.13596862697720172,0.08062212312356719,0.16328161407718628,0.008961037584924853,0.30698001492803995,0.20006704793862498,0.20380686667965797,0.2530138190374967,0.10766000894364233,-0.10237578638436594,0.161367733686763,0.2060983575800935,0.08649044539353834,0.058191611047367545,-0.029645693795373185,0.1027876528091752,0.21602460662260364,0.23726004275225993,0.11709447927698857,0.1851138859488322,0.22451158061299326,0.10081533531685347,0.3108727210889589,0.31931184299318865,0.1114842410079098,0.22482953275772397,0.04332055988465084,0.16254833944777658,0.15122633154366355,0.17072385618888322,0.2765231785873913,0.19561916181404101,0.0,0.3709650732083548
-0.17677225484458134,-0.04149560785432531,0.2527509949220556,0.109398906528501,0.37660959060367283,0.0748089481875444,0.07520599305222203,0.43952688853169924,0.3369018934424097,0.19270334200316294,0.35461726745277733,0.1755214978856148,0.0,0.715057103763438,0.10555725437786602,0.10132112116695581,0.02082145129230229,-0.016186435129985643,0.2983266983051893,0.02256625168584212,0.1215254850443723,0.07169480451588851,0.3118352255191976,0.1263129110037501,0.026876720037410234,-0.003175785794463955,0.24587055349073253,0.04607771778956022,0.0009740484588338493,0.059449286708877995,0.05009633014904746,0.12668477421652916,0.12945007657430632,0.14315352419785096,0.12037324171040178,0.28546321707654654,0.4617676100705383,0.23650691703301618,-0.019196722602769438,0.021887637626835897,0.15434573140356064,0.2035083412732207,0.5106875834339828,0.07347407996860274,0.19162750981294502,-0.2666314901509332,-0.15812440899054267,0.25224882658494024,0.0,0.2412225903380958,0.2522802102244797,-0.05194334920268065,0.37815836348619714,0.16969543675619125,0.3146886655617991,0.3681762808281184,0.1092779954516619,0.17551998303041025,0.42438421028944956,0.10805921347133682,-0.23848666003792846,0.29148672666777936,-0.17744632729037266,0.013274946026464632,0.21943312189402692,0.15373940909363176,0.08619340920031887,0.28938331457016053,-0.09011989148175806,-0.22825038551967908,-0.1449494418776329,0.26954110358105865,0.14361591098138438,0.23894883462456726,0.1806262917279382,-0.018209569472768507
0.08866532389426048,0.3911190160384465,0.14934749272343992,0.19470536758720058,0.1009965834978899,0.1837095178716465,0.13075688743933217,0.1979731673866471,0.2598800194302864,0.4033346598883564,0.057407039937952986,0.40262412470672776,0.715057103763438,0.0,0.04608056514849076,0.21617039556387188,0.21187124089047135,0.21599361626974684,0.04511255932474027,0.13040840324261574,0.2167302446622605,-0.044349616813870625,0.3468145952369968,0.3926295684030561,0.1459192554834178,0.1438156137725531,0.32444211996765376,0.10171115049119796,-0.032569984265919116,0.33269734630826797,0.40044523497747825,0.2656722612575197,0.15628087427681675,0.3471708064449417,0.1303002166262568,0.29411292166864356,0.04355077593117408,0.057123093450062175,0.45710709797012294,0.0,0.2753078919896358,0.2447257249444158,0.49013550183506815,0.18327770177061786,0.0,0.0,0.0,0.32624390778897777,0.0,0.2924977361875627,0.19884347987473078,0.3726425147541598,0.4719256231231464,0.09424300678101885,0.0,0.46436289206060627,0.169012796012988,0.20295116260454715,0.6209588418206464,0.0,0.0,0.0,0.0,0.24930656606069965,0.0,0.0,0.0,0.30404092763101886,0.0,0.0,0.0,0.24410093240360736,0.3145753063209023,0.0,0.0,0.0
0.09102784731482105,0.08662121216841188,0.16789240782076187,0.2255736364009676,0.26069574367940745,0.016148605571900718,0.16219438405208342,0.07420967001133344,0.19353786028277897,-0.215568046769828,0.0,-0.10455874849072845,0.10555725437786602,0.04608056514849076,0.0,0.12851312770219014,-0.015051730249856836,0.044423812100834376,0.0,0.37064621057221164,0.08182398602006624,0.1301059275806408,0.1347356723366828,0.27081911830479444,0.010157843305523474,-0.04220187653222868,0.1680699020888788,0.047553813955909255,0.02021759764914825,0.08483242675199379,0.10152736447976145,0.0024914221810412654,0.02997134821381217,0.04683605824515735,0.04965632166355627,0.2416480381509016,0.01714205602873741,0.1662712776379878,0.054628231152945544,0.1616457019134594,0.11898544102497007,0.13285792174534322,-0.0193164696236149,0.19568827027226302,0.0,0.44677781591402876,0.040358721005867675,0.17150913693769673,0.0,0.0,-0.08807473705653492,0.2567945751111585,0.08686570107080294,0.1963045832626753,0.0,0.0,0.2988427149591568,-0.005186740377022124,0.6864932845988481,0.2643032285977075,0.18786823370004285,0.23305757963354803,0.14423646696988696,0.0,0.28742422901531245,0.04403039716709269,0.1379105406365631,0.2569488331594069,0.2073702781210232,0.11963906602194066,0.02532160777465934,0.12201988306521275,0.09642937251098631,0.1668699402559797,0.09531858117962455,0.12170514068260455
-0.020971356040722,-0.03501614625622413,-0.03000857094609093,0.1333189347655057,0.06243898704695616,0.08070940739692332,0.1350380811343087,0.006736232596987725,0.1689798807003184,-0.0028555930888831465,0.2162700074419915,0.17283712157003722,0.10132112116695581,0.21617039556387188,0.12851312770219014,0.0,0.010973126304711905,0.1062622144668143,0.2308677384263364,0.1332673499086102,-0.11016914429260667,0.07766604879086488,-0.025518665947555315,0.20272119729487623,0.07248954297366897,-0.09567538764255998,0.17521750859269608,0.014995404483418042,0.10908135170865663,-0.067853724183159,-0.05089367504566709,0.092454250598805,-0.05612660247366334,-0.024551559649953408,0.29208125114337846,0.4956126749516714,0.2298555687787151,0.36847289561322627,0.0318635310537665,0.030231115886651446,0.10126854837402302,0.21361327816199982,0.20809765974226785,0.0,0.0,-0.024982307746697432,0.011198482618296098,0.0,0.0,0.0,-0.03901920100072199,0.320243583758416,0.35628097215021826,0.0,0.304396789437821,0.0,0.2963329735113969,-0.037037967986167895,0.0,0.14525070447109178,0.07047876603286635,0.24031721078398224,0.1812096321490088,0.0,0.17130867574566733,0.07774553030835227,0.09630663729158706,0.20757998505292932,-0.2863500084471913,0.17193047895938776,0.10131951728090842,0.1936383617216631,-0.20391289469371587,0.17611619167138454,0.0,-0.19588753580961274
0.4595322311048631,-0.3429865628016051,0.19546533096845137,0.1286193276602168,0.13130372132168397,-0.257198882096342,-0.045168803537888796,0.23599987793959992,0.08449797660082803,0.07851949387686735,0.06883747980544808,0.259804190211902,0.02082145129230229,0.21187124089047135,-0.015051730249856836,0.010973126304711905,0.0,0.03086009652174641,0.15861992226716082,0.03796377985003036,0.5922271793454786,0.1558227131994752,0.1602794257171366,0.3030840402669763,0.05400773084812724,0.13341708597756574,4.64101753727339e-05,0.23586295467443683,-0.085904236364751,0.20629196953261855,0.03598441023070665,0.12169048486833911,0.06597521501768672,0.08108342170499475,0.020303229767611945,0.10265498490522545,0.15708094706726133,-0.048701732217890335,0.19722601581956506,0.12178053305354374,0.31020590691020666,0.34818957206992507,0.0,0.0,0.29932194329152056,0.30580618582015634,0.4875502246575104,0.0,0.0,0.0,0.0,0.0,0.0,0.0,0.2595874407633172,0.0,0.0978434948697297,0.15258450914013186,0.0,0.25556597929108915,0.30870834087244853,0.3707888551005788,0.3751766696496323,0.0,0.0,0.0,0.3451033258400618,0.0,0.022241108304227483,0.4319372975109663,0.36401463814702045,0.0,-0.05209506838186756,0.20303456198760347,0.0,0.33577627704833335
0.12620393437354271,-0.16466465231556532,0.3424441691789536,0.2104468265665762,-0.006121232902124938,-0.1583565955707696,-0.03254557900490196,-0.03361070612847769,-0.3942684121026691,0.0014185334595287567,0.07249900831295733,0.3423526226473482,-0.016186435129985643,0.21599361626974684,0.044423812100834376,0.1062622144668143,0.03086009652174641,0.0,0.27066725960966154,-0.008713354651064948,-0.18817137736274805,0.04606641943156463,-0.16635225495442518,0.12327701914786188,0.08408325688483312,0.07252503255814814,0.057562399595107436,0.006340268846649136,-0.09382222448713394,0.09464502173619331,-0.06959907856163351,-0.09288769478243285,0.09841419367314032,-0.010434533631369165,0.04812140422575749,0.01950875886455252,0.17202958009663794,-0.019870090145554062,0.022816525997492614,0.3072226360123816,0.32932556020924536,0.09811963948767927,0.0,0.0,0.08255746050577221,0.12981641290419213,0.21827706645700864,0.0,0.0,0.0,0.023617219665755605,0.21124530830631216,0.2552612927495886,0.0,0.33796975509126764,0.0,0.21185797323695088,0.268930417534161,0.0,0.07320145614968177,0.375775882901929,0.2746067921703865,0.37812529790443716,0.0,0.10947622636471802,0.06051763064165882,0.2995900425241112,0.377306831013387,0.09424456298531414,0.35617477778803613,0.3756910604890345,0.07773866122387663,0.39465593261067994,0.10663037326807683,0.0,0.31795559823023833
0.0,0.23486877585970506,0.0755789967357981,0.027649456874566984,0.0728226843697521,0.2496595769643694,0.2719305635440388,0.023718099776017437,-0.10320932373744034,0.17877513834477685,-0.012384676570834752,0.47023438345292917,0.2983266983051893,0.04511255932474027,0.0,0.2308677384263364,0.15861992226716082,0.27066725960966154,0.0,0.2248579895551389,0.27522064577429606,0.2454729287688227,0.08149425305105079,0.03731937776984501,0.1161979192855115,0.2178486800830552,-0.002404170084843598,0.2645280135404672,0.2976540507456783,0.09559972948324269,0.1697619226378408,0.1991704516489407,0.12768350513456594,0.1870591164974847,0.26023513164877543,0.18871908682531396,0.15943299451863222,0.3415598608636303,0.15660577028055134,0.1966236484885469,0.32031960063124787,0.24065537351190408,0.24484018713720865,0.152141074729799,-0.0273700974888298,0.0,0.0,0.22422074003572,0.0,0.21686241976877713,0.1312173370713619,0.1804230134419102,0.21294597482331223,0.17466828293348524,0.2557868373397485,0.3290268154361089,0.06831453495378742,0.1372047201980992,0.07478385289045784,0.0,0.0,0.0,0.0,0.2626157339184094,0.23622917851949038,0.0,0.24250548572222763,0.06290640125077718,0.0,0.0,0.0,0.17173154831132273,0.3118158883951766,0.05765579544795184,0.2358007071203196,0.29315036392093374
0.3294721120693301,0.11333459183252366,0.1113029873183071,-0.03655079944548772,0.0772744619632493,0.020063042394097806,0.09479731715129017,0.16246783474378493,0.033651260056649264,0.3607661455361124,0.19605714001242983,-0.27897652228757625,0.02256625168584212,0.13040840324261574,0.37064621057221164,0.1332673499086102,0.03796377985003036,-0.008713354651064948,0.2248579895551389,0.0,0.13006718571217574,0.13798642641603703,0.32135242682189935,0.415924201352669,0.07427833439972688,0.12241187663076979,0.22272772947574382,0.02683367113372272,0.12251989480635306,0.3747354378414291,0.3838801378581749,0.1423559959191428,0.1277668361683912,0.24840565842030674,0.1923915712636408,0.6794525356173241,0.14792442210156692,-0.0027254575997995825,-0.06915565973281021,0.1008251061284895,0.1608644046844233,0.14552220468414684,-0.21424076770005532,0.05229051651923062,0.13339046564703874,0.10808665681471775,0.15757276332232256,0.13762641932349468,0.0,0.0,-0.009532531194246088,-0.4108247078817109,0.1990341297462487,0.0010750237245233836,0.3465349396303058,0.0,0.13940048981960013,0.007982660383122689,0.0,0.16150539820436433,0.16255927449211582,0.20977020393949408,-0.015039546872465767,0.0,0.12136967734702435,0.03428426635806935,0.1448942048950579,0.1497265682247138,0.0,0.05733348784749018,0.0814963655315627,0.10609539208305474,0.12364691020734406,0.18868016770868556,0.19592888647132928,0.16143313101305964
-0.062270235711792105,-0.17033309401667013,-0.026604130800753665,0.22371804696258676,0.5713900172636481,0.1021398731594688,0.00830084791188259,0.09492835191065054,0.05243190303518033,0.012014734868395771,-0.1300151544676553,0.09649616119727927,0.1215254850443723,0.2167302446622605,0.08182398602006624,-0.11016914429260667,0.5922271793454786,-0.18817137736274805,0.27522064577429606,0.13006718571217574,0.0,0.07402385385781084,0.09803691018243953,0.009403334022660081,-0.2155048753854045,-0.029264003273088337,0.14387574253246976,0.015901217829273777,-0.05392497589408827,0.2971347966706363,0.060769899824700956,-0.04570338916949997,-0.20395371576039015,0.07460278510918017,0.21070257771362244,0.5266080599005382,0.0387662110604111,-0.048737897664856256,0.13413691809191272,0.1531599701573753,0.23481351723379168,-0.052974922640330116,0.8887127588837586,0.0,0.0,0.1332175175356082,0.036566373502215414,-0.4022355096634407,0.0,0.0,-0.13045604229861213,0.13363788830127188,0.31204941776304373,0.29153333768430967,0.04280442996048989,0.0,0.25702456616476343,0.16741178826164263,0.0,0.1120887508027601,0.1519406794936811,0.0,0.2706305521515869,0.0,0.08638834522816824,-0.22709274191605816,0.02222691799172348,0.15119226266502292,0.27768213389050683,-0.001295902412852587,0.02504629825048576,0.06699445072477599,0.1493165596706106,0.14970505986665864,0.1601649021180387,0.005897612238510236
0.08530230524296356,0.2790297418957268,-0.010606742954498077,0.2822483964376364,0.04820416349945572,0.08468789317660488,0.11663067388557315,0.1544818162795724,0.1465890408714428,0.07392506706601001,0.12090398611427153,-0.1917838220964469,0.07169480451588851,-0.044349616813870625,0.1301059275806408,0.07766604879086488,0.1558227131994752,0.04606641943156463,0.2454729287688227,0.13798642641603703,0.07402385385781084,0.0,0.10941517992736036,-0.010145817169730002,-0.033753498768807254,0.08802499074454033,0.11265795569766367,0.10487452275720112,0.10856420128004719,0.3125965220924251,0.3583789996234166,0.21418691752395244,0.15400750526143203,0.22315654079157007,0.2489372376221021,0.2639684526710143,0.2790279524565981,0.21733822014406187,0.07696258272789636,-0.057048084714745276,0.05733868215603128,0.07732780017030957,-0.015044844602533101,0.1416977618078411,0.1642727534744562,0.10137395758674766,0.0680293617773502,-0.048868258091692915,0.2065120197422117,0.19683067885849576,-0.03948730643004801,0.03490827165547758,0.4208780862732348,0.05110964988411025,0.0759517317060159,0.0,0.32010833355449814,0.004281072196278095,0.0,0.11070211073258668,0.09901788075627996,0.1735481071363373,0.15841899266453846,0.0,0.17260499284159733,0.036237140106163655,0.06034937616244237,0.1890427002256368,0.23721043604816094,0.0010870310876799558,-0.0012799336919578214,-0.0004898300794983906,0.10247667712284654,0.12872132246606888,-0.04087326433558063,-0.06551837202590993
0.002075796623684501,0.0802423313728761,0.017917010173741806,0.21924629933259931,0.19982094983807,-0.01799223800634575,0.3008367438726296,0.2659028555704564,0.12202470776479186,0.15936227426460617,0.40945055831167754,0.11280239540257052,0.3118352255191976,0.3468145952369968,0.1347356723366828,-0.025518665947555315,0.1602794257171366,-0.16635225495442518,0.08149425305105079,0.32135242682189935,0.09803691018243953,0.10941517992736036,0.0,0.11860951356197116,-0.16411908461757574,-0.004268376034523038,0.2413447010530835,0.08960399967408858,0.03022477767861126,0.023242691822706864,0.175748201195715,0.1255763026569143,-0.05013742910692286,0.12218474095721522,0.10906673440637324,0.34987043465586554,0.13580838956266575,0.05742944726967871,0.032136977058844246,-0.10420287019241321,-0.087364629937495,0.009194720765604313,0.30737101303576214,0.3648904478698297,0.17228674926595355,-0.10701111790733372,-0.04192957124915628,0.2672339603734313,0.07673415600427869,0.23832098639810523,0.057740289294526584,0.1425981248338649,0.21961952829054404,0.15381840415397463,0.37411590217247537,0.33676322215562066,0.0751398687154085,0.16464951237675698,0.3332887351667633,0.1805837000052394,0.0500064844114311,0.20502086829043897,0.06434883975151162,0.22784683875425374,0.12675369942130102,0.033718294805174125,0.11939569612351902,-0.030873906996926787,0.14406466356202052,0.04809388101039028,-0.052181068154427815,0.09019563178146284,0.14013668504322987,0.1351646955511851,0.14835798137947628,0.1994994903984146
0.07758662168815296,0.41050067107871235,0.09557584894663006,0.08313862184280946,0.2878763250192115,0.27895511207465007,0.15454512169105736,0.1609932999754703,0.15671453108848932,0.1030193339027503,0.44436182512793354,-0.027862066249880958,0.1263129110037501,0.3926295684030561,0.27081911830479444,0.20272119729487623,0.3030840402669763,0.12327701914786188,0.03731937776984501,0.415924201352669,0.009403334022660081,-0.010145817169730002,0.11860951356197116,0.0,0.05365942834310012,0.04447887416917562,0.16282909742692703,0.3307396790990629,0.29309206965246265,0.4233427163823953,0.26443713421472254,0.06910950078330512,0.23991209210577696,-0.06176745442444169,0.010159497910691213,0.31173890253642844,-0.03889640516134062,0.1035304288372664,0.04251488338894105,0.14167064810315824,0.0016220486280230026,0.1291505886587946,0.122867290533644,0.21099691760000824,0.1001858130870916,0.13972578374140943,-0.022483234465322105,0.0,0.0,0.21519643575614256,0.29371570624431775,0.17695355059214385,0.0,0.11883829085720435,0.06863114807921603,0.21164437664547386,-0.025692225218115348,0.20101215271823336,0.0,0.16729353349827336,0.34006951698101245,0.04773573273847265,0.10822237928717503,0.19995588979607712,0.15321039991725283,-0.18309932166546736,0.15743907952544559,0.2607404606369577,-0.024001960151735117,0.1391061998263781,0.1391746310314175,0.11469654826499578,0.07347253005086567,0.22203379223776962,0.0,0.3642206991582
0.06155077710243294,-0.03217204817064234,-0.019336552926493764,0.3548884795082014,-0.06382167978861036,0.0006324127090789524,-0.03368481377126137,0.019948454439434,-0.08669033447791291,0.16890142728831664,0.143475059973721,0.11636553449789408,0.026876720037410234,0.1459192554834178,0.010157843305523474,0.07248954297366897,0.05400773084812724,0.08408325688483312,0.1161979192855115,0.07427833439972688,-0.2155048753854045,-0.033753498768807254,-0.16411908461757574,0.05365942834310012,0.0,0.01252647246937063,0.012490756568433722,0.04598643569761283,-0.14409694382232424,0.10120132336758236,-0.02138844284034535,-0.03195216397761724,0.16365826747944665,0.1000912327464737,-0.04384999596327365,0.0038771504542695,0.2562705946337818,0.3128128966823464,-0.026559209743226952,0.28231207362369887,0.3475447535031015,0.1769398672618367,0.15555465018090006,0.0,-0.13388880751352267,0.08244720147086475,0.10640173923323434,0.0,0.0,0.0,-0.024616022724120258,0.28140371120992375,0.013578574636522095,0.19395379696163217,0.15220890197049994,0.20264598712726642,0.134523745944618,0.0030582836684499293,0.0,0.4485600447927083,0.2643324292890806,0.1662302534862682,0.2716883014194338,0.0,0.3109157478890412,-0.2956089725919541,0.2772502390020208,0.08015327094761715,0.09873890875776027,0.2585760301707226,0.28589316575561974,0.12882901527257995,0.2094189510023972,0.13947409130641236,0.0,0.2335847994161237
0.11435019406842963,0.07634090480191781,-0.09529634462738783,0.2688242820177246,0.1768837421811022,0.11092713415571427,-0.017913530623123695,0.14894740858766273,0.06121261547400234,0.21485515386757817,0.19175122254296395,0.029386296156171197,-0.003175785794463955,0.1438156137725531,-0.04220187653222868,-0.09567538764255998,0.13341708597756574,0.07252503255814814,0.2178486800830552,0.12241187663076979,-0.029264003273088337,0.08802499074454033,-0.004268376034523038,0.04447887416917562,0.01252647246937063,0.0,0.12411887302398125,0.11745938206313357,-0.17523295988394783,-0.044329569602778944,-0.025232575625461343,0.007312992132996329,0.13232879907611814,0.018927617592105157,0.12794725273329072,0.8303086954463114,-0.25591324117336445,0.10287318169972123,-0.08722117678600363,0.13541458738791515,0.23093537719485088,0.0023019008544701083,0.09180692000987291,0.22563200775504832,0.012663154576613184,-0.08925375413803872,0.019572372810193674,0.3421117341068462,0.0,-0.02092396762939757,-0.07453919028775594,0.0162448960083912,-0.11630974721977749,0.0779801352576246,0.17814110044533685,0.0,0.15624071332244582,-0.005484064313042703,0.0,-0.04794136946833782,0.13664843827564183,0.20383172661927124,0.25102887416831454,0.0,-0.20180820967495025,-0.19610119463511202,-0.009519303181112035,-0.16685934206462105,0.10478467237391924,0.2385920054730361,0.09223802319807896,-0.1666756844072256,0.07742991685530831,0.025247257049192395,0.20070283206927053,0.2073843315802087
-0.0028906274057581404,0.06408993487371925,-0.10012798861083136,0.2279544467562346,0.2402916976398905,0.047697472472991415,0.21824138475482763,0.09872688709742172,0.142902776288219,0.15589436324531714,0.1305264148318904,0.30199141964415666,0.24587055349073253,0.32444211996765376,0.1680699020888788,0.17521750859269608,4.64101753727339e-05,0.057562399595107436,-0.002404170084843598,0.22272772947574382,0.14387574253246976,0.11265795569766367,0.2413447010530835,0.16282909742692703,0.012490756568433722,0.12411887302398125,0.0,0.1375090706273167,0.07802520649040268,0.051661175337805336,0.2023359786861963,0.15217965194810934,0.03942072273623375,0.1874716035849465,0.15489601938354014,0.16275367305703295,0.21568500769305876,0.09372165449402096,-0.09899657757451572,-0.009827909836783373,-0.06417100577371904,-0.26444584314387903,0.320932870919252,0.2735382660959668,-0.10831707873862322,0.27654690786450137,0.05635419500576788,0.2642431654225082,0.4383992226951203,0.2584321925408691,0.10894431808427843,0.18764072567541776,0.1349369628509936,0.21487143221858493,0.40498636506588476,0.4033775968076981,-0.010620600019812264,0.2526476228437606,0.3340187643210733,0.15266559878859154,0.0269621130884051,0.0,0.302914740137303,0.17655107977577741,0.14097503247879012,0.07512259306455493,0.10071763164843696,0.11524844815773291,0.0,-0.07620707960507267,0.06533912714984098,0.1253878590133896,0.183471727687119,0.14684788338318122,0.10077950392147991,0.2676136679475566
-0.13168681451227107,0.028225632771809353,0.20590191967906923,0.07337576594566561,0.1979583370484919,0.017391209110881517,0.31996908920995515,0.1966519173704519,0.21370010016963575,0.30976174325910666,0.3490033218349202,0.41610597112641035,0.04607771778956022,0.10171115049119796,0.047553813955909255,0.014995404483418042,0.23586295467443683,0.006340268846649136,0.2645280135404672,0.02683367113372272,0.015901217829273777,0.10487452275720112,0.08960399967408858,0.3307396790990629,0.04598643569761283,0.11745938206313357,0.1375090706273167,0.0,-0.0020413644828972564,-0.00011976661245618851,0.10563660236029511,0.1694947322730265,0.13018596287173484,0.17346541453215245,0.3589037888610729,0.0456360626641861,0.29012029696774416,0.5747771473818655,-0.023805859370009314,0.09942684717878983,0.09315296336030221,0.031433478303677466,0.47539187046089904,0.1796395788450628,0.45436767827962565,0.20018787982351788,-0.1623427741527978,0.17733435538336506,0.0,0.2534499176031737,0.17630559256312658,-0.05242919248786327,0.18571923958002803,0.18252522308194813,0.49494004022514143,0.3245362317173609,0.11305192119733677,0.08729667908214542,0.1815457909430438,0.10233720514363451,-0.0531594308354955,0.15133136429453445,0.21990042550264446,0.2234692104026284,0.14697970472048225,0.10852033636090633,0.08413939067287766,0.18323079406358977,0.1250452137772292,-0.07595802828764739,0.09258309042066797,0.16876605444289333,0.030164120265424983,0.17928425414175742,-0.016731538650397008,0.39063118375278394
