0.0,-0.012739212581715675,0.0025403082679503752,0.0,0.011947678110911575,-0.01860177137217428,-0.016915042295570226,-0.011282553147022367,-0.005584930391391962,0.005407981368909853,0.0022290286240480572,-0.020168038145791822,-0.015862788853011456,0.005105390939768362,0.008834654695605237,-0.013668525795245856,0.06223096592468075,0.0016763035111249658,0.0,0.03890475404444077,-0.024788173510156997,0.0038587993239376783,-0.008434750109779898,-0.014085839235252307,-0.0014441684083432715,0.0005393779789496511,-0.0017215629941568222,-0.024442455639549998,0.028435975121721746,0.017971935421871588,-0.014238436183356129,-0.011271481793880322,0.016563357805294998,0.0016423172028450228,0.0035902310434597906,0.04002775908793821,0.00033571129094955854,0.007755819418575227,0.01940939100336747,0.029910462308073482,0.008537418650351458,-0.015211567706791662,-1.3096977795112874e-05,0.0,0.02090139898379567,-0.01628602496971221,0.01732045371717872,0.0,0.0,0.0,0.02102522669498169,1.1102230246251565e-16,0.011987892130839062,0.0,0.00937197744999968,0.0,0.003393103766249239,0.01084068098791785,0.0,0.006053443578349527,0.02211572725801203,0.014388566284581794,0.007258852416315464,0.0,-0.0025484654476887747,-0.05553108884432523,0.017476093673195303,0.001614166828331265,-0.09958847624801459,0.026267335412134274,0.009514481955875287,0.010253926042773032,-0.00017144027959420383,0.01801566316303821,0.0,0.007369488089537468
-0.012739212581715675,0.0,0.010805889737983632,0.007437458095313099,-0.0032496072121017683,-0.0057596726571494394,-0.009163612768009421,0.016404149567914472,0.00113819202904758,-0.008620359020326318,0.004915791083835774,-0.017821475797867747,-0.008446739852364882,0.01974112274712586,0.006073293282384817,-0.02407860210266677,-0.05134567220490849,-0.038247902489643604,0.011456158000710148,0.002431354086395998,-0.020390573592127814,0.009573655201260856,0.003434039858419946,0.032951511777781495,-0.03536717168349368,-0.009254884532426011,0.0004814850846990848,-0.002457177404075972,-0.01233478570620855,0.012398083932604387,-0.023659605963086305,-0.005424385027007705,-0.02441344312433591,-0.023759432359447052,-0.011784717075079387,0.04136666579711318,-0.00100554127377811,0.0,0.005211606352244658,-0.017986139779766874,0.006507983508244108,-0.0011219439738067716,0.005252681691160055,0.0,2.220446049250313e-16,-0.016771118599147816,0.004876174827685986,-4.179175849322592e-05,0.0,0.0,-0.003399474640476463,-0.003258406862965746,0.012852079245200376,0.011902051832065497,-0.003056577964553442,0.0,0.03524402702797236,-0.006921107852912056,0.0,-0.007039837555463391,-0.0018551054125875988,-0.026444183044398106,-0.008245514980147861,0.0,-0.0003966857552863412,-0.015909919022963015,0.008274108221209386,-0.00014318032163157524,0.00981584818982939,-0.0019733230869626306,-0.000249999206497431,0.0012034826732424952,-0.027359550991107984,-0.005984319324693843,-1.1102230246251565e-16,-0.0012326803263961184
0.0025403082679503752,0.010805889737983632,0.0,0.016274000819094914,0.02310267680002881,0.036709638863715754,0.04002224379770053,0.014053625536455838,-0.011166008559729546,0.032483939834124065,0.02273088633691417,0.04180109634841905,0.039837983200414206,0.017112561211652166,0.02056712862466409,-0.007581272540532924,0.01450888046275639,0.026055782665364124,-0.00033558312705822546,0.013349497097897178,-0.005850295027582997,-0.008785928775072782,-0.009854287513599902,-0.00016331155503840344,-0.02013342905607357,-0.00819190954641219,-0.03129854815919064,0.03018988871602213,-0.001432525334066681,0.004428174346209179,0.02972046482930979,0.029624948228431258,0.03604530535815509,0.030294639929622946,0.013158219867013654,0.03736694038536337,0.03049384691601853,0.027533715220196098,0.03354336377993428,2.682318162028352e-07,0.05557346640998306,0.021558034979604623,0.04226695927240465,0.07315780078547196,0.0,0.0,-8.018392936071095e-06,-0.08682066764889801,0.019970531841251193,0.029916715427274698,0.041207737382274234,0.020776933996764613,0.03975040779966055,-0.04908514641454059,0.000773341242445269,0.047860412265607,0.040030525613437784,0.05061242104747243,0.017092036854633008,-0.00010829417343782843,0.0,0.0,0.0,-0.033169141841080496,0.018627446993495167,-0.003165229934946834,-0.0002225742662647079,0.007909045622019772,0.0,6.99042608003353e-05,0.013045894186522078,0.03716561664492446,0.038427510917000474,0.008954233515832577,0.006266352176742096,0.05156500991772084
0.0,0.007437458095313099,0.016274000819094914,0.0,-0.021196650526311034,0.01098085707752805,-0.0005050445410613724,0.03591418999800561,0.0226979499156158,0.012195221397715617,0.006566392198948445,0.016899036772538234,-0.000762501640062474,0.004232320225659725,0.009864238749595022,0.00031024815843810893,0.004554984327979461,-1.3395205485489114e-05,-0.0009306411035691076,-0.015580938135326294,0.0001368949227641414,0.015259711920998398,0.016660926541137544,0.0019892498136581116,0.000464926023752088,0.012798743004042712,0.018951254698421183,-0.0067898911358983405,-0.0021071597435700085,-0.005797998294275963,-0.025391026303586417,0.011880590852629436,0.04863283509605748,0.039963674857754594,0.02278411374329803,0.03644304977603491,0.017761173254827206,-0.03811208231186888,-0.003959778945534509,0.0003518802911607888,0.06133146604256018,0.01867867177822541,0.02077138902932274,-0.009756056354471965,0.0,0.0,0.0,-0.0004826581868214719,0.0,0.0,0.010407223959195522,2.220446049250313e-16,3.065671145507931e-05,-0.00024110732895699094,5.551115123125783e-17,0.05768092936523983,-0.002355062211252812,-0.00026937769196089256,0.0,0.0,0.0,0.0,0.0,0.0,0.0,0.0,2.702999898523961e-05,0.027996397371230386,0.0,0.0,0.0,0.010065093576189288,0.001065376815803154,0.03360450310280361,0.0,0.0
0.011947678110911575,-0.0032496072121017683,0.02310267680002881,-0.021196650526311034,0.0,0.01254163564890165,0.012172751672362758,0.03139101470312544,0.009725596476828635,0.038488716225986985,0.004269354801378522,0.010902755670773201,0.0390688262620324,0.007310442765246894,0.011651177799983536,0.00034223669299876525,0.016748716351258797,-0.005771296553396643,0.014876168383943233,0.0070651949823550275,0.054430040294720816,0.0027686977444671412,0.030490843966924308,0.034594701560176855,-0.02449995374456143,0.01619895917048314,0.032233146472154806,0.004623128260203668,0.006248225746876501,0.010001506871758992,0.03346191077421706,0.0002576352756906708,-0.006303055937466884,0.03482192102757098,0.016313515283475855,-0.007925587833610248,-0.06258285482507783,0.03564382687056622,0.04030057821684424,-0.017865514026728813,0.08209193496543071,0.010588031349833216,0.06549145268643597,-0.03826736382713608,8.665168116223088e-05,1.1102230246251565e-16,0.008594513362394474,0.05675300448574505,0.0,0.05314078449011994,0.04512424810207005,0.04631572976073928,0.04764542423767271,0.042177181012154286,5.551115123125783e-17,0.08184094901011635,-0.009107858953710968,0.05657530793555987,0.05803564395851396,-0.01231966358024622,-2.37834833001771e-05,0.0,-5.551115123125783e-17,0.034784976449866334,0.010253746492199067,0.0001509871529651874,-0.014809437791851121,0.03962518352981903,0.0,8.59983588569202e-06,0.004219735422023085,0.04325060524591895,0.04530566185349688,0.03148158361938019,1.1102230246251565e-16,0.03973694664311822
-0.01860177137217428,-0.0057596726571494394,0.036709638863715754,0.01098085707752805,0.01254163564890165,0.0,0.005292983132104245,-0.0032507154521395076,0.0023903678462369182,-0.004259592617491925,0.021703126507090553,0.01958293775187514,0.0017242365194165,0.023353163683037914,0.0012025923398092941,-0.0009368071534325284,-0.028574824358897133,-0.026100719081935675,0.03812425272373077,-0.008426228100774202,0.012316367246161253,0.0030981645952374848,-0.012681175607489714,0.017113708725030874,-0.013549177313252614,0.0013113329520262895,-0.0012841014611499335,-0.009047568002930662,0.007525752282659504,-0.008804656499259322,0.0029419458177102342,0.007782156995906397,0.0013066218666866747,-0.0009083489364584141,-0.00201757365897276,0.01609360929634235,0.0028480501670528624,0.007133378821090219,-0.023397679562815632,-0.022036166493894283,0.007241123496065094,-0.07282953452175828,0.04261060411219103,0.016144578331540427,0.013455020184841127,-0.019959768568321212,-0.006085095390496231,0.012892774657177197,0.01199353462496694,0.03255695414654414,0.01719166398179317,0.023241990769375942,0.0041499253595120855,0.018179529997257582,0.03163112232209203,0.035419242909817905,-0.02061594379610665,0.03159683250027612,0.0025258336637304923,0.013186005807480472,-0.0068945674522186695,0.0,-0.02857283335683325,-0.0024971654710741475,0.00908558370452528,-0.02599132083402106,0.006223948103484811,0.013774320226456194,2.2727524259913423e-05,-0.010190948547746548,-0.001447666527732816,0.01839707392381107,0.025509291507537002,0.022208342160219385,0.004119282631601329,0.04088317375667849
-0.016915042295570226,-0.009163612768009421,0.04002224379770053,-0.0005050445410613724,0.012172751672362758,0.005292983132104245,0.0,0.05506205951768672,0.049221333649943744,0.015406474150047755,0.03999557343904042,0.006226198902824387,0.0005366304288513257,0.015269142132187885,0.010227724847907127,0.013535189604446995,-0.010271522132952515,-0.012039607402137775,0.04864302368253964,0.013090758315606132,0.006893251135622225,0.012891897369169736,0.0445842872267283,0.003330069036396932,-0.014145599273244325,-0.014606700518171922,0.03453792756803864,0.019371764264064062,0.010822247089760817,0.0014426042954170937,0.0074892617208136,0.010019080757171839,0.0021284636941980573,0.015287857431499241,0.004446420186997424,0.0062256506351992535,0.029794343579063853,0.023985625485792972,-0.031951146273338504,0.02001842982481561,-0.015153905938867562,-0.052070017573818406,0.06168595031052837,0.009484016888000435,0.010966085586624541,0.0,-0.01456431373836925,0.03483719839039878,0.0,0.0396817932351885,0.036856231604576406,0.012195301879976195,0.045447451104109415,0.029762537328413052,0.00782303737913026,0.061494137252972814,0.02987595138867355,0.03183205150093338,0.03641840383049205,-0.0024629854576773136,-0.01864478881342424,0.0,1.8593498810670628e-05,0.01890637954808172,0.011764300839985808,0.012506712378194784,0.01245145047136087,0.03790869758798754,4.132389735772568e-05,-0.007918619128671589,-0.012303184863050154,0.03899166219074546,0.017646856861830984,0.03218471905462045,0.01742776865939233,0.05655114078505963
-0.011282553147022367,0.016404149567914472,0.014053625536455838,0.03591418999800561,0.03139101470312544,-0.0032507154521395076,0.05506205951768672,0.0,0.03178971377114165,0.025624894046950897,-0.018991884318238172,0.013495030886603199,0.05212847929594755,0.013171363751117049,0.0016514100306165291,-0.008711596292847845,0.006038902318349082,-0.03024258660998702,-0.0024411320617397925,0.025298569512882618,0.004035868945848453,0.01238487894111967,0.02511506885356629,0.009493692638838702,-0.01678206480031663,0.001525237110202693,0.012376124452189718,0.02136621098692909,0.013812391298789972,-0.012789056412968236,0.033127183958865325,0.02353609225787101,0.028315706253527084,0.02427245501144948,0.015560069650006614,0.07488801685331087,0.0005342657169806198,0.003367793537125352,0.027918045654733326,0.02521642056288581,0.040027378944044956,0.01598458163278027,0.060395379312751074,-0.010128405639575955,0.0,0.009502551429904138,0.012154665816196286,0.04742175949828209,0.0,0.022435118378768992,0.028554336509644784,0.03379422877454202,0.05729463258588835,0.03332860395658899,-5.3815140144186646e-05,0.06610919914919816,0.00010030372897407158,0.043874141350650764,0.04446840170885902,0.04680035760459145,0.010565697909657057,0.0,-0.0002178394785167237,0.031215583597038465,0.033944342484229506,0.08672919559511816,0.052404582119846554,0.026123267353039326,-5.551115123125783e-17,0.00038304890653484414,-0.010793640417168793,0.030399651760679824,0.03721425185880989,0.02841294137839806,0.01364477088204985,0.06739179423828034
-0.005584930391391962,0.00113819202904758,-0.011166008559729546,0.0226979499156158,0.009725596476828635,0.0023903678462369182,0.049221333649943744,0.03178971377114165,0.0,0.030980142456695614,-0.0005090595093137362,0.029196065752365052,0.04512867572357765,0.0322465156926649,0.012908044112602324,0.012789213096349339,0.013452884357713524,-0.04693255829908438,-0.026509332736988578,-0.002292966166571042,0.005498584952543739,0.01450493402545866,0.008141740742961145,0.015170710728346193,-0.020633016770610135,-0.0067099631604616294,0.011069726257659951,0.03216210541036546,-0.003522734984482634,-0.026376810748675428,0.03421710897505753,0.03416751235871068,0.0381700298879617,0.02956466986769979,0.018796952046308157,0.02191108851012369,0.026842212489798234,0.03609277300467367,0.04795933978985806,0.008038771932727506,0.06968855682553987,0.015469492251315553,0.031539988315730794,0.013419042930969904,0.017525432158790044,-5.551115123125783e-17,-0.0028365939351251424,0.045110199325779976,1.4131662252614419e-06,0.04900172052550611,0.038893428076039904,0.039701246459483475,0.06442591926881114,0.025172310793272534,0.008600348190876794,0.05815083872659077,0.04039058980941396,0.040211385216958884,0.04384813912266505,0.01501755801310456,0.011155701213042934,0.0,0.0,0.021248984143336536,0.0073546618463866675,-0.0017211265164029377,0.008809176496646975,0.022433668237205717,1.7392292964213407e-05,0.01078724896328409,-0.012253562387068873,0.02899677299080894,0.0430791387980769,0.033025490783132494,0.02241973978839762,0.06302743023687363
0.005407981368909853,-0.008620359020326318,0.032483939834124065,0.012195221397715617,0.038488716225986985,-0.004259592617491925,0.015406474150047755,0.025624894046950897,0.030980142456695614,0.0,0.04210745953915074,0.022769780180398325,0.012194890037686479,0.06106157136330359,-0.039655512455167186,-0.018623408469481295,-0.008998220616017738,-0.012827610041066473,0.03316070980509367,0.04317772146157023,-0.02614499625128891,-0.00432668128696001,0.02106202320498246,0.0050035275141605,-0.0003548903331148656,0.015558051076340729,0.022877943042829474,0.018516015614301606,0.009568827235649224,0.01675786908318755,0.015409676959067198,0.022302955927624768,0.028662064212846894,0.04109362821807411,0.014999371502952719,-0.0104342310598044,0.035192549868367506,0.03477629351874573,-0.03802542893626831,0.016974526338918716,-0.0050086973237915555,-0.023899844888740973,-0.03477965345708017,0.01310725371517013,0.03159559176364046,-0.004580227989386343,0.03965087621176544,0.0001544003691418272,8.024153594354821e-06,0.0004000244839131306,0.019955309467745264,-0.037641615000349515,0.002840054171848072,-0.005203741656640504,0.02900857424092651,0.01786312500760706,0.011270903091042228,-0.009209844992716765,0.0,0.00038753969886268225,0.049057178264630186,0.035928897108615576,0.0448837895301043,-2.6375813353962663e-06,4.285403171516711e-05,-0.00039645676053617906,0.006998861320689109,0.05140023516662462,0.010729019314462296,0.03711638415319335,0.028545049533309386,0.04139105425795886,0.017893768922727704,0.06187096087698596,-5.551115123125783e-17,0.0444840190628088
0.0022290286240480572,0.004915791083835774,0.02273088633691417,0.006566392198948445,0.004269354801378522,0.021703126507090553,0.03999557343904042,-0.018991884318238172,-0.0005090595093137362,0.04210745953915074,0.0,0.044304308156226546,0.05508091140079896,-0.0018637220308940772,0.0,0.00010279033409671401,0.013221301996850343,0.018364630723015418,-0.016550582726890195,-5.18451272184528e-05,-0.011534396555459403,0.0027921068441508212,0.07153375698936426,0.053059789950811787,0.019245490641166152,0.025073022443667103,0.01052778015257394,0.05219417449496533,0.023611304089360186,-0.0015172896931808788,0.04327720372408855,0.02699585648825037,0.021077142626569123,0.04491300040611107,0.038135257822294044,0.06833309643526969,0.05462454750233997,0.036660221662101866,0.04694516043447117,0.0042554573466495604,0.059085980208077926,0.010987720482198038,0.04280557769195514,0.050939148904342146,0.011483350014233062,0.0,1.1102230246251565e-16,-0.04641711942853677,-0.0018577488892639327,-0.011004401332229574,0.04662919081822092,-0.0026576698197313675,0.04453599044058432,-0.05941176898175238,0.02967328202471814,-0.03630785386061969,0.00015777871459365933,0.030811351492742056,-0.04500348513824953,5.551115123125783e-17,0.0,0.0,0.0,-0.07252728843571193,-0.0016349189687967502,0.0,-0.00010663183559639355,0.041760813776427375,5.551115123125783e-17,0.0,0.00013045717126858314,0.049741250139192617,0.0262283237200317,0.02293809474483366,0.0,0.03245937910336205
-0.020168038145791822,-0.017821475797867747,0.04180109634841905,0.016899036772538234,0.010902755670773201,0.01958293775187514,0.006226198902824387,0.013495030886603199,0.029196065752365052,0.022769780180398325,0.044304308156226546,0.0,0.008630147583493064,0.040454719817646034,-0.021883952542742058,0.0007209766629827086,0.013793264925086868,0.015322008222387606,0.04180474050393651,-0.017690969188039696,-0.002236093295692576,-0.02322541186987709,0.00805459105498385,-0.020389704644863615,-0.00396429215478078,-0.016468493200408163,0.024103856168531612,0.0310126388592199,-0.004582463450207019,0.015555585275085937,0.02803199307564891,-0.02698840000069508,0.027060742213787847,0.024136125735968295,0.01194493818239356,0.009249117983045452,-0.0020607447045176697,0.0065889513769135655,-0.028294686242094802,0.010249935552893719,-0.017346593278649902,-0.04129577171917065,0.01389285241959165,-0.005924843013730197,0.0086166563306313,0.002124516619074701,0.014242993200222542,0.0063082139469730625,0.006817786676555054,0.010452979025894926,0.006986208535875005,-0.027914262179849603,-0.00019055924094590893,0.008200873805309317,0.01564220349275025,0.0005641609892166333,-0.013793630794539491,-0.006404836025877658,-1.72893272167296e-05,-2.275150520575364e-05,0.00610204415839416,0.024377776261437667,0.02406228282389944,0.007980211834845208,0.005541852691684779,0.01425961030416012,-0.00029782212463691504,0.024668191090435443,-0.0008463472523168591,0.020612182036779836,0.017750402828871192,0.019424344219370226,0.013718431724642766,0.0025769374896009722,0.0,0.040286769320666604
-0.015862788853011456,-0.008446739852364882,0.039837983200414206,-0.000762501640062474,0.0390688262620324,0.0017242365194165,0.0005366304288513257,0.05212847929594755,0.04512867572357765,0.012194890037686479,0.05508091140079896,0.008630147583493064,0.0,0.1023505608958461,0.012726283878037592,0.005719593447765292,-0.0028560575724105863,-0.007715699268157072,0.0507789877093201,-0.0027000625135748524,0.017189497441146118,0.0031629124181362656,0.039919206907181204,0.010612873778190812,-0.005809905082573785,-0.010098582808027168,0.03341412186503823,-0.011539423186099074,-0.013090199844756567,-0.0025491271621120304,0.0019721718816766987,0.012069155317634694,0.009095058445240278,0.011556780017555779,0.005214202032292337,0.025058198622613492,0.042785570960457875,0.0160075925279628,-0.03591251746647289,-0.013798289138003628,-0.011005844467540993,-0.006005207500669296,0.06884773445070941,-0.015756727187500097,0.011749133546831492,-0.029489447122461543,-0.011090270010576275,0.036752512453253505,0.0,0.022426366291913524,0.03660257710777115,-0.0009121969511302064,0.04726559966456634,0.025842212663908848,0.035045950397697034,0.057951698249239736,0.0009767832872562,0.018117304122397093,0.016227321826799868,0.011709291914122455,-0.011141222613667234,0.012744615532648829,-0.00700652403064278,0.007981422691731077,0.026489043640440413,0.022081147550710778,0.005749222990374392,0.0396219681842741,-0.05210189446973451,-0.012620755080391899,-0.005855634174340485,0.03770497322849353,0.02012866550172776,0.03046083742817579,0.01798028570009147,0.009626849535147697
0.005105390939768362,0.01974112274712586,0.017112561211652166,0.004232320225659725,0.007310442765246894,0.023353163683037914,0.015269142132187885,0.013171363751117049,0.0322465156926649,0.06106157136330359,-0.0018637220308940772,0.040454719817646034,0.1023505608958461,0.0,-3.543152310042652e-05,-0.0004849807345817525,-3.676959370191302e-05,0.00010281587890387245,-0.00386809730790294,0.001095148890180142,0.022679172002290693,-0.004334731820779647,0.03670978623674864,0.03959308420906538,-0.0010368618549317365,0.014032301963300853,0.036649547678202776,-0.005234350405421417,-0.002945884623750783,0.009516335243123952,0.0575573694919726,0.05915221430391315,0.012007672182229145,0.04100550445884821,0.016130870527715335,0.04479933410306919,-0.0007217235823151202,-0.012499720704538086,0.0778896915023341,0.0,0.0029848883275236937,0.00023934070005637853,0.06735089349438478,-7.876793087224776e-07,0.0,0.0,0.0,0.05499302315674526,0.0,0.04390016981494049,0.031375058232636754,0.038122084334017536,0.08656650006045175,0.024814441475154436,0.0,0.08004920680292554,-0.00022815174028950613,-0.002074648415392788,0.10285244821397183,1.1102230246251565e-16,0.0,0.0,0.0,0.044378398492969484,0.0,-1.1102230246251565e-16,0.0,0.04802420608833402,0.0,0.0,5.551115123125783e-17,0.032831640018128216,0.013603344426660502,1.1102230246251565e-16,0.0,5.551115123125783e-17
0.008834654695605237,0.006073293282384817,0.02056712862466409,0.009864238749595022,0.011651177799983536,0.0012025923398092941,0.010227724847907127,0.0016514100306165291,0.012908044112602324,-0.039655512455167186,0.0,-0.021883952542742058,0.012726283878037592,-3.543152310042652e-05,0.0,0.007389100169639118,-0.005874814934708261,0.002966125598724223,-1.1102230246251565e-16,0.05321708567136568,0.014055170853456422,0.0038339920871547917,0.011953114221279315,0.04166410875565402,-0.00039649254149010105,-0.018219416245691344,0.020979298425553516,0.006167042843622961,5.4077722917822424e-05,0.009898270645324503,0.0040291624906143575,-0.003783390192938718,0.0027384661915184627,-0.004280601368326087,-0.005503229182969305,0.0063870874576501535,-0.01322182776208658,0.00010300215123087986,0.008787382020328971,0.022719561052375215,0.0157668208039885,0.017218183800533304,-0.06258688712295934,-0.003982533302812896,0.0,0.03660799628945549,0.010258196636514894,0.018614865660526836,0.0,0.0,-0.0026352571780610123,0.01211376819632437,0.02928545779513736,0.0033491355628266217,-5.551115123125783e-17,0.0,0.007485988760391804,0.0047655400184083985,0.008579792484092574,0.03929184626266602,0.018523565454831747,0.00015679642859173226,0.008110304452571437,0.0,0.03686468974538548,0.010687654077562336,0.013544484803713397,0.03613371262519094,-4.3114868294391595e-05,0.016285073242444048,0.008640971114369123,0.023034359412682004,0.02095298816738911,0.02858337483441603,0.019440701457647036,0.019688865126533006
-0.013668525795245856,-0.02407860210266677,-0.007581272540532924,0.00031024815843810893,0.00034223669299876525,-0.0009368071534325284,0.013535189604446995,-0.008711596292847845,0.012789213096349339,-0.018623408469481295,0.00010279033409671401,0.0007209766629827086,0.005719593447765292,-0.0004849807345817525,0.007389100169639118,0.0,-0.01072221231403453,-0.0274907714078782,-0.0001471043612435996,0.004600481171206761,-0.01268170836961413,-0.00794336946456009,-0.008414752613146281,0.00603069665623629,-0.028581538785802774,-0.020597147337571398,0.010394628096077108,-0.009955854243892226,0.0011036664777962502,-0.025706514541981473,-0.022063142150566206,-0.004057249642387184,-0.01631846157044664,-0.011269355709535522,0.015964993259703297,0.02639816987679877,0.007568030210315435,0.02330835250577795,-0.003803708603457301,-0.017954703050745424,0.00431550105748707,0.014793044700019131,5.849008956226864e-06,0.0,0.0,-0.0018107036012031674,-0.003444063368872763,0.0,0.0,0.0,-0.002348217018976584,0.009346875331118887,0.011346648527744807,0.0,0.011072031109371328,0.0,0.018854200215267847,-0.008541860521408151,0.0,0.016466062125882308,-0.004379894915050808,0.003699664430615146,0.0005874969005556507,0.0,0.019015821574412173,0.0007073450760419209,0.007435760300941896,0.02705614370748044,-0.030749658464777396,0.0030617586027533727,0.0023761598600030576,0.014064005190165374,-0.015212518290483756,0.010956524876726104,-1.1102230246251565e-16,-0.016743860383369003
0.06223096592468075,-0.05134567220490849,0.01450888046275639,0.004554984327979461,0.016748716351258797,-0.028574824358897133,-0.010271522132952515,0.006038902318349082,0.013452884357713524,-0.008998220616017738,0.013221301996850343,0.013793264925086868,-0.0028560575724105863,-3.676959370191302e-05,-0.005874814934708261,-0.01072221231403453,0.0,-0.028349930497273024,0.01831337994942278,-0.007394348336660139,0.04834350829128958,0.004580417509192636,0.013436309705451677,0.026742771239530727,-0.02000765000062149,0.004803446008128209,0.004323737285099549,-0.00017133050957984786,-0.009699887665267914,0.007543267591043623,-0.006325629209297912,0.0048693305225609995,0.0006253722118320648,0.00014620347387273025,-0.010568381863836407,0.004603704381501095,1.621914389277057e-05,-0.019115372288501187,0.012246766838126977,-0.0006398225586901063,0.033888290237508334,0.02178693059442527,-5.551115123125783e-17,0.0,0.01567730768988551,0.014727232373795973,0.03269338548611195,0.0,0.0,0.0,0.0,0.0,0.0,0.0,0.030932064200644094,0.0,0.018210866173232254,0.004067114927601312,0.0,-6.533847611034371e-05,0.03523315207312766,0.0378477028563457,0.04046816999263558,0.0,1.1102230246251565e-16,0.0,0.01034803965265757,0.0,0.004121765017715551,0.04273329341570414,0.03442885645836086,0.0,-0.004558800012134823,3.5249452651542335e-05,0.0,0.03549085144770814
0.0016763035111249658,-0.038247902489643604,0.026055782665364124,-1.3395205485489114e-05,-0.005771296553396643,-0.026100719081935675,-0.012039607402137775,-0.03024258660998702,-0.04693255829908438,-0.012827610041066473,0.018364630723015418,0.015322008222387606,-0.007715699268157072,0.00010281587890387245,0.002966125598724223,-0.0274907714078782,-0.028349930497273024,0.0,0.02257957799459631,-0.012360528715505525,-0.03163769946028333,-0.005013745333997288,-0.02531438219121962,0.004548141425893604,-0.025835626346963236,-0.00349162771187167,-0.004290786770142829,-0.007025158580178936,-0.017440493611736718,0.0024321486062774955,-0.019358558330868303,-0.012883206988553497,0.0020294044587192417,-0.010846534567663935,-0.008582220024685672,-0.0200025590468646,2.7031392966392342e-05,-0.01900875432200122,-0.009339693273117677,0.01694780690566755,0.026378631101951266,-0.0016626796494118579,0.0,0.0,-0.003717594837542415,0.00503944904150766,0.012605517865255045,0.0,0.0,0.0,0.004722787779682713,0.00011400006177197941,-0.00039621122336258585,0.0,0.022181170873649403,0.0,0.014341765377275162,0.014791335138670647,0.0,0.009088025476410133,0.024591445367314224,0.016690604416347454,0.029244143630077213,0.0,0.016193322807885324,0.010314540768911917,0.020827599040331657,0.02151933709627274,0.005707230453407652,0.027663952066613318,0.02985933135592639,0.004212238684896286,0.018275626233812292,0.009841075905734131,0.0,0.018910017208781382
0.0,0.011456158000710148,-0.00033558312705822546,-0.0009306411035691076,0.014876168383943233,0.03812425272373077,0.04864302368253964,-0.0024411320617397925,-0.026509332736988578,0.03316070980509367,-0.016550582726890195,0.04180474050393651,0.0507789877093201,-0.00386809730790294,-1.1102230246251565e-16,-0.0001471043612435996,0.01831337994942278,0.02257957799459631,0.0,0.00032868852301082274,0.009240754201125523,0.009731480412103033,0.011780251340157866,0.007665877667819676,0.01424775477316026,0.024430683538553377,-0.015218365005989332,0.041790007186012446,0.02018249498105351,0.003119266425370415,0.03358964381586654,0.02907354582074384,0.014426762778602331,0.033766868420207596,0.03791541548106642,0.02674884936875993,0.02743769983981853,0.04317367192405491,0.017810473706330654,-3.410822387095447e-05,0.03890725647353899,0.024812734069830367,0.040896069362108156,0.010278205755083814,-0.0005280201135440254,0.0,0.0,0.05848183749554309,-5.551115123125783e-17,0.03805277668054097,0.022012217532529355,0.024091471690165567,0.038765602590214554,0.021265731834716584,-9.926223581252502e-05,0.10944322405045398,0.006168927544350389,0.02444935862024311,0.021334600054107478,2.220446049250313e-16,0.0,0.0,0.0,0.04482161390129269,3.034294892695355e-05,0.0,0.00010859524133333132,0.007399297012314565,0.0,0.0,-5.551115123125783e-17,0.02932241617613285,0.02752315415232698,0.006152559874960939,0.00010460908406584313,0.0290267510205503
0.03890475404444077,0.002431354086395998,0.013349497097897178,-0.015580938135326294,0.0070651949823550275,-0.008426228100774202,0.013090758315606132,0.025298569512882618,-0.002292966166571042,0.04317772146157023,-5.18451272184528e-05,-0.017690969188039696,-0.0027000625135748524,0.001095148890180142,0.05321708567136568,0.004600481171206761,-0.007394348336660139,-0.012360528715505525,0.00032868852301082274,0.0,0.015802539550134387,0.0022795701945212965,0.05186326176574463,0.039437262583926214,-0.002541783137532505,0.006987513406903456,0.018484526942766588,-0.012344289422828614,-0.0026296202721692863,0.03463509259656661,0.03501384852052314,0.005696582449808807,0.004208496093849268,0.018831232857418723,0.004840937386445809,0.051985799248940756,0.005536008820706206,-0.03637531313087655,-0.013604727710568643,0.00927926372099852,0.015261653245197238,0.018094755945169405,-0.07319398066675475,-0.002235431215280581,-0.0001014223934984182,-0.0027236627318287243,0.013214330685376363,0.016208077301780477,0.0,0.0,0.0065954553156643,-0.052952739879854716,0.033954847850400594,-0.004887790790617019,0.0004525627146175215,1.1102230246251565e-16,-0.0017274265732911132,0.0059963287814298605,-1.1102230246251565e-16,0.02452085963042061,0.017842026602843564,-9.304510927177212e-06,0.0012297561439367777,0.0,0.022295456952178105,0.01288792408082795,0.016293103854127078,0.028140908682304344,0.0,0.002832686335734469,0.011850468586288576,0.021257134240112496,0.022252491274410036,0.02728307099331817,0.028784765104287124,0.022949881918405024
-0.024788173510156997,-0.020390573592127814,-0.005850295027582997,0.0001368949227641414,0.054430040294720816,0.012316367246161253,0.006893251135622225,0.004035868945848453,0.005498584952543739,-0.02614499625128891,-0.011534396555459403,-0.002236093295692576,0.017189497441146118,0.022679172002290693,0.014055170853456422,-0.01268170836961413,0.04834350829128958,-0.03163769946028333,0.009240754201125523,0.015802539550134387,0.0,0.006579667487827956,0.006460146241853815,-0.016581788484753224,-0.0405006058564269,-0.009334176797270777,0.017001793010924637,0.0017514097775535031,-0.002709869729328185,0.036502723230455836,0.0004239434636924555,-0.0025886419070396127,-0.02336935263853901,0.0019123362753081241,0.012232803422278615,0.053086383647858504,-0.0015713865838664076,-0.014957746816436912,0.013834340619832297,0.028064311713655476,0.03425854291782432,-0.007993894195959639,0.11822878074395682,0.0,0.0,0.0034148795386224062,0.013959645076948135,-0.0325308900063504,0.0,0.0,-0.0062391316223341375,0.018552012359106085,0.07044078531782855,0.009306923216084284,-0.011200464090206863,0.0,-0.0002943188422158127,0.027604571400801525,5.551115123125783e-17,0.015764200755540136,0.015203291886664638,0.0,0.020038783300671603,0.0,0.02005519869265121,-0.042607323976064426,0.010188008547006633,0.03051760555236749,0.002383858619859236,0.006754764243014577,0.0032662513355171674,0.018095187178002403,0.02382867289408197,0.025595318833431968,0.017823230274639446,0.0019053494312213926
0.0038587993239376783,0.009573655201260856,-0.008785928775072782,0.015259711920998398,0.0027686977444671412,0.0030981645952374848,0.012891897369169736,0.01238487894111967,0.01450493402545866,-0.00432668128696001,0.0027921068441508212,-0.02322541186987709,0.0031629124181362656,-0.004334731820779647,0.0038339920871547917,-0.00794336946456009,0.004580417509192636,-0.005013745333997288,0.009731480412103033,0.0022795701945212965,0.006579667487827956,0.0,-0.001828081166129203,-0.014429586338890243,-0.02269088791690982,-0.002342217704775662,0.006066986858638879,-0.007650474771295213,0.0016395309737732844,0.029152351937093424,0.026278198122602958,0.007836405185056405,0.002072386064146281,0.009400999661048515,0.009125413076327527,0.013657717197777086,0.01046713276653577,6.910248283931164e-05,0.0028858197731154167,-0.016337018868093967,0.003917846792788615,-0.0018837014361168247,-0.04859381742502916,-9.651118778997159e-05,6.801596850053437e-05,0.0069041507027118865,0.003905783891793191,-0.007965887824563478,2.4666307635312634e-06,-4.589672982036053e-05,-0.005579400006670232,0.0035919273595839685,0.05139407900889198,0.0039195954390999765,0.007125072675145672,0.0,0.009493345958851096,0.000275951979320177,0.0,0.013977656204850586,0.0004999446001673347,0.004792550230263537,0.006185080355228634,0.0,0.024331206199094346,0.002879667718501955,0.00562323348210908,0.02760785913508923,0.009216409911453116,0.000855423042289083,-0.000551164147877703,0.0034136970210138506,0.006496792246982963,0.015006695115153568,-0.020703263063792,-0.0008126389609872664
-0.008434750109779898,0.003434039858419946,-0.009854287513599902,0.016660926541137544,0.030490843966924308,-0.012681175607489714,0.0445842872267283,0.02511506885356629,0.008141740742961145,0.02106202320498246,0.07153375698936426,0.00805459105498385,0.039919206907181204,0.03670978623674864,0.011953114221279315,-0.008414752613146281,0.013436309705451677,-0.02531438219121962,0.011780251340157866,0.05186326176574463,0.006460146241853815,-0.001828081166129203,0.0,0.005904403729018293,-0.03377934755326589,-0.010558174929879816,0.03084312675776313,0.010641698265653143,-0.0013463335844943192,-0.004725600469959568,0.018998404226164278,0.012516003094243278,-0.012736070769882313,0.011548624011928577,0.004569737793470863,0.035537106694863985,0.01096185517709497,0.012956805074828492,0.00903469308819993,-0.025035458075563843,0.00016348315953029768,-0.006543551240152601,0.039724610390522,0.045797777218503255,0.0073724335329253265,-0.02195882646136421,-0.0009705594126049322,0.05420562359006442,0.011249625400690189,0.028427445704579113,0.014014140916998041,0.022220867543120026,0.029838668157487425,0.025660309386222435,0.037315888645445106,0.0720197248495773,0.006359366136446387,0.02749541744923767,0.049651106345389884,0.0271635292054887,0.008301864662639158,2.2634251849673603e-05,0.012432186236470744,0.04598739686975084,0.023872842707348185,0.011608714852668012,0.018461792761249096,-0.03305290122658705,8.722790013565573e-05,0.01187908812670263,-0.0012545887887447371,0.01658315685079348,0.02367429604936,0.022475000318370353,0.017412459109764522,0.03183266715081312
-0.014085839235252307,0.032951511777781495,-0.00016331155503840344,0.0019892498136581116,0.034594701560176855,0.017113708725030874,0.003330069036396932,0.009493692638838702,0.015170710728346193,0.0050035275141605,0.053059789950811787,-0.020389704644863615,0.010612873778190812,0.03959308420906538,0.04166410875565402,0.00603069665623629,0.026742771239530727,0.004548141425893604,0.007665877667819676,0.039437262583926214,-0.016581788484753224,-0.014429586338890243,0.005904403729018293,0.0,-0.0074722168858252225,-0.006080519422651698,0.010496148712927644,0.025031534836316816,0.013403244659078717,0.009033321561032315,0.0183518426761603,-0.020122214447679865,0.02992209480006497,-0.017345592736177973,-0.02863291159339254,0.06293371030877826,-0.02799683747199272,0.006161843180538029,-0.0931299849908136,-0.0007772549700121867,-0.0504976405421359,-0.02666023413058466,-0.007415397420366454,0.0028586836139639638,-0.0001898665560692292,0.004655554082462321,-0.011346106776737197,0.0,-5.551115123125783e-17,-8.940114816086142e-05,0.009271418943719023,-7.660803210418621e-05,-1.6653345369377348e-16,0.00015926048630393597,0.00969389766093609,0.00011716081644835841,-0.024193454889346933,0.014267389809611897,0.0,-0.00035424042579507153,0.039420862131596957,0.01336705041971814,0.016033262194616815,1.0894654654813873e-05,-0.00012129244909392378,-0.0555554942932141,0.01032048977964617,-0.00027222730114123683,-0.03620645592524385,0.017632869349315128,0.011973784453244984,-0.0029632201978081474,-0.027266499763960006,0.004332138358310145,0.0,0.042937157291515926
-0.0014441684083432715,-0.03536717168349368,-0.02013342905607357,0.000464926023752088,-0.02449995374456143,-0.013549177313252614,-0.014145599273244325,-0.01678206480031663,-0.020633016770610135,-0.0003548903331148656,0.019245490641166152,-0.00396429215478078,-0.005809905082573785,-0.0010368618549317365,-0.00039649254149010105,-0.028581538785802774,-0.02000765000062149,-0.025835626346963236,0.01424775477316026,-0.002541783137532505,-0.0405006058564269,-0.02269088791690982,-0.03377934755326589,-0.0074722168858252225,0.0,-0.011900306464994126,-0.008981347213396329,-0.00022911557559063267,-0.01744929842355697,0.001517377243470619,-0.01181162157285054,-0.009342614262446036,0.010185541883044436,0.00197506609853354,-0.011452849962004463,-0.008218155419661644,0.0023328566224452563,0.022564672178552736,-0.00798671909621812,0.013870954928657364,0.026101676912009486,0.01238254320209009,-0.0007254183060982355,-5.551115123125783e-17,-0.04849651751502665,-0.0017247731890350226,0.005029697318043758,5.551115123125783e-17,0.0,2.220446049250313e-16,0.0037107666855045185,0.012810056008488946,-0.00042105799904557095,0.0004564416511729785,0.012671409614284701,-0.00025870806070044106,0.014431458514374884,-0.0009180778265109324,0.0,0.05557486532381922,0.01705164280649185,0.01213243672762454,0.020286320788855172,0.0,0.022140930349909327,-0.030113812775402093,0.022177691466768623,0.013296949712668316,0.01253417300633014,0.021066363519741782,0.02521666453268878,0.015040323812770096,0.016636658874648824,0.015550167432695883,0.0,0.016966213034225186
0.0005393779789496511,-0.009254884532426011,-0.00819190954641219,0.012798743004042712,0.01619895917048314,0.0013113329520262895,-0.014606700518171922,0.001525237110202693,-0.0067099631604616294,0.015558051076340729,0.025073022443667103,-0.016468493200408163,-0.010098582808027168,0.014032301963300853,-0.018219416245691344,-0.020597147337571398,0.004803446008128209,-0.00349162771187167,0.024430683538553377,0.006987513406903456,-0.009334176797270777,-0.002342217704775662,-0.010558174929879816,-0.006080519422651698,-0.011900306464994126,0.0,0.0038980999853593934,0.0006692276060983882,-0.033079818501000946,-0.008597828261103335,-0.012091224293655889,-0.009849265579796318,0.008976374496241168,-0.006943045597456954,-0.0028394613649224687,0.11827704428484026,-0.025386416479697804,0.0037421361013653676,-0.0071779736724762455,0.0038748870266688273,0.01832196370333622,0.0012956418889104593,0.015130494969063601,-1.5403632203536688e-05,-0.009190384409879238,-0.015840488842474465,0.0005643206842857462,0.017939855059259435,0.0,-3.95107321547461e-05,-0.005276865955728516,0.007134260159093964,-0.021205120064725358,0.0044771101054008056,0.021988729944268037,0.0,0.016194032569150085,-0.0001739470762807671,0.0,-0.0006931180586375874,0.010779779842813642,0.022633115531942916,0.024570629334961624,0.0,-0.013183060649275546,-0.027080191390901343,-0.0006641079750251411,-0.012375784168689563,0.006295587782189638,0.023493796953024337,0.010041344018652643,-0.011846620549108455,0.003754837489363172,0.0019102191271187507,-0.00036454023658866186,0.019020462526042337
