0.0,-0.011980210846425254,-0.012837290997289696,0.0,0.01305976685547905,0.027144650203748455,0.005304945204991418,-0.04524626013991612,-0.005670016926983379,-0.053047074169917385,-0.005578346675044976,-0.05573927768363529,0.003962042601131033,-0.0036240274281467144,-0.009790988226368369,-0.009592921040704694,-0.0026355769110165683,-0.029253802968215614,0.0,0.013887558191455984,-0.03253851961465393,-0.009223618946786194,-0.036775992595371565,-0.06230530747887075,-0.02945393023712406,-0.02268580875201681,0.007539827697261858,0.007956926927328578,-0.015634992985736895,-0.013754655147252715,-0.017124452096509868,-0.006690132642951041,0.011561544339489138,-0.02068278413711938,-0.020822683584351687,0.00833673736719448,0.00045528930168792225,-0.044054484209210654,0.0030645930051266257,-0.0010521037986156445,-0.02081137626053914,-0.0073419393817226175,3.7804985493772314e-06,0.0,-0.011632984960355641,-0.0019810615405707055,0.0012015152049890676,0.0,0.0,0.0,0.03623088391311491,1.1102230246251565e-16,-0.015342030638855142,0.0,-0.06840639955274325,0.0,-0.08744015408037964,0.01893209144225838,0.0,-0.013782817973126027,0.0027056656245731947,0.005899307583277447,0.004802059699356487,0.0,0.003152613925364478,0.014060744554452442,0.015567792354263199,-0.01817222863539303,-0.010683684312302821,0.01632386547184761,-0.006297209896419187,-0.0006030341055253685,-0.00021440818719031807,-0.01164677824732735,0.0,-0.023217259469294482
-0.011980210846425254,0.0,0.02640416916121152,-7.5367419082317255e-06,0.0006161097191327847,0.0055396057351077554,0.00045012869343274975,-0.02221806270312382,0.0013845371497721026,-0.037855348441502124,0.006152591992804546,-0.02116081267086728,-0.004335453572477332,-0.007358428498568159,0.006451966432249878,-0.029859417074970918,0.00412272582730927,-0.023911482395093664,0.0126896556568174,-0.01782006268056152,0.0136526351219049,-0.03451328636057466,0.018278113074320534,0.0011488972367184602,-0.033794711891959595,-0.01792734770950083,0.009820851703280231,0.004694285374382323,-0.003166527204712166,-0.005270597666237109,-0.023161105139889615,-0.018372327013940093,-0.022536029544689362,-0.02508503890675734,-0.025322266443155994,0.007846309443333033,-0.0011349615027677618,0.0,0.005808064756439357,0.016408634827640156,0.0024120863961344385,0.008204114564947518,0.005495610498520098,0.0,2.220446049250313e-16,0.001544174525457298,-0.0035096505825676916,6.90194848107506e-06,0.0,0.0,0.01579617878237205,0.007936901894319726,0.01601735572278057,0.013059461112165771,0.023743544190888755,0.0,0.008748946591557727,0.006461999179785405,0.0,0.021358178818060403,-0.010858575726213404,0.013470244923917907,-0.0057170542868355545,0.0,0.026015391279251565,0.001441701974354781,0.004642555092952305,0.004948559100939054,-0.007703139962214833,0.002755251397737468,4.621677399635482e-05,0.017945589087085323,0.0029592970372345206,0.013277511662093067,-1.1102230246251565e-16,-0.0059863988429379456
-0.012837290997289696,0.02640416916121152,0.0,0.03283039469707044,0.013861672983071172,-0.01077892075193193,0.021116896659131357,0.015922141416976898,-0.018861540120657327,0.017755419956053564,0.011363056375695402,0.0035273821260689564,0.02009609473597085,0.03770514285752896,0.00625861861979643,-0.0078074655818402006,-0.010765002211029828,0.014480762075717246,-0.009475464524781707,0.02776929483314483,-0.0034624680930778196,0.01960093548600733,-0.0030588050704397074,-0.007343083392501948,0.00425744654125515,0.016380790836777848,0.0049938860279068464,0.01904034191425641,0.031031653727737585,0.07252433297390698,0.02493398844377548,0.010807567006912933,0.01980401777475388,0.019010282879747042,0.021624532952865316,0.03166247872825645,0.010915246678065427,0.0026759584287565086,0.0279916450809109,-7.742625879325615e-08,0.023817816282245996,-0.015670559733623635,0.045295774936604916,0.03753886040293347,0.0,0.0,-5.134671083473208e-05,0.12703287128331542,8.491100791374606e-07,0.03734219491575863,0.042201324389730344,0.02056161558816394,0.03868417992668982,0.050485980929809604,0.0004919990282057363,0.1353574970124688,0.009981768183937811,0.03466530720518224,0.03792040936980168,-0.00014444193514867587,0.0,0.0,0.0,0.20965956957871568,0.008937964648169872,0.006066612213612987,-0.0002535891102941057,0.030376795477119467,0.0,7.175630686873102e-05,0.014960476236510478,0.02542463531310768,0.025971721024103944,0.014068668379778326,0.0065926654746647495,0.018650025340189558
0.0,-7.5367419082317255e-06,0.03283039469707044,0.0,0.0037559043638024647,0.0035282761652863925,-0.02585996555117248,0.025784511728305093,0.00308582873203167,0.0261832024428047,0.002164520235487577,0.014894084053898027,0.022180051196648398,0.03689249231452668,0.012635485991693618,0.0004907710272254451,0.005529432783393573,3.8665832453044224e-06,0.019508928860479724,0.019871810027817238,0.0004466831837158791,0.016478999763372193,0.005322283070225864,-0.02069467779260309,0.00041888502468984123,-0.012949169545298733,0.009823602903768935,-0.03934637463487625,0.000861804717393444,0.01308479200648216,-0.005740735725927315,0.006577973989109809,-0.023803264066987462,-0.06803096393900387,0.04247705431643084,0.02304323388662971,-0.018151805331077353,-0.01631912998959545,-0.013156325681339787,-3.238074233158361e-05,0.0036069564642028373,-0.0007280296684576415,0.009307462664329136,-0.00652353513734838,0.0,0.0,0.0,-0.0006719401570105532,0.0,0.0,0.01160341454711361,2.220446049250313e-16,-0.045731452988542476,-9.274438429895948e-05,5.551115123125783e-17,0.00695606489517514,-0.014511735281575622,-0.00032750612407395074,0.0,0.0,0.0,0.0,0.0,0.0,0.0,0.0,-7.802324593519927e-06,0.006637043205468984,0.0,0.0,0.0,0.00703818334221612,0.0014010730054107579,0.0025021646253825525,0.0,0.0
0.01305976685547905,0.0006161097191327847,0.013861672983071172,0.0037559043638024647,0.0,-0.013768455794079204,-0.015840885325572485,-0.006366070787396927,-0.007213750367072169,-0.0017726679822454572,-0.03596531915405532,-0.009354210123459827,0.011104544980131026,0.011054757270348825,0.013066906666345246,-0.019734340355838098,0.017376341399292283,-0.03762445350443255,0.014930072314085774,-0.010771565949785011,0.016692171142817847,0.0018409026207823476,0.0007293890905512024,-0.029053282452756568,-0.023327001652362955,-0.004475169927531886,-0.0055880282053577535,-0.01763773472627922,-0.010916981438842899,-0.0036798423722201323,0.00979924067803839,-0.004510091168144992,-0.005797324358404521,0.0049377434512215546,0.020902017047668697,0.0026185513356514756,-0.0013245826316912734,-0.017297128353109592,-0.019070760337601467,-0.005711067619282806,-0.058824398392532784,0.01561222857847161,-0.007750777106783124,-0.0418242278952356,-2.5012377668942598e-05,1.1102230246251565e-16,-0.0047378548875933735,0.03568697585697933,0.0,-0.014783913425793216,0.02568991037432511,0.0037791846754811065,0.00350590747724977,0.02581826992109515,5.551115123125783e-17,0.03795681923308919,0.0061508030815423664,0.01756712185890824,0.00668273989705559,-0.0012745049860293234,-2.3653543812118816e-05,0.0,-5.551115123125783e-17,0.021448145089825066,0.004949448504947773,0.00016881127890600034,0.009150532765924035,0.023128951525929642,0.0,-2.4823793396966387e-06,-0.006135601557084036,0.02330766144410812,-0.0022165814912090687,0.022031298739065786,1.1102230246251565e-16,0.025690704761512473
0.027144650203748455,0.0055396057351077554,-0.01077892075193193,0.0035282761652863925,-0.013768455794079204,0.0,-0.0013167594804522897,0.011339207642983351,-0.008810152644532943,0.009333133538742766,-0.01146369103699374,0.006218228851001928,-0.010845311958130766,0.01022601192574718,0.02796086698561462,-0.00904904712169241,0.01163754963153657,-0.012110967778839632,0.033220690691048216,-0.007292162600670393,0.04418684588454874,-0.003574241602473549,-0.014396541668176888,-0.010937523564659046,-0.009732794302007242,0.030629134082517218,-0.011701196216680088,-0.013648486762116163,0.003801364217073666,-0.0013323306543698288,0.01569529917397866,0.007621363831702199,0.007021094485849311,0.00599213900683182,0.002190244313262091,0.020344764543470506,0.01122578986207956,0.0009350929611661729,0.0040176487671972905,-0.012113572277095475,0.014320942165882311,-0.024475472034033274,-0.010614430408744213,-0.017691006500318462,-0.013241167289968991,-0.0019151504310027656,-0.00540281918278962,0.0321221506479592,0.012703798560125323,0.022187447615715006,0.019520448917821565,0.013792449813780139,0.017202514083671128,0.023220397315022012,-0.011225196542898608,0.03786858018691197,-0.012549571202176368,0.024703967059950482,-0.022789455341589493,0.019947682762024244,-0.011408798498194817,0.0,0.005878928024929508,0.021418283125934523,0.024190834477903433,0.015687463288486414,0.018324530274116457,0.01034529170520715,-6.560396897614673e-06,0.002146249296212044,0.022156905062314103,0.011844923167289134,0.0027567874204461607,0.01171942463638731,-0.0052620971877632705,0.005577373975245048
0.005304945204991418,0.00045012869343274975,0.021116896659131357,-0.02585996555117248,-0.015840885325572485,-0.0013167594804522897,0.0,0.0011794555280170704,-0.013223724405022286,-0.030697771995897627,0.03190424066784048,-0.05883296071919297,-0.0033575110572299782,-0.004067309954747578,-0.013141745924067638,-0.017684238014843368,-0.006684729667202571,-0.019737921213069554,0.02935072567875613,-0.01468411471646941,0.0071999832977786005,-0.004299218478929556,0.011426983224858023,-0.07207353457054955,-0.021323016730847688,-0.01113870131164163,0.006965250054458139,0.0008307979632405926,-0.013250079542206417,0.014393332180215213,0.003131966669843944,-0.00597782876889269,-0.02994571412555902,-0.011769120668718158,-0.0046620082923058415,-0.004141386829003391,-0.005590036440259849,-0.04347643245134225,-0.005130867897197355,-0.0024115493192918835,-0.03385352148715709,0.009448725291389681,-0.035484098593957625,-0.04716949971118506,-0.006591879322602134,0.0,-0.0006679643791470125,0.01826862543842589,0.0,-0.02085138318858698,0.024168605245399655,0.0041348587021435845,-0.012629047428106166,0.010831263076140463,-0.003205806554660018,0.020780004855601608,0.0002748749399279493,0.0025617558125626827,-0.012766221586540338,0.017985552442936314,0.002952653998892385,0.0,-5.367092804131612e-06,0.0031397361743051855,0.013145149016680291,0.013392626123927776,0.00036136512300044554,0.00901909733627937,-1.1928319377185748e-05,0.002394394995019422,-0.002836267324607955,0.007340516863440616,-0.012472840340092495,0.007820785407109732,0.008306557473163223,0.01418698332250401
-0.04524626013991612,-0.02221806270312382,0.015922141416976898,0.025784511728305093,-0.006366070787396927,0.011339207642983351,0.0011794555280170704,0.0,0.020404332860074814,-0.017611810904865577,0.005507638602455955,0.002122931394319294,0.0020424008504141278,0.018760955025429293,-0.005262043581391651,-0.018864699445170496,-0.013911855440638388,-0.04139718656105407,-0.020488336288782383,0.021612902111352195,-0.033522664220183296,-0.0035068688241361445,-0.0035075764156327627,-0.05856241031759141,-0.03362216361311399,-0.037042171497743304,-0.0062727803246629965,-0.015735050827764274,-0.021556342912253834,-0.018971384118989687,-0.002540585029635445,0.012129502721801189,-0.030899168193184667,-0.011109907875805902,-0.00502995718913074,0.07247398341690803,0.05265032859189028,0.0074471665420349775,0.00776411617265238,-0.004756247502255395,0.014632489738576226,0.019366888121939208,0.04167776781822302,0.003702950033415031,0.0,0.0024962796532552733,0.0016018805136616687,0.027881467047244146,0.0,0.0013570682797771072,0.02968666477138915,0.018921319509320633,0.07887820594085782,0.011040149638993246,1.553396993037026e-05,0.03632729626315295,0.00014391634195703995,0.013597510752737074,0.04418827360860372,-0.007531771242691443,-0.0006562546489089494,0.0,-0.00014818783737413632,0.046684105371305074,0.021628137380376944,0.004284007660034117,-0.009002389830610968,0.008196412044764623,-5.551115123125783e-17,0.010299589435141532,-0.0067523243945198375,0.013421524195825651,0.0020271494130438272,0.0019159783170498712,-0.041395534532355505,-0.012742821354422451
-0.005670016926983379,0.0013845371497721026,-0.018861540120657327,0.00308582873203167,-0.007213750367072169,-0.008810152644532943,-0.013223724405022286,0.020404332860074814,0.0,0.013041865680606834,0.014024427376432724,0.013522435740199457,0.0012598052544869898,-0.029363100115083973,0.013708776018690805,-0.025239133035357186,0.0012125828099985858,0.011242526789155771,0.003181926633863741,-0.003996625185410219,0.0014733600672915403,-0.001690361034895782,-0.000482242153049095,-0.008724094369222224,-0.022828550315973084,0.01431523727883155,-0.0006268582598407679,0.0178232084897193,-0.008720275202359684,0.00837061344104817,0.023957178095312337,0.013529709238690235,0.005515544561597474,0.019167839263898145,0.011283115135537536,0.005769856223506509,0.015545549849305229,0.004772442324923298,-0.03342848397407877,0.015640997516521093,0.07355528343338952,-0.005679893467132768,-0.013694700978866381,0.005237579981241469,0.03173042647501817,-5.551115123125783e-17,0.0059579495617487765,0.03402226500389527,-4.0791646338522725e-07,0.0162476844281223,0.0414946127449104,0.01045723029701684,0.007788796909871221,0.03341219481582691,0.026353745695733455,0.029037458144123174,-0.00584183595014115,0.021219777642704662,0.00852144212122563,0.0023631547759366822,0.0002880118272786669,0.0,0.0,0.03840417844580446,0.016260402472128566,0.004297772787626886,0.011340901676193116,0.024144076063645104,-5.020359608920444e-06,-0.008094687480907692,-0.01686807017017894,0.024223940773659858,0.009958727821609448,0.025064815263633466,0.01446524723857201,0.016217808069224904
-0.053047074169917385,-0.037855348441502124,0.017755419956053564,0.0261832024428047,-0.0017726679822454572,0.009333133538742766,-0.030697771995897627,-0.017611810904865577,0.013041865680606834,0.0,0.019423289857536552,-0.0458335362090693,-0.022746319598414555,0.0557399034485071,-0.008586309646347434,-0.00937701135839164,-0.0054080298307661034,-0.009067352376781357,0.017106926058301775,0.0006094755385926409,-0.0423658760896406,-0.003875433900152492,-0.008908687415590255,-0.044853011182421465,-0.013820097664721864,-0.022177657598794864,0.0048879672744683855,-0.03184013956328635,-0.00808544811152273,0.002059263946026957,-0.010600338028489031,-0.05448019808482574,-0.02825083625717384,-0.02272522433408941,-0.03557485116590442,0.02413817254660311,-0.010823388940075673,-0.009426097238382336,-0.06253257501634513,-0.022596203684911997,-0.07025995128563839,-0.1046701049320975,0.021236427070993658,-0.0066803661806223436,-0.02423250990421122,-0.0026730516829394646,0.018311114272895,-4.456832566201996e-05,0.06387919158469224,0.0004361049437924813,0.02311668805225625,-0.009232421838617777,0.003151378181852793,0.0008214607945755681,-0.039635457700764154,0.008951264104446244,-0.056047026155721436,-0.014360637669997844,0.0,0.0003011151865170425,-0.024302224638202474,-0.02364534024706788,-0.014349184250782132,7.61349111755294e-07,-1.2369999191352843e-05,-0.02120417469165503,0.007387001793790815,-0.005247538418589159,-0.04199557308540974,-0.018862089921831582,-0.03611792795182506,0.013946246541623242,-0.00514612419406224,0.019815329308237484,-5.551115123125783e-17,-0.02494748924840573
-0.005578346675044976,0.006152591992804546,0.011363056375695402,0.002164520235487577,-0.03596531915405532,-0.01146369103699374,0.03190424066784048,0.005507638602455955,0.014024427376432724,0.019423289857536552,0.0,0.017879358844834825,0.033229952787343975,-0.006318394931886295,0.0,8.942332968375766e-05,0.008886549065351412,0.014906417828984664,-0.0035776853132826747,-4.9990694289903104e-05,-0.0035152109551526145,0.003244686098141214,0.023382111390312377,0.007045292005607717,-0.009235678811836567,0.006980158829069827,0.004286575847988139,0.02487411531597905,-0.0018676284534775989,-0.0009777110379691756,0.031202082259680186,0.03855971893936305,0.006327105047690407,0.018328516920840643,0.007425083231015095,0.06351959365542453,0.024400159138974697,0.016627140742044855,0.046508903903443866,0.008535774541830299,-0.010115758475539083,-0.006200529473446792,0.04991401315090127,0.018915308301076517,0.0008269863524816845,0.0,1.1102230246251565e-16,0.0799069139413161,-7.898804704753459e-08,0.04771341953017394,0.04727541309105954,0.032618286639256866,0.04010889261003342,0.07036302385719512,0.012201110514658109,-0.0061040612924466164,0.011030043313146387,0.04287410770478628,0.061778339995427034,5.551115123125783e-17,0.0,0.0,0.0,-0.028547055037808133,0.006495067618953743,0.0,-9.759133578524093e-05,0.03586494339428814,5.551115123125783e-17,0.0,4.401254703001456e-05,0.03444676096254229,0.021762910204534303,5.0290412914710814e-05,0.0,0.012825195925170507
-0.05573927768363529,-0.02116081267086728,0.0035273821260689564,0.014894084053898027,-0.009354210123459827,0.006218228851001928,-0.05883296071919297,0.002122931394319294,0.013522435740199457,-0.0458335362090693,0.017879358844834825,0.0,-0.0348553106714245,0.02099089780892549,-0.022735272589610722,-0.042954022490921395,-0.013143983569033901,-0.021987427494814082,0.01626765667480129,0.013157279573452196,-0.043096969155616116,0.012524526839747196,-0.019411539481242635,-0.03870392732260208,-0.03067285202276837,-0.03641584540892229,-5.7553050323233546e-05,-0.045591988509367465,-0.005588839840244164,-0.0014766834621857683,-0.027553815687693883,-0.01839594207052586,-0.024122111547544955,-0.045315027591069645,-0.04405829427052038,-0.017722050332180828,-0.04575613110466481,-0.016185836401482218,-0.03430969649580995,-0.016373008865496974,-0.07023923722856823,-0.05402379908770494,-0.013887309705767237,-0.023955223695434957,-0.027596863800253613,0.007478029096455785,0.01581244594610609,0.006841636368016157,0.007228946565141392,-0.01091140934950624,-0.004667740848843027,-0.006627298024441786,-1.1507005051036856e-05,0.005298842262351555,-0.04831393056041955,0.015638770207218655,-0.061824624857707344,-0.004819032098262677,4.9906381064390715e-06,6.567319100092561e-06,0.013487873934778571,-0.02955706750389292,-0.025799571887126782,0.009259030232719012,0.005834528682750195,0.015257222597237996,0.0002584098280060676,0.03350152550490032,-0.06377050398797496,-0.03060035662925764,-0.04845265660011561,0.01943246505235313,-0.003608743076387144,0.0022542924545881915,0.0,-0.015618568891044626
0.003962042601131033,-0.004335453572477332,0.02009609473597085,0.022180051196648398,0.011104544980131026,-0.010845311958130766,-0.0033575110572299782,0.0020424008504141278,0.0012598052544869898,-0.022746319598414555,0.033229952787343975,-0.0348553106714245,0.0,0.03966785731266159,0.0062391305146030085,-0.020993512421612626,-0.019786976293850234,-0.016432585363068963,0.030147262132543595,-0.025039013280137523,0.011155284504545282,-0.011808406973972785,0.008609642667013029,-0.04109484593082391,-0.027048940751664197,-0.01918544115163351,0.0039042412099382084,-0.030595836016771072,-0.027836898436803703,-0.08470072775208681,-0.011929962982039133,-0.0018519186397006338,-0.028795264676236887,-0.01704112544007863,-0.0016107214872701503,0.02775474044083104,0.026275352118879214,-0.027730584150195803,0.0019109057711039212,0.006765088234969185,-0.08669867739341419,-0.019165975457802187,-0.022045836657148266,0.014397310964114729,0.011877896000612065,-0.005881872933309662,-0.005166633032537893,0.04201744854627365,0.0,-0.014498276373487329,0.016060557537690645,0.01908262810936534,0.001192673800323063,0.04611407516893551,-0.020740864961055205,0.01597605901293231,0.005065820407118671,0.025429739514568284,0.016609612683755715,0.012372216456971452,0.004880013630694846,-0.006738812749245038,0.007967834305962651,0.024632995653307233,0.019546278120504357,0.01079751723162714,-0.0005089963135297415,0.006856041578643168,-0.0019714532341039703,-0.03008713694099474,-0.00938303947791963,0.01012989126781505,0.004677365907960529,0.006529180130797507,0.016130762225217032,0.017071394175036003
-0.0036240274281467144,-0.007358428498568159,0.03770514285752896,0.03689249231452668,0.011054757270348825,0.01022601192574718,-0.004067309954747578,0.018760955025429293,-0.029363100115083973,0.0557399034485071,-0.006318394931886295,0.02099089780892549,0.03966785731266159,0.0,-0.015374222632668078,-0.0005462558845216181,1.0613700185402308e-05,9.399756409683713e-05,-0.010129123844083598,-0.0041045383581098105,-0.015635771683758404,-0.0036001941523166603,0.0008562756156227369,-0.021054863488262965,-0.014991418433316805,-0.007038817422826693,-0.009230853061941047,0.029176364154277767,0.012065509903401328,-0.008085019964102103,0.006221126160685542,0.07257557681138366,-0.004435211807383321,0.00312881365490969,0.00026621866188808463,0.05167189687286644,0.022640586655581163,-0.012783227200362735,0.03390766953939556,0.0,0.00313190395546592,0.0003147118500195778,0.018936416115078902,2.2736699495373713e-07,0.0,0.0,0.0,0.04067282552356449,0.0,0.019696598645666585,-0.0013950450958133964,0.007881575594356705,0.04009521356192969,0.04440711008320436,0.0,0.056161675431007085,-0.00020059240720365912,0.016220975976959096,0.029519199120491335,1.1102230246251565e-16,0.0,0.0,0.0,0.03158759794815563,0.0,-1.1102230246251565e-16,0.0,0.014066910073311512,0.0,0.0,5.551115123125783e-17,0.006425988049068021,0.014502833165627893,1.1102230246251565e-16,0.0,5.551115123125783e-17
-0.009790988226368369,0.006451966432249878,0.00625861861979643,0.012635485991693618,0.013066906666345246,0.02796086698561462,-0.013141745924067638,-0.005262043581391651,0.013708776018690805,-0.008586309646347434,0.0,-0.022735272589610722,0.0062391305146030085,-0.015374222632668078,0.0,-0.0019373167856493456,-0.007836219554650192,0.004773249248561984,-1.1102230246251565e-16,0.02617693424422357,0.0015496532390109619,0.02505600415580639,-0.0016410335578145308,-0.024956833308417303,0.01061343214348237,0.018633009775078424,0.006164453690850558,-0.003600853161806916,0.005177829726590755,0.0026785067036391164,0.002320060995404327,-0.0015757927448492581,0.030756366899999887,0.007500529016589319,0.00623913535680426,0.0038712242943175212,0.0036699075649299084,0.00011108247668023541,-0.0015739213599244017,0.032183318502690406,0.012691213483849051,0.007971108607385147,0.007180108999830903,-0.0038109972376662027,0.0,0.0009038170515680566,0.01945970880910214,0.011367662549134405,0.0,0.0,0.02302702226315889,0.012800663556841285,0.05113510884671335,0.003676661874148557,-5.551115123125783e-17,0.0,-0.0038765300074179443,0.02404623840493142,1.294816101338192e-06,0.01027414097117485,0.009585331187203283,-4.525995845067188e-05,0.0069362505835384725,0.0,0.023706082016162366,0.009949291470801369,0.02719219683166163,0.02800359237228167,-1.1602253376208349e-05,0.019109833076716043,0.022658610201716223,0.03282112437567758,0.004941526575583,0.01542124917322052,0.011785819891685367,-0.002984962007730907
-0.009592921040704694,-0.029859417074970918,-0.0078074655818402006,0.0004907710272254451,-0.019734340355838098,-0.00904904712169241,-0.017684238014843368,-0.018864699445170496,-0.025239133035357186,-0.00937701135839164,8.942332968375766e-05,-0.042954022490921395,-0.020993512421612626,-0.0005462558845216181,-0.0019373167856493456,0.0,-0.015801944273203805,-0.04467186128328399,-0.00015690133798551553,-0.031781829324280086,-0.003617753768266563,-0.02393863300466942,0.0073161780100857166,-0.019874628558066987,-0.024436292727758546,-0.015132774405045402,-0.004811686072364707,-0.03237043714027854,-0.03224029314805954,-0.03258143873475211,-0.017821546615437278,-0.02632537272547264,-0.01179086833290166,-0.02146336361415918,-0.019697584907238552,0.012699241934173544,0.0006450747807910662,0.01493310586193125,0.0028660441446789475,0.011847671278200245,-0.00450594111138275,-0.007637378735249389,-1.6883414036272804e-06,0.0,0.0,-0.010524198701342247,-0.01050524934643804,0.0,0.0,0.0,0.010080770327069444,0.01023633510624855,0.012808907686602644,0.0,0.016755899125495133,0.0,-0.009322838577121961,0.0015183725900791978,0.0,0.003230582863777365,-0.015633593695432824,0.025892992211593913,-0.01497709745041853,0.0,0.022290056918587653,-0.03325194445659324,0.003800250829572527,0.003145206074588458,-0.006011876350931977,0.00012626136989690728,-0.010528109909743233,0.01615630226943149,0.016122263876095055,0.014247904809661871,-1.1102230246251565e-16,-0.010007920863029929
-0.0026355769110165683,0.00412272582730927,-0.010765002211029828,0.005529432783393573,0.017376341399292283,0.01163754963153657,-0.006684729667202571,-0.013911855440638388,0.0012125828099985858,-0.0054080298307661034,0.008886549065351412,-0.013143983569033901,-0.019786976293850234,1.0613700185402308e-05,-0.007836219554650192,-0.015801944273203805,0.0,-0.01502967405498018,0.01087379563234897,-0.014630678157804444,0.022163051003643575,-0.019154854374359265,-0.000648360192097075,-0.016180777741122476,-0.043110517567018114,-0.019818257721209542,0.017735887976234543,-0.018550095212131135,-0.001959933197592467,0.005467247091704541,-0.022598182680309387,-0.010608742445627206,-0.016399717741132358,-0.01788407406280612,-0.010812757602957579,-0.030327740907765577,-4.681725121469249e-06,-0.0031844619409517327,0.018092177009372712,-0.0004925737206916136,0.016564431793070433,0.0036145006922460587,-5.551115123125783e-17,0.0,0.02913079912456007,0.007447228276064921,-0.005701472313055123,0.0,0.0,0.0,0.0,0.0,0.0,0.0,-0.011468243985337412,0.0,-0.010767049027496312,-0.004637273271312081,0.0,1.8860230048378668e-05,0.03337266393157312,-0.011818958204189212,-0.016291378607103446,0.0,1.1102230246251565e-16,0.0,0.026282045604304582,0.0,-0.022619385536367775,-0.014957989825181872,-0.020530008907549357,0.0,-0.003769579483723362,-1.0174904981952171e-05,0.0,0.03949665214437026
-0.029253802968215614,-0.023911482395093664,0.014480762075717246,3.8665832453044224e-06,-0.03762445350443255,-0.012110967778839632,-0.019737921213069554,-0.04139718656105407,0.011242526789155771,-0.009067352376781357,0.014906417828984664,-0.021987427494814082,-0.016432585363068963,9.399756409683713e-05,0.004773249248561984,-0.04467186128328399,-0.01502967405498018,0.0,0.0020287843518668747,-0.023199618544632428,-0.016193302045155178,-0.021563764690581744,-0.005370775367938119,-0.02316651213382198,-0.03777000228167421,-0.03286442294442676,0.0018821071580354953,-0.021717337572607687,-0.0301324738144097,-0.025502150859887274,-0.014617591162848664,-0.0199397765908233,-0.012621442478783884,-0.020328834176856103,-0.01942989836638176,-0.03758580488191432,-7.802726972150342e-06,-0.0012821007036843968,-0.00536122073397155,0.005536421261776003,-0.003043251248188883,-0.014423907908662659,0.0,0.0,-0.0026236334437705344,-0.03001074189138303,-0.014962623848485013,0.0,0.0,0.0,0.006923093543557746,-3.290660447768934e-05,-0.0003826440834555078,0.0,0.010685105202192458,0.0,-0.0017501335103144444,-0.0024595271219221004,0.0,0.00614301832128844,-0.01622752310669251,-0.00010846913383871781,-0.010754544155372248,0.0,0.02696691148170316,-0.0006579910487575225,0.011055918321500158,0.01672962901412961,-0.01773631248902735,-0.009083966316567382,-0.01496538835977107,0.00025682678078031707,0.017510135318309472,-0.017078847068405123,0.0,-0.0030251399543207436
0.0,0.0126896556568174,-0.009475464524781707,0.019508928860479724,0.014930072314085774,0.033220690691048216,0.02935072567875613,-0.020488336288782383,0.003181926633863741,0.017106926058301775,-0.0035776853132826747,0.01626765667480129,0.030147262132543595,-0.010129123844083598,-1.1102230246251565e-16,-0.00015690133798551553,0.01087379563234897,0.0020287843518668747,0.0,0.0003626800738544822,0.01042352594265955,0.01076256804154574,-0.0025699306129362,-0.013086359239791734,0.0003262996540434049,0.010125054124749622,-0.006482930698273992,0.020415327641641168,0.0092704200906506,-0.0020839965982484276,0.02176862892011816,0.004896447305818341,0.005946868879590006,0.020077082630063192,-0.0007674263993024399,0.036060587753337925,-0.004962073977163084,0.007115135662484562,0.016620907077830094,-7.0891575858489375e-06,-0.005438125809053562,-0.00349207155857556,0.024056470782937323,0.01416817169299428,-0.0005169253136314,0.0,0.0,0.08409292920591455,-5.551115123125783e-17,0.02528124485552813,0.03148159733221778,0.008751887226315147,0.00967047221327677,0.030738777881764157,-0.00010446041025397035,0.1020628139773786,0.00011614662182962698,0.023720638348578627,0.028750079493834624,2.220446049250313e-16,0.0,0.0,0.0,0.05952481288089606,-8.7586217368818e-06,0.0,0.00010125121491033617,0.020297341225207877,0.0,0.0,-5.551115123125783e-17,0.02505599953919746,0.011469744096100798,0.004315447588251642,-3.019585867414243e-05,0.00552583272119056
0.013887558191455984,-0.01782006268056152,0.02776929483314483,0.019871810027817238,-0.010771565949785011,-0.007292162600670393,-0.01468411471646941,0.021612902111352195,-0.003996625185410219,0.0006094755385926409,-4.9990694289903104e-05,0.013157279573452196,-0.025039013280137523,-0.0041045383581098105,0.02617693424422357,-0.031781829324280086,-0.014630678157804444,-0.023199618544632428,0.0003626800738544822,0.0,0.011374403027045732,-0.03821715954561161,-0.03835706007405515,-0.018448486713884438,-0.02176302586705331,0.0006531077683964437,-0.0038029223778816568,-0.05129002752280737,-0.04181793575129855,-0.010692616983009662,-0.011476719986401873,-0.01878128948711688,-0.009846652091320629,-0.014620192394770581,-0.011619020911145306,-0.0024753804517648748,-0.001368868608426721,-0.0057991321532741,0.03018959038481628,0.022867259717458288,0.01115055974018897,0.014508237820603787,0.024294822575669672,-0.026238210880682178,-0.00017561002559468575,-0.009725715982777328,0.007536778629027019,-0.001031455437509321,0.0,0.0,0.022425736365309645,0.032064343862379274,0.03399940267524443,-0.010913774925187747,0.0003699495780186135,1.1102230246251565e-16,-0.012841338330041918,0.01335038851550413,-1.1102230246251565e-16,0.020688073820329833,0.019411709654639453,2.6857867985174977e-06,-0.0036581432826081617,0.0,0.03119138067672711,0.030921166161139824,0.009859415145579864,0.03201347083691486,0.0,0.002942112243564221,0.014497123851114624,0.029339022351310307,0.011923323452122103,0.023741952064214866,0.012970257950954078,0.016881416855692555
-0.03253851961465393,0.0136526351219049,-0.0034624680930778196,0.0004466831837158791,0.016692171142817847,0.04418684588454874,0.0071999832977786005,-0.033522664220183296,0.0014733600672915403,-0.0423658760896406,-0.0035152109551526145,-0.043096969155616116,0.011155284504545282,-0.015635771683758404,0.0015496532390109619,-0.003617753768266563,0.022163051003643575,-0.016193302045155178,0.01042352594265955,0.011374403027045732,0.0,0.010949806932887107,-0.01778366132535303,-0.05987379611195387,-0.017192989971828665,-0.019374649937413724,0.012657514688098337,-0.0034259862086288284,0.010164707060022704,-0.0003907885959527624,0.001560517535457162,-0.0015091168640342656,0.03268378093644303,0.005298654716087758,0.0001915391116441012,-0.00570461251783555,-0.0100326104748103,-0.00519670668470118,0.01392152857897061,0.019239729909030556,0.013779101142229633,0.004364041230568549,0.005378602189749615,0.0,0.0,0.05602805803556904,0.017273112073587282,0.01027651643748484,0.0,0.0,0.032760372516196345,0.005510316191365494,0.07093674374509051,0.01074657665418094,-0.0025987544835042176,0.0,0.00035747941990510457,0.014861631788616436,5.551115123125783e-17,0.03251955804776746,-0.0007506569794868412,0.0,0.00044077062341452145,0.0,0.040290672939072125,0.03112076732103336,0.02765686993957084,0.027397699297292855,0.0021907360286844146,-0.0004728211291283313,0.01144199697644177,0.04573659676070968,0.006521165471430168,0.030317875841224418,-0.002480755603592011,0.007215489632776462
-0.009223618946786194,-0.03451328636057466,0.01960093548600733,0.016478999763372193,0.0018409026207823476,-0.003574241602473549,-0.004299218478929556,-0.0035068688241361445,-0.001690361034895782,-0.003875433900152492,0.003244686098141214,0.012524526839747196,-0.011808406973972785,-0.0036001941523166603,0.02505600415580639,-0.02393863300466942,-0.019154854374359265,-0.021563764690581744,0.01076256804154574,-0.03821715954561161,0.010949806932887107,0.0,0.01691445377254397,-0.026689080468191018,-0.02736547562245223,-0.0051590307441489736,-0.005804833795239106,-0.02912738267932391,-0.027700531795605166,-0.02210169301111531,-0.010076246322296978,-0.00999837889705485,-0.0005727311473857633,-0.0034349960421412584,-0.0023120595379406694,0.011352120215293415,0.011429554018087484,-0.0005826753146777608,0.015113528718814828,0.022976317584031847,0.014384358353483284,-0.01403031500215518,-0.0364070670411471,0.005276395979158632,-1.963309965669069e-05,0.00962223487823849,0.009180312777570088,-0.0028734324755206875,-7.120034996588309e-07,-0.014327977603826647,0.011262265472174793,0.006016270938068502,0.012350891845325396,0.016558723809294573,-0.00575467185695111,0.0,-0.005257849211611265,0.011131811147158666,0.0,0.035522489139206304,0.008887056574573227,0.012228263402929984,0.016615040403791637,0.0,0.0253195395115427,0.0023744375522651295,0.007928002141938728,0.02257234098485128,-0.0163402943457317,0.013266700422985389,0.01077683922584094,0.01821987777100814,0.01047752860347817,0.02436756668614104,0.025857399130010783,0.013573307370271515
-0.036775992595371565,0.018278113074320534,-0.0030588050704397074,0.005322283070225864,0.0007293890905512024,-0.014396541668176888,0.011426983224858023,-0.0035075764156327627,-0.000482242153049095,-0.008908687415590255,0.023382111390312377,-0.019411539481242635,0.008609642667013029,0.0008562756156227369,-0.0016410335578145308,0.0073161780100857166,-0.000648360192097075,-0.005370775367938119,-0.0025699306129362,-0.03835706007405515,-0.01778366132535303,0.01691445377254397,0.0,-0.05207927681530328,-0.0015919004115225732,-0.002704379769591092,0.00038004003332003933,-0.005346169759022468,-0.006292164117645049,-0.0053472482559971946,0.013761003746732059,0.00023479851271879237,-0.001025111284267466,0.005171198418988832,0.009251169371055579,0.014936146085405,-0.004771653237222451,-0.018318296229696163,0.005330756544896897,0.014496438329796024,0.005357388709279376,0.018568337479295427,0.02221290476439236,-0.0016529615150733812,0.007800949176344829,-0.013893842687352498,0.027167199456053726,0.04858637176302294,0.018024243376612348,0.010232486477271263,0.013454426792650631,0.0038763448008660717,0.02050716119031093,0.02503313173141275,-0.006548045499754074,0.04475752630209778,0.06679402321096306,0.006419302950117389,0.03467040724987708,0.02436341008683801,0.024108934363199885,-6.5334734182798115e-06,0.008043007074074515,0.05465012750522602,0.028294495843901202,0.023931486210384767,0.01853074551378886,0.013002850451828363,-2.5178705735318108e-05,0.0056110398258061855,0.017714933351417328,0.010071263385011964,-0.004070240910722722,0.010541215639034485,-0.005427613779221185,0.004148930703242071
-0.06230530747887075,0.0011488972367184602,-0.007343083392501948,-0.02069467779260309,-0.029053282452756568,-0.010937523564659046,-0.07207353457054955,-0.05856241031759141,-0.008724094369222224,-0.044853011182421465,0.007045292005607717,-0.03870392732260208,-0.04109484593082391,-0.021054863488262965,-0.024956833308417303,-0.019874628558066987,-0.016180777741122476,-0.02316651213382198,-0.013086359239791734,-0.018448486713884438,-0.05987379611195387,-0.026689080468191018,-0.05207927681530328,0.0,-0.03751007971431464,-0.0295673574808194,-0.03375856005797173,-0.056902412303340255,-0.021170911653504265,-0.009030606506859329,-0.02383348785121564,-0.02229837344479646,0.011976098106174393,-0.0051027879912526886,-0.010495596034636512,-0.03890515076014833,-0.0076215519535954845,0.001981811869840977,0.04132780459016566,-0.027685674281085093,-0.05874160607774126,0.01134094024774579,-0.007119260853339082,0.0029867846678162113,0.00884049566463685,-0.0462896304972375,0.022575687947507084,0.0,-5.551115123125783e-17,2.5806023055297e-05,-0.0038964462363899055,2.2113235493781414e-05,-1.6653345369377348e-16,-4.5971219228058136e-05,-0.03665301180928676,-3.3818969807697385e-05,-0.0657337746951655,-0.009351030566490837,0.0,4.1750058507761256e-05,0.006817160365117703,-0.030217731050848684,-0.015458596207183872,-3.144788573383739e-06,0.0001936414441275902,-0.03752792012896261,0.009381720867981613,9.064519904378177e-05,-0.059856759081293676,-0.029411600980035146,-0.03222888247710892,-0.002684792577904882,-0.035056110801346685,0.005228300244876916,0.0,-0.02781618394850527
-0.02945393023712406,-0.033794711891959595,0.00425744654125515,0.00041888502468984123,-0.023327001652362955,-0.009732794302007242,-0.021323016730847688,-0.03362216361311399,-0.022828550315973084,-0.013820097664721864,-0.009235678811836567,-0.03067285202276837,-0.027048940751664197,-0.014991418433316805,0.01061343214348237,-0.024436292727758546,-0.043110517567018114,-0.03777000228167421,0.0003262996540434049,-0.02176302586705331,-0.017192989971828665,-0.02736547562245223,-0.0015919004115225732,-0.03751007971431464,0.0,-0.027421789210555547,-0.0007570178902375768,-0.020844363458570547,-0.015793770946291197,-0.001913957282458023,-0.021738634847918437,-0.019312715067756225,-0.018090225958179607,-0.023558209814922293,-0.016736381050991733,0.008123565913963626,0.00245558578318672,-0.010765270573665275,-0.0024964293416456784,0.0035279134148311075,-0.012994252695731956,-0.00234539108321552,-0.0014924690783340577,-5.551115123125783e-17,-0.014676485486432023,-0.021661401484395992,-0.01719694787752707,5.551115123125783e-17,0.0,2.220446049250313e-16,-0.0016913620759874681,0.014588639175235951,-0.01720237078597503,0.00041594231479197274,-0.0131582624051651,-0.00018436156422785288,-0.01830907014208577,-0.010645020415545048,0.0,0.009307125582700415,-0.016871242830624522,-0.011968211822327046,-0.014143739463166882,0.0,0.011135798041076173,-0.018951841109355827,0.011101803156263468,-0.02079774145702007,-0.02758505109887871,-0.010685968662041856,-0.019035199521059754,0.00571075838494145,0.016808400725088046,-1.567312370703844e-05,0.0,-0.015379073285011646
-0.02268580875201681,-0.01792734770950083,0.016380790836777848,-0.012949169545298733,-0.004475169927531886,0.030629134082517218,-0.01113870131164163,-0.037042171497743304,0.01431523727883155,-0.022177657598794864,0.006980158829069827,-0.03641584540892229,-0.01918544115163351,-0.007038817422826693,0.018633009775078424,-0.015132774405045402,-0.019818257721209542,-0.03286442294442676,0.010125054124749622,0.0006531077683964437,-0.019374649937413724,-0.0051590307441489736,-0.002704379769591092,-0.0295673574808194,-0.027421789210555547,0.0,0.006811849342660825,-0.019893083315324522,-0.009261878698089698,-0.01076138694711809,-0.02096977984969617,-0.013509509967557953,-0.019413279941359607,-0.02346946653047849,-0.01945521441400938,-0.03141147451510651,-0.0034527687215085145,-0.019299245474525828,0.01486101412747165,0.005263731203612065,0.003201977763864383,0.01707576333566857,0.00415186842675519,1.2009105943733278e-05,-0.01567884189440638,-0.004591068523966013,0.0037309062728411724,0.012959424148904664,0.0,-3.7225900558157665e-05,0.01855142227330059,0.007055141929080577,-0.0017218045339207344,0.019160120315617812,-0.03469258173192297,0.0,-0.03583418978470665,0.018463901196050903,0.0,0.022141804594610015,-0.0015038717191961926,-0.02361170615617275,-0.013176020915503461,0.0,0.01718992592135482,0.0003901268412419001,0.00999787193310242,0.0005972430574268106,-0.04299771352031373,-0.009068681355310027,-0.008078190590325274,0.017859152335056028,-0.010039922552966762,0.016843839567922625,-0.00029292001951908286,-0.004951291017131154
