0.0,0.25687781043641766,-0.18999615449177978,0.0,0.22348293152993004,0.1736271953169863,0.09072836674739801,0.22558096656231919,0.0653768867823804,0.12973505331492954,0.04701802740695016,0.1438506672010455,-0.03627124695449305,0.041068299613041516,0.04673252009597627,0.15128884774513718,-0.06819465691898924,0.20831570381028092,0.0,-0.015660334321190197,0.24005200650661357,0.128747339116965,0.1263775921827225,0.23484490791069815,0.13769753939981602,0.26547452162609464,-0.07150238425190719,-0.14557971540865042,-0.07068843981756384,0.06715695296223691,0.26383958216651865,0.1993241276800753,0.31071312256157774,0.30795151495699913,0.322891560841907,0.1501185062424468,0.21752158748895234,-0.01144381891345276,-0.2181910886960972,0.1376786824121929,-0.059123788228591635,0.1852962535458044,0.2071520030741186,0.0,-0.08147772320193958,0.18933606104079706,0.05300083181667155,0.0,0.0,0.0,-0.15050129980617935,0.0,-0.11838713221751328,0.0,0.051844151700930374,0.0,0.1893441437838513,-0.2513720735368431,0.0,0.17012898930241352,-0.18038512017307484,0.302073258971243,-0.0006060786502868412,0.0,-0.026322016468412857,0.477607429722917,-0.14313112670659767,0.04653870779162855,-0.07038422344548709,0.15286517115928164,0.16634036154393692,0.019302455532535824,0.18722669361237723,-0.1241504553345435,0.0,-0.1106756034721066
0.25687781043641766,0.0,-0.03135464602542073,0.1551855169016397,0.1526618878916428,0.1115713633992998,0.01575085672429932,0.22599937259578015,0.08784047575388494,-0.13507492926922515,0.050426976476448046,-0.00591364518963494,0.03488277158612015,0.10560845692211168,-0.08049260794839268,-0.012067390238487897,0.020399996646277622,-0.072761394039208,0.2173813154583231,-0.032201149915939406,0.1501754835737481,-0.04588525434617795,0.04321800449901989,0.09223661462471404,-0.04060541937537216,0.007122425966539985,-0.011827621602808935,0.06813696991398638,0.058129903027655624,-0.02920990757772153,0.016426076034150396,-0.17379758719961363,-0.06695812351365216,0.00819048243391244,0.0825331352358922,0.08537877525432841,0.011976460070091803,0.0,-0.0930398084032496,0.28525345666026325,-0.0038211508409652303,0.15865426282910852,0.2094000099439212,0.0,0.0,0.20471793383802558,-0.07807730009508707,-0.02844472144722005,0.0,0.0,-0.011212775392404447,-0.11115251990072697,0.11240358250959853,0.21084279672261783,0.1574113452564177,0.0,0.13257329714591248,-0.19207438733136112,0.0,-0.1414454891857397,0.0705311333291394,0.17650726630979152,-0.2244690692887719,0.0,0.015461831540799185,0.23682511514927798,-0.0004828325812021861,0.020530330921543452,-0.02014803200375728,-0.003985456141331022,0.0012065008942519703,-0.1203985220690289,-0.1263406793491821,-0.03150508882295674,0.0,0.09663801940612801
-0.18999615449177978,-0.03135464602542073,0.0,0.08910117175355572,0.101301672760127,-0.14234568664738892,0.08219360372438919,0.023557787642392754,0.038049050858980166,0.16614754487092986,0.05198248507726318,0.15126433883786788,0.0622514210072706,0.08162539661654503,0.12043936627958621,-0.06399303149617262,0.31455357072899026,0.5005307349348908,0.008849642837015472,0.011865155737806457,-0.02484716148075798,0.0122216345674603,0.019502021029148824,0.06666786346262535,0.1007532649052286,-0.12092624708033795,0.056996747719076736,0.10296457777227924,-0.1373636383023726,-0.03299956121119225,0.20203515448886253,0.07547416153709205,0.28321666493582176,0.10957989840894637,-0.003751417732074089,0.032848784185113306,0.180623113723885,0.12313110894080728,0.005204937353993418,0.20779828802541492,-0.209155697025555,-0.1307939788987472,0.09516846208002011,0.6176900429095481,0.0,0.0,0.14520811378957324,-0.13442530948231557,0.18341674641347905,-0.10210956179449562,-0.1038558899689499,0.05024217774903949,-0.13104664945741668,-0.19023784211959663,0.19213020674331427,-0.13132358110527154,0.28788592341587904,0.05327144208599709,-0.13842207336833812,0.15079874609676233,0.0,0.0,0.0,-0.13884285450052175,0.2646434464136206,0.1914931163111278,0.10130334271484161,-0.030216858678682026,0.0,0.24140133061794833,0.10289209655070168,-0.0857776574039453,-0.18957642299674124,0.035523663564253544,0.23809882664210508,-0.18631865798877684
0.0,0.1551855169016397,0.08910117175355572,0.0,0.08902465204308409,0.11111711082925477,-0.02527889841124081,0.15806260779960055,0.2560692457951621,-0.01948650885092417,0.2534108299645482,-0.13361748401037177,0.36793069022199415,0.6268228591052578,0.06773426096861132,0.1225496363688048,-0.02903967565718433,0.2067092781556984,0.27502258735763585,-0.07640222025378558,0.20537074793764049,0.07143302717916494,0.05435295630856144,-0.03074423940462603,0.3544757240021394,0.030508265036657625,-0.009907260981937012,0.02269222202669519,0.1308997761418567,0.3116635441068218,0.40815289769772756,0.09028463971118816,0.25448269499400217,-0.01154144838572569,0.3770215880234921,0.3861544259074444,0.016998060605279575,-0.2670731166964476,-0.12018796111278862,0.19133412054060947,0.404628385565138,-0.08067969102100825,0.11700159912224235,0.13555110026473743,0.0,0.0,0.0,0.17145396993027942,0.0,0.0,0.23514704438341594,0.0,0.2359018121623105,0.13249079995797555,0.0,0.13946870627128985,-0.009782134092027748,0.19451015537024663,0.0,0.0,0.0,0.0,0.0,0.0,0.0,0.0,0.20612816891854632,0.052840489081837895,0.0,0.0,0.0,0.25930010669648723,0.20188927033639606,0.2612225079381041,0.0,0.0
0.22348293152993004,0.1526618878916428,0.101301672760127,0.08902465204308409,0.0,-0.0937968687782591,-0.03947795608100515,0.09828568483372327,-0.03716985473388122,0.06115109475145687,0.0643506965655229,0.020838353540797192,-0.2484550653849003,-0.02765956873588435,0.15816413614026695,0.2525135944416743,0.37527996437157185,0.10855995243875388,0.27710772757869506,0.41296397890231834,0.035562986394911664,0.25023639403740483,-0.012341802192591893,0.3743446772481616,0.04216416869901662,0.07692840398779682,-0.11096423717893875,0.1382956315672978,0.17573562698815812,-0.038275410501520474,0.13552907994612085,-0.02384218383491893,-0.10402611478190053,0.032933105241343366,-0.1583957336159656,0.12414316874682875,0.31362348201980345,-0.037542648143345486,0.2953835591189282,0.25004769945810096,-0.3440977559112332,0.15639358699722483,0.2630896884327026,0.16896791039179784,0.1577317901331044,0.0,-0.0199677508607436,0.09551865770888171,0.0,0.20038948970302056,0.062155738957763745,0.14643138094989966,0.15528811110382726,0.08807394771893957,0.0,0.20986507588121084,0.05419740938380228,0.16960611112753038,0.3150673514533455,0.04152142761465532,0.19526192876836693,0.0,0.0,0.23250531211688572,0.24787712359934194,0.2174176775531387,0.2414885963648463,-0.06350192496830982,0.0,0.20827859547312733,0.1255502195722709,-0.019595904151462708,-0.024533848518592062,0.023513497907193023,0.0,-0.00749980526660669
0.1736271953169863,0.1115713633992998,-0.14234568664738892,0.11111711082925477,-0.0937968687782591,0.0,-0.09855853002234091,-0.24134422886116955,-0.13142935397340558,0.09248017959357954,-0.24005260341812873,0.23508591876897936,-0.0546483165177136,-0.03696591070020408,-0.04232319703089331,0.2214286457241566,0.21279519188322155,0.09978606025029034,-0.26200258494399353,0.02616891563882539,-0.023028599293542125,0.06994704228661165,-0.12565749430084766,0.22923529991103725,0.022436904200154956,0.09688404622650287,-0.1698917864351743,-0.04582230153121272,-0.23143404781028504,0.038926016001770966,0.29275524334498465,-0.03714146343088701,0.03219084742932806,0.1813736954063902,0.07124955053929959,-0.028151607339650317,0.14737866353506768,0.029446533399790364,-0.10677474164739464,0.13231908094188558,-0.32381064308993257,-0.054427576730247534,-0.19321429860767791,-0.12510266223940436,-0.08463053832707641,0.15718495374422758,0.0853480818542003,-0.24388224028462518,-0.2014819979042556,-0.15927760062033836,-0.10978588340058745,-0.13920462040551695,-0.059227980228630364,-0.2520394697470279,0.19523599040216336,-0.24459758146145774,0.06308725779817714,-0.11816770847486546,0.19372815789311937,0.00358286223961303,0.2009008210628982,0.0,-0.0415696546324553,-0.11199870994694092,0.13095120752443112,-0.04356684991036962,0.08259887096418825,-0.15267693298967328,0.22366748271643497,-0.04315133193346747,0.04764939026500102,-0.13713982445159906,-0.06739316691971016,0.0008028164795599035,-0.013870666786403089,0.022413802471725322
0.09072836674739801,0.01575085672429932,0.08219360372438919,-0.02527889841124081,-0.03947795608100515,-0.09855853002234091,0.0,0.12105041648121792,-0.04945718194079975,0.07448524995664933,0.0982118187420783,0.14382256809729038,-0.003484919271209412,0.07321195384533133,-0.08720932968321908,0.0835477086960299,0.06404183759449833,-0.024443581570756025,0.1653698892195026,0.02796984230578463,0.02525416588443895,-0.0004376078388902485,0.016245770385351244,0.22090539970593964,-0.030848804555346707,-0.01258497843574204,-0.12155223950965721,0.14411235465915057,-0.11756463804535129,-0.025328873979924393,0.21905163394971527,0.08745654440823988,0.06035349423034924,0.1324103627222465,0.11869122087378722,-0.09217934941134555,0.015778180952753223,0.19958057294739412,0.08844573725059832,0.08588166436189254,-0.18191963022044194,-0.026071162505265755,0.17392968721158275,-0.01369483963687666,-0.11873990812337802,0.0,0.025230792582792413,-0.03300615835335662,0.0,0.17319054671274206,-0.009541523372979102,0.11139595626573084,0.06468361645638818,0.04833340880731046,0.5547073370122508,0.25098731355823634,0.22262396630719825,0.0185964520369201,0.17761607948384303,-0.05977130965164204,0.11495747160408011,0.0,0.21929668130290583,0.15252742884581783,0.4470271094495175,0.011492554105750733,0.011776859369724266,-0.05942089265861465,0.20670543641903305,0.03702490264360689,-0.004912826509318645,0.004430994699420793,0.13203285087377784,0.03907377748194238,0.1357562871716944,0.0326746611569334
0.22558096656231919,0.22599937259578015,0.023557787642392754,0.15806260779960055,0.09828568483372327,-0.24134422886116955,0.12105041648121792,0.0,-0.10146421087343449,0.24167137562724544,0.287307652896893,0.19266168030738287,0.014723063867656191,0.5192297017190042,-0.08722400948617196,0.21264448283304838,0.04169256524023038,0.2226230110394476,0.16831312244169178,-0.18904403557885488,0.04642011873180444,0.2227008519561483,-0.018850936112401913,0.028037046521473735,0.17269395234542678,0.17573114377823396,-0.18272182490345856,0.04182109540518984,-0.06289518240727571,0.04956344949034436,0.15412022808144707,0.2817167552031176,0.3274753656847206,0.09974883817653654,0.11701966127412192,0.3181927737713613,0.012677014180045685,0.06950675689988,0.053980773507911854,0.14978828760213606,0.05156887472104397,-0.00814706418099962,0.21609668701075224,0.06779635180732704,0.0,-0.08749613850500663,0.023055666835297348,-0.057778793013018165,0.0,0.2575018119335055,0.034737464358204476,0.2069989004498596,-0.08304333653477393,-0.047035404274842124,0.2831791511897348,0.159141566258737,0.4118433317435761,0.10564616759763669,0.8110367857697202,0.23095009529903354,0.21379677428145238,0.0,0.2396041546390033,0.16966571292638194,0.16093627077670247,0.36405037442308713,0.35565371427070275,0.036091944882561226,0.0,-0.16997829536446094,-0.058829317246348954,0.006662959411348632,0.08194417136178225,0.27094845397337264,0.2905522437010739,0.059137842124324214
0.0653768867823804,0.08784047575388494,0.038049050858980166,0.2560692457951621,-0.03716985473388122,-0.13142935397340558,-0.04945718194079975,-0.10146421087343449,0.0,0.1296856018598564,0.03295611314737473,0.172855536790742,-0.38990065854072775,0.22607133031445464,0.18594103643938395,0.27493222960956964,0.17395373576781398,0.24752365516820818,0.0173739016052451,0.09133461604814994,-0.09889015955405668,0.1340203667254142,-0.0685021584093414,0.2821048140463157,0.025280306409329906,0.24261421574523986,-0.17757929786346627,0.09165589140724603,-0.12548748532530538,-0.010315744496531068,0.16541361231389548,0.08938823992670891,0.24564648046666485,0.1152069280601566,0.07388908220243326,0.1771791951942588,0.2456093582458105,0.25945101046769836,0.05504241226418154,0.38064068457363415,-0.12786400041791324,-0.102579464139329,0.12067172466667044,-0.0167586417948649,-0.08362651700198596,0.0,0.1510111823723679,0.017284846282351676,0.2062792202596827,0.08227188734224314,-0.09889336936300576,0.12279895951205354,-0.14940121165509695,-0.0302070072142811,0.19547889264026294,0.18892067770494803,0.1223355697318416,0.05986927494710522,0.2359564311743264,-0.08887630314761594,0.07712611198311867,0.0,0.0,0.11879953570498342,0.3897391298738433,0.49235863744039243,-0.011020190916268786,-0.09410621304805424,0.16384230889977924,0.25270912539077756,-0.19586018725518584,-0.08645390126188543,-0.18269334959920236,0.03981878083444614,0.16155973637175106,0.009838083243677527
0.12973505331492954,-0.13507492926922515,0.16614754487092986,-0.01948650885092417,0.06115109475145687,0.09248017959357954,0.07448524995664933,0.24167137562724544,0.1296856018598564,0.0,0.05356022491819643,-0.09457644818476402,0.17738933189648265,0.3648650243626812,0.1186965186670083,-0.06172848828434642,0.20353919889705474,0.047244819869164914,0.19359299976631283,-0.18911586140222822,0.24012816708022985,-0.0321396485918126,0.1279289936908849,0.011592771635713348,0.14857798307778072,0.10778608891230493,0.07904486222495569,0.21501950921556076,-0.006452339804739058,0.1010486681717552,0.25934294215266007,0.034825526190332065,0.2652423507785342,0.23550788744639906,0.5750204566575574,0.1536137396152298,0.08560816111084553,0.15574627011487435,0.13453135656001475,0.1416311668672244,-0.06823084190046536,-0.04246641489139845,0.07367206970554521,0.016501237283896443,0.1352906549869467,-0.06257147766176986,0.26809000265917443,0.18137640596670004,0.18423910891495462,0.2053573958368459,0.1714601377673224,-0.2570622355507703,0.8799631615901371,0.06142758783970375,0.1908164270594303,-0.0767068449212211,0.14391685129735562,-0.2915079811215904,0.0,0.24102349679534857,0.5733261267671558,0.17341433586300634,0.22063672477686053,0.20609440451823668,0.20421902675025028,0.07776537847697224,0.2721310147101938,0.06258062580235613,-0.027890666325835377,0.19250779181553027,0.06720273185400052,0.31632217262712625,-0.06843945566572976,0.29324361978599084,0.0,0.10228677173163157
0.04701802740695016,0.050426976476448046,0.05198248507726318,0.2534108299645482,0.0643506965655229,-0.24005260341812873,0.0982118187420783,0.287307652896893,0.03295611314737473,0.05356022491819643,0.0,0.12460221067340306,0.018444403281634353,0.2887199145850412,0.0,0.21804255410479217,0.22703633857327554,0.2227537224692195,-0.019130287175138243,0.19498907548344926,-0.14902502639761947,0.11055173473788793,-0.2327998193793982,0.15935229621224872,0.24984352725135228,0.20094939330244885,-0.10026213984243638,0.08416225650807195,0.07335348748172366,0.05430911087126451,0.09221134668442965,-0.041312961964332665,0.04815945967484261,0.023602489845023528,-0.10232132502059946,0.1481421981621613,0.19972238983905594,0.024571998505043983,0.2705497126698619,0.25094069871688973,0.012924476157957158,0.17673429914086516,0.1955590335343011,0.6574741638668214,0.0009908580088788949,0.0,0.0,-0.203195614128385,0.2359791476849007,0.11200285689883732,0.08512624352210083,0.11891419134994005,-0.030197172273712033,0.004012890257758077,0.3991368643655156,0.17875347215130258,-0.027447241395669522,0.1856090094460467,0.10668257774052856,0.0,0.0,0.0,0.0,0.015909770524790805,0.16687064143620872,0.0,0.20362008834314635,0.030500467747041522,0.0,0.0,0.392679334350688,0.0493385376974877,0.0934802383291547,0.12618593838774417,0.0,0.1968729788269239
0.1438506672010455,-0.00591364518963494,0.15126433883786788,-0.13361748401037177,0.020838353540797192,0.23508591876897936,0.14382256809729038,0.19266168030738287,0.172855536790742,-0.09457644818476402,0.12460221067340306,0.0,0.19092606069213633,-0.26750670938511567,-0.0932504898023308,0.21968680772414975,0.09365819798292135,0.21478832863453481,0.2620843906277365,0.2399018436669499,0.10894485312161578,0.18206096338641944,0.1385637717678291,0.037419326825410625,0.1736079860875585,0.08006316523365051,0.0175575932783835,0.18526686946533538,0.08133027030413839,0.17732381610004203,0.16572444147717486,0.28715436786994364,0.2053031793671231,0.2044161345598638,0.3866034998772578,0.15603209372426904,0.05034532401036618,0.002541520419216438,0.5625632814030477,0.13827651664955087,-0.029458468084076574,0.003418918682263121,0.3573512327837125,-0.17567872549609245,0.22989573914145534,-0.001954917040662474,0.5041836116714408,0.17450462793722785,-0.22014054732432142,0.2561650441762207,0.1962626923973086,-0.06978181849060294,0.15342333462601465,-0.0620192971179698,0.17877592401845202,0.027005427227488738,0.21181365539477182,-0.2464240633338692,0.21554025672393343,0.23099612243339554,0.48397319277438766,0.1294666676408232,0.17536681013843441,0.07151718022123366,0.29719948130795093,0.30431490100734315,0.09932074080062318,0.038366916842341454,0.013205237309842459,0.11670769023461872,0.040645712341487,-0.1455461942494454,-0.1873694717843745,0.20338978274096625,0.0,0.16462477377913887
-0.03627124695449305,0.03488277158612015,0.0622514210072706,0.36793069022199415,-0.2484550653849003,-0.0546483165177136,-0.003484919271209412,0.014723063867656191,-0.38990065854072775,0.17738933189648265,0.018444403281634353,0.19092606069213633,0.0,0.1471798571576844,0.049755274104916605,0.04699845554095891,0.14361801143370884,0.010537939977015506,0.14387169043264972,0.06832295532096744,0.07314634503279391,0.025484476918462888,0.030313883105929293,0.17507709118864012,0.017713527165575043,0.12732344073028415,-0.05262894120581427,0.04722696001578225,-0.09626259845769808,0.21231061717188496,0.10381905917832848,0.10177137953915714,0.09370962632600638,0.23987184980715465,0.19078416687558478,0.09017081801435758,0.3970578846929958,0.19839547600998764,0.013684774634703842,0.20602466469902114,-0.008472865630780844,-0.022251290613084555,0.09104467651865775,-0.25695683216332027,0.2719573287974382,0.3605181271608104,0.10280570905557487,-0.05680912976148344,0.0,0.20123518309420332,-0.03721890451761896,0.1726848525879322,-0.015957445338182545,-0.1941255289144198,0.26578777573425605,0.22790208985993815,0.31282647140347114,-0.261546874628196,0.0930034783804904,0.17500505429195576,-0.08832961033502766,-0.09642635281305548,-0.02479980180906373,0.14463779823692047,0.15596457494337487,0.06578277173518175,0.12186009139598016,-0.034177083050175104,0.44642154049918237,0.08291979393337795,-0.009515160680007267,-0.002678107336056605,-0.12039355831006515,0.06078815852409485,0.1866514805187991,0.06533578227787101
0.041068299613041516,0.10560845692211168,0.08162539661654503,0.6268228591052578,-0.02765956873588435,-0.03696591070020408,0.07321195384533133,0.5192297017190042,0.22607133031445464,0.3648650243626812,0.2887199145850412,-0.26750670938511567,0.1471798571576844,0.0,-0.12320433418388532,0.21520293801053123,0.206658942658642,0.21889327914006926,0.1820824068180726,0.23289693311002632,0.08819037661668917,-0.05131501236221652,0.09392136828007297,0.1187034714054693,0.2087465792777982,0.011921603019153397,-0.046718393604000694,0.1348209806697622,0.3669312856878626,0.518825561711887,0.384800031843474,0.17853828092241383,0.04281484923084722,0.4504499406113098,0.12110065141620917,0.32360080689362714,0.3934774126842642,-0.2631266469046961,-0.18271053915410446,0.0,0.2749295394886657,0.24529767237338915,0.3492623344216173,0.18341281475197693,0.0,0.0,0.0,-0.27602266472482745,0.0,0.3028930635771929,0.14570035892124913,0.36285366676170994,0.2740212436114764,-0.027601618065335343,0.0,0.19963502726420168,0.16437727856857368,0.19581013065125485,0.29142500066664156,0.0,0.0,0.0,0.0,0.10102389694976736,0.0,0.0,0.0,0.1353619484907658,0.0,0.0,0.0,-0.02961536934396966,0.2905389248845139,0.0,0.0,0.0
0.04673252009597627,-0.08049260794839268,0.12043936627958621,0.06773426096861132,0.15816413614026695,-0.04232319703089331,-0.08720932968321908,-0.08722400948617196,0.18594103643938395,0.1186965186670083,0.0,-0.0932504898023308,0.049755274104916605,-0.12320433418388532,0.0,-0.0482473333501582,-0.056179344918226154,-0.05411013193359663,0.0,-0.036016922751571534,-0.053519538317046964,-0.31213052860913304,-0.17367234812298724,-0.06147793677837722,0.14602096525560548,-0.0841569936775383,-0.2624982669783216,-0.0870467746580604,-0.08753825368320262,-0.013846321338488947,-0.0807791030135217,-0.292603531451085,-0.1902902821389469,-0.08968738767714916,-0.14524390699889783,0.05244265002118606,0.04034493123097847,0.16658917997521047,-0.15068682468079717,-0.010554068663131917,-0.14535109430185747,-0.09131212531566642,-0.08349470455825862,0.1921310682149863,0.0,0.2853427728866731,-0.0022389725473501015,0.01804603533941749,0.0,0.0,-0.10373512590265661,0.24402820805870917,0.04827788246713449,0.19322187064148438,0.0,0.0,0.08477372499449742,-0.06220597980894845,0.20888973868274524,0.07244748804285978,-0.18438654488632114,0.2389375087131127,0.23044386377165743,0.0,0.04897202816069522,-0.0032374173394290814,0.001167788098172664,0.03017313907646623,0.2035701017400919,-0.09154285950139583,-0.026991830597348023,-0.024338705774623895,-0.025884747127160275,-0.09307140397349598,-0.027927690874706576,-0.1478575031123237
0.15128884774513718,-0.012067390238487897,-0.06399303149617262,0.1225496363688048,0.2525135944416743,0.2214286457241566,0.0835477086960299,0.21264448283304838,0.27493222960956964,-0.06172848828434642,0.21804255410479217,0.21968680772414975,0.04699845554095891,0.21520293801053123,-0.0482473333501582,0.0,0.012424224687386305,0.2059327948549578,0.23089624030592967,-0.17943185090028135,0.2164516585094923,-0.15276718397115244,0.16993635459038126,0.304691614520651,0.1419656713900809,0.02780826088542062,-0.013081436929408878,-0.01459602521716024,-0.10476010338392544,0.037007229699348373,0.000242588343778688,-0.1686039740615368,-0.2576342609519332,-0.04626889953952549,0.04512301797775975,0.3454384072041057,-0.06936763583974548,0.36066819035179176,0.17992194942248987,0.3268486291729779,0.16979392616413425,0.2053864525293633,0.2064489147113989,0.0,0.0,-0.020788365825218612,0.06886170971445046,0.0,0.0,0.0,0.046772319127686764,0.2886897726491753,0.31840559668478624,0.0,0.29528133007582696,0.0,0.038694316789337206,-0.30397930673226314,0.0,-0.06131623098048396,0.23262627986175008,0.41472976642342835,0.1507743222873448,0.0,0.14909408894838008,0.15171417216924077,0.006473219549347715,0.01816701744498176,0.02212488831235755,0.2114413766330642,0.05866745645589112,0.007511621117369992,-0.05234622048916084,-0.010027117086333782,0.0,0.10450307542380244
-0.06819465691898924,0.020399996646277622,0.31455357072899026,-0.02903967565718433,0.37527996437157185,0.21279519188322155,0.06404183759449833,0.04169256524023038,0.17395373576781398,0.20353919889705474,0.22703633857327554,0.09365819798292135,0.14361801143370884,0.206658942658642,-0.056179344918226154,0.012424224687386305,0.0,0.25231964344398816,0.42395334489042935,0.06746090699438612,0.18284316133503548,0.02858344275828509,0.26931138182079406,0.04407609493365647,0.08466539046661951,-0.02808606282550339,0.07214176882268944,0.3365341996594571,0.031107756602511392,-0.14108558438273194,0.19915418306023813,0.03403184723961761,-0.03275703197298192,0.23580373986479242,0.5287969057442464,0.23420911560604005,0.15464102942359104,0.07604994390563785,0.2190722972692531,0.41895667097082845,0.46346297967181804,0.3465494691300366,0.0,0.0,0.1309531691658568,0.36507211913353954,0.1933702627026787,0.0,0.0,0.0,0.0,0.0,0.0,0.0,0.27006531712015125,0.0,0.18806929325178062,0.12912284960710707,0.0,0.24637445352979515,0.3662493483953143,0.24361666375966567,0.3302305047651773,0.0,0.0,0.0,0.3545150055233076,0.0,0.021904062183415146,0.2978535755661105,0.1559556781848566,0.0,-0.061510672146198035,0.2058775369547695,0.0,0.39814056425730043
0.20831570381028092,-0.072761394039208,0.5005307349348908,0.2067092781556984,0.10855995243875388,0.09978606025029034,-0.024443581570756025,0.2226230110394476,0.24752365516820818,0.047244819869164914,0.2227537224692195,0.21478832863453481,0.010537939977015506,0.21889327914006926,-0.05411013193359663,0.2059327948549578,0.25231964344398816,0.0,0.4383073072571406,-0.11258149167835482,0.43644696103591823,-0.22322228562400442,0.3181839511989932,0.15438573169810638,0.17564202879909235,0.13341268525773461,0.1114037937055938,0.03505780093100143,0.01683187138467943,0.08850082003434825,0.2035487012412592,0.0349424711015069,-0.004313354048702877,0.16048616935469,0.29361289586183775,0.10033532128819568,0.17300286786283525,-0.13817587220526345,0.3700257826368672,0.4506726430047132,0.3550072836805907,0.2794730064144087,0.0,0.0,0.42662839259253216,0.10048298244708416,0.19421206074988437,0.0,0.0,0.0,0.18161324230048329,0.2202898595910221,0.2567323692553863,0.0,0.2596440862978172,0.0,0.15943030384770324,0.09642790912068458,0.0,0.15401750604030076,0.3054150528544398,0.14520824938592924,0.26384827933602356,0.0,0.2620980417334919,0.09607793137263815,0.21216592150839197,0.6793828501752275,-0.010999346874637906,0.26074957550097766,0.15868404816433565,0.13118735553256325,0.2288234087366827,0.0012678311435028525,0.0,0.33757779531695403
0.0,0.2173813154583231,0.008849642837015472,0.27502258735763585,0.27710772757869506,-0.26200258494399353,0.1653698892195026,0.16831312244169178,0.0173739016052451,0.19359299976631283,-0.019130287175138243,0.2620843906277365,0.14387169043264972,0.1820824068180726,0.0,0.23089624030592967,0.42395334489042935,0.4383073072571406,0.0,0.22582099650203266,0.23558322971505022,0.23013510701703713,0.020545041648626996,0.3580355348653321,0.07710552018690056,0.42660501854563715,-0.041214396650869435,0.23310116581669155,0.2538980373355859,0.043442136744131346,0.2625781069488824,0.13767443769164325,0.2330535864400095,0.18599778563281436,0.11967084167008424,0.1712791265337008,0.22600432883381166,0.241264654951625,0.1681106524927223,0.19415137141086622,-0.36252153900383977,-0.060334720302751256,0.044166165851733566,0.7516896207357323,-0.030893167967675248,0.0,0.0,0.23461379018103523,0.0,0.1281580880361929,-0.034414312532144734,0.04665146489433253,0.05217236616777234,0.08262485706281905,0.25796746668946335,0.23024395040512846,0.012302362165873021,-0.010060745791367398,0.012621495320628166,0.0,0.0,0.0,0.0,0.23874645193561658,0.23671825665835006,0.0,0.24271136527421622,-0.02878777193950941,0.0,0.0,0.0,-0.051813199571822524,-0.037655014614589824,-0.16542607983333074,0.23899878198048413,-0.09494805817181758
-0.015660334321190197,-0.032201149915939406,0.011865155737806457,-0.07640222025378558,0.41296397890231834,0.02616891563882539,0.02796984230578463,-0.18904403557885488,0.09133461604814994,-0.18911586140222822,0.19498907548344926,0.2399018436669499,0.06832295532096744,0.23289693311002632,-0.036016922751571534,-0.17943185090028135,0.06746090699438612,-0.11258149167835482,0.22582099650203266,0.0,0.04934066230395308,-0.0976261529744043,-0.00540047479045001,0.117934176278784,-0.06433237151001639,-0.1135916725619602,-0.23861747023238952,0.031816735480347885,-0.07043056783066157,0.0791569428698628,0.04244362961974777,-0.2589386800550261,-0.23050947256380536,-0.04933561685813861,-0.07222113044305466,-0.1595666260197862,0.13637611497523983,0.5075616460465472,-0.23630112316173163,-0.05711493168827501,-0.20374126210849555,-0.04369562417949389,0.03403782161584622,-0.02971606565184642,0.13383846277815878,-0.055908017552888545,-0.14648457801229603,0.07811951284929228,0.0,0.0,-0.18459432168960727,-0.02533270398115291,0.09053310718448962,-0.021288830067221477,0.34755468526506667,0.0,0.23087939554750392,-0.17854963233682855,0.0,-0.07499562051563993,-0.2077082030922875,0.2064896028234878,-0.37679764572306973,0.0,-0.06279669795609838,-0.14648947929527473,-0.1356973139678793,-0.0660652885869357,0.0,-0.06682271651112373,-0.11530035313785789,-0.056314779654320454,-0.12230689495124886,-0.07500430558977515,-0.022129119474295127,-0.19063468758732952
0.24005200650661357,0.1501754835737481,-0.02484716148075798,0.20537074793764049,0.035562986394911664,-0.023028599293542125,0.02525416588443895,0.04642011873180444,-0.09889015955405668,0.24012816708022985,-0.14902502639761947,0.10894485312161578,0.07314634503279391,0.08819037661668917,-0.053519538317046964,0.2164516585094923,0.18284316133503548,0.43644696103591823,0.23558322971505022,0.04934066230395308,0.0,-0.09071461353679329,0.06650673069899633,0.09379352616216866,0.33917040591003605,0.06677035757458674,-0.014163119505937464,-0.01653509295493321,-0.025784022020300168,0.3799434161657138,0.21935460103656382,-0.06392040828016354,0.2320600742358369,0.1295991899318985,0.12611242308010867,0.21064743499757946,0.16122569730369637,0.0014860993830118178,-0.2408135986636689,-0.059253518638801836,-0.2761938599981228,-0.2176622777458587,0.06684021196997524,0.0,0.0,0.3417842996031727,0.021503406714286195,0.06217433289086123,0.0,0.0,0.017807751723926388,0.003273879177508633,-0.06386418735345469,0.3025836362191272,0.25528905410121,0.0,0.3878530585669977,0.05632487267304679,0.0,0.04481165888486979,-0.12914284195592268,0.0,0.030527458764375844,0.0,0.11641721297494743,0.20110262609086368,-0.20252875327028444,0.07669650235380468,0.2783361974259591,0.1254963710441035,0.024574660321221936,0.027877523899356174,-0.06380705587259597,-0.0086402634824509,0.05231299392906768,-0.1902240825436492
0.128747339116965,-0.04588525434617795,0.0122216345674603,0.07143302717916494,0.25023639403740483,0.06994704228661165,-0.0004376078388902485,0.2227008519561483,0.1340203667254142,-0.0321396485918126,0.11055173473788793,0.18206096338641944,0.025484476918462888,-0.05131501236221652,-0.31213052860913304,-0.15276718397115244,0.02858344275828509,-0.22322228562400442,0.23013510701703713,-0.0976261529744043,-0.09071461353679329,0.0,-0.03951893812580931,0.18192452337924617,0.009361387972215857,-0.29722314313444614,-0.10178016507734554,0.02792026745154897,-0.0834844304192523,0.08260272422201921,-0.08168782526722042,-0.2920079727700513,-0.25451320171637415,-0.1236604303583598,-0.11240044396179649,-0.08605707386324749,0.19170509287367618,0.2931367882940115,-0.01865984958405088,0.06060379395079846,-0.13487343326604914,0.03015503801661453,-0.22117995685586345,0.15795706716362293,0.17138127644170828,0.11631103718649391,-0.07479143204280786,0.07076304852857357,0.2071066957704547,0.19664935467987385,-0.049332835972309926,0.03506492263775338,0.12281612304043246,-0.10188258311711089,-0.00338129164894984,0.0,0.10051241505718791,-0.28320664365177567,0.0,0.01216826029309151,-0.036667114944845924,0.03481282036002287,-0.15930934731457586,0.0,-0.18552017731613926,0.05533420711176001,-0.12408474557078043,-0.07698355540690441,-0.07735164987517135,-0.04463942987669511,-0.0589886661574903,-0.14661443610177322,-0.3556197331557279,-0.19618336765186567,0.42368770087054713,-0.10118235838301096
0.1263775921827225,0.04321800449901989,0.019502021029148824,0.05435295630856144,-0.012341802192591893,-0.12565749430084766,0.016245770385351244,-0.018850936112401913,-0.0685021584093414,0.1279289936908849,-0.2327998193793982,0.1385637717678291,0.030313883105929293,0.09392136828007297,-0.17367234812298724,0.16993635459038126,0.26931138182079406,0.3181839511989932,0.020545041648626996,-0.00540047479045001,0.06650673069899633,-0.03951893812580931,0.0,0.06970340781880227,0.2601911454794636,0.05578104772645476,-0.11853088237804431,0.011196282605436366,-0.04488977828838367,0.013948252014839277,0.10235439440153266,-0.03870990338492064,0.006174906834610111,0.07679360848514409,0.05129209547234439,-0.0009908212679252439,0.13725744229573494,-0.017272643880023975,-0.0395591751377637,0.0937173631636411,-0.03175233075728975,0.0012753157335674767,-0.11887806015312205,0.0847945218961523,0.004882441329057248,-0.03636275087692533,0.021579482775308793,0.054007384953436585,0.09867514990130351,-0.0199746052967036,-0.06962147685003629,0.015763087175099333,-0.055661056238694634,-0.10855032463680386,-0.5088021788423626,0.1580090093725745,-0.04853954688902198,-0.05027497093143659,0.05965087914054587,0.010830547717191441,0.20059151363282723,0.2042190267502498,0.009399779658781526,0.15970328480705187,0.01456944606063177,-0.019147335315432154,-0.0015762112083974704,0.10473323264936316,0.14982198441723324,0.1323671979002154,-0.06591096418052665,-0.093021461618607,-0.05913157861717196,-0.032010556155881116,0.018551654705907313,0.010861067992624845
0.23484490791069815,0.09223661462471404,0.06666786346262535,-0.03074423940462603,0.3743446772481616,0.22923529991103725,0.22090539970593964,0.028037046521473735,0.2821048140463157,0.011592771635713348,0.15935229621224872,0.037419326825410625,0.17507709118864012,0.1187034714054693,-0.06147793677837722,0.304691614520651,0.04407609493365647,0.15438573169810638,0.3580355348653321,0.117934176278784,0.09379352616216866,0.18192452337924617,0.06970340781880227,0.0,0.028839261270006432,0.13238665510119085,0.06129246139665436,0.2233686529021331,0.15188241523390653,0.40092961097681484,0.4206425008079014,0.49969506086639404,0.35189240983957815,0.3879793437970842,0.7744970772069604,0.24758146752372814,0.04612873346756966,-0.003885037344286267,0.3463338527017027,0.14816639586000518,0.09348501764796058,0.17027156378359562,0.11966353451768566,0.20246939396882646,0.1348187112289039,0.08290042564004751,0.04334630389467326,0.0,0.0,0.20599207785929538,0.1829470218379844,0.16605691293361485,0.0,0.13648495232655813,0.15066019466994854,0.21901479073289637,0.07546280456986425,0.05203676151033346,0.0,0.156489657220837,0.10230743446598259,0.16213287882344238,0.044417284362474545,0.20868990087555012,0.14931094077423412,-0.015748648632751452,0.0726685352909228,0.25383664595655514,-0.007602091911666893,0.07614955302411845,0.0787938670833341,0.10485442109020016,0.09512298315027845,0.1925421935132051,0.0,0.320269819385157
0.13769753939981602,-0.04060541937537216,0.1007532649052286,0.3544757240021394,0.04216416869901662,0.022436904200154956,-0.030848804555346707,0.17269395234542678,0.025280306409329906,0.14857798307778072,0.24984352725135228,0.1736079860875585,0.017713527165575043,0.2087465792777982,0.14602096525560548,0.1419656713900809,0.08466539046661951,0.17564202879909235,0.07710552018690056,-0.06433237151001639,0.33917040591003605,0.009361387972215857,0.2601911454794636,0.028839261270006432,0.0,0.07218550492857288,-0.02615825125691255,0.035486876455687814,0.08743338297255879,0.07862174847818755,0.13717572228845956,-0.0532733030210485,-0.03729509362985578,0.08102723823176639,0.32505783760501217,-0.06458619681480413,0.25005887400385624,-0.001184587714039509,0.24634811779040466,0.4322972607392405,0.2968576381264319,0.2760150177258571,0.1690591706013452,0.0,0.1785518913568453,0.1571673918976456,0.15422901972008302,0.0,0.0,0.0,0.06800324304273472,0.16152789690193647,0.03490590846501895,0.19289794286305847,0.15090148614362459,0.1952050842743334,0.09540822808021546,-0.02943599746394507,0.0,0.03067675628472165,0.2272379666233907,0.04711437186390466,0.1533662150818809,0.0,0.2314349959218203,0.00416568585689021,0.12527542095418745,0.030985016143583677,-0.18270559970570108,0.14840917176388282,0.04916944559040371,0.06877728324877863,-0.10496094930509274,0.052058890087383757,0.0,0.15939089727620784
0.26547452162609464,0.007122425966539985,-0.12092624708033795,0.030508265036657625,0.07692840398779682,0.09688404622650287,-0.01258497843574204,0.17573114377823396,0.24261421574523986,0.10778608891230493,0.20094939330244885,0.08006316523365051,0.12732344073028415,0.011921603019153397,-0.0841569936775383,0.02780826088542062,-0.02808606282550339,0.13341268525773461,0.42660501854563715,-0.1135916725619602,0.06677035757458674,-0.29722314313444614,0.05578104772645476,0.13238665510119085,0.07218550492857288,0.0,0.025748863601536182,0.19817962087643787,0.11047674520900339,-0.09709027793701835,0.17500644756493838,0.012985769603211888,0.2279974444447858,0.16135900019375277,0.1930510875062385,-0.1112964099218768,-0.09294482163137512,0.07834563324911255,0.12176014512554685,0.3883715156738745,0.14958682098928364,0.11849301042136004,0.11487856479855298,0.22071090669066162,0.16275937742668659,0.21242975607609008,0.14357807500310038,0.18106957396502185,0.0,-0.024266559092220898,-0.023394193351663536,-0.07547145402324283,-0.042221382731821536,0.40635866400879955,0.15783303177269287,0.0,0.13941722486164956,-0.07391712271674732,0.0,-0.07791323320994165,0.1841058923257513,-0.035863520260784515,0.16461675407065962,0.0,-0.15952130339109916,0.1647251718351039,-0.028882437204868508,-0.006323695036808859,0.0066990004667123945,0.16128419949783612,0.06664015742324875,-0.10888259648427023,-0.05743235434090355,0.01007845718338909,0.19512861129603373,0.06539678694933049
-0.07150238425190719,-0.011827621602808935,0.056996747719076736,-0.009907260981937012,-0.11096423717893875,-0.1698917864351743,-0.12155223950965721,-0.18272182490345856,-0.17757929786346627,0.07904486222495569,-0.10026213984243638,0.0175575932783835,-0.05262894120581427,-0.046718393604000694,-0.2624982669783216,-0.013081436929408878,0.07214176882268944,0.1114037937055938,-0.041214396650869435,-0.23861747023238952,-0.014163119505937464,-0.10178016507734554,-0.11853088237804431,0.06129246139665436,-0.02615825125691255,0.025748863601536182,0.0,-0.012039001511974776,-0.19720267136191935,-0.004641895425607893,0.024818545204483664,-0.12399658748192886,-0.12868065105450516,-0.019779320936391332,-0.016679534778586972,-0.1715847885920922,0.11821945389104163,0.03273768905255543,-0.16572282534061983,0.016117455163625092,-0.3222471236233998,0.008864259383757829,-0.38902637815672086,-0.019922315488704812,0.07814198246013895,-0.08972845814867803,0.033396403901751234,-0.11001286110637645,0.0022003814785074675,0.021988292958098475,-0.06982291022418388,0.09700783783173482,-0.06907968752572624,-0.09780152712723222,0.33517251563353506,0.04670611745006423,-0.10973999820718135,-0.08030503185355486,0.41192637323360887,-0.046575421565032575,-0.0111177795609625,0.0,0.08554149628043235,0.07761673237628695,-0.018137738884363402,-0.07069829525497848,-0.02127905453011616,-0.13144601811489415,0.0,-0.2789768198206783,-0.011414596447327025,-0.09912920278568645,-0.12302669324891491,-0.14932332819925478,-0.15055341043178805,-0.031835769537178954
-0.14557971540865042,0.06813696991398638,0.10296457777227924,0.02269222202669519,0.1382956315672978,-0.04582230153121272,0.14411235465915057,0.04182109540518984,0.09165589140724603,0.21501950921556076,0.08416225650807195,0.18526686946533538,0.04722696001578225,0.1348209806697622,-0.0870467746580604,-0.01459602521716024,0.3365341996594571,0.03505780093100143,0.23310116581669155,0.031816735480347885,-0.01653509295493321,0.02792026745154897,0.011196282605436366,0.2233686529021331,0.035486876455687814,0.19817962087643787,-0.012039001511974776,0.0,-0.12040682110937108,0.07858926804779992,0.25731123920146964,0.06963840041421859,0.06502475770854627,0.17787366894705964,0.2990521968421872,-0.15731091889781157,-0.11293395598113395,0.15410225022057494,0.11680658333876019,0.14417108019118838,-0.12518560826078273,-0.09012750759611024,-0.03702986751041815,-0.05392904436315913,0.36364568320642204,-0.05592189515450288,0.11298338884580694,0.10156874904344146,0.0,0.055297447836385544,0.05098355427899208,0.24741846848946092,-0.0031460085235348392,0.1367517607662583,0.21828337431927075,0.562257426084325,0.25954604255118285,-0.138705665631687,0.166636515575767,0.06989811252982225,-0.09060146427543013,0.14851583715588484,-0.061984842058656536,0.11925318221556175,0.09238668444118078,0.00438674486057139,0.25349670957113707,-0.02589446212685661,-0.032400720944380366,0.03864602086839172,-0.02000049174110005,-0.030716549905474254,0.03407470459172858,-0.02258106437541087,-0.020440124044591872,0.11534872619451661
