0.0,0.014649856689110063,-0.010658413117612009,0.0,0.01067599863896146,0.02122785444100045,0.004490069776219852,0.012245939513040871,-0.0008927436394061128,0.0016465251398449787,0.00247063411685966,0.0028534970486532307,-0.0038663050807374866,0.0008703817435983807,0.004055149528535473,0.003909975995718351,-0.01684271698197476,0.011787889275812258,0.0,-0.009584891101523885,0.02234484864720926,0.008662149871682068,0.008436909155372319,0.010273417216919434,0.007108354539996586,0.017224527524340505,-0.009698315188563456,-0.026217791442660843,-0.008288404039769992,-0.008698122407198139,0.019614967134886252,0.0038469276408447106,0.02982024042146514,0.02296115798633569,0.023584406666593893,0.009207081562791541,0.00019897319131906288,-0.015817207125529753,-0.013148227103917776,0.016784005451667472,-0.004252493459964701,0.006977937601026329,-3.239646294006526e-05,0.0,-0.015514972230896928,0.016539533476644608,0.012572958187465455,0.0,0.0,0.0,-0.008802223739689086,1.1102230246251565e-16,-0.02389319022106834,0.0,0.012810864551634882,0.0,0.01580858935596169,-0.014896598004673578,0.0,-0.0006259903178415516,-0.008361048961637196,0.027689589960466943,0.003895250653312199,0.0,-0.005465137816035082,0.09516808732586252,-0.003370694136980046,-0.0009203168855840826,-0.05080881331280679,0.02133378223688054,0.014232038213278064,0.0016601750751025213,-0.00012230624572351356,-0.010684969153902657,0.0,-0.013368716314119122
0.014649856689110063,0.0,-0.0072154041142218905,6.458507435730398e-05,0.015987748624561704,0.005380726614531428,-0.000214741135707186,0.012370664525577335,0.008992457696330225,-0.02524625137410541,0.0035015025798760813,-0.01980786962023645,-3.7513054069182594e-06,0.0005880386298201534,-0.01063071633238244,-0.021184800973471585,-0.012788822553250756,-0.026859970664262045,0.010045646784197337,-0.015475139906479363,0.00861594008781652,-0.03211700409438367,-0.00175511192290273,-0.0004535998845762723,-0.03659117768615944,-0.01969129787779078,-0.008532649766888445,0.001560294842490595,0.0034012311946785,-0.013662121111590486,-0.015312745534777905,-0.024006789506763104,-0.018027091373943427,-0.011192238039594016,-0.008643104048218442,-0.014329072800321419,-0.0008575485445420639,0.0,-0.0006931636912028138,0.013527857749219996,0.0011797979624659227,0.008914279259884084,0.004974891290911665,0.0,2.220446049250313e-16,0.014721151042879022,-0.002302820764064517,-5.76513576434623e-05,0.0,0.0,-0.0002974015600401003,-0.011687606487727153,0.008381096238838093,0.010578548083521988,0.004470007191017422,0.0,0.011950723763432536,-0.012143335930697552,0.0,-0.005251116807998668,0.0019416546097567045,0.008310488734916022,-0.0454811178801392,0.0,0.005695016636554973,0.01917106266896701,-0.00010793280248633241,0.007267585341236726,-0.004576329336636098,-0.0030741871975916157,0.0031431364423896158,-0.0025349933197544305,-0.017850996987923806,-0.0015764587405431851,-1.1102230246251565e-16,0.006030452420480337
-0.010658413117612009,-0.0072154041142218905,0.0,0.012851458996533893,0.01163060699434093,-0.032598522307389244,0.015493502195178588,-0.004889748492773349,0.00411076694691892,0.02498324537420049,-0.010902490229625028,0.01564946274378398,0.014436473369243086,0.006015112322052485,0.017227692141259743,-0.011905218854841804,0.021298387458250134,0.03893104241334505,-0.01647644243850266,-0.006549564675625674,-0.005650793387670605,-0.0058259024457654185,-0.009417751850167966,-0.004941141022379358,-0.004279206964084015,-0.010960045614914149,-0.004884159289967549,0.016302638737365927,-0.010513370137476441,-0.0029180714129809493,0.031556411646099125,0.012110341596130336,0.02262042785062718,0.02167894873600812,0.0011251218439783384,0.009748014724692944,0.026885347061716858,0.018373863782829736,0.005698319321128631,6.634936875471453e-07,-0.05455616911456379,-0.024188591536053017,0.020635030176059443,0.06220208811453193,0.0,0.0,4.152777205751468e-05,-0.0840480179549446,-7.276332170680355e-06,-0.03410792440275734,-0.004956254238631885,0.009859269589641229,-0.04036792106269704,-0.0514968708661091,0.0010950575804526408,-0.08174922053018657,0.020271119590001052,0.01231008174602688,-0.030495945077829267,-6.69590131376907e-05,0.0,0.0,0.0,-0.08070399970030134,0.0072084164384957905,-0.002623933136229384,-0.00018710862499232706,-0.0038729795306808867,0.0,6.778643614130386e-05,0.010856559295554014,-0.006522680107325707,-0.02079563138399465,0.0027481317873807587,0.005893211162214751,-0.008990989624757084
0.0,6.458507435730398e-05,0.012851458996533893,0.0,-0.0027367947123193015,0.010718347020068963,-0.03214601965589464,0.00941753138227952,0.029417885313786918,-0.028743913946155164,0.030324603699361408,-0.05046915181480774,0.03329137360529055,0.07697684637143298,-0.0072210342384324,0.00010381928522473771,-0.005590359009242762,-3.313415391509311e-05,0.037089903407950375,-0.019641087471804708,-0.00021734962294139848,-0.0011140978513548006,0.003777680237740444,-0.019358344217134893,0.000517574154273559,-0.017321485755496135,-0.0034844110526728866,-0.013420168318319325,0.010579789011820884,-0.0007206899083490592,0.05018006739588804,0.005845606942293857,0.058627938622580256,-0.020667580058786994,0.05227306046248392,0.05274718752813562,-0.010128530528604268,-0.07541079404056236,-0.03785554726435991,0.0007912848535661654,0.03094645718210043,-0.011799469281275343,0.0002541741639239259,-0.0012212587573107725,0.0,0.0,0.0,-0.0002662132339563139,0.0,0.0,0.009586459443799489,2.220446049250313e-16,7.583192336846345e-05,-0.0004107611556333768,5.551115123125783e-17,0.0036332099623128666,-0.012289076530404036,-0.00020290751661217188,0.0,0.0,0.0,0.0,0.0,0.0,0.0,0.0,6.686094869301495e-05,0.008343388864197387,0.0,0.0,0.0,0.02374545500592834,0.0006815064140737181,0.00231419433238228,0.0,0.0
0.01067599863896146,0.015987748624561704,0.01163060699434093,-0.0027367947123193015,0.0,-0.016378437174967286,-0.011451333096881289,0.02056138683018577,-0.007276270721916556,0.0019989518959502295,0.0036751723130255542,-0.0073846070835112965,-0.024410585688071362,-0.017791905031597055,0.008237455887367129,0.021864978820566927,0.03761398350710493,0.009372750517870732,0.048077586627879254,0.047543712947082095,0.015370876956251445,0.02476980913449478,0.0032340599063723774,0.043576462302083785,-0.007843902095030275,0.0036508930721204647,-0.02404623143784318,-0.0041822108606638375,0.015364101076169812,-0.008937435808692828,0.020354762217150657,-0.0018971591572650714,-0.0279287301720198,0.012469447347611629,-0.025333262047480654,0.0059077322378805475,0.02444361921279531,-0.005238239525710564,0.027248252435580322,-0.004539566313907617,-0.08888389184823636,-0.010557206623293125,0.04644133050200294,-0.03420007059895197,0.0002143401341422324,1.1102230246251565e-16,-0.0008571606046210989,0.0233257983595635,0.0,0.022474380358416368,0.01451536023934652,0.017935569117502048,0.025201462762091342,0.021721912339598637,5.551115123125783e-17,0.0428104077467264,0.0040428706546523085,0.022562500887768122,0.04852418066884712,-0.0022202659710314765,-2.393206980494389e-05,0.0,-5.551115123125783e-17,0.03630966400720198,0.014785997346070168,0.0001306051689057841,0.008183699364723851,0.0020420003079626436,0.0,2.127240871285796e-05,0.0017229529529679266,-0.0041173003245678075,0.006273842233757876,0.011614888569197623,1.1102230246251565e-16,0.011256467817664872
0.02122785444100045,0.005380726614531428,-0.032598522307389244,0.010718347020068963,-0.016378437174967286,0.0,-0.010793949257820512,-0.03638628986793585,-0.03593953257044674,0.012097896409863695,-0.0511163025844944,0.014625636040635492,-0.013687416355731452,-0.0008127052282531078,-0.006048903180911058,0.016256419211140627,0.017095407148210617,0.0009700475804316211,-0.04592502087011918,-0.007521782018931278,-0.003854547448124024,0.0008706509491670511,-0.03015593172414699,0.01291107876235481,-0.010870577231764211,-0.0007760360653559228,-0.031879412656228234,-0.01747088842310862,-0.04792413331934581,0.0005847672192930697,0.026725069458935047,-0.002026958769202225,-0.005645762172964586,0.018500723375196537,0.0012876775117873773,-0.004947159580498184,0.014596385607765494,0.004203069742644838,-0.017969908150381964,0.009659822546509322,-0.03840824388885555,-0.039507421242006846,-0.02279577038852304,-0.028468384261392032,-0.013164764303500665,0.006988944969299915,0.007818557644336699,-0.026855787198746817,-0.010926212388430834,-0.017575159595727197,-0.006919701884272378,-0.006588052941299383,-0.009732746266126746,-0.01890363132249262,0.01920960848791753,-0.018105037610538,-0.003385333982839356,-0.005252224692240626,0.01655666082416507,0.005676073461063802,0.009841954933010433,0.0,-0.01425308206763315,-0.019852399016883182,0.01693014779877472,0.000468778692819638,0.005603571366563531,-0.014939950177868089,5.621841992270449e-05,-0.00394905858349881,0.0060869955039311585,-0.011340087421849332,-0.00031452381485297387,0.009037720815738115,0.00011537023112762057,0.010128013333053798
0.004490069776219852,-0.000214741135707186,0.015493502195178588,-0.03214601965589464,-0.011451333096881289,-0.010793949257820512,0.0,0.020441140243956157,-0.005982226787240474,-0.003286260340291114,0.019100944421623356,0.006947896095258144,-0.00748789305979769,0.003357300290616372,-0.015475747679817076,0.007761765908349927,0.0016764483452315626,-0.01110031313479154,0.03249730601628037,0.005823811827246617,0.008584394363611303,-0.0004858249910643653,0.011251356653429245,0.014226621861534394,-0.013894011364751213,-0.01405389091984599,-0.008020060316621447,0.002525904031649817,-0.012543137357964085,0.0032395217447563907,0.0219482129364153,0.0063271532738199965,-0.0036098050013604333,0.011471018588929571,0.005758819816106042,-0.018695864092003855,-0.017296394664234882,0.0016830326742557356,-0.01683439724001623,0.0004497250433275757,-0.08484487883904529,-0.0634484042292004,0.018586980659875962,-0.045030046244611543,-0.03150455420867948,0.0,0.005663912326059506,0.003140271220522961,0.0,0.023679484459413813,0.012002847476745515,0.017620219718283536,0.016643653209579612,0.012205694498596986,0.030095185060308616,0.041174069891094234,0.001086414045242734,0.009050254983509975,0.014571004240948982,0.002243210780268068,0.0054509151935907,0.0,4.599256443482691e-05,0.018979536138581055,0.03770233847478982,0.00032203522822110697,0.0016674410372230497,0.002338833228759385,0.00010221809414590055,0.004089192344108428,0.0040840730127544855,0.009383531883113916,0.015593119463418015,0.014678202236224847,0.00607543463779614,0.015965357084986365
0.012245939513040871,0.012370664525577335,-0.004889748492773349,0.00941753138227952,0.02056138683018577,-0.03638628986793585,0.020441140243956157,0.0,-0.012860976624813947,0.024093984318349193,0.044264125904569906,0.006793808089767817,0.00873374951493433,0.05224075334911382,-0.02737513162060795,0.011833778422142838,-0.001745741020241831,0.004949358216154942,0.02828848955859392,-0.018220768014210076,-0.0022218003115866414,0.021804675263447204,-0.00975694733082716,-0.00791813853784118,0.002699498087701424,0.0047741766939158325,-0.03035575525584605,0.0037557153981360725,-0.012782392914444052,0.001214914508812226,0.01705121738432336,0.02056613814642083,0.03964923045658658,0.013052908195347102,0.007168313014834615,0.041801136777019465,-0.021433671921003983,0.014970934177506279,0.0055827323443704,0.022088466270020923,0.009993488222778013,-0.0005225850930926645,0.03416137548652459,-0.01616381424084623,0.0,-0.016614139845438414,0.007943736415719327,-0.008457537560633166,0.0,0.023131855681999325,0.01751821010353105,0.02845998895418711,-9.489386393862764e-05,0.0035779029625370162,-0.00013311622120498745,0.027913366036715404,5.0432471019656866e-05,0.02171813151310359,0.11778739715364922,0.0329375348339101,0.009222963868761369,0.0,-0.000297486505484057,0.014182351125366477,0.021975097224220863,0.08554413244179249,0.0568625901617279,0.0067688787458647925,-5.551115123125783e-17,-0.0017784274466832728,-0.0006736798665460397,0.007441713436378228,0.014370259748978875,0.03538686909617145,0.0365452251949514,0.011866470789938632
-0.0008927436394061128,0.008992457696330225,0.00411076694691892,0.029417885313786918,-0.007276270721916556,-0.03593953257044674,-0.005982226787240474,-0.012860976624813947,0.0,0.023741030589587597,0.006127449281426389,0.024013498363718744,-0.050441385675956296,0.026684773033403886,0.011992402863212459,0.025472023772967756,0.020998313305939542,0.016013267359600347,-0.0011784789470742352,0.006036139492817283,-0.013810498277818273,0.012657458750493233,-0.0321283124642065,0.028692405506205554,-0.007211504357657272,0.018721708901412892,-0.03585922145910264,0.01681806928863222,-0.02166429274194276,-0.015281155190407625,0.029119045898552798,0.01603085603094806,0.02780074440961089,0.02277088825093887,0.012860187564547654,0.025786714248805798,0.03378283233719703,0.0316279675177058,0.016139192990547002,0.017847796765573187,-0.030518990474800167,-0.009744770110277134,0.021734947243164493,-0.004847344307495394,-0.008391793530558689,-5.551115123125783e-17,0.014390131792131111,0.0034146434299020534,3.4955840927941573e-06,0.009541217250932377,0.0024505788532531714,0.017432417996585237,-0.02198725155532022,-0.00046056434258701096,0.013679594277196672,0.026137238430659293,0.01733913811535165,0.013185105436043343,0.04146306139685241,-0.002052869746751562,-0.0018157198070971603,0.0,0.0,0.0024990348286817454,0.023614665998364148,0.0067137106502532795,-7.382942848799257e-05,-0.0117000900129558,4.302128195304844e-05,0.009244968100027895,-0.017541135591999935,-0.005674028458505176,-0.011938541510884804,0.010267210301605767,0.01378234938334677,0.013850369842260846
0.0016465251398449787,-0.02524625137410541,0.02498324537420049,-0.028743913946155164,0.0019989518959502295,0.012097896409863695,-0.003286260340291114,0.024093984318349193,0.023741030589587597,0.0,0.016756001030338363,-0.033736839555388254,0.01022315135357249,0.050390789148416715,-0.00755899334273058,-0.02780222631972179,0.004884653063025213,-0.007039832227835607,0.03388174557811341,-0.021911051577682417,0.00695476105227516,-0.019760905343508384,0.01766740906650799,-0.007014630985060166,-0.0034656747698002532,-0.004365845665888768,0.012668013280315527,0.006668923660934467,0.0002075426589626117,0.014382360037635211,0.01291890696706699,-0.003476772142666562,0.016729546057104472,0.013414821909063013,0.055294861174546295,0.012330756625170913,-0.017990312136705044,-5.509426268690554e-05,-0.009582934922938713,0.021514068683571252,-0.03813883002599405,-0.05542307999044371,-0.01184893204472065,-0.012826361943785058,0.007262331023024149,-0.01765562598490439,0.017968577186082524,0.0003819221438012832,1.984841072572019e-05,0.0003587662836199157,0.021145553762936642,-0.06134886323350536,0.02037665911660186,-0.006180585348985024,0.030799357157186624,0.002180300495038978,0.021024487555313887,-0.06802914041209523,0.0,0.00048636659443207497,0.04855294221173723,0.0205765530936744,0.02945084121417274,-6.5242766169593125e-06,0.00010600300863378154,-0.0023319644371486703,0.007123197117612778,0.009936439022219634,-0.006160094950567463,0.02532210900648213,0.010719241240105759,0.021029257850004757,-0.08642418228114085,0.028082994847916654,-5.551115123125783e-17,0.01140505080614651
0.00247063411685966,0.0035015025798760813,-0.010902490229625028,0.030324603699361408,0.0036751723130255542,-0.0511163025844944,0.019100944421623356,0.044264125904569906,0.006127449281426389,0.016756001030338363,0.0,0.022009594924883857,0.01680648211987884,0.03283119429109321,0.0,0.00011807557567167226,0.027321198520824985,0.027663573552981047,-0.01820982726549364,-5.396568126497803e-05,-0.013217395164200396,0.0022745800284703632,-0.038923777780470126,0.02226761292510432,0.027621579951890796,0.02504048445177609,-0.03163808776378385,0.020757763358201897,0.014702802209172638,-0.002134300792957844,0.02629060841874481,0.009160201151171221,0.012176006632807934,0.017251796018977916,-0.004421022123341722,0.029832660626486263,0.03235010038848418,0.014496214546132091,0.045580481167723064,0.010013334370717775,-0.0038595346603587655,0.01861146222483928,0.04411409931702104,0.04921638224798419,-5.428487086828193e-05,0.0,1.1102230246251565e-16,-0.11489697428518147,6.768772165544057e-07,0.02286784491167032,0.01324828651101806,0.025851594959217128,-0.0006663618496409174,-0.011483560588189834,0.03259646636902136,0.044220918717007784,-0.0025512909174309484,0.030899989327901556,0.024059306621650733,5.551115123125783e-17,0.0,0.0,0.0,-0.013133992826235674,0.0051449040456653106,0.0,-0.00011696969584562567,0.016013200130221117,5.551115123125783e-17,0.0,0.00022930706489587838,0.009927633678015524,0.014342103802236994,0.00830495667593123,0.0,0.03021619263562697
0.0028534970486532307,-0.01980786962023645,0.01564946274378398,-0.05046915181480774,-0.0073846070835112965,0.014625636040635492,0.006947896095258144,0.006793808089767817,0.024013498363718744,-0.033736839555388254,0.022009594924883857,0.0,0.010395828313404798,-0.05094404643969519,-0.02082194282140376,0.004182812582937678,-0.0037369846685306185,0.002363039649503129,0.025126405261274076,0.01208801996384945,-0.0004152875134288969,0.019793839520135414,0.011194217320632138,-0.01001725886502891,0.0031115434041085743,-0.006907318502690163,0.0027975434075274697,0.0015989330999227058,0.0034070598795619134,0.04026803220955533,0.003786349536017919,0.03575776724932794,0.015805795368596443,0.004864883582532287,0.03153302636201566,0.022042973667611876,-0.014594446789848337,-0.009183657461748207,0.05358513892913813,0.019711722033531998,-0.048271210100672424,-0.02290838848661625,0.06212642495394288,-0.035358377726937645,0.026429181592995454,0.00036578539079223926,0.024738152093737253,0.005698242534141085,-0.011780362077069895,0.010649830695416251,0.020175931558423177,-0.02363744210302987,-0.00039530643752222483,-0.008956652258373055,0.025942370374956614,-0.0039022041609720337,0.022218196028319592,-0.06618724815796823,-4.276658762031316e-05,-5.6277738785193154e-05,0.04278512103332999,0.01656408233191481,0.017096669613567927,0.006517876105909315,0.005207176118804557,0.013118835271349383,-0.0009338763597632194,-0.0028090725465662048,-0.007450604835933183,0.014759961135764499,0.002525994180588076,-0.01991379391163106,-0.11150952152996901,0.0029458838257244158,0.0,0.014175355478457052
-0.0038663050807374866,-3.7513054069182594e-06,0.014436473369243086,0.03329137360529055,-0.024410585688071362,-0.013687416355731452,-0.00748789305979769,0.00873374951493433,-0.050441385675956296,0.01022315135357249,0.01680648211987884,0.010395828313404798,0.0,0.016904459298259067,0.00671983840269319,-0.00020750335549274412,0.011059026149691287,-0.005150136908957659,0.031434380613379054,0.0020148769705061187,0.01195215507062597,-0.002530408201072143,0.008130003633014693,0.01828663169010214,-0.006808392866877011,0.0042712498389127496,-0.004730889755211687,-0.011413707556938768,-0.025509786597846806,0.025961835366427877,0.008868740845267675,0.009687223010915957,0.005860268249183953,0.020363092537758032,0.01227205866972142,0.004638485847482887,0.03445364326798006,0.01212225589381516,-0.029882023768488697,0.013144643054024463,-0.03967534610870094,-0.040593676415877133,0.00841544580425413,-0.0617001495026141,0.023644007241067744,0.012888394216202637,0.007094941716888792,-0.0013583145559474818,0.0,0.018538166000239276,0.008259297215332362,0.024161156199508205,0.005221910820301268,-0.007699249104499262,0.02884622460621189,0.03458426894417299,0.03261471961048701,-0.025484008287311954,-0.00212357560448323,0.021787141271791433,-0.0031273742574720598,-0.008868168513118002,0.00048025383147970446,0.022680125109654115,0.01816665061545919,0.01304977266000823,0.008589641523543079,0.006072770189844534,0.04590419289329212,0.00877702663773261,0.004232938243479978,0.008897652525734157,-0.007708663797298343,0.01224132807807421,0.018185103681706116,0.016936488676208894
0.0008703817435983807,0.0005880386298201534,0.006015112322052485,0.07697684637143298,-0.017791905031597055,-0.0008127052282531078,0.003357300290616372,0.05224075334911382,0.026684773033403886,0.050390789148416715,0.03283119429109321,-0.05094404643969519,0.016904459298259067,0.0,-0.019024707795763374,-0.00041491227044165857,-9.095264558900418e-05,0.00011289966940358775,0.020829624165230542,0.008720707776297909,0.007248650418087588,-0.004751738595901445,0.005984592662529931,-0.021966280440457064,0.003134762499674315,0.004807719974635805,-0.0077909783468317895,-0.0002399942796839083,0.029176788515621277,0.01736536661637411,0.0548707962307714,0.04367870283397268,-0.026145188018339705,0.06493443475514904,0.013069255593188778,0.04931005922489878,0.051360525447704114,-0.0440805713346501,-0.03789414540336161,0.0,0.0028167751647718564,0.00015315338393279143,0.049962820694261,-1.9483902265471365e-06,0.0,0.0,0.0,-0.03276188797880836,0.0,0.04431592764915404,0.024392146986451146,0.036624883763841265,0.053291360094125106,0.0040587155475679815,0.0,0.031219651095202527,-0.0002596659861777706,-0.0030806030151429575,0.051399607565968064,1.1102230246251565e-16,0.0,0.0,0.0,0.018102833856481815,0.0,-1.1102230246251565e-16,0.0,0.019564367941755922,0.0,0.0,5.551115123125783e-17,-0.0022424968660006983,0.01232829816834502,1.1102230246251565e-16,0.0,5.551115123125783e-17
0.004055149528535473,-0.01063071633238244,0.017227692141259743,-0.0072210342384324,0.008237455887367129,-0.006048903180911058,-0.015475747679817076,-0.02737513162060795,0.011992402863212459,-0.00755899334273058,0.0,-0.02082194282140376,0.00671983840269319,-0.019024707795763374,0.0,-0.009324812939831117,-0.01009780647765085,-0.0062073658867624615,-1.1102230246251565e-16,-0.03738632264201214,-0.0012370649885811713,-0.06286136866705144,-0.039382565396551605,-0.019666656717674147,0.012627579867342031,-0.024539207068995372,-0.06639638207550708,-0.013024106455064743,-0.012819587365868967,-0.005773424383961723,-0.014257791393795127,-0.03400729619698706,-0.022783102785486842,-0.020282496312950704,-0.027493312388146673,-0.027369328986908692,-0.010141021595361288,9.376225553836548e-05,-0.014749535619081156,0.0019996594822290215,-0.010589715927433407,-0.01443178802713696,-0.07542601416314071,-0.004178685717637465,0.0,0.021101715145396993,0.006302879704904452,0.007301610898286237,0.0,0.0,-0.005087041227098188,0.011138901078586783,0.023931619945703364,0.0029746074609405815,-5.551115123125783e-17,0.0,-0.003684675326814768,-0.001557084159245159,-1.1095748693290552e-05,0.01136578018676665,-0.00982477166882928,0.0003878489959640574,0.013562182848604498,0.0,0.0020006696715753614,0.004337852718161617,-0.003167966126092825,0.003935078382890644,-7.914971326034026e-05,-0.00279585530391141,0.0024787488671084157,0.003429626155458332,0.0068485492051889585,0.003292649650584345,0.007184624234231329,-0.008630139015124882
0.003909975995718351,-0.021184800973471585,-0.011905218854841804,0.00010381928522473771,0.021864978820566927,0.016256419211140627,0.007761765908349927,0.011833778422142838,0.025472023772967756,-0.02780222631972179,0.00011807557567167226,0.004182812582937678,-0.00020750335549274412,-0.00041491227044165857,-0.009324812939831117,0.0,-0.010529638126066554,-0.008178958886970455,-0.00013590146554776084,-0.03945058194326173,0.015435890472342673,-0.038421403268371956,0.012643429156842578,0.019816982143766704,-0.014493617715105045,-0.007634494343196185,-0.010555425215879877,-0.013586890658209783,-0.02597934230690513,-0.010172135330445753,-0.01613422525217817,-0.02345863289371697,-0.0392137803916493,-0.013913373775531146,-0.011222264173920193,0.008116563101895402,-0.00032290333179080255,0.022341391655145038,0.007180963391478168,0.01992456504580775,0.00878995092793372,0.013601959882185766,1.4468009708112906e-05,0.0,0.0,-0.0015271329222160679,0.0007994251730225055,0.0,0.0,0.0,0.003237155052898233,0.008329773285366548,0.009674547300145608,0.0,0.00988010966110825,0.0,0.0050099646653591345,-0.02652811639988384,0.0,-0.0044606280495909645,0.008565250755291298,0.03155778010546806,-0.002961222934686869,0.0,0.01657913180671805,0.007458178954376893,0.0005436533960737622,0.009518985753315834,0.0007244422965624886,0.006608524609580724,-0.002297762634079714,-0.00614029058551635,-0.0029725952664733657,-0.0006925477583890616,-1.1102230246251565e-16,0.006999363029132122
-0.01684271698197476,-0.012788822553250756,0.021298387458250134,-0.005590359009242762,0.03761398350710493,0.017095407148210617,0.0016764483452315626,-0.001745741020241831,0.020998313305939542,0.004884653063025213,0.027321198520824985,-0.0037369846685306185,0.011059026149691287,-9.095264558900418e-05,-0.01009780647765085,-0.010529638126066554,0.0,0.005583586056370882,0.03480263249148147,-0.003140441897008517,0.010548753354311768,-0.008839085338765151,0.019595663146568076,8.522342118411075e-05,-0.015792591904312148,-0.013262883066781361,0.008167614283322966,0.017269911584036957,0.0045504697999920185,-0.014239101853801284,0.011247366386442859,-0.0028099624263852596,-0.00984994579694537,0.013520891511814181,0.032314399631410806,0.020284148378604483,4.011940023584959e-05,-0.003976864490903731,0.014244493726770835,0.04150751053219526,0.04563302380059259,0.021084370040504452,-5.551115123125783e-17,0.0,-0.0042882607213505786,0.0191255146303157,0.0013267354410196885,0.0,0.0,0.0,0.0,0.0,0.0,0.0,0.030666090506937527,0.0,0.025362758434529564,0.002825512759117632,0.0,-0.00016162015031118138,0.04316294556538591,0.022657264646472552,0.03448991202963797,0.0,1.1102230246251565e-16,0.0,0.010710525793089287,0.0,0.0037548547512104014,0.026184464598044133,0.014074597636296093,0.0,-0.005461277939121545,8.719245037647205e-05,0.0,0.03984659014627889
0.011787889275812258,-0.026859970664262045,0.03893104241334505,-3.313415391509311e-05,0.009372750517870732,0.0009700475804316211,-0.01110031313479154,0.004949358216154942,0.016013267359600347,-0.007039832227835607,0.027663573552981047,0.002363039649503129,-0.005150136908957659,0.00011289966940358775,-0.0062073658867624615,-0.008178958886970455,0.005583586056370882,0.0,0.03354145005903769,-0.023012701487397647,0.02890513701831332,-0.03322830227311607,0.025434153658395076,0.008064297302413037,-0.00787023183201524,0.004350996051448952,0.0008644235989432314,-0.0036989173952303167,-0.005946942041377579,0.0017036762953233087,0.014574695230371693,-0.0028397095438191244,-0.009009538718564025,0.003950524590144389,0.015702236247717993,-0.007622843517233913,6.686439682124234e-05,-0.035345918181493075,0.020424561477473124,0.03908120663499198,0.028801418605807594,0.01806252616897086,0.0,0.0,0.015935158187434018,0.0016623534972590726,0.009653809966204463,0.0,0.0,0.0,0.011745503909946942,0.00028198862624123633,-0.0004117253209534044,0.0,0.012569161958073727,0.0,0.009976056467629835,0.007042539757760924,0.0,0.016553095978569354,0.017362207103578442,-0.0012574549814636793,0.016639458268036478,0.0,0.02558373065755931,0.011830392112149313,0.012015559803379205,0.039229220381087115,-0.0046792779678572205,0.017480324443205297,0.008602539927408337,0.0070489935296201844,0.009354638920307357,0.0031586922326979905,0.0,0.0199477868774392
0.0,0.010045646784197337,-0.01647644243850266,0.037089903407950375,0.048077586627879254,-0.04592502087011918,0.03249730601628037,0.02828848955859392,-0.0011784789470742352,0.03388174557811341,-0.01820982726549364,0.025126405261274076,0.031434380613379054,0.020829624165230542,-1.1102230246251565e-16,-0.00013590146554776084,0.03480263249148147,0.03354145005903769,0.0,0.000289819001456193,0.007888248341265836,0.008552426151776038,-0.009221214835463398,0.03520392276956341,0.011202783032920605,0.037594942311691915,-0.02190103828989176,0.03723442554027445,0.017128450796632888,-0.003828374578888405,0.043522810323677386,0.020420648064599645,0.028879232922241205,0.03261828764548674,0.021289872931746057,0.024217028641147553,0.03540144173128296,0.03150896772203349,0.018611069360516708,-6.50046717614039e-05,-0.048715860350068085,-0.0018028684518596183,0.014376997358400756,0.07611685502769677,-0.0005407070770289124,0.0,0.0,0.06259192636513278,-5.551115123125783e-17,0.011189851659405226,-0.0028533683901469375,0.00314817965815839,0.0007833594911214048,0.00101344598424713,-9.331809532819868e-05,0.06740532468926713,0.001935062619869976,-0.0031383380942830996,0.009371797847811392,2.220446049250313e-16,0.0,0.0,0.0,0.03379351919132667,7.505580568151204e-05,0.0,0.00011699317512164908,-0.009479763009553999,0.0,0.0,-5.551115123125783e-17,-0.005756001551487033,-0.0024186659269634925,-0.012739976108874562,0.0002587592624910817,0.00023079670023196108
-0.009584891101523885,-0.015475139906479363,-0.006549564675625674,-0.019641087471804708,0.047543712947082095,-0.007521782018931278,0.005823811827246617,-0.018220768014210076,0.006036139492817283,-0.021911051577682417,-5.396568126497803e-05,0.01208801996384945,0.0020148769705061187,0.008720707776297909,-0.03738632264201214,-0.03945058194326173,-0.003140441897008517,-0.023012701487397647,0.000289819001456193,0.0,0.004018818066590157,-0.040603041648274274,-0.03248877559522084,0.0004554839839528424,-0.01723085237625266,-0.028055630200295556,-0.06737049703546033,-0.011582457574544514,-0.02441648290449605,-0.002093429299671379,-0.0042412458941181175,-0.039975172822365845,-0.037816683478843705,-0.02078285345114189,-0.025467910231281088,-0.03443975250592696,0.00418674390256113,0.019244326373363374,-0.036217651308922905,-0.014489130637158176,-0.032749010285194835,-0.010470285447501948,-0.029251299361463312,-0.016399160420867476,-1.6588436433095932e-05,-0.017114534647930058,-0.01146399288287736,0.011589612353459011,0.0,0.0,-0.015531367514837968,-0.010796696921788751,0.02048903896522075,-0.0071506468199126205,0.0005470312814827016,1.1102230246251565e-16,0.006186132041357761,-0.015043983330279898,-1.1102230246251565e-16,-0.0028830948754656194,-0.015496214817112997,-2.3015480986765535e-05,-0.026321644286805113,0.0,-0.00021503495301317122,-0.010848814872947976,-0.012240713312246243,0.0014969417098062432,0.0,-0.006424434216363073,-0.009056911461852335,0.0017534845657531384,-0.007709427624273069,0.0015126575063136305,0.004128270037846438,-0.022876658577381803
0.02234484864720926,0.00861594008781652,-0.005650793387670605,-0.00021734962294139848,0.015370876956251445,-0.003854547448124024,0.008584394363611303,-0.0022218003115866414,-0.013810498277818273,0.00695476105227516,-0.013217395164200396,-0.0004152875134288969,0.01195215507062597,0.007248650418087588,-0.0012370649885811713,0.015435890472342673,0.010548753354311768,0.02890513701831332,0.007888248341265836,0.004018818066590157,0.0,-0.012119100667062732,0.0013346091421060358,-0.0037993137301008395,0.028263140560655375,0.00016536324927490798,-0.007786181487587085,-0.002401907333429709,-8.766267886534118e-05,0.044671223839432395,0.014331490460936569,-0.0042195579972783,0.026692325741635214,0.006396434572540077,0.00325872585398429,0.011181073224413918,0.009783571062845164,-0.009800616590218303,-0.02744096801173823,0.0049031557489871425,-0.035707725346288244,-0.027211280508060653,-0.005245476364547641,0.0,0.0,0.042991313135530895,0.012121201868161402,0.004730244258791427,0.0,0.0,0.009186671230071497,0.0022830475912091752,0.010188389901223283,0.009691651697727233,0.011977557304304165,0.0,0.01088683556661657,0.016947976395857267,5.551115123125783e-17,0.006930642456502489,-0.009382001108993121,0.0,0.0015514366392161971,0.0,0.023347466543462425,0.02071560448596077,-0.013088870047052725,0.020555816010378647,0.0026046953435169273,0.018050141867957614,0.0025510157161625635,0.011727479364058768,-0.0018370159667047137,0.009968442328606386,0.0031459698730932906,-0.040027195383765424
0.008662149871682068,-0.03211700409438367,-0.0058259024457654185,-0.0011140978513548006,0.02476980913449478,0.0008706509491670511,-0.0004858249910643653,0.021804675263447204,0.012657458750493233,-0.019760905343508384,0.0022745800284703632,0.019793839520135414,-0.002530408201072143,-0.004751738595901445,-0.06286136866705144,-0.038421403268371956,-0.008839085338765151,-0.03322830227311607,0.008552426151776038,-0.040603041648274274,-0.012119100667062732,0.0,-0.024669619440584156,0.012394789941680251,-0.018005071495447222,-0.043514856723520345,-0.027828735424149154,-0.019986401491592032,-0.026906665919556372,-0.015581670455972751,-0.022193833139974695,-0.04573213278998678,-0.04630432020815045,-0.03098057105862112,-0.03440231329502852,-0.032942085787388886,-1.779871020313184e-05,0.013347521983585298,-0.006064478892933434,-0.004564523819533928,-0.011548854511934603,-0.007027141301468587,-0.10038533030286023,0.0006074088177268067,0.00016824315023900027,0.008196416874830137,-0.005738948021997592,-8.296349758485366e-05,6.101416171744312e-06,-4.477922807716306e-05,-0.006700361001812871,0.003356976793319033,0.016448270190803804,-0.005327196086217789,0.0023125065839389447,0.0,0.0009735530225195577,-0.02382881155819433,0.0,0.0027873342294317816,-0.009645360885453758,-0.0010176300610017508,-0.026155731406363292,0.0,-0.013762437368985303,0.00470985458218548,-0.010347454450454152,-0.0024588551334638886,-0.022891459604020725,-0.00291471379306546,-0.006222957267057794,-0.012682063222461015,-0.05862179746345764,-0.014636792399252807,0.026862945295927754,-0.003433425369781362
0.008436909155372319,-0.00175511192290273,-0.009417751850167966,0.003777680237740444,0.0032340599063723774,-0.03015593172414699,0.011251356653429245,-0.00975694733082716,-0.0321283124642065,0.01766740906650799,-0.038923777780470126,0.011194217320632138,0.008130003633014693,0.005984592662529931,-0.039382565396551605,0.012643429156842578,0.019595663146568076,0.025434153658395076,-0.009221214835463398,-0.03248877559522084,0.0013346091421060358,-0.024669619440584156,0.0,-0.001183655057310884,0.021286900090131844,-0.0020289720753174367,-0.03383533477389211,-0.00044197104257848174,-0.012096302819527283,-0.0063692234686667515,0.009474542641335237,-0.004830282825864951,-0.0053466765699931584,0.005698189523635877,-0.003108113414874325,-0.0108694146991829,0.010831171345718316,0.0033351031639231032,0.0004230359044559151,0.006118158582283151,0.005559230803206416,-0.0079505247976146,-0.014373724379687702,0.006779139073226914,-0.009203519980371277,-0.012780865417092502,0.005117751728020592,0.005160179071569626,0.0123700204409809,-0.006831699897043797,-0.0021499668948247175,0.0069606695622486114,-0.01440721309339571,-0.013999536401939627,-0.10157105622722667,0.02434031372767964,-0.003148219058372037,-6.56620000295538e-05,0.008236973262640168,0.005959873705886853,0.021098067531748255,5.5987702865023525e-05,0.008686278526079172,0.025256798795481816,0.009891719349761185,0.0047136487143510375,0.0046600156843898954,-0.0077717191585992,0.00021576545965684701,0.017529135112747285,-0.003133789896724415,-0.008724344062994827,-0.0024032387130584754,0.004968287149245354,-0.0016172353876845458,0.0058175047034635385
0.010273417216919434,-0.0004535998845762723,-0.004941141022379358,-0.019358344217134893,0.043576462302083785,0.01291107876235481,0.014226621861534394,-0.00791813853784118,0.028692405506205554,-0.007014630985060166,0.02226761292510432,-0.01001725886502891,0.01828663169010214,-0.021966280440457064,-0.019666656717674147,0.019816982143766704,8.522342118411075e-05,0.008064297302413037,0.03520392276956341,0.0004554839839528424,-0.0037993137301008395,0.012394789941680251,-0.001183655057310884,0.0,-0.011040016832341515,0.00815254195558096,-0.005391798091487876,0.009422134468492716,-0.0013819525440439961,0.008229592386333473,0.032866799281395076,0.04981774915435366,0.04026328176805749,0.03769126907483994,0.11749906078694722,0.04464287003255896,-0.012748202482052995,-0.00912904761453845,-0.01302449984594084,-0.00010383188885276784,-0.02635046629290344,-0.014798779759173986,-0.00775403118050666,0.0027121993686058943,0.006326031677166721,-0.010358940317465648,-0.003149358779881317,0.0,-5.551115123125783e-17,-0.0002211411692452092,-0.0051853985363193855,-0.0001894963335661859,-1.6653345369377348e-16,0.0003939440474794442,0.0218790498456099,0.00028980701559311317,-0.0031279045391284233,-0.020020643358903745,0.0,-0.0008070576784067751,0.00834477117815885,0.02601147044165375,0.009323408483813134,2.6948833638407166e-05,-0.00048142105302734217,-0.0344940218253485,0.004369610035666882,-0.000687173960456644,-0.030318748699665388,0.010742285950519237,0.0028084620310172004,-0.004080954824439154,-0.022734501652274808,0.0033073724120148418,0.0,0.035880560045191356
0.007108354539996586,-0.03659117768615944,-0.004279206964084015,0.000517574154273559,-0.007843902095030275,-0.010870577231764211,-0.013894011364751213,0.002699498087701424,-0.007211504357657272,-0.0034656747698002532,0.027621579951890796,0.0031115434041085743,-0.006808392866877011,0.003134762499674315,0.012627579867342031,-0.014493617715105045,-0.015792591904312148,-0.00787023183201524,0.011202783032920605,-0.01723085237625266,0.028263140560655375,-0.018005071495447222,0.021286900090131844,-0.011040016832341515,0.0,-0.0020166023269856947,-0.013374168966275857,-0.0012246482078235865,0.0037274650231448603,-0.0002244135843076922,0.003861255430948174,-0.01127431412655977,-0.007296492527341769,0.0001453022445073171,0.011241466959429458,-0.01799690180776342,0.0021925151658061526,-0.019275031697845335,0.014073302166617951,0.031723358827391634,0.021122558688162818,0.02090965429825903,0.0001517083852389245,-5.551115123125783e-17,0.007042427662988571,0.006466809890128322,0.008652937935385074,5.551115123125783e-17,0.0,2.220446049250313e-16,0.008535611277231403,0.009436098934689774,0.0012443472797049049,0.0005027528605570097,0.011588725504975639,-0.0003437236800360455,0.010258678890015915,-0.004801382402186305,0.0,0.0029498879911026288,0.01295152923153109,-0.003350071077706407,0.009065996461545267,0.0,0.015506029529794296,-0.0001537371335508797,0.008272916072409264,0.008399642042597188,-0.01844027961584571,0.010232456363133469,0.004300371158587946,0.009387583116668374,-0.0023876959233924966,0.006669810002782273,0.0,0.011320301884103934
0.017224527524340505,-0.01969129787779078,-0.010960045614914149,-0.017321485755496135,0.0036508930721204647,-0.0007760360653559228,-0.01405389091984599,0.0047741766939158325,0.018721708901412892,-0.004365845665888768,0.02504048445177609,-0.006907318502690163,0.0042712498389127496,0.004807719974635805,-0.024539207068995372,-0.007634494343196185,-0.013262883066781361,0.004350996051448952,0.037594942311691915,-0.028055630200295556,0.00016536324927490798,-0.043514856723520345,-0.0020289720753174367,0.00815254195558096,-0.0020166023269856947,0.0,-0.011311648086361537,0.009240986756033687,0.000378169014059071,-0.01611067062672772,0.010180336949678681,-0.009373964554145076,0.01621388346151348,0.006317254612409839,0.003739379333858206,-0.027115830645666583,-0.012215293580686737,0.00041085264235768415,0.00942711012462355,0.02598583053073139,0.011988556195495492,0.012809573457629342,0.021858483359486425,-4.675024598971289e-05,0.014009841391330935,0.016129085925494835,0.011619316845172534,0.009924263766224073,0.0,-4.212344939741319e-05,-0.0009115456087871454,0.0015058675725462822,-0.012292761115662576,0.017480034202815853,0.019235029648086988,0.0,0.014021796488806526,-0.0055600446764631495,0.0,-0.004374173146993843,0.014047936594711818,-0.0030859285070682363,0.016900828894340192,0.0,-0.009660383611254764,0.012421939547757055,-0.003095575453978816,0.004691139491154017,-0.010739643262325627,0.01647228743895962,0.00742898582910706,-0.00654064600581683,-0.009832825468729323,0.000552912074749834,-0.0004464383407363215,0.009357146063312283
