0.0,0.9426434577243324,0.6197713948703296,0.0,0.6186027052740548,0.5273620351857773,0.7235895443313224,0.6386684859539733,0.5911278904300438,0.38850636319477877,0.5263224886369016,0.8322654814169521,0.7622558415454741,0.6632278289456055,0.8941356890550908,1.0029940569257656,0.5233198253197165,0.8592745207265865,0.0,0.8348275656617044,0.60160541535606,0.7789140711108873,0.6236026128077157,0.9160402814990969,0.7397432950792749,0.9213503754024661,0.7585467759044091,0.6841832482225384,0.6695068628165509,0.6759002140528508,0.7038448062991001,0.839304959504285,0.8591855821832484,0.6418464347192471,0.6322657961114929,0.8217502100666896,0.4824207080696191,0.7380525967763509,0.751116609694739,0.8636430293799816,0.629178985814083,0.8741983427579618,0.46678809195176035,0.0,0.49756201540435396,0.9175946950484446,0.84571264560319,0.0,0.0,0.0,0.614875658696884,0.0,0.8201053222705883,0.0,0.7599350969971934,0.0,0.7684843868010487,0.8623010428576026,0.0,0.6409073987153516,0.867071650610452,0.4554356445868316,0.8108743400445477,0.0,0.8002963670963767,0.36225063592697515,0.7797603369148312,0.7917954157651452,0.6918022835879261,0.8562875793245615,0.8822985421122022,0.5196448914571814,0.4520986216661015,0.8111697050147495,0.0,0.6142593429244638
0.9426434577243324,0.0,1.070695649709268,0.4049273145662984,0.754500603515482,0.8616385490305263,0.7691099071548593,0.6381211825485181,0.7540007649984857,0.6560085390616337,0.6115888429503766,0.6956839879058077,0.7644872132567808,0.5400297651163116,1.025847008119415,0.8574935747158354,1.0715269384185144,0.9565685494175848,0.6660078637971465,0.8370077875466164,0.7634057910136804,0.6364357011961905,0.9977548392855543,0.5468451633881477,0.6233403575153785,0.534907202375392,0.9947220568527492,0.7998896297461546,0.7765672107498556,0.6546698329074938,0.7373899826238673,0.7053699569377752,0.5554609128316825,0.7728867585668006,0.810883982870953,0.5177672449761739,0.05574866354872456,0.0,0.733019085206731,0.979604280617771,0.6292617743725669,0.8482037870293926,0.5834022460831563,0.0,0.0,1.0172227145250066,0.7863192177275427,0.045547482249392715,0.0,0.0,0.6920499155357456,0.7946055820335386,0.681003263020511,0.7553097075169408,0.6865205337819942,0.0,0.6434920335256795,0.7937653508899558,0.0,0.7225694726468075,0.83046685508513,0.7328985490099746,0.9613016825446197,0.0,0.8618140543592119,0.8679012758860073,0.8099225434156858,0.8493733203615148,0.6944381255954023,0.8721809328701233,0.849166836386982,0.7989897474272127,0.7738842499986108,0.8323906258244282,0.0,0.8157351268155397
0.6197713948703296,1.070695649709268,0.0,0.7432102163573107,0.7524399487582157,0.8921658630175118,0.7038994363742799,0.772204964755693,0.4053065172285222,0.7628423071784995,0.6713703436703784,0.852235129678508,0.7761550719774727,0.6239482937495355,0.5790010284575742,0.6513808179664363,0.8373842878984581,0.5742606729239453,0.5415943872907867,0.6888532593333844,0.6943836580482226,0.7656162918147194,0.6799781875397473,0.7030109094405113,0.6354316134692068,0.6728993661241807,0.5034168408310168,0.8897668424739673,0.9303344297796963,0.9624304853504164,0.784105099703827,0.772508148223362,0.5121068327596969,0.7655379974838254,0.7916013466428736,0.6336423707494037,0.6436298368073741,0.7545865630348952,0.7215703465876732,0.4722945521176988,0.7558870889100762,0.8792158019744087,0.7057519886956922,0.734200716759877,0.0,0.0,0.39147523428858844,0.8640187873577669,0.47372341389739675,0.6387423167102947,0.7032780974279937,0.7733481833265241,0.8116213786573774,0.9101004325170023,0.44039928936695516,0.8323566926476919,0.8599699900680924,0.8015813428683111,0.5718407401560317,0.3519721179689843,0.0,0.0,0.0,0.6752333677346936,0.7573013100987969,0.4534951915818688,0.24447149482204364,0.7768470022918907,0.0,0.5441285002419125,0.6384503306631288,0.8529059009789501,0.7837948527015512,0.776927733952701,0.6422599174687416,0.6282930890811937
0.0,0.4049273145662984,0.7432102163573107,0.0,0.5431313124215791,0.7432029478483971,0.7156101661419004,0.16937002228227427,0.6390646809475342,0.24074793775360795,0.4172499793314625,0.2748129417401391,0.689069012777751,0.5483148408075095,0.8494635888737019,0.25318692404773907,0.6510282863570471,0.4673520773856664,0.5888843702142788,0.8153514888091179,0.4440236996515485,0.6839144324357069,0.9602716665293248,-0.017096408573578248,0.7974101084307756,0.7305441532078618,0.8508410484900623,0.7233786416136855,0.5964887158743993,0.41238659185520554,0.528911518702469,0.4233378630072062,0.05239138269866635,0.3808133355107662,0.6203167651371371,0.4131989362311153,0.4766080144394612,0.3149759083188031,0.33482377154322435,0.376636699210062,0.3998643738679246,0.46166381991990013,0.2073125643941936,0.30807298837986036,0.0,0.0,0.0,0.4189934751758056,0.0,0.0,0.7344816414945498,0.0,0.4649103849897185,0.3019060415309226,0.0,0.41646267844223794,0.6112496809045092,0.4538056153170126,0.0,0.0,0.0,0.0,0.0,0.0,0.0,0.0,0.458954746753664,0.8615268596158772,0.0,0.0,0.0,0.7164260828836766,0.4582112118260546,0.5520486691519788,0.0,0.0
0.6186027052740548,0.754500603515482,0.7524399487582157,0.5431313124215791,0.0,0.654680964899164,0.6398418659083154,0.8716040544593671,0.4877462587081142,0.6447286574601252,0.4257615132847409,0.36066609853869236,0.8131210087602846,0.3113943124798957,0.6451526967989011,0.7027281942904828,0.7928404542423216,0.7348013361186637,0.5963160958581921,0.9454354184921128,0.7232665860959067,0.822825245453987,0.7987776227328233,0.65375989863635,0.6921414221362006,0.6415292328502367,0.707573932189125,0.7998449681183091,0.8318338945687178,0.8076251045268175,0.7277318093069548,0.6329846272983388,0.5374224371444949,0.7146191575012963,0.6646743417709198,0.2789572696109509,0.5472329668623729,0.6003586500927642,0.848793951096938,0.486304078543526,1.1768214394403593,0.4346503019589232,0.4459251502535547,0.4160120611213733,0.3577827657553263,0.0,0.46067193056498884,0.7613352522759976,0.0,0.6307818914073839,0.6255104740759094,0.7969673619299453,0.6847126750681591,0.6765606189641117,0.0,0.5743999672402794,0.43600637725831204,0.865721437595794,0.7205870544517488,0.5431957904518638,0.4516334040376131,0.0,0.0,0.6080149386255995,0.6175171546054019,0.48340165815149516,0.7058248274376564,0.7835932962648677,0.0,0.4740540863756652,0.646159374294266,0.7341810822071242,0.8789883319512055,0.7121682936634678,0.0,0.750302726572587
0.5273620351857773,0.8616385490305263,0.8921658630175118,0.7432029478483971,0.654680964899164,0.0,0.7225644446468189,0.7265615622558352,0.45668131878841833,0.6953304298247199,0.6881326692028668,0.840917966503657,0.7056016641126495,0.5459091505411362,1.0430749902022554,0.8392548280873893,0.6217710253415226,0.8185450778738144,0.8736943212550619,0.9695635254930015,0.8797377834760651,0.8033808407237786,0.8121226202679266,0.494051250501101,0.7836127532314803,1.0272206435904008,0.8221169255284013,0.7684184858333258,0.5606836227470933,0.9444556605473688,0.8824776090272723,0.7689154423297788,0.8886144739167833,0.809722365837861,0.8569229204565743,0.6283206972996442,0.6269705380390747,0.5928527464476009,0.7677291043502412,1.1251963312896602,0.7008101947426189,0.848093015756916,0.7609300511637195,0.8735713991567613,0.59816330333554,0.7553224490072459,0.8236424203711752,0.7337972339227896,0.833427258814714,0.5587393920193806,0.7165402379937804,0.7951671531020199,0.7542540172698119,0.7294683942160423,0.8278344011954285,0.628325577702395,0.4773978051225737,0.7751485409409887,0.6109130928643484,0.9100141323636155,0.8334523292052894,0.0,0.8872629408251891,0.5809018540587905,0.7966747703785146,0.5839432001389916,1.0002919849533192,0.7325469743694375,0.5102995163450512,0.7348393887053397,0.9333607680734739,0.7547162557959155,0.7601810598651457,0.7970778955446146,0.8058154411840828,0.6945455380359447
0.7235895443313224,0.7691099071548593,0.7038994363742799,0.7156101661419004,0.6398418659083154,0.7225644446468189,0.0,0.6140050791468539,0.685611145279956,0.9375204791220919,0.6649676095806737,0.5652658579872258,0.6325503366752323,0.6019160358388896,0.7196633089332503,0.8593814434574302,0.907286980013167,0.8293201706071462,0.6779662976618235,0.8723003719212351,0.847142373640982,0.7336619490895098,0.7002167413478679,0.8748686146493556,0.7468730447696048,0.841047754121518,0.7802256137044667,1.037478143884592,0.8082202248970567,0.8079172588911754,0.8852238534533259,0.8696683167273249,0.6495526765516939,0.7690905225913318,0.6940583608690188,0.8791637599065742,0.6841189129283469,0.7074961874790122,0.8218494641951772,0.44260962127975884,0.5152593833608716,0.4108724456910755,0.6650064662200155,1.0141361312813988,0.7333209608090828,0.0,0.8352279027593486,0.4695947745978111,0.0,0.7246406235629688,0.5272874830757016,0.6263524788059378,0.5582461105768179,0.7809771091715157,1.2663352189041224,0.47726590808816327,0.4010719879243875,0.7561695452580849,0.5223773655270538,0.6176918279876995,0.779604387347208,0.0,0.5029541064418961,0.9226832421527511,0.7714955898213944,0.6197579056878689,0.8973596777882071,0.6193402477460396,0.47259486791157856,0.8363198735968089,0.853870032048937,0.5874880299809464,0.8110817191103878,0.4986618236258905,0.8609683334962811,0.7366897914703079
0.6386684859539733,0.6381211825485181,0.772204964755693,0.16937002228227427,0.8716040544593671,0.7265615622558352,0.6140050791468539,0.0,0.7158793130128325,0.7102476383070175,0.788162374681296,0.6578525048813688,0.6449190815630073,0.6636685743965469,0.8776450635064338,0.8048652515112736,0.5884438135257589,0.632783033035827,0.7069658075315062,0.45928563551027346,0.6463471430736206,0.864910613259701,0.7192710141500418,0.5988241026588137,0.6303170980201555,0.6571976496658753,0.8685777299781945,0.7448782060452447,0.7195489314881491,0.8680145859128081,0.7133730815280559,0.591807909306964,0.6972283464610727,0.6558016652027541,0.4546919086904202,0.43566811293841234,0.0638886427682776,0.7751133702601163,0.5802485499421485,0.7160792452053382,0.4382539118023535,0.7698850178692809,0.5703971781057606,0.6258374229887773,0.0,0.8343856590426758,0.5376902699588193,0.9532317519137826,0.0,0.6727276015958652,0.7320758665651317,0.9206959134428887,0.8065426155838882,0.9072854985965435,0.636981614169791,0.7824047057752763,0.9170310870372331,0.6461282023095478,0.7450141360927194,0.8445948897542042,0.574322439348416,0.0,0.5429976849918674,0.7839367965863322,0.767283959886544,0.6572649814289271,0.7229559649061268,0.6391140555106374,0.0,0.7946317024646514,0.719897716920709,0.7342001002318967,0.703612792998503,0.7333914819681357,0.7054148619202185,0.4745077898185202
0.5911278904300438,0.7540007649984857,0.4053065172285222,0.6390646809475342,0.4877462587081142,0.45668131878841833,0.685611145279956,0.7158793130128325,0.0,0.6271319673829767,0.2577290474018233,0.5930827423728426,0.6538176571217111,0.6221967829727142,0.7866420271281709,0.7892801857001326,0.7542423595242072,0.66730047016936,0.44724204288324876,0.9514369307918525,0.7364933276925086,0.9279824776606522,0.7860727792061476,0.8076764500553208,0.8598029385046622,1.0097785963298724,0.4580507646585323,0.7643460778074515,0.6983165749993405,0.8604984673912977,0.6091247782088836,0.6893934193928759,0.6141732018502847,0.6114230968358001,0.6289821655584273,0.5677940559624315,0.6095545993943654,0.6109206599609969,0.9540842699762274,0.34377370591222206,0.8042831156263337,0.5546576592385364,0.572458494746944,0.7385204207979539,0.6257790284394215,0.0,0.6655047970601025,0.8398988640207037,0.47183429341243155,0.8427473821588813,0.7720769043954494,0.8853217340743226,0.7561899729701336,0.735658165099381,0.3726349270680211,0.8107025725739279,0.6185595934136638,0.7743299245453906,0.5183132432667452,0.720341158851278,0.7049138100964132,0.0,0.0,0.6768454752416628,0.8593252224447583,0.6571171268470777,0.7574897728155943,0.7695054709239051,0.42530674677287783,0.6368541678804807,0.6662358697275744,0.797769920648716,0.7351169654771003,0.8291396148304842,0.7500084011850727,0.9191264387256679
0.38850636319477877,0.6560085390616337,0.7628423071784995,0.24074793775360795,0.6447286574601252,0.6953304298247199,0.9375204791220919,0.7102476383070175,0.6271319673829767,0.0,0.7010993116808273,0.5187569361039222,0.9245771927222106,0.7821094037364287,0.6071795485387834,0.6788783532829616,0.8215600760069592,0.7258994719922445,0.7432376368505297,0.6221660959139108,0.59812043252221,0.8517513525996269,0.7505796055498701,0.6169183776741447,0.9002346425094301,0.7309963098783059,0.7971799863063975,0.8660902414430005,0.8064322343450638,0.6720429318776231,0.7705119591745817,0.2090672670964214,0.8695326778732458,0.33558530381197627,0.3236190861736622,0.24483506868506943,0.26411169122577516,0.4842691163260223,0.77396326153534,0.6379949511966942,0.6229364281480116,0.4530508099646109,0.8985386493062658,0.5142732271214877,0.4967104586763813,0.762714165801081,0.3695777059995913,0.3677595453069158,0.4813890539964688,0.4336402553406763,0.6457729887016268,0.490108013418555,0.6764909547182337,0.4567015054650678,0.650216804302763,0.5566950251671048,0.5913720681822701,0.7645005726522196,0.0,0.6272152197119987,0.47235369086136014,0.7813942405724155,0.5850939710131662,0.464798908293283,0.46513896416468187,0.7268280618602463,-0.2353430602781023,0.7731527606826114,0.6530926077011987,0.5967124762827581,0.6297000510993709,0.5719897394865654,0.7933278900634569,0.7184341076645981,0.0,0.7351004659920654
0.5263224886369016,0.6115888429503766,0.6713703436703784,0.4172499793314625,0.4257615132847409,0.6881326692028668,0.6649676095806737,0.788162374681296,0.2577290474018233,0.7010993116808273,0.0,0.5359341914923703,0.6150991693094374,0.5300168222997177,0.0,0.49315364343193735,0.7753639270658899,0.8232973526046186,0.3699898086004163,0.4502734983078082,0.7337214788412397,0.5148102730429694,0.6853651051721346,0.6980390679640556,0.8931642193716026,0.778578843761166,0.7237612966672886,0.6532170099276617,0.6702824529277955,0.6075679065977695,0.5707143028059931,0.21883273890917723,0.5976492827203177,0.552045495996849,0.5378669063806555,0.3893539583191866,0.6922156938390436,0.5964225034855098,0.761289768492651,0.5574434767694862,0.8591124600690385,0.7697577161227557,0.7399048071382184,0.6213532540717763,0.42306955241751865,0.0,0.0,0.5418478664701272,0.46572032760379467,0.6354225929974193,0.705737497264061,0.7439328183119932,0.78643388835638,0.759196426922389,0.625224634556859,0.28344646317108235,0.5950072422460391,0.6155142116690001,0.8678120797326895,0.0,0.0,0.0,0.0,0.3365606011012365,0.4939950205716621,0.0,0.5283483442882984,0.7851305298396407,0.0,0.0,0.9037538462094495,0.7993172657231071,0.6760887624830259,0.44422284187176087,0.0,0.8262908833884288
0.8322654814169521,0.6956839879058077,0.852235129678508,0.2748129417401391,0.36066609853869236,0.840917966503657,0.5652658579872258,0.6578525048813688,0.5930827423728426,0.5187569361039222,0.5359341914923703,0.0,0.7052753644954345,0.6169418965529525,0.6808951112238445,0.7005352909411583,0.9435485220334984,0.8695290935017241,0.8800052071513728,0.6096568337347139,0.7904274013214045,0.5390205754442863,0.5979180031395395,0.610887319501882,0.8043879455035934,0.5175542810234303,0.7378368889058045,0.605225436238207,0.8727626551204807,0.5815541797701442,0.45468203301975807,0.3629248911023074,0.23450390023468595,0.0030841590128989904,0.4297482660391331,0.23188846362560617,0.2177332027102375,0.08773359937994976,0.49157694394553897,0.4899877831258613,0.48704461894619644,0.6016237517896162,0.5107923444246066,0.5806992252503267,0.19104430973739395,0.8332057980960568,0.18787839038458554,0.49130407725458847,0.46157105543393084,0.2888581630913783,0.6627770038042077,0.6185396447444402,0.34648385847875596,0.6332270324347473,0.6938240727387938,0.35415184419384904,0.6751364686766521,0.7136174553471795,0.5266907222675454,0.5070912372012936,0.6378216865390269,0.9287095148511727,0.7797167680147155,0.5338226184427881,0.8029380348664596,0.8206325200860256,0.6814695061283322,0.5353324350129702,0.6812980151798441,0.781958421477832,0.769592344107433,0.635350585476694,0.7161861698337078,0.5578357865882444,0.0,0.6678584775003453
0.7622558415454741,0.7644872132567808,0.7761550719774727,0.689069012777751,0.8131210087602846,0.7056016641126495,0.6325503366752323,0.6449190815630073,0.6538176571217111,0.9245771927222106,0.6150991693094374,0.7052753644954345,0.0,0.6330117738283969,0.9086886193390614,0.8758594215392208,0.8053907426269884,0.9390996482780731,0.6339768362996375,0.8983599702813398,0.7109334918242456,0.729495071030758,0.8608487020341677,0.8526538454359154,0.8146861545062043,0.6936206805202093,0.8927664131269104,0.7125098872788374,0.8148928303707984,0.7340384000404865,0.8094424049163558,0.94191617317319,0.6405387664172562,0.767638534433692,0.7258328975580026,0.706139580792712,0.6740195427311721,0.7446258702108005,0.7894175967640229,0.8503732437296283,0.9550316031037254,0.51929727993611,0.6641665455493808,0.6385380804328596,0.9895422326984837,0.7128670606933716,0.8933985718903041,0.8179474809549959,0.0,0.8648078207321355,0.6826905311763777,0.6787296775070626,0.6292587974252113,0.8983435528317636,0.8776665402907846,0.4100684216511715,0.933125885901366,0.8099496155147253,0.297432617316644,0.7846075236239608,0.7866164538114258,1.097956758577861,0.7406939689131369,0.8957573677347104,0.7890775578179112,0.8425040728280766,0.8459931089860844,0.7198903356302196,1.1711827489973872,1.0233454127262034,0.8660983659301047,0.7190329163672141,0.809145693947694,0.69156042605771,0.5609730144636539,0.7840621359400386
0.6632278289456055,0.5400297651163116,0.6239482937495355,0.5483148408075095,0.3113943124798957,0.5459091505411362,0.6019160358388896,0.6636685743965469,0.6221967829727142,0.7821094037364287,0.5300168222997177,0.6169418965529525,0.6330117738283969,0.0,0.6460719711194303,0.5039055109935187,0.4519478911534197,0.4982557947815339,0.6692477065765525,0.6623593549829391,0.5819426042281579,0.2789646764168819,0.6297949651827094,0.8285451235061,0.6088317388794873,0.5481050158015899,0.6995964634665366,0.5530299424497013,0.41148648642694813,0.6803467167357762,0.939821475616116,0.17434054835268056,0.3772671505785282,0.8547275908521131,0.5516519224997414,0.26480182905426985,0.38854454723641757,0.43775747600972686,0.8069284844699267,0.0,0.5251421091731803,0.6744119793463523,0.4317772249673441,0.47293959168258837,0.0,0.0,0.0,0.5585578767702561,0.0,0.73695140201729,0.22719600311174104,0.6903850466204575,0.8013472128787076,0.5670474577025721,0.0,0.5690376785237075,0.35794255425902693,0.8583702513996063,0.6919524163636791,0.0,0.0,0.0,0.0,0.31235622919583683,0.0,0.0,0.0,0.2537064261358485,0.0,0.0,0.0,0.6770492118015623,0.8663260702877382,0.0,0.0,0.0
0.8941356890550908,1.025847008119415,0.5790010284575742,0.8494635888737019,0.6451526967989011,1.0430749902022554,0.7196633089332503,0.8776450635064338,0.7866420271281709,0.6071795485387834,0.0,0.6808951112238445,0.9086886193390614,0.6460719711194303,0.0,1.0574573373783207,0.749091592797112,1.0347526672771301,0.0,0.8464594210495009,0.9168051106271395,0.9495808062800368,0.7928337815213325,0.8377906238515078,1.1140603878755346,0.7177624321040581,0.8366373975340589,0.9037285403747517,0.812940293934036,0.7241901091574878,0.9545865516648044,0.8472151077620254,0.9536748178446999,0.8877748734567316,0.8438245179436628,0.791645434291275,0.49577140583777324,0.38028631760401094,0.6614502261440748,0.8545826542093945,0.7602556043694755,0.6569036801423693,0.3321802343329462,0.6154838612773769,0.0,0.8760978917104325,0.9054112262451552,0.6671144848355967,0.0,0.0,0.7904317729802071,0.8985041169761653,0.6679880798262865,0.5775339316143926,0.0,0.0,0.7108697697697453,0.7189280039662868,0.468142074896745,0.8329664652461193,0.9291015553439893,0.5501592555360697,0.8737119026985619,0.0,0.9591023563362118,0.8706581035933945,0.8772006616093366,0.9813296690055104,1.4139980673864943,0.9441071623440926,0.812396482737569,0.9388406559772042,0.8107934716977947,0.7399048604770251,0.658857615250881,0.6378241879828339
1.0029940569257656,0.8574935747158354,0.6513808179664363,0.25318692404773907,0.7027281942904828,0.8392548280873893,0.8593814434574302,0.8048652515112736,0.7892801857001326,0.6788783532829616,0.49315364343193735,0.7005352909411583,0.8758594215392208,0.5039055109935187,1.0574573373783207,0.0,0.8409682590035038,1.0568062156304268,0.4498397922954215,0.8548424614685435,0.9488357610651466,0.8434445950513023,1.0560122631704447,0.8501590373438046,0.899725052920872,0.9149356298420448,0.9685917854420206,0.856018603740248,0.83759600770469,0.7857792270079618,0.9302995313649289,1.0020761414444532,0.9434158870161348,0.836397890328192,0.9960852618613238,-0.4116006481547942,0.5696983072237733,0.559405041532779,0.8688459520127865,0.8619549195782731,0.7804078002791079,0.8489216492101881,0.4689137615313216,0.0,0.0,0.9581824069042997,0.8871936090300347,0.0,0.0,0.0,0.48725806461140186,0.7070956716871933,0.8708072371534117,0.0,0.5331909311931167,0.0,0.6460316629826729,0.7932861724348921,0.0,0.8865155696978722,0.9048613542986699,0.32456117754686553,0.9447627061037498,0.0,0.8979917814027185,0.9565434673816886,0.8905619920846526,0.8666365074021212,0.6290663607357699,0.8945924283443967,0.977843916578349,1.0602218769641665,0.7772596547529043,0.7572681204382825,0.0,0.7336939575680606
0.5233198253197165,1.0715269384185144,0.8373842878984581,0.6510282863570471,0.7928404542423216,0.6217710253415226,0.907286980013167,0.5884438135257589,0.7542423595242072,0.8215600760069592,0.7753639270658899,0.9435485220334984,0.8053907426269884,0.4519478911534197,0.749091592797112,0.8409682590035038,0.0,0.6285389239977668,0.8178634411660586,0.4989339855929512,0.41070336702165733,0.9201088182062143,0.695445764337822,0.9250143735643105,0.9594888050542554,0.7213440224330446,0.6287857748313238,1.0352659116528986,0.6139269486304548,0.9478185033933196,0.9500462908508805,0.8212917295577158,0.8482035779538839,0.7520094426976625,0.6430760679435792,0.6827344107481848,0.3465709703632459,0.5720523398515018,0.5567941870850557,0.36461876266245075,0.13889877192936662,0.6529249361568605,0.0,0.0,0.3085157406664552,0.7186979215336673,0.07298741368917216,0.0,0.0,0.0,0.0,0.0,0.0,0.0,0.5958925625939306,0.0,0.5535275375484382,0.6544820270180765,0.0,0.5508365927211527,0.006737385868622048,0.8322932661468874,0.761695384124263,0.0,0.0,0.0,0.5205996585977881,0.0,0.7347460102119041,0.6878528349829597,0.7451666284472223,0.0,0.5733286116813805,0.470275487568353,0.0,0.35108113101944605
0.8592745207265865,0.9565685494175848,0.5742606729239453,0.4673520773856664,0.7348013361186637,0.8185450778738144,0.8293201706071462,0.632783033035827,0.66730047016936,0.7258994719922445,0.8232973526046186,0.8695290935017241,0.9390996482780731,0.4982557947815339,1.0347526672771301,1.0568062156304268,0.6285389239977668,0.0,0.5694930397878721,0.9738923539960278,0.9140161277372397,0.8908570213736863,0.9501178377159437,0.8946151856714758,1.0053028456987225,0.8837862002598353,1.0376386383346015,0.9325943787777817,0.8076914714581149,0.955634820059323,0.8079848058413639,0.9802814152104762,1.0387665103265857,0.874285485653679,0.7501443020440959,0.09062678985258882,0.3979103671609412,0.36558653185872886,0.7689699551599138,0.5926111747618779,0.44831118792100444,0.7120756197034053,0.0,0.0,0.6051454589786482,0.9958359586883445,0.772879623001038,0.0,0.0,0.0,0.7064323365194483,0.5070520147549044,0.6066442161596866,0.0,0.891734807598692,0.0,0.9151175994941543,0.7981918384252069,0.0,0.9181380393587739,0.7875691538174183,1.043451191853851,0.9025211674113272,0.0,0.7815426087332595,0.9028676922441999,0.8735235318742234,0.919501938690319,0.8980585163877235,0.7617148146335904,0.8808957949033396,0.6364858576504189,0.8254665156931298,0.6991670577787543,0.0,0.7700602527154904
0.0,0.6660078637971465,0.5415943872907867,0.5888843702142788,0.5963160958581921,0.8736943212550619,0.6779662976618235,0.7069658075315062,0.44724204288324876,0.7432376368505297,0.3699898086004163,0.8800052071513728,0.6339768362996375,0.6692477065765525,0.0,0.4498397922954215,0.8178634411660586,0.5694930397878721,0.0,0.5034709573759857,0.6535785547181201,0.7005485571438818,0.5065684676050153,0.7543926608449988,0.7527604657996942,0.6637843790703963,0.6951163177158011,0.706565296947237,0.6883586035277511,0.8291791347870858,0.5080591202381918,0.5935156962760926,0.45283975478045,0.5808045903477694,0.6253079385760087,0.6388723072755067,0.6127814387777395,0.7809448839561706,0.5673261923101282,0.4387627073738335,0.6217516144141634,0.3804046623143303,0.6969795654269325,0.5984682926078848,0.0012006989649167073,0.0,0.0,0.8004394044771856,0.0,0.6010239425336226,0.5837999791598796,0.7377387913208894,0.609386918455038,0.7852256692689455,0.594627183992599,0.6983445458660217,0.7505995012144135,0.6434596786275513,0.5287508795252719,0.0,0.0,0.0,0.0,0.739859887584329,0.46981201096783354,0.0,0.4853296350173537,0.7050605685564657,0.0,0.0,0.0,0.7288576922294403,0.7970709321429671,0.598386693733754,0.47920903747736576,0.7429960511947838
0.8348275656617044,0.8370077875466164,0.6888532593333844,0.8153514888091179,0.9454354184921128,0.9695635254930015,0.8723003719212351,0.45928563551027346,0.9514369307918525,0.6221660959139108,0.4502734983078082,0.6096568337347139,0.8983599702813398,0.6623593549829391,0.8464594210495009,0.8548424614685435,0.4989339855929512,0.9738923539960278,0.5034709573759857,0.0,0.6419003273914106,0.9149485587084609,0.9173706814565876,0.8732367872027058,0.7441702847260327,0.8213202825874757,0.7290092322254711,0.7716795357235662,0.8636713604524997,0.8134995329676782,0.7608149251674148,0.6983900663126104,0.6088931482900259,0.8693563209813744,0.796001552248917,0.9037776732118863,0.7288860591079278,0.6884801267511619,0.6805600797642921,0.7517362568825916,0.6508258510966564,0.6079250461862693,0.6885687636065534,0.46020473416927626,0.3369169563057267,0.7767450332561153,0.7270282628295086,0.6837232502191046,0.0,0.0,0.6239836709134725,0.8927557530121832,0.8654655679050335,0.6289053371750264,0.7849451061950465,0.0,0.6744473079324124,0.8597386485147995,0.0,0.7885205366300528,0.7565034106638346,0.46755755787656306,0.7796671381792748,0.0,0.6946661524208122,0.7468889730198561,0.7576784541318253,0.7757462329079248,0.0,0.6829979525789427,0.7101901386364691,0.7462827350210761,0.6352565774995653,0.6045534516023918,0.6562273401300169,0.5614069056726666
0.60160541535606,0.7634057910136804,0.6943836580482226,0.4440236996515485,0.7232665860959067,0.8797377834760651,0.847142373640982,0.6463471430736206,0.7364933276925086,0.59812043252221,0.7337214788412397,0.7904274013214045,0.7109334918242456,0.5819426042281579,0.9168051106271395,0.9488357610651466,0.41070336702165733,0.9140161277372397,0.6535785547181201,0.6419003273914106,0.0,0.6830008516494498,0.8214534554909391,0.650077486424168,0.6757614882697578,0.9221877727590415,0.8590750265315158,0.7613842419114808,0.6088734416295749,1.026846761978067,0.7617072856133646,0.5954699328509848,0.7029240040788467,0.70220578572963,0.7246661293239094,0.4733275101321611,0.49606672754588266,0.8188825104837278,0.7267612057427435,0.7945851430453121,0.6569633216505766,0.7511913486867954,0.7303261937337672,0.0,0.0,0.8344483072185149,0.8310741775951496,0.795584317943169,0.0,0.0,0.7686585247995503,0.629268418100136,0.4934249675735496,0.6206105518161544,0.8816297227391232,0.0,0.78523870648037,0.7878319141004803,0.0,0.7813557627806988,0.9253819190900778,0.0,0.9159542149525499,0.0,0.8570975002764565,0.7902855643287713,0.8085479629501431,0.7207955772691101,1.3313657303531148,0.85692522050998,0.8961838888030715,0.7680080626490817,0.6915817533596372,0.7396394322499562,0.5696437860202597,0.5192125332150471
0.7789140711108873,0.6364357011961905,0.7656162918147194,0.6839144324357069,0.822825245453987,0.8033808407237786,0.7336619490895098,0.864910613259701,0.9279824776606522,0.8517513525996269,0.5148102730429694,0.5390205754442863,0.729495071030758,0.2789646764168819,0.9495808062800368,0.8434445950513023,0.9201088182062143,0.8908570213736863,0.7005485571438818,0.9149485587084609,0.6830008516494498,0.0,1.0560118223760144,0.5236626224700407,0.8131893488928315,0.7807896027189298,0.888633766949474,0.8456772668574817,0.8450989521751997,0.686621722593147,1.004461702077081,0.887885492526894,0.6508969056291621,1.0299331534341367,0.9320540296235944,0.7603848710162047,0.8052730872760634,0.31766076565043033,0.6379499307871473,0.8453200152692435,0.6550063585819019,0.7241199743068438,0.4113850592773546,0.34989233374052536,0.3964330675902058,0.8076491114909872,0.8572762956943003,0.7750269754132955,0.4710487022362058,0.3920941181685609,0.7785206053611005,0.8212394773578919,0.7294563635195714,0.8430587788662119,0.5943417836231264,0.0,0.6464283590371074,0.8494407600488828,0.0,0.7735484388452605,0.8714913894289521,0.6054114330780445,0.7680097292191882,0.0,0.771968517273711,0.7289756941209884,0.7480582673792038,0.7970563154909729,0.8510512234928288,0.6542136691012679,0.8321185941607332,0.8670275306620351,0.7680313479732033,0.6634506116451739,0.5948775428297249,0.6280566760641022
0.6236026128077157,0.9977548392855543,0.6799781875397473,0.9602716665293248,0.7987776227328233,0.8121226202679266,0.7002167413478679,0.7192710141500418,0.7860727792061476,0.7505796055498701,0.6853651051721346,0.5979180031395395,0.8608487020341677,0.6297949651827094,0.7928337815213325,1.0560122631704447,0.695445764337822,0.9501178377159437,0.5065684676050153,0.9173706814565876,0.8214534554909391,1.0560118223760144,0.0,0.6000393374785054,0.8666096077984555,0.8673259466141403,0.6568625723030244,0.8504283432763332,0.8417604841061128,0.8466904606307507,0.8472711636491406,0.9020686369637174,0.8458121335357802,0.8681010868130368,0.865004761790233,0.8000505711108825,0.8453853503631916,0.5557639182216756,0.7446072732233255,0.7656431736642686,0.7166230998092271,0.8034590738673353,0.6953445114537153,0.859215559759049,0.6489493314716555,0.8245683215194379,0.8852013544197062,0.8444021041486454,0.7887629497842559,0.8497753207271401,0.7559431828319352,0.8240503086969175,0.739087328165015,0.8422951482778969,0.7768879859494104,0.9442323377568068,0.4630125717293237,0.7255415922302537,0.7570851964744025,0.8818893213281084,0.8874157632252024,0.4651389641646815,0.9133480043251261,0.7738080766147362,0.8360235156531063,0.9058043280581283,0.8592704577217571,0.7762638486023156,0.34077942267290784,0.8655390534398637,0.8658487974290485,0.7093585396192945,0.7328423876561534,0.7843669689595161,0.7673055774748492,0.7095126825943928
0.9160402814990969,0.5468451633881477,0.7030109094405113,-0.017096408573578248,0.65375989863635,0.494051250501101,0.8748686146493556,0.5988241026588137,0.8076764500553208,0.6169183776741447,0.6980390679640556,0.610887319501882,0.8526538454359154,0.8285451235061,0.8377906238515078,0.8501590373438046,0.9250143735643105,0.8946151856714758,0.7543926608449988,0.8732367872027058,0.650077486424168,0.5236626224700407,0.6000393374785054,0.0,0.7302132155672052,0.576617501651291,0.5139439906218897,0.8482335002737926,0.6604200573764913,0.8765411206949574,0.9447565632257001,0.2690792727067791,0.02165968548775482,0.18582892358630795,0.5820423809379007,0.21321668063151322,0.33713290747398855,0.09453578690689998,0.9391682012093732,0.41781012092658515,0.2200037145737666,0.39709954286448335,0.6552017234979711,0.4945852329718293,0.3193328806452498,0.9032482337150591,0.7553750053320123,0.0,0.0,0.46191371405542725,0.5505369541832148,0.37282708037662526,0.0,0.3352222907269408,0.4961399560854117,0.5055736321123401,0.44204862977454695,0.4932294832039279,0.0,0.3336865559906774,0.7672016953661427,0.9121817564845709,0.8614084228882699,0.4837877116301059,0.3953364868517273,0.3893356474654025,0.6189814236723892,0.6690459962004512,0.5318847386100805,0.8196109454869073,0.7851262165471184,0.6657855990865824,0.7170080845193963,0.8302853803428489,0.0,0.7142161412754697
0.7397432950792749,0.6233403575153785,0.6354316134692068,0.7974101084307756,0.6921414221362006,0.7836127532314803,0.7468730447696048,0.6303170980201555,0.8598029385046622,0.9002346425094301,0.8931642193716026,0.8043879455035934,0.8146861545062043,0.6088317388794873,1.1140603878755346,0.899725052920872,0.9594888050542554,1.0053028456987225,0.7527604657996942,0.7441702847260327,0.6757614882697578,0.8131893488928315,0.8666096077984555,0.7302132155672052,0.0,0.5722345035506197,0.9919415197843183,0.7732220948519504,0.6976975504482377,0.4882634915481028,0.7623761079340776,0.5637479344211356,0.8344495144500654,0.6132272709490854,0.6812364793169967,0.5574551867931737,0.6116790960978797,0.501470367058738,0.7252068642705256,0.6562666599412048,0.49148310054697286,0.7139145150426617,0.20321395079346083,0.0,0.20674246431069823,1.0089395013979887,0.7414887088116838,0.0,0.0,0.0,0.769389477177139,0.650238153278491,0.8280012328799156,0.43553130176760346,0.7490392335688132,0.4438628023227353,0.8449906132066525,0.5372031249385772,0.0,0.7905428266036905,0.750133950830316,0.9161656884184556,0.9062978868511697,0.0,0.800549515455146,0.7261374335988298,0.7892201459364543,0.7262544618060267,0.8899249778221955,0.7987511300125073,0.853650004227857,0.7619596063617233,0.5153493220597523,0.6852448379774079,0.0,0.6555155078592957
0.9213503754024661,0.534907202375392,0.6728993661241807,0.7305441532078618,0.6415292328502367,1.0272206435904008,0.841047754121518,0.6571976496658753,1.0097785963298724,0.7309963098783059,0.778578843761166,0.5175542810234303,0.6936206805202093,0.5481050158015899,0.7177624321040581,0.9149356298420448,0.7213440224330446,0.8837862002598353,0.6637843790703963,0.8213202825874757,0.9221877727590415,0.7807896027189298,0.8673259466141403,0.576617501651291,0.5722345035506197,0.0,0.9416752421564214,0.6901127871884026,0.9508872284263565,0.5611651518788059,0.674447563906418,0.8558654498891152,0.8642114406231176,0.7547025060552532,0.8083232965482401,0.41336517391613226,0.6781951724066193,0.34573410876928856,0.745671169325796,0.6280699701074638,0.628932314477416,0.5668477028257742,0.2292857160306395,0.49428822353825463,0.5895607634862003,0.9745903555661972,0.9398306401779042,0.8408704507387197,0.0,-0.0035271139092327144,0.8083239685946811,0.7954447643296514,0.8301616888365662,0.5939353718920355,0.7508167637545805,0.0,0.8667851153684807,0.8124275539882327,0.0,0.8126040329655498,0.8763302590692661,0.8405532307484458,0.7784690364606051,0.0,0.8589719222721783,1.051318959373536,0.9206940989025082,0.795713078601245,0.7869247224927505,0.7309383781581342,0.8998394217020883,0.9609239688876273,0.5261321369197913,0.9574291412433443,0.437022590380804,0.6221968331818616
0.7585467759044091,0.9947220568527492,0.5034168408310168,0.8508410484900623,0.707573932189125,0.8221169255284013,0.7802256137044667,0.8685777299781945,0.4580507646585323,0.7971799863063975,0.7237612966672886,0.7378368889058045,0.8927664131269104,0.6995964634665366,0.8366373975340589,0.9685917854420206,0.6287857748313238,1.0376386383346015,0.6951163177158011,0.7290092322254711,0.8590750265315158,0.888633766949474,0.6568625723030244,0.5139439906218897,0.9919415197843183,0.9416752421564214,0.0,0.9172543964774649,0.9531885815165486,0.9174207936145503,0.9087068704407637,0.899211756198447,0.9362618940792291,0.9021267424350786,0.9231465868158253,0.842637201917291,0.8953596323665771,0.7754337240742554,0.7570027694492227,0.8063141264274765,0.7250054342502925,0.7037074797660416,0.8624628791381194,0.9213133803875775,0.6404460168843416,0.6663636850745935,0.9861614610971581,0.9047187292046674,0.598243962186554,0.9694350257292562,0.7962842727555086,0.9442847577790294,0.7613184077291746,0.8993342372585458,0.7962804626061812,0.9053398945366193,0.48999345672051603,0.7976886499018107,0.8792069182232327,0.8908765629499036,0.7969331866341207,0.0,0.7938620359122771,0.9285767487313866,0.8485489385452027,0.8756450681376213,0.807078703649971,0.7403790422532517,0.0,0.8116318110215426,0.886791214138177,0.8087938518366786,0.7783815096892621,0.8157591555367115,0.6688719094295477,0.7479094627837333
0.6841832482225384,0.7998896297461546,0.8897668424739673,0.7233786416136855,0.7998449681183091,0.7684184858333258,1.037478143884592,0.7448782060452447,0.7643460778074515,0.8660902414430005,0.6532170099276617,0.605225436238207,0.7125098872788374,0.5530299424497013,0.9037285403747517,0.856018603740248,1.0352659116528986,0.9325943787777817,0.706565296947237,0.7716795357235662,0.7613842419114808,0.8456772668574817,0.8504283432763332,0.8482335002737926,0.7732220948519504,0.6901127871884026,0.9172543964774649,0.0,0.7259866126673444,0.6986070365470117,0.8572823376750465,0.8523315340685486,0.6538269383115543,0.7123056853924292,0.7727473853666367,0.8375374058944031,0.6821534845902695,0.7161500170145652,0.8371486679821363,0.36458968362433775,0.9223602938602788,0.32304546762557884,0.6689919286508516,0.42240999721859973,0.6089841889339298,0.7365776810288863,0.8177782901183639,0.8775831830614806,0.0,0.9000968069124805,0.8590931631456211,0.8184484314795419,0.8623821722467568,0.8329193329818377,0.9815146335006282,0.8191958202646068,0.4357995873150222,0.8097810034350659,0.379289727624407,0.8433844797686308,0.6223458651589152,1.2019570077421895,0.7457472075041687,0.8957063717070972,0.8375951460570871,0.895462949331499,0.8274835879818081,0.80477247119352,0.6857681233596085,0.9343387881971076,0.7690667854511244,0.845278097505562,0.8312771276206194,0.763077025345656,0.7673993556634836,0.7874393913752578
0.6695068628165509,0.7765672107498556,0.9303344297796963,0.5964887158743993,0.8318338945687178,0.5606836227470933,0.8082202248970567,0.7195489314881491,0.6983165749993405,0.8064322343450638,0.6702824529277955,0.8727626551204807,0.8148928303707984,0.41148648642694813,0.812940293934036,0.83759600770469,0.6139269486304548,0.8076914714581149,0.6883586035277511,0.8636713604524997,0.6088734416295749,0.8450989521751997,0.8417604841061128,0.6604200573764913,0.6976975504482377,0.9508872284263565,0.9531885815165486,0.7259866126673444,0.0,0.8415321139149787,0.7415414884786848,0.582074997193852,0.5164789264877819,0.8001875262527105,0.651203025575316,0.6462346914319639,0.833451007206174,0.7322389408074064,0.6387337865786795,0.6663390788982602,0.6457234292296186,0.6008129045082277,0.5493719642524929,0.7680706884621142,0.6866460189207748,0.717968720370993,0.7353932103450942,0.7603132664139793,0.470463074297904,0.6514924507127227,0.7536456983088688,0.8044848329346321,0.8703654941811821,0.8691320574906314,0.8453138481026501,0.42914634193049334,0.7757244383571661,0.7208808246564982,0.5748888531185741,0.7753589781372772,0.9168628932679433,0.46865880855620934,0.6537255382298711,0.66297554017342,0.741269908198366,0.8189240008866984,0.7354073076971777,0.7379086208569472,0.47692954336440563,0.7159912601746921,0.7949083695230574,0.7839860176251421,0.7206105198675464,0.6680380122077213,0.6005691816686574,0.6574032141683293
0.6759002140528508,0.6546698329074938,0.9624304853504164,0.41238659185520554,0.8076251045268175,0.9444556605473688,0.8079172588911754,0.8680145859128081,0.8604984673912977,0.6720429318776231,0.6075679065977695,0.5815541797701442,0.7340384000404865,0.6803467167357762,0.7241901091574878,0.7857792270079618,0.9478185033933196,0.955634820059323,0.8291791347870858,0.8134995329676782,1.026846761978067,0.686621722593147,0.8466904606307507,0.8765411206949574,0.4882634915481028,0.5611651518788059,0.9174207936145503,0.6986070365470117,0.8415321139149787,0.0,0.840634273210388,0.5602234455113645,0.554080761746562,0.9833993666090839,0.7464178399625172,0.591638057263064,0.47476431813835207,0.5367615732129497,0.8860444970857762,0.45585999333991584,0.5089296094550118,0.760603937472399,0.5739420158726197,0.26570580193350324,0.0,0.0,0.0,0.29991092158162214,0.0,0.0,0.9386477329944476,0.7787251338388409,0.6795702235247654,0.7067546213269298,0.4914583483199858,0.0,0.007902494929354966,0.5493542495667451,0.0,0.775738518777519,0.0,0.0,0.9397144582257335,0.9390028383148206,0.7690285711063876,0.818390351727597,0.7671917736758199,0.8008217061155843,0.0,0.4217963439118878,0.47622129095665805,0.8368167433054854,0.6919349096445682,0.8117696979433312,0.7039481683658434,0.7491757780481285
