0.0,0.8582666813730135,0.37562263139477786,0.0,0.6570445884661567,0.40834196610035023,0.47633880023243425,0.4404225394598386,0.4110759452582663,0.5724392321788293,0.30402553251272274,0.5731622343992417,0.7354876880015999,0.3964014367809505,0.3915040500049214,0.8884887396512529,0.5342863751271434,0.716088178928648,0.0,0.6179773395305002,0.2421576370685054,0.6332588340875341,0.40364427993526103,0.37543254655018543,0.6910163545526824,0.6886405137509297,0.46401723007315265,0.44571860663801366,0.560240351441792,0.17328956336642076,0.7521310221795328,0.6925018392742028,0.9449694214041946,0.6131267496233135,0.7294687887424338,0.676892567362571,0.4936060127624099,0.663618779296806,0.5169218847327155,0.5467358257396708,0.5283760242289114,0.6334666034484473,0.47796081557896186,0.0,0.28188687309094296,0.7751889996854077,0.7556049322634426,0.0,0.0,0.0,0.3479322924411851,0.0,0.6385547343427934,0.0,0.698379645405561,0.0,0.5801419801900785,0.663246790692297,0.0,0.6708966704729636,0.7614006403204767,0.6303782033277152,0.6204520566644715,0.0,0.5214807881906957,0.642811145700981,0.7827230146934797,0.4683747051847972,0.42487773627107683,0.7349714164408512,0.7815750974200136,0.5291984970321595,0.44608634316880275,0.6041301378699597,0.0,0.5949085411791776
0.8582666813730135,0.0,0.5064950954758424,0.390373066134813,0.13611427091030442,0.35818295977896125,0.280266870168148,0.7667655024359528,0.1292651083259803,0.42748118904394006,0.4614999008418199,0.48513211381898075,0.4523162353903898,0.37112249503330486,0.48319258106409924,0.6832221045470213,0.676510179791866,0.7337330764999356,0.7010990485267788,0.4290128172466353,0.7798921867059369,0.3728218872887401,0.6086525536484317,0.4589245043603293,0.5925392391409291,0.48116475942095444,0.4418672979115666,0.446153681502796,0.4720051670235856,0.588785435967711,0.6478032072435684,0.42251838203118797,0.6561501793503774,0.6025218791331519,0.6628703768698747,0.377292022771198,0.03839777487291654,0.0,0.649743832318155,0.9383310948388222,0.6981313821395132,0.7111307364768622,0.5903347833419411,0.0,0.0,0.95013344604276,0.6856313125956854,0.039279437183060886,0.0,0.0,0.5512074569480736,0.703301978340767,0.38082500689209353,0.7261531199269435,0.6938298943963088,0.0,0.551557633510573,0.7507538697951635,0.0,0.365771873919312,0.7938170557881432,0.7376486197381319,0.8353803585366315,0.0,0.5595260246998198,0.8208126449195919,0.5227034405428834,0.5911415891541967,0.3399924283040904,0.8999143404767511,0.7397876734623001,0.5907784388465163,0.8133413402821259,0.47883551074186664,0.0,0.9121581439940365
0.37562263139477786,0.5064950954758424,0.0,0.4688092411606029,0.3837689453056252,0.5612189597050117,0.4767568391965791,0.47685537661523414,0.661514612229962,0.5975263967943811,0.47115074691783704,0.6697591014630049,0.5402129619992504,0.613638277704153,0.41119025130688724,0.3725443566411822,0.7327988355974586,0.7848893422799106,0.350649911911437,0.3181828572844146,0.3902142896000983,0.4504959513975772,0.11021389819987493,0.4683745608177851,0.5892453539066198,0.5589425779892035,0.32233122772787676,0.524212708233421,0.6224775338771903,0.48894415589570417,0.5559672524410406,0.5085421176334679,0.6088878779215534,0.5472285994017386,0.4155256662637727,0.5998862857844958,0.48311735863392585,0.5447709183176753,0.6037448188607862,0.4672813995505977,0.4862873120042983,0.4836432158770082,0.6149098140178013,0.3818528790138621,0.0,0.0,0.380791347060927,0.06755239137979893,0.46967449022162333,0.30293656528697177,0.7310992168013746,0.7319169786321391,0.5875047941326447,0.8547885495263053,0.4246056865376634,0.0659502501412989,0.711354108568946,0.7709141367210179,0.5793382091400956,0.35420939899085724,0.0,0.0,0.0,0.193614989998009,0.853645177282544,0.4299602426990344,0.2469559801800839,0.34798419952065146,0.0,0.5491098326279137,0.6053507062394714,0.5896505852905559,0.6574324677862021,0.5495646020883994,0.6552279570778319,0.4860484282768829
0.0,0.390373066134813,0.4688092411606029,0.0,0.24854787305325504,0.4447116705586175,0.25072494140456425,0.599389276141585,0.5615667305795793,0.661950348381629,0.5645895649886357,0.29813409111991557,0.26618475015204424,0.28181004194461057,0.4860625944357228,0.2623707470795269,0.4088772194571989,0.4753070848798955,0.5468720390912729,0.4862519360963972,0.4847333587388698,0.6621422659739646,0.5512076726404954,0.12714371368075453,0.7978195474504668,0.589993460825577,0.3353641412109568,0.08421767163139515,0.47204750767760645,0.5276579300164616,0.5063233238407702,0.2640123795198099,0.09429326911459902,0.4070024697165239,0.405945267250946,0.27724759717152875,0.21387557645100594,0.17767676561206447,0.07909650207468798,0.36642829234157587,0.5044492287101335,0.48050617352763847,0.040099355057798214,0.33814526999138395,0.0,0.0,0.0,0.40085019352935763,0.0,0.0,0.7855670105883468,0.0,0.4702876429215568,0.3273045405843724,0.0,0.4761318382925895,0.4111458064808939,0.4514103093298064,0.0,0.0,0.0,0.0,0.0,0.0,0.0,0.0,0.45242997055806505,0.5479084696352847,0.0,0.0,0.0,0.4901493426877745,0.456518119266999,0.652142140722201,0.0,0.0
0.6570445884661567,0.13611427091030442,0.3837689453056252,0.24854787305325504,0.0,0.32183617070398485,0.3145683985566321,0.2677076268425903,0.2854979994445228,0.6163829085845796,0.13394378306531285,0.5712640620697764,0.3913813132978886,0.21211038928982065,0.6805772991592827,0.3215436300180087,0.809849342467559,0.46457678582473616,0.2716997431023539,0.31655114484943886,0.5574748243394483,0.26149661491367404,0.46161091890507844,0.6652478693235813,0.2433204448220684,0.28430578002595136,0.360873462240611,-0.002594286008664237,0.5318560808968756,0.5125497734199469,0.47451127379409036,0.12184117744195119,0.3778730624917159,0.43951095773414667,0.05955973328666178,0.3303751661165985,0.17439813123596862,0.5611934254237273,-0.09227476832183146,0.4547672723892551,0.37787633903051226,0.3815680548501327,0.36028157079828327,0.3599514752310049,0.35309572877542583,0.0,0.3411544210287212,0.46910480978894525,0.0,0.62657572826945,0.6114871204422622,0.6362967010392357,-0.14560702647260548,1.0852219142568842,0.0,0.2852690388576321,0.36635328249854254,0.7418719277923325,0.2806730019691131,0.34923802295942163,0.45261800923522383,0.0,0.0,0.40956297403845965,0.503473740564433,0.48727301801813827,0.8296423465375798,0.5376245279251333,0.0,0.46741039746610835,0.8152505714308342,0.38013078313786214,0.5427798737867373,0.32610609154178516,0.0,0.5100018909010535
0.40834196610035023,0.35818295977896125,0.5612189597050117,0.4447116705586175,0.32183617070398485,0.0,0.4534956410142356,0.5136386028435127,0.4418735285254787,0.5512946677110683,0.48835250261597946,0.6165570403299414,0.5646601077870559,0.3953948907805577,0.40600181539056696,0.4398117127104719,0.7149286175112183,0.5929392069994129,0.6846758531371421,0.5357803844591855,0.5822002579096028,0.39992767360683507,0.5875028121413549,0.4093840019642271,0.4094160856662334,0.6878959417589425,0.42284297550240074,0.47790556296151443,0.2539976276894984,0.6072659449059772,0.5264359678614454,0.28558456006584854,0.4756569671112223,0.47986958849105615,0.43830397334764026,0.4739248521071119,0.4590968976145373,0.5175882576289144,0.6378794075480441,0.34500518362186355,0.5599543133014233,0.2718683649851305,0.749828775926777,0.3400471540181021,0.11034781812328476,0.5555474833668171,0.5967923077743451,0.626385198847465,0.693161756776974,0.49609930537997304,0.6878305973859221,0.7514815231871017,0.6253213888804492,0.8324620129477809,0.7691981884114243,0.8162297455417785,0.5131406203856576,0.7366303476253802,0.6489204682972631,0.6551617906963643,0.6925681427896344,0.0,0.6241760911135716,0.7481806910015854,0.4331060130835501,0.3902328777645741,0.6073955698801279,0.5813180631392952,0.5032716834218395,0.673290527258699,0.5663572175625169,0.5917482101752538,0.5457282772164253,0.6201564631333358,0.028433500231245468,0.5855065261078918
0.47633880023243425,0.280266870168148,0.4767568391965791,0.25072494140456425,0.3145683985566321,0.4534956410142356,0.0,0.5239284960219238,0.5150531879353502,0.6879338961900032,0.3901379743596729,0.7104994560701061,0.472585147165951,0.2388994891668285,0.5867463538178215,0.5299237100494559,0.7698684660025379,0.5712139673692591,0.43985219843217993,0.3586288979496292,0.4852132734358634,0.40753779484208985,0.5571978959243609,0.8205863154950159,0.5667925078772497,0.636297513289197,0.40610523937399945,0.11116927557980816,0.5554617661680628,0.5935712968188696,0.560164651743258,0.3542591309199919,0.29648632279097664,0.3850697796621094,0.179792668579444,0.6522155238199381,0.5321152648434859,1.023787975195003,0.5663811278400799,0.09959408404179493,0.28848400172716954,0.351850115353602,0.6737156968982472,0.8256455983153375,0.2563733994603909,0.0,0.528906710186078,0.49308364234613467,0.0,0.6162614069402765,0.7460620175253188,0.6263284240415754,1.048236178327533,0.9140500723384868,0.529634636936209,0.596980268505016,0.3950781928174371,0.5185503697206852,0.3896125038159629,0.45859845572076574,0.675926423610758,0.0,0.4892362846522589,0.6660359003427287,0.6668079033842569,0.6439051690076154,0.6191794504619872,0.5655273611034947,0.4660596193618696,0.6830209934881339,0.5716383338624966,0.6063623230207594,0.6375770448430618,0.4999330138911041,0.6994474341653869,0.5573191376934414
0.4404225394598386,0.7667655024359528,0.47685537661523414,0.599389276141585,0.2677076268425903,0.5136386028435127,0.5239284960219238,0.0,0.7015457426418505,0.45703153248745515,0.27419927671615096,0.7007481896072121,0.5700076167564527,0.5841655177234644,0.5553460423598893,0.7321036781854877,0.5203615214230959,0.6797657063036262,0.4192767234079439,0.42997055351242497,0.2689793409704243,0.5252521702207594,0.36708801679255487,0.31567525566619176,0.702905412277682,0.5782425978962531,0.4577484669967038,0.43636811474768994,0.49858307344587094,0.4091090443767117,0.5237307213578851,0.33827720168728925,0.7837610450976716,0.4270011276131431,0.2562914295180442,0.5490458639554057,0.3836133732237327,0.6578414206612797,0.3470493645940489,0.46182889901331214,0.3206013608712658,0.6704773939837236,0.5681969542702239,0.26541219563453367,0.0,0.4760421611215019,0.47280136983055565,0.3613788811719653,0.0,0.35684868229398403,0.6118527467855995,0.5791040367310295,0.44695224328640826,0.5712865212793271,0.6515370852796336,0.33913647819722326,0.9417778704973655,0.64567201054517,0.2885682131908916,0.6287385612692173,0.6394724001544372,0.0,0.5619171693003339,0.5826108380479529,0.593571696314524,0.6734302159478429,0.5462242690925562,0.3814938453546701,0.0,0.5630038565815916,0.4626948456251479,0.40768382999621766,0.5041242562734402,0.5740292864685899,0.5246369377877511,0.3310554685750807
0.4110759452582663,0.1292651083259803,0.661514612229962,0.5615667305795793,0.2854979994445228,0.4418735285254787,0.5150531879353502,0.7015457426418505,0.0,0.6231221730743095,0.4133570104811578,0.5803253304174623,0.5556415586947325,0.8140956799386558,0.7536611560869997,0.3298069289243347,0.6460718430495718,0.7779884350173012,0.4134687781910424,0.46549384546136496,0.42049953618864666,0.37068563874194277,0.4501401744555504,0.7386856767515375,0.34407187358135505,0.5883260675720338,0.3570449976913386,0.5929438644138799,0.6652543034494047,0.7269582376449171,0.6137693343488395,0.6210508279520937,0.4524248649200961,0.6308489911541787,0.5451745101384629,0.6346275801695456,0.5994463581576338,0.6100629143174208,0.5803359929520295,0.5100355235597551,0.24798272182112924,0.2534521314745306,0.5654421624551056,0.12795551960872634,0.2692653113999007,0.0,0.42953067651031296,0.7274311146355659,0.46326558534565276,0.6915626915978473,0.8215369447469217,0.8585740446532626,0.7261050192817362,0.7313768557766491,0.47855576245709264,0.7187799478896739,0.4149479617180153,0.7342529814301103,0.6244875504000663,0.7190997519661688,0.5635992253339329,0.0,0.0,0.7613834270334414,0.7019344721653837,0.7386608087303439,0.7266538570277019,0.7129850536110274,0.41192723386227303,0.6898721163629766,0.5234352282069886,0.6562320846439362,0.5902470230953406,0.23212586464611118,0.6552060661509516,0.7299106003483216
0.5724392321788293,0.42748118904394006,0.5975263967943811,0.661950348381629,0.6163829085845796,0.5512946677110683,0.6879338961900032,0.45703153248745515,0.6231221730743095,0.0,0.5945715086268297,0.375183582462596,0.8449356272223285,0.8813704970574714,0.6166486286526558,0.8751222334594839,0.6767302063135745,0.5318573696448332,0.5720591395011545,0.36113479225282286,0.5875637560287648,0.07680665290554367,0.646195453491268,0.4251892838657138,0.5845327457713536,0.5665428573970155,0.45900759753183973,0.8260162498137242,0.5379598044167504,0.2908857822168315,0.4986127799286396,0.5828768024847555,0.6337325433729246,0.5838407321155272,0.7795562701770196,0.524214287655353,0.5389163011144111,0.6985380662891978,0.8751479052497697,0.5448058261779836,0.7060274574331606,0.2519133764094611,0.5119785386005753,0.536835954191877,0.5121404758899004,0.6933390225233196,0.5561800148181866,0.3496519597293056,0.4697009101761805,0.4378970590266168,0.5455094103283681,0.49248371933255214,0.7020902012763108,0.5214021298597009,0.6342352191434715,0.4053443730140378,0.7208371723106409,0.8691628771607901,0.0,0.61775124518352,0.6788311549404282,0.5803562489212607,0.5743088159965318,0.4699257493830791,0.46643670035814905,0.517688428069377,0.6048526220377841,0.6383328911160084,0.5273930003985388,0.584186700706119,0.6614652010060358,0.6054001410021963,0.6922366306207384,0.5371755789361454,0.0,0.8614351044458377
0.30402553251272274,0.4614999008418199,0.47115074691783704,0.5645895649886357,0.13394378306531285,0.48835250261597946,0.3901379743596729,0.27419927671615096,0.4133570104811578,0.5945715086268297,0.0,0.7320138210586817,0.47981063337433544,0.49545294331268674,0.0,0.4892564238378893,0.6708380729648444,0.6574525818245706,0.23140543708165792,0.4525955911447969,0.5658389623331779,0.43961258248695534,0.500709414265162,0.6831540370000775,0.5306432815552675,0.8056641235852294,0.4870024698848427,0.41942056673834105,0.4802287416017722,0.4139980752022445,0.5289741883504011,0.15610693075634563,0.634427812412782,0.5634875263501994,0.4903427077844209,0.47583608021354185,0.6591581525114892,0.6469049481323361,0.43009408945717514,0.7542171018548767,0.4841638943849907,0.48837460238682484,0.5887866819117311,0.6372850601521487,0.19189635389756454,0.0,0.0,0.41343852685928295,0.4697695354754102,0.23946163497606987,0.6047928001366283,0.3245474340519422,0.3063464269117937,0.8268096991617766,0.5545157262879425,-0.026575756256648125,0.4556893966991618,0.5864458492876043,0.6577096381302749,0.0,0.0,0.0,0.0,0.09070598834486648,0.5243300613400412,0.0,0.5294676220537782,0.646527534846646,0.0,0.0,0.8792482119504248,0.6212824754251556,0.5220089146545113,0.24512027294366112,0.0,0.5807600501170004
0.5731622343992417,0.48513211381898075,0.6697591014630049,0.29813409111991557,0.5712640620697764,0.6165570403299414,0.7104994560701061,0.7007481896072121,0.5803253304174623,0.375183582462596,0.7320138210586817,0.0,0.8779840397177181,0.6424704820180371,0.42146011169439335,0.8493051799415433,0.7049511358966305,0.8022958573936643,0.6055288092300759,0.44706777207422177,1.0233412051753805,0.6733393894312031,0.7684612691608999,0.4127610865978422,0.5413944939894353,0.4359633883057743,0.5350843460111387,0.8951987829517452,0.7364169806877257,0.29785220468715645,0.43400155913503685,0.3202690405506393,0.5809574338696876,0.7173430827742815,0.8612410431013832,0.4314506527600647,0.39714824228880713,0.5426239814557062,0.26222471507616796,0.5524496075592831,0.4371415333738558,0.299224862988706,0.3559287319725516,0.3849682662822844,0.5134303632617746,0.3888428468916845,0.4340947543972725,0.5222361041370993,0.16973722073077843,0.3674205827459854,0.259198148134852,0.22701644836745177,0.36441672258197044,0.3386293563245366,0.6665595034657341,0.18659977104578324,0.7824426777829291,0.8727949624637026,0.5278787960188862,0.5164759452695589,0.6048213336474106,0.5202409294516224,0.603145069567323,0.49802629326931724,0.8262836477903599,0.7906394856722736,0.45476265119594117,0.5909447229433462,0.5350250139474252,0.5628165716395332,0.6044029211827722,0.3676442305798203,0.5638451206215376,0.47713491681648423,0.0,0.8809018299525364
0.7354876880015999,0.4523162353903898,0.5402129619992504,0.26618475015204424,0.3913813132978886,0.5646601077870559,0.472585147165951,0.5700076167564527,0.5556415586947325,0.8449356272223285,0.47981063337433544,0.8779840397177181,0.0,0.22824000690970397,0.5387916836451258,0.6534363645333978,0.7614763235994035,0.7412685481793078,0.5296721421724202,0.578992166398907,0.5176079241539273,0.53512492910188,0.5960930489603244,0.7724775451957868,0.7739611280703607,0.724350154755957,0.4555402905362015,0.3689611220666634,0.6793873828710137,0.465997384438834,0.6038545934599715,0.4502482689267768,0.4113605164474746,0.6211517988298935,0.34015065778277387,0.5100468351941406,0.6419788134832825,1.024615966308374,0.70384298610977,0.891819221566255,1.08838798961171,0.3487400520797873,0.6194631927281644,0.056267147100627524,0.3244372079057057,0.5908042582971818,0.6213868313035502,0.60904774482495,0.0,0.6590551682959008,0.7343254642281478,0.9116859006475347,0.5896445529715888,0.8969928804815344,0.8792834148484476,0.5944663567039649,0.8905354682134317,0.6354927432782471,0.14541585834554227,0.5528073817458021,0.5187922235206821,0.5601246647091221,0.5968405371547356,0.9563202934673303,0.5582017704198239,0.6323617807209726,0.5459260382769506,0.6377556208381434,0.5910562339605513,0.7735504960743793,0.5918392986254029,0.6691602949946499,0.6575074916681264,0.5615771896405151,0.5262246787039021,0.6185135314683894
0.3964014367809505,0.37112249503330486,0.613638277704153,0.28181004194461057,0.21211038928982065,0.3953948907805577,0.2388994891668285,0.5841655177234644,0.8140956799386558,0.8813704970574714,0.49545294331268674,0.6424704820180371,0.22824000690970397,0.0,0.39104901454296426,0.505351648125514,0.45933258848884634,0.4945299452540517,0.6900606044898216,0.4724652197032221,0.35686440444981554,0.16779799215929272,0.40209625127510706,0.42365024465047485,0.6545112068931016,0.5236601179184758,0.6143341582859416,0.22492316708839102,0.646306746472069,0.3726864602251347,0.6028400521273128,0.21495801979406684,0.2802050576987317,0.6988774813340989,0.3406917606308129,0.23348974176730417,0.22949087007098246,0.3266548367248493,0.030455301212471142,0.0,0.6653120179272611,0.6712398258535984,0.21690474401010135,0.468953258172501,0.0,0.0,0.0,0.6364582097560748,0.0,0.5323979019817958,0.4490397331061531,0.6823881793639857,0.4891535853495773,0.5279293226872075,0.0,0.6640622955215787,0.36617414826624084,0.33340203420613196,0.4527104736161065,0.0,0.0,0.0,0.0,0.6350993890488479,0.0,0.0,0.0,0.6007004896848752,0.0,0.0,0.0,0.6628781718804029,0.7289073257181695,0.0,0.0,0.0
0.3915040500049214,0.48319258106409924,0.41119025130688724,0.4860625944357228,0.6805772991592827,0.40600181539056696,0.5867463538178215,0.5553460423598893,0.7536611560869997,0.6166486286526558,0.0,0.42146011169439335,0.5387916836451258,0.39104901454296426,0.0,0.6125072373601745,0.366427377069317,0.6012706056389507,0.0,0.20706811148043608,0.24879097971580783,0.2008041450841816,0.21907533557338954,0.3749811187435376,0.5304249883963237,0.3658705738811928,0.13135643924222917,0.43238622621190725,0.26680893963526087,0.4264364264361947,0.4843173629936631,0.16676117889256056,0.5414100268567799,0.3893045701447242,0.5027248504151596,0.3602485067602438,0.3680670046796977,0.3797257843718922,0.24589203735841955,0.41606924179198423,0.5200249289094034,0.46527888716309496,0.3914625098862183,0.4159017423050173,0.0,0.750702844573012,0.6275305349738807,0.5351236397658439,0.0,0.0,0.5332774872848431,0.7637502968217853,0.49855325839751896,0.5863664426735402,0.0,0.0,0.488771505245059,0.5772871396207504,0.4715418191937022,0.3560942743190829,0.7481842899457503,0.5364828984260708,0.7781104562287022,0.0,0.1995559445454521,0.4437751743347632,0.6770081315709504,0.5303076009399591,0.45246006465515903,0.5115651912997025,0.5208487625536554,0.388966035722925,0.38734158060925417,0.4652083566317564,0.5303682388331009,0.5202852526097084
0.8884887396512529,0.6832221045470213,0.3725443566411822,0.2623707470795269,0.3215436300180087,0.4398117127104719,0.5299237100494559,0.7321036781854877,0.3298069289243347,0.8751222334594839,0.4892564238378893,0.8493051799415433,0.6534363645333978,0.505351648125514,0.6125072373601745,0.0,0.6284075825569038,0.6292227689461598,0.4529015615753236,0.5010879293638261,0.9334345155604147,0.5418196259704815,0.7529701989800881,0.640635742689087,0.7646542726129749,0.6995516124751505,0.575683839164209,0.5667480219442789,0.527456928816564,0.6255661902496704,0.6745562751148113,0.4680925917991159,0.6072368395398273,0.4931071169239654,0.7728243725674975,0.6639816753634039,0.47572874570427703,0.6999795352043662,0.6610302723189945,0.5103279866528883,0.7304656156674543,0.5425276624316484,0.47220260033944794,0.0,0.0,0.8920690885986374,0.7106379528996425,0.0,0.0,0.0,0.5638335125015399,0.75086674477302,0.9192143311790713,0.0,0.5957564308666822,0.0,0.5696492421360958,0.7701357141832069,0.0,0.6544235337121795,0.7388146905919537,0.901426596175134,0.6483236509360137,0.0,0.7210101423077476,0.8185261380925704,0.5497655054579391,0.6216011995067416,0.5598897310074098,0.8670014361651202,0.8241916568809374,0.6219614141219503,0.7672741281760466,0.7990686864420853,0.0,0.5634521756960116
0.5342863751271434,0.676510179791866,0.7327988355974586,0.4088772194571989,0.809849342467559,0.7149286175112183,0.7698684660025379,0.5203615214230959,0.6460718430495718,0.6767302063135745,0.6708380729648444,0.7049511358966305,0.7614763235994035,0.45933258848884634,0.366427377069317,0.6284075825569038,0.0,0.5571684539390723,0.812026226129734,0.3678554638631877,0.6086380633351949,0.4362179843553218,0.7047542302997972,0.7277586093102453,0.8464806967373975,0.7287429502855656,0.6950202830259802,0.9186653133912159,0.42892711233164277,0.41380198330040396,0.7198172437046902,0.6473453887394254,0.7119915896054783,0.5533913093025608,1.0116076409593857,0.7111424279252992,0.34715074144861413,0.564725240249526,0.655820785531614,0.4481514526542404,0.8744090193946845,0.7646456877326002,0.0,0.0,0.28190499200535746,0.7082676493781657,0.5133463783211033,0.0,0.0,0.0,0.0,0.0,0.0,0.0,0.7066738226889896,0.0,0.7524197561846402,0.6698521647657738,0.0,0.5714555429800443,0.6116476877790427,0.7680470543262061,0.5666142039833004,0.0,0.0,0.0,0.5896917980393299,0.0,0.8755182341561756,0.7083067791599482,0.7737457597419026,0.0,0.3164464860481661,0.46392626925560254,0.0,0.8773250621734427
0.716088178928648,0.7337330764999356,0.7848893422799106,0.4753070848798955,0.46457678582473616,0.5929392069994129,0.5712139673692591,0.6797657063036262,0.7779884350173012,0.5318573696448332,0.6574525818245706,0.8022958573936643,0.7412685481793078,0.4945299452540517,0.6012706056389507,0.6292227689461598,0.5571684539390723,0.0,0.6220161718656618,0.6513735390214868,0.9454239823155953,0.5233439055824081,0.7799929963415095,0.7273656537107844,0.7734421820204176,0.6755526490071544,0.8025578420212425,0.5790409200000285,0.628625887636085,0.5883329730955456,0.6807703289926929,0.6135239150707887,0.8114986548094212,0.7475386534018935,0.9184776911916049,0.6264126968397394,0.39561447034778535,0.208180145105469,0.5132546479532956,0.536685517637946,0.5811698323400994,0.6277233178677237,0.0,0.0,0.739230003595115,0.8889934683030694,0.6905610346555567,0.0,0.0,0.0,0.6018073436199955,0.4867972748757612,0.6053881980497446,0.0,0.6874426279996535,0.0,0.7146868217146379,0.8427116976205191,0.0,0.6467745457990662,0.7143227198894493,0.7393530847528725,0.7224373622823462,0.0,0.6739132577356064,0.801488567501888,0.4530773928256761,0.861519242262,0.7375935707961465,0.7777515018166687,0.7742707717742037,0.6588470656033112,0.8000459647008291,0.69591319410598,0.0,0.6426891097830167
0.0,0.7010990485267788,0.350649911911437,0.5468720390912729,0.2716997431023539,0.6846758531371421,0.43985219843217993,0.4192767234079439,0.4134687781910424,0.5720591395011545,0.23140543708165792,0.6055288092300759,0.5296721421724202,0.6900606044898216,0.0,0.4529015615753236,0.812026226129734,0.6220161718656618,0.0,0.5017939220441966,0.7084908672911119,0.733455160347202,0.13950524769460304,0.5732235839231288,0.6473524171170243,0.7468509830690864,0.4567437599022315,0.5226563217883634,0.5726523400711339,0.6101218731038489,0.562217853788675,0.5469894527163524,0.4649819300739826,0.5723505396479931,0.43905268044083823,0.6304930686464075,0.4673454320423057,0.4881086925845158,0.5386710460551711,0.4446891306394021,0.28845203362425836,0.18074293605773956,0.6583625524435577,0.3446585115740206,0.009047458613636825,0.0,0.0,0.6619579018558553,0.0,0.47475772524527665,0.562729590537681,0.8053835509725071,0.5635484621775787,0.7828001430111847,0.5899174293438734,0.6188393951495397,0.5206727179081232,0.7247062503120105,0.526315738379856,0.0,0.0,0.0,0.0,0.7223436054168777,0.46965775448643643,0.0,0.4865629328653479,0.6363584194732748,0.0,0.0,0.0,0.6342195374799171,0.5346949132243999,0.2506864685704351,0.4646164059563487,0.5746970252586463
0.6179773395305002,0.4290128172466353,0.3181828572844146,0.4862519360963972,0.31655114484943886,0.5357803844591855,0.3586288979496292,0.42997055351242497,0.46549384546136496,0.36113479225282286,0.4525955911447969,0.44706777207422177,0.578992166398907,0.4724652197032221,0.20706811148043608,0.5010879293638261,0.3678554638631877,0.6513735390214868,0.5017939220441966,0.0,0.27811998810962957,0.22606762013844126,0.06178447286494154,0.46317052949230636,0.5477427915265548,0.4215320302443958,0.22548155376129678,0.33437776972545186,0.2707486476710678,0.29057403903254825,0.41809424753685964,0.13052540713101238,0.3823243322682215,0.4474909899448224,0.584774373663395,0.45699963711177294,0.0482572751844183,0.7451568628127695,0.2792543084570893,0.41406384313012445,0.4737321323522633,0.604287206642471,0.39510967818089476,0.16133937331987047,0.32212684068458575,0.5092888445946437,0.4954448322181122,0.6121688154021478,0.0,0.0,0.48254587101793056,0.7321805047432262,0.6138219614925524,0.4379723843728273,0.7820939877225412,0.0,0.5468330352279005,0.5814227300508805,0.0,0.5025133107950122,0.4861607705463592,0.47449223728140766,0.5380742341938772,0.0,0.46301433050150437,0.44835273173895673,0.534129688760449,0.471347589330028,0.0,0.671566499529531,0.44461988205363023,0.40675965500873257,0.45566615052607945,0.4780885934712514,0.26008732742824137,0.37250291367751603
0.2421576370685054,0.7798921867059369,0.3902142896000983,0.4847333587388698,0.5574748243394483,0.5822002579096028,0.4852132734358634,0.2689793409704243,0.42049953618864666,0.5875637560287648,0.5658389623331779,1.0233412051753805,0.5176079241539273,0.35686440444981554,0.24879097971580783,0.9334345155604147,0.6086380633351949,0.9454239823155953,0.7084908672911119,0.27811998810962957,0.0,0.46379597130900446,0.39194568406888103,0.3260657708648037,0.7422133273680148,0.6183509925680228,0.34066331656970494,0.41183522512394105,0.45991429202644835,0.376309925509538,0.6417631538495123,0.2922763945776671,0.8526656930313153,0.5872791770372435,0.6209267178376829,0.2737205855026774,0.4546756711989891,0.47721575595987237,0.5322686847397888,0.9399703835745404,0.701824823577802,0.7891288393403021,0.5408653385196215,0.0,0.0,0.7553473208916885,0.7455838895384304,0.7333850732926444,0.0,0.0,0.8334478704440285,0.432175509200298,0.8891118692015211,1.3197072665090148,0.5432693506151915,0.0,0.8421922330953746,0.8066221989516024,0.0,0.5515219167676724,0.9782340722592953,0.0,0.8196472481450026,0.0,0.6764420573196392,0.8368212603242737,0.7065891842619023,0.6695468086987946,0.5357348147883569,0.5804777965823007,0.7825290945804197,0.6172914069991624,0.6805816713398729,0.7483724130715339,0.5356519282728103,0.3190210107497703
0.6332588340875341,0.3728218872887401,0.4504959513975772,0.6621422659739646,0.26149661491367404,0.39992767360683507,0.40753779484208985,0.5252521702207594,0.37068563874194277,0.07680665290554367,0.43961258248695534,0.6733393894312031,0.53512492910188,0.16779799215929272,0.2008041450841816,0.5418196259704815,0.4362179843553218,0.5233439055824081,0.733455160347202,0.22606762013844126,0.46379597130900446,0.0,0.611327996742243,0.12183103281791119,0.7086667792403074,0.5169678180855206,0.3594910030043166,0.553448994552992,0.36089275835570067,0.5560161837906187,0.5715178903267808,0.2873727867028152,0.45084049187523145,0.4931923932752615,0.6361663061994531,0.43947673020879047,0.5592425963822704,0.5753589554657456,0.5184019093183686,0.7684378437353718,0.6598120710693723,0.5998410561059824,0.2004581639895168,0.35126420133931757,0.38100840728182794,0.79222161293874,0.6623792883132193,0.5356242528478572,0.4697206985333541,0.3948769070172733,0.6153146702500533,0.746476603669552,0.5710366632715148,0.6497806489667518,0.49164004286907237,0.0,0.6373928295220141,0.644387845581687,0.0,0.5854134254742317,0.7393888038773455,0.7021442019676392,0.5617907389274333,0.0,0.49598740264435354,0.575994028310276,0.6675819690666343,0.49073637478847426,0.6415283575161652,0.8369931057440431,0.6283170222352015,0.4766643453675548,0.6484977896044364,0.47169461236524896,0.4219798168993364,0.7429056644783566
0.40364427993526103,0.6086525536484317,0.11021389819987493,0.5512076726404954,0.46161091890507844,0.5875028121413549,0.5571978959243609,0.36708801679255487,0.4501401744555504,0.646195453491268,0.500709414265162,0.7684612691608999,0.5960930489603244,0.40209625127510706,0.21907533557338954,0.7529701989800881,0.7047542302997972,0.7799929963415095,0.13950524769460304,0.06178447286494154,0.39194568406888103,0.611327996742243,0.0,0.36311891653492046,0.6999764747120056,0.48788937428332796,0.2033791025224459,0.44487876255954883,0.4329034220807499,0.4504479386165053,0.48244479961558495,0.25281703648192955,0.27703067622292893,0.4206891758505538,0.2956963098653655,0.5316197495217783,0.6135225455933393,0.4786574953211724,0.5332218187760647,0.5954248400163857,0.5786578197620218,0.542407539787414,0.6777034047444082,0.45323427715965464,0.32789728181032174,0.351982876454081,0.7062883723601046,0.494494174429174,0.3741073288667921,0.5775892574882953,0.6628476250735187,0.7146396679147751,0.5379766985771408,0.7559605749392688,0.467428217494516,0.4819767037432064,0.6588591670257644,0.6813020161400223,0.4718642269237462,0.5397174079124942,0.6752771221858936,0.4664367003581482,0.622707901571416,0.5731511899765537,0.5209956166317802,0.6309499308962719,0.5729429335141862,0.6625041071135177,0.3353251489419904,0.7349791585165728,0.6365631240761077,0.5077066345455437,0.5220137621677352,0.5665429862020104,0.5167050782112905,0.5594720790943485
0.37543254655018543,0.4589245043603293,0.4683745608177851,0.12714371368075453,0.6652478693235813,0.4093840019642271,0.8205863154950159,0.31567525566619176,0.7386856767515375,0.4251892838657138,0.6831540370000775,0.4127610865978422,0.7724775451957868,0.42365024465047485,0.3749811187435376,0.640635742689087,0.7277586093102453,0.7273656537107844,0.5732235839231288,0.46317052949230636,0.3260657708648037,0.12183103281791119,0.36311891653492046,0.0,0.7482657547599088,0.3927497109764212,0.29238001087521653,0.8498564708981466,0.5771133978645963,0.9227462646947605,0.7748728584579953,0.5557504402391694,0.4298874230461571,0.6535582463470117,0.9411024520016021,0.6848494777629273,0.44042532617910457,0.5499789690726649,0.13886980368048402,0.9042140099171503,0.6379096850216703,0.5237403590048147,0.48705035432141686,0.508005462697501,0.8857181822604343,0.5818067006772729,0.5969662363661115,0.0,0.0,0.4820905609439482,0.436066160672928,0.39677702249262065,0.0,0.295418962324879,0.6677890117682728,0.48868983813670996,0.7705134476966016,0.8215904461210151,0.0,0.3587988895324216,0.7455004210639771,0.2590425855169641,0.7173010406179184,0.4638741623221221,0.4216634131837459,0.4764480491352785,0.5896165245383239,0.6849490000601718,0.34593912506528246,0.6279563458436946,0.7636413371150634,0.3718697026001393,0.8416330363651912,0.8765778250482368,0.0,0.7222993871747241
0.6910163545526824,0.5925392391409291,0.5892453539066198,0.7978195474504668,0.2433204448220684,0.4094160856662334,0.5667925078772497,0.702905412277682,0.34407187358135505,0.5845327457713536,0.5306432815552675,0.5413944939894353,0.7739611280703607,0.6545112068931016,0.5304249883963237,0.7646542726129749,0.8464806967373975,0.7734421820204176,0.6473524171170243,0.5477427915265548,0.7422133273680148,0.7086667792403074,0.6999764747120056,0.7482657547599088,0.0,0.5413667836668593,0.6105236165553463,0.6854886235330742,0.7127559553870064,0.46012946477733496,0.7463014627721128,0.4247104733840168,0.8154384521210363,0.5946151330543099,0.9502889349017597,0.4655228562297497,0.3330136000426017,0.6242090578386507,0.7793998146950224,0.8303911687092309,0.8314999246470162,0.8132925355317494,0.16985311734266334,0.0,0.4968223699367435,0.9768233226710277,0.805106200570098,0.0,0.0,0.0,0.6514600040155984,0.6653987620865747,0.7101133502057566,0.4373642418712833,0.6265714072707347,0.46042570007567263,0.771635766409551,0.5798226117246149,0.0,0.6466223686984078,0.822487345324421,0.75205400021256,0.8819348442271331,0.0,0.6569383941757173,0.6726884984779582,0.5105205246601837,0.5754920614142918,0.9397334685859271,0.9062292809927471,0.8561880652739127,0.5098481814364374,0.7600291369051021,0.4559788402113062,0.0,0.8539756311993069
0.6886405137509297,0.48116475942095444,0.5589425779892035,0.589993460825577,0.28430578002595136,0.6878959417589425,0.636297513289197,0.5782425978962531,0.5883260675720338,0.5665428573970155,0.8056641235852294,0.4359633883057743,0.724350154755957,0.5236601179184758,0.3658705738811928,0.6995516124751505,0.7287429502855656,0.6755526490071544,0.7468509830690864,0.4215320302443958,0.6183509925680228,0.5169678180855206,0.48788937428332796,0.3927497109764212,0.5413667836668593,0.0,0.45624546606046207,0.7063183469167318,0.6058701155262405,0.5174735058388708,0.623042741322889,0.5099682404983416,0.8262615111581963,0.5652239440211735,0.7062347993250393,0.03246284981796682,0.4727441105228671,0.5296915320271616,0.6491436419230792,0.7197960910437078,0.9834151970940355,0.5749558051904863,0.30915594781031996,0.5052856831255432,0.3132407005846297,0.7966601571176746,0.7756763005343126,0.8007857271017547,0.0,0.004071134879732805,0.6100018822851194,0.6524507025593914,0.4532398844845821,0.6756460172601926,0.6498743391203599,0.0,0.7858758324697598,0.7627036182211288,0.0,0.6243392702966757,0.7890317672261882,0.7114346042825008,0.7472941770934549,0.0,0.6567710236634209,0.8059256268030158,0.7882419513749224,0.6061479774501993,0.7929094554747196,0.8474052104562194,0.7836082616552508,0.7108559213859729,0.6040000624331359,0.9032209714945344,0.44469609565211454,1.0646777007903778
0.46401723007315265,0.4418672979115666,0.32233122772787676,0.3353641412109568,0.360873462240611,0.42284297550240074,0.40610523937399945,0.4577484669967038,0.3570449976913386,0.45900759753183973,0.4870024698848427,0.5350843460111387,0.4555402905362015,0.6143341582859416,0.13135643924222917,0.575683839164209,0.6950202830259802,0.8025578420212425,0.4567437599022315,0.22548155376129678,0.34066331656970494,0.3594910030043166,0.2033791025224459,0.29238001087521653,0.6105236165553463,0.45624546606046207,0.0,0.39141163147832175,0.5588644158554931,0.3705171434339708,0.30182713951130447,0.08353198829094771,0.18463491253102016,0.3017018859246223,0.2234987073431445,0.2643278162261484,0.3623144695001592,0.5132308637704455,0.49465717910244966,0.5859553562444035,0.46821677099663395,0.421581063762779,0.6618245559048334,0.5608793652690038,0.4921690431033396,0.3866285057554539,0.5322041915221396,0.5728250493824831,0.5042284633368902,0.6888609340195297,0.6475304818216134,0.7030036733457745,0.47407128346589084,0.7702091114228032,0.7298665336087287,0.6741532567727162,0.43546114762720844,0.6817748265377925,0.7215425938406568,0.4361251310867974,0.6436942763177818,0.0,0.3373655652541337,0.8014504859425522,0.44458398572744895,0.5651944085493043,0.49990546600761626,0.4711139334921732,0.0,0.6054285925290356,0.6438902038756246,0.4998498735976737,0.5111661732395408,0.5108300552246124,0.29432589590175606,0.5346638042678032
0.44571860663801366,0.446153681502796,0.524212708233421,0.08421767163139515,-0.002594286008664237,0.47790556296151443,0.11116927557980816,0.43636811474768994,0.5929438644138799,0.8260162498137242,0.41942056673834105,0.8951987829517452,0.3689611220666634,0.22492316708839102,0.43238622621190725,0.5667480219442789,0.9186653133912159,0.5790409200000285,0.5226563217883634,0.33437776972545186,0.41183522512394105,0.553448994552992,0.44487876255954883,0.8498564708981466,0.6854886235330742,0.7063183469167318,0.39141163147832175,0.0,0.46671446297658675,0.653922939052685,0.6822302378298589,0.4283492837904614,0.47930718743500317,0.4414106024034279,0.24091532801645502,0.21702674915158376,0.12031899602294954,0.8199265893542489,0.5212736772164255,0.2970624661386879,0.6599067039788802,-0.05624990833713964,0.4342734377116342,0.0013286933125640499,0.5121451793140762,0.6166076894841456,0.5933946938385343,0.5403609873342784,0.0,0.7047815493565828,0.6365183770280669,0.6057332598378664,0.4633327498309837,0.66083022212052,0.9543182964281784,0.643519710099592,1.0139804305228686,0.4969653398677375,0.41231120574898383,0.5362079015635103,0.43668891463462833,0.3135333731969997,0.5397537598912286,0.6868465009515861,0.5061640007514507,0.4651239193388068,0.5394020714556416,0.5277023316416067,0.40975235330066034,0.9104157617393815,0.5503998252234521,0.5295075392966657,0.5124203278766257,0.4888712831186401,0.4903619427177907,0.5037855396077465
0.560240351441792,0.4720051670235856,0.6224775338771903,0.47204750767760645,0.5318560808968756,0.2539976276894984,0.5554617661680628,0.49858307344587094,0.6652543034494047,0.5379598044167504,0.4802287416017722,0.7364169806877257,0.6793873828710137,0.646306746472069,0.26680893963526087,0.527456928816564,0.42892711233164277,0.628625887636085,0.5726523400711339,0.2707486476710678,0.45991429202644835,0.36089275835570067,0.4329034220807499,0.5771133978645963,0.7127559553870064,0.6058701155262405,0.5588644158554931,0.46671446297658675,0.0,0.4531249076676608,0.42267463026272223,-0.01076834781757674,0.22966802400794145,0.3994337843072343,0.23907720731910442,0.22011056075240104,0.1998882359487132,0.5152597459103363,0.35827548062882486,0.5272406828666131,0.39868133617629936,0.4733548418453881,0.3580128805880397,0.601346477774335,0.3660332033318766,0.3395616046709906,0.4633025736708075,0.43236393146328755,0.48460653031842527,0.44879270537028504,0.5126848054187987,0.6011653602228096,0.5529339403062753,0.5373702786772009,0.677587491671344,0.4662153943959568,0.7915224928102265,0.5560483450340218,0.5863810968475403,0.39292522680107733,0.7286686432434448,0.4694423381373959,0.6336009647259117,0.39616589488312726,0.4382211330484789,0.5612325103370519,0.37149598704099884,0.5205764920443307,0.454168524020462,0.6226344684672043,0.5676601491852017,0.4778181990114709,0.43941034924255784,0.4691488711496246,0.2667325377417443,0.4104622454055773
