0.0,0.4548539132667131,0.037916478230293954,0.0,0.08001639570284741,0.2772132304810408,0.17067430978889983,0.17694942799838348,0.2354062292013675,0.6124242430213935,0.28828495983688934,0.5543093966370202,0.21827377309466212,0.14474881376673446,0.14134084113395043,0.5491348700493308,0.3329427403692161,0.5068009310055932,0.0,0.4320617326447501,-0.033898260691033216,0.3282672344062239,0.18939100176570517,0.39020448637556937,0.21431881212480552,0.45962931988923517,0.39040994441539334,0.1571843253049181,0.3048186095634279,0.32889122947271915,0.16385945310586492,0.3815286783666306,0.45096837885289853,0.04350405161012824,0.135806345401007,0.311650122867748,0.43590955082478516,0.49805829166204557,0.06852051367050643,0.2547669858709516,0.12392978234454588,0.22405505756839,0.465496379229281,0.0,0.2621673113829023,0.39394815052790133,0.2818954574551844,0.0,0.0,0.0,0.2849629050096344,0.0,0.25000484451428356,0.0,0.1868480092686644,0.0,0.37371654841463503,0.33495560950284786,0.0,0.03033446641097004,0.15138085952086333,0.03568160304836682,0.3211587107323344,0.0,-0.004744761788420815,0.49940567857367507,0.13595249536967763,0.2336675634100307,0.7087494822337284,0.37790431972783173,0.35395966687220065,-0.07177031481226104,0.4814372923326059,0.06905685895399183,0.0,0.15384581635707995
0.4548539132667131,0.0,0.24024063454249422,0.4003340871164873,0.1802989574898871,0.12167816644090562,0.2584895321180839,0.5060668878558026,0.16817926524455193,0.2857547500274774,0.010188063309899159,0.23442707970104745,0.23559122587967582,0.25642833957620165,0.4184621151112192,0.4949537762223345,0.45693689820538685,0.47392873745640984,0.3444025156525203,0.4683676631756429,0.449540823311581,0.5587784225731168,0.7082073163874909,0.39811776725769404,0.4896266364168226,0.28634216380649014,0.5818270971752029,0.23469257880666466,0.021255895638665645,0.14022925351161256,0.28712200259539056,0.21399204569125466,0.34215023891147434,0.25516129368730245,0.3010008698341227,0.284639822016302,0.020719008858697,0.0,0.012002639709577267,0.29031103689595533,0.16498979780515144,-0.041074517984037995,0.3820507554405163,0.0,0.0,0.40116145521780944,0.2365753586113194,-0.018347080526687223,0.0,0.0,-0.11753910607902779,0.1507170506892469,-0.21249559367280269,0.09165384040886021,0.2648648180757797,0.0,0.21751174779402419,0.13946371812671834,0.0,0.11763645867834407,0.219434638294112,0.17434375211538916,0.29510776312032794,0.0,0.14553015660117258,0.3886298064771595,0.24371188993863033,-0.0893406032336942,0.24701207121774973,0.24639336743137086,0.1400982577398805,0.039051291085998086,0.06622109161390388,0.031824824618885694,0.0,0.13566728896390182
0.037916478230293954,0.24024063454249422,0.0,0.15747876473184574,0.36788224056335833,0.31890620022299593,0.39626272329043155,0.5829680385101395,0.43538785899798127,0.27428942843119564,0.41556559183175945,0.2771539395428446,0.45069092967760094,0.30305421209817296,0.013850690055281834,0.05974806212079459,0.2648411867518118,0.21882371395113537,0.2394168504509907,0.2933510173052842,0.20738530932078755,0.19727737431037318,0.19083283785221497,0.3526158885197781,0.16603348615074404,0.019377931901053413,0.3973271796820764,0.450611848098455,0.41499889040223165,0.5473949757859816,0.44209042004956406,0.47530693928311385,0.13582190144861167,0.41407201909628444,0.4005345007159119,0.3864988276282939,0.3933793513061105,0.36553583951082474,0.16240287012546822,0.47270081248283324,0.26155649078487125,0.337636624974352,0.522708546191573,0.5859930463864309,0.0,0.0,0.4029930778214862,0.5499208711885627,0.4711014097566156,0.5915857747510953,0.45214216585066314,0.4138763881962285,0.5309713454711371,0.6095982363466422,0.40289958185737296,0.6152199868381382,0.2815266897445688,0.3081487953078655,0.3996921112217342,0.3851610841275841,0.0,0.0,0.0,0.5482455950494213,0.2698024414270531,0.6023907017895404,0.29369447127751885,0.5372163062330022,0.0,0.5362549707092712,0.003549834370516869,0.5272902140589694,0.3087164502828752,0.3996193305750094,0.42299529299359256,0.317894435904236
0.0,0.4003340871164873,0.15747876473184574,0.0,0.05109042727467583,0.2748231798494984,-0.11469979375990494,0.2984253953631185,0.37736099917566673,0.05563863434474617,-0.15714162330314013,0.32776898763999446,0.02774565681624469,0.26276490654566287,0.25840765461086557,0.22552948278251114,0.31670945299175407,0.4665229635945265,0.3221371555116366,0.1484635591936609,0.3916554053797206,0.19371123656701494,-0.07434824481169072,0.1561231481091917,0.7804692227324658,0.18319158967284943,0.3181129253992705,0.020560372649502168,0.1288447859030519,0.707722463986855,0.5554338277452611,0.2695218382789653,0.10147172294313668,0.3963260531043965,0.32487296293795104,0.20871240064147198,0.10073462500831484,0.37426381937207487,0.4483945467786705,0.37726304553754975,0.09594822084079349,0.7253381759466141,0.3865804858280171,0.42439596224601955,0.0,0.0,0.0,0.5051220874079807,0.0,0.0,0.15078149913722094,0.0,0.4676536182680193,0.3255945800784439,0.0,0.1796894967698463,0.3772540576370387,0.4993419390635966,0.0,0.0,0.0,0.0,0.0,0.0,0.0,0.0,0.4603569926139107,0.22440322270801386,0.0,0.0,0.0,0.1445639908838644,0.4101715076514465,0.6910496665053344,0.0,0.0
0.08001639570284741,0.1802989574898871,0.36788224056335833,0.05109042727467583,0.0,0.2745571878380217,-0.025205311709384337,0.1328686813985531,0.1324285835514923,0.0668915786415813,0.08131985287230384,0.04288721458908834,-0.29491914225100535,0.2359812140638226,0.21750917374900286,0.28759259298422846,0.3397293758071711,0.1325868404457634,0.0658309264203725,0.05402351850941661,0.23862651143808133,0.20225525820702162,0.5055395890719039,-0.05766792033178475,0.2561414122267741,0.25832655615812244,0.4286141969852981,-0.18165854612362597,0.2743796701886065,0.27077456207905237,0.06624538432579435,0.2108515533652109,0.22642671401215972,-0.03299016643689212,-0.07530409750526057,0.09942865963772365,0.09779406717202532,0.06517552425001322,0.28783543817962576,0.8262605781466879,0.3504241684450884,0.34169191608260785,0.4868916925828022,0.9086702189669594,0.35859893045569385,0.0,0.14419411210402974,0.39361683605639053,0.0,0.36802560986751964,0.39443061459748174,0.35643900576805493,0.5022359729542766,0.3979517355842561,0.0,0.37820358213074234,0.2122576547981821,0.42669122846178076,0.2795123514325559,0.23834167717010374,0.49634878320006726,0.0,0.0,0.4816057158046163,0.017683980025066326,0.437982408397546,0.009928003025302778,0.3936780546718826,0.0,0.47469469093064004,0.284581713561882,0.37016445245978113,0.2545055139081155,0.3020708292587372,0.0,0.26829383345966895
0.2772132304810408,0.12167816644090562,0.31890620022299593,0.2748231798494984,0.2745571878380217,0.0,0.17326999829904727,0.39414992248799186,0.3780329699066036,0.16674683880534238,0.3150408023785389,0.41236325598083645,0.2782171937142614,0.3653469914247547,0.15816020510060327,0.2328476309966497,0.3598862604400228,0.35824154899512284,0.2685051895240856,0.029796397114538603,0.22117542889720476,0.10016646559466891,0.28000198192027714,0.05185418745562814,0.4150525754143588,0.3065702600170783,0.19990123068393623,0.4049606944053482,0.2914423789455737,0.2961043753855034,0.274713762857537,0.1859689274217162,0.15009025155359046,0.18664220070111354,0.16527876515224726,0.33934441822337613,0.341473752558227,0.07428341072129335,0.3222924475151846,0.026795232832854204,0.3025692766891265,0.3872002110580078,0.4101353037579159,0.2555813942219071,0.22559830530525304,0.1826735363376492,0.2158518123363633,0.5204561108809913,0.16565174013369793,0.31531423126042724,0.4529467268665381,0.3507845367257608,0.4241311454780172,0.5321684908361838,0.39693125065204204,0.5109761834172624,0.048331710148527496,0.4156876407509097,0.4746391789014244,0.4172124284128962,0.18290204374071262,0.0,0.25119639668095683,0.47580646643849245,0.4055118189483402,0.3212255185072392,0.27693560808373613,0.4306840356535988,0.5116486790326973,0.20635188914698605,0.19172294209850915,0.45023071446054436,0.3804385409157102,0.21627111631039175,0.28211623210313364,0.3446240550110644
0.17067430978889983,0.2584895321180839,0.39626272329043155,-0.11469979375990494,-0.025205311709384337,0.17326999829904727,0.0,0.30862533860912417,0.16704795373342046,-0.22149561427490022,0.15670053593768096,0.10006238810762252,0.15161407503447544,0.08657180071601611,0.197540069259044,0.21524306683796152,0.2049250948473042,0.05245376852146261,0.26102275208217934,0.17203766010085317,0.14329173084912294,0.2322518635720634,0.4564335012271993,0.29977652095933827,0.4364381079023818,0.2310756897334022,0.31779256646879217,-0.13812621221250637,0.285565574368446,0.17159319067071666,0.07698376924049022,0.4308169700731481,0.26931984071801274,-0.014835876188511787,-0.04261990610253741,0.020017059726324504,-0.006817871402625769,0.24557887994596517,0.24200926524755279,0.4534521310545786,0.36753517366897187,0.541997053554351,0.4274888829563407,0.7099758653694479,0.35262656857212,0.0,0.1580260572809705,0.2693872678264819,0.0,0.2921711679729133,0.3293236369441877,0.28362228806847173,0.3238481343583957,0.37016085858865333,0.47146456993267327,0.28111625338377183,0.38442659524250994,0.26667809891270183,0.2673570587451258,0.14345980889237891,0.15323725714977515,0.0,0.5048938621837468,0.4162621121484939,0.21383547333901157,0.10906236965475022,0.20001377210450116,0.3508068959957349,0.47384823730579545,0.24131867605174856,0.1343886693272429,0.33530782998439423,0.3105553892744566,0.24366642149909418,0.45732934906934564,0.20055055920685955
0.17694942799838348,0.5060668878558026,0.5829680385101395,0.2984253953631185,0.1328686813985531,0.39414992248799186,0.30862533860912417,0.0,0.5003359828228786,0.21818670417826075,0.16583347299055076,0.5167427518275355,0.3136800899537728,0.35908013409484846,0.31378646255096354,0.323290374787758,0.258197343780975,0.45087318011059796,-0.010060330521660887,0.2873086986103849,0.2268120528141807,0.11085753094994111,0.2432103965557244,0.1369699264691034,0.3298018170035496,0.27824055704276796,0.4706203922169807,0.2249461200572035,0.20193725019368786,0.2323243912108195,0.2051618676807468,0.266087287549141,0.47962736070761147,0.17019720205832306,0.12686419239260835,0.35979763622825256,0.0782220005773536,0.1588755202308879,0.3051596402679736,0.254292697198067,0.20208164208949553,0.40352891275831243,0.4843152682005448,0.3398888077859482,0.0,0.3023027568334016,0.0742102950017276,0.5461115008242324,0.0,0.4312757074347796,0.573217567296598,0.4358773123635651,0.44396794078395924,0.41349635340332064,0.6376937203033847,0.7096256674492097,0.8887493017995101,0.3579555948512135,0.40098658200432885,0.5677163534175539,0.022313997770685323,0.0,0.5831242001851328,0.6347450821609117,0.20916046049653667,0.1259455187413818,0.1370747454997291,0.44623174627706236,0.0,0.02233956304870599,0.17824444025210878,0.41069023054596665,0.3916640427662531,0.5654875371179164,0.24464416752539347,0.18447868787704003
0.2354062292013675,0.16817926524455193,0.43538785899798127,0.37736099917566673,0.1324285835514923,0.3780329699066036,0.16704795373342046,0.5003359828228786,0.0,0.19966723846380946,0.24279179934286815,0.3660875614438248,0.21550770963039717,0.3437290777641233,0.2551064827489512,0.3084335702753541,0.3182014566479848,0.32141989717036124,0.16135699393789948,0.20994561474326703,0.2866610365696283,0.3218254816519389,0.4617307698837768,0.4195644404751516,0.3034314409055523,0.4338000719619649,0.519905221843718,0.3895757007518935,0.3717633073354955,0.6095785555595229,0.397291499251883,0.5111415124443107,0.2786570821772544,0.37215077860485535,0.3482654280163537,0.3639947630598699,0.4069091156635486,0.3818618749935125,0.21555303382879062,0.2761759546399579,0.2505131131336352,0.13882016535753441,0.5188569368255936,0.47758285404964756,0.0902873389869458,0.0,0.03532562659727234,0.74044197128853,0.47306522823624814,0.39250472707781203,0.48244629367260955,0.42785121352605904,0.5415474500211299,0.31320892684030566,0.09911698098624586,0.3493183456828568,0.035533672905662506,0.2641316114687461,0.3840750848758558,0.05585658315325703,0.25371553529763285,0.0,0.0,0.34849855648850897,0.048929715343683955,0.7535584004584854,-0.07492886783995045,0.5079368491224354,0.42361618210125773,0.30901541347587874,0.016169030112360427,0.21495517397341685,0.3194260955117536,0.3763364459640861,0.2461624743470242,0.4050523164117759
0.6124242430213935,0.2857547500274774,0.27428942843119564,0.05563863434474617,0.0668915786415813,0.16674683880534238,-0.22149561427490022,0.21818670417826075,0.19966723846380946,0.0,0.1173950518055483,0.3689277735593296,-0.21419089652343737,0.1106281210780573,0.4431027734935214,0.23093557203378687,0.34902842147681645,0.27012288561433107,0.24715403438793448,0.16336508020481597,0.4726920137244177,0.31875152352492825,0.1821480511184261,0.26757624563098303,0.6955395093486592,0.45501216646493076,0.1907480563943017,0.13374298648057453,0.1375829409013276,0.1762006844171469,0.2769021072754616,0.07956849583855638,0.35782879412970814,0.27769752709874984,0.2427208669955012,0.10760133551922912,0.29325407599173353,0.518744029473301,0.3118951790847937,0.4624520771497463,0.32900872758099287,0.1248141937284305,0.18053035885453803,0.20323963134107728,0.3447747921569444,0.9489714317987533,0.47402633513285675,0.3847425011385365,0.4702135797291884,0.4058453855753642,0.0369037459554577,0.07625032355873629,0.5347978557619473,0.2528006982107745,0.43637510116408784,0.10467230282401552,0.4841924245297739,0.2224746728347085,0.0,0.5947522232559432,0.5629512422654286,0.6523359164863741,0.7151747170534855,0.464062457825859,0.4746745889911041,0.38766574373100293,0.38143320955658244,0.3220608350267952,0.3547128803537207,0.6484309985366075,0.5797759162397667,0.1177645023449943,0.33307477586847406,0.05326062391818803,0.0,0.47524373061529923
0.28828495983688934,0.010188063309899159,0.41556559183175945,-0.15714162330314013,0.08131985287230384,0.3150408023785389,0.15670053593768096,0.16583347299055076,0.24279179934286815,0.1173950518055483,0.0,0.3215802970490689,0.19666883166714222,0.12648384524362505,0.0,0.47075520305031593,0.24427662714013793,0.253532929985793,0.09499273981675246,0.49479527198985107,0.215243803045867,0.10452430326423637,0.27405860534441334,0.33475705056928573,0.4003048470078283,0.36584759363946984,0.35436455764992003,0.21724098268880732,0.2157676398993421,0.23583889034410233,0.25176967821983165,0.08505507547109786,0.3315639070914695,0.24397515645658402,0.22190878440166917,0.1703298379024198,-0.09366607681165312,0.35565767274131854,0.41175953069293275,0.16714835468237385,0.2861409017055478,0.25217942628527035,0.3384193010272668,0.3386924905912535,0.1041162298286339,0.0,0.0,0.23367888494940153,0.4683424996811454,0.2209187368547362,0.5126928218674027,0.28238753612477024,0.4614426645250892,0.5379176639211874,0.16164970219132901,0.1143909070270723,0.15083831634811803,0.2700132022669372,0.24746326405947,0.0,0.0,0.0,0.0,0.3261435736335446,0.18947233818336612,0.0,0.5635903918855663,0.43436111631652774,0.0,0.0,0.965280877785484,0.3328862330396858,0.20741435400226038,0.2294186578652196,0.0,0.14878347077667778
0.5543093966370202,0.23442707970104745,0.2771539395428446,0.32776898763999446,0.04288721458908834,0.41236325598083645,0.10006238810762252,0.5167427518275355,0.3660875614438248,0.3689277735593296,0.3215802970490689,0.0,-0.1815611518246395,0.4805497086638202,0.12095430161741216,0.4043902278696634,0.44803980433503143,0.751685981704934,0.46296337136070154,0.036302235761823176,0.3574076759303323,0.222425774895127,0.17231771371634663,0.3312279485170928,0.6558858181575937,0.3627543327528212,-0.23173439134003937,0.31522710190456216,0.2973901705194525,0.013804693515786559,0.2888988728086335,0.14143457065989837,0.44600271326558316,0.7233035648458527,0.6797939460516,0.48906297120317993,0.24708201926164716,0.36892859591785165,0.6206637327351414,0.5705921496575806,0.45542370848934444,0.3359310421219094,0.34894567205627747,0.34889595020553554,0.5114133445499137,0.7149547796442497,0.20965715051204287,0.03691443434490682,0.3877208689957017,0.22473544286896138,0.2569377473404125,0.3018055693105737,0.34545652129711535,0.1568674189740288,0.5200695571961038,0.3066074288145303,0.6424753747775062,0.3275968835296241,0.5260354916332306,0.5061282677641787,0.4709299088859186,0.6598522891954874,0.7922593977281129,0.2203769181311835,0.22346088082810323,0.356725713999611,0.2917532731025523,0.2332291092475085,0.4264568899196789,0.6726333629562924,0.5870108931140332,0.10629425582278926,0.3766822655084412,0.3105422269887186,0.0,0.4925070470455124
0.21827377309466212,0.23559122587967582,0.45069092967760094,0.02774565681624469,-0.29491914225100535,0.2782171937142614,0.15161407503447544,0.3136800899537728,0.21550770963039717,-0.21419089652343737,0.19666883166714222,-0.1815611518246395,0.0,0.0685349992057272,0.19880823513364354,0.2922224762490227,-0.1222033326172976,0.10548268631057067,0.28580283412618146,0.2559834125598518,0.19295961460112704,0.2760550494789684,0.4648901429998649,-0.12518532081473932,0.28889802097808237,0.14397504462531163,0.3978951705058458,0.07336711558150252,0.40944978950523947,0.26316326391798694,-0.02875851344713687,0.343110198222197,0.06766862626341066,-0.20221189956359997,-0.13344031049235877,0.10564978736679823,-0.09812662953733936,-0.08298796065444247,0.4313802606342234,0.2736932189221497,0.41760386693488283,0.4214213416730461,0.4795188984875643,0.5722375120505839,0.39719680334785323,0.34551048854482436,0.27097359906406676,0.301521492287698,0.0,0.2633048312622979,0.37956748810735885,0.24088625387407223,0.35036037618489085,0.3495361106690483,0.2939894159434535,0.22177595135340503,0.027523743256948258,0.2631906908575735,0.5673344567651419,0.32178662644267125,0.11911248261359969,0.1273766147878909,0.12444879526448066,0.35410440836678875,0.30279064258739624,0.27721066150223805,0.24828017953202103,0.3407409412033058,0.33062444479515285,0.11005810899852703,0.12819647752131247,0.34108589340377404,0.3479853441632951,0.3819320727521074,0.18463376427785835,0.23965186030998487
0.14474881376673446,0.25642833957620165,0.30305421209817296,0.26276490654566287,0.2359812140638226,0.3653469914247547,0.08657180071601611,0.35908013409484846,0.3437290777641233,0.1106281210780573,0.12648384524362505,0.4805497086638202,0.0685349992057272,0.0,0.27062255006571856,0.572621298528862,0.4510607411442078,0.4686892025443686,0.24871406432815024,0.21540624744416775,0.33064332603327723,0.17264307012951913,0.2776717037195249,0.2492183232119965,0.456968147433528,0.11937918708881817,0.2882825960235381,0.18401010150179872,0.21058204208959633,0.4048897249478358,0.33771925344981246,0.261914463650794,0.3812506789889263,0.5971348185666427,0.4464272009688408,0.2830490761792916,0.239183012268531,0.5527018598913003,0.3939838147269876,0.0,0.48610500835955384,0.6445745815269788,0.6838772945968552,0.47030852581205473,0.0,0.0,0.0,0.32765590270882805,0.0,0.3838192761982272,0.2340911554975265,0.2515024603349827,0.5800772470631781,0.21120814537530258,0.0,0.43177580325665355,0.3434690540616877,0.4618228071707029,0.32482120591111074,0.0,0.0,0.0,0.0,0.3593594769125955,0.0,0.0,0.0,0.5491101765745452,0.0,0.0,0.0,0.3297862479391468,0.33733295025458704,0.0,0.0,0.0
0.14134084113395043,0.4184621151112192,0.013850690055281834,0.25840765461086557,0.21750917374900286,0.15816020510060327,0.197540069259044,0.31378646255096354,0.2551064827489512,0.4431027734935214,0.0,0.12095430161741216,0.19880823513364354,0.27062255006571856,0.0,0.37208740071152313,0.0800670865721598,0.413315068213378,0.0,0.562856924405811,0.11804483537890287,0.5007705258866958,0.521769220729998,0.22263400213884432,0.4515631133388741,0.2534244870453403,0.4694770658338365,0.2285275763332557,0.28134902352088786,0.24682508218623975,0.13607458849485787,0.1329633112230131,0.28771788107291923,0.06682565249792805,0.12142361249658934,0.3531737231145758,0.12834784292526774,0.362779059820073,-0.0127793748046299,0.06784403274526724,0.04567848020465398,-0.022536023670599092,0.2498541444018381,0.5576844395840671,0.0,0.28879564173053696,0.17279408592546663,0.06472504921500058,0.0,0.0,0.12241132394930376,0.336550875962208,0.17570635102279353,0.2841304480839208,0.0,0.0,0.605036230403257,0.1819056884654534,0.46765372307279873,0.39232790573300136,0.22526484383148698,0.5604896272810866,0.4069066746612769,0.0,0.36341148869855616,0.29850903892949043,0.41993395607838174,0.4281389664449274,0.44879552373431864,0.38295142356511724,0.1022101034190539,0.26219605082805986,0.13978758595992702,0.15278995729692246,0.07888181291699714,0.121952956768205
0.5491348700493308,0.4949537762223345,0.05974806212079459,0.22552948278251114,0.28759259298422846,0.2328476309966497,0.21524306683796152,0.323290374787758,0.3084335702753541,0.23093557203378687,0.47075520305031593,0.4043902278696634,0.2922224762490227,0.572621298528862,0.37208740071152313,0.0,-0.22266701093041819,0.5961540861587373,0.4973875196374206,0.48673249784541855,0.42651017200203484,0.4207184931820788,0.46092169346216905,0.3938238129866903,0.46612541369236893,0.45440415658417055,0.4209994017176668,0.2436759296429091,0.2727223559637162,0.2315005397561593,0.3340159772718269,0.28588502019247264,0.30386852867402403,0.15956911760080505,0.29640307287387946,0.4459288007236172,0.02705615667915459,0.2184707307431602,0.19077094986378668,0.24184443555084537,0.26948705578140525,0.10126710936501754,0.4687552954559222,0.0,0.0,0.37083302156126385,0.37669120041651327,0.0,0.0,0.0,0.11024291839392536,0.04467587895983016,-0.4385321985162728,0.0,0.5609847720229142,0.0,0.2969887268980853,0.11990149481231238,0.0,0.1460051748675721,0.31000444185255915,0.6561293489691535,0.39293896559343033,0.0,0.12718863271467645,0.3555118574892774,0.24247655834694629,0.06528781314155224,0.22334723099660533,0.42978793486386946,0.38383451862175577,-0.1581600120695072,0.19439296531143613,-0.17929449476021753,0.0,0.05924154165317941
0.3329427403692161,0.45693689820538685,0.2648411867518118,0.31670945299175407,0.3397293758071711,0.3598862604400228,0.2049250948473042,0.258197343780975,0.3182014566479848,0.34902842147681645,0.24427662714013793,0.44803980433503143,-0.1222033326172976,0.4510607411442078,0.0800670865721598,-0.22266701093041819,0.0,0.5190745067438387,0.30073663283803687,0.2246998471456348,0.34538839736196847,0.31638262934283956,-0.025490909766879788,0.33446836558380105,0.33942695742443285,0.43075248114215864,0.4219098011113581,0.35846120419584554,0.14891933107258015,0.41495559263946036,0.21546827804908097,0.05732783949874398,0.23276167087087424,-0.0461161100113856,-0.21977975950311607,0.2694535597592682,0.3471745712986214,0.1130973303762624,0.0876970224010642,0.18585349894798442,0.3998451435866685,0.37670002904864,0.0,0.0,0.4431457629674738,0.2926718254968008,0.5035100856105108,0.0,0.0,0.0,0.0,0.0,0.0,0.0,0.23243257998540878,0.0,0.21559318338430805,0.3485124296153424,0.0,0.555223996717797,0.30576370443984885,0.43472256002494153,0.37231079405749623,0.0,0.0,0.0,0.5716261377166427,0.0,0.48466825963123944,0.4745208738703621,0.48303235482358226,0.0,0.24690704832883562,0.4711875434403976,0.0,0.2991164253508444
0.5068009310055932,0.47392873745640984,0.21882371395113537,0.4665229635945265,0.1325868404457634,0.35824154899512284,0.05245376852146261,0.45087318011059796,0.32141989717036124,0.27012288561433107,0.253532929985793,0.751685981704934,0.10548268631057067,0.4686892025443686,0.413315068213378,0.5961540861587373,0.5190745067438387,0.0,0.2475855105298178,0.4125747042361855,0.4658402473262063,0.3944051967282247,0.49663923349434175,0.5926142351777732,0.4952877086877103,0.4110202398339192,0.5291068754421708,0.1146788775256885,0.3487331127050697,0.25753581565477335,0.36899485253867104,0.2912140504481349,0.4694506238242219,0.32706751184639227,0.1731329783689752,0.1284974402678486,0.39833780168789384,0.38357968545447524,0.24357560486040986,0.3032761937602174,0.26928426897000246,-0.1321439359691864,0.0,0.0,0.2792042517518133,0.4973930123002642,0.4609927655575471,0.0,0.0,0.0,0.20880326039397631,0.5099988860234885,-0.6017553394786508,0.0,0.3763485257993998,0.0,0.37481837843792465,0.1599661919034746,0.0,0.251396346631596,0.3234816475776755,0.600884382080311,0.4050044437728923,0.0,-0.15328797933843125,0.6518085129688331,0.2850509822285953,0.1130399214416401,0.6392279728239532,0.47679050946028184,0.4769375254343313,0.12307041181264988,0.17977007437424397,0.18849703026732895,0.0,0.4018800545874922
0.0,0.3444025156525203,0.2394168504509907,0.3221371555116366,0.0658309264203725,0.2685051895240856,0.26102275208217934,-0.010060330521660887,0.16135699393789948,0.24715403438793448,0.09499273981675246,0.46296337136070154,0.28580283412618146,0.24871406432815024,0.0,0.4973875196374206,0.30073663283803687,0.2475855105298178,0.0,0.45995235954941144,0.13390349934297957,0.37091169891898884,0.12471366103181561,0.3247628628944446,0.39825889656118574,0.23286839088703082,0.3587101450565441,0.32563635813168246,0.528115608351611,0.3539147245764873,0.311479166589131,0.44686056727969564,0.3521877630501228,0.30980923207510364,0.2643351319599345,0.26259847576126905,0.2706545814008483,0.20774125458924486,0.2960751282197453,0.4391240497963309,0.2037443482962254,0.028722692414617612,0.33722256956430985,0.2830344206739889,0.04485634458401898,0.0,0.0,-0.32215927015201007,0.0,0.2968690254433999,0.33205240888086074,0.24098306942639813,0.2973247213178062,0.3113385904983994,0.6537356641243233,0.33523607696515556,0.2319325226252008,0.21438834422105313,0.27998860134835984,0.0,0.0,0.0,0.0,0.5040892849533098,0.47304082178955464,0.0,0.44344974742318244,0.448314896234017,0.0,0.0,0.0,0.3580208811025066,0.24739111063987285,0.23037653894986515,0.4848516348451847,0.23250568112770081
0.4320617326447501,0.4683676631756429,0.2933510173052842,0.1484635591936609,0.05402351850941661,0.029796397114538603,0.17203766010085317,0.2873086986103849,0.20994561474326703,0.16336508020481597,0.49479527198985107,0.036302235761823176,0.2559834125598518,0.21540624744416775,0.562856924405811,0.48673249784541855,0.2246998471456348,0.4125747042361855,0.45995235954941144,0.0,0.43536427953970985,0.34677075319273737,0.29346377641683863,0.3121743949702983,0.6977308903362589,0.4365039853854894,0.3786702199286345,0.22498763653296466,0.28789306000674175,0.4236027051466792,0.08169938641401076,0.15783612346676815,0.17296839670734232,0.00329543190172088,0.16504622996869073,0.5626842035576292,0.1773797824374594,0.1967261693812506,0.1584839212406675,0.23419428772724588,0.19851906072915404,0.07068005764085006,0.5375052093845942,0.45460034812529015,0.35503331568727176,0.37702049936665405,0.20627435490330104,0.22731633720093788,0.0,0.0,0.2443284466722592,0.09844106028744265,0.3036327845589993,0.28311531142971935,0.7755056543866699,0.0,0.3858105245996051,0.2521868874965366,0.0,0.27991577967654335,0.2223286591175073,0.46687509815156186,0.2594926742956005,0.0,0.34425876291580954,0.2973054738483375,0.21080188836537028,0.3203288276437188,0.0,0.184796983410104,0.008650675907001304,0.28535311648982387,0.38211974656784536,0.23148987012434596,0.20888529935204025,0.26937479317893565
-0.033898260691033216,0.449540823311581,0.20738530932078755,0.3916554053797206,0.23862651143808133,0.22117542889720476,0.14329173084912294,0.2268120528141807,0.2866610365696283,0.4726920137244177,0.215243803045867,0.3574076759303323,0.19295961460112704,0.33064332603327723,0.11804483537890287,0.42651017200203484,0.34538839736196847,0.4658402473262063,0.13390349934297957,0.43536427953970985,0.0,0.25230747875558135,0.3265716857259517,0.11956557329976686,0.24741649695381712,0.3729795715181575,0.4961521190642104,0.1776126180590327,0.14940274299497247,0.23477276352842946,0.1390246767596337,0.0715025072543819,0.14261703558014394,0.04730485049215499,0.17088188921300096,0.33277855980057425,0.1581213222715681,0.2652449056658943,0.17560663374574795,0.14587650895756094,0.08957934361569675,-0.07916177110906664,0.33794849975672603,0.0,0.0,0.539771064239133,0.18504540613084097,-0.028122573179423016,0.0,0.0,0.35956723646234817,0.24415429461775276,0.5730860777839897,0.32102234648310546,0.3849203113453893,0.0,0.4340540472764229,0.32333758614784947,0.0,0.3049209589211612,0.16153999762463067,0.0,0.22574403825775846,0.0,0.25404639944024626,0.64071146460967,0.3023771965310582,0.24662431195147813,0.48516037122214006,0.26875217567212517,0.3193476056154099,0.29972329542263854,0.42110929037035116,0.2574680901037034,0.1978020587548007,0.36281229866349735
0.3282672344062239,0.5587784225731168,0.19727737431037318,0.19371123656701494,0.20225525820702162,0.10016646559466891,0.2322518635720634,0.11085753094994111,0.3218254816519389,0.31875152352492825,0.10452430326423637,0.222425774895127,0.2760550494789684,0.17264307012951913,0.5007705258866958,0.4207184931820788,0.31638262934283956,0.3944051967282247,0.37091169891898884,0.34677075319273737,0.25230747875558135,0.0,0.5986484811554406,0.422758793731341,0.7203815075229335,0.48405463989274117,0.3516849978701464,0.3881217330662715,0.32978281565710077,0.5137544944037187,0.2290382697550435,0.21998671491187383,0.29999939182934077,0.13209489025089033,0.22141387425947523,0.4086858228440207,0.5584182843182656,0.35825190501202664,-0.10037429910768236,0.051620300476320935,0.08849057265041083,-0.019816985723603242,0.15864069085862792,0.4901351879001312,0.3982852849375833,0.3648876295488138,0.09978044513556106,0.18171494152824127,0.4712394595362503,0.3983360971355197,-0.03398411949307778,0.1551997896489382,0.14454186765359933,0.17374491215840898,0.18210418311360643,0.0,0.11890961116802465,0.18439478694115485,0.0,0.2412942886678721,0.12986918122267946,0.15626439281806756,0.4654198758641835,0.0,0.021820226033721246,0.27283947909380707,0.1997722535410814,0.12606831494924597,0.4019962801397625,0.36504184023413133,0.10522443474882487,0.028781763835245167,0.1869929390977892,0.04573179648647613,0.4498037009738435,-0.09020657356050688
0.18939100176570517,0.7082073163874909,0.19083283785221497,-0.07434824481169072,0.5055395890719039,0.28000198192027714,0.4564335012271993,0.2432103965557244,0.4617307698837768,0.1821480511184261,0.27405860534441334,0.17231771371634663,0.4648901429998649,0.2776717037195249,0.521769220729998,0.46092169346216905,-0.025490909766879788,0.49663923349434175,0.12471366103181561,0.29346377641683863,0.3265716857259517,0.5986484811554406,0.0,0.10347716254794792,0.47091726411112245,0.3500303055904871,0.3872573301127773,0.3300403886119363,0.31600573160524165,0.3964565309913615,0.3660987803444651,0.3412232742148458,0.33300967258051,0.2918102591646028,0.37387826111289835,0.31484847329763554,0.25903085770093953,0.04189381433620601,0.3622912725071402,0.4148247288224589,0.3455372313254637,0.39567292360647005,0.5768936460763261,0.3053990044241315,0.36783290934958784,0.2264308078632874,0.32592617407634916,0.6748401493326315,0.1288850596800803,0.46028561340778484,0.4461578460430017,0.38304274382698555,0.5077809006380787,0.507592592870463,0.27889455283180714,0.6271145870494159,-0.0628872951309038,0.38928589906735334,0.5862411119291074,0.4179258368021585,0.35775790218185843,0.47467458899110404,0.23404279394520242,0.6794250710614554,0.42493423734633795,0.4037358519633313,0.4004683553075464,0.5887119685630517,0.3417222150493219,0.2167770546912583,0.3284321245007472,0.3997620089254845,0.3630252600634327,0.3866929050380771,0.4115101576364033,0.3911230273938594
0.39020448637556937,0.39811776725769404,0.3526158885197781,0.1561231481091917,-0.05766792033178475,0.05185418745562814,0.29977652095933827,0.1369699264691034,0.4195644404751516,0.26757624563098303,0.33475705056928573,0.3312279485170928,-0.12518532081473932,0.2492183232119965,0.22263400213884432,0.3938238129866903,0.33446836558380105,0.5926142351777732,0.3247628628944446,0.3121743949702983,0.11956557329976686,0.422758793731341,0.10347716254794792,0.0,0.49892968803840143,0.2495545098701115,0.319761840488839,0.18678287722182757,0.1288218626824993,0.5410231456332334,0.19631052814516323,0.18227814639543544,0.3561140079147638,0.3035649849658719,0.31563582636197524,0.41723848221832904,0.26044759864488476,0.3288995108853599,0.5857699014486394,0.6098379686465489,0.44483114251032857,0.5451139095362986,0.2759689382670976,0.18706624294792004,0.42978697648585296,0.46713842329436683,-0.020845487245733152,0.0,0.0,0.45932685973249776,0.43092761872689245,0.36971214692133303,0.0,0.34116106141205665,0.4604322127986522,0.5083311341923786,0.5777445645387741,0.4395158402843574,0.0,0.33359515006187146,0.12478066556757267,0.5265769558228913,0.4725785700274941,0.4869649960857496,0.3729312344718539,0.5206623499998624,-0.08368453043444504,0.6646310940924209,0.34021993245383664,0.5869400462491355,0.5745469363171111,0.3337363544987523,0.4350971252339263,0.13409894628035085,0.0,0.400303239948016
0.21431881212480552,0.4896266364168226,0.16603348615074404,0.7804692227324658,0.2561414122267741,0.4150525754143588,0.4364381079023818,0.3298018170035496,0.3034314409055523,0.6955395093486592,0.4003048470078283,0.6558858181575937,0.28889802097808237,0.456968147433528,0.4515631133388741,0.46612541369236893,0.33942695742443285,0.4952877086877103,0.39825889656118574,0.6977308903362589,0.24741649695381712,0.7203815075229335,0.47091726411112245,0.49892968803840143,0.0,0.24221147890228534,0.587926767691102,0.18961852788427958,0.30949102842756193,0.19077110018029744,0.3432750448955855,0.19327272235264836,0.3967303333134241,0.19928141999048155,0.18121354592410277,0.22976149629852513,0.23874212159376207,0.43638814971674356,0.10288840782302383,0.2269451402875241,0.18278347836165487,0.04545775426305981,0.31980773877843244,0.0,0.3713460045566856,0.3618262834216027,0.4538395003289508,0.0,0.0,0.0,0.17031378076936587,-0.05747100586686521,-0.28110472793473534,0.3865380950250277,0.339250858065436,0.4863704648921959,0.4711562690731008,0.09753098594919779,0.0,0.291938272511871,0.21528270446029246,0.5873999551570348,0.35604843227201544,0.0,0.268106310422935,0.4421985330627485,0.3472773392451266,-0.08009916068768769,0.5306297302424572,0.3949920903481726,0.324176985303405,-0.012046615279001749,0.36338235007445807,-0.09085391284213162,0.0,0.08690443076806637
0.45962931988923517,0.28634216380649014,0.019377931901053413,0.18319158967284943,0.25832655615812244,0.3065702600170783,0.2310756897334022,0.27824055704276796,0.4338000719619649,0.45501216646493076,0.36584759363946984,0.3627543327528212,0.14397504462531163,0.11937918708881817,0.2534244870453403,0.45440415658417055,0.43075248114215864,0.4110202398339192,0.23286839088703082,0.4365039853854894,0.3729795715181575,0.48405463989274117,0.3500303055904871,0.2495545098701115,0.24221147890228534,0.0,0.562783528697371,0.15602628365430588,0.24929275189127392,0.066595710129014,0.1726191365626103,0.279034244564328,0.2400392918553541,0.15240720546553366,0.25336663086569927,0.42015738069104436,0.20314419433544495,0.1746644019895816,0.0516377220151632,0.10770507551558584,0.20232483586162697,0.052483025037817155,-0.013206174610761512,0.4920107679796059,0.3176968503415858,0.30373154656962914,0.33440384086011155,0.23272724911429366,0.0,0.019991679321732396,0.2068060904776209,0.01906442040807882,0.22507426368681666,0.10365146843551443,0.322777538157976,0.0,0.5113445465235813,0.2200461677944423,0.0,0.15840308384763233,0.18578531570235737,0.5826716958341106,0.356029965501523,0.0,0.11898232242385648,0.4835240236296875,0.3153094735689461,-0.009467188207470223,0.5484616093089452,0.4027123371413727,0.30188124729397026,0.060627705252361774,0.3021074889563313,-0.010685760382244391,0.466150439386388,0.13082519213126276
0.39040994441539334,0.5818270971752029,0.3973271796820764,0.3181129253992705,0.4286141969852981,0.19990123068393623,0.31779256646879217,0.4706203922169807,0.519905221843718,0.1907480563943017,0.35436455764992003,-0.23173439134003937,0.3978951705058458,0.2882825960235381,0.4694770658338365,0.4209994017176668,0.4219098011113581,0.5291068754421708,0.3587101450565441,0.3786702199286345,0.4961521190642104,0.3516849978701464,0.3872573301127773,0.319761840488839,0.587926767691102,0.562783528697371,0.0,0.35135687074923555,0.21117564525085294,0.3448463031705567,0.25214242580487733,0.2663093636050881,0.2552727522297268,0.18706982678673822,0.22318314146360976,0.3279639063441516,0.4727507744270242,-0.16817746855001386,0.36208426961409357,0.36225804338403644,0.31389732399981685,0.25224138411883706,0.576695632119398,0.3282262859787254,0.25838647958246297,0.2666978929114985,0.1126717264385246,0.4875166849741718,0.23531333256636333,0.3540303481037982,0.4145048698765778,0.4693061087311927,0.45740396167693226,0.478360926215291,0.32080919097936017,0.41640712246771894,0.03610127725759832,0.4109748441524947,0.27130294518678627,0.3032197036309514,0.24057201762360075,0.0,0.28613216356798493,0.5524262163511869,0.3634347358025931,0.3866035981118128,0.259984083451153,0.35985470827256516,0.0,0.2685015308159538,0.1588111247636585,0.34896610957455365,0.37851903083341343,0.2888658742769954,0.2739135545126929,0.33896344762742325
0.1571843253049181,0.23469257880666466,0.450611848098455,0.020560372649502168,-0.18165854612362597,0.4049606944053482,-0.13812621221250637,0.2249461200572035,0.3895757007518935,0.13374298648057453,0.21724098268880732,0.31522710190456216,0.07336711558150252,0.18401010150179872,0.2285275763332557,0.2436759296429091,0.35846120419584554,0.1146788775256885,0.32563635813168246,0.22498763653296466,0.1776126180590327,0.3881217330662715,0.3300403886119363,0.18678287722182757,0.18961852788427958,0.15602628365430588,0.35135687074923555,0.0,0.39840739343328646,0.242481444007651,0.2693298997016096,0.366320191140532,0.25908661883280437,-0.085235412661535,0.20612884152994707,0.36682612846307394,0.17036761452881102,0.41052752021523625,0.34663370955582185,0.28775437348733723,0.3780145843603174,0.3416661134008068,0.42722668500275973,0.48493445193990836,0.1788509231086869,0.14765835905637226,0.17849589968392965,0.3775749045141307,0.0,0.3118848589116465,0.2928445979689121,0.27122291668894705,0.28501429077636886,0.3231777533637636,0.3633004400871774,0.3789499863592007,0.08237325703996168,0.27280459617911945,0.4136331059903566,0.3356157824670305,0.07098366490939745,0.3113045922635601,0.0727735455362396,0.43955533274228353,0.21870585050718025,-0.03944744035907061,0.19805931543266628,0.2849552299342696,0.37026081973532854,0.20825322172585503,0.18062729624150003,0.2830649252559568,0.26820534079392244,0.2950751156791732,0.08873345385816783,0.31135240390519603
0.3048186095634279,0.021255895638665645,0.41499889040223165,0.1288447859030519,0.2743796701886065,0.2914423789455737,0.285565574368446,0.20193725019368786,0.3717633073354955,0.1375829409013276,0.2157676398993421,0.2973901705194525,0.40944978950523947,0.21058204208959633,0.28134902352088786,0.2727223559637162,0.14891933107258015,0.3487331127050697,0.528115608351611,0.28789306000674175,0.14940274299497247,0.32978281565710077,0.31600573160524165,0.1288218626824993,0.30949102842756193,0.24929275189127392,0.21117564525085294,0.39840739343328646,0.0,0.3487432778437558,0.08410227776578288,0.01176984978212059,-0.058312556661799825,-0.02344939859873696,0.07754573833910616,0.30447277415862806,0.15700160933534446,-0.18321673374836184,0.1769407205490973,0.171612517009135,0.18395618017350593,0.17795555140880448,0.14871151891081913,0.18318794079196044,0.34381846003723765,0.2328626505150244,0.20051986233461513,0.43149524563238634,0.42282698020875376,0.2391999839409705,0.36779858156681,0.28468268898376725,0.33662262909674556,0.9505784686257128,0.45004119728086217,0.15080128703168932,0.342898959053554,0.31224688691735797,0.5713721455946085,0.19738958058576292,0.14686726528118427,0.4685462610436357,0.1541428420235394,0.3987386865131288,0.21722800428531724,0.13870041091169039,0.2880433049679396,0.26907133656429416,0.4802011189825103,0.23573260530773882,0.18772818094122004,0.2406183933514315,0.3142950916886133,0.168531170597229,0.13828202296885467,0.31407199676716546
