0.0,0.018757534284500332,0.052501828193817324,0.0,0.015456970971179484,-0.04683183309575267,0.014075007512265203,0.038816923687892135,0.023031048753307748,0.054768887347176665,0.01650479864184745,0.045417374320415704,-0.001175058842212029,0.053960526644125706,0.05425027338560845,0.04329539585277414,0.12658823221867144,0.043974433800494706,0.0,0.05827989441706938,0.04440021850717518,0.022266316280111664,0.049007952521955944,0.022964934139128257,0.030693869501721704,0.019116386822170428,0.052725115128967215,0.01659046632686295,0.04051148022192724,0.02213427053391248,0.03410882436840734,-0.0010542427784744346,0.021288149752317354,0.005585115192578316,0.0015985218624782194,0.03972479937234924,0.0007130501151927371,0.04269126745076479,0.043254505687847944,0.06070349009568399,0.057861715731374164,0.09760935409564703,4.016136828954853e-05,0.0,0.02661631292457428,0.10348752289045365,0.059819439214811865,0.0,0.0,0.0,0.033380730858656005,1.1102230246251565e-16,0.05308392926720401,0.0,0.07613028701309932,0.0,0.06818567416108728,0.010540901117519152,0.0,0.022960184169295905,0.033075782267783904,0.02687808087417165,0.04417733049576944,0.0,0.06836232861233554,0.014234798716841635,0.06313237969234547,0.0614872568520361,0.026265038868060198,0.03536034273553412,0.0752168648647682,0.04505899775837374,-0.0003070292531222041,0.05085298117134135,0.0,0.05001312086513121
0.018757534284500332,0.0,0.05321376897746066,-8.006506642643796e-05,0.0038161734885385212,0.0209236563129111,0.023186794283112933,0.06209008495451218,0.0103204783452302,0.03328718187424612,0.008818624037248035,0.02488873223161675,0.017151877751025557,0.010545549243086927,0.026680109718632106,0.05784045351353051,0.03963533247904388,0.0596951367161106,0.015348567252111867,0.02541060121202987,0.036476137027575406,0.047219647752774874,0.048119992577252024,0.01983785438743102,0.05317275117553749,0.04577866916715223,0.03235497006536603,0.004405298024269866,0.012001718056506183,0.0018328504783812205,0.020801188756878086,-0.006850829289716642,0.011655811274273564,-0.0039634404939259404,-0.0067263239389607765,0.04801115069392842,-0.001413938074650567,0.0,0.028771651631276485,0.032013252533224956,0.02504068395042519,0.045647424222593325,0.00601926469398828,0.0,2.220446049250313e-16,0.04886425018028567,0.036450595136138075,7.181910361864219e-05,0.0,0.0,0.05292518296542553,0.03445908994121166,0.07633328022442054,0.015554357588152878,0.008900826212659474,0.0,0.023627241187094417,0.03495218117061977,0.0,0.04488862530377469,0.016003787877585107,0.012117218363185245,0.0019748758366385233,0.0,0.038381913963128844,0.06584462081299114,0.03822960538782655,0.05526812300231415,0.05230447409560263,0.010193841428534967,0.05346886414049551,0.05569559514371525,0.03736167983057315,0.03978502606350709,-1.1102230246251565e-16,0.020425335153828827
0.052501828193817324,0.05321376897746066,0.0,0.04856684562233021,0.03471842841919254,0.03230383333068049,0.05317362708637541,0.08946178715307107,0.00469503737321314,0.04657982725088228,0.0683108136140031,0.05506615725615366,0.06291667100142523,0.06748975206130342,0.030672593312843777,0.04558546999934021,0.03029596138344709,0.032711977743918985,0.03384217807429368,0.05411613093989909,0.08694579296836902,0.048906013094360046,0.00837584442141237,0.043624440788338215,0.04167064677645138,0.03069735362275222,0.022893228187982784,0.0655563385888836,0.06896287735694856,0.07533160360362873,0.04379029649354532,0.05109175788697096,0.03361451111557534,0.04058294003416618,0.05207789455589551,0.042052477979112046,0.026384483196841335,0.05953401224189819,0.07169065860770912,-8.225223350755151e-07,0.08803880302903533,0.05946714255546659,0.0386155219005464,0.02836822655703969,0.0,0.0,-0.00014474467255354284,0.08533326352709042,9.020350667299226e-06,0.0502609448444582,0.038872575867529346,0.06434679110214458,0.05312439996261509,0.0993237853416431,-0.00011445861035053184,0.1561171027741679,0.03495330249586426,0.07026695993844789,0.09120517277513152,-0.00022236158281163654,0.0,0.0,0.0,-0.01669759102245677,0.010677261303693786,-0.0046589781890662985,-0.00032044430698430215,0.08590324155720275,0.0,7.574855342223907e-05,0.028420841678384268,0.07531319006073678,0.04880238577236551,0.057994650003296955,0.007296062199619313,0.06819930125774176
0.0,-8.006506642643796e-05,0.04856684562233021,0.0,-0.01849150113855602,0.03710505099712691,-0.015173041625808181,0.019969426222832265,0.02741643217628964,0.04997305038356903,-0.0018336131341809003,-0.010296824119917669,0.007196219903250978,-0.03482118829911443,0.0346114907398441,0.000879903788571168,0.05687049352174317,4.107587179530414e-05,0.030124620813104797,0.008586447148961063,0.0011144587526864536,0.0019267156291939425,0.042754295205173654,0.11170849521354304,0.0003196396425366732,0.02959795944428195,0.031030087271730622,0.030904502739118933,0.02911202127665319,-0.009909766127200514,0.05449675291280942,0.009757617355978132,0.10476717105100053,0.018880012710907557,0.053714819137525294,-0.015162717000612141,0.004195171944629789,0.07303641022987739,0.01698083378893006,0.0897821440135872,0.017104352288924263,0.010422666430138006,0.0017091817398416365,-0.00849872404142743,0.0,0.0,0.0,-0.0010799539240609057,0.0,0.0,0.019614378516775,2.220446049250313e-16,-9.4007602254087e-05,0.00022706486050177999,5.551115123125783e-17,0.004224829309415867,0.00814889910819283,-0.00045280702059080635,0.0,0.0,0.0,0.0,0.0,0.0,0.0,0.0,-8.28864308308197e-05,0.05326689536515017,0.0,0.0,0.0,0.03468393024732419,0.002124695370337437,-0.001035458391884292,0.0,0.0
0.015456970971179484,0.0038161734885385212,0.03471842841919254,-0.01849150113855602,0.0,0.04988409081806777,0.025509682176433457,0.05575544348425909,0.014070013074482579,-0.020904497098144847,0.004550327131259635,-0.005440520965334428,0.005549892702405412,0.026790360998201923,0.01608856704904782,0.0006700676930370686,0.03399494426263816,0.03521995366049069,0.018207816780872854,0.03686587663440272,0.035908963122276094,0.02456715292634204,0.05600010263418648,0.008565321712296903,-0.00700161295919971,-0.009065660164881084,0.05108586661380721,-0.013780080998685551,0.0272171382975826,0.05903345097351753,-0.023579316693133845,-0.012184136651547217,0.01387539241467789,0.0007380683304633595,0.04617221059542226,0.014320828511900863,-0.04404369127681526,0.022483279332272066,0.10552242927959604,-0.006889171988379794,0.07438058357965083,-0.011243930811921043,-0.014559669212638737,-0.0494913580812813,0.061509527637746586,1.1102230246251565e-16,0.011105445660522295,0.021387545972088362,0.0,0.061679437508893986,0.056361065622568596,0.05780552096135472,0.053997581365916314,0.049168564529066705,5.551115123125783e-17,0.025171163688866738,0.02298361197428589,0.04438848699958148,0.04466838750245489,0.00886107812433623,-2.337344793207352e-05,0.0,-5.551115123125783e-17,0.002343640751953535,0.01861918468440643,0.0002072327342735325,0.01132985995388458,0.0605398309960572,0.0,-2.637105915875848e-05,0.0072376359958172265,0.0625892945518235,0.047949457056181255,0.03752112397788676,1.1102230246251565e-16,0.06059049242477743
-0.04683183309575267,0.0209236563129111,0.03230383333068049,0.03710505099712691,0.04988409081806777,0.0,0.0710503567964097,0.09898565031858914,0.07822336259863677,0.040778019064784565,0.04749871933211686,0.03596570632937768,0.06678110226868167,0.09151000634925122,0.031711853021794856,0.01816859383832975,0.04166505896612044,0.007699043392339178,0.041804257714323945,0.015436532717948759,0.05429724466425878,0.028553744933132896,0.08368252019169337,0.04406876404606358,0.004040401110451175,0.03547949122520222,0.05963580200843549,0.06248328882319054,0.05761802362704388,0.060998586568493995,0.049779479971822416,0.03989416655857514,0.02258187493777991,0.03915340191892236,0.033521378531779444,0.027577319889033947,0.03321753692773066,0.04526139493349873,0.07202369859128144,0.04861033372524792,0.08126927890453584,0.0545446580601851,0.06989833036535925,0.05428997537210062,0.043684796999506614,0.04611785439110677,0.05185814873371508,0.09751645368782313,0.019528536493022608,0.06688089675182318,0.09104971230202169,0.08256219628247263,0.09741583824365868,0.08145415501862274,0.038563045636069826,0.09545959132507553,0.021642348048261206,0.09226710094209145,0.047777168083115495,0.05574739345017582,0.03778514985241205,0.0,0.042070467676072476,0.09177529648390825,0.047986872905352806,0.00015808879372131157,0.05228144316598843,0.0931552262134907,-6.969306097870387e-05,0.046608843389432275,0.013476466566493317,0.08883905468422215,0.09200222820036186,0.05633139233959639,0.11907963619008305,0.0935681163451898
0.014075007512265203,0.023186794283112933,0.05317362708637541,-0.015173041625808181,0.025509682176433457,0.0710503567964097,0.0,0.10222751537552838,0.054665461406719684,0.024330183117978854,-0.0007571407734419111,0.0273334098653214,0.04108674286863706,-0.01011218165749117,0.046425562014324295,0.049021372783955575,0.0335293078661848,0.03247273480630963,0.02086202902989287,0.05087499656770006,0.05463609544294301,0.055462392416138595,0.08180952490702165,0.03759126037082422,0.016934651036381476,0.02404590664680256,0.06756451508919536,-0.02647581766827345,0.06871263902007635,0.05012972354399964,0.0241056362142526,0.017526479673285578,0.022688127704049432,0.017744896145208078,0.038159456631746136,0.006986351608147701,-0.028093202285416896,0.022331180540050455,0.07972104312362299,0.06750783278155698,0.05830045093871877,0.0065327298785905485,0.09255250319995245,0.04189467438157929,0.06266744374920524,0.0,0.04101523340219537,0.05650988433329385,0.0,0.08119682848151966,0.07563243083860893,0.09005674044431511,0.09705354405893629,0.06547208559834727,0.0047369021850035,0.046815503642724965,-0.005914225461430778,0.11283265142295218,0.029752047945661997,0.041609201589387024,0.03071801197406976,0.0,-5.7016234218609796e-05,0.04771260698399682,0.050973271543063414,0.015302290337149027,0.03314089101246426,0.08538343014918826,-0.00012671810908654324,0.027452980071503486,0.03883516247326002,0.08252719242780948,0.09496289528606922,0.092722317721464,0.019334709514319814,0.09904956819385002
0.038816923687892135,0.06209008495451218,0.08946178715307107,0.019969426222832265,0.05575544348425909,0.09898565031858914,0.10222751537552838,0.0,0.04706840945909252,0.014984256246690808,0.07237251175695902,0.03747045048530884,0.08184154877902006,0.013082513512096827,0.05793697185604757,0.03469906208978912,0.007773373190197774,0.03125604637793755,0.051187927136245426,0.03852391619648737,0.07432774069172182,0.05753649282703771,0.09075221353698587,0.033286760251748704,0.03226254896820269,0.0312687032975244,0.08240509432770837,0.0646931721811766,0.05385409766797772,0.056844490198222075,0.05797255201478435,0.007329164085620232,-0.02185132303045989,0.04614345471475795,0.030505442403317706,0.042975915702082146,0.015178215909976922,0.07295246002291328,0.0768378658980271,0.05904542242248634,0.061388686834417006,0.09758770672474182,-0.04774941926794546,0.023446097842853342,0.0,0.0779120591663568,0.05609835540141328,0.040881383091459056,0.0,0.027497715473482398,0.0399673512213477,0.07167195996538683,0.0567928835458712,0.03356431911193147,0.00016502201474954958,0.03321970478659769,0.00023792712648290637,0.07539479443033131,0.02723694688528744,0.08437946392090911,0.014271071069238028,0.0,1.9523395028420154e-06,0.024734244154384744,0.09816434439801469,0.17362748434933523,0.07251104716507989,0.07716944582914381,-5.551115123125783e-17,0.03891257712427659,0.053768463178377024,0.08000636371132003,0.07874662444113867,0.08813802149983835,0.061396442072350454,0.09315388773203398
0.023031048753307748,0.0103204783452302,0.00469503737321314,0.02741643217628964,0.014070013074482579,0.07822336259863677,0.054665461406719684,0.04706840945909252,0.0,0.021305933138813182,0.027952677506883905,0.04753337719847167,0.036486348672036095,0.03468340236746592,0.02259111768488281,0.041406150418923926,0.04475349936245743,0.026556585326364346,0.03826710147730156,0.03987737597228008,0.07060619460844259,0.042248855873058766,0.08224071077257167,0.04888596280312668,-0.0034538296100607435,0.027390102288260665,0.05597052007411224,0.04286469521689107,0.0700029203719485,0.036921461777193576,0.03201686283638849,0.03264988607252334,0.05086167532463848,0.022889720008406056,0.030621606363047782,0.009796516891464435,0.035081744341522336,0.008168857941866281,0.026550473523663798,-0.009334248105223542,0.046977569024727606,0.039552189489808987,-0.044347847742180535,0.0415562356284323,0.031233268765889277,-5.551115123125783e-17,0.03131629706439898,0.06636933823221891,-4.333418755997354e-06,0.03423904056763327,0.04948514950429628,0.05863859186646747,0.047095603899447336,0.0572834320595863,0.008856042012549747,0.03139073566810158,0.036071029143231015,0.06760600500946123,0.01594732281329836,0.02493000059008793,0.014252734873144268,0.0,0.0,0.05380130580993325,0.032424185845866205,-0.004801891519953305,0.019228214726043247,0.0631759191929755,-5.333278364383354e-05,0.015043286228439368,0.03357863523359517,0.05643449422720703,0.06982930419685551,0.03868014564502281,0.029136236441947183,0.06921350922858982
0.054768887347176665,0.03328718187424612,0.04657982725088228,0.04997305038356903,-0.020904497098144847,0.040778019064784565,0.024330183117978854,0.014984256246690808,0.021305933138813182,0.0,0.010862203404761295,0.024842704418716055,0.021754098529678856,0.0656887084181752,0.01876094501677511,0.025847031480159266,0.05125130735543992,0.05035150031182373,0.051845870822030016,0.04890111411011516,0.0437760263301617,0.04590962341253313,0.06596620209212367,0.050200356049270256,0.038087977660033856,0.04185164234857469,0.05067257241554779,0.018238612245731978,0.042970203596267575,0.05032946043899483,0.02074234177476475,0.02959225962783124,0.015281170487496942,-0.0013830516145090233,0.016708953668811866,-0.06348536076363404,-0.0035685029257657708,-0.005788413457435915,0.0725953574685948,0.05795184501597106,0.06720207598628258,0.07351992089355097,-0.03560339183171962,0.0347359078700436,0.04980656290124774,0.07349504118057837,0.03672805320671374,-0.0004734626710184431,-2.4605752010242732e-05,0.0005138795164980614,0.040289522304931435,0.03437634366672049,0.003822464191620578,-0.0025080697748844916,0.0517254908810027,0.02141979989804771,0.054948340806195595,0.07847755892396413,0.0,0.00011481962538995028,0.011684803362319973,0.04073235477550069,-0.0021966252242962003,8.088039626985566e-06,-0.00013141020602852604,0.04468755124530177,-0.004351022321243014,0.044198061442285275,0.031458623507926,0.030502745971909218,0.03725039387872803,0.0169900675348435,0.058012896532810165,0.034739301404047185,-5.551115123125783e-17,0.05331773077851787
0.01650479864184745,0.008818624037248035,0.0683108136140031,-0.0018336131341809003,0.004550327131259635,0.04749871933211686,-0.0007571407734419111,0.07237251175695902,0.027952677506883905,0.010862203404761295,0.0,0.03043319471142447,-0.0020108622197951287,0.0324342992468602,0.0,6.0609587839932644e-05,0.02316745274744214,0.05049856290047494,0.055873250774210514,-4.5993302651592405e-05,0.044516076925870174,0.0042202600850609895,0.07804238841263023,0.03861275505507222,0.05224027526756142,0.05673017256351548,0.037541785527126614,0.009779181929891967,0.04648602847761468,0.019908082372679603,0.00788953735993303,0.004989862352628993,0.03341708644499358,0.008244176858262231,0.017571944782991067,0.003217603250492196,7.510287386547354e-05,-0.0017445140830676387,0.014316030008279357,0.009423101935657208,0.06729179574772437,0.04009311562265411,0.034984698159032934,0.019740676717477035,0.012801842321760959,0.0,1.1102230246251565e-16,0.05085663312636818,-8.3911367848577e-07,0.024211052701697044,0.07101746740969112,0.010898336251889795,0.035826699563771325,0.09174945604537982,0.03464408982353223,0.04824230364514481,0.017029547693708624,0.01712554194617799,0.06291274072162217,5.551115123125783e-17,0.0,0.0,0.0,0.02512829765970459,0.00785284127006991,0.0,-7.810375130856695e-05,0.05648624532195157,5.551115123125783e-17,0.0,-0.0001423263670334851,0.025090860023618933,0.06528932886062544,0.026719576661408506,0.0,0.06591013320707739
0.045417374320415704,0.02488873223161675,0.05506615725615366,-0.010296824119917669,-0.005440520965334428,0.03596570632937768,0.0273334098653214,0.03747045048530884,0.04753337719847167,0.024842704418716055,0.03043319471142447,0.0,0.015395367971875185,0.051770028944582325,0.03185877892932287,0.019274362997236394,0.035889506679945005,0.013857617975044922,0.056868150310868726,0.009993777815044735,0.05203113090690392,0.019024580629483256,0.032021333847417066,0.056195559614439505,0.018863033977602695,0.04245757541968642,0.03691730761470413,0.02708482551590169,0.039508749613660965,0.07151578447311369,0.008640148471898312,0.020860974143944833,0.00040554846352580665,0.015413875792526066,0.04705231985906333,0.026327422098042563,0.05096334197978114,0.014345888898937509,0.1434179517945504,0.05371551717523454,0.06153797979267667,0.023769536618172937,0.03180070066657181,0.022070008495260196,0.04754530961089709,0.07031255730351049,0.004976077950096913,0.00799147484033036,0.008115237503652228,-0.000992411603770782,0.03639076803224034,0.08781522277739656,0.0003744556790507003,0.023289291982471816,0.04633013583366935,0.005921881890676328,0.05232921277192637,0.0710800296136081,5.301704322141498e-05,6.976659760804527e-05,0.014869475662401654,0.039073578905728046,0.0225357886823096,0.018548563274795926,0.006465417264058082,0.01740766275457456,0.01167505828191745,0.025168802284420144,0.029241687117629755,0.036104535375139524,0.03905208568365104,0.028726400459167356,0.056982049126555356,0.00594423207244027,0.0,0.05669103472945852
-0.001175058842212029,0.017151877751025557,0.06291667100142523,0.007196219903250978,0.005549892702405412,0.06678110226868167,0.04108674286863706,0.08184154877902006,0.036486348672036095,0.021754098529678856,-0.0020108622197951287,0.015395367971875185,0.0,-0.0073325574561624585,0.04929501655819707,0.051652178835687845,0.036097171863496536,0.03675745336909708,0.028022241243084334,0.04020876091244241,0.06693254791169545,0.04548792379316896,0.06694221428305214,0.03793598438202023,0.016835658519667784,0.018371115288220607,0.05540164192824637,0.03321566633576739,0.05654200754495098,0.03887797730673781,0.027138696817570918,0.01935042648010965,0.0372895755317289,0.02758544409173308,0.037733939225046864,-0.0062540858358918205,-0.010914897937910117,0.020680510848958444,0.04016209512910929,0.03440596306880617,0.026433455141654072,0.021142739495269902,0.05825318677452801,0.012667095021156038,0.07876462105141435,0.01650868453493065,0.03879739509033353,0.07737711185661555,0.0,0.06415061761982888,0.0800780981044878,0.09156570675775888,0.08005069800376424,0.07272031148498614,0.02284798917643832,0.09903086491792124,0.07340714084840616,0.05588102604860279,0.0043887604715929784,0.06653816458224454,0.03180778166143222,0.015879372061136376,0.029535422486587193,0.07447771108048118,0.06424595317338744,0.059783638251165394,0.01713554119628563,0.07962907731691471,0.03630935631643761,0.03045803004333475,0.031675521056029166,0.07928467890718094,0.08648527399970524,0.07467960528697853,0.05744765472704161,0.08973530907164162
0.053960526644125706,0.010545549243086927,0.06748975206130342,-0.03482118829911443,0.026790360998201923,0.09151000634925122,-0.01011218165749117,0.013082513512096827,0.03468340236746592,0.0656887084181752,0.0324342992468602,0.051770028944582325,-0.0073325574561624585,0.0,0.04010352300022996,-0.0006783398052913059,0.00011275251570447287,7.498891874163638e-05,0.023222193190495066,0.02056867821556191,0.07670834806715254,0.010727095685582833,0.07646524086432405,0.07251016014968314,0.01234715235147793,0.03858871527049923,0.061602299509214364,0.048152591678357726,0.057981001501022644,0.011490787122334867,0.07830901709562371,0.04525273240355332,0.0023572928023131157,-0.05813077693286528,0.04030422557800406,-0.0033330225085180243,0.0023754297121324763,0.004766604133613961,0.040678574039801574,0.0,-0.008069106281758776,0.00047718092614279506,0.005628757738856682,2.415387680032577e-06,0.0,0.0,0.0,0.04690171566974416,0.0,-0.00705215678135801,0.05225641060604558,-0.03705078702309672,0.03128624562852622,0.03787355347090937,0.0,0.05166698897026939,-0.00014118586521499887,0.03171872158723488,0.09630997464756319,1.1102230246251565e-16,0.0,0.0,0.0,0.03733512372900205,0.0,-1.1102230246251565e-16,0.0,0.06981000220349726,0.0,0.0,5.551115123125783e-17,0.0630391898790969,0.016754558984034995,1.1102230246251565e-16,0.0,5.551115123125783e-17
0.05425027338560845,0.026680109718632106,0.030672593312843777,0.0346114907398441,0.01608856704904782,0.031711853021794856,0.046425562014324295,0.05793697185604757,0.02259111768488281,0.01876094501677511,0.0,0.03185877892932287,0.04929501655819707,0.04010352300022996,0.0,0.03364145625499071,0.04711238663375339,0.03533452554181887,-1.1102230246251565e-16,0.047885080232691224,0.03765372840882719,0.04763171856497739,0.04002833486426505,0.04044907555387944,0.027202724267096356,0.05501962929978399,0.06324800201409059,0.04903824953310554,0.02879078565837223,0.03460072987921742,0.0294781545814064,0.028726638452307662,0.06821189994573357,0.020235425925104578,0.03409972979035214,0.023045889971498146,0.013495223648829546,0.00012850032172007086,0.06483200902100916,0.06529196345515881,0.0637934043479581,0.06632489377127726,-0.014224572174046213,-0.00344123631402643,0.0,0.05647280184174519,0.017014706362303234,0.03388603855194183,0.0,0.0,0.06987510419582321,0.029714180959777958,0.11175018164457151,0.0043826733550996755,-5.551115123125783e-17,0.0,0.007601527247855511,0.08483248809688554,1.3755219220978887e-05,0.05720221770889938,0.03402636985050633,-0.00048081009326467194,0.03266140683102975,0.0,0.07050874524751066,0.06643250502914522,0.03871685743819747,0.0850625068155989,5.6325931804490637e-05,0.06291692612280353,0.05853547885423971,0.07269155360296381,0.07653321822420173,0.07413890171195031,0.08102461291149338,0.06599437256783858
0.04329539585277414,0.05784045351353051,0.04558546999934021,0.000879903788571168,0.0006700676930370686,0.01816859383832975,0.049021372783955575,0.03469906208978912,0.041406150418923926,0.025847031480159266,6.0609587839932644e-05,0.019274362997236394,0.051652178835687845,-0.0006783398052913059,0.03364145625499071,0.0,0.04720458451495835,0.02995628049072574,-0.00017801957435104043,0.0430439614283466,0.05162732601284076,0.05808161779663534,0.04864036029300223,0.03855763049079658,0.039671004529747755,0.04038147108093293,0.035923541816667015,0.05251405795546199,0.05008875836061605,0.05705439047291966,0.043450693929008966,0.022247628337850545,0.015622967087265571,0.021821641088544563,0.029011821824187378,-0.015792408727422325,0.01085681093513935,0.010357478718245106,0.02909259391823471,0.029045298642458195,0.015370289927967684,0.05157704720801726,-1.7935756362608135e-05,0.0,0.0,0.04287338846510447,0.034433263992040386,0.0,0.0,0.0,0.03836054704863989,0.01045905076235426,0.015960934618767963,0.0,-0.011315365671774658,0.0,0.023559428026592666,0.028324602501716922,0.0,0.04662578347613028,0.007358464718363433,-0.02996923639674387,0.002100431519071355,0.0,0.027978005665493577,0.05658316432044702,0.04674730674640182,0.05922921907245199,0.04619189242533267,-0.010833481271499967,0.0485654073247313,0.055586308840493315,0.04847829511669971,0.04105077994152406,-1.1102230246251565e-16,0.014344705647110934
0.12658823221867144,0.03963533247904388,0.03029596138344709,0.05687049352174317,0.03399494426263816,0.04166505896612044,0.0335293078661848,0.007773373190197774,0.04475349936245743,0.05125130735543992,0.02316745274744214,0.035889506679945005,0.036097171863496536,0.00011275251570447287,0.04711238663375339,0.04720458451495835,0.0,0.05630356066024994,0.032541393518240314,0.022879612254206316,-0.002912825018135057,0.036185899448379966,0.035459624818286184,0.0669503190885487,0.057681782116092706,0.034049575189648684,0.006384639443291429,0.03873874062593691,0.01974750363540917,0.02273037226323138,0.04469364379706542,0.00039033448953418315,0.02327813762208303,0.03828252483561473,-0.010340018291119413,0.016059900808098604,-4.973536806812673e-05,0.031008178710917156,0.04999618203823408,0.061739416884009524,0.04889221392764104,0.029954525328289294,-5.551115123125783e-17,0.0,-0.009909978921394003,0.031536161336397195,-0.02534153600299699,0.0,0.0,0.0,0.0,0.0,0.0,0.0,0.0704397044921663,0.0,0.06455386649699651,0.007493407260897533,0.0,0.00020035787214428558,0.020695118662027556,0.05893276920035695,0.05490326564287901,0.0,1.1102230246251565e-16,0.0,-0.00687090036183341,0.0,0.08863842988189163,0.05795897715370274,0.06037892661067906,0.0,0.07640373055918298,-0.00010809106284603853,0.0,0.051849187471386116
0.043974433800494706,0.0596951367161106,0.032711977743918985,4.107587179530414e-05,0.03521995366049069,0.007699043392339178,0.03247273480630963,0.03125604637793755,0.026556585326364346,0.05035150031182373,0.05049856290047494,0.013857617975044922,0.03675745336909708,7.498891874163638e-05,0.03533452554181887,0.02995628049072574,0.05630356066024994,0.0,0.04510301883161788,0.028594301268838773,0.042373025595533076,0.038957862800372445,0.04334016512361605,0.05679683618842796,0.046694149031521304,0.04258160710432918,0.0331144726023157,0.035514075487952046,0.03369569091900848,0.036648120062867995,0.04138396639133346,0.010094651139068656,0.012054782641171602,0.021212433717248735,-0.023334032349495215,0.023127542024447667,-8.289070541933619e-05,0.008270927152895069,0.03321659019033918,0.036385606668855486,0.022056363922264233,0.020044255258636345,0.0,0.0,-0.00026550441101319544,0.053094789185318625,0.0413187480227285,0.0,0.0,0.0,0.019885672166767232,-0.00034957671437479965,-0.00035339893212893436,0.0,0.06736088417435382,0.0,0.06485548854244644,0.02134051055154651,0.0,0.07612154037284147,0.024375432316027623,0.057743434403216,0.047001434592117086,0.0,0.034299004763520935,0.035597334169168604,0.04681172493202085,0.03359864999146167,0.06875409663342957,0.03990071518240035,0.05019361348276835,0.031790129544217616,0.026069790910133006,0.04605005104271498,0.0,0.026598708233906476
0.0,0.015348567252111867,0.03384217807429368,0.030124620813104797,0.018207816780872854,0.041804257714323945,0.02086202902989287,0.051187927136245426,0.03826710147730156,0.051845870822030016,0.055873250774210514,0.056868150310868726,0.028022241243084334,0.023222193190495066,-1.1102230246251565e-16,-0.00017801957435104043,0.032541393518240314,0.04510301883161788,0.0,0.0004359518212572744,0.01297309341251307,0.012985167201030212,0.020040962074522883,0.04515868557934366,0.04202020186317007,0.0419779614889233,0.020685856235839906,0.03096634352842137,0.026144702723365665,0.0516010299011781,0.02899453133228319,0.031827258093341415,0.02247096667594739,0.019660643746581163,0.03755534632593499,0.023242120592187776,0.054856712201179714,0.056396591244406824,0.0143298719666895,5.1152792274300474e-05,0.015208924624106945,0.012908612759413518,0.004398460109864444,0.014320017645461647,-0.0004930095064232809,0.0,0.0,0.06900348186547423,-5.551115123125783e-17,0.01628283109808537,0.1293461137720492,-0.022116300703477143,0.0035603810307641703,0.059863185917311434,-0.00011566552785452489,0.0986351446142621,0.03922793146244524,0.05210083796823861,0.10049805702443804,2.220446049250313e-16,0.0,0.0,0.0,0.05298872423333989,-9.304546177868467e-05,0.0,8.54205265294894e-05,0.059949673822439986,0.0,0.0,-5.551115123125783e-17,0.05843862499667751,0.04566985366533449,0.048260781425540855,-0.0003207796498793103,0.05742597268751415
0.05827989441706938,0.02541060121202987,0.05411613093989909,0.008586447148961063,0.03686587663440272,0.015436532717948759,0.05087499656770006,0.03852391619648737,0.03987737597228008,0.04890111411011516,-4.5993302651592405e-05,0.009993777815044735,0.04020876091244241,0.02056867821556191,0.047885080232691224,0.0430439614283466,0.022879612254206316,0.028594301268838773,0.0004359518212572744,0.0,0.05150891773662297,0.04054111610487421,0.04188765148158502,0.07959275371664387,0.006806524082093424,0.05750306557153584,0.053659701297650575,0.05198986310184622,0.032792902271869484,0.062158679296637986,0.027415138954084706,0.014086240260004712,0.03443541707109993,0.016486656403617794,0.023976578480360222,4.9907925133263475e-05,0.003700781048026347,-0.012737357965261709,0.051800527811520614,0.0474034213422983,0.061934672579388894,0.07108652876467969,0.05053503313764213,0.015167380331120528,-0.00033552792590996194,0.03190639164184439,0.011897218193658354,0.043483816351459925,0.0,0.0,0.06065397291570318,0.05621776494936198,0.08899429340298082,0.032190604629307784,0.00019186976916057974,1.1102230246251565e-16,0.020624327916349883,0.0747754459576842,-1.1102230246251565e-16,0.061877725794741156,0.04609216930780996,2.853191751156503e-05,0.04869759736106083,0.0,0.06191794148228591,0.0502257611063604,0.04868690841848761,0.06871861214540936,0.0,0.03097736385178057,0.0461620444771903,0.0642547925980056,0.06524730839261633,0.06518274894330883,0.06264123097521146,0.04948717803896424
0.04440021850717518,0.036476137027575406,0.08694579296836902,0.0011144587526864536,0.035908963122276094,0.05429724466425878,0.05463609544294301,0.07432774069172182,0.07060619460844259,0.0437760263301617,0.044516076925870174,0.05203113090690392,0.06693254791169545,0.07670834806715254,0.03765372840882719,0.05162732601284076,-0.002912825018135057,0.042373025595533076,0.01297309341251307,0.05150891773662297,0.0,0.03559517515056926,0.0618954654942942,0.0285792650736183,0.03783743166163023,0.044279451007676884,0.08448448285781618,0.05251711755577193,0.03060970256165174,0.050541677752850234,0.04494307681225357,0.032603816091671456,0.04679611366524766,0.02200603937197987,0.034357365565276354,0.024589485298988967,0.01890332218324786,0.0325614241493799,0.04566702183063387,0.056052983615116236,0.04800904493518621,0.044343787499046994,0.04138345673898591,0.0,0.0,0.056221701425857695,0.0424145809084463,0.035656053548872635,0.0,0.0,0.04705256350288328,0.133057780982078,0.036029499929464526,0.0032153844345141347,0.05150887898339834,0.0,0.010480501916776186,0.04816435094228111,5.551115123125783e-17,0.04760177006922589,0.013955732609487015,0.0,0.028564668320399,0.0,0.05192381015829656,0.06574270009601768,0.053434078468911794,0.07216580990274829,0.0017744434687061439,0.03703702189507474,0.06348722904095705,0.05761856206615373,0.07583877596733585,0.052379359152768534,0.040127815817647405,0.05452665856626171
0.022266316280111664,0.047219647752774874,0.048906013094360046,0.0019267156291939425,0.02456715292634204,0.028553744933132896,0.055462392416138595,0.05753649282703771,0.042248855873058766,0.04590962341253313,0.0042202600850609895,0.019024580629483256,0.04548792379316896,0.010727095685582833,0.04763171856497739,0.05808161779663534,0.036185899448379966,0.038957862800372445,0.012985167201030212,0.04054111610487421,0.03559517515056926,0.0,0.04925341952414031,0.009005401867593077,0.0547372373919886,0.030147844867613738,0.041967144105549525,0.05244778707118053,0.03425096437939906,0.05245985160151878,0.028840655191997078,0.014007392794453066,0.03463536389874383,0.006278091836194377,0.025194107974452096,0.010949998004966766,0.01960726481050401,-0.042958913912662766,0.04052700678397575,0.043526709721337264,0.03543397970360529,0.05095602196897431,0.005995009347848079,-0.0017427461120532728,-0.00020856829745463656,0.01150013498981678,0.011544212345058702,0.02311688377454113,-7.563826409762164e-06,-4.898055791952016e-05,0.04602408212168868,0.029871831977649477,0.045548144656529954,0.02792066711512803,0.022575173877606047,0.0,0.010098569728112794,0.042073541381541735,0.0,0.053764946873909925,0.011869352179340764,0.017003732693222973,0.018089699478950894,0.0,0.04458614544269307,0.05789833860066812,0.031166397709110782,0.0818083553250461,0.03676760045895516,0.027778959695602123,0.04798638175994202,0.051953848504501354,0.05358047217583728,0.055382021454685404,0.004896652491794384,0.044171138040779934
0.049007952521955944,0.048119992577252024,0.00837584442141237,0.042754295205173654,0.05600010263418648,0.08368252019169337,0.08180952490702165,0.09075221353698587,0.08224071077257167,0.06596620209212367,0.07804238841263023,0.032021333847417066,0.06694221428305214,0.07646524086432405,0.04002833486426505,0.04864036029300223,0.035459624818286184,0.04334016512361605,0.020040962074522883,0.04188765148158502,0.0618954654942942,0.04925341952414031,0.0,0.04061704779543274,0.017318151186748232,0.06101586826609651,0.052970806687168304,0.0655960032122413,0.058302780418704236,0.07259032536871945,0.06175272593810566,0.04732140306823901,0.061039034697141226,0.04594401833642414,0.03545567966775781,0.05624538170119081,0.03134721628476039,0.07927152623133082,0.08188922665909742,0.08430702244297922,0.07810519016311956,0.08000852592547647,0.10276656321827299,0.06822375656411456,0.017840292463241703,0.07094837828512346,0.06293996635113952,0.10409187607297843,0.02681888334875554,0.06607701220890838,0.07325168443253793,0.07947541440096284,0.07108029462194221,0.07761279580623581,0.08725353174520273,0.09214150171258467,0.025594163085859434,0.07504692130969892,0.11283402596112357,0.08277079305283813,0.060262435775879086,-6.940704479413418e-05,0.0446544393479838,0.10322520722826167,0.07596569204321113,0.07988734952969684,0.07620740949550742,0.09127566987051927,-0.00026748093165213094,0.05220968817519428,0.07728558568866567,0.07934532092870228,0.08310303605534486,0.08021920290832896,0.0788059045339472,0.08557156409000155
0.022964934139128257,0.01983785438743102,0.043624440788338215,0.11170849521354304,0.008565321712296903,0.04406876404606358,0.03759126037082422,0.033286760251748704,0.04888596280312668,0.050200356049270256,0.03861275505507222,0.056195559614439505,0.03793598438202023,0.07251016014968314,0.04044907555387944,0.03855763049079658,0.0669503190885487,0.05679683618842796,0.04515868557934366,0.07959275371664387,0.0285792650736183,0.009005401867593077,0.04061704779543274,0.0,0.05109205070166173,0.053412539453915886,0.07129771186272821,0.0331262919112692,0.032387726419489504,0.011251271222541381,0.03220544273646725,0.035250814785755646,0.05556022009086914,0.050110061438905784,-0.007908228448894772,0.07816489660168852,0.02778476708485722,0.06869360022538051,0.07093298197300507,0.03774270885014547,0.038596116825243,0.04839243552769101,0.012750623457720822,0.0032629176428332074,-0.02079613692227772,0.08139457415040868,0.03837115229873411,0.0,-5.551115123125783e-17,0.00027414511141188314,0.005592933335879013,0.00023491552321502907,-1.6653345369377348e-16,-0.0004883660295134096,0.019831039349729296,-0.0003592690445149427,0.015405955597873,0.014505219726997254,0.0,0.0008953420253234312,0.05268231240096222,0.03359825225632218,0.04779672693188969,-3.3408030831016955e-05,0.0008725088714728324,0.012821387434518161,0.0324110509551091,0.0008728484675935566,0.007557701434521391,0.03823890150592946,0.05468461027324506,0.010741831834729765,0.03222462934405784,0.0174652254864216,0.0,0.027501339545561554
0.030693869501721704,0.05317275117553749,0.04167064677645138,0.0003196396425366732,-0.00700161295919971,0.004040401110451175,0.016934651036381476,0.03226254896820269,-0.0034538296100607435,0.038087977660033856,0.05224027526756142,0.018863033977602695,0.016835658519667784,0.01234715235147793,0.027202724267096356,0.039671004529747755,0.057681782116092706,0.046694149031521304,0.04202020186317007,0.006806524082093424,0.03783743166163023,0.0547372373919886,0.017318151186748232,0.05109205070166173,0.0,0.037166543940260754,0.015222464603607322,0.025088802184561887,0.013238595544949161,-0.002024328745712567,0.02660236102830804,0.007919633604595078,0.008198922788512197,0.01325443053698322,-0.019921260345629632,0.034736126979918125,0.002720139174886005,0.015745765373326115,0.03679151879993586,0.04237349231331666,0.02914624773967639,0.02772613521413958,-0.017367456569080453,-5.551115123125783e-17,0.1049001011570222,0.056097016769327934,0.03859286021776953,5.551115123125783e-17,0.0,2.220446049250313e-16,0.04018240423165431,0.016225621033972015,0.078995646000663,0.0003286424690467915,0.06573337205108393,-2.4101217917793516e-05,0.0618839445049183,0.03307736262097716,0.0,0.05197829137186122,0.03202870077621617,0.054369796998288755,0.04783840620251051,0.0,0.029931563058563926,0.0775025103508521,0.03832896277565251,0.06555490965470245,0.05784714035257327,0.0445824880592412,0.05200208230275549,0.038040824047628874,0.05554623253048946,0.04215103710543977,0.0,0.030465425137504054
0.019116386822170428,0.04577866916715223,0.03069735362275222,0.02959795944428195,-0.009065660164881084,0.03547949122520222,0.02404590664680256,0.0312687032975244,0.027390102288260665,0.04185164234857469,0.05673017256351548,0.04245757541968642,0.018371115288220607,0.03858871527049923,0.05501962929978399,0.04038147108093293,0.034049575189648684,0.04258160710432918,0.0419779614889233,0.05750306557153584,0.044279451007676884,0.030147844867613738,0.06101586826609651,0.053412539453915886,0.037166543940260754,0.0,0.08261628122554276,0.03357233054194053,0.03101077433991034,0.052215170623181095,0.0293652855818059,0.0034521046405818767,0.026130130543285723,0.007192290784346911,0.0012738249614812625,-0.017647307631593223,0.02694672871581666,0.016437192599774553,0.04543048010131001,0.06094466477742866,0.03419483988668148,0.07856891887723039,0.049285475202362206,7.109964977880523e-05,0.10981634336421936,0.058407254808207465,0.03964215969516932,0.022408102679520536,0.0,-3.230074711702002e-05,0.0562556896733859,0.036967298290517314,0.056912055000231,0.014198102644404742,0.05996292406269804,0.0,0.05618258638388035,0.05540863216864855,0.0,0.05453852835247408,0.03290890449759104,0.05881827616249513,0.057761594989393816,0.0,0.041925849615530586,0.06051378223373638,0.044719365325751825,0.05774273805081798,0.06217614954745532,0.05039845243405067,0.06231800930923398,0.0672223270509893,0.05093053552186616,0.04699905340331828,-0.00013853640583239013,0.038997671319488614
0.052725115128967215,0.03235497006536603,0.022893228187982784,0.031030087271730622,0.05108586661380721,0.05963580200843549,0.06756451508919536,0.08240509432770837,0.05597052007411224,0.05067257241554779,0.037541785527126614,0.03691730761470413,0.05540164192824637,0.061602299509214364,0.06324800201409059,0.035923541816667015,0.006384639443291429,0.0331144726023157,0.020685856235839906,0.053659701297650575,0.08448448285781618,0.041967144105549525,0.052970806687168304,0.07129771186272821,0.015222464603607322,0.08261628122554276,0.0,0.05910858025610988,0.04555491270329104,0.060019098104743374,0.050138738673550065,0.03231664870448292,0.049562295546508484,0.03608737466354295,0.024386144821648248,0.03175841211203961,0.035286610685826114,0.04151105387017795,0.08112877882236291,0.07091351365648463,0.07922310959634993,0.10003426226162881,0.07132111510814604,0.04136507215265872,0.045035703248162584,0.053693173254420856,0.05017769385276416,0.08699921536395605,0.018468849393318665,0.06317746521237877,0.07504838386599388,0.0733167171080562,0.07367893199264708,0.07977159939992784,0.018539677744569938,0.08321143259787134,0.026693236160680367,0.07590049191680859,0.08953001277125139,0.08162484038696483,0.05965160952687654,-1.1102230246251565e-16,0.03128226748501656,0.07327735747722175,0.07350075878472107,0.07200798018933824,0.05931046460921885,0.0875249458441486,-5.551115123125783e-17,0.05273483482484759,0.07744326546330749,0.08467962056370426,0.08773397583948594,0.07827353753866356,0.0713943655943905,0.07529295791077217
