0.0,0.8167378862215713,0.5201863782383827,0.0,0.6418152975967455,0.5998888836300893,0.6112795332855068,0.41020672771174516,0.5946222577380419,0.6505278654181775,0.5815204121159318,0.6415904142998116,0.7614100345507819,0.620122943201236,0.6516531133372258,0.903602921666145,0.554115540761556,0.8403910541271411,0.0,0.6833021735752556,0.48026578494129013,0.8368215828578045,0.5252096764066596,0.87110912119666,0.6990792617855517,0.9473046550319073,0.7550655052573522,0.7079428553618334,0.6204127558570032,0.6609505855173485,0.9149659439493287,0.7377973167589742,0.9673733951413295,0.7164995666880041,0.6245280486645756,0.7814632236573473,0.4891747974600287,0.9135019518581646,0.5950336691187914,0.7976415031691777,0.7000004302925202,0.6673667520009309,0.4735345842496068,0.0,0.5235523488137139,0.5383449869556975,0.8912032577861114,0.0,0.0,0.0,0.6214780215768505,0.0,0.8550750259751939,0.0,0.8744552590229728,0.0,0.8875467646356758,0.9043317212008721,0.0,0.6676909030279657,0.9157393041022588,0.6908119446607356,0.9511668051015694,0.0,0.5057062153238621,0.08432668110676528,0.6967751166180757,0.6398783565577892,0.9610370821378166,0.9115453018693545,0.845945447555621,0.6705903434178632,0.4484681916273149,0.8536721193340362,0.0,0.6821884830048692
0.8167378862215713,0.0,0.6426450411727656,0.3961389360794422,0.4247376667455982,0.51068670107425,0.450619452337746,0.7997643029684707,0.4132744621079626,0.6771790262807118,0.44378937767312066,0.6068303235927142,0.5197711643197538,0.5488730286544682,0.7447004707708479,0.7079969175448915,0.8743297640825859,0.7409952622765915,0.6871971840456621,0.6219496854527906,0.7185085537208049,0.7595997355150657,0.9578722532114179,0.5778672369463457,0.680908036424747,0.6241083526789579,0.8231062520161438,0.5915725923313734,0.5389446390096061,0.380239204502426,0.6672561907858159,0.5548888922148778,0.5488722511146049,0.44246680355574786,0.3642293059212954,0.5542376688230255,0.04527157288545515,0.0,0.61410968939476,0.8963037582445291,0.594540480277209,0.65914529967561,0.5875883616367115,0.0,0.0,0.8897982960286354,0.8240625871554408,0.04176261171159244,0.0,0.0,0.6107911807757465,0.775645576828662,0.7021940720861578,0.7876658766528657,0.7156593482609717,0.0,0.7005289942431089,0.709163872495314,0.0,0.7249262166783752,0.8109457241599356,0.6620698636984779,0.8949667215658558,0.0,0.6963631438669222,0.657991736901981,0.6834801078945403,0.8097685697645702,0.7136895419728891,0.846336485358206,0.8800378245141207,0.6528805795805438,0.8025764362364728,0.7155924347895456,0.0,0.7574334517701187
0.5201863782383827,0.6426450411727656,0.0,1.094732475053251,0.7496023760241237,0.7325471162668775,0.7547790576016502,0.9092807818976175,0.4732116224802684,0.8837663748032093,0.5646615446866815,0.5971560108591404,0.7971761447917527,0.8267594003106524,0.6302975661521006,0.6651182989742019,0.9267858281578593,0.5553851136694574,0.5828555452042934,0.704038183934451,0.6733892869977751,0.7846526860772494,0.6686785896264106,0.728651573669477,0.4268081556946255,0.8213403935057018,0.6133116652157746,0.8401911319015847,0.8591013794965539,0.8191573917301381,0.7763465087535905,0.7616422072142621,0.6003733961948,0.796773975776633,0.6901430870967711,0.9183407718284006,0.6052511864001089,0.6245243891361552,1.0575558423287663,0.46926743041623853,0.6459304701043594,0.880298585131388,0.878127155598093,0.7543371010994779,0.0,0.0,0.3850239189962918,0.8084689512275633,0.47127852829813477,0.7990683880723046,0.8138613870708218,0.7596754657400866,0.7298585090744816,0.8844673651850179,0.4308625436803307,0.8754246269380221,0.8974084005460071,0.7863341413265678,0.7487982882250921,0.3533230684645445,0.0,0.0,0.0,0.7656021227100975,0.787637049473157,0.43928394267976745,0.24597171620889777,0.7598128883381117,0.0,0.547136407777261,0.6720030801377614,0.8283985588920335,0.6980166809597903,0.8206172411735744,0.6500904864933773,0.6162449746250519
0.0,0.3961389360794422,1.094732475053251,0.0,0.608770399985564,0.7905522999258363,0.4995947168856011,0.2806663605132606,0.8988659400204133,0.3183219475991684,0.9862048079235193,0.25312584539191546,0.4962483691502074,0.5116726295958629,0.7477470572673529,0.2587324468091009,0.6632672520682577,0.4721555969252197,0.8640942489798782,0.6233070537157753,0.4686056561922015,0.5493551795379596,0.841618477018882,0.3613791434826049,0.7976573422235176,0.7271026666309732,0.761427203047053,0.5222022306380011,0.588510034404534,0.35114995793964576,0.6628525875622653,0.4540110856624451,0.3813421678159443,0.15660521295613739,0.3451699152086972,0.46197803868739457,0.33414648598126506,0.2880154445695176,0.2971261029749347,0.37047249578494684,0.425563098871481,0.21779117288442384,0.16235508830885823,0.15894465479678707,0.0,0.0,0.0,0.4080379088142365,0.0,0.0,0.7573121994229026,0.0,0.468157366433399,0.3172425691701881,0.0,0.4180547021144858,0.6044748082572762,0.45235924319751863,0.0,0.0,0.0,0.0,0.0,0.0,0.0,0.0,0.45501485203918346,0.8554524337848779,0.0,0.0,0.0,0.7353166619657203,0.45718886206104875,0.5556541218443759,0.0,0.0
0.6418152975967455,0.4247376667455982,0.7496023760241237,0.608770399985564,0.0,0.5352741706069934,0.5862355522984193,0.5491660090082127,0.6048691544751339,0.9597458293003389,0.5175238147947705,1.0003286225332761,0.6831979507220383,0.758754867687944,0.6819540540048983,0.7201170264561352,0.7252688218796296,0.6194618574834145,0.6680535857815919,0.5256180010667937,0.7931763951930969,0.526167347021419,0.6613799130281455,0.7559505075508641,0.4025422884233488,0.6144456655234547,0.6071299018560286,0.7448444123985942,0.8508693807285226,0.6539630847154971,0.9045022267622386,0.41338892073760286,0.708756477772414,1.001514303957065,0.7182102112357985,0.5732380492463046,0.256166778725875,0.7723913625784737,0.7207276086692593,0.46726102008461523,0.6807154799530435,0.3993851067023789,0.7434124723833107,0.3821606622630087,0.35495256419535737,0.0,0.4885873827514375,0.8347464792467509,0.0,0.6570257521343059,0.6456921352511003,0.5336539050418244,0.5669729102312582,0.6411914494637987,0.0,0.7424236612729895,0.4465591165673967,0.7170210839967613,0.7993043939760985,0.5620849639972764,0.4522279440506827,0.0,0.0,0.7461143272130025,0.637561253156266,0.4857393245372187,0.7319408317086028,0.6829979879219359,0.0,0.4700423881721717,0.6556961091232252,0.8189403844341314,0.8194080791979503,0.5170989139359208,0.0,0.7707335888065012
0.5998888836300893,0.51068670107425,0.7325471162668775,0.7905522999258363,0.5352741706069934,0.0,0.7986368671877645,0.6732643858967478,0.5856459203733634,0.9183214393665213,0.6014612288308261,0.7717778181969273,0.8167069331434121,0.6549608354487085,0.5758695912236895,0.36033703968525943,0.7764949615334162,0.25804141831911653,0.8492329573106503,0.6133432582759941,0.7177020360465178,0.4861758698334169,0.7608120094776885,0.24092662688041228,0.43359110893968816,0.5307354673719838,0.868386379525395,0.9574998322738812,0.5440773753590126,0.9635599841665069,0.9076566299596134,0.7065388950613742,0.8332124668674282,0.8655328358969753,0.6959864878585685,0.8113569556394856,0.7128974250253354,0.7249578115558044,0.7096280840955458,0.6029683536362707,0.651769705934355,0.8438855195649118,0.868332062639156,0.8460047830647972,0.6113000308438776,0.8025901565024487,0.8432140307724358,0.8199173948348644,0.858342076462917,0.613498449063254,0.7628792628506025,0.7924933143460682,0.7920562629573948,0.8185516089718423,0.852719878066629,0.7857617960439268,0.5131855415836254,0.7441996707588552,0.7747105295150878,0.7864703007210108,0.7703226764989828,0.0,0.796737013484698,0.6507624208678147,0.8039793067339183,0.6281389030865041,0.619965187238345,0.687717697221846,0.5060558578203983,0.6820004176041842,0.5792144513514401,0.7494780235801152,0.6627762454375822,0.6888136843862728,0.7058599132697838,0.6488697386573896
0.6112795332855068,0.450619452337746,0.7547790576016502,0.4995947168856011,0.5862355522984193,0.7986368671877645,0.0,0.7093098903520043,0.8699287514430913,0.8668010038421335,0.7381956538951879,0.5947416838205638,0.8550137014555694,0.5553005534171054,0.6802865828934571,0.5231199101145015,0.9052489491224138,0.5798637041986261,0.7073419504234552,0.7110769285504694,0.7557957483467004,0.5834688819385008,0.9129757710927966,0.8942671528731498,0.4047876099485994,0.650360368661823,0.7798029266264346,0.49721335478091855,0.8678124644015202,0.7794172277892129,0.8622595937493042,0.8549384552348035,0.9609484903657406,0.7943722921100733,0.3276458841773111,0.7250446846670375,0.35239249001730516,0.6707613361465545,0.9618832411215825,0.4318720197655467,0.39026263671662,0.3735076198788451,0.5769554837166533,1.0179070858877726,0.7599595363312988,0.0,0.7743573870993169,0.5811683260480458,0.0,0.34243500911271196,0.801159014256275,0.8320094896993933,0.829970315759865,0.8034777020811762,0.7736749584555288,0.47194069035026115,0.37830177500498396,0.9048408289800199,0.6743197999533543,0.6511333033815434,0.6814241083718804,0.0,0.4946707921643221,0.5610122081164404,0.7993124704786438,0.6341346139377386,0.874899894841701,0.7531043650138838,0.4686486495655925,0.8726255517905352,0.7272065097903927,0.7801782475377528,0.6671170929184873,0.6738161199400667,0.8962596908330893,0.7748583718397091
0.41020672771174516,0.7997643029684707,0.9092807818976175,0.2806663605132606,0.5491660090082127,0.6732643858967478,0.7093098903520043,0.0,0.8338428584908856,0.5958746798641881,0.9291742691235509,0.7796425203814024,0.7704518688816671,0.7683404355840436,0.7012083536651452,0.706525156166959,0.6248779203367136,0.7449823418451793,0.7950725858128534,1.027481402628214,0.4512569889777819,0.33557549514272134,0.6294747564932952,0.48266198778967073,0.674897065182098,0.6543712566408109,0.6946140165274717,0.7964254430263931,0.5200541606731939,0.6069699091117577,0.7001945507736831,0.6943861851633749,0.8345549555721572,0.7096916309368635,0.5089691570911441,0.6083873323796783,0.09975272444772437,0.8141697575738724,0.7518291012002418,0.7490426849333172,0.3635483502901574,0.9953667734975341,0.5000697910248387,0.644486974288837,0.0,0.7849658927856407,0.6338140642946988,0.8432462617692607,0.0,0.487406986099153,0.763409456057217,0.7819715873606845,0.5919509185877216,0.8058621096069355,0.6457707310195906,0.7368671731857044,0.9319740852439462,0.708431914823203,0.7363454200749286,0.8654858586063594,0.6136623297612627,0.0,0.5544219500809515,0.7396756822910311,0.8467277986368891,0.6200158405455183,0.7828737851780609,0.7278333134258297,0.0,0.8352462633990919,0.792605269549864,0.7766508448134499,0.6331748621834158,0.8636248258618947,0.5683990534085797,0.520662084535473
0.5946222577380419,0.4132744621079626,0.4732116224802684,0.8988659400204133,0.6048691544751339,0.5856459203733634,0.8699287514430913,0.8338428584908856,0.0,0.8974069416919322,0.5853367372368523,0.5263159510916643,0.7423427979391997,0.7892865589133078,0.7963910981532167,0.26184342112656184,0.787959223561189,0.6863955609222931,0.502984767863838,0.6435196692257099,0.6685631969455934,0.5264959184669066,0.7033834531047867,0.7442714051039176,0.4435171748762434,0.2083073880752674,0.4602148182165346,0.8395937286605263,0.7855113749982074,0.7745833775510542,0.8143544485116856,0.8347268419049312,0.9673399104957272,0.8499348173673602,0.6865298451761801,0.892795969902151,0.7050933029490066,0.7928124939041669,0.7789314110531438,0.32553341144719405,0.7012902647820178,0.4255316529434817,0.5941796661933364,0.7013461533350738,0.6542334403368784,0.0,0.6914709585245804,0.8548631083989682,0.4666601992231461,0.8921710921285226,0.8397513759350028,0.8328695272785692,0.7785726750624248,0.7115102424996098,0.3738239026901861,0.7910596113552062,0.6581039954289527,0.6900144480816985,0.6763244970898188,0.7551264530103323,0.733249231274484,0.0,0.0,0.7478564572741984,0.8988004211711901,0.6234555687326732,0.7700999011967743,0.7425263868019722,0.4172277157817148,0.6688683129042052,0.6484309472414547,0.8028140049809173,0.8557091731358654,0.730778670639584,0.7941367306940915,0.917523559702022
0.6505278654181775,0.6771790262807118,0.8837663748032093,0.3183219475991684,0.9597458293003389,0.9183214393665213,0.8668010038421335,0.5958746798641881,0.8974069416919322,0.0,0.8953812058662609,0.6076196857327656,0.856505517108082,1.058978553719588,0.4139332417995026,0.9915537761842184,1.0328937897109782,0.8361363026606246,0.9274900451030111,0.5194389983122722,0.8579506980823193,0.6228079711388211,0.9719236938456732,0.6013829519989056,0.8235094606564235,0.6614963774393001,0.8458649742743889,0.9041455782813361,0.9971040234786103,0.7110969606976318,0.6464669922261513,0.42740390680914125,0.7906651279809318,0.5364406616127306,0.43057265589522453,0.5807610290665511,0.3760273175309541,0.5299368044505546,0.5772279125081072,0.6462814025390967,0.5767911357321299,0.31218046435071783,0.5844892838083227,0.5228777511509394,0.5845451831289235,0.9374754863661577,0.3862497058562372,0.356825533301223,0.47433133265976307,0.4362106664731048,0.7136008321495149,0.5560408301246629,0.6919487008924918,0.4817790462293926,0.8603163143559668,0.5690575946104021,0.8907561307776091,0.8938850313983757,0.0,0.6215005314720845,0.5809300471891466,0.9313921182872071,0.6024841267499605,0.4678946793809545,0.4659225837559914,0.8532505775775425,0.2913156273924168,0.7997625608332994,0.5084890813031625,0.7259821062317597,0.8065348363654146,0.6398770304144561,0.6858611412970641,0.7590352906499431,0.0,0.8375898881734255
0.5815204121159318,0.44378937767312066,0.5646615446866815,0.9862048079235193,0.5175238147947705,0.6014612288308261,0.7381956538951879,0.9291742691235509,0.5853367372368523,0.8953812058662609,0.0,0.8019169785185754,0.7343338353612938,0.8680285722181836,0.0,0.4908003620647739,0.7384474419583416,0.7555982604180345,0.28162667361700483,0.45167566147354293,0.6296309813974568,0.4325625860345551,0.2629267089135471,0.7163064012978744,0.707144163279132,0.7787085842999966,0.6259047280917038,0.752091852740363,0.5834913557299273,0.6171640147986006,0.7988957996920099,0.8348056016928038,0.7318191844919606,0.8828194843104055,0.7288190844238219,0.9881042374121045,0.45152445711521766,0.8361922039857344,0.9550615926173377,0.5889399591964268,0.8663179936443559,0.7849642843978161,0.8788687555613588,0.8154797647021261,0.4353302909064153,0.0,0.0,0.9413733874902733,0.4681653848107289,0.711539257146699,0.8598612137010933,0.6560024470350281,0.8202687305935636,0.9078035383764609,0.6465648178027037,0.4286464373535348,0.5513775591690697,0.7119500492583035,0.9409620604832631,0.0,0.0,0.0,0.0,0.4275485720781886,0.5123124097600911,0.0,0.5290242045452429,0.7980359428864312,0.0,0.0,0.8889564626415856,0.9286724968232403,0.7531361855236105,0.37392697378455875,0.0,0.8549224502195337
0.6415904142998116,0.6068303235927142,0.5971560108591404,0.25312584539191546,1.0003286225332761,0.7717778181969273,0.5947416838205638,0.7796425203814024,0.5263159510916643,0.6076196857327656,0.8019169785185754,0.0,0.6427745562765678,0.6446948993163937,0.7005267988613242,0.8907276652464569,0.8967034040854305,0.9340011179421183,0.824695827971841,0.6128427960757019,0.7796998621364825,0.6434328888921103,0.49200904091114384,0.33824649967723264,0.7746246321564425,0.5217872139673676,0.7469395819317479,0.6348871457210317,0.877261045684593,0.6062764161657546,0.525831501160771,0.3179706267592506,0.6285608062661902,0.31510324842724563,0.3731984296649907,0.509885456618101,0.49365139387842305,0.2562801584397355,0.4638133729733538,0.5748062376740382,0.5373011061565213,0.49616221133198823,0.49486337643704714,0.59723955986452,0.3539567687135581,0.9198565152989633,0.619840007470768,0.5099819480256149,0.4725588208351249,0.286306774228953,0.6873405990409649,0.775554503528894,0.35731236703342867,0.615459007972696,0.9351260720326275,0.3318800945236693,0.9479566761802635,0.8379697183320647,0.527408123979747,0.5127580614282848,0.4024472279313377,0.8422060274700569,0.7928944921337926,0.5611911002323711,0.8170349559447125,0.8364511098867311,0.7075745440201917,0.7809816850486764,0.5903052953769503,0.8276200145512387,0.8191774832568639,0.4802530628742478,0.8641093091815659,0.979185073173364,0.0,0.9189748580556346
0.7614100345507819,0.5197711643197538,0.7971761447917527,0.4962483691502074,0.6831979507220383,0.8167069331434121,0.8550137014555694,0.7704518688816671,0.7423427979391997,0.856505517108082,0.7343338353612938,0.6427745562765678,0.0,0.6465832102494058,0.7213911947287206,0.6576176219991299,0.9482519784908281,0.8257224772841008,0.7465779963193317,0.8462020051623302,0.539404939234702,0.6478499207665355,0.9287642347624664,0.49615276312722917,0.6332071265194827,0.8531265450150508,0.810653593304274,0.6680251696439852,0.9489431670471076,0.8697053618449258,0.7949844257571792,0.8639017606825988,0.5659182360891861,0.7544904624994002,0.2516286088421732,0.6988636365029792,0.39866690567590474,0.6582866813294399,0.24791275053743872,-0.09024261365701092,0.03045027892957089,0.41104709261483546,0.7160188878602232,0.5181394219144051,0.6368050424635454,0.723073253417253,0.8113748973752808,0.8732947976878823,0.0,0.9496220130379893,0.8569279550322668,0.8909977167573024,0.708335718712201,0.8419718374121551,0.7047025523342191,0.6157936815155483,0.5809049862514877,0.9548132462662638,0.270840232311381,0.7745854914611388,0.6641817617908156,0.5459431722136361,0.6791927414265848,0.8128878581106883,0.8053108824014694,0.8765827669801498,0.8751310245197148,0.8099840304430062,0.44703051461150933,0.8679191158027628,0.7948439033356142,0.8402253976181223,0.8482212568639262,0.7350062304616034,0.6112462079212273,0.8154625665573616
0.620122943201236,0.5488730286544682,0.8267594003106524,0.5116726295958629,0.758754867687944,0.6549608354487085,0.5553005534171054,0.7683404355840436,0.7892865589133078,1.058978553719588,0.8680285722181836,0.6446948993163937,0.6465832102494058,0.0,0.6737250774626649,0.5047787403236108,0.45640703704556695,0.49600599283818,0.7991195000618992,0.6612727606906759,0.4780581496426426,0.2808590395372573,0.690312594673297,0.7831060693225615,0.6249456951621359,0.6594128962278514,0.6171173994499435,0.6328560353636168,0.44266411024692276,0.7023947532626488,1.029597458599661,0.445478949036858,0.32925604676777986,1.1228370696437964,0.5850145964256646,0.5778292470866413,0.2777273469846172,1.1598887157784936,0.7992523784160983,0.0,0.5257442564856643,0.6724965192892632,0.5030385779699648,0.47053250027704097,0.0,0.0,0.0,0.7045554510542448,0.0,0.768708189542533,0.775574916246907,0.7398089447439797,0.8190235344553121,0.66055833641863,0.0,0.7090491833173107,0.362913086645431,0.8746983060675928,0.6212150223483929,0.0,0.0,0.0,0.0,0.5238058846702898,0.0,0.0,0.0,0.6826205730356667,0.0,0.0,0.0,0.4622826766479108,0.9445854344794495,0.0,0.0,0.0
0.6516531133372258,0.7447004707708479,0.6302975661521006,0.7477470572673529,0.6819540540048983,0.5758695912236895,0.6802865828934571,0.7012083536651452,0.7963910981532167,0.4139332417995026,0.0,0.7005267988613242,0.7213911947287206,0.6737250774626649,0.0,0.7799107530155678,0.6635737431666253,0.7191765497857973,0.0,1.0478231638858775,0.6733670110574661,0.8223968401303641,0.9173420693325195,0.6309604025884713,0.7157835910981267,0.5955830941185635,0.8957727321344393,0.7352399875325637,0.7800896690539894,0.7799223874399002,0.6654880057315786,0.4953551974133689,0.7534986158854621,0.4899183056925335,0.4436561558170119,0.6401850774991069,0.5000162523283543,0.3799478475362911,0.5915984631830478,0.7132791418576688,0.6628426659967801,0.5189405353311621,0.25954406647811346,0.4091281482915967,0.0,0.8689412587220974,0.8210335130367753,0.7016441397483808,0.0,0.0,0.6234983142721011,0.8796777043318318,0.6581573357664213,0.582867319975737,0.0,0.0,0.7109794733254329,0.7361197110377039,0.47019496280874185,0.8587135252016169,0.8439381826163603,0.541900978878999,0.9107304035394068,0.0,1.0418426429948133,0.6899853765060573,0.8723294299716731,0.9990187850544717,0.4508476986706196,0.9752644873345753,0.6218663575296363,1.0076984104306317,0.7706919654669423,0.8939562660338572,0.6848890714110183,0.608791599635597
0.903602921666145,0.7079969175448915,0.6651182989742019,0.2587324468091009,0.7201170264561352,0.36033703968525943,0.5231199101145015,0.706525156166959,0.26184342112656184,0.9915537761842184,0.4908003620647739,0.8907276652464569,0.6576176219991299,0.5047787403236108,0.7799107530155678,0.0,0.7752775760048722,0.7772697623197586,0.45168859853106447,0.6836620955003071,0.7957183191529631,0.8935957581171097,0.9366527193288638,0.931289627119525,0.8533399348200367,0.7827169859129768,0.8653342948848008,0.7825216093849325,0.7222352865333397,0.7721865860460313,0.8985096588387484,0.7684567429687292,0.6171767265724337,0.584054770064887,0.5907205121186341,0.46555710337874745,0.5862339644493325,0.5710046713962718,0.5984801788544027,0.8466720451472718,0.8094610190037991,0.7827717170083505,0.47089968055301984,0.0,0.0,0.810804478950925,0.8898563149267937,0.0,0.0,0.0,0.7125431937231193,0.7335262205976647,0.9000371822893458,0.0,0.5372172982980327,0.0,0.6674568594757382,0.7725830925029751,0.0,0.838667855298848,0.8212345497481921,0.3231357176986023,0.9088810510072738,0.0,0.8474342516117689,0.674924137864978,0.7922084050893088,1.0118354837959609,0.6283476188126552,0.892449545449567,0.9231458629314684,0.9623522228770399,0.7143418939278063,0.8363298359766927,0.0,0.7614554047138345
0.554115540761556,0.8743297640825859,0.9267858281578593,0.6632672520682577,0.7252688218796296,0.7764949615334162,0.9052489491224138,0.6248779203367136,0.787959223561189,1.0328937897109782,0.7384474419583416,0.8967034040854305,0.9482519784908281,0.45640703704556695,0.6635737431666253,0.7752775760048722,0.0,0.9506242414858752,0.8690592209224535,0.12060285881831975,0.45410838033231776,0.7957887317659507,0.6600973743739555,0.6970307547474592,0.827927273994334,0.7601264082216791,0.6725564726962119,1.0992214168550531,0.549497417084166,0.6972294480881531,0.8752483148942467,0.6568457923961977,0.8962343509332388,0.6956864316321855,0.5048406591442072,1.1173167236299675,0.34692105693859093,0.5468374940387426,0.3858401137147551,0.34616843987244605,0.5549256094417326,0.8160733053539787,0.0,0.0,0.44741126998049574,0.7389672111376402,0.3152144033039326,0.0,0.0,0.0,0.0,0.0,0.0,0.0,0.9946637823667802,0.0,0.8811549892923162,0.6857747252255697,0.0,0.5632870566880308,0.5017801124521478,1.0013653009332657,0.5980591450391102,0.0,0.0,0.0,0.6091355827240204,0.0,0.8625760517062688,0.8820433246206134,0.8996465701711257,0.0,0.5862998764000754,0.4664416011385417,0.0,0.795471197483374
0.8403910541271411,0.7409952622765915,0.5553851136694574,0.4721555969252197,0.6194618574834145,0.25804141831911653,0.5798637041986261,0.7449823418451793,0.6863955609222931,0.8361363026606246,0.7555982604180345,0.9340011179421183,0.8257224772841008,0.49600599283818,0.7191765497857973,0.7772697623197586,0.9506242414858752,0.0,0.6041833696213011,0.6485823338374542,0.8015746082931443,0.7177266586593782,0.8103363138816573,0.8744072535479397,0.8449532850802306,0.726752062092276,0.6984707664480447,0.8686949390269781,0.48331167806643505,0.3774737227279477,0.864112951948246,0.6940492647651042,0.8876044054201682,0.8375296232286565,0.49559578818815847,0.3980361515062567,0.39652402201873693,0.4042951018975327,0.6457754854054858,0.7458123177040377,0.7148754561698414,0.6569076647796682,0.0,0.0,0.5545747989229595,0.8063807565373047,0.8304799209506541,0.0,0.0,0.0,0.6585586803994191,0.4948214741341074,0.6058857873095636,0.0,0.886042527537366,0.0,0.8127268649069725,0.820780637457335,0.0,0.9188925460837978,0.8638239869665811,0.7350386728300651,0.8641861408482711,0.0,0.7518270571425569,0.7599238045243752,0.7058070171444653,0.9261138136924094,0.7653884079265605,0.8191777053164779,0.8783941141465211,0.810583974163386,0.8578944266453483,0.7361270485965402,0.0,0.7762937649697608
0.0,0.6871971840456621,0.5828555452042934,0.8640942489798782,0.6680535857815919,0.8492329573106503,0.7073419504234552,0.7950725858128534,0.502984767863838,0.9274900451030111,0.28162667361700483,0.824695827971841,0.7465779963193317,0.7991195000618992,0.0,0.45168859853106447,0.8690592209224535,0.6041833696213011,0.0,0.5024583033095196,0.6867365848602198,0.7204187484660527,0.24394444003351456,0.7718800326475592,0.7581768321079423,0.7140119280039693,0.5641563817654162,0.802201244437791,0.7299575865534241,0.8542498989714329,0.8158948492347529,0.817273534509093,0.7562461681698909,0.870149263050184,0.6713661579149612,0.9233257710575877,0.696042259690359,0.7109455812448491,0.7524786567798329,0.4423412951154483,0.5296333656926089,0.4440587786849969,0.7380493748381538,0.5913981478983386,0.005938854565889393,0.0,0.0,0.7610909476073286,0.0,0.6319209841548397,0.6397080801295834,0.7614127152895152,0.713027814308193,0.7954399894820541,0.5917832647693644,0.37319456156292957,0.7055604873919017,0.6239936548298451,0.6774660160069552,0.0,0.0,0.0,0.0,0.4783913324759466,0.46971886517899575,0.0,0.48607434447511966,0.6777018707830008,0.0,0.0,0.0,0.7871245038456305,0.8226117663198151,0.5478697272971192,0.47039748125139436,0.8254399993557289
0.6833021735752556,0.6219496854527906,0.704038183934451,0.6233070537157753,0.5256180010667937,0.6133432582759941,0.7110769285504694,1.027481402628214,0.6435196692257099,0.5194389983122722,0.45167566147354293,0.6128427960757019,0.8462020051623302,0.6612727606906759,1.0478231638858775,0.6836620955003071,0.12060285881831975,0.6485823338374542,0.5024583033095196,0.0,0.9922531797031158,0.7136640279807797,1.0074338747666594,0.7839749607589134,0.741803794266886,0.7910335641290203,0.7762611242741867,1.002691122284452,0.8303606316701493,0.8908542623173151,0.7233611845286163,0.432440089467949,0.4449303833642716,0.5696368204333202,0.4790229317322866,0.7348312975289347,0.6799373532127888,0.36585941136307537,0.780944926114042,0.9434539512425728,0.7957980272489009,0.6953670537586117,1.0033704410058197,0.3231049801389597,0.32798615265146214,0.6850565309398231,0.5385031996085778,0.7689421810957546,0.0,0.0,0.7750669710068527,0.7826386298382121,0.9292383570223168,0.6433086473656721,0.7832234980501089,0.0,0.5473967414112249,0.868117300582095,0.0,0.9864641003837913,0.731876355430997,0.47174496660949317,0.7845920635819243,0.0,0.9298497730687474,0.7865744351346291,0.8757430222173301,0.9488597643668573,0.0,0.7311998162828295,0.7275169113817853,0.9802261432863637,0.6709023510636636,0.8982726457810173,0.5557789660737605,0.7507911699276439
0.48026578494129013,0.7185085537208049,0.6733892869977751,0.4686056561922015,0.7931763951930969,0.7177020360465178,0.7557957483467004,0.4512569889777819,0.6685631969455934,0.8579506980823193,0.6296309813974568,0.7796998621364825,0.539404939234702,0.4780581496426426,0.6733670110574661,0.7957183191529631,0.45410838033231776,0.8015746082931443,0.6867365848602198,0.9922531797031158,0.0,0.6570762143352185,0.5641584500180576,0.6802810558847335,0.7808883300861236,0.9519911724213976,0.8497362036030387,0.7218020566621377,0.5477739140318545,0.5364922271485313,0.6621861345325283,0.3877336893372937,0.7404970767449597,0.3975844421216089,0.3954939908090887,0.5317531461060201,0.5061381153206436,0.8166330551329068,0.5755449585391459,0.5891136335546578,0.550947713251777,0.47713801085426716,0.7575776213304259,0.0,0.0,0.2442700309052982,0.8330171943422465,0.686867175246433,0.0,0.0,0.4954523631821711,0.6424247739956435,0.8129258333156405,0.6110113796663761,0.8358395088801627,0.0,0.7991734981218533,0.7589709046186841,0.0,0.6304288143380373,0.7254482680752571,0.0,0.954977756639335,0.0,0.9334105662803024,0.6361365700657953,0.698946451196534,0.7695357082564054,0.5364375713770915,0.7190482888696906,0.716980482788319,0.9250834627037933,0.44921288405506177,0.9112688551255346,0.5135328889512423,0.22835429688817857
0.8368215828578045,0.7595997355150657,0.7846526860772494,0.5493551795379596,0.526167347021419,0.4861758698334169,0.5834688819385008,0.33557549514272134,0.5264959184669066,0.6228079711388211,0.4325625860345551,0.6434328888921103,0.6478499207665355,0.2808590395372573,0.8223968401303641,0.8935957581171097,0.7957887317659507,0.7177266586593782,0.7204187484660527,0.7136640279807797,0.6570762143352185,0.0,0.9784402565137067,0.48943763489429043,0.8277632142735243,0.6302424893701037,0.7420532609565403,0.9364698632415893,0.690087208311738,0.7569406267392276,0.8160253063963516,0.49640658681084526,0.5406992322060008,0.564190604682853,0.4886055761627589,0.5275966714453417,0.6733955548179411,0.3328889415706459,0.5278934509065043,0.660280439635154,0.5868548522584258,0.5509070101974081,0.33702089476489383,0.36017515328695093,0.38711910298805796,0.777350903846366,0.7547227549872358,0.7775530646690852,0.4702468058256075,0.3937744660781115,0.6446325421477817,0.7646405234584421,0.7431076315807457,0.8692058279029464,0.6097205953279548,0.0,0.644278706938062,0.8785035086424853,0.0,0.7923050344454103,0.6995928449082691,0.716245766786753,0.8325311595309037,0.0,0.753228872449667,0.7269796236283542,0.7131762458199572,0.8820267845740857,0.8073194554000266,1.104489799834409,0.6555370715883438,0.8923494014693842,0.9034538865217661,0.7674612401096474,0.6145494261991566,0.5846026106187833
0.5252096764066596,0.9578722532114179,0.6686785896264106,0.841618477018882,0.6613799130281455,0.7608120094776885,0.9129757710927966,0.6294747564932952,0.7033834531047867,0.9719236938456732,0.2629267089135471,0.49200904091114384,0.9287642347624664,0.690312594673297,0.9173420693325195,0.9366527193288638,0.6600973743739555,0.8103363138816573,0.24394444003351456,1.0074338747666594,0.5641584500180576,0.9784402565137067,0.0,0.5836855412948211,0.8137289482635102,0.7541265173472786,0.6966589815109728,0.8466069009199069,0.7665842475576772,0.8101093021829822,0.8585157662404186,0.7663028201935411,0.7526388562614056,0.8483405695637535,0.7658678043680124,0.8701702689250412,0.8566715518287629,0.7297665827143415,0.7771639737754231,0.8764510628269249,0.6838569996277197,0.8016288352307276,0.9292621582861621,0.8732066333169428,0.6557831644277101,0.6920128373984137,1.0168045129057228,0.7875198140331356,0.6954066701229313,0.86747227491331,0.7646424052643371,0.7792665647235923,0.6728849818955271,0.81902093932988,0.7807985222624882,0.8125730692942299,0.45416563360973516,0.6986753170262705,0.7352409294486769,0.9687321559052527,0.9361261329397776,0.46592258375599227,0.8340766062453161,0.7865992479570539,1.0002925287652689,0.8016657685232799,0.9361795870745914,0.8266664706748246,0.3374859359623286,0.9204366374191004,0.8148067998361881,0.7612637063599224,0.678087375304123,0.902427544496544,0.6777207642784859,0.6752641680297328
0.87110912119666,0.5778672369463457,0.728651573669477,0.3613791434826049,0.7559505075508641,0.24092662688041228,0.8942671528731498,0.48266198778967073,0.7442714051039176,0.6013829519989056,0.7163064012978744,0.33824649967723264,0.49615276312722917,0.7831060693225615,0.6309604025884713,0.931289627119525,0.6970307547474592,0.8744072535479397,0.7718800326475592,0.7839749607589134,0.6802810558847335,0.48943763489429043,0.5836855412948211,0.0,0.7343012123864266,0.5717378010886602,0.4559526620286225,0.4165774496598187,0.6253971631274235,0.904441448968734,0.6832839874122614,0.1752088878491721,0.635645714894405,0.040647501971317446,0.20850259933038554,0.5170402952095923,0.3006291777130719,0.22674464139767642,0.2893256822155047,0.5434968113126845,0.25300895682231783,0.6612677511143272,0.684911816788097,0.502688850569864,0.43258157162953226,0.4226981452507812,0.7747540984617552,0.0,0.0,0.474097219901432,0.5734885459558812,0.38728891684955846,0.0,0.3111876090084369,0.7162533111786824,0.49537858974114335,0.7827247097229117,0.600269255241298,0.0,0.34885028650230726,1.0151040809369622,0.6783900788480566,0.7991786350524797,0.4717631940024954,0.41123363234675725,0.4121364384856269,0.5659793508884344,0.6786488022035946,0.33968621046237324,0.7806976716091251,0.7560032963915422,0.5493297437311387,0.6951867351496126,0.8582384238402725,0.0,0.6430022804323312
0.6990792617855517,0.680908036424747,0.4268081556946255,0.7976573422235176,0.4025422884233488,0.43359110893968816,0.4047876099485994,0.674897065182098,0.4435171748762434,0.8235094606564235,0.707144163279132,0.7746246321564425,0.6332071265194827,0.6249456951621359,0.7157835910981267,0.8533399348200367,0.827927273994334,0.8449532850802306,0.7581768321079423,0.741803794266886,0.7808883300861236,0.8277632142735243,0.8137289482635102,0.7343012123864266,0.0,0.5303987170129623,0.6645170846403414,0.9194577993136012,0.5078681352920413,0.5216641601380599,0.8565533813960058,0.4508708230951599,0.8174130203882712,0.617238888950255,0.414640032629798,0.5919056483568705,0.6187251857982974,0.573708349348084,0.8419344763239531,0.7094252397405683,0.7622056759698592,0.7974651287694522,0.18306947918806316,0.0,0.3815703210146515,0.8844660440065335,0.9372685466318074,0.0,0.0,0.0,0.8159016605577663,0.6767101352974653,0.8658686055628748,0.43663809672402243,0.8890325323199803,0.453864075808738,0.9159845548368473,0.5924695390554441,0.0,0.7362049195708742,0.8682377941234227,0.837380934270223,0.8491355243107174,0.0,0.6586212518775356,0.9045383800653627,0.6287361733622332,0.8299396221099993,0.7364240307871326,0.8459657676848602,0.9048351511810215,0.41532292439744545,0.7359198119355583,0.7579710015176835,0.0,0.7785363529519116
0.9473046550319073,0.6241083526789579,0.8213403935057018,0.7271026666309732,0.6144456655234547,0.5307354673719838,0.650360368661823,0.6543712566408109,0.2083073880752674,0.6614963774393001,0.7787085842999966,0.5217872139673676,0.8531265450150508,0.6594128962278514,0.5955830941185635,0.7827169859129768,0.7601264082216791,0.726752062092276,0.7140119280039693,0.7910335641290203,0.9519911724213976,0.6302424893701037,0.7541265173472786,0.5717378010886602,0.5303987170129623,0.0,0.8338263905136801,1.0702242600689134,0.5792120159751666,0.6655240948197243,0.7594889462448531,0.6793510432139909,0.8608755606627303,0.6390722791133402,0.4982855620817253,0.6316378180987104,0.6884839944427781,0.4713508328002104,0.7302933165232716,0.8286522300529333,0.9382366350929254,0.600286805488047,0.21486862131979886,0.5009288852722614,0.6247866082772524,0.8115360440131654,0.9381543589804482,0.8673073559460778,0.0,0.001060981966861321,0.7832552027829485,0.7363697671799154,0.6732484311739486,0.6094068505345547,0.8739360616500449,0.0,0.9093653285945131,0.829653770572221,0.0,0.72333605842127,0.9093699751298141,0.8241424409801614,0.9393322282749986,0.0,0.7450195939210157,0.7330459553922338,0.8301471792443841,0.714899956699021,0.7028609486055818,0.9424635686096547,0.879362140090426,0.8868231558391858,0.7506678331650272,0.857841191459775,0.44165612888216277,0.9224244438204751
0.7550655052573522,0.8231062520161438,0.6133116652157746,0.761427203047053,0.6071299018560286,0.868386379525395,0.7798029266264346,0.6946140165274717,0.4602148182165346,0.8458649742743889,0.6259047280917038,0.7469395819317479,0.810653593304274,0.6171173994499435,0.8957727321344393,0.8653342948848008,0.6725564726962119,0.6984707664480447,0.5641563817654162,0.7762611242741867,0.8497362036030387,0.7420532609565403,0.6966589815109728,0.4559526620286225,0.6645170846403414,0.8338263905136801,0.0,0.8243036428584254,0.9246830487638591,0.7377242861948892,0.7890758049984417,0.6394243935483054,0.683477531018713,0.7668817234647007,0.6840587499362181,0.7580648174447235,0.6982146667732125,0.8240830557582509,0.778230953706206,0.913945247904463,0.7127314883357939,0.7844285283908531,0.8205919570342081,0.810129241560323,0.4888353798900292,0.752806428927083,0.7233754239090134,0.7849254930917231,0.6300564265354076,0.8679929927469163,0.7715157317423551,0.7655021912084368,0.6529427087163382,0.7779673038713132,0.7303430000611455,0.8078925222266768,0.5178973244215512,0.7309062963585733,0.8829871626743409,0.9764664713434446,0.8062049597090748,0.0,0.5698805984374569,0.8332560428058199,1.0205384872242442,0.854807908436258,0.8361362479948595,0.7283281427845081,0.0,0.6513244387770518,0.7364692882755117,0.8122974958061382,0.7822906249715,0.8641464520434541,0.6455724397876897,0.7122726090908493
0.7079428553618334,0.5915725923313734,0.8401911319015847,0.5222022306380011,0.7448444123985942,0.9574998322738812,0.49721335478091855,0.7964254430263931,0.8395937286605263,0.9041455782813361,0.752091852740363,0.6348871457210317,0.6680251696439852,0.6328560353636168,0.7352399875325637,0.7825216093849325,1.0992214168550531,0.8686949390269781,0.802201244437791,1.002691122284452,0.7218020566621377,0.9364698632415893,0.8466069009199069,0.4165774496598187,0.9194577993136012,1.0702242600689134,0.8243036428584254,0.0,1.0343890707384058,0.7261890867469027,0.9491819310149858,0.6560651285838659,0.6981406581507479,0.510578884211556,0.2062300435201809,0.7525428930625531,0.40821328243030425,0.6307535440094132,0.2322071764926324,0.012871259079447639,-0.15955355305767688,0.3517342603273608,0.6524646281972329,0.5865765519660038,0.3367208797029454,0.7405274922495988,0.8007255236682908,0.9084327290794707,0.0,0.8935241739267811,0.8657162306615047,0.8483971809070525,0.6887949689403587,0.8650417637048415,0.8535001923561496,0.79807842089368,0.35713162188229747,0.7845216769644136,0.39922928391601903,0.6553192226386841,0.5867900847043344,0.3127106458363157,0.7809570970837885,0.8912567487048964,0.987596862905284,0.7665259609615358,0.8402190896222699,0.8011108751211045,0.6665790989922824,0.9017873700065191,1.0057719480566822,0.8524617859302356,0.8316181029348444,0.8278587043961798,0.8028556933100414,1.0011406713123185
0.6204127558570032,0.5389446390096061,0.8591013794965539,0.588510034404534,0.8508693807285226,0.5440773753590126,0.8678124644015202,0.5200541606731939,0.7855113749982074,0.9971040234786103,0.5834913557299273,0.877261045684593,0.9489431670471076,0.44266411024692276,0.7800896690539894,0.7222352865333397,0.549497417084166,0.48331167806643505,0.7299575865534241,0.8303606316701493,0.5477739140318545,0.690087208311738,0.7665842475576772,0.6253971631274235,0.5078681352920413,0.5792120159751666,0.9246830487638591,1.0343890707384058,0.0,0.7666028801190353,0.78311258831976,0.34756163677875956,0.24874716269930472,0.7553115825459997,0.5119170483670834,0.5097386474291615,0.471315052407845,0.7399586934781268,0.615832601563066,0.6592446895101634,0.6430597905967078,0.6848530766803749,0.5752692634349639,0.8008308476946691,0.71292535166695,0.6890155280936046,0.287304783649754,0.7916437242704317,0.4790034017228043,0.5891701638711856,0.6846539438279102,0.5723079023076223,0.6804261391239859,0.907298828021817,0.8489444693146475,0.4398329939164818,0.7799996940051964,0.6675975602639181,0.5818282835316229,0.8357672032881002,0.8187576871167632,0.46913193190473923,0.754829252944369,0.6496726651364422,0.8622364408855065,0.6634471418339594,0.7688732633737347,0.7859647537139266,0.46318562105864597,0.8285785693543197,0.6404492587335244,0.8143092311423012,0.6494119402999657,0.7207925910110216,0.5184023746753204,0.6104317630347837
0.6609505855173485,0.380239204502426,0.8191573917301381,0.35114995793964576,0.6539630847154971,0.9635599841665069,0.7794172277892129,0.6069699091117577,0.7745833775510542,0.7110969606976318,0.6171640147986006,0.6062764161657546,0.8697053618449258,0.7023947532626488,0.7799223874399002,0.7721865860460313,0.6972294480881531,0.3774737227279477,0.8542498989714329,0.8908542623173151,0.5364922271485313,0.7569406267392276,0.8101093021829822,0.904441448968734,0.5216641601380599,0.6655240948197243,0.7377242861948892,0.7261890867469027,0.7666028801190353,0.0,0.8987742203850426,0.4197105788703434,0.20702754283564245,0.8540166561456084,0.6204608472371235,0.6998971486949179,0.5620385647904236,0.516245426660304,0.795683026730696,0.45528510329456995,0.5398042342513278,0.7841708555981195,0.7119354892632251,0.2572032349327862,0.0,0.0,0.0,0.31460899476239335,0.0,0.0,0.7194099567694316,0.8196490881705497,0.5184760609382935,0.8366172656610047,0.46769962332681314,0.0,0.0023541446509854173,0.5834749676219242,0.0,0.6932846492091236,0.0,0.0,0.9254262259063678,0.9266273675107024,0.8263669776890783,0.7882605041963766,0.7917722906228759,0.7570115836412258,0.0,0.4188100871258707,0.4721469364377757,0.8946545109732026,0.7444567294822284,0.673319772849031,0.7667678850415326,0.7538079602409369
