0.0,-0.023695602402761362,-0.007612202905459997,0.0,-0.005378149622737416,0.03083364458571025,-0.0018442189476111093,0.001716155536059416,-0.0056152136233943994,0.025446501609313332,-0.002034614829652559,0.0675195350716637,0.04392512677876226,-0.012068312664871739,-0.03504540109247911,-0.006082676821320632,-0.014781633887219814,0.011669391445959965,0.0,0.023541830097460914,-0.021694489590964594,0.007859777346108321,0.0008795373496672254,0.03599988157207307,0.0027469694092518426,0.009285817960193843,0.01658049198473832,0.03812302336205603,0.014736371474685317,0.045305932631980295,0.01840258431264874,-0.01155003096940932,-0.010602241737496021,0.013119733085938112,-0.011941565218282824,-0.023275730462362643,-0.0008436640885389202,0.020838995109124347,0.006193842941795535,-0.02619705980193815,-0.05803685592529306,0.0042633331413549636,3.738253988649909e-05,0.0,-0.003875611623244235,-0.009888794655697974,-0.018162447809252635,0.0,0.0,0.0,0.00783487174853531,1.1102230246251565e-16,0.020624706214817712,0.0,0.07126920367495643,0.0,0.01564994122573532,0.00551942880756795,0.0,0.002512496868387337,-0.007858294211306016,0.012771702999196888,0.0036487315164826506,0.0,-0.005627535222203439,-0.005737663716941732,0.002950056381494648,0.004966527403386101,0.0643533977759615,-0.008065547691633257,-0.01014004707812266,0.0067937699311896305,0.00043459486892782895,0.006311026407017917,0.0,0.005734165920137424
-0.023695602402761362,0.0,0.008991907982311809,-7.452523822443213e-05,0.015575144709813249,0.02294879162496427,0.012676964221089992,0.020170761151997396,0.021139219040757884,-0.041305136723446545,-0.0031278786386863544,-0.0017030663015698,0.023679133881674808,-0.003071517843000471,0.000429283454035978,-0.008690111348053087,-0.0688153861684952,0.008660589272406372,-0.011772580100455121,-0.0161169727242087,-0.03326454617615565,-0.012430190595654644,0.020843330360919232,-0.0328605016632561,0.00015578835996765683,-0.011094360017732452,-0.008896510299724325,0.02267623008527686,0.004440095044716985,0.015655200546118575,0.0008562218569738711,-0.02418953376672972,-0.01595736666096892,-0.0037440023706654113,-0.03350283390062386,0.028362887038519302,-0.0024862750439957892,0.0,-0.0203019032711676,-0.019362247797453547,-0.03583856809229874,-0.01385920183451217,-0.00893665226614726,0.0,2.220446049250313e-16,-0.03613852586641758,-0.01765260516279743,-0.0005486281568046203,0.0,0.0,0.009911668436139665,0.013825439267985962,0.009159424492134749,0.006247825072025093,-0.013717745305186213,0.0,-0.008069187730904204,0.010062476713512458,0.0,-0.03970855218038083,-0.015507475864535769,-0.024824018288772842,-0.015227702401945542,0.0,-0.019840852762770755,-0.01698386874592389,-0.03583486312623152,0.0008296930029180749,0.012090778659394175,-0.01960742492740375,-0.026809419001208756,-0.00563057272524492,-0.004541608401009867,-0.007372907591985167,-1.1102230246251565e-16,-0.016653075077651458
-0.007612202905459997,0.008991907982311809,0.0,-0.004367466602223979,0.004001441635318903,0.013464826354435189,0.010894502627735947,0.0072060572729181205,0.0005617636095067713,0.0372304825478606,-0.009794049214706835,0.007411694334597485,0.018223643639585396,-0.0054991190495627396,0.0002957364968634302,0.010300318397489017,0.003498455040130355,-0.001086084297322154,0.018763274018090803,0.0015414841115943823,0.003724807675538233,0.02020576786637962,0.036285471747614095,0.01027484999289624,0.001670268569241462,0.007217522856164782,0.016515719055445466,0.02650676062353957,0.005601445223767265,0.015406291444016174,0.03334164071963863,0.03361545153246842,-0.004154984045919685,0.02508488590294411,0.024919437648261322,-0.0061094061155227974,0.011243894883381012,-0.03383552270806228,0.010630235517799624,-7.65610717656795e-07,-0.0005875525363671086,-0.006045878639948987,-0.009451927956912076,-0.0017167581832039924,0.0,0.0,1.1754786426287911e-05,0.10690718976041746,8.396218380224418e-06,0.007497161392353735,0.014786903153178543,-0.004160129739073759,0.014560829741150472,-0.00014643053534479922,-0.002058964534614516,0.07710362226995243,-0.01570080013870062,0.00037568919619745955,0.0018465606005795276,0.00027265347514821014,0.0,0.0,0.0,0.13361631149995928,-0.005736128184755773,0.004316242634991252,0.0005693559289335348,-0.007983387892919969,0.0,-0.00019355015276767418,0.008048445108395863,0.0019641571512526435,-0.009220574123928515,0.009471367815809872,-0.006061850022679338,-0.01137905212711543
0.0,-7.452523822443213e-05,-0.004367466602223979,0.0,0.029146529953120892,0.0011885330015622975,-0.0014360540754389528,-0.007357414467592582,0.02149851288091742,-0.012366958822363855,-0.006190790743632435,-0.015131658979853246,0.00044570311359393155,-0.048035799693003006,0.019315441421736745,-0.0007651490780059,-0.0003857790350483281,3.82337674526001e-05,0.005472834129954973,-0.01633350834714592,-0.00028987572483402113,-0.0016311900258770828,0.020606201100688504,0.0030050587040986176,-0.00022301545602126938,0.01018169563407556,0.018494517277619638,0.00517948886061384,0.010700222857668418,0.005884565854193169,0.05936167264689324,0.018455273597260125,0.020364214240557732,0.04738894756020001,-0.010171228860612114,-0.025241848094977176,0.004971932879520663,8.537669391328606e-05,-0.012805039677163399,-0.0009900138584038043,-0.007149467118919284,-0.02769403754620331,-0.0009280091030790527,0.0006997125805394133,0.0,0.0,0.0,0.0012093492522012306,0.0,0.0,-0.0012201287368334701,2.220446049250313e-16,-8.750306801197372e-05,0.0006545120286084449,5.551115123125783e-17,-0.00822625569006985,0.011880017070585003,0.0006848096499869061,0.0,0.0,0.0,0.0,0.0,0.0,0.0,0.0,-7.715138797670384e-05,0.009002534302105292,0.0,0.0,0.0,0.005346598206117437,-0.003073057582498373,0.004517904906927217,0.0,0.0
-0.005378149622737416,0.015575144709813249,0.004001441635318903,0.029146529953120892,0.0,0.014538136855165418,0.010714294407176028,0.0005260947582250708,-0.011064669357029433,0.015375499850202645,-0.01858122422892572,0.016775383080758044,0.0024896011782962746,0.007249830073736585,-0.005833025102996492,0.010830134031803662,-0.002966401630600357,-0.002335933917783306,-0.005838606149232095,-0.0036458711812690225,-0.010877982525299035,-0.0003290698819958804,0.018358881848332398,0.007085155052614089,0.003957193479081744,-0.0017269453149095781,0.01697164656628597,-0.0010119988250884004,0.007634568484405468,0.0015805923746346484,0.029867982140085625,0.030416814912297585,0.04894810832217111,0.025446356504208845,0.025514578237674,0.019107058739025268,0.008493357791165362,-0.0066200468387426215,0.0003526669983268116,0.008117212004886354,0.009277104258194224,0.0038535566567269863,0.03110330334504119,-0.0056894392949934924,-0.0002473288095887205,1.1102230246251565e-16,-0.0019265031902527818,0.008659635684457934,0.0,-0.01246139446377209,0.002013429463504468,-0.006770647471470104,-0.001535884714377267,-0.013964076066054099,5.551115123125783e-17,0.07349035857750585,0.0026312614997916484,-0.0020965498711683073,-0.00293234888027033,0.00027724229569076053,6.155379314343179e-05,0.0,-5.551115123125783e-17,-0.015156510595199735,0.002038321906475238,-0.000386899590102574,-0.0038500780085319875,0.0059628859126523714,0.0,-2.4546403990632903e-05,-0.008800123198389409,0.00036156004360582417,-0.011598580782405332,0.00836209100008023,1.1102230246251565e-16,-0.004642459240411234
0.03083364458571025,0.02294879162496427,0.013464826354435189,0.0011885330015622975,0.014538136855165418,0.0,0.013784529080078434,-0.007538426632502926,0.0008290136549253257,0.019916967835573007,-0.029851265264804583,-0.003870919263499528,0.02498200671315126,-0.014744513343828258,0.02202005667019047,0.03757905044376736,-0.01105479198128101,0.03759255134035461,0.00021678797233237734,0.014521689511360902,0.002879143380581539,0.014933905974104988,0.03736503527145879,0.04417983255989055,0.0351935335093867,0.026485465314662282,0.024049191373749,-0.001149389695927483,0.020061997938578602,0.01609939336376537,0.007023060191648001,0.021624747395307453,0.007670407260722045,0.00814099431139248,0.0029587504553402755,0.04070940244381516,0.02965903686876048,6.843222440217067e-05,0.002163649005482604,0.015452268817798098,0.0035753975792140458,0.029411908579832835,-0.0011830407234386109,0.014772169775130406,-0.0031863349382110218,0.001114629760435193,0.015546608109689108,0.01671198443108468,0.003309972272599493,0.001280037704965209,0.0033112592236069216,-0.006605762056461406,0.030323212970253033,0.03795165428153624,-0.0051298650562381365,-0.023326919205186092,0.008322176286107819,0.029414662405290115,0.00858311082447466,-0.011879946114254525,0.003980395707769535,0.0,-0.0002004110704478257,0.000680177682393146,-0.006676393902529887,-0.005072726163406538,-0.001952154949847018,0.0004418553673511405,-6.487088818946107e-05,-0.002582988014390053,0.0032161950359893554,-0.0026088769339847606,0.014412095151802085,-0.013607056539884865,-0.002868904106338943,-0.0009766251138795812
-0.0018442189476111093,0.012676964221089992,0.010894502627735947,-0.0014360540754389528,0.010714294407176028,0.013784529080078434,0.0,-0.007832553619638194,0.009404083608382408,0.0013497565702114689,0.007519882532910471,0.02057763283065589,0.007002239081948136,0.005518743885903454,0.005663073847183675,0.01995499263210415,-0.016046070302620563,0.03137475301126641,0.006674031884490783,-0.0025028426218641764,0.0009184838976359355,-0.0013554516974283448,0.01285345170051444,-0.017947173741372224,0.027873697933871067,0.01972360639179227,0.011256226443202844,-0.01602450192974969,0.002509218539518243,0.016488054697355203,0.022207217557960457,0.015434649003450429,0.030855315791938842,0.012862119184957665,0.013140989218616117,-0.0014371323496812916,-0.0028817127357896877,-0.018308723048736375,0.004975589647976009,-0.0036900028417438113,0.024473863679711327,0.043776001663989095,-0.014805873345903442,-0.024261478989134833,-0.00786197300753766,0.0,0.0034163551600918107,-0.0748429899846002,0.0,0.002643337218757369,0.0013656253383074746,0.0047957266817131305,0.0019104047064279484,0.0025101295860981976,-0.002767444614743819,-0.002053421618707474,0.006376337202509463,0.005406935388307665,-0.004505235127294116,0.004921366041230002,-0.009896584778891937,0.0,-5.3071191063236434e-05,0.0027524152040717675,0.007514852999610966,0.019516554368955052,0.004400485960955047,0.007375815739747715,-0.00011795028329497637,-0.009128415073481999,0.005414868858661992,0.006507945747084076,0.008329675039456363,0.007087980769734825,-0.004672506756913664,0.003185073816738271
0.001716155536059416,0.020170761151997396,0.0072060572729181205,-0.007357414467592582,0.0005260947582250708,-0.007538426632502926,-0.007832553619638194,0.0,0.010591563966028228,-0.0047008075449572195,-0.009785728517275216,0.04254509428048875,0.001922389457971796,-0.016295585124356915,0.01161304222413384,-0.0010249576287513218,0.003058890910603407,0.020916612454785877,-0.0006171752186480695,0.041035992774757724,-0.008870888797125165,0.014016960505176812,0.01908900135329744,0.015565606040363833,0.017932551903673932,0.023773990816362278,0.03859172735079108,0.01235297878670566,-0.001797574542121927,0.01903799443351495,0.016142483309868227,0.013950892255548353,0.025913689748230773,0.007872332445471142,-0.007513847388605388,0.0015465535005956266,0.05010230742854349,-0.008648401009270557,0.004089630772531494,-0.026301866144857855,-0.004299459891266788,-0.00808380049714974,0.005982025914897382,-0.0029258738656389727,0.0,0.005275073389412077,-0.015229049243903559,-0.011276247841676912,0.0,-0.03892903749386606,0.029927020675390992,0.003494819904365898,0.004874572462546689,-0.024050515310357123,0.00015360388132312774,-0.00620768593502713,9.659917224064118e-05,0.018043920446637662,0.02877828171099439,-0.002864912908451256,-0.009675480115955537,0.0,0.000577990473185741,-0.026302388066585858,0.0031380083126982816,0.06807572230297804,0.0059741742172422785,0.01556724111991803,-5.551115123125783e-17,0.008798677983719583,0.0029605572774452638,0.022672909075191205,0.003502826010952198,0.015479399562378038,0.009529294262954735,0.0075371680798050344
-0.0056152136233943994,0.021139219040757884,0.0005617636095067713,0.02149851288091742,-0.011064669357029433,0.0008290136549253257,0.009404083608382408,0.010591563966028228,0.0,0.006514999667454668,-0.023266111590125538,0.013771864341670215,0.03796124049089028,0.015565733513260571,0.005890654842594711,0.04437174234104574,-4.4178669759642464e-05,0.0029119919842927056,0.011352956484434074,0.012554309536890906,0.0041778741360605776,0.009801255128546349,0.03575468970394413,0.007501168347136045,0.0022259186912033657,0.015194199713189083,0.005055697455677799,0.015725718737139627,0.010918446067923082,0.033263376965953384,0.019488522636046002,0.021461210214992754,0.029790152502075895,0.016365181522413952,0.01963214373722888,0.025035397503178014,0.022277164196526367,0.013014736046579045,0.0032024874856126373,0.0042586620069478,0.003267445709877359,-0.0018078625698605966,0.0029168814755771155,-0.00029741170822805696,0.002258940170339452,-5.551115123125783e-17,-0.000939303738508368,-0.009819172641940543,-4.033582678808489e-06,0.00521063535995514,-0.013791041202879717,0.00014464820073256668,0.0059833247109142285,0.006420162151771103,-0.005094874745435352,-0.008548774334252385,0.0011347556598164665,-0.004201091622137443,0.034749856803645285,-0.00635430602653464,0.0019985827197455674,0.0,0.0,-0.023024816061286202,0.013284509440930958,-0.006996417245462405,0.008475412218092282,-0.011603121873677957,-4.9642604242172705e-05,-0.00820165708925108,-0.004047189822883102,-0.013463729480323816,0.0032283172654404835,0.009003112695666893,-0.01319055478429132,0.0011702767805077396
0.025446501609313332,-0.041305136723446545,0.0372304825478606,-0.012366958822363855,0.015375499850202645,0.019916967835573007,0.0013497565702114689,-0.0047008075449572195,0.006514999667454668,0.0,0.0035494168628270595,0.020241055591723678,0.004161793729359098,-0.14871556195549343,0.00869908078271514,-0.001823609016301575,0.005356746862889505,0.015115159633714237,0.008723237663334216,0.06095043464141525,-0.02019827010321873,-0.03376453413760239,0.0009000114698036188,0.01599672987597317,0.007910338802903871,0.02410712939225418,0.01642096830120593,-0.005669955466725662,-0.008845781085372872,-0.0028285950816069882,0.0039208204295144156,-0.00659848700625304,-0.00522255981384967,-0.003324823860428927,-0.05367999627059439,-0.0442280430908063,0.06402371127228007,-0.014758165756760977,0.07089213384851478,-0.03001796004620405,-0.01530039355294932,0.016517528551353744,0.0185386504821643,0.0009370347773432486,-0.03967313884008866,0.00704608997155326,-0.015130794732018504,-0.0004407030421995639,-2.290324122744547e-05,-0.0010273610661666321,0.0038544266561386653,-0.03301318340805226,0.004218823928879567,0.007812028751491451,0.008403719092029638,-0.000776142645148914,0.01008543959693331,-0.009636939469155281,0.0,-0.0010204770924071016,-0.03286316517537835,0.003153897483389345,0.003948172072998968,7.528415411017786e-06,-0.00012231772665050045,-0.005522567019861535,-0.0005614949772113076,-0.0025343310529464813,0.005189786081226,0.007101317709727273,0.01386732623297815,-0.0032509353061086488,-0.03237332328553899,-0.010468357947767792,-5.551115123125783e-17,-0.008587771109315134
-0.002034614829652559,-0.0031278786386863544,-0.009794049214706835,-0.006190790743632435,-0.01858122422892572,-0.029851265264804583,0.007519882532910471,-0.009785728517275216,-0.023266111590125538,0.0035494168628270595,0.0,-0.009974069581013767,0.007158455214013981,-0.03161498286987752,0.0,-0.0002686871065035179,0.03437643014956582,0.001418976611320788,0.005749574868738672,0.00013450579157159304,-0.03662493828454111,0.005591745835362649,0.022465031647664613,-0.02314792907637353,0.0025324491810843064,0.0068719926675663845,0.013459746359451352,0.00021767928856936125,-0.0018665850753085134,0.0027039835959020153,0.019362067976391284,-0.0013037543685694986,0.026677877869874522,0.017262135379659205,0.008450036177185427,-0.06257945884758259,-0.018322740693839046,-0.00950739745543433,0.0019346903491640477,-0.015440293112465475,0.009484910960622206,-0.0025549085005031613,0.003777152510494597,-0.0030748716181427937,0.003804702205553012,0.0,1.1102230246251565e-16,-0.012677621080571355,-7.810540798569576e-07,0.012815016281668146,-0.0011255296738549858,-0.022884205727735696,0.00406734958106908,-0.03227312825612916,-0.0007655556921067341,0.07631273988216886,-0.02247620983023907,-0.010605118643207179,-0.009807832096710878,5.551115123125783e-17,0.0,0.0,0.0,0.165745551757006,-0.009285257020208992,0.0,0.0002777273716875195,-0.059547237731675695,5.551115123125783e-17,0.0,0.0005604579694064582,-0.04213215130636627,-0.007029829391856313,-0.014818934788504379,0.0,-0.00815709988267782
0.0675195350716637,-0.0017030663015698,0.007411694334597485,-0.015131658979853246,0.016775383080758044,-0.003870919263499528,0.02057763283065589,0.04254509428048875,0.013771864341670215,0.020241055591723678,-0.009974069581013767,0.0,0.005239982556191514,-0.034382150879386675,0.02486363207276282,-0.006026291956393481,0.028548245863391553,0.02321006032869216,0.0006756759292200765,0.014393190109337595,0.04409420052583635,-0.010389149609054682,0.024162322565805472,0.00999546095147108,0.02440137205001386,0.010183264860396446,0.004987121294792507,-0.008282202900036562,0.0022999724328004456,-0.023150759403090693,-0.004922088928119628,0.010416463533283071,-0.00371288202268627,-0.01647802557552741,-0.015575283991409672,-0.021257360113235646,-0.007217091171305201,-0.01682116527608099,-0.005920713223594609,0.003730478776977353,0.014216941644848047,0.02428859852919174,0.017942595004998174,-0.005742939421807314,-0.0043915875305451935,-0.006635496571528898,0.007739693065607012,-0.0038359634348459903,-0.009043328165244308,-0.014011554475619692,-0.006518036409185246,-0.009947495524230743,0.000396589348637566,0.0031784191839496767,0.03393131031996027,0.004234681287016873,0.042725876102438,-3.3941620716793075e-06,4.93487103975232e-05,6.4939336703429e-05,-0.01422688084251239,0.013846412199276903,0.010614245240230746,-0.00671045936996062,0.006139366055317674,0.010658273603209978,0.003146349730260567,0.001300464600630824,0.03820020111249273,0.017255684126210036,0.02657269963493658,-0.003367734789178012,0.00832200738440858,0.004011774522787004,0.0,0.019026120871749375
0.04392512677876226,0.023679133881674808,0.018223643639585396,0.00044570311359393155,0.0024896011782962746,0.02498200671315126,0.007002239081948136,0.001922389457971796,0.03796124049089028,0.004161793729359098,0.007158455214013981,0.005239982556191514,0.0,-0.013244662905150473,0.02455006400412557,0.0331355483601008,0.019735965876929717,0.039475633694238954,0.009381949377140486,0.020327459601847286,0.01774192463226837,0.022171601190790813,0.01671590945851087,0.020397761548125948,0.028068873350875212,0.029276627615497985,0.019168887071637553,0.021484512822592283,0.01858651120215271,0.016644874448992986,0.014372220303987215,0.008231409084386077,0.0343794122177043,0.015159038600371766,-0.002602569476670036,-0.015467744525817562,-0.005334053040839115,-0.016056170270502823,0.03085331416312681,0.003197741032026691,0.04495748224950563,0.0028443818007744537,-0.011223484973534703,-0.012223959003898,-0.0024057138500485076,0.011385955571886375,0.0049996884716676515,-0.0012226986281020924,0.0,-0.0013091827133412393,0.001420654901684415,0.0006039311695896776,0.033851460115362275,0.002493645714285453,0.008542992302238261,1.1871570085197902e-05,-0.031423534515025886,0.004793462150378736,-0.008615427506907136,0.009240744027742664,0.0019994900037779706,-0.00012991678223178704,0.007101973715403109,-0.0019931117998973624,-0.0030902347992807777,0.014022793436664627,0.004105210856569397,0.015601539851470503,-0.008586581334287302,9.81844214326677e-05,0.013707306281086407,0.00933336357421749,0.002662826218882919,-0.007984892102220531,0.006350267285453404,-0.060422970919307095
-0.012068312664871739,-0.003071517843000471,-0.0054991190495627396,-0.048035799693003006,0.007249830073736585,-0.014744513343828258,0.005518743885903454,-0.016295585124356915,0.015565733513260571,-0.14871556195549343,-0.03161498286987752,-0.034382150879386675,-0.013244662905150473,0.0,-0.002561039455492131,0.0012419125614649418,0.00010495099134155694,-0.0002678095654183865,-0.010530739495999586,-0.008612911262376843,-0.028959845212206514,-5.2355548268046004e-05,0.0033857815398928293,-0.015820383110041414,-0.012464058427690827,-0.012913011286018183,0.010971989399222504,-0.04763598880556749,-0.012177961967191231,-0.002740314625883533,-0.007947602717243873,-0.01866655157952965,-0.001295757357987759,0.012203197570867963,-0.02945758778382318,-0.022838953976595577,-0.007692431780175424,-0.001553801553005607,0.015458863362661057,0.0,0.0035755548889627176,-0.0006035282608725656,-0.02472320475579265,2.248263197557332e-06,0.0,0.0,0.0,-0.028138220649904677,0.0,0.012966539594895299,0.03688975135639838,-0.0549865872722301,-0.006984762526760502,-0.022578816580819117,0.0,0.04635325872620083,-0.0003574362088663019,0.013098083439385066,0.022932151505451637,1.1102230246251565e-16,0.0,0.0,0.0,-0.024113827125965492,0.0,-1.1102230246251565e-16,0.0,-0.01794046188645282,0.0,0.0,5.551115123125783e-17,0.025801618246792335,0.0026221334664095486,1.1102230246251565e-16,0.0,5.551115123125783e-17
-0.03504540109247911,0.000429283454035978,0.0002957364968634302,0.019315441421736745,-0.005833025102996492,0.02202005667019047,0.005663073847183675,0.01161304222413384,0.005890654842594711,0.00869908078271514,0.0,0.02486363207276282,0.02455006400412557,-0.002561039455492131,0.0,0.014892740889586087,-0.0058946399422692974,0.01372976325332187,-1.1102230246251565e-16,0.006627456210577476,-0.03298889764468421,0.000967440220518978,0.011586531276193412,0.029479902080202403,0.00048823895386018723,-0.0070042760927934156,0.030023996881418602,0.03932551296479375,0.018862892875259052,0.006085294511483208,0.018406948251110333,0.007582743985221629,0.0028201060064192984,0.005730027168768526,0.002652812881725697,0.010622197108080544,0.0011048724025917167,-0.0002647858256170088,-0.011848215381253469,-0.003367563363506687,-0.016805361570492616,-0.013778299762898294,0.01988443995758027,0.011307327480271023,0.0,-0.013727067180957508,-0.017652047210152455,0.00886128371157685,0.0,0.0,0.0068084122973208205,-0.010787048425811019,-0.03926688061059269,0.003814989273106306,-5.551115123125783e-17,0.0,-0.002038596064991516,0.008368257985495509,1.2803473912192942e-05,0.04445479902933108,-0.003962297006476545,-0.00044754208471442514,0.00731244559528782,0.0,0.01090817439919406,-0.015533778439749346,0.016734738908921465,0.0033724400465953708,0.00011807357290150033,-0.0005001643341771,-0.014303142704968796,-0.005225435963529812,-0.03591184089741456,-0.0060706742918538725,0.005922067261231678,-0.030267685122840282
-0.006082676821320632,-0.008690111348053087,0.010300318397489017,-0.0007651490780059,0.010830134031803662,0.03757905044376736,0.01995499263210415,-0.0010249576287513218,0.04437174234104574,-0.001823609016301575,-0.0002686871065035179,-0.006026291956393481,0.0331355483601008,0.0012419125614649418,0.014892740889586087,0.0,0.0025837935901883435,0.024798247218870306,0.0003785202066007298,0.006601449559194672,-0.015205670719287023,0.017072279817621272,0.002185731181620798,0.011942237526370136,0.017655391463627934,-0.007466643597583533,0.005071958936748111,0.03359242877788521,0.022127624310582183,0.03028011847224321,0.011671412360324596,-0.008721786720267133,-0.010163585811979292,0.02834173928246253,0.001897199099991087,0.0024742461489949408,-0.0011144455146250842,-0.020992589877801282,-0.00041243687333719636,0.005568603780660486,0.0016751824428251627,0.0017569916775959094,-1.6694753096679893e-05,0.0,0.0,-0.010605112253225246,0.0007264930979238859,0.0,0.0,0.0,0.007409265340320215,-0.0007606259892100065,-0.00647969164254214,0.0,0.0031884885135308183,0.0,-0.006804216979261979,0.01747291172896187,0.0,0.0013950119120103577,0.005126509855708006,-0.003294748920334878,-0.008430326112219722,0.0,-0.0016856521425832605,-0.012596143347614996,-0.009491980829153035,0.011899353476932772,0.03768999177459176,-0.016676256122893585,-0.0007464346602929495,0.001983599781711254,-0.016181885132346363,-0.013992968359322844,-1.1102230246251565e-16,0.00404129809795567
-0.014781633887219814,-0.0688153861684952,0.003498455040130355,-0.0003857790350483281,-0.002966401630600357,-0.01105479198128101,-0.016046070302620563,0.003058890910603407,-4.4178669759642464e-05,0.005356746862889505,0.03437643014956582,0.028548245863391553,0.019735965876929717,0.00010495099134155694,-0.0058946399422692974,0.0025837935901883435,0.0,-0.0007418739621773973,0.011549278606869717,0.016869953876657684,0.029217487932347186,0.0017113269180956125,-0.009185605539368535,0.013247681924188015,0.009029456994984753,0.02006061366936973,-0.0006275417790358451,0.016658909983491788,-0.0011204666604240354,-0.0030159914072976912,0.003469405085866295,-0.008937001098032915,-0.009736283473520901,0.015519561065351573,-0.0035038835645939126,0.0038332517433232183,-4.629409952294772e-05,-0.029753526192105195,-0.006650697538398587,-0.062362322303230966,0.013800114389799778,-0.006098292512823178,-5.551115123125783e-17,0.0,0.017038420186825054,0.01932676439661496,0.00650946028956173,0.0,0.0,0.0,0.0,0.0,0.0,0.0,-0.019400698549422613,0.0,-0.014790948539540438,0.005352444699924408,0.0,0.0001864947950230289,-0.007357966430202534,0.004664848212866279,-0.010336374548294724,0.0,1.1102230246251565e-16,0.0,0.0031092658491421177,0.0,0.008753578688733443,-0.016358327685078722,-0.009011011665071622,0.0,-0.00700395490386807,-0.0001006120717571557,0.0,0.005007860196693248
0.011669391445959965,0.008660589272406372,-0.001086084297322154,3.82337674526001e-05,-0.002335933917783306,0.03759255134035461,0.03137475301126641,0.020916612454785877,0.0029119919842927056,0.015115159633714237,0.001418976611320788,0.02321006032869216,0.039475633694238954,-0.0002678095654183865,0.01372976325332187,0.024798247218870306,-0.0007418739621773973,0.0,-0.00011935656292116903,0.009261326507247147,-0.003470670335846582,0.024464561039797106,0.004066344046685766,0.020294077068012506,0.02053880601621283,0.015941050418622982,0.002590744743969642,0.0352543733313439,0.031037472692305168,-0.008934781277558312,0.017225995969066377,-0.00031022416114856455,-0.00011479494260635548,0.028359968824722526,0.004242968681629267,0.022854337373418576,-7.715536679964163e-05,0.006590434155877456,-0.001096280357757995,-0.01920886349287182,-0.018233731013368504,-0.0009911487093735016,0.0,0.0,0.016560582524346168,0.008646986159717318,-0.007534306563577897,0.0,0.0,0.0,0.005003412882100822,-0.00032538895025396863,0.001027795707656709,0.0,-0.03674585958297333,0.0,-0.011442983251087613,0.0015042381748984202,0.0,0.006864967747458983,-0.007517299948672951,0.016320266040599052,0.0020984640693250123,0.0,-0.009112254006063913,0.00810372067026216,-0.01004375713809219,0.0033463170301956113,0.01350619872036729,-0.006557436743394873,1.696754588509375e-05,-0.006440821598795554,0.0046411490761908425,-0.010711684528341592,0.0,-0.01955528030972231
0.0,-0.011772580100455121,0.018763274018090803,0.005472834129954973,-0.005838606149232095,0.00021678797233237734,0.006674031884490783,-0.0006171752186480695,0.011352956484434074,0.008723237663334216,0.005749574868738672,0.0006756759292200765,0.009381949377140486,-0.010530739495999586,-1.1102230246251565e-16,0.0003785202066007298,0.011549278606869717,-0.00011935656292116903,0.0,-0.0008432513804736974,-0.0017640917536512757,-0.012230445635703857,0.017389065826299843,0.00944839090925026,-0.006130067661331284,-0.00041264476217761636,0.015089459871141464,0.014562669655951821,-0.008943516443425448,0.035026049987097574,0.025442087100010613,0.03565241664837626,0.03255717564445648,0.023393607269003358,0.01721921810739685,-0.03358342249154744,0.009023001862574487,0.0006286992452136375,0.0021828190529826763,5.984551851734299e-05,0.011312222580303233,0.0035922785296579884,0.007225480512623339,0.006972335961844045,2.457427827490255e-05,0.0,0.0,0.024905842737860784,-5.551115123125783e-17,0.001686483384762072,0.002557724079148893,-0.006432727973071595,0.00978369760836173,-0.01666958277805164,0.00025570872845853687,0.08968211741817356,-0.00254576086074082,-0.002708756905389187,-0.012378163250007623,2.220446049250313e-16,0.0,0.0,0.0,0.005299387051186433,-8.660749955330393e-05,0.0,-0.0002824546840323183,-0.025867597223517003,0.0,0.0,-5.551115123125783e-17,-0.010881821001041847,0.005417931474317128,-0.011454935768095198,-0.0002985844000614746,-0.006119488170951537
0.023541830097460914,-0.0161169727242087,0.0015414841115943823,-0.01633350834714592,-0.0036458711812690225,0.014521689511360902,-0.0025028426218641764,0.041035992774757724,0.012554309536890906,0.06095043464141525,0.00013450579157159304,0.014393190109337595,0.020327459601847286,-0.008612911262376843,0.006627456210577476,0.006601449559194672,0.016869953876657684,0.009261326507247147,-0.0008432513804736974,0.0,0.0006858619947278655,0.017900666485660244,0.05233197321005939,0.04805358455572345,-0.002679546968709423,0.008745496779723305,-0.00421948255790755,0.03402872208789093,-0.003970429503838968,0.05556379968137809,0.013032657697665484,0.011334822103377384,-0.01038838214853377,-0.00331197466103067,-0.018963054451236416,-0.007374958745311411,-0.000990038603329635,0.00680800017986305,-0.014197907252047837,-0.02260569271521551,-0.017383245018316118,-0.020244055931143534,0.002322692316629682,0.011829268206980159,0.0002469851187067995,0.013478769503874333,-0.0050366688512585855,-0.0025465785399014784,0.0,0.0,-0.01943395396672737,-0.006391261486832667,-0.0338430785475301,0.010645945557524072,-0.0001829828589902105,1.1102230246251565e-16,-0.011510161517208684,0.0013666449602225406,-1.1102230246251565e-16,-0.01222243532771905,0.006726868678733788,2.6557749146505216e-05,0.008673030773556911,0.0,-0.01257940454160339,-0.016911023397258695,-0.008504568181018857,0.006460745644240817,0.0,-0.0062324010045700096,-0.015841124157361275,-0.00125256293722531,-0.007213124511544433,-0.013790936293995193,0.017132033023456394,-0.010933143099609577
-0.021694489590964594,-0.03326454617615565,0.003724807675538233,-0.00028987572483402113,-0.010877982525299035,0.002879143380581539,0.0009184838976359355,-0.008870888797125165,0.0041778741360605776,-0.02019827010321873,-0.03662493828454111,0.04409420052583635,0.01774192463226837,-0.028959845212206514,-0.03298889764468421,-0.015205670719287023,0.029217487932347186,-0.003470670335846582,-0.0017640917536512757,0.0006858619947278655,0.0,-0.008431580154580287,0.010847878174803538,0.023882519615314013,-0.0035748269799978916,-0.029684076894756384,0.02092437065470204,0.02459135848268723,0.008650123872744386,0.02086057227903143,-0.0036816349319593877,-0.00668011814942765,-0.02006665736867136,-0.026675925834354797,-0.028240471992777683,-0.03489753174298854,0.006603556783603581,-0.027722235331144984,-0.02396213436835526,-0.013711859987156017,-0.0006653835802533092,-0.012111257738742609,-0.025077649596380702,0.0,0.0,-0.04381634974244819,-0.013479935180080782,-0.008214077626689242,0.0,0.0,0.0026032690345551,0.005916433023610668,0.03915207490095646,0.00572560788335974,0.007884381516511663,0.0,0.014056065083255742,-0.01728393516452381,5.551115123125783e-17,-0.0153565449059615,-0.005627828121618661,0.0,0.004615384208770612,0.0,-0.0007317026405921911,-0.05695394018075989,-0.006847843442546908,0.006898014851865919,0.07109487787805985,0.009534557805465249,-0.027149182059928778,0.0021232221639813087,0.004611615296239879,-0.0006675638184162058,-0.02083756988449198,-0.018832560400950216
0.007859777346108321,-0.012430190595654644,0.02020576786637962,-0.0016311900258770828,-0.0003290698819958804,0.014933905974104988,-0.0013554516974283448,0.014016960505176812,0.009801255128546349,-0.03376453413760239,0.005591745835362649,-0.010389149609054682,0.022171601190790813,-5.2355548268046004e-05,0.000967440220518978,0.017072279817621272,0.0017113269180956125,0.024464561039797106,-0.012230445635703857,0.017900666485660244,-0.008431580154580287,0.0,0.030578822640477288,-0.0067702149533170886,-0.0017849398182330778,-0.0006224713143424543,0.016596962721475206,0.036016842224329715,-0.00021009165581670208,0.03995513118013433,0.03396919646477936,0.025964429893495122,0.03212828744599988,0.035962608304170474,0.014438674154146458,0.03428372811260094,0.026499260118213186,0.008807051049963432,-0.002265454388296173,0.00818097244647803,0.00618496850804795,-0.0009614881578807188,0.010771589580705843,-0.0041549346317543145,-0.00019413712805899097,-0.034958527397132566,-0.009612105672459015,-0.0014829199528410553,-7.040473332997621e-06,-2.164568286222579e-06,-0.005532546180678333,0.000636084593715891,0.016488122025428764,0.009302455849806268,-0.008493971350833351,0.0,0.02609445657081083,0.0009963856142401473,0.0,0.010779577655950834,-0.0068861552798823444,0.006603388053777359,-0.005793369566647499,0.0,-0.008739364848010411,0.004075674728954259,0.01209938934063981,-0.00755644960967361,-0.006333506688591728,-0.037155762185758834,-0.01744432466887519,-0.006050127394250426,0.007913904912754954,-0.011429417800109476,0.0019567125014944287,0.0032588976969067374
0.0008795373496672254,0.020843330360919232,0.036285471747614095,0.020606201100688504,0.018358881848332398,0.03736503527145879,0.01285345170051444,0.01908900135329744,0.03575468970394413,0.0009000114698036188,0.022465031647664613,0.024162322565805472,0.01671590945851087,0.0033857815398928293,0.011586531276193412,0.002185731181620798,-0.009185605539368535,0.004066344046685766,0.017389065826299843,0.05233197321005939,0.010847878174803538,0.030578822640477288,0.0,0.014859022699652114,0.023448983649895005,0.010531461336049597,0.0492353361220782,0.022154364664416337,0.004535543110410989,0.016790945577610128,0.019837040474485312,0.01439517256168682,0.009329621905691088,0.01084450090168082,-0.007318913185838383,0.0065181253362470715,0.016880024294854634,-0.002756128149656145,0.002087505843729631,-0.012175777560036405,0.004224126479823287,-0.00020780301873268847,0.02954642994199469,0.0009353009408621382,-0.003209547461554496,-0.002341730403586373,-0.007138209026486209,0.055844830078891905,-0.005293292862806109,0.005658683982956103,0.027980853922888627,0.01264143856578992,0.05028593937716791,0.0015066365633736867,0.0021917103233404234,0.05692879834406017,-0.0041260923147278805,0.021616534850761426,0.023667433079461897,-0.0009793208413314547,-0.0032462092082219396,-6.460466191571257e-05,0.00854031300479352,0.0614316649269851,-0.0011476888545763897,0.0033771754635473217,0.011385429706191996,0.029005576101781783,-0.00024897350419605946,-0.002034192994841366,0.004322182974853039,0.01804563350270927,0.020900696912299843,0.0031207743959904555,0.012455369134074412,0.005182248909425535
0.03599988157207307,-0.0328605016632561,0.01027484999289624,0.0030050587040986176,0.007085155052614089,0.04417983255989055,-0.017947173741372224,0.015565606040363833,0.007501168347136045,0.01599672987597317,-0.02314792907637353,0.00999546095147108,0.020397761548125948,-0.015820383110041414,0.029479902080202403,0.011942237526370136,0.013247681924188015,0.020294077068012506,0.00944839090925026,0.04805358455572345,0.023882519615314013,-0.0067702149533170886,0.014859022699652114,0.0,0.03488068428185126,0.025634895555398052,0.04927094180104846,0.01435476462270252,0.0025628471447156076,-0.005152737174059896,0.014682686999045291,-0.021838610487004084,0.0009830034568910628,0.011491666509858889,-0.0068250333785226935,-0.06754635789488844,0.012362970295252518,-0.043327669290940424,0.02884463242571539,-0.04892169867552998,-0.051317796817627936,0.018300676306449326,0.00810505496566849,-0.0017923250433174442,-0.07405124855874165,0.023835258988032237,0.0037150056098244066,0.0,-5.551115123125783e-17,0.00025517657884938094,-0.0006916524347129749,0.00021866134772163814,-1.6653345369377348e-16,-0.00045457521381891963,-0.03170939894890756,-0.00033441065278772,-0.037206199419385466,0.007192708590636254,0.0,0.0009985526953902868,0.012295323460468022,-0.0027124968667224802,-0.016651267193670383,-3.109647649612857e-05,0.00037911124060613366,0.03390237361109166,0.0041178698801393465,0.0007795179911221362,0.004427194198105389,-0.007819194586824507,0.0005291232419524228,0.0004700631738620009,0.009366130895106628,0.009917109696192306,0.0,0.005141243681328289
0.0027469694092518426,0.00015578835996765683,0.001670268569241462,-0.00022301545602126938,0.003957193479081744,0.0351935335093867,0.027873697933871067,0.017932551903673932,0.0022259186912033657,0.007910338802903871,0.0025324491810843064,0.02440137205001386,0.028068873350875212,-0.012464058427690827,0.00048823895386018723,0.017655391463627934,0.009029456994984753,0.02053880601621283,-0.006130067661331284,-0.002679546968709423,-0.0035748269799978916,-0.0017849398182330778,0.023448983649895005,0.03488068428185126,0.0,0.007132264943551125,0.0005741393399936179,0.03247395307550327,0.030596545290315358,-0.0005689580610008793,0.011432359214468668,-0.008490131857533945,0.002625912107834527,0.013562422086094983,-0.0028412443573769264,0.004974576807840192,0.002053603782178226,-0.02229493271165678,-0.020370117280584743,-0.031087354697448777,-0.03216086777927618,-0.009186815397712655,-0.004306277440943973,-5.551115123125783e-17,-0.099788806654514,-0.009817309276051012,-0.027486479929198282,5.551115123125783e-17,0.0,2.220446049250313e-16,-0.0012216776905351057,-0.00559343610721319,0.015125927339192935,-0.001221362074147414,-0.00933091166845007,0.0006846896648299849,-0.002981497303030378,7.751554886381573e-05,0.0,-0.04970659120910609,-0.022090066342443315,0.009376971712380777,-0.010058527235608128,0.0,-0.022387503746641002,-0.013091108311868771,-0.03061807074429923,-0.010356224108137357,0.01499583353571149,-0.02076455901651847,-0.01193674406088957,0.005088578688508649,-0.0023784836673565457,-0.015179666138867232,0.0,-0.027454411615281393
0.009285817960193843,-0.011094360017732452,0.007217522856164782,0.01018169563407556,-0.0017269453149095781,0.026485465314662282,0.01972360639179227,0.023773990816362278,0.015194199713189083,0.02410712939225418,0.0068719926675663845,0.010183264860396446,0.029276627615497985,-0.012913011286018183,-0.0070042760927934156,-0.007466643597583533,0.02006061366936973,0.015941050418622982,-0.00041264476217761636,0.008745496779723305,-0.029684076894756384,-0.0006224713143424543,0.010531461336049597,0.025634895555398052,0.007132264943551125,0.0,0.016924144004350883,0.02243983742902622,0.017580759770735477,0.029857405622494393,0.008771009806567087,-0.006274754468500399,0.009333001229933968,0.013274765110675046,-0.008380430199242506,0.05997909846377747,0.07091084272300335,0.024178467988173025,-0.0035952878448835546,-0.0171823053897609,-0.015273859398413692,-0.0011946252055235473,0.01399009029267051,6.071747672903305e-05,-0.050944767638395005,-0.0050440262024499805,-0.009985734875519015,0.010067207439244719,0.0,5.06075710321463e-06,0.0024366877203502724,0.0044331436232531996,-0.022156738280113886,0.005957711958122447,0.007867248787610137,0.0,0.006715865573958868,0.009385776747770358,0.0,0.004138432056740082,-0.0031414757289173756,0.010858503935701036,-0.001251132233035579,0.0,-0.000504706682538103,-0.014544004780894404,-0.0041063028807424296,-0.0004348819854547159,0.015727777787289565,-0.007250779268583918,-0.002685807137084717,0.0029858995390657506,0.0056390388469066965,0.007937586775783823,0.0009579073365515445,-0.009681100669898468
