0.0,0.47229584762342147,0.30062530319820135,0.0,0.40881559672954165,0.28424838810281694,0.4110057587094835,0.2547858886821009,0.39970374516396956,0.786833383359627,0.3049665283289591,0.4938783129359129,0.538150499622092,0.2767595735457256,0.22697638029268924,0.5360574600853514,0.06235530084744803,0.5205853691598903,0.0,0.41823687778143037,0.22407524332240114,0.4554295912364592,0.2947680046525354,0.4085808603832086,0.41507873418971303,0.48554457845023,0.34990939934051546,0.4119804197394763,0.38907421675513915,0.4068761518458352,0.3430729669761605,0.3328643413824066,0.4218033487724109,0.13995217866551382,0.20639005385451437,0.6466754359774927,0.49230401957021225,0.5390989380236832,0.28702507161070423,0.3989918211532152,0.11325105467028324,0.3865704581495401,0.4766602862570827,0.0,0.27687668829802936,0.5275453950237907,0.5318707386869604,0.0,0.0,0.0,0.45564992352757494,0.0,0.6710469346053836,0.0,0.5024866961859632,0.0,0.43646213128084227,0.739585366711797,0.0,0.6542343114750147,0.37086683510151175,0.6291236699721277,0.4329853556234015,0.0,0.4016587153602404,0.6530118172090835,0.38210889817054383,0.4822596591308609,0.42559504659521596,0.5828756847582595,0.5540845469972598,0.46338938727382256,0.44678618521079416,0.5875906752923699,0.0,0.449437708363024
0.47229584762342147,0.0,0.5309964134961529,0.3920672125656316,0.2711335292586885,0.3663126891655326,0.29594409988879444,0.5854319704352353,0.4576952477173544,0.2708910866217715,0.45629614153871434,0.3573450478177549,0.3653339494636329,0.19489430810131275,0.27340047942497975,0.5357219987049724,0.51133135799489,0.595718790090751,0.6970143614919122,0.5072167754649759,0.592014089579189,0.596262603367329,0.46674066676474446,0.3597213795086686,0.6382136369729864,0.42612510961682,0.4281499299055368,0.292445817316774,0.3450899397722812,0.016060193096221753,0.40302153049893646,0.23493088400871856,0.28035850498063863,0.21598946386668663,0.30448228870978833,0.39171213421703116,-0.0369393569818578,0.0,0.12283145171695711,0.2882027327894443,0.24857910274818137,0.08534313965764434,0.38412603715563165,0.0,0.0,0.6271770047465601,0.5312319494827832,0.04000905271052904,0.0,0.0,0.31342092144308153,0.572661100646966,0.5292866812219407,0.5683371553970548,0.6996770554287577,0.0,0.42851395762743155,0.6120599763705624,0.0,0.28190127387302877,0.27850385008645373,0.33022757537353453,0.40078939300217564,0.0,0.20442285704798763,0.7785328718138841,0.33791193281127874,0.883858944333765,0.33867163407267953,0.5320706529277879,0.46879452723570636,0.22313948551451887,0.5973286752921679,0.28161075069764535,0.0,0.2861431319571699
0.30062530319820135,0.5309964134961529,0.0,0.42779291247578116,0.6169696144705703,0.5911340476013544,0.5263216571042941,0.8238104414290338,0.662161912141084,0.477576931667842,0.620612158730947,0.13922779341990354,0.48648011187356094,0.7151498257268984,0.4611067996633673,0.3698961677936014,0.654696614048926,0.7175801521138829,0.5579473154364287,0.36118678184983727,0.2922443059869513,0.5020015582933368,0.4806311539953123,0.43927961556997175,0.6063623469729327,0.42625524393805386,0.8391508559609347,0.5442837058780221,0.50296744583578,0.6199880828624091,0.4818261891421187,0.5133030049382437,0.51775626603206,0.5174258365960938,0.5833376661966764,0.7502984698939562,0.4340949827423241,0.44678844208740565,0.721420405852512,0.4678649416914217,0.8357677584057074,-0.23890868220070405,0.8373461830764766,0.615702412667258,0.0,0.0,0.3820349747905265,0.7002449158252138,0.4701457940965651,0.6518888375770918,0.6307421433481959,0.6024108952254807,0.7031578760487196,0.8735392190004929,0.42644409513921633,0.47877318982860073,0.7041370658415278,0.6308282430919269,0.7163903176512059,0.3539489738827279,0.0,0.0,0.0,0.15515203797692542,0.7799319564307206,0.4326997605381639,0.24666678002247497,0.6134407054288745,0.0,0.5485299944361065,0.517990828230064,0.6765810492585911,0.6675480233856137,0.5990587861334613,0.40347398941058354,0.46468828756093156
0.0,0.3920672125656316,0.42779291247578116,0.0,0.14071494649879573,0.3630268102191667,0.32647816505403476,0.5502200252490415,0.401511034808251,0.24370516590171362,0.44141021900273014,0.1857938714894425,0.2882651363074613,0.354178002375916,0.44820900384812684,0.26130173061582807,0.4542796979956473,0.47438110456427374,0.39636141650403234,0.39424632236354434,0.47999466733257723,0.15196658668839003,0.40443949444112776,0.3269010907235963,0.7977718872097692,0.11633210146381862,0.3653667130623274,0.2921403733314559,0.14070349615094166,0.47601987796413703,0.25668413833152565,0.4818352743506819,0.005683792072094185,0.3285004230272754,0.4532884444178375,0.3779540260933424,0.24022584140155112,0.2507519241905567,0.250107512682514,0.36761657228669375,0.449533255839368,0.49723760481672524,0.294540656613691,1.1094220293108061,0.0,0.0,0.0,0.4029621095136693,0.0,0.0,0.7049309789870677,0.0,0.4696617176007883,0.324348101856072,0.0,0.475824942863023,0.9229247996174935,0.4516891274496954,0.0,0.0,0.0,0.0,0.0,0.0,0.0,0.0,0.453189468027899,0.5878513977353488,0.0,0.0,0.0,0.3695437459966846,0.45671520017075773,0.6514471138206157,0.0,0.0
0.40881559672954165,0.2711335292586885,0.6169696144705703,0.14071494649879573,0.0,0.5157160295960254,0.5014714071112364,0.6371816817626628,0.4404338883985632,0.17166300256122738,0.44832031078295825,0.329310683170175,0.5202395131823984,0.2160129331368383,0.36497190972985916,0.4950853877032524,0.5163226105904632,0.4248404713713586,0.525598216339919,0.4419480311686068,0.5039953572748201,0.329318876326406,0.5234254461254177,0.5366837440359231,0.22587029872736977,0.3294320462186533,0.5519884096246817,0.31546144866183495,0.5797250381704292,0.40951168044785646,0.38907193793816985,0.16495423359420924,0.47311760990190027,0.38976999461296485,0.3591926696430165,0.21512629068284453,0.19380127362743632,0.3933435021231807,0.20415849080385115,0.8498672745635205,0.2516245979100998,0.2787328575285706,0.5881369268001841,0.6104580702829778,-0.15759992809400755,0.0,0.20478039101274564,0.6257255881505168,0.0,0.428993524375081,0.5020787024408514,0.525988361161672,0.5044152984354571,0.7108045094461253,0.0,0.5288475948087917,0.11488841615707385,0.5907444109470801,0.4467766770342164,0.34559673682644587,0.4525033990134571,0.0,0.0,0.6417001375069523,0.4731187740701074,0.4868223835708346,0.5364633762679718,0.5562110104284476,0.0,0.4681837375075618,0.4025035942330467,0.4628922997815996,0.5341844875364257,0.46982968361842037,0.0,0.5381993792066757
0.28424838810281694,0.3663126891655326,0.5911340476013544,0.3630268102191667,0.5157160295960254,0.0,0.5998818958030407,0.4062366633564014,0.5713438135750337,0.49358874304563727,0.5592427863141038,0.46103829590006173,0.6774538420747673,0.5696275134068416,0.5334635921247302,0.49480630670085335,0.4117569110094714,0.5001240351648071,0.7090891053537279,0.5424371984481539,0.6363332857521246,0.3949773456509754,0.4994894641997162,0.31307815675761635,0.3150246597830544,0.5661323577234536,0.5747439632545954,0.5831490560324025,0.3581817607854946,0.5145381579170502,0.5075061682991864,0.30345368181932253,0.5657787424714601,0.462293241543529,0.46761260719207404,0.4423084859921742,0.40128365179347547,0.4400281242018981,0.6037372267642851,0.22646738765122004,0.4891854968656569,0.11518705435957266,0.5714759971097422,0.321672811075982,0.13503292280263401,0.4578465066510137,0.4862437253141659,0.6629266190534983,0.7269003754428125,0.40668116351182104,0.5684248586589199,0.5945851941622271,0.6250915799451348,0.7992782982353467,0.45225413251834967,0.7772876731769826,0.3549293064160902,0.5975214906563028,0.6890747797103594,0.6523911091307022,0.5056827204934942,0.0,0.31736031249475666,0.4736198472531798,0.669179438107803,0.43394146981403714,0.579671426601264,0.5656116928885143,0.5040897375789943,0.356863068169461,0.5290433783655429,0.5454554517418766,0.5299314544892415,0.6287673908146452,0.5024789022902733,0.5508476811835739
0.4110057587094835,0.29594409988879444,0.5263216571042941,0.32647816505403476,0.5014714071112364,0.5998818958030407,0.0,0.47588211151222237,0.5938803288594481,0.1993510966540474,0.46870297543997086,0.22554364735336244,0.4476106070827248,0.3677279220226434,0.2173694708773461,0.515099117836415,0.46512617332957773,0.5101373680626526,0.4646732477122774,0.5087319606088996,0.35464771257557803,0.40622790010627025,0.43964596090681723,0.5183867643278581,0.3451427525631575,0.5409450465815324,0.4276033448191129,0.35243122017864836,0.5600880021319097,0.5496083634734534,0.4483208395031236,0.5259605895054824,0.5277623573332678,0.3639126536164069,0.3725701279754058,0.5291229777698699,0.36966591464128773,0.5862151786487914,-0.17482627003402967,0.4675011525388728,0.032833382395980715,-0.023856526699209568,0.4553568600154861,0.05390127950129259,0.25123825253001875,0.0,0.5330597823136158,0.4311433476495735,0.0,0.46466402818049746,0.4916553114084591,0.5924847985890956,0.4914858763577975,0.700067511283117,0.5523639097207129,0.4194491673648637,0.11844781304941462,0.44018594740599315,0.6313058048561289,0.2976086742149218,0.5082353006875333,0.0,0.49083306835720697,0.443632955526126,0.5461394565966462,0.48089247575662464,0.6175223518293396,0.5208231577228529,0.466820335690307,0.5631163121878617,0.5320276370686617,0.5010016843463683,0.44791133966535357,0.49009584241390647,0.7084885037317541,0.45168572646782146
0.2547858886821009,0.5854319704352353,0.8238104414290338,0.5502200252490415,0.6371816817626628,0.4062366633564014,0.47588211151222237,0.0,0.8567238009374671,0.512294817373506,0.8512916071714725,0.08795772430294113,0.47023930915113704,0.8901637130567756,0.34275945903443017,0.4885462139021791,0.5283157648922361,0.48087346517387575,0.7215149021640765,0.39091624947332587,0.21148398468070367,0.5163383750552611,0.507243467121103,0.24546347811716657,0.5258707985392556,0.35274245866472115,0.4215559885734479,0.39909338158169616,0.32139206733257364,0.2695362305751909,0.4215596856009226,0.32419670217257934,0.38647529469361014,0.42272175131019274,0.337184855210816,0.624976147420603,0.3305120504382058,0.4292228600420265,0.42231142526237053,0.521252380479506,0.273232107678733,0.4784857328225301,0.4945836738694631,0.3741971193642195,0.0,0.47145097274287534,0.3185400376923444,0.737729919720533,0.0,0.49563368496521537,0.43491094572381744,0.49316842624892854,0.4247001711722703,0.7243103194423536,0.6498427967288134,0.5286495456560032,0.9388972925069936,0.49969223408025887,0.6746619505326912,0.5613701887641926,0.4697228827192378,0.0,0.5597149005551523,0.7386720609101847,0.820697524727473,0.1611429360864385,0.3553971383945035,0.469717464862096,0.0,0.4535965146407406,0.2661572086484988,0.40497814034266133,0.4542555538563916,0.6014253879682139,0.4099932124886127,0.35000810202090377
0.39970374516396956,0.4576952477173544,0.662161912141084,0.401511034808251,0.4404338883985632,0.5713438135750337,0.5938803288594481,0.8567238009374671,0.0,0.47931956495932915,0.555203799388376,0.3246418437723996,0.5495299720390912,0.6157622185800427,0.7010246183388165,0.3721707777979245,0.45757791880208454,0.457122584135388,0.5641120583536334,0.7172901381930266,0.372502310834149,0.6051441824774187,0.509826123808388,0.5293908810379498,0.4092125363969077,0.4766339717439726,0.836435572131545,0.42582756937353705,0.43590491158781103,0.4735109287288085,0.3698638711269904,0.43593139935941755,0.7356931129107561,0.4241667356129343,0.39929270852132714,0.5047320025836408,0.3824791109329361,0.4949628854236747,0.6806726315037807,0.6366205528314741,0.407122820354056,0.26436190614150795,0.7170607365915026,0.5906044494720797,0.40881296879870915,0.0,0.5615558802204572,0.7826548853577946,0.46426300120288866,0.8164124894493261,0.7340961693758955,0.6965552598530125,0.8098726652818136,0.7276714744624504,0.45798534689808756,0.8591604554760653,0.30785157700835536,0.5539417334191257,0.7491805419091613,0.499849467346997,0.5581369757127596,0.0,0.0,0.7785216751551484,0.7310378162044552,0.6372428744454336,0.6388093018194427,0.6983818878772119,0.41348463835398924,0.32863231485882494,0.265175297819072,0.6752094802284488,0.6377211126279694,0.6703955563330406,0.4082932305170587,0.6317486570108855
0.786833383359627,0.2708910866217715,0.477576931667842,0.24370516590171362,0.17166300256122738,0.49358874304563727,0.1993510966540474,0.512294817373506,0.47931956495932915,0.0,0.5026001857585277,0.36977568265066785,0.36241389344756314,0.8075057527580642,0.37272779162924186,0.4762042034366515,0.768267410001847,0.3912397251131511,0.4558075431383033,0.32354121239356204,0.5981952840507807,0.42075310975537983,0.4171538858926902,0.4534787573196362,0.7438052662786434,0.49249068485073344,0.3641315817920817,0.6168885609871567,0.45566809393787333,0.3679670756235198,0.7178703935443862,0.18892405333230153,0.5507950595408044,0.4123372885676484,0.4795352099012567,0.4832484781939719,0.37384218003442166,0.370512395015975,0.08074050446533598,0.2697261756686189,0.3533614655759988,0.34919060083980613,0.31296004568223823,0.1999152076682464,0.2598384178168537,0.6901923427712959,0.5308480110277533,0.35175971995476263,0.47106143616996243,0.4374015577977443,0.43790755893120203,0.33426817681587845,0.6991103950183362,0.5607630086802536,0.4560824939177613,0.3260526115695006,0.439025689238859,0.5069587133824051,0.0,0.6188528721041147,1.075655426509281,0.6874642600886639,0.9317175488279805,0.46932897416789376,0.4662856404622571,0.5134588537568776,0.6045446466859135,0.49629284666746426,0.5136716374140327,0.8840588595323947,0.6497986859048881,0.51827746859783,0.5776673824051526,0.6878597609615331,0.0,0.6100554069335065
0.3049665283289591,0.45629614153871434,0.620612158730947,0.44141021900273014,0.44832031078295825,0.5592427863141038,0.46870297543997086,0.8512916071714725,0.555203799388376,0.5026001857585277,0.0,0.3732102184481746,0.4113711664333469,0.6665553561886359,0.0,0.48971006857332683,0.5698287236588221,0.5850352503022327,0.38702538182890434,0.4523252945150551,0.344443153161654,0.4375411314500789,0.6010597380448548,0.6936918727230629,0.5128966915102373,0.5203940357230941,0.7347941348412336,0.4425937719779299,0.3669651653888086,0.41214822328180095,0.3688528927228113,0.43735954460696164,0.6608899485517779,0.48879073838346027,0.4066184887183587,0.45091851296356644,0.5827347409718311,0.5037637396183965,0.6078105748050153,0.5642184359367575,0.5345079223623652,0.5172519827118364,0.8216725230008867,0.5898968653739439,0.19890844346222802,0.0,0.0,0.804086876067402,0.46929819851945387,0.8938299580069071,0.7095502829711788,0.7918238201096179,0.7257374606839955,0.8813926327081802,0.3755817640543446,0.5884834640588132,0.10639267312405562,0.8676961327735475,0.6368617745767504,0.0,0.0,0.0,0.0,0.686332661587674,0.18505008560099764,0.0,0.5293373359740754,0.7067669647293875,0.0,0.0,0.8821007198940454,0.69099704257372,0.48278674628857976,0.08603979182375104,0.0,0.5733598393264818
0.4938783129359129,0.3573450478177549,0.13922779341990354,0.1857938714894425,0.329310683170175,0.46103829590006173,0.22554364735336244,0.08795772430294113,0.3246418437723996,0.36977568265066785,0.3732102184481746,0.0,0.38445810108790107,0.5421992883334703,0.30340395316849145,0.4684359972364527,0.5053158044166525,0.5982798147714161,0.432894672235015,0.43165062789999364,0.5343989814264913,0.37988082533042494,0.17902242264532303,0.6424768739458787,0.6713019447592746,0.47060149311935584,0.27472585714730813,0.5709929142333524,0.2939648075539107,0.097279411006164,0.5175757778161352,0.17338931536525065,0.5682606177258472,0.37273030400830814,0.4239412635710322,0.3756498687059047,0.19342902211686291,0.15319783609549556,0.2553102237124021,0.44197589297131734,0.41377455751949443,0.21048716470111034,0.4503362232059286,0.32843376157820225,0.24817019452025976,0.4960617734863649,0.43373741700816343,0.5456227352820602,0.16761909776896108,0.367912416760209,0.3481707307720671,0.23143088852081978,0.36232929926436097,0.4392969196375411,0.5492885155486796,0.2655535314468017,0.6096303901773572,0.47294505218042676,0.5277405018294217,0.515383544910136,0.9307264267275679,0.7071743101132792,0.9128383371405634,0.2014454780619225,0.8235661691813878,0.787590119253742,0.44973035509233505,0.4292895602299813,0.5900764207237149,0.9083270063094206,0.6655496845257449,0.2274335175847527,0.6065376830134761,0.47906481765260533,0.0,0.6759748434028072
0.538150499622092,0.3653339494636329,0.48648011187356094,0.2882651363074613,0.5202395131823984,0.6774538420747673,0.4476106070827248,0.47023930915113704,0.5495299720390912,0.36241389344756314,0.4113711664333469,0.38445810108790107,0.0,0.6471319237584178,0.48166049133912947,0.5473467192412191,0.37947642524530606,0.5875284054654406,0.39619082955639584,0.5825861816434885,0.5062801690229574,0.4633900780215021,0.42752221639660115,0.4688311636438903,0.46505866043108895,0.5453487787924856,0.4542796791049392,0.5078554724762351,0.588880710071796,0.3935446529231554,0.34366456803097434,0.4416027258551371,0.4004141402569273,0.47607715461110833,0.47730184750281845,0.46899668429232244,0.2984509874755961,0.4745445246268829,0.20246195987941518,0.037419101840174385,0.20052520403725113,0.33671522582853863,0.6272697853517681,0.11740699270726479,0.7768149155339256,0.5264342115828935,0.5971511283401854,0.6474404195160937,0.0,0.514443272141377,0.5512972489641296,0.5320419029063472,0.47305319686583663,0.720474119175781,0.45725906268975647,0.5855407440755904,0.18544686692623677,0.5989960026208803,0.21843938957398254,0.3799195125795227,0.5353208330795433,0.32502964925088645,0.5573781557377879,0.7051528955333395,0.6077926757304748,0.5935898281978733,0.6668925427426233,0.555260139954443,0.5885405246976629,0.517047262356826,0.5057138104381146,0.5576632080110666,0.5141420882553662,0.51241506197073,0.4328088602729699,0.5079169181265802
0.2767595735457256,0.19489430810131275,0.7151498257268984,0.354178002375916,0.2160129331368383,0.5696275134068416,0.3677279220226434,0.8901637130567756,0.6157622185800427,0.8075057527580642,0.6665553561886359,0.5421992883334703,0.6471319237584178,0.0,-0.12584408905697048,0.5051833137780077,0.45847299393063895,0.4949636421877416,0.7483697501248237,0.34968922909438793,0.404023074251016,0.16890458326360566,0.6530041267898501,0.36921776296718545,0.28348509364895996,0.25568592927450073,0.4826988111174753,0.8422243974254449,0.5133723085903146,0.368436236379732,0.571994132919929,0.39261126771173305,0.23051686524330045,0.8954994491756638,0.49324553379106506,0.22573150619804347,0.17639200908089042,0.4060953987815221,0.559277890053097,0.0,0.6651959419200082,0.6716090723174808,0.868301429414366,0.4694172764189485,0.0,0.0,0.0,0.775652261473474,0.0,0.4857093009322609,0.5095415737976907,0.6111453487994923,0.6880594173787951,0.5916111392582032,0.0,0.7441791689318271,0.3652159725691376,0.5720827888453319,0.5931912973121971,0.0,0.0,0.0,0.0,0.6720002713123936,0.0,0.0,0.0,0.5991400976604202,0.0,0.0,0.0,0.332248809217747,0.7416491399931392,0.0,0.0,0.0
0.22697638029268924,0.27340047942497975,0.4611067996633673,0.44820900384812684,0.36497190972985916,0.5334635921247302,0.2173694708773461,0.34275945903443017,0.7010246183388165,0.37272779162924186,0.0,0.30340395316849145,0.48166049133912947,-0.12584408905697048,0.0,0.27597031689419593,0.25762886004042385,0.2723923114228377,0.0,0.5230929992941703,0.38082861539248114,0.06506313149128984,0.38120217772807125,0.07273963818021162,0.29612921933273995,0.202549870011703,0.28320867995389687,0.24636317842488484,0.30722721826673327,0.3815937357599445,0.3217836197967511,0.1538704153515851,0.26883002319706517,0.17352212736493927,0.20365863564449604,0.3692625614138618,0.4289170755554602,0.3797910318269382,0.34462694683629724,0.44393895214966944,0.3237201958405214,0.3588672051701679,0.01922535590864824,0.41391150367039603,0.0,0.38188435321291914,0.5829204147446289,0.4335591798857593,0.0,0.0,0.5113334225677244,0.6680477576204388,0.6342425295542417,0.5853383209250009,0.0,0.0,0.37614440258564563,0.6282022272446914,0.471146081721252,0.7873601974991853,0.27550079827243373,0.5380748548009795,-0.12678639211708032,0.0,0.7898186401846706,0.6079105743117259,0.663396680445473,0.7950804799712308,0.451986314039731,0.33190126468225384,0.4774002695604562,0.6863212660959406,0.4291120034659027,0.5219088940324138,0.5851718306421426,0.42967917341163236
0.5360574600853514,0.5357219987049724,0.3698961677936014,0.26130173061582807,0.4950853877032524,0.49480630670085335,0.515099117836415,0.4885462139021791,0.3721707777979245,0.4762042034366515,0.48971006857332683,0.4684359972364527,0.5473467192412191,0.5051833137780077,0.27597031689419593,0.0,0.5650594287146933,0.761241348219593,0.45254516449133786,0.5552659099716661,0.39238277082471185,0.5482988808608537,0.4465952303026641,0.6311992463678684,0.7441399037804692,0.38665322210593994,0.3999837472046462,0.5046968501076861,0.45042457425887183,0.4739011044370305,0.6747976419656114,0.4321529608985666,0.3328275085507657,0.336994167537272,0.35946087432946516,0.7246648585160378,0.31563332472621614,0.5739661113695681,0.07841255729143093,0.17628047951402046,0.09060642524515794,0.10797842360772764,0.471819771990168,0.0,0.0,0.4600125478001518,0.5525615736723097,0.0,0.0,0.0,0.45688164116684865,0.7088854105180062,0.6004618514031406,0.0,0.2806908160048234,0.0,0.3513797148270612,0.6103689756003647,0.0,0.3211801809580651,0.2966911088941806,0.527133147949296,0.44352507512628114,0.0,-0.055607368365570564,0.52125719497661,0.10581934316977443,0.5583876248950579,0.3868311576866578,0.5869228506531197,0.48708816671529864,0.5895313173682118,0.6591538318906991,-0.10242433267292,0.0,0.05579621851271199
0.06235530084744803,0.51133135799489,0.654696614048926,0.4542796979956473,0.5163226105904632,0.4117569110094714,0.46512617332957773,0.5283157648922361,0.45757791880208454,0.768267410001847,0.5698287236588221,0.5053158044166525,0.37947642524530606,0.45847299393063895,0.25762886004042385,0.5650594287146933,0.0,0.8321226391665415,0.8386741886050579,0.38488736828047276,0.5772810992036378,0.4690920862144915,0.5539127629519133,0.5069048730072107,0.6713060193690216,0.47824630066113977,0.4994590203394814,0.6797580380482584,0.16645562808220923,0.2753091784193339,0.6030681383260459,0.45111298394703525,0.4522786586092145,0.2992628904668217,0.018751812569563403,0.5697606932202288,0.3470832546657443,0.23222352209229072,0.48731157727380925,0.0754941040697058,0.33805065568462833,0.6104975326785906,0.0,0.0,0.6018523377550908,0.7104504883359701,0.3674121412328997,0.0,0.0,0.0,0.0,0.0,0.0,0.0,0.24404549989890417,0.0,0.21062029962252315,0.4608040314840336,0.0,0.5690554533926289,0.3622908917076983,0.4521129123082751,0.6127282714081068,0.0,0.0,0.0,0.5567388294549638,0.0,0.46791463531497685,0.8296965995341932,0.5993909553789502,0.0,0.3595373222643976,0.4646653317813527,0.0,0.39600925196417347
0.5205853691598903,0.595718790090751,0.7175801521138829,0.47438110456427374,0.4248404713713586,0.5001240351648071,0.5101373680626526,0.48087346517387575,0.457122584135388,0.3912397251131511,0.5850352503022327,0.5982798147714161,0.5875284054654406,0.4949636421877416,0.2723923114228377,0.761241348219593,0.8321226391665415,0.0,0.6026927617582709,0.6148877481229937,0.38851901620111584,0.6098474610817453,0.37682862937222317,0.5803136979181394,0.716240582908125,0.4330372508414824,0.4635833659079283,0.5099226210991703,0.49942869544887347,0.32228287087276253,0.6020811058244802,0.4607125053725079,0.4295035193448863,0.4817380725864103,0.22231346974652186,0.8089009265539424,0.39588171746441403,0.2030988891226847,0.4005231679125132,0.46121016452897745,0.38492121889320663,0.38781172436899397,0.0,0.0,0.5652052330475585,0.6315113891743432,0.6011831369112575,0.0,0.0,0.0,0.5749951420871845,0.48915496965007643,0.6055344014459199,0.0,0.3720898837231751,0.0,0.18368994870498023,0.4741930405972067,0.0,0.3729947337267534,0.4489452786203133,0.42712833685875873,0.5488870858546213,0.0,-0.061678434978930996,0.521325427146186,0.3299969507339733,0.7592471759024548,0.5264663017859221,0.6686376674148697,0.6977220367487386,0.3701097984708317,0.6555555697426811,0.44904770632313196,0.0,0.52990361517768
0.0,0.6970143614919122,0.5579473154364287,0.39636141650403234,0.525598216339919,0.7090891053537279,0.4646732477122774,0.7215149021640765,0.5641120583536334,0.4558075431383033,0.38702538182890434,0.432894672235015,0.39619082955639584,0.7483697501248237,0.0,0.45254516449133786,0.8386741886050579,0.6026927617582709,0.0,0.5019891331357829,0.455270916606468,0.7296247632191215,0.38448104010142514,0.4432707875587715,0.6019151552111539,0.5805204500851275,0.7881990039318527,0.42145450217443114,0.7023969050652075,0.571826288767677,0.32885947580005337,0.46577626398614913,0.5126599227755528,0.45166780826965075,0.2896184824867712,0.6454945235493791,0.35141174508464623,0.3766615525002793,0.45016095025141933,0.4439992828841506,0.22494919588690893,0.34581213677994316,0.7494885946474288,0.5959684071120686,0.00813407859223873,0.0,0.0,0.6976266111357935,0.0,0.7145968449488636,0.49519018768512757,0.5735599761975355,0.5784488038015456,0.7634430579905662,0.5904656550147375,0.6313391158688395,0.48086524717300994,0.38563787251333087,0.5213509751693246,0.0,0.0,0.0,0.0,0.6621550145543198,0.46967570972764194,0.0,0.48641937390728907,0.5843596806043292,0.0,0.0,0.0,0.555072893431241,0.5389328604040208,0.39523330712980964,0.46631501826408595,0.33017769728563584
0.41823687778143037,0.5072167754649759,0.36118678184983727,0.39424632236354434,0.4419480311686068,0.5424371984481539,0.5087319606088996,0.39091624947332587,0.7172901381930266,0.32354121239356204,0.4523252945150551,0.43165062789999364,0.5825861816434885,0.34968922909438793,0.5230929992941703,0.5552659099716661,0.38488736828047276,0.6148877481229937,0.5019891331357829,0.0,0.57525139940041,0.6218570649884914,0.4757044679541923,0.3902037145989825,0.5011106989014021,0.366041880686744,0.6295114111701505,0.4692791917075723,0.5931481789917615,0.5408662830357911,0.570580835339205,0.23131024287701504,0.24950839439135145,0.37544318481009187,0.35376614319723687,0.44075700496401754,0.205764035214818,0.9652203316870083,0.43447784806569,0.40694400192693714,0.36182312007679085,0.38002231164309225,0.06165905563456048,0.2681049051754866,0.32384844233371535,0.48011909798246893,0.3632432564196177,0.5066265061073988,0.0,0.0,0.38657345626871326,0.6468464414769508,0.7494592823440559,0.3908314109621652,0.782425863235113,0.0,0.313490829635751,0.5293007280967157,0.0,0.6798009397319129,0.18634037267857526,0.4736850253270165,0.6303846675943212,0.0,0.603035695941731,0.6931321650280722,0.5076758971736757,0.6392840921974411,0.0,0.42555784543247877,0.3616755677176125,0.5440351143784241,0.3830492868642392,0.5098944313894296,0.4574729742986563,0.40557292031135955
0.22407524332240114,0.592014089579189,0.2922443059869513,0.47999466733257723,0.5039953572748201,0.6363332857521246,0.35464771257557803,0.21148398468070367,0.372502310834149,0.5981952840507807,0.344443153161654,0.5343989814264913,0.5062801690229574,0.404023074251016,0.38082861539248114,0.39238277082471185,0.5772810992036378,0.38851901620111584,0.455270916606468,0.57525139940041,0.0,0.49139998083532355,0.4469736984955705,0.3631901897314641,0.3827857182374091,0.4852410434900973,0.5151859671824353,0.5173950273452903,0.4449438474390772,0.5343620740266242,0.39932182213563083,0.1359119599507933,0.27376156959261255,0.3455308343180177,0.2526807722465868,0.4940782467417976,0.33082047172371326,1.114076793779618,0.44104335635790115,0.5720494305523853,0.31094833003367894,0.48736618864883596,0.4648296914524547,0.0,0.0,0.6506863486728336,0.6029162425092968,0.6286715961409108,0.0,0.0,0.522986637297884,0.3937086882119558,0.8416251659035126,0.6835721150257186,0.5315586499575666,0.0,0.8196513150351061,0.6516275624629524,0.0,0.7024942534802421,0.35339208158068125,0.0,-0.23177437475857193,0.0,0.8187789233156316,0.7568442489604233,0.6329831202837477,0.709601368717706,0.5359413004415342,0.25838733326902497,0.6049786506820767,0.6798083359362352,0.5863218213649796,0.6884032799872728,0.5910493208231045,0.38134957219502336
0.4554295912364592,0.596262603367329,0.5020015582933368,0.15196658668839003,0.329318876326406,0.3949773456509754,0.40622790010627025,0.5163383750552611,0.6051441824774187,0.42075310975537983,0.4375411314500789,0.37988082533042494,0.4633900780215021,0.16890458326360566,0.06506313149128984,0.5482988808608537,0.4690920862144915,0.6098474610817453,0.7296247632191215,0.6218570649884914,0.49139998083532355,0.0,0.4485716950026709,0.5839092349303889,0.6692656579398171,0.4775319809094851,0.3836966395012674,0.5326386123148593,0.4045036861238051,0.545043146863923,0.36126121129286604,0.17781092427952516,0.1945035615799183,0.20970252926892835,0.23215163525568022,0.31005719659544706,0.38145152398732557,0.49738546200907274,0.13283567924444725,0.08877786256798911,0.1809792725271916,0.18497552311332727,0.022656730345382403,0.3912705042576483,0.38280387116611864,0.6168653120004337,0.44017942656472814,0.48043151011292207,0.4698752809909912,0.3945529841402191,0.42262720041691526,0.4597210463198246,0.6916324279701409,0.5637447532242204,0.2530580653528861,0.0,0.5422809147830147,0.553735209175262,0.0,0.638289784934788,0.15132575411510382,0.557511699105138,0.06150729760875623,0.0,0.3754616184514836,0.6675488959035334,0.4003853380483702,0.6150295885302278,0.37709039390361027,0.27683260124461323,0.38037012887730937,0.5733334703716855,0.04629618114948092,0.3459064191124042,0.4390670433556908,0.16270490452917863
0.2947680046525354,0.46674066676474446,0.4806311539953123,0.40443949444112776,0.5234254461254177,0.4994894641997162,0.43964596090681723,0.507243467121103,0.509826123808388,0.4171538858926902,0.6010597380448548,0.17902242264532303,0.42752221639660115,0.6530041267898501,0.38120217772807125,0.4465952303026641,0.5539127629519133,0.37682862937222317,0.38448104010142514,0.4757044679541923,0.4469736984955705,0.4485716950026709,0.0,0.2736735315241564,0.41808339157315133,0.30351402899303365,0.4030521446710986,0.3983044761102381,0.3509607874983708,0.38094052574190534,0.4211100518241958,0.2999095741988823,0.31330422848592676,0.39362027210958267,0.40306771232980776,0.5223308702564204,0.40146988644057147,0.2732188387652737,0.5963065170963077,0.6533500022617649,0.36084588087046865,0.37351760949567536,0.7404795948885343,0.6241148400924662,0.3265799172364532,0.5045564341365065,0.6832934069193676,0.7515988630855295,0.5384570335471516,0.7261102876934338,0.5697045195089008,0.5911153170355613,0.6193982792975927,0.8067720933231477,0.407312253522203,0.7772939240187444,0.3876516374264835,0.5618393660824732,0.6316297478655857,0.7556307528866884,0.6513495945246817,0.46628564046225673,0.616175938764969,0.7437362598293149,0.7182358016109505,0.7075459753506188,0.6878218384795868,0.6974614974162343,0.33596003796791885,0.6012895062240406,0.6283422455583585,0.5200381971639536,0.5157186363591222,0.647079622423586,0.5411173647446582,0.5317514695380675
0.4085808603832086,0.3597213795086686,0.43927961556997175,0.3269010907235963,0.5366837440359231,0.31307815675761635,0.5183867643278581,0.24546347811716657,0.5293908810379498,0.4534787573196362,0.6936918727230629,0.6424768739458787,0.4688311636438903,0.36921776296718545,0.07273963818021162,0.6311992463678684,0.5069048730072107,0.5803136979181394,0.4432707875587715,0.3902037145989825,0.3631901897314641,0.5839092349303889,0.2736735315241564,0.0,0.647731870222163,0.3784112564281039,0.44046175873075316,0.6290517521499335,0.42334369266444427,0.5411237747132258,0.5223137979066865,0.3284971478774308,0.45349774369904816,0.06633957837675014,-0.03122163377010062,0.6886610580800723,0.2771627855967245,0.2795918672841884,0.6516035689635278,0.6483118234109573,0.7069827411823371,0.6079093444565398,0.6433025427985652,0.20821918349130208,0.42822776061674406,0.3129513932601374,0.5331660843694046,0.0,0.0,0.4797419325107273,0.4316417570625817,0.3939891977187834,0.0,0.3000521541386845,0.49527902210801855,0.49065514715157527,0.4640988826931137,0.41072613532980706,0.0,0.3558757607806563,0.3535535046637467,0.6490312838773356,0.5235355424646977,0.46619214133241116,0.4185989037436981,0.27301680352918617,0.30428341350999527,0.6830978570647543,0.41715168895660076,0.6246369911592714,0.5366674581361068,0.36631966871917165,0.41098994548537765,0.7166673034711613,0.0,0.525352962713005
0.41507873418971303,0.6382136369729864,0.6063623469729327,0.7977718872097692,0.22587029872736977,0.3150246597830544,0.3451427525631575,0.5258707985392556,0.4092125363969077,0.7438052662786434,0.5128966915102373,0.6713019447592746,0.46505866043108895,0.28348509364895996,0.29612921933273995,0.7441399037804692,0.6713060193690216,0.716240582908125,0.6019151552111539,0.5011106989014021,0.3827857182374091,0.6692656579398171,0.41808339157315133,0.647731870222163,0.0,0.33280956674468143,0.4227299296549432,0.36964486551010145,0.3776773515645724,0.48799887957527666,0.5135865559956404,0.2617619168444318,0.40739386531785604,0.31576469220250714,0.21624986691228415,0.4365573929855756,0.6219896940300659,0.4287927577696174,0.4933791785617267,0.5998492937049305,0.4693353562264112,0.4325608272754189,0.17373638870327013,0.0,0.29051173456911195,0.6029704555940203,0.7056614564890763,0.0,0.0,0.0,0.4356764153086521,0.5922306897805597,0.5563181645860973,0.43715088307094474,0.36469730757895547,0.45849774344347133,0.3518149974268894,0.3325307545948468,0.0,0.0005504506832433309,0.5071130414133441,0.5064758632610026,0.6994445050806275,0.0,0.37167445240173025,0.38585744554922574,0.39473474991081525,0.3952857168251882,0.5525997555693261,0.8045519538754737,0.7258504176038707,0.35057059518804556,0.6197007144160687,0.2288519960075274,0.0,0.6163636355750126
0.48554457845023,0.42612510961682,0.42625524393805386,0.11633210146381862,0.3294320462186533,0.5661323577234536,0.5409450465815324,0.35274245866472115,0.4766339717439726,0.49249068485073344,0.5203940357230941,0.47060149311935584,0.5453487787924856,0.25568592927450073,0.202549870011703,0.38665322210593994,0.47824630066113977,0.4330372508414824,0.5805204500851275,0.366041880686744,0.4852410434900973,0.4775319809094851,0.30351402899303365,0.3784112564281039,0.33280956674468143,0.0,0.4451607426296163,0.6006769671793906,0.4133605375769647,0.3708997022282463,0.3810976567813965,0.18178345706152607,0.3323062449626699,0.2154233344832001,0.27354462941457125,0.2749925697731881,0.32680514609813704,0.36543448288314484,0.373671895656737,0.4593906057025291,0.43051602836966407,0.27098721541884996,0.2547373792747505,0.5040055554296357,0.2578647520227121,0.4696537100004576,0.6466252387141543,0.687571253687893,0.0,0.003186682274084158,0.5184187924271157,0.5748796991967479,0.5027814817506004,0.48281181266726636,0.316250185414505,0.0,0.3970752304364974,0.6612943222939487,0.0,0.6870357843087045,0.40830815096682826,0.4829827232333287,0.5897957419886898,0.0,0.3657510945593784,0.782694344210043,0.5405968324281121,0.6412485773421628,0.4730535985073282,0.6940859136847756,0.5898000054153477,0.5593075720721534,0.4967043154570766,0.37468541173377645,0.4438028831975551,0.43225968161261663
0.34990939934051546,0.4281499299055368,0.8391508559609347,0.3653667130623274,0.5519884096246817,0.5747439632545954,0.4276033448191129,0.4215559885734479,0.836435572131545,0.3641315817920817,0.7347941348412336,0.27472585714730813,0.4542796791049392,0.4826988111174753,0.28320867995389687,0.3999837472046462,0.4994590203394814,0.4635833659079283,0.7881990039318527,0.6295114111701505,0.5151859671824353,0.3836966395012674,0.4030521446710986,0.44046175873075316,0.4227299296549432,0.4451607426296163,0.0,0.4240272436104729,0.4993287153549065,0.3747928134785456,0.42543941578632294,0.24383672541723708,0.275916103248783,0.36434110018334753,0.31778345892138316,0.2530157481170365,0.38901690210433726,0.34417764218730906,0.549387888864957,0.5749567512331359,0.23909459332428473,0.13171859572776834,0.6574399978024075,0.6700828863066901,0.1855089796236658,0.4362181110913401,0.5574347663449355,0.7912740608487479,0.4864984931372211,0.7075553535455009,0.5491871951234383,0.5190472473934449,0.539469777212187,0.8198559397196645,0.5742487089804889,0.7913034629495048,0.30937354577680204,0.5760976467974925,0.9224889903521893,0.6765047016315587,0.6942324057332521,0.0,0.5726882378814685,0.8294816683016785,0.6567982151116967,0.6552662767143673,0.5538144169469642,0.5242910073441212,0.0,0.6793915124069271,0.4952437335712593,0.5403088225057266,0.5368518400806863,0.6150166167393647,0.41494005540759205,0.49556321786790214
0.4119804197394763,0.292445817316774,0.5442837058780221,0.2921403733314559,0.31546144866183495,0.5831490560324025,0.35243122017864836,0.39909338158169616,0.42582756937353705,0.6168885609871567,0.4425937719779299,0.5709929142333524,0.5078554724762351,0.8422243974254449,0.24636317842488484,0.5046968501076861,0.6797580380482584,0.5099226210991703,0.42145450217443114,0.4692791917075723,0.5173950273452903,0.5326386123148593,0.3983044761102381,0.6290517521499335,0.36964486551010145,0.6006769671793906,0.4240272436104729,0.0,0.5005866172190171,0.5325552231523121,0.5341620914122325,0.5168105139509318,0.6436535888265261,0.48455322173308013,0.6017032781875056,0.6563145834861184,0.3647203062472836,0.6678543503462615,0.6328214070134202,0.18178769669679462,0.1753859927593633,0.24209698376107086,0.30391417877007204,0.3039229034287135,0.7252819464888455,0.5471760891423638,0.543417125455226,0.1336118631078111,0.0,0.5138213767156526,0.5925343156728717,0.612439968926302,0.5412741913041436,0.6342997807575759,0.5701611770994142,0.4629020810889566,0.3044583496949559,0.661560778926665,0.40846743496439797,0.5745305871016855,0.4537650127538724,0.3132916368738869,0.5627515771062239,0.6016277834814132,0.6413336690830468,0.5497336707242363,0.4830256882272832,0.6120819923439569,0.47293096556454456,0.6001001580126072,0.24623993145267645,0.5890381755143643,0.5363547848805503,0.5516961884974219,0.4470216410626915,0.5739929582899017
0.38907421675513915,0.3450899397722812,0.50296744583578,0.14070349615094166,0.5797250381704292,0.3581817607854946,0.5600880021319097,0.32139206733257364,0.43590491158781103,0.45566809393787333,0.3669651653888086,0.2939648075539107,0.588880710071796,0.5133723085903146,0.30722721826673327,0.45042457425887183,0.16645562808220923,0.49942869544887347,0.7023969050652075,0.5931481789917615,0.4449438474390772,0.4045036861238051,0.3509607874983708,0.42334369266444427,0.3776773515645724,0.4133605375769647,0.4993287153549065,0.5005866172190171,0.0,0.3591848367405875,0.48709756430630774,0.1022044960687396,0.1814315389742949,0.36700185244644745,0.26275408868433897,0.13632378697623887,0.1764617218947048,0.5020872193468163,0.40330945186441364,0.4793335640398143,0.10351257721823823,0.005478908509479019,-0.047129666202993165,0.3838538180747967,0.36096730849683306,0.3695271980774264,0.26079525730136927,0.516892295989879,0.4829602015340061,0.2989860228542141,0.5111761001731439,0.4103757555376075,0.68502836451887,0.6007212724224194,0.5713460415500076,0.41484543760649273,0.4638712937599665,0.48218945723677087,0.5850433758843483,0.6168683556891729,0.5907840024996894,0.46935113362641934,0.589448124198087,0.40097333545672753,0.6080842782470105,0.5951030709256464,0.5514693363905512,0.6091140620657982,0.45681795511769685,1.0831973597167686,0.3764499431580952,0.5587031106000557,0.4748384609974155,0.5127670212210147,0.38371902615094816,0.4007980059558507
