0.0,0.8371096663097345,0.5975192059317885,0.0,0.6275012895154741,0.495629304861809,0.6676223366310587,0.6133300264827504,0.5924674617483182,0.696817971851234,0.5244511906426496,0.6238761998121165,0.7686884396892555,0.6097023069126173,0.45192445209499693,0.8158381433893087,0.44226802504737317,0.6300430021393468,0.0,0.49734887580098835,0.3984307781695049,0.7554674571764308,0.5473141396322578,0.6663936344635037,0.6239456602456497,0.6054810016921925,0.42567603460214554,0.6267093680938278,0.868877921474792,0.6701692500891727,0.6066169632403126,0.7016088416652255,0.5448175881686628,0.6191110542059828,0.652231583196838,0.6941577557453116,0.4850098989520532,0.6814204641697788,0.6173794439999108,0.8292750724512636,0.7564443202765316,0.49022150257522024,0.4693743703431705,0.0,0.5075254509855859,0.465364003054466,0.7608789693072096,0.0,0.0,0.0,0.6574794407396567,0.0,0.6657459398807543,0.0,0.8509094824010823,0.0,0.8292589268880809,0.8950360893860668,0.0,0.7010537728804975,0.8058717941262652,0.5354702361760283,0.7291931713130568,0.0,0.9667789426862567,0.34123760351390925,0.8824859073933716,0.9691797628443068,0.6219212908126881,0.7228791352915396,0.7706434490967617,0.762582474932362,0.45070689056764385,0.7267384856414452,0.0,0.6038539567313121
0.8371096663097345,0.0,0.7760093372688706,0.401558275966292,0.8111784925596596,0.8796200253741143,0.8100637492969666,0.927295999533487,0.7093180132022405,0.6180514609966322,0.6219372290293957,0.617575401479282,0.8881644718027759,0.543419844268415,0.8138151011691392,0.6741159258206149,0.8775655359866046,0.5552673269810906,0.6741308236224539,0.706911708208479,0.9530212514071135,0.607874110554951,0.8968272443134577,0.5633515023386428,0.4363567659913664,0.5099668036081721,0.82894629389476,0.8803324545239268,0.7838755262141269,0.6656099231719432,0.8432125818646169,0.703108840406886,0.5228394399620052,0.8687284585932052,0.8300595114858345,0.8023837281648978,0.05173225433113998,0.0,0.6496735442913535,0.8605417280564012,0.6840945898937848,0.8319755504742363,0.5850070002204852,0.0,0.0,0.848822607418925,0.7992195015692836,0.04409654652705923,0.0,0.0,0.8075561837642826,0.8624497350516365,0.6381896532779752,0.7677134965281935,0.5840559442364228,0.0,0.6780365369629504,0.8828793898641705,0.0,0.6715247641366868,0.8524280054341082,0.8799895907610493,0.9252617279573696,0.0,0.8972940602791522,0.8292912501163291,0.8285755088179283,0.7967493795401508,0.7515501999490815,0.8717351150912686,0.8367548347752514,0.8152614406475613,0.784883445262803,0.8674652995416839,0.0,0.8030234248903727
0.5975192059317885,0.7760093372688706,0.0,0.4902775659415961,0.5649668470237326,0.7409328067938319,0.5678705500183405,0.6109606539709387,0.4493296766218754,0.6356628871772592,0.5018422839256729,0.8376518044549639,0.59760927411471,0.6404225133320265,0.5986656377470126,0.6566471031838805,0.8785368112421064,0.769161744875584,0.38150226738005966,0.6946744245128622,0.6179010209537836,0.772913923901582,0.5798566178298328,0.7128402988576732,0.7458508817391662,0.7874065576192422,0.5416343974264948,0.5523376454600155,0.6835861328380464,0.8900991615854152,0.6487623276838659,0.5884720555244938,0.5818287615366324,0.5879677233657089,0.441948025712091,0.7281954178401213,0.5204338222066567,0.7680336838326063,0.7735383969791623,0.47113410033482983,0.6157542648707672,0.7379385689606259,0.7503602962283529,0.6553350455086884,0.0,0.0,0.3890021124708631,0.30844263241607495,0.47278616325299383,0.5376911308331783,0.5687280572584639,0.46308586424040354,0.6379071177453172,0.7710965958086837,0.4367433627184131,0.7895033442739596,0.8743220642377554,0.7114866578599496,0.6556258199641084,0.3524900067926494,0.0,0.0,0.0,0.7938994426116224,0.7689305640242763,0.44804728674079203,0.24504660689212476,0.6761363663248652,0.0,0.545281586246524,0.6513128304998805,0.5942697189396139,0.6962293703774619,0.8693315240644485,0.6452617786333461,0.7103755396837527
0.0,0.401558275966292,0.4902775659415961,0.0,0.3063247045901264,0.6962635460172137,0.36869479925085846,0.05508996049541598,0.687987810933856,0.19320494763236612,0.7736092192553183,0.3074077341011615,0.649487842510984,0.19800570900371348,1.0917948930604777,0.2553128089996536,0.6557201134626458,0.46919351409307297,0.6619003839048008,0.8948427446932534,0.4534472315220058,0.8856284293366452,0.9238791800209671,0.36886297365461557,0.7975048857463354,0.705543119458897,0.9838643445507633,0.4882572067676184,0.8637542102694655,0.3935593503784244,0.5395561538913887,0.5972499159452613,0.8075142826155778,0.7137870739260426,0.8480592498111239,0.2820775037964572,0.27840186691362717,0.5020939641239911,0.2963313128395414,0.37427364198776564,0.5248560329497207,0.46577088252320453,0.17033053498144318,0.2936472113328341,0.0,0.0,0.0,0.41479364132211566,0.0,0.0,0.7432337722895863,0.0,0.4661551202311165,0.3077853238294579,0.0,0.41707298339388893,0.6086525225651311,0.45325114614023354,0.0,0.0,0.0,0.0,0.0,0.0,0.0,0.0,0.4574443817926354,0.8926099965907552,0.0,0.0,0.0,0.7259222782003751,0.4578192927235164,0.5534308251938711,0.0,0.0
0.6275012895154741,0.8111784925596596,0.5649668470237326,0.3063247045901264,0.0,0.6111115836676674,0.5332526680068521,0.6682277796243916,0.44872955141805404,0.7827222539755512,0.5745650227997132,0.4801571247368256,0.9027256323901948,0.43592166705118607,0.659260555616994,0.8972579378095105,0.785720261436804,0.6188350819687873,0.4972172015037514,0.6860895609528666,0.7351466374688047,0.7349382417363904,0.5500970357106347,0.8387856592851303,0.928629418852472,0.5856081216014346,0.47476860116802666,0.6166410503906736,0.6891820800827229,0.6539499288083706,0.7168196505451373,0.5703587588443041,0.6565570040702751,0.750787786588742,0.5277396947860253,0.31796004425547875,0.4629387095924793,0.5425482947090781,0.5540802375489001,0.4790038916694798,0.6905561369327923,0.22216205243903026,0.6480389412104226,0.4030350735356817,0.35669780349429214,0.0,0.4713733635530224,0.6412574576333734,0.0,0.7540857481499778,0.7148639591765258,0.8391572076044922,0.5593883893214255,0.6147559563367587,0.0,0.6526388770183043,0.44005178665275635,0.9096298948587241,0.7516317120222045,0.5504369852004983,0.4518613218749181,0.0,0.0,0.8452470208931613,0.6252010916673736,0.4842978062808603,0.7158364392930345,0.5866217691203934,0.0,0.4725161956314624,0.6543726009036912,0.5218973150799819,0.8463344359122814,0.6938109182809997,0.0,0.798254937626102
0.495629304861809,0.8796200253741143,0.7409328067938319,0.6962635460172137,0.6111115836676674,0.0,0.5941219955457517,0.5719987185752661,0.45706434094650933,0.6620452998614064,0.6879117015830254,0.8796329455635312,0.7406911315399158,0.494268017523542,0.9171199423749357,0.9565576373668422,0.8207920517943971,0.9517590524661705,0.5806680562773429,0.726926091897121,0.5629421928310879,0.6634999980910994,0.5974569996718913,0.48600049102467613,0.9947045160048782,0.9842414342567365,0.6830957562714952,0.8090608499634991,0.5160806643802742,0.8462428404386246,0.8069133981667267,0.6595328305313957,0.8771916969062904,0.7363917038748022,0.7296829255936276,0.8158581218437073,0.7766922626360702,0.788547783340284,0.8826669461889146,0.5842040621745122,0.8276483421218994,0.8646973702241005,0.771197388970008,0.8770080828464696,0.6031992887436349,0.7786149169421519,0.8102019430574177,0.6999831191713867,0.8429783938003421,0.3460097971295859,0.6775517060409995,0.7411618355248495,0.6711605566504262,0.7757391024789348,0.837374288459557,0.6535595411410433,0.49111709067888254,0.8027965951154298,0.6598207675174197,0.8594577723557797,0.8072376415094342,0.0,0.9310629101366183,0.6657108306950915,0.7821845309232102,0.619613193284627,0.6760471513201358,0.6854511726053317,0.508672703004295,0.7887497086392853,0.9282445525893519,0.6838554884361211,0.7868827237592304,0.8882793362410575,0.5754389337098282,0.7791324012757123
0.6676223366310587,0.8100637492969666,0.5678705500183405,0.36869479925085846,0.5332526680068521,0.5941219955457517,0.0,0.6732657283794756,0.6847206841830322,0.5395487531456481,0.7353197320980467,0.5270549752230866,0.944106939436341,0.3938254791095019,0.6905202156480266,0.8936331904502496,0.8657211574245429,0.7223790581918258,0.6468935276561658,0.7749842949211168,0.6617683474267152,0.7933780889920103,0.6676867084435205,0.7314788449599717,0.8447223308239762,1.095209137673994,0.5216363152617409,0.5919019367314796,0.7401284266090251,0.7773041055701249,0.6947334510813745,0.8646980173692498,0.719246080944293,0.6332577961226168,0.27716674970328536,0.40011892391138393,0.4453597834472455,0.789908360299959,0.8839222243883639,0.3850256119074145,0.21782943403810032,0.4816972271191592,0.3692384371254803,1.0220883229244522,0.7435329010757015,0.0,0.8373698261034083,0.5752322849386518,0.0,0.7328537506806097,0.9966076392656333,0.8415267047047273,0.6940667261296456,0.874116685114233,0.7576081435433897,0.7329191010812274,0.564931947152074,0.770319153767177,0.5039851499917524,0.6255156546386093,0.7932061502421939,0.0,0.4997786848070085,0.8588034663737361,0.8492338406256487,0.6252692397011597,0.9034281909818394,0.6736715607544363,0.4710820787435561,0.8502377131439505,0.8557528570912143,0.6645965842484776,0.8252161769789026,0.8114284588926848,0.8744973316218202,0.735347780500293
0.6133300264827504,0.927295999533487,0.6109606539709387,0.05508996049541598,0.6682277796243916,0.5719987185752661,0.6732657283794756,0.0,0.5997442540166653,0.5309103301771092,0.750992244019786,0.8111262731222795,0.777836331884365,0.5531468770162644,0.2737345000838214,0.9699515574788566,0.5779801769225845,0.7377010979098684,0.783676833602285,0.6008083163832605,0.3867268250919466,0.577970251586239,0.6556002738131612,0.5061365402402316,0.661650138436352,0.6568206085994786,0.5879193716324174,0.7258236834523284,0.6785216988132684,0.7373606353165374,0.7004557752618853,0.3244220493550849,0.021483893310954683,0.6841413654259159,0.6195281323226467,0.428705698921892,0.38200677845003683,0.7900856984905767,0.7289328260309244,0.7287158322649787,0.6085405926977977,0.6586601141359563,0.3650843053094174,0.6329867579586554,0.0,0.8025195376573298,0.6269065032129603,0.8295539266177969,0.0,0.5228650210703025,0.7943101647406892,0.5763077092038542,0.5129009781120041,0.7619863270786387,0.640350935868018,0.629597072679617,0.9227595091269695,0.7653144593400282,0.7011581137374912,0.7953243323830751,0.5894034488571651,0.0,0.5473771949928055,0.8690589431555293,0.6815693779050794,0.6265281803941615,0.7246310177080095,0.7192251178660022,0.0,0.7549965548503961,0.6041913953382556,0.6596791433843916,0.7986665238368365,0.7570577839809207,0.6364752224279644,0.6741586744298496
0.5924674617483182,0.7093180132022405,0.4493296766218754,0.687987810933856,0.44872955141805404,0.45706434094650933,0.6847206841830322,0.5997442540166653,0.0,0.7803406514836034,0.4683034083626031,0.8942455438654735,0.6152776721729253,0.5919830038551619,0.7903793491477311,0.9171386553257094,0.8098394163983135,0.6647025634590207,0.3806515313833697,0.5663525118427191,0.6530485233676835,0.6470187077469645,0.5341415783041794,0.7937015802112446,0.7116096041692133,0.7944791166091818,0.6123699441330326,0.6175975309026736,0.4795232522431345,0.5282551888464846,0.69408380986801,0.7093947758910741,0.884605658461312,0.6823477923627115,0.6459336670359747,0.8039010533861171,0.6959669248084202,0.9278932986883555,0.6711391135350864,0.33678126019957694,0.7205565800981604,0.7372963533330553,0.6250108139771088,0.6332980847481473,0.6313025053120375,0.0,0.766899867381051,0.5920261207915504,0.4698507962109271,0.6944261444663935,0.7414054079771011,0.6875020678185504,0.5374238478591427,0.6586083635391473,0.37309072276862965,0.7903595426953232,0.6337190027641676,0.7744333407166994,0.6948589306986186,0.7336761567813535,0.7157762388583757,0.0,0.0,0.8018852850478302,0.7953835075283968,0.6442129149170308,0.8043474429893889,0.6031075901264078,0.42220963760820196,0.6491268413620783,0.6405772712383804,0.49662848113638675,0.8506055436746407,0.8014059651355905,0.7669250665086762,0.9268561253120424
0.696817971851234,0.6180514609966322,0.6356628871772592,0.19320494763236612,0.7827222539755512,0.6620452998614064,0.5395487531456481,0.5309103301771092,0.7803406514836034,0.0,0.7518288928545267,0.7929422191148132,0.6896774986240413,0.24494900999882788,0.45892664309802245,0.5759065536182713,0.7810401751910152,0.7480399569771308,0.7110983255519285,0.6997445870032623,0.8113278464926164,0.5508237020984199,0.6965927534526052,0.7911658378967986,0.7125219459943203,0.6897484874528648,0.5886965463344308,0.661458350651247,0.6993481693849921,0.3968287338414197,0.6286687428769879,0.3881619917723718,0.7470438688323775,0.42005548617282035,0.37803452974593343,0.5653789081622507,0.5217698818041228,0.651788861517572,0.2800058488395293,0.5132045782755154,0.6677788918391653,0.17786070992679634,0.008710498244609899,0.3773158159387602,0.689963624708877,0.852111379862709,0.700624303271336,0.3635679742008144,0.47868346560987984,0.43462562646952174,0.6698942063490333,0.49917454593961996,0.6824167063131974,0.24313500170358776,0.8485554161232745,0.5860861004152269,0.8731940528135876,0.7793543223091679,0.0,0.625024484957011,0.5798059896324524,0.7388744223495521,0.6543390150078819,0.4659856770424001,0.46543936583156287,0.8397207449635387,0.442721745014947,0.9055517057621423,0.6786503547915823,0.6622819919290672,0.8021109136047522,0.6530324436552366,0.7121032292041012,0.733998635738961,0.0,0.865168630921596
0.5244511906426496,0.6219372290293957,0.5018422839256729,0.7736092192553183,0.5745650227997132,0.6879117015830254,0.7353197320980467,0.750992244019786,0.4683034083626031,0.7518288928545267,0.0,0.7404370502156035,0.7711013816172465,0.5122501074958765,0.0,0.49225150931096007,0.7892318405162069,0.7948204184284061,0.403177269479116,0.4508110197596996,0.7650424660883277,0.5189296367832467,0.4833970877385652,0.6117812403428107,0.7669085158347717,0.873306387580991,0.707609448579136,0.7358423849136447,0.526172311562626,0.6112465899725736,0.7219604703016615,0.7004615364080207,0.6968469155842478,0.7360288064193783,0.6858502959872677,0.7692954805671499,0.8369664982770837,0.6969436205998004,0.7825257530302288,0.5086150272541861,0.8485889086447223,0.7755871784799474,0.7989789136591664,0.6343172502253619,0.39043531860264113,0.0,0.0,0.8023251580691384,0.46665764403426085,0.6779967208562041,0.702045978040433,0.5794836700701222,0.8024270997699925,0.8896725896845612,0.6971339109174033,0.6277392036036099,0.594285221871373,0.8676147124515555,0.9072511355742057,0.0,0.0,0.0,0.0,0.43586801016164567,0.501017020914324,0.0,0.528607436441006,0.8003571537595204,0.0,0.0,0.8980812457747587,0.7985375918190427,0.6998724174128044,0.45495163973057096,0.0,0.8372668400650327
0.6238761998121165,0.617575401479282,0.8376518044549639,0.3074077341011615,0.4801571247368256,0.8796329455635312,0.5270549752230866,0.8111262731222795,0.8942455438654735,0.7929422191148132,0.7404370502156035,0.0,0.7195694130740671,0.7261018770782659,0.6335091453486497,0.8396233169417915,0.8465152080694083,0.878160963038558,0.9005131597238996,0.6108781776669852,0.7403937364070663,0.5191563583999781,0.7622230801497213,0.6063705951654086,0.7162920705565163,0.5833984676186683,0.7637357023562045,0.7677597354907806,0.9034210370724465,0.5651870650023414,0.4763485284650963,0.32701490718731907,0.374565051129607,0.280912311335056,0.44489719342704326,0.6812867145384652,0.4144632238724506,0.12099609821001955,0.3076821925306955,0.37081085336221276,0.6159080307673379,0.5192827036700587,0.4751851183396992,0.6336194156743511,0.46728629737076754,0.779645313910325,0.6794028614437251,0.4984642687067785,0.4657832328546583,0.28788008412245725,0.6721934971969675,0.7692052634047999,0.35063498443457874,0.6411758978832351,0.806308574801648,0.34561393370810645,0.8894477632687076,0.8159601858996028,0.5269657393779863,0.5092636231607481,0.6469528953287167,0.5952510120004264,0.5457454801406529,0.5443143695222812,0.8083421119826036,0.8266966016702729,0.6914769139392649,0.7829743825842334,0.6617473390351342,0.5924504193713521,0.7336115930358975,0.5943214954507324,0.7917283583264701,0.5539979161136133,0.0,0.7328667876945343
0.7686884396892555,0.8881644718027759,0.59760927411471,0.649487842510984,0.9027256323901948,0.7406911315399158,0.944106939436341,0.777836331884365,0.6152776721729253,0.6896774986240413,0.7711013816172465,0.7195694130740671,0.0,0.8392263511142215,1.02781292083808,0.9877635715970114,0.5752159334443602,0.9567582522003264,0.7260940792859739,0.9620388994086135,0.6929991523577629,0.8906546070598043,0.773908823426039,0.621511872422779,1.0269455886084244,0.9553500611577179,0.6381758369079567,0.7372864990160416,0.8745997681022615,0.8353344014196582,0.6841235016279321,0.9286672471536976,0.7280594312809692,0.7615643215456542,0.5736773099118277,0.8204099835746088,0.6631923024534413,0.8298285640997858,1.0209684227624638,0.6473726244164195,0.5830883055847693,0.6002402365007329,0.531112518697993,0.3692224277552669,0.6361052466408229,0.7167796209707671,0.8977958544723397,0.739376644502309,0.0,0.9230069794764582,0.7785465891834829,0.844042090235069,0.6896257906684984,1.013489304540204,0.6697230047109919,0.5995083146972566,0.4729668453284367,0.8211958939129187,0.34665334664135433,0.8523876195721836,0.7672146045553518,0.5326139898083594,0.7744887062893205,0.8935821979382649,0.8077190377183792,0.8555681945565579,0.8571631753415765,0.8188772131216943,0.6726731008053105,0.8649602323342758,0.7954792049224368,0.7829268299224601,0.9730261954936898,0.8872883937422902,0.6760948152269823,0.8454548890797573
0.6097023069126173,0.543419844268415,0.6404225133320265,0.19800570900371348,0.43592166705118607,0.494268017523542,0.3938254791095019,0.5531468770162644,0.5919830038551619,0.24494900999882788,0.5122501074958765,0.7261018770782659,0.8392263511142215,0.0,0.9767692789118703,0.5042402646356015,0.4536573117771344,0.4973933296702885,0.7517218445358245,1.1485006706534016,0.6312072828931339,0.9368364631653164,0.589935972083705,0.7747741925074343,0.6243969016320393,0.6225559542130834,0.5730596335560385,0.5375970347218426,0.6016450655935125,0.6887988665678486,0.7971090808256625,0.5856470910260725,1.1343664045976543,0.8314472824882714,1.0282316139685415,0.4294932073555108,0.27055054569098835,0.5839263519163589,0.7752643068522407,0.0,0.5253729434254232,0.6736776849356838,0.7526930707319367,0.4720168295022201,0.0,0.0,0.0,0.7382403580512401,0.0,0.6733926594451976,0.616720164535551,0.5013761786276701,0.7612975390746979,0.4099182956732025,0.0,0.7419380876565955,0.35984801557811574,0.8646296371215108,0.7098679971276329,0.0,0.0,0.0,0.0,0.5867598430891882,0.0,0.0,0.0,0.6974383294077461,0.0,0.0,0.0,0.7784570238504611,0.8755999428037228,0.0,0.0,0.0
0.45192445209499693,0.8138151011691392,0.5986656377470126,1.0917948930604777,0.659260555616994,0.9171199423749357,0.6905202156480266,0.2737345000838214,0.7903793491477311,0.45892664309802245,0.0,0.6335091453486497,1.02781292083808,0.9767692789118703,0.0,0.9107909505166087,0.5955601216295064,0.6803732746972317,0.0,0.4098294488299248,0.42773434663758214,0.6969134738419918,0.6506101983108967,0.3792550082800218,0.6601321172112569,0.5466088654483667,0.5093346935548801,0.711708865816472,0.8257301388729394,0.7968098801966896,0.8024451012244089,0.695898623362482,0.7945170094246436,0.7793214685669534,0.7407408537636117,0.8260808129923036,0.48286411277913477,0.3801565646111995,0.5920685201634757,0.6513690336963556,0.631458074099766,0.5471441943140034,0.8449470680506831,0.6194417204901634,0.0,0.6227028089868715,0.8376565437661272,0.6803514829885964,0.0,0.0,0.7257879559802825,0.8694059478491498,0.5296076745572859,0.5795784947907273,0.0,0.0,0.710911824859163,0.8438382596822365,0.46892905272889285,0.8089784556879107,0.9681522108359241,0.5469934319428986,0.9227230139749025,0.0,0.8335545579233117,0.6216014477420129,0.835985597300682,0.7796760337025227,0.4493322362572348,1.0633944115897545,0.6697072835310334,0.7016344151217151,0.821831450482617,0.7230204659289075,0.6775375425640616,0.5836081633153508
0.8158381433893087,0.6741159258206149,0.6566471031838805,0.2553128089996536,0.8972579378095105,0.9565576373668422,0.8936331904502496,0.9699515574788566,0.9171386553257094,0.5759065536182713,0.49225150931096007,0.8396233169417915,0.9877635715970114,0.5042402646356015,0.9107909505166087,0.0,0.6460981344609378,0.8613306533339091,0.4505485349533326,0.7799373391706557,0.9638078056843478,0.6742385748108364,0.9533983512884876,0.7721348014475953,0.6954407206911384,0.8245072711043432,0.9156979977905784,0.9031968879452332,0.8527447941529278,0.7884893445141682,0.6101663668728146,0.6782837316431778,0.4614325147752961,0.5672500113012272,0.7365855219420652,0.4824974363628284,0.5760372777442175,0.5638517781003058,0.6972120018748535,0.7683562301498151,0.7979232124114242,0.718324350987315,0.46967506661795183,0.0,0.0,0.7748308233254101,0.8505914916814338,0.0,0.0,0.0,0.7967235930788639,0.7172278646915863,0.8820125831352098,0.0,0.6295580204768877,0.0,0.6493173783322903,0.8019982534035153,0.0,0.8937326074579215,0.8252758972080452,0.6216805258228705,0.89016994592068,0.0,0.8246538800515364,0.9059494746744787,0.8479212772246394,0.8839735628408039,0.6195664355103703,0.9093537336421806,0.9117717097049249,0.8922898781040821,0.7944897031790156,0.7701155831465734,0.0,0.6950233371726999
0.44226802504737317,0.8775655359866046,0.8785368112421064,0.6557201134626458,0.785720261436804,0.8207920517943971,0.8657211574245429,0.5779801769225845,0.8098394163983135,0.7810401751910152,0.7892318405162069,0.8465152080694083,0.5752159334443602,0.4536573117771344,0.5955601216295064,0.6460981344609378,0.0,0.6329130775354888,0.9112862037270356,0.4894006032624939,0.4285997124008055,0.6564586554044457,0.7632652461106662,0.784373397735128,0.26472520482897055,0.7103764346195609,0.7348447713386763,0.733277311060666,0.5146588255804821,0.8654180608819968,0.553672304076338,0.6370637049646231,0.6217997811006439,0.541077019643765,0.5988517287568158,0.4642000069025275,0.34670517656248,0.48163850066131897,0.5559353463826302,0.581869561815746,0.8647212201895655,0.7935393984308658,0.0,0.0,-0.22648011215037295,0.8018094743794087,0.4342312094621698,0.0,0.0,0.0,0.0,0.0,0.0,0.0,0.8817955793576919,0.0,0.794609609638015,0.47379164569206955,0.0,0.5556094978249241,0.33631304219145913,0.866215958578055,0.7557930143451139,0.0,0.0,0.0,0.6168569424963866,0.0,0.6620412458684193,0.8189252155496982,0.8663520869972574,0.0,0.5783011666436076,0.4688057611338954,0.0,0.858359365104644
0.6300430021393468,0.5552673269810906,0.769161744875584,0.46919351409307297,0.6188350819687873,0.9517590524661705,0.7223790581918258,0.7377010979098684,0.6647025634590207,0.7480399569771308,0.7948204184284061,0.878160963038558,0.9567582522003264,0.4973933296702885,0.6803732746972317,0.8613306533339091,0.6329130775354888,0.0,0.7927570435724,0.6712404774233743,0.8616192376756822,0.5560797430114793,0.8368554012310656,0.7306428405971358,0.6398515265401186,0.67427292467126,0.9005108240764748,0.6683378489272519,0.765015851567412,0.6510285900921285,0.487285854789202,0.6067264077039113,0.6016083888521264,0.7219789708652046,0.6871049237627874,0.8141049161293361,0.3973789095192908,0.3094607991574144,0.788849916687494,0.7767089612070952,0.73028143394652,0.7655109223676777,0.0,0.0,0.4601572714088935,0.7141356567974966,0.7295859747125879,0.0,0.0,0.0,0.7024433447847502,0.5023634176254809,0.6063534713073083,0.0,0.817892179991073,0.0,0.9449437613275616,0.714752041795472,0.0,0.9022972491842691,0.7434029867242986,0.9273038189794365,0.8754290287875701,0.0,0.7261288762725061,0.9750213602809442,0.8121086051501986,0.9356568131625065,0.7663854497662471,0.7935773318010735,0.844390823798886,0.6484620360799314,0.7826429876251249,0.7859585700866243,0.0,0.7906859518828473
0.0,0.6741308236224539,0.38150226738005966,0.6619003839048008,0.4972172015037514,0.5806680562773429,0.6468935276561658,0.783676833602285,0.3806515313833697,0.7110983255519285,0.403177269479116,0.9005131597238996,0.7260940792859739,0.7517218445358245,0.0,0.4505485349533326,0.9112862037270356,0.7927570435724,0.0,0.5030827549732755,0.6662897383234873,0.7081658267988461,0.4985101908956797,0.741220854729381,0.873650465274724,0.8260358981238238,0.5896836854270513,0.7188424615105296,0.1924706697446228,0.8069515971883221,0.6931372674897212,0.7704974806787722,0.7459127701103306,0.6943238448370577,0.6113921408393675,0.8538285643755239,0.7531837223355647,0.7029430895512407,0.7934954336633995,0.4401345647706795,0.5072889722141957,0.4063509297595864,0.808036722841485,0.5957579415955299,0.003017078306246892,0.0,0.0,0.1718849154385746,0.0,0.4618413798688671,0.7080006545999933,0.2910040514836077,0.6909643420385161,0.7892414483320336,0.59353696310081,0.6806016965436992,0.7634362635488275,0.6017790551917404,0.69658608454643,0.0,0.0,0.0,0.0,0.8259568246487554,0.4697763032600969,0.0,0.485615120462877,0.7053440221955452,0.0,0.0,0.0,0.5980774065721691,0.8068620515658372,0.8306801553438634,0.4758311132043549,0.8592090455362145
0.49734887580098835,0.706911708208479,0.6946744245128622,0.8948427446932534,0.6860895609528666,0.726926091897121,0.7749842949211168,0.6008083163832605,0.5663525118427191,0.6997445870032623,0.4508110197596996,0.6108781776669852,0.9620388994086135,1.1485006706534016,0.4098294488299248,0.7799373391706557,0.4894006032624939,0.6712404774233743,0.5030827549732755,0.0,0.4938011065828598,0.6676498833086292,0.25723001934841244,0.9111334113030295,0.7764363991568771,0.5635398950064221,0.6718162815290561,0.8864410476388507,0.7834080137800195,0.8923448300429508,0.7647744929374976,0.6268796811233792,0.5567344010547355,0.7769137045439254,0.7178662398877045,0.9836184276150544,0.7824910476790703,0.4505211497431291,0.7438403390147141,0.8333539626972085,0.8079937480839876,0.7274925255809108,1.05096279234461,0.3430105973909145,0.33349331874161114,0.7774555627525361,1.0437868742165801,0.7512723294795023,0.0,0.0,0.7983312144855891,0.8371143497345729,0.6565193207919522,0.6344268690905607,0.7842851248180429,0.0,0.8082693649269096,0.904734970639705,0.0,0.8216449115200547,0.8720443456768991,0.46916280753051254,0.9395241017377618,0.0,0.6923082762106864,0.6070300545160964,0.8021264059988036,0.6555540767859576,0.0,0.856678646578966,0.7418329355914045,0.6639052569805884,0.6843951430293393,0.7850270963501358,0.7079838618748948,0.7290241540019716
0.3984307781695049,0.9530212514071135,0.6179010209537836,0.4534472315220058,0.7351466374688047,0.5629421928310879,0.6617683474267152,0.3867268250919466,0.6530485233676835,0.8113278464926164,0.7650424660883277,0.7403937364070663,0.6929991523577629,0.6312072828931339,0.42773434663758214,0.9638078056843478,0.4285997124008055,0.8616192376756822,0.6662897383234873,0.4938011065828598,0.0,0.6990823279061782,0.464141979092515,0.5137114339990347,0.7865446978817066,0.6894185996250384,0.4944115330506864,0.6475148464358214,0.6398182537063211,0.7934401634367305,0.9140723444246673,0.5268070051541304,0.6838467482706598,0.7656093697227657,0.7454505844352302,0.5252249974332638,0.4999276100492255,0.8316343832867612,0.6124373025407582,0.490018400487614,0.464226021865248,0.4124530660119732,0.7407730718804837,0.0,0.0,0.21617488802971502,0.7566058975915373,0.7074960444232343,0.0,0.0,0.8400261826603037,0.6343119281366065,0.23937603921355377,0.6169306940349799,0.8175632949352774,0.0,0.7905806309513028,0.7541180386341455,0.0,0.6503991156577815,0.697951208936851,0.0,0.7185030056913067,0.0,0.6050910973553296,0.3727191775673315,0.6385647632045433,0.540526619296964,0.5370980923086772,0.6907570866949757,0.6620595854823323,0.5659792420593264,0.6351002817971833,0.7171326780001002,0.5969633667107619,0.7574677984995426
0.7554674571764308,0.607874110554951,0.772913923901582,0.8856284293366452,0.7349382417363904,0.6634999980910994,0.7933780889920103,0.577970251586239,0.6470187077469645,0.5508237020984199,0.5189296367832467,0.5191563583999781,0.8906546070598043,0.9368364631653164,0.6969134738419918,0.6742385748108364,0.6564586554044457,0.5560797430114793,0.7081658267988461,0.6676498833086292,0.6990823279061782,0.0,0.8787509310308654,0.37076612728855995,0.7795031088588855,0.7595250227237742,0.5992290425141513,0.8460626936843472,0.6912758704343946,0.8333180960042987,0.8299074020180166,0.6991684676933736,0.5613216730955004,0.9237113540541735,0.8118215377526088,0.7980483898796098,0.9506351586969194,0.14864062919584192,0.6967546654181179,0.8594475599937926,0.7506809443422606,0.7157733114680653,0.9301584993556122,0.33880206515761996,0.3928625446435371,0.8189893485615851,1.0047061901941428,0.7851708029226666,0.4707412939772688,0.3927382821259644,0.9906582885048226,0.9313362562539891,0.8165237669098181,0.8102172911615726,0.6002372755912582,0.0,0.6456042864616709,0.8605820110335939,0.0,0.8524207205997663,0.8704235451553193,0.6918760592200284,0.5266435027121205,0.0,0.7398040290563328,0.8010835561602303,0.8493245783119462,0.7161908533015865,0.793162817938295,0.8201673505897136,0.8215926627925938,0.7649094204238625,0.9803626660999052,0.7967688605493426,0.608318640214625,0.8169620768033047
0.5473141396322578,0.8968272443134577,0.5798566178298328,0.9238791800209671,0.5500970357106347,0.5974569996718913,0.6676867084435205,0.6556002738131612,0.5341415783041794,0.6965927534526052,0.4833970877385652,0.7622230801497213,0.773908823426039,0.589935972083705,0.6506101983108967,0.9533983512884876,0.7632652461106662,0.8368554012310656,0.4985101908956797,0.25723001934841244,0.464141979092515,0.8787509310308654,0.0,0.5318571455483707,0.7329159725449428,0.5770621768551614,0.47074791614533107,0.6615758759163078,0.7159402809831924,0.6551706470681278,0.6950380664616314,0.7033976834366145,0.6282613837577347,0.688766145230933,0.6995748866331765,0.7588821345131562,0.8574601069140371,0.8750143263506881,0.7832087903831211,0.7018104646507777,0.8090901226896721,0.8490907508621968,0.8587458568760646,0.9224336457101128,0.6515690923615851,0.7296497392342636,0.908703055536461,0.774439597852606,0.6878464868580755,0.7019084545470888,0.710610573387667,0.7353561263205111,0.6503833897895144,0.7881962677207691,0.8382491514276735,0.8108814171951972,0.509982111065648,0.7598648423798019,0.7880865956130158,0.7598804106617647,0.9258098450258364,0.46543936583156187,0.9284642802285603,0.7986267475052075,0.6716424037481148,0.5769721724164796,0.7173450054368271,0.7793104478178992,0.33951685931634423,0.8865841296158234,0.8426818593224215,0.6364807604925351,0.7532677735431891,0.7524228553240713,0.7692320646555506,0.7694566298057035
0.6663936344635037,0.5633515023386428,0.7128402988576732,0.36886297365461557,0.8387856592851303,0.48600049102467613,0.7314788449599717,0.5061365402402316,0.7937015802112446,0.7911658378967986,0.6117812403428107,0.6063705951654086,0.621511872422779,0.7747741925074343,0.3792550082800218,0.7721348014475953,0.784373397735128,0.7306428405971358,0.741220854729381,0.9111334113030295,0.5137114339990347,0.37076612728855995,0.5318571455483707,0.0,0.6529185817005243,0.5617089572599548,0.4825299173844407,0.7369049830493168,0.6557101994709105,0.8537898300785132,0.6588768270166324,0.7708360162823604,0.5957206265659318,0.5620912488959571,0.6982902121196035,0.6372744202636569,0.46284725618636735,0.32094512273732645,0.9064877526585351,0.2650410906813531,0.6775284018194363,0.9191627421212382,0.6550173684990588,0.497691767679475,0.14768785722685285,0.5054039800080417,0.7243909610037351,0.0,0.0,0.4665842802012319,0.559335483260333,0.378371048170693,0.0,0.3260085573523242,0.7819226487937923,0.5016653463519539,0.7662224575400942,0.4009357119988833,0.0,0.339499596169479,0.7784760313790324,0.5601463682354654,0.7908537656408657,0.4791780936387586,0.4014306829380945,0.3980763664565101,0.6376153576511023,0.6727272472027547,0.5739707154166691,0.8428196691424232,0.739034709986681,0.5315759400976436,0.789871375840689,0.8410012238480744,0.0,0.6706709353823412
0.6239456602456497,0.4363567659913664,0.7458508817391662,0.7975048857463354,0.928629418852472,0.9947045160048782,0.8447223308239762,0.661650138436352,0.7116096041692133,0.7125219459943203,0.7669085158347717,0.7162920705565163,1.0269455886084244,0.6243969016320393,0.6601321172112569,0.6954407206911384,0.26472520482897055,0.6398515265401186,0.873650465274724,0.7764363991568771,0.7865446978817066,0.7795031088588855,0.7329159725449428,0.6529185817005243,0.0,0.4834500332285369,0.9622723125191792,0.5373266221568429,0.8418207769981527,0.5746673678475813,0.5615552608565582,0.4807402924145663,0.5762152427643383,0.5336658280392002,0.6515504346662697,0.5596692770975848,0.6143802258089797,0.4702194846525084,0.7885895126961808,0.8260166935588631,0.8276009986320044,0.8045319605205543,-0.014674941525790977,0.0,0.5372966765621722,0.7912415311933383,0.7425741880423979,0.0,0.0,0.0,0.8590194078542959,0.6603862297399599,0.8114552354686682,0.4359555932157094,0.8653269351550246,0.44769680633421083,0.902492876664231,0.7571243307649622,0.0,0.9230312801625455,0.7277474247431988,0.9212056673347839,0.8914227086428572,0.0,0.8551700219402897,0.673684575064175,0.8728741386691277,0.7421092894714342,0.7232979122583817,0.8135519096670943,0.8434740800378431,0.731200160351176,0.9556531249299003,0.6004241073688041,0.0,0.7745671491261399
0.6054810016921925,0.5099668036081721,0.7874065576192422,0.705543119458897,0.5856081216014346,0.9842414342567365,1.095209137673994,0.6568206085994786,0.7944791166091818,0.6897484874528648,0.873306387580991,0.5833984676186683,0.9553500611577179,0.6225559542130834,0.5466088654483667,0.8245072711043432,0.7103764346195609,0.67427292467126,0.8260358981238238,0.5635398950064221,0.6894185996250384,0.7595250227237742,0.5770621768551614,0.5617089572599548,0.4834500332285369,0.0,0.6483607872327013,0.6781564248394255,0.9275824424154264,0.6540346502455745,0.6195235083926312,0.7394033846046054,0.7909977178181961,0.7355199601809491,0.7290172351858899,0.3833783309759769,0.5641468520432734,0.4628613206293844,0.7092074019884835,0.8940403363701699,0.9311865656784549,0.6433084962373299,0.3702306845099488,0.49683393173233825,0.6526139225276574,0.7492316181410363,0.8904994722509271,0.8510050804812673,0.0,-0.0017682601508929958,0.8209930925328999,0.8582890575262394,0.7243933134993985,0.6970034671099872,0.8696179081759662,0.0,0.9576771014006734,0.7728500389972868,0.0,0.7151891714606142,0.8745440952805176,0.8865694633282046,0.9095321763247022,0.0,0.7408965328275088,0.7856567924697663,0.8943315649880785,0.6611139005225638,0.663234092933515,0.8870098489453722,0.8246749888419425,0.7796567119758704,0.9044558553559693,0.8953709130314895,1.4224915286428785,0.8076712223497813
0.42567603460214554,0.82894629389476,0.5416343974264948,0.9838643445507633,0.47476860116802666,0.6830957562714952,0.5216363152617409,0.5879193716324174,0.6123699441330326,0.5886965463344308,0.707609448579136,0.7637357023562045,0.6381758369079567,0.5730596335560385,0.5093346935548801,0.9156979977905784,0.7348447713386763,0.9005108240764748,0.5896836854270513,0.6718162815290561,0.4944115330506864,0.5992290425141513,0.47074791614533107,0.4825299173844407,0.9622723125191792,0.6483607872327013,0.0,0.6561078825905857,0.7012442752925884,0.6475284940177435,0.696673864356558,0.6464086984105387,0.659963500008109,0.683976676361488,0.6751005444378826,0.6877313229601966,0.8236515283067605,0.7859440792821735,0.769819298162371,0.6959959244367828,0.7784623776191347,0.7662439544650317,0.7575256630932953,0.8735033637646386,0.661942686216125,0.5085967325360018,0.7422809224222524,0.5693060618876965,0.6104393209819536,0.6778524568216957,0.6653656182044214,0.7118118516330636,0.5511546831827894,0.6698168626357881,0.7914023393347958,0.7202502095104615,0.5006904487707495,0.7654552138043234,0.7733207102759612,0.7755551783666326,0.9196183205423062,0.0,0.7950481324089704,0.868289649870361,0.6803597936376521,0.6163679573299248,0.7323001693729083,0.634590983874767,0.0,0.878409120762494,0.6582198700014585,0.6586149940742512,0.7641393851038412,0.7632957646688312,0.7571955034501333,0.7565412518197996
0.6267093680938278,0.8803324545239268,0.5523376454600155,0.4882572067676184,0.6166410503906736,0.8090608499634991,0.5919019367314796,0.7258236834523284,0.6175975309026736,0.661458350651247,0.7358423849136447,0.7677597354907806,0.7372864990160416,0.5375970347218426,0.711708865816472,0.9031968879452332,0.733277311060666,0.6683378489272519,0.7188424615105296,0.8864410476388507,0.6475148464358214,0.8460626936843472,0.6615758759163078,0.7369049830493168,0.5373266221568429,0.6781564248394255,0.6561078825905857,0.0,0.8305329435515767,0.6399233724043388,0.6745413116478659,0.8812206151095705,0.8546838182264034,0.6917138857293736,0.8259605898905488,0.7369393381591992,0.6865147688419739,0.8029227492354658,0.950067212525879,0.3718698449685706,0.5962704400167744,0.3583689996575623,0.6879267848370073,0.5309449584467983,0.6968885809031744,0.7361718113820458,0.8119591253868672,0.8666200249205122,0.0,0.9529493198976877,0.855445606583983,0.8299293322027765,0.6990843054147491,0.8658319212524759,1.1559551372753565,0.8329886298819775,0.26565314126526895,0.8533280159101192,0.38693358800593414,0.789087313026481,0.702765523265551,0.3119373645491331,0.8175002550395677,0.9232833064707602,0.7831157295672386,0.7486061170194755,0.8435134981886803,0.8257495066217431,0.6881100473359198,0.9389765367606886,0.6347759830613764,0.8063528125599746,0.9230014295207499,0.784458711406595,0.7809915990175883,0.8693949390463358
0.868877921474792,0.7838755262141269,0.6835861328380464,0.8637542102694655,0.6891820800827229,0.5160806643802742,0.7401284266090251,0.6785216988132684,0.4795232522431345,0.6993481693849921,0.526172311562626,0.9034210370724465,0.8745997681022615,0.6016450655935125,0.8257301388729394,0.8527447941529278,0.5146588255804821,0.765015851567412,0.1924706697446228,0.7834080137800195,0.6398182537063211,0.6912758704343946,0.7159402809831924,0.6557101994709105,0.8418207769981527,0.9275824424154264,0.7012442752925884,0.8305329435515767,0.0,0.7871467913923972,0.8048723919130454,0.5602922806410993,0.5493215232584878,0.8421835243727742,0.6712998913877892,0.6876853277244548,0.7259330622579617,0.7774494250623407,0.8710628951162304,0.8988826063266763,0.8793359398476168,0.888030838790659,0.9411680407442882,0.8081000626083776,0.6967202429995973,0.7245711518615661,0.9880421889701048,0.7546570835478332,0.473737022251167,0.6425043914226886,0.8869431712081325,0.7920148920399677,0.8027578284348802,0.7942979773988352,0.8467056522215819,0.48872347284784246,0.7934908756153047,0.8345341717582144,0.5775490949076745,0.8702683612356941,0.8506261223141729,0.46884018114113624,0.8078068851780471,0.7900211226132452,0.8264121165958902,0.720991091994654,0.8309014329899893,0.815773599357847,0.4716607889825878,0.8489948109905083,0.9558503494638075,0.8122045558237942,0.8600406342195979,0.8790571022984097,0.9363257813589745,0.8340796252740301
0.6701692500891727,0.6656099231719432,0.8900991615854152,0.3935593503784244,0.6539499288083706,0.8462428404386246,0.7773041055701249,0.7373606353165374,0.5282551888464846,0.3968287338414197,0.6112465899725736,0.5651870650023414,0.8353344014196582,0.6887988665678486,0.7968098801966896,0.7884893445141682,0.8654180608819968,0.6510285900921285,0.8069515971883221,0.8923448300429508,0.7934401634367305,0.8333180960042987,0.6551706470681278,0.8537898300785132,0.5746673678475813,0.6540346502455745,0.6475284940177435,0.6399233724043388,0.7871467913923972,0.0,0.8286242320070545,0.4974101691974515,0.6258191370461159,0.8739894896508282,0.6366277862349188,0.7167120923574901,0.6640510287796275,0.8557611502543909,0.8953681002998484,0.455639608323984,0.5521136393457504,0.7696383530034859,0.6966215825943027,0.2624463296435159,0.0,0.0,0.0,0.30554545127527755,0.0,0.0,0.7126021122771637,0.7654061259659635,0.6671222593170538,0.7911508030604533,0.4823504034586776,0.0,0.005775526464677709,0.5393224644474267,0.0,0.7854846433101332,0.0,0.0,0.9342370418007928,0.934258681817296,0.8104640224849129,0.6893694578405273,0.7766147540114092,0.8105649415131619,0.0,0.4206515577506119,0.4746593806994282,0.8063908687752186,0.8574425296094125,0.8037588300332681,0.7140795197953791,0.9279234073744567
