0.0,0.9558746947818559,0.5406384921028257,0.0,0.6097041210326346,0.577498425314748,0.5767511273876522,0.7360379812651123,0.6248546477585077,0.7897005989544192,0.5882731247190383,0.7827072382966762,0.6292375205878642,0.6058372146704238,0.6054840559772707,0.9265493436485595,0.5384466274595521,0.759798883217089,0.0,0.6468763854789092,0.6052014252765009,0.7091569545505803,0.7121831786112027,0.6330971118744432,0.6546929128274086,1.0220849997425308,0.7351379562651101,0.6743453099765796,0.7920808763680954,0.6816311780165287,0.8824085182389356,0.9367420308410263,0.9497914874280033,0.8010160744254402,0.823856283016793,0.728178074690087,0.47983151718718314,0.6208450140863573,0.884172594756622,0.8621893220463158,0.885044522311444,0.9226205633503894,0.46420181356034407,0.0,0.48759857982312227,0.7211331739562803,0.9104126354100703,0.0,0.0,0.0,0.6402521335925803,0.0,0.80669963081145,0.0,0.7772728431328986,0.0,0.8705385644185639,0.8461885153799458,0.0,0.7803806938420123,0.8457468019269578,0.12151208301154623,0.73679309007686,0.0,0.7671996744288598,0.33851650603237315,0.7770659632926835,0.7029416507601565,0.7048177340042695,0.8188141531650104,0.8944584981153216,0.7247647807135625,0.4534903527645593,0.9302428922617318,0.0,0.7532338289257993
0.9558746947818559,0.0,0.6954065714493244,0.40829635316630747,0.564686413538811,0.4826108539050418,0.5122562757364839,0.7995107934756529,0.352275393561694,0.547491859549801,0.4064464876134328,0.6060018070528885,0.611978198527509,0.5366396859642093,0.5973039982386006,0.7497112389859841,0.962135650954981,0.810403475384238,0.6578849039718385,0.5366530940689203,0.8661620824884013,0.7318952390861647,0.5632736983810243,0.5303388244376522,0.6917895979414239,0.7867408234149169,0.4405330087318814,0.6185787763383079,0.5349758294444165,0.6870024985983623,0.7117183256384869,0.8088503757846492,0.5816005228888876,0.6861840052107836,0.7695207357418097,0.6183377497789868,0.0597650727663074,0.0,0.8077525574929301,0.893741449583239,0.8261639246024604,1.031934020887853,0.5817974919458275,0.0,0.0,0.993422900560259,0.8903989504707458,0.046998417971720996,0.0,0.0,0.7187230928809134,0.7552889442693077,0.6728797326572324,0.7429059185056871,0.6798421989550787,0.0,0.6500707810039321,0.7616757393595872,0.0,0.7340322377116985,0.8326154659875828,0.6901261805907719,0.9245845462213595,0.0,0.6734163814146373,0.5630215116574859,0.8237110674858046,0.7198069977233124,0.7544753248781122,0.7695124013446341,0.9369718181672226,0.6905307654975233,0.8758121103351497,0.9580566679531259,0.0,0.934994887929224
0.5406384921028257,0.6954065714493244,0.0,0.7512118909245538,0.5372199071460779,0.6446424428588918,0.7140981917834555,0.7595282187730479,0.3262671439109842,0.9586932892304908,0.38362698132310113,0.8458732176544592,0.8519054271414921,0.7592906485799946,0.5593364191681358,0.6461145327489923,0.8748379190137878,-0.032761544433045464,0.31083491030952426,0.506248465023122,0.595883443490095,0.5527861537203043,0.374583464833519,0.6931815200233478,0.6282221567977981,0.32418809201143306,0.4681339421463053,0.9174484544952182,0.7484516288154439,0.8163520064171749,0.8738874466177093,0.7558388535451235,0.55877148886933,0.9296681296090599,0.8062647851509184,0.7202556189854992,0.7331328098455602,0.7617908649375833,0.7048470913753527,0.4734550039005546,0.679638242404927,0.7413575505902403,0.6048998138494662,0.6398964152021893,0.0,0.0,0.39394835610631607,0.7578563045061617,0.47466066454179157,0.7284511028091188,0.625076073132539,0.7029583254854015,0.6340164847853498,0.7168530754271796,0.4440552160154961,0.8204025679524829,0.8302931475355215,0.721793441684834,0.5797931386425248,0.3514542291453193,0.0,0.0,0.0,0.7512999330463205,0.7456720561733162,0.45894309642294556,0.24389638275196246,0.6817575217627132,0.0,0.542975414237301,0.6255878308263778,0.6550469083809928,0.670637562957733,0.7186998411237766,0.6392580563041392,0.6952665869026762
0.0,0.40829635316630747,0.7512118909245538,0.0,0.3582804146911309,0.6173212059771342,0.5929072506912336,0.7776399017382932,0.856034453636827,0.35097933579828655,0.5069673549984712,0.3114879843815108,0.6685752620702909,0.5086706401557486,0.7205170321388835,0.25106103909582456,0.6463364592514491,0.465510640678263,0.7235010659329348,0.753533022866274,0.4346001677810911,0.6203866870018779,0.728838090879518,0.3757173928187084,0.797315331115214,0.7171412376437953,0.7002493544972952,0.48739347637983205,0.5698731595528185,0.43121383333198604,0.5841779731706593,0.39767516779858936,0.4331748388409583,0.3391879882727227,0.5529225146405947,0.4016469461607741,0.4981603059897128,0.47283512073909895,0.3054009615897809,0.032352542614459495,0.39001272680938787,0.45978353130033783,0.21506204606244253,0.29831542362165214,0.0,0.0,0.0,0.4231933090294958,0.0,0.0,0.7257295106995126,0.0,0.46366564974832053,0.2960267592323906,0.0,0.4158523734905859,1.2109823005913607,0.4543600844937893,0.0,0.0,0.0,0.0,0.0,0.0,0.0,0.0,0.4604651117146879,0.7108176192305246,0.0,0.0,0.0,0.706929887566978,0.4586031309285931,0.5506665131100862,0.0,0.0
0.6097041210326346,0.564686413538811,0.5372199071460779,0.3582804146911309,0.0,0.4591349325474078,0.3481323906437317,0.43290902160212036,0.3514603410948156,0.5777266764206402,0.33550748982082,0.7755030164132297,0.7584812127449543,0.22518434910193325,0.6310448379808072,0.7443973990319452,0.6683296434663786,0.7114821676198346,0.5602725199990878,0.5171318275844481,0.7113865347230082,0.5140478282674967,0.5377076555985206,0.6546345924766174,0.6669072208384046,0.4752726467429804,0.4453230414196765,0.6400040235199809,0.6498561699121279,0.6267452491004736,0.7773066204428346,0.2100299407853412,0.6381121814717257,0.7257538688030398,0.5568872147773057,0.16899418222274815,0.36173333921048945,0.6158641900824491,0.6252523809597392,0.49360426541757313,0.6614128773687898,0.44816927063713385,0.598917513488952,0.4289890487070645,0.3588677280163606,0.0,0.44997049757695406,0.45995345138818294,0.0,0.7801714158776538,0.6588963571888351,0.8253515530389535,0.4076111265861144,0.6982688399976678,0.0,0.5523029193641884,0.43196096786386784,0.8103232118800224,0.7800091083470052,0.5359545957032295,0.451405486200337,0.0,0.0,0.6355430202969495,0.6098332175434302,0.48250551002213393,0.6958132155822767,0.5028224200147402,0.0,0.4755919771198712,0.6379461476848397,0.4382472459446276,0.7693041860885974,0.6396394432636865,0.0,0.7290732110815146
0.577498425314748,0.4826108539050418,0.6446424428588918,0.6173212059771342,0.4591349325474078,0.0,0.5453748135729051,0.6134900712026738,0.32466015681990473,0.6722294802805175,0.4952667562578881,0.8473803582591696,0.5807232561335534,0.4689441134161253,0.7654752368468813,0.7758557298645963,0.6229777704291368,0.7309789996513212,0.8702857452206878,0.44794359929281036,0.5489375170158423,0.4420745193318199,0.7739800751295518,0.45986353419606485,0.6419890066628653,0.549866371459172,0.6279549977962948,0.6101243967104955,0.5387968081768686,0.6992390767389367,0.8266225660021579,0.5901366163843277,0.9023605359118216,0.8637539487031757,0.8102452495615016,0.638437119783509,0.7082244678810138,0.7140492340880182,0.6638315011379774,0.44485165466929005,0.7356693604185194,0.8330997975711066,0.8372788282868253,0.8118140460206935,0.5931273179274443,0.6463460799419419,0.7561855714633001,0.6371525978020749,0.8238761238290834,0.5589097383278365,0.6582395805053056,0.731028642324371,0.6115876906143712,0.7192660813980021,0.8182945139313011,0.8324361200685324,0.3373877534135809,0.7443900232152119,0.7263742282677754,0.8071213871366226,0.7880922249916924,0.0,0.7752354100643926,0.6658255818809193,0.36372716681330053,0.6270785174972711,0.7114625003916415,0.5880624548191569,0.5119263296858074,0.6820755285543384,0.7404475435278337,0.5962409858055832,0.6439467577111571,0.6012011671866406,0.6204899543163361,0.6866246011088493
0.5767511273876522,0.5122562757364839,0.7140981917834555,0.5929072506912336,0.3481323906437317,0.5453748135729051,0.0,0.6641284558983817,0.5934648083954335,0.5371382298442636,0.6807908544033858,0.703499993173188,0.6350181015626087,0.4336631835046738,0.6463513973826795,0.7002919667310065,0.7524875538259507,0.690273856059028,0.8126216905612227,0.4894128742143449,0.6353248783302549,0.4858152317225293,0.715715242066739,0.6611473051064924,0.6378117794473277,0.5853004602810469,0.5507331105355024,0.6592402181117185,0.5842195675680917,0.7506495990657628,0.6508084494267741,0.4447472980513586,0.4462220582919159,0.5382684922729613,0.405855476113739,0.7865096776340326,0.5270597124790459,0.7081860553724704,0.8967760385961978,0.39211527425683146,0.4205654916696351,0.5726962560271958,0.7305530754577656,1.0133434150362235,0.7231090205424641,0.0,0.7292488637023478,0.5758544470515949,0.0,0.6298665276724369,0.49071243805662235,0.7720322661588273,0.6762501993821712,0.7985679503058226,0.6782558443189637,0.7320412031033054,0.5823899419286167,0.7428366027592954,0.4387151453691924,0.6098680013367893,0.6677723270239789,0.0,0.5061295280767926,0.8412000798870912,0.8060243286525415,0.6142465716745782,0.7947192931465636,0.5994417115957242,0.47410765707960123,0.8224020340496683,0.7262492411004111,0.6090962251864649,0.8179236248422969,0.7861052746142605,0.7768435215780087,0.7336389448081919
0.7360379812651123,0.7995107934756529,0.7595282187730479,0.7776399017382932,0.43290902160212036,0.6134900712026738,0.6641284558983817,0.0,0.728804559070334,0.8281647853156395,0.33780264248604436,0.9614143870431886,0.7292889490051302,0.8169196377608875,0.5926141296710911,0.8699047027797878,0.5500460315236524,0.7648963683054486,0.7247459899780759,0.5767281848909971,0.5382819775246999,0.6440579313029058,0.6189538332107462,0.6457281487533968,0.7507743620005831,0.7942887641470164,0.6570869881463937,0.7038193679890867,0.5303468167088898,0.5954590109351352,0.7469650509572916,0.5240958676390042,0.5405437966341607,0.7050776298740862,0.6145605684040069,0.7404710119884397,0.7910611594652419,0.760141042029655,0.7322009888873715,0.8057051402303368,0.5328466167104506,0.7425903326910994,0.8742355384473444,1.186669943560224,0.0,0.7560586727852425,0.49681931916057864,0.6224249451897754,0.0,0.5513326133257996,0.6430566145465865,0.7619947680479068,0.4377418894435066,0.6348826219930073,0.6336122924715661,0.6488568015026233,0.911302664947496,0.6435853722147944,0.5365571544796567,0.6016305551123758,0.5592414298396668,0.0,0.5386181749909326,0.7307632448549364,0.6405904429456268,0.5122157853928742,0.5068332571146796,0.6257885645217414,0.0,0.752466478733945,0.7471732091370886,0.6272087039100458,0.637578502434476,0.7105536217084132,0.5556975353278952,0.6116138869888585
0.6248546477585077,0.352275393561694,0.3262671439109842,0.856034453636827,0.3514603410948156,0.32466015681990473,0.5934648083954335,0.728804559070334,0.0,0.7626498776874601,0.4444857248703485,0.6206434662047837,0.7122808175163395,0.4387233017194351,0.7829047051086102,0.5261357172617216,0.5999168751229853,0.6533823698756043,0.4431928515272483,0.3754325181187037,0.6343101542585816,0.3432703457785661,0.8027449258166264,0.6795757228991537,0.38645099254952564,0.440105717525796,0.37993029236788084,0.9422289309615672,0.5270970589726234,0.6804951377408928,0.903521037531366,0.7777203729410811,0.796680978682951,0.9045923859573552,0.8664336536859634,0.7137636246651775,0.7794664158060918,0.8778660677394647,0.708955717750555,0.35076615162486613,0.5376515418435306,0.3933674400788126,0.5380358404055936,0.5772110500177179,0.6699492983308871,0.0,0.706648563818441,0.6256310156962046,0.47381779061386115,0.7959198246539161,0.8102506999158714,0.8888249132319682,0.6785504910245639,0.68181792514675,0.37217913136741304,0.8114497591004513,0.8344612015534372,0.7170774296283547,0.6742042290683248,0.7070061609212025,0.6940513813344495,0.0,0.0,0.6280711337448945,0.8936536462204148,0.670021338777129,0.7946792171912044,0.7203556716635345,0.4284038559375537,0.6245814943988823,0.5518326324532269,0.659747187153277,0.799507698892209,0.7393101704272167,0.7330917358614681,0.8816136121905682
0.7897005989544192,0.547491859549801,0.9586932892304908,0.35097933579828655,0.5777266764206402,0.6722294802805175,0.5371382298442636,0.8281647853156395,0.7626498776874601,0.0,0.7181452379013158,0.8046933960287092,0.6362210637246026,0.0799155195926402,0.45132823079123063,0.64449512252419,0.8442761450251601,0.7596139114646708,0.7801654427039654,0.6440004144952216,1.0326594491875851,0.5605802488900509,0.7837644656037294,0.7299108332177542,0.7665532080023969,0.6803941865389066,0.5899092705020842,0.6662714718189267,0.7697804610615049,0.5242935475974573,0.8397495947179208,0.2616373588201835,1.0086280244798709,0.42620908230278876,0.616665266953778,0.48268071203972174,0.5831102190784551,0.4649200141063974,0.4376131651411195,0.8284453112353402,0.9927027416433502,0.2732994406900062,0.49300395412301734,0.5109746691538255,0.7975082686040833,0.9960198208733793,0.6390664198564838,0.37195111641301715,0.4840946423830561,1.0201553432085944,0.6435733457252172,0.8258933267093433,0.6705652031232703,0.44708799059541704,0.8338629419981569,0.5766076788361956,0.8289346984527964,0.9414491253739202,0.0,0.6294059544669883,0.39680889353242144,0.8249695985256368,0.7611259586021916,0.4636121395441418,0.46483856249779915,0.8228985727100058,0.2891055519162454,0.8064106237333457,0.5769747073233017,0.6724702253026928,0.7167047046318615,0.5708620998056169,0.8217384254862835,0.702869579590235,0.0,0.9302420667730105
0.5882731247190383,0.4064464876134328,0.38362698132310113,0.5069673549984712,0.33550748982082,0.4952667562578881,0.6807908544033858,0.33780264248604436,0.4444857248703485,0.7181452379013158,0.0,0.37900810184113776,0.7587379968006827,0.45187518517379544,0.0,0.49405577755291435,0.6293896916899363,0.6860941806719063,0.48680132069545434,0.44973597685593014,0.6495929904543161,0.41769756795947244,0.29905837199837393,0.6135816131003502,0.6947890490905536,0.6830793542462668,0.5299058534779216,0.8547689415556733,0.5169110610887296,0.603889223222966,0.7248607295684304,0.4251656054484004,0.5668962909020445,0.7936802075846419,0.7568839644333173,0.7419123258041627,0.8039575995805865,0.7021208386071611,0.5462494171881969,0.5453692498374563,0.7097706757025464,0.7281198962990312,0.6149829672358478,0.6823906391602312,0.3816119974662383,0.0,0.0,0.7061620968465052,0.4647830111733285,0.61429993769781,0.3843195617746581,0.6725473758162663,0.5141812992630864,0.6984703828304559,0.663221660520076,0.8310149979699607,0.45608615430218435,0.801942436467106,0.63524083929243,0.0,0.0,0.0,0.0,0.7814654425934517,0.48697302022900124,0.0,0.5280892521355907,0.5635744241745466,0.0,0.0,0.9094264466441404,0.6580207475451435,0.6771670018152439,0.33521134036378847,0.0,0.7631702124270505
0.7827072382966762,0.6060018070528885,0.8458732176544592,0.3114879843815108,0.7755030164132297,0.8473803582591696,0.703499993173188,0.9614143870431886,0.6206434662047837,0.8046933960287092,0.37900810184113776,0.0,0.6334341183680569,0.6484709641183495,0.6733692725582323,0.8132697893866874,0.8960691855601429,0.7769279647479403,1.0299593356932952,0.6084354898024432,0.9767017791304646,0.5126992807006014,1.067729504426922,0.6449466355302792,0.7690335908587245,0.531174162437009,0.7971519565849008,0.7201007117166194,0.9173463572806162,0.5720768711830208,0.7601545343029792,0.36859479456580846,0.5536942376987912,0.556295428137755,0.726964624592402,0.6169560005259795,0.698316343550097,0.16077662630106646,0.5683700056161114,0.8612354075029094,0.9799359842414119,1.0435834478903707,0.38741532738784124,0.6834354980587674,0.842224049508425,0.864358159757308,0.5180728801212411,0.48414388580239837,0.4573588780132041,0.2898362420602989,0.6533605104114484,0.7613110037585484,0.342332732522933,0.6252781669862579,0.83103121087177,0.4663606236445115,0.8611543964840958,0.9796184786368675,0.5264157051571047,0.5049188512418425,0.6286904777493371,0.744769947325672,0.8760857940197311,0.5233308673632955,0.7975339577503162,0.8145684385017791,0.6714620983173993,0.53657123395421,0.6759126228220406,0.7823707323461286,0.7450590780554676,0.5446405787379635,0.9805771514359917,0.5616736570628753,0.0,0.9264756454140957
0.6292375205878642,0.611978198527509,0.8519054271414921,0.6685752620702909,0.7584812127449543,0.5807232561335534,0.6350181015626087,0.7292889490051302,0.7122808175163395,0.6362210637246026,0.7587379968006827,0.6334341183680569,0.0,0.7919768665824947,0.8077925796297212,0.7373404112442221,0.5471073005487284,0.8180940818347722,0.8923365019899294,0.6349532957430608,0.7290720192888955,0.594490443519851,0.7864506151714804,0.4361706024592811,0.7551869356842489,0.7097966856853241,0.713585538045665,0.6747722446180436,0.6631887151246882,0.8408724857655081,0.6602133210046923,0.49579392124854765,0.6189903559212632,0.5474942688432758,0.543296847797035,0.8418013937271487,0.7441393446954296,0.7380512821654608,0.5344648984554083,0.41180718957800677,0.2819586740890446,0.4963663336449505,0.5547257522969593,0.3795655442435806,0.7123453403266613,0.7089545004159759,0.8504784584980476,0.787157673716379,0.0,0.8901371363296489,0.6852659481751833,0.7739098207911195,0.5859487550009581,0.8890419653885482,0.6562121844801218,0.8691659112888892,0.3270285606657273,0.8240490814672929,0.2980780161351015,0.7627957146781539,0.7206820695782283,0.5160412941619865,0.62807329120435,0.8838684760439828,0.7969963911175807,0.7280214344450362,0.8139834811911442,0.6879817613902415,0.5515926043729809,0.8730988886421198,0.764826217222982,0.7077354934001192,0.9231151050589663,0.6972551218750238,0.5696669509268932,0.7892078630740278
0.6058372146704238,0.5366396859642093,0.7592906485799946,0.5086706401557486,0.22518434910193325,0.4689441134161253,0.4336631835046738,0.8169196377608875,0.4387233017194351,0.0799155195926402,0.45187518517379544,0.6484709641183495,0.7919768665824947,0.0,0.6354711088749875,0.5035707573514356,0.4502384705297025,0.4991182598927746,0.6209362300958114,0.6514848028866238,0.6007240712917422,0.27520901793389446,0.6700811088247332,0.7612245440170948,0.6005010748903437,0.6315271096721857,0.6287328466312383,0.26027478250889735,0.39953449470383906,0.6718945669037037,0.7284678372366864,0.3841963978684053,0.3748320092498535,0.5531486832145946,0.5604886918575909,0.2914788395335649,0.32460601919677234,0.327442915941168,0.7093231549754082,0.0,0.5249112749209378,0.6751462737570214,0.7548697720969819,0.4738623538629724,0.0,0.0,0.0,0.6003373054660315,0.0,0.7266767509655813,0.6022518152439389,0.5872669306977059,0.5518449549539535,0.5366792553305588,0.0,0.7071700270325987,0.356037092939938,0.8521108656777017,0.5444752505946993,0.0,0.0,0.0,0.0,0.6545151221491279,0.0,0.0,0.0,0.671897519258414,0.0,0.0,0.0,0.5745395972962937,0.8570521977717532,0.0,0.0,0.0
0.6054840559772707,0.5973039982386006,0.5593364191681358,0.7205170321388835,0.6310448379808072,0.7654752368468813,0.6463513973826795,0.5926141296710911,0.7829047051086102,0.45132823079123063,0.0,0.6733692725582323,0.8077925796297212,0.6354711088749875,0.0,0.8392961305899083,0.5734851554002229,0.6658426001520656,0.0,0.7121631194869358,0.664936895191327,0.8447200062910911,0.8286859889532283,0.6118076444461106,0.5613858781387038,0.689786212656498,0.47163474413462514,0.5986168832687098,0.7357407990611227,0.6665836432850851,0.8584565140603251,0.6016907812875046,0.7853452561286864,0.6798563395711023,0.7034534869685596,0.8298103792660625,0.4583950065313692,0.3804160705968225,0.6066347816970956,0.766405214213344,0.7726721947834329,0.6483195083027613,0.5269046979822524,0.3948459301885052,0.0,0.8248390314392273,1.0115471249852566,0.6538774866825966,0.0,0.0,0.4475331069796338,0.909424657012676,0.6680113787906993,0.5754893684380582,0.0,0.0,0.7108277146803266,0.7056590103489988,0.46735509706459716,0.7423765132312494,0.8770382171759437,0.553325079129241,0.8428565985616279,0.0,0.7698226406035975,0.6847820577646385,0.8527399730302905,0.7799802900130381,0.447448002627825,1.0035463158319955,0.8060254079050215,0.700615266356728,0.5194103683152057,0.599496173483629,0.6514897363738676,0.6762481006198495
0.9265493436485595,0.7497112389859841,0.6461145327489923,0.25106103909582456,0.7443973990319452,0.7758557298645963,0.7002919667310065,0.8699047027797878,0.5261357172617216,0.64449512252419,0.49405577755291435,0.8132697893866874,0.7373404112442221,0.5035707573514356,0.8392961305899083,0.0,0.6802669453912359,0.7259227251497145,0.4491310496375104,0.5220606266224883,0.9324892165515954,0.5835203394005131,0.7926318356753146,0.7185777882061226,0.877675813050973,0.8262068311130326,0.6593547152592361,0.7075374957913999,0.7369218342930202,0.6031312527270107,0.7069583270727571,0.7141950900237879,0.4911467542183383,0.5357355123567951,0.6383538410647636,0.34523482137310924,0.563359336703328,0.5549583049652522,0.8590900743122993,0.848186241641206,0.9061853608807331,0.9647487089287468,0.46815245644468817,0.0,0.0,0.8218963434396156,0.899289336879386,0.0,0.0,0.0,0.8127815595811829,0.6969634786828003,0.8596018911716137,0.0,0.6502280908164809,0.0,0.6427459476330541,0.816357297564938,0.0,0.7135830883056209,0.8566561626583344,0.7174134422760909,0.8529736906455332,0.0,0.8532740207034413,0.796900800566877,0.7772678808639,0.7980663908075879,0.7470537556297014,0.9053117591035544,0.9354679835551916,0.8125293189870353,0.7578102399685533,0.8661383406399017,0.0,0.6443161607934826
0.5384466274595521,0.962135650954981,0.8748379190137878,0.6463364592514491,0.6683296434663786,0.6229777704291368,0.7524875538259507,0.5500460315236524,0.5999168751229853,0.8442761450251601,0.6293896916899363,0.8960691855601429,0.5471073005487284,0.4502384705297025,0.5734851554002229,0.6802669453912359,0.0,0.9517960943650373,0.7056400534211713,0.7294673234318846,0.48373998960265285,0.875187089831003,0.6138088763511185,0.849484066961427,0.7068026104952554,0.7090232268240397,0.6674571325707576,0.7714605680118858,0.7858025090640016,0.7446571767266505,0.7278631925155759,0.8442569662853248,0.8805888576767944,0.7978391671685237,0.8250489998035402,0.6832767991128352,0.3464367641640108,0.6792810998824801,0.8791074478006293,0.6782677377691029,0.6412211617444761,0.7655221069416056,0.0,0.0,0.4697760074082546,0.7718660907107594,0.5008374101327652,0.0,0.0,0.0,0.0,0.0,0.0,0.0,0.6546334412733165,0.0,0.6188683402171165,0.6424859213543312,0.0,0.5460636876173817,0.3898779438729604,0.3998964511343279,0.6695149034158348,0.0,0.0,0.0,0.5253997930397223,0.0,0.7163700153985328,0.5752060105019149,0.5273176460212292,0.0,0.5683560567191533,0.471745214002813,0.0,0.7590927361036649
0.759798883217089,0.810403475384238,-0.032761544433045464,0.465510640678263,0.7114821676198346,0.7309789996513212,0.690273856059028,0.7648963683054486,0.6533823698756043,0.7596139114646708,0.6860941806719063,0.7769279647479403,0.8180940818347722,0.4991182598927746,0.6658426001520656,0.7259227251497145,0.9517960943650373,0.0,0.5729671713745176,0.6397297412000025,0.8920177256017288,0.570423362877551,0.6851241188933719,0.7022285138233006,0.7925463647512936,0.7456436608954746,0.6615251772090196,0.7273425157874633,0.7397044016345744,0.6499113546371558,0.6536527238245691,0.8642428134100588,0.8136923798394199,0.814951343849986,0.6617983690839055,0.43050651428855735,0.3984418248025917,0.4817919847479076,0.7833333034550272,0.6423066368648499,0.736106695925079,0.7147258028085515,0.0,0.0,0.5963495915739169,0.7737154479430726,0.836784551292881,0.0,0.0,0.0,0.6849594209058938,0.511740611884326,0.6069349610120649,0.0,0.72731792728441,0.0,0.8380025457962095,0.6969228549984509,0.0,0.8450942019317902,0.7155373577048839,0.793100617638366,0.7076664090962156,0.0,0.26154441411161267,0.8051473215428656,0.7206368891774241,0.8856271887161944,0.8392189167135246,0.7495014313923655,0.7902030641422675,0.47720533979532964,0.7577804050943815,0.7190337771743379,0.0,0.7649883987922972
0.0,0.6578849039718385,0.31083491030952426,0.7235010659329348,0.5602725199990878,0.8702857452206878,0.8126216905612227,0.7247459899780759,0.4431928515272483,0.7801654427039654,0.48680132069545434,1.0299593356932952,0.8923365019899294,0.6209362300958114,0.0,0.4491310496375104,0.7056400534211713,0.5729671713745176,0.0,0.5038591597786956,0.6408673711127528,0.6929312874889173,0.3545628568462075,0.7268057116979156,0.6239775155934457,0.6476705814145488,0.41160007500362994,0.9854097638290872,0.6724115671332671,0.8195682173986734,0.904719345347232,0.6669508561182209,0.9062915057645491,0.949983081102121,0.7997815117974998,0.7727819130625044,0.7187768245487025,0.8797614341747545,0.8452401162827543,0.43739084997698774,0.5169916551773154,0.45699636793200393,0.7199030941469965,0.6011786436202393,-0.0006156803764134893,0.0,0.0,0.7251640191737865,0.0,0.7100459916916633,0.5935904748074825,0.8661825037694982,0.6012990052075147,0.7423074761928199,0.5957174048843967,0.7616269548326995,0.7377627388800003,0.5854746193210483,0.3729926518519652,0.0,0.0,0.0,0.0,0.8239284538815516,0.4698477186755682,0.0,0.4850441495718368,0.7153023526507323,0.0,0.0,0.0,0.6551415180588638,0.8134221721957571,0.5637823991444586,0.48258696175038274,0.9875911809685963
0.6468763854789092,0.5366530940689203,0.506248465023122,0.753533022866274,0.5171318275844481,0.44794359929281036,0.4894128742143449,0.5767281848909971,0.3754325181187037,0.6440004144952216,0.44973597685593014,0.6084354898024432,0.6349532957430608,0.6514848028866238,0.7121631194869358,0.5220606266224883,0.7294673234318846,0.6397297412000025,0.5038591597786956,0.0,0.658797736087654,0.49369968388398194,0.47208895711706506,0.8436776930347478,0.6460997999223019,0.6481614864814607,0.4400938827247198,0.7412430085292626,0.7594332491229473,0.6828386471437748,0.7181424287796754,0.45300848543845496,0.5541313367164016,0.592878207353198,0.6039482510826601,0.9426422670227113,0.5780317563535822,0.37675868410818747,0.4948779534768488,0.5721122030013452,0.6167979296112014,0.46413316312300235,0.8208257122914417,0.5051697060184447,0.3403405938698425,0.7760345037596951,0.7583930941758318,0.7293027091542965,0.0,0.0,0.4267336451906774,0.8502328177791127,0.6411798263706048,0.6233838052594919,0.7856050875720502,0.0,0.5584327548731474,0.8632326646808641,0.0,0.6263700641307917,0.8056573319965659,0.4659523082226137,0.6310195340318189,0.0,0.6032612888017816,0.46003220414717905,0.6576378794060423,0.6060234110202185,0.0,0.8194403376796464,0.5726138454114957,0.5962213723546987,0.5723319094504575,0.6497055980652042,0.7043617587187294,0.5969510363469476
0.6052014252765009,0.8661620824884013,0.595883443490095,0.4346001677810911,0.7113865347230082,0.5489375170158423,0.6353248783302549,0.5382819775246999,0.6343101542585816,1.0326594491875851,0.6495929904543161,0.9767017791304646,0.7290720192888955,0.6007240712917422,0.664936895191327,0.9324892165515954,0.48373998960265285,0.8920177256017288,0.6408673711127528,0.658797736087654,0.0,0.7245210998034818,0.6749786094155015,0.7314770466429983,0.7803493699311776,0.9881319217559545,0.6136387989456519,0.535483534800048,0.5675728434498639,0.6680517198178524,0.8368165943554615,0.5735271036132084,0.8554342384020677,0.6494561139885354,0.7694089583402104,0.5384033058316117,0.49220584504253967,0.9963990895730201,0.7439855871613107,0.9676028141176354,0.7964809230893678,0.7477009578861826,0.7198793155870506,0.0,0.0,0.18680515446976548,0.9894143782851063,0.6919220553831906,0.0,0.0,0.5599459469664944,0.6242249080636657,0.652005297577591,0.6242904095973284,1.0305051000961707,0.0,0.7798967820094389,0.7137144736265129,0.0,0.772122180427804,0.9005550378988675,0.0,0.9972960104218499,0.0,0.6494239000771905,0.5527001380401272,0.915693816395073,0.5676314824181063,0.5379193442528841,0.7106180845964455,0.9578782313533332,0.5641361072841251,0.6728658139205737,0.7127794784354338,0.3196669122881257,0.4849326134205596
0.7091569545505803,0.7318952390861647,0.5527861537203043,0.6203866870018779,0.5140478282674967,0.4420745193318199,0.4858152317225293,0.6440579313029058,0.3432703457785661,0.5605802488900509,0.41769756795947244,0.5126992807006014,0.594490443519851,0.27520901793389446,0.8447200062910911,0.5835203394005131,0.875187089831003,0.570423362877551,0.6929312874889173,0.49369968388398194,0.7245210998034818,0.0,0.7458818443965871,0.37960713251608935,0.8900113929710056,0.8617780304200175,0.400069890441936,0.7314166178680577,0.6600051038598154,0.6779992373749681,0.6971760956047659,0.5282569803026231,0.5245707362259868,0.5322201776599462,0.6044082716688646,0.5904808406425315,0.7216242288769789,0.3918011788982455,0.6613892901539407,0.8296056063396096,0.7818177773602603,0.7418369972191676,0.47193636877662093,0.24824517945452174,0.40000359053687257,1.0359232054142615,0.9000828562850038,0.7648831479039251,0.4713561104951428,0.3914499542111576,0.5701718054383403,0.7571542820734631,0.614611933795643,0.709020719078832,0.5884462916549945,0.0,0.8586344185869426,0.814478254323207,0.0,0.6890933193581228,0.8717731285778196,0.6615762449907178,0.8040936381927752,0.0,0.5752597397135029,0.5945201077206852,0.7478803341222797,0.6203363195300198,0.7755613151361194,0.32093655993021375,0.8020392258075288,0.6072111532336681,0.8307702572640288,0.5974791716600657,0.6005716585272616,0.8833400043419085
0.7121831786112027,0.5632736983810243,0.374583464833519,0.728838090879518,0.5377076555985206,0.7739800751295518,0.715715242066739,0.6189538332107462,0.8027449258166264,0.7837644656037294,0.29905837199837393,1.067729504426922,0.7864506151714804,0.6700811088247332,0.8286859889532283,0.7926318356753146,0.6138088763511185,0.6851241188933719,0.3545628568462075,0.47208895711706506,0.6749786094155015,0.7458818443965871,0.0,0.7376185658333936,0.4692517152720368,0.7720933970576429,0.48946786229005673,0.6652307841193587,0.6752036267372518,0.6214870784610891,0.7403026242055324,0.6622472505729358,0.6152179031638139,0.7399927893186258,0.8076782215461579,0.6293914055964116,0.7729311470966589,0.6987914824535906,0.6703568586769232,0.752448286235817,0.6961011719047598,0.6983064571301749,0.7770520794901189,0.7693628115422317,0.6463295705817251,0.7438825107567183,0.6435237705969583,0.6514593936955269,0.6593262225151082,0.7801720635192468,0.6289307004569026,0.7864843993576325,0.5969834178072058,0.6648377604408572,0.7587222201561397,0.7784835019253669,0.29164361706283437,0.6423286539736799,0.7225115198347964,0.6767548201272782,0.9105999240359163,0.46483856249779854,0.8982317284216906,0.6965458303107619,0.671405067901901,0.6391544021272755,0.697838624697354,0.7257405923701439,0.3420419860294712,0.7127421234345255,0.7496317785436591,0.5820970217776406,0.6487798397917786,0.6985460082079205,0.6777258701441105,0.6968382886969999
0.6330971118744432,0.5303388244376522,0.6931815200233478,0.3757173928187084,0.6546345924766174,0.45986353419606485,0.6611473051064924,0.6457281487533968,0.6795757228991537,0.7299108332177542,0.6135816131003502,0.6449466355302792,0.4361706024592811,0.7612245440170948,0.6118076444461106,0.7185777882061226,0.849484066961427,0.7022285138233006,0.7268057116979156,0.8436776930347478,0.7314770466429983,0.37960713251608935,0.7376185658333936,0.0,0.7622114082718834,0.5435722512488574,0.5510184243588031,0.6190008735075203,0.7347456195136106,0.8658454855966187,0.8067839839356563,0.5094239180962332,0.21901099904916804,0.3719573820226324,0.45646196162174346,0.4672080262117181,0.4905172516475804,0.5212203841395715,0.9929685979499641,0.8025701815230932,0.8589626146506855,1.0557091404810683,0.6689903245382985,0.4914786982641855,0.6671867263447262,0.6088288935339733,0.6938056659528908,0.0,0.0,0.45724314790962495,0.5417384251060966,0.3672831125825606,0.0,0.3444360241015608,0.7477534737937694,0.509481917872724,0.8224157983457916,0.39782130356791806,0.0,0.32787351581187574,0.6645672306632163,0.826947613395653,0.7145119062529055,0.4883973296214536,0.38924229076536193,0.3805949284742949,0.4987374691343521,0.665364745198146,0.19972911422530673,0.711028949752919,0.6716999000051751,0.50950193865531,0.8425484244938675,0.8195695368376226,0.0,0.7356085498892462
0.6546929128274086,0.6917895979414239,0.6282221567977981,0.797315331115214,0.6669072208384046,0.6419890066628653,0.6378117794473277,0.7507743620005831,0.38645099254952564,0.7665532080023969,0.6947890490905536,0.7690335908587245,0.7551869356842489,0.6005010748903437,0.5613858781387038,0.877675813050973,0.7068026104952554,0.7925463647512936,0.6239775155934457,0.6460997999223019,0.7803493699311776,0.8900113929710056,0.4692517152720368,0.7622114082718834,0.0,0.5681796757733286,0.5831463662660945,0.6749716124392819,0.7116665830238966,0.5396808963155328,0.7431191468299521,0.683337410759175,0.8324508225126332,0.7298430343728772,0.876682168113156,0.523668334713943,0.6089779663867799,0.6211516314603365,0.7926417537736759,0.6427837554818848,0.7376893722523231,0.8411945396926392,0.21093636603441043,0.0,0.29453320679803796,0.7377706613703057,0.8177811946216818,0.0,0.0,0.0,0.800577844247671,0.640090076817022,0.7302185153054932,0.43510701031949894,0.7116189900162015,0.44002879831125974,0.7509166113410741,0.6219877908519831,0.0,0.5594220737219697,0.6962232647688168,0.8074789898137229,0.7342068885510007,0.0,0.7738719312070013,0.9618596791151222,0.5888860429247682,0.7103996341406189,0.6668431452834317,0.7438272533549874,0.7536240179902993,0.7033665134505469,0.7407064294050003,0.6607307102559298,0.0,0.754398529344628
1.0220849997425308,0.7867408234149169,0.32418809201143306,0.7171412376437953,0.4752726467429804,0.549866371459172,0.5853004602810469,0.7942887641470164,0.440105717525796,0.6803941865389066,0.6830793542462668,0.531174162437009,0.7097966856853241,0.6315271096721857,0.689786212656498,0.8262068311130326,0.7090232268240397,0.7456436608954746,0.6476705814145488,0.6481614864814607,0.9881319217559545,0.8617780304200175,0.7720933970576429,0.5435722512488574,0.5681796757733286,0.0,0.5282288715444539,0.6540699789134667,0.7119788563167192,0.5644503122325764,0.6931128114351817,0.8688086542132176,0.8778299992182549,0.7503909552975174,0.8128161731918898,0.6730337121128547,0.718630197313046,0.579065388992148,0.8726017509015691,0.8232298161834742,1.0748293926691057,0.8326372705790497,0.3492494767108284,0.4917425153441642,0.5023264692756215,0.9471831439004449,1.0041618978781597,0.8307358209961726,0.0,-0.005285967667572447,0.8953772246425387,0.7125788351143083,0.6217491153813274,0.6851414348975069,0.7711332221618092,0.0,0.8536162810232228,0.888764725839836,0.0,0.9053853188023421,0.8782598285891419,0.7881437169489198,0.7693181371223357,0.0,0.7282664702798003,0.8975958323122284,0.9565609088886368,0.6636655540524641,0.6133099020919923,0.8267707737458582,0.9141276931849096,0.7703845103710371,0.8012973612657757,0.9136495856148561,0.43524631608270903,0.8289903852943994
0.7351379562651101,0.4405330087318814,0.4681339421463053,0.7002493544972952,0.4453230414196765,0.6279549977962948,0.5507331105355024,0.6570869881463937,0.37993029236788084,0.5899092705020842,0.5299058534779216,0.7971519565849008,0.713585538045665,0.6287328466312383,0.47163474413462514,0.6593547152592361,0.6674571325707576,0.6615251772090196,0.41160007500362994,0.4400938827247198,0.6136387989456519,0.400069890441936,0.48946786229005673,0.5510184243588031,0.5831463662660945,0.5282288715444539,0.0,0.6913941485448676,0.633932610260003,0.5064735321451076,0.6086598517587556,0.5727070439209829,0.5664508868352731,0.7191945026600142,0.693034978755985,0.5494246214174983,0.8105246994248936,0.6884377428517443,0.6692766603369018,0.6185955766597966,0.7148760416847496,0.6790108229593463,0.6831920026157536,0.777857872318162,0.6392924689580047,0.6194656014377553,0.7463443571602155,0.551205133020644,0.586048603391151,0.7217770830122461,0.6426434307865331,0.7725224830296387,0.5486059616981097,0.67731085031695,0.7459240062619716,0.8125222086944273,0.6351828611885941,0.6239230009687805,0.8539193240264309,0.6218370158344747,0.7872916328820838,0.0,0.6335222216283171,0.699108859154939,0.647300489774348,0.6679635100976841,0.6050063078447385,0.614251420431398,0.0,0.5790126974322398,0.5379291684822615,0.6349033323025863,0.6701248564325564,0.6949971248096558,0.6389879218064499,0.7003134345258772
0.6743453099765796,0.6185787763383079,0.9174484544952182,0.48739347637983205,0.6400040235199809,0.6101243967104955,0.6592402181117185,0.7038193679890867,0.9422289309615672,0.6662714718189267,0.8547689415556733,0.7201007117166194,0.6747722446180436,0.26027478250889735,0.5986168832687098,0.7075374957913999,0.7714605680118858,0.7273425157874633,0.9854097638290872,0.7412430085292626,0.535483534800048,0.7314166178680577,0.6652307841193587,0.6190008735075203,0.6749716124392819,0.6540699789134667,0.6913941485448676,0.0,0.621550935805807,0.7106127266380637,0.7252611731759069,0.6041066520625837,0.8374484035923335,0.5104782782809509,0.7069106590254056,0.7527020292599276,0.61393456143636,0.7707498282402163,0.6997396867136747,0.31075818786791204,0.7652157007160361,0.27827620138135956,0.7200031408768016,0.6275997739321942,0.7760140810838717,0.7419921023117992,0.8044755923287745,0.8038257995880498,0.0,0.8475026647057278,0.6724198810656555,0.789827548112856,0.5973270808847971,0.7057957304581715,0.8517545821742982,1.0887051812373734,0.15521694629603744,0.7905425980668197,0.3716458672428843,0.6557602503329721,0.62421681044431,0.31097591362715826,0.69953414442872,0.8316058757844941,0.6732347552340066,0.5959704971969642,0.8168618693015229,0.66976132704702,0.683426199383297,0.9161224199980711,0.6617717303720776,0.6749394003664195,0.7376705203528581,0.6735688122689398,0.7187459312967247,0.7090286260437144
0.7920808763680954,0.5349758294444165,0.7484516288154439,0.5698731595528185,0.6498561699121279,0.5387968081768686,0.5842195675680917,0.5303468167088898,0.5270970589726234,0.7697804610615049,0.5169110610887296,0.9173463572806162,0.6631887151246882,0.39953449470383906,0.7357407990611227,0.7369218342930202,0.7858025090640016,0.7397044016345744,0.6724115671332671,0.7594332491229473,0.5675728434498639,0.6600051038598154,0.6752036267372518,0.7347456195136106,0.7116665830238966,0.7119788563167192,0.633932610260003,0.621550935805807,0.0,0.6029226703385717,0.7541420201693687,0.4415534198675011,0.5186003190905826,0.7198185624957628,0.7186115455159237,0.5535686192407121,0.558636508854411,0.7637569626692553,0.5879459362344748,0.506347017837879,0.6402329743881168,0.6562549168250789,0.49288320601722657,0.6886166482116205,0.6765717948419523,0.7113662888804202,0.6736629508471863,0.2942650834071543,0.46718912634463866,0.6218330741315363,0.5886966710706656,0.7323568689120329,0.6727523190459417,0.6825925123597403,0.8439220439837186,0.4657324127611363,0.7579580010990262,0.6987356142080243,0.5722286113294737,0.6012435644022824,0.8009812854341135,0.4684774359712822,0.6051163540422919,0.36972386303172494,0.6417623089876937,0.6214674930774443,0.6595130419746564,0.6206489345932786,0.482198297746229,0.7534845426523573,0.868019623656392,0.618436484112627,0.6439220658845852,0.629553426123578,0.5778483308840758,0.6349496875057999
0.6816311780165287,0.6870024985983623,0.8163520064171749,0.43121383333198604,0.6267452491004736,0.6992390767389367,0.7506495990657628,0.5954590109351352,0.6804951377408928,0.5242935475974573,0.603889223222966,0.5720768711830208,0.8408724857655081,0.6718945669037037,0.6665836432850851,0.6031312527270107,0.7446571767266505,0.6499113546371558,0.8195682173986734,0.6828386471437748,0.6680517198178524,0.6779992373749681,0.6214870784610891,0.8658454855966187,0.5396808963155328,0.5644503122325764,0.5064735321451076,0.7106127266380637,0.6029226703385717,0.0,0.6825656525010098,0.4410370715886841,0.8415374737987287,0.6026118542192358,0.5817553460971463,0.6061847765530266,0.4645163393453335,0.5446264706764997,0.8554477086406655,0.4560803783558465,0.5058155841643162,0.7515695219413119,0.6716842673424691,0.2689652742234907,0.0,0.0,0.0,0.29427639188796584,0.0,0.0,0.47661930315687845,0.7043025325564987,0.6613270327519614,0.7680156674612693,0.5005662931812951,0.0,0.01002946339403223,0.5390287657848513,0.0,0.765992394244905,0.0,0.0,0.9451918746506742,0.9437469948123451,0.7924461286460619,0.6879070457688066,0.7577687933402311,0.5913141258394117,0.0,0.4229411300731444,0.47778320121387574,0.6117667075737384,0.41119608828736876,0.6138937548227194,0.6938168169363077,0.7214020197781825
