0.0,0.7318842950542022,0.34204354367056045,0.0,0.6034817440812419,0.6749463018636203,0.5060234559138233,0.6766606274258069,0.41839666509893336,0.8132059003125586,0.32956128769027904,0.913742420246401,0.5823951702242675,0.47270545008075304,0.6739929440455084,0.8393922771999538,0.45256151720989723,0.7273353882102762,0.0,0.7523321956307067,0.6109588023079502,0.6929078732400482,0.610253203967775,0.7022197849891427,0.5868096510004985,0.7278613299641823,0.6331887122920319,0.5321185081048291,0.4871421674958518,0.42549591429476763,0.6720053995649429,0.5576646013974538,0.720137312947397,0.49322186176177785,0.30086281401341447,0.6085638591650963,0.4369008410528288,0.8625893391403918,0.5327851428229406,0.7144069314046539,0.5826529466694754,0.5015303911226742,0.4664865544390884,0.0,0.26598188386568045,0.521373807443142,0.762397649766432,0.0,0.0,0.0,0.4705687324992957,0.0,0.8228092733144446,0.0,0.6198788110405751,0.0,0.6196112203252941,0.6220497138758954,0.0,0.6764608102384122,0.760022509472053,0.5669377339809896,0.6519586840877133,0.0,0.5267147332350599,0.22369151676214055,0.5640287756618001,0.6333277809570192,0.5426039206654412,0.7444201443941347,0.6971930499533237,0.4196893470384201,0.4809044581321804,0.45966635701247066,0.0,0.5480055938562873
0.7318842950542022,0.0,0.5550930995210663,0.3990442265306092,0.29846675821014834,0.5175243885289162,0.3770415169384099,0.5614338101270714,0.29394337984242924,0.32338388461752204,0.4418964898755488,0.4111377705868105,0.44718914101967255,0.25772625558320494,0.5763746861308399,0.6836222848951337,0.5111613823578418,0.5752195801159644,0.6718517064881764,0.4556382166138284,0.5993667391699109,0.6967218144018735,0.38481531740813846,0.4935594032429223,0.5306588714775826,0.5609339544836482,0.5344707369613638,0.5217523654092163,0.5280460284173154,0.413218005810687,0.4929914113843942,0.26631307557614936,0.4225818384108878,0.3343702293318316,0.3991151858855291,0.46627252378462974,0.019181297853563158,0.0,0.497498230796767,0.6852823571582671,0.5270088759147724,0.4976071551254479,0.5880669315741343,0.0,0.0,0.610700363430096,0.6886270773326897,-0.01890258178435654,0.0,0.0,0.4255125305711164,0.6199667592626439,0.5119709212079413,0.6923089269990395,0.7126143252698312,0.0,0.6117972981270836,0.6851081802487534,0.0,0.6960428116620682,0.6399603192034936,0.6164013346906121,0.7571821797200289,0.0,0.5001653837809988,0.6171462693669906,0.5079870966762325,0.6696643881206945,0.4018897331480005,0.6379035599973886,0.737944394071637,0.43741263577662265,0.7029793043809474,0.4756908564034874,0.0,0.6334868382896959
0.34204354367056045,0.5550930995210663,0.0,0.542900010822827,0.45028886235158716,0.7581528774350021,0.5457439015747404,0.5999985513472142,0.431832110838252,0.6037693129894953,0.575641146059746,0.5807981333679311,0.599092666529438,0.4549095223160625,0.6550325419830358,0.393643392881441,0.6306272064049046,0.8221149349256539,0.5383410267587341,0.33641287682449444,0.6303674065661907,0.574775881545718,0.4797831411039174,0.4147870349801689,0.8127909555686361,0.7164673456482773,0.38124587071085775,0.6322966353808147,0.6322195436125253,0.6038870528982794,0.6722521031676336,0.5124681090783744,0.5257610724039125,0.6782195119256853,0.5640184362997709,0.5977042987250524,0.5631909252110976,0.6282216162236258,0.5634018946830028,0.47225652518075406,0.5609422867246189,0.3271965562442285,0.6354090851918777,0.8563729852658672,0.0,0.0,0.40204622541424284,0.4820447857225228,0.47074257660320695,0.6399418629178122,0.6055529675920144,0.6464921607739073,0.6311453481154792,0.8548826601079778,0.40149988424246175,0.4952094946134849,0.8410068424776791,0.657231924586134,0.47072922524782773,0.38535936163535556,0.0,0.0,0.0,0.4767493258270735,0.848100179001993,0.4451626549819947,0.2939146571090076,0.6958895858015641,0.0,0.5366964379694658,0.5154690787153963,0.7742331728675041,0.6456793179994642,0.7271524367659591,0.6743890377703101,0.47532261945079235
0.0,0.3990442265306092,0.542900010822827,0.0,0.2958933987732173,0.4731074680951228,0.5083013743583242,0.5577349460921746,0.6372760648403561,0.37854064687389055,0.3159704954596181,0.376196460096635,0.4836366212681357,0.5433462962605639,0.485692166934051,0.2263433930234389,0.4135233237844309,0.4672279708420889,0.6085078196914244,0.34905037037771636,0.39526327194543026,0.12517028383218776,0.5520817982912333,0.3527012721987922,0.780505508961181,0.3776497901550253,0.4834882290556151,0.4657338103433866,0.4643088847411022,0.2927713698327027,0.6116596750607968,0.20253129381756782,0.3691100506519522,0.2131733118435403,0.29244392217264814,0.3310966654791429,0.3832371934222182,0.4561674640468725,0.5024114546096324,0.3763583322194487,0.4076330615155447,-0.07331328216121186,-0.08669931241585074,-0.10016876491588159,0.0,0.0,0.0,0.503514151051698,0.0,0.0,0.7784993475137528,0.0,0.4681301741399885,0.32784550527485723,0.0,0.5208105075710215,0.5278489423473006,0.4991296566263544,0.0,0.0,0.0,0.0,0.0,0.0,0.0,0.0,0.4597787386244842,0.647771137235018,0.0,0.0,0.0,0.49394962624848404,0.4100214585105013,0.691578834808758,0.0,0.0
0.6034817440812419,0.29846675821014834,0.45028886235158716,0.2958933987732173,0.0,0.3511359469517923,0.3185823847542241,0.6368766183572058,0.4360820672946206,0.7311547978294093,0.4424275572395333,0.6058087191590965,0.6510241336529716,0.4409680036559909,0.7026426687108323,0.41722834301155665,0.8150637371551551,0.4624387723629758,0.4925490948930859,0.34683840623672857,0.6628046496350988,0.4446284037751662,0.48773153590420965,0.6460258198590718,0.3876665760505134,0.47604335676938353,0.41402652179951194,0.5365748925572951,0.5894296712059967,0.5656739611080458,0.5850370381962724,-0.05451437097828882,0.7770651002639583,0.6436941658599202,0.550360010499371,0.28603585722806346,0.22710175914012903,0.6529189021715995,0.3173464948026117,0.4320365975728119,0.224488912153898,0.5148830317464971,0.6110833516538285,0.3173602341047824,0.3581835449036469,0.0,0.33778426902484837,0.6088380657515082,0.0,0.38138450761550374,0.5948647502452986,0.5323550655443714,0.47693444464010026,0.5844949271774617,0.0,0.5249119654747725,0.37751977539669146,0.585088698901161,0.4949519684495086,0.32898218832165826,0.4964360431798661,0.0,0.0,0.5485337241078749,0.5714891761747954,0.4383255051070286,0.7286282771927548,0.6251486867015477,0.0,0.47410589842458584,0.5336211071596902,0.5842130279230245,0.6507110720466948,-0.12203681936081406,0.0,0.6214807241767647
0.6749463018636203,0.5175243885289162,0.7581528774350021,0.4731074680951228,0.3511359469517923,0.0,0.4742189540686652,0.6118119571476845,0.4556907976831805,0.6433548930200259,0.4353818320529602,0.8974161884246192,0.5342128123191532,0.4218203080806182,0.864550070570187,0.5697816038654221,0.6812131236837535,0.5231386106115626,0.766507171959645,0.5678064770882263,0.6755226239889642,0.5595201051161552,0.5957430351718467,0.4842521843849715,0.48226067556968266,0.5966308419892417,0.6497050714297306,0.6571274771737304,0.5849510410064983,0.6173906719006937,0.6399728191040219,0.2938314678920767,0.6326079371553042,0.5607119559394506,0.5211653259581622,0.6063525244764937,0.4815532676919349,0.7176307867525902,0.586796288099227,0.2651693632409795,0.5702161224829285,0.33592976558381415,0.6773424923293758,0.4860179289040092,0.15854251017656978,0.5602405475704435,0.285838618165032,0.6725554560877319,0.8382481204004025,0.3746014135706991,0.6226109490883946,0.5600112997578802,0.6012776102280175,0.7169598215415731,0.7210413428387363,0.5475845967075953,0.5046743635422978,0.6157210974170629,0.6231627770578638,0.8128813068656351,0.6800876673674778,0.0,0.5782861540571014,0.5017524637793463,0.5605584838826971,0.3482835416166802,0.7930699965585919,0.5803752505044231,0.5110258419644702,0.7075780195989256,0.7102031498084787,0.62076750136786,0.5893483101896526,0.6238588618401373,0.6339821857491718,0.5906031907615003
0.5060234559138233,0.3770415169384099,0.5457439015747404,0.5083013743583242,0.3185823847542241,0.4742189540686652,0.0,0.5198028811586942,0.5464326700882144,0.25969128449621526,0.5800988867559754,0.25584431149408954,0.561208850816648,0.44639748510668587,0.5099364949545739,0.4858342605321061,0.583195070548142,0.4054941349835373,0.5132427259518264,0.3957521938581246,0.5154543705508565,0.4643862482285175,0.6301794973256829,0.4853132444452697,0.36205265420711497,0.5139261313609962,0.5055181316402093,0.5147520940190766,0.6033133568749944,0.5134658750381798,0.46057133312274656,0.3136491802293303,0.25168233951632474,0.2770370185655905,0.24895605874533902,0.6154279631962172,0.4586638913415656,0.4644061396300333,0.7223803948694992,0.295258622086107,-0.19254337997855947,0.015690863334787752,0.3549743685966614,0.611670110024195,0.2800305485003871,0.0,0.5499290473152507,0.409652007499354,0.0,0.6597364596441748,0.5715274200310076,0.6752183945329815,0.35408445012637774,0.5951956143454862,0.5323294119586759,0.44496371931366663,0.43710379279778916,0.5177059645960641,0.19999475934456026,0.35823788408153484,0.5513172469469385,0.0,0.5036781293110781,0.36266624609813003,0.7911663897039383,0.6570794574470173,0.5339243932352056,0.5803272687824756,0.4732690552036315,0.5868642421795989,0.627541825008443,0.6206088748135516,0.5849304734867562,0.4715534035527462,0.7295986289251255,0.5998167267205674
0.6766606274258069,0.5614338101270714,0.5999985513472142,0.5577349460921746,0.6368766183572058,0.6118119571476845,0.5198028811586942,0.0,0.5770940659296958,0.2831168790502492,0.8122743786274158,0.47658779230518933,0.5729726889885792,0.5726149239522914,0.5019984493436818,0.9206999844777346,0.7882362366776514,0.6101485549980916,0.4736040538835128,0.47444098884317437,0.5524738165097423,0.6022626675721072,0.6036654154939929,0.5778280419250083,0.5954297716036848,0.649448394333854,0.5709045760373067,0.5133637621251956,0.6202853503946406,0.491078895957368,0.5897462606638055,0.1598815883731283,0.343732424743362,0.5242197007222841,0.345125847425325,0.4093595512581901,0.024761744184443935,0.6038160993793005,0.6784698429873484,0.48713697088799224,0.3705745120451861,0.4513185163717548,0.3301984387197148,0.29669932541815036,0.0,0.5076903778903683,0.4805232640888779,0.6917252622582512,0.0,0.45618017445109404,0.5729505971671587,0.5962811415754381,0.6691064744987919,0.7932980945714265,0.6389836892584411,0.6460593922245772,0.8909424691156755,0.6022682813200742,0.6281670053253421,0.6999090136012616,0.6321135041654744,0.0,0.5848009269325591,0.6177998911419025,0.6663741146273808,0.7379909893456904,0.4387036748240484,0.5927414035904491,0.0,0.5963709320425913,0.4822555901358314,0.5278828614302947,0.48727058818210955,0.7905618638570535,0.47575708610627926,0.4814267817541617
0.41839666509893336,0.29394337984242924,0.431832110838252,0.6372760648403561,0.4360820672946206,0.4556907976831805,0.5464326700882144,0.5770940659296958,0.0,0.7344867322204873,0.49813295683973324,0.7827500983068423,0.7662980893555285,0.4180558830985012,0.8034003924737009,0.3088327592789688,0.724404199305706,0.782008716851841,0.4028019459541586,0.5070172777688777,0.4842362328359565,0.5813298433042365,0.6686325028102733,0.845236646830754,0.29069962763149454,0.29369589357560855,0.5268671770158831,0.6614260352182797,0.6210231476522228,0.6405985757357442,0.7021537704851657,0.6238625705203382,0.5759499776072219,0.7329809951237292,0.6690067215399139,0.6607493530599571,0.6216176147608865,0.8259948081542752,0.3907313855597229,0.5575300319386745,0.1643411265422557,0.37697414271549556,0.5440533464535533,0.1551258910589172,0.43232242922870145,0.0,0.5317390046966144,0.7758102857890876,0.47230583215612376,0.7133280563491152,0.7164653856776109,0.7150716421344867,0.6057364312878422,0.6592616545140999,0.5352393428109938,0.653266642448081,0.4849560848369995,0.6218340334303416,0.5107491429903916,0.4998417884234426,0.5379530114269933,0.0,0.0,0.6207060002145963,0.7428601066637059,0.7394086923747787,0.6631745027102078,0.635705408886662,0.42243043166205496,0.6687824948541327,0.4122340628908798,0.645637470056077,0.6980265558218389,0.566833196914004,0.5409242556195544,0.8274792233704557
0.8132059003125586,0.32338388461752204,0.6037693129894953,0.37854064687389055,0.7311547978294093,0.6433548930200259,0.25969128449621526,0.2831168790502492,0.7344867322204873,0.0,0.6971506797484437,0.6624323332592408,0.5135870531554823,0.8942043165452482,0.5783220127007955,0.4686462767264091,0.6962672097881779,0.6712249228003642,0.6672015784705212,0.37613121205957833,0.9275648600120006,0.5541417391474563,0.6057433837933461,0.7739905590568344,0.7273835323820853,0.6682455880141529,0.5663971680007167,0.5534160457600259,0.6936024279353649,0.43323213683985473,0.742208977892266,0.4216458777032566,0.8266155574794849,0.7208093054264932,0.5629448612610604,0.5540854687440746,0.3193372582186298,0.5883710590958187,0.7475508144128507,0.7612999362764206,0.6398744460515269,0.7867778267369356,0.4966312667386814,0.38853476070496046,0.8030057212391712,0.6010724563364828,0.09365172633473029,0.38313772828970905,0.469177725779184,0.40622264197314994,0.5835674206061935,0.3896023137143294,0.6832102318733712,0.5834542773932092,0.9222218783938212,0.4551798903776124,0.885788174663275,0.6111696122419117,0.0,0.5939134847853944,0.8222010989908893,0.7709354766958624,0.8461798744478388,0.46451682072358413,0.47478959997013603,0.5272789542056009,0.01679270988443382,0.7350677571508631,0.6427030218152292,0.8859555758008055,0.9369244748324743,0.692389350397559,0.573816486971106,0.6897555602720554,0.0,0.677887750918932
0.32956128769027904,0.4418964898755488,0.575641146059746,0.3159704954596181,0.4424275572395333,0.4353818320529602,0.5800988867559754,0.8122743786274158,0.49813295683973324,0.6971506797484437,0.0,0.6943094620183305,0.6114877480191339,0.5576349501329034,0.0,0.47040981454764985,0.6193335580279434,0.7276065746863094,0.4794891719968546,0.4950010659262949,0.37713998227114665,0.4389188475915662,0.7098249901508311,0.7952419572319351,0.7441262597287555,0.8281575303627347,0.47437254392987227,0.6174263546465926,0.46287593666292975,0.422318250039158,0.6212494996678788,0.18758248227790297,0.7730577277679274,0.6956850963445242,0.6782508348588722,0.4936599062549899,0.5641737561914218,1.032611792488236,0.5930479988844568,0.5025427853338377,0.4298114344343967,0.4707124526440454,0.7076888300619744,0.7129395378729773,0.2324355819474691,0.0,0.0,0.743010590630055,0.46870135802122254,0.5265504098865422,0.901124769969639,0.5305856200362287,0.6461824134793274,0.8418758727692524,0.5252886923455465,0.8461621057439841,0.33606447606119094,0.6302476477031267,0.6350654382255798,0.0,0.0,0.0,0.0,0.636002207483899,0.5279096743954537,0.0,0.5636895871483227,0.6737570715950933,0.0,0.0,0.9631090821693105,0.7976497550929931,0.45943190008378615,0.12067091694239365,0.0,0.7411371745442072
0.913742420246401,0.4111377705868105,0.5807981333679311,0.376196460096635,0.6058087191590965,0.8974161884246192,0.25584431149408954,0.47658779230518933,0.7827500983068423,0.6624323332592408,0.6943094620183305,0.0,0.5443115331074724,0.5848873903691438,0.5217625908742394,0.8002388139593759,0.7725953564787633,0.6140879752105242,0.6814947222480512,0.19741410823020905,0.5715919699325754,0.46873430098421043,0.28334071585541565,0.653067305978948,0.7382990310206734,0.5048869681637469,0.49479582354096835,0.7396233455335869,0.586187097348306,0.26653070572951365,0.7164228396544173,0.17244215089617115,0.8923896387796849,0.2794715324489263,0.5591866228592555,0.6155281292158049,0.42830082667295366,0.2849947255095173,0.6642282755432771,0.7031055180162472,0.3868020325994379,0.186468154989051,0.3699085061656481,0.4424951941161804,0.27326514311754024,0.46812627761019565,0.4942787996913911,0.5424755115224738,0.1679541936393849,0.3507554355811139,0.29119278091548584,0.29164317989107746,0.3470458095187598,0.45394640673194786,0.9921789440742584,0.1717162388200022,0.9924351231275517,0.13646464458353685,0.5261407838891613,0.5069599812859888,0.6756818606743124,0.8492995346569026,0.8796827474997734,0.4550352775193202,0.8160926843553308,0.8917935626778136,0.4514460367214873,0.2578529458125134,0.7769093332847207,0.9135631816729903,0.9294961652820277,0.17097670974707327,0.6741512813600927,0.5270294190350155,0.0,0.714212136332661
0.5823951702242675,0.44718914101967255,0.599092666529438,0.4836366212681357,0.6510241336529716,0.5342128123191532,0.561208850816648,0.5729726889885792,0.7662980893555285,0.5135870531554823,0.6114877480191339,0.5443115331074724,0.0,0.7377139359638816,0.5897417042440344,0.527804882761389,0.5002119762322357,0.5410588458551275,0.5811881427414294,0.5204956297842482,0.5277120836981439,0.4974211670666238,0.6060209573940942,0.5088346930822625,0.4808615068891172,0.565865921210642,0.5435123113693359,0.6063788231111491,0.6736960970338401,0.5212417216376075,0.4449325155991183,0.3586500489059641,0.23999358855030845,0.5018638003020401,0.4004904432492254,0.5532747273499214,0.44506462693195437,0.6852500733097204,0.38777839584287876,0.5976757397820657,0.24903036428141784,0.32920776752822034,0.5394596959874738,0.09155146158029831,0.760463607927691,0.6058638867582298,0.6780186531711334,0.7070781163477675,0.0,0.823661038318201,0.6051738809620033,0.6124111555284197,0.5907390743405856,0.7136336427466381,0.7187687614884428,0.40913009864421385,0.658709557958311,0.5961269867925045,-0.16104109693694613,0.5998365189353793,0.5655513618408222,0.573071321567772,0.6084789169242734,0.3668093606066292,0.5437016061442308,0.6576683066860669,0.5979669655061322,0.6429579205082931,0.10502436689241731,0.6949419872706029,0.6752299654122853,0.6817279655002131,0.5624932483158517,0.5218551918962973,0.544490295968864,0.6835536430326934
0.47270545008075304,0.25772625558320494,0.4549095223160625,0.5433462962605639,0.4409680036559909,0.4218203080806182,0.44639748510668587,0.5726149239522914,0.4180558830985012,0.8942043165452482,0.5576349501329034,0.5848873903691438,0.7377139359638816,0.0,0.4221434058397384,0.5727494614295101,0.4517152050535327,0.46835900160234656,0.4374803506121687,0.3865482585552178,0.5824269016017852,0.22873992188412903,0.5073708039507343,0.4657909015846284,0.3334896999950695,0.5153370737184115,0.42289622907233976,0.3432541445722259,0.33457654148904764,0.7522992345735309,0.5458013125190757,0.17824828698150372,0.16453361916758694,0.7699160281596568,0.4454268810104942,0.2344981064738063,0.33925454219645723,0.24214478691251645,0.439533005812346,0.0,0.6643828135442222,0.6442934515758569,0.6215854923613023,0.4699552396706393,0.0,0.0,0.0,0.5818765342047164,0.0,0.6685023973007427,0.34064989870352785,0.6094561353024023,0.6228287729057926,0.5266874505489423,0.0,0.6511064005588827,0.34419857359973727,0.399704935433186,0.4974179555490271,0.0,0.0,0.0,0.0,0.4553101090220742,0.0,0.0,0.0,0.6248847719382493,0.0,0.0,0.0,0.38475374608769775,0.7000110591823188,0.0,0.0,0.0
0.6739929440455084,0.5763746861308399,0.6550325419830358,0.485692166934051,0.7026426687108323,0.864550070570187,0.5099364949545739,0.5019984493436818,0.8034003924737009,0.5783220127007955,0.0,0.5217625908742394,0.5897417042440344,0.4221434058397384,0.0,0.6319194903878649,0.39135809018967793,0.46543741830667185,0.0,0.5625356974722615,0.686030967403618,0.7034433904204321,0.7216871528854181,0.481285253504181,0.4084389293938669,0.6397946573505231,0.5760230613221187,0.5338146273632969,0.6121551860467107,0.6886836053280185,0.6420220250825559,0.48015559968593263,0.7536375137452129,0.48893347836612844,0.4927009237505853,0.6371347994042096,0.6779248469167072,0.36272938294312573,0.4839560356725852,0.7884445155236764,0.5879508881556268,0.5561621351898477,0.4103973518429975,0.33428746696093126,0.0,0.485499820204232,0.7066095242052115,0.5689863279743872,0.0,0.0,0.5583796356978956,0.723910288435514,0.6352493826538005,0.5615903509985863,0.0,0.0,0.5257654782547491,0.4837022576362232,0.4679550231605526,0.8161472496279556,0.629186884941431,0.5592775691505547,0.6486458285094615,0.0,0.861219559928301,0.7018199995905174,0.9734248282050508,0.8315979989522413,0.4491562199180731,0.3191776050322105,0.7085218007062797,0.6573628958707136,0.4669734467851307,0.6046081898700668,0.5346477634180635,0.5973718486831112
0.8393922771999538,0.6836222848951337,0.393643392881441,0.2263433930234389,0.41722834301155665,0.5697816038654221,0.4858342605321061,0.9206999844777346,0.3088327592789688,0.4686462767264091,0.47040981454764985,0.8002388139593759,0.527804882761389,0.5727494614295101,0.6319194903878649,0.0,0.8271091082697009,0.8802335978388867,0.49765886688187805,0.4909696738877294,0.7301150115174534,0.6801500059177819,0.7281713940017501,0.861411488465631,0.7673709022914609,0.6731212717468188,0.6113127833579106,0.5504620842056345,0.6176887629266441,0.5621092731412085,0.7511854677110872,0.35252579575074466,0.4642110946086777,0.3168144595797852,0.46788503685248234,0.6900433442164893,0.37855146443578713,0.6967579571242195,0.6351518012001939,0.5854761544458887,0.6054591907230632,0.39978612754163545,0.46904676659255856,0.0,0.0,0.6989980312151219,0.7552361643920344,0.0,0.0,0.0,0.6366922731219427,0.7590361338592369,0.9257060131596949,0.0,0.6076070214447922,0.0,0.44236313155466034,0.7005373318851134,0.0,0.7203071539949365,0.7450354264720866,0.5309037065112692,0.8287528068000394,0.0,0.4097497692017907,0.5635429661340063,0.47568003171490614,0.7171554098888258,0.5617123496808654,0.8676166013108686,0.7923135874443498,0.6217296174594751,0.6471578135632621,0.4747852333013957,0.0,0.4873068216935846
0.45256151720989723,0.5111613823578418,0.6306272064049046,0.4135233237844309,0.8150637371551551,0.6812131236837535,0.583195070548142,0.7882362366776514,0.724404199305706,0.6962672097881779,0.6193335580279434,0.7725953564787633,0.5002119762322357,0.4517152050535327,0.39135809018967793,0.8271091082697009,0.0,0.7790721632344526,0.7927218355967338,0.4630997864133137,0.7373251980198534,0.547091514011357,0.6592144157057584,0.7923817577418859,0.8536631025280217,0.6863458197111869,0.6482158800686812,0.6623414849026301,0.4550112822373273,0.482753538237669,0.8615298544726009,0.6606151968864107,0.6719265558598647,0.4954452907336283,0.44714220172472197,0.600986849521727,0.3472259531175408,0.5603136443038744,0.6313491252398222,0.46860828555679346,0.36962138352551105,0.6845085606460825,0.0,0.0,0.4581666313727316,0.8238485357139245,0.39208051206751826,0.0,0.0,0.0,0.0,0.0,0.0,0.0,0.7164015039370171,0.0,0.6564440758657668,0.6225643112639797,0.0,0.5570513375406535,0.5793220361383156,0.7767050315742012,0.7812968528179959,0.0,0.0,0.0,-0.020591618706807258,0.0,0.7573322329944225,0.8683165927382968,0.8742790765093946,0.0,0.3320506790055187,0.47062484817048067,0.0,0.433766119923754
0.7273353882102762,0.5752195801159644,0.8221149349256539,0.4672279708420889,0.4624387723629758,0.5231386106115626,0.4054941349835373,0.6101485549980916,0.782008716851841,0.6712249228003642,0.7276065746863094,0.6140879752105242,0.5410588458551275,0.46835900160234656,0.46543741830667185,0.8802335978388867,0.7790721632344526,0.0,0.6779526049620119,0.4089027787887108,0.7687692726348172,0.4556509442170654,0.5952616340438855,0.717999882542626,0.7303294579235373,0.6392899116053468,0.5684807491938402,0.44207933616650086,0.48108607152150573,0.5486341620168775,0.7173161369256379,0.5112360754597184,0.712683906320596,0.5630038652982602,0.3806665483922335,0.9072275149239404,0.39813432934470055,0.17800426527676597,0.6658307478130228,0.584126140345023,0.5609899917848447,0.5605923365895199,0.0,0.0,0.4781193818115104,0.7430485822304518,0.7611016875308738,0.0,0.0,0.0,0.6540098305645888,0.508203823106951,0.6280565422762607,0.0,0.803122221559452,0.0,0.7337393156231384,0.7405524590663057,0.0,0.5259076337112446,0.7329896789900535,0.8218737675420987,0.7458929641200693,0.0,0.5319515647950256,0.6216363144161123,0.4661380483639749,0.8740106066109239,0.5611091818061259,0.7664260288620846,0.7979183875679576,0.42514633875339425,0.678900442394133,0.6888562032187022,0.0,0.5310371115853025
0.0,0.6718517064881764,0.5383410267587341,0.6085078196914244,0.4925490948930859,0.766507171959645,0.5132427259518264,0.4736040538835128,0.4028019459541586,0.6672015784705212,0.4794891719968546,0.6814947222480512,0.5811881427414294,0.4374803506121687,0.0,0.49765886688187805,0.7927218355967338,0.6779526049620119,0.0,0.45980373343376607,0.6651516442253009,0.7151424434529087,0.47741551491918055,0.6969768625483928,0.7133755739387431,0.7923413524367932,0.4249111020885554,0.6267724041301952,0.6481020149484654,0.6140817250407736,0.659002496759857,0.5578849826979972,0.324902979317435,0.6843205067877154,0.7235882141613446,0.622270716982543,0.5052537284755365,0.5164085339175318,0.3397465913973193,0.43964927516143065,0.01846230777346275,0.3121258541623418,0.6490417681074492,0.6604329151732874,0.045551758438657296,0.0,0.0,0.7633644584319383,0.0,0.44741753499302894,0.5197773874494833,0.5536528124722496,0.38844488812896194,0.7209890533400256,0.6533182652465983,0.7611583138046378,0.5248343648884188,0.4316406912816826,0.4765203759646059,0.0,0.0,0.0,0.0,0.7137563818594694,0.4730271508839282,0.0,0.4435590476053669,0.5781373196958459,0.0,0.0,0.0,0.5648644193505461,0.6694195388434738,0.48218655275411654,0.48355837248358546,0.5061389795559116
0.7523321956307067,0.4556382166138284,0.33641287682449444,0.34905037037771636,0.34683840623672857,0.5678064770882263,0.3957521938581246,0.47444098884317437,0.5070172777688777,0.37613121205957833,0.4950010659262949,0.19741410823020905,0.5204956297842482,0.3865482585552178,0.5625356974722615,0.4909696738877294,0.4630997864133137,0.4089027787887108,0.45980373343376607,0.0,0.6868018670827758,0.49991508590677114,0.5339449762351123,0.5508878257044476,0.48370637539596584,0.51032916156154,0.4404817435728113,0.5593578288137366,0.5466067455130854,0.6186778976622263,0.6038335657000153,0.3240349131622738,0.47166187322931347,0.43561787824712134,0.4431959581889203,0.7669444436515671,0.5490200928626665,0.6114638954215449,0.37144245686501765,0.582653649139838,0.4645587374900426,0.4583237120798059,0.317854285561339,0.06270746760350102,0.35372255151661935,0.49196096292561764,0.4383481344805688,0.5983105814164165,0.0,0.0,0.5160639097514582,0.7017595389340647,0.7768560440988628,0.4828035065415307,0.7752529758621167,0.0,0.4581114390608919,0.41487891712075775,0.0,0.7053758377339043,0.3714835315707135,0.4674896794976342,0.5193554651073395,0.0,0.5960176875059796,0.7015701973689696,0.6181764286192045,0.5981351880523922,0.0,0.6842583858856304,0.506189575100076,0.46872744083464835,0.30596493912240186,0.5474742608787525,0.26302714472012645,0.40746052320270787
0.6109588023079502,0.5993667391699109,0.6303674065661907,0.39526327194543026,0.6628046496350988,0.6755226239889642,0.5154543705508565,0.5524738165097423,0.4842362328359565,0.9275648600120006,0.37713998227114665,0.5715919699325754,0.5277120836981439,0.5824269016017852,0.686030967403618,0.7301150115174534,0.7373251980198534,0.7687692726348172,0.6651516442253009,0.6868018670827758,0.0,0.7992448417014817,0.5874142059966365,0.6147890321044702,0.587001889136521,0.7596299902216344,0.6193583504709097,0.4864656211072498,0.5760727039916254,0.494822548531076,0.6312819459570698,0.39081861973674686,0.4991769473635914,0.49234764937154324,0.5094650859441138,0.5641674283659421,0.4903670271588192,0.6745914890343705,0.4916981766351077,0.5615516832341514,0.4127567247093036,0.4148833359536398,0.7334827898476,0.0,0.0,0.511262502413174,0.7634461236188598,0.6362359353178307,0.0,0.0,0.8733919361460781,0.4367435377327783,0.9331229894261,0.7241644299947738,0.713234738828988,0.0,0.8284579220319048,0.6358746733470768,0.0,0.8524110134747516,0.5258685648163767,0.0,0.39456447752550056,0.0,0.6885405225564013,0.7550169576246786,1.02195802633552,0.6305689230739746,0.5493560230078429,0.3013986595996194,0.8456820792848201,0.612519285267731,0.6049074637745324,0.8179114805768082,0.5662961676572076,0.49815644782927077
0.6929078732400482,0.6967218144018735,0.574775881545718,0.12517028383218776,0.4446284037751662,0.5595201051161552,0.4643862482285175,0.6022626675721072,0.5813298433042365,0.5541417391474563,0.4389188475915662,0.46873430098421043,0.4974211670666238,0.22873992188412903,0.7034433904204321,0.6801500059177819,0.547091514011357,0.4556509442170654,0.7151424434529087,0.49991508590677114,0.7992448417014817,0.0,0.8453111297223572,0.3893871043992747,0.6054662566269182,0.6040943660424978,0.43477927299082136,0.5158511744572132,0.4338635859496622,0.5229441747430803,0.6579024628926826,0.3771422950858593,0.4371420038695153,0.38438813513594167,0.3975640481016781,0.4896112559659297,0.6300595601140804,0.4493392396508316,0.3415283820580366,0.47633420344012234,0.3432259307965394,0.2784782875445417,0.3025820443360565,0.40960420999733227,0.39691828465822887,0.6077668755101936,0.5804495359973454,0.4763475679816443,0.471121766087198,0.39858271993849015,0.5682779684170127,0.7752222977354799,0.7852246217194769,0.7484303026266019,0.4814895742855441,0.0,0.5624161098932752,0.5997346222051309,0.0,0.8153262594232566,0.5025840521530778,0.6695899791339511,0.3848196186704685,0.0,0.5014253386350849,0.8149700019680908,0.6724529917970599,0.7113032050023671,0.6653781531979388,0.5207258856335403,0.6242521236379021,0.5238462098913867,0.1469156115413534,0.40025496716448006,0.23103692933897227,0.438506474975991
0.610253203967775,0.38481531740813846,0.4797831411039174,0.5520817982912333,0.48773153590420965,0.5957430351718467,0.6301794973256829,0.6036654154939929,0.6686325028102733,0.6057433837933461,0.7098249901508311,0.28334071585541565,0.6060209573940942,0.5073708039507343,0.7216871528854181,0.7281713940017501,0.6592144157057584,0.5952616340438855,0.47741551491918055,0.5339449762351123,0.5874142059966365,0.8453111297223572,0.0,0.5746744557334402,0.3636640532037658,0.5966272328847826,0.5774591233028965,0.537895516267588,0.6844455922980471,0.5522550583576915,0.561047231730447,0.4624731193893634,0.6315030730014968,0.5598273608318727,0.6516465840791341,0.6292041083517605,0.555441265159488,0.3406345028272171,0.6315064565515014,0.5898983253729047,0.6070418304695688,0.6426032808996913,0.745631241513171,0.6712278840980591,0.3688359034544321,0.4673732733707562,0.7477009637129298,0.8100876435540811,0.5322813458574605,0.707161896080812,0.6309354824873161,0.5857628199424307,0.5949128914671855,0.7128417792257373,0.48259827201573374,0.6469219320946095,0.5566564334941985,0.5982090230017179,0.6030992072105821,0.7953340481055405,0.641736106380203,0.47478959997013725,0.63955612281773,0.7952079810304191,0.650339907597465,0.6690504935726509,0.802027464074027,0.6642002606472233,0.34123883364825336,0.7219935359316759,0.7195767824584656,0.552149650321719,0.5343679593432291,0.66515821033681,0.5844909529539571,0.6008589010516445
0.7022197849891427,0.4935594032429223,0.4147870349801689,0.3527012721987922,0.6460258198590718,0.4842521843849715,0.4853132444452697,0.5778280419250083,0.845236646830754,0.7739905590568344,0.7952419572319351,0.653067305978948,0.5088346930822625,0.4657909015846284,0.481285253504181,0.861411488465631,0.7923817577418859,0.717999882542626,0.6969768625483928,0.5508878257044476,0.6147890321044702,0.3893871043992747,0.5746744557334402,0.0,0.6293334236242887,0.5291541291225188,0.4504306276448531,0.6670673005419435,0.7013992354458692,0.9213621591321475,0.870991221725003,0.5663608916174658,0.442501607863,0.4060863136991141,0.5351068176620275,0.5489553097382452,0.2508741560541275,0.32608420886573236,0.7544692151147734,0.7503796754087417,0.7096667413092385,0.8321203567102786,0.6249612236953094,0.5401206557504675,0.46256982243879097,0.5487463929104444,0.8341535396413474,0.0,0.0,0.4611150194058639,0.6905504693033673,0.3718346946602629,0.0,0.3376335177647703,0.7581457181946867,0.5068348191009776,0.8711493051461221,0.5575597197791287,0.0,0.3358207140143386,0.6892906075632693,0.807142646068447,0.7777367795950467,0.48520017093495116,0.37526444093121014,0.3973403838204227,0.4262795073184935,0.6660404873071788,0.5422326185609366,0.7394193535021664,0.7581090658445837,0.3500873614380543,0.5279781413030842,0.8646262807019021,0.0,0.5113409608875354
0.5868096510004985,0.5306588714775826,0.8127909555686361,0.780505508961181,0.3876665760505134,0.48226067556968266,0.36205265420711497,0.5954297716036848,0.29069962763149454,0.7273835323820853,0.7441262597287555,0.7382990310206734,0.4808615068891172,0.3334896999950695,0.4084389293938669,0.7673709022914609,0.8536631025280217,0.7303294579235373,0.7133755739387431,0.48370637539596584,0.587001889136521,0.6054662566269182,0.3636640532037658,0.6293334236242887,0.0,0.4235539726420181,0.5506985959492887,0.27829606664758977,0.5220483352440982,0.5780163796207674,0.5049682783707998,0.29201463103099545,0.5833066747532515,0.3471729450255933,0.25621015481258713,0.5556183490306028,0.5860494637128726,0.5787491292630508,0.6170007293154729,0.5609063290097733,0.5495053578847413,0.45387651077177826,0.18876950436810752,0.0,0.3074566323914078,0.6736535234281082,0.7951895658141769,0.0,0.0,0.0,0.652175471970402,0.6889507773757366,0.7111794504860901,0.38670053809480187,0.7307139956253996,0.48783834073725374,0.7272846765313745,0.5764452770923507,0.0,0.3715110660987615,0.7092001112881885,0.7274399947006225,0.7910595063786099,0.0,0.4198873307490941,0.43183646475127396,0.43383555838138993,0.47686411116249294,0.6325543672268974,0.7507432415199282,0.7408168454792194,0.51334368209628,0.621299695113958,0.5082949076531887,0.0,0.5238117833889723
0.7278613299641823,0.5609339544836482,0.7164673456482773,0.3776497901550253,0.47604335676938353,0.5966308419892417,0.5139261313609962,0.649448394333854,0.29369589357560855,0.6682455880141529,0.8281575303627347,0.5048869681637469,0.565865921210642,0.5153370737184115,0.6397946573505231,0.6731212717468188,0.6863458197111869,0.6392899116053468,0.7923413524367932,0.51032916156154,0.7596299902216344,0.6040943660424978,0.5966272328847826,0.5291541291225188,0.4235539726420181,0.0,0.5797900734263812,0.344110865443465,0.709858088733724,0.38797818991774535,0.4720427606304166,0.4151294871466996,0.5982457411583133,0.3927351232082724,0.38624243133143055,0.28933924665265864,0.2742772976573399,0.5107890410463432,0.5659526380027846,0.6406739276928133,0.6911099376587897,0.3153999916215117,0.36152656399786753,0.4929854105558311,0.28377963557384556,0.6120088520233546,0.7900163749868647,0.782162575655275,0.0,0.020665069077075472,0.5704012782447856,0.7004233616301714,0.5738416590972333,0.6087528656200164,0.8044001146807613,0.0,0.8567245101594063,0.7495216941659439,0.0,0.758789321822612,0.7491957836651664,0.7353196775279073,0.8027640836946092,0.0,0.6038266963057761,0.6148593831270334,0.6978185830770539,0.5853012893951243,0.7384322007163906,0.7841231258266007,0.7553807330331085,0.5932315444719988,0.6420547258902531,0.589337302415506,0.46683049870595,0.6204674092838702
0.6331887122920319,0.5344707369613638,0.38124587071085775,0.4834882290556151,0.41402652179951194,0.6497050714297306,0.5055181316402093,0.5709045760373067,0.5268671770158831,0.5663971680007167,0.47437254392987227,0.49479582354096835,0.5435123113693359,0.42289622907233976,0.5760230613221187,0.6113127833579106,0.6482158800686812,0.5684807491938402,0.4249111020885554,0.4404817435728113,0.6193583504709097,0.43477927299082136,0.5774591233028965,0.4504306276448531,0.5506985959492887,0.5797900734263812,0.0,0.5378595249774664,0.4662197945411974,0.46614594929582714,0.44961888230591135,0.3004707353914429,0.5319125525477146,0.46643685733803075,0.5205641545874349,0.6246130767364206,0.5914167807893048,0.6230113832234476,0.5413990202882237,0.43354235458707935,0.5464336885650452,0.3868837712361443,0.553675133711135,0.6457966239451212,0.2641082421170542,0.4543721547811453,0.27737413523068377,0.7130880816822167,0.5199436661130796,0.6231535710695506,0.5849244418065039,0.5768626189892931,0.5189491343212586,0.7401316390036694,0.6530091535233077,0.7407475170221596,0.31099587707657356,0.5049762628769574,0.6361714411376421,0.6646350332337962,0.6606374937375619,0.0,0.46409880845116874,0.712729893790673,0.5260243566746405,0.5826307484896962,0.5830059662178031,0.5160180448751759,0.0,0.48568889855939523,0.5718429680251103,0.572501369330566,0.4742795983617295,0.5500344204072337,0.3714374633806097,0.571848362975493
0.5321185081048291,0.5217523654092163,0.6322966353808147,0.4657338103433866,0.5365748925572951,0.6571274771737304,0.5147520940190766,0.5133637621251956,0.6614260352182797,0.5534160457600259,0.6174263546465926,0.7396233455335869,0.6063788231111491,0.3432541445722259,0.5338146273632969,0.5504620842056345,0.6623414849026301,0.44207933616650086,0.6267724041301952,0.5593578288137366,0.4864656211072498,0.5158511744572132,0.537895516267588,0.6670673005419435,0.27829606664758977,0.344110865443465,0.5378595249774664,0.0,0.7722876925915343,0.6125783098871275,0.5513932556264945,0.4345279284468591,0.6075184580352639,0.46130470671211327,0.5533508478019877,0.5812595822235697,0.34987681621709155,0.8365242090102569,0.2562793630861191,0.3883889326059681,0.19382419247470523,0.28753848377045516,0.3512961934243821,0.3584991050979414,0.6629961861377215,0.5770998364024023,0.6417445014629861,0.5442945585389529,0.0,0.7394762541293766,0.5545014810958461,0.5059461764379638,0.5610830227059346,0.6537208685417932,0.7062206554443782,0.41700056883065806,0.7430110209823142,0.44140727686431286,0.4165596126073374,0.5847779370050545,0.4045812702316183,0.3114886414465746,0.5673183620122817,0.772301618759718,0.5373926216864326,0.4836010898661337,0.41383965364262537,0.5916056825432389,0.5025134813937655,0.6264568708197098,0.5194266095881559,0.5950969253853815,0.5559647997797699,0.47490319875228626,0.5570402102474201,0.3633763779716367
0.4871421674958518,0.5280460284173154,0.6322195436125253,0.4643088847411022,0.5894296712059967,0.5849510410064983,0.6033133568749944,0.6202853503946406,0.6210231476522228,0.6936024279353649,0.46287593666292975,0.586187097348306,0.6736960970338401,0.33457654148904764,0.6121551860467107,0.6176887629266441,0.4550112822373273,0.48108607152150573,0.6481020149484654,0.5466067455130854,0.5760727039916254,0.4338635859496622,0.6844455922980471,0.7013992354458692,0.5220483352440982,0.709858088733724,0.4662197945411974,0.7722876925915343,0.0,0.6802032878357609,0.6683613709663839,0.22010505776630718,0.47706999297269653,0.5503575959607562,0.47232825192313665,0.5607278660924286,0.370148992688818,0.5186583278614907,0.427941283631684,0.5431660995611731,0.4541655754654632,0.356518076071878,-0.07336994412643844,0.6805875316268675,0.34767544863443506,0.3963394332104188,0.5200185153392958,0.5354745104010108,0.4240804346159134,0.408014304434279,0.5525556689802783,0.42341755698979444,0.7955715262290965,0.5305049042254946,0.7334859628767882,0.47055070471141225,0.5097153641526327,0.38155352417936383,0.5723906381208504,0.6300773184582695,0.616222270562983,0.46861570083408705,0.6688827954356447,0.5377613127806281,0.5313110285233502,0.6527837215305758,0.5475305627520373,0.573396162812214,0.4781839387104447,0.7678066133652601,0.6665235447106097,0.5238160128540322,0.41050709208094555,0.4892360708076391,0.385667498196353,0.42949143963286496
0.42549591429476763,0.413218005810687,0.6038870528982794,0.2927713698327027,0.5656739611080458,0.6173906719006937,0.5134658750381798,0.491078895957368,0.6405985757357442,0.43323213683985473,0.422318250039158,0.26653070572951365,0.5212417216376075,0.7522992345735309,0.6886836053280185,0.5621092731412085,0.482753538237669,0.5486341620168775,0.6140817250407736,0.6186778976622263,0.494822548531076,0.5229441747430803,0.5522550583576915,0.9213621591321475,0.5780163796207674,0.38797818991774535,0.46614594929582714,0.6125783098871275,0.6802032878357609,0.0,0.6346298282933109,0.259896501344154,0.5530875779355265,0.4705946668421151,0.4309827616887161,0.3609228397800397,0.33676173365040146,0.4502084344988003,0.6470683876594963,0.4795736426695591,0.5325866002219686,0.2975151824447515,0.6147242502650117,0.29493037018210566,0.0,0.0,0.0,0.24227185453767755,0.0,0.0,0.5886751149883005,0.6110535924437129,0.4470228443443225,0.6310711893774019,0.5410157961187171,0.0,0.026065667320081386,0.5164221026879537,0.0,0.4783641175476866,0.0,0.0,0.9162638636055024,0.9159958885035311,0.5344278933183417,0.5373569065268584,0.4808903767612992,0.6859430406380396,0.0,0.40781055459737425,0.4765925774136016,0.5470131014121113,0.6684116648606151,0.52834121440962,0.6432572358166442,0.30376350053236983
