0.0,-0.01764072100409625,0.0010765339443279398,0.0,-0.005112989546535773,-0.016497219122758644,-0.0022241611737223166,-0.02887796878977472,0.0014051925545309207,0.07391910171072452,-0.005924794989911442,0.02537614640448216,0.008167926590469221,-0.01621442548934554,-0.015661161205606233,-0.009767090079481455,-0.0583044763190243,0.0051226964667202,0.0,-0.0029804848902620362,-0.01099848368224493,-0.006058591591266871,-0.012095862760470533,0.009823095127090176,-0.0017831082125849274,-0.0033675621163355984,-0.004581265124455003,0.0020970594206305426,-0.017164102308570295,0.0018600900691851385,-0.013619515445581487,-0.028738968999052816,-0.008842448297600947,-0.03417662729983889,-0.02909250087189874,0.012880725156171391,0.0006513638347779849,0.021804647120958975,-0.0209921281420819,-0.0262433283042946,-0.05212200514687054,-0.012210529130339598,3.145484497435458e-05,0.0,-0.008663375128037387,0.03984919752793675,-0.000896738455743118,0.0,0.0,0.0,0.0036414797542763666,1.1102230246251565e-16,0.030157254138299727,0.0,0.02221301489971622,0.0,-0.005147236072391537,0.006483968485409275,0.0,0.02274194944915814,-0.026049572979777336,0.029156574601444052,-0.015010747254436907,0.0,-0.0038651402965144133,0.0643889028002746,-0.020241450219056267,0.0011639729870915883,0.017533704338059175,6.5667996944074325e-06,0.0029015594607938455,0.0024267929717888825,-0.0002848635524180798,0.012475031479852683,0.0,-0.0002551102055495247
-0.01764072100409625,0.0,0.00405029891122094,-6.270787972523229e-05,-0.01854160821338552,-0.004266226059033762,-0.016162333934057305,0.003535523434041399,0.019347699565600174,-0.01647958291065632,0.00818059997900522,-0.009009363823362926,-0.0072846291927070594,-0.006958115990017166,-0.024740662547237446,0.005010566147248596,-0.00020280366820080165,0.01449026954256527,0.014712247231099984,0.012002197224397604,0.004214728569547854,0.0066344572324607,-0.01102371525652901,-0.013364280438530607,0.03132598782415774,0.005837472199111515,-0.0005570812796405478,-0.021000974322998134,-0.0038272265478965783,-0.04881816033702813,-0.006138027627875853,-0.023511932534393043,-0.012879369979524491,-0.02641737907796954,-0.028230561640704477,-0.005909029803217336,-0.0038283765106983947,0.0,-0.037464766652884396,-0.039506176165468254,-0.03068367839074293,-0.050162811693962195,-0.009258878045409924,0.0,2.220446049250313e-16,0.012937447980870098,-0.00286508631683674,5.628339133911808e-05,0.0,0.0,-0.021770132081968374,0.004248156725030261,0.005363532815764016,0.0009031560692301932,0.005172587349141944,0.0,-0.0015664939983308646,0.00720861555231167,0.0,-0.027989558635862888,-0.033453333737646584,-0.011039816671159053,-0.02630785196441049,0.0,-0.031190244736165773,0.022671104777369555,-0.027532508102529718,0.05236064835147547,-0.0012105537836095692,-0.007125776463934308,-0.007552410652315766,-0.03401806589005385,0.0026900632708076744,-0.0314785066181818,-1.1102230246251565e-16,-0.028793539162154047
0.0010765339443279398,0.00405029891122094,0.0,-0.006482658644905159,0.03256089908756149,0.0308574849591976,0.011349833442906743,0.06906897270305351,0.05585940065281575,0.0014210096374245862,0.05096793211120959,-0.04387132109808756,-0.001260895401475448,0.04887270177344227,0.009224629396568984,0.003897956570680039,0.009185994739749515,0.0231025624639552,0.05533733171280025,-0.0013124519850600813,-0.01994573674458705,0.00837237718769196,0.030119006317930352,0.00365736690050944,0.015468973720727808,-0.0034379692991872157,0.07963940669895808,0.004658410269942681,-0.006738367895114061,0.01277091757629073,-0.009414946885594355,0.002126179747303669,0.01038851387049361,-0.0030484434973145347,0.013913708315966389,0.042533202392384784,-0.0013055444913397385,-0.0017162977855928463,0.020517171246962396,-6.442089410252372e-07,0.06572837582684155,-0.10975190640817312,0.05060504594844384,0.007924723732915862,0.0,0.0,-0.00012239304827671438,0.13845167537566055,7.064842258541759e-06,0.04049788794609277,0.01829313098060037,0.020549895471561497,0.03660473914905271,0.07642009943883588,3.067639074988415e-05,-0.0014882550811460837,0.013267221682359165,0.024768486397941714,0.0629577313673958,-0.0002037141663552844,0.0,0.0,0.0,-0.06781168236915541,0.009211009368286616,-0.004414784462493104,-0.0003044447904009262,0.01983147070710245,0.0,7.479314504560408e-05,0.009584835991246043,0.023511544669508555,0.04215421291040056,0.00817981055072925,-0.008476882430680566,0.015427425076698253
0.0,-6.270787972523229e-05,-0.006482658644905159,0.0,-0.06551061863448596,-0.018991865420012077,-0.0179507195727448,-0.002778067660449579,-0.02083222069106777,-0.033945728067783204,-0.0011323981845640096,-0.031304242532454285,-0.043166195894835946,-0.05824708907360099,-0.007488658202096599,0.0007867781023639941,-0.0030169707461759065,3.217109462488876e-05,-0.008265261604479601,-0.01500271004070236,0.0009546493912805931,-0.03740071519324023,-0.012914325270880489,0.005307066038286401,0.0003433906479363147,-0.039752464447264046,-0.01629100313582249,-0.03178427329106989,-0.02460171296476049,-0.007746748356449618,-0.06776709332014808,0.011717496779890535,-0.0932265432016906,-0.015228118773084054,-0.0017257803557494955,-0.014509970919450471,-0.015510642270292418,-0.018189583146184407,0.0033573682131619043,-0.0006624614926425965,0.0016590730976153156,0.01326524508560778,-0.010883318786333751,0.07822024741862921,0.0,0.0,0.0,-0.0009823097115635449,0.0,0.0,0.008625979217506241,2.220446049250313e-16,-7.36278339421026e-05,0.00015052939925080944,5.551115123125783e-17,0.00718171495232256,0.026039462092358967,-0.0004228205143656516,0.0,0.0,0.0,0.0,0.0,0.0,0.0,0.0,-6.49176047355371e-05,0.004946208892674275,0.0,0.0,0.0,-0.005164731477996232,0.0019515209785037069,0.0026459565523971884,0.0,0.0
-0.005112989546535773,-0.01854160821338552,0.03256089908756149,-0.06551061863448596,0.0,0.02837442324931483,0.028759845139243456,0.017167132355822345,0.030665495523994946,-0.07911835967960573,0.023263924962714122,-0.027629364784133637,0.0059093818566798295,-0.04754274823118193,-0.007739593118567145,0.0025399271206020257,-0.0003657627188651258,0.009179725146533424,0.030960532100294536,-0.0004869761143083684,-0.004360610109855001,-0.015872537641371143,0.0227867296350297,0.00764866128607633,-0.0311487768143362,-0.00746080947389377,0.02795416378651766,-0.03374781616347561,0.009581197328158486,0.00040421690905062535,-0.01893142394026187,-0.03172989435113566,0.011215482384438091,-0.020938963293778312,-0.01624631917835062,-0.03918543008984654,-0.05396226232390691,-0.011583850500952841,-0.06591293374178064,0.011111119119581236,-0.03498328632231784,-0.021897858796925185,0.007636038312290483,-0.0013480527538143328,-0.03891741862312109,1.1102230246251565e-16,-0.004597494805098912,0.01856434315523492,0.0,-0.02930591512668429,-0.00902167980687596,-0.004531491893003781,0.0062379527405114765,0.03195834290877064,5.551115123125783e-17,0.01414875435786811,-0.03435653624564777,-0.008160026111605434,-0.004288252630412215,-0.0005510247362617293,-2.3440479350711474e-05,0.0,-5.551115123125783e-17,0.015972738998621394,0.0042978132073267505,0.00019803786621919173,0.0011354207316970344,0.0006952059240383779,0.0,-2.0654116455076643e-05,-0.008014836130356195,-0.00868226988073223,0.004028440098326258,0.0013292858409596486,1.1102230246251565e-16,0.007836162960850213
-0.016497219122758644,-0.004266226059033762,0.0308574849591976,-0.018991865420012077,0.02837442324931483,0.0,0.02810459106703367,-0.01875039771901954,0.04629075768041646,0.0031411555868124386,0.023898295629381394,-0.011930345542736698,0.038042289622073844,0.016431658827659568,0.002009482343917901,0.0009532163554716866,-0.004723867499836165,0.002883383657687033,0.03869249657140511,0.022266102756407558,0.014528259618850237,0.004187659939792754,0.01640514242157337,0.00036638197685523455,-0.01455272913819261,0.008284269953442669,0.025837313400374318,0.010388669684429475,-0.014079907201300923,-0.0039457787897400065,-0.006915931939387665,-0.02073084333483899,-0.002246739327261771,-0.007709891789079437,-0.009586255080360262,-0.015749928187509754,-0.017355095174684143,0.00024160457671934532,0.008412028176653041,-0.007160133550131731,0.005691519225455077,-0.07007038079268296,-0.009713953819941057,-0.02292394422185967,-0.011821215822751252,-0.0073509743153852836,0.0021100157170994005,0.022192510529318255,0.009147201234568969,-0.005888815789680479,-0.000655448838355388,0.00460167692816571,0.007942096280527167,0.04314715830131799,-0.012348410801759968,0.04008465775732639,0.0009276129312442705,0.005955963985703416,0.02794846303108034,0.017714287905787995,-0.0011583698469964099,0.0,-0.015072807763930995,-0.003957752672065551,0.02642872677135749,0.01340498085101599,0.008500377490201994,0.004660778439947277,-5.458440591638025e-05,-0.011456517478098782,0.010652787871666514,-0.002043370829096891,0.0038436504649187464,0.009900220914520252,0.012759087004841518,0.008767922987988896
-0.0022241611737223166,-0.016162333934057305,0.011349833442906743,-0.0179507195727448,0.028759845139243456,0.02810459106703367,0.0,0.0026599793810790917,0.027351699780244265,-0.03697290443768131,0.001572669850819275,-0.01836585848565786,0.0017832606507405813,0.0015720506939850276,-0.031047926838118856,0.00609511863652179,-0.00021558187861481226,0.015684343317563354,0.0029301306920696546,0.009622188728385161,-0.004598596894051066,-0.004995305277262385,-0.001050507751623131,0.012134003959964113,-0.00837755082223196,0.012903744446181808,0.005838902290526027,-0.02255916826461718,0.011396699099378849,0.015246257918554607,-0.0009028758060674047,0.00623014480162748,0.014113106842243373,-0.006258846565295184,0.0033866120501447883,0.006796561001491952,-0.013094539001154759,0.005366064485183675,-0.11779238361747735,0.011374707898359648,-0.07848127443701963,-0.06929617895128726,-0.017383858468334568,-0.06745932843698837,-0.014292832155979374,0.0,0.005814541807304396,0.005320259335463096,0.0,-0.010556434426905348,-0.005596488027218849,0.011877641768995528,0.0011111151628907523,0.017736049067971993,0.0015754927930244356,-0.0069089760483513896,-0.021366943890793577,-0.0032099994576908486,0.0150722730291305,-0.005499806522923145,0.0030096452177214017,0.0,-4.465576958029294e-05,-0.02231929393223886,0.001964050461799649,-0.0018962918387481764,0.006436971643208889,-0.0004520844067753549,-9.924707863595561e-05,0.0013528106518913008,0.005450059411716723,-0.0005739047055128843,-0.009465577036622097,0.006988398690997433,0.004817369907474722,-0.0017524769768706427
-0.02887796878977472,0.003535523434041399,0.06906897270305351,-0.002778067660449579,0.017167132355822345,-0.01875039771901954,0.0026599793810790917,0.0,0.06953255233950856,0.0003472700143364871,0.09008252917624049,-0.07837054444615826,-0.005947444475419339,0.041685128048498776,-0.007458342883983449,-0.016646892995244134,0.009338674844916683,-0.009116700591110971,0.07088156973242415,-0.0026201299090822805,-0.04478236281676967,0.010885816928150882,0.007416604570227359,-0.010594631810682875,-0.0008034714866546611,-0.01935195100915077,0.000993369741244754,-0.007312743414562006,-0.02442241527628547,-0.025161286597614074,-0.010375664779792904,-0.0410467677232535,-0.021774226506783956,-0.010714063171381127,-0.013388427523910396,0.001476373460431557,-0.030949501840095095,-0.012885335174981749,-0.013913944559630187,0.00648744130253559,-0.016277015930526162,-0.005204393683488573,-0.022393610779355533,-0.004153273947263447,0.0,-0.0038575135100130664,-0.004268065503632346,0.03978390043510227,0.0,-0.013587539761000689,-0.0187383820997864,-0.014575466223651634,-0.015688297393197326,0.037861958819642605,0.00012924713754464134,-0.001413145199332555,0.00021542884391845263,-0.0016068703329082945,0.02583158935851948,-0.008960692563953543,0.004715257649215043,0.0,-3.3978603321382916e-05,0.04115226622220214,0.05409573308585752,-0.1627454117317303,-0.006979081724236225,-0.016750796736708984,-5.551115123125783e-17,0.004802092479689268,-0.016076533437554108,-0.020269760703272688,-0.0033962511462022893,0.013090358194707774,-0.004554427618947199,-0.006078564560329014
0.0014051925545309207,0.019347699565600174,0.05585940065281575,-0.02083222069106777,0.030665495523994946,0.04629075768041646,0.027351699780244265,0.06953255233950856,0.0,-0.009744955997108451,0.05220807391695792,-0.02759378015801872,0.012665411271323146,0.03225724565972671,0.010797051128468849,-0.013380114418438227,-0.00043927361175438717,-0.008122429946000764,0.06468691446239777,0.04198207023538364,-0.006606659563216044,0.021939996442202014,0.019498367433468278,0.0040626810810654446,-0.011598656515589945,-0.011079421332847117,0.07075392467676805,-0.017840948100016907,-0.005210399637193386,-0.015928481732285227,-0.032244026261648906,-0.01962174201479977,0.04228469198172857,-0.02271464598465711,-0.0197571139506747,-0.0014790806452524285,-0.024528673252131927,-0.008326578557681263,0.02614998119568307,0.008050300382974052,0.0040649930735664475,-0.010261557104896568,0.04067832449212039,0.018617202631735053,0.006797779074081578,-5.551115123125783e-17,0.012659773180244305,0.050928732786942654,-3.3939833472551584e-06,0.026442312147721747,0.01934353031647129,0.013831587381713528,0.05712699762473583,0.055261062715490805,0.018254697784977958,0.06830680507329134,-0.005312196719143181,0.008647725323447264,0.04393817637354058,0.0018871123374266108,0.0018973066833977703,0.0,0.0,0.06008538747004999,0.013666283873675356,-0.002846513606431511,0.007403503080196938,0.02503821897868641,-4.1770848778655e-05,-0.011387201997892282,-0.0017614541915809134,0.021511274141315262,0.027751979809143346,0.015795475512200785,-0.006859999937174455,0.004709766488431466
0.07391910171072452,-0.01647958291065632,0.0014210096374245862,-0.033945728067783204,-0.07911835967960573,0.0031411555868124386,-0.03697290443768131,0.0003472700143364871,-0.009744955997108451,0.0,-0.006916365908097188,-0.010252837770958256,-0.020741957841961756,0.046049840465549385,-0.009254191959602642,0.014410031070023033,0.03169543747370529,-0.00011322735492003133,-0.004257861819238928,-0.00918962221926889,0.021115557669881158,-0.0010951734336228092,-0.006970839327388623,0.014545371603041313,0.036422410457328525,0.013166473142000923,-0.0036521772587068124,0.0051326432847615955,0.008550571304015042,0.0023432838015537416,0.023654126852258817,-0.01615813818174533,-0.0028714236538676663,-0.023618147670706024,-0.008437244951344236,-0.008460754211263022,-0.02158870553613812,-0.020444459384128144,-0.05187384621323715,-0.03375278061402509,-0.015830548553397272,-0.0009242045883325334,0.0007280632945358967,-0.011849518680689397,-0.03619614621306966,0.030320719890707337,-0.007168232383564621,-0.00037082140256428087,-1.9271507618434658e-05,0.0004952668187965248,0.00478125905265353,-0.00332369346216832,0.0036618625888474865,0.02006441484834781,-0.01319546065522137,-0.004491518334252154,-0.01170856600111364,0.0029316617746438234,0.0,0.00015940312924944688,0.051218518317554196,0.015444577821444039,0.04875360357390801,6.334645542449557e-06,-0.00010292198285855036,-0.0033420731261884495,0.007588804866700105,-0.004216074776550949,0.03331596151228605,0.04764769590453766,0.022157352375335004,0.00037602273029868627,0.019055652021418457,0.02380130971415323,-5.551115123125783e-17,0.0017676882060747579
-0.005924794989911442,0.00818059997900522,0.05096793211120959,-0.0011323981845640096,0.023263924962714122,0.023898295629381394,0.001572669850819275,0.09008252917624049,0.05220807391695792,-0.006916365908097188,0.0,-0.017200759702598323,-0.012412413351477303,0.034939506442829504,0.0,6.750517656423094e-05,0.01127594800370918,0.009073811050849312,0.02926276825616647,-4.6949942329177485e-05,-0.004943490824217189,0.003986789645143374,0.04669956955836113,0.035097247071993465,-0.0017728118741912047,-0.0016456509848631895,0.05569861431632184,-0.008216321790203651,-0.0025812424576939774,-9.295277654031153e-05,-0.021464562825408096,-0.01512871531050236,0.03374196040264499,-0.007037320241232048,-0.012689348100574205,-0.02790151921914602,-0.00044658209602815857,-0.001072040180030931,0.011537762484126524,0.0047485563804863795,0.004050478838088956,0.008473359704480155,0.062041579553949455,0.004817324213610308,-0.0017435379649781146,0.0,1.1102230246251565e-16,0.1165291460170721,-6.572034718099751e-07,0.10273048259472578,0.025810416387778812,0.0751175693717181,0.04801728712369041,0.09377104771488776,-0.00045470198703434495,0.10006314170106223,-0.028854792554767306,0.05889742364854478,0.02832988423827254,5.551115123125783e-17,0.0,0.0,0.0,0.18692938853625718,-0.011811923353861664,0.0,-8.276744158908222e-05,0.04077011112283713,5.551115123125783e-17,0.0,-9.773248812372515e-05,0.025161253100912773,0.008755662078573534,-0.023480431873731444,0.0,0.011296058960261868
0.02537614640448216,-0.009009363823362926,-0.04387132109808756,-0.031304242532454285,-0.027629364784133637,-0.011930345542736698,-0.01836585848565786,-0.07837054444615826,-0.02759378015801872,-0.010252837770958256,-0.017200759702598323,0.0,-0.01252616079193547,0.005297267366244918,-0.010057140025033606,-0.012529537071361618,-0.014760559271006557,-0.009328623074484288,-0.013223717949776448,-0.005249914889300544,0.016645751299883493,0.0023695998497361703,-0.034076456605376004,0.04756130481220189,0.020568939655890406,0.014729939420901506,-0.023551865810574613,-0.0009736554226028593,-0.02712127844826895,-0.037317232020750046,0.002700435778170862,-0.023436740687028168,-0.008518196431745284,-0.016868000745724032,-0.012225843727280084,-0.005464073637708899,-0.036739656129908926,-0.025782821745292755,-0.04647604402737404,-0.010148658109836117,0.0004030729334689176,-0.009741238231733562,0.018340533549845717,0.0010620655443396299,-0.040254143181838675,0.02041531626310894,-0.007227201109761605,0.009126226421480754,-0.010224851281953579,0.009998557541252562,0.0008092611023003404,-0.028683495045620233,0.00028208864297019076,0.007005927746738194,0.0024499193626779103,0.001830531589946005,0.012141978918946805,0.0004980994296394647,4.152355725295376e-05,5.464200064914104e-05,0.040203438791794055,0.023038778268516913,0.0383463731717843,-0.012103857457028688,0.00631443554807154,0.01072505471327706,0.0011704748450669378,-0.004497281226426064,0.049016775221541575,0.04441846756264284,0.02900628266392391,-0.009723611220362527,0.013666137145842139,0.0017252447291467576,0.0,0.01277505111966859
0.008167926590469221,-0.0072846291927070594,-0.001260895401475448,-0.043166195894835946,0.0059093818566798295,0.038042289622073844,0.0017832606507405813,-0.005947444475419339,0.012665411271323146,-0.020741957841961756,-0.012412413351477303,-0.01252616079193547,0.0,0.023526551488989023,0.004352201425246505,0.010909559039240901,-0.002979275761426481,0.0173103331999917,-0.015966705669127557,0.01693558555669461,0.00833392993212706,0.006409469355527053,-0.007613750732337721,0.015274809189555816,0.00020253242188128517,0.01250302503082551,0.0020223502007662986,0.011957352659350995,0.018273675055736516,0.0054914015115603565,-0.0032350587466631886,-0.00732611412467854,-0.0009726037075598049,0.0032748942127001635,0.00851132259587073,-0.008770032462115607,-0.03346635146077892,-0.0018414678647973304,-0.03993184113936887,-0.043141822396568996,-0.06912951513312315,-0.03785908058582871,0.012697378637393786,-0.04374912273222509,0.049858358677594694,-0.0010258920002291783,0.0032835660296419156,0.01946355744697792,0.0,-0.009233757281070787,0.0010169204316048397,0.003115194701532875,-0.00022192278123706055,0.020862141884750884,-0.0019414004024100318,0.022656903188907507,-0.034059934568002714,0.00981479627686277,-0.01584262146483867,-0.014679532076512625,0.006738341748936338,-0.0051099161629821754,0.007153220166289109,0.025645400770965332,0.023886601200715618,0.011126437535205314,0.016591945498759364,0.0012046541760929452,0.010328061936711486,0.0030911467359639455,0.006103662033689228,-0.00015104662820308867,-0.0011333697112824725,0.0013830331956205533,0.002284164608427508,0.0054945182630425915
-0.01621442548934554,-0.006958115990017166,0.04887270177344227,-0.05824708907360099,-0.04754274823118193,0.016431658827659568,0.0015720506939850276,0.041685128048498776,0.03225724565972671,0.046049840465549385,0.034939506442829504,0.005297267366244918,0.023526551488989023,0.0,-0.054659832077701975,-0.0006467300130033049,8.830906547757644e-05,7.953799123927574e-05,0.06232402860079045,-0.012401048393724301,-0.00771671702837784,-0.002409667068965393,0.025911593717177606,-0.023995514855494227,-0.019950034358324376,-0.014480644123968045,0.002097448720392747,0.07094773652134101,0.016493989619994653,-0.007059046209343278,0.012222319797249581,0.005091581047134031,-0.046330370088469075,0.04558434610053169,0.026317378892006305,-0.03272429881067254,-0.026975356874374468,-0.0005183583605563036,-0.008372718736007922,0.0,0.00337296851597918,0.00043829948077411807,0.04264228563808342,1.8917593763156937e-06,0.0,0.0,0.0,0.057955123052183255,0.0,-0.006774977975011642,0.0058472509835441056,0.009042140918861685,0.030315379287052746,0.044528372090389956,0.0,0.04474519086215456,-0.00015540279973563775,-0.00046677444096976384,0.034402641530594136,1.1102230246251565e-16,0.0,0.0,0.0,0.0537117432609488,0.0,-1.1102230246251565e-16,0.0,0.006767362774392216,0.0,0.0,5.551115123125783e-17,-0.03101869660320028,0.005730933350538703,1.1102230246251565e-16,0.0,5.551115123125783e-17
-0.015661161205606233,-0.024740662547237446,0.009224629396568984,-0.007488658202096599,-0.007739593118567145,0.002009482343917901,-0.031047926838118856,-0.007458342883983449,0.010797051128468849,-0.009254191959602642,0.0,-0.010057140025033606,0.004352201425246505,-0.054659832077701975,0.0,-0.028313280184478318,-0.008752760657556535,-0.021479421260585885,-1.1102230246251565e-16,0.014338129814135014,-0.005836676902225724,-0.04684899465967801,0.005786191192505619,-0.04638798596156024,-0.020436772257040936,-0.01914348723568332,-0.008588902044950053,-0.014327493030767968,-0.008518817605766282,-0.0030192356067749726,-0.012139769717342541,-0.025602078080762314,-0.032145739087407754,-0.03137265690820912,-0.03833659626033753,-0.023801678605353593,0.013803520268866665,0.00012433195315103562,1.2459176097268099e-05,-0.004370108522375016,-0.018034472082822217,-0.00426037171653737,-0.07591131879673307,-0.0035297260100043415,0.0,-0.027048585390669788,0.0018784546344885467,0.005232120532359497,0.0,0.0,0.008201651221659001,0.0013951836608072643,0.02748002515970266,0.004213713529136132,-5.551115123125783e-17,0.0,-0.009183951234525922,0.020137923906701993,1.0773245698758593e-05,0.05331623659587925,-0.03452541323374181,-0.0003765759880665076,-0.07874133096384955,0.0,0.039584690113782406,0.02030464245260899,0.010370347970466043,0.03264165811641856,4.006963193425861e-05,-0.0277716528837062,0.0011645481572268856,0.02814337128683886,-0.0030631011517944784,0.00887340624582239,0.025156863519412875,0.002148461055713702
-0.009767090079481455,0.005010566147248596,0.003897956570680039,0.0007867781023639941,0.0025399271206020257,0.0009532163554716866,0.00609511863652179,-0.016646892995244134,-0.013380114418438227,0.014410031070023033,6.750517656423094e-05,-0.012529537071361618,0.010909559039240901,-0.0006467300130033049,-0.028313280184478318,0.0,0.020221539560840995,0.031314206819560764,-0.00017296564302377027,0.025481673620121603,-0.01958712958150821,0.01824104149305794,-0.013477288236850071,0.012512904970668703,0.036215145016574024,-0.016691708792552995,-0.009987781575685306,0.012160971197273385,0.0042003129371548376,0.010015226816289191,0.024711645784215586,0.0031658824275057063,0.006123413538339562,0.0025559527975209106,-0.008338097456460358,0.009703053228311054,-0.002648253739275075,0.009610741237109366,-0.054260290073653406,-0.04887289468314615,-0.054010396117104065,-0.056984140377387804,-1.4047490409618835e-05,0.0,0.0,0.004516240132514393,-0.00918821377725959,0.0,0.0,0.0,-0.0034741487314522423,0.007840507560476884,-0.012483254540110233,0.0,-0.03772458682708407,0.0,-0.01195056598714439,0.007201733516351949,0.0,-0.0259328955982015,-0.04163453506711018,-0.009414897478961792,-0.030821517125413922,0.0,-0.07215280803127516,-0.0016579326692727214,-0.05178039752836083,0.0034023950109579038,0.002651191033454181,-0.017513456983131892,-0.020641707112216634,0.006590581211850299,0.01739028016705657,-0.08083829517669111,-1.1102230246251565e-16,-0.046162491522747484
-0.0583044763190243,-0.00020280366820080165,0.009185994739749515,-0.0030169707461759065,-0.0003657627188651258,-0.004723867499836165,-0.00021558187861481226,0.009338674844916683,-0.00043927361175438717,0.03169543747370529,0.01127594800370918,-0.014760559271006557,-0.002979275761426481,8.830906547757644e-05,-0.008752760657556535,0.020221539560840995,0.0,0.04171520707493609,0.023260835332993945,0.00569702452671994,0.015852654474130867,-0.007046760129638896,0.011739127933942273,-0.0021394091340470323,0.018747461898171447,0.0035213747309355004,0.0014425648953552694,0.010266805045625549,-0.024421310076726377,-0.014822886569168636,0.020899375396476627,0.005370106723021462,-0.0038954602089454893,-0.01910453519901023,-0.04921093928163017,0.010293014945259527,-3.8953311576550576e-05,-0.025325564073858498,-0.004349076119720796,-0.06568810255483076,-0.0281089197670778,0.0012111394549882415,-5.551115123125783e-17,0.0,0.012026450755487028,0.019629921296711428,-0.032865959985551974,0.0,0.0,0.0,0.0,0.0,0.0,0.0,-0.05664069061860666,0.0,-0.04806830120473238,0.004081833456254624,0.0,0.0001569225869559876,-0.01821141834162382,-0.02520233896652374,0.0020341320290279685,0.0,1.1102230246251565e-16,0.0,-0.010747014383647224,0.0,-0.0018303309607270446,0.01643033960369117,-0.003527834259300644,0.0,0.002500079734973404,-8.465816205321941e-05,0.0,-0.03831167128416718
0.0051226964667202,0.01449026954256527,0.0231025624639552,3.217109462488876e-05,0.009179725146533424,0.002883383657687033,0.015684343317563354,-0.009116700591110971,-0.008122429946000764,-0.00011322735492003133,0.009073811050849312,-0.009328623074484288,0.0173103331999917,7.953799123927574e-05,-0.021479421260585885,0.031314206819560764,0.04171520707493609,0.0,0.012026229161431978,0.02994951054363676,-0.025437602523707303,0.028765925249265745,-0.024353441832265732,0.013341988079586697,0.031008404788801347,-0.0010519884291060877,-0.004332082775444668,0.01823793228666193,0.015662111976838533,-0.010497654001539292,0.02795130517599509,0.008711233577751942,-0.0023297130468767913,-0.0005380260422483962,-0.017584569416966067,0.0420779486755698,-6.492095264237774e-05,-0.02590407669271433,-0.02256831642376994,-0.02035168488378597,-0.02512646050751899,-0.03081606117647645,0.0,0.0,0.005885293760166055,0.02054973733222082,-0.007012645332802714,0.0,0.0,0.0,0.006526824267281961,-0.00027379249825409957,-0.0003603977640342926,0.0,-0.053981492352754346,0.0,-0.06038962141604037,-0.005380823226065923,0.0,-0.021166317062242035,-0.023854655375722122,-0.04118012419763023,-0.010072233614134507,0.0,-0.05362512934468455,-0.00040875640373916333,-0.030600233912053965,0.008156315237848821,0.005465829088143304,0.0002277878376518716,0.007050241359825293,-0.0076144166726302975,0.0033832080216077975,-0.002841985174322492,0.0,-0.02089389113877299
0.0,0.014712247231099984,0.05533733171280025,-0.008265261604479601,0.030960532100294536,0.03869249657140511,0.0029301306920696546,0.07088156973242415,0.06468691446239777,-0.004257861819238928,0.02926276825616647,-0.013223717949776448,-0.015966705669127557,0.06232402860079045,-1.1102230246251565e-16,-0.00017296564302377027,0.023260835332993945,0.012026229161431978,0.0,0.0004184167215836032,-0.003342773269812971,0.012453263716022622,0.019416866526500876,-9.555661566368334e-05,0.009567801533783948,0.007850831898738586,0.0676553757634159,-0.017181487902959702,0.019593281877458346,0.008514462294326341,-0.03319567959921704,-0.005670578265646209,0.014867623775625949,-0.014242429907779075,-0.02590513891161511,0.022390452992503418,-0.014614198094655029,-0.006506242154629638,-0.022867792749450055,3.7214563254395205e-05,-0.01490385457712462,0.008910913329195969,0.026835114814327876,0.015208576085919023,-0.0004987329411444974,0.0,0.0,0.08075962746319598,-5.551115123125783e-17,0.05633225240979489,-0.0003146584313447054,0.011958179036365757,0.027082024367169666,0.04682352890096331,-0.00011298396421033363,0.08331449875907593,0.005670455206493008,-0.006965277351044019,0.01881165353616604,2.220446049250313e-16,0.0,0.0,0.0,0.04112752487439941,-7.28742744698363e-05,0.0,8.920906315512678e-05,0.013404730104195961,0.0,0.0,-5.551115123125783e-17,0.006391174914490816,0.0043749127401656596,0.0004936833350819292,-0.0002512383065520485,-0.020853565594843304
-0.0029804848902620362,0.012002197224397604,-0.0013124519850600813,-0.01500271004070236,-0.0004869761143083684,0.022266102756407558,0.009622188728385161,-0.0026201299090822805,0.04198207023538364,-0.00918962221926889,-4.6949942329177485e-05,-0.005249914889300544,0.01693558555669461,-0.012401048393724301,0.014338129814135014,0.025481673620121603,0.00569702452671994,0.02994951054363676,0.0004184167215836032,0.0,0.021945434785656248,0.03526835596500866,0.029464006890499106,-0.026847382984156842,0.008113276853268181,0.0005902819284053784,0.027449676159616354,0.006550975420847427,0.019750123393579233,0.013475108017490134,0.018890245462682975,-0.009224780345153227,-0.009167979650686886,-0.0008511475975899185,-0.013281319487700949,-0.016597603414383544,-0.02213443064418441,0.03154520782904896,0.011404489556113784,-0.003430489684040028,-0.01668906693964395,0.0005585856474821238,-0.06474992999732265,-0.0010131839433233925,-0.0002972570176673073,0.0010671855180477419,-0.013282673250519295,0.0005897188546782894,0.0,0.0,-0.006459025096264337,0.01742491943157376,0.03991025139494758,-0.008320604418932342,0.00023448711225498853,1.1102230246251565e-16,-0.010973483962666009,0.00279043536016621,-1.1102230246251565e-16,0.024292538238656902,-0.03863056002234588,2.2346525538563533e-05,0.009924675631209079,0.0,0.027366279010377803,0.04395439580151955,0.004682181854663958,0.028596772516675806,0.0,-0.005748528324318269,-0.004641785455123337,0.015843639244390417,-0.0030167451294262904,0.004427521281663294,0.008508287436660433,-0.001517337744359526
-0.01099848368224493,0.004214728569547854,-0.01994573674458705,0.0009546493912805931,-0.004360610109855001,0.014528259618850237,-0.004598596894051066,-0.04478236281676967,-0.006606659563216044,0.021115557669881158,-0.004943490824217189,0.016645751299883493,0.00833392993212706,-0.00771671702837784,-0.005836676902225724,-0.01958712958150821,0.015852654474130867,-0.025437602523707303,-0.003342773269812971,0.021945434785656248,0.0,0.006120343879404688,0.0049241561634568165,0.01757447662925582,-0.014061803813673335,-0.0027673268022830877,0.016897785908720542,0.020679834588568313,0.002500294418916471,0.013722560853543342,-0.007302469404604939,-0.033624326350147504,-0.027187552413368343,-0.009230751606907062,-0.04306031840469415,0.0024670968580107755,-0.0016217877527535673,0.08035852469136312,-0.000713313312153574,0.010226731921959276,-0.018684495829252967,0.014821474428706405,-0.008958206776309097,0.0,0.0,0.053212269525353906,0.01025808801682876,0.019911303839603156,0.0,0.0,-0.002485001324222025,-0.004025570834304049,0.07840980111072388,0.010194898244078376,-0.000818320775377912,0.0,0.01145990987303086,0.021251730286748316,5.551115123125783e-17,0.028465506210684333,-0.023610015338527857,0.0,-0.07348679791043206,0.0,0.05849635437888018,0.03617675617117261,0.01553426156225396,0.037286637836742464,0.0018740689286053103,-0.029681376585201202,-0.0018679784308248681,0.03864779722386996,0.01962884522736097,0.02158418013782043,0.03853906308499405,0.00908772953277548
-0.006058591591266871,0.0066344572324607,0.00837237718769196,-0.03740071519324023,-0.015872537641371143,0.004187659939792754,-0.004995305277262385,0.010885816928150882,0.021939996442202014,-0.0010951734336228092,0.003986789645143374,0.0023695998497361703,0.006409469355527053,-0.002409667068965393,-0.04684899465967801,0.01824104149305794,-0.007046760129638896,0.028765925249265745,0.012453263716022622,0.03526835596500866,0.006120343879404688,0.0,-0.00705455249295589,0.02558146253562621,0.01605827251365627,-0.002483762256438482,0.005133879421133136,0.01235510261347128,0.006288507612217498,0.01758936051339799,-0.0073502788708541544,-0.03172601350804749,-0.024914057285057523,-0.02840598206026762,-0.03985203085537059,-0.02964403384556047,-0.02515461143126374,0.007422935317163204,-0.03150426284804991,-0.04774937724235212,-0.04249786104961767,-0.03795566980932136,-0.06391093206432685,0.0036628912971040095,-0.00016335308637149826,0.01939067625675911,-0.014495511500422276,-0.0030485107256520982,-5.924075729135669e-06,-4.847642245120465e-05,-0.01394318330953026,-0.011205050341659528,0.019678638479575572,-8.305466085040125e-05,-0.013755664179206983,0.0,0.00409774821108394,0.0016320797143469234,0.0,0.01115182003554277,-0.04531549497962062,0.0054122294677122484,-0.057620815614006615,0.0,-0.009295890070042223,0.023589565300304205,-0.015125457161820843,0.01706485780293321,-0.014243365105571504,-0.028258355326049922,-0.016300398645697545,0.012394282654237754,-0.05943016631748016,-0.018826861474423084,-0.006378900314793989,-0.04139658725922518
-0.012095862760470533,-0.01102371525652901,0.030119006317930352,-0.012914325270880489,0.0227867296350297,0.01640514242157337,-0.001050507751623131,0.007416604570227359,0.019498367433468278,-0.006970839327388623,0.04669956955836113,-0.034076456605376004,-0.007613750732337721,0.025911593717177606,0.005786191192505619,-0.013477288236850071,0.011739127933942273,-0.024353441832265732,0.019416866526500876,0.029464006890499106,0.0049241561634568165,-0.00705455249295589,0.0,-0.006695320429179752,-0.012896267685433505,-0.012760520416488563,0.016153434607217187,0.0007323052307445233,-0.01176899046186175,-0.004078210526776371,-0.0039438068317261266,-0.016251114861247196,-0.016740510500874717,-0.007976221570233144,-0.011231808031315793,-0.002783647544006951,-0.014068594751171448,-0.01579371974959859,0.013896144857073522,0.030666716340659816,-0.025595392880967016,-0.021488706325143103,0.03052403985447083,0.010819642106130789,-0.0075823484417102405,0.01650687048388161,0.021804461127690078,0.05969405466537525,0.011283773617723758,0.026773169223494486,0.0048467596107103494,0.009954606509242736,0.018413957540779957,0.050194266557204714,-0.014537883560507336,0.06311471769735832,-0.0021005479693094187,0.012469855540579888,0.011599173581187283,0.03702757824031072,0.011715755139480755,-5.436039475514853e-05,0.009223642733770132,0.07100478149075506,0.04025241722323081,0.04049116880232406,0.028885918779955833,0.018352831131130842,-0.00020949413819892904,0.006038824956280442,0.02849300487200357,0.006383239919774963,0.009882468281509293,0.01822034279534901,0.004922412849194813,0.009530716987064758
0.009823095127090176,-0.013364280438530607,0.00365736690050944,0.005307066038286401,0.00764866128607633,0.00036638197685523455,0.012134003959964113,-0.010594631810682875,0.0040626810810654446,0.014545371603041313,0.035097247071993465,0.04756130481220189,0.015274809189555816,-0.023995514855494227,-0.04638798596156024,0.012512904970668703,-0.0021394091340470323,0.013341988079586697,-9.555661566368334e-05,-0.026847382984156842,0.01757447662925582,0.02558146253562621,-0.006695320429179752,0.0,0.031125738647939882,0.0076982972705207375,0.027351910106547694,0.02384542181127064,-0.018969426890767915,-0.007878105316000306,0.0008753282391490425,-0.02309281523608997,0.0019520741897433025,-0.03289981580642917,-0.08393828401475065,0.05252661038063927,-0.010816176692880597,-0.01770868805005768,0.024748018865874022,0.0013786095925735764,0.04141014781609159,0.018065400602813197,0.01112664103841926,-0.005008879640079011,-0.015466465622006653,0.01507222160974403,0.006413217669326232,0.0,-5.551115123125783e-17,0.00021471360033764597,-0.0029104343933561982,0.00018398853623519118,-1.6653345369377348e-16,-0.0003824938841308634,-0.005118740994933535,-0.0002813836425548111,-0.0032418374794669913,0.00036922209735557043,0.0,0.0006910638314861495,-0.019956677693834746,0.02020225347580973,-0.0008199146110648425,-2.616555350182237e-05,0.0007100450511648981,-0.004762103217834546,-0.0029967171673986326,0.0006856547296896776,0.0412117513813442,0.007633334360616306,0.009959762782799975,-0.0010820257146275103,-0.0073258572209908834,0.006697755392998883,0.0,-0.00033873736480027894
-0.0017831082125849274,0.03132598782415774,0.015468973720727808,0.0003433906479363147,-0.0311487768143362,-0.01455272913819261,-0.00837755082223196,-0.0008034714866546611,-0.011598656515589945,0.036422410457328525,-0.0017728118741912047,0.020568939655890406,0.00020253242188128517,-0.019950034358324376,-0.020436772257040936,0.036215145016574024,0.018747461898171447,0.031008404788801347,0.009567801533783948,0.008113276853268181,-0.014061803813673335,0.01605827251365627,-0.012896267685433505,0.031125738647939882,0.0,0.008224108541420971,-0.00846890537874273,-0.008016778513247447,-0.0033135164705141995,0.01626457356157124,0.008405467245573672,-0.0018215910118294931,-0.006673544272255694,-0.012862212596568057,-0.02185127611981652,0.013414314102558,0.0026568273219975125,-0.013744640372199857,-0.016266335085605876,-0.006875702030936903,-0.017927941886487997,-0.026594588742161085,-0.0027502180665788245,-5.551115123125783e-17,-0.03482734918050684,0.013432617412579506,0.001700668354845114,5.551115123125783e-17,0.0,2.220446049250313e-16,-0.006252068314794801,0.009396475421796446,0.0049628016646881545,0.00034953471675341907,-0.04349709295852461,-6.24540789576078e-05,-0.0398502192259359,-0.007372347300267201,0.0,-0.0843088144169819,-0.01889819720293323,-0.020289108770497888,0.005648308752265296,0.0,-0.03045288963413706,-0.012996000462452861,-0.027213220228027968,-0.006896561103601873,0.015095607411990175,0.014551994178528538,0.013623536574303818,-0.014751903669678934,0.0005912468239448465,-0.030991295286885545,0.0,-0.0032135385997877353
-0.0033675621163355984,0.005837472199111515,-0.0034379692991872157,-0.039752464447264046,-0.00746080947389377,0.008284269953442669,0.012903744446181808,-0.01935195100915077,-0.011079421332847117,0.013166473142000923,-0.0016456509848631895,0.014729939420901506,0.01250302503082551,-0.014480644123968045,-0.01914348723568332,-0.016691708792552995,0.0035213747309355004,-0.0010519884291060877,0.007850831898738586,0.0005902819284053784,-0.0027673268022830877,-0.002483762256438482,-0.012760520416488563,0.0076982972705207375,0.008224108541420971,0.0,-0.0036328124458968047,0.015321122778270857,-0.011277662633567276,0.01208080654312238,0.0003245294668967613,-0.032126677432827766,-0.014688313213211734,-0.025130584251679133,-0.0327717052339892,-0.015790098611929704,-0.004096299278110782,-0.009094790879259629,-0.016121058106599973,-0.01630264694021949,-0.02556238760633911,-0.032442236319480344,0.0038901162413243484,5.695833866442568e-05,-0.05280254599131906,0.003990682411990465,-0.001469211739096532,0.004346828681437653,0.0,-3.347941501508078e-05,-0.0010721250371151236,0.009095391948737042,0.005002706778452881,-0.0034342585237806533,-0.03582088358623331,0.0,-0.02301879643000565,0.00868205137773459,0.0,0.01908482713742099,-0.032075794643905364,-0.010970471831372564,0.0009760804767963704,0.0,-0.014686535107285348,0.025863031981147477,-0.014284513459837445,0.025913260389941017,0.018988286250799513,0.008176425349319949,0.006744010184833726,0.007830986242405247,-0.009247267113414448,-0.01670720761772737,-0.00017548287087426617,-0.014121485677180245
