0.0,-0.02001753377577492,-0.013170140636791061,0.0,-0.006179728977394328,0.007545122089150147,-0.02034234980899413,-0.007043805479736875,0.011016543903344778,-0.010772039096178798,-0.017878659719104184,0.004633321564301018,-0.003441628667934682,-0.012966148969858926,0.059924239372499355,-0.028780018415513697,-0.010310178440015527,-0.03616615436759785,0.0,0.02367248928286264,0.011853619064874532,0.0008921224307597564,0.012278621993367378,0.018053364256803373,-0.035141396729871655,0.019549797485718223,0.04430027796389213,0.0062693357679231565,-0.0388716847870102,0.014329972640806155,-0.02034772550810432,-0.034320307670527184,-0.042338550073474035,-0.040703722755572935,-0.02731755849671813,-0.016142565216731464,0.0005366620362557417,-0.0032555303671575886,0.022815006587627584,0.01767775955046158,-0.007181881142306223,0.0022447201347095547,1.526560684206313e-05,0.0,-0.010400569567867168,-0.022247808159628457,-0.0028464611759934644,0.0,0.0,0.0,-0.014532856439779418,1.1102230246251565e-16,-0.0186401925540583,0.0,-0.016749731751907415,0.0,-0.012048921640627153,-0.007052431711748852,0.0,0.018045084724440164,-0.0009675133298687189,-0.04319264052691735,-0.004657254691385726,0.0,-0.02182182279317102,0.07148107599833936,0.004317482267412354,-0.015612667807991198,0.017326020410516174,0.008782255439275577,-0.019276409245335913,-0.004410271253398601,-0.00024364781175145733,-0.015045694549278454,0.0,-0.014458236854922424
-0.02001753377577492,0.0,-0.01582520830085704,-3.043327152191244e-05,-0.018571677299575207,0.020507200679549753,-0.0015776505976204391,0.007801100256037585,0.009341879329858915,-0.0054306296028236445,-0.007400253302517368,-0.008344111123027353,0.005340152194227565,-0.007192295125767745,0.03904333556780204,0.02399749474845897,0.0320887360768089,-0.0010228395544063518,-0.014610362099404806,0.038002404141938395,0.024527372322333707,0.027022288592263466,0.02061402837233195,-0.015042198355607828,-0.01685979540262078,0.010467720111596024,0.03763774227947719,-0.007562090706995872,0.024000266293032924,0.0026103700158343623,0.00950700573270602,0.009045078377506843,0.031145187120626416,0.004526095548053943,0.022353220432581256,-0.015413280709497601,-0.0012230318584816602,0.0,0.017644004290456206,0.028462478614154407,0.011885160210863055,-0.004057744797480223,-0.009491900579779,0.0,2.220446049250313e-16,0.0009305270272154109,0.012857236949557371,2.739570143783787e-05,0.0,0.0,-0.008250992727474482,-0.010949020003800825,0.05274512115357727,-0.0033749155570932388,0.00374578091178851,0.0,-0.018340315953375708,-0.013116957199500234,0.0,0.052073208339580734,-6.227050783735866e-06,-0.000969900442143623,0.009828315736686521,0.0,0.020221158010247986,0.04558856474149764,0.032906295260202056,0.029673256429955996,-0.007365532993446333,-0.02055225796710841,0.02764451999356876,0.03785238489001147,-0.023408796602963244,-0.023450242279426436,-1.1102230246251565e-16,0.026548080119542794
-0.013170140636791061,-0.01582520830085704,0.0,-0.028063771658084213,-0.03800157939490306,-0.031227211278922418,-0.053528908689795374,-0.042101061098693104,-0.03171783629460617,-0.0336047272809612,-0.042915190453819974,-0.023882983915214873,-0.04995100097389771,-0.06914176588779464,-0.038604215186440805,-0.010115534352640454,-0.010923640860830142,-0.015419424831798367,-0.029761873901280933,-0.012974798582394698,-0.015456904024259699,-0.010838208547511496,-0.05965832223836576,-0.019933031810433932,-0.014191820978885772,-0.019617295740639362,-0.05181225148408197,-0.05388437562576326,-0.021670297378995673,-0.02765635143804196,-0.06728979016946807,-0.07579678047685484,-0.025828235929364285,-0.07567952325841998,-0.009209673469963209,-0.08701769772889328,-0.0842272088876001,-0.02805919671933288,-0.13343583762562888,-3.126462847502509e-07,-0.010905938694204087,-0.046215148070972156,-0.0864225209622298,-0.021001169232955363,0.0,0.0,-8.083159430005704e-05,-0.08023902185056797,3.4286961009266648e-06,-0.02254864929440159,-0.012440437695512951,-0.02401176503501623,-0.03151145032037117,-0.028180491303060773,0.0003005458907879288,-0.1143641131527654,-0.026105697042062725,-0.012732235036602924,-0.05263429580719797,-0.00016904045623761244,0.0,0.0,0.0,-0.11313154818813748,-0.011507737143527264,0.005744486918296876,-0.00027469468526797325,-0.008452338474545074,0.0,7.301662264258546e-05,-0.00021945433768966183,-0.019775715603073563,-0.027567032143288928,-0.01165180869241439,-0.008789889160950803,-0.0266231626976301
0.0,-3.043327152191244e-05,-0.028063771658084213,0.0,-0.009625984171402813,-0.061054691203558664,0.028388240217680716,0.028597315077562746,-0.06704767291729569,-0.03872212581722825,-0.04946682763628346,-0.03151244304234779,-0.0013790304939618192,-0.014037269897430316,-0.0125758296631871,0.0006136166858423109,-0.0036852201711377597,1.5613215789911372e-05,-0.053965936165517536,-0.001665416691022381,0.0006574938317187584,0.0007514510602519842,-0.017380019645698908,-0.011162486452369724,0.0003875541640007696,-0.028789776110520637,-0.051901358289617394,-0.012399807563945098,-0.03309700792532905,0.005865988443506276,-0.05677404504882738,-0.025805217261019586,-0.048662258921641555,-0.05347104722378962,-0.051236706991951375,-0.008928466176273964,0.0025699673140774093,-0.03806301935393974,-0.01908283559385382,-0.0002938700486852519,-0.05838000012190728,-0.029849702997476135,-0.04891591378313159,0.006282179047569392,0.0,0.0,0.0,-0.0008007463766789291,0.0,0.0,-0.014009048633599308,2.220446049250313e-16,-3.573292338615586e-05,8.216473310229677e-06,5.551115123125783e-17,-0.011048078591235244,-0.0010083424570371258,-0.0003670624726698768,0.0,0.0,0.0,0.0,0.0,0.0,0.0,0.0,-3.1505691152733384e-05,-0.013454300148572684,0.0,0.0,0.0,-0.008421202002805883,0.0016295139768208733,0.0025618395975758324,0.0,0.0
-0.006179728977394328,-0.018571677299575207,-0.03800157939490306,-0.009625984171402813,0.0,-0.012108221629151261,0.010364407498929418,0.0053793062077125975,-0.01653756422185887,0.011860024214265685,-0.00823982576208504,-0.026496075072709013,0.018655470016012643,-0.016238595884347506,-0.009097590681738377,-0.0178928799898051,0.016380236865364606,-0.017008181592986116,-0.037412721401689664,-0.01607841768533036,-0.026129145878234228,-0.022891942966216994,-0.01164930401696418,-0.01898559086580287,-0.017845866542130495,0.04542522352813866,-0.019552631749888916,0.019740161653350408,-0.04879888324597964,-0.08994152750231815,-0.023310741325679896,-0.02001837022387709,0.09329571404144021,-0.01885363249219041,-0.037132406699546816,-0.016901926832744357,-0.058170836907280365,-0.006521780320641879,-0.006250879401345111,0.011635367503751604,0.044066858735655745,0.016125019552202635,-0.06515406146048275,0.019056127616361274,-0.00010099967469728854,1.1102230246251565e-16,-0.008375558411991724,-0.07008410197467069,0.0,-0.042803400966477945,-0.009514908623156015,-0.05898172703473237,-0.009976854460607809,-0.08616001083031061,5.551115123125783e-17,-0.057642402071644006,-0.020825273804127353,-0.0747880077283134,-0.06760465334505034,-0.006581677001467445,-2.356512010104339e-05,0.0,-5.551115123125783e-17,-0.0674191324944125,-0.012145801200255824,0.00018094058144357827,-0.010155078396623385,-0.005307164918922025,0.0,-1.0023817371584975e-05,-0.009912287420223265,-0.01568165693710838,-0.01875288211822873,-0.011159719891480124,1.1102230246251565e-16,-0.02790350418167381
0.007545122089150147,0.020507200679549753,-0.031227211278922418,-0.061054691203558664,-0.012108221629151261,0.0,-0.02216486114026056,-0.012397370202752667,-0.01696422079562243,-0.011343893865558119,-0.02671697910199533,-0.031198551123186924,-0.01779204326294631,-0.05965361763196497,0.0021520272070011393,0.011558481117411201,-0.0288980177341992,-0.013845106873502266,-0.05981364200378031,0.004584928442905756,-0.016581942360847424,0.0011323312076620407,0.018916166979356497,-0.012441312498914447,0.043016489565408045,-0.002371605098184293,0.010111651741371575,-0.04054942702316211,-0.025570042973137752,-0.041879616869769876,-0.04169507139584128,-0.03591237841073264,-0.040498817012255384,-0.043057209690603115,-0.03252341301936923,-0.051377643961342145,-0.054356016704123544,-0.024048367145371174,-0.014523599475489424,-0.013982101652824708,-0.017677744131882778,-0.0009065274185674488,-0.04791589444272215,-0.01967302270015525,-0.015986695287643682,-0.011740498391706877,-0.007994027248024893,-0.029694692976457215,-0.022966043609746245,-0.024912831287064452,-0.006544644348108253,-0.010329484165478742,-0.010920091207217042,-0.04916702178526211,-0.046770783020935736,-0.017264716620331355,-0.020897014620822274,-0.026261963073081263,-0.02214679714241774,0.011595020264284217,-0.022408881018903704,0.0,-0.005871897876389975,-0.03703028910180428,-0.002226996710260054,-0.014914611342001838,0.018395048800074143,0.003578401364012662,-2.6490802326528673e-05,-0.032167302152087074,0.021355049666109127,-0.0066194749895246985,-0.032853508706498114,-0.015429521504655042,-0.021410903133865677,-0.03598620365319505
-0.02034234980899413,-0.0015776505976204391,-0.053528908689795374,0.028388240217680716,0.010364407498929418,-0.02216486114026056,0.0,-0.020808197024382746,-0.019674355405336963,0.002253817490983079,-0.03788669618196494,0.023271799109698788,0.023084071917614746,-0.01772191888711211,-0.025171540933832004,-0.01170721573821809,0.027120473207074114,0.026779604721569317,-0.05268967846334893,-0.01764903980714616,-0.025407040067675857,-0.022161925949507444,-0.012931108946755199,-0.004694667974695477,0.029435958736558798,0.012559714374034192,-0.020187943889546978,0.01789874831879462,-0.045963858216221065,-0.018280352525006316,-0.001888891079060706,0.00636833683722926,0.014722188665052316,-0.0038984926797345776,-0.010085346844929288,0.026876666861862353,0.007624583443072985,0.031965561867766557,-0.015564377525807804,-0.013487169393828824,0.03644033991348988,0.0420480867868937,-0.010127879495185288,-0.02196455826694621,-0.015391765167652172,0.0,-0.022486214793878467,-0.031136340790178962,0.0,-0.0197056339614175,-0.02275865802417154,-0.021823933508500315,-0.00021574670417756625,-0.030766140089158234,-0.007544284075360952,-0.019120141432584337,-0.007816252428556936,-0.021568679674667357,-0.024487362749952224,-0.04056803475686327,-0.01832095739413092,0.0,-2.1672255011762065e-05,-0.02623567261211468,-0.01712676785177686,-0.017060048003719297,-0.013112805419738305,-0.004992775875487743,-4.816640755711532e-05,-0.010603174763309353,-0.02150576518130798,-0.014998138829878493,-0.01692974065873598,-0.04463038206122255,-0.015415465391077299,-0.032485979549082056
-0.007043805479736875,0.007801100256037585,-0.042101061098693104,0.028597315077562746,0.0053793062077125975,-0.012397370202752667,-0.020808197024382746,0.0,-0.04547767188587265,-0.012235464512723171,-0.015189418526892706,-0.023307677396445736,-0.014490290244536741,0.009173987817120755,0.0393224535888263,-0.016984174089544724,-0.008634988875988014,-0.04496925743705488,-0.049767287392339876,0.029656370314409652,0.05400267579494833,-0.00432973734835207,0.024005628515578525,-0.01762079896368668,-0.03789590031250961,-0.009889321931408845,0.00936089935073886,-0.0062506896688167,-0.027283459652530817,0.017895885588550986,-0.020087822808636524,-0.04663163521462932,-0.06555737907955556,-0.030295529255123188,-0.009609112529614827,-0.02338605706127822,0.028326351237855152,-0.04280284349476876,0.02757722602584528,-0.0273132663673451,-0.09113325509996828,0.00019013729215899833,-0.022736700033377577,-0.00850890060978654,0.0,-0.04793646197520551,-0.017470691441301645,-0.0266617851377845,0.0,-0.029406976112563432,0.010779664422475355,-0.030064941940836698,-0.004661525379326792,-0.054055907203038045,6.272598033230103e-05,-0.005688658675876146,0.0001735946879853345,-0.010214358919842625,-0.0341646027254065,0.0018321073131471466,-0.018566024207200327,0.0,-0.00010078995483775444,-0.030414255583876337,0.030080011718188138,-0.0013073355280802668,-0.02830182371708384,0.02465098989687059,-5.551115123125783e-17,-0.014915616541942955,-0.009560003467290634,0.008832462495265148,-0.011644274583857472,0.018760546420978463,-0.0010885466462034477,-0.032892084726545257
0.011016543903344778,0.009341879329858915,-0.03171783629460617,-0.06704767291729569,-0.01653756422185887,-0.01696422079562243,-0.019674355405336963,-0.04547767188587265,0.0,-0.03474456694357703,-0.014289590258306561,-0.05888838353626702,-0.019169976051510107,-0.040504211809160084,0.006404014173698402,-0.025184667851262887,-0.027292236517640234,-0.027524823611832894,-0.007696220847907831,-0.013838904185639767,-0.022368668487591337,-0.020936442277013523,-0.03344877552380138,-0.024088117877712978,-0.020086274711640484,-0.019826679855620588,-0.04566742805791091,-0.04980566496497513,-0.0594774989740825,-0.06005525943623474,-0.06889726978955935,-0.05918601875389201,-0.05405564493439968,-0.06803057284595598,-0.06368718278974672,-0.06612700827001977,-0.06870313333994582,-0.07083421168773746,-0.08622399042993156,-0.0016937931616702318,0.002555654063338797,-0.03735941658019537,-0.05717971852941306,-0.03651504772730396,-0.013907685084686372,-5.551115123125783e-17,-0.010507737768260028,-0.03706543467625678,-1.64716168365997e-06,-0.03380193070673554,-0.02429687432848804,-0.041012298722973795,-0.03255462466240727,-0.05575346521996305,-0.014396189947225413,-0.06097809051005665,-0.030207744753193266,-0.03475916434235088,-0.02372064017055342,-0.009708395244395873,-0.0008525485605318517,0.0,0.0,-0.046490247050366695,-0.0033973567303028918,0.011285107766520974,0.007710498325270321,-0.020044959546073216,-2.0272150615729956e-05,-0.012680933513248949,-0.010507227282897547,-0.02927597530553927,-0.0479617886288482,-0.027769129887395216,-0.025219277370799764,-0.04242227633989415
-0.010772039096178798,-0.0054306296028236445,-0.0336047272809612,-0.03872212581722825,0.011860024214265685,-0.011343893865558119,0.002253817490983079,-0.012235464512723171,-0.03474456694357703,0.0,-0.023910805871774077,0.01987035236395379,0.017679273258763117,-0.11581614569358267,0.010322773052000689,0.030643066523644014,0.005497473164609967,0.01612127573571681,-0.02961079260575561,-0.024669444874055146,-0.030406689104409745,-0.012305798439768423,-0.022241284708127418,0.004870398644088003,0.03347619327619217,0.020914489996648133,-0.024573952577135405,0.00452626355509006,-0.030494842670448163,-0.03521615002483969,0.017647103343727932,-0.012368657345595335,0.011313963057979382,-0.022496168673829697,-0.027456251219005634,-0.0633056143020968,-0.06439770408771964,-0.013311402051262078,0.005786025503704217,-0.006948690970581317,0.01846762654194667,0.012088180835140072,0.046574576308909876,-0.01237068286935833,0.012711152514319923,0.038309024987421114,-0.009678843360757472,-0.000179966353189287,-9.352812223195617e-06,0.00046065766604236336,-0.030855328317422825,-0.011012537907287623,-0.00183302690379461,-0.006818327279711267,-0.017045854458708987,-0.010126806385167941,0.009129918678131566,-0.02580035912180134,0.0,0.00024230337939779023,0.03560345937107523,-0.002096058367812237,0.006090058653063224,3.074318389195696e-06,-4.9949905237378633e-05,-0.013353528057524044,0.026365936135773982,-0.0237836292505611,-0.022108075643399505,-0.02139677422636832,-0.0030481125921438257,-0.014125099233563643,0.0024397896438093647,-0.029213439555111964,-5.551115123125783e-17,0.00028823519380416496
-0.017878659719104184,-0.007400253302517368,-0.042915190453819974,-0.04946682763628346,-0.00823982576208504,-0.02671697910199533,-0.03788669618196494,-0.015189418526892706,-0.014289590258306561,-0.023910805871774077,0.0,-0.033132744014445714,-0.03797087276404315,-0.03988274711963169,0.0,8.032709455363385e-05,-0.012130270506673868,-0.020783339706178294,-0.0014525447290432703,-4.872875425981915e-05,-0.019443497305960733,-0.008117886802798957,-0.050069876253121814,-0.008210788951390435,-0.012589387176893507,-0.024643818688688812,-0.055450929000759375,-0.03747437259061881,-0.006751734145480026,-0.0006105282221832153,-0.06613125457810376,-0.07285559830684885,-0.029544815835924165,-0.05545685042918508,-0.0425548156558585,-0.0346271341448296,-0.16641479636509623,-0.02291773935579905,-0.11142821280552673,-0.006905583475474264,-0.0036734177497994014,-0.005089994272362119,-0.03894180043100193,-0.016068335008808943,-0.007474761818896947,0.0,1.1102230246251565e-16,0.016669828741394055,-3.189527663094438e-07,-0.00941041595273201,-0.019584287803496914,-0.02316065080648433,0.011276589947923021,-0.021056779743578724,-0.003585662051193539,-0.15594310951141957,0.007745618335339877,-0.014955784993765875,-0.030293345505019886,5.551115123125783e-17,0.0,0.0,0.0,-0.11792675597345467,-0.012416123339311469,0.0,-9.143928335558771e-05,-0.0002739357502042905,5.551115123125783e-17,0.0,-1.4812946215359002e-05,-0.01305832155782194,-0.03479485725595083,-0.019628539429953185,0.0,-0.028637959700696825
0.004633321564301018,-0.008344111123027353,-0.023882983915214873,-0.03151244304234779,-0.026496075072709013,-0.031198551123186924,0.023271799109698788,-0.023307677396445736,-0.05888838353626702,0.01987035236395379,-0.033132744014445714,0.0,0.015896876533304516,-0.08890654270887688,0.014046426798460965,-0.009322670616166595,0.03794437022239455,0.005145316432525859,-0.02602692383138705,0.02968442751311201,0.0008279560750033554,0.024885489550435125,-0.026906287962998154,0.0018635183008209322,0.012179684900256282,0.0029000859019942538,-0.013801512176279895,-0.014563078059298573,-0.003810934548634737,-0.07494327420163233,0.017317394448200907,-0.04318812310726097,-0.04216408144872916,-0.008080343600084583,-0.01926929377477049,-0.07961832137834357,-0.036349996829388775,-0.043478643882137874,-0.03765435847192872,-0.03657169814687361,0.026464977608462337,0.09244815233671483,-0.003294021666513214,-0.024506887290416612,0.03346927638778174,-0.013962000899702898,0.009529872348825241,-0.006928083739231261,-0.012111076518471736,0.018335435897966823,-0.015326685756511915,-0.022859826190834154,0.00011033788913378251,-0.01849469230772033,-0.021738632724819684,0.0029166968698706164,0.01082630676851104,-0.00530656728673029,2.0152135552564676e-05,2.6518754095095076e-05,-0.0007375643312123037,-0.0014908160658271274,0.003785462718567223,-0.012638642099909059,0.005006187748673507,0.009768123555638775,0.0006369251985248181,0.004835269470989556,-0.06586465719759638,-0.006442544139769302,0.007810073225290481,-0.019795898887775942,-0.0071007326400006066,0.002034732782775661,0.0,-0.01659992743913158
-0.003441628667934682,0.005340152194227565,-0.04995100097389771,-0.0013790304939618192,0.018655470016012643,-0.01779204326294631,0.023084071917614746,-0.014490290244536741,-0.019169976051510107,0.017679273258763117,-0.03797087276404315,0.015896876533304516,0.0,0.002550589623817101,-0.011711066552764993,-0.009009624062107258,0.024433161845826612,-0.009783782184383971,-0.04894702318704197,-0.013831678469634845,-0.015607324036374548,-0.019775501495431558,-0.006317296841706788,-0.0004329675857572268,0.022753330844285935,0.007946775542419182,-0.011018547387254829,0.020488472816036052,-0.03928754421995956,0.0012220679686091307,0.0017672233234499735,0.0028254870386504316,0.029546886725354826,-0.0036126185502567965,-0.007548898144049854,0.029127023730199153,0.01629672747994171,5.4110044664157364e-05,0.009356327585990087,-0.003620655304633069,0.03946776503999272,-0.031891766437047275,-0.02761437166893821,0.00910262838453657,-0.015453036481877513,0.008080043650766644,-0.017776508646067668,-0.011127265023101351,0.0,-0.023673891917722845,-0.013618786484329681,-0.011174503267054603,-0.01233267435971197,-0.017079701592078278,-0.004617403354437999,-0.029313695882760116,-0.030523170718519566,-0.029726153254406473,-0.015065747316678646,-0.0004580158594916228,-0.024529209825928988,-0.009032334266077968,-0.006762396852696417,-0.0016400925339056238,0.0016443204729447158,-0.016020502692968175,-0.02298019702495413,0.0008611122403580085,-0.016695761062768988,-0.030590463502441878,-0.016239736431906404,-0.004247184015100047,-0.01410957223962217,-0.018962519346908457,-0.013566274616044205,-0.02264417207680075
-0.012966148969858926,-0.007192295125767745,-0.06914176588779464,-0.014037269897430316,-0.016238595884347506,-0.05965361763196497,-0.01772191888711211,0.009173987817120755,-0.040504211809160084,-0.11581614569358267,-0.03988274711963169,-0.08890654270887688,0.002550589623817101,0.0,-0.01421530226752682,-0.0005879535719215401,4.285799136100055e-05,8.799670837345008e-05,-0.058447355408005386,-0.006370840021685031,0.004386051519546075,-0.004501680057316382,-0.003389792530808511,-0.04760478795365958,-0.005522795254369772,-0.04073875429221274,-0.021928737231879658,-0.046660622091367565,-0.005455108658484864,-0.007659231419798018,-0.02261305966356142,-0.042700453089029644,0.010056859383446082,-0.048071593314001015,-0.048772739856901504,-0.04076480246544564,-0.015335973866473729,-0.009298795345003719,-0.07995898668179063,0.0,-0.0115149862436969,0.00036600185344209946,-0.03132160539083079,9.181051409679064e-07,0.0,0.0,0.0,-0.02575404343744009,0.0,0.0034537215479478744,0.0005119070178945528,-0.023659269497098345,0.0006723692096256007,-0.045411892861662306,0.0,-0.025837586352663033,-0.00018183830448686988,-0.024194956536779333,-0.03696317805405558,1.1102230246251565e-16,0.0,0.0,0.0,-0.03935840496660353,0.0,-1.1102230246251565e-16,0.0,0.004316112951260498,0.0,0.0,5.551115123125783e-17,-0.00375990973864454,-0.04278270743931151,1.1102230246251565e-16,0.0,5.551115123125783e-17
0.059924239372499355,0.03904333556780204,-0.038604215186440805,-0.0125758296631871,-0.009097590681738377,0.0021520272070011393,-0.025171540933832004,0.0393224535888263,0.006404014173698402,0.010322773052000689,0.0,0.014046426798460965,-0.011711066552764993,-0.01421530226752682,0.0,0.016750366835141084,-0.0021233055002342627,-0.009338188179564277,-1.1102230246251565e-16,0.043812980638542,0.04893755025707952,0.014672643637734517,0.006851183390434612,0.01129287619610897,0.030155082894214036,0.04026748300612942,0.03781966783795604,-0.0172652483606619,0.022900016837094195,-0.015045143144069462,0.003249919983787819,0.00660624983100111,0.013871241395190304,0.006467036107115187,0.007315131898325278,-0.019984628615230204,-0.006034630004597308,0.00011658113127360759,0.03735659621470028,0.07307996029723585,0.02562891899826497,0.029142843839805255,-0.037252058157295376,0.007274742578056215,0.0,-0.017955569818632222,0.02864432800552108,-0.02095268454742688,0.0,0.0,0.010223060653691496,-0.009140031007302651,0.02661936910010032,-0.004969471514561563,-5.551115123125783e-17,0.0,0.00038834396083847755,-0.009253005304733386,5.228451559258218e-06,0.07037870811571695,-0.011080377436861077,-0.00018275915791887698,0.0022330437887888577,0.0,0.06274895699173033,0.046316835776695875,0.04614975025797208,0.043246516601305074,9.84205426396434e-06,-0.008845706917180396,0.037257063623554076,0.051739904838027206,-0.0035722090026264475,0.02479347351601252,-0.017481546517312707,0.02216913076984678
-0.028780018415513697,0.02399749474845897,-0.010115534352640454,0.0006136166858423109,-0.0178928799898051,0.011558481117411201,-0.01170721573821809,-0.016984174089544724,-0.025184667851262887,0.030643066523644014,8.032709455363385e-05,-0.009322670616166595,-0.009009624062107258,-0.0005879535719215401,0.016750366835141084,0.0,0.04622790011629502,0.02572249630419815,-0.00016356817232293652,0.031260949650935566,0.0016072993591366713,0.03824514063109136,-0.006219518830370641,0.018033083026951113,0.011466023189600272,0.020641657399687374,0.023169023400846978,-0.008474973219492143,0.025354194582154543,-0.025133511474706383,0.008074337832418621,0.0012364523363418423,0.0013041031989447505,0.011750267896702637,0.025220203393438057,0.0013096176107708635,-0.004261877532622638,-0.000306975473121307,0.014411137773400418,0.0032331783557579263,0.004036659552721644,-0.019388364742582154,-6.817501910616475e-06,0.0,0.0,0.0015882718562172382,0.005212501105121781,0.0,0.0,0.0,-0.01594500297950613,-0.00543054508701285,-0.01388588496012616,0.0,-0.013951766999832305,0.0,-0.0031129911882133987,-0.013862089686860313,0.0,0.03311263850181767,-0.00046419966444671834,-0.01626385530282637,-0.013365381441837798,0.0,-0.04585331109131635,0.034969308303755,0.024867383480494443,-0.001508785275312674,-0.00777289839715023,-0.016447085557250385,0.023554778066691262,0.014531827457801183,-0.02064624656416536,-0.01786757745437395,-1.1102230246251565e-16,-0.01962840982864178
-0.010310178440015527,0.0320887360768089,-0.010923640860830142,-0.0036852201711377597,0.016380236865364606,-0.0288980177341992,0.027120473207074114,-0.008634988875988014,-0.027292236517640234,0.005497473164609967,-0.012130270506673868,0.03794437022239455,0.024433161845826612,4.285799136100055e-05,-0.0021233055002342627,0.04622790011629502,0.0,0.007912990038395962,-0.014404387956183928,0.003932837570364722,-0.007255001307543196,0.015032751799121113,-0.019502686704593097,0.014540024723142309,-0.0011928953293685596,0.015745971599630426,-0.009445095405405834,0.024214693241454477,0.0031749797233676103,-0.015290002639687883,0.04251415766768668,0.015045498618377617,0.024732542048003292,0.029563144888769766,0.03883280557923813,-0.003963196338551467,-1.8904748702752716e-05,-0.000870895558061302,-0.004608330835787877,-0.04381614313639537,-0.07114757284467194,-0.00372178988042543,-5.551115123125783e-17,0.0,0.002862511451283467,-0.014217679875159428,-0.006268537051493883,0.0,0.0,0.0,0.0,0.0,0.0,0.0,-0.06985916913431856,0.0,-0.039598187114710026,-0.011432589542953675,0.0,7.6157377951247e-05,-0.001022790398948037,-0.025678307099661457,-0.05358985400013683,0.0,1.1102230246251565e-16,0.0,-0.01569929874301651,0.0,-0.1073361604639223,-0.047269886336329225,-0.027258768740777484,0.0,-0.015797662222690134,-4.108614170345026e-05,0.0,-0.014645568818326238
-0.03616615436759785,-0.0010228395544063518,-0.015419424831798367,1.5613215789911372e-05,-0.017008181592986116,-0.013845106873502266,0.026779604721569317,-0.04496925743705488,-0.027524823611832894,0.01612127573571681,-0.020783339706178294,0.005145316432525859,-0.009783782184383971,8.799670837345008e-05,-0.009338188179564277,0.02572249630419815,0.007912990038395962,0.0,-0.024488639805268997,-0.009662512473611773,-0.04276803961245429,0.013222245580118586,-0.030345588785684607,-0.009328075826385895,-0.00894444696905633,-0.002420320443764168,-0.0007312180855580386,-0.01710392232243324,-0.015269125753643364,-0.023724054409656414,0.005456282691577885,-0.014600714288389216,-0.0018502017327859388,-0.0037111315793106336,0.00866196368376082,-0.01875718621382555,-3.1507315952639114e-05,-0.004996707547742674,-0.0040031115474804535,-0.020763252002621302,-0.01607152425043118,-0.005845570574197545,0.0,0.0,0.005752814701438291,-0.029095377284412582,-0.018479520784703996,0.0,0.0,0.0,-0.013461486705349746,-0.00013287646586906954,-0.0003734116562919554,0.0,-0.05731849271035455,0.0,-0.01922919527124861,-0.0143759680055085,0.0,-0.003576464772724608,-0.019696762497424303,-0.013662574890868251,-0.04759929202328911,0.0,-0.013145136980499517,0.01430727621995137,-0.007414180391194902,0.005567071568897464,0.0004009640101684253,-0.02171337762508041,-0.016716241482987504,-0.0046102822748615435,-0.011391650478482118,-0.011937749988517488,0.0,-0.019734525520454183
0.0,-0.014610362099404806,-0.029761873901280933,-0.053965936165517536,-0.037412721401689664,-0.05981364200378031,-0.05268967846334893,-0.049767287392339876,-0.007696220847907831,-0.02961079260575561,-0.0014525447290432703,-0.02602692383138705,-0.04894702318704197,-0.058447355408005386,-1.1102230246251565e-16,-0.00016356817232293652,-0.014404387956183928,-0.024488639805268997,0.0,0.0003858112952828119,-0.023809661251628034,-0.015289099396871453,-0.11020813011914551,-0.00939795609923555,-0.019241925413718497,-0.018540031737268647,-0.06707607152777006,-0.053083308612400903,-0.02071516113810634,-0.01738428388144886,-0.07543599367542547,-0.07591046322043377,-0.027835012429412165,-0.06435553164682128,-0.08273417566245606,-0.059437038894626704,-0.02178694790464708,-0.03344498107935395,-0.0021709350311036046,1.1297294032763805e-05,-0.009500094976562179,-0.01963557634893509,-0.10053629589753305,-0.03583954237303916,-0.0005093753117305089,0.0,0.0,-0.021009682598451263,-5.551115123125783e-17,-0.018987234435935973,-0.037997612881296106,-0.03695841843220454,-0.05167147538995004,-0.07055976161767386,-0.00010799776353864754,-0.16486844871499462,-0.011797090757895645,-0.09644477625452857,-0.030771470197763218,2.220446049250313e-16,0.0,0.0,0.0,-0.0517240797505959,-3.536720730512588e-05,0.0,9.625361117793219e-05,-0.030973921711358154,0.0,0.0,-5.551115123125783e-17,-0.04683258080443192,-0.025409171275581288,-0.03323018225295493,-0.00012193050751363455,-0.04671744315287896
0.02367248928286264,0.038002404141938395,-0.012974798582394698,-0.001665416691022381,-0.01607841768533036,0.004584928442905756,-0.01764903980714616,0.029656370314409652,-0.013838904185639767,-0.024669444874055146,-4.872875425981915e-05,0.02968442751311201,-0.013831678469634845,-0.006370840021685031,0.043812980638542,0.031260949650935566,0.003932837570364722,-0.009662512473611773,0.0003858112952828119,0.0,0.03778821938728538,0.017491465357750036,0.01743942067715676,0.04794335995478188,0.05494371130642767,0.03639199570905538,0.02124608203237016,-0.01846975759503494,0.007007652172448531,-0.0710561890591398,0.011858639403801441,0.010156688087930521,0.01086518772205286,0.01130599718293146,0.014492015180270323,-0.008850067509429238,-0.015495461418045475,0.023637944687420698,0.031203451701023177,0.020822973433092973,0.011965903934603561,0.012616394437950873,-0.021425144101512694,-0.0008359552001955262,-0.00022609464611583752,0.011484183938681947,0.0005603748557008181,-0.01855709229007324,0.0,0.0,-0.0018496912589774372,-0.009236953008309845,0.019813179108482903,-0.005905198554896518,0.0003137314088522136,1.1102230246251565e-16,-0.014119381995233049,-0.046052700823744186,-1.1102230246251565e-16,0.03966951565866661,-0.008068871174393255,1.0845174199303198e-05,-0.004037817634594154,0.0,0.03683747812524352,0.03634068415704306,0.037362054526342336,0.0342793108429677,0.0,-0.006491276328568774,0.023929427241337675,0.03240264698171946,-0.0010083304576711805,0.01325857195998148,-0.0028328861845136055,0.011433867962019395
0.011853619064874532,0.024527372322333707,-0.015456904024259699,0.0006574938317187584,-0.026129145878234228,-0.016581942360847424,-0.025407040067675857,0.05400267579494833,-0.022368668487591337,-0.030406689104409745,-0.019443497305960733,0.0008279560750033554,-0.015607324036374548,0.004386051519546075,0.04893755025707952,0.0016072993591366713,-0.007255001307543196,-0.04276803961245429,-0.023809661251628034,0.03778821938728538,0.0,0.04875034758551372,0.02778320770206988,-0.012041212648650157,-0.03548855873368717,0.024565970901428535,0.03631237431254125,-0.002467447253442945,-0.011987475879959186,0.004609704918510371,-0.0022851701912091626,-0.007989019204201031,-0.008068677596493545,-0.0016994004447903333,0.00224589780258988,-0.04412782896164319,-0.015513873519267418,-0.04666494815200034,-0.01966335197599617,-0.005435669927697617,-0.028736379048058924,-0.005361764551549242,-0.037607341355710644,0.0,0.0,0.0216271695189289,0.0026342391495134954,-0.0026999312731832426,0.0,0.0,-0.005481271403854682,-0.012838115193538613,-0.01050778988177331,-0.014166697204057332,-0.0142801004538744,0.0,0.011715266976332628,-0.007736225810586916,5.551115123125783e-17,0.022333451770971346,-0.016837453142897973,0.0,-0.006573280202119558,0.0,0.020693839564843663,0.017661284848486947,0.033286732860380586,-0.006562153544856675,-0.0048112260563500375,-0.009170114945811048,0.009846605339162096,0.004933429391756616,-0.03002921392312763,-0.04000458195544465,-0.025692850360839126,-0.02934681032596831
0.0008921224307597564,0.027022288592263466,-0.010838208547511496,0.0007514510602519842,-0.022891942966216994,0.0011323312076620407,-0.022161925949507444,-0.00432973734835207,-0.020936442277013523,-0.012305798439768423,-0.008117886802798957,0.024885489550435125,-0.019775501495431558,-0.004501680057316382,0.014672643637734517,0.03824514063109136,0.015032751799121113,0.013222245580118586,-0.015289099396871453,0.017491465357750036,0.04875034758551372,0.0,0.01556037388863074,0.09730914190135753,0.005222631175556713,0.02007917093221867,0.02728689001276835,0.0011392844753294606,0.014154766165223043,-0.07552004438334231,-0.007195665998234679,2.057251516818237e-05,0.014610136341837165,0.001675494832743929,0.014015961109151764,0.0022710016032405633,-0.019267300893299644,0.05803381616260278,0.026607950082443987,0.027090153150627183,0.011111790595661697,-0.0035946147060534894,-0.030541472202654907,-0.011357878194210302,-7.927821596387385e-05,0.014474168188149561,0.018773261686581555,-0.0002289126288915755,-2.875061411333757e-06,-4.75390139297871e-05,0.007265814945384974,-0.020347268837157872,0.04855662207736988,-0.004536081081613741,-0.012979384418970563,0.0,-0.0014772532890790502,-0.04407778734977241,0.0,0.03892837358965556,0.012021858577624167,-0.012505712407896663,0.028493434613635016,0.0,0.03585399005691253,0.04151154219412223,0.02941730072108023,0.03669913361571869,-0.015470049425201193,0.02420977897744242,0.031942829383979965,0.04048570077934932,-0.0095517785709478,0.007650070954535737,0.002665959881809621,0.011132938432818429
0.012278621993367378,0.02061402837233195,-0.05965832223836576,-0.017380019645698908,-0.01164930401696418,0.018916166979356497,-0.012931108946755199,0.024005628515578525,-0.03344877552380138,-0.022241284708127418,-0.050069876253121814,-0.026906287962998154,-0.006317296841706788,-0.003389792530808511,0.006851183390434612,-0.006219518830370641,-0.019502686704593097,-0.030345588785684607,-0.11020813011914551,0.01743942067715676,0.02778320770206988,0.01556037388863074,0.0,-0.008268645232077099,-0.01324755906031555,0.03753807916681362,0.02374849922877198,-0.0020952704298757285,-0.0009652265786506131,0.014023576980837227,-0.004243175463292781,0.0023327123936836003,-0.0092820622537223,-0.011599105981405677,-0.0032528340047130455,-0.013985828806344192,-0.0141290214099824,-0.023819838160492324,0.0070906830889023165,0.0355976961131223,-0.010453403151802099,0.0008212195469164962,-0.004831530710476983,-0.021284336400911208,-0.00799338985887077,-0.026641684070064342,0.022142993298887026,-0.023602286263621708,-0.026247803040120254,0.00737397817226304,0.018068717156719316,-0.013673093029071048,0.022655583524683665,-0.05124089172258944,-0.00798970590730419,-0.08068059925745463,-0.030820206658220717,-0.008651592782178419,0.018054925121547494,0.03582625707827736,-0.0018783404110730983,-2.638208564653688e-05,-0.0019942404272106917,-0.014566325787460088,0.028218837800842334,0.01897702166327242,0.03997868060074289,0.03890426309053319,-0.00010167130539240343,-0.00784666172181614,0.029170145449750662,0.022903081454656027,-0.005489629659286677,0.008939382483219183,-0.003445163491469172,-0.001765064413122297
0.018053364256803373,-0.015042198355607828,-0.019933031810433932,-0.011162486452369724,-0.01898559086580287,-0.012441312498914447,-0.004694667974695477,-0.01762079896368668,-0.024088117877712978,0.004870398644088003,-0.008210788951390435,0.0018635183008209322,-0.0004329675857572268,-0.04760478795365958,0.01129287619610897,0.018033083026951113,0.014540024723142309,-0.009328075826385895,-0.00939795609923555,0.04794335995478188,-0.012041212648650157,0.09730914190135753,-0.008268645232077099,0.0,0.018630694967217754,-0.008822753360821223,0.017262697835506935,0.009811308496685822,0.004849872336435357,-0.008552307912876311,0.013508389655107755,-0.0052041303994521115,0.0040410066280201495,0.014651374886210433,0.04101866424344969,-0.005787106155657862,0.004905083924710618,-0.0025745828974625684,0.05251483103951282,0.006466678911131951,0.023718546154355147,0.014050975992781656,-3.411583395768192e-05,-0.005131756924779796,-0.012859772142174153,0.012549978722841637,0.0038726489519717022,0.0,-5.551115123125783e-17,0.00010420440504704809,-0.0034872422529891867,8.929297409993042e-05,-1.6653345369377348e-16,-0.00018563122022674516,0.003175295516556209,-0.00013656058589794906,0.009689478454174671,-0.006477125773190984,0.0,0.0003112212461582331,-0.015507164304250254,0.006180372656286959,0.012780759839829348,-1.2698617745110496e-05,0.00040795369051194186,0.09784752528254292,-0.019059933931969142,0.0003375796266796294,0.026811917990034684,-0.004577212694838184,0.008618725744724609,-0.0020196295886877325,-0.002217025610203427,-0.0013497581830920757,0.0,-0.016890627482258003
-0.035141396729871655,-0.01685979540262078,-0.014191820978885772,0.0003875541640007696,-0.017845866542130495,0.043016489565408045,0.029435958736558798,-0.03789590031250961,-0.020086274711640484,0.03347619327619217,-0.012589387176893507,0.012179684900256282,0.022753330844285935,-0.005522795254369772,0.030155082894214036,0.011466023189600272,-0.0011928953293685596,-0.00894444696905633,-0.019241925413718497,0.05494371130642767,-0.03548855873368717,0.005222631175556713,-0.01324755906031555,0.018630694967217754,0.0,-0.004860360272922748,0.06069753061748473,0.003239654071714504,0.031033839627130966,-0.015319735386732036,0.007421017126750751,-0.013927824693586999,-0.001541976115928101,-0.006386600515188745,0.006859661000711559,-0.023150711680339386,0.002539102872650578,-0.0022786531424595635,-0.018854902240101723,-0.028740371925484676,-0.02250925559376593,-0.0321278523761116,-0.0020144464762164582,-5.551115123125783e-17,0.056244039408289426,-0.03409776404468462,-0.024085408356187887,5.551115123125783e-17,0.0,2.220446049250313e-16,-0.01795139910675736,-0.011261559504140206,-0.01338811091976111,0.00038838255084244766,-0.04831443544425795,-0.00013376883663396288,-0.015757239458857986,-0.023295860356911058,0.0,0.05134450574367877,-0.028193154792829744,-0.020200357662076174,-0.019918728025241028,0.0,-0.02173431331639153,0.033416132713830926,0.04784423197808069,0.004402130840115537,-0.0062278915993749795,-0.028431797351691934,-0.01277487071787986,0.08049016066956427,-0.024487333649236553,-0.02181219560091413,0.0,-0.023994814623915395
0.019549797485718223,0.010467720111596024,-0.019617295740639362,-0.028789776110520637,0.04542522352813866,-0.002371605098184293,0.012559714374034192,-0.009889321931408845,-0.019826679855620588,0.020914489996648133,-0.024643818688688812,0.0029000859019942538,0.007946775542419182,-0.04073875429221274,0.04026748300612942,0.020641657399687374,0.015745971599630426,-0.002420320443764168,-0.018540031737268647,0.03639199570905538,0.024565970901428535,0.02007917093221867,0.03753807916681362,-0.008822753360821223,-0.004860360272922748,0.0,0.05720599497343204,-0.004991302590396762,0.0006655507022578777,-0.043011305769871944,0.0024837391822229438,-0.007032843068777328,-0.00778348670948148,-0.011762112220688958,-0.014920651839818777,-0.0013148489098843696,0.0034998256017764184,-0.014582413478290868,0.01928489056717969,-0.022888349553021048,-0.0021229025980035177,-0.014265482272132812,-0.020345684610125647,3.066345092961331e-05,-0.0008410785722379743,0.014929282808072764,0.0043966026228998145,-0.009244733271556116,0.0,-3.567107460061836e-05,0.009637216588371633,-0.02171750909246667,0.024658017973049173,0.004428656356951777,-0.04051963279118137,0.0,-0.011206629493246634,-0.026932107819908957,0.0,0.04017829548481289,-0.010353605949341538,-0.0021006848078952145,-0.013535488856427136,0.0,0.0318636608399126,0.04942026531370691,0.030688307082823718,0.03849078022293284,0.006756212026853781,-0.016743315902610245,0.010338322963132418,0.04168341092553601,-0.023116346362081985,0.008758549238873592,-0.000244182522739278,-0.013952638818974461
