0.0,-0.00038041309104946963,0.01283138662987976,0.0,0.014231257413475862,-0.08114711310413597,0.007084406378154995,0.015577613126691814,-0.005288055596413599,0.038297621640556556,0.0017951729906592884,0.04339583614851911,-0.020339329922851257,0.01514706862015297,0.035663055545331834,0.0070417040412258936,-0.03449864814547787,-0.0018078746808334878,0.0,-0.032032557750473145,0.037940335558200644,-0.008613791820218264,0.023391896484421193,-0.007199943493735206,-0.011232880074878604,0.01699491920485985,0.010766859239799198,-0.019535363439303788,-0.12265400393920084,0.02501981864599756,-0.0019724482795261955,0.009074539793664904,-0.047786732277751376,-0.016089034666097846,0.000751389575984307,0.010774942595934589,0.0005812545281218551,0.0032112457829193697,0.02520371760854917,-0.0007521834317448794,-0.04085724139917868,0.002728147803755021,2.155947911808287e-05,0.0,0.02462022773669209,-0.0054875191687690505,0.014455839834864648,0.0,0.0,0.0,0.00822277518739123,1.1102230246251565e-16,0.016047377038353128,0.0,2.1912286597758346e-05,0.0,0.012412646655915405,0.013965221618071066,0.0,0.025494751843447017,-0.00517036370373225,0.009099002138633905,-0.015216608890484207,0.0,0.0028328551065982532,0.08925397041347866,0.004610737478163651,0.01357955327409227,-0.012561028819878584,-0.0031116933201724706,0.017044432466069404,-0.031139124367617843,-0.00025967120985087577,0.022437171575407755,0.0,0.028043784204171918
-0.00038041309104946963,0.0,0.012883672608042962,-4.298063540231212e-05,-0.036810595905389376,-0.0017052299754325984,-0.025158875525649993,-0.009048370236891312,-0.02043373769114787,0.012251837202875482,0.007455456169837671,-0.004158076323273974,-0.011502214247722742,0.008299029517472911,0.014281342185241741,0.0253540299302652,-0.02343703404797054,0.02928252181873664,0.013989040138945918,0.025715656772824225,-0.0013479639575865177,0.02655585984775327,0.007749602651748011,0.029233135539231514,0.0158094036883501,0.0355340178109777,-0.007071323076343894,0.0008601608416428097,0.00870873281907042,-0.003897677635678165,0.008886347585074117,0.0057146840626910445,-0.00246736157496924,0.009641332535814506,0.011823149265347055,-0.030549420374089253,-0.0012712946659400037,0.0,0.004927909803558894,0.014600523710538105,0.00012594983692193473,-0.003171993899928227,0.005751515259248885,0.0,2.220446049250313e-16,-0.005752156329960734,0.003444514488769146,3.8626336820613005e-05,0.0,0.0,-0.0031281367886605294,0.005746164034609091,0.028182375847454755,0.014278692985520258,-0.0016402405706687495,0.0,0.00869573000599283,0.01106422680123298,0.0,0.02449159854475269,-0.011226777657278697,0.008177613113204862,-0.006972563920236874,0.0,0.018223710201656862,0.008574110374842459,0.01586754124931611,0.022515654037736033,-0.0030662535139159286,-0.00846481707450375,0.01344998225423627,0.007372794450644371,0.011168016936275504,-0.01320930478804394,-1.1102230246251565e-16,-0.0038138403520925346
0.01283138662987976,0.012883672608042962,0.0,0.015647845500551927,-0.010285848433863598,-0.008681337595938587,0.0002814430041583327,-0.005843604232202093,-0.02583065331038198,-0.006831922555859016,0.0011854039393312532,0.014458256915819423,-0.003582313979457352,-0.01453006975406601,0.026563818988813992,0.0020047795301203486,-0.0009839468750395541,0.021407074927628278,-0.005792871744216388,0.003619425542305932,0.04383364895150832,0.010040611737808791,0.008734694507925134,-0.0002504457199671295,0.006194129144437066,0.01773053772139438,0.011088164407788759,-0.005798665238350931,0.017172676451164604,0.00778433681723939,-0.004489004348139036,0.032037139457325226,0.011794679987572332,-0.011410084219023009,-0.00972895878559149,-0.0034072098909503357,0.01890513663635418,0.00663990674451409,0.048294431190175624,-4.415475334251795e-07,0.03647175244195122,0.002836071470022128,0.07607045185071809,0.04834786708214428,0.0,0.0,-9.698939498214987e-05,0.07482509753421845,4.842316637332367e-06,0.039927996175465275,0.028541680104488987,0.034960983375760146,0.04434469022487686,0.06665291948534446,0.00019562902252262537,0.02719750849078878,0.02397310728728963,0.043248257844109905,0.020140774130645966,-0.00018252051632655641,0.0,0.0,0.0,0.06826210264139221,0.009787942168297148,-0.004137247014219192,-0.0002862606008703916,0.028972019095545476,0.0,7.370727930033905e-05,0.01697732498624216,0.043806418652981516,0.03356303900673785,0.031048208885973205,0.006936408678012818,0.031026520019555415
0.0,-4.298063540231212e-05,0.015647845500551927,0.0,-0.019262014969547547,0.014687872034956195,0.021997609458082268,0.056131316264024456,0.006107193632175434,-0.0599042628094735,0.02885074600360943,0.005634446330291476,-0.016558278922529424,0.021031680202910796,0.0025832131046010787,0.0006809364590040778,-0.007289092036370237,2.205040410585557e-05,0.00907534709174973,0.017783271453805316,0.0007730186712892606,0.026366918678605855,0.029877723279590318,0.010724951867767618,0.00037038476250700336,-0.0025805732603561005,0.020370099018238497,0.0014043691786816415,0.018159315179986257,0.0003621729847733124,0.022386499513376568,0.025008597462832405,-0.012966918092230106,-0.05717024915872368,0.04591661870368491,0.004353255961315444,0.010862155628625081,-0.014082105687824031,0.0024612845428503283,-0.0004371669383446686,0.027428239996332593,0.02764814649858055,0.005133763219420051,0.0035288256349214064,0.0,0.0,0.0,-0.0008713325543878714,0.0,0.0,0.018577277175175988,2.220446049250313e-16,-5.046528602131728e-05,6.354331276875458e-05,5.551115123125783e-17,0.004073153916973826,-0.007823810498576944,-0.00038873946512180124,0.0,0.0,0.0,0.0,0.0,0.0,0.0,0.0,-4.449520399274487e-05,0.019908254215543375,0.0,0.0,0.0,0.014800618214056649,0.0017547002841705739,0.0025945416534459143,0.0,0.0
0.014231257413475862,-0.036810595905389376,-0.010285848433863598,-0.019262014969547547,0.0,-0.022002513964900217,0.004564376362732325,0.012570986843099374,0.005842615307030619,0.01753703403309098,-0.00010186195544420462,0.03133421346065063,0.0025751524674297865,-0.008776561642023673,0.012763427846937236,-0.03217214202473784,0.01156992580524191,0.014414597363671733,-0.0022561074038489615,0.012861239501901378,0.04627035487047393,-0.026532757196454315,0.008743294990623984,-0.008912104017824884,-0.010287598404654374,0.013586966013454438,0.007530982726417335,0.01701747507702417,-0.03691870291816585,0.02686698583552216,-0.003783629520182241,-0.017917058788343765,-0.0427767747464175,-0.001483442042153671,0.005565685921242791,0.0029095680876940755,-0.003838949149005677,0.01801542524335198,0.050635709198710244,-0.0062867958752509945,-0.005612561713877973,0.004854985399080303,0.14117450961803113,-0.15353516325966415,-0.0001426409313499133,1.1102230246251565e-16,0.010228435994234064,0.05402393295660879,0.0,0.04122389186767994,0.031144380835567365,0.044615011500634294,0.0694754134196423,0.04450911948464986,5.551115123125783e-17,0.08019498138077596,0.007186735567715263,0.038652737538758086,0.034629916974132036,-0.0008097156426801755,-2.3516663653855296e-05,0.0,-5.551115123125783e-17,0.06539008831910148,0.017636457874181055,0.00018758747401292908,0.01052326844469298,0.04186247787164776,0.0,-1.4156547036903167e-05,0.005765431282006461,0.0344867481836999,0.03714588224336224,0.033416471015773275,1.1102230246251565e-16,0.027152596150555652
-0.08114711310413597,-0.0017052299754325984,-0.008681337595938587,0.014687872034956195,-0.022002513964900217,0.0,-0.020316559979596416,0.012214976277141576,-0.008488811012730468,0.0009725774114505703,-0.020047414508241324,0.02070060863154105,0.0023620413747374447,-0.007392985656640039,0.0022244538547228077,0.008657564555351993,0.0038645361644089604,0.0017278748318847459,-0.023642996036839614,0.01786370044736013,-0.0025444368971974662,0.01275959117491099,0.011278326765771174,0.0230420378114925,-0.003673395281586167,0.0015206698275890829,0.014957092340334377,0.017035900599342846,0.004891580362866466,0.029204033151848774,0.0029285418356393422,0.011441327835176707,-0.012100805990245711,-0.006220864486095989,-0.0006550976730418934,0.033434868661081696,0.011386681998975245,-0.01658097985463347,0.06831786957653457,0.0028271738664938373,0.04734611470872163,-0.01247846172805639,0.06247103267966969,0.03671532785268833,-0.015435739415209981,0.012188955358684084,0.015516903252609904,0.034178633182290086,0.009998787179803181,0.03253823690680002,0.03685579448087872,0.034267908527526814,0.054070992031700515,0.03825746471934899,0.021389157951010873,0.04369942054633025,-0.010355249212023132,0.05478318322288156,0.08941657970791794,0.017395698774752055,0.01606494031151029,0.0,0.006759402744019816,0.04005071637908142,0.030960040243561804,0.046885770985326314,0.019573287296946962,0.03198848789116315,-3.741272164869969e-05,0.013516741301295654,0.021304852353284442,0.03711133613932216,0.056286667025298665,0.02995084187015773,0.021838086188773143,0.050460651564412484
0.007084406378154995,-0.025158875525649993,0.0002814430041583327,0.021997609458082268,0.004564376362732325,-0.020316559979596416,0.0,0.005752520333445255,-0.004534993634353279,0.028665108200146394,0.004115433943251534,0.01604049521294959,0.005073696635419178,0.0688910485412576,0.016188762790676436,0.005940869203109211,0.0363072519354527,0.008350529758221481,-0.00013695680468034377,-0.0005512778091138482,0.015739037911655818,0.0001252527532503156,0.007948973315573593,0.06140655506697329,0.0009075110905017447,0.015677534071655952,0.007923416272201056,-0.009657540632160011,-0.011836911105352954,0.008021881579022172,0.005382810031824337,0.009613737902993857,-0.016484637149346726,-0.0026467242372630317,-0.002371435133549704,0.0354220860771961,0.021440470170141945,-0.04063994003338545,0.027014398891704483,0.0026273450087104244,0.0421453609677771,0.03480586764124599,0.04965035206146606,0.011900784127693131,-0.004365929868169249,0.0,0.014430658567914534,0.039485300103154986,0.0,0.042012664861559856,0.03055715574775497,0.0357724194823793,0.04661734686485891,0.037238671442940574,0.00808652009323857,0.04720295379793921,-0.006240683040652006,0.035295532826492115,0.04138142501413483,0.014549276973988556,0.011455963191439766,0.0,-3.060753065398103e-05,0.03442320239994401,0.02858659730061569,0.014361280152258127,0.006873616182814457,0.033597645206120186,-6.802498378644106e-05,0.016622148391646996,0.019632177102224424,0.03507436311572898,0.018355898409443405,0.03437493738558711,0.013935242587966856,0.037909397362894226
0.015577613126691814,-0.009048370236891312,-0.005843604232202093,0.056131316264024456,0.012570986843099374,0.012214976277141576,0.005752520333445255,0.0,0.01555744289449762,-0.004614110930023618,0.012575756461377152,0.04009849477976929,0.006673460266741982,-0.03376840047602486,0.05458167008779624,-0.0008886118851341718,0.010518215006685538,-0.010691636489997047,0.021329568005772348,0.049055312652666494,0.03326901502161694,0.035899968597189025,0.004803993934326234,0.005345221026137659,-0.009353136643418303,0.017388072182499548,0.027477311658219872,0.01781146503922787,-0.005581242120931362,0.015538090475043731,0.009119520855314478,0.02994250402963239,-0.00894513788388529,-0.003547493385506084,0.006377114244623894,0.042805491831455045,0.08143923071559867,0.010208855058679855,0.02348209589166761,0.004883654886624456,0.03735654775403552,-0.005104822460410552,0.05700917576499248,0.0073485795076629334,0.0,0.04239197605141931,0.010610892392508342,0.047692538997605505,0.0,0.05681841797814535,0.04296833021809249,0.06134563359665529,0.07573440693542371,0.038703036187938245,8.85873373479007e-05,0.08103232384549297,0.0001898585067066083,0.05146809091231819,0.0725106575332578,0.034828072560796675,0.012976871269195611,0.0,-7.48157793022397e-05,0.04664847881619505,0.04225005379913699,0.03814783736770022,0.0674891993992659,0.03357231534201088,-5.551115123125783e-17,0.007915438172417744,0.014854942751692801,0.035517010587387876,0.04783698172025069,0.06005511612744918,0.013905144262738367,0.07940698689756648
-0.005288055596413599,-0.02043373769114787,-0.02583065331038198,0.006107193632175434,0.005842615307030619,-0.008488811012730468,-0.004534993634353279,0.01555744289449762,0.0,-0.008300212652876948,-0.01545917126778873,-0.011178872207603607,-0.014224832302556,0.007403945570633175,0.016111001189590468,-0.00948557872325928,0.009667382831536453,0.01668300550612023,-0.019381925975007153,0.004653623329264389,0.0045359277647017415,-0.004849769207645405,0.013633009553286113,0.013035220156550398,-0.03243455019101055,0.0115749646987523,-0.002453328095328444,-0.005317604065665504,-0.019220027983477994,-0.02983135979621171,-0.012790149379826976,0.02010878951308598,-0.007342332867764478,-0.017444153594909584,-0.009343335625230764,0.005363146127475071,0.005906293361817583,-0.01279067848625065,0.05621860570323994,-0.00697047271585538,0.0454192331115274,0.015080408248042354,0.06826351887971949,0.028577920293292036,0.002401364594299793,-5.551115123125783e-17,0.007266358305584197,0.04136513782600948,-2.3262716176697396e-06,0.02755927796858182,0.02225979693578961,0.030198189875867865,0.04505472881537853,0.03282664815126368,0.013938637263715192,0.06167509590462661,0.007396220395853359,0.03226970988969846,0.04448665350807213,0.016075265324908328,0.013171013769491258,0.0,0.0,0.03749836086585068,0.01030047954719443,-0.003725852675859287,0.009836963916820485,0.031840833666007096,-2.8630175819444048e-05,0.013556752392219651,-0.005196343544508764,0.021036580466147425,0.032521358373875486,0.02768128262811298,0.020139220817210868,0.04256260172515658
0.038297621640556556,0.012251837202875482,-0.006831922555859016,-0.0599042628094735,0.01753703403309098,0.0009725774114505703,0.028665108200146394,-0.004614110930023618,-0.008300212652876948,0.0,0.002495439808740174,0.02547903385458461,0.0095445856594501,-0.10357518190899928,0.011609022513626222,0.016320997532226877,0.020229193818266766,0.017478577564588205,-0.006851797852089669,0.010070718054117245,0.00427417766803434,0.0073919399228769,0.005313577897233468,0.007040355284412825,0.024751425083872125,0.03759002944855655,0.007157485937569097,-0.01027474288273622,0.027629655335549674,0.005467469412712644,0.01789422311223704,-0.003314607371417422,0.0031098530584937056,0.011037057278937001,-0.0005656838369243467,-0.004873263638093928,-0.030964822210980264,-0.004843228165381852,-0.08171087262975002,0.0001929019613521321,0.007685146736636506,0.015660237500907503,0.021967299291420606,0.01289079134687493,0.011173391468091987,0.020968928877768966,-0.005620949852671808,-0.00025416486050555687,-1.3208892506444414e-05,0.0004741126282362673,0.030013034314490927,0.017722339716930158,0.0034793314499527717,-0.003131985039675711,0.0007326068371537597,0.009306628287062968,0.02153195465947505,0.027460205332451415,0.0,0.0002100743404632177,0.0033970538725682786,-0.008565263308778048,-0.045536379597475696,4.341832185283945e-06,-7.054380150478545e-05,-0.00433446004396526,-0.004244506770160361,0.03202823327517529,0.0591977199884563,-0.04282469010364598,0.013133975345738291,0.021421290499987033,0.030601770799682015,0.022376064333227474,-5.551115123125783e-17,0.08255176444310103
0.0017951729906592884,0.007455456169837671,0.0011854039393312532,0.02885074600360943,-0.00010186195544420462,-0.020047414508241324,0.004115433943251534,0.012575756461377152,-0.01545917126778873,0.002495439808740174,0.0,-0.012347079476070444,-0.0008158809966983815,0.036740953858282965,0.0,7.534233162043158e-05,0.005331977739819138,0.0133380879704586,0.011438221864262021,-4.8037207504902923e-05,-0.005261751046171881,0.0037214397074056826,-0.0329858174622929,-0.02629621226165374,0.011136111436354512,0.015708665927013032,0.01500183684056522,-0.0009197621264457334,0.00804325210466067,-0.0004093109862961519,-0.0012187291274591283,0.028385029101380466,-0.049545258707093476,-0.0038320088098592886,0.01137563031444161,0.04752885562191245,0.009115896825460712,-0.029359387134940018,0.09567809294676766,0.009594071825521244,0.018452712634739188,0.00830291294317459,0.11146928122430289,0.028276765495052203,-0.0025453868470257657,0.0,1.1102230246251565e-16,0.03975650706470957,-4.5045412050415123e-07,-0.05893568580598485,0.048511929944549004,0.040642236055467185,0.07987862949840008,0.0025852352826196134,0.01667835689792746,0.06328834175726489,-0.0033838853035125793,-0.00015280050728433414,0.04004133760505263,5.551115123125783e-17,0.0,0.0,0.0,0.054658328041906956,0.007158598522209514,0.0,-8.806794098414894e-05,0.0451962363130356,5.551115123125783e-17,0.0,-4.704948518619023e-05,0.04759191588841516,0.027291649655512007,0.02314576656044448,0.0,0.04451398533073614
0.04339583614851911,-0.004158076323273974,0.014458256915819423,0.005634446330291476,0.03133421346065063,0.02070060863154105,0.01604049521294959,0.04009849477976929,-0.011178872207603607,0.02547903385458461,-0.012347079476070444,0.0,0.002537619482047837,0.03456300167129672,0.007736238017757691,-0.001052191801706015,0.02348514793658979,0.013726563378004542,0.0291923915459944,-0.0216648429544955,0.03771355818921046,-0.02875073983857157,0.041732186672924276,0.015313773022273214,0.023283718740007064,-0.007405679069387161,0.0016242475143622426,-0.022804144080015243,0.006867214357037965,0.025866921842920942,0.013974263877410853,0.019570437507878624,0.013472241766316506,-0.021718046706206834,-0.0548212269238918,0.025428718516758875,-0.03303989706395705,0.008026916202124368,-0.03396361038739626,0.0011864701389743826,0.045830296006705684,-0.04776536539312576,0.007169551841814281,0.019444277660605913,0.011093355286424023,-0.01357721241476978,0.00610612021378959,0.007403551352524684,-0.01046591679672182,0.010099488694322034,-0.0010717461430145847,-0.005232298322281337,0.00017710924051728139,0.00994597823311194,0.0003304678980621256,0.0031445377475989855,0.024341538202928614,0.024527897743534366,2.8460679626196583e-05,3.745219767981034e-05,-0.001242453266846466,-0.0190614723537586,-0.05530169838437987,0.010606156247455145,0.0061428378548017415,0.01630812198597059,0.0008443527068996981,0.012680537150671078,0.044566136685493196,-0.02743508605193179,0.016967511668824597,0.009311553203014689,0.03391229101948828,0.006299842535789302,0.0,-0.0806638476880236
-0.020339329922851257,-0.011502214247722742,-0.003582313979457352,-0.016558278922529424,0.0025751524674297865,0.0023620413747374447,0.005073696635419178,0.006673460266741982,-0.014224832302556,0.0095445856594501,-0.0008158809966983815,0.002537619482047837,0.0,0.005819725145678134,0.01081444151379829,0.011346155694090365,0.011600594812404053,0.012805235900431533,-0.0033433239878921106,0.01622567123054064,0.02439126705083544,0.011151105186906651,0.009037748410460122,0.00388252481526169,0.0013710876486428547,0.01149652315616917,0.011169297370292042,-0.009732517093306026,0.012051064104408649,0.038841192354112986,0.008283802062051704,0.00858421398157777,-0.023872361895872107,-0.0025665104982979248,-0.0003378196397554323,-0.003423370843031903,-0.01843270762392868,-0.03689564876828727,0.031242007292096086,0.0029505011181437113,0.024282033925785318,0.03746700314031559,0.09798867736557726,0.02782340843002601,0.00960682500863741,-0.005301841255326789,0.017029734838195254,0.02684996751779911,0.0,0.027017566347935507,0.038578166242367096,0.03999822729020297,0.04418893023926368,0.04305799630005336,0.029711602072615306,0.053292183454555275,0.029241758222608216,0.04020546393252422,0.014717443304024358,0.02914386162641197,0.014846350615269344,0.014784475245721074,0.008857999005008332,0.0236446086693326,0.05600847570595968,0.029026125028554728,0.019605469341744786,0.04029569680641221,0.0006703483939769495,0.00665240184337057,0.015485405248912065,0.038827338779679144,0.035946148184652305,0.026693013704671975,0.021411429468510712,0.029165137327767376
0.01514706862015297,0.008299029517472911,-0.01453006975406601,0.021031680202910796,-0.008776561642023673,-0.007392985656640039,0.0688910485412576,-0.03376840047602486,0.007403945570633175,-0.10357518190899928,0.036740953858282965,0.03456300167129672,0.005819725145678134,0.0,0.0034616250719994857,-0.0006108040241779578,6.052795538041833e-05,8.47082222306117e-05,0.012985899319950311,-0.0025621062994160004,-0.009968391401493859,-0.003355146582240509,-0.010109580760796155,0.02165680083228072,-0.005038712719746707,0.009842964609610205,0.0003122551059414058,-0.0005678034093074547,-0.010842501514226388,0.010801157463669941,0.023754872534609672,0.006759097993870644,-0.008509873525707257,0.005932081120163579,-0.002602180431134915,0.026024528574664252,0.02411393269323525,-0.0264047725763627,0.1295590889701312,0.0,0.0032867723693883466,0.000394108922383285,0.044216403016447914,1.2966316255691446e-06,0.0,0.0,0.0,0.026004914018650516,0.0,0.01592407483036451,-0.01017024245492798,0.026619616435750004,0.02180171310172907,0.05974524449847268,0.0,0.03262358017709205,-0.00017156100242377015,-0.0002682363799875742,0.03367794424869236,1.1102230246251565e-16,0.0,0.0,0.0,0.019820985433879,0.0,-1.1102230246251565e-16,0.0,0.027003837667144204,0.0,0.0,5.551115123125783e-17,0.0624492931100869,0.015892969532298573,1.1102230246251565e-16,0.0,5.551115123125783e-17
0.035663055545331834,0.014281342185241741,0.026563818988813992,0.0025832131046010787,0.012763427846937236,0.0022244538547228077,0.016188762790676436,0.05458167008779624,0.016111001189590468,0.011609022513626222,0.0,0.007736238017757691,0.01081444151379829,0.0034616250719994857,0.0,0.014672318686394736,0.01803824026870493,0.013899141319853148,-1.1102230246251565e-16,0.04179141911644202,0.04104532458571064,0.04889350025568101,0.06580502386307868,0.05533033605749199,0.013508095362258998,0.054119951363757635,0.04679552611749849,0.028279643378260444,0.024960902307249178,0.004872245178347445,0.0019794270576301565,0.0007704393374334817,-0.012547712244244058,-0.0016896686863728805,-0.006455033823365652,0.014180952879728426,0.02025984752953619,0.0001195944097572843,0.0314870483357354,0.05251545903915439,0.02369276161298628,0.019156977191943203,-0.027209084495769975,-0.0036302986363568324,0.0,0.057717022416980734,0.002577008853304752,0.023849806752757163,0.0,0.0,0.031969193828445874,0.012951273046419354,0.0386717285844671,0.0040216828835630825,-5.551115123125783e-17,0.0,0.007561172368351354,0.018259527675709875,7.384095069173924e-06,0.06554739170134771,0.02001759484409521,-0.0002581091134838398,0.020347148153756822,0.0,0.06785477602581247,0.030888273245807896,0.04656904965131181,0.05233726656602816,2.1593596338798093e-05,0.009538888250977762,0.021357335107490605,0.04302730319308756,0.02140136903958434,0.04250875018403777,0.02657880157888881,0.016846331692193295
0.0070417040412258936,0.0253540299302652,0.0020047795301203486,0.0006809364590040778,-0.03217214202473784,0.008657564555351993,0.005940869203109211,-0.0008886118851341718,-0.00948557872325928,0.016320997532226877,7.534233162043158e-05,-0.001052191801706015,0.011346155694090365,-0.0006108040241779578,0.014672318686394736,0.0,0.02260287471493705,0.004658779436232163,-0.0001672216166558882,0.03740284206125111,0.01112865221586512,0.017172860537420342,0.025326676204009135,-0.0037744998021418397,0.022842103704476202,0.03092198445424016,0.0024696925221054933,0.030449973143731324,0.019900302707776818,0.0431932814714277,-0.003512487629836636,0.014615877673016586,0.02457627227025777,0.004129363348726489,0.019194722808463238,0.01558709724978552,0.008495324553746464,0.025044742715418733,0.010066746405922367,0.01720114562456332,-0.011534453512340448,-0.000575172901030041,-9.628296575414641e-06,0.0,0.0,-0.007661288774616248,0.007343140710102447,0.0,0.0,0.0,0.013839170585454696,0.011173305049854643,0.014349272883457997,0.0,0.006225665947506898,0.0,0.007782467173892416,0.0048414854432845544,0.0,0.01743751980726238,-0.012246531381176984,-0.01177340929308801,-0.02913185839787119,0.0,0.0028675887998254046,0.011193114528107617,0.013211298150275885,0.02554938154518055,-0.0016550074636548784,-0.01808947799721644,0.018187153630071118,-0.029256991187200154,0.019621696518812626,0.02436182964366479,-1.1102230246251565e-16,0.00047328488012399195
-0.03449864814547787,-0.02343703404797054,-0.0009839468750395541,-0.007289092036370237,0.01156992580524191,0.0038645361644089604,0.0363072519354527,0.010518215006685538,0.009667382831536453,0.020229193818266766,0.005331977739819138,0.02348514793658979,0.011600594812404053,6.052795538041833e-05,0.01803824026870493,0.02260287471493705,0.0,0.012454701390606226,-0.002899285414516839,0.027735328325655006,0.012634609033077171,-0.02035013485296938,0.007136989037254404,0.04016531285734454,0.00939481838542533,0.027826223758128155,-0.012227366184876298,0.013011860853438695,0.008440787207214195,-0.008299512483478821,0.03428145912536634,0.039281520298329486,0.03501886845229041,0.024417258179932178,0.02752284911256886,0.014978659704068864,-2.6699006407504555e-05,0.017374294983152294,0.003016868952229579,0.020330290978770704,-0.00048177712707914155,0.010568845810921157,-5.551115123125783e-17,0.0,-0.01321586168876765,0.005414999970424883,0.0010319718937851219,0.0,0.0,0.0,0.0,0.0,0.0,0.0,0.019737671783017385,0.0,0.03153348206846912,-0.0012716242891880891,0.0,0.0001075563792922174,0.014090753489903574,-0.00015818231166903063,-0.01919593352648169,0.0,1.1102230246251565e-16,0.0,-0.006521516585019371,0.0,0.0675017780691326,-0.011757917461597045,0.02754800608478647,0.0,-0.0029113812330741617,-5.802558805972913e-05,0.0,0.01502802819706145
-0.0018078746808334878,0.02928252181873664,0.021407074927628278,2.205040410585557e-05,0.014414597363671733,0.0017278748318847459,0.008350529758221481,-0.010691636489997047,0.01668300550612023,0.017478577564588205,0.0133380879704586,0.013726563378004542,0.012805235900431533,8.47082222306117e-05,0.013899141319853148,0.004658779436232163,0.012454701390606226,0.0,0.008544024594064448,0.033005697324436756,-0.010901536515589394,0.012935321904665953,-0.0035340824002444426,0.026451766562986923,0.005621479762145554,0.030982071274374634,-0.0020562496347116266,0.024696716178953748,-0.00258041422830807,0.0373868294234691,0.024738108961844918,0.023175746477501646,0.021993818611843463,0.008801756864183219,0.01698062859454802,0.016668409745825896,-4.449749868296049e-05,0.008816656686812696,0.005377813080580995,-0.0066591605088202055,-0.010021825510431959,-0.024377780042540542,0.0,0.0,-0.06097025744589846,0.0013902595281307661,0.009952720204202792,0.0,0.0,0.0,0.01322354907513873,-0.00018766023655875097,-0.0003683522597339173,0.0,0.009751603362944172,0.0,0.02101601472368536,0.02574648506406152,0.0,0.022680221604060524,-0.01449833454017696,0.008967513231294133,-0.015153813245172398,0.0,0.01771691312710927,0.009179296373276247,0.005060592810743836,0.019831030361468216,0.03305325504440687,-0.016789342772353666,0.011334815436302326,0.02803640473786645,0.021720166426554666,0.025543034772736617,0.0,-0.008444509416113855
0.0,0.013989040138945918,-0.005792871744216388,0.00907534709174973,-0.0022561074038489615,-0.023642996036839614,-0.00013695680468034377,0.021329568005772348,-0.019381925975007153,-0.006851797852089669,0.011438221864262021,0.0291923915459944,-0.0033433239878921106,0.012985899319950311,-1.1102230246251565e-16,-0.0001672216166558882,-0.002899285414516839,0.008544024594064448,0.0,0.0003984872709504872,0.011669475004046248,0.011848730839487953,0.01661994676494072,-0.0030753382933669804,0.009969836806220822,0.020574145982643954,0.025376416222680664,-0.0030363121951583194,0.025666700901248896,0.008160684469025126,-0.0020266931809324595,0.02502035268251962,0.004926951354736364,-0.010723507543021926,0.008965051929937351,0.0020591924960876584,-0.016033993817292758,0.01308702104545273,0.058961115873207404,2.1373122239876086e-05,0.01478511771852048,0.021149703588303814,0.10498690572344199,0.010125613359630303,-0.0005052378890404996,0.0,0.0,0.04588589008241395,-5.551115123125783e-17,-0.019458351164952647,0.06569070434607072,0.039901401129662006,0.05143904724176984,0.03823024164677946,-0.0001099362432814277,0.11513085665004874,0.017281521968124047,0.03846325227435121,-0.010958114510736472,2.220446049250313e-16,0.0,0.0,0.0,0.06454300632852328,-4.994878849223783e-05,0.0,9.351491000275658e-05,0.03376447668451443,0.0,0.0,-5.551115123125783e-17,0.027980453436008412,0.02472973944306489,0.02468909283238313,-0.0001722013581116899,0.020503898109623275
-0.032032557750473145,0.025715656772824225,0.003619425542305932,0.017783271453805316,0.012861239501901378,0.01786370044736013,-0.0005512778091138482,0.049055312652666494,0.004653623329264389,0.010070718054117245,-4.8037207504902923e-05,-0.0216648429544955,0.01622567123054064,-0.0025621062994160004,0.04179141911644202,0.03740284206125111,0.027735328325655006,0.033005697324436756,0.0003984872709504872,0.0,0.036081274504923766,0.04634511155715765,0.11024085197331734,0.005174876549368546,0.02369149601225895,0.026674811646411556,0.05511996345929293,0.04712205096948685,0.020233392121653093,0.04561480298279735,0.026317107574284848,0.010958062451986106,-0.012555432625596885,0.02915401833000253,0.011960988246607684,0.027635064586697733,0.02034029590315417,-0.0118667538825733,0.04097367121220424,0.07618807335842137,0.02715901126304965,0.016121208128452413,-0.051559290531466184,-0.004275171638855213,-0.00025376036291768767,-0.0017003807185036468,0.002753975523935581,0.031824370254334766,0.0,0.0,0.03541763444822177,0.004542462285088034,0.026414929339550586,0.011442626177862958,0.00028292369095261893,1.1102230246251565e-16,0.002939567062032522,0.04735291508762007,-1.1102230246251565e-16,0.05047310524141624,0.005009152758529867,1.5316541890575408e-05,0.008045201226126508,0.0,0.052343835418412754,0.05938045991886631,0.044117656675696504,0.04224814047005998,0.0,0.024875273492389105,0.038660022789759274,0.03874611300200537,0.03519833384889709,0.04014771276044815,0.02207626504938448,0.029674029502298527
0.037940335558200644,-0.0013479639575865177,0.04383364895150832,0.0007730186712892606,0.04627035487047393,-0.0025444368971974662,0.015739037911655818,0.03326901502161694,0.0045359277647017415,0.00427417766803434,-0.005261751046171881,0.03771355818921046,0.02439126705083544,-0.009968391401493859,0.04104532458571064,0.01112865221586512,0.012634609033077171,-0.010901536515589394,0.011669475004046248,0.036081274504923766,0.0,0.022284441662607957,0.023995715586789867,0.010867110693815796,-0.018592350942760516,0.028063470924199696,0.04377692827516155,0.028965780464253188,0.019884824492843012,0.004263366170151495,-0.014651845592948631,0.0012717862416979364,-0.024273974927145947,-0.014779210839664714,-0.013058263568304307,0.014720541066619852,-0.003295196549337298,-0.005812575861946834,0.03074760749468991,0.0008284753930793975,0.021533609151955457,0.004799313771382652,0.02058030218670248,0.0,0.0,0.06735868583715554,0.011359086645829242,0.014052821020390072,0.0,0.0,0.03160175090066858,0.00879754488013812,0.04314309479943068,0.003586206584581031,0.0028831389138055386,0.0,0.0010440932477344678,0.021334734101340902,5.551115123125783e-17,0.031061823582986592,-0.025907893617186872,0.0,0.00914912903284465,0.0,0.04823588903069048,0.03193917810417274,0.04358849855972241,0.03723920254170182,0.0019872978649566053,-0.0062450029008391805,0.009531790654204342,0.0264228985138919,0.05668053512444593,0.061812024648024155,0.01839744516734615,0.03160114781520207
-0.008613791820218264,0.02655585984775327,0.010040611737808791,0.026366918678605855,-0.026532757196454315,0.01275959117491099,0.0001252527532503156,0.035899968597189025,-0.004849769207645405,0.0073919399228769,0.0037214397074056826,-0.02875073983857157,0.011151105186906651,-0.003355146582240509,0.04889350025568101,0.017172860537420342,-0.02035013485296938,0.012935321904665953,0.011848730839487953,0.04634511155715765,0.022284441662607957,0.0,0.05597043235095034,-0.0011362556148216685,0.01694751880967904,0.015482084743103808,0.024564277092431364,0.041652340692915846,0.018223873317218697,0.047174302570229754,0.020416006381978213,0.0002748261340757008,0.010493891504786967,0.018063408519615576,0.004194047270187629,0.01951220974610346,0.024829925738033665,0.014550653602219077,0.015058168166188879,0.02508466607412818,0.0076865114146499325,-0.0026971341507863733,-0.026905069333676257,0.00601893199894421,-0.00011196391072276768,0.051947504579987536,-0.004375717882419972,0.016493618547031408,-4.060423349161457e-06,-4.790344920807543e-05,0.008850248075112699,0.010351179711064917,0.05284470662645435,0.010817596622968106,0.005161255204274073,0.0,0.006347864876041165,0.012269323049843017,0.0,0.02325962138465887,-0.0029525339109564563,0.0012642060805873045,0.010076964746405404,0.0,0.03267549491870647,0.022311089697179265,0.026407598880536398,0.03360809680178911,0.01470288092324129,0.012885614552338498,0.007853697766074808,0.019664470861097072,0.0038874780741454673,0.02087852948461949,-0.009262086397268887,0.0030072722254774753
0.023391896484421193,0.007749602651748011,0.008734694507925134,0.029877723279590318,0.008743294990623984,0.011278326765771174,0.007948973315573593,0.004803993934326234,0.013633009553286113,0.005313577897233468,-0.0329858174622929,0.041732186672924276,0.009037748410460122,-0.010109580760796155,0.06580502386307868,0.025326676204009135,0.007136989037254404,-0.0035340824002444426,0.01661994676494072,0.11024085197331734,0.023995715586789867,0.05597043235095034,0.0,0.007062863417170551,0.0020729724997932686,0.03179666891722871,0.03229955708470483,0.015116335495272082,0.012331483748143135,0.015719078972925737,0.01595927987135659,0.016180625704757035,-0.015791679631677047,0.005778661564977361,0.005366361980692624,0.03961620180851755,0.017604779881546018,-0.00871506401150729,0.04218841885292779,0.05599558219935824,0.035768360491761464,0.034610128055990064,0.06166567972401871,0.03496039474482682,0.008252353826083525,0.05689189568927683,0.01988900506369301,0.05940782861565774,0.019942734871571277,0.03107565208719898,0.03396634659362108,0.04575243735657586,0.012392080469499078,0.036347031394941665,0.022929599442523152,0.08362010114240942,0.023803195573545988,0.03440615221189369,0.03719902346110865,0.04957859250805552,0.02158126871483579,-3.725918206026746e-05,0.0017811261688152613,0.060881680544154104,0.05606208548057856,0.044332386969988036,0.04822717985717856,-0.002698746483281722,0.05463505879863284,0.02974594719201623,0.04466929359605115,0.03427335133593179,0.042392872820922856,0.046306250513563296,0.03532150264810496,0.041152837046020685
-0.007199943493735206,0.029233135539231514,-0.0002504457199671295,0.010724951867767618,-0.008912104017824884,0.0230420378114925,0.06140655506697329,0.005345221026137659,0.013035220156550398,0.007040355284412825,-0.02629621226165374,0.015313773022273214,0.00388252481526169,0.02165680083228072,0.05533033605749199,-0.0037744998021418397,0.04016531285734454,0.026451766562986923,-0.0030753382933669804,0.005174876549368546,0.010867110693815796,-0.0011362556148216685,0.007062863417170551,0.0,0.016979677114432323,0.0162700490156929,0.0219217952881523,-0.01483766963185229,0.025211156495998477,0.010476593508636334,0.013713995698634573,-0.002338119088961088,0.007106075056566408,-0.00404976085328973,-0.030523102775037003,0.015890230484947754,-0.00885228929985965,0.014311922974365343,0.08177810855348766,0.019006546096916765,-0.008009191558959239,-0.029761032608353277,0.002848949038249504,0.00312172819259382,0.035942997935486,0.014316735488170251,0.002739144866790333,0.0,-5.551115123125783e-17,0.00014716694317296053,0.010506197045766053,0.0001261076634829772,-1.6653345369377348e-16,-0.00026216530122619153,0.0044982988659273415,-0.00019286328611012316,0.026305126891704333,0.00703558521377845,0.0,0.0004588922296551168,0.005555916521128579,-0.015264506114687826,-0.007784259426960594,-1.7934143525244473e-05,0.0005253974160357999,-0.008895918055661367,0.004938299104766064,0.00047290040106801046,0.049698889045938,-0.012261094664287597,0.023345917964156693,-0.0009560826168107384,0.022622306994202257,0.01647750055922681,0.0,0.025037662998210253
-0.011232880074878604,0.0158094036883501,0.006194129144437066,0.00037038476250700336,-0.010287598404654374,-0.003673395281586167,0.0009075110905017447,-0.009353136643418303,-0.03243455019101055,0.024751425083872125,0.011136111436354512,0.023283718740007064,0.0013710876486428547,-0.005038712719746707,0.013508095362258998,0.022842103704476202,0.00939481838542533,0.005621479762145554,0.009969836806220822,0.02369149601225895,-0.018592350942760516,0.01694751880967904,0.0020729724997932686,0.016979677114432323,0.0,0.02576313278508241,-0.02250073966118188,0.011256693341372415,-0.0224528856992533,0.014244442594186113,0.012390512308664947,0.021978408614722778,0.006961965677043436,0.007190258234158531,0.006777788709983967,0.021641315458963417,0.0025848704771482822,0.013250575021112043,0.005126514202365762,-0.011640885560511738,-0.01745869342769668,-0.01780922371494381,-0.002300491586940512,-5.551115123125783e-17,0.01328955954320804,-0.005562588641905397,0.004783333035700443,5.551115123125783e-17,0.0,2.220446049250313e-16,0.015918698745260307,0.011894965518928324,0.045345706322055535,0.00037327972117501274,-1.308219784057485e-06,-0.00010604387684615135,0.02051917149538851,0.013830639634479558,0.0,-0.017968131783633656,-0.016496400745155904,-0.0077677289959953155,-0.018159134572068525,0.0,-0.013339179021123804,-0.0041618949817256445,-0.003153853118299299,0.032713650939100114,0.031596155732397824,-0.017037512865179016,0.006426541908531147,-0.017213387920164414,0.02112685595222047,-0.02037490980346096,0.0,-0.011768746595693214
0.01699491920485985,0.0355340178109777,0.01773053772139438,-0.0025805732603561005,0.013586966013454438,0.0015206698275890829,0.015677534071655952,0.017388072182499548,0.0115749646987523,0.03759002944855655,0.015708665927013032,-0.007405679069387161,0.01149652315616917,0.009842964609610205,0.054119951363757635,0.03092198445424016,0.027826223758128155,0.030982071274374634,0.020574145982643954,0.026674811646411556,0.028063470924199696,0.015482084743103808,0.03179666891722871,0.0162700490156929,0.02576313278508241,0.0,0.006857053940386271,0.0035647952508968683,-0.011935015963315754,0.030338077847415434,0.01891495137403354,0.024871535393164113,0.0014347456603008846,0.0065783098600047385,0.008216007774977163,-0.02738141448560444,0.013363338022622517,0.011938269713690108,0.009497875639769393,-0.014364280141427432,-0.007314264982402452,-0.015634029037798647,0.008626702119069907,4.0886085470148714e-05,-0.05574941980023618,0.006379248333087839,0.008985199342309569,0.02084744875139194,0.0,-3.4819025517718316e-05,0.0024416312319008315,0.010461063511441215,-0.004264733714776092,0.006086582807962926,0.013660557540933371,0.0,0.028266836114085314,0.011904050896001883,0.0,0.0076430486363734396,-0.008716575429952966,0.005314295537595604,-0.007400215402907695,0.0,0.01673344038448965,-0.008645567795372788,0.0026689912564455964,0.023861442559732937,0.03334848040622623,-0.008237553279110743,0.013034453920994393,-0.005964323036248609,0.013918870034012598,0.01071710189912578,-0.00021747423475720895,-0.0013346992738484942
