0.0,0.8346971227331189,0.5525046981143238,0.0,0.6173823278848546,0.6267534338850507,0.6258100679007497,0.7549014201748843,0.6260105063705392,0.47554521228199575,0.5866584618239816,0.4115099610542077,0.7320175284002729,0.6299506020588543,0.6036959479011352,0.9632862976639931,0.5881303961134303,0.8896936019768132,0.0,0.785732447356414,0.4128900808379706,0.7275536977212678,0.6176737663669865,0.8268734703063514,0.7316160747890765,0.8814951514760153,0.6061106864299693,0.5226116123595295,0.24914837182622718,0.6766861749614355,0.9730719201065843,0.8597814389978262,0.8874526920271996,0.8576579805887676,0.7470425984029821,0.7344596060899775,0.4820656190477587,0.9975276846653307,0.773039530438848,0.7111511036544151,0.8214512328012483,0.5944248989272568,0.46643340250651133,0.0,0.49619560139110497,0.7117797123136864,0.7759710148464118,0.0,0.0,0.0,0.7139820206266286,0.0,0.7658821172434316,0.0,0.7260564174616547,0.0,0.7339287995347974,0.8600913245990878,0.0,1.104261014155798,0.8843891167158591,0.6340654019097758,0.7588099228198995,0.0,0.7402852581882422,0.4554103268307276,0.8582663879619012,0.7258443123796017,0.7706296012199574,0.819130749559413,0.8234879167960574,0.578863568227935,0.4522894876199921,0.8129318939833989,0.0,0.8127898469856365
0.8346971227331189,0.0,0.45234630307988166,0.40538935386581954,0.6726730859926431,0.5821071672039655,0.6564775059458028,0.8182060943114948,0.6039521467609634,0.8798075088857549,0.6101696355980171,0.7149439242748754,0.7284763538060426,0.5395648399417577,0.8203184238939534,0.91605005261535,0.8287866913231571,0.7827000718886925,0.6648938575922969,0.9278944892437613,0.8811065450258926,0.9540813363985542,0.5523821012751188,1.0861901462155208,0.5547764651880407,0.6280808295351157,0.7408664016143083,0.6865937975626788,0.7020634516438495,0.6964422335448972,0.9258529250181007,0.8629204243446831,0.5753937467590604,0.6981335080730411,0.6430765448591977,0.5890202987199522,0.05629948524163837,0.0,0.5514846034547621,0.4334707533913759,0.4801137533818981,0.7619738241139112,0.5831821654133387,0.0,0.0,0.7743676366237322,0.5350573407058212,0.0457464672622376,0.0,0.0,0.7758862820374542,0.837384623265457,0.6798891787967755,0.7536086162447444,0.6899875759465428,0.0,0.6621360068347322,0.7826590921358785,0.0,0.7506425280576936,0.5987331760828958,0.768152216903188,0.574742210591878,0.0,0.5949911909139033,0.9455255712845325,0.6093184399609941,0.8119945181237502,0.7608432632608434,0.6867687288304265,0.5956487387737307,0.6719299287708673,0.7723757888199863,0.4745158285898224,0.0,0.5958582759518664
0.5525046981143238,0.45234630307988166,0.0,0.6193059786324592,0.7978650820713717,0.7946055156778851,0.7136186235307471,0.8036436734300144,0.40685613099986184,0.8016742252157993,0.5096153706465423,0.823013233893449,0.8130891037544411,0.5477580157014099,0.5763041676470553,0.5625463452478654,0.8847463900854204,0.7589148511869774,0.4172672241993357,0.5965298505187855,0.649133902967516,0.7646154735733126,0.6677719607362856,0.7016628788211794,0.6194405679982182,0.7634178065152712,0.668311272378433,0.8572636012216381,0.7531228846087918,0.7736883521819685,0.8182565352866533,0.8154355348218021,0.7436506587584351,0.8751339695795193,0.8352594599270333,0.747025878583034,0.70412529962982,0.752742386323606,0.7910370997156153,0.4724536996465912,0.818884586226331,0.7417157110101102,0.6359990725150345,0.7203734249484619,0.0,0.0,0.39181440511822074,0.7669586589649474,0.4738519509799656,0.6372691898982769,0.6352342507734849,0.7034466554092789,0.8210016860935767,0.7544084957617657,0.44090067364177504,0.40513837493388694,0.8580017055497644,0.7309398540221983,0.6246893230831305,0.3519010934332991,0.0,0.0,0.0,0.7063155044586034,0.7557064409241956,0.45424233282231863,0.24439262251212246,0.7272793527888692,0.0,0.5439703628737225,0.636686330642864,0.7297607408752015,0.7554726072269071,0.8056695625538505,0.6418482335482156,0.8866459655321739
0.0,0.40538935386581954,0.6193059786324592,0.0,0.35899362818158975,0.7575012602387154,0.5120048901750941,0.42368956726848994,0.8275251203551712,0.2507758346855382,0.705148572621202,0.3097276477313491,0.6323426080054002,0.6435965650525566,1.0983764569096,0.2528953741180627,0.5808179145758143,0.46709953764740514,0.8273828210583987,1.0006780157295174,0.442731329800947,0.8279714887720245,0.7701093486386079,0.3727602005357987,0.7973971105683384,1.0747966311066957,0.8216114083182202,0.45786662084631713,0.5763270421882226,0.4149686135200706,0.8107648289059703,0.6263471237810015,0.8042566335915268,0.6753725474085601,0.9285213124834217,0.45407255450199857,0.32348179215074,1.0190717277923689,0.33323932670689516,0.37696077568442554,0.39851329082659165,0.3825457396696879,0.1375189783840896,0.29439225880025677,0.0,0.0,0.0,0.41956945249027466,0.0,0.0,0.7332813490986441,0.0,0.46473967872382593,0.3010997398791846,0.0,0.41637897931143375,0.6116058627877704,0.45388165694685895,0.0,0.0,0.0,0.0,0.0,0.0,0.0,0.0,0.4591618825924203,0.8602534488442128,0.0,0.0,0.0,0.715123747362638,0.45826496039219733,0.5518591162940996,0.0,0.0
0.6173823278848546,0.6726730859926431,0.7978650820713717,0.35899362818158975,0.0,0.7005374842828701,0.6502178745147857,0.6194586061042091,0.5811166223255262,0.7870891702782448,0.5857624760819746,0.7141630522339405,0.8089447202749581,0.45370129231606626,1.0969622714665317,0.763488562926034,0.6884416276051363,0.6071255223777005,0.7833228414295776,0.8631326658748595,0.7216373216940709,0.7923673621958125,0.5461189276945182,0.6512464311751801,0.6333119058380783,0.6427320581910264,0.674000846016555,0.7044728819747814,0.8292232930095533,0.6166149459362636,0.7006246236559242,0.7003472611080495,0.6059395011792488,0.7547753805634629,0.7544160222857923,0.5258717212617224,0.344034007393528,0.5771960755512529,0.5914543116860771,0.48730524721937757,0.5254939882221643,0.4365043320267299,0.6150701320298166,0.41779176235595217,0.35793156057765807,0.0,0.4592043054048118,0.5084098017682315,0.0,0.6852482684394894,0.47932164567305147,0.8298405037691712,0.4867140377519763,0.5755265953358244,0.0,0.4196793386638105,0.43545157823244407,0.8148535877894656,0.7420669523333601,0.5422027122357959,0.45160214675763866,0.0,0.0,0.6004104406322791,0.6164633574677869,0.48327875782791085,0.7044518062250853,0.6246922916645976,0.0,0.4742649969572008,0.6450329886841133,0.6443383835488774,0.7880194503735882,0.540536193307455,0.0,0.7893486030430101
0.6267534338850507,0.5821071672039655,0.7946055156778851,0.7575012602387154,0.7005374842828701,0.0,0.684722496978879,0.7122517712221277,0.5047557208052221,0.7041548696391029,0.661765701949016,0.8246640956253912,0.6819336659221112,0.6548623253732595,0.7605581700665661,0.6728317320012496,0.6965465146611606,0.7437547321291205,0.5157119478261852,0.7400713397235552,0.7672925453043249,0.669114313527766,0.6551142019694859,0.471441881833942,0.5517117908471363,0.6813745025829234,0.7205867979847341,0.7130750863889014,0.5221605133444944,0.828449966849721,0.8276550909452887,0.7810499126093313,0.8008925496952561,0.7907527902736506,0.8450276018258774,0.7335361023292594,0.7737579577627607,0.7078085459929605,0.8193768799278995,0.5709390745934313,0.7557174227013945,0.8347697339172422,0.8613111801866427,0.8328173292245697,0.5974726538473202,0.7765974307028101,0.7780110727180782,0.46346188805923033,0.7820222742319266,0.6090445553591655,0.6187055104049999,0.6208929052509422,0.6998148350897875,0.30939871659074725,0.826526073594436,0.741795619446244,0.475516303162759,0.7695846637061028,0.7331814798802216,0.8234086060116176,0.7869102367834657,0.0,0.885319682580182,0.27420127193985677,0.7846254598129399,0.6211801474432789,0.8973432280726724,0.6621154544831989,0.5105226222927821,0.7117329576919139,0.6856375974143292,0.6846832834855245,0.678905921920564,0.8162087776104515,0.6232425961552943,0.7068445138831218
0.6258100679007497,0.6564775059458028,0.7136186235307471,0.5120048901750941,0.6502178745147857,0.684722496978879,0.0,0.6397256073092092,0.7544456021764971,0.7329103938480644,0.6431794115186471,0.810267616366549,0.7810586981798262,0.21156373485512456,0.6480315670697443,0.6969448462219421,0.7575729783201794,0.6987107253896743,0.6797747078416634,0.7958476642189998,0.6412635579922825,0.6796633339917688,0.5910306393145406,0.47213444626834705,0.6517161631330028,0.7508327066400692,0.6199293202490388,0.8202069353282506,0.7663377124181909,0.7298328307989499,0.7377168317176331,0.8997942694055711,0.7067702998782837,0.6963878827279122,0.6607389940215866,0.4566130250291998,0.5136405869117386,0.9556117633859387,0.7677343271110662,0.3970316291089333,0.41249714075349175,0.5740535869260599,0.668559668533075,0.800481712931314,0.7319204661064194,0.0,0.8333360345477161,0.5386120502955907,0.0,0.7235142516356791,0.7132887358874197,0.826587114673998,0.634677529581767,0.8269242887733577,0.707841950206846,0.7324199531694033,0.40226910768094293,0.7542290274159427,0.3045614339475309,0.6166188459535037,0.777739002626041,0.0,0.5033895927830596,0.8487946834789107,0.872686974147517,0.6190020655129689,0.8302586346055166,0.6706565336327313,0.4728023362496966,0.8344111411461785,0.74824994483196,0.6129127812081312,0.8091432790047928,0.7970304196999959,0.7885171139760448,0.746898748558694
0.7549014201748843,0.8182060943114948,0.8036436734300144,0.42368956726848994,0.6194586061042091,0.7122517712221277,0.6397256073092092,0.0,0.8877021611867459,-0.20241704259543786,0.6969330539600535,0.7804944650439631,0.7074564727683866,0.755785481244049,0.8065865110982446,0.7976380775593133,0.5865283292811249,0.926270004953657,0.6669689044785398,0.6586093074145529,0.8610254286856734,0.603826288938242,0.8280912329252645,0.7317397626408467,0.86245123090899,0.8287650632392505,0.7631367464167292,0.6570086388740588,0.7277418183937234,0.8023501337281438,0.7727414435713712,0.36555233839878387,0.041672367518300224,0.6457071169896361,0.5712090656405129,0.5476343209960814,0.2268564288297841,0.7730600222481876,0.7380548549976764,0.7143462274526775,0.5314272017842019,0.7812396177088251,0.21649022904780846,0.6248569429204862,0.0,1.025120819590516,0.547305452758861,0.7435357814766979,0.0,0.5132980228490659,0.6359002299428524,0.6486539773536322,0.7853239268080681,0.7602709156263615,0.6365195359943822,0.44893856420624534,0.9162454748703339,0.6650306570536869,0.2685981095263196,0.975514000928599,0.572254186570492,0.0,0.5423970666615229,0.7249652728537892,0.8940025273013383,0.78239819992813,0.8973223195466498,0.7935938507558666,0.0,0.7924964352069482,0.9851300358386461,0.7551259000686177,0.6721273174628802,0.7570119652432777,0.5567911316777289,0.6999626998068691
0.6260105063705392,0.6039521467609634,0.40685613099986184,0.8275251203551712,0.5811166223255262,0.5047557208052221,0.7544456021764971,0.8877021611867459,0.0,0.7948065030266838,0.6643893597647654,0.798000593157848,0.9069121301764345,0.7840925516455813,0.7861294799306809,0.6510992311383437,0.7524697311944878,0.6493671934456852,0.3433019061522513,0.9059023602949967,0.5891817387494012,0.8755215244013539,0.7042284040105031,0.7752473771354971,0.6485991813307286,0.6050758964856262,0.5069945483673979,0.8492784477630132,0.7982948261928873,0.7071984195538534,0.7901928097065852,0.8102631585125117,0.5494170983256919,0.825336319989771,0.7802458376101004,0.8616079014982603,0.7504833273863553,0.768734985846476,0.674272842249608,0.3447326697400185,0.7341764611145793,0.6273307109631577,0.634235486789891,0.5783538535228916,0.6250215229478473,0.0,0.6576963949498897,0.7533618285047664,0.4721063158596753,0.7226918594412679,0.7280072224628099,0.8092573418029327,0.851009312885652,0.6979017409739546,0.37257241793492063,0.7018162652291768,0.6164805886639726,0.6933099588632003,0.6333877194546339,0.7185123589459816,0.7034241055225101,0.0,0.0,0.5706095101148503,0.8757132424039624,0.658886847526581,0.7568268085851982,0.7301620363439454,0.4257314929527388,0.6351710582147652,0.6641248303750102,0.73681298877998,0.7654979690256443,0.7430867632825177,0.7476884012317608,0.7918774439078267
0.47554521228199575,0.8798075088857549,0.8016742252157993,0.2507758346855382,0.7870891702782448,0.7041548696391029,0.7329103938480644,-0.20241704259543786,0.7948065030266838,0.0,0.749074938120394,0.6639950164774446,0.6876398821802159,0.20049326542601684,0.6066585145961725,0.5977741933583172,0.7955964782674745,0.7245593371168021,0.7099738160632243,0.7248721553392449,0.8707625615672804,0.6841811321289013,0.6287915154657802,0.4019821699541126,0.7303730580416741,0.6974010431597479,0.6710037699935161,0.7366903655372944,0.7848723283964876,0.6699897079511422,0.7034038022150653,0.6361874995907083,0.7134335686175981,0.4405818465653364,0.46610757302346895,0.3175025902885631,0.4319488968191757,0.36198107582372074,0.5210472157560582,0.46153524134380863,0.5843783066726563,0.35259795738780497,0.4898357671347692,0.5138208534400033,0.47763348386466703,0.9051827432093948,0.46126497055083904,0.3683343896111182,0.4817601057863532,0.433505118796942,0.6549289169273091,0.5881998273071385,0.6756782801584211,0.45538308080317613,0.596869053368579,0.5806969405390593,0.6496246556015366,0.8281724176735057,0.0,0.627515663271053,0.5629853464607293,0.7377946228629426,0.6790869785270659,0.4646361514518417,0.46509776638721834,0.8301561383624873,0.2896340101518815,0.7719699663705789,0.5204125078821193,0.6941113190796055,0.6929959188403687,0.6224543037736976,0.579586711046531,0.7162995437078411,0.0,0.6480269412875601
0.5866584618239816,0.6101696355980171,0.5096153706465423,0.705148572621202,0.5857624760819746,0.661765701949016,0.6431794115186471,0.6969330539600535,0.6643893597647654,0.749074938120394,0.0,0.6710241434348847,0.6915382509316248,0.6278224098875209,0.0,0.493277364650909,0.5848639340001249,0.7219069474318955,0.5846866079702778,0.4501997811075995,0.6579054600304666,0.514245331634885,0.570125589821139,0.8108203924431967,0.6632005446125775,0.7562348505932981,0.7128334260859979,0.71967606235776,0.5328312897929945,0.47484355200622197,0.6981204196699494,0.7106229662377475,0.7061964887310137,0.78622825576191,0.7328710945287528,0.6580704157600954,0.7608282593985607,0.6733489002313072,0.5591646829036323,0.49488490592716544,0.6596877174321503,0.5780661965269702,0.6181932798533358,0.6198818257077221,0.38541863018698275,0.0,0.0,0.7607621792954551,0.4655917814991407,0.4672444809931608,0.48310101997982347,0.5828281795407824,0.7487510227529924,0.7406613811036891,0.6621893704938302,0.6827408843766423,0.5951062619922154,0.7110321706986924,0.7556326059238595,0.0,0.0,0.0,0.0,0.7135954194032843,0.49303200326315894,0.0,0.5283128115945077,0.7401069208545112,0.0,0.0,0.9045318027769667,0.6661001162045215,0.7376481554438588,0.4427514638816461,0.0,0.8247856092627563
0.4115099610542077,0.7149439242748754,0.823013233893449,0.3097276477313491,0.7141630522339405,0.8246640956253912,0.810267616366549,0.7804944650439631,0.798000593157848,0.6639950164774446,0.6710241434348847,0.0,0.744737169237405,0.6963687575116919,0.6798629961718432,0.8029691437677411,0.8113093861239258,1.0558703660824484,0.8645524518993892,0.6094893349046343,0.598344379195047,0.7697252129208133,0.6812900598194958,0.5536538874724163,0.8948686745787653,0.6487042013299462,0.7699276353449254,0.9391343268844621,0.73013735757508,0.5802544345905466,0.6317586961097901,0.5518792561883307,0.6111378172944668,0.6810907440207259,0.8415965230546967,0.5202322850947703,0.8456945934801623,0.42932723808336315,0.5442866866916447,0.5389748304182722,0.6689512953752601,0.5507475810944295,0.40970452058123885,0.6423272441195633,0.5342190578266323,0.7695572459843347,0.5166472507854942,0.4903221081093202,0.46099338527169315,0.2889922996317393,0.4357489108229485,0.8049737350101949,0.3459145612004898,0.6321369023670456,0.6192434519159831,0.35532275749587783,0.7408512458517338,0.8673883892228333,0.5266530056076286,0.5067933101045703,0.6365694061349862,0.6705855119348654,1.1338833974060565,0.5323837495895725,0.8021969042542243,0.8198008745428346,0.6800970615437749,0.535502327030797,0.5958056467972448,0.6835391641700073,0.684860753403606,0.5030260638012872,0.6819048766095015,0.5583621230559237,0.0,0.681773244274686
0.7320175284002729,0.7284763538060426,0.8130891037544411,0.6323426080054002,0.8089447202749581,0.6819336659221112,0.7810586981798262,0.7074564727683866,0.9069121301764345,0.6876398821802159,0.6915382509316248,0.744737169237405,0.0,0.36298111352478907,0.8164571004653989,0.7275402558084467,0.7080386800212572,0.8169498656276972,0.7592243134652646,0.8817617253586945,0.7236202881650351,0.6916091341972588,0.7001511802154439,0.47822159004409404,0.7793061266457518,0.7570838669775488,0.7173397286544285,0.7836529552312805,0.7674979128221362,0.7782612558648778,0.7073998873900572,0.8856034367675768,0.696728077178525,0.7211839398731287,0.7604947191848671,0.49365075201437236,0.610514766644013,0.8148264685362197,0.6005331333334307,0.44089837718478464,0.33896028400320233,0.5530504253540611,0.5876751961455886,0.3751032282949316,0.7773048959011863,0.712330480900345,0.8256171976198667,0.7752401436757568,0.0,0.9189463681161603,0.7333427087679498,0.8293390776547456,0.6756359262114817,0.9200839018039667,0.6435270582139643,0.6033524889568516,0.5076450802900144,0.8084072686784047,0.2988306834341137,0.7420246988316324,0.7010343239321359,0.5231912285907185,0.73917254153697,0.8949232457504079,0.7298578398576924,0.7749033550846129,0.844461213993094,0.7561637538662698,0.5223174970528062,0.871240618850819,0.7780507917391353,0.7741761115981516,0.8039669861233913,0.7629902027599067,0.6665618071278826,0.7824112917096552
0.6299506020588543,0.5395648399417577,0.5477580157014099,0.6435965650525566,0.45370129231606626,0.6548623253732595,0.21156373485512456,0.755785481244049,0.7840925516455813,0.20049326542601684,0.6278224098875209,0.6963687575116919,0.36298111352478907,0.0,0.6446181385719749,0.5038596021556376,0.4517134563651861,0.4983740756699222,0.6697430480123028,0.6608679877729055,0.7446637992018214,0.2784496146804251,0.7004232529941578,0.7471932959234096,0.5489097647710983,0.5745445521859811,0.651313087767343,0.5340357842659889,0.4098473560034436,0.6791875647437741,0.7159516727642468,0.4763734923866111,0.3227625389904611,0.7396447879532009,0.60894671407328,0.46235438752670766,0.41785524243111316,0.4376991126718578,0.7733344098201556,0.0,0.5251104517660214,0.6745126823067037,0.6764285686123844,0.4730661417759987,0.0,0.0,0.0,0.5329872335447308,0.0,0.7355423065429016,0.6084938742456755,0.5865657421195043,0.774984346026995,0.4366216189166934,0.0,0.5884601546174093,0.35768123403434343,0.8575118213206387,0.6913307469098428,0.0,0.0,0.0,0.0,0.5646263100477044,0.0,0.0,0.0,0.8001548207902819,0.0,0.0,0.0,0.7093472829423051,0.8650542246648296,0.0,0.0,0.0
0.6036959479011352,0.8203184238939534,0.5763041676470553,1.0983764569096,1.0969622714665317,0.7605581700665661,0.6480315670697443,0.8065865110982446,0.7861294799306809,0.6066585145961725,0.0,0.6798629961718432,0.8164571004653989,0.6446181385719749,0.0,0.8017127491680067,0.6391737578870471,0.8085498494132318,0.0,0.46111413513094296,0.7263736816631897,0.46284224330126666,0.3147324879508284,0.6621155166495851,0.7000477477951869,0.7222465806360225,0.3499217247625025,0.5731590422313529,0.7581321060278423,0.7442454504223925,0.8358857900366025,0.6934591151047494,0.8605367131779782,0.673552600888469,0.7372677832424804,0.8204230423812899,0.6873013304983361,0.38030411224963895,0.6897943509772118,0.8248214344109572,0.7702907127704226,0.7608569536834682,0.5073041675002852,0.614941069340849,0.0,1.0179324218447166,0.7914856726468107,0.6652991249735346,0.0,0.0,0.7427122134810857,0.8580572379966165,0.6734493972118241,0.5772535340683442,0.0,0.0,0.7108640021507695,0.8081760964618879,0.4680341465186817,0.8970576825826853,0.9368670230004061,0.5505934257642643,0.5511410065914831,0.0,0.9925876672106311,0.9316341900648022,0.8272247892354705,0.9294584661769117,0.44826091494631626,0.7069608477536996,0.7695596517426131,0.8827144935816419,0.7493778600404847,0.7987183734483703,0.6627275040825298,0.7469840624345256
0.9632862976639931,0.91605005261535,0.5625463452478654,0.2528953741180627,0.763488562926034,0.6728317320012496,0.6969448462219421,0.7976380775593133,0.6510992311383437,0.5977741933583172,0.493277364650909,0.8029691437677411,0.7275402558084467,0.5038596021556376,0.8017127491680067,0.0,0.6463441462187574,0.6909657996097011,0.44974259346862316,0.5736782522078481,0.8336680016567286,0.6619747079246411,0.7006382822844921,0.8498606287120256,0.7937284648576879,0.8950589800664206,0.6922289733013072,0.708614399726802,0.6571148092712058,0.7571612217794765,0.5793522903831715,0.8075621414381968,0.6248834829818706,0.5133324856915872,0.6847001960274997,0.42028924239801135,0.5688289626264146,0.5587952033334006,0.7045250983001853,0.33835717772830454,0.5409407676515695,0.7613921867475025,0.4688093541155615,0.0,0.0,0.763619039821186,0.6884155873182063,0.0,0.0,0.0,0.6710605351905459,0.7057061136739228,0.8692705038875759,0.0,0.5985156627969279,0.0,0.6455810502328154,0.8238745788060302,0.0,0.8158968797238533,0.7287965962848546,0.40844907792971796,0.6692634774070323,0.0,0.8668238127406032,0.8557264293582251,0.6530158145293927,0.8642588539700788,0.5019825014711261,0.8438219530593876,0.751807023467197,0.8743276417543224,0.7745923062650474,0.8369001967321008,0.0,0.5913493679089041
0.5881303961134303,0.8287866913231571,0.8847463900854204,0.5808179145758143,0.6884416276051363,0.6965465146611606,0.7575729783201794,0.5865283292811249,0.7524697311944878,0.7955964782674745,0.5848639340001249,0.8113093861239258,0.7080386800212572,0.4517134563651861,0.6391737578870471,0.6463441462187574,0.0,0.7223526523406816,0.8174826472903562,0.736861068905756,0.6174416140073542,0.7323270317573393,0.7532008715950205,0.6700979705695888,0.6143773182354088,0.656539625823434,0.7659357934521689,0.9126264354738951,0.39741202882056786,0.6928019846298501,0.8039180625395232,0.6983881101023193,0.7356595160432439,0.7346006445907993,0.6410014671231974,0.6510302936526828,0.3465525649924155,0.3412066136724837,0.5664547966315745,0.17064817222687167,0.4869594889419657,0.6510037502941635,0.0,0.0,0.30936570676705255,0.7827356254725784,0.31216873793359967,0.0,0.0,0.0,0.0,0.0,0.0,0.0,0.6369987836494665,0.0,0.6341078081769695,0.4601503597025507,0.0,0.5501820229134485,0.20384754346036144,0.7559104940645773,0.815942800944997,0.0,0.0,0.0,0.5212579624687805,0.0,0.7534434359892418,0.8467465400519485,0.7974670626114027,0.0,0.572646661251087,0.4704770500314795,0.0,0.7452438518878924
0.8896936019768132,0.7827000718886925,0.7589148511869774,0.46709953764740514,0.6071255223777005,0.7437547321291205,0.6987107253896743,0.926270004953657,0.6493671934456852,0.7245593371168021,0.7219069474318955,1.0558703660824484,0.8169498656276972,0.4983740756699222,0.8085498494132318,0.6909657996097011,0.7223526523406816,0.0,0.7176737565082707,0.6813162956925375,0.9909341466685899,0.5908897622436795,0.8943922177206599,0.7058339535358954,0.7265467991184422,0.6893592843222218,0.7400132833563964,0.7792393697953628,0.6433981301685188,0.8179806634686472,0.707887976655748,0.7801263246155602,0.8288258318874913,0.8205566930101871,0.6408609993744097,0.5953331097940787,0.39798325281349617,0.6317837614410607,0.7779741619389384,0.6053566266120318,0.6507558502262631,0.7431502238433377,0.0,0.0,0.53042386025419,0.7984254187291058,0.7641862444059722,0.0,0.0,0.0,0.6925024849419599,0.5076950223145515,0.6066840896814965,0.0,0.788389060955818,0.0,0.6447800260241534,0.7046148753958801,0.0,0.8966993951592646,0.7964695787491956,0.7774429369988123,0.7158155948609646,0.0,0.7079621332573798,0.6727662016604629,0.5147255271850114,0.8533079306079989,0.735401263314017,0.8005455269800599,0.815608354926965,0.6313124953412625,0.8237616527783587,0.700807054867872,0.0,0.7779085493277398
0.0,0.6648938575922969,0.4172672241993357,0.8273828210583987,0.7833228414295776,0.5157119478261852,0.6797747078416634,0.6669689044785398,0.3433019061522513,0.7099738160632243,0.5846866079702778,0.8645524518993892,0.7592243134652646,0.6697430480123028,0.0,0.44974259346862316,0.8174826472903562,0.7176737565082707,0.0,0.5035241964039627,0.6518353065804467,0.6995039027354182,0.42603796234179747,0.8207805038371745,0.766272958771808,0.7140890237201395,0.7289839670284788,0.8244145243084723,0.5061405737611753,0.8278610659806352,0.7727049385400828,0.7939783826955289,0.7613920378876772,0.7983182847942438,0.7344364583520735,0.7900728101164164,0.6246817784669072,0.6740004985666566,0.8215619404171591,0.43857456681603524,0.6224431211348703,0.26764025426864907,0.6631471926759889,0.5988399976764424,0.0009515956614211517,0.0,0.0,0.6841662851622408,0.0,0.5509039158523013,0.5948217801497355,0.8231800855611144,0.7257174281476905,0.6819089024764518,0.594776699934587,-0.09468359612082855,0.7488390308782671,0.5922171234570945,0.6524316187446573,0.0,0.0,0.0,0.0,0.6678804434574384,0.4698169081608974,0.0,0.4852904828482403,0.6616454160093033,0.0,0.0,0.0,0.6648625483434907,0.7887727364083216,0.7233570159043401,0.47967229588644644,0.805991681390811
0.785732447356414,0.9278944892437613,0.5965298505187855,1.0006780157295174,0.8631326658748595,0.7400713397235552,0.7958476642189998,0.6586093074145529,0.9059023602949967,0.7248721553392449,0.4501997811075995,0.6094893349046343,0.8817617253586945,0.6608679877729055,0.46111413513094296,0.5736782522078481,0.736861068905756,0.6813162956925375,0.5035241964039627,0.0,0.7681483643802649,0.6660176743766255,0.317028760769296,0.8722599943396013,0.6691415753844565,0.7339555985166011,0.7762372534736754,0.7977746078888948,0.9167083041011106,0.5440606774336562,0.930045842258294,0.7592047628586919,0.6630632013472839,0.8586965824998204,0.881795038149131,1.1049306311752392,0.9078090885323563,0.6888943509317591,0.7732323434016256,0.8080709096909799,0.7519964464354385,0.8173343724670021,0.7698789626996032,0.3748782349507521,0.3373864835190641,0.7766475892649254,0.7239777527048106,0.7387810309976325,0.0,0.0,0.6436963062167593,0.9199371436415087,0.7451238547647607,0.6281480984239693,0.785035618106108,0.0,0.6740230664628029,0.8578029643121747,0.0,0.89591377471119,0.6694741317016577,0.46733740950255676,0.8160142069546756,0.0,0.8079259623624122,0.8489843700137545,0.7592182868908086,0.7929410469207343,0.0,0.7034594498143021,0.7148305721432171,0.770875045679621,0.6559380269153137,0.7956721738135466,0.6966870616730048,0.7570634745695197
0.4128900808379706,0.8811065450258926,0.649133902967516,0.442731329800947,0.7216373216940709,0.7672925453043249,0.6412635579922825,0.8610254286856734,0.5891817387494012,0.8707625615672804,0.6579054600304666,0.598344379195047,0.7236202881650351,0.7446637992018214,0.7263736816631897,0.8336680016567286,0.6174416140073542,0.9909341466685899,0.6518353065804467,0.7681483643802649,0.0,0.6971671892910325,0.7375696445403034,0.6938294116460924,0.8397433246225261,0.8635796526488064,0.5870062464352988,0.7259662863847859,0.7948145505824633,0.6850882896333788,0.7495001295002526,0.5705601429996813,0.8463211455781434,0.5086177786120069,0.6325223993549194,0.5759785234630534,0.49553723508291103,0.7459936848061891,0.7030861940881357,0.7229832196416439,0.6095007038356519,0.6998599987440768,0.7288934789073747,0.0,0.0,0.869863704934265,0.7040672537131432,0.800798360871916,0.0,0.0,0.6310644795003544,0.6285767366014163,0.620735314153867,0.6211152179058862,0.8800715376321555,0.0,0.7845060997356545,0.7281089649941513,0.0,0.7388564614398112,0.9096572997653505,0.0,0.7977931800308098,0.0,0.7750465862164744,0.8163155331600679,0.6939096046410764,0.687493399748279,0.537565032817656,0.7275153731231654,0.8577768478839463,0.6919069076595732,0.6726278684729965,0.7535871443548421,0.8970346222592913,0.40686212312933495
0.7275536977212678,0.9540813363985542,0.7646154735733126,0.8279714887720245,0.7923673621958125,0.669114313527766,0.6796633339917688,0.603826288938242,0.8755215244013539,0.6841811321289013,0.514245331634885,0.7697252129208133,0.6916091341972588,0.2784496146804251,0.46284224330126666,0.6619747079246411,0.7323270317573393,0.5908897622436795,0.6995039027354182,0.6660176743766255,0.6971671892910325,0.0,0.7473523319908173,-0.03146098541920278,0.7122098754632727,0.8948327610721374,0.7313236410650823,0.6395417644746038,0.7407837471811728,0.6860618953549313,0.7472675524196475,0.647887011758084,0.48326126834148925,0.6519039702511669,0.6780504813707011,0.7504329603685269,0.8808926216776471,0.15381308460660525,0.5520410921014038,0.46985737103921854,0.5575958192530948,0.690569666097657,0.48181678167454,0.34942077673304744,0.3969227391121438,0.7661409565556854,0.5778369223900968,0.7736358217732061,0.47109086107910403,0.3920057757750992,0.7862093323623169,0.8203775847352472,0.8071596812902364,0.8416841253806024,0.5935332589243769,0.0,0.6465413747372992,0.8479128168836977,0.0,0.8806560163952981,0.6551111649519654,0.6746484504881818,0.6014917160800544,0.0,0.7474263934774696,0.8741836378003198,0.6182334397254621,0.8455260224283696,0.7831551064341916,0.5812221159266517,0.6786957345228211,0.8659543607235409,0.7868751731377529,0.6804137310852365,0.6045483508445928,0.5385234918272618
0.6176737663669865,0.5523821012751188,0.6677719607362856,0.7701093486386079,0.5461189276945182,0.6551142019694859,0.5910306393145406,0.8280912329252645,0.7042284040105031,0.6287915154657802,0.570125589821139,0.6812900598194958,0.7001511802154439,0.7004232529941578,0.3147324879508284,0.7006382822844921,0.7532008715950205,0.8943922177206599,0.42603796234179747,0.317028760769296,0.7375696445403034,0.7473523319908173,0.0,0.6927723050820725,0.6447962929411925,0.7090267688713767,0.43149057689198456,0.5952650537083473,0.5479324395925914,0.651977995086862,0.6587729019041624,0.6605897757187208,0.5046667750117282,0.6311414013573622,0.670035798879318,0.5715068982202063,0.7172653211583062,0.6189511417790701,0.7246683534633204,0.7444953192305714,0.7177259568496179,0.8356678164578013,0.7727208564791037,0.8986392850292332,0.6485900497848485,0.777664442287959,0.7142270329184097,0.6642187028067175,0.6716306792212097,0.6498181802319596,0.6486100692008641,0.6706147168154641,0.7389833857492075,0.6516616068040153,0.7387842339607957,0.402692632816946,0.5376094389892273,0.6475399684808376,0.7802867895899116,0.8290306014972443,1.0857485521122194,0.4650977663872188,0.9112749148338009,0.7065273627090904,0.7211826621023633,0.7376399105789173,0.8427189855013166,0.7677556159259007,0.3409525742138569,0.7869735483901583,0.8535837854218128,0.6396615075330748,0.6556816055930983,0.7397939302328823,0.6934457539661809,0.6706283406024981
0.8268734703063514,1.0861901462155208,0.7016628788211794,0.3727602005357987,0.6512464311751801,0.471441881833942,0.47213444626834705,0.7317397626408467,0.7752473771354971,0.4019821699541126,0.8108203924431967,0.5536538874724163,0.47822159004409404,0.7471932959234096,0.6621155166495851,0.8498606287120256,0.6700979705695888,0.7058339535358954,0.8207805038371745,0.8722599943396013,0.6938294116460924,-0.03146098541920278,0.6927723050820725,0.0,0.5964334167884138,0.5372986481129901,0.5222677922614257,0.6696858928877889,0.7179647970913998,0.8750742908011098,0.6379546467517869,0.7400503400693583,0.4298181224375873,0.3844263328303037,0.5587924020105606,0.4435968887402377,0.6249462193006748,0.4570538390305901,0.6844298126277493,0.7168397871944415,0.6089201585576423,0.8111765852413229,0.6500001446979138,0.4941591938909847,0.6705902314550216,0.5575309131080429,0.5913654637788577,0.0,0.0,0.4612731794594934,0.5493302988563418,0.3720667650010438,0.0,0.3364858884096029,0.6410871779934181,0.5061096256729216,0.7005486715828065,0.45389838300216195,0.0,0.3328893390467577,0.681832264280076,0.59671502599088,0.6803140210648433,0.4844198878808914,0.3945007112616087,0.38813692080155776,0.5148158921659611,0.6685411388417615,0.43371965863086526,0.7559853886030619,0.6999169955003514,0.5190252933988455,0.8182630538358684,0.8288157790749823,0.0,0.6864976818273638
0.7316160747890765,0.5547764651880407,0.6194405679982182,0.7973971105683384,0.6333119058380783,0.5517117908471363,0.6517161631330028,0.86245123090899,0.6485991813307286,0.7303730580416741,0.6632005446125775,0.8948686745787653,0.7793061266457518,0.5489097647710983,0.7000477477951869,0.7937284648576879,0.6143773182354088,0.7265467991184422,0.766272958771808,0.6691415753844565,0.8397433246225261,0.7122098754632727,0.6447962929411925,0.5964334167884138,0.0,0.4638550751320389,0.6074896952271206,0.6917054693264637,0.5830156453917199,0.5389823567544513,0.7636631703536011,0.6581433096772565,0.8224678562767082,0.6412727724691292,0.6738844636880397,0.7106961916364849,0.6113086554137193,0.5206568009810162,0.6672636491480624,0.33185016756958347,0.5357734117341626,0.65926433435303,0.2042730249486654,0.0,0.11599723874352036,0.731571213208571,0.6960154330719471,0.0,0.0,0.0,0.7729190715039003,0.6488464169523303,0.8260103961382458,0.43547311340079364,0.567714136465449,0.4433369961288668,0.5697915418858426,0.5966430455681297,0.0,0.7907758883192683,0.6723788549302185,0.6117393210660871,0.615258917101905,0.0,0.7834428918873984,0.7683016907127294,0.6948940694915965,0.7240800853857938,0.5887917175979656,0.6736642045488239,0.6855074552742575,0.6586815439466579,0.7155196872286571,0.7017591653255388,0.0,0.6871163044665574
0.8814951514760153,0.6280808295351157,0.7634178065152712,1.0747966311066957,0.6427320581910264,0.6813745025829234,0.7508327066400692,0.8287650632392505,0.6050758964856262,0.6974010431597479,0.7562348505932981,0.6487042013299462,0.7570838669775488,0.5745445521859811,0.7222465806360225,0.8950589800664206,0.656539625823434,0.6893592843222218,0.7140890237201395,0.7339555985166011,0.8635796526488064,0.8948327610721374,0.7090267688713767,0.5372986481129901,0.4638550751320389,0.0,0.6501176277086915,0.7625546386152028,0.7338805868036812,0.6398857520006501,0.7631687141261285,0.8475830453695212,0.8357342702195765,0.712633819618012,0.7045221023672372,0.6076513510671251,0.7731097206989525,0.4751431367580884,0.7544320577394248,0.42467894879630474,0.8672941108902961,0.686443436345038,0.3583013691226795,0.4939390978745408,0.21148320203184182,0.8551385977908237,0.7995814169234183,0.8394805584976559,0.0,-0.0037683280468083814,0.8347934880777635,0.790948132757358,0.7022751238410104,0.5931219751769157,0.5675037164692838,0.0,0.668302013897712,0.8796901403002733,0.0,0.8040371409310965,0.8793708870483005,0.5767376587082391,0.6550780297403143,0.0,0.8449248458033972,1.0621026637089899,0.8040125995747955,0.9209762964747086,0.5457463022744251,0.7551298520742467,0.7077448418871308,0.9644003259431699,0.39998456959497036,0.9381379040005546,0.4367789870990845,0.784392048397888
0.6061106864299693,0.7408664016143083,0.668311272378433,0.8216114083182202,0.674000846016555,0.7205867979847341,0.6199293202490388,0.7631367464167292,0.5069945483673979,0.6710037699935161,0.7128334260859979,0.7699276353449254,0.7173397286544285,0.651313087767343,0.3499217247625025,0.6922289733013072,0.7659357934521689,0.7400132833563964,0.7289839670284788,0.7762372534736754,0.5870062464352988,0.7313236410650823,0.43149057689198456,0.5222677922614257,0.6074896952271206,0.6501176277086915,0.0,0.709184937687937,0.8742669822740188,0.7756084979222102,0.7891930852866427,0.7052710074409617,0.620176526423612,0.7240954640848729,0.7612103193791446,0.5334710190433096,0.7610442100258542,0.7713117402119138,0.7125449204110652,0.7313389370014771,0.7021892038391895,0.6958077268937108,0.7562011665467689,0.7855743833112858,0.6388928590461798,0.6661907374208027,0.5310930791957698,0.5873425483912105,0.5965714557663266,0.5071478057148477,0.6474991398134249,0.6630115560768399,0.6479782651632173,0.6097872012037617,0.7553798870743158,0.4792443673555505,0.48852644061097383,0.6946150972894816,0.7904566531246309,0.7236704710407983,0.7583400870185258,0.0,0.5534742591878559,0.6020249740815625,0.6663537823349508,0.6669208497757855,0.6792083386905294,0.6518873433344545,0.0,0.6710104537950794,0.548511187026678,0.6879633216114915,0.6719927599391082,0.7455576116946837,0.6304059550420777,0.6939809555940388
0.5226116123595295,0.6865937975626788,0.8572636012216381,0.45786662084631713,0.7044728819747814,0.7130750863889014,0.8202069353282506,0.6570086388740588,0.8492784477630132,0.7366903655372944,0.71967606235776,0.9391343268844621,0.7836529552312805,0.5340357842659889,0.5731590422313529,0.708614399726802,0.9126264354738951,0.7792393697953628,0.8244145243084723,0.7977746078888948,0.7259662863847859,0.6395417644746038,0.5952650537083473,0.6696858928877889,0.6917054693264637,0.7625546386152028,0.709184937687937,0.0,0.6531522054628995,0.6464354594179857,0.8603051541992326,0.8650320978841998,0.945855675637199,0.734276406022376,0.792543410569744,0.6283893432700685,0.5856611688132771,0.9528926562750919,0.8772545171776154,0.3148016229711781,0.35576102029054546,0.3446462752039902,0.698762048383528,0.6177905791268385,0.6251468712112151,0.7366333429586447,0.7743374813417971,0.8150279686183497,0.0,0.9066822538558752,0.8483980544551302,0.8168739078774774,0.779822130994142,0.729757869043126,0.9194805505064926,0.778236508724963,0.3486704426909505,0.7822396974346564,0.3782414269848171,0.7219018508626661,0.6210686571343154,0.31139071104448934,0.7521693328429866,0.8711144469562335,0.8365684920104249,0.8630926361429254,1.013079454834386,0.7755952631104495,0.6854469453349684,0.7934249830832033,0.5984883102062141,0.8082167320306525,0.8186190494259842,0.7778247782550468,0.7279485310055231,0.8218010351526321
0.24914837182622718,0.7020634516438495,0.7531228846087918,0.5763270421882226,0.8292232930095533,0.5221605133444944,0.7663377124181909,0.7277418183937234,0.7982948261928873,0.7848723283964876,0.5328312897929945,0.73013735757508,0.7674979128221362,0.4098473560034436,0.7581321060278423,0.6571148092712058,0.39741202882056786,0.6433981301685188,0.5061405737611753,0.9167083041011106,0.7948145505824633,0.7407837471811728,0.5479324395925914,0.7179647970913998,0.5830156453917199,0.7338805868036812,0.8742669822740188,0.6531522054628995,0.0,0.9120634353779664,0.8868715072092147,0.6217307910180698,0.5878349557974926,0.7818191613965368,0.6323119747897311,0.6186740131289159,0.7517680691668988,0.7313000290356833,0.8128639234124039,0.6862064317278773,0.7635837935648837,0.818943689006707,0.5555113648923159,0.7163659104830529,0.6852644108967358,0.7170632439449138,0.5080985007377818,0.682942651839488,0.4700140758651946,0.6629697351079262,0.7612643713540641,0.7796338021266866,0.700014065669165,0.7844977184306314,0.8451229724319896,0.42756981203486166,0.7312181334560173,0.6941926406188758,0.5745240198256004,0.8552169161432217,0.7746120956676041,0.4686339346040901,0.6796343244681293,0.7841590682595485,0.8116411738126283,0.9008617388248114,0.9590191217106794,0.8100173815070498,0.47765211532483387,0.7835476489396402,0.7263956997705472,0.8508625451307643,0.8372318191962251,0.8340850380154534,0.659901273428194,0.6965925621429198
0.6766861749614355,0.6964422335448972,0.7736883521819685,0.4149686135200706,0.6166149459362636,0.828449966849721,0.7298328307989499,0.8023501337281438,0.7071984195538534,0.6699897079511422,0.47484355200622197,0.5802544345905466,0.7782612558648778,0.6791875647437741,0.7442454504223925,0.7571612217794765,0.6928019846298501,0.8179806634686472,0.8278610659806352,0.5440606774336562,0.6850882896333788,0.6860618953549313,0.651977995086862,0.8750742908011098,0.5389823567544513,0.6398857520006501,0.7756084979222102,0.6464354594179857,0.9120634353779664,0.0,0.8118750460114674,0.670014920879404,0.6380007300623418,0.9100620722712152,0.5463285539077828,0.6103274822010375,0.4191778670256574,0.5378401878334143,0.9103856742106204,0.4558902175751713,0.608709372453482,0.7593649318699147,0.6812080736703245,0.26615281497062887,0.0,0.0,0.0,0.299138186084404,0.0,0.0,0.7053466073579149,0.7765736004475436,0.629491015889667,0.8048560296619399,0.49270743779169734,0.0,0.008194192985107207,0.5496564403036817,0.0,0.7373265197912953,0.0,0.0,0.9404656466222084,0.9396534656150386,0.7689993530886525,0.8080013371022128,0.765899479089074,0.8127186903744623,0.0,0.4219533430223319,0.47643549577140976,0.9065130284929357,0.7274354204602248,0.6948678113695086,0.7025587257946176,0.7506476062198253
