0.0,-0.03624607995757839,-0.019674093795780112,0.0,-0.009386859188528551,-0.04784367849616111,-0.004715609552426392,-0.00534363729213766,-0.00044693866696782214,-0.021220434452781822,-0.0051128054879635565,-0.05347714852387109,0.00420563450209549,-0.0022383715019009265,-0.010109021199028345,-0.025952620751772848,-0.02319423897780354,-0.003457642202544353,0.0,0.004120514335580472,0.02031504711311466,-0.02734817640103554,-0.017968463069196694,0.0417885790328934,-0.0066075708985939285,-0.01191436625081932,-0.017685739501536457,0.025108923488335322,-0.00492426163569698,-0.006697418902397556,-0.020228450585060453,-0.035416324122677034,-0.03333812357135879,-0.041902555902404215,-0.035207506714275694,0.006951489554447909,0.00019181343249119465,-0.0107304128892165,-0.001087233531438525,-0.0023435778888143965,-0.027667642680708815,-0.01768600262626857,-3.340700542608932e-05,0.0,-0.015623409006837174,0.0012103432524804836,-0.010180137502397435,0.0,0.0,0.0,-0.002211106191673695,1.1102230246251565e-16,-0.006450690534626602,0.0,-0.015807668182529322,0.0,-0.03341116583036613,-0.014879998111943904,0.0,-0.018699616634863303,-0.028777676406787522,-0.004504728235391109,-0.031990003989892046,0.0,-0.013644816291600081,0.06962482529366826,0.00354711297280913,0.009812358049861192,-0.009220359620345564,-0.031766249718776285,0.0019306787461695896,-0.0018198245980773353,-0.00011973353311667267,-0.010987334927042292,0.0,-0.05152182931116639
-0.03624607995757839,0.0,0.00019451295990224882,6.659967581940096e-05,-0.007596733691259849,-0.012616292864733036,-0.0139684459028655,-0.01946211841169171,0.0020558646714208817,-0.0231380640618985,0.0034274488623770583,-0.005590004207613963,-0.014133007345564996,-0.007896349892430932,-0.01147517091153255,-0.011623567079201647,-0.0009404296775807341,-0.00821626437174311,0.00997179084966604,-0.021179091027480335,-0.03354044270768336,-0.011425888662243477,-0.03991611128316497,-0.01859436967337147,-0.002826584573247748,-0.01546905172027524,-0.023942880074444117,-0.006230465263803608,-0.02657726683446554,-0.01089770309149063,-0.022202715645976312,-0.026348926358781888,-0.021523019777160646,-0.03953229833368904,-0.03821463553193605,0.020161384336760846,-0.0008497994808028819,0.0,-0.021585833240196806,-0.015850940224699517,-0.03646613047829883,-0.027693490978720037,-0.01019247804811968,0.0,2.220446049250313e-16,-0.03200888037972738,-0.033494398093737277,-5.9454545522419355e-05,0.0,0.0,-0.009282038205977228,0.0074658321294206464,-0.009569370352716988,-0.004517046085522114,0.0028143907459191597,0.0,0.0024420265941842434,0.00035801625578807394,0.0,-0.016449531779156423,-0.03948371125351957,-0.020040925708353474,-0.02823341031147364,0.0,-0.014734958313542434,-0.039677435004037365,-0.03153895097614501,-0.01129602720190337,-0.01046363071938844,-0.026730495364588658,-0.016972300646500016,-0.029902456804864308,0.0032055039318648615,-0.01567054036962995,-1.1102230246251565e-16,-0.03356555849024434
-0.019674093795780112,0.00019451295990224882,0.0,-0.009897774614451071,-0.003952530641477325,-0.004342336121508139,-0.00018988351386584057,0.04088240668203197,0.0038482077234286427,-0.013608973283315062,0.03377100695491814,-0.009133890950006163,-0.008303481608799457,0.04978260742462942,-0.0019985730869143126,0.0017102083423162773,0.002949786656731901,-0.001788628045460816,0.0434809693186094,-0.007661161952412787,-0.029270456734021066,0.005686436149961671,0.050230557927240516,0.004786343410936644,0.019472974640502183,-0.006152407332984999,-0.00747597909605302,0.0007834822634794625,-0.023148170534203538,-0.0008986693935955081,-0.005035364645717633,-0.012345709086831691,-0.0032795382149214403,-0.006913627116433396,-0.012606187967909133,0.01563250298470359,-0.0024192960992515666,-0.0023820398402918386,-0.02474478656631296,6.841900383469657e-07,0.001728079387649295,-0.04077177537245852,-0.001600759360672388,0.01415119468752224,0.0,0.0,4.412206430787213e-05,0.0829574362645637,-7.503302714262361e-06,-0.009327714944008636,-0.007413987378900644,-0.0035181600005514957,0.003022763800351602,0.03451471672777551,0.001111903005373338,0.11768200629491504,-0.004569411256613587,-0.007984706356974458,0.01631021889667006,-6.479465821646047e-05,0.0,0.0,0.0,0.062181913875771655,0.00611009396196921,0.007109618112633775,-0.0001852516046090269,0.009801677422102695,0.0,6.767554448899871e-05,0.010741923288068556,-0.007121052937971495,0.010776465926166101,-0.005002709928749183,-0.009730937473124257,0.003860013182956923
0.0,6.659967581940096e-05,-0.009897774614451071,0.0,-0.043876689570120225,-0.025125264687493265,-0.0008279649565096636,-0.09714384488656233,-0.009795184623711317,-0.04496096638481331,-0.001939613418031172,0.04023218202000195,-0.05275662650665969,-0.0783882373342657,-0.005606240366169135,9.301044005782799e-05,-0.005631086728970058,-3.4167707187005014e-05,-0.0011871684906113456,-0.1112552886599642,-0.00023589826095954392,-0.008769936426622105,-0.02157579129017395,0.007702985012368879,0.0005203308688855879,-0.00642524746246953,-0.02201597068026323,-0.015588894492356786,-0.031066315669995015,-0.004253147674994517,-0.03118830448763632,-0.026263657259148088,0.04396554874123848,-0.03397929978400285,-0.017760585296884457,-0.03527542244059345,-0.0005359561006518243,-0.001002227717430304,0.013903715654151605,0.0008142925646810184,-0.004092226940835664,-0.008760665683571756,0.011422676565671142,0.0032271312887651726,0.0,0.0,0.0,-0.0002548799357299236,0.0,0.0,-0.0034001052741375326,2.220446049250313e-16,7.819734765890374e-05,-0.0004196444185023962,5.551115123125783e-17,0.006652846807623236,0.012852488018574693,-0.00019942706437514612,0.0,0.0,0.0,0.0,0.0,0.0,0.0,0.0,6.89465414763224e-05,-0.004058787750874149,0.0,0.0,0.0,-0.015346617066249513,0.0006614065333165331,0.0023089436988471546,0.0,0.0
-0.009386859188528551,-0.007596733691259849,-0.003952530641477325,-0.043876689570120225,0.0,-0.010937456635530696,0.007675555332295414,0.02558004503591227,0.010523601831575469,0.009326110402727572,0.00041416417349871004,0.0283623778063522,0.008130501474474527,0.019992417262112316,-0.01138555416631487,-0.03365220839243904,-0.015493509823330864,0.005741730188111915,0.0011089265833789663,-0.009997118077613665,-0.016114462545814334,-0.02439302763944262,-0.02087800346487484,-0.01368505930919639,-0.02372571396175971,-0.012858544608069011,-0.021299822745774577,0.012071027219774488,-0.03823978560143021,-0.016552266245242364,0.008783281209090055,-0.011427501384868699,-0.019088461701665893,-0.0015473667333093521,-0.015679717161500406,0.002834901912575072,-0.05895487824434306,0.02309463734922884,-0.04638295958121219,-0.0045068423981109995,-0.03625126920395122,-0.009322848951960783,-0.012467615095062723,0.007183329778923053,0.00022102604341633914,1.1102230246251565e-16,-0.007655489036235252,0.01962192398989182,0.0,-0.0455069785231898,0.008498671409736147,-0.019693854748404627,0.0051826441318229,-0.018534550487840196,5.551115123125783e-17,0.026446845996193125,0.003983989112714581,-0.0798339149138968,-0.007516649158383959,-0.002246684211194616,-2.393984995940901e-05,0.0,-5.551115123125783e-17,0.018432301441225596,0.0016633609468577615,0.00012953794557379883,-0.0016580728911780862,-0.010094734498912739,0.0,2.1935958706753578e-05,-0.005753975113711729,-0.034298480122752606,-0.0047508224867842674,-0.015070249976509353,1.1102230246251565e-16,0.0014052551091501275
-0.04784367849616111,-0.012616292864733036,-0.004342336121508139,-0.025125264687493265,-0.010937456635530696,0.0,-0.01175383177553374,-0.03684816391457413,-0.011038987757162999,-0.01877681253369773,-0.018711146244616172,-0.010270123379350737,-0.014301973436547433,-0.017396366360853233,-0.027875808064225738,-0.03970007567662509,-0.017309838435199065,-0.03314690572658113,-0.02350521188149146,-0.023147096752319074,-0.0469118518064498,-0.019941125645439428,-0.05506556262567869,-0.003862469336902541,-0.040770013443250264,-0.020467784948133116,-0.016542455884068497,-0.015993139388128352,-0.01556510171890979,-0.01722767997501995,-0.029478273994158644,-0.03569513880010544,-0.03148770135652529,-0.030384695038670917,-0.04823268416005494,-0.017941153979794844,-0.022778254922217578,-0.015320059962072363,-0.03811919160346877,-0.011065276305117944,-0.028168272970011066,-0.022245056245056072,-0.0337880498278012,-0.006286615407913032,-0.030161344441347826,-0.02842964809756976,-0.01486731738384045,-0.008959893585299583,-0.005249687714815876,-0.10012320579384953,-0.056600234521082926,-0.04317832939371258,-0.039077607663367375,-0.031148702588282062,-0.01936313178312543,-0.03046492009957269,-0.0016439545174746772,-0.037796643460916546,-0.08801210475504229,-0.03692211435940718,-0.009163635417536509,0.0,-0.015475683593597356,-0.022131521855395908,-0.03238357179038187,-0.07735979751342542,-0.023794493285870355,-0.04144512785644283,5.7972040431730765e-05,-0.014293650330351126,-0.00911723637985462,-0.0566434048848829,-0.035331224166717634,-0.04987674263878322,-0.024728318531986093,-0.03517547903354551
-0.004715609552426392,-0.0139684459028655,-0.00018988351386584057,-0.0008279649565096636,0.007675555332295414,-0.01175383177553374,0.0,-0.0035351389587897075,0.010624334023750015,0.0029180966968303523,0.0179671639502349,0.0007519260696517982,0.007591658085542297,-0.024887041332037563,-0.025121912833011517,-0.029644150355159327,-0.012498736999305371,-0.009599256362349096,0.006020757211334327,-0.014469707176712365,-0.016777079930510475,-0.022366394269058676,-0.02359266795436593,-0.00322219229275994,-0.023687646546618146,-0.019040822347728192,-0.015871118850653843,-0.03199200840116717,-0.022724680655161644,-0.011484162707853462,-0.0019560613346937816,-0.004467232057350501,0.0007800168624055859,-0.0146145695163305,-0.03307973005568604,-0.02488003956273488,-0.016459151738937416,0.02116737343752756,0.015961406268075518,0.0047323692885885005,-0.06889029750919895,-0.008101464550031412,0.0038684618016995853,-0.03844347645612117,-0.01990471255758225,0.0,-0.001638736836875876,0.03219978674501589,0.0,-0.016026470217425426,-0.03363043972223767,0.032847160950002285,-0.009420982035593384,-0.0018459726231390139,-0.003683058648695836,0.007869234419250304,0.013897112033279091,-0.016176114937754615,-0.0026114914129432565,-0.03454101005480953,-0.006602175584912773,0.0,4.742720995432048e-05,-0.01570505362478669,-0.012706533346065418,0.00026899095425653163,0.0023447981817174557,-0.017799416085833464,0.00010540658194990726,-0.012555066001871562,-0.004143257574300119,-0.02766451254542157,-0.02157954661845196,-0.01070882077118035,-9.250977613672884e-05,-0.018065231762046885
-0.00534363729213766,-0.01946211841169171,0.04088240668203197,-0.09714384488656233,0.02558004503591227,-0.03684816391457413,-0.0035351389587897075,0.0,0.0090775896162954,-0.0038991617189559347,0.07512679200237177,-0.04701532042129897,-0.0089806315200896,0.031653423952466064,-0.025293778541301826,-0.01772187554013277,0.002405442411273939,0.003707363506152195,0.0515167162308125,-0.03561008460784054,-0.020983093531863783,-0.03362253858516712,-0.0005638336910408492,0.008467358032181904,-0.010168780886318729,-0.023574864544833873,-0.019073097195240418,0.000774173623915575,-0.030319335107003964,0.002864549506870262,0.0011935718812872698,0.0008761716770144812,-0.08829817850846006,-0.010254627033065122,-0.025942122509449272,-0.005520703066533628,-0.017702420197621582,-0.052354552107387986,-0.009480020714013104,-0.01347529095927591,-0.025820766838583198,-0.01728447675376682,-0.029920849519729953,-0.0010305197686862888,0.0,-0.014009247928846502,-0.011589226726583135,0.02570758310012966,0.0,-0.03740498075120824,-0.0450725754980702,-0.020821034123883975,0.014800148466298624,-0.019877745668107072,-0.00013726851392165118,0.03697183922001507,4.782115654067276e-05,-0.007324559047033163,0.01833553229507706,0.00982686866039717,0.0011348506342864773,0.0,-0.00030165691231276437,0.016503380995003814,-0.01447040749981382,-0.08376069652747742,-0.022779174283171,-0.0006948680572041455,-5.551115123125783e-17,-0.01685444990263779,-0.035718577389727,-0.005415178869827508,-0.007126504470327477,-0.015562679203072138,-0.033851478215373376,-0.008160219975511362
-0.00044693866696782214,0.0020558646714208817,0.0038482077234286427,-0.009795184623711317,0.010523601831575469,-0.011038987757162999,0.010624334023750015,0.0090775896162954,0.0,-0.013779909411062441,0.009493162511185704,-0.00856043168491899,-0.0024409660776052444,-0.020789296789927192,-0.003734508571715256,-0.030400165302862436,-0.0018288167161435998,-0.0020448632680354906,0.015412178896918871,-0.013774450234717461,-0.007555231896052783,-0.00938629323139445,-0.01081689797139812,-0.006622236331309095,-0.03470371791470894,-0.03191719591422837,-0.021593299840594438,-0.005034332063097557,-0.03806489465281976,-0.021110144461864877,-0.005029889106908103,-0.013358177506714308,0.012580743662764182,-0.007278245984645437,-0.01594557397630586,-0.011414315788095986,-0.004300889736829516,-0.0002986925923913475,-0.03996001323882059,0.005709198655514058,0.004823399779127213,-5.46175294962592e-05,-0.01679837048625149,0.0005048644959535498,-0.006488729410717653,-5.551115123125783e-17,0.006816393587046166,0.024587638139245582,3.604621806096997e-06,-0.03333302356791373,-0.03438098068715045,-0.003036867147174993,-0.013586298038720912,0.004644912408981128,0.011253918473520086,0.029876176573495172,-0.012958393938508506,-0.00733295329082817,-0.008935230079021972,-0.01637873118397476,-0.0018744840069713775,0.0,0.0,0.02952662275959994,0.0011301377583160521,0.0009054639420547628,-0.0006382198728144273,-0.008898141520570446,4.43632442931885e-05,-0.016570510768921576,-0.016598938364509264,-0.012455988244063021,-0.005921502182657967,-0.028237819663319064,-0.013474144859077941,-0.016823359485221623
-0.021220434452781822,-0.0231380640618985,-0.013608973283315062,-0.04496096638481331,0.009326110402727572,-0.01877681253369773,0.0029180966968303523,-0.0038991617189559347,-0.013779909411062441,0.0,-0.00906096682549351,0.0026111010861463724,-0.026163682795835308,0.022776038423396816,-0.013673817772017094,-0.012508355104588531,0.0048551464081367235,0.0045171182249939545,0.002504052280361768,-0.007100793878046241,0.016303396535230885,-0.010343922866770439,-0.027479669962483966,-0.00683100539639081,-0.011458420397921165,-0.00010581604658455035,-0.021861000697588007,-0.027084315046814467,-0.01858040632903979,-0.02097315512226605,0.0070353197117518085,0.004746409986807032,-0.013200049856395668,-0.026638686718702842,-0.01066111313479512,0.016686724576508716,0.04703099512422915,-0.005352472107709283,-0.026319583015206094,0.005391531090719992,0.0003362568419233436,0.006769832557629474,-0.019712332530826382,-0.0070540306571550415,-0.005654683038010588,-0.01246119507395721,-0.0278004841070974,0.0003938354367243324,2.046754196716183e-05,0.00035660595841002785,-0.012783313482004732,-0.027271939892408614,0.0024654128975057366,-0.002745483137416904,-0.016529309849614593,-0.007287237034751315,0.00179048210767635,-0.023770212017420245,0.0,0.0004915412804917252,-0.07159108392182423,-0.026977667124721494,-0.029862453598795746,-6.72778830046461e-06,0.00010930955923077468,-0.00984694143882453,0.007115828178312078,-0.01436211384287317,0.010958859892407913,-0.025867844252191352,-0.023622168912752317,-0.010252084355984736,-0.002473288903570625,0.01445915359536476,-5.551115123125783e-17,-0.00535425004690776
-0.0051128054879635565,0.0034274488623770583,0.03377100695491814,-0.001939613418031172,0.00041416417349871004,-0.018711146244616172,0.0179671639502349,0.07512679200237177,0.009493162511185704,-0.00906096682549351,0.0,-0.01209794407383502,-0.002108322659064077,0.02721834799318812,0.0,0.00011887592790410517,-0.017487336208227844,-0.014336088992382257,0.03168702183956873,-5.4076715831019584e-05,-0.002123872507649671,0.0022474817493715604,0.040976291801017695,-0.04655401668962117,-0.013715088989231572,-0.019911313606062853,-0.00017505833133962811,0.00240896696005799,-0.01858117447683877,-0.002166608179710039,0.005987681673946643,0.0019272181711556535,0.021366306717575445,0.00419641348826294,-0.009774922681099085,0.027089450728270514,0.005580669229802104,0.017117379915136344,-0.0006153752920647904,0.005394481596180167,-0.02007265076551007,0.0023221831474471433,0.022384146738252453,0.010622461012753492,-0.007548886634238083,0.0,1.1102230246251565e-16,0.12627318061444048,6.979910395776834e-07,0.014954340145858003,-0.08320162677482451,-0.010694560535988162,0.04795089324243057,0.02236678235502121,-0.019274717505846417,0.10107463842191483,-0.0008980230294144964,-0.03732327770614918,0.025460786187640083,5.551115123125783e-17,0.0,0.0,0.0,0.12958256851660915,0.0051071895003368395,0.0,-0.00011751099769474749,0.02515510022772205,5.551115123125783e-17,0.0,0.00023448295515943185,0.07860339829969021,-0.012721218114073451,-0.02713258412391728,0.0,0.02695254130353869
-0.05347714852387109,-0.005590004207613963,-0.009133890950006163,0.04023218202000195,0.0283623778063522,-0.010270123379350737,0.0007519260696517982,-0.04701532042129897,-0.00856043168491899,0.0026111010861463724,-0.01209794407383502,0.0,-0.019097098522919798,-0.058680663105030006,-0.007774226699995779,-0.026578818825190142,-0.016886417791714847,-0.020642101684240743,0.003601660202153134,0.006784937286404058,-0.018777972118181274,-0.022399080564877938,-0.04464597525500491,0.01747731616531273,-0.026820816366037503,0.0022571518148741254,-0.0071762518654359675,-0.009595904622328011,-0.027204866885533696,-0.022644516238679524,-0.004113547481727153,0.013692590352414935,-0.03269243166205488,0.014615994263375953,0.014659514551628672,0.013082502134153462,0.07963664376859497,-0.00883377378997019,-0.009224684816461937,0.011946755071423731,-0.009290930180604506,-0.021341265788303143,-0.006429335766282518,-0.004516807235532272,-0.019913896736731662,0.01294441005425545,-0.002656705849182095,0.005666303753219193,-0.011804980362854989,-0.010532102741690863,-0.0161777659214683,-0.021637173607562454,-0.0004060272282317978,0.006778583053384357,-0.015863020956518536,-0.0011723913976590672,0.007140829203596766,-0.006586594887030783,-4.41006052831483e-05,-5.8033209626773274e-05,-0.0638328931414317,-0.025299707185568565,-0.03116405831576946,-0.017018486037700842,0.005189652081585672,0.006891129664855777,-0.0009671808662414794,0.002622827334298916,0.027136368919460696,-0.025424915254059488,-0.02210382631045482,0.005652294862817486,-0.012833034413339273,0.0029652022658242516,0.0,-0.0002839095907555822
0.00420563450209549,-0.014133007345564996,-0.008303481608799457,-0.05275662650665969,0.008130501474474527,-0.014301973436547433,0.007591658085542297,-0.0089806315200896,-0.0024409660776052444,-0.026163682795835308,-0.002108322659064077,-0.019097098522919798,0.0,0.0013751150960558678,-0.011420751096888393,-0.023036360858451177,-0.021844459294030505,0.0003242777244613637,-0.004722172388874457,-0.009324877955235567,-0.022284879890366205,-0.020198237166048683,-0.02247082661667793,-0.005950906889521823,-0.01829632320276625,-0.007026763188479335,-0.019040415848086245,-0.004269581069879347,-0.009623189641544516,0.018318110919390784,0.005496856941523465,-0.018197587762818546,-0.02362230914282165,-0.02334061572981244,-0.061473469447761275,-0.029172852013910233,-0.011251929945119754,-0.006043523325375499,0.021485748193312726,0.009431656152306067,-0.03852860755594961,-0.027805592438109705,-0.03842788736634706,-0.002233935585423119,-0.03543315425732607,0.0035679925297190662,-0.005436230120638708,0.01282943644280865,0.0,-0.025679675351422127,-0.036666118329207575,-0.01269339473178166,-0.007663889228356369,-0.006210921870457242,-0.025750580455983496,0.008383182018845248,-0.000691664223479993,0.0095357353590112,0.014114038627711378,-0.027135725723130277,-0.0027256579196894837,-0.008927648479890804,-0.008113859578798122,0.0013536951107686601,-0.017105298389295143,-0.0019190232035030674,-0.000964465696028427,-0.020365051824216662,-0.016692940852834903,-0.009118932672947,-0.0005455029663583022,-0.026941210344721467,0.011362839560010496,-0.03392245845701558,-0.006396170314409755,-0.007905258973528562
-0.0022383715019009265,-0.007896349892430932,0.04978260742462942,-0.0783882373342657,0.019992417262112316,-0.017396366360853233,-0.024887041332037563,0.031653423952466064,-0.020789296789927192,0.022776038423396816,0.02721834799318812,-0.058680663105030006,0.0013751150960558678,0.0,-0.019126677950252968,-0.00041124340780546165,-9.378973038920435e-05,0.000113427667878363,0.02307532114770655,-0.015467232876756332,0.007053134164868524,-0.004783905050377346,0.029999644262879377,0.027397803455074754,-0.021606762967106674,-0.0007155582040168085,0.010351395822524811,-0.06317892003431583,0.013979799819258398,-0.009463675940214855,-0.013854082384565258,-0.025477603233201196,-0.03221208634285205,-0.0021993925710945272,-0.03381057806559551,-0.020059101302057986,-0.022045933044321203,-0.0027968605775304245,-0.02972311613991968,0.0,0.0028079725727777616,0.00014864052029683883,-0.010897148891956532,-2.009166339911328e-06,0.0,0.0,0.0,0.011263613154594343,0.0,-0.021559777116866685,-0.0032444758140394714,-0.07925203992888774,0.03091058644971506,0.08490139179053957,0.0,0.032356575244989416,0.0018544724263226953,-0.0038475939948953153,-0.01233009636987853,1.1102230246251565e-16,0.0,0.0,0.0,0.014791383984754991,0.0,-1.1102230246251565e-16,0.0,0.028351632302694163,0.0,0.0,5.551115123125783e-17,-0.04991084331705281,-0.003077116256424539,1.1102230246251565e-16,0.0,5.551115123125783e-17
-0.010109021199028345,-0.01147517091153255,-0.0019985730869143126,-0.005606240366169135,-0.01138555416631487,-0.027875808064225738,-0.025121912833011517,-0.025293778541301826,-0.003734508571715256,-0.013673817772017094,0.0,-0.007774226699995779,-0.011420751096888393,-0.019126677950252968,0.0,-0.012189251883543029,-0.018810803985426394,-0.005237678792418599,-1.1102230246251565e-16,0.027128243139046826,-0.021715722070331345,0.02403439848296407,0.020235092654140363,0.03642525408709768,-0.023507816997023034,0.008992511764382372,0.010000319744246255,-0.016554904144574722,-0.014333495740530389,-0.005587495362259276,-0.0008938956056122049,-0.011164787887268879,-0.01652047328769707,-0.014554790660160688,-0.00924587333909549,-0.005652329995228023,0.006617001053279226,9.327844433337784e-05,-0.0019286277688424502,0.0036656811391382327,-0.011850299410960496,-0.004440558736200639,-0.001464306092734624,-0.005576777062303417,0.0,-0.04808105851158739,-0.01473248926257631,-0.005685338658503847,0.0,0.0,-0.02276898818268419,-0.0005327930005412651,0.009129881265826811,0.0029549967533835098,-5.551115123125783e-17,0.0,-0.003957204460865005,0.007260100735888009,-1.1441858251304282e-05,0.011421010997716974,-0.01753407754343561,0.0003999471651167097,-0.022261076043352757,0.0,-0.002798624565910901,-0.023051277699172146,0.003249786120147702,-0.00785453915837303,-8.10365377814648e-05,-0.025994658893108646,0.00828467886567108,-0.01022063000723622,-0.020958263909595376,-0.0257128206491391,-0.005521082431511393,-0.018662853339904806
-0.025952620751772848,-0.011623567079201647,0.0017102083423162773,9.301044005782799e-05,-0.03365220839243904,-0.03970007567662509,-0.029644150355159327,-0.01772187554013277,-0.030400165302862436,-0.012508355104588531,0.00011887592790410517,-0.026578818825190142,-0.023036360858451177,-0.00041124340780546165,-0.012189251883543029,0.0,-0.013828142750829386,0.014755987353643363,-0.0001353148694814843,-0.013299161147746541,-0.014166577469502784,0.014746351897140964,-0.031065989005421624,0.0048906558862633065,-0.00965183025351729,-0.018444202658885078,-0.03223902113543775,-0.009835096350181483,-0.03009425161183521,-0.015981597464701902,-0.015453179932809535,-0.019410719121074504,-0.012518563476925482,-0.033519007236112563,-0.028858453039242393,0.012434930451920456,-0.0026376762808155707,0.006360972159545952,-0.03091641606880674,-0.03174114716306947,-0.047781109755506035,-0.04222228173281933,1.4919310164118738e-05,0.0,0.0,-0.0362950705519367,-0.04724771374452513,0.0,0.0,0.0,-0.010235829332520652,0.004422223588743335,0.009586994221978284,0.0,-0.0171001684007811,0.0,-0.023296045630724793,0.006911148919022336,0.0,-0.011588360805860287,-0.05930693676777865,-0.009795494907469171,-0.04377259564744945,0.0,-0.014696972611586756,-0.01784843031030553,-0.02154276454613019,-0.023081164655068376,-0.02164377908121634,-0.0464734460634883,-0.02060358127313011,-0.019350103905155236,-0.024638726774760034,-0.024346168159619597,-1.1102230246251565e-16,-0.049903432275043236
-0.02319423897780354,-0.0009404296775807341,0.002949786656731901,-0.005631086728970058,-0.015493509823330864,-0.017309838435199065,-0.012498736999305371,0.002405442411273939,-0.0018288167161435998,0.0048551464081367235,-0.017487336208227844,-0.016886417791714847,-0.021844459294030505,-9.378973038920435e-05,-0.018810803985426394,-0.013828142750829386,0.0,0.009544825752355324,-0.008523370141131803,-0.005448040020605727,0.015213365023156233,-0.01592706980577635,-0.004878301337181201,-0.02802067688574572,-0.0017905266114627283,-0.020129145642872992,-0.005967377321901612,-0.015087161078632894,-0.04099752241789362,-0.02442888349751654,-0.007141826171517762,-0.014420407489052822,-0.010630144103478512,-0.02169474790209197,-0.0074779352574007585,-0.058061795292011,4.1370844213795e-05,-0.02484066548994268,-0.016680988764926685,0.0017505783177840795,-0.022319507397293326,-0.008735945775879772,-5.551115123125783e-17,0.0,0.044092226411619306,0.004392388028394756,-0.07309720568747674,0.0,0.0,0.0,0.0,0.0,0.0,0.0,-0.04338391985882961,0.0,-0.03505851701615126,-9.095216493443248e-05,0.0,-0.00016666156575195767,-0.06955818530290525,-0.03606859531347889,-0.03172850055070797,0.0,1.1102230246251565e-16,0.0,-0.013839426794378662,0.0,-0.013899595289202538,-0.042092527459261286,-0.04184881667707968,0.0,-0.0005329746626117626,8.991224345178406e-05,0.0,-0.02451545627538876
-0.003457642202544353,-0.00821626437174311,-0.001788628045460816,-3.4167707187005014e-05,0.005741730188111915,-0.03314690572658113,-0.009599256362349096,0.003707363506152195,-0.0020448632680354906,0.0045171182249939545,-0.014336088992382257,-0.020642101684240743,0.0003242777244613637,0.000113427667878363,-0.005237678792418599,0.014755987353643363,0.009544825752355324,0.0,-0.010042551950909029,-0.016143442220769633,0.014111150661957561,-0.002973546971482721,-0.015582910734509514,-0.0032138745143742153,-0.0008139965988456788,-0.01730595367662202,-0.020658490434027343,0.006719549459131835,-0.01982502296792321,0.006839516711085791,-0.01568105349931881,-0.02334523538099753,0.0008891617909686511,-0.026218413404797136,-0.01708355741044404,0.022729309438724254,6.895009716201272e-05,-0.010021936394168651,-0.02870168416401575,-0.02226304804642537,-0.03752156020590974,-0.04065244721586608,0.0,0.0,0.01586965701629023,-0.019264787417448026,-0.047405256886718594,0.0,0.0,0.0,-0.0006996847354190372,0.00029078469413079677,-0.0004125376563411387,0.0,-0.033882866462870254,0.0,-0.031240348009735963,-0.006168012188053185,0.0,-0.005789241216637875,-0.048135293621758335,-0.029435523469564406,-0.03156941177721628,0.0,-0.002201406520455418,-0.008744011429590581,-0.015894585746529133,-0.006757723398113369,-0.020569834357331063,-0.037487387602299416,-0.03543762535103362,-0.014994558942696745,-0.01081450525939126,-0.018781163921867516,0.0,-0.03346301686713965
0.0,0.00997179084966604,0.0434809693186094,-0.0011871684906113456,0.0011089265833789663,-0.02350521188149146,0.006020757211334327,0.0515167162308125,0.015412178896918871,0.002504052280361768,0.03168702183956873,0.003601660202153134,-0.004722172388874457,0.02307532114770655,-1.1102230246251565e-16,-0.0001353148694814843,-0.008523370141131803,-0.010042551950909029,0.0,0.0002877837501192859,-0.007888284825651237,0.008490689560645026,0.08940674285137501,-0.01940753220364716,-0.008967037710142511,-0.013847102261174027,0.0041963916683478986,0.002861030506819351,0.0011157658491867672,0.009695300699610943,0.005882935879491291,0.0015255838312462355,-0.01677656805049088,9.854730733999117e-05,-0.007544500500039519,0.00695058468827886,0.0025462614227271807,0.011272150633172995,-0.023655292665571315,-6.662244410232665e-05,-0.038561263161452475,0.0059981074582836635,-0.00011323961353543188,-0.007634211987439521,-0.0005413713805336173,0.0,0.0,0.1041421714912143,-5.551115123125783e-17,-0.015618053669126775,-0.02631800939695217,-0.0016548783948052703,0.00793426685327403,0.02566084317226547,-9.300685352786608e-05,0.096626350925818,-0.011158455124262612,0.009709458403565185,0.00025061117048941206,2.220446049250313e-16,0.0,0.0,0.0,0.06124284324784679,7.739702054215813e-05,0.0,0.00011743290026583475,0.0011749177661714016,0.0,0.0,-5.551115123125783e-17,-0.020436797113248084,0.005768827460529313,-0.000930550282159659,0.00026683073711142313,-0.019276921803503932
0.004120514335580472,-0.021179091027480335,-0.007661161952412787,-0.1112552886599642,-0.009997118077613665,-0.023147096752319074,-0.014469707176712365,-0.03561008460784054,-0.013774450234717461,-0.007100793878046241,-5.4076715831019584e-05,0.006784937286404058,-0.009324877955235567,-0.015467232876756332,0.027128243139046826,-0.013299161147746541,-0.005448040020605727,-0.016143442220769633,0.0002877837501192859,0.0,-0.029225040165323457,0.023809875948074488,0.029136172303608654,-0.051442578239903336,-0.027337203751410577,-0.004841252200778801,-0.0153935310000205,0.011633902368952731,0.006352725774635304,0.029658381924883237,-0.007307915774189155,-0.021872039403219967,-0.018198617213467827,-0.022410327971214672,-0.02391535014425067,-0.021258454474933852,-0.028511297924117163,0.04300091815533963,-0.014588841770314276,-0.014049547429733411,-0.02892144480243658,-0.012702895161341377,-0.005081716713168316,-0.024847773955125718,-1.2146436181137421e-05,0.0009049118355718977,-0.025965518926860276,-0.00862929901904358,0.0,0.0,-0.019808286219082205,-0.011223876201669036,-0.010486229660067514,-0.010159524426926525,0.000551977760608835,1.1102230246251565e-16,-0.012128745696955046,-0.0014631648266696384,-1.1102230246251565e-16,-0.013822191348765167,-0.004731958976843642,-2.3733402613468346e-05,-0.0062594491007552655,0.0,-0.019178346786605183,-0.027137139629373364,-0.01589087732252481,-0.02449370360603842,0.0,-0.00989722297118173,-0.015738332548076384,-0.028396406267819974,-0.021299243809509982,-0.037147596028271834,-0.0008090102014173817,-0.032296280099363806
0.02031504711311466,-0.03354044270768336,-0.029270456734021066,-0.00023589826095954392,-0.016114462545814334,-0.0469118518064498,-0.016777079930510475,-0.020983093531863783,-0.007555231896052783,0.016303396535230885,-0.002123872507649671,-0.018777972118181274,-0.022284879890366205,0.007053134164868524,-0.021715722070331345,-0.014166577469502784,0.015213365023156233,0.014111150661957561,-0.007888284825651237,-0.029225040165323457,0.0,-0.00835708281439862,-0.001383757390690965,0.02861632775536077,-0.005900094241364617,-0.006086391125350865,-0.02053696735771926,-0.00812327089991477,-0.03750867950764597,-0.0012286255919121691,-0.005237345011519179,-0.019220693324153493,-0.031156367380091532,-0.013898750954028372,-0.014437111187342755,-0.024661160264917492,-0.003944319259177986,0.012621794691029087,-0.00683499018678857,-0.006580650850671443,-0.015363779001736022,-0.002435339224015509,-0.08112577484152494,0.0,0.0,-0.052067881163051666,-0.0067259174350663975,0.048532817571785514,0.0,0.0,-0.019204131981833794,-0.0041116437128159156,-0.006708124174279462,0.011487896530495978,-0.0013295086672545642,0.0,0.007923142100275449,0.009395813688568011,5.551115123125783e-17,0.016437574800737542,-0.016396160381480895,0.0,-0.03226717289907444,0.0,0.003286104448103788,-0.0355309356358986,0.01570152920487261,-0.016255494690313343,0.002616258599741794,-0.06493086145852411,0.0017183875860392606,-0.013911768248141554,-0.014821320896045986,-0.03153159303287045,0.01608457118938833,0.0075520309120027385
-0.02734817640103554,-0.011425888662243477,0.005686436149961671,-0.008769936426622105,-0.02439302763944262,-0.019941125645439428,-0.022366394269058676,-0.03362253858516712,-0.00938629323139445,-0.010343922866770439,0.0022474817493715604,-0.022399080564877938,-0.020198237166048683,-0.004783905050377346,0.02403439848296407,0.014746351897140964,-0.01592706980577635,-0.002973546971482721,0.008490689560645026,0.023809875948074488,-0.00835708281439862,0.0,0.006347901160842606,0.014444596336946447,-0.012103856398522794,-0.001519799988047299,-0.011341093368204769,6.920105685542799e-05,-0.016216021781890355,0.0038244915365497345,-0.00043113463956012676,-0.009604647047798731,-0.007943012296065588,-0.009768731733240277,-0.0059096980631996865,0.002764572782911867,0.013912689438248194,0.011483975978416328,-0.006117561200470467,-0.0010591932174738306,-0.023393887270261593,-0.008375581819004496,0.002111305842315725,0.0004169687958452406,0.00017349115683840122,-0.011773040492677356,-0.01755688788971066,-0.007730207052295601,6.291737574382061e-06,-4.47207144442241e-05,-0.02499958761031129,-0.015259805684347538,0.023354795779353843,-0.0013430897079013682,-0.012896837100312808,0.0,0.0005047062426267734,-0.005701130887820427,0.0,0.0007943101687148957,-0.03621141534108108,-0.003158637870212866,-0.03275115033755105,0.0,-0.00595601578481747,-0.024426914100282526,-0.0097923798426518,0.005904435331907543,-0.019158050662619053,-0.0506163584104779,-0.005114027453844816,-0.01316602156929092,-0.012057419443431694,-0.029731746146130944,-0.008501989637340224,-0.01339895726954976
-0.017968463069196694,-0.03991611128316497,0.050230557927240516,-0.02157579129017395,-0.02087800346487484,-0.05506556262567869,-0.02359266795436593,-0.0005638336910408492,-0.01081689797139812,-0.027479669962483966,0.040976291801017695,-0.04464597525500491,-0.02247082661667793,0.029999644262879377,0.020235092654140363,-0.031065989005421624,-0.004878301337181201,-0.015582910734509514,0.08940674285137501,0.029136172303608654,-0.001383757390690965,0.006347901160842606,0.0,0.006766363102211459,-0.03395859658806977,-0.032504969217355906,-0.0030560861459532074,-0.0171968352255914,-0.029544088457910622,-0.009616803429852216,-0.01643289187884961,-0.03184559146441085,-0.027605436064534916,-0.02591901869072394,-0.03137363875418819,-0.004290666129616538,-0.02545204067500073,-0.022143275880687707,-0.030871556424217406,-0.001974258237987081,-0.028353562584768288,-0.02072976916801672,-0.013581574404465224,-0.02122499081620738,-0.009229177445668701,-0.018015646870626956,-0.021865515346726372,0.031197618352936662,-0.0041180120640486595,-0.040781935233847044,-0.052035554210039636,-0.03576185587822217,-0.017524458244277175,-0.01739686071267499,-0.0264878431509743,0.042868244728434424,0.0020501135582821073,-0.02754696082988456,0.002442767845591942,-0.010551706193570654,0.004191963793322373,5.773412661957966e-05,-0.003881304091595983,0.028080453223064183,-0.016352513012704795,-0.022803220749824826,-0.010072261632991353,-0.028835052298124608,0.00022249582909289467,-0.008122491467869808,-0.01868820182626818,-0.0379801837629169,-0.0215589816468853,-0.03762661536891865,-0.02322103567523498,-0.026453041683113687
0.0417885790328934,-0.01859436967337147,0.004786343410936644,0.007702985012368879,-0.01368505930919639,-0.003862469336902541,-0.00322219229275994,0.008467358032181904,-0.006622236331309095,-0.00683100539639081,-0.04655401668962117,0.01747731616531273,-0.005950906889521823,0.027397803455074754,0.03642525408709768,0.0048906558862633065,-0.02802067688574572,-0.0032138745143742153,-0.01940753220364716,-0.051442578239903336,0.02861632775536077,0.014444596336946447,0.006766363102211459,0.0,-0.009650090697295832,-0.008882116423628184,0.011356509310758656,-0.004830783400233185,-0.02873277434493765,-0.010579284186853555,-0.0072636199673184465,-0.005706896506631365,0.013368603470593377,0.0014530061478071343,-0.027449128669669365,-0.0035875182929645533,-0.008218330037129074,-0.009520148931938838,-0.013930088067934165,-0.03595475118764979,-0.01929738398918951,0.020704230570725735,0.0067077679837651005,0.0027045292907586505,-0.05513096493977876,0.009565308454142774,-0.03139800166468165,0.0,-5.551115123125783e-17,-0.00022803922312697456,-0.005221403247825218,-0.00019540729046219063,-1.6653345369377348e-16,0.00040623233950209947,-0.024819503218525774,0.0002988469624094492,0.00687352627420762,-0.002489137693436616,0.0,-0.0008307676928838159,-0.04495955139378999,-0.05697084500609878,-0.04075488871976518,2.7789448287962593e-05,-0.000500277786872172,-0.007699051157678827,-0.012763579686722204,-0.0007089010285902253,0.020905595505337937,-0.042109350796633915,-0.033286817807369196,-0.004838516397957349,-0.01584951518445582,0.003253714528438034,0.0,-0.028656395421346015
-0.0066075708985939285,-0.002826584573247748,0.019472974640502183,0.0005203308688855879,-0.02372571396175971,-0.040770013443250264,-0.023687646546618146,-0.010168780886318729,-0.03470371791470894,-0.011458420397921165,-0.013715088989231572,-0.026820816366037503,-0.01829632320276625,-0.021606762967106674,-0.023507816997023034,-0.00965183025351729,-0.0017905266114627283,-0.0008139965988456788,-0.008967037710142511,-0.027337203751410577,-0.005900094241364617,-0.012103856398522794,-0.03395859658806977,-0.009650090697295832,0.0,-0.01023003891344959,-0.04086963672556432,0.006708354410330242,-0.04364767260651892,0.009225356450255795,-0.014503147726121601,-0.026372107400845946,-0.010028022833191597,-0.031037163690361802,-0.024230484098853533,0.008699675344872038,0.00218516673120156,-0.028854139033057336,-0.0257785191640581,-0.013250411566271103,-0.03495087245255929,-0.03720644616620683,0.00019763571338254904,-5.551115123125783e-17,-0.035205482439875424,-0.02234217494116192,-0.0357720090842909,5.551115123125783e-17,0.0,2.220446049250313e-16,-0.014901480677705414,-0.0011740604493543638,-0.009405051546718224,0.0005051777669372592,-0.03043254470606699,-0.00034817519232627214,-0.022985478808711435,-0.015859123990294266,0.0,0.011549721791095535,-0.04520820630784872,-0.026072787236232187,-0.030535855104895704,0.0,-0.014546679678954899,-0.008691157856513865,-0.029016989711251828,-0.025762703406316312,0.0007271221189003585,-0.0348834625560146,-0.030135993257085048,-0.012055304551776114,-0.027113742406205066,-0.015965757855923635,0.0,-0.023423889483008276
-0.01191436625081932,-0.01546905172027524,-0.006152407332984999,-0.00642524746246953,-0.012858544608069011,-0.020467784948133116,-0.019040822347728192,-0.023574864544833873,-0.03191719591422837,-0.00010581604658455035,-0.019911313606062853,0.0022571518148741254,-0.007026763188479335,-0.0007155582040168085,0.008992511764382372,-0.018444202658885078,-0.020129145642872992,-0.01730595367662202,-0.013847102261174027,-0.004841252200778801,-0.006086391125350865,-0.001519799988047299,-0.032504969217355906,-0.008882116423628184,-0.01023003891344959,0.0,-0.022053886711406567,-0.004504851385722153,-0.03812257968965227,0.00224826032609321,-0.011914819143209854,-0.008720714385120454,-0.013447596138197793,-0.020715470591498364,-0.012994536168523252,-0.02231304738289769,-0.006409740662317309,-0.034861280478700296,-0.01377473361560605,-0.02618074078625543,-0.03974379082301055,-0.03505611880329723,0.01263102894258622,-4.839158951713829e-05,-0.04657305098689374,-0.02367519444699029,-0.026160917701478326,-0.0010949251469056231,0.0,-4.226025417525259e-05,-0.005451343118972607,0.00012109541260058032,0.00020348860380386968,-0.014535666885711063,-0.03652516945891926,0.0,-0.02937853772922816,0.00327613967357937,0.0,0.02008312258438849,-0.047054181021948305,-0.02746471924804622,-0.037784846504169134,0.0,0.01022200231411563,-0.0004827605931482237,0.0008286710901093675,0.004801538115459525,-0.010093102738881532,-0.04012083836662922,-0.024544749457450443,0.00054528039045737,-0.014866640361603845,-0.008426280499810257,-0.00045072661646738954,-0.035533819264938926
