0.0,0.03944623312757495,0.04520950782803729,0.0,0.012611564497939043,0.021540250704931152,0.0314376366810723,0.026423598416849492,0.02841862967619263,0.05682027772018411,0.01704539542616329,0.04804401671826175,0.036768846234144725,0.02576816506088775,0.01961523054881925,0.03107227086214026,0.01255942436693852,0.022061469621329932,0.0,0.011957953744811844,0.024530573762427677,0.036441856231019754,0.0311582837414503,0.05665276459735019,0.029868015600303666,0.01321502608811298,0.010229414240218226,0.03498526031356375,0.07081222176267399,0.024134061572562093,0.025495635695744312,0.02433716729662816,0.007957994914610966,0.028332837715389914,0.03847704265260443,0.018757510819908285,0.00040709607377809043,0.049924795473952455,0.020107441963566064,0.038240387212446714,0.036582477120652324,0.006320123480894335,-3.0215887156237464e-06,0.0,0.02198254373841918,0.02437004177095664,0.028741143742578634,0.0,0.0,0.0,0.02911108983202304,1.1102230246251565e-16,0.029363899630065304,0.0,0.07824249887014695,0.0,0.06861087847380959,0.015912712721372624,0.0,0.030774781935346218,0.02901672545115591,0.01840520396404538,0.02743752684218581,0.0,0.07117016082131994,-0.031936239548875534,0.0440294993625755,0.07446617439420272,0.06220966327526761,0.02179977188968235,0.03844157127615849,0.03998133408515059,-0.00019709093838515823,0.029996627257102115,0.0,0.025277212875554178
0.03944623312757495,0.0,0.03592123167661471,6.0237913081517824e-06,0.0691419985881056,0.06913398434784473,0.06562085463505507,0.04939106830361378,0.05927607605458224,0.03268183584533901,0.021174754597138135,0.021727683612808857,0.07753633320974862,0.009920902952261612,0.04126691024045376,0.02339302937826787,0.04473180464555371,0.008906249625710738,0.012192522167976616,0.0348109256809524,0.05244538427128298,0.008281619009738839,0.053725933848472185,0.02385071695572344,0.00022762768832268465,0.019433285696536906,0.044947096943122766,0.06984465826559566,0.059988529099959886,0.03145970564923445,0.05499361703227151,0.030726746037704977,0.026862548747062065,0.059748801222684056,0.05276359689579996,0.04623146090784419,-0.0010828015901439558,0.0,0.015000843845477452,0.024078410451317422,0.021097159854765457,0.02543726160462456,0.005397703506200391,0.0,2.220446049250313e-16,0.040428056122488676,0.025382068240775157,-5.235533591052555e-06,0.0,0.0,0.036097204662640214,0.03158018919896405,0.01935975788011307,0.012592993332041447,-0.003950961249165608,0.0,0.017962037058403435,0.03283497003814284,0.0,0.019423733056360026,0.030425572284060065,0.0359246945616985,0.041299658233435343,0.0,0.036086951768671605,0.028759077658701837,0.02366775610246541,0.039702533361496595,0.05551581692941826,0.035096928982792486,0.03408560346153511,0.03892829410093168,0.01891960827843142,0.03693361760099556,-1.1102230246251565e-16,0.019591553279562524
0.04520950782803729,0.03592123167661471,0.0,0.0038120122311001148,0.025262816444161063,0.05255941633369143,0.01814545951045765,0.025612030704563082,0.02249077414379208,0.024602783266821637,0.02310756439355599,0.03927135889537048,0.01687861746543856,0.034284639420817054,0.023200542063732232,0.04282228278723538,0.028799383758875363,0.027406521074061663,0.021658734432467852,0.04988936177025988,0.050570525116174436,0.04255374026359493,0.04889645488612093,0.03888596508856956,0.03381717223056313,0.03548263352891662,0.03250524385499076,0.005365391033291422,0.022906513298846243,0.056523591115959504,0.021843074173544474,0.014135195987013793,0.016751161195980357,0.007983235144905398,-0.008847039138138335,0.03838906144102067,0.013074466886827119,0.03860375797402382,0.029370426557729812,6.188345447188937e-08,0.029595385420740805,0.03688462282583632,0.03137053603419915,0.01215808584053879,0.0,0.0,-3.388420676275761e-05,-0.027194572207798806,-6.786569022310118e-07,0.015725527670133133,0.004624333914682643,-0.012563207126378484,0.021128402180908945,0.052434167220509975,0.0006053876802478153,0.12252410104035427,0.02982669191630344,0.04231671719065633,0.04636252904508731,-0.00012987339275694065,0.0,0.0,0.0,0.25063135124859715,0.008612770453665819,-0.0034478165331711663,-0.00024108927493415866,0.0322629022617652,0.0,7.100988135350095e-05,0.023522164135607926,0.006472645178659753,0.047891281860281465,0.056762105767703186,0.006461152238747103,0.057579285882364495
0.0,6.0237913081517824e-06,0.0038120122311001148,0.0,-0.02643799004085695,0.029915585405606293,-0.01046356527513631,-0.12048015114343402,0.02095814582590938,-0.04863446084586934,0.05326964264467243,-0.013291407521335064,0.02365273696834752,-0.0904035648558825,0.057328361179006915,0.00041801534493335346,0.013001520883214546,-3.090392483751092e-06,0.03169163151332566,0.05721840062484834,0.00032182999230012665,0.048492717430064336,0.04993195064519257,0.010989236065686692,0.0004374408138964059,0.02765275319774857,0.057615643700262675,0.010446350136596338,0.049317222736998234,-0.013924235726218315,-0.0005766135264027028,0.024979255193832206,0.15927249183829595,0.07035553373656328,0.06670702976972825,-0.031071664842493046,-0.009948250199282749,0.02692382101622176,0.011299755069887452,0.00012248702515854637,0.009815165603794529,0.009615970685473096,-0.025923679582909975,0.002503479241693529,0.0,0.0,0.0,-0.0005956543158913141,0.0,0.0,0.010968951826467732,2.220446049250313e-16,7.072774714844687e-06,-0.00015253873244980287,5.551115123125783e-17,0.003872725719818171,0.00890460297446738,-0.0003040787668235345,0.0,0.0,0.0,0.0,0.0,0.0,0.0,0.0,6.236060043351976e-06,0.03408122250922979,0.0,0.0,0.0,0.028729250835548337,0.0012657782060214728,-0.0012598308307706918,0.0,0.0
0.012611564497939043,0.0691419985881056,0.025262816444161063,-0.02643799004085695,0.0,0.04202008542887836,0.033323472629548156,0.022203558521500133,0.03187470005581755,0.03087676514483606,0.04630492351935622,-0.003677371683866726,0.054499994801210205,0.00041180435985394004,0.01246626253389349,0.06580073790226504,0.029042847158826324,0.03257856518732971,0.0257867364764805,0.03182950191258044,0.028907257916135354,0.04280377643350841,0.026460925730911133,0.04761560644346957,0.07814071638840486,0.027028054537346136,0.016586202954545937,0.011110680938205386,0.02449953681975159,0.04132714368068563,0.034311923913057374,0.033134620290791506,0.0390347638370821,0.03280579772748238,0.017002791090980685,-0.01665653949563331,0.007653248146791081,0.01011233808868306,-0.002939834433228816,-0.0054907988686164755,0.027782993833828096,-0.02810195635796453,0.020748138908629477,-0.04039071382672327,1.9991309910039057e-05,1.1102230246251565e-16,0.009069530363781886,0.02068432446827173,0.0,0.042142104086905996,0.029577790677429605,0.04247410703173082,0.020114262881282985,0.015571525542354636,5.551115123125783e-17,0.043543856475193765,0.02046745938400235,0.04218343662038765,0.04756710008114612,0.007732161977952345,-2.3705913000382495e-05,0.0,-5.551115123125783e-17,0.052664029147500846,0.016337854589240364,0.00016162766581145904,0.009457415378975487,0.005472908658854414,0.0,1.984058267068267e-06,0.0053116538323254026,0.0021509608642431566,0.04512871620033482,0.031615186426866504,1.1102230246251565e-16,0.04820091483434186
0.021540250704931152,0.06913398434784473,0.05255941633369143,0.029915585405606293,0.04202008542887836,0.0,0.027038350404889167,0.012490424456859661,0.02289540935902895,0.027632243987601113,0.044226978915599735,0.02864930838828944,0.04729450855417211,0.003235663184187665,0.05499751809778053,0.06699931247457941,0.037848064816235705,0.0663436103466406,0.018104130895949033,0.04678954091836163,0.0018654416515779815,0.04384374560647136,0.032080948836312795,0.021767463612170357,0.08193139742051547,0.06591489504348025,0.04276334051317898,0.04563291642904005,0.01753410518418358,0.044778643346006675,0.033913003039412026,0.026676785267523484,0.037676069952085334,0.029828668075845277,0.026454715030665876,0.039582127817924695,0.037886120055190986,0.04087365902186235,0.05643696546714938,0.040450696825473864,0.06930583023679793,0.07354813379689268,0.02927737478938236,0.04846325980199151,0.04146910950984978,0.02635375767703918,0.04197395144540872,0.029004021342223796,0.017050951274729442,-0.020037759707019487,0.01914459472075225,0.0312624110234031,0.01720438676652236,0.03767898936045033,0.03381175292263211,0.014874106891453964,0.016380477321266684,0.047360989586859636,0.020273920688000213,0.04525860720299879,0.027961238029148128,0.0,0.037688716354283835,0.03830657950014793,0.04294061494609874,0.05615892269882533,0.020046781234039857,0.027279620407049232,5.243441037416918e-06,0.037206040719796774,0.06501721332551325,0.02258600682822487,0.05358470049069064,0.049669883354099,0.02664417565022592,0.05511229697079223
0.0314376366810723,0.06562085463505507,0.01814545951045765,-0.01046356527513631,0.033323472629548156,0.027038350404889167,0.0,0.03734789467778682,0.0410596716568804,0.005487125423808359,0.054121524301705026,0.016868018026199805,0.05827449982492555,0.005404036507116294,0.033733333903763874,0.0652644422099809,0.048906032447306846,0.04858959534562496,0.03931199641483557,0.04388189065909609,0.046528048785246356,0.05563840996574215,0.03341801138247502,0.03572726963192574,0.06523999903694044,0.09078561703455856,0.019444063349384477,0.005776336532193949,0.03737105012819003,0.0460129749128092,0.032258913503104114,0.043797812847480744,0.041989337020506834,0.025171336073646744,-0.01092325105847447,-0.009291955218203585,0.0008394066473644268,0.03497732587697805,0.05055566406399875,0.0025561524214808284,-0.047333920750598835,-0.0061794165052644345,-0.03270785200328302,0.042319829298545886,0.057435518655211126,0.0,0.03420972382588028,0.042478342952101844,0.0,0.035292777180328194,0.08441292724379446,0.05389353541840036,0.03967576342072049,0.044825883210693696,0.020269017155471136,0.04561523282338076,0.004452672359772036,0.061475358668838465,0.0027462272314796032,0.037622463434055564,0.026516031858891953,0.0,4.289684770730773e-06,0.04309619870293535,0.03842208502706518,0.013035578512975543,0.030632968798720683,0.02782330931662247,9.533788931537224e-06,0.023296430546333013,0.034380563024315525,0.027999060695472866,0.05055801792690212,0.05793707699336764,0.015622690452129162,0.04328833666707177
0.026423598416849492,0.04939106830361378,0.025612030704563082,-0.12048015114343402,0.022203558521500133,0.012490424456859661,0.03734789467778682,0.0,0.018011415506731743,0.003081307587513793,0.06639221175530857,0.03976975008887068,0.04321189574262946,-0.016526152022513896,-0.021514944033452776,0.050556566412157666,0.01192342085118786,0.03193673291200616,0.0848201709535294,0.03223293689321699,-0.01030737513646457,0.019251252249879447,0.03338888658079797,0.030832628595447442,0.020227999796378016,0.02528068843153841,0.02866185889909234,0.04134733553601877,0.04050167781546932,0.04922816351851389,0.03668415025203259,-0.04148563399962951,-0.0977420939562057,0.03148389540607577,0.03389827463412126,-0.029455839608915013,-0.017137798709907948,0.046931212815098045,0.032212566892443395,0.036900236545539145,0.06371945637274978,0.027056862749188726,-0.05555576021425074,0.021397914628882297,0.0,0.07115335727565086,0.03349265817027114,0.058028698638475595,0.0,-0.006562774048989972,0.03913692278979858,0.0006389693384191708,0.004085559584520004,0.044749694432662857,-1.2415629218553992e-05,0.024804375145004165,0.00012633925914512512,0.04717224118448771,0.030941505613089004,0.03818242331446253,0.011266678676282171,0.0,-0.00017625936486609373,0.07437959091040902,0.027056146077124144,0.030489012909830637,0.04705274816207977,0.029025946012719128,-5.551115123125783e-17,0.02961553237006248,0.033393089795895003,0.023457270196928337,0.06262744910388163,0.04066023638045724,0.035986246137185096,0.06295093480631564
0.02841862967619263,0.05927607605458224,0.02249077414379208,0.02095814582590938,0.03187470005581755,0.02289540935902895,0.0410596716568804,0.018011415506731743,0.0,0.038137405599870944,0.03601689705948985,0.05022142759257259,0.022369497545165595,0.02732397947206383,0.020542353357355658,0.06479764015536188,0.0411203935638596,0.01605901049046149,0.028398378515927414,0.019368460099039086,0.04303764825647327,0.027135290148637026,0.023813549388580768,0.0390553026179436,0.02908527741255318,0.027968520701329047,0.034791185776752054,0.013399888281737937,0.0023197881896873107,-0.006152168782480427,0.02808692765710219,0.02485953840987004,0.06596200428268612,0.019787292757374786,0.02070671565254556,0.043836841382066616,0.025490215399980032,0.052098881678715625,0.023706506862351318,-0.008234559363576255,0.04748842362373801,0.0453788240870871,0.020529283927223196,0.024371791894118477,0.02780259915442762,-5.551115123125783e-17,0.030692292637996277,0.010049766598889232,3.260299579754822e-07,0.007144863554167991,0.01972396630543094,0.01096695346133525,-0.0040361567915567775,0.03766801474582482,0.008648720228838502,0.05306087369571755,0.03012504611341188,0.04895546975642917,0.03129102453639532,0.02066674377238603,0.011741596596806958,0.0,0.0,0.06445884152302839,0.019474353873053962,-0.002303944203306152,0.01782402884941836,0.005028063707118946,4.012555948451624e-06,0.01159240410864354,0.04551383397120601,-0.015400172710526072,0.06721899931491093,0.03230168527670835,0.023690363493615085,0.0495130190533396
0.05682027772018411,0.03268183584533901,0.024602783266821637,-0.04863446084586934,0.03087676514483606,0.027632243987601113,0.005487125423808359,0.003081307587513793,0.038137405599870944,0.0,0.03478806818035379,0.052534829127004745,0.0238883568342938,-0.12993170948534535,-0.0004038637287052671,0.029772660121204775,0.033487830022125575,0.044708846518220546,0.03362915524517923,0.03287313946813286,0.05275441787663554,0.01946140441742822,0.027773472727021797,0.06945242351872644,0.03021592112565663,0.05454639902596958,0.026929051103955937,0.012049700418669929,0.042145642846313947,0.0058976176240024825,0.011492826531202538,0.01565254300528085,0.023223881406183755,-0.023479154066589458,-0.02308006573588617,0.010827606179791893,0.007855905093770266,0.021115621092881676,-0.015027045488890167,0.0029157067946897763,0.029495055253740576,-0.031085699394318933,-0.06410847312960127,0.0073757996588733055,0.04117534064736594,0.060900878697316585,0.007993809139400121,3.562153195801887e-05,1.851243266404179e-06,0.00042156352589034496,0.03186192411480754,0.023075939346110186,0.003025906041320303,-0.00469377570696089,0.05842668760631309,0.017651419125126466,0.06578796496776468,0.038942138585724706,0.0,0.0003359466425243429,-0.0009354907757683217,0.02251142215674462,0.0080170474339607,-6.085133627542483e-07,9.88680447300272e-06,0.040356816816134344,-0.00466591515690834,0.041448793289648345,0.06568922738069433,0.011916317548431477,0.044444190010134554,0.011920520542191948,0.04405051302774171,0.028519590996120725,-5.551115123125783e-17,0.04423845056530701
0.01704539542616329,0.021174754597138135,0.02310756439355599,0.05326964264467243,0.04630492351935622,0.044226978915599735,0.054121524301705026,0.06639221175530857,0.03601689705948985,0.03478806818035379,0.0,0.03421513820567906,0.052119714540414086,0.0036433839445381144,0.0,9.481060018745602e-05,0.03581638912535279,0.033001496603744684,0.032815061256627864,-5.073808177541439e-05,0.04075033623303459,0.00935884881584953,0.02145350213337399,0.022529880944938407,0.029439111505766336,0.03710938041011669,0.051980750949366106,0.04421222268474717,0.016717491589615607,0.01852750855978763,0.05154560082869497,0.03974750522550058,0.038955883532274416,0.03654415983249859,0.037600868873232385,0.04107149515436914,0.05762863473938479,0.031154203866741448,0.04733460946420448,0.0016652739043442888,0.0475609104487259,0.03600407260507993,0.055350775027270205,0.008451047180295157,0.009494904470720267,0.0,1.1102230246251565e-16,0.11680201593214423,6.31317240151752e-08,0.05839872312094513,0.023342962879853768,0.026625997139318014,0.06613839097488367,0.0950087297718053,0.029959548486033105,0.11434838215172921,0.01678397261659037,0.058224925334653455,0.08240096214905246,5.551115123125783e-17,0.0,0.0,0.0,0.07648620193169897,0.006241206319680004,0.0,-0.00010123490591262829,0.06267706922432903,5.551115123125783e-17,0.0,7.885210868335824e-05,0.047717775283620645,0.055719904554978994,0.019100178670379164,0.0,0.05893479711330246
0.04804401671826175,0.021727683612808857,0.03927135889537048,-0.013291407521335064,-0.003677371683866726,0.02864930838828944,0.016868018026199805,0.03976975008887068,0.05022142759257259,0.052534829127004745,0.03421513820567906,0.0,0.027858948812792883,0.04353299352582102,0.023469584730226922,0.02278949316396922,0.034888483635460654,0.03275661106259875,0.04866404339333946,0.009897734436683792,0.047439917064337866,0.017425951759414637,0.047257789100827396,0.041855299285493974,0.02647756531874107,0.040957028001731344,0.030067232696927293,0.028817870929906175,0.038158944552847296,0.05886467327226552,-0.003502307172825403,-0.0011264463091293364,-0.03636875027448727,-0.028282341424425345,-0.009064114346523433,0.055553764568589126,0.006153764544320484,-0.030736405464215327,-0.03262697532929543,-0.023634698908800933,0.03522263891517535,0.05947458413676354,0.02255109429312957,0.024417929656077975,0.0032388607535335234,0.06867771846994836,0.008436276431459555,0.00662665245792432,0.007063237819062901,-0.0005519523315414276,0.032647552994492735,0.04044440690918166,-8.36699818304587e-05,0.021397997279966496,0.04493173377396831,0.008058003751784892,0.06334240166011162,0.04636601229064419,-3.9888008390165375e-06,-5.248973653837474e-06,0.010665796363446778,0.006239102338265967,-0.015163648380810635,0.015276559880116558,0.005716572206855897,0.014855157398887042,0.01025187509945602,0.031038857386618268,0.06273356900958788,0.00010988956068563871,0.03872884882226535,0.027463875546119343,0.04625300374147445,0.0067697563623576595,0.0,0.021550917126983204
0.036768846234144725,0.07753633320974862,0.01687861746543856,0.02365273696834752,0.054499994801210205,0.04729450855417211,0.05827449982492555,0.04321189574262946,0.022369497545165595,0.0238883568342938,0.052119714540414086,0.027858948812792883,0.0,0.05418891504393919,0.08318548486736821,0.07922803019226343,0.020500909993923844,0.06943346359778296,0.04434509520371088,0.06358330170481752,0.0386092032137092,0.07550616132618021,0.04332927200412107,0.037475838108095294,0.07552731598103585,0.06633472619894909,0.02903585703606054,0.04023459716290234,0.061538648057192114,0.07168472053783786,0.04427566550660722,0.0449993656174521,0.039311100943276056,0.035641925681779374,0.02106467254828026,0.04302210254342359,0.02628470049724202,0.0387597041039463,0.10586418234257494,0.022090120382972422,0.017107929257573762,0.004956685932081373,-0.0024725735509363855,-0.011157002034664631,0.03265669096138968,0.01509985893241017,0.033311779093985305,0.03496407999865525,0.0,0.04293035274494483,0.03924687999611853,0.05626328844875772,0.04017893034511594,0.06581911882722336,0.02601671714691478,0.024499195097123228,0.010052004230608313,0.042817095728018506,-0.007929826004672347,0.06828318101310082,0.02620900447291208,0.01333764731106507,0.025834317617560054,0.05650124376969934,0.05528133590241163,0.051571230828713566,0.03676163377989394,0.04591861024905031,0.019625280539408874,0.03734293954800605,0.03540402392243758,0.03768202398631215,0.07516714140448888,0.061411253473911076,0.03974321037054074,0.05900126418429574
0.02576816506088775,0.009920902952261612,0.034284639420817054,-0.0904035648558825,0.00041180435985394004,0.003235663184187665,0.005404036507116294,-0.016526152022513896,0.02732397947206383,-0.12993170948534535,0.0036433839445381144,0.04353299352582102,0.05418891504393919,0.0,0.07273881969650448,-0.0005215603134210434,-8.483070762121958e-06,9.755158755525573e-05,0.06283918420743395,0.06016915065719436,0.030956164767255545,0.07697280986417426,0.014575746237210918,0.04183762249574857,0.010619612303073345,0.024785225759672735,0.015998161981951253,-0.004295720472219378,0.026221124046130195,0.00988986112900525,0.04883746019162105,0.06623021377968052,0.2696035449734729,0.03248078185678299,0.22093308454399652,-0.005196891652480884,-0.012869146909663481,0.0273869355487934,0.03809348964598258,0.0,-0.008445262610520865,0.00028433520312959315,0.018451969780880928,-1.8172458926546398e-07,0.0,0.0,0.0,0.05059163165790287,0.0,0.016808612602627726,0.020532544325410795,-0.004414575521706043,0.046431864692414504,0.0067211662876695555,0.0,0.04344484034732715,-0.0002116995765925056,0.027975872521902423,0.05517341781051238,1.1102230246251565e-16,0.0,0.0,0.0,0.031592068324255373,0.0,-1.1102230246251565e-16,0.0,0.02889717620660176,0.0,0.0,5.551115123125783e-17,0.063130250898006,0.01502987675049089,1.1102230246251565e-16,0.0,5.551115123125783e-17
0.01961523054881925,0.04126691024045376,0.023200542063732232,0.057328361179006915,0.01246626253389349,0.05499751809778053,0.033733333903763874,-0.021514944033452776,0.020542353357355658,-0.0004038637287052671,0.0,0.023469584730226922,0.08318548486736821,0.07273881969650448,0.0,0.05623535676842306,0.022578340664930086,0.03599902416135453,-1.1102230246251565e-16,-0.006613428777366037,0.0010430121366638567,0.044039929892175866,0.048139758386141374,0.020262982207371605,0.030244990787975046,0.031085959477966274,0.028037353100058282,0.05003148400379559,0.049634920810230465,0.05452932432042318,0.04282146984007995,0.04027359140698722,0.04059582992269545,0.046057351468856034,0.039034435243361254,0.045537891324579305,0.020053312282331537,0.00010782588323499098,0.03613773835406542,0.024243551974680644,0.022829426258466734,0.026348162388931562,0.08733226420742934,0.006687393099828021,0.0,0.011847364225418933,0.0341663583305411,0.029032559254883572,0.0,0.0,0.04134547105851799,0.02023010708457723,0.005595120850870494,0.003544659760461144,-5.551115123125783e-17,0.0,0.007507846277578056,0.05183634422306338,-1.0348904170287554e-06,0.05713973133256012,0.049983393814033106,3.6174324083704246e-05,0.02631463510450699,0.0,0.046145177258270276,0.0222463527571784,0.03610746930173431,0.028474539792437303,-2.4302704097922678e-05,0.06666166974701049,0.028233041469629017,0.02986819627154791,0.05349515068519212,0.03898637588179066,0.03649081525058073,0.023555422747632337
0.03107227086214026,0.02339302937826787,0.04282228278723538,0.00041801534493335346,0.06580073790226504,0.06699931247457941,0.0652644422099809,0.050556566412157666,0.06479764015536188,0.029772660121204775,9.481060018745602e-05,0.02278949316396922,0.07922803019226343,-0.0005215603134210434,0.05623535676842306,0.0,0.030948534643340186,0.04513499232327106,-0.00015295288684441521,0.05467906982745785,0.05388342926154088,0.03385242402980404,0.05426929787117235,0.030678708320060866,0.029405300091048636,0.04569860778900181,0.054240101241172234,0.06935186927646642,0.057038255228643864,0.06078314677097674,0.017411861635782677,0.0275969579206366,0.02425069260960283,0.03294877476187741,0.04399692655199838,-0.012361642562111308,0.009701375113648547,0.008193885828330916,0.014824207190589855,0.02747248717632872,0.025956152156834056,0.020652514433676272,1.349418143337111e-06,0.0,0.0,0.046580647570283296,0.026985972802849867,0.0,0.0,0.0,0.027680541710808304,0.008183266015674484,0.01221957701894133,0.0,-0.0029971972627774734,0.0,0.010849698801536356,0.02527554152059791,0.0,0.049794074861404636,0.025697947648764985,-0.00025294356756733194,0.03064833980284115,0.0,0.03849208379551328,0.05035378218069192,0.03378680670270928,0.0499670674332352,0.03321535964374517,0.027816388096918554,0.04413018395959639,0.0441557904847818,0.03258310632032235,0.021822891726147042,-1.1102230246251565e-16,0.022845631165298086
0.01255942436693852,0.04473180464555371,0.028799383758875363,0.013001520883214546,0.029042847158826324,0.037848064816235705,0.048906032447306846,0.01192342085118786,0.0411203935638596,0.033487830022125575,0.03581638912535279,0.034888483635460654,0.020500909993923844,-8.483070762121958e-06,0.022578340664930086,0.030948534643340186,0.0,0.011576715243006297,0.029496393607326032,0.02311710611528095,0.0038840157702295097,0.017272726680947148,0.028856815846180828,0.04274203478254157,-0.03463015553841886,0.034896536890327234,0.024844602322869114,0.018677405288676674,0.03400809712951591,0.02927066205235679,0.01497491876310525,0.027183453271232394,0.020730660045558902,0.009841384863051139,0.018092856912045152,-0.005555603513376306,3.7419000726290896e-06,0.00803784490417353,0.00386857482495484,0.0055612898803507615,0.04309316416453518,0.0233320723578731,-5.551115123125783e-17,0.0,-0.10305517672024689,0.032691077011702874,-0.02648849131546155,0.0,0.0,0.0,0.0,0.0,0.0,0.0,0.04436607731063558,0.0,0.0446369033784636,0.0047152993136369,0.0,-1.507416483376156e-05,-0.02213077221026144,0.031166639889346148,0.019777437334848436,0.0,1.1102230246251565e-16,0.0,-0.006059830879943717,0.0,0.0326162837818576,0.013794301790341357,0.034668089715831574,0.0,0.026291240348450484,8.132360765078506e-06,0.0,0.026351620116215557
0.022061469621329932,0.008906249625710738,0.027406521074061663,-3.090392483751092e-06,0.03257856518732971,0.0663436103466406,0.04858959534562496,0.03193673291200616,0.01605901049046149,0.044708846518220546,0.033001496603744684,0.03275661106259875,0.06943346359778296,9.755158755525573e-05,0.03599902416135453,0.04513499232327106,0.011576715243006297,0.0,0.030990519628819657,0.03750858007548907,0.04288600119599961,0.02177255269954731,0.04524657118011077,0.0382242442326739,0.020874684052654024,0.03737395244431174,0.0463876933464859,0.0404046530164891,0.05349499764732374,0.039741105735265514,0.012843699365016892,0.022896461973254845,0.021484203683282133,0.026377109818439326,0.03615183399787719,0.042902060846144896,6.2363816471511235e-06,-0.01350213606746442,0.020233866890762897,0.02559245466806298,0.019573035305990027,0.021006002481466002,0.0,0.0,-0.003064529980257913,0.03382512483510325,0.010267546284707885,0.0,0.0,0.0,0.015954617327416543,2.6300823412483965e-05,-0.00038811201406907525,0.0,0.022426809946956228,0.0,0.04924166119190376,0.011939226827800464,0.0,0.05256522882008474,0.014312099068875539,0.04073859670413138,0.03475049936412933,0.0,0.02781301034259459,0.0384129658302414,0.028660233686194414,0.026475650701345554,0.043623691163683254,0.016671663409397464,0.028442022258399202,0.015331361146271816,0.014790357204038707,0.030149201065604703,0.0,0.011967617824260035
0.0,0.012192522167976616,0.021658734432467852,0.03169163151332566,0.0257867364764805,0.018104130895949033,0.03931199641483557,0.0848201709535294,0.028398378515927414,0.03362915524517923,0.032815061256627864,0.04866404339333946,0.04434509520371088,0.06283918420743395,-1.1102230246251565e-16,-0.00015295288684441521,0.029496393607326032,0.030990519628819657,0.0,0.0003489805437594251,0.009946836392857927,0.010347011361735658,0.05259435540103902,0.036837937508607366,0.03597982363494745,0.03527247969943165,0.0387804980880489,0.03468716809561695,-0.03723038805602491,0.041684025026370475,0.03723533347196306,0.04635510261316461,0.05219375140550897,0.028909103318568385,0.026719863556391,0.059639534040318354,0.05349654166600326,0.041443723574764224,0.028233636726316347,-1.7978584591238356e-05,0.01680562185721657,0.016425836249519765,0.038086080716798754,0.014713351560596388,-0.0005213968232132826,0.0,0.0,-0.0941328287774042,-5.551115123125783e-17,0.0015740289750192371,0.04627600302567547,-0.03704320322959309,0.055259438157393204,0.05122961895752387,-0.00010236540295266439,0.09860392172378818,0.03439579334973841,0.04464809220180699,0.057543489158799144,2.220446049250313e-16,0.0,0.0,0.0,0.09040432193035541,7.000386921973689e-06,0.0,0.00010421105959240728,0.03867657315005657,0.0,0.0,-5.551115123125783e-17,0.01401183024930941,0.0406400328025065,0.048561305632497775,2.4134241724094174e-05,0.04642294354350418
0.011957953744811844,0.0348109256809524,0.04988936177025988,0.05721840062484834,0.03182950191258044,0.04678954091836163,0.04388189065909609,0.03223293689321699,0.019368460099039086,0.03287313946813286,-5.073808177541439e-05,0.009897734436683792,0.06358330170481752,0.06016915065719436,-0.006613428777366037,0.05467906982745785,0.02311710611528095,0.03750858007548907,0.0003489805437594251,0.0,0.009826434737020884,0.041151509391644636,-0.011895845359524038,0.07900026102364627,0.04065150256816136,0.028729870518257372,0.033838692087031774,0.06403230122462855,0.04376481479695343,0.06701618338058635,0.04067451090090923,0.04231453894631659,0.03514531144311295,0.045935548191034625,0.03514540766452956,0.040668152345786024,0.04448321404048472,-0.024282029412280748,0.053215011423881076,0.0510855110978195,0.04703185560038636,0.0498356840940285,0.09047977929865791,0.005382138511828227,-0.00014571036896365852,0.031798354985317245,0.05671922965214543,0.03734608747057233,0.0,0.0,0.05599443814938021,0.039049004116613995,0.022549496674302616,0.025344691235209604,0.0004032449447493036,1.1102230246251565e-16,0.030882168984459613,0.05779055978865327,-1.1102230246251565e-16,0.04570802309490163,0.0497004578004957,-2.146633037103385e-06,0.035793731994553435,0.0,0.04072256708988303,0.029888588344610167,0.04151135151706015,0.03108058605569869,0.0,0.03200581063446151,0.04273370649479269,0.03462917968733109,0.04917026928850482,0.04470527866843077,0.038606179112483985,0.04723401780400266
0.024530573762427677,0.05244538427128298,0.050570525116174436,0.00032182999230012665,0.028907257916135354,0.0018654416515779815,0.046528048785246356,-0.01030737513646457,0.04303764825647327,0.05275441787663554,0.04075033623303459,0.047439917064337866,0.0386092032137092,0.030956164767255545,0.0010430121366638567,0.05388342926154088,0.0038840157702295097,0.04288600119599961,0.009946836392857927,0.009826434737020884,0.0,0.035518386262336,0.007727327360940339,0.0443054168652951,0.05097032762927983,0.02408039015265362,0.012900123085716364,0.04232667181619093,0.03249708991413891,0.05325349177237304,0.05750993571529556,0.024231815603112494,0.03515177064226216,0.0514080647396285,0.03318757774134168,0.009679040017984475,0.01735705457654485,0.0437552690465316,0.023421182239226845,-0.004034502153450803,0.006533256002957677,0.0016390170226971978,0.03498926494738386,0.0,0.0,-0.08863091018601227,0.030446796992455505,0.03022122313166714,0.0,0.0,0.0483771491092998,0.04022544650787446,-0.08853676350045558,0.0040762215685980485,0.03672015318611904,0.0,0.008812801381773427,0.03492280975069978,5.551115123125783e-17,0.01836766787877958,0.01787527713521936,0.0,0.02089862292396999,0.0,0.021127832133079394,-0.06926875935606674,0.015777527268478475,0.001974555646467979,0.002268569745716098,0.03528962029841176,0.006937536288387891,0.015808108530208975,0.0276502161305493,0.02589519058836398,0.039476713787126805,0.07721722241644535
0.036441856231019754,0.008281619009738839,0.04255374026359493,0.048492717430064336,0.04280377643350841,0.04384374560647136,0.05563840996574215,0.019251252249879447,0.027135290148637026,0.01946140441742822,0.00935884881584953,0.017425951759414637,0.07550616132618021,0.07697280986417426,0.044039929892175866,0.03385242402980404,0.017272726680947148,0.02177255269954731,0.010347011361735658,0.041151509391644636,0.035518386262336,0.0,0.06004771805144249,-0.014015342564463906,0.030344792557948697,0.031301566672949144,0.03198213761797142,0.06232557434095276,0.04540502280670761,0.07802830896477025,0.03974413846137187,0.035759095669665786,0.028547234854599868,0.05165097139329766,0.04220996398605481,0.04971908708406225,0.052963654762362145,-0.04025520220557505,0.03358637963636396,0.03758056096009471,0.03159150625837054,0.03511231532994097,0.10130043873120698,0.0014733407821032052,1.5691886030066993e-05,0.04913852992727091,0.048121421317412705,0.021798961148465912,5.690735523922186e-07,-4.648012698227344e-05,0.05169046613134509,0.030281157258581437,0.03667392325853985,0.019794444564384395,0.02029521388621447,0.0,0.01032546746463553,0.03283948941780951,0.0,0.043906782348339224,0.03498332277190608,0.013594879574959029,-0.005197801053439366,0.0,0.03671471502683449,0.04362177288633129,0.03533159934821306,0.032238256000391374,0.03349555913121732,0.03155926710017587,0.039430958238311664,0.036397721803861305,0.06548792930908098,0.03839638187259481,0.004099555075065264,0.030445438459632768
0.0311582837414503,0.053725933848472185,0.04889645488612093,0.04993195064519257,0.026460925730911133,0.032080948836312795,0.03341801138247502,0.03338888658079797,0.023813549388580768,0.027773472727021797,0.02145350213337399,0.047257789100827396,0.04332927200412107,0.014575746237210918,0.048139758386141374,0.05426929787117235,0.028856815846180828,0.04524657118011077,0.05259435540103902,-0.011895845359524038,0.007727327360940339,0.06004771805144249,0.0,0.03802604511511554,0.037289374083919025,0.028261415605524753,0.026826637862121083,0.041128481743665346,0.041271003673262474,0.04141100918217533,0.0359582263942565,0.03496538572750829,0.02810265719275229,0.03369170046778441,0.03197890325489472,0.045578279486787165,0.04744925256502036,0.06506199121046558,0.045475788927524685,0.03875157570762583,0.056532193509090334,0.0597418762872195,0.05797084879311254,0.056178115469644074,0.016743886091334037,0.05056930452059222,0.052770926359819725,0.06544105082364826,0.023447711953720807,0.021645785538436768,0.02912248465359213,0.03655735196641585,0.02470051274957219,0.04499805769412801,0.040917624802869035,0.07149665426932844,0.011485166051337203,0.051139737953894926,0.05088875908076229,0.03720726832079124,0.04746522799479691,5.221922266651635e-06,0.03891774210082016,0.08756371923296724,0.03130813768425006,0.013180418093547364,0.032969258043134,0.036738617429061926,2.0124248728159433e-05,0.04018761858853931,0.05913671989014657,0.028060053042032518,0.055129987303740635,0.035720840414925736,0.04742275950291974,0.056998711704881244
0.05665276459735019,0.02385071695572344,0.03888596508856956,0.010989236065686692,0.04761560644346957,0.021767463612170357,0.03572726963192574,0.030832628595447442,0.0390553026179436,0.06945242351872644,0.022529880944938407,0.041855299285493974,0.037475838108095294,0.04183762249574857,0.020262982207371605,0.030678708320060866,0.04274203478254157,0.0382242442326739,0.036837937508607366,0.07900026102364627,0.0443054168652951,-0.014015342564463906,0.03802604511511554,0.0,0.031923498009090945,0.04267918865898079,0.034898578659999735,0.040940350023209005,0.020443339108228875,0.007784603053066719,0.017117078402063668,0.05524700343933664,0.01599593448679687,0.033682858819575445,0.0453545035295021,0.04103558921430028,0.02761193617353963,-0.011638622580831176,0.08729410906750562,-0.07254997955063774,0.037116629928561407,0.10992940968854359,0.011992924120416026,0.002935156419063223,-0.06514296143961934,0.06441171654444822,0.03791760190484117,0.0,-5.551115123125783e-17,-2.062563628557612e-05,0.004054363775086944,-1.767415116299409e-05,-1.6653345369377348e-16,3.674280401044783e-05,0.048673756033545845,2.7030037496267312e-05,0.051829727465540376,-0.0008605461013878046,0.0,-0.00011784500033523715,0.0345288976502377,0.007028151903085367,0.03484745956428209,2.5134932716275316e-06,6.671442135114392e-05,0.01086606090853015,0.026574062786405173,-5.560240112661985e-05,0.08416597473298365,0.035882949405891984,0.042100121264101176,0.008240879816448166,0.04296484274767859,0.015172292619719363,0.0,0.030152021960240638
0.029868015600303666,0.00022762768832268465,0.03381717223056313,0.0004374408138964059,0.07814071638840486,0.08193139742051547,0.06523999903694044,0.020227999796378016,0.02908527741255318,0.03021592112565663,0.029439111505766336,0.02647756531874107,0.07552731598103585,0.010619612303073345,0.030244990787975046,0.029405300091048636,-0.03463015553841886,0.020874684052654024,0.03597982363494745,0.04065150256816136,0.05097032762927983,0.030344792557948697,0.037289374083919025,0.031923498009090945,0.0,0.032800969670494395,0.05580819387517688,0.012694978504771748,0.06524397391653203,0.0280833749111129,0.015031173603561543,0.026535672724803006,0.014209767513325589,0.01603904694198277,0.024799432982427205,0.028509937460038437,0.0024061225551377796,-0.007988446471462796,0.015904368834599225,0.024965415762375653,0.022547398069287128,0.018867978393956097,-0.015404869281612887,-5.551115123125783e-17,0.010747755028290396,0.04048653373795752,0.006004438645200338,5.551115123125783e-17,0.0,2.220446049250313e-16,0.0328006463267585,0.013667469826715795,0.04572372901438981,0.0004322646614872694,0.04136070277760606,-0.00021432524757292182,0.04798108913656052,0.04124859217322818,0.0,0.06413012401863838,0.009824342860195623,0.04275603527339433,0.029826744860128984,0.0,0.028268883166721936,0.02559668902661899,0.028860111356324603,0.04483953074440333,0.039985922600803026,0.014825154276497887,0.02797937221379021,0.03365670005459226,0.03894751246812439,0.016997116800153866,0.0,0.013044852962045939
0.01321502608811298,0.019433285696536906,0.03548263352891662,0.02765275319774857,0.027028054537346136,0.06591489504348025,0.09078561703455856,0.02528068843153841,0.027968520701329047,0.05454639902596958,0.03710938041011669,0.040957028001731344,0.06633472619894909,0.024785225759672735,0.031085959477966274,0.04569860778900181,0.034896536890327234,0.03737395244431174,0.03527247969943165,0.028729870518257372,0.02408039015265362,0.031301566672949144,0.028261415605524753,0.04267918865898079,0.032800969670494395,0.0,0.029231248652486164,0.025018150768491565,0.05621502471009354,0.055667517016815715,0.03413783822996702,0.03375011564450653,0.03815201326248063,0.040195078980261645,0.03734417407989932,0.003304123771457168,0.02126969232535114,0.004893814578308842,0.0255550855384315,0.039143905452407535,0.03213651155371622,0.03208436739335485,0.020766258829119866,9.610183480113221e-07,0.03681613476883144,0.04426534888888278,0.034769986651987494,0.01878515606065051,0.0,-3.814675054714112e-05,0.03971549892994103,0.03494404237075788,0.04003317737042983,0.012192652673286397,0.04996427511671969,0.0,0.05876398595978838,0.020007631109130564,0.0,0.022454432370010102,0.0325266132906597,0.046634441018780504,0.04023604927247726,0.0,0.03337615629894253,0.02569483348085838,0.03584566471523887,0.02832600002392316,0.04990316938999528,0.03098982918666271,0.036142170319602096,0.036586691454576714,0.04771326115013269,0.04283238603960515,0.03644477753611225,0.02714607228037924
0.010229414240218226,0.044947096943122766,0.03250524385499076,0.057615643700262675,0.016586202954545937,0.04276334051317898,0.019444063349384477,0.02866185889909234,0.034791185776752054,0.026929051103955937,0.051980750949366106,0.030067232696927293,0.02903585703606054,0.015998161981951253,0.028037353100058282,0.054240101241172234,0.024844602322869114,0.0463876933464859,0.0387804980880489,0.033838692087031774,0.012900123085716364,0.03198213761797142,0.026826637862121083,0.034898578659999735,0.05580819387517688,0.029231248652486164,0.0,0.033265791108953,0.03433475410833131,0.03530789822267055,0.03558904294528781,0.03302038194840207,0.034148783667131755,0.03195389977468566,0.027458755407946345,0.03570175862792041,0.038763531879999036,0.03897177636463944,0.046021238822700816,0.043215420664804494,0.05177467348881992,0.05748011224839533,0.03350791003572823,0.03696003087707689,0.03982781737592345,0.016242241504328125,0.041535315453676,0.010018741312087687,0.010693927737001951,0.01754462652990907,0.020291024726472928,0.03705916892557515,0.017679784763718676,0.02347273015650919,0.014705835424250246,0.03380908751811795,0.021969113938588913,0.04908295115832739,0.035482802908473166,0.04279502536351948,0.04374085034288633,-1.1102230246251565e-16,0.034628720168523364,0.058328885768771044,0.036426449758835966,0.0240039645616702,0.03931216126160725,0.026575326864825666,-5.551115123125783e-17,0.03958368711161325,0.03857332887108422,0.024105492089290803,0.04805761486428339,0.03966212439648287,0.05963884355619453,0.05069727158203985
