0.0,0.7027729416403177,0.6460449159298454,0.0,0.6589005790154576,0.11603736654970576,0.5338496144123088,0.6949048956665247,0.5524730726062939,0.6873625233401719,0.5178481817342744,0.6114233590566012,0.4629993085144157,0.8328511551594934,0.6737752070414329,0.8971257474274197,1.050598296110471,0.7713587088828893,0.0,0.7419509792088593,0.4990994156399005,0.6527237932174151,0.6529382561436773,0.4831646425116078,0.6285699473660866,0.6467269189161935,0.6444781705890492,0.5064597086761718,0.7025825367612653,0.6499471350708816,0.6640542478803804,0.5247301900827643,0.6362716198602701,0.4431611349382183,0.40891021202486066,0.8547178500508537,0.49414604399015744,0.6448027434329915,0.8002940382340317,0.975192031026151,0.9083330101058733,1.00381280159251,0.4785002391950277,0.0,0.5426821451545324,0.7780137771388536,0.9953640102314745,0.0,0.0,0.0,0.6878733320725541,0.0,0.8284540303318226,0.0,0.8374298641493545,0.0,0.8268799116349921,0.8034648844990363,0.0,0.6555616616224229,0.8347203740660041,0.6083963340113037,0.8423930857268855,0.0,0.9449465891545943,0.4909819588349177,1.024588719768862,0.8825401808298773,0.46545356483415734,0.8051576262450141,0.9930553330211673,0.8006007472564677,0.44579606785073744,0.8889263555677769,0.0,0.7515689240431311
0.7027729416403177,0.0,0.8972685377977454,0.3896703812210031,0.4070207931943173,0.5408263479820556,0.5410744979769737,1.019735335679062,0.40069352004846276,0.6219348828144886,0.46365827862839537,0.6419376289859975,0.5148905490576594,0.5553819805366598,0.6920618781690094,0.936484118871937,0.8361517596492528,0.914152590012654,0.7027932661477215,0.6243218483991794,0.8307358562029856,0.8898185778756756,0.854270774494279,0.5418608606275821,0.7790162860940866,0.675681056045186,0.7157288029390108,0.45641533485427827,0.45341311465960443,0.42433736910638475,0.597776764685789,0.3784574011716426,0.42983919371573254,0.3859823510825293,0.44393414101337536,0.8189005142219287,0.03756006680731787,0.0,0.7807358959550561,0.9257106500090144,0.7099336646536064,1.026034074154218,0.5906694893072821,0.0,0.0,0.9144048740896846,0.896914612502021,0.03897681390433095,0.0,0.0,0.9474440035597246,0.8909889921379737,1.0746569487101976,0.811481151000349,0.748452384319463,0.0,0.7400716743275828,0.902582417288598,0.0,0.8740245647086521,0.7195255638658322,0.6007497439280497,0.6196019227203114,0.0,0.9150351314873642,1.1003196644372526,0.9612768588588837,0.9037939909425431,0.7278592591634613,0.6688661295222702,1.0021802863702158,0.9454404173218374,0.992150334082174,0.8886750798312848,0.0,0.8063044768988201
0.6460449159298454,0.8972685377977454,0.0,0.7405947104001462,0.6324375400702553,0.6010207663428002,0.7574342376486645,0.9240333416566161,0.33430180569585366,0.7809750435920072,0.6945256419763137,0.9674565871498852,0.8633783827204329,0.8120179984905609,0.6680536156999104,0.6752295664257894,0.8893873563251499,0.82208501150534,0.44668234372398813,0.7152148204309183,0.7855939756590977,0.8193368967519512,0.36683102241077914,0.7475240011619193,0.7995321140901442,0.7399247719552364,0.48261942828776716,0.898135178844397,0.9503471691459551,1.0008538643979084,0.7582203389209343,0.8035558962435729,0.7387269004662884,0.779198493814605,0.8241698789579042,0.7467105089639443,0.5932730501095601,0.9292694392223974,0.997503446816203,0.46703936260863665,0.9723013044485118,0.8810955512575785,0.7784892415425111,0.7781362642889631,0.0,0.0,0.3802755246728871,0.5747887062078288,0.46947900666445674,0.6974317672601026,0.729045510169342,0.7903412686197625,0.7757906674520205,0.9739850195107014,0.42384316464508986,0.8726960267357389,0.9249643827896951,0.831780337211617,0.8235981381411728,0.35431741558537794,0.0,0.0,0.0,0.2578803154016281,0.8099652168372229,0.42882396539850737,0.24707593192358235,0.9255667866703973,0.0,0.5493503332821509,0.6966990797105851,0.9373255348356901,0.6985917900190206,0.8729624715021106,0.6558540596529718,0.7712282683101442
0.0,0.3896703812210031,0.7405947104001462,0.0,0.33806418226231894,0.7414992858038975,0.3426394600861446,0.6457263307078991,0.7256824196911935,0.5501824461394891,0.43646858463036176,0.32455016399369974,0.5581558568912666,0.46967741639506827,0.8649349867298533,0.2628141459343405,1.1917631564271334,0.47569115581154264,0.645818171392895,0.5578038351833166,0.48669883800879005,0.4878810640076976,0.8628746907902041,1.1065375926801218,0.7978393151211587,0.7241574366993491,0.7582672417443019,0.5817671983342665,0.6653014968197388,0.44684322270186144,0.7687192612396585,0.46453837287575295,0.6341558443471825,0.48029972280181765,0.7718720396097192,0.3731951700942603,0.3733251350111535,0.7590397304992643,0.33849158221313347,1.2722303446873902,0.5914256433744429,0.47240561515137747,0.40009884869658463,0.17606461750012659,0.0,0.0,0.0,0.3999742280824803,0.0,0.0,0.8661954973977677,0.0,0.4705472588475482,0.32853079097172094,0.0,0.419226487178975,0.5994882646940651,0.4512946627587596,0.0,0.0,0.0,0.0,0.0,0.0,0.0,0.0,0.4521149515078092,1.085408334017621,0.0,0.0,0.0,0.7835085552332337,0.4564363764792462,0.5583078613667394,0.0,0.0
0.6589005790154576,0.4070207931943173,0.6324375400702553,0.33806418226231894,0.0,0.6639875669747077,0.4790903027324562,0.8387916570945964,0.33614881669831964,0.4926440762403937,0.3458740144943981,0.46712581112058105,0.5167416911020997,0.5494307292442157,0.7090411426782648,0.48256460679284713,0.8211027301474016,0.6406297595118048,0.45156636218385043,0.7164843346327676,0.7770662462454125,0.606476300375765,0.7449598144722639,0.5424774263545342,0.3799653770624558,0.3171800698188364,0.711830724790502,0.44890787109026165,0.7029383371421456,0.7576187717783511,0.35984283774504733,0.2849733291383643,0.49078733283220943,0.5333720257700116,0.6728793608749946,0.45379050893601214,0.23713457204390415,0.6246703105091944,1.1489452264488453,0.45324466179382805,1.0121441824089557,0.3734286870472866,0.4937686050665547,0.3572448463117337,1.1687468654954125,0.0,0.5091341339159958,0.6392780793823682,0.0,0.8360953418359476,0.8568531629339107,0.9358174230878777,0.6865033149589914,0.8157688757115462,0.0,0.5735858908071136,0.4543263025428588,0.9157332653597143,0.7308376698471232,0.5759880577036878,0.45266554636072237,0.0,0.0,0.566488991157615,0.6523144121690395,0.4874599289223929,0.7511631260492826,0.8855674536935193,0.0,0.46708963754570126,0.6833535564212269,0.8276533507898018,0.8628295737371282,0.7315007688094496,0.0,0.8725087653392003
0.11603736654970576,0.5408263479820556,0.6010207663428002,0.7414992858038975,0.6639875669747077,0.0,0.898454153545543,1.02273430928385,0.7289659395703626,0.7442179477331522,0.7064652037216036,0.9472960275083692,0.8725068288621305,1.0058969494882204,0.7446093892915231,0.613938751652414,0.8522947143541484,0.5337250547717571,0.7281467691969246,0.4910821543031992,0.8814981100245884,0.5589961016079508,0.9155493973059989,0.6700858427868334,0.44565720229052713,0.7616627766650887,0.7896546498432917,0.9123607104760909,0.7102213706838556,0.9515326168468872,0.9174286454891449,0.7555820958368751,0.7555503526814071,0.799644106269588,0.7771211776022053,0.7312445621989978,0.742302943750621,0.8220248305143856,0.9702690833813676,0.6453827056233192,0.8892401471406797,0.7654433221967905,0.974582196198752,0.9166825227590732,0.620969122665224,0.958998463885287,0.8855411718173717,1.0344106039730963,0.8766802554230526,0.7278844792663337,1.0551755459196597,1.0136548365043896,1.037602852346168,0.9849068386330586,0.8710364610677012,1.055192238631561,0.53952657000997,1.0194434393424654,0.7699902279870225,0.9307346075096647,0.9056413047847203,0.0,0.9810613243642612,0.9019743710306707,0.8124690468878799,0.37648414914930867,0.9333160449129908,1.0235581081854024,0.5029323765211982,0.8661542981132848,0.5488960957051842,1.0428887517001137,0.9801945156935234,0.9277825859046958,1.048859763917481,0.9651662204353761
0.5338496144123088,0.5410744979769737,0.7574342376486645,0.3426394600861446,0.4790903027324562,0.898454153545543,0.0,1.0346021161665213,0.7665469504978907,0.6879564857214052,0.45633912041614605,0.6167630619864353,0.7921654394925801,0.3016151351497702,0.7810761571561358,0.7871381723269248,0.738116373580764,0.6182486265519571,0.5521022332286705,0.8242371089182472,0.7078821986940314,0.7894428494246941,0.9790839764673864,0.7515342932815029,0.5163149268936384,0.6196878494071745,0.8434998578636927,0.31908590067728304,0.9521105504997441,0.8057867441933385,0.6319433047315919,0.6263830904386813,0.5861389591261792,0.5671576782998238,0.6042291763699805,0.5307140482620226,0.28826936612465304,0.7032449564609511,1.0711296823625016,1.0269990633133979,0.8579244206909338,0.6003954372577398,1.099803626441325,1.0206826407300644,0.7783698718045146,0.0,0.9040618304984696,0.6268675756958833,0.0,0.9912525502556148,0.942956379597471,1.0494333123072224,0.9864698596996883,0.9959570533910327,0.5861388760487116,0.7344679629203917,0.38776616181122814,1.0278567555020262,0.787550315381315,0.6531225853536085,0.8412009416937989,0.0,0.4885739824800399,0.8797686359232677,0.9505942899352336,0.6447163750255267,0.9248413718436421,0.9738427878357331,0.46574409465460986,0.8993478032680347,0.8987860232610205,0.965844341941156,1.097075581466824,1.025335754925266,0.9222353665133639,1.0781905270669494
0.6949048956665247,1.019735335679062,0.9240333416566161,0.6457263307078991,0.8387916570945964,1.02273430928385,1.0346021161665213,0.0,0.7422076151057979,0.6005965726405099,0.7750713457915778,0.7947437653492775,1.0123783715539358,0.7197570167166603,0.6644228301483126,0.8539631622966917,0.4981535191142115,0.7341220771333112,0.634823791275406,0.635278527421465,0.8170119081214051,0.8464980951884165,0.9826837044876415,0.5229742102114091,0.7377259794120706,0.6976760776599499,0.90813874570311,0.8797154173182777,0.7496657620544946,0.7836463088198542,0.823196488087099,0.5921353438600597,0.385972667817741,0.7713176413575252,0.598153645313918,0.8967863909711297,0.4997508167835587,0.9419667840079999,1.021550306929893,0.8755674139090899,0.5983825323929115,1.0452949187359195,0.3918270831917947,0.6582136978474027,0.0,0.8307859006936147,0.8085103778570031,0.7417533554693723,0.0,0.643543279689656,0.7924676086855749,0.9428170269961562,0.7269899023457378,0.7020275505374919,0.6522398292906315,0.6569847844733252,0.9429726556706765,0.910417529321925,0.6798373987512502,1.012652341061228,0.642617867897272,0.0,0.5628306097736027,0.6745605651822386,1.0512485637461135,0.9653064702364449,0.8952815843751749,0.9722250249888003,0.0,0.8651400036828738,0.7416963750290474,0.9803436093583751,0.8777011475607819,1.0171300243295833,0.7731970845893072,0.814020904181111
0.5524730726062939,0.40069352004846276,0.33430180569585366,0.7256824196911935,0.33614881669831964,0.7289659395703626,0.7665469504978907,0.7422076151057979,0.0,0.6695956194408638,0.4240673308536528,0.8676216420317008,0.7011186890301959,0.6280269246793673,0.803566755957001,0.7493413532673303,0.8352482855893677,0.7468493984854132,0.42988736699034213,0.7017708860633596,0.8045984052388779,0.7548180916884315,0.8477706121921535,0.8626358720524856,0.4670778154715055,0.780151467329401,0.7440224696545306,0.7874534470011114,0.8403939544445128,0.7468503454869639,0.7085560884653536,0.7496294835471679,0.7879456861109888,0.693944898357253,0.699568977930082,0.5767768219232261,0.7502102183565875,0.6108405519994808,0.6818169052397691,0.3121079152638459,0.7082050691398819,0.6833120113817422,0.3107715597277081,0.744518247185594,0.6648385156872327,0.0,0.7681241581032603,0.8552360757918075,0.46285188452682485,0.8669382207187822,0.8959253482761877,0.9308394614490881,0.763208755639885,0.7350824590154625,0.37469903041283287,0.6813672208712065,0.6872100612785443,0.8699819506846553,0.607149040339535,0.7807296485316204,0.7541050943428498,0.0,0.0,0.749099146181665,0.9257207868257422,0.5986794823236127,0.8214049547692994,0.8883648737125379,0.4112812655992233,0.6924318455630925,0.5446371522700153,0.8474917316361221,0.8602196869459838,0.8442635664674252,0.8266167277487375,1.0491754792368995
0.6873625233401719,0.6219348828144886,0.7809750435920072,0.5501824461394891,0.4926440762403937,0.7442179477331522,0.6879564857214052,0.6005965726405099,0.6695956194408638,0.0,0.6056370460342771,0.6072530634742674,0.6723036557638291,0.8699765615310885,0.6488343290145147,0.5507097228148266,0.9160255950504218,0.7940880824057059,0.8289994155127561,0.8352360448477703,0.7569147179983517,0.715770334797007,0.9973923311273614,0.6730864105181588,0.7522049782614565,0.6296174660281788,0.7553224151174691,0.7003197767596975,0.7045725556838965,0.7398420946680938,0.6965108507170776,0.475664888026227,0.6844866439335493,0.5941366139370692,0.6570706621482116,0.2540303513370782,0.4643066637112022,0.46760982252140626,0.7781995226418559,0.8629934029814884,0.9330346314752523,0.7586181047056768,0.144855695044145,0.628779943474037,0.7355214839600798,0.9156711625027216,0.9885248975949101,0.34877771748895137,0.4691366020729688,0.4381025792224119,0.7388688580934129,0.5737246766397535,0.7033261438071914,0.27705697677337066,0.8070875456534328,0.624873452198552,0.8094948129549416,1.0836980711607755,0.0,0.6172943205705382,0.6938382471693803,0.8470559653890135,0.5726696742081088,0.4701732754208773,0.46649935539753207,0.8693998626977729,0.44488282415477554,0.923338677239794,0.504043631158936,0.7733594488313961,0.7487361744265393,0.707630612327522,0.7972461413121621,0.7889191842685648,0.0,0.9135014756846149
0.5178481817342744,0.46365827862839537,0.6945256419763137,0.43646858463036176,0.3458740144943981,0.7064652037216036,0.45633912041614605,0.7750713457915778,0.4240673308536528,0.6056370460342771,0.0,0.7100281674050769,0.4676629347085206,0.6530559288131497,0.0,0.4890682644674196,0.6717301381893584,0.9378253787482315,0.5137528901064945,0.45270770273441785,0.7990355121815131,0.4404717641622019,0.7474302559808939,0.7166584148024027,0.9416391731260289,1.0429451865355905,0.606043910576445,0.5413445313937986,0.75793264279213,0.6242270867120029,0.5089128454813312,0.5322172930471516,0.6582036938632283,0.5727394373681787,0.5723305601691442,0.5924154390027631,0.5842051767723195,0.49904051479987144,0.6200347829048646,0.6598332529713422,0.9819540738214743,0.8052416727602874,0.7109181331095056,0.7417075803103779,0.4430480718572837,0.0,0.0,0.5864138134976711,0.4699650327536692,0.5072608290482064,0.9078799265926187,0.5064574438409261,0.675388710702819,0.8722914385439575,0.7423548672036069,0.44603269658587325,0.5917375204518753,0.6288800407311556,0.8063367181700287,0.0,0.0,0.0,0.0,0.32075747937178944,0.5257946501015922,0.0,0.5295216613299026,0.7711926676050791,0.0,0.0,0.8780650696375709,0.6899239835777706,0.7410382721899089,0.5210250670174202,0.0,0.8738845841982115
0.6114233590566012,0.6419376289859975,0.9674565871498852,0.32455016399369974,0.46712581112058105,0.9472960275083692,0.6167630619864353,0.7947437653492775,0.8676216420317008,0.6072530634742674,0.7100281674050769,0.0,0.6152519404644219,0.7636429047916198,0.7149764090059574,0.8015201180279707,0.8510740542094626,0.7516479581994255,0.959280370275039,0.6056788982192707,0.7728605038248817,0.5305484877608857,0.6519057463363849,0.6963202912159272,0.658296813189534,0.5892947927136754,0.8218499975959321,0.7559530684983815,0.9095059351520378,0.6266747584264138,0.5575157999435385,0.47386713967691674,0.6308995778547202,0.6362258486216699,0.819908497102444,0.5339153688636779,0.6460657961828985,0.43733871074663955,1.010063882161764,0.8010836717261615,0.781177239663336,0.36093231367431866,0.5239576790020396,0.6093768346720453,0.6907114458905017,0.7882939798306741,0.6166677459991861,0.5237295155289526,0.4806462011736769,0.2844288625980973,0.7054202659151465,1.1353208628860378,0.3652825288570798,0.6692240376490749,0.8108117066715468,0.3154873060283352,0.8269762163003241,1.0035338082502405,0.5279361567581201,0.5169290427919588,0.6791730160650649,0.817430341690971,0.8006582192765488,0.5813352619483516,0.8274107839108913,0.8480941463450714,0.7267887667911221,0.7149856371739414,0.4864853078065159,0.846491657520639,0.732432515832822,0.6053844042456635,0.8613965170592006,0.5404557157374945,0.0,0.9414563491102431
0.4629993085144157,0.5148905490576594,0.8633783827204329,0.5581558568912666,0.5167416911020997,0.8725068288621305,0.7921654394925801,1.0123783715539358,0.7011186890301959,0.6723036557638291,0.4676629347085206,0.6152519404644219,0.0,0.4603044527581715,0.7911421543606583,0.808874519590872,0.7028124142589904,0.7251827748139918,0.6319572834072136,0.771068639682867,0.8623713657665649,0.7043813010330581,0.9288056291382136,0.6236006088097794,0.588900986907966,0.5897139462535617,0.8112886023236301,0.679573685270535,0.8409630170997393,0.6154095021053069,0.5604097596619286,0.6869050231881411,0.7107127099975276,0.6874716713932256,0.6993129355984452,0.48450723623212855,0.43472663168188475,0.6706168986546643,0.6548449168819469,0.7600882707286452,0.6247970958902351,0.7009900721951488,0.9324522163740898,0.5542346928107262,1.012232858362806,0.7305853688889432,0.9446301888082702,0.9796917018394392,0.0,1.082338754292883,1.0142573145718325,1.0451180467783918,0.8982291032246282,1.0517054618719262,0.6400271052377977,1.0272321136429956,0.8879559129444498,0.9061508743798066,0.5394667766700185,0.8381295589570764,0.8298619700281533,0.5618529600909468,0.8136337610170393,0.9947984750085637,0.8614051825957849,0.9016658800951525,0.6709458425994688,1.0113046271336317,0.8224223634654395,0.7926168702709245,0.7543151368304875,1.0224212851163883,1.0373026430233394,0.9670714228233696,0.7892691548273023,1.0350082332518196
0.8328511551594934,0.5553819805366598,0.8120179984905609,0.46967741639506827,0.5494307292442157,1.0058969494882204,0.3016151351497702,0.7197570167166603,0.6280269246793673,0.8699765615310885,0.6530559288131497,0.7636429047916198,0.4603044527581715,0.0,0.6940787329424629,0.5054214679378299,0.4596891247502034,0.494350059714854,0.5453477946413228,0.7116055405778419,0.8970390122135038,0.29597244411017476,0.940212367333229,0.973540333522128,0.6409405697638799,0.7497538752149622,0.8626915040645613,0.7487499643236479,0.8772079523869223,0.7186228809001398,0.9697286429487432,0.5175503727807396,0.3693710731902756,0.3460984674616919,0.5315952883428074,0.4320956282954729,0.3669516030611253,0.4396846817028435,0.7787252620850231,0.0,0.5261874578812251,0.6710866732924834,0.6798540805359883,0.4687607964947924,0.0,0.0,0.0,0.7118993337929086,0.0,0.48105025548066416,0.8288404979613129,0.21658660830629203,0.690776633463472,0.5590229853464525,0.0,0.7757189739215411,0.36657157287085856,0.9020204377019907,0.9332055777371683,0.0,0.0,0.0,0.0,0.6065925172328515,0.0,0.0,0.0,0.8618053246236791,0.0,0.0,0.0,0.7755963221428512,0.892722467916701,0.0,0.0,0.0
0.6737752070414329,0.6920618781690094,0.6680536156999104,0.8649349867298533,0.7090411426782648,0.7446093892915231,0.7810761571561358,0.6644228301483126,0.803566755957001,0.6488343290145147,0.0,0.7149764090059574,0.7911421543606583,0.6940787329424629,0.0,0.7398229366134801,0.8575731515309297,0.6749131075304395,0.0,0.7048861309190209,0.6689589764835658,0.7229974144658767,0.5992654193515978,0.473277388334558,0.6358069397414657,0.7128592761442698,0.7250839117064536,0.7023307739845239,0.637649233598913,0.6492480044937021,0.6848535745170696,0.6003264808020111,0.988287003593828,0.5762588627374297,0.7055664371654076,0.6800803728828575,0.4269752663928043,0.37969872165534846,0.7874696329751558,0.9410605524221431,0.9347503183121089,0.7896338483954368,0.33472759452789286,0.41672723847103005,0.0,0.8964762014823962,0.6995914017936239,0.7270591758945011,0.0,0.0,0.9051319947362151,0.9645999156096038,1.0503860345166252,0.5867928804464693,0.0,0.0,0.7110602189268376,1.061374566527313,0.47170596027406453,0.804959487618876,0.8335685914250767,0.5358225979412227,0.9798053648418004,0.0,0.9810528802351546,0.8734428629029362,0.8474948460061702,1.048499822852431,0.45265656320956604,1.0302495329569141,0.8783233787861513,0.9596009172358229,0.9768733871837202,0.9535783532886717,1.0287650810990145,0.8833422654063732
0.8971257474274197,0.936484118871937,0.6752295664257894,0.2628141459343405,0.48256460679284713,0.613938751652414,0.7871381723269248,0.8539631622966917,0.7493413532673303,0.5507097228148266,0.4890682644674196,0.8015201180279707,0.808874519590872,0.5054214679378299,0.7398229366134801,0.0,0.7691818276061253,0.7523219306627421,0.45304938487768565,0.6921634783816941,0.9440276332409863,0.8772806454305222,0.9069523956333889,0.8313080131156697,0.7679168187714411,0.7873556176107452,0.7671057254505127,0.78639723740345,0.8004009581416116,0.7663570266217417,0.837992509178204,0.6260183636862178,0.40117564189942423,0.48296387439653965,0.6308806721644197,0.4453370256409366,0.5984047876650112,0.5795424054951327,0.8212752560151573,0.7785563546870482,0.700768332805985,0.9567180215371771,0.47236138668996575,0.0,0.0,0.7462980543179978,0.906068394044407,0.0,0.0,0.0,0.9044408423033539,0.7529800308580314,0.9215514463007499,0.0,0.540180845355624,0.0,0.8014011342795075,0.8327394531336292,0.0,0.8662992634811874,0.6793233094803965,0.3220865291325341,0.6807068964263789,0.0,0.7379810461701649,0.9502678229064465,0.9564070424503932,0.9451486007436101,0.7179569291070753,0.6329031215411904,0.9379115693081701,0.9800539054141879,0.9274382309262781,0.9312525770562639,0.0,0.6144374414798157
1.050598296110471,0.8361517596492528,0.8893873563251499,1.1917631564271334,0.8211027301474016,0.8522947143541484,0.738116373580764,0.4981535191142115,0.8352482855893677,0.9160255950504218,0.6717301381893584,0.8510740542094626,0.7028124142589904,0.4596891247502034,0.8575731515309297,0.7691818276061253,0.0,0.9281155934893874,0.9303123483906585,0.4875235496509629,0.340753773617802,0.7977050842649636,0.8412711809041085,0.9320514498285105,0.9668409885768225,0.7033215364525933,0.5472766704941858,0.8664963353652945,0.42880218629724887,0.7763096307380679,0.8002894613569134,0.40865776209089494,0.6376518454527409,0.7743886161236103,0.3543743484312691,0.6085006447510188,0.34717873297653234,0.6492963954546155,0.9209777247580476,0.9757696984397264,0.9007369438535995,0.8429699047554651,0.0,0.0,0.4424906181920123,0.7941485872857286,0.4381452530655726,0.0,0.0,0.0,0.0,0.0,0.0,0.0,1.0429290491420398,0.0,0.9164811481449906,0.5161207607889805,0.0,0.5724510345808713,0.7238256307448666,1.0609984531794003,1.015626091110604,0.0,0.0,0.0,0.5999193238460537,0.0,0.9748122456766375,1.1229486146218455,1.0366145585729711,0.0,1.0365277137580016,0.46361972633287346,0.0,1.0294312466467872
0.7713587088828893,0.914152590012654,0.82208501150534,0.47569115581154264,0.6406297595118048,0.5337250547717571,0.6182486265519571,0.7341220771333112,0.7468493984854132,0.7940880824057059,0.9378253787482315,0.7516479581994255,0.7251827748139918,0.494350059714854,0.6749131075304395,0.7523219306627421,0.9281155934893874,0.0,0.9245049056344288,0.6048881097349283,0.8571184371893078,0.6869494100538479,0.8226208297421603,0.8409948825380715,0.8294975221478569,0.707108461146568,0.7855341216633398,0.6342083775978173,0.6264479961557099,0.6315990308328694,0.7040396881189294,0.4749181753736748,0.5331971742618471,0.6751297094816113,0.17281936733031117,0.6238799398234298,0.3955036234351127,0.48046402723802245,0.9019238588187954,0.8459683349442868,0.7427877995731547,0.7540720146732879,0.0,0.0,0.49119411737404217,0.8335319279999953,0.94758962099602,0.0,0.0,0.0,0.7460209342582257,0.48581936752115407,0.6053275570384791,0.0,1.0735933801044268,0.0,1.0505614791148794,0.8378966562700949,0.0,1.0666101256463651,0.8166860999925942,1.0246891899252188,0.9581776037215929,0.0,0.7825005519196049,0.9370453334844374,0.9563128840527133,0.9967660766252138,0.9236864502159445,0.9562210413372133,0.9854319410484267,0.8395399817659517,0.9028684654150783,0.944055748306723,0.0,0.8983994348902699
0.0,0.7027932661477215,0.44668234372398813,0.645818171392895,0.45156636218385043,0.7281467691969246,0.5521022332286705,0.634823791275406,0.42988736699034213,0.8289994155127561,0.5137528901064945,0.959280370275039,0.6319572834072136,0.5453477946413228,0.0,0.45304938487768565,0.9303123483906585,0.9245049056344288,0.0,0.5017129542731698,0.7111420571148831,0.7350439054453064,0.38645602073531965,0.8056517277974709,0.9277711226941779,0.8790378563952921,0.4703332819411312,0.6917258486747413,0.7605758958784161,0.8727028599944129,0.6457936538974673,0.6816168249497969,0.559354432282261,0.6381012003015789,0.6735964799950336,0.6496113865665467,0.7577036237433042,0.8007722335066478,0.6954929779084649,0.4449752610112647,0.4894970763035419,0.3756469310876232,0.6437949990661942,0.586194273386254,0.009426303298655972,0.0,0.0,0.6623799449653043,0.0,0.5241901870253067,1.078011097816713,0.3742102237823177,0.4862921206526176,0.8255701447653863,0.5896900404810352,0.6823886412528166,0.8087316959916977,0.6314498730996105,0.8831280549317263,0.0,0.0,0.0,0.0,0.7009905936947032,0.46965030674281927,0.0,0.48662247685200083,0.7980750203031877,0.0,0.0,0.0,0.8166821360623269,0.8414107153792909,0.8251365658796516,0.46391186724205713,0.9440360159349666
0.7419509792088593,0.6243218483991794,0.7152148204309183,0.5578038351833166,0.7164843346327676,0.4910821543031992,0.8242371089182472,0.635278527421465,0.7017708860633596,0.8352360448477703,0.45270770273441785,0.6056788982192707,0.771068639682867,0.7116055405778419,0.7048861309190209,0.6921634783816941,0.4875235496509629,0.6048881097349283,0.5017129542731698,0.0,0.7784053814835712,0.6663729263635543,0.5412055648941777,0.912800812127823,0.4901848182719618,0.7660111525820599,0.7972076325520439,0.7997471128992693,0.6978406017575601,0.8623841403299519,0.6459079145605402,0.41136508726301196,0.5530776768346097,0.5244782599591651,0.6350224923280132,0.5984816134935523,0.4291251196598638,0.557748935186094,0.7338098525525811,0.8005556377946055,0.9089450867528451,0.8761745389692503,0.7990635224666833,0.4574145677802456,0.3214127679309545,0.7799627171029309,0.6063435837283604,0.7900330164255618,0.0,0.0,0.8255448267665777,0.9841505272366253,1.0204077122611181,0.6811918065916489,0.7819563342845506,0.0,0.6884561173259354,1.0165141172214174,0.0,0.920538487669056,0.8411516073795637,0.47482704634498146,1.0852590435400071,0.0,0.8282980506696251,0.7319451571746257,0.8556577164793927,0.8637363547993735,0.0,0.8423545572533561,0.7664666058189216,0.8468821778343081,0.7746610453397811,0.9201904045457674,0.902149162004801,0.7415331205033185
0.4990994156399005,0.8307358562029856,0.7855939756590977,0.48669883800879005,0.7770662462454125,0.8814981100245884,0.7078821986940314,0.8170119081214051,0.8045984052388779,0.7569147179983517,0.7990355121815131,0.7728605038248817,0.8623713657665649,0.8970390122135038,0.6689589764835658,0.9440276332409863,0.340753773617802,0.8571184371893078,0.7111420571148831,0.7784053814835712,0.0,0.6974453599889456,0.7819076649594372,0.42679732482258037,0.7046382597658922,0.841155223653062,0.8837258436572893,0.7072736689018935,0.625482882377824,0.7734747378989851,0.8131073698491977,0.5824816621555021,0.7569412708176047,0.5607873861597714,0.7504530221957092,0.5895119332712182,0.5135510097127415,0.7436782758132161,0.7664611255827859,0.8456792173846891,0.7088989650382294,0.6566356982487145,0.7776356270811133,0.0,0.0,0.6598056304081846,0.8418481016612729,0.7482983689891765,0.0,0.0,0.8283296899222674,1.130238141351064,0.686317937978004,0.6039460524058349,0.9330822965078701,0.0,0.8094299932123575,0.8457822448918171,0.0,0.8073308280444946,0.6598693400961148,0.0,0.7931475567612483,0.0,0.7799731103586383,0.8646295578008416,0.8981383022426987,0.878471558455814,0.5356491698249033,0.6992658075778342,1.0015093734889993,0.7761423422178386,0.9148133362231445,0.8737338200787879,0.6008538257781083,0.6303543548451898
0.6527237932174151,0.8898185778756756,0.8193368967519512,0.4878810640076976,0.606476300375765,0.5589961016079508,0.7894428494246941,0.8464980951884165,0.7548180916884315,0.715770334797007,0.4404717641622019,0.5305484877608857,0.7043813010330581,0.29597244411017476,0.7229974144658767,0.8772806454305222,0.7977050842649636,0.6869494100538479,0.7350439054453064,0.6663729263635543,0.6974453599889456,0.0,0.8082696432547356,0.4938780487368918,0.97122733701139,0.749425174535824,0.6782370467590415,0.7863077541883536,0.6106066317547917,0.7126853271902667,0.72099636745322,0.5314357644615468,0.6048821476180724,0.5184449592421534,0.6912836203121858,0.5600228668564585,0.7077520244887842,0.13259042315021988,0.7563419198261737,0.9108050348552114,0.776599406041531,0.8301764472419647,0.4091391202190968,0.2672548255857672,0.38026369840655716,0.5632673542591559,0.6732900865704452,0.7970292130788363,0.4696565819576748,0.3950112611219821,0.9386736890519788,0.923037974816233,0.8722597552695436,0.9012525712175934,0.6210399396774963,0.0,0.6426964876804326,0.9456059874161128,0.0,0.9097211859727483,0.6616282040583171,0.7453335882601231,0.7293179649891997,0.0,0.7977937186330091,0.8895227700387447,0.8084156853783754,1.0328917782633051,0.8242168983278066,0.782327053970704,0.8857247842817189,0.8832946037382448,0.88791694718639,0.9249429378863282,0.6124189212601536,0.9388123947341045
0.6529382561436773,0.854270774494279,0.36683102241077914,0.8628746907902041,0.7449598144722639,0.9155493973059989,0.9790839764673864,0.9826837044876415,0.8477706121921535,0.9973923311273614,0.7474302559808939,0.6519057463363849,0.9288056291382136,0.940212367333229,0.5992654193515978,0.9069523956333889,0.8412711809041085,0.8226208297421603,0.38645602073531965,0.5412055648941777,0.7819076649594372,0.8082696432547356,0.0,0.5488457560660668,0.6062355636370376,0.7948798895740132,0.6386768808341106,0.8180062332491411,0.8295790159452581,0.8401564027822246,0.867007186894335,0.7982706319537669,0.8541437824419439,0.7715494621957004,0.7213532204481409,0.8095956570067304,0.7362807810999406,0.975526697525477,0.9933797305366573,0.9642451419995068,0.9237167702578538,0.9655491472311928,1.0442552048365983,0.994395951558986,0.6608131048208268,0.8636210664595705,0.978712212624739,0.9265538699894633,0.7227861233691125,0.9390450907317647,0.9541225226256257,0.9604222247492606,0.854261617283443,0.9276317616986578,1.1923590075841743,0.8840265490681416,0.6342635185878491,0.8768972804115474,1.0281528148655292,1.0008050715268075,1.0176867716559799,0.4664993553975323,0.9818031383649856,0.8519137722433122,0.9125229771318025,0.8983779959636444,1.0017270275521915,1.0124438940980116,0.33506181430414333,0.9804234024901957,0.9657972769935632,0.9022968288631179,0.8962854829948833,1.010901467093877,0.9331611192920557,0.908185123380818
0.4831646425116078,0.5418608606275821,0.7475240011619193,1.1065375926801218,0.5424774263545342,0.6700858427868334,0.7515342932815029,0.5229742102114091,0.8626358720524856,0.6730864105181588,0.7166584148024027,0.6963202912159272,0.6236006088097794,0.973540333522128,0.473277388334558,0.8313080131156697,0.9320514498285105,0.8409948825380715,0.8056517277974709,0.912800812127823,0.42679732482258037,0.4938780487368918,0.5488457560660668,0.0,0.7480999707719302,0.6185413689005648,0.7007115989377116,0.6887765622427745,0.7278137494363981,0.9249770685242023,0.783543665243243,0.6583842739750877,0.9682634129951466,0.6840646949112331,0.39850184111060993,0.80762896137178,0.46442484026499103,0.8248143404012644,0.8529185052936268,0.83752807893101,0.6917608425551047,0.7113431598525795,0.6705858905317594,0.5086533971146083,0.3966525513621619,0.5795163611625997,0.7253726513121379,0.0,0.0,0.4830647074074411,0.590381722022395,0.397933335567778,0.0,0.29349724082974343,0.624854687185808,0.4878746813075302,0.5651738194796105,0.5290972515905097,0.0,0.3600113236319712,0.9144154356369241,0.7441058777417333,0.8805580910658956,0.4629127276433853,0.4229344884943213,0.42891862031409395,0.7033665246830145,0.6857168039190262,0.29367442619198714,0.8541981721288139,0.8153861111990586,0.5705207846772702,0.7162814714320993,0.8788128437093344,0.0,0.6557538071574286
0.6285699473660866,0.7790162860940866,0.7995321140901442,0.7978393151211587,0.3799653770624558,0.44565720229052713,0.5163149268936384,0.7377259794120706,0.4670778154715055,0.7522049782614565,0.9416391731260289,0.658296813189534,0.588900986907966,0.6409405697638799,0.6358069397414657,0.7679168187714411,0.9668409885768225,0.8294975221478569,0.9277711226941779,0.4901848182719618,0.7046382597658922,0.97122733701139,0.6062355636370376,0.7480999707719302,0.0,0.5117531231469781,0.6205069548015141,0.636924110763671,0.4897209942495504,0.35279716867820377,0.6452677262310302,0.33714765142929165,0.5253163831253923,0.5109032167260028,0.23446730784710818,0.6086724789591291,0.6239113547420971,0.6189502733518444,0.9693518013715725,0.9419820750783613,0.8775160146700811,0.8687293316688474,-0.04192403497948402,0.0,1.0426926124512037,0.8993287070489591,0.969995490465785,0.0,0.0,0.0,0.9328697752127229,0.6961944417682042,1.0172655905905237,0.4374527367701013,1.0037288993505125,0.46122536369893385,0.9851979998866272,0.681891882636035,0.0,0.8432015039983864,0.8898609824541306,0.9895250559344624,1.0227834532998448,0.0,0.8647199655633009,1.0547480167030032,0.9474392262597829,0.8790319064762262,0.8432729440393039,1.037135256716108,1.0273812735714736,0.7614068599400439,1.093031185603822,0.7904348571330634,0.0,0.9334829791529775
0.6467269189161935,0.675681056045186,0.7399247719552364,0.7241574366993491,0.3171800698188364,0.7616627766650887,0.6196878494071745,0.6976760776599499,0.780151467329401,0.6296174660281788,1.0429451865355905,0.5892947927136754,0.5897139462535617,0.7497538752149622,0.7128592761442698,0.7873556176107452,0.7033215364525933,0.707108461146568,0.8790378563952921,0.7660111525820599,0.841155223653062,0.749425174535824,0.7948798895740132,0.6185413689005648,0.5117531231469781,0.0,0.9757890312403911,0.7467262250430207,0.7345515070039329,0.6311100344732943,0.5861095517169705,0.48290762004221527,0.6842818177553702,0.4719070533421795,0.49484355874558106,0.26442415200479197,0.618050354200887,0.5373436351814441,0.8653564054683724,1.061466156009257,0.942746202283413,0.9074186213470017,0.5593345854268406,0.5058166450888335,0.9716763720291893,0.8478999108981636,0.9168694775499879,0.8867658446195383,0.0,0.004437981428615926,0.9393354851929923,0.876865408980162,0.8279746941754366,0.7179314799821139,0.9299639640406043,0.0,0.9371033343013843,1.1043312746921994,0.0,0.9345620825128649,0.8723961116981103,0.9663518458623441,1.044486718090665,0.0,0.8034010392405517,1.0015007417008117,0.9501676348368684,0.8707500330436679,0.740526503195374,1.0402215498894383,1.0279363528517156,1.0079407140237269,0.9242219168097865,0.9300123344152822,0.445066575669412,0.9099477695248166
0.6444781705890492,0.7157288029390108,0.48261942828776716,0.7582672417443019,0.711830724790502,0.7896546498432917,0.8434998578636927,0.90813874570311,0.7440224696545306,0.7553224151174691,0.606043910576445,0.8218499975959321,0.8112886023236301,0.8626915040645613,0.7250839117064536,0.7671057254505127,0.5472766704941858,0.7855341216633398,0.4703332819411312,0.7972076325520439,0.8837258436572893,0.6782370467590415,0.6386768808341106,0.7007115989377116,0.6205069548015141,0.9757890312403911,0.0,0.8331627104051049,0.7853524369373882,0.8096322819842043,0.8166196325445763,0.6393409631128395,0.787420459766675,0.7142651529034236,0.6487498547613292,0.6589782419966546,0.7951692845211664,0.8089653996332037,0.9772397001341984,0.8969989283068588,0.9381413858665507,1.020393870491404,0.9520579946574712,0.905059294274727,0.7019041405334967,0.7552276951644596,0.802152748167551,0.9567657306820262,0.7533347173009813,0.9399315015872514,0.9715812088299647,0.9063408043711538,0.8008708772285165,0.9147721411669345,0.8368270486475324,0.9427640007244984,0.5384355490061601,0.8972223674474185,1.048336150846831,1.0178810100667406,1.0497095062912811,0.0,0.7538297412729662,0.9329026884374707,0.8970589838772707,0.8547177313884862,0.8778141597472124,0.9553130944745766,0.0,0.9893313808308086,0.9081476185841091,0.9914199500747687,0.9933662841218623,1.004096680588252,0.8294334870406757,0.8884898134944356
0.5064597086761718,0.45641533485427827,0.898135178844397,0.5817671983342665,0.44890787109026165,0.9123607104760909,0.31908590067728304,0.8797154173182777,0.7874534470011114,0.7003197767596975,0.5413445313937986,0.7559530684983815,0.679573685270535,0.7487499643236479,0.7023307739845239,0.78639723740345,0.8664963353652945,0.6342083775978173,0.6917258486747413,0.7997471128992693,0.7072736689018935,0.7863077541883536,0.8180062332491411,0.6887765622427745,0.636924110763671,0.7467262250430207,0.8331627104051049,0.0,0.780414534633148,0.7369638864776028,0.7806060404778354,0.795222036832539,0.8963284018752664,0.5727787091612837,0.675387243364987,0.7671879813188318,0.7264340937883834,0.8627129178794392,0.8952109461041322,0.5624661672058888,0.8315139176567482,1.0451066327245262,0.9942838025385494,0.4908311982240765,0.8817129981833539,0.7347396703762943,0.8494389384371962,0.9491979560435344,0.0,0.9722666733226151,1.0131007776364287,1.0528777123872541,0.9247786699898296,0.7710925913900678,0.8381041917855315,0.7338296910593638,1.007154253632675,0.9969293975362034,0.4139054964158314,0.9044313311767753,0.779887212045361,0.3136336387735835,0.8544959764788547,0.9349998703633001,0.9434572358113529,0.9053359873767142,0.6960707323418862,1.0056223028396665,0.7381592820104296,0.9551647597160815,0.5908487783280396,1.0050969497725075,0.9914871547545171,0.9863312159074045,1.0053444447816666,0.9007238167934823
0.7025825367612653,0.45341311465960443,0.9503471691459551,0.6653014968197388,0.7029383371421456,0.7102213706838556,0.9521105504997441,0.7496657620544946,0.8403939544445128,0.7045725556838965,0.75793264279213,0.9095059351520378,0.8409630170997393,0.8772079523869223,0.637649233598913,0.8004009581416116,0.42880218629724887,0.6264479961557099,0.7605758958784161,0.6978406017575601,0.625482882377824,0.6106066317547917,0.8295790159452581,0.7278137494363981,0.4897209942495504,0.7345515070039329,0.7853524369373882,0.780414534633148,0.0,0.7248613055314244,0.7171841019433514,0.28535411667032684,0.4474509238214418,0.5768062283719901,0.5591762604387662,0.5102361258218664,0.6921017493238297,0.8016068405320094,0.914722076962996,0.8785740953761314,0.9200934418896336,0.8905332767855235,0.7374762186379061,0.8551150921671291,0.7322678614972975,0.7478683024414428,0.98566487900245,0.7444803195370038,0.48528938217637174,1.1149540193644296,1.0510754201560717,1.0503708114239494,1.0451482478390837,0.895739727426557,0.8516167340837779,0.5292862714095296,0.8561810183741081,0.96177444457273,0.5869359474111622,0.9370256859423667,0.9772760078871212,0.4694801672741542,0.9601640222893741,0.8082111643834795,0.8676346324367994,0.778964641324959,0.9143028008617908,1.0390264321673999,0.4530696124613363,0.9680552125837966,0.8099420777106183,1.0135917862326222,0.9391381939380252,0.9658948739497627,0.8157438065146868,0.8500045216452677
0.6499471350708816,0.42433736910638475,1.0008538643979084,0.44684322270186144,0.7576187717783511,0.9515326168468872,0.8057867441933385,0.7836463088198542,0.7468503454869639,0.7398420946680938,0.6242270867120029,0.6266747584264138,0.6154095021053069,0.7186228809001398,0.6492480044937021,0.7663570266217417,0.7763096307380679,0.6315990308328694,0.8727028599944129,0.8623841403299519,0.7734747378989851,0.7126853271902667,0.8401564027822246,0.9249770685242023,0.35279716867820377,0.6311100344732943,0.8096322819842043,0.7369638864776028,0.7248613055314244,0.0,0.8638311365430551,0.41286584582633373,0.8846408470023018,0.6515021951593416,0.6446520103932228,0.5925919277907534,0.488619925884187,0.7257263178239092,0.9629511933464827,1.242497695771771,0.8622690052345784,0.8615542779683342,0.7126308508359097,0.2509450473213404,0.0,0.0,0.0,0.307306331140453,0.0,0.0,0.825013283187739,0.8497705527489978,0.5729720131157757,0.9317312307293404,0.4502123689017181,0.0,-0.0017296360719867149,0.6050380071235277,0.0,0.8273435433082209,0.0,0.0,0.914909585992336,0.9175185873645825,0.8504111155231376,0.8431847849276017,0.8098644124919467,1.0028274006611808,0.0,0.41661209733748283,0.469148068689167,1.0169712834873568,1.0317036747225703,0.9224260013635615,1.0407264761675952,0.8580545963506914
