0.0,0.7139463617669181,0.5890028050718172,0.0,0.6073208480148728,0.596480778020126,0.6197104060994709,0.8233286186765336,0.5800643549744855,0.7109382017270025,0.6030462430200901,0.7577607133850598,0.7309662162269565,0.6747091483684646,0.5543581433817879,0.6968263180278356,0.5163742547082417,0.6389334322978498,0.0,0.786675737239027,0.47688694550924665,0.5587993458445661,0.7323837407750826,0.6551023361479269,0.5564481409421811,0.7460507778555742,0.6879700160361892,0.6579825494275398,0.7470910073560069,0.6402189427864049,0.5959587769934667,0.6792241152167383,0.7506076026948195,0.562149259812667,0.5107497942824482,0.7164463993089902,0.4380178919270938,0.716943851077829,0.930684867469084,1.0140742566638217,0.8642589769769606,0.6997787015014848,0.46760234823418667,0.0,0.5289975786910911,0.9462058591757444,0.9609426204124794,0.0,0.0,0.0,0.7168205220471484,0.0,0.8205481894428235,0.0,0.7238557042076821,0.0,0.7606568847481762,0.9612306532402645,0.0,0.7008364530793203,0.9221904245812222,0.548237426437669,0.9039167654740858,0.0,0.7776950777944822,0.9579237545736241,0.8146539685797263,0.8026937372071374,0.9927988304221378,0.8721890575629532,0.8993105643334278,1.0325343714819668,0.480304025665428,0.8053575128889934,0.0,0.6985601268759827
0.7139463617669181,0.0,0.7612761393520348,0.39759072804665097,0.7320074637836834,0.6194583240458613,0.8907687376349267,0.7109372201173021,0.6563619135697853,0.4120467568725905,0.4463610797333177,0.5601124395139914,0.9021593610105746,0.5765186329935892,0.6446392621466627,0.6017629523429726,0.6395743477570986,0.5828195671059476,0.6753561844898621,0.6238781251672623,0.6951974136713721,0.5789830596010636,0.464002226122767,0.36153614719066396,0.5756703410214058,0.3878807498289758,0.629146347873073,0.9388943957823825,0.6559476419769119,0.6016685365724903,0.6523381567969215,0.5762250058077093,0.5099764115395351,0.5373666100885084,0.5934317104440126,0.5776859344886011,0.0174485046855646,0.0,0.6853746875939599,0.9100816546116585,0.6157452535995657,0.5816406143430342,0.5887592687346095,0.0,0.0,0.9767593978718053,0.7286942241660631,-0.019528555232251645,0.0,0.0,0.7729547011662494,0.8974226274224189,0.7429729379416719,0.7804012316062177,0.5596075895527819,0.0,0.7444823752284946,0.8036978854290303,0.0,0.7769451579242932,0.7403557711624724,0.6787334235857346,0.6602366437001309,0.0,0.5811602411133803,0.8831023849274855,0.6555662826705242,0.7507913525961264,0.7190560265109223,0.7254763821223817,0.7356837407311387,0.5755039381752268,0.9315261905928649,0.7741837012474321,0.0,0.6323593835439887
0.5890028050718172,0.7612761393520348,0.0,0.5615881232942446,0.7764261028690511,0.6183870474107012,0.7539902547331047,0.9362407485507789,0.4689564786841892,0.9688622382744041,0.8395021654593419,0.8486090250001095,0.8309525508663413,0.8918068847614471,0.6721286373344241,0.7697800062449613,0.8394812904648411,0.6929442010936127,0.6464216823541304,0.42467407259262446,0.6678642000784516,0.8173037502102241,0.76248818194104,0.765799513339125,0.6236718377225613,0.38057822080180803,0.4965523562097751,0.8125580672787125,0.6940334635050445,0.7716846813584951,0.8250900175078226,0.7936649208885119,0.5812011795593803,0.9086232414909893,0.7927144802333573,0.8836151355069266,0.5592208320290637,0.775240216863827,0.8085245124197196,0.4717558736545462,0.8028845935103917,0.7457083563995629,0.7753855533821823,0.8035431587831441,0.0,0.0,0.40097925059733935,0.3894262943645114,0.47033822044171675,0.7036695593265915,0.7540641367317855,0.7499726679851736,0.9112228727779534,0.8447739007204618,0.39992261285254105,0.9101211215869414,0.9366549594110527,0.8225494659841324,0.7632211773035342,0.38558279287403663,0.0,0.0,0.0,0.5968907358680378,0.8531173716475184,0.4428122731604209,0.29416277614513586,0.8748280090863826,0.0,0.5371939117001249,0.6905758305544116,0.9153188721376435,0.8174889319182079,0.8181049891499067,0.6756841268242888,0.7786530329748885
0.0,0.39759072804665097,0.5615881232942446,0.0,0.438188149082361,0.7380172643956218,0.7059820606498906,0.5654735703715768,0.5975196554575706,0.28350913355238316,0.368062662109187,0.3685769304245442,0.482381022083752,0.4738351373002825,0.7107011591313279,0.22726056050711546,0.7014129265685307,0.4680224186889958,0.06847543305415849,0.7911912645418734,0.39932885197831247,0.8142357097079658,0.6364144198881583,0.5758000139326926,0.7805463979818597,0.7436899487710281,0.7854193302244991,0.3902310183687998,0.7215333542252961,0.343399432091514,-0.11762330408168681,0.43010015900421616,0.504590221372546,0.1555688577166064,0.69720457850921,0.3826986166414663,0.22046763069424635,0.5307071409992017,0.144529679476917,0.439223453917581,0.6898570116167146,0.2817085096209747,0.1584904092137442,0.21859849903976625,0.0,0.0,0.0,0.5017022223643826,0.0,0.0,0.7689991023376719,0.0,0.4686671874548256,0.33038199592896145,0.0,0.4640411677178863,0.10455885712999055,0.49889044225811496,0.0,0.0,0.0,0.0,0.0,0.0,0.0,0.0,0.45912712376054654,0.8641254015077393,0.0,0.0,0.0,0.7557277372725024,0.40985237465625435,0.5980525788778454,0.0,0.0
0.6073208480148728,0.7320074637836834,0.7764261028690511,0.438188149082361,0.0,0.5463852473983897,0.679639599515773,0.5828121670650867,0.5976575385351315,0.8780580768159875,0.49057407967102346,0.52291952569675,0.8631108711519183,0.5491398984358635,0.7342505495952188,0.8887372739687023,0.7215641374874215,0.6847802697960741,0.627918116700234,0.7520370105235549,0.7775119131474585,0.7300909425255745,0.3264382771472304,0.6273895527846843,0.6510510113993491,0.6160728721096095,0.5946437097234165,0.8310954042936382,0.6331461128228592,0.6671864013723232,0.8270522466478833,0.5041971162674239,0.6296114196921954,0.7737234125400968,0.5001540611290649,0.4087249492997913,0.07815686757341495,0.3064800967521154,0.3648140732847691,0.42888708768092915,0.5508195543944805,0.3509582233856019,0.7288206559298974,0.3117615905960188,0.3577154611927899,0.0,0.5081488728647797,0.6212632124606128,0.0,0.683843384898762,0.625037645004932,0.8462161244886266,0.5184875436839809,0.6779774615262464,0.0,0.5239314976647047,0.46639434388221146,0.8255622141814563,0.8118060504688154,0.5573459752494432,0.4965343733609249,0.0,0.0,0.7454635088079338,0.6665550289697966,0.43871212904617707,0.7329475731729831,0.7903604070959457,0.0,0.4734424089644972,0.7655543778846761,0.5857458454226825,0.7916588000632616,0.5376737011091117,0.0,0.8506935155500368
0.596480778020126,0.6194583240458613,0.6183870474107012,0.7380172643956218,0.5463852473983897,0.0,0.6756677653397962,0.7520016720854288,0.42224500641546747,0.9123209354841046,0.5945334533545981,0.8216924197986057,0.5919811913948365,0.5587113401590036,0.8486875985792157,0.6990596369549619,0.7391710934265323,0.8253153798918003,0.6128021621165354,0.596965961483504,0.6629376831916838,0.5970646427065456,0.6452620868433527,0.4230922123223404,0.7149311849286488,0.7080407872326574,0.6383612188672199,0.7174976117798806,0.5472959908362517,0.7916274820912015,0.7917156617677229,0.7444521616618722,0.606767345814702,0.7625126999599552,0.7898437560408798,0.8094338334538378,0.6634562279524181,0.7653248178088616,0.8422324679409048,0.5644430662218517,0.7594365494895652,0.6580083252514233,0.8366751627532323,0.9483045086524353,0.4836640329722879,0.7568974232606649,0.7362089178521699,0.7428479259028398,0.7737499694726241,0.6935391594266955,0.6674385557660805,0.8150430040964721,0.74570619118404,0.7210476614273449,0.8775605022928694,0.6809210094003978,0.5019729179480921,0.8511652812543207,0.8401619960822728,0.7127237549859183,0.8805046373558771,0.0,0.8082269750121629,0.6236770047868141,0.7374009430924673,0.5815304656159296,0.7669368706882418,0.6570239265144301,0.5103239877756888,0.7344450315515905,0.6546338146940951,0.6745192622838456,0.7354875568666439,0.8421591515524514,0.5700419126675165,0.724041658909323
0.6197104060994709,0.8907687376349267,0.7539902547331047,0.7059820606498906,0.679639599515773,0.6756677653397962,0.0,0.7914827441380453,0.7577585774283947,0.7217677345492963,0.7985004347760937,0.5823069162083823,0.9254476915147924,0.6381293632673847,0.707092387002581,0.8129265610484607,0.7865713167169908,0.8041757412716943,0.7709775072467706,0.8245397566669426,0.6369344105248067,0.7428418310698084,0.7602368436408132,0.5666511789911652,0.9035811277841506,0.8808742278769859,0.6729599199610778,1.0439268066953815,0.6231514929357018,0.7144831938868108,0.8524283620420154,0.713502999644476,0.6058280144847714,0.9914445178026658,0.7395223302285614,0.854044699257829,0.2977074158539273,0.6782018705884492,0.8246863691727108,0.468128581613839,0.25917392718876386,0.39313538891011024,0.6701254117375547,0.8426108634134695,0.7053615510174223,0.0,0.8927279977950437,0.5985808914213895,0.0,0.5996380736160313,0.8204583255808097,0.8830577243735931,0.7092178713089707,0.8781104342260156,0.7593650034683452,0.6347983023307822,0.3722613699788957,0.783770473039681,0.5310492137581843,0.6949932280836225,0.7870429710151454,0.0,0.5023081618912294,0.8121438335400999,0.8214956039163164,0.6591189038341922,0.8110572929337917,1.0384612390488601,0.47261639433301883,0.9172603303421781,0.9125134373543223,0.6647472282160096,0.7167275605486538,0.8053600803355365,0.8437426401659271,0.7294094076313409
0.8233286186765336,0.7109372201173021,0.9362407485507789,0.5654735703715768,0.5828121670650867,0.7520016720854288,0.7914827441380453,0.0,0.8151037285141458,0.8487488781660512,0.8155058844410374,0.5637452135014647,0.8480753464520814,0.948823179992335,1.0556406748908886,0.7007945322800586,0.6761110871033482,0.7669430929968641,0.7034752727263109,0.7165702075633942,0.8487080650536603,0.7233898081525252,0.7350335724370841,0.6585631917746508,0.7998978977742739,0.7319204269563173,0.7164827442988309,0.7968829180272181,0.582993469307961,0.6633174339453732,0.9081335168762579,0.7976447158509099,0.643164749319813,0.8894075764502329,0.616160530689899,0.9870950725769603,0.5623373993584305,0.7970012392447798,0.7228535056256475,0.8014291576500838,0.519725261157071,0.7344504876974182,0.4565243941979036,0.6910941075793365,0.0,0.8030685194230145,0.7288943598940756,0.7135633792799144,0.0,0.4979441423824283,0.4947777131756492,0.5326051769896847,0.7298431125565805,0.6871864499999265,0.6404373100660223,0.7304406103323294,0.8934138740545536,0.576932223485713,0.7405890946211722,0.898793547443423,0.6555115220315247,0.0,0.586690372000892,0.648075686909221,0.9329265347068856,0.9378650877945456,0.6448127086817523,0.7788839691968573,0.0,0.7804128037261963,0.8593999617658481,0.8290462366287237,0.6915596321886106,0.8375461428355485,0.7231133352711525,0.6219960412926788
0.5800643549744855,0.6563619135697853,0.4689564786841892,0.5975196554575706,0.5976575385351315,0.42224500641546747,0.7577585774283947,0.8151037285141458,0.0,0.8694510829461083,0.589961632995516,0.46621102719185026,0.7697999516838745,0.6938816411423415,0.8318488321136973,0.8361870714328306,0.7886495982183875,0.8191239314029986,0.21803615411368504,0.8207222191212402,0.48057613470658567,0.8839173304424043,0.6385371818002615,0.7789260276766884,0.910981134218098,0.8456829817664946,0.39566245822707685,0.7881809125685089,0.5566371324293649,0.750677691107424,0.7842940710759578,0.834723369418312,0.5555669013033081,0.8636416988467659,0.7663081182657703,0.7377837667701764,0.6971568730484636,0.8194377858017103,0.6014904640801748,0.3580441075847337,0.48326071950351324,0.43637327840681006,0.5818927469691231,0.7289768719750922,0.6689876977644256,0.0,0.7330348010763614,0.7259146763964548,0.4714500948875894,0.7230964293953177,0.7544032343855531,0.8718271526874213,0.7352179368631648,0.7646760929796028,0.431484188116821,0.802969825624535,0.3676438250739283,0.7511863740447327,0.6485324647600907,0.7769881715749007,0.7308796504288934,0.0,0.0,0.6741893590148405,0.9426858006472282,0.5922603494667806,0.8270780128645178,0.7318578249541438,0.4210942510857629,0.6740772774273571,0.512771617268897,0.6752955320422123,0.7784511529571683,0.7359903820606843,0.8413517173467457,0.8964744203254519
0.7109382017270025,0.4120467568725905,0.9688622382744041,0.28350913355238316,0.8780580768159875,0.9123209354841046,0.7217677345492963,0.8487488781660512,0.8694510829461083,0.0,0.9213155277356397,0.7039710434958834,0.7612487759635345,0.1624082854316309,0.5076403961421025,0.429508792293821,0.5334520232178683,0.061040140710593715,0.8806636966113606,0.8062639912248253,0.8490557993102377,0.5812519836734177,0.8981569806349567,0.7441869549956255,0.5554095797402973,0.5983319891866042,0.8169078282223009,0.9549447545510092,0.7231231144642448,0.8682032667329088,0.9741066003550223,0.518251259554819,0.8322962748567275,0.7864194518166188,0.4606963124096549,0.07820555125635348,0.014959819400615637,0.6787875004150371,0.24129783099498398,0.6913625092817319,0.609008221482312,0.14488534144357243,0.5257153927471236,0.5807643813931896,0.7275485511891848,0.8900065389073634,0.4054325245661623,0.38132936377712484,0.46801045886293463,0.40664775898144945,0.6529945620521154,0.651203872202066,0.6857667706216168,0.5223176611887572,0.5615225063607967,0.6069838547764524,0.5738855509627775,0.7281588416893552,0.0,0.5929683394561269,0.43342422514984996,0.4224868266523435,0.4705575732852596,0.4650288266124559,0.4749192012255823,0.6578639183523116,0.33206216000274846,0.8985828105274041,0.41862476569338614,0.5333943404863785,0.5021577000059492,0.6643077115020413,0.8117834391343972,0.7864569164996931,0.0,0.8375901934598682
0.6030462430200901,0.4463610797333177,0.8395021654593419,0.368062662109187,0.49057407967102346,0.5945334533545981,0.7985004347760937,0.8155058844410374,0.589961632995516,0.9213155277356397,0.0,0.9687320880031325,0.80222001952531,0.641998425503536,0.0,0.4700206082295877,0.6145614610648218,0.7926022621716114,0.5934275259559608,0.4952329679376478,0.8257605307700133,0.4406960591540456,0.629879567022094,0.7433928601060585,0.6940892447324272,0.8204398101448487,0.6567357014015258,0.8141552686648496,0.5320831282142867,0.6333670825815214,0.7636800858513159,0.7951324973207022,0.8244359363787569,0.8814260282283035,0.7404793315521618,0.8213062302981751,0.869919154919648,0.7726784090183504,0.46435441996374544,0.5470660427021397,0.8436618535427749,0.6913855451320303,0.5522452777564101,0.7169440524150563,0.48457047027637734,0.0,0.0,0.7415872110280524,0.46910574256468285,0.6463545058321135,0.6885170441744198,0.4788387309414236,0.6417162979879287,0.680908946758658,0.776911925449626,0.32127786184838447,0.6097112961811331,0.675288302142417,0.8265036298810747,0.0,0.0,0.0,0.0,0.1911444652041246,0.5309391664069212,0.0,0.5638013671098765,0.7547795912907728,0.0,0.0,0.9606617605004206,0.8283991860893123,0.7801068100702466,0.428295385386832,0.0,0.8614597872140437
0.7577607133850598,0.5601124395139914,0.8486090250001095,0.3685769304245442,0.52291952569675,0.8216924197986057,0.5823069162083823,0.5637452135014647,0.46621102719185026,0.7039710434958834,0.9687320880031325,0.0,0.9910059130692421,0.6354828163624229,0.4986334874167823,0.669419720851357,0.7265389001966694,0.7210264738473824,0.879801109935909,0.6356872680997065,0.6901699013236164,0.7203518465783005,0.6168920945500488,0.5685561487996953,0.6267113807536442,0.5184926875114568,0.7342740653653236,0.9992265349054721,0.7797639777800678,0.6799885533869358,1.05843082206297,0.38404809003707197,0.8171122099471492,0.9365488087969644,0.5321804044017862,0.43864473934292075,0.5444357812376532,0.4279544783938087,0.521092570139056,0.6005341225702847,0.5819611670544157,0.34384237658044026,0.4057745534409064,0.6356678349156557,0.5595933185354527,0.876259382497599,0.3942519726122543,0.5185774383961383,0.47980188821671776,0.2675457435592508,0.5081798646145903,0.7326954866430403,0.34883672387555376,0.5049525826470291,0.5645400345655992,0.49627890284749154,0.6178830645843156,0.9810600685915885,0.5262594342295397,0.5078972102149704,0.6031229121125687,0.4673881039739518,0.5310109153301739,0.5927545736185098,0.8184241577585631,0.8145325237176881,0.4557635186878929,0.4575228546500132,0.3996540965468254,0.5553331361618813,0.5541086055930076,0.4735854142930427,0.9400617439030509,0.5894949212528746,0.0,0.8546042159937222
0.7309662162269565,0.9021593610105746,0.8309525508663413,0.482381022083752,0.8631108711519183,0.5919811913948365,0.9254476915147924,0.8480753464520814,0.7697999516838745,0.7612487759635345,0.80222001952531,0.9910059130692421,0.0,0.6558544177454674,0.7569971613584252,0.7905391722468624,0.7046694276322161,0.8525313259823044,0.7616693659759421,0.8053313183072741,0.7184762368012347,0.709874926037165,0.758295817842607,0.55013206237462,0.9240386079076128,0.8830102959798062,0.7643491123127013,0.7211092967381518,0.5987413771964887,0.7516578718728928,0.7326936988356447,0.5994806132180842,0.6140029857564122,0.8361540123223284,0.5950004484608689,0.6633727205130886,0.6635849923246173,0.6566255644769011,0.5271233769638691,0.351827557300207,0.25561341397597875,0.4439963148452863,0.6351511844795639,0.32270537230236,0.750995823453782,0.7465169396155782,0.9523330584213241,0.9332190469626882,0.0,0.8813454987398122,0.7504058192248908,0.8661864846124891,0.8149511014232744,0.8994581382716179,0.5927367402186616,0.7057290542648778,0.15826653615704808,0.8565480376029635,0.29717070673409385,0.726349212821291,0.8717282741659307,0.5766462886933998,0.7168074148865023,1.0074442994958805,0.7136201238356289,0.7965222770530371,0.8167918091662733,0.8292479262931729,0.43905223080359795,0.8171801641409611,0.7305268904515794,0.8337056259177158,0.855830771592225,0.7439067854586268,0.6288435985163365,0.8302818027787229
0.6747091483684646,0.5765186329935892,0.8918068847614471,0.4738351373002825,0.5491398984358635,0.5587113401590036,0.6381293632673847,0.948823179992335,0.6938816411423415,0.1624082854316309,0.641998425503536,0.6354828163624229,0.6558544177454674,0.0,0.7298207872298842,0.5728938828606379,0.4524526978039302,0.4679869096623843,0.61594317672125,0.544277434360367,0.8399417324822664,0.31534919107428017,0.7792591939170773,0.7871401697937253,0.4367692701093112,0.6565349179471768,0.7691895490399693,0.6471906943275572,0.3953842324407024,1.0094582604348654,0.8750190763432082,0.4833912951360336,0.3370890328534826,1.1476399508407573,0.6133827213618719,0.6094005561597594,0.3172252921033989,0.33287021951774776,0.6664342677534227,0.0,0.5253096969288602,0.6439766569886638,0.558992715585765,0.4695571342457983,0.0,0.0,0.0,0.5391457193751915,0.0,0.5250751756105183,0.486207127286293,0.47701902710965083,0.8315541706643007,0.3240197481137477,0.0,0.694113302956606,0.34502064337697397,0.6498511048335668,0.5943449747245516,0.0,0.0,0.0,0.0,0.6636566532549236,0.0,0.0,0.0,0.7994305099655021,0.0,0.0,0.0,0.6680798247497418,0.808352489944648,0.0,0.0,0.0
0.5543581433817879,0.6446392621466627,0.6721286373344241,0.7107011591313279,0.7342505495952188,0.8486875985792157,0.707092387002581,1.0556406748908886,0.8318488321136973,0.5076403961421025,0.0,0.4986334874167823,0.7569971613584252,0.7298207872298842,0.0,0.7412672503780435,0.7093103132667603,0.7298147904597349,0.0,0.7163034840938675,0.8843825163121212,0.6764098967994822,0.7684987878471248,0.4440792935418286,0.5408966872034202,0.6194374399700471,0.7166333200838004,1.0205203003418948,0.7547960635689932,0.5904243140742422,0.8012314182216254,0.6443205009324248,0.8620572328894581,0.7458606245756252,0.8110487560312503,0.8857373827575838,0.6419763634047837,0.3626734039800748,0.7106450433470559,0.8619459487895522,0.8967498709106109,0.7779374766167713,1.055439705595335,0.5526750717081386,0.0,0.9609743787956677,0.9395471874591056,0.7193051685313956,0.0,0.0,0.6922420124424424,0.8348908940968581,0.9607339475784622,0.5624724351072141,0.0,0.0,0.905452080032664,0.758749020812106,0.46829454784448565,0.7776485741114669,0.6967656051279902,0.5579117419038315,0.9173151737478,0.0,0.9158852238929567,0.8369496059041156,0.9724902063562664,0.9351192067075941,0.4495626756793293,0.6214805209966656,0.844887102582223,0.8346841966732412,0.6641352440444122,0.7523527445125862,0.5684078821937435,0.6255178648544264
0.6968263180278356,0.6017629523429726,0.7697800062449613,0.22726056050711546,0.8887372739687023,0.6990596369549619,0.8129265610484607,0.7007945322800586,0.8361870714328306,0.429508792293821,0.4700206082295877,0.669419720851357,0.7905391722468624,0.5728938828606379,0.7412672503780435,0.0,0.390264955117934,0.5985105004422251,0.49796463810457336,0.7439127013531892,0.7684919621172401,0.5631829345605719,0.5588753787104106,0.7557438648625008,0.4894740592031558,0.5958442979743821,0.6917339415519765,0.8611497036737952,0.8096934641610549,0.886309579331273,0.6687807015110727,0.46597359636848945,0.4488118322071245,0.25663750165094645,0.39396103836354135,0.3246572367470062,0.6229400733869204,0.5773118145322542,0.7105021465653627,0.6221750106824212,0.6147058947909178,0.5944397288527637,0.469375214848913,0.0,0.0,0.789055452721666,0.663159474102965,0.0,0.0,0.0,0.6830578914893284,0.763407451836152,0.9305403199452502,0.0,0.5021738534159943,0.0,0.6619714664495275,0.8518512261952357,0.0,0.8130561625286761,0.6649436655033725,0.4969243202690599,0.827288889136063,0.0,0.8060048752589797,0.7840824818305153,0.5054909899855305,0.851639888140342,0.9245240992829857,0.8266017582859566,0.741734986891146,0.9212360515174944,0.7835901636475213,0.8773999694050422,0.0,0.44484640969573397
0.5163742547082417,0.6395743477570986,0.8394812904648411,0.7014129265685307,0.7215641374874215,0.7391710934265323,0.7865713167169908,0.6761110871033482,0.7886495982183875,0.5334520232178683,0.6145614610648218,0.7265389001966694,0.7046694276322161,0.4524526978039302,0.7093103132667603,0.390264955117934,0.0,0.4255149895620277,0.9053151552853919,0.5919391050786267,0.6195956260818771,0.7000879497835821,0.6836326123508398,0.6529532246665063,0.5163396831179352,0.49142456801262224,0.6515674814063783,0.8311159574574836,0.5747660709155392,0.6764574456246681,0.3994646676082206,0.6794183732807643,0.5628994116276531,0.4578261142645824,0.4820580821935999,0.721363190623334,0.34728385332016265,0.4530758349443677,0.485592336528397,0.36672139502610873,0.5311094865258377,0.7898664969696214,0.0,0.0,0.25175747251815783,0.8136486667032934,-0.06753633762270345,0.0,0.0,0.0,0.0,0.0,0.0,0.0,0.5626779973434927,0.0,0.5738702694523466,0.4715063254420503,0.0,0.5591105050424361,-0.011734854845545095,0.5088293008450274,0.2057996262863628,0.0,0.0,0.0,0.5068685897252231,0.0,0.5935527022594861,0.5165131912785461,0.5560847128166272,0.0,0.644454844236753,0.4699907662652947,0.0,0.575649272076916
0.6389334322978498,0.5828195671059476,0.6929442010936127,0.4680224186889958,0.6847802697960741,0.8253153798918003,0.8041757412716943,0.7669430929968641,0.8191239314029986,0.061040140710593715,0.7926022621716114,0.7210264738473824,0.8525313259823044,0.4679869096623843,0.7298147904597349,0.5985105004422251,0.4255149895620277,0.0,0.6837862074392246,0.7308089610501869,0.761405656330061,0.5521481287907513,1.0628614489100128,0.6519798818695077,0.5997678488568923,0.5458626734665816,0.8272670810891587,0.8595360689159939,0.7426243241221657,0.7583580048908938,0.28045767984380543,0.6188311505776487,0.6715773669323536,0.4557835946547875,0.401939890106343,0.7131101361158594,0.39790504321211617,0.3464740893634374,0.8592813763302303,0.6206480549240347,0.6308612247270504,0.7433060613731903,0.0,0.0,0.48191417064944875,0.834540684111267,0.6100363945176362,0.0,0.0,0.0,0.8155159151190443,0.5061810285165312,0.6279311068524129,0.0,0.8606036531211688,0.0,0.8296845882890043,0.7737471311050921,0.0,0.9000559702815498,0.6546423810576941,0.88875038906172,0.6784751586708695,0.0,0.5423077433303087,0.826714606558594,0.307105575486171,0.985281306129473,0.7068323568363032,0.7269298256484393,0.8266088637998135,0.6787853699695573,0.8654718681737478,0.7602001458926307,0.0,0.9034317159877527
0.0,0.6753561844898621,0.6464216823541304,0.06847543305415849,0.627918116700234,0.6128021621165354,0.7709775072467706,0.7034752727263109,0.21803615411368504,0.8806636966113606,0.5934275259559608,0.879801109935909,0.7616693659759421,0.61594317672125,0.0,0.49796463810457336,0.9053151552853919,0.6837862074392246,0.0,0.4596362524075699,0.6706356123773383,0.7184287522609694,0.5842873541314966,0.8706943641607071,0.7828640832316837,0.775556402181795,0.5251671785885692,0.8173829353007109,0.5965481929475958,0.8741995068775571,0.7856579200012053,0.7449089767609778,0.813266855281064,0.8175569214538633,0.8001694881396886,0.7494006720748416,0.7451897046097801,0.7561863759525158,0.15305713268951016,0.44024113405928456,0.49936834775088934,0.3419552836627231,0.621155345732781,0.6890411697290015,0.04633539583661742,0.0,0.0,0.7994775900190356,0.0,0.4063309592106378,0.6666397882204071,0.7698806971712282,0.7615681286951355,0.6701619065556175,0.6528479130468112,0.816254098658722,0.815754107344421,0.7418982910818587,0.9615878050640594,0.0,0.0,0.0,0.0,0.8056639826598104,0.47301174505990945,0.0,0.4436822137412506,0.6944016679630459,0.0,0.0,0.0,0.7620855348095519,0.77923169119872,0.5263043975497466,0.48210103862217535,0.8182243177789972
0.786675737239027,0.6238781251672623,0.42467407259262446,0.7911912645418734,0.7520370105235549,0.596965961483504,0.8245397566669426,0.7165702075633942,0.8207222191212402,0.8062639912248253,0.4952329679376478,0.6356872680997065,0.8053313183072741,0.544277434360367,0.7163034840938675,0.7439127013531892,0.5919391050786267,0.7308089610501869,0.4596362524075699,0.0,0.8058755945213942,0.6644583245777094,0.5523417232276291,0.7277177119716799,0.6193832491073392,0.6588465767824374,0.6839316647953173,0.6354785119344211,0.42155066102903016,0.5448035759531207,0.8065124356401355,0.6783815283942451,0.687418729083008,0.8036899656066521,0.8885044974659432,1.0440941474786396,0.9181994806697298,0.5492454929967376,0.7712983767078053,0.7965699381482116,0.878106519923206,0.6370395636332218,0.5261374118811073,0.3536394916273,0.3522454972746749,0.8398433264802359,0.7683928659152,0.8142307779673719,0.0,0.0,0.6826959444349785,0.7422396225690384,0.8374078847523898,0.7387493667181251,0.7749682403818177,0.0,0.9082196444944342,0.8469751159067247,0.0,0.7462237806004517,0.6048165477790852,0.46818222951275723,0.8560503206375546,0.0,0.7345536642003166,0.7143509897964523,0.8135845488241216,0.7738236267826872,0.0,0.7729775237872768,0.6942709012360329,0.721936776402065,0.7860094757053768,0.7166369183613019,0.7108976805485847,0.7124844040429665
0.47688694550924665,0.6951974136713721,0.6678642000784516,0.39932885197831247,0.7775119131474585,0.6629376831916838,0.6369344105248067,0.8487080650536603,0.48057613470658567,0.8490557993102377,0.8257605307700133,0.6901699013236164,0.7184762368012347,0.8399417324822664,0.8843825163121212,0.7684919621172401,0.6195956260818771,0.761405656330061,0.6706356123773383,0.8058755945213942,0.0,0.7343231461580338,0.7615062209423062,0.5273958205425638,0.689854352409567,0.8309490913955819,0.7160651387661074,0.6302234493364598,0.7536801296221647,0.5097176843648147,0.4843381805321636,0.4964992928431788,0.43710005178221323,0.5762231812882341,0.5870951842355272,0.7120414818934357,0.504908318818851,0.7662514585439375,0.8342787757968575,0.7731930772004345,0.8464402249807343,0.805881555176613,0.7843174335725813,0.0,0.0,0.8440712978914177,0.8847227361631587,0.7790118085145293,0.0,0.0,0.8066938335884857,0.6843691885722768,0.780465768902075,0.6455687284355074,0.8932005465063503,0.0,0.7618390810906466,0.7170538094648207,0.0,0.8060065844112035,0.825075976277579,0.0,1.0300140552666834,0.0,0.7624677780108273,0.8937364871793038,0.837061426900249,0.8403061603021925,0.549178866799213,0.5260968016974774,0.8808944543105939,0.7644779322627386,0.841098176707054,0.9345571328141251,0.6811321363817666,0.5484805424927939
0.5587993458445661,0.5789830596010636,0.8173037502102241,0.8142357097079658,0.7300909425255745,0.5970646427065456,0.7428418310698084,0.7233898081525252,0.8839173304424043,0.5812519836734177,0.4406960591540456,0.7203518465783005,0.709874926037165,0.31534919107428017,0.6764098967994822,0.5631829345605719,0.7000879497835821,0.5521481287907513,0.7184287522609694,0.6644583245777094,0.7343231461580338,0.0,0.8720567024681964,0.45810955565216904,0.6899863686641305,0.5653038598949752,0.6807875821500409,0.8756557841356822,0.5236277823357347,0.8481251639474424,0.6772944351012579,0.6412986171024229,0.5988133817043146,0.741278483422976,0.8510823969806982,0.7941704224158288,0.9004202898744905,0.41357353737323815,0.8215920698206465,0.8633694331778655,0.8515742740562691,0.8386014671000617,0.8599715257950751,0.4030691582403009,0.3953778597644574,0.7614644536021731,0.7323002157139132,0.7833777118313472,0.4709891413960148,0.39886063033661534,0.7217434998749328,0.9056393264587416,0.6966005336172374,0.8353970336050152,0.6506761349135131,0.0,0.6523766535132229,0.8502644600303303,0.0,0.8562096698125805,0.5496591416720704,0.7161556306273271,0.493170255528042,0.0,0.6940170899050676,0.7891683843845538,0.7888741342516058,0.8132283922256289,0.8500280040841321,0.658337606209777,0.754621458907532,0.8310318606250429,0.7556624532087687,0.8589838211114396,0.5080139170592287,0.5881614970140298
0.7323837407750826,0.464002226122767,0.76248818194104,0.6364144198881583,0.3264382771472304,0.6452620868433527,0.7602368436408132,0.7350335724370841,0.6385371818002615,0.8981569806349567,0.629879567022094,0.6168920945500488,0.758295817842607,0.7792591939170773,0.7684987878471248,0.5588753787104106,0.6836326123508398,1.0628614489100128,0.5842873541314966,0.5523417232276291,0.7615062209423062,0.8720567024681964,0.0,0.6426050030953343,0.5997302478545331,0.6602775839139838,0.41008810563650344,0.6299610530922097,0.5624987072348209,0.5760866507916798,0.8056408265716481,0.686336956801036,0.7671322498155404,0.7693546099903067,0.6421002394790363,0.840823344479998,0.6802729698293191,0.6714706846285082,0.7472320258598857,0.7865548484459168,0.7659929620954269,0.748776942490818,0.7448934310006059,0.9109639289532663,0.7023355594073843,0.6579379846643866,0.9460831833314239,0.8181229997628479,0.6012421509868147,0.6381786411913613,0.5810737343560952,0.6363700006005997,0.6534827191665089,0.7092798770926031,0.8027351577414654,0.8864954512196352,0.29589245050374025,0.6611665429795467,0.9141217803685387,0.8371943835764261,0.9181926948087302,0.47491920122558196,0.8815607288049757,0.8786953362341787,0.8382825566162445,0.772806557206994,0.8648926013448446,0.7371905091817993,0.3406941277616711,0.8349119122128428,0.815322933475994,0.6106076039442334,0.6655551447730403,0.7601554954551175,0.7254590025038934,0.7087058671006154
0.6551023361479269,0.36153614719066396,0.765799513339125,0.5758000139326926,0.6273895527846843,0.4230922123223404,0.5666511789911652,0.6585631917746508,0.7789260276766884,0.7441869549956255,0.7433928601060585,0.5685561487996953,0.55013206237462,0.7871401697937253,0.4440792935418286,0.7557438648625008,0.6529532246665063,0.6519798818695077,0.8706943641607071,0.7277177119716799,0.5273958205425638,0.45810955565216904,0.6426050030953343,0.0,0.620192678754381,0.4705494410597156,0.5759481951536419,0.8496694875505562,0.7455350702417178,0.9259765614739914,0.9747733905287526,0.6298178207985439,0.8029183065072933,0.466523698400168,0.7645655774245176,0.24940105521611033,0.36155148556551303,0.4990563632897653,0.5468719909401817,0.7545221431358536,0.517492162112464,0.7783669016372228,0.6738063929431093,0.5414609037106396,0.5628642968175721,0.8528228544196802,0.24090363925554725,0.0,0.0,0.4631300343900684,0.5905725746230028,0.37422652000448464,0.0,0.3336584500741475,0.6586679127310069,0.5051486726474421,0.6003220431542823,0.7638812240333712,0.0,0.3383286256530831,0.2585132839545236,0.3947124787135464,0.5633281605736181,0.4832114497767268,0.3778936517078606,0.36991228916727464,0.6408676531193516,0.6676286844555425,0.4230499495263531,0.56955273520603,0.6879352496122907,0.5390727059678257,0.9735921631654708,0.8692494012908494,0.0,0.6788805090986779
0.5564481409421811,0.5756703410214058,0.6236718377225613,0.7805463979818597,0.6510510113993491,0.7149311849286488,0.9035811277841506,0.7998978977742739,0.910981134218098,0.5554095797402973,0.6940892447324272,0.6267113807536442,0.9240386079076128,0.4367692701093112,0.5408966872034202,0.4894740592031558,0.5163396831179352,0.5997678488568923,0.7828640832316837,0.6193832491073392,0.689854352409567,0.6899863686641305,0.5997302478545331,0.620192678754381,0.0,0.42821119183625866,0.6470161724412277,0.8832360342363539,0.746052914706099,0.5289121104756572,0.49421257091465226,0.4689638191596578,0.7671083989747725,0.48962047516981777,0.43532627111193994,0.6400499315684139,0.5872148083849548,0.6507917321835444,0.9288177256620074,0.8318594976510744,0.7011621299669217,0.8740474904142389,0.18543783355433127,0.0,0.329525087718593,0.9535875465833545,0.795794008137388,0.0,0.0,0.0,0.8453269682288964,0.7092386216862867,0.8910508952283307,0.38688358890776614,0.7429631379343642,0.48949243935204834,0.7219150971916988,0.5910780368382198,0.0,0.7565244268207669,0.7326397056003948,0.6379818198821158,0.8213933371677513,0.0,0.7001686488587764,0.733691975381235,0.522610646924029,0.8107140275949458,0.7394340829317754,0.8406936452242233,0.8588870767395087,0.5615316144787748,0.7396816881700292,0.4865686138964572,0.0,0.9001436613403522
0.7460507778555742,0.3878807498289758,0.38057822080180803,0.7436899487710281,0.6160728721096095,0.7080407872326574,0.8808742278769859,0.7319204269563173,0.8456829817664946,0.5983319891866042,0.8204398101448487,0.5184926875114568,0.8830102959798062,0.6565349179471768,0.6194374399700471,0.5958442979743821,0.49142456801262224,0.5458626734665816,0.775556402181795,0.6588465767824374,0.8309490913955819,0.5653038598949752,0.6602775839139838,0.4705494410597156,0.42821119183625866,0.0,0.7268348154228177,0.9296216679558067,0.8119602776267383,0.6598436738248508,0.5624647857757168,0.6526250284525775,0.7271705354911551,0.5343257277592485,0.5677632702267515,0.5159147413895684,0.605460820320023,0.6573037330445388,0.8353312455004255,0.7678620262031619,0.6391741541013728,0.5862413054600628,0.2555201981643445,0.4940837016898701,0.5317326086884846,0.9126121938619953,0.8924242268779055,0.8640184611294057,0.0,0.02142388850353367,0.7941792688498559,0.8774060546921728,0.6058399307579279,0.6113116762345341,0.6262602151787156,0.0,0.6688366687918841,0.9168613608833469,0.0,0.8767903188761942,0.7360745458960953,0.4334974747606013,0.5870822553678277,0.0,0.6951383106176423,0.9135395631653123,0.7439187088820234,0.7503608138646461,0.6267118899683269,0.7265236881867398,0.8116135471590061,0.7292619974118895,0.8686119779722303,0.8224230487852413,0.46759683400334395,0.7868302149746542
0.6879700160361892,0.629146347873073,0.4965523562097751,0.7854193302244991,0.5946437097234165,0.6383612188672199,0.6729599199610778,0.7164827442988309,0.39566245822707685,0.8169078282223009,0.6567357014015258,0.7342740653653236,0.7643491123127013,0.7691895490399693,0.7166333200838004,0.6917339415519765,0.6515674814063783,0.8272670810891587,0.5251671785885692,0.6839316647953173,0.7160651387661074,0.6807875821500409,0.41008810563650344,0.5759481951536419,0.6470161724412277,0.7268348154228177,0.0,0.7459638275668237,0.6246438290837987,0.7061027264222225,0.8300740527997678,0.702211065628978,0.696756232690088,0.7890010621047217,0.7992129974100229,0.6861208450306071,0.6794461762331834,0.8453329609924523,0.7424585979445978,0.6941266106757755,0.7836832055158711,0.6831683897859452,0.7725499061427812,0.8495009782595726,0.7050346305589178,0.6944479237740415,0.5676347179603133,0.7745585415966431,0.6719045410160278,0.7738892016053279,0.5575698977381549,0.6777004078240942,0.5615086025886551,0.7222233702945717,0.7066424359434853,0.8593910577798386,0.5173291353840904,0.6637509556773915,0.816758321854353,0.752566513374116,0.8652061065027559,0.0,0.699053359511345,0.7988856904579602,0.7505966355962448,0.7507322792310276,0.7782779756135884,0.6190386234419312,0.0,0.7883334717840189,0.8417638335712359,0.6838558818300532,0.7375436219477295,0.7199112584304699,0.6546984165671411,0.7024142166828051
0.6579825494275398,0.9388943957823825,0.8125580672787125,0.3902310183687998,0.8310954042936382,0.7174976117798806,1.0439268066953815,0.7968829180272181,0.7881809125685089,0.9549447545510092,0.8141552686648496,0.9992265349054721,0.7211092967381518,0.6471906943275572,1.0205203003418948,0.8611497036737952,0.8311159574574836,0.8595360689159939,0.8173829353007109,0.6354785119344211,0.6302234493364598,0.8756557841356822,0.6299610530922097,0.8496694875505562,0.8832360342363539,0.9296216679558067,0.7459638275668237,0.0,0.7221821150660657,0.7517709796109282,0.8407838111179351,0.5066711666531726,0.8499545832679885,0.916505674000148,0.8431347259584432,0.4897465368502853,0.4084428197299904,0.6863393394779589,0.8888774642646745,0.3042920374726069,0.27822933627836954,0.17288056973512173,0.7296257341099034,0.3171238262967182,0.8296376899063217,0.7546000930012078,0.8213582307030356,0.8409002542603328,0.0,0.9768429264896251,0.7605125386679725,0.8572122765188117,0.7833434854089567,0.8007663648733699,0.6591258932388719,0.8645504261307841,0.4922610252466047,0.7880124583822751,0.4198573915919208,0.7594037143370322,0.6673071466770086,0.31169604007372037,0.8050001990172317,0.9421551634285916,0.8208832647035587,0.7782442778496137,0.8272964662671677,0.8153707648408515,0.6129771828989019,0.7655386213055992,0.7365533614283997,0.7997427326787491,0.8086032526412826,0.7457766040788802,0.7635249835532006,0.8504214593185477
0.7470910073560069,0.6559476419769119,0.6940334635050445,0.7215333542252961,0.6331461128228592,0.5472959908362517,0.6231514929357018,0.582993469307961,0.5566371324293649,0.7231231144642448,0.5320831282142867,0.7797639777800678,0.5987413771964887,0.3953842324407024,0.7547960635689932,0.8096934641610549,0.5747660709155392,0.7426243241221657,0.5965481929475958,0.42155066102903016,0.7536801296221647,0.5236277823357347,0.5624987072348209,0.7455350702417178,0.746052914706099,0.8119602776267383,0.6246438290837987,0.7221821150660657,0.0,0.8021312333120545,0.9550106597954579,0.5591717381922827,0.7182226773095525,0.9172617924078588,0.6651466992832129,0.6037186663477713,0.5269531749599751,0.812204953728332,0.7449241244259905,0.8256230057035806,0.7938004016923044,0.6741944375717479,0.5212973915012978,0.8600847261518285,0.7161552199955573,0.6539670633349539,0.7706585108391859,0.6516308267271742,0.4254929087772872,0.5922552444833564,0.7070184545584376,0.8234068590683876,0.7466643941761083,0.8337175762926186,0.948975398989897,0.47156024026865345,0.810955068659109,0.7137847434061103,0.5735383429244368,0.7872462126887296,0.791392887326571,0.46869395014055737,0.7522837806205138,0.6409601729226766,0.817839573378346,0.8102024488111088,0.8370864802499391,0.7289745368860487,0.4759108477875816,0.814254140381676,0.8213087804532357,0.7147105802730727,0.8049621308090098,0.6871898500127834,0.6537938434540767,0.8096952961963835
0.6402189427864049,0.6016685365724903,0.7716846813584951,0.343399432091514,0.6671864013723232,0.7916274820912015,0.7144831938868108,0.6633174339453732,0.750677691107424,0.8682032667329088,0.6333670825815214,0.6799885533869358,0.7516578718728928,1.0094582604348654,0.5904243140742422,0.886309579331273,0.6764574456246681,0.7583580048908938,0.8741995068775571,0.5448035759531207,0.5097176843648147,0.8481251639474424,0.5760866507916798,0.9259765614739914,0.5289121104756572,0.6598436738248508,0.7061027264222225,0.7517709796109282,0.8021312333120545,0.0,0.9906466878527149,0.5700346522275086,0.5543817614494552,1.0018636722661132,0.5326290287539418,0.6283405635147423,0.17581198625159178,0.6478488945527696,0.7509641466471038,0.4794785622604762,0.6615473208588107,0.808462330148797,0.6576546220266444,0.2935241418285971,0.0,0.0,0.0,0.48348031938767383,0.0,0.0,0.7719012723164201,0.8744213454088628,1.056334210782662,0.8124463499291005,0.5370863688792027,0.0,0.025148034101225708,0.6405469494782359,0.0,0.7308536438476217,0.0,0.0,0.9139007501821219,0.9139491233906296,0.7866770252367228,0.6848797625603433,0.7100554401526862,0.7708019684369698,0.0,0.4073166616325009,0.47591872477788677,0.725004609342589,0.8070253302429709,0.6791374034633717,0.8169818946057026,0.8046501609585369
