0.0,0.015751446389373147,0.007958056943081326,0.0,0.0161343389899104,-0.003457570991378056,0.010198896741557939,0.024581013650298855,0.005802550273297624,0.05334570590551985,0.0073116338562728145,0.04436717564771159,0.03735057128657382,0.0007211977530517388,0.011861060122638045,0.04399455987559486,0.04051289910964112,0.050827175009781844,0.0,0.0105544307585273,0.031885636424628216,0.007628423172621801,0.029507868086260325,0.047842465957678604,0.03358581779109593,0.04619102851093143,0.031095297648762232,0.018656871147404108,0.02814234665732307,0.006259686073984028,0.04966372940489683,0.010375035838408209,0.046672229875913296,0.03461920443302807,0.007046142643444053,0.008465223992825899,0.000785884518574087,0.021762832940960597,0.011065212100828725,0.013855839909112655,0.02596188806269012,0.06358872524012243,5.044135967380292e-05,0.0,-0.057223668670302874,0.05531994700362464,0.021541781473451038,0.0,0.0,0.0,0.003061285115072976,1.1102230246251565e-16,0.0072896575231561345,0.0,0.03957820559303693,0.0,0.012724407945668315,0.002262473359741557,0.0,0.017585780311543342,0.0007928995936796746,0.015366565423689638,0.01407498145833963,0.0,0.009995037915426053,0.028968931308123114,0.009812811471425542,0.023277982873699476,0.026409748488083862,0.015342684157870767,0.01817241376203188,-0.014839685277319381,-0.00033320080335114133,0.001379139220323844,0.0,0.0636559858052364
0.015751446389373147,0.0,0.01276103764479014,-0.00010055909409761865,0.03563003072702209,0.03914358103891136,0.061416837798775936,0.027515302121955132,0.047891898138451516,0.02270818651670553,0.009571953648185305,0.014747306916383929,0.05055623333239928,0.008716809141944004,0.010702514486058246,0.021945699970567667,-0.006714984534945789,0.015519743098067695,0.016099884867282532,0.01743229975671501,-0.0032508508275425063,0.014255572800391414,0.0243097928371529,0.008601640537377997,0.004128359289590711,0.0110216879115968,0.02826629314477469,0.03420970675535118,0.024422298723005886,0.027227727781602484,0.03942827405366306,-0.0006623323730480801,0.015255562604088724,0.03281766558330562,0.005829616078710298,0.0234360185910511,-0.001492767326832789,0.0,0.008890436885441999,0.022895285876376403,0.01687349456821169,0.01014277040036582,0.006167231486870595,0.0,2.220446049250313e-16,0.010089422481667554,0.016054183831396285,9.016247474386008e-05,0.0,0.0,0.02193755650962126,0.01566593201451877,-0.013990778531879966,0.011296653316878236,0.011634756893478315,0.0,0.007558310954957459,0.012334589394027151,0.0,0.003904880459609794,0.003980380801793082,0.009237453446029442,-0.0034830958764595077,0.0,0.0057468023585363626,-0.002646546330882016,0.008262050648768615,0.021598196824063276,-0.003646143731842022,-0.001985796629686787,0.01925889594744923,0.004510735876201155,0.00895408517514773,0.022387508233537468,-1.1102230246251565e-16,0.015952182676865934
0.007958056943081326,0.01276103764479014,0.0,-0.01815224704426288,0.0038636157610294486,0.04044765715070653,0.04776243681874376,-0.0011252620601242547,-0.016598531658208793,0.013951355051658676,-0.0348139101008782,0.011075082646574419,0.05152336266004304,-0.027995310822362895,0.006329258829161244,0.009939372416957748,-0.00022163643898392982,0.018992125088092116,-0.03379442259613341,-0.011250790068556948,0.04077610586775421,0.023578876426714246,-0.008172463810787789,0.0015805150646486799,0.037311956199514995,0.03467582957080839,0.00874471302198393,0.04317752465334118,0.017063176515101974,0.04067747294258417,0.037502923703961966,0.025157458909643327,0.02278389147072246,0.03062233241636364,0.021419134910812265,-0.00919835420448295,0.009664306242437637,-0.007869417324830486,-0.0494324332995657,-1.0330610412112584e-06,0.01127077747035643,0.02283163708596936,-0.04977631148811984,0.004134815437317085,0.0,0.0,-0.0001711357470008945,0.10850381580753027,1.1329264210102608e-05,0.013674716589691327,-0.005902860482565497,0.019275273738808107,0.011839130797132058,-0.008076503338168117,-0.00028582282851724594,-0.005756968947113361,0.02740191727815383,0.021602343881439,0.0205798989414257,-0.00024437901429025244,0.0,0.0,0.0,-0.035428425973606514,0.01116872714167616,-0.0049473033120081555,-0.00033933530246832433,0.0071703120435978596,0.0,7.68766259632847e-05,0.011738667493859434,-0.007909258347225667,0.02139874534749764,0.018981783380206507,0.007494818093138678,-0.030410760894862277
0.0,-0.00010055909409761865,-0.01815224704426288,0.0,0.048905408897351066,0.03542543611961857,0.02800973918245675,0.01729899348841457,0.025057859631513135,-0.007502047175896448,-0.004292138865392592,-0.025159593495254984,0.022659806544083838,-0.010260721258869898,0.0014731938215842288,0.0009898594180687281,-0.006125070579880765,5.158994604476108e-05,0.007720484866260091,-0.0025297734084754886,0.001303149323984898,0.0004921169477019594,0.004644249604798367,-0.02241827404871971,0.0002915962867635624,0.01584394053081728,0.027274442801531296,-0.011343463707830292,0.01148242269897276,0.0031071665748381716,0.10873487324858983,0.0038476548473515004,-0.02741316053271492,-0.029560469117200006,-0.039398575582675954,0.004645040556012198,0.011471416338254076,-0.020919015962363285,0.004085893630313864,-0.0010947404431151941,0.014267742774040526,-0.009441412359655399,-0.013097999033115038,-0.009329659646610367,0.0,0.0,0.0,-0.0011952446809854744,0.0,0.0,0.016760516154554372,2.220446049250313e-16,-0.00011807046122480624,0.00031743203161738176,5.551115123125783e-17,0.007336526490097084,0.0025990142274965877,-0.0004882127749288867,0.0,0.0,0.0,0.0,0.0,0.0,0.0,0.0,-0.00010410263513610518,0.012324431499037447,0.0,0.0,0.0,-0.0019177805121411984,0.0023291663390085926,0.0027446077542719327,0.0,0.0
0.0161343389899104,0.03563003072702209,0.0038636157610294486,0.048905408897351066,0.0,0.013008331080497038,0.032075670270203416,-0.012878045129996574,0.020325742204593933,0.012977551584393177,0.005534159955232321,0.013416082591443779,0.035361733801666906,0.03822442030038081,0.015186118963955442,0.0817073598715482,0.011854896223922606,0.03137518274234047,0.012739317192407229,0.03980791397143263,-0.0075436183256769596,0.03829179336074856,0.032942142157093235,0.019167231915231786,0.018111696677799383,0.03415594876289546,0.014354456070769017,0.03585350606533538,0.06599985177034429,0.02254597385384821,0.024049706424428385,0.05489951809883653,0.03741969873966644,0.021143033244784837,0.03914085965556302,0.005869443720026318,-0.034576787572008494,0.01044985235029805,-0.013878324423904909,-0.007222064050898314,0.0013135024390318883,0.006725299329579382,-0.021001560962992383,-0.033086951151938215,-0.00033372803132253326,1.1102230246251565e-16,0.0053048000300903175,0.017690337172676096,0.0,-0.004778135914378034,0.020297457045165057,0.008271931205614647,-0.02613528294425016,0.02541432252312692,5.551115123125783e-17,0.021903941821521833,0.008869603615953514,0.012084837084495814,-0.0019124192285616681,0.009129824154325616,-2.32943024016663e-05,0.0,-5.551115123125783e-17,-0.002515824073907935,0.007414514219108881,0.00021808932547012772,0.007173962740805784,0.009633959325164199,0.0,-3.312118427872823e-05,0.0025845184668153443,0.007845532082765283,0.009795760609703219,-0.008888625514273163,1.1102230246251565e-16,0.02217284508786388
-0.003457570991378056,0.03914358103891136,0.04044765715070653,0.03542543611961857,0.013008331080497038,0.0,0.043464144716639175,0.050553132800444545,0.00918369421257137,0.0001769390905086432,-0.012898015582224809,0.013950159617720281,0.04196639921953882,0.014267641391561225,0.030182833282148436,0.0196786994243891,0.0074362965513746215,0.017007255325518333,0.007861019894534249,0.037159471316171866,0.03224454486784306,0.032849415476448984,0.03663283538007561,0.02549228009299115,0.03656082536021482,0.04694075336404019,0.01868736951687905,0.005116309756355464,0.01853660422147152,0.03814207350486065,0.029987950165876687,0.02771573461350768,0.04922469074496072,0.03783051086132466,0.030442911742001477,0.018693540215197813,0.02559477010176814,0.014355407945767118,0.002962911890123432,0.02098015779824325,0.011921835817050586,0.00023996300845086083,0.009632508564767439,0.019274341390253136,-0.0011574840811555687,0.015023694889377714,0.01604078320976743,-0.02178999458442754,0.01577731830521628,0.005676080592151633,0.014208234230239924,0.01010732104677925,0.026735979605379045,-0.028506799718347353,0.021215559335068856,0.018104669658892958,0.01681984139852588,0.020090225322573874,0.01010031053643401,0.018921216400556218,0.013970688208701343,0.0,0.006951201705210852,0.03152547829432484,0.03785094582323634,0.008478827157849145,0.02811851902504725,0.02016716699219634,-8.75321958716535e-05,0.01778822217958459,0.045584853872638886,0.015639690286776198,0.004368964167137002,0.025552481219935308,-9.88995025925643e-05,0.0059941118606477994
0.010198896741557939,0.061416837798775936,0.04776243681874376,0.02800973918245675,0.032075670270203416,0.043464144716639175,0.0,0.05270727955248827,0.03397909637928648,0.00962466729535738,0.02770324911589972,0.05057096760185881,0.05626867933259755,0.012194058161383248,0.08307991766154349,0.05212267556500205,0.018422896316397874,0.0390666476127145,0.028224324664413658,0.049995476059932764,0.054307030018851565,0.05527594201138286,0.06216489065520964,0.014276186500067789,0.045105936277301306,0.05807875237546506,0.052194652668641095,-0.00500618751806059,0.04579312107299904,0.03422164779236764,0.027642432412495754,0.0087783038979104,0.011565571478659054,0.0024456059487198978,0.06402329743373208,-0.002897807284944598,-0.0316017575662369,0.010929360858169646,0.0158752118970924,-0.012972910318632569,-0.007963906788428121,0.03620594556109802,-0.005520170497543941,0.014391199330956783,-0.02604696915351462,0.0,0.014862304358535139,-0.004422294227899193,0.0,-0.012843441966146285,0.01827245575609343,0.010178126003718813,0.03889520494746235,0.022772144615481715,0.00858850010787221,0.007558909369358158,-0.004664536815663978,0.006085701320501458,-0.024140546855874745,0.01265486571818375,0.004857155503180166,0.0,-7.161051776749527e-05,-0.006124255349832075,0.012356609439877986,0.01587731575287943,0.019749563643163326,0.02794393512516069,-0.00015915378359449006,0.006430278688405233,0.018572802628527618,0.023458039096913963,0.010922153897098219,-0.003401880084585529,0.010312039793929584,-0.006877184615753484
0.024581013650298855,0.027515302121955132,-0.0011252620601242547,0.01729899348841457,-0.012878045129996574,0.050553132800444545,0.05270727955248827,0.0,0.04034782337290388,0.02009392949034855,-0.05895022749220047,0.029692866899670545,0.05063730752528428,-0.018300078990762914,0.006257545737362036,0.04052066502118579,0.005917638712154172,0.019656149936171652,0.0066944358391284875,0.031355578169587894,0.024026416967776965,0.047333284030866396,0.012125153705594749,0.0292748984202571,0.020319632289195366,0.029834059776817967,0.044256038398543085,0.0504179643658999,0.04972869448454248,0.049270591739344616,0.036516876424177225,0.014090978207763005,0.015922438317416188,0.03392501390616859,0.05041116922007838,-0.04048616086399867,-0.07877242532932294,-0.01052707253817603,-0.002272019101035083,0.0028062879626517545,0.03420736030568877,-0.008986887823783873,-0.07142716235231933,0.0035984304462239325,0.0,-0.0008858737313464649,-0.005768725059550006,-0.02235209903558366,0.0,-0.024209308586319978,0.04036252803193752,-0.017368829727453905,-0.017197350327532834,-0.019667194807511112,0.00020726223120837162,-0.040631095702043596,0.00026449136372763693,0.01827134518728646,-0.03456003451709011,0.0008426533449751306,0.018432396025198305,0.0,4.437682621089012e-05,0.015391553946782377,0.029856745024552933,0.0773458138167551,0.007705654611209423,0.01748071236689025,-5.551115123125783e-17,0.0017467264105084368,0.018121332932098444,0.02587040990633649,0.01950933884269418,0.022480496728120636,0.0013605242005633733,0.015998019798844576
0.005802550273297624,0.047891898138451516,-0.016598531658208793,0.025057859631513135,0.020325742204593933,0.00918369421257137,0.03397909637928648,0.04034782337290388,0.0,0.010891758620201974,0.006064346222141137,0.016983541406259905,0.031070232677333998,-0.0021798816633137874,0.04814051831321969,0.030540080792619273,0.013012336011263226,0.0060383468539622065,0.0015114761923766262,0.05618598487380194,-0.002622831211455845,0.05055074404876053,0.04324235905292234,0.017277588460657356,0.03727187023667439,0.0462858816134708,0.03037314129390467,0.03373661286436025,0.05143518963983079,0.03799716030483591,0.028931460254183694,0.022765071958539107,0.016082422610688596,0.027054799591575973,0.029426147779992085,0.025703883815871742,0.02035981241722029,0.0026871094195163314,0.0368136772121152,0.0012009020029625228,-0.004571835933227186,0.017111626786055767,0.004220986679827565,0.011368861137489694,0.0017808657841131836,-5.551115123125783e-17,-0.0030810529216515614,0.015463972880983556,-5.442631648200358e-06,0.01587429376922256,0.018310306117752417,0.023933979085278057,0.03602155013068775,-0.00025654341088887644,0.01234569882606018,-0.0010250374750476743,0.010599412092163363,0.02810753928909171,0.07444633755725111,0.003561587563759794,0.0030013942008479955,0.0,0.0,0.02952401011868977,0.0025673738526205137,0.0013866246805972482,0.01902595581380917,0.02410473298268656,-6.69842248099406e-05,0.01586479176950817,0.027448517653627102,0.002956451715092401,-0.05649208220969304,-0.00401842909273098,-0.009497667710370306,0.011695106336776728
0.05334570590551985,0.02270818651670553,0.013951355051658676,-0.007502047175896448,0.012977551584393177,0.0001769390905086432,0.00962466729535738,0.02009392949034855,0.010891758620201974,0.0,0.011455315943889655,0.008137608388531004,0.0116407108110273,-0.01505933550607641,0.026019192759933696,0.05860015359528864,0.030585907811487845,0.02743733790029801,0.00785523430515872,0.025008301293009405,0.060985621745872076,0.009732062568180488,0.022603298191611,0.02315617447000623,0.04775894128300179,0.05700230600327644,0.015876074585678246,0.023001659854040235,0.030250665497229656,0.012409137586932961,0.029435968432851567,-0.004136962997034477,0.05685702862040687,0.03208076782682817,-0.0037530857974000797,0.06491440744071908,0.0013659058172547645,0.01032418682183639,0.024954174542780427,-0.003935628200628427,0.026159230113692866,0.016825653874916524,0.07451871983806119,0.004270333706836493,-0.007391818864399713,0.010423650041431143,-0.013538783124111498,-0.0005946535663018393,-3.090401647287688e-05,0.0005358559547479769,0.023133857168566974,-0.03050086293909232,0.004012090180437022,0.022378194349184477,-0.0012705882597085494,-0.00221309943121345,0.0002767952106227378,-0.008287357245837734,0.0,6.217886179682441e-05,0.017934509671167442,-0.002775497730250376,0.02116291522610897,1.0158312160613026e-05,-0.00016504690326529792,-0.0014379526443763502,0.007727255724810422,-0.0028750208480362027,0.014732756687310666,0.005157874191890233,0.011141932223401874,0.014868603469275321,0.0118439496696911,0.009477650758910827,-5.551115123125783e-17,0.021181082738251367
0.0073116338562728145,0.009571953648185305,-0.0348139101008782,-0.004292138865392592,0.005534159955232321,-0.012898015582224809,0.02770324911589972,-0.05895022749220047,0.006064346222141137,0.011455315943889655,0.0,0.015108897857251724,0.020794468069363414,-0.010540730409364929,0.0,5.2467808382306025e-05,0.00679834425326753,-0.0014437455631423624,0.013034178835992616,-4.486377628526439e-05,-0.0028415984400103067,0.004495923977975824,-0.047557905166306425,0.024782025602700264,0.001491301322922911,0.0013872660450061636,0.024853180891660664,0.021261749543032615,-0.000361387429034854,0.0005140525517191019,0.008329168397715636,-0.009479063755357564,0.025780295681183063,0.0011186221742390812,0.014689956249943459,-0.044958198955680484,0.019926310278991666,0.02055145112927864,-0.062075644112587924,0.005597507493440901,-0.019939691524102743,-0.00457985586759202,-0.0646962654259613,-0.005469465017281461,-0.00018027776015727692,0.0,1.1102230246251565e-16,0.004909743346596163,-1.0538992237241196e-06,0.01778165566789247,-0.04137046273920536,0.003067195944566392,-0.06141002972290427,-0.0362065372029195,0.006553883946156858,-0.045352666890175364,-0.012520889949048153,0.012612113739089104,-0.045022051838569,5.551115123125783e-17,0.0,0.0,0.0,0.04463294882143737,0.008236501735992663,0.0,-7.25972254351781e-05,-0.0318081822759933,5.551115123125783e-17,0.0,-0.00019497938068591125,-0.04298476943783158,-0.005180356929795682,-0.007890367379411733,0.0,-0.0016913841304138089
0.04436717564771159,0.014747306916383929,0.011075082646574419,-0.025159593495254984,0.013416082591443779,0.013950159617720281,0.05057096760185881,0.029692866899670545,0.016983541406259905,0.008137608388531004,0.015108897857251724,0.0,-0.004098574287065226,-0.01273280579246483,-0.002187671559632065,0.016221927125445235,0.06410091396329737,0.030657087265854976,0.0033715938634358844,-0.02674835711345075,0.04610028867103927,0.014202388311749914,0.023984726284532354,0.018215870393852973,0.05444697774036927,0.02432272211706904,0.009713546984468968,0.0050479660273426985,0.006268257636987684,0.025686688370019917,0.0026974103052056497,-0.05345624045503175,0.01681972112557012,0.0025495647869293037,-0.01145396230017054,0.011258265022166647,-0.007923199387650792,0.006833374933139819,0.12089823085658336,-0.018199222925083025,0.023683352905445598,-0.01990483479325933,-0.004147859504721518,0.009404933389142667,-0.01678855601327428,-0.03581651327489449,-0.0056648679595926454,0.00972630622200421,0.004600522728918893,0.009804898120345185,0.0011953268341649559,-0.016879830335433943,0.00048351555297709847,0.005007268583762936,-0.004801485021427854,-0.005136694468886149,0.0019391149818762665,0.018435456435607678,6.658766520828419e-05,8.76245554630728e-05,-0.006039470222026833,0.018845280172904988,0.004527461925070753,0.008601005970811815,0.006643684832331298,0.011847330347397156,0.0017962144953313497,-0.0072079185351972,0.011003142188246662,-0.0040906112127644945,0.011366999285522372,0.01729348099929373,0.0266661357039924,0.0013622814178713138,0.0,0.022592113361407318
0.03735057128657382,0.05055623333239928,0.05152336266004304,0.022659806544083838,0.035361733801666906,0.04196639921953882,0.05626867933259755,0.05063730752528428,0.031070232677333998,0.0116407108110273,0.020794468069363414,-0.004098574287065226,0.0,0.014982879808586869,0.05195490339807446,0.04305239720031029,0.021778626686305758,0.03151060200095945,0.025823181100488257,0.045450442159820525,0.061958915841698436,0.046184087731115264,0.05957019681669651,0.0028370763737868288,0.03716370626823923,0.05251579623310354,0.05435175957491167,0.03126423021033581,0.05611881144839648,0.06145639579516754,0.02111775177776537,-0.0003984022078764027,-0.018916199540026823,-0.0005818471607827447,0.0330732833673304,0.007876384161411398,-0.05789336018837293,-0.004019891637158157,0.03420068922313979,0.0013437661449841043,0.020669131917691264,0.0035337993836075943,0.01516641597308993,-0.021990252626241102,-0.004670867405633772,0.014128225589456367,0.01326816304700107,0.018789727780453847,0.0,0.013956879606505157,0.041618187211511115,0.02704247593835729,0.044513625759018405,0.010863218634499128,-0.0008864102890216441,0.019590679581870107,0.04044509779406813,0.012133163727678975,0.0002774548960441381,0.005985264246169464,0.00793911550230253,0.016484446617023807,0.011925919440810784,-0.0010660358217355892,0.02826639729287861,0.020655636378370867,0.013572836799969235,0.02889323816178313,0.0031490914045806395,0.007111339904689429,0.00925739337554321,0.029005287818267944,0.01974071633192165,0.027536484316174614,0.0034803872620919885,0.005361663200439126
0.0007211977530517388,0.008716809141944004,-0.027995310822362895,-0.010260721258869898,0.03822442030038081,0.014267641391561225,0.012194058161383248,-0.018300078990762914,-0.0021798816633137874,-0.01505933550607641,-0.010540730409364929,-0.01273280579246483,0.014982879808586869,0.0,0.006375990240053975,-0.0007156622106433974,0.00014161345693619598,6.961772470831518e-05,-0.0011626996792420963,-0.00011908494870732644,0.009919124439496385,-0.0021149379796434054,0.004567646029299599,0.006458518394636126,-0.00837355986626892,0.011689401813810618,0.006884067876158084,-0.07202034713423125,0.021941245147387878,-0.006355157290818592,-0.023577375929508815,0.02201648647607385,-0.06692274434261175,0.01238087284574696,-0.08435094940506499,-0.01212777302242965,-0.008307268644654447,-0.00953948562610435,-0.014756319065464207,0.0,0.0035383554686251872,0.0005230891387467129,-0.0508413414179924,3.0336476048442584e-06,0.0,0.0,0.0,-0.002242796245610079,0.0,-0.01985312421004809,-0.004915602155786181,-0.013141475710449768,-0.04691261022369447,0.01736949834888002,0.0,0.015504300842846874,-0.00012439960517857118,-0.023975099183756676,-0.02172571672917384,1.1102230246251565e-16,0.0,0.0,0.0,0.0028161240518942976,0.0,-1.1102230246251565e-16,0.0,-0.08006428157853085,0.0,0.0,5.551115123125783e-17,0.026748566123299844,-0.007192912316756339,1.1102230246251565e-16,0.0,5.551115123125783e-17
0.011861060122638045,0.010702514486058246,0.006329258829161244,0.0014731938215842288,0.015186118963955442,0.030182833282148436,0.08307991766154349,0.006257545737362036,0.04814051831321969,0.026019192759933696,0.0,-0.002187671559632065,0.05195490339807446,0.006375990240053975,0.0,0.03302010091617957,0.003646798172018628,0.031321816013211046,-1.1102230246251565e-16,0.03767845271698267,-0.006399728422710804,0.04138091869579791,0.04574166603913654,0.05187119113899258,0.02787588256145801,0.043633329996525194,0.04096600159317043,0.01998981199637545,0.011538509597581681,-0.0063645964037546965,0.01726692741542518,0.0018876955542048712,0.0067881617523931626,0.027832957027887018,0.01915177590326511,-0.0029468880636664974,0.021024202731843022,0.00013342200991006692,0.006205257236321315,1.2138158108299102e-05,0.011182368641095952,0.011788581381410701,0.020211332927927428,0.01467470426540679,0.0,-0.03911916271106369,0.0015009222369125053,0.014254392071577027,0.0,0.0,0.015467098869562712,0.0055324864944436,0.0035021696941299196,0.004582168089369898,-5.551115123125783e-17,0.0,-0.0027789845950432213,0.016132254390216705,1.7276103620567085e-05,0.003930418687951853,-0.007790457924295724,-0.0006038816873540909,0.014301293157770512,0.0,0.01628796245381503,-0.022675279480629862,0.004494667315925849,0.0038879046212247914,7.552011719336171e-05,0.01829137520703411,-0.004820238628069351,0.006598798877815559,0.002429883276255762,-0.004131020119600981,0.010312570041963565,-0.028829455117109992
0.04399455987559486,0.021945699970567667,0.009939372416957748,0.0009898594180687281,0.0817073598715482,0.0196786994243891,0.05212267556500205,0.04052066502118579,0.030540080792619273,0.05860015359528864,5.2467808382306025e-05,0.016221927125445235,0.04305239720031029,-0.0007156622106433974,0.03302010091617957,0.0,0.0263216158058297,0.032250111429990125,-0.00018398686676146525,0.023811885223312457,0.03535394080318233,0.028313095637674757,0.03479233445721652,0.022665019441952816,0.03928437764578441,0.0540850040349109,0.022114842488265063,0.02591493458254207,0.01518139662788992,0.0304989092916228,0.039396292166584634,0.01740707862006735,0.06489572634225921,0.04148048600711801,0.030850667888206895,0.01081871842944987,0.0036396381619897,0.026491809700899815,0.026835298671326335,0.03466778954061439,0.037007907223459424,0.02269606193659035,-2.2526720981852488e-05,0.0,0.0,0.03538389183027868,0.03219594799199027,0.0,0.0,0.0,0.0052510425256419024,0.01100081652391216,0.01685158978828133,0.0,-0.0017798062492942468,0.0,0.005117377209462481,0.010422455838935751,0.0,0.01708858693722931,0.017595301450815337,0.012132824389851748,-0.0010566830405289163,0.0,0.02593489096041024,0.025731244800332953,0.03453489967900403,0.025159819540708173,0.014417100323425358,0.01735889423174053,0.035374757097020926,0.00928733443565094,0.012116312541440077,0.032768099494056346,-1.1102230246251565e-16,0.030166397685396362
0.04051289910964112,-0.006714984534945789,-0.00022163643898392982,-0.006125070579880765,0.011854896223922606,0.0074362965513746215,0.018422896316397874,0.005917638712154172,0.013012336011263226,0.030585907811487845,0.00679834425326753,0.06410091396329737,0.021778626686305758,0.00014161345693619598,0.003646798172018628,0.0263216158058297,0.0,0.018522456072080085,-0.001204509061716652,0.025484617342096116,0.02407364489179037,0.01032100614128112,0.012833763290325817,0.026512242300506195,0.029498892026370238,0.037141720909400044,-0.0033091799907543074,0.04186531509558239,0.024008589544602166,-0.0028278186293704266,0.03706689521975781,0.01850941130052436,0.05391157063260521,0.03629672336023554,-4.119952989495301e-05,0.0042395513032387755,-6.246598898584921e-05,0.01408144479919482,0.014024382464926599,0.004172631967114759,0.00450135256372397,0.01361905276898251,-5.551115123125783e-17,0.0,0.0035235031351139035,0.036501582131184984,0.00817758363796356,0.0,0.0,0.0,0.0,0.0,0.0,0.0,0.0007213838442235443,0.0,0.010933365251867888,-0.006443380500959495,0.0,0.00025164290766782615,0.0030748244664149937,0.01779280349260276,-0.002657368845476016,0.0,1.1102230246251565e-16,0.0,-0.019864901434935023,0.0,0.06883912979084916,-0.007139275126795963,-0.0016846377785028066,0.0,-0.01373511562136226,-0.00013575882522798288,0.0,-0.003115665213847929
0.050827175009781844,0.015519743098067695,0.018992125088092116,5.158994604476108e-05,0.03137518274234047,0.017007255325518333,0.0390666476127145,0.019656149936171652,0.0060383468539622065,0.02743733790029801,-0.0014437455631423624,0.030657087265854976,0.03151060200095945,6.961772470831518e-05,0.031321816013211046,0.032250111429990125,0.018522456072080085,0.0,0.0008469686771153673,0.020709401086407064,0.03199664824493814,0.02693978307538253,0.027824937264893657,0.028278227172165216,0.03608733068455572,0.05119506632997234,0.021592417585759083,0.03032514698724592,0.021151804979420763,0.038574527769829836,0.02780285941040772,0.021603015861778263,0.051444071901597666,0.03638270355075102,0.01710568973412785,0.03773109486360049,-0.00010410800387888886,-0.010461760680672783,0.009865743493272017,-0.010954860176372427,0.014594774367608698,0.010648661109405322,0.0,0.0,0.007115958443647763,0.04618897792689075,0.028180951326684134,0.0,0.0,0.0,0.007889059610079352,-0.00043905687316786457,-0.0003451352510840944,0.0,-0.003823563938811947,0.0,0.0026479518306091743,-0.0009564147594549044,0.0,0.010061230715252889,0.010581699840691239,-0.03579217565509196,-0.012714477351713716,0.0,0.003170805399514365,0.0251584900887451,0.020669559742438337,0.019403160821661214,0.008724160640172895,0.004049428054263671,0.010999845913178541,0.010632241241042006,0.005066874740978888,0.012690077419299395,0.0,-0.00439158689138025
0.0,0.016099884867282532,-0.03379442259613341,0.007720484866260091,0.012739317192407229,0.007861019894534249,0.028224324664413658,0.0066944358391284875,0.0015114761923766262,0.00785523430515872,0.013034178835992616,0.0033715938634358844,0.025823181100488257,-0.0011626996792420963,-1.1102230246251565e-16,-0.00018398686676146525,-0.001204509061716652,0.0008469686771153673,0.0,0.00045665591484783663,0.013693514111928817,0.013613197821882528,-0.04921759157469974,0.02083727878983277,0.012875016467376377,0.012755286267322197,-0.005588398506457204,0.019357043542191532,-0.0007243798974684301,0.0177278942099669,0.016632201801309976,0.013456108359430119,0.013629932680619183,0.011807450680837495,-0.0037508429814336885,-0.010528524240195458,0.01122796829479189,-0.0169321478042474,0.019675695944196936,6.76099783459283e-05,-5.432837821417458e-05,0.03453669620270433,0.0022934001409930516,0.012581527148602778,-0.00048625171602950656,0.0,0.0,0.040610051917732926,-5.551115123125783e-17,0.015298652129250023,0.0008439894637619627,0.025350131939981146,0.019637896036537428,-0.01488197176032413,-0.00011883171143434179,0.011773673130248186,0.011204548259265645,0.02226726631393461,-0.08843755115466528,2.220446049250313e-16,0.0,0.0,0.0,0.00889880826029088,-0.00011686204438438041,0.0,8.094731461005811e-05,0.022763191247678338,0.0,0.0,-5.551115123125783e-17,0.026923554591265608,-0.011591497376102988,-0.0110617751808334,-0.00040288870585625247,-0.004578183603114239
0.0105544307585273,0.01743229975671501,-0.011250790068556948,-0.0025297734084754886,0.03980791397143263,0.037159471316171866,0.049995476059932764,0.031355578169587894,0.05618598487380194,0.025008301293009405,-4.486377628526439e-05,-0.02674835711345075,0.045450442159820525,-0.00011908494870732644,0.03767845271698267,0.023811885223312457,0.025484617342096116,0.020709401086407064,0.00045665591484783663,0.0,0.011839753556149857,0.03375907671213152,0.07897770701413992,-0.014817957191261444,0.01308625579955458,0.04749648602828582,0.005798683672675997,0.025381165429421593,0.013039998272608322,0.01006980485284309,0.020256578387722268,0.01794495239380739,0.040172002768829485,0.03483138109485451,0.017958254785290784,0.003931689633186908,-0.007095759870116014,0.001059302373798976,0.0039902791045959285,-0.01886035860143681,0.009470164546337867,0.007340826244599641,0.0030457994509457964,-0.01381712356202558,-0.0003807152633530375,0.01100820957256815,0.02737145693310944,0.02369771140392052,0.0,0.0,0.03204443695410636,0.0021938979586994534,0.004437562823281005,0.00447844861404656,0.0001415504965913139,1.1102230246251565e-16,-0.004631266851317317,-0.002674563496794513,-1.1102230246251565e-16,-0.013618092628453426,-0.0017986507365774784,3.58351514073707e-05,0.008663466982001822,0.0,0.0014382717129128308,-0.007560467643984048,0.005566277990628754,0.005215578370539764,0.0,0.011594657758521865,0.003319366511506494,0.006845168358194542,0.012285026571616176,0.0006569993254290085,0.0051502943764724085,0.01144461564215099
0.031885636424628216,-0.0032508508275425063,0.04077610586775421,0.001303149323984898,-0.0075436183256769596,0.03224454486784306,0.054307030018851565,0.024026416967776965,-0.002622831211455845,0.060985621745872076,-0.0028415984400103067,0.04610028867103927,0.061958915841698436,0.009919124439496385,-0.006399728422710804,0.03535394080318233,0.02407364489179037,0.03199664824493814,0.013693514111928817,0.011839753556149857,0.0,0.018811118786928538,0.03462749912563989,0.04273867993487712,0.04338207690136525,0.030359323556472695,0.031090560196320838,0.04102149772391306,0.02409033845094971,0.015310648366757551,0.022685129795816494,0.0004399104589413172,0.014867406958519458,0.01625833910677571,0.0015053865103133446,-0.021895429817648582,0.01782540816994166,-0.020186425908169825,0.00902476356982057,0.02531602045179715,0.02491707197992915,0.01897215407858499,0.030124182675360378,0.0,0.0,0.02012185017064444,0.021137395106169632,0.034411745348772005,0.0,0.0,0.027259717687908802,-0.010388747863076864,-0.019615358815666006,0.0030104564042139903,0.02166234108168391,0.0,0.007589063901897841,-0.005442669014094015,5.551115123125783e-17,-0.03223844227846395,0.005427046240668532,0.0,0.023329561965616974,0.0,0.013172750859169857,-0.015619784685238891,0.007870731729141989,-0.003692510336148924,0.0016568134076203611,0.011754687217585436,0.009739912655956195,0.0036683178725073207,0.014676767293845316,0.010812567980896248,0.014862459876075595,-0.0013120863542696037
0.007628423172621801,0.014255572800391414,0.023578876426714246,0.0004921169477019594,0.03829179336074856,0.032849415476448984,0.05527594201138286,0.047333284030866396,0.05055074404876053,0.009732062568180488,0.004495923977975824,0.014202388311749914,0.046184087731115264,-0.0021149379796434054,0.04138091869579791,0.028313095637674757,0.01032100614128112,0.02693978307538253,0.013613197821882528,0.03375907671213152,0.018811118786928538,0.0,0.04390899238748319,-0.01332592495744106,0.021129311062779044,0.04678567330475675,0.02787017091103039,0.02803486232919633,0.014102362489441522,0.02865955725338909,0.02221016655988922,0.018262318808244193,0.034586960130179756,0.04298041526597168,0.02760200158293985,0.10639809944172518,0.0071012745968278,0.007434777575983598,0.018232052305998836,0.016455962913896838,0.021021405665174686,0.012577507081137862,0.00817801799584511,0.006297418730588478,-0.0002619549322275261,0.03846926601864886,0.026768788043785574,0.006344261243696192,-9.49991757487334e-06,-4.9575802207435515e-05,0.026991441064698696,0.01643882177919731,0.00220961567264627,0.018045571997052978,0.006686151522403205,0.0,0.005868311760850009,0.010776825363641607,0.0,0.0006389920933541626,0.0133670202101836,0.01371362888807992,-2.974112397563511e-05,0.0,0.004911137328930559,0.002119809082404722,0.007066036476393089,0.0010250704283908951,0.01689130694487001,0.00629600727045776,0.017292864440491218,0.004923151977320073,-0.00034658778782814537,0.01719103733120797,-0.0035958921610634853,0.005788903691753111
0.029507868086260325,0.0243097928371529,-0.008172463810787789,0.004644249604798367,0.032942142157093235,0.03663283538007561,0.06216489065520964,0.012125153705594749,0.04324235905292234,0.022603298191611,-0.047557905166306425,0.023984726284532354,0.05957019681669651,0.004567646029299599,0.04574166603913654,0.03479233445721652,0.012833763290325817,0.027824937264893657,-0.04921759157469974,0.07897770701413992,0.03462749912563989,0.04390899238748319,0.0,0.047977609677216926,0.03372047812379869,0.036000188599313976,0.0316327950768705,0.043322752219627836,0.04144627338061546,0.043203442938443415,0.03213024830897754,0.01961639547582522,0.027378776496648383,0.0360561769930316,0.03415737665220875,-0.017497899286691265,0.01867650960662276,0.0026897658996950513,0.012217669178733737,0.01626181714087427,0.014611259532852916,0.015382958926816293,-0.06335322270422883,0.005075703614260074,-0.007100284749446351,0.007629379218160093,-0.0033234546477461935,0.008690364100764403,0.006145888933190624,-0.0038938682604111596,0.022330171834107015,-0.00889649593438957,0.023198244249818922,-0.022403176691165982,0.014488929099964243,0.00188097563970685,0.03008037013688475,-0.00038614811501813673,-0.03638964358610852,-0.001791928900566453,0.01241018601035282,-8.717296893656634e-05,0.01630871634926273,0.03030506815002887,0.02076665231786301,0.008578086601907065,-0.0013111952280651096,0.02611801189077312,-0.00033594726609081915,0.011318129190177717,0.021866959301626798,0.013683439290171018,0.00943830748755281,0.01286615904338606,-0.0005835841815657883,0.009266516790737644
0.047842465957678604,0.008601640537377997,0.0015805150646486799,-0.02241827404871971,0.019167231915231786,0.02549228009299115,0.014276186500067789,0.0292748984202571,0.017277588460657356,0.02315617447000623,0.024782025602700264,0.018215870393852973,0.0028370763737868288,0.006458518394636126,0.05187119113899258,0.022665019441952816,0.026512242300506195,0.028278227172165216,0.02083727878983277,-0.014817957191261444,0.04273867993487712,-0.01332592495744106,0.047977609677216926,0.0,0.04633671957797886,0.023464355755427213,0.029276160867535872,0.024686157356257343,0.019427668283069188,0.01167938259075213,0.004902542401047705,-0.07343266652760727,0.016312945127686385,0.00438492109787908,-0.03319907776478859,-0.03536488151442552,0.0018544526489780444,0.021468099365043236,0.041791634876905626,0.007593882021876108,0.026571307891616935,0.009442498232031582,-0.005792378026768519,0.0033409433916496978,0.0013489384420570794,0.06047939708482547,0.00504018449623389,0.0,-5.551115123125783e-17,0.0003443172570176123,-0.0022339621087326123,0.0002950461825406703,-1.6653345369377348e-16,-0.0006133716951458035,0.00022808425565290502,-0.00045123012152814557,0.009304506929044998,0.00472941310393693,0.0,0.0011365379650348784,0.012676242625678236,0.016914700500408775,0.01221922305027262,-4.195938960527279e-05,0.0010643336231617173,0.029832183172010585,0.001765496520850507,0.001093872399094531,0.05188854430304318,0.00950650031685174,0.015094474446203876,1.7583148471222998e-05,-0.0017920551937095075,0.01801107347250297,0.0,0.009872130187438544
0.03358581779109593,0.004128359289590711,0.037311956199514995,0.0002915962867635624,0.018111696677799383,0.03656082536021482,0.045105936277301306,0.020319632289195366,0.03727187023667439,0.04775894128300179,0.001491301322922911,0.05444697774036927,0.03716370626823923,-0.00837355986626892,0.02787588256145801,0.03928437764578441,0.029498892026370238,0.03608733068455572,0.012875016467376377,0.01308625579955458,0.04338207690136525,0.021129311062779044,0.03372047812379869,0.04633671957797886,0.0,0.03067638304564252,0.029012908214683497,0.03728559558648331,0.021481878061965,0.023947008581475138,0.04419040762440496,0.01872059513971247,0.056471359712463254,0.03779505317360288,0.00414369565845224,0.029997568917176587,0.002794892928898951,0.04426205849661147,0.00317994649101605,0.00038671222806585526,0.01878005665962368,0.004090531222533278,-0.0036131208172628937,-5.551115123125783e-17,-0.0006563497938877894,0.039759234128900645,0.01222064999278738,5.551115123125783e-17,0.0,2.220446049250313e-16,0.00423592973640341,0.011866467700606065,0.015742939078718265,0.00030397451392333297,0.00858332862833222,2.1182883068904257e-05,0.01799121126496972,0.008997008761005176,0.0,-0.0008335133513364124,-0.0006908753102089493,-0.01818953518628924,0.007132791224220558,0.0,0.009107724556885577,0.018101060059719176,0.004226010482268228,0.013012057718610193,0.03285067619275733,0.0039100228745798105,0.010959635501840481,-0.0068976442116706616,-0.0034142887914231923,0.011596933747918814,0.0,0.001592297928538211
0.04619102851093143,0.0110216879115968,0.03467582957080839,0.01584394053081728,0.03415594876289546,0.04694075336404019,0.05807875237546506,0.029834059776817967,0.0462858816134708,0.05700230600327644,0.0013872660450061636,0.02432272211706904,0.05251579623310354,0.011689401813810618,0.043633329996525194,0.0540850040349109,0.037141720909400044,0.05119506632997234,0.012755286267322197,0.04749648602828582,0.030359323556472695,0.04678567330475675,0.036000188599313976,0.023464355755427213,0.03067638304564252,0.0,0.04023112273000884,0.042182306231552,0.04101379178724501,0.03547878614387073,0.050737775729543466,0.020394141225502427,0.03071180223585196,0.03971237069591105,0.022409584990298548,0.011407475327111671,0.02330637998968943,0.0362367255516467,0.024768167267427477,0.012340332223090389,0.033921568532711,0.021654677353297402,0.023799489936015994,8.779661952834639e-05,-0.05514739594560625,0.04081480320336939,0.022397092191026036,0.02269438088059411,0.0,-3.090906694824813e-05,0.032927371555509066,0.006671215420316734,0.01070590408034211,0.009125334051419187,0.017326444898572047,0.0,0.023562190619881185,0.017089344907120108,0.0,0.009065640369716021,0.005717723074586345,0.002263652161840768,0.015751400712855468,0.0,0.020852097983716622,0.012842881418458296,0.02054515392452455,0.015607684342359873,0.04702287543352479,0.012318271436692396,0.028288958298523237,0.01695419668990944,0.003454293629779226,0.03826214905542019,-9.491286879498295e-05,0.0086801738794135
