0.0,0.3586695779961896,0.1619122087379616,0.0,0.36165310004700957,0.11185652074178148,0.3957570011382411,0.40616294959521604,0.3893561596502837,0.28958488175779307,0.3148844076079913,0.029352050464390572,0.5105179303104767,0.38794309118252285,0.2616151902496078,0.4287703292802485,0.2520380572892427,0.465406807047737,0.0,0.4560730327934857,0.37599924337138035,0.3120526598453055,0.2587767555870216,0.5795394058383955,0.38455503923945433,0.425869204083869,0.28192631158542103,0.562480170245943,0.4578262121175915,0.29906348764318225,0.2993730980784585,0.2876994241582424,0.25248257582858136,0.08429471175532396,0.16600604705271685,0.6040746099073193,0.4785813079157146,0.374455375388267,0.44943405391100155,0.5622184189334523,0.29315776384823744,0.35489860752024605,0.46295301105378633,0.0,0.22407047973303504,0.3731534069821667,0.46553034730678944,0.0,0.0,0.0,0.41438598269964744,0.0,0.4199262767860439,0.0,0.26677909873585626,0.0,0.28615150944350204,0.40562170869768466,0.0,0.41129802409769856,0.35399876436775746,0.3335387587750911,0.31950596015191624,0.0,0.32913897018344007,0.669199769861608,0.5737697299891513,0.5404051061551576,0.2997812574794224,0.38737694392373145,0.5495655390446696,0.4330564449260812,0.45416235999040544,0.4058029954969443,0.0,0.1426828755670344
0.3586695779961896,0.0,0.5143825782954095,0.4099231166791568,0.3448239773542772,0.3134307603202351,0.3153798296503616,0.4174609016144749,0.35865637925870075,0.22449521754435195,0.4014496951221389,0.3894292428466276,0.3269982543639384,0.1769268885390129,0.385800657317365,0.40779217367215054,0.5051121533547749,0.4337469770365887,0.6539626739411986,0.21785192036534434,0.317382617077565,0.4651008918348042,0.28544908078402237,0.33027958940853464,0.4147867225983278,0.291221167858949,0.22783360136745,0.38945507640885896,0.19096165411072913,0.32536265619230187,0.2849509231058393,0.21144074722404302,0.22814623928640232,0.11704977908816386,0.240046134180021,0.5943658562535405,0.061704424217735435,0.0,0.289805307760551,0.5079824506770116,0.21093755732651204,0.313024805006004,0.3756208400571013,0.0,0.0,0.27028445521836186,0.25383643128475236,0.04769901127614587,0.0,0.0,0.42416762363295024,0.6093539147976776,0.41688220025616823,0.48638857509361366,0.6856774730029479,0.0,0.4909786165418031,0.5439623344035572,0.0,0.3829201527582637,0.23072928587586503,0.22639572336507274,0.3875417733631797,0.0,0.38138978460514034,0.32171101013641823,0.3082485584761987,0.43568181981628384,0.27186646596792263,0.38332670774252553,0.3927467503142323,0.26384080719659875,0.6078198395585683,0.4210752347183742,0.0,0.2439379795799446
0.1619122087379616,0.5143825782954095,0.0,0.4154929948960399,0.349955581691264,0.34922761279474035,0.469510879171947,0.6876879140763217,0.3306985399702101,0.38032136426362323,0.5472328997417631,0.4339511532293864,0.4530802776953912,0.7226635466190223,0.35688437024939756,0.35637572336445933,0.5938349771246207,0.4521464122912332,0.4935131778840599,0.33033460599351905,0.2495164613339841,0.4860595587484423,0.587888178727619,0.45086229532681654,0.642762694328626,0.4063845014439923,0.289230491390501,0.5291069811587021,0.4150031525702393,0.5425845338118945,0.5121221471054441,0.4342949908695104,0.3934541275728628,0.5018473712133941,0.4204851947322176,0.5940130499299262,0.433770710326115,0.4474012719280399,0.48414745318246566,0.4740153359003132,0.44627728334654054,0.2279191167751062,0.5968434422333819,0.676333862291109,0.0,0.0,0.39514252015361634,0.5684868896005637,0.4751132222640958,0.42170607282316824,0.5141137456084393,0.5050841436962274,0.5605144245121151,0.6950654468745655,0.44582050645771054,0.7779624194427264,0.5246991676056939,0.49105182922696816,0.5431646354525774,0.35120416347942807,0.0,0.0,0.0,0.41518103327664235,0.7182969105176424,0.6167159337316069,0.24361868638862405,0.5730425945471987,0.0,0.5424186388466838,0.5307114573147359,0.5289161214446672,0.5221000544906464,0.5311560809213066,0.387564125065409,0.39876692137197894
0.0,0.4099231166791568,0.4154929948960399,0.0,0.2341813255917481,0.3266139306926034,0.42335029890995834,0.15661185006866968,0.48473086510997554,0.2095563081419467,0.44170132054340117,0.6642421504722873,0.24118476380631088,0.2609169875440486,0.46956515540700555,0.25003454038165907,0.42941301403293863,0.46462149027009025,0.45136157711026403,-0.27320387073150065,0.4300499488099717,0.3965221781856824,0.3358293464693582,0.3450653014834888,0.7972695677196497,0.4059129293030471,0.3242848628865937,0.3686414449776775,0.07910166876978617,0.5238865805398861,0.4124201891394231,0.1621839836009879,0.441699770140364,0.24973440984363898,0.3632537295166519,0.2598483005168243,0.342542140149112,0.3464841394978959,0.3089273815571212,0.38014077565704224,0.3973195264021874,0.30602041931229984,0.4877506580441583,0.300834894648195,0.0,0.0,0.0,0.42522122910531135,0.0,0.0,0.5344038004106934,0.0,0.4630646212905438,0.2931879055415594,0.0,0.4725903263425921,0.6770345879213824,0.4546278143245288,0.0,0.0,0.0,0.0,0.0,0.0,0.0,0.0,0.4611944024424658,0.502698284015477,0.0,0.0,0.0,0.27016124079934395,0.4587923708486318,0.6441216867497895,0.0,0.0
0.36165310004700957,0.3448239773542772,0.349955581691264,0.2341813255917481,0.0,0.24636010801055228,0.3582201883241607,0.6900078649021131,0.31541708077117125,0.6663306418269139,0.32357521861100824,0.6811931955476154,0.5427258708279263,0.5276707287839677,0.31615641513941733,0.27196772895059107,0.394573600590434,0.3964920307211325,0.3560131860085239,0.3819246613966366,0.43260639071242213,0.27557263680583083,0.23544264556321381,0.385378810865989,0.27811148433254446,0.29261790424664713,0.21368478484736947,0.6238490634935633,0.25078104879003277,0.31107997389011455,0.5647658032682485,0.29791072990200784,0.27218205514308413,0.524684486529479,0.364451483725737,0.4069635183714207,0.17195151639725742,0.6322860711640071,0.31681364788135025,0.4971292133647035,0.24683141456004318,0.3868586713116236,0.512965416305854,0.6521659624116382,0.35939160978771584,0.0,0.1480627960683748,0.6396970676371498,0.0,0.36479100708110107,0.6028112736444313,0.43262599574802096,0.5040063898859064,0.4086971633550034,0.0,0.5845557474103478,0.34287834976781534,0.15679684941917288,0.43389222211900175,0.30721840452683,0.45129543451488974,0.0,0.0,0.6614016651910504,0.4423222895584741,0.4820727984707071,0.4838028158194031,0.504236128906949,0.0,0.47633455820334614,0.45432446720207337,0.3379325039646959,0.4753215230123626,0.35856813861839393,0.0,0.5040530674756367
0.11185652074178148,0.3134307603202351,0.34922761279474035,0.3266139306926034,0.24636010801055228,0.0,0.32551329129397755,0.31523062819009506,0.2904652623368204,0.35562794842697054,0.29561262830662416,0.4881937008929884,0.3227689872946807,0.3755002649680579,0.32884714860110353,0.21655120167615674,0.2992174483608295,0.24870796294537428,0.31716972361595397,0.20418280945821277,0.2651474623471999,0.2343828553086967,0.059057665205422105,0.2753850711379168,0.1320121514781684,0.36335371954561513,0.3062770771038702,0.4212006273480592,0.35540157410878015,0.43109008895255896,0.3507084454688174,0.1956858908563651,0.3493483040122148,0.3047325653456981,0.19464386100620423,0.434134723907287,0.3689412412069676,0.31346976229317935,0.33877094239385896,0.19730563623251113,0.31248474255010195,0.3648857486755008,0.4532648602446202,0.45808156864165644,-0.023173200369422053,0.26775259353608605,0.3559419810061357,0.5153052704456524,0.5218101236804528,-0.0063543611036795955,0.27808760004398336,0.3429361318316334,0.41404698247397975,0.4435253510739656,0.40269758224801844,0.42815038055769006,0.3296486153138748,0.388132536700979,0.21679698852828716,0.25957844796223406,0.42729873140091,0.0,0.3140440035356222,0.3972183016384651,0.281527690767462,0.04474734257789656,0.3237479622447022,0.3316061219211163,0.5127118484819231,0.33979519742416364,0.390372143837323,0.25242772987378764,0.3343436708138078,0.24815162222590498,0.31261541256598535,0.33900053563713584
0.3957570011382411,0.3153798296503616,0.469510879171947,0.42335029890995834,0.3582201883241607,0.32551329129397755,0.0,0.4458057110680004,0.4945485532610582,0.5203901257233915,0.555977432510946,0.3890120135215392,0.5003103072492887,0.22982381632894,0.26330360993369006,0.29301562109020063,0.3699573962256375,0.34766497881918523,0.4858974743556561,0.33053925059929967,0.2853835870150791,0.3001894433419039,0.2988664628676806,0.3735674486192355,0.24334880087567676,0.31680710884497165,0.2853386206286526,0.2774516697526603,0.3304120616033047,0.35572035304653526,0.4446878196451062,0.43511781655860826,0.43839140664039333,0.29750108749334664,0.1295024251972391,0.27515271762339444,0.35159749114885,0.6943749703956272,0.6634721224066124,0.4117480116023581,0.08549770206096355,0.45571861240269984,0.5873616787611822,0.3067684710881869,0.21430608160113485,0.0,0.4621515759920515,0.5373461698473891,0.0,0.4416438624163467,0.342724791688104,0.7209932790286455,0.44323896767654425,0.5882272928561217,0.4994261793397068,0.5146904485441943,0.7269752393710565,0.37866341282650134,0.4508380075690318,0.08192102251592054,0.39642448822149645,0.0,0.5076628029313298,0.4968241999117641,0.4284430774746848,0.5048823079738778,0.5815979069363634,0.4353806987107934,0.47483811846309326,0.3903418549387224,0.43539956183871126,0.35569920835590596,0.3793620243233846,0.3847936935208608,0.6466531550105756,0.3564583436114692
0.40616294959521604,0.4174609016144749,0.6876879140763217,0.15661185006866968,0.6900078649021131,0.31523062819009506,0.4458057110680004,0.0,0.5577216670615658,0.4903403310765071,0.7895224864701691,0.2829159436351183,0.45809425722697417,0.8431363972571563,0.2552536467983758,0.4853152113992078,0.3939876719148846,0.560237643591186,0.6383571089881984,0.19898382080194088,0.3324380134768187,0.2051498152654721,0.46202677024145955,0.36389544329397683,0.46747296842051456,0.32388711283322447,0.3032876351451791,0.4562299098563548,0.29207073030100894,0.44757702661596416,0.4934076800497883,0.5619853934865439,0.06738204864698305,0.42982440792746684,0.2642577912949703,0.5934782368720471,0.38060536599508443,0.19879255944977525,0.4550220184972037,0.3904736290663736,0.23386447703270208,0.4157889919585579,0.47127463747560905,0.399908653242931,0.0,0.4289942083338216,0.2621179609199884,0.6796120580236131,0.0,0.41311868240515404,0.2842866825335909,0.46741930342288185,0.5625136413510194,0.44233711494315103,0.631985392109749,0.6777761661738323,0.9085366554403977,0.477921957081935,0.6491953385431215,0.6625307288100939,0.40668517155928235,0.0,0.536503497856978,0.6453598551802979,0.4660938211218989,0.3557696408503652,0.25161465259867793,0.5634800073216337,0.0,0.19525496421699584,0.13429890990506904,0.49678503663249196,0.44133615418651245,0.4474749988155097,0.2535752326639167,0.3424561350274945
0.3893561596502837,0.35865637925870075,0.3306985399702101,0.48473086510997554,0.31541708077117125,0.2904652623368204,0.4945485532610582,0.5577216670615658,0.0,0.46471016221993033,0.32553414396033753,0.47330114324388933,0.4596311357380578,0.3389260359465552,0.5806904690012746,0.26395820118719493,0.4534958692473203,0.5169936394131316,0.31534891510566876,0.3426484739498902,0.37160256841923267,0.3792978386026516,0.3483965911789501,0.4562702308602498,0.25194195359301813,0.32578611565691507,0.2607510215778194,0.5118197255936536,0.26460948608232226,0.4541278023919144,0.5233285013126694,0.483776116605137,0.5574990278149894,0.5262383941124351,0.4306394659250441,0.44917565532649517,0.5152577148196384,0.5601566995851079,0.3039274162504608,0.5993413265498764,0.4256122114509041,0.35771500945498225,0.45060460277922665,0.4755331131167634,0.2730544032572376,0.0,0.5050922090823038,0.6655295477597811,0.47477553632725145,0.42859754819466667,0.45316520020565654,0.619112225064046,0.498329333472196,0.5251518510890745,0.3963243229132076,0.6830547934442267,0.23929109338086976,0.475121014859454,0.501746208077197,0.2840489767844132,0.5005661031777286,0.0,0.0,0.6463334105752327,0.6073859921283388,0.7056351979850901,0.521098648419317,0.537742400347383,0.42989931656032554,0.2635871451402427,0.14991263514673894,0.5154738134913,0.4653476767258974,0.34246340567501876,0.33686279171307876,0.5003036510207887
0.28958488175779307,0.22449521754435195,0.38032136426362323,0.2095563081419467,0.6663306418269139,0.35562794842697054,0.5203901257233915,0.4903403310765071,0.46471016221993033,0.0,0.49892091790134707,0.45451989526789144,0.3255234964895797,0.7369338116381267,0.3274188039492616,0.3004845960803064,0.5643153405358973,0.4266407220330178,0.5061325157064441,0.35103705881475805,0.5530395246922791,0.3644384159799659,0.2589057736975559,0.32119533528631544,0.5007876917578852,0.42832583561761767,0.2398540110571133,0.4123955928682969,0.2604678588126539,0.18954675267179366,0.5959755216012428,0.3197129968500414,0.47990206307269645,0.3997782109868187,0.46793090683762756,0.5914552479239082,0.7185476337959258,0.4779071538241003,0.2109741646724996,0.5342697805468437,0.4628112518285802,0.37993045555973337,0.21245063619878587,0.24477511795967782,0.43226797133315115,0.4698255000959095,0.3346847462752729,0.3739750472617668,0.4854010540660382,0.4321790909285652,0.2926507949164149,0.17810111729822764,0.6677039114727623,0.26328056357059104,0.44570988985467386,0.30093479408777457,0.5192115683616418,0.2990798591096036,0.0,0.6304637661980762,-0.09473481281550977,0.42901061483153774,0.3960230420227017,0.46303909982350916,0.4646935119034895,0.4688800971330407,0.6012986526285211,0.41634227771515,0.4018814976775523,0.42673366321297174,0.35475773271726857,0.40180010207688027,0.4466606428828576,0.6053677619898106,0.0,0.5759456166096653
0.3148844076079913,0.4014496951221389,0.5472328997417631,0.44170132054340117,0.32357521861100824,0.29561262830662416,0.555977432510946,0.7895224864701691,0.32553414396033753,0.49892091790134707,0.0,0.4147909848470795,0.47584768676734845,0.6341262567718698,0.0,0.4944913793613278,0.3309572013686157,0.3947817034453189,0.39716066440402487,0.4494764308658785,0.3713096603963498,0.4157085034680571,0.5748761117469074,0.1524438482445556,0.42807316012642777,0.36614511865161964,0.33651744930378064,0.507387590418688,0.24837206381526533,0.39265120129145337,0.5060127594564496,0.52319216360405,0.5855150862949922,0.5599040774888728,0.42773320935240744,0.7080635501684973,0.6146479038927237,0.6167341687867852,0.5574799130886894,0.5945897901535513,0.3733138181611314,0.47262472677671935,0.6692874054605613,0.662854757850921,0.10577785408530117,0.0,0.0,0.8314625058098917,0.46433042168576144,0.46627464001283003,0.2355835362604407,0.4163548049598345,0.7310307176086219,0.5945287113727971,0.1842624672078061,0.5912375838599757,0.41047682422025045,0.3268197907453626,0.6300191999962486,0.0,0.0,0.0,0.0,0.5552024406204374,0.48358239685044174,0.0,0.5279641474718905,0.6473217051073238,0.0,0.0,0.9121655020920241,0.9443453530053878,0.38843886932943583,0.05431546798038914,0.0,0.6623392623979154
0.029352050464390572,0.3894292428466276,0.4339511532293864,0.6642421504722873,0.6811931955476154,0.4881937008929884,0.3890120135215392,0.2829159436351183,0.47330114324388933,0.45451989526789144,0.4147909848470795,0.0,0.33187347566387837,0.23951285431092678,0.3272486893698803,0.3230786901499785,0.49421458893681347,0.5252578278099345,0.56377002545165,0.5795172692225267,0.2936408130002524,0.15957654940737598,0.10524649988572216,0.45424314455802733,0.30612855193451943,0.4179614498397391,0.42904925646495934,0.5146995350783161,0.30282052830823714,0.16873158396282853,0.47279771400154813,0.42949814198094705,0.40873090468986906,0.6328664929310003,0.6032078533551123,0.47054209310217376,0.7933794211157802,0.2791054980581392,0.3983025064707484,0.5759234964774909,0.3440520802346228,0.15611526346080953,0.3172434785217422,0.2436887103544109,0.35051228942184204,0.45367913861170717,0.5184646411169705,0.4806865361200083,0.14529455724583018,0.21216879773049097,0.18387227061343478,0.28845228605972617,0.340328331691295,0.434025992436621,0.4456119872679316,0.23387246650261825,0.5866533808830762,0.41683338148388205,0.5262829110980358,0.5038698995259957,-0.08083748502028382,0.3802673555517644,0.4399264440585273,0.14583919711770796,0.7949245604053132,0.7554504867425988,0.39669109355310417,0.5149418378449424,0.474974579205792,0.4121900715716098,0.32686617183135047,0.38072008882548714,0.44113130236179027,0.4994055310772244,0.0,0.6036333327643392
0.5105179303104767,0.3269982543639384,0.4530802776953912,0.24118476380631088,0.5427258708279263,0.3227689872946807,0.5003103072492887,0.45809425722697417,0.4596311357380578,0.3255234964895797,0.47584768676734845,0.33187347566387837,0.0,0.5308052091959612,0.3771420252347272,0.3316528010892873,0.22559855672264972,0.4675735335977592,0.4660722610329294,0.3716772899806148,0.32446045582581684,0.3006692287592466,0.3336676909259634,0.3252551888816294,0.32811231335536767,0.3986406887866121,0.31850454000591066,0.37806344948789883,0.40607186117749905,0.4813046014271625,0.4079714879159199,0.34866265002323016,0.21803278287195246,0.24948802045038726,-0.05323202941416433,0.34235223973817125,0.4373775740962239,0.4402528419956824,0.5422901232738855,0.5308327536802533,0.33589511586723375,0.3974550451981845,0.294316062887965,0.4378762147665588,0.08136124456656957,0.5840240393681373,0.5220864744387129,0.6146020309127724,0.0,0.3947303309773442,0.33594882148610317,0.4462448699315268,0.4378943051210016,0.5559673341115918,0.2897962144974341,0.5090318307228774,0.40208543995980195,0.6005595133914741,0.6992356971825238,0.3161089011891022,0.4288058101266238,0.2811120058234934,0.3871423393147349,0.5692594923187306,0.35379910775769624,0.5198351735539872,0.5118556046631295,0.43553506836894884,0.34595197881518025,0.398151721112447,0.44799659053355056,0.40719307365768537,0.5939465023969888,0.2970908831728359,0.3786507751720436,0.42843577566841445
0.38794309118252285,0.1769268885390129,0.7226635466190223,0.2609169875440486,0.5276707287839677,0.3755002649680579,0.22982381632894,0.8431363972571563,0.3389260359465552,0.7369338116381267,0.6341262567718698,0.23951285431092678,0.5308052091959612,0.0,0.18207148543359533,0.5034091198633581,0.4494130646918806,0.4995347072087537,0.5460360382082524,0.31864798896953705,0.4925985939296843,0.14600444251009925,0.6789180240635379,0.6795349331705872,0.269033721079171,0.3859865931401707,0.5382888707928429,0.299416151648757,0.49655034192923125,0.3236398422446932,0.4224828879586753,0.3009735059393934,0.27287429097561094,0.6527557585722764,0.3286273387354507,0.33153161995600305,0.2128122835262916,0.3919749912983728,0.4753444501460185,0.0,0.6639725201526558,0.6755008322388375,0.6102786179499666,0.4743079157275015,0.0,0.0,0.0,0.5191145468849165,0.0,0.3936037553023046,0.4574093948902456,-0.1327177197351178,0.7007576194698646,0.7898092100692257,0.0,0.6932574261076968,0.4072682597050469,0.5389080444573932,0.3405686308524706,0.0,0.0,0.0,0.0,0.5222986883817511,0.0,0.0,0.0,0.7000874778716395,0.0,0.0,0.0,0.24675251896072134,0.6299576421370655,0.0,0.0,0.0
0.2616151902496078,0.385800657317365,0.35688437024939756,0.46956515540700555,0.31615641513941733,0.32884714860110353,0.26330360993369006,0.2552536467983758,0.5806904690012746,0.3274188039492616,0.0,0.3272486893698803,0.3771420252347272,0.18207148543359533,0.0,0.39930886471242677,0.15196476574245746,0.38863385539351525,0.0,0.5930475604362706,0.2779101869804663,0.5568872708161705,0.4727456628902684,0.45309339017426886,0.2781033568238842,0.39350857790702065,0.3989920894224023,0.23365981075541134,0.2603316471345625,0.37108827024661395,0.4216252374245335,0.2735302287279637,0.3876776305902153,0.30697856498220916,0.40676041411429975,0.48502916550501235,0.35615388832121897,0.3804787226046198,0.33241052948278416,0.506887954638932,0.3742808327677739,0.3602757730827115,0.38793313476754576,0.3644785095908354,0.0,0.25420660718191895,0.4609912079334555,0.3261682965124467,0.0,0.0,0.3179416833600989,0.654436937242071,0.550344107985242,0.5745021355730333,0.0,0.0,0.4831279181501003,0.5475078254090704,0.4669750992281083,0.5947212965918385,0.42076247928213223,0.5548537200704766,0.4439215900924486,0.0,0.5323335774283181,0.3624235381384697,0.6251929815251591,0.6074666193872933,0.4469930950809913,0.352019859711175,0.5325330473493641,0.45877587844801443,0.3113766717134445,0.29619449456433494,0.345521692497804,0.284820763227668
0.4287703292802485,0.40779217367215054,0.35637572336445933,0.25003454038165907,0.27196772895059107,0.21655120167615674,0.29301562109020063,0.4853152113992078,0.26395820118719493,0.3004845960803064,0.4944913793613278,0.3230786901499785,0.3316528010892873,0.5034091198633581,0.39930886471242677,0.0,0.30732385405113893,0.6230727309139794,0.44878882868155157,0.2502466683992133,0.43784529975300557,0.5144160562393938,0.32295579348314407,0.574729556040786,0.43397088055376104,0.3740861378088062,0.2248202186895747,0.35019038676073233,0.1880084895771674,0.31083367963031366,0.323435989508422,0.20029047893593338,0.19700015952790204,0.06364560610004308,0.20623323971088764,0.753945484642175,0.31864472359989354,0.5503984074924315,0.2914638383564538,0.31174058961136225,0.15137462386717748,0.22886685078994023,0.46778485526265356,0.0,0.0,0.15649979855955704,0.2508249851385835,0.0,0.0,0.0,0.39467555142796595,0.6551847874021812,0.8541913095182638,0.0,0.49527014709526285,0.0,0.22152328370613852,0.6094064240198149,0.0,0.43449694828404783,0.16228883248886883,0.5300293440661771,0.35481453943738495,0.0,0.40505623442484573,0.4043133830535356,0.3723255148158729,0.3792663966987267,0.20250570829353026,0.39060029836756766,0.4915240775421991,0.38766520647126657,0.3022409817044096,0.3798270508860115,0.0,0.0242992222102279
0.2520380572892427,0.5051121533547749,0.5938349771246207,0.42941301403293863,0.394573600590434,0.2992174483608295,0.3699573962256375,0.3939876719148846,0.4534958692473203,0.5643153405358973,0.3309572013686157,0.49421458893681347,0.22559855672264972,0.4494130646918806,0.15196476574245746,0.30732385405113893,0.0,0.6179595934731288,0.5344248167986932,0.3189418111978362,0.5727651646033113,0.405618558716926,0.3554619934477464,0.34962138853331526,0.511633442364488,0.30496286182459076,0.4338925058303567,0.5109366306854934,0.06954434447464722,0.1497528664399838,0.37015497634824623,0.2829240982380343,0.408594951119964,0.28140314092173363,0.3775586396066063,0.10728823512637697,0.34637196189443265,0.23975470564851667,0.3942606072088018,0.5572426749352002,0.3901562246555961,0.5362517099644247,0.0,0.0,0.8398104073606285,0.6027754731413346,-0.007776014701627365,0.0,0.0,0.0,0.0,0.0,0.0,0.0,0.3317952704666495,0.0,0.296838428018899,0.39722467126541905,0.0,0.5437590564011501,-0.09825605863402193,0.38321543184333506,0.3678806258976963,0.0,0.0,0.0,0.5324580330424062,0.0,0.4021812578571162,0.42859969017380983,0.3456924774654912,0.0,0.33318278090547004,0.4724548818517902,0.0,0.5060367559349628
0.465406807047737,0.4337469770365887,0.4521464122912332,0.46462149027009025,0.3964920307211325,0.24870796294537428,0.34766497881918523,0.560237643591186,0.5169936394131316,0.4266407220330178,0.3947817034453189,0.5252578278099345,0.4675735335977592,0.4995347072087537,0.38863385539351525,0.6230727309139794,0.6179595934731288,0.0,0.396293288372812,0.2600003582664832,0.6633630945817899,0.3685957257941965,0.43713930171279536,0.48265468715260335,0.48120365181974223,0.33075979152872237,0.3243487387187642,0.4256953817422089,0.24867158676794432,0.4346868349993296,0.2707136307887542,0.13114976279987445,0.4533049760811817,0.2545235164428566,0.2236151719349533,0.6138443888268059,0.3986984430203758,0.3424485606021855,0.3510106656764354,0.45436419180217535,0.3001776479453343,0.32355467433252755,0.0,0.0,0.6881888418671586,0.3846776787510616,0.31864716784067487,0.0,0.0,0.0,0.492472957764692,0.5140045343582316,0.6070753490669508,0.0,0.4950393834292305,0.0,0.38933941258992566,0.4712340448045337,0.0,0.48848325588410857,0.2688518146275131,0.5065058084281835,0.40233627294805285,0.0,0.4417569652061774,0.4329213104912054,0.453266229783433,0.6279182439040673,0.3637150101021871,0.4037744893864011,0.42020701591885545,0.29017915065872646,0.5049641807304501,0.2921152719414374,0.0,0.4413527615197368
0.0,0.6539626739411986,0.4935131778840599,0.45136157711026403,0.3560131860085239,0.31716972361595397,0.4858974743556561,0.6383571089881984,0.31534891510566876,0.5061325157064441,0.39716066440402487,0.56377002545165,0.4660722610329294,0.5460360382082524,0.0,0.44878882868155157,0.5344248167986932,0.396293288372812,0.0,0.5040466056056763,0.3879016433307459,0.689253233573885,0.624889300492186,0.29186039759074717,0.42521690909541676,0.39880961956433303,0.3527676414333962,0.5436897844078525,0.5435264021154507,0.5856051868567571,0.536493968279603,0.5147109595484021,0.3198138474734314,0.5386013509527441,0.40613821624640345,0.5645289519998478,0.45712400664132713,0.5014215433275452,0.45374463321738867,0.43672843848953463,0.02211789480821416,0.329201388658292,0.6364183292052654,0.38313922430886727,-0.0014927316684237527,0.0,0.0,0.7673284935158411,0.0,0.38568274832015104,0.38399064620230916,0.4999124641622299,0.5097653365159928,0.6691295589045692,0.5962438256312019,0.6728714458835623,0.3192062075583242,0.45718339896091087,0.44516974041573387,0.0,0.0,0.0,0.0,0.7307900375050616,0.4698649608053148,0.0,0.4849063012469502,0.5361004452587773,0.0,0.0,0.0,0.4281634485536176,0.55269119311941,0.3866568358402903,0.4842180172828354,0.3448005331564401
0.4560730327934857,0.21785192036534434,0.33033460599351905,-0.27320387073150065,0.3819246613966366,0.20418280945821277,0.33053925059929967,0.19898382080194088,0.3426484739498902,0.35103705881475805,0.4494764308658785,0.5795172692225267,0.3716772899806148,0.31864798896953705,0.5930475604362706,0.2502466683992133,0.3189418111978362,0.2600003582664832,0.5040466056056763,0.0,0.22656513203919076,0.5210876782760627,0.46911294774111284,0.2712559517565038,0.19930525014295442,0.32744075351842006,0.35736713194528935,0.5049607071827499,0.48283868379128914,0.6444845763755651,0.34023580787457075,0.13080018859004947,0.18476541456971002,0.18946320198120717,0.2714902771994809,0.39689364732443744,0.15148817087013977,1.0692566051019734,0.24125474510115028,0.33088901077860744,0.2809114957092132,0.2879990627902665,0.4379105192188801,-0.010643508984378353,0.3419937210501516,0.47635329174149527,0.24564748187251317,0.44840701213160894,0.0,0.0,0.3040974057782243,0.40108231158078766,0.47641891914657575,0.38120973704970124,0.7859237648321655,0.0,0.2970956620450584,0.5054849297487629,0.0,0.4423142572450916,0.4530534506745245,0.4651772024110271,0.44910369048202053,0.0,0.30266645924182206,0.25100183011199484,0.34966277905864507,0.34589960217440086,0.0,0.38237645285566413,0.2772261443361449,0.2708183560945326,0.28115275219834784,0.23370230313224138,0.38620756186819305,0.20608432710823882
0.37599924337138035,0.317382617077565,0.2495164613339841,0.4300499488099717,0.43260639071242213,0.2651474623471999,0.2853835870150791,0.3324380134768187,0.37160256841923267,0.5530395246922791,0.3713096603963498,0.2936408130002524,0.32446045582581684,0.4925985939296843,0.2779101869804663,0.43784529975300557,0.5727651646033113,0.6633630945817899,0.3879016433307459,0.22656513203919076,0.0,0.39324613646503986,0.41114982153175983,0.42174256533241394,0.43407601140162944,0.4618772806920336,0.3128706748076965,0.3470474442115789,0.1906303933973862,0.4405597126184543,0.41774462316310723,0.23426660774143976,0.2523902454491327,0.31609590461286347,0.4407027418441371,0.37710084313374,0.3103577944470457,0.5914297687286881,0.4014556416268128,0.47775507620357177,0.33561546659773633,0.38973149611286373,0.019976277256222696,0.0,0.0,0.32866962430844615,0.48227520907854426,0.8471203652794163,0.0,0.0,0.4249696423197625,0.3982013678994281,0.5411299584804786,0.7030753610655132,0.5243906568402361,0.0,0.7803421182321953,0.5721574348635298,0.0,0.643009890521635,0.42145753618041226,0.0,0.18597550806304058,0.0,0.5042166047404251,0.4990808456377138,0.6414449024933019,0.4541685888303075,0.5381176182900886,0.029719309653105375,0.6334374442122962,0.41656244905275674,0.3881634488556983,0.3726326572276767,0.45229078121597954,0.3766960635718311
0.3120526598453055,0.4651008918348042,0.4860595587484423,0.3965221781856824,0.27557263680583083,0.2343828553086967,0.3001894433419039,0.2051498152654721,0.3792978386026516,0.3644384159799659,0.4157085034680571,0.15957654940737598,0.3006692287592466,0.14600444251009925,0.5568872708161705,0.5144160562393938,0.405618558716926,0.3685957257941965,0.689253233573885,0.5210876782760627,0.39324613646503986,0.0,0.5364656974337909,0.5258804125438444,0.44739601042027094,0.48629280440102096,0.253204567650105,0.4511419484343012,0.23671488655130463,0.4760306910272114,0.4308085193917616,0.3481914046592156,0.30890244897329455,0.37735770757436166,0.472392830094073,0.5086396082318404,0.6658393707078006,0.5214932625857197,0.35337216715565867,0.5128342484529247,0.3323923319932921,0.40055405417210355,0.3798527651562509,0.3126789976213608,0.4017276424560211,0.40855889832906633,0.41735030716336063,0.429838310839266,0.4715045447566254,0.3911389153195251,0.3321141707950175,0.41943173183978893,0.7275384063809505,0.5595063215625415,0.265251921490122,0.0,0.4809375297617549,0.4895173602299402,0.0,0.5806874481810964,0.23616039028556093,0.4211908779472245,0.28544459613474804,0.0,0.4074249779964505,0.3621188341181758,0.45367793771143816,0.5486039436002588,0.3304464116263978,0.08039278701823813,0.4732360222202319,0.37827796610569925,0.4049470424918773,0.2675501807277739,0.41853754137314475,0.4209289698274513
0.2587767555870216,0.28544908078402237,0.587888178727619,0.3358293464693582,0.23544264556321381,0.059057665205422105,0.2988664628676806,0.46202677024145955,0.3483965911789501,0.2589057736975559,0.5748761117469074,0.10524649988572216,0.3336676909259634,0.6789180240635379,0.4727456628902684,0.32295579348314407,0.3554619934477464,0.43713930171279536,0.624889300492186,0.46911294774111284,0.41114982153175983,0.5364656974337909,0.0,0.34894156315476776,0.28970456078742535,0.1725426043575725,0.27911873072925397,0.2852477473708751,0.2336615440768411,0.35062902757656556,0.3412776263745063,0.18066751224270844,0.2428157451180601,0.2725108375824682,0.26851775778420406,0.5168579255201877,0.32089999719249507,0.2331597948591865,0.3386743765238768,0.4668303508466681,0.34973085986796637,0.3806963800444201,0.5595158696603781,0.42573714603195467,0.3126951841976068,0.2775157984132942,0.37376791805311427,0.639628169455299,0.36260068665748924,0.3654724592223783,0.2569165938199074,0.3528321523479387,0.46402726764846514,0.5145564066870948,0.32043566586171435,0.707244082914783,0.4269246127772802,0.3653251579493839,0.6001067504734187,0.5059300399384197,0.6018624466409725,0.4646935119034886,0.4895881593408466,0.5986574422924822,0.4135592189930859,0.40402481269062207,0.433384700177859,0.49756883065491486,0.34265162374921654,0.4924214513956404,0.3054288724605123,0.292232164529042,0.35594011958149097,0.32344450653644197,0.3958302053880257,0.3577549813751352
0.5795394058383955,0.33027958940853464,0.45086229532681654,0.3450653014834888,0.385378810865989,0.2753850711379168,0.3735674486192355,0.36389544329397683,0.4562702308602498,0.32119533528631544,0.1524438482445556,0.45424314455802733,0.3252551888816294,0.6795349331705872,0.45309339017426886,0.574729556040786,0.34962138853331526,0.48265468715260335,0.29186039759074717,0.2712559517565038,0.42174256533241394,0.5258804125438444,0.34894156315476776,0.0,0.44434753501865604,0.2906392798302444,0.3412362249291532,0.44289190766714237,0.3634785684766355,0.48443690879619195,0.45628115420411897,0.4259081650777843,0.5764975733876889,0.3224265472856278,0.28624165349554487,0.4311760682662474,0.28864428714046664,0.33697258367637906,0.4609274961809363,0.4587453046023154,0.3456396805642626,0.6146886548921067,0.5660764986162876,0.4899786856853875,0.20867326106670517,0.28164914027840393,0.307968267950529,0.0,0.0,0.45498793225426215,0.38500955310288343,0.3646061687562405,0.0,0.34888494096202055,0.40088583518538073,0.5113690618230708,0.5231161934380183,0.3877403979353147,0.0,0.3250666478244857,0.1668780115925142,0.10393399254853922,0.23788035595859175,0.4906231168017331,0.38629966427454754,0.22669099372977852,0.1942571880216521,0.6635872266219129,0.34030510669072783,0.25904143631673615,0.2700340448577276,0.3078235646229206,0.33231537283199364,0.6598733331053588,0.0,0.3958984049698526
0.38455503923945433,0.4147867225983278,0.642762694328626,0.7972695677196497,0.27811148433254446,0.1320121514781684,0.24334880087567676,0.46747296842051456,0.25194195359301813,0.5007876917578852,0.42807316012642777,0.30612855193451943,0.32811231335536767,0.269033721079171,0.2781033568238842,0.43397088055376104,0.511633442364488,0.48120365181974223,0.42521690909541676,0.19930525014295442,0.43407601140162944,0.44739601042027094,0.28970456078742535,0.44434753501865604,0.0,0.21685403021230085,0.15493834235640258,0.4893286138778435,0.10469158969113973,0.43429974539662475,0.34784070872106865,0.0714295655308825,0.3851593064351273,0.18257307854439603,0.1926795190717009,0.400444974548295,0.6076737064977898,0.3385613882632975,0.418576077542247,0.5634594855045529,0.3324707436064531,0.3578323772660964,0.21466518958866215,0.0,0.2909869380224317,0.3549691776431441,0.44675823130872194,0.0,0.0,0.0,0.35091460229878346,0.4353461432717177,0.4690304941114013,0.43490213868705985,0.44781761672213605,0.4381775223002613,0.46289493374014373,0.2657645949788756,0.0,0.6008185007736584,0.31668137184464495,0.4795244903469764,0.4318460066988007,0.0,0.5078463022659068,0.42208814560767804,0.38766835990404236,0.27145847676304,0.4572021209531417,0.4317458009443471,0.38907923877575,0.37757083608262915,0.3894083217556049,0.34939105230706036,0.0,0.4339510480018306
0.425869204083869,0.291221167858949,0.4063845014439923,0.4059129293030471,0.29261790424664713,0.36335371954561513,0.31680710884497165,0.32388711283322447,0.32578611565691507,0.42832583561761767,0.36614511865161964,0.4179614498397391,0.3986406887866121,0.3859865931401707,0.39350857790702065,0.3740861378088062,0.30496286182459076,0.33075979152872237,0.39880961956433303,0.32744075351842006,0.4618772806920336,0.48629280440102096,0.1725426043575725,0.2906392798302444,0.21685403021230085,0.0,0.333514941271476,0.4418592452509248,0.21142765976721867,0.3079236327515683,0.29431369146974007,0.3799737937846768,0.3473494206182224,0.25265702463106177,0.4017153876739843,0.23834136215439966,0.3041098389314206,0.19657609236564846,0.3966442523647864,0.38630040459613707,0.31786427846290966,0.25990638327591764,0.3173689972158944,0.49051330205344623,0.287483439616435,0.2768052625999635,0.4923183675283625,0.6338577157822473,0.0,-0.0061352424916068906,0.4911589554222265,0.4825240118783979,0.47614289393435827,0.3429615290803807,0.317436735451777,0.0,0.35809997192217696,0.617320545750093,0.0,0.7025402526348603,0.3084488499238771,0.37568239380079893,0.28725145683458897,0.0,0.5642002501611986,0.6231377670906781,0.6547328227239976,0.4931771996026305,0.2910862480261309,0.3064129413919291,0.3478877458699749,0.5094379079310456,0.4614162983598337,0.4494709616871003,0.4343886295019726,0.2461037113381373
0.28192631158542103,0.22783360136745,0.289230491390501,0.3242848628865937,0.21368478484736947,0.3062770771038702,0.2853386206286526,0.3032876351451791,0.2607510215778194,0.2398540110571133,0.33651744930378064,0.42904925646495934,0.31850454000591066,0.5382888707928429,0.3989920894224023,0.2248202186895747,0.4338925058303567,0.3243487387187642,0.3527676414333962,0.35736713194528935,0.3128706748076965,0.253204567650105,0.27911873072925397,0.3412362249291532,0.15493834235640258,0.333514941271476,0.0,0.3301293933497265,0.30224645142415857,0.34972383103782,0.15531526772535753,0.12725635076182995,0.14723754475112122,0.174285807724316,0.21129610555260073,0.39826595936865,0.34457486193749165,0.27454780214155283,0.29717386709121707,0.38880766278547285,0.28389098011471847,0.25993718677811284,0.4715959556187237,0.5967740435268459,0.08971176637103784,0.19316062375962884,0.440716807582515,0.6604772790493598,0.4218630914030267,0.4758761013996973,0.2536673657223102,0.31541381300898763,0.33014750200197024,0.44809635111042195,0.451005621651024,0.7047950974555126,0.2854183920090811,0.3632714533153836,0.5390314422413025,0.34808921111042196,0.5282480303107352,0.0,0.42819239539731047,0.5469819213865827,0.3022412984128931,0.3267089344001541,0.21212203630710874,0.28896170743585237,0.0,0.4775791572383806,0.29206921529563523,0.2633487596819143,0.32921796685182514,0.22848436539553146,0.21461550823586564,0.29099807418331386
0.562480170245943,0.38945507640885896,0.5291069811587021,0.3686414449776775,0.6238490634935633,0.4212006273480592,0.2774516697526603,0.4562299098563548,0.5118197255936536,0.4123955928682969,0.507387590418688,0.5146995350783161,0.37806344948789883,0.299416151648757,0.23365981075541134,0.35019038676073233,0.5109366306854934,0.4256953817422089,0.5436897844078525,0.5049607071827499,0.3470474442115789,0.4511419484343012,0.2852477473708751,0.44289190766714237,0.4893286138778435,0.4418592452509248,0.3301293933497265,0.0,0.5363405323408874,0.449036732309278,0.5713854718842186,0.31337099508068444,0.610432113061623,0.15774248251728995,0.2899401999934558,0.33143637220431454,0.37067655639931696,0.6547429723406308,0.3095221881142094,0.42892568486086946,0.2420517065269035,0.3983036416635716,0.30904158639151247,0.42166591158509314,0.5298664401437363,0.5645127191379423,0.4820615416242242,0.5367173245713248,0.0,0.3839143912362386,0.39353305387497495,0.21672461740594434,0.5152962558982082,0.5420195571606454,0.5121104125375289,0.4663410460279752,0.46975412392225013,0.27728870452803034,0.367954975296861,0.38239119337065197,0.44187137302685703,0.31074379196326185,0.4572182289509801,0.5809782003672906,0.45118663679991144,0.45670946054660316,0.10249433037112418,0.4364899379992897,0.7582949958520901,0.4640583242467418,0.32950856637249615,0.40721800440756584,0.422074202672989,0.29901263032815106,0.25814799340900174,0.4397503684485152
0.4578262121175915,0.19096165411072913,0.4150031525702393,0.07910166876978617,0.25078104879003277,0.35540157410878015,0.3304120616033047,0.29207073030100894,0.26460948608232226,0.2604678588126539,0.24837206381526533,0.30282052830823714,0.40607186117749905,0.49655034192923125,0.2603316471345625,0.1880084895771674,0.06954434447464722,0.24867158676794432,0.5435264021154507,0.48283868379128914,0.1906303933973862,0.23671488655130463,0.2336615440768411,0.3634785684766355,0.10469158969113973,0.21142765976721867,0.30224645142415857,0.5363405323408874,0.0,0.5441876705698664,0.4681424710245003,0.1577657981337673,0.15756217906735961,0.3389212571323591,0.35302441355537534,0.3849805191487407,0.1721344946280521,0.4878167440279426,0.20282537033850276,0.4143935984464082,0.2120459289393896,0.22036624479042466,0.48421773479928476,0.3778817685438753,0.3075739206284517,0.38382791263474236,0.3104694708082609,0.5437387895280887,0.4656082776212732,0.2702573343035046,0.2495504234262696,-0.07055192606353589,0.4621457150571998,0.5320768381185336,0.5493475695003709,0.35391912827486394,0.2781473340224745,0.39276763607805515,0.5709440941799014,0.4051051285795809,0.27749632841246585,0.46838985893028534,0.37194763885188475,-0.20744651826967042,0.2964154981697089,0.30033571961710537,0.3707360285395787,0.33747645005547444,0.48474235322621084,0.5308747857636564,0.3106414389053125,0.2610835207366231,0.315020030461969,0.18016096761406175,0.2434784276933827,0.2441745872328329
