0.0,0.8300660946574185,0.4989643804221168,0.0,0.6583158147863595,0.6507663933555818,0.5026270869819208,0.54030454140799,0.41720712482076183,0.6938839188652213,0.37595353764620787,0.7857759794222102,0.7831527507263993,0.5838371663492761,0.3994796818439288,0.794468807628308,0.5098219568444007,0.6762285611774317,0.0,0.6184236623652322,0.29405423848137424,0.6940408526502135,0.6035747075928346,0.6865364527487263,0.6370338354030545,0.7129562677274808,0.6257149773327064,0.6505651205142838,0.7155679429943407,0.6503237414106335,0.72865038129033,0.6402077854453265,0.7007037777793744,0.7182763788558356,0.4795765871881864,0.7204040653083279,0.4939758971741857,0.5793994194483588,0.7309100564612433,0.941673473186644,0.8096784376495378,0.7309735587219657,0.4783302839205954,0.0,0.5420274051113716,0.7044268660159809,0.7534309182210399,0.0,0.0,0.0,0.5515190405898878,0.0,0.6886498719389115,0.0,0.6154041128732312,0.0,0.37688227553106945,0.9342089499741294,0.0,0.5989009732814283,0.8320011914991469,0.5481694297077362,0.7975410199516431,0.0,0.5394647874028364,0.7718728814257914,0.7321848931096124,0.7107191327726661,1.0307946403899537,0.7660545242225626,0.803355402013668,0.456323123028578,0.4458875244404513,0.6748927675708323,0.0,0.5748346630693904
0.8300660946574185,0.0,0.6835003328794431,0.3898917749062384,0.5249033074860822,0.5795764375648345,0.6355455650994156,0.6508652503179401,0.41393639970713647,0.736497972976724,0.46297824171025137,0.4243266919186357,0.6846306213562345,0.5144131307635228,0.48529888787032527,0.8308134712844694,0.8334830637602251,0.7634800920818962,0.7022594713589665,0.4880413277751434,0.5298826472086835,0.5984195280228252,0.7902983541653661,0.6668647339970672,0.7431443361793029,0.42898697636219385,0.7384067961614267,0.7503951318183966,0.6073526064990653,0.40902997258238294,0.7456862107157232,0.5326983724397452,0.33600524267719495,0.6254564797481987,0.5403600393414109,0.3557417588790667,0.03782400212754855,0.0,0.4221854824678618,0.7125683451255062,0.5726157296956476,0.5929364950032193,0.5905640339329881,0.0,0.0,0.9681333096963937,0.6823053705321975,0.039072160651301174,0.0,0.0,0.8667262418736934,0.6301699957815972,0.5032948943601495,0.8106660446575282,0.07185765945056011,0.0,0.2719401395516904,0.6704572290230326,0.0,0.6164068050640856,0.7098653038856664,0.5813637098202042,0.5345200320117334,0.0,0.5607811087371917,0.7928535462060302,0.5867540754345335,0.6437801497517901,0.43714368620915595,0.3099336706295342,0.725729721554828,0.6186260429640934,0.6905899361682037,0.8368117080839556,0.0,0.6561811547326394
0.4989643804221168,0.6835003328794431,0.0,0.6931286428154037,0.6521830859208507,0.6371189523192793,0.7422012740958561,0.8476765197107898,0.3771139181203974,0.8305093878406806,0.7107757126046437,0.7512459600120485,0.8121231586900922,0.7895789451929889,0.666761369838637,0.45082395993879,0.6613969479951283,0.4908816804242897,0.34222776049471926,0.4701841934861902,0.90636178096094,0.7146652098568091,0.5356180430692544,0.640918061925015,0.6039930981451067,0.6799114477637133,0.5343041029011257,0.8482722466271704,0.8496443426900772,0.8028434085445125,0.820541707670218,0.8439549152533616,0.641034290148415,0.8466428663541532,0.8926632734707249,0.8188195280545951,0.7165537397624623,0.5485245568299822,0.7274153215328787,0.46711562072447355,0.6325241728224255,0.34044172341609275,0.7398739927203551,0.7730274354939783,0.0,0.0,0.3804380439441094,0.6221439738545237,0.46954059727242736,0.42113699828500095,0.7977542352279954,0.6108884234354568,0.7506351053769293,0.604379369338194,0.4240834113021571,0.7926504307205814,0.9240212464263431,0.642377984420295,0.5752930049123894,0.35428338310852336,0.0,0.0,0.0,0.6121180863961595,0.8092010086572998,0.42918197057888,0.2470381390472408,0.7375230633685641,0.0,0.5492745592000023,0.6958538296786592,0.7684151031991486,0.6864577038508723,0.7141431245407325,0.6556567943870597,0.8319915146282968
0.0,0.3898917749062384,0.6931286428154037,0.0,0.483260047063017,0.8114744597380642,0.5352827909246951,0.6608232771763192,0.8929532147160979,0.10428439466885953,0.704807523444848,0.2260305393899721,0.46497989672302115,0.5890419513713263,0.5131915991975574,0.2626744449298004,0.6954128943241464,0.47557014726666763,0.8079435135399186,0.5946311082595573,0.4860795775775075,0.5765551512205633,0.7331379676712011,0.43159150578216043,0.7978330870669756,0.7359872484966397,0.8800465658250105,0.5773725413028943,0.6201672060901814,0.3183936370235956,0.6461289510422012,0.5190489042382154,0.3161517700511721,0.044953924907881054,-0.07136378504951402,0.46456048587330334,0.2692927017157135,0.19935260470173777,0.29996857530580057,0.3660907127383908,0.7008426355267658,0.39303967323490174,0.10683349963517069,0.165074424373108,0.0,0.0,0.0,0.40025021726454335,0.0,0.0,0.7735411498928844,0.0,0.47046546224175756,0.32814443805559035,0.0,0.4191863812590041,0.7102867624824212,0.45133109944740807,0.0,0.0,0.0,0.0,0.0,0.0,0.0,0.0,0.45221420413506164,0.6641994485319207,0.0,0.0,0.0,0.6145366451409944,0.4564621308237794,0.5582170339404253,0.0,0.0
0.6583158147863595,0.5249033074860822,0.6521830859208507,0.483260047063017,0.0,0.6208200900471662,0.5654402828749181,0.5310944779788722,0.38625024319288237,0.5102649789750571,0.4993979708363656,0.21330824786224217,0.7198966719979595,0.45462249541957245,0.7081140547165612,0.8324008689264559,0.7815297320152497,0.5602964930232885,0.5368936239410564,0.7178290695394247,1.0557986800100214,0.8826035271826473,0.6096854739884936,0.5282944755425919,0.6272321807495558,0.7580297789606776,0.5285026781784776,0.612777886073107,0.9398250522825169,0.5869123822895072,0.6518982133294258,0.5344668885571296,0.4161176391492235,0.6661690353476449,0.7581275197806917,0.4808313333109331,0.710972085066925,0.37647827679211054,0.40489924326573934,0.4537243885501059,0.3593320499773812,0.47948663596679986,0.35938461087656665,0.3580976198616203,0.35294073416670657,0.0,0.5084308968263922,0.5032307866504606,0.0,0.23819901737280386,0.11162867088871742,0.6890929850396315,0.24240021377028295,0.35339328724319596,0.0,0.28119383173844736,0.4540604613308796,0.8168974920473038,0.45752959403556853,0.5755122076839513,0.452650568926243,0.0,0.0,0.43228786007334963,0.6518094676787087,0.48740103917947586,0.7505052199692395,0.5516689240044311,0.0,0.46719069878836506,0.8109084735770586,0.41377997600256167,0.7363912438610332,0.4382325101084844,0.0,0.6009273358475401
0.6507663933555818,0.5795764375648345,0.6371189523192793,0.8114744597380642,0.6208200900471662,0.0,0.7690507239589961,0.7733860500784037,0.5291929637843451,0.6816278084714266,0.5975167583881963,0.9744645111513077,0.8713243701259349,0.6701173106904403,0.7967468065676393,0.7837976322245257,0.5604784702307681,0.82568661869564,0.6947578351889225,0.5880837138295474,0.7021274684165327,0.6482409509972671,0.6470765267990879,0.4009716616977035,0.754830884097086,0.6744682889854731,0.7593448684709475,0.9200115393532735,0.6386138312192837,0.8030794088747549,0.8751739045583862,0.6977111201164516,0.6994030838480765,0.8037433384796082,0.8152564714076451,0.8792218185114851,0.8229322120455831,0.7779960227154775,0.6435812180176513,0.34212239118518983,0.6225035160534104,0.35467679075776315,0.9587336359630126,0.46885502314902283,0.40828016630212977,0.6519877384697448,0.6236512289610618,0.6727014290812328,0.7536046093597631,0.6498244544658223,0.7666803931911139,0.7113978866836165,0.851262220129699,0.7536305839474686,0.7705610294491569,0.5719760991928883,0.5603390716030493,0.6505164640060251,0.6917813127823685,0.7415794309324094,0.6578350504041861,0.0,0.5384887534463518,0.643275818920197,0.6527304040727364,0.46372810690832855,0.7693287687321727,0.7445182259330201,0.503039281516018,0.5723840430985139,0.37526747249073233,0.7289141247632269,0.6282263824167856,0.6756644569219685,0.501853500059084,0.608973974021347
0.5026270869819208,0.6355455650994156,0.7422012740958561,0.5352827909246951,0.5654402828749181,0.7690507239589961,0.0,0.6670402580566777,0.6513129324954363,0.17446641723429093,0.6263157216549395,0.3843991944103222,0.9694591784529372,0.442796779184213,0.6650923085647126,0.8458151182547665,0.6421003631694311,0.8296440574498734,0.6578577377922685,0.7213561919047367,0.5463688879591531,0.814091461273816,0.8033087185510146,0.24382128603155198,0.9593929714214701,0.6695994704389144,0.8167600207885691,0.882322089130984,0.8902271011371052,0.6235957767613032,0.911998245868674,0.8829383302050602,0.46273242645928614,0.6594171416283241,0.8907310055442696,0.5362813838695212,0.20041332645321583,0.5946583597620898,0.6997038756501053,0.3899977051680488,0.3963129406725142,0.4251198169272566,0.4476377376658631,0.8362914015224858,0.398895860637058,0.0,0.5436472429927985,0.5062469559516967,0.0,0.5945995349061859,0.7239059154201154,0.7296570872717514,0.5343599959428589,0.6983042949332601,0.638241073548738,0.49512216829552297,0.4404201011446871,0.6791058213916421,0.46686500666533726,0.4610841068136467,0.6251654152183377,0.0,0.48878265299013063,0.6084573443132562,0.684888846135316,0.6443542015658615,0.6704249540583216,0.7617808778893826,0.4658435066235826,0.8479506997128554,0.5998194745026366,0.5572692283707814,0.6004180178748597,0.5289289096968828,0.9431475303416563,0.6056223678574799
0.54030454140799,0.6508652503179401,0.8476765197107898,0.6608232771763192,0.5310944779788722,0.7733860500784037,0.6670402580566777,0.0,0.7426429060554705,0.5937750119795777,0.512925215724245,0.4490366497117886,0.7214060676015086,0.8250745876490961,0.5622883294577237,0.7957651690855342,0.6507768637551267,0.7213127536750352,0.6838230707229533,0.6096155545085047,0.6057214425428554,0.6297791078265647,0.6710401306954792,0.49022346949460016,0.5209344750505547,0.6081249006049945,0.7592011605572073,0.6795996449850776,0.5359468821385528,0.5538957459810816,0.68471955041011,0.6605740633548257,0.4639965622052048,0.5658476280427351,0.47498602063247375,0.4831543206316897,-0.03846980509824882,0.6784892941004468,0.6641197834828887,0.529412004805679,0.43216851435199327,0.5045246300721591,0.8527469202346618,0.6577438845626741,0.0,0.6868440819267898,0.5056507248965798,0.7426245242422156,0.0,0.7697323448068706,0.772929200112294,0.662649158320587,0.5734733289871929,0.708657156607587,0.6520184169508096,0.6660669857944101,0.9425962165101893,0.6366536384043792,0.40980887345233435,0.7133486717599096,0.6416268300842599,0.0,0.5625428135861827,0.7740543900068811,0.6882597369234311,0.42210287791000645,0.7655579517542002,0.790863230341305,0.0,0.5762138602961339,0.6168739571362444,0.7981272760688506,0.5724415924819987,0.6705043027446818,0.5958712864896862,0.49453374541563055
0.41720712482076183,0.41393639970713647,0.3771139181203974,0.8929532147160979,0.38625024319288237,0.5291929637843451,0.6513129324954363,0.7426429060554705,0.0,0.6867121308008122,0.3500410003402901,0.6155911012736103,0.7522596821712833,0.6704184220941414,0.8911861940729378,0.6942211302749934,0.6673698775746959,0.7691929903985105,0.24478003000767118,0.36897539426972625,0.4827818607989381,0.6230811628617798,0.5734675014115593,0.5861353685149737,0.7281145233463922,0.6670152495239094,0.567940896857472,0.8093873291517836,0.5156737973478572,0.718573026998232,0.8212347058519183,0.8319932453211605,0.6194608009829623,0.7956279756592908,0.780021418888105,0.8222749664346355,0.8014612676309238,0.6974863637023092,0.603183231671409,0.2961475794816385,0.32429487314138383,0.3557627822267291,0.5585388746943113,0.69172479605969,0.5141035700581259,0.0,0.5425146844918425,0.7364701750231366,0.4629822286025593,0.7976385375852921,0.8060797861396909,0.7900941944384009,0.719538081208422,0.6689278536347564,0.37466907811548966,0.7231726754755243,0.6484958923662809,0.6541658829791628,0.46656326896090594,0.7798533484784729,0.7533912775376596,0.0,0.0,0.6730046011524947,0.9489598474882704,0.5995274735795381,0.7887062727556586,0.7352901307537584,0.41148478969589064,0.6916253554317766,0.4109600328828269,0.7499069395746936,0.616518625206429,0.6702157079749903,0.6679903033834818,0.7684723653538115
0.6938839188652213,0.736497972976724,0.8305093878406806,0.10428439466885953,0.5102649789750571,0.6816278084714266,0.17446641723429093,0.5937750119795777,0.6867121308008122,0.0,0.5305516792298841,0.591361207861639,0.5414899500255057,0.5303029618992128,0.39222396220696876,0.5251928875368448,0.6203688404339096,0.4688817988000718,0.7926138514840502,0.2924118785184734,0.7359201612355286,0.537325800141113,0.6450353965609699,0.5703516560353576,0.6860038469104199,0.6356996024341631,0.6154109714810789,0.49803468734317957,0.5775702260892719,0.5480775117822081,0.867836088329383,0.4123308928656012,0.6823330260446938,0.6248957345646433,0.6919537554354634,0.2807107043316728,0.4070546415530688,0.570050286233268,0.763266931022279,0.5190862437856716,1.027796257909842,0.5566489546350981,0.6091099846253909,0.4168808395581104,0.5507759332223254,0.7004270348272726,0.3618838122779441,0.3490531638570019,0.46931439754952614,0.4380378263307374,0.6146620002577088,0.6188163127881767,0.7029367372184483,0.4996052503761566,0.4891375256702983,0.5993947997650038,0.5998188865181917,0.6947468667379035,0.0,0.6174382830756641,0.3859601736711934,0.6648439194638309,1.0689982938814153,0.4700952877758169,0.4664796148819885,0.6458461927423031,0.538974042008052,0.7152053586702263,0.7091999364693671,0.8053424234791008,0.8006232163809353,0.8107084202414332,0.6034458147702682,0.78789637231712,0.0,0.9498648865949226
0.37595353764620787,0.46297824171025137,0.7107757126046437,0.704807523444848,0.4993979708363656,0.5975167583881963,0.6263157216549395,0.512925215724245,0.3500410003402901,0.5305516792298841,0.0,0.6014605104770461,0.5809263817607222,0.6145127661073253,0.0,0.4891275475348933,0.6068242837272659,0.6934427058618284,0.42676071099409174,0.45267237992363485,0.6562861175053261,0.4402010630212804,0.47828133563298486,0.7578800103801492,0.6821759364296421,0.7883877016382398,0.7144155022233498,0.5297535297785549,0.47018367158764884,0.6239853445993255,0.5804086487704959,0.5771639061825476,0.6010893478521826,0.5945926363536818,0.6314297786651334,0.5515011610290715,0.6633196268623243,0.6041916505659557,0.6060993246953104,0.6227540504346345,0.5038262558415617,0.41489673270686556,0.45503500113600287,0.7658429822812651,0.44275816262184176,0.0,0.0,0.6666524403140217,0.4699034378226198,0.17623089227039498,0.7142909907957151,0.540598718786319,0.4648002665196324,0.6733864176944077,0.6528846347311124,0.6298347913695929,0.4371232359050181,0.6453317598553604,0.4425397945770655,0.0,0.0,0.0,0.0,0.7142199538759166,0.5253332042461332,0.0,0.5295046352184513,0.6304110222597918,0.0,0.0,0.8784378404597561,0.6989872983593688,0.5697686457958363,0.48565100855579857,0.0,0.7124669459011922
0.7857759794222102,0.4243266919186357,0.7512459600120485,0.2260305393899721,0.21330824786224217,0.9744645111513077,0.3843991944103222,0.4490366497117886,0.6155911012736103,0.591361207861639,0.6014605104770461,0.0,0.4488675733786803,0.7565554604765676,0.3410064136566052,0.6994593657972862,0.875180676179647,0.7397249788607327,0.670803138080025,0.3721129836097875,0.6683312618458248,0.33520775959877114,0.5140096885433592,0.4786202790397175,0.7047122534700341,0.519068235505741,0.9643343328991052,0.4812107373377844,0.4797783678759003,0.6238500540816402,0.6806490588601264,0.10218229917919153,0.44468577117376273,0.3257641876143923,0.2858082411601815,0.42244806954383174,0.3834989054396819,0.24380820485859805,0.2740459861321254,0.6092609307794696,0.8806307969196322,0.1034883686662732,0.3891140506153407,0.6265970485858268,0.6228214193722681,0.6258608220705131,0.5071057682991952,0.5232589886302694,0.48036940082720553,0.28449313635496376,0.348325448541557,0.5419457305353517,0.3650097405756604,0.49200642428758523,0.5610170241004069,0.419719237546303,0.7134956828276914,0.6641582962011803,0.5279180841775204,0.5167862861209085,0.4603922475309044,0.6538193887735961,0.7050856322434513,0.5806458038865281,0.827055658806952,0.847695649486468,0.45619228088321817,0.3135971312193163,0.711278669424788,0.8686073426472005,0.8266627436942644,0.2822821057107428,0.6500463585292029,0.5407079185998438,0.0,0.951381784457451
0.7831527507263993,0.6846306213562345,0.8121231586900922,0.46497989672302115,0.7198966719979595,0.8713243701259349,0.9694591784529372,0.7214060676015086,0.7522596821712833,0.5414899500255057,0.5809263817607222,0.4488675733786803,0.0,0.5127563924481437,0.7894168106223403,0.8244758917788337,0.7247974165553236,0.8864485700199625,0.7211726698375915,0.8308271730550508,0.6794445768423356,0.7925452462101781,0.8394543780169803,0.3468043902196508,0.8011463327695016,0.6900673610882375,0.844963459590135,0.8420511121163815,0.8357256801774762,0.704709457988342,0.7562496722101776,0.8360861340815434,0.4216087286204707,0.7255039280916902,0.8506284549113865,0.7321058257628139,0.5927430619094747,0.5734612997577702,-0.06277602807456412,0.37890716458758916,0.3373967235797746,0.36301996028222194,0.5756418607665115,0.20764035252046703,0.4327938723217545,0.662281539247854,0.6344512706188495,0.7242449579391703,0.0,0.7945071157718877,0.6710526971307285,0.6849559761048795,0.6627369995103376,0.6691844082549812,0.4256076608486423,0.5810671383194068,0.43909887624174443,0.7454452178556177,0.3596884511788932,0.5981323582600502,0.5222724577209281,0.5613084286838627,0.5321653748431419,0.6069638119205072,0.5693628979487213,0.715193857796528,0.6849493238718141,0.7683074145094158,0.5947716160619454,0.7400261068980512,0.6292965776887954,0.7407404244585184,0.6482587460527705,0.7055346703684061,0.5542949888514144,0.609241580798491
0.5838371663492761,0.5144131307635228,0.7895789451929889,0.5890419513713263,0.45462249541957245,0.6701173106904403,0.442796779184213,0.8250745876490961,0.6704184220941414,0.5303029618992128,0.6145127661073253,0.7565554604765676,0.5127563924481437,0.0,0.5206699094593483,0.5053994700743836,0.4595767914350931,0.4944067359524425,0.6690374754406017,0.3704532299657629,0.492101877606848,0.2957256436939312,0.627401647584759,0.7808305883065666,0.44565007007224533,0.6095596733439765,0.7581626476953209,0.6014060699878099,0.35956366874778384,0.7180674538961442,0.5244406276895329,0.3303407762084554,0.3459714866093474,0.4680793362245716,0.4195111270751811,0.5728413681396861,0.31354975481821556,0.42024195318417834,0.525235178166938,0.0,0.6653449942490095,0.6711349266520736,0.6243159806297376,0.46882143500387247,0.0,0.0,0.0,0.5193222602793075,0.0,0.4919474878218217,0.4741474124363167,0.6909943017306879,0.4937160333126228,0.6065239830680316,0.0,0.548129002265753,0.36644635702611106,0.5245367925263068,0.4045017417145588,0.0,0.0,0.0,0.0,0.5317275052059118,0.0,0.0,0.0,0.5457960044413994,0.0,0.0,0.0,0.5872873217576934,0.7784450720964251,0.0,0.0,0.0
0.3994796818439288,0.48529888787032527,0.666761369838637,0.5131915991975574,0.7081140547165612,0.7967468065676393,0.6650923085647126,0.5622883294577237,0.8911861940729378,0.39222396220696876,0.0,0.3410064136566052,0.7894168106223403,0.5206699094593483,0.0,0.5053037788935166,0.5363690562800887,0.4408405852870104,0.0,0.6358039772965173,0.3339741789726361,0.49721684860911547,0.5639299161296889,0.35225626135481225,0.4428324246227048,0.24552378146288326,0.5760537541703176,0.7154392916927071,0.8004775284384633,0.44244491686037535,0.5659663253264731,0.29673763654627416,0.3368254975884588,0.3388474002848273,0.4316471300271274,0.6253492768015891,0.5710307746119045,0.3797072482300607,0.3125859891614414,0.39291611565737555,0.4135242322659322,0.324354465178062,0.6265591585146628,0.4164671507639856,0.0,0.4898474571782975,0.2790242751740026,0.680139750653017,0.0,0.0,0.5379373215044563,0.8327363127772146,0.6850482786455232,0.5866585231273028,0.0,0.0,0.7110574552428209,0.5370980510891071,0.4716542445982814,0.7617377560823022,0.5164778108532343,0.5360306379127602,0.7839287432074682,0.0,0.7598922966060966,0.48482705720282016,0.5749078775226519,0.8645264410669457,0.4525946527715454,0.22589480822671937,0.3931432235857559,0.6795883188648366,0.5883067594912492,0.6102081443157784,0.4759314018960136,0.4357743559174937
0.794468807628308,0.8308134712844694,0.45082395993879,0.2626744449298004,0.8324008689264559,0.7837976322245257,0.8458151182547665,0.7957651690855342,0.6942211302749934,0.5251928875368448,0.4891275475348933,0.6994593657972862,0.8244758917788337,0.5053994700743836,0.5053037788935166,0.0,0.606932313844877,0.738526387737954,0.45300281052645563,0.5193223835026735,0.5287195887920157,0.5009985989223626,0.7770806636978063,0.7241445675011542,0.5277063116698397,0.675449061581872,0.7991939710923956,0.596613942908711,0.7196030079960973,0.6017161557111184,0.5712276068246054,0.22739283829571877,0.27870597023904675,0.2841995978195057,0.30838294834097135,0.7789492383962686,0.5979882266762555,0.5964788768849907,0.5408643448903532,0.5541748532842806,0.713889395368459,0.5772036814961576,0.4723113582089671,0.0,0.0,0.7442356182486249,0.6986273206255533,0.0,0.0,0.0,0.5906405932582688,0.7523142009165045,0.920815094890757,0.0,0.3272744002496004,0.0,0.13117945081200655,0.5939723606949021,0.0,0.5500912846955375,0.7439787255237258,0.2970924447027494,0.5876863312295175,0.0,0.35995440260038725,0.5628292832009758,0.5128334589848529,0.719457923428917,0.07439371600955402,0.5922392711533282,0.6650083426747408,0.6576420050685537,0.6299960091841628,0.7120313844548318,0.0,0.6809848988705804
0.5098219568444007,0.8334830637602251,0.6613969479951283,0.6954128943241464,0.7815297320152497,0.5604784702307681,0.6421003631694311,0.6507768637551267,0.6673698775746959,0.6203688404339096,0.6068242837272659,0.875180676179647,0.7247974165553236,0.4595767914350931,0.5363690562800887,0.606932313844877,0.0,0.7644835055869237,0.7285362163250753,0.6138322835150933,0.5191518507905422,0.7202319398906287,0.6345969548258884,0.7219112018895537,0.7426872330705532,0.6736286301064116,0.785735582044141,0.7779502983552055,0.6001898729236015,0.6004684269544062,0.8099841853466643,0.5456852775194602,0.6100070747059159,0.6904728212269562,0.7385087046570583,0.7324431857232854,0.3471699137627908,0.7021222525031591,0.41295530737853164,0.5882207383644666,0.41780621013667585,0.8420493364459558,0.0,0.0,0.41137469195275234,0.8599589777710088,0.81538468652863,0.0,0.0,0.0,0.0,0.0,0.0,0.0,0.3128064721173181,0.0,0.3237978999027186,0.515332445153474,0.0,0.5721373865662978,0.33965066149561807,0.6025205798608781,0.7738997363335368,0.0,0.0,0.0,0.6002347609711948,0.0,0.7596012242422728,0.7829264997275109,0.7973597203710107,0.0,0.5955204138999632,0.46371630833639277,0.0,0.5675096741574581
0.6762285611774317,0.7634800920818962,0.4908816804242897,0.47557014726666763,0.5602964930232885,0.82568661869564,0.8296440574498734,0.7213127536750352,0.7691929903985105,0.4688817988000718,0.6934427058618284,0.7397249788607327,0.8864485700199625,0.4944067359524425,0.4408405852870104,0.738526387737954,0.7644835055869237,0.0,0.6868680765948088,0.6047279892792806,0.4788726412056447,0.5140718503588055,0.6801567341581818,0.7637788631718685,0.6678752678397407,0.6385768891302742,0.8616826917777225,0.7640171391089032,0.7226132140676593,0.5931715483792763,0.6167178116156522,0.34974965752988363,0.41324898425622675,0.592749516762912,0.4088610625365676,0.5545480935468785,0.3955385478275501,0.26346730603878976,0.7813199987138708,0.7774086561583053,0.6648090238975984,0.6353938183725476,0.0,0.0,0.5708848498672652,0.7667818609229348,0.763036094439828,0.0,0.0,0.0,0.5838059207023638,0.4861274752858452,0.6053466630708336,0.0,0.451950065837632,0.0,0.3916808368742781,0.7346724790347485,0.0,0.6144052477080952,0.8202404207163954,0.6096706066684041,0.6659309167039682,0.0,0.5544970316482091,0.7103703479860051,0.67620484505031,0.8993005745230012,0.7844992106153611,0.7289197617551496,0.7805658126669043,0.540042773704499,0.7988830637953479,0.6239231459265902,0.0,0.8900642605709451
0.0,0.7022594713589665,0.34222776049471926,0.8079435135399186,0.5368936239410564,0.6947578351889225,0.6578577377922685,0.6838230707229533,0.24478003000767118,0.7926138514840502,0.42676071099409174,0.670803138080025,0.7211726698375915,0.6690374754406017,0.0,0.45300281052645563,0.7285362163250753,0.6868680765948088,0.0,0.5017384645580953,0.7103067506633072,0.7345433417264826,0.33409681341082964,0.6830697957278872,0.7328755190343295,0.7304938818860272,0.7333997849204424,0.7283949000627015,0.697033066192548,0.6605432688932906,0.7495447176717678,0.744875134633812,0.517162130249713,0.732064107477775,0.6054340553625208,0.7440039731779182,0.6882061172845022,0.5801316342327356,0.7838681053928447,0.44488511026752464,0.24094884270031341,0.44797125451486,0.5669612156934806,0.5863723819539295,0.009306941376683992,0.0,0.0,0.6929856612038559,0.0,0.5470895155223389,0.6438868589459139,0.7382284190438779,0.5114824947669062,0.7341292703813791,0.5897616835021817,0.5523848161795581,0.7083319839587703,0.7089485830714949,0.4075102664755942,0.0,0.0,0.0,0.0,0.649285055422588,0.4696526533853318,0.0,0.48660371650042655,0.7004517536048882,0.0,0.0,0.0,0.7736777688336698,0.7450909403647014,0.4303504770553064,0.46413384534592106,0.7802242750786308
0.6184236623652322,0.4880413277751434,0.4701841934861902,0.5946311082595573,0.7178290695394247,0.5880837138295474,0.7213561919047367,0.6096155545085047,0.36897539426972625,0.2924118785184734,0.45267237992363485,0.3721129836097875,0.8308271730550508,0.3704532299657629,0.6358039772965173,0.5193223835026735,0.6138322835150933,0.6047279892792806,0.5017384645580953,0.0,0.53345241154143,0.3348425857947348,0.6911349791030461,0.5712143823207223,0.7171419448447143,0.416131677436388,0.8861788350638387,0.5924876890086077,0.6130230658695621,0.6162510911522707,0.706551081678541,0.4736041666388643,0.36651249219832516,0.5881240045150306,0.6434768751517845,0.9606774444627042,0.46286569883247947,0.48636766605241766,0.5910738325106633,0.4469690564734504,0.504535557142134,0.4012372549136475,0.4698532076486369,0.24724942764320076,0.3216377496039978,0.6419558032211015,0.48986748345000486,0.7893111574036229,0.0,0.0,0.5930029577992024,0.6215901461928796,0.6550913934194009,0.7172866133146915,0.7819997046686835,0.0,0.5531328407597143,0.6883683079375221,0.0,0.7365797006294205,0.5305010941583612,0.47472155866054333,0.4855730445624833,0.0,0.610319839518857,0.5887964861966763,0.506920988749349,0.7340223170052252,0.0,0.6154783209207824,0.43734901252844083,0.7514858189282588,0.5470960809877743,0.6191568366303097,0.539404050609914,0.5953473314846204
0.29405423848137424,0.5298826472086835,0.90636178096094,0.4860795775775075,1.0557986800100214,0.7021274684165327,0.5463688879591531,0.6057214425428554,0.4827818607989381,0.7359201612355286,0.6562861175053261,0.6683312618458248,0.6794445768423356,0.492101877606848,0.3339741789726361,0.5287195887920157,0.5191518507905422,0.4788726412056447,0.7103067506633072,0.53345241154143,0.0,0.20263446032223642,0.7005595771713177,0.5205356104115751,0.4156904304702246,0.5552700808054136,0.7296078629488536,0.5568290089237367,0.5922908969179925,0.5168821600301831,0.4839394136384493,0.08950335005858612,0.139640651126609,0.2067522455680882,0.30392710007637436,0.44380207369978364,0.5132972945714374,0.6035995476516769,0.4624646956132284,0.5761862790745141,0.49989620311393224,0.4248270975077769,0.6762586772191028,0.0,0.0,0.596043216693529,0.4680211471746653,0.7445856269164453,0.0,0.0,0.6865982939547433,0.612208341999248,0.8528169802609546,0.6041878715111972,0.7880332638764755,0.0,0.774031865524402,0.6735592520955219,0.0,0.7195094045625255,0.6608488558655778,0.0,0.6237527487869795,0.0,0.6936617777589698,0.502953792705029,0.556642391414576,0.7773043592822404,0.5356761539351995,0.48804695791164227,0.667477468003598,0.7917999925563572,0.7265686758610841,0.8040657547153589,0.6881591913086136,0.311865863799332
0.6940408526502135,0.5984195280228252,0.7146652098568091,0.5765551512205633,0.8826035271826473,0.6482409509972671,0.814091461273816,0.6297791078265647,0.6230811628617798,0.537325800141113,0.4402010630212804,0.33520775959877114,0.7925452462101781,0.2957256436939312,0.49721684860911547,0.5009985989223626,0.7202319398906287,0.5140718503588055,0.7345433417264826,0.3348425857947348,0.20263446032223642,0.0,0.7100037206188919,0.5969248193783023,0.7328772591016613,0.42528473715498094,0.6477757626322176,0.4321059850202438,0.7234679948047142,0.31561075457420396,0.6158471605863656,0.3605700818902736,0.15806208160945007,0.4701141239247439,0.4743061766203577,0.7391792652835196,0.6014115267803466,0.4904521467167968,0.12963830427894266,0.20995914395382118,0.2818098169126963,0.2209182216610629,0.4753281007723445,0.44996412373998873,0.3804983325751606,0.7177809525820635,0.4130904557395991,0.7833041062740629,0.4696767830677918,0.3949689304397629,0.631228290127037,0.7038481111276683,0.48929159700271746,0.7095069930037234,0.6206525215478991,0.0,0.6633067695618112,0.6388776574848785,0.0,0.6052867295751946,0.4991924271361503,0.7443380228654072,0.26997660140334667,0.0,0.46993680392221276,0.3853798822882599,0.2616656469052324,0.8189338703989204,0.8236385633248693,0.18766952299055686,0.379023319474767,0.6433923052411838,0.9651023793074041,0.5699033707150886,0.3871099473693134,0.35876573524832267
0.6035747075928346,0.7902983541653661,0.5356180430692544,0.7331379676712011,0.6096854739884936,0.6470765267990879,0.8033087185510146,0.6710401306954792,0.5734675014115593,0.6450353965609699,0.47828133563298486,0.5140096885433592,0.8394543780169803,0.627401647584759,0.5639299161296889,0.7770806636978063,0.6345969548258884,0.6801567341581818,0.33409681341082964,0.6911349791030461,0.7005595771713177,0.7100037206188919,0.0,0.5891428831196346,0.6983948754901785,0.5804269823228003,0.8547274236801408,0.7061422166232225,0.7942596643684585,0.675869905543949,0.7567386603117521,0.6530523092786258,0.5692755294410776,0.6474449343327111,0.6902770039062626,0.6074101254887487,0.7300970100447376,0.35692981469445473,0.7168514927988492,0.5643263334329998,0.6759721392220805,0.7092177263455992,0.8185258083212392,0.7199255493887456,0.660640948911872,0.6582660107835545,0.6789937650301316,0.7769376732120625,0.5076017987153193,0.8580358513279075,0.7609145242300058,0.7526394900474043,0.7804187622650691,0.7906688180084035,0.701025742863754,0.7115444429889808,0.42550019752572865,0.7152555049466408,0.4535413301070333,0.8112467828632373,0.8455603187324661,0.46647961488198786,0.6028446991247685,0.7104771168126031,0.7291732038350973,0.7599201431027132,0.6804053842824667,0.852742607075637,0.33514478274819526,0.7639630818404406,0.6632054593466785,0.7398864802330455,0.673229435906681,0.754416193987751,0.7210515992371707,0.695551516050327
0.6865364527487263,0.6668647339970672,0.640918061925015,0.43159150578216043,0.5282944755425919,0.4009716616977035,0.24382128603155198,0.49022346949460016,0.5861353685149737,0.5703516560353576,0.7578800103801492,0.4786202790397175,0.3468043902196508,0.7808305883065666,0.35225626135481225,0.7241445675011542,0.7219112018895537,0.7637788631718685,0.6830697957278872,0.5712143823207223,0.5205356104115751,0.5969248193783023,0.5891428831196346,0.0,0.7053756691014582,0.4647811343379894,0.7147704853997545,0.5099347262728456,0.75541173723865,0.9242742125659508,0.899038683653699,0.2586683298614846,0.2097259216781862,0.20479774496792275,0.2912274382484037,0.2626116095742972,0.3502786383168843,0.34338914895595835,-0.04884393003346388,0.8020324419865705,1.1248383276801288,0.2265844803623045,0.3918211256663188,0.5084492533700227,0.3550691419140335,0.555209687350322,0.628637265375743,0.0,0.0,0.4827577846790644,0.5898035330581713,0.39756901789177235,0.0,0.29410271469993526,0.45480574191593104,0.4881315115995131,0.5994695700561707,0.4029170073953069,0.0,0.35962932384368074,0.6585287376095681,0.5195051781891,0.7908407675174753,0.4632156454662194,0.42253401262465595,0.5864720230449767,0.6005319884607805,0.6854748930605011,0.5942444674170513,0.8396009015522641,0.7352553862128477,0.3855718294211745,0.5625290248138342,0.8781086598346983,0.0,0.9003188462117591
0.6370338354030545,0.7431443361793029,0.6039930981451067,0.7978330870669756,0.6272321807495558,0.754830884097086,0.9593929714214701,0.5209344750505547,0.7281145233463922,0.6860038469104199,0.6821759364296421,0.7047122534700341,0.8011463327695016,0.44565007007224533,0.4428324246227048,0.5277063116698397,0.7426872330705532,0.6678752678397407,0.7328755190343295,0.7171419448447143,0.4156904304702246,0.7328772591016613,0.6983948754901785,0.7053756691014582,0.0,0.42134662607988016,0.856403103306558,0.6560980333334214,0.8044728572755887,0.48689329343323823,0.7482067583087725,0.32006030475589164,0.5216625098996784,0.598151046741636,0.5669176185056335,0.5766265082698351,0.6237338518944443,0.554424510328243,0.6736219264903518,0.7493169807717595,0.774566068405783,0.5347304678884448,0.1687499151653848,0.0,0.48847868124667837,0.8539634883411014,0.7738696478059512,0.0,0.0,0.0,0.6471773513219935,0.6955275680464341,0.6101327734793417,0.43742485493529976,0.3812924544383522,0.4609734149344543,0.42551204292551736,0.5395914296798037,0.0,0.7193728809462773,0.8283306683892868,0.6506301851374026,0.7783670933519143,0.0,0.5198247608039421,0.7149334931291302,0.6378585698365401,0.7631120998550959,0.8184355597047438,0.8300413912717162,0.8167855475891563,0.48905779441396385,0.5582433674271015,0.3872881581699644,0.0,0.76634545065021
0.7129562677274808,0.42898697636219385,0.6799114477637133,0.7359872484966397,0.7580297789606776,0.6744682889854731,0.6695994704389144,0.6081249006049945,0.6670152495239094,0.6356996024341631,0.7883877016382398,0.519068235505741,0.6900673610882375,0.6095596733439765,0.24552378146288326,0.675449061581872,0.6736286301064116,0.6385768891302742,0.7304938818860272,0.416131677436388,0.5552700808054136,0.42528473715498094,0.5804269823228003,0.4647811343379894,0.42134662607988016,0.0,0.5938599096538874,0.6479362588649041,0.7782707393800045,0.4925928867457139,0.619992423948064,0.44392135181207354,0.5284270792787202,0.5391778753214169,0.4297928549860939,0.1627634146919021,0.48351651439596144,0.5714166475371658,0.5039169967891572,0.7566948477059906,0.8479929238711136,0.39740692835625074,0.31014356765047457,0.5056493557246962,0.4509828078877411,0.7802005085237911,0.7268905387256563,0.8860998545029422,0.0,0.004322399702347718,0.5615486993110667,0.6774862974083009,0.44645845062787426,0.620404648162871,0.39540691117932536,0.0,0.5456812426647759,0.7516798522945016,0.0,0.4216396291903102,0.8163872881876165,0.5563717679418619,0.7305554733239141,0.0,0.4432148844457894,0.6035595937244098,0.5470529191727771,0.7375776876221138,0.6896275408456011,0.8140006257565413,0.71093198129704,0.7063081009913439,0.7021062532217894,0.625031193935971,0.4449498491232705,0.7551827460261735
0.6257149773327064,0.7384067961614267,0.5343041029011257,0.8800465658250105,0.5285026781784776,0.7593448684709475,0.8167600207885691,0.7592011605572073,0.567940896857472,0.6154109714810789,0.7144155022233498,0.9643343328991052,0.844963459590135,0.7581626476953209,0.5760537541703176,0.7991939710923956,0.785735582044141,0.8616826917777225,0.7333997849204424,0.8861788350638387,0.7296078629488536,0.6477757626322176,0.8547274236801408,0.7147704853997545,0.856403103306558,0.5938599096538874,0.0,0.7510442773096646,0.7183176175911088,0.6614630146047846,0.8044136424695134,0.6637239086283624,0.5725317956157681,0.690430260527085,0.7131541664415912,0.7166282705472586,0.8196978511068608,0.45823847820275987,0.6946578597003497,0.5324396952630415,0.6811095543522658,0.47098818930495334,0.7726752581065857,0.6399364848334805,0.4335472068048676,0.5077680591799253,0.42558477840524356,0.7573511504616125,0.6526701058694495,0.6495982326275926,0.8045059319058014,0.8064240424745317,0.7605448392016114,0.7367273407617734,0.8411335539278336,0.7027737736057835,0.5298330566258842,0.7062652315404656,0.5979145321597027,0.7468827941168374,0.6875988815614849,0.0,0.40151540388989315,0.8028171832517621,0.6919737953845442,0.7070462207914109,0.5943611279741563,0.7441906144696828,0.0,0.5146517583506239,0.5759805507999962,0.793488419640354,0.6750679687648978,0.7133557767883403,0.6089540620344798,0.6635835220781872
0.6505651205142838,0.7503951318183966,0.8482722466271704,0.5773725413028943,0.612777886073107,0.9200115393532735,0.882322089130984,0.6795996449850776,0.8093873291517836,0.49803468734317957,0.5297535297785549,0.4812107373377844,0.8420511121163815,0.6014060699878099,0.7154392916927071,0.596613942908711,0.7779502983552055,0.7640171391089032,0.7283949000627015,0.5924876890086077,0.5568290089237367,0.4321059850202438,0.7061422166232225,0.5099347262728456,0.6560980333334214,0.6479362588649041,0.7510442773096646,0.0,0.8654030177457566,0.5625848957059314,0.6114410184524677,0.576935364134901,0.3780173108904372,0.32185841594091136,0.8453267632785171,0.7349315607924422,0.34660097748733615,0.5393250321560774,0.6201827444927661,0.43105443511084407,0.6385008179946603,0.150638663905764,0.6639304396052461,0.4048896945377124,0.6902208457128148,0.739774893253065,0.6027153297673347,0.7035620177917083,0.0,0.7385625013168611,0.7228794076026908,0.6338952624219604,0.7196747671634923,0.6822832872072706,0.5856914586885911,0.6537919424323232,0.7263728683372528,0.6721278701292597,0.41340318580349067,0.7968958363247028,0.445859939703964,0.3136020482628547,0.6607818544445219,0.8274621816430489,0.7532285071347152,0.6908892071599957,0.7552969950113859,0.7884973093256635,0.5552723795430423,0.5415248698370518,0.5038894200671569,0.7630923323063952,0.6305637790393146,0.6729804159247045,0.6851630754954647,0.6010830456389739
0.7155679429943407,0.6073526064990653,0.8496443426900772,0.6201672060901814,0.9398250522825169,0.6386138312192837,0.8902271011371052,0.5359468821385528,0.5156737973478572,0.5775702260892719,0.47018367158764884,0.4797783678759003,0.8357256801774762,0.35956366874778384,0.8004775284384633,0.7196030079960973,0.6001898729236015,0.7226132140676593,0.697033066192548,0.6130230658695621,0.5922908969179925,0.7234679948047142,0.7942596643684585,0.75541173723865,0.8044728572755887,0.7782707393800045,0.7183176175911088,0.8654030177457566,0.0,0.6363135657434266,0.861163600576462,0.45334916148002347,0.7001374926270639,0.6608264049170962,0.5627179416216279,0.6655872598271778,0.5477043459670528,0.5508668241902921,0.600046699638066,0.49990181458599636,0.5423154755823402,0.528932601148981,0.39410246850111363,0.7681338926125594,0.7316058409074603,0.6038116922301402,0.6967101481330117,0.7769496393886367,0.4850742371688965,0.44320110639537114,0.660552016114696,0.7256418174657417,0.6846772110937418,0.7497814818284843,0.6777863208311914,0.6130620407414756,0.8129437447056838,0.5945227354309629,0.5867611313888399,0.6934096946373012,0.7050594788767031,0.469468248506669,0.6805216241040553,0.6165677691046212,0.6019741625186519,0.7323039809516427,0.5849490548716529,0.7480477510093897,0.45341584482306163,0.638233691219745,0.6468524294877986,0.7151610744036074,0.6353628533254343,0.5851106742546779,0.5213979336751036,0.510962924572283
0.6503237414106335,0.40902997258238294,0.8028434085445125,0.3183936370235956,0.5869123822895072,0.8030794088747549,0.6235957767613032,0.5538957459810816,0.718573026998232,0.5480775117822081,0.6239853445993255,0.6238500540816402,0.704709457988342,0.7180674538961442,0.44244491686037535,0.6017161557111184,0.6004684269544062,0.5931715483792763,0.6605432688932906,0.6162510911522707,0.5168821600301831,0.31561075457420396,0.675869905543949,0.9242742125659508,0.48689329343323823,0.4925928867457139,0.6614630146047846,0.5625848957059314,0.6363135657434266,0.0,0.38091650735464944,0.2914922499687561,0.6075797079462881,0.5132875311383504,0.4691290353594695,0.6630139829403306,0.4724260960319428,0.46280957904587433,-0.058073381045979866,0.45487644652438186,0.46812234305113487,0.8009232430932403,0.7180700421694867,0.2511592409091812,0.0,0.0,0.0,0.45611230905481864,0.0,0.0,0.6519667491134609,0.7372598805134218,0.5222694145228224,0.8312076371241613,0.4508108908833364,0.0,-0.0015898643351399955,0.43074713056559444,0.0,0.5437245358256297,0.0,0.0,0.9152695303584566,0.9178303463435529,0.8200266132541844,0.5855897503484554,0.48846682982667844,0.8218253261959951,0.0,0.416687326007819,0.469250708485552,0.7790056831074826,0.7274984170420162,0.6123591132911197,0.7855543049357059,0.44331456160921634
