0.0,-0.033717726722124586,-0.009553273997234824,0.0,-0.026620782804341048,0.02811976543910305,-0.01567066936434941,0.019464142751809854,-0.006574178775199224,-0.06192538682402726,0.050863212971096805,-0.033766922613684636,0.04930454235138165,0.001898978796630535,0.014827206932595094,-0.027502027128428197,-0.003632582928883188,-0.03762630379445592,0.0,0.03478844474668891,0.02946629456639377,-0.015537987256799335,0.030397217166714174,0.025801460488452554,-0.023916396318924837,-0.01652930292481053,0.027822538927855855,0.05267247356946558,0.030490361941608424,-0.0015978979055066844,-0.032472790055160405,0.03954852663433617,0.006873004168304997,-0.008612362273049956,-0.04373787450975175,0.034211122599988875,-0.000690563199798655,-0.1022906375852281,0.004009903410845783,-0.017626902087150953,-0.02673127629158889,-0.05092220712123874,5.899150136762232e-05,0.0,-0.0015568510102532684,0.01473182428650266,-0.029947226714061193,0.0,0.0,0.0,-0.0022356524394346877,1.1102230246251565e-16,-0.012138852360932206,0.0,-0.0828663292714133,0.0,-0.07761583718089632,-0.005001249426249743,0.0,-0.033923468511801114,-0.04773195322698093,-0.013630277713706007,-0.062432490801197504,0.0,-0.022615398150644228,0.010169616188350383,-0.011463245236240871,-0.010746258249167528,0.027637615699782514,-0.05003696088184151,-0.04229552150138344,-0.019050260912404804,0.00037958120212017166,-0.019221557997535665,0.0,0.004370672475940973
-0.033717726722124586,0.0,-0.021405929783576028,-0.00011760452088027673,-0.00831827855157774,-0.0025745109253678122,-0.007217751042606635,-0.048072363560872966,0.004801498415022698,-0.045417438170150815,-0.013949114022251019,-0.04105155318908876,-0.004264989844287248,-0.002758941804352655,-0.010280551927374093,-0.027833808727373455,-0.025337000407836208,-0.021827623599332047,-0.010193279807341304,-0.011402851553320104,-0.030087863427112616,-0.0316794051161175,-0.020779376365280267,-0.0449829232384924,-0.027798198353640335,-0.02934141984384181,-0.018700447353332594,0.0022832226830264424,0.001032306928375859,0.01257789252031899,-0.025153704019244993,0.018081213130542118,0.010352854921860721,-0.001022291465411107,-0.004857100625044908,0.01984061783826291,-0.002651977349603152,0.0,-0.006950772787713777,-0.02022094380004702,-0.00949269685790699,-0.008030648627303127,-0.008625620028047731,0.0,2.220446049250313e-16,-0.01885210997886344,-0.024852533586676606,-0.0005100696419904072,0.0,0.0,-0.0043097610266821795,-0.01063221744036541,-0.020992974695358324,-0.01187974605241815,-0.009239496010722437,0.0,-0.027036244022991207,-0.01228189395701762,0.0,-0.010129137684002698,-0.03160989953344673,-0.01840454880884107,-0.06237102249973869,0.0,-0.010962173618220439,-0.0015922248859452925,-0.010761072478649991,-0.04693103949031818,0.00532454048961456,-0.05484426590343483,-0.01646759200044673,-0.05549933301926985,-0.0229244490402839,-0.0021868427033226445,-1.1102230246251565e-16,-0.02150437050050874
-0.009553273997234824,-0.021405929783576028,0.0,-0.02383275915874683,0.014644700478954331,0.01877300701927498,-0.005808233242451499,0.03158997459920615,0.005782899219515525,-0.004068406969388594,0.04589401552217259,-0.012732465318077923,-0.009623196781968935,0.020314255574479356,-0.021216819651182606,-0.01834037853966297,-0.0208423160174821,-0.013365454413611977,0.021461901772785508,-0.00855862642484273,0.000679058493812057,-0.01119597474314743,0.04275624627052971,-0.010688685421514632,-0.019620270113420935,-0.004642677519112404,0.02396269200548856,0.0016262360434752265,0.006655589524438621,-0.01502389850970498,0.0023398541606065026,0.0014281625884933757,-0.026031463028611646,0.011686417665485505,0.010680436187308462,0.0026792892542780167,-0.02556546615114763,-0.012830781365592181,0.01787498913062674,-1.2081716714296142e-06,0.00012256895535289747,-0.0006563458580533532,-0.011002453546597124,0.021324674888185624,0.0,0.0,-4.3720329248819745e-05,0.17000682248928856,1.3249648888713494e-05,-0.045800311987997055,0.019879788162978418,0.03031457021466355,0.036726746884685135,0.046586515501744974,-0.0024191791156589204,0.12742482456220883,-0.01812595785316251,-0.0015381312784313872,0.01611203338793843,0.00022637193550950618,0.0,0.0,0.0,0.20246804851458888,-0.011398847296953285,0.0037101714581950773,0.0005296462853651152,0.04488373217454089,0.0,-0.00019117889824260548,-0.03492080730656705,0.058924482806289036,-0.004242906122015444,-0.015544521375997489,-0.005644057022016202,-0.03892752113599268
0.0,-0.00011760452088027673,-0.02383275915874683,0.0,-0.009150274022055621,-0.004842700128539157,-0.006884636437689079,0.01923189997178626,0.00750040683611608,0.007715813175776687,-0.009712002139997011,-0.008034432016287896,-0.03163199857782889,-0.013233134738749291,0.004801551422575656,-0.000534017856817115,-0.01109377044459764,6.0334780670801e-05,-0.011720926318962988,-0.013610585971251032,0.00010675955769129386,-0.01933396904250695,0.0076172153090708905,0.0011872335607527318,-0.00028196373448308165,-0.012327089162580296,-0.003362851832843794,-0.05785743441376695,-0.022891813410805317,0.014276725189851125,-0.0028579505669766303,-0.013749532408079468,0.007569937666389859,-0.05884169236276465,-0.05830231504569708,-0.03573485106549515,-0.034465108614959605,0.0058180566783866405,-0.01658407932754699,-0.001481999846234483,-0.025276908308199175,0.01103841435073638,-0.0012541240077662552,0.015762126605189775,0.0,0.0,0.0,0.0009670033754005658,0.0,0.0,-0.024379061259352852,2.220446049250313e-16,-0.00013808417972593912,0.0008444675107494026,5.551115123125783e-17,0.0011023295862384042,0.006957327951666481,0.0006103853092353506,0.0,0.0,0.0,0.0,0.0,0.0,0.0,0.0,-0.00012174871539388787,-0.01991967359832225,0.0,0.0,0.0,-0.013446515324038122,-0.002643251260597723,-0.010587166057533404,0.0,0.0
-0.026620782804341048,-0.00831827855157774,0.014644700478954331,-0.009150274022055621,0.0,0.0035490128739681936,0.02053916874780326,-0.028848663579025824,0.03286096097223745,-0.033024192077656334,0.0237105464707163,-0.025919236065070628,-0.009228752307508248,-0.006703497471867714,-0.010984331852290752,0.011938202811419052,-0.015322929161767695,-0.0011719947981230772,0.00272154428319904,-0.008664024555338434,-0.014140632434374911,-0.0010239168341897864,-0.016214361309637604,-0.020705428933321668,-0.0034606374932582007,-0.005695832838422732,0.008594503073427795,-0.013526341973603417,-0.005980499817928586,-0.0030647537517624612,0.008474200342533655,-0.00027676907992973954,0.007699785185632246,-0.024248605544448687,-0.040926739986463845,-0.027288806018073097,-0.05585920681350834,-0.009835336949991336,0.0030012346699971326,0.0074174593020412405,-0.009827698912757976,-0.0028988216484401863,-0.07374727235946449,0.0377454203047381,-0.00039029712409605066,1.1102230246251565e-16,-0.003922522719593868,0.004517187676556567,0.0,-0.009169532557395443,-0.08481131140065129,0.002917417031994163,0.020961123507723944,0.007085107695693704,5.551115123125783e-17,0.008576293717762362,-0.012994765515507767,0.0005154195504832315,-0.0016377524844162772,-0.002740800356193618,6.172016027883309e-05,0.0,-5.551115123125783e-17,0.004323813500316076,-0.024925922528104216,-0.00036407859228110295,-0.012111877908071222,0.014559296482843709,0.0,-3.8735442508153195e-05,-0.008082090952817811,-0.002670660850221107,-0.008164792613480298,-0.002098198521948813,1.1102230246251565e-16,-0.013872493379015138
0.02811976543910305,-0.0025745109253678122,0.01877300701927498,-0.004842700128539157,0.0035490128739681936,0.0,0.0030995042876785783,-0.005470978970332219,0.00045109443383384296,0.009227515211990889,0.017628963982361245,-0.009094517276940772,0.01858335875708461,-0.0031604521048523293,0.006877512977010669,0.0188375914269151,-0.0029661351986624007,0.012172087679085786,-0.0015218035370958005,-0.00188459468081692,-0.016979117449804015,0.0036207019046263222,-0.010208025738383253,-0.0013170173817367292,0.016296402368022322,0.019551581787160488,0.00041716155539428534,0.012112101143072651,-0.02632575299567691,0.0015425991091340685,-0.006562215867138621,0.0036461410288299856,0.02793685764819287,0.011957064974842224,0.009433222161126353,-0.02346124297635599,-0.0013521191085317241,-0.004474821505255688,-0.027404255181936454,-0.0003778117561891725,-0.030178791603679755,-0.0188549079186785,-0.02889530987966199,-0.006971611568833136,0.0026899195145897448,-0.030387024576605193,-0.022992413875854656,0.02220972390608411,-0.0035544653706143237,-0.0020302475176541823,-0.00423562677721756,-0.015218590421113565,0.0065438532959370965,0.012415519861214253,-0.0012817656999725147,0.03469859416279003,-0.01729732189310962,-0.035819133030948413,0.011935685314370725,-0.008505289848699915,-0.024428327880073875,0.0,-0.02018347033371226,-0.00414493552450923,-0.009005074801636148,-0.007875152661375007,-0.014697453140829764,-0.01166166775885552,-0.00010236947786229633,-0.020583862906812356,-0.024254823235607403,-0.0027428444525429696,-0.03769173896519529,-0.03904868286644009,-0.053294986494424934,-0.028669472661416062
-0.01567066936434941,-0.007217751042606635,-0.005808233242451499,-0.006884636437689079,0.02053916874780326,0.0030995042876785783,0.0,-0.01867877819419317,0.006747924639823266,-0.00048703922549292455,0.0008910826713194875,-0.002433189110724543,0.004275894224666621,0.006943653953352336,0.004151897931012061,-0.004660157615374749,-0.014006330554804547,0.0028841349873613975,0.012897643230985245,-0.017124122526394947,-0.010305163824709473,-0.016127080966864993,-0.010035791195927957,0.006405860587695322,-0.0040377824361187975,-0.01093065093091189,-0.009269659518365225,-0.008297379165421781,-0.015627857680648838,0.001784825991658967,0.0006187148642684548,-0.001554662354570413,0.009018013535683156,-0.00996205023897051,-0.031659330953804465,-0.013487277252143048,-0.01954081997952195,0.0181066300341155,-0.01840727283377319,-0.007140267931496691,-0.009804824660326339,-0.017597851254693653,0.062222889977840534,0.021839387871987748,0.010961382517542084,0.0,-0.018334947222133635,0.08631069868056629,0.0,0.001954796459269603,-0.017937697246832973,-0.021901185788754274,0.009334137980595292,0.01096867932280332,-0.015921298221508062,0.006079635763174829,-0.01102255654053369,-0.029904330475790997,-0.012845181558437557,-0.008299841304418853,-0.01464404678619069,0.0,-8.374897076796062e-05,0.001518099542511031,-0.014372087553275847,-0.019727718323787335,-0.017130896697928888,-0.022603535445479106,-0.00018613139501577614,-0.01387134983110161,-0.016924992904625458,-0.03226109889767326,-0.021846483817376083,-0.004246697630473639,-0.005187058448819171,-0.037028165708759
0.019464142751809854,-0.048072363560872966,0.03158997459920615,0.01923189997178626,-0.028848663579025824,-0.005470978970332219,-0.01867877819419317,0.0,0.008135007219804646,0.0033309623406542754,0.03143981899862386,0.02737560893292451,-0.016899878702166193,0.05624034022857971,-0.020940538691236354,-0.04201501588010359,0.0004327068014525759,-0.045621710404929294,0.06541411952093878,-0.02093624574149544,-0.007944116041780691,-0.033653636400449105,0.005694798964179126,0.03476575027555684,-0.006306321036897322,-0.013983763065662902,0.004904542941487289,-0.018609697472442788,-0.028747878799273374,-0.015865739493670594,-0.015242609066901502,-0.01955272087421933,-0.01927493121481272,-0.005324493401285768,-0.00980082994297482,0.00889245334103489,-0.00021775302132370777,-0.03893975928184096,-0.019244465993542292,-0.022734879173072153,-0.019006915331389096,-0.02947911457251773,0.02483096492074388,-0.012012301258718827,0.0,0.011567679010965948,-0.006953947570549068,0.05962595025698503,0.0,-0.013300650852051787,0.013898840459154904,0.006362712705887119,0.05079759891806945,0.006471314993263255,0.00024239454040997366,0.05000163475486763,0.0001524382831837312,-0.024146591663723738,0.032938799549192876,0.005778606118924612,-0.004817519741575738,0.0,0.0006671684758578489,0.09273684879282601,-0.0008241503505035386,0.05869864282918308,-0.01568156692845024,0.031420724295296354,-5.551115123125783e-17,-0.016170260508732548,-0.013219146047244279,0.012943652559295249,-0.03220590294721104,-0.0340458504785095,-0.03343502636084361,-0.0285884283661903
-0.006574178775199224,0.004801498415022698,0.005782899219515525,0.00750040683611608,0.03286096097223745,0.00045109443383384296,0.006747924639823266,0.008135007219804646,0.0,0.002753161651958602,0.029656318251876423,-0.002325107714031327,0.025929981827264303,0.013411703552854926,-0.024640071400817753,0.01732709104211061,-0.02005083166533056,0.004263682844038885,0.009873299045028594,-0.005768793376502601,0.003982761595606732,0.006750250303328431,-0.0007562069583818554,0.010389482818205342,0.007195096756030139,-0.013480800629429524,0.016328136708377128,0.011503314765853867,-0.006632635700188405,-0.007946177495299411,0.019560521687416843,0.015890406979748806,0.015130280539138619,0.02950482155286077,0.02710711950902306,0.002925683104715915,0.011987764907695486,0.011406916181880389,-0.027844257612114343,-0.008334921576616305,-0.026553211242424823,-0.03479175184895639,-0.009509597488052024,-0.022301052980703673,0.003965695373216949,-5.551115123125783e-17,-0.010953195965215712,0.03964525261481677,-6.365193452262385e-06,-0.006370060355879281,0.0026769364737067036,-0.022248077448583425,0.015070221390369176,-0.0010509047971412055,-0.00832949506281322,0.014144987939990472,-0.020249707201625333,-0.03385655964968709,-0.0136298402460438,-0.012336087039997334,-0.012566474128743677,0.0,0.0,0.04255752991695361,-0.020128704821637255,-0.007794511925256986,-0.008796849160768505,0.010545452343799666,-7.833849077487631e-05,-0.006474818911086089,-0.01167814393297073,0.021010392078565143,-0.039139435676908474,-0.0017446443547314283,-0.010465413503263576,-0.037076422905856554
-0.06192538682402726,-0.045417438170150815,-0.004068406969388594,0.007715813175776687,-0.033024192077656334,0.009227515211990889,-0.00048703922549292455,0.0033309623406542754,0.002753161651958602,0.0,0.008099046823922706,-0.040461383087119496,-0.011334150374997687,-0.02746436331257479,-0.00552621340452758,-0.05368546818300979,-0.02404399969389759,-0.036490051974572724,0.0009593417706932894,-0.03045626685768149,-0.029692803679599977,-0.03487506180546224,-0.004304004307935261,-0.04617848050999951,-0.030176127369723693,-0.03267084803906678,0.00407906191780022,-0.012813269323204368,-0.017745033026549006,-0.001380290203961354,-0.042310328074173065,-0.0464537605220518,-0.04488604265712659,-0.03833399968166318,-0.0429920991242117,-0.010942017797916759,-0.03385734486931982,-0.0526910964009972,0.008556627342293788,-0.04926972866531909,-0.05809137854277119,-0.07597693479788409,-0.03395651457783683,-0.010126871790849201,-0.016652082438840088,-0.07335790182397534,-0.008925253131834732,-0.0006954512506526234,-3.614245019989415e-05,-0.0009811656959677895,-0.025414353225564512,-0.029741575330541448,-0.0125095929857853,0.0016863497161193064,-0.09710822133187319,-0.020285521975775822,-0.11668459957069888,-0.015245225977087773,0.0,-0.001131130126082458,-0.031999752398174874,-0.04718613725316417,-0.05160373071906954,1.188021277753748e-05,-0.000193023437168649,-0.025296375390989057,-0.008728905222789074,-0.020137503099252274,-0.09768639081707992,-0.07616626660476555,-0.07368660877223426,-0.00966803827986723,-0.00464063610877774,-0.03229876779558277,-5.551115123125783e-17,-0.06813039540885907
0.050863212971096805,-0.013949114022251019,0.04589401552217259,-0.009712002139997011,0.0237105464707163,0.017628963982361245,0.0008910826713194875,0.03143981899862386,0.029656318251876423,0.008099046823922706,0.0,-0.023604739557011145,0.017029732452514768,0.05086216507911029,0.0,-0.000285801459240953,-0.0038518843313750106,-0.021960160219367808,0.002310607572656387,0.00013688010209672585,-0.0076464419063309585,-0.016363812663820698,0.0726446765455851,-0.040567946470913496,-0.010889899096933275,-0.00656166590967483,0.031108687483688113,0.025125985313240617,-0.012300478368065804,-0.014031245209874366,0.02914048734826724,0.06369805344376778,0.01671558879810181,0.03121017083767419,0.01874623551471516,-0.00012428934269592684,0.02165504836296056,0.019828958971063904,-0.02257143877734097,-0.009647175965322774,-0.028481451158433535,-0.013154131185676321,-0.020658171954276716,-0.0034079497719085583,-0.0053421411668936325,0.0,1.1102230246251565e-16,0.057590166260624465,-1.2325420626346784e-06,0.003380373802556902,-0.02434318509354505,-0.03217046195948581,0.025218626297236757,0.002636525822133584,-0.016473593513999574,0.10230286838024799,-0.004488876826881816,-0.01972550549357066,-0.021390811956689904,5.551115123125783e-17,0.0,0.0,0.0,0.20472729755321584,-0.008478787061228621,0.0,0.0002893023138295092,0.03094739592681839,5.551115123125783e-17,0.0,0.00044977918560651364,0.018778247950700988,-0.007224960674574565,-0.004876111184811627,0.0,-0.02789825635283022
-0.033766922613684636,-0.04105155318908876,-0.012732465318077923,-0.008034432016287896,-0.025919236065070628,-0.009094517276940772,-0.002433189110724543,0.02737560893292451,-0.002325107714031327,-0.040461383087119496,-0.023604739557011145,0.0,-0.013285109070884371,-0.03886988271885672,-0.023226778085428168,-0.0035233048757534746,-0.03776030380504147,-0.0500210661462393,-0.0028146689641251887,0.002950868740999535,0.026272386573998663,-0.018855263936782274,-0.0036631497680830183,-0.03326190212014757,-0.037376469297999315,-0.012169692137130428,-0.0045825397967378945,-0.03558499491851369,-0.027790922628776082,-0.02054458829612743,-0.046752154680883895,-0.022241738748160544,-0.023298361183068383,-0.036062383059008774,-0.0492794536330759,0.03138441779977863,-0.013351355611771365,-0.029723861263253853,0.11709784690691444,-0.03327244866505025,-0.032374180757940185,0.030220009248594804,0.010250527999089487,-0.009203197270259478,-0.007331695397418403,-0.025836712899139358,-0.008140728812962239,-0.004264918965378617,0.004427508302900868,-0.00968437722536708,-0.005883172541067017,-0.004025359644342752,0.000625837655054251,0.0032753170941423604,-0.08078597683029065,0.006959482701746733,-0.08376779815270574,-0.013841093851027941,7.787471171682991e-05,0.00010247749301101061,-0.015614079885106769,-0.037524037974065505,-0.021078961467709045,-0.0043812475191984945,-0.014592741813332977,-0.03160798214796057,-0.0020410983097740587,-0.010730892130738467,-0.05568664964497538,-0.04348356055789171,-0.04589908263272069,-0.016618984114060764,-0.0020491383053984347,-0.014802585825928471,0.0,-0.05108011661439721
0.04930454235138165,-0.004264989844287248,-0.009623196781968935,-0.03163199857782889,-0.009228752307508248,0.01858335875708461,0.004275894224666621,-0.016899878702166193,0.025929981827264303,-0.011334150374997687,0.017029732452514768,-0.013285109070884371,0.0,0.022056569381337154,0.009129032725796349,-0.00820429096029357,-0.018607845126926426,-0.012818535110053098,0.014537084828175173,-0.006748181706491163,-0.015124961425301564,-0.006006447222226152,-0.007248949616250999,-0.006081220922251829,-0.009470985776672991,-0.019843957004231694,-0.00463256078544283,-0.0011600941736058523,0.0025648513264016626,0.02621861739019421,0.00828860983865537,0.0028364783293508555,-0.014720721982269869,0.001115331340675596,-0.022467348763209327,-0.05592221473946829,-0.03482517307500205,0.010401723994938383,-0.04047942067149746,-0.003976858125094407,-0.008349710507194519,-0.14359926672742146,-0.018750703740295027,-0.020342831899824942,-0.015453970499940628,-0.00828014907891178,-0.02289000054910406,0.04996956834543442,0.0,-0.010593991148206028,-0.0037139889655338765,-0.01966240280305459,-0.0026258291420355184,0.004794934150306851,0.001905704699104449,0.0021816829768150914,-0.03417250668139071,-0.03288687746038854,-0.015527845562768039,-0.007574346099232965,-0.014886539067092697,-0.0176204609697877,-0.02254863587675421,-0.0035309216779659813,-0.015951383333015823,-0.0019490087627033192,-0.017019173285941214,-0.01634205465496469,-0.010994013579716688,-0.017508492656433394,-0.015617211862247182,-0.019348374970486304,-0.036276667565924015,-0.03839921018189052,-0.09475291172235434,-0.027595134338828264
0.001898978796630535,-0.002758941804352655,0.020314255574479356,-0.013233134738749291,-0.006703497471867714,-0.0031604521048523293,0.006943653953352336,0.05624034022857971,0.013411703552854926,-0.02746436331257479,0.05086216507911029,-0.03886988271885672,0.022056569381337154,0.0,-0.00038055801014391655,0.0011634593420513095,0.00016561786780827648,-0.00027910003450892784,0.030043186212136364,-0.01770280734534302,0.0065786624620161605,0.0006354766659578126,0.011955613528809195,-5.174279445219199e-05,-0.014695443661465635,-0.033196541248880274,-0.0017744220407080458,-0.04762467506691592,-0.030003070608795646,-0.0019392034810433167,-0.0008955494576419754,0.13397662260277027,0.0026488336376603305,-0.016438444357176285,-0.004046708457706161,-0.006357189675639807,-0.01920820198165621,0.012129356742272501,-0.008978787662822618,0.0,-0.010983148865537862,-0.0005070273241745138,-0.028540885858524878,3.5478707946512422e-06,0.0,0.0,0.0,-0.00337631743570177,0.0,0.006049661349035507,0.015255359193619533,-0.03506901791790368,-0.002855768720814722,-0.028988799003174748,0.0,-0.031531859464504264,-0.0003221508051162725,0.008801227027831537,-0.046051207260319305,1.1102230246251565e-16,0.0,0.0,0.0,0.008496158230203277,0.0,-1.1102230246251565e-16,0.0,0.005637652816045946,0.0,0.0,5.551115123125783e-17,0.016436755106608136,-0.009624177778961462,1.1102230246251565e-16,0.0,5.551115123125783e-17
0.014827206932595094,-0.010280551927374093,-0.021216819651182606,0.004801551422575656,-0.010984331852290752,0.006877512977010669,0.004151897931012061,-0.020940538691236354,-0.024640071400817753,-0.00552621340452758,0.0,-0.023226778085428168,0.009129032725796349,-0.00038055801014391655,0.0,-0.011954815905550753,-0.007773544646979991,-0.013850855625119451,-1.1102230246251565e-16,-0.018571391862588438,-0.0002851389437923957,-0.021330725911941517,-0.012945719090756758,0.099864086393751,-0.014145351508712656,-0.0015196808436183096,-0.01022083881961705,-0.0032199190839356517,-0.00038140159104538274,0.015774838297024196,-0.0020154236799855285,0.025768271377744567,0.020241689849146094,0.01149849164293959,0.01137091982924543,0.011789552702949735,-0.002307684242579988,-0.00025444023615645017,-0.0033724701349032715,-0.0009485761208918864,-0.008807741654293155,-0.008263479247915595,0.018353925434722418,0.004484503408455298,0.0,-0.02317526444421275,-0.017245235047966656,-0.012253835685481773,0.0,0.0,-0.017920884427764017,-0.008273560680575665,-0.011355649578116855,-0.010638306337153958,-5.551115123125783e-17,0.0,-0.01624034149333542,-0.005571293132256405,2.0204516629762637e-05,-0.05228794728731906,-0.021185189389812398,-0.0007062435988207105,-0.005364830887180483,0.0,-0.07041786339620476,0.010365150855525085,-0.01500852873836328,-0.1406238603094403,0.00015842053402514988,0.006759041199733584,-0.01752119951185188,-0.038795056759243385,-0.012198885360853451,-0.034889123360866636,-0.011500924434338589,-0.023210437923232963
-0.027502027128428197,-0.027833808727373455,-0.01834037853966297,-0.000534017856817115,0.011938202811419052,0.0188375914269151,-0.004660157615374749,-0.04201501588010359,0.01732709104211061,-0.05368546818300979,-0.000285801459240953,-0.0035233048757534746,-0.00820429096029357,0.0011634593420513095,-0.011954815905550753,0.0,-0.045104294364534,-0.017328218785383875,0.0003659767143909254,0.020954054616381945,-0.02748991210472934,-0.00936556582327952,-0.009855194017670488,-0.05987251314188663,-0.020660324341292835,-0.03384092753335094,-0.0014301785872690709,-0.006091822839822736,0.008134336027800393,-0.02578308821087827,-0.02800297780742711,0.01675021682768435,0.034711332581369325,0.004490925309559468,-0.004250994320480039,-0.002627748254469653,-0.012513001768653775,-0.031738990356747765,-0.009028271124593645,-0.03604307306803067,-0.021726974175716507,-0.02114388645079568,-2.6345148112616457e-05,0.0,0.0,-0.019346662769056944,-0.0282028202487537,0.0,0.0,0.0,-0.009420886351792002,-0.016304843771784094,-0.023943061665089138,0.0,-0.003385852086722485,0.0,-0.007532002576884189,-0.009257441418024759,0.0,-0.02097565253685907,-0.0348774161666186,-0.0006810267707060835,-0.06455123790339129,0.0,-0.011274808824527027,-0.028668369569516294,-0.017568511553940014,-0.003185764144799763,0.008446066447873546,-0.057069797895531627,-0.0328411289602793,-0.012374772942726542,-0.02305402912819321,-0.007689063959313458,-1.1102230246251565e-16,-0.04538065480683173
-0.003632582928883188,-0.025337000407836208,-0.0208423160174821,-0.01109377044459764,-0.015322929161767695,-0.0029661351986624007,-0.014006330554804547,0.0004327068014525759,-0.02005083166533056,-0.02404399969389759,-0.0038518843313750106,-0.03776030380504147,-0.018607845126926426,0.00016561786780827648,-0.007773544646979991,-0.045104294364534,0.0,-0.018694130523674413,-0.014747251843901243,0.014437407492501664,-0.0120057439013746,-0.03315091621611549,-0.028757692022436998,-0.05157778514620048,-0.02955766251366665,-0.04642751671323625,-0.006710708197436188,0.0031463626451719295,-0.006174813632878473,0.0018219175731808424,-0.02330238265650192,0.02646176520847615,0.008616165173521484,-0.015999774037423642,-0.062461713143551756,-0.02311731158729996,-7.30543843092124e-05,-0.03948676487341757,-0.010787191711855826,-0.05075655687821318,-0.07463225033256232,-0.01624958250168601,-5.551115123125783e-17,0.0,-0.011041942303214869,-0.005645766855702672,-0.012655004030604822,0.0,0.0,0.0,0.0,0.0,0.0,0.0,-0.08640044239721173,0.0,-0.09290385721515093,-0.002166129820674878,0.0,0.0002942980329602163,-0.024770065802478036,-0.04269337072775159,-0.0822182209109395,0.0,1.1102230246251565e-16,0.0,-0.005675728684602255,0.0,-0.03194287174322069,-0.06732296816466171,-0.056808490253753396,0.0,-0.0059934817945917485,-0.0001587708375803687,0.0,-0.08325098922108876
-0.03762630379445592,-0.021827623599332047,-0.013365454413611977,6.0334780670801e-05,-0.0011719947981230772,0.012172087679085786,0.0028841349873613975,-0.045621710404929294,0.004263682844038885,-0.036490051974572724,-0.021960160219367808,-0.0500210661462393,-0.012818535110053098,-0.00027910003450892784,-0.013850855625119451,-0.017328218785383875,-0.018694130523674413,0.0,-0.006541880413304391,-0.008556935242851005,-0.04264403566109565,-0.022174186854323708,-0.02303423320499226,-0.056859616610009045,-0.03275773057845627,-0.04747728610674595,-0.010587399298892741,-0.011933492779407584,-0.007200035871042121,-0.018745719326060784,-0.03425910578181418,-0.0022924003703624907,0.019208723823927576,-0.014884553607949658,-0.02642775420162552,-0.002642131249398161,-0.00012175499417382829,-0.0044233907315439636,-0.02284822034616374,-0.04033430173088021,-0.029098139477507445,-0.02724075516372859,0.0,0.0,-0.019301626235233738,-0.014731632111205428,-0.02774747685326623,0.0,0.0,0.0,-0.020308621122784698,-0.0005134798962884157,0.001045166302506062,0.0,-0.0682469247976501,0.0,-0.057557484866014585,-0.019584511041462638,0.0,-0.024007901359015427,-0.04361191711773371,-0.048886310475336536,-0.053472079571074915,0.0,-0.019528112051620306,-0.010539115554624223,-0.007033709238564945,-0.037483764634629935,-0.030629329771477587,-0.051913859526718786,-0.04825664159497606,-0.020319131334254226,-0.01769043774920176,-0.019494933449340668,0.0,-0.03936763069763982
0.0,-0.010193279807341304,0.021461901772785508,-0.011720926318962988,0.00272154428319904,-0.0015218035370958005,0.012897643230985245,0.06541411952093878,0.009873299045028594,0.0009593417706932894,0.002310607572656387,-0.0028146689641251887,0.014537084828175173,0.030043186212136364,-1.1102230246251565e-16,0.0003659767143909254,-0.014747251843901243,-0.006541880413304391,0.0,-0.0007997305306812752,-0.009511585893628771,-0.010219180002137063,0.10468134768779164,0.0055103804546040025,-0.009018658116020706,-0.004166806315419491,0.013175774643655436,0.022732289444117426,-0.011720313914161562,0.018080380405225638,0.026204775897442134,0.023100649842867416,0.011767779120162247,0.04402944957572208,0.03198237738683374,-0.02558198669386552,0.06861032388219734,-0.00148735941182071,-0.024159486961947196,9.443919536178402e-05,-0.005161391941305549,-0.00772021973728354,0.031640161354834884,0.009600125261400916,3.87794295108046e-05,0.0,0.0,0.10788595924460748,-5.551115123125783e-17,0.005589196021456355,0.002793964346232136,-0.007214336858048731,0.024665712489407077,0.044010590072286915,0.00024905328134167126,0.11995379573999793,-0.016812757650141452,-0.006635364508925545,-0.02095013854958716,2.220446049250313e-16,0.0,0.0,0.0,0.08569863310350478,-0.0001366709282958345,0.0,-0.0002918575580670435,0.04784009554103108,0.0,0.0,-5.551115123125783e-17,0.06106209515591554,0.005876345079096179,-0.01094921550194361,-0.0004711809871148498,-0.019923946880411658
0.03478844474668891,-0.011402851553320104,-0.00855862642484273,-0.013610585971251032,-0.008664024555338434,-0.00188459468081692,-0.017124122526394947,-0.02093624574149544,-0.005768793376502601,-0.03045626685768149,0.00013688010209672585,0.002950868740999535,-0.006748181706491163,-0.01770280734534302,-0.018571391862588438,0.020954054616381945,0.014437407492501664,-0.008556935242851005,-0.0007997305306812752,0.0,0.0005425252433647887,-0.00256144180345641,0.014856729593888562,0.010180765161594107,-0.0026716084181550026,-0.022338805873453604,0.020136580158847117,0.010639498850563256,0.003693963426102509,0.05095340613032007,0.02096624838073141,0.03306284585846936,0.055871676790870295,0.033472514229464956,0.030072748024646545,0.0058390880291646075,0.00491029305072066,0.010097009102649102,-0.0006576249053061867,0.03128487336835678,-0.007824129417565162,-0.0016893091288940898,0.020401549574680655,0.005099528208899862,0.00015199949102029375,-0.011379579773646509,0.014592618798216106,-0.02244510501411251,0.0,0.0,-0.03027691944486477,-0.022123677158255195,-0.01450013015223972,-0.0040241887028124035,-0.00028875602377875786,1.1102230246251565e-16,0.004969446422472545,-0.0018466964381128048,-1.1102230246251565e-16,0.009691142553390097,-0.017940031617594943,4.190944488663417e-05,-0.02228519507008625,0.0,-0.01945002022512743,-0.015698426074805094,0.012805885502144121,-0.02987458210895666,0.0,-0.023117720258014895,-0.012924832481359338,-0.03162621423343803,-0.028285186389143124,-0.03785782927159115,-0.002428043902998833,-0.03876254554036973
0.02946629456639377,-0.030087863427112616,0.000679058493812057,0.00010675955769129386,-0.014140632434374911,-0.016979117449804015,-0.010305163824709473,-0.007944116041780691,0.003982761595606732,-0.029692803679599977,-0.0076464419063309585,0.026272386573998663,-0.015124961425301564,0.0065786624620161605,-0.0002851389437923957,-0.02748991210472934,-0.0120057439013746,-0.04264403566109565,-0.009511585893628771,0.0005425252433647887,0.0,-0.019950173772615154,0.014650840546101496,0.07653286150602767,-0.010091911183152225,-0.0027508159568059853,-0.003664881733844383,-0.011861040462326555,-0.025128876313300408,-0.012027967302899123,-0.020728785848794007,0.012686734146526824,-0.008168125041709107,0.005078749145072947,-0.007773451471864756,-0.0388182554362283,0.0791108786924608,0.005390385189487701,-0.009058137882208439,-0.0024399320825255755,-0.0074138769795895065,0.009833497458474394,-0.016907751702528562,0.0,0.0,0.08181509562027062,-0.021270995441675877,4.452674530430745e-05,0.0,0.0,-0.005909640939398109,-0.007976177355052683,0.04188485583892704,-0.023653292590097352,-0.001345777422107508,0.0,-0.020941791219254158,-0.014257457292582654,5.551115123125783e-17,-0.018829306445066862,0.0019839081108243284,0.0,-0.015538852352354249,0.0,-0.030948123633859403,0.007525027588877076,-0.017280283082192816,-0.05987364078369539,-0.004176166482324717,-0.015332419498580885,-0.01929621700514539,-0.02506028776511554,0.0012349575053925976,-0.04837287244349864,-0.01620396106435762,-0.003448244289050717
-0.015537987256799335,-0.0316794051161175,-0.01119597474314743,-0.01933396904250695,-0.0010239168341897864,0.0036207019046263222,-0.016127080966864993,-0.033653636400449105,0.006750250303328431,-0.03487506180546224,-0.016363812663820698,-0.018855263936782274,-0.006006447222226152,0.0006354766659578126,-0.021330725911941517,-0.00936556582327952,-0.03315091621611549,-0.022174186854323708,-0.010219180002137063,-0.00256144180345641,-0.019950173772615154,0.0,-0.030329398571416144,-0.0623120848478152,-0.02668246887675252,-0.03152526826308383,-0.004867944991929218,-0.02206464255199936,0.006262649657259811,-0.015256817372002518,0.0027876822541065827,0.030602995539094013,0.016115822830655546,0.013179110517736625,0.011219697142638263,0.01770114048362359,0.00853330135501923,0.028693748046495937,0.001966429746278253,-0.013086160081385523,-0.01519097543651593,-0.001075545739027406,0.013283181463426275,0.00895571589361338,-0.000306358013397956,-0.02673356552341949,-0.02884452505973789,0.0008814817619050563,-1.1110215986098737e-05,-3.4157960750458294e-06,-0.0217571563606746,-0.012467453247691274,-0.016008099407958054,0.0002450514332800191,-0.010029441627054436,0.0,-0.0067166381244233575,-0.007833011948277846,0.0,-0.0037901326418148806,-0.03318050104688025,-0.012386853287486954,-0.03619740211338851,0.0,-0.008545059086587647,-0.00658749157296834,-0.015322872389377684,-0.020081753696497617,-0.004696161311634639,-0.030366979970945396,-0.024495992273390776,-0.018164689149130553,-0.013576900745383758,-0.020855056586833842,-0.005870578147196104,-0.036898509140244895
0.030397217166714174,-0.020779376365280267,0.04275624627052971,0.0076172153090708905,-0.016214361309637604,-0.010208025738383253,-0.010035791195927957,0.005694798964179126,-0.0007562069583818554,-0.004304004307935261,0.0726446765455851,-0.0036631497680830183,-0.007248949616250999,0.011955613528809195,-0.012945719090756758,-0.009855194017670488,-0.028757692022436998,-0.02303423320499226,0.10468134768779164,0.014856729593888562,0.014650840546101496,-0.030329398571416144,0.0,0.042278684229260066,-0.005573075388689563,-0.000612031632391763,0.01199826712284291,-0.0005210497999443287,-0.004960209169911967,0.0135824971984157,-0.003733629137117833,0.009994926130229231,0.017038404266133733,0.011675800388056878,0.00875552191704354,-0.025206134920508272,-0.007248990923217791,-0.008876663164334109,-0.025076074332677667,-0.0045125173980348765,-0.02098083847669513,-0.02113542033895832,-0.012414365690081586,-0.008628975459108013,-0.002660900386381282,0.057053195782676425,-0.010232114587028052,-0.170707338130971,-0.014165355952149183,-0.015411123661469628,-0.0022689719308165435,-0.012324812714787858,0.08476756103921429,0.012458287640847665,-0.016499387428721646,-0.11006393113447271,-0.03013391430761736,-0.021180727270682598,0.01633504334830821,-0.015250778571944512,-0.006060612975183399,-0.00010194935960283757,-0.0004384199169105152,-0.09676487264202283,-0.030466836332551095,-0.01769498320912566,-0.01770626448407614,-0.052658833950149475,-0.0003928925337304823,-0.02545092042581576,-0.004557764477158055,-0.009275134374437166,-0.027071167582591038,-0.031845354229873,-0.03276691893824185,-0.01723343402499372
0.025801460488452554,-0.0449829232384924,-0.010688685421514632,0.0011872335607527318,-0.020705428933321668,-0.0013170173817367292,0.006405860587695322,0.03476575027555684,0.010389482818205342,-0.04617848050999951,-0.040567946470913496,-0.03326190212014757,-0.006081220922251829,-5.174279445219199e-05,0.099864086393751,-0.05987251314188663,-0.05157778514620048,-0.056859616610009045,0.0055103804546040025,0.010180765161594107,0.07653286150602767,-0.0623120848478152,0.042278684229260066,0.0,-0.043556005273989784,-0.00855829819926035,0.05336166875590437,-0.024586143414553507,0.04416345958006562,-0.004252829604147634,-0.033930338138013216,-0.07143357969196229,0.003596563300775346,-0.026733022362240955,-0.058217405173754955,-0.001085482893173173,-0.009941532727277658,-0.03441108769487028,0.017215032581493317,-0.006686681208218359,-0.016971677563108523,-0.07663196664661509,-0.009397545745343128,-0.001628311734580723,-0.02011644153738079,0.02679341323489981,-0.016925914135358378,0.0,-5.551115123125783e-17,0.0004026812930818524,7.825524833926512e-05,0.00034505844793675244,-1.6653345369377348e-16,-0.0007173422252503281,-0.07513085133974556,-0.0005277165901828584,-0.08385163992387595,-0.006309524831114188,0.0,0.0015055564053960135,-0.007057750819322028,-0.04539537746460104,-0.02893621748124925,-4.907178167462556e-05,0.0007823346982378521,0.0006066468320005125,-0.011453342219297225,0.0012441193165221298,-0.029019007563769406,-0.04341651034729932,-0.0444490501433753,0.0017215517141843106,0.0038843057875412312,-0.03703188438100424,0.0,-0.028034910677562475
-0.023916396318924837,-0.027798198353640335,-0.019620270113420935,-0.00028196373448308165,-0.0034606374932582007,0.016296402368022322,-0.0040377824361187975,-0.006306321036897322,0.007195096756030139,-0.030176127369723693,-0.010889899096933275,-0.037376469297999315,-0.009470985776672991,-0.014695443661465635,-0.014145351508712656,-0.020660324341292835,-0.02955766251366665,-0.03275773057845627,-0.009018658116020706,-0.0026716084181550026,-0.010091911183152225,-0.02668246887675252,-0.005573075388689563,-0.043556005273989784,0.0,-0.022649519913422234,-0.0062372665928830395,-0.015036230168449127,0.00014990346765170193,-0.004245306429523588,-0.03451105135225557,0.004384734236940913,0.007801285830189519,-0.014834124191993314,-0.034208065003472565,-0.011200275340023824,-0.008088002006912953,-0.021808641060577172,0.001354887868709298,-0.031898923274775004,-0.02116189770158383,-0.012707418622109834,0.003378662147858591,-5.551115123125783e-17,-0.034967879706410465,-0.003883586488774682,-0.04804624819714037,5.551115123125783e-17,0.0,2.220446049250313e-16,-0.020646955831223668,-0.013824929556406351,-0.042013595710117424,-0.0012732151226722555,-0.06700932591242958,0.0007798786934347102,-0.05937575379567883,-0.014880352302774291,0.0,-0.02905370712904931,-0.05719970685661219,-0.04763672670998598,-0.05269024422571017,0.0,-0.011491059985177576,-0.04303997208117444,-0.026299056385521657,-0.01881591964542212,-0.020788571125443522,-0.0491440607309932,-0.04205210490582323,-0.020275588446597104,-0.02032827437943341,-0.0038254133791173484,0.0,-0.035003459763815525
-0.01652930292481053,-0.02934141984384181,-0.004642677519112404,-0.012327089162580296,-0.005695832838422732,0.019551581787160488,-0.01093065093091189,-0.013983763065662902,-0.013480800629429524,-0.03267084803906678,-0.00656166590967483,-0.012169692137130428,-0.019843957004231694,-0.033196541248880274,-0.0015196808436183096,-0.03384092753335094,-0.04642751671323625,-0.04747728610674595,-0.004166806315419491,-0.022338805873453604,-0.0027508159568059853,-0.03152526826308383,-0.000612031632391763,-0.00855829819926035,-0.022649519913422234,0.0,0.00022336670883710275,0.016619330957775347,0.006566159516483372,-0.010604263615255682,-0.03556849425048553,0.02118540571043892,0.0001038130435829232,-0.01935143107097409,-0.03743247914692355,0.0131241913441133,0.012853249351781226,-0.036522247413272035,-0.013537382307858059,-0.04577796869827616,-0.03509396400531767,-0.041988040335710686,-0.018681262388634434,9.581518865148242e-05,-0.025051234978692605,-0.029835513936121383,-0.04345538431964269,-0.004599585498141712,0.0,7.986125621251006e-06,-0.011709768510491547,-0.010435639738831048,-0.01268682316994918,-0.009128578807396648,-0.059761833115767604,0.0,-0.057139510144690875,-0.009208025429469413,0.0,-0.030322859314584782,-0.049640727509526306,-0.03663459559682858,-0.04948548301783612,0.0,-0.01562124422433242,0.007795761517856825,-0.027594717328985496,-0.00838542672150222,-0.008400267741311584,-0.05371045565529442,-0.045350591093364256,-0.01129553698659258,-0.006532529483299188,-0.00021003067326930136,0.001049605791956676,-0.04152904181464473
