0.0,-0.00369199154434946,-0.011659257406091195,0.0,-0.007036806878645718,-0.00929497384277378,0.02607116573623597,-0.007561506066364465,0.00692429446391446,-0.00037833544218701665,0.00682691026058474,0.009649062481657977,0.01475039443585946,-0.0201375975937359,0.01506249435639384,-0.01881007263717116,-0.0027241047942730967,-0.0006416631467880962,0.0,-0.005204552136953977,0.022449092624790723,-0.031967065009738393,0.001422693300018485,0.017965994091974857,-0.0004194236202212931,-0.005823918411340001,-9.173245704741095e-05,0.003365940856357219,-0.012402749434972715,0.0529566984798952,0.019100716487269687,0.018082645647422957,0.014385537260569403,0.01150062702896959,-0.0014473697155636955,-0.00559319811891601,0.0004445042197324667,-0.011642738869957814,0.012098536435647289,0.00486424078957165,0.012114475005783665,0.011014202567726061,2.2582708048557443e-06,0.0,-0.011796328383454013,0.04384836887285026,-0.00716101109009587,0.0,0.0,0.0,0.00728864160731213,1.1102230246251565e-16,-0.004091926779840216,0.0,-0.0019362196031604273,0.0,-0.00030728410981584187,-0.002196091335748329,0.0,0.007185408913404412,0.009799163615918205,-0.025052213798438583,-0.004032669021719393,0.0,-0.00031101653724369127,0.07393571801027715,-0.003778401229918238,-0.0063783729830360625,0.028308321522564128,0.006458624827263115,0.025827195004587133,-0.014136203493606447,-0.00021053278901284056,0.000451012461334499,0.0,0.015584747388092679
-0.00369199154434946,0.0,-0.005099012472119635,-4.502052835864134e-06,0.03206162781136779,0.001990606301210729,0.02697162390495378,-0.013717544502658496,-0.004835434115617598,0.0015188052415597841,-0.00835344587145842,0.015506865687642979,0.014693629678136255,-0.007380447692720837,0.009731240725950108,-0.00866978081889258,-0.03360384750087897,-0.001514333376782695,-0.015561008877784,-0.00902875672439879,0.001964281095292897,-0.007047337089861605,-0.007269803098868488,-0.01914398469424128,-0.007641875320428149,-0.023569470064274234,-0.0020762462163664286,0.014153405558328447,0.006541759758806276,0.014588143138877907,0.01908344057579109,0.014712923979017467,0.01959351390604369,0.00019910556103680532,-0.01543411305033665,0.021002999544014744,-0.0011232887230675503,0.0,0.009717492245661652,-0.012401051899237792,0.003999737927352476,-0.0014118046950352126,-0.009679123868732098,0.0,2.220446049250313e-16,-0.0007761307153700825,-0.00919257971753662,4.1857216467322544e-06,0.0,0.0,-0.0057524472890551626,-0.007077655956818307,0.0002466837040445147,-0.004266921632618326,-0.0014617744180627779,0.0,-0.002721769765197668,-0.00595975550440947,0.0,0.019612961009702445,0.00148130166706395,-0.015127976837332857,-0.02196276911838496,0.0,0.02230240470794226,0.027449604247363146,0.015805874577720647,0.007060304701133668,0.0018086201355815845,-0.007420518468783888,0.007972200695518128,-0.02228933831127866,-0.004673139141092797,-0.018148251784749103,-1.1102230246251565e-16,-0.0006699837684908116
-0.011659257406091195,-0.005099012472119635,0.0,-0.02330312323485273,-0.007609712158066051,-0.026899502072027737,0.0011781723380880904,-0.04393497336807933,-0.01661520087717827,0.0007021803839422636,-0.01658029710961728,-0.0027405458251278936,-0.016538618471887367,-0.05250794423150179,-0.04095243748551364,-0.0013332352136530834,-0.013525761239776724,-0.003430862975225657,-0.00019851692648475971,-0.015260647939935534,-0.021043415563321066,0.001420545017953967,-0.07441270385254362,0.006809278929159668,0.012924872069964732,0.006344624830575352,-0.005816133779513122,-0.01330335977913244,-0.018046909708126835,-0.002000775846082159,-0.022540911873103198,0.012264554089042812,-0.009975069912007473,-0.019092988760381402,-0.01138257136034665,-0.03784822625036355,-0.07813243091930094,-0.022079402677533555,-0.03255501120649534,-4.625037081096295e-08,-0.010943737230556971,-0.013297335142058941,-0.07406392953727858,-0.022292909976733333,0.0,0.0,-4.7438806223820684e-05,-0.03359411600854584,5.072136589623355e-07,-0.04764464884715869,-0.07413476551255466,-0.06021273149956252,-0.0657896730391892,-0.06493760180636132,0.0005173740852030262,-0.1630769897893239,-0.027649906868456642,-0.1075617852235099,-0.01047717248484481,-0.0001411816653871245,0.0,0.0,0.0,-0.03724109545452048,-0.012129591877300894,0.006109306461611008,-0.00025079179302289756,-0.02445883310486241,0.0,7.15892655498429e-05,-0.0016950074113032954,-0.057664797463481854,-0.019202396400607724,-0.02475518385836295,-0.009041376209893759,-0.037981146846542524
0.0,-4.502052835864134e-06,-0.02330312323485273,0.0,0.02922694976952256,-0.014123639340167693,0.05885766516645141,-0.0476381162495873,-0.01637070082807235,-0.045906471167807994,-0.0026029491302000385,0.024858319379966298,-0.022746295634095304,-0.10485734517515274,0.04088116745095438,0.00047448915464132213,-0.015772568906668505,2.309693270197144e-06,0.02671153406488358,0.0380230059846296,0.00041874249660645013,0.052355943628752066,0.008312815360742798,0.006385552476754763,0.0004230375937544495,-0.0122682849623576,0.010219706679521268,0.0027296507545205295,-0.023714273252104456,-0.003540085470170984,-0.05748286434090005,0.00716912577314649,0.017352560718824683,-0.04020137804286292,-0.037010362199023095,-0.04243687142382008,0.013279668244158355,-0.07159586283037409,0.006397704486360289,2.276856610916589e-06,-0.03801868912715006,-0.036993985651231465,0.011616888067272513,0.014440623204368341,0.0,0.0,0.0,-0.0006548682760804669,0.0,0.0,-0.007419484270230037,2.220446049250313e-16,-5.2860406068999666e-06,-0.00010612566157069958,5.551115123125783e-17,-0.011154137324296265,-0.002561166090444822,-0.0003222633549359588,0.0,0.0,0.0,0.0,0.0,0.0,0.0,0.0,-4.660697950187309e-06,-0.02088426296389706,0.0,0.0,0.0,-0.00990918252190981,0.0013707956082981698,0.002494255348777674,0.0,0.0
-0.007036806878645718,0.03206162781136779,-0.007609712158066051,0.02922694976952256,0.0,-0.004375327438640664,0.0339132905670233,-0.023967702456229145,0.011032340743289348,0.008120569663313648,0.015178458513549153,-0.005530593882689228,0.005826385157717273,-0.03127927989389129,-0.015064428001927865,0.03062496046617974,-0.01830046509103933,-0.010968420398281054,0.028705567080159644,0.019386169981899737,-0.039386355258598404,0.040945936409929995,0.004043803067208862,0.004056722362866527,0.010683181055713975,0.026779744281570483,0.0005996971048851107,-0.0026671438981464846,0.03023020077866284,-0.007524280448886589,-0.01197522496475295,0.008662958831640977,-0.04870751495685666,-0.025077780863095256,-0.03318973344573267,0.01099962493039447,0.05125786560391099,-0.036162996226302535,0.002799027192269543,0.01205657786857095,0.03223245998563701,0.0029475659879854565,-0.08008784239968392,0.07466969829667125,-1.4941077615238108e-05,1.1102230246251565e-16,-0.008988805772629282,-0.06863344111133673,0.0,-0.0006286613496381821,-0.032391885805275134,-0.03341528619353934,-0.02713932492527099,-0.026279842369447304,5.551115123125783e-17,-0.046130646250841956,-0.021583175636990082,-0.01596947116180175,-0.04817619972335635,-0.0013143000255173565,-2.366526342523212e-05,0.0,-5.551115123125783e-17,-0.04080686558287605,-0.0038741025400131357,0.0001672036701335089,-0.00685961496977483,-0.032812290984201575,0.0,-1.4828427299384828e-06,-0.0004055454872218256,-0.019227590730178767,-0.024270059039018965,-0.021858814133868587,1.1102230246251565e-16,-0.026195632587792783
-0.00929497384277378,0.001990606301210729,-0.026899502072027737,-0.014123639340167693,-0.004375327438640664,0.0,-0.006927336650937255,-0.05100068273042968,-0.03273150196477953,-0.0014521448496195855,-0.029238168577663926,-0.002938628256138165,-0.031083732427193977,-0.02634584617973368,-0.011978390789043336,-0.00017522873603442735,-0.017250674043449876,0.004359208978799212,-0.01581899848022439,-0.004414282129193037,-0.016720890774749975,-0.002766619281060312,-0.013823257338711592,-0.004588294259252668,0.010200767726812998,0.002146177676212724,-0.03306799415626582,-0.0459487756062526,-0.026305233948381357,-0.006611032917859916,-0.023758622334709323,0.010632272591043435,0.02109118394857662,-0.01178870321732528,0.007882499762400352,0.030953929132032765,-0.003445228604830486,-0.016703236486993234,-0.05310222872007114,-0.008815403603537941,-0.052109938460580596,-0.03015273244740435,-0.12262830486297227,-0.010059315523083978,-0.016654092652949204,0.006178296096331304,-0.012585465369989335,-0.04400468020400489,-0.018952495333744546,-0.03894465285230303,-0.05987360830789007,-0.030863777355417843,-0.06640156986929452,-0.05911489320870883,-0.03799288025370051,-0.040584341639986976,-0.031308646010878294,-0.04156297715492846,-0.03028381741002989,-0.027606260267273697,-0.00513655081207276,0.0,0.00187628335154838,0.01590826807646084,-0.02550072290434291,-0.02936114436817011,-0.02624730575736811,-0.060988088069188096,-3.918835727312331e-06,-0.006176059347446861,-0.021896896838871582,-0.06661695616789398,-0.0561400660565326,-0.05629100078507154,-0.0240664404662288,-0.07000978281165005
0.02607116573623597,0.02697162390495378,0.0011781723380880904,0.05885766516645141,0.0339132905670233,-0.006927336650937255,0.0,0.0023779389536089934,-0.014241996111897581,0.0021366103276246884,0.006569389112438817,-0.010027105525840907,0.025745974640993152,-0.008026301180534767,-0.006734620437933991,0.029817928780002223,-0.016729275402372512,0.02667231434713241,0.012691864702980726,0.018950727524366384,0.016756510134112224,0.02964120108409296,0.008956456738887564,0.011598251142293792,0.028241785239505823,0.026244697029856212,0.0018391291090397166,3.9420482478846885e-05,0.035885793682226164,-0.0005349307251306668,-0.007387673813736673,-0.026489039316631158,-0.03624627020401888,-0.012655334481915193,0.027226838940290543,0.0069807771176753075,0.030327368739635763,-0.017357537685000646,-0.006449066256114466,-0.01795394455264876,0.03014447350396865,0.022370191192124023,-0.05873474427979203,-0.027656739433574273,-0.016498968287541937,0.0,-0.0011166960605962784,-0.022450662608620275,0.0,-0.0323528889955747,-0.02939650175924352,-0.016490448622185516,0.0037654333502903925,-0.01940647456335942,-0.00859882916232585,-0.0408785321063877,-0.007512536541900372,-0.0269033312157283,-0.05210974955124831,-0.014277508377056825,-0.011075891274144767,0.0,-3.206018684587253e-06,-0.038223258427611484,-0.010087611545178843,-0.01774281464225569,0.0012463046173994408,-0.010621540840200394,-7.125350016401466e-06,-0.01092919931347186,-0.014462950999290125,-0.0335703516725912,-0.023980621730239404,-0.012698184269117618,-0.011635554786919022,-0.02600354982103842
-0.007561506066364465,-0.013717544502658496,-0.04393497336807933,-0.0476381162495873,-0.023967702456229145,-0.05100068273042968,0.0023779389536089934,0.0,-0.038891594280342834,-0.01846875140963511,-0.001868002685125103,-0.00012597228081556722,-0.0019728004191125192,-0.047922560513252,-0.017392556339980214,-0.011940685143070673,-0.009120491204480663,-0.017752312123590408,0.0006448753145333885,-0.0061196136487626784,-0.04415985171286951,-0.00868821057505953,-0.016974108263873577,-0.022460902001182614,-0.014720385556567461,-0.024492489780883808,-0.022606606457363343,0.011145114939685397,0.004648604400228684,0.024580106221535614,-0.007838895291083003,0.02993932339688532,0.002972836859647665,0.0037701166939234088,0.0026942584260589153,-0.044287109253307616,0.06477354700154608,-0.059946950084151296,-0.04642969204256425,-0.030845470145865694,-0.0701307182694117,-0.01498066602478132,-0.01615633500783542,-0.008614536721620936,0.0,-0.038881202631571354,-0.026572534608686804,-0.02305689289011803,0.0,0.01605682544191328,-0.0633529127955777,-0.002116454954731395,-0.10519135288975179,-0.03278559886732901,9.279175833376563e-06,0.002204446034741403,0.00013998279596133534,-0.03583182991028572,0.01537058049150386,-0.13253257368376403,-0.019470990984673642,0.0,-0.00015446991761125517,0.006455079460689683,-0.009933407993435728,-0.19113846199970058,-0.029961792777054796,-0.06611458483459093,-5.551115123125783e-17,-0.020611885494834725,-0.02384234029980864,-0.07512054262717854,-0.055555678218697,-0.07537840537091672,-0.08440506395510106,-0.0709429224394767
0.00692429446391446,-0.004835434115617598,-0.01661520087717827,-0.01637070082807235,0.011032340743289348,-0.03273150196477953,-0.014241996111897581,-0.038891594280342834,0.0,-0.015026432906635467,0.015518354854882899,-0.04439960270862475,-0.0492606544953717,-0.013512526309267026,-0.0188643786077774,0.014108537196612037,-0.016369013026671042,0.0023140536985799542,0.025630163623028335,-0.012226725656575899,-0.03225246593454906,-0.008021760045071935,-0.026326132483961817,-0.01082362496764977,0.023326990196587682,-0.015242939582181703,-0.03136039083331582,-0.027566616494071272,-0.012320203279620134,0.0067812644163671165,-0.034462437730186535,-0.006869605973897963,0.0032767300447771874,-0.022764272617307124,-0.016278937620123557,0.012182611872845472,-0.032924789676510635,-0.0425956675620191,-0.03744319921780914,-0.0011182449531096927,-0.03443316032315474,-0.002259074631307867,-0.005249957072957778,0.006284604230944291,-0.021638581552474778,-5.551115123125783e-17,-0.009444280633659707,-0.03219816479470705,-2.4366781997686715e-07,-0.009351232084299554,-0.05173666977193847,-0.02340165489658752,-0.04382549538781799,-0.04302992426243091,-0.014458638290173242,-0.03510373028820618,-0.01547284754561623,-0.038600983333346994,-0.010034534491230873,-0.015198235202191268,0.00459800310502273,0.0,0.0,0.028135761369759704,-0.0008637696827779595,0.012037525905624458,0.010457789701538156,-0.03162721032124771,-2.9988985280060554e-06,-0.013720389503989017,-0.02339387417394495,-0.03078650736568167,-0.06434358551181629,-0.014505473536076674,-0.026859653675884387,-0.022961562523717838
-0.00037833544218701665,0.0015188052415597841,0.0007021803839422636,-0.045906471167807994,0.008120569663313648,-0.0014521448496195855,0.0021366103276246884,-0.01846875140963511,-0.015026432906635467,0.0,-0.010257973352252592,0.04476543857285903,0.0021334403168798977,0.04038946911688335,0.002421945291663119,-0.001316314426813403,0.0092663206012773,0.00795437193777182,0.01562175267106003,0.015630600494607516,0.0025688534079068015,-0.01611919122511457,-0.000639875402409118,0.020549260636875177,0.010373583882934356,0.030717174921154167,-0.006939576637162548,-0.011528971132995391,0.009583328524366386,-0.026429197784856084,0.00247748587826091,0.02863191224426287,0.0023516334650156012,0.014890635118517181,-0.05056279036674177,-0.010034307989594649,-0.004194682351912338,0.007970603610090332,0.017650842292530333,-0.023957119416254224,0.006996158400739694,0.011801369155149677,0.010798239694851774,-0.015230044090907335,0.009649150169934506,-0.024240159767906166,-0.005390650558550869,-2.6622771401974e-05,-1.383579637859178e-06,0.00043285074417509506,-0.02753612728187471,-0.02980154686640968,-0.0027834379738891357,-0.007476693762895448,-0.01966266627911123,-0.006952818227679847,-0.0061729372408396155,-0.024651260052686863,0.0,0.00030891005986255493,-0.0033239615447773208,-0.042541847817001766,-0.019393280801425994,4.5478987731328857e-07,-7.3891862846786616e-06,-0.01598730131339965,0.001519641670657379,-0.023907140845050134,-0.0043352426009732326,-0.01780343481309371,-0.010338501149883383,-0.01417633422211273,-0.024947268963851132,-0.016141505493751818,-5.551115123125783e-17,-0.019923304865076652
0.00682691026058474,-0.00835344587145842,-0.01658029710961728,-0.0026029491302000385,0.015178458513549153,-0.029238168577663926,0.006569389112438817,-0.001868002685125103,0.015518354854882899,-0.010257973352252592,0.0,-0.013168730424113095,-0.01106747386457152,-0.03592418915549539,0.0,9.062893794903326e-05,-0.007108692583244036,-0.017453515058043434,0.011875409455122776,-5.015795088658681e-05,-0.013219597921221737,0.003203866683973877,-0.019165130624405113,0.01372604084944723,-0.009698739483848196,-0.010789970289387996,-0.027711185326626198,-0.023439730068999243,-0.030416925893037516,-0.0010263771763499019,-0.009330343217373804,0.0275530752933425,-0.0009565014927956916,-0.013449396445953776,-0.019648833081317985,-0.027606171832426918,-0.013496946682308553,-0.010140439714538763,-0.04588400875462728,-0.005682416530746637,-0.013271047494931021,-0.016906872675166162,-0.06637882671678691,-0.023679944037083955,-0.0050101473831973276,0.0,1.1102230246251565e-16,-0.09164004770329148,-4.718330093300693e-08,-0.02947344289851095,-0.06696911919095838,-0.020746344256296956,-0.01487480863527968,-0.04313232740585621,-0.013559057052793366,0.005056547005099832,-0.005156156318667837,-0.04005782412736242,-0.028046626005351294,5.551115123125783e-17,0.0,0.0,0.0,-0.015127254597850748,-0.012901571275785173,0.0,-9.840672425659447e-05,-0.03612713394090261,5.551115123125783e-17,0.0,5.1809234324462494e-05,-0.04393960502325445,-0.07206392079914664,-0.014255397163226824,0.0,-0.034077927275444175
0.009649062481657977,0.015506865687642979,-0.0027405458251278936,0.024858319379966298,-0.005530593882689228,-0.002938628256138165,-0.010027105525840907,-0.00012597228081556722,-0.04439960270862475,0.04476543857285903,-0.013168730424113095,0.0,-0.0034223160895644478,-0.045470203283456134,0.008556912362002456,0.022417070461999755,0.02269313292720687,0.02138267339201838,-0.016030681525643187,0.012176750666100133,-0.009055125013528398,-0.010804087134244689,-0.012734152535174015,0.03113492065906137,0.02306566054926512,0.032014118652355705,-0.004901113079356367,0.005837931200015134,0.003713889382518931,-0.041972586798872724,0.03404806900138124,-0.030509660857630017,-0.003605386600773308,0.03814848094030615,-0.06731952889965831,-0.02486234308987062,-0.003571152921435561,0.009146534488977426,0.053213968495001485,-0.025413943909889936,0.011236652165618699,0.0057980927582687025,0.00601534233781198,-0.01647168861003484,-0.015361959536041025,-0.0354613808764373,0.009441489897632105,-0.006470300622535841,-0.00475431136852697,-0.010895882869362161,-0.010944790316377129,0.00851156965302563,-2.7656237058748534e-05,-0.010025291656115543,-0.0045277835292097945,0.003560127908196431,0.0038819532514982047,-0.0015976012720546051,2.9811444671734577e-06,3.922970686687233e-06,-0.0026499757352976827,-0.01721395751242294,-0.003955698081711645,-0.014316102667196517,0.004780624703103309,-0.03454427009199379,-0.005691374137571925,0.013842984063259012,-0.008955407624977041,-0.005438581045213997,0.002623765201293815,-0.014901089624411445,0.006846055597699463,0.002283392730831779,0.0,-0.008325525431994218
0.01475039443585946,0.014693629678136255,-0.016538618471887367,-0.022746295634095304,0.005826385157717273,-0.031083732427193977,0.025745974640993152,-0.0019728004191125192,-0.0492606544953717,0.0021334403168798977,-0.01106747386457152,-0.0034223160895644478,0.0,-0.010101533074559188,-0.019011889701858797,0.02055774537328109,-0.0014345857041302423,0.00734643990695294,-0.008891579094653657,0.0159854705841882,0.002212428037016878,0.01890523042808978,-0.003752244741188293,0.01875215950113096,0.009059891627459515,0.022763685614523188,-0.014868526107012281,-0.007456600170735517,0.028486653102038573,-0.010342366449657081,-0.012999839767711185,-0.019444978281597247,-0.021834960734156472,-0.008091486876539322,-0.009031484325855932,-0.015556035817945013,-0.021822585233551517,-0.01484128474650459,-0.10287414883920937,0.02285439440010012,-0.11324153681675664,-0.001195835661700062,-0.0468585175091103,-0.013041308892029924,-0.024809125464990534,0.005620053279603687,-0.010839517246703345,-0.017001999505606324,0.0,0.009063241813651035,-0.021403966598646795,-0.012394910727535291,-0.009401837511820055,-0.017292493499355244,0.019897818394359,-0.05413120076515643,0.0037028401637572705,-0.005770426504596637,0.003950375084625091,-0.016340753195040025,-0.009350816944329876,-0.006828410224771209,0.007625684709155589,0.0017187666713753824,-0.01731658863023977,0.002914845776931796,-0.009353252032350823,-0.01721573144166544,-0.01785146607207677,-0.0093524702944357,-0.008656636060899114,-0.02591964102908223,-0.024787792044569823,-0.03460722769907443,-0.0162002386059088,-0.03512310364394111
-0.0201375975937359,-0.007380447692720837,-0.05250794423150179,-0.10485734517515274,-0.03127927989389129,-0.02634584617973368,-0.008026301180534767,-0.047922560513252,-0.013512526309267026,0.04038946911688335,-0.03592418915549539,-0.045470203283456134,-0.010101533074559188,0.0,-0.015527825079289848,-0.0005407293039250138,6.340065720866761e-06,9.479291306874194e-05,-0.016451593109887863,-0.02764685010879575,-0.024739657233479928,-0.006610903182842021,-0.002637053053880012,-0.03087800323879858,-0.02051542816148194,-0.009029788431743846,-0.02214836737358844,-0.03486120695916617,-0.02221368720538236,-0.008141453662323217,-0.025906544255628106,-0.09940638275389052,0.010564023694792202,-0.07979573764566483,-0.08352018747976947,-0.0715394715249904,-0.03877027321737178,-0.001789308794206912,0.009629079729011336,0.0,0.003118644196532794,0.00030791391096363085,-0.05328216185573176,1.3581707281051791e-07,0.0,0.0,0.0,-0.03724561055995307,0.0,-0.04911079166439092,-0.011288370351709043,-0.05702546813891218,-0.010331920373934211,-0.0264577484211303,0.0,-0.014134475402671653,-0.00020307806208397228,-0.01372970266084611,-0.03542034311503439,1.1102230246251565e-16,0.0,0.0,0.0,-0.014937549240348902,0.0,-1.1102230246251565e-16,0.0,0.004094046340157087,0.0,0.0,5.551115123125783e-17,-0.017977887749312416,-0.019530678815932068,1.1102230246251565e-16,0.0,5.551115123125783e-17
0.01506249435639384,0.009731240725950108,-0.04095243748551364,0.04088116745095438,-0.015064428001927865,-0.011978390789043336,-0.006734620437933991,-0.017392556339980214,-0.0188643786077774,0.002421945291663119,0.0,0.008556912362002456,-0.019011889701858797,-0.015527825079289848,0.0,0.0013086662142407501,-0.0004241063395389322,-0.0021164072082087704,-1.1102230246251565e-16,-0.0006086930309889271,-0.022610502139960242,0.006910706805892175,-0.0215472743701845,-0.0010834695478886824,0.017268681357552496,0.022072731126298484,-0.0235452995189529,0.013317495004333268,0.01048052824803064,-0.020341097651674356,0.036021397069258776,0.03665736032045214,0.00631349338419579,0.041727605125197686,0.05216575890037106,0.04770254347284353,0.043954027707341414,0.00011035368907408305,0.00021170218708999045,0.008201475883702347,0.0022061038322515603,0.004026348320429585,0.03180188420698776,0.007142541104546984,0.0,-0.028267300150156716,0.012199150624935262,-0.008477961917234766,0.0,0.0,-0.017459174639098518,-0.006625525152107736,-0.09190370953879168,0.003647121341667947,-5.551115123125783e-17,0.0,0.00036012588720024663,-0.004431321728847137,7.734549719584649e-07,0.010293295500374222,-0.018873808621585608,-2.7035916418005623e-05,-0.002620135137445745,0.0,0.0071034225996787215,-0.0023410217673089373,0.01109689675199621,-0.04140484194585753,-1.4444466024055025e-05,-0.019898455111766133,0.01846545368038066,-0.03175208956733577,-0.024523677633323304,-0.04563148957971508,-0.020683573356171214,-0.018941781382147693
-0.01881007263717116,-0.00866978081889258,-0.0013332352136530834,0.00047448915464132213,0.03062496046617974,-0.00017522873603442735,0.029817928780002223,-0.011940685143070673,0.014108537196612037,-0.001316314426813403,9.062893794903326e-05,0.022417070461999755,0.02055774537328109,-0.0005407293039250138,0.0013086662142407501,0.0,-0.003633994825856912,-0.006937184926799622,-0.00015601772070150677,-0.04058623933646749,-0.027182014453710934,-0.05602769960432419,-0.013754965613767933,0.0001467010311254624,-0.026701072045577923,-0.019072807135336156,-0.006034996923521163,0.0035054872126443204,-0.024903310101930587,-0.0042481833074182185,-0.0004695737076736428,0.014738127282147628,-0.008385250665187749,0.007929191487023868,-0.005315999762138035,0.004846517088582247,-0.0037829091170863416,-0.03435452980036946,-0.002845865511736878,-0.012191330586905913,-0.0011907048431231693,-0.0009987302134724652,-1.008526269941079e-06,0.0,0.0,-0.00762051504302641,-0.016249143824943635,0.0,0.0,0.0,-0.008587896843800846,-0.006116044622045125,-0.012017461852796896,0.0,-0.04734466818777178,0.0,-0.003239541122501466,0.0021641629119837358,0.0,0.013914304436333014,-0.004550823348732469,-0.02419710907398326,-0.020549038241971518,0.0,-0.012826342599792817,0.00541866170193539,-0.006885413303824972,-0.012846404235918485,-0.009365467073124856,-0.00425988076704259,0.0008087564184092733,-0.020874067134763752,-0.021856135621204642,-0.021048744426599597,-1.1102230246251565e-16,0.00025230080245397524
-0.0027241047942730967,-0.03360384750087897,-0.013525761239776724,-0.015772568906668505,-0.01830046509103933,-0.017250674043449876,-0.016729275402372512,-0.009120491204480663,-0.016369013026671042,0.0092663206012773,-0.007108692583244036,0.02269313292720687,-0.0014345857041302423,6.340065720866761e-06,-0.0004241063395389322,-0.003633994825856912,0.0,-0.01813216715092103,-0.001732250744097219,0.011156182592809927,0.01049208186291567,-0.007833146165121985,-0.013308626267266921,0.00013224340863055017,-0.00640310079396772,0.007560327939924061,0.00471548295133023,-0.06931503674914674,-0.003345328693707017,-0.015166515398405966,-0.021052615410431685,0.017444822456790965,0.004669273226885928,0.016706322831325338,0.015690583017849424,0.0017784308716699004,-2.7966161129655553e-06,0.0035054613011932245,-0.0284415323352189,-0.014164501983898625,-0.035613423936602495,-0.00758201254002866,-5.551115123125783e-17,0.0,0.0416116967667316,-0.0016212866580317953,0.009161809619632755,0.0,0.0,0.0,0.0,0.0,0.0,0.0,-0.030914887749304953,0.0,-0.02061662097946787,-0.012269396147310707,0.0,1.1266108513319217e-05,-0.01828207927114117,-0.050313062443356815,-0.026964105643520198,0.0,1.1102230246251565e-16,0.0,0.004807861318886719,0.0,-0.021218528034221473,-0.02995702882217438,-0.02093763633591189,0.0,-0.0164059081719633,-6.077952567129508e-06,0.0,-0.03181031819672753
-0.0006416631467880962,-0.001514333376782695,-0.003430862975225657,2.309693270197144e-06,-0.010968420398281054,0.004359208978799212,0.02667231434713241,-0.017752312123590408,0.0023140536985799542,0.00795437193777182,-0.017453515058043434,0.02138267339201838,0.00734643990695294,9.479291306874194e-05,-0.0021164072082087704,-0.006937184926799622,-0.01813216715092103,0.0,-0.026898223672562005,-0.0072416879844043325,-0.0290818116687786,-0.007800927672316937,-0.017711980033112473,-0.00888738624757418,-0.004305822825907191,-0.008576228210810721,-0.007483252304159749,-0.011551255789844894,-0.013368328023810105,-0.004006119916030282,0.005511804547821908,0.018709609826361606,0.010845853296435726,0.02123693904972379,0.004780331024808071,0.013443420539340944,-4.660938309919427e-06,0.02019514107007142,-0.012645320193049592,-0.02361602250123962,-0.026423432868396546,-0.028280961729756915,0.0,0.0,0.018181402830565185,0.0015504802604950352,-0.008377686011034613,0.0,0.0,0.0,-0.0072554420143302045,-1.9656673110490797e-05,-0.0003838677425119785,0.0,-0.041208239593065354,0.0,-0.017584907048897647,-0.005205533875723478,0.0,-0.00998267613639936,-0.008374899327856233,-0.044570690527586054,-0.021424915332703798,0.0,-0.007018337613140024,-0.001872059358044631,-0.007611410725558376,0.007364510405113045,-0.012749366750901991,-0.014269950245719809,-0.02069778962587071,-0.010259557420789545,-0.0034778505245829927,-0.01842253113340825,0.0,-0.033632618303557016
0.0,-0.015561008877784,-0.00019851692648475971,0.02671153406488358,0.028705567080159644,-0.01581899848022439,0.012691864702980726,0.0006448753145333885,0.025630163623028335,0.01562175267106003,0.011875409455122776,-0.016030681525643187,-0.008891579094653657,-0.016451593109887863,-1.1102230246251565e-16,-0.00015601772070150677,-0.001732250744097219,-0.026898223672562005,0.0,0.00035961427890290887,-0.005388866072575771,-0.016083750386521323,-0.021117557133393194,-0.003559955185922503,-0.014719425574719391,-0.019563206035507263,-0.005777250345438911,-0.01585660937868938,-0.022773505113650894,-0.008548872382233952,-0.016335067890028032,0.010039173762607823,0.004700360717815322,-0.007626455515423958,0.013356552503977825,-0.0005467071066590501,-0.00958555752584428,-0.008335049655446736,-0.05804130521385681,-9.526084261968215e-06,0.009402303926172306,-0.014992145961449377,-0.07325130292527371,-0.01860001980595799,-0.0005179259852899354,0.0,0.0,0.004617480651229966,-5.551115123125783e-17,-0.006841032115833812,-0.049709469422777264,-0.031206586187724872,-0.05101146669637574,-0.06423269141936022,-0.00010399157207025,0.022036638911732742,-0.013252601185366919,-0.10252878442387592,-0.04338518124396695,2.220446049250313e-16,0.0,0.0,0.0,-0.025990688038213305,-5.23193951834644e-06,0.0,0.00010191359360656183,-0.06545838779885049,0.0,0.0,-5.551115123125783e-17,-0.03610658485730789,-0.026172052829348813,-0.029858480042228408,-1.8037416277594254e-05,-0.018935794088764335
-0.005204552136953977,-0.00902875672439879,-0.015260647939935534,0.0380230059846296,0.019386169981899737,-0.004414282129193037,0.018950727524366384,-0.0061196136487626784,-0.012226725656575899,0.015630600494607516,-5.015795088658681e-05,0.012176750666100133,0.0159854705841882,-0.02764685010879575,-0.0006086930309889271,-0.04058623933646749,0.011156182592809927,-0.0072416879844043325,0.00035961427890290887,0.0,-0.00983184395369413,-0.001547155607285522,0.029435589526358608,-0.043970351872336166,-0.003749861880471328,-0.001015483236873449,-0.030377519717502355,0.024035787802389408,-0.019165028699913655,0.04235579908591364,0.005824888285463348,0.06353656743610325,0.02883312627256779,0.038749096258506144,0.045651768122118186,0.04735749026154601,0.04534274695442014,0.03474664417456452,-0.008378398865575731,0.023753949080112524,-0.002948299678823929,-0.02010907726466521,-0.004351815189534924,0.004667842607040784,-0.00016891883139186215,0.006845989299240962,-0.02127533216386751,-0.027622470058452253,0.0,0.0,-0.022671985753892454,-0.007072385199640374,-0.07612852043877533,-0.00904406219591064,0.00037740069251129826,1.1102230246251565e-16,-0.0154082843884229,-0.014181077190021874,-1.1102230246251565e-16,-0.0002544602970310228,-0.010941150008532574,1.6043476372407106e-06,-0.0003022657571409293,0.0,-0.03262261359099339,0.0013895493001100934,0.011928600072092788,-0.04825209734389202,0.0,-0.02369173535279845,0.03757180168449187,-0.044894308723903875,-0.02623453564225048,-0.03177920117023292,-0.018394700917324425,0.023946087568075924
0.022449092624790723,0.001964281095292897,-0.021043415563321066,0.00041874249660645013,-0.039386355258598404,-0.016720890774749975,0.016756510134112224,-0.04415985171286951,-0.03225246593454906,0.0025688534079068015,-0.013219597921221737,-0.009055125013528398,0.002212428037016878,-0.024739657233479928,-0.022610502139960242,-0.027182014453710934,0.01049208186291567,-0.0290818116687786,-0.005388866072575771,-0.00983184395369413,0.0,0.015288620165759104,-0.03661757299102725,-0.02343785766142864,-0.011495490903813299,-0.01922095294599041,-0.02553284341506945,0.009774255478549043,0.009242529852530934,0.004302574588533337,0.011448671938384336,0.02887237962408734,0.007907778596479287,0.0027760808464075137,0.0044153078789732625,0.08003230298196828,0.01797296715255864,-0.01986755632528564,0.002946710691686505,0.021015492716745188,-0.004099960823044535,0.021662228705969788,-0.03953336511803929,0.0,0.0,0.11547874052560486,0.011121423919731532,0.006222782453864761,0.0,0.0,0.011327882913487408,-0.007946719562268556,-0.15529743016415345,0.003970969416981385,-0.009744158251969337,0.0,0.015001460806399747,0.011280233754512758,5.551115123125783e-17,-0.006971144804343021,0.0023847027718030267,0.0,-0.0029595485708611147,0.0,-0.015054979480649933,-0.016367427483478525,0.008134526611869364,-0.06538591162420326,-0.00466238801987412,-0.01977655608837936,0.04195805908934913,-0.06935977926034037,-0.056811235408591565,-0.05230514307362327,-0.04257326532468442,-0.0303955998328147
-0.031967065009738393,-0.007047337089861605,0.001420545017953967,0.052355943628752066,0.040945936409929995,-0.002766619281060312,0.02964120108409296,-0.00868821057505953,-0.008021760045071935,-0.01611919122511457,0.003203866683973877,-0.010804087134244689,0.01890523042808978,-0.006610903182842021,0.006910706805892175,-0.05602769960432419,-0.007833146165121985,-0.007800927672316937,-0.016083750386521323,-0.001547155607285522,0.015288620165759104,0.0,-0.024370795568424586,-0.02291592996121916,-0.01114661630340441,-0.008110004536799553,0.000178783025919671,0.02153215356832383,-0.007078639055134617,0.032071429174797494,0.004368354108740757,0.06142023982887396,0.03785104670164785,0.0326960349127296,0.04386526552520531,0.058113074028603884,0.06937372760340926,0.11196554501090739,0.02301608482257439,0.0028527788482247685,0.010473017671336626,-0.001058046303250737,0.05645374736822967,-0.008210490213885757,-1.1727780128756304e-05,-0.022948140881242973,-0.005742483240536778,-0.006037726882179961,-4.253134065490549e-07,-4.678584768796901e-05,0.03203278827936745,-0.0037007491344204224,-0.055368203899085144,0.0017188439838266567,0.002755747742163972,0.0,5.369274361533005e-05,-0.0019542999557310425,0.0,0.007136191035699069,-0.011632540522430845,-0.012421734513199778,-0.02828996972865594,0.0,0.01566424357166507,0.024809628103588,0.015854822854548367,-0.008674834409126309,-0.016455635962786985,-0.010105498943930868,0.013512109558443841,0.00062358886647923,-0.009045636548866809,-0.0022839860463572115,0.00038921577693251663,0.0103715429268888
0.001422693300018485,-0.007269803098868488,-0.07441270385254362,0.008312815360742798,0.004043803067208862,-0.013823257338711592,0.008956456738887564,-0.016974108263873577,-0.026326132483961817,-0.000639875402409118,-0.019165130624405113,-0.012734152535174015,-0.003752244741188293,-0.002637053053880012,-0.0215472743701845,-0.013754965613767933,-0.013308626267266921,-0.017711980033112473,-0.021117557133393194,0.029435589526358608,-0.03661757299102725,-0.024370795568424586,0.0,-0.016229572731857544,-0.0023014947694990906,0.0019103934233534736,-0.018360557193423,0.013884919011496244,0.0006404056161051774,0.016274061178015553,0.002642419126871298,0.010466199934201281,-0.03829273577070513,0.005550878592237962,0.012209446172791849,0.051791417009493745,0.009636269531130837,-0.01461141390819215,-0.04648087173105819,-0.008711476074461377,-0.055408604564801955,-0.048928504248530125,-0.04680019179404493,-0.031020491414059048,-0.00832364343810127,-0.025162991987445482,-0.024963899073186413,-0.1211444929927934,-0.020006256495944785,-0.009916621574453721,-0.07176632236005248,-0.008794425275618245,-0.04341914137163294,-0.017825038960233908,-0.01363289289369396,0.020272406195191106,-0.0315534474854936,-0.02092447095999772,-0.02276103607461022,-0.03772226927852523,-0.016756244384498575,-3.902753058171449e-06,-0.00013058519720532402,0.006309844850257096,-0.047793382130662865,-0.05281798216558964,-0.013287286589764802,-0.13588488370227064,-1.5040433245461227e-05,-0.014470446120570912,0.0035903588481180915,-0.06636133888564516,-0.0564693833102351,-0.05810770275311433,-0.05253937951450127,-0.053636324994636886
0.017965994091974857,-0.01914398469424128,0.006809278929159668,0.006385552476754763,0.004056722362866527,-0.004588294259252668,0.011598251142293792,-0.022460902001182614,-0.01082362496764977,0.020549260636875177,0.01372604084944723,0.03113492065906137,0.01875215950113096,-0.03087800323879858,-0.0010834695478886824,0.0001467010311254624,0.00013224340863055017,-0.00888738624757418,-0.003559955185922503,-0.043970351872336166,-0.02343785766142864,-0.02291592996121916,-0.016229572731857544,0.0,-0.021684314633236113,0.017702597082772498,-0.01856789479278209,0.025095789144790714,-0.01719207369661574,-0.009093999848163337,0.022784694520929294,0.052571741216055456,0.02267820723254027,0.07620136349369644,0.012836954650278454,-0.03843207913984997,-0.012409828081009877,0.029175822607022672,0.05459068390807936,-0.016252021056515964,0.015606636707531762,0.03168840683191165,0.007333560148988505,-0.0033685687420220156,-0.022623268144686515,0.046582267663099475,-0.022400478636028176,0.0,-5.551115123125783e-17,1.5415159586751326e-05,-0.0039506818291953905,1.3209282708315229e-05,-1.6653345369377348e-16,-2.746078616122638e-05,0.004239381783462504,-2.020167212613e-05,0.015198713094691063,-0.007254092159378445,0.0,6.034546931488194e-06,-0.01960874255480949,-0.015850304939091286,0.008523670595461219,-1.8785311328151089e-06,0.0001652366577627462,0.02923423121684421,-0.020818119841894522,5.7916692943749126e-05,0.018768487162768355,0.008534775058146427,0.013412037018838141,-0.002772952787716665,0.01523564207040956,0.009643959585248996,0.0,0.008754101181276452
-0.0004194236202212931,-0.007641875320428149,0.012924872069964732,0.0004230375937544495,0.010683181055713975,0.010200767726812998,0.028241785239505823,-0.014720385556567461,0.023326990196587682,0.010373583882934356,-0.009698739483848196,0.02306566054926512,0.009059891627459515,-0.02051542816148194,0.017268681357552496,-0.026701072045577923,-0.00640310079396772,-0.004305822825907191,-0.014719425574719391,-0.003749861880471328,-0.011495490903813299,-0.01114661630340441,-0.0023014947694990906,-0.021684314633236113,0.0,-0.0025505088131887454,0.0014193707392090027,-0.0027321897092977276,0.00203337931375952,0.019120966476914192,0.004972087942873238,0.022597768981494848,0.011770154991023518,0.010826163835724989,0.0012356948217741581,-0.014282354309438416,0.002444516490021975,0.006222695750049245,-0.011336685236194466,-0.020162174864607918,-0.02299047095107104,-0.021156000075636006,0.0072437412215681785,-5.551115123125783e-17,-0.004659203118150157,0.014279317701408667,-0.0040148495833078335,5.551115123125783e-17,0.0,2.220446049250313e-16,-0.014508245705804612,-0.0051326951944345445,-0.003991289294545897,0.00041959506548849834,-0.04520282856716412,-0.0001910670868620623,-0.022329608771682274,-0.012074188585257106,0.0,-0.02616042548001729,-0.01160469099606154,-0.04239738407952304,-0.02172679168342473,0.0,0.0020940671460032423,-0.011515046684866748,-0.02521522474595478,-0.016830822291825254,-0.009451441730702226,-0.015114811342213597,-0.0179493525380105,-0.009776569560334902,-0.031055386218894476,-0.013543711202862407,0.0,-0.020838050810347175
-0.005823918411340001,-0.023569470064274234,0.006344624830575352,-0.0122682849623576,0.026779744281570483,0.002146177676212724,0.026244697029856212,-0.024492489780883808,-0.015242939582181703,0.030717174921154167,-0.010789970289387996,0.032014118652355705,0.022763685614523188,-0.009029788431743846,0.022072731126298484,-0.019072807135336156,0.007560327939924061,-0.008576228210810721,-0.019563206035507263,-0.001015483236873449,-0.01922095294599041,-0.008110004536799553,0.0019103934233534736,0.017702597082772498,-0.0025505088131887454,0.0,0.01184546782250434,0.010446133986010409,0.001149223691161716,-0.015106434181195671,0.004797463031841087,0.019866791612238976,0.006971698267285331,0.006619818464204952,0.0022334192339141246,0.057940631885679494,0.005027286305327894,0.00896354950964906,-0.002640427245623078,-0.010341209761480286,-0.019608002888475917,-0.03145300161930853,-0.01602865617696253,9.536672879228991e-06,-0.02528876485381326,0.017302135446418176,-0.014847675644443059,-0.01033601759724001,0.0,-3.743197603867099e-05,-0.006164424797549861,-0.003998312250378666,0.001913901855212785,0.009769688463321935,-0.0210684365255821,0.0,-0.00512409811603276,-0.036426777768611085,0.0,0.02174911643475308,-0.005784324232898819,-0.03165618751416627,-0.012155286844079738,0.0,0.005472707652909137,0.03347548529266947,0.01250296193089051,0.006330355086990869,0.019827248126364605,-0.010705646076513697,-0.010660401795807462,-0.027414537588961396,-0.03959348141265839,0.028651854008962196,-0.0002993796512356095,-0.010775392939303408
