0.0,0.02419096949975519,0.029510514069375438,0.0,0.013655264200269357,0.008919255413839422,0.03367589899280432,0.0675338827848262,0.004779703828459769,-0.004535328218165935,0.015378721877298884,-0.019345685481009123,0.027884855980134016,0.058721383248948544,0.02245407748570105,0.06026496324261116,-0.00958164999852823,0.03663066037176432,0.0,0.030543917355520867,0.08149249198653874,0.05476451989381287,0.07455105273460622,0.06234575669375858,0.03693372088288627,0.027691639787788325,-0.03512109552007914,0.050731983485906795,0.08374971135541931,0.002734340004655389,0.07105837538509208,0.07160208707761534,0.07605405820665789,0.06624887798695861,0.07763263997621367,0.04545661159775205,0.0005193205116411637,0.005637188533381243,0.02758068062014013,0.006922391632524283,0.014293599856296468,0.06287281041224863,1.2817989845814726e-05,0.0,0.02368221777998053,0.015805279768210945,0.006011818567681071,0.0,0.0,0.0,0.06277366178588972,1.1102230246251565e-16,-0.0020087267217209215,0.0,-0.0008369947065137717,0.0,-0.0032963346142856897,0.017288402227981226,0.0,-0.018328590105117504,0.017974583829289736,-0.021309245059404625,0.014959337679039286,0.0,0.03341048350673015,0.0539899384875539,0.007938441386448225,-0.01458173880761554,0.01827929618339308,0.022878030770196678,0.019562223505379006,-0.001565741057726333,-0.00023741649026848277,0.039966230603389497,0.0,0.025024725173087292
0.02419096949975519,0.0,0.05992899545154995,-2.55537411240625e-05,0.05807741333768851,0.011972557994204547,0.04110428057978993,-0.012332460973304538,0.04043066094737113,0.018279925878876002,0.00113636480222995,0.011026121341073947,0.04266163402602019,0.010150024223309184,0.031142015316740934,0.010994787876244805,0.01622290080390615,-0.0028578639933043992,-0.021001066483506192,0.014065997861102242,0.01770052267185529,0.0324992415551304,-0.00908560180633916,0.01967108239937687,-0.0022952957680953956,0.035654651765773426,-0.01812294134579573,0.0602879594834429,0.02201902928271554,0.02453186968947313,0.054238143289832175,0.04492382284318741,0.06865910455588237,0.04271660764174101,0.054178633133404486,0.015979343720199213,-0.0012042629889145173,0.0,0.03197577815252156,0.015045972715726219,0.032830202235359374,0.043069579972069005,0.005625693156457834,0.0,2.220446049250313e-16,0.030324740962173746,0.03557774577266182,2.3028232122301873e-05,0.0,0.0,0.0569184987472941,0.024125019805505188,-0.0070449135974406385,0.010648107722890154,0.0005694713994011669,0.0,0.005759635418678244,0.026330029413633993,0.0,0.044415121468211805,0.048610010178426366,0.03905485730735464,0.03145315928201675,0.0,0.02916460110743796,0.037390935871797926,0.021740601687236794,0.011155040972870123,0.012576602580025242,0.040068561555348436,0.04510954580495141,0.038131808815158874,0.027552304126648552,0.05642311164891356,-1.1102230246251565e-16,0.04262385047561679
0.029510514069375438,0.05992899545154995,0.0,0.028210321505040492,0.006424254381380057,0.004490356730478262,0.012063126818633696,0.01122503053289875,-0.00590744284416278,0.0033043636356990813,0.013338511136296971,0.025640352650562637,0.0140224324052729,0.03643846276530549,0.025941302562394186,0.0726040872166065,0.0024773524105515254,0.006980328907071731,0.021327889695454683,-0.015279273611371602,-0.008605563930377258,0.02897277075628535,0.0029580149911450637,0.005651941226263224,0.027107504685468298,0.03064511971505074,0.008742981718738774,0.01958893584859761,-0.02371498967180813,-0.057551006653425385,0.037425705748532045,0.035161308665118574,0.01653940338157278,0.044241316304030665,0.04144128522532109,0.04424477997499904,0.04128634613978949,0.018258151048952842,-0.021489171623687853,-2.625180213766676e-07,0.03808762845565927,0.022213688389250086,-0.03154645690413044,0.004329368393035549,0.0,0.0,-7.454800514594684e-05,-0.12863716994715985,2.878954781238008e-06,-0.05815232849069518,-0.033985696534120535,-0.02136788994561456,-0.038462103834870365,-0.1114930017576708,0.00034134689511339245,-0.03380099084762439,0.031707140979089665,0.01648806641823275,-0.01572428971241524,-0.00016379821064749223,0.0,0.0,0.0,-0.1971914392573627,0.009370029040761119,-0.0038920725899488917,-0.00027019682920031984,-0.03897753806289006,0.0,7.274803394230478e-05,0.025319006991379234,-0.052142597121132006,0.01687351714335439,0.03817548693618966,0.006767398564475946,0.012765663844985675
0.0,-2.55537411240625e-05,0.028210321505040492,0.0,-0.007657985971636416,0.02410971401011064,-0.03550845700325872,0.04589690335978919,0.01258219184422249,-0.012438020507416658,0.032994321904819324,0.07193275158788004,0.007305585883411625,0.005756958193032846,-0.013339333232382733,0.000587436774057204,0.00559943080438291,1.3109864778149127e-05,0.02041925280893253,0.00766973664345777,0.0006125675052191526,0.029493656752391628,0.05388703263341671,-0.00779573412695278,0.0003942311534705367,0.04306455648836921,0.04038144445220876,-0.006406432249291216,0.01698422227618107,-0.0017746315277982205,-0.01815363087570082,0.00889244378740528,-0.000294786130673963,-0.008442168075525447,0.028626598233203182,-0.013333956283128279,-0.0059563119458655445,-0.010806471298064446,0.0034820629881692766,-0.00023814348048439848,0.027409494272658874,-0.0039008427577528204,0.015955088170461096,-0.008186106157402617,0.0,0.0,0.0,-0.0007732961964587726,0.0,0.0,0.011852047517716569,2.220446049250313e-16,-3.0003671250278252e-05,-1.3299519812493e-05,5.551115123125783e-17,-0.006420321853799149,-0.004380402113685344,-0.0003586325311608074,0.0,0.0,0.0,0.0,0.0,0.0,0.0,0.0,-2.645421393721037e-05,0.00783951976484687,0.0,0.0,0.0,0.01754574381059426,0.0015808304128515083,0.0025491221314041246,0.0,0.0
0.013655264200269357,0.05807741333768851,0.006424254381380057,-0.007657985971636416,0.0,0.015301059463765254,0.01563601163318673,-0.0061469510761484325,0.0332835147539246,0.035441565092223015,0.0310976040932755,0.0306213711109945,0.018323588772655275,-0.04318631795406924,0.013794929696132274,0.05050529361687511,0.01795899338207302,0.0293897830862494,0.019067952553380785,0.020907998775254233,0.00826406479416425,0.04037611691604098,-0.005319024396310323,0.021839045479850383,0.0638115890812026,0.05826970872042109,0.0021949628121198383,0.028203224129476123,-0.014286280929951434,0.011811496739915883,0.04010496402314523,0.0476767123190166,0.08086952792361946,0.03283580134372577,0.04630707137741458,0.005980222623773901,0.0683993677416187,0.06240013997661692,-0.1069903658272972,-0.00600372439351754,0.013609570316885977,0.03128321815068674,-0.0636798862183679,-0.025157968789262575,-8.480585266573692e-05,1.1102230246251565e-16,0.012072773778067813,-0.05123836556617439,0.0,-0.0032633487586100074,0.008845366051448589,-0.0003488788344694349,-0.01846733563255193,-0.012426083488682738,5.551115123125783e-17,-0.010034745621327501,0.006677392938103155,0.006880021186795426,-0.035611480092324344,-0.0010382411783854129,-2.3583964274931368e-05,0.0,-5.551115123125783e-17,-0.001269080423015101,0.01717465016260894,0.00017835567877771963,0.005542585928982158,0.0034653320349600225,0.0,-8.416644723951983e-06,0.01193038799106172,-0.016414426740382793,0.011326576429919744,0.011097224549165285,1.1102230246251565e-16,-0.00289547692643366
0.008919255413839422,0.011972557994204547,0.004490356730478262,0.02410971401011064,0.015301059463765254,0.0,-0.008503052635750574,0.020008294125530235,-0.009109104372290677,0.04037193424629498,0.011601138923337861,0.022826313822585487,-0.02286436828357641,0.020062042698167415,-0.04607163774434925,0.023275449601662113,0.02826345596620855,0.025084020956058495,0.015743643837372034,-0.043761436401489495,0.007722544575089085,0.0017817583093154288,-0.030242931535039597,0.020170402388922426,0.03085641186625665,0.045572224219402435,-0.07802327112139146,-0.04253837745627742,-0.0657243341375574,-0.016981920885151047,0.017512364561712956,0.04745366985218308,0.03806753277637398,0.02623013009709213,0.03973397614113633,0.04787493389771935,0.04681355524651171,0.019407678420814756,0.021707437278620734,0.01410891546990184,0.03443467248681864,0.10267451733000965,-0.06655458621865656,0.017205986786377803,0.01478469915031888,0.007397764301384391,0.010953310659856108,-0.05538037917059757,0.009497251710513133,-0.005551405497690953,0.004646553117190533,-0.007493052069610373,-0.006563015366125802,-0.05308356572303785,0.03127675178618616,-0.03194627052707555,0.04725168914613748,0.023055098264358587,-0.02028797859989684,0.01630937939251853,0.02028082634648215,0.0,0.024411206563426824,-0.0946051250445561,0.061594210130165195,0.02555865837852911,0.022478878687771653,0.003648733488504252,-2.224338925677083e-05,0.02202137288763517,0.022940403553322497,-0.004433251114524306,0.040176759751843205,0.018632571393002784,0.029882320253349914,0.03198200222190928
0.03367589899280432,0.04110428057978993,0.012063126818633696,-0.03550845700325872,0.01563601163318673,-0.008503052635750574,0.0,0.026059993826953287,0.0022173403857277396,0.028238825396818545,0.012281899305987554,0.030533937520868637,0.010546945672816832,-0.061478921361111494,0.02085746564078661,0.040100686084644566,0.012886031697192601,0.026657764716817467,0.007207612548160325,0.020113651141321576,0.022924532871903935,0.02860984474343864,0.01767417506085811,0.015128533051059212,0.026822796455417075,0.03652892791835016,-0.004481832065575397,-0.014520481400830565,-0.021596527061283566,0.009695953662401058,0.030957408299599865,0.004957890711151602,0.03919666779937264,0.007779501701812297,0.024138143903865095,-0.048860255193141244,-0.03232739291993553,0.057788175095626115,-0.0900910380663611,-0.028546386390765344,0.0019283505958376246,-0.009932518490430642,-0.031078643429157615,-0.012316250798736439,0.0005781964329699685,0.0,0.009452785647062922,0.017305700380350952,0.0,-0.03077198936924902,0.022870934581042612,0.018986631080021632,0.00965494169297676,0.01335900463635864,0.007377820438020211,-0.00743082031579706,0.0010734730158539763,0.017821499263689033,-0.032716362382220254,0.02692958723319283,0.017837587256965992,0.0,-1.8197425595389838e-05,-0.004161413526927449,0.01103753084234338,0.013867012080870766,0.009862697845186896,0.020370505282021445,-4.044362791233436e-05,0.020815748512436005,0.01385386874749045,0.024019791117312672,0.024621165830075453,0.01239045452478238,0.007290920174924831,0.02555904304965506
0.0675338827848262,-0.012332460973304538,0.01122503053289875,0.04589690335978919,-0.0061469510761484325,0.020008294125530235,0.026059993826953287,0.0,-0.009302845592697284,-0.005534722315409801,0.03738668580319443,0.018616174787606743,0.055592681529834875,0.026168896907339645,0.0038796377028154083,0.031832780467060284,0.0014224087648428974,0.0071654149232250886,0.008621761869417377,-0.0020077086855638804,0.033678750196696916,0.037378795455400016,0.015388044027356051,0.05375010780184131,0.005774780934415524,0.022705499367484894,-0.005420067667896156,0.06837612871438659,0.028051126476577648,0.07458296952424637,0.06887418814856139,0.04689400871349686,0.029124375940046687,0.08887695954350999,0.09994028936462368,-0.04492788024477784,0.13014776693662777,0.04960495412924415,0.03346360920435776,0.002280969655442444,0.038848810762885044,0.032669191954501575,-0.01634211885361536,-0.010155524561566709,0.0,0.05579693304404659,0.013197213905015326,-0.0852094583177917,0.0,-0.024553934357782747,0.0060510102916510045,0.0053859415244592035,-0.016711921028306376,-0.07446191244034756,5.2668785937348694e-05,-0.03335785626832466,0.00016726986959370027,0.024954920852361895,0.007607249388631665,-0.0652597434822566,0.015532616724358406,0.0,-0.00011089102310163357,-0.07621192812115923,0.0005515462270249127,0.014111069052127334,0.015362412836640693,0.0011704590883203636,-5.551115123125783e-17,0.015860933238545538,0.020071598405260516,-0.03332917459213708,0.03404494885357845,-0.0023176685903114613,0.011529584804998105,0.029071134564753964
0.004779703828459769,0.04043066094737113,-0.00590744284416278,0.01258219184422249,0.0332835147539246,-0.009109104372290677,0.0022173403857277396,-0.009302845592697284,0.0,0.03506603841550915,0.014459630814515068,0.03648283750896131,-0.011119699948369366,0.025974441249562552,0.012924333772523389,0.04365330695135944,0.01899675500112802,0.036809916872896864,0.0019623248914087954,-0.004768090368083955,0.046329475671173626,0.036705252336426186,-0.0010194109421532982,0.028199624579527793,0.04305263140266258,0.06672636318340947,0.0011764729067865742,0.01908590245471259,-0.040867969934543946,-0.018646101673259863,0.024582530288254634,0.018365423134593384,0.061898250462647963,0.019754332467561753,0.027058804638960487,0.02185237619041963,0.0169110009707249,0.05571021683966537,-0.021428216375555698,0.008953872298486487,0.006091542044805942,0.037214851330301,-0.01251346839449552,0.023824512543068,-0.002290751291260662,-5.551115123125783e-17,-0.0067571568018433,-0.06744105647272014,-1.3830633759925881e-06,0.0008159262091593789,-0.02364515844043258,-0.03177312615445227,-0.03522182919188904,-0.061154596330740774,0.011110779851426722,-0.026900517400978263,0.014946052667354381,0.007168029022465938,-0.020086872397405697,0.010258461442338995,0.008845945747809447,0.0,0.0,-0.06540678924667248,0.016920023981838894,0.0035629739216598844,0.007978430645558698,-0.029884583719962166,-1.7021807480921414e-05,0.012858193258657724,0.013860441394669631,-0.04822345803011241,-0.008876940120580712,0.036985696083092545,0.010045455928452851,0.028258262436904324
-0.004535328218165935,0.018279925878876002,0.0033043636356990813,-0.012438020507416658,0.035441565092223015,0.04037193424629498,0.028238825396818545,-0.005534722315409801,0.03506603841550915,0.0,0.022607258074602232,0.007829822323862201,0.03164073338230178,0.07136565929606314,-0.007524045037890281,-0.008280768611865441,-0.011780084025282023,0.005445059916053929,0.035749467676844504,0.0014024853393398429,-0.04885133116443674,0.01207790346144294,0.010273554500679627,0.02294577004834203,0.020093884745552737,0.022536922762523837,0.009343034281801388,0.025171241414284007,0.022358023821665685,0.08290022206298076,0.01363401128614039,0.0005241804245808002,0.015218691411206464,0.014516262622837728,0.011230560422939628,0.10654919465730811,0.027665463029739934,-0.0072207467246812596,0.019686257688484865,-0.03468667065967923,-0.03882306611939712,0.03875944583660662,0.008420791700650743,-0.01563673117019221,-0.02855725875286297,0.0063652234337363,0.022234568731946514,-0.00015111137812162667,-7.853225446385892e-06,0.0004554251807448173,0.020850348395053786,0.022054949151604608,0.003318084860823134,-0.003892055231470515,-0.021157537415898153,0.01310234682150363,-0.03437838531683757,-0.020765962959440554,0.0,0.00025483689453897895,0.028351527051721115,-0.003282455333408152,0.013289422523913796,2.581396357392851e-06,-4.1941167800041423e-05,0.017729404087618528,-0.0007806142638340785,0.010159328413700264,-0.009856111995164618,0.006220006450655735,0.006466322741951525,0.019754736572427822,-0.023103435597834066,0.030800990846153675,-5.551115123125783e-17,-0.03399707995550438
0.015378721877298884,0.00113636480222995,0.013338511136296971,0.032994321904819324,0.0310976040932755,0.011601138923337861,0.012281899305987554,0.03738668580319443,0.014459630814515068,0.022607258074602232,0.0,0.02315441040217081,0.020379795099716602,0.033391188025362506,0.0,8.226561347213224e-05,0.0168829334192912,0.026725651905822045,0.003019460060651513,-4.899768910893165e-05,0.012131021584876778,0.003487031635199256,0.057829924336734284,0.03257844496983542,0.010365372817808582,0.01557063960321381,-0.00011594894673977452,0.024371523048596078,0.017589842552510837,-0.0006887793694726474,0.037519552905004416,0.058916753735021865,0.03264351564836909,0.022718493142418195,0.031398911499849524,0.029811916775205283,0.02439448588850962,0.044308505922390384,-0.038800716190343254,0.006503560215401272,0.025318318159951336,0.0030872985268932673,-0.03313784077903925,0.0012073045899211876,-0.0011432986707198833,0.0,1.1102230246251565e-16,-0.11929941163273577,-2.6781335077386004e-07,-0.013958383883665548,-0.027847648766275546,-0.05424255295603603,-0.04087691674394173,-0.06737241140092254,0.014044073051302675,0.030437118030323396,0.005737184057595546,0.03294987057997084,0.004882709930824181,5.551115123125783e-17,0.0,0.0,0.0,-0.08836547242765933,0.006832356629418168,0.0,-9.275036094447131e-05,0.009535526266482575,5.551115123125783e-17,0.0,-2.2765143933289878e-06,-0.02665974006069738,0.030025316838382665,0.004215072079161553,0.0,0.01893688148541045
-0.019345685481009123,0.011026121341073947,0.025640352650562637,0.07193275158788004,0.0306213711109945,0.022826313822585487,0.030533937520868637,0.018616174787606743,0.03648283750896131,0.007829822323862201,0.02315441040217081,0.0,0.03173189551089628,0.06486053369259853,-0.012631762048139594,0.011668733955054411,0.01604609460826545,-0.000992757842305514,0.023950731013562765,0.0015997399441716187,-0.016866033169035566,0.007161377142973879,0.02230296079363786,0.016421598246131486,0.005374793610889439,0.024712664054100997,0.021065524429575433,0.02548269637798789,0.02176485288494784,0.07164171120132568,-0.0034661536360861,0.011426609156373613,-0.025291947317588104,0.009855323698132468,0.07526635856240466,0.0745980192356488,0.07533834376809212,0.016457749414343775,-0.005717730657734843,-0.03507765303238325,-0.002584923912627879,0.022274811491849678,-0.013045692934791131,0.009525544483569348,-0.038887705576605036,-0.0002590705668930049,0.0075871928992145565,0.007127271518029554,0.00744911300701348,0.010188650490319862,-7.876143264484714e-05,0.0335898348493458,8.437125248467181e-05,0.013829213786594186,-0.022630254488124557,0.011102312012815085,-0.039505776218553335,-0.040075177463835654,1.6921035079553448e-05,2.2266859367736647e-05,0.026408125358691414,0.010822272930502808,0.01051357727261154,0.009943807382135406,0.0059912497865421965,0.015791420496965136,0.0005562589452677846,0.023353640802732833,-0.0019941143065930755,0.014575441157667346,0.007370283310118686,0.02289403430676129,-0.004578713908332033,0.0020815236332163423,0.0,-0.03156528952325288
0.027884855980134016,0.04266163402602019,0.0140224324052729,0.007305585883411625,0.018323588772655275,-0.02286436828357641,0.010546945672816832,0.055592681529834875,-0.011119699948369366,0.03164073338230178,0.020379795099716602,0.03173189551089628,0.0,0.012923593882201989,0.024469462174694534,0.04169935535230468,0.027396993625664556,0.022315809297953626,0.012673487245400794,0.021998103170908,0.04067690998002882,0.029977064752745863,0.03079148992080727,0.034713347095006064,0.021558252927541044,0.027932325340985997,-0.0053991308522672865,-0.008201964698517361,-0.03101736353418144,-0.011458737759585724,0.03001899383878398,0.0072467342706036275,0.06518516006837755,0.03158061156440323,0.047555951494513915,0.005166489137520325,0.014294018070104941,0.06204055406932785,0.04528622909823765,0.06056038181026202,0.03066836190576422,0.0203489658779179,-0.05508808617553407,0.0025065227043947202,-0.035066946618359296,0.026647973978535022,0.012920162990435802,0.08101843425074606,0.0,0.0011636963323400362,0.042789023608018506,0.02071665602512829,0.04741967079589332,0.012065203642460665,-0.018931700126867956,-0.006766196258010615,-0.004087043353597997,0.02152958389703319,-0.011825362643046455,0.006200058982425871,0.01627981418578056,0.014269956065544653,0.0297246640278665,-0.005216522395935286,0.013712041057727054,-0.0006956400730597778,0.011076828290030427,0.039368302517389986,-0.013763511761247071,0.023654289522087535,0.018554962368996175,0.04475027278493249,0.014788683465948915,0.01933533142419941,0.021315239398643104,0.029158840211704118
0.058721383248948544,0.010150024223309184,0.03643846276530549,0.005756958193032846,-0.04318631795406924,0.020062042698167415,-0.061478921361111494,0.026168896907339645,0.025974441249562552,0.07136565929606314,0.033391188025362506,0.06486053369259853,0.012923593882201989,0.0,0.028755061866461484,-0.0005790672849328993,3.598633868673318e-05,8.927556409571435e-05,0.023920587781875002,0.02768110333365087,0.03660197710434204,0.012586142766509434,0.01270412021835532,0.07383790729139222,0.01870693275945079,0.010659722761245105,0.009489545030684221,-0.010356044119952834,-0.0015786739554895513,0.01047708337595138,0.05309403478737762,-0.06075883314763572,0.03619616321217456,0.033701557538645344,-0.008078703186593261,-0.0075091477762149195,0.0039809537469855105,0.028164148307971593,-0.004378904768780167,0.0,0.0032106273635660876,0.00035507132663159524,0.00041473367897870705,7.709003969624817e-07,0.0,0.0,0.0,-0.021346734939011625,0.0,-0.03764513316494689,-0.024651383174924824,-0.007264720800452984,-0.0013669458608136509,0.004926666464092955,0.0,0.001070958770699737,-0.00018583503306696114,0.03154052956402725,0.029080606065227,1.1102230246251565e-16,0.0,0.0,0.0,-0.018639191434099367,0.0,-1.1102230246251565e-16,0.0,-0.040816530133189866,0.0,0.0,5.551115123125783e-17,0.0035115154232644996,0.006087725315976067,1.1102230246251565e-16,0.0,5.551115123125783e-17
0.02245407748570105,0.031142015316740934,0.025941302562394186,-0.013339333232382733,0.013794929696132274,-0.04607163774434925,0.02085746564078661,0.0038796377028154083,0.012924333772523389,-0.007524045037890281,0.0,-0.012631762048139594,0.024469462174694534,0.028755061866461484,0.0,0.04972354288551606,0.015303600364909797,0.044786745051364096,-1.1102230246251565e-16,-0.001969603075984372,0.022145292789298887,0.014858006671970403,-0.04094224538282404,-0.022140294401707672,0.03748299169617325,0.03789957623407747,-0.05914052463284952,0.04575114645027284,0.030996699167018305,-0.025373739583615662,0.05700932955631405,0.0698114428641814,0.044660398744929775,0.05199422872996323,0.061523049238388916,0.09332482356497862,0.07551166215772864,0.00011540930075221167,0.04707014865674958,0.04430931429959051,0.03080776551952419,0.04831487231659726,0.1192045906486231,-0.003719143712639872,0.0,0.017946759980823623,0.011219230668221392,0.009392376437715788,0.0,0.0,-0.009657430588414562,0.01687647767335293,0.003440540846151585,0.009758055110343056,-5.551115123125783e-17,0.0,-0.002860604614491391,0.016059456598992605,4.390145749821883e-06,-0.05210318755904625,0.030666783042807233,-0.00015345639742142536,0.006503541019232395,0.0,0.01218379619276555,0.021018419211000117,-0.022271287545897578,0.01951417161293517,5.272010123735793e-06,0.014564663491110408,0.014713032376274304,0.0215520093636396,0.0691429736235436,0.041317492186849936,0.03458554192142932,0.04148880897828017
0.06026496324261116,0.010994787876244805,0.0726040872166065,0.000587436774057204,0.05050529361687511,0.023275449601662113,0.040100686084644566,0.031832780467060284,0.04365330695135944,-0.008280768611865441,8.226561347213224e-05,0.011668733955054411,0.04169935535230468,-0.0005790672849328993,0.04972354288551606,0.0,0.003158036286877608,0.02804659876243526,-0.00016214738841568987,0.03865433992647055,0.03839258875105345,0.030337118476226055,0.01231798380719834,0.013624290428258745,0.03203657040097457,0.043675087681355196,0.0023322297440852013,0.042091268318052266,0.02382700257918574,0.02089745142937005,0.02627578928243962,0.03175666256001897,0.024515107548261916,0.02833084858196888,0.02688046020627516,0.0031565632251946973,0.010125190844122445,0.02460676844620535,0.045167644078679126,0.03216342936332989,0.041885733928965,0.049156538588549625,-5.724415096497459e-06,0.0,0.0,0.04917642365103492,0.04464598790096347,0.0,0.0,0.0,0.015063069834952147,0.009018027546238094,0.013591913045436443,0.0,0.023087644461006807,0.0,0.018948420715556857,0.017742559622410392,0.0,0.046536226529810265,0.05983938510551218,0.026396852111163438,0.04355334071566069,0.0,0.05810794430294408,0.043076531461193335,0.03446179470104632,0.015655952162387188,0.026203969019357343,0.05640846324869231,0.04878157642478437,0.017976478545239094,0.01484476648326205,0.04199883057161208,-1.1102230246251565e-16,0.05910404718938567
-0.00958164999852823,0.01622290080390615,0.0024773524105515254,0.00559943080438291,0.01795899338207302,0.02826345596620855,0.012886031697192601,0.0014224087648428974,0.01899675500112802,-0.011780084025282023,0.0168829334192912,0.01604609460826545,0.027396993625664556,3.598633868673318e-05,0.015303600364909797,0.003158036286877608,0.0,0.0034499690910666514,-0.0015921010935854851,0.02468093705101576,-0.007380950370086792,0.02388100874633292,0.016605791429849026,0.009966888488842474,0.013190066191916983,0.008265817028375255,0.013598402596190884,0.030186277083537494,0.01722224432750369,-0.0017063485371753284,0.024512002131418242,0.03472722283569768,0.058901322692173186,0.021078818984597403,0.003134055893866783,0.014235655579120654,-1.5873648484265868e-05,0.017761603235013135,0.019481050950907686,0.023441233143449314,0.0141762188138006,0.008164076362687234,-5.551115123125783e-17,0.0,0.018397850914127267,-0.004361611418648492,0.01918784644061805,0.0,0.0,0.0,0.0,0.0,0.0,0.0,-0.07611690134504939,0.0,-0.0725847833062584,-0.01640347807704018,0.0,6.39466552075918e-05,0.01060615390892189,-0.027716963378642323,0.009561428863206212,0.0,1.1102230246251565e-16,0.0,0.009861300419510277,0.0,-0.11798804344537767,-0.005258815055148192,-0.00721220597712513,0.0,0.003047573666312531,-3.4498579231545534e-05,0.0,0.03190631273730027
0.03663066037176432,-0.0028578639933043992,0.006980328907071731,1.3109864778149127e-05,0.0293897830862494,0.025084020956058495,0.026657764716817467,0.0071654149232250886,0.036809916872896864,0.005445059916053929,0.026725651905822045,-0.000992757842305514,0.022315809297953626,8.927556409571435e-05,0.044786745051364096,0.02804659876243526,0.0034499690910666514,0.0,0.007234689929906057,0.02652638099379684,-0.000937900672300096,0.03647193150954309,0.01331300744089231,-0.0069352705322686115,0.008336485785507275,0.0014402928527742498,0.0012734266083746504,0.024573470899706018,0.023481715014981808,0.02090536393064163,0.019193163927153534,0.026861882749831756,0.0460293335407882,0.016733343488273267,0.0023149577791088394,-0.031899920208428856,-2.645557822417155e-05,-0.005208096577095089,0.02771947980824757,0.014050365568292478,0.018376868960109094,0.0398463885905076,0.0,0.0,0.025016016749147052,0.02946150737395642,0.03558307861705995,0.0,0.0,0.0,-0.0002527358627190668,-0.00011157166615644032,-0.0003753791993979516,0.0,-0.08696364769948772,0.0,-0.06914337845128188,-4.769233508072901e-05,0.0,0.007031604864320085,0.04226473770704359,-0.042495796912673356,0.018088071073561307,0.0,0.018802832486999377,0.011510700438799315,0.012246494256412388,0.019145335079113535,-0.10601387876771218,0.006911011579581738,0.004364877339813222,-0.0011970762140357527,0.0036434445017866635,0.015715678413300682,0.0,0.024383756563449988
0.0,-0.021001066483506192,0.021327889695454683,0.02041925280893253,0.019067952553380785,0.015743643837372034,0.007207612548160325,0.008621761869417377,0.0019623248914087954,0.035749467676844504,0.003019460060651513,0.023950731013562765,0.012673487245400794,0.023920587781875002,-1.1102230246251565e-16,-0.00016214738841568987,-0.0015921010935854851,0.007234689929906057,0.0,0.0003808817491898209,0.011056872368488513,-0.01543863049707439,0.051198625934915865,0.011839864784799481,0.011013438987025947,0.01348252499067737,0.015318363740414398,0.012843042065958321,-0.025562605904704327,0.0029373925111754184,0.02511717575601108,0.02623890223126063,0.014282482240287053,0.023510137806135867,0.020332361367630114,0.01637819879164998,0.011608898451353433,0.04414927321000217,-0.05547470446078684,7.378916396683088e-06,0.005359156653033492,-0.009197887742530941,-0.04582770543418441,0.012693135639422148,-0.0005109843094433519,0.0,0.0,-0.13634673933102104,-5.551115123125783e-17,-0.04455961808228931,-0.03380487907550839,0.022994329869547858,-0.04975283746023801,-0.059259215932193465,-0.00010724391030531022,0.004443072629703837,0.021327288522662857,0.017169221514621746,-0.0327666770369574,2.220446049250313e-16,0.0,0.0,0.0,-0.054144640823991286,-2.96965923989867e-05,0.0,9.731866163492642e-05,-0.03667170856856783,0.0,0.0,-5.551115123125783e-17,-0.0664699513288845,0.03204257983593095,0.007907478741809082,-0.00010238073228108213,0.03406843394826109
0.030543917355520867,0.014065997861102242,-0.015279273611371602,0.00766973664345777,0.020907998775254233,-0.043761436401489495,0.020113651141321576,-0.0020077086855638804,-0.004768090368083955,0.0014024853393398429,-4.899768910893165e-05,0.0015997399441716187,0.021998103170908,0.02768110333365087,-0.001969603075984372,0.03865433992647055,0.02468093705101576,0.02652638099379684,0.0003808817491898209,0.0,0.0137231826725831,0.014866969347097303,-0.07170983143114851,-0.002566051048950857,0.03369680854876528,0.03455154750205497,-0.060013307345035516,0.03841450098616439,-0.007856921667708405,0.054736828952380356,0.003166066944602808,0.058027527090215636,0.04085707333353461,0.011347412383101663,0.040083911427851115,0.027103016766901855,0.020247409704148345,0.027814696525860938,0.05097811333413704,0.02802696477750255,0.03328677646970346,0.03970291571455947,0.05014475401143409,0.015391056839918593,-0.00021533575624843593,0.013896888046791456,0.05233712601401386,0.03058191501528873,0.0,0.0,0.09279005475191465,0.01885332717068272,0.006938501207371939,0.0029298405616828282,0.0003257121880353431,1.1102230246251565e-16,0.01748970966292307,0.021412643116529295,-1.1102230246251565e-16,0.023771823900206546,0.027379836471003005,9.106308985984413e-06,0.007595399632804201,0.0,0.04734256816908966,0.01022466248557502,0.02551364770474779,0.020371335727077222,0.0,0.024229129302238805,0.03249288295547742,0.0342058867972132,0.014980381771575846,0.044873802182442246,0.019696273660792685,0.016354600562863697
0.08149249198653874,0.01770052267185529,-0.008605563930377258,0.0006125675052191526,0.00826406479416425,0.007722544575089085,0.022924532871903935,0.033678750196696916,0.046329475671173626,-0.04885133116443674,0.012131021584876778,-0.016866033169035566,0.04067690998002882,0.03660197710434204,0.022145292789298887,0.03839258875105345,-0.007380950370086792,-0.000937900672300096,0.011056872368488513,0.0137231826725831,0.0,0.06142091864505367,-0.004360856715585504,0.04274725071685548,-0.007204430489847036,0.011978717181364285,-0.051086054123511304,0.05102326148741343,0.0647988599739498,0.03387593153567642,0.07213240387184067,0.09437618781358398,0.07682628968979421,0.06766366689256931,0.07855355240321282,0.1583448287794395,0.00200142068792053,0.0016530168835732217,0.037991094171453854,0.02190599694490125,0.01892391374074759,0.04385238465454411,0.03592304804929436,0.0,0.0,-0.010397390922134264,0.014363316501135481,-0.0031384036053704323,0.0,0.0,0.01099497910327435,0.0019258654443956025,-0.04231798946190174,0.003760465113747835,0.006676209244801001,0.0,0.002569454915208269,0.020978172774758885,5.551115123125783e-17,0.0028076299702878837,0.012646970442562522,0.0,0.00815392939391485,0.0,0.0254177731175117,-0.10058475399456984,0.01690341985140209,-0.01531223432319978,0.0020873234271043817,0.010643908307094607,0.012471196739675672,0.006137663349424005,0.01765106440502051,0.026896278220599368,0.02599852099132738,0.0010446016343502729
0.05476451989381287,0.0324992415551304,0.02897277075628535,0.029493656752391628,0.04037611691604098,0.0017817583093154288,0.02860984474343864,0.037378795455400016,0.036705252336426186,0.01207790346144294,0.003487031635199256,0.007161377142973879,0.029977064752745863,0.012586142766509434,0.014858006671970403,0.030337118476226055,0.02388100874633292,0.03647193150954309,-0.01543863049707439,0.014866969347097303,0.06142091864505367,0.0,-0.005636654145235898,0.003667380707671919,0.027090649881787443,0.05728888473168792,-0.021638958727718482,0.04244555751789986,-0.010642056180703907,0.04262130062952102,0.027268433164648997,0.0785942829231131,0.10318306941064331,0.05065059085537765,0.06240535690922555,0.0912411260326269,-0.034926668302771746,-0.01535748139407278,0.05242670602502619,0.04327084125511199,0.036843483747376504,0.051469683277047595,0.04515535392544762,0.013246837819948731,-6.656711244651392e-05,0.05461031646023151,0.054453998976593754,0.019867927560187737,-2.414087324431602e-06,-4.739728909936014e-05,0.02978222232457345,0.01663345041252734,0.009254965688321681,0.009231991753782864,0.004134034870354575,0.0,0.0189789931496141,0.016534259227698245,0.0,0.030306861589364353,0.05598558048062957,0.00860862765025766,0.013091290920892062,0.0,0.03722079230961134,0.038826632122810345,0.03419246578118007,0.018379029448133966,0.01404052437916481,0.04471624629568799,0.04301588826706798,0.02066928049688377,0.021036352801211355,0.04592220322206564,-0.0006856298816198536,0.03869908206741235
0.07455105273460622,-0.00908560180633916,0.0029580149911450637,0.05388703263341671,-0.005319024396310323,-0.030242931535039597,0.01767417506085811,0.015388044027356051,-0.0010194109421532982,0.010273554500679627,0.057829924336734284,0.02230296079363786,0.03079148992080727,0.01270412021835532,-0.04094224538282404,0.01231798380719834,0.016605791429849026,0.01331300744089231,0.051198625934915865,-0.07170983143114851,-0.004360856715585504,-0.005636654145235898,0.0,0.04376319841091225,0.0041726072474785325,0.007589924231772294,-0.03030473994735189,0.02751562821930431,-0.02584303573015234,3.760265135183127e-05,0.017555126079237204,0.04125709536102917,0.010201424402077774,0.034365667519042686,0.041963459650996515,0.08309477032101431,0.05822966129414675,0.017231352843165904,0.0214568074632564,0.01022119753918832,0.026394991987850558,0.03031172401652471,-0.01337440996307937,0.01962618744632144,0.01714604972410666,0.006655549459741339,0.04861154740071899,-0.07786614528369834,0.01123176399789999,-0.002227669621023831,0.011445528160664353,0.007238975316934626,0.0030645071628763176,-0.0457658923786422,-0.0012535968353361016,-0.015971138240237215,0.07264174727453676,0.028186607451690104,0.01417733567059648,-0.008465192997009374,0.01897372832006794,-2.2152103707873128e-05,0.004607346738102869,-0.14421784465230264,-0.0006203679238174775,-0.01828645010181057,-0.005582143678982743,0.01561958195736668,-8.536979719270255e-05,0.027143933759327388,0.02489280641628655,0.0021777635429137687,0.02026622057875538,0.011751247040677315,0.0259363023966388,0.030515441290587475
0.06234575669375858,0.01967108239937687,0.005651941226263224,-0.00779573412695278,0.021839045479850383,0.020170402388922426,0.015128533051059212,0.05375010780184131,0.028199624579527793,0.02294577004834203,0.03257844496983542,0.016421598246131486,0.034713347095006064,0.07383790729139222,-0.022140294401707672,0.013624290428258745,0.009966888488842474,-0.0069352705322686115,0.011839864784799481,-0.002566051048950857,0.04274725071685548,0.003667380707671919,0.04376319841091225,0.0,0.008537772207348748,0.022765816295172936,0.047649140003418966,0.02467643912147799,0.0652406988977523,0.010112553229545573,0.01932813409485029,-0.035411353645709354,0.0007984158778884254,0.030244549355416706,0.035126117748780106,0.03883907663928482,0.15929174886552472,0.0028906815021893517,-0.08312228570665253,-0.031246894507730105,-0.024802731328900207,0.00972604797702692,0.0011433786578273764,0.003055379766729427,-0.05957397238168269,0.022161363521035427,0.015335408986104027,0.0,-5.551115123125783e-17,8.749675133140622e-05,0.004618713581596046,7.497615045098938e-05,-1.6653345369377348e-16,-0.00015586796650479684,-0.053695095640738266,-0.00011466509137098013,-0.0755494248218086,0.0063583699830421225,0.0,0.0002537936414649944,0.0014463184004261942,-0.004272470806907014,0.001203181297772582,-1.0662579941755901e-05,0.0003622811305860618,-0.0015620517218232766,0.023423327313413345,0.0002849548810842095,-0.04128239857973137,0.00952528696247329,0.006198429095049696,-0.0014623482075559746,-0.013426337712451997,0.016013344108477323,0.0,-0.014872406946820127
0.03693372088288627,-0.0022952957680953956,0.027107504685468298,0.0003942311534705367,0.0638115890812026,0.03085641186625665,0.026822796455417075,0.005774780934415524,0.04305263140266258,0.020093884745552737,0.010365372817808582,0.005374793610889439,0.021558252927541044,0.01870693275945079,0.03748299169617325,0.03203657040097457,0.013190066191916983,0.008336485785507275,0.011013438987025947,0.03369680854876528,-0.007204430489847036,0.027090649881787443,0.0041726072474785325,0.008537772207348748,0.0,0.015681383101683377,0.00785222265201635,0.021029873141734046,0.03572036024603614,0.005582916147380379,0.026018232991586288,0.03127269489055062,0.030641430173567963,0.019038123517019334,0.024316558688081136,0.01989577301183093,0.002521304359790366,0.01595333352466799,0.022396186439955834,0.010120424696682118,0.016809171159560155,0.03193731114325743,0.0078036304974676285,-5.551115123125783e-17,-0.05946891427373546,0.029111194385513184,0.02216325478321679,5.551115123125783e-17,0.0,2.220446049250313e-16,0.01400277610607531,0.012407826091984653,0.011567072544152512,0.00039425587349090074,-0.0553340689861237,-0.0001445507654403433,-0.047754855264582896,0.01795625308787846,0.0,0.0067196716434591575,0.039720677430604534,-0.035827332008532886,0.010498219152339783,0.0,0.046811483480805716,0.01030398625563217,0.018370115891247374,0.018997431375627483,-0.08929442497155266,0.005236260380622748,0.0023108396623246485,0.015148034631528917,-0.03384485754058547,0.04066321415388768,0.0,0.0264014562699334
0.027691639787788325,0.035654651765773426,0.03064511971505074,0.04306455648836921,0.05826970872042109,0.045572224219402435,0.03652892791835016,0.022705499367484894,0.06672636318340947,0.022536922762523837,0.01557063960321381,0.024712664054100997,0.027932325340985997,0.010659722761245105,0.03789957623407747,0.043675087681355196,0.008265817028375255,0.0014402928527742498,0.01348252499067737,0.03455154750205497,0.011978717181364285,0.05728888473168792,0.007589924231772294,0.022765816295172936,0.015681383101683377,0.0,-0.012492629136351463,0.031587650278408264,0.049125000515019834,0.010884111192770385,0.042545289278553,0.05455211723564396,0.04781058941557231,0.0379848675911626,0.060705527136808324,0.10269035398494725,0.01687681737442609,0.004481309018323221,0.035289094512872876,0.021767130965873627,0.01574374338231549,0.035857927705461756,0.007102216737868539,2.668798194166433e-05,-0.022567526146570538,0.03795202112266949,0.04486190499392517,0.009179651927587629,0.0,-3.600242702173073e-05,0.049013618696622296,0.01860500692651923,-0.0004317226341318814,0.003932114577557211,-0.030335141338073413,0.0,-0.024140686678882917,-3.421666706504567e-05,0.0,0.017122954352798647,0.05796475693905229,-0.009801150291382843,0.010325174897254819,0.0,0.024931634473043418,0.03696908623292422,0.02970121496404088,0.02236868057548297,-0.025141144327438192,0.009171796270308619,0.016237993094461722,0.033732081357162436,-0.007999901814992771,0.04622916749290901,-0.00025456907917675853,0.028380533456386525
