0.0,0.4312508731760605,0.24148550285693743,0.0,0.4015508151700224,0.5441632928013838,0.4109274387451869,0.45287522432378924,0.3474369792699102,0.5338175369565665,0.3397086214680067,0.7403418631226428,0.8182274343201766,0.30814351324658407,0.10167069191930814,0.558727370811672,0.2935382851336071,0.561548885220878,0.0,0.5566724742164806,0.17057422194965988,0.5494408742697345,0.36902567715412343,0.55594131579886,0.44339594477836514,0.5733159874000672,0.4569861995303151,0.6423461791361156,0.5612900782986343,0.9265693612191335,0.5557844208365925,0.44798467272281195,0.4063943218231112,0.4985032409551268,0.3184720168411579,0.3629959070288319,0.44907003811063884,0.533302830937521,0.5020141841735041,0.3967982514521964,0.068945309827939,0.4792070907768692,0.4786420617939591,0.0,0.3128100310353355,0.33063620649488,0.3975753279881775,0.0,0.0,0.0,0.4857041957143241,0.0,0.6025316960160669,0.0,0.8066475342554773,0.0,0.5460934282991678,0.7160397449829794,0.0,0.5350962942685011,0.511680347585104,0.4813579825539199,0.5598824957931284,0.0,0.3877059856674182,0.42500885202322114,0.5573234058957945,0.5060683740745318,0.6299097320703109,0.5297234806457045,0.4735049128497622,0.4961020084583592,0.4743633221382812,0.5365507178461437,0.0,0.4847140850376189
0.4312508731760605,0.0,0.5618828354139728,0.38320974697663407,0.4761163599499654,0.5525177522802149,0.47213696837650326,0.7082467159281198,0.4642376050782895,0.09392900539131083,0.30987372715608846,0.4142764096229453,0.5520280987784492,0.27365962782270137,0.47458623580089165,0.4298412522734126,-0.0491390996322732,0.5532821866537483,0.3856903618327405,0.25825860625993524,0.31041456130540745,0.4566171737860113,0.6717298135360301,0.2531642113326955,0.43884114980099653,0.3193745155369143,0.3508372866043541,0.5730417304942735,0.40000399402587394,0.5341656549012441,0.4519619300818471,0.22644685569749037,0.26010326813996654,0.3854861681276621,0.2687618424919115,0.6616611902265039,0.0003041754818511183,0.0,0.29007376614033725,0.46591110655140644,0.20235590249258262,0.4400409250178726,0.3902074921185803,0.0,0.0,0.23154013936558607,0.3903821139078638,-0.025721976628355264,0.0,0.0,0.5799547195980652,0.671227093847254,0.5578297390332614,0.6506598516982154,0.43319608588186,0.0,0.34088560800746626,0.639741449586158,0.0,0.18366195478724798,0.4373151257964842,0.16820524617013827,0.48586622293328985,0.0,0.31736102079997996,0.476782136475003,0.2562258262060383,0.5133988637912877,0.43478092102443133,0.43093415330912127,0.2973805022229496,0.44878135654665036,0.5124384772949135,0.4846289736811369,0.0,0.41189355263336547
0.24148550285693743,0.5618828354139728,0.0,0.4360725855291756,0.40018972510974826,0.4696252731078368,0.519252856611775,0.514641180034273,0.30569666822283587,0.7162181701275074,0.3601275349310853,0.5656024967108153,0.5963903465699398,0.4284355307796759,0.3717559210233238,0.4148230735723727,0.5857399987257761,0.4466206361723242,0.3665918139374352,0.37408903263261994,0.3996313872234547,0.5901276983732986,0.5106266250704459,0.4865717508911299,0.5012015949065542,0.5199389775356811,0.44047114822509337,0.6671715685584111,0.5708492175323003,0.6315762047058557,0.7007653235240949,0.696796975507938,0.3760975681863856,0.6829254727815327,0.649790118864592,0.45417121920285897,0.5031973439548071,0.1899256527320591,0.6648455595951539,0.46680240276250473,0.4262908677178183,0.44299486399238563,0.5444956641808296,0.5354200025191154,0.0,0.0,0.39042255395436276,0.6262058153715996,0.4663374995656189,0.4890141730761077,0.6103511086243725,0.4921472202177528,0.599755341780872,0.5293427494001262,0.3843170286694205,0.6743867604416095,0.40537049175472384,0.5194619076356006,0.4790691907115664,0.3877934376580868,0.0,0.0,0.0,0.5596516263105451,0.46767260370290104,0.574699779722153,0.29661768248806725,0.4754565679093627,0.0,0.5421159412510611,0.5002296577946527,0.5640488487046253,0.4225381891864987,0.6025436800996792,0.43825332511251647,0.30803486355253795
0.0,0.38320974697663407,0.4360725855291756,0.0,0.5374549631628868,0.49743177048491277,0.4225063338228296,0.5282668915397898,0.6823415779353703,0.32084697536690154,0.40831811620370806,0.29294363731351947,0.5206736005097639,0.4038141593219594,0.7105120990787451,0.23633505225352833,0.48333670885593744,0.47588272234663287,0.4817320762376488,0.38420066036653844,0.4395538701733068,0.4567506517659999,0.6791209356471164,0.30859617757932456,0.7809509612149044,0.5537089838688656,0.6517901893436832,0.46234115402675857,0.4842515489236725,0.6644536855065859,0.7891880578313615,0.5377169347048836,0.366159599760816,0.6065274518621515,0.40242445682543726,0.312474031093216,0.3790054196019738,0.35268938476762035,0.1506924332948218,0.3652519629059491,0.36903233267651653,0.14161834135589954,0.3762549085587873,0.27530036309760497,0.0,0.0,0.0,0.4837749312710244,0.0,0.0,0.5549075371350737,0.0,0.4739804278978933,0.3554781326070955,0.0,0.18279159070404058,0.6613285084257166,0.49652365054385983,0.0,0.0,0.0,0.0,0.0,0.0,0.0,0.0,0.45268002282316655,0.6247678668037681,0.0,0.0,0.0,0.47594394574626686,0.40817944099089143,0.6980749684008297,0.0,0.0
0.4015508151700224,0.4761163599499654,0.40018972510974826,0.5374549631628868,0.0,0.41774280989628987,0.37535539483044855,0.5461937127124983,0.17525409828211902,0.6915588242245563,0.21838867023545785,0.6048518697630859,0.4895169309890211,0.45922718083578884,0.3899271745576075,0.543966462570765,0.48694398067969846,0.32758101663932243,0.31038078394410407,0.41258208622634496,0.4555294285506315,0.4334065991716382,0.4909059576805318,0.5283071075763834,0.44718080468800364,0.3685664243453706,0.47231708200550954,0.533553334089288,0.5630850518047269,0.4152276465389105,0.682753440565097,0.5456174805980734,0.721464344775665,0.69604155295545,0.5679818557319155,0.47388934545512973,0.4680129875652994,0.42494617219354036,0.5695044591981552,0.7891547699447138,0.5583362768470861,0.5093585978758445,0.6836166493952343,0.5898755050318616,0.35308422229037634,0.0,0.2570882661988216,0.5703688007053489,0.0,0.5005939070710719,0.5601174175671266,0.5074313130786631,0.4725569057021768,0.42214710984689463,0.0,0.7707884192159673,0.33281232888801765,0.6238684409646662,0.4514242926195872,0.3630158041676564,0.4975072568589633,0.0,0.0,0.467525920386147,0.442536235754888,0.4425374013730531,0.4258209160090497,0.5819871257746561,0.0,0.46687781292081976,0.38267199695889953,0.506173665741461,0.4135879282549194,0.5179746902477709,0.0,0.45550809262999875
0.5441632928013838,0.5525177522802149,0.4696252731078368,0.49743177048491277,0.41774280989628987,0.0,0.49812429832286176,0.46326037185778757,0.344592930870696,0.6010914161918345,0.2206630256800784,0.5356897094193613,0.5876568795970677,0.38703448977476024,0.6718171979575217,0.7469896082975439,0.34863153768712307,0.7448707162395867,0.45886405576345907,0.48215346959125827,0.5598252368940357,0.46555594376154286,0.6273334611082813,0.671530922326745,0.6631736446235034,0.6931197596601675,0.5618368949770802,0.5075033701832583,0.524557139832828,0.6464682049617267,0.6057765122919291,0.6178972920651913,0.6372241992504687,0.5743527460290546,0.5553772552613284,0.8182729729396128,0.7175476158644918,0.43588947054108274,0.56621539767877,0.39640855804516384,0.4764192018688329,0.6337328669181888,0.6133206018110334,0.6089897541019662,0.20942912762939817,0.5336900116185397,0.5907499850501452,0.6329114419166809,0.6379637040913775,0.43655834455105785,0.5872492518863481,0.5319764821634494,0.7257602681096187,0.7714659205333791,0.5072916647531917,0.45568843949295634,0.42070074505526744,0.7103935929508731,0.6061705825461343,0.4314711567164276,0.5567939485800301,0.0,0.4879939007757679,0.4911910417298837,0.4454719744634372,0.3530166080140208,0.49133556921556,0.541773211235415,0.5033798184752807,0.430702941849462,0.47104612762827747,0.5403116865031573,0.5820564260351089,0.4752571506217443,0.42091323009458914,0.5019577201387228
0.4109274387451869,0.47213696837650326,0.519252856611775,0.4225063338228296,0.37535539483044855,0.49812429832286176,0.0,0.4148972868407171,0.4755900709188058,0.5033130808078431,0.4955303401926173,0.5590954038505442,0.49041499788393583,0.3861705799538109,0.4820435321280553,0.5994379130161371,0.3318467983373258,0.6091104873482469,0.47955330853573575,0.4111357648407598,0.3849687212586501,0.4262578960981795,0.5269140860080423,0.24360280533922699,0.5861233510311316,0.5839810208414313,0.46164145262199446,0.40647176535126833,0.4968397083844007,0.5573767756021304,0.6159728248486529,0.6040717130195379,0.6400188694509634,0.5235796839030642,0.4368320840333244,0.46350764631398333,0.4259171340496879,0.42276669963719493,0.6009737190204043,0.31376679492499043,0.6585473601909833,0.9140938676953589,0.4670993096892628,0.44001939815850233,0.2940918095815885,0.0,0.5023949904611341,0.12194640122182063,0.0,0.5372174757668419,0.5276410085240428,0.5475223805349985,0.4927661401288994,0.5995253737258319,0.5008458643875263,0.4428778628537384,0.6025641735284859,0.48171670461107013,0.4183705693742006,0.37513069022592277,0.3502898382455524,0.0,0.4887536479903073,0.5943512169217862,0.5892993439825636,0.6829827278538094,0.5868594166186835,0.5592933673189279,0.46615894538486896,0.4232658778326705,0.5261123449292728,0.5381908385873482,0.5557050806054142,0.48820796955354195,0.5612607592988558,0.4792308303165391
0.45287522432378924,0.7082467159281198,0.514641180034273,0.5282668915397898,0.5461937127124983,0.46326037185778757,0.4148972868407171,0.0,0.5537517713207873,0.47930878053623105,0.42232291513007425,0.8239520017019948,0.5160935538728415,0.5409707779091844,0.4340163357417301,0.5977167179654215,0.4044071373072776,0.6670724105066161,0.4049550703654401,0.6485250903641359,0.3936232971495013,0.535435037355332,0.5724731541783028,0.41087569994958006,0.6436276271707673,0.6446959706558973,0.6440685968943297,0.5281609652532511,0.4437426438832242,0.5448330079840096,0.5754888325865699,0.6280802460693449,0.616522999893417,0.5350016538116619,0.37107656510148357,0.6188105181775003,0.6283631256254861,0.45158458221085096,0.5402528466494809,0.2981342236011654,0.3232059779942279,0.4609425369882182,0.6067330442257114,0.3881979585310351,0.0,0.5095460644167107,0.22774737650765733,0.4878743792654921,0.0,0.4014645116243676,0.7283998847172473,0.5836433840862297,0.505078005330406,0.41133403194249263,0.65481949971398,0.5070760419119935,0.9178660529013725,0.6007305523222382,0.6845787867989384,0.5875988238313349,0.20622936148419363,0.0,0.6053846227098232,0.47259980892043585,0.5511985594450663,0.7111040623524154,0.44150982906436564,0.6388245271608345,0.0,0.4995432618321176,0.3941769730563348,0.6484929906963895,0.4865618835520535,0.6123252299874482,0.4853569002305459,0.4127249467563295
0.3474369792699102,0.4642376050782895,0.30569666822283587,0.6823415779353703,0.17525409828211902,0.344592930870696,0.4755900709188058,0.5537517713207873,0.0,0.5745411209689282,0.14514697120762263,0.6195328063366324,0.70748808583817,0.5226009712328591,0.653632233866752,0.7648406461461505,0.4566600417015887,0.5480012058269325,0.29072443011810695,0.5102925482797929,0.43007184393441444,0.5112876645744925,0.5940020602698621,0.5511516284935506,0.5062418491373962,0.681541555138157,0.42519332584496405,0.6215903595280824,0.520819593231504,0.725149285078367,0.6387539508149143,0.6783331803646238,0.6534582839621215,0.651592249769279,0.6303486004990919,0.6708199635036619,0.668498205053685,0.6423327798287322,0.5446082470254378,0.5617762155076118,0.3957633954603028,0.3308403051824994,0.5329508249330657,0.46146547325529796,0.35786114033793703,0.0,0.40558193188369795,0.48716410599691506,0.462983395482934,0.6675548182081109,0.5504963515267041,0.6181557230778749,0.5729573827247221,0.5208555438428744,0.25303982870255953,0.483925980239042,0.36581422900180405,0.4807441342989227,0.6954308686116624,0.39479042150561827,0.5602769142056706,0.0,0.0,0.3960909629238822,0.7208266670889265,0.5532111514416628,0.6503271659850287,0.5093502487517455,0.40787402005386353,0.3713956605550025,0.2458399911791136,0.4976026719490123,0.504051585080175,0.6147882916115104,0.3321474683912788,0.6045508873631773
0.5338175369565665,0.09392900539131083,0.7162181701275074,0.32084697536690154,0.6915588242245563,0.6010914161918345,0.5033130808078431,0.47930878053623105,0.5745411209689282,0.0,0.5594283639194378,0.5760262780733186,0.5424777775506839,0.18204863160225085,0.5480478967043154,0.370238010428721,0.5683818277160987,0.5116023727079315,0.539082026297286,0.9359848848134761,0.31164488747912394,0.214527458617346,0.4773678420879596,0.4619376364909611,0.5959358510145152,0.5421725158576095,0.5055189655579742,0.5473463931339124,0.32809977677423874,0.32475950434370165,0.5716985896638305,0.24900935522733092,0.5292375147648155,0.576048078003365,0.159021194521939,0.3335028464890245,0.8038008404520199,0.4058342371096009,0.771974711326053,0.28897912565509376,0.3565596875325201,0.4490008668512586,0.3962773364486052,0.31601041918984124,0.23950257747263964,0.5650708757147007,0.4424996985377558,0.36343734231241565,0.45646146257358294,0.41085388582391424,0.4276607922895946,0.14743979623732392,0.7110612647387737,0.41203667284247325,0.5698958999186219,0.36525865862087536,0.5578065071283768,0.41273193652835544,0.0,0.5836170318668662,0.2641427970108462,0.6040500372240769,0.6122774773654971,0.4700946337404861,0.4762014867016599,0.4946981545281682,0.495582989492271,0.5057182275307499,0.36941895013858894,0.6213756718865221,0.5900703325970753,0.4755493741828011,0.2956162215866616,0.3641485984885908,0.0,0.5454625764925665
0.3397086214680067,0.30987372715608846,0.3601275349310853,0.40831811620370806,0.21838867023545785,0.2206630256800784,0.4955303401926173,0.42232291513007425,0.14514697120762263,0.5594283639194378,0.0,0.42179656212842404,0.5149859848307354,0.3276528442719788,0.0,0.46616978439176004,0.7641440249818973,0.5143704595932962,0.2742085418527803,0.49752741656696153,0.05152117109085774,0.45827985780508107,0.4881779255824465,0.3029851610714325,0.5415084699676105,0.5907387806258544,0.43270154767620284,0.48595947539370354,0.36836020433138816,0.439608062316287,0.5615642167804493,0.5009084977678715,0.612090276416312,0.6197641355086608,0.5195940910201534,0.28939762612794895,0.5028924934825426,0.45086652309468,0.5598841809884624,0.13415517027186516,0.5685120793169316,0.4102333300126383,0.5820039416858254,0.501855282943601,0.2897584306130452,0.0,0.0,0.37358050862779,0.47310674425325694,0.44922497656450056,0.5884122017960561,0.35474527727006167,0.5433402789362713,0.36086695676237024,0.36839149552673506,0.5231885412008163,0.17173803979301475,0.4681733080600631,0.44400001617064966,0.0,0.0,0.0,0.0,0.6386696454538152,0.22516416353368,0.0,0.5649073206374007,0.2880905433877303,0.0,0.0,0.9364478605497832,0.37650613475728656,0.40824363859629853,0.16153908572051184,0.0,0.4655295531956166
0.7403418631226428,0.4142764096229453,0.5656024967108153,0.29294363731351947,0.6048518697630859,0.5356897094193613,0.5590954038505442,0.8239520017019948,0.6195328063366324,0.5760262780733186,0.42179656212842404,0.0,0.5306702517833287,0.3541268661627537,0.6453863419013143,0.5329992876761052,0.7976319937574528,0.811587847800969,0.5352360238422347,0.6546589016816302,0.7171610847950411,0.254549341263237,0.5941171085771724,0.40842784723646364,0.6963417745546677,0.44837419979213367,0.5287528564186905,0.5237598020016548,0.5643058645969963,0.1661140593421683,0.46563510432367494,0.4016070620004888,0.5961783819824811,0.3750748595492253,0.40154302929124064,0.29572974231549515,0.3458727560404917,0.21401977214628368,0.4179395510376989,0.5155546312481405,0.4986972297142429,0.3637074119857553,0.44515296044005925,0.24088468490616385,0.4305174684416062,0.3350291684884072,0.655201228046717,0.29526035271775825,0.18775142828991165,0.18523102689508536,0.27125501719759104,0.37616900947006077,0.3665561015399517,0.3845198481958857,0.7343434916588664,0.29101847708264966,0.7707607067518992,0.4691479443517101,0.5274333644924221,0.517170194491599,0.3896503352708347,0.6385929578410394,0.7129361704149438,0.26511371001879314,0.8139832786826912,0.7842276228700563,0.49848085399802156,0.477225478574985,0.5318202549063674,0.7055759380656939,0.6445908974570809,0.2878161876739034,0.5773124685362274,0.5089914281679522,0.0,0.7091616900018214
0.8182274343201766,0.5520280987784492,0.5963903465699398,0.5206736005097639,0.4895169309890211,0.5876568795970677,0.49041499788393583,0.5160935538728415,0.70748808583817,0.5424777775506839,0.5149859848307354,0.5306702517833287,0.0,0.42058647144349426,0.6177548910489208,0.6872520621023908,0.5649134499092926,0.7427081160549085,0.5277818760427578,0.6063520645538749,0.5607780121163803,0.5583926287280165,0.5879836235954208,0.5028262594228349,0.6692458847093299,0.6682745413001049,0.5660063581021543,0.5823793714473577,0.5886421460848488,0.46269739953985367,0.4673437399842221,0.580674240682005,0.6852046429886645,0.5764129089204013,0.390642233708438,0.4192649987803203,0.4678464602212557,0.3498321716877173,0.6042664026768287,0.4688562803635998,0.7085225938842465,0.5900839306683163,0.4617285829277158,0.3709984124353818,0.35151714497066316,0.6689541194462683,0.6083338991236966,0.5243413856717902,0.0,0.5714188492936783,0.5515283394980037,0.5142762904891236,0.6514332236886384,0.5973783799167082,0.5319071777341354,0.45030933496253817,0.20275009501280963,0.5634029713983753,0.3331823541317486,0.5121036488782871,0.47785924025219684,0.3810889900270069,0.5538476063043294,0.5356403791997931,0.43539807648174506,0.6076971589833351,0.5463554784263972,0.6362782341388441,0.41864306413719227,0.48397274264476176,0.5768675943066242,0.6104732222201524,0.5341538637499443,0.4520773434806569,0.4577715755271668,0.09270822567936782
0.30814351324658407,0.27365962782270137,0.4284355307796759,0.4038141593219594,0.45922718083578884,0.38703448977476024,0.3861705799538109,0.5409707779091844,0.5226009712328591,0.18204863160225085,0.3276528442719788,0.3541268661627537,0.42058647144349426,0.0,0.3245052185154713,0.5743228019937435,0.45974948171724794,0.464305415853842,0.3678128117266958,0.39064423618970323,0.2783011379605731,0.1917325456863367,0.5222127660104844,0.42303982192464423,0.36637969473227777,0.26777148201639783,0.5373306417445729,0.35831827117403137,0.2594682613810258,0.4478507951894922,0.44584228559875866,0.31710513867292134,0.35870893168303597,0.716345540312814,0.3396966642545337,0.28986364616113114,0.30045674290962165,0.3997711015460571,0.662277110285173,0.0,0.6654677354516263,0.6408422696664597,0.5229999142867785,0.4656182584126918,0.0,0.0,0.0,0.2840325399609226,0.0,0.6232583602417652,0.7188394875476016,0.060659299599562844,0.5263457164791662,0.2648699111070686,0.0,0.7476430994451948,0.35315424056750944,0.710255792797289,0.5272366276519862,0.0,0.0,0.0,0.0,0.36049859858588995,0.0,0.0,0.0,0.49026811758575545,0.0,0.0,0.0,0.5985108222154661,0.6943175537628872,0.0,0.0,0.0
0.10167069191930814,0.47458623580089165,0.3717559210233238,0.7105120990787451,0.3899271745576075,0.6718171979575217,0.4820435321280553,0.4340163357417301,0.653632233866752,0.5480478967043154,0.0,0.6453863419013143,0.6177548910489208,0.3245052185154713,0.0,0.5961705798593898,0.28625119911099317,0.5200593069881262,0.0,0.4771003832081906,0.19880634192829605,0.39583212536367696,0.4146790256261048,0.4210813277879342,0.44254976834610005,0.28184946896913105,0.5177636059540782,0.6301010432123916,0.5454514619391883,0.44187723690812786,0.5846797651817511,0.4243715075167227,0.5137552965647062,0.4597486687166108,0.48558910983767106,0.5983133661462346,0.31389619545954384,0.36211954421377923,0.26276274778225683,0.44855346207281255,0.33070068234196637,0.29945675851802006,0.5124094163394657,0.7222024188254492,0.0,0.46275341216672583,0.42817540344224914,0.46752462226971264,0.0,0.0,0.5002000634510169,0.5353732274909033,0.3013865132425553,0.5711997999969349,0.0,0.0,0.5205635899902147,0.5460755810231757,0.47165381890268776,0.7421819818663721,0.5214660741233055,0.544398197359877,0.7242444511049826,0.0,0.6075797992665493,0.3986630531693432,0.6995421275467981,0.647793446429489,0.45358416831040305,0.5392894687078281,0.36585531860098947,0.4756578155926022,0.19956512101007745,0.4213912566999405,0.42969509533164574,0.19756185749568123
0.558727370811672,0.4298412522734126,0.4148230735723727,0.23633505225352833,0.543966462570765,0.7469896082975439,0.5994379130161371,0.5977167179654215,0.7648406461461505,0.370238010428721,0.46616978439176004,0.5329992876761052,0.6872520621023908,0.5743228019937435,0.5961705798593898,0.0,0.4302712910169652,0.7114939446397175,0.5009899562654807,0.407579009426302,0.42335933595066333,0.5392174277667041,0.558232942382179,0.6237740630484627,0.621218014822756,0.44977895430735093,0.5170228342830895,0.6526031993011636,0.5850166201538471,0.5983964584402768,0.5611522664297549,0.3098965134909025,0.21519537833356953,0.5304665124133212,0.4334232361064691,0.6457426497889004,0.346987431117987,0.3329869039257972,0.557130902608281,0.5974735087321723,0.579472092566319,0.5658053481607841,0.47262489957319787,0.0,0.0,0.34505544368482854,0.6310881440094642,0.0,0.0,0.0,0.5694668165842139,0.5576820901580051,0.6652533479685822,0.0,0.6827511716695465,0.0,0.41061361466311885,0.7178842196063375,0.0,0.5242840079193207,0.6619891026492984,0.5891361460092787,0.6041637618954205,0.0,0.5019911373482435,0.43751714284457643,0.4693612943089479,0.6142102805146858,0.6525281500616853,0.5911068299165974,0.614931021353843,0.5495389198683808,0.3641234319154433,0.46315979467491436,0.0,0.5190057964929449
0.2935382851336071,-0.0491390996322732,0.5857399987257761,0.48333670885593744,0.48694398067969846,0.34863153768712307,0.3318467983373258,0.4044071373072776,0.4566600417015887,0.5683818277160987,0.7641440249818973,0.7976319937574528,0.5649134499092926,0.45974948171724794,0.28625119911099317,0.4302712910169652,0.0,0.5541874268409137,0.7118094880718806,0.4492485697747154,0.7396737568859664,0.533680707459226,0.2970498816438857,0.5993917396647428,0.5984495449880225,0.5975697605496328,0.47480067956307004,0.7187619414326998,0.3036565659093771,0.4317969728691964,0.45673781934051083,0.32583722498032686,0.40815112529899317,0.5828882485955769,0.4134524422767019,0.5222764799175442,0.3478567219154157,0.19740905392386685,0.46655640503775475,0.09758471949788228,0.6414478637559689,0.5484088415756037,0.0,0.0,0.636566915288497,0.705930770788176,0.7430034456983357,0.0,0.0,0.0,0.0,0.0,0.0,0.0,0.4768369172949358,0.0,0.41767841986723003,0.4782966898120231,0.0,0.5794839912943675,0.4604214787123443,0.6651809420166759,0.5139076612185924,0.0,0.0,0.0,0.7139340873207779,0.0,0.5253477009081008,0.5918158541505508,0.5578726454524676,0.0,0.27218183506150956,0.46371713405729686,0.0,0.6970699893399741
0.561548885220878,0.5532821866537483,0.4466206361723242,0.47588272234663287,0.32758101663932243,0.7448707162395867,0.6091104873482469,0.6670724105066161,0.5480012058269325,0.5116023727079315,0.5143704595932962,0.811587847800969,0.7427081160549085,0.464305415853842,0.5200593069881262,0.7114939446397175,0.5541874268409137,0.0,0.4790716356296624,0.4563476926215966,0.5386982777523908,0.5767499019255503,0.5617686609174222,0.6199319634314977,0.6422672157604694,0.5382963101179947,0.5211613824068527,0.6315590675246348,0.6066432215555944,0.3312286941214273,0.519461294033084,0.363990523657919,0.4411547784297952,0.7360216220381927,0.4120129642034832,0.6184924230132851,0.3956364782080867,0.4665533156259114,0.5921156478174481,0.46827075469759727,0.43468660739112336,0.6009897361419385,0.0,0.0,0.6890616654262428,0.5552734561122659,0.5957721346170797,0.0,0.0,0.0,0.5506445445794508,0.4861674169098098,0.6266900418563801,0.0,0.46974596421700177,0.0,0.5211767097872368,0.5649807817824608,0.0,0.570465050109245,0.572735451322923,0.7721962671348039,0.633740599971494,0.0,0.36272284764798357,0.6142045276743614,0.4958259016094064,0.7088828492796948,0.575419476253531,0.6159453347488189,0.6478950376728212,0.3797624982040639,0.667329906898495,0.36698299061381406,0.0,0.5377128610027968
0.0,0.3856903618327405,0.3665918139374352,0.4817320762376488,0.31038078394410407,0.45886405576345907,0.47955330853573575,0.4049550703654401,0.29072443011810695,0.539082026297286,0.2742085418527803,0.5352360238422347,0.5277818760427578,0.3678128117266958,0.0,0.5009899562654807,0.7118094880718806,0.4790716356296624,0.0,0.4579791831989037,0.47806616615674025,0.40057819015051055,0.3769811476388826,0.516696533192111,0.4381136046178271,0.5033221732205958,0.43002808089745237,0.5955958996915565,0.4418777311022986,0.7507257719105885,0.6247397986907858,0.70057905184349,0.6199713800230718,0.6561411897899089,0.5474469629526344,0.33204502195841895,0.4868883702930468,0.42229956406978864,0.6125776257017154,0.4460970056919401,0.4558396300447888,0.3018294553196232,0.6533077966860381,0.5116318456417723,0.05408874034936834,0.0,0.0,0.5280015489457234,0.0,0.4507149900974743,0.5050984863997727,0.461593573680179,0.5064380962281798,0.44956803243735965,0.6481942274953572,0.6472435169594913,0.3986655430687601,0.4016082798995445,0.37960650549590214,0.0,0.0,0.0,0.0,0.5408913904069611,0.4728593237508802,0.0,0.44490082839561307,0.3980317417902349,0.0,0.0,0.0,0.46324342681577346,0.5457769162712132,0.2856612242449541,0.46768212691331124,0.4438937744085275
0.5566724742164806,0.25825860625993524,0.37408903263261994,0.38420066036653844,0.41258208622634496,0.48215346959125827,0.4111357648407598,0.6485250903641359,0.5102925482797929,0.9359848848134761,0.49752741656696153,0.6546589016816302,0.6063520645538749,0.39064423618970323,0.4771003832081906,0.407579009426302,0.4492485697747154,0.4563476926215966,0.4579791831989037,0.0,0.4252558411344056,0.4782052854378027,0.5946824084095137,0.756960919354263,0.4079172795723343,0.4200490614935922,0.42424791128889994,0.6671021020304014,0.40272013400631973,0.8217666577566868,0.5153420504290598,0.3890335050032032,0.24005226584006417,0.35103656775287373,0.31024546692353744,0.5268897394121429,0.3874094955874357,0.7362552715171337,0.24496508136415152,0.25713802299738026,0.355252661105977,0.23362773874358606,0.49474922254852305,0.4216491409435663,0.33763145645878817,0.6003787639517115,0.44075726814379346,0.48332651616608413,0.0,0.0,0.29918188011088565,0.4367776397621181,0.3383927737252195,0.5232878779449655,0.7721510621944723,0.0,0.30704860258019906,0.5170108652616576,0.0,0.4417013762154476,0.535801166451152,0.47503435187143783,0.6093799571960923,0.0,0.33971748687484726,0.30907015857199505,0.4005499616202145,0.5129766634079352,0.0,0.41909486221755493,0.26975867947832444,0.434780104113393,0.35727040067469346,0.384468331133096,0.5253304389608658,0.34119995443845064
0.17057422194965988,0.31041456130540745,0.3996313872234547,0.4395538701733068,0.4555294285506315,0.5598252368940357,0.3849687212586501,0.3936232971495013,0.43007184393441444,0.31164488747912394,0.05152117109085774,0.7171610847950411,0.5607780121163803,0.2783011379605731,0.19880634192829605,0.42335933595066333,0.7396737568859664,0.5386982777523908,0.47806616615674025,0.4252558411344056,0.0,0.38662163970279234,0.47942583385350845,0.39982405431392,0.4459098656520908,0.2776025862094661,0.5346643410604521,0.5396007435820035,0.4831798619399361,0.578202501987908,0.42489748909115677,0.3166452978530751,0.3175872532143959,0.22308440316246425,0.34655442466792585,0.33259264151532386,0.4032758458854597,0.2735159800648497,0.27590054518573853,0.4256177990865204,0.4169165617138521,0.3320814545904384,0.36010667271371416,0.0,0.0,0.3520408462686173,0.42325666594222244,0.4134244763337507,0.0,0.0,0.552468264268989,0.44426248070222096,0.6937856812402796,0.6298609930103535,0.5932571525618922,0.0,0.8430951415359473,0.3687482153909958,0.0,0.45757342623456415,0.4972161742304833,0.0,0.5502449148019037,0.0,0.4727914828372961,0.41229927967761093,0.47193065555082203,0.5599974326338208,1.1857826789270254,0.5160469670760308,0.447792275173183,0.49016774886904585,0.49674442206786196,0.5520522618233725,0.22259359060525655,0.2255361100765047
0.5494408742697345,0.4566171737860113,0.5901276983732986,0.4567506517659999,0.4334065991716382,0.46555594376154286,0.4262578960981795,0.535435037355332,0.5112876645744925,0.214527458617346,0.45827985780508107,0.254549341263237,0.5583926287280165,0.1917325456863367,0.39583212536367696,0.5392174277667041,0.533680707459226,0.5767499019255503,0.40057819015051055,0.4782052854378027,0.38662163970279234,0.0,0.6821805667349935,0.4068906945042049,0.5282899131696063,0.49019257014220385,0.4710391476539868,0.6811278588971307,0.35441233757154306,0.6520283064566158,0.7691946535477912,0.6209270905724181,0.585572003781754,0.7786186710163869,0.6130218952515041,0.7033730071079947,0.7552698398883191,0.5099276106279278,0.38527808808483394,0.5926695784467859,0.5516398472759787,0.4535153234664706,0.43763090368489976,0.21038632062772247,0.38013682811864,0.24707634225329392,0.48264689790388293,0.4965094865562786,0.46967694729712817,0.40161028992412934,0.4924811701383572,0.5884863981742622,0.6641519074985531,0.6701297034016951,0.30504975225209774,0.0,0.9060286492454159,0.5421364689142174,0.0,0.6321414534928145,0.494310734078144,0.5736754427548273,0.5175833339203454,0.0,0.37686794352257114,0.5369473412149816,0.6371334532757678,0.4526006765118693,0.44672924169677825,0.1954059740486924,0.36884312171918376,0.4251127601349416,0.5454052346151976,0.40096804253976726,0.564917894252035,0.566982355923025
0.36902567715412343,0.6717298135360301,0.5106266250704459,0.6791209356471164,0.4909059576805318,0.6273334611082813,0.5269140860080423,0.5724731541783028,0.5940020602698621,0.4773678420879596,0.4881779255824465,0.5941171085771724,0.5879836235954208,0.5222127660104844,0.4146790256261048,0.558232942382179,0.2970498816438857,0.5617686609174222,0.3769811476388826,0.5946824084095137,0.47942583385350845,0.6821805667349935,0.0,0.39846510749818453,0.6422468695511934,0.45470778189669336,0.6128073691467333,0.5347493451800641,0.4597380576339371,0.5037186323042684,0.5797818579659524,0.5381500251477971,0.4920384855044636,0.523095173761066,0.4283240748526931,0.5669129575411793,0.6286401278845625,0.3673712484920633,0.5249350972666316,0.4035167801503883,0.5211001952821883,0.4962429594534776,0.7341856224591542,0.5554151156614477,0.38114878092597515,0.3788764498396858,0.4712089098689414,0.7343907266816736,0.33507393124206636,0.6071817595889955,0.6968047109296908,0.6027660052757942,0.7581248073684117,0.5848880772236691,0.5331341958185724,0.7510644357437128,0.36773664210614004,0.6052067387905309,0.6764224999984599,0.5485355348783736,0.533212263910071,0.47620148670166007,0.6013114164799866,0.7101566470947658,0.4900417458904113,0.5252223711328634,0.5683364583037432,0.7404432665517854,0.33530478590636315,0.5301268251377791,0.4563956943045552,0.5788446741916715,0.5708497673621743,0.5560836040372428,0.5787877196538577,0.5078313032266262
0.55594131579886,0.2531642113326955,0.4865717508911299,0.30859617757932456,0.5283071075763834,0.671530922326745,0.24360280533922699,0.41087569994958006,0.5511516284935506,0.4619376364909611,0.3029851610714325,0.40842784723646364,0.5028262594228349,0.42303982192464423,0.4210813277879342,0.6237740630484627,0.5993917396647428,0.6199319634314977,0.516696533192111,0.756960919354263,0.39982405431392,0.4068906945042049,0.39846510749818453,0.0,0.6644504171434666,0.4707624120179635,0.5689384556931788,0.5696993826356214,0.5516959171598242,0.5953875304944058,0.6354995844735882,0.3377274472940912,0.43654571346781357,0.39588848049005976,0.4050974109165585,0.127541728139084,0.38934608746386873,0.11584509340280819,0.677349445282518,0.3830220844811265,0.17005592662461214,0.6096175220353233,0.5918564944007243,0.32416567326091955,0.0910291308667267,0.34578138958463206,0.5160491043362733,0.0,0.0,0.4830666790259721,0.4756492845268494,0.397891341908339,0.0,0.29432897115263523,0.3516464013082574,0.4884658754613527,0.2762918453218653,0.46868054763894895,0.0,0.36314200288879017,0.6004581010320946,0.47754107049145883,0.40187613189930405,0.4635349659149115,0.4039071633827749,0.6171916446590274,0.38404227030882376,0.6833423675405037,0.2812902926002391,0.5025200616310525,0.47349503678941507,0.3898358534915125,0.5423699680446801,0.7604687617934578,0.0,0.5483634310694889
0.44339594477836514,0.43884114980099653,0.5012015949065542,0.7809509612149044,0.44718080468800364,0.6631736446235034,0.5861233510311316,0.6436276271707673,0.5062418491373962,0.5959358510145152,0.5415084699676105,0.6963417745546677,0.6692458847093299,0.36637969473227777,0.44254976834610005,0.621218014822756,0.5984495449880225,0.6422672157604694,0.4381136046178271,0.4079172795723343,0.4459098656520908,0.5282899131696063,0.6422468695511934,0.6644504171434666,0.0,0.32528058812878063,0.4959446827202792,0.694465489076425,0.6064198364883715,0.36170478816074025,0.5333285963132768,0.20748753201571346,0.4764074814906262,0.5103987401182157,0.39369671648909144,0.3673615830366386,0.598744773608821,0.37063039846059476,0.45301832686946736,0.4291923824315554,0.3420460962873325,0.5690429057458254,0.15247415230220013,0.0,-0.059810245497421644,0.4387774944089645,0.4924869743837993,0.0,0.0,0.0,0.48557868527648995,0.35854921059874045,0.6172416123455755,0.3886947067366035,0.5621865813559515,0.5058581591207711,0.5789120197486292,0.39377914775279044,0.0,0.211982302308575,0.481521134203413,0.6949085102007803,0.5746465633795279,0.0,0.4361640784321263,0.3834417550647615,0.36326961716279416,0.3707923403785071,0.5491902871446183,0.524504508797105,0.5205907891079283,0.5033084612748872,0.5921100605731171,0.34858703488323267,0.0,0.3840112998456539
0.5733159874000672,0.3193745155369143,0.5199389775356811,0.5537089838688656,0.3685664243453706,0.6931197596601675,0.5839810208414313,0.6446959706558973,0.681541555138157,0.5421725158576095,0.5907387806258544,0.44837419979213367,0.6682745413001049,0.26777148201639783,0.28184946896913105,0.44977895430735093,0.5975697605496328,0.5382963101179947,0.5033221732205958,0.4200490614935922,0.2776025862094661,0.49019257014220385,0.45470778189669336,0.4707624120179635,0.32528058812878063,0.0,0.5675098867638123,0.6528584394789347,0.6305982196305431,0.4846534445929865,0.43832434592149483,0.3962857716912232,0.5343863932093926,0.5164545079752294,0.4302649123885655,0.7025109735476359,1.028916296878585,0.5867665570555325,0.4707592212300902,0.4508853440961922,0.5151188919954418,0.44838079836877603,0.32252908872550135,0.5049502388581937,0.265021488701901,0.40463896042527153,0.5869150787886439,0.746306872335242,0.0,0.028931681127004633,0.5407973775249089,0.5206312777070968,0.33076946372252125,0.6029119262017028,0.5934100457830408,0.0,0.5970598387232525,0.6623698799065176,0.0,0.5779088237913266,0.6131370179025659,0.6308126101162819,0.5680947200702015,0.0,0.4725252090319056,0.5200934401376177,0.6065706609013701,0.44723582993233774,0.44941878146984787,0.5628769074304967,0.5120921002883365,0.5190119897919556,0.6005221175985478,0.5854406924324911,0.4751789875697246,0.4688378893481867
0.4569861995303151,0.3508372866043541,0.44047114822509337,0.6517901893436832,0.47231708200550954,0.5618368949770802,0.46164145262199446,0.6440685968943297,0.42519332584496405,0.5055189655579742,0.43270154767620284,0.5287528564186905,0.5660063581021543,0.5373306417445729,0.5177636059540782,0.5170228342830895,0.47480067956307004,0.5211613824068527,0.43002808089745237,0.42424791128889994,0.5346643410604521,0.4710391476539868,0.6128073691467333,0.5689384556931788,0.4959446827202792,0.5675098867638123,0.0,0.5662262016738129,0.4298640278792329,0.4576582831590783,0.4636490224925208,0.5305090241376605,0.4238464770319076,0.4688261459882632,0.35804388134758736,0.5277110835898614,0.7239457695602463,0.4713179993913762,0.5047929604089931,0.4811319623916426,0.4933344025840818,0.3900060285979172,0.6197629213945628,0.5601655453917077,0.21874112017964517,0.37937575530521483,0.34709512026087985,0.48612379269974537,0.2973005995798456,0.4956602606723104,0.6086765714677577,0.732230395900596,0.649339624832586,0.5374805230458486,0.5341703089644512,0.6403233273212332,0.21576217148307952,0.6034582638755445,0.6972677607107054,0.4465824500141457,0.6749294610384889,0.0,0.5318065886248022,0.5168399920451633,0.5001857947176426,0.47144785274135803,0.3797862553751983,0.5590235396462726,0.0,0.6185647299698223,0.2620532104595194,0.5706779865316545,0.6017486463220224,0.5514332313129491,0.36376720628905573,0.4609438869381852
0.6423461791361156,0.5730417304942735,0.6671715685584111,0.46234115402675857,0.533553334089288,0.5075033701832583,0.40647176535126833,0.5281609652532511,0.6215903595280824,0.5473463931339124,0.48595947539370354,0.5237598020016548,0.5823793714473577,0.35831827117403137,0.6301010432123916,0.6526031993011636,0.7187619414326998,0.6315590675246348,0.5955958996915565,0.6671021020304014,0.5396007435820035,0.6811278588971307,0.5347493451800641,0.5696993826356214,0.694465489076425,0.6528584394789347,0.5662262016738129,0.0,0.4692516297926122,0.46718875492912537,0.659975214979013,0.5500006969652154,0.7630831387513819,0.5441902098580673,0.49821636523115453,0.6044472562263385,0.4914106864760746,0.4060995685270363,0.5113583672027094,0.3232550509350333,0.6412099207242467,0.5067844013430143,0.4624422844013629,0.389290013071509,0.650440732491217,0.6979906555442277,0.4769100974182949,0.5163460404179907,0.0,0.5735881443340121,0.6664815888567406,0.5344921994124754,0.6623099186528216,0.5400226642163418,0.2878128400810497,0.49924525650174173,0.08903710556236955,0.5065088731610858,0.4524857549823087,0.4578026405992209,0.39982622912609267,0.313748050982784,0.5519777500341321,0.5286323641962984,0.4507124703252946,0.6204973661300792,0.45549645292749186,0.6438603592155958,0.6054498683558123,0.5884541723524365,0.39101052882186393,0.6232210671067432,0.5969168486246783,0.5176260758912347,0.4890826433449914,0.48261580948457206
0.5612900782986343,0.40000399402587394,0.5708492175323003,0.4842515489236725,0.5630850518047269,0.524557139832828,0.4968397083844007,0.4437426438832242,0.520819593231504,0.32809977677423874,0.36836020433138816,0.5643058645969963,0.5886421460848488,0.2594682613810258,0.5454514619391883,0.5850166201538471,0.3036565659093771,0.6066432215555944,0.4418777311022986,0.40272013400631973,0.4831798619399361,0.35441233757154306,0.4597380576339371,0.5516959171598242,0.6064198364883715,0.6305982196305431,0.4298640278792329,0.4692516297926122,0.0,0.430678022959575,0.5569435325225957,0.5234869458543091,0.31613412845867306,0.45187953327922675,0.3546343570401892,0.5131141385181244,0.6543225831967857,0.5675589854729948,0.47936612557907166,0.45712558666182285,0.4745727154605506,0.3999277613645291,0.2675700649662346,0.4530548081490368,0.39502430280738243,0.48349656884833636,0.4683695558970571,0.4976628307854519,0.4394679890380006,0.3741053008909596,0.5301931608818451,0.5255111900562666,0.5851857367830612,0.4215254528542862,0.6469913797065081,0.39179614433007637,0.35691533147391197,0.4598948693339624,0.5848937754184627,0.4924619995070213,0.588822968059667,0.4694681519673446,0.5339050594364421,0.42613755140671034,0.4139644595655474,0.46004484823579306,0.448419146552708,0.6198447025262726,0.45342079357642506,0.5669267988367486,0.4233308200703668,0.5816457832217381,0.4595738622975321,0.4079607214459272,0.4274004109733472,0.4392288372565717
