0.0,0.7627898385230871,0.3879949886401337,0.0,0.6414593540646811,0.5495495185188561,1.0050821802378633,0.8133158708701578,0.42790000062309985,0.680869759360968,0.5075600213271804,0.6678595081648957,1.0486348847061766,0.7581672846245617,0.5059576373298488,1.0121232678013679,0.30464314073784154,0.6066130954669734,0.0,0.6242239120355386,0.5792026734392203,0.9108406846259928,0.597742055807569,0.651875282671928,0.541579735565598,0.7527054265942943,0.48936213379592364,0.7874435884270545,0.7354302170652465,0.4919514307538651,0.8743006513360501,0.9941848979938545,0.811038670878835,1.0386003198310094,1.0171548351567996,0.7517479079273555,0.48907122984265805,0.496993891361143,0.5721129865100208,0.35695882574146004,0.6414492970889938,0.6250110592781075,0.47343113333090425,0.0,0.34899949024101373,0.25340402174086496,0.2685549294818288,0.0,0.0,0.0,0.5718725023139011,0.0,0.6536267275118892,0.0,0.08369642041798397,0.0,0.5657446495312042,0.8216059764294816,0.0,0.550011540458311,0.5246416030110714,0.2931428419432209,0.3621583888159494,0.0,0.6194748112983021,0.09311471877467736,0.6739168757068255,0.5861167416112121,0.6256679170646733,0.3721146424778251,0.3850024201456816,0.4501142273397684,0.44852386083748297,0.6430878734147225,0.0,0.47143177292232485
0.7627898385230871,0.0,0.7062486906396922,0.396273697250232,0.7784490505278949,0.7422644324928337,0.8114089459050724,0.9652154066466554,0.5684529390885752,0.55069592052746,0.3721065111714643,0.5891236330077398,0.8416001347222968,0.36518501362552286,0.7225426602129986,0.8120824783371039,0.588552318047715,0.751726878417976,0.6868722652713838,0.6712355937330783,0.8722689499661254,0.7109024451532975,0.7044042907034658,0.4380547214374795,0.5306283318133403,0.6197653472531058,0.5823001122812568,0.7951068994934141,0.7127074352509069,0.6080279537134681,0.9236768576691469,1.0569861027514422,0.7438872811248952,1.0046854772201177,0.9772980422470976,0.4585674338852561,0.04543222906397108,0.0,0.8489756264695181,0.739776051060891,0.869191493225996,1.0680710951463541,0.5875241713346682,0.0,0.0,0.5197696318692995,0.784152451639045,0.041820648530292576,0.0,0.0,0.8082783463999547,0.6450640803241838,0.4711648864647075,0.7206726216165382,0.5607462178141711,0.0,0.4481660190173079,0.6465113865711787,0.0,0.8270871724862617,0.7955560985715145,0.660465823167425,0.6719756352621322,0.0,0.9805203444191487,0.5092042073433097,1.0051266662952811,0.5410281873173347,0.4309682549584395,0.5571987071262312,0.5368152894523281,0.673963317001819,0.6500989036947821,0.9268353753594808,0.0,0.8635810856236605
0.3879949886401337,0.7062486906396922,0.0,0.3378797036560268,0.5177912034696907,0.5542100205823608,0.4226855232369733,0.6392736325045856,0.6753921980044915,0.29715955215966017,0.864093800675432,0.5549224792013171,0.4538000783154103,0.5129808671037634,0.6295109816365667,0.4831129988980064,0.3952131716587416,0.41288113121008485,0.9339845935811579,0.33196604304406696,0.5376965602294396,0.6232782579398966,0.7211254145746309,0.43142952295974013,0.6125095648739318,0.5378140001118279,0.7172832726125868,0.5925993755209483,0.54669096440234,0.618586146056683,0.5763785463044501,0.5253272308351461,0.6191957593949177,0.5568697470056909,0.5664452613470579,0.14000775882788885,0.3994795918541884,0.4797576901186146,0.544474267476509,0.4693138482953131,0.37813366240032364,0.5617658568448429,0.47026361116197385,0.7096037279350738,0.0,0.0,0.3851228436523159,0.594502469047395,0.4713160181256864,0.4317891071720852,0.4103623612887235,0.39705833416928765,0.5993068068110996,0.4966918230883076,0.4310087808112519,0.6118266393517632,0.8968343174981876,0.6550444444925655,0.6792012398808458,0.3533023532012961,0.0,0.0,0.0,0.5753500715120916,0.787171879229711,0.4395018588802133,0.24594871199615892,0.35884121713893447,0.0,0.5470902845250912,0.6714885800874218,0.39628907409476255,0.5417339353662405,0.6282925252724673,0.649970411908571,0.22985024315999777
0.0,0.396273697250232,0.3378797036560268,0.0,0.5483162496012952,0.4387941273199858,0.9971838925619946,0.5894693363846162,0.5369982804158235,0.29647290910552554,0.3949244404259678,0.416080951592035,0.6263432040306143,0.44817258974538576,0.6771932203568162,0.2586474114198062,0.43023995383301566,0.47208193966097634,0.5938314004980226,0.7003731886703706,0.4682287152300385,0.8142255271980432,0.6165020338121522,0.3445473434976375,0.7976535513567764,0.8448038228162528,0.46513401197013576,0.4656097962858629,0.6136247742079386,0.5452733960592213,0.6899848632941652,0.3148532215002242,0.24087101467903632,0.1275250362853707,0.16722230487817655,0.3046962173875922,0.24562360165911784,0.3035083352191562,0.16347317448181814,0.37056701814757964,0.5655583408842245,0.3894778693978629,0.3834961059810569,0.17321551422019973,0.0,0.0,0.0,0.40820590230204845,0.0,0.0,0.6706716062587397,0.0,0.46810757739907555,0.31700739777242093,0.0,0.22171924852155087,0.4253269419821143,0.45238142215491717,0.0,0.0,0.0,0.0,0.0,0.0,0.0,0.0,0.4550752667345249,0.5970423756190546,0.0,0.0,0.0,0.5837201740996648,0.4572045383726861,0.6497213932085703,0.0,0.0
0.6414593540646811,0.7784490505278949,0.5177912034696907,0.5483162496012952,0.0,0.5372139515241321,0.793794195168137,0.7803091464947634,0.6452462337381659,0.699555813254223,0.8725325446007585,0.541259243944056,0.8767595563997637,0.5787717562729187,0.6813897395234879,0.9559979801436023,0.6109496235651355,0.8316098143299815,0.6612836496829355,0.800473416907861,0.832990337989847,0.8635289902389364,0.553080080832054,0.572527157632876,0.8959994334605774,0.774609715575991,0.5742717408646495,0.8867785644414142,0.8615919343966902,0.5681068947764003,0.6067568543117243,0.5116666428830063,0.4487493841953195,0.607928465394623,0.7741355390016271,0.44056058948794763,0.9316277220242889,0.4810533386972855,0.45866424958325797,0.4675530278132689,0.5517854496185881,0.7052926578927099,0.4809636759858833,0.48052241401023865,0.35499596268307987,0.0,0.5319446160846204,0.5091825990864912,0.0,0.3874798772481408,0.4701267727714289,0.6338684151251976,0.5409701295679887,0.43729252051526346,0.0,0.5091864454215895,0.3592680369561244,0.7480791438298663,0.4341314055953216,0.5617953161018477,0.4522188273684118,0.0,0.0,0.5764305906245595,0.6372538956006815,0.4857034786004426,0.6342392963545519,0.4303405488477234,0.0,0.47010390360313953,0.6672556325955163,0.37326077245128825,0.6196333123298916,0.4368679414468864,0.0,0.6963106956938645
0.5495495185188561,0.7422644324928337,0.5542100205823608,0.4387941273199858,0.5372139515241321,0.0,0.6139298503025,0.5610389032102514,0.5594121130065383,0.5294991088490296,0.4524250649733009,0.7925960913130969,0.7590646282884403,0.461551758152001,0.6717048906070022,0.7681048431589899,0.6106208211155162,0.7929706973557497,0.34449385514425285,0.6318527933232079,0.6120442447159704,0.593834572705376,0.6260547863053008,0.45312977943689225,0.7488910948910433,0.8068572898747929,0.5762647732367028,0.6696407579303,0.6141026730899068,0.6892767609241525,0.6827638594407015,0.5834852132008831,0.696465522934848,0.7084372928740766,0.8247080287959343,0.4811012496103518,0.3870026889881154,0.5433321357759251,0.6577298313534035,0.38977608108017925,0.5758717979566013,0.6352776663183027,0.3906270962142444,0.5171589234553035,0.21363156697065203,0.612450714446767,0.6589607710871734,0.4466649781044144,0.73551203098701,0.3813344274908409,0.49864996533883627,0.5052864140240327,0.5569169154976956,0.49785429177855633,0.6945765389325734,0.33645547687768707,0.5255162758581048,0.526640378003517,0.532930045457001,0.6123858221192964,0.5933822974946614,0.0,0.6901763192891532,0.40120714126097845,0.38440229988489516,0.4346975059718973,0.718917560358434,0.46258907791890314,0.5061209305115575,0.5419733758850224,0.6250701451986737,0.5232874450163965,0.5036346856931587,0.6085896259833199,0.5365375899820852,0.5694027757553837
1.0050821802378633,0.8114089459050724,0.4226855232369733,0.9971838925619946,0.793794195168137,0.6139298503025,0.0,0.543237511352931,0.5494058753622726,0.6193167501323096,0.48039750969519013,0.4820053472207454,0.9298726260386574,0.6541013614178844,0.7160042106197361,0.8613199725404761,0.61677207198294,0.8641556900417464,0.34724061736185624,0.8229822717127692,0.6158782677915271,0.8207084937715401,0.5864231641839838,0.4717183180864434,0.8664658182268458,0.9968798098448319,0.582411621185909,0.977012667285633,0.8609128492369881,0.5489588477722475,0.6251898541765304,0.3531610144309304,0.5295931616902307,0.6707364928129884,0.9693079700022798,1.0543773747270142,0.7816053230607353,0.569933175083751,0.6361383688805673,0.22561639561213004,0.6857390820868918,0.8192600567302815,0.47638320350651975,0.7993809454732093,0.3293394517161573,0.0,0.5948465064386951,0.4790870713171978,0.0,0.47729946372076415,0.44797329051120816,0.6060318998259693,0.5834298245684136,0.6499607745904952,0.6965466412436475,0.4746439850609363,0.7374485737615417,0.504496321540718,0.24778243377204306,0.4691876581174369,0.7589781804483466,0.0,0.4947978089570732,0.5598397374537125,0.6449554299473693,0.6339141604683423,0.6562892084833536,0.465803465282293,0.46870916127812384,0.8327577210422701,0.5896936877234804,0.48728176228342246,0.5068927294074623,0.3808193643152422,0.7712782811519663,0.45300650455393343
0.8133158708701578,0.9652154066466554,0.6392736325045856,0.5894693363846162,0.7803091464947634,0.5610389032102514,0.543237511352931,0.0,0.4311943966361289,0.5016859678980679,0.8284104957647656,0.703648988403021,0.6234186222457934,0.717493332928637,0.3115400779281505,1.0381711756154972,0.5204449162687071,0.7435595619861821,0.5150542762436061,0.42698933030305014,0.6496315493036924,0.7969998926639587,0.7123124238610203,0.6436448304798459,0.7707903382497747,0.7221805644800049,0.4625550102174184,0.6148279481132828,0.6555023831911657,0.7304372694100838,0.6521425190152572,0.6741365624719686,0.8142345536296183,0.683560738791413,0.5862643583014657,0.560544260283141,0.6769276398688504,0.4726766339553658,0.7187716522269454,0.33099553087912925,0.520409677123868,0.42079119143647326,0.4769523579268534,0.6442010010982415,0.0,0.49027254170790197,0.42918812112757143,0.5302848493159821,0.0,0.547307661842593,0.6218170898259521,0.6171952520266049,0.6251471390957619,0.4848693439546537,0.6456359584568852,0.46709688746333744,0.9317449483675749,0.5305073812408367,0.6429507349188541,0.49266081005143575,0.6703860567215524,0.0,0.5542467699263391,0.6235439365071149,0.6905866009264844,0.6388476888977161,0.42949719352120236,0.5787720315703264,0.0,0.6362441538084446,0.545790599846437,0.6132599947947217,0.5857807298106432,0.6294962638632378,0.5692009759074488,0.42690058442883394
0.42790000062309985,0.5684529390885752,0.6753921980044915,0.5369982804158235,0.6452462337381659,0.5594121130065383,0.5494058753622726,0.4311943966361289,0.0,0.5515173413390462,0.6884335257442145,0.5345974041962058,0.5966732806563202,0.5667562102708061,0.508466571061109,0.6846669101357543,0.4448910037221534,0.606169363161333,0.4711776883463966,0.5702640315974461,0.32783413479576107,0.6086512295364239,0.42595168283833373,0.6351092953777553,0.7607330652450363,0.7919802255048116,0.44190277413676693,0.43277765476477703,0.5952176785955383,0.6412956012621811,0.38448552500798305,0.3702194161531016,0.589824550772991,0.4120902083708145,0.3035502433079846,0.5876603700746299,0.2203306322933606,0.6254812291323641,0.4219276823734479,0.5432506264994532,0.4207317972567689,0.6663549254764698,0.5054158629698235,0.6389218521994549,0.37869305796435915,0.0,0.3972106378825232,0.3842488404533263,0.4667395390764524,0.34901091862062744,0.4327733229890138,0.45189442267508706,0.36652554267639426,0.34074683808958817,0.3949377003266038,0.2690587285186611,0.5002999308601869,0.2251860347444383,0.25472678035851465,0.614773732040284,0.6721804057703499,0.0,0.0,0.3776187927108512,0.7212711620493942,0.7612616137618491,0.45528940078104096,0.344101092148943,0.4173515998551473,0.6683774057520504,0.4212662369508285,0.3250915002667618,0.3667042835737891,0.6778603149751858,0.5260560604700908,0.6163734863748884
0.680869759360968,0.55069592052746,0.29715955215966017,0.29647290910552554,0.699555813254223,0.5294991088490296,0.6193167501323096,0.5016859678980679,0.5515173413390462,0.0,0.6054266045741912,0.6926552294975841,0.6942387154843149,0.6581826631990035,0.660581267691313,0.49847353831386876,0.6364738807235988,0.48272567016052786,0.6206480177584055,0.48036785966866413,0.8638722841257579,0.6557120199439783,0.19349719640485588,0.5704539442548553,0.7118525433813364,0.6088913636593714,0.4118273017738914,0.7968790315250125,0.5681170372574279,0.7059990481521156,0.7989043263946984,0.1683051299177271,0.7133198635968465,0.6794740437397161,0.6143170947318903,0.15237435905669772,0.39880640735709094,0.7181101694965017,0.5302911616338862,0.5107172629492522,0.6722413062421846,0.4498998171046707,0.6155867589860886,0.433107000256322,0.6578259659096632,0.3785519574241275,0.43008752206605155,0.3569931965011909,0.4744395557529534,0.43617125171891297,0.555746149325153,0.4896557655153101,0.27912175520818394,0.3064195965362596,0.46712220968355367,0.5032635546035468,0.46433972639990934,0.5460174677158876,0.0,0.6215881607763006,1.173476351406967,0.20404105334960934,0.2171661608914396,0.4678472086517867,0.4659105679098806,0.6299131926635086,0.18265002845350933,0.46180598979330556,0.4244874681638594,0.17987565172017436,0.3028680262421634,0.6794005518428208,0.5502674363240817,0.5472744598498229,0.0,0.5981141355874758
0.5075600213271804,0.3721065111714643,0.864093800675432,0.3949244404259678,0.8725325446007585,0.4524250649733009,0.48039750969519013,0.8284104957647656,0.6884335257442145,0.6054266045741912,0.0,0.42868357705245425,0.4310087604479227,0.5105057777716941,0.0,0.49083644738707194,0.44523289796597926,0.6213823240199406,0.7760328640457748,0.4516541606521024,0.41530554373219297,0.4323978113581013,0.9084907407736077,0.5503871731896126,0.5979121571879648,0.4856639011443248,0.42571590011358895,0.47896263218642554,0.5264671477879224,0.4075551241798174,0.4522091942096379,0.15660696634831528,0.4100224030192803,0.4446234079559456,0.5075077381803192,0.4701457057741806,0.6147913042560732,0.6053766291950795,0.5316028389769067,0.5774171109480869,0.4086621436524918,0.5899473543905773,0.51793138090903,0.5275745155203772,0.2115271649702199,0.0,0.0,0.5835520951906159,0.4681278923517328,0.2373234649842217,0.4002769652203212,0.39975419781754323,0.585930775900434,0.5540744425651064,0.4647290092461155,0.6562526070291986,0.42578070484409736,0.5826014814169276,0.5545305071201395,0.0,0.0,0.0,0.0,0.6194246322158736,0.5120315295881793,0.0,0.529013840784868,0.3937478026451353,0.0,0.0,0.8891833665742715,0.26978729653935685,0.4242881686211374,0.3596468846096307,0.0,0.5016139427373556
0.6678595081648957,0.5891236330077398,0.5549224792013171,0.416080951592035,0.541259243944056,0.7925960913130969,0.4820053472207454,0.703648988403021,0.5345974041962058,0.6926552294975841,0.42868357705245425,0.0,0.5795778045034696,0.7439838136566292,0.3880969254944392,0.6744988105220073,0.6752310552031373,0.5960287676605125,0.6058133124697458,0.3702241865571697,0.6061062800962311,0.45652535824429663,0.5025571427187326,0.48565340582191985,0.6359808893989347,0.5875713258738455,0.5765363197961612,0.519667262339428,0.605006336517567,0.6299198599387169,0.7436123317929593,0.42081614113699667,0.7402492709281423,0.41730424513644365,0.5451323192696973,0.10447330492283335,0.24537587994624682,0.5775765111503912,0.6426141427642076,0.394958018507067,0.6213698927956438,0.26263023997408297,0.3007774894628804,0.4316892657828718,0.44667939307139676,0.38642209494477,0.4421563955851441,0.5366827247374955,0.40799756179350904,0.36913361820647833,0.27097501855171957,0.4434383624217999,0.3571463219894304,0.49274327873323864,0.3934123660787965,0.326903876500255,0.4454674493899323,0.5284490556879966,0.5273971232584929,0.5126711661506691,0.477131394079764,0.10758516859611483,0.0025020523594212474,0.4275785755820779,0.8168187928116575,0.7800186800866373,0.4372353914277417,0.4527704123127415,0.5227654142838264,0.18442408939614008,0.27646150726753216,0.4925529465244429,0.5915722839513987,0.547977941940512,0.0,0.6717512034171969
1.0486348847061766,0.8416001347222968,0.4538000783154103,0.6263432040306143,0.8767595563997637,0.7590646282884403,0.9298726260386574,0.6234186222457934,0.5966732806563202,0.6942387154843149,0.4310087604479227,0.5795778045034696,0.0,0.5862334769950012,0.7406762854791737,0.8825413835022123,0.6237467495135661,0.9780007653636151,0.3867903396545216,0.8991408485920631,0.7391051371701638,0.8114829241261228,0.666415272501379,0.518612877571152,0.9583345326164893,1.0713939494037683,0.6535062971090453,0.691915217074728,0.7698580193273026,0.2964079266464418,0.48815949113704715,0.2772604355613318,0.3560958927520492,0.6642221792675023,0.8709637026864292,0.6554033301203972,0.6757498157020889,0.4640664090459703,0.9074522029403018,0.49400487121749925,0.5467818501167887,0.8066578751414559,0.5228251655241569,0.5597451255965432,0.41147177914081806,0.8848922238729113,0.6506557022408558,0.705735441827698,0.0,0.7023572129174329,0.5442546488617948,0.578360467718549,0.6112728938771979,0.6939275973979914,0.4085386146765003,0.5383436559609417,0.6304760190082856,0.6313027589293795,0.31701877416762736,0.5023453316767001,0.5117628561112115,0.5456117183291052,0.5597240658193625,0.605179401274448,0.6230925427986844,0.6660010658930443,0.7117788015405985,0.6096653259630399,0.6119392687982659,0.5798149267281436,0.5254723877176518,0.6104708345135584,0.47311207309067843,0.7012924152132057,0.4230391049095291,0.5844770594589508
0.7581672846245617,0.36518501362552286,0.5129808671037634,0.44817258974538576,0.5787717562729187,0.461551758152001,0.6541013614178844,0.717493332928637,0.5667562102708061,0.6581826631990035,0.5105057777716941,0.7439838136566292,0.5862334769950012,0.0,0.598977863813221,0.5047653504886376,0.4563386602741691,0.49604049138776485,0.4498639924179274,0.5721652150813022,0.7004942489334706,0.288611353485716,0.6880359808754688,0.6547555235307012,0.584028964511816,0.5684210384282989,0.5471323006365464,0.9218717698084821,0.36917834410064687,0.7020566672493236,0.44230368365997197,0.10587184999256416,0.3498046493733842,0.6810721072229053,0.30214408075509974,0.27047000482018624,0.2428691587283624,0.39209010351164647,0.4472016879849323,0.0,0.6649077285452702,0.6725258907015421,0.5632868218952014,0.4705694105662929,0.0,0.0,0.0,0.1757831825848008,0.0,0.38107460615382743,0.07399918570409084,0.534682592934697,0.5701483155729765,0.410646774029238,0.0,0.4831572671602149,0.36283686843905666,0.6853892974643532,0.38749426227832656,0.0,0.0,0.0,0.0,0.2644805295804755,0.0,0.0,0.0,0.4315139641644156,0.0,0.0,0.0,0.538171572749196,0.7030409736883085,0.0,0.0,0.0
0.5059576373298488,0.7225426602129986,0.6295109816365667,0.6771932203568162,0.6813897395234879,0.6717048906070022,0.7160042106197361,0.3115400779281505,0.508466571061109,0.660581267691313,0.0,0.3880969254944392,0.7406762854791737,0.598977863813221,0.0,0.793143493691986,0.5061519858111728,0.778697408157344,0.0,0.551919394455108,0.4391997052228449,0.2435739683894424,0.6446455646109897,0.5787114996921814,0.7103178373995196,0.4709293455709842,0.5697006797776839,0.5469075823065899,0.8918891725706171,0.42842484426640975,0.884938766087972,0.933274357946855,0.8096498705823092,0.9651309887742845,1.0138877876903816,0.8450470281667248,0.6304514116896868,0.37995303758862997,0.6534855642353394,0.6035035942215794,0.677024808510138,0.6436443419662612,0.725064781697547,0.7782828489601632,0.0,0.6367357022535871,0.5188662141123566,0.5442862804392968,0.0,0.0,0.5181274251154382,0.7085722264264799,0.5324218633215578,0.6926555980251611,0.0,0.0,0.5301320827303859,0.5337726817786166,0.47016348370925537,4.5631056109274315e-05,0.5370780109918998,0.5420276120032812,0.7480607936990382,0.0,0.5317300346344476,0.3792939138182406,0.052027243816148705,0.6974987092852946,0.4508100141253878,0.566851164529785,0.6407218573545235,0.5041183123452514,0.6441661013257213,0.6110817154903987,0.5388616541428222,0.5330716631604631
1.0121232678013679,0.8120824783371039,0.4831129988980064,0.2586474114198062,0.9559979801436023,0.7681048431589899,0.8613199725404761,1.0381711756154972,0.6846669101357543,0.49847353831386876,0.49083644738707194,0.6744988105220073,0.8825413835022123,0.5047653504886376,0.793143493691986,0.0,0.5246566071212273,1.0089996366493892,0.45166024904646385,0.7325247691171282,1.0195542955863135,0.6574864648229286,0.8937116778125795,0.6209264570431017,0.7477099824385236,0.9902862487845301,0.6639849653779171,0.8155445710288348,0.7857067491666114,0.44087862315893434,0.689372775885616,0.965908938322078,0.8229981765916086,0.7572431957517318,1.0097993923146427,0.46830168580345655,0.5859804055367258,0.6921913938273254,0.9858569574871905,0.7117086013272642,0.9311845311687235,0.9315902067672298,0.470869228534861,0.0,0.0,0.58462514686755,0.8980903070089687,0.0,0.0,0.0,0.5694381868703307,0.7331209327234571,0.8995889683132501,0.0,0.5993718270935511,0.0,0.45149930031434227,0.6218356035291603,0.0,0.596841905368179,0.9119332941270173,0.5581134572324743,0.6980490400651047,0.0,0.7486607784883621,0.6851941436870101,0.9878585399788227,0.48537000498012134,0.5457076895181453,0.7068636206020735,0.7317357224115035,0.5525061129662185,0.5534025634670541,0.8249539394537506,0.0,0.48957118844604086
0.30464314073784154,0.588552318047715,0.3952131716587416,0.43023995383301566,0.6109496235651355,0.6106208211155162,0.61677207198294,0.5204449162687071,0.4448910037221534,0.6364738807235988,0.44523289796597926,0.6752310552031373,0.6237467495135661,0.4563386602741691,0.5061519858111728,0.5246566071212273,0.0,0.9136272538008408,0.571810325951376,0.5011106628446981,0.537649146698937,0.7224643181539974,0.456468509822028,0.37300472737392154,0.6961081696834263,0.3999224037610091,0.5771637489708642,0.7224438412982943,0.559642027355268,0.3415393224362506,0.47473658317996803,0.5066543766223844,0.5388883384231309,0.665831849606547,0.749973541153039,0.6522195558277883,0.34691568875832746,0.4875160659437743,0.435753842309499,0.3891816694400904,0.40479404079047343,0.20080813677871223,0.0,0.0,0.45014200190990467,0.37387056203058006,0.4584197982137254,0.0,0.0,0.0,0.0,0.0,0.0,0.0,0.3047998915802391,0.0,0.3224381565880261,0.1294047920022176,0.0,0.5630961405306798,0.5112837492455347,0.1346392880526266,0.21631730949030012,0.0,0.0,0.0,0.5082701693864382,0.0,0.27358055596837855,0.277669126924696,0.32044438602210407,0.0,0.4045924375077222,0.46650039017016626,0.0,0.45297313053285554
0.6066130954669734,0.751726878417976,0.41288113121008485,0.47208193966097634,0.8316098143299815,0.7929706973557497,0.8641556900417464,0.7435595619861821,0.606169363161333,0.48272567016052786,0.6213823240199406,0.5960287676605125,0.9780007653636151,0.49604049138776485,0.778697408157344,1.0089996366493892,0.9136272538008408,0.0,0.4910259552514812,0.7075238237539792,0.8901907925789398,0.7261638847480845,0.8263323293476356,0.39943026138953996,0.7470013070264343,0.6362099136710395,0.7739187323187754,0.8690969353831213,0.7484402148337291,0.802992784932973,0.5096267479938154,0.8155207749701283,0.5658340203515047,0.8069109174267692,1.0111526537307391,0.4948224633088254,0.39654528036857617,0.3042455592521067,0.6468497541368501,0.4762992004223091,0.602109095496132,0.5955839587513814,0.0,0.0,0.6277382723549049,0.4859793517272979,0.6117245894213208,0.0,0.0,0.0,0.5769898846169149,0.49500901795705315,0.6058974170264002,0.0,0.44266941509384194,0.0,0.3969161451385742,0.567806119908208,0.0,0.48370912499421836,0.6917706197694476,0.37708601384891605,0.43020757966645695,0.0,0.4638415275750686,0.7381200236220828,1.0345393567658279,0.7332389746861434,0.3279216486084777,0.4091800830640469,0.3794649318536838,0.5770680566724895,0.7063469391076242,0.539630264066363,0.0,0.6210931374934286
0.0,0.6868722652713838,0.9339845935811579,0.5938314004980226,0.6612836496829355,0.34449385514425285,0.34724061736185624,0.5150542762436061,0.4711776883463966,0.6206480177584055,0.7760328640457748,0.6058133124697458,0.3867903396545216,0.4498639924179274,0.0,0.45166024904646385,0.571810325951376,0.4910259552514812,0.0,0.5024738311940538,0.6862281373821826,0.7201140573007152,0.5278445892535771,0.4429553614372363,0.5348168281564423,0.5860152240297717,0.49872109584102947,0.43712129416261863,0.2806312311948702,0.642155141410218,0.564888368871854,0.5756510104537496,0.4294520259277269,0.578012613280649,0.49353196817632283,0.22983405910936017,0.2650912818412587,0.49159033770726246,0.7021980727659676,0.4422864206665108,0.33042586781176286,0.23451493335208012,0.700949295043952,0.591506561654651,0.00586619959094716,0.0,0.0,0.4906544067926814,0.0,0.3867749777417818,0.23288115738072696,0.5972626967415504,0.3068470494951207,0.38930857803343216,0.5918268735170018,0.4562706470833758,0.6021638671554981,0.4945514154322014,0.3594326532511305,0.0,0.0,0.0,0.0,0.503630406777801,0.46972029366864204,0.0,0.4860629252180401,0.3380265328904684,0.0,0.0,0.0,0.2284975149827444,0.6267065063972223,0.3051791357932796,0.4705325985197367,0.7106513216089819
0.6242239120355386,0.6712355937330783,0.33196604304406696,0.7003731886703706,0.800473416907861,0.6318527933232079,0.8229822717127692,0.42698933030305014,0.5702640315974461,0.48036785966866413,0.4516541606521024,0.3702241865571697,0.8991408485920631,0.5721652150813022,0.551919394455108,0.7325247691171282,0.5011106628446981,0.7075238237539792,0.5024738311940538,0.0,0.5441080686960724,0.824047650720875,0.4421569740074237,0.3980138884808371,0.6979516684322278,0.649448762021801,0.5884222100231711,0.8069074753390233,1.0372904089383177,0.8174197419079183,0.783435989496923,0.7282500234988083,0.7089403397670351,0.8018371354333551,0.9598138692496425,0.7949822498228253,0.48664803875420237,0.7268605547293172,0.6324827495750931,0.7608381918427742,0.7504916574258684,0.7363621186290368,0.5750601208433076,0.491088652601976,0.328123097855324,0.752471999058548,0.9142396830639945,0.7297144841741209,0.0,0.0,0.4752101600463517,0.6233332038521455,0.5770844597981205,0.560666343127042,0.7832498975443325,0.0,0.651004759126359,0.7254400709290991,0.0,0.7240552908602682,0.6392183658288746,0.4716807568232881,0.5826192388168414,0.0,0.5138131053246516,0.4635665075798817,0.8601705592039104,0.47109799431909977,0.0,0.6444951267322289,0.8206111173679285,0.4810138354766889,0.5367346313794796,0.6301223637244295,0.5614859282949883,0.6610270432714411
0.5792026734392203,0.8722689499661254,0.5376965602294396,0.4682287152300385,0.832990337989847,0.6120442447159704,0.6158782677915271,0.6496315493036924,0.32783413479576107,0.8638722841257579,0.41530554373219297,0.6061062800962311,0.7391051371701638,0.7004942489334706,0.4391997052228449,1.0195542955863135,0.537649146698937,0.8901907925789398,0.6862281373821826,0.5441080686960724,0.0,0.6852646376723097,0.55418138030553,0.6661387540612986,0.7027999267609235,0.5467602309174937,0.44107625784168436,0.6782923707788819,0.75684117299941,0.7947349456173025,1.0104842613281022,0.8270307399588288,0.7884337416106819,0.9895013266697668,0.9869720083500778,0.9146043906884849,0.37695618213542337,0.5215760972795173,0.5883572276871489,0.30523540016308526,0.47854177188802527,0.5367191804465934,0.536693016513198,0.0,0.0,0.6163372204090287,0.395127806839351,0.5956673862366615,0.0,0.0,0.4522272691891003,0.3819099662265045,0.07439544113614749,0.6111585738172797,0.7741222933990539,0.0,0.763912734219298,0.7094815286307483,0.0,0.5234811744418754,0.5374492587691032,0.0,0.6638560587721583,0.0,0.32163441040854457,-0.11703162808309225,0.4319235095945903,0.4321170645886414,0.5364539965731006,0.4374015263353118,0.532230460643817,0.3592231804973993,0.6775473845600536,0.48160953766074843,0.45533397902537565,0.2360232747176535
0.9108406846259928,0.7109024451532975,0.6232782579398966,0.8142255271980432,0.8635289902389364,0.593834572705376,0.8207084937715401,0.7969998926639587,0.6086512295364239,0.6557120199439783,0.4323978113581013,0.45652535824429663,0.8114829241261228,0.288611353485716,0.2435739683894424,0.6574864648229286,0.7224643181539974,0.7261638847480845,0.7201140573007152,0.824047650720875,0.6852646376723097,0.0,0.741065292175075,0.652715812264,0.8077187901065613,0.8760936362383263,0.5605280287537802,0.890960912999782,0.8223952434878625,0.8496089075861222,0.8064892288584694,0.9933034324811025,0.8927388959818062,1.0649316648745424,1.0241407506852298,0.8652903515358374,0.7106825288950025,0.6177285970456823,0.913132218878516,0.8065303288768966,0.9278992192304258,0.9367613393044409,0.9195793641963294,0.5848862964369086,0.3872619236439743,0.6400197350403478,0.9555458593975452,0.6758686613190688,0.4702591021505781,0.39374869964264114,0.7379647636959197,0.7313760625186772,0.4276600343196235,0.7323434013424412,0.4371047485868249,0.0,0.7979456827403189,0.6085805001630917,0.0,0.8143152193253245,0.9348779368028759,0.33383957986265045,1.0745554287592105,0.0,0.737817779955346,0.5079300615961309,0.8996095929364776,0.5813105802407852,1.0945408210674206,0.841040191032402,0.8087456001901362,0.6148352880169943,0.5832953966621719,0.8044492763217822,0.46778213491997633,1.0388710059407624
0.597742055807569,0.7044042907034658,0.7211254145746309,0.6165020338121522,0.553080080832054,0.6260547863053008,0.5864231641839838,0.7123124238610203,0.42595168283833373,0.19349719640485588,0.9084907407736077,0.5025571427187326,0.666415272501379,0.6880359808754688,0.6446455646109897,0.8937116778125795,0.456468509822028,0.8263323293476356,0.5278445892535771,0.4421569740074237,0.55418138030553,0.741065292175075,0.0,0.6533865430694565,0.8038078437168681,0.6110229629913917,0.5824828057988982,0.5861982148360521,0.6699445772847914,0.617013737112637,0.6464010329162135,0.655230889239336,0.5605334454473486,0.719695428333431,0.6994205814350996,0.7742910367401412,0.5049375363837489,0.3238371906802144,0.5751518194794427,0.33839054758858755,0.5682090042181026,0.5775049315846537,0.47567873073812184,0.5536240015803011,0.6556783737343388,0.4237229506165447,0.6938538454183434,0.5706181939611085,0.43101383908965185,0.5515602602745069,0.513795385013439,0.5127267653438967,0.6972805239908344,0.5567963010283516,0.6498993215638988,0.7358433673528916,0.4893319188065329,0.4872153053924334,0.7555624195796933,0.5258495913984895,0.6740452897952219,0.4659105679098807,0.6471949069295228,0.6032941375744361,0.4068762068902918,0.43151125251166544,0.5864212173818912,0.6352007386637821,0.33753643848979953,0.614806758091294,0.514304405560911,0.46864971625531865,0.48676891504074243,0.5224406405997001,0.647332838428401,0.549710057024035
0.651875282671928,0.4380547214374795,0.43142952295974013,0.3445473434976375,0.572527157632876,0.45312977943689225,0.4717183180864434,0.6436448304798459,0.6351092953777553,0.5704539442548553,0.5503871731896126,0.48565340582191985,0.518612877571152,0.6547555235307012,0.5787114996921814,0.6209264570431017,0.37300472737392154,0.39943026138953996,0.4429553614372363,0.3980138884808371,0.6661387540612986,0.652715812264,0.6533865430694565,0.0,0.44298566398875594,0.5054536987361495,0.6009979293913008,0.4376061510631056,1.0611740240955694,0.9040136236481299,0.8764312821218616,0.6951123378625652,0.5256727304573452,0.4470458831337547,0.4824142858912399,0.20666191001108541,0.4659673140862215,0.4270949963414703,0.6814384084319045,0.6096767003401515,0.6410410941964475,0.6065706101923671,0.5653898226900236,0.5025645891345905,0.6324630190003158,0.3705384876983572,0.5328869300814189,0.0,0.0,0.4739103975086342,0.5731366049120195,0.3870671584146036,0.0,0.3115561582937102,0.4408233137962617,0.49553492128472176,0.40468332440680366,0.3193724790066813,0.0,0.3486177648883364,0.6055671135631334,0.05893923188262751,0.17427065671759373,0.4719475788142877,0.41098986433417306,0.5737916334014204,0.6071991721590982,0.6785015520590051,0.4350926737404943,0.2214506954928406,0.21411861953662648,0.3646645970102027,0.5155241292038336,0.8578097902695784,0.0,0.5317043911377668
0.541579735565598,0.5306283318133403,0.6125095648739318,0.7976535513567764,0.8959994334605774,0.7488910948910433,0.8664658182268458,0.7707903382497747,0.7607330652450363,0.7118525433813364,0.5979121571879648,0.6359808893989347,0.9583345326164893,0.584028964511816,0.7103178373995196,0.7477099824385236,0.6961081696834263,0.7470013070264343,0.5348168281564423,0.6979516684322278,0.7027999267609235,0.8077187901065613,0.8038078437168681,0.44298566398875594,0.0,0.5351220067620048,0.7253234141368092,0.9471154978808758,0.7356076997712293,0.5265501019466853,0.6180533917057448,0.6317818985730144,0.6682642040579005,0.7259983745696503,0.9236531957790534,0.5838825187785506,0.3349186566954975,0.3723288534520821,0.6524651157132096,0.46548978452115974,0.5990623869637639,0.6051147748051995,0.32682636976447615,0.0,0.36449671997733685,0.4167479713966312,0.5269881543615675,0.0,0.0,0.0,0.5050950214825358,0.5543161523413389,0.5911334533106232,0.4366211252989558,0.3860441117290841,0.4537107157423603,0.41542892944618903,0.441013032984354,0.0,0.5185146039366382,0.6049396821423147,0.22536451097697566,0.42089518777280177,0.0,0.6894951508392169,0.546424833040605,0.7931543833574797,0.5494370476933937,0.30887605476742996,0.3880730254069299,0.36304253593646973,0.44835446254454625,0.534692409000372,0.5330588573410878,0.0,0.5330061909106449
0.7527054265942943,0.6197653472531058,0.5378140001118279,0.8448038228162528,0.774609715575991,0.8068572898747929,0.9968798098448319,0.7221805644800049,0.7919802255048116,0.6088913636593714,0.4856639011443248,0.5875713258738455,1.0713939494037683,0.5684210384282989,0.4709293455709842,0.9902862487845301,0.3999224037610091,0.6362099136710395,0.5860152240297717,0.649448762021801,0.5467602309174937,0.8760936362383263,0.6110229629913917,0.5054536987361495,0.5351220067620048,0.0,0.6672288358838113,0.8850078828862049,1.0085963620586227,0.5056243499731385,0.800817436709202,1.0683591425537973,0.7822238207475396,1.0143436485756399,1.0619304689141174,0.8873792007656433,0.5081043725010239,0.4145000119469901,0.43166889729533015,0.29490186900483206,0.30997134761439055,0.3280841079499668,0.2907824046325527,0.500827056986467,0.5312459091331836,0.40280667967744554,0.7399419510456922,0.7457745679895054,0.0,0.0009906279393635782,0.6655047991793989,0.5750369945067062,0.40611160009366676,0.5523472449656279,0.2978194307876702,0.0,0.30112618229033317,0.6673693702099313,0.0,0.6713934108239488,0.5840419285198327,0.07466880122638736,0.17448915302717466,0.0,0.807318982687594,0.34844405420751934,0.8525982503420519,0.6669602644621793,0.27637125302050075,0.19432830908465318,0.21316577970284,0.5376377500057642,0.6867637463254634,0.7001721669331893,0.4415850779776932,0.34217813083889925
0.48936213379592364,0.5823001122812568,0.7172832726125868,0.46513401197013576,0.5742717408646495,0.5762647732367028,0.582411621185909,0.4625550102174184,0.44190277413676693,0.4118273017738914,0.42571590011358895,0.5765363197961612,0.6535062971090453,0.5471323006365464,0.5697006797776839,0.6639849653779171,0.5771637489708642,0.7739187323187754,0.49872109584102947,0.5884222100231711,0.44107625784168436,0.5605280287537802,0.5824828057988982,0.6009979293913008,0.7253234141368092,0.6672288358838113,0.0,0.5965579499311993,0.7218922973927089,0.6499598982397949,0.6367508954351888,0.7196016169741977,0.5137759528961016,0.7168360108964414,0.7124595464185148,0.8462842748558961,0.5269317115429979,0.4357310927308724,0.6003458398704764,0.3782703455665691,0.5806263809954867,0.5691789749497018,0.47442472054684953,0.4750014718253866,0.6284628733299613,0.5751129197293106,0.5955678460534085,0.571942786003478,0.5632077679073849,0.4546251056375046,0.462148169549935,0.4569305587260081,0.3720140908907068,0.4192754008748765,0.791618851887371,0.3349786354323331,0.6139198629753286,0.48538971029410677,0.6252140752336398,0.47563019049015676,0.4808360875422217,0.0,0.48279683242504623,0.47682106400346586,0.4943944744532696,0.37357340429414765,0.4531692462277735,0.3941010754546741,0.0,0.42525670142951183,0.4529251309941271,0.46832194619708645,0.5520967505377273,0.530148327162642,0.582908318636775,0.5185739952063539
0.7874435884270545,0.7951068994934141,0.5925993755209483,0.4656097962858629,0.8867785644414142,0.6696407579303,0.977012667285633,0.6148279481132828,0.43277765476477703,0.7968790315250125,0.47896263218642554,0.519667262339428,0.691915217074728,0.9218717698084821,0.5469075823065899,0.8155445710288348,0.7224438412982943,0.8690969353831213,0.43712129416261863,0.8069074753390233,0.6782923707788819,0.890960912999782,0.5861982148360521,0.4376061510631056,0.9471154978808758,0.8850078828862049,0.5965579499311993,0.0,0.6757161447590776,0.41560157329292685,0.6740632162289117,0.1223892295546013,0.12282333710614038,0.48663208103329336,0.5163082443311462,0.5085752016150087,0.7330142442862019,0.18837908289375402,0.3678954806055203,-0.03959820739862896,0.8778843726348838,0.40779341120627066,0.8106904814030247,0.4748938555967664,0.6268991065249617,0.8764549390079135,0.5725883625038937,0.6940708107024133,0.0,0.7335709734817231,0.5989441955449508,0.6040239446366512,0.6436377021370221,0.5924922831660107,0.6093673796054067,0.4831586431707678,0.713907268697918,0.6229182233797523,0.39892352978439616,0.733758852878281,0.3937349104445547,0.3126914168439622,0.6258920713667775,0.6371129963145226,0.6239647596648812,0.6349325589000371,0.6240176460259931,0.6054127339685487,0.4718119709450196,0.5150743463761692,0.42942217746628386,0.653129770915359,0.7018276433821821,0.6671379938479759,0.5457417219955951,0.7333816215575739
0.7354302170652465,0.7127074352509069,0.54669096440234,0.6136247742079386,0.8615919343966902,0.6141026730899068,0.8609128492369881,0.6555023831911657,0.5952176785955383,0.5681170372574279,0.5264671477879224,0.605006336517567,0.7698580193273026,0.36917834410064687,0.8918891725706171,0.7857067491666114,0.559642027355268,0.7484402148337291,0.2806312311948702,1.0372904089383177,0.75684117299941,0.8223952434878625,0.6699445772847914,1.0611740240955694,0.7356076997712293,1.0085963620586227,0.7218922973927089,0.6757161447590776,0.0,0.5780214402608024,0.7638294399841605,1.0071087797501568,1.0345331579451629,0.9130948071411928,1.060099987700629,0.45504079379974777,0.11337276153281564,0.6421714289513079,0.7833395191200146,0.5316397369602659,0.758592383198393,0.7685243449950591,0.6239720866233273,0.5183070374840502,0.4751482779843796,0.6052387237404311,1.046875403304829,0.7903729920528475,0.47887244399632645,0.4061302948224992,0.6018354415678275,0.599214744626763,0.7155733038652812,0.455016527321013,0.7101346125767589,0.41789224635342814,0.6077774113348169,0.6292527744126473,0.581721873682292,0.7299229948707582,0.5389897641205493,0.4691246770045201,0.5172605859023962,0.4748533396891069,0.6486225697707452,0.6494591390167932,0.8318841140025954,0.6539749581504444,0.46339637114180915,0.5728132622779557,0.6250016315506121,0.6526101182914161,0.6666742248331018,0.712369685518528,0.5783255904507237,0.7178575858880403
0.4919514307538651,0.6080279537134681,0.618586146056683,0.5452733960592213,0.5681068947764003,0.6892767609241525,0.5489588477722475,0.7304372694100838,0.6412956012621811,0.7059990481521156,0.4075551241798174,0.6299198599387169,0.2964079266464418,0.7020566672493236,0.42842484426640975,0.44087862315893434,0.3415393224362506,0.802992784932973,0.642155141410218,0.8174197419079183,0.7947349456173025,0.8496089075861222,0.617013737112637,0.9040136236481299,0.5265501019466853,0.5056243499731385,0.6499598982397949,0.41560157329292685,0.5780214402608024,0.0,0.4047575038132248,0.5520328818428504,0.5901170546460549,0.7582064136738844,0.557157502423838,0.56827048205084,0.2317999531464804,0.506169302989913,0.840539351521605,0.45529391870120556,0.9094352643202108,0.7787634963507448,0.8583437177716384,0.25733361341705024,0.0,0.0,0.0,0.13263732142500173,0.0,0.0,0.5007585236365095,0.6523430177289296,0.35796137352027685,0.8391809689900649,0.4680639409755747,0.0,0.0024392227541743736,0.5570756286741751,0.0,0.37404184134483154,0.0,0.0,0.9256453223742925,0.9268171339351607,0.6332856048453576,0.5558105830120599,0.5604132257911002,0.6489283917336927,0.0,0.4188558783929527,0.47220941282069523,0.6804513765664881,0.6870510367151474,0.6333095387786136,0.4597704532501123,0.5331078732907462
