0.0,0.01408276218408716,0.0054150785208059715,0.0,0.012710635330610565,0.023277195576483833,0.007200773793129944,-0.003668167729405092,0.006636581788562412,0.007428514173216716,-0.005512015420996719,0.013697546111302361,0.036172449508193594,0.006067693566372767,0.02444553534759558,0.01735748698677475,0.019512905603073893,0.04398335336939996,0.0,0.01350317262404932,-0.0023913896241465338,0.021491214960494553,0.007248401868740206,0.012711678401441218,0.03505370155117049,0.018898649839333814,0.032262896714846445,0.029695727772884595,-0.0008644997896265494,0.030263213977154813,0.02533061502551609,-0.009494748321231927,-0.0050426020087260826,0.00046179774078447533,-0.002309485532630884,0.0029458650395568498,0.00041774872461280976,0.02656255428160459,0.005190616225278943,0.010905690752614994,-0.005015506016273097,-0.0010003255569257519,-1.5180525607672024e-06,0.0,-0.0009755920063628243,-0.007228024871796079,0.017440959823451396,0.0,0.0,0.0,-0.013804702038332062,1.1102230246251565e-16,0.027198182370473334,0.0,-0.022937724571815754,0.0,0.009491929179892167,0.0006677011015273071,0.0,0.03098597657992702,-0.007999344191967461,0.01205572396872795,0.003155640187681774,0.0,0.014692939092060653,-0.07096754329737137,0.013679214022999764,0.028169462063030615,0.034488819436388596,0.018310240742755335,0.013069881507060843,-0.005398698647114231,-0.00020091875015332272,0.019797901048240307,0.0,0.022084252583407127
0.01408276218408716,0.0,0.013390525548648669,3.026365492264649e-06,0.0005908064988134898,0.01566436742103544,0.008402937648542885,-0.007699285038011705,-0.02885040625894647,0.02807596829070208,0.005764308063651913,0.021512640398626492,0.009392088012527722,0.001034698280934332,0.024789518447025483,0.018674330157753438,-0.0013300044636747055,0.05414152432285835,0.012302408757950578,0.0153137290614207,0.010359286885890162,0.0221580318423103,-0.006158746363165879,0.015637808830697986,0.026678304424040178,0.017783205012602166,0.010107900961126903,0.004855711002515195,0.009535485337130944,0.008397267298841937,0.007573225232973879,-0.0012168478519417048,-0.00010272143717982019,0.01726210153686264,0.011693411289494526,-0.011939923943813546,-0.0010943310385923555,0.0,0.003319492169119642,0.00497283574381463,0.0030792426041786336,0.0055538201626537664,0.005419344907880486,0.0,2.220446049250313e-16,0.0022016230537801884,0.009774788191413919,-2.552659582932826e-06,0.0,0.0,0.004851083366111342,0.007207000335597569,0.0006372494091768655,0.0077334247463667904,-0.015215648840831819,0.0,0.0036239895063832073,0.018890703220341976,0.0,0.020613618719411142,-0.004805265886506205,0.006906124423070481,0.005380149282539881,0.0,0.001037757129794925,0.001402739870237979,0.031211409782132438,-0.016149395073919992,0.002193917846130211,0.012146318712981385,0.00710804046095459,-0.016357247615673087,0.012056201072212391,0.0021405448445513398,-1.1102230246251565e-16,0.0101350032338135
0.0054150785208059715,0.013390525548648669,0.0,0.006427072399352696,0.026966885332233514,0.01574005528395256,0.0050237309398294405,0.035161886742752724,0.02695540002560204,-0.02662068294271802,0.001660397290743243,0.0028613075567689994,0.006703360142088166,0.0250192677726484,0.023460702552567714,0.003211592205605629,0.005951826738495036,0.00558848160117853,0.008379440523692328,-0.010436162185786801,0.041431256362713054,0.01885107773208039,0.0296759457353164,0.015190751333865382,0.005133005629694709,0.026216787010310494,0.0182563657407403,0.005241215254740306,-0.010790102943370239,-0.005125695663864227,-0.003105163702784186,-0.02646200166671503,0.011006527978571157,-0.007946881705005515,-0.01786990658890425,0.007310506743139822,-0.017456765359963433,-0.0028074684678480177,-0.023908988873608095,3.109037838289197e-08,0.012229883608542602,-0.0032136371892227955,0.003817996042797034,-0.004611741537150105,0.0,0.0,-3.774412581458719e-05,0.1378170310003891,-3.409586629699035e-07,0.023231911981072884,0.03586892105789463,0.0011991188453005508,0.01629672590196929,0.03078428493635299,0.0005803242061622194,0.08159146470057477,0.021233380175945338,-0.009056020347039229,0.015067212691751819,-0.00013309362933378033,0.0,0.0,0.0,0.1800370754588319,0.008684651511602026,-0.003489986534145617,-0.00024385224366141323,0.0379820369597188,0.0,7.117487155511304e-05,0.023692725377988,0.02774784706452127,0.03820082082201082,0.011087908639255906,0.006490221978275423,0.0031945541970616054
0.0,3.026365492264649e-06,0.006427072399352696,0.0,-0.03231191762257102,-0.016915276949890756,-0.01844043252072458,-0.008595235877362939,-0.0006985918835379912,-0.006247331945007484,-0.062066865379265534,-0.031122961072039546,-0.03203637453397046,-0.06438656204144508,-0.011636643079055153,0.00043409729074422865,-0.008219181820005916,-1.5526197194026814e-06,0.05036503462043934,0.005831566115822695,0.0003494275928641599,0.0006005152139055836,-0.042913280620816674,0.011577408214341445,0.00043333923465072033,0.011056519779232665,-0.036301375813112935,-0.01044134351011633,0.012191425273800904,0.0005443328911260426,0.02779432224160594,-0.003791760620697582,-0.0492291502889437,-0.004290987861532536,-0.0457290005161729,-0.03645166383372517,-0.011756423331100052,-0.016015321434809937,0.001995730780262106,8.825499040654439e-05,0.01622526426289228,-0.014078029163357486,0.01943315148675434,0.02605331592912591,0.0,0.0,0.0,-0.0006125165694551016,0.0,0.0,0.011052777686784865,2.220446049250313e-16,3.5533769742190913e-06,-0.00013932176524583673,5.551115123125783e-17,0.006912861766095346,0.00158046135031642,-0.00030925715946478194,0.0,0.0,0.0,0.0,0.0,0.0,0.0,0.0,3.1330097537973778e-06,0.0028506636308491262,0.0,0.0,0.0,0.015563148085172118,0.0012956838238883384,-0.0012520186729794713,0.0,0.0
0.012710635330610565,0.0005908064988134898,0.026966885332233514,-0.03231191762257102,0.0,0.019278460082710835,0.06556860067020198,0.02964912051337648,0.01014372534400293,0.059317962082852616,0.03274276384831937,0.027318076718841622,0.05853672513790831,0.015198952074770622,0.012592383257902906,-0.014363734603147105,0.020216618445052292,0.028822504234446933,0.06566107296897195,-0.009654552998604737,0.006107240028511318,0.0030006241648987686,0.005601687161807034,0.033684263633403155,-0.0033969987178728567,0.05897983268551621,0.02656513383877135,0.05689198456480338,-0.02270334380140543,0.008311914541928034,0.044124553904588915,0.017017528957171513,0.06810312561599213,0.03472469896222258,0.03038590072514863,-0.00012287783954212372,0.029729367712938826,0.04149274653403873,0.019686028901655328,-0.005539487163474632,-0.03032442005176217,-0.00642757339400668,0.011977895244409897,-0.040707578363521624,1.0043676376358945e-05,1.1102230246251565e-16,-0.003043072416630932,0.020106488482256935,0.0,0.030499675461918785,0.028469345972908844,-0.004593759796253205,0.03375093643341437,0.009636198664915052,5.551115123125783e-17,0.021827389776565786,0.005842071025539408,-0.006842538759225747,-0.002598193332543741,0.007771468370093626,-2.3694337293600487e-05,0.0,-5.551115123125783e-17,0.017817460162587118,0.016417285515630764,0.00016321553459192062,0.004920964653101434,0.04294224446974848,0.0,9.96795069208023e-07,0.002510525342403702,0.013906101246805691,0.0063952478636840615,-0.02021067160788681,1.1102230246251565e-16,0.013053795232657706
0.023277195576483833,0.01566436742103544,0.01574005528395256,-0.016915276949890756,0.019278460082710835,0.0,0.011583359087039391,-0.0015147717566099117,0.0036985926544059744,0.024634277412408367,0.028653659715866087,0.005580254645806415,-0.003749147350391391,0.0001282328176711034,0.010004158855864642,0.002992361758985651,-0.010915596494011859,0.009389372575644428,0.009631100003515691,0.012176602887168486,-0.00966328218028073,0.020279003771221216,0.018163567729091668,0.018143910135518693,0.0118417348480781,0.0022982037371026,0.03771978426643702,-0.00036780305255645906,-0.01259958117944232,-0.008350423829224074,-0.013356104898737287,-0.022278626123597767,-0.021693545376023915,-0.017025861817636267,-0.017422672079252577,-0.0051910582020721074,-0.014538257204001426,0.016015067770933866,-0.012183803271889782,0.01565844200565225,0.00014729459748896723,0.011923350136102628,0.0023907316850096394,-0.009936963379375885,-0.003823485384499725,0.017888713393637568,0.007940422939625102,0.025097204271557372,0.0068841812779149025,0.00012467701232443673,0.028426814597107275,0.002264623290917589,0.022847687439972897,0.012549293104156423,0.02187077589792935,0.008269507078660032,0.016369209806770812,0.0007609715064809119,0.0012399989390297073,0.0006986730947154407,0.004671716168169804,0.0,0.01086782785327478,0.008666348562433535,-0.06598286976703688,-0.01986189150342782,-0.004282681113527753,0.0419488836922598,2.63431586600138e-06,0.0007473871936221621,0.01932018229491206,0.03474454399057869,0.009009950574267345,-0.014184704213623278,0.028188479288772106,-0.016404857497058
0.007200773793129944,0.008402937648542885,0.0050237309398294405,-0.01844043252072458,0.06556860067020198,0.011583359087039391,0.0,0.005348031686406796,0.005486035752638396,0.05441120888322404,0.037802396628271284,0.02021288526403403,0.016606263254790865,0.003737798010037263,0.01979354763809993,0.014622454816718089,0.047794996957298386,0.0367184118852274,0.03810800456543334,0.012234764799624265,0.00817714689632193,0.01594996768971746,0.0017262330323211117,0.05258223650589894,0.03440256537630143,0.03680225015954608,0.012159362360811221,0.03062370867069869,0.006324298300801112,0.0055943166796523225,0.04238638486988755,0.022155228807213823,0.04755916860268611,0.031658440596006754,0.0006204620742022993,0.00389535310866862,0.018444547639967224,0.02547967088341596,0.020097589956946327,0.01725276165144568,0.05508347546990833,0.013660952135119364,0.02700926009904331,0.019556716751909897,-0.0072552642060751404,0.0,-0.0011560467993578794,0.02028752502072284,0.0,0.011793741890763654,0.022739386609997747,-0.0015229874076816419,0.01885181722186885,0.006507004680952999,-0.011886694170391454,0.0029999144445008175,0.0006078464632648939,-0.004143960469479402,-0.0005830828687420353,-0.014344838819014494,0.013165856265053733,0.0,2.1551467006553082e-06,0.01761986655735126,0.010737086374848825,0.013114500463128953,0.012908841597764176,0.0374779953575225,4.7897957212161835e-06,0.010845530336690834,0.01090704379032481,0.027812841046744308,0.013927026130779452,-0.012752416739904182,0.0036841376587672947,-0.027646440317688703
-0.003668167729405092,-0.007699285038011705,0.035161886742752724,-0.008595235877362939,0.02964912051337648,-0.0015147717566099117,0.005348031686406796,0.0,0.015629820777612102,0.034763541934260844,0.004402359196029326,-0.0036904133833443042,0.0036582794066060687,0.03188510217508578,0.018788123246666177,-0.0016331961071406886,0.009162591097019002,0.020506617796234916,0.0637615038270527,-0.011173333607594926,0.021917244031078364,0.0034714918613833468,0.030232163100327003,0.011260040837164143,0.02043258765106737,0.013272371266624894,0.015839732304180343,0.00023592795834787017,-0.012688534064728973,-0.009094503871995008,-0.00741533568454289,0.016944339737544334,-0.05993649759215092,-0.00671980455674881,-0.02261912052549342,0.008341778579508241,-0.06453893487584883,-0.010014906100427934,-0.0013867963153564866,0.001143375612768005,-0.0028434820512848735,-0.07255136807969192,-0.0380075142918474,0.02146922789058331,0.0,-0.0027008819403201434,0.00557563596430416,0.020706191214756697,0.0,0.016745749338868243,0.033808895303681585,-0.007313619468951371,0.023007147163508546,0.014334738837026517,-6.237638375983234e-06,0.007358663600812387,0.00013022450472854885,0.0010112816266676372,0.005135540449796083,0.007043266193155484,0.011371285051097746,0.0,-0.00017005442293260842,0.014202240564592516,0.014826657546211042,0.04328421813053385,0.016033148045730194,0.05024692809883902,-5.551115123125783e-17,0.015491907405555838,0.008935825472836889,0.0335224916709721,0.009796120222221094,0.0433371356197752,0.015829960505991558,0.008687493420694636
0.006636581788562412,-0.02885040625894647,0.02695540002560204,-0.0006985918835379912,0.01014372534400293,0.0036985926544059744,0.005486035752638396,0.015629820777612102,0.0,0.022425683060192658,0.028604083506223565,0.0006187645498904049,0.014395558703263367,0.01595630259311398,0.02979999235191194,0.023788097238228,0.01748191261905463,0.023897972217484964,0.04384209614149798,0.019814474895352707,0.004122820210108014,0.011655462863296162,0.015862699917453427,0.013092039254242183,0.014125436613794284,0.006561281385702444,0.0353984921228952,0.024163974615717843,-0.0074426002272048875,0.012464439802645166,0.014247935417731561,-0.006501161887417117,0.002018488489172965,0.012204961127068537,0.003096521593218826,0.005800301600009439,0.00607531042648507,0.003154078910046876,-0.018656359306271464,0.005905438257443052,0.011419198793762075,0.0028916785406844503,-0.003285231648288811,-0.00948185778485744,-0.005742327043389506,-5.551115123125783e-17,0.003038400093013871,0.027622970703841454,1.6379814044009677e-07,0.011747441805020076,0.023239788221558477,-0.005083207074617957,0.01971715874724389,0.012876865539796944,0.020393117582655662,0.004599385381375831,0.008351223710083011,-0.02147376224631392,0.0010976362676450302,0.0014413875798182652,-2.010497213766893e-05,0.0,0.0,0.013730132035052689,-0.0031701208198489095,0.004392251978198591,0.010909265276695335,0.03484755083894209,2.015916594266809e-06,0.011712556279616204,0.016587731638598058,0.029862567692316988,-0.007548137588071269,-0.01945534258297099,0.00026727257645409175,0.0048095336782587594
0.007428514173216716,0.02807596829070208,-0.02662068294271802,-0.006247331945007484,0.059317962082852616,0.024634277412408367,0.05441120888322404,0.034763541934260844,0.022425683060192658,0.0,0.03879479830462934,0.004169056644725833,0.05613668998904486,-0.006566136281837054,0.005161514920181354,0.0029407151027470713,0.0013334836434819586,0.02024460048192467,0.04450567191623006,-0.016475654270449613,0.01760365990211743,0.0809658585221138,0.004084633452264619,0.09730067796701475,0.057663433441566936,0.04474258238061468,0.005109612960722487,0.06567829335175734,0.016625402251403576,-0.0029862292863993,0.043636592830309906,0.05506619542227603,0.009028487822088205,-0.0024303269616773315,0.015891981477558548,0.01610672261278462,0.01906004789984672,0.009404044614513773,0.005811665050987291,0.009841350072156863,-0.007322831689746401,-0.0026739790972990507,0.05866545752625518,0.004482217676980094,0.03460032153266335,-0.04553448268342103,0.009556979597104609,1.7896332987987762e-05,9.300685320789981e-07,0.000424777766858897,0.017047634635433684,0.03292650472481068,0.0030536404546505636,0.018230647388662702,0.01512312146514555,0.0026416492321508778,0.026841371553986026,0.048798494693548966,0.0,0.00032824748322329844,-0.01633259913354651,-0.04648591206222996,-0.03685849857835105,-3.057184003729674e-07,4.967151475798737e-06,-0.00664886062959319,-0.004412789581123122,0.0016967000276448818,0.00836018755617396,-0.054099426668052675,-0.02817894145348876,0.017434854842471703,0.035641233185846166,0.019052170511987543,-5.551115123125783e-17,0.018794544639420874
-0.005512015420996719,0.005764308063651913,0.001660397290743243,-0.062066865379265534,0.03274276384831937,0.028653659715866087,0.037802396628271284,0.004402359196029326,0.028604083506223565,0.03879479830462934,0.0,0.011781514865642218,0.03603625915826658,0.0012632244965829487,0.0,9.361979570898793e-05,0.004857314994732909,0.0007840362841852744,0.07213896366441719,-5.057287893955875e-05,-0.0025287857528765167,0.0031026023967806737,-0.05274586430765421,0.042775401646532984,0.004366360758006782,0.0030999292555526914,0.04049916474633053,0.03609050014636023,0.0038319260804900446,-0.0011471075178821066,0.024971395591115664,0.02688803356720859,0.023927698639198136,0.016376710419852947,0.009969419847034644,0.009481217280079335,0.025133300233496803,0.03414204203283522,0.03743033638197074,0.00030299770161740236,-0.013218865622975917,0.0051484176542017646,-0.004573401876346861,0.004406558683269779,0.0006913627882431661,0.0,1.1102230246251565e-16,0.10348960516274386,3.1717511617124217e-08,0.08593996727045883,0.012726696626037537,0.015096452864702736,0.11844793325597391,0.04672571941421039,0.019761263712860244,0.12746438793127862,-0.01176841589069405,-0.0030681439898814222,0.007377780654582666,5.551115123125783e-17,0.0,0.0,0.0,0.20564798909653093,0.006297319925240019,0.0,-0.00010042952967947993,0.0316435942161033,5.551115123125783e-17,0.0,7.115115770700564e-05,0.030607261406008,-0.0009908831481124647,0.0041001615903961675,0.0,0.015260002681344975
0.013697546111302361,0.021512640398626492,0.0028613075567689994,-0.031122961072039546,0.027318076718841622,0.005580254645806415,0.02021288526403403,-0.0036904133833443042,0.0006187645498904049,0.004169056644725833,0.011781514865642218,0.0,0.017403820084647748,-0.020357143457527593,0.00795238775873347,0.008122219356705429,0.025732971554748296,0.009423437594259676,0.008997902558353144,-0.022846651512515914,0.01800354378735375,0.012278855922339349,0.018661445406258914,0.022163335353241387,0.008096644025321231,0.04617923757213438,-0.0008050991524112816,-0.016792171135854517,-0.004749358578500118,0.02218724022188978,0.004616478142755953,-0.012287766154109203,-0.030850582099015145,-0.034183175527073784,0.0033123079769670216,-0.04547250316743329,-0.01527805109108038,-0.02514047839377717,-0.010862101660747081,-0.025274665563966237,-0.013949488196597082,-0.015998268550080186,-0.005609547781079693,0.015892387717935552,-0.05461138800939486,0.012138430297566727,-0.006017922589896363,0.008084098885765001,0.0033347158209838246,0.010334875835756374,-0.0026376250018705916,-0.019688799740710305,-6.771904788882566e-05,0.01005514125838336,0.006799017601229251,0.0032446221909742112,0.0027405625282662105,0.0004588543717525817,-2.00398197697238e-06,-2.6370954641641298e-06,-0.02732295297186521,-0.08209461144335262,-0.0035230620793161305,0.0046640043153514665,0.0057426453545965095,0.02371217324388114,8.378517619156423e-05,-0.028988239816964467,0.005180208801666253,-0.043507381387753896,-0.018111638936371466,-0.003209263414932606,-0.009861703008701317,0.006741013411372676,0.0,0.028986748824763153
0.036172449508193594,0.009392088012527722,0.006703360142088166,-0.03203637453397046,0.05853672513790831,-0.003749147350391391,0.016606263254790865,0.0036582794066060687,0.014395558703263367,0.05613668998904486,0.03603625915826658,0.017403820084647748,0.0,0.05814773153659841,0.012853939225976885,0.021131275785086723,0.04724121991216501,0.048184345601196776,0.03393004681352996,0.01781641684608215,0.006385116658856271,0.019001273843419264,0.0036249808095539793,0.04247245772783986,0.03870007680700677,0.028690215670287678,0.012269834980995709,0.040206370039170436,0.028007664590229353,0.02017935500004525,0.042615041895854244,0.024340279350400007,0.021335027461383327,0.03821165173898661,0.014860341444811909,0.00308598035629587,0.03496862227172537,0.027026249836316296,0.027120865302867392,0.0019322556157786441,0.04177201410531711,0.04055672981953051,0.028952534456068546,-0.01558099629580667,0.005659903444031111,0.0006991872753848716,0.0032150745755602506,0.015745412556798954,0.0,0.0016525046881173955,0.021278546662915065,-0.006012739315471416,0.02299865746407842,0.008892138532775928,0.023099583732550444,0.05172028502900761,0.09472632855280183,-0.0013488811198297812,-0.0010531348450296685,-0.00400002354152279,0.001742276419956168,0.013426144610055424,0.0004188552372422216,-0.008048440201290252,-0.0011719233195955914,0.002175074882896033,0.01307736636609047,0.032034315971050886,-0.0014675151648588791,0.00806924461334918,-0.0329318221751832,0.02090787773458358,-0.00011322736840668757,0.010328672512777304,0.007050434855830567,0.00211018181919409
0.006067693566372767,0.001034698280934332,0.0250192677726484,-0.06438656204144508,0.015198952074770622,0.0001282328176711034,0.003737798010037263,0.03188510217508578,0.01595630259311398,-0.006566136281837054,0.0012632244965829487,-0.020357143457527593,0.05814773153659841,0.0,0.0011329555672586755,-0.0005270190325711854,-4.261912690817216e-06,9.676600475444497e-05,0.06350326587750105,-0.008804586541472481,0.008107304228263668,-0.003966164465552036,0.027405812643296,0.03448663293667742,-0.012177418008479268,0.018193225046672756,0.008079731896652564,-0.01023429551695304,-0.03246389546146722,0.00994560187209298,-0.01649124032556437,-0.01713572491350629,-0.015572869495103503,0.030091188344479325,-0.14033736599920504,-0.02881734446888365,-0.006060114168894237,-0.07847347628993329,-0.018427267872426212,0.0,0.003085749554017525,0.00029104966959891954,-0.017547037683780797,-9.129881795022499e-08,0.0,0.0,0.0,0.0009078423556009851,0.0,-0.025297736167725904,-0.01837846224333972,-0.011095176770884008,-0.036192777466234616,0.028793598490420957,0.0,-0.02185531000045815,-0.00020924444332187653,0.02756653347813054,-0.016166235651874583,1.1102230246251565e-16,0.0,0.0,0.0,0.011791106210185198,0.0,-1.1102230246251565e-16,0.0,0.0021645169355836713,0.0,0.0,5.551115123125783e-17,-0.009247985610084442,0.01335018959235229,1.1102230246251565e-16,0.0,5.551115123125783e-17
0.02444553534759558,0.024789518447025483,0.023460702552567714,-0.011636643079055153,0.012592383257902906,0.010004158855864642,0.01979354763809993,0.018788123246666177,0.02979999235191194,0.005161514920181354,0.0,0.00795238775873347,0.012853939225976885,0.0011329555672586755,0.0,0.014623712317403614,0.005639980808058276,0.0278438509152224,-1.1102230246251565e-16,0.01567254479471597,0.009159817245950885,0.037122419247723915,0.05655980722454146,0.04166328451027068,0.02737979880863234,0.0536143330253826,0.07186659218512254,0.007273932589175025,-0.01132826089079797,0.029301215313329187,-0.006828608126447866,-0.021986769363265657,-0.01818141990893546,-0.008384439811503053,-0.02371008249081774,-0.032022997674344134,0.03044750135032892,0.00010854572198387702,-0.004233826238860927,0.011491184134911736,-0.005204411261823472,-0.01190675112427142,0.028433445825995107,-0.003864849637744139,0.0,-0.01220582829265665,0.007027730046304748,0.010772140382499962,0.0,0.0,-0.010599903328498972,0.010192736295466298,0.0067248711422912555,0.003573837561731963,-5.551115123125783e-17,0.0,-0.0036176878010505953,-0.00042400182948326703,-5.199311340353674e-07,0.02869069450281203,0.005157545889112991,1.8174056921005377e-05,0.009833868633604304,0.0,-0.01217670173693991,0.00423275760148617,0.017755750840618645,-0.007044028600283914,-2.1495391268944175e-05,0.0011680667475946205,0.01951008732794135,-0.014372277806287415,-0.013683076529167004,-0.020938042359564923,0.005622856339544013,0.0065456310918364236
0.01735748698677475,0.018674330157753438,0.003211592205605629,0.00043409729074422865,-0.014363734603147105,0.002992361758985651,0.014622454816718089,-0.0016331961071406886,0.023788097238228,0.0029407151027470713,9.361979570898793e-05,0.008122219356705429,0.021131275785086723,-0.0005270190325711854,0.014623712317403614,0.0,0.016559191905333448,0.028555702264636385,-0.00015382565410171356,0.02139748226975352,0.013104255085647443,0.03202165080686037,-0.004112858175175649,-0.026991753535083096,0.01691015081560604,0.030254309658120593,-0.000492156285348988,0.0391475004207964,0.03831822126941148,0.039321893027061905,0.0481047515446576,0.015447941873929838,0.024590362745756766,0.030267364657538154,0.023932496535143788,0.019360113603704876,0.002249372873944888,0.023888490644695393,0.012145772584485737,0.016207813945953276,0.009746679922412127,0.0079098771005095,6.779505289933319e-07,0.0,0.0,0.017984759068041534,0.014325242314342845,0.0,0.0,0.0,0.028534492979000736,0.008262503865154147,0.012349842911081044,0.0,-0.008296796359846481,0.0,-0.005015775712162662,0.008140192671176716,0.0,0.012506579511727733,0.004730727265097989,-0.01543351106069063,0.00950078558009626,0.0,-0.008959614791980097,0.00541758565922712,0.030394179078378214,-0.055294008512817516,0.003556238894806385,0.009946426419628285,0.021154545024783034,-0.025243803423350863,-0.013153764270366686,0.014490242846249446,-1.1102230246251565e-16,0.01892836761237049
0.019512905603073893,-0.0013300044636747055,0.005951826738495036,-0.008219181820005916,0.020216618445052292,-0.010915596494011859,0.047794996957298386,0.009162591097019002,0.01748191261905463,0.0013334836434819586,0.004857314994732909,0.025732971554748296,0.04724121991216501,-4.261912690817216e-06,0.005639980808058276,0.016559191905333448,0.0,0.00617541801158733,0.014636090997481588,0.0017975408270042292,0.024792217471154177,0.0540482205282663,0.021707138444988283,0.06142136674720844,0.020919588073582795,0.031043548078313443,-0.015716272861125424,0.06234008546515901,0.01400315036974592,-0.012059552791235939,0.01860456915941755,0.010895443584094278,0.01808756306966003,0.00845588006225112,0.01718546859192277,0.022362356917636994,0.05350924472286994,-0.020665762071191862,0.006966775682426873,0.006615016393282658,-0.01636365607044915,-0.019460674583034854,-5.551115123125783e-17,0.0,0.013020769084510608,0.03277373110995774,0.048830323386743424,0.0,0.0,0.0,0.0,0.0,0.0,0.0,-0.010055953439051801,0.0,-0.012977390158234736,-0.0027562811678860655,0.0,-7.573292291229716e-06,0.003795116739439608,-0.05138429378292003,-0.02254084097245046,0.0,1.1102230246251565e-16,0.0,-0.01791550746434828,0.0,0.041433596629981806,-0.034786667459609844,-0.03312605577622951,0.0,0.00015827221379488554,4.085715246626709e-06,0.0,0.008726691022423072
0.04398335336939996,0.05414152432285835,0.00558848160117853,-1.5526197194026814e-06,0.028822504234446933,0.009389372575644428,0.0367184118852274,0.020506617796234916,0.023897972217484964,0.02024460048192467,0.0007840362841852744,0.009423437594259676,0.048184345601196776,9.676600475444497e-05,0.0278438509152224,0.028555702264636385,0.00617541801158733,0.0,0.0056227864278382,0.033209001561683604,0.02272495580613615,0.05019101781716556,0.012029395970380385,0.037328767567110566,0.011647202330768769,0.05245338547736206,0.007728098904337177,0.06041940982265853,0.05356202817541528,0.010255448853227989,0.052120185648456774,0.028567620578435482,0.030156427912246875,0.029461189965390433,0.03307812322521997,0.026508562164668792,3.1331713282733986e-06,-0.026262887297571647,0.012810458808840963,-0.0030575304632093903,-0.001833448528732573,-0.007522437963787709,0.0,0.0,0.0037480620906942264,0.05307037983695223,0.03317949270883602,0.0,0.0,0.0,0.008184401293444221,1.3213589303284756e-05,-0.0003869033804468902,0.0,-0.018805864518781468,0.0,-0.013530736693966483,0.008787020824787661,0.0,0.02527351457139615,0.015068705774060664,-0.026812502253893422,-0.004709467576037907,0.0,-0.009555838606512213,0.02874633453483527,0.044364911734082524,0.011478548801158284,-0.007833717732588286,-0.004699232947547649,0.0002632481068731152,-0.006638766810545482,0.007980071217442208,0.00823775744353894,0.0,0.016740728630773416
0.0,0.012302408757950578,0.008379440523692328,0.05036503462043934,0.06566107296897195,0.009631100003515691,0.03810800456543334,0.0637615038270527,0.04384209614149798,0.04450567191623006,0.07213896366441719,0.008997902558353144,0.03393004681352996,0.06350326587750105,-1.1102230246251565e-16,-0.00015382565410171356,0.014636090997481588,0.0056227864278382,0.0,0.0003520086935022704,0.010052204046173852,0.010438866180431772,0.031511607164765254,0.02408009765076824,-0.0011075794502163894,0.0172728384724955,-0.003100612261980884,0.037538933294175736,-0.006915234804701353,0.008524541209087355,0.0344037057560333,0.011890198855624479,0.05236094805158742,0.02420113423328224,0.01096817611127232,0.04171667304940535,0.02295982228049548,0.0036570296882126874,-0.004785842462164791,-1.5571581186202277e-05,-0.002797254809731864,0.004759584231058711,0.01222410301848148,-0.011852922311022418,-0.0005204084389039965,0.0,0.0,0.08792077598728376,-5.551115123125783e-17,0.025874873086119576,0.03198248997703168,0.001295998018775446,0.04533064898093486,0.014719263030588015,-0.0001028284842245486,0.08917907264829344,0.005390331874259691,-0.017807252606552693,0.029747847428634566,2.220446049250313e-16,0.0,0.0,0.0,0.055188203660892166,3.5170091939318304e-06,0.0,0.00010355681431167829,0.04216143986742693,0.0,0.0,-5.551115123125783e-17,0.02549416480102573,-0.006187596312965504,-0.016431106520910455,1.2125094081216758e-05,0.015912648778667715
0.01350317262404932,0.0153137290614207,-0.010436162185786801,0.005831566115822695,-0.009654552998604737,0.012176602887168486,0.012234764799624265,-0.011173333607594926,0.019814474895352707,-0.016475654270449613,-5.057287893955875e-05,-0.022846651512515914,0.01781641684608215,-0.008804586541472481,0.01567254479471597,0.02139748226975352,0.0017975408270042292,0.033209001561683604,0.0003520086935022704,0.0,-0.01480707947184412,0.035381892927267344,0.025286724547544992,-0.01344252650912181,0.01306281940389592,0.030703427119177618,0.02550249685206263,0.043154598249493636,-0.000804085045967573,-0.02465809027122018,0.002316953614904249,-0.011009898408267993,-0.012795025471264876,0.008274617438928489,-0.013942887511811664,-0.007680813815347964,-0.016751307581363062,0.002102252689095363,-0.029819386633434697,-0.03185421362535584,-0.035703119787760085,-0.02713043048725433,-0.017709186454052672,-0.0026257470441792274,-0.00015231940131077426,0.009644555562656476,0.006937568030783214,0.015978457498042498,0.0,0.0,-0.0349156969731072,-0.006872252118087785,0.003420896170103549,-0.009149273937446356,0.00039588532325102177,1.1102230246251565e-16,0.0036871793537510134,-0.03500377338304572,-1.1102230246251565e-16,-0.03226932201886917,0.0027008253525312997,-1.0784729775337176e-06,-0.010600916956115813,0.0,-0.04496318345022626,-0.029071478146462215,-0.016319315868120188,-0.03393678710840842,0.0,0.006905778636775217,-0.023480950090809583,-0.03170176581134204,-0.026907487328284574,-0.03346841637708459,-0.0005952501281254463,-0.042831932954228935
-0.0023913896241465338,0.010359286885890162,0.041431256362713054,0.0003494275928641599,0.006107240028511318,-0.00966328218028073,0.00817714689632193,0.021917244031078364,0.004122820210108014,0.01760365990211743,-0.0025287857528765167,0.01800354378735375,0.006385116658856271,0.008107304228263668,0.009159817245950885,0.013104255085647443,0.024792217471154177,0.02272495580613615,0.010052204046173852,-0.01480707947184412,0.0,0.012270186718750187,0.01824935393888394,0.024516024640184875,0.02045287644599192,0.02287388247155553,0.03238103142618448,-0.0034376613321763783,-0.013862413004546603,-0.013291288294019044,-0.0002193598145819875,-0.012650395294127037,-0.012274208708394185,-0.006839900161910661,-0.01591126879624538,0.0052263444576708395,0.015964878887706258,-0.02751555706397857,-0.009475693243479077,0.042637829612194644,0.0025302962772213444,0.005532552558152215,0.022430442592509592,0.0,0.0,0.04249591499813893,0.004934942803264508,0.015761469763955482,0.0,0.0,0.0015757358035486946,0.0006029376172467793,0.06666359994013082,0.004046249101581356,0.018475421335986786,0.0,0.005582421800671922,-0.015077667575774278,5.551115123125783e-17,0.021692567697941256,0.009383886807171782,0.0,0.007942462443239429,0.0,-0.026716429207015002,-0.033419851423392155,0.01686767731746136,0.022177743713152454,0.0022513653490267016,0.030158650508987528,0.01697830056401628,0.0032838924844557082,0.02379502230652414,0.009901102317523669,0.02638625111393339,0.008314451972611159
0.021491214960494553,0.0221580318423103,0.01885107773208039,0.0006005152139055836,0.0030006241648987686,0.020279003771221216,0.01594996768971746,0.0034714918613833468,0.011655462863296162,0.0809658585221138,0.0031026023967806737,0.012278855922339349,0.019001273843419264,-0.003966164465552036,0.037122419247723915,0.03202165080686037,0.0540482205282663,0.05019101781716556,0.010438866180431772,0.035381892927267344,0.012270186718750187,0.0,0.037645423044969706,0.00763443346388043,0.03794024861246126,0.03392832502867843,0.025842364888966296,0.05069796425282913,0.03723912318445172,0.04304878280600821,0.024944902737395747,-0.00043515526822740513,0.014203005675274771,0.016127886801441726,-0.0035528191765907824,-0.015024233372774365,-4.8228224237722994e-05,0.021557431477147504,0.013004789671123507,0.01854438830771271,0.015142500719949936,0.01801562011688812,0.01329912540486694,0.005796412334434231,7.883636726546683e-06,0.013155901131968684,0.021347788115855526,0.0037294759510342335,2.859037561697697e-07,-4.65671865209627e-05,0.003653372571215674,0.01125458635622012,-0.0005636436024347158,0.004976168214750054,0.003942815046931336,0.0,0.011669176301529582,0.0020824484065251614,0.0,0.013405107400352723,0.011661724403304596,-0.003704972999435452,0.02898285878696455,0.0,-0.0049156136368327386,0.002190195517747795,0.02387817382412777,-0.0011935614501086822,0.012954259646879407,0.007897144143498791,0.013463438412049389,-0.0014328644680850489,-0.02490002754125492,-0.00389705376697691,-0.002230171018354543,0.017109230767695438
0.007248401868740206,-0.006158746363165879,0.0296759457353164,-0.042913280620816674,0.005601687161807034,0.018163567729091668,0.0017262330323211117,0.030232163100327003,0.015862699917453427,0.004084633452264619,-0.05274586430765421,0.018661445406258914,0.0036249808095539793,0.027405812643296,0.05655980722454146,-0.004112858175175649,0.021707138444988283,0.012029395970380385,0.031511607164765254,0.025286724547544992,0.01824935393888394,0.037645423044969706,0.0,0.03332727004047137,0.0036937585679256424,0.02096222823778654,0.062443143998534956,-0.002897527865152738,-0.0008915681547872478,-0.010910095942146925,-0.010127754334528116,-0.013821837934989478,-0.030411922264062807,-0.015376586535980785,-0.01997121022187892,-0.010737990782575701,-0.02070147930200089,-0.002103932770656902,-0.0072954560362650245,0.006950127303194276,-0.005655707144163857,-0.008335697443373369,-0.041990852715259375,0.005372109221022325,-0.008419523509490767,-0.007563836533280133,0.0035422013735248448,0.04909524973921964,0.0012552733912847835,0.015128396750912487,0.022578096460989405,0.004079658357330929,0.04701551328995868,0.012977057588499541,-0.01008634544657655,0.0061486512713671004,0.026221985286020877,0.00470310955511799,-0.0007026255193572362,0.005554779927241238,-0.015347235186468133,2.6235047900780017e-06,-0.0026925076599490505,0.03682279695003576,-0.03675860848259899,0.02616860581737257,0.016678358338306387,0.044422217793929075,1.011046511978364e-05,0.014763001758676675,-0.0060649111851124315,0.014414840558877429,0.004900487022927225,0.00470614483104792,0.0013213129963122183,-0.010141859159586875
0.012711678401441218,0.015637808830697986,0.015190751333865382,0.011577408214341445,0.033684263633403155,0.018143910135518693,0.05258223650589894,0.011260040837164143,0.013092039254242183,0.09730067796701475,0.042775401646532984,0.022163335353241387,0.04247245772783986,0.03448663293667742,0.04166328451027068,-0.026991753535083096,0.06142136674720844,0.037328767567110566,0.02408009765076824,-0.01344252650912181,0.024516024640184875,0.00763443346388043,0.03332727004047137,0.0,0.03863362056517977,0.04835726551257541,0.04398490072739336,0.06818316672490221,0.04034637587847201,0.00951552717183679,0.05261963453888979,0.011855576883512187,0.005256033961860029,0.017736471263550657,0.02335457860402168,0.0005428159459340831,-0.002477275709568738,-0.00800328513139073,0.07255559973748493,0.036463831039048045,0.003992499897253032,0.0818682771498116,0.0011719168257115498,0.002946568348311862,-0.004425349353853358,0.040209354755368854,0.001466975946417981,0.0,-5.551115123125783e-17,-1.0362363288829446e-05,0.004107933403519337,-8.87953092149063e-06,-1.6653345369377348e-16,1.845966243835262e-05,0.006912160784105781,1.3579948001163356e-05,0.02132042538537804,0.001484865251657197,0.0,-8.25680431665865e-05,-0.004365902078428074,-0.013865998390027556,-0.009837074220901965,1.2627843352652768e-06,9.477042244848688e-05,0.016601654455271675,0.006640840536825621,-2.327577168925732e-05,-0.041735267992760006,-0.010571637868365014,0.007084681350900901,-0.002292623776378233,0.06677617617758774,0.01525212752924826,0.0,0.05265610802562459
0.03505370155117049,0.026678304424040178,0.005133005629694709,0.00043333923465072033,-0.0033969987178728567,0.0118417348480781,0.03440256537630143,0.02043258765106737,0.014125436613794284,0.057663433441566936,0.004366360758006782,0.008096644025321231,0.03870007680700677,-0.012177418008479268,0.02737979880863234,0.01691015081560604,0.020919588073582795,0.011647202330768769,-0.0011075794502163894,0.01306281940389592,0.02045287644599192,0.03794024861246126,0.0036937585679256424,0.03863362056517977,0.0,0.0411039547860248,0.00325269816589141,0.05176185078073059,0.050497605638465504,0.00770270527640865,0.053950273606054366,0.024450616983624718,0.019262592419279856,0.017581980507364703,0.014109381801769239,0.027540017658549576,0.0024170559273233305,-0.020672154860839953,0.0035185028764019854,-0.004899285573913392,-0.0074194116978978375,-0.004402060179864609,-0.0012516595142857967,-5.551115123125783e-17,0.018803963110751165,0.03441473086743713,0.026077492746167608,5.551115123125783e-17,0.0,2.220446049250313e-16,0.010441344728923163,0.010157660516992295,0.005636391997590862,0.0004286567632889593,-0.01664078690634302,-0.00020770206273473812,-0.012458320421868285,0.009684688168986155,0.0,0.0354257460653028,0.00951916218767851,-0.026233228849843637,-0.010921471716284548,0.0,0.008366045766175167,0.018351975814004218,0.039314466008756155,-0.043275145493574474,0.002817749158169569,-0.011235788864375484,-0.00434382424752866,-0.016359697584052257,0.012292781335837055,0.01702417979705928,0.0,0.016929035663557246
0.018898649839333814,0.017783205012602166,0.026216787010310494,0.011056519779232665,0.05897983268551621,0.0022982037371026,0.03680225015954608,0.013272371266624894,0.006561281385702444,0.04474258238061468,0.0030999292555526914,0.04617923757213438,0.028690215670287678,0.018193225046672756,0.0536143330253826,0.030254309658120593,0.031043548078313443,0.05245338547736206,0.0172728384724955,0.030703427119177618,0.02287388247155553,0.03392832502867843,0.02096222823778654,0.04835726551257541,0.0411039547860248,0.0,0.02323591069456099,0.04939935441020482,0.01945334456511444,0.02494759567127136,0.03133200173794548,0.0011056642316650267,-0.004614989319957852,0.002319009945606687,-0.015015664859986955,-0.0169574008520067,0.012159011993554514,-0.001187036626927318,0.008263684529888904,-0.0015748548794867756,-0.0116803667207373,-0.01141775318218713,0.006702905521562497,3.4030921549077497e-06,0.03027787497530554,0.017508486507002707,0.009441057070122882,0.015562121860737688,0.0,-3.794320548844432e-05,0.010232000125878105,0.006258835012748432,0.00794087075332206,0.005014844361859172,0.003568283547974782,0.0,0.022748846275583712,0.009007274074329996,0.0,0.016132168635520583,-0.0031958304562863526,-0.01026674956351109,-0.008642562060749204,0.0,0.0028440444532441544,0.024393444432878775,0.027406458978663062,-0.007033785276903626,0.060818568494552805,-0.011703106299005561,-0.0045771073920514715,-0.013713941743800473,0.015323387552747592,0.013227249641177885,-0.0003154046240248509,0.014537218917651584
