0.0,0.055935708331242284,0.04850164546835811,0.0,0.011805173999449858,0.027225792544850913,0.038744519881764805,0.030368033021686558,0.028155708233369825,-0.0023221940412044284,0.017198600992568536,0.08388991741247148,0.03586861323140955,0.03251201079700761,0.0888508868213162,0.05846403726986982,0.027650018718962,0.05756562671075954,0.0,0.07580402102364425,0.06564704278708211,0.039648060663394935,0.044232006178568206,0.10153984248156667,0.04743524688021944,0.057171122659507356,0.07502974999658246,0.0437851670369343,0.0340932911443933,0.024700803972179386,0.03992701268601956,0.044158417263816585,0.05181831498803707,0.031227224756424088,0.03545222012529642,0.03510049936157961,0.00032038845070514466,0.06111433954408302,0.03675653780727656,0.04328796378337513,0.0189077367950945,0.07468109948122398,-1.525967369681025e-05,0.0,0.020669329799022973,0.13954820250968408,0.03972515541243882,0.0,0.0,0.0,0.023559624979809568,1.1102230246251565e-16,0.05183375136583418,0.0,0.0635848751587817,0.0,0.05719003204382178,0.013771738498969288,0.0,0.020510895902831672,0.03669772058459492,0.00932375474983399,0.03911782352900972,0.0,0.049016303190972665,-0.02539285711617295,0.030524797649371882,0.04771942403767693,0.07811104308555372,0.04281103146662085,0.056784919864266314,0.009229430282296003,-0.00016593433096978583,0.04067341439921385,0.0,0.026957149237727185
0.055935708331242284,0.0,0.07499069879033371,3.042144329767904e-05,0.05967078467231823,0.06640781222851344,0.05889448181504736,0.010366559409542009,0.06624359992398804,0.038046170796393164,0.020277933631736578,0.030941916014846027,0.05728130416212984,0.009743877687655222,0.0671753601228442,0.0476266292364837,0.06852729762599746,0.06598519936506897,0.011298096435630622,0.04968185392284691,0.026758123927348276,0.01224608221361323,0.06883708375601055,0.02086647341843656,0.02947945202235741,0.02348701692495231,0.06378418708169165,0.057350783824118845,0.058870023869342814,0.030026586659321175,0.040389541704714205,0.03096773320130264,0.032200049053743685,0.04708364324230507,0.04979797515382295,0.010352695132301859,-0.000988957242308075,0.0,0.023206585093894616,0.037231064740855024,0.014258376220598445,0.02695688401680807,0.005221552562292897,0.0,2.220446049250313e-16,0.06139361406388971,0.02383012243573357,-2.7072880168677038e-05,0.0,0.0,0.022399494687657506,0.02509971590468507,0.024868544079616584,0.011753740303993676,0.0032505580259452604,0.0,0.014992185471541797,0.02427205020307388,0.0,0.025531402958902882,0.027838542206177652,0.023319737739319946,0.045912706680728,0.0,0.03245999798591759,0.03367173445397037,0.02153694687277058,0.04691773283288547,0.04765105214700999,0.03498235579638198,0.03536483855171019,0.036734109074866184,0.01787891304180328,0.03271722911651087,-1.1102230246251565e-16,0.020643283798248035
0.04850164546835811,0.07499069879033371,0.0,0.04795160074811039,0.050405027145124404,0.07449795332200615,0.04241375529321478,0.05817912215955595,0.015568935467248524,0.043390769704570176,0.06289702547976889,0.04092787488132138,0.04693505741747067,0.03103078988250746,0.021082956689490118,0.0420391932939263,0.024967449355639604,0.009530296560841589,0.05258430203159575,0.04869149196509909,0.06712740217935231,0.04150021607332549,0.06799530623820033,0.03754307723843281,0.018737918314141067,0.022943540592113565,0.026491601075620153,0.06303475365944333,0.06424726921998197,0.06819432584444635,0.04753212316053729,0.04485714779670674,0.009327354166591695,0.03722231655742975,0.04626102176620717,0.02247654093338014,0.03419576047066297,0.03675917874268847,0.019501028718845514,3.1252477133980605e-07,0.05230607815990096,0.05792772004840929,0.021680792593392617,0.02174440384251891,0.0,0.0,-2.4662609920955703e-06,0.20793351500357055,-3.4273635007853187e-06,0.03665983804242878,0.032219865518940516,0.0591317346403849,0.05984968291263981,0.08353502586655226,0.0008093927018749114,0.13957106668355118,0.028373806326954187,0.06241193766090403,0.024179019020553305,-0.00010366216480622858,0.0,0.0,0.0,0.19160251377417659,0.008027692075115389,-0.003104572339192757,-0.00021859999459605817,0.05323263512782195,0.0,6.966693785226408e-05,0.0221338749534446,0.057403943417776104,0.06629321512057029,0.03983306768599604,0.006224538079795394,0.043414102657203135
0.0,3.042144329767904e-05,0.04795160074811039,0.0,0.029773245632607415,0.036719747426864846,0.04996645920829451,-0.09374352438118566,0.013456925315755763,-0.0359704200205819,-0.00573801472417268,-0.018322839316176287,0.03086692627774984,-0.020171978282819747,0.03281637974570184,0.0002871157860076523,0.012508291452498654,-1.5607147542617827e-05,0.020253793135490916,0.045756667061741974,9.719835980198654e-05,0.024876831810226485,0.05428402515040326,-0.0416949566248116,0.0004708257612453526,0.030557694321987627,0.041481383009366934,0.06123325829316684,0.021932625203218037,-0.012535673718334361,-0.003226910035903696,0.004494837729203061,-0.07862554917322467,-0.0043413860129069,0.027039446044264337,-0.009386882706425265,0.019335714599390152,-0.00665881125579626,0.01756870447120018,0.00040111986616298,-0.0037954527528786253,0.009131638407374909,-0.021652495720390574,0.0038660811478239965,0.0,0.0,0.0,-0.0004584034147906424,0.0,0.0,0.010286648312257896,2.220446049250313e-16,3.571903539428822e-05,-0.0002601186980636383,5.551115123125783e-17,0.003772939277422116,0.009118770062075565,-0.00026192905927813204,0.0,0.0,0.0,0.0,0.0,0.0,0.0,0.0,3.149344612107807e-05,0.030926873353651907,0.0,0.0,0.0,0.02769714920644334,0.0010223603861748143,-0.0013234181616291751,0.0,0.0
0.011805173999449858,0.05967078467231823,0.050405027145124404,0.029773245632607415,0.0,0.0482692999377613,0.048870477436464665,0.06059831899727419,0.0380541640522738,0.005712152684671901,0.019102632905013794,-0.02295164562169344,0.04291125529945827,-0.02759031662804151,0.0114396985012587,0.03482426288512508,0.0295614424738036,0.04656818468071955,0.042853099797874994,0.06667891066811427,0.026922968991318186,0.05546617916224056,0.06354309758781723,0.02260268922321307,0.04109498189499716,0.03452689123266017,0.050117893915350764,0.03843101831151463,0.044521960349916234,0.0671120741574125,0.035886843197326324,0.043029455976694275,0.02102447634597887,0.02721211060711254,0.04413216943141196,-0.025549254260169435,0.026951524767785007,0.018526403101715494,0.05033026190069706,-0.005094498794189661,0.09754968694187194,-0.004021367741327386,-0.02783197277007965,-0.03781158387603878,0.00010096042006790817,1.1102230246251565e-16,0.008492550320171266,0.04345554502119575,0.0,0.014304186343150449,0.012954738444540426,0.03588339437001653,0.05271885972511087,0.02528696305670808,5.551115123125783e-17,0.024324049126170588,0.019754379702545455,0.034770499601304905,0.04204024838354087,0.007412226227965002,-2.3800133869988915e-05,0.0,-5.551115123125783e-17,0.008970403246979619,0.015691323793039447,0.0001487031524821103,0.008926763070296828,0.040893115158445514,0.0,1.0019921505122209e-05,0.004765828927692117,0.04329401790965903,0.049303757495517964,0.03394182494422526,1.1102230246251565e-16,0.040454915177808415
0.027225792544850913,0.06640781222851344,0.07449795332200615,0.036719747426864846,0.0482692999377613,0.0,0.045402375084760194,0.041845343356110065,0.022712181776070928,0.03236297359849061,0.04417579021207396,0.02465666856531118,0.04210586257117699,0.012031223414545267,0.0723756354046356,0.05001180433179059,0.01679350295402271,0.04743794549261382,0.0636525378613223,0.07915884149368163,0.052695376972387686,0.06452925586038899,0.06671675426094709,0.022827902171964565,0.051892252676555894,0.07175354673897688,0.06457435889039542,0.039062518313051464,0.02642891930377045,0.05917694583175509,0.04416702920244453,0.041226271661632286,0.03895578383276971,0.03983247888729119,0.044002701540082956,0.011361629969259768,0.015600243153360782,0.01772913834024098,0.03640080051043393,0.1124650082022493,0.04526953985030524,0.0703613371944416,0.02710925898755223,0.04782326429775269,0.040841181881202115,0.02371539657670574,0.04349833759548094,0.03560144177482094,0.016348801617723396,0.02793551273793593,0.026220357666580818,0.041092923240980794,0.03493920202736761,0.027946206848210253,0.032465232720443216,0.009637781647850008,0.014889258896612412,0.04152808307870037,0.008176267725017894,0.051913774639040844,0.0304380625665735,0.0,0.03389651430701229,0.019170119265776275,0.04496524184821238,0.04778763184763746,0.0599769675031937,0.03618784418214582,2.6480506386095115e-05,0.030903423450950818,0.06557803457856948,0.03529258899000909,0.04818779725872002,0.03538785263139077,0.07133388144870811,0.037698479557994546
0.038744519881764805,0.05889448181504736,0.04241375529321478,0.04996645920829451,0.048870477436464665,0.045402375084760194,0.0,0.026640488481101843,0.04099238138068706,0.05531248180167314,0.03993414988694094,0.02133585101990615,0.02272174390322279,0.042561498969346856,0.03766375681028733,0.05972548796438698,0.053930179104390685,0.06517470416993942,0.045396074764763095,0.05640872463209762,0.07746389694291339,0.046105469566566304,0.038227607923882634,0.05151901905740991,0.05073917319153132,0.05491220248684697,0.057652888078029985,0.05888420589936749,0.04720188041582585,0.05010656881633019,0.05801920619359674,0.044250500239956136,0.03174463122720106,0.0410643425421664,0.05166316361886791,0.050597575635602965,0.044841744425450414,0.02304074051120447,0.04085983413644029,0.008118175841869857,0.0021755844583994377,-0.0143203565387095,0.017438818369265086,0.041495311193398776,0.05590329590026105,0.0,0.03386658303971796,0.014752807544319402,0.0,0.03358788262700407,-0.00012230098949239654,0.01695652841547657,0.013168119573468251,0.02956226066792733,0.06703740964165095,0.0019029474780467015,-0.004920531412091866,0.05852753720142867,0.004298041797702656,0.036492618612706584,0.025325187291837525,0.0,2.166383185270293e-05,0.0529586296923199,0.02893295830955306,0.012393190546610588,0.029922221612639466,0.01732385575210127,4.814768715527551e-05,0.02211846104527254,0.03405375481787998,0.014020576791750616,0.048079497209045696,0.007744599644391947,0.014570701244220774,0.043313082571659556
0.030368033021686558,0.010366559409542009,0.05817912215955595,-0.09374352438118566,0.06059831899727419,0.041845343356110065,0.026640488481101843,0.0,0.04072304485318312,0.03251864911320046,0.07496174301589748,0.014556418722791564,0.02152186997822325,0.0018152953263227967,0.10124156506407994,0.027280135430850616,0.012469810243570412,0.015232703401835024,0.06726463003778921,0.008320771116254788,0.04076281825122807,0.05960699440442513,0.04453767946081599,0.04556282507627474,0.015293642994248291,0.025338264171644587,0.0755430714429054,0.04411169507652146,0.047890922547454584,0.0699892830724888,0.038758434643008155,0.006499474962746721,0.042665566204819094,0.026737639308704264,0.006142452903332596,-0.02881983020875134,-0.10381920633172415,0.04424909724251641,0.009614860719303786,0.03491675511243342,0.02302774618443626,0.04707280436740169,-0.004756542607655678,0.020817457847594978,0.0,0.07830480949083563,0.02243916472674984,0.08360025666834525,0.0,0.03475014384518532,0.028637905050136137,0.06631251048070119,0.07372475132217637,0.0736271662614073,-6.27016011933712e-05,0.06548104350097794,9.471516718706496e-05,0.024580777237914686,0.040581653454654476,0.047951616333845926,0.010415231439412087,0.0,-0.00022676470618526734,0.05234992841810737,0.04320386296283035,0.04289058417685404,0.04670570256005291,0.013813274834148515,-5.551115123125783e-17,0.03284692463757549,0.050324207988321656,0.036213819352197696,0.04399340612736269,0.03622385798909766,0.04830103809894287,0.020192942684697734
0.028155708233369825,0.06624359992398804,0.015568935467248524,0.013456925315755763,0.0380541640522738,0.022712181776070928,0.04099238138068706,0.04072304485318312,0.0,0.013001049847388091,-0.0030083256516724166,0.008383125099638622,0.028188628027945417,0.03286166756107989,0.019961731888016032,0.04603162701947361,0.03431511115516739,0.016168816282131127,0.04147526359453918,0.07525950664263259,0.05777960077568678,0.06488178216948537,0.07048049802212242,0.04076486746610736,0.049132412993991736,0.05473405482665783,0.01004740076119065,0.03765058032299773,0.04272585361328157,0.05757741939343297,0.011689367516967808,0.021225086465969878,0.02199594846234132,0.0075324891830317875,0.017604136610704313,0.007231738443370717,0.011288250147893142,0.0071850289154134495,0.07192640088523033,-0.00792290668375717,0.05900106613481171,0.023549988167518632,0.009206799080413275,0.03975395505576379,0.027209524436591748,-5.551115123125783e-17,0.02143983696670082,0.06160457670453823,1.6465214963679031e-06,0.028702625553594818,0.0250460065961996,0.048149859691700825,0.043861423263335086,0.055933558087567836,0.008589965067462846,0.056999493133195744,0.028439949708199852,0.048687057463647876,-0.004686082445606976,0.019458533338219508,0.011029937975982618,0.0,0.0,0.03665132105444391,0.025476885818342787,-0.001596023911139055,0.014718844832220856,0.03784769723614223,2.0264271622383312e-05,0.010614421321656908,0.04870288749034135,0.04487654960982412,0.04523579260029764,0.03570711603886639,0.02214699869044412,0.04808113608256104
-0.0023221940412044284,0.038046170796393164,0.043390769704570176,-0.0359704200205819,0.005712152684671901,0.03236297359849061,0.05531248180167314,0.03251864911320046,0.013001049847388091,0.0,0.02584892179287529,0.012025352600113504,0.05599372327473762,0.03721219941781395,0.01468597631122781,0.04560979037201135,0.038892968418196616,0.04197037449651342,0.03830274536293271,0.02389337076281961,0.02232888683694184,0.0673156123204749,0.034430933793493324,0.041171029954978455,0.06709798821701363,0.06321162040174849,0.055622868977617035,0.04412237371661554,0.05691575517825398,0.041320522722041564,0.0308299567752246,-0.012918949130766688,0.0396195438568725,-0.033999601925613354,-0.030873855629109936,-0.06645276425942248,-0.04346300014066834,-0.004128303032860048,0.07376522292605447,0.021847566128823492,0.02315686350566043,0.019531884342214867,0.12758574082011298,0.0222351188423337,0.006154448959364178,0.04369181229660668,-0.023933899207618514,0.00017989640729543233,9.349177150508314e-06,0.00039540109940233714,0.028934843474144267,0.021777017784720742,0.0028001608165388325,0.012364166289724476,0.021582179228928966,0.014993233780334903,0.01500285062810558,0.0370991970584621,0.0,0.00039861421823039755,-0.01232212484164058,0.028827381803031737,-0.0022736951075482126,-3.0731235217684727e-06,4.993049165968877e-05,0.025050665030165176,-0.055547158102822236,0.026275508578278317,0.06059024907212168,0.0012976753036301747,0.01820082085631819,0.004751350948199506,0.05890531059578019,0.026756920030311604,-5.551115123125783e-17,0.02196547134931448
0.017198600992568536,0.020277933631736578,0.06289702547976889,-0.00573801472417268,0.019102632905013794,0.04417579021207396,0.03993414988694094,0.07496174301589748,-0.0030083256516724166,0.02584892179287529,0.0,0.005211647497062988,0.02354952854754999,0.006925036115697447,0.0,0.00010450319477989245,0.0339772805120776,0.036115074165746275,0.025891260671548955,-5.208275602108792e-05,0.03732420186143265,0.009030677514760499,0.06465697705549223,0.035349774420018465,0.04505034485181053,0.02635011974294016,0.05429409188730766,0.029072300683015417,0.03452650481322311,0.01813625282334047,0.019797056608436225,-0.06189740648427383,0.023439845987886343,0.0032151035158512475,0.010513388512486121,-0.04227252296208789,0.02389781142488212,0.013942208808069345,0.042579245261710974,0.003845497576337731,0.04877812577723767,0.03512638353075265,0.040385251287315405,0.006949115449801979,0.011383265980458135,0.0,1.1102230246251565e-16,0.038742894229108704,3.1882880163758287e-07,0.049586068664213834,0.023909532353226126,0.06350933447018042,0.061949784743131286,0.0629224923041839,0.022988805658451072,-0.010893728264168012,0.0167143764408888,0.013720330423693583,0.07411992971629588,5.551115123125783e-17,0.0,0.0,0.0,0.03268174276966962,0.00578446766977192,0.0,-0.00010779029385710182,0.05876312505774217,5.551115123125783e-17,0.0,0.00014153426779339728,0.04765956883896316,0.0503608022860117,0.017863699449695458,0.0,0.056849356029404996
0.08388991741247148,0.030941916014846027,0.04092787488132138,-0.018322839316176287,-0.02295164562169344,0.02465666856531118,0.02133585101990615,0.014556418722791564,0.008383125099638622,0.012025352600113504,0.005211647497062988,0.0,0.026090720888216845,0.020556064982983346,0.028266055153404857,0.009484972995565555,0.04898929314840489,0.031398627405216095,0.045826474546180884,0.00963617885346607,0.05494029582280402,0.01951495113448143,0.02425452077485485,0.0426176092691814,0.03795609332049232,0.025554001396036086,0.027085302841520387,0.0041553095209412305,0.03465098347355239,0.06222631402340989,-0.006745567142450004,0.0040523152254670625,-0.05607721576033822,-0.062336244087675186,-0.011323622334295791,-0.03462714912058279,-0.03195032586650831,-0.035569946254611434,0.013915691083433823,-0.0028234793739683184,0.014057263329640912,0.07795635512410837,0.028914942208575878,0.020589833257235124,-0.05156345670733231,0.0777719543973957,-0.02417816233895148,0.006239860689631116,0.006765100256628659,-0.00042712581714443587,0.03158672282185171,0.02097576897706921,-0.00021350316507612321,0.020862002829863835,0.02593141175275787,0.00866338241687642,0.02367324905216206,0.032814484875133554,-2.0144303204294722e-05,-2.6508447290851667e-05,0.009474470246334077,0.053948878331649575,0.017978739874553895,0.014349271468668934,0.005504348911292534,0.014131775314279227,0.009848543833171408,0.005200901968002769,0.06647878866854862,0.025926056167767275,0.04393778929513015,0.03159578843727745,0.03367696361430356,0.007003710614560954,0.0,0.010620594822916607
0.03586861323140955,0.05728130416212984,0.04693505741747067,0.03086692627774984,0.04291125529945827,0.04210586257117699,0.02272174390322279,0.02152186997822325,0.028188628027945417,0.05599372327473762,0.02354952854754999,0.026090720888216845,0.0,0.019214483245986902,0.06580093008802901,0.061744111195410956,0.048236953126651605,0.06693108788566476,0.026922970975027605,0.05568364984647145,0.04141394578055646,0.04934891005387637,0.056064591096072314,0.0712289510104997,0.04702412508136883,0.03185190920824238,0.0668734017773856,0.03713735320664813,0.052449427723439634,0.056395622940872414,0.061765676918300594,0.046282414840523256,0.02849282424971933,0.036215072031828,0.04102949754591334,0.025653447981255906,0.027940414953952164,0.028937720225566788,0.06500472552061592,0.04379614662808601,0.10091678409200794,-0.00812022310724625,0.016976545388842357,0.02365635986017922,0.07611956516677221,0.014700596615906392,0.032660575449163065,0.04845616578983458,0.0,0.035233991630366446,0.02272154010106686,0.027613237568946403,0.02864381709507463,0.04759121001765021,0.05379421055909239,-0.008397516420753148,0.08050582051956456,0.041036102168378275,-0.01107982595132162,0.05607204717762354,0.027777713663829307,0.06348207397404737,0.022807839930640728,0.05658840130612508,0.05219662360303934,0.049243827915468,0.035405447097792586,0.028733945057304866,0.07496336292732747,0.052958625508945645,0.0425013864206103,0.02657059595098077,0.04759560293240561,0.029774530261639065,0.02188332053833064,0.049066257708409
0.03251201079700761,0.009743877687655222,0.03103078988250746,-0.020171978282819747,-0.02759031662804151,0.012031223414545267,0.042561498969346856,0.0018152953263227967,0.03286166756107989,0.03721219941781395,0.006925036115697447,0.020556064982983346,0.019214483245986902,0.0,0.03451118790172353,-0.0004771288784780614,-4.284133413318125e-05,0.00010394586616641055,0.04689480328900886,0.015880798262930984,0.02245186583323805,0.008962995265602236,0.021494688721687305,0.050769403525183776,0.009148727056404682,0.01675065397637615,0.03570989811061204,-0.000696372699870329,0.004466865969390388,0.009436157406199297,0.07224245904255766,-0.06567004770958079,0.004518194505226114,0.03653720637621327,0.04742564199144694,-0.028836334083944676,0.005124537888784864,0.004412416479566306,0.044603245338779296,0.0,-0.008551865618672105,0.00022968256907729412,-0.045588346599046536,-9.177483093480987e-07,0.0,0.0,0.0,0.018623669812391053,0.0,0.02477307319989408,-0.03612224089595939,0.017527250282336426,0.05549208273614964,0.039060595854966795,0.0,0.006347234852212724,-0.0002316832194930174,0.027337982040029685,0.05176280051889309,1.1102230246251565e-16,0.0,0.0,0.0,-0.037939684970123955,0.0,-1.1102230246251565e-16,0.0,-0.0775077583644897,0.0,0.0,5.551115123125783e-17,0.04149394870523454,0.014221351323668419,1.1102230246251565e-16,0.0,5.551115123125783e-17
0.0888508868213162,0.0671753601228442,0.021082956689490118,0.03281637974570184,0.0114396985012587,0.0723756354046356,0.03766375681028733,0.10124156506407994,0.019961731888016032,0.01468597631122781,0.0,0.028266055153404857,0.06580093008802901,0.03451118790172353,0.0,0.07574688512465844,0.03682476249726485,0.0859692297517698,-1.1102230246251565e-16,0.0739017327469646,0.07471263386369881,0.0803794631890572,0.07049225559901545,0.11978096083287115,0.09370675895036829,0.056045111510896584,0.08118274764167366,0.07660270925729129,0.04809359118904566,0.04415520358429059,0.06021416788045808,0.05865909445442191,0.06259331100599619,0.05989387907536581,0.05386627761148621,0.04046363881120807,0.02159316085111873,0.0001019667306279004,0.04626104831981648,0.05253198365192302,0.03995180025597034,0.04424174891206334,-0.01298357540280215,0.0065630099930316654,0.0,0.05289333127020013,0.04271068673905387,0.027657079292154607,0.0,0.0,0.05131531986509191,0.022881219056063662,0.03329126451492287,0.0033071660291870697,-5.551115123125783e-17,0.0,0.007481297014746424,0.033053854572887675,-5.22641946421043e-06,0.061929464172836846,0.04503885619024661,0.00018268812657112887,0.021214128008118116,0.0,0.06619518026901228,0.0652569917036589,0.04217497674598203,0.06963377697225209,0.10412653915927284,0.05103287036842552,0.04847286571211118,0.06809919165908784,0.051740527338883624,0.041443294485461635,0.03404040968680533,0.031094615489754063
0.05846403726986982,0.0476266292364837,0.0420391932939263,0.0002871157860076523,0.03482426288512508,0.05001180433179059,0.05972548796438698,0.027280135430850616,0.04603162701947361,0.04560979037201135,0.00010450319477989245,0.009484972995565555,0.061744111195410956,-0.0004771288784780614,0.07574688512465844,0.0,0.056716343188210894,0.07089216974776874,-0.00014584896730812646,0.06441915431115414,0.05186855055440859,0.05450277773881934,0.06790999763742539,0.040765507071229945,0.06050039076047342,0.058586815596300634,0.06077801885841472,0.06261818994309842,0.05507496105607351,0.060394097077072495,0.054286415738264315,0.059587688314402365,0.09160643310909589,0.06847361390601903,0.07990040559836492,-0.09393265421337132,0.009373923666262496,0.0075807218514321595,0.03396359620067907,0.03950166263189592,0.02384036827435687,0.03721309252823274,6.8148522138766765e-06,0.0,0.0,0.07109972934190195,0.03131349683039958,0.0,0.0,0.0,-0.0013386443315063778,0.007538306775724757,0.011159273245711088,0.0,-0.012956528300704706,0.0,0.010375866926513322,0.024411435169673368,0.0,0.04869914110660839,0.035782922936700656,-0.030294436894956422,0.03807865965343288,0.0,0.047620808832575856,0.05715548044182983,0.038607373197496964,0.047342166158963084,0.0344525734964749,0.025522355108255235,0.05413934534653975,0.06506225231923402,0.030439456677982923,0.020242129629817918,-1.1102230246251565e-16,0.02696837856956158
0.027650018718962,0.06852729762599746,0.024967449355639604,0.012508291452498654,0.0295614424738036,0.01679350295402271,0.053930179104390685,0.012469810243570412,0.03431511115516739,0.038892968418196616,0.0339772805120776,0.04898929314840489,0.048236953126651605,-4.284133413318125e-05,0.03682476249726485,0.056716343188210894,0.0,0.0110101209008302,0.019944245218440404,0.02469001152040512,0.0024084337146832446,0.05179765082800625,0.023217707692392453,0.06551848367189289,0.05716979231301894,0.03635209878472767,0.013967798116045538,0.06489986144284077,0.05065537935092057,0.03540464441552876,0.06282872052534183,0.048808581061620504,0.053798292820682825,0.035210351434541265,0.02324673577486075,0.026207162587207233,1.8897401165174355e-05,0.02013432896490125,0.003845630453581439,-0.02529826044857192,-0.05625300316847737,0.00586004227339787,-5.551115123125783e-17,0.0,-0.0291861065990906,0.02087359532235855,-0.06436537796690811,0.0,0.0,0.0,0.0,0.0,0.0,0.0,-0.0012104953139849828,0.0,0.00606663704022703,0.015672505076970322,0.0,-7.61277785522596e-05,-0.05774082194557517,0.02623156813580807,0.02021294359480147,0.0,1.1102230246251565e-16,0.0,-0.014591252305864999,0.0,0.04552088215641098,-0.005038806165869381,0.016751469478820225,0.0,0.025718965933811788,4.107017312449113e-05,0.0,-0.04600197248145854
0.05756562671075954,0.06598519936506897,0.009530296560841589,-1.5607147542617827e-05,0.04656818468071955,0.04743794549261382,0.06517470416993942,0.015232703401835024,0.016168816282131127,0.04197037449651342,0.036115074165746275,0.031398627405216095,0.06693108788566476,0.00010394586616641055,0.0859692297517698,0.07089216974776874,0.0110101209008302,0.0,0.00795345932117908,0.0771791666313083,0.05042607106801028,0.06622697810292899,0.06236066545281305,0.06547851358738915,0.07211735530932067,0.07073852029993655,0.06230281898967488,0.07723603403508211,0.0595901748536698,0.08623160027431115,0.055120661828112205,0.05920830413077566,0.0820665729597777,0.043462779530021145,0.043480996007658645,-0.030805160484897676,3.149507028948895e-05,-0.006847064110800827,0.017905977725218736,-0.0016675174498963496,-0.017707914934986357,0.013427592605148142,0.0,0.0,0.009007515871118199,0.07918384929341049,0.016083584435746756,0.0,0.0,0.0,0.016106083415353023,0.00013282482197568557,-0.0003979497295986678,0.0,0.03496817724292356,0.0,0.04483199358480511,0.01794436408430994,0.0,0.05463300099699042,0.019959709924035896,0.05967171709314234,0.038308101591102706,0.0,0.03339971277988879,0.03204813444479804,0.036146769525443434,0.024581020792498187,0.06457702172902846,0.012042798023321366,0.03370974632979479,0.014198915947830903,0.018630124939109316,0.021501078326291945,0.0,0.009092830421663867
0.0,0.011298096435630622,0.05258430203159575,0.020253793135490916,0.042853099797874994,0.0636525378613223,0.045396074764763095,0.06726463003778921,0.04147526359453918,0.03830274536293271,0.025891260671548955,0.045826474546180884,0.026922970975027605,0.04689480328900886,-1.1102230246251565e-16,-0.00014584896730812646,0.019944245218440404,0.00795345932117908,0.0,0.00032433281329447006,0.00908919270307712,0.009599355860721026,0.05488685058743731,0.03840003383949797,0.023799855919622304,0.01660706169630033,0.05446725855366186,0.0322016912111428,0.017374608096381527,0.044710689974657825,0.000749763794461511,0.01550859696257506,0.004828353856674017,0.008117784319658483,0.028852982948904038,0.020617739315201833,0.02936367032626891,0.052863771757164724,-0.00614478007209146,-3.757047277175296e-05,0.0296779036301979,0.012895757220345472,0.013661520982568232,0.014824822710634622,-0.0005294418117772759,0.0,0.0,0.11511178760053742,-5.551115123125783e-17,0.030645700537885845,0.018437187534504185,0.03942579103501753,0.03398589904428395,0.05007760363409064,-9.859613678619983e-05,0.10410858487524399,0.03302636149593485,0.054558331873298394,0.019470723816370883,2.220446049250313e-16,0.0,0.0,0.0,0.06418309371334163,3.535346145255858e-05,0.0,0.00010953631187743396,0.03828058800686329,0.0,0.0,-5.551115123125783e-17,0.039598647467454895,0.03921457749725177,0.0226959968052321,0.00012188311788696726,0.03155651878180388
0.07580402102364425,0.04968185392284691,0.04869149196509909,0.045756667061741974,0.06667891066811427,0.07915884149368163,0.05640872463209762,0.008320771116254788,0.07525950664263259,0.02389337076281961,-5.208275602108792e-05,0.00963617885346607,0.05568364984647145,0.015880798262930984,0.0739017327469646,0.06441915431115414,0.02469001152040512,0.0771791666313083,0.00032433281329447006,0.0,0.031218575175021968,0.07108391972023159,0.11475488810072398,0.07121363955402349,0.03687269954781386,0.06542723064537981,0.04268516785639892,0.04827750373287487,0.05388140018985654,0.05515128775045458,0.04018646521821756,0.05166830359075175,0.042695758259748584,0.056714750747654474,0.045558289290002996,0.032237215039840894,0.03826694228441263,0.0015955830363508228,0.04468963822798194,0.040413231480285194,0.024353497308745198,0.032810268896611594,0.03392061657586992,0.015395645555394522,-9.191591962665058e-05,0.031767737309378374,0.023902543787206687,0.027056767658868275,0.0,0.0,0.029236244779550835,0.04535854894526392,0.060086024698511764,0.02448149993289689,0.0004631488406651174,1.1102230246251565e-16,0.019637217485704073,0.0510120267956653,-1.1102230246251565e-16,0.04033301067632861,0.03465575932871279,-1.0840959103530778e-05,0.022058293773190296,0.0,0.040974771902138274,0.05204529967210347,0.035782605168586556,0.052361110102103314,0.0,0.016655720149393927,0.03867111365795306,0.047652638896121036,0.04051199986750725,0.017884800423796143,0.03219206404871067,0.021721627636330287
0.06564704278708211,0.026758123927348276,0.06712740217935231,9.719835980198654e-05,0.026922968991318186,0.052695376972387686,0.07746389694291339,0.04076281825122807,0.05777960077568678,0.02232888683694184,0.03732420186143265,0.05494029582280402,0.04141394578055646,0.02245186583323805,0.07471263386369881,0.05186855055440859,0.0024084337146832446,0.05042607106801028,0.00908919270307712,0.031218575175021968,0.0,0.03313482874783702,0.06843280424626141,0.06828492992369656,0.033091163300827287,0.05478480428047772,0.07966067909343322,0.0613457118942079,0.027594674485409754,0.08902277811205578,0.03823583502811495,0.034377654558345905,0.03793693984615737,0.042147050605039815,0.029847058593625686,-0.002352904719618576,0.016918841084766656,0.04206209947472872,0.03960031418330884,0.046612983675668684,0.0386299544653238,0.06060521506428829,0.0331771458161606,0.0,0.0,0.11295045732415043,0.04028419851688064,0.04178505189873871,0.0,0.0,0.036664412640183774,0.03911372435990479,-0.0191352994840705,0.0043201835094315855,0.045158467220903054,0.0,0.008340173699788678,0.03940756465151807,5.551115123125783e-17,0.04182043105544686,0.04543598670217963,0.0,0.04048241123897933,0.0,0.06444241130909101,0.04422537675284566,0.0397888795544295,0.03888152497208064,0.08716362593392685,0.06027005795205426,0.045232307382682246,0.05505887160667494,0.03719012153459028,0.02946325481962786,0.035056021132660264,0.03369842724648253
0.039648060663394935,0.01224608221361323,0.04150021607332549,0.024876831810226485,0.05546617916224056,0.06452925586038899,0.046105469566566304,0.05960699440442513,0.06488178216948537,0.0673156123204749,0.009030677514760499,0.01951495113448143,0.04934891005387637,0.008962995265602236,0.0803794631890572,0.05450277773881934,0.05179765082800625,0.06622697810292899,0.009599355860721026,0.07108391972023159,0.03313482874783702,0.0,0.0877085528922929,0.014151517044443118,0.03471795636562319,0.03383631343609933,0.06811982576147363,0.062381801925865954,0.0663587915826887,0.04755914466082606,0.05728586383984424,0.060186538097759035,0.041623272383147614,0.06354076365453509,0.05922406564839694,0.04362681458191642,0.03302924349516684,-0.016818474256163896,0.02677759920148176,0.03594282768541618,0.018959022392171287,0.036239263417011,0.007476721665761521,0.001986015001153696,7.924740361686666e-05,0.047398089920086595,0.03159893749651188,0.020866334696854283,2.873943987014016e-06,-4.577150283002762e-05,0.026965374138498033,0.020443581879083073,0.024027038515940735,0.022335807296049615,0.019649071378532668,0.0,0.010389770466888937,0.03155627810061168,0.0,0.031321817594654466,0.035028580864639725,0.008236500552206982,0.022048523292791056,0.0,0.04067300014231784,0.03233275210261888,0.023733856833831113,0.04457705579173116,0.040184831811907296,0.013073531292274843,0.04065277033045106,0.0492614131777368,0.03686154123151142,0.021171769045607025,0.0030825842566267747,0.009547645083055278
0.044232006178568206,0.06883708375601055,0.06799530623820033,0.05428402515040326,0.06354309758781723,0.06671675426094709,0.038227607923882634,0.04453767946081599,0.07048049802212242,0.034430933793493324,0.06465697705549223,0.02425452077485485,0.056064591096072314,0.021494688721687305,0.07049225559901545,0.06790999763742539,0.023217707692392453,0.06236066545281305,0.05488685058743731,0.11475488810072398,0.06843280424626141,0.0877085528922929,0.0,0.04986049250010555,0.05861891287971516,0.07182108087577127,0.05595718967048097,0.07019710382945998,0.05955221323737597,0.0732682861166507,0.058212918033928474,0.06021250060277855,0.05920943625915237,0.0591028821971199,0.056133774102538336,0.053958124979706756,0.04572502416967006,0.021728598007218103,0.0387404179068368,0.04965681989556514,0.03937783504899284,0.05183483415382706,0.018976072919459408,0.04614703122159386,0.016433163637756987,0.06493675728710441,0.04938033421955068,0.08317350136379431,0.031778254909994585,0.04857882700531524,0.03690825118546803,0.053045628999263794,0.044303350213741155,0.05679289833535195,0.032837408360197384,0.10729513033863458,0.006168971300608617,0.044135314456056673,0.042774278036805724,0.05967755076507564,0.04220552465071242,2.6371831960025904e-05,0.03729195745587516,0.08022680802608129,0.06129438858167319,0.08072729594960704,0.05419632565825999,0.035846906569824144,0.00010163178972660836,0.03745447075727765,0.06237489224146281,0.04176491929043313,0.051065498451459024,0.0410059205505483,0.046908724430885784,0.044740736817375004
0.10153984248156667,0.02086647341843656,0.03754307723843281,-0.0416949566248116,0.02260268922321307,0.022827902171964565,0.05151901905740991,0.04556282507627474,0.04076486746610736,0.041171029954978455,0.035349774420018465,0.0426176092691814,0.0712289510104997,0.050769403525183776,0.11978096083287115,0.040765507071229945,0.06551848367189289,0.06547851358738915,0.03840003383949797,0.07121363955402349,0.06828492992369656,0.014151517044443118,0.04986049250010555,0.0,0.047172850155326684,0.04554409254785896,0.04036723283365656,0.058430206234552584,0.021303328741738903,0.00894325585310618,0.051327300859931924,-0.03349573088478769,-0.04383988332768976,-0.016885348437084058,0.02483152817292883,-0.050096245259732886,0.0017206188291045144,-0.04763666722352439,0.09601311755678765,-0.04349996543379275,-0.04131811794928597,-0.04345624536122933,0.012058273592136792,0.0028422686228530836,-0.03544146882746252,0.16429848452761797,0.04297746928222995,0.0,-5.551115123125783e-17,-0.00010416390486384097,0.00361833191575317,-8.925826940781034e-05,-1.6653345369377348e-16,0.0001855590726204115,-0.00617213652095383,0.00013650751013105644,-0.007805277308236269,0.010127119836285503,0.0,-0.00040498302380126416,0.032907929241736855,0.055531827405781164,0.04420513638170248,1.2693682288567043e-05,-0.00016164837827853384,0.010311919787804824,0.024919855613088293,-0.00031872612910383014,0.0728334930340721,0.03256583018047138,0.04938470012355767,0.015905646437673504,0.033796153638528115,0.014522473588670148,0.0,0.03926566577790669
0.04743524688021944,0.02947945202235741,0.018737918314141067,0.0004708257612453526,0.04109498189499716,0.051892252676555894,0.05073917319153132,0.015293642994248291,0.049132412993991736,0.06709798821701363,0.04505034485181053,0.03795609332049232,0.04702412508136883,0.009148727056404682,0.09370675895036829,0.06050039076047342,0.05716979231301894,0.07211735530932067,0.023799855919622304,0.03687269954781386,0.033091163300827287,0.03471795636562319,0.05861891287971516,0.047172850155326684,0.0,0.04724506079322949,0.059279931750196635,0.04188461921117881,0.04395262467781064,0.01645397437297358,0.04278035041452988,0.03728414601730118,0.04650598904670661,0.026593732432805273,0.02800260650738351,0.028189293851595576,0.002317129990836664,-0.003393126576922756,0.00863415452064209,0.0003895538437542201,-0.01631738670385402,0.007367626909960956,-0.0006271276892050315,-5.551115123125783e-17,-0.05071750277323017,0.07180352975152982,0.005563026685993844,5.551115123125783e-17,0.0,2.220446049250313e-16,0.024306393419181838,0.012942487703201888,0.048311978719561,0.0004616312747294793,0.02129893244841835,-0.0002682348916047683,0.03857659940779001,0.015704804142954054,0.0,0.0425143668250208,0.012598318275303722,0.041671738506187495,0.03148991257810296,0.0,0.021450150815718827,0.03257529837610801,0.018777159470861282,0.04240379590339177,0.0643992267171471,0.012615791502654794,0.029070991462882945,0.0374570444951598,-0.01223903164776885,0.02790757728442045,0.0,0.000275710882867819
0.057171122659507356,0.02348701692495231,0.022943540592113565,0.030557694321987627,0.03452689123266017,0.07175354673897688,0.05491220248684697,0.025338264171644587,0.05473405482665783,0.06321162040174849,0.02635011974294016,0.025554001396036086,0.03185190920824238,0.01675065397637615,0.056045111510896584,0.058586815596300634,0.03635209878472767,0.07073852029993655,0.01660706169630033,0.06542723064537981,0.05478480428047772,0.03383631343609933,0.07182108087577127,0.04554409254785896,0.04724506079322949,0.0,0.07683288369380664,0.026517167568259836,0.059227418898298745,0.04132614783998917,0.04193089965915753,0.047508080370259775,0.04653406669737736,0.04255849274560436,0.0495578731137411,0.00858454570416034,0.033451531918321564,-0.012578947465472667,0.03001528781228663,0.004953629676222426,-0.0032419792530570812,0.01862970288867355,-0.00031242135845377383,-1.8916326591900123e-05,0.02236039639698123,0.07670929033035301,0.04199348021117677,0.01775841005530271,0.0,-3.980351265281401e-05,0.037865855244903046,0.029068320146261484,0.05678807608231895,0.004376672832588302,0.03127801513297146,0.0,0.045325688655760255,0.0240256184765828,0.0,0.03611459727513555,0.032582793321714265,0.03980891566240907,0.02370695116997923,0.0,0.048488322823579955,0.0673455685007407,0.03939063555222644,0.0468249566704832,0.06995788265490777,0.011799942823714216,0.04553801451101863,0.06041474503543337,-0.005586056483592672,0.049891921328373834,-0.0003737177194523822,0.0064186723539221835
0.07502974999658246,0.06378418708169165,0.026491601075620153,0.041481383009366934,0.050117893915350764,0.06457435889039542,0.057652888078029985,0.0755430714429054,0.01004740076119065,0.055622868977617035,0.05429409188730766,0.027085302841520387,0.0668734017773856,0.03570989811061204,0.08118274764167366,0.06077801885841472,0.013967798116045538,0.06230281898967488,0.05446725855366186,0.04268516785639892,0.07966067909343322,0.06811982576147363,0.05595718967048097,0.04036723283365656,0.059279931750196635,0.07683288369380664,0.0,0.07069068957945612,0.06741150340660834,0.07591382882649966,0.06082401807769283,0.06400713707006034,0.06751533150609762,0.059180710242253576,0.05824984340054962,0.058292414113455315,0.048447755246896484,0.03785053808540273,0.04377094532131476,0.05844488981877416,0.042605410743715155,0.04700481941170176,0.05353760946860686,0.042345772635611456,0.03709690734894361,0.039992636447941765,0.07532953348344568,0.07585584661687517,0.010009970151883596,0.06705107131952137,0.04312346348927332,0.07945034627890657,0.06392483326572929,0.07517708568783243,0.015078502626805435,0.07387697830091766,0.02063029387564791,0.055279679447906904,0.05565865643853418,0.06081566786706677,0.029245305678349598,-1.1102230246251565e-16,0.034294774322347066,0.07095411741436775,0.06470199179769848,0.07545623044964128,0.04935996828587186,0.04637093199685238,-5.551115123125783e-17,0.03190734264248973,0.07362037074839178,0.050984064525927186,0.05035149166666841,0.04788574880572283,0.04550330896262722,0.04897173625595164
