0.0,0.02457485327157627,0.10087761487904012,0.0,0.011048449415459016,0.07852497750364051,0.09432588620117882,0.07725288281973386,0.12092933715681897,0.06628764600449766,0.0782470586238812,0.05445989452362854,0.06236919320327977,0.07995195803789046,0.013117048290775868,0.014842868517281449,0.030818213453702892,0.03861720010405506,0.0,0.029959626195697142,0.04218858690478955,0.023052939972607045,0.05554930707095285,0.04924267792853454,0.03174562281573373,0.023195392205315413,0.048378610298354385,0.0369866669527677,0.031184076179599285,0.020978116038693206,0.03348063236505794,0.0365653489273694,0.023194719043544587,0.028003011650909737,0.033072054449176824,0.08471289385379849,0.0008899336662616109,0.07586896646455948,0.06758900878971552,0.03573682297956926,0.062294061144276824,0.10434464694107337,6.512706165123783e-05,0.0,0.029295269360942566,0.10679828767548732,0.038677441003286905,0.0,0.0,0.0,0.04011892979977205,1.1102230246251565e-16,0.06470628077160873,0.0,0.07623908532912482,0.0,0.07998692780875089,0.013654435749190619,0.0,0.022648313381091523,0.049619205708012704,0.03177657003516776,0.06364294746808252,0.0,0.05530713561926204,0.17914390436021416,0.044157477077766016,0.06620676129166747,0.025040120189932846,0.04475392909980458,0.057409459000331176,0.051143564674821784,-0.0003705887322495438,0.06510978267909012,0.0,0.09379660959377789
0.02457485327157627,0.0,0.0575770832952851,-0.00012983627648510687,0.08151019700375395,0.061611374563614874,0.08889725710344731,0.057595348976340555,0.08719316668572263,0.04769463410605118,0.026168766201616955,0.03690732098428623,0.07919879519354245,0.010906680782883926,0.03867067669977742,0.03108460757578091,0.04380804101768182,0.03205654593980101,0.01717319574609777,0.030534037523363755,0.01833119396114319,0.018939761510291697,0.06072929364394464,-0.0045538617220111655,0.03173896919112823,0.014071031004617651,0.05655328495889206,0.07732535669870794,0.05268997075069187,0.03686951286175705,0.04062216699838389,0.03916942133750734,0.017158058142795862,0.03490327181658415,0.038024758839817874,0.02973486359273314,-0.0016053805442357016,0.0,0.04053219899797167,-0.010879083130842737,0.021458485453979936,0.043164107131087204,0.006378612619559576,0.0,2.220446049250313e-16,0.0277288594392619,0.011275673023997124,0.00011636729063707607,0.0,0.0,0.05667923044056705,0.0361234908561629,0.03219769508297543,0.01608783600964986,0.011161482691991076,0.0,0.02529114013360223,0.03918026450449957,0.0,0.039899779182692996,0.028135182245341117,0.034475290125578706,0.008283872088156174,0.0,0.03678729938637598,0.055964277504106597,0.023851963880660243,0.044483083735213425,0.05440071590714529,-0.0036895012011745054,0.029035653107725323,0.02384130109119864,0.03461918524477525,0.05357806178903707,-1.1102230246251565e-16,0.03386427856290608
0.10087761487904012,0.0575770832952851,0.0,0.04842022707971794,0.07887747243835169,0.07833792275077373,0.10730063876473916,0.08505536348403808,0.07817626416252782,0.05825919331920154,0.14248084363366187,0.061774708557695346,0.09270146634031223,0.06153315965365247,0.034992467476297695,0.061289129603907255,0.03707600332740768,0.026515424746748173,0.13792506946071598,0.05655978534242739,0.13547300540758195,0.06143436803158364,0.10242492040401013,0.0463639320026174,0.03335746323802535,0.035584713587493155,0.04006411189247233,0.08460024296748558,0.07937616617205723,0.07413211763616517,0.10012075165802403,0.08876441729027584,0.04336510896667228,0.07373522757963369,0.08552004129053853,0.0542512281866841,0.055742156428408574,0.052851742849876315,0.002030486044852897,-1.3338306214527584e-06,0.0815425132826314,0.060160611117005325,0.061449806978097654,0.018925835059955987,0.0,0.0,-0.00020883728192572226,0.19394704422155606,1.4627712128456594e-05,0.04885685687658192,0.07151571765972642,0.13098027281529845,0.0826174338635367,0.10055079590777805,-0.0005306288544697502,0.13214496380951762,0.03791718909813674,0.0726796164411343,0.051757852713619656,-0.00027583248783114023,0.0,0.0,0.0,0.2487691247163043,0.011870821195936743,-0.005359196344782213,-0.0003663224388740227,0.08935691561226577,0.0,7.848815816474675e-05,0.031252951609997415,0.0871414693808722,0.12052391741516766,0.062345464719530286,0.007778755083880595,0.10258868413715216
0.0,-0.00012983627648510687,0.04842022707971794,0.0,-0.04643960181798609,0.0783315388695216,-0.027397468868990527,0.0493556514930113,0.06836790858405545,0.16117200024407455,0.029723998430677467,0.0358914663424168,-0.027428630298755585,-0.05655137155875109,0.03627046635879366,0.0011469388887795362,0.01574810419882955,6.661005211539006e-05,0.004910123872202465,0.047285510267975395,0.0015727072829826438,0.03004316010601299,0.038917344440956236,0.008471906642243732,0.0002515343499448486,0.04027316548310378,0.04580585588391628,-0.03721230549129706,0.034949093506289775,-0.021656542450120497,-0.01790935071369515,0.006929165479963917,0.07215456225755251,-0.004393598017221612,-0.04169927707051785,-0.05509759668656847,-0.05763577992330943,0.03091796716423867,0.016854995918424653,-0.0014290998523205367,0.019318060228252554,0.010633333562828029,-0.03667320610711372,0.0009437228558055177,0.0,0.0,0.0,-0.0013599457623063027,0.0,0.0,0.014768407681310824,2.220446049250313e-16,-0.00015244597404012739,0.00044652799035393986,5.551115123125783e-17,0.0005154008770945073,0.007711998249472107,-0.0005387924239833586,0.0,0.0,0.0,0.0,0.0,0.0,0.0,0.0,-0.0001344114984293543,0.039882877135567985,0.0,0.0,0.0,0.032894353677155375,0.002621267722824616,-0.0009057402369329615,0.0,0.0
0.011048449415459016,0.08151019700375395,0.07887747243835169,-0.04643960181798609,0.0,0.07664426716337025,0.04273485460708354,0.07971335120382284,0.05815610067425603,0.06928004043660724,0.10732142404422196,0.07670031885095324,0.0695840117045673,-0.007275105604742593,0.018182757675622885,0.043839982170624514,0.057142475565263806,0.05315968506837615,0.10337775629223545,0.07288962802984916,0.03685191354009365,0.06820454617087335,0.09678536342831345,0.08078159889933234,0.09769065675701383,0.07568426203897965,0.08174955078500051,0.011872057052213503,0.07034168368510546,0.10192827109703162,0.09214828515373763,0.11493114472326549,0.040722335370884044,0.07630098442086741,0.11576781054831448,-0.037265877038865886,-0.10035286637935004,0.04741760226267089,0.035191041412583945,-0.007697624140210524,0.023496218417366488,-0.014497501810283087,-0.06634395458473002,-0.028722944560524044,-0.000430890963511954,1.1102230246251565e-16,0.01228248494948797,0.10709041007111675,0.0,0.049910813864256665,0.07488014531186604,0.06256318874561173,0.11189998700540987,0.04205594972611715,5.551115123125783e-17,0.04325568357823073,0.13699845455052578,0.06417644046943843,0.07052445023547832,0.009513747054310406,-2.3181237358171902e-05,0.0,-5.551115123125783e-17,0.040870518328148364,0.019938107508656322,0.0002335987414653351,0.012412390663589068,0.05542665625497545,0.0,-4.276422016447068e-05,0.008351118801269097,0.04853739358850817,0.05819383317280952,0.04148044601677592,1.1102230246251565e-16,0.058178714427711054
0.07852497750364051,0.061611374563614874,0.07833792275077373,0.0783315388695216,0.07664426716337025,0.0,0.06703657652108563,0.08188616689594663,0.04977432755103395,0.09142366740477254,0.09323025291704984,0.048258812124111705,0.05315909545313757,0.08779585968219933,0.052426689435342455,0.05243247016424485,0.026432017002581853,0.05814961721359685,0.059933727144943216,0.05876846001557823,0.06734349209533691,0.05296884019741949,0.06349098531439346,0.09607397463040535,0.07128325641980726,0.07104524774225213,0.06189072163062631,0.03931665639928866,0.038381805830191795,0.049578119760599115,0.05864747664203851,0.07368191585857431,0.06330263348188364,0.06370435767522281,0.07096795297840303,0.0770586193889784,0.0761181084042073,0.05700206429818255,0.07620766130709017,0.04243444383773953,0.09968546143231294,0.0779404987139729,0.06292598158340368,0.06058982934055013,0.04496576936194785,0.03772213882722836,0.0765288147397063,0.09692110953788757,0.0209609217933151,0.054200364819092295,0.0767003379268123,0.08463890773063631,0.08640475650937018,0.08742990169843179,0.04130994684853523,0.04429906021566421,0.06315162449342271,0.08867043417944509,0.06900603388691245,0.07615614021199946,0.03693326600618918,0.0,0.042053312921418895,0.13039037118611352,0.07578452174179279,0.15558194014839555,0.06845210195628137,0.08746373470539637,-0.00011301667429008955,0.04967010596275284,0.06659847537773889,0.07691139501458477,0.10229881941989216,0.06534433150012009,0.08039127685198316,0.10390433786644093
0.09432588620117882,0.08889725710344731,0.10730063876473916,-0.027397468868990527,0.04273485460708354,0.06703657652108563,0.0,0.08453853830126562,0.08142923247307199,0.04025666512195991,0.11515848695725134,0.014401176549332761,0.050837469732257445,-0.03871674888475407,0.06663901775699077,0.0913949046963104,0.04224336551207042,0.07899817843233137,0.11993270366222719,0.07410162566238021,0.08690443427681732,0.07993043563154067,0.07748891356753612,0.02508975979683259,0.10131114067050573,0.07375943225795206,0.07929943070874423,-0.027017532777969033,0.06854249634822612,0.0448078519393772,0.058712673015768935,0.0011240849137139075,0.04088476539462721,0.02238399459835072,0.025905672628069087,-0.05735771492376035,-0.06242148928365529,0.006996295790126061,0.04594264242107593,0.02173402583804901,-0.0024187516406186105,-0.02910622437284338,0.026760417535580838,0.042148461773637624,0.06596781051063316,0.0,0.04399320631305925,0.17398005099091973,0.0,0.058638487272294926,0.08067571770273113,0.06660255173136631,0.04834735302670223,0.06945351150775758,0.02579403966755356,0.05144956876258877,0.0013762640613451116,0.09111023295658749,0.01736287784686935,0.04391408502493899,0.0331473348908608,0.0,-9.245949426589517e-05,0.07544504965474275,0.05058020128501972,0.016612761788533492,0.034590815272069864,0.07690495841072853,-0.0002054904614630093,0.029856037853666806,0.04731650786691194,0.0517412844646839,0.06435983758147978,0.07011150333717425,0.021480767498452846,0.06028607832440669
0.07725288281973386,0.057595348976340555,0.08505536348403808,0.0493556514930113,0.07971335120382284,0.08188616689594663,0.08453853830126562,0.0,0.07388919783463976,0.049635499599352984,0.06857423911784155,0.059093690921390385,0.08588910767229796,0.0688781352563087,0.04280398247421463,0.04449973888565939,0.01592661933594558,0.05744627538112962,0.11409970043854356,0.09556837586020211,0.10468190851965314,0.09370673564679094,0.09396796538899699,0.09824190550465639,0.07119782516037781,0.04713147628243636,0.07999590410715063,0.08300648664021154,0.09585126908595426,0.07444079086075134,0.09243430847682393,0.08981161342962468,0.05831036465722511,0.06735022442699978,0.10407337863194938,-0.00910465960638035,0.02240746443828323,0.06186676496070331,0.0782690424165019,0.04794539458303343,0.08959640463800683,0.08265622551773266,0.02761328767536525,0.024630229676679494,0.0,0.08181951920681341,0.06154558735556148,0.08770766866866142,0.0,0.021957481597964845,0.08269869627141263,0.09500457569974424,0.10686025095667179,0.08410829307224366,0.00026760539757808566,0.031141148557197795,0.0003024402740773313,0.11070206938374338,0.04309578389158775,0.06858256724647621,0.016008023432452945,0.0,0.00010498323579388735,0.09440060316211696,0.0702017956705544,0.06694441718530669,0.07563743187807553,0.09375749834328473,-5.551115123125783e-17,0.03707418012815733,0.06925712269377649,0.08854527098363385,0.11983472180606869,0.07363677064341756,0.11764120236019454,0.13429771617965153
0.12092933715681897,0.08719316668572263,0.07817626416252782,0.06836790858405545,0.05815610067425603,0.04977432755103395,0.08142923247307199,0.07388919783463976,0.0,0.08717748649161838,0.08157915878487237,0.08088433689897184,0.08802724734481743,0.05433366427036457,0.02377558548233577,0.07098650779173149,0.05377281938389672,0.038165109641403794,0.07447080038923942,0.07895168644478745,0.11247410697655419,0.07334922745134537,0.0799565213260382,0.06884486436201248,0.04608321902749618,0.08244497806331003,0.057690067260182165,0.088179619637403,0.06793077932275793,0.0956131863764289,0.10057003383383722,0.08538826566109808,0.0623871522282437,0.0852605717830181,0.08974178197140364,0.06923973972946462,0.08441449624130637,0.0618186132889576,0.04903990679395692,-0.009970019572054456,0.0261938671600343,0.04611855795672587,0.11978877174893476,0.04236811470028423,0.03583878669389595,-5.551115123125783e-17,0.03648200423344028,0.07948208221646913,-7.027221494260161e-06,0.032404455599248316,0.07188414413335631,0.06501891105705404,0.08263920606286956,0.14059812250791792,0.008975902541755953,0.05049261490378637,0.06836622426044603,0.08589171788294081,0.05472123926559841,0.027394749875787605,0.01570451845962595,0.0,0.0,0.09524633926206039,0.03433066750604352,-0.006246048915974578,0.020040027451476594,0.08920698658417692,-8.648628361862531e-05,0.01703837111389217,0.044269588164636275,0.10369230047884548,0.07518661241587776,0.042367773744598936,0.032284700640416,0.06579401970205623
0.06628764600449766,0.04769463410605118,0.05825919331920154,0.16117200024407455,0.06928004043660724,0.09142366740477254,0.04025666512195991,0.049635499599352984,0.08717748649161838,0.0,0.08961218636437607,0.021205482523068975,0.05190190141414336,-0.02651225350067804,0.016995146036731412,0.0700339072106983,0.039977507365237364,0.049826526538621296,0.07502090558895957,0.042390779337527607,0.05970535153567824,0.10038151508737148,0.05406022474052674,-0.004828745966104775,0.033926058777641155,0.08872125453068247,0.05328271653981831,0.04458627863247078,0.04796062205801849,0.05438774531590629,0.015024052528236909,0.029780984492640272,0.0435871595922529,0.03426529342774476,0.04903617778556768,0.03551747020036533,-0.0014230895701475288,0.012313049019928135,0.06397107285117754,0.006529445738119755,0.04025325703750804,0.07078225710157571,0.026144407621568666,0.042509566743527405,-0.0293314067744887,0.04218549873926147,0.0020201792917270978,-0.0007677834167069131,-3.990153713373523e-05,0.0005672508665336418,0.04097281345368092,-0.009991297038942137,0.004282984450174776,0.016432941947897517,0.03131852517044925,0.02249588785069262,0.01376873140536189,0.025541106704596472,0.0,-1.3022229050474454e-05,0.02233322510817154,0.033385574858261435,0.009357864761144863,1.3115844351430095e-05,-0.00021309932788932118,0.04719131187884473,-0.004168970916655912,0.04377413198567731,0.02631457064756426,0.04797693000985642,0.0470054105546483,0.01293704998884354,0.02459964352064614,0.03833515017429778,-5.551115123125783e-17,0.03707317370382618
0.0782470586238812,0.026168766201616955,0.14248084363366187,0.029723998430677467,0.10732142404422196,0.09323025291704984,0.11515848695725134,0.06857423911784155,0.08157915878487237,0.08961218636437607,0.0,0.07548721689657123,0.10528045833448485,0.05316938856824899,0.0,4.0836694871371204e-05,0.07456403485478041,0.06582432511834979,0.14577272367276317,-4.325016719047836e-05,0.06674593863904921,0.01118629414677097,0.1017935406784094,0.08174386273546641,0.0711382824458584,0.0500668420715345,0.08680933613113373,0.09935175747209762,0.051130339417792214,0.02708331874358383,0.11838717251952124,0.11241337577364191,0.03173206823070157,0.09447787549943787,0.10298828179035613,0.03380064894602508,0.10860559652019447,0.053883237987677635,0.049841112039053004,0.010909189699124466,0.05657625768978819,0.04089154690754815,0.002510986461832898,0.02236162691737864,0.01344087292598195,0.0,1.1102230246251565e-16,0.12945504549892017,-1.360735716882111e-06,0.06775842291725681,0.07072033875301886,0.04336694393470092,0.09235743419179732,0.08545040499021672,0.03540704323665034,0.07736817501353,0.07321159673368022,0.046560670390188796,0.025081783310201,5.551115123125783e-17,0.0,0.0,0.0,0.23328087916861684,0.008784588115882341,0.0,-6.473075990182098e-05,0.09212868823475118,5.551115123125783e-17,0.0,-0.0002701979716179248,0.09811815270257007,0.0924084338674872,0.08755505036401384,0.0,0.07016443301822817
0.05445989452362854,0.03690732098428623,0.061774708557695346,0.0358914663424168,0.07670031885095324,0.048258812124111705,0.014401176549332761,0.059093690921390385,0.08088433689897184,0.021205482523068975,0.07548721689657123,0.0,0.04512112579033711,0.05653216925955851,0.033477204655509296,0.029980152466025534,0.03006615740701818,0.04279877476208033,0.052926470637901124,0.01135422538437314,0.05522231205019529,0.024094261165113984,0.05536259258981263,0.01768623561879379,0.02702022817838229,0.04983507558955519,0.040488956420811295,0.0033901864262487758,0.04028912274193702,0.07504387167000176,0.010195570475839855,0.03262622864254,0.03459141670450172,0.012993563245325801,-0.02239716985905904,-0.046171506111451766,-0.04506240996841243,0.0277214439547116,-0.020332265896844226,0.027137636430776546,0.044697439720634335,0.015136620632302089,0.03310065747351759,0.029694914762106728,0.005604758885851657,0.036385066133813704,0.005145715235451431,0.00878053004764856,0.008723438131018058,-0.0012470576931405963,0.03855486158442806,0.04359193724201604,0.0006393153728718737,0.024382720660681367,0.019896418135589622,0.004686909413889662,0.021800748662263225,0.01991742030479393,8.597426804662911e-05,0.00011313592382744542,0.01729978094131157,0.020790907735483866,-7.680300778911686e-06,0.020440231634148986,0.006898352787007345,0.018883362207174403,0.012497854065138037,0.006475849644494935,0.03133267729432032,0.030010352234446813,0.0328350860889306,0.0339460271215668,0.03260609607315257,0.005466965397945556,0.0,0.05077965290456976
0.06236919320327977,0.07919879519354245,0.09270146634031223,-0.027428630298755585,0.0695840117045673,0.05315909545313757,0.050837469732257445,0.08588910767229796,0.08802724734481743,0.05190190141414336,0.10528045833448485,0.04512112579033711,0.0,-0.015884127938484705,0.07011326094665787,0.08394060642883805,0.05719921010718393,0.0701825129710743,0.11034102132308421,0.06666360234482488,0.0844205644035752,0.07124306717790596,0.07153967841836523,0.054348054137826785,0.07467195522681241,0.06193057102461691,0.07364025616326475,0.03576051500806693,0.05524350772489861,0.048750671128856005,0.04142123220980848,0.012832575714344374,0.030459393374232036,0.02984582562028315,0.034022945695917295,-0.04871889989908029,-0.0496412831719113,0.015707562165157674,0.10409432507799332,0.00961342548107863,-0.006583416317404889,0.003293802863059081,0.02526229853491202,-0.014998437824397304,0.055201666553772455,0.020167750750075986,0.040411728046590156,0.06866155180124489,0.0,0.05662512933650743,0.0658937804097316,0.06984726618923187,0.06610048062643181,0.07065205000638242,0.056130500489528445,0.05489297657937703,0.02970589732538259,0.05273468557870131,-0.0008395054692405535,0.11244327566614032,0.03274935701232462,0.017348838839720104,0.029697588994522073,0.06986489870779422,0.09474239988291405,0.064531540194186,0.04972042812209154,0.07540627623145935,0.038527564318173835,0.04794160760449867,0.02761141975877962,0.06088792421819261,0.0781092856353286,0.08063329707906247,0.06020982527571572,0.07669607586116234
0.07995195803789046,0.010906680782883926,0.06153315965365247,-0.05655137155875109,-0.007275105604742593,0.08779585968219933,-0.03871674888475407,0.0688781352563087,0.05433366427036457,-0.02651225350067804,0.05316938856824899,0.05653216925955851,-0.015884127938484705,0.0,0.042622720009904136,-0.0007689799325749647,0.00018284337298146713,6.194459037495159e-05,0.09694976414090045,0.005166708753837013,0.10065848124056209,0.011521775622406916,0.0733198401913856,0.09689349793001939,0.014523034395272638,0.03378518144880677,0.0814578472660073,-0.035073037504948334,0.01414476513218682,0.012416342716858986,0.06501867192380278,0.22640815607509546,0.041715068777339825,0.026414419193795058,0.05364045281919699,-0.0026632614426692625,-0.047081332809215615,-0.011233414042515377,0.03299134280742633,0.0,-0.007851636145130292,0.0005886722996095162,0.008153516279049977,3.916876068876807e-06,0.0,0.0,0.0,0.049512126042771665,0.0,0.03718837316849688,0.05498778392637088,0.03191843876301259,0.02442016249023271,0.05863904548081361,0.0,-0.007010580278171807,-0.00010041923369791261,0.03152801123381671,0.00018304315462602805,1.1102230246251565e-16,0.0,0.0,0.0,0.06435216601538846,0.0,-1.1102230246251565e-16,0.0,0.015056398155774475,0.0,0.0,5.551115123125783e-17,0.06456216716702728,0.019532208341568158,1.1102230246251565e-16,0.0,5.551115123125783e-17
0.013117048290775868,0.03867067669977742,0.034992467476297695,0.03627046635879366,0.018182757675622885,0.052426689435342455,0.06663901775699077,0.04280398247421463,0.02377558548233577,0.016995146036731412,0.0,0.033477204655509296,0.07011326094665787,0.042622720009904136,0.0,0.05019914660693692,0.05066685199027948,0.05594428618525288,-1.1102230246251565e-16,0.008314504146237467,0.0656921875053258,0.05392016560986396,0.053321925224268985,0.10929392418213757,0.041142993524194205,0.0514055361849608,0.04971570733703462,0.05422757184193289,0.05635409751041376,0.062376417635179426,0.06830411399783015,0.07471389198141543,0.04325812735347584,0.06813304179946372,0.0826608212683903,0.03832676424316328,0.02777778135913156,0.00014045299303860892,0.0930898199603214,0.06939461308618416,0.07699123755963466,0.10479352081708371,0.13084609801399505,0.0073800293145309115,0.0,0.06991878469366053,0.046797268544011617,0.03669201767590913,0.0,0.0,0.06781732092841397,0.03189584991527028,0.05768507893599961,0.004867160566898787,-5.551115123125783e-17,0.0,0.00765568774403208,0.06252513884966127,2.2305938477185094e-05,0.10941757625733606,0.05894416571425615,-0.0007796982503390226,0.03945012489628885,0.0,0.0775533396950222,0.08899867503734499,0.07199950907371172,0.0840684769696245,0.00010294038203467748,0.04558393568999469,0.063952674085332,0.08410576738841352,0.072507236100389,0.08104351899870366,0.061193186741447914,0.08090276627574605
0.014842868517281449,0.03108460757578091,0.061289129603907255,0.0011469388887795362,0.043839982170624514,0.05243247016424485,0.0913949046963104,0.04449973888565939,0.07098650779173149,0.0700339072106983,4.0836694871371204e-05,0.029980152466025534,0.08394060642883805,-0.0007689799325749647,0.05019914660693692,0.0,0.03645786769056897,0.025734282813657083,-0.00019251157020505616,0.04772701764690096,0.04372710161902038,0.05472147985800879,0.045035084631686484,0.023450532393082313,0.029690268626844374,0.029856521949491843,0.055837494928720754,0.06869986314098431,0.04869295111865257,0.08189904537934556,0.010686144777320994,0.04868000700993558,0.04132046799607714,0.01896472829131296,0.041229647166716954,-0.02608221210147177,0.011524811887806852,0.01160833323111854,0.03630357996538669,-0.0024095137211422313,0.034571748422799586,0.060487629834491186,-2.9085241866455558e-05,0.0,0.0,0.025222691062115776,0.009884988152890573,0.0,0.0,0.0,0.041603993045609744,0.0117747676118517,0.018123954316157598,0.0,-0.010576065913379729,0.0,0.013488265442736236,0.03674796161807492,0.0,0.07107710838814113,0.025957849833784463,-0.029822742292186344,0.025241004721866245,0.0,0.04420438559592904,0.04756832302269015,0.037227740988451274,0.0670250522613951,0.04637476625829773,-0.0006301711318619785,0.027581322889466908,0.0616415424150939,0.04594721163790405,0.034982914268054166,-1.1102230246251565e-16,0.036834301432095096
0.030818213453702892,0.04380804101768182,0.03707600332740768,0.01574810419882955,0.057142475565263806,0.026432017002581853,0.04224336551207042,0.01592661933594558,0.05377281938389672,0.039977507365237364,0.07456403485478041,0.03006615740701818,0.05719921010718393,0.00018284337298146713,0.05066685199027948,0.03645786769056897,0.0,0.04217493740562178,0.03430182261653414,0.03857427408548736,-0.003079274768387319,0.04285987924574791,0.03739821472005017,0.05732285791269376,0.040614065527399046,0.06865231499923585,0.011082449425424523,0.05707263877564861,0.048534324025105324,0.025542792834796768,0.04214045787310594,0.053227902808864525,0.06185191873410423,0.05470662741808657,0.06171721182448803,0.04164781079819613,-8.065259029688132e-05,0.027600931340763912,0.06667732832563905,0.034611463042369506,0.053186642441600596,0.018187993187557205,-5.551115123125783e-17,0.0,-0.03375058561328009,0.04280677574908065,-0.019677078966001127,0.0,0.0,0.0,0.0,0.0,0.0,0.0,0.04907987312533052,0.0,0.045821412512084714,0.009099536066034475,0.0,0.0003249072441299794,0.002455739150338365,0.030032683849827713,0.033615453022033115,0.0,1.1102230246251565e-16,0.0,-0.016101089341382768,0.0,0.055719017606168264,0.044981259070401236,0.05824449824329064,0.0,0.029477991303110074,-0.00017528420005930023,0.0,0.025289217023695354
0.03861720010405506,0.03205654593980101,0.026515424746748173,6.661005211539006e-05,0.05315968506837615,0.05814961721359685,0.07899817843233137,0.05744627538112962,0.038165109641403794,0.049826526538621296,0.06582432511834979,0.04279877476208033,0.0701825129710743,6.194459037495159e-05,0.05594428618525288,0.025734282813657083,0.04217493740562178,0.0,0.048240710879064674,0.05419002338104728,0.030021303467218263,0.04562620053579847,0.03588116198448682,0.06443865613848676,0.06084909247103237,0.04825640808136489,0.05672034230192541,0.05720985401796125,0.05520363702997827,0.06925523894860025,0.027565042615097846,0.04830909232906394,0.055186356413692295,0.042407543746730614,0.038284630522776864,0.03469711842021217,-0.00013441843024969424,0.0036802125774619276,0.028677018850343905,-0.0065061669869420635,0.021430106660761672,0.012478428859176105,0.0,0.0,0.014218009623096772,0.051908602615901134,0.021492843655205485,0.0,0.0,0.0,0.020602199962436396,-0.0005668856714436954,-0.0003333299924486166,0.0,0.013611697960850933,0.0,0.02292938707944575,0.016175264179474902,0.0,0.06362254359791292,0.03275062801126993,0.00439075690616858,0.009630543993123686,0.0,0.03804880234776503,0.042378458598130886,0.030396828799104936,0.037660850147966385,0.05441647543870343,0.015133255178046257,0.03141001646323316,0.02308548367153307,0.021563720270477482,0.042475638448679964,0.0,0.02716599152960003
0.0,0.01717319574609777,0.13792506946071598,0.004910123872202465,0.10337775629223545,0.059933727144943216,0.11993270366222719,0.11409970043854356,0.07447080038923942,0.07502090558895957,0.14577272367276317,0.052926470637901124,0.11034102132308421,0.09694976414090045,-1.1102230246251565e-16,-0.00019251157020505616,0.03430182261653414,0.048240710879064674,0.0,0.0004862331914057827,0.014722686539665797,0.014510384423100098,0.1504929730125758,0.04811082686588719,0.045512371948150776,0.04585465298503427,0.08768343470359535,0.0967586711768168,0.010207650856444983,0.054704943281326635,0.11097421643269717,0.09704302443192359,0.04981799076777754,0.09271942568889718,0.09735323428443027,0.0782152257424697,0.10274170204493643,0.06817875967955239,0.021321167757491377,9.112024416252362e-05,0.01711866596810585,0.02278412633040705,0.09288084533044033,0.014092616499383759,-0.00047659772975272574,0.0,0.0,0.1494966419587178,-5.551115123125783e-17,0.030767649042930223,0.09356069522577204,0.021523044494318855,0.15681818767193112,0.03779192424576994,-0.00012335483083414367,0.15626524071370673,0.05976575461174699,0.06819914784702308,0.06761747730402101,2.220446049250313e-16,0.0,0.0,0.0,0.13569294007494148,-0.00015088573382104897,0.0,7.45570118680372e-05,0.12111684793493183,0.0,0.0,-5.551115123125783e-17,0.11076708459014373,0.04857778248805433,0.04830457317072434,-0.000520187357251678,0.061421624800348074
0.029959626195697142,0.030534037523363755,0.05655978534242739,0.047285510267975395,0.07288962802984916,0.05876846001557823,0.07410162566238021,0.09556837586020211,0.07895168644478745,0.042390779337527607,-4.325016719047836e-05,0.01135422538437314,0.06666360234482488,0.005166708753837013,0.008314504146237467,0.04772701764690096,0.03857427408548736,0.05419002338104728,0.0004862331914057827,0.0,0.07352633868245556,0.048404982125224705,0.008761334725273628,0.08032416774026913,0.04838052462290654,0.04800492669103712,0.07532605058625186,0.07180724335861988,0.04055338036276179,0.07417403478657747,0.05266347495371393,0.08783209272979092,0.08250711262241722,0.06883078618611499,0.07797742489622622,0.01642617126387036,0.03936493158330795,-0.013466213840901964,0.08655690146677442,0.03856834374091578,0.08319488961430382,0.08852830248289012,0.05720267299886256,0.01619111124707895,-0.00044526860255744705,0.03196885170075969,0.024306993295320323,0.04703226851417547,0.0,0.0,0.06361557051407407,0.04944861570415726,0.07744729038120357,0.03395151488602577,6.966582149231515e-05,1.1102230246251565e-16,0.06491008368092505,0.07163578152542893,-1.1102230246251565e-16,0.08156602737975721,0.04901990275067086,4.626834268706137e-05,0.04817568459302862,0.0,0.08690276792541934,0.08172571164547143,0.06654880345923475,0.079138555583047,0.0,0.027769151073561815,0.03904555750292682,0.07861823450851235,0.10955170851185575,0.08325395539357006,0.0712515325195407,0.08150768929692648
0.04218858690478955,0.01833119396114319,0.13547300540758195,0.0015727072829826438,0.03685191354009365,0.06734349209533691,0.08690443427681732,0.10468190851965314,0.11247410697655419,0.05970535153567824,0.06674593863904921,0.05522231205019529,0.0844205644035752,0.10065848124056209,0.0656921875053258,0.04372710161902038,-0.003079274768387319,0.030021303467218263,0.014722686539665797,0.07352633868245556,0.0,0.03637797068744497,0.07406669970625673,0.09840671333313195,0.05101016077399928,0.03710485656828144,0.07267074342928892,0.08392997712194405,0.08996631230039598,0.06656850983613127,0.05053487139677704,0.05591526970311633,0.02051197688063855,0.03318730668145947,0.039991827593550466,0.06736975828118763,0.01979727770647538,0.053881544615841326,0.08278056090856695,0.058217812803003366,0.049059319602974105,0.09443944078976296,0.04508017976668138,0.0,0.0,0.06067023118103054,0.0438122691552526,0.0527963732305487,0.0,0.0,0.0646203467399114,0.04641615069756844,0.024621938448184055,0.002717702075213768,0.04895137564547908,0.0,0.011444662388024662,0.05304912625450986,5.551115123125783e-17,0.09250992753821669,0.04994792873091891,0.0,0.031739025137978605,0.0,0.08524154984436827,0.06452205604720496,0.06793450926703465,0.06614679631030945,0.001488770463212108,0.05833883892936231,0.04117489156051202,0.059058515455402194,0.09042043817623208,0.07735670408263573,0.05968343518683,0.06259616331105405
0.023052939972607045,0.018939761510291697,0.06143436803158364,0.03004316010601299,0.06820454617087335,0.05296884019741949,0.07993043563154067,0.09370673564679094,0.07334922745134537,0.10038151508737148,0.01118629414677097,0.024094261165113984,0.07124306717790596,0.011521775622406916,0.05392016560986396,0.05472147985800879,0.04285987924574791,0.04562620053579847,0.014510384423100098,0.048404982125224705,0.03637797068744497,0.0,0.06466616554538623,0.025000684854468214,0.03907010055480531,0.04033354637985892,0.06077701498000654,0.07131753462934914,0.03662148516054664,0.0838166241087055,0.03776259467118975,0.07799655831823105,0.0631294735154787,0.05923972026175084,0.0797286765038116,0.035089350376349415,0.08691486663172482,-0.02185153758781938,0.0700556009368139,0.017610693060480853,0.047064079442922624,0.07825870384812261,0.12509331997134293,0.0018278017325125684,-0.0003382215533316302,0.01456929860042988,0.02886100524009083,0.02699235816044021,-1.2265762096397292e-05,-5.042615119010829e-05,0.05895448538270359,0.033892156248936656,0.048877778810482775,0.03338983901120196,0.02389330459327693,0.0,0.00996739160351584,0.04539490278625541,0.0,0.07326792813328153,0.026528902145230293,0.018974519030421744,-0.024916609489054997,0.0,0.07434672949360832,0.07238825240126423,0.05238172388500428,0.0566302571083091,0.038659290748837616,-0.044163445741837504,0.034464123282254955,0.05301203975497998,0.062075972274082236,0.07721491165859984,0.0063302295169211376,0.04911731361036392
0.05554930707095285,0.06072929364394464,0.10242492040401013,0.038917344440956236,0.09678536342831345,0.06349098531439346,0.07748891356753612,0.09396796538899699,0.0799565213260382,0.05406022474052674,0.1017935406784094,0.05536259258981263,0.07153967841836523,0.0733198401913856,0.053321925224268985,0.045035084631686484,0.03739821472005017,0.03588116198448682,0.1504929730125758,0.008761334725273628,0.07406669970625673,0.06466616554538623,0.0,0.09525787577922962,0.06419259974146463,0.029324031506523074,0.061859223743224445,0.05968467248985937,0.06000769066114264,0.052875283315301,0.06534503810959286,0.05869737148868065,0.058651379002500725,0.06121791002980426,0.06672471151169318,0.010903243146808073,0.0495131837417237,0.07845183666395017,0.08216963663379595,0.07957855958377102,0.09516183125717348,0.08895246427871262,0.06699572552163419,0.06663689589023253,0.018474166268538927,0.008152132057422101,0.0439027939482835,0.12269539562055387,0.030801486013835366,0.09005721905322173,0.08960907724252487,0.09266299976536696,0.11410067322093725,0.11238684378409536,0.03915851961265365,0.07074331117361143,0.03792938567373905,0.10761573998933804,0.05685052012389513,0.0832765162922024,0.06828857539091643,-0.00011255286056854885,0.04797104002367186,0.1306506177090822,0.07400842333083418,0.07820027523162382,0.06652460683696537,0.1148779377928339,-0.00043375631528896896,0.05894066099456263,0.06483446691082978,0.10437714861970604,0.10702525990793554,0.07382999250520439,0.08930781987495351,0.11289595235337124
0.04924267792853454,-0.0045538617220111655,0.0463639320026174,0.008471906642243732,0.08078159889933234,0.09607397463040535,0.02508975979683259,0.09824190550465639,0.06884486436201248,-0.004828745966104775,0.08174386273546641,0.01768623561879379,0.054348054137826785,0.09689349793001939,0.10929392418213757,0.023450532393082313,0.05732285791269376,0.06443865613848676,0.04811082686588719,0.08032416774026913,0.09840671333313195,0.025000684854468214,0.09525787577922962,0.0,0.047905041516028146,0.042242120039875264,0.08422540318353755,0.020348362604061032,0.08553108220091027,0.012290970259624556,0.026073688259547034,0.014895247426066516,0.025140308824732394,0.027787880793150255,0.03291599243818155,0.018760666934985515,0.0031735476775922034,0.019899152960213495,0.0744597872555795,0.019545367185186513,0.04303274974786653,0.03575890784812252,0.013188677973377194,0.0034524087471018428,0.02260099483225836,0.08052002483736037,0.04373377412402546,0.0,-5.551115123125783e-17,0.000444563179311519,0.006482438328919871,0.0003809471244344276,-1.6653345369377348e-16,-0.000791951217477771,0.03069060546010849,-0.0005826030886899036,0.026641646625152282,0.03329649864262629,0.0,0.001481103593194144,0.0505438098438733,0.023818929811687817,0.03141844859335369,-5.41756164255669e-05,0.0013383689827172751,0.013951835320797856,0.03578563358867559,0.0014096208726673276,0.04101049244927324,0.039321708637289454,0.048435522784251894,0.012187726361898188,0.05133336301995933,0.018790856309762016,0.0,0.03606166918090736
0.03174562281573373,0.03173896919112823,0.03335746323802535,0.0002515343499448486,0.09769065675701383,0.07128325641980726,0.10131114067050573,0.07119782516037781,0.04608321902749618,0.033926058777641155,0.0711382824458584,0.02702022817838229,0.07467195522681241,0.014523034395272638,0.041142993524194205,0.029690268626844374,0.040614065527399046,0.06084909247103237,0.045512371948150776,0.04838052462290654,0.05101016077399928,0.03907010055480531,0.06419259974146463,0.047905041516028146,0.0,0.03689762706855043,0.059916714245693226,0.06418273197681201,0.06206739483586182,0.08352427681493785,0.03358672116629746,0.04822473895653678,0.03157398642875564,0.03388348431059346,0.03788142127761246,0.06203581282205861,-0.005535981145082636,0.002874524861786243,0.029126348776140287,-0.008544321501016583,0.029118741099853296,0.0377997302615552,-0.01850210217495235,-5.551115123125783e-17,0.015936261504283178,0.05786882932821358,8.855076101416115e-05,5.551115123125783e-17,0.0,2.220446049250313e-16,0.04281698471738643,0.014514322513744016,0.05708288044384724,0.00026873457803267,0.03707200857436649,8.587445590713116e-05,0.03424410473931405,0.03619524998384577,0.0,-0.0337937165026449,0.0213955631308832,0.02541220004600675,0.023295243182522796,0.0,0.01011380801677536,0.05291347180064615,0.01774726877571675,0.0645941442869663,0.06848356571331521,0.019408383247066674,0.037266009084596874,0.05852959209892916,0.03884844867416909,0.030153157819585885,0.0,0.0335058070313598
0.023195392205315413,0.014071031004617651,0.035584713587493155,0.04027316548310378,0.07568426203897965,0.07104524774225213,0.07375943225795206,0.04713147628243636,0.08244497806331003,0.08872125453068247,0.0500668420715345,0.04983507558955519,0.06193057102461691,0.03378518144880677,0.0514055361849608,0.029856521949491843,0.06865231499923585,0.04825640808136489,0.04585465298503427,0.04800492669103712,0.03710485656828144,0.04033354637985892,0.029324031506523074,0.042242120039875264,0.03689762706855043,0.0,0.05084750140731936,0.05121600213706884,0.055961581520285075,0.0779155700697109,0.03282436266174665,0.043993673696929136,0.02788382930470229,0.036999012507760165,0.03905769538605991,-0.0022674316973760877,0.023700364701533583,0.014932354242234047,0.057083894246543976,0.02623445411108849,0.04518437772327977,0.09076204219819839,0.04628805474697023,0.00011164943345626233,0.04492533807733129,0.05494021251744313,0.026010670589428353,0.02450266453043004,0.0,-2.8920952421462864e-05,0.06488865600549476,0.04143463073160525,0.09838405635375413,0.015357528781553331,0.04487988260966003,0.0,0.04121684079639776,0.03278401772352996,0.0,0.06934984547900463,0.04054208179925223,0.04115167752882959,0.036375150425024205,0.0,0.06201697089928704,0.06458760218499904,0.0380630248614669,0.06493585896375181,0.0684214465996732,0.03444189404874204,0.04226292423045658,0.05575414840216597,0.04505540767660077,0.05417983290534334,-3.2593530170099694e-05,0.0494586713059994
0.048378610298354385,0.05655328495889206,0.04006411189247233,0.04580585588391628,0.08174955078500051,0.06189072163062631,0.07929943070874423,0.07999590410715063,0.057690067260182165,0.05328271653981831,0.08680933613113373,0.040488956420811295,0.07364025616326475,0.0814578472660073,0.04971570733703462,0.055837494928720754,0.011082449425424523,0.05672034230192541,0.08768343470359535,0.07532605058625186,0.07267074342928892,0.06077701498000654,0.061859223743224445,0.08422540318353755,0.059916714245693226,0.05084750140731936,0.0,0.05912917385623945,0.05106693020093783,0.05304281469609973,0.05472302458694084,0.07374882587288473,0.07612487594358641,0.06369459593866927,0.07154645773010843,0.05241803163655834,0.038286775335580336,0.0448304172131368,0.08280604691707144,0.05538382475678405,0.09235466531005121,0.09989642446266367,0.07683685666105827,0.05054592639477146,0.04687731494428987,0.041659463258033436,0.04187056224619712,0.10534888822626387,0.01450259440384688,0.06007779083599374,0.08651195084965868,0.09654898602969442,0.10130021619809165,0.10554880871688033,0.024177678931446234,0.06669639962091967,0.05501008721637446,0.10519385488601135,0.05666701454812295,0.08370456474139226,0.05809269357259306,-1.1102230246251565e-16,0.04825966367367884,0.10259518806376045,0.07720034111222712,0.0766877009787606,0.07924709928021029,0.09775467522039072,-5.551115123125783e-17,0.04912091130519636,0.06953009778801317,0.09119294088232,0.09317433825374666,0.07762337618613241,0.09880842920744559,0.10229252684406165
