0.0,-0.003654179109622735,0.01137820782291915,0.0,0.011012607338077574,0.008546508494159721,0.02021344310128087,0.021882488275911327,-0.003914135596327639,0.03425933361330025,0.01588079840491846,0.041192962957062595,0.02574078923875306,0.005090361879094396,0.01953595449012785,0.012004151338993685,0.01913038450566451,4.7185050366937986e-07,0.0,0.023498311515796344,0.040629400829267526,0.01958962170030948,0.011337776462610583,0.05644363228566496,-0.006135560264755036,0.016474845928312887,0.0019222442487391023,0.010459234505398929,-0.011918048655321256,-0.00031720238615889906,0.021276661979923617,0.02868829760095687,-0.01775962139758014,0.022867923040170046,0.03455707436273414,0.003813649213603998,0.00023516724402772304,-0.011338750203132297,0.012268043262997963,-0.015678436619624425,0.011162114696470327,0.033254222012635615,-2.728796293549607e-05,0.0,-0.003740845358748579,0.06390385335916632,-0.010283906401855947,0.0,0.0,0.0,-0.018637136430503243,1.1102230246251565e-16,0.0063155355995354046,0.0,0.0067263961104181424,0.0,0.007666698273660066,0.010723943944547454,0.0,0.0018992019817853922,0.009719003803179804,0.006999440338960217,-0.005313386785939955,0.0,-0.002924727048096931,0.12506357989293687,0.006627007453432532,-0.0009429895583990544,0.002874764265562324,-0.015958970151490115,0.002601384795496431,-0.017272938370483826,-0.0001353118368244144,0.003958498351829154,0.0,0.015138738971864185
-0.003654179109622735,0.0,-0.026432519895139506,5.4400849824609576e-05,0.011419037783726993,0.0052513622396415105,0.023176525797114045,-0.00570331760053383,0.004883858423046505,0.034145886134789194,0.0038758593450778367,-0.0017036852740456299,0.031048394400606805,0.00759244581845836,0.016598435198130312,0.01858222444173352,0.006235612015726533,0.004783715536743283,0.010419003715839037,-0.013069634586648227,-0.009231557104104282,0.00109584525855011,-0.00897520921132794,-0.011978968930308309,0.0022767902808702445,0.012501123161355154,-0.018216788388824623,0.013839740831623981,0.00023229314129447065,0.0050215217449979255,0.018474905904548478,0.026620949204727906,-0.0018631932462780942,0.02296471498935071,0.03447664817742735,0.02023257697609948,-0.0008967216547208223,0.0,0.0066459497541448975,-0.014737133979286998,-0.0032109756267664213,0.0004075456581861814,0.0050484213488524166,0.0,2.220446049250313e-16,0.015353404442881247,-0.007800245029712605,-4.853587223357936e-05,0.0,0.0,0.036495661861907114,0.0072847142871586,-0.001114567796105026,0.006923474102816851,0.00793783496195588,0.0,-0.0025494301158377475,0.005175616188203613,0.0,-0.0035193907699077043,0.010185339879737743,0.014483902747420452,-0.004714191941335377,0.0,0.007369303625580859,0.01646930266644764,0.022825717969876202,-0.005098964580147525,-0.004623452397937933,-0.02728736650617536,-0.0006277697381163461,0.024371796447697436,0.0035256475862483483,0.02301274816688198,-1.1102230246251565e-16,0.00970054601364534
0.01137820782291915,-0.026432519895139506,0.0,-0.05941820331485598,-0.00030383829539992746,0.00010837909089606024,-0.026938563291515116,0.0002075888902364209,-0.03852778441709981,-0.09460578817243342,-0.025873855716072536,0.004133633761539968,-0.02773093168020835,0.010143128847408145,0.019001672778806433,-0.00028742482182558815,-0.007201372050077648,0.006052680391112175,0.03549243533420865,-0.03425543914921314,0.005642312598713395,-0.01801749158640531,0.03213805797693481,-0.000837257693481086,-0.0023055535608720312,0.0031000899015030114,-0.01801491005705419,-0.03317008473268118,-0.044886890091903386,0.005937877869392538,-0.03917002406336606,-0.023933660686356384,-0.0069912341891936736,-0.035831984695989916,-0.03615789132767211,0.014685514943781564,-0.05220965895035473,-0.0028931352618600803,-0.00035634518709926066,5.588693798852518e-07,-0.013460854381300957,0.0012869424420502429,0.0071206772057308965,0.010643789288513894,0.0,0.0,2.8413091422541115e-05,-0.055637692834418495,-6.128949414874185e-06,-0.027373029328660592,-0.05887133921895804,-0.02188694533551483,-0.016562494059214505,-0.028218303314074267,0.00100990049455979,-0.020053139848292656,0.018174018234944245,-0.002223801322065233,0.012356475962889801,-7.790027219178874e-05,0.0,0.0,0.0,-0.06001040942564112,0.007452643611625787,-0.0027672123313968733,-0.00019649624477807714,-0.031200224538916466,0.0,6.834701623958939e-05,0.020769385014404118,-0.03229533888853886,0.00275858623728531,0.01579896742596032,0.005991980163568722,-0.0025706922696923096
0.0,5.4400849824609576e-05,-0.05941820331485598,0.0,0.0017261952664107127,-0.020639447193078475,0.029691203254292753,0.011633798540220675,-0.042693043603701075,0.011866024901904415,-0.018338689073185088,-0.0015261217669510496,-0.020694389780972378,-0.004400555326876887,0.007897565083196056,0.00015846021952070632,-0.009257782078399057,-2.7909329657571647e-05,-0.011032851252515796,0.03313005769841115,-0.00012358244471050162,0.02435186301711778,-0.0037249649997443957,-0.019547046081396124,0.0005036383952111145,0.006449641970068587,-0.014688787322777674,-0.0071475611338345235,0.008027770998473793,-0.004916405734732787,-0.03146646808926162,-0.02053299471655401,-0.0032171093762938807,-0.034937862335787634,-0.07057817120990559,-0.028361416645326293,-0.015645240607125133,0.0028143577503767503,-0.019731381221384514,0.0006749761441787738,0.010410202435021887,-0.013333921148139971,0.03218670293886883,-0.009946397852068967,0.0,0.0,0.0,-0.00032350538628023173,0.0,0.0,0.012171684592468757,2.220446049250313e-16,6.387421731918197e-05,-0.0003658544356954785,5.551115123125783e-17,-0.0067473362807372594,-0.013594345928167995,-0.0002205019181478196,0.0,0.0,0.0,0.0,0.0,0.0,0.0,0.0,5.631784843745935e-05,0.00453769607405996,0.0,0.0,0.0,0.0074495425106031465,0.0007831154432398346,0.002340737364276424,0.0,0.0
0.011012607338077574,0.011419037783726993,-0.00030383829539992746,0.0017261952664107127,0.0,-0.007152145995581616,0.004379194987978341,-0.014568767369118829,0.005525607321004655,0.0024405767340408002,0.004490663012613971,-0.01711616287072576,-0.026632861114436357,-0.03735008933851158,0.010430732709183321,0.029373352191057245,-0.005747123190314951,0.016645772220547472,-0.022700976604357437,-0.008015605419804395,0.0082331854771584,-0.0003506080135510792,-0.008168865671201675,-0.02682050030586358,0.04143723920839032,0.0364772478798665,-0.006065207480147883,-0.029742163956505085,-0.012772836466245052,0.006766347827252439,-0.025465925377844312,0.008112055514985839,-0.02701447158848913,-0.018546107676446322,-0.014122309252479148,-0.040260626592567655,0.09772772524701762,-0.014795474273669673,0.026836018471173007,-0.004704992435324407,-0.011846720290192236,0.02935579782472708,-0.0026783121724229253,-0.035276667581651766,0.00018054148833740458,1.1102230246251565e-16,0.007925461363022523,0.007629387179822311,0.0,-0.020099151478543686,-0.023455359212530558,0.010793253499958189,-0.013812616341296269,-0.027990494332047033,5.551115123125783e-17,0.014002570683949167,0.004340528953443057,0.01867038118413411,-0.009602979300830872,-0.0020867163362010555,-2.3892739524633555e-05,0.0,-5.551115123125783e-17,0.005730661345913657,0.003308120047809948,0.0001360002022384177,0.003901133442742455,0.000758739783729756,0.0,1.7918027087671096e-05,0.004229361021423905,-0.024594862457396227,0.011175328985563282,0.013778062638688304,1.1102230246251565e-16,0.006910363845444967
0.008546508494159721,0.0052513622396415105,0.00010837909089606024,-0.020639447193078475,-0.007152145995581616,0.0,-0.0073394776737727985,-0.00011074936945326685,-0.03778549704542483,-0.015326974623458112,0.004556846470786358,0.010796963576530538,0.004243832573194994,-0.0024173783570040075,0.00298263312594238,0.01834231805662362,0.010214831071917785,0.01661128210640761,-0.02288354905540213,-0.01401322588114906,-0.0013085280570232505,-0.005317726874140449,-0.005214693313456753,0.014365812395394917,0.026505771032714398,0.011820673014600658,-0.018541305791244744,-0.022571502586466008,-0.04324612802345634,-0.0061718509203741445,-0.007021075640289254,0.018573043547830514,-0.011169549016122327,-0.0013522845383534543,0.021690551330191266,-0.02334333779880543,-0.025318063230515275,0.003989973113349254,0.002645197468673255,-0.0001466265726657312,0.007953193629808175,0.025034925895966897,-0.005107095566227626,0.00507306080791764,-0.017942067692983732,-0.0005289542063177666,0.012317456725587206,-0.008439564992114623,0.011938507472867899,-0.019077591700021768,-0.009899377909691531,-0.013425880564135406,0.0056921620696865904,-0.01689592252240335,0.019035389072177333,-0.02367520815122348,0.017904141577665733,-7.395003185217686e-05,-0.0875956383030147,0.007405430130091539,0.008637220956856817,0.0,0.005820044335655694,-0.02515123818102738,0.03598020267291874,0.02083192419844604,0.022676971226777087,0.0011381838091981678,4.735350775736391e-05,0.004673896789799681,0.004915372852652922,-0.006213382438655435,-0.0032881995947048326,-0.004012361592264646,0.011153291686642475,0.0014615044981469705
0.02021344310128087,0.023176525797114045,-0.026938563291515116,0.029691203254292753,0.004379194987978341,-0.0073394776737727985,0.0,-0.013087658271197178,-0.024404762102156086,0.014222059391492015,-0.04656671361831605,0.004906188824167823,-0.0009257907039004754,-0.015004093250540806,0.006689819170288047,0.02602321563815263,-0.004226077638060488,0.02252147007755151,-0.054608460244610246,0.0043418302229161765,0.00484438299209039,0.008135362643382438,-0.002724208977185061,-0.03294807355934315,0.02177710154660356,0.02774546670496464,-0.0074511835643124025,0.009243060079665133,-0.00028793021780637584,0.017095658862449792,-0.0069810658414912186,-0.029688795574423055,-0.012478138210443745,0.008591081705565107,-0.007894075849572357,0.006640603765335984,0.04786111318160646,0.06249695690137558,0.020693175894894222,0.007004440980500515,0.04298509015851942,0.027437237945271753,-0.06618610064916147,0.013831083010877765,-0.010481687550070007,0.0,0.006689892287213728,0.009722525805566318,0.0,-0.12017567772836385,-0.01739109096551983,0.015227249262584563,-0.0029690219895119885,0.0072009380378800225,0.004126306419878323,-0.037979729885176616,-0.005658949545062408,0.004635611625375402,-0.042131906799547036,0.01609508497212403,0.011035044434166807,0.0,3.874013641330665e-05,0.0001444899294786861,0.009283076317156524,0.011761814945383364,0.005816982744371424,-0.00859196623419789,8.609963283806588e-05,0.007510057694093686,0.005804925519546755,-0.012890000806001167,0.00955629375545386,0.00067411914586335,-1.6388525716504176e-06,0.002146827521274375
0.021882488275911327,-0.00570331760053383,0.0002075888902364209,0.011633798540220675,-0.014568767369118829,-0.00011074936945326685,-0.013087658271197178,0.0,-0.04040719659932407,-0.048160514762856155,-0.024233442174350694,0.0008435974501864729,0.01510266399706478,-0.01772906481821962,0.009011564453346999,0.008879700006539981,0.006383530204928045,-0.011454829545011536,0.02068134048549808,0.0004890096024339763,-0.0024393242981192165,-0.002062207425985285,-0.0033959484305000065,0.025053987275419187,-0.004481369098394694,0.0036550219460917965,-0.008307449085114826,0.024989475842171538,0.008714751271869825,0.018675521848363297,0.009353555042212858,0.0844441437801472,0.023693282785768377,0.0005412837597164599,0.038316491908925,-0.019019667420922537,0.07411239558148897,0.019112006796142833,0.03503091333485292,-0.009791652682473895,0.030000695827111845,-0.008669760722838427,0.010765594844236392,0.005031727726353186,0.0,0.00018686391951888703,-0.004658871824896327,0.0053869565167530276,0.0,-0.04505377963792623,-0.004671309460044237,-0.011934703842361505,0.05446195243442631,-0.02360028911309142,-0.00011212552793427033,0.006949050343117769,6.363320251967508e-05,-0.016673528433517715,0.03330796134308234,-0.017392351486509527,0.006984509316045717,0.0,-0.0002764042416532053,0.03150910682444641,0.0429569189061082,-0.0011490471334809071,-0.01232360008143979,0.0077100550773215315,-5.551115123125783e-17,-0.0008722939490445336,0.004737269094300001,-0.0048946278233226725,0.011476243403977238,0.03157108386221469,0.004213046497395845,0.0077410866589981975
-0.003914135596327639,0.004883858423046505,-0.03852778441709981,-0.042693043603701075,0.005525607321004655,-0.03778549704542483,-0.024404762102156086,-0.04040719659932407,0.0,-0.043942467493075454,0.011125461815046644,-0.018761237834784228,-0.024641774713747067,-0.02006889298611414,-0.0031320044644439493,0.02677289348670714,-0.01263624246116607,0.005793985776799404,-0.0022462119900846234,-0.02597828696630128,-0.014392073716219755,-0.023540857091773337,-0.025307621173811023,-0.0035805415672629515,-0.012700826469997595,0.009817847665441859,-0.02351558305773921,-0.046458355577178034,-0.0324580863005936,0.009746781517685543,-0.05098915924957581,-0.038054239953663804,0.002719289695449656,-0.03856889683741055,-0.036121183793879796,-0.0328757766048548,-0.050658676573752226,-0.023416987854391835,0.020356802585799194,0.003180341737927639,0.011520671351742895,0.027754727695841197,-0.026805693399734487,0.0112587740304953,-0.006991172949232571,-5.551115123125783e-17,-0.0022511977148669815,-0.0038129451506947465,2.944376036928542e-06,-0.02078211323597956,-0.052131604592406344,-0.052204313273006286,-0.05128982889900774,-0.021666660851016317,0.020269395999987505,-0.0060747916259683565,0.009423751019417115,0.014034469974146924,-0.02971159255987016,0.006842386256326438,0.010330479217229516,0.0,0.0,-0.02950336559064115,0.006188350792745434,0.0058829298505621574,0.003966740879078334,-0.01982958408666602,3.62373864561949e-05,0.0096532039538757,0.01317348910728966,-0.01667194429034946,-0.009240253879240212,0.01635865237089168,-0.002338635834019498,0.008869023944341192
0.03425933361330025,0.034145886134789194,-0.09460578817243342,0.011866024901904415,0.0024405767340408002,-0.015326974623458112,0.014222059391492015,-0.048160514762856155,-0.043942467493075454,0.0,-0.035931789933003555,0.010793913809758804,-0.0008209417737062852,0.038975344924794486,0.023110959103706474,0.020165705483128682,0.0014632241794882428,-0.010835149930994714,-0.010532640347721167,0.003943192569262788,0.04713742282753558,0.009238687933736334,-0.016961550206764375,0.0010071665371435001,-0.01396295307212353,0.006663951093855314,-0.004077303535105048,-0.009528797814132184,0.012649818210229258,0.007644936815882741,-0.01030987552304502,0.041279227049117906,0.023126540303678,0.024862881006588622,-0.003115300008522337,-0.0628109756436635,0.014023689550231533,0.001649040929696366,0.04645903424807929,-0.007440600346855841,0.009320676870970379,0.034444712741922456,0.038574464728474867,-0.0021375329310400204,-0.023854492376853886,0.0100599586449861,0.0014513069568080628,0.0003216979990556812,1.671857502510976e-05,0.00036968717165408727,0.012742114223305068,0.011208932154201434,0.002578285509896472,-0.0007510697887248008,-0.033256288945113344,0.00880450653639725,-0.02491214017235638,0.0029554989786842456,0.0,0.00046020749263869787,0.0006288810147353496,-0.02643879207163441,-0.013805404802742949,-5.495483220929742e-06,8.928771563743165e-05,-0.009233274616877729,-0.004600705386698323,-0.000476396211857133,-0.011184192424940731,-0.00815758116058779,-0.012966582171477281,0.018961014191227754,0.016611070163591035,0.01534048907826946,-5.551115123125783e-17,-0.008559671191394558
0.01588079840491846,0.0038758593450778367,-0.025873855716072536,-0.018338689073185088,0.004490663012613971,0.004556846470786358,-0.04656671361831605,-0.024233442174350694,0.011125461815046644,-0.035931789933003555,0.0,-0.04142087227778979,-0.05447767196060482,-0.01764284431078489,0.0,0.00011402963060791471,-0.021710974563619034,-0.011689977494316328,-0.004659084445705952,-5.3404378708210576e-05,0.006378513125912866,0.002411567399916048,0.05918240306408529,-0.04811818003860169,-0.02110823162533998,-0.005630401432779708,-0.013068030200990677,-0.061284615636091,0.005985113425621136,-0.0019709803114865143,-0.05194133089988945,0.0030181203901424314,-0.0316880921311804,-0.03314445172615266,-0.03803316808348023,-0.02882506988405842,-0.03486107420120055,-0.02570910214218769,-0.02921516046498207,-0.0015121861115316992,-0.011292203349700158,-0.0052109647638529655,0.010025156391399226,0.005747027385377634,-0.002169864641366148,0.0,1.1102230246251565e-16,0.06678922999480752,5.701425007664795e-07,0.0010632078894343144,-0.08273087223824865,-0.03544649792842819,-0.033519518914062796,0.002677939316470701,0.01502035519827688,0.0381944731875104,0.01846843260452824,0.021019849253583467,0.014767343440419523,5.551115123125783e-17,0.0,0.0,0.0,0.07163434585993078,0.005335558825290854,0.0,-0.00011423330372251073,-0.003113758554904922,5.551115123125783e-17,0.0,0.00020314187560444008,-0.051128487050639104,0.010928017847748606,-0.018185907669872603,0.0,-0.02395492369981933
0.041192962957062595,-0.0017036852740456299,0.004133633761539968,-0.0015261217669510496,-0.01711616287072576,0.010796963576530538,0.004906188824167823,0.0008435974501864729,-0.018761237834784228,0.010793913809758804,-0.04142087227778979,0.0,-0.015315131825671513,0.017084307409989286,-0.01579593484033015,0.008552653578273617,0.005914966043682746,0.0007466848560215844,-0.0002203111931541879,-0.010470521424115309,0.0359019332540933,0.01407730443111005,0.0002618725622499096,0.005513997629970735,-0.001248101359321685,0.021914513222495435,0.012948745634906833,0.008347198210936047,0.013128420274607311,0.03909973118751903,0.0038277409019354947,0.020779434692099308,-0.010712066933538433,0.018095488805486726,0.017400083116224763,-0.014720373959173472,0.022668667752258065,-0.004889693315961147,0.16808429969546174,0.02928092838113089,0.07722359203777696,-0.002580200526977605,0.01684167757809485,0.008287001531451899,0.007335189078007176,-0.006454996445347416,-0.0005018932060622538,0.007269625933673307,0.002706923296658059,0.010597724810357978,-0.006565710510931522,-0.012322253692940544,-0.0003411106366090211,-0.0009022054013310132,-0.01816780424159059,0.0024654003332263974,-0.012344513089246667,0.013555676256987892,-3.602285410048145e-05,-4.7403472808293934e-05,0.002112350757478898,-0.02576517264777295,-0.006177037283981057,0.00271139986038893,0.005295763729367353,0.007252820707159657,-0.000765515233099201,-0.009437748316478978,-0.0034634463645361047,-0.01167264759541392,-0.005463002499592584,0.025906369442215915,0.025452881252088944,0.0028482251397226044,0.0,0.02340041003419019
0.02574078923875306,0.031048394400606805,-0.02773093168020835,-0.020694389780972378,-0.026632861114436357,0.004243832573194994,-0.0009257907039004754,0.01510266399706478,-0.024641774713747067,-0.0008209417737062852,-0.05447767196060482,-0.015315131825671513,0.0,-0.023455578730265825,0.028496011433658208,0.02534254732453839,-0.0013807280754380424,0.025950488315423736,-0.054920727954728576,0.01694337815081054,0.009405648314933679,0.017337403631889348,0.0062520870284830665,-0.0023042262782688727,0.0242279388769443,0.030416126141048994,-0.0016755641843100855,-0.013551189417652654,0.01648496121281129,-0.053729745166580745,-0.021168068714489063,-0.03713775739839881,-0.026277631814510316,-0.00903364075177071,-0.019829554778768632,-0.03466519361402526,-0.021435043066939996,-0.020176810971877845,0.07076379075673078,0.012232430106831893,0.03246667139736947,0.024134726808570706,-0.028935532375232942,0.006975025483173358,-0.013845361217228513,0.013997361842611578,0.008259112525899226,0.014929073935595616,0.0,0.007225844196015019,0.0012215392205948694,0.013718128672676078,0.02933420160032163,0.013030979114489694,0.004619237678652965,-0.005257923703788081,0.03310004856205906,0.022616101087139073,-0.008224221743807658,0.0025343582091590378,0.007002964062788664,0.011909342066895479,-0.0007703036631758753,0.0015655017604735422,0.05215805587581812,0.011249010912440682,0.016447483434211374,0.015114496836294622,0.003449988244462965,0.003079722048905831,0.00702331667875461,0.012958258101145925,0.014201206697658342,0.0021181419292962134,0.0122613305336855,0.009323617173682908
0.005090361879094396,0.00759244581845836,0.010143128847408145,-0.004400555326876887,-0.03735008933851158,-0.0024173783570040075,-0.015004093250540806,-0.01772906481821962,-0.02006889298611414,0.038975344924794486,-0.01764284431078489,0.017084307409989286,-0.023455578730265825,0.0,0.006742856947579701,-0.00043345912527686936,-7.66105987036747e-05,0.00011023052857278559,0.04184495243313152,-0.00010521891892706359,-0.001304595268356079,0.00890099724903387,-0.003339695484736893,0.007193686673459987,0.010581636663051563,0.0017873709045219122,-0.009784427796144357,0.07292149160139005,0.0253826216076376,-0.009236824078811878,-0.01737925081944902,0.01526822423065316,-0.006605280668313285,-0.005597764421035267,-0.018025424754312847,-0.005290306200498834,-0.013763753240808058,-0.004683226416142994,-0.03589035776670718,0.0,0.0028612740768533818,0.0001759668373230161,-0.01700030425930088,-1.6411544798700106e-06,0.0,0.0,0.0,-0.019241280879255307,0.0,-0.03259576170031886,-0.032014025116845646,-0.055785046731033294,-0.06674666399063789,-0.03854647897854563,0.0,-0.008909584728016673,-0.00025132428565805,0.002587398574674049,-0.015224647127347557,1.1102230246251565e-16,0.0,0.0,0.0,-0.012607472341765735,0.0,-1.1102230246251565e-16,0.0,-0.003130639157763071,0.0,0.0,5.551115123125783e-17,0.01075862053277965,0.0009306352009476049,1.1102230246251565e-16,0.0,5.551115123125783e-17
0.01953595449012785,0.016598435198130312,0.019001672778806433,0.007897565083196056,0.010430732709183321,0.00298263312594238,0.006689819170288047,0.009011564453346999,-0.0031320044644439493,0.023110959103706474,0.0,-0.01579593484033015,0.028496011433658208,0.006742856947579701,0.0,0.04243033089383097,0.008135784790350264,0.03676113155817218,-1.1102230246251565e-16,0.015668187573902537,-0.0017984080374882083,0.013366589302925724,-0.01814654432028412,0.011289672025964093,0.025104231699084323,0.003813687954587641,0.012568082739453756,0.027912294789699033,0.01428409531936159,0.0004765753905254244,0.03677107314416883,0.038749508627494045,-0.002777952616148993,0.04335005100964773,0.06599532383892015,0.04222359484893101,0.03618014754951265,9.620802063692313e-05,0.018786763962005293,-0.012392384935705048,0.008814358693280344,0.01432014140620086,0.02554170025669905,-0.004126764922626702,0.0,0.07593121389969648,-0.00255682171819277,0.00787577257526767,0.0,0.0,0.02876954204359311,0.006751097434658404,0.0015630086917935992,0.003073743619020519,-5.551115123125783e-17,0.0,-0.002947610341542617,0.014994107708971693,-9.346093727713445e-06,-0.09800440718533526,0.01965866701473934,0.0003266902638730529,0.004726582157268622,0.0,0.029934776601040103,0.0511877497096459,0.026853733206664177,0.01316197815205683,-6.961142743094895e-05,-0.005749050039127124,0.014996760618371852,0.015140133314574922,-0.00894818333544145,0.03872022362714156,0.01590116078277265,0.0244372804184112
0.012004151338993685,0.01858222444173352,-0.00028742482182558815,0.00015846021952070632,0.029373352191057245,0.01834231805662362,0.02602321563815263,0.008879700006539981,0.02677289348670714,0.020165705483128682,0.00011402963060791471,0.008552653578273617,0.02534254732453839,-0.00043345912527686936,0.04243033089383097,0.0,0.023124287664963994,0.007514728438065277,-0.00013886682924962868,0.043087552840377186,0.0172010701022991,0.051826287043631514,0.009335335946449697,-0.012096509760716412,0.0373051294068904,0.021462776811899287,0.02249453712462751,0.028830810986560373,0.025046482529898773,0.03617783656801443,0.021884669375135113,0.037962322612840826,0.023910411292293987,0.033585605474797164,0.05357443525071143,0.004790596679848935,0.00905208567226018,0.022597342499054318,0.02009215375747575,0.0054632787604737,0.01308785370719362,0.020552241644672065,1.2186593128904466e-05,0.0,0.0,0.023386451097582694,0.00917962551917545,0.0,0.0,0.0,-0.005289208522211208,0.006904403979888563,0.010117146108593378,0.0,-0.0067761473712112386,0.0,0.00263421581140616,0.009485558001049554,0.0,0.007285729427230714,0.025029204664122673,0.02094730559794611,0.0002624869845802569,0.0,0.003404647790728521,0.0370354443450584,0.02223955504309122,0.0029859251960431266,-0.006881064927996061,-0.009409511205492327,0.014345591034345961,0.004650723223280806,0.007806633512981942,0.006597240248388925,-1.1102230246251565e-16,0.022512054635727974
0.01913038450566451,0.006235612015726533,-0.007201372050077648,-0.009257782078399057,-0.005747123190314951,0.010214831071917785,-0.004226077638060488,0.006383530204928045,-0.01263624246116607,0.0014632241794882428,-0.021710974563619034,0.005914966043682746,-0.0013807280754380424,-7.66105987036747e-05,0.008135784790350264,0.023124287664963994,0.0,-0.0030168050490052,-0.006557985482765927,0.05093268189388017,0.020825583890682342,0.04689615681337089,0.004236589831298598,-0.03622953640094728,-0.012163863096955607,-0.010404008131845721,-0.028690237711638533,-0.002292685981973186,0.0059275239046887584,-0.008906785236445669,0.015524662173512838,0.04965226144197887,0.019756509827121294,0.03830106542428435,0.03477605180849397,-0.014951051033122942,-0.009534829598798755,0.05135124214871967,0.04703254953418651,0.02595778852926489,0.008790727565107903,-0.012085395429167589,-5.551115123125783e-17,0.0,-0.004165198188282815,0.013155677488734363,-0.030555577607329798,0.0,0.0,0.0,0.0,0.0,0.0,0.0,-0.009949147029385763,0.0,-0.019560917117100896,-0.004414148015765507,0.0,-0.0001361347588927364,0.010684683734593692,-0.027538349140557306,-0.006549815793064573,0.0,1.1102230246251565e-16,0.0,-0.01155913322056712,0.0,-0.014723949565906225,-0.008244933352847816,-0.005803920690082731,0.0,-0.005195573682360677,7.344333727204999e-05,0.0,-0.011003538733477924
4.7185050366937986e-07,0.004783715536743283,0.006052680391112175,-2.7909329657571647e-05,0.016645772220547472,0.01661128210640761,0.02252147007755151,-0.011454829545011536,0.005793985776799404,-0.010835149930994714,-0.011689977494316328,0.0007466848560215844,0.025950488315423736,0.00011023052857278559,0.03676113155817218,0.007514728438065277,-0.0030168050490052,0.0,0.002286815216585747,0.03198394305797164,6.141842592938263e-05,0.027797499245431456,0.0004702098722104697,-0.029764489430515018,-0.0011185260322381096,0.01502369853163682,0.014369713529580719,0.028383450068904637,0.012120828147062113,0.03311565131910582,0.014584157323756175,0.025440734472867765,0.005064383724626698,0.019750935310582696,0.029095265711740592,0.014055425827194046,5.632075284084381e-05,0.00227844666325272,0.0067259713184255054,-0.0063966296351563035,-0.002708613066686738,-0.00919057171433424,0.0,0.0,-0.004637423700950882,0.0056727584454513424,0.0005954515967522833,0.0,0.0,0.0,0.001360875464673228,0.00023752269484922373,-0.00040761879857631467,0.0,-0.01905496894970976,0.0,-0.016154162418398232,-0.004507076795670417,0.0,-0.017415939706934336,0.009159527750392082,-0.032725749509380286,-0.007914586832051262,0.0,0.0025961758836917093,0.04018581766940971,0.01770971224926865,0.009637575317190894,-0.028992377632891475,-0.01626619286134573,-0.00869068069450124,0.009777534489893325,0.0011596298247331105,-0.000464007894795615,0.0,0.009330991020376711
0.0,0.010419003715839037,0.03549243533420865,-0.011032851252515796,-0.022700976604357437,-0.02288354905540213,-0.054608460244610246,0.02068134048549808,-0.0022462119900846234,-0.010532640347721167,-0.004659084445705952,-0.0002203111931541879,-0.054920727954728576,0.04184495243313152,-1.1102230246251565e-16,-0.00013886682924962868,-0.006557985482765927,0.002286815216585747,0.0,0.00030010761535176345,0.008246251476549726,-0.054202835295458385,0.048713131232434315,-0.016968958412405033,-0.0034042989225802622,-0.0028121456480770246,-0.00479082194182312,-0.04599894509373509,-0.08253344724538497,0.004833892880278523,-0.044520617711239385,-0.02518361164485039,-0.004832495729604147,-0.03793030243850465,-0.030497590190309898,0.03847110193050135,-0.004193278136310485,-0.01182384813670756,0.01610323939102193,-5.682650001204159e-05,-0.010556033158228117,0.012463662839286849,0.01472871751043442,0.014934382926672152,-0.0005373488862516207,0.0,0.0,-0.053096554836746024,-5.551115123125783e-17,-0.05297335498713879,-0.0782562776298254,0.007559503409745427,0.001504832433118164,-0.013296376083707817,-9.489148661112612e-05,0.04872711508752253,0.0025066996563933297,0.01588115541684354,0.03587973644654424,2.220446049250313e-16,0.0,0.0,0.0,-0.0529703310587461,6.322048327689345e-05,0.0,0.00011477027412332141,-0.006444596444667106,0.0,0.0,-5.551115123125783e-17,-0.02777132202509125,0.011163384203315085,-0.010612611881915313,0.0002179562990299866,0.015853542707394808
0.023498311515796344,-0.013069634586648227,-0.03425543914921314,0.03313005769841115,-0.008015605419804395,-0.01401322588114906,0.0043418302229161765,0.0004890096024339763,-0.02597828696630128,0.003943192569262788,-5.3404378708210576e-05,-0.010470521424115309,0.01694337815081054,-0.00010521891892706359,0.015668187573902537,0.043087552840377186,0.05093268189388017,0.03198394305797164,0.00030010761535176345,0.0,-0.010829948347831575,-0.007532188185296662,-0.013773793677283597,-0.033500993965780934,0.01742114575075404,0.013306107111046128,-0.005019289131266702,0.04147700226577339,0.023550625577278606,0.04800323260206585,0.014744410552212595,0.059810536285906823,-0.004221782755833459,0.02167257774747411,0.05331026862066479,0.026196762990876366,0.03508687758605378,0.009367825199916413,0.035200949643771684,-0.013063661402784588,0.01059749681544464,0.02463092403475231,0.00525040172355451,-0.000653370318437485,-3.904366084966915e-05,0.031049855276491956,0.014280132130203904,0.01769796301245896,0.0,0.0,-0.004193728506474537,0.009859301716492241,-0.041103842495808895,-0.010966908194030733,0.0005220258126509281,1.1102230246251565e-16,0.009060988573765194,0.011165062541542703,-1.1102230246251565e-16,-0.0033893410937861357,-0.008756774812227697,-1.938623958025465e-05,-0.002954723560412653,0.0,0.022786234752807444,0.006405858605211645,0.01454764787121593,0.013205937115111588,0.0,0.004834741168188161,0.007789749292538006,0.008060039491983528,0.0013628342097550816,0.015115974436976987,0.01093106815342193,0.012643567585057913
0.040629400829267526,-0.009231557104104282,0.005642312598713395,-0.00012358244471050162,0.0082331854771584,-0.0013085280570232505,0.00484438299209039,-0.0024393242981192165,-0.014392073716219755,0.04713742282753558,0.006378513125912866,0.0359019332540933,0.009405648314933679,-0.001304595268356079,-0.0017984080374882083,0.0172010701022991,0.020825583890682342,6.141842592938263e-05,0.008246251476549726,-0.010829948347831575,0.0,0.007819460737022332,-0.0325960708087098,0.059408005567690936,-0.015481079995695424,-0.004891273052082867,-0.010186648384109875,0.014042517051013836,0.002290258291949898,0.023374705749245772,0.02663003117303342,0.0400340327037082,-0.0064018491209862916,0.04047732402967452,0.06514446011558822,-0.04134837478860953,0.07190902729452142,-0.002223310865909711,0.013818553110809262,-0.03755023675426922,0.002553775582757045,0.02273083123443176,-0.004017687245110535,0.0,0.0,0.09777843067820619,0.00029668054015158374,0.025523226076044847,0.0,0.0,-0.012553314908156643,0.0009847365951629605,0.08759237478362342,0.0045599632455650685,0.01081422576516794,0.0,0.00458720293889292,-0.016910577898078483,5.551115123125783e-17,0.004616387448037218,0.025024217130436677,0.0,0.0209525014549799,0.0,0.0026213239852482806,0.09268726071887828,0.011451153760489274,0.0006232660135632173,0.002546240706238323,-0.016458308837988544,0.009585043931041537,-0.0189058271198711,-0.011384510180482033,-0.0041708045191291565,0.011849945376427085,-0.0017015087693997288
0.01958962170030948,0.00109584525855011,-0.01801749158640531,0.02435186301711778,-0.0003506080135510792,-0.005317726874140449,0.008135362643382438,-0.002062207425985285,-0.023540857091773337,0.009238687933736334,0.002411567399916048,0.01407730443111005,0.017337403631889348,0.00890099724903387,0.013366589302925724,0.051826287043631514,0.04689615681337089,0.027797499245431456,-0.054202835295458385,-0.007532188185296662,0.007819460737022332,0.0,-0.0022034039744589506,-0.035408385194940994,0.021357575766016712,0.0018455536899220637,-0.01403070175290827,0.030540972971086433,0.010505663175984004,0.038078351085386986,0.03157781074126759,0.054571904348630185,0.04181085101200699,0.04265157058237895,0.07405055487234363,0.03816741666086154,0.01461487724807331,0.010550029927371862,0.021749765170372304,0.0014420900898448608,0.0054716085801483905,0.018659193521519457,0.02367363932358446,0.0012277727125399318,0.00014171339804497363,0.037757831596056446,0.007091355818723388,0.00492925648958642,5.139302357071163e-06,-4.5075026520347006e-05,0.02880002510693319,0.00893465530318538,-0.011874665419882247,0.011663789023401039,0.019014005599553907,0.0,0.014751349842814565,0.002114280864032869,0.0,0.02031151999446701,0.023773089031114636,0.009638078667269567,-0.010357106587196074,0.0,0.019520105967955892,0.027568022254688462,0.02201466031510635,0.005965358383089814,0.01100163255494191,-0.016099620008436788,0.01982347876828472,0.010674804844478691,0.020265541053839098,0.024334224959732587,0.003458547513215393,0.025075537860980546
0.011337776462610583,-0.00897520921132794,0.03213805797693481,-0.0037249649997443957,-0.008168865671201675,-0.005214693313456753,-0.002724208977185061,-0.0033959484305000065,-0.025307621173811023,-0.016961550206764375,0.05918240306408529,0.0002618725622499096,0.0062520870284830665,-0.003339695484736893,-0.01814654432028412,0.009335335946449697,0.004236589831298598,0.0004702098722104697,0.048713131232434315,-0.013773793677283597,-0.0325960708087098,-0.0022034039744589506,0.0,0.010361576365017167,-0.011369447073286632,-0.00999206638720146,0.0047426219150170645,0.007850308631378144,-0.014936234398109483,0.004508167985165845,0.007789455958831071,0.026845601063389735,0.006679690778942038,0.0101942509187527,0.024960028583612737,-0.00042004247973365105,0.004176288180523902,-0.012206901527039404,0.005948419479636535,-0.05587541709176125,-0.006103739411222553,0.006714699682410785,-0.006694232679764045,-0.0023591410188827378,-0.009073816218880204,0.011003203840265208,0.0015406508086506232,0.04811533942104984,0.01083891049244634,-0.006853433680102161,0.002554091898294697,-0.009535034483484361,0.013940088089105518,-0.004497688558740109,-0.010261507122144575,0.037573544806220105,0.025199327600635868,-6.617360577743092e-05,0.019518920885688185,0.0038482303223816294,-0.007461699410051981,4.715917177289253e-05,-0.005865082686207501,0.037966722833377986,0.0020244918073925033,0.006443003440008477,-0.0132287569443017,0.006987839569840948,0.0001817420585936702,-0.0013832144243613453,0.008985875043804381,-0.0065229695511596075,-0.007818477058718964,-1.8349468217992992e-05,0.0004788983277027592,-0.003776685763554277
0.05644363228566496,-0.011978968930308309,-0.000837257693481086,-0.019547046081396124,-0.02682050030586358,0.014365812395394917,-0.03294807355934315,0.025053987275419187,-0.0035805415672629515,0.0010071665371435001,-0.04811818003860169,0.005513997629970735,-0.0023042262782688727,0.007193686673459987,0.011289672025964093,-0.012096509760716412,-0.03622953640094728,-0.029764489430515018,-0.016968958412405033,-0.033500993965780934,0.059408005567690936,-0.035408385194940994,0.010361576365017167,0.0,-0.044880063663399805,0.007460508305215552,0.004224299583271418,-0.0034459803847340376,0.0354780636393866,0.008442336429077324,-0.004412294833155861,0.02516889897186958,-0.009529641122788757,0.02147118117957969,-0.003007043883743954,-0.05760204136785718,0.01081865996219089,-0.021120750635448687,0.08060873906354071,0.02845805368498361,0.020092762489233362,0.0809021890213657,-0.00715623683391714,0.002750973188863748,0.050706335480615705,0.04790530870204679,-0.007026998705924825,0.0,-5.551115123125783e-17,-0.00018627008883786988,-0.005003387318158303,-0.0001596152313397825,-1.6653345369377348e-16,0.00033182420519711764,-0.026960028369357625,0.00024410822609205463,-0.027727333491300965,-0.0005828428118262452,0.0,-0.0006871986811508024,-0.007272059172967693,-0.042296808524530605,-0.013817206002706417,2.2699353779520592e-05,-0.00038609638705733307,0.022626843265020402,0.018002254091143532,-0.0005773391646015646,0.0022166337854550577,-0.018748100996641148,-0.01408931801159563,-0.0037850947378952338,0.017233549667141856,0.013883794312438913,0.0,0.03506909136452385
-0.006135560264755036,0.0022767902808702445,-0.0023055535608720312,0.0005036383952111145,0.04143723920839032,0.026505771032714398,0.02177710154660356,-0.004481369098394694,-0.012700826469997595,-0.01396295307212353,-0.02110823162533998,-0.001248101359321685,0.0242279388769443,0.010581636663051563,0.025104231699084323,0.0373051294068904,-0.012163863096955607,-0.0011185260322381096,-0.0034042989225802622,0.01742114575075404,-0.015481079995695424,0.021357575766016712,-0.011369447073286632,-0.044880063663399805,0.0,0.016638056707570625,0.00792778831552926,0.0024143937668084092,0.012992815074228059,0.015306462836282453,0.01873161162198822,0.038619256705174965,0.003876642939255881,0.022731052015702302,0.027245563796767736,0.010405156311136143,0.0022296630133521456,0.02383808403880444,-0.004577082537321253,-0.019474469680965112,-0.011569692718968905,-0.020845568281893878,-8.04636998213426e-05,-5.551115123125783e-17,0.023881169558838455,0.0059279613284050625,-0.019748748071765354,5.551115123125783e-17,0.0,2.220446049250313e-16,-0.0011344310176986672,0.007237313832623604,-0.007921740981246428,0.0004904944603161265,-0.027562320321666944,-0.0003212203703103489,-0.01640973564533993,0.006164828578514525,0.0,-0.06771150941487197,0.0005736263903417527,-0.04062764052228501,-0.017297744712112817,0.0,-0.0006167423062324318,-0.0007815766826661519,-0.0007636981892925054,0.007468972632947435,-0.05740940585159282,-0.023237910601569267,-0.015728525877945432,-0.015089773434346587,0.006100591951749279,0.0036299355436161806,0.0,0.00309528294454009
0.016474845928312887,0.012501123161355154,0.0031000899015030114,0.006449641970068587,0.0364772478798665,0.011820673014600658,0.02774546670496464,0.0036550219460917965,0.009817847665441859,0.006663951093855314,-0.005630401432779708,0.021914513222495435,0.030416126141048994,0.0017873709045219122,0.003813687954587641,0.021462776811899287,-0.010404008131845721,0.01502369853163682,-0.0028121456480770246,0.013306107111046128,-0.004891273052082867,0.0018455536899220637,-0.00999206638720146,0.007460508305215552,0.016638056707570625,0.0,0.010371162300152892,0.017099674260789177,0.018021084917321184,0.02592754759876803,0.027814390461848748,0.03253996282983562,0.001720943706891076,0.027111546835734024,0.02840919627563182,0.03358081568033583,0.020813090977347237,0.013476147071198874,0.002742720661242981,-0.016648035238174264,-0.013888859032673506,-0.016622976401402145,0.013194316220002611,-3.8452917047182567e-05,-0.027435667534791486,0.018716496550299333,-0.013237218980641452,0.013400088129476795,0.0,-4.1431873122388385e-05,0.025248885615063776,0.004859800432068517,-0.008834950564602595,-0.005178070629117515,-0.016497607059727304,0.0,-0.00652401165221711,0.0031245794008371575,0.0,-0.008983614517380278,0.002948568502153359,-0.02773548303770268,-0.010518118682104394,0.0,0.004192577966865063,0.014127310105503166,0.006357523695817269,0.013068579621785648,-0.02458361196856812,-0.013743236834693306,-0.01402728733826536,0.008093082137466068,0.03288067241231085,0.02375449218266512,-0.0004247602253737437,0.0008553374642824019
