0.0,0.3068948510205498,0.44118610200798203,0.0,0.47503806903026913,0.23433655025289063,0.4833552025635176,0.22393572308118792,0.470266938215408,0.441347608841187,0.4116902136093299,0.4404614863810271,0.3095071098125695,0.3475454147303644,0.1775398937421539,0.82711720040501,0.4077439158871735,0.7693310178346344,0.0,0.24572428251833395,0.025692357137993505,0.4825058466647466,0.11845432295027664,0.2649875146272288,0.4881731240532676,0.43327794419934745,0.17770799130484038,0.2956657071477544,0.3081626743072243,0.41682675828412324,0.5995723942305293,0.6988400023592474,0.5388949338975898,0.512309822250631,0.504297397815022,0.605821317254436,0.45947858556110754,0.5923579131507908,0.7488617089626441,0.7455665230330104,0.7575739055196065,0.4475675471560686,0.48903890217493307,0.0,0.3528630421433414,0.7147316387531808,0.6578943530375416,0.0,0.0,0.0,0.47229956705984344,0.0,0.5680788445633117,0.0,0.4111273273711001,0.0,0.5528927840194973,0.5872058048224171,0.0,0.6367988488677981,0.7979686579042139,0.46446502042174953,0.7553288906659785,0.0,0.3915286525997662,0.4462731060420532,0.7693087086525829,0.5224066845519622,0.5336104117316649,0.6907698104566637,0.7184173183715883,0.5429675494583472,0.468768562928307,0.6378194933963331,0.0,0.7070177093113703
0.3068948510205498,0.0,0.5245798375609374,0.3696662096586339,0.44187180152914707,0.32789776006363847,0.4309845917102551,0.5180840035764711,0.6077232054201154,0.3431521273946778,0.3514742382839755,0.4869162688845063,0.44114405965874137,0.28728774575584837,0.14726504944953178,0.6715325797881502,0.44981026899778237,0.6130566911420636,0.41834465813819877,0.29096318380990593,0.5430772153500292,0.5310557825791888,0.2934890681313009,0.4715476047784527,0.3387608528041625,0.3763477151131963,0.24383048285947223,0.4597775413584304,0.3926010407251015,0.4738775619146841,0.34224393651621643,0.5016595664610696,-0.00863428460039195,0.29718649632777494,0.4628301795232962,0.4928478189335387,-0.01584179066641453,0.0,0.4392408600164466,0.470790177097796,0.35786234673510475,0.5567494646861246,0.39665860296547806,0.0,0.0,0.47183665136198855,0.2849655305653375,-0.031554741740727275,0.0,0.0,0.5527453437283322,0.5966226719252388,0.3545743311786998,0.5960747302394224,0.5098118077487982,0.0,0.28050128414385034,0.6230951163253857,0.0,0.5453782965594554,0.36654830588527465,0.4155832033866178,0.3098011760986602,0.0,0.4555739094079934,0.6308316180784956,0.6183122204336484,0.6061401488969618,0.42971806166787463,0.3463962317390044,0.3578032273278118,0.3640307151290256,0.6501052042604106,0.5025829904051184,0.0,0.581927776323105
0.44118610200798203,0.5245798375609374,0.0,0.5486985003340663,0.6633169328759203,0.5384572851590171,0.6358020527556959,0.5025824274794524,0.6952563746825954,0.6116258782741104,0.5469920269096684,0.691500648127281,0.5953483910008133,0.504190209685627,0.20646885842845725,0.4116422536605181,0.49485646221761037,0.527427360376492,0.4557049969600323,0.3693581512604912,0.47288417538212524,0.5702409508454102,0.47152278957284793,0.425379428205698,0.5268581210137112,0.9472477242536499,0.6897284261467109,0.661695404536244,0.5299003936496505,0.6059009635288061,0.6747529206084262,0.6643854204955703,0.44651974873547096,0.6828397251458409,0.5297088793580548,0.5781792831336672,0.46644221445235523,0.4396226556217962,0.4338772078681894,0.46213738548996364,0.3710312017111619,0.5123907633639823,0.7603151505029173,0.5133504210929243,0.0,0.0,0.38048060300116004,0.08323700346856813,0.46256975083540214,0.05989606355750682,0.5925882093644981,0.261561863867042,0.7016358390917284,0.10466413034774069,0.3696202039159147,0.5696692300492159,0.46306582945083286,0.3563342572072177,0.5666810622900128,0.38987535239498305,0.0,0.0,0.0,0.29353138595266504,0.3756618785022783,0.552799202300145,0.29892963456266486,0.632374179737104,0.0,0.5467513480707007,0.5519369068113926,0.5690716621767499,0.16863063373783,0.6285183543444315,0.450320806199447,0.1075403830946059
0.0,0.3696662096586339,0.5486985003340663,0.0,0.2613948417841341,0.46630914438596915,-0.13098723544703725,0.5033141629021607,0.6052423501973762,0.4035071175475351,0.6824462537685627,0.4548503522819126,-0.10713339057240018,0.2637686012260294,0.6421396553777259,0.24488110981071892,0.35941848463057324,0.4832852990837051,0.5503817823037198,0.6145707499854368,0.4774364700903114,0.6091166106781751,0.6305382870502951,0.29481879494470875,0.7813319673222812,0.3051964154281399,0.5133533849788801,0.2286207711773894,0.4376835620264914,0.3334124810421071,0.43910962105221496,0.30894794947443593,0.266970856402459,0.35017501082620806,0.33684570949465836,0.23675469109073244,0.3038089778573262,0.2799475739291699,0.19168267806579525,0.35575247329632875,0.18562635661495144,0.027928886091986932,0.3881001185742068,0.2531724774811239,0.0,0.0,0.0,0.4668915999477654,0.0,0.0,0.5275698058334601,0.0,0.47898426572647923,0.3791128468387024,0.0,0.18524501533697046,0.47308070905945027,0.49429468554759637,0.0,0.0,0.0,0.0,0.0,0.0,0.0,0.0,0.4466083562370004,0.5651090389301011,0.0,0.0,0.0,0.37584706238680093,0.4066039235970169,0.7036312354647869,0.0,0.0
0.47503806903026913,0.44187180152914707,0.6633169328759203,0.2613948417841341,0.0,0.49190777298077115,0.27418597364947295,0.2989538655917442,0.44747914662627375,0.5114157561362864,0.3752480694715243,0.38720819952198327,0.2618196860248573,0.3271729821346197,0.446640766266398,0.5741131540629136,0.5214356198022068,0.44409013946843023,0.6031648698090587,0.49362086479627026,0.42146135450814504,0.548071716826185,0.43041024844141457,0.6432318187922408,0.6251102332519768,0.43710971551689703,0.5683121507613136,0.20892708452814024,0.3619387810608067,0.4646076800497695,0.5333635595381554,0.5510035221084313,0.27204884904620263,0.4630078768387502,0.26652851403259775,0.259462576511713,0.0917076734613862,0.43603403357435067,0.668725026059596,0.7598080201697714,0.6633514744734701,0.6009009641518834,0.5893221888022084,0.5377080155504833,0.3487226739853885,0.0,0.2416077277317282,0.5605381527361005,0.0,0.526276788205152,0.6139396416278764,0.6337271170117067,0.46935125851810733,0.6310534760871287,0.0,0.5154742934286166,0.24908243856924422,0.7201412456669842,0.48688738174555773,0.392125406450636,0.4984234867443877,0.0,0.0,0.6334782465757054,0.31757531661152766,0.44613991678638276,0.35316873148156747,0.5062068349523379,0.0,0.46069549098602397,0.4258338775355485,0.5613833959186636,0.5409315436538145,0.4127277155420014,0.0,0.4092878243028446
0.23433655025289063,0.32789776006363847,0.5384572851590171,0.46630914438596915,0.49190777298077115,0.0,0.3549623485604849,0.5472863279997986,0.43294665809927246,0.6077204218451269,0.5685366089639945,0.5567785848455113,0.3706552476983207,0.3435524277029376,0.4925789688447376,0.583878203327052,0.4352079251566039,0.5342548661746823,0.7007884872783128,0.32933772727765176,0.5117741167723328,0.4123160866114219,0.3794501943158918,0.2881200921539775,0.41863048378271617,0.5406446035356616,0.3020762350067806,0.5700183626426573,0.27979211798453185,0.554641657176617,0.6164835181293705,0.5321366851793455,0.5250398769462917,0.589075724449751,0.5333731217951141,0.5166966185766397,0.45172535569182104,0.3107322461567941,0.4008687688435626,0.3819266191307066,0.4339935426166124,0.4971188492446378,0.5972565408534979,0.5869530831053646,0.20045869187912263,0.4131161992769309,0.4761898630200926,0.4553829772130892,0.6074867947743716,0.45421670187651464,0.5112498956089527,0.4199003316798826,0.5903850258950499,0.5488780817243576,0.45701124678265315,0.4678210667124739,0.3005181517648154,0.4983135021456331,0.6245588959906423,0.4162686657412226,0.5600271474087348,0.0,0.5784358408772586,0.38103588416677625,0.4950678091927514,0.3022194502878844,0.3441210229218279,0.5496501426165404,0.49684002975120356,0.5297917628364152,0.41763766173856576,0.5649120562036628,0.5092874308055768,0.5278188477553619,0.4038905893309037,0.4981703409628848
0.4833552025635176,0.4309845917102551,0.6358020527556959,-0.13098723544703725,0.27418597364947295,0.3549623485604849,0.0,0.48076555057755993,0.5357500238615394,0.41149986564860175,0.5346475027808312,0.44800448091441675,0.24058871453045688,0.1736228858427077,0.615104953310403,0.48312095493852864,0.412235090628434,0.43842500017362546,0.6742947789775071,0.30228749356650225,0.4947944199491855,0.40255139468883855,0.5202039139870998,0.4323121439755712,0.4228923814261595,0.42874960648939076,0.38385163269246764,0.2513215272795899,0.21348988359837057,0.5204417968275079,0.39742632020325713,0.38018313963430883,0.38575342428625636,0.13438896695745478,0.08231457306592682,0.22793466314823668,0.18962430632510283,0.4963687414564962,0.5774789223213808,0.2885948100391465,0.5015523425162947,0.440897365160842,0.5144338779603832,0.6344311200454298,0.3790094110163649,0.0,0.5302560110978245,0.3938596343367245,0.0,0.535681460084432,0.3807813327141868,0.6166181660485869,0.5757095213148771,0.6894162113252567,0.5623861915996128,0.5520660927483735,0.3972899049403642,0.5250911328923684,0.26115652752044405,0.3061125083763768,0.33964823509180175,0.0,0.47598845260033695,0.5912819878143812,0.549429775484038,0.40818065878408505,0.6705956098179209,0.5879235408418477,0.46007753376783045,0.4792155915097647,0.5373360811391297,0.5101468612828468,0.618562317707173,0.5279148521828848,0.6156473296913334,0.5139725180609211
0.22393572308118792,0.5180840035764711,0.5025824274794524,0.5033141629021607,0.2989538655917442,0.5472863279997986,0.48076555057755993,0.0,0.8762824979965539,0.5555820944823684,0.7286194518733565,0.7300288733569891,0.4477266090259029,0.4290478542095159,0.5861428045385861,0.6114614761609186,0.35910139711076294,0.47169964434308376,0.6861391281586912,0.5296500951300118,0.5909089365506028,0.6984797508491605,0.4521704870320993,-0.0510973704433445,0.3615921138326996,0.3656617209725943,0.4014223551631242,0.5404541995106723,0.4346222644029972,0.6651947196515535,0.5627382781538961,0.5153980640253457,0.6031997700957588,0.5865609884167695,0.544409725251938,0.6080319111039377,0.5678860101747917,0.4846632194555861,0.6337492027579444,0.5420832378022102,0.3872639585960562,0.673014148332026,0.773298144295255,0.39128757590223,0.0,0.541749119202512,-0.010363252589093042,0.5878573791507309,0.0,0.4486534198772118,0.5628278748482052,0.6022944175500677,0.7116011952485486,0.6517731274437842,0.6683641746958837,0.6449843632474971,0.9408943097436014,0.4525121355957581,0.7354967466287458,0.5694937841214973,0.27030895951035616,0.0,0.6229902543247934,0.6288925109684433,0.6928210354946658,0.5589239440086259,0.4221669121160783,0.644667042872086,0.0,0.2746725061019092,0.39109429968294934,0.6117559893699822,0.5366392352252312,0.6285456851494062,0.5072408864113659,0.44922963642330943
0.470266938215408,0.6077232054201154,0.6952563746825954,0.6052423501973762,0.44747914662627375,0.43294665809927246,0.5357500238615394,0.8762824979965539,0.0,0.6166758081291486,0.43512010781783517,0.5964545711173621,0.6609579890510799,0.4248854932891607,0.6769272240919211,0.8017139365454151,0.4541621994488904,0.6460102969757939,0.4747667087754267,0.519083821210256,0.4431692668529526,0.7286099894103439,0.6470042435200176,0.5000186264541655,0.43774024352587454,0.5912058133980639,0.6416269387498749,0.7076477499232912,0.47975508499461306,0.6059189854565883,0.7193950212040314,0.7251218479585324,0.5845995394494057,0.7345980668704841,0.6108826991631156,0.704035298245955,0.6634149216723739,0.6559928630704691,0.4750471168074328,0.43774965002546407,0.28948332240391816,0.057323048015005706,0.7491098098670045,0.39868429731956784,0.23793366008937114,0.0,0.5082068208656791,0.580835530912398,0.45500973653314575,0.812761421005231,0.8246911606525655,0.738389718003013,0.7347805988425175,0.6582650099317672,0.25487212735425385,0.8445315949457012,0.26187792301508095,0.5552592494407373,0.7310508161924598,0.46714280566481814,0.7025499609619772,0.0,0.0,0.5940196944944856,0.6441880894661433,0.5013362209106793,0.7009263272172934,0.7006293344332202,0.3954236395262159,0.42073180672690613,0.26749912411299903,0.6304051288117325,0.5491716731473376,0.5543788494083919,0.38530692475726824,0.6587940775548479
0.441347608841187,0.3431521273946778,0.6116258782741104,0.4035071175475351,0.5114157561362864,0.6077204218451269,0.41149986564860175,0.5555820944823684,0.6166758081291486,0.0,0.3771500176790328,0.6163995752859895,0.4014583088068058,0.6960371809822906,0.5990256503420276,0.6074096441477423,0.9706620403502509,0.7866490349729571,0.6333969728828432,0.8373231223805906,0.5227474685402997,0.4913075959739296,0.5530938015552606,0.5748500308325764,0.7679597328038001,0.6530368337641126,0.42223466603538645,0.6074403833279594,0.3789273795948072,0.23504191643800082,0.7006665934330563,0.7983037529552137,0.8275379872090248,0.8105337689383367,0.8279459969355811,0.6215484354295944,0.23233008872208458,0.6117117112659521,0.3852707345448062,0.3449891386201204,0.3211016788761266,0.4226085199934394,0.23266669071410978,0.24053212834996823,0.42791676718823773,0.5836921239036293,0.5795977250165465,0.34658722851128343,0.44558499471643226,0.41481507828490327,0.43579463114906314,0.48601686352237916,0.7348827857260931,0.582716583215259,0.5089850893237299,0.2648871301657938,0.6419672541697028,0.4580987656622951,0.0,0.5748102776574032,0.5251053704513453,0.45213135010475874,0.297164472682943,0.4748654442315553,0.47740910267076786,0.5383756566133713,0.5715178526171449,0.56559026801233,0.4298381539578965,0.41883422456870756,0.5597040551252597,0.44176131014196707,0.41216848423030467,0.35451697055030407,0.0,0.5681221839683414
0.4116902136093299,0.3514742382839755,0.5469920269096684,0.6824462537685627,0.3752480694715243,0.5685366089639945,0.5346475027808312,0.7286194518733565,0.43512010781783517,0.3771500176790328,0.0,0.5248372150559463,0.4781941330975844,0.4549764723616452,0.0,0.462543204980831,0.5719586740816052,0.5105423247500002,0.2591961613179708,0.4996882530141771,0.6055726550065164,0.47483969931165126,0.601751863381238,0.5830787501725427,0.5776231691785019,0.6577705797265706,0.5674750593950143,0.5517096591027801,0.39788026060760556,0.4543963690051136,0.559441744822503,0.3668666447226261,0.31816012934917415,0.6085485047470527,0.45219051285303324,0.5120221076258535,0.5486449008473774,0.4502000930953742,0.3820718195485322,0.2770583170007886,0.5213250864156911,0.44947140027710575,0.624854638640528,0.5844656421548141,0.23774451705741895,0.0,0.0,0.49242429768641527,0.4768747574435108,0.2563670518610095,0.4753596908377883,0.2999027210399551,0.617784370607097,0.5968559427331811,0.4777913463160007,0.48711300965844495,0.2802937785456738,0.5779010957576252,0.4427700382166928,0.0,0.0,0.0,0.0,0.4712235162054684,0.2533926040015042,0.0,0.5659488706642346,0.5318966986803145,0.0,0.0,0.9136440063152831,0.6946199516504499,0.4582831263603126,0.08830196754895803,0.0,0.496581009113062
0.4404614863810271,0.4869162688845063,0.691500648127281,0.4548503522819126,0.38720819952198327,0.5567785848455113,0.44800448091441675,0.7300288733569891,0.5964545711173621,0.6163995752859895,0.5248372150559463,0.0,0.3330467501608272,0.39689627979261005,0.5067488693181046,0.7067719825392889,0.9836777258807143,0.984423354354144,0.625785148335519,0.7289022317028866,0.48876867628410475,0.4988087469729391,0.4906196302780008,0.5643184230651889,0.8165607217553559,0.5144711143093504,0.5344903793321474,0.6487899726368216,0.589274496892711,0.20421283984757013,0.60920671217673,0.18082277960461146,0.4592587523247743,0.5358534536256785,0.49256638221229415,0.1551468382963297,0.121930335588881,0.2960150657926681,0.4199411083964474,0.48678091938767876,0.3818453444502523,0.4149241584224847,0.4187729383487391,0.3211672795839975,0.5329734482578566,0.4211524813191783,0.5790833726081597,0.32404432211157247,0.20468438063215783,0.18129914940975647,0.3302115856542542,0.3865352461343977,0.3832436278492164,0.341395178438454,0.6315141498054188,0.2496047616181033,0.7918582563956571,0.42371365664304034,0.528538933064584,0.5259031869729797,0.42635779198757157,0.6641164006649534,0.40156243199636393,0.3072905483329969,0.835707668411237,0.8086052303114126,0.5387106327480466,0.529387960164414,0.4538667169401951,0.45655246055950505,0.5545151729610279,0.20938238803539197,0.5481849720898463,0.4935631884416767,0.0,0.6596006847566294
0.3095071098125695,0.44114405965874137,0.5953483910008133,-0.10713339057240018,0.2618196860248573,0.3706552476983207,0.24058871453045688,0.4477266090259029,0.6609579890510799,0.4014583088068058,0.4781941330975844,0.3330467501608272,0.0,0.45090249285847916,0.44201712924624265,0.48216449562968966,0.2559500805629942,0.44296034187336525,0.6132718097186377,0.3152214875442547,0.29764546614331044,0.4131815101340674,0.533392443537979,0.14548480198988728,0.5095125439657169,0.44000409483078073,0.4410657280301742,0.3569093568695958,0.2699659535299974,0.2769340819785682,0.26443201845461345,0.2416318526665278,0.17122269836852808,0.08526495534748191,0.07192864895794304,0.345338575084879,-0.08291219392759697,0.3110906763966102,0.4043612016116631,0.39275633182923997,0.372937872073149,0.4417678955819069,0.47836990906049415,0.26140534194625886,0.41539267248609696,0.5204153324046004,0.6571612682162709,0.6217421003331556,0.0,0.6582297152913297,0.6324307836928906,0.5809236242471492,0.47803387526125407,0.6990997013995717,0.4882177850234687,0.5160919612404438,0.5180119329495596,0.5770934830491743,0.1821435283605251,0.5422561938003609,0.5241010209686356,0.41440010843949526,0.4683924638717706,0.6280194292680915,0.45193116736161365,0.6072993157814681,0.6476952858635621,0.5797673356858097,0.45743383715472496,0.682375683587243,0.5117398143924039,0.6245860909473413,0.5726122922352009,0.5380289555869557,0.5069520920457862,0.43535201952600994
0.3475454147303644,0.28728774575584837,0.504190209685627,0.2637686012260294,0.3271729821346197,0.3435524277029376,0.1736228858427077,0.4290478542095159,0.4248854932891607,0.6960371809822906,0.4549764723616452,0.39689627979261005,0.45090249285847916,0.0,0.36712068465322545,0.5756685134215023,0.46662135293249973,0.4608383057911452,0.4420663915111746,0.4813743527696902,0.5383421948872706,0.20683029277531717,0.3840986523968487,0.43579039716411794,0.3027282924474751,0.36339399071253287,0.25914444095844397,0.24055889752773338,0.2222933423304561,0.48182843739917036,0.406395366665328,0.24429698514247222,0.3653788166090526,0.4716400358174736,0.4589404605451586,0.3164929632632853,0.2625205038548795,0.3406291132267734,0.660217401267728,0.0,0.6663956880855001,0.6378904040417182,0.7523053700899678,0.4619087533092531,0.0,0.0,0.0,0.12900213475152622,0.0,0.5176003911940903,0.5208988144022906,0.3857221923760636,0.5099101851867528,0.42819594446973425,0.0,0.5038277809384817,0.3608141964869833,0.4629404099486667,0.5169129813593281,0.0,0.0,0.0,0.0,0.41009691368051765,0.0,0.0,0.0,0.6247660939905576,0.0,0.0,0.0,0.5114270435160567,0.45209093496891173,0.0,0.0,0.0
0.1775398937421539,0.14726504944953178,0.20646885842845725,0.6421396553777259,0.446640766266398,0.4925789688447376,0.615104953310403,0.5861428045385861,0.6769272240919211,0.5990256503420276,0.0,0.5067488693181046,0.44201712924624265,0.36712068465322545,0.0,0.5722776627117134,0.4371855350256338,0.5535580559013,0.0,0.6332572187712153,0.3667290279589656,0.4479282790267562,0.4368891487077344,0.2947587566330066,0.330136263815614,0.15511414600745443,0.31869178927722686,0.38574501143414863,0.49823041208312446,0.4683160007839065,0.503339692885661,0.3818452641408301,0.45070583404422404,0.5728872450979507,0.6346880333399438,0.7316288192630913,0.5960281510480003,0.36159793679528707,0.20502801749982533,0.32147070604155814,0.3224235656963086,0.3273779737269936,0.4307755724646096,0.5937122668350403,0.0,0.26418691205091693,0.19127442585949495,0.29483315482384465,0.0,0.0,0.02415468378292096,0.7019207317693366,0.4169488795800881,0.5794189415857887,0.0,0.0,0.6054190517892222,0.5302679648092306,0.47481746986724055,0.4956292321555865,0.31608235932444845,0.5316715875535245,0.751965598793248,0.0,0.5102783208873491,0.44115754264622997,0.5438460305266781,0.6659118736110033,0.4573714786378168,-0.015523685674415588,0.4270708895368897,0.4919447170852539,0.5082239251875178,0.46397879895762406,0.5131519294182421,0.5089506138542553
0.82711720040501,0.6715325797881502,0.4116422536605181,0.24488110981071892,0.5741131540629136,0.583878203327052,0.48312095493852864,0.6114614761609186,0.8017139365454151,0.6074096441477423,0.462543204980831,0.7067719825392889,0.48216449562968966,0.5756685134215023,0.5722776627117134,0.0,0.7915325453466191,0.5964118313369675,0.5038391030251568,0.42187580325716467,0.6524152852152914,0.559141718525099,0.577587027620123,0.8929659398535466,0.7158516018610939,0.6860886735194022,0.5440258434988963,0.3948796325092225,0.36697412792305484,0.36780216345931194,0.8593394890809607,0.7755256584240487,0.43752281956303274,0.402145796037554,0.3313796742985168,0.5656119571942437,0.2695090675980204,0.5409963024279147,0.6712337649424838,0.51376372137169,0.5618548315905287,0.671029054729481,0.4756853470869674,0.0,0.0,0.7699871229479749,0.6170129688067251,0.0,0.0,0.0,0.5430680921958095,0.4858693822889041,0.7441706274171058,0.0,0.5858556959613876,0.0,0.4944200970840716,0.6716022407616005,0.0,0.6566124331488574,0.6818756522013576,0.535630325923099,0.768992998368937,0.0,0.567190978606125,0.7966555271935656,0.6304442614849762,0.6165299977460231,0.4125765411915304,0.7805276135849439,0.688277816820112,0.619238005450106,0.5173424805437727,0.5832799145602756,0.0,0.521982728754502
0.4077439158871735,0.44981026899778237,0.49485646221761037,0.35941848463057324,0.5214356198022068,0.4352079251566039,0.412235090628434,0.35910139711076294,0.4541621994488904,0.9706620403502509,0.5719586740816052,0.9836777258807143,0.2559500805629942,0.46662135293249973,0.4371855350256338,0.7915325453466191,0.0,0.869103950220782,0.5438976370490122,1.070504161394953,0.645965640319887,0.7459221770675859,0.4930453507213094,0.8227127302593199,0.8138242777840894,0.7549382667937734,0.6049363322743924,0.6211710442369363,0.32733946225235094,0.4700243545360949,0.7998890518989026,0.6946233916070392,0.8274776016262386,0.7240687835829716,0.5403945566285743,0.41496405184814267,0.3483962312256461,0.4365090607706701,0.5309144486447533,0.48027503214808787,0.49594282601769557,0.6062813432834817,0.0,0.0,0.5845315640507633,0.7966541161924849,0.7658587394079143,0.0,0.0,0.0,0.0,0.0,0.0,0.0,0.6597408650681793,0.0,0.5366665432810217,0.4577112655824158,0.0,0.5986710700806279,0.08503302365293613,0.6597516738426188,0.5137040298245477,0.0,0.0,0.0,0.6245807150237841,0.0,0.8036564992096407,0.62110781221024,0.6852796047225669,0.0,0.29217150573769757,0.4578088336426895,0.0,0.7141367563750305
0.7693310178346344,0.6130566911420636,0.527427360376492,0.4832852990837051,0.44409013946843023,0.5342548661746823,0.43842500017362546,0.47169964434308376,0.6460102969757939,0.7866490349729571,0.5105423247500002,0.984423354354144,0.44296034187336525,0.4608383057911452,0.5535580559013,0.5964118313369675,0.869103950220782,0.0,0.43213856981571996,0.552515295536122,0.7012650253270021,0.5848113774256751,0.6747510779395949,0.8017360345009967,0.8067286348897884,0.7046571089773663,0.574569672047158,0.38939123033254436,0.49514323399856164,0.416825405187442,0.6944322744405824,0.7663826290744822,0.7174288007989338,0.7554829244126082,0.3864683092431521,0.4532823820302216,0.3935000187426406,0.47575834733163286,0.7488085054631609,0.6004069550894979,0.6215989442745179,0.7044231243884987,0.0,0.0,0.5657790912504199,0.8107820402515407,0.5646767764996926,0.0,0.0,0.0,0.5449916827547814,0.4673192560917082,0.6255212471055775,0.0,0.7051077338589302,0.0,0.6410552423148226,0.5494051849394357,0.0,0.5146954059020459,0.6272811740802773,0.6560856817522409,0.6933699051880021,0.0,0.4801272697260221,0.6969091543239287,0.24923853244969452,0.846353787943518,0.7774848567152552,0.7063956105765105,0.8035830999993627,0.42458696754328257,0.6685858883343059,0.5134679886926478,0.0,0.8383251492920547
0.0,0.41834465813819877,0.4557049969600323,0.5503817823037198,0.6031648698090587,0.7007884872783128,0.6742947789775071,0.6861391281586912,0.4747667087754267,0.6333969728828432,0.2591961613179708,0.625785148335519,0.6132718097186377,0.4420663915111746,0.0,0.5038391030251568,0.5438976370490122,0.43213856981571996,0.0,0.45641860832346015,0.5291651234808462,0.4311996119834176,0.3687153970096132,0.5280306274333754,0.506686613200946,0.5692382963329924,0.5978311032985968,0.6824241991572064,0.5059848158199244,0.5629754676072785,0.6303368575791908,0.5982294831929615,0.528451935707309,0.657452986128596,0.4901448159071113,0.6485670450563578,0.48943376428155094,0.4142093172172864,0.20056708710348603,0.45161187154712856,0.47046812399570204,0.21098381389670365,0.7244154835841525,0.5092135239176074,0.06139058644408162,0.0,0.0,0.549973651767814,0.0,0.5028138849818709,0.506450892516502,0.5494756920163694,0.5066995726665957,0.5704528494926353,0.6438115390041081,0.6704786376720586,0.42883209711280273,0.42334886953989426,0.5372369372125141,0.0,0.0,0.0,0.0,0.5486762029596047,0.4727157798084747,0.0,0.4460484808108788,0.5446741441982512,0.0,0.0,0.0,0.4246827060870122,0.6073951317282671,0.2697108743819292,0.45410287304597086,0.5039606216141908
0.24572428251833395,0.29096318380990593,0.3693581512604912,0.6145707499854368,0.49362086479627026,0.32933772727765176,0.30228749356650225,0.5296500951300118,0.519083821210256,0.8373231223805906,0.4996882530141771,0.7289022317028866,0.3152214875442547,0.4813743527696902,0.6332572187712153,0.42187580325716467,1.070504161394953,0.552515295536122,0.45641860832346015,0.0,0.47372656856802386,0.5098433805230234,0.5044022215058075,0.6409943012896365,0.4498059397895397,0.4155360009883239,0.43804564914728594,0.40275743993885205,0.45248775739863495,0.7327908003359453,0.5958845340930454,0.47986963818133516,0.3569698806855788,0.656451481827851,0.6956656784005133,0.9329974794903901,0.4204668739991362,0.7973743795360164,0.36453457900935826,0.39574194977206273,0.5066016023817875,0.3723187594966255,0.5136118387755508,0.2898380821331771,0.32386843173350466,0.6479710637970435,0.22947956170298722,0.4435825179348664,0.0,0.0,0.4330808167673438,0.4845123504362607,0.41007785126931184,0.45397564892370434,0.7694979384340007,0.0,0.3194841831212051,0.5294457435163962,0.0,0.5156499869326733,0.5360263973794405,0.48148745663003595,0.6377472843986645,0.0,0.4773817596491806,0.4711839837329958,0.34082958463897745,0.5458818730916998,0.0,0.10553362825890875,0.2749541010209756,0.49371778899222274,0.3496394488163939,0.42721636863814716,0.44773022928455175,0.4915712086829413
0.025692357137993505,0.5430772153500292,0.47288417538212524,0.4774364700903114,0.42146135450814504,0.5117741167723328,0.4947944199491855,0.5909089365506028,0.4431692668529526,0.5227474685402997,0.6055726550065164,0.48876867628410475,0.29764546614331044,0.5383421948872706,0.3667290279589656,0.6524152852152914,0.645965640319887,0.7012650253270021,0.5291651234808462,0.47372656856802386,0.0,0.4855453683592498,0.3583256465956885,0.01611575230928733,0.377708281237805,0.404168745391999,0.3883990871186842,0.2784568726760916,0.31287716451099057,0.3634293900718808,0.5249887298689393,0.3184080383211085,0.40732472578942036,0.5749289137621818,0.7783300146321976,0.5082198137717466,0.39900847146416285,0.39379752414647873,0.4478372917181067,0.675490397506294,0.42027230776121394,0.5469889037287967,0.4021031220268648,0.0,0.0,0.5504652657648176,0.42205386711876824,0.6151390401604777,0.0,0.0,0.28920989108744144,0.45400992529191075,0.5101875691778135,0.4127774764724694,0.6389314564754305,0.0,0.9049464865281632,0.549118887732472,0.0,0.6083023882697476,0.6994204749799088,0.0,0.6456399396822259,0.0,0.572420150348744,0.7383876740693938,0.5346554570711282,0.6581703932217761,0.4814225018160614,0.5418413934602939,0.7288879998766712,0.6319918792729032,0.5416433562341578,0.5918718474303064,0.32775264913994145,0.44696578612372523
0.4825058466647466,0.5310557825791888,0.5702409508454102,0.6091166106781751,0.548071716826185,0.4123160866114219,0.40255139468883855,0.6984797508491605,0.7286099894103439,0.4913075959739296,0.47483969931165126,0.4988087469729391,0.4131815101340674,0.20683029277531717,0.4479282790267562,0.559141718525099,0.7459221770675859,0.5848113774256751,0.4311996119834176,0.5098433805230234,0.4855453683592498,0.0,0.6055208434693322,0.46042853180913573,0.5235053159548169,0.4643871901697801,0.3883082161891414,0.46188049010773974,0.4372495005946855,0.6258944967377679,0.47769882408634745,0.5371513744146962,0.3283355814684905,0.5611649314087022,0.7020992135056296,0.7367490139190493,0.5839192646643523,0.49822233341904265,0.30265616677853485,0.3096476300869445,0.35131629643374906,0.3837691943345511,0.4931246144896675,0.26755450620834187,0.3657833243668251,0.5420056932497267,0.33332625538951477,0.5582705318643848,0.4684411660652257,0.4041998297391598,0.6320923424999842,0.5275428793386561,0.547764962080236,0.6162328491479687,0.4247099490760755,0.0,0.5444961522774224,0.5584652641368436,0.0,0.5476078006153258,0.4233154236714548,0.3989999814430189,-0.0700702606939324,0.0,0.25366691049893764,0.5777439696327752,0.4351759479411825,0.46746502316672023,0.4821082630125165,0.2691953428250612,0.40787355974367556,0.32601229222641004,0.5414577003700081,0.3854228097996061,0.5804893250928805,0.4985526144781842
0.11845432295027664,0.2934890681313009,0.47152278957284793,0.6305382870502951,0.43041024844141457,0.3794501943158918,0.5202039139870998,0.4521704870320993,0.6470042435200176,0.5530938015552606,0.601751863381238,0.4906196302780008,0.533392443537979,0.3840986523968487,0.4368891487077344,0.577587027620123,0.4930453507213094,0.6747510779395949,0.3687153970096132,0.5044022215058075,0.3583256465956885,0.6055208434693322,0.0,0.050101800547124875,0.3907027167704547,0.3207403636177931,0.27409717997121247,0.4814648355731054,0.42905120782032585,0.5467276341899434,0.5242978315455982,0.43396984925245763,0.18257849312864904,0.5324198630029631,0.4659750379486672,0.46924376105185406,0.5126730073004274,0.352373138601206,0.468507013704547,0.1999881271218116,0.5622923712694081,0.5562316393244118,0.6923265005661501,0.587028448047407,0.39168021822129057,0.48240954411384074,0.302062665153515,0.6663708532869532,0.30869497221671094,0.5972318038970436,0.5625531673743889,0.4924748205525655,0.582631557991454,0.6406250593664276,0.5183865976859559,0.744751335736574,0.3322150869897431,0.4622166018384855,0.5334021027018325,0.5008765179811714,0.718345437987306,0.4774091026707684,0.7285424994417059,0.6438924030444136,0.4910888461185486,0.4515466053359941,0.21363492407921442,0.7123247445604343,0.330229281173925,0.5644274902634725,0.31452632874187836,0.5368025698935148,0.5030858407302504,0.5694653528652518,0.5492704848417528,0.5491833155738264
0.2649875146272288,0.4715476047784527,0.425379428205698,0.29481879494470875,0.6432318187922408,0.2881200921539775,0.4323121439755712,-0.0510973704433445,0.5000186264541655,0.5748500308325764,0.5830787501725427,0.5643184230651889,0.14548480198988728,0.43579039716411794,0.2947587566330066,0.8929659398535466,0.8227127302593199,0.8017360345009967,0.5280306274333754,0.6409943012896365,0.01611575230928733,0.46042853180913573,0.050101800547124875,0.0,0.7222126359590573,0.45073067367208064,0.27350428192888926,0.49009989011521554,0.5538330981380648,0.6383839840688674,0.6729788037264604,0.5436587326420199,0.6105659800481824,0.39050785865319226,0.5462045334175567,-0.061184388241216525,0.06244436039693843,0.7830952885931153,0.7543910354458234,0.45887506268778944,0.18799898533490333,0.4597740736302301,0.6095932642652218,0.3366539425155885,0.4580163041640273,0.6006513875133653,0.6402021453511779,0.0,0.0,0.501842356387046,0.511019372102399,0.42017809403212375,0.0,0.2572897627008158,0.46276109950627603,0.47275456735529187,0.5792080311492034,0.4729004711928518,0.0,0.3865104243683743,0.6421338642791978,0.5790008620564409,0.8462491614047756,0.44500430211948405,0.4284058306774719,0.6523293389292109,0.32570869465994534,0.6981409959689109,0.2678807757059144,0.49004579874204585,0.6049847088272627,0.43420459512988857,0.4174429421717879,0.8709695070450381,0.0,0.726908860884016
0.4881731240532676,0.3387608528041625,0.5268581210137112,0.7813319673222812,0.6251102332519768,0.41863048378271617,0.4228923814261595,0.3615921138326996,0.43774024352587454,0.7679597328038001,0.5776231691785019,0.8165607217553559,0.5095125439657169,0.3027282924474751,0.330136263815614,0.7158516018610939,0.8138242777840894,0.8067286348897884,0.506686613200946,0.4498059397895397,0.377708281237805,0.5235053159548169,0.3907027167704547,0.7222126359590573,0.0,0.4565783281413006,0.4161022582104146,0.46805998800448345,0.43584527492811104,0.47805270293713875,0.7303695989191956,0.6107876530342733,0.7771654961037247,0.6677767217564183,0.4826716588326869,0.3178675137775804,0.6096033147555955,0.58619171767837,0.7174855311228598,0.6677604564168933,0.6203139576454648,0.7140872000727364,0.24951169612893914,0.0,0.35321476798662804,0.7042999747915841,0.5588113434241824,0.0,0.0,0.0,0.4637252273059726,0.5004709967699204,0.5850989157630475,0.39040035969692577,0.6932640889077056,0.5212708557878696,0.7160063602421924,0.4257997359283997,0.0,0.5217466224567244,0.6091392786127311,0.7181906364481319,0.7226684773156782,0.0,0.6582974130303259,0.6313621219460561,0.4588711169563209,0.4369907594779059,0.6362606408376873,0.7277405515928594,0.7896075871312049,0.5453133220712224,0.5592172506740991,0.5421487890380281,0.0,0.8398545155156356
0.43327794419934745,0.3763477151131963,0.9472477242536499,0.3051964154281399,0.43710971551689703,0.5406446035356616,0.42874960648939076,0.3656617209725943,0.5912058133980639,0.6530368337641126,0.6577705797265706,0.5144711143093504,0.44000409483078073,0.36339399071253287,0.15511414600745443,0.6860886735194022,0.7549382667937734,0.7046571089773663,0.5692382963329924,0.4155360009883239,0.404168745391999,0.4643871901697801,0.3207403636177931,0.45073067367208064,0.4565783281413006,0.0,0.46296538024763223,0.44494519991390946,0.5022307478689731,0.25366500774244166,0.5582839315962507,0.6234900945949455,0.6314414916978432,0.5156627765420273,0.5131706415053905,0.5634949758251026,0.4685462409630641,0.673910420550303,0.5520895717526175,0.6789269412072364,0.6902524484099106,0.5067665151272667,0.21337875985525945,0.515183986039718,0.4569331174788568,0.6970714990920344,0.5793676029792337,0.6044915627537323,0.0,0.03600227394204837,0.5576950446993677,0.5793660662136769,0.5834979870303072,0.5790493447606444,0.7229586207830816,0.0,0.7491816104969586,0.5855748104962881,0.0,0.33065810370647797,0.6494938598984012,0.5591116716096864,0.7515453808341418,0.0,0.19987814315089064,0.6673446720509516,0.6029827226111482,0.20875457527014912,0.6984483512527557,0.7341138734505357,0.6794770998928019,0.29866868884636677,0.6543320890060108,0.5125881010518948,0.48231961063592427,0.7901888024778182
0.17770799130484038,0.24383048285947223,0.6897284261467109,0.5133533849788801,0.5683121507613136,0.3020762350067806,0.38385163269246764,0.4014223551631242,0.6416269387498749,0.42223466603538645,0.5674750593950143,0.5344903793321474,0.4410657280301742,0.25914444095844397,0.31869178927722686,0.5440258434988963,0.6049363322743924,0.574569672047158,0.5978311032985968,0.43804564914728594,0.3883990871186842,0.3883082161891414,0.27409717997121247,0.27350428192888926,0.4161022582104146,0.46296538024763223,0.0,0.47054509892269103,0.39142060884357277,0.5203551680803914,0.44037262070293526,0.47571842692512334,0.29200477158965293,0.489371607994567,0.5122550891088394,0.526691631306759,0.5051736597565601,0.4115565790255197,0.40562717034495366,0.48323809425795916,0.4626386037946677,0.3937609057628604,0.5092501579273911,0.4883366753366389,0.36147732544904315,0.3897176477111247,0.44592228817719726,0.43274298345438966,0.34632594139191997,0.6278890573179315,0.5226946589931671,0.3800980301832636,0.46164061798741973,0.5721737554759108,0.5662742173447838,0.552524741959047,0.2576756065736489,0.4631339090028775,0.5509125817585278,0.4668971589228808,0.6692405465792253,0.0,0.6246285911654592,0.5040060401171832,0.4793678911010639,0.5023775487094049,0.3071344441575515,0.5076331946994097,0.0,0.5948112588417982,0.32321748003373785,0.5466941530266756,0.4673086217213706,0.5070205208967129,0.3453095223839071,0.4861935975702293
0.2956657071477544,0.4597775413584304,0.661695404536244,0.2286207711773894,0.20892708452814024,0.5700183626426573,0.2513215272795899,0.5404541995106723,0.7076477499232912,0.6074403833279594,0.5517096591027801,0.6487899726368216,0.3569093568695958,0.24055889752773338,0.38574501143414863,0.3948796325092225,0.6211710442369363,0.38939123033254436,0.6824241991572064,0.40275743993885205,0.2784568726760916,0.46188049010773974,0.4814648355731054,0.49009989011521554,0.46805998800448345,0.44494519991390946,0.47054509892269103,0.0,0.31701439413817845,0.4315764506843581,0.38468796601314437,0.3042664042096139,0.6464821375736212,0.07399272633833481,0.14394047573295568,0.510924078262327,0.1856474307170237,0.5638729970322929,0.3576831285633105,0.39001379020925153,0.46629390990332337,0.27545075019879617,0.28979714211656404,0.10865630904031132,0.5056731306021599,0.5341941601530541,0.5489205728426755,0.6369336516932959,0.0,0.5951172473153068,0.4816436070804362,0.5568520141179021,0.5966283563594984,0.6362810194787296,0.5943164850581666,0.3675689868204023,0.41774921534226683,0.5402959361950911,0.483214075346975,0.6773133448686521,0.39449042830155656,0.31568056748594914,0.5265373604424901,0.6513971314177875,0.5768061910600533,0.5426665590542656,0.4773027557004657,0.6600039113504048,0.3915790192920366,0.5828746456770042,0.2929084257307999,0.659813353027693,0.5527449371291244,0.4746555317258895,0.5479596374898297,0.5976319706250515
0.3081626743072243,0.3926010407251015,0.5299003936496505,0.4376835620264914,0.3619387810608067,0.27979211798453185,0.21348988359837057,0.4346222644029972,0.47975508499461306,0.3789273795948072,0.39788026060760556,0.589274496892711,0.2699659535299974,0.2222933423304561,0.49823041208312446,0.36697412792305484,0.32733946225235094,0.49514323399856164,0.5059848158199244,0.45248775739863495,0.31287716451099057,0.4372495005946855,0.42905120782032585,0.5538330981380648,0.43584527492811104,0.5022307478689731,0.39142060884357277,0.31701439413817845,0.0,0.5225701409793807,0.41239334393059673,0.3025630764366569,0.2895633755008951,0.43298432705404294,0.495289767568622,0.6118230947370948,0.46998834841535997,0.388309976145231,0.3542127351699053,0.3901424756331532,0.5326709105531389,0.39404143625961074,0.35008158333848605,0.3750004520675835,0.435522682451397,0.6609718268813998,0.4404903833553158,0.5343498872926382,0.45262926091211053,0.37387063665702336,0.5867312399896794,0.5571020964540218,0.5334189313994087,0.4996754889756919,0.6671883190273376,0.11588139320151547,0.4957218456643499,0.47494116748621606,0.5955879463884901,0.41721332724123833,0.6713977274474792,0.4701972697770266,0.6304416564717445,0.5007274852172328,0.49384947990418926,0.36111071254822175,0.3117499529619429,0.5432747160147392,0.43224040043188866,0.6034417901726579,0.3987893117641438,0.5384649586784325,0.4808142674708171,0.42486069054635317,0.420014075208472,0.49368833072031465
