0.0,0.36612699699028817,0.22820889137645103,0.0,0.14095898516855604,0.5287110303365814,0.30510949861915004,0.5687284230958795,0.3397239940809289,0.07947228077542956,0.8417310296260265,0.1506513535527843,0.859851319396398,0.418696354593154,0.42060122372326847,0.41182701953204875,0.3524890986258805,0.2432577304202806,0.0,0.6160071730191835,0.425245919742887,0.3840396033623364,0.5424747165798549,0.5015090848298813,0.2675826457767153,0.38743437779928425,0.5149702316259729,0.737110575915419,0.6462844873367672,0.36778900818692406,0.21327661901428335,0.802019302547721,0.5293384832814308,0.3314221886844847,0.10867446786593071,0.808363015524926,0.45364180956120237,-0.08985211100880669,0.48346811152665453,0.45209911704761196,0.294361384798302,0.16939866979926171,0.48320869196095995,0.0,0.3304026116597913,0.42824763623976647,0.30595286630559554,0.0,0.0,0.0,0.40534158500460954,0.0,0.3774423677674129,0.0,-0.15125101953878206,0.0,0.04946772634369295,0.5447398522922955,0.0,0.3219550337001115,0.19692810446762038,0.24553606850143864,0.10080146117335553,0.0,0.2595378792753683,0.47667674757052614,0.4433898990582136,0.4015309058493971,0.46791571899869105,0.2634434244786537,0.2777727554668368,0.29031305636832894,0.4719059224279185,0.334954014248109,0.0,0.4759813808513004
0.36612699699028817,0.0,0.33032222632973807,0.3772609848722941,0.3276895280858825,0.37325547058224395,0.34590415529704066,0.20073667980290427,0.36034591239485514,0.06472137093780611,0.17245815007273138,0.08229577835133511,0.3791949173388671,0.27964553870804143,0.38585441976048485,0.285314752152438,0.30540044565478597,0.3394344408175247,0.4000331854650249,0.2992458925849882,0.33212089111840193,0.31760961965346524,0.39533255360959607,0.18695640318103968,0.26079449133071475,0.20612125624073024,0.26351260661354964,0.440739458231172,0.3759841577696735,0.5082314720444325,0.2648967925816566,0.5905939842399821,0.42030918387656563,0.40597120691687993,0.4544743738981215,0.5954377251991069,-0.006787656934676575,0.0,0.4199419206676815,0.4553969717050663,0.4176806727036724,0.4950391453156534,0.3930410285022075,0.0,0.0,0.3689526317589959,0.3204204130634152,-0.02828391867972064,0.0,0.0,0.45757631674842836,0.4123058473503941,0.32517943096198154,0.3456199382931474,0.4886175911434982,0.0,0.10084859420471023,0.4040966116824333,0.0,0.42200932211714626,0.2914270148438791,0.242785882419758,0.12020940309500677,0.0,0.40532449589814556,0.5887114861216415,0.49153884295403943,0.17059071399601283,0.38539867053742455,0.1482624890126406,0.38578404020830276,0.04421271744794958,0.30123970703849223,0.5272985869421165,0.0,0.35773613140734106
0.22820889137645103,0.33032222632973807,0.0,0.32273991478088737,0.47784969669442684,0.5060010692966219,0.42416198734076194,0.6339692925014857,0.3385971391318366,0.43697617133598926,0.5974541226850041,0.3956187006781972,0.4296911596066847,0.5623416016919807,0.1621392104863092,0.20397653285110062,0.31082747045068737,0.30900632721164817,0.3815585967308883,0.3060564170365925,0.38546837093630093,0.34204209018407167,0.5436431123678154,0.3237353058358217,0.34125691420350246,0.4090084013328989,0.4880107254419386,0.5197296669780749,0.5740031516727458,0.44393157568505665,0.5366454755508367,0.503026930720077,0.16510446182612099,0.599655719880007,0.5580342907727798,0.5051973515635888,0.28846969944428463,0.3537000892575909,0.701465525079791,0.46475337517395554,0.42947425724553073,0.4754635818747508,0.5337396298400019,0.7165459943833913,0.0,0.0,0.38605572596786003,0.7755342155708482,0.4646825813755533,0.2327933066175797,0.6324557211202746,0.6386155775344922,0.6961592278402418,0.7338767379785607,0.3778617071971776,0.7998097955052739,0.3798178946815962,0.5091775264899616,0.5319100228512532,0.3887078833079077,0.0,0.0,0.0,0.6981684342376906,0.34944621742384124,0.5650803363629747,0.297633167909032,0.7235940579913533,0.0,0.5441519629511778,0.09145002767091737,0.8494445498222449,0.44510156205428586,0.46309306107683124,0.44355375332158986,0.14748389914677712
0.0,0.3772609848722941,0.32273991478088737,0.0,0.37560484623850443,0.4549880631298844,0.39170344631211773,0.6388729443294984,0.5850191610649451,0.39232771121721066,0.3852689491244792,0.3386478639222517,0.3469164925086221,0.5744921303713079,0.5658200885689627,0.24008875774218535,0.3488417655700943,0.4791341748244929,0.36655073787761255,0.4031325423377027,0.4561931371292773,0.30554043337767633,0.5711440339550721,0.29507287907574825,0.7811183123996556,0.35732043154009585,0.4677199147887126,0.1703470223924124,0.1555223798051724,0.7768453638246156,0.5276326589597959,0.261579628361927,0.3253789264834622,0.1299434158291636,0.12485816452232276,0.24749848874753058,0.11199487604413866,0.3846403231334052,0.12939675866430023,0.3610794795083326,0.20217813716509783,0.47870779008348874,0.3718276252327595,0.4378757310614962,0.0,0.0,0.0,0.4763592255401782,0.0,0.0,0.21072109157900276,0.0,0.4761782772290621,0.365859264637036,0.0,0.3562623201466475,0.5743515217310534,0.49554461768214697,0.0,0.0,0.0,0.0,0.0,0.0,0.0,0.0,0.4500131504889019,0.3237456281853158,0.0,0.0,0.0,0.2780892456807465,0.40748742077856115,0.3161770751598539,0.0,0.0
0.14095898516855604,0.3276895280858825,0.47784969669442684,0.37560484623850443,0.0,0.34112393816563025,0.44224533590230397,0.38896883941774263,0.4503604769908498,0.4221053513772992,0.44972372928235077,0.337856206351306,0.39622378723634605,0.3938512167366087,0.3141278523115443,0.5491807035491484,0.3723006654934604,0.3371792072260812,0.35887949821848175,0.37210916953124284,0.4304279990346576,0.42703918043427685,0.25842783023894267,0.31852634055235485,0.39809257878671506,0.338262981556293,0.4133364046830781,0.44922464344389,0.46442217835312943,0.386842788775263,0.5502189496762623,0.3531879352665317,0.4491537916994589,0.36313944589078795,0.23293200150915408,0.2651492050834854,0.1869111339730804,0.4020592582876053,0.5824622817729317,0.7762647274052417,0.4240435586627337,0.4506571484268743,0.24059327531903557,0.8197963927719201,0.3511684889082588,0.0,0.21748364013818383,0.5459939947076736,0.0,0.5125356917728077,0.08619959905122765,0.5690839221632872,0.5573502788089322,0.5488953382242723,0.0,0.5016513725761549,0.23996292993197607,0.6362962845611855,0.45699129813020867,0.28793351642335463,0.49790969485102166,0.0,0.0,0.5717291240997464,0.10384535207998513,0.44411974284886807,0.24899178348181272,0.6269149135898954,0.0,0.46416233592201817,0.39262771279723013,0.48846841036148103,0.4370175031135091,0.43945098367692487,0.0,0.39462094657751934
0.5287110303365814,0.37325547058224395,0.5060010692966219,0.4549880631298844,0.34112393816563025,0.0,0.4226916312085845,0.4728165093730361,0.3417986536855528,0.5266891346013172,0.516669708512652,0.479092122995159,0.5439497132417241,0.4535355215778395,0.5605378472795945,0.6151418946624527,0.4232011430654694,0.5634955796092027,0.44554960882741684,0.3587679346076587,0.4335797852357191,0.3885685688469379,0.3323506850439627,0.30137205246725257,0.5297181808875686,0.6415768542715194,0.4110526794916004,0.5897787145177597,0.29489109109067646,0.5463071296449293,0.5051070095586857,0.4823382274057556,0.7902495058565242,0.599870460685209,0.6002590368934084,0.3868900731051926,0.5066527235678728,0.3953458861610228,0.39446387826668294,0.2774379578629918,0.2966909625819201,0.38181938669318305,0.4715442018688064,0.43847546861710074,0.2600876109236397,0.23517935459828354,0.2786884955336785,0.6579654173852939,0.5375639607678275,0.42075096758362224,0.5447157317806577,0.48371184218856,0.6138513972330509,0.645282233920333,0.5362646830130375,0.745752104978542,0.19359543169901813,0.38941165013731704,0.618515593238885,0.45336607467452766,0.26333136805757806,0.0,0.25537846118619495,0.46788634036966636,0.42820945769841745,0.3401484049852809,0.38634337904168736,0.4774058921262122,0.5005073319826139,0.2698685314452519,0.26897308384192364,0.5374686660407558,0.31396848358948765,0.309277170229144,0.1606141223941793,0.3654997026376313
0.30510949861915004,0.34590415529704066,0.42416198734076194,0.39170344631211773,0.44224533590230397,0.4226916312085845,0.0,0.35239018601270267,0.4563802228390755,0.4877135338980832,0.46059189762096897,0.3621794052662858,0.4659166193277984,0.39106774604562433,0.4701121947903421,0.4414070997264487,0.3469127104500286,0.42539850862543294,0.5081731460593352,0.2968056799740839,0.3167996932578899,0.3310780886120851,0.37560374394693063,0.46756894912236163,0.3693727963086593,0.36549710305975935,0.32175012642633616,0.4698502539033854,0.371276068945236,0.44834926055113944,0.45560999662134183,0.45043146205446183,0.4901639427339507,0.3282253888844099,0.13844379880621968,0.36728061692332586,0.33547534962565023,0.6740029546833464,0.45521302829568455,0.2757504249706988,0.4536583290792585,0.41848892007131566,0.9169116511104638,0.8485665427956146,0.4225637708122908,0.0,0.26986965078412894,0.7384061564863258,0.0,0.5304451936172817,0.4177813227137741,0.3893073754891597,0.5290714284969831,0.648832580069764,0.35659463268750824,0.4879759691994293,0.30157849767104067,0.301318637174872,0.3258192931580507,0.2739502088967964,0.2918612886475734,0.0,0.48314676015606434,0.5826884959393819,0.4072925403928911,0.3070484140505192,0.3340341891501923,0.39868159738321796,0.46348779292384223,0.3597043638377413,0.2768391330640012,0.31874811735342234,0.365567066720541,0.4155749026975896,0.5499836583683405,0.22686268744897053
0.5687284230958795,0.20073667980290427,0.6339692925014857,0.6388729443294984,0.38896883941774263,0.4728165093730361,0.35239018601270267,0.0,0.5390809047370826,0.5267735644927708,0.5982430351470843,0.7301627204933164,0.39746211492840205,0.9649256763834314,0.2738010408949123,0.3040488251519979,0.35385183884142657,0.2502666281825351,0.6941805146338828,0.27805992187523093,0.3983464022417419,0.1960022811713083,0.49594515350467416,0.5328487545410336,0.487607814650659,0.387446365561793,0.44205714879640734,0.32027643597005534,0.2951619739871103,0.32514101056202055,0.3895682903228266,0.4403803655794278,0.3987750155394464,0.45253166784096194,0.3568744467988129,0.6623875055264477,0.4430545405000361,0.26847826482025494,0.3849225637800002,0.32088382771389545,0.2614184070729406,0.34152982796665077,0.6801240541788294,0.29708007087615274,0.0,0.5364913805322753,0.2939529297994094,0.823067105699193,0.0,0.49285493884135634,0.6269338742127218,0.5963340563275984,0.6941012969531198,0.5616012826960971,0.660768761229965,0.7146736432508716,0.9279808096685211,0.37210189855255554,0.700384265041341,0.6261638856402559,0.2936390225584169,0.0,0.6131175877395407,0.9342446171438566,0.5286767522152829,0.6867925064023499,0.29308682662741925,0.7212614633430823,0.0,0.19690381269635043,0.2833080376709062,0.5904369149406858,0.2999982274220113,0.3358765421877322,0.2465408512650754,0.24296509977368563
0.3397239940809289,0.36034591239485514,0.3385971391318366,0.5850191610649451,0.4503604769908498,0.3417986536855528,0.4563802228390755,0.5390809047370826,0.0,0.5478914869985482,0.4306293616705674,0.4993085066337984,0.6281932938676507,0.5096838560834203,0.3832861581994135,0.5749198317996946,0.28649850182928077,0.5563797704503557,0.2827969172092435,0.3818752871703295,0.42750728611254873,0.4865632112974092,0.3965301240687913,0.5705072624515517,0.5387537553697264,0.44896688404112417,0.49528209402573486,0.5932057821475912,0.42434393495688805,0.5087235017756178,0.6359729585444374,0.6413942390589122,0.5612377218646435,0.7262916987689033,0.672226684797697,0.5241914739545221,0.6022990601548063,0.6281783028398287,0.36055246047354705,0.32520719306519763,0.18093426578824034,0.050350495743593515,0.47121771481701025,0.3104917905153704,0.37453807186802435,0.0,0.2912229797218207,0.7205211989819751,0.4594811059040637,0.5843089407966469,0.6363460942040046,0.49653515683571775,0.6111621112734559,0.4874920321259325,0.22427798361935708,0.5899467142792433,0.1691513510749446,0.31893385967214405,0.44825921887957765,0.31905477507385416,0.32810765440710093,0.0,0.0,0.6917266360516892,0.3699809303908836,0.5395721634225785,0.37984391943679474,0.6172447339621708,0.4024054081785806,0.39306569400835584,0.18470203518302342,0.6658622946294706,0.2770335085158516,0.5295983972123044,0.36201746478229,0.3536276022629298
0.07947228077542956,0.06472137093780611,0.43697617133598926,0.39232771121721066,0.4221053513772992,0.5266891346013172,0.4877135338980832,0.5267735644927708,0.5478914869985482,0.0,0.5831385100712856,0.16651710170721262,0.42844962736748393,0.5697860872262847,0.4085666407348105,0.03288565500351104,0.34699619431686585,0.10037564436536595,0.48558760630543774,0.12589692148952739,0.2497323553454862,0.2069586169472863,0.4342206061118092,0.07936868646229533,0.4020184653931276,0.2712090642296211,0.4140393613571267,0.5015109099747042,0.2633351527519223,0.3351829411405969,0.2325811683754972,-0.0006860476013353378,0.2336102564854282,0.2830732263880663,0.2333345105885807,0.4706412389367617,0.3122646079179334,0.15009551791678072,0.427729061568628,0.16056920295606966,0.059163252466420846,-0.053991889222085476,0.15415189875454385,0.21389964112309537,0.3658385205946577,0.14309938294163727,0.5008443241165713,0.3560362277319048,0.4516841635227818,0.4125937703168393,0.17786467998678024,0.1696456796372768,0.23983092801388678,0.33786495566209135,-0.004818665865944538,0.1371291259554009,-0.1497185222143978,0.3713679200833983,0.0,0.5797488196333803,0.2687562938239342,0.2791669686245989,0.2179672106627726,0.4721901284150342,0.4767319117051334,0.3467219067643237,0.38562762846753457,0.34669508030536517,-0.15272515823671967,0.08725214214326432,0.006665344933015682,0.4004528545941747,0.4544081765494651,0.15985540590331349,0.0,0.1910822943885862
0.8417310296260265,0.17245815007273138,0.5974541226850041,0.3852689491244792,0.44972372928235077,0.516669708512652,0.46059189762096897,0.5982430351470843,0.4306293616705674,0.5831385100712856,0.0,0.3234003429784975,0.566825717939401,0.7412360276866865,0.0,0.46457687299957784,0.42794024502020545,0.3112311167166737,0.2583192542699235,0.49847652612070364,0.31762791931140644,0.13273605982610726,0.7224502090238722,0.18549195942348784,0.431198830773165,0.4669700161318733,0.5585314785579252,0.6217586504121057,0.2818587975188335,0.2610326160333235,0.6066385948958664,0.8078764809486942,0.5463960033052533,0.6945851538734564,0.5745133807807019,0.5730117381748813,0.6738103704590239,0.6221310633875075,0.4405100032208203,0.24983955916255016,0.2957568435857607,0.3092712757052455,0.480218903381424,0.49402508813325197,0.1343298020488669,0.0,0.0,0.6088787151765329,0.47476177860281177,0.40151169326214986,0.48400593071161263,0.3119248390252928,0.6275486866397612,0.5020537359767782,0.20198188158930153,0.5946436364031731,0.35982992554482723,0.4138881316826948,0.38447727711353974,0.0,0.0,0.0,0.0,0.7272897730466967,0.23756300878512598,0.0,0.5653648028514309,0.6613753047740472,0.0,0.0,0.9264316683533611,0.6570653547243508,0.40603021137654705,0.24771831817844622,0.0,0.3558610963251829
0.1506513535527843,0.08229577835133511,0.3956187006781972,0.3386478639222517,0.337856206351306,0.479092122995159,0.3621794052662858,0.7301627204933164,0.4993085066337984,0.16651710170721262,0.3234003429784975,0.0,0.3767914913874273,0.33182155523945756,0.1724955451854187,0.5586022487986975,0.34323695292414413,0.32572354244469215,0.5075363571913526,0.5199202016638018,0.5980038109940188,0.17607423221936327,0.39431204318937185,0.13986274712917168,0.22164494614863528,0.3523349560620257,0.44006119257623505,0.3435179321688525,0.28252846616695126,0.17876536062869222,0.18278715151478164,0.1784289606478992,0.44868039601797416,0.21406478358170244,0.17652991242448912,0.5575292561726652,0.3144084550751176,0.12055949873333155,0.9081052586922662,0.30367627939464814,0.22379914998222564,0.39108058564289716,0.40178073555569627,0.19834472864152752,0.41575724999233465,0.22203496047301047,0.409309555757178,0.28662012722054886,0.4165682666221229,0.2180369991769952,0.2754181128471375,0.42135682859437446,0.3738858039030375,0.38657426462902034,0.04667395199778834,0.3229303717975432,0.08351270308889625,0.3661649599115204,0.527918965884495,0.5210060084994352,0.37136807433734775,0.278354294218253,0.48724748728024764,0.2922304244532355,0.25844991853169796,0.3982560096945968,0.3602897200845074,0.354944244985886,0.03986958052766287,0.26092347743135424,0.15553452215927244,0.15678786695670693,0.5200693238653558,0.2331619483143768,0.0,0.28158966030892973
0.859851319396398,0.3791949173388671,0.4296911596066847,0.3469164925086221,0.39622378723634605,0.5439497132417241,0.4659166193277984,0.39746211492840205,0.6281932938676507,0.42844962736748393,0.566825717939401,0.3767914913874273,0.0,0.6264131559437128,0.5099337622927985,0.42072507580396784,0.2465355598796241,0.37232994428329863,0.5524611399316708,0.3860557843633995,0.35918874502357634,0.3839767115497238,0.4245191777694892,0.3212033904362367,0.3891532917671424,0.29441421521456906,0.40470388298489346,0.39878182507299365,0.48269196432184747,0.5256113358267226,0.42323936300319964,0.5283868706734004,0.28629694341867906,0.4519603752078197,0.23900114011723353,0.14557820781474293,0.2875292065656687,0.5797576778377489,0.20426911287968874,0.40089362855592514,0.4720455094974479,-0.3131868259422173,0.4073123794556479,0.3084489867937755,0.2457868425822979,0.43806825850158226,0.330802178442819,0.8168949504186209,0.0,0.4968392850885348,0.5195208371131369,0.3945157135515318,0.4565261402773676,0.609116172526205,0.479548618501595,0.46081757676364987,0.18526121067876536,0.3106445461137598,0.22177431320090382,0.41485485270345934,0.2773780402800825,0.18412625979376293,0.21181155506462906,0.523557661993285,0.3530161510108743,0.5031102764397092,0.3486958943191035,0.4482264003717351,0.39670936533303447,0.30487435614717495,0.2882896885629706,0.4401565995491763,0.2996499735301652,0.2618905822134494,-0.19668969994777857,0.2968592974789085
0.418696354593154,0.27964553870804143,0.5623416016919807,0.5744921303713079,0.3938512167366087,0.4535355215778395,0.39106774604562433,0.9649256763834314,0.5096838560834203,0.5697860872262847,0.7412360276866865,0.33182155523945756,0.6264131559437128,0.0,0.34322331232170034,0.5749138833790609,0.4627678304943016,0.46278254851562506,0.5778740170344754,0.2898813940551145,0.4852066527933516,0.19836396550718638,0.5700745930301871,0.5251268577027117,0.340343913034869,0.0781361195043172,0.45490956295535645,0.3570250550696292,0.10108473361405707,0.4627748767576835,0.4857840311566192,0.7926520318570089,0.3693094189801259,0.5617311966181853,0.40931797664456526,0.4014729654195421,0.2240245196283761,0.4867417459717223,0.5480253184264461,0.0,0.48768589285545355,0.639545713077619,0.49966888577849333,0.46398892271220005,0.0,0.0,0.0,0.42168845058542903,0.0,0.5648146647307706,0.5657583335637468,0.22743952739722137,0.5403249597217075,0.23293782613569175,0.0,0.37933838159164107,0.3565187425026252,0.6656802659044253,0.14618418625663177,0.0,0.0,0.0,0.0,0.48812660207422853,0.0,0.0,0.0,0.5855252604247482,0.0,0.0,0.0,0.5531036876202826,0.5216160289248695,0.0,0.0,0.0
0.42060122372326847,0.38585441976048485,0.1621392104863092,0.5658200885689627,0.3141278523115443,0.5605378472795945,0.4701121947903421,0.2738010408949123,0.3832861581994135,0.4085666407348105,0.0,0.1724955451854187,0.5099337622927985,0.34322331232170034,0.0,0.3941738768302142,0.2652599207599852,0.3242045352937954,0.0,0.3402802502960488,0.4149162074072148,0.24114653023643445,0.25864239745754863,0.7460528513034208,0.33674779842989255,0.32040117343000096,0.26964594709942846,0.3225384324699432,0.37312902728946423,0.5084748125501892,0.40584970187770497,0.5735308537054,0.6365761116779116,0.5040894887814169,0.5455351799382633,0.6075156143338188,0.28472549124329233,0.3618904370459939,0.3203373331349024,0.4640029720186798,0.38903275367632084,0.33230292553329727,0.508073133233395,0.5847901215979449,0.0,0.40385349244976587,0.4289502211193875,0.24922408745027452,0.0,0.0,0.34048780608705753,0.5595612651238344,0.43721999462970057,0.2981327842094462,0.0,0.0,0.23604431771719855,0.45068355150691375,0.473043396996543,0.2802188456110407,0.3787940586720643,0.538808258634113,0.595161507215211,0.0,0.10078083208575778,0.546542486189149,0.48936014202893824,-0.05471953501718274,0.45524767828859586,0.5931198422070216,0.3415653807055205,0.2658966919638421,0.3611148244608058,0.22949985550506602,0.28976256415789603,0.2467030410243124
0.41182701953204875,0.285314752152438,0.20397653285110062,0.24008875774218535,0.5491807035491484,0.6151418946624527,0.4414070997264487,0.3040488251519979,0.5749198317996946,0.03288565500351104,0.46457687299957784,0.5586022487986975,0.42072507580396784,0.5749138833790609,0.3941738768302142,0.0,0.06962514558765392,0.3920630532515286,0.502241394798038,0.520322196584623,0.32697740058973274,0.32305533685746735,0.4664912326677506,0.07046865616304548,0.37019257340083755,0.264713385199437,0.463988247318461,0.37605085983854103,0.4786529440691455,0.2506012965731654,0.21699935715860902,0.5691410332627262,0.5373701565461017,0.3497705730960581,0.3903199646361752,0.5900472134496533,0.10707699163522133,0.2489245236391181,0.47867052757532536,0.27463729383416435,0.3714259740874192,0.38481951881614984,0.4739691480912679,0.0,0.0,0.2793488266599113,0.39344411355163456,0.0,0.0,0.0,0.3854034262924785,0.29063728317692794,0.46639162708233833,0.0,0.614195450377879,0.0,0.3965029436764291,0.4354245235212307,0.0,0.3541929796153904,0.34787756461820646,0.6128719763183282,0.19712256485775245,0.0,0.4242905652865235,0.31823618113729907,0.3978302659926076,0.5079849062910713,0.4299289394639277,0.30480202180436294,0.4042067003146836,0.43313194084907136,0.3022512360094849,0.5156459031151208,0.0,0.06135250653881713
0.3524890986258805,0.30540044565478597,0.31082747045068737,0.3488417655700943,0.3723006654934604,0.4232011430654694,0.3469127104500286,0.35385183884142657,0.28649850182928077,0.34699619431686585,0.42794024502020545,0.34323695292414413,0.2465355598796241,0.4627678304943016,0.2652599207599852,0.06962514558765392,0.0,0.43781405007571017,0.43948149827869276,0.4344765041997952,0.21994531473372503,0.2668640839485594,0.058546087282293935,0.199529294961598,0.30744494166439307,0.10661553492496587,0.41211783406485947,0.6312791341440012,0.273068454517182,0.4954900720771068,0.23511923588291178,0.6271808089822284,0.532781425336525,0.32046190955708054,-0.09488942158999242,0.33588817518832115,0.3480936921756478,0.12394517760123386,0.4316511194645944,0.17799310333369134,-0.009499883883620774,0.4638303438097675,0.0,0.0,0.4315658542009333,0.5307943483539366,0.5556642052613254,0.0,0.0,0.0,0.0,0.0,0.0,0.0,0.05388946252557181,0.0,-0.0738592679202762,0.3533169564123802,0.0,0.5879115783363582,0.2906946271340022,0.31839791179429155,-0.04089922432782189,0.0,0.0,0.0,0.6088089030606042,0.0,0.29656728225642703,0.2244660648270741,0.22686478466072874,0.0,0.2809619460755492,0.461122016922044,0.0,0.07104610358697261
0.2432577304202806,0.3394344408175247,0.30900632721164817,0.4791341748244929,0.3371792072260812,0.5634955796092027,0.42539850862543294,0.2502666281825351,0.5563797704503557,0.10037564436536595,0.3112311167166737,0.32572354244469215,0.37232994428329863,0.46278254851562506,0.3242045352937954,0.3920630532515286,0.43781405007571017,0.0,0.41330538301718145,0.32106975491417,0.2674053664891139,0.22578842767137688,0.3823286295899778,0.15609632161350695,0.2631592248408567,0.14005505791088163,0.4074029434931049,0.2931340581108204,0.33799267371973085,0.26732261214688946,0.12894594812943821,0.34353942010312494,0.5803637596584432,0.3507197746002918,0.1468181555772946,0.37038419043013365,0.39469807615613184,0.37346235465444494,0.39440997126783983,0.3226569550930407,0.34878561028843647,0.409240870275036,0.0,0.0,0.25917463098335786,0.4099926704577521,0.4478413584163805,0.0,0.0,0.0,0.2202572586418752,0.4778886935583775,0.6261766689955366,0.0,0.28520031922409717,0.0,0.20055454197543882,0.27452332310735766,0.0,0.3482012213392123,0.29518059303578836,0.3748075846208031,0.23151093070535803,0.0,0.25957693731978976,0.39570240998302425,0.5188072459322917,0.3230052749979445,0.2981116558372548,0.28240583385381623,0.32272960068785383,0.21131093511558113,0.4217626903979788,0.2763965238958999,0.0,0.3803679794644924
0.0,0.4000331854650249,0.3815585967308883,0.36655073787761255,0.35887949821848175,0.44554960882741684,0.5081731460593352,0.6941805146338828,0.2827969172092435,0.48558760630543774,0.2583192542699235,0.5075363571913526,0.5524611399316708,0.5778740170344754,0.0,0.502241394798038,0.43948149827869276,0.41330538301718145,0.0,0.4572937272425649,0.35495303235854686,0.423079113483425,0.6749587158048909,0.48397947942855535,0.40559176865649216,0.46740803699656575,0.4187341296940339,0.6385949999418962,0.4139444654641075,0.630265332011863,0.6260335599857869,0.6255608477979862,0.48993205595026157,0.7676971868421543,0.6351969391570609,0.3748213840558242,0.834248047260309,0.4064407760612713,0.4350712437008545,0.4485193128623123,0.30884033690983687,0.2133521729428827,0.7625926246210031,0.5342314405812063,0.05729594864190826,0.0,0.0,0.7774913319520523,0.0,0.4655988515098579,0.5042155451443061,0.45514291776525695,0.5623568986923383,0.7411052915496628,0.6462692082978647,0.7482827664733194,0.2581161911203462,0.3845581197316065,0.3394853017482931,0.0,0.0,0.0,0.0,0.8054353452932758,0.4727962753652525,0.0,0.44540491521014103,0.7354804670332429,0.0,0.0,0.0,0.8236007275193469,0.5479632224433073,0.2887999640989187,0.46171767977599143,0.33483704826704713
0.6160071730191835,0.2992458925849882,0.3060564170365925,0.4031325423377027,0.37210916953124284,0.3587679346076587,0.2968056799740839,0.27805992187523093,0.3818752871703295,0.12589692148952739,0.49847652612070364,0.5199202016638018,0.3860557843633995,0.2898813940551145,0.3402802502960488,0.520322196584623,0.4344765041997952,0.32106975491417,0.4572937272425649,0.0,0.4229896793812818,0.31031097499873606,0.40070392543965894,0.5703027313422967,0.4083722480117798,0.2017729967892572,0.579555134101156,0.4975064479269182,0.46505822761758364,0.7923978478861713,0.5850383289335254,0.5574945180947352,0.7016071148460368,0.6672727802887163,0.6807376431386025,0.6520149314145045,0.4381536252332031,0.7670081943085897,0.3454914147173266,0.6732062276916503,0.42040962479752525,0.363769506925789,0.6119663917338534,0.34285812189060544,0.33158628868647966,0.359652241725938,0.6290800906922971,0.3507585638771511,0.0,0.0,0.22649641880375027,0.29854829172492586,0.4434926666614801,0.4167741529303534,0.77098572526302,0.0,0.5033192775780247,0.49356184023665817,0.0,0.5801004717451204,0.34348815809000766,0.47786876546722895,0.24218002714241077,0.0,0.2935700052433913,0.315308460630079,0.5677318078048277,0.3077067822456472,0.0,0.22590156093859412,0.29166557159686546,0.24308812485484238,0.23522602174372018,0.21999185231484203,0.36259421054643953,0.15645478245838335
0.425245919742887,0.33212089111840193,0.38546837093630093,0.4561931371292773,0.4304279990346576,0.4335797852357191,0.3167996932578899,0.3983464022417419,0.42750728611254873,0.2497323553454862,0.31762791931140644,0.5980038109940188,0.35918874502357634,0.4852066527933516,0.4149162074072148,0.32697740058973274,0.21994531473372503,0.2674053664891139,0.35495303235854686,0.4229896793812818,0.0,0.3048405976625501,0.5013686780343369,0.7027053267748387,0.4052626815782929,0.48090412139687055,0.39983571499900933,0.32140213803770057,0.26460482155228543,0.3630373955898927,0.28910874387633906,0.4468821053958435,0.3938678755641326,0.4413612164158741,0.4770214971324641,0.3156572211293134,1.0488232718842103,0.5293054030754738,0.37947812784740853,0.4910088352113586,0.3749777789438996,0.45757263387513736,0.40949469065908717,0.0,0.0,0.7370019965280741,0.36318056536674526,0.47596417165324134,0.0,0.0,0.498116172425975,0.36790107501704244,0.7007233401471291,0.2958205773010629,0.523590747472577,0.0,0.47063859868794433,0.38853291679450763,0.0,0.4360454356167921,0.556568370618246,0.0,0.3465447656093742,0.0,0.29590986798098773,0.6471442368253714,0.3962460643300832,0.23389616298257412,0.48234817023601384,0.34996683058207434,0.49333042338697736,0.3490730829551878,0.47583301067047074,0.2622154407557982,0.251200689255311,0.30875466177718297
0.3840396033623364,0.31760961965346524,0.34204209018407167,0.30554043337767633,0.42703918043427685,0.3885685688469379,0.3310780886120851,0.1960022811713083,0.4865632112974092,0.2069586169472863,0.13273605982610726,0.17607423221936327,0.3839767115497238,0.19836396550718638,0.24114653023643445,0.32305533685746735,0.2668640839485594,0.22578842767137688,0.423079113483425,0.31031097499873606,0.3048405976625501,0.0,0.29203982970827735,0.10548382895987968,0.33485350262462316,0.23237000896767257,0.2988454266311403,0.31571289285792314,0.40276940650997334,0.3882279376102056,0.45891514713556814,0.6569945825069394,0.47613255453161846,0.5751204496642202,0.5900918455564116,0.6016058803372846,0.624442348084797,0.6559869001447732,0.4216647726392547,0.3999225150846539,0.38633121556759864,0.45239211226205445,0.4537936880919022,0.5136835709150437,0.3738323029760774,0.30190126735546563,0.30846582656261634,0.5231268914959768,0.469134152106414,0.40274770025516,0.3511057586654016,0.4386133632710051,0.43221416922736633,0.5568199480788769,0.28831703984051166,0.0,0.358393841409475,0.4540401675582747,0.0,0.5360570144761314,0.25827814035670016,0.26439907563095355,0.24770707015862764,0.0,0.3764822705643657,0.4655432407317967,0.39287114748295077,0.3697003073193007,0.46226885497290815,0.25488939874904515,0.31173431541865115,0.3280534946145651,0.38336980392713077,0.3250166180360768,0.4392827630122753,0.20112554235387314
0.5424747165798549,0.39533255360959607,0.5436431123678154,0.5711440339550721,0.25842783023894267,0.3323506850439627,0.37560374394693063,0.49594515350467416,0.3965301240687913,0.4342206061118092,0.7224502090238722,0.39431204318937185,0.4245191777694892,0.5700745930301871,0.25864239745754863,0.4664912326677506,0.058546087282293935,0.3823286295899778,0.6749587158048909,0.40070392543965894,0.5013686780343369,0.29203982970827735,0.0,0.5586842039072184,0.4601019872169138,0.3802953011475757,0.3749987805833989,0.38686159693980926,0.39338269249320723,0.48352196191502467,0.4178718341400972,0.5025905916938548,0.5439918549183244,0.527309438483619,0.5370674105164099,0.4117700047763384,0.4493558267816903,0.31979273033124667,0.36468709973445546,0.4470212928280244,0.38287604017480537,0.3731805659005477,0.5557287058062048,0.49052242599121676,0.38577452841450266,0.7704783314564674,0.4473505640749036,-0.1587254285426658,0.2265465929142881,0.4902139689374432,0.5237704832989664,0.4682289468570488,0.9105725470327578,0.6307714812558125,0.38706136740325314,0.1316628073382287,0.13510483010499558,0.3874292365155771,0.6461956781694216,0.46972684975361245,0.5094370204628502,0.4767319117051326,0.5053142878319359,0.18018892114384372,0.3287009663188646,0.4215644673066805,0.3734931132938508,0.38562160228170556,0.33307545970521524,0.33473521252278204,0.393584985887669,0.43377842228124724,0.319887659622541,0.34899486185616435,0.3370551327744091,0.3952174521167288
0.5015090848298813,0.18695640318103968,0.3237353058358217,0.29507287907574825,0.31852634055235485,0.30137205246725257,0.46756894912236163,0.5328487545410336,0.5705072624515517,0.07936868646229533,0.18549195942348784,0.13986274712917168,0.3212033904362367,0.5251268577027117,0.7460528513034208,0.07046865616304548,0.199529294961598,0.15609632161350695,0.48397947942855535,0.5703027313422967,0.7027053267748387,0.10548382895987968,0.5586842039072184,0.0,0.2682736828790603,0.29145943342503966,0.5946810034107862,0.3215872744100835,0.7987812257815907,0.614272966744799,0.22913867608189234,0.05769095918182554,0.45739542121680693,0.11126873659053463,0.11532607737468498,0.43599717859009446,0.2815982067831689,0.17031128735787335,0.6357869780394281,0.6018221327713309,0.3725228346456158,0.2874925462283252,0.30618573689284667,0.329650925656245,0.3975007230630543,0.3607044000055965,0.3908028410389247,0.0,0.0,0.4913135660999684,0.49118497381634674,0.40768040691030605,0.0,0.27806015017274,0.1211166884558042,0.4815649602254376,0.020851304707036833,0.35516615610060387,0.0,0.37340617092991574,0.4485620109253109,0.16582217588629225,0.3085194199674822,0.45539569819785364,0.41466777133079163,0.33416698007872936,0.2085151078382518,0.689842404319216,0.15900857200065702,0.23082018180996547,0.19165215428889648,0.4093240418563479,0.5047212642385606,0.05820341234196824,0.0,0.39115089013504434
0.2675826457767153,0.26079449133071475,0.34125691420350246,0.7811183123996556,0.39809257878671506,0.5297181808875686,0.3693727963086593,0.487607814650659,0.5387537553697264,0.4020184653931276,0.431198830773165,0.22164494614863528,0.3891532917671424,0.340343913034869,0.33674779842989255,0.37019257340083755,0.30744494166439307,0.2631592248408567,0.40559176865649216,0.4083722480117798,0.4052626815782929,0.33485350262462316,0.4601019872169138,0.2682736828790603,0.0,0.14210532130676515,0.4378570040347356,0.310493271460629,0.4002859211115889,0.3350108468174196,0.200835256135293,0.30720401351906884,0.5161538601519142,0.296846905553644,0.10097870366023032,0.23592199561445396,0.25724100125655364,0.37120859230548586,0.6449081957193332,0.42085986663346897,0.43401123535850145,0.5370952754446346,0.26692022657308245,0.0,0.28845342895334247,0.4798175470853082,0.3406454298799537,0.0,0.0,0.0,0.27444922218486334,0.23071499673789256,0.260503099247526,0.3894438857796273,0.2220904712805541,0.5126279154103701,0.22538410003135295,0.26201571534503165,0.0,0.33750975341298495,0.2143086153976015,0.3214161660542014,0.2427779655961071,0.0,0.5232561154985644,0.16042877192504454,0.39703991838552816,0.3135352950903637,0.30481649336924854,0.2987637272319049,0.2803386651243774,0.30354734320151266,0.4341382208739465,0.43419187268742,0.0,0.3098139846709017
0.38743437779928425,0.20612125624073024,0.4090084013328989,0.35732043154009585,0.338262981556293,0.6415768542715194,0.36549710305975935,0.387446365561793,0.44896688404112417,0.2712090642296211,0.4669700161318733,0.3523349560620257,0.29441421521456906,0.0781361195043172,0.32040117343000096,0.264713385199437,0.10661553492496587,0.14005505791088163,0.46740803699656575,0.2017729967892572,0.48090412139687055,0.23237000896767257,0.3802953011475757,0.29145943342503966,0.14210532130676515,0.0,0.4641387864358107,0.606355226864483,0.5461506130725291,0.22194656547155578,0.12552885595245433,0.6286778770025758,0.4532306887230439,0.2565516797250724,0.24158293664816383,0.43685402562824494,0.4848054302422051,0.17457008888885805,0.38984688392918954,0.22648750534717615,0.3417483845094249,0.21301232206079196,0.10164052960729933,0.5094452324670202,0.3779750062112275,0.23254537045168833,0.36305203057237356,0.5816452114894172,0.0,0.032037315163913484,0.435119194614475,0.35746748023938457,0.389024024005151,0.39773900457314515,0.15765028244976922,0.0,0.15970930356141766,0.48321369832124517,0.0,0.3333691848832695,0.27791428364788473,0.29882373609054536,0.17802429936345066,0.0,0.3536124390622068,0.659291089452263,0.4400784302333526,0.38823865673407054,0.3008222038936912,0.17730450060072223,0.17348229881068972,0.4092129719808142,0.5123617564365334,0.5135224980547697,0.4783153809285309,0.1796381070366524
0.5149702316259729,0.26351260661354964,0.4880107254419386,0.4677199147887126,0.4133364046830781,0.4110526794916004,0.32175012642633616,0.44205714879640734,0.49528209402573486,0.4140393613571267,0.5585314785579252,0.44006119257623505,0.40470388298489346,0.45490956295535645,0.26964594709942846,0.463988247318461,0.41211783406485947,0.4074029434931049,0.4187341296940339,0.579555134101156,0.39983571499900933,0.2988454266311403,0.3749987805833989,0.5946810034107862,0.4378570040347356,0.4641387864358107,0.0,0.42561713293900777,0.4410023172472737,0.4637383125700807,0.3436114082477785,0.3489588225779612,0.5685034525974776,0.46774911859316237,0.4544648330223775,0.23737651887446043,0.46734508006183234,0.39798100710434914,0.30703634573221383,0.3058766193428525,0.3273340201630517,0.25365917045711317,0.6373027726997218,0.5868811433116479,0.33594729474272655,0.2917241059045034,0.3356114809555809,0.6950228701368371,0.2511951628092995,0.5004852628228016,0.47807422684808654,0.4086976250355201,0.5628826837081303,0.5583834747701597,0.45959558946717843,0.6496672423986651,0.1716828348607881,0.34664615261703446,0.6183651636314791,0.37107235400250194,0.45091815213957986,0.0,0.34994836388538486,0.7277957461705568,0.2722865797984702,0.3550268749391902,0.22494767750794853,0.35614338110575366,0.0,0.24120582629197207,0.31516900827666006,0.3096613905955506,0.2665551373929723,0.2948667722481437,0.18761252205632162,0.3269646421503326
0.737110575915419,0.440739458231172,0.5197296669780749,0.1703470223924124,0.44922464344389,0.5897787145177597,0.4698502539033854,0.32027643597005534,0.5932057821475912,0.5015109099747042,0.6217586504121057,0.3435179321688525,0.39878182507299365,0.3570250550696292,0.3225384324699432,0.37605085983854103,0.6312791341440012,0.2931340581108204,0.6385949999418962,0.4975064479269182,0.32140213803770057,0.31571289285792314,0.38686159693980926,0.3215872744100835,0.310493271460629,0.606355226864483,0.42561713293900777,0.0,0.3858941146909378,0.598146689230401,0.6112171587516028,0.5658614402786585,0.2994803806363445,0.5079830621781302,0.38406766499789,0.4395167445621628,0.4298239371006959,0.3357994285208237,0.11502906322828016,0.34829275820351385,0.44335182784477445,0.20736149390613148,0.4123552156698998,0.48747529710375065,0.36178757421909113,0.14487873127399553,0.25598564255703626,0.505026196773709,0.0,0.461073127152226,0.4636987027078476,0.1352829543906645,0.4841058726978146,0.4976845389260013,0.4391173699595398,0.46903959944348517,0.23166330015032766,0.29511645631254246,0.4659826303705462,0.29238884417243627,0.18258510047572085,0.3145968749728375,0.2645642217497264,0.517191146649419,0.2943375254800361,0.2614569365178569,0.30811956403985574,0.35755775482273006,0.29711167280028977,0.3653234151067402,0.34379937728505944,0.34591123447846844,0.27964439491413173,0.2551322021189647,0.18425760273484404,0.30807560657061533
0.6462844873367672,0.3759841577696735,0.5740031516727458,0.1555223798051724,0.46442217835312943,0.29489109109067646,0.371276068945236,0.2951619739871103,0.42434393495688805,0.2633351527519223,0.2818587975188335,0.28252846616695126,0.48269196432184747,0.10108473361405707,0.37312902728946423,0.4786529440691455,0.273068454517182,0.33799267371973085,0.4139444654641075,0.46505822761758364,0.26460482155228543,0.40276940650997334,0.39338269249320723,0.7987812257815907,0.4002859211115889,0.5461506130725291,0.4410023172472737,0.3858941146909378,0.0,0.46973012299439965,0.4643422551008817,0.43495193754163874,0.6814459105993863,0.6372441697822642,0.638925953164735,0.4422616806260436,0.442698582828119,0.34161044766481385,0.2496197604190433,0.305817789217213,0.30822048193358,0.24496533750641183,0.41489146897354556,0.3493373222360825,0.41281250282749843,0.5590199955614602,0.4349244676616765,0.49205756272462176,0.44524884700340606,0.36254146569654344,0.3194172482309501,0.3503094949513534,0.3717508949033397,0.3328046591163249,0.4338396333393004,0.36979851655626944,0.46457367357367335,0.22126462934435048,0.5895910011490044,0.353634870134269,0.5013570666758707,0.46978840415304113,0.2701987953363241,0.3470560922851931,0.30144650298489206,0.34015898432966807,0.1729112782337545,0.3345092763466734,0.44411767807480196,0.3421971331870837,0.3678367630665791,0.31760561705257406,0.24666076987700386,0.296131123269759,0.16254618982532387,0.2690419490602022
