0.0,0.0364521869618144,0.03373139200984859,0.0,0.013908701214080221,0.040429740209243226,0.024135787562604094,-0.004906550373972751,0.02884155759707613,0.04782319364472298,0.023120249428231765,0.050854526748742745,0.03600985502815407,0.027099166409815245,0.05083529665704983,0.0440882684578674,0.03359147166984899,0.054656436390476626,0.0,0.047161366454718634,0.04084027704703247,0.04831558381205775,0.027302719222535188,0.09281559018237895,0.041344900687427855,0.060901740443597197,0.07429074434635113,0.04745838200059199,0.025265104820342665,0.023222415941177688,0.07136534711571563,0.029604959493589822,0.06735366784161856,0.04121807077679185,0.03427703937130244,0.03013257972868022,0.0005465714788926435,0.09578313026479751,0.017436230844403877,0.033685794664694235,0.028905878154258158,0.03779526115252674,1.6664245125641575e-05,0.0,0.024094942160933608,0.042743180486012056,0.04597390763237846,0.0,0.0,0.0,0.024689413313635333,1.1102230246251565e-16,0.05694580849827097,0.0,0.08205802980217936,0.0,0.07956840016277622,0.016649920238208715,0.0,0.025055490350868292,0.04317887039434887,0.036006535202587564,0.059665700617114625,0.0,0.009931674662464973,-0.11148015917598741,0.020286487200097514,0.024886021942534753,0.13766921493289924,0.05195291016798986,0.05091029083274262,0.028492916282235048,-0.0002472085668847046,0.04624612611787432,0.0,0.03838172700068765
0.0364521869618144,0.0,0.0185965893476705,-3.3221574606501214e-05,0.006313606100722513,0.01631980020409557,0.008380116979187113,0.03232371167660725,0.011879354361845451,0.04108740339945682,0.0070967277836770926,0.020570090654161877,0.017727360898933675,0.010205660735042699,0.032947772027977884,0.027789128616552694,0.04432726499816997,0.03520282066482239,0.013631269846007488,0.025112454448719457,0.02108275532149778,0.029240001443559926,0.06341127080542674,0.026455827303162704,0.03812593508372919,0.03762720602561842,0.044434307995864786,0.02523307909921918,0.02436837592268809,-0.00378057441002011,0.03053114448290012,0.013570614367484912,0.03115714352271587,0.0034770507860296673,-0.019031756006457845,0.014734017604157101,-0.0012337569268056625,0.0,0.01170032874799004,0.028373562476515624,0.010692263209514552,0.008063271015871676,0.00568105488168591,0.0,2.220446049250313e-16,0.045657700912721866,0.028317086468542918,2.989139818959652e-05,0.0,0.0,0.013104571148949029,0.02343067483796113,0.0277791638560701,0.013942991774301139,0.006029797918535751,0.0,0.020079166371557378,0.016383657114349914,0.0,0.02625083536609596,0.02598950213433443,0.017319523813009663,0.037453103180286385,0.0,0.016702556206497188,0.006266081846313221,0.008656356240561991,0.041784135656066757,0.05033154062591533,0.03217821500723411,0.039252050805391125,0.019070928307640733,0.02059364090192145,0.019289571626642465,-1.1102230246251565e-16,0.015525854018848262
0.03373139200984859,0.0185965893476705,0.0,0.11024455443212539,0.05029596027059707,0.051367217692074196,0.05222354435113602,0.08625515035580145,0.026296166628314854,0.06164354101929148,0.037842820697942814,0.010695907948578331,0.0511793167150596,0.07012058595191295,0.02660682939429887,0.04408193817218681,0.033357061296709234,0.008173959255335872,0.060258002005447286,0.05181622091399013,0.06261246085327316,0.044248409175371206,0.06604547257628163,0.0410460961160754,-0.008979877027005756,0.03933639215657653,0.043801014807948346,0.05515188341339089,0.052998488541645294,0.04519339633927444,0.04674844838287462,0.04361406279255031,0.018890912799219395,0.04303756121030211,0.030613444077437935,0.07032289569736166,0.028074330302305828,0.02064075758100875,0.08225433871279508,-3.412910066780128e-07,0.03468396308495081,0.05881446626225367,0.05863213881418633,0.024914724538941613,0.0,0.0,-8.442221667387395e-05,0.18430271092491235,3.742833997955053e-06,0.07105840101378524,0.0558941288885193,0.056693113940942674,0.04224850615640052,0.07852648015193597,0.0002772310311734416,0.15703314029451793,0.03216376216431377,0.059572467519823924,0.07115179644276137,-0.00017203602514626049,0.0,0.0,0.0,0.23639603318401897,0.009553910816876954,-0.003999949336627784,-0.0002772648887351403,0.050378233648482595,0.0,7.31701018998332e-05,0.025755326448630655,0.05324330434357616,0.04845685436543001,0.048184556838829884,0.006841763014432178,0.04145207433439446
0.0,-3.3221574606501214e-05,0.11024455443212539,0.0,0.04567907239343877,0.044092447585414196,0.012239969948406315,-0.06677152741751291,0.05262653335220541,-0.013954959785402427,0.08863554138487822,-0.021290621138445487,-0.004629168486624424,-0.026868704508093394,0.022683798573585046,0.0006285766354338085,0.013794915653194684,1.704370208233108e-05,0.0630701632665947,0.018043550973853517,0.0006831660182899935,0.009123579960144013,0.04005320846893401,0.009993110573831177,0.00038373874144659315,0.030031966013628675,0.031124317435737847,0.017894530980581302,0.02119460942258511,-0.017060619062907012,0.02902251664341099,0.008340036052338184,0.025072774274422338,-0.05393770505775111,-0.020610364907672873,-0.0007270471516281907,-0.0016561521109599298,-0.011500332669933055,0.01101158406020003,-0.0003257138019429062,-0.0009647589873230111,-0.01884063534015168,-0.026688061506228433,-0.010045783373921424,0.0,0.0,0.0,-0.0008164321939475583,0.0,0.0,0.012066485765039658,2.220446049250313e-16,-3.900678174950656e-05,2.0511326523253715e-05,5.551115123125783e-17,0.004033239340015371,0.008560099916400499,-0.00037187958210366245,0.0,0.0,0.0,0.0,0.0,0.0,0.0,0.0,-3.439224956164333e-05,0.03070858302520313,0.0,0.0,0.0,0.02982456870976241,0.0016573331562318994,-0.0011575460671325866,0.0,0.0
0.013908701214080221,0.006313606100722513,0.05029596027059707,0.04567907239343877,0.0,0.031134829618727655,0.04111165988521759,4.293212873818231e-05,0.056829535868692715,0.06322356583214517,0.03589772259603191,0.07997224544495973,0.026610410715324162,0.07268531159276143,0.01411756410638898,0.03799562257753819,0.022716602125481655,0.03265946664190472,0.05551465931380589,0.010524746550595654,0.037814299250916006,0.012624123468182924,0.04328480681834057,0.036820870373105996,-0.0037425773599459866,0.031059457852187722,0.035820531815389856,0.030337259207938894,0.04778889796786784,0.041448709744548395,0.0655045547627991,0.008134369243260053,0.04690252647596527,0.07071329887596162,0.05500959322435883,0.040716958879999765,-0.03968352705715056,0.04403719251953597,0.027550118815051705,-0.006128275845480258,0.026544689801263788,-0.008181746342874385,0.04414162130586097,-0.0445394285759671,-0.00011025328728675454,1.1102230246251565e-16,0.009997643976789872,0.058365910284838285,0.0,0.021084481087315643,0.01716140832341717,-0.00359418164390235,0.02238612046284394,0.020327259712122903,5.551115123125783e-17,0.0657063177862145,0.021614498985888686,0.011743444099218958,0.056068181375130144,0.008246801484360522,-2.355435200163125e-05,0.0,-5.551115123125783e-17,0.034845777767999075,0.017377845555700655,0.0001824176686812118,0.010311007521221494,0.023347979407383868,0.0,-1.094220174163718e-05,0.005547101320153125,0.06043520596675034,0.041824308384043996,0.007596644565387667,1.1102230246251565e-16,0.0441905303045903
0.040429740209243226,0.01631980020409557,0.051367217692074196,0.044092447585414196,0.031134829618727655,0.0,0.05655026731832191,0.032035823396542484,0.04905350130767688,0.06633260228080706,0.030543889488363785,0.0183612690291734,0.05852298448092497,0.031003138471000724,0.007651984361302433,-0.01852788540610434,0.033424981678289944,-0.03141054334362697,0.06033612085561674,0.031685973366976095,0.027306947603469522,0.01764123820727015,0.05856942268921722,-0.008387387796699952,0.0022502656127347254,0.003231245450213416,0.07193933904235222,0.06931839821827152,0.02350542464329497,0.062455461069275575,0.04809636419482177,0.03313346047313648,0.03228733514495824,0.04798011893545989,0.02198815002690302,0.03920334521150354,0.028634086606580567,0.03359972306016812,0.0266279904950259,0.042955651853999854,0.036263189188508016,0.06956762861326138,0.048666606790603584,0.044760591674267436,0.04247917595250306,0.029161260858784455,0.04631415567470598,0.05365777127006166,0.01818040915157082,0.040715592129976774,0.0355992773095708,0.04111307130991759,0.04377956195045818,0.04683734518980043,0.03597772684786732,0.04149932438997006,0.018779208672924874,0.03569106753656681,0.04854640789097331,0.035687567931720954,0.024487914669917454,0.0,0.026162366113284485,0.03531269058423814,0.046437254184029886,0.05829992760579816,0.013323886856465128,0.028005754551458595,-2.891789550923951e-05,0.025332219417391055,0.017364739794356265,0.03490533072965207,0.029603676706607795,0.019016694479464136,0.052177130019605,0.028667632975386548
0.024135787562604094,0.008380116979187113,0.05222354435113602,0.012239969948406315,0.04111165988521759,0.05655026731832191,0.0,0.04401927726341809,0.0705326789658573,0.046622189931666114,0.05499042890026462,0.024768650134154857,0.04817890582801926,0.034971252384078666,0.03244397887606709,0.007179490551982637,0.05394685728297105,0.026490900299387332,0.051967727764682003,0.03580961933294713,0.06245066523369719,0.022773585386838602,0.07132610047074261,0.05339755253733813,0.00036564791284787734,0.028232530109813747,0.05789753784901852,-0.005382866901605443,0.0561918513064551,0.04641143829953093,0.055176541159382364,0.042872434758592926,0.0774281667227385,0.044304974060421665,-0.003352213278822569,0.03130063078379025,-0.01628622353105108,0.017657502951125392,0.06268055335066897,0.007566813663326621,-0.01898332107385864,-0.02019225620489673,0.0030474118733741506,0.04172535446835701,0.05990020840103083,0.0,0.02847406813549208,0.044281127945769216,0.0,-0.03214266239877922,0.04969920746197298,0.052565395561537165,0.06633680277246234,0.03397358625144842,0.02186500877902292,0.001690693575181923,-0.006361660594474461,0.08826452116228822,0.018885259499673124,0.04116435935334445,0.017326038370603924,0.0,-2.3657871821181065e-05,-0.003972079807187501,0.03250913308204684,0.014068905441728285,0.02846561460038638,0.04320645259189482,-5.2579424496934646e-05,0.025191278629467295,0.022969124572777,0.048976134249515524,0.025495847459038157,0.03618273180794879,0.01731489023513577,0.049943919688071436
-0.004906550373972751,0.03232371167660725,0.08625515035580145,-0.06677152741751291,4.293212873818231e-05,0.032035823396542484,0.04401927726341809,0.0,0.06470422346256832,0.013978485452523115,0.10812935037473254,0.03478810733996335,0.04234275229143203,0.020569175966367925,0.06539788896952353,0.013790500546221829,0.014345089985275838,0.033048082814039814,0.08754377163636134,0.10412528572927399,0.002384013811085328,-0.014750719504981913,0.02882684224741827,0.02702097184133423,0.022372376482410805,0.024917617534685244,0.046592216547263365,0.05205693299228242,0.011729917756827968,0.02854998603378278,0.036834608638251776,0.02541743317864603,0.07130776036889819,0.03585597931528639,0.01541041904040319,-0.0015449960609418278,-0.09386285235586078,0.05124558729327966,0.03583410390456421,0.04009080810793486,0.005258140682028678,0.0882806035038699,-0.021420457884523403,0.022331620822781617,0.0,0.06731337325469217,0.03445696231632117,0.06147351411268054,0.0,-0.016086560789762283,0.034599127426044096,0.04040629911559923,0.023686048969457585,0.05391807761623324,6.847294855799602e-05,0.05406013345363281,0.00017720886992339535,0.03703886135171475,0.039454338259391375,0.05328017927014911,0.012636292374447466,0.0,-9.501791582988695e-05,0.0412669609334928,0.05883055324927067,0.02848051963678927,0.05578231173763831,0.031066381171338642,-5.551115123125783e-17,0.03634089354631875,0.06113802824836334,0.04415322664223226,0.030961757483845775,0.06014249302699265,0.02393695848634203,0.030287286706820293
0.02884155759707613,0.011879354361845451,0.026296166628314854,0.05262653335220541,0.056829535868692715,0.04905350130767688,0.0705326789658573,0.06470422346256832,0.0,0.05760979825218737,0.05774411071148744,-0.00010148946766191935,0.042540005027700833,0.06478475334075606,0.02147632446375064,-0.029661345937932238,0.03878306252107794,0.01896643576477436,0.0525832787118195,0.030966768491618113,0.04604539043660416,0.011133765218833025,0.05532174694136782,0.03268984699119348,-0.00723911590011711,-0.045290021651706314,0.010462230068414846,0.05101507139228362,0.05943192052240154,0.04173944137442842,0.051365129378229346,0.04616209059113091,0.07961861444229118,0.04849774092082182,0.02792510900454176,0.057940357574121915,0.027340689676072893,0.03340554930074574,0.04264800951388342,-0.008735874959970913,0.045323401336052505,0.008659289594583008,0.014539187433462164,0.0347747189385198,0.030094565307644372,-5.551115123125783e-17,0.024152000479599978,0.06563257739790551,-1.7980750023349756e-06,0.03715295643302663,0.03844642320675706,0.03924268947344245,0.04977096780917312,0.05096357060392864,0.008743232102708387,0.053706699451768536,0.032835644045224155,0.03365503648924295,0.028591057131085895,0.022610236556488195,0.012886350321161533,0.0,0.0,0.053002052378090636,0.02959661001026659,-0.0034426845589923816,0.015756919087571875,0.033405978461387376,-2.2129489549882475e-05,0.013165559277424965,0.04659000895084825,0.04678423109560781,0.06854475555094497,0.023423003631792394,0.026172976019858796,0.0484617455192351
0.04782319364472298,0.04108740339945682,0.06164354101929148,-0.013954959785402427,0.06322356583214517,0.06633260228080706,0.046622189931666114,0.013978485452523115,0.05760979825218737,0.0,0.059734125048957365,0.025014504243968116,0.0468512192674197,0.12411942798310321,-0.005028221962045776,0.09361293996579334,0.06680676491693999,0.05569163935142918,0.0663385083156352,0.01276341235352113,0.058961953194823336,0.03100732959852931,0.06253660215331586,0.03859368968663507,0.05206707074658101,0.04858335328208391,0.06285577234814621,0.05016058801415474,0.0833426800629693,0.04650989820190171,0.01391955079388102,0.021903835843096797,0.029343269464421007,-0.008918576925194321,-0.015484134505430347,0.01479638087725621,-0.02116022718769761,0.0031826538367924484,0.0374598102725881,0.02393695303547394,0.016307083371594755,-0.007203688286935905,0.059425473428095676,0.023207156358447667,0.022317185150811936,0.07741681679036488,-0.021394879617792628,-0.00019645491037056928,-1.0209718952824964e-05,0.0004636476576410642,0.03714815871554061,0.03183883614352084,0.0033890333600402056,0.01397999585732429,0.0610268390471595,0.01636923980381505,0.06921592513002112,0.05379074533486222,0.0,0.00023514137074565067,-0.00046895362144705466,0.05328225825264282,0.0012738617872092295,3.355988121622744e-06,-5.452632663011103e-05,0.042331070649026026,-0.01594790443259153,0.029829271690087866,0.03222327974725864,0.02243989289354159,0.045501364560523616,0.0109054613128573,0.03879929859756259,0.031354973149693655,-5.551115123125783e-17,0.03997876920997645
0.023120249428231765,0.0070967277836770926,0.037842820697942814,0.08863554138487822,0.03589772259603191,0.030543889488363785,0.05499042890026462,0.10812935037473254,0.05774411071148744,0.059734125048957365,0.0,0.043123279084985644,0.04587164909501379,0.07461484118268547,0.0,7.921936945737285e-05,0.030369916690451026,0.028763410078095852,0.007165036992811014,-4.8575077203183437e-05,0.026052845980888306,0.0035901711869700814,-0.025696216566298058,0.0383594015222799,0.022325788262116675,0.026894509294877522,0.040413288126602,0.04747914614094384,0.024241420070319375,0.019156871358701144,0.06793268077492415,0.06835694645185314,0.04458816264814758,0.06337071847172365,0.045696259689407104,0.08931413512772096,-0.031099230373761222,0.05503753567723885,0.08400755883660715,0.005745775066597791,0.05048665061970131,0.037415898173212114,0.07568881590127924,0.026443768300026926,0.012245128667438265,0.0,1.1102230246251565e-16,0.15816535880004745,-3.481752894329837e-07,0.06546749564785626,0.05959800332963999,0.04422562325740964,0.07093828099257293,0.09987480137893767,0.02529738360274497,0.04192116321811479,0.012957674147655807,0.0312647384965391,0.08968987420922081,5.551115123125783e-17,0.0,0.0,0.0,0.07260613788555881,0.006975903062246436,0.0,-9.069009616197166e-05,0.06250281202223984,5.551115123125783e-17,0.0,-2.1976621542185715e-05,0.07614925289547703,0.06761861765274785,0.009746431360932062,0.0,0.06228937805682888
0.050854526748742745,0.020570090654161877,0.010695907948578331,-0.021290621138445487,0.07997224544495973,0.0183612690291734,0.024768650134154857,0.03478810733996335,-0.00010148946766191935,0.025014504243968116,0.043123279084985644,0.0,0.0186434223624789,0.026645468494990665,0.03033555471644156,0.027720216545384424,0.042383066615900244,0.041273072649650244,0.038756383816314466,0.010318465274831101,0.05317411872638822,0.03126340541640976,0.009588283760629368,-0.0013254985738677116,0.034032180142817,0.026633893210456727,0.028412594508162747,0.00869549560407884,0.0356488555549474,0.06731654026583633,0.003881590453392536,-0.0022866712712291126,-0.0007131755410660356,-0.02399588832665181,-0.01981268495676497,0.021337519787225756,0.02146642881846461,-0.011442176187518444,0.006312396895029326,0.013017628503908474,0.02149230813406905,0.05415055504378763,0.02630314370463538,0.021444052930495172,-0.01925724394240258,0.09267523300166469,0.004816419328586785,0.007248834645207425,0.007542813383778518,-0.0007527446961285711,0.03435397410076957,0.04135362167438722,0.00012517596721900448,0.01953010727563631,0.06677565468649965,0.007084208927651936,0.07436484334938309,0.04917912057841656,2.1998478680063105e-05,2.894840822503797e-05,-0.013715472338112045,0.04215812881519532,0.020763286372066203,0.016768169524816523,0.006057948536576374,0.016018769152127577,0.010900662250651005,0.03135107815297977,0.04907870457111807,0.032958288847529105,0.05167952844650403,0.01593061580928462,0.05808588245876656,0.03589535942440403,0.0,0.052574336443342085
0.03600985502815407,0.017727360898933675,0.0511793167150596,-0.004629168486624424,0.026610410715324162,0.05852298448092497,0.04817890582801926,0.04234275229143203,0.042540005027700833,0.0468512192674197,0.04587164909501379,0.0186434223624789,0.0,0.022816724508406716,0.038958943298132986,0.027978346752921435,0.06562642986155087,0.05094064426502154,0.04867043827755785,0.049379243036239195,0.013604619078530389,0.03624043883103306,0.06660233954083289,0.0192167020049947,0.022735419793090628,0.052951578217478756,0.05501602063276556,0.031723486754851704,0.07286698951378312,0.07695880884876283,0.05987443708348217,0.038229067469447264,0.019383040682404762,0.03502901468643804,-0.021213866867901165,0.025282806993327245,-0.01710516305230453,0.01916885675103125,-0.031610281518864525,-0.05691077874953465,-0.10741876830468772,-0.025765683342249046,0.02549978243560097,0.00804588478260132,0.03269180885290718,0.01574210088724337,0.024842750204180475,0.05853693341798227,0.0,0.0466682455685834,0.05290403188991688,0.06466130409457038,0.04395329759522548,0.03949261962601602,0.031108183814768542,0.027634363877896417,0.026502091608455458,0.0629824443338024,-0.012611761366591756,0.05487374085371377,0.017586160635737313,0.01449634450482229,0.0176653390452014,0.043399137184747194,0.055099483883158884,0.055315024657734024,0.03894315692853123,0.04470055182793897,-0.005404264899480871,0.03776585262366611,0.035562036731707214,0.047797010607413815,0.054550728841999574,0.03708181720423115,0.029807810043780303,0.05442915889483346
0.027099166409815245,0.010205660735042699,0.07012058595191295,-0.026868704508093394,0.07268531159276143,0.031003138471000724,0.034971252384078666,0.020569175966367925,0.06478475334075606,0.12411942798310321,0.07461484118268547,0.026645468494990665,0.022816724508406716,0.0,0.037732514049948374,-0.0005930314502007317,4.67846500319391e-05,8.726593367502922e-05,0.07205045166378199,0.015900612585262097,0.004864747647141399,0.009162224312582179,0.03236375592847113,0.04264945834884526,0.010776236939681716,0.02880959608685313,0.02302478197255231,0.019368786108419078,0.008310242191936323,0.010619675974547438,0.08775966507317806,0.021734160328927,-0.011936646378328364,0.08818183783669303,0.05967221178358251,0.016395265589976477,-0.01156582489541888,0.11788902024343706,0.04424373448311658,0.0,-0.008273784057409084,0.00037224786876233207,-0.030279778731419682,1.002222137502784e-06,0.0,0.0,0.0,0.045085618735383304,0.0,0.030246070622631738,0.04398815675441359,0.023867677608605087,0.06088486236517504,0.05863883271381687,0.0,0.036913863484045684,-0.00017955445958395266,0.029001964925600587,0.03930925427099147,1.1102230246251565e-16,0.0,0.0,0.0,0.01602163311300525,0.0,-1.1102230246251565e-16,0.0,0.026122957444744965,0.0,0.0,5.551115123125783e-17,-0.0036384281719873957,0.02024060888708734,1.1102230246251565e-16,0.0,5.551115123125783e-17
0.05083529665704983,0.032947772027977884,0.02660682939429887,0.022683798573585046,0.01411756410638898,0.007651984361302433,0.03244397887606709,0.06539788896952353,0.02147632446375064,-0.005028221962045776,0.0,0.03033555471644156,0.038958943298132986,0.037732514049948374,0.0,0.038869553441452376,0.02897621318532334,0.041522140412167174,-1.1102230246251565e-16,0.11109894182839286,0.038187235842165435,0.06199483283216417,0.09001450922731846,0.07476457386281182,0.03820399917532691,0.038097101287611845,0.0909037493235525,0.05343914077299561,0.044651967024681216,0.05249809034983682,0.02719025508440559,0.015913231337320588,0.03516420547493576,0.00908086468040592,-0.0037610234712315838,0.017262947920198557,0.021698283508543248,0.00011725074871443697,0.036115551246718225,0.03314052008223678,0.027204524280339037,0.02185501533983869,-0.028251330151521148,-0.00368005187907533,0.0,0.05188999301501823,0.03230718911576774,0.031245117023502078,0.0,0.0,0.025573221813431524,0.021399910979351067,0.03199318417041108,0.003926685391053453,-5.551115123125783e-17,0.0,0.00755055266321869,0.036033935191779665,5.707483450301254e-06,0.06801796775770841,0.034999765852413045,-0.00019950359248888105,0.025385121126328014,0.0,0.07997020349383188,0.03434398931865307,0.04205631017084355,0.07419748600691889,1.2453508058396512e-05,0.0554837258387339,0.021628468571432524,0.0799798510918398,0.046320013595814,0.06495449395744501,0.03757766118597988,0.027230982920239344
0.0440882684578674,0.027789128616552694,0.04408193817218681,0.0006285766354338085,0.03799562257753819,-0.01852788540610434,0.007179490551982637,0.013790500546221829,-0.029661345937932238,0.09361293996579334,7.921936945737285e-05,0.027720216545384424,0.027978346752921435,-0.0005930314502007317,0.038869553441452376,0.0,0.04801943258428237,0.03373526320933423,-0.0001643800488413394,0.04212977298389753,0.03233670809175265,0.06028509912986918,0.05229946508926586,0.051448897239995794,0.05296999341359104,0.03973435114524465,0.048060664161566735,0.05201207060836843,0.03988156089918382,0.0580832470227412,0.050504370066188575,0.03640209987760856,0.04589799439620307,0.035165690585543474,0.02369480305343452,-0.01392562746176318,0.010228104156158102,0.009180203882599491,0.003919764182270691,0.03771359072942626,0.0274702307203461,0.029097597328894997,-7.4421229472321215e-06,0.0,0.0,0.05144927447390912,0.03210042949966224,0.0,0.0,0.0,0.02012922540247236,0.009220729021650775,0.013925151374165945,0.0,-0.01201117720908762,0.0,0.012621797019341019,0.022545425882874393,0.0,0.04269245182935605,0.025328734226302885,-0.030107113201033375,0.03344217581087833,0.0,0.041552165440577715,0.019113235631139647,0.02752304045927867,0.06859686189658942,0.03438865466047908,0.025722956128492347,0.046068934720171706,0.05313035668426341,0.02357648714871685,0.02973452878763916,-1.1102230246251565e-16,0.030136434805675072
0.03359147166984899,0.04432726499816997,0.033357061296709234,0.013794915653194684,0.022716602125481655,0.033424981678289944,0.05394685728297105,0.014345089985275838,0.03878306252107794,0.06680676491693999,0.030369916690451026,0.042383066615900244,0.06562642986155087,4.67846500319391e-05,0.02897621318532334,0.04801943258428237,0.0,0.059935975570264144,0.025860322330093055,-0.03853401849349469,0.005996935165780148,0.03573722064382567,0.02043211387965327,0.028660138574032934,0.03954153172319552,0.041689333396537964,0.018778334132420638,0.07445501913552399,0.03995174595643025,0.016734065534308395,0.05376632071426696,0.02951880664821699,0.06099547399975769,0.02862864719411007,0.007151961206754487,0.09007610064843907,-2.0636805970475347e-05,0.016994258827377318,-0.017200939946315996,-0.02756374346636359,0.0011988944996224604,0.026351052942767295,-5.551115123125783e-17,0.0,-0.009541501895456439,0.023712787752192432,-0.03856176350940216,0.0,0.0,0.0,0.0,0.0,0.0,0.0,0.06251709276218509,0.0,0.058656315649462165,0.01772628042583585,0.0,8.313493380479597e-05,-0.003802815600143561,0.050215539528584985,-0.00028759040270465164,0.0,1.1102230246251565e-16,0.0,-0.006429573485857709,0.0,0.06849281651681005,0.023311901543064284,0.03992869688190648,0.0,0.027211784621140767,-4.485046311591967e-05,0.0,0.017977595141860425
0.054656436390476626,0.03520282066482239,0.008173959255335872,1.704370208233108e-05,0.03265946664190472,-0.03141054334362697,0.026490900299387332,0.033048082814039814,0.01896643576477436,0.05569163935142918,0.028763410078095852,0.041273072649650244,0.05094064426502154,8.726593367502922e-05,0.041522140412167174,0.03373526320933423,0.059935975570264144,0.0,0.011965662177368164,0.034438042837027394,0.03426349957138697,0.043134552377457,0.04133824008164105,0.06225616115384014,0.049219564849740605,0.04572038531557959,0.02294238902478679,0.06823681155954092,0.013406661145929755,-0.002036334235286874,0.06249747920058163,0.03139102204999322,0.06115251470403549,0.03940629559519848,0.013981034351384425,0.0002861359324007884,-3.439402322608087e-05,-0.0015065819846587503,0.004532067173801113,0.021320479159771755,0.017932223491151367,0.006246075663316308,0.0,0.0,0.0049265991724814495,0.048700138187377284,0.02463326242169095,0.0,0.0,0.0,0.012808883985433173,-0.00014505063713343702,-0.0003722873459457987,0.0,0.03454671171796858,0.0,0.030315760138711678,0.019879957908998935,0.0,0.055134235981778024,0.03028922015939023,0.009385452696518692,0.03352522841612737,0.0,0.030769783507761828,0.02004352887782085,0.015690050418479817,0.02573586501747066,0.043498541732567786,0.020594729278939905,0.03382951040889687,0.029116568570910495,0.021803075416101936,0.025372666440726888,0.0,0.010481681805343479
0.0,0.013631269846007488,0.060258002005447286,0.0630701632665947,0.05551465931380589,0.06033612085561674,0.051967727764682003,0.08754377163636134,0.0525832787118195,0.0663385083156352,0.007165036992811014,0.038756383816314466,0.04867043827755785,0.07205045166378199,-1.1102230246251565e-16,-0.0001643800488413394,0.025860322330093055,0.011965662177368164,0.0,0.00038862817876450517,0.011326417528133903,0.011549668639082078,-0.021777664846040823,0.040791643526576105,0.024834530718998493,0.02282188816723546,0.03479020450754,0.04996551165078711,0.02242640392883355,0.048679699661038245,0.06170812727505692,0.054829070209513775,0.05402550465000089,0.061127507474348586,0.036875277703038556,0.07244929070437289,0.044011091599872376,0.04284072923265392,0.02244754352276196,1.3536366967659141e-05,0.01953455520333458,0.021577872366265183,0.02378198879647425,0.014534042253534996,-0.0005084558844661302,0.0,0.0,0.1019249761410434,-5.551115123125783e-17,0.03829923267967045,0.03149722007337952,0.04396836905321355,0.06138428386355599,0.05302888001879191,-0.00010842853681480857,0.005497489983207204,0.0285712850306038,0.050130988413096156,0.05366100490679293,2.220446049250313e-16,0.0,0.0,0.0,-0.014718949585163399,-3.8607558680014975e-05,0.0,9.564501091680055e-05,0.03322536644048857,0.0,0.0,-5.551115123125783e-17,0.05197178554572379,0.042932979479245015,0.017323030573417053,-0.00013310180764658508,0.04220596840432633
0.047161366454718634,0.025112454448719457,0.05181622091399013,0.018043550973853517,0.010524746550595654,0.031685973366976095,0.03580961933294713,0.10412528572927399,0.030966768491618113,0.01276341235352113,-4.8575077203183437e-05,0.010318465274831101,0.049379243036239195,0.015900612585262097,0.11109894182839286,0.04212977298389753,-0.03853401849349469,0.034438042837027394,0.00038862817876450517,0.0,0.08234804754958025,0.04648876819394765,0.1315496192659792,0.05322899223628996,0.03652612380844894,0.061086533459518255,0.05024959954307151,0.07997187210198314,0.04951644562565061,0.06664659106350668,0.036070656247154775,0.016964039860880298,0.018988604297248524,0.02177717652344774,0.003390781171342616,0.014425856106582091,0.03265864319258255,-0.033525412479256333,0.05819638792256937,0.06552218110270625,0.04546847577685015,0.04532681054785537,0.08279222861747448,0.0036845653904304942,-0.0002322425831828845,0.022217283844530145,0.004695889761035743,0.04014409666890406,0.0,0.0,0.05267336293833391,0.03292217588785673,0.07213607661946664,0.026733196101501266,0.00030688524931898886,1.1102230246251565e-16,0.008808428176693861,0.052612323417900286,-1.1102230246251565e-16,0.07169339000492814,0.03175700529478004,1.1838811463993348e-05,0.022857585040689632,0.0,0.07725091302663595,0.058690728212705934,0.05099388570318414,0.08361074707820887,0.0,0.021069187932675926,0.04109476384844346,0.08529922172337517,0.04698439880268057,0.0616727571293999,0.020306609492954764,0.050696601138103814
0.04084027704703247,0.02108275532149778,0.06261246085327316,0.0006831660182899935,0.037814299250916006,0.027306947603469522,0.06245066523369719,0.002384013811085328,0.04604539043660416,0.058961953194823336,0.026052845980888306,0.05317411872638822,0.013604619078530389,0.004864747647141399,0.038187235842165435,0.03233670809175265,0.005996935165780148,0.03426349957138697,0.011326417528133903,0.08234804754958025,0.0,0.029663694321129697,0.02479713608864914,0.07316289065738946,0.0500908497927996,0.058836332489962895,0.07812568258334046,0.05485120172414104,0.018355526487915275,0.01392781939903387,0.02580612173894309,0.003667964538405344,0.04402759254820632,-0.001782267478092403,-0.021005982411453072,0.011196495087277103,0.018061952279033733,0.041892919180379296,0.01831841933207956,0.012832879466757152,0.021288372378058085,0.012983146502592913,0.03790418800703721,0.0,0.0,-0.07938836579675645,0.040939535285089035,0.027540182101431998,0.0,0.0,-0.0071364629234984545,0.042013730991608544,0.06995236947728511,0.003683791360914457,0.038975851496708847,0.0,0.00957305676736564,0.03586233885279927,5.551115123125783e-17,0.015139161949973445,0.021565231468941126,0.0,0.04454149775781718,0.0,0.07806748245047812,0.0029514623323357303,0.024691396802818344,0.04939455963046252,0.002043312179759338,0.039775387967705966,0.016301044033140977,0.08630175844809485,-0.003934078982471612,0.05829002244335563,0.026006189575780547,-0.018931356122318055
0.04831558381205775,0.029240001443559926,0.044248409175371206,0.009123579960144013,0.012624123468182924,0.01764123820727015,0.022773585386838602,-0.014750719504981913,0.011133765218833025,0.03100732959852931,0.0035901711869700814,0.03126340541640976,0.03624043883103306,0.009162224312582179,0.06199483283216417,0.06028509912986918,0.03573722064382567,0.043134552377457,0.011549668639082078,0.04648876819394765,0.029663694321129697,0.0,0.07574529077089726,0.008034088863392519,0.03644591395129815,0.015817554471270145,0.04988245620132009,0.07645562087976171,0.04515501809260053,0.06191360528125811,0.038370892746362295,0.009505506533630415,0.025443854079578276,0.011346943372563145,-0.0035460551509476357,0.005733624627418887,0.01491138857383445,-0.015082706693583858,0.014108029423246682,0.015589964020357894,0.010389036871583546,0.012434236960353284,-0.006625490962383573,0.0023508477412129136,-8.654170368804781e-05,0.043073759690692714,0.02042871956227993,0.0213262409874469,-3.138475175301636e-06,-4.7619999547166e-05,0.011697432185696077,0.01567404551803603,0.026670625054012576,0.024943656318837992,0.02133458026285695,0.0,0.010222031492439332,0.03490362647947337,0.0,0.034919779395706896,0.015977118165237558,0.015148874964094783,0.029601112668983076,0.0,0.038646125100897544,0.032513530006278546,0.020129380031599975,0.05815489789752498,0.03498718606847767,0.06321809440511261,0.018519602148928394,0.052843165956372284,0.05539557201373452,0.034913020348739665,0.004743921268377138,0.004982598143966899
0.027302719222535188,0.06341127080542674,0.06604547257628163,0.04005320846893401,0.04328480681834057,0.05856942268921722,0.07132610047074261,0.02882684224741827,0.05532174694136782,0.06253660215331586,-0.025696216566298058,0.009588283760629368,0.06660233954083289,0.03236375592847113,0.09001450922731846,0.05229946508926586,0.02043211387965327,0.04133824008164105,-0.021777664846040823,0.1315496192659792,0.02479713608864914,0.07574529077089726,0.0,0.046797646943332105,0.05038759699217982,0.05486791718639683,0.062096940370672093,0.06984022531436018,0.04886557687474136,0.06740335351582,0.06023371771699387,0.04310333128639349,0.046191660290233194,0.05662984041547392,0.04182147891158716,0.06854290776632005,0.047484968093713165,0.04571057065190193,0.044658890070832624,0.06899726539007311,0.033697307195082904,0.051753082098521475,0.07505734502197675,0.04899334268967004,0.01724370535237374,0.04489697852367236,0.06799226851802254,0.06878669236922763,0.02428335940396492,0.05246045223423168,0.03912809804118833,0.045094222370389625,0.030096435900362928,0.052508602825852235,0.033686369732857824,0.07235193599916417,0.005301834488277479,0.03934051767817781,0.037756995629074364,0.07639089083499634,0.04912715221856767,-2.8799218182884445e-05,0.030068393208563637,0.0838698770182621,0.09177771340303165,0.05968441126912266,0.0661004675251523,0.04798401061395585,-0.00011098645293511344,0.04458408209996878,0.05528357104479559,0.0521264162742765,0.04091028247696049,0.061479359542769896,0.030445655195295074,0.038271933073236175
0.09281559018237895,0.026455827303162704,0.0410460961160754,0.009993110573831177,0.036820870373105996,-0.008387387796699952,0.05339755253733813,0.02702097184133423,0.03268984699119348,0.03859368968663507,0.0383594015222799,-0.0013254985738677116,0.0192167020049947,0.04264945834884526,0.07476457386281182,0.051448897239995794,0.028660138574032934,0.06225616115384014,0.040791643526576105,0.05322899223628996,0.07316289065738946,0.008034088863392519,0.046797646943332105,0.0,0.04819762118808507,0.04454800135386766,0.0301567144349551,-0.009279846746773124,0.01522134477930509,0.010272730952345488,0.02011039885123095,-0.050178125593656586,0.02054929624167151,-0.036364987878815064,-0.04143590986467144,0.015511044642300909,-0.005922841787199928,-0.02627528855909994,-0.05844300098410071,-0.018925170372918076,-0.03635645284261507,0.033902085394777404,0.013727461439109079,0.0030845730741097532,-0.01501391123623469,0.043034227490911625,0.04640854880969236,0.0,-5.551115123125783e-17,0.00011375163574167679,0.004755752165958138,9.747401618503959e-05,-1.6653345369377348e-16,-0.00020263879378223937,0.03665727913938677,-0.0001490722970561853,0.05507615849651143,0.022953083526480178,0.0,0.00034403702026869487,0.06538877750818312,0.023907361242174074,0.036329910644677776,-1.386206791847977e-05,0.0004340522961839288,0.011757436482725592,0.020220026859647466,0.00036765090987705973,0.020282353699039413,0.028033264567979888,0.044979208837711504,0.009380989926806471,0.030101919967077673,0.01621757294680709,0.0,0.02450517979329525
0.041344900687427855,0.03812593508372919,-0.008979877027005756,0.00038373874144659315,-0.0037425773599459866,0.0022502656127347254,0.00036564791284787734,0.022372376482410805,-0.00723911590011711,0.05206707074658101,0.022325788262116675,0.034032180142817,0.022735419793090628,0.010776236939681716,0.03820399917532691,0.05296999341359104,0.03954153172319552,0.049219564849740605,0.024834530718998493,0.03652612380844894,0.0500908497927996,0.03644591395129815,0.05038759699217982,0.04819762118808507,0.0,0.04030615639936208,0.020339839007018468,0.06003670779493919,0.015915918362356674,0.020860038549436577,0.05579669370816026,0.022652286842813563,0.04464613461562256,0.027318702891409252,-0.0005920372000963736,0.032572442986657735,0.002549273451427858,0.008335721489787895,0.022196725315481503,0.008585018199828653,0.01542714728865724,0.018396210560650494,-0.002078012056377365,-5.551115123125783e-17,-0.018025949755163084,0.05392852820349947,0.03349261565306855,5.551115123125783e-17,0.0,2.220446049250313e-16,0.029010230069318244,0.014833655356825293,0.0545659526556449,0.0003850263664719189,0.04574817917520857,-0.00012760773445891216,0.05043508656011664,0.02246929096623912,0.0,0.0342866257613591,0.028782207936261905,0.03033308358883824,0.02476670501753281,0.0,0.004462535147219726,0.05698282322924414,0.0002601262255780279,0.058086622005804944,0.04202153321157753,0.01948199632963571,0.03608033540109956,-0.006622113182449929,0.013814483257492072,0.037690648096645185,0.0,0.013740361899807207
0.060901740443597197,0.03762720602561842,0.03933639215657653,0.030031966013628675,0.031059457852187722,0.003231245450213416,0.028232530109813747,0.024917617534685244,-0.045290021651706314,0.04858335328208391,0.026894509294877522,0.026633893210456727,0.052951578217478756,0.02880959608685313,0.038097101287611845,0.03973435114524465,0.041689333396537964,0.04572038531557959,0.02282188816723546,0.061086533459518255,0.058836332489962895,0.015817554471270145,0.05486791718639683,0.04454800135386766,0.04030615639936208,0.0,0.05944944663101537,0.07401473163291883,0.010474728824933277,0.05747630020007044,0.05395238513934564,0.026658034786174123,0.04639440726803307,0.028136687539825123,0.0018232544303544151,0.04712504483410834,0.034496176663274036,0.006389814480111722,0.02835139234223183,0.030916337330543664,0.033282042811311696,0.024793589760893187,-0.0021732068460007525,3.293514749419524e-05,0.0306356718969254,0.05320513584277814,0.04238854844751011,0.020436750349252797,0.0,-3.5481730359943064e-05,0.03478784101074295,0.023859408276319938,0.03204865510041599,0.005859244349698478,0.05090726887228164,0.0,0.051883544530408165,0.026221510103345003,0.0,0.02398389456993144,0.03770394018024992,0.03795267495901017,0.044273802742197,0.0,0.03412657027187016,0.01776448940269376,0.027015023127511972,0.03595705204255245,0.0562078706200585,0.03808884399008666,0.04326590154542176,0.05096211892781449,0.026297913447664578,0.03861863680188504,-0.00023824734763217004,0.04011039784034359
0.07429074434635113,0.044434307995864786,0.043801014807948346,0.031124317435737847,0.035820531815389856,0.07193933904235222,0.05789753784901852,0.046592216547263365,0.010462230068414846,0.06285577234814621,0.040413288126602,0.028412594508162747,0.05501602063276556,0.02302478197255231,0.0909037493235525,0.048060664161566735,0.018778334132420638,0.02294238902478679,0.03479020450754,0.05024959954307151,0.07812568258334046,0.04988245620132009,0.062096940370672093,0.0301567144349551,0.020339839007018468,0.05944944663101537,0.0,0.05762110841822882,0.06378408974335387,0.049029709347536976,0.04672322889717989,0.03223772021074439,0.03699751255381267,0.04249262852637781,0.028666134252713082,0.046112982788398815,0.021806599037047125,0.04291455627989921,0.04759676902846205,0.07326961345839783,0.04081098103031189,0.06056976926086044,0.04582563011059604,0.029878467529138364,0.01859586779898359,0.05320595811027923,0.039055974758630596,0.05278771235376112,0.01179412236677796,0.05040758114404775,0.03936160441710779,0.04718050792805928,0.04054380344893138,0.048341610242720656,0.009732285548687325,0.05332438215778057,0.02412270163983382,0.042545795747496284,0.05708903302006463,0.0747634170472059,0.03089513957561124,-1.1102230246251565e-16,0.01253615583952411,0.05130874993437984,0.09410144231539808,0.0717217437326721,0.05350850389912376,0.04447124394211177,-5.551115123125783e-17,0.014552627173959276,0.05080281250167501,0.052073717377533746,0.0513860728203932,0.05584705436466342,0.04198036474814759,0.04286852231181637
