0.0,-0.04013816004961551,-0.02457176812512768,0.0,0.01213694609025684,0.04137101129754028,-0.005070077181098198,0.02620414917698255,0.006656114592235196,0.045744595541516775,0.0016344758309727037,-0.018868866178789356,0.014895456161686249,-0.007579802205277875,-0.013556454501551352,0.007918207393775745,-0.057089172588682124,-0.01712666125759349,0.0,0.00014276175969824,-0.0138716181732772,0.001191173894549813,0.013457406014338369,0.0327701733005778,-0.0279260275108677,-0.009033424521318612,0.013022698761483653,0.01933332157282186,0.009483878038349547,0.04431421655601597,0.014020680010690734,0.024474386259689063,-0.013235050576943741,-0.0003360187360827438,0.028635816884962084,-0.013336387323739929,0.00035606244419800204,-0.023558696621319708,0.009835706157239943,-0.025799336777180992,-0.006168844979046462,0.025805446200141913,-1.022457587596115e-05,0.0,-0.0131358066016381,-0.06286116372312317,-0.02045963720452526,0.0,0.0,0.0,-0.012531581012853787,1.1102230246251565e-16,0.02048652743324264,0.0,-0.0077470182012771005,0.0,-0.004558253319406014,0.006470395554847019,0.0,-0.043461598334394946,0.006056690079575933,-0.01374812454762625,-0.030849774885722436,0.0,-0.00865744290099435,-0.05862910737608851,-0.006089452751279201,0.012958645703770866,-0.0159601769389085,-0.025063949331189994,-0.028799180220168807,-0.008668214799086416,-0.00017875304944919845,-0.007196542947643381,0.0,-0.017020807603422672
-0.04013816004961551,0.0,-0.004332938460272273,2.0383552193470322e-05,0.0009328065092502613,0.01114717432799639,1.8269364620016049e-06,0.01872558314784878,0.0037954103876893797,-0.024387926014985573,0.0051262840054090986,0.0006853656386663909,-0.0007232691945940339,-0.0075610134626192815,0.007744914427138705,-0.003076049442878148,-0.020464103782071474,-0.003778941679164427,-0.02268514236240915,0.015152037105836458,0.0013622392331510969,0.010141156077048963,0.010308685290888242,-0.020786172129980518,-0.001200079278774302,-0.0007552652732272791,0.009716679440860188,-0.008279164689926066,-0.002598960302343689,0.013177010832391811,0.026672964492053308,0.020147040055890186,-0.002447974715115653,0.019708452294815604,0.029674109712417573,0.020019721662022927,-0.001027567488274983,0.0,0.020251731774448334,0.0076592881513751765,0.0014625529896866718,0.011249931014195691,0.005294026093500548,0.0,2.220446049250313e-16,-0.03802558986414517,0.004962307489714601,-1.808837186245693e-05,0.0,0.0,-0.0078261653187221,0.003091111240642097,-0.002431720631644263,0.009006561443010208,0.009787021465403056,0.0,-0.0034065520705939267,-0.0008027901308433338,0.0,-0.0074865876706123324,0.018940298096453423,0.012251426862048775,0.0022154884977811373,0.0,0.004416794344840713,-0.008899681062228548,0.026597532789135625,-0.006772173174313223,-0.005365726061309084,-0.015973905758340345,-0.005171616224973197,-0.015984516154714024,-0.0082186934845348,-0.00322254139812439,-1.1102230246251565e-16,0.015905295892791105
-0.02457176812512768,-0.004332938460272273,0.0,-0.012998690306568361,-0.03649295431012323,-0.007783166348010184,-0.018919437759608748,-0.010178018867835481,-0.016598148778293298,-0.01735592087850596,-0.030532933589142774,-0.003835508177613911,-0.018185553418894718,-0.03160257707308267,0.002012738636292921,-0.01382988346972408,-0.005678752026515188,-0.014268469522941585,-0.023402328846146736,-0.013737710202628706,-0.0016856517365406165,-0.003981825748075651,-0.0013207243477850739,-0.005850115164440006,-0.0009111964321323329,-0.004764501399216747,0.01139379622112452,-0.019012935600644154,-0.008723880803953199,0.005798543549744906,-0.020882896249088678,-0.016302445408230226,-0.01420028001148177,-0.019389315092250337,0.004548740639744586,-0.029711476051996866,-0.029833932482326353,-0.010134160347530119,-0.015880743745919357,2.0940377237765873e-07,-0.0015837121420877454,-0.01921674254487077,-0.019261997528933594,-0.021723309176196692,0.0,0.0,-1.5392501537703218e-05,-0.00011112614777175622,-2.2964670717273705e-06,0.011309497428826587,-0.03745423189164965,-0.0006438136376635262,-0.025152157828432387,0.03948827594156257,0.0007254592072626354,-0.19641321633481776,-0.01933707575639615,-0.030431861931600745,-0.0400757263328268,-0.00011444621287737267,0.0,0.0,0.0,-0.05474473334863006,-0.012726371823422289,0.006459415539468993,-0.00022785272707803728,-0.016314909578998504,0.0,7.021946317853356e-05,-0.0031110623771098966,0.008609824419024914,0.00018823759719777122,-0.004046832931353994,-0.009282722652024344,-0.02082774136888621
0.0,2.0383552193470322e-05,-0.012998690306568361,0.0,0.007265016935147861,0.00255297119824055,0.02117068077038914,0.011272810096715491,-0.005378690272842435,-0.07379813794681378,-0.03748515001787012,-0.014960334826734978,0.0025197842946618754,-0.004602535511159134,0.023673727272566558,0.0003409716045371103,0.004964988681514737,-1.045739688981806e-05,-0.0040663833674022265,0.003606076842934458,0.000189618231458355,0.007675321642031607,0.043743751944618714,0.006846653864219732,0.0004570902400503618,-0.006025629200428595,0.06809321257118739,0.007777103549213182,-0.01963603558143512,0.005221906689583333,-0.09614581500428826,-0.001297846396324298,-0.014785891427744502,-0.06098435145632741,-0.048536880676324334,-0.05849882484717209,-0.0348890376083649,-0.042646818154583405,-0.0071066667692833985,0.0002864823544354578,-0.023139921645817074,-0.02968804263390301,0.012775697071461811,-0.006128745738536112,0.0,0.0,0.0,-0.0005148723569577962,0.0,0.0,0.004291159065232142,2.220446049250313e-16,2.3933145286147983e-05,-0.00021585722649680728,5.551115123125783e-17,0.006841870839933428,-0.0014391046452494338,-0.0002792706532396827,0.0,0.0,0.0,0.0,0.0,0.0,0.0,0.0,2.1101835849079986e-05,-0.004396263514676979,0.0,0.0,0.0,-0.002868042215960487,0.0011225094320545526,0.002429396271302009,0.0,0.0
0.01213694609025684,0.0009328065092502613,-0.03649295431012323,0.007265016935147861,0.0,-0.05817599294794068,0.0046386999025050946,-0.06621115022595686,-0.029258357564251214,-0.03025745370098537,-0.04606540130933956,-0.015619486688466466,-0.017929436711192015,-0.03561199873168519,-0.011235776909712114,-0.013376609843947784,-0.01826101266323593,0.01940758344785304,-0.06159251961623413,-0.004523039028633602,-0.031909621949617994,-0.008402067264884405,-0.04057204927960811,-0.015070810322455996,-0.002897986904597416,0.02178865786383838,-0.05208701390943493,-0.02746437347662728,-0.015184110323659017,-0.009775017100104477,-0.02468397558741986,0.02496458526174583,-0.004849422320649666,-0.05666486829364964,-0.0508796790702743,-0.05525116143137576,-0.03502102618101016,-0.07235482506393548,0.022283421568870032,-0.005257547967668141,0.04287146340303949,0.034397646914768265,-0.01644302612893883,-0.0009244086305547072,6.764741474579727e-05,1.1102230246251565e-16,-0.0065625239821957004,0.03489359081753585,0.0,-0.004803817674807254,-0.018945240452430845,-0.0018544774503908013,-0.006611120242533797,-0.022631194054283044,5.551115123125783e-17,-0.00794850230013383,-0.005425394916375725,-0.01670309353492011,-0.021559575537517917,-0.0016406344905044445,-2.376136871218293e-05,0.0,-5.551115123125783e-17,-0.016508488675083532,-0.0014517833423997595,0.00015402066653763535,0.007740075833124915,-0.005701226485343991,0.0,6.713737772889861e-06,-0.0012584331475620214,-0.024496613653276655,-0.01615858979022594,-0.0003817806036803262,1.1102230246251565e-16,-0.01598443854995235
0.04137101129754028,0.01114717432799639,-0.007783166348010184,0.00255297119824055,-0.05817599294794068,0.0,-0.0187293448281578,-0.019800074284120672,-0.04731548274683167,-0.013808631131949856,-0.07264017501429093,-0.005291133855054753,-0.013678991577225408,-0.06014426111106724,0.014392582949177557,-0.012072328547873101,-0.01918334465875987,-0.00262338896422315,-0.044505910355408074,0.0019799775778390205,0.01420655048662467,-0.012025774001618472,-0.002059818976736849,0.06924697327334445,0.015678267962606574,0.02169091687878033,-0.024511317069916216,-0.015091460497307418,-0.032631153096490506,-0.007054021252120568,-0.01168642767328043,-0.006959202370776796,0.006960518869066179,-0.010736878160872099,-0.0015950133482638407,-0.023397024173128167,-0.012365670772835513,-0.020450533964556872,-0.003514635864990956,-0.014337898717327269,0.004718884941995682,0.020730413497003997,-0.028602850021288206,-0.013885368608097859,-0.013959757918031335,0.011726238336251749,0.009723602468090897,0.007410563457131314,0.0029503712305575247,-0.008079135407357274,-0.018149530731255303,-0.001346098553232089,-0.00935247194749722,0.0029714077085571944,-0.03862458371311911,-0.04942735503961443,-0.0067915783438008415,-0.008366354687754818,-0.05534685339513562,0.011100047046386396,-0.006291107843199695,0.0,-0.0034448334325433705,0.01791558772600166,0.01273187187053787,-0.015132440108502399,0.004746969683886049,-0.016192760591922206,1.7742970928324997e-05,-0.008506021813521336,0.006993278527616498,-0.01429783155998704,-0.003422913025757146,-0.008968200536636106,-0.005177771521544028,-0.005536273858552709
-0.005070077181098198,1.8269364620016049e-06,-0.018919437759608748,0.02117068077038914,0.0046386999025050946,-0.0187293448281578,0.0,-0.008478107103517818,-0.029254303648103885,-0.016943614896597514,-0.040873367526937265,-0.015446636462464414,-0.007898397252148692,-0.024011367619432955,0.01433303347420728,-0.012409496937753894,0.016823510952659326,-0.011075574991395387,-0.036526763740096446,-0.015588324162207234,-0.008564758796515581,-0.02274014171865346,-0.016137081961462463,-0.004169786321121194,0.005334770325576388,0.0019244123165207405,-0.021705400263845598,-0.023793470014121576,-0.017744905811480416,-0.002459548381652965,-0.028400200864508562,-0.003243764097077384,-0.006509093686367484,-0.04734762335123832,-0.047722799291810225,0.02291427329169038,0.029933897537479992,-0.10923165714591454,0.0011395765067500618,-0.023774705174292865,0.050774215985417426,0.0027480867200624925,-0.01618878989809952,0.004651066868127052,-0.024463656027876368,0.0,0.00197404484822844,-0.0470092473716911,0.0,-0.00916169355387253,-0.01782827714892582,-0.022335965891251863,-0.01955708180853255,-0.08404166874141478,-0.00961085226997771,0.00374097948657659,0.008551275723506946,-0.024218679554546263,0.002892295137122136,-0.012742807217269725,-0.00578027288922317,0.0,1.4515611338972167e-05,-0.025609149164117884,0.0008320615015232624,0.012692906833898898,-0.0024837166044644476,-0.010046584037163298,3.2260826171803814e-05,-0.0054774664605655166,-0.004144934266384626,-0.027636099380528023,-0.013542760411597465,-0.007864087037839362,-0.004942560042844324,-0.01603440300944403
0.02620414917698255,0.01872558314784878,-0.010178018867835481,0.011272810096715491,-0.06621115022595686,-0.019800074284120672,-0.008478107103517818,0.0,-0.04088930761900733,0.06759213817533577,-0.1131608823951358,-0.004537141074585638,-0.01051507668284779,-0.03850959196478182,-0.016374379424034358,-0.042840028160024746,-0.012707193971301156,0.026267170423293684,-0.03238783113100452,-0.03136492333714458,0.013938636221782374,-0.006354341922062023,-0.026089237252006625,0.044730083989143576,0.04359704767227901,0.042821493659333965,-0.020155738993607286,-0.004018204697408212,-0.012615367571848446,-0.0006625737922523189,-0.005234985021244087,-0.015479053132780363,0.05989216402188535,-0.013302393190377182,0.004895674517319204,-0.058180370177451285,0.07205343317994078,-0.04769597942439663,0.0059920132051586306,-0.03144457483801388,0.005422381946270649,-0.013090944869615817,-0.0792852313425737,-1.7931728612419207e-05,0.0,-0.014388269512920326,-0.006790348824329662,-0.012258528124039825,0.0,-0.009398012403369849,-0.023895398114397726,-0.005496988189609087,-0.044540397409446486,-0.00788043521871673,-4.2012515580891474e-05,-0.11116252847656716,0.00010772622216409511,0.007389829213185262,-0.09610980527635404,-0.013397191166957811,-0.005024306603823081,0.0,-0.00020598536575683335,-0.020553546236769693,-0.01897098093746774,-0.09950872326245658,-0.033583256297813446,-0.023877738225516754,-5.551115123125783e-17,-0.0035740328965663815,-0.00496629246234942,-0.019718771989297834,0.007371144912197536,-0.018808823886949766,-0.009043313933194186,0.006965017960267383
0.006656114592235196,0.0037954103876893797,-0.016598148778293298,-0.005378690272842435,-0.029258357564251214,-0.04731548274683167,-0.029254303648103885,-0.04088930761900733,0.0,-0.03871656160093856,-0.04737893140149846,-0.020188598695458526,-0.008658902975819338,-0.06341477539837803,0.006802461013176164,-0.008654262519234401,-0.014005923966331268,-0.017680746049831164,-0.010909265534699397,-0.018665717219151334,-0.007701526495801081,-0.02548492796617019,-0.037693628894573616,-0.016655712105236087,-0.009538539076961672,-0.013168763726203736,-0.0275206072266872,-0.030246134595501517,-0.03212910068351871,-0.011374292487839166,-0.02943574222195916,-0.032760010126701045,-0.011762619978449518,-0.03712468716219253,-0.017973619993502055,-0.02816804203769374,-0.02860902920782349,-0.011936634136550606,-0.01770789071534884,0.0002835014659111068,0.014935191023545014,-0.019268895874584135,-0.02789107439163696,-0.027203091854326567,-0.00787000501114854,-5.551115123125783e-17,-0.010776744721061882,-0.008176630402169982,1.1032335491267808e-06,-0.01768937227402345,-0.04523278617530613,-0.029917812936928967,-0.04676743986873344,-0.01459248068851593,-0.014518568554776401,-0.04886388239505751,-0.017773084734602207,-0.03424803173563473,-0.0537420996606478,-0.0008869943772355504,-0.0005263992480954438,0.0,0.0,-0.024453070326643567,-0.0034559066777930525,-0.0010951123642802263,0.009711145467605542,-0.028880756563194776,1.3577851459389834e-05,-0.014717931946715446,-0.01836815580923923,-0.01448129152716049,-0.0738972791490436,0.002216558452805162,-0.02843388577511885,0.01106147946717062
0.045744595541516775,-0.024387926014985573,-0.01735592087850596,-0.07379813794681378,-0.03025745370098537,-0.013808631131949856,-0.016943614896597514,0.06759213817533577,-0.03871656160093856,0.0,-0.04772971618001626,-0.0036118324654253464,0.012175607902973173,-0.03738009973915701,0.013165888905869838,0.008108983095213407,0.01585883270692312,-0.003455404334004042,-0.029742447729019128,0.001654643458453009,-0.019893542853013757,-0.021740880432458143,-0.018966099257189062,-0.01238574020553318,0.009751650998984007,0.022815956332676246,-0.020560058820705662,-0.04136767376583078,-0.030146594697881834,-0.01429911373011794,-0.0008287969265807771,-0.02894913862588261,-0.0321335637811796,-0.036174073323479716,-0.026002726771703066,-0.08979662028828311,-0.060420903385665914,-0.02782895612368358,0.037168781048928956,-0.014176205160358724,0.062379723476430005,0.08640890651218952,-0.04014615430337032,-0.015610128858982553,0.054507914758820164,-0.014980459366987942,0.000335798779453389,0.00012053760144237202,6.264312923887072e-06,0.0004061650691573604,-0.00531333213786217,-0.003658455258983284,0.002893038851877472,-0.02077226028215251,0.011268562354292744,-0.013958037351672725,0.02688210749717579,0.020439401103766797,0.0,0.00037283098708273954,0.0018252980291337817,0.016101359750963384,0.024453355267286758,-2.059112484908976e-06,3.3455374645718905e-05,-0.0018310705623011958,0.02047318820261862,-0.014944455755597386,-0.040388179935737734,0.023223689294301242,0.025431095655982283,-8.871709208468914e-05,0.005261939623091905,0.0007398389712570674,-5.551115123125783e-17,-0.005895469125006936
0.0016344758309727037,0.0051262840054090986,-0.030532933589142774,-0.03748515001787012,-0.04606540130933956,-0.07264017501429093,-0.040873367526937265,-0.1131608823951358,-0.04737893140149846,-0.04772971618001626,0.0,-0.020659641191028255,-0.03973084254475129,-0.06656481894428914,0.0,0.00010051538443328623,-0.0018970291743759526,-0.018239177180528365,-0.025956046434104707,-5.152951861714383e-05,-0.015352382550267496,0.002869131956863058,-0.06562825511196366,-0.03032364054370046,-0.006685475248726647,-0.021984938134520515,-0.02317546973516016,-0.04236803091126068,-0.016053888170776243,-0.0014254580275259165,-0.03605169015597476,-0.021842650516732176,-0.01828370203602009,-0.03941279728622432,-0.03234354159549452,-0.09387191244103396,-0.009919339187126563,-0.03373590469738569,-0.016136063533086276,-0.013130712479801243,0.011490453262906486,-0.03126837091277679,-0.031916836154920136,-0.02790573900602017,-0.0011845405858377234,0.0,1.1102230246251565e-16,-0.1628765658952816,2.1362771829291916e-07,-0.023748949990734958,-0.0020127615523523046,-0.010018365999842627,-0.07455318066068778,-0.010571998983770148,-0.006191339163640341,-0.13242882568420633,-0.009602074010822692,-0.016970856241207533,-0.010862580083520312,5.551115123125783e-17,0.0,0.0,0.0,-0.13185915877023469,0.005972383000019843,0.0,-0.0001050932199599397,-0.11660146565312085,5.551115123125783e-17,0.0,0.0001157450366167101,-0.06689844128396027,-0.026079302210976985,-0.012107439287532773,0.0,-0.005150535582113147
-0.018868866178789356,0.0006853656386663909,-0.003835508177613911,-0.014960334826734978,-0.015619486688466466,-0.005291133855054753,-0.015446636462464414,-0.004537141074585638,-0.020188598695458526,-0.0036118324654253464,-0.020659641191028255,0.0,-0.0072649923335095234,-0.08433483473818931,-0.005428100101440625,-0.004227270644786507,-0.01733628355338601,-0.019480554371998082,-0.02370258913457285,0.014430757992372867,-0.0017386223223215813,0.009393052711723526,-0.0036358162214722434,-0.008193146350072511,0.0006116745431610782,-0.012169894761013988,0.0007175216933472117,-0.10624705980903332,0.005333844484950889,-0.04351030075529405,-0.031044651827625613,-0.038131220882451966,-0.0674688942548699,-0.0537164605088071,-0.061481185892155316,-0.06775409453599829,-0.0762663743559617,-0.043207867959937724,-0.00222932727322267,-0.037991934823355056,0.020045357189479307,0.10571158197705555,-0.01973052257274782,-0.01819231829219281,0.019262602587439837,-0.02037401403176814,0.012914434765528948,-0.006864828226194941,-0.01124022263744387,-0.01076855982467717,-0.006694413854337278,-0.018443613929461145,-0.0001600860839693352,0.0024901342891591183,0.0009051476399009606,-0.007806353490619866,0.02480173790685619,0.019086384071135887,-1.3497467945433606e-05,-1.7761692423068354e-05,0.003746059594787743,0.024109209143867938,0.02491389193248139,-0.015261936846873048,0.00456415694162865,0.00826142201369856,-0.0002031562103936846,-0.0031605577499222437,-0.032784002575149906,0.01929923259940952,0.029980433488879465,-0.0007538694747618591,0.024855545625119824,0.0025220260680791085,0.0,-0.011367763438322909
0.014895456161686249,-0.0007232691945940339,-0.018185553418894718,0.0025197842946618754,-0.017929436711192015,-0.013678991577225408,-0.007898397252148692,-0.01051507668284779,-0.008658902975819338,0.012175607902973173,-0.03973084254475129,-0.0072649923335095234,0.0,-0.06366942596933128,0.014975922515496898,-0.006105553067608183,0.0020243445268324223,0.003300611217197158,-0.030047289599023808,-0.005231301520533749,0.008194626053072807,-0.017008563645422747,-0.008773833350981863,-0.011349345082091844,0.002393939669716738,0.002524053907561885,-0.012109452560915723,0.007112043915721622,0.0011474059931118052,0.02442087949900129,-0.0010026716745114572,0.004294372229539822,0.02059174457447238,-0.010097464998491845,-0.0023299136221908157,0.018347964905753522,0.028627843776578787,-0.024753540950314457,0.0057833903643970674,0.013055854262040312,0.08486184512655359,0.03127455255118883,0.024026652023642403,-0.02687641544068531,-0.03270336324209838,0.005212805716769853,-0.0002645875086424998,0.01183926498419774,0.0,0.0020566194382186653,-0.009339451205513216,0.010262134760013586,0.0017457081778861627,0.002028939759994408,0.0032029103703667405,-0.001020854099103019,-0.006968419524378544,0.008555255742620171,-0.006919772076842856,-0.017884113817723313,-0.007203441365488783,-0.0075631436140630726,-0.0037298396048903726,-0.0005117974416335436,0.007417554341557664,-0.005189477490815164,-0.002177948578820754,-0.003355149914743283,-0.0017307069256987107,-0.003742308655003135,-0.0033576400607076007,-0.010001140279970344,-0.003009030866309881,-0.007726133606966001,-0.012597387209816346,0.0011343731089555886
-0.007579802205277875,-0.0075610134626192815,-0.03160257707308267,-0.004602535511159134,-0.03561199873168519,-0.06014426111106724,-0.024011367619432955,-0.03850959196478182,-0.06341477539837803,-0.03738009973915701,-0.06656481894428914,-0.08433483473818931,-0.06366942596933128,0.0,-0.01678742358412688,-0.0004954092402831289,-2.8705362917658128e-05,0.00010131507725208433,-0.07618971917175288,-0.005289180603735011,-0.046124508529927055,-0.008983093938319475,-0.05559317830116156,0.005411055296800804,-0.005123508831651469,-0.005270233666250623,-0.018495275858271043,-0.0011828534720935702,0.005201942374383983,-0.008604231459585276,-0.025182644634377638,-0.08111980148498674,-0.049586614038243104,0.008070593631608614,-0.04596033668490779,-0.04570469384471684,-0.05356960425806129,-0.01201266286722924,-0.04734206799310997,0.0,0.0030099091282185797,0.00025216822423024254,-0.054828622677977945,-6.149271216671082e-07,0.0,0.0,0.0,-0.036936755593584836,0.0,-0.03471813607497598,0.007783930729345578,-0.01822645166818815,-0.014261187750445825,-0.06453405133797163,0.0,-0.012078988756230313,-0.0002234613778425154,-0.00696758984387702,-0.01013859368090464,1.1102230246251565e-16,0.0,0.0,0.0,-0.023231273374624162,0.0,-1.1102230246251565e-16,0.0,-0.008577413857892124,0.0,0.0,5.551115123125783e-17,-0.013717784138131794,-0.011133508476485532,1.1102230246251565e-16,0.0,5.551115123125783e-17
-0.013556454501551352,0.007744914427138705,0.002012738636292921,0.023673727272566558,-0.011235776909712114,0.014392582949177557,0.01433303347420728,-0.016374379424034358,0.006802461013176164,0.013165888905869838,0.0,-0.005428100101440625,0.014975922515496898,-0.01678742358412688,0.0,0.0054291221475041285,-0.00015969517153613388,0.006954018180370725,-1.1102230246251565e-16,0.04066976989555343,-0.011812659799663339,-0.00026348205430115623,0.08173408437913243,-0.027507288699584298,0.010403098331312977,0.01375663507101138,0.0381937069561929,0.016892710371542108,0.010545812310698344,-0.005160776849387483,0.0010032090551580497,0.006605220207661244,-0.002061229404156484,0.005223707387815801,0.011869538567722049,0.008275019424976326,0.0038098297038618445,0.00010437735341484178,0.006858764342697665,-0.007951746530486747,-0.00799324228428111,0.005990279653259156,-0.006964630132496985,0.014058119436002214,0.0,-0.026883934676622312,0.005781368525997477,-0.012642938290450823,0.0,0.0,-0.018757940456209377,-0.007895140073540252,-0.00896330968975012,0.0034048777357683635,-5.551115123125783e-17,0.0,-0.003906912571558174,-0.004000594165184279,-3.501904656255661e-06,-0.04361475411412541,0.017359681138293614,0.00012240816211916972,0.009485477024840427,0.0,-0.02095715086256328,-0.031320648196184186,0.007362373283281709,-0.023050941239428357,-3.775169113912069e-05,0.001482880045373225,-0.012425758205032111,-0.016179307240364815,-0.023932182166207516,-0.005133735379232618,0.0044237762936622516,0.0008975116067902467
0.007918207393775745,-0.003076049442878148,-0.01382988346972408,0.0003409716045371103,-0.013376609843947784,-0.012072328547873101,-0.012409496937753894,-0.042840028160024746,-0.008654262519234401,0.008108983095213407,0.00010051538443328623,-0.004227270644786507,-0.006105553067608183,-0.0004954092402831289,0.0054291221475041285,0.0,0.0033789357693604916,0.012656349254980825,-0.0001487717227744989,0.009851652572857306,0.006310070749760588,0.015159290734370834,0.007677514347243064,0.0049156137934188715,0.020722185980686425,0.02147647683255144,0.0017656115699589137,0.0012071427097331555,-0.0063154156320682775,0.01316484814107316,0.012669119771559267,0.005471919285313265,0.022942242227659393,-0.0024423877796586613,0.019400970658757788,-0.008209969541576323,0.0037204916275501154,0.01423141052768745,0.03295123858331345,0.02504307496301883,0.025620215230619192,0.03735124818209529,4.566216481982632e-06,0.0,0.0,-0.004471777455467174,0.02376592104814318,0.0,0.0,0.0,-0.007966715860008244,0.003942363427732243,0.011595512512411532,0.0,0.017780421929894097,0.0,-0.0015250164284039691,-0.008883242005771563,0.0,-0.014747836955516402,0.038748694841325926,0.012343050398351874,0.012146608139107062,0.0,0.007235875572268624,0.003182622193622031,0.033335589477227645,-0.007106557029148364,-0.008256480801113353,0.0019803283796629434,0.012927569259433336,-0.006467850084355464,0.01296994036749377,0.011766429232770104,-1.1102230246251565e-16,0.029721622930708402
-0.057089172588682124,-0.020464103782071474,-0.005678752026515188,0.004964988681514737,-0.01826101266323593,-0.01918334465875987,0.016823510952659326,-0.012707193971301156,-0.014005923966331268,0.01585883270692312,-0.0018970291743759526,-0.01733628355338601,0.0020243445268324223,-2.8705362917658128e-05,-0.00015969517153613388,0.0033789357693604916,0.0,-0.0013583989354715165,-0.008011725104876022,0.020273307801717988,0.0049836320156873,-0.00860778336346868,0.0007878712070564786,-0.004201879626619998,0.009609632976240401,0.006564744653960786,-0.005528752352676913,-0.019391581708248118,-0.022110433559167586,-0.02356539661194479,-0.0045243051790214706,0.015547249281801068,-0.005372233110583824,-0.006506643993654027,0.004827911502580995,-0.018576649409157098,1.2661995001383985e-05,0.006270819266374794,0.026453636422605842,-0.0055853279976700865,0.011037648497266017,-0.006072187646321836,-5.551115123125783e-17,0.0,0.006855930016701317,-0.009767624236430739,0.013170210704489926,0.0,0.0,0.0,0.0,0.0,0.0,0.0,-0.006393489583902068,0.0,-0.0056503894061119,0.010434427601323681,0.0,-5.1008577479527695e-05,0.010460751492721576,-0.007809448888114245,-0.003028198003014182,0.0,1.1102230246251565e-16,0.0,0.01518729858622403,0.0,0.011940604972911217,-0.01679366943003685,-0.00762690755510359,0.0,0.0005510765856895916,2.7518616039501342e-05,0.0,-0.007742093175512277
-0.01712666125759349,-0.003778941679164427,-0.014268469522941585,-1.045739688981806e-05,0.01940758344785304,-0.00262338896422315,-0.011075574991395387,0.026267170423293684,-0.017680746049831164,-0.003455404334004042,-0.018239177180528365,-0.019480554371998082,0.003300611217197158,0.00010131507725208433,0.006954018180370725,0.012656349254980825,-0.0013583989354715165,0.0,-0.018937333213969954,0.014184733657703619,-0.012731825538715547,0.001786458236562205,-0.0038553719212288673,-0.013131106111110513,-0.003452518673535021,-0.003202957203014112,0.00551087979153525,-0.0007472436553545014,-0.006531203590114221,0.022649474781361978,-0.010566606592589955,0.008331795036201461,-0.01148477592742797,-0.017770743348234197,0.011652635724615334,-0.023093334762185835,2.1102924105231846e-05,0.006303928040583107,0.01054268215226356,-0.007919680672470342,0.0009465146171223071,0.005926721058504947,0.0,0.0,0.017372291795568928,-0.019781866129850778,0.002201513731464322,0.0,0.0,0.0,0.002000060511095636,8.899780542392932e-05,-0.0003939022123521929,0.0,-0.007446001664765389,0.0,-0.014858174087084175,-0.005371541533010338,0.0,-0.010643483267401221,0.01491840865879207,0.00046182585818516086,-0.019173306431253978,0.0,-0.002265943536359172,0.004933884224112228,0.024389807000953168,0.0025643798505065596,0.00609886295046852,-0.022086054088270357,-0.020766896991927186,-0.0006136224384225009,0.002891433624082562,-0.01772759087155623,0.0,-0.006628478902554802
0.0,-0.02268514236240915,-0.023402328846146736,-0.0040663833674022265,-0.06159251961623413,-0.044505910355408074,-0.036526763740096446,-0.03238783113100452,-0.010909265534699397,-0.029742447729019128,-0.025956046434104707,-0.02370258913457285,-0.030047289599023808,-0.07618971917175288,-1.1102230246251565e-16,-0.0001487717227744989,-0.008011725104876022,-0.018937333213969954,0.0,0.0003344735938285992,-0.00626366263615219,-0.016846358997556266,-0.06947849160803729,-0.0203385401209758,-0.01104381862181969,-0.016921133824294554,-0.01711789130386171,-0.025690433752744546,-0.023139715731551547,-0.0030677343190725903,-0.007954412475982664,-0.008932393954621642,-0.00708086861990459,-0.035118809433996034,-0.029226331375804382,-0.027094141023076612,-0.01806057392183097,-0.02627524821435856,-0.02380519688222843,-2.9509810206107545e-05,0.030152082299617133,-0.0016741724422209003,-0.0010475371320517457,-0.0006778608935627539,-0.0005261318736252685,0.0,0.0,-0.21914053704999154,-5.551115123125783e-17,-0.007084987343253579,-0.04083927247784119,-0.01571691095241734,-0.036079588062528645,0.018849436196025193,-0.00010014692058041286,-0.12103179549575466,-0.016536752800370147,-0.023576906205580284,-0.019836414507593936,2.220446049250313e-16,0.0,0.0,0.0,-0.16148034095645875,2.3688196502835712e-05,0.0,0.00010734535093731568,-0.024628985288404515,0.0,0.0,-5.551115123125783e-17,-0.007778859470059518,-0.020073401378799316,-0.022594023045359346,8.166643740858959e-05,-0.006254083604943839
0.00014276175969824,0.015152037105836458,-0.013737710202628706,0.003606076842934458,-0.004523039028633602,0.0019799775778390205,-0.015588324162207234,-0.03136492333714458,-0.018665717219151334,0.001654643458453009,-5.152951861714383e-05,0.014430757992372867,-0.005231301520533749,-0.005289180603735011,0.04066976989555343,0.009851652572857306,0.020273307801717988,0.014184733657703619,0.0003344735938285992,0.0,0.002082473342513602,0.014451751912192834,0.06492546259944287,-0.00716209881431229,0.019277180431649055,0.03446184983331202,-0.004479552480740001,-0.014247061166791586,0.0015249967824974564,-0.0005881634464536822,0.004626454090262633,0.028801405327880836,-0.009942140585830983,0.021524857384664697,0.03128935961152346,0.007174619612572375,0.014247425051692797,0.019982211803199312,0.013028900975636304,0.002193154647251394,0.002267310490831287,0.003371067209342382,-0.01475559268358273,-0.0004785023699288016,-0.0001140484930681196,0.0059293605963872675,0.018095387090779902,-0.0064669765410687585,0.0,0.0,-0.025558437304059378,0.0030495256719694774,-0.031879455715753124,-0.00032489643935890156,0.00043850266634543056,1.1102230246251565e-16,-0.00968141275698775,-0.013281374840339588,-1.1102230246251565e-16,-0.017703158843977884,-0.0013043570945195926,-7.263864950535215e-06,0.013858815747622544,0.0,-0.0029598627922977627,-0.026755017448487184,0.005606793207612482,-0.015290082629040747,0.0,0.005753544383895526,0.0008444019707095629,-0.004192779587080586,-0.008632551664704946,0.00224859302507302,0.00078320935499121,-0.006249215849344902
-0.0138716181732772,0.0013622392331510969,-0.0016856517365406165,0.000189618231458355,-0.031909621949617994,0.01420655048662467,-0.008564758796515581,0.013938636221782374,-0.007701526495801081,-0.019893542853013757,-0.015352382550267496,-0.0017386223223215813,0.008194626053072807,-0.046124508529927055,-0.011812659799663339,0.006310070749760588,0.0049836320156873,-0.012731825538715547,-0.00626366263615219,0.002082473342513602,0.0,-0.006671579009313255,0.010966252527286613,0.0357815403848859,0.0016841164824361043,0.015449607870054838,0.013594527939362,-0.0014394020603672453,0.00211058652125673,0.005683248564867183,0.008615577115118567,0.007122158459997474,0.007931561798061815,0.012146932156226697,0.020578598626444122,-0.06339495891045577,0.0048565691486353035,-0.0024763096920409344,-0.0017963228816638144,-0.00097766000104349,-0.01041265957371107,0.0061306985772998646,-0.00036738308951522747,0.0,0.0,-0.1653507417748016,0.005418269239883644,0.02627654641213517,0.0,0.0,-0.04381013135257328,-0.00707241973745415,-0.04394486715867113,0.004219810596631568,-0.013969432915639457,0.0,0.007755944170856788,-0.01062070810311555,5.551115123125783e-17,-0.06958899717804362,-0.004958901864007048,0.0,-0.0041623318756396355,0.0,-0.02164416167788541,-0.11425517645109273,-0.006460288121854119,-0.03037627811517335,0.002350990808925868,-0.018311762960023237,-0.021869865765585528,-0.03155876134362201,-0.02426483927104156,-0.011900935204840535,-0.038056626960769446,0.0006868068909476333
0.001191173894549813,0.010141156077048963,-0.003981825748075651,0.007675321642031607,-0.008402067264884405,-0.012025774001618472,-0.02274014171865346,-0.006354341922062023,-0.02548492796617019,-0.021740880432458143,0.002869131956863058,0.009393052711723526,-0.017008563645422747,-0.008983093938319475,-0.00026348205430115623,0.015159290734370834,-0.00860778336346868,0.001786458236562205,-0.016846358997556266,0.014451751912192834,-0.006671579009313255,0.0,0.028429573968214217,0.023140988866837353,0.010632962594632256,-0.0018168676790712435,0.0013670884990030219,-0.03411204719580574,-0.004954221120037128,0.00021377789838528116,-0.0007258210133502807,0.009578601439745371,0.008337415641442247,-0.009695738833459089,0.007656916500116018,-0.004521930778551231,-0.002538858179506498,0.023257527839441572,0.025782947200121198,0.020120341051243218,0.010667346701033142,0.03156591441303813,0.004710024415843117,-0.008008301928371542,5.30988478097405e-05,0.018233114818773155,0.029714083867488084,-0.007938198543192831,1.9256544367962647e-06,-4.6063051052647186e-05,0.004749764694190306,0.0026067585976044527,-0.006463007160611101,-0.0023169882964124144,-0.01595624094822612,0.0,0.00011928180591380677,-0.0034117617993994487,0.0,-0.023684219557008723,0.0406770019060933,0.0004082848914964132,0.02088134363665023,0.0,-0.005088127072826187,-0.021702906782763043,0.016976529172937738,0.0048732346709359775,-0.01740148110772821,0.008804518309644072,0.013510520757012201,-0.007241564744365714,-0.0034420577092757476,0.006614050449551101,0.008557212989634355,0.02553561960719858
0.013457406014338369,0.010308685290888242,-0.0013207243477850739,0.043743751944618714,-0.04057204927960811,-0.002059818976736849,-0.016137081961462463,-0.026089237252006625,-0.037693628894573616,-0.018966099257189062,-0.06562825511196366,-0.0036358162214722434,-0.008773833350981863,-0.05559317830116156,0.08173408437913243,0.007677514347243064,0.0007878712070564786,-0.0038553719212288673,-0.06947849160803729,0.06492546259944287,0.010966252527286613,0.028429573968214217,0.0,0.04811877640195855,0.011319327896872955,0.030921207164850417,0.009025222925151677,-0.0009036485194646726,0.011238197982323672,0.010581174474951716,0.0008792746196816248,0.00301790606629615,0.020379722438191195,0.005607043246348309,0.01583444566764014,-0.05048689329115713,-0.0019318432268183305,-0.026090673424169042,-0.005414054670142887,-0.011693391060760616,-0.005752276164737502,0.003090583684578707,-0.03952612538151712,-0.01111688271979272,-0.008640580340749882,-0.02997352112047147,0.007459647744745834,0.026209277899967853,-0.01209431412373757,-0.0010455915058298348,-0.01803302400652207,0.00815779142292794,-0.02084900948456886,0.0015029498856934387,-0.007775987583806876,-0.027606797709291142,-0.0077828808312112585,-0.006337736815984929,-0.048897099774171504,-0.021378785357011765,-0.013276105225815182,1.7670154829063645e-05,0.000789625266434002,0.02365938398175249,-0.0037300996485101767,-0.026106372118513577,0.003870774566639368,-0.01141337646628282,6.809725857293003e-05,0.008147757126591937,-0.00507809232912898,-0.012583889918941105,-0.0006063314052305868,-0.004608631624758774,-0.013503068321745526,-0.0020551955734706695
0.0327701733005778,-0.020786172129980518,-0.005850115164440006,0.006846653864219732,-0.015070810322455996,0.06924697327334445,-0.004169786321121194,0.044730083989143576,-0.016655712105236087,-0.01238574020553318,-0.03032364054370046,-0.008193146350072511,-0.011349345082091844,0.005411055296800804,-0.027507288699584298,0.0049156137934188715,-0.004201879626619998,-0.013131106111110513,-0.0203385401209758,-0.00716209881431229,0.0357815403848859,0.023140988866837353,0.04811877640195855,0.0,-0.002937475142063495,0.004497952849122189,0.04821526508243279,0.006529905311170592,0.06247977489641099,-0.009613849366704896,-0.001280511570772247,-0.04944932095340698,-0.06279020097425811,-0.034964398175333644,-0.05025465449179478,-0.11222973182369042,-0.04407457566791778,-0.04764083010926634,0.07169255665902613,0.006115854925369091,0.05052740734533556,0.05898458790187022,0.007114532891160319,-0.005325228934600246,0.002784131192045458,-0.0007298958711292602,-0.0010245102163584652,0.0,-5.551115123125783e-17,-6.979387436306661e-05,-0.0043954343257158746,-5.9806517901384026e-05,-1.6653345369377348e-16,0.0001243318078208988,-0.007434276326165168,9.146534996129496e-05,0.012557595397201304,-0.0035634054480567223,0.0,-0.00028684623700386824,0.011888404047670997,0.022717828782073124,-0.003386704865482204,8.505261664459862e-06,-6.769339785944739e-05,0.009387038562162997,0.005342818792724691,-0.00021046950959313637,-0.03125208195951873,-0.006649818840446686,0.0066178322736188955,-0.003495900051300904,-0.004985395588508412,0.004484657435825545,0.0,-0.007457411459488805
-0.0279260275108677,-0.001200079278774302,-0.0009111964321323329,0.0004570902400503618,-0.002897986904597416,0.015678267962606574,0.005334770325576388,0.04359704767227901,-0.009538539076961672,0.009751650998984007,-0.006685475248726647,0.0006116745431610782,0.002393939669716738,-0.005123508831651469,0.010403098331312977,0.020722185980686425,0.009609632976240401,-0.003452518673535021,-0.01104381862181969,0.019277180431649055,0.0016841164824361043,0.010632962594632256,0.011319327896872955,-0.002937475142063495,0.0,-0.009042017447674133,0.016762477731949,-0.0005033779713001785,-0.0003850250862741933,-0.007147578614067507,0.009406112923361576,0.023777388587927384,0.0015356687717181239,0.0024867825427178913,0.02688288377861031,-0.01071043982491443,0.002353744074434838,0.0031390080596023773,0.008219566621155583,-0.0015984424405154907,0.0030697389746175974,0.002136126492067403,-0.000855963777784241,-5.551115123125783e-17,-0.01453599156735541,-0.023961820254859267,-0.0049549293405179995,5.551115123125783e-17,0.0,2.220446049250313e-16,-0.003899098967195036,0.0003435693304374987,0.013285784998290251,0.00044954901099553135,0.010314451168196903,-0.0002460549237745524,0.007139952535713201,-0.005773241571645937,0.0,-0.036758832646846706,0.012206176842634253,0.009813880885478687,-0.010747819279878335,0.0,-0.00406898888581303,-0.0005500350202560234,0.007156124880385417,-0.0239697972621003,-0.054348685757080684,-0.014198188879376572,-0.011172595598335278,-0.005504469455455574,-0.003006580386486879,-0.010805903734376343,0.0,0.0012359753023239994
-0.009033424521318612,-0.0007552652732272791,-0.004764501399216747,-0.006025629200428595,0.02178865786383838,0.02169091687878033,0.0019244123165207405,0.042821493659333965,-0.013168763726203736,0.022815956332676246,-0.021984938134520515,-0.012169894761013988,0.002524053907561885,-0.005270233666250623,0.01375663507101138,0.02147647683255144,0.006564744653960786,-0.003202957203014112,-0.016921133824294554,0.03446184983331202,0.015449607870054838,-0.0018168676790712435,0.030921207164850417,0.004497952849122189,-0.009042017447674133,0.0,0.029471537606212184,0.004973325749315138,0.008847976347269138,-0.017538648249523503,0.018824553320070325,0.019534987942268045,0.0013672816449677438,0.011885688171594855,0.027222042880955866,0.02676291821761606,0.027779382980107348,0.00837267444854417,0.019254875785053194,0.0015841245299100248,0.003563073135124939,0.021820741932248533,0.015576326107888339,-1.0738218959527313e-05,0.0048402308666629645,-0.025191018724731062,0.014050962872555306,0.0036495881549155618,0.0,-3.912187338644957e-05,0.0013897579159491968,-0.0077339457905468145,0.010150267261469392,0.00918997539474764,0.019510391720725495,0.0,0.01779570835644223,-0.012287244188307178,0.0,-0.03644872712856995,0.0036692471540047955,0.010351234162015666,-0.006330329505903343,0.0,0.001982906212889546,-0.027982737721429507,0.017802738356662406,-0.014650009804071995,-0.03155155319656877,-0.005511016105855249,-0.007277968703836846,-0.011267924816861341,-0.00235357121708879,0.0032380232009628918,-0.00035235108906672696,0.006487405773432708
