0.0,-0.006371236906414002,-0.009214592813346745,0.0,0.01108172652366235,0.011270397304825819,-0.009803433348140878,0.015444240973144785,0.005171470699840308,0.02078176047932917,-0.0052025401768580615,-0.015990797141190394,-0.0036666043549946625,0.008196960921722618,-0.006599248306992211,0.006058783217736674,0.002109552689970595,0.013389308004437828,0.0,0.014959772733712795,0.018211333309378075,-0.002018507198710051,0.022900245311178846,-0.0014699483726688944,0.0128632288990429,-0.008058113267861655,0.007621830840323807,0.04343063246238271,0.019879305154912152,0.002811893259506759,0.019510636749901833,0.023817165456549494,-0.029303276857259974,0.010703116269646484,-0.01118533947971656,0.00955515250836203,0.00024259932600539935,0.018436103244377722,-0.005048733739921651,-0.003728149424965521,-0.014119344359717678,-0.033825209105124265,-2.623898422282611e-05,0.0,-0.014854240842333721,0.06635547543842951,-0.018729608363436345,0.0,0.0,0.0,-0.007183831306573185,1.1102230246251565e-16,0.00982801997784799,0.0,0.01797925790783156,0.0,0.024527845284924688,-0.007956716853666779,0.0,0.0099892721749964,-0.02022669037747371,0.001799771237028347,-0.010828418711732957,0.0,-0.0014716827107264518,0.018270595081569585,0.006884330884632084,-0.024343738482502764,-0.001478906009669434,-0.010395907890534184,-0.001258687760341437,-0.0012785341785344628,-0.0001379824031743082,-0.0027467220735304942,0.0,0.008776581229400338
-0.006371236906414002,0.0,0.015446979057169019,5.2309622511237386e-05,0.02134443589738988,0.005423631311694044,0.028078135436892526,-0.04495259513420524,0.01900820191092889,-0.008547760809636373,0.003952729713540826,-0.010384412521704911,0.02302127808584492,-0.007792663666018496,-0.004500985174832162,-6.955848269751819e-05,-0.011261713049503075,-0.0034757164950052766,0.010495668778611578,0.011441135463077512,0.009317213702928928,-0.0062534559321912875,-0.017786955307742935,-0.07655568107439176,-0.012649024232259387,0.013636615405838715,0.008260659605250242,0.02389071960019995,-0.00404043117370223,0.012160762481373322,0.010043285080187536,0.028839522144114726,0.010274127213800832,0.006700704736853136,-0.01427254959398594,0.04210201182119988,0.023133412373241624,0.0,0.00073904846150602,-0.006269508802406898,-0.012306460023191357,-0.01118939756600612,0.005063520001187316,0.0,2.220446049250313e-16,-0.005791819117756558,-0.01130019038760971,-4.6664099669802006e-05,0.0,0.0,-0.012559484221390638,-0.0007902576027941643,-0.07490442077212789,0.006038133629710285,0.008748165297236044,0.0,0.01029580187101431,0.001049207441315314,0.0,-0.008821400972559179,-0.014757540482716491,-0.003407690440372757,-0.014732351908433305,0.0,-0.019118505500389127,0.015064349777784702,0.004725454615245428,-0.036159468297001895,-0.014363352706744714,-0.028198939685253555,-0.007841067430274185,-0.009333414497221582,0.00968523484344369,-0.0019757472154878775,-1.1102230246251565e-16,8.78533364833678e-05
-0.009214592813346745,0.015446979057169019,0.0,-0.0034924944632091504,0.025042087777763344,-0.013533841753171238,0.009463334490624253,0.013246399915993967,0.03186862495169229,0.003724195277748088,0.011241483689092169,0.0017148934427727025,0.0039365954553167715,0.00018287618318935106,-0.0007582730820010486,0.04545169913260105,0.0026969488021599264,0.016590386894275944,0.029856410026344538,-0.00859325746842654,-0.0010753821990650003,0.011089920245382356,0.007414314129191746,-0.0031376431476975997,0.0011946104554245718,-0.006673895395049312,-0.017920282855279468,0.0022722308865928964,-0.004342013355577878,-0.00426493748912371,-0.010842115859098833,-0.01426355219865344,0.0024056111039791883,-0.015125497283279388,-0.031120181129646873,0.004910762530469459,-0.008628599670346626,-0.0020267639218357614,0.0065655094883699805,5.373858384394303e-07,-0.0010979878188697167,-0.021622625818332963,0.02527140697278768,-0.040740159701039114,0.0,0.0,2.572012464219231e-05,-0.13375251222733842,-5.893345992213916e-06,0.03628245836949573,-0.00762379610204289,0.015402332758962856,0.018762880755931133,0.03636592829426699,0.0009924143498488691,-0.15121181404319245,0.006417903903998545,0.017287715924681923,0.041721096080214126,-8.014694887331641e-05,0.0,0.0,0.0,-0.17294954079833705,0.00750279318693009,-0.0027966332623092782,-0.00019842389737845245,0.023574317820687196,0.0,6.846212568256682e-05,0.0030400441324761607,-0.018149347480415967,-0.0059380610560201275,0.0011842193097042486,0.00601226137719324,0.023682110248518407
0.0,5.2309622511237386e-05,-0.0034924944632091504,0.0,0.03535459540289543,-0.007194528713691639,-0.016083808351402495,-0.011261853799154675,0.0031127067441827916,-0.03288830974082044,0.008684948222000943,-0.010634097715839397,-0.022178832484087863,-0.06559744515575469,0.012507721016118245,0.00016968018171431565,-0.005342195205265077,-2.683646493822911e-05,0.02485427583990396,-0.03289831968103113,-0.00010432830478207533,-0.008118595958386265,-0.011921739934455389,0.007438206904720912,0.0005007768282955238,-0.016577298214562164,-0.00875613455508828,-0.01915107138863173,-0.007437619818490615,-0.0014193319772849988,-0.025355816335314973,0.037894804325306175,0.11083399383033682,-0.0175705620452849,-0.0011344010891289336,-0.04959632810905146,-0.010329905828476899,-0.028621625223635594,-0.018380905619024723,0.0006510933292355192,0.008528269884031714,-0.012258783166129161,0.0034436876787171666,0.0061256137569205005,0.0,0.0,0.0,-0.0003352697492317036,0.0,0.0,0.007130450131682564,2.220446049250313e-16,6.141882354671058e-05,-0.00035663329578572434,5.551115123125783e-17,0.006711293152455222,0.0018280058340260363,-0.00022411475022315885,0.0,0.0,0.0,0.0,0.0,0.0,0.0,0.0,5.415292963079077e-05,-0.0023791314116702877,0.0,0.0,0.0,-0.0029207740500206136,0.000803979827798118,0.00234618770692141,0.0,0.0
0.01108172652366235,0.02134443589738988,0.025042087777763344,0.03535459540289543,0.0,0.01673966819455741,0.0041466665193051755,0.022845004672216174,0.0016369882547503933,-0.026009844595409615,0.0002471041011490871,0.01001800617412757,-0.015761811443650076,0.012996315864433006,0.008753962039474927,0.017618998604494118,0.00398194314895417,-0.008309120020145,0.028511015152932806,0.002860435345554857,0.0029327602585420554,0.003109963470078303,0.008234283162551315,0.012909698818769189,0.020602007275488943,0.005308155309077467,0.012514128507685629,-0.021259951460921966,-0.006991269432355507,-0.0004466589362747131,-0.018712092465544394,0.04487774999562277,0.0008690384889677438,-0.008444511520788844,-0.06502088138251144,-0.027309730304699326,0.006195021748889029,0.019360438516980938,0.008423159618385578,-0.004738961013132426,-0.03464261989549694,-0.013467437870453791,0.011087147599503744,-0.035497735863139035,0.00017360127889526344,1.1102230246251565e-16,-0.007317543582120445,0.006185438844309887,0.0,-0.00625764665252998,-0.027767100237850617,0.0049993372495829025,-0.00015852332728066854,0.0826403164370152,5.551115123125783e-17,-0.003517811155940187,0.00440165006899651,-0.00852238606059863,0.009473584719637607,-0.0020592932719164514,-2.3884663450102206e-05,0.0,-5.551115123125783e-17,0.02177755634252293,0.0020420432703467384,0.00013710801766664282,0.00887706602358107,-0.0034735865023088897,0.0,1.722923881014582e-05,0.00344591841731573,0.015075075209910804,0.006152179463105978,-0.0034701454499176387,1.1102230246251565e-16,0.013612725964034844
0.011270397304825819,0.005423631311694044,-0.013533841753171238,-0.007194528713691639,0.01673966819455741,0.0,0.012093573727478324,-0.0037480580311359812,0.004821289886778601,0.01530004924985423,0.013190350118859384,0.008585665950760546,0.0014746627057083406,0.001298628793847012,0.007124462850125801,0.002145236032548903,0.00472055320374537,0.0022986501384137936,0.008604159884939677,-0.00427653946571227,-0.0052219925529810585,-0.008083676378294435,-0.005041001697167924,0.005084836489185729,0.007763509592130513,-0.006231397281435125,-0.0017784176684299546,-0.002516315753596954,-0.04370876524493811,0.011228692966100406,-0.010837381149665315,0.00022970913465175657,0.001249711823583799,-0.016829653710438874,-0.014143197944375574,-0.01035426906915049,-0.015983045287247033,-0.026903308409463644,-0.02260836999353799,0.006994127589058652,-0.018425662801731746,-0.01576380009847128,0.01835868672170049,-0.02455435757394614,-0.01478144607209031,0.005612261057279577,-0.005121594540987984,-0.012561649560156263,0.00689849934851694,-0.0006343877766213923,-0.026506665847744637,-0.02308535839512804,-0.030518532396526576,-0.019562905623123905,0.013422289827983658,0.007281163836868498,-0.010264913188799463,-0.01779203178703087,0.07108679345431385,-0.02141380286329747,0.0003671412400298446,0.0,0.008247817476865038,0.00981348485334188,-0.020187544131294255,-0.034557453257137105,-0.0015122953985582943,-0.01646164137609607,4.5533187870372416e-05,0.009260299830629815,0.0029009384507576175,-0.037127561216444394,-0.01680246101961297,-0.022787393792101596,-0.04259411759910903,-0.01971159477253348
-0.009803433348140878,0.028078135436892526,0.009463334490624253,-0.016083808351402495,0.0041466665193051755,0.012093573727478324,0.0,-0.003015911832495888,0.007512715520229862,0.0026100196446179336,0.00862634675142726,0.026687931882477978,-0.012455462853569521,-0.0011987502557738727,0.0004329737178863091,0.03509608864304897,0.01905453136347851,0.03523041437976654,0.018859731459847373,0.015569803101982582,-0.007528809333194109,0.022456064354824112,-0.0016208947746049196,-0.007032368219973495,0.028466892536001875,0.027057442083613825,0.007790188916501795,-0.017546638164486983,0.004403876963078812,0.008560320517908948,-0.015593888867535766,0.012666905740225387,-0.002506372647653521,-0.009274014464274727,0.017998741843251953,-0.030295989370782206,-0.02393131478557653,0.037311792487285944,0.01254726010258228,-0.013920770457898302,0.003566050767324247,-0.03605407192919491,0.017060100085181717,-0.0371642037579516,-0.022684063938734844,0.0,-0.0016925062385426681,-0.016320273345301284,0.0,0.012562686164191428,-0.030107697436914826,0.013146555343771293,-0.0074032404606362845,-0.0003797018791628082,-0.0005700631048678462,0.013015978981852139,0.003221011033659793,-0.005781925355817896,0.0055615459434005254,-0.022390886810202182,0.010760350239603811,0.0,3.725092380629791e-05,-0.015660047376217845,0.017175703885083715,0.0006452467631273828,0.004361749362017775,-0.012304614096691147,8.278987013315975e-05,0.004539899953070137,-0.004065341343039042,-0.029508209628082316,0.0056728333647461104,-0.013764297240748513,0.0014603911489527999,0.004451200044088277
0.015444240973144785,-0.04495259513420524,0.013246399915993967,-0.011261853799154675,0.022845004672216174,-0.0037480580311359812,-0.003015911832495888,0.0,0.027328729695380805,0.04416616363500958,-0.02619268149023657,0.011459425605722273,-0.010496202575908775,0.009842368291494485,-0.018953731303625987,-0.03277173812198486,0.011257261484097614,0.03523621374160568,0.06736872745940614,-0.0063987207866834095,-0.028398987188184843,-0.038670045702702494,-0.015397427150259324,0.015549542081164991,0.039403814071790555,0.018363482876415094,-0.011996987957992644,0.000801455872247836,-0.03920322725880826,0.013137146424897772,-0.019534304878101094,0.03987860349932787,-0.04426281984784497,-0.022245467741758895,-0.0047197964844651885,-0.033699810128449886,-0.031779956056240455,-0.02136158963966922,0.0013985483519485808,-0.002863256882105536,-0.00621454502268326,-0.028530306094772306,0.04229007508506866,-3.854590052781992e-05,0.0,-0.01288735814132047,-0.017861293858985217,0.039530067781876954,0.0,0.019236739545381965,0.0017401807372724454,0.00803042812115462,0.03922916414049532,0.037905187899682335,-0.00010781530176501297,0.023063303777115907,6.634383897324847e-05,0.016565392420532454,0.04206342627578613,-0.014219029191320176,0.013097470909609499,0.0,-0.0002720752123973047,0.06229463869707641,0.002949618799043763,0.09535559591757914,-0.050367138809502554,0.03551623975937784,-5.551115123125783e-17,0.004836883658674462,-0.019786424086792043,-0.010052625562409323,0.009777042647684031,0.017778475146277672,-0.017535988900032273,-0.00018332778521545912
0.005171470699840308,0.01900820191092889,0.03186862495169229,0.0031127067441827916,0.0016369882547503933,0.004821289886778601,0.007512715520229862,0.027328729695380805,0.0,0.005175547493256549,0.021549675614620456,0.011300619125158007,-0.008059547048142712,0.01946124805519156,0.02143245918906067,0.025417271573938527,-0.0017584933813084014,0.013098450896486868,0.05324500486423761,4.314672433813893e-05,0.011230292269359121,0.002847286612285893,0.03250784095235426,0.0026347321939534374,0.006086141038146309,-0.007211866801554889,-0.028786585110339213,0.000700452974142618,0.0011949815164029598,0.001160383400245102,0.003495162723653189,-0.00042284912012252596,0.0034361023676001134,-0.0018644067036213685,-0.015457948848702052,0.009670394795293524,-0.003780450988920825,-0.008380940682870264,-0.0825084489861515,0.01060338084486917,-0.0016978867245359686,-0.01264090809955054,0.08620578907741328,-0.033368771567104216,0.011546383804885818,-5.551115123125783e-17,0.011291624634036379,0.01459584137177139,2.8311910479361657e-06,-0.04992481160221385,0.0029533944883156638,0.0011322244840453743,0.013692141765421106,0.0248699774990776,0.013709156390570854,0.021805356071623927,-0.003747178975457399,0.005051663408819351,0.025777565347240516,-0.003808736852215555,-0.0014576553862028496,0.0,0.0,0.045864417692143555,0.009924287133196652,-0.0009609182775947578,0.010364754217665695,0.024948963653476874,3.484438225570541e-05,0.009737031049903144,-0.0066359927045109846,-0.0007328003196652721,0.006141601488287796,-0.002743903322390051,-0.014135862580694991,0.004952834306161669
0.02078176047932917,-0.008547760809636373,0.003724195277748088,-0.03288830974082044,-0.026009844595409615,0.01530004924985423,0.0026100196446179336,0.04416616363500958,0.005175547493256549,0.0,0.011549981713332602,0.013788460304464067,0.01014956892621649,0.030813430798540486,0.01285168730266445,0.01747814416323651,-0.001988940132896855,0.007767847193899169,0.017021926803967413,0.004084015936172247,0.03801492312681731,-0.01090880391313026,-0.01856286663768575,0.00866162244101143,-0.00027195459180390236,-0.006963565430016583,-0.0025828803906057796,-0.02043001837023467,0.011692479680476542,0.002524042790774672,0.0055199424070240255,0.002185614547327852,0.02803975880419446,0.009342924279511167,0.005839027410505737,0.07029521245294573,0.047080086467851,0.027242457769043993,-0.007287575142373215,-0.008376745444287959,0.018541701069344607,0.0724500865115516,-0.001349403646567937,0.0056686753002678225,-0.011202436038134866,0.021713349393875703,-0.016652632091740893,0.0003093315811695252,1.6075894977929384e-05,0.0003719296653530435,0.002341196834308945,0.009281271733629026,0.0025976351005920217,0.018497017742671484,-0.015117539260639856,-0.004916787378666743,-0.001729209052080627,-0.0020282146835989834,0.0,0.0004548359861495932,-0.015172020287459564,0.00019087456755523258,-0.0014971270228095745,-5.284230921609456e-06,8.585539959282684e-05,-0.009128074590258273,0.007168097839292953,-0.0004990476966308943,-0.004921126377755325,-0.00639097166330066,0.008250085773269689,0.0015245453208995174,-0.008183490235416924,0.015491575161053095,-5.551115123125783e-17,0.003995202226242445
-0.0052025401768580615,0.003952729713540826,0.011241483689092169,0.008684948222000943,0.0002471041011490871,0.013190350118859384,0.00862634675142726,-0.02619268149023657,0.021549675614620456,0.011549981713332602,0.0,0.0037559838060436945,0.0033437602547670142,-0.026395499409565037,0.0,0.00011319883678567733,0.00398330941684949,0.002176087668272042,0.03902956440842309,-5.328912091573379e-05,-0.0056035014123561044,0.0024396963685808237,-0.06406079012148205,0.012386587149769146,0.010826862741605658,0.0012006079887623144,0.00702035014366037,0.011690317148067397,-0.006374247582443593,0.00953302760478264,0.016573303261229022,0.0713230150114329,-0.010080685657863353,0.02492551051895736,0.01482595654505442,-0.02124230183655096,0.020692668100815492,0.018163734994992076,0.017089041183313225,0.00622044917578235,-0.016783194666843082,-0.010341293699053511,0.031952731811788426,-0.0029061361256625395,5.859718994594143e-05,0.0,1.1102230246251565e-16,0.10174987659698115,5.482256084099468e-07,0.029143956936484083,0.010838680952099056,0.0432866438213948,0.04052470620285342,0.053186911613745724,0.0001961584137974981,0.042265755974125296,-0.0131309377074324,0.022147084182428833,0.05152253655257144,5.551115123125783e-17,0.0,0.0,0.0,-0.03288443445581174,0.005374707852425831,0.0,-0.00011367141332729869,0.03429740041989027,5.551115123125783e-17,0.0,0.0001977691191092923,-0.007379208769367596,-0.019578417471051657,-0.021037824770737623,0.0,-0.013387788970149417
-0.015990797141190394,-0.010384412521704911,0.0017148934427727025,-0.010634097715839397,0.01001800617412757,0.008585665950760546,0.026687931882477978,0.011459425605722273,0.011300619125158007,0.013788460304464067,0.0037559838060436945,0.0,-0.006724039250258607,-0.009371162457042115,0.004492860575890101,-0.011677324865753236,0.005748454723486951,-0.006187399782993319,-0.007330926463294751,-0.025082448098948384,0.0228345590611031,0.00487218679064888,0.03078571548277559,0.010182697927411277,-0.0037388596197293067,0.0027547294009788725,-0.0007770434694566175,-0.042863223207973755,-0.0062132441267524485,-0.04263763981619112,0.006565474550261352,0.005387300001697293,-0.013107236965648694,-0.009236126621859408,-0.03010528038095206,-0.007846103507614999,-0.0071045840573825125,0.008107819226115281,-0.021958702854086964,0.03152111192621382,0.0614045132660177,-0.023190384057414692,0.00989764117806713,-0.0016920170981953864,0.018031316039434364,0.01944479125339532,-0.007540845150918185,0.005892853217505212,-0.011630356933429231,0.0105870253948383,-0.015556422534635739,-0.040320250805273516,-0.00032998207804513235,-0.002034638125017918,-0.0018218015118540154,-0.012178776776661626,0.010096375289701365,-0.014382572602688382,-3.463809675485763e-05,-4.55812322108784e-05,-0.013059798616165408,-0.005257983026113799,-0.0054243451116071095,-0.01647535996813876,0.005313954297558543,0.007314824885840343,-0.0007309439817033692,-0.02223609250347952,0.0066914909478780205,-0.009097591003297933,0.015698894685562625,-0.019510730408774157,0.007539516374490907,0.002828171918105138,0.0,0.03286610643104748
-0.0036666043549946625,0.02302127808584492,0.0039365954553167715,-0.022178832484087863,-0.015761811443650076,0.0014746627057083406,-0.012455462853569521,-0.010496202575908775,-0.008059547048142712,0.01014956892621649,0.0033437602547670142,-0.006724039250258607,0.0,-0.0005693642342892158,-0.01111901188617409,0.03168746711056292,0.012902405262341987,0.03122646433361209,0.004825798798876346,0.015457432145753514,-0.009653450038264122,0.017763752549671996,-0.005811852288906572,0.0032598220673616396,0.021520043177928216,0.034633591136786435,0.0017616589469877653,-0.0086155427204338,0.011200998661929196,0.01776512160125221,0.00272140102109919,-0.0014168254413868264,0.009790944853029615,-0.002756722341382467,-0.01813779932963927,-0.04317363657587292,-0.039440230595724546,0.0005330273602598967,-0.06534771676406709,0.004971873795367399,-0.007358087163644833,-0.02154755147756826,-0.0007840100496007696,-0.040780598541731494,0.014374308363309718,0.0024377037934049106,-0.00196461109961521,-0.02493580921679639,0.0,0.0009872642004227217,-0.020963925366428604,0.0028906157248711484,-0.001935400966663725,0.007355220366946802,0.003824287758888656,0.02464851561990722,0.024180501283270428,-0.00750256683251016,-0.0024485497595824746,-0.0014686107124591286,-0.0041249160555625886,-0.008505742752146217,-0.00022640179558675033,-0.0055283912912552635,-0.008224624151143167,0.010811384948063385,-0.00529368604916769,-0.011380261575384965,-0.003663976029323057,0.005530792534899187,0.0004489141838517896,-0.01913927517362557,-0.0007052664696488575,-0.002445596497445135,0.007702850225982716,-0.0005537311118291033
0.008196960921722618,-0.007792663666018496,0.00018287618318935106,-0.06559744515575469,0.012996315864433006,0.001298628793847012,-0.0011987502557738727,0.009842368291494485,0.01946124805519156,0.030813430798540486,-0.026395499409565037,-0.009371162457042115,-0.0005693642342892158,0.0,-0.01840337908893197,-0.00043726753398626306,-7.36656047004014e-05,0.00010968244754894219,0.02140157952328281,-0.017522943521797174,-0.017555346590877152,-0.004555740642745776,-0.021924921959222576,-0.01978259892555695,-0.019914416817106484,0.017082579150979882,-0.01109533769212706,-0.053619058711284695,-0.005012923115777723,-0.009197935188285655,0.025494500553823685,-0.011319896253822015,-0.04408085096556286,-0.012167125558411318,-0.011273544607890873,-0.03925925947722647,-0.02520290232090308,-0.020709375531125174,-0.008820078534328368,0.0,0.0028704114775520706,0.0001806513488132322,0.025479154431525874,-1.5780667324549746e-06,0.0,0.0,0.0,0.04179767409154911,0.0,0.012025495427193389,-0.005193012876472558,-0.006765964830172222,-0.03762211249862679,0.02438687158728281,0.0,-0.0020774825004177266,-0.00024961140198087595,-0.006520229015719803,0.008248297769890944,1.1102230246251565e-16,0.0,0.0,0.0,0.10700988070534112,0.0,-1.1102230246251565e-16,0.0,0.06578929558737412,0.0,0.0,5.551115123125783e-17,0.019395880140818833,-0.00267012827099522,1.1102230246251565e-16,0.0,5.551115123125783e-17
-0.006599248306992211,-0.004500985174832162,-0.0007582730820010486,0.012507721016118245,0.008753962039474927,0.007124462850125801,0.0004329737178863091,-0.018953731303625987,0.02143245918906067,0.01285168730266445,0.0,0.004492860575890101,-0.01111901188617409,-0.01840337908893197,0.0,0.0011962535643831318,-0.0190744794355297,-0.01931414498645584,-1.1102230246251565e-16,0.011082292064238719,0.004383078168089027,-0.00012079780669482787,-0.02299728332992207,-0.005062541384248331,-0.015983706627390182,0.01401258889437701,-0.0010725917761918446,-0.014009133273406194,-0.013811725758551274,-0.006628054436068231,0.0037347867809518487,0.017739241137862183,-0.006584966508219603,-0.005207954930689096,-0.00893934569040844,-0.00469681701625041,0.0048367421653205955,9.671023371748966e-05,-0.017119219274104425,-0.03508421298376063,-0.02970720578353453,-0.02956280166308073,-0.025197714716132746,-0.004116103513472691,0.0,-0.0047564583502870406,-0.0452658288406953,0.00799367085778735,0.0,0.0,-0.022760628116345605,-0.0007070436234075661,-0.05752334843955115,0.003094100224558305,-5.551115123125783e-17,0.0,-0.009309112045017998,0.0022640056411095677,-8.986819809431168e-06,-0.035103186926003505,-0.04784031057217941,0.00031413193794554983,-0.01263944580455123,0.0,-0.04080447094228318,-0.006781375276835477,-0.02809000760195718,-0.046553897256671084,-6.765283708515257e-05,-0.06808143511632586,-0.03144085934934804,-0.0340051162298492,-0.01150887420426605,-0.05874281771308826,0.011171875047807978,-0.014267977859984626
0.006058783217736674,-6.955848269751819e-05,0.04545169913260105,0.00016968018171431565,0.017618998604494118,0.002145236032548903,0.03509608864304897,-0.03277173812198486,0.025417271573938527,0.01747814416323651,0.00011319883678567733,-0.011677324865753236,0.03168746711056292,-0.00043726753398626306,0.0011962535643831318,0.0,0.010969291389667957,0.009771333615253286,-0.00013947573663847246,-0.011968591854736088,-0.005411848912533546,-0.022042315250629385,-0.005074313723613777,0.044058847214585695,0.006970955954595903,0.005305263590732967,0.019973545480223842,0.03215480265548315,0.014696355011663498,0.0395657769440938,0.022665734673419813,0.03287259950428195,0.03727128598598384,0.01691529693285937,0.0028386559033404257,0.02997594362753897,-0.002445883290203732,0.02264989941135992,0.0018620986215755475,-0.0054288661316931885,-0.018888733288665693,-0.013906124410623888,1.1718127351401098e-05,0.0,0.0,0.0217357262713867,-0.010374782859907727,0.0,0.0,0.0,-0.006682392948649307,0.008654278532679582,0.010208029289155984,0.0,-0.008490066105792338,0.0,-0.015487583500566726,-0.0015114277797320663,0.0,-0.03589931556563969,-0.015342100144769721,-0.006089216318572344,-0.0003013988278612323,0.0,-0.025700013195443128,0.0416416893159523,0.0070171039957724335,-0.015092977103038863,-0.00016841541326645393,-0.003827237411793416,-0.008680405595564489,-0.012673183491986983,-0.0027493323699728234,0.0101131447670319,-1.1102230246251565e-16,-0.005520986987447962
0.002109552689970595,-0.011261713049503075,0.0026969488021599264,-0.005342195205265077,0.00398194314895417,0.00472055320374537,0.01905453136347851,0.011257261484097614,-0.0017584933813084014,-0.001988940132896855,0.00398330941684949,0.005748454723486951,0.012902405262341987,-7.36656047004014e-05,-0.0190744794355297,0.010969291389667957,0.0,0.007513357498826756,0.006985450400199988,0.004210581956385018,0.04252281499523236,0.004990261329215151,0.017808358094584698,-0.010416747834311457,-0.02443505898749715,-0.0030640648360754086,0.0034144909449049243,0.010134822511827679,0.0006342045059401502,-0.012263460788366376,0.017408399199701108,0.0033597930904710194,0.013126056851821277,0.010672616800736334,-0.005902339756377606,0.030300256426335603,-0.010787440759802314,0.02657277934665614,0.025341816840982023,0.040137500648069924,0.039146002210847464,-0.0020654248847780665,-5.551115123125783e-17,0.0,0.02136791516985226,0.059551082389173005,-0.02268980864152198,0.0,0.0,0.0,0.0,0.0,0.0,0.0,-0.017748438436251623,0.0,-0.008364515844894893,0.00802960520913032,0.0,-0.00013090159200257467,-0.018860748924049764,0.008051958640764079,0.00014321728276833756,0.0,1.1102230246251565e-16,0.0,-0.016780259516937568,0.0,0.0042227391698382855,0.0019267697658749139,0.01133937906041066,0.0,-0.005173343386129126,7.062009621267018e-05,0.0,0.03412575221134723
0.013389308004437828,-0.0034757164950052766,0.016590386894275944,-2.683646493822911e-05,-0.008309120020145,0.0022986501384137936,0.03523041437976654,0.03523621374160568,0.013098450896486868,0.007767847193899169,0.002176087668272042,-0.006187399782993319,0.03122646433361209,0.00010968244754894219,-0.01931414498645584,0.009771333615253286,0.007513357498826756,0.0,-0.0012584162307560653,0.007437401013092371,-0.00937658327640506,-0.00313935183318792,-0.024440208425715704,-0.010087690106159675,-0.004143383533208422,0.004747611662148599,0.00595447397013249,0.02213787220596375,0.041653721158591506,0.06509506457861675,0.012753452437634538,0.025909898501079554,0.023066948076912508,0.015148199398806184,-0.0014096860342752704,-0.009709006540872034,5.4155722385762495e-05,-0.016719626744617577,0.000882524268429663,0.010686553477234684,-0.0005252362127916022,-0.00631944314387245,0.0,0.0,0.01633427259661019,0.03395574524211814,-0.013773765660553994,0.0,0.0,0.0,0.005451713146712112,0.00022839206640090648,-0.00040677556581664165,0.0,-0.014348805981058976,0.0,-0.004149040400448223,0.0014236804667683844,0.0,-0.05311023386921887,-0.017988624042001966,-0.006203397302195823,-0.004924870069129339,0.0,-0.0029063116844544323,-0.005887795436518628,-0.007322246397913734,-0.014618474792084224,0.002050114162075345,-0.0011275712639357005,-0.002131578447742921,-0.009632578533287028,-1.2997593258623485e-05,0.01255561492456897,0.0,0.011364005977281988
0.0,0.010495668778611578,0.029856410026344538,0.02485427583990396,0.028511015152932806,0.008604159884939677,0.018859731459847373,0.06736872745940614,0.05324500486423761,0.017021926803967413,0.03902956440842309,-0.007330926463294751,0.004825798798876346,0.02140157952328281,-1.1102230246251565e-16,-0.00013947573663847246,0.006985450400199988,-0.0012584162307560653,0.0,0.00030222027796300566,0.008319763792816626,0.008928602068382196,0.047752463822240465,0.0002980722028995131,0.006597800077514648,0.004042991012179309,0.005550834239900493,0.007735028567785851,0.006032240217081708,0.01069923340056722,0.003917959451342767,0.015102309136303782,-0.009472475371935518,0.00441602799942703,0.016729207126969015,0.02460004870283572,0.019380535935365928,-0.019122553933556774,-0.008592372159985595,-5.514719531085621e-05,0.003661881151127533,0.004811946816442203,0.05190423005593103,-0.01763644575266149,-0.0005366593158032673,0.0,0.0,0.11074935623702431,-5.551115123125783e-17,-0.025269143168724806,0.005635828973820645,0.01692991123087273,0.03413285395640886,0.04457472384282046,-9.52145665682469e-05,0.09615494589671092,0.002624079529576495,0.0020775671537236473,0.03898118773172288,2.220446049250313e-16,0.0,0.0,0.0,0.08218905201478532,6.079021974569887e-05,0.0,0.00011431382392745881,0.040248408549059755,0.0,0.0,-5.551115123125783e-17,0.008249725932047203,-0.011618926190702594,-0.01551243465207891,0.0002095778239302737,-0.027805167391209085
0.014959772733712795,0.011441135463077512,-0.00859325746842654,-0.03289831968103113,0.002860435345554857,-0.00427653946571227,0.015569803101982582,-0.0063987207866834095,4.314672433813893e-05,0.004084015936172247,-5.328912091573379e-05,-0.025082448098948384,0.015457432145753514,-0.017522943521797174,0.011082292064238719,-0.011968591854736088,0.004210581956385018,0.007437401013092371,0.00030222027796300566,0.0,-0.016910167402247545,-0.027017263490014487,0.041215360830494985,0.06640589616451331,-0.0007840576341990868,0.02347318492228201,-0.003955955208304662,0.021408051163821662,-0.004239988058707733,-0.04831724185121078,0.013440056016325419,0.03140642565377916,0.040748878498122865,0.016387865616108388,0.01777500219798367,0.0001684343255811127,-0.007695516834797356,0.01433074633557152,-0.02132742588144393,-0.020147628782420435,-0.016608521441247026,-0.06517301326149094,-0.040598491200968256,-0.020192796012731995,-4.3654613649968255e-05,-0.010932961635580496,0.002583633619270276,0.009915613814124424,0.0,0.0,-0.053721308209914886,0.0078209747078134,-0.012170846737398044,-0.003962478572187733,0.0005168911930010234,1.1102230246251565e-16,-0.004622085645095364,0.0035424907084087853,-1.1102230246251565e-16,-0.044758145492166335,-0.005353679806889333,-1.8641011631737037e-05,0.004655087132726998,0.0,-0.032003630635069,-0.02658547017111096,-0.03888323290782253,-0.03230603726694492,0.0,0.004411374794933809,-0.01229859921969173,-0.024788753834647348,-0.01181218821156782,-0.026588760154167168,-0.0021301150518251988,-0.011058668700721086
0.018211333309378075,0.009317213702928928,-0.0010753821990650003,-0.00010432830478207533,0.0029327602585420554,-0.0052219925529810585,-0.007528809333194109,-0.028398987188184843,0.011230292269359121,0.03801492312681731,-0.0056035014123561044,0.0228345590611031,-0.009653450038264122,-0.017555346590877152,0.004383078168089027,-0.005411848912533546,0.04252281499523236,-0.00937658327640506,0.008319763792816626,-0.016910167402247545,0.0,0.013129553965413099,0.005386708567452381,0.04153496479817825,0.015144553876827338,0.016456828571770388,-0.011901679297834977,-0.023812619508516097,-0.03392308547393447,-0.04432449191940191,0.00801789311201856,0.018358568132063657,-0.014162513100042795,-0.0027803275267342387,-0.021070317808177308,0.023239942892965493,0.010004054108465943,0.023915735523129866,0.008394590973207439,-0.0035901431028629305,-0.0194391665865572,-0.01053896126638576,0.018769961947438518,0.0,0.0,0.09932255685589991,-0.0003597605987937791,0.0126501943753205,0.0,0.0,-0.02928473392875136,-0.0028310143922309905,0.010525158516067556,0.004539052222065132,0.0017000394006270736,0.0,0.037191097738585144,0.01903340545721266,5.551115123125783e-17,-0.012607221029848681,-0.004576010078966186,0.0,-0.01948431579328258,0.0,-0.0350111673916908,0.06584687168148351,0.0010975207050638036,-0.014194130328867016,0.0025342376387805787,-0.02369487995613706,0.008490836492200726,-0.016821502816950662,0.00039651249640626496,-0.02966461212920768,0.011009391599553997,0.0003942118986907661
-0.002018507198710051,-0.0062534559321912875,0.011089920245382356,-0.008118595958386265,0.003109963470078303,-0.008083676378294435,0.022456064354824112,-0.038670045702702494,0.002847286612285893,-0.01090880391313026,0.0024396963685808237,0.00487218679064888,0.017763752549671996,-0.004555740642745776,-0.00012079780669482787,-0.022042315250629385,0.004990261329215151,-0.00313935183318792,0.008928602068382196,-0.027017263490014487,0.013129553965413099,0.0,-0.01287910371026707,0.04062641782608961,-0.017507154129450253,-0.007589311040159863,0.007851013810727447,0.03240098280191567,-0.002102892518358712,0.060023631150670886,0.01874664838618073,0.03583942781341293,0.02582392581398557,0.011705361788717394,0.005014529813634094,-0.0037059657012874503,0.011391734828472222,0.03086446774731738,0.006828049404320802,-0.011421529465806657,-0.008712456143628866,-0.0056836271763000545,-0.019384790289991127,0.004986940186044342,0.00013626578225184316,-0.017146331058913333,-0.0061247023772105225,-0.006560400641733022,4.941742034081376e-06,-4.513576573345057e-05,-0.02628814249609862,-0.0006127098310935164,-0.04159529424881414,0.006919113863605497,-0.012518382202956313,0.0,-0.0016766342361825837,-0.008448719897168222,0.0,-0.02869985686264165,-0.007887066305860169,0.010320794034187952,-0.008032168671259332,0.0,-0.03914606971897849,-0.008502895062896365,-0.011496386275642145,-0.048260756002368954,-0.018614918296476324,-0.030389960640514857,-0.007410186984609102,-0.026351008683172084,-0.023217231541530325,-0.040002089342362324,-0.008851542469375195,-0.010166447751317809
0.022900245311178846,-0.017786955307742935,0.007414314129191746,-0.011921739934455389,0.008234283162551315,-0.005041001697167924,-0.0016208947746049196,-0.015397427150259324,0.03250784095235426,-0.01856286663768575,-0.06406079012148205,0.03078571548277559,-0.005811852288906572,-0.021924921959222576,-0.02299728332992207,-0.005074313723613777,0.017808358094584698,-0.024440208425715704,0.047752463822240465,0.041215360830494985,0.005386708567452381,-0.01287910371026707,0.0,0.024343591689676702,0.007344652668181018,0.012532261682442092,0.007992308816150706,0.002239295369546923,-0.027173143274164258,0.0012129066085505014,-0.01056520199019223,-0.00422970300132991,-0.0181899678384142,-0.02047514288925445,-0.02389848033934927,-0.013522422833249892,-0.019728474315708566,-0.03561911665977591,-0.017660533856012406,-0.050428275612434015,-0.029436684843189842,-0.02230089246345901,0.02126589583217281,-0.006158800543444087,-0.00904718286571643,0.00011836498624084868,-0.043970308442619566,0.04252528614075857,0.005058156788996682,-0.004914500685892609,0.004195879846739969,-0.0037457915600076497,0.0067784724642490635,0.016174329079008953,-0.0078167669995583,0.005804593577342421,0.006220050678637068,-6.182824540679199e-05,0.016289477868771662,-0.049980404986235516,-0.04325616358800627,4.534632237063185e-05,-0.0027193434273126704,0.05989133772247246,-0.029659279464835153,0.006733156142936292,-0.03901712069336499,0.012582562998657676,0.00017475569793662382,0.0036842341867271977,-0.015496801937031957,-0.01964880044264561,-0.0010875619731378627,-0.014962232679356202,-0.0284578059835508,-0.010132478887244778
-0.0014699483726688944,-0.07655568107439176,-0.0031376431476975997,0.007438206904720912,0.012909698818769189,0.005084836489185729,-0.007032368219973495,0.015549542081164991,0.0026347321939534374,0.00866162244101143,0.012386587149769146,0.010182697927411277,0.0032598220673616396,-0.01978259892555695,-0.005062541384248331,0.044058847214585695,-0.010416747834311457,-0.010087690106159675,0.0002980722028995131,0.06640589616451331,0.04153496479817825,0.04062641782608961,0.024343591689676702,0.0,-0.020154884663212025,-0.0119916875310343,0.028960188807677978,-0.018797585156869356,0.029164393104613884,-0.010280771157999136,0.008549809590927382,-0.021436011800529176,-0.023775469907313856,0.007793092434034532,-0.06330964490352556,0.06155591367067459,-0.009044412317476769,0.014426873806624274,0.06373317892664487,0.043417494331889905,0.03825742241491353,-0.04686312233720108,0.000738156962169445,-0.005446779250783851,0.040332059280867694,0.06608829932016658,-0.0029547904323615204,0.0,-5.551115123125783e-17,-0.00017910966581685672,-0.004966013158786864,-0.00015347944977595063,-1.6653345369377348e-16,0.0003190685250305525,0.0035816190631208222,0.00023472444272337745,0.024973443251362526,-0.004732031823509619,0.0,-0.00066258685056797,-0.012443973954909038,0.012371199925971299,0.004495708902282014,2.182676614947976e-05,-0.0003665224328033845,-0.007374482786968228,-0.008446453666952292,-0.0005547857022035196,0.017092483925741808,0.009039142518510568,0.021853599395129486,-0.004423378613546192,0.014987728929403643,0.0036343228180525378,0.0,0.024083593299621397
0.0128632288990429,-0.012649024232259387,0.0011946104554245718,0.0005007768282955238,0.020602007275488943,0.007763509592130513,0.028466892536001875,0.039403814071790555,0.006086141038146309,-0.00027195459180390236,0.010826862741605658,-0.0037388596197293067,0.021520043177928216,-0.019914416817106484,-0.015983706627390182,0.006970955954595903,-0.02443505898749715,-0.004143383533208422,0.006597800077514648,-0.0007840576341990868,0.015144553876827338,-0.017507154129450253,0.007344652668181018,-0.020154884663212025,0.0,0.006451697115457011,4.986504858889296e-05,0.023220053454988343,0.009397102182215122,0.038657847932438594,0.004290185559068849,0.020017304949882908,0.013073925414218923,0.0075180141165117065,-0.004186802403403023,0.0058126913308501615,0.0022372909474350777,0.019661750281065926,-0.009809040474800745,0.007446170172416389,-0.00964003614575265,-0.025278143543870535,-0.0001281378849419812,-5.551115123125783e-17,-0.024861390588788446,0.026548195508793615,-0.028462775998315815,5.551115123125783e-17,0.0,2.220446049250313e-16,0.0023886734571462176,0.013149868738273007,0.014555365555225686,0.0004879773220382577,-0.008982468693991719,-0.0003165995436790192,-0.002444056131046146,-0.0014007787484330847,0.0,-0.056560329433747,-0.02794657361774705,-0.008663894560219931,-0.010487416367899849,0.0,-0.05413458958556838,-0.03277750478932928,-0.019914201801174314,0.0038840126118873664,0.004059995896732338,-0.00582079253682255,-0.0038014460791736537,-0.006309756863887572,-0.0008053565009843444,-0.007789165598736603,0.0,0.018281430237380936
-0.008058113267861655,0.013636615405838715,-0.006673895395049312,-0.016577298214562164,0.005308155309077467,-0.006231397281435125,0.027057442083613825,0.018363482876415094,-0.007211866801554889,-0.006963565430016583,0.0012006079887623144,0.0027547294009788725,0.034633591136786435,0.017082579150979882,0.01401258889437701,0.005305263590732967,-0.0030640648360754086,0.004747611662148599,0.004042991012179309,0.02347318492228201,0.016456828571770388,-0.007589311040159863,0.012532261682442092,-0.0119916875310343,0.006451697115457011,0.0,0.0031671356207363943,0.02443107665317662,0.012389610161930409,0.011235708992955562,0.015860748878451625,0.027352550966993572,0.009188484200676583,0.011984893197963475,-0.008405052828243165,0.03875719122866633,-0.016396288057865138,0.0014553089792767593,0.010301998671448487,0.0009302433801445242,-0.008458880952843917,-0.010460384533243383,0.009674953572417155,-3.674914462376e-05,-0.002146445584812695,0.02788729115951194,-0.009976407506288532,-0.0004935453437734383,0.0,-4.128986494189579e-05,-0.005940747286082904,0.0049824056086381074,0.006251299113192943,-0.002561288065665801,-0.02187559263176253,0.0,-0.009636820513077682,0.0004307122602789648,0.0,-0.020250014163482377,-0.020638931436222585,-0.008786771607123656,-0.010678689845768419,0.0,-0.022639910131402763,0.02555249982118185,0.002182447283258393,-0.03339326982956936,-0.0024542121458804855,-0.00725358037019086,-0.00985678928190048,-0.00838968381468913,-0.013704985852803941,0.026695780337431974,-0.0004203088440433711,0.013755812352509444
