0.0,0.4874688266964124,0.5148819483329966,0.0,0.6383829861261816,0.4721188203826847,0.6058056603173825,0.5836051482821792,0.5493844038354769,0.4452516844302282,0.5822421983041348,0.3872385370702423,0.6195672402073148,0.6690853084360879,0.7440370781671364,0.7820911617519088,0.4182320211322407,0.5816362596384528,0.0,0.6940708532519314,0.35687888322908834,0.49236606854709286,0.7415117657421858,0.4759807355826061,0.474644079267711,0.6905951996170789,0.7429694910708995,0.29010908259295576,0.8266000323939593,0.6873543284043175,0.486144120733518,0.5751187894270937,0.4253910384905838,0.3206440330710305,0.3240256160129488,0.7786552540008027,0.48817610959305,0.5863826075866984,0.5729541505237896,0.6838360355798438,0.6954946753442781,0.7069224266788547,0.47253702026958955,0.0,0.5197093094063059,0.7584865109035124,0.7292152960052789,0.0,0.0,0.0,0.6050167585176124,0.0,0.8499042592467453,0.0,0.6720219816288157,0.0,0.7038526680419602,0.8511369844035027,0.0,0.756089710464545,0.736657147063807,0.5018746434637134,0.6868151430324319,0.0,0.7078148743886559,0.3306468127386391,0.651251605818588,0.8033056617018297,0.5902123259952617,0.8050246916262629,0.7712523463754928,0.5672429430557852,0.4490050021094386,0.7725356392710185,0.0,0.6654031452137145
0.4874688266964124,0.0,0.7312237859167382,0.39743842146355735,0.4883239111189002,0.43063303626208543,0.36227939240308216,0.7203521136827935,0.2724135128127794,0.36555311906165167,0.43979785693280427,0.49559723890291013,0.35417163541799046,0.5068193534740452,0.5787928427161115,0.7522606344253875,0.6435604330702481,0.676898335202432,0.6840640414455929,0.5744498622152439,0.489156727950827,0.7123675117150816,0.7729836621144053,0.29950888406894305,0.5418282504825694,0.46263441674696026,0.7113689868547505,0.4514966671012009,0.45422576680750554,0.6154764264187993,0.5413662623739532,0.4662891298854564,0.5064340253597797,0.4510114537675136,0.557978014076521,0.42163707318407184,0.046820758822483564,0.0,0.731287604062634,0.7459111215459011,0.6478371846261091,0.8978362218028704,0.5869693846995092,0.0,0.0,0.7507485027857945,0.8111233944856282,0.04232225682186736,0.0,0.0,0.8020752173392778,0.7786023128404602,0.699060710175845,0.7828815573415866,0.45838075052846583,0.0,0.7078311526071484,0.7082540415969492,0.0,0.8802041489597247,0.7446020513581817,0.5934773420184052,0.5782696747866557,0.0,0.8286703432223594,0.6636348823599261,0.9324834768806445,0.8794492683374407,0.6205378367534605,0.7273026005435839,0.8020151934171086,0.8517616446433378,0.7011499033782767,0.8308603180202434,0.0,0.7967987192983185
0.5148819483329966,0.7312237859167382,0.0,0.5774410337210408,0.7928685048408085,0.3639160049262118,0.6909104026564925,0.9464132745795368,0.44483595698445577,0.6842082510984461,0.5116362687495339,0.8123707916562166,0.6859105541976858,0.5512183550763423,0.6227126450662838,0.616569701245036,0.8601276559250438,0.6267481759033733,0.42803838682925377,0.7017928765550598,0.6212488542450644,0.7234038746664906,0.509405186856357,0.7211806113653323,0.5069068087706663,0.7009649929388744,0.46769473563107566,0.6683542109230464,0.843710241198504,0.7442020600583075,0.6240343199331959,0.6220691788874882,0.566650208294241,0.6258317210015255,0.6091690732939449,0.7163845530807913,0.6207807718075353,0.7191945354696804,0.7281056762245891,0.4697150327661662,0.9268708598393034,0.8072873236512592,0.7257089668759784,0.787563091971742,0.0,0.0,0.3859778368699861,0.21825925178682742,0.47164003876543004,0.3156102207178232,0.9157621179159579,0.8408505962889266,0.8368603705042339,0.5937310583612717,0.4322726869786451,0.19123048623410133,0.8918726003065565,1.0070016940895727,0.3798150936654733,0.35312331207109016,0.0,0.0,0.0,0.10814681984292307,0.7831514798858321,0.44138527742119094,0.24574988794274166,0.8438596426206106,0.0,0.5466916465026672,0.6670418300585543,0.9012853787358137,0.5039928035620291,0.7608890055582197,0.6489326254129033,0.7549744851762646
0.0,0.39743842146355735,0.5774410337210408,0.0,0.4649682672635079,0.5998968719437026,0.3786296076391195,0.6497944021581699,0.7004715608365415,0.23615981996476823,0.46893941183007204,0.3804754385621486,0.4315312860057816,0.5368932299614531,0.6734399372516784,0.25791246263531703,0.6849032016682126,0.4714453289910676,0.6491863587976628,0.6463900449687005,0.4649708661095186,0.5167863359218051,0.9634950324253251,0.5223412620600031,0.7976207858236495,0.7577213634850744,0.6638529311433,0.3021932520391067,0.7112918129475052,0.3705363235257654,0.05539097089829664,0.39212629136619476,0.3686755220229813,0.33845050930615983,0.39110424896120044,0.2363577031040571,0.07460721271778656,0.4903511874399413,0.47273379532029003,0.37138396089789993,0.4217631778093148,0.4658434328266068,0.1690026883686376,0.1779537142066236,0.0,0.0,0.0,0.4096578450633949,0.0,0.0,0.7539363769695298,0.0,0.4676772552071916,0.314974845733331,0.0,0.41781929822263886,0.5114329442864096,0.4525731103558104,0.0,0.0,0.0,0.0,0.0,0.0,0.0,0.0,0.4555974216235372,0.8339987358908018,0.0,0.0,0.0,0.7557321176025611,0.45734002972658155,0.5551210044163442,0.0,0.0
0.6383829861261816,0.4883239111189002,0.7928685048408085,0.4649682672635079,0.0,0.6985325507222571,0.2921285075368857,0.8383376869134384,0.44340664363327986,-0.17036067893081458,0.45835448519486977,0.6231151950221685,0.48870831859260805,0.608013662697347,0.6765124509962037,0.5440500099264235,0.7125388290563692,0.5796557744422386,0.6966742548300195,0.7110814561266571,0.7496742419375324,0.5414202291440666,0.7974270658649252,0.5398163644263968,0.5270408020258915,0.4083429991324843,0.8134395122554892,0.31119374978920383,0.6312052567496091,0.572490419008951,0.7129242044859543,0.4702325969053711,0.5755300747849277,0.7264282429446829,0.6054235360957732,0.4324611555642344,0.2317109126368109,0.7198347358278083,0.5087062801141851,0.4700768070845475,0.9923704307091208,0.5602607021861292,0.5903279708192621,0.38716607202691233,0.3553710496321034,0.0,0.48445968695475505,0.6979363928629845,0.0,0.7481372846672687,0.9541214478363549,0.854511413098952,0.6149062322434391,0.8341608756978984,0.0,0.5482255923070289,0.4449987442950587,0.909804476434493,0.7630961026704854,0.5592919314733804,0.45214003296293903,0.0,0.0,0.661594662140947,0.6345974486781689,0.4853936673725998,0.7280792094658972,0.8822075179657338,0.0,0.4706355741050817,0.6644162023316826,0.7763332416973108,0.8219439697636165,0.6270007054445186,0.0,0.7911909147419627
0.4721188203826847,0.43063303626208543,0.3639160049262118,0.5998968719437026,0.6985325507222571,0.0,0.721513037685201,0.8573599411973141,0.5361550658761584,0.5970169070458767,0.7441211244730446,0.7908650491176104,0.7072857689646619,0.8016295320138811,0.67077445528805,0.5109572424527689,0.6291325058686739,0.4920568249113609,0.8170462455593422,0.6681901388067757,0.7404786238733573,0.3665821935877445,0.6155928375632858,0.37228735638337307,0.5406179703702811,0.7122602098698705,0.6815793971032013,0.7105070173230028,0.7393829259379472,0.6653008212730253,0.5895504126445128,0.5894657065388037,0.5253510724148479,0.6339414189309688,0.6015820902325059,0.6809376824359272,0.6833437121321191,0.6817391642555495,0.7471716427033392,0.4005264958535644,0.7969450926406876,0.8680988291798399,0.9496361626655536,0.8722757647674166,0.6093575791265811,0.8182458626086666,0.7299076655391263,0.8813113758924971,0.7100357475229457,0.792387772702057,0.9360711566022517,0.895719587020148,0.8909550288196526,0.9406649086072864,0.8490402065821844,0.9432358940714043,0.48146878181881936,0.8829692332446131,0.871748673477263,0.7242656093758837,0.7239970540378304,0.0,0.7730544128902757,0.7850502857868688,0.7089319690537192,0.5847202465525454,0.6993701132497924,0.8686491981053339,0.506683343359936,0.6255330890369093,0.5952713469811768,0.8772415317236225,0.725974873072745,0.846524902439715,0.5935325528470219,0.7954582202470486
0.6058056603173825,0.36227939240308216,0.6909104026564925,0.3786296076391195,0.2921285075368857,0.721513037685201,0.0,0.7935118856978016,0.6674688157971453,0.4252896487400625,0.6477304188024469,0.4011029624456115,0.5258458938488795,0.4367514621902565,0.6761091951430873,0.5200022965686053,0.5677224961073388,0.47719298982603964,0.6276639243257074,0.5134615830149315,0.5593726913999272,0.4086676750962316,0.714121315970703,0.5190839892693123,0.5035010548466065,0.48048589037216866,0.6735671102132663,0.4389731783588845,0.6285760095053687,0.6550681932765929,0.29646784690489475,0.7422276646539137,0.6795148667492987,0.460506208064009,0.3753332595694816,0.2673662622720718,0.4131319921998984,0.8795055026381584,0.1606163150744595,0.4425389919145266,-0.018242903524641085,0.356626042731055,0.8211533159607889,1.0238560873662668,0.7560206449605121,0.0,0.7402379607975944,0.6132126450496691,0.0,0.7511768571060877,0.9078168307634948,0.8018747482168173,0.7958159656871104,0.8190991712472218,0.7314142220457874,0.7017827748445371,0.5542576309960094,0.7964025469967964,0.5417404290763375,0.6481155413616707,0.7435976695075401,0.0,0.4958955974704555,0.8386977582059132,0.8405565409435696,0.6320088134033064,0.8137698286368988,0.8136548357613621,0.4692321543235013,0.8672572416846569,0.7596617559151998,0.829678480894215,0.6699785680597383,0.7914788753744448,0.8910413620837202,0.807266389138759
0.5836051482821792,0.7203521136827935,0.9464132745795368,0.6497944021581699,0.8383376869134384,0.8573599411973141,0.7935118856978016,0.0,0.7174529819953317,0.6593077918786074,0.5914679671836038,0.7041593910704189,0.8347365334561714,0.9133488728970527,0.8393473714660089,0.8957800871164403,0.6194906209045596,0.6322208798227535,0.7303805862085725,0.5217568446793406,0.7465083289332948,0.6354602380239489,0.804310039162647,0.3083708607743857,0.6632589588250128,0.6370986543147852,0.8607440340147694,0.7188389005587188,0.6779628287769441,0.6486328510185098,0.7299216180704464,0.26598298271418885,0.8676192122302824,0.6970501389685235,0.5820976605954031,0.9560360271426886,0.19875300948527244,0.7278328972751924,0.781247544252466,0.6763088918977758,0.5362004770266523,0.634219717737421,0.8400831448800463,0.6204139720694183,0.0,0.7818760472236835,0.6204614537151129,0.8971366561732269,0.0,0.8189215358951762,0.875196163277647,0.8299754794300969,0.7830065048695317,0.7640701375659138,0.6444711362704789,0.7147922756126668,0.929764551027365,0.7669346878599255,0.677599576207004,0.9312298461137226,0.6078453687997595,0.0,0.5527327111227289,0.9341131051620262,0.9410994294073846,0.8366876911834004,0.7331058430160949,0.8319186973610135,0.0,0.8026452569728595,0.7087987893347214,0.8884749322118206,0.7433339362075843,0.8143544005242624,0.6719646361176168,0.6362511327628207
0.5493844038354769,0.2724135128127794,0.44483595698445577,0.7004715608365415,0.44340664363327986,0.5361550658761584,0.6674688157971453,0.7174529819953317,0.0,0.7016107289035842,0.557003583784971,0.6832381995756089,0.5905232917767155,0.4271908320654709,0.7949495590677425,0.5507014117543411,0.8156727787035123,0.5345164945934419,0.38169646763318343,0.33063469136066626,0.5120347246220116,0.2859431501880363,0.5675688561065544,0.7254062842031483,0.407722462998061,0.6374276711451936,0.6855605834125795,0.5659589114863323,0.4812400943185895,0.5320580833962919,0.6143004282600077,0.6265191456430628,0.7990783537330937,0.6502561896343788,0.6435111206710213,0.6097130148594467,0.7206018485282555,1.0377713916251556,0.7120991743630436,0.5019074973208228,0.8224564370147565,0.6324833440761167,0.6223005827593571,0.7682609082249168,0.6521029560939617,0.0,0.6503897154014626,0.7805527784584199,0.4674252623425989,0.8286452234230421,0.9706102051385904,0.8714352818098923,0.7587685148322245,0.7392176129601034,0.37364809574894203,0.5021372007353465,0.6781160379003788,0.7216507012584965,0.2857368000687446,0.7499829531781605,0.7290594371301877,0.0,0.0,0.7609792659220125,0.7719597457846286,0.6284329082407671,0.7778778599202459,0.8133603359594475,0.4184223142980532,0.66413456688622,0.3872418603627604,0.874174095765453,0.7147566513793859,0.7382332572743595,0.7876117307537875,0.9544531311860946
0.4452516844302282,0.36555311906165167,0.6842082510984461,0.23615981996476823,-0.17036067893081458,0.5970169070458767,0.4252896487400625,0.6593077918786074,0.7016107289035842,0.0,0.688841448062246,0.5138306318214032,0.5533894379252389,0.08332814692539942,0.4451221862378699,0.6073430650198186,0.8038892213108721,0.7417270813760481,0.6532928479161685,0.5939063847259937,0.39041566602651084,0.5126938944394499,0.6949317066364314,0.5729464872180199,0.8019108530129649,0.6127102207482564,0.6077106727256923,0.38339770564185494,0.5475077115517971,0.7053222683731473,0.76302994989902,0.4313657556139153,0.7642558144125959,0.6791963979155152,0.8329947461142314,0.2149823750479019,0.5424946745125525,0.6471207608273657,0.4090696400847912,0.3395987982252229,0.43897679149921587,0.4612579525419059,0.4455902360814348,0.8579711425996085,0.3257059729732141,0.7067227984539275,0.5087829490620233,0.3584422830457429,0.4753749156460508,0.43583059497938353,0.7088192145041596,0.5899078015541546,0.6896630536641837,0.25489095835883524,0.5690511044827715,0.6139461860592375,0.5579877157629152,0.6681769703832889,0.0,0.6223455289483357,0.6921349265528021,0.7598307920507196,0.6384457810123079,0.46743692577257123,0.46580671509303284,0.7455247042195983,0.470546775744793,0.836378832860204,0.5519777631611061,0.6365744773214541,0.6610879178114886,0.61332007218819,0.3357375348281996,0.7530318294660661,0.0,0.43435429351337174
0.5822421983041348,0.43979785693280427,0.5116362687495339,0.46893941183007204,0.45835448519486977,0.7441211244730446,0.6477304188024469,0.5914679671836038,0.557003583784971,0.688841448062246,0.0,0.7532587106638442,0.6875541681253196,0.487768671887025,0.0,0.49114832797651337,0.6505825342611771,0.6227303943412092,0.3754622621011038,0.4514683318622593,0.5670678355278342,0.43097368827477034,0.9240899323599158,0.5519868514281762,0.7112175881826406,0.7348306377752718,0.6581363975341152,0.6633814181727906,0.6284008817342068,0.6157450938605431,0.5762580487383959,0.5282859580482818,0.8120073946266604,0.6916392525451018,0.7027982515100533,0.8144011191879974,0.32562276512861515,0.7720841536499943,0.8141653475910013,0.6319935351680424,0.9370218647561088,0.6199968319351478,0.6843744704833292,0.9296838655602346,0.4328760429865357,0.0,0.0,0.8749005269902544,0.46780384896881994,0.6962231724731525,1.068389734319591,1.0720640757546946,0.7654094589111343,0.954932670018604,0.7128056263829855,0.7553293902187866,0.4996132643219992,0.7246959685031455,0.6516024419991787,0.0,0.0,0.0,0.0,0.7605095531925802,0.5096039235181231,0.0,0.5289242688149526,0.8801157194071241,0.0,0.0,0.8911444654546381,0.9273852721769754,0.7675177795696682,0.39800482087795946,0.0,0.7889596999719997
0.3872385370702423,0.49559723890291013,0.8123707916562166,0.3804754385621486,0.6231151950221685,0.7908650491176104,0.4011029624456115,0.7041593910704189,0.6832381995756089,0.5138306318214032,0.7532587106638442,0.0,0.5762249222598349,0.7193688509342286,0.5077442147992752,0.7628448120280982,0.558709967642521,0.9177954986919158,0.8120430446882487,0.680719006636054,0.3954808059780043,0.6417341988031722,0.7910859875108981,0.5291589730961133,0.9605625697552727,0.4814765558487898,0.6864483147734817,0.5853976740943634,0.8961178149200837,0.6026208828471282,0.4943854191637278,0.28662808729718564,0.48845425296706074,0.6764017541313756,0.8358092010248321,0.38317420704908367,0.783722987236791,0.374129282841449,0.4666206774590079,0.3488293356244195,0.4217203878566028,0.3650916634670316,0.4117865910649084,0.6572914467445773,0.3518181927625427,0.5682112013282546,0.35878679877703235,0.507220159787972,0.47093412344343244,0.28668403324666303,0.457971834460007,0.6161343457465076,0.3557112184360567,0.6508962250632403,0.5498914349881644,0.43884415707970426,0.632974171417325,0.7091859585439343,0.5273020458593406,0.5119201415315456,0.5883796848558454,0.6209089528379692,0.6531919843657603,0.5571442815130451,0.8149505260788918,0.8341121067606824,0.7037145435819698,0.5325787596236025,0.42340367224325953,0.6490367275687062,0.6512667930444651,0.33359752463052716,0.4275060997774165,0.5493047484812026,0.0,0.41801819753150393
0.6195672402073148,0.35417163541799046,0.6859105541976858,0.4315312860057816,0.48870831859260805,0.7072857689646619,0.5258458938488795,0.8347365334561714,0.5905232917767155,0.5533894379252389,0.6875541681253196,0.5762249222598349,0.0,0.47697672951376796,0.5212396586196717,0.5186115839386208,0.5719408851063275,0.525606506368364,0.6451914334340296,0.5501765858895526,0.5396839183116403,0.41374421080678475,0.7382714726723321,0.448444771421844,0.5643631967086894,0.5237607708859034,0.6578109089608215,0.7876902671007493,0.7209163830033947,0.539337773096976,0.46042839042741035,0.7240655646851948,0.8396378362466411,0.5294389795669305,0.4706030036062664,0.3433887684102345,0.45632849138114406,0.835535993598221,0.28665493783833373,0.4497252999921452,0.3840344188366201,0.3944544714434579,0.6447652463703771,0.6970309141097621,0.6735579278987123,0.7210511076479935,0.8111653956782005,0.900521958922612,0.0,0.9051762926792031,0.9349385939910798,0.7875088761437125,0.7669129912858637,0.7821182391483952,0.547412971020266,0.753739117185173,0.6214822160961992,0.789762484339458,0.2652234591021292,0.6842682210714544,0.6680282342252211,0.5427470095528257,0.6638268309328338,0.839648694085738,0.6921051395603206,0.7028356643696532,0.7875957694243563,0.859340424799195,0.5826913904258673,0.9748231532465631,0.6730399998239539,0.8548889756678419,0.8030873243321718,0.9564169179600154,0.6884494641556602,0.738469713239027
0.6690853084360879,0.5068193534740452,0.5512183550763423,0.5368932299614531,0.608013662697347,0.8016295320138811,0.4367514621902565,0.9133488728970527,0.4271908320654709,0.08332814692539942,0.487768671887025,0.7193688509342286,0.47697672951376796,0.0,0.6696361734171782,0.5046496218384408,0.45574768922458087,0.4963386578153461,0.6293004347960317,0.5119835549387319,0.483500064862111,0.2873129686925885,1.0157266009005095,0.7994253204705286,0.6217324387302673,0.6231779303686521,0.9261707297703703,0.5286132714100594,0.4380540558630817,0.6991346382773107,0.6460243359254049,0.5471893740038469,0.37339134713298605,0.8550644368622086,0.6319336406661986,0.5734302616679867,0.3581591931718876,0.32881445410536037,0.7552162714144589,0.0,1.0424407523960881,0.672779746223007,0.8009033828831185,0.4708884223374275,0.0,0.0,0.0,0.7887477161218159,0.0,0.7229935894672505,1.0719453619580057,0.6264533722866266,0.8219741920824437,0.5755588714657072,0.0,0.7625325120197415,0.362178123609754,0.8722839714511699,0.4493619455125053,0.0,0.0,0.0,0.0,0.6706383632956274,0.0,0.0,0.0,0.808868066719673,0.0,0.0,0.0,0.7892134714102526,0.8713395674065114,0.0,0.0,0.0
0.7440370781671364,0.5787928427161115,0.6227126450662838,0.6734399372516784,0.6765124509962037,0.67077445528805,0.6761091951430873,0.8393473714660089,0.7949495590677425,0.4451221862378699,0.0,0.5077442147992752,0.5212396586196717,0.6696361734171782,0.0,0.6947775635535853,0.6781998677928053,0.5622952562962444,0.0,0.7631148670457941,0.789348976982848,0.7471838303182099,0.8133405476004003,0.6160011147594339,0.579955348993525,0.5104939721847144,0.8766122102149685,0.5839608456761846,0.7432878905572553,0.5641160041646391,0.5640348326230672,0.47566511598154393,0.7270110419894913,0.5275883214780147,0.5982892661440979,0.6286881175922727,0.5589801876194822,0.3799978949508017,0.58795756491162,0.8789987016332308,0.6676241628667476,0.5303334738684868,0.1636304975170261,0.4076015460659861,0.0,0.7494048282184245,0.7547119228310655,0.6965384400762449,0.0,0.0,0.7312902405969018,0.8816100869879567,0.8374710474335724,0.582078701715791,0.0,0.0,0.7109632518638087,0.8505914016588395,0.4698914142508298,0.7633652217962925,0.7488258165148767,0.5431220827163239,0.9672053671174664,0.0,1.0003190700515185,0.8008883895566772,0.9421943251653965,1.0248244465303642,0.45048431107476755,0.951495160956826,0.6295059491794139,0.9094514558682607,0.7476570473389337,0.7918606690556782,0.5941117478313824,0.8595057460156739
0.7820911617519088,0.7522606344253875,0.616569701245036,0.25791246263531703,0.5440500099264235,0.5109572424527689,0.5200022965686053,0.8957800871164403,0.5507014117543411,0.6073430650198186,0.49114832797651337,0.7628448120280982,0.5186115839386208,0.5046496218384408,0.6947775635535853,0.0,0.621690555872602,0.4903031894155907,0.4514152269173035,0.6365064054416967,0.7564816498932255,0.7711602607331727,0.9003014471327849,0.7216458842012887,0.718701004534395,0.7248741607063094,0.7570389659698308,0.5815242450040976,0.6080867678160884,0.6366346705939313,0.7508286821816161,0.6783478195873898,0.6303055202891213,0.41206369694064116,0.6397565570513954,0.46961917263009073,0.583788932733407,0.5692895014388801,0.8211477867150269,0.6974153819135505,0.8058786763425918,0.9065932503363157,0.47060603476858626,0.0,0.0,0.8106976167491393,0.862175274520826,0.0,0.0,0.0,0.6530467541543588,0.7296180886251714,0.8957151199257356,0.0,0.4394162872918148,0.0,0.5904982881485078,0.8200106065535708,0.0,0.855074290054335,0.7670711745458205,0.2774604731712577,0.7346577622552011,0.0,0.7195113062303555,0.8064142505351133,0.891292885382106,0.9281782830116831,0.5062487446080696,0.8251622881155677,0.9172349056326105,0.8453749388550129,0.7689404891661906,0.852970379183036,0.0,0.5850771437657687
0.4182320211322407,0.6435604330702481,0.8601276559250438,0.6849032016682126,0.7125388290563692,0.6291325058686739,0.5677224961073388,0.6194906209045596,0.8156727787035123,0.8038892213108721,0.6505825342611771,0.558709967642521,0.5719408851063275,0.45574768922458087,0.6781998677928053,0.621690555872602,0.0,0.6961497520528821,0.7735595340783575,0.38375995879143204,-0.017362153570322003,0.6187901574053718,0.7597021126271182,0.6351439746007876,0.977755827559629,0.6447928683346416,0.5226611471401715,0.6987382522549994,0.18824162564236782,0.5999069150309813,0.7525775620185879,0.5439593398371868,0.6925521617846138,0.563605997783138,0.47942984582979364,0.6299731919786221,0.3468692918595788,0.2185925579877681,0.7146562842259208,0.2747663343410055,0.3359763555082032,0.8106699700315103,0.0,0.0,-0.13541060148844825,0.7802292645130908,0.3931692371195318,0.0,0.0,0.0,0.0,0.0,0.0,0.0,0.5818482804960945,0.0,0.5431902145202985,0.4884611685068394,0.0,0.5614460791221527,0.4096056126624965,0.8176846930033724,0.6497429290269463,0.0,0.0,0.0,0.6109870622148073,0.0,0.747831613506365,0.8174180425256357,0.8029059455719295,0.0,0.5843818907963989,0.46700849555601953,0.0,0.09840696792632064
0.5816362596384528,0.676898335202432,0.6267481759033733,0.4714453289910676,0.5796557744422386,0.4920568249113609,0.47719298982603964,0.6322208798227535,0.5345164945934419,0.7417270813760481,0.6227303943412092,0.9177954986919158,0.525606506368364,0.4963386578153461,0.5622952562962444,0.4903031894155907,0.6961497520528821,0.0,0.7019045476475693,0.5726852404806808,0.5729840472625656,0.6056810790470434,0.8145170181570579,0.6226273537310809,0.8375209737230778,0.604481139812161,0.7489086107161691,0.44767640905212813,0.5136116387387599,0.47424669392043445,0.5833814486390283,0.48998457586144784,0.6104029002226384,0.5300471864475733,0.294940645502657,0.6313187417361742,0.3967290129338037,0.5743258526610658,0.6231629147887656,0.3283678791866024,0.4692417966422965,0.3654934369145063,0.0,0.0,0.4709133601838783,0.7501051535423011,0.8291929509565149,0.0,0.0,0.0,0.7490036641441675,0.49662993287130963,0.6059979315594762,0.0,0.6310644683305918,0.0,0.47680543775837525,0.8173421507917199,0.0,0.9473182370012868,0.7512125378364094,0.5774008741145865,0.5356134148076248,0.0,0.4874839141276651,0.9856014562944512,0.8367391602527432,0.9195329557224698,0.8029866446998635,0.6654794436357021,0.715941685507921,0.804766918282146,0.8743732739172674,0.7520928060256797,0.0,0.5539073835335421
0.0,0.6840640414455929,0.42803838682925377,0.6491863587976628,0.6966742548300195,0.8170462455593422,0.6276639243257074,0.7303805862085725,0.38169646763318343,0.6532928479161685,0.3754622621011038,0.8120430446882487,0.6451914334340296,0.6293004347960317,0.0,0.4514152269173035,0.7735595340783575,0.7019045476475693,0.0,0.5026080379930575,0.6818336994207398,0.7174806577941464,0.5560304931609679,0.769522441319343,0.7474478522508988,0.7869470228807826,0.5229554197890538,0.6356540574279896,0.7238065861107457,0.8041050552063604,0.6038017559614696,0.5940826377889843,0.732683454590208,0.6396758046257277,0.5990541751632676,0.7922134634490381,0.5601862235945716,1.052801029220662,0.8285487120500235,0.441812149736856,0.5007412432139556,0.4536104238989481,0.7299036925686186,0.3647086787298388,0.005238251602432464,0.0,0.0,0.7648932764847888,0.0,0.5780629142063056,0.7555167343316206,1.0510057696293016,0.6842426750106466,0.8092361005537551,0.5922037783218194,0.6868077838448441,0.6795776363540619,0.7063378630337186,0.36184935573515264,0.0,0.0,0.0,0.0,0.7879244924162214,0.469732638605325,0.0,0.48596422906226705,0.8364162111753185,0.0,0.0,0.0,0.8030286499089316,0.837009082596234,0.6621257249442247,0.47170039564311483,0.7274308268523084
0.6940708532519314,0.5744498622152439,0.7017928765550598,0.6463900449687005,0.7110814561266571,0.6681901388067757,0.5134615830149315,0.5217568446793406,0.33063469136066626,0.5939063847259937,0.4514683318622593,0.680719006636054,0.5501765858895526,0.5119835549387319,0.7631148670457941,0.6365064054416967,0.38375995879143204,0.5726852404806808,0.5026080379930575,0.0,0.9240323114576525,0.5926204275521575,0.8576382676556765,0.7028048950292534,0.6940876810987581,0.6583904678944053,1.0015899555340246,0.7293470007966761,0.9071536737911404,0.7920118657317365,0.5067323739061984,0.38831991837043556,0.407063599854842,0.6007788781832764,0.6247892100257917,0.7355585286947819,0.5393767969583139,0.685338076256268,0.8069095574928773,0.7189994191653268,0.9112428908669001,0.7506443627233785,0.5852546785808318,0.32370257689482895,0.3293066978222924,0.7783244391286349,0.8035469533480113,1.0292747536831246,0.0,0.0,0.7273490076169682,0.7620454533984926,0.9600753361724763,1.1375780592741973,0.7834780628933864,0.0,0.5261785753979056,0.8052564570380334,0.0,0.9126348750849063,0.5783802888311271,0.4711257993857078,0.7369920180740248,0.0,0.746418526827137,1.0060274888527294,0.8278900466157247,0.9058866377443564,0.0,0.5785845004845647,0.6230731530333001,0.8118372078586584,0.801658711426653,0.79757763124087,0.9200744011052511,0.8371152138495253
0.35687888322908834,0.489156727950827,0.6212488542450644,0.4649708661095186,0.7496742419375324,0.7404786238733573,0.5593726913999272,0.7465083289332948,0.5120347246220116,0.39041566602651084,0.5670678355278342,0.3954808059780043,0.5396839183116403,0.483500064862111,0.789348976982848,0.7564816498932255,-0.017362153570322003,0.5729840472625656,0.6818336994207398,0.9240323114576525,0.0,0.531500776147518,0.8505206326748658,0.22068544803094978,0.4049952897334992,0.6230055159495241,0.8824882012714843,0.57529538057626,0.6451316436983702,0.7434871172307493,0.4051112695446204,0.30972081172147387,0.5786368049476727,0.32386540041386686,0.42405844279017235,0.6728008994866713,-0.18331083151080058,0.7132589710496579,0.6081129970016756,0.7689737913285439,0.4394473159333818,0.47509090276255916,0.7535481108243602,0.0,0.0,0.5341328960088877,0.7300589423057537,0.7291892797425581,0.0,0.0,0.59986770568048,0.6404794197168011,0.7792384446677717,0.6124307529811134,0.8653549123464594,0.0,0.6535971376096443,0.6924318064411943,0.0,0.8310581999534705,0.39547132939286755,0.0,0.75865467794271,0.0,0.8175718447586523,0.6206582525473882,0.8390514741402394,0.851331282871738,0.5365959560734296,0.3075532836884355,0.7383203024741256,0.7455051540602835,0.75206691157045,0.8383436601396952,0.5818948385592975,0.3527071017490359
0.49236606854709286,0.7123675117150816,0.7234038746664906,0.5167863359218051,0.5414202291440666,0.3665821935877445,0.4086676750962316,0.6354602380239489,0.2859431501880363,0.5126938944394499,0.43097368827477034,0.6417341988031722,0.41374421080678475,0.2873129686925885,0.7471838303182099,0.7711602607331727,0.6187901574053718,0.6056810790470434,0.7174806577941464,0.5926204275521575,0.531500776147518,0.0,0.8474573928519392,0.3537710557310735,0.8130168783986556,0.5562660147028929,0.6711131606199567,0.5884361495587727,0.5225690040242462,0.6492476738956037,0.5960140504903411,0.45533548105980615,0.46822167743342824,0.5856264418632038,0.6568089978691094,0.5059731874075838,0.6297722409010952,0.3500479255836516,0.6075097967567924,0.7157158969995534,0.5180582780572603,0.5017709512005658,0.4301099115530357,0.3106609058654173,0.3884963040411851,0.6694179522284116,0.7620489770300714,0.7736404449765989,0.4703653775691557,0.39352600314447056,0.796734813946707,0.790512204374342,0.6682775047614622,0.7397095265495761,0.6074466195679424,0.0,0.6445965636118836,0.7752510838949477,0.0,0.8107961192908592,0.5854634932298679,0.4786927336431444,0.3301794710828655,0.0,0.7175301699608125,0.746306539161768,0.7481149514326155,0.9154804937640685,0.80392488015672,0.4195523758405743,0.5849535785931756,0.8039880787142911,0.6050319544431187,0.6877772912616265,0.501459683739958,0.6088085292663612
0.7415117657421858,0.7729836621144053,0.509405186856357,0.9634950324253251,0.7974270658649252,0.6155928375632858,0.714121315970703,0.804310039162647,0.5675688561065544,0.6949317066364314,0.9240899323599158,0.7910859875108981,0.7382714726723321,1.0157266009005095,0.8133405476004003,0.9003014471327849,0.7597021126271182,0.8145170181570579,0.5560304931609679,0.8576382676556765,0.8505206326748658,0.8474573928519392,0.0,0.43562452660485596,0.754951438606918,0.6793861286612318,0.5478959573854408,0.6461801877943434,0.7397191034855533,0.792135757567793,0.7111527479657623,0.7205656726680627,1.0367116627424997,0.6927561419196844,0.7193379190665641,0.7974001489402194,0.8199179293811287,0.6520149568770219,0.8855899637334277,0.6532576530041379,0.8438302439591612,0.8536030939512503,0.8997986135632683,0.9547790722470788,0.6547726845828727,0.7021268374554592,0.9392636207098131,0.8863656849190494,0.6899063327743837,0.8844518497242502,0.9430656237584221,0.84188202231006,0.8909461187203724,0.86486575491285,0.7809108432809,0.8161867575648337,0.4495116253039862,0.7697782132387,0.6863682843119283,0.9632246489782889,0.8129993625536429,0.4658067150930337,0.8282460419340016,0.7700174254691814,0.8638676404834058,0.9041480554124952,0.9492061594388993,0.9558875569560374,0.33797292466859563,0.819814659007899,0.8482700429294351,0.8478761985207108,0.7557068614330003,0.9109177552072449,0.7871546331779714,0.7712251525121179
0.4759807355826061,0.29950888406894305,0.7211806113653323,0.5223412620600031,0.5398163644263968,0.37228735638337307,0.5190839892693123,0.3083708607743857,0.7254062842031483,0.5729464872180199,0.5519868514281762,0.5291589730961133,0.448444771421844,0.7994253204705286,0.6160011147594339,0.7216458842012887,0.6351439746007876,0.6226273537310809,0.769522441319343,0.7028048950292534,0.22068544803094978,0.3537710557310735,0.43562452660485596,0.0,0.6721429573362692,0.6221357670768015,0.7880281741501112,0.5068080187665296,0.6809922175503461,0.9003159899248405,0.5104589602682016,0.4308594252787068,0.33699199427249665,0.32719610717236924,0.5275542320157715,0.3049379486667979,0.3262540898597997,0.2728283098852226,0.6475386774534835,0.38295737569917626,0.1898372991123836,0.6927583048226856,0.6832099949922785,0.5014906156366408,0.4173971749998348,0.6862343381815541,0.6068393800369793,0.0,0.0,0.4722957164492053,0.5700948278956224,0.3851505299638649,0.0,0.31474147747150777,0.35841493600237884,0.4968860716744852,0.3275634732634337,0.5018500417517907,0.0,0.34660811384486956,0.2652239773299203,0.525058013125953,0.4926545184440095,0.47354118974381,0.40888301343347894,0.5668928123342025,0.5587919763489465,0.677228890841461,0.4611454137307744,0.6303808501545456,0.6607710908834392,0.5450726143334103,0.6752066304969442,0.8541051703406145,0.0,0.320351345781176
0.474644079267711,0.5418282504825694,0.5069068087706663,0.7976207858236495,0.5270408020258915,0.5406179703702811,0.5035010548466065,0.6632589588250128,0.407722462998061,0.8019108530129649,0.7112175881826406,0.9605625697552727,0.5643631967086894,0.6217324387302673,0.579955348993525,0.718701004534395,0.977755827559629,0.8375209737230778,0.7474478522508988,0.6940876810987581,0.4049952897334992,0.8130168783986556,0.754951438606918,0.6721429573362692,0.0,0.48773587609066743,0.7710599326531649,0.5772757767347871,0.5833544333709964,0.5388650591998994,0.668553256341216,0.42769332172700913,0.6461091853045926,0.49407038905720807,0.4113315456587626,0.5127074114023158,0.6176833213542681,0.6683971701315989,0.7088127333367467,0.3874107936603384,0.48072723869338885,0.5032682117133478,0.1860481252834379,0.0,-0.029790411982241805,0.8327462650952776,0.9209665765247668,0.0,0.0,0.0,0.7167374631729082,0.5846009951819731,0.8029863359222125,0.4364744420333281,0.4988408835511844,0.45238524592523405,0.4825113076076044,0.6108344776299338,0.0,0.8725425391625177,0.8014263403991858,0.5400445177998155,0.5888250400614774,0.0,0.8264740828313204,0.6325104577076769,0.9492634381038467,0.8087386843059399,0.7162496260179616,0.7290563817690148,0.7263037037345582,0.7361977220621998,0.6110607063516409,0.663030719682376,0.0,0.4741975194176833
0.6905951996170789,0.46263441674696026,0.7009649929388744,0.7577213634850744,0.4083429991324843,0.7122602098698705,0.48048589037216866,0.6370986543147852,0.6374276711451936,0.6127102207482564,0.7348306377752718,0.4814765558487898,0.5237607708859034,0.6231779303686521,0.5104939721847144,0.7248741607063094,0.6447928683346416,0.604481139812161,0.7869470228807826,0.6583904678944053,0.6230055159495241,0.5562660147028929,0.6793861286612318,0.6221357670768015,0.48773587609066743,0.0,0.8879829728257257,0.54150972158367,0.6619541100782342,0.6449971865629626,0.43721275652675107,0.46817565898180685,0.5089047669148195,0.36596191711321896,0.37136296387502415,0.6387074534527994,0.6256850010819484,0.4898097223898321,0.5833097291829078,0.29195949099001506,0.41217693903408614,0.423393496591142,0.210822245210737,0.4999469693594565,0.21763871937229126,0.769975783021265,0.8232990487913575,0.8633982839336642,0.0,0.00038256725290478945,0.7272875125515774,0.7306167168287075,0.6928433482681607,0.6071191721584094,0.49120621011230414,0.0,0.5209192295262393,0.8826060887218439,0.0,0.7140352844050375,0.7405225243112032,0.5229312304046017,0.5264706246007821,0.0,0.6171294190416301,0.5622235481593738,0.8163151519630893,0.6867631727153098,0.6973713830753572,0.6840904996674535,0.6198285178861889,0.8208532606157979,-0.17712230205135032,0.7490799597519714,0.4409709946786762,0.41318298360629413
0.7429694910708995,0.7113689868547505,0.46769473563107566,0.6638529311433,0.8134395122554892,0.6815793971032013,0.6735671102132663,0.8607440340147694,0.6855605834125795,0.6077106727256923,0.6581363975341152,0.6864483147734817,0.6578109089608215,0.9261707297703703,0.8766122102149685,0.7570389659698308,0.5226611471401715,0.7489086107161691,0.5229554197890538,1.0015899555340246,0.8824882012714843,0.6711131606199567,0.5478959573854408,0.7880281741501112,0.7710599326531649,0.8879829728257257,0.0,0.6413106735553354,0.9692601150603155,0.7250075724575751,0.6732696646294438,0.606533895905662,0.6026367488362696,0.6792859692038347,0.6674006414167551,0.5912191758284686,0.7111324903255097,0.7308990530593723,0.8663469591887584,0.530612425715981,0.8204926550132446,0.7792168795988217,0.8409166925120244,0.6165461223019778,0.6757916757246603,0.6941268722877675,0.9284606460022029,0.9216392491243519,0.6253525021914674,0.8757232219364739,0.9901385172530801,0.8500249053328734,0.8162081008908824,0.9176987442503153,0.8305066400077646,0.8162594112420163,0.4820035382858796,0.7958675603270589,0.856404249457953,0.9058222428211786,0.7915708426368583,0.0,0.5543826640899914,0.9009271764413146,0.800790529962529,0.9427072117856989,0.8633220228168555,0.8782445538441083,0.0,0.7593164767325675,0.7704060224399665,0.8930448646647613,0.805342245486049,0.8492856312236181,0.6972030094205522,0.7595283770715391
0.29010908259295576,0.4514966671012009,0.6683542109230464,0.3021932520391067,0.31119374978920383,0.7105070173230028,0.4389731783588845,0.7188389005587188,0.5659589114863323,0.38339770564185494,0.6633814181727906,0.5853976740943634,0.7876902671007493,0.5286132714100594,0.5839608456761846,0.5815242450040976,0.6987382522549994,0.44767640905212813,0.6356540574279896,0.7293470007966761,0.57529538057626,0.5884361495587727,0.6461801877943434,0.5068080187665296,0.5772757767347871,0.54150972158367,0.6413106735553354,0.0,0.6634876019293472,0.7434943262552041,0.5340853787455628,0.7037215233505942,0.7102782069292951,0.4412171848608698,0.6956698363220113,0.29379036096959255,0.21089494314882706,0.8466095877364668,0.3843240464369318,0.21921122952694633,0.66610681320396,0.2751462833911034,0.7868560847534527,0.29925359161120335,0.761689012050352,0.7406840413264019,0.7550528910283105,0.7880316318925727,0.0,0.914026404881188,0.9016674146087182,0.7561470285287967,0.7043646367133842,0.8231635841849712,0.18396241253944384,0.8171473450934681,0.7226573796447637,0.7837853872359339,0.39628093847795853,0.7005404789413143,0.6725094392445163,0.3125252232237212,0.8491864319859954,0.9006372674888875,0.7898034835981362,0.7017388559007303,0.6826310693564036,0.8080825946913649,0.5463716683644304,0.2824657194658301,0.36554951711348294,0.82663780529814,0.825997329980256,0.7730346519926685,0.7189197627454899,0.7507092634248655
0.8266000323939593,0.45422576680750554,0.843710241198504,0.7112918129475052,0.6312052567496091,0.7393829259379472,0.6285760095053687,0.6779628287769441,0.4812400943185895,0.5475077115517971,0.6284008817342068,0.8961178149200837,0.7209163830033947,0.4380540558630817,0.7432878905572553,0.6080867678160884,0.18824162564236782,0.5136116387387599,0.7238065861107457,0.9071536737911404,0.6451316436983702,0.5225690040242462,0.7397191034855533,0.6809922175503461,0.5833544333709964,0.6619541100782342,0.9692601150603155,0.6634876019293472,0.0,0.7042692195567191,0.5710433167819848,0.4121942495323231,0.5048054648413625,0.6200819680422025,0.5770735860906216,0.5163774217708216,0.6133690339787161,0.7222098783816095,0.773575928165396,0.7229877634533574,0.7279509390679011,0.6955418400195736,0.3821583834799513,0.776776753259929,0.7090395790210204,0.5974347836454603,0.7000393228969177,0.6047761215715621,0.47774059370567296,0.6090305607585172,0.8445992318655966,0.8020196664882641,0.8245711549469068,0.6311241309003739,0.8484076316590365,0.1723041102395601,0.5795957199217909,0.6939810021916353,0.5808021898256936,0.7521983735932489,0.8306691323042383,0.4690619739156422,0.7182021381854411,0.7695747890520854,0.6923494722549619,0.7294872950014204,0.7471855151103504,0.8212127656546571,0.46521785466136273,0.8039923774347361,0.6906531957533106,0.7943216693309307,0.7576780995698889,0.7125554058973056,0.6488278569724617,0.6839369957055474
0.6873543284043175,0.6154764264187993,0.7442020600583075,0.3705363235257654,0.572490419008951,0.6653008212730253,0.6550681932765929,0.6486328510185098,0.5320580833962919,0.7053222683731473,0.6157450938605431,0.6026208828471282,0.539337773096976,0.6991346382773107,0.5641160041646391,0.6366346705939313,0.5999069150309813,0.47424669392043445,0.8041050552063604,0.7920118657317365,0.7434871172307493,0.6492476738956037,0.792135757567793,0.9003159899248405,0.5388650591998994,0.6449971865629626,0.7250075724575751,0.7434943262552041,0.7042692195567191,0.0,0.6600667663093531,0.526057694257012,0.936272691812825,0.6682914109369614,0.5261337243686129,0.633479058227878,0.28772131752897717,0.5192790303382651,0.9202663708749655,0.4553701089585673,0.5957224110784604,0.78068615231825,1.1048480360259014,0.25846045894058634,0.0,0.0,0.0,0.31243567617835977,0.0,0.0,0.7623049285057559,0.7745168538722784,0.4639333454634683,0.8321554891116268,0.4712126874090909,0.0,0.003174545184584366,0.6080834240421346,0.0,0.6602346439072722,0.0,0.0,0.9275389431975902,0.9284572568568561,0.7241780787268586,0.6281366102106103,0.7941658737626798,0.8485653546060172,0.0,0.4192516470539097,0.4727493874685652,0.8463613554814811,0.939766641558996,0.764423180811519,0.7628600777633664,0.7525953183893148
