0.0,0.6981703673147461,0.4066874359195718,0.0,0.6146364785053947,0.5087623717844987,0.4329669888922902,0.44410145540271445,0.4608617320104437,0.6171771127808445,0.38513893755133877,0.6379842783517602,0.5812652702417949,0.3895246438759106,0.4910621778126299,0.658711381048031,0.4304795339032833,0.4853171288656065,0.0,0.27233425499536634,0.24176955151695254,0.5366776210025118,0.45179769944660936,0.652181800718101,0.46585553998384416,0.715159841407786,0.43226972389523677,0.4401691094565643,0.493368951138481,0.6784545872899665,0.6033211362874724,0.4694001247985989,0.6286949957414159,0.5005681587657491,0.36392864419633253,0.6393972661576138,0.4812666687765843,0.7187209853085726,0.6689409970030067,0.6137576576227965,0.5893962566640064,0.4879294242718686,0.4656353515936949,0.0,0.4931211698807123,0.5356717561528602,0.7523291937760307,0.0,0.0,0.0,0.3251243615552975,0.0,0.5278853905381011,0.0,0.6008996933818225,0.0,0.5062669371189588,0.7932790394802385,0.0,0.6284183752463299,0.7131274241299808,0.531883683610924,0.5857578059477824,0.0,0.4693081160149175,0.5484751020051278,0.7439906564735852,0.665633533243714,0.6518984859843652,0.7259160252673473,0.6942062447395265,0.3247171972277617,0.452718935963478,0.5045168337614871,0.0,0.5728443742506915
0.6981703673147461,0.0,0.49988209998774613,0.40642894170659505,0.48932369846369783,0.43229504877695346,0.5654357869375888,0.5049709558768807,0.327549229990024,0.4831156848009278,0.4121824495500636,0.4096996550682142,0.587335811431803,0.4977726851193769,0.551603452078592,0.7073448526244667,0.6479302449701205,0.633410916486107,0.6623873430356606,0.49651318497349284,0.5629656561010914,0.7465542167603376,0.5647749665607902,0.49302773326251237,0.6337052592035683,0.6198522414510479,0.5246816528691596,0.5391486020189926,0.4503649327878151,0.36156021297339835,0.6481313299171456,0.4207734374045478,0.4119579512675128,0.5495913158279303,0.5544646810561147,0.41431527136588764,0.057538833753526024,0.0,0.5713578419526697,0.4501282207669596,0.5280807913894852,0.37602455470359125,0.5826869836928895,0.0,0.0,0.6896056747881807,0.6320270682104121,0.046194182587723065,0.0,0.0,0.6305686242982184,0.5685174239189524,0.5096536757945225,0.7497811604493932,0.47043295547997854,0.0,0.5438643811576628,0.6508736158939417,0.0,0.4135083349442426,0.6385066486653534,0.6068611554125609,0.718191535713959,0.0,0.3677348322471015,0.7641355826846775,0.48937803152397297,0.623915533641633,0.4009181293872289,0.8003779651467582,0.6682041891953654,0.21093833459345554,0.7242401880578329,0.34116014890127316,0.0,0.6553919435393365
0.4066874359195718,0.49988209998774613,0.0,0.5795762510034115,0.5954562464392845,0.7016409614295626,0.5945480099308715,0.5871500280198738,0.20545640566232415,0.6214390540214473,0.6238236741628203,0.47612798074534296,0.6221650149324027,0.5273545149533374,0.5702362305984566,0.4094751191318088,0.5248719100489336,0.6749348441613958,0.36048490839992564,0.28799686355608445,0.5561712416903526,0.567099117299894,0.6648429365599491,0.33206654869356156,0.435140500650389,0.608836398854286,0.48641784878466066,0.61451056603111,0.6638087208117567,0.7149048471181533,0.5700625560353747,0.5638470726508846,0.5656597042244776,0.611501352589859,0.4532140157581966,0.5346673877108695,0.5877092863836382,0.4208706722115477,0.8973946216190776,0.4728117812862186,0.5399593959336819,0.4148876065716244,0.7919751072739203,0.9147008138910522,0.0,0.0,0.39257753914631777,0.40703301062180675,0.47414115910602783,0.5808136763120748,0.7226088683406493,0.5695951697654972,0.7159534575877493,0.7545611075248473,0.4420287883616507,0.26523489258787436,0.7641168434024337,0.6074017928252949,0.5446634589657213,0.3517412886806587,0.0,0.0,0.0,0.21513220134446417,0.7521179851463011,0.4559234006239624,0.2442151602367792,0.7450916569898124,0.0,0.5436145540890691,0.6327173305084113,0.7763249469358948,0.5592823527816919,0.5722965414415095,0.6409219445110627,0.3927433122661861
0.0,0.40642894170659505,0.5795762510034115,0.0,0.5483998142167789,0.5367750820224813,0.4823444106308927,0.6060256342197261,0.5495985337591759,0.2661916342692165,0.4642402588319666,0.41861089097579385,0.40914511512948176,0.8924789197006398,0.33037362381447244,0.25223938679001323,0.3865173121151614,0.4665313235551475,0.6107938090183277,0.6169757196725703,0.43982349812561916,0.422062976041249,0.6062330351596171,0.4664788292957033,0.7973678657307974,0.3952986394993434,0.5292885456104126,0.43993557213658185,0.7651203397657882,0.32324757577392726,0.5683711931884631,0.4810377819627824,0.25357171682220675,0.2856834228469133,0.37083999067180395,0.5870621330861858,0.42247091837091966,0.21620812806452822,0.1920752877046832,0.3776899478669645,0.21796535429143893,0.29193797829529256,0.42187995681014145,0.3892317909950037,0.0,0.0,0.0,0.4208654016566844,0.0,0.0,0.7305806908482999,0.0,0.46435559021202844,0.29928556099741455,0.0,0.41619065592128035,0.5149642506202148,0.4540527509114029,0.0,0.0,0.0,0.0,0.0,0.0,0.0,0.0,0.45962793838102767,0.48967233385718734,0.0,0.0,0.0,0.5463669827770845,0.4583858939590433,0.6455551799477837,0.0,0.0
0.6146364785053947,0.48932369846369783,0.5954562464392845,0.5483998142167789,0.0,0.5494449291658303,0.3161351228792456,0.642341380731142,0.28325521379945967,0.6322161813329801,0.3161241463537651,0.5293883178084362,0.5193814379513845,0.5107528181687808,0.6133432749133974,0.40478156648974395,0.5402589697541501,0.5224722269090218,0.47462981492055567,0.6556204402060172,0.7514043269498758,0.4834479789180725,0.5619175565034937,0.5036910010996396,0.4568727724892294,0.4724677059713236,0.6142207490705459,0.6807934629786163,0.7277864869393535,0.5285271697870879,0.6033366796673578,0.628726361483414,0.4967679462066005,0.5701279527103913,0.48353984873834704,0.5356503382790281,0.5289774839106652,0.3425174677043262,0.5847925193497181,0.4895578771364383,0.3793340854029145,0.561679137484048,0.6416120619924623,0.4217960903003581,0.35826634892365744,0.0,0.4559021486596745,0.993780826790543,0.0,0.5607300620722766,0.7254611582035406,0.712154483408285,0.48878343261551405,0.5377362506157397,0.0,0.5797439311032815,0.3470740171713451,0.7838231751396034,0.5377444788766776,0.539968286084825,0.4515318179264922,0.0,0.0,0.5751141357516055,0.6140923137939271,0.483002232081712,0.7013625081673908,0.7473608190520804,0.0,0.4747395454550286,0.6252172107034182,0.7432695249643384,0.6488065370646678,0.3768526730997414,0.0,0.6349097208805086
0.5087623717844987,0.43229504877695346,0.7016409614295626,0.5367750820224813,0.5494449291658303,0.0,0.7188212884122409,0.5133306275711007,0.4578541735664279,0.61331254439908,0.2667046553530149,0.7361628960368056,0.6994554602914306,0.492501582397494,0.6537250604606135,0.4882681512885815,0.5717222362268106,0.4571467184551849,0.4170249058238552,0.6308043282768714,0.5125935269815501,0.4403781558133327,0.6802199891862133,0.4416150230549142,0.34842504593414764,0.6869581154299735,0.6919339353903358,0.7115857995897978,0.5284789087544075,0.7665070465499708,0.7038120129288137,0.48308090744700344,0.627818849947378,0.6206428514303305,0.5502529945309163,0.5373060629634259,0.5234470286749899,0.49714939497428445,0.559016104153987,0.29408420134406976,0.43861685414144747,-0.16367315011206124,0.3765891910892747,0.4609570511080519,0.19845166799630695,0.6548632826411143,0.8008115055738031,0.6047712616344733,0.7067221811119414,0.6064491359218243,0.6432296006498741,0.6826310333392935,0.6458648558851672,0.543474193660969,0.723733811529179,0.669247179312398,0.3762631295749491,0.5669613085573986,0.7071447134657487,0.5378336992596722,0.5590318519524757,0.0,0.521659158811095,0.46013844664655834,0.5461684722776324,0.35885422217699836,0.6272363350119466,0.5776308978365067,0.5110246109213181,0.487815063763007,0.6254023714988521,0.5684323150561172,0.49778624303686436,0.6076998382282893,0.3843901945117792,0.47159429721779367
0.4329669888922902,0.5654357869375888,0.5945480099308715,0.4823444106308927,0.3161351228792456,0.7188212884122409,0.0,0.4944732396556753,0.5817469326554299,0.4693835367296287,0.5792673009030862,0.24365341593675854,0.6544328511452954,0.27503905510986304,0.5995639597452137,0.6509348185925463,0.676192354059165,0.5680243642741833,0.49811331198562414,0.6767232061951467,0.4813007623619922,0.5821186754513774,0.5414669569292359,0.53846227892002,0.5571729322758017,0.6418459434075025,0.5762054933810918,0.5577344812489029,0.7846991224671602,0.6152728781958576,0.6722082988034921,0.6685869090372294,0.24339742960530078,0.4988900986383419,0.38382368705731934,0.5098111662345273,0.3976986627524969,0.48950915599428196,0.7879006700434148,0.36202983088505547,0.5937074408522024,0.6998429008038374,0.590439857981678,0.7996366503825462,0.3487698224390737,0.0,0.47227876839207483,0.4500283591479736,0.0,0.6978513970772148,0.6198543329443267,0.6328953287157608,0.550935111031861,0.6183948663193859,0.5692340011384999,0.507281995204735,0.3392883980140008,0.5180244088975925,0.4300628104201489,0.4482097899091799,0.5584001905575198,0.0,0.5043694369371559,0.5957749415194487,0.6276465238101321,0.6176397258215658,0.6132356049420316,0.586312669192651,0.4732691402382877,0.6291807660936701,0.5251327417957483,0.5835817152401265,0.5512750088329942,0.37663647800133204,0.8084656842211038,0.49664598000582294
0.44410145540271445,0.5049709558768807,0.5871500280198738,0.6060256342197261,0.642341380731142,0.5133306275711007,0.4944732396556753,0.0,0.5590465503312834,0.7636335013036459,0.5477092397202589,0.7432166961619542,0.5553579095466944,0.8642380501200144,0.3819802252596296,0.6712949002843815,0.733074232341549,0.5726773895745588,0.46105527521140993,0.4072841073177804,0.49365531501355175,0.6487937245722745,0.5464852716704935,0.4310616727518002,0.5964019108421893,0.6062502186818451,0.46772487361305704,0.5439101166564889,0.40814658606932397,0.5875207774056465,0.49791964862150373,0.5912776324924985,0.6061812305753604,0.4656262196165179,0.2745276655381221,0.7395894526660992,0.04880153744443411,0.5106020616072097,0.6110677745550319,0.4673844146759156,0.2603516330204057,0.3605564763989919,0.7149948649367208,0.466543959915375,0.0,0.5520188761037426,0.4020033504991652,0.604440933460219,0.0,0.6869271679195047,0.7504732556838273,0.6367524616099289,0.5052807050039967,0.4886445683014541,0.6354798605766225,0.5715026842318872,0.9144778475060893,0.6306082120241434,0.5843660887837969,0.7127779006439472,0.5676006177257975,0.0,0.5410456758017322,0.6061950530686742,0.697372064929216,0.6809005731492709,0.5827653690943642,0.7026126244309193,0.0,0.5447814928673597,0.39274617170739307,0.6766857502548926,0.5170246205124623,0.6450571642830873,0.5639517341684758,0.465515320979617
0.4608617320104437,0.327549229990024,0.20545640566232415,0.5495985337591759,0.28325521379945967,0.4578541735664279,0.5817469326554299,0.5590465503312834,0.0,0.6010859229359311,0.14804526772583715,0.5544255654609284,0.5798786780806804,0.40100224734437473,0.8728412821067949,0.511062800725726,0.5415469259103838,0.6008312188445701,0.10485648305468581,0.6168222402408912,0.40230074350655304,0.4302911168706253,0.48823739603777366,0.5134523754549618,0.2219689316511619,0.5833547743855334,0.6745246432468446,0.583601782752486,0.5358244024627186,0.6414333243093522,0.5258121650985322,0.5354983111164904,0.4496037945798551,0.5432718755320112,0.5000172140193957,0.36367816548724136,0.4981406787751965,0.4805929423570725,0.9069109452735651,0.31228368585860317,0.5062143096388738,0.4788448854340429,0.6365868334870012,0.5635285451148598,0.34414759391024285,0.0,0.5083668475106258,0.7606052369753442,0.47271836631176917,0.7528660394480144,0.8155121221004542,0.75905842886564,0.6681091978998657,0.5955395499324252,0.41823738139210087,0.6188767609358313,0.4163710489993111,0.5724057709932501,0.7458622261461114,0.47737648251761755,0.7000722701104474,0.0,0.0,0.5406201546268745,0.5781728100449938,0.6628687194434482,0.764977684413794,0.7291594940657012,0.4266871713993625,0.6313840611342635,0.1851470173804827,0.733392562290764,0.5351036698676928,0.46271066687486423,0.4675671602215239,0.6896015288731776
0.6171771127808445,0.4831156848009278,0.6214390540214473,0.2661916342692165,0.6322161813329801,0.61331254439908,0.4693835367296287,0.7636335013036459,0.6010859229359311,0.0,0.6438995405495651,0.43046881296272554,0.5262924266622597,0.7258218091891011,0.7096735698086197,0.4564633145677292,0.6630727630873393,0.6471889787872691,0.5505058043166948,0.2580135212851945,0.6072554760160956,0.5394083360301767,0.7768970171333944,0.3336011862855924,0.6370774271315831,0.4907351477518004,0.4353943794495352,0.6270604802638495,0.4872274031174231,0.35005394933860756,0.7359337294941901,0.35869193999039917,0.3777293126886215,0.400093808774163,0.3597278268740759,0.3540917146380776,0.42635419400797303,0.4049833318613087,0.5241515765749467,0.32502655096707644,0.5842884246731468,0.6330592813356956,0.7404603897029639,0.3304789876928561,0.5142975910168333,0.6353697246725443,0.012727854725599674,0.369627789851385,0.4825949716225428,0.4332010617156668,0.5825461475910592,0.46438134425892963,0.6738497622835053,0.5177007861336731,0.5307663796295043,0.37965613905640233,0.5243189022433243,0.6653524703901539,0.0,0.6281916611445727,-0.05866296883576816,0.4705520850999947,0.22153189713940188,0.4642699485911361,0.4650050717325558,0.4776035948174639,0.4450662129499051,0.5850680169705724,0.4006098983705551,0.2994651184070478,0.34319584462200015,0.751668991704301,0.5963037029040388,0.6215104008583009,0.0,0.7298344901793165
0.38513893755133877,0.4121824495500636,0.6238236741628203,0.4642402588319666,0.3161241463537651,0.2667046553530149,0.5792673009030862,0.5477092397202589,0.14804526772583715,0.6438995405495651,0.0,0.6330953821589695,0.5564760991399138,0.5336985024428408,0.0,0.4935557373271262,0.5017166330297202,0.5255911726273865,0.3233334465243556,0.45003391746437066,0.4957744717528214,0.41998087192528405,0.3488829232740638,0.524288843230198,0.5660636943095894,0.5893766818301294,0.5109695339046256,0.6117629136143674,0.4199370648115428,0.396466521331878,0.5322356784895499,0.6428097881350616,0.6220458733830094,0.5922342245837495,0.5284216402048008,0.5441073880905465,0.6470261496935608,0.6079995636897595,0.5884590569301146,0.6265367736712181,0.47979080945260555,0.3862824005289481,0.6865051430147155,0.6779427777526196,0.17087164017889234,0.0,0.0,0.7541332946203216,0.465302553073435,0.5053906919152966,0.7359333121989173,0.4975199067534288,0.6249688919675518,0.6861828372578338,0.5625392041596879,0.6031971431508217,0.27060677208753686,0.5663497366978656,0.6124749831688006,0.0,0.0,0.0,0.0,0.41405417276851114,0.4908652140718285,0.0,0.5282328629174395,0.6957717475514766,0.0,0.0,0.9062822049215309,0.6980174685265415,0.43734386207022014,0.3921612721181129,0.0,0.5550091702883811
0.6379842783517602,0.4096996550682142,0.47612798074534296,0.41861089097579385,0.5293883178084362,0.7361628960368056,0.24365341593675854,0.7432166961619542,0.5544255654609284,0.43046881296272554,0.6330953821589695,0.0,0.4504912022230665,0.6694480505711857,0.5134205792059663,0.6157055520958319,0.554078375323068,0.6910959364351796,0.6187585398212668,0.305979247355773,0.5738280131715638,0.8230558888234722,0.5117542115474136,0.2993014695775505,0.557370795155593,0.4820390061349681,0.34856540614449616,0.545716602646826,0.5376794507433648,0.37190619622264676,0.46851747652922193,0.331687981836714,0.3685094096072833,0.42899768647852116,0.5844327088434923,0.38274422254687535,0.5999473334417429,0.24216383658567261,0.3010551122121511,0.3352370698234366,0.34719921201229864,0.17476067901767534,0.4614906069186608,0.424671215050217,0.4627201262057102,0.3083058416385928,-0.16242090031860007,0.5150998618785656,0.14966318670016732,0.37208182766336023,0.3021039182265047,0.3334642861424848,0.34463364231538673,0.43345221182714777,0.5597343526131637,0.17456135107796056,0.6306847877928927,0.5563702349110164,0.5265681430652583,0.5061229743881304,-0.2676514795067747,0.46101550724836204,0.3544917464746031,0.39595343996241716,1.0713018621205679,0.8179296719273603,0.2633084758173819,0.3759470633369943,0.4166028481892061,0.3269323444616886,0.41111614337160646,0.47553372161265894,0.7708347396266564,0.5595463799945459,0.0,0.7355826416410749
0.5812652702417949,0.587335811431803,0.6221650149324027,0.40914511512948176,0.5193814379513845,0.6994554602914306,0.6544328511452954,0.5553579095466944,0.5798786780806804,0.5262924266622597,0.5564760991399138,0.4504912022230665,0.0,0.4171235488837569,0.6024205891961354,0.6561559574408935,0.5060940949093146,0.6351218064964849,0.48798644508937494,0.7015990994184405,0.5960633243031122,0.5689793232561258,0.6090676910716601,0.22798665434020476,0.6240895403227683,0.6549491026888306,0.6072195528355375,0.5498640084048525,0.7906756865383839,0.5341792051925712,0.6007837314967233,0.7515004199541944,0.3714819278275526,0.6000153583872367,0.4872561261894974,0.5630585622803016,0.3502384740366734,0.42887026124637306,0.48845022109211045,0.2816819835185892,0.5728674621153029,0.52854518046582,0.5220423545084856,0.37194372340789117,0.3678783978921259,0.5675132696674771,0.571415625724079,0.5847535070220025,0.0,0.7322235700451571,0.7104573741576878,0.6334638018115133,0.5693209945838769,0.6598943287588637,0.3777638764526031,0.629830229681815,0.6850106384196393,0.6572044308397849,0.28610979125184677,0.5106258548669551,0.512905757392244,0.5206342984975668,0.4474244343496325,0.5497502303088457,0.5489238483761477,0.6548199043538658,0.5404197056046909,0.6449303196849744,0.4675610973523189,0.49713443138546076,0.4821016194601641,0.6595527838425617,0.5262145114011145,0.5352299248411305,0.5418227318568876,0.5671726767824802
0.3895246438759106,0.4977726851193769,0.5273545149533374,0.8924789197006398,0.5107528181687808,0.492501582397494,0.27503905510986304,0.8642380501200144,0.40100224734437473,0.7258218091891011,0.5336985024428408,0.6694480505711857,0.4171235488837569,0.0,0.34052833391111537,0.5037563077558902,0.45118597817533235,0.49864020758307254,0.49580081362239276,0.3660450421729035,0.4956271684869874,0.14799091653483032,0.5600060616006337,0.6854296991681363,0.39914123534322776,0.38788854290601,0.5005551765817374,0.5280958771915734,0.3023988751969444,0.6765794727304507,0.4696432393650417,0.5033267322725726,0.20836230977226833,0.7311568590939854,0.37500464530223676,0.6442867697354917,0.6141519368098916,0.2820167494087631,0.8160846222601885,0.0,0.6642119279259016,0.6747392633985132,0.5999444441345407,0.47335087917683677,0.0,0.0,0.0,0.46441535165634834,0.0,0.4546328427457345,0.4131279442348097,0.603761436969567,0.4530741623260656,0.47587801362829485,0.0,0.7856919654097241,0.357093263913789,0.5191011149619296,0.44308003684324854,0.0,0.0,0.0,0.0,0.46063913981182686,0.0,0.0,0.0,0.7895564716198211,0.0,0.0,0.0,0.8024561716228173,0.7244621167014297,0.0,0.0,0.0
0.4910621778126299,0.551603452078592,0.5702362305984566,0.33037362381447244,0.6133432749133974,0.6537250604606135,0.5995639597452137,0.3819802252596296,0.8728412821067949,0.7096735698086197,0.0,0.5134205792059663,0.6024205891961354,0.34052833391111537,0.0,0.6329862827814198,0.3960501990949463,0.5518784870027869,0.0,0.7078321648943604,0.6873762002299193,0.7498954646962774,0.7277307156683619,0.5771488443045267,0.63342968455002,0.6054574661421432,0.6099919262366695,0.3427363684100358,0.41948226201257166,0.32137962930552266,0.5819593477088127,0.31308805440865006,0.5851560366854252,0.46951363072084956,0.4391522417749656,0.5701144844912429,0.2828754009024565,0.38034415009703026,0.45965829478713593,0.6680411772978485,0.5551913050943467,0.457364812687191,-0.04500940405255982,0.3970397159910773,0.0,0.854624198671562,1.0090554828307154,0.6151649997960584,0.0,0.0,0.5696271773412688,0.7215260627502968,0.6516324357077402,0.5766226389429945,0.0,0.0,0.48857108274720146,0.49560827221436676,0.46779130768958455,0.7122988293072497,0.5638708234826366,0.5515703090598179,0.6369012549856383,0.0,0.7037916088765979,0.6464445436835624,0.8263215296300526,0.751061671972331,0.4479702050288305,0.4723981324109087,0.7290725304350567,0.6529656928732044,0.31356241161100196,0.46361385396244964,0.4163073789834367,0.4326775575140688
0.658711381048031,0.7073448526244667,0.4094751191318088,0.25223938679001323,0.40478156648974395,0.4882681512885815,0.6509348185925463,0.6712949002843815,0.511062800725726,0.4564633145677292,0.4935557373271262,0.6157055520958319,0.6561559574408935,0.5037563077558902,0.6329862827814198,0.0,0.5258313974994195,0.6590797858660304,0.4495238964547641,0.5307202206097467,0.6626021471287373,0.6398424424555376,0.6586447432105516,0.3945379316415009,0.5035256532925743,0.6749020156607539,0.5510434089515701,0.5911316492100652,0.5622662127447935,0.6781497472469595,0.6354178213731808,0.4212464871361935,0.4198444399541381,0.3109804096349701,0.5172398331926065,0.8306428300938908,0.4097915032110422,0.6787876592473931,0.6446462928365916,0.3879319150781785,0.5870357568934549,0.46722606827292446,0.46857443771964846,0.0,0.0,0.5351568892370591,0.6735447168775839,0.0,0.0,0.0,0.5726722384068734,0.7025796079033848,0.8658128538256582,0.0,0.5898511825483526,0.0,0.38685498876302327,0.5531782248062187,0.0,0.5935409516251013,0.6545026600638677,0.5988750194417582,0.5913910524572565,0.0,0.4939827334673118,0.5467381161618177,0.4927077628438713,0.4832270408953417,0.2554099469480995,0.7932708377049671,0.7414611213220992,0.5124465014581594,0.6178810098286689,0.5965633478094032,0.0,0.4890543248193994
0.4304795339032833,0.6479302449701205,0.5248719100489336,0.3865173121151614,0.5402589697541501,0.5717222362268106,0.676192354059165,0.733074232341549,0.5415469259103838,0.6630727630873393,0.5017166330297202,0.554078375323068,0.5060940949093146,0.45118597817533235,0.3960501990949463,0.5258313974994195,0.0,0.8613824675513213,0.6419909354121294,0.3593589834119115,0.5497117740512729,0.5740060717576516,0.7314110184007256,0.5859001382041806,0.7592151292966004,0.5358324009799027,0.44893144415921227,0.7282164878839135,0.39007541856580924,0.5765529754428578,0.732054197364899,0.30430174952937616,0.5086778512653114,0.5394028079717257,0.42137668789881344,0.6345002599350692,0.3465111530138376,0.3211239692475745,0.34160767717891655,0.25564304666665066,0.3049079925783938,0.6390685311796341,0.0,0.0,0.3766093124372492,0.46299241382399164,0.2073129343635403,0.0,0.0,0.0,0.0,0.0,0.0,0.0,0.5613070423267563,0.0,0.46702139533319587,0.6491351907083506,0.0,0.5487092409192466,0.14848068382181434,0.6766656617871607,0.3323494413459382,0.0,0.0,0.0,-0.28033069128782356,0.0,0.4442262050454283,0.45801248122331967,0.5313543207920199,0.0,0.33101016487969315,0.4709305655332692,0.0,0.6241592613217426
0.4853171288656065,0.633410916486107,0.6749348441613958,0.4665313235551475,0.5224722269090218,0.4571467184551849,0.5680243642741833,0.5726773895745588,0.6008312188445701,0.6471889787872691,0.5255911726273865,0.6910959364351796,0.6351218064964849,0.49864020758307254,0.5518784870027869,0.6590797858660304,0.8613824675513213,0.0,0.5423543702377708,0.4117956475298542,0.7478820750804238,0.4865276468907912,0.6992092670651913,0.5869107762603984,0.6995975661387261,0.5415101010193786,0.5856631780142012,0.5309788033421055,0.4625441973471683,0.5614782632934138,0.5679222133140809,0.25240574689826084,0.5133501605317953,0.6138476306383327,0.33566741789654303,0.5460062622151014,0.3981472456007649,0.432069277033856,0.5385060948525662,0.430853864531129,0.4078977372851549,0.5373657338614003,0.0,0.0,0.5277097064947224,0.5422146628239455,0.533482521170922,0.0,0.0,0.0,0.5390848075626951,0.5091417892265288,0.6067738049848523,0.0,0.5638008821859486,0.0,0.6186598011048984,0.7832689507378287,0.0,0.5722253855449378,0.4648609767507871,0.6059993881620359,0.47974792956576884,0.0,0.4385897892295323,0.5625424969873765,0.17123304393308691,0.7715828930534583,0.5327130479304103,0.600662870591057,0.6828471280382014,0.7449722118474701,0.6955888898061084,0.6491167410394534,0.0,0.618203866547035
0.0,0.6623873430356606,0.36048490839992564,0.6107938090183277,0.47462981492055567,0.4170249058238552,0.49811331198562414,0.46105527521140993,0.10485648305468581,0.5505058043166948,0.3233334465243556,0.6187585398212668,0.48798644508937494,0.49580081362239276,0.0,0.4495238964547641,0.6419909354121294,0.5423543702377708,0.0,0.5036439838863249,0.6479129980615852,0.6971534297239688,0.4799423668611029,0.4842152403831669,0.5783248611949847,0.6278092537861634,0.5195355360102771,0.5672419700240294,0.5501782906909622,0.5431206202804336,0.4759517404590283,0.4950288740542531,0.4338706376112421,0.5012689958505627,0.38867482131608555,0.5100674413952477,0.2063872601208566,0.40144036956386947,0.7309838877041352,0.43815125032182567,0.2961365654698264,0.37758711159424946,0.8366522432867323,0.5996763336366636,0.0003911135390347459,0.0,0.0,0.6770311995842799,0.0,0.45190355352262673,0.6077887312827669,0.5735393319625015,0.5136651425147511,0.5533356779869394,0.5951131106665055,0.5546275741076481,0.4594963763174474,0.5503096538483068,0.4618017027474822,0.0,0.0,0.0,0.0,0.6880687659750191,0.4698279271286324,0.0,0.4852023907188919,0.6357856592849515,0.0,0.0,0.0,0.6530599068474621,0.49576817458156736,0.4305112438806033,0.4807146277716028,0.559418104380379
0.27233425499536634,0.49651318497349284,0.28799686355608445,0.6169757196725703,0.6556204402060172,0.6308043282768714,0.6767232061951467,0.4072841073177804,0.6168222402408912,0.2580135212851945,0.45003391746437066,0.305979247355773,0.7015990994184405,0.3660450421729035,0.7078321648943604,0.5307202206097467,0.3593589834119115,0.4117956475298542,0.5036439838863249,0.0,0.31735751590301364,0.60282813365986,0.7430076218983838,0.33831116704222225,0.44158527785950574,0.5011323651311701,0.8032661409388692,0.5889888892808716,0.7593879449946747,0.7246169958646396,0.6670222162904111,0.2447103901150067,0.305264408143263,0.49371009624538764,0.40237229789741563,0.6740412586970305,0.4625204555524144,0.7278371691306724,0.39853702110101696,0.1602541729683172,0.31349973742581894,0.5414786344167286,-0.13980506800204928,0.0704323269818529,0.3384429192823517,0.52160028458823,0.3422092816993656,0.7134705439676694,0.0,0.0,0.5247342489424784,0.5866865815536866,0.5201932769261846,0.588119891339729,0.7852392702796642,0.0,0.4810736724130513,0.499997383659602,0.0,0.5749436103503349,-0.09306662305462055,0.4668420759734656,0.4020570334869519,0.0,0.47431428751604776,0.45510248705270795,0.5558488213749694,0.6033792034028302,0.0,0.5721008260330204,0.41074470831267573,0.5538526132334822,0.3776736242704266,0.5213189663481256,0.4120508257429124,0.39942495473596307
0.24176955151695254,0.5629656561010914,0.5561712416903526,0.43982349812561916,0.7514043269498758,0.5125935269815501,0.4813007623619922,0.49365531501355175,0.40230074350655304,0.6072554760160956,0.4957744717528214,0.5738280131715638,0.5960633243031122,0.4956271684869874,0.6873762002299193,0.6626021471287373,0.5497117740512729,0.7478820750804238,0.6479129980615852,0.31735751590301364,0.0,0.49812739325089256,0.6365141013724618,0.3752751718433579,0.6054622497314911,0.7390970911357801,0.43542939663307967,0.3638452989714993,0.24912585888935354,0.4153563115615648,0.5486986290715058,0.2331236486271836,0.4121884039826253,0.4515721109162799,0.4770609219342064,0.4147332531214915,0.4051207216441216,0.502678685604506,0.655219662278123,0.6643638248153092,0.49502764976335484,0.37357902522469805,0.613308372261858,0.0,0.0,0.8791881233447734,0.8866319236281852,0.6878257939154945,0.0,0.0,0.6544894699353778,0.4085399494350638,0.23013861614355507,0.622250716357247,0.6361549733217958,0.0,0.7478106476662236,0.5153125494870119,0.0,0.7186992989652452,0.7662517747744927,0.0,0.385680389569649,0.0,0.6407657079242766,0.6469717975360554,0.8396029890269197,0.5971884720921758,0.5376917407711326,0.3428704015145818,0.8233845313212229,0.5674419742986407,0.6365228046490952,0.631852470773098,0.5334610361649651,0.37345098347378314
0.5366776210025118,0.7465542167603376,0.567099117299894,0.422062976041249,0.4834479789180725,0.4403781558133327,0.5821186754513774,0.6487937245722745,0.4302911168706253,0.5394083360301767,0.41998087192528405,0.8230558888234722,0.5689793232561258,0.14799091653483032,0.7498954646962774,0.6398424424555376,0.5740060717576516,0.4865276468907912,0.6971534297239688,0.60282813365986,0.49812739325089256,0.0,0.7905050832179832,0.30210520007516123,0.6947383126826525,0.727127381215685,0.5689969934077401,0.5972049770874444,0.5079411801938885,0.5861113424633413,0.6672852900441147,0.36144330723868157,0.3450502849235711,0.5144186100134301,0.46927901338780215,0.5111341907626615,0.6058332926958806,0.5526542776577787,0.4413612884539,0.3705006882884499,0.36886163458624077,0.3761337562912338,-0.08861380141892511,0.4330863090805565,0.3980244996272085,0.7875744283395161,0.7215770249706213,0.7180371774770979,0.47118571846721347,0.3918070055817235,0.6345878088241487,0.7012086063896041,0.5766032656993758,0.7159724633422464,0.4250710015380325,0.0,0.641320123945435,0.6026524352498404,0.0,0.6890938492868792,0.5233970246342838,0.6699736217035903,0.48058352830228745,0.0,0.5347586781458578,0.6422488064702153,0.6362012101531811,0.6031991567940853,0.5995864907795551,0.5289308708970188,0.6347098156723698,0.5079613474770504,0.1804391921452495,0.2587333074345255,-0.31234834911459175,0.3905466416331474
0.45179769944660936,0.5647749665607902,0.6648429365599491,0.6062330351596171,0.5619175565034937,0.6802199891862133,0.5414669569292359,0.5464852716704935,0.48823739603777366,0.7768970171333944,0.3488829232740638,0.5117542115474136,0.6090676910716601,0.5600060616006337,0.7277307156683619,0.6586447432105516,0.7314110184007256,0.6992092670651913,0.4799423668611029,0.7430076218983838,0.6365141013724618,0.7905050832179832,0.0,0.5026159376864399,0.7076870854708023,0.5460725811257501,0.6764478606044085,0.5114730472414356,0.4743200280699984,0.5534142963427344,0.5042177089056279,0.4038185872756216,0.42378701738007996,0.46787333669731845,0.4179252088810384,0.47242585897733425,0.47788249164079166,0.398640396197644,0.5566713668053742,0.46947162607669446,0.37749353211993353,0.21635582447227714,0.6186843675716133,0.6075454931279706,0.6477816655867604,0.43428757316685196,0.8023677448511907,0.6916690317012075,0.593747177130836,0.6033021222443938,0.695473400849069,0.550029961471569,0.6088514483873829,0.6326336087658972,0.49419007598318043,0.6255062094773773,0.4569442487963157,0.5429170476570407,0.49732760550487454,0.6472979123602957,0.6224394784148115,0.46500507173255523,0.5429346425181004,0.6026771191715181,0.6354740287026538,0.6500910999802179,0.7073542789968523,0.7195927765637697,0.3413421651703807,0.7016144975451555,0.6017121840752122,0.5946253481986921,0.4816367582037125,0.6411476769053768,0.5344037274703003,0.522418775154549
0.652181800718101,0.49302773326251237,0.33206654869356156,0.4664788292957033,0.5036910010996396,0.4416150230549142,0.53846227892002,0.4310616727518002,0.5134523754549618,0.3336011862855924,0.524288843230198,0.2993014695775505,0.22798665434020476,0.6854296991681363,0.5771488443045267,0.3945379316415009,0.5859001382041806,0.5869107762603984,0.4842152403831669,0.33831116704222225,0.3752751718433579,0.30210520007516123,0.5026159376864399,0.0,0.5637635020765639,0.44045994263049,0.421181869372992,0.4660033026020333,0.7353490993166746,0.8717739236701554,0.5653374825826989,0.3724303937718142,0.6113684240886151,0.04277786590379898,-0.12692472209748878,0.29723546051164684,0.30923027449854945,0.3540319957520849,0.883102133351337,0.556312042777831,0.4143177612472332,0.15056474464677844,0.49149671531176287,0.4932006058856958,0.6604312489497748,0.2583897864039857,0.3086778839435045,0.0,0.0,0.4598319770140039,0.6503891557400774,0.3703560558384963,0.0,0.3393289831179186,0.5809735241776517,0.5073156113610493,0.5708750882484035,0.6101574524043462,0.0,0.3310956009122854,0.016488595316317467,0.43917277300852253,0.3881525211994804,0.4858422845891092,0.3926202159195736,0.42210803084016624,0.5090659925319498,0.6674052096214329,0.3628847086714977,0.35619023040725317,0.507099544315091,0.331395923133761,0.702984794234492,0.8255091764871478,0.0,0.5449952777379181
0.46585553998384416,0.6337052592035683,0.435140500650389,0.7973678657307974,0.4568727724892294,0.34842504593414764,0.5571729322758017,0.5964019108421893,0.2219689316511619,0.6370774271315831,0.5660636943095894,0.557370795155593,0.6240895403227683,0.39914123534322776,0.63342968455002,0.5035256532925743,0.7592151292966004,0.6995975661387261,0.5783248611949847,0.44158527785950574,0.6054622497314911,0.6947383126826525,0.7076870854708023,0.5637635020765639,0.0,0.4357241470770155,0.4408364092269217,0.5495752578148628,0.49053930253247313,0.48011361735983993,0.5535233217396849,0.12341408778278723,0.41298038805491044,0.34561124116487807,0.2656378526899628,0.5181514331073056,0.6104751637950505,0.3196353225186568,0.5161796573683861,0.3100204618269311,0.3921485653669733,0.3141830533253466,0.20665594193332734,0.0,0.49753980254784114,0.5179848928202138,0.4867829478924258,0.0,0.0,0.0,0.5533039579721895,0.6457150099565303,0.6531979996023913,0.4353421899393123,0.6288671778676497,0.44215393233966505,0.6457653315913932,0.49891482693675093,0.0,0.49919846370299825,0.3971904299559742,0.6135899178391271,0.39287725913037724,0.0,0.04545498124151015,0.4272337382486717,0.02900598632354784,0.47264081982720973,0.5213481582723868,0.5209087515555761,0.5798402066377861,-0.16237419806709746,0.7286699266780275,0.031106421426936703,0.0,0.5148111809212128
0.715159841407786,0.6198522414510479,0.608836398854286,0.3952986394993434,0.4724677059713236,0.6869581154299735,0.6418459434075025,0.6062502186818451,0.5833547743855334,0.4907351477518004,0.5893766818301294,0.4820390061349681,0.6549491026888306,0.38788854290601,0.6054574661421432,0.6749020156607539,0.5358324009799027,0.5415101010193786,0.6278092537861634,0.5011323651311701,0.7390970911357801,0.727127381215685,0.5460725811257501,0.44045994263049,0.4357241470770155,0.0,0.6329550025121937,0.6188047157940644,0.6465486019785006,0.526591477884161,0.5656719086051678,0.4765103996715643,0.5483850546380988,0.5123461130498621,0.6729998308374434,0.6502284946807384,0.592342654262016,0.20303909858149505,0.7347513285363863,0.5145296997945077,0.7718638170491154,0.5869814728670804,0.32642388115654675,0.49315356519675746,0.32109647796108504,0.612182716193031,0.8593837335825061,0.8363533006175805,0.0,-0.004311059664382884,0.7929742785138427,0.5940799715140073,0.49566166447492743,0.5912918321084167,0.5564349114506285,0.0,0.6212800519185738,0.714312348886859,0.0,0.7482309267686778,0.7160973055494244,0.5488455637724642,0.4191848502202889,0.0,0.5500864491834729,0.8621696069111688,0.8356313179914947,0.7020320184842801,0.4773356472293137,0.573506085210276,0.6595948624996857,0.7848107826882268,0.5902820292119286,0.44541612496838867,0.43623087982061104,0.6242630509038268
0.43226972389523677,0.5246816528691596,0.48641784878466066,0.5292885456104126,0.6142207490705459,0.6919339353903358,0.5762054933810918,0.46772487361305704,0.6745246432468446,0.4353943794495352,0.5109695339046256,0.34856540614449616,0.6072195528355375,0.5005551765817374,0.6099919262366695,0.5510434089515701,0.44893144415921227,0.5856631780142012,0.5195355360102771,0.8032661409388692,0.43542939663307967,0.5689969934077401,0.6764478606044085,0.421181869372992,0.4408364092269217,0.6329550025121937,0.0,0.5465464156485699,0.671850735357405,0.5136877405222986,0.5908717989621757,0.34357108742724163,0.18446186040049833,0.4886034314751475,0.33234881550288314,0.27394602844886506,0.4629440708611655,0.4810707853750154,0.5134171564421872,0.11728699096779394,0.20036037042231447,0.13440761866348783,0.45599997852172114,0.5592955096475205,0.20005265474707729,0.5847311129353239,0.5946207989350827,0.644474496564112,0.52644747199125,0.7240049857719415,0.700175631372259,0.48192525592999547,0.5533832671221117,0.5363484083327124,0.7788256193384505,0.6369243437677524,0.4454675188693004,0.5216054364337377,0.718042581733576,0.5730974772607393,0.5147642690210695,0.0,0.4502750127153885,0.627423386163591,0.5836698822751212,0.5436181685904206,0.5654925542774412,0.5631607143312936,0.0,0.47906099550243814,0.5336040308378858,0.5875728470194234,0.46643892917316776,0.5717304232556395,0.34470034879258205,0.4581853209818395
0.4401691094565643,0.5391486020189926,0.61451056603111,0.43993557213658185,0.6807934629786163,0.7115857995897978,0.5577344812489029,0.5439101166564889,0.583601782752486,0.6270604802638495,0.6117629136143674,0.545716602646826,0.5498640084048525,0.5280958771915734,0.3427363684100358,0.5911316492100652,0.7282164878839135,0.5309788033421055,0.5672419700240294,0.5889888892808716,0.3638452989714993,0.5972049770874444,0.5114730472414356,0.4660033026020333,0.5495752578148628,0.6188047157940644,0.5465464156485699,0.0,0.6154347514554632,0.6375113193615185,0.7464932242251285,0.5310028917131443,0.49165430122029924,0.5163436438648625,0.6396057955512041,0.5709334703673488,0.3111219999857875,0.7128065226902185,0.3494712548258414,0.2896250258681537,0.5985181331250883,0.27931782425993357,0.4435257368569506,0.4830502319253751,0.7449975014851652,0.5943507874047806,0.5620757542937258,0.6140497214215566,0.0,0.7402542541088731,0.7087450103739209,0.6190349139583649,0.62425403275937,0.5963015948093047,0.5901512847795665,0.5539261931492592,0.7610060616637551,0.58521661026612,0.375882750988927,0.4677132735413091,0.4128963255553704,0.3112423729870219,0.5483709561575558,0.7107247659343373,0.6426459102778685,0.5786779716980952,0.6255341976085236,0.6731887111157884,0.4629476786968272,0.6105721647864442,0.47753838312714664,0.640647405518648,0.5376629036940068,0.5695503914982956,0.6047348725518251,0.4399488400357877
0.493368951138481,0.4503649327878151,0.6638087208117567,0.7651203397657882,0.7277864869393535,0.5284789087544075,0.7846991224671602,0.40814658606932397,0.5358244024627186,0.4872274031174231,0.4199370648115428,0.5376794507433648,0.7906756865383839,0.3023988751969444,0.41948226201257166,0.5622662127447935,0.39007541856580924,0.4625441973471683,0.5501782906909622,0.7593879449946747,0.24912585888935354,0.5079411801938885,0.4743200280699984,0.7353490993166746,0.49053930253247313,0.6465486019785006,0.671850735357405,0.6154347514554632,0.0,0.6537564586172375,0.6796656624324366,0.28107448564121573,0.36968924314825835,0.5510270292169397,0.377450811709594,0.5499043210525282,0.519155059686317,0.5412140867718734,0.4062901057308106,0.5355128443901713,0.5280106631498184,0.48271387718427555,-0.09573626060117432,0.6184996505442271,0.512134119385528,0.5297611439468701,0.3281519948976419,0.6168360929965018,0.46900382969105203,0.3892491669908378,0.40950123520978954,0.5999238812887433,0.49662703114496753,0.6420441865478794,0.6709545506836394,0.5566354104551304,0.5542242932679304,0.5382686585154606,0.5737031446386484,0.5231757211007908,0.6363110853662837,0.46857796821678577,0.5989490549676157,0.47632748278985815,0.5432557445076996,0.42776271259569404,0.5346100258419065,0.5827321170479058,0.4792779020918758,0.5647986752658243,0.48256329409507254,0.6177995116899523,0.3824716254249148,0.5369923234569954,0.373518434586788,0.3801039931822298
