0.0,0.7391619970531904,0.4918691360834355,0.0,0.639018599286283,0.4254070179142962,0.6836783099741284,0.8808625535719423,0.4243952893600131,0.3777796771410206,0.5080732915255702,0.2316302715738036,0.696761759001737,0.8707592003462588,0.47026681679379323,1.0139763348339454,0.323412268387515,0.7240408279788206,0.0,0.5954987551617468,0.6815639109296372,0.8822320484831034,0.8019046240393533,0.7001694518874005,0.6701317392212677,0.7089954263182678,0.1927885478404991,0.7293189714896404,0.9387404401562921,0.41573724835272535,0.9129459461781477,1.0291557203462949,1.0298569702206875,0.9078566405287989,0.9106092161926738,0.9006943452323419,0.48836105179893863,0.4572806233507043,0.6763399134805577,0.6203632732173908,0.5944927726387128,0.8082338198801191,0.4727217544404062,0.0,0.520420983376394,0.43231626408150264,0.5860076428761232,0.0,0.0,0.0,0.9199182168844675,0.0,0.4502331891340995,0.0,0.3594189057999768,0.0,0.4463664373375888,0.915051376758643,0.0,0.413735101066106,0.7180147091186848,0.1816572239731702,0.6417563582707386,0.0,0.6824207353748679,0.6191839894688878,0.6019377623732236,0.37796529308895505,0.4271300819946007,0.7284930435411874,0.6556568899926905,0.4327163076419119,0.44890559274526187,0.8044626789822416,0.0,0.6019455351920372
0.7391619970531904,0.0,0.9526823383824251,0.3971977758492713,0.7418399258285139,0.4807571481251422,0.6554575044058822,0.468427875844954,0.5906108221569986,0.5162988130923315,0.3692680964667452,0.5267752683347987,0.6731038508753482,0.547807575094355,0.7302300609179779,0.5805664717541237,0.6451879920104422,0.4730032272774857,0.2887065960267071,0.5254400849379511,0.6937357908249308,0.7831345998138244,0.4819441674458325,0.5406232040426503,0.4211854589153551,0.6116827420231772,0.27562244403683894,0.8181947184262361,0.5229432474733587,0.6088987363542566,0.8382717078077839,0.8252829916753834,0.7774777960443666,0.7396507957593339,0.8391582235861544,0.5638758459047615,0.04653387244979524,0.0,0.8163990242483519,0.7777975539196013,0.7789942169886318,1.0035895521982676,0.5870840099950329,0.0,0.0,0.7672201411253923,0.8922990793068206,0.04221861855598752,0.0,0.0,0.9833299882527986,0.7831332982940655,0.43457098917710646,0.7332307706132404,0.6416953270211991,0.0,0.5232323179359217,0.8137237540472875,0.0,0.8731672732120973,1.013394731123856,0.9162416108119051,0.8485987924383688,0.0,0.824369164648903,0.8915018992432904,0.8082277920398491,0.5915741062000291,0.4390993700212731,0.9095231687976866,0.9317018141024458,0.8070035318719602,0.8822157098867687,1.0325203932977127,0.0,1.0449243617826807
0.4918691360834355,0.9526823383824251,0.0,0.6275899375596008,0.424073310934383,0.4096658112447631,0.5323553413066422,0.5392538498811971,0.26708228174044013,0.4913717356802154,0.46024003741136355,0.7225579727280336,0.5788145787211678,0.6509978633472947,0.6241172600155291,0.8744051716589119,0.582270918796138,0.5427480839603547,0.3804800998742802,0.27447608852283306,0.3446785045406985,0.6651053616238214,0.33951218763937374,0.4555049758579045,0.6945059711938418,0.7416050789519234,0.3927405542739111,0.6334089555767869,0.40502716734930533,0.19268990559387605,0.7281830893788586,0.7117918238008027,0.5782859025180583,0.8044813730542224,0.7589545927889679,0.7620768187187527,0.6819551819858154,0.6060733146073553,0.4961849022492504,0.4696321433530978,0.6670419006339613,0.6383450340011199,0.44608117891998295,0.589962834364526,0.0,0.0,0.38580118531157614,0.06884596505240442,0.471573092290832,0.1840835982814752,0.3806202511460126,0.42356385691768367,0.37088575924852385,0.04370819599434933,0.4320115493608927,0.3983241082812211,0.8928977484615321,0.5956776227568128,0.41734316203076705,0.3531603041299233,0.0,0.0,0.0,-0.10482522991386717,0.7839821408805094,0.4409961413611138,0.2457909673763189,0.33682077157727686,0.0,0.5467740097887115,0.6679605800468923,0.2964216218473845,0.5488473003702603,0.765736550849425,0.6491470440675189,0.44959415554520826
0.0,0.3971977758492713,0.6275899375596008,0.0,0.38467014317298126,0.6557914719459301,0.22516769430696532,0.757942581084275,0.6293591367849378,0.3242439115051424,0.649561811205666,0.8715475276984804,0.5606097688297828,0.674212955655983,0.3910237038440959,0.25806431156045423,0.5626456222075533,0.4715768601844539,0.5861598529094272,0.5513792482299124,0.4656439755288375,0.7233465361438691,0.9557982190314563,0.23105708519766938,0.7976275556319039,0.8411275946639614,0.8388489732269075,0.40994174274607464,0.5474651728688947,0.5564980541324546,0.46529951373606665,0.4589790444587034,0.30084122718349593,0.3602905719779808,0.6284963922260186,0.3868151029049846,0.3051337761210433,0.2918796196006578,0.24840681470845508,0.3712151710963068,0.6864314728241703,0.3479225621242541,0.5224017936923013,0.17888782922362995,0.0,0.0,0.0,0.4093578569309889,0.0,0.0,0.7545615291691752,0.0,0.4677661648672919,0.3153947944689416,0.0,0.22155185025994362,0.36946287498374336,0.45253350541461207,0.0,0.0,0.0,0.0,0.0,0.0,0.0,0.0,0.45548953841203776,0.6199373987021712,0.0,0.0,0.0,0.6078777317046752,0.4573120355049716,0.649342287492812,0.0,0.0
0.639018599286283,0.7418399258285139,0.424073310934383,0.38467014317298126,0.0,0.4260426389777122,0.4119580334140997,0.517151641728167,0.4572409694214479,0.8065330410303471,0.4912736284714112,0.6930740407613871,0.6187361737626677,0.23785094962721665,0.6775201551974955,0.7994008488841585,0.6836067840331206,0.592372864791122,0.45772381099011994,0.6029206565356267,0.5924548741302796,0.7170929283856435,0.3366473758952486,0.6447104100929197,0.8356731412619023,0.8154677222869047,0.37438478892299987,0.7306572064559181,0.41383192747658126,0.4779741534913789,0.7503534674720882,0.658602963120362,0.9331491597612642,0.7495807949968118,0.6745731002989095,0.41818414394885794,0.7283095226723466,0.8974829775632533,-0.020957941010188552,0.46955536516497226,0.59093929966454,0.7484122454475644,0.2915276078581932,0.4840818164793963,0.3552935523277434,0.0,0.529009365764266,0.26497164875128787,0.0,0.5482831175479361,0.6007992215799268,0.5554230143845248,0.41101403138208376,0.43953831953418765,0.0,0.4306542612310022,0.358158438904388,0.6874779819408731,0.266218510262784,0.3345694313378449,0.4521563128084629,0.0,0.0,0.5494236812995766,0.6351463013254524,0.4854576779532705,0.6314932539294125,0.5736849361071226,0.0,0.47052572476621024,0.7743879871354449,0.4250799930415155,0.5909666325734856,0.5429710273109403,0.0,0.471938480714661
0.4254070179142962,0.4807571481251422,0.4096658112447631,0.6557914719459301,0.4260426389777122,0.0,0.3459153206671437,0.6104599619530936,0.29803635098661074,0.7451569879211738,0.4831550355887104,0.8178448012406578,0.264076897121946,0.5914870159654666,0.19230247183384244,0.6513529214283644,0.7277995124134276,0.6585117602059525,0.5639507432029842,0.048648070370060775,0.5969045638175183,0.379359643621345,0.211359849863835,0.47374833771573643,0.6349625268923698,0.8363956036323321,-0.08581455439978952,0.24944965388605353,0.1054682448839307,0.42840688841383695,0.6864386776828553,0.8136967221425091,0.878151979711185,0.7089448336752144,0.8239869539462912,0.8697437027196689,0.8359457109453032,0.6046347848484207,0.681446480834439,0.38628669212237293,0.6422416571393885,1.0166539276472786,0.28440650365225195,0.6337601134955433,0.36882541988528117,0.5986423177665787,0.5591686875289088,0.28130099696146305,0.7328922909460323,0.4091855078451078,0.5986897256808211,0.5310776618247217,0.5598558443353499,0.33267424522064704,0.8144402811975598,0.4164627428175889,0.7663289475795378,0.6826212448912041,0.49206651677416713,0.6445726134536098,0.727291477061613,0.0,0.7764731382784049,0.06882938252041226,0.9055112367277924,0.48704111426648244,0.6943943629953289,0.5617837354417672,0.5065671424070255,0.6533673423808247,0.6201829435299759,0.5341709147459348,0.7171378407314669,0.6866456569303976,0.5913780167568224,0.6652610284968015
0.6836783099741284,0.6554575044058822,0.5323553413066422,0.22516769430696532,0.4119580334140997,0.3459153206671437,0.0,0.6086978029390332,0.43613542424297536,0.7203338668103125,0.5239168246105378,0.644082792570583,0.5249914639930119,0.02012924335897337,0.5960910016488756,0.7325586742500627,0.5726147530275552,0.5809644690095137,0.48744991630166734,0.5910868952397164,0.5199848057267455,0.6207682126050926,0.5635180368587503,0.5444327428788798,0.5840803277477741,0.709410613208225,0.3591798656999365,0.4209181151463623,0.3352704604700244,0.5095640468274549,0.6841415721981363,0.5159774376846903,0.6997258222727609,0.48444332834073245,0.5107641618787159,0.08368440497063284,0.26537596997844054,0.9473111996245801,-0.0016094861003012606,0.07163207582047906,0.5159950422451112,0.456278099896701,0.3770361851699774,0.5401586928088193,0.353572252244557,0.0,0.573776059560394,0.4779907802349165,0.0,0.35081901303486124,0.6522104560941229,0.6357546222294683,0.5374149093127266,0.6757126446128936,0.6165808378801707,0.41875815744206063,0.5073093179569288,0.5480053779299994,0.12128296667009969,0.5437798473991118,0.687810532603059,0.0,0.49566878163939143,0.5605314763726396,0.6221170645338295,0.6324024801185417,0.6604201766025853,0.632729817374966,0.4691240979543561,0.8165117516368471,0.6272755312236319,0.6407037261215112,0.6620789731520522,0.5253975985981034,0.7483055403406144,0.623470419209667
0.8808625535719423,0.468427875844954,0.5392538498811971,0.757942581084275,0.517151641728167,0.6104599619530936,0.6086978029390332,0.0,0.4599572040191267,0.47769965899890365,0.6261016171586002,0.681114776264409,0.8528029663323731,0.8021037901817395,0.3985998453875181,0.8353996133836096,0.3753328499004953,0.5826542061680264,0.44875967399773165,0.39585081267468647,0.6103488077732737,0.7054248605702094,0.55281663316579,0.6514176435845207,0.5685421862141973,0.639293362465739,0.3837006873222497,0.905631278399091,0.6096117281875606,0.8958610264564413,0.8889314481576878,0.8139334566238245,0.6316514103185404,1.0355553097272283,1.0121024700892782,0.32305368523780326,0.9226499972937212,0.8046921940857059,0.7363669007242184,0.49400181369817897,0.5042470905777386,0.6886651407916851,0.5208745056327811,0.31079640392985786,0.0,0.7344456197190226,0.4612937874387367,0.14411177673310277,0.0,0.4570346698487631,0.5894704564932782,0.5994268928241678,0.4233107626415826,0.1654829610033678,0.6447118021060658,0.411255832428929,0.9301737240337768,0.6443134812756253,0.5966035550417268,0.29124977373440203,0.6662495511657024,0.0,0.5530455332656534,0.28342255324077353,0.5412190391334558,0.5859640444872845,0.508315716814893,0.5680065133179806,0.0,0.5880866957073796,0.512966544128781,0.3317851235204442,0.6494771387771824,0.517381730041107,0.5002476672055102,0.5151014844864374
0.4243952893600131,0.5906108221569986,0.26708228174044013,0.6293591367849378,0.4572409694214479,0.29803635098661074,0.43613542424297536,0.4599572040191267,0.0,0.7588686781754591,0.35162625255356356,0.7920661491152063,0.3992137181222791,0.5837311309393487,0.7217629869059505,0.7688048496808356,0.6226115246926238,0.83661018930491,0.24620590947318993,0.3987506201941242,0.6704170260288751,0.7164015528531178,0.39979570246552587,0.7111874798355281,0.810685564551174,1.0986781345608188,0.4022925241943396,0.6492837840842849,0.24542378008618787,0.4615629297895022,0.6732264248362623,0.6677885688589043,0.8582564371611106,0.6796393578185258,0.6818531467324042,0.6588856450276801,0.6410273897200203,0.951487994229389,0.40569696197503824,0.655255611575585,0.42519942981753306,0.6666891250405964,0.4656772138972756,0.6278391560034112,0.31447100930278404,0.0,0.3478373671876478,0.219796530444126,0.46728358397101477,0.6479750617671081,0.504238643041448,0.4598076323636255,0.39390226716410653,0.24735077456695123,0.39481268206040193,0.405620501311518,0.49411277809024223,0.5480262457911113,0.4341929187374308,0.6044680812932988,0.6692009966225448,0.0,0.0,0.21051397381973536,0.7670108665760667,0.7648010551208503,0.6497790588101997,0.4256823632762102,0.41820109221486457,0.6650111864206195,0.3894699868317016,0.33136985169149746,0.44511906693206793,0.8350604385316109,0.6067090987493684,0.7869223647369934
0.3777796771410206,0.5162988130923315,0.4913717356802154,0.3242439115051424,0.8065330410303471,0.7451569879211738,0.7203338668103125,0.47769965899890365,0.7588686781754591,0.0,0.6782443195491465,0.49135197003833414,0.7456179003520782,0.889929831329177,0.3892506797604012,0.32837550193214254,0.43979533234510115,0.4351440976985341,0.7239442264661606,0.4196649304796604,0.10962850170537264,0.5040101372364039,0.5559656789936951,0.5050033763364752,0.6609013156659169,0.5370317462549553,0.4599988195858965,0.744890886701225,0.5558964768326591,0.9935002193550694,0.6443729449460194,0.293407559737928,0.6863863711393483,0.7305315336602812,0.6200189319672367,0.962374720935526,0.6212029796418597,0.4607792457082662,0.47712829695084336,0.26674250668418475,0.19201194039027947,0.5633450445696235,0.34712591602143805,0.16524451055957562,0.3030901599063912,0.5658361463992527,0.8450434203638317,0.35814288510959114,0.4751816593327237,0.4359009786314434,0.575454729623476,0.4937887551237232,0.6900863216352516,0.25557763799238203,0.415121482189985,0.5316886347698777,0.3142443298909936,0.32500693490331456,0.0,0.6221890478944068,0.858851267591034,0.5715268965815623,0.6875775884757207,0.46752169496895224,0.4658281723549527,0.6708960306552597,0.49379514977977135,0.6263069660854886,0.2952235603915747,0.6233058464994932,0.5482005239492688,0.7413995161184632,0.3385592701516327,0.7541435814713776,0.0,0.40107434688267407
0.5080732915255702,0.3692680964667452,0.46024003741136355,0.649561811205666,0.4912736284714112,0.4831550355887104,0.5239168246105378,0.6261016171586002,0.35162625255356356,0.6782443195491465,0.0,0.6607342484244421,0.5943017219099007,0.6606158258902379,0.0,0.49108388982501533,0.6218268017900164,0.7387636141474303,0.2618306651271962,0.45150672625168503,0.5016931301721892,0.4312679285419333,0.6532251550341468,0.6779432212743752,0.6125092789443181,0.6776643331137001,0.33798425159878653,0.6246085935079622,0.530873966586578,0.4065461137580626,0.6533451798600486,0.7902778027528115,0.6550753144861368,0.656948967661646,0.6505052527774374,0.7164176691198922,0.6918306112075276,0.7732050193764033,0.36999829903425124,0.6058055632608575,0.688305285193572,0.47129121847293665,0.43837971831834127,0.5565409654893452,0.21031710927530697,0.0,0.0,0.018564579881182708,0.46787080014242466,0.3212855015694921,0.47495575263316153,0.21976116405305032,0.3656366962159886,0.22213658353333574,0.5290643545068716,0.3970754859836997,0.475297671738557,0.7219641629771145,0.5233907029158478,0.0,0.0,0.0,0.0,0.0635603220697473,0.5101054949711719,0.0,0.5289427753972922,0.5788342309904347,0.0,0.0,0.8907392797093012,0.452326164429112,0.5812874432649187,0.32599398526863765,0.0,0.616238148626393
0.2316302715738036,0.5267752683347987,0.7225579727280336,0.8715475276984804,0.6930740407613871,0.8178448012406578,0.644082792570583,0.681114776264409,0.7920661491152063,0.49135197003833414,0.6607342484244421,0.0,0.751179559823568,0.8272420296401859,0.2785196033464688,0.7226035415286411,0.7168803543736317,0.654069222992151,0.7136417081656314,0.5131407725202384,0.30818635462614913,0.42476171933673507,0.5831338289994855,0.44852155209678135,0.5542471302239153,0.5136030525957239,0.6807188141555183,0.7456267896851778,0.7492996153350209,0.6273203695795215,0.4762922183829659,0.4113755463192128,0.45107863743617665,0.5919660363870234,1.0082254406920104,0.775704142550227,0.7716047385288224,0.45468379652366225,0.4157475815218214,0.3039792545815099,0.39252871271738626,0.3532219856817207,0.2785853522224503,0.4380283505950906,0.25500696802736106,0.3753029421762506,0.6627606122787899,0.507731602034557,0.4712349932591988,0.3694018912872007,0.34115313285619586,0.7154342513938515,0.35600772743290177,0.5349348835298718,0.4010321564526176,0.381973365134863,0.3307776367216562,0.16733378528639048,0.5273216899386594,0.5120753119572223,0.7987330935333694,0.6248736300487452,0.7220365015392467,0.47677300327001126,0.8153365315871878,0.8345452554452713,0.4344905022586231,0.7043457171163366,0.3225916965652295,0.694800731144953,0.5214928714716459,0.5488714857946605,0.4968032108839083,0.4849093458818508,0.0,0.40897198537983037
0.696761759001737,0.6731038508753482,0.5788145787211678,0.5606097688297828,0.6187361737626677,0.264076897121946,0.5249914639930119,0.8528029663323731,0.3992137181222791,0.7456179003520782,0.5943017219099007,0.751179559823568,0.0,0.5883479543446345,0.621683749233538,0.7459526207367259,0.6317534851121178,0.6230609087320366,0.5531762014952759,0.6242450296985135,0.7044711449012037,0.6092813580785439,0.6879548125366984,0.6022306527109236,0.6244885911917006,0.663094374270238,0.4060893477692807,0.34524360798928455,0.26431034331516556,0.28143108148657636,0.5817982347978292,0.5782876786497497,0.9376756282237854,0.724733385608133,0.7747288617526823,0.5649637476383789,0.5894275573161505,1.032259780758067,0.6810302913502495,1.005311042151812,0.6433983146682423,0.6955435483691994,0.17415270837908298,0.4752072838157407,0.08531354272995717,0.8506140207458142,0.6948712809039526,1.0028624592066937,0.0,0.5972920756559732,0.7979364113340196,0.6360426617957551,0.7269765901592202,0.6666801019980871,0.33380388997891375,0.416838697686914,0.3809145841295084,0.6782081190487184,0.2836119736063689,0.4998411197661926,0.6490912020912232,0.5433388915401962,0.817921334319888,0.523874846209601,0.5449119670256527,0.5210743028354344,0.6179957955136134,0.7792737434363479,0.37179336647927086,0.7257806058599597,0.6292915946231745,0.8227554668730893,0.6107985552882162,0.6250306157395917,0.556444468608924,0.6574319832856037
0.8707592003462588,0.547807575094355,0.6509978633472947,0.674212955655983,0.23785094962721665,0.5914870159654666,0.02012924335897337,0.8021037901817395,0.5837311309393487,0.889929831329177,0.6606158258902379,0.8272420296401859,0.5883479543446345,0.0,0.5960701987183102,0.5046735328128771,0.455869790697702,0.49627705316454634,0.5495098794033757,0.7908741813159804,0.6636428815792083,0.3139838420514131,0.5786400392394568,0.9773064482861253,0.7130811308545589,0.49046805917777514,0.5307639410838646,0.5119076133692742,0.3560835040018191,0.6997383632653182,0.8208795688672992,0.18801350793594448,0.4669146412898032,0.8355120488022247,0.39891223382978624,0.40919430687270747,0.3792277605759788,0.5887800417112279,0.5808152235361316,0.0,0.6648444137309538,0.6727272966222444,0.6586795087755505,0.4708225107531135,0.0,0.0,0.0,0.32844769060280965,0.0,0.25888172653946606,0.3018391841619262,0.4747378885749143,0.5576657052596736,0.40057684024596885,0.0,0.5411015802549282,0.36231422798968976,0.9008265440549559,0.5652033214163992,0.0,0.0,0.0,0.0,0.3868672762162671,0.0,0.0,0.0,0.4028425767383432,0.0,0.0,0.0,0.4962381514403832,0.7494852859364943,0.0,0.0,0.0
0.47026681679379323,0.7302300609179779,0.6241172600155291,0.3910237038440959,0.6775201551974955,0.19230247183384244,0.5960910016488756,0.3985998453875181,0.7217629869059505,0.3892506797604012,0.0,0.2785196033464688,0.621683749233538,0.5960701987183102,0.0,0.8613836755948149,0.5168051896281385,0.7423814682467356,0.0,0.43485639787554686,0.5671102569534767,0.4941630956461087,0.08357641316123132,0.18411497419849557,0.7108663148332703,0.5940757400786478,-0.027470570012049278,0.6800623527996359,0.6592034157211895,0.22417551506381445,0.9258863056855162,0.9384628360191225,0.8220579478868975,0.8251661457587374,0.8962686650864824,1.1436050012639523,0.9946092048320431,0.37998862687988594,0.666525531662994,0.7934277691908608,0.6900318769042106,0.6806943712328797,1.0097752603567465,0.40788425029547093,0.0,0.6598196329857484,0.6575715131937168,0.4776067492660776,0.0,0.0,0.3984615406108713,0.832560362698695,0.517254095053357,0.6920948029330654,0.0,0.0,0.5031866583033158,0.6024790051256852,0.46994762695312897,0.28818054585686,0.8090053581032687,0.5428959524596687,0.7235059422253953,0.0,0.6213235787848024,0.613373549977529,0.45250836221204427,0.733927207429947,0.4505516051329605,0.6601587263796851,0.5737674608883736,0.6482449546014261,0.9282996583597407,0.7376548565214203,0.6613528127017099,0.7103837072091255
1.0139763348339454,0.5805664717541237,0.8744051716589119,0.25806431156045423,0.7994008488841585,0.6513529214283644,0.7325586742500627,0.8353996133836096,0.7688048496808356,0.32837550193214254,0.49108388982501533,0.7226035415286411,0.7459526207367259,0.5046735328128771,0.8613836755948149,0.0,0.4359389416200945,0.7329714331316386,0.4514658513928674,0.6564444640126904,0.8428718212558906,0.6465132239878153,0.6401588053788985,0.6403771276240625,0.7145261294965988,0.8103662035389378,0.49945475830693103,0.7132385179778238,0.599780517721027,0.5410645699155211,0.687759907631931,0.7211815414072682,0.46389013189515876,0.5322691261375859,0.6135567833080321,0.6527294820795292,0.5842417163420092,0.6909717174285678,0.9666984734432859,0.8039183644782988,0.9367524442514101,0.9400465799990232,0.4706604137033443,0.0,0.0,0.7939059278829053,0.9922675984928702,0.0,0.0,0.0,0.6587898551588727,0.7303418166969149,0.8965155017815785,0.0,0.8846555612542597,0.0,0.7488455040748946,0.7220814837683687,0.0,0.8679043676956173,1.0913454983032969,0.8847420397348702,0.9822131364897899,0.0,0.9790481056422696,0.8517162146779195,0.8524714163410043,0.6447516099246495,0.5661194176793771,1.1085460896743784,0.9410866651982218,0.6819616628969254,0.6391413818211367,0.9405542824979463,0.0,1.029281959942069
0.323412268387515,0.6451879920104422,0.582270918796138,0.5626456222075533,0.6836067840331206,0.7277995124134276,0.5726147530275552,0.3753328499004953,0.6226115246926238,0.43979533234510115,0.6218268017900164,0.7168803543736317,0.6317534851121178,0.455869790697702,0.5168051896281385,0.4359389416200945,0.0,0.5805611950514087,0.5919901187707423,0.4985824825880453,0.28603483509183675,0.705762339902281,0.6138627482161199,0.582048908847352,0.6280320062296436,0.5135987518859055,0.6218128191820987,0.8093067356683692,0.414476600746327,0.45119689615775355,0.6328324172458244,0.7012219891040719,0.8820628394455378,0.6333292087215474,0.4700882720578474,0.5983551924364567,0.3468788780166667,0.5527592471172866,0.6793843676500047,0.7070773685782488,0.6505522549971708,0.668812850578058,0.0,0.0,0.6496865034392709,0.5417842259509633,0.869683371728869,0.0,0.0,0.0,0.0,0.0,0.0,0.0,0.12277007713603244,0.0,0.05815223647713297,0.12611443135066952,0.0,0.5617870009152793,0.6378713818482769,0.4367232563311526,0.6742628347329711,0.0,0.0,0.0,0.7977188380246539,0.0,-0.18269711254278143,0.6797973139702868,0.5767618367588755,0.0,0.3649670816192726,0.4669035150964146,0.0,0.8943545035608621
0.7240408279788206,0.4730032272774857,0.5427480839603547,0.4715768601844539,0.592372864791122,0.6585117602059525,0.5809644690095137,0.5826542061680264,0.83661018930491,0.4351440976985341,0.7387636141474303,0.654069222992151,0.6230609087320366,0.49627705316454634,0.7423814682467356,0.7329714331316386,0.5805611950514087,0.0,0.5585207335843065,0.5879658158133324,0.5583035227659128,0.667379836900637,0.6257871720508696,0.4590651027722447,0.5518653899769794,0.44863490297462716,0.5121474276479506,0.5549970269471305,0.5541284921246941,0.5278312349723111,0.5355390463892182,0.647471426746838,0.7785383142394572,0.6358284887038637,0.39415812420248797,0.08223662742173121,0.396691051673686,0.374693796117217,0.8548423382682896,0.6967694189092408,0.7188298549204422,0.8998728241349809,0.0,0.0,0.7949273976157991,0.6869511811920446,0.9096651048299498,0.0,0.0,0.0,0.4905627450251329,0.49629503307635164,0.60597716407002,0.0,0.18307146361470508,0.0,0.12415169176695545,0.5492280123464229,0.0,0.5759034888948882,0.9556345721643122,0.4215509823750261,0.7536664809844523,0.0,0.6372989248760706,0.6616275172215182,0.6781693954274668,0.8647977869301513,-0.1731853851255416,0.720113492321329,0.6816862710775081,0.4490942594011845,0.6597113068493354,0.6385071191551044,0.0,0.885077446916955
0.0,0.2887065960267071,0.3804800998742802,0.5861598529094272,0.45772381099011994,0.5639507432029842,0.48744991630166734,0.44875967399773165,0.24620590947318993,0.7239442264661606,0.2618306651271962,0.7136417081656314,0.5531762014952759,0.5495098794033757,0.0,0.4514658513928674,0.5919901187707423,0.5585207335843065,0.0,0.502580309250008,0.6827416411068379,0.3676593259073588,0.49345166650311045,0.5399526468925759,0.6194203702622416,0.6325179676854904,0.43179969495110815,0.5934120443480825,0.29604162000293477,0.5343694136776922,0.6292658615383533,0.6523909472634196,0.5100020690521905,0.6626061979443323,0.5713975039509389,0.6135159109669864,0.5065249724715077,0.720060873643152,0.23660008650679132,0.44191013955092023,0.4050773786765136,0.2088435956426823,0.41582046401490147,0.5740622945147094,0.005367992983956049,0.0,0.0,0.045190801425121996,0.0,0.24155879810604725,0.3461287721076885,0.6395133976374818,0.2815595235894753,0.2513113643426078,0.5921259054009779,0.3695545707716862,0.634874376654576,0.4867862431117448,0.2941765983351247,0.0,0.0,0.0,0.0,0.3484307186595271,0.4697300880547717,0.0,0.4859846208798062,0.3555987338045825,0.0,0.0,0.0,0.18969443480403908,0.7429260054999618,0.46326973879374017,0.47145911533789797,0.76172863302765
0.5954987551617468,0.5254400849379511,0.27447608852283306,0.5513792482299124,0.6029206565356267,0.048648070370060775,0.5910868952397164,0.39585081267468647,0.3987506201941242,0.4196649304796604,0.45150672625168503,0.5131407725202384,0.6242450296985135,0.7908741813159804,0.43485639787554686,0.6564444640126904,0.4985824825880453,0.5879658158133324,0.502580309250008,0.0,0.5197093517992624,0.45093630580180294,-0.05378104101659004,0.5100132080964923,0.7177404618765674,0.6045535333171299,0.06950217422419744,0.7005330778204062,0.37154027108327525,0.8121167914456544,0.43171740581383455,0.7487150958803026,0.5969361810543672,0.4799999266957948,0.7556175381633199,0.8549889022510313,0.5726301159801984,0.9304682296369611,0.7274342422807927,0.652872995238403,0.7111943396063262,0.6558671651485531,0.7944377053426759,0.4600906315540005,0.32906215228199853,0.6041083931060534,1.0000875032530843,0.7058451038955338,0.0,0.0,1.0381551060856269,0.6603492182422208,0.5686305363349895,0.4726301910102444,0.7834309213664574,0.0,0.6501562761871413,0.6569553170688935,0.0,0.678660792999358,0.6982800890392478,0.47124046007527565,0.6055986389891979,0.0,0.7346458358709799,0.4825898446706337,0.674157766587667,0.5944117627801443,0.0,0.7673421967091474,0.6591288540631017,0.6602680031832822,0.4872930205231014,0.7849366697255402,0.5510771843495922,0.5244749582342165
0.6815639109296372,0.6937357908249308,0.3446785045406985,0.4656439755288375,0.5924548741302796,0.5969045638175183,0.5199848057267455,0.6103488077732737,0.6704170260288751,0.10962850170537264,0.5016931301721892,0.30818635462614913,0.7044711449012037,0.6636428815792083,0.5671102569534767,0.8428718212558906,0.28603483509183675,0.5583035227659128,0.6827416411068379,0.5197093517992624,0.0,0.8797429593464454,0.39272676829342296,0.5059275474913714,0.42551346886355823,0.5973769458853235,0.14477846544792167,0.6990425916430072,0.8469886465697437,0.6665003347999183,1.0294576628036003,0.9996612689871539,0.9552463148178794,0.8771424910254918,1.0365117940725241,1.1665939973894852,0.3631447834582794,0.5051270806204519,0.7139721374852201,0.64383708566886,0.537102254554537,0.6544139100782144,0.7455063657824363,0.0,0.0,0.4558690744019218,0.6352396143005247,0.4536145791045854,0.0,0.0,0.6077843330408139,0.42713767914288325,0.40523369869780634,0.6121679059967436,0.5880703890725982,0.0,0.7244357835830627,0.6514963967139366,0.0,0.5626810331308092,0.6529356695999446,0.0,0.5895715516659985,0.0,0.6286401069412875,0.2564608728820937,0.6446912292306752,0.4553457939430797,0.5365666256468511,0.5265491924503798,0.6940856271021918,0.5150543165459363,0.5757394587541611,0.7219436371783285,0.5134978199323362,0.3382694285159962
0.8822320484831034,0.7831345998138244,0.6651053616238214,0.7233465361438691,0.7170929283856435,0.379359643621345,0.6207682126050926,0.7054248605702094,0.7164015528531178,0.5040101372364039,0.4312679285419333,0.42476171933673507,0.6092813580785439,0.3139838420514131,0.4941630956461087,0.6465132239878153,0.705762339902281,0.667379836900637,0.3676593259073588,0.45093630580180294,0.8797429593464454,0.0,0.4582711751632893,0.4659338991497283,0.7546680555196197,0.9759569619566999,0.16985796294746727,0.7215000225925541,0.2792712373068029,0.6642364344283762,0.7056813257302893,1.0304577861513737,1.0758536572893167,0.9144004267740482,0.9542475045049472,1.0538230615907505,0.31012359228571945,0.33057796826612573,0.8596801520093649,0.9099066540448645,0.7895904958641555,0.8342783633453823,0.6221958961008295,0.6109562893618674,0.3882412666878503,0.8554126636419173,1.0604123942798178,0.7602291323775041,0.4703434198363743,0.3935720148557129,0.8007346220142659,0.7758064436235175,0.6211950470636067,0.6796685721184661,0.43548769918932606,0.0,0.7904763529485161,0.7004957925824205,0.0,0.7633097074793085,1.0571566393108742,0.610224798153977,0.6870364549312197,0.0,0.7423768396053627,0.7683657302882632,0.8377519520948475,0.6251756937515495,0.6237005496482487,0.9376736325026496,0.8486330883581866,0.6399724009040997,0.647673944309066,0.8539076275167259,0.53100844499215,0.8908746426360651
0.8019046240393533,0.4819441674458325,0.33951218763937374,0.9557982190314563,0.3366473758952486,0.211359849863835,0.5635180368587503,0.55281663316579,0.39979570246552587,0.5559656789936951,0.6532251550341468,0.5831338289994855,0.6879548125366984,0.5786400392394568,0.08357641316123132,0.6401588053788985,0.6138627482161199,0.6257871720508696,0.49345166650311045,-0.05378104101659004,0.39272676829342296,0.4582711751632893,0.0,0.5658892142045349,0.5254895010107885,0.4392306925606567,0.10560165436557573,0.5726580228963591,0.25593775594480345,0.4064441084149223,0.5687053024007795,0.7520019711978729,0.5023664817896005,0.6923089250867226,0.7670109265150098,0.9411594374923553,0.9361984235786251,0.5195042705462449,0.6417223406916924,0.535534686778638,0.6444140438713839,0.6766468430777512,0.5568972751576804,0.6836915792096538,0.6549598103607248,0.43976968054485266,0.8776010661490388,0.20948075145594297,0.540120236272344,0.5703037404354966,0.6091120384995073,0.5781036071260582,0.5522855039792951,0.38222332021377936,0.5114017458817128,0.4861117971095589,1.0546788136446263,0.6427104132187738,0.6430058286065694,0.51274899563616,0.70840676993146,0.46582817235495233,0.5709938090802462,0.021858564955781035,0.4964344634494989,0.4231727676777575,0.4600297323074249,0.6868706000379772,0.3378827415716985,0.7772926610067873,0.6045259222634496,0.49941169754478815,0.5708718923490138,0.6103881164441497,0.6540111138992994,0.6370678469322621
0.7001694518874005,0.5406232040426503,0.4555049758579045,0.23105708519766938,0.6447104100929197,0.47374833771573643,0.5444327428788798,0.6514176435845207,0.7111874798355281,0.5050033763364752,0.6779432212743752,0.44852155209678135,0.6022306527109236,0.9773064482861253,0.18411497419849557,0.6403771276240625,0.582048908847352,0.4590651027722447,0.5399526468925759,0.5100132080964923,0.5059275474913714,0.4659338991497283,0.5658892142045349,0.0,0.534481905004292,0.4573225431091083,0.5590106106373114,0.6335704253938854,0.9215493387337337,0.9010799638604357,0.6768675478864443,0.2586232599879106,0.44611829449003976,0.5363988866486776,0.6409119067344058,0.6260326605223151,1.1014188399140643,0.41137971930933953,0.18206074159089802,0.47945739109089514,0.31966719145695177,0.5789173370944701,0.4781126362993662,0.5017125109728996,0.1777123392239895,0.33864712395839264,0.5876816903174897,0.0,0.0,0.4726293283167644,0.5707232942582725,0.3855465276634406,0.0,0.3140833536590343,0.24322997891247436,0.4966069084058867,0.07126603222958591,0.46121358854451266,0.0,0.3470233310004963,0.5209964496865762,0.4758144747384878,0.5408985481185073,0.4732119313158307,0.4093183131539342,0.2949203229038046,0.6020881502648893,0.6774918373416265,0.11314337355639645,0.6416660820766447,0.5141387098396872,0.36163730505494407,0.3603636272141454,0.8548705877338443,0.0,0.4580792745064868
0.6701317392212677,0.4211854589153551,0.6945059711938418,0.7976275556319039,0.8356731412619023,0.6349625268923698,0.5840803277477741,0.5685421862141973,0.810685564551174,0.6609013156659169,0.6125092789443181,0.5542471302239153,0.6244885911917006,0.7130811308545589,0.7108663148332703,0.7145261294965988,0.6280320062296436,0.5518653899769794,0.6194203702622416,0.7177404618765674,0.42551346886355823,0.7546680555196197,0.5254895010107885,0.534481905004292,0.0,0.37826173149083436,0.5602319258854025,0.6044599285485325,0.6419409891009021,0.40845639175344933,0.6410565332589155,0.517491251785321,0.7060690299124266,0.5554161523605461,0.647363054861533,0.48953523674787536,0.617876259190776,0.6235537921069438,0.8443690082610833,0.720601741909515,0.774903152974634,0.9071917205307334,0.3289445180748845,0.0,0.15852347743294742,0.7120676701630438,0.8562939519348609,0.0,0.0,0.0,0.6553387217129878,0.6398396251864458,0.5981049902641836,0.4365047485653363,0.2972431317295582,0.4526591033546232,0.30424937026980775,0.5537887412918854,0.0,0.5659836484431484,0.9511390708226224,0.40868656415228544,0.7399364488995261,0.0,1.0053379947082521,0.5594832297735762,0.7822421366225759,0.5689186401509634,-0.15725874694808417,0.7355773420830702,0.6390278405618834,0.5854245116535637,0.3249167332045029,0.7811202380513604,0.0,0.8986940804136552
0.7089954263182678,0.6116827420231772,0.7416050789519234,0.8411275946639614,0.8154677222869047,0.8363956036323321,0.709410613208225,0.639293362465739,1.0986781345608188,0.5370317462549553,0.6776643331137001,0.5136030525957239,0.663094374270238,0.49046805917777514,0.5940757400786478,0.8103662035389378,0.5135987518859055,0.44863490297462716,0.6325179676854904,0.6045535333171299,0.5973769458853235,0.9759569619566999,0.4392306925606567,0.4573225431091083,0.37826173149083436,0.0,0.3911274321827005,0.7307649518907714,0.8731603047898908,0.3633674257123649,0.6789584191117404,0.9154489669675971,0.8733639651834573,0.7174345258603163,0.8809220564672073,0.9465741262684816,0.5231963372911397,0.45876451610426483,0.7860260960245988,0.7575143910658139,0.7880840631273782,0.664003780837908,0.2774421317752004,0.5001288056590394,0.39128728696399,0.7054999255027017,0.9549993871196665,0.7429947835073769,0.0,0.0005081996642475762,0.8881626858900402,0.6796128733086942,0.4696849862845288,0.5841082938684722,0.35308188513756367,0.0,0.3906918609392925,0.5805914426952674,0.0,0.6757185171647075,1.0548045228998706,0.49315770057583824,0.6673195948363181,0.0,0.6741454094687143,0.8553292501028985,0.8493767741021769,0.6169322225153187,0.19944238364030525,0.7050832466066244,0.6662476869568106,0.7567769903583974,0.5069271644462913,0.9243746905913726,0.4410978714142543,0.8171412029233475
0.1927885478404991,0.27562244403683894,0.3927405542739111,0.8388489732269075,0.37438478892299987,-0.08581455439978952,0.3591798656999365,0.3837006873222497,0.4022925241943396,0.4599988195858965,0.33798425159878653,0.6807188141555183,0.4060893477692807,0.5307639410838646,-0.027470570012049278,0.49945475830693103,0.6218128191820987,0.5121474276479506,0.43179969495110815,0.06950217422419744,0.14477846544792167,0.16985796294746727,0.10560165436557573,0.5590106106373114,0.5602319258854025,0.3911274321827005,0.0,0.4528215944230024,-0.23540663006250112,0.2002960814545266,0.46774844452902087,0.5646422142165077,0.27409018026716003,0.4882906301925708,0.48616868567699917,0.7008329694428823,0.7568250596456343,0.5822256719561909,0.5515839670042023,0.471243925548646,0.6067217253303121,0.618575981950297,0.4244587459904445,0.7426903301340251,0.6180731807569536,0.539753183327634,0.6741895162406526,0.2056468981083328,0.525011963893397,0.07802975987685451,0.5254035805248821,0.45925443031829377,0.3760453694697864,0.26670477456200814,0.9253539058195781,0.3914500081169706,0.8041337667863662,0.5714455680849595,0.712563628444419,0.3430374031925907,0.663529919223399,0.0,0.46842851045161354,0.5939092156718396,0.3865490658157578,0.22981723367557733,0.30329924845575224,0.4754577161931085,0.0,0.7890920743029917,0.49555353805217006,0.5161426995121693,0.660531734592239,0.56840300828247,0.49552814979700566,0.6577052598140951
0.7293189714896404,0.8181947184262361,0.6334089555767869,0.40994174274607464,0.7306572064559181,0.24944965388605353,0.4209181151463623,0.905631278399091,0.6492837840842849,0.744890886701225,0.6246085935079622,0.7456267896851778,0.34524360798928455,0.5119076133692742,0.6800623527996359,0.7132385179778238,0.8093067356683692,0.5549970269471305,0.5934120443480825,0.7005330778204062,0.6990425916430072,0.7215000225925541,0.5726580228963591,0.6335704253938854,0.6044599285485325,0.7307649518907714,0.4528215944230024,0.0,0.37327351110491214,0.5352629976293348,0.6476277540086235,0.5116050924978717,0.771609318581894,0.4910040069820971,0.7802947631989885,0.6653950777213554,0.4749890884092507,1.0548339983010044,0.6922380881152208,0.42376661742628857,0.6042419966929093,0.42059304635152783,0.14037288199282677,0.7007661577159686,0.5656619410106328,0.8555495577903216,0.6504043357792464,0.6505500266079239,0.0,0.6128983180602458,0.8921152427639949,0.6435187754183205,0.7139984953680154,0.6880421260077758,0.5409492900261988,0.5645667812791906,0.6337992314622278,0.6662034169180495,0.3968269285052206,0.5785647072706988,0.6108766275174506,0.3125595607566496,0.8114071316775497,0.6614754162537178,0.7841005909433268,0.6367586213214074,0.5838497974915189,0.8238351669217399,0.6749664618711433,0.8588704861692987,0.5381428692704392,0.8285462587046845,0.9483006014357396,0.8593691770843926,0.611916849541281,0.9361554673851964
0.9387404401562921,0.5229432474733587,0.40502716734930533,0.5474651728688947,0.41383192747658126,0.1054682448839307,0.3352704604700244,0.6096117281875606,0.24542378008618787,0.5558964768326591,0.530873966586578,0.7492996153350209,0.26431034331516556,0.3560835040018191,0.6592034157211895,0.599780517721027,0.414476600746327,0.5541284921246941,0.29604162000293477,0.37154027108327525,0.8469886465697437,0.2792712373068029,0.25593775594480345,0.9215493387337337,0.6419409891009021,0.8731603047898908,-0.23540663006250112,0.37327351110491214,0.0,0.45226199944894485,0.7002961123006325,0.7301730512551649,0.5169338868524109,0.6271665464708632,0.692763597247394,0.9361567604685956,0.4769299307904574,0.7136236481369764,0.9572686991850657,0.5360900646572209,0.8913848747723383,0.9119966943155423,1.026378900967264,0.6791628385102203,0.4723850619363019,0.4831439747428982,0.9024153633075335,0.6490695598821277,0.47797444713090487,0.48329532378279016,0.817040105098195,0.6453570327712792,0.846848880909322,0.48162549651310105,0.3863169117322451,0.5685007486619794,0.6319970794704086,0.7912351006320779,0.5809922070963449,0.9035049070453742,0.6680728368502635,0.46907492910028126,0.6361057766698951,0.3920804234771308,0.9320280194307504,0.8463178750603347,0.7715582150416864,0.7867838060687486,0.4648415150626599,0.7389026467319295,0.9577508587121029,0.8718402097040103,0.8390334151366715,0.9803184325803105,0.8364752677613083,0.844865538525682
0.41573724835272535,0.6088987363542566,0.19268990559387605,0.5564980541324546,0.4779741534913789,0.42840688841383695,0.5095640468274549,0.8958610264564413,0.4615629297895022,0.9935002193550694,0.4065461137580626,0.6273203695795215,0.28143108148657636,0.6997383632653182,0.22417551506381445,0.5410645699155211,0.45119689615775355,0.5278312349723111,0.5343694136776922,0.8121167914456544,0.6665003347999183,0.6642364344283762,0.4064441084149223,0.9010799638604357,0.40845639175344933,0.3633674257123649,0.2002960814545266,0.5352629976293348,0.45226199944894485,0.0,0.5713667952598591,0.5163704776092124,0.4420726250289325,0.6833645121965389,0.6650200713577916,0.6426745372356713,0.3696645771467786,0.4564649504580295,0.945863957915137,0.4553543671717151,0.9519247977532155,1.0142176408965415,0.8864897229272314,0.2582276394913016,0.0,0.0,0.0,0.15706363918403315,0.0,0.0,0.7106127864222411,0.5800163062747844,0.2699033564038306,0.8091935409377795,0.47056211991899666,0.0,0.003022618865678846,0.6713110679135763,0.0,0.4923729790566418,0.0,0.0,0.9271476991672358,0.928118388535609,0.5845217857991806,0.4441738751440907,0.7489571214430933,0.8237265618253633,0.0,0.4191698766138214,0.47263782245019853,0.85746337050082,0.9437490388649946,0.8669161670477263,0.5921565131717705,0.7224990710153325
