0.0,0.001111803744198836,0.0229403950390763,0.0,0.01314127505596241,-0.0055761882294648735,0.018684530520799436,0.05801975847954144,-0.0066734650866599465,0.03820548291378251,0.0038490170619074338,0.028245626975872407,0.022546753714486334,0.019076287428394234,0.012861822280717528,-0.015548681445260282,-0.009492987583519519,-0.04649967710747288,0.0,0.07629681031667213,0.02306176418236422,0.03727719884452685,0.044155607072386804,-0.033611029925257774,0.01566659405537507,-0.005383103755716434,0.07021273064816763,0.02544674567722066,0.054547590138475655,0.020340017218472617,-0.012426479217215125,-0.012865208005194861,-0.04579129017848255,-0.0155219780326743,-0.023893450481800915,0.02314519991249342,-0.0010024629067954538,0.02277644856892941,0.04315892426312978,0.045597707552021416,0.030696798360714095,0.023585674349639207,1.4969361392336289e-05,0.0,0.02806476098347427,0.051986385771199295,0.024209547524115194,0.0,0.0,0.0,0.007521868630241735,1.1102230246251565e-16,0.03050919882411851,0.0,0.018490139813817585,0.0,0.010747392300102354,0.009370863879540392,0.0,0.02255441018967752,0.023650992721686193,0.04208929477312501,0.015433258365651903,0.0,0.022144169294812055,0.0022372258482848406,0.023056909831791428,0.0016347131804753667,0.06286162207936252,0.017813638131691012,0.02166396485976302,0.014722944807307625,0.0004916559699370548,0.02266228712491103,0.0,0.0294699810053049
0.001111803744198836,0.0,0.006982233017073236,-2.9842681295022544e-05,-0.004990280238928946,0.007745741404062423,0.018484538931461514,0.02988888123743988,-0.004676435541244084,-0.006318932918960074,0.009624145083398261,-0.0031197310022106906,0.026680932677133007,0.005074043941982853,0.01833642014397696,-0.015061276240381838,-0.03164507195982247,-0.029655696357971773,0.014728754920021014,0.010476689999331767,0.012709503182495252,0.00915101779729438,0.03645978936793398,-0.0030100567116239096,-0.015228752068593976,-0.0045949794850190795,0.012868405457725385,-0.0004748332672394051,-0.008837225163290552,-0.010911909949697873,-0.004759135473277998,-0.005686857009028934,-0.038999316869384404,-0.001984544194595095,-0.009573884351774975,0.0009771178691509452,-0.0023144058241020282,0.0,0.018996581453512185,-0.00028515202064305356,-0.0006114437042508136,0.024285684683903852,0.0058935637873147595,0.0,2.220446049250313e-16,0.014177277497573304,0.0014076089430344885,-0.0005886216972511016,0.0,0.0,0.022491569612818507,0.018137817595524686,0.01197441958150175,0.014489534532595605,0.005538872672985029,0.0,0.02161128528822981,0.02154434515295589,0.0,0.0060398643572835975,8.710041963394533e-05,0.012763310523344895,0.011953104833413275,0.0,0.0163317613602757,0.01777799599800045,0.018014339118934075,0.03283773878998636,0.023625957661071284,-0.003362820567448077,0.00835248510187625,0.014783135596239783,0.023580664117427763,0.03156710634701354,-1.1102230246251565e-16,0.0005150673933599359
0.0229403950390763,0.006982233017073236,0.0,0.07113165576897817,0.004568141028042982,-0.021240878893027393,0.04146946574469401,0.05514629924464459,-0.02557379097201895,0.027503055492396566,0.012637294292235812,0.02255325384372353,0.04810076911313288,0.05584162657846797,0.03524491351397391,0.017898168213817678,0.01495085456008094,0.021507299362924337,0.05075143359731238,0.00149321173632877,0.019323772445339893,-0.0055347728209609315,-0.01077958346440322,0.00828642640151056,-0.003289540971450844,0.024183103589782484,0.017331581997523937,0.020674034996479018,0.023368753541832765,0.020679674027085482,0.02405527132039742,0.02221216295116618,0.009627150302890464,0.01854205743985965,0.0230712858570703,0.05460986982998395,0.030367271496834214,0.023122251954316664,0.045675764025508325,-3.0657904875885933e-07,0.051589298144458895,0.0671542410275986,0.04551837124465219,0.06426630077266204,0.0,0.0,6.929450996628894e-05,0.040776083150964815,3.3621585810994503e-06,-0.0774342189887477,0.0520028671668723,0.06296119428037494,0.07303374587250144,0.05573202880400496,-0.0016853439092918143,-0.09742403421274781,0.03249845417095604,0.05263404001845717,0.02955674520342433,0.000320657466909402,0.0,0.0,0.0,-0.12232957603450267,0.016411918569309902,-0.004760338488221216,0.00061054343949557,0.06033705935642353,0.0,-0.00019600965786570335,0.03132201180027849,0.060033399002400234,0.052044992928785616,0.034086007819820296,0.009109418603429065,0.02802319526863406
0.0,-2.9842681295022544e-05,0.07113165576897817,0.0,0.06330678926144648,0.024689977642033678,-0.004779028011847264,0.048271205359513014,0.07211800016680853,-0.0194833189971213,0.01659521174916173,0.015419646399781162,-0.025964299200181562,0.008734343839099601,-0.006430337528253227,-0.0010048822702098392,0.018262746346084713,1.5310224616260637e-05,0.004904182049422445,0.03419307510702896,-0.0007012725146377519,0.0411264152748802,0.04801024238718987,0.01790361491721021,-0.00016187330959083202,0.005438202423408978,0.04005717227547345,0.008269767153983004,0.02299152032501417,-0.020536077309327938,0.0032574812234886785,0.020388162420879652,0.01939830941696158,0.004147056923017034,0.029209203670728157,0.007658073126901366,0.013332294849543513,0.011227106270750298,0.011374372901701846,-0.000479717712449923,0.029120040218893417,0.024814042553526983,0.008986518489377093,-0.00017029025699599742,0.0,0.0,0.0,0.0014607144739313682,0.0,0.0,0.02080257813688724,2.220446049250313e-16,-3.503948773903032e-05,0.00045748700587000535,5.551115123125783e-17,-0.003761293405799948,-0.004355643501945283,0.0007620038286628716,0.0,0.0,0.0,0.0,0.0,0.0,0.0,0.0,-3.089428947433692e-05,0.026621122012908338,0.0,0.0,0.0,0.020126928695231028,-0.0035188599325603476,0.004401449252412093,0.0,0.0
0.01314127505596241,-0.004990280238928946,0.004568141028042982,0.06330678926144648,0.0,0.018985972055150402,0.030301263488793972,0.040733032794294244,0.023273896367059455,0.053662477677063225,-0.00044859051033402375,0.013646090952746048,0.02844907318513651,0.015121477432038621,0.020260475787136134,0.0008947788469726992,0.009712976518495509,0.011682813144994919,0.008771447235214724,0.013001500646880104,0.027020731619854854,-0.0021455228253716707,0.006364400000586745,0.0034223816474133195,-0.02243696393128486,0.014009147691020407,0.01673946984864977,0.03525399366523335,-0.01043205770271649,0.012235553969748958,0.014517317452346912,0.027558275918938002,-0.012389082294554543,0.0152719533010236,0.027500529885501557,0.047949123598148014,-0.09229304812563097,0.014993333875145065,-0.0378072922536401,-0.008875344628103521,0.019080321186340676,-0.0027567319169604088,0.05649756991514382,-0.06426674549756156,-9.903966784241547e-05,1.1102230246251565e-16,0.012309259450187071,0.0344677369598283,0.0,0.0409426811241016,0.03725912368232953,0.04344220260536136,0.01980252176568187,0.019483708068052996,5.551115123125783e-17,0.029775617757482498,0.012085467680287787,0.038365810852005355,0.01619950968009276,-0.0003086971778575309,6.138123435084353e-05,0.0,-5.551115123125783e-17,0.01510879839712631,0.021345135921047476,-0.0004105699130857454,0.011724039108068185,0.048321386690254764,0.0,-9.829294460306226e-06,0.012790011641501897,0.04124469046822188,0.03761743131318135,0.05137585948437773,1.1102230246251565e-16,0.038453449848724786
-0.0055761882294648735,0.007745741404062423,-0.021240878893027393,0.024689977642033678,0.018985972055150402,0.0,0.027240573478448493,0.02617674264999509,0.01849730872860411,0.01751565618179929,0.028150246212738483,0.012730549838529115,0.029441773773658808,0.05210013724396434,0.026137955935641888,0.0026024085091314597,0.013839416758276157,0.035682353624171215,0.04944182644485373,0.01801814651940048,0.05450019118120636,0.016049115169312456,0.011552639972843337,0.02182905314578959,-0.01419433346106519,0.005535903794795127,0.010289215237224592,-0.004742882536461102,-0.0016564455265186129,0.018801087673632477,0.01958417365624099,0.025746444194236273,0.04502459773708373,0.018643123373092374,0.004869742391987231,0.02300896087055776,0.025669367621694805,0.01917660909639468,0.06721788896681985,0.0003246934783317501,0.06695528160820241,0.013708466169432887,0.05521246540990837,0.04692748465207569,0.023225819509447798,0.014893406950725885,0.021506991136708342,0.027464566583748296,0.01422596323645614,0.05736453581442402,0.025233723354447235,0.04677050971856256,0.052880983635151146,0.0330010143115842,0.029777449218637175,0.041726352763464813,0.005241829602247561,0.04289299151199366,0.057643529115995074,0.02954692206646159,0.019951498446304117,0.0,0.0071722385415664,0.039824744880457286,0.08301730203578939,0.0344319899710302,0.028877445093555942,0.044864480529341055,-2.597671993659345e-05,0.019835490241849663,0.02561665250378531,0.0378045874351165,0.046129001485556265,0.052721520584310844,0.016278688953857534,0.04471492220463613
0.018684530520799436,0.018484538931461514,0.04146946574469401,-0.004779028011847264,0.030301263488793972,0.027240573478448493,0.0,0.05942417663952965,0.0338516558367718,0.010871886459074553,0.0030373186704051314,0.032270036081116504,0.03679871437313814,-0.0024555583457229746,0.01778016007498412,0.02659432498423059,0.036577657965237376,0.02325021816994699,0.010327674321120417,0.01579469059957117,0.01604554816567183,0.03010680156449652,0.03993082215697269,0.017885146848478528,0.01614823493041806,0.01798905220337066,0.029495183942692627,-0.029900133246825666,0.030782612751185212,-0.004117012069670856,0.029947990227556676,0.03824618615244413,0.018386307512965494,0.0013193579198306216,0.0014814531785813934,-0.008885762977636713,0.00477340076340943,-0.0009048394366260037,0.02534571089802229,-0.002708642801438732,0.031074356007248227,0.008301134188181902,0.018558488013954155,0.021099022925574862,0.013288969312263754,0.0,0.025080419704631984,0.0581524730723324,0.0,0.022290912583176614,0.05450041891338425,0.04599072264853438,0.07328538279442026,0.04046512415178416,0.010536506304678006,0.03507737179376885,0.006347023983291955,0.046265727187009,0.004230474455465039,0.03426886208351082,0.016663404216415934,0.0,-2.1251681693035263e-05,0.04504455969730814,0.04032757585943125,0.018304647169428534,0.018623438230366995,0.05938197153229108,-4.7231686833792974e-05,0.012957615606264072,0.029757066222480866,0.0984352200994385,0.028695327354380407,0.04354964238136749,0.011206612936029647,0.04312645226275441
0.05801975847954144,0.02988888123743988,0.05514629924464459,0.048271205359513014,0.040733032794294244,0.02617674264999509,0.05942417663952965,0.0,0.0342425662984418,0.0013905955141918502,0.05542821628375927,-0.012149144186764493,0.062021334441224596,0.061935101107355006,0.063936003443684,0.00795069226301609,0.0007895130451963106,0.015673952965207516,0.07480822977499335,-0.007299221039201276,0.06487896292000667,0.02432379054844408,0.04711523472989815,0.036579840795030516,0.00758611870094017,0.007711159295074321,0.03641897439776581,0.029927031929848746,0.029297707287898656,0.050410167330781464,0.04210599178387109,0.052255297690215086,0.0012280210712703465,0.026475112169830894,0.006423063617091607,0.018351142574652146,-0.14900614688980243,0.027951964242120708,0.0722281489221619,0.016598349133534196,0.15302176314626126,0.023885053652849986,-0.007395006072918597,0.013292558432167256,0.0,0.05770406087283797,0.02887034571924002,0.0038373868997424454,0.0,0.04531697842671484,0.02209826462177178,0.032990713202302735,0.015520386497279492,-0.0008868317448794683,6.15087155064753e-05,0.05885584236515984,3.868190668310234e-05,0.03662812150262834,0.03840531714746609,0.09469951420619938,0.01711427744706784,0.0,0.00048549354808408163,0.018870698111042583,0.0902617513950445,0.2116291680935658,0.05085854720760158,0.016200531835625864,-5.551115123125783e-17,0.020127894668607316,0.029732600788074992,0.041417202044428225,0.04298897457846185,0.08821830098643146,0.02604142141683452,0.05768626833979845
-0.0066734650866599465,-0.004676435541244084,-0.02557379097201895,0.07211800016680853,0.023273896367059455,0.01849730872860411,0.0338516558367718,0.0342425662984418,0.0,0.022291292910089633,-0.0170687735240877,0.02342981716961584,0.0020632514916963385,0.025102665802951896,0.02522854620817977,0.0074508713312425034,0.019869479011968894,0.030712619746752767,0.031803547723447845,-0.009591838187223811,0.012905252578982396,-0.011917662528049433,0.018908991980994883,0.018714278390571215,-0.01317627415955297,0.003901726771408043,-0.014322766725598679,0.0057965088994227365,-0.003068606881294622,0.006131428542060724,0.009321011940948976,0.010561873341059513,0.05919510646123083,0.005276687574392924,0.0038577189388206423,-0.0003947928080929586,0.029788981949187943,0.027922946332349707,0.05732006868776118,0.013683495745284324,0.05083588448705423,0.04445095913520569,0.0386847009415357,0.05130580501253257,0.010738490794999833,-5.551115123125783e-17,0.02051466492257137,0.026477539965086727,-1.6151967471289552e-06,0.030208797997464676,0.014786730703871376,0.04167864095634244,0.05364348954600562,0.020708709637929368,0.026902495795873838,0.015058646957464228,0.023109694097981415,0.04799307537145281,0.04701317529102672,0.01706188688729271,0.014352797256349303,0.0,0.0,0.04133721282098657,0.013818955567668156,-0.0064920819774436644,0.018112879505758295,0.040025795026350286,-1.9878747822221765e-05,0.01574196062160016,0.009882771694883552,0.030312330635041573,0.029469015924752318,0.014578815782974874,0.02570680122539659,0.04362513207365082
0.03820548291378251,-0.006318932918960074,0.027503055492396566,-0.0194833189971213,0.053662477677063225,0.01751565618179929,0.010871886459074553,0.0013905955141918502,0.022291292910089633,0.0,0.023402098616868372,-0.010236991784117244,0.01619972573942613,0.01678140015796914,-0.0001819822865793408,-0.032013968296211615,0.0004980552615820311,-0.009412437304051169,0.014951586856912558,0.046154729549308715,0.028752617559207827,-0.023395033066087423,0.00014610632015804592,-0.01625287305837786,-4.925212471146301e-05,0.004171646715225963,0.022561616583198774,0.02277998836682782,0.03187314035475464,0.019120830709551173,0.006960055934822684,0.03902111913543577,0.007275757258897342,0.0028100945534724753,-0.03892821092218696,0.035716431318476405,0.019721296874891103,0.018526020216968253,0.06428680589810298,0.021489605848133697,0.019577793461672766,-0.00899202818453454,0.0436933126846023,0.020932733576774443,0.042808884594894125,0.03466623505381877,0.014466988909535572,-0.00017647391336739204,-9.171310885458528e-06,0.04985946617604925,0.032789655610442114,0.030421075962929423,0.0038053876743511794,0.0013031630485921264,-0.0018595087194321902,0.02493664449187777,0.010235384462039088,0.05338569935916648,0.0,-0.000905705903756826,-0.0069258328821011905,-0.03255422506706751,-0.018307679584233016,3.014657948330335e-06,-4.898057383151411e-05,0.017338465559328997,-0.0011212022878617223,0.025875524891049717,0.016598647030145075,-0.028801337625474654,-0.0035267247218447872,0.031230078577365206,0.04299765936841787,0.029216434537790603,-5.551115123125783e-17,0.004617752807690612
0.0038490170619074338,0.009624145083398261,0.012637294292235812,0.01659521174916173,-0.00044859051033402375,0.028150246212738483,0.0030373186704051314,0.05542821628375927,-0.0170687735240877,0.023402098616868372,0.0,0.03161675702056088,0.0076923563857184685,0.011611243702141893,0.0,-0.00025093581183566194,0.015087166428967236,-0.009004295602496826,0.07384836298731517,0.00013204311673892244,0.0253759365251362,0.004990723538225328,0.041748624898170605,0.0439644565318974,0.022388738249656648,0.023827629644482318,0.04078708590693303,0.0025157790674397162,0.03601706247902009,0.0019874266614374747,0.02443408167754535,0.023865605259152767,0.05453911897482466,0.014050954239156976,0.024094725248891558,0.020250072645359718,0.043614622592940244,0.0286549541259159,0.05008916546999398,0.0007659151013949539,0.035597224948320016,0.009344063067428798,0.04859554958926998,0.025885075174923555,0.0010566046326807021,0.0,1.1102230246251565e-16,0.0032606834457833966,-3.1276314627071145e-07,0.023516344263595945,0.0571961353915853,0.013692682837935122,0.054002978978171245,0.06743327219594047,0.025089016469498626,-0.13389037224663805,0.022835557455426037,0.014933836160790859,0.07809714337494328,5.551115123125783e-17,0.0,0.0,0.0,-0.1452060588125478,0.009218086465384745,0.0,0.00026572164690924494,0.06456409576855393,5.551115123125783e-17,0.0,0.0006752558665193975,0.058650910895534425,0.02529640334774158,0.024874196711616448,0.0,0.05223868216963862
0.028245626975872407,-0.0031197310022106906,0.02255325384372353,0.015419646399781162,0.013646090952746048,0.012730549838529115,0.032270036081116504,-0.012149144186764493,0.02342981716961584,-0.010236991784117244,0.03161675702056088,0.0,0.033182123328135804,0.07655418025527405,-0.02090638487398211,0.008707867544503145,-0.025335329540590146,-0.027952889541206283,0.018595808951741122,-0.010878425002995018,0.030845523125887286,-0.011256725448103522,-0.03925021049545868,-0.005079329870991245,0.0026199709045514608,0.013735018618342254,-0.009579196599347639,0.041954303322798925,0.01075956608007056,0.05905891472071079,0.01775586482865854,0.05666745559542202,0.03237314956976972,0.03842243919932581,0.03896177966432324,-0.04051740484394417,-0.04813972988579379,0.018141045057811833,-0.04189394193852197,0.04185074861863519,0.054970444029263654,-0.027015771152161805,0.01592955808640778,0.021985150107573237,0.05701782215513679,0.026304403460177317,0.008585453333174398,0.010129407466311302,0.004773489062993491,0.11318918749733758,0.0067795904106822125,0.02117436534666528,0.00015880914732191442,0.006489582750430045,0.013588099160073919,0.005864129981179467,0.03177289178227305,0.05816012734027892,1.976106177992154e-05,2.6004129271173237e-05,-0.003706266921141177,-0.020510249832520977,-0.01654871278933623,0.010857519831725782,0.006778200945281587,0.01550142434364754,0.0024076773254363415,-0.0015576817328201154,0.0326646044208615,-0.015362890723632228,0.01699707939267403,0.01785336121518899,0.06302261589542196,0.008825674107397485,0.0,0.01376825052972297
0.022546753714486334,0.026680932677133007,0.04810076911313288,-0.025964299200181562,0.02844907318513651,0.029441773773658808,0.03679871437313814,0.062021334441224596,0.0020632514916963385,0.01619972573942613,0.0076923563857184685,0.033182123328135804,0.0,-0.009701548768276336,0.018285274947048236,0.027062966638804975,0.010098559236777993,0.015531629085487442,0.020069486268925296,0.012885515919153434,0.0732607862866616,0.02989067838589271,0.049588938427803986,0.018310080151898334,0.02030788856654414,0.01368247378147136,0.032137599136158934,0.02056123287739048,0.02028232321006196,0.03135088427888866,0.018128979276275436,0.019019806034988984,0.0438665049263573,0.0009669913620520831,-0.004063066308496455,0.016765654452156276,-0.002547440613690888,0.008311368995141621,0.014389563624771784,0.005048374737452788,0.0383572114884676,0.04605609289362006,0.028352967260343698,0.049584863983238636,0.00936921148195663,0.0073878498026903605,0.026348864176529596,0.04190844164576912,0.0,0.036360134937112765,0.06587010799871851,0.05831920705858429,0.07203999563140562,0.04123469809670677,0.041927048970639424,0.043161657680453935,0.05459456908172444,0.04296406891264787,0.019446524297136947,0.03548141686753492,0.02759436309641511,0.019027683160458886,0.015168480200546064,0.04192217383904362,0.027484766670889338,0.027776746171995936,0.026833082219151982,0.06536411762893857,0.011630705860968704,0.025183706439394937,0.02506320416394625,0.06097011838242172,0.04440681544759473,0.07229058403488098,0.09808761856127002,0.042694470056846345
0.019076287428394234,0.005074043941982853,0.05584162657846797,0.008734343839099601,0.015121477432038621,0.05210013724396434,-0.0024555583457229746,0.061935101107355006,0.025102665802951896,0.01678140015796914,0.011611243702141893,0.07655418025527405,-0.009701548768276336,0.0,0.01221916415162172,0.0013232855608890648,4.202628613908521e-05,-0.00025609890087624487,0.046097804010875765,0.0020256269408728267,0.027792238615978404,0.013670535104262915,0.060621274392648306,0.02902379900362556,-0.0027512213202372515,0.011485588501048083,0.05734233154662016,0.03310473363031946,0.025244163276717302,0.0146558149535167,0.07274747374936785,0.02716082136068071,-0.022658242122630567,0.0290941030191621,-0.021824058515178435,0.013010922881935866,-0.004527382679329589,-0.019693953663735553,-0.00543128482489369,0.0,0.003380319094034301,-0.0007036206563798553,0.04287746308087825,9.002883274433771e-07,0.0,0.0,0.0,0.04462561208460569,0.0,0.018780883652829428,0.019936240924116,0.026273821296053212,0.024728796460220304,0.04074478079745619,0.0,0.05259208037330376,-0.00039403482343552954,-0.006067867859869791,0.04177069058690025,1.1102230246251565e-16,0.0,0.0,0.0,0.036109317808172614,0.0,-1.1102230246251565e-16,0.0,0.03517546421804518,0.0,0.0,5.551115123125783e-17,0.030289969296144248,0.023002594935980447,1.1102230246251565e-16,0.0,5.551115123125783e-17
0.012861822280717528,0.01833642014397696,0.03524491351397391,-0.006430337528253227,0.020260475787136134,0.026137955935641888,0.01778016007498412,0.063936003443684,0.02522854620817977,-0.0001819822865793408,0.0,-0.02090638487398211,0.018285274947048236,0.01221916415162172,0.0,-0.016546500284481624,0.020055054084743507,-0.04164970471501678,-1.1102230246251565e-16,0.03614912328380643,0.034531142682210136,0.04653672316792917,0.06643641939476319,0.031447445346934055,-0.02713665963277062,0.016240537528239896,0.028339370420834564,-0.003697610189939582,0.02818262918779013,0.03745702132350359,0.007513530475040664,0.01433742826930351,-0.01488110297027695,0.012754615040215411,-0.006659339911655626,0.017163913322755908,0.019973675445821792,-0.0002755164451060388,0.05664215719313109,0.04909207042855768,0.043205450414049995,0.0543358755482628,-0.025074163114511494,-0.006931930065043113,0.0,0.05412902522061769,0.049140775770315726,0.021096967394464927,0.0,0.0,0.042802155576174616,0.01718141202800688,0.05058164329672821,0.0033800364681157435,-5.551115123125783e-17,0.0,0.017191817810769172,0.017147508925437926,5.1269878572623995e-06,0.06283564913231804,0.03294542938696732,-0.0001792125207303319,0.020042541785555534,0.0,0.030315440610716227,0.04409890017878837,0.054653413414544105,0.06005160569373713,7.622502584608837e-05,0.031069387878822907,0.03678807221761171,0.06126563186054723,0.027612210817036853,0.05791669407725997,0.04191074855912846,0.04567956386350808
-0.015548681445260282,-0.015061276240381838,0.017898168213817678,-0.0010048822702098392,0.0008947788469726992,0.0026024085091314597,0.02659432498423059,0.00795069226301609,0.0074508713312425034,-0.032013968296211615,-0.00025093581183566194,0.008707867544503145,0.027062966638804975,0.0013232855608890648,-0.016546500284481624,0.0,-0.044781358768378576,-0.018146121893479195,0.0003915305278086034,-0.01657236927058553,0.0015488248831887486,-0.014569727476441308,-0.010056738455652803,-0.005218982125546889,-0.0032483150529118987,-0.04248815581413201,0.0044481005082123715,0.014738112681356053,0.004003306087798308,-0.017509500927672672,-0.017837899988801975,0.011101487577300617,-0.021728818011680695,-0.0063774274642309225,0.012818760995564449,0.009842743864043935,0.012738409215098778,0.01816959889280101,0.010101601349604417,-0.0008949055579788312,-0.005913359521071637,0.01968884345645422,-6.685200984679618e-06,0.0,0.0,0.010681026840979047,-0.015140735621715196,0.0,0.0,0.0,0.02459127797858962,0.01263574171258014,0.019268296492979176,0.0,0.018579544542317694,0.0,0.006286177469434662,0.012493018246043264,0.0,0.010046649473143987,-0.0030064374983459485,0.007272678825191337,-0.0032615099934058533,0.0,0.012047976391628856,0.028277282730782116,0.001496205740042611,0.03666020939267722,0.013520488932201813,-0.0054744742187171624,-0.0018107965892785738,0.025486025215745056,0.04185550318345366,0.031716354425764315,-1.1102230246251565e-16,-0.002562695321836894
-0.009492987583519519,-0.03164507195982247,0.01495085456008094,0.018262746346084713,0.009712976518495509,0.013839416758276157,0.036577657965237376,0.0007895130451963106,0.019869479011968894,0.0004980552615820311,0.015087166428967236,-0.025335329540590146,0.010098559236777993,4.202628613908521e-05,0.020055054084743507,-0.044781358768378576,0.0,-0.017734457454848584,0.012554413188497371,-0.04904101672814826,0.000757024601131695,-0.03236729449179404,0.01122639020206001,-0.02169351931756397,-0.006966271682586067,-0.012047475029795918,-0.07542733907615562,-0.019746921285397234,-0.01667387147151317,-0.048480278437964264,-0.023722948150340317,0.00031531661634043306,-0.006425698583675699,-0.006682026065271074,0.017052155751344278,0.02246736562879381,-1.85378818077786e-05,0.010317163217327285,-0.02013198545349759,-0.03912386927520106,-0.003486432897472025,0.025570905272990774,-5.551115123125783e-17,0.0,-0.02955859692387336,0.0636681268489176,-0.014005592574007686,0.0,0.0,0.0,0.0,0.0,0.0,0.0,0.0030152742736735405,0.0,-0.006432298941415726,0.006617740313694331,0.0,7.467946247002866e-05,-0.00098430882346362,-0.01283485139792745,-0.010782955851362241,0.0,1.1102230246251565e-16,0.0,0.007137588452987842,0.0,0.027824211570149637,-0.0034787510512787057,-0.013976682815891539,0.0,0.03071638815369776,-4.0288821121725604e-05,0.0,0.01960865744575191
-0.04649967710747288,-0.029655696357971773,0.021507299362924337,1.5310224616260637e-05,0.011682813144994919,0.035682353624171215,0.02325021816994699,0.015673952965207516,0.030712619746752767,-0.009412437304051169,-0.009004295602496826,-0.027952889541206283,0.015531629085487442,-0.00025609890087624487,-0.04164970471501678,-0.018146121893479195,-0.017734457454848584,0.0,0.02563382322935831,-0.0319195942505231,-0.07861911559297624,-0.03495805151416148,-0.06224910125485544,-0.010531414856384758,-0.003391973894190381,-0.031723282231346184,-0.001398530821758781,-0.016345899184434742,-0.018901834648660076,-0.06654277429801225,-0.020052766548127376,0.005621814242414314,-0.00969148346220855,-0.008793571598320005,0.019699151235719914,0.017475347001800756,-3.089588274324262e-05,0.018242959073557552,-0.008783025330863115,-0.034264165133229996,-0.03327899599335771,-0.003054880470055754,0.0,0.0,-0.005795894844314864,-0.009647267540846605,-0.03054571376788401,0.0,0.0,0.0,0.019640182297436526,-0.00013029785574253383,0.0010097786343581938,0.0,-0.006367005576866369,0.0,0.00479658850072473,0.020072077098192864,0.0,0.007580837831339837,-0.026113918448930684,-0.030676971281139886,-0.05004083731178999,0.0,0.02435801046003927,0.03445504147757211,-0.05141480165150136,0.02938243809519936,0.02782208144885079,-0.04390618463754975,-0.03547803455112497,0.029187755422768358,0.012596334324513236,0.03531856269415323,0.0,-0.044366825020742406
0.0,0.014728754920021014,0.05075143359731238,0.004904182049422445,0.008771447235214724,0.04944182644485373,0.010327674321120417,0.07480822977499335,0.031803547723447845,0.014951586856912558,0.07384836298731517,0.018595808951741122,0.020069486268925296,0.046097804010875765,-1.1102230246251565e-16,0.0003915305278086034,0.012554413188497371,0.02563382322935831,0.0,-0.0008883919382681182,0.012370909546089326,0.013153598411132617,0.10027293245715102,0.026155064691250396,0.016439219022727714,0.0178290124130851,0.05880471509345342,0.0052310570308266024,0.004192438914446206,0.010689118109626972,0.011692749549390813,0.023006789071702227,0.04479124763409448,0.011982247766282816,0.011105915331275251,0.03910130041910237,0.015721502915512442,0.02192925008329072,0.030992657443352334,2.3964374735285787e-05,0.011098525748044819,0.031241055114091365,0.06187289087776088,0.024281802609629977,9.840456362042449e-06,0.0,0.0,0.13064446637110932,-5.551115123125783e-17,0.015578765694856445,0.06330816465306066,0.04753195555508816,0.09523106253404656,0.05682696813439547,0.00026261187020915067,-0.025510497238618146,0.028344488166898163,0.06644027924301543,0.09731144710809564,2.220446049250313e-16,0.0,0.0,0.0,0.08780739624185552,-3.4680868770231577e-05,0.0,-0.0002727018648474022,0.06829818884932815,0.0,0.0,-5.551115123125783e-17,0.06563648693697621,0.0313301843991306,0.041341526209937585,-0.00011956431543169721,0.033115563081811406
0.07629681031667213,0.010476689999331767,0.00149321173632877,0.03419307510702896,0.013001500646880104,0.01801814651940048,0.01579469059957117,-0.007299221039201276,-0.009591838187223811,0.046154729549308715,0.00013204311673892244,-0.010878425002995018,0.012885515919153434,0.0020256269408728267,0.03614912328380643,-0.01657236927058553,-0.04904101672814826,-0.0319195942505231,-0.0008883919382681182,0.0,0.04892706464970081,0.02290688001676422,0.09352748263490007,-0.036865845842984024,-0.020611469272405036,-0.024326396177850595,0.005279934798979591,-0.034394277884365665,0.01882637874587717,0.05451399808483309,0.011254609621960288,0.036293070234391156,0.017143302311554698,0.03371146082406945,0.01543639657098822,0.01369788866203353,0.034117176750978084,0.026505561481381223,0.04579599009013113,0.03782401802664853,0.03885029910099652,0.04497779026131937,-0.02157219087183021,0.0004477980009291449,0.00034550581020681426,0.014202922345006752,0.03389603971968225,0.05137257572003351,0.0,0.0,0.034017629300436725,0.0002697738247968706,0.03367769371986379,0.017845498844953067,-7.327315247007693e-05,1.1102230246251565e-16,0.007253359095921508,0.025519395173197124,-1.1102230246251565e-16,0.03417374548301305,-0.01097688439325667,1.0634711979096156e-05,0.011555930113981538,0.0,0.04783120699846238,0.042005242230001016,0.039501527358096256,0.03810901742029382,0.0,0.029315733029061375,0.02637836833058571,0.04895665923114134,0.03260453941295677,0.045428045769508985,0.020586304541264477,0.036816176799853106
0.02306176418236422,0.012709503182495252,0.019323772445339893,-0.0007012725146377519,0.027020731619854854,0.05450019118120636,0.01604554816567183,0.06487896292000667,0.012905252578982396,0.028752617559207827,0.0253759365251362,0.030845523125887286,0.0732607862866616,0.027792238615978404,0.034531142682210136,0.0015488248831887486,0.000757024601131695,-0.07861911559297624,0.012370909546089326,0.04892706464970081,0.0,0.04447600828728743,0.049498913452743765,0.01664362725842361,-0.037136648282543816,-0.014759252052832739,0.04197243076971374,0.04643826642585064,0.04550583488409271,0.057697715036668096,0.02597018739665502,0.056557484962084015,-0.017099580030836392,0.03433164996170196,0.023142886607961988,0.007431616103903416,0.0031430434335770197,0.0027305894137482634,0.08069910445939504,0.05584296051149562,0.04962110864318925,0.060939310544486425,0.024661563499554118,0.0,0.0,0.02862523902622266,0.03843723422135947,0.03595296433399309,0.0,0.0,0.05349991593978781,0.007076923004651514,0.028595023153048515,0.006172406752143367,0.009075528166003932,0.0,0.004139194718093597,0.05529012894009255,5.551115123125783e-17,0.045826354051987594,0.015467366959622975,0.0,0.026417147433045685,0.0,0.08382179125542377,0.11596143700529626,0.03051825707195327,0.08800719909748195,0.00319810457470443,0.013172909035184588,0.01895469625002283,0.07886321697874199,0.041322703061399235,0.07636224761759108,0.05742494588735886,0.07300567512193634
0.03727719884452685,0.00915101779729438,-0.0055347728209609315,0.0411264152748802,-0.0021455228253716707,0.016049115169312456,0.03010680156449652,0.02432379054844408,-0.011917662528049433,-0.023395033066087423,0.004990723538225328,-0.011256725448103522,0.02989067838589271,0.013670535104262915,0.04653672316792917,-0.014569727476441308,-0.03236729449179404,-0.03495805151416148,0.013153598411132617,0.02290688001676422,0.04447600828728743,0.0,0.0398578701381791,-0.015469560779459934,-0.027429210956756878,-0.007696614474565988,0.013907845094131677,0.020083575310499036,0.009939543760817737,0.023515805332183948,0.01632975033209233,0.0005194623825210964,-0.007004863593002897,0.01633718808883544,-0.0036752142208911764,0.027742261418240433,0.045814795795138086,-0.0015440605588187828,0.03925830463544844,0.010898689794586247,0.02640033825097282,0.04691928772732934,-0.049260973851226575,0.005868336664443197,-7.773973727864814e-05,0.03292918598674771,0.03403028684110604,0.01620956718849731,-2.819267765574729e-06,-8.667737673717646e-07,0.026636786395850487,0.01588452481379693,0.03447609411762226,0.011015741451916972,0.013680577319469589,0.0,0.013884293939297965,0.018139033170599117,0.0,0.03204031205179986,0.013126319831226696,0.009900256336110969,-0.02444827456351506,0.0,0.02745852642053681,0.035648582788657845,0.027638408412798965,0.04261320408748026,0.021664244769103613,-0.0037406699118698317,0.03073404248387296,0.04037761765166831,0.010753025642000535,0.038252015008751694,-0.010499156382792363,0.028970612913954752
0.044155607072386804,0.03645978936793398,-0.01077958346440322,0.04801024238718987,0.006364400000586745,0.011552639972843337,0.03993082215697269,0.04711523472989815,0.018908991980994883,0.00014610632015804592,0.041748624898170605,-0.03925021049545868,0.049588938427803986,0.060621274392648306,0.06643641939476319,-0.010056738455652803,0.01122639020206001,-0.06224910125485544,0.10027293245715102,0.09352748263490007,0.049498913452743765,0.0398578701381791,0.0,0.021472316465213692,-0.019684032937439255,-0.0007291153151996466,0.011205929595478392,0.018938709059430403,0.023663045540932348,0.03248128700272834,0.029222505727824755,0.03805463275866089,0.021754055940388373,0.0233998593676375,0.024023995462024328,0.04423688840095075,0.031659810788816356,0.004169160556974083,0.07259193289647348,0.0548952756501076,0.07033153470071607,0.05426304381670016,0.01400014021414886,0.026767807450881198,0.012307330125151839,0.022510704580090635,0.053316636809614626,0.07022229844527395,0.020721908444185755,0.04310931614711988,0.039410952134311006,0.04874059237259287,0.048930901492028556,0.03710205691985691,0.00189238891504806,0.04952594054522341,0.03159449989912322,0.06529171934715378,0.05580114906040223,0.06317139655374149,0.02820578896546,-2.5870113020187713e-05,0.020812245390226247,0.09856955583320337,0.07248658710240669,0.08961732413383072,0.05116340617976611,0.05611199752860874,-9.96982648245881e-05,0.024310126071301563,0.05039005924175499,0.05385822829637382,0.058656889995449824,0.0707866059404611,0.06840206121140857,0.05955668048940321
-0.033611029925257774,-0.0030100567116239096,0.00828642640151056,0.01790361491721021,0.0034223816474133195,0.02182905314578959,0.017885146848478528,0.036579840795030516,0.018714278390571215,-0.01625287305837786,0.0439644565318974,-0.005079329870991245,0.018310080151898334,0.02902379900362556,0.031447445346934055,-0.005218982125546889,-0.02169351931756397,-0.010531414856384758,0.026155064691250396,-0.036865845842984024,0.01664362725842361,-0.015469560779459934,0.021472316465213692,0.0,0.016367520663982615,0.033645955269256844,0.0405677707549974,0.020181671951849722,0.014542537280254897,0.012680655970918775,0.018002203727231547,0.06692521600786794,0.025625328409394077,0.028237917450804728,0.05882226313998623,0.04996842775145366,-0.009562639039551513,-0.0018980534880828626,0.06821785773304906,0.0498425783640008,0.0530387651001924,0.011951729676659917,-0.003521784010851403,0.004381357203073644,0.047955842574769925,0.03915503796282499,0.009348739919995297,0.0,-5.551115123125783e-17,0.00010218220696756042,0.006702948566502054,8.756014830763048e-05,-1.6653345369377348e-16,-0.0001820288475932741,0.006813323867584653,-0.0001339104814766512,0.031018178001923746,0.03380384459388097,0.0,0.00047267991527111253,0.006925224827591947,-0.0028258465400500254,0.003918882258999168,-1.2452187467981712e-05,-3.91189152870175e-05,-0.02657304126803617,0.012372367940668705,0.00029762567788360617,0.06628174375912255,0.00751535658331598,0.021987109345431577,-0.00012896605426843122,0.045497802149393474,0.019032182824947008,0.0,0.007070593922263724
0.01566659405537507,-0.015228752068593976,-0.003289540971450844,-0.00016187330959083202,-0.02243696393128486,-0.01419433346106519,0.01614823493041806,0.00758611870094017,-0.01317627415955297,-4.925212471146301e-05,0.022388738249656648,0.0026199709045514608,0.02030788856654414,-0.0027512213202372515,-0.02713665963277062,-0.0032483150529118987,-0.006966271682586067,-0.003391973894190381,0.016439219022727714,-0.020611469272405036,-0.037136648282543816,-0.027429210956756878,-0.019684032937439255,0.016367520663982615,0.0,-0.014962150584368061,-0.020812383141452118,-0.006017485984068205,-0.022191014426912237,-0.025143459341316843,-0.009217276723529733,-0.006073310105367324,-0.008764951968997015,-0.002543237801713061,0.011773776428873728,0.026819242190329606,0.0018906202572724906,-0.0038982526857942457,0.010675912718840497,-0.010072015852369054,-9.904033663044043e-05,0.02168493686568579,-0.00328763901886564,-5.551115123125783e-17,0.0007834361680913449,0.01780332887448849,-0.0002463502278594043,5.551115123125783e-17,0.0,2.220446049250313e-16,0.021390590704411128,0.015491962998434305,0.008936059782832018,-0.0011675792196094714,-0.012961579674693247,0.0005859580024745181,-0.0054407790848741144,0.020619034574999973,0.0,0.016084357832024998,0.0036312350641776736,-0.02377051514867423,-0.01865531008415633,0.0,0.040001707062445546,0.0024467741555952993,0.010470175934647663,0.034443840010230986,0.026519080825126995,-0.02163434482098958,-0.010917501684844344,0.0018556540181490222,0.021244203319521038,0.00277945525742751,0.0,-0.012112354028925132
-0.005383103755716434,-0.0045949794850190795,0.024183103589782484,0.005438202423408978,0.014009147691020407,0.005535903794795127,0.01798905220337066,0.007711159295074321,0.003901726771408043,0.004171646715225963,0.023827629644482318,0.013735018618342254,0.01368247378147136,0.011485588501048083,0.016240537528239896,-0.04248815581413201,-0.012047475029795918,-0.031723282231346184,0.0178290124130851,-0.024326396177850595,-0.014759252052832739,-0.007696614474565988,-0.0007291153151996466,0.033645955269256844,-0.014962150584368061,0.0,0.014791460721044924,-0.015217174031808722,-0.044247930902426846,-0.06855391374249026,-0.01877363763492007,-0.014022763162478802,-0.016342487910818326,-0.011852737272509517,-0.012310743113377931,-0.03567975531016737,0.02206960276094455,0.012764156689829942,0.02361523700895496,0.01891180447697588,0.013639017277562837,0.02542255019505174,0.016532055315582495,2.4313539281950458e-05,-0.04083665368194778,0.016508995811424954,0.012192528957603699,0.019368872731468256,0.0,2.0265156467913492e-06,0.04846501170334805,0.020434592255226036,0.014558844123696901,0.014680146502058677,0.01135213512018074,0.0,0.022039179774200612,0.01912162183726418,0.0,0.023853333790950004,0.00251578876679337,-0.0053504718659713735,-0.010609175123475978,0.0,0.02760336623970444,0.034022054890886944,0.020825644816396205,0.031643647297350586,0.050112272319016715,-0.002576936428390353,0.011951396660618452,0.04968538455162674,0.02624529438586154,0.021113442943530625,0.0008627961554597552,0.0033848224697263785
