0.0,-0.01977539207210105,-0.036635854640525656,0.0,-0.02943373045951536,0.011537769610710458,-0.03651548033310187,0.0031034321599849868,-0.009546510409187747,-0.040005222885120595,-0.017767038520723255,-0.016649827181269172,-0.0011914981937463653,-0.016961006280172664,0.030719202308290394,-0.02067215213828666,-0.026806009897924088,-0.036501325170448684,0.0,0.033415034349582706,0.010143767851027663,0.0149401364362724,0.008793098224500862,0.000994129414900069,-0.032683611968318205,-0.016701653916447123,0.011601568818963737,-0.017178223031448336,-0.03915048986679348,0.0011989250159286646,0.0016212635580621915,-0.01611208998952468,-0.015241698492170164,-0.006843303940646472,-0.03402026263107766,-0.04141237493503375,0.00047348933944540983,0.04590222211089817,-0.024484444770318747,-0.024118705524581174,-0.02926937463602619,-0.010797689481211292,6.349287784312985e-06,0.0,-0.011357339723713,-0.00509505606155114,-0.03764174700815415,0.0,0.0,0.0,-0.02653239117465922,1.1102230246251565e-16,-0.03146124146489043,0.0,-0.02537585254262048,0.0,-0.03307997188547429,-0.012419360093049003,0.0,-0.0036713794535694344,-0.03697434719766257,-0.03973774645287281,-0.03129660191588263,0.0,-0.023706453212542333,0.09577023225275161,-0.02622489792092708,-0.02340046799724327,0.06013456723064542,-0.03219817309843581,-0.02638082518896928,-0.01870270097614296,-0.00022094799777744312,-0.03322321434233594,0.0,-0.025089143684176085
-0.01977539207210105,0.0,-0.03491640329408996,-1.2657839358110046e-05,-0.020947387677877682,-0.026525892990996502,-0.024448698588272366,-0.005169935663351499,-0.02261706476752745,0.0008427674017439934,-0.020458416408354996,-0.03444780491004973,-0.0206992837833348,-0.007321270675695268,-0.007646071559342604,-0.020316355888537252,-0.0011110114209725852,-0.01786942852153167,-0.015262015132971207,-0.016603598945286402,-0.0030937605993310857,-0.03556331490132364,-0.020136221508752383,-0.024443979613726685,-0.010847931808866562,-0.03477037995517751,-0.013227956024993104,-0.017999655412444637,-0.05023231877940998,0.0009990578575195808,0.0122995510248744,-0.01916495015270936,-0.018674710957412854,-0.004012338292742446,-0.01668952741971641,-0.00835800580674334,-0.0011546595479155486,0.0,-0.03181776630270239,-0.028702413489312684,-0.03265337427905746,-0.02460292320252272,-0.009620239124625896,0.0,2.220446049250313e-16,-0.03128317415276349,-0.036430328371438225,1.1485634645536091e-05,0.0,0.0,-0.0005201690124594927,-0.025319409580117802,-0.01817153703189084,-0.017331170010965236,-0.020791367061461674,0.0,-0.022496752011675003,-0.02616169874148483,0.0,-0.02774252565906593,-0.03203317296739433,-0.01919970616505501,-0.028812562692066945,0.0,-0.039366934923286356,-0.017006487186715324,-0.025597163290251024,-0.03170023428943436,-0.014990613556150945,-0.031592111961343594,-0.037133192233230805,-0.03259356720224582,-0.036094344285229174,-0.016363677266287124,-1.1102230246251565e-16,-0.03072389321680491
-0.036635854640525656,-0.03491640329408996,0.0,-0.043044897617122324,0.011349014453163053,-0.01256262485395726,-0.015794457234157733,-0.013193851618839625,-0.033721477980099335,-0.018527562722262747,-0.006131456105804622,-0.03164551449885361,-0.010384364276471658,-0.02011892804484461,-0.040147027387674394,-0.02339252660106017,-0.020637810706362614,-0.023759095518953943,-0.0011334452168726972,-0.022687314863504726,0.0004852027537387005,0.01870359829263879,0.027474106604070847,-0.021885227372905935,-0.034157033224205824,-0.043035400639639565,-0.050521410981728965,-0.007863512989039145,-0.04477609972351487,-0.0077475356672517814,-0.020763836945875247,-0.025577208083248704,-0.03085811683911044,-0.01874610544645816,-0.013048145299250968,-0.006300476284194723,-0.010280805710725927,-0.02328308971421461,0.0005206378296223058,-1.3003618243301318e-07,-0.01147391689790922,-0.010257535345926272,0.009248302947032883,0.022882495029901972,0.0,0.0,-5.7941376667147715e-05,0.00703851055521415,1.426067007592735e-06,0.013426163226439303,-0.027301999496802898,-0.04286336307292127,-0.010057539523907644,-0.010321373943692813,0.0004491781208305068,0.03937368410308073,-0.03262814254481061,-0.03161909327197765,-0.010100332215033092,-0.00014994370444493255,0.0,0.0,0.0,-0.016073889591509516,-0.011934008533614038,0.00599456483105254,-0.00025830963816447783,-0.021324151402486557,0.0,7.203819237738829e-05,-0.029539063877827065,-0.037727933077539744,-0.018401179984363636,-0.027428176612563526,-0.008962279476758428,-0.031215900922462625
0.0,-1.2657839358110046e-05,-0.043044897617122324,0.0,0.018755162236467338,-0.03704466424130026,0.012947487661185642,-0.010380577980524774,-0.0517024948433194,-0.03676482655710822,-0.031227501454413498,-0.030850459509019823,-0.035356121141470964,0.01055332303460993,-0.031032801959721912,0.0005182470071964373,-0.01560768935411494,6.493865675583077e-06,-0.055040751342372185,-0.005389970324551685,0.000493833642327246,-0.011823165379597933,-0.012950608041010891,0.005214819196489917,0.0004118774827835403,-0.029867394703858907,0.010563631275858465,-0.03403031853488961,-0.03149422627143866,0.025764559816927157,-0.061828022884080125,-0.012736410874220616,0.012845949634167297,-0.05824599541584735,-0.009147071467424661,-0.03687798698855535,-0.02735030839512545,-0.0011572564869536395,-0.017014309789393833,-9.086612166775421e-05,-0.037655938666503797,-0.006724584028650837,0.012554647194561064,0.014722512197507587,0.0,0.0,0.0,-0.0007007492915912517,0.0,0.0,-0.02990671122983979,2.220446049250313e-16,-1.4862076319732687e-05,-7.01632159226806e-05,5.551115123125783e-17,-0.01112078014212381,0.00441065375415417,-0.0003363534000296875,0.0,0.0,0.0,0.0,0.0,0.0,0.0,0.0,-1.3103881296161468e-05,-0.022438941166880833,0.0,0.0,0.0,-0.017580987955066685,0.001452166708075464,0.0025155116850931747,0.0,0.0
-0.02943373045951536,-0.020947387677877682,0.011349014453163053,0.018755162236467338,0.0,-0.012838837405215298,-0.012734066070837047,-0.025520673089652945,-0.02638965112292463,-0.05174363122183523,-0.03711185150286944,-0.07246717452920731,-0.02383219891927313,0.006084105897119496,0.015366153857439113,-0.013416224992038317,-0.02252979165440583,-0.005604790133106219,-0.026007776338328903,-0.011204475067178976,-0.03106769867845055,-0.01946301318941185,-0.017517399933025146,-0.0180632054754562,0.011284222897957719,-0.003974626997991781,-0.0038584613063541995,-0.04871809585933884,-0.028570503757602395,-0.02550200438870115,-0.042395282184015726,-0.011765501149219648,0.031191309954193003,-0.04476178741486592,-0.03609264666456896,0.004257857587306957,-0.04691166774366071,-0.025491818911090314,-0.012458441276386956,0.01192410041511971,0.021456817064229083,-0.0010727174577345178,-0.03930838635958561,0.020935208009002837,-4.200789443942199e-05,1.1102230246251565e-16,-0.008795929586622286,-0.03935134579718724,0.0,-0.022551025462574648,-0.04045813697563039,-0.024618703183275692,0.0024567413842388475,-0.02338031287531267,5.551115123125783e-17,-0.04470521677573536,-0.02134480328633165,-0.016637220795481966,-0.04038222702403499,-0.004790307850954911,-2.3633766734587613e-05,0.0,-5.551115123125783e-17,-0.02402960243206581,-0.03176380962858294,0.00017152415030363688,-0.010541696507232134,-0.05367371476232624,0.0,-4.1691170123980825e-06,-0.008225807917219219,-0.05197794618413554,-0.03962005644841221,-0.0342670819505122,1.1102230246251565e-16,-0.028615125444619305
0.011537769610710458,-0.026525892990996502,-0.01256262485395726,-0.03704466424130026,-0.012838837405215298,0.0,-0.010777954621096986,-0.04530476548064577,-0.03473266858076024,-0.027795097928563106,-0.03517186914206144,-0.031802230017297484,-0.01041721122363537,-0.04945915704121334,0.00904763263764552,-0.026660199481347402,-0.01414797488910402,-0.02296202860490576,-0.014335633311951645,0.002070415184984409,-0.018650050188857348,-0.012359359223990174,-0.017207601503931858,-0.006315136250414188,-0.031324951306612336,0.0052627206542276705,-0.008256305989083168,-0.015713866016900224,-0.02486921406081999,-0.013854218756325143,-0.01743658230728623,-0.03480439276261388,-0.005920758961410255,-0.019414160678007386,-0.020999433096489273,-0.03217061971144436,-0.025821280994424767,-0.02439742702480774,-0.031678132072443965,-0.02484486744990405,-0.029047092667167262,-0.02068697902613692,-0.03925922705802526,-0.0280692774130753,-0.022576845029470383,-0.02945960970968753,-0.02414730366230372,-0.05099772177817863,-0.00783564549818333,-0.020589884021567917,-0.04535646297268592,-0.053368494977127146,-0.04438847057692702,-0.051757437708313536,-0.04834698492001116,-0.02366083713264855,-0.019776858627716776,-0.05124302216679766,-0.015728546258430898,-0.020960094217957137,-0.027955729038043553,0.0,-0.020417715928875313,-0.03694181718290784,-0.012878187750273606,-0.028492579598604906,-0.019926812952015982,-0.03813538973189867,-1.1018083286740143e-05,-0.03211153381019549,-0.028394691799740468,-0.039324335667019816,-0.03831994070653799,-0.042296903175604084,-0.02582910184496895,-0.04006533078100577
-0.03651548033310187,-0.024448698588272366,-0.015794457234157733,0.012947487661185642,-0.012734066070837047,-0.010777954621096986,0.0,-0.048117232490200335,-0.024124871387995905,-0.03406626715178224,-0.007124548114648965,-0.06024965341457611,-0.01969686160406886,0.027768466426450478,-0.016293584931327765,-0.023933275860949788,-0.029798948902632405,-0.014525019250567872,-0.039612695564086475,-0.02232758961780351,-0.04386827035841656,-0.026463304684090583,-0.034432726772413935,-0.013071069649936373,-0.009502583881629167,-0.019003145447489433,-0.015233516056785246,-0.024372721874659553,-0.03235990357060209,-0.01599571675782424,-0.03598407887151733,-0.026565995315038782,-0.009235176279712265,-0.020618803740825364,0.0036014789039680584,-0.006024868822340768,-0.003099662471892639,-0.033246259498890096,-0.02611907113941092,0.003991775962891464,-0.013809310719552381,0.02556202749793368,-0.011297495641751532,-0.008895619497457652,-0.0062707007219760524,0.0,-0.03255634244814243,-0.053636459815154414,0.0,-0.014040969353857735,-0.023525723261130727,-0.026553736673203543,-0.04273764393999496,-0.026835617752217877,-0.008267157723683694,-0.0341229207132413,-0.0057251824936195295,-0.029437833509015576,-0.025653279860094358,-0.028510357460882763,-0.026038725992968303,0.0,-9.013947852021253e-06,-0.030754447184770994,-0.017426715941475657,-0.024990312149726468,-0.029473362415501247,-0.04195828327545392,-2.003342456552426e-05,-0.021036677192302233,-0.03416648051106491,-0.05483537020958246,-0.022093590395592222,-0.017885423139318957,-0.013655953887858896,-0.01752956339103695
0.0031034321599849868,-0.005169935663351499,-0.013193851618839625,-0.010380577980524774,-0.025520673089652945,-0.04530476548064577,-0.048117232490200335,0.0,-0.033077193086733236,-0.02467996392413707,-0.03044043605524227,-0.014820364834455813,-0.053590256525831104,-0.02956319112593775,0.02964102352196829,-0.022799389480520404,-0.005523285463590377,-0.014889629865627918,-0.007259140703930966,-0.0009334749431763045,-0.02218769228479034,-0.014062866080376102,-0.014440025225363251,-0.002659767290641657,-0.024985797189552017,-0.022586186844145206,-0.012575480575330866,-0.04890571760304968,-0.05444628653108019,-0.04168603410355842,-0.0444419774379467,-0.02456351470368412,0.010276995093101426,-0.04210917040693579,-0.033426169472035305,-0.044044454931057964,-0.041898909005443075,-0.04918451401818491,-0.02919353322071977,-0.044049623556213446,-0.016748846720807065,0.04051346671093492,-0.03891388368728199,-0.017650592280993083,0.0,-0.013015046298594957,-0.01941613142492593,-0.024161923079040637,0.0,-0.006068706967487347,-0.03972362465453666,-0.05220687181856004,-0.006003678173843563,-0.046527524097826845,2.608905789353022e-05,-0.06277588776053628,0.00015055427813015498,-0.06846417413853229,-0.05657681822747712,-0.006506749166633019,-0.0074619993007877805,0.0,-0.00013758670351310398,-0.007769820505919123,-0.0477323832501067,0.033274700242157784,-0.026448385281117814,-0.02285095624480865,-5.551115123125783e-17,-0.03768113053210742,-0.012875781562805722,-0.012296597657355135,-0.03837017023151634,-0.03703004789733488,-0.012782855257571946,-0.043589157870598805
-0.009546510409187747,-0.02261706476752745,-0.033721477980099335,-0.0517024948433194,-0.02638965112292463,-0.03473266858076024,-0.024124871387995905,-0.033077193086733236,0.0,-0.04240741444872703,-0.05031461101340973,-0.02252467326831692,-0.050979067365953534,-0.03671127947159897,-0.028759975773399893,-0.019405171946180244,-0.03790306006041977,-0.02028169658286494,-0.03713864367286279,2.3470507338141378e-05,0.025667015760020673,-0.01159741613736831,-0.005583779220191654,-0.03009236694861167,-0.015845429986442727,0.005185501613081733,-0.015404582088463958,-0.036375323447935815,-0.03213816733171654,-0.014034165894353745,-0.045014217403019474,-0.051425147633389456,-0.017338484195842052,-0.048063705696175296,-0.04355064016782417,-0.035739268882793995,-0.04910415774157939,-0.023267677449272384,-0.025260948987175347,-0.007970591875951116,0.008278482649856367,-0.05074401423683528,-0.04059062125775498,-0.016601529923270242,-0.018536811970801426,-5.551115123125783e-17,-0.022948757103110173,-0.030927427138330854,-6.850892770859929e-07,-0.048141421772911086,-0.03178746720752046,-0.05149926949640815,-0.040196083198136834,-0.057395309626500024,-0.008438843884090108,-0.00354139889914451,-0.02847147911377751,-0.06311428643639311,-0.013663642135058274,-0.012768889305377784,-0.01719268534039159,0.0,0.0,-0.015019164083638459,-0.0285523418837767,-0.0016019484095831649,-0.023675991537909058,-0.046959060554297105,-8.431614910320295e-06,-0.013393463829482088,-0.038121385316410517,-0.05882937738512445,-0.041880071261492846,-0.03549471334385934,-0.05930485464659657,-0.05035185415761806
-0.040005222885120595,0.0008427674017439934,-0.018527562722262747,-0.03676482655710822,-0.05174363122183523,-0.027795097928563106,-0.03406626715178224,-0.02467996392413707,-0.04240741444872703,0.0,-0.026037933537896685,-0.013290217301570761,-0.029339451492370938,-0.02996405781867889,-0.011912154403513342,-0.03402455509146124,-0.029227286173090783,-0.022150003235958504,-0.03162829456284194,-0.04267855236956969,0.0002956907483506743,-0.020637385712838796,-0.02686615765760192,-0.03858718989841997,-0.03713291516795503,-0.013525995201754348,-0.018306305831909897,-0.012323769210952296,-0.06961606406929266,-0.02730954074078984,-0.03596230524104849,-0.006639291210894072,-0.03660956937580934,-0.07536384672111615,-0.06963980208884413,0.019544262074716767,-0.11547409032698819,-0.03397931305429691,0.030638126138603505,-0.04616365285326218,-0.028212093297104668,0.005348226473822881,0.03712162830176363,-0.017814820002406195,-0.0490721864465421,-0.006904034235212242,-0.009976550414263041,-7.485180115762713e-05,-3.890031821940365e-06,0.0004415964696011243,-0.04153428273376397,-0.02381325317327232,-0.0019974984247068672,-0.007269626885119784,-0.05121563840751436,-0.006776484487540646,-0.03588566874017607,-0.049592244645252304,0.0,0.00028796118455509667,-0.02106968866972675,-0.046430879638940104,-0.05544463741607575,1.2786738447512214e-06,-2.07752188585153e-05,-0.014247728283789396,-0.012284135586558942,-0.031142190404776504,-0.05899202023217459,-0.04911778891886476,-0.03983812044201951,-0.016715770437797373,-0.03657851734380335,-0.04767046547466197,-5.551115123125783e-17,-0.045123612294678594
-0.017767038520723255,-0.020458416408354996,-0.006131456105804622,-0.031227501454413498,-0.03711185150286944,-0.03517186914206144,-0.007124548114648965,-0.03044043605524227,-0.05031461101340973,-0.026037933537896685,0.0,-0.028057214629872707,-0.023534060287722147,-0.01582780821649743,0.0,8.738884204240183e-05,-0.021023564798070216,-0.02910893411185439,-0.03293352214456821,-4.970844549589959e-05,-0.02956046617317687,-0.01922144559191119,-0.013689237231700735,-0.022524876341877498,-0.03480811523052846,-0.0227365036219791,-0.003520413979507031,-0.02233195531380633,-0.02365031874257495,-0.01832166062201196,-0.0394652612835078,-0.025822853179974847,-0.02001765661782151,-0.026514998664052325,-0.04259797366723461,-0.0035258134272683206,-0.03229169482785077,-0.026483481068073578,-0.00836728855421065,-0.012543439735321849,-0.07143075640832314,-0.012785715487449001,-0.01968895404236648,-0.017004388651630842,-0.010460264080143944,0.0,1.1102230246251565e-16,0.05596645719678017,-1.3265918114013786e-07,-0.07623458024309832,-0.028284745995401483,-0.10706237211848046,-0.004794994739823255,-0.05625759511191081,-0.027777460188390835,-0.04896468520467262,-0.008859648083515415,-0.12170098104278715,-0.07064989276320638,5.551115123125783e-17,0.0,0.0,0.0,-0.028923152178571943,-0.012748890069958774,0.0,-9.62153517151676e-05,-0.03201900971365862,5.551115123125783e-17,0.0,3.0855483993452726e-05,0.005744163299305494,-0.09251356700924585,-0.019607624051772132,0.0,-0.1192518471417851
-0.016649827181269172,-0.03444780491004973,-0.03164551449885361,-0.030850459509019823,-0.07246717452920731,-0.031802230017297484,-0.06024965341457611,-0.014820364834455813,-0.02252467326831692,-0.013290217301570761,-0.028057214629872707,0.0,-0.02526847482756689,-0.05239804434115569,0.0009704845406318663,-0.017711510659571827,-0.02442512072047548,-0.0035580150738571126,-0.028496761384849967,0.0009760664208182113,0.007438951319911125,-0.0017080548957320585,0.02517640913295688,-0.017019260715415208,-0.04054110305311387,-0.013052524887055106,0.01013098819378766,-0.009244035487505575,-0.015219212889869271,-0.04132027960241724,-0.019750780475087493,-0.0025576917935776766,-0.002697665091877799,-0.019467113420208154,-0.0016319495350253233,-0.042308873978321504,0.006002874869609431,-0.004867773661310276,-0.01664149900282097,-0.011362679039385482,0.014422245832638292,0.09121952974246866,0.09687415607563765,-0.011101979527679717,-0.0077275494722369165,0.025576973874237185,-0.006557963185366555,-0.017936710071215445,-0.01232829102824523,-0.006390025379929831,-0.013165705387625959,0.0027152534713407173,1.574514134056182e-05,-0.014411222910718113,-0.016932019196305104,0.002162675644129086,-0.0022847019673631896,-0.02001056695231218,8.381698115011993e-06,1.102970901672995e-05,-0.010698981918141448,-0.0218354467297312,-0.02661125673396797,-0.013314237942535112,-0.0016864588063266184,-0.03430245379513919,-0.005556546257128203,-0.006082610344688266,-0.013057596215302336,-0.026229748063629765,-0.014981874254832495,-0.019071120871741565,-0.003738457104192572,-0.01270145969863451,0.0,-0.02233062004191555
-0.0011914981937463653,-0.0206992837833348,-0.010384364276471658,-0.035356121141470964,-0.02383219891927313,-0.01041721122363537,-0.01969686160406886,-0.053590256525831104,-0.050979067365953534,-0.029339451492370938,-0.023534060287722147,-0.02526847482756689,0.0,-0.021307530437053745,-0.0022997232673610535,-0.01964237093519622,-0.014992097760291034,-0.017940977922297763,-0.040193722010210486,-0.01930632244147168,-0.039386282730313193,-0.023744091628783326,-0.039392902504874816,-0.049480905856228496,-0.005436981529739093,-0.015341456826767186,-0.023486246317491466,-0.0192678816748173,-0.033283040074381987,-0.04140296119983117,-0.02450140488937741,-0.029152297293039364,0.020300047967220514,-0.01682376061423324,-0.01270479910445288,-0.02271078710652963,-0.044208672949741734,-0.0010418569087400353,0.001239741970049446,-0.012702200543792341,0.0192355944271409,-0.03026064153142477,-0.004014420658637274,0.01733485839344806,-0.013073758982742545,-0.0041268495465504595,-0.029234969117477694,-0.030135997394330816,0.0,-0.02645439910469216,-0.05378033185991349,-0.03185104843956621,-0.04519534272593517,-0.027141567687904655,-0.015385371555494853,-0.028581095398118983,-0.03529947745406464,-0.03114790684659763,0.003754059155176459,-0.026188780285172908,-0.02470757118614647,-0.009557143829857895,-0.019583923566713235,-0.041335461311531596,-0.02084392302440602,-0.03279583494199706,-0.030131378394742947,-0.043970449026349334,-0.017487978206246146,-0.037180618324897274,-0.023792174280176603,-0.04278979982139974,-0.037708292240434815,-0.05141270331538084,-0.031181255333757985,-0.03328431924320374
-0.016961006280172664,-0.007321270675695268,-0.02011892804484461,0.01055332303460993,0.006084105897119496,-0.04945915704121334,0.027768466426450478,-0.02956319112593775,-0.03671127947159897,-0.02996405781867889,-0.01582780821649743,-0.05239804434115569,-0.021307530437053745,0.0,-0.015115015485267613,-0.0005555820978916937,1.782554233348277e-05,9.265539707586923e-05,-0.01761153833171264,-0.02730080471166163,-0.04403782639029041,-0.00478549432046782,-0.043509850651243576,-0.011818165344697984,-0.0015512965925947308,-0.02642851840294419,-0.0294522414057104,-0.1098898140635016,-0.023604581916381207,-0.007989786989270886,-0.01980821135944394,-0.030924903504346207,0.010404512338804295,-0.024566466443878332,-0.050800199575952776,-0.014304822606038464,-0.02491537291656032,-0.00542182172821315,-0.009698554824539907,0.0,-0.011592654149635673,0.00032618350577540145,0.008205993791271904,3.818592878013227e-07,0.0,0.0,0.0,-0.007476591458836446,0.0,-0.06846435708512189,-0.011816578411050382,-0.015230141252315754,-0.02274117634770001,-0.007158562015065373,0.0,-0.020564300477630693,-0.00019639781574293247,-0.0006017235291544965,0.045153843792791803,1.1102230246251565e-16,0.0,0.0,0.0,0.007058656557247633,0.0,-1.1102230246251565e-16,0.0,-0.02503096278354977,0.0,0.0,5.551115123125783e-17,-0.022123130454817563,-0.0227334779703231,1.1102230246251565e-16,0.0,5.551115123125783e-17
0.030719202308290394,-0.007646071559342604,-0.040147027387674394,-0.031032801959721912,0.015366153857439113,0.00904763263764552,-0.016293584931327765,0.02964102352196829,-0.028759975773399893,-0.011912154403513342,0.0,0.0009704845406318663,-0.0022997232673610535,-0.015115015485267613,0.0,0.0058765682944508235,-0.024907847088174284,0.0005993466873411291,-1.1102230246251565e-16,-0.06911131108142482,0.01869851408519929,-0.023293604616680674,-0.0009743572589960836,0.03246827269478336,-0.00891310449931465,0.007559370895373285,0.005022041567979696,0.00035411064856633034,-0.024260617148975316,-0.005132197016535001,-0.004588808596472094,-0.016003530207746808,-0.00872290726631969,-0.01555418470522063,-0.021423418051663645,-0.01525649393374967,0.013432249792556805,0.00011231232008845904,-0.005075968896127769,-0.005613786760958583,-0.01514943182184969,-0.0013839263328414564,0.0075966543981451085,0.007184120600247479,0.0,-0.03982138724112583,-0.012578294661180378,-0.02195481994884363,0.0,0.0,-0.024386440439458035,-0.013777007893688353,-0.04012001296301848,-0.011146129581073194,-5.551115123125783e-17,0.0,0.0003690009264897265,-0.024513566150282273,2.174623253470287e-06,0.023681262589488328,-0.015894399276754234,-7.601338753521203e-05,-0.014664381893888245,0.0,-0.0027700294767971645,0.01361871789324487,-0.007451700018295371,-0.0019927416708584444,-6.805963675360349e-06,0.0001646392950046538,-0.0062694051538427775,-0.010760410309030632,-0.02701100217062169,-0.027085563119426725,-0.02163927307381608,-0.020770587704709575
-0.02067215213828666,-0.020316355888537252,-0.02339252660106017,0.0005182470071964373,-0.013416224992038317,-0.026660199481347402,-0.023933275860949788,-0.022799389480520404,-0.019405171946180244,-0.03402455509146124,8.738884204240183e-05,-0.017711510659571827,-0.01964237093519622,-0.0005555820978916937,0.0058765682944508235,0.0,-0.024956786784099683,-0.017473089576327205,-0.0001583924595179309,-0.02454997386202118,0.007523630028675288,-0.013249043456435128,-0.008172285594728435,-0.021809053699816006,-0.01670391824631623,-0.014334504894013611,-0.005691252346542053,-0.018033581688898292,-0.04315063844401401,-0.01091985999465056,-0.028024513519202432,-0.02855234869325235,-0.014589738540938813,-0.0066690712554428044,-0.009533305323556063,0.02859761038952585,-0.01822326138359437,-0.03705241792719144,-0.017599027056855565,-0.034328910559140835,-0.011855260649276445,-0.004824793041308784,-2.835542802059887e-06,0.0,0.0,-0.02669914089010411,-0.024581609670187188,0.0,0.0,0.0,-0.01639385766096091,-0.022583475488090088,-0.033993955537044596,0.0,-0.011514226956860829,0.0,-0.0021801588458992827,-0.02192531974615325,0.0,-0.0016830142559749461,-0.025253279383622318,-0.011842090800092686,-0.031427943045910345,0.0,-0.0169963127807935,-0.0012514837337702645,-0.0039713839502859005,-0.016510524989946374,-0.014845804261620188,-0.018898515546876715,-0.01814769267135563,-0.017603749068157593,-0.03277953491954355,-0.019192452541568872,-1.1102230246251565e-16,-0.01884028762995127
-0.026806009897924088,-0.0011110114209725852,-0.020637810706362614,-0.01560768935411494,-0.02252979165440583,-0.01414797488910402,-0.029798948902632405,-0.005523285463590377,-0.03790306006041977,-0.029227286173090783,-0.021023564798070216,-0.02442512072047548,-0.014992097760291034,1.782554233348277e-05,-0.024907847088174284,-0.024956786784099683,0.0,-0.028875365368729256,-0.025870578889147233,-0.003595787946266582,0.003866394912883875,-0.04450347712442754,-0.021962885457096792,-0.015332054549827945,-0.04803793085894048,-0.01384900331489386,-0.004686135946685266,-0.00246882194073611,-0.027011046573271635,-0.009519128844107216,-0.02324801367531959,0.0007421222062631849,0.004362425577702278,-0.0035804151848676247,0.0008532144871207237,-0.0055985436692116974,-7.862883621034822e-06,-0.024883094039051312,-0.059835033893784584,-0.053109734226069016,-0.005858711934459471,-0.013014909084771376,-5.551115123125783e-17,0.0,0.004219926073807723,-0.03715553325187493,0.009247033228755974,0.0,0.0,0.0,0.0,0.0,0.0,0.0,-0.04769432913144228,0.0,-0.024932912484723846,-0.006297805618898533,0.0,3.167545938492777e-05,-0.019160732873509945,-0.061414389899206445,-0.042371123320272264,0.0,1.1102230246251565e-16,0.0,-0.0036481082671436793,0.0,-0.01668525696133577,-0.03318988266006845,-0.03522630847874092,0.0,-0.016214605010498317,-1.7088592698721872e-05,0.0,-0.034089327765028044
-0.036501325170448684,-0.01786942852153167,-0.023759095518953943,6.493865675583077e-06,-0.005604790133106219,-0.02296202860490576,-0.014525019250567872,-0.014889629865627918,-0.02028169658286494,-0.022150003235958504,-0.02910893411185439,-0.0035580150738571126,-0.017940977922297763,9.265539707586923e-05,0.0005993466873411291,-0.017473089576327205,-0.028875365368729256,0.0,-0.024468009013843384,-0.015487997189137681,-0.018673445393025012,-0.016705906807792048,-0.016442648323303055,-0.036785299992619036,-0.017811897038101987,-0.022041479297966793,-0.009075423105779634,-0.007744624178805393,-0.026727074506091908,-0.016702464286849017,-0.026671086298356683,-0.03160728384606942,-0.02693769601889806,-0.018017367502318082,-0.0254458493264611,0.0009503718948332129,-1.3104557084642199e-05,0.0004947194298699498,-0.02064750999696957,-0.03572428745315287,-0.02994994975952836,-0.026303114983541875,0.0,0.0,-0.018816281078967434,-0.03744626445725047,-0.02979021650710273,0.0,0.0,0.0,-0.018071925617966167,-5.526612405876152e-05,-0.0003805791347492038,0.0,-0.02964050331589657,0.0,-0.05481097723313971,-0.020354807718015455,0.0,0.0013197354802912953,-0.03033854278092535,-0.03709896587108563,-0.040428799838894525,0.0,-0.024687736824315187,0.012679639754481553,-0.013765486317088071,-0.0349940910326797,-0.0205807002841234,-0.03409783004201006,-0.03481949284557412,-0.023014118200886946,-0.013086689864105827,-0.024734832881224078,0.0,-0.02843152531889581
0.0,-0.015262015132971207,-0.0011334452168726972,-0.055040751342372185,-0.026007776338328903,-0.014335633311951645,-0.039612695564086475,-0.007259140703930966,-0.03713864367286279,-0.03162829456284194,-0.03293352214456821,-0.028496761384849967,-0.040193722010210486,-0.01761153833171264,-1.1102230246251565e-16,-0.0001583924595179309,-0.025870578889147233,-0.024468009013843384,0.0,0.00036785366308689227,-0.021728754987127286,-0.01583381983332499,0.0015508717274897443,-0.006579296009630753,-0.024965125400126964,-0.024629911919521574,-0.015891032957275786,-0.039963587711025594,-0.03571911549284351,-0.030270968703766832,-0.04321974237640708,-0.03850217245302234,-0.01411719620898233,-0.046763319900415656,-0.025092838228870262,-0.017568199646827765,-0.028461693263568066,-0.028995436417614873,-0.0044409123741485645,-2.976795927311926e-06,0.015579708975647755,-0.015686659652006385,-0.017894830168550202,-0.024434575665816194,-0.0005152366605414294,0.0,0.0,0.05534246537289922,-5.551115123125783e-17,0.006123693650033457,-0.024219978289775068,-0.04111585577894378,0.021779190139241122,-0.016892824998886335,-0.00010525158390300993,0.01969980163178542,-0.015126706557651692,-0.04973941515061281,-0.01188329086839901,2.220446049250313e-16,0.0,0.0,0.0,0.03145359279217985,-1.4709967289971981e-05,0.0,0.00010013343784270878,-0.011693552638149085,0.0,0.0,-5.551115123125783e-17,-0.02054203642690866,-0.02680701693733073,-0.01928336224896271,-5.0713469166407954e-05,-0.05324785752636213
0.033415034349582706,-0.016603598945286402,-0.022687314863504726,-0.005389970324551685,-0.011204475067178976,0.002070415184984409,-0.02232758961780351,-0.0009334749431763045,2.3470507338141378e-05,-0.04267855236956969,-4.970844549589959e-05,0.0009760664208182113,-0.01930632244147168,-0.02730080471166163,-0.06911131108142482,-0.02454997386202118,-0.003595787946266582,-0.015487997189137681,0.00036785366308689227,0.0,-0.003384577609302497,-0.019749659217236315,0.04092397468086273,0.040765175134944764,-0.019422617071813197,-0.00045544915721257295,-0.020965613905224167,-0.009111302735826277,-0.022568052874823163,-0.024969835193592638,-0.027697328861651993,0.010421924287767503,-0.011385582142250938,0.006854512070042951,-0.010803616423102791,-0.0009506801720986502,0.011037402378460404,0.022139318907174244,0.004296362728828884,-0.037791229424110895,-0.01901513458251891,-0.004682944421409707,-0.007831254457484949,0.010128255923669005,-0.00018690154731310082,-0.010483925000191907,-0.016725442963179016,-0.02494689665955585,0.0,0.0,-0.014239968336021591,-0.025344710334131104,-0.029205203723942308,-0.008041568006518507,0.00035737567587657004,1.1102230246251565e-16,-0.0017992162467171946,-0.019854815743645338,-1.1102230246251565e-16,-0.019450462332178675,-0.017282682462827492,4.510736636598178e-06,-0.014100715381028639,0.0,-0.013647468274452679,-0.018812026284168504,-0.022936654074357743,-0.008724050590774912,0.0,-0.02220036365025857,-0.01627519110974396,-0.004234721634127747,0.0026865215014328925,-0.02592312962259885,0.0007968222303476047,-0.023479855773082925
0.010143767851027663,-0.0030937605993310857,0.0004852027537387005,0.000493833642327246,-0.03106769867845055,-0.018650050188857348,-0.04386827035841656,-0.02218769228479034,0.025667015760020673,0.0002956907483506743,-0.02956046617317687,0.007438951319911125,-0.039386282730313193,-0.04403782639029041,0.01869851408519929,0.007523630028675288,0.003866394912883875,-0.018673445393025012,-0.021728754987127286,-0.003384577609302497,0.0,0.01761395973167834,-0.011187201389819157,0.009377088854241378,-0.012604457922908097,-0.006294862025104542,-0.00915376017294095,-0.03834921714829764,-0.033795217967031776,-0.03337235921749038,0.005848034003137936,-0.013473991055296453,-0.006407529660610145,0.0015621058328839643,-0.010349190791325624,-0.03716627576243764,-0.0009440708974894352,-0.019093760671377302,-0.01924100063173334,-0.06670167400121885,-0.0401070837080959,-0.011718934422139893,-0.044199626284445404,0.0,0.0,-0.034309363612980925,-0.027859574397033682,-0.003822102735845101,0.0,0.0,-0.03942961895313707,-0.02343068078702565,-0.014959708530972227,-0.025058716964025507,-0.015925352251188296,0.0,0.015159453488663155,-0.041609752323221894,5.551115123125783e-17,0.004113451271325674,-0.03226786757505201,0.0,-0.009978914288337581,0.0,-0.018202689598628197,0.0292048852456121,-0.010208187876765307,0.004017304334689054,-0.004709199982959267,-0.02486930602389692,-0.030490290645953044,-0.004347408253694396,-0.021069750506911844,-0.03730825651212216,-0.03642009777259475,-0.05371436099266136
0.0149401364362724,-0.03556331490132364,0.01870359829263879,-0.011823165379597933,-0.01946301318941185,-0.012359359223990174,-0.026463304684090583,-0.014062866080376102,-0.01159741613736831,-0.020637385712838796,-0.01922144559191119,-0.0017080548957320585,-0.023744091628783326,-0.00478549432046782,-0.023293604616680674,-0.013249043456435128,-0.04450347712442754,-0.016705906807792048,-0.01583381983332499,-0.019749659217236315,0.01761395973167834,0.0,-0.02784630955609374,0.12285341437380459,-0.025611414079228234,-0.004617073912534353,0.003086402340927774,-0.0036918032626897523,-0.03655925037460639,-0.0016763216265482939,-0.014194400661327655,-0.011979698387163007,-0.013922501734653037,0.0010301055962486094,-0.013834926752473553,-0.006836951750795128,0.011263936558142784,0.007810908453396825,-0.00749226250512719,-0.021736369197927596,-0.020838805823165885,-0.0030782870822328445,0.030277231640305047,-0.004554597691891149,-3.297348172204284e-05,-0.021032012121750376,-0.014686755405462104,-0.0010937814086127151,-1.1957986660871e-06,-4.702273061885087e-05,-0.032007936129023584,-0.025526545702461767,0.0009628320036145777,-0.019566978729964046,-0.018448185420908425,0.0,-0.0077005980844428445,-0.0249927271855514,0.0,-0.012656611403711993,-0.012255011736500565,-0.018435652430138005,-0.003427163185288129,0.0,-0.01899782990941118,-0.0015687178752002984,-0.018382608184220217,-0.013239398232556043,-0.016145653100159196,-0.004073983823496441,-0.020019463637665602,-0.01789565307836316,-0.01867635925758404,-0.034154998201650966,-0.005672903437082155,-0.015689972134941055
0.008793098224500862,-0.020136221508752383,0.027474106604070847,-0.012950608041010891,-0.017517399933025146,-0.017207601503931858,-0.034432726772413935,-0.014440025225363251,-0.005583779220191654,-0.02686615765760192,-0.013689237231700735,0.02517640913295688,-0.039392902504874816,-0.043509850651243576,-0.0009743572589960836,-0.008172285594728435,-0.021962885457096792,-0.016442648323303055,0.0015508717274897443,0.04092397468086273,-0.011187201389819157,-0.02784630955609374,0.0,0.0034144677854640038,-0.020829409085690476,-0.015636927806550627,-0.004127686051823565,-0.03433180575016237,-0.0388915267957049,-0.021571955790027575,-0.024340811362441706,-0.025159109074429864,-0.002888306288144571,-0.018581061913323038,-0.014889199988123603,-0.02511844430246335,-0.019838369222419605,-0.03809796828644535,-0.01819943028448645,-0.02568555046825477,-0.025505447553142324,-0.00848731210780207,0.0029949823634357053,-0.03920848910498981,-0.008219773360762628,-0.03601844210166261,-0.006737578687528445,-0.003215863341748504,-0.024866048456321677,0.014444783276165163,-0.035592840252102964,-0.0528903547200143,-0.015059153567478112,-0.04996305946332952,-0.022933683240619673,-0.02140325318749431,-0.03541407610537717,-0.03888025125128419,0.015448195902017403,-0.004692748668561175,-0.012950246803118681,-1.0972865727099101e-05,-0.018347971244455308,0.011824627991989023,-0.012071993538698977,0.005562765039929751,-0.005822588490134395,-0.011111599134543737,-4.228723980781446e-05,-0.03065258086314404,-0.009514422260808286,-0.019052428103154995,-0.02069556955286167,-0.024380816876806377,-0.011312203774990481,-0.026292122349162284
0.000994129414900069,-0.024443979613726685,-0.021885227372905935,0.005214819196489917,-0.0180632054754562,-0.006315136250414188,-0.013071069649936373,-0.002659767290641657,-0.03009236694861167,-0.03858718989841997,-0.022524876341877498,-0.017019260715415208,-0.049480905856228496,-0.011818165344697984,0.03246827269478336,-0.021809053699816006,-0.015332054549827945,-0.036785299992619036,-0.006579296009630753,0.040765175134944764,0.009377088854241378,0.12285341437380459,0.0034144677854640038,0.0,-0.04212120881374298,-0.0041057378545227285,0.007334137685645448,-0.01933168464013596,-0.017956843697481295,-0.008923628997548894,-0.04132170603397051,-0.03480342433729505,-0.05693611047857708,-0.049526487725572,-0.04315597020762518,0.001800380437683602,0.01583409631335797,-0.047723541464424174,0.039587536856637184,-0.013502752818059016,-0.011861907729764809,-0.013597704795707155,0.007405342191469988,-0.003337517678717483,-0.024250756323122513,0.01641089547897645,-0.010854929135261815,0.0,-5.551115123125783e-17,4.3340809368574984e-05,-0.003804922607646699,3.713883080730396e-05,-1.6653345369377348e-16,-7.720793881088595e-05,-0.012957972668910633,-5.679842726402651e-05,0.004766047596487244,-0.007009723699206549,0.0,0.00010202068620440707,-0.04089184118986022,-0.0017591333313873303,-0.025346480568619933,-5.281622889929949e-06,0.00024157507935324007,0.029419472677200964,-0.018013525883840475,0.00014587519629616352,-0.009039834030083405,-0.016105263564831218,0.001420494041375231,-0.0025360204912479034,-0.0033212045307009497,-0.024751070369885053,0.0,-0.029066670588389965
-0.032683611968318205,-0.010847931808866562,-0.034157033224205824,0.0004118774827835403,0.011284222897957719,-0.031324951306612336,-0.009502583881629167,-0.024985797189552017,-0.015845429986442727,-0.03713291516795503,-0.03480811523052846,-0.04054110305311387,-0.005436981529739093,-0.0015512965925947308,-0.00891310449931465,-0.01670391824631623,-0.04803793085894048,-0.017811897038101987,-0.024965125400126964,-0.019422617071813197,-0.012604457922908097,-0.025611414079228234,-0.020829409085690476,-0.04212120881374298,0.0,-0.01799416524563824,-0.00987580547459821,-0.005243934893932434,-0.044173296285614505,-0.0025469025374963428,-0.01854322382346202,-0.01591428543651746,-0.02230862779999504,-0.02361022543551966,-0.025823682683966565,-0.0031221302338678147,0.0024742654329454883,-0.03808946118674994,-0.024068037010881393,-0.04244884829380546,-0.040369843961149676,-0.029271639266424898,0.054687835866458145,-5.551115123125783e-17,-0.09024950307961971,-0.02892160270254418,-0.04406801650491937,5.551115123125783e-17,0.0,2.220446049250313e-16,-0.021813078817237652,-0.03228583904859772,-0.04019734713591283,0.0004097782262046379,-0.05236704961652627,-0.0001730458629999876,-0.04182192881911917,-0.028186415257587694,0.0,-0.01696673144204852,-0.03595304469588173,-0.041369449672829295,-0.04292978736968639,0.0,-0.010727458545158552,-0.028099309915394055,-0.025435415891082447,-0.032352531111797034,-0.026262482626777106,-0.03529258731946272,-0.035703853887241954,-0.027486465420513306,-0.044864933270784446,-0.04322479617123587,0.0,-0.03373423118755747
-0.016701653916447123,-0.03477037995517751,-0.043035400639639565,-0.029867394703858907,-0.003974626997991781,0.0052627206542276705,-0.019003145447489433,-0.022586186844145206,0.005185501613081733,-0.013525995201754348,-0.0227365036219791,-0.013052524887055106,-0.015341456826767186,-0.02642851840294419,0.007559370895373285,-0.014334504894013611,-0.01384900331489386,-0.022041479297966793,-0.024629911919521574,-0.00045544915721257295,-0.006294862025104542,-0.004617073912534353,-0.015636927806550627,-0.0041057378545227285,-0.01799416524563824,0.0,-0.007720993651772368,-0.0033976417961203986,-0.036743998335447114,-0.022402768636988646,-0.009256037350852064,-0.02736247216508081,-0.027346390280244492,-0.02541844082718575,-0.03628517239357487,-0.041593061910843,0.009915554346616562,-0.02262845847711048,-0.0294352971897181,-0.04811991449879571,-0.04239640498434588,-0.026997327821993045,0.0011709105825058463,1.6181385330549247e-05,-0.06532113548614132,-0.02411997223859147,-0.04106857836316263,-0.011439637424671134,0.0,-3.6878144134777635e-05,-0.02454867552568224,-0.032342686758309036,-0.02030934477840246,-0.0004448059036133434,-0.03007634052250091,0.0,-0.019908982811863596,-0.03487154874248666,0.0,-0.015268769210609268,-0.038951038250545966,-0.02823674746513266,-0.04283094899601242,0.0,-0.03487737498825477,-0.017302155317389822,-0.028550599535412224,-0.015600668425256037,-0.010925916179308381,-0.032627704192867146,-0.036101981329357546,-0.017515557586220143,-0.025706747988690326,-0.03162672837424402,-0.00028201926404725075,-0.03418143928630679
