0.0,-0.322607747711642,-0.07778836757490648,0.0,0.043150832924487514,-0.15330986994678664,-0.006004461410813122,-0.24029711799158365,-0.021396672950902418,-0.0530515916037228,0.287508564753376,-0.06640661773754267,-0.14576624998712395,0.22442883281249096,-0.1888336062363892,-0.3813695945708537,0.015105157034314864,-0.1444943734953716,0.0,-0.23942844149618753,0.0014001534575449892,-0.3062956070897111,-0.1848119080251433,0.23903687402235974,-0.15889299684972719,-0.10632026644656656,-0.23518448243619355,-0.09469465283269535,-0.10995277172237367,0.5745990070405451,-0.16229837189373514,0.16146807130441376,0.10198666381405508,-0.10924011766767056,-0.07324674007798038,0.27411369920853307,0.42518290282724736,0.09867531978473532,-0.12223927278847452,-0.11803242992593022,-0.0008567243931529855,0.082638006167226,0.4547817966440101,0.0,0.22089022107896553,0.8407016657943274,-0.1937553013685333,0.0,0.0,0.0,0.06891634584380235,0.0,0.10845161820180294,0.0,-0.10734775801831997,0.0,0.08273513948777367,0.011286501108710933,0.0,0.21382833569206672,-0.15624980805598443,-0.14127018293072366,-0.0473407028348643,0.0,0.018681835309764916,0.384733847587139,-0.23751827488574517,0.10608736353467718,0.08256754094088947,-0.08563106430916823,-0.2043048296860273,0.04074616269974457,0.4872030355603182,-0.010670013682890445,0.0,0.06098125533162746
-0.322607747711642,0.0,-0.0641183323385433,0.41429153391137896,-0.07975275083103683,-0.0930301732593915,0.08092964607974423,0.002137248713126816,-0.08128337410708109,-0.09433685691544058,-0.0334175297431441,0.13384486136033452,0.062317616540459586,0.24238372608644554,-0.2717095569464721,-0.41523000499559104,0.12243686802374448,-0.36470089428080005,0.3107502547105582,-0.3428044966689172,-0.32293238284871756,-0.4430110126744594,-0.3973008394029077,0.1570609886575079,-0.36035785800375203,-0.3347632171574454,-0.2556921195207569,0.05745467249220623,-0.15600880401905715,0.08164177195611608,-0.4184798586280622,-0.18556136041179067,-0.07626799494818412,-0.3162222623841144,-0.27819529102192986,0.4082949836567699,0.3985642585489565,0.0,-0.18161797311820121,-0.12320278317248157,-0.06729531904544955,0.12717937564859333,0.3754024887268736,0.0,0.0,0.05822699374609985,-0.17147924801868397,-0.012336059198752185,0.0,0.0,0.02413042921582148,-0.06512492011289894,0.1188073196379835,-0.1486635504083697,-0.04722515957351636,0.0,0.15958268317691757,-0.08613970403294641,0.0,-0.06968870801277838,-0.2378727529552076,0.023883346879167655,0.09732810260398772,0.0,0.03592645877760542,0.06303819758796936,-0.3180894434183083,-0.017961839280185077,0.10789011430691656,0.03556560066397707,-0.03401878708299222,-0.030286215295243946,-0.189682220673416,0.13962724651733643,0.0,0.030582353675820628
-0.07778836757490648,-0.0641183323385433,0.0,0.16811014990968487,-0.00864302788453708,-0.019329462026652033,-0.0676662273920286,-0.24950092938853796,-0.1101219980452865,-0.023345052375351616,0.1308831285010948,0.10003237061026715,-0.0754336969674757,-0.12227721461092844,-0.05019115677210434,0.03793059505061053,0.21726740166710504,0.13079400006854985,0.11286503895076183,0.12773797222092698,-0.22406541581862166,-0.07766142176319712,-0.009275195829960448,0.01444800573439392,-0.15695843259255088,-0.22154374559120849,-0.09206643021163963,-0.17687814224825454,-0.2718589279740703,-0.2880245523010775,-0.1953770129297686,-0.11055223496487243,0.026458548459135534,-0.20754626131136888,-0.08547421994000887,-0.13991125630899076,-0.04028292957860852,-0.06874157936806075,0.00840835513208954,0.47750839904120024,0.12771879291995958,0.4356927703009116,0.01526464715088649,0.1344887954718716,0.0,0.0,0.41323886888634725,0.4952872932804956,0.4749843059028254,0.17872939877521382,-0.010802854595293288,0.08535168539308774,-0.01529829153168688,0.06540355688181987,0.4180455634839845,0.335408060169912,0.22206809700919056,0.0675099914763792,0.1609029633406594,0.38301554380995234,0.0,0.0,0.0,0.18919535450047703,0.09513695181509907,0.29181752686628015,0.2913118632860879,0.02733113291503181,0.0,0.5314778995311796,-0.04973766477544983,-0.009518392582416768,0.05271321213554997,0.006826243223731265,0.41055901145789364,0.014424607970861758
0.0,0.41429153391137896,0.16811014990968487,0.0,0.4289869119764527,0.024430222398775847,0.4274925868679147,0.6092123778908066,-0.012001550943724348,0.269671521563832,0.15853676511469417,0.28472930820348813,0.3314819025325338,-0.019000041764600017,0.14630705889787804,0.2167222450971374,0.439856701570474,0.4588941537404698,-0.01121599239374732,0.2339797280641484,0.35261505808220767,0.09975228758963839,0.06897784323713585,0.1703215878686267,0.780076573147833,0.21000324206999887,0.17266076403924074,-0.1024589199348705,-0.07800017364029271,0.5621826559101755,0.027255691097707202,0.3017141011524865,0.20684190584839443,0.23844413749169963,0.09335877498429504,0.03842374911697671,-0.010749568231941342,0.2522381171753078,0.11324386051860402,0.38705285379947996,0.20208163671644055,0.4953099254933555,0.4487145934665943,0.2467755783384338,0.0,0.0,0.0,0.5225213986698526,0.0,0.0,0.11451378957678815,0.0,0.4624968568093118,0.3012375537437987,0.0,0.17716109123326448,0.38801371291384545,0.5016390250583321,0.0,0.0,0.0,0.0,0.0,0.0,0.0,0.0,0.4666142185782179,0.17275732084771458,0.0,0.0,0.0,0.0176261526857332,0.3000812544495661,0.22621629205655913,0.0,0.0
0.043150832924487514,-0.07975275083103683,-0.00864302788453708,0.4289869119764527,0.0,-0.08091810932615384,0.06981523413143326,0.14704066670982532,-0.1808565130659465,0.2903997079770385,-0.03648785202660432,0.12873726659078255,0.16168388813397047,0.17195167887835175,0.13310617316987655,0.027946557676172157,0.13101421349940978,-0.059508085414386236,-0.0337397373759033,-0.01980120126179341,-0.2378148748267242,0.07197285172995088,-0.07329310609757494,-0.05751337805006318,-0.0401564346167248,-0.1124367350217354,-0.07497009332335325,0.0848316960994156,-0.2633740663336487,0.0861676748339037,-0.19464957181637954,0.14633919155506075,0.12929323738189769,0.020729018337885485,0.13554390846974798,0.2303527493043885,0.5415669294047184,0.16278131164175852,0.1920290357724939,0.8565042086892397,0.3847551936400382,0.4437378291223454,0.24726416176442473,0.9624320243459022,0.3630937741170447,0.0,0.0998596042802258,0.08011062551570536,0.0,0.33131658346213977,0.031151684458406215,0.08014930553886179,0.17234939306152733,0.14917502486768802,0.0,-0.07797229021194202,0.19549810168930065,0.0519984580888086,0.21831821933786405,0.12026440817949507,0.4954045520623226,0.0,0.0,0.25243797942742885,-0.014149473288930903,0.4342697947550094,-0.1333912804877545,-0.08833980868463742,0.0,0.48106595320644724,-0.05004233992957319,0.06942626381959849,-0.09025345512087868,0.14413532453504357,0.0,0.12395909399334926
-0.15330986994678664,-0.0930301732593915,-0.019329462026652033,0.024430222398775847,-0.08091810932615384,0.0,-0.1288200736906328,-0.1452146422671724,-0.06798090408771157,0.07280117768289454,-0.008615169409026013,-0.07406883486704285,-0.21558452047039894,-0.1190406571440823,-0.316861730249176,-0.08253806143337689,0.05525212781545569,-0.0447055957607152,-0.1477036361018904,-0.2589163144733512,-0.2355683736293786,-0.10658320838026059,-0.15811221904220535,-0.08736511596397664,-0.04873061198291695,-0.2752953503324371,-0.1604373510877638,-0.2688790945543977,-0.15804267852467357,-0.234986437603533,-0.23200878916808404,-0.12299890065359426,-0.34748282095434097,-0.19695409659079421,-0.16187363156172685,0.03827506457266211,-0.02163636405069147,-0.03556938378685337,-0.043680441937282155,0.07987412023231813,-0.16527368818220295,0.044505005204642234,-0.12714947102545426,0.17756056870008124,0.08002757192462157,0.10976104740374826,-0.03806219770831454,-0.1299357183183163,0.25377994113749247,0.06284380982326235,-0.1617949536680262,-0.19664698939945413,0.05512643193338834,-0.14375804005699672,0.2981059850953806,-0.10856132645593503,0.023634363411457304,-0.1303613387539439,-0.26642078068540853,-0.03144574306716025,-0.2339357120058464,0.0,0.006240886586092176,0.07260898701330337,-0.06443218510654625,0.0741684345904075,-0.0475843060618385,-0.16152164539691616,0.5183883338092815,-0.15642536716064637,-0.0663449795235439,-0.1692356718641101,-0.13315619542587653,-0.0394998085255146,0.0013917298894402519,-0.1328398563477901
-0.006004461410813122,0.08092964607974423,-0.0676662273920286,0.4274925868679147,0.06981523413143326,-0.1288200736906328,0.0,-0.10085036495000282,-0.24460367307447323,0.2898350535291988,0.0636630489751352,0.08387594776156745,-0.05987602284996468,0.08986647268037595,-0.06038765652410738,0.023484454725740733,-0.09796068346622772,-0.0390507837719099,0.012208564262969956,0.11318055562368415,-0.09612230584793141,0.05298599057638248,-0.13722308616763695,0.024878904066754304,-0.08692288399301751,0.003338810972954298,-0.17384722511879325,0.1762206031687673,-0.07648422915541159,-0.040229051381601155,0.03307032394022824,0.04420705349590959,-0.03725240176510436,0.07993586152695537,0.1616670369518517,0.31115901615291097,0.537537270419836,0.35237889495341396,0.1280500587872796,0.4298471158698497,0.3647232659625874,0.45394233249135163,0.14650818157939507,0.7039869450891445,0.3103199590524919,0.0,-0.04163206871882452,0.03354818921741479,0.0,0.15407814337555867,0.07657299098602971,-0.0849661394876246,0.0894399181870203,0.16450701425741787,0.24680948615940082,0.06388849971970972,0.5199275571554487,-0.07584056575614323,0.2348363291663859,0.03538282857106878,0.07431595073139491,0.0,0.5180491806124607,0.34182320657694765,0.03935447585607621,0.05284558248026658,-0.04229694344116658,-0.18662234597813326,0.4801155062605156,0.03486450934841029,-0.006787235214602283,-0.045300267109140424,-0.09280802194291882,-0.005604155223031537,0.18305261785829208,0.024433422475725886
-0.24029711799158365,0.002137248713126816,-0.24950092938853796,0.6092123778908066,0.14704066670982532,-0.1452146422671724,-0.10085036495000282,0.0,-0.07944042495733761,0.27659994744766103,-0.14177927815020336,0.26268633792750895,-0.12298206752748986,0.1017035569393388,-0.19640836505850057,-0.19473153726613085,0.0501676825666057,-0.02611212788320455,-0.022645443854670322,-0.17692452227712263,-0.1555685631279129,0.026701343669421507,-0.2277322334559802,-0.16550870537138568,-0.14633485547384578,-0.018767765550455895,-0.2596254213618963,-0.16778370159542377,-0.13631740557568855,-0.1791488693790561,-0.2082087777106595,0.26164506233180485,0.10584051051835236,-0.17789011188039505,0.07074276924933812,0.23913479571211912,0.3621368872562867,0.11910618757634506,0.10429429297142712,0.13933907734581813,0.11967359816022918,0.12957530246071586,0.09769918055930982,0.5121422507238448,0.0,0.29986405948619643,0.029116303745173877,0.015166739662027917,0.0,0.3893098827286082,-0.15858802045886233,0.2481419397011166,0.05443714473211719,-0.17098881747548517,0.6237351008854835,-0.07354948568998032,0.8650172674051944,0.06173546979445177,0.20399450751627807,0.19278769471923346,0.017162497395632803,0.0,0.5649805151285806,0.27771270016527594,0.12853075732987748,0.011823931830968526,0.02446025616868719,-0.09800463770733198,0.0,-0.008329673185882791,-0.046071011389806515,-0.15938818208556754,0.005949267084428833,0.004280776616053805,0.16177370687154025,0.06710197991973876
-0.021396672950902418,-0.08128337410708109,-0.1101219980452865,-0.012001550943724348,-0.1808565130659465,-0.06798090408771157,-0.24460367307447323,-0.07944042495733761,0.0,0.013998157859968996,-0.09881309453548884,-0.04853630947624987,0.012294147216666884,-0.03660718381879563,-0.441493720841264,0.025375812118814067,0.06587630246429449,0.0066312180946361265,0.0262821457726036,-0.14030817756539543,-0.19409836894276006,2.0685820366406205e-05,0.03619233942476813,-0.07342254667612347,-0.07809260501043314,-0.031107748015309855,-0.010936405314152076,-0.06391646281592833,-0.16037104727753287,-0.13965264591547766,0.008805545743273246,0.06209586113765719,-0.11356846654239805,0.026474387458489235,0.04091250654841644,-0.07082949902577418,-0.0027979026101827564,0.0035946026281155063,-0.023337185815553996,0.47166683623612826,0.2923745011526709,0.16913271073901834,0.03740713240710619,0.14451413739882848,0.06740436375474229,0.0,-0.038722294902943766,0.05694904726164007,0.48128257389380547,0.06218274430398091,-0.1301569789494721,-0.023216539521431157,-0.03290700439193206,0.039990765577749166,0.1226879227805806,0.040954343637799984,-0.00328098024178497,-0.016762473358091556,0.0771681081891632,0.0006115925168719283,0.20871404495392515,0.0,0.0,-0.0026624749345028897,0.1307742058004106,0.8070187062498464,-0.07544816381726144,-0.06850864779833421,0.4364470638424587,0.2581714811459695,-0.00010852289669815995,-0.15762243019211247,-0.07919172887263337,-0.001246399517356056,0.16123360997002317,-0.07862229714183089
-0.0530515916037228,-0.09433685691544058,-0.023345052375351616,0.269671521563832,0.2903997079770385,0.07280117768289454,0.2898350535291988,0.27659994744766103,0.013998157859968996,0.0,0.012153885969756473,-0.00932023434280771,0.02968150656334123,0.6997983278561406,-0.03165669704580487,-0.15793572358333535,0.23822622533758941,-0.17476999836959528,-0.10098329654459559,0.34646303629219566,0.07188072074668223,0.03339169245641499,-0.09912125374205355,-0.04920543907428912,0.30963462636102657,0.023312655815746708,-0.06721569276665906,0.08151473133180542,0.005222199268388461,0.07349492534420704,0.15677975127486815,-0.021841246817689564,0.23748052107420403,0.26044358612188245,0.23550375177645042,0.1923930259156792,0.42146560863870486,0.23072064548802207,0.5746797866394182,-0.039144670086269706,-0.1567692651539493,0.26884254754938863,0.16323974793083657,0.18957417697590348,0.025655088411268567,-0.006699567890321334,0.25023952927198356,0.4021075803236182,0.48142244728429817,0.4017631334716066,0.07046791731191765,0.022480796815323084,0.17469845300411552,0.18795621135080845,-0.14620094120973293,0.09864002752571632,-0.18956857085883977,-0.01536637407413155,0.0,0.6038281246524547,0.1848493451652745,-0.12593192071726061,-0.09024961707657964,0.4591458443716383,0.47343006711047403,0.3528198158714816,0.37889591003288114,0.23259813642041838,0.0478101826026712,-0.09322737639993883,-0.08863468939344954,0.10307782894360834,0.13753840799526407,-0.011220991945894931,0.0,0.04814934258798753
0.287508564753376,-0.0334175297431441,0.1308831285010948,0.15853676511469417,-0.03648785202660432,-0.008615169409026013,0.0636630489751352,-0.14177927815020336,-0.09881309453548884,0.012153885969756473,0.0,0.011410217336678963,0.04515225524765659,0.08807360217625948,0.0,0.4744926159701554,0.08791131768067295,0.11776822204042572,-0.0982610503946727,0.4925683972890066,0.011780827182023113,0.12009419754337461,0.22422392355338577,-0.029053632710255906,-0.12316340350234745,-0.053717085910717,-0.11113422135040019,-0.10012945807671747,-0.08232509956007314,0.22059863090820714,-0.012663368990997848,0.206420390458301,0.041574467830854056,0.07856390822775883,0.14189861679432242,0.20945499887492774,0.21559444982982606,0.044932404173108675,0.16707496855349258,0.11712655912475614,0.1970504140628622,0.17097575683522087,0.08119659969084014,0.13417701362296947,0.08583935080008938,0.0,0.0,0.15385836659902313,0.46445933099264747,0.12948867924586746,-0.1345237584006515,0.12445127582658755,-0.19615237917208866,-0.12961640917606954,0.06394816076918741,0.024834153055147468,0.21236346011305735,0.06727831146352098,-0.023068852092177627,0.0,0.0,0.0,0.0,0.169052644955856,0.16038119440101234,0.0,0.5625170103421627,-0.021152954184932793,0.0,0.0,0.9887816512796179,-0.18755064401310217,0.13410355279834646,0.25751827282434775,0.0,0.14131549581113576
-0.06640661773754267,0.13384486136033452,0.10003237061026715,0.28472930820348813,0.12873726659078255,-0.07406883486704285,0.08387594776156745,0.26268633792750895,-0.04853630947624987,-0.00932023434280771,0.011410217336678963,0.0,-0.03764491127819691,0.4008950623585276,0.022851121299918342,-0.021218518746652593,0.3320238938096439,0.3135835528151726,-0.03149671469100862,0.42241885593773026,0.026938242271864588,0.28301920158873767,-0.19259835730642133,-0.14603532800983043,0.12440953160161333,-0.12073631586812011,0.019007190532660978,0.3859056256139526,0.1690795660479772,-0.025458442051376706,0.013281138029326844,0.04332123119053738,0.23180220004379945,0.4905508216804863,0.11622841416852941,0.2996533528218105,0.32469870683829355,0.10703591846405455,0.722213844506689,0.02527466081952484,0.10476215488333707,0.4651577311234566,0.11743915578015487,0.2590754578777905,0.23841639626448116,-0.0682267182280597,0.21650205933261313,0.0072507841755798386,0.3702704201644541,0.22878748432808274,0.21792656111492137,0.406267307255611,0.32825899949814874,0.038746131622087815,-0.16521368846277096,0.36174111634524486,-0.04790000312977721,0.21274535181944076,0.5248961351479454,0.4971283825726384,0.1103820725702801,0.11266054123540259,0.24125170575583454,0.17691109278768535,0.20107256149821373,0.3316030905800298,0.25029401252476347,0.2111441618159065,0.05198379814940879,0.09564355079484915,-0.0635925524546111,-0.06562254197720305,0.44189639493823296,0.27534562787547495,0.0,0.15218486964635589
-0.14576624998712395,0.062317616540459586,-0.0754336969674757,0.3314819025325338,0.16168388813397047,-0.21558452047039894,-0.05987602284996468,-0.12298206752748986,0.012294147216666884,0.02968150656334123,0.04515225524765659,-0.03764491127819691,0.0,0.28442025488818456,0.05120274079356191,0.03257340656500457,0.03996200561547919,-0.0240101925587603,0.05999846058919439,-0.0330258057852052,-0.0986949569027562,0.08024877317276075,-0.15612333296868786,-0.15196507938868603,0.09447057875280665,0.10295399974934727,-0.15085170233845013,-0.2214246905343017,-0.27780710611970655,-0.09532128995612532,-0.20434788317209063,-0.04997152377937841,0.015152387004588763,-0.012194642739429828,0.04529027955754855,0.37646783288910046,0.2908801701011239,0.06712912858974335,0.11708752642103104,0.41965670383816883,0.4479226075220338,0.5970484457249452,0.19952226989423177,0.5048865483126446,0.28641564380420315,-0.009507761241611734,-0.07804406850283668,-0.07447649733974387,0.0,0.16897678622052748,-0.06991247190912142,-0.09569041146949359,-0.10233361671452468,-0.06504220418831463,0.33482858071278854,0.002486889272601822,0.13762101507959487,-0.10402464477183726,0.6095677079205064,-0.03158068719563306,-0.06633137335661404,0.09304745943166529,-0.10983901760546455,0.24871423623337846,-0.09754495758218917,-0.02766509844032794,-0.08711573151874308,-0.16319919130284444,0.45688779785618394,0.026864279972210414,-0.10072194577577681,-0.1516425524537952,-0.026206133828747313,-0.041403224289934815,0.15816799134845036,-0.07444522459651964
0.22442883281249096,0.24238372608644554,-0.12227721461092844,-0.019000041764600017,0.17195167887835175,-0.1190406571440823,0.08986647268037595,0.1017035569393388,-0.03660718381879563,0.6997983278561406,0.08807360217625948,0.4008950623585276,0.28442025488818456,0.0,0.22670469224202816,0.5712344610406901,0.4439788555357535,0.47226227246241836,-0.014633475530966278,0.3920462325438058,-0.19013296443504385,0.15708391356400578,-0.14416161325162768,0.32181145273921585,0.42245539702356755,-0.07844703221663979,-0.13421008546768243,0.5538064850767643,-0.03028472880812666,0.3698736757061729,0.230330773366669,0.22402093004012907,0.3711773134752665,0.3436962490960854,0.39241985878404195,0.0785076982269256,-0.023383891260284007,0.42584326527889416,0.4271021684319038,0.0,0.4851486956049978,0.6476166595091399,0.0013959561383499741,0.47413139832085016,0.0,0.0,0.0,-0.05188633666035164,0.0,0.08850734020368711,0.10267588172112088,0.18148180110770182,0.1926653222041444,-0.1083424651010172,0.0,-0.17103545781010648,0.3355749992554983,0.435891066477423,0.1345167509884102,0.0,0.0,0.0,0.0,0.10964121191956747,0.0,0.0,0.0,-0.23365692671517907,0.0,0.0,0.0,0.020938462893204945,0.2989126222984933,0.0,0.0,0.0
-0.1888336062363892,-0.2717095569464721,-0.05019115677210434,0.14630705889787804,0.13310617316987655,-0.316861730249176,-0.06038765652410738,-0.19640836505850057,-0.441493720841264,-0.03165669704580487,0.0,0.022851121299918342,0.05120274079356191,0.22670469224202816,0.0,-0.29303790888018344,0.06362743840209642,-0.2271121788588652,0.0,-0.4094325944416828,-0.14634629709860136,-0.34572222923691354,-0.35383180999116165,0.013971111871399766,-0.29009085808444945,-0.058692526901265085,-0.31346817787715103,-0.17089363488860926,-0.12748372998327445,-0.17622270689301317,-0.26373504698784367,-0.02866360558316028,-0.27255823565068676,-0.14466734945488813,-0.13952968630906692,0.11037670248791365,0.259849232010007,0.36331660814368516,-0.143635377697341,-0.22044771143876446,-0.08344798444887735,0.02792918518058851,0.41869704141265596,0.5412875935069479,0.0,0.15517946728796345,0.004771082581425834,0.034909872315839335,0.0,0.0,-0.03002643178248121,-0.027614022701109797,-0.17539956388323996,0.2756601162183045,0.0,0.0,0.6048620024417279,0.029806556978586085,0.4643933862965097,-0.05636544275788896,-0.02841989490524277,0.5736051816028456,0.10474040594416534,0.0,0.05958352665103661,-0.1854400475598153,-0.015222539533342072,0.14053434952728072,0.4448924679611236,-0.015883062116998692,-0.0780301484908979,-0.03416352589492383,-0.013565033795306658,-0.1421912903321504,-0.008312926195037207,0.04101755514483013
-0.3813695945708537,-0.41523000499559104,0.03793059505061053,0.2167222450971374,0.027946557676172157,-0.08253806143337689,0.023484454725740733,-0.19473153726613085,0.025375812118814067,-0.15793572358333535,0.4744926159701554,-0.021218518746652593,0.03257340656500457,0.5712344610406901,-0.29303790888018344,0.0,-0.1679143185498615,-0.13688419743022057,0.4944512993617786,-0.21432178789238843,-0.32629848106718845,-0.3905890882248431,-0.27380170457449216,0.0811148375036117,-0.16034428671600665,-0.38529498873502127,-0.27556639274407435,-0.12200827203806758,-0.1704414229124414,-0.00330009670274084,-0.2779155753559713,-0.10702699632495971,-0.005764093573736029,-0.1508877544958085,-0.21584887678883513,0.6164193174589794,0.0007947076670068443,0.2000485365650881,-0.27414559300932595,-0.20142446664630753,-0.21112462385087516,-0.18338179245553704,0.4656013166607969,0.0,0.0,-0.21683450682004057,-0.360685422204793,0.0,0.0,0.0,-0.01882167739723628,-0.10813722319801433,0.34322886780648576,0.0,0.2875132525384079,0.0,-0.061212556099909166,-0.16634735743415835,0.0,-0.013238267168341311,-0.2829244871179127,0.22547170035047848,-0.23245384750658554,0.0,-0.18526426443121158,-0.2725541501700439,-0.269367328179531,-0.05060850879506945,-0.054367374162982096,-0.2865818694939235,-0.37818465489658026,-0.009514564785241875,-0.2715628109196659,-0.004644376742358791,0.0,-0.01626120639106976
0.015105157034314864,0.12243686802374448,0.21726740166710504,0.439856701570474,0.13101421349940978,0.05525212781545569,-0.09796068346622772,0.0501676825666057,0.06587630246429449,0.23822622533758941,0.08791131768067295,0.3320238938096439,0.03996200561547919,0.4439788555357535,0.06362743840209642,-0.1679143185498615,0.0,0.059049287773032866,0.19709697408719148,0.12681320536847976,0.20900865120689155,0.07087826676520198,-0.07060189944407658,0.16654988209016597,0.26712966960492934,-0.0699602785702022,0.13609673428038,0.2925142158634969,0.03887701043703737,0.47368758362586205,-0.07297302278396878,0.10965773268919965,0.3266514018834194,0.31649649514422984,0.058657013217547266,0.24013151121970988,0.34661857397592694,0.1229840933489596,0.4321040331989824,0.24141268015492726,0.13751268111642767,0.1315148824038847,0.0,0.0,0.3337615481264625,0.2116966482821142,0.5897949235635755,0.0,0.0,0.0,0.0,0.0,0.0,0.0,-0.004898002374795207,0.0,0.10326562624444452,0.29881427808174654,0.0,0.5354505325702099,0.2156584422156131,0.25816074856892324,0.24248892143878498,0.0,0.0,0.0,0.5215518541781649,0.0,0.24461361189360292,0.04005083559696326,0.047742718047104726,0.0,0.2263064636331301,0.4772764101779209,0.0,0.33158856692414207
-0.1444943734953716,-0.36470089428080005,0.13079400006854985,0.4588941537404698,-0.059508085414386236,-0.0447055957607152,-0.0390507837719099,-0.02611212788320455,0.0066312180946361265,-0.17476999836959528,0.11776822204042572,0.3135835528151726,-0.0240101925587603,0.47226227246241836,-0.2271121788588652,-0.13688419743022057,0.059049287773032866,0.0,0.19486835337127772,-0.24447183910419495,-0.27271073106251104,-0.28294951733204227,-0.26920190548795203,0.003007070446344906,0.015046659267581919,-0.11070967225365319,-0.2156138387253767,-0.09533588080184807,-0.17338698296051835,0.10330546900800963,-0.23343216454510918,-0.0927486203623506,0.20741634432060152,0.15556267858227468,-0.15197849190404186,0.30824212273522844,0.40053955463669233,0.1969542718942445,-0.25200362088218875,-0.06232806263602009,-0.13243999574238258,-0.11299725645661202,0.0,0.0,0.10053268825613704,0.11707329193176191,-0.28938468544371126,0.0,0.0,0.0,-0.11847128594662049,0.5294230743255643,0.6293723706689188,0.0,0.19226321428012996,0.0,0.2035444529730837,0.0007353660874536705,0.0,0.13937613866218285,-0.19307024003534695,0.13252598356923756,-0.08600165415476352,0.0,-0.06916437451660157,-0.16054924732294873,-0.15863820065097817,0.050952590436187606,0.1011368288606665,-0.12138654938475074,-0.09969773150624994,-0.027164450067886425,-0.051933100604437066,-0.13757816965408598,0.0,-0.1981080264766389
0.0,0.3107502547105582,0.11286503895076183,-0.01121599239374732,-0.0337397373759033,-0.1477036361018904,0.012208564262969956,-0.022645443854670322,0.0262821457726036,-0.10098329654459559,-0.0982610503946727,-0.03149671469100862,0.05999846058919439,-0.014633475530966278,0.0,0.4944512993617786,0.19709697408719148,0.19486835337127772,0.0,0.4615606273075199,0.0812428819675059,0.33935444010466,0.23216782660923094,0.09826674593995105,0.05229297224796098,0.06420287652329265,0.0900828709149632,0.044725601945147186,0.11089243223362089,0.11643037212836879,0.013302308386938078,-0.10179095293394858,0.09470171060458799,0.01548585346271908,-0.05222390328961757,-0.1254623029364469,-0.0951862768593354,0.01321917525345273,0.119843686729044,0.43344064105915825,0.3469582621230315,0.033075190956035505,-0.12621377091281188,0.48963129074412337,0.037331343834696176,0.0,0.0,0.44472088132937726,0.0,-0.01785462868169002,0.06554627511227995,-0.014941428506233145,0.10203963757250095,-0.02680443477643296,0.6582522938083102,0.14337533815626183,0.11702183533302635,0.10029070021167419,-0.004829585418875515,0.0,0.0,0.0,0.0,0.42068883611346525,0.4731887531549208,0.0,0.44226702150369895,-0.05884842694175718,0.0,0.0,0.0,0.03271094261276719,0.1233063433126092,0.045090453572132844,0.49884589161822346,0.10554222325374257
-0.23942844149618753,-0.3428044966689172,0.12773797222092698,0.2339797280641484,-0.01980120126179341,-0.2589163144733512,0.11318055562368415,-0.17692452227712263,-0.14030817756539543,0.34646303629219566,0.4925683972890066,0.42241885593773026,-0.0330258057852052,0.3920462325438058,-0.4094325944416828,-0.21432178789238843,0.12681320536847976,-0.24447183910419495,0.4615606273075199,0.0,-0.2744911415111205,-0.418811956680086,0.0885282050629061,0.2798838081645919,-0.3338087722764398,-0.321208329286988,-0.31090980586476324,-0.2542587622231034,-0.2077210675205215,-0.2457171189644135,-0.38007046843693515,-0.035544816336220725,-0.04443519783619301,-0.26193669504407663,-0.17190323524669282,-0.09634510771188387,-0.24522034886273653,0.5804388846720564,-0.1682568115660505,0.0020453156745097734,0.0839993863584998,0.06496987963359832,0.4555361854537126,0.4866543973728313,0.369216957957769,0.056337226559470766,0.11441058981906888,-0.031048177609538763,0.0,0.0,-0.09900237366555181,-0.028034023751704995,0.009019609481461577,-0.027666469464979027,0.7782398622012153,0.0,0.4693180856681807,-0.07314133331234873,0.0,-0.25491456574667226,0.027462463474727417,0.46022477753177893,-0.23733065891043958,0.0,-0.2013554315622662,-0.031252927316332946,-0.26932835438763747,-0.14000792822009261,0.0,-0.2166718606639776,-0.002070876765357277,-0.04977926168298258,-0.04700682694655367,-0.01152999174927588,0.029276387822760597,0.0032678418544908605
0.0014001534575449892,-0.32293238284871756,-0.22406541581862166,0.35261505808220767,-0.2378148748267242,-0.2355683736293786,-0.09612230584793141,-0.1555685631279129,-0.19409836894276006,0.07188072074668223,0.011780827182023113,0.026938242271864588,-0.0986949569027562,-0.19013296443504385,-0.14634629709860136,-0.32629848106718845,0.20900865120689155,-0.27271073106251104,0.0812428819675059,-0.2744911415111205,0.0,-0.2147480461105712,-0.2503891823476509,-0.04869001335800058,-0.2407352601925558,-0.36281559970684113,-0.2586112532670223,-0.16936221246145494,-0.11852878734533301,-0.035165195782315306,-0.17622843286556567,-0.032198897186121705,-0.1305786738059635,-0.15112450146835438,-0.21220363734931447,0.35153868912154396,-0.06772340467302923,0.39046247843413984,0.0551842092967956,-0.022535295718819015,-0.11047486936479528,0.12062301997033964,0.4091170467391252,0.0,0.0,0.2571020067263971,-0.1663193995874387,-0.07602813646830181,0.0,0.0,-0.11825736360480121,0.013789678976780573,0.23303197197941738,0.3362674720776153,0.31468974037321595,0.0,0.411923217159305,-0.09910858149095103,0.0,-0.18249092193390087,-0.05674869637616281,0.0,0.1605380713854473,0.0,0.03965174698445989,0.1709512885290106,-0.22884214694360328,-0.12447023027312598,0.4868615354726953,-0.016830661897064725,-0.32819575532789985,-0.0658182276234841,-0.17147857249523185,0.06222551959282302,0.03502506264384414,0.1677324276768361
-0.3062956070897111,-0.4430110126744594,-0.07766142176319712,0.09975228758963839,0.07197285172995088,-0.10658320838026059,0.05298599057638248,0.026701343669421507,2.0685820366406205e-05,0.03339169245641499,0.12009419754337461,0.28301920158873767,0.08024877317276075,0.15708391356400578,-0.34572222923691354,-0.3905890882248431,0.07087826676520198,-0.28294951733204227,0.33935444010466,-0.418811956680086,-0.2147480461105712,0.0,-0.049786396147304623,0.11290199220750224,-0.4485384127955198,-0.40763199644472387,-0.35571858508573856,-0.10612616930768581,-0.08643107134641625,0.12322238000687363,-0.4022977776956489,0.2584956137598282,0.12426974583637695,-0.11105418386240368,-0.10643087994087674,0.06608441634843282,0.2737436500497043,0.24369697277288171,-0.15140964078997243,-0.19885520402790846,-0.1196390477181522,-0.10068201217168526,0.3269624839297327,0.3163918302868142,0.4130774522495144,0.10812773868413653,-0.08738451947417325,-0.009858607881844783,0.4725130080544036,0.395667417499578,0.05594950061679471,0.017929492076255715,-0.015680956883411867,-0.15674974999236907,0.2902804485715634,0.0,0.12232362598714011,-0.05125274239378208,0.0,-0.23636929373452875,-0.16346957617715935,0.06867633052411617,0.08402921066211788,0.0,-0.17426361618086922,-0.24562734217366233,-0.2915309781328548,-0.23599237785819482,0.3655360239638605,-0.011148617619229195,-0.287966366969443,-0.15127542886900813,0.016504864310442513,0.06732672316030272,0.4517865775998043,0.15497570913404046
-0.1848119080251433,-0.3973008394029077,-0.009275195829960448,0.06897784323713585,-0.07329310609757494,-0.15811221904220535,-0.13722308616763695,-0.2277322334559802,0.03619233942476813,-0.09912125374205355,0.22422392355338577,-0.19259835730642133,-0.15612333296868786,-0.14416161325162768,-0.35383180999116165,-0.27380170457449216,-0.07060189944407658,-0.26920190548795203,0.23216782660923094,0.0885282050629061,-0.2503891823476509,-0.049786396147304623,0.0,-0.11743110298947551,-0.11853541964886277,-0.017256248142621444,-0.12462783309258157,-0.24223295723100446,-0.21038204760669454,-0.2701555413235801,-0.32676499000626896,-0.26239067997722826,-0.14291526663548615,-0.30489784583097074,-0.30129340507869556,-0.24464816037679948,0.030734697595188543,0.09936854923528363,-0.06658073064506198,-0.021105415786503212,-0.15111536284039467,-0.0647304733127601,-0.08738079418187017,-0.009471140466222605,0.3569796150397092,0.033286946576667586,-0.16739827749110225,0.29824698532967503,0.06980737007265475,0.07165654306281327,-0.21960761156545555,-0.21910356418055993,0.01460508709881242,-0.08031094048820386,0.1448596681820457,0.17174951317266465,-0.03135452314718479,-0.2109427484671728,0.08707943354348058,-0.2633661389885675,-0.1422935339520226,0.473430067110475,0.06712481225360944,0.420096922161161,-0.19322980952846353,-0.0252294101604556,-0.28481381550900264,0.12593613877133536,0.3469528346905952,-0.24548055082766906,-0.1925091072395937,-0.18243108054179302,-0.16023694359073792,-0.13319863600128667,0.07041854784820034,-0.05773543770468237
0.23903687402235974,0.1570609886575079,0.01444800573439392,0.1703215878686267,-0.05751337805006318,-0.08736511596397664,0.024878904066754304,-0.16550870537138568,-0.07342254667612347,-0.04920543907428912,-0.029053632710255906,-0.14603532800983043,-0.15196507938868603,0.32181145273921585,0.013971111871399766,0.0811148375036117,0.16654988209016597,0.003007070446344906,0.09826674593995105,0.2798838081645919,-0.04869001335800058,0.11290199220750224,-0.11743110298947551,0.0,0.19407207773120272,-0.21423091661854074,-0.1166574065941137,-0.07727338299217706,0.22383367112597646,0.4967126571082849,-0.09622622489903654,-0.1092762780669268,0.15914314710122773,0.11392550448500599,0.0670417441039704,0.28534553996378775,0.4005369062857212,-0.060342891556955075,0.31976766539983076,0.41881053399799817,0.17661708697162865,0.18698176390104,0.25769010692863153,0.2994132549603981,0.08124773207131702,0.572981967011741,0.20179518958154052,0.0,0.0,0.4399773706234402,0.3944765693205435,0.3467442794808939,0.0,0.37933224269082855,0.12713829570644133,0.524522603417482,0.01803102739396867,0.1880392579734274,0.0,0.30951255505671166,0.21877097459718953,0.012806663990177158,0.06842704966153135,0.5060619846191272,0.347683851214011,0.48445079776018707,-0.03883427835357994,0.6493801974094235,0.27798224264902593,0.15877486034271096,0.17086570130586098,0.2880116379105181,0.3780422434647871,0.08970473694325382,0.0,0.07905341424576423
-0.15889299684972719,-0.36035785800375203,-0.15695843259255088,0.780076573147833,-0.0401564346167248,-0.04873061198291695,-0.08692288399301751,-0.14633485547384578,-0.07809260501043314,0.30963462636102657,-0.12316340350234745,0.12440953160161333,0.09447057875280665,0.42245539702356755,-0.29009085808444945,-0.16034428671600665,0.26712966960492934,0.015046659267581919,0.05229297224796098,-0.3338087722764398,-0.2407352601925558,-0.4485384127955198,-0.11853541964886277,0.19407207773120272,0.0,-0.13199147928746366,-0.20625885706375013,-0.06376029614488682,-0.10657333530672813,0.046589077869919726,0.056470609936715294,0.05431896013685039,0.31671922326846563,0.30343529559911,0.002406494737841991,0.14167224526454864,0.4689574902288443,0.3816536989308982,-0.22771735094346723,0.05956952056880421,-0.06819167721733999,-0.024806192660883852,0.3518006016486036,0.0,0.24686291184936718,0.2393459764964686,-0.27960320329649047,0.0,0.0,0.0,-0.053057311306448474,-0.19782625021290373,0.11412591950416504,0.3847803154409064,0.03558373945017934,0.4704867336935117,-0.14837074937438666,-0.13684791527723744,0.0,0.1383154703011487,-0.17933837791618273,0.03304307998140349,-0.011690847193619625,0.0,0.33706117730306023,-0.009975882559089766,-0.18693703049669558,-0.07774074252463492,-0.0006459079054343397,-0.0095095394882449,-0.012345574471236909,-0.02744486408822927,0.06473596769582224,0.0621343899862436,0.0,-0.045972579603748565
-0.10632026644656656,-0.3347632171574454,-0.22154374559120849,0.21000324206999887,-0.1124367350217354,-0.2752953503324371,0.003338810972954298,-0.018767765550455895,-0.031107748015309855,0.023312655815746708,-0.053717085910717,-0.12073631586812011,0.10295399974934727,-0.07844703221663979,-0.058692526901265085,-0.38529498873502127,-0.0699602785702022,-0.11070967225365319,0.06420287652329265,-0.321208329286988,-0.36281559970684113,-0.40763199644472387,-0.017256248142621444,-0.21423091661854074,-0.13199147928746366,0.0,-0.432142594688787,0.03746695732872879,-0.2540399661545454,-0.10884502686885775,-0.09330158023127177,-0.027306167209881882,0.044314907939738246,-0.019250230535061086,-0.22140779820477868,0.036199723836439296,0.07489753963785678,0.0495573134681635,-0.28502657860701097,-0.12080924822059974,-0.18720730383088569,-0.11515682956307283,-0.05666724750989971,0.4814642624729718,0.12037246583731104,0.2967838099715945,-0.36922183149060056,-0.059688193588830374,0.0,0.012704999081781774,-0.04701966716154615,-0.12981764358481956,0.056052846289692426,-0.1443780944421338,-0.10970971567852356,0.0,-0.22583915974912727,-0.13017889838892693,0.0,-0.06567103888692016,-0.2345803877908625,-0.09370615470486843,-0.08185752566139248,0.0,-0.05617546260581485,-0.04363843815782126,-0.4657592048682602,-0.18636435908235488,0.020558414017183002,-0.11516583990241602,-0.09845612640778606,-0.10872709165695077,0.056326512252862004,-0.04337931681172513,0.45879158851206014,-0.06106732575349377
-0.23518448243619355,-0.2556921195207569,-0.09206643021163963,0.17266076403924074,-0.07497009332335325,-0.1604373510877638,-0.17384722511879325,-0.2596254213618963,-0.010936405314152076,-0.06721569276665906,-0.11113422135040019,0.019007190532660978,-0.15085170233845013,-0.13421008546768243,-0.31346817787715103,-0.27556639274407435,0.13609673428038,-0.2156138387253767,0.0900828709149632,-0.31090980586476324,-0.2586112532670223,-0.35571858508573856,-0.12462783309258157,-0.1166574065941137,-0.20625885706375013,-0.432142594688787,0.0,-0.2719570694392736,-0.21816567258334174,-0.2890538910408622,-0.3547484101899654,-0.25016865952016587,-0.2725641424282058,-0.3309009967996635,-0.309521877411683,-0.06392957056215687,-0.05902053122768541,0.009746439350844571,-0.17459910060236994,-0.18008670579757685,-0.013799017768005184,0.029528424766359307,-0.006575073291075706,0.12941545109392613,0.2114681727520925,0.1289648941287267,-0.07729080761244483,-0.019205913242989092,0.11715074819286281,0.10050283695159745,-0.19633535116192818,-0.019417436025463086,0.10086321924394392,-0.21060181511661302,0.22998891180491932,-0.16679521368474154,0.0005032800806516746,-0.22914094930581946,0.11852465318426658,0.011814893666120097,-0.16085211142134204,0.0,0.04555163498664305,0.05690266551021811,-0.04815230179769259,0.07102804771799476,-0.06102818225703144,-0.20017944519129294,0.0,-0.17467772103388757,-0.08809058837243605,-0.19379964609237071,-0.05159628760782964,-0.010617610164114666,-0.10222420086936934,-0.041698731279043943
-0.09469465283269535,0.05745467249220623,-0.17687814224825454,-0.1024589199348705,0.0848316960994156,-0.2688790945543977,0.1762206031687673,-0.16778370159542377,-0.06391646281592833,0.08151473133180542,-0.10012945807671747,0.3859056256139526,-0.2214246905343017,0.5538064850767643,-0.17089363488860926,-0.12200827203806758,0.2925142158634969,-0.09533588080184807,0.044725601945147186,-0.2542587622231034,-0.16936221246145494,-0.10612616930768581,-0.24223295723100446,-0.07727338299217706,-0.06376029614488682,0.03746695732872879,-0.2719570694392736,0.0,-0.2682237766839602,-0.13771603304905145,-0.11276066006606095,0.004431923548772421,0.23648484837918773,-0.03436505434815845,0.2238281427909429,0.24314441463352754,0.15220487635852017,0.5865839318735391,0.4506411674174524,0.33784662814657096,0.40378048196604077,0.34848550591182814,0.2469832281327064,0.5042024516664009,0.25604816670324987,0.21260878657830962,-0.06261427389246893,0.0025239779673372764,0.0,0.21361963019637759,-0.08280947641842834,-0.04332508309283928,-0.1139307733065858,-0.06737494734029914,0.17554390640967682,0.14784751423944426,0.19030129301266252,-0.028024136053601933,0.38196568352337357,-0.058930403917655694,0.003985690524077767,0.30931301527223615,-0.13349972983495728,0.29823006129719315,-0.10169350706247926,0.11801610841658566,-0.020944501676639915,-0.12647657860721662,0.2713705818702776,-0.01682206619640908,-0.07270494356351848,-0.043068490302269224,-0.07932665729294236,-0.08444183018530355,-0.13163094183648621,-0.00689883956826759
