0.0,-0.07434641972462369,-0.03560198813487658,0.0,-0.03354605188934784,-0.017364658359362406,-0.02596520504176819,0.007933852594273039,-0.03704673468477193,-0.07608193995427581,-0.010494510720162442,-0.02327782224187669,-0.01586580183267,0.015274539925510977,-0.008965813872421402,-0.05520507092778504,-0.06876852293471702,-0.07498414027779998,0.0,-0.038605415712366475,0.013959026913330341,-0.04592299506135983,0.024628421892803787,0.06341396150145767,-0.07613584412346502,-0.021432415085234358,0.0002721536268063818,-0.0177105248554858,-0.023952690959008316,0.008095416472326644,-0.0252081258592744,0.00033979624195584757,-0.03943448983870124,-0.030573823137347966,-0.04334831848057946,0.0028043266978486914,0.001025197558255475,-0.05535233473539558,-0.056571491794515316,-0.09887237515264746,-0.05094800720942705,-0.03629292765247172,8.421847422190876e-05,0.0,-0.0030015470293263125,-0.0465561563601537,-0.09631495354379954,0.0,0.0,0.0,-0.04380352226864831,1.1102230246251565e-16,-0.12042406257399452,0.0,-0.04766508391900631,0.0,-0.043857406686297895,-0.03157160293524536,0.0,-0.016725654546220325,-0.07691755187086802,-0.03502012102600244,-0.09738494960764799,0.0,-0.038404297943821664,-0.14336951782869128,-0.08431525657145428,-0.10974050450963163,-0.055760774743472186,-0.10048905447957951,-0.10492971198948647,-0.02985657708148981,-0.00041919303981746703,-0.04748040891570454,0.0,-0.0430743040742807
-0.07434641972462369,0.0,-0.040424390699701496,-0.0001678966135887916,-0.028237412958411368,-0.020332255269695065,-0.03743534918479863,-0.024176228125363963,-0.017607980147301916,-0.07882253678641898,-0.022034438380487187,-0.03531274431745646,-0.025143228925987915,-0.006194884206328577,-0.019270393114934614,-0.0333769303487253,0.0005345171345845223,-0.06913528201362207,-0.00957091197315807,-0.032047979927615045,-0.059632637593890425,-0.03797781634109254,-0.015135727751739492,-0.09195884396577492,-0.05546901415462702,-0.03549137205979286,-0.002908885154870866,-0.027841060442573895,-0.01279209298911893,0.00452612220308285,-0.014321417590831276,-0.004951823179305426,-0.054506565756779535,-0.022899211401852693,-0.046971457735019706,0.00040421649632632617,0.009833816566214182,0.0,-0.048752199159325826,-0.10369122840783856,-0.06181050008666927,-0.05091779194332474,-0.008499415832963042,0.0,2.220446049250313e-16,-0.09341393603496373,-0.08896409930640597,0.00015043355129817915,0.0,0.0,-0.04734997247308875,-0.03749481497133211,-0.03273205906930521,-0.02920121582835794,-0.03923473837733321,0.0,-0.014122245829803537,-0.04521008761412848,0.0,-0.06978362965871066,-0.06945014411879663,-0.02618253094210743,-0.11069255199629252,0.0,-0.04773798530133194,-0.08240317587837231,-0.05248827045568888,-0.0583757267805578,-0.02078387280975519,-0.09906645113832163,-0.08835402256643826,-0.032524724747897804,-0.031936418675627964,-0.0316716438856936,-1.1102230246251565e-16,-0.058999360218570385
-0.03560198813487658,-0.040424390699701496,0.0,-0.041240223798939324,-0.0014512254335834474,0.04344896943889964,-0.00843734166928306,0.005172493199535277,0.054837190136127034,-0.05280284167381383,0.01297278890483028,-0.04743241970562112,0.0016813340923011455,0.03483775617270801,-0.027266775365623552,-0.03316096245420114,-0.024381403787338274,-0.027833072563010264,0.0724144820776329,-0.02097672441195253,-0.058605424264205175,0.012842678159916077,0.0860201432785192,-0.03330265322106074,-0.036864294424852284,-0.04820052902003941,0.07200546689867637,0.010617490180194866,-0.07095346778640171,-0.04258732666997872,-0.00728434628531166,0.0021541972373320672,-0.027774722887353442,0.0024137193451351235,-0.008545971924920126,0.008240062287138972,-0.0012103933745591378,-0.058117796687983114,-0.07178007208589005,-1.724831075744504e-06,-0.05616126256909537,-0.01574462393574,-0.09960836887766006,-0.023142323902446305,0.0,0.0,-0.0002578492773280816,-0.03513492126435058,1.8915694422361184e-05,-0.062302091860228115,-0.07815049832468307,-0.08755560111070726,-0.058215128784107784,-0.054257728862124543,-0.0008488766882079335,-0.060892088116002885,-0.02291026307658489,-0.0860524457392347,-0.0530465057502329,-0.0003167220034342999,0.0,0.0,0.0,0.0750177894239854,-0.02101060414326339,-0.01702982153372523,-0.0004014057162014528,-0.0502691132699965,0.0,8.058315002679173e-05,-0.03779805748066761,-0.04675897530321377,-0.07137343245630662,-0.06759724545845236,-0.007456737385371892,-0.06460428868020368
0.0,-0.0001678966135887916,-0.041240223798939324,0.0,0.0681141016805577,-0.020793741629549944,-0.02929883953827206,-0.008824447957200832,-0.03287297710465886,-0.01853519857835248,-0.05087096443134714,-0.018997072711921414,0.08953025486963251,0.038933111490741246,-0.00887017713330529,0.0013511422007036478,-0.012469340947817042,8.613619000719108e-05,-0.03182076483845836,-0.013298273057153087,0.0019231326296797469,-0.013146540944530216,0.008535427277605312,-0.014849013946448997,0.0001994538320805317,-0.011056847449993079,0.0014212076059678114,0.08110012760274138,-0.012400345318426764,-0.00812135934712721,0.003721785046684578,-0.014086961076736626,-0.05615940146486886,0.02417169100962996,0.026686279372048927,0.01970446531336975,0.0599286079579914,-0.017881865085192683,-0.018197188183395552,-0.001863767084287482,-0.014765656738077948,0.0009801625472508624,0.007030365127867977,0.007746924575562142,0.0,0.0,0.0,-0.0015740571680233906,0.0,0.0,-0.011750467203227144,2.220446049250313e-16,-0.00019713414070005042,0.0006143527367115098,5.551115123125783e-17,-0.0034502336196900463,-0.009684202203329217,-0.0006045459677541665,0.0,0.0,0.0,0.0,0.0,0.0,0.0,0.0,-0.00017381302071056703,-0.039983359684077624,0.0,0.0,0.0,-0.02846343186849115,-0.009344421084775678,-0.015257611205940824,0.0,0.0
-0.03354605188934784,-0.028237412958411368,-0.0014512254335834474,0.0681141016805577,0.0,0.0035438912017478064,0.018959042034312756,-0.04550763996933993,0.006197811877411641,-0.02974458579638467,-0.030673395555727512,-0.024842025881323282,0.034223468074378816,0.026936276972809703,-0.016948135875502646,0.010015681883366323,-0.04003741513105957,-0.04718239164140331,-0.056288682181027005,-0.013349600178154952,-0.03706466210484094,-0.011784077296399409,-0.019744079379081625,-0.029664849347807443,-0.044857410370893414,-0.03644938886956145,-0.0031575631349878286,0.022201001439384582,-0.017462376387091194,-0.013821086373479119,-0.046297083687786345,0.0030815827745644397,-0.024993540244612145,-0.023390531371161705,-0.015220223551725365,-0.0039528790713267425,0.10825091177277371,-0.03519185902275601,-0.035776004496886615,0.00940249965583806,-0.02541894578143139,0.0006475313743965483,-0.16827924940460876,0.05251343877830211,-0.0005572027753582565,1.1102230246251565e-16,-0.0051246879948483315,-0.06796408025937911,0.0,-0.038534587905065365,-0.07919702493294817,-0.06798476513674784,-0.1329924263313501,-0.0786660827960955,5.551115123125783e-17,-0.11786087480021873,-0.01680757914174741,-0.06354724812665924,-0.10655744713318982,-0.006346117754796099,-2.3034252801645838e-05,0.0,-5.551115123125783e-17,-0.06821768710870801,-0.02900439717582809,0.00025376098225909915,-0.028212429342889533,-0.07063173679799295,0.0,-5.5300166815874796e-05,-0.02499158842963295,-0.06976890553417875,-0.043136486036305155,-0.04171390882195619,1.1102230246251565e-16,-0.022645251162201174
-0.017364658359362406,-0.020332255269695065,0.04344896943889964,-0.020793741629549944,0.0035438912017478064,0.0,0.004357466604466231,-0.0494360153243823,0.02651001488688437,-0.027630104885760787,-0.017630586842239282,-0.03838415316965632,-0.00016152171715760888,-0.029211481597002042,-0.021129606304743476,0.02031717181271836,-0.03357037697088194,-0.018461640651974642,-0.00617419120721463,0.004954802502524558,-0.028608610240589194,0.009658051365499298,0.006642961627722599,-0.04688222411194459,-0.024073019407585328,-0.0183177178918853,0.004621768746441324,0.006296158501810367,0.017827064361936984,-0.04557225811541943,-0.01965033826043394,0.00422753336789411,-0.025001683261257623,-0.011838052619414952,0.0014150587278827786,-0.03229390180527625,-0.021731475526387378,-0.03817330984494516,-0.06007673973114008,-0.0049984962415818845,-0.0703538639150878,-0.043863870134139116,-0.06050965945847586,-0.030891876100154314,-0.004346437035307349,-0.017746209923875156,-0.049812335600655844,-0.057264748808570576,-0.01906961776978061,-0.08938324182283597,-0.08819811730470939,-0.08156326184204388,-0.061652345688689825,-0.07830146503562507,-0.004968908463944488,-0.10142149945267998,-0.02633680149855272,-0.08542349355754703,-0.08758129344831167,-0.027416298649596826,-0.046402132493287285,0.0,-0.042756442029601494,-0.06721251489254881,-0.040674928016554035,-0.0576193015481381,-0.02027465334408446,-0.07455192962033796,-0.000146146496234012,-0.0437142774317445,-0.01847959472539029,-0.07809959140708245,-0.07790571308001426,-0.0753685408705943,-0.043655093656852495,-0.0715380070545058
-0.02596520504176819,-0.03743534918479863,-0.00843734166928306,-0.02929883953827206,0.018959042034312756,0.004357466604466231,0.0,-0.03607703342510088,-0.001372627035771179,-0.03335482920015509,-0.07733072355346965,-0.032645151376775206,0.007672076851108767,-0.01030339115604445,-0.030518106083223362,-0.013755818141457321,-0.04979358776725257,-0.03049411453544476,-0.06942529807989717,-0.007597705743002114,-0.012571045434969785,0.0030433264053217335,-0.018503958547392785,-0.03664769953446695,-0.03392162087051154,-0.026044630966653992,-0.008564542437316192,0.04408696848245658,-0.013903662277476692,-0.040891737755244906,-0.01105719336991523,-0.004611225053852308,-0.04849433502335265,-0.0005269904179963092,0.02206304920421176,0.0194828622342072,0.07428748228896276,-0.04364860938620485,-0.04198457102084863,0.01045447341860628,-0.018044178894621843,-0.012848688913613182,-0.06198044406070896,0.01769763562096488,0.0034786137788062055,0.0,-0.03325399916830951,-0.07614608095720943,0.0,-0.04858145016104237,-0.06246383917386622,-0.07065377419355456,-0.053338102780763064,-0.07432350908738783,-0.01882907400775158,-0.05911822677281475,-0.009995411649503572,-0.061379857223313516,-0.0224834366729888,-0.035266565701234764,-0.030174591545384488,0.0,-0.00011956316371380948,-0.020071398328776024,-0.03840393483308452,-0.043000488493676936,-0.0387286417705322,-0.07085941786956834,-0.0002657281426920455,-0.03204144526983038,-0.032345207987800495,-0.07493388426525083,-0.05112011458311416,-0.04675591895106146,-0.021682738349849018,-0.04671314841576746
0.007933852594273039,-0.024176228125363963,0.005172493199535277,-0.008824447957200832,-0.04550763996933993,-0.0494360153243823,-0.03607703342510088,0.0,-0.01490954457428395,0.003944348146993626,-0.03569694639033488,-0.029356778092790137,-0.03179333711092264,0.035805278177876376,-0.00560926936391104,-0.014306517223622528,-0.010963948002414126,-0.035482319520447614,0.017920022107159095,0.0015353742835765294,-0.09165543469622434,-0.04281022623725733,-0.035356774698882876,0.008676271812902758,-0.03099930715125432,-0.023326818336077915,-0.018091503595437708,-0.023814962782488402,-0.04638821959135575,-0.06513096139632119,-0.027054853954263325,-0.012836884722422837,-0.0174134267017359,-0.02122440360851685,-0.013156406495420658,-0.011656425664851977,0.02719457803605896,-0.030964983721638417,-0.04521001917280254,-0.037746093439710526,-0.051588364544223164,-0.051605474297287846,-0.1652508874156491,-0.017072327427719913,0.0,0.003610991338691638,-0.008671779630934351,-0.06891684384666158,0.0,-0.04585508101797203,-0.12777695421780455,-0.06991353495918862,-0.13412088758816237,-0.10820495787824913,0.0003460515138587472,-0.11862204884671229,0.000351773857531934,-0.05438072592411741,-0.077120313295858,-0.07866425442262387,-0.013768727204035214,0.0,0.0001837715682517782,-0.16830198181795702,-0.08258263477190259,-0.2373590804947051,-0.03880988706289812,-0.12054920647197537,-5.551115123125783e-17,-0.02915860177003593,-0.03859898500429498,-0.08531959792426963,-0.07326462004689493,-0.0681316695538286,-0.03191757346793078,-0.08151638676077644
-0.03704673468477193,-0.017607980147301916,0.054837190136127034,-0.03287297710465886,0.006197811877411641,0.02651001488688437,-0.001372627035771179,-0.01490954457428395,0.0,-0.03957502388223666,0.002388391620149588,-0.03870364578684615,0.005206811623398533,-0.031868118257505074,-0.055000017964294545,0.008221081866944702,-0.04129607736434998,-0.04866254624688515,0.05724910457678578,-0.005801403024096596,-0.03536584346172089,-0.009174099024902294,0.022815619033415502,-0.04480032500508435,-0.04047359082284718,-0.019011676497410868,0.03954612460685558,-0.010703775334827581,-0.009263645761917072,-0.02101481215104034,-0.033465380755144714,-0.018620988207595668,-0.053303754779821744,-0.027511415511387416,-0.022818234300159113,-0.03334325125062071,-0.030783430602439876,-0.048935714545796205,-0.061078866961964406,-0.015159274300735992,-0.03774687251587422,-0.04345058489913595,-0.03866403875728891,-0.058200620973168526,-0.01476316226617147,-5.551115123125783e-17,-0.034021513818051796,-0.04192963049344234,-9.087188294121251e-06,-0.06506807531689218,-0.09479240946183004,-0.05607422060908307,-0.0323512955668821,-0.06785682298971085,-0.022778547245650704,-0.03764114876820823,-0.028582759322199613,-0.058942714345843084,-0.026123121284761963,-0.03149223218292102,-0.01266450320160345,0.0,0.0,-0.040880170578962816,-0.03840490536483365,9.979051988456833e-05,-0.03057801377685676,-0.05373222331498628,-0.00011183896006983218,-0.007170699067712671,-0.022355267982930915,-0.052263756700523356,-0.05451752557730677,-0.04760100854964128,-0.014957830573458897,-0.0659757537325808
-0.07608193995427581,-0.07882253678641898,-0.05280284167381383,-0.01853519857835248,-0.02974458579638467,-0.027630104885760787,-0.03335482920015509,0.003944348146993626,-0.03957502388223666,0.0,-0.05701903119348617,0.01973503931623316,0.0020589240513486096,-0.009821404897289665,-0.008684172035625715,-0.08438964725298298,-0.037326527558565914,-0.0573563030106195,-0.05197049008740856,-0.048628579371126746,-0.026828144964278156,-0.08069633647147967,-0.011103950199048473,0.03620603394508587,-0.021368126425264866,-0.021142963924339064,-0.004677340037692934,0.00459690022466841,-0.05648380882294324,-0.0012925867264474977,0.032836993740333775,-0.016869234731504867,-0.014842010086284663,-0.0023627893203586603,-0.012419894777824847,-0.014243888063893984,0.02774552685591919,-0.01538054994885879,-0.030360223275473164,-0.022871928944324715,-0.02229755990756116,-0.03558622966081221,-0.04522876906217271,-0.007086108450943429,-0.020967990201665565,-0.1600686945868154,-0.017133891770085008,-0.0009928522222334424,-5.15983139929288e-05,0.0006080642518548895,-0.038176145014084895,-0.04264976750900262,-0.012491871482159411,-0.005309798576516589,-0.05496431767522364,-0.02380085944362187,-0.045976398665307006,-0.030415692596787502,0.0,-0.00011078364715200184,-0.029597752114583264,-0.03268558149248063,-0.04728268156433074,1.6960636199547796e-05,-0.0002755674799005403,-0.025042018539390865,-0.011716308586537327,-0.03140535971612851,-0.031347941385178324,-0.05632390620248001,-0.04935264585287047,-0.02341607636616172,-0.0747174696165136,-0.03645484192935644,-5.551115123125783e-17,-0.02026565941432612
-0.010494510720162442,-0.022034438380487187,0.01297278890483028,-0.05087096443134714,-0.030673395555727512,-0.017630586842239282,-0.07733072355346965,-0.03569694639033488,0.002388391620149588,-0.05701903119348617,0.0,-0.04795458905916211,-0.055646469352863825,-0.009234496738397047,0.0,2.5716247307183693e-05,-0.03234387970950342,-0.036528944273805763,0.028074327584766523,-4.115247536728983e-05,-0.018613221684032344,-0.0149235715784799,0.021337756300800648,-0.04582434887937181,-0.06009672383382714,-0.04756361141563503,-0.019777201802424205,-0.04789944044108091,-0.025187085310964807,-0.01579928319339824,-0.07412631225662536,-0.034305171969042314,-0.031168918024521375,-0.06632948626011742,-0.053007412312590596,-0.05425134907262941,-0.04883412215630151,-0.052627523126251075,-0.07962759910691103,-0.00790826123498356,-0.042729102804425045,-0.0270191638417277,-0.16118302383233232,-0.021065637708477414,-0.00846709719555,0.0,1.1102230246251565e-16,-0.07405960325026412,-1.7596231579597443e-06,-0.04216457733224582,-0.0505728213488536,-0.06638670289355336,-0.15077738555464526,-0.10481594452135073,-0.02543391277116752,-0.11495853531405134,-0.01860013449238751,-0.06970898194225356,-0.09911531020770065,5.551115123125783e-17,0.0,0.0,0.0,-0.13509364820706748,-0.009842727288972397,0.0,-5.450435470844006e-05,-0.09532793761865316,5.551115123125783e-17,0.0,-0.00036798213982952577,-0.10085395696872174,-0.05375625532471073,0.003000509650198435,0.0,-0.07185651157266149
-0.02327782224187669,-0.03531274431745646,-0.04743241970562112,-0.018997072711921414,-0.024842025881323282,-0.03838415316965632,-0.032645151376775206,-0.029356778092790137,-0.03870364578684615,0.01973503931623316,-0.04795458905916211,0.0,-0.026020483085600232,0.0014296267495157444,-0.027562238987631937,-0.033740315698528756,-0.07172460693597438,-0.10948168295581553,-0.051200603844016146,0.008485021760118894,-0.02408520297914002,-0.030413261990814622,-0.031530506722541596,0.0306628262788034,-0.046194469133699956,0.0327148854337414,-0.043632314468013245,-0.014154751223704132,-0.030201623352040463,-0.029743490725394672,0.0194453337416014,0.027191293825967244,-0.01734297602531165,0.001250029014830234,0.004029208534588824,-0.0883761308588715,0.030266434687464094,0.026115492940069734,0.03420891270011733,-0.028080427617644066,-0.01770207134509838,0.00947944254190558,-0.013317266426659868,-0.00750623543807738,-0.01974372657232376,-0.028418611380326475,-0.01994486590584793,-0.004748788404733473,0.004720143832686596,-0.0071842786586785445,-0.002159181888932049,-0.010528376859746613,0.0008418551387351925,-0.012917061732715174,-0.054584211918315195,-0.003762427437452809,-0.04156056437387162,-0.03736275372500408,0.00011117685173650527,0.00014630070270110762,-0.014155452826722315,-0.02181425479120863,-0.01485280290307145,-0.007414034250267265,-0.016641542666853082,-0.029699676931077612,-0.002990207028511549,-0.013931233222020667,-0.017324077222778345,-0.019677558600542544,-0.03466127341943959,-0.03474619092953474,-0.020150593186267607,-0.017684696301606295,0.0,-0.004196752157733352
-0.01586580183267,-0.025143228925987915,0.0016813340923011455,0.08953025486963251,0.034223468074378816,-0.00016152171715760888,0.007672076851108767,-0.03179333711092264,0.005206811623398533,0.0020589240513486096,-0.055646469352863825,-0.026020483085600232,0.0,-0.03570370855414756,-0.021421286161002306,-0.0019064841257263598,-0.033870112995865176,-0.03052586842321242,-0.047396434494558215,-0.0073526602298572,-0.017810090268747025,0.002894469111672293,-0.004904775933992966,-0.02901742644076294,-0.04802816970073376,-0.021902671026831078,0.0037511925271165314,0.03202440225730008,-0.025880949827710442,-0.0345932123301273,0.012234759965334463,0.0027304470837231642,-0.023373519420260558,0.005328081082299596,0.015300535425575745,0.03834923730249157,0.057710129565306634,-0.03750603543267811,-0.02194875282304648,-0.015372482343093519,-0.03249514706017076,-0.03646911431340655,-0.039812540771189564,-0.0027140203103143135,-0.01077670600745162,-0.04515869816333301,-0.03991120628280931,-0.06962379934341856,0.0,-0.0313992646772831,-0.08440067131607787,-0.0682205339950997,-0.050916611318524985,-0.06776135376571701,-0.006860712227853838,-0.0656952249433092,-0.03794621586979463,-0.0596824998984658,-0.0005332660974076142,-0.04555401935250847,-0.03665891089818474,-0.020766713992389385,-0.043766784383127255,-0.04738829250286741,-0.0532684811080098,-0.047389883397977395,-0.04499485771552375,-0.0622609974887538,-0.010569281819878817,-0.0387629329275157,-0.044841937152714895,-0.06916017938561231,-0.059088754245430586,-0.04142957998737018,-0.04494257681214442,-0.05058042599836782
0.015274539925510977,-0.006194884206328577,0.03483775617270801,0.038933111490741246,0.026936276972809703,-0.029211481597002042,-0.01030339115604445,0.035805278177876376,-0.031868118257505074,-0.009821404897289665,-0.009234496738397047,0.0014296267495157444,-0.03570370855414756,0.0,-0.0072575200503314785,-0.0008382929710860632,0.00023644226384039735,5.1969515741545624e-05,0.020730489881396086,-0.0005383483708406578,-0.019323706831379905,-0.00400203795606946,-0.00026126123777869825,-0.014035255759797027,-0.0004975466486391578,0.047775491475977316,-0.008309028673381014,-0.06331631252754691,-0.0294223775471813,-0.005102935015874166,-0.08664319643247642,-0.01301952545331514,0.019515141711813955,-0.05833676502474583,-0.02460492547113219,0.011368720533039528,0.06023613922252996,0.0027220844551379964,-0.0595536422289174,0.0,0.005374293073873659,0.0006739304087311493,-0.12680967770001964,5.065073072185733e-06,0.0,0.0,0.0,-0.081867826197424,0.0,-0.06132431977481195,-0.03568747466051403,-0.026533544357023764,-0.11214131574526859,-0.09298103492012921,0.0,-0.09361490850215815,-6.924475077313419e-05,-0.015924981644309055,-0.09171451791978802,1.1102230246251565e-16,0.0,0.0,0.0,-0.13855249335202907,0.0,-1.1102230246251565e-16,0.0,-0.10647217589501368,0.0,0.0,5.551115123125783e-17,-0.13144890183900115,-0.024362891318497837,1.1102230246251565e-16,0.0,5.551115123125783e-17
-0.008965813872421402,-0.019270393114934614,-0.027266775365623552,-0.00887017713330529,-0.016948135875502646,-0.021129606304743476,-0.030518106083223362,-0.00560926936391104,-0.055000017964294545,-0.008684172035625715,0.0,-0.027562238987631937,-0.021421286161002306,-0.0072575200503314785,0.0,0.016638025317213256,-0.003146786777478261,-0.021366806049758547,-1.1102230246251565e-16,0.0319510713654953,-0.02296467806564423,0.032653435514998885,0.005937841475309569,-0.021567306940710795,-0.03381625346913436,0.0412304230400915,0.039506561581375,-0.010683597263319855,0.010791198726647355,-0.030789627888434645,0.0295434455514762,0.045938176716725565,0.0007265878699416195,0.030837932022088288,0.051754920718363406,0.03466304103777257,0.013239667895868057,0.00014959327110569687,-0.011549781135608339,-0.007276023888118599,-0.021646263249091635,-0.015195350941572427,0.006748674454793713,0.007975552539777164,0.0,-0.0241103275223315,-0.04770207543340138,-0.021443578771130956,0.0,0.0,-0.05710663813385258,-0.03631003256688181,-0.06793239692868247,-0.009634990896652151,-5.551115123125783e-17,0.0,-0.017950651958535346,-0.05719637539167255,2.8844723790832916e-05,-0.095246950465806,-0.02960856522730848,-0.0010082597822193562,-0.019349255458868175,0.0,-0.011566976859859412,-0.025767396634400697,6.230002240481536e-05,-0.04486287171687364,0.00013858672632838243,-0.04248070115963942,-0.02737739273633749,-0.03258447277568255,-0.06406576584976259,-0.0483958949003927,-0.04111693444632675,-0.029993669502356324
-0.05520507092778504,-0.0333769303487253,-0.03316096245420114,0.0013511422007036478,0.010015681883366323,0.02031717181271836,-0.013755818141457321,-0.014306517223622528,0.008221081866944702,-0.08438964725298298,2.5716247307183693e-05,-0.033740315698528756,-0.0019064841257263598,-0.0008382929710860632,0.016638025317213256,0.0,-0.05357255145191975,0.006788925921683897,-0.00020359368468164663,0.014533794217892193,-0.034060335981861534,0.012739757759841097,-0.004647192815494028,-0.08565254082725088,-0.07266525622762449,-0.04018203868415321,0.02296850772187431,0.005188780218784772,0.025500472700171528,-0.03181241260207107,0.00155857564149825,0.008163191572915118,-0.04424147789641131,-0.007576411634935387,0.008917583802438178,-0.011454152468169498,-0.016139734602655054,-0.033150943137038535,-0.043966382267026094,-0.08302348419052419,-0.049477081421267444,-0.04378920396145741,-3.7611319016472855e-05,0.0,0.0,-0.0856201777268858,-0.07519970758110645,0.0,0.0,0.0,-0.030385641544866615,-0.03051952450112122,-0.07369128691411148,0.0,-0.04235721941453485,0.0,-0.03423196123722416,-0.043806236641292184,0.0,-0.027558798308553012,-0.057644000805844475,-0.035242694958044996,-0.10100997423787034,0.0,-0.023287662377745988,-0.04914042698394888,-0.05108073161966625,-0.05377584385817269,-0.034597129304997976,-0.10065498615361923,-0.08868228923248717,-0.03194967427649226,-0.048647985015086825,-0.03136644470983524,-1.1102230246251565e-16,-0.042568407133781294
-0.06876852293471702,0.0005345171345845223,-0.024381403787338274,-0.012469340947817042,-0.04003741513105957,-0.03357037697088194,-0.04979358776725257,-0.010963948002414126,-0.04129607736434998,-0.037326527558565914,-0.03234387970950342,-0.07172460693597438,-0.033870112995865176,0.00023644226384039735,-0.003146786777478261,-0.05357255145191975,0.0,-0.012365614751835174,-0.04637563880329326,0.007991576741605166,-0.023362425371821705,-0.02815679870921961,-0.030336897817619668,-0.07228533316551577,-0.04841188886421238,-0.09630514621750269,-0.025399666791423803,-0.0250176763529133,-0.03158344462756568,0.010557760475061406,-0.05541250580830287,0.02344319394701183,-0.04218297614072519,-0.03571291847216773,-0.044160757912968474,-0.005739392948627298,-0.00010429517200116756,-0.009043140375662506,-0.07471124956055503,-0.07792149441539975,-0.08002254868212394,-0.10437523087748646,-5.551115123125783e-17,0.0,-0.015981615805514826,-0.13970987222951808,-0.015878726448454783,0.0,0.0,0.0,0.0,0.0,0.0,0.0,-0.06609628469630552,0.0,-0.05021138756867827,-0.01585769715139468,0.0,0.0004201508815308008,-0.040809904417729304,-0.09706967013618556,-0.08819172111342272,0.0,1.1102230246251565e-16,0.0,-0.012820383206779862,0.0,-0.06453225493996029,-0.07756398809737253,-0.07672925594924884,0.0,-0.023382037878245998,-0.00022666718733999058,0.0,-0.07147118653513285
-0.07498414027779998,-0.06913528201362207,-0.027833072563010264,8.613619000719108e-05,-0.04718239164140331,-0.018461640651974642,-0.03049411453544476,-0.035482319520447614,-0.04866254624688515,-0.0573563030106195,-0.036528944273805763,-0.10948168295581553,-0.03052586842321242,5.1969515741545624e-05,-0.021366806049758547,0.006788925921683897,-0.012365614751835174,0.0,-0.026856494782398432,-0.03087261402595176,-0.07286206764436853,-0.03652285952041062,-0.031213600282077147,-0.08063908349951249,-0.04701989672118417,-0.0725481413043279,-0.018984164565955808,-0.03139776773912073,-0.025153774066531853,-0.02185400643347446,-0.056929527967747806,-0.011430493057140168,-0.06851479966822965,-0.056421505581516374,-0.04465873465312731,-0.015859897761258124,-0.00017382198453158582,-0.012166858137302394,-0.08235779236172824,-0.11383566196295958,-0.09171122729410863,-0.09206398715841396,0.0,0.0,-0.01895266316340488,-0.10411419623470025,-0.11041603249876208,0.0,0.0,0.0,-0.039122752513126524,-0.0007330631092022921,-0.00031798315622239004,0.0,-0.08262314867425502,0.0,-0.050251023191673794,-0.029247025527989967,0.0,-0.04056555847796833,-0.09893251333824538,-0.0879636938721367,-0.10927005371425652,0.0,-0.03546862047621874,-0.035472726810149235,-0.08774308310066958,-0.05373756507049626,-0.10065207777837631,-0.11559591349122444,-0.10701811238205089,-0.03664638073759502,-0.08600727459630891,-0.042790263094756475,0.0,-0.09660457344412549
0.0,-0.00957091197315807,0.0724144820776329,-0.03182076483845836,-0.056288682181027005,-0.00617419120721463,-0.06942529807989717,0.017920022107159095,0.05724910457678578,-0.05197049008740856,0.028074327584766523,-0.051200603844016146,-0.047396434494558215,0.020730489881396086,-1.1102230246251565e-16,-0.00020359368468164663,-0.04637563880329326,-0.026856494782398432,0.0,0.0005246836509311681,-0.017433147530028892,-0.01038547505366516,0.15875067633329315,-0.03405746964565892,-0.029632627744994866,-0.04217375741146134,0.08218233351844834,-0.025645377776796652,-0.03168814306332074,-0.03183189415818194,-0.057803697669481235,-0.02942543834889394,-0.02097603596011427,-0.04433336498063728,-0.036091021387833155,-0.01563338136052045,-0.05870010921718538,-0.04904072840028667,-0.04150736091867502,0.00012168358972414195,-0.011174299924005537,-0.04286983806244271,-0.06930923309848824,-0.008034902522003617,-0.0004640475475928829,0.0,0.0,-0.1560951483406703,-5.551115123125783e-17,-0.050431437815184665,-0.047956573766535115,-0.05891620051157426,-0.048584030101748776,-0.05524009636075988,-0.00012923488605393052,-0.1150902024771368,-0.020766342604296273,-0.06309361638574607,-0.04131705379246703,2.220446049250313e-16,0.0,0.0,0.0,-0.029212699983160506,-0.00019511653008869034,0.0,6.624961830337117e-05,-0.044035960215271897,0.0,0.0,-5.551115123125783e-17,-0.024566242080793832,-0.04478431630782975,-0.021023971943992192,-0.0006726756040658088,-0.033784231462445136
-0.038605415712366475,-0.032047979927615045,-0.02097672441195253,-0.013298273057153087,-0.013349600178154952,0.004954802502524558,-0.007597705743002114,0.0015353742835765294,-0.005801403024096596,-0.048628579371126746,-4.115247536728983e-05,0.008485021760118894,-0.0073526602298572,-0.0005383483708406578,0.0319510713654953,0.014533794217892193,0.007991576741605166,-0.03087261402595176,0.0005246836509311681,0.0,-0.02520763415452343,-0.016986200856162592,0.04572183347492437,-0.015073443911570783,-0.03997610073725827,-0.02429807398700401,0.009300726985889185,-0.023347987670845227,0.0008235543738375206,-0.06411677903783108,0.0049407761259633864,0.03078287476059155,-0.015378930818724268,0.020287802380607622,0.03396424966795941,0.00983216074940818,0.028666566224100964,0.02505773531840977,-0.009047794353779948,-0.021327353533969307,-0.025921541637556278,-0.00884762203004752,0.008533941743694762,-0.007639533191132752,-0.000529187943523135,0.011716509421369259,-0.021852318794363557,-0.06010347107407715,0.0,0.0,-0.029005116657831065,-0.027546690260334628,-0.03887142969809765,-0.04532238660603999,-2.3784256136361037e-05,1.1102230246251565e-16,0.002146246329362167,-0.035242109789455134,-1.1102230246251565e-16,-0.03099041378100914,-0.03716779077510324,5.9831491350692545e-05,-0.04004146837724376,0.0,-0.00863011866415797,-0.014796431665870857,-0.016707351835300366,-0.03747035191277892,0.0,-0.03626190494269743,-0.011539843481898071,-0.03306612933516212,-0.038389009718916234,-0.026843394348592287,-0.03817640267811212,-0.017261386519284883
0.013959026913330341,-0.059632637593890425,-0.058605424264205175,0.0019231326296797469,-0.03706466210484094,-0.028608610240589194,-0.012571045434969785,-0.09165543469622434,-0.03536584346172089,-0.026828144964278156,-0.018613221684032344,-0.02408520297914002,-0.017810090268747025,-0.019323706831379905,-0.02296467806564423,-0.034060335981861534,-0.023362425371821705,-0.07286206764436853,-0.017433147530028892,-0.02520763415452343,0.0,-0.02138009811689401,-0.028266102065625853,0.04098136054040158,-0.07293921975877388,-0.02699808316071023,-0.0019600546004071018,-0.0322706263547517,-0.021064577454343092,-0.03641979598763356,-0.017063020103116056,0.015532494407697106,-0.05873389742124446,-0.01725358317583242,-0.008430429905048498,-0.04777489541010649,-0.004775530794008831,-0.009814644457441013,-0.03407862916178622,-0.06736601193390773,-0.06203293744751254,-0.056177683802117795,-0.004043165375630597,0.0,0.0,-0.051570055868045306,-0.08079689168501974,-0.04755668720033168,0.0,0.0,-0.09848677282499507,-0.030295695973233117,-0.15842050593934642,-0.026611011941843288,-0.013965956982263106,0.0,-0.02792124230880305,-0.03776464360204568,5.551115123125783e-17,-0.057442667904156475,-0.06805484056394823,0.0,-0.02611758722554447,0.0,-0.023692558943777364,-0.09403036341329107,-0.05223101060293339,-0.12884813771796383,0.051672623406419926,-0.030636263893155047,-0.08300591308104904,-0.08248816439665518,-0.10392446592483812,-0.07995072731737174,-0.03887816389532828,-0.04147539962563668
-0.04592299506135983,-0.03797781634109254,0.012842678159916077,-0.013146540944530216,-0.011784077296399409,0.009658051365499298,0.0030433264053217335,-0.04281022623725733,-0.009174099024902294,-0.08069633647147967,-0.0149235715784799,-0.030413261990814622,0.002894469111672293,-0.00400203795606946,0.032653435514998885,0.012739757759841097,-0.02815679870921961,-0.03652285952041062,-0.01038547505366516,-0.016986200856162592,-0.02138009811689401,0.0,0.009827381768481414,-0.025799579994163324,-0.04427083631525369,-0.01773703079061484,0.013498014642188416,0.011492044517569133,0.024918205745346755,-0.010720309185627164,0.03271515078040743,0.06092146029243062,-0.016731110083679723,0.03960050499731127,0.05376711310894705,0.02101529692347681,0.03371851375760332,0.005534089137309184,-0.007294218943751152,-0.04358997798077052,-0.04651583202833659,-0.04256294162927837,0.005079559361270414,0.0049103564724792825,-0.00043736816076700435,-0.06538150366953027,-0.05411579202330519,-0.022439112632247127,-1.5861359974445044e-05,-5.1531604867649516e-05,-0.06154779370634145,-0.0430603990971396,-0.04173186122081285,-0.025033418577527555,-0.020828722908192432,0.0,-0.008089454353149561,-0.03507323793158784,0.0,-0.09577710871039086,-0.04660504039439273,-0.01297284035968016,-0.018640305426897374,0.0,-0.014009428577412608,-0.026852189650962255,-0.03158278616584692,-0.024623325160330445,-0.010245381005525855,-0.03049857626693786,-0.03873726299360608,-0.03139341609825186,-0.02924279730643803,-0.029128072666587845,-0.008109825891067346,-0.04488643037995255
0.024628421892803787,-0.015135727751739492,0.0860201432785192,0.008535427277605312,-0.019744079379081625,0.006642961627722599,-0.018503958547392785,-0.035356774698882876,0.022815619033415502,-0.011103950199048473,0.021337756300800648,-0.031530506722541596,-0.004904775933992966,-0.00026126123777869825,0.005937841475309569,-0.004647192815494028,-0.030336897817619668,-0.031213600282077147,0.15875067633329315,0.04572183347492437,-0.028266102065625853,0.009827381768481414,0.0,0.025926314453112942,-0.012976982913626256,-0.01902955112095267,0.031649993943143884,0.004856681427175491,-0.0038967905301491856,-0.006516021582315512,0.006680739441988992,0.013144739649063097,-0.010290961953412281,0.014891753656476936,0.02779790961835149,-0.014905968002668968,0.029621906003424014,-0.036957119044348674,-0.040013341137583536,-0.03313097630838008,-0.04454201685379855,-0.05188348546934857,-0.11401702101918482,-0.06361087922702618,-0.006242690777573667,-0.0004001060949584967,-0.04120039980596185,-0.054765033222617776,-0.016463352288094257,-0.0766865443495705,-0.07423674868570024,-0.07562465378456684,-0.07172192311795611,-0.09591318782142205,-0.019376233791358388,-0.12070201417646959,-0.03248025042959779,-0.06732665174998465,-0.10713186404010844,-0.0826862761722506,-0.046226129541001415,-0.00014554671969019273,-0.02980664389011073,-0.07968084790999452,-0.03671706815506126,-0.06186200369029865,-0.02329839107699,-0.056583670892507376,-0.0005609080792465804,-0.05236125347785925,-0.00839289982443664,-0.05889066622156969,-0.056581403591358714,-0.04937363621388641,-0.07186099828997178,-0.05529521352548489
0.06341396150145767,-0.09195884396577492,-0.03330265322106074,-0.014849013946448997,-0.029664849347807443,-0.04688222411194459,-0.03664769953446695,0.008676271812902758,-0.04480032500508435,0.03620603394508587,-0.04582434887937181,0.0306628262788034,-0.02901742644076294,-0.014035255759797027,-0.021567306940710795,-0.08565254082725088,-0.07228533316551577,-0.08063908349951249,-0.03405746964565892,-0.015073443911570783,0.04098136054040158,-0.025799579994163324,0.025926314453112942,0.0,-0.05833872195525741,-0.01501206144859002,-0.05383305406726924,-0.02745522137411388,-0.03341808855573969,-0.005680758191408508,-0.002169994555881072,-0.03124622279808109,-0.002191789259330834,0.017027150808731684,-0.006827553006466869,-0.054237952104755016,0.06939160667237826,0.009865523251934516,-0.05914953886955587,-0.06498823275044319,-0.04989155442249815,-0.07207345084864658,-0.009110102054988245,-0.002746485901117701,-0.008131949852136222,-0.07163608312627823,-0.11069608660587876,0.0,-5.551115123125783e-17,0.0005748828782935478,-0.0010305141769714754,0.000492618348896301,-1.6653345369377348e-16,-0.001024104596509312,-0.0704705599059941,-0.0007533879460001058,-0.05310097943341513,-0.013580416136664997,0.0,0.0019290389098010619,-0.0726772240897709,-0.03477437247091547,-0.08692545941416457,-7.00567112920103e-05,0.0016946149501395058,0.007711127877959967,-0.021756692376459053,0.0018200938883120021,-0.035390224138280746,-0.08634253137256992,-0.07736811666928428,0.001973793391110923,-0.008504692612838871,-0.02375418708739263,0.0,-0.06213422043372091
-0.07613584412346502,-0.05546901415462702,-0.036864294424852284,0.0001994538320805317,-0.044857410370893414,-0.024073019407585328,-0.03392162087051154,-0.03099930715125432,-0.04047359082284718,-0.021368126425264866,-0.06009672383382714,-0.046194469133699956,-0.04802816970073376,-0.0004975466486391578,-0.03381625346913436,-0.07266525622762449,-0.04841188886421238,-0.04701989672118417,-0.029632627744994866,-0.03997610073725827,-0.07293921975877388,-0.04427083631525369,-0.012976982913626256,-0.05833872195525741,0.0,-0.04624657658337833,-0.016867013822403187,-0.06378156707987709,-0.038381566598072236,-0.038113515301980205,-0.06393967095042774,-0.011410965545055274,-0.07492393091275362,-0.05525586464849447,-0.061017623735352466,-0.023359403336525253,-7.841959230026063e-05,-0.0764572795027737,-0.08692865502733116,-0.11504553393367828,-0.0880403670928046,-0.09952080435050459,0.003518798224139863,-5.551115123125783e-17,-0.023663651236106586,-0.1147871759338267,-0.11910859727419643,5.551115123125783e-17,0.0,2.220446049250313e-16,-0.0414699275134226,-0.02733131324768856,-0.040706958295785134,0.00022292266137474703,-0.0793044841683258,0.00016997350059677618,-0.054392296733822676,-0.04227850020121249,0.0,-0.044079299658133175,-0.10223907422754908,-0.07253255028508837,-0.1112213104168911,0.0,-0.10616846563467469,-0.09648140236940789,-0.09331199769487702,-0.08689622402093172,-0.08604393664753301,-0.11403655542479013,-0.1032168507178608,-0.044246773149933305,-0.05155785771969229,-0.07567210390930607,0.0,-0.08172557986875306
-0.021432415085234358,-0.03549137205979286,-0.04820052902003941,-0.011056847449993079,-0.03644938886956145,-0.0183177178918853,-0.026044630966653992,-0.023326818336077915,-0.019011676497410868,-0.021142963924339064,-0.04756361141563503,0.0327148854337414,-0.021902671026831078,0.047775491475977316,0.0412304230400915,-0.04018203868415321,-0.09630514621750269,-0.0725481413043279,-0.04217375741146134,-0.02429807398700401,-0.02699808316071023,-0.01773703079061484,-0.01902955112095267,-0.01501206144859002,-0.04624657658337833,0.0,-0.018039428617180775,-0.02716795996906518,-0.016191832601519796,-0.04008161507582353,-0.036383203938983755,-0.00035587289351196594,-0.07056700361388635,-0.048588473560086165,-0.04767206672896751,-0.014720941416813182,-0.02323674401399367,-0.045534869481064943,-0.059958003414296024,-0.08857713486569802,-0.08476894077972569,-0.07928743293321205,-0.03682018353935357,0.00014265809156249754,-0.030948104517778963,-0.10456935999598355,-0.07994837972151536,-0.03013853250163534,0.0,-2.63364035365532e-05,-0.06616597804862745,-0.0446402421129079,-0.03805002498023169,-0.04069122176484158,-0.061655970597193466,0.0,-0.04800077022563798,-0.042698827490963764,0.0,-0.047968694277681745,-0.08793750484001345,-0.08167586625551276,-0.09255280235665303,0.0,-0.043429354319097224,-0.06381510210073038,-0.06780690758213082,-0.03948062729369228,-0.04089175025685665,-0.08604061618228509,-0.07498378722867471,-0.05851735749811343,-0.04126969956817039,-0.05435574077409838,4.842161004220413e-05,-0.07499914872830904
