0.0,-0.01635289711119886,0.0011947014937080946,0.0,0.010708482921504503,0.005947856323662515,0.013813795350824443,0.019689485145646946,0.009368761327205433,0.021252005574503574,-0.0051316278861219256,0.017355932424862663,0.021032990909431948,0.015676842244670475,0.00709747101887781,0.023672819116185184,0.019801068904796937,-0.008151167773955192,0.0,-0.0060059848557815765,0.05969153359194801,-0.0028786351016886758,0.02859412077030571,0.0744422893667872,-0.015791114356902836,0.01567957210753612,0.03443318666880785,-0.016513888207621064,0.013495238108698737,0.00733553553415206,0.029283159068863418,0.059912313351204505,0.039503512420576314,0.02823525499819085,0.03643087928991168,0.011240621716764598,0.00020246608332591398,-0.007721313956201736,0.023466461028984587,-0.031515421255142506,0.004129700333556863,0.048091650658151464,-3.190346927128829e-05,0.0,0.018883358841444153,0.015871258365818375,0.005804230930130216,0.0,0.0,0.0,-0.01170465291825512,1.1102230246251565e-16,0.00789740395701688,0.0,0.006680982948172154,0.0,-0.007995385442474301,-0.010009582757124436,0.0,0.016739773619720455,-0.010607806759178273,0.008950270551802086,-0.027484100083941754,0.0,0.003890428551321823,0.08747738858323617,0.0032863392806875003,0.02061409510234785,0.02374795687948711,-0.03660582982345517,-0.021328346344004323,-0.016104512943619864,-0.00012356134488489268,0.004137959932467128,0.0,-0.024609425559463494
-0.01635289711119886,0.0,-0.009914053182659754,6.360225000345832e-05,0.009832044291989805,-0.011939936687839492,-0.021093343756788396,0.014303353382973338,0.013637690247816414,0.029451997159454568,0.003537629723840696,-0.006754100993006107,-0.02414138448758335,0.007525682004378309,-0.007721657167102658,0.008226418362894172,0.010536719760528779,-0.0064442488432968625,0.010081677439640002,0.0006575812893730992,-0.010632775210579315,-0.030617563613266563,0.01621308627250717,-0.015828846283798936,-0.025007883793527863,0.003000287392846579,0.012334985301425516,-0.01152610167935253,-0.015354891733196485,-0.006599177821059066,0.015158222543177613,0.03241867354144806,0.052915376459037544,-0.006046004163277607,-0.005663543576843455,-0.006319256134486251,-0.0008613289292512816,0.0,0.022689147930988085,0.0006046148619708314,0.010535723945823472,0.029778434233593776,0.004981987278578737,0.0,2.220446049250313e-16,0.012024304682060727,0.010635488262338177,-5.6771671514299626e-05,0.0,0.0,0.018665852023630858,-0.0011222199548754364,-0.007838844122461164,0.009433758430128114,-0.009603747182581557,0.0,-0.001297531909123073,0.0095509098732105,0.0,-0.0017127690427728437,0.00721982768636098,0.004760245623371906,-0.005974917842845318,0.0,0.016257850331830304,-0.008367838106920655,0.0008665475543453427,-0.014559760735927518,-0.007193310245749762,-0.012338044858172359,-0.005009357848266616,0.013208568766797657,0.007455994269686128,0.011515402520000606,-1.1102230246251565e-16,0.02423224794390827
0.0011947014937080946,-0.009914053182659754,0.0,-0.016694717391225244,0.006229890890828538,0.007083901719741603,-0.0018804760399065423,0.025440630307341006,-0.05432416014018543,-0.016518139538882037,-0.036209268312247744,0.00012942946733451866,0.00610271390075201,0.08712777075175793,0.018203040580520802,0.004072927980277974,0.003030390175615183,0.00444396725615126,-0.013177406359715982,-0.0157095118259723,0.01997195974475141,0.012081954602371048,-0.006975816519799505,0.001900424618967056,-0.0071698956226035615,0.0222410445127999,0.01478366701421957,0.01872613259182293,-0.004957756820283377,0.02382842399425711,0.02150110081915918,0.04722576080686125,-0.0032094243409945267,0.01999362688399492,0.00682838942513464,0.06311130428218698,0.03090639089958014,-0.0024422747040090953,-0.006419351747347535,6.533969622579683e-07,-0.014654132994707192,-0.014751574201806728,-0.03239552152925235,0.01867584648648335,0.0,0.0,4.026214525604255e-05,-0.0694286360312742,-7.165604475001253e-06,0.009060681944144,-0.005246622100425813,0.005438892252333072,0.006654206903551785,0.014057641672435173,0.0010868395312876866,0.0788727678953437,0.01762607281267542,0.015175278090367672,0.03824457887540622,-6.801489479324463e-05,0.0,0.0,0.0,-0.12845196939468792,0.007231985480286751,-0.002637760235382147,-0.00018801457333628147,0.024552206955309464,0.0,6.784053469055529e-05,0.010912484530448685,0.012133732830512112,0.011897139999731743,0.019644554771671596,0.005902742823621243,0.00028995368078788
0.0,6.360225000345832e-05,-0.016694717391225244,0.0,-0.05182247182390928,0.02038024302268221,-0.06471966287279984,0.016805703659060145,-0.007845623944079672,-0.12353516632099681,-0.02464549632385693,-0.013396553815674339,-0.06284044259954263,-0.09141450752460062,0.05297226932498722,0.00010909238586870318,-0.009443800035126182,-3.2629934422656603e-05,-0.007319261684627765,0.023452340078949085,-0.00020830066039551065,0.0700180699777333,0.04674980938173867,-0.019376554812081392,0.0005162292896399023,0.02615385802598047,0.004954619379110514,-0.05763815715190923,0.022540737126815313,0.012450205227885758,0.03761058907845277,-0.0049866966410547775,-0.02052364282207847,-0.10118487238570881,0.05765076892969939,-0.05882155747842546,-0.02491700264066285,-0.005532036411530994,-0.015519828669226743,0.0007800605299290164,0.023444042655850927,-0.005284910178343316,0.00964296580972862,-0.007240547789634955,0.0,0.0,0.0,-0.0002717421892937111,0.0,0.0,0.011270199594249353,2.220446049250313e-16,7.467794991833365e-05,-0.00040642745129843005,5.551115123125783e-17,-0.006784970024726722,-0.003597774384968555,-0.00020460545701644905,0.0,0.0,0.0,0.0,0.0,0.0,0.0,0.0,6.58434911867678e-05,0.003810413850558636,0.0,0.0,0.0,0.0076100583548932565,0.0006913121511833431,0.002316755856638375,0.0,0.0
0.010708482921504503,0.009832044291989805,0.006229890890828538,-0.05182247182390928,0.0,0.0038522511389250114,-0.009834260079776502,-0.0349052909348182,-0.009159700422815886,0.003382678910795689,0.005194189752752598,-0.0685807394046205,-0.017831955125131305,-0.02364371663491005,0.010043571416875285,0.020021371476845795,-0.0029733047412693336,0.01126521813256992,0.055940359497672176,0.0035540882339702984,0.026028771925004635,0.007677533917880175,0.014243669877455789,-0.0012923617292973089,0.017895576010642567,0.02604619070133657,0.006715290201059043,-0.006967842103557331,0.009319100107057665,0.005875128451399092,-0.01939388808407866,0.027235339359992394,-0.07133208386386442,-0.04979663287189384,-0.06406381741408673,-0.0286912711359584,-0.05909347501935269,-0.05995146664190487,-0.004314961511976467,-0.004555530692969156,-0.01400630595437935,0.029957298345432704,-0.007478998884610677,-0.034303967143107905,0.00021107840988265902,1.1102230246251565e-16,0.007707857460860779,0.004576593013155383,0.0,-0.0034375610496696907,0.023860711437644344,0.011131619199544862,0.012265891284388486,-0.010843376242383851,5.551115123125783e-17,-0.1113345989451981,0.004071596045007897,-0.0002615097256530863,0.004792510618779444,-0.0022073778190534465,-2.392827425257149e-05,0.0,-5.551115123125783e-17,0.005251674993920374,0.014812041910206186,0.0001311258143542604,0.0036034307781249164,0.01385673870380344,0.0,2.0948695508893334e-05,0.004023507057390796,0.013602652598492582,0.0007584858644204551,0.003481750591635857,1.1102230246251565e-16,0.003631261541640618
0.005947856323662515,-0.011939936687839492,0.007083901719741603,0.02038024302268221,0.0038522511389250114,0.0,-0.028192001552090673,0.05362604030422197,0.011022498072512599,0.004968814065779925,0.01597786591987821,0.009799651738748472,-0.024067600213632356,0.06318584934134724,-0.015460510208044898,0.0015342409366929655,-0.008438068310595459,-0.004532124213323052,-0.0013151498907083004,-0.010317700467226576,-0.0033649119435427144,-0.006255478064253861,-0.0015562055930707364,0.0063910933441589934,0.006901063839667154,-0.004289070213482293,-0.009189710675109597,-0.030306406282523124,-0.04146991906799119,0.03267464100889167,0.008925579762147473,0.04937953662803285,0.013492570802291493,0.027059631196901968,0.003581184628357603,0.03974836795600578,0.02447479345643111,0.008218747392154668,0.0009795834974559714,0.01442153988652084,0.030716222626003153,0.01792932369280653,0.007819216862457012,0.011597200343572034,-0.005382539982484946,0.006475298590906731,0.010428739303228352,0.02411884927029906,0.006931396249625021,0.01787069131946062,0.026454033277812705,0.050387573220916804,0.050050468138379156,0.013969038665195832,0.018527558595923366,0.0035076773566081743,0.01391105391062697,0.057171433169929564,0.01582080715791112,0.003196961632365214,0.005970409994801251,0.0,0.0045312154801888105,0.013527880050996477,0.029361671487496688,0.013992645492655664,0.025993617768613808,0.05179533545186932,5.5362915260315226e-05,0.005394188822108736,0.006461776341821712,0.028268577535442874,0.010904457260636713,0.010871413971254684,0.013694002640329606,0.06886289040815852
0.013813795350824443,-0.021093343756788396,-0.0018804760399065423,-0.06471966287279984,-0.009834260079776502,-0.028192001552090673,0.0,-0.008356482384506037,-0.027620508052567938,0.0017666661646540405,-0.002654602053590527,-0.05751593380307357,-0.020024301169677072,0.024138317422389033,0.008534551565229531,-0.015256158019450738,0.00511699014207212,0.009985413241816565,-0.002196921838964583,-0.012530207750614364,0.017816123688603136,-0.02131892186753498,0.021334040141711197,0.0036603065048342875,0.0101967519273925,0.01965212864820709,-0.005997043036838234,-0.011451903566832733,-0.035703856469088024,0.005525756045826391,-0.01886866064579329,-0.012978362071873195,-0.008651918978634321,-0.03608596508066808,-0.0632835820736839,-0.0305553273436292,-0.049551599645904,-0.05706179534599454,0.017202492680582993,-0.01290131406020456,0.007818863036204382,0.0034783534868507715,0.005952174874788441,0.017805360014949867,-0.023393264185311735,0.0,0.00025991499283567476,0.0191669185182185,0.0,-0.01822219069966058,0.026246571683349762,0.007993180942491351,0.009972765002352446,0.0017552779285877618,0.003752113001923074,0.008042059649196354,0.0030923166349858255,0.0047027089101634445,-0.0069314604158906,0.005233633235706747,0.010101622255233478,0.0,4.529267188424502e-05,-0.011753509302022347,0.014454848533018094,0.011519542912354297,0.0016550950716880397,0.0046472535100374746,0.00010066258873958622,0.010991926902315097,-0.0003125592147897316,0.0033919070024951425,0.015418877660387742,-0.006274829551679573,0.0006455540410272853,0.005223536455189914
0.019689485145646946,0.014303353382973338,0.025440630307341006,0.016805703659060145,-0.0349052909348182,0.05362604030422197,-0.008356482384506037,0.0,0.02392375877092512,0.0008218848272369961,-0.02871296326147077,0.0077368815328093254,0.014176141308147039,0.012027891869426433,0.06933603946309957,0.03645239904571368,-8.794072517070983e-05,0.0046430565325703,-0.034595068102746374,-0.01725382181934698,-0.0064274434023534055,0.02385427520898331,-0.011254453749217685,0.024773349492980046,0.03280038821965736,0.0236246936212533,0.029956377574533122,0.03432029163682687,-0.0008928871157735663,0.042681535866910425,0.0222374187438637,0.04128415430611643,0.06437911732954527,0.03517277923650963,0.02334467361437048,-0.013609648130846475,0.08009118228360695,-0.03450784214802627,0.024550298135463,-0.0037813254311430677,0.014250636632034297,-0.03292381745872908,-0.0988608994013474,0.004812812597410565,0.0,-0.007456600112808687,0.003386084338633355,-0.0032847768091838203,0.0,0.010790574194950775,0.005077251124961768,0.002069903044101762,0.01924921102195165,-0.020814266002536996,-0.0001310905230790249,-0.05430854734000801,5.1706402124096495e-05,0.0006863837738977918,-0.0037480550695500603,-0.01719076114639939,0.009257263197268939,0.0,-0.00029545197037927906,0.004213351579261171,-0.005421999825030499,0.0006855502030481686,-0.003187200775338239,0.01952849498750464,-5.551115123125783e-17,-0.0041660206792174526,0.012911369773078663,-0.016244261697947293,0.009923063194070325,0.007070533022705716,-0.002957009143275513,0.007486611470802651
0.009368761327205433,0.013637690247816414,-0.05432416014018543,-0.007845623944079672,-0.009159700422815886,0.011022498072512599,-0.027620508052567938,0.02392375877092512,0.0,0.001248211434913049,-0.009192009175593818,-0.005678676729813037,0.012380364042389402,0.07555933338493703,0.010802577031707838,0.024157765245604645,-0.005998829226103286,0.001399490509821355,-0.005911507115448522,0.016089157204485727,-0.006190129948245471,0.00147353998896127,8.042633921440112e-05,-0.000706579194526491,0.011083722241456151,0.01692122274418484,-0.021361125002835324,0.00811560197895228,-8.040536463993497e-05,0.021610720238749603,-0.00044363334068098226,0.01864690220684939,0.010721909259667761,0.004594722225548964,-0.012182234398049996,0.021612475680818588,0.000979849922380649,-0.009783895273938525,0.023172026320974703,0.006824224981705429,0.0210163566213023,0.015879534432345188,-0.030607837233260715,0.01353350354389038,0.00151518193243666,-5.551115123125783e-17,0.0015858065158600443,0.006919909418387049,3.4423899885616116e-06,-0.05476937010590055,-0.013364087070346753,0.010023204993919843,0.011591526654458062,-0.005731858024830783,0.02024723691055441,-0.014750684662325708,0.0022228521419874747,0.018141465740563745,-0.012565624802818143,0.004541769227202119,0.010062082251661497,0.0,0.0,-0.0052086402118346475,0.00994016319313562,0.006149916932179533,-0.0007225726482162909,-0.007587183924614105,4.236660493894817e-05,0.009284364731355021,-5.942638666256439e-05,-0.017847003343217427,-0.006928417644692542,0.07317801224506287,0.013396921434215114,0.009261284631845057
0.021252005574503574,0.029451997159454568,-0.016518139538882037,-0.12353516632099681,0.003382678910795689,0.004968814065779925,0.0017666661646540405,0.0008218848272369961,0.001248211434913049,0.0,-0.009727718976890398,0.041428547156756645,-0.006361328870721161,-0.2259083392127656,-0.0014591617234053778,0.003562587805912343,0.013829840017233197,0.025368722727946103,-0.007545201935902024,0.0031962149333579215,0.05535586000775383,0.006892075846309853,0.029327418338330247,0.0418998192687518,0.037505134314969324,0.0057435319298215215,0.0016384154036546694,0.009815518174024096,0.014047085285281702,0.025434012278386375,0.030756094264383416,0.0762822668743538,0.029399136276957172,0.02243412273928741,0.0322733908819926,-0.11717894713338156,-0.04887235571133164,0.047898667095325365,-0.015517775962471003,-0.022637252922778628,0.007745021320165912,0.027764515708126103,0.052805981115819856,-0.0006682892158431097,-0.011012027322408746,0.015009188067150792,-0.009790736717988302,0.0003761102377544123,1.9546367232836648e-05,0.0003598201993786354,0.01903966547350283,0.01119154316954013,0.0024931473108360525,-0.006155632468009542,-0.05981840035343078,-0.0027058146809488814,-0.06551386320576202,0.019723490132136423,0.0,0.0004838421211906807,0.007389104249703626,-0.05509250125694176,-0.0477243076540293,-6.424993338083329e-06,0.00010438990623351518,-0.009696154734003315,-0.0046343619488909416,-0.006922990623954073,-0.024967791906155667,-0.05316826092737725,-0.04216256685595765,0.014900602105766492,0.009777699203952717,0.014675710314021428,-5.551115123125783e-17,-0.026849294906181098
-0.0051316278861219256,0.003537629723840696,-0.036209268312247744,-0.02464549632385693,0.005194189752752598,0.01597786591987821,-0.002654602053590527,-0.02871296326147077,-0.009192009175593818,-0.009727718976890398,0.0,-0.04988369992409175,-0.005756917785357751,0.0124261372084995,0.0,0.00011768512342563708,-0.007496493801041504,-0.006708482082576794,0.03977841582924263,-5.3911512995108435e-05,0.007681772422236499,0.0022877999377910463,-0.023855928848140917,-0.006012203929418147,-0.008757086878089793,-0.009343857689149582,0.025226485871627957,-0.019743267834491762,-0.010730042248031146,-0.002118539617803672,-0.018115335421341694,0.013344096827088259,-0.04655356206707517,-0.019172467951274086,-0.045937727892896296,-0.029319509345038464,-0.022245998412278034,-0.053907655837632296,-0.03476165154872274,0.0004917310070688963,-0.01046782321764067,0.0009680223527303022,-0.08747242345159312,0.006769461900944518,-8.63929471461855e-05,0.0,1.1102230246251565e-16,0.06897973497425947,6.665768272351436e-07,-0.006414433172439671,-0.040538224450447025,0.005416886553381128,-0.07166430157970205,-0.0246150291551554,0.010661627812259433,0.0071029492801260585,-0.00027353980672895073,0.00989886320374278,-0.027157249108700376,5.551115123125783e-17,0.0,0.0,0.0,0.006222129282328515,0.005163303105896855,0.0,-0.00011670562146159913,-0.038078532578068036,5.551115123125783e-17,0.0,0.00022678200418307926,-0.032710640898644006,0.021538309242416398,0.010725595477263983,0.0,0.0022418651923420962
0.017355932424862663,-0.006754100993006107,0.00012942946733451866,-0.013396553815674339,-0.0685807394046205,0.009799651738748472,-0.05751593380307357,0.0077368815328093254,-0.005678676729813037,0.041428547156756645,-0.04988369992409175,0.0,-0.0218026947141417,0.017930618325969372,-0.03320847164209012,0.008065651511638683,0.03033508598664686,0.00036768252522617617,-0.013964488281920762,-0.012587946941667594,0.009225172979937468,0.012221916052980897,0.030517629408327973,0.020697993194672526,0.014344352914109182,-0.030546575199233927,0.02145477391203382,-0.0038596027665773747,-0.0020482617902630174,0.04348946546600124,0.023595622272126693,0.035196661219155434,0.00473342306954927,0.015363133733995837,-0.02078415529226213,-0.015067354537619204,0.03216312725298315,0.026357133866313776,-0.025244096770853708,-0.020140782788522438,0.02989242947341897,0.0019229149782677424,-0.008312136848812102,0.0058631402605605065,-0.05155937263049459,-0.01995990064358999,-0.0015174354848792593,0.005713823884752334,0.006359633171718115,0.010644802238644835,-0.005833533948308434,-0.005585943385676251,-0.0003900762942902758,0.008724343609414043,-0.06028080092270005,0.010004084202020924,-0.0494452441163879,0.019117206617980276,-4.211578642110414e-05,-5.542133143709993e-05,-0.006633169968392638,-0.057846581386749085,-0.06990517189511486,0.006555230587159788,0.00521572522932634,0.00698000232096474,-0.0009176287392407834,-0.019623032949721286,-0.023963317158748665,-0.051117815376314324,-0.036737006673124906,0.01765030636343573,0.03798392973598297,0.002936459314839268,0.0,-0.041429828322238904
0.021032990909431948,-0.02414138448758335,0.00610271390075201,-0.06284044259954263,-0.017831955125131305,-0.024067600213632356,-0.020024301169677072,0.014176141308147039,0.012380364042389402,-0.006361328870721161,-0.005756917785357751,-0.0218026947141417,0.0,0.009418762211054865,0.026188667292315004,-0.009628692490403712,0.0028922740840227057,-0.016000199516080893,-0.0004967593163979211,-0.004779676360049889,0.014918987730666966,-0.017892359731774665,0.04288595035330561,0.0002044024117122123,-0.005143709689118758,-0.00857596382530823,0.020035164968761454,-0.001736957846591003,-0.018597420479581572,-0.009222935688776135,-0.007105925202766983,-0.007293871617323977,-0.03233346271754217,-0.022026361135203454,-0.028320619774994726,-0.0015926617339230842,-0.04605977843012349,-0.02477760424299602,0.05992242800184444,-0.021021417861042224,0.03341573460155095,0.02807899274000286,0.013270673618833162,0.052003217895402354,-0.011084872564354642,0.012886348788356983,0.0017275528818908592,0.013826012796375964,0.0,0.010616475667029501,0.014327624851318999,0.011247919652534799,0.03020739461673383,0.0039331069135902785,0.004214871143044696,-0.04652654371733128,0.03296910953322557,0.03153700367357759,0.0028717703637737846,-0.00046692161248984565,0.0030886961674111424,0.011637675939762393,0.006783312793935903,-0.008826333424655108,0.021299459977554835,0.0004758505633308263,0.006407442461812685,0.015196960575375673,-0.008174401309218815,0.00329041149876963,0.0013456849813758276,0.015136265935759674,0.04735515932489087,0.012688538773793667,0.0015770793039615594,0.04337916996926905
0.015676842244670475,0.007525682004378309,0.08712777075175793,-0.09141450752460062,-0.02364371663491005,0.06318584934134724,0.024138317422389033,0.012027891869426433,0.07555933338493703,-0.2259083392127656,0.0124261372084995,0.017930618325969372,0.009418762211054865,0.0,0.024242382629243997,-0.0004167021269555482,-8.956857231789961e-05,0.00011264208507755225,0.018425799947881683,-0.0004956291105658317,-0.0027925886945798784,0.008754081630461374,0.053964163047796054,0.015347753478163528,-0.009960294147913329,0.009884355154628655,0.0486946202774548,-0.040989662580223685,-0.0065715291555014654,0.008819120343183329,-0.03560322479268113,-0.07812502094595616,0.009782121089828066,-0.011471846830388543,-0.0709294510664562,-0.032064725106322994,-0.03290549204703297,-0.021009908430705604,-0.061048740875890684,0.0,0.0028210695137791952,0.00015535498676616522,-0.11795380010187645,-1.918740568596089e-06,0.0,0.0,0.0,-0.00981298258848251,0.0,-0.03227215239691039,-0.03202866149313799,0.004071550525974521,-0.04683673933119176,-0.007916918408697404,0.0,-0.020134422854942435,-0.00025886097383770457,0.0006449828315758244,-0.01725275211163052,1.1102230246251565e-16,0.0,0.0,0.0,-0.0003564824504025954,0.0,-1.1102230246251565e-16,0.0,-0.03239303329232579,0.0,0.0,5.551115123125783e-17,-0.019022569411419443,-0.00040964963960066214,1.1102230246251565e-16,0.0,5.551115123125783e-17
0.00709747101887781,-0.007721657167102658,0.018203040580520802,0.05297226932498722,0.010043571416875285,-0.015460510208044898,0.008534551565229531,0.06933603946309957,0.010802577031707838,-0.0014591617234053778,0.0,-0.03320847164209012,0.026188667292315004,0.024242382629243997,0.0,0.0065060101043440954,0.004194302861618648,-0.0006256309455797693,-1.1102230246251565e-16,-0.006727826360286349,0.009716366916385222,0.01434803925531647,0.017222043210435578,0.00794503385281592,-0.004584683409772028,0.039607633712714974,-0.020140057121704746,0.013891458301180715,0.028411608798543764,-0.005338130157880094,0.02211326013971532,0.06499822619048418,0.022185041424542862,0.01842906493185059,-0.002002741773098282,0.05147820786219348,0.019931421378258762,9.399828308220837e-05,0.025208687785050476,-0.01223469877546568,0.014331821997931427,0.013980192068426267,0.052922056876576695,-0.004173675122904119,0.0,0.018591783688063357,0.0048783627592441925,0.007357020132181258,0.0,0.0,0.009287672740020125,0.005105771522081526,-0.0016082030564076866,0.0029841745546543286,-5.551115123125783e-17,0.0,-0.0029576232063819874,0.007510407556223675,-1.0926898968310894e-05,-0.015310527881060076,0.009268005097176402,0.0003819468979540108,0.012837215750401143,0.0,0.029436384717991315,0.04792366543233234,-0.030343712907766218,-0.017551078023331113,-7.82292249524863e-05,-0.0027935172251067897,0.013490035153417512,0.005416220167444363,0.008736197594402917,0.013985566695966456,0.007629258350559609,-0.002020618192387691
0.023672819116185184,0.008226418362894172,0.004072927980277974,0.00010909238586870318,0.020021371476845795,0.0015342409366929655,-0.015256158019450738,0.03645239904571368,0.024157765245604645,0.003562587805912343,0.00011768512342563708,0.008065651511638683,-0.009628692490403712,-0.0004167021269555482,0.0065060101043440954,0.0,-0.018461882138617436,-0.038443345205886936,-0.00013618763673878265,0.0371332242403114,0.012312239502792865,0.018253581656320406,0.024749037459725454,0.012028749958988283,-0.021412793092193072,0.0265229307829421,0.029453118735045802,0.00981898485279803,0.008492557696244851,0.003156047371736359,-0.004381237514745895,0.014708886504005703,0.005876892370036968,-0.030445847264777837,-0.02265889479452915,0.011624930680747658,0.0014363577088635227,0.013145234340038225,0.03354223137660528,0.01124168427345712,0.027909119957800044,0.04251273365328073,1.4247842549774958e-05,0.0,0.0,0.02708139154615241,0.03434728607554849,0.0,0.0,0.0,-0.0021780801584236342,0.006661162209393279,0.009717260114117998,0.0,-0.006912824637469173,0.0,-0.013254350136222337,-0.0007057661167239049,0.0,-0.0064924731835643845,0.021059010201267103,0.001566535644507705,-0.01888428835974848,0.0,0.013526252703779107,0.005307436092843509,0.01813383493852655,0.0048640919647307546,0.016502491180416967,-0.018740335592285162,0.011124448673585363,0.0021712102627240437,-0.0039519388263571376,0.009425431924686756,-1.1102230246251565e-16,0.030696887914142212
0.019801068904796937,0.010536719760528779,0.003030390175615183,-0.009443800035126182,-0.0029733047412693336,-0.008438068310595459,0.00511699014207212,-8.794072517070983e-05,-0.005998829226103286,0.013829840017233197,-0.007496493801041504,0.03033508598664686,0.0028922740840227057,-8.956857231789961e-05,0.004194302861618648,-0.018461882138617436,0.0,0.0018260031546205036,0.002530283991994009,0.02502620545133183,0.01471501396104441,0.01014570822919375,0.005112389786615157,0.023952070893036637,0.01761360981095883,-0.0002137566262938595,0.00641541929987105,0.013468504842429452,0.004268187858845696,-0.01135243948834641,0.027370450740025587,0.07139717183594751,0.045805311458538334,0.028945330721199536,0.05084351017114619,0.010180292047584083,3.950888265097374e-05,0.031421034471700804,0.050460692096748916,-0.01503388344542772,-0.012930244672001656,0.0023698736718391067,-5.551115123125783e-17,0.0,0.013831325762367341,0.025989330098702967,-0.03158853421212604,0.0,0.0,0.0,0.0,0.0,0.0,0.0,-0.06039769155060509,0.0,-0.050538089971299716,-0.011740906181768263,0.0,-0.00015916069320942583,0.0028952216366642802,-0.047673852092222746,-0.007903942110253581,0.0,1.1102230246251565e-16,0.0,0.009056847360720266,0.0,0.0004684676583929792,-0.035355592757164545,-0.00982512432495225,0.0,0.003588595894529034,8.586559793333226e-05,0.0,-0.020329015445604226
-0.008151167773955192,-0.0064442488432968625,0.00444396725615126,-3.2629934422656603e-05,0.01126521813256992,-0.004532124213323052,0.009985413241816565,0.0046430565325703,0.001399490509821355,0.025368722727946103,-0.006708482082576794,0.00036768252522617617,-0.016000199516080893,0.00011264208507755225,-0.0006256309455797693,-0.038443345205886936,0.0018260031546205036,0.0,0.011530716597773327,0.008254896729604777,-0.014382900293223866,-0.006102372655517718,-0.0014753609693012315,0.011042835162549558,-0.005221298246525619,-0.01847443432996393,0.011316616942183055,0.0017169002752557283,-0.011894074818596279,0.02718238670515838,0.010516744423806235,0.034876442749584846,0.026740746227724432,0.017048996084851886,0.02706765265954797,-0.008253729140604904,6.584688684307949e-05,-0.0003072206906808428,0.00639567950123604,-0.010940234631547086,0.000967217911630458,0.010376271562336059,0.0,0.0,-0.004936590806327634,-0.02082124154992443,0.001463049584497056,0.0,0.0,0.0,0.0006555028345679448,0.00027769746002159756,-0.00041132902271889815,0.0,-0.02001726126611819,0.0,-0.006751806388215098,0.013622346465849422,0.0,-0.015457452428525309,-0.01887767212510294,-0.023146281132070512,-0.02229012256190427,0.0,0.00013547740715386114,0.004702565479486109,0.008642326264346134,0.009010316950381903,-0.0013629385219813273,-0.02943167345457187,-0.016815304012460452,-0.005037997994766785,0.010403129552490953,-0.004596727139141887,0.0,-0.021146243426309108
0.0,0.010081677439640002,-0.013177406359715982,-0.007319261684627765,0.055940359497672176,-0.0013151498907083004,-0.002196921838964583,-0.034595068102746374,-0.005911507115448522,-0.007545201935902024,0.03977841582924263,-0.013964488281920762,-0.0004967593163979211,0.018425799947881683,-1.1102230246251565e-16,-0.00013618763673878265,0.002530283991994009,0.011530716597773327,0.0,0.0002908118998620757,0.007922797284975247,0.008582544379341084,-0.007126527326112464,-0.004561334836277353,-0.00019470785331632268,0.009305002094409542,0.01218371723762024,0.0006110667062165787,-0.011312662413167363,-0.0026226988238526316,0.0030749974836977167,0.02661764640134473,-0.022033222893250992,0.0017951919608540368,-0.0072219388574714105,0.03852089299157707,-0.0021926952937957878,0.0004280984780413166,0.05708031171972461,-6.421544069729057e-05,0.03922459243206372,-0.00809068792730916,-0.10415611978235223,0.014976423474686529,-0.0005403829962242757,0.0,0.0,0.09830547433821207,-5.551115123125783e-17,-0.008586731969425221,-0.0011248238770200647,0.025277946237642568,0.028793172262568723,-0.019478338169723552,-9.34699347997503e-05,-0.010423840920213923,0.001990228214387435,0.02632334976866224,-0.05497483071293324,2.220446049250313e-16,0.0,0.0,0.0,0.01532402319261772,7.391364281411628e-05,0.0,0.00011677865498510576,0.018229192709953712,0.0,0.0,-5.551115123125783e-17,-0.016433794527112577,0.07690901402449402,0.012199394637951388,0.0002548215894685457,0.0061482676442067286
-0.0060059848557815765,0.0006575812893730992,-0.0157095118259723,0.023452340078949085,0.0035540882339702984,-0.010317700467226576,-0.012530207750614364,-0.01725382181934698,0.016089157204485727,0.0031962149333579215,-5.3911512995108435e-05,-0.012587946941667594,-0.004779676360049889,-0.0004956291105658317,-0.006727826360286349,0.0371332242403114,0.02502620545133183,0.008254896729604777,0.0002908118998620757,0.0,-0.0064230699543678105,-0.009176033806976791,0.0007321531282449278,-0.05315897613996812,-0.00010625210865200518,0.013572914923093315,0.003256364560131786,0.03121727612961539,0.004245577315992455,0.00944943562332795,0.00892884986245468,0.0802882173952672,0.06951076040006338,0.024018388138717928,0.018880470152442208,0.045844418171981705,0.01845609466792625,0.005477906744923711,0.015422177568801043,-0.0422306554967678,0.02070046001013054,0.026503556421424435,0.017708626553283313,-0.0006343602177408814,-1.8755468528308672e-05,0.0055728339747313504,0.013561160681293927,0.02422551401232903,0.0,0.0,0.016142773337665173,-0.001926609103507726,-0.001737972783083852,0.011827086738474213,0.0005446181391106086,1.1102230246251565e-16,0.008978781269761815,0.014996730188441887,-1.1102230246251565e-16,-0.0162273574129691,-0.024922096984529185,-2.266524255389868e-05,-0.0024434840834518523,0.0,0.01069546817887912,-0.006142395431504688,-0.028232220664222374,-0.017285859535519366,0.0,0.0012601662012344805,0.0169085124511959,-0.004283255443512601,0.014763035929789392,-0.006329406733872667,0.01910073502812465,0.026724545050742177
0.05969153359194801,-0.010632775210579315,0.01997195974475141,-0.00020830066039551065,0.026028771925004635,-0.0033649119435427144,0.017816123688603136,-0.0064274434023534055,-0.006190129948245471,0.05535586000775383,0.007681772422236499,0.009225172979937468,0.014918987730666966,-0.0027925886945798784,0.009716366916385222,0.012312239502792865,0.01471501396104441,-0.014382900293223866,0.007922797284975247,-0.0064230699543678105,0.0,-0.027329953190550926,0.008743766427791011,0.054880164653126506,0.001049356455836592,-0.02726140623562079,0.025492015997227446,0.020981096974812596,-0.0035204542353416968,0.03893539673326685,0.008605815608402678,0.05075156285899707,0.03748641341060022,0.015697771970943075,-0.008374725865148702,0.08665530981630598,0.0004000633851081181,-0.0035803726291827598,0.030758739110928468,-0.02111746844832202,-0.00011196893637926975,0.02503415207963089,0.014538663296064236,0.0,0.0,0.05419249774322432,-0.006178497660122684,0.01193728544610001,0.0,0.0,7.434895033625599e-05,-0.00785348284327858,0.005665397181546961,0.004651971748965145,0.0031530165916197617,0.0,0.00440895478454445,-0.005064540172587173,5.551115123125783e-17,-0.040822938463230596,0.0091985527481378,0.0,0.009518274793100301,0.0,-0.0006370284749249167,-0.05152408065469166,-0.015573710390901552,-0.04333810559041956,0.0025990542030523422,0.007120768919982645,0.019848160618453403,-0.026863459555540814,0.00020640426118068156,0.01156026959830564,0.019315053224096546,-0.008193077304191332
-0.0028786351016886758,-0.030617563613266563,0.012081954602371048,0.0700180699777333,0.007677533917880175,-0.006255478064253861,-0.02131892186753498,0.02385427520898331,0.00147353998896127,0.006892075846309853,0.0022877999377910463,0.012221916052980897,-0.017892359731774665,0.008754081630461374,0.01434803925531647,0.018253581656320406,0.01014570822919375,-0.006102372655517718,0.008582544379341084,-0.009176033806976791,-0.027329953190550926,0.0,0.03532962911067866,0.0040057273429841556,-0.02238392360955871,-0.018577191627910827,0.019391745534397542,0.016374501184056867,0.003809140301317182,0.016188916175804424,0.00026050666990751203,0.0623101704481962,0.052968260249813826,0.002460092523809354,0.0116301763497077,0.05115290773165704,0.012669623291586163,0.0019624982047453665,0.0023388349175029743,-0.028069165634017124,-0.014022532883113892,-0.00900025352766276,0.022670269092601836,0.006393438855540168,0.0001656829075348809,0.030562269243676332,-0.0034124251041024456,-0.0024103213658181466,6.008567778104101e-06,-4.480777398296887e-05,0.016886465332463185,0.008205409098238747,0.04292939259054612,0.005566266781069917,-0.010865338496704124,0.0,0.010149424520080497,0.0035081761397458,0.0,-0.052640165002355965,0.008111814013510521,0.0015815079790745257,-0.014010013947887756,0.0,-0.010192692939391956,-0.046329818980258564,-0.02771826582882364,-0.01914739486782807,0.010651908299669555,0.002017560055605605,-0.02201222080580989,-0.0005543096063359565,0.019949257324450353,0.012051880783135294,0.0033074705371635704,0.003549193319025923
0.02859412077030571,0.01621308627250717,-0.006975816519799505,0.04674980938173867,0.014243669877455789,-0.0015562055930707364,0.021334040141711197,-0.011254453749217685,8.042633921440112e-05,0.029327418338330247,-0.023855928848140917,0.030517629408327973,0.04288595035330561,0.053964163047796054,0.017222043210435578,0.024749037459725454,0.005112389786615157,-0.0014753609693012315,-0.007126527326112464,0.0007321531282449278,0.008743766427791011,0.03532962911067866,0.0,0.029266928618054355,0.007108147182567359,0.014254964766035827,-0.0010530004561672412,0.05265425392499978,0.03596642377698406,0.06667518055310206,0.055815721775777316,0.07051745441884616,0.019778990626790227,0.05911069238339983,0.024256193032523354,0.1021485523996079,0.04577891183158872,-0.005350676565067103,0.015261746373708474,0.011155335549035694,0.012357269367439083,0.03448752072140249,-0.05776529980636713,0.013167827768393703,-0.009191002972800677,-0.0008510357289460146,0.006632897005430849,0.04586255294932473,0.011532267899224125,-0.04521217581201281,0.02054111428854899,0.023516017530655575,0.03444337094148425,0.003559328791699734,0.01605866706551945,-0.004769686505707804,0.021682517487894404,0.02366193494641111,-0.019558633296652916,-0.008365420513750887,0.0008349304968514604,5.513570914295052e-05,-0.008137571355888884,0.025440878405125766,9.281988653614404e-05,-0.018845947960280274,0.008862745978526154,0.05424471616774329,0.00021248204548446337,0.005213848558268008,0.014464971436923824,0.008008289785926048,0.026811753994134047,0.008045820252118085,0.007498543973501248,0.027362390910534273
0.0744422893667872,-0.015828846283798936,0.001900424618967056,-0.019376554812081392,-0.0012923617292973089,0.0063910933441589934,0.0036603065048342875,0.024773349492980046,-0.000706579194526491,0.0418998192687518,-0.006012203929418147,0.020697993194672526,0.0002044024117122123,0.015347753478163528,0.00794503385281592,0.012028749958988283,0.023952070893036637,0.011042835162549558,-0.004561334836277353,-0.05315897613996812,0.054880164653126506,0.0040057273429841556,0.029266928618054355,0.0,0.01409130115742574,0.007890161026602338,0.025868730722270195,0.03767531225415893,0.020751532054866073,0.008250123161717415,0.04183268911629706,0.022815480737312377,0.03957938353384105,0.03729556656558741,0.002883912344830708,-0.07235714863423182,0.04465470861463938,0.06142217308891826,0.09091580521107517,0.01698562961271005,0.036175566605502085,0.07159521797293517,0.0038228194868359378,0.002715941220007345,0.02727612439708843,0.030664553992623356,0.0023149636882468516,0.0,-5.551115123125783e-17,-0.00021777595013022788,0.0030253285870592284,-0.00018661267022068717,-1.6653345369377348e-16,0.00038794919793000426,-0.022660870596080462,0.00028539687291434523,-0.012861360220311702,-0.011218369565601682,0.0,-0.0007954907357151098,-0.04163882255903334,-0.0336707809281635,-0.001785147164591494,2.6538739351600338e-05,-0.000472221785774829,0.011540049055316082,0.01737838167149247,-0.0006765743991530293,0.05045762397538067,-0.014658634900486134,0.009842701502817575,-0.004052402969808744,0.006441956250147096,0.013638719706443203,0.0,-0.024691577418252786
-0.015791114356902836,-0.025007883793527863,-0.0071698956226035615,0.0005162292896399023,0.017895576010642567,0.006901063839667154,0.0101967519273925,0.03280038821965736,0.011083722241456151,0.037505134314969324,-0.008757086878089793,0.014344352914109182,-0.005143709689118758,-0.009960294147913329,-0.004584683409772028,-0.021412793092193072,0.01761360981095883,-0.005221298246525619,-0.00019470785331632268,-0.00010625210865200518,0.001049356455836592,-0.02238392360955871,0.007108147182567359,0.01409130115742574,0.0,-0.03981702536979653,0.016384855997598702,0.010615058666589905,-0.00010402336235570964,0.018086533498130497,0.01285894854655506,0.04417851211463936,0.02030532211261149,0.0305641198732286,0.0330179864784545,0.021382675023891184,0.002196100103387111,0.04621898865980861,0.0009487511488931455,-0.012422345389804745,-0.004654987178981496,0.002915595902604984,0.00012930271470962262,-5.551115123125783e-17,0.029263357750022978,-0.02224253204435045,-0.020147500962925502,5.551115123125783e-17,0.0,2.220446049250313e-16,0.0028220927859237688,0.00959956183684324,0.006836341969706006,0.0005015698687389492,-0.020563746150240314,-0.00034155200748803294,-0.011550163574860661,0.0038267726664444335,0.0,-0.012046256984241943,-0.03449276274350488,-0.0292516403708053,-0.020696882274932937,0.0,0.00935727672409653,0.00126928886985761,-0.005094411337889959,0.018472511214489784,0.0031282012065925735,-0.02221219982885375,-0.010964716679269404,-0.01357763816625196,-0.003113339226782863,-0.0013288070961672283,0.0,-0.025089851383203188
0.01567957210753612,0.003000287392846579,0.0222410445127999,0.02615385802598047,0.02604619070133657,-0.004289070213482293,0.01965212864820709,0.0236246936212533,0.01692122274418484,0.0057435319298215215,-0.009343857689149582,-0.030546575199233927,-0.00857596382530823,0.009884355154628655,0.039607633712714974,0.0265229307829421,-0.0002137566262938595,-0.01847443432996393,0.009305002094409542,0.013572914923093315,-0.02726140623562079,-0.018577191627910827,0.014254964766035827,0.007890161026602338,-0.03981702536979653,0.0,0.006920415052247053,0.005966550979893903,0.004079061906652193,0.01460388551031866,0.012255573405890008,0.03639786998557287,-0.017110831861763653,0.009546059399610396,0.006691409870533183,0.03752725388555783,0.026175589742189365,0.03908066230993795,0.0016135341242327073,-0.009427826531022976,-0.002577031257021467,-0.017914115782369344,0.012564589305691432,-4.594951571018635e-05,-0.012743614426935335,-0.030240578442319144,-0.054632100014337936,0.006025806015972801,0.0,-4.205670911655579e-05,0.010405360988691492,0.011009354723438114,-9.04277127251607e-05,-0.002329695729495984,-0.025011228584690404,0.0,-0.01169515943966426,0.005446685335675161,0.0,0.003013676318262326,-0.04838146061550108,-0.022304999150123184,-0.009903258598732478,0.0,0.010954633888882459,0.015129502658316474,0.0207033065713097,0.017155378290626022,0.025170848660731437,-0.012967672148209985,-0.012255479952244852,0.012340440448097012,0.00992634710906537,0.015929029086652446,-0.000444346303227261,-0.024116628942044915
