0.0,0.05746776713890783,0.04062974051523621,0.0,0.01258371362557853,0.05160315805964355,0.028637294990000728,0.0522161229306502,0.0019749996256396285,0.07282123034506843,0.003954947767821904,0.07693983303998592,0.07315403520045927,0.020925568461814703,0.03041922279930187,0.05704947534476884,0.05099903727908606,0.05498797098781061,0.0,0.045412933743285144,0.08131053956162315,0.05582482652571297,0.05807709928590449,0.045491829599255296,0.059483487936006885,0.048205311456470556,0.049488675638159396,0.03227053327458629,0.06281069086504909,0.020731879106207884,0.05537997094441455,0.013061069322024332,0.013922860163827877,0.03517388512331171,0.03898589296436089,0.018931122284018886,-0.0010624150347487427,0.04145085306150664,0.02481674307753884,0.019001798567301886,0.016689290593462025,0.05346464241386839,6.507599776717221e-06,0.0,0.02715676734537742,0.09009434828667934,0.03081952239931146,0.0,0.0,0.0,0.08277888521455984,1.1102230246251565e-16,0.0459653334218077,0.0,0.021243391840935655,0.0,0.03023608063190647,0.011360479363677456,0.0,0.034396516474372696,0.03920819070771547,0.0037471038089355035,0.03170020498524123,0.0,0.060569708315879656,0.10455139965011173,0.03624790502745412,0.035091613475537575,0.08507902652498839,0.03271345055000208,0.04528578974489872,0.012558092942937693,0.0005131985384928539,0.020448481765938997,0.0,0.033061064237000615
0.05746776713890783,0.0,0.05532394523103312,-1.297344763367958e-05,0.063895370765993,0.0642019615372158,0.05512219793319473,0.02593153087629918,0.05464495709977768,0.046113497736249454,0.02452468483941328,0.011183987502264348,0.055320105574803435,0.011882155782307335,0.03451385448621874,0.05679148837378167,0.02103207377275873,0.057628800825265,0.014110323413656145,0.05774650046916252,0.05877185709870841,0.05774788286636606,0.04606662943430884,0.02006854061477259,0.03646188622515878,0.0544271583219913,0.05782077973047911,0.07428158374831728,0.06044363003253783,0.016918511359074795,0.05625667624949987,0.026742498951433102,0.03331945355335336,0.04420345399004527,0.043361353953111526,-0.012769182449956396,-0.0022495191607411757,0.0,0.0139049519705986,0.006033495112019227,0.005936854904837696,0.006440706744431979,0.005771767991813004,0.0,2.220446049250313e-16,0.05109470515754305,0.016925735522077434,-0.0006037206625991165,0.0,0.0,0.06119668872062606,0.024993887074569288,0.02410479934315629,0.010125171951231138,0.0063501451535559195,0.0,0.0182742115126745,0.024570893803344485,0.0,0.01813205747187019,0.023978669448549816,0.016770648248650932,0.020494589992037404,0.0,0.041072812261639,0.031359345983350884,0.027915513753104693,0.02197000521349396,0.0533983894968858,0.010676833911346495,0.021207233900886857,0.05292054694592657,0.025282988138966067,0.02901393793738255,-1.1102230246251565e-16,0.02091579776393593
0.04062974051523621,0.05532394523103312,0.0,-0.05571602229509309,0.04770756532106468,0.03215730837816122,0.024408815773861725,0.06899771031472635,0.0527536005635707,0.006346430997720809,0.03996528823405826,0.02438428873320575,0.028739416276976848,0.07220059671423118,0.034670799038965305,0.05429123269163427,0.021779500304619503,0.016875521493961043,0.07998571684382921,0.021653828302359512,0.06294334889118197,0.03251002678751386,0.07089821793213819,0.03871078521684179,0.019743245060415582,0.029534431920760162,0.05835238772938872,0.023781079325504884,0.037980570294573024,0.024856155260419677,0.021431701747462284,0.010533837025123782,0.026154989155527164,0.010204718735139784,0.01956616522903204,0.045305312983110135,-0.004938921536297158,0.019296718828158033,0.0370722184432396,-1.3327848108479756e-07,0.041547227396390274,0.030569265044700866,0.004873360996879517,0.053342642035919374,0.0,0.0,9.101777532771749e-05,0.2130024450964224,1.4616243042553378e-06,0.049941979614465226,0.049873111324073016,0.03484259521700406,0.06807408881319721,0.0790188713465022,-0.001544289008623967,0.12536582120811418,0.0387371922134776,0.045682047297630146,0.04397756343661641,0.0003387806588067699,0.0,0.0,0.0,0.27050711399521604,0.013782584508785445,-0.004523009645527543,0.0006260931704722417,0.06624518337033558,0.0,-0.00019693820737232137,0.030362108994325565,0.04555608430301439,0.12383463575985254,0.03270276214278667,0.008945816813525354,0.011920719990702877
0.0,-1.297344763367958e-05,-0.05571602229509309,0.0,-0.012375007085761114,0.004095622089462125,0.03174912557179105,-0.006204251668084082,-0.005889336498583586,-0.06176218936434391,0.021226136570308307,-0.009358739242546932,-0.004891960527573291,-0.0504348915985702,0.013928553821513256,-0.001095389965238447,0.015777862969667045,6.655782546993727e-06,0.027063780140787197,-0.029439955896953085,-0.0008565892433936018,0.028769624689720608,-0.016363286332864935,-0.0005424766309420348,-0.00013879000313810064,0.042565847579947136,-0.0016283234934506008,-0.0018643357474420752,0.04206504953843615,-0.02071962101328878,-0.012369065076235974,0.015176009707601024,0.03668015642238415,-0.03694231432241485,-0.04373086746873006,-0.03680088167081921,-0.012866196716292244,0.011448013496575926,0.010662316839371355,-0.00028706300524111716,0.029588319238697758,0.007964327371472069,-0.019758100473448226,-0.0075215537774032115,0.0,0.0,0.0,0.0015556136684066746,0.0,0.0,0.020330813992776364,2.220446049250313e-16,-1.5232644640705839e-05,0.0003831031439313626,5.551115123125783e-17,-0.0038302886031138517,0.018307767264785668,0.0007911473407370972,0.0,0.0,0.0,0.0,0.0,0.0,0.0,0.0,-1.3430611100651024e-05,0.018638465371328683,0.0,0.0,0.0,0.027952684037475417,-0.0036871659679971747,0.0006308303668406401,0.0,0.0
0.01258371362557853,0.063895370765993,0.04770756532106468,-0.012375007085761114,0.0,0.06048421336925408,0.04120726566219707,0.0901673598483817,0.06957351382046412,0.006296710389000371,0.05779847208014027,0.009739894244316205,0.039345735979587904,0.005902642970754601,0.019550680084571448,0.09591669949024884,0.02617498993727313,0.04496672939852142,0.08338354770370893,0.07277964848783414,0.043712407101327067,0.09291124186234256,0.03921189119702195,0.03224252198120653,0.03271530112093951,0.09166433777100563,0.05480782667039352,0.019674581108164224,0.06282508848572665,0.039009621874973366,0.020561820480527515,0.011134873781544374,0.03244119899478898,0.010138647864416372,0.0004250479846669153,0.014395205800731531,0.04629319338139748,-0.02638332929743692,0.030510042731469122,-0.008601331433785553,-0.0008683922342135886,-0.016545226207817454,-0.01047929395207886,-0.06248346136023114,-4.305531167608789e-05,1.1102230246251565e-16,0.011910318962890576,0.05682051959910339,0.0,-0.013281997668525947,0.038606137554793474,0.023590881356467974,0.05993051837541369,0.013805464875514706,5.551115123125783e-17,0.04322447151895442,0.026305419305579503,0.027739941104511334,0.034363935748952135,0.00865458153061549,6.131608734960547e-05,0.0,-5.551115123125783e-17,0.10094347050159835,0.020898106056245702,-0.00041950629087345037,0.0067554857879842944,0.060619517640592646,0.0,-4.27306902139879e-06,0.00548907995913156,0.04500831591343896,0.041268745314368915,0.012217065201790445,1.1102230246251565e-16,0.050134890271038124
0.05160315805964355,0.0642019615372158,0.03215730837816122,0.004095622089462125,0.06048421336925408,0.0,0.053018079241594296,0.046234691427312125,0.04545533396156198,0.029217356265977656,0.05436519842157922,0.02650614884673036,0.048793601904489003,0.04648956411333588,0.04179502906285437,0.06889946324749124,0.03532413622477948,0.07028163976841995,-0.007983835205864598,0.05701702238209627,0.044949542243955365,0.06756814319047189,0.050373330898069724,0.00992988102412734,0.061006643986116715,0.0442174067099077,0.05433100694171156,0.04940324472529656,0.049144276670046616,0.03878420319397641,0.041221609646320545,0.019833299951522,0.0387989946162125,0.034015586792764285,0.0371814116148777,0.008698959370850023,0.005449381364622696,0.03524362988053337,0.019368164753283568,0.03043772561047592,0.01950121381632497,-0.019359919088675237,-0.00046522922661385024,0.023487544624539614,0.02604871121086222,0.06670284651672964,0.03530699394034337,0.03926905438875039,0.013740476902183385,0.028348785538192534,0.032652220368161566,0.03297800198880457,0.04641160067642747,0.028022368852657298,0.029198317587876554,-0.009755371852123162,0.02637354237590439,0.030725827521877913,0.023914869224111512,0.02191340069652198,0.027410109580437048,0.0,0.03252557779722426,0.054937164614281664,0.02526751313635317,0.051839891689007045,0.02918740650782664,0.030516377601702394,-1.1292806181173454e-05,0.028624161693277805,0.03521619203630305,0.025629507266789697,0.037192755566783864,0.020329670203916905,0.033114444848784896,0.019794130146964017
0.028637294990000728,0.05512219793319473,0.024408815773861725,0.03174912557179105,0.04120726566219707,0.053018079241594296,0.0,0.02556797618091261,0.04680365088789157,0.018952777704529078,0.04578927864254756,0.0182050741934775,0.059099592834600756,0.026458558840073698,0.03723309179404466,0.0756561622326909,0.0467857570974613,0.07446925978991303,0.04515540648440075,0.06236758771676432,0.048716872463714034,0.06522132152594173,0.024111291325749684,0.021510024790985682,0.06765599968417424,0.04702443767562947,0.03516570010933573,0.02999257243603387,0.05497172858479471,0.018721403473192455,0.04308486014976892,0.004807216313012674,0.021186492784335764,0.020471732193439784,0.002158960421315137,0.03697324436491817,0.015223870814134621,0.022797486593277905,0.04952339207595541,0.006320312909904813,-0.03657201979855318,-0.016896873138957713,0.010410200365928157,0.021111932583942006,0.028238945940880666,0.0,0.02715491413399157,0.020425150464009056,0.0,-0.002222733292082113,0.023848929349360393,0.03969749283285173,0.041456765677763074,0.03242135648039868,0.016111693624246637,0.021933979608505738,-0.0031142382232668964,0.04524744114520096,0.021528456340703328,0.04582551644603011,0.02482743861065312,0.0,-9.238699996305666e-06,0.007694403306322317,0.029482555276421574,0.017860481775541948,0.019676694958515206,0.019387854339235178,-2.0532934347672338e-05,0.030740292754231513,0.025720629888985325,0.02076319342440336,0.028028075709406686,0.005615585054172589,0.015623579622434991,0.02687480107209289
0.0522161229306502,0.02593153087629918,0.06899771031472635,-0.006204251668084082,0.0901673598483817,0.046234691427312125,0.02556797618091261,0.0,0.05501294653480776,-0.011430900693924106,0.02425783798478226,0.028121530624524493,0.02277978796445773,0.003074271300798681,0.045682193942402194,0.04215056898725755,0.019675902399703515,0.03536328227899821,0.05598054592024876,0.046923807165944686,0.06082055947899062,0.04553114666648439,0.06909913165570564,0.03264984466183951,0.03570940082708568,0.026694655466145745,0.045454611477199314,0.031000440217144987,0.044396757525384856,0.0320408741674692,0.022931341647263626,0.01352438738154138,0.003180830448702654,0.01160699478078736,0.024877616232611144,-0.017696742891826323,0.05643842098380619,0.04292698658323135,0.024041815048225446,0.025277765793673135,0.02443084088066838,0.007929850026125562,-0.08160758219209718,0.028106438056739402,0.0,0.07085135331697712,0.03132686342675589,0.05393909833537003,0.0,0.08527058531550219,0.06054887575853363,0.060019988302281446,0.11453089826000923,0.04780324003143299,2.6739557741017883e-05,-0.029196384431489475,1.6816105957828675e-05,0.03297508899081236,0.005089276369131923,0.022505787753222595,0.01652556250043208,0.0,0.00045057271208626126,0.12905309269902515,0.03736917524775507,0.12847118427621623,0.04636331255610854,0.06627981717949427,-5.551115123125783e-17,0.03446408371149212,0.058059144170514665,0.05799611951509637,0.04233731857139761,0.039688748536015284,0.061400745533871814,0.030708401371350502
0.0019749996256396285,0.05464495709977768,0.0527536005635707,-0.005889336498583586,0.06957351382046412,0.04545533396156198,0.04680365088789157,0.05501294653480776,0.0,0.007571411938729344,0.07175651101061353,0.02637320412066929,0.03839363862412526,0.06615161198207825,0.0257247918158951,0.05504772263747859,0.031161586266184205,0.02626814805763833,0.05262520865336717,0.05211730157883954,0.0065291749918438,0.057571344318956275,0.05299446822644949,0.03292749280924406,0.03935443147287304,0.012500071621374453,0.03668227295999327,0.010540066694238404,0.03328534452148829,0.015087391244689774,0.002035791378179219,-0.010441626470308274,0.03095277852686179,-0.0058370435960706235,-0.0006222814949035094,0.013967474975956462,-0.007694293790994733,0.032630636253081435,0.009351064330249126,-0.005009326605406761,0.014566326270599173,-0.0119889868888855,0.02658700088746968,0.009656231723804476,0.03264512583751156,-5.551115123125783e-17,0.034253341556474526,0.05634454223520591,-7.021711691534982e-07,0.021585621562956847,0.037998869622715925,0.050356261851846607,0.045791262628318896,0.04827506656439062,0.015124691936017398,0.02437696624186969,0.0431997179879996,0.021536643653452092,0.042380785614651195,0.026490577276814364,0.013860736152807862,0.0,0.0,0.07748387530174783,0.026287589577060455,-0.006002605661145188,0.010714678949204859,0.039861043827746245,-8.64184727050743e-06,0.01506575538031224,0.04924817308297175,0.014418861688461515,0.017080143408034876,0.018729291221545874,0.01932669860004832,-0.02091139299671191
0.07282123034506843,0.046113497736249454,0.006346430997720809,-0.06176218936434391,0.006296710389000371,0.029217356265977656,0.018952777704529078,-0.011430900693924106,0.007571411938729344,0.0,0.024186585664801696,0.023449386268534766,0.0315399340406623,-0.04702204386717307,0.02280254465567988,0.013395347777919953,0.02995305930651393,0.027330131923022805,0.050806836099332564,0.013522213742738987,0.07125850074021112,0.04695236749469084,-0.007434433376297234,0.05618294223980819,0.04780227356445821,0.05847478269846734,0.016613997879251885,0.021921177640241152,0.05732093505003266,0.035361793623564675,0.05559914923944648,-0.009990371556108824,0.030965312645186593,0.024016613169687284,0.045738669708551616,-0.04847583247592785,-0.013756752456967669,-0.007483956832450789,0.0022206602767776973,-0.008742781771465091,0.0006834842507493222,-0.004110921387767308,0.08689229660930164,0.030278623896390133,0.021213327242384117,0.03577362880936752,-0.01458607472021245,-7.67181424197183e-05,-3.98702517134808e-06,-0.0010933651307063474,0.03022575347529899,0.03231195831826955,0.0036493009760736883,0.018234624103428743,0.014827697209406743,0.020534148570806654,0.018412201517598314,0.012284929152584778,0.0,-0.0008623757514114594,-0.018182517387250907,-0.0014153956258767808,0.011934948595741735,1.3105560669468552e-06,-2.1293224405305455e-05,0.01820545806683238,-0.012850607293805383,0.027441413418281158,0.006608203905509369,0.005795184341583437,0.010096135799832762,-0.0016711686902362022,0.006132099245344136,0.03768165067279228,-5.551115123125783e-17,0.010372172211266517
0.003954947767821904,0.02452468483941328,0.03996528823405826,0.021226136570308307,0.05779847208014027,0.05436519842157922,0.04578927864254756,0.02425783798478226,0.07175651101061353,0.024186585664801696,0.0,0.03573265847738005,0.02216022143728591,0.011531184366878333,0.0,-0.0002442340750031802,0.016223580170886986,0.033446686420245286,0.09602413983605568,0.00013111337054622085,0.03913325353661529,0.011060381131817842,0.049414534057659,0.058806811275172344,0.020719659479292496,0.0308328958916671,0.0459166851169619,0.02706665672478109,0.019397820398205756,0.0017169012665225747,0.03374948623587887,0.013404087989384472,0.04460484752499022,0.013978301435520424,0.023893939768900085,-0.031743962148740756,0.013962080785399955,0.038602891594235744,0.030885947143022063,0.0002622270919284131,0.005149535906781744,0.012230084658353735,0.017911294452700954,0.02499674191389256,0.015711103146471617,0.0,1.1102230246251565e-16,0.06805607620143395,-1.3596688114292377e-07,0.040668829021230535,0.02473820292143053,0.030010068573516457,0.05305535586778365,-0.035429998037814714,0.029036918453292593,0.11989948845713339,0.007271489307302037,0.026621410489939934,0.03238492789268921,5.551115123125783e-17,0.0,0.0,0.0,0.2272412605354952,0.008902284313162756,0.0,0.00026118906438760137,0.01564106201054344,5.551115123125783e-17,0.0,0.0007185961022468934,0.04592568342194486,0.043930164653091464,0.014447097671661802,0.0,0.060306333867791106
0.07693983303998592,0.011183987502264348,0.02438428873320575,-0.009358739242546932,0.009739894244316205,0.02650614884673036,0.0182050741934775,0.028121530624524493,0.02637320412066929,0.023449386268534766,0.03573265847738005,0.0,0.04596751438750557,0.023487211912921857,0.026179267740183587,0.009293873260179386,0.052495702266947386,0.054171967514800745,0.03401174604028073,-0.0038517936601326075,0.050994213554903134,0.03266107675295982,0.01603075298498602,0.06590819418943122,0.06702892803058852,0.05492965199112515,0.027212928176066575,0.0508263967933284,0.0036454719890182674,0.07891838629914061,0.05429036651262448,-0.006649233667472443,-0.003066432953741538,0.021622596604659927,0.0408304752383829,-0.01174978375639113,0.010746746984645839,-0.0003826304389102364,0.03410580887130121,-0.021424220528469984,0.005054164606089928,-0.004079118150834504,0.012208636208738854,0.02631033206704264,0.0010967377862945993,0.0322681991302286,-0.010148232689370762,0.009861968586519998,0.004567348234110397,-0.003406558199117393,0.00534838478741817,0.027560215385644793,6.903877490632704e-05,0.016886637847163044,0.0016548978734008957,0.01939201903043891,0.016601395512644557,0.007287663346268847,8.590685858733682e-06,1.1304721785010408e-05,-0.011097635781611326,0.0016343719048829697,0.02407971551721383,0.020942845699696344,0.006631463695206341,0.015001257302290127,0.0021288025641766906,-0.022084157716028452,-0.003171870423034795,0.00784418094959305,0.00750878362291002,0.0006056428559210181,0.005030340287283552,0.0089874367617781,0.0,-0.0041796425488555
0.07315403520045927,0.055320105574803435,0.028739416276976848,-0.004891960527573291,0.039345735979587904,0.048793601904489003,0.059099592834600756,0.02277978796445773,0.03839363862412526,0.0315399340406623,0.02216022143728591,0.04596751438750557,0.0,0.007934503114978009,0.03594545925898618,0.07469206795774347,0.03477230561448674,0.07500769011325004,0.028097988979427613,0.061662891198371816,0.027828297972967986,0.06649107760862522,0.016511184552045532,0.0447611423320321,0.06173798821721377,0.04661172116902523,0.028790778640584824,0.05261361581982604,0.056866111696379174,0.032696131167102516,0.04346576923654838,0.004378582317198287,0.023934432779576964,0.021232034564873437,0.00012934989887281034,0.015844247672777922,0.01983931103564268,0.0070502782477815384,0.0438210042461592,-0.012495805972320917,-0.02550422646199596,-0.015431693727840756,0.02208254836796192,0.0013916405189942083,0.01707971446440798,0.01749352679337296,0.022577500900322955,0.038498378629981844,0.0,0.030610881867577433,0.031341082273579346,0.04103867805821104,0.0420797917203537,0.03313618859693046,0.0060932986138443335,0.025658638773579212,0.04600961058674541,0.024858768408850485,-0.0022446012652270197,0.0370636698659606,0.02826676210107959,0.018529628594048164,0.02158165075202073,0.052462504502504115,0.04044795536148116,0.041980191990590277,0.031356847324193304,0.027258255237785856,0.012472023024433176,0.03331509111328951,0.020086489015032905,0.025773535197381237,0.03264970167556969,0.015325032851407794,0.026351976829922963,0.021417632993612434
0.020925568461814703,0.011882155782307335,0.07220059671423118,-0.0504348915985702,0.005902642970754601,0.04648956411333588,0.026458558840073698,0.003074271300798681,0.06615161198207825,-0.04702204386717307,0.011531184366878333,0.023487211912921857,0.007934503114978009,0.0,0.03067659676131279,0.0013540067244782183,1.8270001179654383e-05,-0.0002516777139508486,0.04622918479497207,-0.0012352741960416913,0.04055465301022465,0.013401189803546598,0.03847635355745055,0.03226893979464951,2.8923340161579603e-05,0.025702175441175867,0.061365220495461614,-0.006517104290866826,0.009777661274554206,0.01434211123660506,0.02062999309433644,-0.05984155279423736,-0.0102626024930762,0.0012739016492693822,-0.06404690258330831,-0.02057279256194411,-0.011203149972735416,-0.011975880784974469,0.02094546138191672,0.0,0.0033066107283983293,-0.000741409049067443,-0.005630930535385492,3.9138049812148523e-07,0.0,0.0,0.0,0.020751546712696967,0.0,0.004808333072428339,0.008590529186014162,0.009944435980238198,-0.018517895626466385,0.050700275265628536,0.0,0.032568272007032883,-0.0004078520850981371,0.03881871706417639,0.018204362451431644,1.1102230246251565e-16,0.0,0.0,0.0,0.025912218478277127,0.0,-1.1102230246251565e-16,0.0,0.04116693169545016,0.0,0.0,5.551115123125783e-17,0.036779539530859995,0.021040832907111506,1.1102230246251565e-16,0.0,5.551115123125783e-17
0.03041922279930187,0.03451385448621874,0.034670799038965305,0.013928553821513256,0.019550680084571448,0.04179502906285437,0.03723309179404466,0.045682193942402194,0.0257247918158951,0.02280254465567988,0.0,0.026179267740183587,0.03594545925898618,0.03067659676131279,0.0,0.04373383605985742,0.03555006676933914,0.050080756348299005,-1.1102230246251565e-16,-0.0010674497757894863,0.033131214902214545,0.008407500750783836,0.06423912793264241,0.0594740121499146,0.029486477028490832,0.03258246972437595,0.041164241629822074,0.036237025288598845,0.03527278244877213,0.028735985286683363,0.0266936920767053,0.007659326863221239,0.010141435728232007,0.016730542282987926,0.016376695389791918,0.010437678574253206,0.022026224649342063,-0.00027956763062292334,0.014614655462925008,0.008687080832239624,0.01010921696699929,0.015947486496781793,0.0032333068741439153,-0.007017932098885127,0.0,0.03071871300117962,-0.012451033658248123,0.03542414977581371,0.0,0.0,0.052483620008930476,0.023358317017737606,0.05982375183359823,0.0032158265167776534,-5.551115123125783e-17,0.0,0.01717346089189703,0.011403108602049072,2.228844915963535e-06,0.04023575689887382,0.012932915965198188,-7.790869158191827e-05,0.017056538422582923,0.0,0.03646795400849123,0.015709913676461018,0.020542903772102827,0.03550722308482801,6.04257303898903e-05,0.0363224612077091,0.00612694451013629,0.035294785837784004,0.029429048422900617,0.02955880159932095,0.01491418201989081,0.022318595755405457
0.05704947534476884,0.05679148837378167,0.05429123269163427,-0.001095389965238447,0.09591669949024884,0.06889946324749124,0.0756561622326909,0.04215056898725755,0.05504772263747859,0.013395347777919953,-0.0002442340750031802,0.009293873260179386,0.07469206795774347,0.0013540067244782183,0.04373383605985742,0.0,0.0433127986814108,0.0546702386701845,0.00039644238074509897,0.06498989445035608,0.06303009149538236,0.04485487529688187,0.03182416295839635,0.008241216271359875,0.03454563628990964,0.04684220648221554,0.05345800190322525,0.08409271983927247,0.0642360191608492,0.08355020808510283,0.05773667886333811,0.019129124169272538,0.015459260793918683,0.04014796564690437,0.035185769309351966,-0.012726922952497166,0.012511999928620399,0.013564506484454675,0.01605201506319165,-0.014485542963905473,-0.003326451310695644,0.01073999801098019,-2.9062437130744634e-06,0.0,0.0,0.04739204159130117,0.021430207988645977,0.0,0.0,0.0,0.014020260150604369,0.012189798466671897,0.018535172169774294,0.0,-0.010378021920479708,0.0,-0.0024600671290536114,0.026016013762917234,0.0,0.017348872531871784,0.022795386652717242,-0.022020475850961452,0.010704615307568222,0.0,0.0640162819136923,0.0664003238399139,0.010359182975080206,0.01254304560196956,-0.029190107442142954,0.008777931785158344,0.018142952385915567,0.025419081900027507,0.02758981430012225,0.052204513861802804,-1.1102230246251565e-16,0.01046631225907807
0.05099903727908606,0.02103207377275873,0.021779500304619503,0.015777862969667045,0.02617498993727313,0.03532413622477948,0.0467857570974613,0.019675902399703515,0.031161586266184205,0.02995305930651393,0.016223580170886986,0.052495702266947386,0.03477230561448674,1.8270001179654383e-05,0.03555006676933914,0.0433127986814108,0.0,0.014132565775942907,0.018929794150779833,0.039258671630469144,0.030100607072108376,0.04003641822310705,0.022250152321099337,0.04827409032771407,0.03191071017243241,0.055485113579164136,0.019573965898503742,0.04928568147225526,0.03695853113951908,0.022368159007257526,0.05115703831637525,-0.009679790596109572,-0.004773575409573183,0.028104483097857624,0.017157505585193022,0.03520315761099535,-8.058935338117745e-06,-0.019598337204215888,-0.0052052832210272015,0.0029649134552952594,-0.025969024330375956,0.005204975298223169,-5.551115123125783e-17,0.0,-0.04371747649025853,0.03432238911310531,-0.023427563539361373,0.0,0.0,0.0,0.0,0.0,0.0,0.0,-0.01035472011152433,0.0,0.005713146157973914,0.017817889929905573,0.0,3.2465249556135056e-05,-0.018105949508555375,-0.019061908972045072,0.007780138310442886,0.0,1.1102230246251565e-16,0.0,-0.016038974462182998,0.0,-0.002333541754454105,-0.0004862048875726166,0.010035666883960126,0.0,-0.023147893358391514,-1.75146765760692e-05,0.0,0.007187018532939515
0.05498797098781061,0.057628800825265,0.016875521493961043,6.655782546993727e-06,0.04496672939852142,0.07028163976841995,0.07446925978991303,0.03536328227899821,0.02626814805763833,0.027330131923022805,0.033446686420245286,0.054171967514800745,0.07500769011325004,-0.0002516777139508486,0.050080756348299005,0.0546702386701845,0.014132565775942907,0.0,0.021433939100860888,0.05900817248371715,0.03895151206274039,0.06095248967972655,0.029086924897141986,0.046372888094737774,0.05174394557731371,0.05228545286834224,0.05467981540233241,0.07972226662641518,0.06465936688981333,0.09175935602046287,0.048354008275997895,-0.007371311291267502,0.003641560413105649,0.02118007901476754,0.019784781803897977,0.012911590264763906,-1.3431303739153133e-05,-0.02389799318104019,-0.0014343422118006655,-0.004389926341016315,-0.011840862408711794,-0.013086609906405533,0.0,0.0,0.00037076824911924655,0.04940145855299016,0.0190789882728849,0.0,0.0,0.0,0.02437121775451878,-5.664411959310778e-05,0.0010029765567634574,0.0,-0.002596947895497359,0.0,0.013188669898016647,-0.021142269141616543,0.0,0.025024247517009324,0.02979248248522387,-0.008631510119512631,0.015373197233764124,0.0,0.00987198262547151,0.014177952162733376,0.017871472682995992,0.0309931325890363,0.010057770034577085,0.010152922535244469,0.021985825655942814,0.02073896327880287,0.011794903122316014,0.030174360357051455,0.0,0.014502206839862919
0.0,0.014110323413656145,0.07998571684382921,0.027063780140787197,0.08338354770370893,-0.007983835205864598,0.04515540648440075,0.05598054592024876,0.05262520865336717,0.050806836099332564,0.09602413983605568,0.03401174604028073,0.028097988979427613,0.04622918479497207,-1.1102230246251565e-16,0.00039644238074509897,0.018929794150779833,0.021433939100860888,0.0,-0.0009054340833324903,0.011777910194869345,0.012636648036145337,0.06972168088158093,0.052979524242631526,0.020644199123366458,0.028458235174645796,0.06819626607050144,0.027302419968241454,0.0069515239120498395,0.05468643549170016,0.024653539101423982,0.022364542496846163,0.03644544862396998,0.01524912826693925,0.03970929889309155,0.021130347513806602,0.020236314315304593,0.023937393745459168,0.03865138734793688,1.0417983479060755e-05,0.003969226472933851,0.03519563686213634,0.01367884341296538,0.02435887694765637,4.2779214120547415e-06,0.0,0.0,0.11976838537467827,-5.551115123125783e-17,0.04778221163800006,0.036168846878477545,0.04233398986897641,0.11275561877591556,0.07830515888861722,0.00026521804853002484,0.13044709196499688,0.03421122749615674,0.07485114619290523,0.03204717014920677,2.220446049250313e-16,0.0,0.0,0.0,0.12671143442851246,-1.507674295192496e-05,0.0,-0.000269019833267492,0.05162032474666389,0.0,0.0,-5.551115123125783e-17,0.04807410690396563,0.03747231233265258,0.018423211319640587,-5.1977949627635134e-05,0.042329004931932146
0.045412933743285144,0.05774650046916252,0.021653828302359512,-0.029439955896953085,0.07277964848783414,0.05701702238209627,0.06236758771676432,0.046923807165944686,0.05211730157883954,0.013522213742738987,0.00013111337054622085,-0.0038517936601326075,0.061662891198371816,-0.0012352741960416913,-0.0010674497757894863,0.06498989445035608,0.039258671630469144,0.05900817248371715,-0.0009054340833324903,0.0,0.030256802034486663,0.046386893062555,0.006274086778270793,0.05488031730042242,0.05712477762420448,0.03395829661278654,0.056702878349994046,0.08112228547691563,0.03585726955500512,0.04300173593200318,0.03404658296070989,0.02628117661034779,0.03710523603715221,0.0437078961651326,0.0412002513039289,0.029359300923199938,0.009375818331880392,-0.014301364323692056,0.02189021556946119,0.02553298103364371,0.022234533102329812,0.004877344709447118,0.010668286083214684,0.009709546797298185,0.0003827008294626788,0.04160696138641856,0.01591180039892265,0.0501698790486369,0.0,0.0,0.043245386231485106,0.027654843567204213,0.04397749560857345,0.03288451016048877,-3.185388729404215e-05,1.1102230246251565e-16,0.01190004757302715,0.031085885727721085,-1.1102230246251565e-16,0.01671053645204007,0.035859534107210156,4.623206527443191e-06,0.004862915908179721,0.0,0.034137648272473176,0.025960539815573613,0.02011338014030528,0.03013743106627964,0.0,0.02378814825839415,0.01776621425032293,0.0359634404697442,0.044436437374223814,0.02407639040946813,0.02448791347332957,0.019285085468827068
0.08131053956162315,0.05877185709870841,0.06294334889118197,-0.0008565892433936018,0.043712407101327067,0.044949542243955365,0.048716872463714034,0.06082055947899062,0.0065291749918438,0.07125850074021112,0.03913325353661529,0.050994213554903134,0.027828297972967986,0.04055465301022465,0.033131214902214545,0.06303009149538236,0.030100607072108376,0.03895151206274039,0.011777910194869345,0.030256802034486663,0.0,0.03485877490052719,0.07215793709108592,0.06114804233516136,0.04204466231962384,0.05566159920255903,0.05173322192215862,0.03756414221734533,0.03687932695122603,0.02366350581019966,0.05255276480279347,0.006782124132230061,0.017447829401523618,0.03327290413781325,0.020389388769306405,0.06503182904533678,0.01876285745581613,0.023375013513065868,0.026882690108179674,0.01676022491619683,0.03035211132679888,0.033026644892870105,0.029481062241537126,0.0,0.0,0.06430340345108382,0.014567255059690865,0.05209928002730013,0.0,0.0,0.06813370850913136,0.03884253972370305,0.11661931764281847,0.006341089008376821,0.05415147067180237,0.0,0.007379022890909748,0.03784217943783302,5.551115123125783e-17,0.009873126631936402,0.02198281796904894,0.0,0.016709807440211222,0.0,0.04054784449435317,0.058044893230548955,0.025823631633531963,0.050905746924415574,0.003294929318863493,0.020415532124775537,0.028384938355996814,0.055386698672624246,0.04234984280021764,0.030212105392673605,0.04308626126669596,0.027285016610348156
0.05582482652571297,0.05774788286636606,0.03251002678751386,0.028769624689720608,0.09291124186234256,0.06756814319047189,0.06522132152594173,0.04553114666648439,0.057571344318956275,0.04695236749469084,0.011060381131817842,0.03266107675295982,0.06649107760862522,0.013401189803546598,0.008407500750783836,0.04485487529688187,0.04003641822310705,0.06095248967972655,0.012636648036145337,0.046386893062555,0.03485877490052719,0.0,0.050715108352424265,0.05180744518002123,0.05258652565172678,0.03810914463685389,0.04931208286534422,0.09188188097870131,0.054123868051170754,0.10035134505063997,0.04480288633298812,0.01647351058702895,0.01644611929954043,0.03135642277094536,0.025656976047269908,-0.010087852796355101,0.0281084764125491,-0.0014828997294971114,0.009510424529651562,0.009449152909168923,0.006728128286872748,0.012393928742453542,0.015808721263504133,0.0049083206455664,-3.3795636547262475e-05,0.04693046269946416,0.0009048321360982658,0.02122316299335575,-1.225614493616245e-06,-3.768107820767419e-07,0.040023683651470354,0.017581570565683602,0.013801818394280962,0.01897962079386406,0.026437689931578023,0.0,0.013644378517896516,0.024767798594021673,0.0,0.008594215572826747,0.018675009841554846,0.016924510371487733,0.027491524001195866,0.0,0.024641967793553265,0.015994612262443142,0.009381208450079781,0.025227464359366847,0.04167830844435666,0.008507611780717184,0.011392490247738862,0.02618273791247777,0.0391123688847681,0.02103659382279205,-0.0023786686002221225,0.008980616891708815
0.05807709928590449,0.04606662943430884,0.07089821793213819,-0.016363286332864935,0.03921189119702195,0.050373330898069724,0.024111291325749684,0.06909913165570564,0.05299446822644949,-0.007434433376297234,0.049414534057659,0.01603075298498602,0.016511184552045532,0.03847635355745055,0.06423912793264241,0.03182416295839635,0.022250152321099337,0.029086924897141986,0.06972168088158093,0.006274086778270793,0.07215793709108592,0.050715108352424265,0.0,0.04178948985152142,0.005980141306775155,0.041068329264235814,0.03854822097876126,0.02742605694066247,0.04351421355819196,0.02583179936603941,0.034087692074024734,0.023591611839763882,0.037297926470873766,0.023320251887342935,0.04596231919764471,0.0336062138371056,-0.004374388562623177,0.0173106893989613,0.025984408009135207,0.03319941309460628,0.013798247100599847,0.019058901373207315,0.02216014633830743,0.0369194093714007,0.0212081282506853,0.02904753681441713,0.0463820587479572,0.08955970538154628,0.016673781424507927,0.07511813196202088,0.0327419970821165,0.040811713639713365,0.05661564513542322,0.04991162450543263,0.022418304566094283,0.06746680135754146,0.006771780033736408,0.036270105390007024,0.02444576274801702,0.02746619130302619,0.03178735130079041,-1.1246461175062894e-05,0.027497047924685325,0.1718183987176558,0.04139982116247143,0.08282166662034857,0.024777412610593463,0.043197308446711324,-4.3341622191384044e-05,0.03301405180594824,0.030947159086921916,0.028817015031302518,0.040186424343040816,0.026708489990759976,0.02935440972508463,0.020634913739052962
0.045491829599255296,0.02006854061477259,0.03871078521684179,-0.0005424766309420348,0.03224252198120653,0.00992988102412734,0.021510024790985682,0.03264984466183951,0.03292749280924406,0.05618294223980819,0.058806811275172344,0.06590819418943122,0.0447611423320321,0.03226893979464951,0.0594740121499146,0.008241216271359875,0.04827409032771407,0.046372888094737774,0.052979524242631526,0.05488031730042242,0.06114804233516136,0.05180744518002123,0.04178948985152142,0.0,0.052212924496672586,0.06605571755131368,0.05685482051234325,0.05267478890080518,0.03309467511003117,0.012328264980758952,0.04309558298940902,-0.015505900480599688,-0.002860919589495581,0.0202777452840347,0.012524841605505654,-0.033824230754578466,0.001470701741411451,0.008871832496577553,0.030951136051754313,0.020413666347896875,0.011077206510934412,-0.03931048926402381,0.006914950826519328,0.004317131926836915,-0.02106222281736847,0.04930517881750501,-0.006468619304104362,0.0,-5.551115123125783e-17,4.442146126487634e-05,0.006401463680905606,3.80648436926756e-05,-1.6653345369377348e-16,-7.913302758294494e-05,0.02141917120410719,-5.821462896915541e-05,0.017207196617597842,-0.025585377854947744,0.0,0.0002741444819032157,-0.014431733405599334,0.024977018145075247,0.02697724684115549,-5.4133139191225865e-06,-0.00019701547960238042,0.02720490057194952,0.029787251517356506,0.0001156944145392913,0.044031446263793794,0.031828017631843564,0.04232286706597549,0.018375088576593368,-0.011057781987455162,0.01858287938062153,0.0,0.0004464785667361304
0.059483487936006885,0.03646188622515878,0.019743245060415582,-0.00013879000313810064,0.03271530112093951,0.061006643986116715,0.06765599968417424,0.03570940082708568,0.03935443147287304,0.04780227356445821,0.020719659479292496,0.06702892803058852,0.06173798821721377,2.8923340161579603e-05,0.029486477028490832,0.03454563628990964,0.03191071017243241,0.05174394557731371,0.020644199123366458,0.05712477762420448,0.04204466231962384,0.05258652565172678,0.005980141306775155,0.052212924496672586,0.0,0.05609858466219403,0.04068209588553712,0.0678074451155693,0.07959236835781508,0.029064264223860714,0.04693999704823859,0.005023254712571423,0.020016277663637616,0.02538901260062354,0.014505074036628707,0.04258255120123394,0.0018290882556700194,-0.014359332710696615,-0.004482849714778081,-0.0003575017977802686,-0.007117321603428095,-0.006272670230999311,-0.002903067258892278,-5.551115123125783e-17,-0.0020403508634481704,0.04789947606761813,0.003380993123727305,5.551115123125783e-17,0.0,2.220446049250313e-16,0.028238818297014634,0.018289841815188945,0.04291374463251213,-0.0011472743041677225,0.016298881880352056,0.000548683334315403,0.023138823209802095,-0.002666071267545145,0.0,0.023313854411963708,0.01844271246668988,-0.00756207435452122,0.012500538314901166,0.0,-0.0056002103948078474,0.022138045662908334,-0.00853434047019469,0.02964307069472616,0.022210409567104683,0.01315282797569084,0.023013977968898924,0.009925689286820416,0.011036944626312606,0.020090478794575095,0.0,0.015262205537946716
0.048205311456470556,0.0544271583219913,0.029534431920760162,0.042565847579947136,0.09166433777100563,0.0442174067099077,0.04702443767562947,0.026694655466145745,0.012500071621374453,0.05847478269846734,0.0308328958916671,0.05492965199112515,0.04661172116902523,0.025702175441175867,0.03258246972437595,0.04684220648221554,0.055485113579164136,0.05228545286834224,0.028458235174645796,0.03395829661278654,0.05566159920255903,0.03810914463685389,0.041068329264235814,0.06605571755131368,0.05609858466219403,0.0,0.037211230598606204,0.055891111530259996,0.04134630432007724,0.040003139226218176,0.05261441265343725,0.01184293544318793,0.0189824877191625,0.026218694419817112,0.018480831024363042,0.006706509175092246,0.024227969927401727,0.010171556579254892,0.019056787514598272,0.01227630812047903,0.009700661181372139,0.01733761504294451,-0.007897523402099538,1.0569775066360254e-05,0.0981899562444496,0.04545432613142647,0.01631483856618765,0.02200812848834044,0.0,8.809829908917877e-07,0.0649352879746502,0.028340610939252442,0.023589319357392224,0.007039542043450309,0.01743567605820273,0.0,0.021313446248175882,0.011983439357247938,0.0,0.005559572395216816,0.021926712282553662,0.012342464985430346,0.02399727360877224,0.0,0.034265603150978874,0.03420626182091474,0.021853808802607122,0.03509957156372373,0.04171443303575234,0.019121220649652826,0.030416652911405273,0.04208254276182993,0.010492980360706894,0.03509049761365601,0.0008268883460616494,0.019955428257501906
0.049488675638159396,0.05782077973047911,0.05835238772938872,-0.0016283234934506008,0.05480782667039352,0.05433100694171156,0.03516570010933573,0.045454611477199314,0.03668227295999327,0.016613997879251885,0.0459166851169619,0.027212928176066575,0.028790778640584824,0.061365220495461614,0.041164241629822074,0.05345800190322525,0.019573965898503742,0.05467981540233241,0.06819626607050144,0.056702878349994046,0.05173322192215862,0.04931208286534422,0.03854822097876126,0.05685482051234325,0.04068209588553712,0.037211230598606204,0.0,0.03747134903418048,0.05455005374182598,0.04434008195944411,0.05521449890323016,0.02929450932310268,0.03594535751357164,0.04796940836678476,0.042790078693779765,0.024237092703378926,0.008538530634150054,0.035152661895736126,0.02361050106066681,0.020542156154539748,0.022857674529787597,-0.009230728455020654,0.0003901450587742161,0.022436300467426118,0.02543163973997381,0.026469006081141055,0.03335090010126085,0.04545634717117919,0.015367375279839224,0.0288539419111159,0.03318340139239828,0.027328192883479874,0.030527571447615476,0.04082538538020852,0.0035113995312955892,0.038138653503675624,0.03512740185236762,0.03093509897227259,0.038535882592140136,0.022848571517471328,0.028137558825106324,-1.1102230246251565e-16,0.008840633737329628,0.0803731303461872,0.03883630456580062,0.06239228691637938,0.022262624774550266,0.03055066777139548,-5.551115123125783e-17,0.009572174272388267,0.02527848249494058,0.02401926265939036,0.030771468405455193,0.022171262818502457,0.03223530679674935,0.01825176439051751
