0.0,0.5338480458534568,0.33942519433475754,0.0,0.6503579383061013,0.5469552020015631,0.47988583453041833,0.4640507273054089,0.42470839135732613,0.6121759155222917,0.30543167941796723,0.5673193578511311,0.6523145883219729,0.417203317089217,0.23083315154745637,0.4083522429160375,0.32941196856809,0.3296978721693139,0.0,0.47392528849448246,0.2743988834236944,0.3702153269526337,0.44544287162491364,0.629029489891126,0.3573549910197958,0.5017587856137533,0.5070144520445872,0.635158673186359,0.5117365580779571,0.34565638168967106,0.2576169826122264,0.3001572291937538,0.12127857355579574,0.28622684399225445,0.21395317124319554,0.6058987262476901,0.4916604207250941,0.5448921245061298,0.263959662240923,0.5946722878735227,0.3534263058109956,0.1513950318136552,0.4760174117223142,0.0,0.27440006290387026,0.391377519700955,0.5946071980450962,0.0,0.0,0.0,0.4080962432932742,0.0,0.3420151749664515,0.0,0.6777960115106139,0.0,0.7113928235680242,0.4870129902199547,0.0,0.6281168848759774,0.5630052217371461,0.4655547904981989,0.4635986904804932,0.0,0.5105583780948284,0.599790061334966,0.4572903636689492,0.5714538163718637,0.4949587602700119,0.6119167060436612,0.5214356160721937,0.3521049568200231,0.44713212973902516,0.5402818413906141,0.0,0.43715900843565414
0.5338480458534568,0.0,0.5173018457859166,0.3929046586502256,0.41262069302691456,0.3474056531505183,0.4045307463106831,0.5172927017050353,0.3657687667697361,0.44939666502098274,0.45372382815075774,0.3954465484483178,0.4759671808302862,0.19405163120489133,0.5248876469970727,0.5612387052997887,0.4395466578384148,0.568023354590062,0.6949952250966918,0.4386757276374245,0.33763368272214594,0.5738903662203882,0.5037181270242658,0.916452244457625,0.6041951319348315,0.477342464421324,0.3355434807236382,0.5218232574315873,0.3041196877380258,0.19079632930540188,0.263550086445287,0.1395123134236744,0.20315765056863266,0.2166188481046941,0.07711630945660783,0.48559970381601425,0.0414158198463865,0.0,0.30377249525498945,0.5445761724869012,0.3554916025758291,0.31009962005044484,0.5891289254719969,0.0,0.0,0.45037643559485196,0.6291026672887557,0.04036971280795909,0.0,0.0,0.45874580478950633,0.6352784747383674,0.520173910411921,0.6362642654014818,0.6546051237673485,0.0,0.4250382129456437,0.6641324049824717,0.0,0.4213762375895159,0.6114786570033462,0.0177021882553538,0.573114945753454,0.0,0.550272714346574,0.4972311117865483,0.41031675613250523,0.5495314979710573,0.26743375448988016,0.7160090513704828,0.5278085063542561,0.5430476970649082,0.732345100802112,0.5646289767236418,0.0,0.35251959539485433
0.33942519433475754,0.5173018457859166,0.0,0.5626783495653356,0.4270971848481817,0.6790038179949267,0.588815116929597,0.6142412417164045,0.4019870711208927,0.5805077926481313,0.5092993400559267,0.5536167587220273,0.734751303510756,0.439460604563918,0.45621873938806934,0.4535716868331895,0.6201993581359453,0.5150956095449426,0.3088163295312371,0.3597398059381088,0.5200136267654636,0.6505659396337813,0.49495435641335994,0.403895234393335,0.668733481495049,0.7978587582185306,0.8572795874101725,0.7493728659317477,0.6289971334646605,0.7497327731264518,0.7265598125231498,0.7274917797880073,0.6556310385835387,0.6931099817609754,0.6476158995782801,0.5644027837725054,0.5277805025615597,0.5618203937805881,0.6116075686449838,0.4681533965124441,0.5020612914622293,0.4306559222730783,0.651739083094889,0.48862570458835936,0.0,0.0,0.38264972183459056,0.7092698997629494,0.4703787674812917,0.53042338470826,0.5780679593743674,0.6031938401455932,0.5852914990197895,0.7165608673345955,0.4273528541627098,0.7182270114325735,0.7005695501204059,0.645629131532674,0.558847624588024,0.35382024202496126,0.0,0.0,0.0,0.6575491042522452,0.7770412560179958,0.4340539540391375,0.24652382406624004,0.6268255915039056,0.0,0.548243370529706,0.5956854564616636,0.6734714892340602,0.6302104963647486,0.7031457363033884,0.4027278122506372,0.5314023601060405
0.0,0.3929046586502256,0.5626783495653356,0.0,0.4060202908902678,0.5859072566027335,0.33607658575913224,0.2106569685799276,0.6992181788618739,0.35562284870201155,0.44653609039277387,0.1917232374773827,0.5404413364871791,0.2181241234423615,0.2254210519167843,0.2607732963717207,0.4531134434051469,0.47392337636838255,0.5460693893459307,0.46924283007940176,0.4776522471004958,0.28094851817086397,0.6656075685558079,0.3557502067541489,0.797748328672338,0.5120207492757598,0.5785068857704896,0.5345924456139719,0.4483077333918182,0.48069979221952797,0.6506606607558718,0.31687195094877546,0.6400638066326869,0.6959716968028262,0.5427563462514232,0.1592140358533765,0.30761741433375284,0.23719848206699204,0.3040665827581985,0.3682039609252833,0.5475134230271919,0.20773836615934174,0.45049633424610447,0.3293055760100805,0.0,0.0,0.0,0.4040060684483585,0.0,0.0,0.6992309802566523,0.0,0.4693523126404735,0.32288668007095295,0.0,0.4756732381019802,0.6639152281934247,0.45182695297814035,0.0,0.0,0.0,0.0,0.0,0.0,0.0,0.0,1.424995156134373,0.5723800677427006,0.0,0.0,0.0,0.4217622430902136,0.45681261927014777,0.6511035492504629,0.0,0.0
0.6503579383061013,0.41262069302691456,0.4270971848481817,0.4060202908902678,0.0,0.49658228061530413,0.32229350404637375,0.4307548147429646,0.3535275365746104,0.28088093097776545,0.33723887948846065,0.1744854813976442,0.593302030945636,0.5087186354001523,0.6699762511868881,0.578357576216399,0.5560035669189689,0.23043186143569158,0.4414733954305644,0.5538749484248089,0.506156268412916,0.6413709819041388,0.570471603650972,0.42527985100357996,0.45170343727139683,0.5091177312885542,0.6123007747030216,0.4203867755754782,0.5013436428533834,0.4561547129368823,0.5380991069702878,0.4833125357821032,0.07002388319371364,0.48024694347913444,0.3513790896115271,0.4119329591872354,0.38893292590024553,0.05355692816249541,0.05698781277109244,0.46025284093922175,0.16973765806195962,0.2901603344130886,0.38873337950199593,0.5866136366035162,0.35391100042204565,0.0,0.20212032037624025,0.8019917892241529,0.0,0.39431112515274214,0.5640168785738847,0.6545325606036678,0.53431343991399,0.48901984951239474,0.0,0.3413625079007594,0.3633134463505686,0.6931604726128962,0.25705197248847156,0.34379678251861523,0.45244674520568817,0.0,0.0,0.6944122301089626,0.49769981084294423,0.4865996267298039,0.6316768285553158,0.47177548662569263,0.0,0.4685660128589365,0.5150780212069925,0.4339321721804298,0.6101755631204482,0.4289152305868382,0.0,0.5441329513505386
0.5469552020015631,0.3474056531505183,0.6790038179949267,0.5859072566027335,0.49658228061530413,0.0,0.5343860837429457,0.5533090745833797,0.4644965750988945,0.5483820570063812,0.36013915978332317,0.37746782452768846,0.6289516874561323,0.4787670610769986,0.5003373466297556,0.5754044384785146,-0.08615380595381522,0.45428372700279307,0.4459066658770783,0.4141148937731488,0.5099687208244972,0.4832223007156785,0.7110222464231852,0.3857862744300533,0.3990211597603524,0.40673465118439656,0.763455260214577,0.6526138447011773,0.4998804717199864,0.5891559788959713,0.6035022904082075,0.5562892843821224,0.45792497913255353,0.5070305320069846,0.5096159191144691,0.7865365770323796,0.6084237341457899,0.3981360746695649,0.6217421105304601,0.3537718633386264,0.5556053614920279,0.3912987905748742,0.6717946446275026,0.49514394864560224,0.13378112057355712,0.5657558431414658,0.4489491902502115,0.6005097099848054,0.7989630490318713,0.40011288872069567,0.607993691510135,0.6143577199035904,0.628469824486838,0.7226777689019309,0.5667729961394481,0.64201118340106,0.36325655633348575,0.6359600500467377,0.5499090738446157,0.3719702643808113,0.5066401257743174,0.0,0.5582076235977608,0.6152636169027106,0.44512122694626105,0.2938378700683367,0.373693425889238,0.5900074058258977,0.504494117170795,0.4929515415987902,0.5046539718058652,0.5942152896123383,0.5965895940116275,0.6221512890984795,0.5829692355972114,0.6241026897113185
0.47988583453041833,0.4045307463106831,0.588815116929597,0.33607658575913224,0.32229350404637375,0.5343860837429457,0.0,0.3768846801172595,0.6062681099773418,0.1826818237447698,0.40853832923272765,-0.11503608146169833,0.4907661869380867,0.3858290545772408,0.53242967758163,0.5395998730718892,0.5667360124174671,0.40860136214037246,0.48353035396770644,0.47939241131061805,0.4644467848047683,0.5199411604967974,0.5801299795059998,0.29794809444360537,0.442622786158114,0.45605866579854343,0.5443962332155655,0.2951055074814144,0.4337068934688153,0.47948732286961737,0.42899493947181466,0.5408120736403604,0.346613885226953,0.365784022430397,0.23449218366169478,0.2892935204705084,0.23453912783256586,0.22331484661695217,0.4492425021101296,0.24180463660874085,0.06578136894051184,0.6508652870613,0.17267818245936953,0.33077240035141353,0.24869985586189552,0.0,0.5885673062377323,0.5044232840133085,0.0,0.5928409319314365,0.5672671773701939,0.6726123826836021,0.38049196499286153,0.6617486614635155,0.5773790177734883,0.5461859657161567,0.5852275356318005,0.49654577219481605,0.5213870190237506,0.274708967612049,0.5048542908306426,0.0,0.49162238732217667,0.5266014298463986,0.6123647545354205,0.6397637953538569,0.6285237218942,0.5356098622020398,0.46719637211010123,0.5596567345326147,0.6305643024046108,0.5240758330590441,0.426607534916846,0.443328857178932,0.7149939225045321,0.5077527395133826
0.4640507273054089,0.5172927017050353,0.6142412417164045,0.2106569685799276,0.4307548147429646,0.5533090745833797,0.3768846801172595,0.0,0.6777432328765918,0.39491770095699785,0.5337433307067945,0.24816388665662167,0.5554492351274515,0.4957135305063584,0.46558810826515656,0.36538759895907647,0.3041192399533316,0.48701256307258084,0.6247161542701529,0.43835146299027317,0.534873346239797,0.42167516958693874,0.6321035398606045,0.35477484147689,0.3021184026582768,0.421016531695693,0.7419989110398582,0.4760834148389829,0.4508470627758931,0.46074217272947343,0.4878196423078951,0.42925561175342886,0.2361951690181205,0.4478258744756311,0.3942412547356191,0.5068555141999334,0.6547709518231069,0.3261118053072986,0.5506274173008113,0.20361812299723359,0.4074359760899541,0.339721814590499,0.6347371379011952,0.3937354014304486,0.0,0.3122439290885666,0.32838839046172563,0.7674055407986747,0.0,0.37451811380610966,0.7191172284196301,0.6195974736077596,0.7167031569464674,0.7260838786419344,0.6490052801551102,0.6777193238779508,0.9374733704573115,0.6338143542888242,0.7371997032934015,0.44450856619070517,0.43389876682237505,0.0,0.5586262799272772,0.749255479435474,0.5595103865359219,0.27702640205082807,0.40336624232891477,0.78283539630596,0.0,0.588013588526538,0.3051296964499505,0.7450313394729222,0.6257551190981621,0.6375962199771027,0.46741259414982317,0.5144907144829783
0.42470839135732613,0.3657687667697361,0.4019870711208927,0.6992181788618739,0.3535275365746104,0.4644965750988945,0.6062681099773418,0.6777432328765918,0.0,0.5994110250688638,0.3606738092532584,0.5215946643563187,0.838652924144373,0.48356106986852865,0.8482331040266512,0.6495076871334127,0.6027685998669002,0.47201120579839734,0.29588923977355536,0.58278488794804,0.4183399237722445,0.691783942367888,0.6470332711478352,0.5229051129476594,0.5616893971883574,0.5621500829023209,0.6320956036208738,0.6991323163251393,0.5036956595996149,0.5759171528638973,0.7071878039684717,0.7628971085779808,0.580204784739648,0.697271845055486,0.7030422234109045,0.7986183394857492,0.6835422571309873,0.6171598816891273,0.5773022397504586,0.6079552746954544,0.36313585987088404,0.3115750021985959,0.5427320433666742,0.6202759121039794,0.40743999004736675,0.0,0.3757085702230465,0.6089374983947374,0.46475604187502306,0.6590890960655249,0.668278016964541,0.7322721945157893,0.60160602290603,0.5899753045718678,0.45787204908994283,0.7319452164214597,0.4430688255259129,0.6461513605666378,0.5274252073337301,0.4650875979588638,0.5554368861423643,0.0,0.0,0.5874192062126771,0.8082427833643995,0.7526486220348803,0.7309626400759515,0.6339236559970682,0.41425449069047143,0.3255816785065553,0.24552604865082406,0.6270195454200931,0.5705001438388531,0.6524875450330053,0.620768526578491,0.7081845038471561
0.6121759155222917,0.44939666502098274,0.5805077926481313,0.35562284870201155,0.28088093097776545,0.5483820570063812,0.1826818237447698,0.39491770095699785,0.5994110250688638,0.0,0.5071854370279087,0.39535491436660425,0.24962117409260415,0.686408013233263,0.5596373616458146,0.3600762782478412,0.5840241729254527,0.44030130855564753,0.494785228717711,0.35319924341201725,0.5791397341629662,0.38598622247304104,0.47584990259511495,0.3727324712087824,0.47146548973407115,0.4337497683515912,0.4449807890705211,0.42698729152460935,0.3022145404034903,0.18904738970915794,0.6837746580794581,0.1856833797762999,0.52433565324293,0.5067183518664642,0.27721937795778107,0.4118351831186393,0.42778331240568507,0.43050104130611083,0.023045573360206406,0.43962875964619996,0.5211531587374448,0.5485862686857647,0.4211366387930649,0.29268053331977517,0.4232145810939,0.7123820387116511,0.3278564857249934,0.3528016253950895,0.47173396736636575,0.43715662284775736,0.5306512375353432,0.3754531591404784,0.6976374223498408,0.5583733641027189,0.5521283572967643,0.3248745787570382,0.5666118563275205,0.5113008395083223,0.0,0.6193974260213113,0.5921572205285788,0.5907191458765094,0.40133471543803045,0.4690339774009278,0.4662109695767618,0.011377131954348418,0.6043924085192598,0.5202883385993087,0.3954707404232698,0.4128492940723446,0.4872355510539159,0.5889974399141099,0.5195953569747801,0.6839908637344126,0.0,0.6085808766693837
0.30543167941796723,0.45372382815075774,0.5092993400559267,0.44653609039277387,0.33723887948846065,0.36013915978332317,0.40853832923272765,0.5337433307067945,0.3606738092532584,0.5071854370279087,0.0,0.3569258455003019,0.5456055594591355,0.4078149870589381,0.0,0.48993431326609493,0.5275575089672904,0.6500089616002074,0.35480090201191383,0.45219168210398025,0.32082082999902706,0.43651717509837856,0.48858455806192524,0.4957341430036828,0.5776814590282513,0.5731323964189062,0.5855996564179555,0.4778564434902523,0.3237861963921257,0.411233807554621,0.5436261813539266,0.5553050903881549,0.6361737850420742,0.5323443500904679,0.5022643525339479,0.6998243980707004,0.6710983048813715,0.47012380505822715,0.4534861920969876,0.6750061710484131,0.5042610232564554,0.5120181415770328,0.5463972456122279,0.5784382468501901,0.19781183043017744,0.0,0.0,0.633395940732648,0.46906520878219904,0.27477362464171035,0.5202415509494486,0.6231753377704409,0.47243296444519234,0.6452259714343473,0.3762275866176136,0.6456729369782244,0.4613732721878715,0.709037369562459,0.5914965299125436,0.0,0.0,0.0,0.0,0.643059301432577,0.5190535299308412,0.0,0.5292729329375756,0.5718823039828878,0.0,0.0,0.8835107661395805,0.5403487435247054,0.4921235383949384,0.39883447952104323,0.0,0.5941388623038173
0.5673193578511311,0.3954465484483178,0.5536167587220273,0.1917232374773827,0.1744854813976442,0.37746782452768846,-0.11503608146169833,0.24816388665662167,0.5215946643563187,0.39535491436660425,0.3569258455003019,0.0,0.024419831390732505,0.5183480693669136,0.6118354590351859,0.5113713838145244,0.4992006923369965,0.543921795092282,0.4519146501508276,-0.1029265706583048,0.5274599704016661,0.12184999465350929,0.13968094567806866,0.3144988588174501,0.309874924555547,0.44117824570738196,0.3188314520421024,0.31565011321771685,0.21515063307689147,0.23988361962686072,0.23263052045046678,0.08707706561293788,0.353339283263916,0.1170767215664954,0.24088234532701497,0.16741223133965633,0.15171437158883191,-0.021685191382645658,0.33380115089640433,0.09423273534745863,0.0899969109089275,0.04470944462320328,0.29074447616747173,0.38030908561823173,0.04618806436152506,0.666149470065527,0.4558773988432585,0.5168557317772838,0.16657207053950635,0.3681555392375577,0.23703589359651894,0.46115517185186333,0.3612974479452552,0.8994404775085375,0.6270327196832326,0.34930274492980196,0.669675141252732,0.6033619877396601,0.5276721403689336,0.5148435521101202,0.3895778403913375,0.5693114723000611,0.6337181369520156,0.19883752819581174,0.8222228699278027,0.7860827616708845,0.4472427992386717,0.540491702036733,0.2803256344738454,0.5101937593461018,0.5090920741367729,0.5544958816232168,0.5199617339420844,0.48001880247186013,0.0,0.7095839230513483
0.6523145883219729,0.4759671808302862,0.734751303510756,0.5404413364871791,0.593302030945636,0.6289516874561323,0.4907661869380867,0.5554492351274515,0.838652924144373,0.24962117409260415,0.5456055594591355,0.024419831390732505,0.0,0.5830885741317056,0.5280653886449028,0.5619721982527736,0.2922990510571838,0.5586620737197702,0.5959780521149913,0.5150398111060412,0.5401287510326976,0.5414725697163283,0.6907486489905647,0.13528653541491195,0.5891272773839934,0.42207360178655573,0.6451125691899969,0.34273572247924544,0.45745586066209715,0.5730790935803398,0.2924857411437083,0.47206147763189055,0.1287477628488171,0.2693226049398618,0.06187191098835759,0.3895823371481787,0.36042280708179164,0.03279128747762883,0.11623414870735349,0.34200577312694314,-0.12023010173306864,0.04194312568285952,0.13937474683512813,0.10177965191730245,0.4830340078310238,0.5960649608548965,0.6557627667331623,0.7322468085421849,0.0,0.62541147983398,0.6632639140161267,0.5810263934708709,0.5592530572256132,0.7233499521341213,0.34061905041536866,0.532891050949118,0.5148033107369352,0.7070487157285148,0.3843708791199534,0.49347308665765965,0.5531353265589076,0.3229698999845308,0.5272620411772428,0.610001216051286,0.6518952245929808,0.5829139996776447,0.5940547218890531,0.6401238093184749,0.5861419480619358,0.549580255588134,0.5737133328539497,0.6732005317949905,0.5695615229217565,0.5989936395051934,0.4422457885897887,0.5303309491561883
0.417203317089217,0.19405163120489133,0.439460604563918,0.2181241234423615,0.5087186354001523,0.4787670610769986,0.3858290545772408,0.4957135305063584,0.48356106986852865,0.686408013233263,0.4078149870589381,0.5183480693669136,0.5830885741317056,0.0,0.23562098384957045,0.5051001041307204,0.45804808089788407,0.4951780262765195,0.5389577281217619,-0.1637703261689778,0.45969665156166495,0.16497588307449254,0.48125557657440216,0.6436885143984254,0.45972385355677736,0.4205180801961694,0.7559523469341971,0.5401332352783033,0.5381806687974885,0.3663352733863972,0.5244679180878431,0.22691614549767475,0.26406655316141864,0.6206746908975947,0.29392629833600337,0.02521910146775075,0.12420472564116844,0.18059174437302802,0.6160181772303996,0.0,0.6651385627975135,0.6717915962908735,0.47756544760680825,0.46964664838592474,0.0,0.0,0.0,0.4908636812376097,0.0,0.6767994983400779,0.4334969908048565,0.4269042380756243,0.6555562730766448,0.641104338261699,0.0,0.4339442193254992,0.3647423297581456,0.5355084132066987,0.8300265721063791,0.0,0.0,0.0,0.0,0.6263529149189759,0.0,0.0,0.0,0.38379638492357815,0.0,0.0,0.0,0.22348504591368884,0.6894246458021618,0.0,0.0,0.0
0.23083315154745637,0.5248876469970727,0.45621873938806934,0.2254210519167843,0.6699762511868881,0.5003373466297556,0.53242967758163,0.46558810826515656,0.8482331040266512,0.5596373616458146,0.0,0.6118354590351859,0.5280653886449028,0.23562098384957045,0.0,0.35253126931528345,0.14909873775880786,0.24399059107810347,0.0,0.6295556334463264,0.46048777271991004,0.30462166675116775,0.4955791841423215,0.37336871817227135,0.33386940435524937,0.5198491413951376,0.5032423092883949,0.3224238013495002,0.39309508000182986,0.3890154452688444,0.3116733340275012,0.16786853703694435,0.32291827379711613,0.20210771112724696,0.2175716214253423,0.3821684146740776,0.587672099046721,0.37982328459582104,0.31768295511332884,0.4293967397451853,0.3579416328638634,0.33916703778832646,0.36348394370712767,0.4129276933813134,0.0,0.6102350559443057,0.6234388029840463,0.5697436368905893,0.0,0.0,0.4556993978360971,0.7246515474154955,0.5810367091526898,0.5848301002111034,0.0,0.0,0.4833403563877916,0.6178331535283512,0.4709504615414032,0.441703808966298,0.4594324565071801,0.5388617884101098,0.607467047003843,0.0,0.5135054197213706,0.4959530660940674,0.5891217019970724,0.73365205603918,0.45175213094009253,0.5049597685045947,0.4333193350688565,0.6401328101284238,0.6034976634001495,0.5009671352285809,0.6298944448565819,0.3437373361991077
0.4083522429160375,0.5612387052997887,0.4535716868331895,0.2607732963717207,0.578357576216399,0.5754044384785146,0.5395998730718892,0.36538759895907647,0.6495076871334127,0.3600762782478412,0.48993431326609493,0.5113713838145244,0.5619721982527736,0.5051001041307204,0.35253126931528345,0.0,0.3481162114777354,0.6518122192443133,0.45236899170437517,0.4668692509205895,0.40109016174300904,0.5154380372361715,0.46806739168386957,0.43206364542911424,0.3684973991061472,0.3776737133849527,0.5365274722702841,0.450754910665843,0.5130622269857608,0.3946568902567452,0.38142218007273454,0.23886508605818002,0.14722292499276438,0.3578653039608689,0.2003860303836964,0.6686012254580233,0.3506655803544156,0.6422190753422798,0.38463560076468534,0.37413277623781094,0.37281301690467317,0.3252138446695727,0.4716305336214914,0.0,0.0,0.29569957222930593,0.6295670735570231,0.0,0.0,0.0,0.4664202075581281,0.7721956642611941,0.9107943142950474,0.0,0.5982293548537884,0.0,0.6465595319499731,0.5701897810621472,0.0,0.427560024091762,0.5768138521953995,0.45767697414735165,0.5784795150415031,0.0,0.5018505581551727,0.14858604123734198,0.4147931801876732,0.5929359412032041,0.29610913080163703,0.6567765279442208,0.5532881308022086,0.6803203924395168,0.4681662969967976,0.4066618602267939,0.0,0.23036364760810524
0.32941196856809,0.4395466578384148,0.6201993581359453,0.4531134434051469,0.5560035669189689,-0.08615380595381522,0.5667360124174671,0.3041192399533316,0.6027685998669002,0.5840241729254527,0.5275575089672904,0.4992006923369965,0.2922990510571838,0.45804808089788407,0.14909873775880786,0.3481162114777354,0.0,0.5803200471999785,0.60562220620764,0.32673968334063863,0.6582418839212252,0.37049157911032493,0.5705563416905719,0.4032440857306024,0.5491273779844407,0.30405268286736553,0.074661888486652,0.5600281866603976,0.3783048931682933,0.19624604153970465,0.42405793634954825,0.2387319637794869,0.3043452116236613,0.4457851025203879,0.35005557381665775,0.5368381539403257,0.34704989495756167,0.2051103480627882,0.43793649113501854,0.04211954840253607,0.11473076404627164,0.5525571724082887,0.0,0.0,0.500242985112106,0.6943213589446449,0.3310019118323969,0.0,0.0,0.0,0.0,0.0,0.0,0.0,0.32875772137307635,0.0,0.30615651766117624,0.43763690783839504,0.0,0.5678690456344511,0.3880892888881069,0.4793667566596343,0.42597710812085343,0.0,0.0,0.0,0.5579320050747603,0.0,0.08600680075252304,0.5055581739381663,0.4249752548195754,0.0,0.35830128709101455,0.46503066373570634,0.0,-0.12156869180583807
0.3296978721693139,0.568023354590062,0.5150956095449426,0.47392337636838255,0.23043186143569158,0.45428372700279307,0.40860136214037246,0.48701256307258084,0.47201120579839734,0.44030130855564753,0.6500089616002074,0.543921795092282,0.5586620737197702,0.4951780262765195,0.24399059107810347,0.6518122192443133,0.5803200471999785,0.0,0.5810713826594431,0.40149612764677567,0.3227268917047128,0.3245140851299265,0.3898388048187419,0.44019394906632564,0.6190395825623944,0.41698173040720865,0.4197320064917113,0.4413261332677268,0.4552170432940885,0.33245288450696886,0.34725123092952526,0.18262324208725056,0.3223343382502703,0.43674362870308203,0.25805925648521705,0.7580097910145778,0.3960138227269257,0.26649548320782124,0.4942021292537067,0.4979041904418756,0.4784184524087049,0.522770979194548,0.0,0.0,0.5630188315118514,0.49900093799024936,0.6524648062788924,0.0,0.0,0.0,0.516691026036031,0.4903204208276296,0.6056066721740219,0.0,0.5803602872146681,0.0,0.5374568417745759,0.6131453811372942,0.0,0.42916109290454574,0.6249434648141106,0.6170219676407451,0.5785388644846945,0.0,0.569235185968126,0.535474712017463,0.5456613844318013,0.7098808765041207,0.42683067220752446,0.6345827565730604,0.6530870174905007,0.5779294314624446,0.6795806686917785,0.4113520040147697,0.0,0.6299569547129792
0.0,0.6949952250966918,0.3088163295312371,0.5460693893459307,0.4414733954305644,0.4459066658770783,0.48353035396770644,0.6247161542701529,0.29588923977355536,0.494785228717711,0.35480090201191383,0.4519146501508276,0.5959780521149913,0.5389577281217619,0.0,0.45236899170437517,0.60562220620764,0.5810713826594431,0.0,0.5020856287913438,0.6989393209875515,0.7277313269556795,0.42688339397971586,0.39758066032650846,0.5815494267801737,0.451015083662361,0.6892527566604056,0.6636419006535454,0.7083526741905394,0.6043541821161336,0.6295533248750756,0.7371091267691763,0.30367429226385756,0.6384477051408575,0.623634214677383,0.7425103606024139,0.5729359343499362,0.43226062852171443,0.7838918292034458,0.4436582780633565,0.15347085746855343,0.34729674083212897,0.8327798664229845,0.5449066913315824,0.007682578932272678,0.0,0.0,0.6646439150015515,0.0,0.5576687298619405,0.5350397618705507,0.624577630626503,0.6219211404612942,0.7185011168543017,0.590736652625204,0.5898763482721194,0.477674394650651,0.6063144083679186,0.561571897770476,0.0,0.0,0.0,0.0,0.7053973818321395,0.46968458596090756,0.0,0.4863484106635567,0.5564980849926486,0.0,0.0,0.0,0.5993910393618306,0.6181476952897083,0.37457606712156744,0.46715467424672585,0.3524870810759533
0.47392528849448246,0.4386757276374245,0.3597398059381088,0.46924283007940176,0.5538749484248089,0.4141148937731488,0.47939241131061805,0.43835146299027317,0.58278488794804,0.35319924341201725,0.45219168210398025,-0.1029265706583048,0.5150398111060412,-0.1637703261689778,0.6295556334463264,0.4668692509205895,0.32673968334063863,0.40149612764677567,0.5020856287913438,0.0,0.3737617284455945,0.5783225307197974,0.5251144115762013,0.6281077272068418,0.3695598081056934,0.5448769435135183,0.5786469603664992,0.45723809687312866,0.5018916188841931,0.570789034570198,0.5681026261802571,0.3115300164928348,0.27779525231363633,0.44451866108223903,0.3539366606670634,0.5395139822477765,0.35804764922323895,0.6122135452601394,0.40803927723661537,0.5106762582235534,0.4400688781839061,0.348870728140632,0.3088046939081168,0.13372341544402394,0.3246994602912101,0.49309824675488517,0.47758998415175785,0.6198450763595691,0.0,0.0,0.42068607295454763,0.6589188811931658,0.6247046168535859,0.392494865227203,0.7825899161673289,0.0,0.3127218920067757,0.5805324965836235,0.0,0.5460901947353687,0.36320220984658935,0.4732860064772375,0.6324122262657639,0.0,0.478475331244954,0.3943510780141099,0.46266418180302765,0.5484334169912887,0.0,0.5987473671127119,0.39853370630641666,0.5002232983458139,0.45872123743784443,0.5349319547929283,0.4525622292646859,0.37029406538501797
0.2743988834236944,0.33763368272214594,0.5200136267654636,0.4776522471004958,0.506156268412916,0.5099687208244972,0.4644467848047683,0.534873346239797,0.4183399237722445,0.5791397341629662,0.32082082999902706,0.5274599704016661,0.5401287510326976,0.45969665156166495,0.46048777271991004,0.40109016174300904,0.6582418839212252,0.3227268917047128,0.6989393209875515,0.3737617284455945,0.0,0.2801504669713909,0.6053514597412435,0.39391541811123565,0.36330968473497943,0.520372536965243,0.46918915261439115,0.3685263789007279,0.3087893598296742,0.3211133022545699,0.35120643248066474,0.21072346423808333,0.34554854546967195,0.2538525289120018,0.2780569506108081,0.5854563080770925,0.349783220225642,0.35228073292481776,0.26913113284413837,0.298195174470652,0.2202133663766746,0.24080291396714715,0.4622328957727807,0.0,0.0,0.5582337316101588,0.4772864584257319,0.6257972622930575,0.0,0.0,0.46559406975125417,0.4519947959970597,0.6262913999463577,0.6844868222507237,0.7573031445161978,0.0,0.8198570456326031,0.6791029508835973,0.0,0.5150040100128102,0.446265007234662,0.0,0.3222627050966276,0.0,0.5285824308299154,0.5312221154176501,0.4388669566782375,0.595308459426749,0.536043370600997,0.5350326614788847,0.5065981701745585,0.5806166853455325,0.5513924515568318,0.6436079012714238,0.608794748411665,0.41371958752893834
0.3702153269526337,0.5738903662203882,0.6505659396337813,0.28094851817086397,0.6413709819041388,0.4832223007156785,0.5199411604967974,0.42167516958693874,0.691783942367888,0.38598622247304104,0.43651717509837856,0.12184999465350929,0.5414725697163283,0.16497588307449254,0.30462166675116775,0.5154380372361715,0.37049157911032493,0.3245140851299265,0.7277313269556795,0.5783225307197974,0.2801504669713909,0.0,0.5760229935060946,0.7253586137786787,0.4115777282415115,0.37670341467111723,0.3733562911212622,0.5282725488668083,0.45050209793009754,0.5763417311668406,0.4323306370074031,0.2465712204676817,0.21066561384247115,0.33955377161712524,0.2565642222671266,0.3433079904004454,0.3528973150514449,0.3942026836756536,0.3002028151482597,0.38676283069159206,0.3431586651952797,0.29776378361580114,0.2629319269973645,0.43373278326676484,0.38369140069730756,0.3504480438784145,0.5274835738456914,0.5409523453792824,0.46995169389164104,0.39439286360004455,0.5448740824916769,0.6435444303445657,0.5916727409794883,0.7560153522353685,0.2515926142916231,0.0,0.5630418842646492,0.6136695485862673,0.0,0.5622457934072632,0.4791157748804986,0.6231450809348535,0.5647739610881626,0.0,0.5071656082112346,0.44458284305583345,0.4531169691665973,0.5956002591638183,0.7733866510539991,0.5135994601399766,0.40393278383756803,0.5980784427742869,0.44821606700653865,0.5069895693482431,0.4222387781246527,0.27544289246887665
0.44544287162491364,0.5037181270242658,0.49495435641335994,0.6656075685558079,0.570471603650972,0.7110222464231852,0.5801299795059998,0.6321035398606045,0.6470332711478352,0.47584990259511495,0.48858455806192524,0.13968094567806866,0.6907486489905647,0.48125557657440216,0.4955791841423215,0.46806739168386957,0.5705563416905719,0.3898388048187419,0.42688339397971586,0.5251144115762013,0.6053514597412435,0.5760229935060946,0.0,0.4031714860858784,0.30374220875428715,0.4441980696135519,0.7753695327061034,0.5510359486401228,0.5692582925910741,0.5782615629260515,0.5921542394887495,0.5708565683546101,0.3253831097353459,0.5134032543908529,0.4850808707040605,0.7723526694659519,0.620203891944841,0.3586116534987826,0.5975055300708704,0.5463282110798751,0.6256056014306782,0.5025558960720573,0.684065540087045,0.7572051262179085,0.3259287190784227,0.46247011326448373,0.6083112958948595,0.6782375075847411,0.6292143251857293,0.6829170121982303,0.7171929857533699,0.659361101799157,0.714208584205241,0.7172459552566889,0.7475669204520392,0.5945508355786664,0.5306714713953185,0.6276619638608847,0.7415889470139112,0.5998173150703872,0.5892713363619022,0.46621096957676106,0.5476047301653977,0.6540900608320213,0.5415523931129507,0.504162008963039,0.5466020147890525,0.784619963160676,0.336273875133236,0.7408118785098866,0.4349343604461662,0.6042444805358509,0.6237456713847894,0.6338991560777343,0.5756942271465612,0.5770072610241702
0.629029489891126,0.916452244457625,0.403895234393335,0.3557502067541489,0.42527985100357996,0.3857862744300533,0.29794809444360537,0.35477484147689,0.5229051129476594,0.3727324712087824,0.4957341430036828,0.3144988588174501,0.13528653541491195,0.6436885143984254,0.37336871817227135,0.43206364542911424,0.4032440857306024,0.44019394906632564,0.39758066032650846,0.6281077272068418,0.39391541811123565,0.7253586137786787,0.4031714860858784,0.0,0.5104563051875515,0.38850932366577184,0.39400164265477194,0.2410698191315474,0.6138650908087133,0.9147092587464687,0.3908016024028518,0.0031775531440078053,0.09361006306776981,0.2646201577028404,0.1439296001955003,0.20439826586179474,0.08538095203532359,0.07085680113592291,0.6465261743292234,0.710486176716667,0.387278418383935,0.39853751430360507,0.6422058132183264,0.5056711238422362,0.4696886894428438,0.25536181659281787,0.5535212717861038,0.0,0.0,0.47858096365443675,0.42945469432919586,0.3926111262086682,0.0,0.30234242491909014,0.547948077711027,0.4916266355243357,0.6665119838836406,0.45139307218957503,0.0,0.35443080506713803,0.4493842085444876,0.6000487198148774,0.5401848018725741,0.4673379608229405,0.41708406042053847,0.6652114605307942,0.32605596573406526,0.6821828030613105,0.40042918623401746,0.5581190400515722,0.5355145664778154,0.37570159773136946,0.6143512050986996,0.7140036512393699,0.0,0.44082604087162963
0.3573549910197958,0.6041951319348315,0.668733481495049,0.797748328672338,0.45170343727139683,0.3990211597603524,0.442622786158114,0.3021184026582768,0.5616893971883574,0.47146548973407115,0.5776814590282513,0.309874924555547,0.5891272773839934,0.45972385355677736,0.33386940435524937,0.3684973991061472,0.5491273779844407,0.6190395825623944,0.5815494267801737,0.3695598081056934,0.36330968473497943,0.4115777282415115,0.30374220875428715,0.5104563051875515,0.0,0.34373677965395455,0.33258453465425974,0.3588423431900636,0.36248312271774025,0.4810839912047362,0.3781029471433885,0.04136315735701579,0.33149944934992115,0.32571052199917405,0.15416142324599658,0.4008428791692228,0.6213182702701974,0.44792356649952925,0.5746453681152823,0.5327828446423699,0.5448044469514224,0.5581753711856421,0.1756559606434411,0.0,0.14133280743780213,0.518626554541661,0.7760406356772811,0.0,0.0,0.0,0.550252178728831,0.5258729648401197,0.6848042587530512,0.4370454167470618,0.5209485546920217,0.457544719753836,0.5455670448423435,0.3902513920918208,0.0,0.5559065428298501,0.6993450930382861,0.5893741902579335,0.6514191490217435,0.0,0.6444279314056467,0.48045833986904635,0.6825408821446319,0.46847078381765916,0.35521059938058286,0.7081332626772142,0.6578774003500603,0.3982231444905357,0.7005125453815407,0.6091693045724901,0.0,0.56538421307299
0.5017587856137533,0.477342464421324,0.7978587582185306,0.5120207492757598,0.5091177312885542,0.40673465118439656,0.45605866579854343,0.421016531695693,0.5621500829023209,0.4337497683515912,0.5731323964189062,0.44117824570738196,0.42207360178655573,0.4205180801961694,0.5198491413951376,0.3776737133849527,0.30405268286736553,0.41698173040720865,0.451015083662361,0.5448769435135183,0.520372536965243,0.37670341467111723,0.4441980696135519,0.38850932366577184,0.34373677965395455,0.0,0.49619122825519635,0.329896654290296,0.42762318561628054,0.38674671298026775,0.28240859246760586,0.21706662906038096,0.33093031971172826,0.26859141763428845,0.21257338870783277,0.3402582693909131,0.05830878689711816,0.3552697704589272,0.4086558993498341,0.4341404923210086,0.5082970914863477,0.314852891002702,0.34370447937161563,0.5033727651805506,0.35844988676227757,0.4114984465889662,0.7172261761179849,0.685052073916544,0.0,0.002749481697738621,0.6154572118371227,0.5326328377123957,0.17298446510456544,0.7762583836153528,0.4917198497184613,0.0,0.5277991973312339,0.7132849745317953,0.0,0.4349731022053632,0.6726219983613824,0.5234572818205872,0.5945029568909515,0.0,0.49527540705662965,0.3264413464268257,0.5367207221522888,0.48311362725549967,0.3005344689775316,0.6547074088533477,0.5262351006400718,0.6140091394945411,0.5253428015900523,0.5785313028229833,0.4433613522757881,0.44592815439580447
0.5070144520445872,0.3355434807236382,0.8572795874101725,0.5785068857704896,0.6123007747030216,0.763455260214577,0.5443962332155655,0.7419989110398582,0.6320956036208738,0.4449807890705211,0.5855996564179555,0.3188314520421024,0.6451125691899969,0.7559523469341971,0.5032423092883949,0.5365274722702841,0.074661888486652,0.4197320064917113,0.6892527566604056,0.5786469603664992,0.46918915261439115,0.3733562911212622,0.7753695327061034,0.39400164265477194,0.33258453465425974,0.49619122825519635,0.0,0.534224474370363,0.5187757943255998,0.4142752273898889,0.4020348362806794,0.44058972775533906,0.328539177495299,0.39083105723767425,0.3443772495764771,0.5965545541492561,0.6031316677492866,0.340097401490457,0.5710329186824626,0.5352504482550793,0.5841435703175382,0.37914104182093933,0.691474773613606,0.504120671883239,0.19711523546542295,0.43590464344022956,0.4929944293036218,0.6599897216885502,0.49506452246520616,0.25915164618083114,0.7308946396558753,0.6229062231197711,0.6159224478455736,0.65166866514846,0.6755827543402522,0.6804657693009444,0.3233924985731862,0.5353110965276782,0.790009497152519,0.4732190037138997,0.6382221363920215,0.0,0.4346298154822513,0.7112660731563429,0.49413120587881465,0.47376671435752465,0.38233840047890877,0.6475032482187066,0.0,0.6626367823133587,0.35984898063326737,0.650309261330082,0.6305833587407461,0.5358181324502047,0.31360441069281736,0.5668373608177004
0.635158673186359,0.5218232574315873,0.7493728659317477,0.5345924456139719,0.4203867755754782,0.6526138447011773,0.2951055074814144,0.4760834148389829,0.6991323163251393,0.42698729152460935,0.4778564434902523,0.31565011321771685,0.34273572247924544,0.5401332352783033,0.3224238013495002,0.450754910665843,0.5600281866603976,0.4413261332677268,0.6636419006535454,0.45723809687312866,0.3685263789007279,0.5282725488668083,0.5510359486401228,0.2410698191315474,0.3588423431900636,0.329896654290296,0.534224474370363,0.0,0.39546070226500696,0.4207066098278509,0.3553826563298005,0.29950711901352856,0.3428116506259787,0.03548687285830865,0.011388047590171757,0.5414344165660345,0.3608468323017074,0.3694508813588896,0.35020631246528844,0.7345122705753768,0.3723651563335596,0.0772017897093771,0.22144275604949715,0.4079353963657094,0.6571449045032469,0.5472769762894073,0.6386446215049777,0.5644002141059175,0.0,0.6222734656432274,0.7051693124828883,0.5313771251797609,0.5500082270940527,0.6732053715566588,0.45896885834380374,0.46855625014705615,0.567041213095494,0.5446768333845953,0.4065673901659316,0.5658292724665579,0.48809362635310416,0.3131721423049496,0.5507939646830966,0.7300500463322439,0.560218844178348,0.47704415697241037,0.34872678988464145,0.6188769015190738,0.4723488304577407,0.5524553864212955,0.41194796760355645,0.5916921155060272,0.5889121007420941,0.5008171026575624,0.5666975944149539,0.4921301955549846
0.5117365580779571,0.3041196877380258,0.6289971334646605,0.4483077333918182,0.5013436428533834,0.4998804717199864,0.4337068934688153,0.4508470627758931,0.5036956595996149,0.3022145404034903,0.3237861963921257,0.21515063307689147,0.45745586066209715,0.5381806687974885,0.39309508000182986,0.5130622269857608,0.3783048931682933,0.4552170432940885,0.7083526741905394,0.5018916188841931,0.3087893598296742,0.45050209793009754,0.5692582925910741,0.6138650908087133,0.36248312271774025,0.42762318561628054,0.5187757943255998,0.39546070226500696,0.0,0.2819164069682051,0.35797531803387306,0.2801726702413172,0.13986000683506652,0.4255947785165863,0.3080944599811287,0.5089945030029607,0.2977225540194016,0.4840425077652798,0.4680862232894816,0.5485997691151963,0.48162266744438653,0.44000090675786774,0.4002097657803768,0.4069064729834606,0.3584631438749436,0.5120916141037261,0.409549471850834,0.5819578098233418,0.4821463919495842,0.4608374618225004,0.5959185966071266,0.45511161966591207,0.6913138955971785,0.6492265807047136,0.6974779156510059,0.7400988673963675,0.4494772170419842,0.4619645475789024,0.5843821154713926,0.5198261570615046,0.5613448753195772,0.4693060495894469,0.5558344601895153,0.47668286706979324,0.5318490169041403,0.48242053278241576,0.44196694336846915,0.6214903870506399,0.458127616759991,0.7104011116155211,0.4170718779423566,0.5922479677314247,0.5053077647857362,0.5256599517548177,0.3654724993418589,0.44107243812649166
