0.0,0.5628739845773836,0.21537409344186995,0.0,0.3875861167761383,0.3247114330185512,0.6267237292628653,0.3926074832062569,0.44003259785875926,0.39912587212103234,0.42715276981275296,0.40014652773907866,0.5925230913923468,0.2458572843420652,0.4229035741627125,0.4757928025909539,0.36039605190959073,0.48346917404517437,0.0,0.40662154257421096,0.38838103811895974,0.27675574196989605,0.37324706734995394,0.45059088203663256,0.42459669777781783,0.4686673134135124,0.3726906693987615,0.4204387428183597,0.4159509804359966,1.015124343860616,0.5635344507115589,0.658134223175159,0.590270125475973,0.4902922202172067,0.38879196095330026,0.5047374038269146,0.4861269499383635,0.36983043417955647,0.5530767691994668,0.607469218330306,0.5792254751931919,0.516672886417024,0.47049016549423894,0.0,0.25310677772815793,0.5421286971813796,0.4860671486407767,0.0,0.0,0.0,0.48625572808905093,0.0,0.43597232451708096,0.0,0.3526757813802154,0.0,0.46230897156297845,0.6042609944447821,0.0,0.5630118462989175,0.654534604842189,0.14897356402923154,0.5108814535935413,0.0,0.4288772202562078,0.6835408971396397,0.5128046032337993,0.4325341642503116,0.47093020057037005,0.6257459551929943,0.693926913481179,0.3336934782014034,0.45010645788983333,0.4942626141512817,0.0,0.5454273020212812
0.5628739845773836,0.0,0.4680375491387338,0.4001047751497621,0.5837643220255522,0.41217267987733924,0.5680724528982037,0.4585934318975653,0.31152982622487535,0.39813800554654316,0.2509476705584096,0.5649950380336499,0.5019678395818736,0.1868065477261329,0.5563603215138554,0.43118747339363395,0.23892644614411918,0.4821058074720183,0.3532960415005162,0.3236931404239628,0.5778413207452969,0.49707295614952096,0.4952748452617538,0.3276879240063257,0.38618179146724574,0.24171489563780754,0.416850567219987,0.5203206789943329,0.417087641152052,0.529197867279235,0.58414914077486,0.5649539359384204,0.4784956843030784,0.4177272312469672,0.3876401175564632,0.6030355882188514,0.04999945997446602,0.0,0.5963699894351326,0.5340917670248977,0.5412690659579134,0.5675481416845292,0.380297551943772,0.0,0.0,0.5187115794323383,0.4759649828380963,0.04347056926547092,0.0,0.0,0.4516041759473128,0.454422008357648,0.4910303149610395,0.4859286529301238,0.6167725216685022,0.0,0.4198319642886468,0.47561939829808597,0.0,0.6724861656726651,0.5933488917196739,0.2830631658614142,0.4351893800930289,0.0,0.7555674777151107,0.8186955134551046,0.7532351559499038,0.5633400476961656,0.3608571101665012,0.5329640048668313,0.6076060989058614,0.3210863432024261,0.5154252163505049,0.3973822329549539,0.0,0.5877536554090664
0.21537409344186995,0.4680375491387338,0.0,0.3351472010459787,0.32053352240495714,0.19352704397414672,0.47313024532009385,0.26757241632998385,0.19877345705600696,0.4744933511992553,0.332736282592071,0.4854411182705416,0.4001362395452882,0.1868709523482326,-0.02244551732287653,0.3326735337895667,0.4048941511462805,0.42966389387092263,0.26820590124871657,0.27619896455428666,0.2873186737917295,0.4497679133016104,-0.0639735153417541,0.4649084010084829,0.5905534674659462,0.518652562815671,0.30084463730146677,0.442954494069579,0.44012930708459475,0.5325661045703881,0.41675041353195175,0.5767728369753262,0.32608848435117904,0.4242514160482431,0.4254995579675479,0.2700385322332115,-0.007074901090826979,0.28876271219838856,0.43753426575346854,0.4706334476070742,0.36651650061420693,0.40462059889414337,0.24372250346734714,0.37830688969296555,0.0,0.0,0.3879351362996714,0.29336755576305656,0.47238180585265815,0.23529018437140603,0.18810292342169466,0.2571634565448204,0.2503252390290732,0.2509440558543484,0.43516609173461385,0.0752721208309795,0.2879666372301853,0.04669098445915759,0.4381780732315369,0.35271343984194586,0.0,0.0,0.0,0.2161059205694617,0.3388626869486454,0.6008391824889739,0.24529472761615656,0.40677857856911215,0.0,0.5457790611522929,0.4116114080395273,0.2696779591732462,0.37873714696796984,0.41968415583596397,0.3963124060009041,0.15486149064960092
0.0,0.4001047751497621,0.3351472010459787,0.0,0.5401567903500544,0.39819973794286345,0.7671012566808203,0.3629571114685677,0.4355548236546211,0.20269099871212737,0.43483633941189415,0.5600530077782803,0.3999288004641535,0.12562066055522067,0.9286309644915314,0.2562299765382161,0.3003069706417445,0.4699879632153085,0.6286712866358215,0.7617811349020628,0.45751281350897965,0.9186257049026907,0.5806380411004834,0.3350774335337132,0.7975457761787791,0.3560283542822996,0.5889267977743666,0.4524467431166071,0.15007651006375702,0.5329421188674732,0.3008833563907536,0.4449825970116281,0.35694390462436804,0.21913657109879126,0.25132899422293525,0.2134659191233075,0.4353723040041716,-0.04682549850334908,0.26565664301804126,0.37325415184424016,0.08509133591934095,0.05984077384995659,0.48662270538519065,0.4222552886151701,0.0,0.0,0.0,0.41298171347021007,0.0,0.0,0.47122684578012186,0.0,0.46669213589178477,0.3103218138221476,0.0,0.13348157782142345,0.40133582376557175,0.4530119329615425,0.0,0.0,0.0,0.0,0.0,0.0,0.0,0.0,0.4567927675343054,0.3248139111110221,0.0,0.0,0.0,0.3231297010722337,0.4576502060413677,0.6481496843087986,0.0,0.0
0.3875861167761383,0.5837643220255522,0.32053352240495714,0.5401567903500544,0.0,0.29049482530340315,0.5372046619541576,0.4249136135846575,0.3178738237781713,0.6564701588444407,0.4042073158279691,0.46836191235389346,0.521898761562541,0.2926938251533151,0.2608033101460095,0.6747768826566919,0.3622642584374308,0.2579273516299998,0.513845106237486,0.5933440550609959,0.26936827198988395,0.7217863258108852,0.39989263677994025,0.513393100786045,0.4960143362723345,0.5835288848868876,0.36380127409716256,0.5242729871033398,0.7289129506739453,0.36344630304722414,0.43457170398309775,0.4182772822574069,0.07686371381631507,0.3647974201379792,0.2750392472084349,0.4412722242642856,0.653422703270482,0.22751997687625078,0.5853266966073949,0.8672834353115451,0.7211917641772776,0.49716619061232536,0.2241736347808832,1.0095071095088732,0.3562297197664459,0.0,0.12074953065684774,0.175842875025657,0.0,0.5614868585459042,0.3774683604007344,0.3386294751563843,0.3784531185647605,0.35557292947479735,0.0,0.28275216498709194,0.1909545218120134,0.5473560603625949,0.194071534543274,0.32832131480527843,0.4519596522511612,0.0,0.0,0.33470569531623184,0.37169793382002486,0.4846844301474891,0.3702937959975093,0.37464829741195527,0.0,0.47185270492888065,0.5477833849849729,0.41169884281118146,0.3249889076823455,0.3050108869442095,0.0,0.3249784081641258
0.3247114330185512,0.41217267987733924,0.19352704397414672,0.39819973794286345,0.29049482530340315,0.0,0.35739506679630945,0.2389519578193341,0.1816103436343855,0.4667627864368912,0.22819502824725169,0.5571987888007548,0.20838690529234427,0.3220250162427516,0.43753024164506416,0.4889813397834969,0.29579476741474253,0.5123103387283259,0.3628168749405787,0.3434772767499946,0.4469849931578992,0.3490327555362255,0.3132591534412686,0.2712162418920725,0.48985908866954825,0.5239304992447609,0.20045152840680142,0.22868610874641923,0.3000881213905474,0.49931197029622004,0.38847431531719945,0.5394127658572075,0.7489933693329586,0.4355885144983329,0.5956225870013466,0.7576183126144824,0.4971688497506618,0.2985476844925218,0.2504087731002194,0.21411116190690088,0.18416080003078886,0.3235479887068883,0.0007468618187179143,0.42457385926445135,0.09380340364464398,0.5884727855054752,0.3708581918338397,0.3385701188334264,0.32176343607455754,0.26214546732901883,0.25672282810787295,0.40614332450043333,0.28442583568955854,0.3042655763734379,0.24448456289365722,0.37395415689669387,0.06707908223542106,0.367043533653275,0.45168564285618007,0.3232461940972954,0.4665456847116081,0.0,0.5148870437499152,0.5649211786569787,0.3246730510616497,0.2505135754372174,0.3008787353242112,0.2276165288971933,0.5079708498000508,0.4068157704641339,0.2942153611999925,0.1942654759169662,0.2252843572965126,0.2038576971562922,0.3144122909102691,0.166951619520392
0.6267237292628653,0.5680724528982037,0.47313024532009385,0.7671012566808203,0.5372046619541576,0.35739506679630945,0.0,0.47642534275998005,0.33265838940588366,0.512591494332206,0.49601586503732215,0.2968423544254545,0.6586088898457862,0.318492832968401,0.39564807968962135,0.6680416709064632,0.33323083789974917,0.5811286087934465,0.515415473660639,0.5832391116998684,0.4837172377484531,0.6280042924860967,0.5076857375466748,0.5114450312042905,0.5939986374814099,0.6368332072357221,0.40251312817030593,0.5435233424385082,0.7296281146034894,0.43476250700601665,0.4024193456697429,0.23539160795774114,0.18433106321641676,0.3116378768144792,0.5313155419258035,0.5303531814410826,0.605324553889814,0.42925959908615574,0.5249245255589066,0.17920889346306348,0.6852201152322117,0.7174022525556878,0.21584986614416632,0.4040274216645999,0.23680622405458546,0.0,0.46334178865051334,0.32616931804739613,0.0,0.34310062961788057,0.3623638382640198,0.42897943915042624,0.5079852682211851,0.47333069646716325,0.4437420918360763,0.22329040339797804,0.357257521162838,0.32197392803602953,-0.08526530386310227,0.23297741391842575,0.34045135612006844,0.0,0.49840871693313304,0.34956102857877874,0.4481480933388244,0.3310276559751971,0.5626221301640183,0.46987949081569663,0.47042941878426414,0.40755909224288545,0.3166417913582467,0.31901663672790714,0.36064160227985054,0.3694266954065872,0.4695069363681217,0.30359137582623885
0.3926074832062569,0.4585934318975653,0.26757241632998385,0.3629571114685677,0.4249136135846575,0.2389519578193341,0.47642534275998005,0.0,0.31141221388171736,0.3998399104116498,0.4582314182638802,0.5672592346326744,0.4978034028045948,0.36689775770120103,0.29399467566413917,0.5240886302144341,0.17169048698758468,0.4262685705979724,0.4140457426140308,0.3720992485218922,0.21463292642118642,0.37952809544556687,0.3682215036551405,0.16959161557792726,0.43736181659434553,0.31767903942034825,0.28121151067488515,0.5238027266044685,0.4819343264562898,0.5825646397326456,0.438185784514643,0.7206067081633416,0.5059852464520013,0.5135983889819714,0.43369172752922003,0.32966809743238557,0.6827580271015674,0.15024588624357954,0.20897954668149288,0.27099579434529925,0.04798487300741361,0.42631756621347494,0.5227472019543018,0.32557664456561936,0.0,0.3184004161521251,0.13872535420469692,0.44204544737472595,0.0,0.604270788724468,0.1667974742688805,0.5613529310297602,0.054288127758038096,0.3745008100539374,0.6418045585832495,0.5448377212452311,0.9252309141109396,0.3205792638935791,0.632003117931159,-0.033337554822717996,0.03231952092500501,0.0,0.5492666415950629,0.6049771954494991,0.4870453230039782,0.09573067441204958,0.2007936457947369,0.2085188479610083,0.0,0.14810366419104803,0.214131535723305,0.09268295938336302,0.1876909407824992,0.11284443067040659,-0.0282525564037302,0.04749408638372743
0.44003259785875926,0.31152982622487535,0.19877345705600696,0.4355548236546211,0.3178738237781713,0.1816103436343855,0.33265838940588366,0.31141221388171736,0.0,0.4513547850030625,0.35751117728446513,0.20768643254989902,0.15614193594030623,0.3750512916755887,0.44394707067372763,0.5662522309891357,0.3275009557823197,0.5486737323001042,0.3665029185919818,0.3488667301276931,0.23077494670677823,0.3859270670776328,0.26370355091536923,0.42136348519238215,0.6687406384463749,0.4501537965955323,0.19929656859019204,0.3719356974669665,0.40017500610486134,0.5947818988318868,0.3623997121049246,0.5173345136057973,0.4972199851200749,0.4285027841056497,0.42394807310243854,0.5975297970786423,0.3339818443845828,0.2556429310922894,0.31372599044336447,0.4687595476387336,0.14134439661690867,0.3351127736265248,0.5015216012271997,0.5105863432449853,0.11196246175289296,0.0,0.31931842609209216,0.38953616321144546,0.46899505872527547,0.5818996279175611,0.3537887868021866,0.5057086479687268,0.3563646269845863,0.32363001538680525,0.16840964098272274,0.3676306826394844,0.21536460646476688,0.3031019228195534,0.4871072447944297,0.2942761307858127,0.6020988948331806,0.0,0.0,0.6363939578020164,0.5826900148568731,0.9350954934523898,0.6894242468348393,0.41849859222222713,0.42087345519967934,0.2993532218776438,0.09491754476944617,0.41945925478097945,0.15172966879759542,0.44261089886906674,0.17796361780516595,0.4559256753011522
0.39912587212103234,0.39813800554654316,0.4744933511992553,0.20269099871212737,0.6564701588444407,0.4667627864368912,0.512591494332206,0.3998399104116498,0.4513547850030625,0.0,0.4870127509300279,0.7406135650640405,0.5306321647793938,0.7911938808703485,0.4868981282828414,0.37361563451984114,0.5983804940575843,0.4549138585139375,0.5906614456028663,0.5467653359496968,0.4642791585957333,0.3271825980185979,0.46987342027836787,0.49013881419849187,0.6115444902625348,0.5759827622677658,0.3436265855405344,0.5110714158988607,0.4636425969154008,0.14589004445888204,0.5625387665590612,0.4695196545040612,0.5920012478379987,0.735633166710367,0.18305723584484193,0.4783615250631771,0.46124863680328165,0.5633885478424548,0.46369744465253193,0.3380643718692545,0.5110999785128785,0.4137773192905031,0.3572767326863433,0.1691037411257406,0.5151546788664363,0.4062378452070169,0.5585986343258148,0.36175961191149003,0.4775161959294267,0.4350507440463313,0.1652622223366909,0.16451256477327253,0.5188476039231136,0.20877375047847757,0.4244820245710542,0.3008293688109957,0.4721091953669515,0.29468604421305916,0.0,0.6240793390903432,0.5559256966126112,0.323214312089532,0.461038167383666,0.4664976830612524,0.46556896846553486,0.42127950004079007,0.5249740275174645,0.32648864062060223,0.32347189236684754,0.47205615964126113,0.43815573988193474,0.3541144986956354,0.326534122135846,0.3186430499328755,0.0,0.4855064936722994
0.42715276981275296,0.2509476705584096,0.332736282592071,0.43483633941189415,0.4042073158279691,0.22819502824725169,0.49601586503732215,0.4582314182638802,0.35751117728446513,0.4870127509300279,0.0,0.4042223209134218,0.42224464584621835,0.31227190474631583,0.0,0.491862302727021,0.41501931057869224,0.36270952689621855,0.3037165277934924,0.4510429220000157,0.2687794353549432,0.42771350620974047,0.29356624515331775,0.5527232006511259,0.45440594327619427,0.44268469061978327,0.14176729879461786,0.361078101142172,0.1486492971811233,0.40337193559413576,0.4295237499076554,0.6421742956966308,0.43917892116740315,0.4569357837540645,0.3706418742304684,0.4548534753208982,0.5289376077644667,0.4527738639573937,0.33746645036837997,0.3533968184330799,0.4160855586267434,0.2900981539436549,0.30503559000088803,0.3025638379653301,0.14599221244518087,0.0,0.0,0.1097085847003435,0.4670620298166125,0.24565639902451933,0.3036198619926515,0.36906596782288076,0.4723417357131541,0.32254705411377715,0.24094859332413246,0.327300558389468,0.3610856028532492,0.3073705837707684,0.36227429889417806,0.0,0.0,0.0,0.0,0.2288835884468043,0.1682975986737089,0.0,0.5287192159383693,0.39045064670788165,0.0,0.0,0.895633923576475,0.37311329620105976,0.11461803307232793,0.16593759551955575,0.0,0.3246021423981228
0.40014652773907866,0.5649950380336499,0.4854411182705416,0.5600530077782803,0.46836191235389346,0.5571987888007548,0.2968423544254545,0.5672592346326744,0.20768643254989902,0.7406135650640405,0.4042223209134218,0.0,0.46059072179909377,0.301099052731126,0.48689839554827347,0.8355657638558476,0.7628746357708696,0.8026411304148517,0.41376114547841747,0.6363156368274512,0.3603708277635347,0.26232357174606263,0.33264034268978104,0.539811312989998,0.690127088209446,0.5450168796670863,0.44639786011914484,0.6161684997329828,0.5837588534006305,0.07466926051329123,0.7297898786089783,0.12705239551223865,0.6111101648893948,0.8236862625168312,0.05582661465047051,0.27995599411673794,0.3643274899458153,0.4036869173719403,0.6489683630462755,0.3600165243767419,0.4733297772494448,0.27901758444141056,0.3839603677054453,0.0903973619550765,0.373550573922503,0.1692296117068889,0.6933852787324448,0.24767250529786078,0.26329329892545045,0.20931839615734102,0.23286909259146316,0.5211692709715141,0.35242589875534336,0.19817032393140765,0.5101853506911724,0.28945658735466057,0.5667067876751475,0.45590043784237516,0.5270843894881336,0.5102008530944944,0.5145839250807174,0.4314345482947793,0.6230167486092572,0.17641515718361064,0.783165016722718,0.3764439049197213,0.26999418294695965,0.6147364928103614,0.28603703204700215,0.551273041405913,0.4903920466815157,0.17742079062229446,0.5619735594806208,0.48822087988880236,0.0,0.5510694707596792
0.5925230913923468,0.5019678395818736,0.4001362395452882,0.3999288004641535,0.521898761562541,0.20838690529234427,0.6586088898457862,0.4978034028045948,0.15614193594030623,0.5306321647793938,0.42224464584621835,0.46059072179909377,0.0,0.45321418691531845,0.3224074757332701,0.6104754798150007,0.39333955285216404,0.517120627651402,0.4384960927431539,0.5758172879696144,0.47107168489905515,0.5411903981001827,0.45632126617028296,0.4933287354040933,0.5314890754947867,0.624093479086068,0.3435044678535123,0.3515041153539881,0.6566699503273168,0.28925099178423364,0.2747660668750458,0.33305771513936855,0.23175826026317425,0.3794414836735028,0.3446551871524117,0.42802039455828,0.3709633917567989,0.3622459703802571,-0.15525454141945574,0.6542394421401967,0.004498525769003003,0.5623788618742556,0.2313840770833035,0.3547089910376414,0.16856807496640427,0.6057978889321793,0.46317264579005163,0.44017569769289017,0.0,0.6598047270980165,0.4223457327402912,0.4446527836138808,0.4263053101410108,0.4799506606699827,0.6235471971166117,0.14340688559777867,0.4315902274972335,0.4964657004386963,0.5351541985810857,0.3735000884793236,0.348082597113382,0.30526079094370384,0.5650602540522806,0.5666073554835226,0.35018042989614606,0.5455191847602685,0.4303414516812747,0.4506235780827314,0.3351013581943133,0.3934244298232128,0.3648924792457533,0.40956892628126607,0.3750125175168415,0.2906780941511421,0.31416489277363646,0.25549140957075456
0.2458572843420652,0.1868065477261329,0.1868709523482326,0.12562066055522067,0.2926938251533151,0.3220250162427516,0.318492832968401,0.36689775770120103,0.3750512916755887,0.7911938808703485,0.31227190474631583,0.301099052731126,0.45321418691531845,0.0,0.21296542681322872,0.5043846880086735,0.4543948048622208,0.49702123738739856,0.34027747198958885,0.18336092949668886,0.30557517687987024,0.12829450168736323,0.4918075716547373,0.3213867967339363,0.2789791008167973,0.30739634963181606,0.3289856560465758,0.4126556503408712,0.1756232725150971,0.34827182173024906,0.3454428391352737,0.06791278384235849,0.3939989726363425,0.23731933835694,0.1917406113640959,-0.04244773224207371,0.10152470382261056,0.39817777829225365,0.6459593313007491,0.0,0.6646452368858699,0.6733608880725621,0.38965220924684263,0.4716187228400871,0.0,0.0,0.0,0.2396466323790302,0.0,0.17570942641542242,0.39593360867299066,0.051705332456949415,0.5215996657762403,0.24900900670679327,0.0,0.4708556611587623,0.36067008689528435,0.43671649114084893,0.21104746396060517,0.0,0.0,0.0,0.0,0.4022284976607035,0.0,0.0,0.0,0.5926831670595082,0.0,0.0,0.0,0.39542903794538053,0.3968910921852552,0.0,0.0,0.0
0.4229035741627125,0.5563603215138554,-0.02244551732287653,0.9286309644915314,0.2608033101460095,0.43753024164506416,0.39564807968962135,0.29399467566413917,0.44394707067372763,0.4868981282828414,0.0,0.48689839554827347,0.3224074757332701,0.21296542681322872,0.0,0.49904995790771994,0.34820411486688363,0.4101362049992544,0.0,0.4423343511980287,0.27065570615114,0.43857476409744256,0.20698237212781256,0.28095876016654253,0.5671481702665224,0.4848353870647466,0.19179785324679077,0.4469904089607749,0.47792586182872265,0.2613981166892805,0.7429491521549194,0.666092727554098,0.547897800571229,0.7453366419894905,0.8316441195706334,0.8407748127140791,0.7032505403554326,0.3801005852270694,0.34646086290441097,0.5362699550711385,0.47695848392306806,0.41060822892368565,0.5630306998681266,0.6293814503737478,0.0,0.3752604123524036,0.6663533861957283,0.2949319072977895,0.0,0.0,0.3493278377054725,0.5867923127729391,0.046500073215399895,0.5804605763123858,0.0,0.0,0.5679368794190783,0.4659634488698833,0.4692685774990443,0.5857968430715833,0.4061460900995757,0.5456276058246452,0.63425335118513,0.0,0.5907022661765098,0.47935002560820034,0.6718898737963178,0.43948697274882575,0.4497386928144692,0.3954926350013159,0.6008975845508776,0.32127165617846626,0.28373691098943393,0.162517205093879,0.22264022385733045,0.2811013473966681
0.4757928025909539,0.43118747339363395,0.3326735337895667,0.2562299765382161,0.6747768826566919,0.4889813397834969,0.6680416709064632,0.5240886302144341,0.5662522309891357,0.37361563451984114,0.491862302727021,0.8355657638558476,0.6104754798150007,0.5043846880086735,0.49904995790771994,0.0,0.38453421132703447,0.4627998198458069,0.4508543075617545,0.04048054870037601,0.3350494503290213,-0.06598852088704116,0.4476735335691696,0.5370285753591071,0.32504961219691014,0.36981844768313266,0.43295675066329276,0.44384001989050004,0.22811070716017426,0.3845855819952482,0.45490312516853165,0.5481502515943244,0.22787350486200095,0.3776919934611175,0.37937806413507236,0.671143123762538,0.29309995695695146,0.2331058079869195,0.5392018219990388,0.46132914145067716,0.5583907072874751,0.5484712137215219,0.4700035160324708,0.0,0.0,0.369945995020956,0.49858928529478697,0.0,0.0,0.0,0.4066654273635538,0.47262383011374454,0.607600886464368,0.0,0.19049875301224167,0.0,0.46880384822439886,0.5582143202345515,0.0,0.6233761116473556,0.5884103178110536,0.38331808144186186,0.5199180271367883,0.0,0.4171902260897547,0.5745069731006867,0.49608067860870464,0.44772930606344136,0.2956399982539089,0.6833228827980933,0.6288780790951369,0.3725987255000343,0.322449374342589,0.4061598580070779,0.0,0.4860238187219049
0.36039605190959073,0.23892644614411918,0.4048941511462805,0.3003069706417445,0.3622642584374308,0.29579476741474253,0.33323083789974917,0.17169048698758468,0.3275009557823197,0.5983804940575843,0.41501931057869224,0.7628746357708696,0.39333955285216404,0.4543948048622208,0.34820411486688363,0.38453421132703447,0.0,0.4386743570384485,0.5934613680643565,0.4178347564702805,0.5114366565777559,0.4649682673088985,0.2514485568032888,0.5218302814117065,0.47892088195116134,0.5085907314778159,0.5352629107591943,0.15759065947831147,0.2924759736578162,0.27193249138163744,0.255220174296983,0.5540999521195784,0.5118563949643278,0.5976783086598991,0.5782295894044615,0.5139644006725053,0.34676307718826294,0.4477195514609265,0.2972155566401485,0.44200173124435027,0.28745150260035746,0.54204162406363,0.0,0.0,0.8184576308494727,0.5609174059135045,0.7752630445905234,0.0,0.0,0.0,0.0,0.0,0.0,0.0,0.407846002331137,0.0,0.38489889286393464,0.19473494450810527,0.0,0.5576686656192084,0.37070334598608223,0.2744519076234402,0.3968678799528361,0.0,0.0,0.0,0.7412838211839279,0.0,0.360093598774585,0.5066365375421279,0.4840933553794799,0.0,0.18694775344133793,0.46817167906774815,0.0,0.4475878170711834
0.48346917404517437,0.4821058074720183,0.42966389387092263,0.4699879632153085,0.2579273516299998,0.5123103387283259,0.5811286087934465,0.4262685705979724,0.5486737323001042,0.4549138585139375,0.36270952689621855,0.8026411304148517,0.517120627651402,0.49702123738739856,0.4101362049992544,0.4627998198458069,0.4386743570384485,0.0,0.22665504853672214,0.3294859535432232,0.36397101617159056,0.33328121647493536,0.42172811375264097,0.44762848571567665,0.4601878577838048,0.3856937213155944,0.43701915009749775,0.2952897576155823,0.29469744463875,0.36427328226334676,0.4316843097264114,0.5636435029676348,0.5248147987345597,0.676125248959373,0.41506055763978256,0.5257994707003517,0.3971496236627816,0.5834498897311633,0.49241349497758696,0.4417913580400178,0.37937358465584925,0.40915267602525,0.0,0.0,0.7138225124399555,0.5137137109248215,0.5949039451320479,0.0,0.0,0.0,0.4019072919818471,0.500340622646126,0.6062280354005893,0.0,0.4490026263013961,0.0,0.4818322677192019,0.48009060005418336,0.0,0.4553990360421251,0.569639793369226,0.4103452716795188,0.47086843493170805,0.0,0.39049443425868047,0.508025389950707,0.518042373713326,0.7556802548570062,0.4124277058928249,0.5674667219601665,0.5151202721254043,0.34221332155830997,0.582630946343954,0.29319541105761715,0.0,0.4349165777709598
0.0,0.3532960415005162,0.26820590124871657,0.6286712866358215,0.513845106237486,0.3628168749405787,0.515415473660639,0.4140457426140308,0.3665029185919818,0.5906614456028663,0.3037165277934924,0.41376114547841747,0.4384960927431539,0.34027747198958885,0.0,0.4508543075617545,0.5934613680643565,0.22665504853672214,0.0,0.5029152726247409,0.4249456639562537,0.3610867106608579,0.24646251348326864,0.4170377384554843,0.3616100440028479,0.34374996600565333,0.28790732102318056,0.4330733028480342,0.3226562326001151,0.45486022997352765,0.4185902611524781,0.5599116907174534,0.451133768034512,0.49168762695285845,0.5299624713395362,0.5206406224503877,0.3832030194366555,0.3664345387596858,0.2210239829287936,0.4407264227118664,0.4416090345092342,0.16542064059521874,0.29054076453113353,0.27207401799260583,0.0038007169461260846,0.0,0.0,0.46861671443407427,0.0,0.421269721258625,0.2754930575898784,0.3245567279799677,0.27759929199626854,0.2285450863255452,0.5930666103507789,0.42737613144859965,0.2970912078120815,-0.01158033254461377,0.24805179893554766,0.0,0.0,0.0,0.0,0.44169937980989793,0.46976089856944253,0.0,0.4857382876033963,0.22407501407911107,0.0,0.0,0.0,0.3443677682384456,0.31642117218307325,0.1236179663429347,0.4743737812018344,0.3462381390623376
0.40662154257421096,0.3236931404239628,0.27619896455428666,0.7617811349020628,0.5933440550609959,0.3434772767499946,0.5832391116998684,0.3720992485218922,0.3488667301276931,0.5467653359496968,0.4510429220000157,0.6363156368274512,0.5758172879696144,0.18336092949668886,0.4423343511980287,0.04048054870037601,0.4178347564702805,0.3294859535432232,0.5029152726247409,0.0,0.35805857537808106,0.31380943034214526,0.47335931919509433,0.3069338865112924,0.3999802240832039,0.3545627036283312,0.25991249735092725,0.5958071763207509,0.2806226046308091,0.7299480120667934,0.4556101239512491,0.7906749039029797,0.512982688375643,0.7152475085361112,0.7972683568410287,1.0469872350765828,0.7898541156411156,0.9940514346317995,0.2876295128029648,0.6207483899290549,0.4594780070350745,0.23516359557236113,0.4453554780309834,0.33464127828555745,0.3320162626327787,0.5352645974562873,0.2881981867133122,0.32122806020003286,0.0,0.0,0.28260457729337224,0.4351957392040836,0.10970826172569192,0.38724918800492025,0.7840003908323998,0.0,0.2596997615011395,0.41653115502007987,0.0,0.5253616623478936,0.4025588649986389,0.4698553587953326,0.514177450239609,0.0,0.21275004485786508,0.4278015877079371,0.5673349207728786,0.21022019892819743,0.0,0.22344649055990692,0.7003160876699256,0.16521073616639464,0.2511077383599717,0.26724583516638856,0.2385469283262455,0.5751251837688716
0.38838103811895974,0.5778413207452969,0.2873186737917295,0.45751281350897965,0.26936827198988395,0.4469849931578992,0.4837172377484531,0.21463292642118642,0.23077494670677823,0.4642791585957333,0.2687794353549432,0.3603708277635347,0.47107168489905515,0.30557517687987024,0.27065570615114,0.3350494503290213,0.5114366565777559,0.36397101617159056,0.4249456639562537,0.35805857537808106,0.0,0.5570981866907456,0.20320078558424054,0.12637363923599648,0.39900286877289837,0.36147793437212755,0.2845339304362501,0.45301396442152647,0.48982936672246047,0.47463506506894515,0.5488557210437979,0.5580116502766714,0.5053196257371031,0.42967059755810755,0.5599553557547838,0.8287427929044066,0.505394106510491,0.3387817493744265,0.46830085265675786,0.6395414116711443,0.4002835870516029,0.5272721018869141,0.2764761463248516,0.0,0.0,0.8419821917103505,0.6120438952368792,0.5249320425989367,0.0,0.0,0.6107001132513814,0.37485255081762636,-0.004104998195092913,0.6153430976881866,0.4616793787372201,0.0,0.8566686857117682,0.5822701657764094,0.0,0.5097682583965135,0.5703444663141681,0.0,0.47848723530547627,0.0,0.39498645481714406,0.5664358242147637,0.5843022492711092,0.21276727787940666,0.47256807424919556,0.32599536650177185,0.8744771762309165,0.1295165306622526,0.14052902946614135,0.24437304364601986,0.08915130770491708,0.16624176866889923
0.27675574196989605,0.49707295614952096,0.4497679133016104,0.9186257049026907,0.7217863258108852,0.3490327555362255,0.6280042924860967,0.37952809544556687,0.3859270670776328,0.3271825980185979,0.42771350620974047,0.26232357174606263,0.5411903981001827,0.12829450168736323,0.43857476409744256,-0.06598852088704116,0.4649682673088985,0.33328121647493536,0.3610867106608579,0.31380943034214526,0.5570981866907456,0.0,0.338857462443107,0.32240245084769636,0.4560875454587858,0.4309629865104926,0.3446480557739612,0.5888153746820644,0.3051499488195268,0.6131511853187053,0.4781148403903508,0.897592190410311,0.6255866419233367,0.7547295492246227,0.8234576798891577,0.8497834813347642,1.0702711649987802,1.2534182899335444,0.6051816074172857,0.5462489531311038,0.588659585316005,0.4531771100678176,0.6833806480783454,0.11602939847616622,0.391322118112581,0.33185554868071254,0.5208405316356506,0.4469597628464256,0.4706086692524132,0.393016193291776,0.8208990577120605,0.5469834034000223,0.16824684054022981,0.5905147568274417,0.4220770021631048,0.0,0.47413250393547784,0.5220559519013465,0.0,0.6164975186072839,0.4537647664741591,0.2692320681331168,0.3224213968400711,0.0,0.5740406847391973,0.6783727066477312,0.6767970034488283,0.4511791545667261,0.35609431585812706,0.4433188967832127,0.6171931640644841,0.4834498330655165,0.4243494000303807,0.4782839789652643,0.549715120968078,0.6344267555035922
0.37324706734995394,0.4952748452617538,-0.0639735153417541,0.5806380411004834,0.39989263677994025,0.3132591534412686,0.5076857375466748,0.3682215036551405,0.26370355091536923,0.46987342027836787,0.29356624515331775,0.33264034268978104,0.45632126617028296,0.4918075716547373,0.20698237212781256,0.4476735335691696,0.2514485568032888,0.42172811375264097,0.24646251348326864,0.47335931919509433,0.20320078558424054,0.338857462443107,0.0,0.21698841391862136,0.48558504478001835,0.40148777668546026,0.18182136462794393,0.48487319667984485,0.437739220246805,0.5042472034914425,0.46815941238278713,0.5109284112397839,0.1655706725833982,0.4907883812961923,0.5643937243141469,0.7889927468328046,0.5780285105028449,0.28507577815387053,0.2450924474396233,0.4261373127858264,0.20061689080351752,0.21459947958316883,0.4168371472372075,0.35739809281067547,0.3203299156117556,0.22997294070439525,0.3488424622009171,0.03894846060811291,0.16861966415050067,0.5295976930013906,0.14147918903099313,0.4935923177359343,0.34523247328280426,0.5079478909168681,0.41671536270324794,0.6209837001843155,0.126080572120372,0.395761650544341,0.4988235120609227,0.3564123391188836,0.439261919742247,0.4655689684655347,0.5234190355701314,0.5263161813341406,0.23974392522473476,0.25608154303794145,0.40955028498865226,0.031963657362788056,0.3389721533873129,0.4358980462832793,0.45760256041760156,0.14051034773320262,0.17212096697219129,0.2004953798821392,0.23768639624703558,0.2205447689764209
0.45059088203663256,0.3276879240063257,0.4649084010084829,0.3350774335337132,0.513393100786045,0.2712162418920725,0.5114450312042905,0.16959161557792726,0.42136348519238215,0.49013881419849187,0.5527232006511259,0.539811312989998,0.4933287354040933,0.3213867967339363,0.28095876016654253,0.5370285753591071,0.5218302814117065,0.44762848571567665,0.4170377384554843,0.3069338865112924,0.12637363923599648,0.32240245084769636,0.21698841391862136,0.0,0.3824708578904582,0.43062084524978883,0.1670557695154497,0.6358013213185829,0.43295512873618824,0.5156070454726549,0.7060250071151037,0.7557846708826191,0.6590454784015325,0.8784909842144071,0.5147293870134471,0.2664834784782043,0.2689375795082341,0.5783941938025703,0.7683272909855176,0.5586689102287302,0.5531829653081384,0.6532517221890433,0.5789347108592424,0.2684763194957859,0.3906952159767312,0.434832622046906,0.3607357426089588,0.0,0.0,0.4685992967668957,0.41065098084808516,0.38076287524495434,0.0,0.3220334893509955,0.5483148846551718,0.49997920060568934,0.5663269681114805,0.3472591547989432,0.0,0.34200750776561534,0.3592539927298588,0.3941842838313541,0.5962233434757188,0.47718937305642084,0.40405989265768727,0.5597148664865055,0.10343981524196885,0.6743154436980102,0.3336373334526025,0.6357579300696619,0.5597018056702973,0.33998853787910976,0.5781567326292205,0.7585254163469182,0.0,0.5697642269638657
0.42459669777781783,0.38618179146724574,0.5905534674659462,0.7975457761787791,0.4960143362723345,0.48985908866954825,0.5939986374814099,0.43736181659434553,0.6687406384463749,0.6115444902625348,0.45440594327619427,0.690127088209446,0.5314890754947867,0.2789791008167973,0.5671481702665224,0.32504961219691014,0.47892088195116134,0.4601878577838048,0.3616100440028479,0.3999802240832039,0.39900286877289837,0.4560875454587858,0.48558504478001835,0.3824708578904582,0.0,0.2653796649073237,0.5069466712704302,0.4126661091656856,0.41390205117398254,0.5084369513939183,0.48875714481044386,0.45033520045476955,0.5564064722418873,0.49440491015956645,0.431426274105343,0.2135357315357089,0.6155455701638368,0.5617253735640022,0.5425930925208706,0.5108742817030099,0.4303568823941286,0.48121885009241006,0.32024151787743493,0.0,0.4541163012928938,0.6091069403818525,0.6694769073843925,0.0,0.0,0.0,0.35070654717447125,0.37188371834062506,0.5015345661590531,0.4361386454840416,0.3576676803391939,0.4493509055370196,0.46371175888400684,0.2948425868837161,0.0,0.3635926126611633,0.5656123859211355,0.3677752008967007,0.49363006963816214,0.0,0.6406010304093352,0.39878684109007123,0.41529659888974724,0.3299131634559346,0.38659804340543014,0.5788885241042254,0.48061234658802465,0.39205371306911785,0.3504584877487881,0.36524122813299237,0.0,0.45367084499490795
0.4686673134135124,0.24171489563780754,0.518652562815671,0.3560283542822996,0.5835288848868876,0.5239304992447609,0.6368332072357221,0.31767903942034825,0.4501537965955323,0.5759827622677658,0.44268469061978327,0.5450168796670863,0.624093479086068,0.30739634963181606,0.4848353870647466,0.36981844768313266,0.5085907314778159,0.3856937213155944,0.34374996600565333,0.3545627036283312,0.36147793437212755,0.4309629865104926,0.40148777668546026,0.43062084524978883,0.2653796649073237,0.0,0.5412104212457914,0.5615855260729756,0.5087951513006574,0.19491890420908842,0.4124840718953807,0.6218893488903552,0.5213354092405935,0.46862150974929717,0.5008722711927939,0.6930059362381475,0.41191258298789624,0.4899418754772764,0.4833754083309199,0.507682551677432,0.4858214964334159,0.278426419299968,0.12260323408562523,0.49793222312866947,0.3797057908853276,0.5618984666002729,0.5622205402621246,0.5278765887842344,0.0,-0.0010094399565518091,0.4831963617943706,0.4349861700098392,0.48496541816300853,0.6638019486915705,0.4134591016059734,0.0,0.521220055127074,0.23596719095822927,0.0,0.7095500552276317,0.5997690379641962,0.3426516756265596,0.48825899846511034,0.0,0.5243643194620812,0.8344000701177392,0.7310999308520625,0.5017240755845546,0.47732408129837967,0.5431011184532043,0.45468922747999224,0.2950139643228956,0.2829120003819279,0.7714748852345062,0.43956520039787883,0.46545323097353153
0.3726906693987615,0.416850567219987,0.30084463730146677,0.5889267977743666,0.36380127409716256,0.20045152840680142,0.40251312817030593,0.28121151067488515,0.19929656859019204,0.3436265855405344,0.14176729879461786,0.44639786011914484,0.3435044678535123,0.3289856560465758,0.19179785324679077,0.43295675066329276,0.5352629107591943,0.43701915009749775,0.28790732102318056,0.25991249735092725,0.2845339304362501,0.3446480557739612,0.18182136462794393,0.1670557695154497,0.5069466712704302,0.5412104212457914,0.0,0.47880720258991316,0.2752439264278029,0.4886471547262279,0.5048771776272915,0.5881378723338688,0.5446212325662879,0.5754763951762714,0.6572424359174597,0.8639845020022048,0.6822663625805903,0.27031426375719314,0.28219439547890446,0.30534525228918274,0.22076949683704894,0.17327085941625475,0.32569573120562306,0.30997275954376013,0.19601229873186649,0.35298602906922183,0.3139661043814329,0.5026226261718489,0.18904004510827205,0.5263284459190091,0.32352273886208194,0.4332036767851867,0.272039584986665,0.427337087030764,0.4787774375853715,0.39810274464494255,0.09793225491925739,0.40950658612454544,0.47333572375472494,0.3427086046218038,0.3558467667386513,0.0,0.4192744718112891,0.5044458958942171,0.29366605110520044,0.272942826912394,0.5069964188368861,0.23367189396812021,0.0,0.3663791260716294,0.48701177347019886,0.21542731300277757,0.205356225375173,0.22291309865091896,0.25065116803541104,0.19205440682702035
0.4204387428183597,0.5203206789943329,0.442954494069579,0.4524467431166071,0.5242729871033398,0.22868610874641923,0.5435233424385082,0.5238027266044685,0.3719356974669665,0.5110714158988607,0.361078101142172,0.6161684997329828,0.3515041153539881,0.4126556503408712,0.4469904089607749,0.44384001989050004,0.15759065947831147,0.2952897576155823,0.4330733028480342,0.5958071763207509,0.45301396442152647,0.5888153746820644,0.48487319667984485,0.6358013213185829,0.4126661091656856,0.5615855260729756,0.47880720258991316,0.0,0.4091321837639139,0.4733748615641671,0.47731485063089363,0.3993791308058537,0.35683516574485685,0.26314259604475587,0.3314116080136208,0.30649515570460273,0.3600960001146881,0.5276671251897755,0.2643015794755712,0.3250483918776633,0.6043340382583834,0.181126048051113,0.1639800605869846,0.1307005569097968,0.5062166598317325,0.5239634059665703,0.4045745630566566,0.5424741137336293,0.0,0.4511518635393099,0.3753067765972725,0.5580723974100743,0.42969158144408337,0.48586057313831355,0.6137148398824825,0.07201016171578856,0.25705000092673413,0.37690953322234777,0.3902313687632878,0.36938831997887184,0.3316385959043418,0.3121447633393185,0.42282494478252447,0.45242051736683564,0.39470321378950446,0.4562854329276974,0.36656896129070016,0.3941422694272245,0.3326617364216444,0.4528540821556684,0.24433391939287097,0.29909090339885147,0.3603758934938801,0.3392942152274999,0.3963978184402546,0.3864801532136681
0.4159509804359966,0.417087641152052,0.44012930708459475,0.15007651006375702,0.7289129506739453,0.3000881213905474,0.7296281146034894,0.4819343264562898,0.40017500610486134,0.4636425969154008,0.1486492971811233,0.5837588534006305,0.6566699503273168,0.1756232725150971,0.47792586182872265,0.22811070716017426,0.2924759736578162,0.29469744463875,0.3226562326001151,0.2806226046308091,0.48982936672246047,0.3051499488195268,0.437739220246805,0.43295512873618824,0.41390205117398254,0.5087951513006574,0.2752439264278029,0.4091321837639139,0.0,0.5719029130611165,0.44820169434365276,0.5597843554076285,0.3486630654148871,0.4943816649188362,0.5296508173282926,0.5897692563806254,0.3995315998044136,0.22167952230222987,0.370226861926679,0.2491150659265965,0.3580122205680554,0.32457845889881576,0.3901201129154227,0.2526161756274259,0.3369330876932588,0.40008695244945786,0.2816977636190737,0.5023712571704771,0.4751494976103464,0.31359120156515435,0.28115349575032605,0.4579510094315228,0.29384634068570714,0.3241520660721391,0.3902464780326501,0.008610143068131515,0.3172275622785795,0.39876187256647994,0.578696798600215,0.1521790601534729,0.33501723287915697,0.4689184304674736,0.4132845510455826,0.38392724551779445,0.3473370077993682,0.1580229364972267,0.30414129249033983,0.283029052871778,0.46938769748405534,0.3845512414216936,0.26228219528201113,0.24891858145804344,0.29597671927693703,0.3693783961250602,0.252373095582596,0.33955058402257654
