0.0,0.5470321807976495,0.4464760862946453,0.0,0.591811886502382,0.48326599461375885,0.46000902876063826,0.4970612253590729,0.4339938822084315,0.5195189197764006,0.33201536136369886,0.6630005004985161,0.6716627350145437,0.5852627614660265,0.35649082650786984,0.8345149572870765,0.4260269407561601,0.7467623371352221,0.0,0.5405369641207979,0.32387942771105593,0.5112931442964925,0.5324143785296733,0.7164645043485247,0.5865599094034954,0.724618560082229,0.7421241313272839,0.8451907725652625,0.6493767683323499,0.6502071947207024,0.5584194142699213,0.6252935562120805,0.8165831189153905,0.4389428571502667,0.4804774912913366,0.6864676001782392,0.43350530214823846,0.541960483847898,0.5890157311595293,0.7873150732992266,0.5298162939115153,0.33252048539589235,0.46309483500868165,0.0,0.5116327338520112,0.543206573317278,0.5942808965882528,0.0,0.0,0.0,0.5287053513639712,0.0,0.6652775939336315,0.0,0.5334207499948986,0.0,0.5372433632300182,0.7564667966712599,0.0,0.6035844471850265,0.6150458958801832,0.664076314181645,0.6839470825052515,0.0,0.6632894633798149,0.48489900412785564,0.6481499012001528,0.9823929468071799,0.4119553310167268,0.6712088900764124,0.6605069659311487,0.5080933489140648,0.48272961406688675,0.6343902148623528,0.0,0.6869592457390477
0.5470321807976495,0.0,0.6721249205316266,0.403462480102205,0.5685800113008925,0.49089565059153495,0.6047918334319634,0.6079822332198901,0.42902171826576124,0.5933574201746936,0.4283253207429051,0.44550911793450904,0.5503730664216386,0.5706102092161889,0.6115337638046057,0.6952307024205304,0.463990385982393,0.7643496505254275,0.6611990249840178,0.669437350308615,0.5411905991817625,0.7862430571420618,0.7887804585292364,0.5189980863306802,0.555606142325534,0.6416296653425828,0.7342361592782349,0.5753861117588109,0.5312840093608595,0.5622302313678524,0.5736059070412562,0.40854221317049216,0.5110721274935868,0.5135912599813621,0.5635500171894431,0.4361537874355208,0.024448531703600188,0.0,0.42988584150567555,0.5489825689190131,0.4060181429304517,0.41124110222411514,0.5859624111824607,0.0,0.0,0.49957751752091073,0.5607394560492425,-0.016999783070233573,0.0,0.0,0.5861922443912988,0.6512561925616533,0.5217365194600557,0.834638568088116,0.48628805690286103,0.0,0.5720276938272401,0.7442881430349536,0.0,0.4093502754077981,0.5152248664732363,0.5907092484241153,0.6827962203232419,0.0,0.5048397435506582,0.43678231039756743,0.750730909115668,0.5737970299975151,0.4107909249507451,0.5264599774979288,0.5879789987082162,0.6246560440519626,0.7866509996111783,0.6359042050612673,0.0,0.6648566781232597
0.4464760862946453,0.6721249205316266,0.0,0.4240134745188154,0.7076986187969259,0.5871851232492191,0.7889475355120548,0.432410458093502,0.44917973015682167,0.5254160534996491,0.5493087906314709,0.6779689853996019,0.7858733855476767,0.5889168213447662,0.6378560322129403,0.4496358859792694,0.6852164449883915,0.4421511826295917,0.2509124399895448,0.3856226405497931,0.6197499802406817,0.6986891226275285,0.23389856556149985,0.5110690294988952,0.7866092819977184,0.6842132895069509,0.41093138305801946,0.8102046812322905,0.7031253401419392,0.953667184524216,0.7577353098343336,0.6749655162248187,0.6492365847222521,0.7603000432261087,0.7637694435899413,0.6378822239941719,0.5470947971677722,0.6275139035984434,0.7087687964863063,0.47377837485263363,0.5953738601589853,0.5672672862692862,0.5205124603902845,0.9218560014383133,0.0,0.0,0.4052895480808039,0.451506597086442,0.4719717139264125,0.6091590168256095,0.5864229303836797,0.4013007652627307,0.652329748044595,0.6252070126443803,0.40629437088816145,0.3465887572835469,0.8221851223725793,0.5251544598076532,0.5346037517710409,0.3846801873627545,0.0,0.0,0.0,-0.006222646172351909,0.8328492431613284,0.4523071930433057,0.2931604386410125,0.7170578949298922,0.0,0.5351842479906979,0.5794927072342456,0.7406749349654628,0.7058115166542871,0.6885053880590697,0.6704523113061402,0.4876583478758846
0.0,0.403462480102205,0.4240134745188154,0.0,0.206594670352958,0.5300340070843934,0.5356966794905668,0.41735401990937787,0.6521350566784443,0.10766277222830205,0.2198127892086561,0.08318515887223282,0.6390412045048353,0.2896833227658574,0.44090093988136514,1.0732686254679176,0.40737032772655335,0.4648130580805062,0.3542507323958952,0.5818832862338164,0.3829049829285801,0.46520546721438527,0.4368455560822704,0.4541666368713882,0.7803812152251604,0.6369643565058085,0.6135402704884148,0.5944314859664078,0.6141627813451142,0.2786820378583037,0.7196862117706503,0.033164770187987136,0.11527783408672533,0.20392621990264276,0.27782448308867047,0.28444014634123244,0.24937392777708622,0.17714819851963903,0.1441726412624498,0.3794573129582536,0.6726869981179631,0.5399821553635459,0.546413581933703,0.28610956019358313,0.0,0.0,0.0,0.509021933129265,0.0,0.0,0.7537453880910339,0.0,0.46649779268672165,0.3201352465155225,0.0,0.46297749282022627,0.5366736693864047,0.49985680329917775,0.0,0.0,0.0,0.0,0.0,0.0,0.0,0.0,0.4617594743634354,0.6768844090196042,0.0,0.0,0.0,0.6022370656225292,0.4105354325323746,0.6897662358950056,0.0,0.0
0.591811886502382,0.5685800113008925,0.7076986187969259,0.206594670352958,0.0,0.49256579274569456,0.3323581867934006,0.5580053657443942,0.42505930105265977,-0.06359905215516748,0.4430905787344491,0.7321991890367419,0.5917411630180657,0.3128177999201528,0.7096625667619691,0.6017842495571857,0.719118730895138,0.6580600998563232,0.6137965401931786,0.6399422136652443,0.7198302185711041,0.5209706490712593,0.6228593445568971,0.5082813111045446,0.5235319373518967,0.6651566630122634,0.5511453297098484,0.6792560459825739,0.5456478582435649,0.5516116778396158,0.900107011613678,0.4360305047375077,0.5176585041282701,0.8276256176552972,0.583929750177874,0.22359350827164506,-0.024001047154200678,0.6702877123854257,0.45033203516865905,0.44161027115278156,0.320901433422474,0.4796894142409031,0.4275885036725037,0.43222129850625157,0.3596063954123681,0.0,0.48949780372719365,0.6447136831092233,0.0,0.42698028006378697,0.6108078714246807,0.6179364757095229,0.5722770523682137,0.5439375760838809,0.0,0.467180297189691,0.3722145099414256,0.7443702375771123,0.44909448961413,0.5447256069952585,0.49613714520831476,0.0,0.0,0.5414538578828009,0.653163024193309,0.43715027084885144,0.7154987634122632,0.751415007456051,0.0,0.47612273233597135,0.7512398964006235,0.6088756754744955,0.7043062395460293,0.5047557847518206,0.0,0.6632750326448503
0.48326599461375885,0.49089565059153495,0.5871851232492191,0.5300340070843934,0.49256579274569456,0.0,0.6713524478494417,0.5997227482546874,0.5116909535361426,0.6798752540757412,0.6618366839171985,0.5268375351010056,0.5836377563689719,0.584543395629769,0.7143461677597942,0.6693141822075068,0.5887375893660914,0.6468078763756142,0.8753842899348215,0.5788812253999294,0.6101497911575298,0.3849473015993141,0.627416133494132,0.3990367362964745,0.5850203522419722,0.6314726456561905,0.5722234853173307,0.6217542760907757,0.567384958814646,0.7063025666941911,0.890866141318738,0.6803351986128713,0.8641471599037311,0.8314531804444949,0.810629240743165,0.620652488931644,0.6460560866282969,0.6811695067801568,0.8074865390458514,0.34834570979140445,0.6586071925327363,0.45286654923267544,0.750110426444693,0.5655657814122087,0.26535845921898593,0.5894775564566155,0.5956639503330188,0.6868918824699801,0.7571037053751856,0.4538898382887705,0.7412485072377182,0.6660864382659526,0.6740482463487826,0.7777959935637645,0.7610853164135498,0.7285814370230195,0.5281243519158159,0.7149519617766389,0.9706442125183513,0.60914432227894,0.693182460965297,0.0,0.5507781673324371,0.6909213563065847,0.6737721993894358,0.5036271056847017,0.7055165284246594,0.8019358632437557,0.5131592914205428,0.5293786937099666,0.605967615291039,0.7908628473781736,0.6613307900885459,0.8270480889778901,0.4892300872929368,0.7180741689151231
0.46000902876063826,0.6047918334319634,0.7889475355120548,0.5356966794905668,0.3323581867934006,0.6713524478494417,0.0,0.6780376951390016,0.7514192566563248,0.5722512483810258,0.7692956164918479,0.4748706931021943,0.6259755267547169,0.3055037004414959,0.6413899071308313,0.7271791663704532,0.63640951830792,0.6159103108348378,0.7715384309192046,0.6389467095575248,0.5555580161618927,0.5498994705418363,0.7614755968498634,0.4526291426386221,0.6378998765130557,0.7756093793481073,0.6872848325020439,0.3692670746437368,0.66543663080878,0.6949871112865782,0.6211058436701503,0.6203797899441936,0.6037197474319589,0.4305935791245087,0.22205211780049974,0.4864607983981964,0.36209553017019197,0.8418016739860308,0.687591384582352,0.4695797957895945,0.36744548620006756,0.8166063110298043,0.5755635201064486,0.8335847967654195,0.40770193084468054,0.0,0.5825468976994039,0.5019762699283198,0.0,0.6492311451199482,0.6505058102969674,0.6748199955931666,0.6679827179540123,0.6935942847711185,0.6264100778904182,0.4312548412357792,0.4449966914355381,0.5646243283953281,0.5411598000864737,0.3810382255516921,0.6137056398905495,0.0,0.5078424679875704,0.5999257549825361,0.7101505448725544,0.6495134357102943,0.6686282002870261,0.7304131124243041,0.4752529701046728,0.6735829727096111,0.604679880544489,0.6613220831238344,0.5742097600951808,0.4649446882396576,0.8907593420389173,0.5768478675580342
0.4970612253590729,0.6079822332198901,0.432410458093502,0.41735401990937787,0.5580053657443942,0.5997227482546874,0.6780376951390016,0.0,0.4556866715548897,0.6460590279479415,0.1935839498424893,0.4383875125501941,0.6980788371690037,0.5280436041686252,0.6548824221745975,0.7335088443046685,0.6517684747219203,0.7599824105766722,0.36021636236072874,0.5375049888321481,0.6120137233161707,0.5480428449189303,0.5783516687765176,0.4636802888485111,0.7409966924666388,0.6384791308881406,0.49365899653579026,0.6469020980041532,0.527539885332303,0.5518598830728567,0.6188700292616474,0.35646020801217077,-0.03659084159023285,0.6011888815950637,0.42954535847362785,0.6708410051703466,0.04703369925948522,0.6674514489357897,0.6866695559512366,0.5727633563783971,0.31804039958554825,0.4943684627022938,0.7156548003285985,0.6786338385809036,0.0,0.6119013205914727,0.46769399727046534,0.6486044757731997,0.0,0.6394777240962723,0.6234323450037506,0.6712934114117253,0.43926707442686175,0.6531152508734591,0.6345650644407483,0.559079971960339,0.8834300527161858,0.6606243557887232,0.5793941858582967,0.7549846774234774,0.6292274767367211,0.0,0.5790575123271158,0.7820305192298611,0.7732883880833281,0.5421469395717095,0.5775621209694796,0.7134738592865651,0.0,0.6648422837711254,0.5485547854699271,0.6348312447154167,0.595788738277478,0.6601610569303824,0.5315525966895471,0.40903690518537683
0.4339938822084315,0.42902171826576124,0.44917973015682167,0.6521350566784443,0.42505930105265977,0.5116909535361426,0.7514192566563248,0.4556866715548897,0.0,0.7665599594991066,0.39304855281756057,0.7854503888695501,0.842642574741259,0.5097900692774218,0.9132002468851345,0.5964682760276558,0.6587033268881195,0.7178455565936178,0.26653746382285287,0.6147480628445743,0.4891098666288059,0.4519553217579463,0.4906647677658944,0.6045693784613312,0.6586540609993702,0.6523153338112011,0.46157217329836875,0.9139883608017578,0.5242996318364991,0.831079012758714,0.8813963749408017,0.8593355588221152,0.9218513800846527,0.8991931036119546,0.9013179772317501,0.7033643513947876,0.8116888738953398,0.8046686852163843,0.7595183130341403,0.39532812939461315,0.3889313259384558,0.24939585344454868,0.5919431378677109,0.5274894901655172,0.5180405348148893,0.0,0.5482719576652885,0.6883167780616397,0.474907047066168,0.7550734745826151,0.7850394506194793,0.7306678508929549,0.7001302005581265,0.5922865210855394,0.4233542985534717,0.6803747261548051,0.5546293039524639,0.663308584869293,0.668799025959205,0.709808423676509,0.7119479886790758,0.0,0.0,0.7112104382535643,0.8459925643124876,0.6147505480227988,0.7862718325216616,0.7893988563004422,0.4264920691827304,0.6526877602557737,0.4451987099782599,0.7013394575438074,0.546233555696425,0.631223063408559,0.5620753697624443,0.7223091869209303
0.5195189197764006,0.5933574201746936,0.5254160534996491,0.10766277222830205,-0.06359905215516748,0.6798752540757412,0.5722512483810258,0.6460590279479415,0.7665599594991066,0.0,0.8125135364005118,0.36749775911526994,0.6585182232282454,0.05577972356874056,0.6648240932165157,0.554583004281388,0.6932012134984964,0.5770486251020276,0.7382213936069245,0.4241247665727912,0.7321179602255257,0.5908151503165046,0.5085917919257655,0.36782114926887777,0.6647574742704727,0.5918385690032957,0.605974565840109,0.6797386687921352,0.6009546815593305,0.5224680601277658,0.7227164678638167,0.09174817609593564,0.5982103321338577,0.5408466456688195,0.4764239281271521,0.25850117757858126,0.363657533734507,0.5166396548176961,0.017872312287598002,0.5487523157760128,0.6160373717984837,0.18488554929468348,0.701612730764243,0.5235729461936186,0.7042489573888742,0.8163889651557232,0.5225937444790336,0.3886346743084957,0.4727259118024484,0.40493039809858067,0.618376711391241,0.6307436374078415,0.6754390319430024,0.5708468392431234,0.5858347287556817,0.5331196154684132,0.6641240813992513,0.6034926224983078,0.0,0.5967864769570055,0.31888199241561954,0.3299534541392869,0.23226323592810158,0.4629604582730987,0.47439564458614136,0.8561722772874347,0.4866159321736057,0.6776461672363427,0.45490912507074366,0.20515803757940518,0.5649470565315029,0.7448675331399803,0.5788885672623428,0.6693437934900521,0.0,0.6957257308061144
0.33201536136369886,0.4283253207429051,0.5493087906314709,0.2198127892086561,0.4430905787344491,0.6618366839171985,0.7692956164918479,0.1935839498424893,0.39304855281756057,0.8125135364005118,0.0,0.7514503845092141,0.8126313768804908,0.38852396367795716,0.0,0.47159289901979495,0.621297645002741,0.696668561903341,0.4464989858067816,0.49429614492738544,0.6549952835580654,0.4335165963181704,0.2035611453275281,0.7543792242451718,0.6904432546537143,0.7418930552343137,0.5828113883106446,0.843996733775638,0.46112969022653033,0.4174939195769784,0.7893731727209322,0.403364032801082,0.5454135990258678,0.85190797038484,0.7774505192591112,0.7234951772628611,0.3685613327523213,0.8642689402034309,0.3835813458321281,0.42883395929346396,0.4159808171990897,0.4630675292490196,0.42753671629870516,0.7948516627760656,0.2266500042683485,0.0,0.0,0.7512631115419661,0.46747213442428415,0.4302023749337952,1.0375277658692537,0.5391978164095154,0.5474969484789308,0.7703769345562788,0.5847543883351393,0.699455750509369,0.5739233635700558,0.6331930302813353,0.6212787347266144,0.0,0.0,0.0,0.0,0.7394590596765415,0.5187008225570557,0.0,0.563349806315198,0.6246690633280192,0.0,0.0,0.9705482924748381,0.7266685992994428,0.5524911637531669,0.49003564856283843,0.0,0.6137525651007869
0.6630005004985161,0.44550911793450904,0.6779689853996019,0.08318515887223282,0.7321991890367419,0.5268375351010056,0.4748706931021943,0.4383875125501941,0.7854503888695501,0.36749775911526994,0.7514503845092141,0.0,0.5495041934753839,0.7912699902917378,0.4342581720168897,0.6811230416886058,0.6225036319187731,0.7664655160556118,0.7188804852799274,0.19581240297977298,0.6001910068662091,0.26538926777466926,0.546326804377721,0.29720998591836667,0.6309863292031527,0.4474690218558672,0.7058750117413521,0.5033472882862162,0.603283435940569,0.5160027601776663,0.4947993940303685,0.20746647027091206,0.5754667006419029,0.5292158437483387,0.5428511800572695,0.18488771668351847,0.1762094956696188,0.36516852646018055,0.31875493225620494,0.5823594337854772,0.7198322028008597,0.11666215098617863,0.3554246439727265,0.4341797358587596,0.7800893769711661,0.4209626815428458,0.4838624959796647,0.5060982474733797,0.4724606643254671,0.3520381162873862,0.3610289302312156,0.3776324484233074,0.34160190433813564,0.49109884589234964,0.612426275837769,0.2905338688364909,0.7604691251148585,0.7383110675638734,0.5257801186021069,0.5041110522304006,0.4789198524043228,0.33583458751269213,0.443073021797856,0.49334826082830313,0.8090056232351187,0.8039636955844459,0.43832203622054944,0.4541960654017914,0.4939628687907196,0.2799592656986714,0.574126925286792,0.08467524936601123,0.7426078066896433,0.5961837810410952,0.0,0.7466794606273661
0.6716627350145437,0.5503730664216386,0.7858733855476767,0.6390412045048353,0.5917411630180657,0.5836377563689719,0.6259755267547169,0.6980788371690037,0.842642574741259,0.6585182232282454,0.8126313768804908,0.5495041934753839,0.0,0.4498033856498095,0.6891242551235267,0.6696062836063137,0.563446718948981,0.7015977311781243,0.7979276695443489,0.5941055477354731,0.5607032470178916,0.47886830710472034,0.7981723974006054,0.4972858934135989,0.6752379216081018,0.7443105311553118,0.728790154078251,0.5965039852231313,0.6400606477997037,0.5522035952957833,0.38646440826310857,0.6149078788923252,0.4056831041306108,0.3792979864157314,0.30948461386588916,0.6507438133201708,0.590866382983697,0.48825450255035346,0.9425800983848662,0.46261529525065415,0.34596409428925656,0.4727367394814364,0.5872041099998396,0.4161080567143741,0.43253037716290993,0.5565369283176798,0.6786323131000095,0.7047181223266856,0.0,0.7836250744616762,0.704655072258753,0.6398117588168903,0.6401206251527847,0.6452845402918086,0.44030182113283456,0.6244542750273439,0.7351342486889468,0.7336517304261221,0.5374046010459725,0.6134367550187855,0.6284509861628477,0.5622043682725514,0.5688544673589373,0.6460751809668738,0.5996099062928163,0.6494450359974308,0.6995365450016582,0.8228329456926359,0.47302465697008017,0.6133997108614361,0.5372204800741109,0.7743371441467606,0.6627232631399117,0.9511866937588567,0.5534069844338827,0.6157233664007455
0.5852627614660265,0.5706102092161889,0.5889168213447662,0.2896833227658574,0.3128177999201528,0.584543395629769,0.3055037004414959,0.5280436041686252,0.5097900692774218,0.05577972356874056,0.38852396367795716,0.7912699902917378,0.4498033856498095,0.0,0.40824113221428815,0.5723104558612137,0.44947342199361406,0.46949006300480944,0.6914042748422493,0.47117418501010033,0.4198039408057153,0.3088036148555828,0.6856112150497338,0.7202972488057627,0.3760494330320452,0.5705890131936238,0.5779048265332974,0.5469964833450356,0.29802785013624056,0.7412148437987676,0.5342233820315527,0.35013082745047047,0.19396007444797822,0.6934307937543414,0.14644447090211415,0.3914854560016749,0.22918690457532923,0.28282535682656634,0.6835323087739322,0.0,0.6640800909566597,0.6452564263368854,0.5910234170487442,0.47116537640812456,0.0,0.0,0.0,0.5991263776306361,0.0,0.5822023548341406,0.4835648291958833,0.7936781164842451,0.5398658717507069,0.5780467118118935,0.0,0.48362758414922125,0.3416996971225347,0.4009532928407419,0.43139063645494036,0.0,0.0,0.0,0.0,0.6639923434840858,0.0,0.0,0.0,0.6190532067122698,0.0,0.0,0.0,0.6304193820924435,0.7140591631315758,0.0,0.0,0.0
0.35649082650786984,0.6115337638046057,0.6378560322129403,0.44090093988136514,0.7096625667619691,0.7143461677597942,0.6413899071308313,0.6548824221745975,0.9132002468851345,0.6648240932165157,0.0,0.4342581720168897,0.6891242551235267,0.40824113221428815,0.0,0.7748729540972945,0.5211861158025357,0.7137523465930402,0.0,0.732083116785726,0.5027144604039894,0.8594576016344826,0.8134301097360597,0.4362048481383456,0.646879368664999,0.8303941937773056,0.8078350281049085,0.40938084370273364,0.5970848925100093,0.4575613731795418,0.5803218597727777,0.31631370937569525,0.5526868108162645,0.4906715620974428,0.5138714049781645,0.514999650732467,0.660118820228475,0.3628995447419687,0.3508223818319323,0.589398495963265,0.3595078088325882,0.2664576860329365,0.4086818136983561,0.5457770891223184,0.0,0.707155749729991,0.6668309796741518,0.6501854061184088,0.0,0.0,0.4934534475002178,0.8174971425203146,0.4683817908946871,0.5589090525365286,0.0,0.0,0.7479902681580413,0.4735598326202901,0.4669229579429499,0.6310922655475326,0.5147159465206357,0.5634293206176024,0.8101966018631593,0.0,0.6951443518988604,0.44644351035341295,0.7527574928461725,0.6734507390816837,0.4479207009778067,0.5366164510563491,0.5201790605836208,0.592902895904097,0.4135430768263736,0.46532766777357776,0.1920059739920908,0.26984220257491787
0.8345149572870765,0.6952307024205304,0.4496358859792694,1.0732686254679176,0.6017842495571857,0.6693141822075068,0.7271791663704532,0.7335088443046685,0.5964682760276558,0.554583004281388,0.47159289901979495,0.6811230416886058,0.6696062836063137,0.5723104558612137,0.7748729540972945,0.0,0.508843212013719,0.6356049250604316,0.4967294014550733,0.7178420776207997,0.815057283699603,0.7917770229563095,0.9845658596791245,0.6434092031502983,0.7553371914735814,0.8402715822043745,0.9094231948907064,0.6494643782040108,0.6321269323964653,0.5087716751274194,0.7753469327577046,0.5660130311029508,0.7041016728273096,0.5347838443616629,0.6780524709178612,0.8621795754930519,0.6118921531075336,0.5867904733533466,0.6851781710641235,0.6302619089959081,0.7883794808126054,0.6991423765798884,0.4680483693040501,0.0,0.0,0.6394939759672142,0.8040788262020432,0.0,0.0,0.0,0.6835201266670743,0.7457484865005538,0.9110110023206288,0.0,0.49948372732164453,0.0,0.6504324875571423,0.778542666116831,0.0,0.619739361572754,0.6991699555881385,0.6001669347602858,0.8207426773103162,0.0,0.6553339447175855,0.7254206627921699,0.8700234946693239,0.6712016432237369,0.40339630142918326,0.8086670361917064,0.8496258204139389,0.6772091402005188,0.7430395799671856,0.728637618780702,0.0,0.6346247554417729
0.4260269407561601,0.463990385982393,0.6852164449883915,0.40737032772655335,0.719118730895138,0.5887375893660914,0.63640951830792,0.6517684747219203,0.6587033268881195,0.6932012134984964,0.621297645002741,0.6225036319187731,0.563446718948981,0.44947342199361406,0.5211861158025357,0.508843212013719,0.0,0.8519851549702175,0.7068493848139792,0.5074822536335393,0.6510420009547134,0.10916074361507785,0.6539390123964904,0.5116818574869637,0.6066866768347046,0.5490266173127265,0.6338608482545529,0.830625652813771,0.4825757249950411,0.43439608528383755,0.5663692623339178,0.4524127933228745,0.6574863064550303,0.5723481533663091,0.49417808977833244,0.6759657978994624,0.3470499512564751,0.4758024596402077,0.5063577292603699,0.5790610150228601,0.4111062813333965,0.7654514281365838,0.0,0.0,0.30457516496032244,0.9851934060569938,0.4547298232534396,0.0,0.0,0.0,0.0,0.0,0.0,0.0,0.534905095736979,0.0,0.5398781042477818,0.527950485982569,0.0,0.5507920134071526,0.4155016428045686,0.4656440775011359,0.5763982636462281,0.0,0.0,0.0,0.6050632593041716,0.0,0.4449162824247411,0.517725934291748,0.6114517003768815,0.0,0.24611677705927543,0.4725522894152525,0.0,0.5479810156287848
0.7467623371352221,0.7643496505254275,0.4421511826295917,0.4648130580805062,0.6580600998563232,0.6468078763756142,0.6159103108348378,0.7599824105766722,0.7178455565936178,0.5770486251020276,0.696668561903341,0.7664655160556118,0.7015977311781243,0.46949006300480944,0.7137523465930402,0.6356049250604316,0.8519851549702175,0.0,0.6176745899929077,0.8615905033184614,0.7246048853131807,0.7198793580823661,0.7995194388027762,0.6756082294167216,0.703557746310012,0.7708379144357724,0.972307748037697,0.6708923897332502,0.7372699954058219,0.7813631055146186,0.6647968782841713,0.6785821271534966,0.9863115897871219,0.7062645282921047,0.6498615450706746,0.5010492301412829,0.3988312980694215,0.27723950006313325,0.7887441707099072,0.8115915831314499,0.6786445606694902,0.6374616336194947,0.0,0.0,0.4665842300163612,0.7733644303949467,0.7760912639107655,0.0,0.0,0.0,0.5943578207471378,0.5143525833579518,0.6284378334019808,0.0,0.6541477325678753,0.0,0.566914700732366,0.7472607426507889,0.0,0.5425801900994173,0.7954956338420894,0.713771763866901,0.8347617450985014,0.0,0.40004285514017873,0.45298672093458137,0.7333944244621204,0.8546248148625534,0.8286347954771063,0.8032297243660369,0.8426933220259901,0.7449963221340155,0.8010117786150354,0.7945812237392184,0.0,0.8108618904778914
0.0,0.6611990249840178,0.2509124399895448,0.3542507323958952,0.6137965401931786,0.8753842899348215,0.7715384309192046,0.36021636236072874,0.26653746382285287,0.7382213936069245,0.4464989858067816,0.7188804852799274,0.7979276695443489,0.6914042748422493,0.0,0.4967294014550733,0.7068493848139792,0.6176745899929077,0.0,0.46031283320906985,0.648481834902001,0.705152938485897,0.26046407518849846,0.5358837369029121,0.662594393010141,0.6913701114076982,0.41568341365702105,0.8603533205153392,0.5752862398582894,0.6476642623100177,0.7671506809822336,0.7254021883942264,0.5485414655000433,0.8066736657868813,0.7607340352231771,0.8201344325367483,0.6013453105249451,0.5038948971416188,0.6812711028943128,0.4378501822135431,0.20150279506154659,0.5289501086010542,0.5569863426608188,0.45166386025840477,0.0431697066242077,0.0,0.0,0.7551376650060053,0.0,0.43016831001903344,0.5460244029716474,0.6455473449705605,0.5938964269779085,0.5538105247497299,0.6547480120952709,0.7085889258834162,0.599060276676766,0.6013164290565524,0.456679349012121,0.0,0.0,0.0,0.0,0.8867284962808877,0.4730739789467382,0.0,0.4431846537951983,0.7206388639930617,0.0,0.0,0.0,0.7077690795017741,0.7162752595823507,0.4969557725734867,0.487988278812979,0.6485206919982878
0.5405369641207979,0.669437350308615,0.3856226405497931,0.5818832862338164,0.6399422136652443,0.5788812253999294,0.6389467095575248,0.5375049888321481,0.6147480628445743,0.4241247665727912,0.49429614492738544,0.19581240297977298,0.5941055477354731,0.47117418501010033,0.732083116785726,0.7178420776207997,0.5074822536335393,0.8615905033184614,0.46031283320906985,0.0,0.7248429923024029,0.6973885356481344,0.8998886830745733,0.5687837970153837,0.8156996157157804,0.8232939304855462,0.7201463454100084,0.6521444499096305,0.7261706512397481,0.5408221548731841,0.884189990452636,0.41572276899934746,0.5995234207366069,0.7817101240496509,0.6796234510593752,0.6487178944951784,0.5447675189136628,0.5390551445406109,0.47397788726515,0.4580502870596177,0.5424702239238641,0.35844359328984265,0.5423069170248103,0.2742675243861953,0.3582124077110919,0.5845711236110489,0.5863950281726463,0.7950858228845605,0.0,0.0,0.5734773594216349,0.7010499232652687,0.5430460864595485,0.6730260293607013,0.7761184942367447,0.0,0.4962784853023911,0.5671770313913019,0.0,0.5662115748653547,0.4636894264640178,0.46538450918718033,0.608429415736404,0.0,0.5713892925483992,0.5331269645111827,0.6429274903235261,0.5367976720539351,0.0,0.6655713477720464,0.4897047380707258,0.5690521030979645,0.5097834042560729,0.5734795878632601,0.5722457254004272,0.3464042336956217
0.32387942771105593,0.5411905991817625,0.6197499802406817,0.3829049829285801,0.7198302185711041,0.6101497911575298,0.5555580161618927,0.6120137233161707,0.4891098666288059,0.7321179602255257,0.6549952835580654,0.6001910068662091,0.5607032470178916,0.4198039408057153,0.5027144604039894,0.815057283699603,0.6510420009547134,0.7246048853131807,0.648481834902001,0.7248429923024029,0.0,0.5557395454582814,0.5416251170856934,0.5233182532021028,0.6016340440553472,0.800102394190662,0.7575473747055834,0.4560675309501946,0.4651922953618313,0.4151389004393988,0.5213811722026633,0.19232583316896762,0.40856119769311505,0.45311184164560425,0.43372305177316833,0.2964375470733155,0.4089541967663515,0.4844686622561276,0.5909375666415854,0.6140261290626008,0.5739367438759719,0.5149076232236914,0.6654195763927306,0.0,0.0,0.698369613522901,0.7157141540630413,0.959313055554153,0.0,0.0,0.7493912870846402,0.44406485895909587,0.803067894243926,0.6519821944532667,0.6000815071134395,0.0,0.7525288700027742,0.5543750882245563,0.0,0.6251076117528368,0.5141343981143444,0.0,0.796985094219424,0.0,0.6212405456855887,0.848881631924729,0.8372457972386073,0.6603927104434459,0.5498945296005482,0.3996871312781502,0.7908273834860587,0.6444729568037448,0.5985238421949746,0.6681458596281067,0.6158180975109173,-0.07389561847080689
0.5112931442964925,0.7862430571420618,0.6986891226275285,0.46520546721438527,0.5209706490712593,0.3849473015993141,0.5498994705418363,0.5480428449189303,0.4519553217579463,0.5908151503165046,0.4335165963181704,0.26538926777466926,0.47886830710472034,0.3088036148555828,0.8594576016344826,0.7917770229563095,0.10916074361507785,0.7198793580823661,0.705152938485897,0.6973885356481344,0.5557395454582814,0.0,0.8884791581911229,0.4346534834422422,0.7924783251683204,0.8067994072135668,0.5905562271165694,0.5838892012589417,0.5045693561516836,0.44332300545485687,0.6767225338134877,0.3440525124264237,0.5153356010017447,0.629092088513524,0.5970131793555866,0.5184019873404297,0.5431484227295915,0.5215864624598356,0.5443737226123804,0.6271719667583516,0.5308132432545813,0.43306790065023637,0.47319467040177987,0.4050949451813863,0.4016007705309175,0.6901961788296894,0.8176844181166983,0.6716409387521352,0.471524910062406,0.39773794488935876,0.5992756310116016,0.7646249384505588,0.48678039734325707,0.710643244568842,0.6404011343396069,0.0,0.7123442347696204,0.6513454709734976,0.0,0.6170698284627413,0.5726344679679596,0.5605553185020169,0.4684547510128956,0.0,0.6037809579172035,0.5627753145799266,0.7155478555998989,0.5279076525428298,0.6538365963307993,0.38627182624319023,0.6505293334625957,0.5908269462896938,0.5407631496473356,0.5348719663878115,0.34260155726703084,0.6186729651430483
0.5324143785296733,0.7887804585292364,0.23389856556149985,0.4368455560822704,0.6228593445568971,0.627416133494132,0.7614755968498634,0.5783516687765176,0.4906647677658944,0.5085917919257655,0.2035611453275281,0.546326804377721,0.7981723974006054,0.6856112150497338,0.8134301097360597,0.9845658596791245,0.6539390123964904,0.7995194388027762,0.26046407518849846,0.8998886830745733,0.5416251170856934,0.8884791581911229,0.0,0.5820046780883378,0.6550384672399701,0.7096715791879844,0.4646860771002535,0.7054420852321373,0.7913233244740261,0.6992699455198216,0.7321906333778485,0.6879036310775859,0.5259310782146137,0.728312575751362,0.6877539290276702,0.6318079783423318,0.6050364361525464,0.33251761138813274,0.7330195981650234,0.6183288960737479,0.6686326946955804,0.6830166830829627,0.639523638657249,0.7260852379406713,0.6977696897833563,0.5763996593637271,0.689250381061621,0.8397032766555305,0.44686404430658244,0.6661421784433379,0.7289249361448893,0.7173544074962478,0.6684848985908299,0.748870532822711,0.6526476366475342,0.7693415217249353,0.5905131704736599,0.6751820960809781,0.6658400662610561,0.6009303192656548,0.6713346415043766,0.4743956445861424,0.504861615767522,0.8650629254272763,0.6292577992167911,0.6658376237959824,0.6757592054134374,0.8649900601141252,0.34289459530898825,0.6915219403866253,0.6973358021418918,0.7016800480670923,0.6779917727132436,0.7882965847159785,0.742192274470248,0.6568959151348538
0.7164645043485247,0.5189980863306802,0.5110690294988952,0.4541666368713882,0.5082813111045446,0.3990367362964745,0.4526291426386221,0.4636802888485111,0.6045693784613312,0.36782114926887777,0.7543792242451718,0.29720998591836667,0.4972858934135989,0.7202972488057627,0.4362048481383456,0.6434092031502983,0.5116818574869637,0.6756082294167216,0.5358837369029121,0.5687837970153837,0.5233182532021028,0.4346534834422422,0.5820046780883378,0.0,0.5516223977985801,0.37784429071523074,0.5294009697432281,0.6361334624882218,0.7696718648095431,0.9073355976537798,0.48122472597814864,0.13168065583722913,0.26752991600939185,0.12866762659065087,0.18130264719538228,0.16574048915310474,0.089827401947627,0.2968544259598486,0.2933424988369996,0.5753147811001643,0.399314133827822,0.3356334525939262,0.49451699708692737,0.5360466573884684,0.48418975249845436,0.5091127654080613,0.6026010138532678,0.0,0.0,0.4549899054542522,0.5752379956723673,0.36456417682684117,0.0,0.34971667097419634,0.5819013428334843,0.511960256684164,0.7232821312251289,0.38017587527303837,0.0,0.32819732703869997,0.5651413179904625,0.5800206236876635,0.7098753341681836,0.49124535564914595,0.3672723381059435,0.5128062586707762,0.6083913681801811,0.6612127895902802,0.3480705603405049,0.6029596802683559,0.6673643446383721,0.3356131234042521,0.5555529922243108,0.8505732173198131,0.0,0.4446157354881708
0.5865599094034954,0.555606142325534,0.7866092819977184,0.7803812152251604,0.5235319373518967,0.5850203522419722,0.6378998765130557,0.7409966924666388,0.6586540609993702,0.6647574742704727,0.6904432546537143,0.6309863292031527,0.6752379216081018,0.3760494330320452,0.646879368664999,0.7553371914735814,0.6066866768347046,0.703557746310012,0.662594393010141,0.8156996157157804,0.6016340440553472,0.7924783251683204,0.6550384672399701,0.5516223977985801,0.0,0.48052150630662477,0.8433924726304902,0.6401393199660925,0.6338941858403734,0.47706128179645635,0.7297697808211709,0.4245697934468242,0.7742567910942726,0.5660869232849209,0.6058579305464289,0.5614494030262145,0.5825071250472902,0.5605315916594943,0.7218155763005976,0.7839652944627602,0.6627895936049172,0.6623921217099572,0.19889690033385152,0.0,0.5997174780625933,0.767249285955997,0.707255778626845,0.0,0.0,0.0,0.6624824145045008,0.6662767243864932,0.746494810615238,0.3861441101089297,0.6466691043131001,0.48281031831011273,0.6764378504389252,0.49262636887759115,0.0,0.4238364525618975,0.7064781108862843,0.6236039508299149,0.7955001473329948,0.0,0.6120748393807445,0.3521132594106708,0.6801444907333682,0.6413004963749285,0.677199521490842,0.7210862840926364,0.7613058847137975,0.5753642332773259,0.3570829501995445,0.4859221471938242,0.0,0.7039806967997846
0.724618560082229,0.6416296653425828,0.6842132895069509,0.6369643565058085,0.6651566630122634,0.6314726456561905,0.7756093793481073,0.6384791308881406,0.6523153338112011,0.5918385690032957,0.7418930552343137,0.4474690218558672,0.7443105311553118,0.5705890131936238,0.8303941937773056,0.8402715822043745,0.5490266173127265,0.7708379144357724,0.6913701114076982,0.8232939304855462,0.800102394190662,0.8067994072135668,0.7096715791879844,0.37784429071523074,0.48052150630662477,0.0,0.82850854751663,0.738057549690051,0.8813694313647489,0.37749073704023367,0.6055063960976782,0.6227491922407282,0.8155278566299891,0.5548271451249541,0.6624498004248051,0.5948962903774946,0.36665572304003136,0.5460864864330881,0.5986866028497939,0.7375823878400543,0.6876964481290245,0.43675621005425397,0.297104849507422,0.4896468960850986,0.6958683953328966,0.6186978800469237,0.7135337396968667,0.8463552487521064,0.0,0.018358457974700135,0.7449761369215712,0.6760714331890771,0.6845103691226597,0.6009747617142059,0.670454109082805,0.0,0.7682228791706494,0.7284499334562162,0.0,0.5984140995073226,0.668633362435888,0.5609130036625101,0.7593863154335334,0.0,0.5007448074240679,0.7406344072560964,0.8113695052514667,0.6129068979448686,0.6528926865017618,0.7076728161555126,0.7039109882266292,0.6439098276299662,0.5840143532629319,0.696509138947629,0.4645010418238712,0.6181240010874793
0.7421241313272839,0.7342361592782349,0.41093138305801946,0.6135402704884148,0.5511453297098484,0.5722234853173307,0.6872848325020439,0.49365899653579026,0.46157217329836875,0.605974565840109,0.5828113883106446,0.7058750117413521,0.728790154078251,0.5779048265332974,0.8078350281049085,0.9094231948907064,0.6338608482545529,0.972307748037697,0.41568341365702105,0.7201463454100084,0.7575473747055834,0.5905562271165694,0.4646860771002535,0.5294009697432281,0.8433924726304902,0.82850854751663,0.0,0.7234175169946204,0.6088714065514911,0.7349319326785728,0.8439542670367779,0.6543101061160501,0.7495081312559846,0.8131046807234299,0.7274290002123966,0.48786227764716783,0.8623847893654368,0.5379165409763366,0.7133180093511597,0.48478319366121636,0.6941086426287035,0.5167295618610225,0.6392038514560279,0.6837651977248296,0.24925617111414544,0.6111795557055417,0.5179152041397197,0.667305797817952,0.5842889284112647,0.6532043089152522,0.739213730075732,0.5463676971268342,0.6763692856704082,0.7034342988064741,0.7620513258364869,0.6898705576999397,0.5146739712595368,0.7359841645032675,0.6360634627545969,0.57108308180203,0.6609510296522485,0.0,0.4239097789394737,0.8282635976172833,0.6529896128254749,0.7180344148513045,0.6947418226124863,0.7997289096212683,0.0,0.45682126428698816,0.6591493314445633,0.7381572702233367,0.7080697540718996,0.7363720835618677,0.7601193255713296,0.6724942111384318
0.8451907725652625,0.5753861117588109,0.8102046812322905,0.5944314859664078,0.6792560459825739,0.6217542760907757,0.3692670746437368,0.6469020980041532,0.9139883608017578,0.6797386687921352,0.843996733775638,0.5033472882862162,0.5965039852231313,0.5469964833450356,0.40938084370273364,0.6494643782040108,0.830625652813771,0.6708923897332502,0.8603533205153392,0.6521444499096305,0.4560675309501946,0.5838892012589417,0.7054420852321373,0.6361334624882218,0.6401393199660925,0.738057549690051,0.7234175169946204,0.0,0.6159769361557424,0.5343558966577848,0.584552942121392,0.42770423987538486,0.6206497166692198,0.35809611124564755,0.5828597759226402,0.6101060825980953,0.39091705416242417,0.44533411811825985,0.6162543220826481,0.5321964501642047,0.8059338937151985,0.222870747209893,0.5579726367340623,0.38269558126219305,0.7223985097065103,0.6078911190408345,0.6466584262679729,0.6866328436362903,0.0,0.7675607163013995,0.7554805634080726,0.6402885111772405,0.6456919630184249,0.6741657333439914,0.7408761697210283,0.6136771290021925,1.0364565810874147,0.7437683950292813,0.4065352356360745,0.6252808462834799,0.577425088870746,0.31085820433550115,0.5434640894564013,0.7494568505635107,0.6997987701190949,0.5726007508068913,0.6233173250644022,0.8018733972129505,0.5835974437496216,0.48668057704722273,0.6566666316489578,0.7288727254833715,0.7298771945599175,0.6911354978220748,0.6564061204311489,0.7687282297498779
0.6493767683323499,0.5312840093608595,0.7031253401419392,0.6141627813451142,0.5456478582435649,0.567384958814646,0.66543663080878,0.527539885332303,0.5242996318364991,0.6009546815593305,0.46112969022653033,0.603283435940569,0.6400606477997037,0.29802785013624056,0.5970848925100093,0.6321269323964653,0.4825757249950411,0.7372699954058219,0.5752862398582894,0.7261706512397481,0.4651922953618313,0.5045693561516836,0.7913233244740261,0.7696718648095431,0.6338941858403734,0.8813694313647489,0.6088714065514911,0.6159769361557424,0.0,0.5283471441086927,0.39869328979431923,0.24291790568751978,0.41424872757514675,0.6081445203092501,0.41956697424474665,0.4992142768588158,0.5577422097231947,0.45356454983471484,0.6433281490838889,0.5823281062772416,0.582720505985657,0.44606964776768787,0.5465539865720337,0.734067974095816,0.6985972860997971,0.6153541416874553,0.5668498962162203,0.7026341776963241,0.4197868856807254,0.5370739337939915,0.7046055987960049,0.6316749147733931,0.6549859740145567,0.6036180965709116,0.7728107321538855,0.63828134732525,0.7220369209706108,0.6409514563193092,0.5689019210761563,0.4342106158975356,0.6852262295860871,0.468377843643348,0.5644198432640092,0.6734049118280807,0.6421368757444812,0.4894755178792585,0.6172371424761356,0.7196463761320929,0.4850935337656308,0.5893825783918945,0.6234149433948678,0.704184117516978,0.6415404310507369,0.6983215841539495,0.4564553340786914,0.5333574264805061
0.6502071947207024,0.5622302313678524,0.953667184524216,0.2786820378583037,0.5516116778396158,0.7063025666941911,0.6949871112865782,0.5518598830728567,0.831079012758714,0.5224680601277658,0.4174939195769784,0.5160027601776663,0.5522035952957833,0.7412148437987676,0.4575613731795418,0.5087716751274194,0.43439608528383755,0.7813631055146186,0.6476642623100177,0.5408221548731841,0.4151389004393988,0.44332300545485687,0.6992699455198216,0.9073355976537798,0.47706128179645635,0.37749073704023367,0.7349319326785728,0.5343558966577848,0.5283471441086927,0.0,0.5784511374568541,0.4218192022789887,0.5498349960903481,0.642367590183558,0.5661627058797836,0.6168560429672985,0.3411606217280606,0.25998405924688084,0.7161300528484823,0.4798626618746671,0.4784793475761816,0.5639019440656715,0.6865470550517083,0.29920493537280834,0.0,0.0,0.0,0.4736601390765356,0.0,0.0,0.5795892507433391,0.6905190667927783,0.5332313138641215,0.7922857313659903,0.5529602152732567,0.0,0.028855034694034006,0.42329263070165546,0.0,0.5327358939185869,0.0,0.0,0.9234471040500495,0.9222175108405697,0.6431116133973106,0.5496496897533671,0.7797163855020389,0.7726724767389102,0.0,0.40931185992227737,0.4786409111577757,0.758627563861155,0.7257042903178114,0.5976173610121644,0.6224709461036412,0.4596022774545835
