0.0,0.9422817109861901,0.6459657523997525,0.0,0.6395525145843777,1.020822827865861,0.7570461562790811,0.9040220977804913,0.6886372355461133,0.9895260939623056,0.581996256390638,0.9281878272751936,0.7180731804989542,0.6461803421384389,0.9582811828559527,0.9874627539750894,0.6077726891138991,1.0031866373611074,0.0,0.946675996472347,0.5634060645088835,0.8022917911809913,0.954510710441725,0.8661025179607867,1.0477103245369142,1.0381539331250602,0.938313822440733,1.0535334424947056,1.0039923017571073,0.7446987667701356,1.0107130398620003,0.9434736500399096,0.8497669504891379,0.8896189746790443,0.6816928263463446,0.8388892228129291,0.48851640322499323,0.7960958558865228,0.6670432389568148,0.8374721234533056,0.664930370506621,0.5972917049591793,0.4728769308184601,0.0,0.5210187894926276,0.6699724114714055,0.9345364102169915,0.0,0.0,0.0,0.669144788309751,0.0,0.8516661501379006,0.0,0.875778397415027,0.0,0.8661633015838552,0.9002345353696874,0.0,0.6455568432478125,0.9329494689734832,0.6855565415099055,0.9574945545621201,0.0,0.8013545027476983,0.50106517271797,0.695176564262422,0.7376570863695197,0.8942701786777005,1.0337196407988927,0.8857539067288087,0.8690644691966601,0.44882208893000886,0.916314298056165,0.0,0.7374574195889911
0.9422817109861901,0.0,0.869291088237414,0.3969956340930897,0.8433490258568441,1.0281697037734923,0.9950404851851203,1.0995072989612737,0.7022437313601677,0.666928079319572,0.635951900027017,0.7173290294460467,1.0740687102308997,0.5480109799108646,1.0637926868845402,1.0224203701706507,0.8696427504472092,1.0280819024591121,0.6851316310231044,1.023103537942802,0.9019550755361301,0.979068689416116,1.0344582768454074,0.6983605060376383,0.8032691434692549,0.6523904366274313,1.009452558451154,1.0336802239955742,0.9738375548082203,0.715953695824475,0.7132352240747286,0.6717101797008941,0.5900199431364646,0.6354346952414497,0.6276455622901289,1.2612443983047041,0.04629288818202566,0.0,0.5576637832089542,0.7443191741110331,0.5420006633191256,0.7781883317651701,0.5871802954480977,0.0,0.0,0.8200196404791469,0.7483186509882296,0.04213156332793733,0.0,0.0,0.6587869811874703,0.8734032635637725,0.7001283742857047,0.7845117700272287,0.722887377520306,0.0,0.6969733477129585,0.824269049043281,0.0,0.6945879718019341,0.5493169289006623,0.7790211612871027,0.8125407756506793,0.0,0.6295751811635074,0.8330574717058681,0.6149027964617519,0.8765507434164928,0.7920703289248264,0.8277083588693541,0.8033734705115503,0.6317783640875902,0.7997794978603878,0.6473283865180284,0.0,0.8395755651972319
0.6459657523997525,0.869291088237414,0.0,0.8018491341035296,0.8778566157883534,1.0119600676764298,0.8315533490925211,0.9634601048255756,0.8140467070770614,0.8209970987882687,0.7611361486284305,0.8835735886749796,0.8390841155785029,0.7596301169220621,0.6252971367888299,0.5756669185379923,0.9133562801151327,0.6876830324059355,0.684415067465294,0.702557944464747,0.7263424871829431,0.8068532615729396,0.8978044520441413,0.726152100266287,0.6712480793714426,0.7225645184377123,1.0613442511847935,0.8223769351353436,0.9212216019258431,0.9233861758154147,0.7389554178552189,0.7034084021929572,0.6319862554384965,0.8650218453110834,0.8073486411356787,0.7211308557282685,0.7085696650784301,0.8176182623418915,0.8404168759436279,0.46956251653449277,0.8403714798709259,0.8801930341528248,0.9056152403954228,0.7396055465676394,0.0,0.0,0.3856527983275434,0.5420888288204735,0.4715168575494884,0.813909418855979,1.0666077697841958,0.8031801474231208,0.9046385008664173,0.9319357773237824,0.4317921936645106,0.8238863135128155,0.8937588730332604,0.8293888065351339,0.6440710756504826,0.35319137702479697,0.0,0.0,0.0,0.7642498559101749,0.7846798962456789,0.4406692670604437,0.24582547369542723,0.8504020100351941,0.0,0.5468431946669615,0.6687323301224032,0.9840317207817618,0.7125753222523357,0.7940563857700031,0.6493271559447273,0.6405695774199649
0.0,0.3969956340930897,0.8018491341035296,0.0,0.7889322611004872,0.8813537601590185,0.6922532460814379,0.9407152198031938,0.9407446621560311,0.9804627055537775,0.7571314005794825,1.0036277727316474,1.0468461552489383,0.7736107939151182,0.9004502957501657,0.2581918646443963,0.5925072661940471,0.4716873460808175,0.9058652729684167,0.8078909312361634,0.46620938697208203,0.7783392055604054,0.9733083244361793,0.3642215526228877,0.7976332419320133,0.6173185810883284,0.7849663907697126,0.837961089390149,0.4909815962684869,0.3680618861212899,0.9198830150041214,0.7860071080854364,0.46890277006145864,0.6283050975859501,0.5293610399278406,0.6021169033506419,0.715517152726432,0.8027188723213642,0.31197770850466255,0.3710733875523579,0.42305796574076115,0.4660905565026624,0.44354323942385243,0.2973687241287396,0.0,0.0,0.0,0.40910586669926874,0.0,0.0,0.75508665736205,0.0,0.46784084841877616,0.3157475515655923,0.0,0.4178995100625817,0.4310033884462814,0.4525002369785135,0.0,0.0,0.0,0.0,0.0,0.0,0.0,0.0,0.45539891636902774,0.9051849253659681,0.0,0.0,0.0,0.722310701084627,0.4572885210375154,0.5553026592689735,0.0,0.0
0.6395525145843777,0.8433490258568441,0.8778566157883534,0.7889322611004872,0.0,0.7617371688121948,0.5975418134066519,0.743882567231493,0.6712739323251042,0.8826089772534939,0.6133857713154403,0.5782516398538504,1.0054896334458845,0.5060860446436022,0.6783666269196104,1.0802773225618953,0.9230682600031033,0.7275670736681846,0.7179916502618979,0.9006248986171271,0.7512356205450758,1.0393418179866956,0.7466497317447639,0.6967643945126654,0.7301662968194971,0.5991885943756561,0.7646445582286516,1.0476855819248632,0.9910645476047832,0.7226391853626678,0.798543562456603,0.6977462499992539,0.956271140329458,0.8549387448761385,0.681024614253051,0.728894801261891,0.7361028618607853,0.5051665236536758,0.613925922603829,0.4691173535719935,0.6822711076188972,-0.3468032929941049,0.8119869452085908,0.3854605249271392,0.3552284545961592,0.0,0.4858661611339614,0.6727092421713856,0.0,0.7599958963995097,0.7072011591139471,0.8592708019940765,0.7734144193551011,0.7112936341364715,0.0,0.7053842215918207,0.44553042671901694,0.9916591996562476,0.854791500756128,0.5602436315128547,0.45216998783184026,0.0,0.0,0.7184516094990767,0.6356073376588299,0.48551144685843467,0.7293950216259822,0.7755143501961295,0.0,0.4704334516197545,0.8994009206037217,0.9939425571603822,0.8888260815299545,0.7197053911874676,0.0,0.821591355945832
1.020822827865861,1.0281697037734923,1.0119600676764298,0.8813537601590185,0.7617371688121948,0.0,0.9097099987759427,0.872760186872996,0.6302131353422711,0.8547668199806826,0.617386731157842,1.0044845046564608,0.9790038764670272,0.6430567048984883,1.0698787631087483,1.1106872837347925,0.7069631246772641,1.1123217246353867,0.9419206721096178,0.8984577737654783,1.0668225279955839,1.085891907754586,0.9517377902623343,0.45892586512701233,1.0173613856909713,1.0978602920742266,0.9284736480275243,0.9940252454417461,0.7717935391368644,0.8955721050859268,0.9332595069368068,0.8208481072719922,0.9594473036874036,0.9349160451167897,0.9053688618271052,0.8417014882939448,0.8064715819403401,0.7672295910588671,0.7886456966878468,0.5497633935567637,0.6962058705290614,0.8575602641366491,0.6997357960010895,0.9420074184259357,0.6100194516161497,0.9128257676897883,0.8573889733464111,0.9020824078734673,0.8058182446124218,0.5657983561393305,0.7845581732230428,0.8043657338322374,0.9380060596299749,0.9462699440814967,0.8502940207464389,0.7233364689449537,0.509696923335565,0.7653129518036101,0.7528368554203937,0.8023607064273579,0.8727454488640971,0.0,0.9470754913399857,0.5626226099349058,0.765998853032008,0.750337233766744,0.8681857192579068,0.8164596570460552,0.5064695333702895,0.8316952095109065,1.067030252774746,0.8275217360029058,0.7178466275898157,0.8195293767971314,0.6492972134745207,0.6199055274955194
0.7570461562790811,0.9950404851851203,0.8315533490925211,0.6922532460814379,0.5975418134066519,0.9097099987759427,0.0,0.7896047791724374,0.8858862447607717,0.7913215058026088,0.8180468095317492,0.534780112774337,1.016141147471501,0.6901491756953078,0.7575280690732946,0.9949662191640883,0.8854019275789646,1.0381891294513654,0.8262634713045649,0.970634217250811,1.0262100568639445,1.0609961733546647,0.9026331815189844,0.5004433017666587,0.6518174350431233,0.7251300873322546,0.7995523742961778,0.8968754974956084,1.014880882059462,0.8897640017432712,0.8267338075315132,0.8899495852626205,0.8851286611827013,0.9391843377463204,0.6663662153761744,0.846686584995402,0.6240887750313268,0.7523829816885947,0.9500781343144891,0.7120065028265036,0.5721858868490564,0.37714997504335124,0.7815938108571228,0.9640490910845187,0.7573627857563223,0.0,0.8562546699395753,0.5934539846596032,0.0,0.8236461786279247,0.78605882964541,0.839177455424283,0.7299664640665295,0.9105025469920969,0.7711350887825399,0.6651124130699632,0.3805214344938379,0.8564942318389469,0.5332331934720786,0.6361113509601535,0.8116268230695547,0.0,0.49547825645026533,0.9434049417448291,0.88280796315672,0.6327331603226367,0.9116466906750154,0.817140068114669,0.46903333038555584,0.8690864437934713,0.9277547730929115,0.8555678811513576,0.8443582707284858,0.8285758717646642,0.9146206720676159,0.7481677077700051
0.9040220977804913,1.0995072989612737,0.9634601048255756,0.9407152198031938,0.743882567231493,0.872760186872996,0.7896047791724374,0.0,0.8278596840751314,0.616525872980169,0.5401907059457941,0.8087529599501785,0.89428790999981,0.6211508080808059,0.7337931923731666,0.7928468529748064,0.5968955839912641,1.1392952945880497,0.662163311923662,0.8500966720129693,0.7419106246572178,0.6723687924085746,0.8895776913321347,0.9178665728966477,1.0441340986029963,1.0641284459596214,0.969481241090382,0.9609592683792154,1.0413513218131822,0.6893691849878263,0.8796843960015137,0.7020850542745667,0.896298407511045,0.9825211941570811,0.5678135722023574,0.4218078196737162,0.25073274275042284,0.8103625082081729,0.7299829056904711,1.0388845090503052,0.5815019294182608,0.5717705620677378,0.6839434796899223,0.6426690007475532,0.0,0.813368327910352,0.7625990555158019,0.9341539373734672,0.0,0.5727269046694663,0.8412811770831246,0.7791488026266189,0.6924954991282439,0.9450631163810266,0.6449139609501224,0.505712319550595,0.9305174293483391,0.7001182334856457,0.5610527168791436,0.8443297269861809,0.6098274444257865,0.0,0.5533083034975692,0.8406420639422011,0.6928282480845962,0.6349736395362533,0.7458726133895559,0.7387222626821144,0.0,0.7760823179444141,0.7878650188946266,0.9031338370723815,0.7282950246567983,0.8264356016064697,0.7153679599355354,0.5850808462194668
0.6886372355461133,0.7022437313601677,0.8140467070770614,0.9407446621560311,0.6712739323251042,0.6302131353422711,0.8858862447607717,0.8278596840751314,0.0,0.9107188150816263,0.662468154069447,0.7577438543666684,0.8776843256207737,0.6840390022099607,0.8121634627717205,0.5438094557430397,0.8634149432440353,0.7839785335672587,0.6573695842879277,0.6604536680243754,1.086304590156337,0.8913152511381859,0.827341084257259,0.9085554093686864,0.7151176645593063,0.7711341274375973,0.7932291707473371,0.8746041661672668,0.7648871087865472,0.6954776271874025,0.8653524950352687,0.752471772760326,0.8190949873415986,0.901086113671167,0.814079836611164,0.8182476310999818,0.762529896715407,0.8245568032791124,0.8105374930726641,0.3273114902923047,0.6069480007118612,0.5627155044880812,0.7367597711796263,0.7416385335057862,0.6387828707968393,0.0,0.6824964964966236,0.7506883304146963,0.4671645741910551,0.9282519796538707,0.6989342670914205,0.9609996883139715,0.822996742672676,0.7651285772747456,0.3737080003436285,0.6806093920728403,0.6542491741424228,0.7957411331446864,0.6557387566533722,0.8525123506290866,0.7304870707405691,0.0,0.0,0.7139783598865548,0.7543894141689016,0.626736925728915,0.7343182504042588,0.7887988259851917,0.41801526610471823,0.6657475471488514,0.5635535480485153,0.7111884326629254,0.8715200680676246,0.8730522822978461,0.7898350641856091,0.9518335761363319
0.9895260939623056,0.666928079319572,0.8209970987882687,0.9804627055537775,0.8826089772534939,0.8547668199806826,0.7913215058026088,0.616525872980169,0.9107188150816263,0.0,0.8276377379937705,0.6425213681209012,0.8354110879485773,0.9215122143700284,0.6175149781491697,0.8189436206728709,0.8639087023764711,0.9097019856631878,0.7409885177815135,0.6069702911602577,0.7862327272521495,0.7759220913336343,0.7914541442652389,0.8214001823835162,0.8900616511944228,0.8056537805110027,0.6851969965639622,0.8136464102913408,0.6890742338364024,0.7072899413652076,0.8339424239647689,0.16895662070613954,0.8354304877591832,0.6288772450610332,0.462924236640031,0.7106621394696382,0.6555700281221767,0.5928222100799132,0.14981941353813527,0.7296074844389782,0.6022697278956526,-0.017134149201048,0.9687829921928754,0.6861882202090829,0.565682634601007,0.9400001372271265,0.7122569499597702,0.35789139030964157,0.47501932469293734,0.4359601007627315,0.6877171887637263,0.6205357082352719,0.6904418668416721,0.47933446704665733,0.9854021780103919,0.6140537001750723,0.9066671192691774,0.8096133167216502,0.0,0.6220576039380842,0.5927874548946928,0.9771351536606899,0.9404681211068069,0.467592901062692,0.4658461961241196,0.8511117584122985,0.4435511793057697,0.8957184420306896,0.6868685950432661,0.8528983341643959,0.9732341875700925,0.7051788016458543,0.7578784360682012,0.7550774533689557,0.0,0.7464790161848371
0.581996256390638,0.635951900027017,0.7611361486284305,0.7571314005794825,0.6133857713154403,0.617386731157842,0.8180468095317492,0.5401907059457941,0.662468154069447,0.8276377379937705,0.0,0.699809373887767,0.7789565636039075,0.6098242559977383,0.0,0.4910297618415663,0.8796652813436221,0.8931797776755397,0.6722439536233775,0.451538977483839,0.7060985425971044,0.5245084318998331,0.6328949914518343,0.7577804405307769,0.9308432424374542,0.99819295005938,0.8975602213194867,0.8182547535461442,0.7137204277201151,0.4840087287052265,0.7068625701200424,0.41967561441169127,1.0027110415176668,0.806904216619385,0.8096466653172683,0.6617044278229756,0.8583455122001691,0.748735548001046,0.06810576415547537,0.7096067679685581,0.8656155918484691,0.7195004719539388,0.6190187704704403,0.6466127675279072,0.43420846849779215,0.0,0.0,0.8192061457606692,0.4679270388309187,0.7007011987296607,0.7996485215365833,0.6613954804188112,0.7083991070073485,0.9037450534091191,0.7062090312655738,0.13007566006466967,0.5933073992924964,0.7880271398679455,0.6648559123139104,0.0,0.0,0.0,0.0,-0.015927791260198443,0.5105268152290375,0.0,0.5289583210378549,0.6636142457921257,0.0,0.0,0.8903989238102723,0.7774344753227214,0.7950541084766201,0.4694814974093676,0.0,0.8500197184852083
0.9281878272751936,0.7173290294460467,0.8835735886749796,1.0036277727316474,0.5782516398538504,1.0044845046564608,0.534780112774337,0.8087529599501785,0.7577438543666684,0.6425213681209012,0.699809373887767,0.0,0.6059837905399785,0.6596243906679136,0.6986130855539692,0.8574684197148765,0.39204074981706344,0.5944168939255949,0.8321227521836306,0.21183803636730875,0.794656699137861,0.8343627785253439,0.6844523221066128,0.5193694504387526,0.8238385988711823,0.5964562625286801,0.7821757578487383,0.5326737409560461,0.9057564550294002,0.6038664719795915,0.3922058545539412,0.37900898144558304,0.7146123467907378,0.19097621919636198,0.33752356159290675,0.45264475520289327,0.5293776084921925,0.2846147422613283,0.41835932154335426,0.6227018227439614,0.12399667226644712,0.04983622847502259,0.6517843252738958,0.595590203240985,0.2577257157029694,0.9125224474786137,0.6202601426481524,0.5081612135853384,0.4714877241363752,0.2865554857329292,0.601477803085575,0.7569449824596322,0.3562567949988972,0.651940932991715,0.9453934673988654,0.33405116300869,0.9225787212627825,0.669076023188393,0.5273381910205399,0.5122056548736429,0.6593191596947543,0.9236655248764336,0.9662983205159059,0.5585231976366916,0.8156607762867696,0.8349091004778872,0.7050298030638102,0.7176791405592845,0.5641558509064315,0.8449033415104223,0.9782135731342647,0.6427318298706177,0.8027532636181612,0.5488003427565042,0.0,0.7484385654724037
0.7180731804989542,1.0740687102308997,0.8390841155785029,1.0468461552489383,1.0054896334458845,0.9790038764670272,1.016141147471501,0.89428790999981,0.8776843256207737,0.8354110879485773,0.7789565636039075,0.6059837905399785,0.0,0.8018510481791391,0.933750205339229,1.0406153979991408,0.7185541243956473,0.8818456379560042,0.8186464010373602,1.00645568211671,1.045543235244339,1.054653326630584,0.9582796456193705,0.4617832863346544,0.9335348421235683,0.776955458422505,0.8573609792645331,0.9291982669942559,0.996187952061707,0.8467932455504751,0.8162087894887567,1.0213350208472902,0.7064118769143903,0.9243843040505371,0.8566395936970888,0.9929003749452632,0.8543575923484457,0.8183894538893818,0.5395503653785138,0.34656416574122484,0.19189673252308467,0.23302152444426338,0.730808215598352,0.6263627548187968,0.39124782794675506,0.7220783451019751,0.9183098556431653,0.9191149608217049,0.0,0.92776229985449,0.8650979733723565,0.8362589907145364,1.023189546547998,0.932857398223117,0.7680073373609737,0.7168776888652083,0.6589552162725411,0.8364265677763884,0.26388364585642476,0.8818484769546444,0.7883182729901679,0.5438360723669935,0.7668118029577367,0.9233373703647967,0.6828796867573876,0.8732607471530679,0.8860137728030044,0.8938604939433946,0.8014417107714535,0.8898682017601531,0.9281689848352583,0.9316801975486299,0.8822302983533883,0.8348542493599869,0.6155463534698377,0.9008855272630529
0.6461803421384389,0.5480109799108646,0.7596301169220621,0.7736107939151182,0.5060860446436022,0.6430567048984883,0.6901491756953078,0.6211508080808059,0.6840390022099607,0.9215122143700284,0.6098242559977383,0.6596243906679136,0.8018510481791391,0.0,0.671029429620026,0.5046936175653337,0.455972355854801,0.49622530534017384,0.6231579668059892,0.6879611573927633,0.6691501505552928,0.2878065695250756,0.7116383205384134,0.88672168041106,0.5696650187952097,1.0517001219273374,0.8026466277964048,0.5787418945841696,0.4396248893210756,0.7002454922853065,0.707995543509935,0.26898659356876997,0.373162186634037,0.6215199385984838,0.6110440894120888,0.43145108324778,0.5545780354139069,0.37265989773329455,0.8057222301140758,0.0,0.5256855584485784,0.6726832395038278,0.7698855857505899,0.4707671453192356,0.0,0.0,0.0,0.784191263831022,0.0,0.6202891668305683,0.8131113357263864,0.7301760968010172,0.9523190078212065,0.5835589773490926,0.0,0.5931955955877292,0.362428555299252,0.8884107447961245,0.6448112625260031,0.0,0.0,0.0,0.0,0.5561586257893085,0.0,0.0,0.0,0.7643421531321914,0.0,0.0,0.0,0.7170052665235587,0.8881594149541716,0.0,0.0,0.0
0.9582811828559527,1.0637926868845402,0.6252971367888299,0.9004502957501657,0.6783666269196104,1.0698787631087483,0.7575280690732946,0.7337931923731666,0.8121634627717205,0.6175149781491697,0.0,0.6986130855539692,0.933750205339229,0.671029429620026,0.0,0.9523994798257399,0.7561828677059415,0.7905545729320888,0.0,0.7854157329316676,0.9670441165138923,0.9138674741092903,0.8267631525574198,0.8054994648904295,0.740353377283802,1.0357351132955377,0.7705141807175542,0.7931988084883133,0.7858527864795897,0.7479460329982341,1.0140765144161061,0.8725872821756382,1.052904987169967,0.9596263031379726,0.8848961101392192,0.9139250792788526,0.8160766660889156,0.37998084180137504,0.6033522943918,0.7629606160974616,0.6650018698564859,0.539520491891288,0.3239574925906215,0.4081217214800734,0.0,0.9662989795656618,0.881831887691658,0.7337878042984918,0.0,0.0,0.7572642409657284,0.8771399273236953,0.736168336139118,0.5823474163541251,0.0,0.0,0.7109687792318421,0.85019476360052,0.4699948456023586,0.7485597846319119,0.9306428891194722,0.5427060027732454,0.9840214126421312,0.0,0.8163842102949772,0.8096913941435834,0.8710803370824616,0.8078296179403222,0.4506081319508084,0.947426389849535,0.743025864923668,0.7976409388146484,0.822263773724372,0.7412829948256991,0.6813964435571778,0.7962662342150328
0.9874627539750894,1.0224203701706507,0.5756669185379923,0.2581918646443963,1.0802773225618953,1.1106872837347925,0.9949662191640883,0.7928468529748064,0.5438094557430397,0.8189436206728709,0.4910297618415663,0.8574684197148765,1.0406153979991408,0.5046936175653337,0.9523994798257399,0.0,0.8026931924622986,0.9093848088962502,0.4515083756197681,0.8783050025746217,0.8937177591733046,0.958934708499037,0.9538085671431906,0.8577703614298136,1.0727216173085214,1.0075229818419835,0.9591058617740134,0.9349191145127527,1.0059394409016646,0.740394083839783,0.9386475156831153,0.7732781759680782,0.7701313954967862,0.7118362591732736,0.7384484977205457,0.3940512843681793,0.5846220547109179,0.5698739297565627,0.6713432610920114,0.8442602644703538,0.6169422247688785,0.5788924369625672,0.47070609173058386,0.0,0.0,0.7676960398184625,0.843764089536828,0.0,0.0,0.0,0.8715914114239227,0.7309497485082279,0.8971878227457215,0.0,0.5368248042651431,0.0,0.6537671743749651,0.7893724169144456,0.0,0.6375245623486143,0.7282446667858248,0.3232746724540455,0.8575128607105315,0.0,0.8032493531226803,0.7635015475308835,0.6000317194125377,0.9397853584879836,0.7183600660280132,0.9424459896436189,0.8822028562814622,0.7989835296368586,0.8208297671325733,0.8102528453031117,0.0,0.7302778621021961
0.6077726891138991,0.8696427504472092,0.9133562801151327,0.5925072661940471,0.9230682600031033,0.7069631246772641,0.8854019275789646,0.5968955839912641,0.8634149432440353,0.8639087023764711,0.8796652813436221,0.39204074981706344,0.7185541243956473,0.455972355854801,0.7561828677059415,0.8026931924622986,0.0,0.8678686760166204,0.9182298607885486,0.5947703591996821,0.4555976786380722,1.0318010620166396,0.7757296254494495,1.0200723866178625,0.8158520640583815,0.9865025887426245,0.7560657756612558,0.8648992287005766,1.038795294937582,0.8046926797550007,0.8078171308258206,0.5686387147293055,0.7597497164536214,0.5676099262000345,0.5387975954402962,0.657126172221806,0.34688693028706286,0.48829660766695765,0.5516570503805428,0.4700764403983526,0.6746699885773143,0.6393507757571738,0.0,0.0,0.45596612505537404,0.7727109797101481,0.4836981279910133,0.0,0.0,0.0,0.0,0.0,0.0,0.0,0.8112195963563777,0.0,0.7205233057122603,0.49003779977785233,0.0,0.5620733751513035,0.43960329931938075,0.8303178732649399,0.7234896123956507,0.0,0.0,0.0,0.6103561879645294,0.0,0.7933046475641135,0.814193743895522,0.9647029870659887,0.0,0.5850354266623817,0.4668153315489787,0.0,0.7923859368170396
1.0031866373611074,1.0280819024591121,0.6876830324059355,0.4716873460808175,0.7275670736681846,1.1123217246353867,1.0381891294513654,1.1392952945880497,0.7839785335672587,0.9097019856631878,0.8931797776755397,0.5944168939255949,0.8818456379560042,0.49622530534017384,0.7905545729320888,0.9093848088962502,0.8678686760166204,0.0,0.8107671375876722,0.8701716282699803,1.0012378210482145,0.9844542522057054,0.8420852695458495,1.0373757166779485,1.0635501378725039,1.0130634644951018,1.0280115665408254,0.7601827174467037,0.9955062841886181,0.7637022713145534,0.9737564847593785,0.9584155855023004,0.9427035793549091,1.0212326904378364,0.8189157940824928,0.6573071766026464,0.3966591641489291,0.5856616542792237,0.8319126755631493,0.7419709659989342,0.7838191256287919,0.7557123349485619,0.0,0.0,0.5523381353775338,0.8734576441108732,0.9620258298811746,0.0,0.0,0.0,0.7142824579789797,0.49601371734192934,0.6059597194947669,0.0,0.8884735361135886,0.0,0.8731885076833087,0.726824947579217,0.0,0.952464077633365,0.8241851397879076,0.7571505305193998,0.8012517748249965,0.0,0.7477646445133567,0.9382464538821269,0.5833540333648025,0.959669540772524,0.9034197066337768,0.922634716039715,0.9944989067861707,0.6688863625098679,0.8547333267162224,0.8971722161461482,0.0,0.68326359422347
0.0,0.6851316310231044,0.684415067465294,0.9058652729684167,0.7179916502618979,0.9419206721096178,0.8262634713045649,0.662163311923662,0.6573695842879277,0.7409885177815135,0.6722439536233775,0.8321227521836306,0.8186464010373602,0.6231579668059892,0.0,0.4515083756197681,0.9182298607885486,0.8107671375876722,0.0,0.5025570174232065,0.6835043123238911,0.718481785231794,0.47985185794702856,0.8008494966643795,0.8944222799095114,0.80505843411774,0.9234505241127757,0.8498559256905635,0.7259024827369047,0.8518059797969937,0.7838812626841911,0.7833689708238455,0.7381657149266616,0.9134507358352908,0.8717952441841371,0.8445066447618823,0.6901853898508399,0.6933125292481901,0.703003727767366,0.44199245122433,0.5254182646101515,0.40492811267179335,0.7317080845832197,0.5920873511572985,0.00547697544637641,0.0,0.0,0.6888123621233904,0.0,0.6445968884051604,0.6639105601915295,0.8461510144463685,0.7328108811436107,0.9570129275680302,0.5920604922795261,0.6491783801499502,0.7808209071278216,0.6566701780397465,0.6826592627304764,0.0,0.0,0.0,0.0,0.7213411209437988,0.4697279453203001,0.0,0.4860017497654221,0.7105693853846079,0.0,0.0,0.0,0.9049722701928582,0.8201220244074949,0.7775368861792904,0.4712564394353868,0.8794447850463076
0.946675996472347,1.023103537942802,0.702557944464747,0.8078909312361634,0.9006248986171271,0.8984577737654783,0.970634217250811,0.8500966720129693,0.6604536680243754,0.6069702911602577,0.451538977483839,0.21183803636730875,1.00645568211671,0.6879611573927633,0.7854157329316676,0.8783050025746217,0.5947703591996821,0.8701716282699803,0.5025570174232065,0.0,0.9099286695911293,0.7670654283792906,0.3786917634603635,0.8193375389289688,1.0089483090786633,0.9251952997937629,0.666816206875835,0.907182875883822,0.8598712779381867,1.0190618526183035,0.8044823665468427,0.6831160566783776,0.9032277870046204,0.7794346493771402,0.7764476138583302,0.8574013864765134,0.6987388864057753,0.3931037927954055,0.5988805898277505,0.8051315303031564,0.6910955472091802,0.6173434727288869,0.6972797880474572,0.37334320334773907,0.32885673447620556,0.7784178228972397,0.7398982083192163,0.7661489007060691,0.0,0.0,0.8660502644567217,0.9503113377931609,0.9441501170307682,0.7140186474172003,0.7833913221251209,0.0,0.6817301212150246,0.9131089068222255,0.0,0.5789699485515312,0.8188476169102918,0.47133677475458485,1.0471826959919044,0.0,0.5276058411013731,0.650930758932496,0.6016462515745337,0.736927192828486,0.0,0.7265010583321647,0.6771498110130394,0.7858930808075169,0.7384742955579486,0.687295069296379,0.6889653987178108,0.6907457893166333
0.5634060645088835,0.9019550755361301,0.7263424871829431,0.46620938697208203,0.7512356205450758,1.0668225279955839,1.0262100568639445,0.7419106246572178,1.086304590156337,0.7862327272521495,0.7060985425971044,0.794656699137861,1.045543235244339,0.6691501505552928,0.9670441165138923,0.8937177591733046,0.4555976786380722,1.0012378210482145,0.6835043123238911,0.9099286695911293,0.0,0.9854446512555635,0.9892599351543444,0.8926095222553707,1.0906907007214683,1.0295267377685409,0.996993475044351,1.012927788208551,0.8449554150679958,0.7277947924144619,0.9084774586144488,0.668630331610806,0.7882228225155683,0.5993425359691705,0.6389422806086285,0.5683250658165359,0.5051563480483474,0.8863455324495036,0.7392563687653297,0.986169850784409,0.7000583361639063,0.5505344479604877,0.7549211293133281,0.0,0.0,0.8405778221303116,0.8946839614152409,0.7828254977784257,0.0,0.0,0.9716111877808317,0.6411422812804595,1.0086841401360656,0.6119471147703885,0.8329503739525569,0.0,0.797815123095261,0.8511535607195143,0.0,0.6961667164821788,0.6893907337513445,0.0,0.7852085815989489,0.0,0.6941959139313282,1.0691092121328738,0.8186568358614803,0.8381340199348704,0.5365419878528371,1.0701327731632133,1.0453571293738988,0.817614343420672,0.7552434561530326,0.9209623380691586,0.5116049891624623,0.4977135730812475
0.8022917911809913,0.979068689416116,0.8068532615729396,0.7783392055604054,1.0393418179866956,1.085891907754586,1.0609961733546647,0.6723687924085746,0.8913152511381859,0.7759220913336343,0.5245084318998331,0.8343627785253439,1.054653326630584,0.2878065695250756,0.9138674741092903,0.958934708499037,1.0318010620166396,0.9844542522057054,0.718481785231794,0.7670654283792906,0.9854446512555635,0.0,0.7722103234887656,0.5334524959659208,1.0333324287329766,1.0356688029325434,0.8918908511024689,1.0641092488133443,1.062798731849269,0.7564243533682985,0.9302774511073936,0.9233895190286908,0.879235991321125,0.9560423363629331,0.8500453527738003,0.7926374697164016,0.904193975797492,0.30695196425153404,0.6770029431508093,0.7762483723805309,0.5895094161823922,0.6163780892257698,0.40384332829707636,0.44298081925719995,0.3880270357039748,0.8413685305626841,0.8654150690132785,0.7989084430454554,0.47032497534892165,0.39361066450891385,0.857960625248635,0.9398474440584963,0.7981734141412267,0.9209757071360967,0.6082214558271366,0.0,0.6444882568651343,0.9282159591492714,0.0,0.6780718782138475,0.5626902875578281,0.7123933617413558,0.5970731723748002,0.0,0.641667390985937,0.6959445685614261,0.7935983257546273,0.6362216851455607,0.9674253273329521,0.756656446909383,0.8243710203410878,0.7011839675378515,0.8542692261121362,0.7710140538187484,0.6135644524043645,0.7076379265136841
0.954510710441725,1.0344582768454074,0.8978044520441413,0.9733083244361793,0.7466497317447639,0.9517377902623343,0.9026331815189844,0.8895776913321347,0.827341084257259,0.7914541442652389,0.6328949914518343,0.6844523221066128,0.9582796456193705,0.7116383205384134,0.8267631525574198,0.9538085671431906,0.7757296254494495,0.8420852695458495,0.47985185794702856,0.3786917634603635,0.9892599351543444,0.7722103234887656,0.0,0.930284103332065,1.021250559421552,1.089026632814241,1.0078088149867632,0.8762182766850102,0.9427984869283681,0.7708521723587543,0.7552262108434333,0.8864113226131292,0.7984563716736939,0.8126933889927058,0.8178622122996765,0.7213652388400106,0.9078734836936747,0.7687288069943374,0.8390456500258446,0.7892711471121399,0.7955707468284756,0.8295539450270305,0.8151850233387591,0.9358211208086495,0.6551169964007824,0.7950768978055303,0.7881172717362998,0.942544709325536,0.7071587794225244,0.9018846599796742,0.8863024606488215,0.8575666559727149,0.9625531751201895,0.950513213921006,0.8225651045523418,0.7736821315380957,0.4914192581187685,0.7871476167872483,0.6866049935773154,0.7793358151109321,0.9968588676790981,0.4658461961241197,0.9489360359143686,0.8676977528321936,0.7651145977936452,1.0027347360016743,0.7994219027989145,0.9558705258580492,0.3378069877804918,0.9441785944148954,0.9207880797475887,0.8699696401987349,0.7874934852820455,0.8813957142687484,0.8426202025013669,0.8175182758384048
0.8661025179607867,0.6983605060376383,0.726152100266287,0.3642215526228877,0.6967643945126654,0.45892586512701233,0.5004433017666587,0.9178665728966477,0.9085554093686864,0.8214001823835162,0.7577804405307769,0.5193694504387526,0.4617832863346544,0.88672168041106,0.8054994648904295,0.8577703614298136,1.0200723866178625,1.0373757166779485,0.8008494966643795,0.8193375389289688,0.8926095222553707,0.5334524959659208,0.930284103332065,0.0,1.101654151379213,0.7416727834962435,0.8949251135145191,0.357919246174749,0.7076537822900101,0.901721701841343,0.39276068353485194,0.2146017122593625,0.3682878255516739,0.0754977431205707,0.21291556470185333,0.35202705280912056,0.30935026490151574,0.3566706018971551,0.06308981713584338,0.833683889954791,0.35265417892735507,0.050846435967802806,0.6655891422853206,0.271321754993634,0.48440831037760673,0.55349899878857,0.9643625309328201,0.0,0.0,0.4729095619059611,0.5712512058240657,0.38587916531586997,0.0,0.3135305297311276,1.1319550912901766,0.49637241109051666,0.9876054051723442,0.8184950103199566,0.0,0.3473721134214518,0.7976714569408385,1.036948427930996,0.9678083938372841,0.47293535409814214,0.4096839651728096,0.4099137991963719,0.6628510282340918,0.6777127125585112,0.6651029985541776,1.0866713546692646,0.9694397581161982,0.5465231918999305,0.8355364263383436,0.8555135380898863,0.0,0.833421782472029
1.0477103245369142,0.8032691434692549,0.6712480793714426,0.7976332419320133,0.7301662968194971,1.0173613856909713,0.6518174350431233,1.0441340986029963,0.7151176645593063,0.8900616511944228,0.9308432424374542,0.8238385988711823,0.9335348421235683,0.5696650187952097,0.740353377283802,1.0727216173085214,0.8158520640583815,1.0635501378725039,0.8944222799095114,1.0089483090786633,1.0906907007214683,1.0333324287329766,1.021250559421552,1.101654151379213,0.0,0.7010952720033966,1.0234828088804993,0.6782237267095182,0.9657375322291017,0.5184082352213502,1.0224797647035877,0.7190350905291213,0.9366311399554357,0.882219010188023,1.006809868332771,0.7331745736371529,0.618038327049576,0.6542454314975605,0.8422325717313942,0.8296370266641842,0.7818499520353364,0.9330306307674892,-0.025133297927994958,0.0,0.5418676525437358,0.9345890058747384,1.015319438180465,0.0,0.0,0.0,0.8920690055757017,0.6741296242581942,0.8187081335582117,0.43653020570293466,0.9479755923060557,0.4528891434541894,1.0257934620955589,0.6521957620818963,0.0,0.7225589925914819,0.8519478627739041,0.9632329307611908,0.9581976898709873,0.0,0.7593692131123815,0.8086724877071696,0.6078879722856276,0.8520954112064975,0.9881291347981855,1.0568417333935411,1.086907477723133,0.8235283762369225,0.785763324634764,0.589912112001943,0.0,0.9909933681522507
1.0381539331250602,0.6523904366274313,0.7225645184377123,0.6173185810883284,0.5991885943756561,1.0978602920742266,0.7251300873322546,1.0641284459596214,0.7711341274375973,0.8056537805110027,0.99819295005938,0.5964562625286801,0.776955458422505,1.0517001219273374,1.0357351132955377,1.0075229818419835,0.9865025887426245,1.0130634644951018,0.80505843411774,0.9251952997937629,1.0295267377685409,1.0356688029325434,1.089026632814241,0.7416727834962435,0.7010952720033966,0.0,0.978792828738148,0.8626219514643467,1.0226332235298745,0.5904583481320174,0.8665990803149054,0.9158175280112313,1.0514519565665963,0.9065326773285327,0.8158123610058157,0.7377167890918626,0.7599171810817242,0.781814651418009,0.8715821617896531,0.8131981191954367,0.9772338351638193,0.7216913320535995,0.4934836973947136,0.500281548087731,0.7361132066894057,0.9488626239987337,0.9259742450973006,0.8647302641668579,0.0,0.0006137307054412018,0.7643636846813153,0.8545021784302956,0.7862948323872183,0.6078986775734726,0.9977743410924234,0.0,1.0243147024738797,0.9370047956490413,0.0,0.8180615824266311,0.8667137222364255,0.9624163261878351,0.9670524205451028,0.0,0.756665739405083,0.8866807600229196,0.861277786124398,0.8918697888463155,0.9123508808071974,1.0879008912759898,1.0282966159032256,0.7967055836418105,0.7659355260741257,0.7777153479303784,0.44120444777095774,0.8848615231658916
0.938313822440733,1.009452558451154,1.0613442511847935,0.7849663907697126,0.7646445582286516,0.9284736480275243,0.7995523742961778,0.969481241090382,0.7932291707473371,0.6851969965639622,0.8975602213194867,0.7821757578487383,0.8573609792645331,0.8026466277964048,0.7705141807175542,0.9591058617740134,0.7560657756612558,1.0280115665408254,0.9234505241127757,0.666816206875835,0.996993475044351,0.8918908511024689,1.0078088149867632,0.8949251135145191,1.0234828088804993,0.978792828738148,0.0,0.8617608539118564,0.742081505814274,0.7559269466850138,0.7385976061987276,0.7649521527173273,0.7329840658537555,0.7829367920302301,0.7239518759144097,0.6061880286849971,0.7910895630162531,0.8506466360671436,0.7973232117167981,0.9394600583147703,0.820544910482343,0.7277892253568796,0.864286375299522,1.037680393945844,0.6678033717465612,0.5934577264007628,0.6838981653402152,0.8433273602676972,0.6269553209182931,0.8979487258967487,0.847997206128045,0.8169005043583171,0.8491326367000916,0.8843739973415039,0.7759566195207572,0.8143755100378042,0.5151772320814301,0.8165577845434917,0.7688779815618269,0.7378606306755098,1.0110132045828446,0.0,0.9147725881118028,0.8958712998061021,0.6943326999423851,0.8817248878548367,0.7641165900259298,0.8715597246843247,0.0,0.9508086590628173,0.7191364046251536,0.8756509218042959,0.7689429299153141,0.8109560299821007,0.45019775267509754,0.7748895172021145
1.0535334424947056,1.0336802239955742,0.8223769351353436,0.837961089390149,1.0476855819248632,0.9940252454417461,0.8968754974956084,0.9609592683792154,0.8746041661672668,0.8136464102913408,0.8182547535461442,0.5326737409560461,0.9291982669942559,0.5787418945841696,0.7931988084883133,0.9349191145127527,0.8648992287005766,0.7601827174467037,0.8498559256905635,0.907182875883822,1.012927788208551,1.0641092488133443,0.8762182766850102,0.357919246174749,0.6782237267095182,0.8626219514643467,0.8617608539118564,0.0,0.9798471596989453,0.9244297882773586,0.9205632518064681,0.7457954198385592,0.587950490932523,0.728660583109769,0.7622826914427463,0.9636144981441158,0.8479051728698191,0.6106588998355591,0.29518721108251267,0.11882723428018943,-0.06179099187687759,0.0541599814127888,0.7010395976769008,0.515549069891051,0.29438144215242207,0.7356221472089317,0.8285426843544912,0.9607058729283284,0.0,0.9297599576412213,0.9741929305596817,0.8726196076769781,1.0062099685065802,0.9072355761218733,0.6752224058407971,0.7459614268929029,0.3345738289663652,0.9186168059663846,0.39728555970264434,0.7277411096134918,0.7596381439202049,0.31258840424517886,0.8316994223246994,0.9513074537629247,0.7601787233502415,1.046285415461007,0.7457427596502592,0.8851840087079244,0.6912816819634862,0.9929673571374885,0.7648637788314934,0.9460958237641961,0.8123591309264101,0.807290488267483,0.7614702158218281,0.7668639815013328
1.0039923017571073,0.9738375548082203,0.9212216019258431,0.4909815962684869,0.9910645476047832,0.7717935391368644,1.014880882059462,1.0413513218131822,0.7648871087865472,0.6890742338364024,0.7137204277201151,0.9057564550294002,0.996187952061707,0.4396248893210756,0.7858527864795897,1.0059394409016646,1.038795294937582,0.9955062841886181,0.7259024827369047,0.8598712779381867,0.8449554150679958,1.062798731849269,0.9427984869283681,0.7076537822900101,0.9657375322291017,1.0226332235298745,0.742081505814274,0.9798471596989453,0.0,0.7630522338984469,0.8762091808674378,0.6484128789416213,0.726430331599886,0.8504695619009368,0.6290068122135226,0.5665051949405684,0.6235345175135749,1.0711186638862817,0.6449721771988488,0.729667885958951,0.6972758596172057,0.7155554467048683,0.450051294985452,0.8261446973062927,0.7103636202006962,0.7335127301151021,0.5151761273156448,0.7902721675298792,0.47817088372062544,0.7072358431578456,0.8158562002817222,0.7922358064793575,0.9014732066156975,0.9402611918745543,0.8485905538405099,0.45621010386561484,0.8175517076867227,0.7617291560071698,0.5811518218703411,0.5555578322681984,0.9470614312415381,0.46908581145060785,0.919981574770099,0.7766068414826733,0.572855217040227,0.7258469826861608,0.6004069570414816,0.7729102049024973,0.4645253899379124,0.9261741730513608,0.701262891332232,0.8601848578797135,0.771814399124735,0.7141356958455467,0.6540076511037898,0.7083902905022326
0.7446987667701356,0.715953695824475,0.9233861758154147,0.3680618861212899,0.7226391853626678,0.8955721050859268,0.8897640017432712,0.6893691849878263,0.6954776271874025,0.7072899413652076,0.4840087287052265,0.6038664719795915,0.8467932455504751,0.7002454922853065,0.7479460329982341,0.740394083839783,0.8046926797550007,0.7637022713145534,0.8518059797969937,1.0190618526183035,0.7277947924144619,0.7564243533682985,0.7708521723587543,0.901721701841343,0.5184082352213502,0.5904583481320174,0.7559269466850138,0.9244297882773586,0.7630522338984469,0.0,0.7653902711106575,0.5800434548492848,0.5633505853139373,0.8877093081789451,0.5814464016310404,0.5017443931987872,0.7381757627826913,0.518245357877844,0.8992980377164066,0.4553411440617618,0.5390123821428041,0.8167413900529654,0.6886321204309376,0.2580320717649049,0.0,0.0,0.0,0.3131762143594147,0.0,0.0,0.7303644302181127,0.8156597867648014,0.5059894588207466,0.8068165944425538,0.47001564344585445,0.0,0.0028950017108909237,0.578257674895363,0.0,0.8548870683996479,0.0,0.0,0.926819054465349,0.9278337388989151,0.800293139432936,0.8383712333197499,0.7893761611499102,0.8274481682610311,0.0,0.41910118971321786,0.4725441078758194,0.8447197184721305,0.7321033120280235,0.7271920041985814,0.7278002639747833,0.7703178959603826
