0.0,-0.0027047431921750076,-0.031920242337913796,0.0,-0.026355825926266063,-0.019333207571377464,-0.023791939496909664,-0.07685479260369044,-0.015490440804619976,-0.03027703432155121,-0.009664194278181437,-0.059040634670011805,-0.03162146356236162,-0.03131270593127933,0.0029691661659956847,0.018283568862536015,-0.023237725179249658,0.006480360859101586,0.0,-0.027065402113661985,-0.03022333089505269,0.0077143731954591455,-0.05832685608640242,-0.03366044430693643,-0.007797918395175796,-0.007825156521372112,-0.027946910495519783,-0.03269697733618715,-0.027220418012020298,-0.011327849883269792,-0.004510965228447961,-0.0023032242734959962,-0.017903418706144758,-0.02359839373899747,-0.021843121632149964,-0.06163786688505629,-0.0006620735522175347,-0.026075679359744253,-0.01777888558816071,-0.03222297670194285,-0.02712270946296058,-0.0753322661526904,6.301258643287566e-05,0.0,-0.0011253664301659194,0.013523713917863889,-0.027274559804312037,0.0,0.0,0.0,-0.011800259910645483,1.1102230246251565e-16,-0.016500256239237288,0.0,0.02320616873021225,0.0,-0.0037266386850847155,-0.017484080131590918,0.0,-0.03825005019728572,-0.027174910697144616,-0.021537098739505267,-0.018563038911188767,0.0,-0.021363450723331234,0.008620629110238642,-0.0287440737737929,-0.021648408109791573,0.031803241497929624,-0.02382671580795115,-0.015173141262150303,-0.016140931224010557,0.0003693440311122176,0.014504206989118584,0.0,-0.03514826257423764
-0.0027047431921750076,0.0,-0.03868490375258604,-0.00012562089224826822,0.009829650691656644,0.010020128891711833,0.0023064013476031264,-0.06477432729793231,0.005349136734436599,-0.020522611552689918,-0.020936809934177625,-0.01682836783375241,0.011248122653195525,-0.0027007763602676094,-0.001898284136020556,-0.0009335236287346671,0.039677361663179644,0.01732563248118446,-0.009899397066713334,-0.005395093051394295,-0.02630557069056111,-0.003998314567104699,-0.02860543911337332,0.0050044885386793525,-0.0018395578984494176,0.000628017444121165,-0.001430887047207341,0.015157773390009344,0.010922522931355927,0.0049986995580055815,0.0016953910397642935,0.006259898575035561,-0.0013694972677879003,-0.009418060265745598,-0.012607812026309617,0.0028592924560549293,0.008902782372039064,0.0,-0.02831120677235832,-0.032259016617326275,-0.034859232507475024,-0.037689774449526536,-0.008567741860763867,0.0,2.220446049250313e-16,-0.014851990504584411,-0.030584424665088705,-0.0005028945138291774,0.0,0.0,0.006236410404502513,-0.035619093827547854,-0.03585345388200517,-0.02805580240970179,-0.02876810111801492,0.0,-0.009519152863706581,-0.04046894594661632,0.0,-0.04092899051007137,-0.02968348384082431,-0.010752779540794177,-0.019843672723835692,0.0,-0.024474051092696014,-0.04041712107370121,-0.033016517285319014,-0.06508203295773574,-0.00641465197257951,-0.028940639839267535,-0.014810365924185609,-0.03773440484205132,-0.026060148353735935,-0.002603195644187206,-1.1102230246251565e-16,-0.02621421506426691
-0.031920242337913796,-0.03868490375258604,0.0,-0.022485465362057366,-0.002439435351839714,-0.02342517812994449,-0.03620797928045444,-0.015020216675580067,-0.005572497423496747,-0.03575874088393605,-0.004950911923984946,-0.029554972984698613,-0.024897742835448544,-0.0048698916370678025,-0.020127106688069885,-0.032834200135286096,-0.01753291618771713,-0.016404906715292156,0.023189387997284705,-0.007395022127677675,-0.03249577414546223,-0.020421534590745916,-0.002456740613882402,-0.027580414780963958,-0.029430336807111546,-0.04021522186061827,0.0005854223356683841,-0.010030100153002375,0.00022295232566210688,-0.0028962469780757782,-0.038385561532619406,-0.0264793363714812,-0.026313042706730794,-0.02204241335580387,-0.007646562004836155,0.008859955047865131,-0.014688582654999005,-0.006533383903186585,-0.058977783035974674,-1.2905252469441741e-06,-0.03286601100124187,-0.00829644320079198,-0.04487735927275954,-0.03240415427112109,0.0,0.0,-5.404336857356418e-05,0.07119521899942682,1.4152795342559088e-05,-0.00941912991279864,-0.06162627708780544,-0.1060130638144115,-0.018608827858314858,-0.02017057205174,-0.002486209337050571,0.06042789341928939,-0.017699658764985193,-0.046745593316158074,-0.0393232567777585,0.00021775967489712222,0.0,0.0,0.0,0.10413131850689139,-0.017310172644560473,-0.017242981370347354,0.0005222569503969821,-0.03512743548505032,0.0,-0.00019073764537791416,-0.03444470173944014,-0.0586464876867282,-0.054920178149722276,-0.03846238137705149,-0.005566312369789217,-0.026662172128011807
0.0,-0.00012562089224826822,-0.022485465362057366,0.0,0.07924009904796872,-0.01954334059211882,0.030611166913818766,0.00703163272980889,-0.038609280568410675,0.03093908511955601,0.0011709392856241174,0.008430942463243107,-0.003728330256025647,-0.03776736219591223,-0.006825252841594354,-0.0004910080017415108,-0.010931709345933849,6.44474287615493e-05,-0.003241095849400355,-0.012965060506217652,0.0001805670940835391,-0.013609971126334497,-0.03319076169723034,-0.021125533252010054,-0.0002929330743263181,-0.011841104306761108,-0.026658909941787767,-0.019396318642354943,-0.0227896004049708,0.011790244507831671,-0.01858990855802317,0.01064710329022861,-0.033737311003651516,-0.043733824047077985,-0.03070509540251981,-0.03225354639833794,0.00011922131736605279,-0.0028351893780239057,0.008468349531904729,-0.0015735506368502183,-0.029136874853323058,0.007854247159475802,0.008941379019516638,-0.007245158471990976,0.0,0.0,0.0,0.0009219066507532014,0.0,0.0,-0.024155477574025308,2.220446049250313e-16,-0.0001474965225206626,0.000879815213736812,5.551115123125783e-17,-0.008017274369280292,-0.007212970623002385,0.0005965361196133001,0.0,0.0,0.0,0.0,0.0,0.0,0.0,0.0,-0.00013004757081941376,-0.02056163391773469,0.0,0.0,0.0,-0.026108110240234572,-0.014908691726352008,-0.013526645047828523,0.0,0.0
-0.026355825926266063,0.009829650691656644,-0.002439435351839714,0.07924009904796872,0.0,0.0029381004652159204,0.007437969054335247,-0.04387792036818411,0.00891247059300182,-0.014340227395814809,0.01879283596052639,-0.01271146589466543,0.005688047683529929,0.02842782333845939,-0.012441860566784757,-0.028308945696991772,-0.0328860549453967,-0.027713665645893837,0.022683422575490053,-0.012616144164246113,-0.03057668309740086,-0.015397830569861493,-0.04094705704491991,-0.041815033582871364,-0.04480439276999565,-0.03613451252148653,-0.017299455070007796,-0.010270565773940143,-0.014605793614500595,-0.02004829248840201,-0.034196296366152845,-0.003223390795662473,-0.022940788234477705,-0.03082793165146147,-0.05138949710725571,0.018929479564842644,0.083875461794224,-0.041366778259681825,-0.0431474311729631,0.007287246420443871,-0.02775239685529296,-0.019452019858778813,-0.01776345029869597,0.03689799189237036,-0.00041690126029075847,1.1102230246251565e-16,-0.003732943562407498,-0.038240354373197505,0.0,-0.043799892487826064,-0.047686414345985695,-0.06542378522120462,-0.049876318249349016,-0.028617347479750477,5.551115123125783e-17,-0.03088280084360695,-0.012760467905886197,-0.0572931293675627,-0.015962677181245055,-0.006227193985672619,6.175111856454585e-05,0.0,-5.551115123125783e-17,-0.03531766897432648,-0.027389355325562026,-0.00035983196647287885,-0.019583229884497455,-0.05681204964827008,0.0,-4.13757975720741e-05,-0.017298972744289598,-0.04517659562993781,-0.028883359902761696,-0.020445635941932605,1.1102230246251565e-16,-0.024841297120683947
-0.019333207571377464,0.010020128891711833,-0.02342517812994449,-0.01954334059211882,0.0029381004652159204,0.0,-0.009336670373218947,-0.05638880593173734,-0.008621358974899573,-0.020933295518431483,-0.00973727178822592,-0.032795442407258735,0.0024430429012212707,-0.029920880085730295,0.001407830945450328,-0.005831444965117671,-0.01475614473604503,-0.0004441789158330933,-0.006771149482469541,0.010203142735189519,-0.05149381126498159,-0.00456540138202266,-0.0138011080496232,-0.04582748994662955,0.011553349206517016,-0.011877960925860798,0.0018964736843000152,0.008469637653539419,-0.00531158290590944,-0.011352799545138681,-0.020435039967947988,-0.030580881531136084,-0.041507369295109786,-0.01243805756228844,-0.01695486961108994,-0.057746688122119694,-0.023256843309585606,-0.027143613972085423,-0.09102052046711795,-0.020469605520186507,-0.068413913618104,-0.03170621230780607,-0.09943143514494479,-0.025261962012053663,-0.011338755604450801,-0.024284542937225595,-0.030445188578556548,-0.07492055913322365,-0.01568100901778069,-0.04897384334270194,-0.07403010757181144,-0.06018659618607691,-0.0582438073438058,-0.07465273210756657,-0.040423315452992103,-0.06522237917770818,-0.04034952608252246,-0.07789042543662678,-0.024530451637417294,-0.03240906726685333,-0.031331018581957915,0.0,-0.014456609772535822,-0.0853832569051391,-0.033554116472883255,-0.05308929168535115,-0.030453542169219305,-0.07394430304107202,-0.00010934737076262468,-0.02992591110400561,-0.030134853750778123,-0.07819751968192074,-0.06979475717837041,-0.08386954534693364,-0.031448075254574825,-0.07510300943044385
-0.023791939496909664,0.0023064013476031264,-0.03620797928045444,0.030611166913818766,0.007437969054335247,-0.009336670373218947,0.0,-0.07220962392307029,-0.013005145158149267,-0.0221708827230776,-0.029374287574713498,-0.021394675330464963,-0.00764422544624016,0.009765001399007656,-0.03637921827477997,-0.016828578666089,-0.03533241929547315,-0.015392332094045058,-0.040651896791590536,-0.01573594511877402,-0.038719386138405754,-0.016814987514139512,-0.05227454606042592,-0.017224332553935795,0.0037372132875505004,-0.009158030849677756,-0.030230619150581617,0.000563911595991784,-0.01185518083313064,-0.027821050755231613,-0.014759978347341662,-0.010134714771649567,-0.03746905266789202,-0.042335443350643154,-0.06521642013778589,0.025435372881183027,0.027532658474595517,-0.05160169782643009,-0.03656739150403476,0.014801048290693286,-0.010664994091448554,-0.01282760200057187,-0.03806186419975821,0.006694254925062149,0.011464827137025568,0.0,-0.03182708607239387,-0.05456450060957113,0.0,-0.047714436491902934,-0.08800837145049656,-0.06654735029766468,-0.05696003347491185,-0.04165532058460114,-0.015595296380107593,-0.04826130987701038,-0.004164521429924628,-0.0545554963290249,-0.019149353209382436,-0.022524617309579498,-0.008680238509603033,0.0,-8.945761909490146e-05,-0.015812819869764683,-0.04072413078548487,-0.06980026375153908,-0.03615232258330081,-0.07903691929545131,-0.00019881881871786078,-0.02678869947228718,-0.020793319429990575,-0.08918492651498261,-0.04391780579661836,-0.035917726150872964,-0.022626781204667767,-0.03036239353309872
-0.07685479260369044,-0.06477432729793231,-0.015020216675580067,0.00703163272980889,-0.04387792036818411,-0.05638880593173734,-0.07220962392307029,0.0,-0.03873857369261041,-0.009878114270825689,-0.007788320079998079,-0.02270712465123398,-0.0571750991120496,0.022204021524930284,-0.03928999274780248,-0.05528090168010641,-0.004402117683998341,-0.05899529892388494,-0.0037875421432210787,-0.03737729431519726,-0.049059939004646724,-0.03785755107399291,-0.027808017701092425,-0.0703419396429133,-0.07321170535111565,-0.06393405168860461,-0.02300906760662713,-0.05186209914912948,-0.05130685014432462,-0.04206660581034366,-0.06744661786777806,-0.08651372915042288,-0.11068782861580839,-0.06247134805138621,-0.04878457255414326,0.006319611036455786,-0.028382814895707376,-0.08474012944625914,-0.0558679412571752,-0.028400242732909975,-0.062285989827569,-0.045826734379421974,-0.029816653401132875,0.0015513352934907187,0.0,-0.021585479967486942,-0.01532532256872754,-0.044923404982607995,0.0,-0.04279188156148811,-0.037406101505243206,-0.06677557747512924,-0.025308390183824803,-0.04046403846003371,0.0002589170740588398,-0.02884375065098299,0.00016282905625564226,-0.04288600996786013,-0.04264638424729994,-0.03510956759118655,-0.013812114350552074,0.0,0.0006837630880055512,-0.04462786631469523,-0.052848262841618754,-0.07198353541504587,-0.015409415748964483,-0.049205613526387526,-5.551115123125783e-17,-0.021354948750601177,-0.008984207067032957,-0.0540884406038481,-0.038662772344471075,-0.06319173061530053,-0.044662059764852824,-0.05271965195548828
-0.015490440804619976,0.005349136734436599,-0.005572497423496747,-0.038609280568410675,0.00891247059300182,-0.008621358974899573,-0.013005145158149267,-0.03873857369261041,0.0,-0.04942369932320673,0.0065218858291078985,-0.026606510157701824,-0.011513904820634357,-0.01150758446227751,-0.047123325371851654,-0.040575424948157635,-0.014979590966636924,-0.04739057320013518,0.01489670834113821,-0.0007956595302276437,-0.030052190186954597,-0.010773957336476181,-0.03424263534258959,-0.010990260487979409,-0.03349596409762323,-0.02689820368411422,-0.012048129179314193,-0.03696131369447453,-0.004916134131485728,-0.015595454135096998,-0.06335757137831444,-0.0467164989214936,-0.029253341350242323,-0.053126189557334,-0.053898331208728556,-0.04349245972284782,-0.04478706651004677,-0.06042099829047709,-0.05541893976212792,-0.004698865538296182,-0.020167476844537846,-0.008532713638156053,-0.05580964217058648,-0.01844189720749001,-0.007134336728486845,-5.551115123125783e-17,-0.014377960855408822,-0.07514039644623377,-6.7990692434460875e-06,-0.03806814906831396,-0.08859909192297005,-0.06086727034037198,-0.03797356209723879,-0.05376203587825834,-0.019215044543808624,-0.04607171756084799,-0.051000474247626326,-0.02899286363670106,-0.040193661028499306,-0.02598773801811316,-0.012332643439044277,0.0,0.0,-0.05588595914379246,-0.04508324272273484,-0.0018209796899116837,-0.03446062813461265,-0.056855443139160855,-8.367834021061338e-05,-0.006153481709647579,-0.021133070816805988,-0.06578163543386534,-0.03532467805764167,-0.016521660927373172,-0.009958307925078902,-0.04373336344649004
-0.03027703432155121,-0.020522611552689918,-0.03575874088393605,0.03093908511955601,-0.014340227395814809,-0.020933295518431483,-0.0221708827230776,-0.009878114270825689,-0.04942369932320673,0.0,-0.0400718310495245,-0.022793718328694756,0.005805330211185233,-0.06217444550519685,-0.00733730809386135,-0.006271481916729993,-0.00494195210730447,0.03228051354888489,-0.03531989244613043,-0.014695002591860795,0.002469424716279367,0.0006557183915851805,-0.056559303704731334,-0.00115489625861237,0.007005049088777027,-0.008731435458326609,-0.02263454527971348,0.014271420993103245,-0.014213134956162166,-0.009640315255687593,0.03142496404374928,0.010344062824978628,0.009119334279685032,0.0053990062516718895,-0.02281126615442547,-0.03984759835200152,0.002575492616610775,-0.002789253296909877,-0.0374906195726144,-0.071414899181933,-0.03154058783119301,-0.03039151188208833,-0.04934409876631818,-0.008708781058884674,-0.01871538913151416,0.013931413077938215,-0.03839003853052336,-0.0007428558525494067,-3.860605704752995e-05,-0.0009725694701217535,-0.030863582814146806,-0.029823526498694797,-0.01243541955478572,-0.0016144278806438095,-0.015513853308743386,-0.018936599552741185,-0.015392807221752458,-0.01861335818957821,0.0,-0.0011517209009573315,-0.0042687812620673116,0.012079443529695366,0.006342725773423263,1.2690013258376265e-05,-0.00020618064867283792,-0.020226525675317186,-0.008699583217848583,-0.023192924834919637,0.05721573851565259,0.004328940336399245,0.007146380191848933,-0.03361273353468941,-0.01422517113146382,-0.03171960447824551,-5.551115123125783e-17,-0.011008601640889959
-0.009664194278181437,-0.020936809934177625,-0.004950911923984946,0.0011709392856241174,0.01879283596052639,-0.00973727178822592,-0.029374287574713498,-0.007788320079998079,0.0065218858291078985,-0.0400718310495245,0.0,-0.024870618990496196,-0.0290599338363956,0.015784201753502203,0.0,-0.0002889861688927797,-0.02728960158595145,-0.029686243704909132,0.014356683220660416,0.0001373219236345813,-0.02222317272720875,-0.014046218044389436,-0.10571017819738132,-0.02100998305424806,-0.022332108444296395,-0.011646784288111056,-0.00016813804698656565,-0.036105101322188526,-0.009608330373429175,-0.013869816682335667,-0.053655227076016165,-0.007040609364276862,-0.00756417981115326,-0.045222545312506135,-0.053032769586527695,0.010145635238150652,-0.026607709066949203,-0.04422933797142575,-0.03751128170692142,-0.009407820093055574,-0.030558298671197914,-0.020970658764368544,-0.04028922552947889,-0.023468914228642113,-0.005239216069575114,0.0,1.1102230246251565e-16,-0.07184102492009192,-1.3165568167328168e-06,-0.03610148725759438,-0.06899069294625476,-0.05546184753248684,-0.06670986985070099,-0.03505377277972643,-0.016294449478002238,-0.005184677723196418,-0.020783753975287977,-0.04265976920192105,-0.05134553732281605,5.551115123125783e-17,0.0,0.0,0.0,-0.0602985024007367,-0.008328715790544505,0.0,0.0002914562270112664,-0.05297532600839716,5.551115123125783e-17,0.0,0.00042918361904176194,-0.05417370385643194,-0.03865796354469331,0.001898117250895337,0.0,-0.057314825362106525
-0.059040634670011805,-0.01682836783375241,-0.029554972984698613,0.008430942463243107,-0.01271146589466543,-0.032795442407258735,-0.021394675330464963,-0.02270712465123398,-0.026606510157701824,-0.022793718328694756,-0.024870618990496196,0.0,-0.013106091087300153,0.008325955683565756,-0.022966107275188052,-0.009069864620176893,-0.0029333488714981537,-0.004658506230609705,-0.015774408038548404,-0.019096185662928755,-0.016717452538540567,-0.013329630362896139,-0.019293518741950788,-0.030780979150357657,-0.007549070891100074,-0.027332155452809814,-0.03364528339353029,-0.0012121657157753152,-0.04521417783652654,-0.01990343165003866,-0.002351440885762335,0.0002610583119019849,-0.009788624215049835,-0.022825288849037673,-0.024957163492459966,-0.005730444383653832,-0.029061975470037416,0.003305234250777833,-0.005717590143240137,-0.0723573832834829,-0.03885746356778186,0.02311330498018338,-0.011977217456812295,-0.013304983113501367,-0.053695291918265386,0.021180821363143976,-0.022029415772475414,-0.014621619371329497,0.004525467787700688,-0.009725391651526083,-0.0009636533979267004,-0.005113901788930453,0.0006684971295493058,-0.008976006119068347,-0.01917742782982168,-0.013163545864629533,0.0027485762604858577,-0.0257256264550369,8.318294820824912e-05,0.00010946274863460337,-0.012208391862651102,0.0032213915253686554,-0.00625998558638291,-0.0040765670411515575,-0.01444751605886102,-0.031370299463018,-0.0019085751794233885,-0.01504961275539396,0.04064033415638296,-0.014314006616629738,0.004833253762008771,-0.035608248277877286,0.01370494619762569,-0.014879456508795241,0.0,-0.025555698549799
-0.03162146356236162,0.011248122653195525,-0.024897742835448544,-0.003728330256025647,0.005688047683529929,0.0024430429012212707,-0.00764422544624016,-0.0571750991120496,-0.011513904820634357,0.005805330211185233,-0.0290599338363956,-0.013106091087300153,0.0,-0.002811668915639942,0.017619350462499128,-0.006240672913566725,0.0016617510627386367,0.00271796402827007,-0.03793891594386928,0.0009539612933707753,-0.048217717512246794,-0.004511329286056354,-0.0353193618106708,-0.00782124111605953,0.0050422380086385665,0.0001297447184983591,-0.01665653263946043,0.01718649852368298,0.016603051766961807,0.029607660134682467,0.004875763310817294,0.005559866046884354,0.008453069183201711,-0.017873905406086243,-0.027553597399319785,0.03253860142320031,0.024885693610420312,-0.025498850333181278,-0.08397922484801729,-0.012418600944324676,-0.0318204881664656,-0.012762217059393788,-0.02367914864113757,-0.003870956512279422,-0.008555377857030422,-0.01592685840199337,-0.027917146447077656,-0.05610874526973664,0.0,-0.03549312981833963,-0.07161293877512559,-0.06663816703851666,-0.061760178658844755,-0.053238402165717014,-0.0151759453109791,-0.034396940195088266,-0.07011988960709825,-0.05651262170306404,0.0016238240180420638,-0.03254331964399981,-0.02171523614699905,-0.0173837821469065,-0.030457521165371815,-0.03258501544740161,-0.04079074089568541,-0.031226400316129665,-0.03288279518937853,-0.0785758655885655,-0.010636739181677957,-0.0292102861752217,-0.031205690920469487,-0.08409064741449962,-0.0512922217871698,-0.04235292097531451,-0.024203727156907273,-0.044614981556609035
-0.03131270593127933,-0.0027007763602676094,-0.0048698916370678025,-0.03776736219591223,0.02842782333845939,-0.029920880085730295,0.009765001399007656,0.022204021524930284,-0.01150758446227751,-0.06217444550519685,0.015784201753502203,0.008325955683565756,-0.002811668915639942,0.0,2.5195009621559183e-05,0.0011488604419986337,0.00017690701148731502,-0.00028120101176687395,0.006112592945568096,0.002813085929259107,-0.015910911021098484,0.0007634713336535648,-0.0007589449040673601,-0.030494292489338604,-0.0031098137474434573,-0.026848603579996355,0.012788560034121321,-0.05293338628476099,-0.021676611931517653,-0.001790129400692786,-0.020654843167273618,-0.025654596644223232,0.014638847487989992,-0.036037847193852,0.01609426024998961,0.004191511761854644,-0.026088897973156222,0.002419864814266537,-0.04379984660002567,0.0,-0.010948122162859564,-0.0004890700301287132,-0.004394552938752405,3.7897071598069765e-06,0.0,0.0,0.0,-0.019188828351840437,0.0,-0.026735233035995565,-0.023376723877050087,-0.017962877723972648,-0.023817528084000894,-0.07382983278035432,0.0,-0.06355460446032146,-0.0003155847510203924,-0.0066841534836526995,-0.023145992664744097,1.1102230246251565e-16,0.0,0.0,0.0,-0.028603371417997014,0.0,-1.1102230246251565e-16,0.0,-0.014166371348277695,0.0,0.0,5.551115123125783e-17,-0.04148694031572342,-0.020382489019525607,1.1102230246251565e-16,0.0,5.551115123125783e-17
0.0029691661659956847,-0.001898284136020556,-0.020127106688069885,-0.006825252841594354,-0.012441860566784757,0.001407830945450328,-0.03637921827477997,-0.03928999274780248,-0.047123325371851654,-0.00733730809386135,0.0,-0.022966107275188052,0.017619350462499128,2.5195009621559183e-05,0.0,0.0021955263391883473,-0.007016328991071796,-0.001385314438079932,-1.1102230246251565e-16,0.030520823996937174,-0.008764569434292047,0.010507309676753396,-0.002476370074666223,-0.01933783663674643,-0.01367569184140327,0.03703910667425758,-0.00018246912880848232,-0.01834009300479139,0.004010698151815761,-0.015686105565347164,-0.01877942897556978,-0.01984238872324673,-0.041537696393013246,-0.02955662140489007,-0.03839824204850151,-0.01147215421346931,-0.009206338142074,-0.00025251508601414896,-0.05392376629235196,-0.0521493202196221,-0.06512981389621303,-0.07445077255367505,-0.009543678812852174,0.004525372143545536,0.0,-0.021998416662799725,-0.04715695043513163,-0.029339331753661102,0.0,0.0,-0.02854129619694279,-0.04277172983842359,-0.056413424558795444,-0.01056027268259252,-5.551115123125783e-17,0.0,0.0022569638875518105,-0.047785484849638515,2.158173331678892e-05,0.012315849758620045,-0.03150849717469001,-0.0007543838482094722,-0.022640990426432916,0.0,-0.023438067001710416,-0.042898494560851375,-0.04110719928980705,-0.04956848629779975,0.000165928463684073,-0.020629101362109104,-0.05108078800401755,-0.0485752181007717,-0.05258729206760593,-0.024502712125947235,-0.02908310415251686,-0.06646523643737517
0.018283568862536015,-0.0009335236287346671,-0.032834200135286096,-0.0004910080017415108,-0.028308945696991772,-0.005831444965117671,-0.016828578666089,-0.05528090168010641,-0.040575424948157635,-0.006271481916729993,-0.0002889861688927797,-0.009069864620176893,-0.006240672913566725,0.0011488604419986337,0.0021955263391883473,0.0,0.033977918942704854,0.027431991722021987,0.0003636425694004686,0.01522700446884756,-0.012291448744527866,0.029615760963190796,-0.023522315612135525,6.655954723444601e-05,0.023159711544091577,0.012122615927411817,-0.0012106678919822644,0.006304628318218486,0.014210046383215547,0.02320986163598665,0.013939278150304102,0.017779930649591213,0.03162567272599498,0.005643221162632883,0.0016073366615026452,-0.01240994330486922,-0.014151480708404107,-0.022316664448038148,-0.020174122770385827,-0.007321020453818883,-0.020493729332862975,-0.025301091631043993,-2.8140933592935014e-05,0.0,0.0,-0.009885891230387689,-0.023127176420557227,0.0,0.0,0.0,-0.026103316064923554,-0.026431163877196018,-0.023594676139599202,0.0,-0.025790505208509562,0.0,-0.013426849504325378,-0.03324655126222137,0.0,-0.039543859705358564,-0.019949230636471083,0.004620130563506519,-0.014100137244569488,0.0,-0.02771430697286631,-0.04334348554440648,-0.02185485922542285,-0.09691404199379317,-0.012450976095056632,-0.025479785362993834,-0.002564770641139802,-0.04027721127285566,-0.026892122498219095,-0.03288983091734926,-1.1102230246251565e-16,0.0038168419798703113
-0.023237725179249658,0.039677361663179644,-0.01753291618771713,-0.010931709345933849,-0.0328860549453967,-0.01475614473604503,-0.03533241929547315,-0.004402117683998341,-0.014979590966636924,-0.00494195210730447,-0.02728960158595145,-0.0029333488714981537,0.0016617510627386367,0.00017690701148731502,-0.007016328991071796,0.033977918942704854,0.0,0.01274577464996235,-0.038297130869755114,-0.021873789329513837,-0.015435173616752562,-0.002390380566598904,-0.029226731502398295,0.01945537306307288,0.005656292422757836,-0.0004134376603904255,-0.011700789992422078,0.0014590027887063095,-0.015621080003154209,0.014558741708010914,0.030741759336839314,0.02918804189890878,0.023420757216770893,0.01511600575166916,0.011115320580734944,-0.014771946196759367,-7.803404895390109e-05,0.003520233079793822,-0.030846269926909087,0.0016904112662506354,0.022149505797661506,-0.014547842824588375,-5.551115123125783e-17,0.0,-0.026192863033569713,-0.03260490687647155,-0.04593550631728138,0.0,0.0,0.0,0.0,0.0,0.0,0.0,0.027308466517057484,0.0,0.042493589361323525,-0.0019074396069623245,0.0,0.0003143585060391696,-0.013232064586963133,0.023005892214230272,0.011922218095057502,0.0,1.1102230246251565e-16,0.0,-0.017890207890878806,0.0,0.03503553714094115,6.773848406543825e-05,0.019978155418508392,0.0,-0.005805448772638999,-0.00016959326164134314,0.0,0.03620048576117468
0.006480360859101586,0.01732563248118446,-0.016404906715292156,6.44474287615493e-05,-0.027713665645893837,-0.0004441789158330933,-0.015392332094045058,-0.05899529892388494,-0.04739057320013518,0.03228051354888489,-0.029686243704909132,-0.004658506230609705,0.00271796402827007,-0.00028120101176687395,-0.001385314438079932,0.027431991722021987,0.01274577464996235,0.0,-0.017728739631915125,0.010670990472895048,-0.02180735699478098,0.03024122808436669,-0.03422445750159214,0.018610367067687927,0.007888601623530833,0.0072025545469054375,0.001450388561714755,0.004326309719887456,0.01609856576340185,-0.011896521120060843,0.04338316748579507,0.027292537710887688,0.024052804319407484,0.01167980062655144,0.012073831291214199,-0.0011140347153858476,-0.00013005427758477905,0.0001907095793214908,-0.020594645179611237,-0.04438384722972233,-0.029062323323262806,-0.029931123814012084,0.0,0.0,-0.024224682005699327,-0.02516821389944407,-0.01682380393204208,0.0,0.0,0.0,-0.02755689544416129,-0.0005484806386734098,0.00104839869475154,0.0,-0.003924674843727272,0.0,0.01363308113786188,-0.024232798167565628,0.0,-0.011867893764460902,-0.019726792160897066,-0.0042097947203183494,-0.02338056271723815,0.0,-0.015669217240638134,-0.013116489412124732,-0.020999128564743286,-0.046755963648059506,0.02785272353217183,-0.03376178744799346,-0.028422363668030415,-0.014804504764418802,-0.03698414615458284,-0.016867865141222127,0.0,-0.03137422562606973
0.0,-0.009899397066713334,0.023189387997284705,-0.003241095849400355,0.022683422575490053,-0.006771149482469541,-0.040651896791590536,-0.0037875421432210787,0.01489670834113821,-0.03531989244613043,0.014356683220660416,-0.015774408038548404,-0.03793891594386928,0.006112592945568096,-1.1102230246251565e-16,0.0003636425694004686,-0.038297130869755114,-0.017728739631915125,0.0,-0.0007916319906713376,-0.01775598459463834,-0.0099735217660894,-0.01121998842309846,-0.025100737799995387,-0.015768152624509812,-0.019466917473321355,0.01230197109570419,-0.041582087221376296,-0.0079068791189848,-0.010732676451646272,-0.0561486777016188,-0.033604402285151214,-0.020916171322695853,-0.05360668002742619,-0.048182827869371836,-0.006394791252445631,-0.03943240195237796,-0.025723166332972613,-0.034494784985932836,0.00010087653004964281,-0.02115857835047552,-0.03278187683023892,-0.05535784878741584,0.0018905746961522807,4.142278289609447e-05,0.0,0.0,-0.0014413919112332696,-5.551115123125783e-17,-0.048799717667405096,-0.04784189517932719,-0.03930472472234986,-0.03641915467506063,-0.03020239562754029,0.0002478148081726528,0.06541562924872579,-0.018506624785690817,-0.03736691035063883,-0.06370921556206327,2.220446049250313e-16,0.0,0.0,0.0,-0.027905278510619025,-0.00014598693849876554,0.0,-0.00029360728381783163,-0.04716352528269713,0.0,0.0,-5.551115123125783e-17,-0.042532827638113835,-0.03331184641564938,-0.016527617853894006,-0.0005032984749969716,-0.01928038946728028
-0.027065402113661985,-0.005395093051394295,-0.007395022127677675,-0.012965060506217652,-0.012616144164246113,0.010203142735189519,-0.01573594511877402,-0.03737729431519726,-0.0007956595302276437,-0.014695002591860795,0.0001373219236345813,-0.019096185662928755,0.0009539612933707753,0.002813085929259107,0.030520823996937174,0.01522700446884756,-0.021873789329513837,0.010670990472895048,-0.0007916319906713376,0.0,-0.034170414359172896,0.005638657707638106,0.014111869363304441,-0.03532842916890411,0.004810943728927597,0.017512288953984934,0.015741442741838807,0.010863845972057584,0.011262870712329454,0.03519102060004958,-0.0103104057079767,-0.017735413978034853,-0.0026866132163032574,-0.02599204259266691,-0.03676211592497841,-0.008521346318791034,-0.015669770990371812,-0.03961442258715342,-0.06276590000515914,-0.0302196030014808,-0.05744265738280496,-0.03895366992331872,-0.0002234236031346537,0.0030079183048787317,0.00013432417195247126,-0.009080449449326178,-0.03470905791080747,-0.0409059832430681,0.0,0.0,-0.06346249101157414,-0.03198138735209982,-0.08021221612914853,-0.01709070099995541,-0.00030843873243674436,1.1102230246251565e-16,-0.0008107632945694165,-0.037516195382443496,-1.1102230246251565e-16,-0.04188333998645871,-0.03172466746549174,4.476615202275713e-05,-0.02138538117923966,0.0,-0.0605152022834235,-0.043494908726582904,-0.02629773336708008,-0.08379529989205114,0.0,-0.024265469811785345,-0.033514096911691715,-0.07199685614962037,-0.06961243274531737,-0.06539778761866277,-0.012844951463825749,-0.030825830290596656
-0.03022333089505269,-0.02630557069056111,-0.03249577414546223,0.0001805670940835391,-0.03057668309740086,-0.05149381126498159,-0.038719386138405754,-0.049059939004646724,-0.030052190186954597,0.002469424716279367,-0.02222317272720875,-0.016717452538540567,-0.048217717512246794,-0.015910911021098484,-0.008764569434292047,-0.012291448744527866,-0.015435173616752562,-0.02180735699478098,-0.01775598459463834,-0.034170414359172896,0.0,-0.031940445702256015,-0.036703684931408465,-0.05199955885215107,-0.03647212476501943,-0.008605319519467192,-0.027763261804294004,-0.06678308148398948,-0.06519441717399155,-0.06278002326727405,-0.035992682231898276,-0.05742949088846672,-0.05363187584277179,-0.0408201695157952,-0.05488526581768216,-0.06998792399673431,-0.027829858201354418,-0.0040889954582814525,-0.05667195518183171,-0.06791540828505649,-0.05586772412319535,-0.06829161906628106,0.002071624659169047,0.0,0.0,-0.03749343639735586,-0.045052647670585255,-0.055322377814296886,0.0,0.0,-0.013645330339272399,-0.018587194208381952,0.015333624868635765,-0.02373345151351408,-0.012944240623911862,0.0,-0.020786499266602088,-0.04824057128733539,5.551115123125783e-17,-0.042212332922974716,-0.03483256927046369,0.0,-0.007432363452834989,0.0,-0.037675368993017766,-0.013953164471691926,-0.04179198596456363,-0.06042728113661516,-0.0042221782409126996,-0.04549526025257772,-0.04189624251034124,-0.061713143385467406,-0.04615031752043003,-0.04904036284747232,-0.015245833882327642,-0.06342987517753357
0.0077143731954591455,-0.003998314567104699,-0.020421534590745916,-0.013609971126334497,-0.015397830569861493,-0.00456540138202266,-0.016814987514139512,-0.03785755107399291,-0.010773957336476181,0.0006557183915851805,-0.014046218044389436,-0.013329630362896139,-0.004511329286056354,0.0007634713336535648,0.010507309676753396,0.029615760963190796,-0.002390380566598904,0.03024122808436669,-0.0099735217660894,0.005638657707638106,-0.031940445702256015,0.0,0.007691569476114657,-0.02220825719736902,0.015677311459148746,0.0034760352240528203,0.0037955120667731435,0.014046750454885404,0.005604914709537889,0.042256772994369696,0.00968590739932429,-0.006709769301466217,0.002047430081721646,-0.010137672515602492,-0.020889734213181188,-0.0020019186006034473,-0.015544781675991659,-0.011264020406456243,-0.05644155670866996,-0.06630854550046933,-0.06874648149115292,-0.07269636887698694,-0.023660102547591322,0.002799458364854901,-0.0003272405406050116,-0.022015886926415373,-0.03830611058949157,-0.021227859346957145,-1.1867530557485573e-05,-3.6486297250726274e-06,-0.03848620380162343,-0.037196639425314815,-0.030123446706625534,-0.025530023965874615,-0.0032339671863612085,0.0,-0.0083776732829145,-0.03557625206396997,0.0,-0.04686691862505743,-0.03340677458964236,-0.01233916285388209,-0.012058353570888691,0.0,-0.0549458395711111,-0.05753514489152228,-0.05566582270335807,-0.06278522519600521,-0.00439147730135947,-0.021176394102476737,-0.0513698654604946,-0.05662984455441167,-0.028535720559595912,-0.03188525435876455,-0.01126063928185883,-0.06688342881223663
-0.05832685608640242,-0.02860543911337332,-0.002456740613882402,-0.03319076169723034,-0.04094705704491991,-0.0138011080496232,-0.05227454606042592,-0.027808017701092425,-0.03424263534258959,-0.056559303704731334,-0.10571017819738132,-0.019293518741950788,-0.0353193618106708,-0.0007589449040673601,-0.002476370074666223,-0.023522315612135525,-0.029226731502398295,-0.03422445750159214,-0.01121998842309846,0.014111869363304441,-0.036703684931408465,0.007691569476114657,0.0,-0.06110819382525351,-0.03459559704009307,-0.030262720909099927,-0.014262688500203957,-0.027212443776860162,-0.0160122594059654,-0.013615408404201279,-0.030803342355801344,-0.042496178830982556,-0.04582022377618783,-0.029283030956677614,-0.02713006699167575,-0.030392645349643088,-0.030397916550365223,-0.042742422481778786,-0.08505329744718981,-0.02661803383510225,-0.07294028706460243,-0.07955049995332797,-0.062062927032226656,-0.047956394260055046,-0.0025588058659202217,0.009924276115103214,-0.04041745907636812,-0.01542350448472013,-0.013731449324692446,-0.06424157677410364,-0.0669188820983238,-0.06774218758892347,-0.058125469931414875,-0.05900737720984972,-0.02532861846959855,-0.017560101159837638,-0.06710070536503215,-0.06829463561630833,-0.03943365712794972,-0.04903776452080788,-0.041914776522312625,-0.00010889861564494785,-0.024880931047279897,-0.0027142755136604912,-0.08402204589862333,-0.05681476713188943,-0.04853355892652278,-0.06375185477717771,-0.0004196735829156695,-0.04732290015016771,-0.04108412148604473,-0.07671339411717293,-0.06714294807135818,-0.08086766490398606,-0.06484050559080473,-0.06675287919305178
-0.03366044430693643,0.0050044885386793525,-0.027580414780963958,-0.021125533252010054,-0.041815033582871364,-0.04582748994662955,-0.017224332553935795,-0.0703419396429133,-0.010990260487979409,-0.00115489625861237,-0.02100998305424806,-0.030780979150357657,-0.00782124111605953,-0.030494292489338604,-0.01933783663674643,6.655954723444601e-05,0.01945537306307288,0.018610367067687927,-0.025100737799995387,-0.03532842916890411,-0.05199955885215107,-0.02220825719736902,-0.06110819382525351,0.0,0.010240396721963752,-0.006913748896353045,-0.024192972084774833,-0.026079502239833297,-0.04734303158381714,-0.004085371075765898,-0.016601595456950613,-0.04514144815214616,-0.008351458015669166,-0.033548172661479636,-0.04176988736402282,-0.019977255134261962,-0.04085160133781218,-0.011936961485276537,0.010514887498277226,-0.04323380241165453,0.007286858666403662,-0.014539071387482227,-0.009326990746322872,-0.0015977914586831066,-0.023214674331766716,-0.016867846886979065,-0.02691491800659873,0.0,-5.551115123125783e-17,0.00043012958132898627,0.00022152285926319015,0.0003685789439314413,-1.6653345369377348e-16,-0.0007662389992221796,-0.01438160981970743,-0.0005636877597628431,-0.01132025982242435,-0.01821224071682498,0.0,0.0015999017559634177,-0.038015966260478484,0.026788089310123275,-0.004489145237312364,-5.2416700923041404e-05,0.0008573681895447383,0.0038454387796701406,-0.013682980480944573,0.0013305742557147004,0.0711572651941969,-0.02823722849298871,-0.018720668777071292,0.001954433885927087,-0.00547117205683012,-0.021975574407325504,0.0,-0.01699625492183099
-0.007797918395175796,-0.0018395578984494176,-0.029430336807111546,-0.0002929330743263181,-0.04480439276999565,0.011553349206517016,0.0037372132875505004,-0.07321170535111565,-0.03349596409762323,0.007005049088777027,-0.022332108444296395,-0.007549070891100074,0.0050422380086385665,-0.0031098137474434573,-0.01367569184140327,0.023159711544091577,0.005656292422757836,0.007888601623530833,-0.015768152624509812,0.004810943728927597,-0.03647212476501943,0.015677311459148746,-0.03459559704009307,0.010240396721963752,0.0,0.0019459285836726514,0.003258700309108631,0.004411372421720683,0.013815429750148156,-0.03167274527156322,0.027038959801587437,0.013820735009514362,-0.0003261501855916227,0.000781518465801212,-0.006557971371933979,-0.0016516065222857979,-0.0008789523603985883,0.01136167087217349,-0.0352359395505874,-0.06816388828910835,-0.03850026926112193,-0.03094245587204597,0.003195911104896032,-5.551115123125783e-17,-0.021743444552849323,-0.040736455529720106,-0.027519624580695068,5.551115123125783e-17,0.0,2.220446049250313e-16,-0.025283941684957734,-0.027857844854526137,-0.04122585529100503,-0.001282864152737595,-0.017229434846252334,0.0007975918621880296,0.0014225846739234216,-0.022146954016144804,0.0,-0.003644410296282097,-0.03394353074541423,-0.003295484421271422,-0.028639194208392837,0.0,-0.02678648056031957,-0.01426989699264336,-0.03415889262181343,-0.014586465464071496,0.022395555835643732,-0.04239367441046632,-0.0417170884708859,-0.03468406658548201,-0.033865034507901515,-0.02318789904390617,0.0,-0.03620435553784168
-0.007825156521372112,0.000628017444121165,-0.04021522186061827,-0.011841104306761108,-0.03613451252148653,-0.011877960925860798,-0.009158030849677756,-0.06393405168860461,-0.02689820368411422,-0.008731435458326609,-0.011646784288111056,-0.027332155452809814,0.0001297447184983591,-0.026848603579996355,0.03703910667425758,0.012122615927411817,-0.0004134376603904255,0.0072025545469054375,-0.019466917473321355,0.017512288953984934,-0.008605319519467192,0.0034760352240528203,-0.030262720909099927,-0.006913748896353045,0.0019459285836726514,0.0,-0.007310245639603363,0.0033806606565290886,0.005861929998366711,-0.029392022013684904,-0.004139862290385821,0.0018954334885634139,-0.019441334182495662,-0.017829074020890068,-0.025658754098544234,-0.0654814054268022,-0.025695414652441406,-0.013799311841619422,-0.03552156771171727,-0.05203764529496191,-0.035747000507235505,-0.04739746640194875,-0.024530316843640654,0.00010234631627464852,-0.02942919795904103,-0.029406520535442515,-0.04876112535909427,-0.02949415932737609,0.0,8.530490313130024e-06,-0.03542976301989814,-0.030565528495608008,-0.04786553332701271,-0.027853741360763407,-0.014661110005543987,0.0,0.00510248490205073,-0.026285738386646662,0.0,-0.04109110329906762,-0.04118968991600669,-0.0021429559317212576,-0.02417314327729958,0.0,-0.027321906632199633,-0.046035277667267394,-0.04253274671785662,-0.049914450608236516,0.021482771225854624,-0.03980235712087549,-0.03454392108182219,-0.03703580211750296,-0.027877337092801824,0.004635688237552227,0.0010666694203896876,-0.023362051742462753
