0.0,-0.015463648738607616,0.03293425577553255,0.0,0.013597664878948701,0.017348501064457955,0.023377698995426577,0.021794079069394456,0.022424827026570615,0.008426996096829897,0.02317934300384522,0.0073267996506659605,0.01821183308322666,0.03327338820256209,0.06530393316578187,0.026218901312924647,0.008148689434357537,0.01457029426613582,0.0,0.04919475343218588,0.015994503619402467,-0.0010105109261930312,0.06424555323768577,0.022293757493437538,0.007215708621135908,0.025125353152785412,0.07194595749339,-0.01660628415094445,0.06313313453602076,0.02546511624569686,0.007613693763717677,0.006138530695940558,-0.008578355723171671,-0.010648131795836902,-0.011263408734562497,0.02973871190441907,0.0005131271099930723,0.031146696535193752,0.014645248622410345,0.016480339926350007,0.028252393453743196,0.04484609196721573,1.1943840918571258e-05,0.0,0.02358841678430934,0.09879855571175128,0.02473835066145591,0.0,0.0,0.0,0.02254450972838451,1.1102230246251565e-16,0.056189918341777,0.0,0.049472173928682195,0.0,0.04506447807636804,0.01329173863314359,0.0,0.040162884514620245,0.02033989121487806,0.014717418383170755,0.02145665753515774,0.0,0.036783724170237786,-0.03526512822345085,0.014313076222190024,0.0495006277681323,0.054791232836403136,0.03500438224313657,0.038594153084340554,0.015413956015821684,-0.00023519101831021016,0.03590027134099266,0.0,0.03557166795861383
-0.015463648738607616,0.0,0.0303140734094402,-2.381105169624309e-05,0.01662648722612009,0.004756217326883416,-0.005822874569642145,0.021599173328556376,-0.010955620670148714,-0.0030873410057453143,0.006750811125593614,0.0073129630086462005,-0.009284524719176956,0.00815993823813943,0.012560487082768135,0.03364518241811565,0.016023608859245808,0.026117713848775592,0.013286277063531138,0.019672423318656318,-0.009869794936172127,0.02271396079541438,0.03518270683671121,-0.02430452323007415,0.01650741897256708,0.011779130903286084,0.03163602649921243,0.0035391163472389686,0.011997723846262132,0.025341487660669015,0.01311354456296715,0.003286753565586553,0.024188815752461235,0.004601705205879436,0.010832177690834222,-0.001988605631653706,-0.0011975598212118355,0.0,0.023410444644579365,0.011462292896956161,0.01701934414816486,0.03229963161153909,0.005613110946178723,0.0,2.220446049250313e-16,0.028262327941474485,0.02686493431764181,2.1468421652459657e-05,0.0,0.0,0.03557817492990861,0.02369199175171466,0.027348787437865063,0.013619279892054137,-0.012784718043806265,0.0,0.020592563823479515,0.016270805563818047,0.0,0.045268053047084145,0.018513678203115225,0.011443303991791665,-0.0034556184675711976,0.0,0.029573668198400627,0.00692504530056548,0.03481348560391595,0.05148790974551315,0.03751997668964496,0.017147198321550372,0.030286983071494522,0.0436706799529904,0.011671293311389608,0.03276716972124699,-1.1102230246251565e-16,0.019185413943092422
0.03293425577553255,0.0303140734094402,0.0,0.019394804697706047,0.05608220736217917,-0.002152155445956039,0.04061896479721061,0.09373739214017413,0.021846846255014152,0.03194960738763308,0.02540053856247665,0.03635654074611466,0.03218774154056642,0.017327853823554507,0.02579004646423405,0.037435859093116364,0.027333940988467753,0.014615148113324372,0.03049152446592779,0.051354185417713916,0.051311484571964716,0.03639436802999607,0.03550015911343396,0.04005161791376277,0.0017678360696356532,0.026224610975112195,0.020667804077234786,0.02556906309054402,0.05028736699584918,0.03283576693790885,0.017430409544541337,0.020058369512397534,0.015312208829363294,0.01456451136879694,0.017759980581299295,0.036622787094794995,0.030684978572951827,0.032585321547356216,0.021315641047728873,-2.446150701440608e-07,0.08039051734754166,0.04768925447889111,0.026711095331372947,0.028962405815389836,0.0,0.0,-7.230386616230433e-05,-0.06541279522051868,2.6826185955952653e-06,-0.030557214249581355,0.07690115625348981,0.07541606151526836,0.06616664855576404,0.01273430131067188,0.00035591868237244695,-0.11662987145970255,0.031603363436993326,0.10926626573356069,-0.025569272240570706,-0.00016192598007958026,0.0,0.0,0.0,-0.09109052181218352,0.009328237728007505,-0.0038675551475218506,-0.00026859045203331267,0.06800564481841853,0.0,7.265210940649025e-05,0.0252198434783677,0.06756886038487164,0.007379254465798457,0.03728429775616626,0.006750497553122181,0.06530473275646709
0.0,-2.381105169624309e-05,0.019394804697706047,0.0,0.011432672532515287,0.015829791278410554,-0.008794905257929697,0.020329686933386937,0.023110361808065638,-0.03651454579041599,0.0031562729307599846,-0.0021306790320690383,-0.016739030991571757,-0.02189373390032001,0.015163504503309944,0.0005780868055624833,0.015506028381645387,1.2215810845372932e-05,0.0300548490155525,0.021374882465362066,0.0005965223886121307,0.005310518474804793,0.05481637294900904,0.031952206641043035,0.00039661579256689006,0.03354690710955116,0.019341350966654458,-0.029715456599481882,0.03374963088320537,-0.015622248695859209,-0.11597678222717309,0.0010480157174626026,0.021071360317732546,-0.013342856466758257,-0.012651896852547528,-0.03845892199294915,-0.040052109177893896,0.024814980367755257,0.038540835029077514,-0.00021824113469831596,-0.001383317211145596,0.009639824066767055,-0.025943481680283098,-0.008271269509749324,0.0,0.0,0.0,-0.0007634925606658793,0.0,0.0,0.011803311552415874,2.220446049250313e-16,-2.7957509773191003e-05,-2.098380307063996e-05,5.551115123125783e-17,0.003994750283662585,0.0034554486272696527,-0.0003556218377647191,0.0,0.0,0.0,0.0,0.0,0.0,0.0,0.0,-2.4650114931690226e-05,0.02857467491339727,0.0,0.0,0.0,0.03173930745904174,0.001563443425719624,-0.0011820726090351341,0.0,0.0
0.013597664878948701,0.01662648722612009,0.05608220736217917,0.011432672532515287,0.0,0.05474962033823072,-0.0018763711533729688,0.05495542317398039,0.03107531616646725,-0.14131453404509003,0.025081289495569647,0.019384674711817207,0.0016776107446223598,0.039057730085018616,0.013721603693801265,0.01004207291516307,0.021181934727422358,0.027855059984455033,0.060434646868735065,0.03553228689735355,0.0313337598013404,0.014793812373696813,0.06358960857765211,0.007756036778509945,0.01563440821061396,0.0031067145057728784,0.06557501895478984,-0.03446006941247026,0.01653918894044054,0.027710575814300642,0.03393868896901375,0.017231388737630138,0.026747154528380668,0.02934793654740897,0.0325551511643582,0.0091618187146566,-0.0452812646556707,0.03627831767173817,-0.010960282788570974,-0.005975417245344172,0.07128713159569289,0.010024832342858225,0.007499722140644927,-0.043544621309274556,-7.902234479728598e-05,1.1102230246251565e-16,0.009775094531397188,0.03195326851002822,0.0,0.04125293482235681,0.07381247387715784,0.04503340923263155,0.034855962084798686,0.051467828946675565,5.551115123125783e-17,0.018484140885229317,0.021339453965898203,0.0426353072656927,0.049771399501338576,0.008123397695079693,-2.3590694337050078e-05,0.0,-5.551115123125783e-17,0.019272473452478622,0.01712846939145174,0.00017743249925417093,0.010106327345016874,0.0593329641136473,0.0,-7.842654492662415e-06,0.005979119715705528,0.05203827177251796,0.042094187156477725,0.02265874289378511,1.1102230246251565e-16,0.047333101942623634
0.017348501064457955,0.004756217326883416,-0.002152155445956039,0.015829791278410554,0.05474962033823072,0.0,0.04543987318137843,0.06711094279276941,0.03900999093787938,0.018211187028920495,0.053319904624844316,0.02016275519337768,0.04240132107443234,0.05619089592134052,0.02083393945150197,0.0030809377691915496,0.017886386505217455,0.0015814448595274366,0.05523761653928794,0.03899600889734889,0.030870136907882262,-0.00011736117049071515,0.035079686552388245,0.0077406173716762505,0.017445562198465325,0.028352666241142965,0.042569019665649854,0.03025670981386147,0.0631467516282137,0.01814639862050066,0.004128829210417795,0.01741516243800395,-0.00783319937861815,0.01582473178862548,0.00881704997893229,0.019634584130785893,0.024212496142505535,0.02846728760660333,0.03309133594037261,0.016004254199858015,0.06362782148380786,0.07420587458930733,0.0646482835606656,0.048088490831425856,0.04223697529573894,0.030766944926964634,0.032170453260699894,0.06598394482889514,0.007914612733275594,0.0811259351795216,0.06806604513784897,0.060205393488415804,0.06509050787127668,0.07184596110573882,0.035458354769880074,0.07270181659456598,0.015233523343695266,0.06396360899124953,0.07208131170745291,0.027137086473494776,0.01995531152061164,0.0,0.02411536003904069,0.06519541817170071,0.03214973304213653,0.04819520376178826,0.023084465060861037,0.06284960020757069,-2.0726456017583494e-05,0.018842433853662688,0.019513004750763563,0.05812426635693679,0.04189193609084818,0.043389286053899745,0.030293613147422627,0.058595080644742836
0.023377698995426577,-0.005822874569642145,0.04061896479721061,-0.008794905257929697,-0.0018763711533729688,0.04543987318137843,0.0,0.05894636623418231,0.03859898523487698,-0.008754911622460282,0.03691290761249777,0.002149387444626394,0.010641662733246682,0.013508735876157307,0.03184237859932526,0.0066318869442260064,0.012275259706741537,0.010551031483192141,0.03568616019986859,0.009980788026262066,0.029513117040418757,-0.004811530874289538,0.0407590329297669,0.012360159510222402,0.0149209793432869,0.0042754818679421325,0.042106433991635384,-0.012371316948972033,0.021219484014792733,0.029476207418540123,-0.021690799990592202,0.03023624339587877,0.03623637707727734,0.0049537179170248136,0.0038080492409743316,-0.02590058270144774,-0.0050930270480368245,0.047951803870249554,-0.06434989861689222,0.008556926653986718,-0.08669905576285059,-0.022058607213473413,0.044552800803330794,0.042427669957562475,0.05930920819555008,0.0,0.02519181762547451,0.05258278703658492,0.0,0.03881717187837308,0.06876207283317992,0.04734701565591881,0.059640719089405825,0.03636434790211662,0.01794589334820118,0.040648544560303757,0.003777093728819403,0.06681226376524108,0.006464353801871825,0.04072856206510983,0.022468446190221647,0.0,-1.695641508953072e-05,0.04031690534208454,0.03747003054429915,0.01382112722613038,0.023108397072981346,0.054571404627646536,-3.7685492324912584e-05,0.024736918964772536,0.025853457284467807,0.05772412472820809,0.025875285345417998,0.05494256635017852,0.01690912296922842,0.055077583659959184
0.021794079069394456,0.021599173328556376,0.09373739214017413,0.020329686933386937,0.05495542317398039,0.06711094279276941,0.05894636623418231,0.0,0.04159352992310145,0.024386926821874877,0.029298915472217246,0.022382850008266175,0.0526575383416224,0.044994176090910054,0.09347592848207864,0.04029487352167044,0.014067803276480384,0.01507386136781863,0.07277506739161976,0.019129251897290422,0.06046224905063685,0.027502207072386264,0.05946535257021468,-0.0005424693808374625,0.02053889509168627,0.02238356543063097,0.07435380445792505,0.04040925616411645,0.040524862332720624,0.03516579303650447,0.04184028576285531,-0.05180219588905599,0.07816496769578019,0.03374675545293143,0.0276773374553424,0.05099009871393356,-0.06693846598095621,0.03674435420312011,0.040248418724090185,0.029274898589850662,0.04647741823954976,0.022794973650181016,0.06311983358806394,0.02003018853908156,0.0,0.06657456778485804,0.03278590841627904,0.07263371880349867,0.0,0.0756368601727444,0.052757862652124066,0.0494992646632636,0.0691166127067731,0.04545414103429868,4.907693079631015e-05,0.04802305872078644,0.00016501100588239836,0.0478553599102971,0.025984341304294778,0.0666867808542761,0.012307877011654755,0.0,-0.0001144985474815785,0.0912701543151534,0.07674276105512506,0.11885607739621279,0.0484224880974668,0.05037616561194641,-5.551115123125783e-17,0.033622218529751446,0.048814873686829574,0.06353130755760128,0.0521987998180945,0.05119616844311081,0.0426370503189788,0.054957160797868276
0.022424827026570615,-0.010955620670148714,0.021846846255014152,0.023110361808065638,0.03107531616646725,0.03900999093787938,0.03859898523487698,0.04159352992310145,0.0,0.025767089430814683,0.05248419956855238,0.021445190680175974,0.01874842099511337,-0.0035546840804799307,0.021252370468433923,0.012059317610414011,0.04202475987290788,0.0007846319484227648,0.02866159327291129,-0.014709090150256232,0.01805570631626946,-0.021383983797223283,0.030099650989140747,0.030095316887656154,-0.012261760192331106,0.008615663351573044,0.04654626396456901,0.005125816096701208,0.002883720648908905,-0.005085553798759468,0.013420077671668917,0.011495687021147394,0.05230056688305629,0.014789263293127408,0.02063121718790406,0.014264561534464926,0.029757715552481356,0.06786074317504043,0.031079755827041755,0.0007127665441820641,0.06235691290041462,0.0331455541358221,0.02032417774166073,0.04460730322286616,0.029865807916479137,-5.551115123125783e-17,0.02040610699379708,0.049941675981460376,-1.2887425517860152e-06,0.027569241779102915,0.0624887845081159,0.04641415948096694,0.045257706366511385,0.057523338014707215,0.008720569397606459,-0.006762523318537106,0.035005028475971645,0.03944302074265904,-0.049856144664870705,0.02214421253188109,0.01261185342455784,0.0,0.0,0.05578610274266338,0.017385366184852202,-0.003169629589156453,0.01622461601659142,0.04739134722819016,-1.5860970647096906e-05,0.012788337345301548,0.013575241391424964,0.06101684359446535,0.04190354689111764,0.02431264090330082,0.02557767816720713,0.05406041473964052
0.008426996096829897,-0.0030873410057453143,0.03194960738763308,-0.03651454579041599,-0.14131453404509003,0.018211187028920495,-0.008754911622460282,0.024386926821874877,0.025767089430814683,0.0,0.024394358772337754,0.011160322506437781,0.0053056360020362625,-0.17999884664894164,-0.001847663061832594,0.03458419067699736,0.03647251544857133,0.04387300689161888,0.025137527037598417,0.0211227627564044,-0.008336659697550652,0.013456537740229368,0.027712631339969873,0.033982889835293906,0.04781329197649514,0.038381922362477006,0.02979211463399062,-0.031535303334359555,0.02119660852425287,0.04574257543105714,0.02981037059932068,0.02253854657065485,0.025722419380955375,0.00827428232078442,0.041294398136959454,-0.07326372743338577,0.011990083831028842,0.020641972735097602,0.007541298878871283,-0.023474272701557664,-0.0034140053293989503,0.02015580837385733,0.029624013608872013,0.059593108093917435,-0.024480354471053567,0.03327626401581946,-0.009852292945047192,-0.00014080602988320035,-7.317658740402244e-06,0.0004535564359957056,0.03655177294026868,0.037235083506611366,0.0033019602019102035,-0.003936300290824313,0.007210072738323747,0.02020354922888179,0.009385466722271196,0.024236939722387385,0.0,0.00025931314994659393,0.01100649866191955,0.02623215736051765,0.006248480025582426,2.405352774570435e-06,-3.908090442955592e-05,0.027778852387162933,-0.0025267559643802895,0.033886901656209556,0.0407777656908927,0.008279544036307596,0.02347330870547043,0.008551317756322563,-0.023582165411880796,0.03067508577716732,-5.551115123125783e-17,-0.02838141565104363
0.02317934300384522,0.006750811125593614,0.02540053856247665,0.0031562729307599846,0.025081289495569647,0.053319904624844316,0.03691290761249777,0.029298915472217246,0.05248419956855238,0.024394358772337754,0.0,0.0362010200178865,0.0372818376670887,-0.0009162103777812791,0.0,8.29579416573023e-05,0.020172082794289337,0.013136375464850636,0.02691923710568156,-4.909373726935673e-05,0.01924041330326398,0.003463590827978591,0.11579986770237488,0.013698402365095286,0.022743399036648737,0.02192654455820031,0.04496681982370443,0.03136524946916969,0.0297750380891853,0.01900595843178582,0.021432529953728297,0.0037162304653248213,0.05697674861754276,0.028927355466935922,0.04089664820430239,0.05122753529900331,-0.06031412210053322,0.04410575191611926,0.05433920383143126,0.007743448118965268,0.06034745800607544,0.01930859676777147,0.02754172391746096,0.03744720432714299,0.012079576638839074,0.0,1.1102230246251565e-16,0.13828214484293583,-2.495492738008309e-07,0.06229316062112633,0.1068222189185496,0.1379941955724146,0.057356106518804184,0.11125758604934277,0.031583017062915386,0.16075984954698125,0.008021227350706095,0.03341290980496864,0.030875110124403526,5.551115123125783e-17,0.0,0.0,0.0,0.21993980712534256,0.006799732440138928,0.0,-9.321860294053685e-05,0.08221559260673217,5.551115123125783e-17,0.0,2.200782685979341e-06,0.07578431334303015,0.07069740876884961,0.012525896402428238,0.0,0.050280632535178005
0.0073267996506659605,0.0073129630086462005,0.03635654074611466,-0.0021306790320690383,0.019384674711817207,0.02016275519337768,0.002149387444626394,0.022382850008266175,0.021445190680175974,0.011160322506437781,0.0362010200178865,0.0,0.010584868269365333,0.04225092262934149,0.010700500265715118,0.015505728864117496,-0.00710020702372427,0.03880595231726619,0.03703109091828999,0.01616093280705827,-0.003890474769863761,0.031038746633955006,0.05135064132885392,0.02939328591793605,0.058224274628279726,0.017211945327458567,0.021689001277133357,0.001184764072552691,0.037610052826429374,0.06656387811607994,-0.0007889431734860453,-0.006940406398900034,-0.020173044817927532,0.020180606283963398,0.04945278593651281,-0.004099001900390975,0.07768825908092686,0.005100494933872629,0.00710980815094181,-0.02715116694342795,0.0023197583229077057,0.0249316380783135,0.011159631900295841,0.026014689293642035,-0.01967903337324295,0.03265469396229498,-0.012477475476664113,0.007099643534580036,0.007427817466839598,-0.0007045973262897465,0.01151809991937297,0.020791853520198633,7.50974536813942e-05,0.022053441921806416,0.0022593231886895992,0.015688018603055465,0.01621755679207293,0.032063051262225584,1.5767070624839175e-05,2.0748325536501522e-05,0.0050469172558998965,0.01023424804223011,0.0006356939873644607,0.016410501137543887,0.005976090979716242,0.015739750348064574,0.010745091619369762,0.00563235446574567,0.017241066482190592,0.00825197838690317,0.026657196912879877,0.001006648596340809,-0.016397165227400756,0.006483663733949041,0.0,-0.030089328159189188
0.01821183308322666,-0.009284524719176956,0.03218774154056642,-0.016739030991571757,0.0016776107446223598,0.04240132107443234,0.010641662733246682,0.0526575383416224,0.01874842099511337,0.0053056360020362625,0.0372818376670887,0.010584868269365333,0.0,-0.005725513835690976,0.009901754839213184,0.006322466781424119,0.020171657347919703,0.008551581031751465,0.029727918786596974,0.012862464130683648,0.013595880050810971,-0.001707454533352859,0.03825026734152698,0.012224051635891686,0.013489296502031345,0.009594687726170503,0.032150982948710216,0.04650831863409316,0.038258305771153356,0.02729037685237179,0.013027334890612252,0.02302494359341345,0.05310140050795992,0.009193574150250905,0.007563035557934195,-0.027998163931853115,-0.00765150063090575,0.0394764073040515,-0.024655221945749484,0.0009725883295425564,-0.027757990382026088,-0.02843915425998339,0.014794340246511328,0.03116441661594732,0.03722029714421776,0.015544151330748601,0.024742888099132998,0.06320552794577838,0.0,0.0408623247498936,0.06613384392611299,0.04677301380492638,0.054938399393386295,0.03005333716062153,0.009827916889186772,0.051364215408920944,0.03272704863761339,0.03822826041621963,-0.012985875692101467,0.038810930906375884,0.017882361499923505,0.014218504147527011,0.0162949375976979,0.04778529972363421,0.037075667913491595,0.027877818155017886,0.02941560143271399,0.05309943093684755,0.00965324277999774,0.04832917203464521,0.02302777927846389,0.05021697604727848,0.046939586995822624,0.0726887316415692,0.04172418132916278,0.042086185620770156
0.03327338820256209,0.00815993823813943,0.017327853823554507,-0.02189373390032001,0.039057730085018616,0.05619089592134052,0.013508735876157307,0.044994176090910054,-0.0035546840804799307,-0.17999884664894164,-0.0009162103777812791,0.04225092262934149,-0.005725513835690976,0.0,0.037256195287615035,-0.00057589361100846,3.353217701740352e-05,8.973229828218576e-05,0.03929785314279671,0.002296518371686873,0.005767773517350749,0.009828907017491784,0.08953713979594186,0.0453868910170418,0.010460651254276254,0.024903452154764028,0.07134039521734087,-0.006271752098429062,0.007741944502950904,0.010444675967179406,0.02409964457092989,0.05420387750597694,0.00345751215515272,0.03737654058633805,0.07673481024793771,0.015611534487088824,0.0007367892016715838,-0.012677315972979053,0.03427557633302064,0.0,0.03445420186237669,0.0003511675670564429,0.02856158690163424,7.183272741073665e-07,0.0,0.0,0.0,0.059832935790641195,0.0,0.023986665376832306,0.08675912261863955,0.010501361237194085,0.06140975698939316,0.041048591725008854,0.0,0.04818615356992084,-0.0001872624361313191,0.028755921454021116,0.008015455620788703,1.1102230246251565e-16,0.0,0.0,0.0,0.053036665342422906,0.0,-1.1102230246251565e-16,0.0,0.0560785621583636,0.0,0.0,5.551115123125783e-17,0.06558829207704137,0.014890330357047232,1.1102230246251565e-16,0.0,5.551115123125783e-17
0.06530393316578187,0.012560487082768135,0.02579004646423405,0.015163504503309944,0.013721603693801265,0.02083393945150197,0.03184237859932526,0.09347592848207864,0.021252370468433923,-0.001847663061832594,0.0,0.010700500265715118,0.009901754839213184,0.037256195287615035,0.0,0.027482434127247657,0.030321107477267517,0.01937581808076433,-1.1102230246251565e-16,0.0585762142349715,0.05564766688213657,0.0512074747623259,0.07368391943730107,0.07154254390442416,0.01914376505171922,0.025749551257530146,0.08777363299015167,0.032402805859597594,0.04046587227018916,0.0222044778784522,0.01555413702922459,0.013509167856660897,0.03140619624749852,0.0138848532224084,0.01853197361829706,0.01557533100357189,0.028161332784270465,0.00011499078985172106,0.035571624312209116,0.05627219312796633,0.027802006632258403,0.023690502152367454,-0.04693912512171827,-0.003728028220268187,0.0,0.032475181803200026,0.02370624315597003,0.03071457475216377,0.0,0.0,0.04237458789699322,0.021537886234368142,0.06812203859111621,0.003835080666133417,-5.551115123125783e-17,0.0,0.007540312233269342,0.05303864124775076,4.090750817864475e-06,0.047857398658735284,0.023275286286906616,-0.00014299112581517281,0.03099802842743904,0.0,0.07321579318957239,0.053505411751330834,0.052656186171346764,0.07937352392128444,3.6398515022573186e-06,0.052340227471157075,0.022664774558308287,0.06392921645965904,0.04291837452377445,0.04949804558161003,0.026120627921545736,0.06244981642296532
0.026218901312924647,0.03364518241811565,0.037435859093116364,0.0005780868055624833,0.01004207291516307,0.0030809377691915496,0.0066318869442260064,0.04029487352167044,0.012059317610414011,0.03458419067699736,8.29579416573023e-05,0.015505728864117496,0.006322466781424119,-0.00057589361100846,0.027482434127247657,0.0,0.027715988159005556,-0.0035688593033293414,-0.0001616399655916534,0.03609350297380909,0.027243417170908002,0.045471914257853296,0.047336044821281065,0.02418238908015763,0.032682109273729,0.0314976427425776,0.03450527424548622,0.023216156117696396,0.024918202500746334,0.036283460200155715,0.03353434720258597,0.02753590872702094,0.047754506949866105,0.012465284206561011,0.030501961680142853,-0.013550604439644176,0.010101801455023485,0.008943697777224258,0.028843068004901273,0.01838874181828698,0.027014539807393212,0.04487193680213253,-5.334026948577986e-06,0.0,0.0,0.05142257544410822,0.028626581819769847,0.0,0.0,0.0,0.014514900674240827,0.008971959029098753,0.013516177061634271,0.0,-0.02198897612045697,0.0,0.006492248683774682,0.027030336690429813,0.0,0.044821050815709695,0.01836740157077149,-0.03475472231650101,0.009276503860885243,0.0,0.02537981644352849,0.03692671084491267,0.0389467644572033,0.056492095164354494,0.018332068600816875,0.016074520817693505,0.045115935700118404,0.038432664063724975,0.02982145121789015,0.03167037482723256,-1.1102230246251565e-16,0.011022573004128733
0.008148689434357537,0.016023608859245808,0.027333940988467753,0.015506028381645387,0.021181934727422358,0.017886386505217455,0.012275259706741537,0.014067803276480384,0.04202475987290788,0.03647251544857133,0.020172082794289337,-0.00710020702372427,0.020171657347919703,3.353217701740352e-05,0.030321107477267517,0.027715988159005556,0.0,0.021110481348817378,0.0163063301228924,0.00547390209928067,-0.031503737560965694,0.012450849822791932,0.028623130787294615,0.018585033908613602,0.059355772047129496,0.026045351626880653,0.0035564562968330993,0.01329892205753519,-0.020838804572998693,0.009429694856096071,0.03896564171200467,0.016260193954719393,0.031163534544544902,0.012660155547611796,0.004218635921729275,0.018842387439620856,-1.4791112691925346e-05,-0.027324102351690194,0.023884324461692807,-0.03771363416931023,-0.028790556241925058,0.0256271410796044,-5.551115123125783e-17,0.0,-0.09025414519674252,0.029595754620185655,-0.030514044038683963,0.0,0.0,0.0,0.0,0.0,0.0,0.0,-0.003152857431267142,0.0,0.004726796984736881,0.0056780768046713614,0.0,5.9585682799123685e-05,-0.013805182270913041,0.024790637451425068,0.006334434428871882,0.0,1.1102230246251565e-16,0.0,-0.006340914068809156,0.0,0.047999196299731095,0.014068944786339022,0.025730722894893532,0.0,0.026991050204065836,-3.214587834871052e-05,0.0,-0.08110547138417118
0.01457029426613582,0.026117713848775592,0.014615148113324372,1.2215810845372932e-05,0.027855059984455033,0.0015814448595274366,0.010551031483192141,0.01507386136781863,0.0007846319484227648,0.04387300689161888,0.013136375464850636,0.03880595231726619,0.008551581031751465,8.973229828218576e-05,0.01937581808076433,-0.0035688593033293414,0.021110481348817378,0.0,0.021903580234468922,0.02453145040163157,0.001182838788540863,0.028291640547014718,0.04194489260392531,0.02030168314287073,0.04825489509529207,0.02625459926794166,0.02879575893199182,0.009634187493296087,0.01772477434310321,0.012736134430981427,0.025499485177757075,0.011551522780817669,0.022721825488293657,0.004845244534234627,-0.009111410906335715,0.024126430556236034,-2.4651386178298207e-05,0.019256385830039024,0.001973993302616772,-0.04017093724740456,-0.01442884657737753,-0.03418899964402489,0.0,0.0,-0.0020945033052484074,0.0396321422504452,0.024374764180271236,0.0,0.0,0.0,0.01975354681044117,-0.00010396280911623146,-0.00037608189336429954,0.0,-0.009585433360777718,0.0,-0.01822930231486425,0.01958654331562998,0.0,0.059058374783171164,0.015497553574905287,-0.016762036371607558,-0.012253713313716497,0.0,0.003208767289855863,0.03948807389251874,0.03182102129004405,0.024967801962669345,0.049479508227034896,-0.0006097652022191702,0.00947207647230236,0.02857946926823718,0.02328057837079911,0.02691425877075293,0.0,-0.018170154870960464
0.0,0.013286277063531138,0.03049152446592779,0.0300548490155525,0.060434646868735065,0.05523761653928794,0.03568616019986859,0.07277506739161976,0.02866159327291129,0.025137527037598417,0.02691923710568156,0.03703109091828999,0.029727918786596974,0.03929785314279671,-1.1102230246251565e-16,-0.0001616399655916534,0.0163063301228924,0.021903580234468922,0.0,0.00037912119701372093,0.010995612104932717,0.011261287231547845,0.06950226707807594,0.04046646726422026,0.023696922313976576,0.031053707922702622,0.028769363678673276,0.020311995144516704,0.021679424260289182,0.04145909017994964,0.020116379004160023,0.016137899975564418,0.050186003722225925,0.01934441569755696,0.024883268811939363,0.0486817841696503,0.020756721036586157,0.09341737823320412,0.033829466830377686,5.979495812324931e-06,0.016208937177940974,0.0227717898793518,0.02183871134683152,-0.008912331718166022,-0.0005115589514836372,0.0,0.0,0.10320385494457907,-5.551115123125783e-17,0.026722109751882495,0.05713221572802374,0.09358728125256299,0.05386865875540092,0.05574831293372784,-0.00010697467700770957,0.10030264093229646,0.02589308545729646,0.0698588859819711,-0.01754070398310925,2.220446049250313e-16,0.0,0.0,0.0,0.07903647406938474,-2.767137278963938e-05,0.0,9.769903679812675e-05,0.06748586118549837,0.0,0.0,-5.551115123125783e-17,0.054999215572367866,0.04486041748260583,0.02996691053749706,-9.539866969798805e-05,0.029693043162491883
0.04919475343218588,0.019672423318656318,0.051354185417713916,0.021374882465362066,0.03553228689735355,0.03899600889734889,0.009980788026262066,0.019129251897290422,-0.014709090150256232,0.0211227627564044,-4.909373726935673e-05,0.01616093280705827,0.012862464130683648,0.002296518371686873,0.0585762142349715,0.03609350297380909,0.00547390209928067,0.02453145040163157,0.00037912119701372093,0.0,0.07240494149848953,0.031951179128588136,0.10291878720454689,0.03667691560606673,0.030909616992451816,0.04221411423326271,0.08536744860186052,0.04238076360672666,0.05915230899901652,0.051694987683905125,0.011623282871478013,0.011267722096773958,0.013565084570837105,0.02540932039400201,0.022739637595711626,0.014500237974466423,0.016401807943639934,0.001189387736986236,0.06170807913311688,0.03653754930654085,0.06199598298572978,0.053168239073809354,0.017421854271615134,0.0037347698039993937,-0.00021149329558151075,0.031835796029036856,0.032030887988626855,0.0794637651727696,0.0,0.0,0.045333752994477505,0.03052631004594375,0.0776273397999695,0.0955436291989124,0.0003299910377436155,1.1102230246251565e-16,0.007035242164294742,0.04328371056344471,-1.1102230246251565e-16,0.06012900473356719,0.011873026441586665,8.485285695525313e-06,0.01875479940055963,0.0,0.049136511655456794,0.09360352311731479,0.0449083467409645,0.07589218733600517,0.0,0.007613307770443556,0.027966886390194623,0.05838286257443698,0.06971387324744716,0.04673251414507945,0.06453449451902532,0.06374458970894892
0.015994503619402467,-0.009869794936172127,0.051311484571964716,0.0005965223886121307,0.0313337598013404,0.030870136907882262,0.029513117040418757,0.06046224905063685,0.01805570631626946,-0.008336659697550652,0.01924041330326398,-0.003890474769863761,0.013595880050810971,0.005767773517350749,0.05564766688213657,0.027243417170908002,-0.031503737560965694,0.001182838788540863,0.010995612104932717,0.07240494149848953,0.0,0.011704315495537632,0.07346573412414376,-0.007080470775460368,-0.01051354428493917,0.015361061871363269,0.08410172175233155,0.030294596436064858,0.03343989550447252,0.045700173634606656,-0.006650006549783649,-0.007910425941802857,0.019224334463394777,-0.012490779375398608,-0.016610854578078704,0.04388879202459928,-0.05936943278249701,0.02852611525077481,0.022918178983978243,0.042783609911125786,0.0025733772825974333,0.012608499893314917,0.03720522777070823,0.0,0.0,0.015122431083355148,0.02707098744752512,0.033097898633398626,0.0,0.0,0.009702080967083415,0.041584923877391655,0.060507487586791364,0.003777890966664532,0.04285738429484476,0.0,-0.004075245971933705,0.026615263255923616,5.551115123125783e-17,0.05134339269018362,-0.018802269385062687,0.0,0.02497684485851276,0.0,0.0580096091958322,-0.0013732655983955677,0.044568104698291366,0.06615342298150739,0.0020973259833191316,-0.0224599887852307,0.01973073148233656,0.051139537497177534,0.04777292957516882,0.04615579270247355,0.03704971751641989,0.0036645872581417827
-0.0010105109261930312,0.02271396079541438,0.03639436802999607,0.005310518474804793,0.014793812373696813,-0.00011736117049071515,-0.004811530874289538,0.027502207072386264,-0.021383983797223283,0.013456537740229368,0.003463590827978591,0.031038746633955006,-0.001707454533352859,0.009828907017491784,0.0512074747623259,0.045471914257853296,0.012450849822791932,0.028291640547014718,0.011261287231547845,0.031951179128588136,0.011704315495537632,0.0,0.05523266925092429,-0.01705876883637658,0.03457595167867439,0.006936016010855417,0.04100442880375904,0.021379279884026436,0.02241684749811873,0.03950447802829199,0.016237500748455758,0.004198529855126976,0.014944283137659053,0.013739959666514312,0.020273046975494258,0.002230800279290346,0.008929845689734262,-0.01266382601127597,0.023297984695872742,0.02171508168652414,0.001348425979345036,0.005655417763890447,0.010344386891329993,0.00021353815124536268,-6.202743261884969e-05,0.0270720201940432,0.021207211065466802,0.02096651364182528,-2.2494537219586164e-06,-4.734667308847751e-05,0.029310567607556348,0.017928573473460552,0.0159289117637173,0.014179723557448676,0.021085353867036805,0.0,0.01024683407902277,0.02422087271622758,0.0,0.03771194659496796,0.0031708683501452395,0.0005051497182208542,-0.027337127205806444,0.0,0.034046723855751915,0.035416978388578546,0.024034190186295545,0.06326409366867608,0.034629513534676304,-0.012644705872480955,0.009507518984187557,0.04154073172188394,0.015305534616452787,0.024653064952253168,-0.002600081237156937,0.007616571240750714
0.06424555323768577,0.03518270683671121,0.03550015911343396,0.05481637294900904,0.06358960857765211,0.035079686552388245,0.0407590329297669,0.05946535257021468,0.030099650989140747,0.027712631339969873,0.11579986770237488,0.05135064132885392,0.03825026734152698,0.08953713979594186,0.07368391943730107,0.047336044821281065,0.028623130787294615,0.04194489260392531,0.06950226707807594,0.10291878720454689,0.07346573412414376,0.05523266925092429,0.0,0.021340712706398535,0.040933646168612225,0.04364165530695846,0.03885007764245646,0.03886074512238985,0.04489179364691914,0.06437001527764158,0.03850073169927609,0.03724499592615682,0.0869387750988947,0.034420015305540175,0.03497342700980122,0.05357476741051859,0.04247222327276373,0.035131907334770784,0.06314713967966057,0.03050037745301193,0.06309098570178895,0.0606236622005768,0.06798098540267683,0.06149708587408259,0.017123855263136867,0.04642222360113091,0.057170199413054235,0.09385719528054315,0.02377399075434189,0.05548782257628315,0.07069192298715199,0.0567913789549126,0.07875721092739457,0.06267131278157201,0.03365029528153368,0.07323330895780117,0.0047613236079493415,0.05335223343534434,0.02521650089278804,0.07528320564305574,0.03278329299701471,-2.0641395872600388e-05,0.029441304845513383,0.07894929392478445,0.06671683661432115,0.08072448724353254,0.06801135167483452,0.07777334083293497,-7.954782997854348e-05,0.0322954470485835,0.060073498928800706,0.06855931546067284,0.05576984759460879,0.06286615232643172,0.05098073834324035,0.05756101826229976
0.022293757493437538,-0.02430452323007415,0.04005161791376277,0.031952206641043035,0.007756036778509945,0.0077406173716762505,0.012360159510222402,-0.0005424693808374625,0.030095316887656154,0.033982889835293906,0.013698402365095286,0.02939328591793605,0.012224051635891686,0.0453868910170418,0.07154254390442416,0.02418238908015763,0.018585033908613602,0.02030168314287073,0.04046646726422026,0.03667691560606673,-0.007080470775460368,-0.01705876883637658,0.021340712706398535,0.0,0.0358369265480053,0.05415609580513825,0.08642644478650818,0.004860782364919269,0.024632390094720902,0.01007614920163652,-0.0006134057309709062,-0.0049370850486839535,-0.010545878086631627,0.002133709847140064,0.015063580569160517,-0.030051650854258094,-0.0006198003068397795,-0.01904737786380692,0.02554563963350609,-0.04973523730933538,-0.04711814488488564,0.04320853901201965,0.013644636005476607,0.003048744924143032,-0.017761982226826678,0.10907926498499632,0.018509009532378218,0.0,-5.551115123125783e-17,8.152973214720083e-05,0.00458756844878655,6.986299914779615e-05,-1.6653345369377348e-16,-0.00014523823303264072,-0.031740769962889936,-0.00010684527189708248,-0.028517550888975007,0.011204282587308156,0.0,0.00023328378264608762,-0.03163830546593782,0.0025330204897374697,-0.005360913744467899,-9.935423583351533e-06,0.0003459695020410769,0.029702685434637333,0.01958197552136809,0.0002661603290857739,0.05335145048371892,0.008011961817146251,0.029683450179242343,0.009107606507804067,0.027624102825745067,0.01596692846340242,0.0,-0.044176190684851735
0.007215708621135908,0.01650741897256708,0.0017678360696356532,0.00039661579256689006,0.01563440821061396,0.017445562198465325,0.0149209793432869,0.02053889509168627,-0.012261760192331106,0.04781329197649514,0.022743399036648737,0.058224274628279726,0.013489296502031345,0.010460651254276254,0.01914376505171922,0.032682109273729,0.059355772047129496,0.04825489509529207,0.023696922313976576,0.030909616992451816,-0.01051354428493917,0.03457595167867439,0.040933646168612225,0.0358369265480053,0.0,0.033419266292795735,0.0330452509758673,0.017662822496878228,0.027065940847461223,0.023198709054989775,0.029817761029444778,0.01965942048151803,0.023110176743590283,0.010838862393395376,-0.0009356430499352086,0.022758545035057254,0.0025149477480545523,0.022854032159874083,0.007315068141980796,-0.03770643537627316,-0.017009204796181565,-0.018219545320360797,-0.0018634782233343805,-5.551115123125783e-17,-0.09444129835669468,0.04647883141527048,0.03111801109442408,5.551115123125783e-17,0.0,2.220446049250313e-16,0.019714447868808604,0.00879855699246751,0.0444469411088404,0.00039635348872246734,-0.02093744304655082,-0.00014840145429972917,-0.01917129338766771,0.02453363914983253,0.0,0.05623156132622659,0.019841152609491375,-0.015606450865669974,-0.009148967289494603,0.0,0.024931781858426316,0.020167635181811472,0.038123970788694006,0.05488913187659061,0.039031915998822164,0.004378205667299184,0.013364090677940588,0.03447442040692439,-0.0007206816366478463,0.025292521278461377,0.0,-0.018530402457406836
0.025125353152785412,0.011779130903286084,0.026224610975112195,0.03354690710955116,0.0031067145057728784,0.028352666241142965,0.0042754818679421325,0.02238356543063097,0.008615663351573044,0.038381922362477006,0.02192654455820031,0.017211945327458567,0.009594687726170503,0.024903452154764028,0.025749551257530146,0.0314976427425776,0.026045351626880653,0.02625459926794166,0.031053707922702622,0.04221411423326271,0.015361061871363269,0.006936016010855417,0.04364165530695846,0.05415609580513825,0.033419266292795735,0.0,0.06822775288435323,0.007933240975003697,0.02133839510024854,0.05430260381656782,0.008292765234146404,0.001707201449376472,0.0056073036106057406,-0.006262453401136181,-0.017703265862807516,0.04836835987428828,0.02780728137850058,0.009062275485429538,0.009934069134747592,-0.037918397757395306,-0.028018850816713625,-0.006085684849894968,-0.002817245735637186,2.526817158876593e-05,-0.06211785357035099,0.04723092977738269,0.024895249088702442,0.020040719747190072,0.0,-3.6120767172187485e-05,0.02712824948917214,0.023295455647402652,0.03513179188170096,0.005640025122086334,-0.0088165897537828,0.0,-0.005071127448610768,0.03173718900761291,0.0,0.02256961697135551,0.014036253032084334,-0.005524916730860641,-0.007235050383629094,0.0,0.017559188369820455,-0.00924912997301297,0.024934882721752483,0.03201927052678194,0.05534462422178904,0.006604743205518848,0.010350588263083882,0.042192017619754496,-0.10415462627171729,0.026128090098744117,-0.00025827856361870793,-0.016464699503068003
0.07194595749339,0.03163602649921243,0.020667804077234786,0.019341350966654458,0.06557501895478984,0.042569019665649854,0.042106433991635384,0.07435380445792505,0.04654626396456901,0.02979211463399062,0.04496681982370443,0.021689001277133357,0.032150982948710216,0.07134039521734087,0.08777363299015167,0.03450527424548622,0.0035564562968330993,0.02879575893199182,0.028769363678673276,0.08536744860186052,0.08410172175233155,0.04100442880375904,0.03885007764245646,0.08642644478650818,0.0330452509758673,0.06822775288435323,0.0,0.03127524426575695,0.06962681413713961,0.0470826652480712,0.03287817260320208,0.02818228691193947,0.0272313105564172,0.031484175993345964,0.026572030540203073,0.0216717669902754,0.023526893896046897,0.033502096590387775,0.06231588306966124,0.020386771609536947,0.0590317877035631,0.05968677422512836,0.04968073766641301,0.007171291573449645,0.041632655556748,0.04432423819406156,0.0675161095822494,0.07962716116708601,0.011530310155375312,0.05162792244322911,0.07778588203166659,0.06258914925080272,0.07655634545119006,0.07987371585132519,0.01795484895070426,0.05504688686985859,0.019785776118000475,0.055352224421385765,0.05185285708681764,0.06355348981706666,0.029107774177565715,-1.1102230246251565e-16,0.01090845772222021,0.06570732439659566,0.05693193436605515,0.08915752940603233,0.05715958393777443,0.0726712891718374,-5.551115123125783e-17,0.026537622177959852,0.05597821795751179,0.06655235364738421,0.05527200286512868,0.053446270428307685,0.050173880151966666,0.051427257898882806
