0.0,0.6759814454239799,0.3301335609340877,0.0,0.628594544069645,0.5052222208634316,0.48415089594358723,0.4178172661904773,0.43815635474815445,0.4396700963523188,0.3100083398182457,0.4235227935129539,0.7638326682907334,0.4535630566336255,0.48280619421837667,0.7223427994646453,0.47939834158922506,0.7715515753234177,0.0,0.5055080746006877,0.2650681249995439,0.6508164532035998,0.40728261982891484,0.4207352173336256,0.6580322510142232,0.64624368115055,0.5389152389652412,0.5921989019458582,0.4788532811242957,0.7435566279003893,0.6054891893246049,0.4669254952189458,0.45182125612985496,0.4061841144424496,0.3831012874185441,0.5712639197623409,0.4853279995551455,0.5631855073107587,0.4980315441176377,0.6478215868344077,0.45550453281037484,0.4491059516696399,0.46969211322545257,0.0,0.3345952090584729,0.3412265880039757,0.6743933762645289,0.0,0.0,0.0,0.321376630575301,0.0,0.6508668981123104,0.0,0.22221406693379933,0.0,0.5144922666928586,0.650620909359073,0.0,0.7022985603085443,0.5149820369317211,0.47895972664921416,0.5609109401752248,0.0,0.5418268733423066,0.21508154217124315,0.6480271179573609,0.6618799124459955,0.4981858437409994,0.7007623651033732,0.6165346033578072,0.4030882211544854,0.45053590644437735,0.6465041602071632,0.0,0.5846124390270323
0.6759814454239799,0.0,0.6071168499558255,0.401144365323112,0.3916099716920204,0.5075848807643002,0.45236713121534866,0.5034292692978755,0.16324201966881555,0.5855419629773637,0.428414632839211,0.6156899302980877,0.4696294633808338,0.36028392786670216,0.6793771324072762,0.6383844360801997,0.5020370459252831,0.8736743955838648,0.6751287870675019,0.5364880396264733,0.6404851110704599,0.7082305322209784,0.5030763108009351,0.5183405679209512,0.6062474354087659,0.4997120063015142,0.5237932302064461,0.46032849009916965,0.43773623017740126,0.47943408513601654,0.5009349974166779,0.42765934590455634,0.35847293589809337,0.5469675422169764,0.5636331801836802,0.3421287053328185,0.0512388096750291,0.0,0.5332264903709099,0.68973460846139,0.5342292414675152,0.636404607259702,0.5852041556605108,0.0,0.0,0.5427218950662218,0.6534132769382572,0.043918288404649605,0.0,0.0,0.5419669765771961,0.6052717741219091,0.49417410217955793,0.6864964355963532,0.4287879764726057,0.0,0.4994684246632531,0.7365178881846826,0.0,0.6810432213075378,0.537541027145211,0.5407260501860987,0.6470439560198915,0.0,0.5385178610958807,0.6243368640699416,0.9000172340431455,0.3980798935231343,0.36368874019895425,0.6890182420487783,0.6004143158035904,0.3693512148386297,0.7064971897063343,0.5706638292884995,0.0,0.7026752732600958
0.3301335609340877,0.6071168499558255,0.0,0.5050164345151211,0.5775250674047244,0.48728637137026687,0.494890003215555,0.6580116555583655,0.4778829207139854,0.29083593395891827,0.41045594567484067,0.5325824664966234,0.5374934248439704,0.5919644964215075,0.6010815753877371,0.36614505851271434,0.6230426347944136,0.5292382424434258,0.3125945568763417,0.3077019479416319,0.5757085657818297,0.5868254734229739,0.4794772762005744,0.5297975771103145,0.5332319625921786,0.7019570270642399,0.4520873744703036,0.5514425043626003,0.4836756645516841,0.5138504528257135,0.5185168948337894,0.3468754021930246,0.5268236257789755,0.49183666858051395,0.3847373991520279,0.541477503468698,0.3438767406133296,0.44116084239772657,0.48481489560581165,0.4709915304482365,0.5090310845197433,0.472006104902049,0.6179447575060505,0.5206614034115841,0.0,0.0,0.3886982716820565,0.698437163125772,0.47267101521757404,0.5732774659447164,0.7193150281841252,0.5222613526323998,0.6162333956787244,0.675094112390815,0.436294206048368,0.6871250810769338,0.7866290971693171,0.4836451205702483,0.5360075669034279,0.35255363327869016,0.0,0.0,0.0,0.6522114621991062,0.7703593008919076,0.4473779727208621,0.24511726365290976,0.7030714065254853,0.0,0.5454232511925293,0.6528930804513895,0.7015852536852731,0.6503400091539854,0.6175002939231238,0.6456305786501719,0.39425531253270124
0.0,0.401144365323112,0.5050164345151211,0.0,0.2815703392496989,0.3796250813213395,0.32289877470890416,0.528567387389649,0.5417475276641424,0.3482818558384893,0.07503840733857337,0.18906917080065944,0.35029168740799854,0.32714042541960103,0.40849067318147353,0.25557398915527973,0.39387677890930206,0.469419747847722,0.7836099498216652,0.538599489862731,0.45460497987955995,0.4765570445563788,0.15860611656197682,0.3731590805059235,0.7975165299294753,0.5602153613035117,0.20218500846636683,0.3916444268872355,0.5009822375553332,0.5878513107483432,0.6583917726666388,0.35174046978066087,0.1456065710384955,0.3799666031506376,0.20130962911022035,0.24969549300019828,0.2661511249092788,0.26285072780502283,0.23696910428932233,0.3739833235658966,0.5837655054019224,0.2594284668324593,0.5528555862800669,0.547191095356469,0.0,0.0,0.0,0.4142776618012096,0.0,0.0,0.7443090339579179,0.0,0.4663080450341548,0.30850763560179223,0.0,0.47418060706110005,0.47602572258261133,0.4531830257365378,0.0,0.0,0.0,0.0,0.0,0.0,0.0,0.0,0.45725882271730034,0.5701759864131093,0.0,0.0,0.0,0.5887002779744122,0.45777114243611505,0.5536006329166443,0.0,0.0
0.628594544069645,0.3916099716920204,0.5775250674047244,0.2815703392496989,0.0,0.45399109471156834,0.7538935772575804,0.7071515879497254,0.31237720396959145,0.9397885831719505,0.5003418409075944,0.6731755488658497,0.9341559236526843,0.5022761613709086,0.6609938067788738,0.3910982399541236,0.7066694372277733,0.5877033577517533,0.7274451095339203,0.379428585517929,0.5796797764137891,0.4614002691686985,0.4105393716327628,0.7347381931079194,0.4060679082933101,0.8213783440987363,0.5438234789726272,0.9230755353377722,0.3562988190988083,0.45769342830256443,0.7763700660760575,0.47041899326431896,0.848640390969932,0.7634346858180594,0.5950105072878535,0.39178123285132416,0.5593761066377783,0.7559376115734147,0.6787451759531863,0.4781070116946568,0.2860945597939139,0.41402516499503533,0.6110252217607153,0.40144075797132434,0.3565645081294345,0.0,0.2362752812164769,0.6380546328666097,0.0,0.7016506294757894,0.7087102031325448,0.5288999973149087,0.6114343826012276,0.5778865998755883,0.0,0.5630459752875286,0.3534195308726182,0.6047325517702871,0.45960948530347656,0.5513266176454454,0.4518893232248017,0.0,0.0,0.6549588424442787,0.6261451181841484,0.48440790447380944,0.6197653665465587,0.7932972769248643,0.0,0.47232725466920167,0.6023163475413131,0.5820522811120187,0.5555125336297692,0.3174278102745396,0.0,0.5747677765962214
0.5052222208634316,0.5075848807643002,0.48728637137026687,0.3796250813213395,0.45399109471156834,0.0,0.48645040387289706,0.49851349300826225,0.36201894412622604,0.6417876720706994,0.5904428598155893,0.644527204816622,0.3940521048274808,0.47613648084593374,0.5952243261940411,0.5112742009338176,0.3565114658723147,0.5481709659520746,0.5262364278179796,0.46777539394023293,0.4912773295420232,0.5045530710839714,0.5112957345147134,0.4565088466039908,0.5014907958309427,0.5252946831597438,0.6509734519118929,0.5176341075810802,0.36776294553883493,0.4879406987610899,0.464241577254147,0.29391222553030855,0.4205257951807211,0.39815013941867594,0.4138284760242459,0.5162300068577103,0.42249020969987355,0.5770610271662802,0.4866862356088418,0.39796472496526064,0.461179618919354,0.5431198756947047,0.6347973099770047,0.42598248645728976,0.2063509711059909,0.6989233123312233,0.5363169420766322,0.6805233896899259,0.6957953977707424,0.43505557366754827,0.7267506510119786,0.5848735913891787,0.6970877221835846,0.6533229922860626,0.7386978070790748,0.6201809820842359,0.49107259461918007,0.5745369291335927,0.5814944082896554,0.5317738604954343,0.567641409453587,0.0,0.619429223740676,0.5327599331501748,0.054607070664272006,0.29162683960272134,0.4789880665113871,0.7613579783910889,0.5084728374440501,0.4681253434311182,0.5949964525167628,0.750370628356185,0.558785445450236,0.4759662663493519,0.5833130575344375,0.42929429044106476
0.48415089594358723,0.45236713121534866,0.494890003215555,0.32289877470890416,0.7538935772575804,0.48645040387289706,0.0,0.4933860472661278,0.4584551511627981,0.929728416794402,0.6532178321296553,0.5556919564709674,0.5785325544791134,0.38436084410988736,0.5889606846616334,0.5717956415872355,0.856611207410962,0.6458818028067532,0.6408296444381385,0.5321141361327525,0.43268987715744966,0.5413393035279157,0.4609037341869503,0.8855443569084096,0.6358326144825177,0.7119320644012634,0.47238887616137526,0.7999230790723133,0.5273926999491338,0.4799949655802432,0.7692219366137906,0.6709324585918566,0.7572771422640335,0.6882451501432398,0.354068602525956,0.505636697326269,0.540867955580518,0.7244646379785349,0.6920054885043654,0.5316387825640243,0.8352312953812171,0.6447698185698337,0.7196599202924672,0.8210238037903164,0.300233095488174,0.0,0.46338407951904703,0.4901247746057117,0.0,0.5975027003188688,0.653059514748656,0.5169441317624163,0.5863089329418067,0.6352773457620777,0.4082764508185319,0.4819661619141419,0.49818529819121177,0.43758889848011917,0.4680538332226956,0.23268916265331394,0.632439645036205,0.0,0.49938856154125566,0.6992919186651907,0.6204117813962058,0.6259463463969315,0.6981716638075597,0.7245759374400309,0.4708962218615348,0.6892404779453577,0.5968087684783292,0.6634018387581422,0.5970228208471525,0.36939798066147855,0.69725643778872,0.2937332933952238
0.4178172661904773,0.5034292692978755,0.6580116555583655,0.528567387389649,0.7071515879497254,0.49851349300826225,0.4933860472661278,0.0,0.5875431595039967,0.7230615047132513,0.48524271277143516,0.5457018090689523,0.5330202399796098,0.8385220452021553,0.4719890541177242,0.5978220277034547,0.524683229006244,0.666065977720574,0.6911986923290929,0.3422713708647311,0.5505487970711135,0.4659928885673264,0.6375818111395357,0.3825235754513346,0.6629236263423555,0.5749993264532693,0.5112075727483069,0.4511044214749225,0.3871624599098916,0.3714589361021262,0.4408978333957511,0.64874269935677,0.2033595214048226,0.4494274617834568,0.2831581790643537,0.6777221401816822,0.2078646549982008,0.44928527703319115,0.5068259278818676,0.48720580455323315,0.32978972538405216,0.10879768435880594,0.4353968069998956,0.6338651049304831,0.0,0.4776519262595244,0.4000550037798256,0.6513184118968114,0.0,0.6069627222372185,0.7614913868752086,0.5346025090352405,0.5919349444890836,0.6100407698650184,0.6407648812578393,0.5644059909351599,0.9234632867016024,0.5181791119129152,0.5873876971129919,0.6440890237180781,0.5912562585666161,0.0,0.5479152492013482,0.6352169174227544,0.61727521128152,0.6570159514207741,0.5136767866031633,0.8328200238504505,0.0,0.584341263486256,0.43753756894483004,0.7173689126335925,0.5256263502950178,0.7717933160068984,0.5251343997044877,0.4202104795093681
0.43815635474815445,0.16324201966881555,0.4778829207139854,0.5417475276641424,0.31237720396959145,0.36201894412622604,0.4584551511627981,0.5875431595039967,0.0,0.6831231611677038,0.42824443122768097,0.5345436073888602,0.5640700361469879,0.5315932885242041,0.871460493955087,0.633656322243684,0.6115894071919606,0.7302570348872641,0.45898462016359454,0.5692278150327893,0.43487350358830507,0.5321389656217974,0.49123676005985645,0.6000152898481397,0.6023297010612065,0.624148811866716,0.6161414727627457,0.6817254698576604,0.4267896002543421,0.624721257492782,0.6206499214781698,0.5201428234597093,0.48975383275048623,0.6370254872632135,0.5403714371245996,0.5565907758355036,0.5756866076220142,0.5805830850011351,0.4238278343184432,0.5998938914967414,0.4657017677298219,0.37895925091680827,0.511323750616919,0.4045524309535995,0.2790592499893783,0.0,0.45880142786050215,0.6757573285261966,0.4696071093945619,0.7251156459598174,0.760207411186006,0.6027725069653839,0.6448703223106389,0.5557131228935355,0.47709851853362084,0.5581678634774958,0.43397182750775753,0.39560103103777494,0.5436746921667972,0.4982933801535923,0.5288704891156055,0.0,0.0,0.5713569143765234,0.5590489724757008,0.7799174167362947,0.6968467977616131,0.7524348163862775,0.4218291354785383,0.650634626854801,0.4115441330334391,0.721275486186059,0.45358079694662123,0.40526416660289416,0.49410215875651353,0.6366023132624217
0.4396700963523188,0.5855419629773637,0.29083593395891827,0.3482818558384893,0.9397885831719505,0.6417876720706994,0.929728416794402,0.7230615047132513,0.6831231611677038,0.0,0.7751130483551041,0.4661270487646221,0.9250506213707677,0.6407476836315132,0.5137706644977518,0.4012905443995969,0.5384370610520086,0.5528836605866301,0.7834618975557633,0.26381141462049823,0.5678507130102481,0.9371168853128449,0.5077996602101122,0.9626347934606906,0.8521285777152631,0.6429351143514523,0.4310229893311393,1.0033208938528564,0.5146626190802155,0.3278654110207833,0.8644496698396706,0.6351671722407108,0.6417784084324868,0.5934399895369923,0.6539486353718518,0.5872378337037967,0.5780254758586914,0.5733496500292768,0.39678378758809085,0.5578693520564031,0.41101851877936196,0.33379912709674453,0.5794110017381848,0.3506553862684064,0.6534851836182118,0.29499958195324644,0.716550149776891,0.3630530099284972,0.4783510645298202,0.4347466863965469,0.5440243073813862,0.5616889008583661,0.6831447271865275,0.5327802697919388,0.6135595339532032,0.4122571489305248,0.6562242569331254,0.8546245843146153,0.0,0.6247553375012627,0.43142304143192584,0.29876952001740087,0.3395417495212989,0.46613148007054206,0.4654762724323479,0.4907969846246948,0.4460268875173295,0.5536009788287031,0.38793390442356396,0.24147304915498027,0.3203526873332837,0.7159890515025682,0.665249379186889,0.6459244753922169,0.0,0.7146827278862202
0.3100083398182457,0.428414632839211,0.41045594567484067,0.07503840733857337,0.5003418409075944,0.5904428598155893,0.6532178321296553,0.48524271277143516,0.42824443122768097,0.7751130483551041,0.0,0.5813413559236249,0.6822856326990994,0.5001018742177086,0.0,0.492140675669115,0.5197369369246146,0.519185066337684,0.5902061080543033,0.4508770581278103,0.3671230559457804,0.42644238863612505,0.13669696313703183,0.7468150041874364,0.5670087150847289,0.5678912424553815,0.626102776105863,0.6907707523457436,0.4229567796110039,0.4022367992592423,0.5943706971903464,0.6393001537869986,0.5998602837899966,0.6235250394062078,0.5337975889448615,0.6247406886953142,0.6963184839115667,0.7144469271358851,0.7351285646153729,0.47970099996791205,0.4170377274352325,0.4927526621687836,0.5559644433427429,0.5923868772820642,0.2421950589832969,0.0,0.0,0.7581806322727718,0.4667728001519724,0.8133083420946388,0.6551244031065138,0.5282552204908618,1.0151390677957837,0.6914828493753584,0.5902063904629751,0.6637954222072404,0.2914447428315261,0.5184184892915114,0.5373018283988493,0.0,0.0,0.0,0.0,0.7278916973399789,0.5018797237344611,0.0,0.5286392677254863,0.6716219338744649,0.0,0.0,0.897384326250433,0.7190753676259645,0.4401863292655005,0.3249808361815824,0.0,0.5965823817528052
0.4235227935129539,0.6156899302980877,0.5325824664966234,0.18906917080065944,0.6731755488658497,0.644527204816622,0.5556919564709674,0.5457018090689523,0.5345436073888602,0.4661270487646221,0.5813413559236249,0.0,0.633018225328145,0.4211112820153626,0.4810424048194848,0.6858509454945253,0.7838531659542145,0.7235139846731908,0.6021889058508227,0.23410520517708047,0.5423399902043904,0.4722896218130652,0.5574833834106228,0.48396035107213087,0.5749917711768796,0.6057547875570098,0.4838584494918491,0.4669635581471012,0.5059701865388704,0.38677203170119323,0.5311383421708477,0.25108803201034613,0.41425398090228405,0.2326146719726679,0.5275679453500743,0.17728534214106426,0.30388506064453114,0.16059449376794593,0.39422745963579986,0.36134237482088993,0.32193432098768854,0.18123375962002708,0.3201940874419909,0.5204221305399219,0.17571945707382663,0.4482673272896859,0.4599182555665939,0.5263311337620892,0.4019079570702999,0.37054764095624737,0.3168743614895745,0.30242829693593026,0.3511449799062696,0.4812514902462915,0.5782302282839733,0.28586977768172783,0.5607590227878563,0.4711798054113854,0.5269995271759941,0.5095305163732898,0.27220824106003644,-0.019143771890015426,0.6267821718173826,0.4124105015655237,0.8090060414326674,0.9073188746291505,0.42276753924682325,0.20001112575082472,0.36010180559828275,0.2755112613760241,0.35123798828709374,0.2925493278325521,0.46360307639999165,0.5535264062760739,0.0,0.7778148671659408
0.7638326682907334,0.4696294633808338,0.5374934248439704,0.35029168740799854,0.9341559236526843,0.3940521048274808,0.5785325544791134,0.5330202399796098,0.5640700361469879,0.9250506213707677,0.6822856326990994,0.633018225328145,0.0,0.8625385564056587,0.5424987996044468,0.6143062670313076,0.7966403104467807,0.8062949290612331,0.6697619097569593,0.5907887795796516,0.49673758510346566,0.5418706493968842,0.506366297701972,0.6556475766918713,0.7524510188674898,0.6692315203517425,0.5256905025062688,0.7370250662298712,0.6535745470795433,0.4925119120842041,0.672214728099874,0.7377528617559964,0.5821549997888777,0.7838584939865902,0.526453422927391,0.5532102297972409,0.7157861961232814,0.7274604119303189,0.577208210204242,0.4593358672147585,0.6925843167038411,0.81995829485144,0.7424117117808009,0.3349977629500388,0.4164410516707473,0.5485868247835048,0.6018679038326247,0.6287595786148026,0.0,0.6028036460346473,0.6730243404152196,0.4820847173562381,0.5984040664389785,0.6483388599249972,0.6478540006853022,0.7570880626587909,1.0263623322066442,0.5261908254104806,0.4558733085841222,0.44364229016154566,0.4789950180269098,0.5336320268408349,0.482623956700439,0.5089491899394971,0.4520969380446024,0.5413506571754153,0.6380854169748511,0.7378608306787524,0.48269694283087583,0.5694710581245099,0.1284005008159782,0.6844470906209118,0.5228305163770802,0.5699661287704156,0.46463486474527504,0.48898239988463255
0.4535630566336255,0.36028392786670216,0.5919644964215075,0.32714042541960103,0.5022761613709086,0.47613648084593374,0.38436084410988736,0.8385220452021553,0.5315932885242041,0.6407476836315132,0.5001018742177086,0.4211112820153626,0.8625385564056587,0.0,0.35715654359765314,0.504281391666984,0.4538673263376803,0.49728736964347164,0.755137292891854,0.3905543983141877,0.4976419549691695,0.15388193513440396,0.6628558261319277,0.7291008297147707,0.3716249733460608,0.5611026018709419,0.5223771549067289,0.5132925369702297,0.08586234046194574,0.6898372735371981,0.4027141788973996,0.3251367454731165,0.3194302895156871,0.818592789627815,0.03567659043084967,0.26155703151446,0.3147924758077201,-0.08992248963867058,0.520211557072028,0.0,0.6645740085840095,0.6735874714402996,0.5707203822678153,0.4719034614782176,0.0,0.0,0.0,0.45640471533798427,0.0,0.3560473336477121,0.34755676023988863,0.4441543700593471,0.41336787900348226,0.5167580348434482,0.0,0.43500915521052025,0.36008211523479816,0.8603960269926778,0.31724730361075726,0.0,0.0,0.0,0.0,0.5082813233403589,0.0,0.0,0.0,0.5852138168526233,0.0,0.0,0.0,0.43683603951121375,0.852139877778975,0.0,0.0,0.0
0.48280619421837667,0.6793771324072762,0.6010815753877371,0.40849067318147353,0.6609938067788738,0.5952243261940411,0.5889606846616334,0.4719890541177242,0.871460493955087,0.5137706644977518,0.0,0.4810424048194848,0.5424987996044468,0.35715654359765314,0.0,0.5989594766241757,0.41350262050542,0.6225468853850575,0.0,0.5306390420921322,0.4815138722355478,0.6487956345565311,0.7042269684195253,0.4779500941645237,0.6395807647464828,0.7015802376322302,0.7790139518591837,0.4036538227881608,0.28468733643651234,0.6164324666018968,0.3689968341464286,0.18408871475390612,0.3724658090611081,0.35412163863095336,0.305784202893326,0.31257483200443276,0.578626644529323,0.3801406234955399,0.31614074508599815,0.5601022140447318,0.4218220522653696,0.3134420174985062,0.5452744338371778,0.40324790001151184,0.0,0.47438423244854533,0.6265803638369245,0.4928030662862458,0.0,0.0,0.39346798733159294,0.7638263705134684,0.5350386442347157,0.5798296837740051,0.0,0.0,0.4886370494568765,0.49317318582316383,0.46902573858374763,0.6736142822870471,0.6024879650785179,0.5466044879917308,0.7586254882799393,0.0,0.47133007336389243,0.5175535239900753,0.7158831281121707,0.606928994193221,0.4494479821010052,0.5582893692483852,0.6085185172530514,0.4288626973755309,0.3587662575249421,0.326197829224517,0.4320306199838916,0.4625574501447923
0.7223427994646453,0.6383844360801997,0.36614505851271434,0.25557398915527973,0.3910982399541236,0.5112742009338176,0.5717956415872355,0.5978220277034547,0.633656322243684,0.4012905443995969,0.492140675669115,0.6858509454945253,0.6143062670313076,0.504281391666984,0.5989594766241757,0.0,0.5372627754252175,0.7344116708361619,0.45063560916216433,0.5215826972893364,0.6475781924500003,0.659270300051551,0.5196832422979811,0.32833841518722684,0.6129878334932408,0.7160908465066383,0.4774992032902093,0.6924708939016055,0.710047846795085,0.6551897013673816,0.8770304755045062,0.5551746334270122,0.46391883728152755,0.5469350113609339,0.5912009707513534,0.8301658251328379,0.41973463157722424,0.6857626833714832,0.6732084819281376,0.6811592000787716,0.6550479756145049,0.6184919336595718,0.46976859847839303,0.0,0.0,0.5612435362809709,0.7475181083039073,0.0,0.0,0.0,0.8056476987895667,0.7184726768979682,0.8833892398588474,0.0,0.5769444258253107,0.0,0.447042880987208,0.6213288831417183,0.0,0.6131007964761319,0.661216688740826,0.470748864861891,0.7372845877778609,0.0,0.44814784382021805,0.5746391837301495,0.8184868531739553,0.15345398446185365,0.39395552786325383,0.7835900525316727,0.7618219974729981,0.3380132757251744,0.3982270814141868,0.7078379372665685,0.0,0.6587588945651925
0.47939834158922506,0.5020370459252831,0.6230426347944136,0.39387677890930206,0.7066694372277733,0.3565114658723147,0.856611207410962,0.524683229006244,0.6115894071919606,0.5384370610520086,0.5197369369246146,0.7838531659542145,0.7966403104467807,0.4538673263376803,0.41350262050542,0.5372627754252175,0.0,0.5976285303339182,0.7603239340186141,0.3619228678470964,0.6915256890759732,0.9363672719769732,0.676450743031767,0.8993447664020544,0.6856970293208327,0.6819209346463059,0.33376120331239045,1.019121343071434,0.39570011979401654,0.3135691892302826,0.5837586236320345,0.4983450265289302,0.60368439146374,0.5295106747386404,0.5910522184563716,0.6552297022769739,1.2436412871821183,0.2687677853917368,0.5805726996635702,0.5892050449176729,0.4290096924392559,0.4459865925370089,0.0,0.0,0.6122061967811033,0.8024055221746825,1.1563168475336036,0.0,0.0,0.0,0.0,0.0,0.0,0.0,0.5393236642747543,0.0,0.4330880862806883,0.3510960331916076,0.0,0.5561958833325001,0.5785623552602114,0.26725963876554826,0.4315215237812164,0.0,0.0,0.0,0.479843041378917,0.0,0.7114253190326209,0.4731712909705435,0.4010059909710854,0.0,0.3388099726859881,0.46862519473049913,0.0,0.733901525060149
0.7715515753234177,0.8736743955838648,0.5292382424434258,0.469419747847722,0.5877033577517533,0.5481709659520746,0.6458818028067532,0.666065977720574,0.7302570348872641,0.5528836605866301,0.519185066337684,0.7235139846731908,0.8062949290612331,0.49728736964347164,0.6225468853850575,0.7344116708361619,0.5976285303339182,0.0,0.5447965381343363,0.6384457085658746,0.7222076472178055,0.7703758217327887,0.6178822387220944,0.7252256317856478,0.5739650376437251,0.76898534127341,0.567936098226504,0.8121272554197416,0.7655127591656867,0.45771480056784863,0.785288471944321,0.6650582480824467,0.664157434902389,0.7493951864993249,0.6604969439369841,0.6535456476741935,0.3973136161739751,0.2051732240580417,0.7218936296055227,0.581863173605722,0.5671122698980707,0.559404130750093,0.0,0.0,0.5415066532140647,0.8336198202946143,0.8941208104548426,0.0,0.0,0.0,0.6018743750906919,0.5017873899470366,0.6063177511868145,0.0,0.5790635750432164,0.0,0.5101291570583995,0.6715436379223798,0.0,0.707371581858532,0.7490579942455842,0.51829922671635,0.5915212589624502,0.0,0.3666203688815291,0.8629334104587911,0.9391871899880508,0.794772721458237,0.44332791293404367,0.6377292437438324,0.6557313368539072,0.3859264056346011,0.7081123275038138,0.5637285796967941,0.0,0.8276304401510287
0.0,0.6751287870675019,0.3125945568763417,0.7836099498216652,0.7274451095339203,0.5262364278179796,0.6408296444381385,0.6911986923290929,0.45898462016359454,0.7834618975557633,0.5902061080543033,0.6021889058508227,0.6697619097569593,0.755137292891854,0.0,0.45063560916216433,0.7603239340186141,0.5447965381343363,0.0,0.5030350614294415,0.6678513979566647,0.7091016625954583,0.42642077249429994,0.6388510048565519,0.4994544387940467,0.6677583466579238,0.3057657319083531,0.7347101229333179,0.4666997370431317,0.5746992767722283,0.678477581165766,0.5710413029631054,0.7468712458742472,0.6681152153725444,0.5157889067547559,0.7546132073896366,0.5741678715253472,0.4476839672210441,0.5744671372441087,0.4403031071743303,0.33445451118209596,0.31692776573826653,0.6877792432385219,0.33799154562713485,0.003240233581820613,0.0,0.0,0.718862584761886,0.0,0.5762654246538148,0.6435299180694767,0.5143130194498599,0.6522550684790072,0.6119648815450949,0.5934030216329417,0.6494648398552749,0.47963175529189617,0.3415200614499878,0.5730555113942577,0.0,0.0,0.0,0.0,0.7097003393357917,0.46977191640381527,0.0,0.4856501944694125,0.7212376481756331,0.0,0.0,0.0,0.6558466138727154,0.46323874244233154,0.2448727870689854,0.47541611122809535,0.6197810499311862
0.5055080746006877,0.5364880396264733,0.3077019479416319,0.538599489862731,0.379428585517929,0.46777539394023293,0.5321141361327525,0.3422713708647311,0.5692278150327893,0.26381141462049823,0.4508770581278103,0.23410520517708047,0.5907887795796516,0.3905543983141877,0.5306390420921322,0.5215826972893364,0.3619228678470964,0.6384457085658746,0.5030350614294415,0.0,0.3240065695134692,0.6199068353129181,0.4514199164806784,0.45699921065800864,0.5424943625078519,0.5774176356039542,0.6183133028655213,0.7347091754293068,0.42720875137766934,0.28776730696267366,0.42461937298885155,0.21600579135020528,0.22329976499182633,0.45343049140459535,0.34771946785225305,0.5254159387137762,0.2527792402706951,0.6934462468887594,0.1287619506804988,0.1896067998633306,0.23155570060575426,0.18582795594342155,0.35970111872654686,0.24930728538311236,0.3330727002629543,0.5623203617646169,0.5616663014222038,0.609844223302537,0.0,0.0,0.20268884680835614,0.43715414974384886,0.5504765022493685,0.38670230113473403,0.7842040415112959,0.0,0.4859259346726932,0.27569492207522694,0.0,0.31987120475051295,0.5083532055984166,0.4693600240165442,0.3935614998738902,0.0,0.13233337628456754,0.23683298155180954,0.34381585379903257,0.290770673822061,0.0,0.5713668317701477,0.2134433596735933,0.2481219021009178,0.2474233789277419,0.25611265588744486,0.3853132503057621,0.13485152736939277
0.2650681249995439,0.6404851110704599,0.5757085657818297,0.45460497987955995,0.5796797764137891,0.4912773295420232,0.43268987715744966,0.5505487970711135,0.43487350358830507,0.5678507130102481,0.3671230559457804,0.5423399902043904,0.49673758510346566,0.4976419549691695,0.4815138722355478,0.6475781924500003,0.6915256890759732,0.7222076472178055,0.6678513979566647,0.3240065695134692,0.0,0.5361429554580072,0.5260029672157951,0.4005582399332094,0.5972235039910407,0.6802443227666296,0.6006682725411717,0.37422175378466077,0.34126171916577364,0.3603554356288897,0.4565027958149286,0.2779966971677339,0.37361212663871674,0.3634528221671245,0.42934882836991817,0.5060134617616334,0.4875263504214422,0.2796664899518285,0.3812179514189691,0.7694241241435207,0.4401903598878609,0.43476930917667544,0.6624862345049837,0.0,0.0,0.6182378843706413,0.5662702806370475,0.5975164608034294,0.0,0.0,0.5507569303422646,0.42111865410904203,0.803490975230257,0.6164785971416925,0.677792951186656,0.0,0.7561898375788616,0.3916454972637011,0.0,0.6686153219584474,0.6281942080445121,0.0,0.588237893980059,0.0,0.3277243000849167,0.5041656812686623,0.6460508988492053,0.6386027903710609,0.5370476440535243,0.6566976809379845,0.7229630677407416,0.5017307794891039,0.6124586541424408,0.6204074612020591,0.5159436072956942,0.37902458928675753
0.6508164532035998,0.7082305322209784,0.5868254734229739,0.4765570445563788,0.4614002691686985,0.5045530710839714,0.5413393035279157,0.4659928885673264,0.5321389656217974,0.9371168853128449,0.42644238863612505,0.4722896218130652,0.5418706493968842,0.15388193513440396,0.6487956345565311,0.659270300051551,0.9363672719769732,0.7703758217327887,0.7091016625954583,0.6199068353129181,0.5361429554580072,0.0,0.7354749299614798,0.4879067816424001,0.8387927656533052,0.7814027234456404,0.5500711614364746,0.7727377564150434,0.6312213547302407,0.6656245364052815,0.6827453872674827,0.41938459769640324,0.4626065515639387,0.6072374986100877,0.48873000509216896,0.39958875888890955,0.5642599827070212,0.5972073967670922,0.5185531068321287,0.687838059735663,0.6246943883125813,0.591665160718444,0.44496667471608575,0.4384797429912276,0.39242388026482866,0.5758712173185048,0.7642759171653211,0.565813618150619,0.47070352667419524,0.39281742233071865,0.5766556602920574,0.7162595396631495,0.5543477579519834,0.6305860789723743,0.4343185021978426,0.0,0.6680803099995893,0.5616734242579504,0.0,0.6571031533879221,0.6620337048662588,0.4109250657486465,0.8283006289401764,0.0,0.41277385417729473,0.5318325248206246,0.7480215971509372,0.49988723476331987,0.613391097561303,0.6062764806232412,0.6170905794563402,0.4676296355252092,0.30649573932328833,0.4660773575376098,0.5097802677285295,0.6958204577167366
0.40728261982891484,0.5030763108009351,0.4794772762005744,0.15860611656197682,0.4105393716327628,0.5112957345147134,0.4609037341869503,0.6375818111395357,0.49123676005985645,0.5077996602101122,0.13669696313703183,0.5574833834106228,0.506366297701972,0.6628558261319277,0.7042269684195253,0.5196832422979811,0.676450743031767,0.6178822387220944,0.42642077249429994,0.4514199164806784,0.5260029672157951,0.7354749299614798,0.0,0.504635146935396,0.5231792339347966,0.5284280248882172,0.6985730905916372,0.37635413203007057,0.42751056595175085,0.34145498016944464,0.3816480435379379,0.32054990651250004,0.2207402718691524,0.34413673255377536,0.34490589194045485,0.48453656345978435,0.3542659088028468,0.3780009820257809,0.47449779782302587,0.5171934700559936,0.4711425145857633,0.45168423989560347,0.4373891634953594,0.593435564978416,0.3195215330247575,0.3461189508348484,0.5542841502999624,0.7100013249715138,0.42281760372070043,0.6662833028936043,0.6735539895512734,0.5623982441075146,0.7500777640780081,0.6455099793849585,0.44440517867252327,0.5690156871392991,0.6413178021591993,0.5254033675018721,0.5856076942442914,0.5895125915786643,0.45035674340015286,0.46547627243234824,0.49742283944888915,0.6285434557673797,0.30018875731207306,0.6399684728072477,0.6089686849507887,0.8124600395594441,0.33936174438628497,0.6770576568539209,0.39094921004522076,0.5647486588847499,0.49175273985921697,0.5700024867761259,0.5241502872868429,0.43645689300435897
0.4207352173336256,0.5183405679209512,0.5297975771103145,0.3731590805059235,0.7347381931079194,0.4565088466039908,0.8855443569084096,0.3825235754513346,0.6000152898481397,0.9626347934606906,0.7468150041874364,0.48396035107213087,0.6556475766918713,0.7291008297147707,0.4779500941645237,0.32833841518722684,0.8993447664020544,0.7252256317856478,0.6388510048565519,0.45699921065800864,0.4005582399332094,0.4879067816424001,0.504635146935396,0.0,0.6866975668822963,0.5915396851189506,0.5363180595792626,0.9111924358688581,0.7736463374329638,0.8885507910041845,0.9551408575104122,0.5255973649768715,0.49194098286974114,0.4434040796215766,0.5740485118859255,0.44841288226673126,0.31701959817695236,0.34378627972085724,0.8438867444400175,0.8343457019093896,0.48517932102408123,0.8237805639943592,0.47754062530283425,0.49807342763435786,0.4954179916198167,0.40879816787813933,0.5047000567637275,0.0,0.0,0.467158092739947,0.560416445463704,0.37905216435236716,0.0,0.32487658437001377,0.5628391787073641,0.5011851855865465,0.5999074149164227,0.42057468088573313,0.0,0.34021376967375117,0.4775249977726639,0.4091695398548754,0.4614532528051565,0.4786117691887519,0.4021793983727116,0.44850271911548334,0.41294098363205034,0.6731795151307914,0.1109988211225279,0.4922021478316424,0.5204001756082569,0.3487082478894955,0.9729074084841117,0.8423177418491876,0.0,0.7763929496147104
0.6580322510142232,0.6062474354087659,0.5332319625921786,0.7975165299294753,0.4060679082933101,0.5014907958309427,0.6358326144825177,0.6629236263423555,0.6023297010612065,0.8521285777152631,0.5670087150847289,0.5749917711768796,0.7524510188674898,0.3716249733460608,0.6395807647464828,0.6129878334932408,0.6856970293208327,0.5739650376437251,0.4994544387940467,0.5424943625078519,0.5972235039910407,0.8387927656533052,0.5231792339347966,0.6866975668822963,0.0,0.5347540821540768,0.5224776030239824,0.8528366525555289,0.7419915681620786,0.4238024696817747,0.8432019458944386,0.46463105869068305,0.6163795441111433,0.5451504571281702,0.5516693975976195,0.5517811227336754,0.6147120788623934,0.3878081911616664,0.6768899479655861,0.6177071835268643,0.5665321906952282,0.6168167888786353,0.1945427817233969,0.0,0.5806260762453211,0.7490413553086241,0.8869520141685558,0.0,0.0,0.0,0.6189018599817733,0.6064849192397457,0.5616476052990449,0.4360077205671925,0.5253786819532924,0.4481678411598037,0.5255929608571515,0.48364922668143584,0.0,0.7451981497625008,0.7252655390259721,0.4732820138049322,0.577456824827271,0.0,0.6922512274233532,0.6199888509117935,0.9610192093840773,0.15336934996845938,0.4702504287230215,0.6099075750358265,0.5883867456712437,0.34107122977756854,0.7252853575704672,0.6005154323180534,0.0,0.8110743605104209
0.64624368115055,0.4997120063015142,0.7019570270642399,0.5602153613035117,0.8213783440987363,0.5252946831597438,0.7119320644012634,0.5749993264532693,0.624148811866716,0.6429351143514523,0.5678912424553815,0.6057547875570098,0.6692315203517425,0.5611026018709419,0.7015802376322302,0.7160908465066383,0.6819209346463059,0.76898534127341,0.6677583466579238,0.5774176356039542,0.6802443227666296,0.7814027234456404,0.5284280248882172,0.5915396851189506,0.5347540821540768,0.0,0.611419385858752,0.8732284382545525,0.6480687334349795,0.4547620098612598,0.5997304263516556,0.4631018303529977,0.4215109811751754,0.434581543052123,0.3887551866766355,0.26853838211026326,0.47873320634889316,0.4216230630770069,0.5708244278516145,0.5763002022429362,0.554475669257156,0.3936122515664371,0.27561598899649675,0.49714669018859403,0.6238497254701083,0.5632984689176814,0.7230788884612678,0.8151492178861105,0.0,-0.001552172342009296,0.604061137706851,0.5466687760710396,0.5229782844056506,0.6005950555442952,0.571842590216063,0.0,0.7117372460640445,0.6681451933440264,0.0,0.6706485480653746,0.6187210735363032,0.49151101875237974,0.5169587227249622,0.0,0.5043322180936681,0.7772250655383559,0.8353733591779148,0.40537252144174263,0.7308138412335293,0.5354616298141784,0.5030246298933152,0.3989745780755281,0.673902623280836,0.6370844902392268,0.4390170926978194,0.6939103348919846
0.5389152389652412,0.5237932302064461,0.4520873744703036,0.20218500846636683,0.5438234789726272,0.6509734519118929,0.47238887616137526,0.5112075727483069,0.6161414727627457,0.4310229893311393,0.626102776105863,0.4838584494918491,0.5256905025062688,0.5223771549067289,0.7790139518591837,0.4774992032902093,0.33376120331239045,0.567936098226504,0.3057657319083531,0.6183133028655213,0.6006682725411717,0.5500711614364746,0.6985730905916372,0.5363180595792626,0.5224776030239824,0.611419385858752,0.0,0.487375307698506,0.4582146186672167,0.49487424589470486,0.5116880359037491,0.2963909047384319,0.2962053120246555,0.4286466413172477,0.3669468191424623,0.34628895122832376,0.45383071721331425,0.44727292863049134,0.4581898821965285,0.40300863418894073,0.4309972386559668,0.4219912540746441,0.5890290777861105,0.4619242756968968,0.2178168969569131,0.5035560648259761,0.7087129082719779,0.6818893474686312,0.4652381594533155,0.6887339663359571,0.7141637238529212,0.526418942690082,0.5807923495798806,0.667977058811367,0.8361807594497319,0.6357957141874391,0.342590742341623,0.5469452238320442,0.6762133286919494,0.51835611126496,0.4926476554686423,0.0,0.38602605532134915,0.6812344811122686,0.25813367189431946,0.6299435237600427,0.6853629028327823,0.671395148135561,0.0,0.4936862690522473,0.5009029967771413,0.634712977970356,0.5051087866300045,0.5201395850403177,0.3712650680977512,0.4372786654593953
0.5921989019458582,0.46032849009916965,0.5514425043626003,0.3916444268872355,0.9230755353377722,0.5176341075810802,0.7999230790723133,0.4511044214749225,0.6817254698576604,1.0033208938528564,0.6907707523457436,0.4669635581471012,0.7370250662298712,0.5132925369702297,0.4036538227881608,0.6924708939016055,1.019121343071434,0.8121272554197416,0.7347101229333179,0.7347091754293068,0.37422175378466077,0.7727377564150434,0.37635413203007057,0.9111924358688581,0.8528366525555289,0.8732284382545525,0.487375307698506,0.0,0.4253313339515865,0.36300663321940085,0.8009330824101883,0.7417810726488578,0.7097255218945537,0.871942657699682,0.7024320592598061,0.6812542064976552,0.611539586035463,0.7044186725675985,0.26901364460962707,0.30427897368388984,0.4222888398729856,0.3515473701483801,0.6584023190058865,-0.028320968278038094,0.6857402782138075,0.6179053137570696,0.5573652244896539,0.5820556527720799,0.0,0.6854999307919016,0.5911105540085131,0.5047172716440513,0.5261049689158794,0.47220485920086847,0.829178179814278,0.5756845257068268,0.9252125097598203,0.4654759863501737,0.38787269099463595,0.49435351270715877,0.4774469743470951,0.3119964251188122,0.609935380566885,0.6744619286073918,0.2321870891677605,0.5730374993343597,0.8383378926907656,0.5917607326863482,0.4579081787258742,0.6379268100002351,0.31922739705987835,0.5386643657819117,0.5319737399043392,0.47855908985514595,0.4825790498116068,0.40612413706061146
0.4788532811242957,0.43773623017740126,0.4836756645516841,0.5009822375553332,0.3562988190988083,0.36776294553883493,0.5273926999491338,0.3871624599098916,0.4267896002543421,0.5146626190802155,0.4229567796110039,0.5059701865388704,0.6535745470795433,0.08586234046194574,0.28468733643651234,0.710047846795085,0.39570011979401654,0.7655127591656867,0.4666997370431317,0.42720875137766934,0.34126171916577364,0.6312213547302407,0.42751056595175085,0.7736463374329638,0.7419915681620786,0.6480687334349795,0.4582146186672167,0.4253313339515865,0.0,0.5859357566964456,0.7941932971439513,0.30144733140891533,0.20200592674138934,0.6796668286671266,0.4407148671515421,0.5103006548937885,0.44718589598993996,0.5499142863758949,0.30048426489230573,0.31104872514453946,0.3709210938739306,0.31754795317162676,0.24250560425728906,0.5869804922115184,0.33382447057899567,0.42053915745825454,0.6504881375272273,0.5729335495860978,0.4741392502383881,0.4587870552679363,0.4924227400646505,0.4749108606011316,0.6439838420019387,0.4390298421057276,0.6731376933523961,0.6450434711449624,0.5820922192671429,0.4159136220361715,0.5778759245243088,0.2719540013433136,0.4891618063161335,0.4688624640603023,0.48691545642810496,0.507532343275287,0.20889262479266285,0.4903947389592445,0.36107310329551623,0.5241648903998354,0.4710134848267662,0.4228229533794122,0.7020682364717625,0.4295856549919423,0.4647553003586682,0.39194452050715994,0.34912602231527784,0.35594465171716305
