0.0,-0.003872947626627654,-0.0040370560166719804,0.0,-0.0027263807376117777,-0.0053984108634621,-9.144658450976895e-05,-0.05892285473256137,0.00670063591081127,-0.02397406970033883,-0.0037973683247306544,-0.002178922896401869,0.0008968671157437713,-0.05262155153204778,0.006981102640778225,-0.013530191738345687,-0.003971314406903459,0.009711056204183,0.0,-0.033324382328886626,-0.01620857716120344,-0.00413832122698482,-0.05030047018916617,0.008944915944517462,0.003038984138069911,0.0036432570391699004,-0.002222140378468296,0.012556713571807987,-0.05291867405008738,0.00552474466187175,-0.010968259641731704,-0.012414526800870962,-0.02268632766233486,-0.026888181205900696,0.005875960207153308,-0.009345540974186883,0.0005753088625397029,0.0013741667359230547,-0.004293292836818563,0.026280269288430136,0.006885388264740999,-0.0020536396469423845,2.072029614796911e-05,0.0,-0.009815251354879151,0.07845676545478125,0.003701462728235294,0.0,0.0,0.0,-0.015889120718753813,1.1102230246251565e-16,0.009887403654669336,0.0,0.009834165640194847,0.0,0.0036655506247214587,-0.01225599239638242,0.0,-0.02585258426365261,0.004350010845044272,-0.012262552848809838,0.03832763718889587,0.0,-0.014016741844439518,0.010247675944620616,0.024948866583322238,-0.00390431564332705,0.06954626525464375,0.03422202676893282,0.022017261547959466,0.00833493805394464,-0.0002575347567709274,-0.03941269798479946,0.0,-0.0028234333374240195
-0.003872947626627654,0.0,2.162943779171478e-05,-4.130765355153665e-05,-0.01564795359302229,-0.03494529207053776,-0.03334691985915306,-0.05445328076868067,-0.017423394709384754,-0.012993651871361867,-0.007000527386509803,-0.007377926345781882,-0.04104821072670267,-0.0071133924364003565,0.048796537075196156,0.005658823816365843,-0.02624067281696979,0.016912202579830393,-0.020423523010619893,0.0008726882800821345,-0.007439250027132138,0.03305175506980185,0.01610918535155237,0.002077400121948514,0.017807066950972283,0.017972088314420875,0.0100357268314476,-0.048494405307119126,-0.03914307011831708,-0.050279730737575856,-0.010760957122041837,-0.002638377226643618,0.0032563052555006355,-0.015477578171667894,0.010104468079384532,-0.007450595684780348,-0.0012648596249456578,0.0,-0.008290843438740814,0.013336043415152987,-0.0029328625026892596,-0.011170539147136893,-0.009413387587637378,0.0,2.220446049250313e-16,0.015046912683686298,0.00850283754130432,3.712891876961333e-05,0.0,0.0,-0.041501463511443515,0.008355060731914055,0.024333711327232777,0.011128672671073925,-0.002456992551260362,0.0,-0.02084304771412171,0.00038942603509228846,0.0,0.020791549928627195,0.011301607261334667,-0.005084067766755684,0.019728248856304476,0.0,-0.00399979813143897,0.00836929730709507,0.006277791472610705,0.005907764887716271,-0.0009604370298098019,0.02150559314082595,0.015634653899583906,0.021599166507054623,-0.0074127293937385486,-0.02389173189351651,-1.1102230246251565e-16,-0.005580942780861076
-0.0040370560166719804,2.162943779171478e-05,0.0,-0.01703694560562896,0.009835699694106637,0.028396534092159198,-0.005662940334095312,-0.005989836768217294,0.022442280497787626,0.0002854186309559359,0.009672094862059444,-0.003908862680130298,-0.012901225779277103,0.004807091277351794,-0.02202806971399207,0.009584238332787431,-0.008058796269781343,-0.0037863023961367537,0.04274161578898439,-0.009400289876078105,-0.024929751656734334,0.008976156865264873,0.025115827224648724,0.018256143161929472,-0.0005024565714983886,-0.011258933374354352,0.023143977749878752,-0.029097588366840454,-0.027834071327541787,0.0009761389333135528,-0.042381449617322264,-0.0336401678198725,-0.005895217181511869,-0.04142422018970876,-0.031749353125648416,-0.019993563166954775,-0.008178707485069547,-0.02156865573133998,-0.06156642156296899,-4.243607002463179e-07,-0.014380981069641807,-0.03803484854340555,-0.04534455968354373,-0.020459471501693693,0.0,0.0,-9.483502155782642e-05,0.09405950491441789,4.653833899137538e-06,-0.06541077756422176,-0.009732256567571707,-0.024156653763145686,-0.029725915848675566,-0.023286560889884123,0.0002096179382913288,0.04762574794492319,-0.0274574631789698,-0.014517847430467024,-0.041132758788450685,-0.00018072317498135648,0.0,0.0,0.0,0.051403140890523114,-0.011246959351944807,0.005591498077552215,-0.0002847184787900803,-0.0034254824359067904,0.0,7.36151917459793e-05,0.0003993259835030627,0.010033636496527665,-0.015228559906953154,-0.008272879664667776,-0.008684426850103844,-0.032641265609874126
0.0,-4.130765355153665e-05,-0.01703694560562896,0.0,0.04637094575728262,-0.035474026728430585,-0.0026956477693055314,0.03567643485082539,-0.00604165166919135,-0.10975343537456986,-0.0014613802415172628,-0.01502302134473854,-0.024189333508232658,-0.007445182005763773,0.00980612938257619,0.0006719604892492237,-0.01502849707975995,2.119211233042595e-05,0.0011566043841713114,-0.035941946059822594,0.0007576153593465418,-0.020337447278962473,-0.0032633498561115415,0.005703587399495724,0.00037267401603952033,0.014609087038466473,-0.04163177586081607,-0.036711073730106125,-0.029084369050147607,-0.0057421562721372,-0.1379084583708212,-0.056732005236308114,-0.06948867826082455,-0.08610859541953153,-0.09035416631953824,-0.042408786312747054,-0.04124457931830097,-0.03810395998430144,-0.01128192111517351,-0.0004180606863901093,-0.01427722372938428,-0.03269041531691552,-0.026871621713760008,-0.003971472266568854,0.0,0.0,0.0,-0.0008619210640266606,0.0,0.0,-0.004741806375543556,2.220446049250313e-16,-4.8500971003284654e-05,5.616640084099567e-05,5.551115123125783e-17,0.007094187987135014,0.0034990243218011585,-0.00038584919946155205,0.0,0.0,0.0,0.0,0.0,0.0,0.0,0.0,-4.276326894742111e-05,-0.013414302505822984,0.0,0.0,0.0,-0.013143893430422326,0.0017380087765239138,0.00259018137932987,0.0,0.0
-0.0027263807376117777,-0.01564795359302229,0.009835699694106637,0.04637094575728262,0.0,0.024550147242552667,-0.001994047037192248,-0.01776165807463065,0.009093447993996306,-0.03257677977077866,0.04768134329374618,-0.01866204898364099,-0.023770680137868372,-0.018710347267754668,-0.013515782832695944,0.00503537296796297,-0.04189237677445756,-0.012706650823329224,0.029584243654571407,-0.005791532933635324,-0.022544941732816404,-0.015131071651537098,0.006041082204162551,-0.03086157060150846,0.0018812423971194536,-0.011238856319568502,-0.0038155092787111045,-0.039267293442253215,0.024940598183369522,-0.0020280543241149585,-0.03180400320140053,-0.02453047715551898,-0.025356379647403726,-0.02748617811935128,-0.03033447270136591,-0.010079726912425452,-0.006401575250880309,-0.034719207813466324,0.003568132797881818,0.011458730899149894,0.017630968338187947,0.0005415639051631338,-0.02814378421953545,0.03133431288246247,-0.0001370887637962559,1.1102230246251565e-16,-0.0051035887290659665,-0.00416487635547802,0.0,-0.012484201626799252,0.017104733500290403,-0.0061575043182884315,0.003885780344002443,-0.026879136108189705,5.551115123125783e-17,-0.014354467242431723,-0.020507444003249442,-0.01450462104396505,-0.04814746519042851,-0.0008316540941078476,-2.3523124513480376e-05,0.0,-5.551115123125783e-17,-0.0026399373540018645,-0.0028987646531729028,0.00018670122167036007,0.00020210783631546825,-0.004810768221446993,0.0,-1.3605516414827434e-05,-0.0065626780282707076,-0.0037291895671722752,-0.013337322193277157,-0.012321609140957646,1.1102230246251565e-16,-0.027044968705318584
-0.0053984108634621,-0.03494529207053776,0.028396534092159198,-0.035474026728430585,0.024550147242552667,0.0,0.009741768395729045,-0.022843919356692388,0.0275657959317942,-0.03786633855528865,0.0020060095393811816,-0.0322227093721521,0.007701068524011423,-0.004493832748108995,-0.017193893921245762,-0.032048504612304074,-0.03085436756942206,-0.02344469475453098,-0.003033055409276564,-0.01366103520244244,-0.032572557503576904,-0.01617183197955213,0.005408715382946461,0.004738598889659551,-0.04067466718036128,-0.041012722780194966,0.011683876287740036,-0.0017530718233157438,-0.012728168047548394,-0.03807001830568435,-0.041852414064880605,-0.04444777997614563,-0.01554002317845704,-0.0548503779779026,-0.058063784411342634,-0.06094074673312999,-0.05355377793376587,-0.02414443155538787,-0.020626212190246074,-0.01263876480028453,-0.010812065959429296,0.030909627672112028,-0.06132259857554634,-0.007545748522051532,-0.01570681897316062,0.0083580510088207,-0.011200989807293338,-0.002050606523868237,-0.0064377007276902876,-0.051197703211333656,-0.009154404873814193,-0.010200636429006038,-0.026727584839055518,-0.028411515761799677,-0.03596155834868414,-0.021697787521032963,-0.014244074116190386,-0.008126792434568986,-0.02631294312547916,-0.011320655812771474,-0.008706274143749138,0.0,-0.0018203947717473912,-0.022593800646655393,0.023369433016659835,-0.028019802552265938,-0.011110490610136137,-0.007814311759983372,-3.595646573906208e-05,-0.01573729406300428,-0.009582611049096634,0.001775909589985858,-0.011229036175212148,-0.005421397210540468,-0.0015214554704882088,-0.0232904839099069
-9.144658450976895e-05,-0.03334691985915306,-0.005662940334095312,-0.0026956477693055314,-0.001994047037192248,0.009741768395729045,0.0,-0.012627483725148603,0.014512121050176796,-0.01559795666240582,0.02175454626673462,-0.02258934582839006,-0.011185273437499643,-0.011938211576092539,0.008311725529186798,-0.018401135381849842,-0.024764003991103956,-0.017949289027368365,0.011753198870980697,-0.0033730129414224486,0.02698307825874774,-0.00019326996271323837,0.008494726757552085,-0.017930795676399713,-0.021355453359762133,-0.022860530862555906,0.004576354343306999,-0.013072305950083574,0.018470547624125422,-0.00024260633832234868,-0.04546870226324096,-0.031608818327423016,-0.009336382823025846,-0.009432719874550854,-0.031208258688851465,-0.0250817313639507,-0.0416869423895716,-0.010507855561834423,-0.004462638304638278,-0.008677869231479618,0.025380348885377713,0.020798258100571176,-0.007751010166943628,-0.02870508429974139,-0.01669640101684977,0.0,-0.0021533263548852988,-0.04091409735372481,0.0,-0.018126246451110106,-0.005584451348816188,0.000909722407839042,-0.011806929527398924,-0.006961240608573616,-0.007102055490504688,-0.023943172661537948,0.005850911529931002,-0.007760781322786903,-0.024331293517153185,-0.017137017846036218,-0.021568269996282752,0.0,-2.9416160568340732e-05,-0.006723916892377502,-0.0008773201265354635,0.014317230691707372,0.005078877904520329,-0.0015063264809133114,-6.537717362253836e-05,-0.01104435076132887,-0.003067397540717054,0.008174181400899982,-0.0025517599919401834,-0.004460176573230834,-0.010048553924703052,-0.010020449529618225
-0.05892285473256137,-0.05445328076868067,-0.005989836768217294,0.03567643485082539,-0.01776165807463065,-0.022843919356692388,-0.012627483725148603,0.0,-0.00823360672012069,-0.04510815995844181,-0.03209811806465329,-0.009350886873720321,-0.004962267660064967,0.0028840813179250024,0.0231786364574752,-0.048241956393349494,-0.0030602386135344384,-0.044523552990737625,-0.007825148293320816,-0.01988825702030006,-0.03796151951615717,-0.02297336679506823,-0.0015187895937334717,-0.04828486057522585,-0.041050548475355,-0.047943478153470664,0.022866770357405697,0.000402609100662199,0.005998244571932709,0.010353249579767743,-0.03419404478338328,-0.057271902583066026,-0.01703912022133247,-0.038696025066361495,-0.044552150318688144,-0.029904590790785335,0.0104750168260474,-0.020133081470404546,-0.006346066181421861,-0.026429200357160898,-0.01447482289869656,-0.00370349064855624,-0.05719171173166243,-0.012472810659950095,0.0,-0.013676312450078831,-0.012587818227533853,-0.005694433956964673,0.0,-0.0681481618453319,0.010053810655102913,-0.011239606605810804,-0.04922445750930882,-0.033539412662599966,8.513915641250591e-05,-0.04968161506974422,0.0001876899975437607,-0.0044964842580521025,-0.03790829581938898,0.010285796714468831,-0.010911075356335787,0.0,-7.82790027069602e-05,-0.05831540490856496,-0.004868419650255473,-0.09060612134540369,-0.054777913861124294,-0.005424126432574838,-5.551115123125783e-17,-0.0022992334563116668,-0.019495038498195283,0.017339080020298103,0.002363701721074085,0.030396009019068526,0.031751922468310934,-0.00961728940552653
0.00670063591081127,-0.017423394709384754,0.022442280497787626,-0.00604165166919135,0.009093447993996306,0.0275657959317942,0.014512121050176796,-0.00823360672012069,0.0,-0.029818017911474815,0.015299953310270453,-0.011858847449691345,0.0024515997594721783,-0.020913492531576927,0.007871989880194719,-0.023444817913417237,-0.01721374205492937,-0.008645678160355219,0.018975367428082757,-0.002807752368536476,-0.009239995202018625,-0.019167640110443473,0.00763032059956098,-0.016927125591698122,-0.01768404824434594,-0.01494667531615751,0.018613114815916987,-0.012538791297384833,-0.015968462872201106,0.0022529920923838875,-0.015459487911973102,-0.019242491588497335,-0.007588475711861609,-0.025098806147916375,-0.01728272306971157,-0.028148881110656443,-0.024429205228017503,-0.011383326043868547,-0.03688830847295799,0.0007095963430602814,0.008354591566756497,-0.007390223750071423,-0.038302710378432026,-0.029427996112129762,-0.005184872849969602,-5.551115123125783e-17,-0.0011541720636388253,-0.007358998154929242,-2.235723626453634e-06,-0.05604355693917057,0.005438346950255357,-0.021631220109537552,-0.026668118269610352,-0.034005488960599406,-0.014370001932440812,-0.02643707063449746,-0.025923313784589896,-0.009022741241610288,-0.03374579081308915,-0.00916987859373869,0.0012730804074174706,0.0,0.0,-0.057334475980044264,-0.002980814518835584,-0.0028851393887601717,0.009315639294855349,-0.006843924915911681,-2.751577245896364e-05,-0.012245032613906304,-0.006860142477106479,0.0006303466767277888,-0.022345180784122842,-0.008488992149663921,-0.02453137762995783,-0.09173802867194569
-0.02397406970033883,-0.012993651871361867,0.0002854186309559359,-0.10975343537456986,-0.03257677977077866,-0.03786633855528865,-0.01559795666240582,-0.04510815995844181,-0.029818017911474815,0.0,-0.014977382461001665,-0.005855243285554368,-0.028112714310793208,-0.004172258683923402,0.0069726452824479535,-0.01763919050858337,-0.017662410337211554,-0.0065171516238328175,-0.018912798190330815,-0.019207531822091117,-0.00429718985420674,-0.020168690612994866,-0.028714946177532008,-0.01128733554196687,0.0038283678184730108,0.011388632250331154,-0.034412115150507516,-0.025330931854124716,-0.01741443560158007,-0.014240190976331335,-0.0061645293338807305,-0.036370496928513574,-0.02192874322176236,-0.04462332044922185,-0.054167175465605455,-0.07629847864583444,-0.03805149501698199,-0.02567867648958072,-0.030643940733640518,-0.030600976131187785,0.014339366796040975,-0.03620916291946985,-0.040350484930176955,-0.01081703267500106,0.020746986304736204,-0.016036384956070404,-0.07800728434597348,-0.00024427172619656545,-1.2694748468711214e-05,0.000472318633277069,-0.014332062342799712,0.04119571258404792,0.0034638517773963873,-0.0015286123533908014,0.005733624899102896,-0.017452725229039512,0.009474088326897168,0.006428402771570085,0.0,0.00021437154565451255,-0.08038356888858311,-0.018876126191215425,-0.05201852730215567,4.172830345761103e-06,-6.779794866912381e-05,-0.006157766812405319,-0.00984181723269717,-0.013434464885957065,0.009193381815182089,-0.05773083506944304,-0.010119023649903747,-0.003707142927221352,0.006630510812792978,-0.020657802987368135,-5.551115123125783e-17,0.0019280549212238873
-0.0037973683247306544,-0.007000527386509803,0.009672094862059444,-0.0014613802415172628,0.04768134329374618,0.0020060095393811816,0.02175454626673462,-0.03209811806465329,0.015299953310270453,-0.014977382461001665,0.0,-0.03917765797114525,0.004603624276454166,-0.020419068820660413,0.0,7.600696667819928e-05,-0.013237600404142402,-0.01783533421783312,0.006127499621946753,-4.8129413738939864e-05,-0.01361805482974382,0.0036989365324738843,-0.015630059695883103,-0.01839380340167468,-0.016020796431772122,-0.015452846050732216,0.013715602946229977,-0.007108032685222476,-0.034942540614342155,-0.0004361399510810493,-0.013120742241732042,-0.0773224107861889,-0.02092584326001118,-0.009799881540633715,-0.005066154368612852,-0.05604186321973015,-0.0016430928679691537,-0.010992795731952165,-0.001765449395003893,-0.004583460873728851,0.005283684689715129,-0.011755057745881814,-0.08498034997999243,-0.011707936335586477,-0.006192646383790024,0.0,1.1102230246251565e-16,0.024687712493720426,-4.3292060658561837e-07,-0.04367146207505063,-0.04239076987780144,-0.04135390707335801,-0.021839678783863614,0.022680015404550558,-0.008118552954052227,0.0497515801286918,-0.01582627726150987,-0.0398863876836843,-0.050718575208711925,5.551115123125783e-17,0.0,0.0,0.0,0.056073981172451215,-0.012212548398209566,0.0,-8.851745330035188e-05,-0.023784828431152316,5.551115123125783e-17,0.0,-4.2751279990094204e-05,-0.019354448577815042,-0.0175485915786055,-0.019077422977305636,0.0,-0.009411148529149982
-0.002178922896401869,-0.007377926345781882,-0.003908862680130298,-0.01502302134473854,-0.01866204898364099,-0.0322227093721521,-0.02258934582839006,-0.009350886873720321,-0.011858847449691345,-0.005855243285554368,-0.03917765797114525,0.0,-0.020970722697706168,-0.04490667243762142,-0.009097663904236886,-0.012285456109476789,-0.025439336727727857,-0.0015482006532955839,-0.018407244348578156,0.00917001200890627,0.003664408786065443,0.021301670048870514,-0.003925127817098362,-0.012600650147494341,-0.0011394626349287007,0.01718792608423636,-0.01042197812585377,-0.02177712997438286,-0.009840062660667559,-0.03902884150204783,-0.02435721025772264,-0.02010282922756068,-0.019211107454232934,-0.023306891653673112,-0.050879062596601354,-0.06144930419447875,-0.06399852659239219,-0.017180502826039973,0.06819442318709118,-0.07762521381357679,0.00037804998027157755,0.004991122723953356,0.017479957006552027,-0.0010660298186565553,0.0233844610243516,-0.006654393702093919,-0.0012135263671918528,0.004596991517736404,-0.010486360515288756,-0.011084192582509533,-0.006081195764926162,0.0028583734569228025,0.0001682063936661593,-0.002421156399586455,-0.0012363326071334058,-0.008295609932982506,0.010046394083587873,0.014603330804084103,2.735287374971973e-05,3.5994405201855706e-05,0.0024979134783049695,-0.012010324411912188,-0.06090316081028668,-0.012917221863641304,0.005100778703267472,0.010090545284778207,0.0008166957057831326,-0.013110695573143427,-0.0071546223032171175,-0.0567737676919744,-0.01003389456857351,-0.011105174755814962,0.02490116297747469,0.0019304560303650686,0.0,-0.004046715363764997
0.0008968671157437713,-0.04104821072670267,-0.012901225779277103,-0.024189333508232658,-0.023770680137868372,0.007701068524011423,-0.011185273437499643,-0.004962267660064967,0.0024515997594721783,-0.028112714310793208,0.004603624276454166,-0.020970722697706168,0.0,-0.04031322312814328,-0.031169857738647666,-0.02143768134169266,-0.03765004948031547,-0.026030911952221236,0.0014972086678840535,-0.005246678145260308,-0.018989899278470113,-0.008335755178119242,0.007864487150950839,-0.017131166732725522,-0.03424777193381595,-0.03388915788601515,0.0012254421939832394,0.01787432984625087,0.010276534173815965,0.022475787968755823,-0.03181483399263646,-0.039791513575753945,-0.012165416923020589,-0.03066748831057786,-0.04381674361073101,-0.05819792137803509,-0.05973256829565704,-0.013417618781086271,0.029801113351577646,0.02478812143025305,0.07359821195243793,-0.023087861672958288,-0.07931851497409559,-0.028350598177551034,0.006087541598892854,0.004031303351758719,-0.003986695194627798,-0.0063377327691434004,0.0,-0.01048135157859853,-0.0013317158579332355,0.0041983618849202875,-0.01659350023966205,-0.01831017910170052,-0.029225000490327446,-0.023739941395249264,-0.017261364006427138,0.008967252177743301,-0.01532750188927684,0.0265137137350282,-0.006355821029755793,-0.005741745716238755,-0.002510637917265135,0.07174881557145285,0.0249399458300803,-0.010290208092233244,-0.004914132148000017,0.005192839500084978,-0.011883716781843912,-0.039297889831264254,-0.005496293873412383,0.013264646410010905,0.020547039471504658,0.005638242283534822,0.02175631998248362,0.0010035926144621454
-0.05262155153204778,-0.0071133924364003565,0.004807091277351794,-0.007445182005763773,-0.018710347267754668,-0.004493832748108995,-0.011938211576092539,0.0028840813179250024,-0.020913492531576927,-0.004172258683923402,-0.020419068820660413,-0.04490667243762142,-0.04031322312814328,0.0,-0.01366488947549721,-0.0006077572972104095,5.817196017782189e-05,8.514668704961981e-05,-0.023429453789858612,-0.010888786083902868,-0.031041929968952775,-0.0043280525080943155,0.009836011947396694,-0.021158979939699174,-0.014182703929218499,-0.04885002873047661,0.0009270883868917057,0.013732361413105909,-0.01784567940377363,-0.007457009189061614,-0.025872557747895764,-0.07481743444509445,-0.05079317429507463,-0.013844776429003891,-0.05943252431983381,-0.026068357830919348,-0.021759190554787727,0.0048662468687805105,-0.0006982702350442072,0.0,0.0032794624488294843,0.0003903613131910899,-0.01808361548728027,1.246161427603809e-06,0.0,0.0,0.0,-0.013102326022656208,0.0,-0.015398339992198917,-0.0025378486786102883,-0.028185576067850326,-0.004858550472426115,-0.015651807240302407,0.0,-0.1103412965759108,-0.00017293130936552048,-0.005529321235088147,0.02220521975158901,1.1102230246251565e-16,0.0,0.0,0.0,-0.011625561228715497,0.0,-1.1102230246251565e-16,0.0,-0.020291816652168615,0.0,0.0,5.551115123125783e-17,-0.02153646750074223,-0.005391485505203741,1.1102230246251565e-16,0.0,5.551115123125783e-17
0.006981102640778225,0.048796537075196156,-0.02202806971399207,0.00980612938257619,-0.013515782832695944,-0.017193893921245762,0.008311725529186798,0.0231786364574752,0.007871989880194719,0.0069726452824479535,0.0,-0.009097663904236886,-0.031169857738647666,-0.01366488947549721,0.0,-0.005591020110851441,-0.005001840238007704,-0.006588294709128251,-1.1102230246251565e-16,0.0013267132123750969,-0.016693689503889053,0.0571821110522574,0.02396242033594198,-0.008839832780670853,-0.003681496467865586,0.04835563088360734,0.012925255552359793,-0.0001252503261188198,-0.018340107446981002,-0.013473221843782579,-0.01624761366642874,-0.018257356918135126,-0.0042194221184189695,-0.014696799425472806,-0.012103753323240485,-0.04390584032211908,0.0026855067168305435,0.00011919263929277557,-0.01226885713158865,0.0040487985962628925,-0.014025356279067647,-0.009891869223447647,-0.02798732671122528,0.0143726310060443,0.0,-0.009329432047916753,0.006486144556614559,0.001667984869513306,0.0,0.0,-0.005318660380593199,-0.0007164719382032336,-0.02671225738859967,0.004005397599132876,-5.551115123125783e-17,0.0,0.0004001773465577285,0.0003562850783336291,7.096675934570307e-06,0.0249934746525855,0.008862135007743632,-0.00024806245274183736,-0.009204982413196505,0.0,0.02377686652281563,-0.026795856265277307,0.006401231864632317,0.00832327100986796,2.0026724062149892e-05,0.00261723967361166,0.0059181706868962625,0.015671476108600646,-0.0023206647384451107,-0.026812228456056963,-0.006999955971825345,-0.019158482393537735
-0.013530191738345687,0.005658823816365843,0.009584238332787431,0.0006719604892492237,0.00503537296796297,-0.032048504612304074,-0.018401135381849842,-0.048241956393349494,-0.023444817913417237,-0.01763919050858337,7.600696667819928e-05,-0.012285456109476789,-0.02143768134169266,-0.0006077572972104095,-0.005591020110851441,0.0,-0.018473609417370196,0.02490730630573912,-0.00016673449074483537,0.0028431287144008444,-0.01745525345530391,0.009498066271374228,-0.01548042991750831,-0.019187711929498363,0.010724803674969807,-0.008890700017337605,-0.01799230939928309,-0.03505961714487554,-0.020986859586868634,-0.04943333937438327,-0.02331899712311325,-0.007552436853865363,-0.00490930219448954,-0.011673589485156566,0.023282579829770556,0.006492168717484592,-0.0033281314763068393,0.00907290883451528,-0.023290486895209572,0.01623792580891137,-0.01439312640446111,-0.012143253734142323,-9.25352395347856e-06,0.0,0.0,0.01365314450830063,-0.004905817062513584,0.0,0.0,0.0,-0.009793673314237972,-0.011732561991038837,-0.013413292421200762,0.0,0.005864981387823209,0.0,0.0007628173378335656,0.00029754926763680967,0.0,-0.04301038410895175,-0.002590197333560529,-0.0005928343940883596,0.014589162882861384,0.0,-0.014174950551313459,-0.005512025819714772,-0.0012350397349985553,-0.006046158750328323,0.0006557298439290871,0.024585377915998408,0.011473675829147323,-0.006325052177051538,-0.010694672482721601,-0.04216503745630884,-1.1102230246251565e-16,-0.028250120626997333
-0.003971314406903459,-0.02624067281696979,-0.008058796269781343,-0.01502849707975995,-0.04189237677445756,-0.03085436756942206,-0.024764003991103956,-0.0030602386135344384,-0.01721374205492937,-0.017662410337211554,-0.013237600404142402,-0.025439336727727857,-0.03765004948031547,5.817196017782189e-05,-0.005001840238007704,-0.018473609417370196,0.0,-0.016601217699024173,-0.007817865543715663,-0.035722132870721734,0.013902459677884282,-0.03643818235851126,-0.01353301332733392,-0.03082551795436672,-0.011262351458732889,-0.007150878271809991,0.000957278808639106,-0.021090982923558044,-0.0209374545586129,-0.016217627486038166,-0.019044091258037354,-0.05370963700310283,-0.022602281128663193,-0.04575397971055517,-0.043367680462258695,-0.02040854665518682,-2.5659772046826568e-05,-0.026186962083321275,-0.00598525111265652,-0.05583470666980128,-0.0808241977089339,-0.0028852695052150046,-5.551115123125783e-17,0.0,0.016667132613529034,0.001567738964942944,-0.006788143720694195,0.0,0.0,0.0,0.0,0.0,0.0,0.0,-0.0344942168078633,0.0,-0.0341461683858707,0.008105940074452034,0.0,0.00010336984578007691,-0.020179426381576715,-0.04399963278118313,-0.039890390854473545,0.0,1.1102230246251565e-16,0.0,-0.016500473719810227,0.0,0.006868567631455158,-0.059620777302810346,-0.03046626447373163,0.0,0.00199811331984745,-5.5766995212203074e-05,0.0,-0.027726900381713104
0.009711056204183,0.016912202579830393,-0.0037863023961367537,2.119211233042595e-05,-0.012706650823329224,-0.02344469475453098,-0.017949289027368365,-0.044523552990737625,-0.008645678160355219,-0.0065171516238328175,-0.01783533421783312,-0.0015482006532955839,-0.026030911952221236,8.514668704961981e-05,-0.006588294709128251,0.02490730630573912,-0.016601217699024173,0.0,-0.01408048842868237,-0.005455674828364621,-0.004610122985989118,-0.00269888379865435,-0.03045724429248986,0.018801001044565002,0.03941426099787454,0.019674168886105903,-0.013181173128151091,-0.030467075151913325,-0.026862889858175365,-0.0448446551208021,-0.012319112767127771,-0.017303207665085696,0.001807399980127744,-0.029007097061197362,0.005130475149237423,0.01840921751186525,-4.276547431891764e-05,-0.01697367985574927,-0.024797448641813324,-0.01863810330440646,-0.03291603088860107,-0.0447060988321305,0.0,0.0,0.007394506247811794,0.03535965919814993,-0.00023000971047570928,0.0,0.0,0.0,0.0006951857714234122,-0.00018035573380009717,-0.0003690268459416446,0.0,-0.017864564036171926,0.0,-0.003224570431322793,-0.0059212729533474895,0.0,-0.001182702383958123,-9.138714926476554e-05,-0.004479412826481732,0.000531343742709911,0.0,-0.017043264253743695,0.0030963398748973248,-0.0074983719205887756,0.009872610681109395,0.014371592378133125,0.011178612579187619,0.010376063942360347,-0.01156843702015481,-0.00295208485258569,-0.01989059773591184,0.0,-0.031410904743092494
0.0,-0.020423523010619893,0.04274161578898439,0.0011566043841713114,0.029584243654571407,-0.003033055409276564,0.011753198870980697,-0.007825148293320816,0.018975367428082757,-0.018912798190330815,0.006127499621946753,-0.018407244348578156,0.0014972086678840535,-0.023429453789858612,-1.1102230246251565e-16,-0.00016673449074483537,-0.007817865543715663,-0.01408048842868237,0.0,0.0003967971408614934,-0.004095049306277743,-0.014955858659276344,-0.000744868205803384,-0.0036678376307091587,-0.01397414221642762,-0.015059527389774285,-0.0010934810774993475,-0.014071131906413403,-0.018693517020006156,-0.006240097007518763,-0.008325078262525487,-0.01631471680724922,-0.014469174679899222,-0.021968727223417972,-0.010240601637735158,-0.026914005079920755,-0.01893952777943081,-0.016697662358530874,0.008977123689857314,2.002967847891668e-05,0.041933816435856364,-0.02312512900892333,-0.02327614903052666,-0.020349613633404984,-0.0005057895453992045,0.0,0.0,0.029018069967808924,-5.551115123125783e-17,-0.047757109466112335,0.010109072565805843,-0.017535888380134423,-0.0258093292150543,-0.03733506142733756,-0.00010967777931569778,0.0187294130113953,-0.013470138594756764,-0.02960800014286935,-0.028803308223405155,2.220446049250313e-16,0.0,0.0,0.0,0.03874532332380165,-4.800457766729327e-05,0.0,9.388007015942446e-05,-0.012343974112378642,0.0,0.0,-5.551115123125783e-17,-0.008421075906563269,-0.012291019315524565,-0.01635860895433011,-0.0001654985780319418,-0.022305714756132855
-0.033324382328886626,0.0008726882800821345,-0.009400289876078105,-0.035941946059822594,-0.005791532933635324,-0.01366103520244244,-0.0033730129414224486,-0.01988825702030006,-0.002807752368536476,-0.019207531822091117,-4.8129413738939864e-05,0.00917001200890627,-0.005246678145260308,-0.010888786083902868,0.0013267132123750969,0.0028431287144008444,-0.035722132870721734,-0.005455674828364621,0.0003967971408614934,0.0,0.007903855222746892,0.030343347506192164,0.0296753122439275,0.023003212567928866,-0.021019979812487377,0.0299037454183117,-0.003353727859042699,0.014928265632624671,0.002318457691704523,0.022461977988545156,-0.0069870166609378725,-0.006629504172248446,0.020015530255557912,-0.014208423595639175,-0.0014389517138355123,-0.02916987190184439,-0.00496760809140806,0.038921355663102175,-0.0002953589287651992,0.012288746896891689,-0.002500803148678843,-0.05849502548732116,-0.01309049167968146,-0.0081157968000371,-0.0002500716006774151,0.0060067795769755405,-0.0175429975303652,-0.01117804292001634,0.0,0.0,0.006555580212620926,0.0018444091759825532,0.014886191113918978,-0.008356853397321673,0.000287031386672576,1.1102230246251565e-16,-0.008097849035422766,-0.007832127491774699,-1.1102230246251565e-16,0.013927595068772058,0.009186742685742821,1.4720359531761318e-05,0.004596975717394258,0.0,0.019601102773436407,-0.009110524672662379,0.01995263386573759,0.016618527448899745,0.0,-0.007062968672475134,-0.0036580358389216583,0.030967459797092978,0.008697462370156062,-0.006252740841097337,0.005368302962685811,-0.010895075782191344
-0.01620857716120344,-0.007439250027132138,-0.024929751656734334,0.0007576153593465418,-0.022544941732816404,-0.032572557503576904,0.02698307825874774,-0.03796151951615717,-0.009239995202018625,-0.00429718985420674,-0.01361805482974382,0.003664408786065443,-0.018989899278470113,-0.031041929968952775,-0.016693689503889053,-0.01745525345530391,0.013902459677884282,-0.004610122985989118,-0.004095049306277743,0.007903855222746892,0.0,-0.00953982959351829,-0.02664583827412209,-0.018813990198883856,0.00042022663759960777,3.6892687849066075e-05,0.010338340859504747,-0.005320439162787516,-0.015791179400412858,-0.03329258512462446,-0.026109954311694827,-0.03354368301539773,-0.027481518024360108,-0.037605161786528396,-0.03516386110777159,-0.06865064794062692,0.004332773259363987,-0.01487975661229568,-0.033548777062831436,-0.03231691194460895,-0.02892342812041021,-0.015022291014652134,-0.036799653971508195,0.0,0.0,0.03896825533026271,-0.007838596635468265,0.002526684747149177,0.0,0.0,-0.006938491982717454,-0.008234125784378099,-0.021903803177721337,0.010408887717895221,-0.005715265142392012,0.0,0.007177934987908363,-0.010984397066297114,5.551115123125783e-17,-0.01006362392850424,-0.01054010857790999,0.0,-0.02077898325658617,0.0,-0.0019429873084153004,-0.07385681044185716,0.002189034139575663,0.009088812498916854,-0.004873642007130252,0.054320427504462754,-0.006492024260797258,0.017646133192646962,-0.034205073270723085,-0.020765934690011367,-0.007998850138308589,-0.045449355802547275
-0.00413832122698482,0.03305175506980185,0.008976156865264873,-0.020337447278962473,-0.015131071651537098,-0.01617183197955213,-0.00019326996271323837,-0.02297336679506823,-0.019167640110443473,-0.020168690612994866,0.0036989365324738843,0.021301670048870514,-0.008335755178119242,-0.0043280525080943155,0.0571821110522574,0.009498066271374228,-0.03643818235851126,-0.00269888379865435,-0.014955858659276344,0.030343347506192164,-0.00953982959351829,0.0,0.035205021638462564,0.06034879580927055,-0.003968761316313907,0.02961479298176417,0.01036131812331037,-0.007470742399178332,0.006411114942426244,-0.012259305365400874,-0.018891196417139433,-0.008335100357728387,0.014587186334762359,-0.013856888109374299,0.00047597869103910284,-0.014310094037735532,-0.004200353539583701,0.042194374722951455,-0.006285024900719471,0.0006823718441456572,-0.01982265996738458,-0.021586568732337663,-0.020183023685833745,-0.00797546061145743,-0.0001076058180882189,0.0026589897851881372,-0.0006672855501178021,-0.0055799859441177935,-3.902375090791832e-06,-4.785485783764809e-05,0.009027031608171698,-0.004813933923116354,0.003853282559428739,0.0007515705481661583,-0.015013056172102912,0.0,-4.331292835552114e-05,-0.008521861549387777,0.0,0.017136212160336284,-0.004826686763982013,-0.005101380746854123,0.012418644260899336,0.0,0.01541742555327874,-0.0004644010850541336,0.003448771971882869,0.015309548358965808,-0.015056738941697456,0.007590875734179547,0.005173340140047722,0.026519474370950424,0.0006619378644415752,-0.004088025227865222,-0.014568148850495066,-0.0180878566028721
-0.05030047018916617,0.01610918535155237,0.025115827224648724,-0.0032633498561115415,0.006041082204162551,0.005408715382946461,0.008494726757552085,-0.0015187895937334717,0.00763032059956098,-0.028714946177532008,-0.015630059695883103,-0.003925127817098362,0.007864487150950839,0.009836011947396694,0.02396242033594198,-0.01548042991750831,-0.01353301332733392,-0.03045724429248986,-0.000744868205803384,0.0296753122439275,-0.02664583827412209,0.035205021638462564,0.0,-0.03587057661753912,-0.030697736614677396,0.002734137478769716,0.04370938482962938,0.017885596247568802,0.026343808314343686,0.011910700518013073,-0.005275672559701405,0.005407091418995313,0.007700516861936957,-0.012055054280724564,-0.006016403497052181,-0.037298059983761955,-0.02682608761599914,-0.013150868101662605,0.0017783504058163646,0.029924545800155855,0.004246607176334405,-0.0027054684325527045,-0.03339866462081276,-0.010871920709943805,-0.007854896422419266,-0.023478319885436694,0.030769061338082826,0.020451260561083484,-0.006336604971016069,-0.03605707260633839,0.01190283175978768,0.011670280295807967,-0.006133638118645202,-0.01550108995122701,-0.002300099943936096,-0.027632745368917522,0.008348613267592286,0.014832269848154667,-0.05547202708036403,0.004052213428531071,-0.0014420657727363673,-3.580890253840341e-05,0.0013108210339764503,-0.006336980047004115,0.016219651890044207,-0.03152535173231824,0.01049294427088493,0.01313607561935648,-0.0001380003808088559,-0.005549129763957328,0.02578564748328116,0.022212029067745775,0.013570760792221082,0.005799433577779622,0.019499014410554905,-0.003906289986929212
0.008944915944517462,0.002077400121948514,0.018256143161929472,0.005703587399495724,-0.03086157060150846,0.004738598889659551,-0.017930795676399713,-0.04828486057522585,-0.016927125591698122,-0.01128733554196687,-0.01839380340167468,-0.012600650147494341,-0.017131166732725522,-0.021158979939699174,-0.008839832780670853,-0.019187711929498363,-0.03082551795436672,0.018801001044565002,-0.0036678376307091587,0.023003212567928866,-0.018813990198883856,0.06034879580927055,-0.03587057661753912,0.0,0.01602968681161543,0.010490773655327135,-0.006884311636615126,-0.010580755013288867,0.0036208404171908515,-0.008325146778723702,-0.02738065916347243,-0.0322895093659169,0.012459671260134086,0.0004327446666690937,-0.03644133697295848,-0.041630067874744825,-0.015115337915644456,-0.010121246965914737,-0.025652937326009206,-0.0868819983888171,-0.0351105860427407,-0.12331130310296218,0.007657499622751196,-0.0032284408665964603,-0.0512563168805277,0.052892765288674204,-0.007886122563059983,0.0,-5.551115123125783e-17,0.0001414386047561833,-0.0032928966242575797,0.00012119903823187839,-1.6653345369377348e-16,-0.0002519607570928839,0.013210350240177082,-0.0001853562594151814,-0.0033615484194160494,0.05738953960256199,0.0,0.0004392027651887731,-0.028618935502479903,-0.03052229712479776,-0.014544300064631144,-1.7236073421245113e-05,0.0005097382526326188,0.03605339175582278,-0.00559405539213409,0.00045485763114955224,0.010169225873192578,-0.0158729592812899,0.012983754492925326,-0.0017037198600626802,-0.0026630263945203736,0.010624258009231835,0.0,-0.028236184974689438
0.003038984138069911,0.017807066950972283,-0.0005024565714983886,0.00037267401603952033,0.0018812423971194536,-0.04067466718036128,-0.021355453359762133,-0.041050548475355,-0.01768404824434594,0.0038283678184730108,-0.016020796431772122,-0.0011394626349287007,-0.03424777193381595,-0.014182703929218499,-0.003681496467865586,0.010724803674969807,-0.011262351458732889,0.03941426099787454,-0.01397414221642762,-0.021019979812487377,0.00042022663759960777,-0.003968761316313907,-0.030697736614677396,0.01602968681161543,0.0,0.021658653591490218,-0.020942792548169942,-0.040087857035244756,-0.051314765340883806,-0.013970962536428322,-0.007147583140409697,-0.01111730031282504,0.002905484668782543,-0.025254937957441936,0.014612151080009794,-0.04349064444959061,0.0025787681298819476,-0.004800934532406209,-0.03395972995070434,-0.035049682328608556,-0.038402130848434135,-0.04625806242417568,-0.0022623522388439676,-5.551115123125783e-17,0.00489088124081577,0.02837815505517266,-0.003092245623691703,5.551115123125783e-17,0.0,2.220446049250313e-16,-0.012571482865799899,0.0021221908090912067,0.005511307676692723,0.0003752934317973189,-0.018784111702186357,-0.0001097405381512151,-0.009574285014620876,-0.02057216441779658,0.0,-0.01346505305753759,-0.01176109011998605,-0.024724378636222066,-0.008125310697773003,0.0,-0.02973558291602324,0.050541515495326816,-0.011381071316217517,-0.008761962728838613,0.007108716104968327,-0.0032647197691563767,-0.0009726983520269572,0.001726608849787925,-0.011891010505835575,-0.03461664108685786,0.0,-0.03186786403565789
0.0036432570391699004,0.017972088314420875,-0.011258933374354352,0.014609087038466473,-0.011238856319568502,-0.041012722780194966,-0.022860530862555906,-0.047943478153470664,-0.01494667531615751,0.011388632250331154,-0.015452846050732216,0.01718792608423636,-0.03388915788601515,-0.04885002873047661,0.04835563088360734,-0.008890700017337605,-0.007150878271809991,0.019674168886105903,-0.015059527389774285,0.0299037454183117,3.6892687849066075e-05,0.02961479298176417,0.002734137478769716,0.010490773655327135,0.021658653591490218,0.0,0.03211325899446099,-0.024279772903990082,-0.023941052040781174,-0.024582354865717526,-0.010890142645764933,0.000710106269464994,-0.0043806196874858205,-0.01554879816982574,0.01652334951723955,-0.019882150804071297,0.0020306195205648803,-0.005433082392341304,-0.010522304040264496,-0.021760022745201002,-0.021179442509605073,-0.044579348425980214,0.01854155504950472,3.952306753141066e-05,0.034929870982188915,0.01739712733902815,-0.010253289034176882,0.006245788768437788,0.0,-3.493263206205688e-05,-0.01838960222978786,-0.0020940796933692774,-0.012022440569691373,0.010627079220204894,-0.012841332995079224,0.0,0.005497521769681546,-0.0037788364216977954,0.0,0.015849472273741894,-0.011919443625840132,-0.01012338410480379,-0.002357948598248283,0.0,0.007182750504577284,0.012126481181405024,0.010762714599680201,0.019541476045675077,0.0387309190200269,0.0012389844013624973,0.007389471802599024,0.024259195416979018,0.0029780800836917143,-0.012420782482861104,-0.00022103533982148482,-0.02391576438624715
