0.0,-0.005978753131594017,-0.01775360764597167,0.0,-0.0068990787722068014,-0.01847961313596319,-0.00526454045071717,0.013510847991875574,0.0037898172302057165,-0.01948366991978956,0.00923531578551362,-0.01283725930701296,-0.004525800080874276,-0.009832126940685637,0.029736457113024806,0.010291989102227728,-0.013372324931654134,0.013903582181436391,0.0,0.08698132149848214,0.017511874787924764,-0.010185296596329552,0.028204440012495557,0.07378814868931405,0.006580820796647013,0.004844303272414974,0.05889094873725864,-0.014056668961838215,-0.017394825525527846,-0.010320723994063585,0.011036060569458939,-0.01837861171131422,0.01430855706992673,-0.0038233372858179626,0.004366126098660328,-0.0014989185093468582,-0.001339879428582269,0.012812379881140146,0.0022633043195624536,0.0162060846088265,0.0012312940361030034,-0.012407236009300882,-3.26542721631462e-05,0.0,-0.00016499071802678067,0.055754905273202204,-0.01676235779971319,0.0,0.0,0.0,-0.009397288770641665,1.1102230246251565e-16,0.028985667879075583,0.0,0.016980446108236902,0.0,-0.0050455296806110606,-0.011854566981148063,0.0,0.007655281541804393,0.00012612920404658778,-0.012219763782217341,0.014105484360837472,0.0,-0.000748502908091031,0.07735831833656032,-0.01688680501110701,-0.003961692112287807,0.09814080433572392,0.005299299961845028,0.005871027616949687,-0.0033204017487429294,0.0006128996822220567,-0.003525920074393507,0.0,0.016763589122664624
-0.005978753131594017,0.0,-0.00046743661749809595,6.509903873291867e-05,0.00392280527547173,0.011399086337896214,-0.008928007920074033,-0.008514494873127165,0.015226242831161307,-0.018559236989668826,0.00045572539142901825,-0.01128893198749209,0.0041322651305423785,0.0006708372461979861,0.022301488604974773,0.02350176939530607,-0.013276093349202822,0.02288485119209277,-0.01689125079156678,0.04416004434604409,-0.005388222145005728,-0.015775963941003057,0.0016660192620898684,-0.0005507313037736439,0.009289941127721635,0.017899117697652733,0.008063495913120833,-0.02693982822392249,0.03284341271260571,-0.02396130749130254,0.012084661953568332,-0.02640706681155619,-0.0032004150948674592,-0.017176295863469693,-0.018960246629512956,0.02847582609758864,-0.0019492172476665015,0.0,-0.03411536758882455,-0.03718643652381115,-0.04296432633014474,-0.039665489155528866,-0.009944738953709287,0.0,2.220446049250313e-16,-0.012134135357362297,-0.04194201882873999,-0.0006736001716475815,0.0,0.0,-0.0032356046190363252,0.0052607116751154925,0.00023968291393144936,0.009309767540932767,-0.0013832040737563056,0.0,0.00040722961163408566,0.0031332276284666283,0.0,0.015056062835331674,-0.024702611055011536,-0.006662942327377186,-0.010075474637747273,0.0,0.011114957163131156,-0.01614955491027864,-0.007708045233505378,-0.025533127256353483,-0.010030447104073081,-0.012988834823216222,-0.03760050089130762,-0.0014862232261067532,-0.010827847067945928,-0.0604293090631417,-1.1102230246251565e-16,-0.028953260129405245
-0.01775360764597167,-0.00046743661749809595,0.0,-0.011930792466925855,-0.018078751091771983,0.04852357691118153,-0.0233232076448876,-0.014610990341978047,0.04585854429949571,0.008584496083353987,0.010349979995903646,0.002751207227495389,-0.010203947044563677,-0.03776565972062612,-0.02144220156236354,0.008861667426301512,-0.0032353049546320345,0.0010206451145988171,0.056459743688597575,-0.011438339963207922,-0.007301093899103439,0.014213586537139,0.0007109266988889473,0.004150432149438166,-0.020672319309734233,-0.0002539861339640459,0.013119416912570292,-0.01835347871668508,-0.018950218075256153,-0.03753409685208392,-0.002818235950530934,0.011929296401798184,0.004737309279348123,-0.014009711932694513,-0.0013032823638116642,-0.020662622735092506,0.02762233296238087,-0.007122075369070779,-0.01859682502725013,6.687737328925358e-07,-0.0026735408590634613,-0.02580233227389317,-0.016012853706029728,-0.02599902928771175,0.0,0.0,0.0001915552017938693,0.16801133621336134,-7.334236811318284e-06,-0.007264431273672822,-0.03880638630336947,0.004512126055796539,-0.01402282330730753,0.010415176324582665,-0.0008914729394173815,0.07773565720757664,-0.01422068239826546,0.020631463276656326,-0.024571274048002578,0.0004226565882490818,0.0,0.0,0.0,0.16625219070056046,-0.009084448162574477,0.006280580122244694,0.000698058867554141,0.00121894189802485,0.0,-0.00020123562657625715,0.0001034644459011469,-0.011964338842722744,-0.0069077022154139245,-0.008700687455987954,-0.00741595905233694,-0.01762840698323065
0.0,6.509903873291867e-05,-0.011930792466925855,0.0,-0.03958181707890504,-0.029347485881872415,-0.03850787159262617,-0.009809028750366877,-0.00863604752834396,-0.01599646555304718,-0.01319074659905256,-0.010106413131094227,-0.043853992815378995,-0.01646960168128725,-0.026194121841205786,-0.0015142685538006573,-0.0032084606056880793,-3.339783364131321e-05,-0.009997087848305108,0.008689293939853904,-0.0015754104673876834,-0.023513781175881265,-0.00942051682468592,0.005592134555897577,-3.19581716215489e-05,-0.026442226420300696,-0.015541444727380116,-0.02830798221747588,0.04082010045888995,-0.005182616659403394,0.05076686484750148,0.002327586058294251,-0.031003756262598048,0.012788273784033743,0.012293309973704758,-0.021387087097707813,-0.0036158437046788228,0.003966589521241404,-0.008230546242855075,0.0006045620859730927,-0.013359630987931304,-0.024062915081996927,0.0076564127612334665,-0.011398695260661507,0.0,0.0,0.0,0.001994816551928902,0.0,0.0,0.0018125785068844324,2.220446049250313e-16,7.643538953350237e-05,3.884725396713362e-05,5.551115123125783e-17,-0.008797319244696677,0.0029598883042392665,0.0009260264048823186,0.0,0.0,0.0,0.0,0.0,0.0,0.0,0.0,6.739302434805028e-05,-0.0054573182264217035,0.0,0.0,0.0,-0.014076485439912245,-0.004466102991506404,0.0041540036963284566,0.0,0.0
-0.0068990787722068014,0.00392280527547173,-0.018078751091771983,-0.03958181707890504,0.0,-0.017102131399544807,-0.04824946337146141,-0.1336963290541594,-0.01180329658145568,0.04301503303616533,-0.06751725069869413,0.00509269450329064,-0.03368192860454983,-0.03917619799299757,-0.006832158004257682,0.006825073410239246,-0.004033161083468184,-0.006740360533985357,-0.03712290831178827,-0.003423578264566629,-0.034249476180698624,-0.01612447618524465,-0.05326679873752288,0.0022587084727760387,0.005125647332484606,-0.0016735108136835541,-0.012474500735964622,-0.04260810041225954,-0.04586344313500268,-0.04053006153686989,-0.023839994737563763,-0.06048414067590574,0.005735719453472621,-0.03376277629297986,-0.0049131312147147055,-0.017405829494993585,-0.0036701042071309864,-0.0010150403988649637,-0.008958842787582355,0.010385180716534825,0.02993118275733858,0.0215125754667983,-0.11925062875954634,0.044955646615143174,0.0002160458408291266,1.1102230246251565e-16,-0.005228477554115929,-0.08084848969191927,0.0,-0.04181171264007705,-0.0076554140286057,-0.01870216274416847,-0.13583482576166228,-0.11289753472955244,5.551115123125783e-17,-0.11937211365265082,-0.004830070117702201,-0.019998251392169153,-0.030311343909512345,-0.0015537042963795211,6.101458056700926e-05,0.0,-5.551115123125783e-17,-0.14574022109875012,-0.0016616814786402645,-0.00046086473352729973,-0.0006257294689152593,-0.12306982016083962,0.0,2.144169334045154e-05,-0.011431966455966724,-0.13491968986979114,-0.022237513519273167,-0.025209875237642065,1.1102230246251565e-16,-0.008171502298054467
-0.01847961313596319,0.011399086337896214,0.04852357691118153,-0.029347485881872415,-0.017102131399544807,0.0,-0.011699933198689116,-0.03074892590368039,-0.01897448336671087,0.0034144808092747003,-0.04870499428064723,0.004891235327303178,-0.0009679905277636958,-0.05706557421903091,0.003549988582511987,-0.002085125415411504,-0.0019128839530759278,-0.007110254993309195,0.03010820415229226,0.009597864997447081,-0.032641623285574184,0.015606190000039544,0.01817909439634441,0.012948654296301265,-0.0001673757522167585,-0.0038175167737646287,0.01863022360784672,-0.018775055529738183,-0.027181709771414098,-0.024648352189324763,-0.02173288270984658,-0.017442170259082457,-0.00424936774068474,-0.02641824760145617,-0.034295945198038524,-0.03536032570573722,-0.025215627114768546,-0.006941268994691885,-0.011820331093993552,-0.011611043293198176,-0.027643616947739702,-0.0011889495228404323,-0.016709201957537834,0.005729720879022571,-0.00677987505301475,-0.0067233260030376,-0.0019336030970031337,-0.017540563567431944,-0.000708329907352756,-0.0037993169928467463,-0.03815164782214503,-0.013499727947024642,-0.029333946259758048,-0.04750313225500724,-0.013073950343288232,-0.0522705840743099,-0.0034695898561649674,-0.03547127043572629,-0.013829140931879036,-0.010898112885141975,0.0021029667814145836,0.0,0.005390587779084299,-0.02780142413429887,-0.0034275151633058054,-0.004904370330762686,-0.0075597952458955064,-0.019549178612864482,5.666580293461898e-05,-0.005508416052328269,0.003644423280687592,-0.027055833680939334,-0.02017796627443974,-0.03573387256407673,-0.0016541841547830782,-0.022600181356340843
-0.00526454045071717,-0.008928007920074033,-0.0233232076448876,-0.03850787159262617,-0.04824946337146141,-0.011699933198689116,0.0,-0.06251266640050973,-0.022488683505237472,0.058733901337704064,-0.09214792122187943,0.055391000775102894,-0.020355068298197998,-0.03321474212347153,0.02495651271666699,-0.00942514028271585,0.0288588123769129,0.007783037294610717,-0.07046672370711282,0.0030432231121756415,0.006091741130277106,0.0026606040969094913,-0.02912733810276985,0.06444657913175073,0.02473712288282126,0.0035660576298824354,-0.021774186334617918,-0.03242965787409441,-0.015906667201628366,0.0001256927201327418,-0.017962618515707907,-0.0021147321886995085,-0.029368557141479734,-0.007132445078095628,0.009642884597452273,-0.00359956038491005,-0.025178756911934053,0.01986700110217332,0.0009370000234075193,-0.008100902632025953,-0.0015629952830712446,-0.004190727292262164,-0.02903780648391102,-0.01901115491284605,-0.010750175194523814,0.0,0.0009131819945021324,-0.0265590879534231,0.0,-0.015707307570029416,-0.023309856206374546,-0.012477329726956754,-0.10259182424498225,-0.008538401766275294,-0.008445546252353497,-0.008889590585994311,0.009537982057178096,-0.016671603287443548,-0.010638799428113022,-0.013059693006124418,-0.017142578664766428,0.0,4.635857066614957e-05,-0.03332212057485617,0.005976773293829174,-0.011367106451927567,0.009776745584482327,-0.0377335783608429,0.00010303153996832348,-0.0062682187612722595,0.007146012520193035,-0.023733420271818018,-0.010760824944922032,-0.0025730007911771713,-0.010692890709600333,-0.009671306494533238
0.013510847991875574,-0.008514494873127165,-0.014610990341978047,-0.009809028750366877,-0.1336963290541594,-0.03074892590368039,-0.06251266640050973,0.0,-0.026024921477076746,-0.023600248164869386,-0.041369458225748945,-0.0031611240751707737,-0.04290277289586847,-0.03742601629685399,0.0031349860735108703,0.0004955563137791219,0.0019326595604086116,-0.001972725273498066,0.004509591255162371,-0.006018442709339988,-0.028779264881167832,-0.01985314308560243,-0.018941630435966583,0.01243545620600739,-0.011654607266028238,-0.00551020733721308,-0.016154404725104488,-0.028160590401244967,-0.012549969257344362,-0.010781362270408157,-0.031728157495879095,-0.029207423134160526,0.010021148234566568,-0.03628220320838427,-0.047577971827499066,-0.057222519390769,-0.005720434765990157,-0.03385060242432625,-0.030101773371670415,-0.03346363066168401,-0.030119674732541846,-0.0038162223662533967,-0.11266754441788818,0.0024532544338092266,0.0,0.037240368316662276,-0.010498686689845382,-0.023008101504586986,0.0,-0.02856673769611079,-0.047292279002149384,-0.04081962846922477,-0.08554822928370276,-0.05342304376755275,-0.00013417555257821956,-0.10008144784658968,-8.438098830798602e-05,-0.03808046770051149,-0.09613302842441862,-0.08670756200191321,-0.004494228711034387,0.0,0.00028895561986508334,-0.04128992026350459,0.015038919153281427,0.0069459831238687375,0.014873433253136004,-0.041937588228106504,-5.551115123125783e-17,0.0001382803733350202,-0.02823293034987423,-0.03279289273897895,-0.02832111833245554,-0.03419307590721704,-0.022374051046281485,-0.03885208483052821
0.0037898172302057165,0.015226242831161307,0.04585854429949571,-0.00863604752834396,-0.01180329658145568,-0.01897448336671087,-0.022488683505237472,-0.026024921477076746,0.0,-0.03483343622940688,-0.013802656117318068,0.001457314813612054,-0.019469925305460156,-0.05045908548673589,0.016454039645639518,0.01851118426377013,-0.005139494039529124,-0.008132960587541982,0.023253394018613427,0.0009989976304761172,-0.00731740281182458,0.022198613830074154,0.020929047952375823,0.0025211941669494586,-0.017869576777341578,-0.00945532041071695,-0.031101585744064575,-0.024525741231642806,-0.047248380064374595,-0.005222784079332354,-0.0010626831499925271,0.0022859712769992546,0.0009679241399948024,-0.014946932874841945,-0.024456726322382105,-0.027465472697054294,0.00151923642078311,-0.00048162130399226344,-0.011989843482471008,-0.0023890243789806975,-0.001093345262706269,0.004024327480105061,-0.011845345397925644,-0.018125100630284774,0.00433324219486092,-5.551115123125783e-17,0.0009268348594518305,0.0019914496602190246,3.5234017536356355e-06,-0.05544994771125089,-0.029804410486526545,-0.0034609579050121075,-0.021909226600286602,-5.166842006176786e-05,-0.01642794446358875,-0.022596927786641297,-0.0012614413013293246,-0.010537559995041579,-0.03290180718314267,-0.01647692645373683,-0.0020741379017149564,0.0,0.0,-0.007585966175381875,-0.0007726846029925682,-0.002945090544859752,0.0041121430996173824,-0.009695371610284775,4.3363642886040665e-05,-0.013798512867349066,-0.015450417533553196,-0.005551861470838748,-0.0021157046324095097,0.00012786598529906934,-0.02173248331380284,-0.00752663521811725
-0.01948366991978956,-0.018559236989668826,0.008584496083353987,-0.01599646555304718,0.04301503303616533,0.0034144808092747003,0.058733901337704064,-0.023600248164869386,-0.03483343622940688,0.0,-0.024541134102108064,0.012645885361485643,0.050713822950343435,0.07150664417853714,0.010313174098864397,0.04398917131553076,0.03236774935739828,0.03054572434286129,-0.009375079599298508,0.012266346274406592,0.01923425966627701,-0.014707237906016302,0.006996607171043001,0.019253720713398426,0.022744593871140084,0.033779549323840585,0.019386469186022104,0.07198135866599176,0.01974439152217211,-0.00990669404581801,0.028426611496765453,0.04271636371812054,0.0018851464179132082,0.04277117578385353,0.030917538417927104,0.04950876504539986,0.09814660930358898,-0.006200247562690497,0.019723260382238317,-0.007157413106212096,0.034554191601442796,0.03446310872120201,0.045286108515960155,0.004665563813273266,-0.01882194190291714,-0.034458978556036524,-0.01762480533908306,0.00038496145865996034,2.000636325771854e-05,-0.0011770848954680835,-0.010782000994631447,0.05015982596222357,0.0029269162567731044,0.0005385401582629901,0.009747018846824163,-0.004033936343509514,0.011639898107322688,0.03683851425610796,0.0,-0.0006618395091519402,-0.002258869932077967,-0.004837359233401672,-0.026644894615812487,-6.576196441954174e-06,0.0001068465745920344,-0.012546422130486956,-0.0010722078110879663,-0.009311212029055216,0.004982781800018321,-0.02015627684482929,-0.014295225282949686,-0.009955682764989204,0.033123125757350214,-0.013380459524347077,-5.551115123125783e-17,0.018573997497935257
0.00923531578551362,0.00045572539142901825,0.010349979995903646,-0.01319074659905256,-0.06751725069869413,-0.04870499428064723,-0.09214792122187943,-0.041369458225748945,-0.013802656117318068,-0.024541134102108064,0.0,-0.0006269140402670459,-0.0897631765828848,-0.036474332178542845,0.0,-0.000213217772307428,-0.008019012845910278,-0.007303040169920838,0.051703799502202885,0.0001268104129601988,-0.015608700153649069,0.0037136683608446353,-0.019124794802043266,-0.000715901929593088,-0.012012525304459454,-0.015427648980898434,-0.011157999505684413,-0.06970948782028397,-0.01356844746628949,0.00046488290989177283,-0.04393392022257292,-0.11504933178725357,-0.017497888737009304,-0.06362107715850607,-0.04782085091483157,-0.07656122620032746,-0.025792926064289068,-0.025602684268297426,-0.10401558862457927,-0.007457697965926879,-0.003991157822286706,-0.016656757536720246,-0.07778240692205957,-0.007387920396910774,0.0020120155105186055,0.0,1.1102230246251565e-16,0.04538124861829601,6.82263767259883e-07,-0.021153834574191455,-0.09449653264350316,-0.025548095801340154,-0.08231081168610749,-0.021284322497415353,-0.0089182639737872,-0.008958377954576657,0.00033319513053337024,-0.01382658211551585,-0.06937912719554007,5.551115123125783e-17,0.0,0.0,0.0,0.05687894691121642,-0.011899107065254322,0.0,0.0002402118229652972,-0.04648325298511241,5.551115123125783e-17,0.0,0.0009191790113989851,-0.018702104620336446,-0.018997394254109956,-0.021895128728588398,0.0,-0.02382710828091461
-0.01283725930701296,-0.01128893198749209,0.002751207227495389,-0.010106413131094227,0.00509269450329064,0.004891235327303178,0.055391000775102894,-0.0031611240751707737,0.001457314813612054,0.012645885361485643,-0.0006269140402670459,0.0,0.03962669150513498,-0.03831830375373313,-0.025050994639916502,-0.005375436616734286,0.020121103254431616,0.022101019465301408,-0.003439150412531067,0.005645272914935884,-0.04189164144566515,0.0028152125164145336,-0.011385904799800672,0.01487791566720148,0.018228571621909773,0.04871960385248064,1.0564814471258899e-05,0.051333999998919244,0.0026489621849239975,-0.03431803559540192,0.03125672101618171,0.028153827557742372,0.013201222550266123,0.004894742373223959,0.036884297315625814,0.024495613391510962,0.04816757849054665,0.007519545832735786,0.01803026813396974,0.010884244113502306,0.05578168103606834,0.024229939502079745,0.05001021222194113,0.005397406226842039,-0.01383649785001273,-0.019013468178366244,-0.008099478982688979,-0.006049517468821042,-0.010749526843975066,-0.013297190166084993,-0.012589015940042303,-0.014349893537282887,-0.0003464274114797772,0.00033593135870146895,0.01767259873693544,0.007699176904669147,0.00045543950616916407,0.007004044935314757,-4.310692171022312e-05,-5.672559385327958e-05,-0.01453486712125085,0.005236852028709438,-0.006138776268174551,-0.012017198478902147,0.005952349149403513,0.006518461273297416,0.0008381425120659314,0.012232341178326389,0.018193376203721745,-0.005084238157353316,-0.004542584346950318,0.009286054250971953,0.05592558596615593,0.0053506612861104474,0.0,0.03380233993808446
-0.004525800080874276,0.0041322651305423785,-0.010203947044563677,-0.043853992815378995,-0.03368192860454983,-0.0009679905277636958,-0.020355068298197998,-0.04290277289586847,-0.019469925305460156,0.050713822950343435,-0.0897631765828848,0.03962669150513498,0.0,-0.0478834904903912,-0.012497557593818154,-0.0031984195302691143,0.03720739042664306,0.0013030081842509422,-0.05014213534659623,0.008257545838790736,-0.00842577209759171,0.00873830303911105,-0.020837433088521595,0.0291555219805561,0.017431413119052108,0.01739075568579257,-0.018522172177216745,-0.01678151227408914,0.0018768041351640008,-0.0004179178934198835,-0.0019534696452022104,-0.012836198433174295,0.032297283542818356,-0.0013033067416099997,0.003055171319070571,-0.021402733054805,-0.012511283119328143,0.020720480525167728,0.01579913668167937,0.01842538875844918,-0.0259888999160498,0.027384086885724856,-0.02308996706288441,-0.0287798023267008,0.028195641834447338,0.011381558517454038,0.006107879681824524,-0.004382274312877965,0.0,-0.010641043514662829,-0.03405859762545743,-0.010564178334402652,-0.0457561083134308,-0.001030457802308371,-0.0012560827920946593,0.0004792906099475025,0.006736977335949967,-0.007663847468580953,0.004616676846631862,-0.0061368985081087235,-0.0013664762639261085,-0.004252244453804843,4.863815093464341e-05,-0.020728535376973223,0.0037334930099191532,0.0017752155562461014,0.004471252659098424,-0.028805035262851608,0.006448642084533718,-0.0038447880388997047,0.007005951775472197,-0.017499661773894837,-0.034704691737279914,-0.02133505517338896,-0.0006352550336521379,-0.01210650466422436
-0.009832126940685637,0.0006708372461979861,-0.03776565972062612,-0.01646960168128725,-0.03917619799299757,-0.05706557421903091,-0.03321474212347153,-0.03742601629685399,-0.05045908548673589,0.07150664417853714,-0.036474332178542845,-0.03831830375373313,-0.0478834904903912,0.0,-0.009628198573667757,0.001496187316295805,-9.167644160784638e-05,-0.00023121602239517536,-0.018010467539473107,-0.010258392513405934,-0.0077585179629331424,-0.003976876960852582,-0.06585246673345496,-0.020104817138357545,-0.007732312445426326,-0.004784144709289173,-0.04899715779562175,-0.031096792852998767,-0.026812306272348818,-0.005336796216684481,-0.010593113826439848,-0.07646023421854878,-0.03794456117830336,-0.01410175183403406,0.01508356207292827,-0.035766135781711894,0.013672379616757713,0.015348917130021289,0.0007852809891483736,0.0,0.0029654811023144823,-0.0009162974780348443,-0.09258123286512238,-1.96389540596531e-06,0.0,0.0,0.0,-0.03621891775448466,0.0,-0.022049114154128024,-0.004985383615597805,-0.03523624475707038,-0.10346672967802623,-0.021864854630844033,0.0,-0.09530427062959684,-0.00047179974237976374,0.009447527338839024,-0.0011130775738000254,1.1102230246251565e-16,0.0,0.0,0.0,-0.03560292019498551,0.0,-1.1102230246251565e-16,0.0,-0.08358331569171318,0.0,0.0,5.551115123125783e-17,-0.0511645920363073,-0.0065729220991645465,1.1102230246251565e-16,0.0,5.551115123125783e-17
0.029736457113024806,0.022301488604974773,-0.02144220156236354,-0.026194121841205786,-0.006832158004257682,0.003549988582511987,0.02495651271666699,0.0031349860735108703,0.016454039645639518,0.010313174098864397,0.0,-0.025050994639916502,-0.012497557593818154,-0.009628198573667757,0.0,0.013564717202516674,0.010178672967989966,0.012101122171192136,-1.1102230246251565e-16,-0.025275758511676516,0.02247345663932976,0.023961013324457714,0.035538139275003544,0.011138651823494494,0.026493320431738965,0.015405793286131342,-0.0022282605029357305,-0.01733548917486133,-0.0021022989751314225,-0.006041270743386784,0.010581598181115037,-0.008384158310561274,-0.007184711803331023,-0.004851845408930688,-0.015346930933945124,-0.005220677345918301,-0.0137419923952658,-0.000298316918965702,0.006495233607254347,0.006983867378905606,-0.003748690555264611,0.004332445274787156,0.003634606871320445,0.01059550072909099,0.0,0.018884082895356036,0.007209878048266782,0.0009896083820160606,0.0,0.0,-0.03357157660313137,-0.0005746705790928841,-0.006328424732315818,0.0024558465767006155,-5.551115123125783e-17,0.0,-0.007557991570093958,-0.002493663609259289,-1.1184048035017824e-05,0.0415711040571799,-0.006154896935657239,0.00039093547637780723,-0.0020708508899197065,0.0,0.041134881893514774,0.022309293573157474,0.03466371182420891,0.0019344868484276745,-1.2694975853544399e-05,-0.014056000256643109,0.020640130867317974,0.005784047704256778,-0.01357840214238376,-0.006085376294552303,-0.014593230098531085,-0.004741478792883336
0.010291989102227728,0.02350176939530607,0.008861667426301512,-0.0015142685538006573,0.006825073410239246,-0.002085125415411504,-0.00942514028271585,0.0004955563137791219,0.01851118426377013,0.04398917131553076,-0.000213217772307428,-0.005375436616734286,-0.0031984195302691143,0.001496187316295805,0.013564717202516674,0.0,0.029813555305450046,0.045236224428465366,0.00041917492326121186,0.011695260527602946,0.014574795940659246,0.01334788807793208,0.004963844556878094,0.019897218874373734,0.008225949934772436,0.014778628432193797,0.002520355965361376,0.006168317395885192,0.024004933106452908,0.001177226704357881,0.032300889646799336,0.0022170940220061497,0.029247409536656888,0.02203352974751155,0.012216262838963377,0.014211777697999473,-0.0029884033692373357,-0.0055767975015129645,-0.018454854328314563,-0.01078768317161577,-0.028647811421174174,-0.02623329257671131,1.4583145312552226e-05,0.0,0.0,0.014307161460420603,-0.03510738735707136,0.0,0.0,0.0,0.003694169080824483,-0.011041120033383145,-0.009552284118465648,0.0,0.008985633013017469,0.0,0.005991477178360627,0.004846428573745121,0.0,0.01418965465273625,-0.023608427463690962,-0.005583893130898188,-0.0021297178184193633,0.0,-0.008507911910916377,0.0076213998350435075,-0.0164867657743627,0.012667921936645232,-0.004454340446685245,-0.011421370050257895,-0.01827774197933385,-0.004700938607041738,-0.013711374765286,-0.012805700810381071,-1.1102230246251565e-16,-0.016415655504671
-0.013372324931654134,-0.013276093349202822,-0.0032353049546320345,-0.0032084606056880793,-0.004033161083468184,-0.0019128839530759278,0.0288588123769129,0.0019326595604086116,-0.005139494039529124,0.03236774935739828,-0.008019012845910278,0.020121103254431616,0.03720739042664306,-9.167644160784638e-05,0.010178672967989966,0.029813555305450046,0.0,0.03689630727927157,0.0038114120498483617,0.011628766896513376,0.022470225352089424,-0.006199608188322325,-0.016228388274815486,0.012901671374187906,-0.03573249781636162,0.027666683852722973,-0.000534607298404044,0.04360579526139724,0.0003395843004032062,-0.013431688702033318,0.0361401452989103,0.012553527520600627,0.0256383265600183,0.02564842450338639,0.020615299907908502,0.008161463135922753,4.043866815794939e-05,0.02870431332342499,-0.00886858076678354,-0.02158413417376287,0.03425461148156378,-0.009589010580095203,-5.551115123125783e-17,0.0,-0.007303568665242843,0.0010510461785648295,-0.002081461638200055,0.0,0.0,0.0,0.0,0.0,0.0,0.0,-0.00154906273963612,0.0,-0.0014632107825497953,0.0007024951363379661,0.0,-0.00016290631434301428,-0.01281968030637659,-0.011566807407704827,-0.051601052179027496,0.0,1.1102230246251565e-16,0.0,-0.016536869303997892,0.0,0.0063676852759929625,-0.02906365632416691,-0.026611531987097925,0.0,-0.01027899962535761,8.78863229740734e-05,0.0,-0.018036556210612398
0.013903582181436391,0.02288485119209277,0.0010206451145988171,-3.339783364131321e-05,-0.006740360533985357,-0.007110254993309195,0.007783037294610717,-0.001972725273498066,-0.008132960587541982,0.03054572434286129,-0.007303040169920838,0.022101019465301408,0.0013030081842509422,-0.00023121602239517536,0.012101122171192136,0.045236224428465366,0.03689630727927157,0.0,-0.011439452641666958,0.013848821390204491,0.005639059429252524,0.025814652903172808,-0.0006602839970324403,0.003684945576727716,-0.0010656786891163894,0.00978887037358328,0.009766662668904857,0.00870845621653138,0.007116070162369592,-0.0004185933029233202,0.017307201026561914,0.00428228699804889,0.02171017672653014,0.014334691651489095,0.025679211724337514,0.025734078462601118,6.73964999163279e-05,0.021465415101631247,-0.006142946126242055,0.0030525772858161493,0.0011981561482358738,-0.014165876825660728,0.0,0.0,0.012020948342000348,0.006223678956388701,-0.041016773731896716,0.0,0.0,0.0,0.00022706192368893152,0.00028423267580912626,0.000971495867068739,0.0,0.030022952709571504,0.0,0.021874849940952568,-0.00747020622231459,0.0,-0.0057992832897541535,-0.027511080476675942,0.018474855817155744,-0.002777859399981486,0.0,-0.011723723557974186,0.002594458980234804,-0.023991299893064533,-0.006542837949382485,0.013096427952244749,-0.011148056605744583,-0.012412500456950581,-0.013640474648584922,-0.009126488998611182,-0.009872806179527294,0.0,0.010881032016613057
0.0,-0.01689125079156678,0.056459743688597575,-0.009997087848305108,-0.03712290831178827,0.03010820415229226,-0.07046672370711282,0.004509591255162371,0.023253394018613427,-0.009375079599298508,0.051703799502202885,-0.003439150412531067,-0.05014213534659623,-0.018010467539473107,-1.1102230246251565e-16,0.00041917492326121186,0.0038114120498483617,-0.011439452641666958,0.0,-0.000984306820820402,-0.006672264069739697,-0.016509171260081945,0.03691453587867494,0.001166683630613452,-0.013766817611479631,-0.00791482339776206,-0.018945456224320367,-0.04009535159231553,-0.011591612592804501,-0.002130687415531407,0.0031463163146707163,-0.006048767146927703,0.0041793919314129235,-0.02455867703882403,-0.006427931312816992,0.03696348140621947,-0.018102319882428053,-0.01708247347108549,-0.008384741821716446,-5.227605869861929e-05,0.03313365717078187,-0.00480909166107546,-0.024476377476379374,-0.01481137521837822,-2.1466041992657114e-05,0.0,0.0,0.08767609384983543,-5.551115123125783e-17,-0.002823979283471889,-0.0037941593151011865,-0.021169901539960012,-0.019526220621598922,-0.02995762368950039,0.00027727970026281135,0.07848770637595415,-0.010382823726936552,-0.015277618255200909,-0.018596015323354698,2.220446049250313e-16,0.0,0.0,0.0,0.02447701157811588,7.565309554585786e-05,0.0,-0.00025197902595536226,-0.010037033377155224,0.0,0.0,-5.551115123125783e-17,-0.03274252537726252,-0.010968779639024318,-0.010584102381224703,0.00026081845409364757,-0.016442414061592414
0.08698132149848214,0.04416004434604409,-0.011438339963207922,0.008689293939853904,-0.003423578264566629,0.009597864997447081,0.0030432231121756415,-0.006018442709339988,0.0009989976304761172,0.012266346274406592,0.0001268104129601988,0.005645272914935884,0.008257545838790736,-0.010258392513405934,-0.025275758511676516,0.011695260527602946,0.011628766896513376,0.013848821390204491,-0.000984306820820402,0.0,0.021803679453866798,-0.007278462941627206,-0.059719589064860024,-0.006966436442974677,0.01138819837413324,-0.003820218401179465,-0.002881842482956032,-0.01652117683920168,0.026442653064424282,0.017149562666087748,0.013449808434916777,-0.007316005503927359,0.004911588511195941,0.0028442489061366594,-0.0017185513154654442,0.014762032357166721,0.005798709347219544,0.019633463287707043,-0.005443145322808707,0.003223355548375495,-0.012144352645894585,-0.011420326200586806,-0.018771977626624692,-0.0061929291424974164,0.0005548430673412152,0.013303548918429886,-0.0035367693355519148,-0.005077519857064172,0.0,0.0,-0.035137819129028136,-0.016582363511782217,-0.03268423375488627,-0.006821689615918114,0.00015983857963663972,1.1102230246251565e-16,-0.006808390055390745,-0.01023484849741163,-1.1102230246251565e-16,0.0024360591579520863,-0.003980413040468644,-2.3198636885102264e-05,0.00392971452779628,0.0,0.011270368691657207,0.00921539057306242,0.018186355965478462,-0.01707188936087123,0.0,-0.010290641732876138,0.010434752050911322,-0.015509210581681365,-0.018767071073403363,-0.01339103241310391,2.141381441150836e-05,-0.015741181651142133
0.017511874787924764,-0.005388222145005728,-0.007301093899103439,-0.0015754104673876834,-0.034249476180698624,-0.032641623285574184,0.006091741130277106,-0.028779264881167832,-0.00731740281182458,0.01923425966627701,-0.015608700153649069,-0.04189164144566515,-0.00842577209759171,-0.0077585179629331424,0.02247345663932976,0.014574795940659246,0.022470225352089424,0.005639059429252524,-0.006672264069739697,0.021803679453866798,0.0,0.018695832198609985,0.012112941875747019,0.04409463637764055,0.0007332151450843982,-0.006594352655391211,0.010891226065125215,-0.0185626611155863,-0.002652842423917501,-0.020851017997076393,0.011658996984138636,-0.009756528882554849,-0.02370270262457219,-0.011129718518272491,-0.022905893151827117,0.012502913760454537,0.0034861587908954217,-0.03540185707100291,-0.01639817428545115,-0.026696554183189336,-0.039149211653310256,-0.019058092919592373,-0.03544814851020983,0.0,0.0,0.05037245587010508,-0.035125952111304426,-0.003267971741917841,0.0,0.0,-0.061583484768918784,-0.0024103125028167582,-0.06937214874232378,0.013927719533558147,-0.00116403091690076,0.0,0.012038501350655595,-0.01701864403541553,5.551115123125783e-17,0.016439849321103428,-0.023899722082375785,0.0,0.03091148862122406,0.0,0.0278529813411606,0.009044301478809691,0.011910190346843097,-0.04519661998170771,-0.0031274984887674773,0.001758778239647485,-0.01893454909600467,-0.01884740899689108,0.0027115812358585734,-0.018320494981540758,-0.013237271115459803,-0.025188520989323504
-0.010185296596329552,-0.015775963941003057,0.014213586537139,-0.023513781175881265,-0.01612447618524465,0.015606190000039544,0.0026606040969094913,-0.01985314308560243,0.022198613830074154,-0.014707237906016302,0.0037136683608446353,0.0028152125164145336,0.00873830303911105,-0.003976876960852582,0.023961013324457714,0.01334788807793208,-0.006199608188322325,0.025814652903172808,-0.016509171260081945,-0.007278462941627206,0.018695832198609985,0.0,0.023718071558759213,-0.0952127643955874,0.014707801749573923,-0.007724237006725476,0.008336689646432638,0.01960795149060729,0.044661227816502114,0.01292356018968116,0.0252720666304474,-0.01557467452232647,-0.00010215677566843828,-0.002526065186550408,-0.0223742575631124,-0.019530251741102234,-0.001414785883679659,0.014099112150873672,-0.00034132349810034324,-0.018841609975932316,-0.009982766992294223,-0.006151578758265108,0.015453414862951653,-0.01279699676483248,0.00016958201973038545,-0.006960235176906415,-0.018342547219138472,-0.0037109789741978094,6.1499708972068134e-06,1.8907865051431827e-06,0.0214541778877424,0.00389457493097628,0.004669560964291608,0.0008318277296789356,-0.012191752616223905,0.0,0.004466944178067145,-0.0021715204813431144,0.0,0.011073546455692584,-0.030893683025928154,0.00024987852420921275,-0.005488211163343082,0.0,0.02041516839975238,0.0063082841051492755,0.017497517389329142,-0.003934107004631537,-0.011640307319732479,-0.02295636478081653,-0.0015465276603275901,0.01121943304506201,-0.016891684986119815,-0.009652363418672316,-0.012185095099216059,-0.006087607991810795
0.028204440012495557,0.0016660192620898684,0.0007109266988889473,-0.00942051682468592,-0.05326679873752288,0.01817909439634441,-0.02912733810276985,-0.018941630435966583,0.020929047952375823,0.006996607171043001,-0.019124794802043266,-0.011385904799800672,-0.020837433088521595,-0.06585246673345496,0.035538139275003544,0.004963844556878094,-0.016228388274815486,-0.0006602839970324403,0.03691453587867494,-0.059719589064860024,0.012112941875747019,0.023718071558759213,0.0,0.02580150042513102,0.0003939723809456286,0.013810064114260057,0.017828517675355593,-0.015173382130708346,0.0010549593686483005,0.0040123131929382105,-0.006204599316537829,-0.0038527215749897814,0.012775636971625814,-0.013372822846832277,-0.023256795737351343,-0.020439331399855376,-0.02006348520705803,-0.022768705512335896,-0.010124683651613342,-0.005308069973666729,-0.012202346223331939,-0.009849508975408539,-0.012319350146288044,-0.009208069938233698,-0.004987767674454191,0.009601649288610958,-0.03455263364099953,0.03931104662836843,-0.00967070028084882,-0.020110483668719203,-0.027924800040595,-0.020471596035470996,-0.02374521063994628,-0.04529361807406018,-0.0016979016855536155,0.0023845590563267294,0.014935184220230435,-0.02378003706311138,-0.054463464955215146,-0.015808473486257413,-0.0068234889092060325,5.643324984361264e-05,0.011065836445787514,0.030271466807623548,0.0004138693854381925,0.006360019209510792,0.01860736585289746,-0.00716119906390289,0.00021748250900366362,-0.01137120772322836,0.029385995207712068,-0.013698556182771993,-0.009237078703583257,-0.008721276495975205,-0.00019054380866889709,-0.005483977818751651
0.07378814868931405,-0.0005507313037736439,0.004150432149438166,0.005592134555897577,0.0022587084727760387,0.012948654296301265,0.06444657913175073,0.01243545620600739,0.0025211941669494586,0.019253720713398426,-0.000715901929593088,0.01487791566720148,0.0291555219805561,-0.020104817138357545,0.011138651823494494,0.019897218874373734,0.012901671374187906,0.003684945576727716,0.001166683630613452,-0.006966436442974677,0.04409463637764055,-0.0952127643955874,0.02580150042513102,0.0,-0.0034397668778332058,0.026787849437140132,0.0011198258713963072,0.049768772569768416,-0.010425415732737253,-0.008069427890134873,0.032538783873543364,0.002134788821033018,0.016333328712855644,0.01922713658869324,0.03139628974448794,-0.024824689736059835,-0.008996664046526492,0.019870926949308365,0.0576627450711254,0.027415219983117856,0.059925354836947275,0.06021531106438299,0.0068761709392543,0.0040198909789645465,-0.027503703287230508,0.05536092597107428,-0.06353501098825826,0.0,-5.551115123125783e-17,-0.00022290099818544906,-0.0031870004754145365,-0.0001910043346906587,-1.6653345369377348e-16,0.0003970790319690609,0.002590719034101907,0.0002921132834620699,-0.024965821978932268,0.005783803512252106,0.0,-0.000644697193188104,-0.03423367239696756,-0.0033000058470128435,0.0035934602357919343,2.7163290935106055e-05,-0.0009277764384171827,0.023164123263195446,-0.010272149288086896,-0.0007263015149882035,0.0402298351755766,-0.007201368359602889,-0.0009508944221641169,-0.0035861367391890053,0.04128556306680481,0.016503458481264,0.0,0.023118412905268892
0.006580820796647013,0.009289941127721635,-0.020672319309734233,-3.19581716215489e-05,0.005125647332484606,-0.0001673757522167585,0.02473712288282126,-0.011654607266028238,-0.017869576777341578,0.022744593871140084,-0.012012525304459454,0.018228571621909773,0.017431413119052108,-0.007732312445426326,0.026493320431738965,0.008225949934772436,-0.03573249781636162,-0.0010656786891163894,-0.013766817611479631,0.01138819837413324,0.0007332151450843982,0.014707801749573923,0.0003939723809456286,-0.0034397668778332058,0.0,0.010559332787232034,0.0023842905152263727,0.012705431743334605,0.013175082992243126,-0.0009173597987768844,0.011855938848164105,-0.015628948596658643,-0.0031278648657343533,0.0008045467835524622,0.003533755414894757,0.005289879523982521,0.001544312049906349,-0.021406173178424137,-0.015812614415208537,-0.003280100197765312,-0.01098317133017418,-0.024888537344973538,-0.0011232310143872715,-5.551115123125783e-17,-0.02284689888920738,0.0019169127460095248,-0.039835329668709285,5.551115123125783e-17,0.0,2.220446049250313e-16,-0.0049886725945241794,0.0030181546827030004,-0.005506744165053645,-0.0010533011417925842,0.008410716880150604,0.00037617247341359406,0.007935887448387191,-0.004569957221170928,0.0,0.029801544668416002,-0.025844012915409553,0.002947833151315804,-0.008240901415081325,0.0,-0.012904081322058614,0.0074337628262111655,-0.010468429756082087,-0.018460414498853772,0.012811331789572,-0.019563400325711466,-0.01829397619459827,-0.005296127544055451,0.05232097210255071,-0.007346708021238435,0.0,0.0003559806004011512
0.004844303272414974,0.017899117697652733,-0.0002539861339640459,-0.026442226420300696,-0.0016735108136835541,-0.0038175167737646287,0.0035660576298824354,-0.00551020733721308,-0.00945532041071695,0.033779549323840585,-0.015427648980898434,0.04871960385248064,0.01739075568579257,-0.004784144709289173,0.015405793286131342,0.014778628432193797,0.027666683852722973,0.00978887037358328,-0.00791482339776206,-0.003820218401179465,-0.006594352655391211,-0.007724237006725476,0.013810064114260057,0.026787849437140132,0.010559332787232034,0.0,0.035109285112795374,0.02798216566714895,0.025814019551825107,-0.004285199697170505,0.01815852086069747,-0.014603283447918891,0.0036417459466578372,9.334232171387402e-05,-0.006539289852961094,0.029436268273204058,0.026199027314070533,0.01744087351598833,-0.010373608972148063,-0.003342141749182681,-0.01739708915217908,-0.030018625359140294,0.004434461433842407,-5.3037728741378576e-05,0.002332141826901557,0.013664643787957842,-0.035080356622839315,0.004191286728640109,0.0,-4.420655747350288e-06,-0.004612034577607282,-0.006991226301461262,0.0008451212095954563,0.002705148158810844,0.01087673510871412,0.0,0.012057477996633148,0.00013411386461020802,0.0,0.01663761770779215,-0.020108354563974917,0.006931929460608888,-0.0030754903650014875,0.0,0.019074360264617285,-0.004143124410827259,-0.014903960439347608,-0.02557142591435263,0.02330713519678801,-0.011616996711834637,-0.01842473818700574,-0.007291413105187716,0.0316652472411969,-0.006698942386449358,0.0006607034430620162,-0.0029656990587892396
