0.0,0.4029685291943431,0.2003781053003517,0.0,0.12336626368532477,0.530333297848683,0.2799153287580106,0.47299052125397756,0.30757117031148024,0.23855363839222202,0.4189980046616779,0.22107626774939737,0.41937039055060843,0.45017315457658125,0.42870317654673673,0.06329055236851033,0.18922870257076835,-0.21424524649970023,0.0,0.5291985204125879,0.29261222324999464,0.29870399184001706,0.40928399152308853,-0.342060499892634,-0.18438332224230725,-0.39702085346426447,0.4228144188007196,0.6623001734586258,0.5495196010216492,0.09578994015218179,0.24143433294747307,0.324252726116387,-0.045879493187876375,0.18835945387730915,0.12948165911737483,0.5486960494181103,0.48504688748286645,0.40996132445122163,-0.02828376100165292,0.10272060843674102,-0.09272943227694097,0.3519974304898067,0.4694113182621136,0.0,0.2489506017614846,-0.23589942811686165,-0.021602799893948588,0.0,0.0,0.0,0.3035184644187605,0.0,0.37175303094674844,0.0,0.20528788482776755,0.0,0.24053783939870577,0.5840753853766832,0.0,0.42827337399419735,0.03776817626739987,0.20209760690782638,-0.09366112403043075,0.0,0.38951729642050065,0.015024377870703431,0.1730328123482165,0.36806616451122676,0.4135716763670042,-0.14468426601243767,0.42027304401667354,0.46275584549887383,0.45068700852596366,0.19951937141289783,0.0,-0.15349195950170735
0.4029685291943431,0.0,0.5296516579617092,0.4015101449773764,0.4405760494681475,0.3847256579459206,0.3469308655639304,0.6354513360328032,0.2525445350281296,0.19503078849184088,0.4272910930672108,0.28054158043848487,0.32580224990978457,0.3599158619280355,0.34616827885886836,0.16498811090342513,0.4146426058821483,0.06200839112190043,0.6742468639993434,0.45635449357429025,0.48839249188140843,0.45504943563415756,0.5539905262674145,0.4453201941978526,0.25228895467836215,0.21736018073256294,0.6226540318496491,0.349001679902058,0.3426424669108031,0.2118331812732116,0.1843032670555319,0.29789895692951496,0.06814870192387629,0.3504303590720135,0.4457193080361297,0.41447778035691984,0.05167487610566337,0.0,0.11813278339714886,0.33657070353921276,0.14223180440655747,0.1622817497969255,0.5850299245968396,0.0,0.0,0.17989925858337127,0.09603206848927642,0.044075815822930776,0.0,0.0,0.37900660305020917,0.41426403878832396,0.5761657912647873,0.5336064591356706,0.4448675520226969,0.0,0.20951657301565244,0.48483803882845034,0.0,0.3013767615358468,0.16373581390355066,0.12714661853070391,0.3474230562370755,0.0,0.24350011848826586,0.40342285110886117,0.26559872909868154,0.4287227271579348,0.30224691109131224,0.2997315579661758,0.21854085607440288,0.44638435585502245,0.6028864682371488,0.2914593052014841,0.0,0.19226459713294883
0.2003781053003517,0.5296516579617092,0.0,0.6714815800716687,0.5167662012991909,0.5111260081602665,0.558645146699954,0.7271489047351125,0.4122210371181919,0.5302929858849408,0.5405333144247157,0.3581138437922493,0.55080837711189,0.8656762148044477,0.33205609399923175,0.23964516412190423,0.440016257830452,0.30663027738224663,0.5867439897934719,0.32580945456501054,0.2551781301517305,0.5927711094861245,0.6183994056126486,0.3872031796594869,0.12700157007077034,0.25220898901578687,0.44884827238925606,0.6306235298551173,0.4132102954824849,0.6199344512528362,0.6697272843897448,0.625196661042932,0.24413034279897372,0.7032396217020299,0.5194193201355963,0.7282176659335199,0.560197024370437,0.47327293756740696,0.7901786387438581,0.47111752149098307,0.5208714217854957,0.37067532536297637,0.6281869490059705,0.6793826587591063,0.0,0.0,0.3889667810757514,0.38923053984852923,0.4727727729669914,0.6004087373467331,0.626430862702145,0.6548594553223934,0.642380349214931,0.5153514025938307,0.4366911355197598,0.5582210616236982,0.4046315552454516,0.6036773859537989,0.6069136092631204,0.35249740665290674,0.0,0.0,0.0,0.5353806090941013,0.7473368186538802,0.6031117370900285,0.24505482412916207,0.7835499736657023,0.0,0.5452980598438215,0.448416939944735,0.8412887943645301,0.6488837426338612,0.5766844585140514,0.3950602008506241,0.36896131774997054
0.0,0.4015101449773764,0.6714815800716687,0.0,0.49506126425050556,0.65584042493398,0.11007830544799396,0.7934121590115841,0.5600164630029798,0.6179878996365449,0.7676852524797825,0.44507976964209206,0.41011854140730497,0.4439850630661028,0.649221668981309,0.2553431788285898,0.4176835209631934,0.4692198213520139,0.5676693973208871,0.5454327307953831,0.4535818549691429,0.23977465878194354,0.6845080812870825,0.4129599767432211,0.7975062408373979,0.33660018412205894,0.5879131767765491,0.11543435192492668,0.46661925302563934,0.9129618530419885,0.5629961611895423,0.5575605201128034,0.5656019319707077,0.6818565499647574,-0.015099192950580154,0.2805314839215236,0.24565848522231254,0.44585547422335114,0.4269649366495041,0.3742398843961524,0.5959627978036164,0.6084856863296146,0.7675894636633409,0.2677822511529818,0.0,0.0,0.0,0.4147336443639621,0.0,0.0,0.4736974027094315,0.0,0.46617290403980216,0.30786931304744697,0.0,0.5967208217563977,0.651894056489824,0.45324322610363355,0.0,0.0,0.0,0.0,0.0,0.0,0.0,0.0,0.4574228056348262,0.556064343177717,0.0,0.0,0.0,0.463607493347515,0.45781369161687224,0.6475731277299133,0.0,0.0
0.12336626368532477,0.4405760494681475,0.5167662012991909,0.49506126425050556,0.0,0.4447984624552762,0.32405029598373114,0.8411525813164114,0.3428479228844486,0.5378719900289858,0.5167701809049156,0.43550750472763733,0.5678149518583241,0.36724268042281794,0.1542085481840531,0.3667380564992109,0.41635424578786134,0.27058740860582065,0.5618973472372208,0.5948770946111392,0.30381824980897687,0.39965129083729173,0.5269258867154464,0.20970903061631477,0.4857748173934391,0.3783718256403665,0.408454713481639,0.794986149694929,0.6852392222974552,0.31227702156189546,0.7051377762913207,0.4972389185821729,0.5957303281041891,0.7558607745063581,0.43562849423642325,0.11952751241936577,0.325232409991462,0.4577446347122154,0.26864263107774644,0.4788996045540206,0.54112345778883,0.7174365502061872,0.4073610134470942,0.8900075530014524,0.3566823040198287,0.0,0.17478580277849406,0.7321010269165418,0.0,0.5138294857797492,0.7345946063072644,0.5548342329460975,0.6597641246426902,0.8720343440161005,0.0,0.7498468896115866,0.26851490582370224,0.5740465338980432,0.8693083825203785,0.32530070198048106,0.45186457800016455,0.0,0.0,0.9194745993604111,0.4711676296485843,0.48431060833897965,0.37641122740532285,0.730255274504932,0.0,0.47249422476969194,0.5718179936477968,0.7142144416056462,0.44081954863684036,0.4712436678433464,0.0,0.41726618026877393
0.530333297848683,0.3847256579459206,0.5111260081602665,0.65584042493398,0.4447984624552762,0.0,0.5587789478799003,0.6705976250383081,0.3594072260654133,0.5511452808683384,0.5259159419520258,0.5869524346504676,0.5517025483426439,0.8721233122038192,0.6123958187756383,0.33603143258311896,0.20984607451607368,0.2248265859183206,0.6220317576636359,0.2836000588007702,0.5775227858792088,0.2951494820530055,0.5145677779345866,0.381941713704432,0.3854973969779503,0.5195991778705693,0.5454238912823945,0.5987876474960507,0.32525936867593563,0.8566356423693371,0.6888357338707285,0.6285145539911354,0.6064724033503766,0.680519716060773,0.41874270369701505,0.6918224079894487,0.640952574553626,0.518377434426684,0.6676879787806911,0.12066096618098379,0.5588910248982816,0.4234119924479785,0.7405587715366413,0.5828993057543128,0.19616672201048355,0.3359621832804913,0.3535589724034429,0.6464312803711396,0.5343168039334341,0.4725940265783162,0.6433421896050114,0.6802345145030735,0.6996777192232412,0.7006945435083378,0.4668482676928245,0.7441304785707372,0.3602578295910092,0.6742676938903445,0.5395448602329689,0.40183076730581374,0.44051271982028195,0.0,0.3457086682022548,0.5911878668361902,0.5715645905734337,0.2969440220591607,0.4597604031243864,0.5902198869268047,0.50864946360134,0.31375326387344876,0.3443515951753776,0.5808385317685544,0.5849371219751873,0.6008984742671295,0.4351145104512867,0.5588361897782259
0.2799153287580106,0.3469308655639304,0.558645146699954,0.11007830544799396,0.32405029598373114,0.5587789478799003,0.0,0.622829421880037,0.3861529874458221,0.08483643041869868,0.5956265666807825,0.19350147418401545,0.4898156935256299,0.3145768469044772,0.32918664725608715,0.41858947520554185,0.43154073826354394,0.3126313283102713,0.5320527898473166,0.39571979904699783,0.4649750706428324,0.40395572998490303,0.5355093206967272,0.36138547481721106,0.39335755007022644,0.3926464628997711,0.43096624454854704,0.6217453005269157,0.5545567285135959,0.23312309477771012,0.47099035071450523,0.35847812576569305,0.6765583711448785,0.5119197036877087,0.7466411620288341,0.32035737075356885,-0.1357439322474185,0.44306123316390833,0.4630311535609414,0.19861975316636313,0.38849199496349396,0.6900026163499404,0.4366506192921189,0.8815028286929185,0.21818534506191287,0.0,0.3775940583292814,0.46525321162135214,0.0,0.923310143099161,0.6232875554931607,0.6267622726616578,0.3656429359335236,0.7535007791880264,0.49680745669482457,0.8510894212552851,0.7001242888424313,0.3956006198917901,0.48195857548358,0.25649744440486016,0.43492462676055704,0.0,0.49973332127756187,0.7863244397330469,0.4565942152855673,0.6253479724998808,0.541443333042259,0.686254426872472,0.47106046819878344,0.4710232300209729,0.3583623885820524,0.6607776752994714,0.39573956809516575,0.29937358004196113,0.5430061831591954,0.2747315191272874
0.47299052125397756,0.6354513360328032,0.7271489047351125,0.7934121590115841,0.8411525813164114,0.6705976250383081,0.622829421880037,0.0,0.7535292067535907,0.20058576506937642,0.8030632156921205,0.29059588543806125,0.6778446501392537,0.8689141482453813,0.3931222204479491,0.5473044750198524,0.1201169534823027,0.47931293722811164,0.808359920509927,0.4496723686903722,0.6079525764644835,0.41789095216454486,0.6281405574170571,0.04381447571743216,0.15216752844509945,0.2768613438860044,0.5219772967892253,0.6739692286998902,0.536730871551532,0.7241281089240953,0.7378817667740716,0.9168392181201568,0.5390450831258609,0.8213932067073952,0.8723743499803757,0.6664012848971685,0.7796644674229145,0.37081931368854215,0.7477143146149319,0.4402036999297737,0.4062129837777416,0.3670193105135322,0.2321009286984126,0.39787138163567226,0.0,0.4004883621577383,0.2647956748721338,0.6569095334705295,0.0,0.4215011913152179,0.5710250666782337,0.5992368606455877,0.48590226158677885,0.5528799021364651,0.6403990705612543,0.47862449028052645,0.9228413437643278,0.5131289055947797,0.3321110025520203,0.526654610308253,0.4443446065664737,0.0,0.5474397606485253,0.6925586418571706,0.5919876102837573,0.7290547606611444,0.30700051485566915,0.6503099777561392,0.0,0.31158408377758195,0.16950404587846357,0.5483774244565045,0.5221319868469906,0.5227752594944679,0.24630446559415362,0.4865159768724906
0.30757117031148024,0.2525445350281296,0.4122210371181919,0.5600164630029798,0.3428479228844486,0.3594072260654133,0.3861529874458221,0.7535292067535907,0.0,0.5744399531801752,0.35773453341954964,0.47669624877917116,0.5257997219548287,1.015582204431073,0.6741470284388409,0.38632017493030746,0.32790626385641974,0.3287628853702502,0.2805148284650687,0.45399889461171883,0.29996272806358737,0.2764337906186109,0.4632425763230895,0.6246325921062093,0.16154113784571292,0.39085092201095784,0.5573957029456493,0.5931451670968304,0.46174029944562023,0.700785519195507,0.659354069090659,0.6572663408298547,0.6464928790796372,0.6565034144158035,0.581862049242725,0.6673272182493016,0.5728383785469446,0.6886584710220955,0.44863598688281353,0.500958664055627,0.5515959922429019,0.4419352239533102,0.510478204809995,0.6232233220201859,0.321640307166376,0.0,0.29558115633615645,0.6961861646302228,0.46982246036285635,0.8583334453405521,0.7081365527451899,0.7696762553007263,0.5934914116761687,0.5817712054927195,0.39746250986032994,0.7725342899813443,0.14059982401377064,0.5967027148376951,0.5947207373605391,0.3385248401084571,0.5276911393593082,0.0,0.0,0.7421570245075997,0.5870325024185211,0.9429941348528801,0.5070229335385279,0.7772092035464332,0.42216539172577877,0.37017459989894996,0.19036632456492336,0.7219376408784033,0.4812035303023583,0.033994593692476927,0.36149513389408977,0.47510437191309285
0.23855363839222202,0.19503078849184088,0.5302929858849408,0.6179878996365449,0.5378719900289858,0.5511452808683384,0.08483643041869868,0.20058576506937642,0.5744399531801752,0.0,0.5079151373530468,-0.24780588739750536,0.12660979351534407,0.7026710415826297,0.3935456861032679,0.29101378971814224,-0.3745844481118447,0.3483029516443851,0.46667500844056675,0.4882868296530005,0.47056165893491697,0.3630988485876626,0.4001229065569685,-0.16759498541207815,-0.5353823350806811,-0.4320342282390965,0.3400127761930326,0.1450175314216064,0.3010883894439237,0.1319217086243306,-0.3585243518595265,0.4795048291675589,-0.2873741902301322,-0.19687913407868807,-0.08354942536853976,0.48988762981460815,0.13362536276817383,-0.23247188711055738,0.26922415019208223,0.250752838195883,0.24952150558058228,0.2759960234434595,0.18785499818837006,0.1885679218945835,0.3945137546412416,0.5649492095629736,0.5220695366811176,0.36350809639219844,0.4786448121358514,0.434639703654742,0.3379161149233806,0.15430103174298812,0.682501359538338,0.31063768247951845,0.09091346678698004,0.34894510992242345,0.06139474439513204,0.40592196339157727,0.0,0.6249931883163056,0.3952365407047155,0.4203812266325806,0.3828591910291074,0.4660026309856561,0.46544365838676705,0.2052297754640719,0.6665837360400472,0.49783254978416447,0.2572539725972785,0.3849173170741448,0.35821896656657326,0.6146748244617581,0.4160454378460248,0.5199310357872168,0.0,-0.26000729079695206
0.4189980046616779,0.4272910930672108,0.5405333144247157,0.7676852524797825,0.5167701809049156,0.5259159419520258,0.5956265666807825,0.8030632156921205,0.35773453341954964,0.5079151373530468,0.0,0.397998809755724,0.5649484380210908,0.6914120132786286,0.0,0.4922386214679604,0.45730025091267257,0.5058629473891436,0.48154787163803575,0.4508186988207471,0.3400352333412156,0.42599514285924656,0.582133925721938,0.28222800928932124,0.31378206791921837,0.38808500732892204,0.512071345774963,0.5829160274541039,0.2570830146135189,1.1865026460653043,0.6765842594281812,0.7192080682704648,0.6626625558975829,0.6646060096677904,0.30733927211623274,0.622004095618147,0.6807952926024934,0.5270266941924975,0.6148165488090658,0.3554620861067519,0.5868774091132247,0.4090986247786318,0.6303292001209924,0.5523946067264867,0.14415191952623696,0.0,0.0,0.7863526682322151,0.4666710352601382,0.6063550013041104,0.7556128939301187,0.6411867614884937,0.5469138832971194,0.7649804797596982,0.2288752185631499,0.7298477112487238,0.3277521122105645,0.6521653077049665,0.6834149619869911,0.0,0.0,0.0,0.0,0.7121746830460193,0.501117334413912,0.0,0.5286111373861204,0.7558397535573282,0.0,0.0,0.8980002082021827,0.8680258110651343,0.5201290485194439,0.39294138100562825,0.0,0.5691637674015582
0.22107626774939737,0.28054158043848487,0.3581138437922493,0.44507976964209206,0.43550750472763733,0.5869524346504676,0.19350147418401545,0.29059588543806125,0.47669624877917116,-0.24780588739750536,0.397998809755724,0.0,0.1523397424612168,0.3627100853296914,0.2339557609164234,0.37878471927941554,-0.37144104480786044,-0.3953428160241302,0.5520090239936495,0.5663113054301776,0.27644993017679437,0.12524998846768923,0.22019364234473113,-0.15174599685918477,0.3041545797458829,-0.3174011077450233,0.4323480740185558,0.20959450996016332,0.4198690027556038,0.08605830745346074,-0.17246750370446706,0.29636008170297323,-0.167480896025489,-0.05501345490342052,0.4000822735121035,0.2173113938812661,0.1227743040802391,-0.06972672971815963,0.3132668064813623,0.3378757082453418,0.22720884736218763,0.25285051674086484,0.386892089123258,0.5905630071812202,0.2587627706179795,0.3693141456550897,0.7305192209910967,0.49856655694392843,0.5814994901852336,0.41589278719695444,0.38690901565642566,0.5338207508034543,0.3506942862051263,0.5058253969543425,-0.07510759904213038,0.3596515585828007,-0.0066601665458690396,0.5737858650322987,0.526969668009666,0.5092946580496946,0.5965944470737461,0.3658430175843872,0.468666249168495,0.24940682345507217,0.4393867163228369,0.37391431646416073,0.14804604958098078,0.6386014251803327,0.23755299164219765,0.38073993827211844,0.32184281134231496,0.4727868854163628,-0.03641368971415221,0.6258784897778138,0.0,0.5428739306656275
0.41937039055060843,0.32580224990978457,0.55080837711189,0.41011854140730497,0.5678149518583241,0.5517025483426439,0.4898156935256299,0.6778446501392537,0.5257997219548287,0.12660979351534407,0.5649484380210908,0.1523397424612168,0.0,0.3040141490459656,0.3086061235863856,0.3749758991302742,0.3583559023965547,0.1413810518432531,0.539599411146334,0.4018766341090271,0.5268441034764929,0.3600000926157675,0.5565575736885748,-0.0786321924850027,0.2972366684920209,0.40497148612125144,0.48690167659276384,0.520573907984871,0.529684269183921,0.37620302691166657,0.4356392019180778,0.5414803164937532,0.6279259558083367,0.5772051963576275,0.7907837397560915,0.6807245965208646,0.640540241542259,0.289611325963557,0.6571287397126784,0.6023989352985436,0.3156365689147617,0.4998005269409407,0.40761430060433956,0.7707166516838506,0.41810445219963277,0.5510087502881558,0.46677720018043445,0.604941821734748,0.0,0.45421307362595886,0.6442694853514759,0.5694361179485468,0.4645298291295146,0.5847959167870731,0.3150237414337246,0.5365029884038155,0.40909769859030143,0.6383853482975538,0.6674527663503143,0.35440184874066255,0.25090369433810616,0.30180420018005466,0.32943275042774445,0.6338414724586596,0.7160104895212118,0.4861205701908919,0.5506319192293184,0.6119862149749713,0.35667342926658074,0.3072857841168607,0.3586612803883275,0.6072551287754047,0.44707496009258946,0.3911121559561719,0.23719724621449442,0.4654731464447365
0.45017315457658125,0.3599158619280355,0.8656762148044477,0.4439850630661028,0.36724268042281794,0.8721233122038192,0.3145768469044772,0.8689141482453813,1.015582204431073,0.7026710415826297,0.6914120132786286,0.3627100853296914,0.3040141490459656,0.0,0.2085433528262542,0.5042450483840422,0.4536817323395089,0.4973810084657845,0.7994248549633092,0.4365170574440902,0.6754747425719365,0.1553828582587195,0.8263907713368766,0.5011016266490896,0.41935384284367894,0.20663515149922257,0.9500044976009485,0.8024848344551094,0.5264623539705383,0.34474606777023314,0.5921284740706483,0.35176013390903316,0.22145554050683927,0.6881874729089118,0.42406072550450996,0.20860150716201148,0.17122534385041444,0.28544188076699517,0.5832723405333966,0.0,0.6158245936905059,0.6736671931947893,0.5249723970440877,0.4720036461955205,0.0,0.0,0.0,0.6817398177201581,0.0,0.5713968865115473,0.5165807326171442,0.5229250292474837,0.4058496034526027,0.5274976219146639,0.0,0.6014568581396185,0.35987523768604734,0.7743216963636792,0.5400598957620895,0.0,0.0,0.0,0.0,0.597656299489645,0.0,0.0,0.0,0.6758471910203845,0.0,0.0,0.0,0.36892029445567975,0.6267508843991141,0.0,0.0,0.0
0.42870317654673673,0.34616827885886836,0.33205609399923175,0.649221668981309,0.1542085481840531,0.6123958187756383,0.32918664725608715,0.3931222204479491,0.6741470284388409,0.3935456861032679,0.0,0.2339557609164234,0.3086061235863856,0.2085433528262542,0.0,0.42554964174162746,0.072553629327328,0.2952384581184529,0.0,0.14064926780787257,0.45422171577143233,-0.08434654000478053,0.04401134559576081,0.21186496329521057,0.4304821614776315,0.30595287867672316,0.06855040943365931,0.32744212089941355,0.25286445294757554,0.3923588485767515,0.4876343224006097,0.456396958740653,0.4909947636917553,0.5965088392813548,0.5637784531937068,0.5896739406691742,0.13125492198925426,0.3801547106601545,0.30752281870097287,0.3718417442079749,0.3780203089430476,0.3470493944608272,0.6418775406090167,0.48560056929050543,0.0,0.4035980953907811,0.34516373434139935,0.2995125262649811,0.0,0.0,0.47746350003681903,0.6234061950598415,0.6150562828225954,0.5796077007665272,0.0,0.0,0.4832329354821141,0.4506938173822613,0.46894029533831966,0.5629826765485393,0.40760002054873,0.5469482067943432,0.4762675152742396,0.0,0.5230946151228533,0.4451114952443907,0.4615636293734412,0.6403911345672147,0.44934569570565575,0.5119962008686945,0.3577661820195456,0.5235159621806316,0.5844583868483602,0.41453013245803494,0.44637035439439743,0.3398238076478893
0.06329055236851033,0.16498811090342513,0.23964516412190423,0.2553431788285898,0.3667380564992109,0.33603143258311896,0.41858947520554185,0.5473044750198524,0.38632017493030746,0.29101378971814224,0.4922386214679604,0.37878471927941554,0.3749758991302742,0.5042450483840422,0.42554964174162746,0.0,0.3255387770465749,0.005331013445193711,0.4505586609570302,0.0937420044048963,0.31946770691835413,0.20844357692107074,0.449519175847338,-0.18712580538408435,0.1440612781502399,0.1224903748441421,0.39795297651333045,0.319655678993078,0.26123272594496316,0.29054306788548734,0.012867140161621382,0.10344489402645946,0.10352874166174761,0.3357295967160175,0.3294292837296223,0.7536467521888376,0.4547739202522286,0.3642677992643454,0.2378990224171788,0.2834491950784128,0.10003351479471195,0.19849895867722872,0.4696859433314351,0.0,0.0,-0.01648377390835082,0.23830171248664522,0.0,0.0,0.0,0.3839773541210504,0.746315148069111,0.569054866832578,0.0,0.6350941743192042,0.0,0.2982593319212246,0.5012695892251917,0.0,0.4212989300345793,0.20374241803531412,0.538919412504182,0.3117186593375898,0.0,0.4098579691332713,0.3240623352285996,0.1722232668434552,0.3465293525178377,0.30616895794921806,0.3840775597678502,0.32202626462105133,0.4741274935356471,0.5938481375065525,0.4135311677709597,0.0,0.0686770303085551
0.18922870257076835,0.4146426058821483,0.440016257830452,0.4176835209631934,0.41635424578786134,0.20984607451607368,0.43154073826354394,0.1201169534823027,0.32790626385641974,-0.3745844481118447,0.45730025091267257,-0.37144104480786044,0.3583559023965547,0.4536817323395089,0.072553629327328,0.3255387770465749,0.0,-0.45228161661499844,0.5951382371619259,0.3117653924992492,-0.02712409102583746,0.4196605554082169,0.32158499241532834,-0.23951363437530943,-0.29083824324848695,0.27142990780350706,0.3163267001945411,0.12510717542703537,0.2063834865021429,0.4773741846246925,-0.30389122875380603,0.3022720203706751,-0.3201079850977364,-0.3518543804174171,0.3403843186912211,0.31302316353690984,0.3467070941324254,0.22470743599179369,0.4936278799974386,0.44288091828668946,0.4191000167123209,0.535427329152095,0.0,0.0,0.5633036259746389,0.44533197615465425,0.39514629230719767,0.0,0.0,0.0,0.0,0.0,0.0,0.0,-0.013095203876642814,0.0,0.37488090813453123,0.2955267288467166,0.0,0.5556776824175542,0.3620096183703103,0.42554368000771325,0.3679625862768873,0.0,0.0,0.0,0.9913110098832874,0.0,0.36185500939682097,-0.12530085813632502,-0.18100916619267943,0.0,0.2508440417017502,0.4687847649132062,0.0,0.3698772867500545
-0.21424524649970023,0.06200839112190043,0.30663027738224663,0.4692198213520139,0.27058740860582065,0.2248265859183206,0.3126313283102713,0.47931293722811164,0.3287628853702502,0.3483029516443851,0.5058629473891436,-0.3953428160241302,0.1413810518432531,0.4973810084657845,0.2952384581184529,0.005331013445193711,-0.45228161661499844,0.0,0.5010221929465744,-0.0477916708094544,0.46975159763531943,0.020823493019056144,0.465318953538541,-0.24740384950518296,-0.17045403533761444,-0.24021280526594663,0.1934000374805589,0.05049062241110608,0.05586688984682203,0.30187777813729094,-0.22099425929478178,0.19928077687956963,-0.06718215780381298,-0.34404321894175777,0.20070834212875321,0.3691147268168297,0.39737131748812665,0.2764740739188734,0.2661895975879217,0.23105673736882756,0.12714705212107524,0.08936602992722226,0.0,0.0,0.4866402174133294,-0.2494940853566387,0.1736280361244929,0.0,0.0,0.0,0.35081243639779836,0.5022964373553406,0.60634931742312,0.0,-0.12808937112662877,0.0,-0.0833033225321465,0.5786513440141435,0.0,0.41937159636773136,0.11777923973168392,-0.17250948514326964,0.10270632697126203,0.0,0.3540386488281205,0.33707348203636256,0.1347462497861952,0.5190138459120079,-0.21493716262051016,0.021377842153928572,-0.20518915829016643,0.4148562977421506,0.6970453026748809,0.25713137973487477,0.0,0.13301800305316352
0.0,0.6742468639993434,0.5867439897934719,0.5676693973208871,0.5618973472372208,0.6220317576636359,0.5320527898473166,0.808359920509927,0.2805148284650687,0.46667500844056675,0.48154787163803575,0.5520090239936495,0.539599411146334,0.7994248549633092,0.0,0.4505586609570302,0.5951382371619259,0.5010221929465744,0.0,0.5030772081667942,0.41964328430871206,0.7082746430410787,0.6083087562906031,0.4048898579366054,0.4515328753369007,0.36362676554313333,0.49776982865706654,0.636886030978938,0.5777052488845393,0.5339379020281766,0.6810838409995528,0.6649495499944204,0.6080216696254759,0.670183711743705,0.2888328025395204,0.5940559844674358,0.5283216951727773,0.4144191477469437,0.6627700670695085,0.4401541619681537,0.28079014050442974,0.3697381721534705,0.6020222844481663,0.6474056889678661,0.003043027576087801,0.0,0.0,0.505307515829313,0.0,0.6259991656002957,0.6222135353155527,0.6961293101311473,0.5843321073430447,0.7771199430840323,0.5935213880764463,0.594564370164866,0.24658878420192093,0.4583983596097926,0.40270159069799505,0.0,0.0,0.0,0.0,0.6256387097108335,0.4697757940566768,0.0,0.48561919963009725,0.7734010204283954,0.0,0.0,0.0,0.7739958135144304,0.5292533928781358,0.4180034339364118,0.4757828586304232,0.4472905120064172
0.5291985204125879,0.45635449357429025,0.32580945456501054,0.5454327307953831,0.5948770946111392,0.2836000588007702,0.39571979904699783,0.4496723686903722,0.45399889461171883,0.4882868296530005,0.4508186988207471,0.5663113054301776,0.4018766341090271,0.4365170574440902,0.14064926780787257,0.0937420044048963,0.3117653924992492,-0.0477916708094544,0.5030772081667942,0.0,0.3643797353755155,0.15445488643362384,0.16440206724271944,0.4983101269441952,0.3756846711052023,0.3291386547123821,0.17252039991049697,0.5005129770035053,0.45521202400469196,0.607863438821628,0.4398994720877043,0.30561939146733663,0.23267096515802407,0.43669702577673075,0.44776067024293187,0.5478556907466343,0.3367162659224714,0.844727685214184,0.33991837688528637,0.33544462456264745,0.45632670163049277,0.39320238733230733,0.6091934801281869,0.5338394275684641,0.33344440814004267,0.5005178169927287,0.08554939739192874,0.42672457037078326,0.0,0.0,0.3937983071799407,0.6008833872426258,0.6234425005460857,0.42119819801025815,0.784275697708382,0.0,0.4133830565970834,0.4994679292991274,0.0,0.4463209380989018,-0.03276175282640226,0.46918574066818447,0.4836731999984151,0.0,0.30053766645036156,0.35117008076348843,0.2716688055276863,0.4287812815332427,0.0,0.16732613284161893,0.22805068780623777,0.4200251499045685,0.525341590418633,0.46295395365573905,0.3525674416706355,0.3728915173634231
0.29261222324999464,0.48839249188140843,0.2551781301517305,0.4535818549691429,0.30381824980897687,0.5775227858792088,0.4649750706428324,0.6079525764644835,0.29996272806358737,0.47056165893491697,0.3400352333412156,0.27644993017679437,0.5268441034764929,0.6754747425719365,0.45422171577143233,0.31946770691835413,-0.02712409102583746,0.46975159763531943,0.41964328430871206,0.3643797353755155,0.0,0.339412643531502,0.5066446095753593,-0.03223418833278008,0.5281963078406557,0.30184654595019367,0.3869427658434542,0.4859065265012061,0.4519057229991468,0.5496222529740176,0.6488819594456576,0.5116934075563053,-0.07925666220851585,0.7114535427375479,0.40826091193325403,0.7473815905809834,0.4473403854033478,0.4850069321352488,0.3707238906393506,0.31499672134642787,0.4199558507285647,0.32638470785252305,0.6285312597207684,0.0,0.0,0.13053113373657638,0.29364894126798,0.40574908302845486,0.0,0.0,0.5001974157550466,0.4371959640501656,0.33731112783922207,0.6938862300510081,0.47985019277315866,0.0,0.7357551644495335,0.47606941810251924,0.0,0.44541515493800427,0.3264618930822244,0.0,0.2653454412437879,0.0,0.3922888215280409,0.3958404412013456,0.2961741589893453,0.47553574090240125,0.4727393641761032,0.359529533697956,0.5206989166299951,0.44448939361373146,0.4111490949967157,0.47713875854548665,0.4213613246575052,0.2971546909180678
0.29870399184001706,0.45504943563415756,0.5927711094861245,0.23977465878194354,0.39965129083729173,0.2951494820530055,0.40395572998490303,0.41789095216454486,0.2764337906186109,0.3630988485876626,0.42599514285924656,0.12524998846768923,0.3600000926157675,0.1553828582587195,-0.08434654000478053,0.20844357692107074,0.4196605554082169,0.020823493019056144,0.7082746430410787,0.15445488643362384,0.339412643531502,0.0,0.26449361031528223,0.06107511529261245,0.41335383352291155,0.23920695227344252,0.4030031607305702,0.45484533756992607,0.27156214770446274,0.5235076046033313,0.49960905096890484,0.42650250202721984,0.2052297904575775,0.5626438814897232,0.42963830648276724,0.5143661319422523,0.5573818865634237,0.42987694683766975,0.25728275096052583,0.23337448206989184,0.3914440779006234,0.3324702304544799,0.5866241703296572,0.4114060712025429,0.3928115358631229,0.2012733592543738,0.08077272646006883,0.4983047719077394,0.47073690240377863,0.3927474850823629,0.4768541004620406,0.6562692720855492,0.4628303801481133,0.630514579870241,0.2595952069595352,0.0,0.4516976271045744,0.5035811778859949,0.0,0.485695261486912,0.09233598835867704,0.28144686082595616,0.09654001286798336,0.0,0.2625666144236911,0.3865096882675712,0.24216510154722415,0.47752066686341577,0.3524231454519412,0.16825687100532918,0.24147207213595123,0.3210156722711373,0.40982438374217034,0.3768085170075307,0.4315115767216459,0.3794297184498022
0.40928399152308853,0.5539905262674145,0.6183994056126486,0.6845080812870825,0.5269258867154464,0.5145677779345866,0.5355093206967272,0.6281405574170571,0.4632425763230895,0.4001229065569685,0.582133925721938,0.22019364234473113,0.5565575736885748,0.8263907713368766,0.04401134559576081,0.449519175847338,0.32158499241532834,0.465318953538541,0.6083087562906031,0.16440206724271944,0.5066446095753593,0.26449361031528223,0.0,0.13974538648236165,0.2747300724282574,0.31351190231537523,0.3039927456295772,0.4985059619811377,0.42771762327577884,0.5684251409378056,0.5891250152751607,0.6386304176374279,0.5868511359368185,0.7112718137041496,0.41833096021904326,0.8730824051224413,0.8450429023034987,0.2619095519514739,0.6113329251051314,0.4623764773499358,0.6128941589093373,0.6273951374010323,0.6245082812094279,0.5999905321913472,0.31923710068243805,0.33071831950374814,0.6053365349154222,-0.021057736672036143,0.3978992825098745,0.7157839603624712,0.6122263345364354,0.6399919997302694,0.6140890988758305,0.6730334158835052,0.5559011030138656,0.6380020891507723,0.3235302199322715,0.5872524472063347,0.3286910099807453,0.49259767604854016,0.5758618162836503,0.4654436583867668,0.39121687361813207,0.12218878713205156,0.47816063967360456,0.49129882186070517,0.3734195736597302,0.7155091357516314,0.3394988226630063,0.4394294101693894,0.4324964765804955,0.5483857746339007,0.5570183225550751,0.5686875497470968,0.566571731533005,0.5288371053975952
-0.342060499892634,0.4453201941978526,0.3872031796594869,0.4129599767432211,0.20970903061631477,0.381941713704432,0.36138547481721106,0.04381447571743216,0.6246325921062093,-0.16759498541207815,0.28222800928932124,-0.15174599685918477,-0.0786321924850027,0.5011016266490896,0.21186496329521057,-0.18712580538408435,-0.23951363437530943,-0.24740384950518296,0.4048898579366054,0.4983101269441952,-0.03223418833278008,0.06107511529261245,0.13974538648236165,0.0,-0.3224810959404921,-0.27129210064594234,0.17699440609121406,-0.18650650994185647,0.43343066700950544,0.5111454378137691,-0.2578867999496415,0.6427920394209932,-0.07100633126423589,0.26759333304603994,0.597051574921838,0.4139603562246774,0.30967336128816225,0.03309851737421832,0.5620781731667412,-0.21530320083318932,0.32827452587239425,0.6050257949310998,0.32856351109336,0.2671804506615754,-0.03401985068832453,0.23361082887352605,0.4631431614372722,0.0,0.0,0.4666510038399099,0.40698073746903585,0.37845024909463676,0.0,0.32587693234126336,-0.007445915320636709,0.5016095142640511,-0.08408844648021507,0.42663977214625703,0.0,0.3395826395665182,0.38802064162439603,0.3302692579982839,-0.18007275214201196,0.47911224241386624,0.4015177420365383,-0.02589376721796935,0.23134567485854973,0.6727798359803013,-0.2075255948336473,-0.21374324431574865,-0.3158295979375815,0.3353845315351127,0.3802579903659057,0.6866323256388576,0.0,0.4274226492284938
-0.18438332224230725,0.25228895467836215,0.12700157007077034,0.7975062408373979,0.4857748173934391,0.3854973969779503,0.39335755007022644,0.15216752844509945,0.16154113784571292,-0.5353823350806811,0.31378206791921837,0.3041545797458829,0.2972366684920209,0.41935384284367894,0.4304821614776315,0.1440612781502399,-0.29083824324848695,-0.17045403533761444,0.4515328753369007,0.3756846711052023,0.5281963078406557,0.41335383352291155,0.2747300724282574,-0.3224810959404921,0.0,-0.10643772998812276,0.6692736795523628,0.18592450943465588,0.2984158097680537,0.3684956623005723,-0.3152058083728639,-0.12971085680917863,-0.33514171147787364,-0.27449698418594964,-0.135283620271562,0.2732807844451699,0.38337540078848376,-0.20213756006135775,0.3449238256305519,0.27845650311117953,0.19139274823953611,0.33902132353622966,0.32346286836512184,0.0,0.393332730081155,0.1931515071028274,0.26811105258780643,0.0,0.0,0.0,0.2885210947557988,0.40094170741982715,0.4225533761220115,0.43596165568640577,-0.0929638072442025,0.4477515782904973,0.05013578957088688,0.32888329850762993,0.0,0.5873220695960937,0.20110332505266415,-0.1346857660125772,0.1672554830057431,0.0,0.6267571064409138,0.4367048777416016,0.20108246064331717,0.28441525075240465,-0.0397699659345126,0.12784659806794663,-0.061570436498650294,0.4076790069651975,0.12145851034837779,0.35495101549265295,0.0,0.050075369307428175
-0.39702085346426447,0.21736018073256294,0.25220898901578687,0.33660018412205894,0.3783718256403665,0.5195991778705693,0.3926464628997711,0.2768613438860044,0.39085092201095784,-0.4320342282390965,0.38808500732892204,-0.3174011077450233,0.40497148612125144,0.20663515149922257,0.30595287867672316,0.1224903748441421,0.27142990780350706,-0.24021280526594663,0.36362676554313333,0.3291386547123821,0.30184654595019367,0.23920695227344252,0.31351190231537523,-0.27129210064594234,-0.10643772998812276,0.0,0.4615918700403676,0.4686850998716928,0.502112256803701,0.20234141191144597,0.1270693254363483,0.2722407735336907,0.24328477101537516,0.38233715504280275,0.463129248592769,0.6743965785788661,0.13716267336943883,0.23938980947427443,0.3075856942128071,0.5415836944903588,0.5603895561968677,0.40879008890406743,0.25343684848344983,0.49687029920208214,0.44397164404832,0.17396447120821734,0.39524238021003466,0.6591653334593206,0.0,-0.0017431330543180449,0.4936793879339235,0.4088569148966065,0.44192654450640567,0.37369289699873,0.395700291522171,0.0,0.41607034422168715,0.5779181102134044,0.0,0.48136364178452956,0.39058278159369436,-0.07801611649584461,-0.09759827386504488,0.0,0.45728392960506875,0.5829583381434903,0.49172020396350924,0.5308520858177115,0.0514370691624359,-0.04707479557236616,0.5979822652401157,0.518211838844844,0.47474579489173685,0.5301219069539148,0.4388242403632837,0.2603374417307295
0.4228144188007196,0.6226540318496491,0.44884827238925606,0.5879131767765491,0.408454713481639,0.5454238912823945,0.43096624454854704,0.5219772967892253,0.5573957029456493,0.3400127761930326,0.512071345774963,0.4323480740185558,0.48690167659276384,0.9500044976009485,0.06855040943365931,0.39795297651333045,0.3163267001945411,0.1934000374805589,0.49776982865706654,0.17252039991049697,0.3869427658434542,0.4030031607305702,0.3039927456295772,0.17699440609121406,0.6692736795523628,0.4615918700403676,0.0,0.44069176672428,0.5548314381872205,0.4968485445378406,0.41430943543473453,0.49940133659190433,0.530808145434655,0.5931332237537041,0.784512631655649,0.6941849128540515,0.6994616378593197,0.3285185635900749,0.5670152538073336,0.3819218286101355,0.6004723633470557,0.5456808191222121,0.9099022947880003,0.6520682813349541,0.1179921801849578,0.22691767689445425,0.2958649531627401,0.7435863615820741,0.4523166442483939,0.76064879108468,0.6159162039131594,0.7213775112581347,0.4939332572159762,0.7298585382490568,0.6055690817955721,0.7598274389726365,0.19615472903207126,0.6317205523017347,0.671846021486771,0.3985566732457112,0.5465215498206212,0.0,0.3424264444068833,0.8656825493180271,0.4631171017757665,0.4143491769424945,0.26445155692056166,0.5495565637486757,0.0,0.309245303833531,0.3171899058551093,0.5388790496016389,0.590180861831791,0.5469546543396681,0.45968390159496325,0.5167466493560694
0.6623001734586258,0.349001679902058,0.6306235298551173,0.11543435192492668,0.794986149694929,0.5987876474960507,0.6217453005269157,0.6739692286998902,0.5931451670968304,0.1450175314216064,0.5829160274541039,0.20959450996016332,0.520573907984871,0.8024848344551094,0.32744212089941355,0.319655678993078,0.12510717542703537,0.05049062241110608,0.636886030978938,0.5005129770035053,0.4859065265012061,0.45484533756992607,0.4985059619811377,-0.18650650994185647,0.18592450943465588,0.4686850998716928,0.44069176672428,0.0,0.5341189628169256,0.5148108807066769,0.5981697877704135,0.5805109724732049,0.8924504241507631,0.5161647017668487,0.34472758717530433,0.2878764827607241,0.10354029740689186,0.13844490662115025,0.7722367308219362,0.4482658476145544,0.7950360756299928,0.4540644151624338,0.358487628560626,-0.049521483518510157,0.42573779384043503,0.3869556055177522,0.43838067103900635,0.4970926007014713,0.0,0.47922824248417384,0.7297735138199664,0.4515055068917321,0.6139091552409695,0.515457055530911,0.32025709619368786,0.4363646670441787,0.401028911763056,0.807332839857893,0.3870427874295924,0.43265515454550163,0.3917764168539559,0.31194423218615,0.37086716391458807,0.5825633526736492,0.6530745906021531,0.44786014941009095,0.35604321665430705,0.6663398019218683,0.2743490526212776,0.34116485818178244,0.2950733921175298,0.6042632704361133,0.6497792073839115,0.575561721247424,0.47832122096035,0.5747106317610635
0.5495196010216492,0.3426424669108031,0.4132102954824849,0.46661925302563934,0.6852392222974552,0.32525936867593563,0.5545567285135959,0.536730871551532,0.46174029944562023,0.3010883894439237,0.2570830146135189,0.4198690027556038,0.529684269183921,0.5264623539705383,0.25286445294757554,0.26123272594496316,0.2063834865021429,0.05586688984682203,0.5777052488845393,0.45521202400469196,0.4519057229991468,0.27156214770446274,0.42771762327577884,0.43343066700950544,0.2984158097680537,0.502112256803701,0.5548314381872205,0.5341189628169256,0.0,0.666530606013471,0.4538062631026429,0.4153025927373083,0.488330425487751,0.6739295740759934,0.35368990993244775,0.6177524988618847,0.48372262850201275,0.49107582822876256,0.571439486537832,0.4253232006696778,0.59282876078007,0.5509468010891148,0.5884108932214112,0.6128132754775877,0.33273069677677714,0.3720283542976106,0.20771471841812214,0.5493430851837922,0.4737837938944609,0.3518899249177432,0.5916820003951904,0.4168868089059567,0.6321774541380579,0.5221701703475488,0.6289578926285013,0.6854512513261386,0.10824003341079463,0.6673231748159665,0.5775870974729682,0.4671569090269335,0.43394367242787785,0.4688427721939569,0.5372470487255572,0.4080991138084309,0.48633390484357913,0.531530983703224,0.3681172430666134,0.572183076255095,0.47158552060231185,0.5718977498890934,0.2780707689823032,0.6008646153385091,0.6073981042586195,0.5708780013856907,0.5107606201422992,0.4908829812836415
