0.0,0.02446894078342665,-0.04647983081908236,0.0,-0.029173381527145992,-0.04991116225875336,-0.023589603080986066,-0.06005894853723587,-0.018032212669032988,-0.053021240090005084,-0.010975647947648604,-0.0008303717252254872,-0.029895107683404476,-0.03539354725579419,-0.05500955509608346,-0.0036173131624664956,-0.0469138846996765,0.001732735289994236,0.0,-0.011236020658997092,-0.04162474761942114,-0.006820215043186306,-0.05007841270733632,0.07975686856591963,0.005674673656011819,0.006961008773707589,-0.04543933525343752,-0.0399517518801189,-0.03558151247559466,0.01565027767574051,-0.0012355798717709199,0.015513711326107793,-0.012952218782852187,0.012673468302349722,0.054345893979622306,-0.03458007979851646,0.0005014835148947072,-0.06375913945973194,-0.06586132896272612,-0.08423136824578598,-0.08014130238523709,-0.0737747756212851,1.030044093536242e-05,0.0,-0.01093335922327937,0.0020324332490800345,-0.038033408365272914,0.0,0.0,0.0,-0.027670614846654007,1.1102230246251565e-16,0.00034090104279199673,0.0,-0.05866116747783212,0.0,-0.12560945685635744,-0.02425964981553358,0.0,-0.14596187518957737,-0.06121817375548372,-0.05166286573796358,-0.0627873919411604,0.0,-0.04666114315632597,-0.11191117002473977,-0.05461848365747185,-0.03465187251164237,-0.04581796777163222,-0.07527851650430833,-0.06640777623511035,-0.042163710925629816,-0.0002310071310286932,-0.03014334620600717,0.0,-0.06680447072317458
0.02446894078342665,0.0,-0.0478458750291173,-2.053479557184712e-05,-0.03765390481253478,-0.0007504382163656675,0.0056290009098213245,-0.027670184015785526,-0.03280461770319415,-0.030181165138696675,-0.027509696799367822,-0.03992095452012073,-0.012608319793025902,-0.007264116804550913,-0.027710997566129436,-0.0020112476966251402,-0.016064983612685102,0.0006287819824593588,-0.014973243396528058,0.01340422177845424,-0.021061540812587765,0.0016474149893473955,-0.01858346835152186,0.00032267331844304525,0.017081615872890754,0.024485630278029136,-0.0012358885844502843,-0.014891774602691421,0.0035182428133674337,-0.013889302003829818,0.01611065043184473,0.024318659897957395,0.014988575472769605,0.02709913078748377,0.05591185171338664,-0.01307199986383134,0.01040063642714284,0.0,-0.024844095165771185,-0.026327613129764782,-0.037319873014758254,-0.04022738752535193,-0.009563367534164313,0.0,2.220446049250313e-16,-0.009676460364287709,-0.014388819890803317,1.853597796919182e-05,0.0,0.0,-0.04043868821100932,-0.0356703645142068,-0.06848793342843357,-0.03351202209983767,-0.026457002666016805,0.0,-0.02207182197191232,-0.049538979835688335,0.0,-0.07351436215230783,-0.03659009298197374,-0.028633252573517953,-0.04004837171579434,0.0,-0.02491930591177466,-0.054173157175159414,-0.023072010584267,-0.06095433057396943,-0.01904498735710697,-0.05129112886152826,-0.02699999538422093,-0.03124645675451987,-0.03464405415854904,-0.010505896831212558,-1.1102230246251565e-16,-0.03346106531621906
-0.04647983081908236,-0.0478458750291173,0.0,-0.05224152993108372,-0.05900830149683467,-0.10063014466651649,-0.08056677933257272,-0.10951072650334093,-0.05240825185457981,-0.07524503834330332,-0.15760683435095585,-0.06170182917184719,-0.08854810147862269,-0.08746928760037143,-0.039069414912414446,-0.031894882011744785,-0.031488327715909314,-0.03653606884823479,-0.07653798877840545,-0.028211858035124382,-0.07015404873464826,-0.05004910957784364,-0.11352840338631659,-0.03698140491158097,-0.04879763786026148,-0.06262190091541392,-0.05688893734696426,-0.08699154269082032,-0.08156350284401365,-0.06907413042596605,-0.09962276537691211,-0.08140446719575378,-0.038921955103409456,-0.09118674643036306,-0.08676278124865217,-0.07015168962440671,-0.06897132612326629,-0.06925905524524839,-0.15621380890473707,-2.1095752189559391e-07,-0.06117977455602991,-0.013598008057428945,-0.13712151979653142,-0.04729505504340087,0.0,0.0,-6.808488487319853e-05,-0.24004478317248887,2.3135065666535226e-06,-0.08469536583139603,-0.06457555175831359,-0.11565270955904172,-0.11165029499577017,-0.08241488907205963,0.0003833136424195027,-0.277954338689522,-0.031685692036254265,-0.11811464069040628,-0.10185937922524146,-0.00015840618661189243,0.0,0.0,0.0,-0.2199611724078903,-0.024544477549708066,-0.014956626602095735,-0.0002655704629593303,-0.09445533997560673,0.0,7.247177127922555e-05,-0.04618332414093401,-0.09703062625492126,-0.1007176510689915,-0.08464329893883998,-0.008885886905439788,-0.0765776268805704
0.0,-2.053479557184712e-05,-0.05224152993108372,0.0,0.049276077226413695,-0.09449727440159772,-0.03307956419337227,0.03962606788332945,-0.08883880636571839,-0.03988717831130545,0.03216189146193865,-0.031460452050992405,-0.07392175372924031,-0.038284449468788756,-0.026319140088983173,0.000560508864792475,-0.003885330397313924,1.0534989451749244e-05,-0.06478171048976417,-0.029882582557638426,0.0005663575693909406,-0.03091490737088365,-0.0891439352203246,-0.01709536441522258,0.0004010989140680321,-0.01999051688653053,-0.033220188749709056,-0.030685365921324537,-0.04560931334501528,-0.0054475828943733595,-0.031103452153590283,-0.037458674275770654,-0.05043771060093516,-0.052205175049303776,-0.06412434114274232,-0.04865776175471154,-0.025104714465021022,-0.0297800040638794,-0.016238217801748833,-0.0001808247246206096,-0.037305589931007854,0.0071384420638698765,-0.0008967231536929354,0.0023179297439326896,0.0,0.0,0.0,-0.0007450617253751957,0.0,0.0,-0.025613635185954553,2.220446049250313e-16,-2.4110726196235888e-05,-3.5430255595936266e-05,5.551115123125783e-17,-0.01108856337643599,-0.007511079849784885,-0.0003499617341800598,0.0,0.0,0.0,0.0,0.0,0.0,0.0,0.0,-2.125840880123908e-05,-0.05488621119173637,0.0,0.0,0.0,-0.044941713725020704,-0.01081466471664938,-0.015641678684326144,0.0,0.0
-0.029173381527145992,-0.03765390481253478,-0.05900830149683467,0.049276077226413695,0.0,-0.08001412841420125,-0.012257965372182156,-0.06875917111147978,-0.029160052612843435,-0.05926714562286567,-0.047196925310090454,-0.06981156503627373,-0.0062321564174563915,-0.03003283308608451,-0.023148582632616987,-0.03378736085748507,-0.05140566702475102,-0.0593136262942458,-0.024501675573148696,-0.014987512785793689,-0.04904976721073684,-0.017326882911515573,-0.07678617107139102,-0.06381396641403725,-0.038717511425556905,-0.04423146223769231,-0.05608576725424802,0.007030499932068779,-0.04428950570877027,-0.045099433998369576,-0.019303982400673603,-0.007603777528427336,-0.0261866473548924,-0.03828712115338767,-0.026024880486655133,0.11164056132630873,-0.017156911745770748,-0.07591051482954536,-0.04285317216638784,0.011796152105376212,-0.023230212105859516,0.010280653349939106,-0.08212927741419707,0.06809138368043627,-6.814935000465372e-05,1.1102230246251565e-16,-0.008609647458256597,-0.09539987194724803,0.0,-0.054086248257929515,-0.0956260315944586,-0.07941712505353743,-0.10108631125454326,-0.07030006873357236,5.551115123125783e-17,-0.09462371017769039,-0.021114580417746998,-0.10095315221475926,-0.05933703503663712,-0.008278529684719649,-2.3603346853806606e-05,0.0,-5.551115123125783e-17,-0.060649834046397955,-0.03290944318488159,0.0001756969217499571,-0.02666230560025945,-0.1051732191957801,0.0,-6.763552857835808e-06,-0.029053151875025385,-0.09332981958156705,-0.07415595604705011,-0.04453890990759907,1.1102230246251565e-16,-0.08663772376017242
-0.04991116225875336,-0.0007504382163656675,-0.10063014466651649,-0.09449727440159772,-0.08001412841420125,0.0,-0.0880217098258842,-0.13237263358023227,-0.11353619798497089,-0.06794490253113084,-0.0816920565340219,-0.05098954601050654,-0.08820357728180217,-0.07275411151249828,-0.05758994399032835,-0.043275656893601855,-0.0494384922171584,-0.032047793212994224,-0.07644354748761922,-0.03769843631110342,-0.09272984754119384,-0.03280963557170269,-0.10573701884477721,-0.04999214798234575,-0.00041115788598627967,-0.03701679707862898,-0.08203205828040566,-0.08248335982564453,-0.06623878757375373,-0.1075322715674028,-0.08848882961638238,-0.0784526927282797,-0.04034577244918358,-0.07508170276187925,-0.04425573533759403,-0.08792010683588447,-0.09795023765362965,-0.05769999626488237,-0.12531240979729058,-0.026108764435423315,-0.11352630780468015,-0.102033252643906,-0.07360652038202947,-0.04604549981632572,-0.008139119912339343,-0.022961026883761115,-0.040091451281896895,-0.14555876389313382,-0.032135859260592925,-0.08370740626410961,-0.1288772061054319,-0.1161262475174824,-0.18037648927139904,-0.15031965636953093,-0.017676659051438726,-0.10073550690540367,-0.03782973945698198,-0.15336508138899363,-0.06474019704922296,-0.06878868210225808,-0.039108870262343665,0.0,-0.026796387724142556,-0.09096665153160644,-0.06288477872272474,-0.08309699150839056,-0.0519801827587521,-0.1371787522611485,-1.7874621527913526e-05,-0.04465927852572055,-0.04503036572969532,-0.1346201957540069,-0.11899852155371721,-0.10682462863676279,-0.07458667545740649,-0.1266938520351541
-0.023589603080986066,0.0056290009098213245,-0.08056677933257272,-0.03307956419337227,-0.012257965372182156,-0.0880217098258842,0.0,-0.09084744358488495,-0.07956798819401217,0.000637160805766479,-0.009118231362618578,-0.04525544548268223,-0.022438090064176686,0.015016232672729224,-0.0245518597232387,-0.03832821850664858,-0.04743214598772094,-0.034138199730708585,-0.005736527870079722,-0.03298946022278865,-0.053058309786305324,-0.028211231673276715,-0.0923330812990632,-0.042844288501936945,-0.019829203493202774,-0.02103058209656944,-0.08439427228652685,-0.03422587023340434,-0.046930824552540606,-0.07789497862357236,-0.02392093296991865,-0.03336187221702536,-0.07168661852035874,-0.026061812269992934,-0.012518710613775186,0.06460370259920156,-0.038354263664976684,-0.04967230496421299,-0.05246796342997084,0.004240618537181051,-0.017400984751487103,0.006418070450218805,-0.07164305619485661,0.0019908745690208063,-0.019907282818449945,0.0,-0.04266097806770258,-0.1024116035504401,0.0,-0.07369919335400021,-0.0958123181499767,-0.1042844511576344,-0.10355861460775473,-0.07537938780860459,-0.024821838292278076,-0.08407012435913153,-0.007472096818629204,-0.0975201419459234,-0.024598374866175277,-0.03311675351683269,-0.03130771510876951,0.0,-1.4623315338468945e-05,-0.06730078010719753,-0.059888440302787393,-0.04688051181052122,-0.04302155477446262,-0.12356449316831358,-3.2500197420626264e-05,-0.029761926454084875,-0.0407625728485706,-0.10188022310648448,-0.08156379429193694,-0.05968076921259413,-0.028036753165615158,-0.06878856306495645
-0.06005894853723587,-0.027670184015785526,-0.10951072650334093,0.03962606788332945,-0.06875917111147978,-0.13237263358023227,-0.09084744358488495,0.0,-0.12980733989242987,-0.04677347144408789,-0.11494688088153582,-0.02843330642102071,-0.09259069693823796,-0.08445345395575227,-0.035815977141664956,-0.04187211435538002,-0.01215474067099781,-0.05890952859765536,-0.08337954845949402,-0.053382230181543255,-0.04768980037911574,-0.03975664629754866,-0.09041023392476899,-0.02234925325892012,-0.052047152015928966,-0.059804013717760396,-0.10469240799646545,-0.08614462496260872,-0.07768590145071175,-0.09311277857679556,-0.09307683424692215,-0.09666920987840971,-0.04813744446568774,-0.08846467536804448,-0.0905691684325543,-0.09371803003849113,-0.023797305432047278,-0.05742174113544962,-0.10798529633768811,-0.04972632129566906,-0.09596152473732622,-0.11344710723357854,-0.1647959277173813,0.008877695128256258,0.0,-0.08260143984619495,-0.033163011051444646,-0.0886294563195188,0.0,-0.038695053252284894,-0.0867681457286143,-0.08683351993712807,-0.06943183889397342,-0.08157805269905333,4.232424313110883e-05,-0.16722018499647257,0.00016076434210521295,-0.09864222657001603,-0.1503000298741422,-0.09714135463135576,-0.018911468514730467,0.0,-0.00012128069331579505,-0.12540999396406638,-0.0876420227740578,-0.2703402049305706,-0.046509755347579174,-0.08351924451523784,-5.551115123125783e-17,-0.031196212575176907,-0.04870319528055744,-0.10644718559952843,-0.0919311531549889,-0.10299513930628418,-0.05107024229205698,-0.07209698896606564
-0.018032212669032988,-0.03280461770319415,-0.05240825185457981,-0.08883880636571839,-0.029160052612843435,-0.11353619798497089,-0.07956798819401217,-0.12980733989242987,0.0,-0.07007266840415616,-0.05893706040122004,-0.07084705961804061,-0.10650660608270313,-0.05948639835517272,-0.054443920502805276,-0.0419576538871243,-0.05409625747118263,-0.0639332565031901,-0.05865894701018018,-0.0772608470643808,-0.06617186939364961,-0.0692364743364588,-0.13055588210049923,-0.06621958901050773,-0.029565664218238585,-0.04608152669196253,-0.09887963467333699,-0.06758459970159902,-0.11464213633914228,-0.16391494829687564,-0.07570606385477507,-0.09196088613905246,-0.07617149605978124,-0.08504122036840683,-0.0814961045166312,-0.061149813200574554,-0.09218583529751079,-0.08894719694209968,-0.07804292259729478,-0.00433275496517499,-0.037138263141508254,-0.03111424335759866,-0.14868660802404088,-0.05694455956446859,-0.030523591102610492,-5.551115123125783e-17,-0.025231102597710497,-0.11992068353380758,-1.1114194023442714e-06,-0.07812521545416296,-0.1361612956122275,-0.1149390806129797,-0.115384286663896,-0.1346516433731509,-0.03153784567002316,-0.11993766241248166,-0.04196540019789857,-0.09227159548767166,-0.08987329056406013,-0.03607482834024339,-0.016962921271382547,0.0,0.0,-0.10267574349768133,-0.043231023245093536,0.004375629084574506,-0.03298161616000239,-0.1392356003419245,-1.3678597399313652e-05,-0.013077715101112108,-0.030426094655714997,-0.1359978001941633,-0.09189248091110847,-0.056776407345105695,-0.025845442519514816,-0.09288761445327243
-0.053021240090005084,-0.030181165138696675,-0.07524503834330332,-0.03988717831130545,-0.05926714562286567,-0.06794490253113084,0.000637160805766479,-0.04677347144408789,-0.07007266840415616,0.0,-0.08896499633412719,-0.050008905343161325,-0.0273042391569171,-0.06214580085930649,-0.024282711113013555,0.005148635129307411,-0.005817428104228972,-0.0005258440047858914,-0.0882367679162126,-0.02078157414511339,-0.024496570783457516,-0.024155634237682966,-0.07781065256853248,-0.05798577974183072,-0.015873739462767544,-0.028376726698773946,-0.05724926312201756,-0.04667444752136818,-0.034975352203477916,-0.03080081216244368,-0.02580178993645965,-0.04425229365482686,-0.04508099716542957,-0.0205956798688825,-0.02440175787422727,0.006673226114396524,-0.033422799249193974,-0.03587654559745093,-0.016139776257704908,-0.05921054075171106,-0.05781348976174744,-0.01435031350361582,-0.04569742373583019,-0.017694513059009764,-0.07260273684656388,-0.06120629868520111,-0.020852579289511897,-0.00012143197519520754,-6.310793333130782e-06,0.0004500431958672224,-0.03822182554474529,-0.04701823043551995,-0.013855372639839436,-0.009051160795471691,-0.07418807459403615,-0.02262890244881821,-0.05922718542469968,-0.04518622784365195,0.0,0.00026772851011280796,-0.017989160772766633,-0.07336808457073374,-0.06113048510887681,2.074390838935347e-06,-3.370360929305649e-05,-0.032455113748508235,0.0020627909492280105,-0.04253861061704456,-0.059372692832874496,-0.07054957347363672,-0.027033839183176367,-0.040050353811227124,-0.03740995980126077,-0.04143782928888401,-5.551115123125783e-17,-0.08271593036133562
-0.010975647947648604,-0.027509696799367822,-0.15760683435095585,0.03216189146193865,-0.047196925310090454,-0.0816920565340219,-0.009118231362618578,-0.11494688088153582,-0.05893706040122004,-0.08896499633412719,0.0,-0.06918647163656116,-0.01623081232356971,-0.034564624642276,0.0,8.425951864543535e-05,-0.04906019700329828,-0.05835386899630629,-0.06924502718827275,-4.927430781093145e-05,-0.04017805341787978,-0.016905726237057495,-0.11297562244612638,-0.07779677807954122,-0.07471125222679326,-0.06109297559772958,-0.0376442160458586,-0.02255225764866642,-0.05549484794926163,-0.01819534091281627,-0.023769733585990216,-0.11102105050970318,-0.06456903202103098,-0.03493997715692487,-0.0019967667960910096,-0.08025908930386694,-0.08034778776501861,-0.09665360983031479,-0.05711083612724821,-0.012308246573876747,-0.061302612342390594,-0.03448197202582648,-0.1733673792459531,-0.046125372214767035,-0.010359128984517962,0.0,1.1102230246251565e-16,-0.0545160673142141,-2.152128090737726e-07,-0.08217018506441703,-0.08770795773516804,-0.09851281567270442,-0.10631525103608425,-0.08562418865152993,-0.028225642821622543,-0.07096585157888224,-0.024901089958125067,-0.07781405949521752,-0.10573695144642409,5.551115123125783e-17,0.0,0.0,0.0,0.10873991260684829,-0.012601428734417108,0.0,-9.409889789308012e-05,-0.14738354840286028,5.551115123125783e-17,0.0,1.0618101195070118e-05,-0.0990777869754832,-0.08445527217064497,-0.00446782484273095,0.0,-0.09537638211761301
-0.0008303717252254872,-0.03992095452012073,-0.06170182917184719,-0.031460452050992405,-0.06981156503627373,-0.05098954601050654,-0.04525544548268223,-0.02843330642102071,-0.07084705961804061,-0.050008905343161325,-0.06918647163656116,0.0,-0.06201392968167657,-0.012670043594825486,-0.03235404849065443,-0.0470642701098089,-0.019123009158706517,-0.017976652840323903,-0.07969186295670094,0.011147443552811387,-0.04495082865716449,-0.0045432778432050736,-0.04709125665315028,-0.04996293608786187,-0.026938791435293485,-0.044391500025101505,-0.049839127813716744,-0.096665462320285,-0.05016105791857661,-0.06209843195479625,-0.026702088318521888,-0.041861576098275094,-0.06637093878094544,-0.0336227888452936,-0.058268816420876224,-0.04626249397875498,-0.05229076844817357,-0.03321927221916257,0.13361010903627107,-0.05112272875943591,-0.0412493108094838,-0.03619274527580768,-0.023593930803606222,3.053997366769812e-05,-0.06770225169174637,-0.06045462801173229,-0.020447125319348558,-0.017811831586023674,0.0022042073608857238,-0.006430326511720819,-0.012823208789030427,-0.013942373331584379,5.7662711931305566e-05,-0.016154468211335704,-0.07339193577700015,0.0014896561640074246,-0.04209603217338115,-0.046700828853603826,1.3597617450067379e-05,1.7893481933817235e-05,-0.032903259269285945,-0.07339958460272644,-0.02293755807360026,-0.0130148562554106,-0.016111252604413595,-0.03406890472210866,-0.00542632787687064,-0.01510358615290558,-0.05932814973760292,-0.06349810560076913,-0.026218122882338657,-0.04367611237423069,-0.018405010882021844,-0.016271612618298292,0.0,-0.09266763224648211
-0.029895107683404476,-0.012608319793025902,-0.08854810147862269,-0.07392175372924031,-0.0062321564174563915,-0.08820357728180217,-0.022438090064176686,-0.09259069693823796,-0.10650660608270313,-0.0273042391569171,-0.01623081232356971,-0.06201392968167657,0.0,0.03251448741843527,-0.04817016227181742,-0.03433276816596631,-0.035689086112576596,-0.03547384959237876,-0.01806249615240202,-0.037069389024214305,-0.07044298315148007,-0.0430061667274349,-0.09379786867055362,-0.04047970229425746,-0.0084263821977284,-0.03420825329139815,-0.09280451711117582,-0.03415924459062203,-0.05099732914602112,-0.0631803760113388,-0.03369970008772527,-0.05051628168634603,-0.04357256134890708,-0.030383504433974085,-0.02049005556590211,-0.017017314870598266,-0.08647996746584935,-0.07183084683543495,-0.058705070253476765,-0.005007061111452382,-0.0079865281160727,-0.01440087045038052,-0.04627434390212137,0.015800855264219593,-0.01850347639517974,-0.028765649163641716,-0.04725163785765424,-0.11818526254311834,0.0,-0.07038887722107512,-0.12090481398363856,-0.10091640756174342,-0.12260328562600153,-0.10291907963817054,-0.03408851913614852,-0.09027493007100784,-0.040689308624060005,-0.0901016275976474,0.003564454881435475,-0.06670283652948528,-0.031077774029124594,-0.02511748817996079,-0.04261555963970881,-0.06661273569272219,-0.07050793749002898,-0.06388144449705391,-0.044589562627367685,-0.12701772110304338,-0.017136917275999308,-0.040514699239857066,-0.04185685510762832,-0.1348917116380134,-0.09336801604381278,-0.08739781455968648,-0.04978390898458579,-0.07646088393666306
-0.03539354725579419,-0.007264116804550913,-0.08746928760037143,-0.038284449468788756,-0.03003283308608451,-0.07275411151249828,0.015016232672729224,-0.08445345395575227,-0.05948639835517272,-0.06214580085930649,-0.034564624642276,-0.012670043594825486,0.03251448741843527,0.0,-0.014716319039758952,-0.000569927104030421,2.891835307899937e-05,9.059095855284971e-05,-0.04791228661981428,-0.006790826742993361,-0.06920817250486772,-0.004659725646992907,-0.09689805915663458,-0.03760703179708963,-0.005854744641981435,-0.052322225477694995,-0.04796430930972995,-0.11881535790249129,-0.03963175676121511,-0.007843305501622155,-0.1086193954021612,-0.12562923995576827,0.004197277545865019,-0.07372741970660696,-0.046639573803807066,-0.06515263869440002,-0.03693001219810954,-0.003997937966939369,-0.05510129764862892,0.0,-0.011558236607004002,0.00034382849905512103,-0.1543008899725418,6.194898031219864e-07,0.0,0.0,0.0,-0.09508328727963633,0.0,-0.07122680396707265,-0.055819084787258555,-0.036033544054853595,-0.17632305977920237,-0.08424149121280039,0.0,-0.10921336905909951,-0.00018994595389221214,-0.01977784015482048,-0.06116664444140413,1.1102230246251565e-16,0.0,0.0,0.0,-0.07737392391059161,0.0,-1.1102230246251565e-16,0.0,-0.14687945357650883,0.0,0.0,5.551115123125783e-17,-0.0887309747253982,-0.02695647324094569,1.1102230246251565e-16,0.0,5.551115123125783e-17
-0.05500955509608346,-0.027710997566129436,-0.039069414912414446,-0.026319140088983173,-0.023148582632616987,-0.05758994399032835,-0.0245518597232387,-0.035815977141664956,-0.054443920502805276,-0.024282711113013555,0.0,-0.03235404849065443,-0.04817016227181742,-0.014716319039758952,0.0,-0.048196152705966,-0.024143197612783163,-0.06048659545212981,-1.1102230246251565e-16,0.0184350750668556,-0.05603387275742555,0.012394828822124948,-0.03634867451871854,-0.029489712245131305,-0.018193366309498693,-0.021775491590506346,0.013500367302504257,-0.043706706956711416,-0.01845121426656915,-0.05249959711034746,0.016620856953582896,-0.0041950357703568475,-0.038070054471769366,0.016590954998204732,0.006135287475279805,-0.033361683098567574,0.0007398454340772354,0.00011420398935874099,-0.07247850093366359,-0.08646213530053365,-0.08364377192300082,-0.0828264298539515,7.210300562637828e-05,0.007224278574727405,0.0,-0.023601340768374668,-0.08037100347999332,-0.04058440157164933,0.0,0.0,-0.09033151703353903,-0.05133116327568865,-0.09767169884400378,-0.01106945303354756,-5.551115123125783e-17,0.0,0.00037757254563247633,-0.07054883968320308,3.5278883457889876e-06,-0.06328968836285392,-0.04598640385547714,-0.00012331641519541803,-0.02472235717223714,0.0,-0.058577225635935815,-0.11379726220525005,-0.07913495394881409,-0.10317223424729943,5.713932938467003e-07,-0.049823207302111594,-0.10685980195697292,-0.07595489475739253,-0.0649536619694529,-0.09323217257833039,-0.052841649943103974,-0.06750272254512701
-0.0036173131624664956,-0.0020112476966251402,-0.031894882011744785,0.000560508864792475,-0.03378736085748507,-0.043275656893601855,-0.03832821850664858,-0.04187211435538002,-0.0419576538871243,0.005148635129307411,8.425951864543535e-05,-0.0470642701098089,-0.03433276816596631,-0.000569927104030421,-0.048196152705966,0.0,0.007003375163091741,-0.009993931391068023,-0.0001606860106824759,-0.010335264474612527,-0.04158096011950557,-0.04796296968172409,-0.06444519261105125,0.010020662469177488,-0.03243681782163771,-0.006877560926782822,-0.02776284022163733,-0.036874094314252204,-0.03436173252042041,-0.027976209958549436,0.013853466021411742,0.009247157401263362,-0.004147820884561226,-0.0042483351560475,0.03232261552094434,-0.006388206473153746,-0.018117541344866872,-0.036854453557506994,-0.06157896828083931,-0.06727114083500135,-0.07533519102831587,-0.07354894523592043,-4.600097230578193e-06,0.0,0.0,-0.027410434102275838,-0.048532958596850306,0.0,0.0,0.0,-0.037906283460180934,-0.03920300573774732,-0.0336516288902588,0.0,-0.01709597047032685,0.0,-0.03893846716790139,-0.036457457514074254,0.0,-0.060060837185662685,-0.056082789223076523,-0.034636965804276554,-0.04155303572717317,0.0,-0.0401871892402213,-0.037010335590155596,-0.05974067165610292,-0.0696302475547757,-0.043638201980523095,-0.060096930409401006,-0.07452553429063374,-0.04764411909624999,-0.04323727607721317,-0.03688555705078406,-1.1102230246251565e-16,-0.06661709167770674
-0.0469138846996765,-0.016064983612685102,-0.031488327715909314,-0.003885330397313924,-0.05140566702475102,-0.0494384922171584,-0.04743214598772094,-0.01215474067099781,-0.05409625747118263,-0.005817428104228972,-0.04906019700329828,-0.019123009158706517,-0.035689086112576596,2.891835307899937e-05,-0.024143197612783163,0.007003375163091741,0.0,0.014442282294283848,-0.04778704783149007,-0.03695406977528515,-0.020869656632822087,-0.02722865480232245,-0.03683435077697633,-0.016268174789700218,0.012386917646012963,-0.019082018406584467,-0.03650089182476013,-0.029529628945858866,-0.032050511305485474,0.002230789763171759,-0.0020196763147358188,-0.019691513473200473,-0.025009424804169178,-0.010318294061638478,-0.019053690755369057,-0.036975943885462825,-1.2755945402342928e-05,-0.03273384471555435,0.007939231165407457,-0.04198456696627245,-0.03623097911132073,-0.04716628237281045,-5.551115123125783e-17,0.0,-0.02354122585086188,0.009250528955551285,-0.008365776928039304,0.0,0.0,0.0,0.0,0.0,0.0,0.0,-0.05234739476144007,0.0,-0.0248639990365232,-0.013073441155687704,0.0,5.138705467117033e-05,-0.020579473022231343,-0.047197772367964186,0.00567509803978633,0.0,1.1102230246251565e-16,0.0,-0.01279511625616675,0.0,0.009895166700675917,-0.037721145077283025,-0.000842259620024155,0.0,-0.01602984212805786,-2.7722800689022886e-05,0.0,-0.01366665682837337
0.001732735289994236,0.0006287819824593588,-0.03653606884823479,1.0534989451749244e-05,-0.0593136262942458,-0.032047793212994224,-0.034138199730708585,-0.05890952859765536,-0.0639332565031901,-0.0005258440047858914,-0.05835386899630629,-0.017976652840323903,-0.03547384959237876,9.059095855284971e-05,-0.06048659545212981,-0.009993931391068023,0.014442282294283848,0.0,-0.032145826275986944,-0.004069311005582776,-0.05547885831028787,-0.026567386867360543,-0.041395562275599984,-0.020776464313130794,-0.028798277371239744,-0.01283180699897285,-0.03161965394348304,-0.03220945954895543,-0.01562841128763065,-0.034081675874114814,-0.0016478282288414636,0.0045635129898417,-0.009525454375063025,-0.003947672353693421,0.02671045344567352,-0.023200978293281715,-2.1259505131931977e-05,-0.0065218537342697225,-0.03907678591976038,-0.041788571837358346,-0.047534108691308696,-0.05099943769928045,0.0,0.0,-0.023743869684362984,0.0026969448466216406,-0.0547362721890059,0.0,0.0,0.0,-0.03561966944261946,-8.965815788058995e-05,-0.00037740295802107804,0.0,-0.03343167526272395,0.0,-0.01805729899884484,-0.043359213371650274,0.0,-0.030299748383597502,-0.039919497533326076,-0.027152991324488007,-0.025680876138011843,0.0,-0.042566599696505725,-0.03772672973692348,-0.03758313951062253,-0.04757664471122919,0.0017941281393615838,-0.03524629960195613,-0.026047081629180013,-0.021819804809641352,-0.04598885049283391,-0.04991667101814218,0.0,-0.03039932188266814
0.0,-0.014973243396528058,-0.07653798877840545,-0.06478171048976417,-0.024501675573148696,-0.07644354748761922,-0.005736527870079722,-0.08337954845949402,-0.05865894701018018,-0.0882367679162126,-0.06924502718827275,-0.07969186295670094,-0.01806249615240202,-0.04791228661981428,-1.1102230246251565e-16,-0.0001606860106824759,-0.04778704783149007,-0.032145826275986944,0.0,0.00037581135892272854,-0.022613315416304958,-0.014901314279793632,-0.1446335443413123,-0.0526888688146086,-0.04312649261750001,-0.065326027418462,-0.07112124509719503,-0.016222865730635472,-0.024326355960676116,-0.053554569188343615,-0.02599830073653142,-0.07852371974631578,-0.05415626132158957,-0.09630202480848926,-0.08956488771773025,-0.09884219686044787,-0.08605000228081705,-0.0693702222780383,-0.06115767804596911,3.3485851138048695e-06,-0.009437849813979826,-0.042886984188366783,-0.13729357946002924,-0.014859320804856246,-0.0005126392785193001,0.0,0.0,-0.09231006878118608,-5.551115123125783e-17,-0.08884180275321801,-0.0901499749543252,-0.08816562374745873,-0.10433852462652199,-0.08746093349574019,-0.00010646851840823146,-0.08739050585532476,-0.028641618947979897,-0.07705582478801509,-0.08985925515505722,2.220446049250313e-16,0.0,0.0,0.0,-0.15834269088050124,-2.3863959924153022e-05,0.0,9.841414210498556e-05,-0.10480155705694005,0.0,0.0,-5.551115123125783e-17,-0.0873570952611551,-0.0715620908910769,-0.042519232830862785,-8.227239204183778e-05,-0.045748794611119414
-0.011236020658997092,0.01340422177845424,-0.028211858035124382,-0.029882582557638426,-0.014987512785793689,-0.03769843631110342,-0.03298946022278865,-0.053382230181543255,-0.0772608470643808,-0.02078157414511339,-4.927430781093145e-05,0.011147443552811387,-0.037069389024214305,-0.006790826742993361,0.0184350750668556,-0.010335264474612527,-0.03695406977528515,-0.004069311005582776,0.00037581135892272854,0.0,-0.030177807206602125,0.0006077880663172275,0.03140002619166826,-0.020982028234312722,0.014045416634352992,-0.026073616017070644,0.015477645251812666,-0.020501701781419357,-0.00041013567092573755,-0.03200360503518351,0.021956634806635345,0.02748720504589114,0.03062380562298278,0.017746447786700037,0.027959551456147036,0.009902331350571947,0.00012869336797738384,0.00012336451556577144,-0.05421301760287717,-0.050126160869720326,-0.05858239702706658,-0.04587409075984,0.0046978371233185046,0.013382737609315853,-0.00020426946952761815,-0.048205583150597364,-0.011015117163002575,-0.08029641381180191,0.0,0.0,-0.08865156571627164,-0.04008714443644984,-0.09197285352352591,-0.05099019242502001,0.00033803527519521426,1.1102230246251565e-16,0.0008296839000971334,-0.07272616603142212,-1.1102230246251565e-16,-0.06952603167124133,-0.04248524767839712,7.317761909486631e-06,-0.036301838103817985,0.0,-0.07001676449545419,-0.09327708563540016,-0.05548702519995741,-0.09906161542260489,0.0,-0.04801069483108522,-0.050997038407136874,-0.07910447445202362,-0.08368813294913457,-0.07777885191744477,-0.051539997620134115,-0.05888743226065446
-0.04162474761942114,-0.021061540812587765,-0.07015404873464826,0.0005663575693909406,-0.04904976721073684,-0.09272984754119384,-0.053058309786305324,-0.04768980037911574,-0.06617186939364961,-0.024496570783457516,-0.04017805341787978,-0.04495082865716449,-0.07044298315148007,-0.06920817250486772,-0.05603387275742555,-0.04158096011950557,-0.020869656632822087,-0.05547885831028787,-0.022613315416304958,-0.030177807206602125,0.0,-0.04062277486157867,-0.07274966772333852,0.030545076931586645,-0.03581689813155514,-0.02401232389727559,-0.03840037122162243,-0.0848037725970972,-0.04596952583741293,-0.07597951049367974,-0.003184993910059497,-0.016641435848653796,-0.03581377457587975,0.0008743900692348983,0.004792291726346265,0.029399914100415203,-0.033540047705104936,-0.008063206598709016,-0.08942355697833632,-0.1125565444823593,-0.058133263058402274,-0.09219639704582755,-0.014988364928219144,0.0,0.0,-0.20547329051588367,-0.0674822386720072,-0.06953120101915533,0.0,0.0,-0.09930616775379897,-0.0786113718785505,-0.08738409283552717,-0.025137481819208884,-0.02655525178334306,0.0,-0.024308866578486632,-0.06799986561423876,5.551115123125783e-17,-0.11042019824230132,-0.05649870337123852,0.0,-0.021997564706668193,0.0,-0.10410581524089729,-0.18284207331156285,-0.09270458271114934,-0.12383469463469837,-0.004754411537050085,-0.06118909223950919,-0.11268759700310016,-0.09836692306011097,-0.0732617489287718,-0.10291652093403147,-0.0502634464254581,-0.06718940978470994
-0.006820215043186306,0.0016474149893473955,-0.05004910957784364,-0.03091490737088365,-0.017326882911515573,-0.03280963557170269,-0.028211231673276715,-0.03975664629754866,-0.0692364743364588,-0.024155634237682966,-0.016905726237057495,-0.0045432778432050736,-0.0430061667274349,-0.004659725646992907,0.012394828822124948,-0.04796296968172409,-0.02722865480232245,-0.026567386867360543,-0.014901314279793632,0.0006077880663172275,-0.04062277486157867,0.0,-0.006101294892287834,-0.015513229001659301,-0.014576060693455462,-0.023785252302722826,-0.006364453037330076,-0.02465459888147775,-0.017422445638011708,-0.014033216554334815,0.01263701428997377,0.015414676077031342,-0.0012076364727503508,0.02373426260969952,0.015318005247778543,-0.021348722547538057,-0.008059836908994422,-0.014434785738388467,-0.03693230112327034,-0.05086670326267517,-0.05186521624959517,-0.05279259251484453,0.00010239773503961658,0.002539614758903186,-5.3492834542923084e-05,-0.03081176888545567,-0.027386814818983585,-0.041225881089072325,-1.939942549267215e-06,-4.72515149880226e-05,-0.06706955136727122,-0.038171794770547995,-0.08469596011861497,-0.049717221034137504,-0.01165640322311623,0.0,-0.020490588295870527,-0.04287915744906495,0.0,-0.08515824734986044,-0.03092912782839985,-0.019077646768674683,-0.04169767205833064,0.0,-0.06201182053543508,-0.08361980670652108,-0.05097194457264104,-0.08801766917209403,-0.015846267942236647,-0.04445826561250227,-0.052307804020141346,-0.07126878988712221,-0.039975600841609116,-0.03298286891651048,-0.004381986761256174,-0.025316619196335766
-0.05007841270733632,-0.01858346835152186,-0.11352840338631659,-0.0891439352203246,-0.07678617107139102,-0.10573701884477721,-0.0923330812990632,-0.09041023392476899,-0.13055588210049923,-0.07781065256853248,-0.11297562244612638,-0.04709125665315028,-0.09379786867055362,-0.09689805915663458,-0.03634867451871854,-0.06444519261105125,-0.03683435077697633,-0.041395562275599984,-0.1446335443413123,0.03140002619166826,-0.07274966772333852,-0.006101294892287834,0.0,-0.044023535183203066,-0.031077851467107065,-0.03457328082084665,-0.027807979489988977,-0.08963132590381712,-0.05134028098158039,-0.0976891570641405,-0.07165626357856048,-0.0672386540908323,-0.023259393381654614,-0.0738546412689402,-0.06457184363636992,-0.12528271446479683,-0.10131244091138975,-0.02271653849929245,-0.10987566528893528,-0.06638513439120747,-0.12169839967088719,-0.12311900248193569,-0.1962823844601082,-0.07767112278815996,-0.008119454397179149,-0.04344336207114258,-0.07097655078278242,-0.08884595971814718,-0.02443968803108154,-0.09946822010314826,-0.10846736322061157,-0.13033279969714573,-0.15869017634026128,-0.12353116918164192,-0.04767311783480854,-0.17614994707348214,-0.046779239377308324,-0.12315504887152978,-0.19651149090207282,-0.0873684439327358,-0.06447066837059612,-1.7801265142391998e-05,-0.04278278938468438,-0.12690733713055957,-0.09972190660188784,-0.15245516330567938,-0.0705273497639255,-0.09737116840109394,-6.860253161589114e-05,-0.06264399636050888,-0.05304774697308523,-0.12044138777160002,-0.11517460500167165,-0.10789260218722241,-0.1420450414789442,-0.11509850759377216
0.07975686856591963,0.00032267331844304525,-0.03698140491158097,-0.01709536441522258,-0.06381396641403725,-0.04999214798234575,-0.042844288501936945,-0.02234925325892012,-0.06621958901050773,-0.05798577974183072,-0.07779677807954122,-0.04996293608786187,-0.04047970229425746,-0.03760703179708963,-0.029489712245131305,0.010020662469177488,-0.016268174789700218,-0.020776464313130794,-0.0526888688146086,-0.020982028234312722,0.030545076931586645,-0.015513229001659301,-0.044023535183203066,0.0,-0.019279866432750148,-0.02542747559102082,-0.06728280151132665,-0.04885231411779617,-0.04313854498140801,-0.008759082791399753,-0.022248151936393512,-0.02495162492726427,-0.02183089788670059,0.005956233835800795,-0.020881512426917048,-0.007307881486349088,-0.021810711593601373,0.004368046716311302,0.0488932728658345,-0.07145834543667379,0.061153189177746314,-0.027441685722209508,-0.010407086993500236,-0.006374862837287831,-0.020586528708180896,0.061446900025358964,-0.03850844985288887,0.0,-5.551115123125783e-17,7.031173608101904e-05,-0.003664146607347485,6.025027469774846e-05,-1.6653345369377348e-16,-0.000125254334104985,-0.07653874961522261,-9.21440112861549e-05,-0.04257255477286043,-0.0246791883088881,0.0,0.00019472524806629643,0.0016531209395762025,-0.009288958896457034,-0.007511243610806184,-8.5683696296468e-06,0.0003153036403765186,0.00436411550877891,-0.03274876331103199,0.00023082657132883488,-0.019456358564914067,-0.03553922091416173,-0.004447980368837423,-0.002307188444231001,-0.009014416665183433,-0.027679094034929907,0.0,0.02343634276204326
0.005674673656011819,0.017081615872890754,-0.04879763786026148,0.0004010989140680321,-0.038717511425556905,-0.00041115788598627967,-0.019829203493202774,-0.052047152015928966,-0.029565664218238585,-0.015873739462767544,-0.07471125222679326,-0.026938791435293485,-0.0084263821977284,-0.005854744641981435,-0.018193366309498693,-0.03243681782163771,0.012386917646012963,-0.028798277371239744,-0.04312649261750001,0.014045416634352992,-0.03581689813155514,-0.014576060693455462,-0.031077851467107065,-0.019279866432750148,0.0,0.010537751038664889,0.0007439873981904821,-0.004167053010792177,-0.000350557861994949,-0.03292662489896331,-0.008919988597759387,0.017691585521545927,0.008098781184563197,0.002826635857481663,0.0351657948972659,-0.013662711302101893,-0.0077957439132087525,-0.014709680465388342,-0.03990346473421702,-0.03994053080816312,-0.041021973874190265,-0.051391006020624685,0.006878239135643005,-5.551115123125783e-17,-0.026807381162853916,-0.008673477735657131,-0.03546848900909999,5.551115123125783e-17,0.0,2.220446049250313e-16,-0.04112912115188072,-0.0378281885057723,-0.04686766764297284,0.0004002970053578747,-0.04503157277189429,-0.000155640749355479,-0.029092556646752088,-0.04508972102779507,0.0,-0.0355552141801313,-0.044437864164844354,-0.02960916446331846,-0.029358097541099415,0.0,0.003546396697471088,-0.04774889716715319,-0.009601117834173167,-0.04877563059851947,0.0008385361020685766,-0.03415384033290403,-0.019525813497470568,-0.05149661564141128,-0.0538754778558822,-0.03329678323512958,0.0,-0.03369559220341489
0.006961008773707589,0.024485630278029136,-0.06262190091541392,-0.01999051688653053,-0.04423146223769231,-0.03701679707862898,-0.02103058209656944,-0.059804013717760396,-0.04608152669196253,-0.028376726698773946,-0.06109297559772958,-0.044391500025101505,-0.03420825329139815,-0.052322225477694995,-0.021775491590506346,-0.006877560926782822,-0.019082018406584467,-0.01283180699897285,-0.065326027418462,-0.026073616017070644,-0.02401232389727559,-0.023785252302722826,-0.03457328082084665,-0.02542747559102082,0.010537751038664889,0.0,-0.01866079067248727,-0.02561314220343991,-0.020047259876380508,-0.04034446165409472,-0.013650051135267793,0.0030311635241522805,-0.01137565026894205,-0.01797072049322046,0.008469647185136708,-0.06944621937689044,-0.0326069431842706,-0.027899123068049148,-0.03188975503955277,-0.06352119748591556,-0.06026437786966932,-0.045062004383393306,-0.039269902978030014,2.259892812545017e-05,-0.08190006080943218,-0.008211209110429607,-0.04884561950354521,-0.05894680337363872,0.0,-3.634324665491295e-05,-0.10395734386992861,-0.04039871453201971,-0.10560886779617751,-0.04862647496256456,-0.05432910761607285,0.0,-0.03195331625577941,-0.05077052805214677,0.0,-0.11261196865406892,-0.05688377744764761,-0.038267079131633575,-0.027634574083019392,0.0,-0.0669412789371851,-0.0957373285852437,-0.06639605941515103,-0.09357445307336765,-0.014358228006318363,-0.03620706029199122,-0.0268354808610487,-0.08119038370243337,-0.05301087286258849,-0.04032264815245412,-0.00026525239436958614,-0.037918204299885905
