0.0,0.02569678352457122,0.037917061830259724,0.0,0.014659593165974982,0.021583704403355886,0.023130410088990305,0.025965332821888676,0.0026518345398777177,0.037153237643888726,0.003560552866875788,0.0062685303851205965,0.006034635487395301,0.04995595609141035,0.024515734415599955,0.02335471073187989,0.015075435410176696,0.025288972192269166,0.0,0.054329232864956,0.030609936790564285,0.0046594229000768705,0.05712018016978626,0.015065183393555337,0.023871412724339236,0.01019310579191196,0.11151668760942829,-0.05038276849794021,0.02515854787123234,0.019272922243193047,0.026469834137574866,0.014071683654503397,0.02198694232373616,0.018709038073308315,0.008208106013394556,0.023090665856156656,-0.0008392048393523477,0.018096996400769616,0.012935436533332734,0.01262446843388737,0.00040999872058272713,0.02648302535502922,3.8011927114112165e-05,0.0,0.081724444653831,-0.01921150895910012,0.029984644120657378,0.0,0.0,0.0,0.013442811631014684,1.1102230246251565e-16,0.026751084480435117,0.0,0.059433544889615886,0.0,0.06449620040187015,0.01590977406773253,0.0,-0.0003505140627924619,0.010657604512152086,0.00992853060733534,0.005003412250815964,0.0,0.009196678113724988,0.06701021779957811,-0.0019559151410864506,0.061767550389359605,-0.07764154229030423,0.0050726918540727195,0.02467215970387099,0.024792179086148003,0.00043299252911788155,0.024270539541254077,0.0,0.004839233397084031
0.02569678352457122,0.0,0.015521570019664754,-7.577997461249986e-05,0.0013735722183438326,-0.0055398551608103475,-0.022014660074989978,0.040730481435714394,0.009945973631382221,0.08385613070783615,0.011312730843968555,0.01356214559731811,-0.017465277606941887,0.014315310715463436,0.012772011736869315,0.029112904813008322,0.030898046809994695,0.03258306159734364,0.016412830798923972,0.02660553034692098,0.0226198644147092,0.01541250231562663,0.03721447259879118,0.020362724982095237,0.022453288694768536,0.03531511050471081,0.017456558968297342,-0.030603705069027654,-0.010853097758701802,0.009726784252310328,0.029912172280088523,0.016547761029954366,0.02294801444049449,0.025409377599579952,0.02798897194005867,0.019645137223483267,-0.0024911013247415625,0.0,0.02647462504157211,0.034270695740654,0.02173512283190604,0.010999226956959152,0.00622523085027199,0.0,2.220446049250313e-16,0.03362049954137364,0.03529313225447267,-0.0005475050932663428,0.0,0.0,0.028599809549983646,0.02085249944817663,0.012320980706065965,0.016069728091119895,0.012555694941389473,0.0,0.01734881989973941,0.030327157556069795,0.0,0.026155954431892392,0.029517498738951264,0.021479469103171,0.03978143455464861,0.0,0.022025045536073762,0.047346173766274646,0.014812630272124816,0.0630645765875556,0.015098748665785533,0.03538787311771102,0.04077925335092303,0.07264946772316577,0.02656140389272832,0.035933289155263226,-1.1102230246251565e-16,0.03293247682740141
0.037917061830259724,0.015521570019664754,0.0,0.02953991007185336,0.0314917677920149,0.06238056290241706,0.03532398481399235,0.08304896914791193,-0.027287647062679,0.03221204068920419,0.042051028855134176,0.03300091512812792,0.049263548253695555,0.055057245668174604,0.039232024261475484,0.01023035092651714,0.026366518672531203,0.01900196411801941,0.023151636129382425,0.011118942081697114,0.05245882020046072,0.022632903534191562,0.08057411815995003,0.011178015144337528,0.029359343267502336,0.03928629320711574,0.00026143033046943653,0.04803227849336339,0.03410861406273147,0.04188697415144499,0.058391172000472946,0.05557461011187281,0.031771584231800876,0.03402211260872129,0.0471038333517792,0.0475768126445123,0.060732603946977104,0.02698319469801569,0.05451351424482348,-7.785008425131856e-07,0.04406858792276125,0.013102334691950934,0.02870491838640349,0.03749824877994107,0.0,0.0,1.0139006358100833e-05,-0.07149540165285911,8.537580433953806e-06,0.09613924945209729,0.0682865354774419,0.08631221098651731,0.06749190962737395,0.005855365742650553,-0.0020694562214410572,0.019841411175657464,0.04247733483063093,0.09744959577524825,0.02623711869181189,0.00027130546913928244,0.0,0.0,0.0,0.030449515441485886,0.0152887434204253,-0.0054066182705976296,0.0005681993373732874,0.0765917166407214,0.0,-0.00019348108710193213,0.033935962003265985,0.07562911534230066,0.03815458215076212,0.03702207619042336,0.009554929262712397,0.058922110828412366
0.0,-7.577997461249986e-05,0.02953991007185336,0.0,-0.011376809083589012,0.024125050756225508,0.026380896735552384,0.027379546343872962,0.02532680458651909,0.016839654971734785,0.018878976376581924,0.000789994224359325,-0.005824822316870482,-0.03906633819979355,-0.01940639416759421,-0.0007584171006897455,0.019191426902775477,3.8877486284172313e-05,0.03734788676912476,0.024992348776911144,-0.00027832324087695426,0.008066616233261326,0.032797487470209885,0.01678349577494387,-0.0002247323961706571,0.0426745166560647,0.033760081996121905,0.03489142987991933,0.023736672781874857,-0.024294176353584274,0.027936495282912643,-0.004481997853926112,0.012116897982526742,0.045207972870570545,0.05668221264375456,-0.04256424649457863,-0.013194042390170135,0.06038478798299607,0.009412478298669869,-0.0010043435473697238,0.03238180782880251,0.008808570058728427,-0.014923944410935197,-0.017815820090975154,0.0,0.0,0.0,0.0012022906344303363,0.0,0.0,0.022087258182213854,2.220446049250313e-16,-8.897630427551206e-05,0.0006600447125543196,5.551115123125783e-17,0.00684878995051591,0.01165442995222521,0.0006826419507416914,0.0,0.0,0.0,0.0,0.0,0.0,0.0,0.0,-7.845033926068279e-05,0.017380098404900624,0.0,0.0,0.0,0.025290661400390324,-0.0030605389517634474,0.0045211751125142086,0.0,0.0
0.014659593165974982,0.0013735722183438326,0.0314917677920149,-0.011376809083589012,0.0,0.022378951577059936,0.017059146532397262,0.03976588020932492,0.015960741879985696,0.015083887698664478,-0.00030064384938771616,0.0017116039852604348,-0.011514353015352696,-0.010214901235449436,0.022193349208582847,0.015672478098567255,0.02395982424941412,0.036125124152220356,0.03949231931280245,-0.0013797278932615176,0.04886151924034604,0.01018186124645809,0.0497070403584452,0.019406457507043062,0.008238619933882751,0.0187884053868817,0.02773585468927081,-0.023896500794988562,0.0025306749407056905,0.03746269600831337,-0.015378833038464546,-0.0009274556025548608,-0.015133000672610364,-0.0011504203605371965,0.024968261614740694,-0.010788636900628562,0.002308265898300438,0.03103796124376257,0.02656266093720422,-0.00962152105395292,-0.009089363921162719,-0.004848893734002879,0.04136877687338897,-0.06912287874756456,-0.00025149293525394967,1.1102230246251565e-16,0.013395630446585371,0.04720307096602272,0.0,0.04959694228838196,0.09192566623190523,0.04302321155839528,0.15189876541734043,0.03190849430766718,5.551115123125783e-17,0.03459929200321732,0.013428094851945183,0.04431004107283826,0.018110871434663223,0.00029369613426150076,6.15586387881506e-05,0.0,-5.551115123125783e-17,0.026685796096791947,0.02256246104875148,-0.00038623490084566114,0.012723181597837474,0.06023290023365513,0.0,-2.495967695714807e-05,0.004026002235425319,0.048615305198489056,0.03869864143375418,0.021123854425029565,1.1102230246251565e-16,0.04404286646630373
0.021583704403355886,-0.0055398551608103475,0.06238056290241706,0.024125050756225508,0.022378951577059936,0.0,0.016967817266816954,0.038990498138796514,0.032440449848409714,0.0336427598251991,-0.013291866076269587,0.03279137566767959,0.043035256987542625,0.03256845112704615,0.005679109494368395,0.01232438838122979,0.027972634564185694,0.014203115764334973,0.017627463423940004,0.01699093456228934,0.032576516665836,0.012982457056140706,0.04970598039618651,0.02271740895050184,-0.006338155548034019,0.007470691950344832,0.04035694654603683,0.03510891607296418,0.023041861868914104,0.025319670271546746,0.02962513533065697,0.029796295386439187,0.018713213502794868,0.012611461321096529,0.022816769887786414,0.026444185753902394,0.03576880656607201,0.024800910292165634,0.05673312112851109,0.019747885312501268,0.07507469987269522,0.003907982591470849,0.06780958380256508,0.01744599846711381,0.024408117530244522,0.0007827353954778515,0.029724742362460588,0.07131213124436497,0.015548010733504813,0.04642846856739602,0.05881496574907863,0.06013776813629235,0.038316852033002335,0.049349198988560716,0.034300324826102624,0.0020785969770348856,0.04584480651610373,0.055872531590067,0.07176612722727554,0.02766817949143474,0.02739887587958828,0.0,0.014756552527086575,0.01192043752665739,0.05201014799653603,0.04716915346763184,0.050065342530050405,0.0673690431125924,-6.596308012168928e-05,0.023673813021879764,0.028028477302716126,0.05999310970449878,0.058671191962438196,0.05386733493720719,0.052267094573066775,0.06212438884279986
0.023130410088990305,-0.022014660074989978,0.03532398481399235,0.026380896735552384,0.017059146532397262,0.016967817266816954,0.0,0.03297126710818049,0.029859471943569138,0.03203213669468058,0.0195149562441414,0.024059356574809232,0.02191170089809852,-0.015592954813924087,0.043193843693155154,0.005070773744246859,0.036426733536914224,0.008216998355976668,0.0454931935107149,0.0025010937720178483,0.03431822759577957,0.00591981135362174,0.05084250858508832,0.025845695625982545,-0.0029773631148460877,0.01767860477913269,0.04249356549055994,0.006350951346374534,-0.003186428193610924,0.01869769805233662,-0.005923746296594257,-0.016445870758730774,0.02340252968002332,-0.015241701607175195,-0.023305474937746706,0.013942302858848343,0.01859348159293167,0.008056974047534582,0.03206601719844954,0.015369913941143731,0.01947892313437516,0.018789738941882128,0.05222937395654437,0.04623145531216882,0.017756401471865246,0.0,0.01993587874669117,0.049392599389729286,0.0,0.04952638188052372,0.05691518431071407,0.045236110189082135,0.021168195252428912,0.04874977133156799,0.014373375835563307,0.05005731369668304,0.0008859193559680456,0.04249757735846177,0.01685497229845756,0.03222747419450023,0.01890559441552697,0.0,-5.396471862745278e-05,0.04397934579284801,0.05652132103821439,0.019514171940384295,0.019437475555274086,0.05664865768366112,-0.00011993614091793114,0.01727093198813323,0.02105418830508715,0.05354244130802488,0.04200306394146358,0.0509204598797674,0.018331700411936103,0.03139608708743713
0.025965332821888676,0.040730481435714394,0.08304896914791193,0.027379546343872962,0.03976588020932492,0.038990498138796514,0.03297126710818049,0.0,0.05425557255282232,0.09048748632058334,-0.04634170433243234,0.038270453321805176,0.04358815104928215,0.043608199677018455,0.032537556045313665,0.030460670879476737,0.013604346821922686,0.03379060743730983,0.0989852094069148,0.011511300906372646,0.03562310727993906,0.01815279038162343,0.02525248239943645,0.027298039939136487,0.0318278781390286,0.02821991811151514,0.07459722479891284,0.04016824029623389,0.019602563686292485,0.024845455907971492,0.037340547904024746,0.03002049655116895,0.027128678364921444,0.016968391457055254,0.017747841307118428,-0.00027301417372677106,0.08288930482339985,0.035555479865049644,0.03248939922885741,0.020332961317581777,0.03672712860798377,0.025718477671877737,0.09442187733133872,0.02960069965656764,0.0,0.03959557918921841,0.030071882724148846,0.06356333457987096,0.0,0.02063106729769154,0.04126973723192573,0.04448138871202739,-0.046112929709683115,0.026179867034993087,0.00015619001702465996,0.02192730325159087,9.822555411276301e-05,0.04238207258833282,0.013699638260433356,0.03282100739596788,0.01871743095877465,0.0,0.0005805878907392259,0.05914716739871445,0.04476499014555607,0.07375714285594093,0.03214807995987373,0.04840154285741527,-5.551115123125783e-17,0.030417011512739456,0.029546834224230656,0.04253898661818273,0.05414186985399594,0.0025131771664503866,0.022123767316757914,0.04077843720925167
0.0026518345398777177,0.009945973631382221,-0.027287647062679,0.02532680458651909,0.015960741879985696,0.032440449848409714,0.029859471943569138,0.05425557255282232,0.0,0.037739106226202024,0.015715960412271357,0.002544392879433588,0.03540344975452131,0.024020650689889955,0.03017790609668697,0.015201431667510201,0.03399304479482829,0.04042338353054087,0.0012881395131912887,0.02399631771636862,0.01471985218755989,-0.0028613967269856544,0.05015658491105213,0.03736924721356555,0.02555670772222124,0.027912499535134194,0.029185017149105374,0.04138801378179213,0.008368734654792709,0.038141342231849173,0.04617274706437974,0.041997084401912244,0.011320657166983328,0.026899837122985604,0.027781456118599057,0.03280567692699865,0.03780119915978131,0.02943255808012285,0.06099826987632001,0.005456144290579945,0.02636570322468529,0.00678570324336758,-0.019173646194411587,0.021412391052876678,0.004829843593954886,-5.551115123125783e-17,0.02355189218005843,0.0686579123486808,-4.101493672192813e-06,0.05798194678853663,0.05090736416261088,0.05843420920882181,0.03574263610976225,0.04655562119206258,0.0204478476050437,-0.018916278171903056,0.03251917182770825,0.06731265617334015,0.03424928289213797,0.03627344158216422,0.015692748773844245,0.0,0.0,-0.004243026842165043,0.03646013479728516,-0.007824994756124248,0.01432172479618532,0.049844991285418416,-5.047840676253301e-05,0.01758336249766934,0.03418544615246205,0.04481449585844255,0.05156016557012877,0.023141175819596682,0.0368295263279006,0.037349596404730456
0.037153237643888726,0.08385613070783615,0.03221204068920419,0.016839654971734785,0.015083887698664478,0.0336427598251991,0.03203213669468058,0.09048748632058334,0.037739106226202024,0.0,0.03353617167913853,0.02143766366161437,0.033016990902371146,0.0048447288301888825,-0.03401992629646583,0.04290492748407926,0.027507189277285127,0.03889725826391921,0.04299521280812307,0.03975686701214681,0.05236159931215173,0.033073807107487474,0.04422526280644312,0.061017771988532477,0.03814974457662146,0.03988935090720891,0.0555080183114387,0.0348656852606834,0.03645607916521265,0.024114870035682856,0.03581748081942393,0.06041063700062643,0.022292695915832716,0.016211902711726678,0.008044574015051154,-0.05388283187478826,0.016139189431918055,0.02934089041925031,0.04855467328897778,0.06310374609727881,0.07635371454410428,0.03534551228812288,0.05112254067656391,0.01931918429644658,0.05141664282690184,0.08873864836011869,-0.00044050983266696875,-0.00044812289293139074,-2.3288849255787003e-05,-0.0010260155699471918,0.033064420203667566,0.06796657894332186,0.0042304336832968414,0.0024694628131575747,0.06910098948496751,0.024022760332835347,0.0732777803335708,0.05898517859625385,0.0,-0.0010236999963005866,0.007031848704399657,0.036933702896462806,0.018465865935501702,7.655166790632162e-06,-0.00012437711627721892,0.019649359477402928,-0.0009531744508548545,0.023541695274689745,0.03434640750617912,0.034999210142375614,0.062099290029777376,0.020896387022727947,0.06106465768167507,0.04221926935906084,-5.551115123125783e-17,0.03708914824800186
0.003560552866875788,0.011312730843968555,0.042051028855134176,0.018878976376581924,-0.00030064384938771616,-0.013291866076269587,0.0195149562441414,-0.04634170433243234,0.015715960412271357,0.03353617167913853,0.0,0.012252070947313953,0.010973297260255865,0.038402497727440366,0.0,-0.0002691855827968159,0.02599849446023844,0.0172471862871984,0.05030580689835451,0.0001345749462470791,0.02985544457679834,0.005608623216561526,0.0190656425983301,0.024091219226368865,0.032127193995463654,0.03763257992094671,-0.013968302591915005,0.02360356160124849,0.019612432093504495,0.002724105319490744,0.04578312923365163,-0.027492730950367028,0.0018320662570121549,0.033147869076201375,0.021081722206265863,-0.018577401718535447,0.037933714513326,0.04683590261951026,-0.09146143081553332,0.0021375283172561654,-0.0016762469324152485,0.005337224373069993,-0.05129266613151123,0.03848403989876237,0.0016464101903580497,0.0,1.1102230246251565e-16,0.07965804052718328,-7.942042152819795e-07,0.038828978344496945,0.0234013220535792,0.0574392888303617,-0.024531303257487647,0.060910154379501646,0.028043653131212154,0.06209080545431639,0.02296659711196125,0.04900403632210604,0.024700960010665962,5.551115123125783e-17,0.0,0.0,0.0,0.034108308751789995,0.01007806009478307,0.0,0.0002780645059246578,0.042571992891880406,5.551115123125783e-17,0.0,0.0005572343155093584,0.03022089419529561,0.0455703327569108,0.030599480874944185,0.0,0.035928199646870385
0.0062685303851205965,0.01356214559731811,0.03300091512812792,0.000789994224359325,0.0017116039852604348,0.03279137566767959,0.024059356574809232,0.038270453321805176,0.002544392879433588,0.02143766366161437,0.012252070947313953,0.0,0.02145565741153599,0.07073066031055159,0.008017743393612442,0.02418876873199427,0.03082616134232169,0.02623315097377943,0.0417178133048095,-0.02758147202449418,0.020264393605320785,-0.00414193932610879,0.06823340937390365,0.03544259014840523,0.026802631079385242,0.03252406775912092,0.026936528167326668,0.03138774681237494,0.014158113468425493,0.06552877963752729,0.031370425570160065,0.01209840316336347,-0.006228825696618923,-0.012290377550811638,0.012575468480081842,0.020249981058148736,0.11594725534507988,0.012396846085117957,0.038983445557726926,0.0555533908975861,0.051773324746125726,-0.007599223735618166,0.01341885710263635,0.027153324318529237,0.019174177201058462,0.031432996178851536,-0.0029828330186862373,0.009447754813733,0.009099989829154914,0.0071742666843158664,0.008079264746131132,0.008618186378525072,0.00040326648377592145,0.014151117236670008,0.0640083616929572,2.0476397563362614e-05,0.08222787590173686,0.028421471119436492,5.017956480485308e-05,6.603268106192273e-05,0.011739768689733365,0.04282939533712515,0.0289908285618809,0.023329951010308603,0.007177787093213761,0.016863449468666192,0.0031670924810979217,0.0016051152939386415,0.041912711530890046,0.0276241480527179,0.056498390541607546,0.01757582849200434,0.09261680247941384,0.00838517167253472,0.0,0.05229430299364868
0.006034635487395301,-0.017465277606941887,0.049263548253695555,-0.005824822316870482,-0.011514353015352696,0.043035256987542625,0.02191170089809852,0.04358815104928215,0.03540344975452131,0.033016990902371146,0.010973297260255865,0.02145565741153599,0.0,-0.063729397488901,0.015739124503410695,0.01800810469652636,0.03340647353367765,0.020594857119472565,0.04857163214527993,0.02182562807596733,0.035880280090410555,0.014801428358200364,0.05596417778453616,0.046483724540766214,0.0007015701448142009,0.01089570372705706,0.05032808536255662,0.03276640332867364,0.01696433766726202,0.04424904792041917,0.03312867357153543,-0.0023266583245258876,-0.02576194506365681,-0.00017928659529042879,0.003661625158580206,-0.01220921549594367,-0.015319057334054975,0.01801953602190598,0.06544965368078415,-0.027842704330015067,-0.028533504995064296,-0.026548474146312284,0.04520470331949339,0.025899919760277113,0.007871888733601062,0.003790954400074653,0.018903174935184786,0.08420392468914717,0.0,0.03702710894098016,0.056788334265636065,0.044566127248182874,0.03317464650102997,-0.011811906928550886,0.016358838485342697,0.057723906086420584,0.040203063822049356,0.06334139134450611,-0.01076890162088917,0.0506722337286184,0.02454352740210991,0.020383955719403823,0.019338795685962473,0.03891316431489733,0.05501125509342347,0.04576909799631512,0.05616237084801495,0.06666624410551708,0.003948843438157712,0.025023915225400817,0.024267237818323573,0.06157269680708566,0.06002936781766077,0.03988419806604826,0.029545093928353916,0.03149053466694318
0.04995595609141035,0.014315310715463436,0.055057245668174604,-0.03906633819979355,-0.010214901235449436,0.03256845112704615,-0.015592954813924087,0.043608199677018455,0.024020650689889955,0.0048447288301888825,0.038402497727440366,0.07073066031055159,-0.063729397488901,0.0,0.014544305369234067,0.0012396275162392945,0.00010671798774353203,-0.00026813841403267036,0.056058969449495344,0.004718563605994819,0.020583032547354718,0.014404000200015088,0.02626151346253447,0.03972297284279391,0.005377116418339656,0.03110232968783827,0.07331359560208078,-0.041668762156702066,0.00046286638712050854,0.015510074248742789,0.024666032558060602,-0.06986868032362087,-0.023556686426870088,0.017075974977804498,-0.1215411458799181,-0.012434128253724641,0.002934458370249693,-0.02065070790598217,-0.136823160839052,0.0,0.0035810373293818643,-0.0006007175539784471,0.020035574663356592,2.2861158460174558e-06,0.0,0.0,0.0,0.04536819931443664,0.0,0.020241452698205098,-0.0015075910910052892,0.040966298493190334,0.007273881209602762,0.03744970880456905,0.0,0.03411048833837049,-0.00035640847865997527,0.011093853396219877,0.007055823527157279,1.1102230246251565e-16,0.0,0.0,0.0,0.03500789084553829,0.0,-1.1102230246251565e-16,0.0,0.024562022828927665,0.0,0.0,5.551115123125783e-17,0.054516181602356384,0.021993950876202095,1.1102230246251565e-16,0.0,5.551115123125783e-17
0.024515734415599955,0.012772011736869315,0.039232024261475484,-0.01940639416759421,0.022193349208582847,0.005679109494368395,0.043193843693155154,0.032537556045313665,0.03017790609668697,-0.03401992629646583,0.0,0.008017743393612442,0.015739124503410695,0.014544305369234067,0.0,0.02169026395859741,0.04447546462909141,0.013399436420192035,-1.1102230246251565e-16,0.057214347403222565,0.01734526106721157,0.03404373625716012,0.061128131328125224,0.019611174094065542,0.0206176464929681,0.06974042868010544,0.07987232003051964,0.023634185583214562,0.0007911524161696715,0.007822097775821824,0.007501843559859889,-0.004321308913315169,0.023051773863316583,0.008048169161081309,0.01191032936260239,0.007552137684489979,0.013902489015944652,-0.0002644844977686689,0.03690388148383522,0.03824880247470641,0.04304347818090398,0.038001982990598315,0.01629846237828403,-0.006697734443960934,0.0,0.06481198411018985,0.032827698234316416,0.03896502819415343,0.0,0.0,0.021377725192926966,0.023466058477316143,0.03225977663134105,0.0038272032364289332,-5.551115123125783e-17,0.0,0.00936190203725229,0.039395258881776696,1.3019038263228921e-05,0.08704545209720371,0.04217051993806209,-0.00045507708027092697,0.02986573126313702,0.0,0.06738490959364796,0.02249641233956129,0.0530656176082116,0.07444608359797111,0.00011924872710900036,0.021050032042402855,0.060220091505472806,0.060206948094488066,0.05696104595579682,0.043094793317767166,0.04459604450761423,0.0339916130771058
0.02335471073187989,0.029112904813008322,0.01023035092651714,-0.0007584171006897455,0.015672478098567255,0.01232438838122979,0.005070773744246859,0.030460670879476737,0.015201431667510201,0.04290492748407926,-0.0002691855827968159,0.02418876873199427,0.01800810469652636,0.0012396275162392945,0.02169026395859741,0.0,0.038538722251144686,0.02539100179881798,0.00037815486216741245,0.04590943218476623,0.034081770542880196,0.022622170646295736,0.037441520046436305,0.04349639148004808,0.03534227317978755,0.033605598741947074,0.034188657516569965,-0.01416321847861679,0.03140681706792131,0.004803441433595235,0.03426117893414432,0.03101994331695651,0.03464580822569274,0.02837286488965246,0.033035742956779135,0.008243223926853283,0.013354953511748535,0.02854495681131891,0.027935100386518363,0.026114794848035472,0.024388831508447117,0.004152754605786013,-1.697583256315971e-05,0.0,0.0,0.035266716535217235,0.03319392055773368,0.0,0.0,0.0,0.023826824816756242,0.013850107824371072,0.021264697026004087,0.0,0.01850117712113536,0.0,0.02641103481523638,0.030103430164989953,0.0,0.019378654585590294,0.024997268932162253,0.016117634104993506,0.02638674456925938,0.0,0.0184045220766918,0.03730130521244601,0.027214816005075693,0.03399982028776105,0.03303994613183714,0.017611404439883127,0.038012325998219965,0.02012867042132388,0.0352189662231856,0.025777022233299474,-1.1102230246251565e-16,0.027777855786420835
0.015075435410176696,0.030898046809994695,0.026366518672531203,0.019191426902775477,0.02395982424941412,0.027972634564185694,0.036426733536914224,0.013604346821922686,0.03399304479482829,0.027507189277285127,0.02599849446023844,0.03082616134232169,0.03340647353367765,0.00010671798774353203,0.04447546462909141,0.038538722251144686,0.0,0.026605855116889343,0.011342360543038221,0.05266053816478394,0.026288038326540863,0.031391803428014065,0.029130217853775675,0.031423507484032887,-0.030884043175377573,0.01956599162876982,0.03501860803969575,0.03914667222976326,0.0361719575027874,0.015795232771317724,0.03804654577077654,0.02592918429944774,0.03783317464781327,0.03053671200146324,0.004418595028846006,0.03409049128012559,-4.707352529342845e-05,0.008104295965661146,0.04892415911910175,-0.0033221552497323392,-0.016759293702998168,0.014573638000754341,-5.551115123125783e-17,0.0,0.0032751904236582585,0.025224687744598517,-0.0053404245317343335,0.0,0.0,0.0,0.0,0.0,0.0,0.0,0.01583110608766558,0.0,0.012827012486060885,0.008100147712273076,0.0,0.00018963469515709264,0.007726632194465177,-0.0008804758245682942,0.00926970865677168,0.0,1.1102230246251565e-16,0.0,-0.016630693978930078,0.0,0.027312816045816923,0.00513667060048123,0.013203724900328007,0.0,0.03596952040532836,-0.00010230601639277248,0.0,-0.011180152447813174
0.025288972192269166,0.03258306159734364,0.01900196411801941,3.8877486284172313e-05,0.036125124152220356,0.014203115764334973,0.008216998355976668,0.03379060743730983,0.04042338353054087,0.03889725826391921,0.0172471862871984,0.02623315097377943,0.020594857119472565,-0.00026813841403267036,0.013399436420192035,0.02539100179881798,0.026605855116889343,0.0,0.028849716307847217,0.039574266870402885,0.030089520735388176,0.02837510525809639,0.03623102939202516,0.04200936032237512,0.02426863966462145,0.020202906407496446,0.02855925586585789,0.020708039463752603,0.02393643081670832,0.044930652427222884,0.036990529476210954,0.025639896484163482,0.027008870269821905,0.02652608519255345,0.01802705688800621,0.010139059415754825,-7.845438507270153e-05,-0.005284814312457808,0.028221282221379762,0.02033607909201035,0.024169856964555092,0.009763569648901071,0.0,0.0,-0.004302325734896029,0.030828887557763918,0.027854009607173602,0.0,0.0,0.0,0.020235026851860127,-0.00033086732732290347,0.0010283016473124906,0.0,0.020509247896801308,0.0,0.029571174374575404,0.029509592942493723,0.0,0.02720996043659729,0.027898583303619384,0.020876528784457005,0.022361144861396176,0.0,0.0344005819288592,0.036910313512608595,0.025712245791649546,0.025701525493212696,0.03093110821462286,0.01790151950147867,0.020904686839537612,0.030393978560508683,0.01847983555523164,0.044520661664060435,0.0,0.0254191303648586
0.0,0.016412830798923972,0.023151636129382425,0.03734788676912476,0.03949231931280245,0.017627463423940004,0.0454931935107149,0.0989852094069148,0.0012881395131912887,0.04299521280812307,0.05030580689835451,0.0417178133048095,0.04857163214527993,0.056058969449495344,-1.1102230246251565e-16,0.00037815486216741245,0.011342360543038221,0.028849716307847217,0.0,-0.0008419837829069521,0.013985730093419468,0.014561326911614492,0.08780282278422152,0.013859990212364504,0.025364969928182435,0.031380006022462215,-0.012093239124482347,0.053201097992391144,0.021170360545937794,0.01855103473575226,0.0623423175250471,0.06375070765537671,0.00599409311266591,0.04306237259127044,0.03963015417587845,0.0473415941746933,0.047864640449749696,0.026440284344466325,0.05128007095710463,6.085310133802091e-05,-0.02102004226832105,0.028914172296233165,-0.029019530060340137,0.024071918358558098,2.4988020543903477e-05,0.0,0.0,0.13155178991773947,-5.551115123125783e-17,-0.028873224157606125,0.07290604553712454,0.07944720702847796,0.07308572337067454,0.08606068998794025,0.0002555148804842533,0.045038742670454546,0.030922932714488316,0.08828097874293261,-0.09740086060967301,2.220446049250313e-16,0.0,0.0,0.0,0.027220575127731184,-8.806565767205399e-05,0.0,-0.000282728554149847,0.07522151526501042,0.0,0.0,-5.551115123125783e-17,0.061208757595680896,0.020234803011558,0.031378963780384295,-0.00030361148512136893,0.026717531224151658
0.054329232864956,0.02660553034692098,0.011118942081697114,0.024992348776911144,-0.0013797278932615176,0.01699093456228934,0.0025010937720178483,0.011511300906372646,0.02399631771636862,0.03975686701214681,0.0001345749462470791,-0.02758147202449418,0.02182562807596733,0.004718563605994819,0.057214347403222565,0.04590943218476623,0.05266053816478394,0.039574266870402885,-0.0008419837829069521,0.0,0.024764379533355585,0.035621680283689616,0.0797127016682519,0.007971366806921787,0.018787916504141022,0.05643904613133088,0.03896076619349398,-0.014045269980512143,0.012902925046121283,-0.0022344892997084864,0.004435451715602057,-0.009910281424505452,0.004210242075187942,0.003555786680731088,0.0011393049194987626,0.004389639537611401,0.009056917913760787,-0.015221111023904721,0.05658070364071599,0.01248844155239287,0.06376833659088327,0.06806736469331504,0.008145665515313871,-0.005365647090603998,0.00024421854702655343,0.012210891043780148,0.011604699460666057,0.0568774346412233,0.0,0.0,0.06121790045255382,0.03220963232244589,0.0903331264472148,0.03250440120534048,-0.0001860636307801644,1.1102230246251565e-16,0.007663772833331972,0.06850618521213464,-1.1102230246251565e-16,0.03986325328150314,0.010696163420794158,2.7004885915615784e-05,0.011704173968036635,0.0,0.07232697424089762,0.03820889049683168,0.0257282832733029,0.09498695587940914,0.0,0.034138761972814013,0.05444647531917762,0.08913641235072195,0.0722553956623086,0.06368697657356054,0.05745005054726071,0.08041527179500518
0.030609936790564285,0.0226198644147092,0.05245882020046072,-0.00027832324087695426,0.04886151924034604,0.032576516665836,0.03431822759577957,0.03562310727993906,0.01471985218755989,0.05236159931215173,0.02985544457679834,0.020264393605320785,0.035880280090410555,0.020583032547354718,0.01734526106721157,0.034081770542880196,0.026288038326540863,0.030089520735388176,0.013985730093419468,0.024764379533355585,0.0,0.015501943663616902,0.052064512769213755,0.026835757352609124,0.03362028093857106,0.039476359417465245,0.06697916349627092,0.02858688766000239,-9.439537167910128e-05,0.04764780099742544,0.023304501453525583,0.008420383264043096,0.03249470727541054,0.017132641928683745,0.006756854378257626,0.0008016816490070688,0.009870378200874663,0.013711499008160544,0.022916484027502793,0.03042873664028073,0.035681694880290604,0.015694255793235468,0.03414597463362906,0.0,0.0,0.035779672775145877,0.04068247528871699,0.02369814694375688,0.0,0.0,-0.002516369410557384,0.020964527103115027,-0.046451905750050204,0.005713061269259689,0.05142990579823803,0.0,0.005029085125030308,0.035364937204872104,5.551115123125783e-17,0.03766537149646931,0.02844912075427125,0.0,0.04607384258065966,0.0,0.04646032236724473,-0.020975899657372676,0.03239841435421448,0.053440704701527675,0.002934437192882944,0.043993384574470606,0.05217978092751052,0.05617301858834539,0.03626244511401833,0.034703645908926994,0.07404286810344518,0.0166121163792593
0.0046594229000768705,0.01541250231562663,0.022632903534191562,0.008066616233261326,0.01018186124645809,0.012982457056140706,0.00591981135362174,0.01815279038162343,-0.0028613967269856544,0.033073807107487474,0.005608623216561526,-0.00414193932610879,0.014801428358200364,0.014404000200015088,0.03404373625716012,0.022622170646295736,0.031391803428014065,0.02837510525809639,0.014561326911614492,0.035621680283689616,0.015501943663616902,0.0,0.05430809154469218,-0.027204067338985616,0.025846388658035624,0.04068615586821056,0.02971285496461268,-0.04039845615502813,0.020821574874028692,-0.10865108802464823,0.024147918161036896,-0.0015721558286728166,0.023270387891771938,0.0085362012614138,0.00693317819090139,0.015482114865219498,0.015111130725192878,0.006605651185259964,0.027014393759082378,0.04144798164439384,0.03064347311105059,0.026011873855063317,0.04916968047393916,0.0015796253151276196,-0.00019740569753490256,0.03989718153495392,0.0303766400768144,0.015097773849029605,-7.159009526747084e-06,-2.201011814029208e-06,0.008156033022887532,0.023056469814504266,0.01737894571884574,0.015906956801411132,0.028101045358496057,0.0,0.010022104810030852,0.023071931493551856,0.0,0.04102283586374422,0.020824033103856554,0.01941145503509567,-0.0005581387017385975,0.0,0.035083117740320136,0.025698536700317243,0.033060501167974654,0.04380909426125146,0.023410216619289215,0.033802191029291384,0.04382022538269925,0.0478381714738641,0.05541668979849179,0.02725261036399429,-0.0035366732087684927,0.010345511496093862
0.05712018016978626,0.03721447259879118,0.08057411815995003,0.032797487470209885,0.0497070403584452,0.04970598039618651,0.05084250858508832,0.02525248239943645,0.05015658491105213,0.04422526280644312,0.0190656425983301,0.06823340937390365,0.05596417778453616,0.02626151346253447,0.061128131328125224,0.037441520046436305,0.029130217853775675,0.03623102939202516,0.08780282278422152,0.0797127016682519,0.052064512769213755,0.05430809154469218,0.0,0.05515439786320708,0.04027874133997783,0.049043828755285734,0.03628098829712334,0.054650730790362034,0.04437893440769036,0.046655701482229084,0.045567405678035355,0.039693875666554856,0.05364969078217724,0.030747293945933785,0.02855758455836288,0.02698595814366711,0.04284092237819409,0.012507545438604495,0.0552417961528765,0.06717988627647864,0.05998263688190664,0.067408746218175,0.06289616804413733,0.06611421852842198,0.022008016624036564,0.07088691270935077,0.05224601774911797,0.1071069006865421,0.0177267951448134,0.04764328175113741,0.05555132294612142,0.058711101745751115,0.044281691221753905,0.052513537150833844,0.027963742853163998,0.03940238730209322,0.03624637859857699,0.05894831474154372,0.10103673936650792,0.06393474943436894,0.03257275894655043,-6.569237155706897e-05,0.012160817070936414,0.08348084645281323,0.08335618358249924,0.08096141247699296,0.04593916070254006,0.07943148343433515,-0.0002531653205902762,0.029641922609340954,0.06332281715826354,0.06682442616422218,0.06784093556980181,0.0621999696538702,0.060915678889803315,0.06784213966969355
0.015065183393555337,0.020362724982095237,0.011178015144337528,0.01678349577494387,0.019406457507043062,0.02271740895050184,0.025845695625982545,0.027298039939136487,0.03736924721356555,0.061017771988532477,0.024091219226368865,0.03544259014840523,0.046483724540766214,0.03972297284279391,0.019611174094065542,0.04349639148004808,0.031423507484032887,0.04200936032237512,0.013859990212364504,0.007971366806921787,0.026835757352609124,-0.027204067338985616,0.05515439786320708,0.0,0.03167719364765914,0.019244602289741675,0.028572597180386072,0.05092020843425088,0.03637202555746177,0.013640266146601965,0.05015342608058587,0.07472740359727736,0.012640440140101628,0.028908077636450147,-0.009839308499384802,-0.048926219655928804,-0.006615197500611403,0.028031982809464562,0.03502094656340604,0.009062134726930515,0.05417761702244722,0.11947975607319011,-0.001337206036370775,0.004556251653652088,0.0007891753357495146,0.04380304649925687,0.021203222830521617,0.0,-5.551115123125783e-17,0.00025947283266197774,0.013099966403436358,0.00022234281665994837,-1.6653345369377348e-16,-0.00046222862191891423,0.03646253984061282,-0.0003400409228089263,0.04667443627757584,0.0005039000749655909,0.0,0.0010133197937400307,0.03303549894173724,0.03269672005268415,0.02448002697118995,-3.1620029074141964e-05,0.0003908556131584917,0.027977564322692272,0.045205990134390805,0.0007930500685609521,0.03501551212495668,0.024779011990232025,0.03682225631006053,0.0012055500429360433,0.05459949839366407,0.020255699229122515,0.0,0.027840920828478777
0.023871412724339236,0.022453288694768536,0.029359343267502336,-0.0002247323961706571,0.008238619933882751,-0.006338155548034019,-0.0029773631148460877,0.0318278781390286,0.02555670772222124,0.03814974457662146,0.032127193995463654,0.026802631079385242,0.0007015701448142009,0.005377116418339656,0.0206176464929681,0.03534227317978755,-0.030884043175377573,0.02426863966462145,0.025364969928182435,0.018787916504141022,0.03362028093857106,0.025846388658035624,0.04027874133997783,0.03167719364765914,0.0,0.020755575986913632,0.009104872109817974,0.0012211252826020425,-0.008249007290655919,0.023357873261976525,0.03509303230668204,0.026649883828285648,0.030309405681994916,0.02483646689578728,0.02404499757114975,0.03303683787603984,0.0020581805426280186,0.02650294710226314,0.03364780465147171,0.028969812687431318,0.033590841911140645,0.01091898885683229,-0.004334881952016367,-5.551115123125783e-17,0.09556866821837973,0.03470259171087392,0.03936168877864005,5.551115123125783e-17,0.0,2.220446049250313e-16,0.02658566275739893,0.020156152938863303,0.0257667174147464,-0.0012228723571141575,0.04218600277269596,0.0006874621608087272,0.044969273976359636,0.035656913842072535,0.0,0.0375828935474567,0.03491292135077734,0.018466279761476356,0.024383389300141167,0.0,0.048661829450427796,0.056281463686291555,0.027099186070805803,0.08088770332618545,0.031460381507780744,0.022817228608444262,0.030688140421710863,0.006117466731986487,0.022457019577043436,0.00794668421128275,0.0,0.03170138564325098
0.01019310579191196,0.03531511050471081,0.03928629320711574,0.0426745166560647,0.0187884053868817,0.007470691950344832,0.01767860477913269,0.02821991811151514,0.027912499535134194,0.03988935090720891,0.03763257992094671,0.03252406775912092,0.01089570372705706,0.03110232968783827,0.06974042868010544,0.033605598741947074,0.01956599162876982,0.020202906407496446,0.031380006022462215,0.05643904613133088,0.039476359417465245,0.04068615586821056,0.049043828755285734,0.019244602289741675,0.020755575986913632,0.0,0.038613768110266955,0.041450693694767116,-0.001932382076321515,0.031158689048502608,0.03332699720658133,0.023586872655692204,0.02843137596006734,0.032717733271363625,0.04629988014324954,0.059847064790627125,0.014932343258557967,0.030857583871326144,0.0392333713064314,0.02603901901246558,0.03078010027141498,0.025352488143588703,0.007709095812423128,6.173974018308659e-05,0.1280382820401041,0.017759802208911435,0.040578280763109764,0.024651266062107158,0.0,5.145962011510186e-06,0.030566035368205235,0.028458063012269885,0.013609587975177861,0.008502627406994923,0.042904298273611086,0.0,0.04519038901320355,0.036661334269596224,0.0,0.05778230683719565,0.021671906155526777,0.028288378936785652,0.01402166648362535,0.0,0.05402347443944816,0.0652900942403335,0.041111667006903274,0.06309752779744521,0.02826083314943295,0.014881131427017469,0.035945776441189514,0.06651489205733724,0.022261752345355046,0.03536159842030012,0.0009605781653497236,0.025783284190282585
0.11151668760942829,0.017456558968297342,0.00026143033046943653,0.033760081996121905,0.02773585468927081,0.04035694654603683,0.04249356549055994,0.07459722479891284,0.029185017149105374,0.0555080183114387,-0.013968302591915005,0.026936528167326668,0.05032808536255662,0.07331359560208078,0.07987232003051964,0.034188657516569965,0.03501860803969575,0.02855925586585789,-0.012093239124482347,0.03896076619349398,0.06697916349627092,0.02971285496461268,0.03628098829712334,0.028572597180386072,0.009104872109817974,0.038613768110266955,0.0,0.04901135980385524,0.017984560881605605,0.027799934349981514,0.0314524777168409,0.02952860925420553,0.030535078417435524,0.026429129376609573,0.02306791070524511,0.030132004487891828,0.038958645818016224,0.027580704669849576,0.05360257319986661,0.08519135133422034,0.058293247161355366,0.06455381124611387,0.023972348270513144,0.024209577912946034,-0.002131801408836398,0.032966032386278266,0.019673949048620798,0.07071244803807175,0.013565248094270232,0.04791315383734951,0.05936215476286433,0.06906109235866098,0.05589735028026194,0.05587742319584832,0.021153275279450212,-0.015582417700362894,0.0488477907798342,0.056764667036830696,0.04946100207597992,0.07037508352987343,0.02425519000505927,-1.1102230246251565e-16,0.007352380452561591,0.00949119177494373,0.08282091924379986,0.09239870615375867,0.05267089520286017,0.07408737663400511,-5.551115123125783e-17,-0.0008887287656349496,0.04940562102593998,0.06716621133242484,0.06340525545449727,0.061675287923542876,0.05741391607607593,0.06679795592269988
