0.0,0.5627393795615356,0.07788682553998924,0.0,0.14388280732908898,0.265761401350341,0.24343665721108101,-0.0570957066972701,0.27641295746956773,0.2443843680387576,0.26632547181140753,0.003416281523163117,0.21332926581490352,0.1554621671880023,0.3448881861625083,0.7235389692653142,0.2475503538731651,0.5279686788950528,0.0,0.2890962068733683,0.1295977061112438,0.5462649007902287,0.022811786774291076,0.16932087224961334,0.37354496520693387,0.44981557879407763,0.2284254448647955,0.1802613782508874,0.33216117786755683,0.2518336311315339,0.40133735152696765,0.5116661287761028,0.35200613027600774,0.21676742809126895,0.2531497320765744,0.06366113629122805,0.45449254352901813,0.2958654688123865,0.3090468675052081,0.3549756011512448,0.29134217471515317,0.03228492589392551,0.48405846697715765,0.0,0.333676311797928,0.42365554228622904,0.3260961725106445,0.0,0.0,0.0,0.3301756472152496,0.0,0.347474146283021,0.0,0.5077970630639725,0.0,0.44285980322750834,0.3442529119141343,0.0,0.29665397033310437,0.35813344239011324,0.17504713808684522,0.40440398865667765,0.0,0.26889157877493397,0.4717152066253947,0.3095016642576979,0.32912454679018055,0.4869189921832636,0.42841881691473793,0.4423958944013891,0.3131508088986464,0.47144863969040574,0.5999101033966265,0.0,0.23819013100188413
0.5627393795615356,0.0,0.20025600494593976,0.376154018778701,0.43830585705610053,0.46053682627424697,0.405067137741771,0.07658134457481047,0.36323769250214044,0.24032699307584227,0.08445990980565055,0.2857753616988857,0.4742247793685733,0.2807594223072502,0.4539314149534208,0.48936598404851694,0.8354630316236711,0.6151216175299861,0.40270216179171314,0.35171470190732396,0.3598481437366853,0.5178125387236592,0.3433688194563615,0.46106871479616984,0.4276894055234517,0.3932986070372705,0.4144480874365432,0.5238399125256439,0.4437087142013084,0.4468671129263312,0.4588497342473597,0.48860695138418203,0.3488312376130307,0.34236644360007507,0.40417575242574244,0.4612824361647313,0.3530985071330651,0.0,0.20683191757801997,0.34736969040701376,0.20638798211919113,0.20312787337430666,0.3935683062271166,0.0,0.0,0.40079458338145385,0.2664244118623687,-0.028760648600862977,0.0,0.0,0.5468937220426737,0.1485473470808314,0.21076568373788288,0.07540024841829263,0.21904146868774033,0.0,0.31786886392984326,0.10818332271102213,0.0,0.17092180264766668,0.3082590998304373,0.3321498456564176,0.44945989058894853,0.0,0.266554766012746,0.29754985649441845,0.27967702887902846,0.04070034047720633,0.2999798238272576,0.3538551278523899,0.3998949635713064,0.18697507614578054,0.2651901188184178,0.5234590425629877,0.0,0.30733710587056573
0.07788682553998924,0.20025600494593976,0.0,0.3299748397639137,0.3507344809284084,0.2152800184631356,0.25502452038487256,0.40380958220713736,0.2657803462253113,0.22345696732539178,0.3808046967138685,0.2544753647091666,0.33922878945843304,0.43063097342358336,0.17241222108612686,0.09754494411647052,0.3472586721151518,0.27510853099805554,0.390708065657416,0.3129056421599108,0.23231999068959483,0.26934083194361425,0.30750072293343106,0.19311844261858907,0.2681760760298808,0.08109722458999119,0.3411476559327764,0.45135068466292694,0.5353060131958218,0.5175484623983848,0.32385304589515485,0.336622493317585,0.16202937886578322,0.3960179956379245,0.44175566386843806,0.541982222977659,0.35093959608983116,0.40302327267985205,0.28477281590156606,0.46437208579633216,0.2266728395080541,0.4242335820968045,0.37060573863591745,0.2851968660442243,0.0,0.0,0.38524313096603613,0.5420451651812833,0.4643746295745608,0.4056284580746955,0.2387199944188117,0.05055892658602401,0.4493388220242341,0.437921207052003,0.3766604735057216,0.6322119884768883,0.3840126799415412,0.30845452165669246,0.31992032902959633,0.38887804388155595,0.0,0.0,0.0,0.5008265161342222,0.2267801066728637,0.2301472440321285,0.2978221306028459,0.3440169875167811,0.0,0.5445308321868081,0.0958658336538194,0.25505042332134165,0.20529149110869915,0.3364929705327653,0.44454008051503463,0.218690225523814
0.0,0.376154018778701,0.3299748397639137,0.0,0.747075656952835,0.35531645331550576,0.6072282706570405,0.5868663735091799,0.2735456011717695,0.4769869614214811,0.4508523876586389,0.44757970155322446,0.4965062438758705,0.452144271518379,0.4504646541161842,0.24078726270999706,0.35038336832908346,0.4797392162735421,0.42136823817669017,0.4076179447895346,0.459289437331595,0.3544316031727003,0.23464214017704565,0.1315255754971813,0.781149451258804,0.361724245875936,0.2734559772014947,0.34807325244369625,0.1564243198217631,0.7433930157239459,0.4615539659105592,0.4694089406842673,0.19421686346912143,0.19716861324361395,0.2834532722558346,0.2679660609388976,0.34577306185281953,0.3364289408011152,0.2903201111325918,0.3603030456835955,0.16665489933045716,0.4509435447205874,0.457527568673028,0.1902819499985957,0.0,0.0,0.0,0.47497927879445256,0.0,0.0,0.21358791129841964,0.0,0.4765872579121876,0.3677910298791042,0.0,0.1840697443650015,0.3178701789266619,0.49536243304935645,0.0,0.0,0.0,0.0,0.0,0.0,0.0,0.0,0.44951688674701407,0.3166401215194109,0.0,0.0,0.0,0.14586265628662815,0.29564473241459305,0.24186229864108227,0.0,0.0
0.14388280732908898,0.43830585705610053,0.3507344809284084,0.747075656952835,0.0,0.3367705672621209,0.3525249149353903,0.30946141605027877,0.30004549353073995,0.5250155066897946,0.4227941583336673,0.41994486845480244,0.5124884637471977,0.551442422713048,0.2928071356180401,0.2947904867457929,0.21478940537678115,0.11720596051126092,0.47399391228604226,0.3422828321114032,0.31796334913598434,0.3280011843793438,0.09281828787182378,0.16065908005128107,0.13289238064873135,0.11340329600102647,0.23379850171263766,0.47091662003265616,0.4031267480722446,0.2857684313087496,0.2901163246677576,0.33449607927533287,0.2467421362681717,0.3189620867044964,0.18014752163836342,0.471520527292029,0.7973251366509013,0.18738295549850448,0.32764960640087265,0.7738660920382852,0.2990561229146661,0.30437789757225153,0.4749374055840535,0.8155325243560727,0.3508120013353878,0.0,0.22099982612515773,0.32299915268076546,0.0,0.35662668827900124,0.2877214345279757,0.11841412006949326,0.2863294338204849,0.3278639937831028,0.0,0.33875981620129403,0.24129213618521805,0.27638368307063116,0.37327633460189547,0.20223473324826594,0.49798458182811944,0.0,0.0,0.3550334065550578,0.07283269460898045,0.4444141916359708,0.09061398471122517,0.23243492246423245,0.0,0.46365703095119826,0.22148359389263872,0.2700104794900781,0.2811085782142588,0.30578489960509425,0.0,0.32450667959040913
0.265761401350341,0.46053682627424697,0.2152800184631356,0.35531645331550576,0.3367705672621209,0.0,0.3359158533327335,0.2057363298622497,0.29673838989293055,0.3243735836545759,0.345331484198068,0.2371553050748837,0.4342983326571637,0.29774898411684747,0.5208704670713957,0.443285858103977,0.3105392856454021,0.47387581105860926,0.4115160601833209,0.4491504441027271,0.21910027742310328,0.33323869593112754,0.3100042798895599,-0.06160335119032165,0.4962533949667418,0.4146038799899563,0.42039095794783776,0.5663947749181901,0.3979689839051805,0.4589973665042986,0.40416830905205664,0.22653422061464415,0.25579783341445356,0.4234601885806645,0.4100562030030024,0.15716049021807582,0.3584304852831758,0.20225410505108388,0.027220613770889635,0.1265009920924698,0.09395203451998999,0.31474960835148436,0.11369904598884817,0.29678258760969534,0.13703492713961238,0.29200838067382007,0.2183564480043486,0.17743896214050453,0.361898789692233,0.21301958871499851,0.17308108637044772,0.24120229135504814,0.3141708611124591,0.22124613667181683,0.21292730365073298,0.24248237799665812,-0.011323705065400869,0.1831370479396725,0.46837838276074617,0.27715064938257106,0.1921011528493347,0.0,0.32182790609946893,0.10350059829606528,0.26393752938868786,0.14496247349505215,0.2584676190214557,0.15433042398787616,0.49997280602395733,0.1872717247887707,0.2257711380025268,0.12337948780083724,0.14947484477947384,0.019625832876789984,0.27278474115134516,0.13821838375890427
0.24343665721108101,0.405067137741771,0.25502452038487256,0.6072282706570405,0.3525249149353903,0.3359158533327335,0.0,0.05136942428831298,0.3303979616144259,0.3145747117868719,0.3082328725270575,0.19987672297414164,0.36123934647562905,0.4061767754345108,0.17483427102568672,0.3637948498185667,0.17374010345541613,0.30761458212421705,0.24430169892646492,0.30704437892402214,0.14692035856983804,0.3264488919667185,0.0998108379248055,0.2520033098367043,0.4219114049424286,0.37791752791524946,0.18006563073458248,0.5438202307290795,0.3968660015742937,0.2304549163472624,0.3420975390140395,0.37335704107812706,0.1722970107800523,0.05300668171781425,-0.08508761542352697,0.6787153257875802,0.5908497225463951,0.19359585240250038,0.3410264745825774,0.49434578963509823,0.44879273564254424,0.45892877569216217,0.32770797450890365,0.7149554197365366,0.4259191231145425,0.0,0.1267747496127781,0.19838619949161226,0.0,0.24424786762956205,0.0272024173552724,0.12755981212227802,0.18609155377692038,0.3205258231286445,0.35987648795527694,0.16770456649643695,0.42111530597444086,0.17609804946595708,0.2576146817337058,0.16621273116605123,0.36339892442085375,0.0,0.48210340805962815,0.4736289770200419,0.18934724173726883,-0.1714123071032494,0.11333082907414554,0.0998954723822294,0.4629907321676652,0.1924144541262709,0.23363623489786958,-0.0006703693855951154,0.2277438344481385,0.21725682666586915,0.2907637439101622,0.2679573378111322
-0.0570957066972701,0.07658134457481047,0.40380958220713736,0.5868663735091799,0.30946141605027877,0.2057363298622497,0.05136942428831298,0.0,0.301602899913348,0.4463880264269322,0.4299622122219901,0.42416796969496995,0.14792564068818484,0.7633355213603126,0.18352162277284434,0.20921022352005425,0.26052686892925797,0.16648737890151022,0.3903108195970696,0.17989495421605434,0.189326956129238,0.16592632303782984,0.3047705932696691,-0.13109620982825537,0.0583856675035086,0.047096417435990245,0.2750366568829795,0.09793895245379208,0.1714359753738237,0.16064791229559316,0.08217873879905335,0.06826391958164241,-0.04111107925897889,0.10131883561501692,0.12477627418763768,0.6445050835821438,0.33951261507203,-0.0058656803498174925,0.14269965585036615,0.2823852435029313,0.08014717705304475,0.25105543335256003,0.4602328482770478,0.4366341057901612,0.0,0.3905452998547228,0.22575989103891783,0.3238129284698349,0.0,0.3861300839128575,0.3125891869152094,0.21382011528981998,0.3746465364883653,0.3269611636620425,0.6618758210214271,0.4203008744833604,0.9298630054258545,0.2713117269725034,0.36719730626409863,0.4272626913133371,0.13055255792806275,0.0,0.614556567142717,0.40043945059903996,0.25536025713169175,0.3737301862468977,0.29471210963763295,0.28851983131286474,0.0,0.13408521289168068,0.3120366821688396,0.20484141124210808,0.26625256734062897,0.17385828997591266,0.18426697699077038,0.12991997707080144
0.27641295746956773,0.36323769250214044,0.2657803462253113,0.2735456011717695,0.30004549353073995,0.29673838989293055,0.3303979616144259,0.301602899913348,0.0,0.22519744437801215,0.305621088150076,0.32268438423270585,0.38805259201422476,0.37725235484182373,0.1855195205325313,0.17438959686562372,0.32852335901645185,0.12250508902579635,0.30820788771745966,0.4155088134039627,0.23650693782458293,0.3562850476820063,0.21589948913884977,0.41073405795148743,0.24152202171434559,0.3415150425087683,0.31806742653940656,0.3029040145719133,0.43323751670138727,0.4685496006702655,0.19671421640156828,0.263422638022225,0.28693099379377307,0.2343378240769492,0.18703033029929422,0.2220818194409179,0.2506087096312226,0.11825943998744709,0.19915703747442073,0.39251235178072547,0.2251856968224655,0.27126176305299166,0.2500608720146474,0.3361008851650371,0.25777830266482815,0.0,0.25255861338557273,0.17174772177602854,0.4588293857425091,0.3695371995747247,0.1416614953241791,0.2925921476124014,0.37020519561148324,0.26862363464366523,0.1278475301663668,0.3011711458075391,-0.11299385246875515,0.34464367124580686,0.3145568011974456,0.15156377031494006,0.33167673891618665,0.0,0.0,0.24425412723903533,0.10927830581609704,0.6609430259911502,-0.018967913145868487,0.27862776560602104,0.4013877895274688,0.3970981459955003,0.10971983392936785,0.23413938615058272,0.29688792561740784,0.41600316096292833,0.3675757995076998,0.3099205690743597
0.2443843680387576,0.24032699307584227,0.22345696732539178,0.4769869614214811,0.5250155066897946,0.3243735836545759,0.3145747117868719,0.4463880264269322,0.22519744437801215,0.0,0.30017494754121954,0.2860548268728275,0.553413007446584,0.45814231479449574,0.39084359211725095,0.34149920393125677,0.4912275680225653,0.6491687178169159,0.24348192405250807,0.2644992040400364,0.4734896371956814,0.4300314994441659,0.017705839014659053,0.3566071826684768,0.5911170003811324,0.3856109024214679,0.2207582464732986,0.6741210527435284,0.28882221946195175,0.2709638535934926,0.773444153868963,0.355271859668965,0.6332436639103178,0.6431420322338152,0.376003424225125,0.35025945414390913,0.49519453539196995,0.48327058191809896,0.17111294099540297,0.016295282326865335,0.24458496192740842,0.19648798550115137,0.08298245986197977,0.22691385328260544,0.3542082075630538,0.5997093864286923,0.19055777313333763,0.35465899366838227,0.4507951889042001,0.4129175342066987,0.1313580353853523,0.16940139138028992,0.24177796141894703,0.29678119815089143,0.43715602785669805,0.15228789482247485,0.41395939445739316,0.345942146051992,0.0,0.57902900764515,0.5348515381471404,0.656216762906142,0.6230607650183866,0.4725800665103554,0.47683061290432494,0.3841171534308662,0.38582886360030777,0.31905214591474995,0.6325904157158246,0.5993651696414514,0.542136991514906,0.12625073722420466,0.40137739135088524,0.1649694665485244,0.0,0.5280166814958237
0.26632547181140753,0.08445990980565055,0.3808046967138685,0.4508523876586389,0.4227941583336673,0.345331484198068,0.3082328725270575,0.4299622122219901,0.305621088150076,0.30017494754121954,0.0,0.31409394738621244,0.3123443378443146,0.5640147540107062,0.0,0.46428045792808653,0.2234170710655755,0.24457426400893081,0.3156881777802002,0.4986531399456965,0.18355456389836516,0.16672539570166822,-0.11092496596636592,0.3157934877755052,0.3394441262558128,0.420738618735339,0.33649862035428435,0.28263356840540554,0.3028016780755111,0.26259045052099816,0.2091706270388078,0.4717523973653407,0.3895946827158958,0.2684278292251976,0.1795126709430827,0.6196069092651171,0.4647556833262323,0.24372411499959784,0.36880920972662157,0.25380681069764677,0.2803990648291106,0.23696527259576639,0.400155578644569,0.28674743477754505,0.13577934916265605,0.0,0.0,0.17885895572455346,0.4750697520190805,0.20715539376993233,0.28689855485542726,0.2083605858597513,0.25315832894796286,0.3470798941871379,0.20350078355299933,0.2991644276710034,0.1866212756429845,0.2828520470912018,0.23638160012396403,0.0,0.0,0.0,0.0,0.12825241105122237,0.2398702390511876,0.0,0.5654499338728831,0.31324487851445904,0.0,0.0,0.9245678147718476,0.3184771519316477,0.2618996402659711,0.3064207727625019,0.0,0.19362508370598588
0.003416281523163117,0.2857753616988857,0.2544753647091666,0.44757970155322446,0.41994486845480244,0.2371553050748837,0.19987672297414164,0.42416796969496995,0.32268438423270585,0.2860548268728275,0.31409394738621244,0.0,0.3781620423826767,0.5569084643772299,0.17496832121368625,0.500351049979769,0.5810840617745683,0.626168663771911,0.40982953914897186,0.2657967685301576,0.30882592528453595,0.22597924519765178,0.28231130887294076,0.15536153326502936,0.4510201548820888,0.2873208458152456,0.17635033444245596,0.5701601016823772,0.12063407360895728,0.18187933347597504,0.4825061025897076,0.3310923885974335,0.5457642798293546,0.3220910170292877,0.3390004425616049,0.37224295789737516,0.23337457646983087,0.35470040925396845,0.42069708440290565,0.08256511233289632,0.18572947018200836,0.3593929880653604,0.2793047010046162,0.1444180279467605,0.1820910381196339,0.4974919449516675,0.19779894287246114,0.08830415162123795,0.4179522693208666,0.21771563042555858,0.3245212673932567,0.4127635873274828,0.3752497453461708,0.2139175613065828,0.41458932585977837,0.07335384846797305,0.552361533783077,0.27706952056564316,0.5280093290177227,0.5217197908499182,0.4040773430665635,0.5610864203019389,0.5899964046815,0.2956777158768691,0.26224671468895794,0.40024849456077843,0.3635778694955446,0.3120038799569408,0.5447756230992685,0.4720305406170917,0.49640136762425857,-0.030131654491416637,0.6128982376993996,0.23190093445726123,0.0,0.43600041321949173
0.21332926581490352,0.4742247793685733,0.33922878945843304,0.4965062438758705,0.5124884637471977,0.4342983326571637,0.36123934647562905,0.14792564068818484,0.38805259201422476,0.553413007446584,0.3123443378443146,0.3781620423826767,0.0,0.47660466826013137,0.568241637836034,0.433191690752053,0.4142733870262654,0.48231770479796665,0.2691420934307939,0.44839654366371934,0.15746221849590558,0.3931114666441413,0.23508717683447458,0.309204616877473,0.49726285749274335,0.44609818500535336,0.3237894242521334,0.5470570919582358,0.5751513298798705,0.5480166337236911,0.3987373388400204,0.553070578267042,0.47425905266957924,0.28588952290945213,0.20021416049024005,0.7363361512734364,0.6495693901284365,0.26656523116847397,-0.0405600610977177,0.32198049140589735,0.3678866045413445,0.49428938766805897,0.37343694547542705,0.4360101706413141,0.3020111236385454,0.3485614424035357,0.28075619332396334,0.20668875859758323,0.0,0.3033159571261031,0.12091743062048549,0.121216465184842,0.1426184892980893,0.23652197092233426,0.35217573511968414,0.24849109567493086,-0.049572974688093574,0.1526672705025896,0.4941689919426301,0.273304586352048,0.19666197532049884,0.18684891665170542,0.12071304581309833,0.3499801069202256,0.1963273863420306,0.3164290243230729,0.20162237765501922,0.08533351047738325,0.3998798978594743,0.18652891505857921,0.13571174240373446,0.060240131992734425,0.2095609365364367,0.23709383316621727,0.2594078377764537,0.1899697007053373
0.1554621671880023,0.2807594223072502,0.43063097342358336,0.452144271518379,0.551442422713048,0.29774898411684747,0.4061767754345108,0.7633355213603126,0.37725235484182373,0.45814231479449574,0.5640147540107062,0.5569084643772299,0.47660466826013137,0.0,0.34670645292111,0.5750238707543528,0.46332949673516566,0.46249916767061483,0.4536489497129519,0.5151461626991711,0.35365260454069236,0.19959796760213125,0.4975852402077454,0.33561513792202,0.46851600547614797,0.13713905549911753,0.5478250448124335,0.33513244591084257,0.1739219476980336,0.46555201190294626,0.36606434231208435,0.29375231835657667,0.40344590173404005,0.4575510586674829,0.4646169023268483,0.47531784468817606,0.17894805704500966,0.42491355496756583,0.3903065022551856,0.0,0.48776174023920227,0.6393044485555999,0.6207814125084913,0.4636857314040284,0.0,0.0,0.0,0.33154566360078586,0.0,0.31688053750349005,0.2981072317298247,0.3728072203749191,0.4514836858386646,0.015598103707108568,0.0,0.2284541720530906,0.357144820186437,0.5067473130905761,0.27193119318369813,0.0,0.0,0.0,0.0,0.341006622693882,0.0,0.0,0.0,0.501915256289121,0.0,0.0,0.0,0.279548650921457,0.3722290772759541,0.0,0.0,0.0
0.3448881861625083,0.4539314149534208,0.17241222108612686,0.4504646541161842,0.2928071356180401,0.5208704670713957,0.17483427102568672,0.18352162277284434,0.1855195205325313,0.39084359211725095,0.0,0.17496832121368625,0.568241637836034,0.34670645292111,0.0,0.5000376336068332,0.2732468146941499,0.41248489053477894,0.0,0.6063965740413602,0.3585271095256032,0.46288389394548135,0.32532338720225445,0.19658604767011098,0.33985963179326795,0.5857009508368767,0.33133271048348567,0.2134225129072985,0.41180937560008957,0.2832741530461639,0.2594082592252988,0.19854516053776608,0.19271621967901836,0.18334751600803806,0.20046265181958295,0.4537504496693464,0.22168295729815174,0.36184780459350985,-0.025200504216313757,0.09773827927373491,-0.03220856365461333,-0.0720952028946451,0.36666165471365797,0.5860905585991489,0.0,0.41098562829528473,0.19604469758938137,0.07355459855121041,0.0,0.0,0.272276002105896,0.19680450483558998,0.213789609655953,0.29880457339224886,0.0,0.0,0.6053380664689982,0.16718192139373206,0.4733019752892026,0.5868688788374492,0.2942018407761551,0.5377680576479471,0.4228028547989665,0.0,0.3921060835135217,0.238918172356513,0.3183163252336901,0.3870295135901626,0.4555572296827192,0.3815591393347021,0.10629922632284233,0.20509413553526917,0.08244581682534818,0.2980631170857744,0.14971624177320214,-0.06113070174193119
0.7235389692653142,0.48936598404851694,0.09754494411647052,0.24078726270999706,0.2947904867457929,0.443285858103977,0.3637948498185667,0.20921022352005425,0.17438959686562372,0.34149920393125677,0.46428045792808653,0.500351049979769,0.433191690752053,0.5750238707543528,0.5000376336068332,0.0,0.6678074561597516,0.7361040289485676,0.5024742651684708,0.47608942652317776,0.4445938117412481,0.644589248085996,0.3645649283779086,0.5315352260580567,0.6603425659338182,0.5874044780577261,0.4655621046257049,0.4626104746738496,0.5250328226381971,0.5550836265419595,0.5817398119449785,0.5797647355823046,0.5154130036414521,0.35850261998936095,0.43307367518910955,0.48288057317853417,0.07255185440590073,0.32203333538081624,0.378950194985036,0.49661011757827656,0.3819191031300633,0.3519569305200878,0.4742192893380977,0.0,0.0,0.34992427780003843,0.43422520866305675,0.0,0.0,0.0,0.20573370207385644,0.1173960768407748,0.4700733849874527,0.0,0.392154295054986,0.0,0.32057077918008314,0.18242934506000164,0.0,0.21417288429975104,0.46438553891151135,0.6651103966839824,0.5612878142612092,0.0,0.29358580861635175,0.20990694780871727,0.36047024835351515,-0.14268848113780108,0.2709478067098785,0.5263802026739477,0.601416814141464,0.21000480247508868,0.2685733276544903,0.30166354069458196,0.0,0.5157199395864951
0.2475503538731651,0.8354630316236711,0.3472586721151518,0.35038336832908346,0.21478940537678115,0.3105392856454021,0.17374010345541613,0.26052686892925797,0.32852335901645185,0.4912275680225653,0.2234170710655755,0.5810840617745683,0.4142733870262654,0.46332949673516566,0.2732468146941499,0.6678074561597516,0.0,0.6438918478457518,0.1997953405665451,0.2173426806499659,0.17658737553656412,0.5008147710272253,0.05265999236305463,0.636793165674957,0.5744986083874962,0.44603337925443387,0.36231989330683756,0.6204135076444617,0.2168134947630752,0.6653685640984979,0.6829282750546251,0.6503764347950021,0.6338016005041756,0.5781182624153776,0.540139021341062,0.3926852881394418,0.3481377878211974,0.44251143977304475,0.2709668663502456,0.5484976535535899,0.6987687760814569,0.4772420825057688,0.0,0.0,0.32169030444948643,0.3415247165726102,0.23583338829575978,0.0,0.0,0.0,0.0,0.0,0.0,0.0,0.7689667856711292,0.0,0.7752038530852874,0.357258535593751,0.0,0.5894798181167316,0.3974629899668031,0.7942878308997326,0.6789230809331146,0.0,0.0,0.0,0.46721433412225866,0.0,0.6719201308763574,0.7026782978975277,0.7531226846208846,0.0,0.28259578603612256,0.4606391070654024,0.0,0.9117356470221769
0.5279686788950528,0.6151216175299861,0.27510853099805554,0.4797392162735421,0.11720596051126092,0.47387581105860926,0.30761458212421705,0.16648737890151022,0.12250508902579635,0.6491687178169159,0.24457426400893081,0.626168663771911,0.48231770479796665,0.46249916767061483,0.41248489053477894,0.7361040289485676,0.6438918478457518,0.0,0.30348512096050817,0.46816958740451253,0.41136566898547,0.6210768957404131,0.3084248406817227,0.6091320410786807,0.5545718931036361,0.4834894375282106,0.510876424464713,0.4100118590719388,0.5019743693836214,0.31231351200261304,0.7180466677672372,0.6478521255100503,0.6152735898922382,0.5870492153430225,0.4811857633792642,0.38569734487692864,0.39452345391787524,0.41047897470091377,0.4143429452450269,0.29475565223615385,0.34846259640996247,0.38940012662320445,0.0,0.0,0.20010190786099608,0.3451693683175163,0.5258862537029293,0.0,0.0,0.0,0.12600862951977396,0.4763481551238662,0.6260811393166352,0.0,0.6571200918163748,0.0,0.6933469778880772,0.21059105679585283,0.0,0.4344940986856372,0.4773221600556603,0.6446706085322707,0.44737560481312244,0.0,0.2961221963116988,0.3653656397843762,0.40545672242176634,0.23549261590812776,0.6652094685184751,0.41398196225229267,0.45499640602555413,0.27665308929526305,0.21063227641144955,0.3027397202416552,0.0,0.4420223503602612
0.0,0.40270216179171314,0.390708065657416,0.42136823817669017,0.47399391228604226,0.4115160601833209,0.24430169892646492,0.3903108195970696,0.30820788771745966,0.24348192405250807,0.3156881777802002,0.40982953914897186,0.2691420934307939,0.4536489497129519,0.0,0.5024742651684708,0.1997953405665451,0.30348512096050817,0.0,0.4571661771402743,0.2251334810326383,0.42558193444716347,0.27872793698095066,0.23833173886273162,0.3369033918224212,0.33249460663501995,0.4131215122849128,0.2753515185329297,0.4479446295068139,0.4282250982881522,0.20446802405722814,0.29722118742311215,0.2870511757645695,0.2273685798244439,0.1489349067487652,0.4806523028044688,0.2009713226144257,0.2424993449607928,0.3660322143416633,0.44897006753765456,0.16755549082673082,0.021182366415376436,0.35824529755738244,0.458950118669656,0.05789275700984438,0.0,0.0,0.44906041785810447,0.0,0.20829346032497303,0.27594061426948274,0.2677674394990531,0.3246664502580483,0.38063913263837584,0.6459109937423765,0.5679226885059354,0.24136278209620382,0.2563911879614446,0.14928999216116484,0.0,0.0,0.0,0.0,0.4304316592364438,0.47278454101932976,0.0,0.44549871596339696,0.29651317172744185,0.0,0.0,0.0,0.3000882770864994,0.26024800650466745,0.23826364449159593,0.46060778739777697,0.3397465639178207
0.2890962068733683,0.35171470190732396,0.3129056421599108,0.4076179447895346,0.3422828321114032,0.4491504441027271,0.30704437892402214,0.17989495421605434,0.4155088134039627,0.2644992040400364,0.4986531399456965,0.2657967685301576,0.44839654366371934,0.5151461626991711,0.6063965740413602,0.47608942652317776,0.2173426806499659,0.46816958740451253,0.4571661771402743,0.0,0.1836068456776901,0.37870621591363307,0.39711863536421943,0.34663994170087986,0.4719010283616528,0.4818229234205983,0.5512206069295735,0.49921576055117206,0.5257616014284935,0.6886284001899116,0.3075927001625762,0.16620674995809426,0.2943873129149135,0.1565304796191084,0.1768374506824365,0.5159043858119725,0.26007692521945497,0.3094561041747311,-0.11454642323731049,0.19554706656050527,0.07449646186552622,0.1014479459530595,0.48047650475382137,0.31837559303118457,0.3304613821881524,0.38212007049032304,0.15140491524955302,0.2284533536957519,0.0,0.0,0.008798735481513553,0.21247939869173915,0.07931137557706414,0.32274413572024063,0.7707688718476973,0.0,0.43496022559611913,0.2514970696594322,0.0,0.2478668230473952,0.23657331729124084,0.47839620263972105,0.252200805635284,0.0,0.02500870637196656,0.1405700530011913,0.257602877749333,0.004993598000011201,0.0,0.2126137058280352,0.1271405139679288,-0.010160885944789977,-0.0023003969231022436,0.03338838426398705,0.2765503696106629,0.20858760869162063
0.1295977061112438,0.3598481437366853,0.23231999068959483,0.459289437331595,0.31796334913598434,0.21910027742310328,0.14692035856983804,0.189326956129238,0.23650693782458293,0.4734896371956814,0.18355456389836516,0.30882592528453595,0.15746221849590558,0.35365260454069236,0.3585271095256032,0.4445938117412481,0.17658737553656412,0.41136566898547,0.2251334810326383,0.1836068456776901,0.0,0.2206410599945952,0.1992216424487544,-0.03263773964005953,0.24157992249875632,0.43647547409093757,0.2682160622925305,-0.006634308523748134,0.0064439578832859445,0.0325799887480685,0.16801034701975692,-0.02614895237437248,0.09628684934486192,0.12434320734520388,0.1735615301513474,0.1811791526353711,0.09658773293887266,0.455778448994045,0.04472171120132484,0.09843465081016389,0.08509176166798355,0.009040752914523276,0.5273757080692906,0.0,0.0,0.3711091337433515,0.18551196115115504,0.05486968577838164,0.0,0.0,0.4499966750192849,0.3105308770797143,0.6036224213651726,0.2946114827763966,0.43489011640834885,0.0,0.4723938019111047,0.14187845598789006,0.0,0.30636110218262025,0.25446585328453236,0.0,0.4277760100461855,0.0,0.25659507388268404,0.5679795069285423,0.22367257342583566,0.23090911192253424,0.482213248702501,0.1500864758637753,0.35548795675842637,0.16108016827498273,0.19830811024388453,0.25786991641435225,0.2571174412276669,-0.0208478981901421
0.5462649007902287,0.5178125387236592,0.26934083194361425,0.3544316031727003,0.3280011843793438,0.33323869593112754,0.3264488919667185,0.16592632303782984,0.3562850476820063,0.4300314994441659,0.16672539570166822,0.22597924519765178,0.3931114666441413,0.19959796760213125,0.46288389394548135,0.644589248085996,0.5008147710272253,0.6210768957404131,0.42558193444716347,0.37870621591363307,0.2206410599945952,0.0,0.5349827883232727,0.32243100464242447,0.6653613040213424,0.5240675177877058,0.36808301072394567,0.5439609567823762,0.3980612862206545,0.6642507943962486,0.5274555971638011,0.36858845344160207,0.37941232632977373,0.36731553252611715,0.3633667630598397,0.4803929821517505,0.44896858802869266,0.36643041836063217,-0.08404618364423172,-0.07986342884954428,-0.023791676223519187,-0.06748588448891701,0.25047080249561504,0.3721004215510279,0.37265913377023996,0.33363285214627236,0.2232495269742503,0.2545186423141723,0.46903314658949513,0.40295935289857965,0.20667209446412577,0.15889832480464494,0.3322986538118167,0.24412868980415775,0.35701741820966637,0.0,0.3307300777884209,0.18413282077893267,0.0,0.2599615002980534,0.2560390284141624,0.2649974411994664,0.4605434144379009,0.0,0.011770003704697218,0.13423445765117858,0.03616845675364999,0.09322333492288848,0.4651605292448098,0.3375731599738866,0.0999113208937582,0.02556763974505666,0.2715254360000219,0.23838748482305347,0.35484765270556307,-0.07128788458151714
0.022811786774291076,0.3433688194563615,0.30750072293343106,0.23464214017704565,0.09281828787182378,0.3100042798895599,0.0998108379248055,0.3047705932696691,0.21589948913884977,0.017705839014659053,-0.11092496596636592,0.28231130887294076,0.23508717683447458,0.4975852402077454,0.32532338720225445,0.3645649283779086,0.05265999236305463,0.3084248406817227,0.27872793698095066,0.39711863536421943,0.1992216424487544,0.5349827883232727,0.0,-0.04158583152353129,0.2787862075704901,0.18275182004320908,0.20710217483785393,0.2137947823663349,0.31753875263605547,0.32029982200366336,0.2335496987175432,0.09056214843484778,0.10602558698306752,0.23942883106874435,0.29193773162843806,0.3863920607985102,0.2782469933126197,0.06884574373526839,0.013672371284580931,0.3185589589315136,0.10034794071497821,0.03206363647795574,0.34620369624126757,0.2354584173784829,0.3866353095703668,0.45951671163901464,0.22980502876650435,0.4533333918964353,0.23123206752882522,0.22407552273805698,0.15899294953098217,0.17299475456406815,0.2710505373231161,0.3122311416029584,0.31857219960839545,0.4735776031732215,-0.19461849698368877,0.14933940757089753,0.4271598836841558,0.2876401161421735,0.23767933142547867,0.4768306129043235,0.2516735617076765,0.49556919539843614,0.036258148351705766,0.23130644954452,0.16833110459999007,0.33735176045275295,0.3326606175274046,0.15416098121156513,0.1403302360920495,0.0795238193295803,0.1110897955046993,0.06054053537363491,0.1663517178736914,0.14941551966752342
0.16932087224961334,0.46106871479616984,0.19311844261858907,0.1315255754971813,0.16065908005128107,-0.06160335119032165,0.2520033098367043,-0.13109620982825537,0.41073405795148743,0.3566071826684768,0.3157934877755052,0.15536153326502936,0.309204616877473,0.33561513792202,0.19658604767011098,0.5315352260580567,0.636793165674957,0.6091320410786807,0.23833173886273162,0.34663994170087986,-0.03263773964005953,0.32243100464242447,-0.04158583152353129,0.0,0.5393579841544474,0.3001387196414082,0.1368114625400948,0.3122086580661706,0.2568993987265406,0.6177872460152498,0.3736486090635453,0.20635347821796687,0.3414709448347814,0.06052225692973873,0.20834217325100332,0.3476744008131785,0.13183468614656918,0.311976628687717,0.608608686095851,0.41058174585975993,0.5140582407522439,0.49880025850927384,0.3076354357222212,0.33067164467271754,0.37926931847706524,0.18661379377011997,0.33045194579579107,0.0,0.0,0.4928481781603973,0.49407591789231076,0.4095019935602915,0.0,0.2750327811325003,0.4389621877464145,0.4802808080582499,0.4157835156131412,0.25532515035107745,0.0,0.37531616991397887,0.20872966919986063,0.6857639616026181,0.4880967311792975,0.45388110850785285,0.4166701517361757,0.3636567002185922,0.18338057295562685,0.6910519592649498,0.5275573476302244,0.34471840223794137,0.35203789238903405,0.41295048714298954,0.43374945676637844,0.28428625972227295,0.0,0.44282279550170167
0.37354496520693387,0.4276894055234517,0.2681760760298808,0.781149451258804,0.13289238064873135,0.4962533949667418,0.4219114049424286,0.0583856675035086,0.24152202171434559,0.5911170003811324,0.3394441262558128,0.4510201548820888,0.49726285749274335,0.46851600547614797,0.33985963179326795,0.6603425659338182,0.5744986083874962,0.5545718931036361,0.3369033918224212,0.4719010283616528,0.24157992249875632,0.6653613040213424,0.2787862075704901,0.5393579841544474,0.0,0.29406675294566065,0.5171029171573565,0.4675170019581115,0.4927928933177457,0.132031933427207,0.6462545798211057,0.3801927200957685,0.45110317850396076,0.41357652555726204,0.35948622924422563,0.3129975041800049,0.4995342788059304,0.5857822501054571,0.3149907965330084,0.1676358856177208,0.28241205958242027,0.38952486576004164,0.26438286069844885,0.0,0.35951941385260483,0.22372748723798852,0.48786043885906755,0.0,0.0,0.0,0.2241919291669081,0.015363189963432666,0.2652728128758831,0.38958329349827253,0.5133126416417766,0.5138876586447461,0.6040146880923064,0.19867572559021282,0.0,0.49435702139861126,0.38908806559618747,0.6084951680713164,0.42726124914779134,0.0,0.39778363016145735,0.3729887881977058,0.33012107915460354,0.3416546148371461,0.5986078693503163,0.3506336281750021,0.2824654712805164,0.19083044648209418,0.31669577494444084,0.28503670571758144,0.0,0.2979335712305874
0.44981557879407763,0.3932986070372705,0.08109722458999119,0.361724245875936,0.11340329600102647,0.4146038799899563,0.37791752791524946,0.047096417435990245,0.3415150425087683,0.3856109024214679,0.420738618735339,0.2873208458152456,0.44609818500535336,0.13713905549911753,0.5857009508368767,0.5874044780577261,0.44603337925443387,0.4834894375282106,0.33249460663501995,0.4818229234205983,0.43647547409093757,0.5240675177877058,0.18275182004320908,0.3001387196414082,0.29406675294566065,0.0,0.4176619793684958,0.5004482839605364,0.5406641457916725,0.10003673520071837,0.34736423538751304,0.46540411336806253,0.28414742957607414,0.2685114153967017,0.3181187082185162,-0.00866441571022819,0.12337128996661625,0.32787342440550526,0.2137707314562481,0.17740954259891556,0.33556666273903124,0.181731410115193,0.06208638925562304,0.5102816790254147,0.3586095850190284,0.23556289734463132,0.3274844512595606,0.3054649363097277,0.0,0.032615223027336195,0.2603793022380356,0.13855429453609464,0.16811142773226256,0.14621922067054915,0.4466301956468125,0.0,0.5842941577347307,0.3204702967547519,0.0,0.25731502350379265,0.33794061515007934,0.5377500534183891,0.38068578002299314,0.0,0.2626597375484148,0.31731758276822486,0.3355309324240427,0.08771950947453522,0.48583197752957463,0.2911492770572507,0.258495384331941,0.21414380284072743,0.3602088134133188,0.5556302180611742,0.47889901323765105,0.3429007328203586
0.2284254448647955,0.4144480874365432,0.3411476559327764,0.2734559772014947,0.23379850171263766,0.42039095794783776,0.18006563073458248,0.2750366568829795,0.31806742653940656,0.2207582464732986,0.33649862035428435,0.17635033444245596,0.3237894242521334,0.5478250448124335,0.33133271048348567,0.4655621046257049,0.36231989330683756,0.510876424464713,0.4131215122849128,0.5512206069295735,0.2682160622925305,0.36808301072394567,0.20710217483785393,0.1368114625400948,0.5171029171573565,0.4176619793684958,0.0,0.3313837968646488,0.452284450194399,0.3543266313281105,0.335004317112804,0.21832828428182727,0.23258923808218052,0.31419803396960155,0.3182591628047159,0.02655542636407915,0.28479228840237325,0.22533605743081245,-0.011666035710886924,0.2248671018118049,0.048485789662305157,-0.059193638935009174,0.25515686073241406,0.2856953561446717,0.37835807794017284,0.22682819681640692,0.14886989878406368,0.2079641136548263,0.2552022102192286,0.2939124610958564,0.15837042880336555,0.1347242096005664,0.28636567565792265,0.25963165786449094,0.32556843381175593,0.2966170773699217,-0.010990912326258179,0.14998970584060867,0.40731502537255126,0.15954416961415605,0.22125846083427503,0.0,0.05897824916961819,0.35316660105909425,0.031830393438050664,0.12841014057092454,0.0746005815443333,0.1396690533951923,0.0,0.15372916491351046,0.17921348662220776,0.11938125313772152,0.07189381032271946,0.031071381229536676,-0.015152278757659232,0.07305656486865125
0.1802613782508874,0.5238399125256439,0.45135068466292694,0.34807325244369625,0.47091662003265616,0.5663947749181901,0.5438202307290795,0.09793895245379208,0.3029040145719133,0.6741210527435284,0.28263356840540554,0.5701601016823772,0.5470570919582358,0.33513244591084257,0.2134225129072985,0.4626104746738496,0.6204135076444617,0.4100118590719388,0.2753515185329297,0.49921576055117206,-0.006634308523748134,0.5439609567823762,0.2137947823663349,0.3122086580661706,0.4675170019581115,0.5004482839605364,0.3313837968646488,0.0,0.601791592529253,0.5228122158924297,0.5493163982133741,0.5091104080007401,0.5414151724497064,0.3725858733011229,0.41443135347134685,0.6000035975911513,0.4427929639135045,0.570866473326759,-0.07103725418981255,0.17630734014592042,0.31747588303292334,0.2175117213309914,0.2720607649441053,0.2877248039146261,0.4039019923211198,0.2080143434321119,0.20267182834995956,0.2805226048778468,0.0,0.40341774535778735,0.06885047320118282,0.1805279547598046,0.1522034092575449,0.21530553948905706,0.45586689898832,0.3952230767371572,0.3003753718251724,0.048551929487819834,0.46849418165950096,0.2598098642290897,0.12149530936112612,0.31475482736344296,0.32953061282377655,0.4969879287006955,0.18454652513933426,0.22905854199860287,0.20959460135683325,0.02603291277940728,0.2978811604976882,0.2299867026017493,0.1670624894589116,0.03316838334609168,-0.01489950186137734,-0.0723129929176084,0.14631135122852584,0.03682152930253446
0.33216117786755683,0.4437087142013084,0.5353060131958218,0.1564243198217631,0.4031267480722446,0.3979689839051805,0.3968660015742937,0.1714359753738237,0.43323751670138727,0.28882221946195175,0.3028016780755111,0.12063407360895728,0.5751513298798705,0.1739219476980336,0.41180937560008957,0.5250328226381971,0.2168134947630752,0.5019743693836214,0.4479446295068139,0.5257616014284935,0.0064439578832859445,0.3980612862206545,0.31753875263605547,0.2568993987265406,0.4927928933177457,0.5406641457916725,0.452284450194399,0.601791592529253,0.0,0.43498236688656255,0.354789522992199,0.2528447956465994,0.24715172130307875,0.3041452550948917,0.29938780157429556,-0.13676804035463264,0.31884132206142657,0.20317387845043516,-0.1480235549473755,0.1551798595703287,-0.03959618528542497,0.19238995308311574,0.24067826450927288,0.219911746478752,0.4161226070297868,0.21440136617341593,0.19501391612910043,0.23992993056346446,0.44632457084297283,0.26046541496574416,0.09164970390794536,0.22003644185285648,0.16185694125313893,0.37188723416486524,0.44188342059404573,0.18971763574033734,0.4704112176115993,0.006364956774506214,0.5904650823716676,0.2168173178526089,0.1949190019836307,0.4698479979705905,0.22741196183445833,0.3983218651306946,-0.0010375486905460085,0.17376616927779182,0.0384770976659497,0.02189722745500039,0.4423865168418445,0.25172411051794147,0.46707800862269716,-0.01678318645120458,0.03833538747973658,-0.06233106924582976,0.2550076296741,0.04696467940081406
