0.0,0.582561118749986,0.37971097969941364,0.0,0.6453747308872961,-0.07369632616893401,0.48198855967873244,0.5434390503994834,0.35272861310811693,0.6010657656431007,0.37867493960452103,0.5983859702533038,0.31110392742734977,0.525368821227477,0.5547758446121525,0.6510138153356564,0.18993093622567056,0.47587821937977204,0.0,0.26474634809583986,0.46613988657905336,0.4383991502845099,0.502419268721805,0.31213812528066187,0.35309742517894926,0.6319792619294073,0.4286813610077541,0.2709441528574409,-0.18453996328623334,0.6828514281471417,0.4215424253233457,0.5953124956972293,0.1444812425594495,0.2785963107049473,0.4033106444822456,0.6308460331296547,0.49021047385782085,0.4450012073490568,0.6568957366711514,0.56881888190755,0.1951895075527197,0.47037899738179356,0.47456909614855536,0.0,0.5275377230772739,0.34896507128803145,0.649930747705087,0.0,0.0,0.0,0.49221314800287763,0.0,0.5741924790332458,0.0,0.36468377962223664,0.0,0.5299812991452937,0.8606979556770549,0.0,0.6702900744175209,0.5355819743681539,0.45141542944467483,0.432188950615226,0.0,0.452215497365957,0.7332784442333744,0.5751680795778685,0.5647784074138793,0.290151988418085,0.5639531159329324,0.6401813031377583,0.19804510018858795,0.4479114991035069,0.6663082369780295,0.0,0.6198889779121587
0.582561118749986,0.0,0.5989685313482735,0.3947913197064089,0.1603857830710329,0.38491903135881267,0.24059680340257383,0.49243642058168735,0.21250560933868967,0.47369009743950563,0.4479287317091762,0.39864648737640984,0.3400024776889684,0.5094829870935528,0.5921932735418538,0.6896732905491426,0.3218757063030505,0.6994929880603589,0.6904463670226211,0.6271730880434454,0.5515804039861072,0.7402326457503918,0.5914253526478401,0.5931521971542422,0.5379691293443265,0.6111880365711384,0.3717902548442789,0.43395358981277576,0.43137789545997485,0.37904455027812944,0.5111616073035617,0.4870794685173496,0.343892498576162,0.4891203014064309,0.5643574887866982,0.19616263109031642,0.04366500872295356,0.0,0.5460418299066494,0.7726684278181748,0.5060122729177238,0.5482090669308164,0.5882302629502676,0.0,0.0,0.4780002874600243,0.5913757694164036,0.04118223589717864,0.0,0.0,0.4725201894876229,0.5888831138833821,0.7051120501163114,0.7926273915647141,0.6088394028797627,0.0,0.5580376227979464,0.6530793562849798,0.0,0.7100732999769666,0.4780022300762522,0.555094523575709,0.5507858202250184,0.0,0.7112751025115075,0.6745264292927857,0.751326308050067,0.6718229585290987,0.3252499292586488,0.5225172085523104,0.6536529511957069,0.5579976608250328,0.6947260976072945,0.4381105293140088,0.0,0.5519764068832775
0.37971097969941364,0.5989685313482735,0.0,0.5550224216647413,0.2994356879749246,0.3188546270143185,0.4660046762884208,0.4546387080267029,0.13928243419573055,0.42262879404102494,0.4084679937118586,0.6283875392092386,0.4740402489745526,0.3844117280464399,0.6295511888459198,0.3563991560392186,0.5424071139149051,0.7001813809926354,0.23999677095237856,0.3943074085551547,0.5866860796742976,0.5158733111813865,0.36935787609613246,0.4095402070136321,0.5386925919207083,0.6219816324804417,0.4077755119160482,0.48448081458855796,0.6460872177371009,0.5904800807552623,0.5086469729625174,0.6922612123890046,0.5321349893208063,0.46823598835363633,0.43448679804930324,0.4752680940692636,0.5518085720963687,0.5136142141934763,0.8730491966719411,0.4688032492224771,0.6566425170117574,0.5086289116725282,0.9610368620363194,0.9413655338608045,0.0,0.0,0.3840346697274859,0.5497805277527954,0.4709036275448289,0.6502619384529418,0.681323280534861,0.6655115381149818,0.7386724073159143,0.8313748578686728,0.4294001731833629,0.5506851544171024,0.8136930081568114,0.7135669757836733,0.5536370669757746,0.35353022471825624,0.0,0.0,0.0,0.4281633560070637,0.7922887508272805,0.4371047807603446,0.24620176171209113,0.6578409535864342,0.0,0.5475976426491487,0.588482456467778,0.7801896235986607,0.627370289290624,0.7258164024704215,0.6512912306136638,0.555551696702684
0.0,0.3947913197064089,0.5550224216647413,0.0,0.3355442736940596,0.5914314191729958,0.5557707387886321,0.8004774071254293,0.5845114709965963,0.1495899463331088,0.6237712573471317,0.43136270022669154,0.43184567492820397,0.7492009087404906,0.5484047543372119,0.2595828008118209,0.40272422339932135,0.4728921721183126,0.5109141933699686,0.6215150421346927,0.47237506972202165,0.6966387220158139,0.7575450214453183,0.366696342362059,0.7976952537144464,0.44159613928153146,0.6714413724336354,0.4458368758354723,0.5587360834931109,0.5850678120506143,0.6348587136633306,0.5958637183545805,0.26054641884714047,0.1417724064856177,0.7276479585878407,0.4919412905654043,0.4187095181576683,0.2736328895037416,0.24304398419612244,0.3695272730803812,0.6865155259527386,0.6225741858296802,0.43043233382186036,0.30517242324265237,0.0,0.0,0.0,0.4063579756069227,0.0,0.0,0.852892258474254,0.0,0.4686552614682903,0.31959428182503447,0.0,0.41829882354179426,0.30795310240157026,0.45213745600262756,0.0,0.0,0.0,0.0,0.0,0.0,0.0,0.0,0.454410706297016,0.7434226618905793,0.0,0.0,0.0,0.5784070570699364,0.4570320932888729,0.65032954180845,0.0,0.0
0.6453747308872961,0.1603857830710329,0.2994356879749246,0.3355442736940596,0.0,0.16810549136821776,0.33605124231242234,0.6143456712103613,0.28492039317199963,0.7067869101752675,0.32050064790032984,0.6971002860929714,0.49496298233539926,0.39162906983715806,0.6620758500557257,0.27678179654371604,0.6248247387135428,0.46824648346628517,0.33418682840262404,0.5421050145018376,0.8501083252349606,0.25681870648786487,0.430134781052369,0.414394581324524,0.3602520037628263,0.485250366277859,0.41095978880503115,0.6555524667256214,0.25322140343132055,0.5671306937782742,0.482325960833715,0.25157122332397575,0.11626027715148776,0.5202282858334619,0.46929012699318884,0.4039196516944734,0.4127518779994671,0.5951526152780234,0.8476691097104507,0.4643409459692249,0.4566297109922093,0.5149807571329125,1.1498786875966105,-0.1918505961453213,0.35451857928414776,0.0,0.4928679557310664,0.81151577681041,0.0,0.7467483613180546,0.7213096608223091,0.8507860707830734,0.7467114030535636,0.789766706560572,0.0,0.8017396180207133,0.36104801704327694,0.8833660791717247,0.6741211314175304,0.339741713301155,0.45231911126364377,0.0,0.0,0.9123073382595082,0.6406348277982896,0.48609778375995694,0.7359454759236949,0.7846353241614634,0.0,0.469427231377491,0.6589813989450848,0.685336295410889,0.7837711589401566,0.703937094592635,0.0,0.6619643899472674
-0.07369632616893401,0.38491903135881267,0.3188546270143185,0.5914314191729958,0.16810549136821776,0.0,0.26324686558840943,0.5691007092163719,0.3007314494654518,0.4804038003057614,0.28482460031687246,0.7948210648408626,0.4352778593855516,0.43147182599840234,0.5363815768374802,0.5490771880214721,0.4946036784459731,0.4925242517362857,0.3107503774240683,0.5097414168007639,0.5319921681796782,0.4530996935016802,0.46804305146129255,0.4976085430017678,0.39179936025511075,0.5180508137453314,0.505693727137799,0.6260248742918277,0.4521835080381387,0.7389412813839468,0.5798610410245738,0.5442740209645097,0.4912948025004872,0.4739625600864771,0.5326619553760334,0.7722836319128414,0.5960754471894242,0.2978759422155991,0.9498897263172608,0.30151679103622253,0.7102846915812248,0.41573727063515414,0.9380284614033516,0.7832949784180538,0.10374348299408656,0.642580752875894,0.5950323196340097,0.7231479200758058,0.7397145302214811,0.5770846442043729,0.7690188345915192,0.7552044951167893,0.8391335796321812,0.7763657297510534,0.7317732709986791,0.7963866941976145,0.25419219246437397,0.8373086702910406,0.942356151269985,0.6513805720218705,0.6834050521985964,0.0,0.5712126072740146,0.6716153313965367,0.7002254780843054,0.5787249360390518,0.6701363694979734,0.7079854307397773,0.505405132877912,0.5775581253741395,0.6075258700323121,0.761095275339305,0.7988909863150739,0.7589987894988335,0.5496151899742213,0.755220902873136
0.48198855967873244,0.24059680340257383,0.4660046762884208,0.5557707387886321,0.33605124231242234,0.26324686558840943,0.0,0.4939766325349824,0.3922765144382656,0.7233505413341905,0.4822266706777383,0.5200408137975376,0.47674221679719403,0.7430160733441731,0.5617227756444851,0.5148764699555093,0.7619045820588122,0.46295083384987706,0.45049904401349883,0.4317104211427193,0.47661358781360985,0.4393787190471016,0.49927121116534745,0.9677679736732047,0.40831447330819304,0.5610367394112671,0.4423102011860527,0.4611059659859785,0.4015726396802344,0.49688969117092363,0.4952409966585759,0.5569798482880628,0.31888411622743096,0.395283499409412,0.3341904451780073,0.7580592865447939,0.5570556234161315,0.2690120143475898,0.7373916901041594,0.38171153057615015,0.7590810327900198,0.8257948458242537,0.8500074698480709,0.7546286213695843,0.3194898969461617,0.0,0.6253296842292811,0.5625494112004024,0.0,0.7683044809187409,0.6940410211990157,0.7332579018080165,0.7275971167844228,0.8230470529198894,0.6237153028679512,0.7391230425524904,0.3807562507895094,0.6360168808956612,0.914962191159046,0.4497060275153472,0.6104822295695531,0.0,0.4934006233287511,0.8001031560320517,0.7666381336448969,0.6366774481431161,0.6243123275281875,0.7018227308332211,0.468043534262911,0.7614120880494176,0.6897378310483355,0.7017774599751965,0.6221517640455633,0.6621126515710203,0.8453303672900048,0.6994853114448527
0.5434390503994834,0.49243642058168735,0.4546387080267029,0.8004774071254293,0.6143456712103613,0.5691007092163719,0.4939766325349824,0.0,0.5847774036446702,0.4827719752712283,0.519444794182602,0.8117989502555134,0.5493166276346968,0.4467959807384275,0.6479835133536536,0.6015528528729062,0.5510211375816962,0.47084193056570434,0.5042912757463457,0.6992664415110192,0.6082705370431044,0.6943514063823949,0.49238518795220376,0.34586592348177847,0.47128954438742676,0.6030719934481787,0.580183527689063,0.5674117887349355,0.42502716153738385,0.5251791779874035,0.5368407921064662,0.7191339774345121,0.4483510132131283,0.46738587413875404,0.4550787338351756,0.8998672637856483,0.7435454783522084,0.5682466734953332,0.669948421600687,0.5110347968004378,0.49791760771833327,0.479642057759381,0.8145171621600529,0.4912398056205194,0.0,0.6751942204686248,0.4398729703041368,0.7768306083875705,0.0,0.750439476426863,0.8137978615165506,0.890843252716644,0.8092346504776993,0.7294550769943549,0.6471184604619411,0.8369894079367818,0.9342654540978756,0.7849535414410413,0.8812884360212924,0.7752477422565525,0.6196947334137779,0.0,0.556173754694894,0.760397853539436,0.7593302528161376,0.6427248286570664,0.8621831453443871,0.7406887715764381,0.0,0.49168965602165954,0.4771669241616938,0.7265368623559717,0.7198623771122024,0.8627610127397587,0.5126496149661439,0.7503269683434377
0.35272861310811693,0.21250560933868967,0.13928243419573055,0.5845114709965963,0.28492039317199963,0.3007314494654518,0.3922765144382656,0.5847774036446702,0.0,0.4898078259192987,0.18990224745246048,0.4452321182961607,0.3784162243500019,0.4846426457733807,0.74875992526914,0.4004980077720602,0.5434185413927104,0.666569330266525,0.13773422544817174,0.4623313729382466,0.43561733434608096,0.40755145975618595,0.4785117658558853,0.597269576069907,0.2590626493179405,0.658759390773647,0.3795140476806644,0.5021303769704215,0.3612933521689303,0.40248653352525776,0.4742306971994275,0.6769360138145817,0.430127912949604,0.45707416694376907,0.46290292383808235,0.5505531941972454,0.5719202876336262,0.46456338937108166,0.8574195132404577,0.3579256804519132,0.7009750944772941,0.47911026822199054,0.8496924561575406,0.6589605822201791,0.36322726113387527,0.0,0.5028169705319027,0.7383024293891,0.4658668002556972,0.8262956569921277,0.7513885982750443,0.7844160687727331,0.756523206093153,0.6358107839334117,0.4198118299665303,0.8286134791580434,0.4246535698684319,0.68203025312914,0.7544581471219556,0.6745983589408902,0.7375942025860157,0.0,0.0,0.6769518439851636,0.6970164398745976,0.6182938845814422,0.677669114784146,0.7339557724892145,0.4159888713829532,0.6737773817646185,0.23831881969237032,0.674225346705839,0.6640098188079664,0.7626809921181965,0.7234706750618523,0.8786220316387389
0.6010657656431007,0.47369009743950563,0.42262879404102494,0.1495899463331088,0.7067869101752675,0.4804038003057614,0.7233505413341905,0.4827719752712283,0.4898078259192987,0.0,0.5591357935743556,0.6109245818209437,0.5839376682474187,0.32797010333452215,0.5778960057719991,0.48856052987361687,0.6815274015436141,0.5313634732708232,0.43932309617906734,0.49498073779869356,0.4796118674302239,0.4743357432483623,0.5157736842204279,0.40716957934700426,0.6845202145509082,0.6090409627238361,0.44325628461819844,0.5188020965751959,0.5938908235865787,0.3925706380529693,0.675621462293342,0.26937964239712475,0.5959492369903319,0.7001588998648787,0.5359161313441794,0.498721431466377,0.32678467886816176,0.4757949517237962,-0.08796845817961935,0.491494651720908,0.5168966314956283,0.43831838395126027,0.4108245698046441,0.4278314956490556,0.522597999206177,0.6417886236268657,0.5501627701813521,0.35514890574808733,0.47324909619944655,0.4366048151520474,0.6527279519977108,0.46693575999490056,0.6943190013459404,0.2664544390128074,0.5327841742696242,0.4867984168648859,0.6248742169015653,0.6933871317033093,0.0,0.6206242373551296,0.6172859297255785,0.5362382120746247,0.2733369371490707,0.46836938693261765,0.4660427449741544,0.5066578894363842,0.44718179603150937,0.8184775962466249,0.6451413678283046,0.3093829186141011,0.5912650464663288,0.759776060666457,0.6407388567139027,0.6752747277996517,0.0,1.0884748208113015
0.37867493960452103,0.4479287317091762,0.4084679937118586,0.6237712573471317,0.32050064790032984,0.28482460031687246,0.4822266706777383,0.519444794182602,0.18990224745246048,0.5591357935743556,0.0,0.40843158942918006,0.47645393179904016,0.6766262899806461,0.0,0.4904395083100344,0.5198561893934078,0.6229925512457827,0.3020520192670999,0.45189067014588746,0.34166110880988154,0.43421033121355945,0.22882487830513393,0.2845132477808848,0.6172619498503525,0.677600790950194,0.44554679346155796,0.4838779948422557,0.45331037736143553,0.40917374474006496,0.46679851374255227,0.6446771508780453,0.1246225472100217,0.5079453930789903,0.5397190109882217,0.7966405620740754,0.6249762629798888,0.3376752393139566,1.0101288638884849,0.6682446031350027,0.6382370818269862,0.5174764661305095,1.0232292021477605,0.8333468646520854,0.1861107762184439,0.0,0.0,0.5480682239766952,0.46854031187847195,0.09962110486111522,0.8105384389357595,0.6397421043566064,0.8562260011428908,0.5082807504481308,0.5558737449473545,0.4873863282138818,0.37756979601674434,0.5325110027431148,0.6956996184788014,0.0,0.0,0.0,0.0,0.3870873174539471,0.5151212095016422,0.0,0.5291278412206533,0.7259140816387657,0.0,0.0,0.8866874222559527,0.7958459462413052,0.5682399870356913,0.4900359340553963,0.0,0.7567855054151842
0.5983859702533038,0.39864648737640984,0.6283875392092386,0.43136270022669154,0.6971002860929714,0.7948210648408626,0.5200408137975376,0.8117989502555134,0.4452321182961607,0.6109245818209437,0.40843158942918006,0.0,0.5093741140207813,0.6822820983157487,0.4784143749688322,0.5890195995184617,0.7672677485631328,0.7513358112588444,0.7524603383472619,0.24432694234492003,0.6758271931574341,0.0978917251058535,0.7219569334157926,0.4417928083293873,0.692048582339017,0.3758822007295381,0.5037573528415923,0.4271146940308975,0.6100855496243223,0.4046435278843799,0.5938847499543627,0.46619522434593763,0.7303346357044448,0.3335117363209431,0.1393948714118936,0.5301140704350131,0.21243358971035883,0.3940779632757301,0.3042453239584658,0.5073491253322564,0.6838233004402232,0.039778918141581965,0.38936617769660753,0.5714239212334421,0.5069399332706688,0.2970639626813676,0.638226822969584,0.5128460245004068,0.1642132509519663,0.36870326345225735,0.3302572616964219,0.4138026694802557,0.35897281740134646,0.48044650280408585,0.5375027806459624,0.2826691059278902,0.6764099364958246,0.6530118715726243,0.5275181307318317,0.5136270162139708,0.5243392481978781,0.41585437830082267,0.2604685183937276,0.48426711118393506,0.8191965866701475,0.838876742291161,0.44163865069500485,0.5985298751077329,0.5666851869933778,0.38830394370937366,0.5853562875811762,0.414989047172282,0.7234338323695784,0.546289278822564,0.0,0.11020178085583648
0.31110392742734977,0.3400024776889684,0.4740402489745526,0.43184567492820397,0.49496298233539926,0.4352778593855516,0.47674221679719403,0.5493166276346968,0.3784162243500019,0.5839376682474187,0.47645393179904016,0.5093741140207813,0.0,0.5436548955750387,0.526899003981376,0.5505316933212807,0.5005980688012639,0.5556779590841806,0.4656242300282856,0.577145915249867,0.6047213798271436,0.49288473790426923,0.5406125219036654,0.3911603061594553,0.47390908405060195,0.5379604958896739,0.5164005510324406,0.33267360678814023,0.548029219707305,0.6158525781943107,0.4262535593590646,0.5896344604253595,0.21480395743259903,0.4259664874481901,0.41026366893740435,0.5062265071793186,0.39029953853596183,0.16923658143129833,0.6027208334912375,0.46769548937175687,0.6151122964301312,0.8013542171024624,1.2031796736780955,0.6713010688722674,0.4490458509274434,0.4771253826341798,0.7338165144696129,0.690716269067172,0.0,0.7966844337818176,0.7724732710619957,0.7472512993286491,0.7092600275593846,0.8641453096616856,0.6936357372298456,0.7639916301014578,0.5989170811025029,0.8024575446389064,0.7049756700606187,0.6286451328090658,0.6315475462158413,0.5492577114139015,0.5777130917114203,0.6945761296817772,0.810721395035447,0.7087753286168988,0.6958497497052959,0.7838777413346484,0.5016803251921975,0.5536402414485427,0.5983678845985365,0.7871507448297114,0.7366059136450818,0.6701935524785058,0.5568003301061188,0.6568709062805667
0.525368821227477,0.5094829870935528,0.3844117280464399,0.7492009087404906,0.39162906983715806,0.43147182599840234,0.7430160733441731,0.4467959807384275,0.4846426457733807,0.32797010333452215,0.6766262899806461,0.6822820983157487,0.5436548955750387,0.0,0.37714674091751443,0.5049126425572197,0.45709080542892977,0.4956610066565146,0.4926111971590463,0.458204021404424,0.3912123189403264,0.15976878984477483,0.44850997472665344,0.6527735511113828,0.4493582836705514,0.4825798951950855,0.4717188387372861,0.5512720324657944,0.2739727487334582,0.7057756131453703,0.6427813686223935,0.3984084514874956,0.3388959831158149,0.6874454231820069,0.4138807146339333,0.6449365282734036,0.5097564718749397,0.2413774163109442,1.18288311577888,0.0,0.6650092953396984,0.6722028006146251,0.8781066353796978,0.47016339490998654,0.0,0.0,0.0,0.5957761762732888,0.0,0.6594712825104514,0.4004766690349676,0.762572709040796,0.6537881225823883,0.6657159436205176,0.0,0.6883455874213619,0.3636752717890382,0.5743486741105763,0.5898911602872259,0.0,0.0,0.0,0.0,0.5385160138570888,0.0,0.0,0.0,0.6855155371396341,0.0,0.0,0.0,0.7738599363786713,0.8837059839281818,0.0,0.0,0.0
0.5547758446121525,0.5921932735418538,0.6295511888459198,0.5484047543372119,0.6620758500557257,0.5363815768374802,0.5617227756444851,0.6479835133536536,0.74875992526914,0.5778960057719991,0.0,0.4784143749688322,0.526899003981376,0.37714674091751443,0.0,0.5984234220044293,0.5458640711596615,0.5233118809995359,0.0,0.6720249686393185,0.6921422952045027,0.7313158783351557,0.7632454620708172,0.5414714877972417,0.5391311472638041,0.7059516604934715,0.6242394549731256,0.5537669822158128,0.6050137805249205,0.439155750276454,0.4452893232936728,0.3708055190784579,0.41052315360282743,0.40564821124079636,0.42487240323470266,0.6201095652166033,0.4872878224915748,0.37989594617073524,0.5598876119344497,0.8513318657473082,0.6362670466140145,0.5022727530645149,0.26563435207926733,0.41071129259031697,0.0,0.90471223358693,0.5894422503167664,0.6253797291432728,0.0,0.0,0.6640500716938891,0.7904379114658031,0.6906886794468526,0.5836851442114832,0.0,0.0,0.7109962951483513,0.6164699723654392,0.4705097539760809,0.8464819981462193,0.721267237251663,0.5406346498931187,0.8599482659006061,0.0,0.9661969250215865,0.6696925622011802,0.9011874673524753,0.8921430114930953,0.45122454571489257,0.6205450003363135,0.6195692055307833,0.7793668598356092,0.598552286467583,0.7451007336196604,0.5971246417636822,0.5346953530020921
0.6510138153356564,0.6896732905491426,0.3563991560392186,0.2595828008118209,0.27678179654371604,0.5490771880214721,0.5148764699555093,0.6015528528729062,0.4004980077720602,0.48856052987361687,0.4904395083100344,0.5890195995184617,0.5505316933212807,0.5049126425572197,0.5984234220044293,0.0,0.5830431271261061,0.5550696731809626,0.45197209614851874,0.6472478099157891,0.6310384918386052,0.5387208863149395,0.7358227948447211,0.506208219091995,0.6546676406055828,0.720872069171139,0.5001566205074144,0.6321505886154373,0.5699730549458948,0.6797946039255236,0.4291085570204457,0.5477917297292318,0.46463936242432397,0.3489108763799654,0.5584250642122932,0.7890501881897889,0.5496941310825296,0.6941479578339441,0.6529474185138344,0.6877921438899512,0.4655453620184621,0.5501842234372494,0.4712042030509396,0.0,0.0,0.3692631476744584,0.6880739583455263,0.0,0.0,0.0,0.6442597533834562,0.7665216359476832,0.904519320340005,0.0,0.7165936511161985,0.0,0.6047633176918374,0.5858104639315531,0.0,0.6482719874548724,0.527095740196695,0.504726416320172,0.4564713122705776,0.0,0.5402128315344822,0.6163580083053884,0.6681569184679077,0.7127759874433924,0.3541484526615991,0.583975616352919,0.7409781542847157,0.30409308810005325,0.6795579994439137,0.7905238067976921,0.0,0.4871528632096329
0.18993093622567056,0.3218757063030505,0.5424071139149051,0.40272422339932135,0.6248247387135428,0.4946036784459731,0.7619045820588122,0.5510211375816962,0.5434185413927104,0.6815274015436141,0.5198561893934078,0.7672677485631328,0.5005980688012639,0.45709080542892977,0.5458640711596615,0.5830431271261061,0.0,0.6399960852008963,0.5763536498800073,0.5167510179296757,0.5373386733552306,0.36843327390991254,0.49856004038588414,0.7677177015704155,0.5998247707584279,0.6577527096827758,0.3655154555423389,0.6972858731610367,0.36205522132596657,0.36281109584830856,0.7138540318202133,0.7399598215694189,0.7185506061235947,0.660511218412053,0.6807355163209602,0.6026928369925748,0.34697473958754843,0.5493575920774116,0.5470338277554532,0.6844161804070724,0.5418834781899468,0.6874583959982734,0.0,0.0,0.4203878758267145,0.6105280908249748,0.6941281905443584,0.0,0.0,0.0,0.0,0.0,0.0,0.0,0.7252084517188552,0.0,0.7106655851670758,0.37371726041236625,0.0,0.5651962188465434,0.6677772310184644,0.6352659091813011,0.4522841373819637,0.0,0.0,0.0,0.607215528010431,0.0,0.8568751107093784,0.6315683353676405,0.8140074006704466,0.0,0.31017110505416523,0.46585371050037216,0.0,0.7737237574667902
0.47587821937977204,0.6994929880603589,0.7001813809926354,0.4728921721183126,0.46824648346628517,0.4925242517362857,0.46295083384987706,0.47084193056570434,0.666569330266525,0.5313634732708232,0.6229925512457827,0.7513358112588444,0.5556779590841806,0.4956610066565146,0.5233118809995359,0.5550696731809626,0.6399960852008963,0.0,0.5700775170357129,0.6378371617112065,0.48922919909605544,0.49019887507523874,0.5144196740185334,0.6592952390110823,0.5334057485011807,0.6342010929580361,0.4833435667652324,0.5560840068284156,0.37091935290378036,0.6360759792302396,0.5776528153167657,0.6095292560585646,0.6050649707282154,0.5650613007909453,0.5218610481217292,0.5590187574961011,0.396311439072508,0.4877352260039457,0.6529586262880851,0.5552009008674006,0.5013637195705761,0.4353206949658238,0.0,0.0,-0.23339151646246287,0.5126080229901044,0.7243471019852872,0.0,0.0,0.0,0.6630989259527095,0.4929460351267624,0.6057694891754646,0.0,0.742017235554933,0.0,0.748036846263781,0.9002716576628944,0.0,0.6868213938487244,0.521249887367299,0.7318829026848916,0.5135729146909127,0.0,0.6256451253525384,0.6335497233705905,0.6194145301340712,0.8700742299969138,0.6997620048208584,0.5462115079076652,0.7274077768488193,0.7970671728567678,0.8566438103887981,0.7375033745655246,0.0,0.6282453062838104
0.0,0.6904463670226211,0.23999677095237856,0.5109141933699686,0.33418682840262404,0.3107503774240683,0.45049904401349883,0.5042912757463457,0.13773422544817174,0.43932309617906734,0.3020520192670999,0.7524603383472619,0.4656242300282856,0.4926111971590463,0.0,0.45197209614851874,0.5763536498800073,0.5700775170357129,0.0,0.5023030218195,0.6918210579678147,0.7234656553801906,0.37510081963131525,0.4199026483515093,0.6075238969983231,0.6936051004240678,0.5006942503375569,0.502625670899878,0.7586563627170322,0.5701907835950206,0.4894226380052738,0.6443578221672711,0.45153366743054,0.47229017977950255,0.5017882779901293,0.5337369409225018,0.3438842605853736,0.5096816936081744,0.9937943566885026,0.4428900376915209,0.4873677550002597,0.44035271831763284,1.1138782847542805,0.54800556173552,0.006665406799191899,0.0,0.0,0.5927676018655201,0.0,0.35857676492785073,0.7931725655578672,0.737281039874393,0.6739559314592427,0.723034551093375,0.5913471761925461,0.7362628499030689,0.5948986296964702,0.5752253286903506,0.39014890380552375,0.0,0.0,0.0,0.0,0.7397647976938896,0.4697045825492464,0.0,0.4861885390551794,0.6795723298731677,0.0,0.0,0.0,0.6653641834982075,0.688800798498159,0.6139309355129128,0.469046312285748,0.6550012162525003
0.26474634809583986,0.6271730880434454,0.3943074085551547,0.6215150421346927,0.5421050145018376,0.5097414168007639,0.4317104211427193,0.6992664415110192,0.4623313729382466,0.49498073779869356,0.45189067014588746,0.24432694234492003,0.577145915249867,0.458204021404424,0.6720249686393185,0.6472478099157891,0.5167510179296757,0.6378371617112065,0.5023030218195,0.0,0.6732217790606205,0.7129014016272661,0.8965797507863307,0.5477860257386022,0.6330460693204899,0.5492644762085892,0.8072947716557338,0.7639994604371387,0.5965210347004425,0.7523718278957705,0.6367309895702218,0.3863847994032503,0.22565119773366368,0.6330623632879944,0.5438113849460695,0.8599896890872933,0.5733142804288835,0.5653551865790734,0.6534149331336311,1.0257406572780903,0.667928317159444,0.4897399255517073,0.14518204548853508,0.2299577555148532,0.32661669687906003,0.4529029185057507,0.5193083572886694,0.7136913968688214,0.0,0.0,0.6616542799939141,0.535233418671057,0.6756550761230949,0.5332632593760347,0.7829595060971692,0.0,0.47802307415073897,0.8320927064604071,0.0,0.8493826056237838,0.5246182428407591,0.4723870669709538,0.6096637710523906,0.0,0.7668180218821239,0.7905928711173389,0.8208858933556951,0.7165255393462189,0.0,0.7741506389564834,0.7077830125579103,0.6881778499444627,0.6029835494606751,0.7522885197080389,0.5699322427212792,0.611855859816831
0.46613988657905336,0.5515804039861072,0.5866860796742976,0.47237506972202165,0.8501083252349606,0.5319921681796782,0.47661358781360985,0.6082705370431044,0.43561733434608096,0.4796118674302239,0.34166110880988154,0.6758271931574341,0.6047213798271436,0.3912123189403264,0.6921422952045027,0.6310384918386052,0.5373386733552306,0.48922919909605544,0.6918210579678147,0.6732217790606205,0.0,0.6051348240570814,0.5593479356913627,0.32409342740206326,0.354782757788959,0.7189033163200154,0.6621566492295194,0.5671189634682816,0.5573725910978371,0.4733430846403244,0.34138949934729385,0.37148031156455397,0.293513033011785,0.3076546853688681,0.4463612908817141,0.5469522072244997,0.3159532992997775,0.44705607517194124,0.6626164539323153,0.516729504643572,0.552049559080462,0.43005500026219323,0.6493948741665687,0.0,0.0,0.6941878810590929,0.6120365851439193,0.5842408453053441,0.0,0.0,0.7343852766141211,0.4634237205683442,0.7147653202184115,0.6095394361530477,0.5594345163188498,0.0,0.7083967509220354,0.6532119160047984,0.0,0.7179134530846165,0.3359413206050622,0.0,0.599088810844431,0.0,0.7601410444210202,0.7421179783451247,0.8310923415430433,0.7101001724657952,0.5362733213810629,0.41417226373201355,0.675314919634403,0.618114191503047,0.8036846326982245,0.9321606080311007,0.46642773769283985,0.5055507438711342
0.4383991502845099,0.7402326457503918,0.5158733111813865,0.6966387220158139,0.25681870648786487,0.4530996935016802,0.4393787190471016,0.6943514063823949,0.40755145975618595,0.4743357432483623,0.43421033121355945,0.0978917251058535,0.49288473790426923,0.15976878984477483,0.7313158783351557,0.5387208863149395,0.36843327390991254,0.49019887507523874,0.7234656553801906,0.7129014016272661,0.6051348240570814,0.0,0.8518468155270822,0.43962711000228705,0.6758608841051046,0.6273914917916147,0.5393709065356872,0.7170205962065328,0.4920252589535349,0.6864765168426596,0.6374482227838445,0.42509652122061936,0.43794181875405297,0.6238966636107643,0.5432029971795578,0.6124674695947205,0.7457150932007746,0.548279245445034,0.5360624500718747,0.7455838574004074,0.5657806448491252,0.441016794305207,0.22569662163475993,0.44496365360982304,0.38569089315451655,0.8371274504184442,0.5317249986307548,0.7184569876687623,0.4701238425085624,0.39403213196814657,0.6197424150393414,0.7040900474316819,0.9264677907855015,0.6973779758250753,0.44543571519357683,0.0,0.5796646705164936,0.6581252711778377,0.0,0.7170627392287997,0.5302479183636936,0.49059623209037345,0.6598347393741879,0.0,0.7059122012774635,0.6602277540261767,0.768159901637538,0.7228737729488426,0.6299868006490261,0.6493705178563748,0.5712220980911082,0.6313100381621101,0.5191019458975275,0.6572603491295117,0.39620967000712426,0.5663638650803908
0.502419268721805,0.5914253526478401,0.36935787609613246,0.7575450214453183,0.430134781052369,0.46804305146129255,0.49927121116534745,0.49238518795220376,0.4785117658558853,0.5157736842204279,0.22882487830513393,0.7219569334157926,0.5406125219036654,0.44850997472665344,0.7632454620708172,0.7358227948447211,0.49856004038588414,0.5144196740185334,0.37510081963131525,0.8965797507863307,0.5593479356913627,0.8518468155270822,0.0,0.3531336864114625,0.5119724564475393,0.6004026317921232,0.5061580968504822,0.4919359792232323,0.5164226008826335,0.5000600807931793,0.5571750819184818,0.5548374901313567,0.32069718013568516,0.49093852679846883,0.5168110977390105,0.7291346798598946,0.6358233305844805,0.3266368494922112,0.7624011069603838,0.8007808561023758,0.694816679346345,0.7013644803067802,0.8724593152170608,0.7817137378061894,0.5366100495311359,0.7710917564174498,0.6702360514489818,0.7505245672569787,0.6430057479092348,0.7505834260411735,0.734972153007359,0.7823911247980919,0.5932833276292057,0.7464591519523461,0.6973575572854034,0.8538932097574825,0.6189460904713104,0.6733653318921005,0.7327204979670601,0.8240715019877871,0.7271340660989191,0.4660427449741532,0.5405048173750956,0.7096191945326831,0.8051227232061886,0.7268013068052996,0.8170518390017599,0.6070213238190187,1.1593352969414643,0.7976750445153203,0.7409886165455971,0.6671840603885733,0.6855122005914167,0.812885174196153,0.7033089568440474,0.689214820164628
0.31213812528066187,0.5931521971542422,0.4095402070136321,0.366696342362059,0.414394581324524,0.4976085430017678,0.9677679736732047,0.34586592348177847,0.597269576069907,0.40716957934700426,0.2845132477808848,0.4417928083293873,0.3911603061594553,0.6527735511113828,0.5414714877972417,0.506208219091995,0.7677177015704155,0.6592952390110823,0.4199026483515093,0.5477860257386022,0.32409342740206326,0.43962711000228705,0.3531336864114625,0.0,0.5767473294112005,0.42331081287690653,0.4076609927924187,0.3812431047206114,0.6847220621165722,0.9087197032163926,0.6297558667292942,0.4456766309224075,0.5051398464601142,0.2811141912462143,0.2702747557432811,0.5184982237025171,0.2865129391457659,0.4827912422978556,0.8922717159867651,0.741221324238315,0.4184254779217801,0.4449216200968912,0.5067374784560487,0.5039314643355041,0.7239795749989221,0.3085145501874108,0.5114295648467173,0.0,0.0,0.47596544699233667,0.6807817890677015,0.38950650465920195,0.0,0.3075021155343084,0.5470350622588287,0.49381527571989625,0.6256760990689676,0.46675916282254554,0.0,0.35117550255678526,0.5518772461471665,0.3949724543441001,0.4735327422138294,0.4699193470363167,0.41367131035848104,0.2338539192793354,0.39373021485011905,0.6801213023432731,0.44803384488931547,0.4760431303394219,0.620724303087229,0.36952087699863406,0.6387891097782934,0.8625247616661487,0.0,0.645227623593249
0.35309742517894926,0.5379691293443265,0.5386925919207083,0.7976952537144464,0.3602520037628263,0.39179936025511075,0.40831447330819304,0.47128954438742676,0.2590626493179405,0.6845202145509082,0.6172619498503525,0.692048582339017,0.47390908405060195,0.4493582836705514,0.5391311472638041,0.6546676406055828,0.5998247707584279,0.5334057485011807,0.6075238969983231,0.6330460693204899,0.354782757788959,0.6758608841051046,0.5119724564475393,0.5767473294112005,0.0,0.4407734362345027,0.3058321785817174,0.5254241426534091,0.2481200246931013,0.4728005255559947,0.5424310944664129,0.4456993341328456,0.5167487149788412,0.4663282846685217,0.4836209641319529,0.503377534724783,0.6198056375558465,0.6049895312807051,0.6875204723542477,0.5678671245321769,0.47514162730956133,0.5049784005936286,0.17998051330840645,0.0,0.550033985648278,0.47107698483911525,0.7295674452938741,0.0,0.0,0.0,0.6748126764054742,0.6312940553096157,0.8082555670419385,0.43680781388541134,0.6205171178939413,0.45539767764853517,0.7290482423497391,0.517158042108889,0.0,0.4122388373625196,0.5264112093616231,0.5893423973062294,0.5178306910801924,0.0,0.5125687764523686,0.45187829849423405,0.5992726383822404,0.6602571459975222,0.6652804174042504,0.5600410396030626,0.670363779885933,0.3322892066914097,0.7983868299240777,0.31123026130910764,0.0,0.5368244183913577
0.6319792619294073,0.6111880365711384,0.6219816324804417,0.44159613928153146,0.485250366277859,0.5180508137453314,0.5610367394112671,0.6030719934481787,0.658759390773647,0.6090409627238361,0.677600790950194,0.3758822007295381,0.5379604958896739,0.4825798951950855,0.7059516604934715,0.720872069171139,0.6577527096827758,0.6342010929580361,0.6936051004240678,0.5492644762085892,0.7189033163200154,0.6273914917916147,0.6004026317921232,0.42331081287690653,0.4407734362345027,0.0,0.5099904051150677,0.506587925863325,0.40869031177886717,0.489441104359986,0.5122396205297235,0.6642239054918898,0.4722241689138358,0.46764902587042767,0.5398568586954163,0.20934703552560244,0.49038298863997776,0.5084611329756189,0.5791975125688388,0.4751173800901089,0.5887173690744008,0.3680265381828672,0.28716570415937714,0.5019471686548105,0.245269237158121,0.48616385842733023,0.7169721523248842,0.8713612073028091,0.0,0.0017645237773221446,0.5450127467661836,0.5904879030286188,0.4451705395435136,0.6117792562418845,0.6345575916903249,0.0,0.7478244081104766,0.6930406086657946,0.0,0.6080818043509157,0.5766010183102865,0.5970921673237983,0.5238683876682109,0.0,0.609910450919721,0.5649286945134713,0.6599835579267348,0.62711007037825,0.561586695389032,0.5605047206332644,0.6402572130407146,0.4557373937169401,0.6622404377360123,0.6142805580207085,0.44236663877003557,0.5484991349466779
0.4286813610077541,0.3717902548442789,0.4077755119160482,0.6714413724336354,0.41095978880503115,0.505693727137799,0.4423102011860527,0.580183527689063,0.3795140476806644,0.44325628461819844,0.44554679346155796,0.5037573528415923,0.5164005510324406,0.4717188387372861,0.6242394549731256,0.5001566205074144,0.3655154555423389,0.4833435667652324,0.5006942503375569,0.8072947716557338,0.6621566492295194,0.5393709065356872,0.5061580968504822,0.4076609927924187,0.3058321785817174,0.5099904051150677,0.0,0.5503103255517978,0.5749417725701952,0.5131519774564199,0.5185234521520323,0.4763711280894631,0.2264234254896786,0.464789784025751,0.4191922342009029,0.5704965425156313,0.6553868250950792,0.49337782322276236,0.8837329890096328,0.8598873621856449,0.5858149345237056,0.6063478574901826,1.0304707990723445,0.7781116127488761,0.23917281566940046,1.0979380277943296,0.3648707447070299,0.7175658275080429,0.5685737256350765,0.7409971890658285,0.7364113941248154,0.7754958037120359,0.7083450846476441,0.6973503615735174,0.8438932148719476,0.8421218370172048,0.6623011047393914,0.7318304222322072,0.791897690825011,0.7958814921102779,0.7233699622798588,0.0,0.49362111380305146,0.77991362408491,0.788452896537616,0.7296069802985716,0.6867337663867077,0.6553087135609854,0.0,0.7299408497409714,0.561275699948649,0.7106997166390168,0.7337387271038796,0.7760196128082382,0.6023495740064168,0.6902924592120151
0.2709441528574409,0.43395358981277576,0.48448081458855796,0.4458368758354723,0.6555524667256214,0.6260248742918277,0.4611059659859785,0.5674117887349355,0.5021303769704215,0.5188020965751959,0.4838779948422557,0.4271146940308975,0.33267360678814023,0.5512720324657944,0.5537669822158128,0.6321505886154373,0.6972858731610367,0.5560840068284156,0.502625670899878,0.7639994604371387,0.5671189634682816,0.7170205962065328,0.4919359792232323,0.3812431047206114,0.5254241426534091,0.506587925863325,0.5503103255517978,0.0,0.7028723566224444,0.7106722047209096,0.6242541439163691,0.5420341277255006,0.5967452597449958,0.3207628781068283,0.46876982299177555,0.6994696536273208,0.3768147343793562,0.09560880368923289,0.11808377164483785,-0.12838252695961927,0.7600332398852762,0.02530234549267696,0.8375147715380437,-0.11247732624275003,0.686878016288643,0.6299346181199632,0.6745561755489768,0.7166114126796446,0.0,0.7498070576543263,0.7968582051448636,0.616326707661192,0.5759558273650036,0.7173764155784368,0.5759985043067111,0.6605534493735874,0.538258069695649,0.8424101431830399,0.4022868287777381,0.7319927241213354,0.6099528884931843,0.3129029360859262,0.6622654021639849,0.7480023877504134,0.7857645005500136,0.6683173084117131,0.9662265828126143,0.7662227324328451,0.4710373532723715,0.7422036235938891,0.5800372228936663,0.7946275942959541,0.8097358479606127,0.7548806157011041,0.6120037396792617,0.7454945952470329
-0.18453996328623334,0.43137789545997485,0.6460872177371009,0.5587360834931109,0.25322140343132055,0.4521835080381387,0.4015726396802344,0.42502716153738385,0.3612933521689303,0.5938908235865787,0.45331037736143553,0.6100855496243223,0.548029219707305,0.2739727487334582,0.6050137805249205,0.5699730549458948,0.36205522132596657,0.37091935290378036,0.7586563627170322,0.5965210347004425,0.5573725910978371,0.4920252589535349,0.5164226008826335,0.6847220621165722,0.2481200246931013,0.40869031177886717,0.5749417725701952,0.7028723566224444,0.0,0.5676096661928588,0.6277979314835751,0.3285490956349778,0.1351183839170805,0.5989495419682693,0.47926720364076614,0.6272357025303086,0.5185878040520261,0.4639537053769933,0.6348608691307317,0.6791103910020909,0.6369387954195196,0.6079799560011492,0.30158689466607985,0.6780361586868899,0.47958093627831744,0.4510359196552438,0.5179521247806833,0.6739731512425368,0.4803129813832372,0.4384970513642768,0.7763899373440689,0.6477000346186799,0.7310375332184151,0.6491380722754073,0.7107470070346749,0.7116709013660887,0.5385345797967078,0.8056047749678665,0.582892379802846,0.7499686470447993,0.7891626563618079,0.46920448094665707,0.7036670464818112,0.6657191102608571,0.7784638351768098,0.6727081535699855,0.6970720280266501,0.7594412716126934,0.46107811907564766,0.7179836256755485,0.6497421096863473,0.7395545311926892,0.7079231264019639,0.7170350859644907,0.5426632506516227,0.7014067707324343
