0.0,0.03891438762110322,0.03848715884321552,0.0,0.011694583302514161,0.04516181987668105,0.025809495827152418,0.048260581500607524,0.03307155704244158,0.014402200340860372,0.023540908140561645,0.01181523845701471,0.032069194446491145,0.028311704657071113,0.04339721863676593,0.05262375084715981,0.03976280301447943,0.062277010116202514,0.0,0.06651282959938815,0.02758986363662108,0.032281501349682384,0.04322695952404293,0.08563882052373356,0.04619507340516049,0.05161327553143136,0.045368879625252545,0.019012219287714127,-0.043178203720734665,0.024778528644126885,0.07994410930192625,0.047106352153047704,0.055755060152405445,0.05947480179229675,0.05284665511044423,0.023850776873824864,0.00030849711954084036,0.11238452182583974,0.03948780349033154,0.020284198152769384,0.04548029835181333,0.02489813253230594,-1.6938039637093283e-05,0.0,0.020489231887334314,0.08720111234427852,0.030585785398722865,0.0,0.0,0.0,0.0362030863247344,1.1102230246251565e-16,0.04393684854556568,0.0,0.05813021878130087,0.0,0.05069893615643889,0.013620421167662045,0.0,0.09967560353379373,0.03888716060843428,0.029413470659566232,0.03158562485776634,0.0,0.04103656088712343,0.0034317298620304415,0.0406684074458451,0.03778000503607065,0.09578652188934927,0.03689861938193023,0.047094767314033836,0.016695587393142808,-0.0001616614248099446,0.040888853103307976,0.0,0.059958142563566075
0.03891438762110322,0.0,-0.007679893729645282,3.3767406999118954e-05,0.0462679760475217,0.026200663343643238,0.0408471650952571,0.03461615192352535,0.041986524548618565,0.0697645009926382,0.020154941042195784,0.03322213350252423,0.05140128239951536,0.009719599937080547,0.04195280511074184,0.05535668463863608,0.03875414193067761,0.041288222579491884,0.011175432335194524,0.060078683933498855,0.04259470550162919,0.05617508975613461,0.0010333122299587272,0.11924267821106777,0.01881537026043778,0.0384226991877924,0.034778651580224085,0.03981229522147339,0.04800171487333299,0.03519264464851063,0.06650370357371521,0.04923727721371396,0.035468360838274426,0.03721133409557659,0.02392804474278959,0.019368623312435662,-0.0009760871603191612,0.0,0.004940136807164097,-0.02395218504501212,-0.0037344626922990454,0.018164815639517995,0.0051973947185570135,0.0,2.220446049250313e-16,0.03104916900412641,-0.0031243040451222615,-3.0067716270787415e-05,0.0,0.0,0.032252561932063994,0.029148218727144848,0.0247155213531437,0.011638642745861405,0.0034681185514127133,0.0,0.016465380812159758,0.023204008514341345,0.0,0.028958462208376445,0.0018819193860779015,0.02633233005046537,-0.004006823326322739,0.0,0.006357492662329933,0.04401031793387844,0.000389432554565472,0.04165736485226945,0.05677870489843456,0.011648520692805586,0.006389272792212852,0.020950485266235996,0.01773618912363717,-0.009264712434343014,-1.1102230246251565e-16,-0.00013768232829669547
0.03848715884321552,-0.007679893729645282,0.0,0.02618019816879602,0.056508046715508686,0.060333195074388224,0.04413157576694193,0.06453543764876174,0.01580443759564787,0.049145714257273654,0.02493685953599989,0.03742765596144215,0.05317058354577747,0.016429949288948198,0.02079254498102262,0.029915053422198412,0.029185771321562748,0.026316381030745017,0.02866221591587087,0.03425085455480936,0.05732245016269372,0.04135573275580279,0.0656455422663264,0.037358909761842474,0.016555442275809906,0.03275830682588177,0.052724167406513034,0.05742372974517501,0.034304017403883,0.037231623364285926,0.05404542270338625,0.05204472328202997,0.03355610828566341,0.05538444370528439,0.05314006007531452,0.04133856264237967,0.04463800535058127,0.0365062078766768,0.0322906141399969,3.468984376420181e-07,0.06254972208758491,0.0371393148955973,0.007087812323008702,0.01998481166522864,0.0,0.0,1.8424858564958235e-06,0.16687130328349153,-3.8043289771749755e-06,0.03631181714907439,0.01807810849043534,0.042877118957408866,0.06191630801096215,0.04832352087552583,0.0008373705334123183,-0.0312976532586845,0.028174553446129125,0.04644367056253651,0.03798553964383411,-0.00010006748211582872,0.0,0.0,0.0,0.20709829975179073,0.007947452754628437,-0.003057498849732887,-0.00021551575043543547,0.04273315025746782,0.0,6.948276274354459e-05,0.021943481008462107,0.0329915490349294,0.06028756780111533,0.04502590524483463,0.006192088137996321,0.08785908566977896
0.0,3.3767406999118954e-05,0.02618019816879602,0.0,-0.014038870708249884,0.03881594817190215,0.014535781711255469,-0.03369956223157816,0.04137126287144682,-0.033275760433196605,0.0417810991856834,-0.013073511031775231,0.020283536285595205,-0.0010344826658085782,0.05793406820466851,0.000269163846497833,0.0067990212474368095,-1.732373109353258e-05,0.05674965127403253,0.07248969355913959,6.639173591649339e-05,0.04174235948207239,0.031202306118474854,0.011503293074681176,0.000475404268310331,0.06986302397208732,0.03794843088394434,0.00379812333619417,0.019864957513912873,-0.01234524235725315,0.06401581044095933,0.028281901704032608,0.15821288562426117,0.061519679732498445,0.08061449013443661,-0.002592508253833975,-0.003314926946928809,0.11971138680161497,0.0173563633240007,0.0004393323700721541,-0.0039442734546822344,4.428546056745031e-05,-0.029940982723961063,0.0025983199574341476,0.0,0.0,0.0,-0.0004395804340682763,0.0,0.0,0.010193075258880524,2.220446049250313e-16,3.964766543029796e-05,-0.00027487252191921163,5.551115123125783e-17,0.003759254279607771,0.009148141548376065,-0.00025614852795763365,0.0,0.0,0.0,0.0,0.0,0.0,0.0,0.0,3.49573162117256e-05,0.03078399012016586,0.0,0.0,0.0,0.027555603840166087,0.0009889773708815497,-0.001332138709861208,0.0,0.0
0.011694583302514161,0.0462679760475217,0.056508046715508686,-0.014038870708249884,0.0,0.054900595278441267,0.050382775880513764,0.012570413823492221,0.052932811709586414,0.03144113253970293,0.04833952672262798,0.033780168677118416,0.04235992162565411,0.003992151153090706,0.042674637125854675,0.04442780725782969,0.017821367385604858,0.031161921146424798,0.07521989897939457,0.055500847917743956,0.02665083793877182,0.05101435856728337,0.02573881073385692,0.022238661841122387,0.031894741100131574,0.03467923794763794,0.045260297849612,0.024177794610190095,0.04412180143980865,0.03496036262185853,0.031402434497194265,0.0538808461503783,0.031396940682607455,0.03321892942319843,0.061958526212339105,0.029659745237742785,-0.01956429843442864,0.01510971568621261,0.003644536087474559,-0.005040149069696853,0.003939409112078518,-0.003802640279252645,0.012421454226886286,-0.03745787462565919,0.00011206475517527847,1.1102230246251565e-16,0.008413421628476081,-0.005197527536767388,0.0,0.02639422435182215,-0.01395735732791975,0.04084721752946374,0.0008999367285853488,0.008882585281273725,5.551115123125783e-17,-0.013259340713659473,0.019656585917659952,0.02653657335774212,0.04570568228893662,0.007368349325109602,-2.3813055589239074e-05,0.0,-5.551115123125783e-17,0.007546976927174487,0.015602656712417562,0.0001469306477969723,0.008853987896535132,0.012074005871474114,0.0,1.1121982749218162e-05,0.004690972940770921,0.02574846969392075,0.03715697825093067,0.010269966469612535,1.1102230246251565e-16,0.04657246486669764
0.04516181987668105,0.026200663343643238,0.060333195074388224,0.03881594817190215,0.054900595278441267,0.0,0.03995531552908388,0.03909585324939063,0.03241408442814514,0.03364846752588474,0.0399482036355186,0.023034134279161123,0.03861757054423337,0.030754606554579567,0.03282797529353915,0.026067110192285303,0.024630352369513664,0.03686717906759002,0.007745793547383528,0.04849660077744028,0.03451031231686935,0.044609313005802176,0.04133559860287822,0.020067011876277796,0.01892960161042989,0.023786614032563158,0.04861411338355898,0.030302274624266934,0.018572842281247115,0.04194545887932899,0.036577338651664626,0.0428377084225382,0.027518242210214205,0.03718191692106648,0.04233119240888772,0.027066692519449875,0.037315476553261506,0.031232301880663005,0.045337184090990745,0.038679876041542716,0.05562003869840848,0.06780747323709863,0.04688931020476522,0.04251741725502811,0.04075506609213042,0.025958742110137156,0.03780497780629494,-0.019120561551997484,0.012790392301161246,0.03929492218333197,0.007789520821152474,0.00870370711271562,0.023120434874093876,-0.05841119197258576,0.032280567092714485,0.03215249143885568,0.01468474894123123,0.04036617503401707,0.0378992418974996,0.040098778643349486,0.025902381259925666,0.0,0.03372621142163107,-0.04929539943319,0.043141191575013615,0.05640582207072414,0.04724089397496306,0.022572544059894728,2.9393018205314814e-05,0.02825129813466315,0.031576491464625045,0.022489318626913835,0.03227311548122491,0.03833045172901339,0.035817716592387416,0.04019704105066346
0.025809495827152418,0.0408471650952571,0.04413157576694193,0.014535781711255469,0.050382775880513764,0.03995531552908388,0.0,0.0311970827988855,0.05179389539254592,0.0296518130574705,0.03557209483677015,0.04995744647678374,0.03964547942725055,-0.02776062709193189,0.0278156140781477,0.034136301264397095,0.03544971867964691,0.04490175844639438,0.04573195151423298,0.046418115739684296,0.04296990944580459,0.03758176590063511,0.02145737659193825,0.0074420857355175785,0.036681411853133394,0.042194091405409584,0.033878531752047525,0.03293114647037704,0.041071638750525385,0.03947942359636114,0.037975331108545285,0.04760327541267745,0.040108731377809015,0.032489843865095236,0.04666195365560555,-0.00221613098110518,0.01341779099140944,0.05904229317824844,0.032297187329862365,0.003529559780502678,-0.014852295058915777,0.00566400100475245,0.018012155027690657,0.01732704454107914,0.05569316249386791,0.0,0.03366832471387643,0.03274236341921766,0.0,0.03335406851683387,0.033251400304727174,0.05113157731962581,0.02792703177407907,0.036899212350463784,0.015604349687359687,0.04522842489941398,-0.004844765584321453,0.058123264543041064,-0.01602765077117807,0.03633766846577868,0.025161871465498642,0.0,2.4046572023983526e-05,0.041088130409714596,0.04116937459562353,0.012305091625509135,0.024094985025730542,0.02699815008558404,5.3443307483136415e-05,0.02195691094226998,0.02444998732073389,0.018527180566372592,0.0477395857963111,0.055450970433678026,0.009664429865119284,0.044927270055101
0.048260581500607524,0.03461615192352535,0.06453543764876174,-0.03369956223157816,0.012570413823492221,0.03909585324939063,0.0311970827988855,0.0,0.0746628736583006,-0.11791024921041798,0.05366279325413126,0.0346288645292509,0.0316043528378564,0.01737329577457769,0.08679528416702792,0.026250183999319887,0.012371219413776502,0.06205015144344844,0.05814165995466458,0.04177958190555192,0.0829915210234135,0.022765950210818675,0.0636086465461072,0.06660868106091078,0.05147974945980455,0.05051770122502919,0.05790232665221162,0.030946615202787853,0.04937291541937511,0.0595120202222994,0.04883204578848571,-0.03427173718703502,-0.09358988570180604,0.02507584505878263,0.02571451038618011,-0.011905421264513272,-0.05946133710586454,0.04388126424970512,0.03348225547690076,0.0346447348016074,0.045274015831042846,0.04911140254893298,-0.09292642626346626,0.020737852346161267,0.0,0.12165974600135987,0.02361308963227471,0.039589367687246746,0.0,-0.009419846481024896,0.012864619487119366,0.014204810432045134,0.06859743915482464,0.04413917263166112,-6.959796306416077e-05,-0.02398971096217578,9.037814886136974e-05,0.028071734423990524,-0.06769169637889905,0.07489564913329372,0.010298461532641356,0.0,-0.00023369115299476384,0.037154102523624055,0.06732679990789792,0.09512259723001987,0.0723416847788586,0.04258984076037059,-5.551115123125783e-17,0.03266323295343565,0.08925149846353242,0.03982631776548873,0.037866101418785936,0.040457766083406066,0.02134139672766877,0.06836548566515799
0.03307155704244158,0.041986524548618565,0.01580443759564787,0.04137126287144682,0.052932811709586414,0.03241408442814514,0.05179389539254592,0.0746628736583006,0.0,0.040123155250046616,0.07228291746217913,0.03662240052752358,0.06769432541341974,0.06336736642481583,0.019882103800792306,0.025991565548452777,0.034080213383465785,0.014003672552314939,0.020984214354274,0.06859440144394302,0.03147161749610777,0.05778159496158958,0.05528781680618594,0.03639175984997822,0.02011197562213468,0.003721659949674716,0.01788324666817226,0.05181745881311184,0.06125367570503065,0.028008513502760957,0.04586868228178842,0.04123571805420251,0.01148427995065604,0.043464284161565336,0.04284885568317359,0.05242286941378732,0.03403768113917144,0.02940719416343124,0.023917154971294707,-0.007880165744810597,0.049018936715210126,0.032148295139229566,0.022126569024734533,0.01600475798015033,0.02712818847528853,-5.551115123125783e-17,0.020718548071613496,0.04343900717195981,1.8276174787446031e-06,0.010845519482045818,0.01685725848477182,0.0336406130507505,0.0647318465148069,0.04677677531319935,0.008581907216759943,0.03421298579688847,0.028208850772627914,0.033583804909710024,0.018268310426706402,0.019292835907248063,0.010932339079412379,0.0,0.0,0.013220619939118938,0.027030603181932678,-0.0014989376996417114,0.014664269186813572,0.029953451602254932,2.2493078343399642e-05,0.01048029796801303,0.048429044314141245,0.03255920383342292,0.05092817069434974,0.02442803879555161,0.021935337231723473,0.028436905736692553
0.014402200340860372,0.0697645009926382,0.049145714257273654,-0.033275760433196605,0.03144113253970293,0.03364846752588474,0.0296518130574705,-0.11791024921041798,0.040123155250046616,0.0,0.03399284095041932,0.03352436559818306,0.023530144598147562,-0.14405988772230052,0.014637763981160734,0.03315009364150873,0.035457102763743364,0.04180741386354031,0.0332910532804771,0.03549903908701829,0.06169005271604533,0.04063109487610994,0.019123417915854868,0.0062629147937101615,0.033702416007457325,0.0561827968789681,0.03811804507260985,0.023820792717815675,0.05393215943391133,0.041047696847963444,0.02168115252070485,0.05523724399245439,0.01852347620944761,-0.02131285871382904,-0.010769934762932865,-0.04899393058242091,-0.010038502261993043,-0.02244723525171305,0.02857814486591642,-0.005405628519783712,0.017641867434051994,0.0012523451934531304,0.03967312066556844,0.02218401500797068,0.002692983534438087,0.07089675278043572,-0.015241861863684869,0.0001996826759131931,1.0377465226030225e-05,0.00039181310948399606,0.030001414131805182,0.03727719772275084,0.0027692014714259527,0.01227921577576524,0.011707343043182383,0.01705158298345605,0.02544159723233258,0.04546200922125326,0.0,0.00040720862861298723,-0.0029311391117938235,0.021939164059739558,0.011084321615421333,-3.4111272007586457e-06,5.542219733101206e-05,0.03896116312964959,-0.016192934404311687,0.026113107037163297,0.034414564738863285,0.016541993547149525,0.027713082729041216,0.009151730531895663,0.02078851387390479,0.026515182297857764,-5.551115123125783e-17,0.00719027816218365
0.023540908140561645,0.020154941042195784,0.02493685953599989,0.0417810991856834,0.04833952672262798,0.0399482036355186,0.03557209483677015,0.05366279325413126,0.07228291746217913,0.03399284095041932,0.0,0.02425555288073522,0.037383451441885984,0.026294740144318596,0.0,0.00010583246489542786,0.01203824276305937,0.02422442892217136,0.07104788517607608,-5.2267168489050775e-05,0.029075074397196254,0.008985671164896847,0.03998987136839072,0.05223395143302684,0.01613898054914964,0.0238323217015321,0.05276071327997078,0.0410569707815619,0.0173008872060344,0.005632921017387327,0.046329889320490425,0.04166821263347653,0.04025940082474455,0.045229137213761705,0.04595366837900455,0.016473043607478144,0.039730355568435516,0.0269519880203391,0.00014337929502550306,0.0008368944507587961,0.02063956769908748,0.014160772450386216,0.010295887067631182,0.006772917117035482,0.009138694133913605,0.0,1.1102230246251565e-16,0.10462509676812753,3.5389582941913744e-07,0.015357580174533036,-0.02665854770209558,0.02714042346688622,0.05265315251435432,0.05836578146121607,0.026504518119961684,0.13435849779723685,0.01670483182250687,0.03046203977437567,0.05132197507568004,5.551115123125783e-17,0.0,0.0,0.0,0.1994806332801492,0.005721829226356001,0.0,-0.00010868931848950769,0.047866335306225194,5.551115123125783e-17,0.0,0.00015013067818564485,0.018896397125146125,0.06378662660709405,0.01769412515657315,0.0,0.056563352680756185
0.01181523845701471,0.03322213350252423,0.03742765596144215,-0.013073511031775231,0.033780168677118416,0.023034134279161123,0.04995744647678374,0.0346288645292509,0.03662240052752358,0.03352436559818306,0.02425555288073522,0.0,0.030854287014991766,0.03718352472759889,0.028157253423913342,0.019253538109535173,0.02963038234452703,0.059514445258974646,0.04375606453667291,0.00960030837348197,0.026408259621233943,0.04489754017225067,0.03589491715494525,0.033417527946566605,0.049727378240828235,0.056159056219924564,0.030609903296587027,0.0547862549231562,0.019217764209740307,0.06195870081460764,0.01947538778013197,0.031846686591389284,-0.004252334833794114,0.020602367726892612,0.050339541315102265,0.023164897375706817,0.08974697665220988,0.012525553051687427,0.027221146549152586,0.00581580814774002,0.044506838163998697,0.06661350464893362,0.010524452332711265,0.02524186842823911,0.01652635178230233,0.06690507359973746,-0.0025180198346534954,0.006186814961408049,0.0067242128194948125,-0.00041000675231289696,0.009014540711940133,0.04498841408321652,-0.0002313088587784229,0.02078849501956398,0.013429764475978045,0.008746405776660415,0.035773162972597805,0.05329491168824574,-2.2359914957248428e-05,-2.9424032246760934e-05,0.009311088378844312,0.016790407341819802,0.0686211315336529,0.014222100486527556,0.0054752440021866855,0.014032568628390196,0.00979322983093811,0.005174282790764151,0.05016961539902992,0.012331621553077932,0.03131907007943646,0.01813841479213124,0.027864322072738923,0.0070357957691488116,0.0,0.01288506593302119
0.032069194446491145,0.05140128239951536,0.05317058354577747,0.020283536285595205,0.04235992162565411,0.03861757054423337,0.03964547942725055,0.0316043528378564,0.06769432541341974,0.023530144598147562,0.037383451441885984,0.030854287014991766,0.0,-0.025983707198411865,0.05241590475733998,0.03865733657861137,0.03647573605967308,0.049678541606750115,0.0501237921238073,0.05363054674313966,0.043478705590873024,0.043204271836984665,0.03217982576735784,0.016474446993370806,0.042273821347384666,0.04019707634383368,0.040676122338929976,0.04593028061542498,0.04525435593641258,0.06303137971980738,0.047475911125324954,0.04016240102463009,0.03541263983747156,0.03087511283271782,0.045581422412841466,-0.006170105715282925,0.01745640969475276,0.036981435305391164,0.03152863030748121,-0.00012638849095286675,-0.03786493798287954,-0.0026451325197945352,0.005571333186014216,-0.010372552858516071,0.05004363220756741,0.014645840641071606,0.025733364923850588,0.041004046804147376,0.0,0.04219100231842354,0.031332322356117825,0.05350921073969017,0.03736681208180176,0.05094595112959033,0.02221966495964811,0.024933241916895,0.015405316641568023,0.04079185162305621,-0.010999286082829962,0.04850859724037021,0.02049900800122989,0.012518532776224278,0.022663991320346577,0.05641020753833448,0.04277613707375083,0.0385722070890997,0.035219455781390074,0.03493459405661614,0.0029118836933682,0.03787366373781492,0.0334604819317032,0.03594873471945692,0.04670736285767707,0.041260236566208586,0.03820351306189618,0.04878430890561769
0.028311704657071113,0.009719599937080547,0.016429949288948198,-0.0010344826658085782,0.003992151153090706,0.030754606554579567,-0.02776062709193189,0.01737329577457769,0.06336736642481583,-0.14405988772230052,0.026294740144318596,0.03718352472759889,-0.025983707198411865,0.0,0.0343418301195606,-0.0004710354245430204,-4.755332453837413e-05,0.00010482279580448228,0.046983908978991185,0.015738830920516922,0.050289304594073936,0.008909571404303152,0.0338989623459543,0.03779156409243989,0.0037334041406966723,0.01958323328975453,0.028145073631096973,-0.005380795592780263,0.004264804568862246,0.009373935181357373,0.03510929896085385,0.03098477472425626,-0.014574329101199102,0.014712193247899963,0.06827467834317491,-0.001047165095643704,0.009608241618563051,0.0044016902919358225,0.037079693317084106,0.0,-0.008566485459789996,0.00022218735069295947,0.002822935112635705,-1.0186887052232585e-06,0.0,0.0,0.0,0.01407570508159317,0.0,0.024519946510735136,0.019010014099235084,0.005330799390722396,0.04916462211295419,0.012116752423063648,0.0,0.010441624175633879,-0.00023442383337651806,0.02725049991680145,0.051628628121891895,1.1102230246251565e-16,0.0,0.0,0.0,0.025764251469670263,0.0,-1.1102230246251565e-16,0.0,0.05287880319229454,0.0,0.0,5.551115123125783e-17,0.048318519143905336,0.014110467836561336,1.1102230246251565e-16,0.0,5.551115123125783e-17
0.04339721863676593,0.04195280511074184,0.02079254498102262,0.05793406820466851,0.042674637125854675,0.03282797529353915,0.0278156140781477,0.08679528416702792,0.019882103800792306,0.014637763981160734,0.0,0.028157253423913342,0.05241590475733998,0.0343418301195606,0.0,0.041604469570839464,0.026589231162546578,0.05404963132494439,-1.1102230246251565e-16,0.0028217929700811717,0.04599164944491074,0.010465693978906676,-0.00460206833214627,0.08168408345263317,0.035717171798620884,0.05670668458831801,0.002083581045293381,0.030696650975355844,0.04190301246786504,0.04693463270052228,0.046611208103300994,0.03995114302616787,0.04959347834139877,0.03245505907996815,0.038488349427308,0.04482666029454263,0.04243437039707415,0.00010116318969893845,0.050404529039657364,0.04834774298095357,0.04127938429792205,0.06125155676248317,0.02146108591779594,0.006545951738385347,0.0,0.07589380206702484,0.028027587081487226,0.02746844204012322,0.0,0.0,0.04383485051359487,0.019013994697622105,0.03435854906540314,0.0032745954603266014,-5.551115123125783e-17,0.0,0.007477655972986608,0.04633775874129814,-5.801257733528686e-06,0.07537897779255248,0.04596990141843432,0.00020278144805513376,-0.011247637014707768,0.0,0.07156505039738753,0.07580368426487011,0.034493396661566034,0.058906998781104836,-5.02866693523063e-05,0.020253089859242346,0.042334328608221394,0.05895231012248314,0.04280732926514419,0.05031366193806225,0.03451334689768082,0.046431324716037836
0.05262375084715981,0.05535668463863608,0.029915053422198412,0.000269163846497833,0.04442780725782969,0.026067110192285303,0.034136301264397095,0.026250183999319887,0.025991565548452777,0.03315009364150873,0.00010583246489542786,0.019253538109535173,0.03865733657861137,-0.0004710354245430204,0.041604469570839464,0.0,0.03098635916825021,0.02323759781525281,-0.00014487471548602082,0.0282246832464097,0.037001950036832876,0.03249656001221901,0.020031145531827554,0.040719394661244745,0.04449558350887001,0.05575645108923449,0.026244570005091006,0.0414962490791414,0.03140505187670284,0.05579430765067872,0.01392168612845951,0.040410332458400255,0.04714101484354527,0.025833114846395833,0.03697253654602306,-0.01802494942648941,0.009329016039192395,0.007496630791743231,0.015528043781530387,-0.02820305285480529,-0.0033711018599569265,0.026009037161569604,7.5643974578043505e-06,0.0,0.0,0.045042836266999675,0.006831289417616848,0.0,0.0,0.0,0.015763746966774905,0.007449855222817381,0.01101386015681094,0.0,-0.006373402586969001,0.0,0.010310884269367215,0.02730817814253067,0.0,0.03929326397317162,0.013256684755404313,-0.021865802374077425,-7.462201854852024e-05,0.0,0.043675424546484265,0.0434707359341589,0.011098299893115449,0.0469821796984915,0.017743535880282935,0.018272110755196913,0.01946640860030946,0.04176468989516746,0.03011032530022817,0.02961943586441751,-1.1102230246251565e-16,0.01155360511240644
0.03976280301447943,0.03875414193067761,0.029185771321562748,0.0067990212474368095,0.017821367385604858,0.024630352369513664,0.03544971867964691,0.012371219413776502,0.034080213383465785,0.035457102763743364,0.01203824276305937,0.02963038234452703,0.03647573605967308,-4.755332453837413e-05,0.026589231162546578,0.03098635916825021,0.0,0.02535173837341459,0.01986130146608367,0.0644832865284396,0.01883615553315815,0.02712052759216438,0.027971456446927667,0.024110994636450667,0.011633959802482385,0.027564415434375433,0.027823602612956022,0.04617368145050804,0.014226048790507928,0.016298043420981734,0.04519353196940834,0.03437563269887478,0.037319635096517034,0.03309854445471666,0.02301033646730477,0.021555877156860692,2.0975869886419307e-05,-0.011020129365203857,0.00503631027410445,-0.05275126999068813,-0.00876668386145385,0.005602651388717683,-5.551115123125783e-17,0.0,-0.029090806471782582,0.029995452420326807,-0.03945425262298802,0.0,0.0,0.0,0.0,0.0,0.0,0.0,0.005305700784947631,0.0,0.018893193093337424,0.0038200062261796175,0.0,-8.450084557654058e-05,-0.036742123296788054,0.015664731809021226,0.02725325537825124,0.0,1.1102230246251565e-16,0.0,-0.014559728957581008,0.0,0.0488473253070677,0.01725482100361314,0.024339608819197278,0.0,0.025640482585518487,4.558735881954323e-05,0.0,0.009903488664316673
0.062277010116202514,0.041288222579491884,0.026316381030745017,-1.732373109353258e-05,0.031161921146424798,0.03686717906759002,0.04490175844639438,0.06205015144344844,0.014003672552314939,0.04180741386354031,0.02422442892217136,0.059514445258974646,0.049678541606750115,0.00010482279580448228,0.05404963132494439,0.02323759781525281,0.02535173837341459,0.0,0.023101926472840095,0.03890167759726276,0.06154687765711414,0.026445681350927897,0.05389525899451558,0.03402995106095236,0.03320257310881969,0.039782592206455636,0.02769933122079732,0.05589003423616884,0.03624166764772713,0.06524383385993393,0.04192875882566255,0.0397497194530923,0.05296314813930392,0.03742169163804748,0.03089927048191321,0.02070068470223657,3.495911901757465e-05,0.025765302933130785,0.018889861049041057,0.00018454352266050744,0.008854839465398112,0.01770787340661706,0.0,0.0,0.002748571988640036,0.047387777009847754,0.014846083955779188,0.0,0.0,0.0,0.015005547092045601,0.00014743382749288214,-0.00039929890201417795,0.0,0.01708500960403797,0.0,0.005782492700938169,0.011074197137720176,0.0,0.051608514541460315,0.02110641740598923,0.015681691146825938,0.012312293750685543,0.0,0.025722787039332506,0.01215253491172369,-0.008173908035600697,0.01750105585383882,0.03866440405655486,0.01734053061465668,0.02392420454507871,0.013747912831723885,0.018463310456200588,0.021650994616998265,0.0,0.010069998031282945
0.0,0.011175432335194524,0.02866221591587087,0.05674965127403253,0.07521989897939457,0.007745793547383528,0.04573195151423298,0.05814165995466458,0.020984214354274,0.0332910532804771,0.07104788517607608,0.04375606453667291,0.0501237921238073,0.046983908978991185,-1.1102230246251565e-16,-0.00014487471548602082,0.01986130146608367,0.023101926472840095,0.0,0.000320952553116427,0.008971572997050037,0.009496820249153326,0.03131763085661943,0.046668978418465734,0.02511379947377923,0.02230917576989727,0.05948035058871903,0.05305816749009035,-0.0027787290107675333,0.04450202352893351,0.05246866932717481,0.05014415374045911,0.05457314905232419,0.04742073530130991,0.04683361364517047,0.04793905842584889,0.03137212730467698,0.03700766407609285,0.03218374645751432,-4.025736029367177e-05,0.02973996149836733,-0.0018565410601646959,0.006302246535133449,0.01484011018263981,-0.0005305451244946302,0.0,0.0,0.07641578995055981,-5.551115123125783e-17,0.019966118650979525,0.020852339489369487,0.05406101427566046,0.06388863263719369,0.0287317263954604,-9.807920885479549e-05,-0.13546313503525842,0.03283855369884181,0.042246316643070325,0.04729642175758764,2.220446049250313e-16,0.0,0.0,0.0,0.04235171573497787,3.9241883102447694e-05,0.0,0.00011026663219082522,0.02882769556426168,0.0,0.0,-5.551115123125783e-17,0.026878499071048223,0.03807100425448795,0.036550941101334056,0.0001352886780464635,0.03957836911482171
0.06651282959938815,0.060078683933498855,0.03425085455480936,0.07248969355913959,0.055500847917743956,0.04849660077744028,0.046418115739684296,0.04177958190555192,0.06859440144394302,0.03549903908701829,-5.2267168489050775e-05,0.00960030837348197,0.05363054674313966,0.015738830920516922,0.0028217929700811717,0.0282246832464097,0.0644832865284396,0.03890167759726276,0.000320952553116427,0.0,0.049529620506609195,0.04110192027475562,-0.00023857647158903594,0.07100495128896511,0.02802916657635679,0.052995643951111504,0.05004153870005379,0.05187189606331183,0.06052658366168073,0.01431243161167739,0.05926661849399584,0.059569881720164475,0.050490300681215794,0.055476160535800234,0.056941745058243565,0.05346212089870506,0.05894854227864221,0.0016445817506796634,0.05720224677289021,0.047651823912221114,0.03886084461167005,0.06256249594223229,0.046664746955175196,0.008103082103626036,-8.45383951461609e-05,0.03176353831382106,0.023573577347893004,0.03536809873001112,0.0,0.0,0.032225838196890566,0.04846903015758797,0.038321778679213436,0.024363119411436873,0.000471364232104976,1.1102230246251565e-16,0.01960732392061193,0.05070728633902888,-1.1102230246251565e-16,0.05699728518631875,0.023390830968509357,-1.203332382121447e-05,0.025128166987230804,0.0,0.05829326229271237,0.06829290190158455,0.03596066297301881,0.05540639965912397,0.0,0.01844735907646422,0.03923948239746705,0.051560146878161905,0.04409932619451995,0.0461191639706075,0.03709247294524215,0.05136989088094357
0.02758986363662108,0.04259470550162919,0.05732245016269372,6.639173591649339e-05,0.02665083793877182,0.03451031231686935,0.04296990944580459,0.0829915210234135,0.03147161749610777,0.06169005271604533,0.029075074397196254,0.026408259621233943,0.043478705590873024,0.050289304594073936,0.04599164944491074,0.037001950036832876,0.01883615553315815,0.06154687765711414,0.008971572997050037,0.049529620506609195,0.0,0.0351449560154955,0.054166091938884775,0.07595043796788509,0.059523442304794505,0.04703676880044716,0.02979210775090274,0.05540689232736706,0.05646156095220961,0.03648690244110214,0.03668884479469742,0.030680164860859227,0.05984762905614416,0.014092989640292986,0.01551549250673373,0.02144011204233459,0.016858743234465623,0.032643466314960234,0.036218169200550876,0.034631271566621935,0.03066761752785091,0.051656179338332,0.03292862662102136,0.0,0.0,0.1244932852149298,0.023227522563270264,0.04246799510165694,0.0,0.0,0.01437129778273133,0.03896125960818325,0.015813550531229625,0.004353641147031573,0.04496615191200731,0.0,0.008275356189116623,0.031142812686074883,5.551115123125783e-17,0.034098998005176906,0.04348775761735868,0.0,0.02871341310201664,0.0,0.05025877676032542,0.05127946503531944,0.023436478877610578,0.03200373623439112,0.0024278104406553758,0.04069576624368443,0.03888807468719335,0.04016357191270242,0.033936124116563327,0.031750712732178,0.08795525212692301,0.01322035699962576
0.032281501349682384,0.05617508975613461,0.04135573275580279,0.04174235948207239,0.05101435856728337,0.044609313005802176,0.03758176590063511,0.022765950210818675,0.05778159496158958,0.04063109487610994,0.008985671164896847,0.04489754017225067,0.043204271836984665,0.008909571404303152,0.010465693978906676,0.03249656001221901,0.02712052759216438,0.026445681350927897,0.009496820249153326,0.04110192027475562,0.0351449560154955,0.0,0.0394211058433826,-0.08841066643614826,0.02177782880738588,0.047516190070186204,0.04845529109538199,0.029750147153752737,0.05219384299844343,0.04745858007121062,0.03141630769461767,0.02914284292439223,0.01728756685716587,0.02109846790021619,0.02324308884563786,0.04201359242109981,0.043405530916399204,-0.039383884586610796,0.01685224119605183,-0.005734590667443418,0.006210997211280822,0.031613566412420524,0.020279532193939465,0.0019698317528257236,8.796358888590872e-05,0.04124493500223647,0.00045399938346807334,0.02073843164063327,3.1900405037532664e-06,-4.5674320089117426e-05,0.027843475808779272,0.020354650144071784,0.03503630665080909,0.02219870241861943,0.019560457548907728,0.0,0.010398589164340832,0.031380294834253086,0.0,0.04803041257271057,0.010793085495812926,0.01249631800324319,0.0031739390769439657,0.0,0.037528656236802405,0.054663670901087036,0.009016768275083298,0.05205016559421116,0.032441087513047584,0.0049779646991422455,0.021144767576608325,0.04910596578592863,0.03937036958338541,0.023319554899723816,0.0036849074884117705,-0.00032830144340856293
0.04322695952404293,0.0010333122299587272,0.0656455422663264,0.031202306118474854,0.02573881073385692,0.04133559860287822,0.02145737659193825,0.0636086465461072,0.05528781680618594,0.019123417915854868,0.03998987136839072,0.03589491715494525,0.03217982576735784,0.0338989623459543,-0.00460206833214627,0.020031145531827554,0.027971456446927667,0.05389525899451558,0.03131763085661943,-0.00023857647158903594,0.054166091938884775,0.0394211058433826,0.0,0.0658404375590011,0.02306409779767865,0.048054601738942826,0.02072468850219994,0.030788751157946603,0.016569709314995684,0.04077497055360735,0.030463401047279293,0.029424212467805855,0.010191984929973419,0.025335593083329278,0.027559109826672534,0.00702651277529065,0.02835800510085551,0.030246239206176417,0.035312499863322744,0.045999700160763546,0.039562401745793285,0.0573410376473682,0.03730752578606772,0.052202980599268645,0.01639055027269498,0.057824276196896285,0.02560744180055241,0.03745896075385746,0.021946017712609678,0.011798515965706358,0.017824891477865035,0.024190044966243107,0.04424894317401651,0.013902528242186962,0.02788329866655903,-0.0391216764296321,0.014529354038487263,0.028650475665656594,0.048660002478193964,0.049818993905552,0.06839147594276446,2.9272391003698495e-05,0.03706899270456837,0.06016723215065112,0.04022534167363834,0.04608522640046303,0.05168848758593797,0.03385500013146736,0.00011280996677781596,0.02788859939474908,0.060589661749393287,0.02846043478246485,0.03622085832347954,0.03340277428407723,0.03298883304997724,0.03687526734148383
0.08563882052373356,0.11924267821106777,0.037358909761842474,0.011503293074681176,0.022238661841122387,0.020067011876277796,0.0074420857355175785,0.06660868106091078,0.03639175984997822,0.0062629147937101615,0.05223395143302684,0.033417527946566605,0.016474446993370806,0.03779156409243989,0.08168408345263317,0.040719394661244745,0.024110994636450667,0.03402995106095236,0.046668978418465734,0.07100495128896511,0.07595043796788509,-0.08841066643614826,0.0658404375590011,0.0,0.02062643672524156,0.038059380823554756,0.041796950328932825,0.030522408097347187,0.03102742182944057,0.008873360119520723,0.014561520860066013,0.049832945809842044,-0.001512457714107962,0.00979823135938701,0.02072339590515032,-0.0006995668173477299,0.061101750255507126,0.009709454090060243,0.03673628380720734,0.013720348632104695,0.025626011644158952,0.07831564855128875,0.011748742471632767,0.0028295297250871543,0.025825613304266803,0.0779392120109294,0.015746521304203898,0.0,-5.551115123125783e-17,-0.00011562058169739542,0.003558533260758834,-9.907551990995245e-05,-1.6653345369377348e-16,0.00020596816088691572,0.021439820469173032,0.00015152156352093993,0.03962198004113343,0.005432340212964348,0.0,-0.00044436195273372947,0.021846759046869668,0.011754409447052916,0.019594085779876147,1.4089822496621274e-05,-0.00019296670508484048,0.010235923291248283,0.015678046592340233,-0.00035481166894074656,0.04615648660434907,0.02409755917972456,0.035719542369451907,0.007434904995981595,0.04703539857545347,0.014433355550126259,0.0,0.03334996488575903
0.04619507340516049,0.01881537026043778,0.016555442275809906,0.000475404268310331,0.031894741100131574,0.01892960161042989,0.036681411853133394,0.05147974945980455,0.02011197562213468,0.033702416007457325,0.01613898054914964,0.049727378240828235,0.042273821347384666,0.0037334041406966723,0.035717171798620884,0.04449558350887001,0.011633959802482385,0.03320257310881969,0.02511379947377923,0.02802916657635679,0.059523442304794505,0.02177782880738588,0.02306409779767865,0.02062643672524156,0.0,0.029697463153230408,0.01331973264402564,0.031789263679257496,0.02701179211482735,0.023309555108948,0.04295806580742645,0.04949465377200296,0.044987946026181336,0.030329885603177398,0.02721967203339465,0.047136911429266404,0.002304925296303939,-0.00046460294388112056,0.00216364754508952,-0.04619250864348401,-0.01126198266104872,0.0005493569006005949,-0.0005508489930119431,-5.551115123125783e-17,-0.06757913235256868,0.031881056158284904,-0.0007878124795639985,5.551115123125783e-17,0.0,2.220446049250313e-16,0.024615900837055005,0.012843061583405702,0.047983182718540296,0.0004656586959741471,-0.009681469158249245,-0.0002756282142148403,-0.005594986551827608,0.022549053101108885,0.0,0.042523053077262785,0.0022539896682963745,-0.005283925602666439,-0.006350244894173407,0.0,0.019339285655907146,0.03825961920331333,0.007588677974814606,0.04206975226805304,0.020149226427056577,-0.003458371443086583,0.007721576048062617,0.024191774485121498,0.010915770680166248,0.030038921956962117,0.0,0.0035961746014009366
0.05161327553143136,0.0384226991877924,0.03275830682588177,0.06986302397208732,0.03467923794763794,0.023786614032563158,0.042194091405409584,0.05051770122502919,0.003721659949674716,0.0561827968789681,0.0238323217015321,0.056159056219924564,0.04019707634383368,0.01958323328975453,0.05670668458831801,0.05575645108923449,0.027564415434375433,0.039782592206455636,0.02230917576989727,0.052995643951111504,0.04703676880044716,0.047516190070186204,0.048054601738942826,0.038059380823554756,0.029697463153230408,0.0,0.029456185271202584,0.03557220216481133,0.03067430635483659,0.05345967538727514,0.05450340865765363,0.0465292664793267,0.043224060201182746,0.03725581691335966,0.033586648581795164,0.042863732450837855,0.04357564226129895,0.006540381467547041,0.031097146198211634,-0.021131876478459044,0.02447091113123523,0.039455605770851,0.018867536769302806,-2.164236246937623e-05,-0.06374904474373844,0.05952291634137569,0.020715560642127706,0.017617599174569343,0.0,-4.003072574160216e-05,0.04144786562015551,0.028642089639004387,0.036388917910048335,0.00429872821832622,0.002680543916437794,0.0,0.016231086234912928,0.031083717426106217,0.0,0.034861807386583954,0.032981137364928526,0.0017682210111342744,0.008308192875370934,0.0,0.046655767364653655,0.06901447773878983,0.0225970299443507,0.06413517639001326,0.030984253989473298,0.014708999705109138,0.02119391204709742,0.060856270654663425,-0.02333365730558823,0.047672643223901856,-0.00038083992958093393,0.02440120230416576
0.045368879625252545,0.034778651580224085,0.052724167406513034,0.03794843088394434,0.045260297849612,0.04861411338355898,0.033878531752047525,0.05790232665221162,0.01788324666817226,0.03811804507260985,0.05276071327997078,0.030609903296587027,0.040676122338929976,0.028145073631096973,0.002083581045293381,0.026244570005091006,0.027823602612956022,0.02769933122079732,0.05948035058871903,0.05004153870005379,0.02979210775090274,0.04845529109538199,0.02072468850219994,0.041796950328932825,0.01331973264402564,0.029456185271202584,0.0,0.040768124763356506,0.057029456492055375,0.05452611786936429,0.046553187644517324,0.040193296124785394,0.029337108872269535,0.03686921948465116,0.03810215283654539,0.013045832793272705,0.030071090569645242,0.03742669745565075,0.03631023497172453,0.048102237548484694,0.03872355954885476,0.04568119794386927,0.03310936945032905,0.026450739054778738,0.036894495590346466,0.03995783536621733,0.012087635022025756,0.013344596066347303,0.009916170254495926,-0.011880376669338055,0.016881433573807447,0.027918127518019586,0.03883442811698201,0.009609722294905754,0.011712578014897557,-0.01899915999344448,0.02044668426701607,0.03481366066004221,0.03848602919337285,0.03441585050627838,0.024724268186034848,-1.1102230246251565e-16,0.010308775816950555,0.0008570982025043472,0.033908789698052055,0.03388666916741556,0.03202787765012555,0.029673225133360348,-5.551115123125783e-17,0.016164130390470766,0.02155976632582779,0.029192653865289575,0.03214767910320859,0.03672432113541807,0.039368513425519946,0.03911699498239585
