0.0,0.5651606484965591,0.37047867747408714,0.0,0.6098566678256441,0.4241186538769015,0.5840424904702219,0.5832367773932872,0.364542485728,0.5786504340588633,0.5142058025258267,0.582275329469986,0.6821189174195021,0.44598479900401555,0.45110531388684016,0.6870554652156117,0.478135904658562,0.4877102851205487,0.0,0.5584538424497866,0.47699692264473953,0.6396930505144298,0.43060778101866043,0.6622748877692017,0.38754563211077503,0.6295113234978416,0.3827472400161848,0.46688910312794907,0.41957121427610183,0.3758451189585422,0.5785191344687582,0.7322179371770992,0.36322863445273634,0.5786272735607021,0.626352852468494,0.5793762796086974,0.4798759033569333,0.3713752984514849,0.5559138057756603,0.4733110844064651,0.5737190650156504,0.6412369610214967,0.46424615024949134,0.0,0.3136150604420258,0.6198075795921125,0.46430112137996743,0.0,0.0,0.0,0.28535305189003335,0.0,0.507569607025975,0.0,0.4067440858301283,0.0,0.5048430306021511,0.8150120537686013,0.0,0.5319012211772773,0.6559833996705435,0.4354402653681988,0.5038902050406804,0.0,0.4096954422075005,0.8484814992899491,0.5967849925191606,0.46894904461893056,0.3544225831066559,0.4865964128037712,0.5535086950130736,0.3103536864786883,0.4534664944411745,0.5230430346355649,0.0,0.5434718269820262
0.5651606484965591,0.0,0.31396413895909714,0.40823859737915236,0.46053238258055906,0.4372211061485973,0.5469645161681069,0.5193382758254212,0.3754124115120222,0.6285986040056012,0.4066238881616484,0.4217939196912909,0.6040899554176201,0.49595172839629065,0.6142829716097435,0.6369622697516011,0.563636454343831,0.5254427426427088,0.6580241538538524,0.2886690511353888,0.4972971104001791,0.5557014278503059,0.4879775894509808,0.36662203601214755,0.44794212652508403,0.4659818148763812,0.2775512674108954,0.5190044138796979,0.3746859768788171,0.4535084974839173,0.5787994780239978,0.6680708312843763,0.347930042997344,0.5903043369933835,0.7115570124522228,0.5952740245991036,0.05969621960894314,0.0,0.5698894310723729,0.5171225781700952,0.48611678671919534,0.5885515515232691,0.5818250017095159,0.0,0.0,0.6491795473628585,0.4927673023791392,0.04697354341498173,0.0,0.0,0.8126783597324541,0.6071839178968735,0.4816642006608219,0.6763379309346103,0.7543655206705895,0.0,0.42772524364261816,0.5941434194763351,0.0,0.4874742138340544,0.6738876675372698,0.6298645803714378,0.5695296489640225,0.0,0.6067179244344256,0.7409761016544605,0.8237154803077169,0.4793306622474945,0.31429932381054226,0.3782187618783281,0.5352388786582689,0.700713894737889,0.6110360474466949,0.7505018787778485,0.0,0.7013856846900364
0.37047867747408714,0.31396413895909714,0.0,0.13256732470636606,0.37666062198491557,0.37983291711989625,0.3203997012630787,0.48671814086405074,0.05918113027159583,-0.16515909667176387,0.29308927984924527,0.5447303302510145,0.33789750445046274,0.5153618902706139,0.5596735264320531,0.3414903266155924,0.4795778550785547,0.5375452775972207,0.4522890185669194,0.15891075263591894,0.4106378510641875,0.2995960139108228,0.4932345712740499,0.40716615361337793,0.4808137817528219,0.4911085749626988,0.22316386492483978,0.3305652382530363,0.28529772337366593,0.5837276569565276,0.33345053175975614,0.36471526287626066,0.35742029824395366,0.3269356092394824,0.27098476990130227,0.587834155805995,0.14549574524115821,0.44281534486637786,0.6154857334305706,0.4734351100088723,0.3526688757306819,0.5056978647190539,0.6377456145339416,0.6472074889786426,0.0,0.0,0.39390595924475363,0.24099495545850352,0.4746445969419024,0.33508707143733174,0.2651268358645403,0.4252972003564336,0.47265713685909927,0.41669614517672277,0.4439925431334394,0.4334477467602311,0.7564077294188207,0.5160777483806266,0.5276042905722526,0.3514631078912618,0.0,0.0,0.0,0.16998163638923605,0.7458714146175773,0.45884970378383416,0.24390624242366457,0.37808145092337153,0.0,0.542995181848988,0.6258083306956217,0.40106996297470887,0.4839115727770712,0.6453509293248021,0.6393095164702483,0.36126742105266463
0.0,0.40823859737915236,0.13256732470636606,0.0,0.4256762846239246,0.35645715403353506,0.5988397188044936,0.6165201142809775,0.2620632759217671,0.4170711736518809,0.3419037542955214,0.38695108367427167,0.4129660241808535,0.6279587791115054,0.6030930016941249,0.2510974828576168,0.38399713112269074,0.46554220862379336,0.3862527498644821,0.7277850858823667,0.4347617147451994,0.6794314854328996,0.4826898375277353,0.14531771653789569,0.7973169563774296,0.5189197141164844,0.3846390670053729,0.407517410256518,0.46092135364487735,0.514889600182777,0.41102360528571846,0.21065768402484672,0.29187000375893246,0.24497183958460814,0.059255734574816504,0.3006794775920584,0.24027937344619535,0.36775188340385667,0.09441796529739814,0.3789592470458938,0.5305709200556825,0.26614095744676836,0.6624466021479318,0.15914312600290412,0.0,0.0,0.0,0.42312131217846705,0.0,0.0,0.7636042181795183,0.0,0.46368698891124294,0.2961275466908269,0.0,0.21955179418964033,0.19820330426617874,0.45435057973614024,0.0,0.0,0.0,0.0,0.0,0.0,0.0,0.0,0.4604392199619515,0.5906689281365594,0.0,0.0,0.0,0.5068612721474317,0.4585964112973623,0.6448127647707367,0.0,0.0
0.6098566678256441,0.46053238258055906,0.37666062198491557,0.4256762846239246,0.0,0.2723003950663989,0.3355642713974135,0.4782278713178638,0.28393793534442546,0.6277241597773963,0.3458551679816747,0.3975892460487521,0.270548462858029,0.26892339222716155,0.6312866866995736,0.6693105208355217,0.48028067218167514,0.4868457889237786,0.21823337887229555,0.3955966954841465,0.597595488963965,0.4402801872362756,0.3200427894553653,0.28671367015814975,0.6952019273659387,0.6564864704077094,0.3189404555634334,0.34378278139128815,0.4295122950739254,0.4494369564301467,0.35568224712240876,0.4181817265831287,0.2198779896639526,0.4109244658704595,0.37205915506697745,0.21392934847634762,0.8564015214180399,0.3742573914766208,0.7201430260950739,0.49347911992768034,0.416281850731101,0.729411374812796,0.5531757399205963,0.4287665863026477,0.35884912865719876,0.0,0.45015395051986745,0.5765002984627782,0.0,0.47799224389813416,0.4285503239726863,0.6328732528932097,0.4310496401771773,0.3494045587459983,0.0,0.5328076336935064,0.3449010544650376,0.7677965106308473,0.4211963709594583,0.31083900190114455,0.4514093934335277,0.0,0.0,0.5915018089741734,0.4627269201945804,0.4825208725353853,0.6007468943454346,0.5634371323775884,0.0,0.4755656128312417,0.6380869451155669,0.38710386284375753,0.594170700198928,0.5672431952076323,0.0,0.5383999023333067
0.4241186538769015,0.4372211061485973,0.37983291711989625,0.35645715403353506,0.2723003950663989,0.0,0.35595120318066487,0.5073963030902355,0.15786841359125722,0.3778894975646817,0.44087028606097056,0.701712359895784,0.44863516338462306,0.46236536477436924,0.5486195352454382,0.619821822781506,0.5605021449469574,0.6008629578949736,0.3205358788746288,0.272397571149229,0.546848860634137,0.3327903031206029,0.3673570877506305,0.4244154179863002,0.6052543163882633,0.595802904945818,0.2934431742247734,0.37905897484413487,0.2188253105800803,0.5050466640541198,0.5128043120085752,0.6005087809506473,0.5047754175968309,0.5136579858427326,0.6973182823341104,0.39738913288516425,0.3513814200851192,0.4771056029998465,0.5736272187708027,0.2793084066558716,0.5036047576216669,0.6115925886302453,0.5983104496423802,0.545024545459652,0.08364270711311458,0.5290681806212727,0.5740061183102414,0.5172763724156761,0.7702106411045675,0.3515729644887944,0.5257784796357783,0.5026239848898031,0.620286598300668,0.5123353064644425,0.7186095297051007,0.461762742066441,0.5037717502324498,0.5723636455567475,0.21810265657231703,0.5845292929577476,0.6099875015835079,0.0,0.5613266688297671,0.38320937410524775,0.7376190395506671,0.4680977625655659,0.6993884496848832,0.5518221337271104,0.5118984418115418,0.5057622573565288,0.4921529606918735,0.5283243267641325,0.49778319187093967,0.5437176841238263,0.49686754677849165,0.5178908418268986
0.5840424904702219,0.5469645161681069,0.3203997012630787,0.5988397188044936,0.3355642713974135,0.35595120318066487,0.0,0.39169526267233196,0.27124694564687923,0.6102882901200033,0.2312929230488718,0.42459064831220616,0.4254264457827291,0.2838618093208703,0.49466038995733286,0.6461954515860617,0.43661049419998343,0.5545812668181289,0.18699482188645278,0.4741935721224271,0.41416227536334427,0.49341410255444085,0.434349561578743,0.10246850129646695,0.5510791717650934,0.6486846739969973,0.3417504146369971,0.6224449050632059,0.48370398400515585,0.5656479212787078,0.40729204388179624,0.20898154102823632,0.3476000800480792,0.4941497270332328,0.29729053688765456,0.5273850828422395,0.7005341697970175,0.9793030906037925,0.6937762276866852,0.43345015579099905,0.7602699603926717,0.7489728387819735,0.17540037170854364,0.7690261009067116,0.27872966689633055,0.0,0.5494396763762739,0.45091312465503464,0.0,-0.15816964601173444,0.4324662461337769,0.6172919439211896,0.4759984432285523,0.643608672145082,0.5838479127909106,0.24412045628052556,0.3873700508793111,0.48376410058205377,0.025988691876595582,0.46424175355778186,0.6083328122060552,0.0,0.5060750921138816,0.5947720404424841,0.6097952000257945,0.6143410514412883,0.6206803040661885,0.4834731729284192,0.47408172387908365,0.6488887346171024,0.54419202788241,0.4378839401137581,0.5725406554819519,0.45544996172190816,0.6469670199868812,0.4816557879438501
0.5832367773932872,0.5193382758254212,0.48671814086405074,0.6165201142809775,0.4782278713178638,0.5073963030902355,0.39169526267233196,0.0,0.30681951542107433,0.2214143875033932,0.3634333090505276,0.5747828679338076,0.6064395553126934,0.5506005623903865,0.42398762022254943,0.6745224042832254,0.470841855217077,0.4652784998398255,0.5028337161484738,0.4134882427720298,0.42671276871530683,0.42849558179079467,0.4458378648862008,0.46887837039989044,0.503793464495233,0.5094357611753119,0.36750001464277765,0.6177081083924851,0.5055561793934431,0.5465458103405919,0.5410626188500147,1.0255302402457933,0.6061267640451524,0.4957198327159207,0.6464858595073032,0.5030403395231788,0.7177144221136627,0.6257903151564983,0.748832791897954,0.41496663070709194,0.46756443561834415,0.4629612082341634,0.6340166110319196,0.46270374533863456,0.0,0.491223103497995,0.31812813051746885,0.5818323383281739,0.0,0.38516463656682987,0.5303366724419251,0.5131941329945804,0.7277162737996132,0.423172269493704,0.6336700529588617,0.565260659197993,0.911400866485261,0.42707941192445587,0.7143923896138823,0.5295887884127843,0.5125017221071455,0.0,0.5386932528574455,0.7034253080220993,0.7669514056377907,0.5529235301804933,0.32234921193035276,0.6078170401400727,0.0,0.38797867038278555,0.4097099397529426,0.49916824481690575,0.5368271697504006,0.7085083306210964,0.4631153902545998,0.4166515863872288
0.364542485728,0.3754124115120222,0.05918113027159583,0.2620632759217671,0.28393793534442546,0.15786841359125722,0.27124694564687923,0.30681951542107433,0.0,0.2775638831998152,0.3342531378855505,0.3983670790190256,0.3168572848413942,0.34232354621591154,0.5852990400226572,0.6579881001264406,0.36222349794949227,0.5819147899074939,0.22563041906275288,0.2581395247583191,0.33287337275100015,0.2737897198307008,0.2700975880552631,0.4783278620779688,0.41124344765864357,0.6558178530543137,0.2486680416758356,0.2633008148746261,0.29427920022051135,0.6135995394597098,0.2792899500103074,0.3339752415843632,0.49613498477312334,0.33921659344359223,0.3091201736651792,0.3089047923448882,0.22776117426757217,0.39542149113749747,0.6549218527712377,0.5516639588893109,0.4716373203549061,0.5914590122551004,0.40219581742172483,0.5474616498520259,0.2674283856174614,0.0,0.40332240351891807,0.5290644459856858,0.4737837877265366,0.5118064536421323,0.3561502298382513,0.3592906133743271,0.32660764854994095,0.4154426036518101,0.4761387429957751,0.5101963514359363,0.4444332281221115,0.5893346069305394,0.3964106505311644,0.5674154395175872,0.6942375942250127,0.0,0.0,0.3776373510654121,0.6594713110984223,0.8070900005778373,0.5919084152563658,0.4820182433464996,0.4283507619779851,0.6247918826081348,0.38538771053781534,0.49368015482083527,0.44713009514577995,0.6827798423454836,0.4659777319982161,0.6662300614827648
0.5786504340588633,0.6285986040056012,-0.16515909667176387,0.4170711736518809,0.6277241597773963,0.3778894975646817,0.6102882901200033,0.2214143875033932,0.2775638831998152,0.0,0.34054585655988745,0.510027939445478,0.5102893763838263,0.7885308878312252,0.6898090618439887,0.5131845331857902,0.5388535485147569,0.304295657027341,0.41875440011560927,0.4476955034917444,0.7679677149123033,0.4872767798811938,0.34219858941410497,0.36951632234078735,0.4879966549108298,0.46073604056129447,0.36755271128901634,0.5242282859370542,0.4863388179798631,0.4112915755213131,0.4687442614433812,0.5486798113950173,0.7484195435065724,0.8235445062491149,0.5209812191354082,0.26065455476668403,0.5527951652025458,0.5240960377977437,0.6189866330434737,0.4500448437417529,0.5257995437619092,0.53264402147194,0.483849775887064,0.28997995985127123,0.3311938562094997,0.587356799299464,0.6395744659773085,0.37187926170871843,0.4840482598727441,0.4326717764929888,0.5090078211668897,0.4223279380573939,0.670666787270244,0.2893569361110643,0.35427949358139793,0.4864325861185558,0.3700583229301314,0.5033098830443239,0.0,0.6293683988205822,0.5990028325081852,0.4313165181202587,0.5071043208100989,0.46363248419807973,0.46484371273693004,0.47308564019642396,0.44473723907820506,0.5382754225267199,0.28945977451098776,0.538518718689807,0.4246105806055238,0.7354680328564985,0.5545260509573087,0.6131500260269934,0.0,0.5562596550899649
0.5142058025258267,0.4066238881616484,0.29308927984924527,0.3419037542955214,0.3458551679816747,0.44087028606097056,0.2312929230488718,0.3634333090505276,0.3342531378855505,0.34054585655988745,0.0,0.20649027246665375,0.18650963365672896,0.4073803188644419,0.0,0.49404031230084094,0.29316369087646055,0.416471176837254,0.2244557853230003,0.44974519159181736,0.44938946749869096,0.41776818533819526,0.6598892641234119,0.14165589167078318,0.36822995881114984,0.49338647079222375,0.24509184293012895,0.15444466883958174,0.4438635919093199,0.3944905429788548,0.2276399589820826,0.52791242331502,0.2430654797374087,0.35115872789147046,0.271871831951762,0.45189669743647887,0.4392226499701474,0.3634511103606499,0.42040621423371266,0.4483878059677362,0.43468082805528846,0.40253527018220225,0.6184226952084853,0.6114323728444255,0.19585946765579232,0.0,0.0,0.6341647828173478,0.46479907990099456,0.39760387559926336,0.23706003544529125,0.3061551493832462,0.3990130346271502,0.5131993622309576,0.5428489717754625,0.41838391882515835,0.6150353241857767,0.6583889061246566,0.5766239526651595,0.0,0.0,0.0,0.0,0.4243424863821657,0.4870933970217721,0.0,0.5280936935482443,0.5296690729361019,0.0,0.0,0.909329201874681,0.3423157965533198,0.49631965022640434,0.13184437723796083,0.0,0.3816135391472844
0.582275329469986,0.4217939196912909,0.5447303302510145,0.38695108367427167,0.3975892460487521,0.701712359895784,0.42459064831220616,0.5747828679338076,0.3983670790190256,0.510027939445478,0.20649027246665375,0.0,0.36299845748509657,0.6008657721813656,0.2483132751951121,0.6911148257897939,0.6497499226991393,0.6667936802786288,0.534622314768171,0.3801899111725619,0.6618615681602344,0.49049529673328895,0.42652473840637917,0.37997099751972485,0.5028187954208103,0.5021090980377367,0.6108448524018857,0.6329747808808566,0.6753012606857582,0.4690720797017285,0.5263015224897193,0.47729053726356097,0.5667907033664603,0.6610446006914812,0.6215411528143054,0.33162961156408344,0.49946986488605283,0.30657973500239105,1.1028826807251844,0.6728563706973048,0.8628586976826422,0.2403884083251689,0.4449629436502103,0.4150481004677957,0.48786682092562716,0.33985783964674565,0.5496753306128532,0.5112538162585043,0.3930383146309238,0.37260719580444907,0.27999208023826105,0.36052993636322495,0.3424038946692046,0.32589592005986734,0.4312883953405085,0.278408545717746,0.480610200453635,0.5684118720737209,0.5264204196532569,0.5049560925057215,0.5678252782768818,0.3761640869731293,0.6133065644829414,0.39031787112321176,0.7976265989633851,0.758482527534722,0.40169479745856984,0.396329318615249,0.3146309215849288,0.5110046571731156,0.43830195112734327,0.5797627970056907,0.6661436741693187,0.49748659583990884,0.0,0.7466591718587547
0.6821189174195021,0.6040899554176201,0.33789750445046274,0.4129660241808535,0.270548462858029,0.44863516338462306,0.4254264457827291,0.6064395553126934,0.3168572848413942,0.5102893763838263,0.18650963365672896,0.36299845748509657,0.0,0.38069673862348413,0.6521206319741985,0.6423596613656251,0.3948675075047835,0.6489920352659171,0.19472351587577935,0.5845350330300669,0.5169377222893252,0.5321981125772391,0.5265241946603127,0.3500453693493636,0.6449579868710297,0.6830262559857763,0.43437067862612405,0.30287058983018056,0.5780493344346642,0.0016016862925951059,0.2172843867177057,0.17308971559348252,0.19635190787155712,0.3738083714816436,0.2633118980707642,0.30471612794348535,0.37520075620148646,0.3167913693575256,0.8206954565728584,0.5566477214914114,0.651091053197241,0.7181014900003333,0.35716080562548636,0.5092453378534221,0.2571681621522734,0.7053933663787593,0.6556348519143174,0.6261731973710538,0.0,0.6491083543088575,0.5576379550359609,0.5991223538525121,0.6337201853511488,0.6784672357639356,0.5143580183501779,0.42940861347336123,0.6230553612513461,0.6875825223995884,0.34367403020865933,0.4832011382564987,0.5428993293491756,0.5161833459028468,0.4709669146107043,0.5696928707129487,0.7896063206931556,0.6026772032567211,0.6721091088599673,0.6416524747160266,0.5272846315717641,0.5208367543183637,0.521186423507543,0.6404578062783706,0.6104356849301049,0.5205382822586131,0.4991168013202083,0.5359381377056166
0.44598479900401555,0.49595172839629065,0.5153618902706139,0.6279587791115054,0.26892339222716155,0.46236536477436924,0.2838618093208703,0.5506005623903865,0.34232354621591154,0.7885308878312252,0.4073803188644419,0.6008657721813656,0.38069673862348413,0.0,0.40587707298077336,0.5035764966844022,0.4502677750037381,0.4991034746531311,0.6432874717201412,0.48719610868416346,0.4435476606668092,0.2783773251217529,0.48902230738725816,0.5543311874648433,0.625439454031566,0.40910566576615304,0.4093079823531242,0.8539122357678021,0.5962488515734459,0.3278659171607293,0.4004711777601059,0.42789283054450405,0.34585549098601237,0.6338749084653481,0.3719406447910883,0.43479840317490515,0.26634038351464734,0.3799314475215295,0.4463848696865693,0.0,0.6640879372787776,0.6751336850335035,0.5783249939738297,0.4738465346373176,0.0,0.0,0.0,0.3454202733348421,0.0,0.3087363849259771,0.2575724841531969,0.0666161219377504,0.28884376930820854,0.191673776197997,0.0,0.49871511004638214,0.35606975854549844,0.6047724778973131,0.3242176399112758,0.0,0.0,0.0,0.0,0.41343570530394474,0.0,0.0,0.0,0.5672178050468976,0.0,0.0,0.0,0.5326933666804518,0.6844218663790305,0.0,0.0,0.0
0.45110531388684016,0.6142829716097435,0.5596735264320531,0.6030930016941249,0.6312866866995736,0.5486195352454382,0.49466038995733286,0.42398762022254943,0.5852990400226572,0.6898090618439887,0.0,0.2483132751951121,0.6521206319741985,0.40587707298077336,0.0,0.8083042085209295,0.441276982050083,0.6861964901504385,0.0,0.5308588626381225,0.4097864508730735,0.48277761002607844,0.2284301339773333,0.3373467597603875,0.6248820200725829,0.3581343561735233,0.41466206648595283,0.5536366775820589,0.5138158042336867,0.4136623393522325,0.7502554811588003,0.6837385106807659,0.48568854962714725,0.7589730101827734,0.9281686435524474,0.8024804936170201,0.6287108294870206,0.380413846108214,0.47388268405095946,0.3916031987676601,0.5283270506340801,0.4746210894093723,0.5264268534072398,0.3949137797558268,0.0,1.0184780676212055,0.5549395616661186,0.4649297299063142,0.0,0.0,0.6471099678218597,0.7303155859989408,0.5122410122093124,0.5755244171612001,0.0,0.0,0.5030488379377003,0.5988471232822627,0.46736858814418225,0.07402752338021723,0.723397503139369,0.5532708082738927,0.7114368445249308,0.0,0.7350267265772674,0.7903454920848785,0.7786353672078238,0.7086984320434009,0.4474641534883434,0.5075082191881171,0.5790230625086812,0.6141927905314171,0.39361332996625864,0.7224830643114771,0.5154334835392582,0.5910610364852953
0.6870554652156117,0.6369622697516011,0.3414903266155924,0.2510974828576168,0.6693105208355217,0.619821822781506,0.6461954515860617,0.6745224042832254,0.6579881001264406,0.5131845331857902,0.49404031230084094,0.6911148257897939,0.6423596613656251,0.5035764966844022,0.8083042085209295,0.0,0.5868463313251351,0.5685781503292169,0.449143200010507,0.688476468133862,0.6807058047916379,0.8204463811846976,0.6223230598011447,0.44381602721903846,0.7450846546419128,0.6542672940763337,0.6626819128661707,0.6200774644288044,0.6084849084078476,0.6350391448380402,0.6482218588195674,0.7822696052364,0.4581315721217366,0.5720646499891912,0.8043731094710221,0.670229959142149,0.5634680045628718,0.676399126559492,0.7460067309098541,0.5992263628144434,0.6868195227658491,0.7195528603859151,0.4681655078059719,0.0,0.0,0.6020892186273157,0.7087114608493121,0.0,0.0,0.0,0.44678318876131634,0.6971371730734437,0.8597939825091625,0.0,0.59625921778653,0.0,0.55019341163878,0.6363446590809041,0.0,0.5759730555575368,0.8214685659028784,0.8347440839911853,0.6724726920423898,0.0,0.5481763291932036,0.8086717234701193,0.7501153055600935,0.5597085874539047,0.31475265115691275,0.6504176422904319,0.7190759714710016,0.5788142094533254,0.5825627150195445,0.6420618368154587,0.0,0.6930887959667307
0.478135904658562,0.563636454343831,0.4795778550785547,0.38399713112269074,0.48028067218167514,0.5605021449469574,0.43661049419998343,0.470841855217077,0.36222349794949227,0.5388535485147569,0.29316369087646055,0.6497499226991393,0.3948675075047835,0.4502677750037381,0.441276982050083,0.5868463313251351,0.0,0.5360417406594876,0.5526609330933514,0.6559565730205399,0.6430295664901535,0.8835571530015177,0.4657480625267767,0.2988781228670801,0.4334223896822288,0.3766009322227343,0.20857469963643788,0.5949493563806489,0.3483404622046173,0.35672964621236974,0.5580090301807803,0.8285414089057989,0.6160173125125452,0.778293480281142,0.742322657384183,0.4019494045477803,0.18604459431211257,0.8041929357294973,0.9030322580404395,0.7279263688743217,0.6171053740678383,0.5084461877189868,0.0,0.0,0.4904868431501903,0.6643763527670346,0.39920823170339104,0.0,0.0,0.0,0.0,0.0,0.0,0.0,0.5417242290265323,0.0,0.39362025137267687,0.3258356618414475,0.0,0.5461455089530338,0.6510710706937055,0.44414848468810697,0.5593448831688914,0.0,0.0,0.0,0.5576857804498583,0.0,0.3973783995044766,0.6678383783356046,0.5921249698683493,0.0,0.29032350719952915,0.47172001863456037,0.0,0.600011318719062
0.4877102851205487,0.5254427426427088,0.5375452775972207,0.46554220862379336,0.4868457889237786,0.6008629578949736,0.5545812668181289,0.4652784998398255,0.5819147899074939,0.304295657027341,0.416471176837254,0.6667936802786288,0.6489920352659171,0.4991034746531311,0.6861964901504385,0.5685781503292169,0.5360417406594876,0.0,0.5158441663406325,0.6280287964051947,0.5660985266935509,0.6007679564051545,0.5426993223967637,0.3230721277538867,0.47970657650798715,0.5338277203533619,0.6255450487077181,0.5814361963754981,0.47352510163313755,0.6071054885644529,0.5003697361202226,0.6329670573102264,0.48337081486815375,0.6635064613796479,0.624716755200577,0.5293353961148569,0.39843271419955056,0.4418260326926934,0.6693863960452853,0.5616117292612807,0.5642678452474771,0.5500446724477417,0.0,0.0,0.4427163226285832,0.5394784681615354,0.6629895334066173,0.0,0.0,0.0,0.518059562739497,0.5116602357935207,0.6069299766407621,0.0,0.5802472467005773,0.0,0.4934616374711148,0.49317142442133033,0.0,0.4049573999168462,0.7060606396730609,0.48581065019749525,0.5716610559824187,0.0,0.4870366078472687,0.9985684178838032,0.7249971791673052,0.7809105958782727,0.3107739266100592,0.5573835515958727,0.5984995441504787,0.5852099291747564,0.6353903872961116,0.4773628334596778,0.0,0.7736397294630272
0.0,0.6580241538538524,0.4522890185669194,0.3862527498644821,0.21823337887229555,0.3205358788746288,0.18699482188645278,0.5028337161484738,0.22563041906275288,0.41875440011560927,0.2244557853230003,0.534622314768171,0.19472351587577935,0.6432874717201412,0.0,0.449143200010507,0.5526609330933514,0.5158441663406325,0.0,0.5038525044043213,0.6410852768163195,-0.13287742617936898,0.485684903485031,0.31108891385838816,0.48034559048155756,0.4948844969808044,0.29229391634853785,0.2672964599101645,-0.21448827457727648,0.5510540682460893,0.27803813904644803,0.35957941763423595,0.39355974569393254,0.3276095191845868,0.26651051464045594,0.7384199823716977,0.4171525527751905,0.3450240575884563,0.7163990048482931,0.4374143671879609,0.26832107959864115,0.3781514357945492,0.704146667302906,0.6011321798206185,-0.000584541997758644,0.0,0.0,0.2949695886106709,0.0,0.20841192867799535,0.14966459487206002,0.5530771438994256,0.48424580922324656,0.47939237668593826,0.5956987151853033,0.5145674779626827,0.4526012012913386,0.48270132222251905,0.6027435498386347,0.0,0.0,0.0,0.0,0.3537028522067476,0.46984710695144744,0.0,0.48504904396971205,0.5001628771445339,0.0,0.0,0.0,0.39033168005039376,0.5919340451906776,0.29900077878762177,0.4825290551463298,0.6202124074420499
0.5584538424497866,0.2886690511353888,0.15891075263591894,0.7277850858823667,0.3955966954841465,0.272397571149229,0.4741935721224271,0.4134882427720298,0.2581395247583191,0.4476955034917444,0.44974519159181736,0.3801899111725619,0.5845350330300669,0.48719610868416346,0.5308588626381225,0.688476468133862,0.6559565730205399,0.6280287964051947,0.5038525044043213,0.0,0.35293078151974966,0.2615552701523462,0.2456020876807302,0.35921119939800505,0.5789933638100654,0.4549984326338808,0.42363909833454877,0.7220114170878893,0.6206180060911701,0.7657748784211253,0.5355861040871208,0.7605736340440346,0.2821716764170345,0.5682030182298503,0.8540766363981309,0.8465901708911795,0.7015420261627521,0.7597667834668379,0.6101460429457959,0.33794053612733277,0.5557978938289373,0.5506058929782323,0.5044147185181648,0.2724414631302895,0.34028190226809285,0.7693659981362315,0.6348262675377536,0.6223213033951764,0.0,0.0,0.40591506396834615,0.58432147244399,0.3063426303938283,0.3750755322950025,0.7855937741436634,0.0,0.5485619188232984,0.5906011677274476,0.0,0.5086989851741385,0.42149547770772267,0.46597982723800163,0.4871197976487778,0.0,0.5765163944640369,0.4611675553834766,0.5903579756249224,0.5569412815044475,0.0,0.5494069081596396,0.46456005277914203,0.4989071988520707,0.41100461795333376,0.5867583545536865,0.48229468220050126,0.5021819267024737
0.47699692264473953,0.4972971104001791,0.4106378510641875,0.4347617147451994,0.597595488963965,0.546848860634137,0.41416227536334427,0.42671276871530683,0.33287337275100015,0.7679677149123033,0.44938946749869096,0.6618615681602344,0.5169377222893252,0.4435476606668092,0.4097864508730735,0.6807058047916379,0.6430295664901535,0.5660985266935509,0.6410852768163195,0.35293078151974966,0.0,0.5062616033973714,0.2274380565289416,0.5984109681411214,0.37458082626201916,0.47075826371747587,0.3691650470776011,0.47924351470970566,0.44656200704099336,0.6003237956107981,0.67010911609982,0.6338461088459594,0.4138330025671734,0.6911966473778244,0.952553764564471,0.30510197288258833,0.9857508732732292,0.47628873189900034,0.5462484762317814,0.2916547654070838,0.44224596505951563,0.5340531061895447,0.49959167505346824,0.0,0.0,0.7880756344136319,0.5340663303595106,0.6720659522372486,0.0,0.0,0.46556170869270763,0.42514072307180106,0.8831665067164731,0.6242273259603073,0.6177788311512009,0.0,0.7449412710002405,0.38092314983520503,0.0,0.5770075253752404,0.7598644276712493,0.0,0.720383519671336,0.0,0.4998583981868839,0.9691541262563244,0.6109111971834462,0.5357479398284031,0.5379123053040364,0.3500429360275637,0.6806470091871402,0.3904483365617924,0.4079508076642464,0.5374205834180185,0.42606360285054745,0.32552693550467837
0.6396930505144298,0.5557014278503059,0.2995960139108228,0.6794314854328996,0.4402801872362756,0.3327903031206029,0.49341410255444085,0.42849558179079467,0.2737897198307008,0.4872767798811938,0.41776818533819526,0.49049529673328895,0.5321981125772391,0.2783773251217529,0.48277761002607844,0.8204463811846976,0.8835571530015177,0.6007679564051545,-0.13287742617936898,0.2615552701523462,0.5062616033973714,0.0,0.4815862537191579,0.25580708378378747,0.7085765170259237,0.5142751750296617,0.23155822408242135,0.6439087789287876,0.4335996287424633,0.6405959811764408,0.7489933637221619,0.8443652993984423,0.6517321385916617,0.8441578881533502,1.036840371176981,0.7266194114565039,0.6709912079228857,0.5152227487351307,0.5945612199017715,0.5350580272927203,0.552773055529974,0.5966884687076653,0.4994295511734738,0.3317172495038895,0.399942380982686,0.7429375180712836,0.6381564209449693,0.5828337353597517,0.4713508406271567,0.39146099729822686,0.7952090235044509,0.6922431001116742,0.4787732730095526,0.7159160763437193,0.5885473569736593,0.0,0.719038395128168,0.5647678509125006,0.0,0.7047211950600287,0.7716096581178327,0.6286941651718021,0.4827337861169339,0.0,0.6069319143528449,0.6992228382338637,0.7340217120749608,0.5484565703236055,0.5948592298189903,0.39169249375277215,0.6690646605778062,0.5650012333755633,0.6453548394052468,0.6894394791153786,0.6030174527681922,0.7697569125307422
0.43060778101866043,0.4879775894509808,0.4932345712740499,0.4826898375277353,0.3200427894553653,0.3673570877506305,0.434349561578743,0.4458378648862008,0.2700975880552631,0.34219858941410497,0.6598892641234119,0.42652473840637917,0.5265241946603127,0.48902230738725816,0.2284301339773333,0.6223230598011447,0.4657480625267767,0.5426993223967637,0.485684903485031,0.2456020876807302,0.2274380565289416,0.4815862537191579,0.0,0.37009683767359874,0.430390875998713,0.3224537678190277,0.32909967241021254,0.44718534933870396,0.3331565703968179,0.43503111187973514,0.5054530791701786,0.6408546169318721,0.4810357602249806,0.5256086274754346,0.6527631879422399,0.5355345865399698,0.539300179565207,0.306011124750187,0.5536091670444954,0.1537581195290557,0.47024587622184877,0.5406199044149166,0.5880772382128737,0.5469780267138,0.3140050646425713,0.4688911300686408,0.541775902977682,0.7062792391590691,0.5403467771307702,0.5494353323235641,0.5637952346212979,0.4919346108156213,0.6042658819383822,0.5711486129903965,0.44518648401744265,0.6871987898346037,0.633100899196058,0.5034911931212145,0.6666766130315971,0.582789048420175,0.5129809823869801,0.4648437127369288,0.46818970328578774,0.6319121899469602,0.513428903048194,0.5457120301340297,0.41198282963844923,0.6521797423386736,0.3420203420709348,0.5471830038226791,0.49675485559896654,0.4568574914533807,0.4270898671496197,0.5440773824828484,0.5213689947898906,0.46977234670603946
0.6622748877692017,0.36662203601214755,0.40716615361337793,0.14531771653789569,0.28671367015814975,0.4244154179863002,0.10246850129646695,0.46887837039989044,0.4783278620779688,0.36951632234078735,0.14165589167078318,0.37997099751972485,0.3500453693493636,0.5543311874648433,0.3373467597603875,0.44381602721903846,0.2988781228670801,0.3230721277538867,0.31108891385838816,0.35921119939800505,0.5984109681411214,0.25580708378378747,0.37009683767359874,0.0,0.2665252478534193,0.37651766830517797,0.2995481982535054,0.45200930031070446,0.7440019245891183,0.8660288395286515,0.4798997523331202,0.6005063920821827,0.35464784455314174,0.47136724086823656,0.4244732919746917,0.1789877393240918,0.38102837263572203,0.26313617058239663,0.868522410812671,0.7946903871093546,0.575406322906484,0.8196228802543841,0.3389954193317577,0.49153195303921127,0.8143876925359583,0.43590175605886006,0.4545653943473055,0.0,0.0,0.45732321532716347,0.389408817641443,0.3673781526532744,0.0,0.34427807427471224,0.3888311037323777,0.5094149189428778,0.33423111096380687,0.4036288078165772,0.0,0.32797316791388664,0.4577064688332232,0.20868782904627767,0.4355298798678241,0.4883183078060733,0.3893467623177312,0.4927253783268438,0.541022086629952,0.6654278521230654,0.2717779075347025,0.4343435932261701,0.38954879626533645,0.3254674774158013,0.587446670890237,0.8197532373934058,0.0,0.6951687635694443
0.38754563211077503,0.44794212652508403,0.4808137817528219,0.7973169563774296,0.6952019273659387,0.6052543163882633,0.5510791717650934,0.503793464495233,0.41124344765864357,0.4879966549108298,0.36822995881114984,0.5028187954208103,0.6449579868710297,0.625439454031566,0.6248820200725829,0.7450846546419128,0.4334223896822288,0.47970657650798715,0.48034559048155756,0.5789933638100654,0.37458082626201916,0.7085765170259237,0.430390875998713,0.2665252478534193,0.0,0.38291096232147637,0.5629027816916922,0.45457680762337127,0.4881220224127307,0.4794741941617822,0.588348576057996,0.5739754135997464,0.4955483884736919,0.5848424506805661,0.673913644091753,0.4140444390123631,0.6090242713533407,0.6794512908543027,0.6083312984099039,0.5193268327996243,0.5348967754350417,0.4886219551133949,0.21080398196818778,0.0,0.6089678502759471,0.5513380145340459,0.5611653614092953,0.0,0.0,0.0,0.49788497797538167,0.5637587168359166,0.4780617402612477,0.435114284411112,0.4640114860311172,0.44009452430599916,0.5033249179945033,0.4558409478396026,0.0,0.10955875024253936,0.6609675573474474,0.38407848683602763,0.5327278685673222,0.0,0.6212003575191303,0.4801870430641407,0.6256246896185607,0.493268116213697,0.06125875089013377,0.5213930657516436,0.5019100499015999,0.3533467164094411,0.6753672376350897,0.4995517962349082,0.0,0.6837515862034154
0.6295113234978416,0.4659818148763812,0.4911085749626988,0.5189197141164844,0.6564864704077094,0.595802904945818,0.6486846739969973,0.5094357611753119,0.6558178530543137,0.46073604056129447,0.49338647079222375,0.5021090980377367,0.6830262559857763,0.40910566576615304,0.3581343561735233,0.6542672940763337,0.3766009322227343,0.5338277203533619,0.4948844969808044,0.4549984326338808,0.47075826371747587,0.5142751750296617,0.3224537678190277,0.37651766830517797,0.38291096232147637,0.0,0.5329266683965703,0.614729706495146,0.6380322286484292,0.46143570552919755,0.5747441899312262,0.7291923568293779,0.477954682660658,0.632392165574398,0.6708188224666948,0.5550909402005224,0.5594906353597334,0.5228920577657825,0.528343179677975,0.4602908525927757,0.5391552609427355,0.3653021024043276,0.320788928428245,0.49178615615048815,0.37130878442428905,0.5714612828878829,0.5768179684367871,0.7938085828786018,0.0,-0.005255815612419366,0.7164575099186117,0.5335021134395873,0.4191119143691323,0.46753442827673125,0.4453808875666548,0.0,0.513685013798113,0.6151824685325613,0.0,0.4978678414091651,0.6656089024821329,0.37312696611616325,0.5053233367308994,0.0,0.5169847378567728,0.715108724976684,0.6923814228222351,0.552514367874992,0.2016279018351298,0.5225538195146323,0.4304505007880388,0.5660469801371022,0.800681786551523,0.7299226530638732,0.43527676665101855,0.5733267077225367
0.3827472400161848,0.2775512674108954,0.22316386492483978,0.3846390670053729,0.3189404555634334,0.2934431742247734,0.3417504146369971,0.36750001464277765,0.2486680416758356,0.36755271128901634,0.24509184293012895,0.6108448524018857,0.43437067862612405,0.4093079823531242,0.41466206648595283,0.6626819128661707,0.20857469963643788,0.6255450487077181,0.29229391634853785,0.42363909833454877,0.3691650470776011,0.23155822408242135,0.32909967241021254,0.2995481982535054,0.5629027816916922,0.5329266683965703,0.0,0.48639416708713157,0.26482570891879537,0.5073818947317158,0.5601181422213126,0.7049720237717192,0.6428939532674101,0.5473318898217518,0.7169894097473015,0.2948721415047131,0.6332037329572835,0.37694869973909,0.5878233489680635,0.31688967131599954,0.5366744822813293,0.5552463112943851,0.6336007565321917,0.4852272910390424,0.5495528840601873,0.5259494252744894,0.32305174602609477,0.5042253456277128,0.5198968222900086,0.4041190689592591,0.5032148965532461,0.453566904350876,0.4375641625356283,0.4833489284671383,0.8182163628977936,0.5060399065682969,0.5391680102566119,0.5314317925803406,0.6094746557476466,0.5535411275113837,0.4697985596922089,0.0,0.3481451027148834,0.5027752220517072,0.5016967828075428,0.5310527587515371,0.469837356886727,0.48081238263337334,0.0,0.45453718894689904,0.3642425761751526,0.5021843305713976,0.4503820873066224,0.5386395405863329,0.4975870230924431,0.48355463384386366
0.46688910312794907,0.5190044138796979,0.3305652382530363,0.407517410256518,0.34378278139128815,0.37905897484413487,0.6224449050632059,0.6177081083924851,0.2633008148746261,0.5242282859370542,0.15444466883958174,0.6329747808808566,0.30287058983018056,0.8539122357678021,0.5536366775820589,0.6200774644288044,0.5949493563806489,0.5814361963754981,0.2672964599101645,0.7220114170878893,0.47924351470970566,0.6439087789287876,0.44718534933870396,0.45200930031070446,0.45457680762337127,0.614729706495146,0.48639416708713157,0.0,0.4476753013614368,0.30499711910735927,0.35423446296439887,0.19212143788687158,0.6563671981888943,0.3600145867319657,0.5968659946729509,0.20918225276698943,0.3390255727733138,0.5590058134733468,0.8689719908432864,0.43101962879075884,0.8485823582115133,0.5352417111346985,0.5764252550951573,0.6566518353523227,0.7182364330789244,0.6054545838017982,0.5965394692496089,0.5535694244091293,0.0,0.688278228879859,0.6135095579782162,0.6071361117032641,0.6585569916268166,0.5823317620169257,0.59589798310026,0.6181982537784361,0.6947652574618886,0.6447423217019954,0.371776905487614,0.5255591674662126,0.4143966781724753,0.3109841546937551,0.6895043807545969,0.6703569119438413,0.7056679989392416,0.6666847626005648,0.5639332759075664,0.6022932109498411,0.4988981591167064,0.5732858296440198,0.5082971136897806,0.60992051181988,0.6390812902583016,0.6447028091741296,0.5035318836581564,0.7260702219512547
0.41957121427610183,0.3746859768788171,0.28529772337366593,0.46092135364487735,0.4295122950739254,0.2188253105800803,0.48370398400515585,0.5055561793934431,0.29427920022051135,0.4863388179798631,0.4438635919093199,0.6753012606857582,0.5780493344346642,0.5962488515734459,0.5138158042336867,0.6084849084078476,0.3483404622046173,0.47352510163313755,-0.21448827457727648,0.6206180060911701,0.44656200704099336,0.4335996287424633,0.3331565703968179,0.7440019245891183,0.4881220224127307,0.6380322286484292,0.26482570891879537,0.4476753013614368,0.0,0.5329189400860046,0.6525854383877261,0.6676941539361526,0.33422930001799334,0.5133572747167036,0.6295716599165838,0.46941156545526297,0.41824080424225896,0.4511681152149454,0.6149971923162081,0.483816097326171,0.6463529422381711,0.401375629027094,0.36331487323174644,0.468212460384421,0.31261103266786283,0.7129216497095257,0.5692520484970034,0.5238893801878833,0.46724525159790953,0.37567291933055874,0.5956509928155742,0.5752154414967936,0.6470219529690243,0.4629156477335782,0.6702069522894295,0.4400993649737274,0.5766550238276524,0.2993477316495575,0.5722742150744516,0.5086780566476458,0.5350945768644779,0.4684805452227488,0.5036725167458687,0.4367521350314134,0.338512742689115,0.604913070021883,0.5500382564209702,0.5515448981341511,0.4821079760352964,0.5924237876678451,0.646900967671219,0.5430207391220105,0.5963971040918258,0.6097366990758896,0.4164313251638476,0.6501054092290934
