0.0,-0.006261156740577589,0.022778881975944243,0.0,0.009770562772277613,0.019583483285387893,0.004102427794047625,0.008787742218103078,0.006164593799446394,0.023101811021110308,-0.0031066740073959487,0.05510734393642591,0.025002813260768586,0.02283843700501803,0.004985121887799482,0.033907709055893576,0.009581427527777409,0.040323860706191095,0.0,0.020422591664085388,0.009986576849670803,0.0015167321560574099,0.029077800229404982,0.06628927084615555,0.02429948953597122,0.03009659296177536,0.07221025438368173,0.0691518116213109,0.030476653236265083,0.022709000448872807,0.01866605089558321,0.013825808045402843,0.045923802728525476,0.004823953326771768,0.012616029576782373,0.017865316392343122,-0.0013649007712405181,0.022546531368297762,0.016613294702833348,0.03186832665979106,0.005207115555035946,-0.02165803784376008,-3.618583382919427e-05,0.0,0.022575526716798133,0.04492149750405011,0.006885134470535903,0.0,0.0,0.0,0.012667050262946289,1.1102230246251565e-16,0.02971587937704323,0.0,0.027198652085469344,0.0,0.013950875916423189,0.007456439412316496,0.0,0.014285729326126373,0.004641072215797237,0.03287705463690316,0.02088485190800843,0.0,0.030840345482457565,0.013048043170323598,0.013535627575689269,0.07660479492234756,0.017168782670823002,0.013498738924833997,0.02039621338419656,0.007835064677146675,0.0006218905889333048,0.018374535493961452,0.0,0.039058621164110185
-0.006261156740577589,0.0,0.02186795194787977,7.213950402129576e-05,0.029440829359831278,0.01324185040369913,0.032865360872147364,0.006244141134463421,0.013975806216142639,0.029388488630774923,0.005875433448019829,0.0015618452647694347,0.022722921743631053,0.011264590502066296,0.016635700495716388,0.02658842096154307,-0.0058478396145507094,0.03900049849504156,0.010990055358814699,0.03084404870299834,-0.003034894767488805,0.03324191447771313,0.037172727565924046,0.01578430971183309,0.019086491788021076,0.04088370431845706,0.034314540368468927,0.022765183312562054,0.023258582232452918,0.018668060693449173,0.01803679927111146,-0.00319816132654388,0.02513051432770247,0.013115140179584761,0.01188305339141904,0.0003901985174293854,-0.0019221364501480487,0.0,-0.0072735027018386855,-0.011144636455007961,-0.012730798768442353,-0.017580865314282657,0.005157252841781423,0.0,2.220446049250313e-16,-0.003074323064740425,-0.0004104451358830641,-0.0006799018059456818,0.0,0.0,0.010026113276939752,0.011636683409532,0.004108920274765837,0.016709744489500578,-0.011374865829520409,0.0,0.0093691602149924,0.019621822988841187,0.0,-0.012966192896769646,-0.0075611125666392165,0.01118278264660677,0.009956782052044089,0.0,-0.0024711657094602657,-0.023810774934256762,0.015237913247221124,0.008333656241890086,0.008714749179960235,-0.008623389606016663,0.005550155961443093,0.015125674146395485,0.019042215158652898,0.009746679375731149,-1.1102230246251565e-16,0.006338818056610074
0.022778881975944243,0.02186795194787977,0.0,-0.007909077017226429,0.04478420105211217,0.030436798954614375,0.058019952974658284,-0.010138357377760698,0.02268364655498517,0.008222948824663068,0.03463012008748362,0.02031849414606557,0.04884015896236432,0.024626535609288458,0.02728345120482345,0.014658105456513804,0.01150600700013149,-0.0023259109067868544,-0.002885478039878542,0.0015980173759679306,0.051335702695465446,0.033300561958966246,-0.017225297790883,0.013026456089193228,0.039170072142789836,0.02442420772199927,0.01220403745414006,0.04961302820006075,0.02614475570183089,0.06708721565507181,0.04264525079719478,0.028598572463361838,0.0237066590060937,0.03648018584662044,0.04204224983146043,0.02350101247880254,0.017641382857823407,0.020782006286003463,0.017096819832983057,7.411016557101746e-07,0.026293210934270617,0.011041353897013606,-0.016805069409475515,0.044975013217236515,0.0,0.0,0.00020062152328770289,0.03327773367823389,-8.127435001226146e-06,0.031025339290858933,0.008085620008506433,-0.026924830790031995,0.024613679303408742,0.01970718068871724,-0.0008326029188907014,-0.05454025435234633,0.024896887944726886,0.00027655223021416653,0.0149333825232989,0.00043022039974344173,0.0,0.0,0.0,-0.1477630899560092,0.011741496793899464,-0.003325577757391507,0.0007045486313088101,0.04129692342717883,0.0,-0.00020162316170097005,0.016185645883581956,0.035335354835905,0.049985686232000504,0.024091503602402142,0.00812037141901123,0.019270422312504643
0.0,7.213950402129576e-05,-0.007909077017226429,0.0,-0.05022465620966313,0.005166116491173212,0.018562074852991606,-0.03512545809478784,0.01553971593575404,-0.07249949955355833,-0.03828912766837844,-0.04746142874523537,0.02154986296762912,-0.07256100642126648,-0.008208465102657159,0.05203776369480062,-0.007224102591910142,-3.700981152976457e-05,-0.015580387770771142,0.012208123863082732,-0.0016402327384800186,-0.0006421077284480825,-0.00917183115399417,0.022775903359730065,-2.232422967229919e-05,0.019991944109741477,0.013004076075198101,0.033350886837710314,0.023815434114803025,-0.022919911475143828,0.042114200949905256,-0.04127102855145642,-0.058841882547658486,-0.04395331581626344,-0.03226677557447322,-0.031116145021543473,-0.01437837231143832,-0.03141427320303514,-0.012282560994681002,0.0006849675629486685,0.02580269263656909,0.017976206911047676,0.018565523304233722,0.0018393121466316886,0.0,0.0,0.0,0.0020344232405322127,0.0,0.0,0.011712679443037388,2.220446049250313e-16,8.470188190101702e-05,7.802749604324255e-06,5.551115123125783e-17,0.006243799005474393,0.005430593564920483,0.0009381896062025663,0.0,0.0,0.0,0.0,0.0,0.0,0.0,0.0,7.468158433043826e-05,0.013199715330279027,0.0,0.0,0.0,0.01675661855162175,-0.004536346419519333,0.004135654209423578,0.0,0.0
0.009770562772277613,0.029440829359831278,0.04478420105211217,-0.05022465620966313,0.0,0.025016614861481712,0.0042595103514546095,0.0009133985047768967,0.028515181075884966,-0.12244262510533777,0.02241908438644452,0.036657668476760885,0.014825167396055716,-0.027250999046831093,0.015969438130722546,0.01902919602717912,0.021377251173707146,0.03752113389093337,0.046142322553317794,0.025564526794788378,0.026491828981884513,0.01162767096727546,0.037422464462317284,0.003219771877367994,0.015045026964333796,0.03799006313794728,0.02788280124357012,0.02047143080260777,0.0038558221987680663,0.02408408241659038,0.06427327993482035,0.01138077650203878,0.018224072909570788,0.04422180667604231,0.02814168102723319,-0.03789262929994244,-0.10412746346621335,0.028938997432673752,-0.02227430942173453,-0.007218810316999336,-0.02549906707345989,0.0009039619595775372,-0.03239533972521569,-0.034915106215782477,0.00023941121261750187,1.1102230246251565e-16,0.009897482867894603,0.02110218611219461,0.0,-0.031013912725632975,0.01019537085069655,0.008876881815061188,0.023474228250899676,0.003989869031022164,5.551115123125783e-17,-0.0015841809774154725,0.009104794611798028,0.015213140070525766,-0.004482865639749034,0.007538462814231095,6.09873911160963e-05,0.0,-5.551115123125783e-17,-0.0029136271081723897,0.018642637192927636,-0.0004645943788023077,0.009505912457791255,0.035093529859553496,0.0,2.3760613874879155e-05,0.010508463540134683,0.01895452832144029,0.02608209500847475,0.005325045199265022,1.1102230246251565e-16,0.026856195823637963
0.019583483285387893,0.01324185040369913,0.030436798954614375,0.005166116491173212,0.025016614861481712,0.0,0.03815633748178482,0.01767016436799007,0.03396543742060759,0.030222964048229994,0.04016633233867051,-0.005882582885469501,0.024261809122190392,0.01871091721789231,0.026532404009045996,0.025677930359854162,0.013308979419984712,0.023135361378935626,0.06407804003090734,0.02718426177454708,0.009250643725842334,0.0026251572700257686,0.03704474119550821,0.011226231173113943,0.02385070577789944,0.017215268057025446,0.025465263855099174,0.0159751747887536,0.02772604607873469,0.023950538291149237,0.04531954311103725,0.029384906044481407,0.03594638888915075,0.042817787459189516,0.03762288368949257,0.010065002229412534,0.018354681986517463,0.028150200928824642,0.043296659473184895,0.009027858275076184,0.03738703714046515,-0.005277358253851894,0.02493878314878778,0.007976042825046048,0.002878729403796354,0.006101433293691005,0.015276035065063087,0.02617050015486022,0.01129097767017051,0.0042963159101729875,0.03073334348572232,0.01710727743247431,0.01761419042507234,0.03790661946288476,0.024500885682526397,0.02955565376573821,0.020704496702122654,0.029229432365501906,0.09607845879804072,0.010949455396919217,0.016808232454076366,0.0,0.0050705027322316965,0.043970663394288234,0.0266355808267279,0.029226534069634158,0.02373990030848433,0.049564428392990356,6.279421322097356e-05,0.0076285762556045356,0.02087679254193453,0.04178016490521341,0.028851415608600495,0.03996746987954741,0.00977081976119143,0.042501897373787845
0.004102427794047625,0.032865360872147364,0.058019952974658284,0.018562074852991606,0.0042595103514546095,0.03815633748178482,0.0,0.03805325644547197,0.05155450749443086,0.009587629134777398,0.060902862018031134,0.010762857674049164,0.022229464080469885,-0.010854092013113326,0.027114270111721295,0.03917637663005685,0.020902266653915424,0.03235400033300456,0.06462598561828709,0.026227532100132234,0.02883114893600547,0.017365662930973746,0.04774880103644652,0.005501178643612659,0.03520174768655315,0.04629800295257874,0.04399163331549155,-0.021011837359785013,0.02645858796291184,0.034784569918998365,0.02226918471100664,0.016639307223417832,0.02525181264598636,0.0013053532003527435,-0.019075935519848708,0.0015085557965455187,-0.014684275928681045,0.04261160516717544,0.019612425270499723,0.010696958696521264,-0.02285713921265986,0.03490100731527673,0.0022712463512198355,0.02073039936449722,0.00846675379756795,0.0,0.010155020670696124,0.02338397655359914,0.0,0.020454205712458817,0.021975260296840604,0.025426888904304,0.03445905830868723,0.015778536534887477,0.008357933162069786,-0.005625084952287418,-0.0023821526552737504,0.020821592403505895,0.005962992037626291,0.005134410110661458,0.011624920746884981,0.0,5.1372253109749355e-05,0.0014939695956591725,0.021659115728788814,0.015619465470023075,0.010351998590669376,0.03839055456107787,0.00011417440774147414,0.009644893601290283,0.011605185965136655,0.027159581558302837,0.010051924062640327,0.002399635818848722,0.016715638702005986,0.017722588968545727
0.008787742218103078,0.006244141134463421,-0.010138357377760698,-0.03512545809478784,0.0009133985047768967,0.01767016436799007,0.03805325644547197,0.0,-0.010311359103100493,0.02206811442609652,-0.0637705400725736,-0.02126016723494606,0.030129863815079816,-0.020824990185200343,0.05645838563785538,0.01731945849201194,0.015896760573361146,0.035923467242689466,-0.011285733891113925,0.021534941339516667,0.03409563560991974,0.015096318939276876,0.020056325703174394,0.024282731797113932,0.03281846172047892,0.02287508532335475,0.013111499336039834,0.02959885465218487,0.012888331039720369,0.01975340369500589,0.02278733436405722,-0.03599005534707256,-0.11006017690863823,0.017859283298638895,0.0019723786938231624,0.006912430110401324,-0.10860792285348014,0.026357766634843016,0.025661361149579343,0.01370171842322121,-0.005694847409932258,-0.002844954542986222,0.031149877623604216,0.02608147311401987,0.0,0.027982651730046104,0.013882770389831711,0.02027405584595232,0.0,0.025875316423584482,0.010831688872586454,0.018779103853581003,-0.013566304488429826,0.02298218617782044,-0.00014868664734807302,0.005915048679934531,-9.350679770159243e-05,0.02737119749679412,0.002942779614565183,0.02930108459868208,0.013555227996951025,0.0,0.00027438122137007914,0.052631946070406777,0.044338541758471295,-0.005195504544806051,0.02538285782314237,0.027865851561539423,-5.551115123125783e-17,0.022182667605610218,0.025298064259876796,0.019023183283825185,0.02325476533789994,0.023074589395260414,0.016824471075038483,0.006218546572882677
0.006164593799446394,0.013975806216142639,0.02268364655498517,0.01553971593575404,0.028515181075884966,0.03396543742060759,0.05155450749443086,-0.010311359103100493,0.0,0.03573237158615167,0.022419326230858516,0.034987987588248226,0.05786523213550537,0.012191143672935889,0.0345361454933773,0.018460402192081837,0.023044399181573305,0.02195670141046069,0.006304594650219597,0.02645111062800337,0.013819354224535119,0.0008263744809979823,0.016166856910482585,0.01367420249839918,0.021410290072608862,0.009425238100991773,0.01072539123727173,0.0628486034349452,0.010358465584405063,0.05202742458767651,0.06331836564192717,0.04959269704701197,0.07231739881423555,0.056044855351514156,0.0633017030161438,0.02847585914199241,0.04402214885557437,0.034583621573549606,0.038319411483985266,-0.005065753757069524,0.0001879839243708603,-0.012452411750265124,0.013506337699326687,0.008267850285805567,0.01711456760781327,-5.551115123125783e-17,0.011000618788261696,0.030234503963328607,3.904457883285861e-06,0.01559641307420745,0.02746935877535095,0.019081932528826062,0.03180601294016716,0.021682172588316506,0.014091470060222822,0.030617917684224727,0.021526398747968856,0.028256553936078843,0.025639093286042414,0.018684152717300673,0.011378064221303497,0.0,0.0,0.04471881608178652,0.024514219627909395,-0.0035329751561847256,0.016713085941981787,0.042076390720280576,4.805342369479382e-05,0.011653992571995897,0.020822571980514792,0.02549147425163001,0.009813525077472685,0.009829332279582714,0.006016298343373805,0.0178724412499236
0.023101811021110308,0.029388488630774923,0.008222948824663068,-0.07249949955355833,-0.12244262510533777,0.030222964048229994,0.009587629134777398,0.02206811442609652,0.03573237158615167,0.0,0.04499733891291524,-0.010246485102164249,0.019637984341614123,-0.18951741745739237,0.020764117683265415,0.026593479604874404,0.02211075001963736,0.023537162965591663,0.03770892198429421,0.0018157051340371155,0.04236513579502854,0.0258189782459724,0.004094173601714435,0.0008343348316319776,0.021319199627429675,0.03468617432637772,0.029211081328669508,0.014938935442458445,0.028688465845505107,0.022305395850996335,0.024507757880749936,-0.03165325887888576,0.00323191641278725,-0.00929073315829232,-0.009527353349976841,-0.06327387579022936,-0.023665398831770657,0.0007133284098943538,-0.061454205395956196,0.00816939782978976,0.02243708391196725,-0.029322182394089624,0.08558591252609782,0.023391956318131957,0.04358779691101394,0.054301507638585045,-0.009682136136051567,0.0004265950655432116,2.217005274995909e-05,-0.0011846346242545547,0.02579922439143245,0.0440617623524438,0.00286177263476467,0.02124464417048738,0.009731320874096061,0.013023671838816309,0.028156599142706573,0.016004053026826615,0.0,-0.0006437554373053267,-0.02848009946442487,-0.04197435625954671,-0.0527409079258479,-7.28741251643239e-06,0.00011840203860874476,0.04262105491360424,-0.001494229185496021,0.015638200434396454,0.021699529907463155,-0.06019333830503193,0.008621015863220782,0.019789626896614954,0.02032032407587092,0.021848469900708323,-5.551115123125783e-17,0.01532113976243149
-0.0031066740073959487,0.005875433448019829,0.03463012008748362,-0.03828912766837844,0.02241908438644452,0.04016633233867051,0.060902862018031134,-0.0637705400725736,0.022419326230858516,0.04499733891291524,0.0,0.035678515616993756,0.059584220640024665,-0.020999764399223353,0.0,-0.00021042076643928986,0.016481133068065534,0.02143581153737295,0.04231309592770238,0.00012642237839216586,0.028898232184328687,0.00361896749967322,-0.038585153922948034,0.043858266567368576,0.019771440990578093,0.02249488092352714,0.03483104749029503,0.06370224776618766,0.008419313027398179,0.000351977683088478,0.06555988221737341,-0.02301236769869769,0.015559636171893987,0.05720695577683926,0.054294999269242084,0.030948868765914794,-0.05092329892864239,0.05945943741900295,-0.036854684201350296,-0.002279107864925245,-0.01360652737437923,0.0017650819132655204,-0.03666947712307905,0.023938412003999654,-0.00025278160537983707,0.0,1.1102230246251565e-16,0.10263138848740466,7.560506382064958e-07,0.008025706653258025,0.09917758764376466,0.017453618325454723,0.0035380824935764554,0.06589576102806449,0.019272176168774136,0.14044466574905817,0.01463723861451055,0.01696920685512765,0.024479913991101554,5.551115123125783e-17,0.0,0.0,0.0,0.2110771170449084,0.007308918908769058,0.0,0.00023832012530133895,0.02022498455580346,5.551115123125783e-17,0.0,0.0009372672915993197,0.03202972060720377,0.02350048310240177,0.02310288399982774,0.0,0.018186276038327065
0.05510734393642591,0.0015618452647694347,0.02031849414606557,-0.04746142874523537,0.036657668476760885,-0.005882582885469501,0.010762857674049164,-0.02126016723494606,0.034987987588248226,-0.010246485102164249,0.035678515616993756,0.0,0.007271354615725645,0.05657763265175686,0.0032078002690079654,0.007901275877878422,0.0023586755926624514,0.01606802291344961,0.024441647095492125,-0.02644111587540854,0.027110773996133264,-0.009782935440385943,0.01718774194119571,-0.007676344737025664,0.01602226842154486,0.009760121534940602,0.02379081693634938,-0.011475111452587838,0.005330504279262294,0.048759594492732594,-0.0008094090845501278,-0.018794220518747462,-0.009059917377036986,0.0019927107398829413,0.00563304330761627,-0.044018355159065325,-0.03997165546207887,0.0035777703580599785,-0.029487075502104165,0.013705748824263064,0.053391682707455035,-0.03024852489371066,0.0009780534419214226,0.009680062221530616,0.06500589854433214,0.007756807277746469,-0.004717316508135616,0.007102691578538156,0.007292424379196527,0.007931072008745543,0.001647602956576233,-0.010099658033011494,-0.00038389355864498764,0.010901459456332918,0.01243683006424895,0.003690800761346702,0.039961788686826316,0.036265187245541786,-4.776893810704008e-05,-6.286047053138955e-05,-0.006761980274714641,-0.031196344176192492,-0.030080149641829257,0.01117500519953446,0.005891107569826692,0.012477687229986933,0.00072175263236679,-0.0030065272184917613,0.03106815585633277,-0.04307758633613512,0.01524553910263049,-0.024253789445410345,0.03857409714452553,0.00980360288160731,0.0,0.02392494699745812
0.025002813260768586,0.022722921743631053,0.04884015896236432,0.02154986296762912,0.014825167396055716,0.024261809122190392,0.022229464080469885,0.030129863815079816,0.05786523213550537,0.019637984341614123,0.059584220640024665,0.007271354615725645,0.0,-0.011436425731387423,0.03418831125578692,0.02995180082603005,0.019233644395034,0.03361890521951566,0.05756322138290243,0.018526375716391486,0.016879170951589084,0.009010853833888832,0.04688058323289673,0.01932404767394519,0.028732007583615715,0.03902707852014675,0.04254817398574645,0.023030466957165985,0.026205880801295656,0.029685602576122516,0.0027464237476136355,0.011025910419237672,-0.0002645048758679325,-0.008166522013896449,-0.01352840615517703,0.017504693841283725,0.014167166940503573,-0.0004873474512512299,0.09215484435618593,0.0021403826833862327,-0.03659743216807976,-0.015932536076143478,0.0055225197650058955,-0.006265690631156673,0.007739526094524551,0.0013702840125860427,0.010931154898832673,0.029104685768549077,0.0,0.024922313700621035,0.026430016500830877,0.021030166305228915,0.030796383836921293,0.00836531623454917,-0.0052147085588843956,0.028854362570037373,0.050288805687051574,0.029706623415843292,0.0039060163356288147,0.02584304743718191,0.014313561048604484,0.016016716918066776,0.007913507688335264,0.014878396828349794,0.022235236100418443,0.018953342877013668,0.019790389576188006,0.04647357196282692,-0.002643645889130797,0.012440034120553112,0.008811037350039075,0.036016497583063745,0.02320115082775326,0.0716673202469193,0.02079278199712742,0.022264787056727242
0.02283843700501803,0.011264590502066296,0.024626535609288458,-0.07256100642126648,-0.027250999046831093,0.01871091721789231,-0.010854092013113326,-0.020824990185200343,0.012191143672935889,-0.18951741745739237,-0.020999764399223353,0.05657763265175686,-0.011436425731387423,0.0,0.0070572800827793936,0.001509008958950786,-0.00010159125475206476,-0.0002293708162817154,0.05156585828583449,-0.0015575759898935337,-0.005184383898233835,0.012042220331750841,0.031580695693178895,0.03371322129119725,-0.011991941062343414,0.019342254091577915,0.01681748271380229,-0.002475236542962611,-0.008469931361228533,0.012759333392187822,0.005224897766540448,-0.009494141417140223,-0.05975044107773386,0.005769542714613218,-0.10003600024086812,-0.011064566962407624,-0.019388601568531783,-0.019994266198330335,0.017078408550088187,0.0,0.0029347185199622428,-0.0009320686667185218,-0.013986045929363533,-2.1762908223310617e-06,0.0,0.0,0.0,0.025815798874081086,0.0,0.004622782744082565,0.0010901741373075535,0.02966065434524351,-0.006519385338835559,0.04146057862674368,0.0,-0.011604602564412814,-0.00047756645075963666,-0.017222273476902583,0.004583609110620723,1.1102230246251565e-16,0.0,0.0,0.0,0.051311390923106937,0.0,-1.1102230246251565e-16,0.0,0.009951872559556596,0.0,0.0,5.551115123125783e-17,0.03168598777697135,0.0032212062724189527,1.1102230246251565e-16,0.0,5.551115123125783e-17
0.004985121887799482,0.016635700495716388,0.02728345120482345,-0.008208465102657159,0.015969438130722546,0.026532404009045996,0.027114270111721295,0.05645838563785538,0.0345361454933773,0.020764117683265415,0.0,0.0032078002690079654,0.03418831125578692,0.0070572800827793936,0.0,0.03836072921632372,0.015715771963390246,0.04087796852098846,-1.1102230246251565e-16,0.0535308822561118,0.012421303882495904,0.06783138973430136,0.07429842109008955,0.03311448779497023,0.028480897861653975,0.07318307073284908,0.07690539933885282,0.008156184933069521,0.024081338267958607,0.007036369197220005,0.01769031102613422,-0.005698525708990876,0.007186578038134883,0.009381711403237958,0.006494878751281963,-0.0012023519984082909,0.039566238242578156,-0.00030000770300375734,0.0008629805837609417,0.015463970382816106,-0.013609502270509999,-0.019647249825567203,0.001825197238777998,0.0031156726392411183,0.0,0.025557246858701144,0.012011122533859775,0.026139538733929657,0.0,0.0,0.004923858010178805,0.015356446544637525,-0.007111255395107985,0.002387312671390085,-5.551115123125783e-17,0.0,0.009200937649455732,-0.0034039530426912545,-1.2393603559979205e-05,0.0195344551603977,-0.0057241779632360434,0.000433215173667012,0.01492267750538806,0.0,0.023979288202852334,-0.008172791587492845,0.023434568163470115,0.006529099750008649,-1.9288896684455104e-05,-0.0017910144450387078,0.006884463205526714,0.012181498600647656,-0.005779681333837772,4.643580449048557e-06,-0.024580935444391272,-0.020608237027252452
0.033907709055893576,0.02658842096154307,0.014658105456513804,0.05203776369480062,0.01902919602717912,0.025677930359854162,0.03917637663005685,0.01731945849201194,0.018460402192081837,0.026593479604874404,-0.00021042076643928986,0.007901275877878422,0.02995180082603005,0.001509008958950786,0.03836072921632372,0.0,0.012999551294296308,0.016554167238449047,0.00042122491147023045,0.047121492781860785,0.03481515643019717,0.04842150630590808,0.058530021145892785,0.014172760246984772,0.03912688865559355,0.04819993373247572,0.05367254534707855,0.03330996471099301,0.028449562953707708,0.01613792541926795,0.03659961839734016,0.016870163596599375,0.058463538177457974,0.028915692033950335,0.03632811408673198,0.022291354407184605,0.011369662165025052,0.011425440153616462,0.013329288210944534,0.009374920592935487,0.024637137799113085,0.018017472975187576,1.616031343004698e-05,0.0,0.0,0.02862779304550178,0.020953154894717274,0.0,0.0,0.0,0.01694251224071952,0.009939812089590161,0.014836226720876866,0.0,-0.01659915978554588,0.0,0.010740905635788278,0.023001517035835084,0.0,0.013268789246669799,0.00932943175535017,-0.0029465663428840383,0.020788093361497784,0.0,0.01694306884365776,0.026088931903753443,0.03619118604594207,0.01935250027019908,0.004866731562648052,0.013113502700721091,0.0345091624115344,0.01722384632698537,0.026644447601383847,0.01690032842605632,-1.1102230246251565e-16,0.01617839236456381
0.009581427527777409,-0.0058478396145507094,0.01150600700013149,-0.007224102591910142,0.021377251173707146,0.013308979419984712,0.020902266653915424,0.015896760573361146,0.023044399181573305,0.02211075001963736,0.016481133068065534,0.0023586755926624514,0.019233644395034,-0.00010159125475206476,0.015715771963390246,0.012999551294296308,0.0,0.04534914295870213,0.009071535752927185,0.026479985896485148,0.02185365846519055,-0.05466141424115206,0.01993607849150475,-0.0013801494889102428,0.010725128735171063,0.013295077938279165,0.014584482164038015,0.03424860252128392,0.02866690900679353,-0.003049869605164346,0.016781214532130773,0.005879523018318067,0.026363802893904498,0.013754112068709967,0.006026049256517285,0.02535734063448064,4.48121127589185e-05,0.007198967098163034,-0.002455285099034643,0.004944001928034791,-0.01915066729619297,0.019727746519349554,-5.551115123125783e-17,0.0,-0.02988023753464797,0.05920447823094316,-0.02480802267944332,0.0,0.0,0.0,0.0,0.0,0.0,0.0,-0.010954838870119943,0.0,0.003856175463233802,0.008041447914051092,0.0,-0.00018052464287321435,-0.014598356013178326,-0.024397117226423903,-0.004190190348621836,0.0,1.1102230246251565e-16,0.0,-0.007449303763012838,0.0,-0.005983689826162875,-0.029171174872353878,-0.002725949822952267,0.0,-0.010026475244044153,9.73912345406669e-05,0.0,-0.018222953940198405
0.040323860706191095,0.03900049849504156,-0.0023259109067868544,-3.700981152976457e-05,0.03752113389093337,0.023135361378935626,0.03235400033300456,0.035923467242689466,0.02195670141046069,0.023537162965591663,0.02143581153737295,0.01606802291344961,0.03361890521951566,-0.0002293708162817154,0.04087796852098846,0.016554167238449047,0.04534914295870213,0.0,0.013012178179965361,0.06268561755321589,0.023185463061005884,0.04374485839454223,0.039709730012806366,0.02923675167225448,0.030247731863361438,0.05300121394003132,0.05487916411189919,0.0409671278040416,0.04978078415633891,0.059933837594542516,0.036429999610942954,0.030252499422423362,0.07536199406735433,0.024846763308909003,0.032044272680143426,0.011498071946313193,7.468543578165177e-05,-0.017993109578421873,0.020028845142192164,0.030284363408926096,0.01238368052272315,0.0029999776438475734,0.0,0.0,-0.002396527475615806,0.04370418075598048,0.016309159548945185,0.0,0.0,0.0,0.007442416542970842,0.0003149724582516278,0.0009686569834445047,0.0,-0.006184217398033376,0.0,-0.005457342440147506,0.014211005561173717,0.0,0.002046638602196782,0.020838286863309963,0.005110711173249183,0.028791835506343788,0.0,-0.0062923072234462585,-0.006615357026952318,0.01870714466681095,0.01784540754734676,0.05371515274231781,0.017638859419306097,0.027998862976194583,0.02336719038713103,0.016399943402098882,0.030949135083759627,0.0,0.014174452722578113
0.0,0.010990055358814699,-0.002885478039878542,-0.015580387770771142,0.046142322553317794,0.06407804003090734,0.06462598561828709,-0.011285733891113925,0.006304594650219597,0.03770892198429421,0.04231309592770238,0.024441647095492125,0.05756322138290243,0.05156585828583449,-1.1102230246251565e-16,0.00042122491147023045,0.009071535752927185,0.013012178179965361,0.0,-0.0009914194516117414,0.008785958922805426,0.010028398416891404,-0.017090715966158188,0.011356238294293497,0.014986279563576288,0.019858522332339812,0.013819973286461007,0.059659970360090575,0.0047420952962763385,0.019410278930052483,0.051559152236475114,0.03850865887871596,0.020420121027381277,0.04905140532086916,0.05142790285873666,0.05377321549838887,0.027557457575106303,0.011920871872884042,0.011041765285620342,-5.7929717859284136e-05,-0.018276567346330153,0.03242420155091147,-0.016458406307762796,-0.000223395192435083,-2.3787595835433883e-05,0.0,0.0,0.1007138429075643,-5.551115123125783e-17,-0.005216137476832805,0.010178185699464604,0.024023810261627476,0.030625869382188586,0.0028746623640385494,0.00027836740278514016,0.10908249684928267,0.01759633085360085,0.04466055321485851,0.003396920675129922,2.220446049250313e-16,0.0,0.0,0.0,0.10932998232538649,8.383498276753887e-05,0.0,-0.00025044231029597297,0.042022300357747344,0.0,0.0,-5.551115123125783e-17,0.03563895758940694,0.028112219701512675,0.011455105387454478,0.00028902598692925885,0.019636101749700652
0.020422591664085388,0.03084404870299834,0.0015980173759679306,0.012208123863082732,0.025564526794788378,0.02718426177454708,0.026227532100132234,0.021534941339516667,0.02645111062800337,0.0018157051340371155,0.00012642237839216586,-0.02644111587540854,0.018526375716391486,-0.0015575759898935337,0.0535308822561118,0.047121492781860785,0.026479985896485148,0.06268561755321589,-0.0009914194516117414,0.0,0.04354035993550842,0.04509310783695092,0.11186602610528384,0.009313816060937119,0.045560122970617456,0.06620300390987083,0.04148707036651178,0.032168637487242024,0.036948361846044775,0.013504914090216924,0.05438189401873744,0.015246055769549016,0.04160233024011878,0.04692986599588589,0.03032977835243278,0.005443682028767549,0.017085115435149734,-0.014437486850220282,0.016820534057636727,0.0023577871352461477,0.008792207707989608,-0.002717585947815071,0.010662172602777575,-0.0007799279008267046,0.000570366608435513,0.012107025262841575,0.009395496541204362,0.0441017276611359,0.0,0.0,0.021577840635598144,0.02347502085038139,0.0018973354325865777,0.030937292978951814,0.00017712513245804473,1.1102230246251565e-16,0.0047096385302944355,0.007929394073636409,-1.1102230246251565e-16,0.0057779182948460295,-0.0032508359427026456,-2.570757097858367e-05,0.007715088088700639,0.0,0.022222749361116456,0.018038111950041125,0.021372815580985083,0.009818099112753387,0.0,0.015062684427329331,0.011145487104638419,0.01944334249903118,0.018732546447896736,0.013306336401544827,0.022090103560129748,-0.01075195537791418
0.009986576849670803,-0.003034894767488805,0.051335702695465446,-0.0016402327384800186,0.026491828981884513,0.009250643725842334,0.02883114893600547,0.03409563560991974,0.013819354224535119,0.04236513579502854,0.028898232184328687,0.027110773996133264,0.016879170951589084,-0.005184383898233835,0.012421303882495904,0.03481515643019717,0.02185365846519055,0.023185463061005884,0.008785958922805426,0.04354035993550842,0.0,0.015180478989721136,0.021175684319124644,0.04638017729405275,0.0214080520126963,0.03907307463169596,0.06136329837460358,0.010291057724009123,0.00527851854003808,-0.00480667712296301,0.008198248330981872,-0.025311928358421387,-0.006949267471396903,0.006188166951382301,-0.015365928101975068,-0.04329396297658866,0.007213552402150936,-0.0007610866604846334,0.02032254745052342,0.016535938168200592,0.02469242996643256,0.01945886915926376,0.023159355215183974,0.0,0.0,0.06882874196224886,0.02483889503498804,0.06345134755891724,0.0,0.0,0.03350857821623793,0.004834491462739121,0.06639888234600494,0.007192167664827387,0.009255592364278309,0.0,0.005730227463186466,0.00732410253133986,5.551115123125783e-17,0.013516057743464316,-0.004805841215086204,0.0,0.028767735158379604,0.0,0.023836557064679798,0.060325815427144935,0.04399929489012028,0.026439867671875228,0.003783454164393185,-0.008836030131885775,0.028021616087561874,0.03097725567267462,0.021333889129895478,0.017602223880719803,0.04266170346394882,-0.07414304076683903
0.0015167321560574099,0.03324191447771313,0.033300561958966246,-0.0006421077284480825,0.01162767096727546,0.0026251572700257686,0.017365662930973746,0.015096318939276876,0.0008263744809979823,0.0258189782459724,0.00361896749967322,-0.009782935440385943,0.009010853833888832,0.012042220331750841,0.06783138973430136,0.04842150630590808,-0.05466141424115206,0.04374485839454223,0.010028398416891404,0.04509310783695092,0.015180478989721136,0.0,0.062454994717967394,-0.0021142231303477033,0.03241336024534347,0.037263091597176556,0.03134517710304391,0.021321154147859955,0.020521347690434344,-0.0028526359586645844,0.02458289423027954,-0.009759456524903565,0.022333573817370223,0.018968385808278032,0.012072413395482262,0.0043935446946068435,-0.0025479873170704548,0.011251218992903766,0.016012707103336132,0.011589777207250351,0.002687598384765455,-0.00391727471537584,0.018646133169633483,0.004485073995401934,0.0001879223262339913,0.03026833427668979,0.02712586733870137,0.012372943934697345,6.815090651146605e-06,2.0952751890734866e-06,0.006236901527351069,0.015673252761321976,-0.010346740104855479,0.011617252648235765,0.02418357564049367,0.0,0.014589346132120595,0.011421245971059701,0.0,0.006889093337199503,0.0014361271925075192,0.0055970457680788455,-0.011920877590716805,0.0,0.019329254550263575,0.006927397570485716,0.020182725574481863,0.003083640086893047,0.017788134273167944,-0.016723858047011375,0.017649243816546645,0.014222449404859283,0.006447908067849062,0.004707599903654158,-0.013273836345441603,0.008441187566684216
0.029077800229404982,0.037172727565924046,-0.017225297790883,-0.00917183115399417,0.037422464462317284,0.03704474119550821,0.04774880103644652,0.020056325703174394,0.016166856910482585,0.004094173601714435,-0.038585153922948034,0.01718774194119571,0.04688058323289673,0.031580695693178895,0.07429842109008955,0.058530021145892785,0.01993607849150475,0.039709730012806366,-0.017090715966158188,0.11186602610528384,0.021175684319124644,0.062454994717967394,0.0,0.04703049635929546,0.02494100067729954,0.048713658356995426,0.026266522824418326,0.04797131874286387,0.05231715422119326,0.04886478988767329,0.04141330541183735,0.033032725839941546,0.013357388056889352,0.03928619335940858,0.030200786406896662,0.019406703896653277,0.013150060707638411,-0.0085274120312821,0.03685880865300167,0.024273264557579555,0.03057184202125418,0.03125828927981489,0.005764303818957761,0.025730927095178324,0.020124150776920702,0.027476731022182732,0.022404605347429607,0.08246074511663731,0.0033186160463108405,0.015043813587811927,0.032123117684842106,0.03310461197603354,0.028880279267066156,0.036177838523828165,0.016884950785058916,0.0603818282092054,0.02057263214265509,0.034263743107955436,0.019698958903814456,0.007460488217857331,0.013892195796122941,6.253650949800127e-05,-0.001771840700664773,0.10803452406033254,0.023507166605564844,0.03141207463507234,0.02678290116155224,0.05665893529358701,0.00024100325654896615,0.016501063950646044,0.038466420745086605,0.040362788884639844,0.040644931220768954,0.0417275539821475,0.04229446227984113,0.03423561487303406
0.06628927084615555,0.01578430971183309,0.013026456089193228,0.022775903359730065,0.003219771877367994,0.011226231173113943,0.005501178643612659,0.024282731797113932,0.01367420249839918,0.0008343348316319776,0.043858266567368576,-0.007676344737025664,0.01932404767394519,0.03371322129119725,0.03311448779497023,0.014172760246984772,-0.0013801494889102428,0.02923675167225448,0.011356238294293497,0.009313816060937119,0.04638017729405275,-0.0021142231303477033,0.04703049635929546,0.0,0.012008320779962223,0.008092612656902476,0.043486616127927924,0.025234122726585262,0.03975316144566127,0.010550292257679783,-0.00405961731510962,-0.05812041631675824,-0.018089614675886878,-0.024478765240571188,-0.04610968407825289,-0.06035076636543363,-0.04916700839036381,-0.015694399713910262,-0.05415586502587355,-0.013290484585589124,-0.010227048651600734,-0.06152950489840414,0.0024990894220994764,0.003993086214915342,-0.006964682204229189,0.06729218972772683,0.017584370589380394,0.0,-5.551115123125783e-17,-0.00024700775568947675,0.0048803353944868455,-0.00021166146595558155,-1.6653345369377348e-16,0.0004400231551964784,0.010305254438502942,0.0003237053541366719,0.044022565541041336,-0.0034969653886900987,0.0,-0.0007275570228168493,0.006748019808323125,0.009678832513936586,0.0238380465413508,3.010100262285098e-05,-0.0009936754177388707,0.024617885870751754,0.024016431635585256,-0.0008022315050616458,0.02325400130318772,0.004053173500361329,0.03098923712290247,-0.0030916322913097094,0.013044431166992998,0.01631593927516123,0.0,-0.01781409802163403
0.02429948953597122,0.019086491788021076,0.039170072142789836,-2.232422967229919e-05,0.015045026964333796,0.02385070577789944,0.03520174768655315,0.03281846172047892,0.021410290072608862,0.021319199627429675,0.019771440990578093,0.01602226842154486,0.028732007583615715,-0.011991941062343414,0.028480897861653975,0.03912688865559355,0.010725128735171063,0.030247731863361438,0.014986279563576288,0.045560122970617456,0.0214080520126963,0.03241336024534347,0.02494100067729954,0.012008320779962223,0.0,0.03265275140148538,0.041654436073778445,0.02564159739129973,0.034644551426615044,0.015253017084983334,0.03857138147041117,0.01966194138242444,0.03935915998026279,0.02056496081625725,0.020020733892386566,0.028699600083759325,0.0015186313384938366,0.005643966407927858,0.008142560141178812,0.018513170292042525,0.0032213819891100948,0.0008854233042057125,-0.0009627279244810438,-5.551115123125783e-17,0.02214324582650029,0.0373662022939501,0.0005720811133612114,5.551115123125783e-17,0.0,2.220446049250313e-16,0.014412948192697173,0.014111265974405596,0.03546617758488968,-0.0010448267762569463,0.0038153251200332416,0.0003606156904215063,0.011580798692758687,0.01061216070394655,0.0,-0.01674961046819823,0.006578337204896145,-0.0034605776478730532,0.017011353994853762,0.0,-0.001722222485618985,-0.01799831155761894,0.005786593441631183,0.029757074258548455,0.0334016623386551,0.002551206702423703,0.017393323308558528,0.013460716859324984,-0.030770726282408678,0.0019428942363663437,0.0,0.005374744955260302
0.03009659296177536,0.04088370431845706,0.02442420772199927,0.019991944109741477,0.03799006313794728,0.017215268057025446,0.04629800295257874,0.02287508532335475,0.009425238100991773,0.03468617432637772,0.02249488092352714,0.009760121534940602,0.03902707852014675,0.019342254091577915,0.07318307073284908,0.04819993373247572,0.013295077938279165,0.05300121394003132,0.019858522332339812,0.06620300390987083,0.03907307463169596,0.037263091597176556,0.048713658356995426,0.008092612656902476,0.03265275140148538,0.0,0.05900881342331027,0.033116453894555586,0.050248282911875886,0.013195860275033666,0.032524153452009374,0.02047029879198159,0.04131493071896292,0.017796753627938033,0.027409472974827875,0.04092754233507939,0.00041076338372070254,0.01726346184134936,0.01180412894908528,0.01899180549173035,0.003596034461171349,-0.00399491217484621,0.009552582015300182,-5.877376256691047e-05,0.046583551040295046,0.025853459167310522,0.007697857484222692,0.018426251709684316,0.0,-4.8987499549624225e-06,0.029438962695334525,0.018214525183894104,0.03360148470571267,0.00505682591815837,0.018868111650295172,0.0,0.031054165699406833,0.015456667088708687,0.0,0.00568699370813619,0.0034504239323716046,-0.0003852278542212928,0.0213618618761528,0.0,0.0023248093087683275,0.018864394397843376,0.023857903199024255,0.021765944695658124,0.048990420372622634,0.008998723474883563,0.020866366880789078,0.018706937189566453,0.002570777464848961,0.020338924547934012,0.0006457171259164896,0.0060363020955390145
