0.0,-0.010526091665386261,0.009704357324031132,0.0,-0.0068976735773685904,-0.025288971557834772,0.02032837334077331,-0.021881036450299318,0.007451307676001662,0.029333830254860693,0.007445977713193552,0.036069023962307156,-0.02869363163178279,-0.005569354335824617,0.010033234370981747,0.022624008633042092,0.02977214477177359,0.015235086954573929,0.0,-0.03280148959653051,-0.030262483362787862,0.008115821109130839,-0.003095335847201064,0.05132342733961359,0.014466974541858524,0.020643712919308443,-0.025897012545698705,-0.0026392400564738683,-0.03320147015072067,-0.0023146137361407804,0.02645815819579478,0.011766435224382144,0.0463511066020002,0.020272969353481773,0.02696396141420815,0.004782378946097843,-0.0008592714606920904,0.021898699277317024,0.008475596699755672,0.00222891484029214,0.015069115143314216,-0.014054033201672145,3.517968458988108e-05,0.0,0.007113966546055006,0.046373373095052295,0.014763714591598254,0.0,0.0,0.0,0.005888907596768744,1.1102230246251565e-16,0.025411320103885526,0.0,0.017715957104235847,0.0,0.03704366695545325,0.004582736764226547,0.0,0.0024539247495833916,0.02836103065256701,0.02615280687194821,0.02974336626798979,0.0,0.008699880197912901,-0.16846078286696087,0.010036848795605124,0.0023508489024792745,0.019517734595944636,0.03497706212278445,0.03761160499489147,0.0057852598682997525,0.0004402030582625893,0.011207559550469759,0.0,0.0025389946366671245
-0.010526091665386261,0.0,0.01564922969334337,-7.013366086627837e-05,-0.015995076454270896,-0.010593285710828293,-0.008009963305948054,0.0017649403969305921,-0.013616920305102476,0.012889130716949027,0.01110518084911849,0.0133241706986848,-0.012714385121631533,-0.0031033823906295166,0.020704183671206244,-0.010906824064859155,0.01500863063201735,0.0022207082918597187,-0.018145395969909606,0.002770359838414893,0.007537245162874517,-0.0009878202505352873,-0.0015680417374991928,0.02460587946084858,-0.002362027057826843,0.030261685736540922,-0.007296423850524203,-0.01685390824011168,-0.0024845204881350225,0.018670167101347057,0.016780610375622507,0.014464996796223761,0.040228579433551515,0.007994873843437,0.017851142690345434,0.02652250219727398,-0.002469383061385222,0.0,0.013773297387956962,0.00895360350194463,0.01429501912833675,0.009145238884549434,0.0061844644889677,0.0,2.220446049250313e-16,0.00042855618381659744,0.006965345288564517,-0.0005525588791885916,0.0,0.0,0.012668889070916567,0.017915540647837402,0.004763566896234417,0.010238900844353305,0.004387692244886998,0.0,0.004364346877408998,0.01646370495292876,0.0,-0.0001469607915121629,0.003452046064168157,0.0052774938633624036,0.003199559240714467,0.0,-0.003225724675944175,-0.02711694082387589,0.005654864744766397,-0.0013842726013215678,0.0029587623745753744,0.010430366300444693,0.004061923522268196,-0.001807682915729747,0.007470240737280476,0.02327702594285741,-1.1102230246251565e-16,0.008565561428120483
0.009704357324031132,0.01564922969334337,0.0,0.00855855828152341,0.04505503498610869,0.0308413008675108,0.0072179403754512594,0.049157340387024184,-0.01446331904269832,0.021569218315802996,0.04524488626646428,0.013786802398383924,-0.0018476956001197697,0.04191549647417492,0.004046549879728745,0.016174375114823614,0.0019420644346346827,0.009622084976115053,0.049121515879424704,0.0034125609575287874,-0.0007989018602431175,0.012922725874010554,0.027868763432868204,0.010196715027905146,0.018387105690910732,-0.005191535277322579,0.03093768975250183,0.004287861255546976,0.017260404946870644,0.018960398298377812,-0.0007380529441984307,-0.010069992752132273,0.003673634896464606,-0.0053493905386453044,-0.017821068701507403,0.041115287732665984,0.016254364228741325,0.004912612100635039,0.00542345402631933,-7.204952806039167e-07,0.008922953561183111,-0.013546346598712178,0.06649451625135272,-0.0060227262142132365,0.0,0.0,1.7410016664998196e-05,0.13659129705312,7.901451192560138e-06,0.01741214530302293,-0.0357005762887212,0.012857151307564263,0.031306979833367166,0.08887918740276735,-0.0020222436307216762,0.1201241582064384,0.007500834054288086,-0.03258273760627528,0.1801106841542553,0.0002773714961793461,0.0,0.0,0.0,0.16682658974558306,0.012926833449149633,0.0043780265899073245,0.0005734039993943729,-0.014692326814368384,0.0,-0.0001937918825979379,-0.0013460976256267632,-0.024037488026279752,-0.012475913914049952,0.008968821428969764,-0.00610444057129067,-0.003641422801871297
0.0,-7.013366086627837e-05,0.00855855828152341,0.0,-0.011772934112691258,0.00804054831786577,0.016799538727147567,0.056647879466447226,0.011144422883003435,0.002335249759782443,0.03447967143132519,-0.007174812369249273,-0.0056531937495252205,0.019870708316693797,0.008243512146955623,-0.0007887109986125518,-0.0023759186985898295,3.598075154198632e-05,0.025851995683882967,-0.005491482497946731,-0.0003303094186836719,0.009872211015774124,0.030574442904537646,0.003086429537180635,-0.00021700616549846785,-0.00019306982585387544,0.0006915818342828617,0.018036039647979563,0.00244758028334241,-0.0055670602401795,0.032159405187441314,-0.036400651596618344,0.05905499925801633,0.015972677587132833,-0.04262603116848562,-0.004191410331444406,0.012527403825981887,0.003542281204311326,0.0014069621345336736,-0.0009398599470230029,-0.007344794290036483,-0.027735188827105295,0.0010025231254700007,0.008465373478428517,0.0,0.0,0.0,0.0012340544143993326,0.0,0.0,0.005341884007247388,2.220446049250313e-16,-8.234674108970053e-05,0.0006351476347979945,5.551115123125783e-17,0.009853573085772616,0.007575542846730898,0.0006923965973450463,0.0,0.0,0.0,0.0,0.0,0.0,0.0,0.0,-7.260505848266652e-05,0.012639669064461456,0.0,0.0,0.0,0.009260805899886038,-0.0031168727900707793,0.004506459187372691,0.0,0.0
-0.0068976735773685904,-0.015995076454270896,0.04505503498610869,-0.011772934112691258,0.0,0.044969590425771366,0.019000348425804114,0.008027329498274394,0.04109565382576452,-0.00023903320674834028,0.04764525030897654,0.0020799826727142534,-0.0103866555909784,-0.004659659045710973,-0.006017806628870748,0.02038860689754124,0.0029645321842868833,0.017182194600631417,0.03777632679454018,-0.00030751012557145296,-0.009639715620382183,-0.023694287901236677,0.025127877845784907,0.0197023110769608,0.015066773723648785,0.008569430891102792,0.06327312265448448,0.0015772625799208573,-0.0042351625210501065,-0.02174640314884979,0.004336906918104622,0.02746850202510942,-0.00831003485958931,0.0004693471693175133,0.007294304712389288,-0.02916778588511365,-0.060094152639825926,0.007457964285974006,-0.039908587847976684,-0.009529805893871257,0.014731685033601838,-0.002965326312453387,0.010332513283132283,-0.027355562002316425,-0.00023275436976027963,1.1102230246251565e-16,-0.00203035959810266,0.029774047851187868,0.0,-0.008614777511278038,0.010839143487749558,-0.001774950376686013,0.008218795030402293,0.026716362399965554,5.551115123125783e-17,0.022859618212725585,-0.0008775713119125728,-0.014298578236322912,0.009180368870097488,0.0002196538606930032,6.15368333868882e-05,0.0,-5.551115123125783e-17,0.03355352882535467,-0.001537116793753568,-0.00038922600250185235,0.0011639974038500922,-0.013801345367431495,0.0,-2.3099948607774312e-05,-0.006284275428825203,-0.0014874063596224674,-0.003924062080574553,-0.0044941182901396814,1.1102230246251565e-16,0.019040151801272442
-0.025288971557834772,-0.010593285710828293,0.0308413008675108,0.00804054831786577,0.044969590425771366,0.0,0.0290282544288476,0.02425531944819448,0.03355900376582599,0.007896588975915386,0.048299581503533195,-0.000985139093978571,0.007682525648849137,0.016782802565073418,0.007893363424880673,-0.019147247143505575,-0.012582337831656243,-0.020626219013418545,0.011743880819968633,0.01155676217113194,-0.0070592568317552895,-0.0019305507636497854,0.03690225918400808,0.008815257205966265,-0.01633529201395062,0.01414451821804169,0.009667648864661482,0.005471132179574234,-0.029368322409656922,0.006952928121133406,0.013844060747408071,0.0018720842070164556,0.000955273595286521,0.0076134444152957115,-0.00015533357917435486,0.005172677785899138,0.01600704667620506,0.018007479447073205,-0.018490851321538604,0.016540023835656392,0.0035129094363678393,0.0066430083370959125,0.003462935049251825,-0.002858764614141085,-0.0032993619113676487,-0.029607341272719134,0.010007640253672623,0.017343348089874144,0.013799395159796113,-0.01033272465109164,-0.01002264935799324,0.01239636440527181,0.03652804023161821,-0.0033370038861524343,0.012573670915716817,-0.010381856253533162,-0.0013928971980916582,0.01727337885422492,0.013281239496843844,-0.013413253183936269,0.0038499305855377863,0.0,0.013286615280551528,0.0015696920286106808,-0.007059764187625439,-0.018403861871459815,-0.009886111369754702,-0.010308992743251477,-6.104821642671787e-05,0.011733405965407062,0.005450012312723518,-0.011223951555072553,-0.0022363662939316464,-0.009617388327484933,0.05401162205442522,-0.015609515445114908
0.02032837334077331,-0.008009963305948054,0.0072179403754512594,0.016799538727147567,0.019000348425804114,0.0290282544288476,0.0,0.00248571078686477,0.013638361958789313,0.0034303317821532398,0.02231731380773727,0.0031548357021123907,0.017008523793162644,0.006668447224465801,0.014259432053446042,-0.002920013539966959,0.0066572069628573205,0.016551371292669426,0.030333082971345182,0.008489912762061125,-0.005522115299042729,-0.004303331223117879,0.013953600589917958,0.017261856043661816,-0.013856334064941855,0.00613393009542329,0.018743380435084223,-0.006939383428412604,-0.0005399876292124794,0.002387869238736906,0.019107409629576244,0.024321387689551055,0.008764530962232953,0.019650129844423714,0.014963196194392847,-0.003293604824789742,-0.02895975871910042,-0.003612004600412555,0.01692447494656041,-0.0012713815548689444,0.0014825716979391945,-0.006687558632168078,-0.00879283899347072,-0.012643678925263413,-0.003185262156961688,0.0,0.007474141282489466,0.0012514581811150505,0.0,0.010784911831367816,-0.015779122757045905,0.021727947818214133,0.013045241751589498,0.01722676063812223,-0.002946036927858886,0.016665888035634735,0.004978582785931163,0.01145200757504633,-0.007974067031382426,0.010098544346229477,0.009461901769587444,0.0,-4.994384458845147e-05,0.0034615272253331053,0.006883904527484053,-0.010408464016007313,0.021235902860299805,-0.0034026881222763428,-0.00011099978161471791,0.0035693957193378423,0.01563582750954956,0.0055554348906381446,0.014849620269062724,0.005778504560588982,0.00908131419833258,-0.0007134065891095109
-0.021881036450299318,0.0017649403969305921,0.049157340387024184,0.056647879466447226,0.008027329498274394,0.02425531944819448,0.00248571078686477,0.0,0.030422794105066653,0.051888038237943634,0.017439367434415876,0.015292385550782495,-0.003875526054331946,0.016833978369869274,0.010711539729182429,0.006425464445134477,0.012631482110536718,0.014251980080699056,0.08785160920864293,-0.024049486145628407,-0.020956492559447093,0.008606204136279993,0.0002532509078328471,-0.0031073180773062425,-0.003528096427364291,9.90879472222983e-05,0.03610351946666096,-0.013678073711889616,-0.030933143932583507,-0.006689332414318627,0.008676833760388636,0.011810596553814279,0.0690044918769519,0.0037052480689976908,0.0063588736221110165,0.010204040222107635,0.01385494348408084,-0.006613332767595015,0.006579726821792087,0.011399266216151949,0.004380402744690037,0.001431319945469356,0.036541261139379444,0.004357488932386688,0.0,0.04733051563335289,0.0024554800814522437,0.04924038064817848,0.0,0.015208097337074178,0.017198929825325393,0.03803362810008004,0.09353319996595855,0.0494672383330248,0.00014455240636762623,0.019380408554717454,9.090683568818703e-05,0.030440892018596788,0.05747982766275245,-0.024192276698298265,0.021966491018088397,0.0,0.0005688995117482665,0.05530286904359405,0.012745455181821297,0.059606571246943074,-0.010891176636353639,0.03676426811347083,-5.551115123125783e-17,0.014033193912099007,0.010382660452857462,0.008402173536845026,0.026251479743368722,0.014867968929960396,0.01853495887048323,0.039919476457835834
0.007451307676001662,-0.013616920305102476,-0.01446331904269832,0.011144422883003435,0.04109565382576452,0.03355900376582599,0.013638361958789313,0.030422794105066653,0.0,-0.0027507457084871567,0.060633063118981034,0.007612290140919131,0.005297030136865943,0.008958570485328943,0.0157390671045064,0.02983735256920289,0.008037689015134353,0.006243967189519195,0.014897009448609055,0.012034500707410856,0.006429913136887899,-0.016737358385537582,0.01696167237480084,0.015821257613802486,0.012256271716921563,0.019819106071580106,0.024806822003324513,0.00994484598177775,-0.026561382922199506,0.00775017437267822,0.009516080643294733,0.0001656088122994337,0.017907607706666606,0.003591382390312703,-0.0031012198766997567,0.015790508670401382,-0.0035227084067483982,-0.012350548179846543,-0.007325011424642258,-0.004116470661406357,0.003583292331079291,0.02440986277863455,0.01230646967226795,0.0027824667869539854,0.009640725775144632,-5.551115123125783e-17,0.0008259018666255669,0.011930645466817547,-3.7958942019078457e-06,-0.0012076115344115124,-0.030685003739328087,-0.04070993585216587,-0.005367000893673812,-0.01898167354314728,0.02958370365634322,0.018336578855787544,-0.004617985062574992,0.01941649901446929,0.03159661608122161,-0.007733935643788381,0.0036789167220934726,0.0,0.0,0.02155225037045272,-0.0005708198939565201,-0.0006659734508591697,0.008080326560687745,-0.0234935924493882,-4.6717295420883875e-05,-0.008377693990908708,-0.005345263904660613,-0.03501274597779319,-0.0022580114484666014,0.0023957714505528083,-0.013468360448862127,0.0028163932276663584
0.029333830254860693,0.012889130716949027,0.021569218315802996,0.002335249759782443,-0.00023903320674834028,0.007896588975915386,0.0034303317821532398,0.051888038237943634,-0.0027507457084871567,0.0,0.0016884566779772348,-0.011163900091602508,-0.06554328358998801,0.007665281828418635,0.026178691750913252,0.013701926526404506,-0.020605175953730848,0.0036230217628681616,0.02428392560194942,0.029032783067551138,0.019714367882723738,0.02370162287820049,-0.010087779383851858,0.019749628173973965,-0.008196431165624685,0.01664329871635284,0.011895080866913932,-0.030315814610048286,0.004077470194840227,-0.005776514837447233,-0.001055545671776903,0.012227608392463452,0.0037339262608974133,-0.015780680268913272,-0.022364667441858166,-0.033151643025891464,0.030485125702717997,-0.01631461188918437,0.04625032672548973,0.006882269848314915,0.017998992543776793,0.013112171127879213,0.011504783307569766,0.0011152352027177237,0.005914993606760788,0.019783048806432613,-0.017237294775490353,-0.00041473356463883615,-2.155361312833337e-05,-0.0010320703029345069,0.005953012861335649,0.011111361596508385,0.0041781897884188846,0.003977119422742037,0.0021965334940129977,-0.0015908180528872995,0.0217980341249131,0.00019188527977115344,0.0,-0.0010091969287800429,-0.016799890971593845,-0.00447140740684876,-0.0246504644541109,7.084785582422981e-06,-0.00011510986295687475,0.0028132755063230985,0.010787326666019947,0.0018295440599749302,0.09839025386619699,0.005915401873267334,0.02065983207139116,0.007939419338540976,0.0011325621117878049,0.015069042679129119,-5.551115123125783e-17,-0.004796362118581865
0.007445977713193552,0.01110518084911849,0.04524488626646428,0.03447967143132519,0.04764525030897654,0.048299581503533195,0.02231731380773727,0.017439367434415876,0.060633063118981034,0.0016884566779772348,0.0,0.0005912781592543603,-0.001321813798124294,-0.03539188807718399,0.0,-0.00026694243947683605,0.01598289095362676,0.011315610546459243,0.06518257259054794,0.00013426375020741954,0.004113116383957061,0.005532675001166665,-0.005839117405361638,0.0004305191334838532,0.0008789512313467363,0.001418426127962058,0.03742714909630879,-0.0017317916972656167,-0.009087655594907151,0.0026335575633415487,0.008791661332334333,0.04363041640144272,0.01429272624685446,-0.002966889791489402,0.0007293174551203929,0.026889376378654628,0.00995590961578452,0.004337253835380361,0.0010408191181349724,0.004451779055241967,0.010700422350230443,0.02497953950267917,0.03429691249758127,0.0012942139777312178,0.0021224787643715493,0.0,1.1102230246251565e-16,0.0854413613706943,-7.350286059248923e-07,0.016922607231800613,-0.05201012511552383,0.019435562298466158,0.0252367813464216,0.041215626850142295,0.00833550835217195,0.17927361662659858,-0.005005675157631895,0.012024975222239054,0.05680840897562772,5.551115123125783e-17,0.0,0.0,0.0,0.19324810081173205,0.009972357721518776,0.0,0.0002765474018575076,-0.01910892986158874,5.551115123125783e-17,0.0,0.0005717407580462242,-0.0480766119858288,0.011323382319791908,-0.018374781856727196,0.0,0.022697995650195535
0.036069023962307156,0.0133241706986848,0.013786802398383924,-0.007174812369249273,0.0020799826727142534,-0.000985139093978571,0.0031548357021123907,0.015292385550782495,0.007612290140919131,-0.011163900091602508,0.0005912781592543603,0.0,-0.014893522591479524,-0.021676208471714753,0.0048816037875433205,0.004327051371431079,0.019033787914411848,-0.0012711546906734594,0.002866033921237965,-0.022267966342139678,0.005055006715018517,-0.011381423361223664,0.0430216943673955,-0.011892121629852426,-0.007212851282613897,-0.0053223725665236254,0.003952656705639157,-0.07945220906567896,0.002231115980305509,0.0015128495075977244,-0.023517050352569457,0.013318454327486406,-0.007469778910771108,-0.05426859165704828,-0.056758051737072074,-0.031097617456715798,-0.000980441516567565,-0.005148224095895715,-0.02936191342382194,-0.0033361795364998392,-0.060002656340141125,-0.008109286776363578,-0.029976568654774716,-0.009593564211414551,-0.025629188794835722,0.02078218975729884,-0.007359005804818575,0.010768166443664129,-0.009096992926482472,0.007203155106219217,-0.0012659101912083082,-0.01030132688531571,0.00037321937565332197,0.01833582514377924,0.005018010842502418,-0.011841888154731417,0.028694293006974736,0.011439228745016794,4.644071997172983e-05,6.111263144881196e-05,0.0030666110327207674,-0.009113650458229428,-0.026657770856534813,-0.006877371284021161,0.00712867255909766,0.010528064827980577,0.0030737501023293534,-0.004644938430496792,0.08977800228634669,0.00845251999280855,0.02640510811743807,0.03988484998649605,-0.12633146314876198,0.004053886288183595,0.0,-0.004666611996076098
-0.02869363163178279,-0.012714385121631533,-0.0018476956001197697,-0.0056531937495252205,-0.0103866555909784,0.007682525648849137,0.017008523793162644,-0.003875526054331946,0.005297030136865943,-0.06554328358998801,-0.001321813798124294,-0.014893522591479524,0.0,-0.02045549021129489,0.002152355988369714,-0.006839908264999972,-0.00043419280341877586,-0.0006021207341274648,0.007206308713653076,0.005879716227594478,-0.019673459031718354,-0.005888554979916638,0.0006761907644601828,-0.005428124543165713,-0.015224197312896981,0.0026788021798866968,0.004947268550498263,0.012224088405710543,0.013105811445909221,0.030600120547576715,0.002282015751462474,0.014321332379061136,0.04516110861222905,-0.008268559684898757,-0.007489969119596984,-0.0445359700432707,-0.04467657548278159,-0.01752509724618695,0.0019394890495008088,0.015400683709093865,-0.028362556150515195,-0.011762090857252272,-0.017126544030933222,0.0005705051881831347,0.02111981018710768,0.011278680145935416,0.011218687381981618,0.02722297179704425,0.0,0.008529885717192598,-0.013144194797104936,0.010942744363588108,0.0151854280164202,0.022903012136579304,0.015467681025289781,0.022331503320056734,0.03189829495045299,0.010325954799295045,-0.0033543463227614367,-0.00030654915683697714,0.0042124520497408,-0.00025957561563622056,0.0015823929910961376,0.008818751789917867,0.008491709472102815,0.030395258417155124,0.016843540495056708,-0.013884964005322076,0.01247570584275226,0.003611672010269462,0.009400016340370632,-0.012296251267524871,0.01829580485670418,0.009164551448527125,0.010064409731459611,-0.006324071927120589
-0.005569354335824617,-0.0031033823906295166,0.04191549647417492,0.019870708316693797,-0.004659659045710973,0.016782802565073418,0.006668447224465801,0.016833978369869274,0.008958570485328943,0.007665281828418635,-0.03539188807718399,-0.021676208471714753,-0.02045549021129489,0.0,-0.002783321544581052,0.0012499102197547352,9.876650393481068e-05,-0.00026665859526836533,0.04481642411719572,-0.004520545757504324,-0.003435644395298476,-0.00012247436622309094,0.01577810274624669,0.012840511988417513,-0.009225211739263772,0.010762183712009488,0.03547717205259504,0.024300107315044728,-0.0044592147493494605,-0.002821981295988596,0.016043055818852847,-0.016301573425337917,-0.04415163956561513,0.002457619427477742,-0.047729263805845634,-0.004334146228955504,0.013783352801065518,-0.010441587097074545,0.025885619787386238,0.0,0.0035563663474954543,-0.0006133657350019805,0.013453201467776732,2.1157789279468986e-06,0.0,0.0,0.0,3.7645857027757135e-05,0.0,0.012428302954006987,0.00892525534023586,-0.02341147782635694,0.015728663699427714,0.03674489747037746,0.0,0.026829452100493978,-0.0003610332645883618,0.016629182669165077,0.03452435389383107,1.1102230246251565e-16,0.0,0.0,0.0,0.04556490659176127,0.0,-1.1102230246251565e-16,0.0,0.01882457875543686,0.0,0.0,5.551115123125783e-17,-0.011373810820666186,0.009644294266153264,1.1102230246251565e-16,0.0,5.551115123125783e-17
0.010033234370981747,0.020704183671206244,0.004046549879728745,0.008243512146955623,-0.006017806628870748,0.007893363424880673,0.014259432053446042,0.010711539729182429,0.0157390671045064,0.026178691750913252,0.0,0.0048816037875433205,0.002152355988369714,-0.002783321544581052,0.0,0.024334278603894366,0.0007632465981458614,0.03069143338105712,-1.1102230246251565e-16,0.006099050980215792,0.011133670454767042,0.014580718708011642,0.014550446450622756,0.01175358354097611,0.01884530047466476,0.016099825541647905,0.0300809259848413,0.0040206919938550745,0.009585457048206902,-0.002693277172428621,0.02367021268423042,0.03793621888715587,0.028194910832112563,0.023699172809659552,0.01443545538156199,0.05010393362920024,0.06416601998069837,-0.00026584047308630954,0.016551887027687173,-0.004632640283162348,0.008750045171579846,0.0011388178471646304,0.01980787445601312,-0.0067265202486766484,0.0,-0.01698072037583631,0.02480495119851167,0.008258083513584535,0.0,0.0,-0.008160581144214918,0.011337729273972363,-0.0010013735221086062,0.003772240401476945,-5.551115123125783e-17,0.0,-0.007410832798969924,0.00962685203261493,1.2048998683678036e-05,0.0297488553228325,-0.004725075277797253,-0.0004211696002666687,-0.006923054643002302,0.0,0.05439158357622609,-0.0045974570701726725,0.009426287424353308,0.0014201234251551842,0.00011396053317530574,-0.01672139275006923,0.004376389529966052,-0.013183179853970606,0.0006863812847829887,-0.02562190016663851,-0.004233048805864059,0.0002702333037304383
0.022624008633042092,-0.010906824064859155,0.016174375114823614,-0.0007887109986125518,0.02038860689754124,-0.019147247143505575,-0.002920013539966959,0.006425464445134477,0.02983735256920289,0.013701926526404506,-0.00026694243947683605,0.004327051371431079,-0.006839908264999972,0.0012499102197547352,0.024334278603894366,0.0,0.025882628454244716,0.015403687404859534,0.00037979891211725736,0.022082049892939992,0.01792374601913921,0.020008695238439622,0.009603953261751397,0.0665874441158717,-0.0019618708699357668,0.038237454488314004,-0.0018063826796064775,0.002780250604954626,0.004954676839780681,0.02133522156051948,0.03966346999549736,0.023586955782735675,0.051175128513303636,0.026813083961403805,0.03886554273225479,0.0013585611321472735,0.002580138187014691,0.02970642791539735,0.030305883956348922,0.024554089726918804,0.02919506032786945,0.009877679545671869,-1.5710974964000535e-05,0.0,0.0,0.025135189091689825,0.022494173259134886,0.0,0.0,0.0,0.010901258423612559,-0.0005749258900858423,0.021019312438485094,0.0,-0.005007712931309305,0.0,0.01796997781165499,0.012582243027347673,0.0,0.02159686889702178,0.016259957058469998,-0.014347668054104368,0.016447740524538568,0.0,0.0022688445330607543,-0.003672052160644812,0.022653186574379425,0.006761227269869052,0.016244029608476207,0.030557766409732512,0.02518870390901823,0.009588204804064415,0.0028951468189702956,0.010645809967108955,-1.1102230246251565e-16,0.029799533721262594
0.02977214477177359,0.01500863063201735,0.0019420644346346827,-0.0023759186985898295,0.0029645321842868833,-0.012582337831656243,0.0066572069628573205,0.012631482110536718,0.008037689015134353,-0.020605175953730848,0.01598289095362676,0.019033787914411848,-0.00043419280341877586,9.876650393481068e-05,0.0007632465981458614,0.025882628454244716,0.0,0.0008777694547915105,0.013803111541973945,0.018467382021568945,0.029613542588074748,0.035715773314173915,0.014049978671080599,0.05180486781494492,-0.0036512344049918766,0.012896361798153844,-0.011465575299273612,0.0026509982223189565,0.004929061640271681,-0.008089315785716422,0.010922031249704811,0.04352207078960424,0.043366695829154034,0.00806735951877785,0.011292872715826852,0.01383737783503286,-4.356610932632066e-05,-0.010751788727694389,0.006088127791053499,-0.01687418871867047,-0.01148704762812075,-0.004434217129960338,-5.551115123125783e-17,0.0,0.026233906344386937,0.0377229788516098,-0.0018904443880410904,0.0,0.0,0.0,0.0,0.0,0.0,0.0,0.019188280258499335,0.0,0.07416878219893264,0.003836166954830744,0.0,0.00017550514455372257,-0.05011975400386698,0.002646891788993966,-0.03070285013802948,0.0,1.1102230246251565e-16,0.0,-0.02559873349100511,0.0,0.08649040820009801,-0.020755959471146557,-0.003950131989270078,0.0,-0.005405682964189085,-9.46832655324692e-05,0.0,-0.016031486094824687
0.015235086954573929,0.0022207082918597187,0.009622084976115053,3.598075154198632e-05,0.017182194600631417,-0.020626219013418545,0.016551371292669426,0.014251980080699056,0.006243967189519195,0.0036230217628681616,0.011315610546459243,-0.0012711546906734594,-0.0006021207341274648,-0.00026665859526836533,0.03069143338105712,0.015403687404859534,0.0008777694547915105,0.0,0.01016649286846344,0.013111810397283818,0.004002704128109047,0.010890336361708941,-0.0007891696359450528,0.011557028509086631,-0.008262274514834578,0.009499969927189544,-0.006264738201462228,0.0009730355136835511,-0.0003011255978359606,0.030030139413504686,0.022292259071147014,0.03342686690375418,0.03491606976242234,0.018699822628041984,0.018936111510225118,0.030970883651834813,-7.260880284404303e-05,0.004886656985512439,0.007477316551959101,-0.031637608214865665,-0.010238863013701138,-0.006249402309478513,0.0,0.0,0.002229230570399088,0.017546697404572875,0.0025987350542828747,0.0,0.0,0.0,0.014770794534262999,-0.00030621463051255793,0.0010260249188613346,0.0,-0.026924229570683467,0.0,-0.011059136645890144,0.016384406008711105,0.0,0.003685225516116497,-0.01521240250900957,-0.018415394884351344,-0.03052662684625057,0.0,0.0016172454159261718,0.01123617844548902,-0.01441114817332606,0.00479342897830054,0.057779817749407714,-0.01916408481589349,-0.003908085700159769,-0.0013313257910029797,0.0012111748133096234,0.002567832375746204,0.0,0.00041597986642688545
0.0,-0.018145395969909606,0.049121515879424704,0.025851995683882967,0.03777632679454018,0.011743880819968633,0.030333082971345182,0.08785160920864293,0.014897009448609055,0.02428392560194942,0.06518257259054794,0.002866033921237965,0.007206308713653076,0.04481642411719572,-1.1102230246251565e-16,0.00037979891211725736,0.013803111541973945,0.01016649286846344,0.0,-0.0008476879719573893,-0.0019184676178118365,-0.012365023625886484,0.010985781805104233,0.009552394038308043,0.0071880626420258165,0.010728595532125185,0.03901700363364219,0.008753122942995462,-0.02356758194235581,0.02425739327316967,0.004487730999395145,0.003395399585351122,0.02721523241868362,0.011646258368012807,-0.011582691541181911,0.04682456037423943,-0.003900019136195587,0.009544785676962708,0.003237402772097664,5.6318978644831486e-05,0.01548551993389008,0.00037853454006891996,0.048360469356412084,-0.029999005315408722,2.3126180333399304e-05,0.0,0.0,0.08374097534974756,-5.551115123125783e-17,0.0043178771642451985,-0.022718996073108122,0.019993646664179243,0.06222647072537024,0.04223361442651197,0.0002563871963685016,0.1322333216061723,0.0032928031549063763,0.011011612549145844,0.09552601413892503,2.220446049250313e-16,0.0,0.0,0.0,0.08340911758499514,-8.150394613781753e-05,0.0,-0.00028149613862099576,-0.0010553861072516435,0.0,0.0,-5.551115123125783e-17,-0.02624395600393792,-0.01537441144791929,-0.0035346540909945157,-0.0002809896023522329,-0.0027917587940948785
-0.03280148959653051,0.002770359838414893,0.0034125609575287874,-0.005491482497946731,-0.00030751012557145296,0.01155676217113194,0.008489912762061125,-0.024049486145628407,0.012034500707410856,0.029032783067551138,0.00013426375020741954,-0.022267966342139678,0.005879716227594478,-0.004520545757504324,0.006099050980215792,0.022082049892939992,0.018467382021568945,0.013111810397283818,-0.0008476879719573893,0.0,-0.007500501502588297,0.018547538311475598,0.027516073222076443,0.024287916481803895,0.005539523460211304,0.01723772346310143,0.005446878617559492,0.020660184020703798,0.0006062713711160184,-0.0008902572920697627,0.016440052575427078,0.03649355297273982,0.011677585415593217,0.01592098706812678,-0.0037452574151547458,0.01683636373101627,0.0177548526131987,0.009371664947554648,-0.01324910883038577,-0.004180696657650584,-0.007624242019240612,-0.004380789001668828,0.006067945935633978,-0.013269728920886126,0.0002566681195874665,0.008382181961115398,0.03903316903105375,0.012588520154016236,0.0,0.0,-0.004633975607635177,0.0059194355239105545,0.0013279628485596828,-0.009645570773629542,-0.00017220015772539954,1.1102230246251565e-16,-0.007634619871716819,-0.007167454800784234,-1.1102230246251565e-16,-0.022789219033697627,-0.0002875116532659039,2.4992770454534963e-05,0.0051899797099377865,0.0,-0.03130611160133556,-0.01984578005040588,-0.009988978041001184,-0.04599471302268776,0.0,-0.005596889967935781,0.008968026164614895,-0.04168917475960787,-0.0015247199264220024,-0.03576310703083113,-0.00880072467045434,-0.003519643647581283
-0.030262483362787862,0.007537245162874517,-0.0007989018602431175,-0.0003303094186836719,-0.009639715620382183,-0.0070592568317552895,-0.005522115299042729,-0.020956492559447093,0.006429913136887899,0.019714367882723738,0.004113116383957061,0.005055006715018517,-0.019673459031718354,-0.003435644395298476,0.011133670454767042,0.01792374601913921,0.029613542588074748,0.004002704128109047,-0.0019184676178118365,-0.007500501502588297,0.0,0.004064879291490575,0.005909835152867526,0.000637285038555313,-0.0017341257628918916,0.007527264121372723,-0.0013051311616735783,-0.02370647726975378,-0.017824293291072435,-0.03355105282748838,0.012686192400859941,0.015590267941086644,0.02879526935432497,0.005872732464140995,0.008908677648214847,-0.023916991458924453,0.025937302435186382,-0.018523372877499222,0.0011275952529338218,-0.020622932210058453,-0.030598614222996978,-0.026333190821130004,0.0008481288029538181,0.0,0.0,-0.04608135869224206,-0.012655484830928987,0.016560744346210743,0.0,0.0,-0.004532361412577568,0.005716323036976112,0.03778940981809625,0.005769521032709779,0.009840169109725294,0.0,0.01581645583436969,0.013947314638193542,5.551115123125783e-17,-0.008685481924162741,-0.002344792465499901,0.0,-0.002830197547034563,0.0,0.010202583419188005,-0.035968037609521386,-0.013897747741172917,-0.02748946943329833,0.002966845475018798,-0.006274367487439092,-0.010925175082634853,-0.02926890355625389,0.007926181290249246,-0.04780193664027388,0.008251260180154874,0.005927525611462259
0.008115821109130839,-0.0009878202505352873,0.012922725874010554,0.009872211015774124,-0.023694287901236677,-0.0019305507636497854,-0.004303331223117879,0.008606204136279993,-0.016737358385537582,0.02370162287820049,0.005532675001166665,-0.011381423361223664,-0.005888554979916638,-0.00012247436622309094,0.014580718708011642,0.020008695238439622,0.035715773314173915,0.010890336361708941,-0.012365023625886484,0.018547538311475598,0.004064879291490575,0.0,0.009963945568337518,0.0065500934023166035,0.003291685764021557,0.029615750649491623,0.01658088381457934,0.002762090638781911,0.016616516360618505,-0.0606975930036725,0.016727408715617953,0.0346809963742265,0.0416209084903128,0.02668240649070358,0.01817836624096586,0.056929804042515686,0.0037871203652833363,0.025448925774308295,0.01476624860963649,0.004241272925537054,0.01459979823554769,0.007366165826765303,0.03191383034185408,0.005173199200348699,-0.00018269713489338368,-0.00889067160373419,0.02238302017769972,0.0019546791635474126,-6.625596654763477e-06,-2.0370159388161113e-06,-0.0052923110744764745,0.01301733598541377,0.0028991315631098913,0.012176030002627292,-0.006854277262615671,0.0,0.00013902047277919438,0.008792191310221353,0.0,0.004521966578673375,0.007498222767592211,0.010428936363106267,-0.012972798440361144,0.0,0.011903084144325393,-0.019187528660650266,0.010920142962029755,-0.004100494194271331,-0.006500420537698948,0.02487387268533875,0.011836422493669507,-0.013367963223680945,0.0024396907007832036,0.014262124490166339,-0.0021888815109988857,0.018078323534217122
-0.003095335847201064,-0.0015680417374991928,0.027868763432868204,0.030574442904537646,0.025127877845784907,0.03690225918400808,0.013953600589917958,0.0002532509078328471,0.01696167237480084,-0.010087779383851858,-0.005839117405361638,0.0430216943673955,0.0006761907644601828,0.01577810274624669,0.014550446450622756,0.009603953261751397,0.014049978671080599,-0.0007891696359450528,0.010985781805104233,0.027516073222076443,0.005909835152867526,0.009963945568337518,0.0,0.006789277788259052,0.01046702585408893,0.02822228567433077,0.027532006192998226,-0.006749596938344038,-0.019704753261872432,-0.021051994253370898,0.006821731706279255,0.011022010309644115,-0.005096737791424277,0.007934141665231598,3.7927631466261325e-05,0.01087072674014633,0.013574407073662476,-0.006221617434029325,-0.025276963703555477,-0.024703886101868577,-0.03495640868214994,-0.02836234768971302,0.03618047616612308,0.00993929705122476,-0.0032654775031983885,0.04629502705486377,0.02889826925256117,0.05890517216942076,0.01447919700457051,0.00529447630642732,-0.015497809232809523,0.018529879376210145,0.0012495469651724878,0.01143832775507092,0.018485034808764678,0.06336983294908594,0.03174198503094089,0.007336689510551275,0.026387851520710548,-0.020423046127740707,0.0016080439899798793,-6.079767817090964e-05,0.01049188915542082,0.0895978011061716,-0.025974220411931148,-0.012227213509075352,-0.0061731487359708015,-0.018795786893317068,-0.0002343021468163009,-0.002299870349463884,0.000528727794784356,-0.025931246630596372,-0.02523110052509464,-0.046530853709456255,-0.031326480155896896,-0.03590673625513918
0.05132342733961359,0.02460587946084858,0.010196715027905146,0.003086429537180635,0.0197023110769608,0.008815257205966265,0.017261856043661816,-0.0031073180773062425,0.015821257613802486,0.019749628173973965,0.0004305191334838532,-0.011892121629852426,-0.005428124543165713,0.012840511988417513,0.01175358354097611,0.0665874441158717,0.05180486781494492,0.011557028509086631,0.009552394038308043,0.024287916481803895,0.000637285038555313,0.0065500934023166035,0.006789277788259052,0.0,0.017996137396180667,0.01891055623512161,0.013512779636027927,0.0017631059274322847,0.002921531124475296,-0.005244475324390763,0.0001681339466491627,0.028300263053900432,-0.014270681321175316,-0.04218605228968694,-0.02790159000195841,-0.023956467040018192,-0.024082071798069205,-0.023113248555647337,0.016360559094322658,0.03336488989358738,-0.029737830995252068,0.06173121559701977,0.008066403096639974,-0.0018090448466352438,-0.03164174479928594,0.0534090746171737,0.06649956519134637,0.0,-5.551115123125783e-17,0.00024013969050534767,-0.0007701381693930309,0.0002057762064375246,-1.6653345369377348e-16,-0.00042778828546913283,0.009026092067888292,-0.0003147047077134979,0.04247998166008471,0.015270932854031916,0.0,0.000946867851166433,0.002218281193991478,0.06422366112614242,-0.017404481695349805,-2.926404247310943e-05,0.00033800593667276946,0.005463566379402207,0.009649157583129897,0.000732155720086225,0.19675347693842743,0.014399917159322151,0.06692673724373382,0.00034248424499422336,0.021653955255673818,0.02010531253907971,0.0,0.13495717856659406
0.014466974541858524,-0.002362027057826843,0.018387105690910732,-0.00021700616549846785,0.015066773723648785,-0.01633529201395062,-0.013856334064941855,-0.003528096427364291,0.012256271716921563,-0.008196431165624685,0.0008789512313467363,-0.007212851282613897,-0.015224197312896981,-0.009225211739263772,0.01884530047466476,-0.0019618708699357668,-0.0036512344049918766,-0.008262274514834578,0.0071880626420258165,0.005539523460211304,-0.0017341257628918916,0.003291685764021557,0.01046702585408893,0.017996137396180667,0.0,0.004222844182071694,-0.0073036096922310945,-0.011909240967374446,-0.007869890246499034,0.023459420306192358,0.013057551793170807,0.02831962812104688,0.03942964874286092,0.020219299701106253,0.019210351179299034,0.0073804902852022125,0.002037585120604035,-0.037532047246609745,-0.00015184121786177007,-0.012249751139474907,0.0029830587244883966,-0.0156535247491002,-0.004206161652190565,-5.551115123125783e-17,-0.04013956826098358,0.01824529527137836,0.00021685138430804773,5.551115123125783e-17,0.0,2.220446049250313e-16,-0.004257915803715151,0.00471335241301124,0.03139537795291486,-0.001216076083763784,-0.022145509120487017,0.0006749859289042481,0.0034826830500468975,0.008716511464681609,0.0,-0.007496933075186674,-0.010926776207821842,-0.01979939746691195,-0.016475865670549206,0.0,-0.007265200841556574,0.06068255639770992,-0.006021733826029552,-0.008484911369394221,0.06733428975552369,-0.007125935941655004,0.005808646507050486,0.01946099330993828,-0.004387820788644192,0.009087106963035663,0.0,0.00023085723467719532
0.020643712919308443,0.030261685736540922,-0.005191535277322579,-0.00019306982585387544,0.008569430891102792,0.01414451821804169,0.00613393009542329,9.90879472222983e-05,0.019819106071580106,0.01664329871635284,0.001418426127962058,-0.0053223725665236254,0.0026788021798866968,0.010762183712009488,0.016099825541647905,0.038237454488314004,0.012896361798153844,0.009499969927189544,0.010728595532125185,0.01723772346310143,0.007527264121372723,0.029615750649491623,0.02822228567433077,0.01891055623512161,0.004222844182071694,0.0,0.02761488737046469,0.007824495850014601,0.01870777974664134,0.02081923569352545,0.02815574916840563,0.03917085885881599,0.05061358131970156,0.04301841686112057,0.04335335851713529,0.0891876442024841,0.011719955183928543,0.003856151621011328,0.02437311222599181,0.009001095714752327,0.02001220422650818,0.028647302013971865,0.029318844627951646,5.713955463987341e-05,-0.01620691554016418,0.024542849964457658,0.004265573007746382,0.0070828301465911125,0.0,4.7625399242079425e-06,0.013426900752112114,0.013670923623185172,-0.004580788652801759,0.010783014503163102,0.006292552965362241,0.0,0.018427916877840567,0.011333172554057969,0.0,-0.003407210338926381,0.003794260487812673,-0.008759026869925801,-0.012068887579531562,0.0,0.035596624532354404,-0.008592367618618424,0.017263226229823125,0.009762183290540405,0.06858950251350204,0.004604779700387085,0.010719122590696961,0.0022591316937086714,-0.007771260106067379,0.016946421346475615,0.0009485594357577787,0.007404222316716225
