0.0,0.9500684122393873,0.5680501512242409,0.0,0.608432894712432,0.4694487603786038,0.707416377714352,0.8995760556131549,0.5895969517805877,0.8281529513667254,0.5885404530039327,0.7361851946168514,0.6955774662104175,0.6722673191338245,0.5864787042008027,0.908711013081771,0.5604815146722679,0.7554249165595922,0.0,0.7035949658412155,0.6062813898991355,0.8623590973450196,0.6723504483979055,0.8184077199717703,0.7016779892573004,0.7903870349039381,0.6811938880318112,0.6051088456458895,0.6397474411825849,0.6824498871541973,0.7472887186806103,0.8015540694585179,0.634606328872386,0.667288959106777,0.6842851544579956,0.8112017622947756,0.4794616327754074,0.6685705714012042,0.5796716727866801,0.5090460463816475,0.6170812700674262,0.5403898427693263,0.46383234521871675,0.0,1.0275032428121018,0.45581255824017997,0.7518071178364187,0.0,0.0,0.0,0.6390216116535036,0.0,0.7629649927744149,0.0,0.9136151823955905,0.0,1.0076440902257229,0.8605092447910885,0.0,0.8896373743650865,0.8040945807552389,0.4911831319604635,0.6868628056119469,0.0,0.8190773485857779,0.48932095583487595,0.7057336828572887,0.752561283601151,0.4994954138383868,0.7394932964088848,0.7179137903795911,0.831384821055476,0.45368917149291077,0.8066178934328281,0.0,0.614888308986674
0.9500684122393873,0.0,0.7548367123146091,0.4087776443948794,0.492259625085847,0.5506137696148246,0.5785290503780567,1.0926513808729792,0.3894526847614934,0.5348733863706763,0.599762116002927,0.697091773207648,0.6839048399749994,0.5361553889424804,0.7836081153623758,0.8518578624573252,0.8380682300135344,0.8136893730436492,0.6567244811396515,0.6611267131103927,0.958904714942735,0.8225050690543254,0.8812524327065452,0.5279807760161527,0.7232668045892764,0.5806125310519668,0.7513891417171914,0.8634067052721117,0.7022276369181207,0.9546634865638903,0.7717189367287883,0.8360999153927315,0.5944087963374454,0.6950987408056819,0.7198286953025035,0.7205728231834794,0.06033884551167712,0.0,0.769532670027492,0.9884780191752458,0.7799017658907301,0.9677207752716672,0.5815682413547807,0.0,0.0,0.9153270103086385,0.8931424499251606,0.04720569450348589,0.0,0.0,0.8492501940388715,0.8890064616042346,0.6717192283196212,0.7411339486469365,0.681768365962131,0.0,0.6480732270068598,0.8088474076613617,0.0,0.9416260086018429,0.9779269852338903,0.8092604659481757,0.8688796639800995,0.0,0.8956414120738461,1.0066993451487076,1.0186225307439836,0.8665936936396326,0.9705895101198191,0.8368118112796101,0.9230126189405495,0.7220643855698534,0.8742764660163613,0.9506607199848895,0.0,1.0225485106530214
0.5680501512242409,0.7548367123146091,0.0,0.7029776096549833,0.7436341455984112,0.5222993621253152,0.6589225316348027,0.7396299654908032,0.14361160443417312,0.7613332450342711,0.7009202064488648,1.0354611988922784,0.6952824475232207,0.8486433695497207,0.5565271892696444,0.6453622062893575,0.8539296805568327,0.7370221086657409,0.45648427487081544,0.6822004991282657,0.6954490532199775,0.7813324001106469,0.5398185359176028,0.6917773215351819,0.6180449792399096,0.7749712222498779,0.2950486505631423,0.7486074059255878,0.8296318392521456,0.8927807812584222,0.7402659983845352,0.7516244768994362,0.631130040527879,0.7632979355389297,0.6891603965455434,0.8170559575867282,0.687550168081375,0.9207061086321944,0.7102522646590256,0.47362078272667885,0.6649548623964596,0.7370490971224051,0.7791600316204446,0.6387936558945817,0.0,0.0,0.3943016592231336,0.44770681421378145,0.4747945574909874,0.6723313960284701,0.7600590047045885,0.746211978935744,0.7779522335835103,0.8431149018786785,0.4445774912510023,0.848331817762981,0.8435676195884776,0.7333604740940664,0.7636366513456183,0.3513802450276531,0.0,0.0,0.0,0.7689888923522443,0.7440107341839628,0.45972136854309886,0.24381422388480792,0.8482867977012702,0.0,0.5428106876652123,0.6237503308496988,0.9173453302500587,0.6814675066057309,0.7340502175622752,0.6388292189949094,0.6708432503154347
0.0,0.4087776443948794,0.7029776096549833,0.0,0.4982325768174067,0.7220802707167733,0.5362883886849574,0.8323989449405889,0.8348028800353823,0.327632037887821,0.6568752750357723,0.3201940025009987,0.5103378525470718,0.6760565480945144,0.822138787388945,0.25075734124555105,0.6456661982363647,0.46524757829149044,0.738906527217525,0.7851417693489,0.43325394894245345,0.6312209596286638,0.8535501339755329,0.3762069941875722,0.7973017914987055,0.715226535420356,0.9129279574740128,0.5362097467456541,0.7363115381608238,0.43390343925724106,0.413014510071311,0.6711095169309331,0.48537112204395316,0.3349880794119847,0.6176225069883375,0.35667692897182146,0.5170622201788031,0.5663543937575685,0.8145804393623003,0.37933733603554354,0.39555818628569717,0.45951491864040056,0.21752412031193005,0.40187882419405313,0.0,0.0,0.0,0.4237932852943097,0.0,0.0,0.724479206300221,0.0,0.4634878304281196,0.29518686176116943,0.0,0.4157651870689204,0.614217861863797,0.4544392943761877,0.0,0.0,0.0,0.0,0.0,0.0,0.0,0.0,0.460680878137696,0.8283302204464809,0.0,0.0,0.0,0.7055732882360217,0.45865911937181314,0.5504690622469588,0.0,0.0
0.608432894712432,0.492259625085847,0.7436341455984112,0.4982325768174067,0.0,0.5623760819003998,0.4877316699773781,0.7651061426219001,0.4613363366727024,0.6971203691218347,0.6147377630630213,0.7062389426130329,0.7223603113031697,0.5499045799951481,0.6290294295782224,0.5935252521716214,0.7620042348333054,0.4810098553163926,0.6814690053981101,0.5442894683734405,0.7096893845268801,0.5287216035640374,0.6488917942286494,0.8354369143911193,0.7023894627926032,0.5218804338336712,0.6600090318826113,0.6314388181750249,0.7071758504296427,0.6750698599134612,0.420863870011706,0.6722846361950507,0.6952320830204399,0.7224614680437735,0.5844266722324494,0.38873800650167367,0.3783186836250748,0.9283065877298662,0.3682078155578896,0.49464714925672254,0.7036653599536551,0.25113127103519634,0.5666778973532246,0.430842904076449,0.35902272262507984,0.0,0.4484417214358074,0.44694363569554146,0.0,0.8579195729685449,0.3737088758458819,0.9014676734238718,0.5402380416827552,0.7370278539104426,0.0,0.7186891812549698,0.4313830522360901,0.9562771118379603,0.8519166535682918,0.534920139310568,0.45137292650928934,0.0,0.0,0.8533175629940124,0.6087355122488622,0.4823774888607925,0.6943829853172225,0.7711861121135909,0.0,0.4758116757976143,0.6367728295977779,0.7243848924860293,0.8488472247625862,0.624105739439266,0.0,0.7549326709162568
0.4694487603786038,0.5506137696148246,0.5222993621253152,0.7220802707167733,0.5623760819003998,0.0,0.6139614371249571,0.8250937143628979,0.5902160980048187,0.741185802349118,0.7425738658045482,1.006125730920859,0.8158673608579134,0.9340124983984467,0.6595941737121843,0.6474422772314603,0.648007366822003,0.6551869570071426,0.7286382042800837,0.6256628958146326,0.7070051096535237,0.5075788504079597,0.5996452675946216,0.6463795635711852,0.7454134337715044,0.6862362277767229,0.762398539851691,0.8984356461985904,0.5907730068483472,0.8303468248363881,0.7882987785127482,0.7962913524711022,0.8142249740322323,0.8335163121263502,0.695651936747598,0.769795869580533,0.7722220788286595,0.8050377249109741,0.7557845329481978,0.5089685574065476,0.763634206591608,0.8332413211501697,0.7854330410549533,0.9879760150934354,0.5924078914405739,0.7576707861880818,0.7744000701074626,0.9038976404991084,0.8225116759739952,0.6592545092377631,0.8223595732177807,0.8346698184661392,0.8955470905481898,0.8406667269205601,0.8169316728935684,0.8416421129585343,0.7384242703225188,0.7917573410567305,0.9483484824853747,0.7683515997990056,0.819835425823095,0.0,0.9006995005844072,0.7200782784520731,0.7802278545323993,0.6507354423130087,0.6594498040769545,0.8448585540465039,0.512158731591629,0.7762708675603123,0.7247588835507137,0.8060931199724622,0.6986076547114998,0.8429377698441536,0.7605792823397324,0.7881134164414695
0.707416377714352,0.5785290503780567,0.6589225316348027,0.5362883886849574,0.4877316699773781,0.6139614371249571,0.0,0.5967998680650892,0.4989537578649614,0.6585862287745732,0.618777968527318,0.537358156805153,0.7067450375110411,0.2963321436633824,0.7196530891340969,0.7194493646638076,0.7236134241937384,0.6963529028172782,0.6384544371242264,0.550054233939199,0.6337639840500078,0.6305249277821633,0.6567100053886643,0.819507774306349,0.8057091618075105,0.6419135656743037,0.6336874875719025,0.533792605007751,0.6943236564444473,0.7487457057440228,0.586625484951472,0.732043377125556,0.5168183413581786,0.5679682451236907,0.42617362167516487,0.6112991338663535,0.5564607060330405,0.9730957596620636,0.9172457836958163,0.6920806141855966,0.46200405815495815,0.4272425780326382,0.7556772722679377,1.01313690055632,0.7216501719329471,0.0,0.8413048091101492,0.5763442890063399,0.0,0.7949237005574211,0.7233797025261661,0.8085952710183173,0.4931215792995997,0.9049459913201108,0.7362047485800479,0.7319784961048825,0.583636941555512,0.8070110298904334,0.6671732348167665,0.6087503118152309,0.7640595154672238,0.0,0.5065831597389205,0.9806724134250489,0.8885945979638856,0.6134592382441084,0.808970345994626,0.6546750252599332,0.4743237698178915,0.8204137712572195,0.8771285319824427,0.5976021360285322,0.7949280529749423,1.0499728917943731,0.867307833899635,0.7125562836263658
0.8995760556131549,1.0926513808729792,0.7396299654908032,0.8323989449405889,0.7651061426219001,0.8250937143628979,0.5967998680650892,0.0,0.6323729663643156,0.8666426966930149,0.7814129244072936,0.823904342189233,0.6634936666271838,1.1204419207972633,0.7989904791742344,0.8324657950920897,0.5480507354237296,0.695567919471531,0.5475114059802245,0.5735843759337118,0.7706278987518976,0.7439208950072682,0.7524589979699774,0.7382740241809653,0.9739899701274151,0.858348301848779,0.7457005648916142,0.7281182315355902,0.7400073360677291,0.5164586966258133,0.7178113472887611,0.6635663957834006,0.3307446987641483,0.6766906257615641,0.5755568897875545,0.8515099031613056,0.4603021458708706,0.7580021379967319,0.7985934279074702,0.8038999135075311,0.5268349626185731,0.8590742181068283,0.7659192675542483,0.6176667544517734,0.0,0.7853537299812143,0.6887548262668761,0.8859440121902034,0.0,0.647459529622276,0.8220548731968936,0.8025948934238786,0.8919192889062273,0.7373552778496357,0.6331309608003921,0.7317347174568953,0.9104843189346729,0.7954755253985908,0.9154534432254712,0.7766473385864314,0.557086999909846,0.0,0.5379925307050839,0.7697807246665751,0.7466246949897004,0.6188306727896992,0.7979540042035925,0.8713635068913677,0.0,0.7768378093124897,0.720199616838324,0.783879734457142,0.6328556520060855,0.857846221858857,0.7031375231450439,0.6566260289157201
0.5895969517805877,0.3894526847614934,0.14361160443417312,0.8348028800353823,0.4613363366727024,0.5902160980048187,0.4989537578649614,0.6323729663643156,0.0,0.7625259201872718,0.5144657561707315,0.8615566329400952,0.8246741976818908,0.7641969061160061,0.7823708019629587,0.6490017406382778,0.8182129262785115,0.6703652060111776,0.27747039753129277,0.5484229417912897,0.7498974687377805,0.5019030478106093,0.6326483724868538,0.7769169135945901,0.5606645283986516,0.5848900515774647,0.421494371042627,0.7688975285732685,0.7642206150416142,0.6790964607561591,0.7576272830015529,0.8204612126941394,0.8253906537444586,0.792294723144567,0.6962539659257414,0.7557264702465134,0.7696949447221518,0.8962681646266509,0.5054603177308453,0.35176507244095756,0.6488342701440275,0.48369368575323646,0.5221490961010083,0.63045999613043,0.6194664834421455,0.0,0.7455695043256201,0.6983666308195065,0.4741011473569546,0.5551044775387438,0.8756782063658937,0.8465879593372888,0.6902454549436764,0.6820962479306202,0.3721140176958976,0.7249601620406636,0.48241974765962076,0.7459734735065792,0.707804210806581,0.705101161216906,0.6924996057970267,0.0,0.0,0.7910084484920454,0.7773654177776439,0.6718647976242789,0.6469466540205471,0.755016191411236,0.4288463001039359,0.6228282553300831,0.6075922821999669,0.7527890947177827,0.7924279613935434,0.8305764083056033,0.7306750693866686,0.8117087031219115
0.8281529513667254,0.5348733863706763,0.7613332450342711,0.327632037887821,0.6971203691218347,0.741185802349118,0.6585862287745732,0.8666426966930149,0.7625259201872718,0.0,0.8115095395764147,0.7176417114787914,0.5241135629504208,0.03732392920137362,0.45078548705503074,0.6781201052866881,0.8723739189111284,0.7663434267689255,0.7803682716183928,0.6649421278541617,1.028142595351571,0.8122483190829091,0.7477144712995987,0.7125896455071087,0.7440204891068349,0.7059870151592857,0.6485070591224275,0.7210895177513419,0.7694317043916485,0.6185414029514824,0.6560041823108262,0.8169753221525413,0.8755078957791029,0.7128278565107238,1.0901732551324508,0.49060363517799377,0.44323936875964604,0.754228392458075,0.9146072101504411,0.6191612517767278,0.7947693461912714,0.6579223304123865,0.4777313910837863,0.6746526918372104,0.7686663620740319,0.9197593984055217,0.6822182138424271,0.37254991228532086,0.48448115500971184,0.43251411690770936,0.6307324969165882,0.6233663725181026,0.6697186671811328,0.44571463132832423,0.7441135849169822,0.5979953576127506,0.8044675500324212,0.799469338564533,0.0,0.629718916574844,0.5542739318182479,0.5457306452623596,0.3050618976321724,0.4634426011514281,0.46479564797395934,1.1504128077067377,0.4414093485467109,0.8655571941423766,0.6964137478747824,0.4886385902179824,0.6228558059131621,0.7012352850507644,0.7047201800295881,0.7006460755796113,0.0,0.7240426038161061
0.5885404530039327,0.599762116002927,0.7009202064488648,0.6568752750357723,0.6147377630630213,0.7425738658045482,0.618777968527318,0.7814129244072936,0.5144657561707315,0.8115095395764147,0.0,0.7779949364703842,0.6331707372692068,0.8427982405645513,0.0,0.4941846538559107,0.8311672078968155,0.8502680538101683,0.4239759834417687,0.4496591880770924,0.7443989157586,0.5101024287683671,0.6331852275326928,0.6738468958881676,0.8748734310241835,0.9262130063396697,0.5910968685107134,0.7215781127079455,0.649196056988993,0.6033636970265657,0.7220964591614485,0.7384876639255724,0.7373422158115909,0.7989111988606654,0.6871214914545076,0.7421546697015025,0.8406625300491419,0.7841652568325184,0.7160526044269072,0.5913551394497792,0.8426697951583225,0.7721802948355911,0.7803842493578816,0.6434882735368221,0.4187802616656631,0.0,0.0,0.8515666386420064,0.4646491088261191,0.757082522787873,0.871412794052022,0.5954879779325013,0.7411541619215031,0.812100761583386,0.6493004824878704,0.5383133704579928,0.5958324083885149,0.7960317838397057,0.9743197444843221,0.0,0.0,0.0,0.0,0.2712370525708696,0.4859698773229064,0.0,0.5280522389709172,0.7655248906813152,0.0,0.0,0.9102368181348093,0.8834526155901586,0.7923188413710697,0.43196135860454965,0.0,0.9193916221361198
0.7361851946168514,0.697091773207648,1.0354611988922784,0.3201940025009987,0.7062389426130329,1.006125730920859,0.537358156805153,0.823904342189233,0.8615566329400952,0.7176417114787914,0.7779949364703842,0.0,0.600342246862638,0.6469510844405462,0.6722941527488594,0.8113873945613224,0.8595917136833465,0.9208070895862307,0.8525768364758285,0.5664430122480458,0.8872286690287763,0.5122380608649315,0.5473990095466404,0.6115247421430358,0.7706985216451684,0.48375469892707057,0.799780030359426,0.8184745924609016,0.8997257541163243,0.5707229699562889,0.6247278129997376,0.47775811909662697,0.12062873123641801,0.4082300549787832,0.6199555315791365,0.6577835106089964,0.6614893027625152,0.11837303148418316,0.7268982661601793,0.5741850554729764,0.642972693736835,0.6541320516643588,0.6416175306070765,0.6659839114866138,0.6474038511400448,0.8811533860273744,0.6260381898749956,0.4831210013092282,0.45675713838167137,0.28997596762728783,0.6520152970696256,0.7431413058034331,0.341739714529243,0.6241426147793318,0.7513204444986852,0.36390945617755466,0.8159424134518345,0.7849751658255419,0.526376416998469,0.5046085103904927,0.6273860193508097,0.5772956358155098,0.4854563474543582,0.5218320457805106,0.7967619467337241,0.8137021411326008,0.6700324686301239,0.7220113989255454,0.6408219430178792,0.655694292081431,0.6718740576047347,0.6317674570406497,0.9701676986318151,0.5622219242735365,0.0,0.7703432731193971
0.6955774662104175,0.6839048399749994,0.6952824475232207,0.5103378525470718,0.7223603113031697,0.8158673608579134,0.7067450375110411,0.6634936666271838,0.8246741976818908,0.5241135629504208,0.6331707372692068,0.600342246862638,0.0,0.5058140959196207,0.8388779742002317,0.819686060310391,0.5242056099843574,0.7769050657496421,0.6750071127861443,0.7492293385895354,0.7210901995510002,0.7337272536641497,0.741638223340505,0.5135022221352947,0.9556441105455344,0.7193140058629186,0.7312036086221017,0.8503322025527138,0.8625031118380714,0.5371750490282947,0.5878193523916866,0.7365544795696164,0.4856548714357496,0.5051310780122662,0.5853880441297359,0.7268449560821146,0.4978129816867158,0.680088231358035,0.40276253925740924,0.45846555632996167,0.4319267830596001,0.48993238261398797,0.45023071268842946,0.3803043382784608,0.6627807458507194,0.7083955632334913,0.8759759693211797,0.7712052222295598,0.0,0.8886915516540238,0.7823952991900136,0.7979217373968499,0.6773704589194642,0.9219135161213443,0.4018224568580521,0.5371980869606297,0.4535429464007641,0.7970967259167901,0.3780469655861144,0.7671288984226701,0.7874759771293962,0.5148575301872454,0.7507164054714114,1.07823093187693,0.7760963020685572,0.8275736479955279,0.8469504556886667,0.8189207996766319,0.7676962194761086,0.8295906636523738,0.825561408705326,0.834643658789479,0.8680590085224984,0.8292043291924384,0.6274784016263846,0.8587890025954283
0.6722673191338245,0.5361553889424804,0.8486433695497207,0.6760565480945144,0.5499045799951481,0.9340124983984467,0.2963321436633824,1.1204419207972633,0.7641969061160061,0.03732392920137362,0.8427982405645513,0.6469510844405462,0.5058140959196207,0.0,0.6339566999829238,0.5035229354025665,0.4499942675834579,0.4992414691943837,0.7577865902502152,0.6499312954442926,0.7129826943257782,0.27467249529346793,0.915389008033565,0.8608600370005399,0.6065454787981557,0.6292534141133463,0.8815638590638794,0.3307194952235081,0.3978270673148233,0.6706871169276931,0.6111209686901022,0.4006661547467739,0.1435692507717968,-0.03533695807139342,0.4796219033895922,0.34076955825751515,0.36647888169301845,-0.09352660188857631,0.7960174635228692,0.0,0.5248782985991888,0.6752511729585446,0.9089132730596922,0.4739941770316012,0.0,0.0,0.0,0.7968007212040722,0.0,0.9699529441229507,0.7878123945047503,0.6710690024262562,0.8228955545050378,0.5609061829235809,0.0,0.9020646438755014,0.35576488418006913,0.8512166677174295,0.8482749954873161,0.0,0.0,0.0,0.0,0.6156768494352625,0.0,0.0,0.0,0.7918316870294324,0.0,0.0,0.0,1.0498576517551934,0.8557273588408983,0.0,0.0,0.0
0.5864787042008027,0.7836081153623758,0.5565271892696444,0.822138787388945,0.6290294295782224,0.6595941737121843,0.7196530891340969,0.7989904791742344,0.7823708019629587,0.45078548705503074,0.0,0.6722941527488594,0.8388779742002317,0.6339566999829238,0.0,0.7762390708950074,0.692299517439534,0.7445947061134787,0.0,0.6908133530779681,0.5669983548481353,0.5584244279560113,0.7994581752749677,0.6089064157282577,0.7386239588332834,0.42421149008938586,0.7850628059247038,0.6918236640143626,0.7730333583663473,0.804731826587477,0.658715256542901,0.6920155093218742,0.6957685561036089,0.616233254233417,0.7509425286069283,0.7915912595282679,0.417746328525505,0.3804346067386516,0.6933576574597773,0.8513387563431385,0.7743487727299267,0.6906973786490429,0.32239556069627867,0.39428052172953554,0.0,0.8014221469599982,0.7690364867317554,0.6519864869464526,0.0,0.0,0.6857269688732468,0.8480201883855334,0.6457834833494793,0.5751972879842954,0.0,0.0,0.7108217068104093,0.7213716322191447,0.4672426716599992,0.83653787073217,0.9631089875725434,0.5537773396425499,0.9343931049539769,0.0,0.9384912564585985,0.6297056157231453,0.8751758227633605,0.8933215388828624,0.4473134145114386,0.9383595971138795,0.6987322392823017,0.820399236905004,0.8570893750305788,0.8034031986026,0.7692129700257258,0.8067873091874764
0.908711013081771,0.8518578624573252,0.6453622062893575,0.25075734124555105,0.5935252521716214,0.6474422772314603,0.7194493646638076,0.8324657950920897,0.6490017406382778,0.6781201052866881,0.4941846538559107,0.8113873945613224,0.819686060310391,0.5035229354025665,0.7762390708950074,0.0,0.7311741336796556,0.9331496516843444,0.4490298006863784,0.6550791164430307,0.856273912334796,0.895860966124483,0.9185109092669786,0.8011677094597844,0.8616028726402998,0.8075512171133643,0.7616044787252108,0.760032649314208,0.7456955020882727,0.6691131164582336,0.7431031694009227,0.6966346878952451,0.5124376433436996,0.5609821108356345,0.8071876195295465,0.3467392914461148,0.5624537694861225,0.5543230568841773,0.7946661069954306,0.8747904046425903,0.9410840759209556,0.8072396644637376,0.4680436985751691,0.0,0.0,0.8374074032756305,0.8898801138817439,0.0,0.0,0.0,0.8187560591238237,0.6955160225393158,0.8580011274599286,0.0,0.684989243142493,0.0,0.6422765597259662,0.8535375266069911,0.0,0.9197660841841361,0.9833523932619013,0.32518569428896177,0.9757266211611335,0.0,0.9416565334562321,0.957108104157756,0.907200950034764,0.8468227297579136,0.9881984272783325,1.0281358027082983,0.9674440850114481,1.0023387935962025,0.7528123857839807,0.9884820825394672,0.0,0.9024695775546847
0.5604815146722679,0.8380682300135344,0.8539296805568327,0.6456661982363647,0.7620042348333054,0.648007366822003,0.7236134241937384,0.5480507354237296,0.8182129262785115,0.8723739189111284,0.8311672078968155,0.8595917136833465,0.5242056099843574,0.4499942675834579,0.692299517439534,0.7311741336796556,0.0,1.0550276523495326,0.9691223063565642,0.5774175661616497,0.44114997999993383,0.6854179482587558,0.6979743097970805,0.7269537119808589,0.7738731763100585,0.7956517823005129,0.701267231754936,0.7400737325237023,0.5067271146709508,0.67480156122804,0.6299491130001525,0.6118475139402311,0.5913970192307709,0.7098062146364532,0.6744202981210998,0.6886694993195628,0.34641759184983495,0.46832830867630865,0.46408536186071636,0.61861958702812,0.5306457219469032,0.6369150553058549,0.0,0.0,0.4776402651065027,0.6671749506444511,0.4798189459759575,0.0,0.0,0.0,0.0,0.0,0.0,0.0,0.9094357244862851,0.0,0.794836789188684,0.4480857049840447,0.0,0.545381844031128,0.4726356224218393,0.7347493048415756,0.37014376009672756,0.0,0.0,0.0,0.6271429448719612,0.0,0.7410912376189467,0.7019428669470165,0.7564337704868119,0.0,0.5676456917245493,0.47195517492202044,0.0,0.6772140127054025
0.7554249165595922,0.8136893730436492,0.7370221086657409,0.46524757829149044,0.4810098553163926,0.6551869570071426,0.6963529028172782,0.695567919471531,0.6703652060111776,0.7663434267689255,0.8502680538101683,0.9208070895862307,0.7769050657496421,0.4992414691943837,0.7445947061134787,0.9331496516843444,1.0550276523495326,0.0,0.773459537345141,0.6462549011082077,1.0420304918589984,0.7805494979721541,0.690130778666616,0.7741237899273509,0.7396055488797093,0.6997893242172385,0.8493189830030765,0.6199940888931295,0.786476821754192,0.6851602873748706,0.6503101393674355,0.654431748547087,0.6015091524118654,0.7017305931633138,0.5886644194244878,0.7642417103290702,0.39851774732282697,0.511905695022877,0.8239361306712998,0.8328070186003647,0.7891887879650628,0.8917401501582847,0.0,0.0,0.5215777308397411,0.7819386888745719,0.9021497494846928,0.0,0.0,0.0,0.6837105692002619,0.5124104114742442,0.6069764959909759,0.0,0.9697329376179721,0.0,0.9065387532887271,0.6956493416558064,0.0,0.880888868924774,0.9233803279084205,0.8195585759754112,0.8473112074950896,0.0,0.6918950644765225,0.8838048100183296,0.9747694330745413,0.899096495026924,0.7128130420714516,0.9454754254012575,0.9630129501429192,0.6192501385183387,0.7560045063421854,0.8217642749743994,0.0,1.0148404513942058
0.0,0.6567244811396515,0.45648427487081544,0.738906527217525,0.6814690053981101,0.7286382042800837,0.6384544371242264,0.5475114059802245,0.27747039753129277,0.7803682716183928,0.4239759834417687,0.8525768364758285,0.6750071127861443,0.7577865902502152,0.0,0.4490298006863784,0.9691223063565642,0.773459537345141,0.0,0.5039146172647968,0.6390514877405576,0.6918431061096367,0.6065150227649755,0.9767284075343377,0.8638386872155288,0.8013745757426408,0.412260079180809,0.7744342163020062,0.6701334190769127,0.8181952292003285,0.7555000950079553,0.8075496251826334,0.7484461031091763,0.7972827397619164,0.6932849575990215,0.7831798410008789,0.7179043949613597,0.7229988563539492,0.47954333469568355,0.43719487034886517,0.6683875235500774,0.45714645406845333,0.7273195443271326,0.6015658366220039,-0.0008751631394606618,0.0,0.0,0.821156807937107,0.0,0.5590215884629619,0.6932600115553509,0.5977575635408318,0.5634684639024674,0.7711185349185878,0.5958731507260797,0.6918722358355458,0.7359289156893689,0.5837603397077635,0.6171996433832007,0.0,0.0,0.0,0.0,0.7956016275386244,0.46985281977667487,0.0,0.4850033659367585,0.7564379225068252,0.0,0.0,0.0,0.8076676678048965,0.7858810813739712,0.712294634978149,0.48306952236081024,0.7701345078357715
0.7035949658412155,0.6611267131103927,0.6822004991282657,0.7851417693489,0.5442894683734405,0.6256628958146326,0.550054233939199,0.5735843759337118,0.5484229417912897,0.6649421278541617,0.4496591880770924,0.5664430122480458,0.7492293385895354,0.6499312954442926,0.6908133530779681,0.6550791164430307,0.5774175661616497,0.6462549011082077,0.5039146172647968,0.0,0.6733284027525226,0.5075040101981251,0.5826927429062739,1.0232659046719224,0.8127347554286757,0.5726678161696357,0.8305532932866773,0.45254923283717396,0.8140647779119458,0.6601132893878321,0.5527807389648516,0.5728582509063305,0.49486237590064874,0.4737401272328456,0.584885413114269,0.7624437190522864,0.6753306809749313,0.4036665083754768,0.7384082029005783,0.9173249797054759,0.7210756681976923,0.6813930938709984,1.0915461562335689,0.4740907085400665,0.3408296849504302,0.7759329995459205,0.7830391248825084,0.7277334505596389,0.0,0.0,0.7603630381723624,0.895884047684218,0.8004477769847858,0.6225950149858441,0.7856993706259079,0.0,0.6709119617972736,0.8166604544478802,0.0,0.9084025066617558,1.0745884613611838,0.4657229868434783,0.9859403186741014,0.0,0.7635508922065164,0.7631043706273469,0.7649990689855837,0.8126331357484613,0.0,0.8270241082739869,0.7228595451674152,0.7220673184926415,0.6629658603367832,0.8049175673810938,0.7371672820550313,0.7528339349567132
0.6062813898991355,0.958904714942735,0.6954490532199775,0.43325394894245345,0.7096893845268801,0.7070051096535237,0.6337639840500078,0.7706278987518976,0.7498974687377805,1.028142595351571,0.7443989157586,0.8872286690287763,0.7210901995510002,0.7129826943257782,0.5669983548481353,0.856273912334796,0.44114997999993383,1.0420304918589984,0.6390514877405576,0.6733284027525226,0.0,0.7713197348382551,0.6350060812501979,0.7593219992964163,0.9491263452812422,0.6093789657887515,0.7681232050479101,0.7750307868147497,0.7524124984242091,0.7187658761229281,0.6726472204783485,0.6402255310052805,0.5948845184445946,0.5231717980338251,0.8813921538796907,0.5360166692550016,0.4916542903992051,0.804308941565976,0.6211347248321717,0.6874071683132332,0.4467956792206413,0.5253772750417038,0.7183869044232335,0.0,0.0,0.5671469104108655,0.8077400391015859,0.682717304748909,0.0,0.0,0.6050879896094541,0.623504406629884,0.8201309705442896,0.624816103566068,1.1151749878801949,0.0,0.7791336499421629,0.7061894214689541,0.0,0.717674198883208,0.867524163823,0.0,0.7083044787172659,0.0,0.7674016400428593,0.7178071454402244,0.6682562323301029,0.7354933014189259,0.5379780051060419,0.7088580691492221,0.7717889282346225,0.621168612261527,0.6844743155076378,0.8059115721420141,0.4850909517313542,0.31243067247112155
0.8623590973450196,0.8225050690543254,0.7813324001106469,0.6312209596286638,0.5287216035640374,0.5075788504079597,0.6305249277821633,0.7439208950072682,0.5019030478106093,0.8122483190829091,0.5101024287683671,0.5122380608649315,0.7337272536641497,0.27467249529346793,0.5584244279560113,0.895860966124483,0.6854179482587558,0.7805494979721541,0.6918431061096367,0.5075040101981251,0.7713197348382551,0.0,0.8460617048233662,0.4240886244147942,0.8329727184022447,0.6949839290594592,0.6401098943830079,0.6940264279169087,0.7042848635654567,0.7640225332960403,0.6672401265687239,0.6523210169766611,0.5318459660800975,0.679276826369846,0.772146003387252,0.6632722768583821,0.8313872202258946,0.36535735277012343,0.7417312235888796,0.889938791284381,0.7918910173560476,0.792148573220216,0.9455866368034486,0.3231486078087629,0.4005136652435401,0.8247531918962039,0.9860551226321596,0.7634340296883002,0.4714000259607051,0.3913579307886727,0.9589086176155014,0.864250515217194,0.825556968914302,0.7887383346958472,0.58760407851669,0.0,0.6473701562661779,0.8892534134827739,0.0,0.8803142104566135,0.9495920316763256,0.38715428079255143,0.9937910375728074,0.0,0.7752482484842997,0.7549198868822183,0.8250398146767366,0.8350395712425132,0.7743040649359625,0.6015601167069626,0.8774562635340402,0.8367810286196578,0.8134300323088139,0.8409145856485727,0.6000183026924497,0.9098188288446688
0.6723504483979055,0.8812524327065452,0.5398185359176028,0.8535501339755329,0.6488917942286494,0.5996452675946216,0.6567100053886643,0.7524589979699774,0.6326483724868538,0.7477144712995987,0.6331852275326928,0.5473990095466404,0.741638223340505,0.915389008033565,0.7994581752749677,0.9185109092669786,0.6979743097970805,0.690130778666616,0.6065150227649755,0.5826927429062739,0.6350060812501979,0.8460617048233662,0.0,0.6922010929040664,1.0677632401657173,0.6135896875659053,0.5646161707456914,0.71715440240955,0.8476210248027743,0.603767950704611,0.7023324617137603,0.8482258050056957,0.7676445743206511,0.748302194911064,0.7139336932734288,0.8132693716973107,0.8206190399884205,0.8051278744485523,0.7933272742159491,0.958681410798033,0.7381534243335861,0.8006517371521256,0.7950915242563283,0.9160873759305422,0.6459553190260208,0.7888028994288605,0.7910262014568336,0.8816400879039051,0.632165479957349,0.8067517224576548,0.7863977993596869,0.7313751140446326,0.8328059481301233,0.7967207408271814,0.8264027206862944,0.805868552700984,0.565832362447379,0.7653901432110466,0.837531570769137,0.8630548544396259,0.9315560282044697,0.4647956479739587,0.896072260435485,0.794545447737856,0.8191275667517426,0.7752085323975568,0.833519712323696,0.8766957992442773,0.3422223522232656,0.8705809572881524,0.7112874578371606,0.7185722685344864,0.716437283439628,0.8512485869826705,0.7665632005994254,0.7802698744634454
0.8184077199717703,0.5279807760161527,0.6917773215351819,0.3762069941875722,0.8354369143911193,0.6463795635711852,0.819507774306349,0.7382740241809653,0.7769169135945901,0.7125896455071087,0.6738468958881676,0.6115247421430358,0.5135022221352947,0.8608600370005399,0.6089064157282577,0.8011677094597844,0.7269537119808589,0.7741237899273509,0.9767284075343377,1.0232659046719224,0.7593219992964163,0.4240886244147942,0.6922010929040664,0.0,0.6618227148556589,0.6176189756604273,0.8361869164720885,0.7164450813671448,0.65175313889908,0.8643175377254272,0.8185218443011033,0.8962097733803647,0.4905459431513282,0.7107245096746948,0.9394557994744349,0.8738889189425061,0.36989983792518316,0.3833838977674594,0.70867676975942,0.8021545083543268,0.8156869441630089,0.9201709828224698,0.6455628008157048,0.4910349075916639,0.7031940313582805,0.5265137664937388,0.9305199057259914,0.0,0.0,0.45657592417450876,0.5404814923807939,0.366491117183409,0.0,0.3457522717265047,0.7806858951415236,0.510040244409923,0.8223627780805342,0.5855278617856363,0.0,0.32704308150061884,0.79504023481627,0.5457636009725529,0.7300495027644059,0.48905584647735634,0.3883716913244534,0.3793462543327081,0.5976854991252881,0.6648388521978157,0.5293407063308175,0.7765203603693094,0.7400847788860971,0.5079252242665717,0.7974356696766965,0.8180387020511624,0.0,0.6535839554547374
0.7016779892573004,0.7232668045892764,0.6180449792399096,0.7973017914987055,0.7023894627926032,0.7454134337715044,0.8057091618075105,0.9739899701274151,0.5606645283986516,0.7440204891068349,0.8748734310241835,0.7706985216451684,0.9556441105455344,0.6065454787981557,0.7386239588332834,0.8616028726402998,0.7738731763100585,0.7396055488797093,0.8638386872155288,0.8127347554286757,0.9491263452812422,0.8329727184022447,1.0677632401657173,0.6618227148556589,0.0,0.5450564572179171,0.8959646602316809,0.7107875589700222,0.9522796154424498,0.7033225377658736,0.6938885571074465,0.4724299996576491,0.5300346730503872,0.5787167002492584,0.6151531254640394,0.570448197469053,0.6085920907137661,0.49505040184690796,0.7261444613787962,0.7343486107076169,0.747623128109075,0.80636477814257,0.21203956821168896,0.0,0.41933805084394715,0.7441015235888454,0.8668489728526751,0.0,0.0,0.0,0.8373232317712932,0.5897537870896634,0.7837299724290244,0.43504639725548433,0.8668238537770989,0.43948108345247805,0.8819628856700856,0.6030406524618706,0.0,1.0959702699689735,0.9106125282361655,0.7054092558577105,0.7430216683770074,0.0,0.8535835290489362,0.6950249934058419,0.9606835409843459,0.7081346587598465,0.6889142844318472,0.8366286191580554,0.8897923563932806,0.6824785905375346,0.7665471408806156,0.8393821842125412,0.0,0.8867852812738399
0.7903870349039381,0.5806125310519668,0.7749712222498779,0.715226535420356,0.5218804338336712,0.6862362277767229,0.6419135656743037,0.858348301848779,0.5848900515774647,0.7059870151592857,0.9262130063396697,0.48375469892707057,0.7193140058629186,0.6292534141133463,0.42421149008938586,0.8075512171133643,0.7956517823005129,0.6997893242172385,0.8013745757426408,0.5726678161696357,0.6093789657887515,0.6949839290594592,0.6135896875659053,0.6176189756604273,0.5450564572179171,0.0,0.6688499298668062,0.7566146060380206,0.812704111477895,0.5186245663019962,0.6780811279959928,0.767173750536001,0.7336248359682749,0.6656037153417458,0.7041470024245389,0.15091564253827155,0.5549708518244575,0.5795073095269077,0.738432780184979,0.9094568893302604,0.908626193889184,0.688452860415373,0.4325747210658985,0.4913788427450113,0.6889210540858356,0.783379154557964,0.9033057032142903,0.8292880167472367,0.0,-0.005537232490187358,0.8056000866617579,0.8342969103543656,0.617637798517852,0.6842941468823293,0.9011358250636397,0.0,0.9422975971996692,0.8764136688319895,0.0,0.7478827935439998,0.9933314295268748,0.7664137220090479,0.8722657404711507,0.0,0.7227549787860321,0.7573157629471392,0.8398700852283347,0.669870054797157,0.713832524372656,0.960393719906058,0.8549754183322452,0.7141346367438646,0.7969960495650463,0.9254731568781899,0.43499256261155306,0.9273546518017262
0.6811938880318112,0.7513891417171914,0.2950486505631423,0.9129279574740128,0.6600090318826113,0.762398539851691,0.6336874875719025,0.7457005648916142,0.421494371042627,0.6485070591224275,0.5910968685107134,0.799780030359426,0.7312036086221017,0.8815638590638794,0.7850628059247038,0.7616044787252108,0.701267231754936,0.8493189830030765,0.412260079180809,0.8305532932866773,0.7681232050479101,0.6401098943830079,0.5646161707456914,0.8361869164720885,0.8959646602316809,0.6688499298668062,0.0,0.7640884060692792,0.9860243064369039,0.6559060734367612,0.6086709421228624,0.7895793960913174,0.7816226007834552,0.679995142538736,0.6485715813134049,0.7329448042097844,0.8174418716519073,0.8635714390259674,0.7632988304115325,0.8496210467610696,0.8376621845638089,0.8266577647166743,0.8072825277303842,0.9608457597396909,0.6376745962967101,0.6192854476889542,0.6978743402072911,0.863405855238282,0.5843064092775251,0.8594335570024478,0.7775102600524695,0.7216582631415563,0.7547909716053832,0.7645422069852637,0.757892442066213,0.8320959040142071,0.41839814878249926,0.783182265639897,0.942758784678982,0.8716709203966554,0.9487736868348714,0.0,0.7471028811288423,0.8153200592368162,0.7764561247543716,0.8282129238697589,0.762286680407037,0.7775426751626011,0.0,0.9132821596372478,0.6601946338245478,0.7428596001520619,0.7500381819266795,0.8240186768558166,0.6855659619909859,0.8304207555276716
0.6051088456458895,0.8634067052721117,0.7486074059255878,0.5362097467456541,0.6314388181750249,0.8984356461985904,0.533792605007751,0.7281182315355902,0.7688975285732685,0.7210895177513419,0.7215781127079455,0.8184745924609016,0.8503322025527138,0.3307194952235081,0.6918236640143626,0.760032649314208,0.7400737325237023,0.6199940888931295,0.7744342163020062,0.45254923283717396,0.7750307868147497,0.6940264279169087,0.71715440240955,0.7164450813671448,0.7107875589700222,0.7566146060380206,0.7640884060692792,0.0,0.8621737270261708,0.6458395278313891,0.6517176493607777,0.9140994336763035,0.7608424100270186,0.6285597493536126,0.9396040155168861,0.5457765280327441,0.375969753625766,0.9386774042502981,0.4496951206794874,0.4244401069946559,0.2763429314444632,0.4483001350335909,0.7160776930384836,0.5553055415487744,0.7589582422397945,0.737041532053847,0.7949329408110054,0.812783320439246,0.0,0.851761510330869,0.743485375882827,0.8324692579916134,0.7514957610082925,0.8641711126910935,0.8234144079209114,0.686278789834701,0.1869258435428519,0.8107747217267232,0.37055388718837745,0.8288424552835421,0.7819073407159514,0.3109072385613033,0.7514447558620619,0.8956061475734431,0.8417690717692967,0.6604056478768462,0.6660961457811247,0.7921696078926037,0.6830916388152521,0.9393973950237424,0.6918520365291472,0.7601024481348334,0.8731005632183171,0.7934716082889519,0.7139361990904232,0.7703229219632034
0.6397474411825849,0.7022276369181207,0.8296318392521456,0.7363115381608238,0.7071758504296427,0.5907730068483472,0.6943236564444473,0.7400073360677291,0.7642206150416142,0.7694317043916485,0.649196056988993,0.8997257541163243,0.8625031118380714,0.3978270673148233,0.7730333583663473,0.7456955020882727,0.5067271146709508,0.786476821754192,0.6701334190769127,0.8140647779119458,0.7524124984242091,0.7042848635654567,0.8476210248027743,0.65175313889908,0.9522796154424498,0.812704111477895,0.9860243064369039,0.8621737270261708,0.0,0.635570379127429,0.7182175442537857,0.6556062513610843,0.6730808292805587,0.7332654039917423,0.622833060914076,0.7149917374140515,0.6119918673254785,0.7627789296411778,0.7143431017234868,0.8888005758345796,0.6853693762663793,0.7601467218962599,0.6360873222387697,0.8108362407642089,0.6751326199735483,0.7104230843817666,0.7355993731051447,0.7374842987248773,0.4667214194941747,0.677244027043888,0.7765344556972251,0.7751942148787611,1.0072372552370552,0.8033893190820807,0.8437232148238711,0.4640901941835145,0.7554199386335781,0.746409640309242,0.5718485767881709,0.9030845612249163,0.8908343723294074,0.46845152560200937,0.8553517251369452,0.7789745380693573,0.8422457193040773,0.8608659168406739,0.7165781224460521,0.8316543985126805,0.4829509769436297,0.8588122910351395,0.8373934629553244,0.7399520984271825,0.7088390328912954,0.7658425938666986,0.6894034271262928,0.7722900685120935
0.6824498871541973,0.9546634865638903,0.8927807812584222,0.43390343925724106,0.6750698599134612,0.8303468248363881,0.7487457057440228,0.5164586966258133,0.6790964607561591,0.6185414029514824,0.6033636970265657,0.5707229699562889,0.5371750490282947,0.6706871169276931,0.804731826587477,0.6691131164582336,0.67480156122804,0.6851602873748706,0.8181952292003285,0.6601132893878321,0.7187658761229281,0.7640225332960403,0.603767950704611,0.8643175377254272,0.7033225377658736,0.5186245663019962,0.6559060734367612,0.6458395278313891,0.635570379127429,0.0,0.5248286130482152,0.47755673441924856,0.8378657017130882,0.5692247448428251,0.3379121631503883,0.3779088937896469,0.4134106972551158,0.5457500274570068,0.9051849346369412,0.4561118619295519,0.5053707234085026,0.7502788911511564,0.6500323226346245,0.26943091312206036,0.0,0.0,0.0,0.2934714590745866,0.0,0.0,0.6959772081306105,0.7317884194454249,0.5492790607437605,0.7663631577756136,0.5018674281614814,0.0,0.010333316031843266,0.5351839211904389,0.0,0.7646000907402457,0.0,0.0,0.9459743627113827,0.9444247314548398,0.7370421015785169,0.8086908944669091,0.7564226532922896,0.7184712467184599,0.0,0.42310467095332094,0.4780063312506213,0.7093407102983917,0.7341092945011217,0.73732819959705,0.7287608440303317,0.7209866386550916
