0.0,0.47236069048377294,0.29695614222011957,0.0,0.604670064682827,0.5629954333284319,0.40214299272484144,0.5941886916076309,0.4797887029750266,0.510347583418384,0.3872347915402124,0.5679116049275774,0.6094069927795416,0.45925414680180604,0.43912905995172485,0.6649658843460218,0.42689463212838774,0.5484993088078621,0.0,0.619455301644706,0.39719715182359216,0.501631073553118,0.5214510693239951,0.48489022387406555,0.47358569076346696,0.6078483051327526,0.48235136999253114,0.41814763256934206,0.45818220757085326,0.6848732663381183,0.4547893874334326,0.45238996375208756,0.33474620259499355,0.36872781782784103,0.17917638937709165,0.6844943456382555,0.4783667749299947,0.5322373656550912,0.5735306458311455,0.5141091927600191,0.5481802415878769,0.5100052191805513,0.4627387190902068,0.0,0.3078078008274677,0.43257378940144486,0.6277555987605434,0.0,0.0,0.0,0.5927115357099472,0.0,0.6148247390727493,0.0,0.39989435916525756,0.0,0.44711872064018965,0.6540121687594611,0.0,0.5696141708620853,0.5999128503584765,0.6161755264596256,0.514636577151381,0.0,0.4318723505907257,0.341000068424108,0.72524166165327,0.669655299756295,0.45311572317112914,0.5274895336114477,0.6654783520476666,0.43557176227480937,0.4542776749035019,0.5077581493586903,0.0,0.5651340263258644
0.47236069048377294,0.0,0.48683218090385694,0.4102022661515444,0.4570434607990194,0.448508120781946,0.4069035117692359,0.6355246439528581,0.4474355279489212,0.4437841156709139,0.40059225765577955,0.34160945541776827,0.4028017783918323,0.35116945790653176,0.43312965462295927,0.5951349763533271,0.42481883605443127,0.5854256976472214,0.6532896292704289,0.46465522851548835,0.5162076431756994,0.598513923493663,0.5824075995168445,0.4885972163491204,0.5521516287128567,0.4678984523755015,0.4473187201408726,0.3984726513824126,0.452084072306534,0.4090159154253723,0.47130349188708087,0.37179151342340927,0.23665041165470796,0.35987159768730953,0.30157132010247867,0.4437836913453209,0.06203721269533038,0.0,0.4982234494060386,0.6793183604076767,0.47872719045256373,0.4009131065018705,0.5808896595028695,0.0,0.0,0.38496766702772656,0.5292136098990995,0.047819232579855375,0.0,0.0,0.5409580638082911,0.562212066160351,0.41026872995085334,0.6531479627854058,0.6874843666775069,0.0,0.41957522395760194,0.5468896820100799,0.0,0.4838719762747061,0.4512778326326204,0.459036216703979,0.4763430617543518,0.0,0.4995233759456894,0.550735320812238,0.6902036158492368,0.5599059757014089,0.3438469189042971,0.35655708714377726,0.5726141118196297,0.4971764499949986,0.7345486290218934,0.6914049602438915,0.0,0.7252903764071394
0.29695614222011957,0.48683218090385694,0.0,0.5205265606374574,0.7820933086819484,0.5884950599141605,0.4910730684002005,0.7056551495072856,0.600326476503197,0.486166717182973,0.6318892190574326,0.25124408260809294,0.5253448245126078,0.6846158412255227,0.5482118686621432,0.3333475454292614,0.5323311763137846,0.6997216903545342,0.6319564897041289,0.3038206732274118,0.4490287787778569,0.6026112959243013,0.5403205793452933,0.4223040516561808,0.5061215445275732,0.4779855442452847,0.43462398590796175,0.5921703277783379,0.6049601585656301,0.5433067189948636,0.60011814511518,0.5320472096510296,0.48207028320863443,0.5962540250350774,0.513213023735702,0.5752924766428948,0.4298068539457332,0.5113790439976387,0.5722590140511097,0.4741114879078322,0.12659995114125427,0.5798365204774516,0.5299541706478448,0.6948545300165585,0.0,0.0,0.3953474362863989,0.1871499453024401,0.47519088047195585,0.24214229112429286,0.40409143916055257,0.333879302179762,0.6676005660808535,0.3429090428507025,0.4461234259968345,0.628372507463441,0.7480425205957656,0.3414829595846969,0.5103907779152668,0.35116125225663575,0.0,0.0,0.0,0.02918936485348589,0.7390932210306508,0.46202505402385713,0.24357103384057796,0.5212911891527889,0.0,0.542323097152848,0.618311330876077,0.44573712537859267,0.4140087413216181,0.5265725935457444,0.6375598604559256,0.3689952572414251
0.0,0.4102022661515444,0.5205265606374574,0.0,0.631955511522013,0.5753179077399952,0.530482389971879,0.6716639062239788,0.8554852216282236,0.46946138466256904,0.6024248172038733,0.24609018730686405,0.7034148207367311,0.792574199893959,0.6901089470944052,0.24985839561532847,0.38126246654478557,0.4644689137796846,0.6595576647401231,0.722541015354312,0.4292691414145787,0.5878831485895258,0.561766249644517,0.14731529015280487,0.797261714403253,0.4481887515330862,0.6270951474608,0.5073050854323663,0.4763269123333242,0.6384696942538384,0.598548712363035,1.0952099021726172,0.2700357278042225,0.8636026102595,0.9933716645847575,0.5773749137776529,0.47555760478839587,0.9907575886570248,0.17014275289951114,0.3803365717162779,0.5248288172310309,0.39194908882454726,0.21214931208782517,0.2650010004838015,0.0,0.0,0.0,0.4255692151384051,0.0,0.0,0.7207783051057339,0.0,0.4629614855218291,0.29270076516699217,0.0,0.4725397585500383,0.4514766173319214,0.45467375577082825,0.0,0.0,0.0,0.0,0.0,0.0,0.0,0.0,0.46131954682245935,0.6076203152430601,0.0,0.0,0.0,0.5294377577357692,0.45882484482439506,0.6440071653077295,0.0,0.0
0.604670064682827,0.4570434607990194,0.7820933086819484,0.631955511522013,0.0,0.5199065987817332,0.5347661527242719,0.6695322444982813,0.5016887525266807,0.30221585230835457,0.45127099847264196,0.6738393286934964,0.6409726184281009,0.557224505846288,0.5975424734553636,0.5345145796096031,0.6236606097308074,0.37996808057473686,0.6218525257608675,0.5036680189674838,0.5679896705802374,0.47042311284580945,0.5495143114252345,0.7319369727398659,0.46914492843967504,0.47932192301334525,0.7367292384841466,0.7535383236018154,0.5077113882854041,0.5118709355911496,0.687687481756963,0.34106649961575736,0.5846419401474373,0.7108064857158067,0.305204689079808,0.42851631399512186,0.4787293718636967,0.5358194229414612,0.4202127683218934,0.4977340856108739,0.2327848959323624,0.5140596207999044,0.16798271246144014,0.648964772405332,0.3594815066648501,0.0,0.20750371421851832,0.1354652829558194,0.0,-0.26870898770439117,-0.13937058319736312,0.5062657386508677,0.449757145629079,0.5727103352783014,0.0,0.10563498549704287,0.3425431587501072,0.47751599284137014,0.4734298648327712,0.5318581483091757,0.4512765498472482,0.0,0.0,0.5853840282109062,0.4582482827024049,0.4819985462145337,0.5928484329055332,0.4338622851235027,0.0,0.47646198373463355,0.814139766199435,0.2689727965689471,0.5435150729751155,0.32004609016722085,0.0,0.5122059789486573
0.5629954333284319,0.448508120781946,0.5884950599141605,0.5753179077399952,0.5199065987817332,0.0,0.43910260709943916,0.42580893649570695,0.3773546772180838,0.4271638111838835,0.5671104880882747,0.745868795400566,0.4685154111190435,0.3953916089696051,0.3977838369547404,0.5283126537748223,0.5221253249311533,0.5809686234958599,0.6533558968759632,0.481202010242223,0.5240786460159848,0.40244483614469917,0.47928965228309983,0.3909896374747153,0.5094093016380377,0.5710326633703381,0.5305483582715449,0.6064164782955233,0.3708805500582992,0.5194575908009271,0.567685565614189,0.4188149156644132,0.4699343370368343,0.49837591449201496,0.38901106644088135,0.49042851249569686,0.4430728633553599,0.36063949647950944,0.5205544559123496,0.32201941434474823,0.45500942818067397,0.5189897798895204,0.5168650824419164,0.48166178857557107,0.19281136460280912,0.5475791472903807,0.46558132268062796,0.3700474695475634,0.6701164891114162,0.4150120883550958,0.4161014383969309,0.5208485557800859,0.5780923796515282,0.3874490930629947,0.6768869251602581,0.25424635390077877,0.38165167196679706,0.4124723778438546,0.5369527565250835,0.5897337900287908,0.5442521664224282,0.0,0.5133437049193807,0.4303193301756305,0.4825997143240134,0.3046450657505874,0.5736577186916908,0.411028285994286,0.5128466413510089,0.4425253661207937,0.5713762809182719,0.4269525735470812,0.4051511922738875,0.5402486376660264,0.46442103902063697,0.43391614161640774
0.40214299272484144,0.4069035117692359,0.4910730684002005,0.530482389971879,0.5347661527242719,0.43910260709943916,0.0,0.23777494409933692,0.5791836148704903,0.6966070277219389,0.47304668632625446,0.7384703739043061,0.5063123971655418,0.4313864122909325,0.546569857709835,0.42985595652368913,0.5532148515998135,0.4990099475049097,0.5544867029562957,0.4178187211625016,0.42929500793878006,0.3876243081505897,0.2760332529997491,0.7742378274474047,0.4826228843110937,0.5535768771409919,0.3870393179561522,0.6401543018696922,0.4461974654459137,0.33695301492177027,0.5774372380163015,0.6705644300263739,0.8323554386908019,0.5173383239072014,0.27186837131234765,0.6267784702015404,0.5215804476380248,0.8298187783326156,0.6530863089708483,0.21848018731428917,0.46353160057916126,0.4688184246103703,-0.14916067673742123,0.567615532934955,0.18826635420830898,0.0,0.5143074506828051,0.401796483699966,0.0,0.5127611040411505,0.5704175906299035,0.5646390714490528,0.4791884167984338,0.5716654255606671,0.5580471604840108,-0.2045173292509328,0.5476873245007383,0.4539441473754176,0.2733499800238355,0.17996147615084035,0.46147768704134806,0.0,0.5079259094043316,0.5287672631700474,0.7166871220869823,0.6114670320804916,0.5726076948953843,0.47082886641783717,0.4749634636325868,0.6455668855167329,0.47455190897331356,0.5705728899533242,0.5947853048761076,0.43218972168224545,0.6367595261860761,0.5037945270923889
0.5941886916076309,0.6355246439528581,0.7056551495072856,0.6716639062239788,0.6695322444982813,0.42580893649570695,0.23777494409933692,0.0,0.730473895231851,0.5886031090594825,0.5520918776545922,0.7713213109310382,0.2864173151376757,0.5464904777999748,0.5225047318742204,0.6873237822952172,0.4986905909706,0.5749074142520805,0.6934437418726387,0.5176088757448213,0.5456408937339328,0.6628037338056099,0.4698123996167096,0.3961336652767165,0.57250213220733,0.5464042592653069,0.4138141783588889,0.37806588873746666,0.36250246826849225,0.2610182297737257,0.43234579394234907,0.39097059598094513,0.3515688981866828,0.40866422401209784,0.3922275899338649,0.4128938802463277,0.5683994634610745,0.5952819114842783,0.5694435745523762,0.3874535585275444,0.37292910872133256,0.37593211679784955,0.4765536549570215,0.28319997021742993,0.0,0.4565779068195196,0.36249174203918555,0.6738386735477663,0.0,0.5496887088949058,0.47349691972780916,0.3549791437266428,0.6019378663990624,0.41543409564858813,0.6317062192826319,0.43772354600159136,0.9080620147421363,0.4018539046947835,0.5410493995162317,0.6671076251446413,0.5507098872722807,0.0,0.536140623803045,0.5677890799236897,0.5465862980672702,0.638666187688565,0.461796842123978,0.5408611076136602,0.0,0.4522187693186404,0.38593569874084416,0.47014050134815377,0.41842811138019387,0.5703369975403327,0.4640821059517352,0.4277363853562908
0.4797887029750266,0.4474355279489212,0.600326476503197,0.8554852216282236,0.5016887525266807,0.3773546772180838,0.5791836148704903,0.730473895231851,0.0,0.8540119070605579,0.5251925394069856,0.5725703702579195,0.6353637158172837,0.5360066803548247,0.8686554822147665,0.48586630380341284,0.4872862066606947,0.692689391180732,0.4719266050986293,0.4758946952210711,0.407093995191848,0.5617086821785358,0.5753611904259461,0.6401123203308126,0.4957216693853884,0.5492820487953888,0.5611332520642978,0.7823263677204336,0.5433885814315967,0.5458535915065565,0.8087532632823756,0.749062655993555,0.7255394597944347,0.8332441044683883,0.6376938723219514,0.8365662014213042,0.7146277904301856,0.8917673547882077,0.5908010094134011,0.5511910619610048,0.2433576144194946,0.3957803177457171,0.4825067409047932,0.33232050794289014,0.22270967696782473,0.0,0.4727917801247908,0.5913543550434662,0.47493988329038517,0.6821196269980738,0.5102807730419529,0.6183317017960375,0.6015989915345953,0.5225497277717013,0.4177268902440185,0.5786919118016967,0.36373781383421305,0.47436569056246913,0.49540610294787607,0.5020371229636271,0.4996660734819751,0.0,0.0,0.5438031251407803,0.573368773029697,0.6773214359980773,0.7495098620719962,0.5354098285566099,0.43015593461656154,0.6176386675267682,0.3532635200180927,0.42659414436386744,0.4101942948878978,0.4784212389107383,0.5738672957169743,0.6684059973415022
0.510347583418384,0.4437841156709139,0.486166717182973,0.46946138466256904,0.30221585230835457,0.4271638111838835,0.6966070277219389,0.5886031090594825,0.8540119070605579,0.0,0.669473565033901,0.6877197943006423,0.6451456113685871,0.08929160193917268,0.4506473301457857,0.48968171981177566,0.7482998487874586,0.5896095874385217,0.6446418072473243,0.33610764696179884,0.6461728572398905,0.8517582190131312,0.2552830926774866,0.7120588973677702,0.8003963950636402,0.5770528649423791,0.23668169360166297,0.7507918582472579,0.3021061408146669,0.41000257461872147,0.8509010858772934,0.4777559553893095,0.8131547693664216,0.6446037699178081,0.3227368797885857,0.32848831883866314,0.383878227894787,0.5584202676364021,0.4492344972716997,0.2523317136286861,0.5468134511468195,0.4194974552143002,0.35073468029586446,0.2880573718133881,0.5243566610243122,0.4652235233414444,0.43405110791164075,0.3743223483341209,0.4856252320529079,0.4320974457557338,0.5452693322199043,0.3508211350786641,0.6672129207370436,0.4608097221979243,0.566333937401235,0.3990000882037148,0.6930483467074982,0.49374146507891686,0.0,0.6306452843496078,0.5906326215675599,0.5504294906151199,0.5576479999273578,0.462940767524535,0.46466862114881513,0.468183178750622,0.4443802673899917,0.5768983432701521,0.5860464181285228,0.5384142793115964,0.5669835779408838,0.7031184290722889,0.515828661277592,0.6040781298767672,0.0,0.6516730652692586
0.3872347915402124,0.40059225765577955,0.6318892190574326,0.6024248172038733,0.45127099847264196,0.5671104880882747,0.47304668632625446,0.5520918776545922,0.5251925394069856,0.669473565033901,0.0,0.5251404327761225,0.588574612381996,0.4833450258437907,0.0,0.4945661276808748,0.49011569577154734,0.5552682696680833,0.5197752966992764,0.44943189331920813,0.47697149048780996,0.41536718494841196,0.36706158014894774,0.6072201923434564,0.5937540973692254,0.5322615386393564,0.5629625154945245,0.6573488409628703,0.47170220778401406,0.3923463962222064,0.6569627187070304,0.4767788665062228,0.7087456457910464,0.7750186776254027,0.5374964598814062,0.7628358335929608,0.7429664516861925,0.7492773360462721,0.35890422667479327,0.6890399748811225,0.4162471493581654,0.3466261370432114,0.3738733949640471,0.604298516193202,0.19377979444726154,0.0,0.0,0.6545639238265782,0.46425275802704613,0.2440552368979117,0.3650204294092412,0.19449366490110642,0.584278022804,0.5346778813444693,0.45407993535601954,0.23495212562029433,0.3424781255848981,0.4893097399062166,0.4504529083480936,0.0,0.0,0.0,0.0,0.2893605660842254,0.48300057420221354,0.0,0.5279426799477855,0.36697319582242055,0.0,0.0,0.9126355176836687,0.3915283574574081,0.42776461536852517,0.14293193788639819,0.0,0.5538208808035652
0.5679116049275774,0.34160945541776827,0.25124408260809294,0.24609018730686405,0.6738393286934964,0.745868795400566,0.7384703739043061,0.7713213109310382,0.5725703702579195,0.6877197943006423,0.5251404327761225,0.0,0.5920287261912223,0.5144275588611104,0.5221820283823365,0.7153886268903785,0.8398746196563601,0.8372555807497638,0.5503298057756881,0.6039636788010574,0.6683725425946678,0.6900827704484294,0.2998613553051557,0.6524892210811354,0.9088067609396482,0.6609424129809959,0.19414140768562105,0.6827990711265133,0.21619039430422043,0.3612916106134527,0.8482791961496272,0.2997401376151918,0.7036077966985503,0.4920242698505981,0.4918089897430046,0.15721393585808172,0.1532061886438174,0.22254038127919906,0.26257718547835834,0.014572651327421193,0.0565950586755285,0.1076135793444237,0.09334156011000527,0.15252918724921438,0.36103768126322994,0.32350169442292426,0.4119186014296917,0.5070804475900211,0.07788890908313528,0.3731772761256586,-0.13849123753428969,-0.12000679669421793,0.33998438126360053,0.40793044597508543,0.6385915164144995,0.04036664880083399,0.7867800907056159,-0.30293686904215644,0.5262601240212839,1.4661303675075117,0.5980080898660687,0.5821590657018167,0.6743720454156439,0.3842026793329354,0.8327835266698653,0.8111379008510522,0.9200467420692972,0.039567434379193744,0.5575585829286344,0.5660813606807404,0.6019583240325163,0.23045942965114216,-0.26356459155851686,0.4997235261685191,0.0,0.7108968396304041
0.6094069927795416,0.4028017783918323,0.5253448245126078,0.7034148207367311,0.6409726184281009,0.4685154111190435,0.5063123971655418,0.2864173151376757,0.6353637158172837,0.6451456113685871,0.588574612381996,0.5920287261912223,0.0,0.4014923036061147,0.2895056725027437,0.4241656974774524,0.652862589084233,0.5121943531626779,0.6663152219861461,0.48586199391563223,0.4027069840463984,0.3851581560660434,0.3278674636665405,0.49040309293594614,0.558439931893682,0.5436033200401168,0.36609895539269366,0.5405120877724056,0.45395922878703593,0.48791471502910466,0.5067198888618227,0.6823558316063494,0.46127103748392406,0.5837120980669112,0.3313956953251976,0.6762876380187619,0.556523987602545,0.7094391813417324,0.6363399075995763,0.40580174767268856,0.4702325979065387,0.496620869612749,0.02190675178182555,0.177433080562123,0.3531645367163544,0.5380676269765217,0.6008441575559492,0.541472912710698,0.0,0.5594110023807327,0.625982401728705,0.5227033132454527,0.3625724184642255,0.572323464152239,0.5803327469050565,0.5319303341521829,0.7086693230485015,0.4941557843779876,0.13038013639153628,0.5120498955872183,0.4705459641272811,0.5113535888433092,0.462649676678929,0.4726693773391533,0.33980230034326603,0.5558421612225392,0.5393153817826919,0.36407075750610973,0.45675371784627944,0.5401385044274506,0.4416030497364566,0.4045088084366847,0.5085292965200686,0.5314055234527763,0.49592002469169866,0.5501893781580931
0.45925414680180604,0.35116945790653176,0.6846158412255227,0.792574199893959,0.557224505846288,0.3953916089696051,0.4313864122909325,0.5464904777999748,0.5360066803548247,0.08929160193917268,0.4833450258437907,0.5144275588611104,0.4014923036061147,0.0,0.32865536824533015,0.5033813826669488,0.44927142690273497,0.4996061686859856,0.6024021642091144,0.3905678231385583,0.4875306303835274,0.2761883127521073,0.5166568376155094,0.43407808116509056,0.47696609724537214,0.5148865106090634,0.6346235373744813,0.5152108029292605,0.6279595490056615,0.6671130649836718,0.43068675924463673,0.2703525538033256,0.26283983346736106,0.7265125568415993,0.28640879776797074,0.43046376384603247,0.5480138699424595,0.29643266703662674,0.4626567733079771,0.0,0.8620601768863254,0.6755616743219452,0.3240983103857868,0.47438437346225243,0.0,0.0,0.0,0.3472163363140961,0.0,0.6219781133811382,0.061034253493216534,0.3970419331342159,0.4544640891302218,0.2687451923838624,0.0,0.23808510898039514,0.3549591464356453,0.2965610784284549,0.09096269524364903,0.0,0.0,0.0,0.0,-0.04120388649966683,0.0,0.0,0.0,0.37400627844496476,0.0,0.0,0.0,0.17853535515688623,0.6282686429930231,0.0,0.0,0.0
0.43912905995172485,0.43312965462295927,0.5482118686621432,0.6901089470944052,0.5975424734553636,0.3977838369547404,0.546569857709835,0.5225047318742204,0.8686554822147665,0.4506473301457857,0.0,0.5221820283823365,0.2895056725027437,0.32865536824533015,0.0,0.5312715109602724,0.3749544961602825,0.5070418516179962,0.0,0.6153157401099103,0.451927661421453,0.21636985314389695,0.2796099830911972,0.30147815060750305,0.4862540379189246,0.4461765301922954,0.368482496883794,0.36331950612737,0.4770714326908023,0.43045864492341035,0.5101677324916694,0.3993033826410578,0.5081100085634289,0.42469794585802156,0.31292958272407123,0.45353451302912884,0.18209542699598008,0.38048947366793784,0.4304596142806559,0.6100426374280478,0.4727641787583725,0.37455407967775395,0.7993097894222048,0.3926069128750682,0.0,0.5134648007069169,0.5131257423667325,0.45721445121358173,0.0,0.0,0.4586741895079539,0.6712337996832243,0.6542561934743789,0.5743327295307239,0.0,0.0,0.503024325956149,0.4510750871915665,0.46690989247275894,0.6214090765271796,0.5896643192474514,0.5551160308973642,0.6764451892996475,0.0,0.7045315058045942,0.5432897791624207,0.6518567243937264,0.7044650414096303,0.4469150337824521,0.4021186372208485,0.44885919292362486,0.6155308509778068,0.5488415057100904,0.6102246018243822,0.46280185366198157,0.5258752976245924
0.6649658843460218,0.5951349763533271,0.3333475454292614,0.24985839561532847,0.5345145796096031,0.5283126537748223,0.42985595652368913,0.6873237822952172,0.48586630380341284,0.48968171981177566,0.4945661276808748,0.7153886268903785,0.4241656974774524,0.5033813826669488,0.5312715109602724,0.0,0.4985116345639579,0.7106982126506032,0.44873010395732027,0.5441098444724579,0.5350709703115922,0.7156786163233544,0.6005975073490855,0.7351033801816121,0.73661973695672,0.6685100098337953,0.5738363134569723,0.4233110671522236,0.5200417967558755,0.4658255900488296,0.6565615997316201,0.44382765366135585,0.42014313318177565,0.5298166741523669,0.3491257164987577,0.8281997711192826,0.40269185652645423,0.6738073144717982,0.6732134040444437,0.5273598439863301,0.668380106777814,0.4711346128845789,0.4677217754203743,0.0,0.0,0.4167415126503682,0.7055109419916803,0.0,0.0,0.0,0.6113956735945913,0.6912315522390773,0.8532628667707219,0.0,0.6116334018294431,0.0,0.5719294280244072,0.49997078620561713,0.0,0.5575231316660793,0.6469080387391694,0.676956284742712,0.6190139016801941,0.0,0.5122063735183331,0.45974912758280573,0.6603717438437109,0.4825801660654404,0.9519206982786856,0.599400783196857,0.6277146638924777,0.4658401874139286,0.563570930150616,0.6116435738809253,0.0,0.42570213553260433
0.42689463212838774,0.42481883605443127,0.5323311763137846,0.38126246654478557,0.6236606097308074,0.5221253249311533,0.5532148515998135,0.4986905909706,0.4872862066606947,0.7482998487874586,0.49011569577154734,0.8398746196563601,0.652862589084233,0.44927142690273497,0.3749544961602825,0.4985116345639579,0.0,0.6814376542621605,0.5688875705848908,0.3519178407434187,0.583496651258467,0.6038337005565589,0.5177897734526373,0.7035048522216859,0.8177870517377805,0.5386332809265656,0.48918196096501365,0.8187915722729581,0.2884374193568994,0.34365548086946796,0.6178931396906528,0.5984235106378424,0.6871109937169282,0.6542560427126107,0.4746454097995834,0.5641391387603811,0.3463608418506521,0.5616026861196171,0.5619466098034911,0.436717877240723,0.4669948460243616,0.6233788486414784,0.0,0.0,0.5548132604507752,0.9761765396075741,0.7163144335615019,0.0,0.0,0.0,0.0,0.0,0.0,0.0,0.6610934671340436,0.0,0.6754294546651749,0.20350881860461503,0.0,0.5433635870509206,0.5092794146835335,0.6543279572675682,0.6075612335471952,0.0,0.0,0.0,0.513888125447826,0.0,0.7507001456713809,0.6351742842960049,0.6100730765500497,0.0,0.17587139717998432,0.47257665922356207,0.0,0.7288569543348664
0.5484993088078621,0.5854256976472214,0.6997216903545342,0.4644689137796846,0.37996808057473686,0.5809686234958599,0.4990099475049097,0.5749074142520805,0.692689391180732,0.5896095874385217,0.5552682696680833,0.8372555807497638,0.5121943531626779,0.4996061686859856,0.5070418516179962,0.7106982126506032,0.6814376542621605,0.0,0.48373539977084534,0.5090518595184741,0.6828582470317642,0.4891137758023997,0.4822463055244797,0.6438315048226355,0.6598410882281741,0.5705511350663667,0.6817555739982977,0.4429692083086439,0.4638454288405497,0.49090463886902425,0.5488971596809953,0.48712249568552124,0.6091858178016779,0.7502121074748502,0.4483009852211688,0.3603934180321756,0.39874247801585416,0.24150996119804546,0.6268752126946278,0.6581594232135404,0.4668364970181428,0.5565668786318683,0.0,0.0,0.5178583353902878,0.4240932376107483,0.6351178085811475,0.0,0.0,0.0,0.4536456355848909,0.5143930182137278,0.6070994394706088,0.0,0.616485538268982,0.0,0.7122271872762391,0.5880031154836474,0.0,0.5553656896269884,0.5305865517628097,0.6251601002793508,0.6035799695883955,0.0,0.48837360270765395,0.5508079654478168,0.8971006345826128,0.7964442138931985,0.6772888168349749,0.4968950085476306,0.5623679107075401,0.5672333794483404,0.6366445672428368,0.47412637116350154,0.0,0.5466393811836725
0.0,0.6532896292704289,0.6319564897041289,0.6595576647401231,0.6218525257608675,0.6533558968759632,0.5544867029562957,0.6934437418726387,0.4719266050986293,0.6446418072473243,0.5197752966992764,0.5503298057756881,0.6663152219861461,0.6024021642091144,0.0,0.44873010395732027,0.5688875705848908,0.48373539977084534,0.0,0.5040787712649762,0.633676472858494,0.6886220889426113,0.43289854576297754,1.0110354493370717,0.48857357035378024,0.5617197730380505,0.48767790512312914,0.727205718144717,0.39067527852501693,0.5535547600122477,0.7025857565386417,0.6709350444422308,0.1734998396640462,0.717321285220214,0.554335776866338,0.776535516498328,0.5620795381696683,0.6422825502559992,0.666445002085454,0.43661477053482795,0.10581042899396423,0.4543048901742886,0.6112506241978601,0.3606108643124176,-0.0016432319690505518,0.0,0.0,0.6533766858623606,0.0,0.4806412750608603,0.3407151772530662,0.49087742429702963,0.5453035307406897,0.46137416184227126,0.5963341583514421,0.6075283386697486,0.44511920281984785,0.34127236483397594,0.44677589262030915,0.0,0.0,0.0,0.0,0.6840619766793926,0.4698679191719479,0.0,0.48488264649749424,0.4838545673472866,0.0,0.0,0.0,0.37325166618943095,0.47578326699042295,0.2366817385513108,0.48449790199075216,0.38225487170244987
0.619455301644706,0.46465522851548835,0.3038206732274118,0.722541015354312,0.5036680189674838,0.481202010242223,0.4178187211625016,0.5176088757448213,0.4758946952210711,0.33610764696179884,0.44943189331920813,0.6039636788010574,0.48586199391563223,0.3905678231385583,0.6153157401099103,0.5441098444724579,0.3519178407434187,0.5090518595184741,0.5040787712649762,0.0,0.5998204352895186,0.5119988744108571,0.5995888694758067,0.5760166762928616,0.3975280205027566,0.37515108039153067,0.52177251968019,0.5415975028599288,0.7772378196113088,0.6839579065899425,0.5809384713596915,0.3773451009303827,0.3638613077691082,0.4605517491143216,0.23748080185433662,0.5657216452021253,0.41255036657737876,0.7141292155547363,0.5720559942407476,0.3921895094602881,0.6400394038297221,0.3634811323235413,0.3016195649450681,0.25096378163172806,0.34227739432494453,0.5208044913180947,0.5182771276469237,0.5803107765282829,0.0,0.0,0.373035095488701,0.6411202507411313,0.5622539434306846,0.4954141013625209,0.7859784486446868,0.0,0.5467588921611627,0.40257244551446614,0.0,0.606332032370502,0.3837954730948839,0.4650441957112006,0.40846935750329927,0.0,0.5365108787320771,0.48539111602555374,0.6002607227312478,0.5374877497087107,0.0,0.523472301804358,0.4804678397363247,0.4961144569762607,0.44614882709991266,0.6112724813774382,0.40472425933215045,0.5893054854148629
0.39719715182359216,0.5162076431756994,0.4490287787778569,0.4292691414145787,0.5679896705802374,0.5240786460159848,0.42929500793878006,0.5456408937339328,0.407093995191848,0.6461728572398905,0.47697149048780996,0.6683725425946678,0.4027069840463984,0.4875306303835274,0.451927661421453,0.5350709703115922,0.583496651258467,0.6828582470317642,0.633676472858494,0.5998204352895186,0.0,0.466183749905628,0.6011546858124124,0.4214090206308677,0.5297842928003427,0.5661887629021201,0.48894063143979405,0.48516364290077457,0.4950422793702373,0.4580746608241637,0.35070940888789426,0.30093570722388135,0.3316102402928748,0.24583187680480842,0.2769052604570301,0.3936467046551943,0.4771460920320934,0.4884817771203181,0.5588201808156215,0.7587319878487042,0.4237961473029945,0.37570912590734107,0.6016078692104243,0.0,0.0,0.4247891892965598,0.6041734539579287,0.496128348732494,0.0,0.0,0.38272259043255535,0.3823121764207695,0.5835403168043046,0.6263721575932788,0.6472460291067164,0.0,0.7982206142493133,0.44382029319292127,0.0,0.5914873489197638,0.6992778744360255,0.0,0.6026261837465372,0.0,0.5415765837022122,0.6119031588006388,0.5952183762004151,0.5305486813530699,0.5381516413492324,0.37809218592872446,0.7110794056688103,0.47128135927554404,0.503690037672017,0.5779342583473184,0.4300535267811359,0.37657710476610684
0.501631073553118,0.598513923493663,0.6026112959243013,0.5878831485895258,0.47042311284580945,0.40244483614469917,0.3876243081505897,0.6628037338056099,0.5617086821785358,0.8517582190131312,0.41536718494841196,0.6900827704484294,0.3851581560660434,0.2761883127521073,0.21636985314389695,0.7156786163233544,0.6038337005565589,0.4891137758023997,0.6886220889426113,0.5119988744108571,0.466183749905628,0.0,0.5787165165723309,0.64674101812908,0.5944880569297109,0.6451159867908922,0.4640302742946165,0.4771648013894614,0.4967551396889649,0.4991239916833964,0.6457308038278422,0.41668490478942954,0.31520930865687663,0.5123168937631135,0.3143292478971471,0.3883039536277338,0.5398766834606433,0.5358489551853514,0.49185956472638365,0.6712145833926971,0.48208078237990276,0.43998598266613204,0.6942360594344994,0.2815251382464713,0.4020234861788112,0.5016978024074432,0.618058413290447,0.4998553921338855,0.4715300157347283,0.39108554155023645,0.47497853752427766,0.6076643423614665,0.49256027960592147,0.6835965953805694,0.4184680509062915,0.0,0.7400748401575906,0.4631778902307,0.0,0.5704743382123761,0.6586512546618583,0.5969794127051643,0.5075784706346504,0.0,0.5446346720452588,0.46675255603865246,0.5875541742031367,0.5400893359625786,0.5897296488240878,0.36131202431390874,0.5544590239053492,0.5106214624963873,0.3082739333642051,0.6125952753117088,0.49751907438925264,0.6180342569951991
0.5214510693239951,0.5824075995168445,0.5403205793452933,0.561766249644517,0.5495143114252345,0.47928965228309983,0.2760332529997491,0.4698123996167096,0.5753611904259461,0.2552830926774866,0.36706158014894774,0.2998613553051557,0.3278674636665405,0.5166568376155094,0.2796099830911972,0.6005975073490855,0.5177897734526373,0.4822463055244797,0.43289854576297754,0.5995888694758067,0.6011546858124124,0.5787165165723309,0.0,0.3769759813584004,0.6212225492105363,0.4910752915128902,0.1737708749169189,0.35549492093063617,0.4305361680873855,0.33822644211300423,0.4189234715092817,0.3717936860885307,0.28815462669047254,0.4065415154144592,0.36788914933867345,0.46295856976264915,0.3178529215715643,0.2173206187723246,0.49936728581013884,0.5971639895133327,0.44606284712204836,0.4610006140713023,0.4190384143051601,0.5558697287289535,0.3124781186819593,0.5678174250822619,0.8163796309716881,0.4318850842134669,0.3453750377807326,0.29792880152944107,0.39025318505891643,0.2792174238233506,0.573370796080533,0.5325468240080304,0.47007312011140306,0.4973723859401721,0.7651136133958101,0.3898813086839824,0.4732103660633796,0.6018906577931269,0.5653281951151025,0.46466862114881646,0.47625459032493955,0.5445037390931173,0.49448403215870507,0.4932560039751134,0.5985708696696208,0.5412907040209551,0.342756236151805,0.5594904168795385,0.5401833834215113,0.3863919395999418,0.3894133400565852,0.5177313151241798,0.4927177717344644,0.4319049782925785
0.48489022387406555,0.4885972163491204,0.4223040516561808,0.14731529015280487,0.7319369727398659,0.3909896374747153,0.7742378274474047,0.3961336652767165,0.6401123203308126,0.7120588973677702,0.6072201923434564,0.6524892210811354,0.49040309293594614,0.43407808116509056,0.30147815060750305,0.7351033801816121,0.7035048522216859,0.6438315048226355,1.0110354493370717,0.5760166762928616,0.4214090206308677,0.64674101812908,0.3769759813584004,0.0,0.6510049017383484,0.5394180844549751,0.3976687647339666,0.6955227264631114,0.6403507932489845,0.8597948120891975,0.8819473799119137,0.8405690088953733,0.9734746439594761,0.377161547315943,0.3479018738247337,0.7478362746643417,0.36162135752070135,0.3241257390960203,0.9005332704464155,0.7760253229084282,0.3299618916700029,0.2539399156711375,0.46108180783702574,0.4897212871657781,0.5360133636528488,0.4466520000242864,0.2795338801258431,0.0,0.0,0.4546009421083448,0.6405348027862299,0.36414681100952123,0.0,0.3496483646590577,0.6731343826506955,0.5116928910448998,0.827405008394229,0.31331783493924004,0.0,0.3245849959341822,0.4816405273678874,0.46983423174254524,0.5937438736821473,0.4910050564399474,0.38579471685251465,0.4068492680688101,0.481529015175907,0.6632822088384682,0.6802290595343885,0.5309641603635336,0.6190809010158446,0.3190344830386316,0.6600145902496904,0.8135074312103738,0.0,0.7142512722499996
0.47358569076346696,0.5521516287128567,0.5061215445275732,0.797261714403253,0.46914492843967504,0.5094093016380377,0.4826228843110937,0.57250213220733,0.4957216693853884,0.8003963950636402,0.5937540973692254,0.9088067609396482,0.558439931893682,0.47696609724537214,0.4862540379189246,0.73661973695672,0.8177870517377805,0.6598410882281741,0.48857357035378024,0.3975280205027566,0.5297842928003427,0.5944880569297109,0.6212225492105363,0.6510049017383484,0.0,0.4232921463785852,0.5719348116150437,0.607738218807619,0.20775765636856935,0.458374916399875,0.6185170514593246,0.32975329676808096,0.5940391941925647,0.5928512573139011,0.49434627978479306,0.4986899804748518,0.6074498986835759,0.6666713554875391,0.5438934139647589,0.6386734465615969,0.5309945900584697,0.4979996310292898,0.21530504672144973,0.0,0.5970979554525944,0.5237715594915693,0.642872702892658,0.0,0.0,0.0,0.5196284593233839,0.6090739155309575,0.5944236967099734,0.43486698276064345,0.6498318239769212,0.4378598475410459,0.7014516824859445,0.3480555675076217,0.0,0.5388235733422044,0.5754683116903386,0.587489518886805,0.5984825039064101,0.0,0.47554087285478713,0.5097024516455967,0.6858296966448121,0.38197551609182656,0.6641693134636519,0.48978916468212386,0.5173036212865688,0.37587603023328886,0.5706955290983822,0.3835367201336938,0.0,0.4584834560842803
0.6078483051327526,0.4678984523755015,0.4779855442452847,0.4481887515330862,0.47932192301334525,0.5710326633703381,0.5535768771409919,0.5464042592653069,0.5492820487953888,0.5770528649423791,0.5322615386393564,0.6609424129809959,0.5436033200401168,0.5148865106090634,0.4461765301922954,0.6685100098337953,0.5386332809265656,0.5705511350663667,0.5617197730380505,0.37515108039153067,0.5661887629021201,0.6451159867908922,0.4910752915128902,0.5394180844549751,0.4232921463785852,0.0,0.5504582161582079,0.6038195939476934,0.5340556572986974,0.2710357216717955,0.5162370842305324,0.5036488899821453,0.5049616585230416,0.5531062844190178,0.4277629358248827,0.5512359330391386,0.08845918636129155,0.6167127348916565,0.6749851586541089,0.6316313655276579,0.7101081726023645,0.46086774068451375,0.31467440520404044,0.4903023718829914,0.37201461917629935,0.5147469896934063,0.7581886060804987,0.8250025160083032,0.0,-0.0062809762730281675,0.5109103398726351,0.5861255457081087,0.7076245630788387,0.584649095025144,0.584308184086466,0.0,0.7147492997162888,0.5634111657619469,0.0,0.5058211358154228,0.6804889785935473,0.5457979207019666,0.5322292100450662,0.0,0.5660696367660849,0.64139611765671,0.7197520940692087,0.5880818028908243,0.6599039114165381,0.4618323646936543,0.5501185152134116,0.5904223163844228,0.5272180030971274,0.7799153040909907,0.4342414523875201,0.5137150951163068
0.48235136999253114,0.4473187201408726,0.43462398590796175,0.6270951474608,0.7367292384841466,0.5305483582715449,0.3870393179561522,0.4138141783588889,0.5611332520642978,0.23668169360166297,0.5629625154945245,0.19414140768562105,0.36609895539269366,0.6346235373744813,0.368482496883794,0.5738363134569723,0.48918196096501365,0.6817555739982977,0.48767790512312914,0.52177251968019,0.48894063143979405,0.4640302742946165,0.1737708749169189,0.3976687647339666,0.5719348116150437,0.5504582161582079,0.0,0.42623955285905524,0.5218839567439377,0.393679507934656,0.45142566098580117,0.3493070856329878,0.33458448334033797,0.4504331598760799,0.2823628461062009,0.27482408283866044,0.4276689211681629,0.164609278573695,0.47117767146423845,0.6080163842362487,0.467339739155766,0.44685296226115245,0.2380057042994605,0.44259355677197565,0.41009938381029853,0.580087185302703,0.4482479301254596,0.3870382875622313,0.4324500662111095,0.592604645878595,0.3767106105966145,0.24526725077519534,0.4875113462886237,0.4216426339884315,0.7148012124087297,0.4832582829032521,0.31390690679441546,0.4139426536531257,0.5846056137350666,0.5413008852060928,0.5289387820075369,0.0,0.36933384058540536,0.5027474391096274,0.48195007711084265,0.45692164487511067,0.49617643873345124,0.3728678782176508,0.0,0.37325522651296,0.4377726074638727,0.4196398787790313,0.39446014295351683,0.49489772763683904,0.34621212091582054,0.39880231151939216
0.41814763256934206,0.3984726513824126,0.5921703277783379,0.5073050854323663,0.7535383236018154,0.6064164782955233,0.6401543018696922,0.37806588873746666,0.7823263677204336,0.7507918582472579,0.6573488409628703,0.6827990711265133,0.5405120877724056,0.5152108029292605,0.36331950612737,0.4233110671522236,0.8187915722729581,0.4429692083086439,0.727205718144717,0.5415975028599288,0.48516364290077457,0.4771648013894614,0.35549492093063617,0.6955227264631114,0.607738218807619,0.6038195939476934,0.42623955285905524,0.0,0.6666789028224536,0.7186638071854194,0.6442554258689187,0.7350659196557707,0.8717841609532592,0.6904928638142249,0.6134016017374154,0.8248844806333262,0.6056147623203559,0.8935980185498107,0.39543299131084947,0.3277901936798494,0.26681522280026,0.27990223741720527,0.3329624270394093,0.3403583734617302,0.5980469148977554,0.5948053622466029,0.557864398154759,0.5356454063787082,0.0,0.5918227901135711,0.38756203448964144,0.48918706711880716,0.4977804257786904,0.5876252686057377,0.6922015135063009,0.4843015959248293,0.6534493024304622,0.4413507427069971,0.3673216264397865,0.5566555228624315,0.39385351092718623,0.3107039603859362,0.6271433413215466,0.5925011124564491,0.3969484870541026,0.48234779195327776,0.5169375730474627,0.46499977943663984,0.4516117488755037,0.6527961677882652,0.4347680725254892,0.4737697917746756,0.52703531190926,0.47354043515461536,0.4752712497964475,0.4448562821603546
0.45818220757085326,0.452084072306534,0.6049601585656301,0.4763269123333242,0.5077113882854041,0.3708805500582992,0.4461974654459137,0.36250246826849225,0.5433885814315967,0.3021061408146669,0.47170220778401406,0.21619039430422043,0.45395922878703593,0.6279595490056615,0.4770714326908023,0.5200417967558755,0.2884374193568994,0.4638454288405497,0.39067527852501693,0.7772378196113088,0.4950422793702373,0.4967551396889649,0.4305361680873855,0.6403507932489845,0.20775765636856935,0.5340556572986974,0.5218839567439377,0.6666789028224536,0.0,0.5394042785736701,0.7114078719712758,0.42069583056427673,0.4244450093686877,0.6581664182812634,0.2880975491496155,0.534942290343143,0.3627428562157635,0.5801119597811148,0.44946758576582724,0.45234702790351283,0.5238671730114728,0.4377819992962395,0.12543165212850838,0.620460582774325,0.306739199505522,0.5360102530712254,0.6211632562410709,0.46874735698157033,0.4653370073605271,0.3577453567686369,0.4031742879426243,0.38775373153297543,0.6670914778806283,0.3794962211173588,0.33368659558118263,0.41103242466534007,0.7685383136311477,0.4280255160229923,0.5707236744125981,0.5513640922724038,0.49990811925844736,0.4683748309113387,0.6021832735117313,0.375545985402737,0.4892425124621669,0.4829293229302376,0.5275597126944971,0.5329408339158973,0.4851789072988637,0.6335019436330276,0.6059392951077774,0.48493154538871136,0.44271034864008846,0.5146252157603158,0.5367241066544834,0.45835973799418106
