0.0,0.3323542832888118,0.12875377150901807,0.0,0.622263836426612,0.6056237845510917,0.3917872561957335,0.6117308382139637,0.43866623506858066,0.6389406006976461,0.3782259376405551,0.23287801222671162,0.5944533285883574,0.3454609066048169,0.2398870828810356,0.6584401888350784,0.07011864284941766,0.37709324363491203,0.0,0.43494088401700054,0.2077258833337052,0.5096264520051955,0.44344284233355935,0.5319003086672978,0.2438744930683118,0.44595030328610197,0.4399586302338787,0.524664156304897,0.5354458388735095,0.9107603895866395,0.529505826293842,0.7026881765448698,0.39406050861278463,0.4005402405550028,0.5872901992354289,0.44525833691497446,0.48348597524724235,0.30952732817584305,0.5356095391900877,0.4049380326656071,0.4475698588566752,0.599616916765519,0.46785216164347765,0.0,0.2429440734415152,0.12222251190915148,0.38530210192985914,0.0,0.0,0.0,0.3319559012456594,0.0,0.6048131498845215,0.0,0.3166731339772137,0.0,0.4397091313166907,0.7446913593168047,0.0,0.26649542576314833,0.6260133091719942,0.2501189465459457,0.32592894948621187,0.0,0.3662840147490012,0.2548679188379647,0.4965126382972491,0.5610218720435749,0.27189717247980755,0.42790537223836356,0.362457441238117,0.3776361854445831,0.4515260235933738,0.43465497054182156,0.0,0.3496237131751459
0.3323542832888118,0.0,0.4761262802889725,0.4035411943351633,0.3946053980911526,0.47686271352525333,0.4006358304408963,0.6999599356515871,0.3665462819661871,0.21546897492708963,0.4210524947606511,0.44100630517529743,0.4080137938720352,0.1833486669685274,0.540983259399089,0.4732444029923658,0.3460127566398735,0.46575075406457744,0.27341222319380104,0.5351614152714825,0.5744550426715357,0.6212582594267579,0.6124497630829255,0.3185367494534603,0.4267263161643152,0.3837442598283103,0.5209648269749878,0.37565847881705444,0.3547563405621673,0.518447680735062,0.6385334880861844,0.6119953892026286,0.3442417117521025,0.5655447441480188,0.6803166432094403,0.5945510495337647,0.0540961972813077,0.0,0.7029198697425825,0.7148708551040326,0.5221968432874657,0.6933055694184832,0.5840624872391711,0.0,0.0,0.22106586137162235,0.609637317161549,0.044950523397154475,0.0,0.0,0.43487827513169974,0.5622220653038073,0.47090078548791475,0.7088532957259583,0.7749392782570881,0.0,0.4137470437234132,0.5304400563762056,0.0,0.45331980172077196,0.750498133743481,0.6034003108371118,0.6227586746742583,0.0,0.5742445168974628,0.5485487957561075,0.857328149760245,0.46580185259882173,0.30876884872530785,0.46631427581531026,0.49376690164114,0.37336569258432256,0.475874713256058,0.5255568907125523,0.0,0.7649077153822823
0.12875377150901807,0.4761262802889725,0.0,0.39525793024701933,0.1068512294051267,0.32532128609860844,0.362997862127136,0.43469870083920115,0.19919140468608976,0.3537113711810286,0.27326309978014857,0.47699132626140517,0.3919911091303325,0.2965932827926263,0.3941347584514677,0.24152762046286047,0.4942708935356298,0.31213354820894657,0.14713457851260553,0.2878579380815778,0.37673087388422805,0.40836888867537713,0.3179879862197635,0.36770286375797384,0.4893678745642207,0.4173335137526241,0.40864833806207684,0.41111000829754973,0.49716694604738443,0.5813013179605535,0.4268309119396344,0.4082419216429535,0.2869364025831373,0.42394897662814146,0.5272659353548372,0.3198978827746858,0.27317936970337603,0.38414018264382643,0.5293464821681952,0.4718171083294739,0.42467643646189246,0.3672705033321503,0.508553888794514,0.3849359829599043,0.0,0.0,0.39045772044540983,0.3723830936685081,0.4733378014108287,0.5174499029026751,0.36651712423682337,0.5151791579034515,0.43259793203073865,0.7145688334233165,0.4388951369486158,-0.007850891271946825,0.3732160965908233,0.3896196703810896,0.3260963366287153,0.3521851933866577,0.0,0.0,0.0,0.18079306378720028,0.32700084790144346,0.606396045430274,0.244708113439706,0.4467406578620711,0.0,0.544602913521595,0.3984916581776057,0.6058535569680833,0.47098875673117074,0.5347267055624312,0.39325050754389945,0.2548109642008227
0.0,0.4035411943351633,0.39525793024701933,0.0,0.44830346981095703,0.5118843150943908,0.5502814910590104,0.6134542169739559,0.511369039879437,0.10174358660701713,0.2245947312684644,0.29679368850075305,0.5364792670642127,0.6251578055733054,0.7586765133150652,0.2540615738916542,0.5574398369805703,0.4681096978757816,0.4294225958534682,0.5231488635159111,0.44790081115744074,0.536987281847228,0.8731857279494386,0.33857318729741936,0.7974491034298488,0.41025875816422414,1.0717813841118438,0.47609583716534304,0.1902230100384569,0.6507986348811675,0.1393319184958003,0.37359254955595905,0.25501436787975096,0.1272012628418757,0.1854538681896783,0.11844217631497536,0.1098813043522088,0.11446396467750114,0.1775286477944396,0.3756644702478532,0.22199003810252968,0.12357412748854704,0.4973669398823284,0.20057847006121185,0.0,0.0,0.0,0.41726554406780625,0.0,0.0,0.6454373844307125,0.0,0.4654225061332258,0.30432494582472863,0.0,0.4737464179065147,0.4203671539772573,0.4535774916170197,0.0,0.0,0.0,0.0,0.0,0.0,0.0,0.0,0.45833333984300234,0.4964405836885001,0.0,0.0,0.0,0.3977067268345833,0.4580499632997244,0.6467398851265505,0.0,0.0
0.622263836426612,0.3946053980911526,0.1068512294051267,0.44830346981095703,0.0,-0.08067629872341792,0.337067584810581,0.2045991125200358,0.06538188768893946,0.4454649074921964,0.06911894862047818,0.4061038815887207,0.33722142456466897,0.27469652441969394,0.31692457302617816,0.39804678375872893,0.3651595774385617,0.509696447775026,-0.007126304358022972,0.41870511416490924,0.3219496653978776,0.38371199624576174,0.10235141462465464,0.3722761902264071,0.40989324932814725,0.547271607795665,-0.0005935947961070442,0.35859339556127545,0.41038420472521775,0.35052042403679207,0.35858885365703463,0.5205911453367693,0.3665172473469652,0.15552694357888253,0.18650963565456816,0.1458657661964397,0.2765175986571006,-0.01808228510905263,0.6937338897481702,0.4833005741015403,0.7960040575896566,0.7748530119255127,0.49300123580958083,0.6106077027176873,0.3573363812713418,0.0,0.16833436754908437,0.7161295179766052,0.0,0.5443872893058019,0.4516348070305475,0.5478248528288208,0.4576256701674823,0.3799565341105255,0.0,0.4410396293715886,0.2868206401207735,0.5449939388543781,0.3500751246226196,0.3209352961089297,0.4517271760727495,0.0,0.0,0.4685001314979794,0.40248516410026863,0.48377035904974,0.6802351136190141,0.5257774062406935,0.0,0.4734213533885687,0.5339267906346393,0.38591031865788905,0.38720857386144336,0.4624099055562104,0.0,0.391154955890637
0.6056237845510917,0.47686271352525333,0.32532128609860844,0.5118843150943908,-0.08067629872341792,0.0,0.2758306677299295,0.4032018876908897,0.10998644612882197,0.38576596755959014,-0.04270818723890141,0.5352208502850443,0.32672483382400463,0.12597054029418042,0.6278150265784691,0.4071001501724453,0.27879542396892826,0.4635812354771713,0.18029930842753306,0.3916729922753466,0.64048121876393,0.28700336160662726,0.38640020349022774,0.8730446491187712,0.5286826250399834,0.6657832459030537,0.2551345301447306,0.42508098754218665,0.2698448282361442,0.4974976184372625,0.4772384080841852,0.40882778948303944,0.641963024095709,0.4443447449301613,0.5284101508637528,0.3953245729068594,0.4377406943999471,0.2677939974473394,0.5371705370217503,0.17266039146986967,0.48576136058299246,0.5890953810210154,0.4781802785501269,0.39657137624845024,0.11788179511234126,0.6421007098349689,0.551498598816152,0.5939504065135688,0.6393080738841969,0.39926401170261716,0.4800089609416377,0.5661881607290218,0.5491618061730235,0.6074916326353705,0.24087149467011537,0.3305901645826982,0.2847156901009003,0.5304974478194181,0.3495083934421401,0.6093870258128113,0.45543082488102554,0.0,0.4533294633273442,0.5748879858471219,0.5810018881894681,0.31234234805400013,0.5528135820737259,0.4607101039795257,0.5096301994863836,0.3878515533585528,0.5058672086256062,0.48233458507066396,0.49583669802713437,0.5103448369319968,0.41211320816904884,0.4828604953466058
0.3917872561957335,0.4006358304408963,0.362997862127136,0.5502814910590104,0.337067584810581,0.2758306677299295,0.0,0.41634749541013316,0.23858570945156327,0.3609448004536418,0.25860551066078286,0.25041475601287505,0.3638001418492567,0.23145069357724837,0.5495770581893399,0.4007311868955654,0.6061060656505839,0.33799836623212487,0.27438576067077314,0.3196082139865096,0.3331855153525906,0.2963041488178564,0.34526240779222495,0.3665378419819701,0.43922576910043676,0.46469488921724533,0.24446918396627887,0.3446809061408235,0.3630804957124128,0.4211267162274215,0.24846548673672256,0.44432281491056985,0.38793627374450423,0.017883498896391792,0.03201022729523048,0.6577251615255975,0.6032255656444625,-0.2041120493259816,0.5718083142672402,0.12308778381743812,0.8085686588406426,0.5524216388787445,0.4670226632402583,0.6888358901763063,0.1825244431069371,0.0,0.4975244425318577,0.23267937073555137,0.0,0.4781099406597973,0.42814975639771635,0.395859589912851,0.388648165411699,0.07280054821371734,0.4335540757648557,0.48743850920081927,0.6356827717532894,0.3363919180534731,0.5065787970897155,0.24530497458273598,0.404932369384285,0.0,0.5016476469643874,0.43068456647856307,0.5390458494134813,0.6223637264043862,0.5216765961067501,0.4741288313223403,0.4719724638085522,0.4793080902457595,0.4321241163671881,0.3535282690569542,0.42693976072430245,0.4006722321849805,0.5708373307638401,0.3668469596209575
0.6117308382139637,0.6999599356515871,0.43469870083920115,0.6134542169739559,0.2045991125200358,0.4032018876908897,0.41634749541013316,0.0,0.3026069418469225,0.9227685211281356,-0.01833337280134728,0.5410048317382598,0.44623779375664246,0.4247816618988769,0.29904772266761304,0.30468027725701724,0.10234847640154826,0.7020419464507318,0.2694058241331073,0.2226561918920836,0.5099830421933716,0.39691567065982175,0.316274850554208,0.5937182234722288,0.8117202511289849,0.7763324538438168,0.2961982863873336,0.4231020920419878,0.3879621511490088,0.4246517409468934,0.45423353199119704,0.4693817086041643,0.7800364827389161,0.4095774671271341,0.44713440168898555,0.2408341524397141,0.7097740087641482,0.22462917611725103,0.556043650136191,0.26772111590417513,0.36448381973633504,0.4375129693971461,0.2705563635941289,0.41255930425955223,0.0,0.426544018158868,0.3000107998039542,0.4952900140939694,0.0,0.5130144225671369,0.410057952607466,0.5450162736318445,0.3103135962231205,0.4999975305592569,0.6383678506036718,0.12326533908755158,0.9193879235830122,0.5534835132953306,0.1427243664817845,0.54631732828211,0.2944316257748606,0.0,0.5447995415168183,0.5005213182638414,0.4406206946731928,0.316076459303564,0.17687289520197746,0.43644333365953797,0.0,0.3545010120685097,0.34309452899064385,0.41228644131153735,0.5139526704977772,0.4276697949648268,0.3885905840114475,0.4124447600838298
0.43866623506858066,0.3665462819661871,0.19919140468608976,0.511369039879437,0.06538188768893946,0.10998644612882197,0.23858570945156327,0.3026069418469225,0.0,0.3071116256298161,0.01801218204078031,0.3852003877863266,0.41738834769947303,0.11126940941972474,0.6705931243560306,0.4108220044531249,0.3487572808116517,0.3826491182785602,0.18134222793507604,0.3062179776451195,0.36920445498773546,0.2577136891647372,0.20280922021781717,0.37914610654460285,0.4313660355264585,0.46943843281283476,0.2234359327879288,0.3577336793228402,0.29454483870659964,0.5019813157715,0.39081950261944154,0.36322961272401033,0.4053754938697327,0.3450971515400536,0.41545244508539936,0.337123981496982,0.36215136668657477,0.4746677788226721,0.43055213898420713,0.49607118850017995,0.4922784934351312,0.19312607129774934,0.39504683071379265,0.2858689625167764,0.2572226346783659,0.0,0.3061371895029276,0.5059382287394631,0.4710182258533582,0.5286181821830425,0.39089480949157923,0.47359671876152665,0.3447518654335433,0.44285668919138976,0.16794472936247148,0.3032707189467483,0.19456901801185053,0.32787238867898827,0.2720151605676539,0.47083669871068456,0.5211426466686853,0.0,0.0,0.3988389871582893,0.5570205689775221,0.6678413192469816,0.6792042879049733,0.43411149182875963,0.4240325064010688,0.28683509481996816,0.13512366464983105,0.5021934774312499,0.10224316524229299,0.5722486097112304,0.1607086190834212,0.6782792237561772
0.6389406006976461,0.21546897492708963,0.3537113711810286,0.10174358660701713,0.4454649074921964,0.38576596755959014,0.3609448004536418,0.9227685211281356,0.3071116256298161,0.0,0.2690382136248538,0.4132478060536239,0.6044651398464636,0.5424147272302082,0.5923500275468854,0.43485580531378465,0.6478549458316876,0.3635821050004682,0.28934846522764934,0.42510734765761277,0.30624704076299786,0.2922131390441614,0.32489153731156795,0.2872379495389973,0.6084850144011117,0.5380927113687497,0.24668386430985395,0.32102059572374614,0.17637874305685314,0.24044425729547864,0.5382879450126616,0.10862504192923308,0.33767153553899093,0.3166843120033752,0.3577958675740197,0.14751467706687016,0.17895005095888983,0.3253321597271032,0.5703730387866539,0.40355140397874156,0.8968091260880608,0.8203703062703551,0.11945908460122359,0.16573921198715946,0.7641474286789713,0.45537836391719577,0.6225523833644262,0.3660350146175826,0.4802758958626099,0.43404566554039054,0.3546895613385634,0.3292973460103008,0.6789289779363317,0.03908587580682127,0.5936921790172083,0.2211708653758336,0.657125403066247,0.6377683882010088,0.0,0.6263138884974393,0.6075967725437039,0.6993423259394047,0.7711941282211385,0.46528717894753935,0.4652625588755973,0.5270467256619142,0.7783615680451083,0.40767972425715243,0.14097169535402765,0.7355379342158996,0.6769822083015281,0.5162324643341107,0.4937109962479273,0.47634050927653104,0.0,0.5699032997127234
0.3782259376405551,0.4210524947606511,0.27326309978014857,0.2245947312684644,0.06911894862047818,-0.04270818723890141,0.25860551066078286,-0.01833337280134728,0.01801218204078031,0.2690382136248538,0.0,0.35218321677232595,0.2657579121103555,0.1590697490526678,0.0,0.4927824795091453,0.4625105296073152,0.35789154161521486,0.12354895182128053,0.45049465013741075,0.24935274641056893,0.42351175513123623,0.07658047086033898,0.2594450979010978,0.4803791412102467,0.3440836941594019,0.17369661798302372,0.25751673145598675,0.26524935869707006,0.39961967851028135,0.30241112807171994,0.40861011804938396,0.32832163348051163,0.31400150215432,0.3018180173121052,0.15301060590327514,0.5455334777775767,0.3146000660589956,0.48076108689523966,0.20068571743932875,0.5937272304259305,0.1608337419189384,0.4462805724439921,0.26161692561876265,0.21124110676883226,0.0,0.0,-0.12810395637961514,0.4661059671566917,0.2745679101772488,0.5910334270778104,0.41758024011105455,0.23058865859834257,0.45726466027552876,0.3192100019865197,-0.05064873480866616,0.3154469181280261,0.44019616554968205,0.44837705244017295,0.0,0.0,0.0,0.0,-0.03529262622684856,0.4968840715083974,0.0,0.528454941905474,0.05795207274402042,0.0,0.0,0.9014199759775088,0.26773467976695187,0.3258757555883812,0.18453407999561638,0.0,0.4844981690830586
0.23287801222671162,0.44100630517529743,0.47699132626140517,0.29679368850075305,0.4061038815887207,0.5352208502850443,0.25041475601287505,0.5410048317382598,0.3852003877863266,0.4132478060536239,0.35218321677232595,0.0,0.42913862227365285,0.11612176548638042,0.34978899886046344,0.5566695197438416,0.48991357078291825,0.5322609018041666,0.3569235959927216,0.6640584621337053,0.40915811167326316,0.4467052553141898,0.3981295189936111,0.29505583176684813,0.5173340244367699,0.35586183321388126,0.4984526682600411,-0.12288543807228214,0.6006089731481982,0.06720431553167705,0.2905182415490456,0.07600201743560236,0.15056729291446733,0.07332522640214983,0.09476311816779143,0.06645780968648562,-0.010900035104303152,0.03307579485818424,0.4278464784224736,0.2908302980180415,0.5237865932501404,0.7261489062281572,0.24293739132868755,0.06547948127782488,0.5480281136904197,0.2579178086743179,0.7490065030941555,0.24036910999540947,0.15327362448936188,0.21031603670300905,0.27693795866373255,0.31240574606603544,0.34819175027752136,0.3742824150611498,0.5437761771063518,0.1497371975415499,0.6809339321107661,0.6107186401375413,0.526803872017065,0.507985019496232,0.5802873220520675,0.7205218158002714,0.8271822797455511,0.16571357099336667,0.7776528580400459,0.7669375896974137,0.41564798300858485,0.45289743059213805,0.16106308889260929,0.7329929898331767,0.6753370578285439,0.31697595037911686,0.6653689196599004,0.49213550773655523,0.0,0.5339380796766695
0.5944533285883574,0.4080137938720352,0.3919911091303325,0.5364792670642127,0.33722142456466897,0.32672483382400463,0.3638001418492567,0.44623779375664246,0.41738834769947303,0.6044651398464636,0.2657579121103555,0.42913862227365285,0.0,0.13580396548718154,0.5577152702657275,0.43958295000883474,0.422445581825811,0.4885346808408768,0.32629721515476673,0.4041349370013894,0.5083651835533142,0.3198189823589678,0.42369611895190706,0.2877664255393443,0.4819858995222941,0.4706114361766076,0.36303047745957906,0.4695921975798412,0.4766821711833295,0.5210611072685563,0.3608489786697583,0.5536701444633618,0.5763134633025659,0.36302920211470946,0.39594926063885394,0.6565454990401827,0.6778691382419791,0.2762649834976507,0.4560598137628147,0.5634865248647225,0.8837993200328418,0.7625034294776665,0.7107573129242634,0.24744213722484149,0.104063423611092,0.6018070773840087,0.5691054416483361,0.6070137779689225,0.0,0.6069824370907604,0.49420077838974885,0.5774520128782741,0.4862602387314001,0.6055558803525063,0.5014048368689339,0.45232905478571706,0.36157651229997656,0.5927873506448628,0.36321604238252747,0.3660461868654883,0.37431706474183113,0.2968087161782516,0.43567390051182503,0.5550123157207946,0.5067494336199471,0.49576655506286593,0.4980539435508604,0.5325044661330749,0.48042850215536503,0.4508641074678,0.4179878518527594,0.504145065084004,0.5062011308268626,0.458370182438243,0.33784352066752044,0.4834679947085072
0.3454609066048169,0.1833486669685274,0.2965932827926263,0.6251578055733054,0.27469652441969394,0.12597054029418042,0.23145069357724837,0.4247816618988769,0.11126940941972474,0.5424147272302082,0.1590697490526678,0.11612176548638042,0.13580396548718154,0.0,0.20215254731651408,0.5040432394491057,0.45265119585280467,0.49790095177343163,0.030617397140967395,0.4295374728139397,0.18105416942794467,0.10536025951209042,0.19108812337761566,0.5460208521588813,0.45033526179480854,0.34281680986284,0.35288162022023006,0.5507345019543998,0.4175364420745747,0.33965062889151365,0.35132021569811633,0.1257788824658376,0.22250669027436892,0.7035353328054733,0.2950419253359397,0.14389730676416002,0.005979086404427653,0.3331761433914683,0.3915295055038126,0.0,0.6644097858563964,0.6741098681893689,0.38419409014920053,0.47255994016508107,0.0,0.0,0.0,0.24296528102069032,0.0,0.28772041206079835,0.5298024088081164,0.3845824787982735,0.5070266557129448,0.06510989681181081,0.0,0.4819120398698163,0.3587265164730078,0.506367569486644,0.35101649648267363,0.0,0.0,0.0,0.0,0.3702379665438317,0.0,0.0,0.0,0.5416308546385035,0.0,0.0,0.0,0.4162342201545385,0.5149472192120804,0.0,0.0,0.0
0.2398870828810356,0.540983259399089,0.3941347584514677,0.7586765133150652,0.31692457302617816,0.6278150265784691,0.5495770581893399,0.29904772266761304,0.6705931243560306,0.5923500275468854,0.0,0.34978899886046344,0.5577152702657275,0.20215254731651408,0.0,0.5304091790630067,0.3515088114689593,0.4746403104817971,0.0,0.666244185490754,0.342734930634643,0.38832025252518,0.8644397509374344,0.158860071340232,0.5188713809861035,0.42716705758152784,0.571988221721037,0.4733851362387428,0.47940943082178533,0.37133451371993664,0.437587566358907,0.41925009730799934,0.4890728008093622,0.46067606638657754,0.5526049409571675,0.5788353099011239,0.33271321823359834,0.38023293324605045,0.39208949035837465,0.4218878409494963,0.40155954810331695,0.4230859265619017,0.3636342842639506,0.7697451815365308,0.0,0.3841679371425658,0.6178558144560281,0.25307885113021467,0.0,0.0,0.3419219910746248,0.574734903727165,0.4583231862394648,0.5783751216655664,0.0,0.0,0.48320758235620415,0.46994621520975405,0.4684658601171344,0.33082777370564964,0.7028851479904732,0.5488567459799574,0.7563769934146909,0.0,0.4175751896461615,0.3130364464921907,0.6490901725912693,0.5303950712503681,0.44877773372714896,0.5615780756453248,0.38565710801979936,0.41891300595413733,0.28888747557004024,0.4312741865436467,0.4230677872537337,0.4228104211070024
0.6584401888350784,0.4732444029923658,0.24152762046286047,0.2540615738916542,0.39804678375872893,0.4071001501724453,0.4007311868955654,0.30468027725701724,0.4108220044531249,0.43485580531378465,0.4927824795091453,0.5566695197438416,0.43958295000883474,0.5040432394491057,0.5304091790630067,0.0,0.4375434259597839,0.6109528161254998,0.45013139016154313,0.43140524962116156,0.5953662685123646,0.5196364119217464,0.6081765322723458,0.574142517922715,0.6372634666772254,0.6544329677804499,0.49596950340701507,0.4276052342653746,0.3696379644787616,0.49247133968200674,0.5686924233650089,0.4536312978587267,0.4518046696034974,0.2991066830631314,0.5577476070706098,0.5279242921825344,0.45095242668740587,0.6109514071325733,0.8594412727157468,0.7498932864565507,0.7956217647520223,0.84958497175076,0.46922698493675963,0.0,0.0,0.39370586656717854,0.8252634206288525,0.0,0.0,0.0,0.41532486117209727,0.6453158778540216,0.8754174360957706,0.0,0.8360527621685238,0.0,0.49342664200100844,0.4421698169329312,0.0,0.40879678326421204,0.927759584667859,0.7475282627307422,0.7570493952243296,0.0,0.5772723430489969,0.5584868927468515,0.844605614576477,0.4884531983015305,0.30416635261215436,0.7285704616449697,0.7087257415820334,0.48864627843242425,0.625417858331043,0.6851305342460474,0.0,0.758894305623449
0.07011864284941766,0.3460127566398735,0.4942708935356298,0.5574398369805703,0.3651595774385617,0.27879542396892826,0.6061060656505839,0.10234847640154826,0.3487572808116517,0.6478549458316876,0.4625105296073152,0.48991357078291825,0.422445581825811,0.45265119585280467,0.3515088114689593,0.4375434259597839,0.0,0.5478266732106615,0.533261275474853,0.4724748378037493,0.4428235090262112,0.45986705357093255,0.4230774203365578,0.4955433593605301,0.5994605350672815,0.501478284144062,0.4354852137246749,0.48379187501528875,0.1812385099109941,0.1603194619694549,0.3920503021324447,0.5380072472787278,0.44368893154359085,0.40598914309828343,0.4842313147311491,0.37566071047841976,0.34662618689889607,0.4689767305920891,0.7370819774367313,0.5036095820951888,0.6310105652226106,0.5555510501988994,0.0,0.0,0.5684921692385503,0.503582676640833,0.8157531730386323,0.0,0.0,0.0,0.0,0.0,0.0,0.0,0.562948395007487,0.0,0.47966889268392254,0.5681645914022782,0.0,0.5528003024367639,0.643671513474427,0.5846305579565008,0.58272247533146,0.0,0.0,0.0,0.8631977709972914,0.0,0.5463499032104242,0.603112748135633,0.577192028882524,0.0,0.3426022206511457,0.4696708000180191,0.0,0.6196092509894091
0.37709324363491203,0.46575075406457744,0.31213354820894657,0.4681096978757816,0.509696447775026,0.4635812354771713,0.33799836623212487,0.7020419464507318,0.3826491182785602,0.3635821050004682,0.35789154161521486,0.5322609018041666,0.4885346808408768,0.49790095177343163,0.4746403104817971,0.6109528161254998,0.5478266732106615,0.0,0.30616073163699475,0.4927103045790731,0.47727847445223237,0.40518387159312874,0.5135318306308785,0.4224842073033135,0.46490310620686176,0.41940401608817235,0.5490253482642904,0.37260073848419556,0.342588805324116,0.5388132137198811,0.3096332696390109,0.45692811774579695,0.3638305321969129,0.3292288266906243,0.4741230953449477,0.1666356917757097,0.3976917104793497,0.47206480840763554,0.7022444951299363,0.5496449824853158,0.5895630975354272,0.6574016996453217,0.0,0.0,0.7048507276273037,0.3813339802562952,0.6724701843398055,0.0,0.0,0.0,0.5234766900889356,0.5051229916870213,0.6065245951113851,0.0,0.6457072416958876,0.0,0.5014431388321583,0.4793230575073078,0.0,0.4517864255237245,0.7486352552593782,0.6844747809454707,0.4886005741603457,0.0,0.4379202830762627,0.5883666065630431,0.7779915538698633,0.7123017381815822,0.5308879136563551,0.5124318343749785,0.5159494494820007,0.45897287982300083,0.6531150099657171,0.30113460594919617,0.0,0.6469427351264466
0.0,0.27341222319380104,0.14713457851260553,0.4294225958534682,-0.007126304358022972,0.18029930842753306,0.27438576067077314,0.2694058241331073,0.18134222793507604,0.28934846522764934,0.12354895182128053,0.3569235959927216,0.32629721515476673,0.030617397140967395,0.0,0.45013139016154313,0.533261275474853,0.30616073163699475,0.0,0.503311238969716,0.4119802566118689,0.3533170954232242,0.08138878187660403,0.2831698079391275,0.4006334621507541,0.36865392669069363,0.2100226672986599,0.37939318177881637,0.3209567291066735,0.4942904849735292,0.462946675251241,0.4516219926776201,0.37872906771868087,0.3411454666149123,0.27284252348549387,0.3746839390902687,0.3345499848789957,0.24620277878698618,0.4496050600460577,0.43932712809054886,0.6254949122178166,0.2684478208793074,0.6278127332695381,0.4474957095350977,0.00194801011731777,0.0,0.0,-0.20375133702990117,0.0,0.422158939298083,0.3165422435859495,0.4159254873626961,0.33671427881231314,0.6331153440398007,0.5941786356163905,-0.04665530610157559,0.2655355521896231,0.3177598771905188,0.35378181492415617,0.0,0.0,0.0,0.0,-0.004946641897602411,0.4697973205220026,0.0,0.48544709252933665,0.41408552238268903,0.0,0.0,0.0,0.48901730673220745,0.3618424692935286,0.18990451157812854,0.47781926410901954,0.44616909134372745
0.43494088401700054,0.5351614152714825,0.2878579380815778,0.5231488635159111,0.41870511416490924,0.3916729922753466,0.3196082139865096,0.2226561918920836,0.3062179776451195,0.42510734765761277,0.45049465013741075,0.6640584621337053,0.4041349370013894,0.4295374728139397,0.666244185490754,0.43140524962116156,0.4724748378037493,0.4927103045790731,0.503311238969716,0.0,0.44087752148784953,0.4454696688646048,0.6576617082423142,0.4881000960099239,0.595039781068433,0.6037686463067661,0.42643417525829325,0.317283173855356,0.44539552539894545,0.44610482081544006,0.44535901921466575,0.5224027563059632,0.24288645161715983,0.5671419465612575,0.6885551812428704,0.666239671875678,0.5210435356308643,0.857856867559512,0.44607900097334674,0.4546613676050691,0.49663792270395646,0.40065120017188127,0.3778972076303718,0.2744508762823791,0.3355083727988254,0.5259397361629388,0.6703978428120511,0.4617218763331581,0.0,0.0,0.26465296595335397,0.5240485435455893,0.3558405937200938,0.45053551843527534,0.7846735719565161,0.0,0.3270743461124581,0.42359383888096314,0.0,0.414601359153754,0.4779699172174817,0.4682180042482794,0.6825084756588617,0.0,0.40729645748596727,0.25192710922432704,0.5182069473952335,0.3959502537818484,0.0,0.5588053843166895,0.40807192335417525,0.4210593322815269,0.3527884640332555,0.4983928725450113,0.39737944780692497,0.37663196270796406
0.2077258833337052,0.5744550426715357,0.37673087388422805,0.44790081115744074,0.3219496653978776,0.64048121876393,0.3331855153525906,0.5099830421933716,0.36920445498773546,0.30624704076299786,0.24935274641056893,0.40915811167326316,0.5083651835533142,0.18105416942794467,0.342734930634643,0.5953662685123646,0.4428235090262112,0.47727847445223237,0.4119802566118689,0.44087752148784953,0.0,0.4038862345838206,0.48333543246368915,0.4644109698562508,0.4808859334468997,0.624278042698896,0.49841794069027995,0.38637246861939395,0.4445423639753492,0.4842896232127938,0.5267982967452005,0.4115297604837769,0.5063568887363284,0.4948952877019034,0.664717147525117,0.2099710330329494,0.38864491451722627,0.47382743374991426,0.43563439375693536,0.5090361508518753,0.3634831396481868,0.4383934085634995,0.5211530988642472,0.0,0.0,-0.018985630605929726,0.5706761432128227,0.6775862042642145,0.0,0.0,0.2710637573495056,0.3805079930829509,0.4025161720533982,0.6190965525448127,0.42866727128047233,0.0,0.7791376089576887,0.4248071763390443,0.0,0.16499352288896418,0.5119248685483218,0.0,0.46709066534580246,0.0,0.35783647987218303,0.2082123312729391,0.48321958156226785,0.3838332712718987,0.5373397756521868,0.3365712214761568,0.4876210012551051,0.3241457984089726,0.33166344377129897,0.48939752713021956,0.11714432057939039,0.33764732336767317
0.5096264520051955,0.6212582594267579,0.40836888867537713,0.536987281847228,0.38371199624576174,0.28700336160662726,0.2963041488178564,0.39691567065982175,0.2577136891647372,0.2922131390441614,0.42351175513123623,0.4467052553141898,0.3198189823589678,0.10536025951209042,0.38832025252518,0.5196364119217464,0.45986705357093255,0.40518387159312874,0.3533170954232242,0.4454696688646048,0.4038862345838206,0.0,0.6768515270728356,0.5721486008922674,0.6255203304724097,0.4835572020021182,0.35441244536107624,0.2367265814695998,0.3203734104479837,0.45978427662114557,0.42760967994698507,0.49671130735926083,0.4218866314359712,0.37742301423336166,0.5679512389674122,0.4641091968220365,0.5460585529365437,0.608822628823303,0.6292803758866093,0.7024868116562091,0.5911535482423682,0.6901320390650846,0.3966643269830846,0.11995270120823215,0.39496405138720725,0.6104648116831852,0.8399967081455948,0.4250977480363142,0.4709222256738388,0.39235914611664213,0.5867398987292617,0.6193032249106202,0.5141979625734007,0.5437805704078243,0.2329797037917982,0.0,0.4749730579842252,0.5092486428272561,0.0,0.42100709095982985,0.9216700124749059,0.47809003206590206,0.757365506111085,0.0,0.41218935344859936,0.3775093440566111,0.6878953860003982,0.5398854213860012,0.34711754948843954,0.6152174647040063,0.6181078853930948,0.4227709396493897,0.46718410796568355,0.5491457737353327,0.6788904784373108,0.7728535556712033
0.44344284233355935,0.6124497630829255,0.3179879862197635,0.8731857279494386,0.10235141462465464,0.38640020349022774,0.34526240779222495,0.316274850554208,0.20280922021781717,0.32489153731156795,0.07658047086033898,0.3981295189936111,0.42369611895190706,0.19108812337761566,0.8644397509374344,0.6081765322723458,0.4230774203365578,0.5135318306308785,0.08138878187660403,0.6576617082423142,0.48333543246368915,0.6768515270728356,0.0,0.5901500613141974,0.5711812215527623,0.5948407220992763,0.356772558387151,0.38968003858133815,0.5110320198950229,0.4706764389820899,0.4571487033718278,0.45308885685080247,0.5750640047100573,0.4921199484914424,0.5897019169297251,0.29118038894729814,0.4932956522799335,0.20148918672113098,0.486061083780095,0.4093912031125858,0.47113730777488677,0.5187440989505641,0.4484332804689431,0.487935401492837,0.31765775937513985,0.1983737610385996,0.5831197416759119,0.6198393598277523,0.264570541056355,0.579207793544448,0.4457521202910843,0.5847744393021183,0.4472300228141495,0.5956002792372171,0.46296052777861085,0.44478948568257004,0.3384468196756225,0.4704155230813295,0.3971456077546409,0.44549511088703814,0.4670273433718801,0.4652625588755983,0.5346982088298879,0.5842551635380051,0.48094193978003447,0.3865807018096201,0.5244492972688135,0.5714195466185492,0.3402599680076115,0.6236260239838713,0.39830879213351233,0.423723911199447,0.46361028218591627,0.5158716838882659,0.44594636145206745,0.4771454277687558
0.5319003086672978,0.3185367494534603,0.36770286375797384,0.33857318729741936,0.3722761902264071,0.8730446491187712,0.3665378419819701,0.5937182234722288,0.37914610654460285,0.2872379495389973,0.2594450979010978,0.29505583176684813,0.2877664255393443,0.5460208521588813,0.158860071340232,0.574142517922715,0.4955433593605301,0.4224842073033135,0.2831698079391275,0.4881000960099239,0.4644109698562508,0.5721486008922674,0.5901500613141974,0.0,0.47740670611223407,0.3611493624228227,0.5606743808517265,0.5165357363542017,0.9044729105414322,0.504697497714014,0.5055391893383936,0.17897245699114708,-0.1619347366846856,0.05124682083695703,0.1580005246402879,-0.07675148660889536,0.1152331092687855,0.09407188798467109,0.8368476336121573,0.6765545072843179,0.7545435773680969,0.7456608116440737,0.5744343367194025,0.19763921371750898,0.537764419591644,0.24377745693123298,0.490040896110742,0.0,0.0,0.46383531942469236,0.4016764812490354,0.3751080282334092,0.0,0.3314314973682456,0.48883704111390813,0.5039656521378622,0.5526889417477585,0.3783860083992743,0.0,0.3360782067798289,0.604126477372895,0.6745984007496976,0.51012320339778,0.48189118345366444,0.39784381256503054,0.3828926770081784,0.39831851222451464,0.6705605676234098,0.14926149329251243,0.5230721343749375,0.5179293684624875,0.32873079703389246,0.4204274830000153,0.6801722026704788,0.0,0.4942520449215867
0.2438744930683118,0.4267263161643152,0.4893678745642207,0.7974491034298488,0.40989324932814725,0.5286826250399834,0.43922576910043676,0.8117202511289849,0.4313660355264585,0.6084850144011117,0.4803791412102467,0.5173340244367699,0.4819858995222941,0.45033526179480854,0.5188713809861035,0.6372634666772254,0.5994605350672815,0.46490310620686176,0.4006334621507541,0.595039781068433,0.4808859334468997,0.6255203304724097,0.5711812215527623,0.47740670611223407,0.0,0.22491442203785067,0.6359530048173394,0.4308125814669264,0.39754230469935076,0.31363670470586824,0.5208523493388895,0.45935686010815047,0.47570837517234943,0.43252501167895563,0.6708747940483464,0.24280005386783193,0.6127904178331369,0.5432201866786466,0.7206388505861967,0.6417888489189112,0.6593367458040642,0.6709336235896898,0.20003672886965623,0.0,0.4014071177644875,0.343514475582032,0.6648402079569445,0.0,0.0,0.0,0.46609979398014684,0.45678080631576834,0.6096046977414615,0.4357058683234021,0.6841767721701173,0.4454402214923554,0.6485616631877054,0.35069779679418,0.0,0.2993247902740923,0.7465693393157304,0.708615513336325,0.5802669751595861,0.0,0.591366001181836,0.4807463807151655,0.6903930818931114,0.2826446498963846,0.08145965574067998,0.5885275205272966,0.5356515659651719,0.4265141007453949,0.5943767304244134,0.3872562547349107,0.0,0.6639242447124868
0.44595030328610197,0.3837442598283103,0.4173335137526241,0.41025875816422414,0.547271607795665,0.6657832459030537,0.46469488921724533,0.7763324538438168,0.46943843281283476,0.5380927113687497,0.3440836941594019,0.35586183321388126,0.4706114361766076,0.34281680986284,0.42716705758152784,0.6544329677804499,0.501478284144062,0.41940401608817235,0.36865392669069363,0.6037686463067661,0.624278042698896,0.4835572020021182,0.5948407220992763,0.3611493624228227,0.22491442203785067,0.0,0.6500324895358003,0.5177614452113859,0.5677339433805908,0.17929702485780408,0.5114038149186245,0.61909724523512,0.4737617553310346,0.51086938187867,0.6631972470669069,0.5163667877313128,0.6250813797230699,0.48697743775434643,0.6592897030631351,0.6014762594560498,0.686690533384117,0.5848530989286422,0.3357783001951696,0.4953356007916818,0.5124480426846874,0.266479975802443,0.7546814702867302,0.6840681458725817,0.0,-0.0028034707286227417,0.5397002610579961,0.39540104410816934,0.5373049365835357,0.6577523121161719,0.6748813665232744,0.0,0.6785228870596747,0.46678215453816857,0.0,0.3029943509293507,0.6688367107647903,0.6355614291840787,0.536675904284285,0.0,0.49841027610518107,0.445968715915251,0.7697125976758799,0.35092226736204424,0.15905574475170892,0.587727629597762,0.4823895115907075,0.41818542705433587,0.5487660777209974,0.5502978088271209,0.43775340064754986,0.622290862361706
0.4399586302338787,0.5209648269749878,0.40864833806207684,1.0717813841118438,-0.0005935947961070442,0.2551345301447306,0.24446918396627887,0.2961982863873336,0.2234359327879288,0.24668386430985395,0.17369661798302372,0.4984526682600411,0.36303047745957906,0.35288162022023006,0.571988221721037,0.49596950340701507,0.4354852137246749,0.5490253482642904,0.2100226672986599,0.42643417525829325,0.49841794069027995,0.35441244536107624,0.356772558387151,0.5606743808517265,0.6359530048173394,0.6500324895358003,0.0,0.4270613514652469,0.20600802410509625,0.48695640490513037,0.5311944315759356,0.3840478348924645,0.553650582904252,0.4632394720963253,0.5536770276124499,0.1504610770861295,0.4415935063635916,0.20589122320807568,0.4717793388650934,0.4054019948678661,0.5506768705134619,0.45228981050056905,0.5179079655806371,0.42648685903162864,0.2604833980547834,0.3518386130097345,0.5221934851778934,0.5129225008954313,0.5020498454994885,0.5767265906064072,0.5650619123662548,0.5703171937571354,0.4725651473823402,0.5610227685773632,0.49155365257601324,0.38831113307626397,0.06086679836778433,0.548893386570674,0.41553882032676703,0.37076404391537654,0.48075245177216264,0.0,0.37662552404968386,0.5726451755741784,0.5021354471996756,0.45964214916384505,0.48205822475250454,0.5120810664730291,0.0,0.5944866921705185,0.39583815877445905,0.5607955579195072,0.47902834366854197,0.4711220152186592,0.34579808865400785,0.5187594094572976
0.524664156304897,0.37565847881705444,0.41111000829754973,0.47609583716534304,0.35859339556127545,0.42508098754218665,0.3446809061408235,0.4231020920419878,0.3577336793228402,0.32102059572374614,0.25751673145598675,-0.12288543807228214,0.4695921975798412,0.5507345019543998,0.4733851362387428,0.4276052342653746,0.48379187501528875,0.37260073848419556,0.37939318177881637,0.317283173855356,0.38637246861939395,0.2367265814695998,0.38968003858133815,0.5165357363542017,0.4308125814669264,0.5177614452113859,0.4270613514652469,0.0,0.4593916254739352,0.42989930340069593,0.3736311944021048,0.4828808216077878,0.010197925061949942,0.21441248193457316,0.5486893403313453,0.4092156991837738,0.24986284755843696,-0.05816519252009317,0.666709703279556,0.2274864815391533,0.7080275658294729,0.816760844733904,0.31157577000115744,0.7181510968267213,0.3053069659301592,0.7046352332020488,0.49231317761203536,0.6854222696647236,0.0,0.5652968124876134,0.4603121124974254,0.4511877041244933,0.46516059206754556,0.5310182732018093,0.5880849083572705,0.3511937929895912,0.43343621852748404,0.46498227217491306,0.38243463131595135,0.3073026126763088,0.40032648613938054,0.3116544233821543,0.40340371542930076,0.4937319366535775,0.517220615907629,0.31443850529345296,0.4195677878925159,0.4634106592363577,0.40059877607850664,0.5482948204507856,0.29601979673740786,0.43711073132908723,0.48876247336278067,0.4528769795065277,0.4175944337914298,0.4845709650362264
0.5354458388735095,0.3547563405621673,0.49716694604738443,0.1902230100384569,0.41038420472521775,0.2698448282361442,0.3630804957124128,0.3879621511490088,0.29454483870659964,0.17637874305685314,0.26524935869707006,0.6006089731481982,0.4766821711833295,0.4175364420745747,0.47940943082178533,0.3696379644787616,0.1812385099109941,0.342588805324116,0.3209567291066735,0.44539552539894545,0.4445423639753492,0.3203734104479837,0.5110320198950229,0.9044729105414322,0.39754230469935076,0.5677339433805908,0.20600802410509625,0.4593916254739352,0.0,0.2575311159749044,0.40690998826803115,0.2541725655467335,0.3375842548132188,0.30984589320438327,0.30692724972907115,0.30744821850093385,0.197624949369494,0.19728829056806235,0.4700111120527177,0.3814828279975707,0.4975593376829883,0.4674495065076516,0.29253574200364246,0.4393701310434666,0.3266573790326111,0.3556836711785686,0.4022735744439605,0.44072876185488324,0.4718100707938433,0.40503320596194714,0.45454087242483004,0.5017875687101928,0.45137904269423973,0.4039009506572154,0.5059136956114179,0.3089335837993321,0.2991057962569075,0.44804324234377,0.5759833518864492,0.3922407423615103,0.4540148074116834,0.4687334304324397,0.5159913795225721,0.3376953737037804,0.4871538487111897,0.34161621204278536,0.4843125457966867,0.4437957867326679,0.47476182690745783,0.4868133860622958,0.5600570563764545,0.427721386604986,0.44452624564436755,0.5144264961781376,0.3335365723724784,0.4505850614626196
