0.0,0.7447827817069806,0.5473789437420198,0.0,0.6457627322220167,0.4929098876256651,0.5998627044678613,0.6104716582528481,0.40595222260325614,0.5947942038699804,0.3928652826789253,0.3829094319841566,0.5155958255518247,0.7996920063864932,0.4822340697851607,0.7592289984061934,0.4531465282820051,0.6494660160717203,0.0,0.7193780664556158,0.42985297198396577,0.5270132280122933,0.6985087842557369,0.43889257039116547,0.5823542133571502,0.5798129244509611,0.9448447332887551,0.06506127252436245,0.617973518513132,0.6154611781449942,0.6100479360873037,0.6256846361319168,0.6391289211698545,0.5411559580260167,0.4514305334387771,0.723104077299974,0.44920319650784085,0.5194256353340201,0.5558873019419708,0.6543047060329161,0.49164969200677755,0.6040770456639097,0.47877507050542456,0.0,0.9576216202221022,0.2940178469380812,0.7655662174218012,0.0,0.0,0.0,0.5295657687956382,0.0,0.6446006632510656,0.0,0.7331015209310205,0.0,0.8061602772168661,0.8824113644561742,0.0,0.518342263061345,0.6570898412382906,0.4560560966607562,0.5692255481155619,0.0,0.49923119211843736,0.6601818765038313,0.5193764393053423,0.8830634378755939,-0.004584288870013831,0.6125233645906348,0.6848987500368968,0.638620501014942,0.47429174737918933,0.6777059091821607,0.0,0.47931589651536644
0.7447827817069806,0.0,0.6106288371937626,0.3830364819477401,0.38916246760011264,0.35431094427074594,0.25528791367262604,0.8608425200758272,0.39482405894083816,0.976979858052378,0.49106610787156474,0.5426050664175713,0.29933927544169014,0.6319098481187375,0.5751747941285879,0.7164537397743503,0.7638077306769149,0.7216647985043314,0.7104473716024059,0.6316540722773372,0.7251907903755804,0.6579592130627043,0.7792348804937547,0.5449773443408288,0.5820150368523729,0.609064500498842,0.5815400444782725,0.22872408996211444,0.29507799935198964,0.4862950180611968,0.6617362706210206,0.577686264648632,0.49723024075184874,0.6062612620497281,0.6676505915589572,0.5927086676583735,9.761719842681094e-05,0.0,0.755452418983523,0.9447600213066711,0.6803599598428963,0.6842799805929753,0.5956918068468315,0.0,0.0,0.7899873907399009,0.8842721193177279,-0.025796596484885068,0.0,0.0,0.7386928278526698,0.745329294023786,0.5821158643553437,0.8143352571948248,0.7941643795467991,0.0,0.6568038872282906,0.8522797900887357,0.0,0.7195934800973489,0.8395004670656199,0.7094861703656916,0.9118691581178039,0.0,0.7455931910372873,0.9581165582091749,0.7371031791450111,0.9574149834470256,0.45665528164926295,0.8682993179165264,0.8890645878258383,1.079835891775634,0.8671334466219156,0.8538716134647658,0.0,0.9369764234092475
0.5473789437420198,0.6106288371937626,0.0,0.6292636538961369,0.6042816797247654,0.8065798325786322,0.6547431238962417,0.888824832520665,0.1273399102996901,0.6824059781240137,0.5810459740674564,0.779909693163225,0.7791257699754157,0.7447010013312056,0.7484675290546571,0.41428557649576325,0.8411732919970795,0.6672696227217898,0.389413013011888,0.43539410547750323,0.6245756264124728,0.6091210457112811,0.7417807417316377,0.4935182667078628,0.706228170377539,0.8152157392743107,0.33828529585160205,0.7925264019991394,0.7397003026026663,0.7930713455834777,0.8312934824381761,0.8273204463984962,0.71913306073586,0.7366826764578671,0.7901221070679709,0.7764544520050345,0.7890934658971653,0.6697317902748392,0.9024249605780494,0.46674272228897984,0.7004891786734726,0.5697838999520418,0.7274584694342907,0.8496592434740371,0.0,0.0,0.39029536472396603,0.20458358164184356,0.4662892980048051,0.911131322933727,0.8684211497556138,0.882078053894692,0.8353754080894893,0.5558431961437516,0.38412900961712787,0.5311934221842936,0.9986559199658027,0.9497019285154735,0.5721596370532933,0.38782007208529445,0.0,0.0,0.0,0.3525660003080192,0.9033557487568397,0.41927732423506514,0.29664725981527507,0.8761488941287042,0.0,0.5421752429110194,0.7461418299487008,0.9361268034313885,0.6465245716291323,0.7543359674430166,0.6886521672972645,0.7166200216909123
0.0,0.3830364819477401,0.6292636538961369,0.0,0.3670552591233175,0.6524067539916973,0.5823427236926375,0.6752529920575252,0.7080713016541598,0.4277406465678215,0.5600844676545318,0.3984832215178876,0.4869530744993993,0.44832215281758214,0.3268657017563867,0.23644438348401728,0.7246717906769853,0.47597742490789596,0.6897498901827412,0.6707000646532488,0.44003850911154396,0.5395844088038828,0.7795717385951685,0.40955974813359,0.7809558355897881,0.8383681988603776,0.7787584330894939,0.5996999389010775,0.611608411122962,0.25914180495412487,0.6574727292024802,0.3420260204451623,0.3399733874106021,0.5967284234205378,0.7869244021898926,0.2086212639048001,0.2561646970018902,0.6886598047431391,0.29301206865005935,0.36513043428567316,0.7324161269473042,0.45947965188007533,0.2581328480101528,0.07599306765478883,0.0,0.0,0.0,0.4835589398825244,0.0,0.0,0.8988875150835597,0.0,0.47404444304083115,0.3557804956438225,0.0,0.46667768549636945,0.6573047921139301,0.4964951350813599,0.0,0.0,0.0,0.0,0.0,0.0,0.0,0.0,0.4526023469593355,0.7111368081889178,0.0,0.0,0.0,0.6835117471405827,0.40815928492509973,0.6981460506920376,0.0,0.0
0.6457627322220167,0.38916246760011264,0.6042816797247654,0.3670552591233175,0.0,0.47187627822241607,0.4187654299706668,0.7523003126199423,0.34477523556919276,0.6898905951249106,0.31842277782204054,0.5109804795100557,0.38001901218532774,0.3805689474088797,0.795196499914584,0.574481756994778,0.7270419862336874,0.6463259631714726,0.5721611338790749,0.42922185705660376,0.862266586181506,0.5055648222198326,0.7004627499390745,0.6200956750355766,0.47456866128143194,0.5199636277093064,0.5468499712811863,0.38034184297912826,0.527033117676063,0.6284445090333546,0.40734102804606975,0.3515136022718213,0.2980599790453722,0.518843403329577,0.5652101213104921,0.340202241501496,0.44099466203558985,0.6810788864697639,0.7140022637616332,0.39735027994108774,0.43048533961380864,0.4323837362207437,0.7266024458516518,0.25570100403923623,0.3530284242298787,0.0,0.5543790635239939,0.7708302189825957,0.0,0.7789605677018873,1.048948135875948,0.8354337868642808,1.0590689449899793,0.7052790659964205,0.0,0.6105006695676469,0.3967412493157876,0.9121144164595116,0.573806476708417,0.3633882084162721,0.4975189783633516,0.0,0.0,0.6957802624613856,0.6997496372054499,0.4425834889853316,0.7761977367571626,0.8815139957017869,0.0,0.46679872129743344,0.6198755669374127,0.7536555404097725,0.7909544615462287,0.6105365211234506,0.0,0.7647987018352835
0.4929098876256651,0.35431094427074594,0.8065798325786322,0.6524067539916973,0.47187627822241607,0.0,0.5202562737018005,0.7070647023192949,0.5009715320386002,0.6928337790568779,0.3242049333750123,0.9088522977029204,0.7102432983353695,0.662157982005065,0.5548976663301446,0.5712955163953675,0.7200082627951511,0.5791282150194924,0.5703374405009501,0.5006215786561758,0.7437666329618192,0.45237679324011454,0.7036800730232458,0.49644409565956177,0.37092533562014834,0.5559296618511277,0.665597980594766,0.7370661310748388,0.5391697237527828,0.7085661127699807,0.7694884943279874,0.6788722130760947,0.7220468770569655,0.6065527168888585,0.6982230912695775,0.7227932189868718,0.7587746959866456,0.6461148836848347,0.8810139567124189,0.42867484107798937,0.8552009789411392,0.500645348583,0.9630650792582681,0.6295539561529138,0.4511497048203813,0.5304961067489604,0.7047275708048424,0.902747453597653,0.8150108727962819,0.6361015151171968,0.8823653166934184,0.8913450113418178,0.762628403373238,0.826870869726323,0.8324146844581309,0.5834966100620007,0.7545185483501631,0.8398813186771712,0.8658017095310172,0.7220352173279528,0.7975867796016816,0.0,0.6617489813287547,0.5415157889442748,0.8373672263038372,0.5783504898800038,0.912331876407637,0.8885647936100445,0.5032961538679463,0.661402563682484,0.6518696158755531,0.883479406531541,0.8083820488803618,0.9107638498766594,0.7044319733399824,0.8105344239627156
0.5998627044678613,0.25528791367262604,0.6547431238962417,0.5823427236926375,0.4187654299706668,0.5202562737018005,0.0,0.6440807580165571,0.6055353244283752,0.7480251541525049,0.5557465859435486,0.588901428814163,0.6211910677774605,0.26882305762657704,0.7552762462741698,0.5048320854601778,0.7572213171868003,0.4598985429082916,0.6705103816824466,0.4494496045127431,0.5843695400815967,0.47239990971846146,0.7745531328701767,0.6436686403587908,0.3771668600635331,0.5694384855454283,0.6723585278867018,0.5938430962378043,0.45779057662523365,0.5736007961753824,0.40876149633169195,0.31876530175124984,0.5890589976815428,0.2848590172503722,0.19404540339237447,0.5865562646761535,0.5424238523845831,0.6044953047280367,0.7718223060382932,0.5041245176470917,0.6284921110021972,0.7095753638681092,0.8605818656334383,1.0629649107330537,0.4696154660452344,0.0,0.6769239668081097,0.5979751973636821,0.0,0.8067847644665467,0.8368570991505734,0.7842348188374941,0.5922270539007091,0.8873540775429278,0.6869674172903915,0.7494322578567831,0.5071410576098058,0.6696931571105262,0.6474343410193499,0.5814576178883495,0.6969023838023642,0.0,0.48859034055561873,0.8519203894525538,0.9941692414261725,0.6829278669621224,0.7606622562774228,0.8197669950712102,0.4660811448719895,0.7642193332019016,0.6984056451672126,0.8017197801635618,0.7652611860298191,0.7621697590462319,0.9021879126989161,0.6547433394845712
0.6104716582528481,0.8608425200758272,0.888824832520665,0.6752529920575252,0.7523003126199423,0.7070647023192949,0.6440807580165571,0.0,0.7745140116990521,1.0568495292391207,0.2656172696153697,0.7978193268241525,0.7737569288718468,0.8943231490308707,0.5369465124151801,0.8221142350171438,0.6080287949065848,0.747793683835988,0.8421343147888233,0.4726969573585784,0.6198189588570959,0.564715045642695,0.6076366676840623,0.4850204885137157,0.7327334558087385,0.6749907439243779,0.859352295056218,0.7139522378845472,0.560909299278443,0.5812406651846086,0.7001763031254395,0.7172593122861483,0.6223592936031225,0.5908203766137176,0.5213888029031997,0.6066642871139005,0.7487789317769213,0.7159701596362301,0.7278881599296187,0.6129566913506725,0.49500192386638786,0.647469716293732,0.9618360841625471,0.7219792342848622,0.0,0.6604691127495321,0.5957147943081127,0.8447674788522692,0.0,0.6165322168174665,0.7976532324779109,0.7976977918475949,0.2913791765308324,0.6619746903077246,0.6549927792682142,0.6119284711474974,0.9181606574695939,0.7308382336842887,0.6181306964984337,0.7605519881297674,0.7206614832150118,0.0,0.6056098547754378,0.804542320526275,0.769584095340659,0.7246447780716596,0.6194039580198757,0.8147859419110413,0.0,0.7606114038000409,0.5752700804897488,0.7625896624428425,0.7480693365049947,0.5403374197553059,0.5548004935840148,0.5682388978351134
0.40595222260325614,0.39482405894083816,0.1273399102996901,0.7080713016541598,0.34477523556919276,0.5009715320386002,0.6055353244283752,0.7745140116990521,0.0,0.7671684708035185,0.35567182461392144,0.5380671098976165,0.69104682250613,0.5673961159778975,0.8667151454932365,0.5632615632182454,0.7417959396120501,0.8625952745072185,0.23964276270730983,0.5887399338540067,0.4891046028141857,0.4173735677381455,0.6716158128856038,0.7737305150646611,0.6761610442420352,0.7823936042193917,0.5758310769370039,0.7749054999563143,0.5070258713523463,0.7503982611979496,0.7798322343867355,0.802009577738681,0.5393934138214072,0.7141304677278961,0.6790241779057989,0.7212118784503474,0.7644576444236537,0.758688566280842,0.8816487964976581,0.5840097670714404,0.5586465768777986,0.4032133613395028,0.42758243227730575,0.607978949477501,0.384814523247784,0.0,0.6781841303479523,0.861899289098384,0.4628813870380781,1.0233707276041588,0.9006095356513966,0.9248052990271352,0.7077444528533621,0.687096061632908,0.4792588345874096,0.43421516553656736,0.6536586703411644,0.8651739248191055,0.692769344938631,0.9162284921549013,0.7778053428158491,0.0,0.0,0.48132126271037107,0.962467558499147,0.5365141534944156,0.741008509675548,0.817428074358421,0.40771474000738867,0.7270952272404184,0.5484726073648036,0.7870292531364065,0.7605436757576968,0.7228562589706522,0.9144317118655549,0.8392228989384397
0.5947942038699804,0.976979858052378,0.6824059781240137,0.4277406465678215,0.6898905951249106,0.6928337790568779,0.7480251541525049,1.0568495292391207,0.7671684708035185,0.0,0.7351458975356253,0.5841344852408498,0.7531149003458819,0.6748010488501082,0.12740908494106412,0.6613464055592593,0.7355422795490282,0.7013667821283727,0.7674333293013993,0.7487692304449376,0.8149203296157297,0.6343489486231076,0.822391723836404,0.7391251579889127,0.7497514957386993,0.6175688539342823,0.7876061616545407,0.8057531477502802,0.6558848004824633,0.5337210371212004,0.8056670450165111,0.6689487814024575,0.732969783774603,0.7371230572380416,0.5961304765585788,0.2933344072957834,0.5633583526320263,0.7005598219211696,0.6472336706089451,0.8927677401167059,0.9959609334752824,0.5522741147368307,0.5477593937202702,0.4852666252278864,0.7437654117490644,0.9925749469646784,0.5963778944225075,0.3632217759762406,0.4563223178068502,0.4109045620988796,0.67562938701653,0.7872738763481066,0.7113660176410344,0.34467803093227006,0.8989572324878337,0.6521091102619763,0.9096106253732432,0.9361384729641682,0.0,0.5835043654650454,0.6478403493181625,0.8192651896605949,0.7138565703997783,0.4701556675722712,0.476216936040525,0.681467970597603,0.49032913967598313,0.7363413537769388,0.5172389099518706,0.7989926153063496,0.9098116225372295,0.7517042521459734,0.8190120924355664,0.8536956780295767,0.0,0.815206463459891
0.3928652826789253,0.49106610787156474,0.5810459740674564,0.5600844676545318,0.31842277782204054,0.3242049333750123,0.5557465859435486,0.2656172696153697,0.35567182461392144,0.7351458975356253,0.0,0.5792437188798103,0.5359353361033867,0.6805296932378281,0.0,0.4661233889014129,0.6911764823462292,0.6495801241577551,0.4860998541954764,0.49755506054566034,0.6627162009067735,0.45849171073401707,0.4722892969076764,0.6182253129695691,0.7770802949564248,0.8666818167393258,0.23792537608633818,0.6152802786341047,0.5399610626866038,0.43979725170543627,0.6882390435888626,0.37653253164517747,0.45187031762077756,0.7081431590308221,0.5890014983373536,0.49050668753489723,0.7460930666364336,0.7833382271228497,0.11452436323854925,0.5020382746486517,0.4892107103155788,0.482392640061473,0.3587720928330525,0.9294327602909485,0.253397272693,0.0,0.0,0.6806255704573511,0.4731549491973637,0.5770816017328394,0.6964147968835889,0.7107923440393428,0.4269219822908159,0.7430330673397578,0.6700187936923179,0.4840930197693708,0.6533659823086949,0.8075486163235382,0.6140188206942595,0.0,0.0,0.0,0.0,0.34109880238449564,0.5612742081640747,0.0,0.5649206453395469,0.7112556381994372,0.0,0.0,0.9361561267707894,0.7119186680713143,0.6489829827171304,0.5550828172843418,0.0,0.7083861392757895
0.3829094319841566,0.5426050664175713,0.779909693163225,0.3984832215178876,0.5109804795100557,0.9088522977029204,0.588901428814163,0.7978193268241525,0.5380671098976165,0.5841344852408498,0.5792437188798103,0.0,0.6648277060315049,0.8557736841898902,0.47988625692503795,0.849666550373817,0.813169407851666,0.8315995630645561,0.8437615363727266,0.17186731835678676,0.5568080888494973,0.3112552304483193,0.9095649931789097,0.5666605419144088,0.7148115387134494,0.5440869557064456,0.7275825751838483,0.785364389383916,0.6739902744277873,0.5974848643701611,0.710671530069352,0.4129982818375225,0.5777590881157558,0.40927734747362715,0.5895684432392816,0.5027564919834011,0.9814245395237347,0.42139602564622747,0.5963070466412717,0.8078746943491821,0.72354770402314,0.22087908782254173,0.4202361687754309,0.6787048037806901,0.5492929143964735,0.5581139837159228,0.4924971249958261,0.5495094655438586,0.49799849494484705,0.34610816324675664,0.41811978539299693,0.5202436288515142,0.36676958801479764,0.5392916812656191,0.914077421562319,0.2387697380336912,0.9849066348636506,0.6826991800680888,0.5274475082111111,0.5172819172784675,0.645448012590101,0.840021639776807,0.8412089329650119,0.638078938593984,0.841769770985022,0.8407293563221223,0.4989955206289221,0.48002160817458644,0.5512827627819881,0.7807502135586138,0.8457947148384846,0.49381366180124986,1.0706785443971643,0.5729153209297644,0.0,0.9109075443007245
0.5155958255518247,0.29933927544169014,0.7791257699754157,0.4869530744993993,0.38001901218532774,0.7102432983353695,0.6211910677774605,0.7737569288718468,0.69104682250613,0.7531149003458819,0.5359353361033867,0.6648277060315049,0.0,0.11834586284271437,0.556926866435465,0.5900007858810481,0.6781178223480346,0.6090182754634743,0.7388472493891975,0.6184830687337801,0.6711462528491918,0.5128892176898251,0.8522509251603232,0.6812162299194622,0.4652686141799599,0.5285723857761981,0.7747732830262881,0.6735991074823605,0.5779402339767792,0.6463791936828615,0.6013292914552965,0.4831211471016629,0.19715791419686005,0.4425006533488424,0.43826531238324556,0.4409537323200762,0.407222077720484,0.6469436302103908,0.79936251053238,0.17938746434915726,0.38229688466583467,0.4087131954238411,0.8415044098817133,0.6661172349568458,0.43516797300970933,0.5802582228967795,0.7448244899869962,1.0154343160000492,0.0,0.8685604263374926,0.8762244232799692,0.7696333113367394,0.6478016549027296,0.5055822414438816,0.5898346108661142,0.7846419989816853,0.6708570195258602,0.9543332163690459,0.2989023934502096,0.7462377061189014,0.7432763561995739,0.612443311239873,0.6942674896899759,0.7791750081733646,0.8012634034452353,0.8094152383411364,1.0274416523956096,0.9336839302794381,0.5315278700454156,0.7354465568297528,0.679855886677273,0.9166283639149679,0.8770809179840654,0.7493141121255199,0.6077462531962701,0.6684167758591534
0.7996920063864932,0.6319098481187375,0.7447010013312056,0.44832215281758214,0.3805689474088797,0.662157982005065,0.26882305762657704,0.8943231490308707,0.5673961159778975,0.6748010488501082,0.6805296932378281,0.8557736841898902,0.11834586284271437,0.0,0.47251264565621187,0.5743400180506915,0.45983739480467245,0.4642610604778299,0.7132508032547127,0.5371050412331965,0.567772871178998,0.33157363572463,0.6523114147234332,0.7701289809471634,0.5640925114724133,0.6777589669121908,0.9358089214171323,0.3826073798060503,0.370491069263011,0.7924590208658332,0.6425667283194613,0.15712100857540795,0.29507894951067953,0.7420012159988166,0.08670396389928939,0.36352197674832604,0.36961967162524934,0.2782086408547091,-0.024254124469293814,0.0,0.6654796068352689,0.6408045057718368,0.7487828751835015,0.4655708019730034,0.0,0.0,0.0,0.700645703202911,0.0,0.6778248499601383,0.4533702534656745,0.8792763249440354,0.5862487078458939,0.55557494559324,0.0,0.6900596791700402,0.35325223584425747,0.6896830137151346,0.43984013708135944,0.0,0.0,0.0,0.0,0.5944760483342452,0.0,0.0,0.0,0.6682044282505897,0.0,0.0,0.0,0.7339728466926401,0.9620835894581687,0.0,0.0,0.0
0.4822340697851607,0.5751747941285879,0.7484675290546571,0.3268657017563867,0.795196499914584,0.5548976663301446,0.7552762462741698,0.5369465124151801,0.8667151454932365,0.12740908494106412,0.0,0.47988625692503795,0.556926866435465,0.47251264565621187,0.0,0.6470760736054186,0.8274515725813398,0.5177071581831479,0.0,0.7513521560046542,0.532627177099873,0.6261046604942324,0.730091099374099,0.3755975485747217,0.5862594618038646,0.8095976772369876,0.8245011837530801,0.5170458452073858,0.38505306989737503,0.4542065620746927,0.48946980617239577,0.32650932047740494,0.6589108670604236,0.47783108309091826,0.5497448370060745,0.5780262991997669,0.43167625222672945,0.3621128711690328,0.5959294474637767,0.7459246411377529,0.7779913787774723,0.615683372723481,0.49425028705588303,0.3530929512017616,0.0,0.946878138826186,0.8204134341924461,0.7764890008215433,0.0,0.0,0.5933312781878027,0.8950799963968351,0.6553213164220253,0.571304948753331,0.0,0.0,0.7482452425191581,0.7541323062116742,0.4716942920552434,0.9445459075808238,0.8975664932370508,0.544235383665363,0.9484302492890602,0.0,0.958162741738269,0.6180539955808132,0.9368462205236078,0.9929545787423628,0.4536326200959807,0.7053794005028773,0.8875138385771253,0.8787038111333897,0.8395126777589829,0.7468735333385348,0.7371222528595166,0.6545581166342929
0.7592289984061934,0.7164537397743503,0.41428557649576325,0.23644438348401728,0.574481756994778,0.5712955163953675,0.5048320854601778,0.8221142350171438,0.5632615632182454,0.6613464055592593,0.4661233889014129,0.849666550373817,0.5900007858810481,0.5743400180506915,0.6470760736054186,0.0,0.7022329407952446,0.7161491063171082,0.5010264059987444,0.7128582329195001,0.80543817206708,0.5849996560167695,0.8199792618330068,0.8665466168218029,0.738224019739927,0.7381181672139331,0.7500725289906784,0.31939993352424917,0.6557693138304416,0.44012864646847816,0.7575462532819768,0.7128628783614548,0.5361540862605446,0.5307026017910818,0.6592520958568954,0.7089738897086733,0.6503244261958672,0.7178863085500617,0.8099449512636514,0.7563630229197444,0.779427642202019,0.5844993305664027,0.4726640524988781,0.0,0.0,0.6876198899691015,0.894887114128026,0.0,0.0,0.0,0.7455515128021313,0.8071785258846895,0.9789474148260583,0.0,0.833945199500777,0.0,0.833239216562775,0.8509998980446275,0.0,0.659518966168605,0.8173485658660844,0.781879628226499,0.8556401634164805,0.0,0.6613008690034252,0.8053209567426323,0.7864618999249919,0.7675213937612702,0.6171533297133753,0.8320224823946679,0.867684359906292,0.6943758307170762,0.809205642425546,0.8005298875145539,0.0,0.7382886613596096
0.4531465282820051,0.7638077306769149,0.8411732919970795,0.7246717906769853,0.7270419862336874,0.7200082627951511,0.7572213171868003,0.6080287949065848,0.7417959396120501,0.7355422795490282,0.6911764823462292,0.813169407851666,0.6781178223480346,0.45983739480467245,0.8274515725813398,0.7022329407952446,0.0,0.7332867288084193,0.7095408703941919,0.6632206100196145,0.702789516064648,0.7596244354887713,0.7618747371904169,0.711290791918088,0.2960807811575948,0.5939086808327526,0.8270545166146661,0.8659748894456474,0.5253285314456622,0.6829135186081872,0.743226082106687,0.6227583106147809,0.7331874745554647,0.707311725072616,0.4818337904686326,0.7293985692985181,0.34786362398237186,0.478010393266177,0.9107392040055582,0.514963035282095,0.41752382745354977,0.7161654798427977,0.0,0.0,0.5370455138872899,0.7473534906600854,0.6292558583267135,0.0,0.0,0.0,0.0,0.0,0.0,0.0,0.698439316266861,0.0,0.5908812987372084,0.5233295021905022,0.0,0.5797294550088169,0.6014469668876818,0.6248655460268756,0.663864543341123,0.0,0.0,0.0,0.4861320095918372,0.0,0.6293696779839844,0.7444978503170724,0.7101974189073854,0.0,0.6659362817563462,0.4636415481135054,0.0,0.5829076541850473
0.6494660160717203,0.7216647985043314,0.6672696227217898,0.47597742490789596,0.6463259631714726,0.5791282150194924,0.4598985429082916,0.747793683835988,0.8625952745072185,0.7013667821283727,0.6495801241577551,0.8315995630645561,0.6090182754634743,0.4642610604778299,0.5177071581831479,0.7161491063171082,0.7332867288084193,0.0,0.7619036390213224,0.6880176365118944,0.7706943752766269,0.6062510654420149,0.7737229638716865,0.7502999738742804,0.6690372076690347,0.5650652105220625,0.7445288103466137,0.5270954903066399,0.556695460916508,0.6844477082129758,0.6694201707091942,0.6309234988324365,0.6368226089715787,0.7196878958747182,0.5316830294739937,0.4939132054035391,0.3956091461228869,0.3696192768638439,0.8559717617056719,0.7369559178519777,0.7573700564403815,0.6785638172993548,0.0,0.0,0.4396435713205774,0.6929961284737034,0.8501069640814918,0.0,0.0,0.0,0.7471911905759974,0.48592628902632606,0.6266750892253421,0.0,0.8011031361217217,0.0,0.8051815072604265,0.9471810113541489,0.0,0.7156203620680559,0.8432518706836944,0.7996897497590972,0.7793539411550983,0.0,0.7810096260914795,0.9475900750897922,0.785335332467049,0.9185100386607845,0.6848035165010691,0.7939589889283762,0.7875598175598036,0.8195279061891363,0.8185188869072058,0.9268432063323835,0.0,0.8877623727890935
0.0,0.7104473716024059,0.389413013011888,0.6897498901827412,0.5721611338790749,0.5703374405009501,0.6705103816824466,0.8421343147888233,0.23964276270730983,0.7674333293013993,0.4860998541954764,0.8437615363727266,0.7388472493891975,0.7132508032547127,0.0,0.5010264059987444,0.7095408703941919,0.7619036390213224,0.0,0.45795921839811926,0.7255479257867108,0.7513353578339105,0.6176481485959784,0.5520347554190651,0.7555855180894048,0.7824390663010868,0.24572572116577365,0.8133906685356771,0.7143979082843184,0.6353431253776487,0.8133380947838336,0.8629807136624441,0.4552223152528563,0.7648206869073437,0.6832448831850559,0.7795155130227591,0.7143872833834289,0.5965432791590819,0.9378658832218822,0.44616755828152654,0.1709324301292344,0.49558358336446773,0.48504177035621343,0.6773324538529477,0.05418215424341847,0.0,0.0,0.8484157716385956,0.0,0.3064082452922228,0.8216806509143524,0.962046597447815,0.752333427577863,0.9477522045443972,0.6481381589483299,0.4995021533469407,0.7260325962128529,0.7806834290842506,0.002125230667845146,0.0,0.0,0.0,0.0,0.6132037289925156,0.47285748744515005,0.0,0.4449155105846093,0.8644979965779263,0.0,0.0,0.0,0.8270993995798801,0.6544436236533518,0.67163704670689,0.46750840524226284,0.7015025565922517
0.7193780664556158,0.6316540722773372,0.43539410547750323,0.6707000646532488,0.42922185705660376,0.5006215786561758,0.4494496045127431,0.4726969573585784,0.5887399338540067,0.7487692304449376,0.49755506054566034,0.17186731835678676,0.6184830687337801,0.5371050412331965,0.7513521560046542,0.7128582329195001,0.6632206100196145,0.6880176365118944,0.45795921839811926,0.0,0.5911006738106087,0.6253053468838137,0.7376452031472849,0.5600537678734621,0.5899858694928766,0.7551830544356515,0.7010571981831948,0.3176617594147516,0.5376331184379146,0.44058063876983505,0.4390931713335594,0.22533778164969542,0.3416208808155044,0.4100372329119475,0.4618658007736576,0.6383779687119571,0.4743091575575924,0.5334704468939243,0.7692783734486425,0.5294017360610366,0.9205192579711658,0.8550899297046946,0.5320098562838775,0.22045049473562417,0.3374553835204236,0.5880847579696087,0.6018331593119199,0.8764367063268401,0.0,0.0,0.8274616147547933,0.7728715721549638,1.025828431616472,0.6801809419551939,0.7721171204146562,0.0,0.5343884100951555,0.9720078607314273,0.0,0.776672089639569,0.5664640623636636,0.47511690766790127,0.6449477724799975,0.0,0.8944760881948157,0.6550264376547407,0.6717299486014331,1.0094761027832448,0.0,0.8778073259048841,0.8305099893287075,1.0012003341526174,0.8136128496864004,0.9085105458370621,0.8570107736254009,0.9437157032635906
0.42985297198396577,0.7251907903755804,0.6245756264124728,0.44003850911154396,0.862266586181506,0.7437666329618192,0.5843695400815967,0.6198189588570959,0.4891046028141857,0.8149203296157297,0.6627162009067735,0.5568080888494973,0.6711462528491918,0.567772871178998,0.532627177099873,0.80543817206708,0.702789516064648,0.7706943752766269,0.7255479257867108,0.5911006738106087,0.0,0.5542545790979112,0.7218499906156157,0.41677140957341036,0.6766321455772383,0.8011396807798561,0.7859539914338889,0.5634418828756185,0.4268474207070456,0.7524720111458096,0.6387507186731127,0.41849148916581147,0.6612525738945386,0.5254725490194769,0.5717700910007852,0.48660799257864307,0.43236217585990644,0.5943616814502807,0.6052457864902252,0.6899451160562649,0.6341001576180596,0.4916733238383005,0.7287575068035028,0.0,0.0,0.5961028761746934,0.8269924795892318,0.6560977545593265,0.0,0.0,0.5207870825634212,0.5251386951809157,0.3824339388592852,0.6296717431014353,0.9270646650832413,0.0,0.7469044575652426,0.7502002160345967,0.0,0.7505856634337269,0.7762366840208615,0.0,0.9667804131381913,0.0,0.7462023937603222,0.5442927289344837,0.7474480418283466,0.7861473536938477,0.5474049623247577,0.7440261359896554,0.9301251951231283,0.7668016699857755,0.6819397302259481,0.765653256315089,0.8097924040816413,0.42013155525860735
0.5270132280122933,0.6579592130627043,0.6091210457112811,0.5395844088038828,0.5055648222198326,0.45237679324011454,0.47239990971846146,0.564715045642695,0.4173735677381455,0.6343489486231076,0.45849171073401707,0.3112552304483193,0.5128892176898251,0.33157363572463,0.6261046604942324,0.5849996560167695,0.7596244354887713,0.6062510654420149,0.7513353578339105,0.6253053468838137,0.5542545790979112,0.0,0.8338677165989727,0.29625778682372594,0.7438119707225075,0.8345007847190148,0.5759722419761553,0.19868515987297086,0.5092346067822097,-0.06066312356747727,0.6715371867648607,0.4080625438951838,0.524601741482781,0.5342912272143354,0.5600284382246543,0.5876620189507157,0.6722695693824259,0.4940086976375776,0.6387596554843995,0.8924012611869782,0.738741798648576,0.6492790413740567,0.6494747377187693,0.34252857305415857,0.37995320109326447,0.7527141454059911,0.8415442678287488,0.6976011139229084,0.4696611377268357,0.40164341841764123,0.6103772781123284,0.8417225686736931,0.670320811779573,0.7499706025768238,0.676144660416456,0.0,0.637569048118372,0.7564903340355762,0.0,0.8255213722284972,0.7417837659250703,0.7816032295260598,0.563759260868046,0.0,0.7209230757181269,0.6773272200257952,0.8222071480583811,0.7846753453101412,0.7071942943203056,0.8363827597967199,0.8510097666468996,0.8483329738087426,0.8994302024385474,0.7032097776700581,0.47952869774300677,0.6312644227235119
0.6985087842557369,0.7792348804937547,0.7417807417316377,0.7795717385951685,0.7004627499390745,0.7036800730232458,0.7745531328701767,0.6076366676840623,0.6716158128856038,0.822391723836404,0.4722892969076764,0.9095649931789097,0.8522509251603232,0.6523114147234332,0.730091099374099,0.8199792618330068,0.7618747371904169,0.7737229638716865,0.6176481485959784,0.7376452031472849,0.7218499906156157,0.8338677165989727,0.0,0.6325210368708836,0.7472492988614193,0.7112412651855016,0.5299627776334181,0.7451942303953587,0.732167951513546,0.6827204535357838,0.754636676200912,0.7366088850363799,0.8005622244138861,0.6627887068807142,0.6731813298219311,0.6665884655465686,0.8202594093764398,0.48021566981915814,0.8357488686691328,0.8640043086868485,0.823990600042264,0.8908682433924084,0.8746753840649113,0.9771311509898107,0.7136529269029871,0.8619715005545108,0.8985617993341593,0.9364464871472906,0.6097186022342977,0.835570147023136,0.8520872630211578,0.8478935581721315,0.7312143660889608,0.811777130867424,0.7320264396027478,0.6861788488668027,0.7276612511284455,0.7935435217451656,0.9798756895254501,0.8975784415960075,0.8041700071275807,0.4762169360405255,0.6387096346759018,0.7840885935160076,0.9510364171690077,0.9020316781731131,0.7979434074041847,0.9586103308372829,0.33523985407320106,0.7908739301589649,0.865046568238318,0.8348062991862694,0.8151184328642316,0.9033217086888237,0.8362641687273484,0.818469565286752
0.43889257039116547,0.5449773443408288,0.4935182667078628,0.40955974813359,0.6200956750355766,0.49644409565956177,0.6436686403587908,0.4850204885137157,0.7737305150646611,0.7391251579889127,0.6182253129695691,0.5666605419144088,0.6812162299194622,0.7701289809471634,0.3755975485747217,0.8665466168218029,0.711290791918088,0.7502999738742804,0.5520347554190651,0.5600537678734621,0.41677140957341036,0.29625778682372594,0.6325210368708836,0.0,0.6482784237690209,0.43721542697275534,0.44670654566123535,0.8035695668227755,0.7519729906837237,0.9721817049529886,0.9315236171444191,0.8835495958048067,0.5487381885090943,0.5255020227384424,0.38808545682388373,0.21430397583214997,0.29736274864601564,0.5667145835934124,0.704066098893754,0.6858463035601914,0.7833657303316328,0.9537385951503825,0.4369432136974155,0.554881133729858,0.5197863857772593,0.4257518307973611,0.6213972449032905,0.0,0.0,0.48330687969713004,0.732356051210428,0.3981764603904374,0.0,0.29385512198279495,0.7088585970895733,0.48826487796454343,0.7332626822496777,0.41259877473360385,0.0,0.36344095923743547,0.7607890260025907,0.7328349419255926,0.7048176859501692,0.4632978998928564,0.404220579096937,0.5657999863379466,0.8471575730290282,0.683531688968373,0.39380479928106527,0.7483067664436234,0.6999960625823755,0.4025288829941275,0.8896202870576873,0.9155418449367743,0.0,0.65505474045414
0.5823542133571502,0.5820150368523729,0.706228170377539,0.7809558355897881,0.47456866128143194,0.37092533562014834,0.3771668600635331,0.7327334558087385,0.6761610442420352,0.7497514957386993,0.7770802949564248,0.7148115387134494,0.4652686141799599,0.5640925114724133,0.5862594618038646,0.738224019739927,0.2960807811575948,0.6690372076690347,0.7555855180894048,0.5899858694928766,0.6766321455772383,0.7438119707225075,0.7472492988614193,0.6482784237690209,0.0,0.4094012937427315,0.5672871322345896,0.44204155667319434,0.3434484080375599,0.5388779440102816,0.7045544628345219,0.479186550886146,0.6969879938783134,0.5947750149696402,0.6449953505306868,0.594222013372457,0.5988836888257287,0.6869262037480381,0.9389732477685946,0.847645087971489,0.9141867755346593,0.7309128064185983,0.15207699956172466,0.0,0.992285212579909,0.7480979936156448,0.9740498154251309,0.0,0.0,0.0,0.7838926902064867,0.7530783122932032,0.6835152620605189,0.3887165275560783,0.8639291524830277,0.5060553365169715,0.877765677067382,0.7018042862469767,0.0,0.7522138992375502,0.9110378768078121,0.7537873043066012,0.8397007293051811,0.0,1.017190893668885,0.8965953976474212,0.8508749850401995,0.9803657289199383,0.6612358224340582,0.8644331792554953,0.8566421139047152,0.5112729898351599,0.806475112328123,0.5263147344780851,0.0,0.9429583812642064
0.5798129244509611,0.609064500498842,0.8152157392743107,0.8383681988603776,0.5199636277093064,0.5559296618511277,0.5694384855454283,0.6749907439243779,0.7823936042193917,0.6175688539342823,0.8666818167393258,0.5440869557064456,0.5285723857761981,0.6777589669121908,0.8095976772369876,0.7381181672139331,0.5939086808327526,0.5650652105220625,0.7824390663010868,0.7551830544356515,0.8011396807798561,0.8345007847190148,0.7112412651855016,0.43721542697275534,0.4094012937427315,0.0,0.7009921989656385,0.804961107579077,0.4822375979779041,0.4930860117344119,0.6116343190123728,0.6490309834071517,0.6993005690209237,0.6708889276989817,0.7856186519435973,0.7017595870354001,0.5039788019121323,0.631873729051937,0.8132342775852215,0.7880175274233896,0.9107493545695466,0.6006641924684986,0.2802746617551298,0.505081161014873,1.0509755413486577,0.5631197397450545,0.9206486557141739,0.9078000619954124,0.0,0.029022136524580876,0.7476085137888405,0.7814762818475822,0.5551197545068199,0.6369336663281089,0.8181270229320576,0.0,0.8596414178472218,0.9214902442340416,0.0,0.9540774240437202,0.7906464884293556,0.7517057626853989,0.6906138243814639,0.0,0.894728037809882,1.0264865503029017,0.9212789049745864,0.9065030733971742,0.5269792427364991,0.7449064789832777,0.8170879971227651,0.9996034508135503,0.71874232515258,0.824618464493774,0.4752703388530671,0.788301484616735
0.9448447332887551,0.5815400444782725,0.33828529585160205,0.7787584330894939,0.5468499712811863,0.665597980594766,0.6723585278867018,0.859352295056218,0.5758310769370039,0.7876061616545407,0.23792537608633818,0.7275825751838483,0.7747732830262881,0.9358089214171323,0.8245011837530801,0.7500725289906784,0.8270545166146661,0.7445288103466137,0.24572572116577365,0.7010571981831948,0.7859539914338889,0.5759722419761553,0.5299627776334181,0.44670654566123535,0.5672871322345896,0.7009921989656385,0.0,0.7603470088032831,0.5744442518264705,0.5934066927532635,0.6574035262144824,0.6149474787554535,0.6281430122486027,0.6347889632996595,0.6367850818475753,0.6472994478115317,0.8207235214260546,0.6693654073039979,0.8116284213997724,0.9996208642190645,0.8138120450309283,0.8072763505222333,0.7041911678097079,0.7563940997755196,0.31791868733161976,0.6155937586358964,0.5806592935575827,0.870714945328475,0.6582276469968109,0.8474814261498973,0.8809595349876447,0.8809624878467075,0.7179076219000537,0.8068423089656026,0.8659558000858987,0.4865745706703002,0.7213262277619397,0.7987615648911697,0.836262421523595,0.9446159574370203,0.7418660800755901,0.0,0.5076348061211955,0.6292944597675504,0.950076327321558,0.9556141003415759,0.8269002505714758,0.8823890655639117,0.0,0.5052599002447027,0.7229683590300744,0.8927131865728373,0.8492499218730636,0.8983516732955321,0.7405127004383893,0.8402815887875168
0.06506127252436245,0.22872408996211444,0.7925264019991394,0.5996999389010775,0.38034184297912826,0.7370661310748388,0.5938430962378043,0.7139522378845472,0.7749054999563143,0.8057531477502802,0.6152802786341047,0.785364389383916,0.6735991074823605,0.3826073798060503,0.5170458452073858,0.31939993352424917,0.8659748894456474,0.5270954903066399,0.8133906685356771,0.3176617594147516,0.5634418828756185,0.19868515987297086,0.7451942303953587,0.8035695668227755,0.44204155667319434,0.804961107579077,0.7603470088032831,0.0,0.6149762306556991,0.42002101380472256,0.5594796433496609,0.6151560806152603,0.26985437630478815,0.45442436815039977,0.7711926729523124,0.744311157755909,0.6208388122733334,0.7790234939411492,0.6475820174916258,0.255577948438206,0.6096293261367205,0.2097706572228992,0.7749629479605609,0.4557496776388422,0.6956219635553171,0.7478381849416686,0.7028118699781609,0.7363662215283873,0.0,0.8708188461668886,0.8389302199119255,0.7498966116960128,0.6074507392775395,0.8026687397571097,0.7177233986073845,0.8131813086571256,0.8012325138611888,0.8735067533582359,0.45287886794374005,0.7165868797901145,0.6240793843320982,0.31377277401953474,0.6615870689931869,0.8178783685420998,0.8778445960797623,0.7698653653753051,0.7728548378013802,0.9137916782489017,0.3538950905374923,0.8540412286887468,0.8880851421204927,0.8826751595249179,0.825569893719037,0.7566165857857863,0.7047380316370508,0.7959899694715447
0.617973518513132,0.29507799935198964,0.7397003026026663,0.611608411122962,0.527033117676063,0.5391697237527828,0.45779057662523365,0.560909299278443,0.5070258713523463,0.6558848004824633,0.5399610626866038,0.6739902744277873,0.5779402339767792,0.370491069263011,0.38505306989737503,0.6557693138304416,0.5253285314456622,0.556695460916508,0.7143979082843184,0.5376331184379146,0.4268474207070456,0.5092346067822097,0.732167951513546,0.7519729906837237,0.3434484080375599,0.4822375979779041,0.5744442518264705,0.6149762306556991,0.0,0.6382916051740715,0.5609523774767262,0.2102000555751203,0.6034897878709914,0.49933248098689637,0.4606268122888848,0.5441341509440806,0.574875487529016,0.6171033652436687,0.6679383829079282,0.6352184393922921,0.7643023712470941,0.6506316515507269,0.38903429857660465,0.7659522455188885,0.5223017638480183,0.6740770297063511,0.5559613852485803,0.6490091441255035,0.4396363635999975,0.5466852382276961,0.7548659562415458,0.6822770491264434,0.6171028470993627,0.7041436222233574,0.5216746950085871,0.7242102214336426,0.7161944525352482,0.7614021508104744,0.5850305877644485,0.7637878341010556,0.7767113878068788,0.4694774797018767,0.6857505536698019,0.7453505999751182,0.8237073183110372,0.5993389271495224,0.701188286092413,0.8551558667218471,0.4531498290193064,0.6711714166994679,0.658010141067604,0.8592230225780608,0.7158468318875838,0.7510244841160784,0.5773930896040641,0.7252165633166832
0.6154611781449942,0.4862950180611968,0.7930713455834777,0.25914180495412487,0.6284445090333546,0.7085661127699807,0.5736007961753824,0.5812406651846086,0.7503982611979496,0.5337210371212004,0.43979725170543627,0.5974848643701611,0.6463791936828615,0.7924590208658332,0.4542065620746927,0.44012864646847816,0.6829135186081872,0.6844477082129758,0.6353431253776487,0.44058063876983505,0.7524720111458096,-0.06066312356747727,0.6827204535357838,0.9721817049529886,0.5388779440102816,0.4930860117344119,0.5934066927532635,0.42002101380472256,0.6382916051740715,0.0,0.21664769257038208,0.2574643854882177,0.5142975198837196,0.5287134613563843,0.5081423188622534,0.687700794069857,0.38841073698160583,0.21230030885215018,0.679731558876748,0.47852649898115596,0.5184316928307182,0.6186763150488266,0.701391885789391,0.2794432222486878,0.0,0.0,0.0,0.46391942122102525,0.0,0.0,0.8355672835184611,0.7831729470250235,0.48482689292455994,0.7847063811132815,0.49774004733330857,0.0,0.015959531445759935,0.5969390946589179,0.0,0.618859294425276,0.0,0.0,0.8902383115572517,0.8934543670333597,0.8036604545410362,0.6335929505500115,0.998727423535581,0.8310632656645914,0.0,0.40237118572975267,0.4691712725145746,0.8529514905160194,0.7280995510173898,0.656848090464992,0.8318577159884535,0.523286254323374
