0.0,0.4604825542375366,0.047517791868599,0.0,0.11425660062970483,0.4400378545762629,0.15293540178957785,0.4620110399757844,0.3232219933167096,0.19289870999652975,0.19326631909567177,0.24693295310663055,0.4649585249226113,0.27100574299838487,0.5229920252472426,0.4629207823999215,0.23152068933890776,0.25196919097114484,0.0,0.6107030633844874,0.32759666622787353,0.6043530904101324,0.4165244025452849,0.35613398938138063,0.21226568356504247,0.3904721651578573,0.4328200203414981,0.28641347595852273,0.27028728051915796,0.39683372700638736,0.44589677684620893,0.4208885394214533,0.3782815823986172,0.34998978245416834,0.17386092940640951,0.22630132502866945,0.4869924794081386,0.6610604785512887,0.2603600748036774,0.41489454720473745,0.2797134599201908,0.39416023879494433,0.47135472076279117,0.0,0.2564374118708892,0.34991614695654816,0.25278129583043296,0.0,0.0,0.0,0.22117598871886224,0.0,0.24800166449040767,0.0,0.20700001727668962,0.0,0.2878088654790042,0.4399630146896546,0.0,0.49948887697477734,0.2868121257438039,0.018238298481303317,0.32177971426856966,0.0,0.25278597696660277,0.7541700000938436,0.33903414418501177,0.3195074299262901,0.6135514992180097,0.38167813686253943,0.37679175705861456,0.2973178223933542,0.44964122216679925,0.22938005072817536,0.0,0.30068768242576316
0.4604825542375366,0.0,0.24412677619822792,0.39897855479453836,0.25901819601133547,0.2134947267247805,0.24637751473416808,0.5218721358232367,0.20087445758702988,0.39333161119485976,0.09871911951602244,0.1447297518798688,0.28439844760279376,0.18793980289174805,0.41441590914584836,0.3430065814404055,0.5038473782486077,0.36713864499176546,0.35601143207163083,0.2574470828081608,0.5399405714420664,0.2909032507725462,0.41017749277432086,0.29867814153739697,0.3658657850552778,0.171923664378044,0.3189262836262885,0.3124446344657755,0.027510688016484874,0.4193339489445379,0.5353089244811826,0.2727877679922418,0.24521791807184337,0.3858099845585603,0.3794755623943211,0.3709175392632814,0.04865683232086361,0.0,0.18249391127473177,0.38798492878842467,0.23623893898510187,0.3391962571010708,0.3808339987364721,0.0,0.0,0.2742934344032286,0.22131539056565397,0.04298554401172056,0.0,0.0,0.49576726367151697,0.2618152471754787,0.3492580746126254,0.2675819559326516,0.3499121068352601,0.0,0.17315885756682728,0.26346519744551555,0.0,0.28666245710288174,0.29355224891373843,0.23537624072167024,0.38203604103308164,0.0,0.12410579887860906,0.4853809382247146,0.35953494137094544,0.28638449265850907,0.2386322765380367,0.340248441998629,0.21229810752389605,0.2375349235106837,0.15676548363908305,0.4123057782906261,0.0,0.2689250266190739
0.047517791868599,0.24412677619822792,0.0,0.22217383333852536,0.4610534352062222,0.2922518284967392,0.37849269829330623,0.41906433147216526,0.08912762450160389,0.3448303753257702,0.3772663083085157,0.2430871315474603,0.4358730415174159,0.3558680358764337,-0.01492818718163419,0.1707657599900966,0.3248706104047383,0.2057884301886999,0.26352963336993696,0.22796573349124397,0.3866710704108915,0.5850459146747935,0.4677077095287152,0.24314646999024317,0.24139415689479005,0.0635805223512701,0.019873815248483445,0.47418497552574496,0.281139304619021,0.4971283656828609,0.4255448783500315,0.3512813501318096,0.12626428778574983,0.42585497273449957,0.41464703183439,0.45912263711223655,0.38459958542920636,0.2788955973841851,0.6161646562393983,0.47024552573068423,0.3630377605529924,0.42414926331204583,0.6427891761074158,0.739751882719341,0.0,0.0,0.3871084076563761,0.38943494988259303,0.4720684969461769,0.5257099138013428,0.41360901549796003,0.331545192144197,0.498050015840231,0.4922750237514606,0.43394396748859076,0.5814147228762427,0.2370425124558997,0.3829756700772735,0.43930783615890023,0.3528865618081901,0.0,0.0,0.0,0.2586542936555387,0.34275018066301643,0.599018025707404,0.24548697855510482,0.421182751597033,0.0,0.5461645207669257,0.14698650926812018,0.36994964034064043,0.38234138615397417,0.40465312306683143,0.39731588571916665,0.19409921820844545
0.0,0.39897855479453836,0.22217383333852536,0.0,0.49597119535232714,0.24296255274870832,0.5034201948818507,0.5203009333523066,0.19674962232469928,0.23577708843868722,0.2611661077567196,0.1903815105346083,0.33192503961940734,0.6987301066338552,0.21600314183748198,0.2569406294815101,0.30187538214433196,0.4706035285881977,0.09437963368763908,0.460824430956478,0.4606629646534253,0.3704394729196667,0.4052148024752471,0.3264599409407941,0.7975774582037638,0.2020097594591997,0.5913751067745803,0.2823831079561534,0.07396444633438562,0.9264458669730742,0.28251999156712143,0.2749211424172574,0.34260630624957866,0.13814994557132615,0.41145209951676676,0.2463750193654121,0.1605830213086589,0.3456390867217253,0.11632286379046271,0.372464215351563,0.08838460085784314,0.32339167091943083,0.4942165596500473,0.42537093464709996,0.0,0.0,0.0,0.4115777686095513,0.0,0.0,0.1388445362055245,0.0,0.4671082319750526,0.3122871742222778,0.0,0.13368559471214242,0.5281628410893332,0.45282658126575087,0.0,0.0,0.0,0.0,0.0,0.0,0.0,0.0,0.45628787381378266,0.308282107484785,0.0,0.0,0.0,0.24284326675156226,0.45751919444162603,0.6486117194456215,0.0,0.0
0.11425660062970483,0.25901819601133547,0.4610534352062222,0.49597119535232714,0.0,0.23190330704392267,0.21791479140687636,0.41620968452649504,0.08303628158587792,0.3252200585456857,0.11803993912860528,0.05117879270735243,0.2897781565434284,0.4603198344722037,0.7006326837391716,0.3964311588098548,0.323698176384987,0.30236940207435914,0.19767142131122212,0.3667399328930656,0.32547182526173746,0.30650630468111595,0.2554835689425765,0.34798482467327474,0.4995704656891822,0.35633577235400415,0.33274013429995253,0.2158899369499222,0.31396247541793243,0.2564611989000779,0.24901007864327765,0.29135817701558486,0.604833740212202,0.23333287524430363,0.2602836073510081,0.41088182587324806,0.22458525495807038,0.29991662919807943,0.5008709401759339,0.8648430863668617,0.6459500895882029,0.46179036922041694,0.39470885856575405,0.7266055219220543,0.3558670323901981,0.0,0.12432686708583374,0.3276650621165874,0.0,0.46258810184725835,0.33326447015552046,0.3961734401868445,0.4913637701182051,0.37286681866581006,0.0,0.28830748143389856,0.19230684447381916,0.5424870393042931,0.23904844166387756,0.24287377503496896,0.4520358418344874,0.0,0.0,0.42585578617127584,0.022008043806343303,0.4849839996998298,0.2920326212438323,0.2590028643255836,0.0,0.4713386106193569,0.40246782257246444,0.24328063664385352,0.20935861951869278,0.2144487057588469,0.0,0.30918083938438423
0.4400378545762629,0.2134947267247805,0.2922518284967392,0.24296255274870832,0.23190330704392267,0.0,0.33038933867776177,0.2685601688747124,0.17153405634013144,0.28997961920235804,0.19090217563347422,0.2626892462378881,0.34867820762321966,0.1874454982424239,0.5872875360138937,0.3044903230416495,0.32486779523541043,0.3185073360124072,0.37190757289602905,0.3919138019943519,0.434427203749549,0.28421559789495343,0.29220243169418647,0.257327589063159,0.19757470128382024,0.5461188093807947,0.3582618614191443,0.4198313871398811,0.3068658107454353,0.4500991148325887,0.4338624167158749,0.19990696820878182,0.5407790276643198,0.38018118065610373,0.3874688886667311,0.3349834170191345,0.34575838080735877,0.2327672094757623,0.3737925416674444,0.09368956136761081,0.30617953193213077,0.37293436915101985,0.42317271729446626,0.28503693911815514,0.041760965440839654,0.2532428059579819,0.27746918733945203,0.3036005318413375,0.48241539540112155,0.34305988064109055,0.33347572556783556,0.2845956725313713,0.38572997565789613,0.3397031038931919,0.15856491340427675,0.4587554996527285,0.16981541644875633,0.31934730864738425,0.5112342566624869,0.37154026042907096,0.23162917605535666,0.0,0.25579182347085455,0.32775308025055805,0.4086503915269913,0.25411277289270817,0.3516933577219963,0.34573597202756323,0.5074270288678474,0.1783677289431313,0.24650416638015804,0.3435040748250499,0.3161274692655074,0.2938603989572632,0.30516315119591725,0.3132067943215274
0.15293540178957785,0.24637751473416808,0.37849269829330623,0.5034201948818507,0.21791479140687636,0.33038933867776177,0.0,0.1924534162125574,0.26940287324143875,0.22363772992883865,0.42690727961740227,-0.13306099233563487,0.25985225454109073,0.5167347022978646,0.3258739210368685,0.3262536206640506,0.22699142866711763,0.31566276146793115,0.25766364639767503,0.26624003924935585,0.12150061638000348,0.27158813620240274,0.22438502868017562,0.2863924882192489,0.3382563268623697,0.3154628132328978,0.2870585007331785,0.3388001990266892,0.2619523861785541,0.32089102364980693,0.19156021006709945,0.23439556129557923,0.36885116914802635,0.2437197176122505,0.3739444968037221,0.4263354818431591,0.4239625117688804,0.3197963194340347,0.4012238052091583,0.397836814324125,0.4206293693116474,0.744932586043367,0.49388965795481077,0.57003291747792,0.30679492085510335,0.0,0.1305397848551437,0.20646606897246336,0.0,0.4478897776757329,0.39459950821593903,0.36969959223598137,0.2672756400617071,0.42643399907425816,0.4470810218623741,0.26252002360599347,0.3886295596781846,0.30886102752458905,0.1979780724778273,0.12517483862903978,0.16012111591292028,0.0,0.4973472190616882,0.395496576095879,0.38728878214306295,0.26159627954630793,0.2066079741469548,0.30378734529325224,0.46992371453923143,0.2765589892608835,0.09888824858818387,0.19943134244519822,0.3719558795945838,0.3366631197148071,0.4388640444916123,0.35593280917991865
0.4620110399757844,0.5218721358232367,0.41906433147216526,0.5203009333523066,0.41620968452649504,0.2685601688747124,0.1924534162125574,0.0,0.3403927413148906,0.36191147562143616,0.33561962832101455,0.47732160720457045,0.1781013009082322,0.4744623628076605,0.5253489389246542,0.44640447680307405,0.24117609157536304,0.4442808707621756,0.37923543463947174,0.40269377011795615,0.3263355879915736,0.3411470523360446,0.3826600816496447,0.29482116815207965,0.37141608161746403,0.3306734526424271,0.3410855485956826,0.12243341943867225,0.15812018436445086,0.16674535688269926,0.2225841210833392,0.4176597720834917,0.5410666989979458,0.2315767656342842,0.21863090390093978,0.330344100135854,0.29084948536843624,0.21427132843688595,0.3226626190623637,0.18159374131846578,0.27148755314405504,0.7323568908692606,0.4309175189233391,0.23326658616819196,0.0,0.43202361197034633,0.19666718300549527,0.4362052585020085,0.0,0.5241434222060571,0.31062143140669807,0.29923777903066345,0.4691767568461154,0.30552309070640815,0.6429308737781273,0.3021589147862823,0.9271458437592899,0.1454615023457956,0.3148212859695195,0.5771617612303414,0.24979415224163184,0.0,0.5507306484876677,0.5495599844214791,0.2883690710123723,0.6323819833359774,0.2244489678556238,0.43998552047131445,0.0,-0.05825631753645305,0.2887154661794201,0.4532904190180272,0.2760599023647682,0.32529168140271175,0.3666177082250181,0.1753437557256181
0.3232219933167096,0.20087445758702988,0.08912762450160389,0.19674962232469928,0.08303628158587792,0.17153405634013144,0.26940287324143875,0.3403927413148906,0.0,0.28169939270827415,0.0018950874446732324,0.3655295581474097,0.1447108110386957,0.25173940456334126,0.35664601645254496,0.3341729411032619,0.14658306182735226,0.3585591327762972,0.04793102944902522,0.432433204464777,0.5550682090242525,0.3590254648685848,0.3753894750666019,0.2773190390616329,0.3825642693604502,0.6114504748693427,0.2988586104933084,0.31868298680686347,0.2930322467549892,0.4862533552050088,0.30597790477836073,0.24815166132021269,0.3696332576495598,0.2774258730115432,0.2602389524225817,0.28564151347357625,0.23341191355675797,0.3921969484096154,0.38422586659691327,0.3407845462076584,0.4419434334658756,-0.074077426614241,0.33259505706576686,0.35560472089849915,0.1442901613252557,0.0,0.16841701656068098,0.39505768822326015,0.4683320040507537,0.3192719983227219,0.4611497929810775,0.35712515824366087,0.37224979757219034,0.26364831816349854,0.22170311877481175,0.5182380447074038,0.09604132456155484,0.17085657701457338,0.4679325515956317,0.32351350719970307,0.25577476132561794,0.0,0.0,0.439997761827256,0.2934651839978679,0.6595114901624529,0.15912763490494136,0.34100458353487256,0.4198381367298255,0.30345580193730604,-0.021805397157785955,0.2795801021121387,0.2705680811000328,0.2814832794170362,-0.20011779182996603,0.277679773692854
0.19289870999652975,0.39333161119485976,0.3448303753257702,0.23577708843868722,0.3252200585456857,0.28997961920235804,0.22363772992883865,0.36191147562143616,0.28169939270827415,0.0,0.39393835799442584,0.3483996187273374,0.30068811477146257,0.5651618194726837,0.34586236098199685,0.16077647964667732,0.30799795336113767,0.21481840485969317,0.27543613964435154,0.03135588050353649,0.4492594655126964,0.29868968521083517,0.26066690584371266,0.12609614569514577,0.36985573110139897,0.3646891591456308,0.2611218756396456,0.5059483865940358,-0.10949977567296099,0.13890833027633542,0.28057456482640075,0.24849337914166167,0.30308884803050534,-0.009824377788399119,0.04768738070141931,0.6010812350919186,-0.09752448776120493,0.28255557446548835,0.537090048112326,0.19338098206128426,0.2657010068670012,0.3791393264131355,0.47995846505695444,0.14525875667220692,0.189848061592166,0.49674372769799446,0.5092247707383217,0.3603584285031404,0.4766117577098713,0.4353801392650892,0.04616711304379484,0.20273312496511664,0.5408104791211992,0.21198741022540535,0.252897348840182,0.3024136199884218,0.30635283469143676,0.10473352784127066,0.0,0.6233470080159129,0.38450596263507053,0.29766851613583867,0.2074672355238759,0.46689440283785055,0.4656693877896283,0.4339561428940263,0.34066917870454066,0.2618541307497008,0.04624224369854532,0.2718736363909051,0.24200765538519936,0.3247466247804257,0.26205207696570737,0.02539429779910468,0.0,0.3361419993529901
0.19326631909567177,0.09871911951602244,0.3772663083085157,0.2611661077567196,0.11803993912860528,0.19090217563347422,0.42690727961740227,0.33561962832101455,0.0018950874446732324,0.39393835799442584,0.0,0.29837703654101155,0.3530550592283047,0.41316309337048707,0.0,0.49156073230562813,0.2932988387311135,0.2624526295401637,0.09072491450479311,0.45122260763260064,0.11848601940490555,0.09627313451354172,0.31911649393750346,0.31054998346834684,0.2538045446793634,0.33487048080355364,0.31365966589193767,0.3668275873416207,0.20215106903053592,0.2195307176335657,0.28463625516616486,0.3884723118798276,0.3160164545860059,0.38363835929278667,0.24413235664599164,0.5645797950609006,0.44729860620396544,0.3559662017424377,0.5158553160251956,0.2086772953429947,0.002728821776688206,0.3270998776565319,0.49370566639365976,0.370432219521292,0.05399739653543896,0.0,0.0,0.6007853639246066,0.4673753607144149,0.015507885694796886,0.47366169641555567,-0.013908453451253022,0.513004328479475,0.2683289802768033,0.09169359361025609,0.1787990738133894,0.3213398611505942,-0.15799030597199049,0.15182763235750651,0.0,0.0,0.0,0.0,0.19778987416999017,0.17064495354858283,0.0,0.5288058269665136,0.4071437839380756,0.0,0.0,0.8937376545424209,0.603122348045859,0.02075961945783622,0.1195664310007763,0.0,-0.14482565587269075
0.24693295310663055,0.1447297518798688,0.2430871315474603,0.1903815105346083,0.05117879270735243,0.2626892462378881,-0.13306099233563487,0.47732160720457045,0.3655295581474097,0.3483996187273374,0.29837703654101155,0.0,0.27971449172896273,0.26786663100750424,0.4122833267610353,0.4148565371511547,0.44058132578171955,0.6372656386288844,0.3197610962327676,0.5069129479758584,0.4715253372126703,0.3446580758137916,0.6038900076449183,0.24048025476555812,0.20114647544434294,0.3518756360145021,0.5822316043005464,0.5166721646852035,0.407876525865039,0.0778373893915836,0.3664605205532989,0.3167373795198915,0.6166929526563911,0.3525645467249702,0.49458151020304725,0.1927780744459026,0.4137667505628239,0.303841798370288,0.3718756534374632,0.43871562015062693,0.49313113534825403,0.6618418996188696,0.8835934598288353,0.1625098318447413,0.4120397651652259,0.5268533682446777,0.4498586448602532,0.028114367234876425,0.13346434480492703,0.2435244186717994,0.21009275191512605,0.4760342025781633,0.353813560877871,0.13644422135284795,0.4356718454633324,0.2718007255182138,0.5330090841996793,0.3177675437434771,0.5271763238898495,0.5109270502043651,0.4343787570798388,0.3987218824921341,0.46391867729562664,0.1885136810971999,0.6099344589988746,0.3784710410387199,0.2733395167542766,0.4203092423124536,0.2645626461071187,0.39962638939042194,0.37167506136261974,0.13627261850301836,0.5006887218752676,0.26898138664501836,0.0,0.4656775217661152
0.4649585249226113,0.28439844760279376,0.4358730415174159,0.33192503961940734,0.2897781565434284,0.34867820762321966,0.25985225454109073,0.1781013009082322,0.1447108110386957,0.30068811477146257,0.3530550592283047,0.27971449172896273,0.0,0.3851383399194168,0.4374329163399934,0.35194446246964783,0.28089823493406507,0.33805120261311705,0.26925261162943187,0.28944452510321206,0.21756244484361487,0.27786329451718017,0.21589881895937127,0.02657340631443364,0.4233856245511278,0.3344062260216027,0.2854118326611862,0.2558992057328011,0.24948289150450106,0.08239224687698138,0.1924726696912407,0.2429626724774065,0.573584670590963,0.3028767110274572,0.31661182648884384,0.3795758564676812,0.23487423716006514,0.4824264010166837,0.43208286061401224,0.3224893539650805,0.5926008913230963,0.3831019183552613,0.5191099539236128,0.5899017870551477,0.26415476857738013,0.49177096877353055,0.2817795877173041,0.36432974359520226,0.0,0.38394888469826854,0.23208881657156172,0.3312331374630887,0.23618958114176558,0.4162405909237293,0.36105335861146604,0.2910575371409563,0.17679302069120426,0.32678722110169756,0.5317464125950573,0.3174162651194549,0.16693998337086097,0.274541831462763,0.2524000343944381,0.30964168946686055,0.3277038883437201,0.31793246406275266,0.23783612012784733,0.29439784961080673,0.3383270302378071,0.1123496998666717,0.21672719773559507,0.310264298936032,0.29744365567342673,0.18606554371643705,0.21716267710487105,0.26672862276498566
0.27100574299838487,0.18793980289174805,0.3558680358764337,0.6987301066338552,0.4603198344722037,0.1874454982424239,0.5167347022978646,0.4744623628076605,0.25173940456334126,0.5651618194726837,0.41316309337048707,0.26786663100750424,0.3851383399194168,0.0,0.2165091436649559,0.5044965904368938,0.45496623959578464,0.49673292778624456,0.33417933060641614,0.18699613717332608,0.19266700431190242,0.14594815436262143,0.25914230710743996,0.4411330483469042,0.4889299531706869,0.14519427800779977,0.282118767243209,0.10651377974954754,0.16306919803227574,0.35109725473424624,0.38174742955226026,0.28159409541315833,0.39341610783497927,0.5285655721853623,0.28159807023740097,0.3625758174008269,0.19147871702074012,0.3750313521374263,0.5580639207691194,0.0,0.48653297334340495,0.6731154250334415,0.6992188821035994,0.4713102572194048,0.0,0.0,0.0,0.407887029538328,0.0,0.02884156060925469,0.3916081990204526,0.407721003143209,0.46873725207207734,0.34231109687353845,0.0,0.4401913665863554,0.3613070546542135,0.5712805765837036,0.6540887481993767,0.0,0.0,0.0,0.0,0.48902069065443876,0.0,0.0,0.0,0.47001716071684807,0.0,0.0,0.0,0.37563828042792774,0.3519671893546823,0.0,0.0,0.0
0.5229920252472426,0.41441590914584836,-0.01492818718163419,0.21600314183748198,0.7006326837391716,0.5872875360138937,0.3258739210368685,0.5253489389246542,0.35664601645254496,0.34586236098199685,0.0,0.4122833267610353,0.4374329163399934,0.2165091436649559,0.0,0.5331151113562079,0.08497585004973321,0.4293131672833884,0.0,0.07090755809417698,0.5444886803323494,0.2284132859797568,0.33798844369044434,0.43573300582991614,0.37993320389564567,0.3851949645137674,0.36750464344084266,0.35340598848667,0.1693669992999911,0.3695356540343212,0.38834572200489825,0.23315229351601022,0.4395462703893258,0.2978738778511851,0.3214580588431635,0.4241385900993567,0.422924240158403,0.380057210857305,0.3102581968725838,0.4371866658336108,0.34696307163911266,0.3774064213522106,0.4404320071264178,0.6307045054314087,0.0,0.3039122080328429,0.473341544798571,0.15629942363722268,0.0,0.0,0.30473014073712257,0.5112592720292322,0.30235305003793095,0.3044669184138732,0.0,0.0,0.5679509380901033,0.3309044860919264,0.4695316529044194,0.6490189143817191,0.4300165790792587,0.5445693156818344,0.5139119583905539,0.0,0.529046026442622,0.5711435022484262,0.5501690326394331,0.6303622994268612,0.45005362862474424,0.5497744763078526,0.4274044235269797,0.45004613904446633,0.2662442261055604,0.28509934101519074,0.214774245892057,0.2678953718109165
0.4629207823999215,0.3430065814404055,0.1707657599900966,0.2569406294815101,0.3964311588098548,0.3044903230416495,0.3262536206640506,0.44640447680307405,0.3341729411032619,0.16077647964667732,0.49156073230562813,0.4148565371511547,0.35194446246964783,0.5044965904368938,0.5331151113562079,0.0,0.22326232171044935,0.382683741810071,0.45109122944224755,0.16525250095162666,0.6038960525533987,0.2868420869809496,0.48869120496177965,0.3679523504393447,0.39158306866836645,0.4030990883555676,0.4355219079795668,0.2936169124888076,0.08905585072367969,0.34323337558047917,0.2155077391663735,0.10941893843367351,0.18358100024534335,0.26709035009686033,0.34907803548526095,0.9314837037471918,-0.009831065357671503,0.21203653819869528,0.40729897952921224,0.2899159435153733,0.46410723691088496,0.5181939218978597,0.47025800889122726,0.0,0.0,0.22738414347176272,0.4303904540064928,0.0,0.0,0.0,0.3222424443078633,0.19107551407678283,0.35882772513263533,0.0,0.5438445750034078,0.0,0.48137006359534706,0.30415886458076374,0.0,0.5056995974556502,0.4262699844919523,0.5056098761763574,0.4410213781948828,0.0,0.3838033985378321,0.5251850884333406,0.5209272024611995,0.4220105349692451,0.2539244093777254,0.5799821427365894,0.5049754529294972,0.39837977497240645,0.22740240211659157,0.42171987576490355,0.0,0.30942543331532424
0.23152068933890776,0.5038473782486077,0.3248706104047383,0.30187538214433196,0.323698176384987,0.32486779523541043,0.22699142866711763,0.24117609157536304,0.14658306182735226,0.30799795336113767,0.2932988387311135,0.44058132578171955,0.28089823493406507,0.45496623959578464,0.08497585004973321,0.22326232171044935,0.0,0.368553005895652,0.34779444634514456,0.3295948550174231,0.42786866992587436,0.1855032453821038,0.14625428524421913,0.42647612879642594,0.16372723613873452,0.3505558530913314,0.44185284484035714,0.59528839556055,0.1516906081920413,0.34715926343614883,0.2370673658963699,0.4118357813991348,0.5096122087135513,0.42931925556529876,0.4502721881982562,0.46310218014921406,0.3468079402003188,0.23702726923913547,0.045923881650555665,0.16633905466281895,0.5047755703429568,0.49752562662169325,0.0,0.0,0.5478503323638155,0.31143271291890995,0.7754090974722019,0.0,0.0,0.0,0.0,0.0,0.0,0.0,0.30201147626709574,0.0,0.3575321577542494,0.2923999377507258,0.0,0.5592641794706371,0.36120600256797275,0.19331078298732232,0.2780650935596628,0.0,0.0,0.0,0.6430296901642155,0.0,0.3853850876482777,0.4827054367282637,0.3854779366001811,0.0,0.18861000767060673,0.4676803705940614,0.0,0.4307233638332797
0.25196919097114484,0.36713864499176546,0.2057884301886999,0.4706035285881977,0.30236940207435914,0.3185073360124072,0.31566276146793115,0.4442808707621756,0.3585591327762972,0.21481840485969317,0.2624526295401637,0.6372656386288844,0.33805120261311705,0.49673292778624456,0.4293131672833884,0.382683741810071,0.368553005895652,0.0,0.2498133440610696,0.2666371822606004,0.435836236423361,0.266269256897821,0.4299352739672745,0.28001097862107316,0.36396212288107554,0.30113596679224475,0.4232474902473929,0.3227250760153407,0.20078280477444305,0.2811014655708407,0.18752953238505593,0.046049353268579396,0.25220303484754975,0.32669401650300367,0.1529012978119449,0.4036870225233615,0.39697196483291464,0.42217928607861455,0.4200197755028273,0.35911691323435785,0.35192368242988875,0.42300505999314697,0.0,0.0,0.27134482325003506,0.2715614199906598,0.4404713752877882,0.0,0.0,0.0,0.26157886141590636,0.49877329179240754,0.6061308437817157,0.0,0.5155456697402916,0.0,0.2237867526560935,0.27281045954745503,0.0,0.535707445043504,0.4015019233308583,0.4550398406986599,0.33372258095486773,0.0,0.2200363439267452,0.6759653821213218,0.4679431448457865,0.3577804185415364,0.36321991840441836,0.42246478421829514,0.420228869293818,0.18939398022886722,0.47733473801839327,0.2289127707725369,0.0,0.4748218965568073
0.0,0.35601143207163083,0.26352963336993696,0.09437963368763908,0.19767142131122212,0.37190757289602905,0.25766364639767503,0.37923543463947174,0.04793102944902522,0.27543613964435154,0.09072491450479311,0.3197610962327676,0.26925261162943187,0.33417933060641614,0.0,0.45109122944224755,0.34779444634514456,0.2498133440610696,0.0,0.5027855027419854,0.16789453165025459,0.3636330562257926,0.32387021892237366,0.3926128039012961,0.25765773268701603,0.29869664349879593,0.21963517595859833,0.2965515723986871,0.20493844544814138,0.30245251684104235,0.28063314678328244,0.2787691242952933,0.33423402697477766,0.27480813613513966,0.29656398620666813,0.4262336266693656,0.27229269747544954,0.2266305955392628,0.5756853383148398,0.44118501550087263,0.4956801872336756,0.15974649203277255,0.5466001646407753,0.21496189052965436,0.004407906015532884,0.0,0.0,0.621050348931395,0.0,0.48177843004239795,0.38985317384138257,0.26644666374619186,0.560056448397616,0.457628706841256,0.5927021653453599,0.4198008906980495,0.278571484880646,0.2082280273104436,0.3874988003337905,0.0,0.0,0.0,0.0,0.6311081637196249,0.46974896144884337,0.0,0.4858337208272462,0.4716938846712664,0.0,0.0,0.0,0.42240524882527075,0.31154010365690904,0.21865183999884588,0.47324458848115647,0.0768925904661309
0.6107030633844874,0.2574470828081608,0.22796573349124397,0.460824430956478,0.3667399328930656,0.3919138019943519,0.26624003924935585,0.40269377011795615,0.432433204464777,0.03135588050353649,0.45122260763260064,0.5069129479758584,0.28944452510321206,0.18699613717332608,0.07090755809417698,0.16525250095162666,0.3295948550174231,0.2666371822606004,0.5027855027419854,0.0,0.40223309674303476,0.16312814465840633,0.5336314874442069,0.7230479909299177,0.26713900540658614,0.3585253616854818,0.3200938759690932,0.3549389415517573,0.2536222924680095,0.28608966636439925,0.1582513675849741,0.38153922453215594,0.23333748933934348,0.4413278277326006,0.3716463246938693,0.5891591227001877,0.4930499438378494,0.8780790061879613,0.3815627563966968,0.142766541294765,0.3472839490240148,0.34363995677964676,0.42343915191931714,0.39852464175645097,0.3308717904003097,0.36707246922255404,0.33192331334089686,0.33875429049580025,0.0,0.0,0.3375268384247463,0.2758498454516215,0.36911925993708633,0.394220539296515,0.7837797677689365,0.0,0.4212102083048182,0.37776055432351563,0.0,0.4013968678880354,0.353218770269358,0.47039197022265444,0.35128910959056914,0.0,0.3365000904236829,0.3007331485459076,0.29078136185239356,0.4316549273247842,0.0,0.24014357279133544,0.27043920907538627,0.41976633017578285,0.41700053629291334,0.30654082740263855,0.3961125354350984,0.2620724640316958
0.32759666622787353,0.5399405714420664,0.3866710704108915,0.4606629646534253,0.32547182526173746,0.434427203749549,0.12150061638000348,0.3263355879915736,0.5550682090242525,0.4492594655126964,0.11848601940490555,0.4715253372126703,0.21756244484361487,0.19266700431190242,0.5444886803323494,0.6038960525533987,0.42786866992587436,0.435836236423361,0.16789453165025459,0.40223309674303476,0.0,0.5731821480094984,0.352701742306679,0.31447664677062087,0.3920819970695067,0.45921911833788026,0.3737868108679906,0.16556947251854684,0.21252874200670036,0.2292661596918833,0.5043393126431023,0.27229603267064273,0.41141985203881626,0.4211145038214271,0.4646875848192243,0.3231129554536414,0.33693923084031,0.3446536763602699,0.31218960636674964,0.11373916370660564,0.1847809238116149,0.33557221101726364,0.24714764723975005,0.0,0.0,0.382627180210399,0.3210540536385956,0.4484943272154851,0.0,0.0,0.2967789921100258,0.29127172235572274,0.5056088257620281,0.2865701371090099,0.4145055627713571,0.0,0.8584544145897214,0.19860209751333074,0.0,0.5705971491989099,0.2859557706525646,0.0,0.40773162263217216,0.0,0.3764081585782246,0.7333529135247026,0.45503967400179285,0.5497636457360864,0.4724308073814317,0.2920058606484661,0.43350111863908247,0.46195940717240036,0.3494796282216681,0.33463843892320067,0.12721916225969443,0.03795653331748858
0.6043530904101324,0.2909032507725462,0.5850459146747935,0.3704394729196667,0.30650630468111595,0.28421559789495343,0.27158813620240274,0.3411470523360446,0.3590254648685848,0.29868968521083517,0.09627313451354172,0.3446580758137916,0.27786329451718017,0.14594815436262143,0.2284132859797568,0.2868420869809496,0.1855032453821038,0.266269256897821,0.3636330562257926,0.16312814465840633,0.5731821480094984,0.0,0.31649816176739387,1.1113279214080367,0.3434152709088104,0.46003143550063863,0.3678292185553835,0.4298006180629663,0.08829629578752701,0.45148476602480647,0.29350322168299836,0.3302160708046715,0.2692371221776584,0.4725495458729096,0.41606561114569723,0.45008693375806075,0.6467535885549771,0.49812762426258783,0.3410096148507459,0.324469254301191,0.3487362964586112,0.43845830612737047,0.539447070903829,0.20048972386643849,0.39012854408482955,0.34465994928055105,0.44026266760084354,0.506546889973357,0.4705059070791642,0.3932315277319053,0.26881801629331215,0.30006286446021646,0.5638669865590344,0.3321542237025481,0.20681736043612892,0.0,0.34468846587946556,0.2978393430615477,0.0,0.48933859734115276,0.4479830275960611,0.17140941911568366,0.5416426034611597,0.0,0.30149902395862205,0.5066367788330973,0.3740131033123103,0.42130272032050853,0.3590362809699542,0.49745779719970146,0.35296220380009413,0.3376266974300002,0.35221390474753367,0.22877198894894316,0.45483488971967734,0.39761981191750784
0.4165244025452849,0.41017749277432086,0.4677077095287152,0.4052148024752471,0.2554835689425765,0.29220243169418647,0.22438502868017562,0.3826600816496447,0.3753894750666019,0.26066690584371266,0.31911649393750346,0.6038900076449183,0.21589881895937127,0.25914230710743996,0.33798844369044434,0.48869120496177965,0.14625428524421913,0.4299352739672745,0.32387021892237366,0.5336314874442069,0.352701742306679,0.31649816176739387,0.0,0.33126099682962024,0.36976135684722145,0.28456673344151584,0.2729212217286018,0.17238636000241683,0.16712946616667257,0.2771898492052786,0.2844196894032502,0.23122258800083922,0.41174497018153855,0.3210468944503242,0.37923877743379686,0.414266518400983,0.36021719143573927,0.11090045891665504,0.41022317706673195,0.3274505627009039,0.36283236164312305,0.4504658688519777,0.6263672461414956,0.3038421811538672,0.32120566502542713,0.1583128673882772,0.4797194538473245,0.5037642667347944,0.11012155190938283,0.6617195128313101,0.34482604273101947,0.2586038426382345,0.47175228077191234,0.3643996704789075,0.3445802543102679,0.46649966629725487,0.09151758349719569,0.3048082438583857,0.6484293105492873,0.5336529446513302,0.46759117164426495,0.4656693877896282,0.3342231367125387,0.544878688785584,0.43437051621292605,0.5394053602455835,0.4588790957022402,0.5716255967296586,0.338550096514208,0.3021658425437892,0.3665814281987967,0.3884889602390029,0.35806649679505664,0.39845780595811564,0.4564982800678129,0.3558444753592061
0.35613398938138063,0.29867814153739697,0.24314646999024317,0.3264599409407941,0.34798482467327474,0.257327589063159,0.2863924882192489,0.29482116815207965,0.2773190390616329,0.12609614569514577,0.31054998346834684,0.24048025476555812,0.02657340631443364,0.4411330483469042,0.43573300582991614,0.3679523504393447,0.42647612879642594,0.28001097862107316,0.3926128039012961,0.7230479909299177,0.31447664677062087,1.1113279214080367,0.33126099682962024,0.0,0.27929792665869585,0.3161554342696007,0.32037335151382634,0.35185346200461376,0.42855363646013556,0.5191824432412551,0.17086683158726254,0.26197382223978827,-0.10885337869816092,-0.05723652960903147,0.19852338666537933,0.45377752337804367,0.4059162997042963,0.09210882313676483,0.7055843863015516,0.5726863165216238,0.39404637359905176,0.49937670617089464,0.5804096229532235,0.26951478981038696,0.3808827836490091,0.3147178628107964,0.43013650483382665,0.0,0.0,0.4701605995479624,0.41359220306762323,0.38261614364855273,0.0,0.3189534700577615,0.4576223725447951,0.49867271616915687,0.5092401110053651,0.34924614363577633,0.0,0.34395072407440874,0.19423772978537956,0.49509508251604506,0.34615379523965384,0.4756484433371614,0.4060970958568034,0.5626367619295071,0.13504747813323342,0.6755460336322734,0.23150444975632914,0.44929893195395443,0.48464523241751856,0.34367805020652,0.436587772387565,0.24311039110543742,0.0,0.3917097643195969
0.21226568356504247,0.3658657850552778,0.24139415689479005,0.7975774582037638,0.4995704656891822,0.19757470128382024,0.3382563268623697,0.37141608161746403,0.3825642693604502,0.36985573110139897,0.2538045446793634,0.20114647544434294,0.4233856245511278,0.4889299531706869,0.37993320389564567,0.39158306866836645,0.16372723613873452,0.36396212288107554,0.25765773268701603,0.26713900540658614,0.3920819970695067,0.3434152709088104,0.36976135684722145,0.27929792665869585,0.0,0.17016929595110278,0.41223489455645734,0.39233214353723045,0.10109506140789382,0.3481044554198318,0.31858046021290837,0.1526017886068518,0.2845311494430194,0.2364122113032497,0.17860652950846462,0.3036383015516232,0.6164485193909583,0.27394940300519066,0.42735442427855763,0.35505455122705776,0.27838868842878006,0.4151596963265882,1.0215382538382773,0.0,-0.00699838181894008,0.3089097706804341,0.3801757872582795,0.0,0.0,0.0,0.2718127101885062,-0.044523806735103255,0.2758195623915112,0.4362804793552595,0.31528163261160524,0.4506325580243233,0.34182693058130664,0.15489900133241669,0.0,0.42006211413526934,0.38162027653035735,0.37377829468177787,0.32970067107970075,0.0,0.5353550448766415,0.275825180179349,0.41292048659350034,0.22607382545948032,0.27201908821787013,0.4206330779294516,0.34007960581099406,0.25358838860997945,0.2306509197530917,0.1367596394862447,0.0,0.3312591532698267
0.3904721651578573,0.171923664378044,0.0635805223512701,0.2020097594591997,0.35633577235400415,0.5461188093807947,0.3154628132328978,0.3306734526424271,0.6114504748693427,0.3646891591456308,0.33487048080355364,0.3518756360145021,0.3344062260216027,0.14519427800779977,0.3851949645137674,0.4030990883555676,0.3505558530913314,0.30113596679224475,0.29869664349879593,0.3585253616854818,0.45921911833788026,0.46003143550063863,0.28456673344151584,0.3161554342696007,0.17016929595110278,0.0,0.4206698246002931,0.4508375069276406,0.22059390122042993,0.1475433463569951,0.3133257093147773,0.22213993229656778,0.22465088312273096,0.21397262122378363,0.25057433302971516,0.12887675657884173,0.4578162006836629,0.2760028206425251,0.26882197748832826,0.21271953472289512,0.2894311891237942,0.30374502142194737,0.2379627829051978,0.498783216884789,0.203767186471074,0.2740725776054024,0.3885639861016345,0.5152368110050034,0.0,-0.00042148064020685293,0.34768941779787765,0.1268636889221259,0.3453265976928379,0.5263375421396004,0.3553111006007448,0.0,0.42001959701982317,0.25027954968335686,0.0,0.449375179445778,0.36194383755463,0.3659302905889915,0.2414665667460249,0.0,0.21154946826516685,0.5117891161968346,0.44473380327788015,0.3428849628563631,0.28718657703624617,0.362087621381631,0.2534703396933285,0.36957559927754696,0.3814160934159944,0.2455411229008927,0.4401589833180228,0.25414119453060746
0.4328200203414981,0.3189262836262885,0.019873815248483445,0.5913751067745803,0.33274013429995253,0.3582618614191443,0.2870585007331785,0.3410855485956826,0.2988586104933084,0.2611218756396456,0.31365966589193767,0.5822316043005464,0.2854118326611862,0.282118767243209,0.36750464344084266,0.4355219079795668,0.44185284484035714,0.4232474902473929,0.21963517595859833,0.3200938759690932,0.3737868108679906,0.3678292185553835,0.2729212217286018,0.32037335151382634,0.41223489455645734,0.4206698246002931,0.0,0.27981544421404275,0.37468451646929873,0.34218547021027723,0.40676472317225554,0.3283404724849869,0.4131478401563996,0.4825503500685663,0.4796180893887019,0.5535217604656477,0.6249637217979508,0.16403423338366624,0.3837610739684186,0.3383198204417714,0.38990824544387653,0.38542820826429963,0.5570061798106211,0.417262054108897,0.2237114601026415,0.195232977273598,0.2830843496809493,0.4498389269167679,0.1931167796187377,0.25476838666711316,0.38992741399583797,0.29929057570255935,0.4494078212772689,0.39345786742375144,0.29037400475554376,0.5147413834965393,0.1648979674032542,0.33203717527636906,0.524256695738438,0.4659208159146916,0.41853958864887764,0.0,0.26756063599274094,0.5545345643053162,0.3831755015807235,0.4524698449163215,0.4167103594915288,0.4059282573477436,0.0,0.37748207133088724,0.45729965497924907,0.4128662313445476,0.4132261668980034,0.31738939188162496,0.26887634485180545,0.369726378033291
0.28641347595852273,0.3124446344657755,0.47418497552574496,0.2823831079561534,0.2158899369499222,0.4198313871398811,0.3388001990266892,0.12243341943867225,0.31868298680686347,0.5059483865940358,0.3668275873416207,0.5166721646852035,0.2558992057328011,0.10651377974954754,0.35340598848667,0.2936169124888076,0.59528839556055,0.3227250760153407,0.2965515723986871,0.3549389415517573,0.16556947251854684,0.4298006180629663,0.17238636000241683,0.35185346200461376,0.39233214353723045,0.4508375069276406,0.27981544421404275,0.0,0.3012057975989869,0.1870628849860485,0.31697786454627136,0.2160035896000761,0.6007625343185945,0.40692380502501,0.496888358330117,0.49902131577487174,0.15274715499194091,0.43279650841722184,0.5127103372136129,0.302301685035651,0.6026749461670355,0.8716928240956644,0.32773017578596175,0.6368497323566575,0.3665832736118023,0.4752291466972658,0.20855285363596632,0.3682260665866883,0.0,0.49280433482655384,0.29121669472421285,0.34812968164345065,0.29565634292547327,0.4109279581018608,0.4321113167055909,0.28967612565908685,0.22610132038971648,0.24717947611979066,0.3927866012399042,0.33941305455137294,0.14966977801012532,0.3123054629151613,0.11060893986640755,0.40852019865568545,0.34966049601450655,0.3554371379413761,0.2610781346604887,0.37475366066563326,0.3647121568000461,0.5384026101212911,0.3542529317027149,0.37657616319631304,0.32746122395044996,0.26771504367050336,0.2322808330446554,0.37012221694783765
0.27028728051915796,0.027510688016484874,0.281139304619021,0.07396444633438562,0.31396247541793243,0.3068658107454353,0.2619523861785541,0.15812018436445086,0.2930322467549892,-0.10949977567296099,0.20215106903053592,0.407876525865039,0.24948289150450106,0.16306919803227574,0.1693669992999911,0.08905585072367969,0.1516906081920413,0.20078280477444305,0.20493844544814138,0.2536222924680095,0.21252874200670036,0.08829629578752701,0.16712946616667257,0.42855363646013556,0.10109506140789382,0.22059390122042993,0.37468451646929873,0.3012057975989869,0.0,0.2618265147936059,0.23639898971287704,0.05284761795994283,0.15385122894996833,0.30402167463104895,0.19745991754689163,0.27019042419673855,0.2891713679296395,0.1510620346695542,0.21849642044791437,0.2626093977000001,0.26949014612562283,0.31034322768945155,0.2288420454438911,0.17247230114731582,0.3403007574868107,0.18257815817678102,0.2945350171692707,0.306872976648487,0.47624393106548857,0.2670444621323262,0.3049060651383605,0.35038385035648223,0.3924854041229063,0.2860833210708609,0.37322106917456443,0.014545803694972048,0.3114359720443256,0.21153867043393665,0.5795860799601615,0.28554112006959015,0.41997379115075684,0.46897906072203865,0.2196187500092791,0.3454830898525655,0.3091416459298689,0.307041498587734,0.23872567480369147,0.3993780470792224,0.4676264284384568,0.25627147789577737,0.18387028197581282,0.3762001764065893,0.3265079385149622,0.20590310264424921,0.25295771795788974,0.3362620681188279
