0.0,-0.0427465873633287,0.022190261781505516,0.0,0.0009574686559308265,-0.024923575781848728,0.008089111209028832,-0.03369582806835347,0.012026759959159361,0.007419921880329805,0.005714598537156501,0.01557532458770905,-0.019395671697898798,-0.007056276929780558,-0.023270222489862213,0.0336470351548383,0.006859126399143878,0.04388170999582136,0.0,-0.035250976335050754,-0.051427337743207846,-0.00112139545962614,-0.042099052279803595,-0.017073059800628065,0.009693470880979937,-0.01004377686683311,-0.03786197872036651,-0.014981245910701546,-0.03148717884600777,0.002308065101893464,0.024997314539694948,0.024742982612470654,0.008547609991582494,0.01525981991755887,0.016216168644195672,0.0083240202493724,-0.0004950994437855627,0.0325099243228551,0.03737440364472777,0.026907677125012186,0.03749052000059394,-0.0014889725832361034,8.657964151098652e-05,0.0,0.0014035084131284736,0.08734647306590837,0.01635155840078073,0.0,0.0,0.0,0.006564246675690888,1.1102230246251565e-16,0.015638349019629627,0.0,0.007679360770819876,0.0,0.016951636810844606,-0.0021304651364824623,0.0,0.019839921177438435,0.029026049217913463,0.011174981370439097,0.03231808064206371,0.0,-0.00501247269954036,0.0006672644894644697,0.03120285408215523,0.0075131606217672675,0.04174296057992327,0.018057748344150026,0.030361408265452916,0.013027133785026013,0.0003093453071180696,0.019449185794148227,0.0,0.04289585827617032
-0.0427465873633287,0.0,0.0052478977230366874,-0.00017260379922240388,0.010811989334013727,-0.00877766286021292,0.006786663281100946,-0.005165107521270584,0.04529162071468579,-0.005918570498877673,0.0004773416422278465,0.007236093967820267,0.006080915276746202,-0.0023598762792828576,-0.03932312016106887,0.023007666571583985,-0.007634834316461281,0.016920311394676868,-0.008176988656424133,-0.012319119493899855,-0.0013462867413270851,-0.002195225501918807,-0.035720762704635534,0.006864937807470606,-0.015930314358503284,-0.002199303568658495,-0.020732219465200763,0.005332005236012516,0.003574416185433027,0.008494962078801849,-0.01456301026224427,0.007814649062771295,-0.05998956429857588,-0.015365761000447287,-0.0035473833932103127,0.006680286409398495,-0.002863529322295999,0.0,-0.004628138712215235,-0.018090228663763863,-0.01616454455106614,-0.0014548230732175371,-0.008228525471639159,0.0,2.220446049250313e-16,-0.005844803549950706,-0.028271200885502612,-0.00046084202356250215,0.0,0.0,0.00712363488144363,0.0069509826129373065,-0.017036387188315294,0.003356968735675314,-0.007127781550170131,0.0,-0.012155595061595914,0.008747793206702159,0.0,0.005402072500346744,-0.022910843191138286,-0.0035724334996897755,-0.03779880424751764,0.0,-0.0056922139355161105,0.004591747880112462,0.0029642932608519024,0.014469265527728814,0.011446804237199348,-0.02954981863707823,-0.01935142365385706,-0.01543495527843114,0.007835529863648716,-0.004852585325313297,-1.1102230246251565e-16,-1.6124493212310576e-06
0.022190261781505516,0.0052478977230366874,0.0,0.01634614137891488,0.03985744365330335,0.0235198247163253,0.032885352873905815,0.005215749890564225,0.06158466267632551,0.022128602222779348,0.03404141951679013,0.022781629404436232,0.019087105077065014,0.009405618928800374,-0.01644317719324817,0.010127310451338356,-0.004036633269095091,0.0068251051399251805,0.03550358042436119,0.001968812051514335,0.01964625056618491,0.01816720964885843,0.029125211481095592,0.0026318923489855317,0.005824590661380913,0.05404018516890502,0.05589778648627208,0.02653047888525123,-0.00011994778636031933,0.011942729321592738,0.029437992628278398,0.029065456227776898,0.0037136738247702805,0.026040633283014925,0.0065376866964163005,0.015205082934188041,0.005685093557961485,-0.0016245977398390288,-0.030918942019477424,-1.7731888114491667e-06,-0.009149529698252667,0.005541498966724345,0.037107657152990914,-0.003455554876744371,0.0,0.0,-0.00011454535557181567,-0.12303239376255559,1.944601890679909e-05,-0.08146523406567335,0.01227061405533525,-0.05652237157003637,0.038614605924927825,-0.09487524977171685,-0.0028790647215553578,0.03559107145769069,-0.009860200069516822,-0.035500779508169766,0.02576383157045975,0.00016728433878626658,0.0,0.0,0.0,0.0006986080499511993,-0.010079913466449597,0.0029364009751980946,0.00047894902197437306,0.026272903857147423,0.0,-0.00018815151989265422,0.0136293676206925,0.004022501081902274,-0.06244872861142553,0.01483803009495388,-0.005110661103693737,-0.045704145818811825
0.0,-0.00017260379922240388,0.01634614137891488,0.0,-0.03606098451124942,-0.0028504160871077877,-0.09797036903405945,-0.012204736414148987,0.011054166276010191,0.011487458451962251,0.03972523891882501,0.009750837413492142,-0.11582224992110368,-0.07517377457450225,0.012621307467338583,-0.00023893285112464024,-0.009981890385069525,8.855112278916e-05,0.017008999005863945,0.016878210977053165,0.0006131434378085499,0.016207638017467663,0.014966954205796856,0.0011877767652662685,-0.0003572229443639108,-0.018392155328179005,0.0024561883032736542,-0.045104619878051866,0.0060551413242159735,-0.018711177936215462,-0.023733526573858854,-0.007980894413056216,-0.010762722897183996,-0.009096344009797752,-0.021283687216004266,-0.03707961834064877,-0.006029871961781619,-0.01297437170766269,-0.00743268805056535,-0.0021101178792416464,-0.02704718416549773,-0.040698665060102224,0.0009284045278310504,-0.0014464351248110185,0.0,0.0,0.0,0.0006576006297764891,0.0,0.0,-0.002712749419661653,2.220446049250313e-16,-0.00020266103594335227,0.0010869834903760034,5.551115123125783e-17,-0.007825114191637506,0.0012115739553816285,0.000515367825654478,0.0,0.0,0.0,0.0,0.0,0.0,0.0,0.0,-0.00017868608000909392,0.0037916395249322776,0.0,0.0,0.0,-0.0037860101568922833,-0.002094517946714891,0.004773525976978388,0.0,0.0
0.0009574686559308265,0.010811989334013727,0.03985744365330335,-0.03606098451124942,0.0,0.025513501850331355,-0.003954462802167769,-0.045281582910175755,0.03249223629607556,-0.01641850129659811,0.010123991379566544,-0.01778709366385739,-0.026146801642909556,-0.020786802727577824,-0.0017062376918044464,0.016248004968636987,0.002023192291306708,0.011735644378021937,0.04522638994554268,0.00837508863785863,-0.014916832656050982,0.01689123559151634,0.009760248750693423,0.02328822185738566,0.03227986409428918,0.007870419578282661,0.03114403724280157,-0.04931659434648411,-0.02003158287559831,0.010188111693279434,0.006196396431867701,0.03217848037660981,-0.019149486670501148,-0.008886102588835099,-0.03404483986523116,-0.028181628004390835,-0.07765698336723323,-0.004650176128914829,0.019024654304317434,0.006524085705690463,0.024807035577524728,0.01392911461677565,0.01029171877223306,-0.01605754169674506,-0.0005728246324233632,1.1102230246251565e-16,-0.002621844849854449,0.008004805068374976,0.0,-0.005302230740969083,0.012674874780744305,0.013150821569444138,-0.0016551397064949458,0.02105626856053866,5.551115123125783e-17,0.012451252155276316,-0.011387280176452075,0.014790189809694043,0.0039316669815934735,0.0015633840106398234,6.193256103903533e-05,0.0,-5.551115123125783e-17,0.016129877799471393,-0.007797536575537389,-0.00033494304651865425,-0.0070561649658627545,-0.006721015156793131,0.0,-5.6850574207734095e-05,-0.006057584058789367,0.012077636714564854,0.006080620003798387,-0.005323606946289472,1.1102230246251565e-16,-0.011114656006081525
-0.024923575781848728,-0.00877766286021292,0.0235198247163253,-0.0028504160871077877,0.025513501850331355,0.0,-0.0064376099334486625,0.00905056061782622,0.019111736769180765,0.021891027794146645,0.026116816634038365,-0.001035728393393498,-0.006887964959676918,-0.02188235951474865,-0.002089193634909281,0.014617477795433709,-0.0013806601384282469,0.008275559784809317,0.03875427162530232,-0.005718988187524865,-0.0037049969518854753,0.007275385100668608,-0.0024713296185431277,-0.0031074032517199868,0.0005972987819053421,0.0058287897572509295,-0.016627268467189815,0.00933556323808915,-0.02900429331939597,0.0031631538158716777,0.00920109766680749,0.010541484964196712,-0.006092574901495396,0.010818321709841316,0.00044113877488277664,-0.0036423803768234064,-0.009213983397955039,-0.014139079853348668,-0.026036784922035427,0.013541857778474387,-0.004047173134466453,0.0032513421954791233,-0.003776986106207969,0.01270080068866486,-0.003996886787185849,-0.011085375959846877,0.0018930829426677676,-0.01822443204768648,0.0013727808394586871,0.005879547953686115,-0.009952817232850797,-0.026621643267531636,0.002032379341475654,-0.006891365736462651,-0.010463132428623512,-0.020021382816856004,-0.005392851187263903,-0.01315694051967764,0.013851458827328245,-0.01304820958228825,0.00458543488634261,0.0,0.007673371270925322,-0.023045714705004106,0.0013326443510612296,-0.016437141715586745,-0.019625561223863774,0.0026835022129792496,-0.00015024389089124401,0.009369969624228647,-0.0035434119963411725,0.002753574995591368,0.0008935219522682725,-0.004847132635574791,-0.005747942951904228,-0.0012755792579887681
0.008089111209028832,0.006786663281100946,0.032885352873905815,-0.09797036903405945,-0.003954462802167769,-0.0064376099334486625,0.0,0.004530469350360056,0.019702956808147487,-0.00988997655596685,0.016046783468670667,0.007583748484184305,-0.02132522805600323,-0.031512104798335605,0.024228696470447952,0.002238310660502063,-0.005717536701364712,0.004934452793234179,0.0471777998477409,-0.016044447719687216,0.019750159302317827,-0.004584230883507845,0.012545754809936305,0.0023342274226546555,0.003983637631083892,-0.0018627633509278319,0.00020023280795444798,-0.03418362421702542,-0.0384153985983246,0.011743475226334343,-0.007043679219362831,-0.009173881578970033,-0.006147076910733351,-0.03255809550705463,-0.04009464257959744,-0.03093317826024594,-0.04640997403797106,-0.00771224336886972,0.0006482546379416032,-0.0054027742048204375,-0.0022212695917207537,-0.01599658650111868,-0.005808343764967749,-0.0025636424366349275,0.004699382997646884,0.0,0.006617082339468228,-0.0032488262669408963,0.0,0.003489430894351664,-0.02403650899056803,0.017340677027829265,0.018867578801867846,0.018175695010764215,0.0031903707031143425,0.01757001752588655,-0.005631884242871532,0.01459261794474248,-0.018506104991562744,-0.0038308747405998433,-0.010536701083644462,0.0,-0.00012291526233282335,0.0036993425971423854,0.0030120993693750764,-0.00899200320810467,0.012388438901884291,0.013691710576496152,-0.000273178154154452,-0.004392977679218979,0.007060217613020614,0.0023862480043277956,0.019263055132088702,0.014086365524130617,-0.00044351014112231635,0.009534704669466432
-0.03369582806835347,-0.005165107521270584,0.005215749890564225,-0.012204736414148987,-0.045281582910175755,0.00905056061782622,0.004530469350360056,0.0,0.07537672978252896,0.0083459784542122,0.062089662012910385,0.02759899195856741,-0.00831882146323798,-0.0336996474133347,0.04257349619897799,0.0013747951907726041,0.0006945045433146557,-0.010371781949283732,0.0637606930069119,0.02164102100872628,0.029931181380724425,0.037481284035852325,-0.001953763634132688,-0.05779496433171505,-0.025843153059387725,-0.017185917110109694,-0.0017684672128758794,0.01454639004054703,-0.003051278147224168,0.038496390223593135,0.014462370940670655,-0.005658626584957638,0.023299252714167107,0.01679681326543847,0.021840120561120058,0.0015985457651966906,0.033933848448708614,-0.0023980206082385713,0.01862988668794796,0.010279607568844717,0.0111059346642704,0.030886226082045165,0.04876487173418437,-0.003092527590224714,0.0,0.012975068175017812,-0.04425595669849414,0.011119960750055169,0.0,-0.025127312238595045,0.0041375083207274566,0.008063685473272408,0.0559992203483457,0.025067080518896057,0.0003557534886616809,0.03199621347556619,0.00022372802191206187,-0.008413859092722797,0.041643055604385026,-0.005025805888671131,-0.006062036451958852,0.0,0.0007810219452886735,0.01440581910671368,0.030877595301595284,0.0062619544129747795,0.0035333516664711184,0.017743680541255358,-5.551115123125783e-17,-0.009617846266928631,0.0027249269650230223,0.01713072648300723,0.014129918364880534,0.019089530786259634,0.01421545846013772,0.015693715187471813
0.012026759959159361,0.04529162071468579,0.06158466267632551,0.011054166276010191,0.03249223629607556,0.019111736769180765,0.019702956808147487,0.07537672978252896,0.0,0.014606525351771316,0.030568576255034396,0.011710406312788246,0.031500464502127956,-0.002218545299491448,0.009167170225435284,0.05073678437498419,0.0003421774819684642,0.015398648710920781,0.047812485533462123,0.014720403147815697,0.007112796563400969,0.03977099783725846,0.04586643219341768,0.0013056495040114635,-0.006017283160969611,0.005214711256670002,0.039827451936877756,0.031318829466902176,0.00410351896851785,0.011393158941591652,0.036092117154669756,0.030494217564705328,0.019271098053727564,0.03163777972056042,0.017461537906438063,0.03119756053703676,0.022393049269335108,0.015824218744022234,-0.007568278036266696,-0.002146013272439795,-0.01038028009877584,-0.03359589971652599,0.049460988021157004,-0.008784307753721632,-0.008895757447851094,-5.551115123125783e-17,0.008863563832058274,0.011172191316156876,-9.3419586630894e-06,0.028468444024188688,0.0382483369481037,0.024624160074399715,0.04318512949835274,0.0409025740905169,-0.004858678996705168,0.0680222180791108,-0.010067180475125004,0.010659831302910983,0.04440854887775325,3.494847872115292e-05,0.011066393489433057,0.0,0.0,0.02165958962622483,0.006452136363397809,-0.009842256819974637,0.01208293501547908,0.02798248978471829,-0.00011497450125136366,-0.004270166285564703,-0.0011010268838732018,0.014644111175882712,0.012638832536470745,0.0019904872622448777,-0.008261389052096724,0.010497314268150815
0.007419921880329805,-0.005918570498877673,0.022128602222779348,0.011487458451962251,-0.01641850129659811,0.021891027794146645,-0.00988997655596685,0.0083459784542122,0.014606525351771316,0.0,-0.026391037704050158,0.025968896230452565,-0.01487439912354832,0.012422642737099199,0.013738258380711743,0.03455661227070189,0.05852498829454256,0.04944123605866818,0.023474025947153476,0.05055394257851903,0.008955240024116073,0.010513863425974934,0.010893265757741022,0.03425327176273901,0.041808937739002905,0.04719437533974785,0.005636588143293875,0.003862500534378255,-0.0017045083715366838,-0.01415763466024944,0.02150365330341314,0.08102578603725807,0.03562786392510542,0.02623120801724338,0.041214741014189815,0.025737868692502996,-0.049764038773878444,0.01677877136694661,1.4390612780856848e-06,-0.020130348404493348,-0.02074519230523514,0.010120195190634618,-0.017566788168738356,-0.007202081336737054,-0.005182067093966014,0.011116137152891836,-0.0005960089964429094,-0.0010206880410561503,-5.3044935441393104e-05,-0.0009221881116848185,0.005158549362247966,0.019894324941842345,0.00512631973250105,0.020760096616962598,-0.0017512676325823762,-0.008977507889036174,0.025884944380476504,-0.00410922018206572,0.0,-0.0012724007467456167,-0.004863215138023347,-0.01925393788662183,-0.039380227178665794,1.7436148250338235e-05,-0.00028329334914090065,0.0007406071543851755,0.005305878438567169,0.005074350508095293,0.01734058662710608,-0.023381872598441156,0.01026253784136233,-0.005867345333112672,-0.01297534118832705,-0.011152409602484037,-5.551115123125783e-17,-0.0037296529072636253
0.005714598537156501,0.0004773416422278465,0.03404141951679013,0.03972523891882501,0.010123991379566544,0.026116816634038365,0.016046783468670667,0.062089662012910385,0.030568576255034396,-0.026391037704050158,0.0,0.0051471272271791935,0.0015408250746841712,-0.005379309867822535,0.0,-0.00030765133676502465,0.013259778797468647,0.0018462848682356814,0.0023704400595909725,0.00013991138203905962,0.023716823317780744,0.006910994465740561,0.04686310463620347,0.019239713420881488,0.008046397190128007,0.015158448764281407,0.03228002667640151,0.012926429963044994,0.0027090464463823682,0.004276831656419455,0.01978705196519759,-0.028761949750225668,-0.018396223363618958,0.016413544737844343,-0.0031061996146841686,-0.012930714888762351,-0.00671559210292727,-0.008898000841468023,-0.034149422760205606,-0.008004986546029158,0.003903709643850062,0.002699144349710747,0.015907958856875903,0.005926013310928568,0.0009188462967535393,0.0,1.1102230246251565e-16,0.021921671744493,-1.8089563319501067e-06,-0.025797067037153676,-0.025694045214366967,-0.03440650919159566,0.023400434185742613,0.026373424261812606,0.010098740452319233,0.06318218414934801,-0.011681704994641606,0.009603234704663621,-0.008934176880148303,5.551115123125783e-17,0.0,0.0,0.0,0.09117584136427542,-0.007449167647578581,0.0,0.0003040800312243408,0.0002457956840319908,5.551115123125783e-17,0.0,0.00030847568978409345,0.02738827464503063,0.004558393226924473,-0.023278078849071626,0.0,-0.0021462842060983034
0.01557532458770905,0.007236093967820267,0.022781629404436232,0.009750837413492142,-0.01778709366385739,-0.001035728393393498,0.007583748484184305,0.02759899195856741,0.011710406312788246,0.025968896230452565,0.0051471272271791935,0.0,-0.01848007319698214,-0.0249979331998747,0.010860375519780696,0.010690468097893535,0.056146423893650654,0.04951711639864648,0.013161022638515929,0.021473757355714884,0.009892623742110251,0.016891514859118217,0.00990298916124066,0.034923534488336405,0.039956614675057345,0.025751719889952063,0.006117639019199095,0.010742352221862705,0.005786035614108731,-0.01530634722007429,0.016479559578870262,-0.02165000549985724,-0.020905938675711555,0.0034503828533061776,-0.0019817923682659,-0.049078639476320074,-0.05069910963308061,-0.004675445443321158,-0.006359690717437472,-0.00012226563145573133,-0.006795250455114588,0.03531402405847156,0.013584547078538456,-0.0003086322198213032,0.015910291676689503,0.008241416165802096,0.0034911558111631047,-0.002281060526307166,-0.00784481516425875,-0.014513357063495602,-0.00015701168771031782,-0.00838405125800118,0.0009185187452852572,9.622086725447065e-06,0.01746392686710313,0.001228511776158514,0.04719599894321408,-0.006343815514660012,0.00011429382990602033,0.00015040242072406063,-0.009437749851719246,0.0185197128770771,-0.03256605035249904,-0.002982759955941272,0.006992503703482422,0.01356626958333329,0.004767741420724669,0.007968510855347444,0.02326655920888121,-0.015897145530580636,0.013746698157489468,-0.011184177905801784,0.002003868688255639,0.0030712784289297357,0.0,0.011716032493703121
-0.019395671697898798,0.006080915276746202,0.019087105077065014,-0.11582224992110368,-0.026146801642909556,-0.006887964959676918,-0.02132522805600323,-0.00831882146323798,0.031500464502127956,-0.01487439912354832,0.0015408250746841712,-0.01848007319698214,0.0,-0.006122157250227578,-0.0004504300769155867,0.001519333737989681,-0.017349219937334348,-0.0028243082520726936,0.026557107839365157,-0.015372424196603507,-0.0249162445699877,-0.0011711054398598209,0.009308764751378373,-0.03167547014237254,0.00673094920143219,-0.0005904886437281265,0.0011347252619485215,-0.006262759096598514,-0.029642409471771547,-0.010995210469721017,-0.013825072747263467,-0.027879187885546164,-0.02882736587377166,-0.04062629987362504,-0.04434055268318576,-0.025420151956226045,-0.09558813237485,-0.02029471904069552,-0.005469330140329631,-0.0047040145315337956,-0.03072096751701664,-0.021349791856335565,-0.007486238621704777,-0.02646921467125518,0.005316333560246522,-0.0010812682789947403,0.010788232938945097,0.01641822323066411,0.0,0.010650209734923033,0.0159479313756013,0.012865014247204154,0.0017750971103449031,0.019431885602647747,0.00360496558850959,0.012176139054548507,0.016651276370949486,0.007232914782550726,-0.017899028389188776,0.015460575845066937,0.006243857076558612,0.0027657971638008205,-1.0851523631949522e-05,0.014636148523996584,3.6182325437283946e-05,0.015054790463005119,0.01566300747314281,0.006671717525086329,-0.004215406742630767,0.020084422351236142,0.007591499132545643,0.012591023100222976,0.009741609189383715,0.00633542268319115,0.014187119380527191,-0.00518347913092343
-0.007056276929780558,-0.0023598762792828576,0.009405618928800374,-0.07517377457450225,-0.020786802727577824,-0.02188235951474865,-0.031512104798335605,-0.0336996474133347,-0.002218545299491448,0.012422642737099199,-0.005379309867822535,-0.0249979331998747,-0.006122157250227578,0.0,0.002403260534159901,0.001063298192994111,0.00024307121009337074,-0.0002935145654351934,0.0039694641724008495,-0.00017279589607366308,0.01583737895050824,0.001513631386061698,-0.020539865281242742,-0.015083588740110565,-0.017939034718598812,-0.0024785424124643685,-0.032211407965486605,-0.0757722026195061,-0.015953762794930604,-0.0009164256602036125,-0.01349904827007209,-0.041037827185148396,0.001573154493434259,-0.032699869959249006,0.014104194902968215,-0.017379718682632467,-0.013014803351113324,-0.010799373193147999,0.017072268597448204,0.0,0.004004098981730597,-0.0003838246719822802,0.022542783883531536,5.207078552116329e-06,0.0,0.0,0.0,-0.05439628496058302,0.0,0.0008595997109349107,0.009422953871385809,-0.016044739426408106,-0.009053115293122693,0.011560898313960843,0.0,-0.004372963834073318,-0.00027710196440622337,-0.010901650819109043,0.021676797856261643,1.1102230246251565e-16,0.0,0.0,0.0,-0.010748877994660178,0.0,-1.1102230246251565e-16,0.0,0.016074995762323296,0.0,0.0,5.551115123125783e-17,0.007933788008990916,-0.014341466574876505,1.1102230246251565e-16,0.0,5.551115123125783e-17
-0.023270222489862213,-0.03932312016106887,-0.01644317719324817,0.012621307467338583,-0.0017062376918044464,-0.002089193634909281,0.024228696470447952,0.04257349619897799,0.009167170225435284,0.013738258380711743,0.0,0.010860375519780696,-0.0004504300769155867,0.002403260534159901,0.0,0.011959947988726072,0.00832242629308716,0.018576816240711336,-1.1102230246251565e-16,0.035516340111407974,-0.007396465870735114,0.0082742636871318,0.01502200160665812,0.0018429309125148063,-0.014838598105409717,-0.02571222217199004,-0.0021545330322266243,0.00575251403141519,0.013942747497650565,0.010619233762837077,0.009234262834145635,0.002500071762585321,-0.005256673970118864,0.020423777679973165,0.024321919200766817,0.030248301975298042,0.03122810680859922,-0.0002412320321364403,-0.020179804488931474,-0.02056358743806669,-0.017472565795569717,-0.008895115181879965,0.0023069624775774455,0.004764898469204748,0.0,-0.04569611170868498,-0.04743581750809539,-0.007616885186090494,0.0,0.0,-0.06707235943570528,0.005549066608583508,-0.014856697161892585,0.004769714072828113,-5.551115123125783e-17,0.0,0.0023080901822619126,0.006654161245667922,2.9653420681952092e-05,-0.0063854104371743325,-0.028525862743842667,-0.0010365275707137633,0.010791078975436297,0.0,-0.0040733866137973584,-0.007554043643970998,-0.006127943421234405,0.008523504404428728,0.00020993146011988317,-0.07182889982629748,-0.004985988246506257,-0.0014964653347454004,0.009493228498363038,0.000736756770760072,0.01682467852344982,0.013851093305048412
0.0336470351548383,0.023007666571583985,0.010127310451338356,-0.00023893285112464024,0.016248004968636987,0.014617477795433709,0.002238310660502063,0.0013747951907726041,0.05073678437498419,0.03455661227070189,-0.00030765133676502465,0.010690468097893535,0.001519333737989681,0.001063298192994111,0.011959947988726072,0.0,0.05032623645777218,0.008692977705924976,0.0003499624500648557,0.008064430182174398,0.014675932204592734,0.0190220844077848,0.005504513925314591,0.04714204435604058,0.03117542741971069,0.026166057460335235,0.008725425412869636,-0.0034560803190445966,-0.006567714372421374,-0.0070251490083668156,0.04578068399361551,0.03698173367492885,0.02063345670213279,0.011402255114142834,-0.012639675234926318,-0.004882939357107374,-0.004708969480263614,0.005941965136362137,0.012789454627506469,-0.004964614881015628,0.00018395660295422722,0.015726172555129203,-3.866579806016679e-05,0.0,0.0,0.046423359578343704,-0.0002975184892683447,0.0,0.0,0.0,0.005681356186221231,-0.004757374295587258,0.0007781040721487886,0.0,-0.005789268548930138,0.0,0.0006472086325602922,0.013233317997003502,0.0,0.01953034646735502,0.008038199893945053,-0.008171986540271847,0.014895327905760869,0.0,0.007004324260448058,0.03637030233589711,0.009612396676507484,0.012741878039411014,0.006191205825549162,0.011053703365801915,0.01098615612802889,0.011212946262135981,0.002129648879523216,0.0004328003487774623,-1.1102230246251565e-16,0.004615292661323822
0.006859126399143878,-0.007634834316461281,-0.004036633269095091,-0.009981890385069525,0.002023192291306708,-0.0013806601384282469,-0.005717536701364712,0.0006945045433146557,0.0003421774819684642,0.05852498829454256,0.013259778797468647,0.056146423893650654,-0.017349219937334348,0.00024307121009337074,0.00832242629308716,0.05032623645777218,0.0,0.046945939175258244,-0.003695159691926242,0.12086975043614817,0.02198061332988599,0.02999932940572786,0.007166633967557623,0.04977183445366973,0.037048886996630614,0.041514432904885046,0.013127559490278884,0.0014150458056536586,0.0030711173884000464,1.7985404221487755e-07,0.044832828386379975,0.03439862370638974,0.051887745399614715,0.0328845320726423,0.011088710273449598,-0.01122298663262894,-0.00010721921391487754,0.002903473446102478,0.001924777710463288,-0.007704870789967289,-0.005060979534732057,0.0016383600550739508,-5.551115123125783e-17,0.0,0.010492017908488915,0.03217347405213661,0.009734349797530628,0.0,0.0,0.0,0.0,0.0,0.0,0.0,0.010197610341713181,0.0,0.004734467216093052,0.00432340700820899,0.0,0.00043193032217131444,-0.04582206202547101,0.004953011132975305,-0.009014189167436792,0.0,1.1102230246251565e-16,0.0,-0.0038884128318404376,0.0,0.058660049043397056,-0.010638727954365212,0.010578135773589958,0.0,-0.004703411757020437,-0.00023302207744207992,0.0,0.00881291329973527
0.04388170999582136,0.016920311394676868,0.0068251051399251805,8.855112278916e-05,0.011735644378021937,0.008275559784809317,0.004934452793234179,-0.010371781949283732,0.015398648710920781,0.04944123605866818,0.0018462848682356814,0.04951711639864648,-0.0028243082520726936,-0.0002935145654351934,0.018576816240711336,0.008692977705924976,0.046945939175258244,0.0,-0.00421583395916042,0.021582170935981526,0.0202018624220755,0.025336286591852664,0.02149857358165186,0.050793804718211266,0.04274634101903002,0.042405799020923285,0.008905775901680124,0.0013795900172501319,0.015071173144519834,0.003971072419064747,0.040255222443504046,0.03882203031032744,0.038242468640425686,0.030660120558876514,0.0010336433236473597,0.00558076920511319,-0.00017869529514180638,0.008634141305829068,0.016790711079866683,0.0009202354492093279,0.007278571306860271,0.014046068108065024,0.0,0.0,0.006477736471468876,0.049844173268540015,-0.011031259216497502,0.0,0.0,0.0,0.005198725373274982,-0.0007536154244779936,0.0010673433240856456,0.0,0.004780309026839125,0.0,0.006280611813119785,0.0007958307853832558,0.0,-0.0003391877093480433,0.00015901544993085492,-0.0018252601365403853,0.011237357145469862,0.0,0.0038082047920795503,0.015777953764216035,-0.040102506091412915,0.018694277782233593,0.045777428777414086,0.00688205230621225,0.024051091934289004,-0.002166405632506363,0.005072948114087816,0.0040861797360310925,0.0,0.01996389207505661
0.0,-0.008176988656424133,0.03550358042436119,0.017008999005863945,0.04522638994554268,0.03875427162530232,0.0471777998477409,0.0637606930069119,0.047812485533462123,0.023474025947153476,0.0023704400595909725,0.013161022638515929,0.026557107839365157,0.0039694641724008495,-1.1102230246251565e-16,0.0003499624500648557,-0.003695159691926242,-0.00421583395916042,0.0,-0.0007441675040045226,0.0016836358792675643,-0.009224870521624962,0.015232363090439571,0.011186476844795512,0.0014373457653611421,0.007856702366793145,0.039266587197811564,0.03119974536629938,-0.0011583283423738933,0.008802835537484732,0.0276970809508153,0.01891268685952968,0.018211411457402737,0.024678702910446604,0.00841961358343285,0.024259857550883557,0.010128113846017972,-3.9952735103931936e-05,-0.058980027673536495,0.00013860490900302613,0.013454285993877102,-0.007713820355375323,0.024506636253327274,0.007398599267021189,5.691513230215994e-05,0.0,0.0,0.032080502139855416,-5.551115123125783e-17,0.014431449001991559,0.0038426470587012984,0.009387015961810574,0.010966147583781782,0.009556676257756691,0.00024055627846913952,0.09612247188587975,0.0007678913674594168,0.00288671857781031,0.02419318347609639,2.220446049250313e-16,0.0,0.0,0.0,0.008178019740022469,-0.00020058685916618524,0.0,-0.0003038621982181522,0.0072512113644335185,0.0,0.0,-5.551115123125783e-17,-0.01723886089069504,0.014182205721556485,-0.012866416262364011,-0.0006915348822364997,0.0017542968749271193
-0.035250976335050754,-0.012319119493899855,0.001968812051514335,0.016878210977053165,0.00837508863785863,-0.005718988187524865,-0.016044447719687216,0.02164102100872628,0.014720403147815697,0.05055394257851903,0.00013991138203905962,0.021473757355714884,-0.015372424196603507,-0.00017279589607366308,0.035516340111407974,0.008064430182174398,0.12086975043614817,0.021582170935981526,-0.0007441675040045226,0.0,0.008144172939982708,0.021193431479691827,0.03432627048955095,0.02473365591734772,0.002155728411794011,0.008056250063280201,-0.0017681553510315307,-0.0024691776911915375,0.001950434135495005,0.041714812670084256,0.022283003626147435,0.022822181459979107,0.006209603693161259,0.03217361899380583,0.031934895403200936,0.035502251710199884,0.0029091644992847443,0.013329746394956044,0.0018744991771595942,-0.0041235992874371075,0.004811524510197951,-0.0003957752548928717,0.004674176976247724,0.0005733517067062488,3.073143237203313e-05,0.018207504985020218,-0.026450140372605402,-0.008236255595186648,0.0,0.0,0.0015819843493733443,-0.0005867565119307971,-0.020076419383878163,0.001369726526662396,-0.0004237965205718397,1.1102230246251565e-16,-0.010633906390446146,0.003762405450034867,-1.1102230246251565e-16,0.00018019518590756123,0.007194721732927789,6.150893993350781e-05,0.011671117070797377,0.0,0.008925628884920878,0.009413089019879362,-0.015564597358750987,0.012922152755164451,0.0,-0.03356209731607562,-0.01480164002436929,0.00863996418124352,-0.008132952413976213,-0.0069064217988416,0.008198152948432957,0.012270044980669914
-0.051427337743207846,-0.0013462867413270851,0.01964625056618491,0.0006131434378085499,-0.014916832656050982,-0.0037049969518854753,0.019750159302317827,0.029931181380724425,0.007112796563400969,0.008955240024116073,0.023716823317780744,0.009892623742110251,-0.0249162445699877,0.01583737895050824,-0.007396465870735114,0.014675932204592734,0.02198061332988599,0.0202018624220755,0.0016836358792675643,0.008144172939982708,0.0,0.006043124510377418,-0.00957539162292459,-0.043775946468055105,-0.014488514121852814,-0.012788400890509477,-0.005608284502675143,-0.01893708119101778,-0.017414617857655468,-0.01173996508221542,0.009144475871434299,-0.006284141900539053,-0.00581224871723568,0.024599506028624207,0.039291442738939863,0.005821678167294675,0.006142840054236043,-0.012003152511100623,0.0008783433865932055,0.02881267117287095,0.0005078991475712669,0.0255163194897694,-0.017792930688863173,0.0,0.0,0.02109411570549541,-0.013032990174563941,0.01839016077538358,0.0,0.0,-0.03936000938997358,0.00842794531063612,-0.009463319531957337,-0.01313348904842948,0.013521624008518585,0.0,0.019744557902610205,0.008281504323291,5.551115123125783e-17,0.012872830048667683,0.019891428173538672,0.0,0.01437961703699564,0.0,0.01716348846389637,0.03301352995283341,0.002871877109600407,0.027844426450585325,-0.0044918471564631135,0.013958449857689736,0.019905743781605145,0.030689407708403615,0.01273120140256001,0.006560318551574129,-0.0038202662580592017,0.022014276247431075
-0.00112139545962614,-0.002195225501918807,0.01816720964885843,0.016207638017467663,0.01689123559151634,0.007275385100668608,-0.004584230883507845,0.037481284035852325,0.03977099783725846,0.010513863425974934,0.006910994465740561,0.016891514859118217,-0.0011711054398598209,0.001513631386061698,0.0082742636871318,0.0190220844077848,0.02999932940572786,0.025336286591852664,-0.009224870521624962,0.021193431479691827,0.006043124510377418,0.0,0.018850155539372082,0.0034363320374261597,-0.0026152380366217254,-0.0036523607625501553,0.006383667384965819,0.0008210158550669422,0.010823151235972217,0.03403232069322726,0.004709051768213346,0.015065728361753405,-0.005500076930148923,0.011690604788503978,0.02712215958197478,0.03959744515545405,0.002952584220590526,0.006633802902963615,-0.011742986186216386,-0.022947057064152843,-0.019476136281004697,-0.010478400791136155,0.019879563521928767,-0.0017989696541860223,-0.0004496303087578313,0.008949544252878416,-0.02585455066715009,0.0039958293274828804,-1.6306052480152822e-05,-5.013237378281854e-06,0.011089130179490925,-0.004387933856538073,0.0010259493022967137,0.005540175352568011,0.0035656551685254168,0.0,0.00439080385520102,0.0032249299099467166,0.0,-0.001409050796321254,-0.014535920979632966,-0.004022369445659979,-0.07198153365946769,0.0,-0.023874809684431064,0.011109021019831578,-0.010234990625610285,-0.004584538396995352,-0.0026057640585292474,-0.02852251051841781,-0.01202127895608629,-0.018115215688851438,0.007948192085672878,-0.012751976742575721,0.0035670557235013,-0.003937451801665159
-0.042099052279803595,-0.035720762704635534,0.029125211481095592,0.014966954205796856,0.009760248750693423,-0.0024713296185431277,0.012545754809936305,-0.001953763634132688,0.04586643219341768,0.010893265757741022,0.04686310463620347,0.00990298916124066,0.009308764751378373,-0.020539865281242742,0.01502200160665812,0.005504513925314591,0.007166633967557623,0.02149857358165186,0.015232363090439571,0.03432627048955095,-0.00957539162292459,0.018850155539372082,0.0,-0.045503575787329054,-0.016484103229408575,-0.009517449073486839,-0.00384887550168167,0.014286748360442136,0.0005203438898326862,0.02433120905205438,0.012239650255644663,0.0014173363195019717,-0.03455587815361866,0.01269867520151885,-0.0014768913559971564,-0.013243284443197945,0.001527566561147331,-0.00407497839443649,-0.007019738484218718,-0.04686835992512861,0.012346432986937994,0.010427445306729122,0.020495025012662427,0.006874964864029998,-0.0019604431981746773,0.013433496629059627,-0.030136669705334074,0.03865631319457957,-0.006998505369840979,0.004800013903024203,0.005197803782311827,-0.00736822847385149,0.011967400224332791,0.015490231898043771,0.0008088738145174967,0.05621699309608841,-0.007917398764557937,-0.005903412045412837,-0.011942571308765026,-0.00897010569357426,0.021966828080206724,-0.00014962729888295945,0.021495125983802432,0.04140068424886734,-0.0003791271433317145,-0.011179385899872218,-0.04147179007485402,0.023262104157218466,-0.000576633819009853,0.0028442030610247304,-0.015731404373632518,0.010762211266232224,0.0084436123939996,0.005997017791982973,0.007509794252491708,0.01419830666963795
-0.017073059800628065,0.006864937807470606,0.0026318923489855317,0.0011877767652662685,0.02328822185738566,-0.0031074032517199868,0.0023342274226546555,-0.05779496433171505,0.0013056495040114635,0.03425327176273901,0.019239713420881488,0.034923534488336405,-0.03167547014237254,-0.015083588740110565,0.0018429309125148063,0.04714204435604058,0.04977183445366973,0.050793804718211266,0.011186476844795512,0.02473365591734772,-0.043775946468055105,0.0034363320374261597,-0.045503575787329054,0.0,0.046667460398853944,0.02171699813440503,-0.0013455246055834036,0.0015795018398411242,0.00266304560430608,-0.003103918483337298,0.019345606720622632,0.014479815595605239,0.020067969155740606,0.010811892814071022,0.01793207538560726,-0.10736274906247656,-0.055249952764260646,0.06294263423477264,0.04241508152599954,-0.03360972718859745,-0.049334909853542774,-0.026248845350050454,0.008968280040638377,-0.0014189161025527919,-0.008982021246444316,0.08578734220056011,0.024651021456134403,0.0,-5.551115123125783e-17,0.0005910004185339379,0.0010611956398088318,0.0005064295030657306,-1.6653345369377348e-16,-0.0010528166136311023,-0.009226515147702286,-0.0007745100927795123,0.01893558046309468,0.007784398230480882,0.0,0.0021528475497237243,0.01834002810502333,0.012568411385389111,0.04454693454408959,-7.202083634427758e-05,0.0012971296951172495,0.036130020916407546,-0.0010535847354691263,0.001837275377591041,0.0003339725966495233,-0.008507568548676847,0.02199642361313897,0.00331932591857631,-0.008224078228171172,0.017025868938763455,0.0,0.04371062398941822
0.009693470880979937,-0.015930314358503284,0.005824590661380913,-0.0003572229443639108,0.03227986409428918,0.0005972987819053421,0.003983637631083892,-0.025843153059387725,-0.006017283160969611,0.041808937739002905,0.008046397190128007,0.039956614675057345,0.00673094920143219,-0.017939034718598812,-0.014838598105409717,0.03117542741971069,0.037048886996630614,0.04274634101903002,0.0014373457653611421,0.002155728411794011,-0.014488514121852814,-0.0026152380366217254,-0.016484103229408575,0.046667460398853944,0.0,0.02815116380224375,-0.008669804678748227,0.00451255506242304,0.0054065837474990275,0.014983093785403745,0.03866418826047241,0.04362098505878553,0.04079263568336017,0.03487519287837332,0.0065703718857715865,-0.0009591460642901506,0.0024113538906687104,0.01185792182536588,0.009930697869075578,0.004020530914425835,0.0007960619589012508,0.00983069853975821,0.0021248310791849856,-5.551115123125783e-17,-0.02274463865733073,0.028459649946234733,-0.01711284416171266,5.551115123125783e-17,0.0,2.220446049250313e-16,-0.002689036227223607,0.003920353257456377,0.010238110596130001,-0.0013394158593811878,0.01389569925388695,0.0009014064338379035,0.01973487005754887,0.00436424481399833,0.0,0.0011873343148094961,-0.004366359286546384,0.014201458097307273,0.010249450491298329,0.0,0.005336676834995058,0.020871726207683905,-0.0185698639398314,-0.00019605700004643456,0.028055622922957768,0.006538595960970062,0.02297640397117784,0.011056863612371126,-0.005402741521750021,0.01049692367926458,0.0,0.02147076136960946
-0.01004377686683311,-0.002199303568658495,0.05404018516890502,-0.018392155328179005,0.007870419578282661,0.0058287897572509295,-0.0018627633509278319,-0.017185917110109694,0.005214711256670002,0.04719437533974785,0.015158448764281407,0.025751719889952063,-0.0005904886437281265,-0.0024785424124643685,-0.02571222217199004,0.026166057460335235,0.041514432904885046,0.042405799020923285,0.007856702366793145,0.008056250063280201,-0.012788400890509477,-0.0036523607625501553,-0.009517449073486839,0.02171699813440503,0.02815116380224375,0.0,0.00015265418490301164,-0.003565464103918059,0.0009087124459765672,-0.0056616687292882495,0.025724874161409117,0.020576719338775362,0.020949866442792897,0.013381329964992916,0.004335449735381913,0.03549307695552878,0.011074041635221854,0.03766795092141989,0.006973466980370435,0.012435860960023581,0.005920543265020117,0.009498847519536724,-0.0018113044053909566,0.00014062440338746818,-0.00685166041602997,0.036971851204131656,-0.010128842363889001,-0.002285006646086274,0.0,1.1720940768122912e-05,0.005244449218242131,0.010197997687882043,0.018547160096601734,0.0046830576676359925,0.028735497003072263,0.0,0.029494629986899945,0.0018948289691325115,0.0,-0.030193776593464283,0.002716145677559678,0.0013104451801866368,0.022415095992345535,0.0,-0.035168256129120334,0.009573506897313844,-0.0036495912936772568,-0.032943731065498916,0.05572836433960204,0.014458342610855823,0.019007086777913185,-0.025611487951331446,0.013702469148850482,-0.00019250787445318496,0.0011666771209448146,0.026555080575841883
