0.0,0.03879915416030555,0.030609508477827785,0.0,0.015403979595564499,0.049693338576290214,0.009942681049957824,0.01502944048062227,0.003924563411771498,0.056025665026450455,0.0015723683240870812,0.0753007896064446,0.038908153315795,0.022539199606378013,0.011321592150172921,0.028220197730197905,0.02543560997237876,0.029237394939184036,0.0,0.034905571979610917,0.00303948505280216,0.028166411842165617,0.04058488082840056,0.05933261908193865,0.031978151712819924,0.028339161482619613,0.04907534292683452,0.038683208389778456,0.0428932592530028,0.022171513605887427,0.043709496717310836,0.015592825407129363,0.030298463428071132,0.04160397167771507,0.012307999360427646,0.0224270751317438,0.0007073521856765241,0.029768046196556264,0.03457194804969643,0.055642412991357415,0.044216609787708694,0.04905819821056007,3.935715127650896e-05,0.0,0.02653001600855681,0.08477340919634596,0.028161823603065295,0.0,0.0,0.0,0.015957437288591225,1.1102230246251565e-16,0.032725466948044235,0.0,0.0403964063028569,0.0,-0.016333610632967566,0.01869585665525847,0.0,0.013280604976961097,0.032722435389896165,0.02009615157955852,0.037694441204165374,0.0,0.014467886521701556,0.10113042436179992,0.025238193514654894,0.03559846065243916,0.1527893272183285,0.029149656427250314,0.0439763602380428,0.0015853855501551939,-0.00030498181892063547,0.02362175574446712,0.0,0.020625832990549542
0.03879915416030555,0.0,0.02462824985695916,-7.846179215281746e-05,0.02306993329527307,0.026485433298602756,0.03829283748896262,0.012395134473610125,0.012442205000366469,0.04952392131965133,0.008759690088093075,-0.000995360463473094,0.044786482389083504,0.008556474830857586,0.0013131695035699664,0.043905046828155214,0.039308310551024905,0.03828992216346544,0.015289790703986283,0.009817243526829056,-0.004063045713427138,0.006923244217277413,0.03836945799532082,0.04263938215431945,0.04759266503394821,0.006258580753467191,0.03493868303544356,0.04989492936863815,0.034439252290246025,-6.921083210453816e-05,0.04129379875683137,0.011036402610725748,-0.0037401708443038917,0.027658000054525567,0.008137729619883849,-0.010510736019144207,-0.0014077711603641685,0.0,-0.007271702560051441,0.008132754436478706,0.008489273236619077,0.0015705007813795469,0.006007689060531507,0.0,2.220446049250313e-16,0.0555709012205331,0.013436828115446608,7.038407798642954e-05,0.0,0.0,0.043418251556216036,0.00973147552043635,0.002021484571389509,0.015499206674881194,-0.04033804518620587,0.0,-0.014035460403396816,0.012819326335067938,0.0,0.013221358361280855,0.014914007571563581,0.010457418583386835,-0.009013873328000965,0.0,0.003744768500508977,0.0247438659470543,-0.001220568814769174,0.018817967268243974,0.012335823332493723,-0.03494315949207921,0.021883864758259264,0.01514857297436828,0.010916331818581482,0.033696254153933736,-1.1102230246251565e-16,0.006241049796438525
0.030609508477827785,0.02462824985695916,0.0,0.040223385136123,0.037370670365812375,0.037543098776170125,0.05041233725908667,0.07397886709235979,0.01137738670598809,0.05393281973588593,0.07212468744722439,0.029248489930355115,0.05419705448028872,0.0631870838018575,0.030533437702536415,0.014976776504397382,0.009881814473830686,0.002560570532249895,0.01373869493428681,0.015876464992060024,0.11310885835748052,0.03555701827997304,0.0407065764857073,0.029814499906480496,0.015260015422005557,0.024173753452799707,0.031117049762393767,0.056983193197400195,0.05195083671499556,0.04286293895661586,0.05572595229742244,0.05787017813205342,0.023376750257624535,0.051764257061860275,0.06289224244548047,0.05405177537030159,0.0477068706920446,0.011268494942143714,0.021800712993728433,-8.060516199503986e-07,0.032702231550229666,-0.02214208283234026,0.030540838349005617,0.027714306335900385,0.0,0.0,-0.00014268006468859395,0.10537377283631222,8.839721376552312e-06,-0.007768361659172496,0.05309333747078315,0.02269805248284862,0.04745573016684945,0.015811147074187626,-0.0001010525660721795,0.12409869892550263,0.03485782715713559,0.027522700672170886,0.02616424364048975,-0.00022063913068920415,0.0,0.0,0.0,0.15977616662915095,0.010638813295960503,-0.0046364221420334695,-0.0003189664399906311,0.04620059358000672,0.0,7.56603028492786e-05,0.028329611246413422,0.041860650184982195,0.04622857770077793,0.029166575807186956,0.007280513269173894,0.07865110644500872
0.0,-7.846179215281746e-05,0.040223385136123,0.0,0.0160355611082329,0.04744895904234764,0.018359746098327856,0.023518761873095873,0.05220598954982586,-0.07181245608126424,0.042467104385617904,-0.025161504068885787,-0.010162710697692035,-0.010819101572024759,-0.0008961589577346496,0.0008713018175560139,0.01661086230644898,4.0253342177165585e-05,0.05494058996643508,0.013898888911021312,0.0010996972454079823,0.012308266206460972,0.02700874636976336,0.019603357448345626,0.0003218335105052983,0.030951745626297156,0.04565467440221621,0.029949660716759086,0.024490573019363637,-0.019474966534034077,0.025236143149035384,0.016141982727573556,0.004591878489288104,-0.0785171213775569,-0.09289616391657007,7.273280421521422e-05,-0.011192633481849706,-0.02741532337820407,0.010980283293002935,-0.0008423786985483073,0.029006359521708103,0.0013077566725859247,-0.03306072740680144,-0.009518161557587557,0.0,0.0,0.0,-0.0010709345791314329,0.0,0.0,0.013331671424246017,2.220446049250313e-16,-9.2125133695109e-05,0.0002199953199042981,5.551115123125783e-17,0.0042182719146298675,0.014264982983839047,-0.00045003718266639625,0.0,0.0,0.0,0.0,0.0,0.0,0.0,0.0,-8.122665974574783e-05,0.012437004434427135,0.0,0.0,0.0,0.018445476208636513,0.0021086993421761124,-0.001039636987912096,0.0,0.0
0.015403979595564499,0.02306993329527307,0.037370670365812375,0.0160355611082329,0.0,0.04363015698004158,0.03812587799261302,-0.002822329026653414,0.022054034883530527,-0.017729524965201804,0.03260435287028368,-0.046190340722708834,0.031535552117959165,0.005698118836328425,0.016021107126903245,0.056079441156410725,0.029540961590932946,0.025526442986009035,0.03297582003299676,0.03703076712697856,0.0768235704988533,0.06475473678119148,0.035760418739052446,0.006650129747728661,0.03157953804870017,0.05065579980686319,0.02461396011969197,0.010695934118283512,0.060812411698074664,0.030303581762108123,0.024399289578848293,0.02810465348252028,0.002575840047264244,0.02066596634825102,0.0631118024957959,0.02035851157028848,0.06442673634034701,-0.014008589752447065,-0.029403976571309,-0.006863129412060298,-0.01943523587273449,0.000746184447858067,-0.046612757920928616,-0.04932187239880775,-0.0002603931515509639,1.1102230246251565e-16,0.011067529829084988,-0.0047802168215673735,0.0,-0.07159803294394618,-0.08070811076699869,0.02034537369024758,-0.062186928208773584,-0.025739376401403613,5.551115123125783e-17,-0.045809543950192044,0.022936752452361597,0.028459612363894493,-0.002316650176210633,0.00884005377505137,-2.337963958926048e-05,0.0,-5.551115123125783e-17,-0.022265063269294838,0.018576698374941802,0.00020638340911188768,0.011294988516457105,3.998484735812102e-05,0.0,-2.5842988145952095e-05,0.014125300250393769,-0.01810246736005222,0.031088595413266917,-0.0028929388281928037,1.1102230246251565e-16,0.017836855564758447
0.049693338576290214,0.026485433298602756,0.037543098776170125,0.04744895904234764,0.04363015698004158,0.0,0.05245792019157991,0.0513968801411252,0.03783989026804091,0.031406269524219654,0.030073651990716876,0.03862174484231379,0.06660556971650866,0.03376576073365739,0.03898848048849657,0.042582539109888295,0.010994888751737042,0.04890294925260191,0.0365796647847057,0.028391500710989892,0.025333291620468268,0.04178496929212344,0.040291975455962414,0.011090991178503207,0.04797692760806033,0.023382356519547398,0.05487030030056406,0.0636814149640964,0.04304782978212501,0.03896605795462971,0.0439366539411874,0.03213690023400034,0.015265709938194871,0.03971106650517564,0.03881216095371687,0.04968851976153166,0.04514670973080642,0.04007450769199794,0.015391838694769844,0.008239044669982376,0.03091692615749836,-0.02417274199316255,0.06676289156162085,-0.0037327159477658634,0.019403463869665682,0.013420970188538661,0.01928828838117813,0.024326954830130698,0.011019913395277858,0.04921225635112547,0.03678728756606886,0.026421235692952405,0.057062970612063,0.03391086424552703,0.026368153373240166,-0.00056473038670668,0.023985282203754177,0.0169002780354357,0.028734570547120197,0.02999462035231165,0.013683649613457527,0.0,0.003974945516437234,0.03403600039657162,0.024059428404942962,0.020376149807328436,0.03201365028285574,0.03929904730817546,-6.82974823986715e-05,0.013173695721083123,-0.010350851901895497,0.031558521052162614,0.023175631305495714,0.017264436320479026,0.012706711318008934,0.02072942381767573
0.009942681049957824,0.03829283748896262,0.05041233725908667,0.018359746098327856,0.03812587799261302,0.05245792019157991,0.0,0.036789471073656266,0.03652167843331089,-0.040049158589561595,0.03306332327720535,0.00018899058291693693,0.061294486081645616,0.015286272811143864,0.030491053035822058,0.05824795936136018,0.021679528199680886,0.06528148242962067,0.04233905725188836,0.03745006610227808,0.027579903012341644,0.0593370435310408,0.05483948736073796,-0.017985073910888716,0.08235451616698497,0.031072326378144166,0.0635935479275222,0.04076456560510405,0.059670090421206856,0.025351438756007594,0.06212623348050894,0.046192303922313216,0.0046308782932685255,0.028601673301695774,0.08116833877622298,0.007683062717654787,-0.04428751101124029,0.006577848272525666,0.0208194093141037,0.0037482376663507955,-0.01827794438368091,-0.014825688297239403,-0.01854852111065569,0.021032644791794564,0.007283609471326891,0.0,0.006906946052390728,0.0250216027789113,0.0,0.012213838556064727,0.03627370234237559,0.03542628394079983,0.00955319368002916,0.017650378445565496,0.009529432591263154,0.006122672549871366,-0.00288276009610533,0.04402338220931534,-0.00015085021553329359,0.016192394157036105,0.012764240955983774,0.0,-5.587450455324383e-05,0.004281962510495174,0.018809051887672734,0.015260076270787903,0.011131195211629696,0.04526310959975832,-0.0001241806243461041,0.023467576666075518,0.01170119338242398,0.009608016122426899,0.015167105545467297,0.013304191685847788,0.02073616660277211,0.02310518642411241
0.01502944048062227,0.012395134473610125,0.07397886709235979,0.023518761873095873,-0.002822329026653414,0.0513968801411252,0.036789471073656266,0.0,0.047137943760944157,0.013852232926392871,0.011204009565159267,-0.019159625368372457,0.03478798585796056,0.030905461008365387,0.03717407981366477,0.0265270505596793,0.015678120163114595,0.029214916646090328,0.062345752863169734,0.03420423951076179,0.03276570590748534,0.026961340632288833,0.03613123359336107,0.02810695791123896,-0.0015413977485084773,0.018126374107541976,0.05749413068372944,0.034732448211951705,0.014821862427743249,0.0202139265511056,0.034429104379615105,0.019643564710753014,-0.005637433751310761,0.012676907617328925,0.009804386720887404,-0.019750298273800593,-0.13135720222702826,0.02889781292903254,0.022741680323755842,0.00776820359934105,0.021694688902354098,-0.0003988339869588353,0.0670014666183461,0.023407953540083015,0.0,0.04517754630435,0.018811265373411323,0.04104055973875209,0.0,0.06242653483512833,0.03675081323627505,0.018026558696027095,0.020117928047810096,0.034877206382888715,0.00016171750801979856,0.035635438998557256,0.00023584897186851306,0.02419729517980368,-0.034127582014698676,0.022632392648711475,0.0142151188222438,0.0,-1.3665829267095475e-06,0.050336576148184986,0.028977880453481153,-0.053404814457925665,0.05342172008802182,0.0433240012179098,-5.551115123125783e-17,0.014986956797871154,0.035441652572277216,0.048283025441151206,0.019633982151914364,0.025651349148911706,0.02924792131004511,0.024866698640293672
0.003924563411771498,0.012442205000366469,0.01137738670598809,0.05220598954982586,0.022054034883530527,0.03783989026804091,0.03652167843331089,0.047137943760944157,0.0,0.024058329390411026,0.014243802065497524,0.012736116681928145,0.0444613520661874,0.042666393952798976,0.03256456188274853,0.033409381515695835,0.024707496025829223,0.029206913204764096,0.001782885293121872,-0.008629217205359863,0.013168612186265416,0.024464227434068786,0.031349482839709564,0.011781787586375825,0.03234623488493499,0.013119877751836984,0.027765434800721578,0.04651428517586026,0.009723728051080793,0.03145621992188874,0.05329329125371518,0.046294411189819196,0.02355803961194841,0.039969631464043365,0.044050433935602595,0.047569029621286396,0.04335125455512118,0.020371741506498453,0.013050928008906393,-0.01019570041391804,-0.0074447557101332,0.0006863673108609136,0.007613086675376246,0.03372398274337096,0.01687051979487958,-5.551115123125783e-17,0.011043660797673216,0.041480417565648464,-4.246643597771715e-06,0.02393716972007598,0.032864253529829246,0.031867887104526704,0.037435404510865244,0.04129684557019564,0.008852180959087907,0.040102549835773105,0.031848024204711056,0.02744953064883804,-0.01224253066412373,0.024850603904414126,0.01420596873520441,0.0,0.0,0.0370272988480822,0.03464396158705518,-0.004755371043610901,0.01711601822491038,0.03262973420841164,-5.2264813756697226e-05,0.014979018788151666,0.01668849059504124,0.036768512713223234,0.023903905487721033,0.015913983733607362,0.015505049563192208,0.025936577192450683
0.056025665026450455,0.04952392131965133,0.05393281973588593,-0.07181245608126424,-0.017729524965201804,0.031406269524219654,-0.040049158589561595,0.013852232926392871,0.024058329390411026,0.0,-0.0019638720653245567,0.02249523856906749,0.00383156817214636,-0.04017375689123237,-0.007296423135197239,0.02192733151637133,0.01207291761903273,0.009594420606064802,0.046376397116193124,-0.012590330516043025,0.04076951650961691,0.017497734967820866,0.02171853298957721,0.03351505228654211,0.02507228320846422,0.04312688836946488,0.031278392188230864,-0.013494030035289761,0.02541638773929511,0.025602271638630658,0.044098901786846,0.01948652487631114,0.014981007436337734,0.002326356263584295,0.02162711350201324,-0.05707779846246214,-0.014970770536953004,0.009524140214670906,0.06995196214003518,0.004900060728519173,0.08079215472306328,0.03668475273314631,0.06430802402685404,0.011722487321390251,0.01642887793474196,0.032358564028673265,-0.023043163028398872,-0.0004639817506391086,-2.411303064070447e-05,0.000512160271328832,0.025654868503111383,0.04150194419324127,0.0038076295054206843,0.015128597598148275,-0.006926529211948029,0.019209902068806683,0.01727961620566021,0.027486316610220662,0.0,0.00011893778036492497,-0.020332183038363427,0.012124805905650793,0.0686091961976889,7.926079530817809e-06,-0.00012877876372768826,0.014557685498234774,0.002700621494177935,0.020660863905778648,0.07191649974206626,0.0355017997001959,0.045059433818189665,0.025996188551668853,0.023431569935829955,0.034623468740579755,-5.551115123125783e-17,0.05945683518100453
0.0015723683240870812,0.008759690088093075,0.07212468744722439,0.042467104385617904,0.03260435287028368,0.030073651990716876,0.03306332327720535,0.011204009565159267,0.014243802065497524,-0.0019638720653245567,0.0,0.015102797236664467,0.018523721814238836,0.0247720005482005,0.0,6.124652977029799e-05,0.015687892444617102,0.02189603351819497,0.03758311213032883,-4.6081666959130185e-05,0.028988021908003037,0.004198694542418002,0.020436591136929194,0.04478229621990204,0.019641858655231548,0.028349815223846497,0.052803936665555884,0.007670582864729547,0.010473435601156988,0.019882371281427336,0.02278125066155612,0.014444849508654212,0.024549340145274434,0.012149452908427116,0.02830848539129921,-0.005747411176518724,0.01835458136253021,0.01606050381283536,0.011373353474824599,0.007642231400574795,-0.00010147612299254982,-0.002548049849242562,-0.028188229284051125,0.022069923323929985,0.012781257302297289,0.0,1.1102230246251565e-16,0.07500882759947258,-8.223107276772446e-07,-0.043130631487063864,0.027061564230380086,0.0185856292011064,-0.01594620606179581,0.043239794529301545,0.02609331860920061,0.11510440809469691,0.0024345254010610384,0.01999924773122541,-0.010914896140779784,5.551115123125783e-17,0.0,0.0,0.0,0.199185104540613,0.007822827015932954,0.0,-7.853453394490728e-05,0.02250081764217493,5.551115123125783e-17,0.0,-0.00013820725372049036,0.027030750293577488,0.027863143021147452,0.022637203637544623,0.0,0.03660535363234385
0.0753007896064446,-0.000995360463473094,0.029248489930355115,-0.025161504068885787,-0.046190340722708834,0.03862174484231379,0.00018899058291693693,-0.019159625368372457,0.012736116681928145,0.02249523856906749,0.015102797236664467,0.0,-0.0047156677123313395,0.05027812009595556,-0.006211758487110808,0.009534479136106444,0.03940996340694597,0.012054523708873333,0.018491033769056142,-0.010326885209807624,0.03650375553071822,-0.0024849569174146824,0.012753790967135303,0.021184660188901694,0.024901456732364935,0.02606465007449582,0.05263389032108551,-0.014577533224917616,-0.006923075159708081,0.0709348938598503,0.026874353171760013,-0.033847892954683434,-0.02527289166016594,-0.022572284827937078,-0.032912689255730876,0.003975629577614992,8.111201180843741e-05,-0.01292397112865204,-0.041909504682742016,0.019698997988329414,0.07818220678049415,-0.03369129362731643,0.0072819076319017295,0.023373972153825806,0.03407575651314326,0.042592742464284794,-0.002263556079265927,0.007966057095556811,0.008095645606692264,-0.000984208718539048,0.000905547774750326,0.011360250979537245,0.00036592378415173377,0.010725467304832759,0.004530025012546346,0.014331970393250515,0.031390712583364455,0.025906084942357466,5.195539592312004e-05,6.836954648331561e-05,-0.007345251967940558,0.015526108062364485,0.008834454111295853,0.018487627179186505,0.006451471161778188,0.017360126217585925,0.0014309116055821747,-0.016210098037810317,0.072131417256657,0.03913182269702464,0.05305456247094176,-0.004122512487702679,0.020886069727194312,0.005959606209013646,0.0,0.058313155654471815
0.038908153315795,0.044786482389083504,0.05419705448028872,-0.010162710697692035,0.031535552117959165,0.06660556971650866,0.061294486081645616,0.03478798585796056,0.0444613520661874,0.00383156817214636,0.018523721814238836,-0.0047156677123313395,0.0,0.0013997030631127672,0.04903720371887754,0.05407478409041577,0.03874797487737969,0.05953270160582358,0.04455889204604879,0.04757343428800359,0.03687239447636209,0.059769367931513884,0.053663607154698645,-0.002539305313646878,0.045311990273928404,0.03157361743193904,0.06041652088793892,0.0533053261195402,0.055745391074547346,0.05229203590439113,0.0545469047183218,0.03549810397159853,0.0016605058005206286,0.03193538294411874,0.05762782832232294,0.030765656780743555,0.015119644906826601,0.009535251606786643,-0.08711990970972205,-0.006477627926344709,-0.03830888235883678,-0.033622115227274596,0.005231799078715904,-0.03210635038139864,0.007563744863471056,0.010653100084508538,0.007211726293301413,0.032934845243635436,0.0,0.027012451622338673,0.021552241802930416,0.02956164168457942,0.035640482153545094,0.013033467645963248,-0.0060531242110493655,0.02201508251873563,0.0047267086527646995,0.03180852009987878,-0.006923049942313908,0.02406629149193401,0.0056812164565399614,0.015832036296560104,0.005010080097780478,0.009337999053681711,0.01786490669121915,0.030431803505835686,0.018640898137605166,0.0379017906450243,0.011030217806372589,0.025240876807608448,0.018856254800545647,0.03121750853923233,0.021402893213026408,0.03255745320086301,0.021107809303152036,0.021756738363145955
0.022539199606378013,0.008556474830857586,0.0631870838018575,-0.010819101572024759,0.005698118836328425,0.03376576073365739,0.015286272811143864,0.030905461008365387,0.042666393952798976,-0.04017375689123237,0.0247720005482005,0.05027812009595556,0.0013997030631127672,0.0,0.02006246367244574,-0.0006754200252807596,0.00011049468696866516,7.54091141932367e-05,0.0470618074048218,-0.010481970677484964,0.007404107095438761,0.010701496752043682,0.02146767400636468,0.041683609891379425,-0.005276431073901966,0.023535753625800293,0.04524448413949128,0.01199969928755562,-0.0009372127069022795,0.01146097230626486,0.004500112439312032,-0.014692086871661514,-0.00584030212860237,-0.03507122042563521,-0.0004953423866965734,0.016478862502115,-0.0058330229432145275,0.0017114008400061498,-0.015592619397095275,0.0,0.0034418036012425213,0.00047358946733366825,-0.0054052001397112415,2.367020406957021e-06,0.0,0.0,0.0,0.012912417321628289,0.0,-0.005635829150862082,0.0009144998436225182,0.01853608842091281,-0.015572584123539013,0.047674483039809645,0.0,0.0032006384616677375,-0.00014249907603414158,-0.005084202043544428,0.00020814404199948067,1.1102230246251565e-16,0.0,0.0,0.0,0.018407910516260173,0.0,-1.1102230246251565e-16,0.0,-0.005660924895886987,0.0,0.0,5.551115123125783e-17,0.02312323213160039,0.008481007021330367,1.1102230246251565e-16,0.0,5.551115123125783e-17
0.011321592150172921,0.0013131695035699664,0.030533437702536415,-0.0008961589577346496,0.016021107126903245,0.03898848048849657,0.030491053035822058,0.03717407981366477,0.03256456188274853,-0.007296423135197239,0.0,-0.006211758487110808,0.04903720371887754,0.02006246367244574,0.0,0.002336504240705639,0.017216085181429974,0.0023067156815184675,-1.1102230246251565e-16,0.03514146182223937,-0.012856897996562477,0.015201320280047226,0.03447899895747841,0.01420275738548421,0.00017314140554675062,-0.012938517236050051,0.039027179916960086,0.05085239833273986,0.04713494851788502,0.005633875537421951,0.015856414633218407,-0.008207293831885953,-0.022559247025935814,-0.010169177291714293,-0.005420070285016176,0.014789125914273893,0.0291654200326541,0.00012811529169159952,-0.0046572291708135705,-0.011415266188402162,-0.0059488461990432895,-0.009861147889815736,0.043112396125451424,-0.003449410061044489,0.0,-0.009495517464047087,-0.037112739261489947,0.029309498925341737,0.0,0.0,0.01245061443308898,0.017151869440124035,0.03791577068250007,0.004367066624187399,-5.551115123125783e-17,0.0,0.007599782582012271,0.0066585992583012565,1.3479775883507017e-05,0.0480914436154013,-0.00487174498291415,-0.0004711820433869751,0.01295247727227794,0.0,0.03487543236365015,-0.0009279839816473401,-0.003017368699637868,0.04716619952225348,5.482434587267271e-05,-0.04141943686593469,-0.010779067450832236,0.027224894238587705,0.02013691231923631,0.022270317613640733,0.011481480355691576,0.0030595312946752884
0.028220197730197905,0.043905046828155214,0.014976776504397382,0.0008713018175560139,0.056079441156410725,0.042582539109888295,0.05824795936136018,0.0265270505596793,0.033409381515695835,0.02192733151637133,6.124652977029799e-05,0.009534479136106444,0.05407478409041577,-0.0006754200252807596,0.002336504240705639,0.0,0.025754408393405426,0.028175873746202618,-0.00017755274535291576,0.020792254130010457,-0.0019474409122469671,0.012425751103714744,0.031140227599280812,0.024626854714896895,0.003352396477190045,0.024441358483957343,0.0399275005057822,0.02531641757110875,0.03949229917974534,0.030557452076735325,0.01276647604312664,-0.017065177778175677,-0.0014723536248425484,-0.004412712568244215,-0.01545685650776768,0.014648925905996701,0.010835292697168264,0.012534467266918037,-0.0023502094336944612,3.075893762183313e-05,0.016852002437580005,0.0030666065218939442,-1.7576599266544424e-05,0.0,0.0,0.04259511259886706,0.008897713623234771,0.0,0.0,0.0,0.009107564091880072,0.010416667726586226,0.015891257513669987,0.0,-0.03287680623106082,0.0,-0.029111630284303303,0.005670476351049503,0.0,0.0045836115481257544,0.015620018976665317,-0.032494033183802284,-0.010784240261048683,0.0,-0.019687453877601957,0.004021294716948731,-0.004598981475165409,0.02669618540473634,-0.03841669173467532,-0.01663190447028401,0.006715504381527404,0.015200835722361028,0.014122993402793493,0.015206318745594638,-1.1102230246251565e-16,0.021543127701790343
0.02543560997237876,0.039308310551024905,0.009881814473830686,0.01661086230644898,0.029540961590932946,0.010994888751737042,0.021679528199680886,0.015678120163114595,0.024707496025829223,0.01207291761903273,0.015687892444617102,0.03940996340694597,0.03874797487737969,0.00011049468696866516,0.017216085181429974,0.025754408393405426,0.0,0.03131951156840879,0.012603074021725946,0.04400488590617707,0.011265728932643548,0.026003920000620906,0.018421227704945253,0.03281909105617287,0.028103386885946824,0.030023033114963238,0.03050064298599897,0.025215625680369114,0.048575030995908486,0.009556919767150951,0.04586462494181448,0.01648020272353029,0.019228334598503205,0.028151854564383683,0.03417510537473761,0.034151139736792624,-4.873943513916679e-05,0.03812771743651705,-0.01356700041648018,0.006916386151280984,-0.017058552467078936,0.029831192196046685,-5.551115123125783e-17,0.0,-0.014226440122096284,0.04090916545374618,0.013980097879596476,0.0,0.0,0.0,0.0,0.0,0.0,0.0,-0.045626441558456965,0.0,-0.029936802600953105,0.007441669218155034,0.0,0.00019634577752852822,-0.020367411472598684,-0.0042979748263320405,0.023304567398472587,0.0,1.1102230246251565e-16,0.0,-0.0068557954241139085,0.0,0.05024386866279856,0.010109139560017188,0.025490304983482093,0.0,0.028272944892856533,-0.00010592657803387695,0.0,-0.013744609994577217
0.029237394939184036,0.03828992216346544,0.002560570532249895,4.0253342177165585e-05,0.025526442986009035,0.04890294925260191,0.06528148242962067,0.029214916646090328,0.029206913204764096,0.009594420606064802,0.02189603351819497,0.012054523708873333,0.05953270160582358,7.54091141932367e-05,0.0023067156815184675,0.028175873746202618,0.03131951156840879,0.0,0.020759092804396195,0.028577657613216956,-0.012342707564068855,0.016030394173496332,0.02171858448023878,0.04393309706240406,0.024128795242581047,0.03167036651777161,0.04196524371298532,0.053589744171483045,0.04736646407091971,0.03079019287973722,0.02987525818378539,-0.0020738557946499703,-0.004573070953292069,0.011953954584494608,0.0038652880288659874,0.016060949141160907,-8.123084873712383e-05,-0.01835418378594056,0.019811020612372887,0.026286058519634226,0.011796541587581033,0.003593231327349622,0.0,0.0,0.00639750410725054,0.042343422028703614,0.01563399704606433,0.0,0.0,0.0,0.007310963658590908,-0.0003425765658977564,-0.00035404541057804106,0.0,-0.04004605189635674,0.0,-0.0302903262126622,0.013771280483703408,0.0,0.012754758297583935,0.02483190045020256,-0.01085019981030133,0.006342024661778467,0.0,0.010573982937549464,0.016007148607117605,0.012215290106450727,0.023197454618993973,0.04658152308008162,0.008669660695334425,0.0195564754258441,0.006700235352398887,0.016549368407003606,0.014464607997748125,0.0,0.025513262887489174
0.0,0.015289790703986283,0.01373869493428681,0.05494058996643508,0.03297582003299676,0.0365796647847057,0.04233905725188836,0.062345752863169734,0.001782885293121872,0.046376397116193124,0.03758311213032883,0.018491033769056142,0.04455889204604879,0.0470618074048218,-1.1102230246251565e-16,-0.00017755274535291576,0.012603074021725946,0.020759092804396195,0.0,0.00043433211325527576,0.012916733970041727,0.012936035553820668,0.004718286852706921,0.029864736923771618,0.022678926765052454,0.025050861968076765,0.059484372542890906,0.03744877886444492,0.019113727538777103,0.02128381617149827,0.04926682860935622,0.04275154456709074,0.015660042612465508,0.036637288334551765,0.026299911833903677,0.0403014781435036,0.04298283239035949,0.02371192785980253,0.027648765560845168,4.986532533668431e-05,-0.013010446691553712,0.022348844424519676,-0.012195120406184534,0.014327342892464179,-0.00049353817710035,0.0,0.0,0.07919265459063785,-5.551115123125783e-17,0.021107803022995475,0.03287972340588341,0.040331824775806324,0.01002557034677587,0.04098897937420476,-0.00011541783322072119,0.059367562322566236,0.028960612809816544,0.07069576507938446,-0.006663062938401243,2.220446049250313e-16,0.0,0.0,0.0,0.03731066352708712,-9.118225973808736e-05,0.0,8.577047167968033e-05,0.038775097541513426,0.0,0.0,-5.551115123125783e-17,0.04989918713329422,0.032534676660916806,0.0044479882069030086,-0.00031435615230290814,0.03654333816699251
0.034905571979610917,0.009817243526829056,0.015876464992060024,0.013898888911021312,0.03703076712697856,0.028391500710989892,0.03745006610227808,0.03420423951076179,-0.008629217205359863,-0.012590330516043025,-4.6081666959130185e-05,-0.010326885209807624,0.04757343428800359,-0.010481970677484964,0.03514146182223937,0.020792254130010457,0.04400488590617707,0.028577657613216956,0.00043433211325527576,0.0,0.01594600228278914,0.0005954565289006397,0.07062375918184705,0.010048659855710962,0.0335700955064373,0.007711199385943834,0.0675324453981187,0.023479467118970476,0.02218743874786372,0.024846967453171387,0.034251741937550595,0.022167323906383596,0.007618594964511338,0.023897214548984747,0.025101059863179676,0.038268560766341775,0.0076000636810953925,-0.020489268176103914,0.03253305340833107,0.0018271320327469809,0.0038729064182606576,0.003595762963324589,-0.0009709364359501427,-0.002794101648075975,-0.00033199286209639745,0.01770111503112609,-0.00013926687897963808,0.04336951046946769,0.0,0.0,0.025145907582851845,0.014576338071441819,0.022996889967335843,0.03721206243196523,0.00019580631089216594,1.1102230246251565e-16,0.00921261408804347,0.02635012300791062,-1.1102230246251565e-16,0.033264922871873326,0.00592832678180899,2.7960576084340438e-05,-0.0022916212928154045,0.0,0.028551206247108607,0.02741291552310049,0.004663604541172928,0.04558276888070806,0.0,0.011007396665065228,0.004905234845084261,0.04902457820734535,0.025614547692251965,0.020670845607172528,0.018545905226332704,0.027318324851508924
0.00303948505280216,-0.004063045713427138,0.11310885835748052,0.0010996972454079823,0.0768235704988533,0.025333291620468268,0.027579903012341644,0.03276570590748534,0.013168612186265416,0.04076951650961691,0.028988021908003037,0.03650375553071822,0.03687239447636209,0.007404107095438761,-0.012856897996562477,-0.0019474409122469671,0.011265728932643548,-0.012342707564068855,0.012916733970041727,0.01594600228278914,0.0,-0.03504308207879897,0.048062782640492685,0.044967658115106446,-0.008744336533431207,0.0065117233155059795,0.056236393553713904,0.02731750291940327,0.025448061463378358,0.011101457393318637,0.0034060346815802944,-0.04048281165873108,-0.04761245675571796,-0.029285320650155877,-0.03502637392834135,-0.009184644098144346,0.018874525296645295,0.014469767659931965,0.0023948460815226835,0.011047100848862068,0.013028613006486223,0.003956452964266166,0.025090374123015735,0.0,0.0,0.035424241199220496,-0.007738201497214825,0.035166540827893666,0.0,0.0,0.024101286148616397,0.036717303707385573,0.0817893960603775,0.0032314162191974805,0.03259055655198717,0.0,0.007160998258500473,0.024386613546896807,5.551115123125783e-17,0.03169805885975269,0.014061729656943744,0.0,0.011701515290487352,0.0,0.03701742183955642,-0.03281992575891479,0.0047890800516017795,0.051337210280655354,0.0017836458204237293,0.005109137629130622,0.008543021256330774,0.060663103930654216,0.04366530016288872,0.040834954710361304,0.054234276378684554,-0.003482177133757536
0.028166411842165617,0.006923244217277413,0.03555701827997304,0.012308266206460972,0.06475473678119148,0.04178496929212344,0.0593370435310408,0.026961340632288833,0.024464227434068786,0.017497734967820866,0.004198694542418002,-0.0024849569174146824,0.059769367931513884,0.010701496752043682,0.015201320280047226,0.012425751103714744,0.026003920000620906,0.016030394173496332,0.012936035553820668,0.0005954565289006397,-0.03504308207879897,0.0,0.03387902078945426,0.02803669696100597,0.024179685035501552,-0.008741422933675136,0.03815810529748648,-0.0036429772953753825,0.04958817496962542,-0.03032467810351752,0.018264214289494263,-0.008094495447138805,-0.03024983166050893,0.0008501962214994552,-0.005541076425394309,0.0400603330471051,0.005017940463409254,0.006377338013437317,-0.03186299592160213,-0.03425587199440183,-0.029237268220010326,-0.03298862910379091,0.018011602755779732,0.006190541861422316,-0.00020439179201325874,0.03436963829671941,-0.017450299849711914,0.02197920002982262,-7.4123634954958995e-06,-4.89339911894926e-05,0.01033459289872768,0.010463798893910026,-0.008911925311434754,0.012069247000622174,0.022532713084244094,0.0,0.011333406968720039,0.010485749042356718,0.0,0.006157432923335204,-0.006321371529219577,0.016940247979279566,-0.03394674521816787,0.0,0.002824535116353555,-0.01973306357284277,-0.030746122358549455,0.04870774071179834,0.03670666365690012,-0.03805340368025811,-0.01639693335534176,0.02140225923586503,0.06392636077488217,0.009941850162782706,-0.009628682642963127,-0.019740664983839307
0.04058488082840056,0.03836945799532082,0.0407065764857073,0.02700874636976336,0.035760418739052446,0.040291975455962414,0.05483948736073796,0.03613123359336107,0.031349482839709564,0.02171853298957721,0.020436591136929194,0.012753790967135303,0.053663607154698645,0.02146767400636468,0.03447899895747841,0.031140227599280812,0.018421227704945253,0.02171858448023878,0.004718286852706921,0.07062375918184705,0.048062782640492685,0.03387902078945426,0.0,0.04756171508041618,0.032079134933145126,0.02882053871869189,0.0867523101697143,0.0483188152726981,0.053130323164482185,0.04517899732534614,0.04552173318514019,0.028807480491790882,0.020114577239448983,0.028259643413726,0.03089759043702628,0.014730456071858355,0.03050375301673136,-0.004363623473401024,0.03459563998619797,0.015387160004705469,0.032495180650658706,0.036084885132473876,0.04918618275761644,0.025794137190268573,0.01781987355914949,0.03981930243606363,0.02128789207286974,0.06613339133393092,0.00877943105811907,0.051173644271299557,0.03894709273547636,0.04042046415813538,0.05455749255311498,0.04680959952355135,0.023595665671405197,0.04550183452958406,0.002175617699720911,0.04300220191089654,-0.03366389205739356,0.04750905894963081,0.03750223132565622,-6.801719358573433e-05,0.008043172126029285,0.06104152077110314,0.04234977486106489,0.051372048741616494,0.027852258693179532,0.05435794572098429,-0.0002621247218150824,0.025909544660359884,0.0335947212321096,0.048388679780252075,0.040236525103401144,0.036576584939026435,0.038880684871038795,0.042675392176715676
0.05933261908193865,0.04263938215431945,0.029814499906480496,0.019603357448345626,0.006650129747728661,0.011090991178503207,-0.017985073910888716,0.02810695791123896,0.011781787586375825,0.03351505228654211,0.04478229621990204,0.021184660188901694,-0.002539305313646878,0.041683609891379425,0.01420275738548421,0.024626854714896895,0.03281909105617287,0.04393309706240406,0.029864736923771618,0.010048659855710962,0.044967658115106446,0.02803669696100597,0.04756171508041618,0.0,0.04261231445305769,0.024130796328728277,0.07368743230262531,0.005166649056032646,0.03705131836487713,0.011217779516865034,0.04604082397797005,-0.03546551087580174,-0.023184339726610853,-0.014288586426511818,-0.02689422524050117,-0.03875911038012364,0.0042395202626427375,-0.007503957000510791,-0.13936402817198906,0.03093437995412096,0.11311778896809299,-0.09413797915113342,-0.00423205821871947,0.003256813587653673,-0.028070042655012784,0.0753473520603209,0.022311164260782168,0.0,-5.551115123125783e-17,0.00026865545376247857,0.005564279813694117,0.0002302114240160802,-1.6653345369377348e-16,-0.00047858667471900596,-0.012634998449493562,-0.00035207481059895684,0.021691803689725064,-0.0005481377899838047,0.0,0.0008764729552099837,0.019583850618163534,0.00243998859241068,0.03560447179635212,-3.273904698131158e-05,0.0008575021732114552,0.030943961545062126,0.023287399589597968,0.0008555574797550203,0.0892935886913892,0.03628784599390117,0.04184021278628236,7.46741259466388e-05,0.012210600537273408,0.01742252309295267,0.0,0.07950791291328929
0.031978151712819924,0.04759266503394821,0.015260015422005557,0.0003218335105052983,0.03157953804870017,0.04797692760806033,0.08235451616698497,-0.0015413977485084773,0.03234623488493499,0.02507228320846422,0.019641858655231548,0.024901456732364935,0.045311990273928404,-0.005276431073901966,0.00017314140554675062,0.003352396477190045,0.028103386885946824,0.024128795242581047,0.022678926765052454,0.0335700955064373,-0.008744336533431207,0.024179685035501552,0.032079134933145126,0.04261231445305769,0.0,0.02252590038182084,0.0434120829895735,0.027461652546470317,0.0597330311399325,0.01608925992592375,0.04082679143063894,0.005710436056960144,0.007733442310735361,0.024903541746639446,0.01565093626490871,0.030769358541406555,0.002714291092089094,0.005778359470793304,0.0039109032537000266,0.014712669278673096,0.01730118713838885,-0.013749564539602965,-0.003109363594487824,-5.551115123125783e-17,0.001987947171383342,0.04956679870709779,0.01135462482952354,5.551115123125783e-17,0.0,2.220446049250313e-16,0.013549253763351254,0.01617797935156967,0.013643944605785718,0.00033057227505989273,-0.04052747838212395,-2.7643851668479602e-05,-0.027911598312107266,0.01663436188742934,0.0,0.03195893299093949,0.023851286320324017,0.002124353317149663,0.016073307156463823,0.0,-0.012247974458405364,0.03155988741022442,0.0016782402568212285,0.04819996486205064,0.05419378780197398,0.018020524572764873,0.025283379703120945,0.0031024705767761507,-0.0063999870691355265,-0.010301073124867388,0.0,0.01276791376838704
0.028339161482619613,0.006258580753467191,0.024173753452799707,0.030951745626297156,0.05065579980686319,0.023382356519547398,0.031072326378144166,0.018126374107541976,0.013119877751836984,0.04312688836946488,0.028349815223846497,0.02606465007449582,0.03157361743193904,0.023535753625800293,-0.012938517236050051,0.024441358483957343,0.030023033114963238,0.03167036651777161,0.025050861968076765,0.007711199385943834,0.0065117233155059795,-0.008741422933675136,0.02882053871869189,0.024130796328728277,0.02252590038182084,0.0,0.02056071277676269,0.021225017883218678,0.03675825993843729,0.03085781788319336,0.034166908269931906,-0.0011541978424533528,0.008079293482206429,0.015657025161753046,-0.008735318405943993,-0.03558543361550154,0.012601842427571175,0.021466830894842526,0.00022907394849108753,0.02187025320231767,0.023154151966638836,-0.010326188789408441,0.012203773225524739,6.979342425417201e-05,-0.0087627767705164,0.04866666964507277,0.010849361768442978,0.022340630799169148,0.0,-3.240962005540693e-05,0.0048747275201537765,0.018601306186841082,-0.003907680768444999,0.006913120488367119,-0.023373756679193336,0.0,-0.0011688316815987032,0.0182884259963893,0.0,-0.018606248514814516,0.025070070662825017,-0.0002697711606089448,0.018641403508023013,0.0,-0.00459573689471382,-0.0022283067644996435,-0.013201000975770372,0.03931439371605977,0.05395333906930905,0.022893170573347166,0.02216389116365014,0.027345379074850074,0.019703130450795747,0.01203005073197283,-0.00014194913151899247,0.021811070812511713
0.04907534292683452,0.03493868303544356,0.031117049762393767,0.04565467440221621,0.02461396011969197,0.05487030030056406,0.0635935479275222,0.05749413068372944,0.027765434800721578,0.031278392188230864,0.052803936665555884,0.05263389032108551,0.06041652088793892,0.04524448413949128,0.039027179916960086,0.0399275005057822,0.03050064298599897,0.04196524371298532,0.059484372542890906,0.0675324453981187,0.056236393553713904,0.03815810529748648,0.0867523101697143,0.07368743230262531,0.0434120829895735,0.02056071277676269,0.0,0.047297798335708796,0.036738897272841964,0.037678702688171584,0.048677787324738986,0.035306759814173916,0.023607217241965073,0.0330957431493642,0.03239218998871535,0.0401886916323651,0.03863182826573014,0.006170696024752509,0.03379068573479416,0.020617751299538134,0.03565489068654171,0.00829359824777487,0.036856768036780674,0.010360234347446984,0.011920031819145971,0.016336729869913302,-0.002150442230533789,0.04772604266985392,0.013062375146040472,0.01361086822892199,0.04560077913731597,0.05500785386960294,0.06474808154052292,0.03945822403634014,0.018891813172006944,0.030903713289947565,0.02565522532042852,0.03802128322283349,0.0025454751645844764,0.03886427975051987,0.017498934843576952,-1.1102230246251565e-16,-0.003842626277587413,0.045350021682562525,0.038850703828163746,0.04260265068230423,0.02090945173965103,0.0477249934398577,-5.551115123125783e-17,-0.0003226345811938036,0.026331612408356908,0.04901121895718763,0.03331945098432809,0.03210186468354814,0.036282555245217174,0.03427092577060864
