0.0,0.0477881055149037,0.007585669547136353,0.0,-0.009549388159591832,0.048892828358418294,0.022369130115237223,0.042399037144676854,0.005024422361616598,0.005804509557623905,0.01718954315677368,0.028147849618173182,0.006514164015734791,0.022002070388555117,0.08041076477795422,0.04788646511187389,-0.007000361075528483,0.022464838653499464,0.0,0.00542063301199569,0.07816565619931004,0.07496722710202913,0.06738093472053669,0.06822861782281181,0.015709678914947123,0.026513341575457483,0.01152764272347695,0.009382712045020614,0.0018518292672277115,0.03858988930140178,0.03564459499072509,0.08465699223824502,0.07374984385949146,0.06421516262269211,0.08625145072827578,-0.0032183030827445114,-0.000491631138862636,0.02097702587331529,-0.003300848197976325,-0.02929413737233949,-0.010376443373933286,-0.003907009041068554,8.706916491019179e-05,0.0,0.0014560369707042886,-0.014365306871837902,-0.01324629210485373,0.0,0.0,0.0,0.036310729871776026,1.1102230246251565e-16,0.016068219412002094,0.0,-0.019393470451726902,0.0,-0.0008425058594695445,-0.0031215838397209983,0.0,0.022011413721147677,-0.040479957600597305,-0.022978135315536996,-0.025104607806894663,0.0,0.003181801564371145,0.004007149958536349,-0.0044958581578348755,0.022204556426569266,-0.017163107229973995,-0.03089637155914854,-0.026998596592631707,0.007168697696165238,0.0003080990428214747,0.023291343584656177,0.0,-0.015906543273257023
0.0477881055149037,0.0,-0.008579755073222395,-0.00017357970530201827,0.006705483282488933,0.04706009281705026,0.02700303469052273,-0.0079566365408264,-0.018461302079659625,0.06071751097502115,-0.001268657444342236,0.005632586511813031,0.034358336501425724,-0.0023527952686985265,0.01056186005816645,0.06501253953046021,0.02393367810128033,0.04513215761732875,-0.008141211627130274,0.04764768461444141,0.026450392803443468,0.01722124317379392,0.014209662685949087,0.019911652378372224,0.0541794168281583,0.022259003791586796,0.044277054503580326,0.04048910878090084,0.045170875010613065,0.022846797810990194,0.05569936059192304,0.07330126511925728,0.11442718023657089,0.07040050852669277,0.09065590072201923,0.00638249869258517,-0.0028672830962094276,0.0,0.01680917151766237,-0.0033007782837179422,0.01660146280963881,0.03463456795553732,-0.00822147943388285,0.0,2.220446049250313e-16,0.021974632623565138,0.02032970490976399,-0.00045996852969937274,0.0,0.0,0.005158013848690912,-0.01420408573812737,-0.008691852929616661,0.000492039159238733,0.0035945582828541545,0.0,-0.006931968196832949,-0.013540605295534636,0.0,0.03643847334820888,0.019916076235204472,0.006316039298603027,0.019815297524461206,0.0,0.02159172777950269,0.0029134619799621175,0.01895102216571387,0.0031074465693372577,0.007682078549374638,0.021355582531024153,0.02284029161873996,0.00190414523364002,-0.008233381082991376,0.017852013558899982,-1.1102230246251565e-16,0.013532146766891573
0.007585669547136353,-0.008579755073222395,0.0,-0.029969465081108926,-0.031444856179540015,-0.018331242502468592,-0.05252417029208162,-0.05680989023775068,-0.033631366485667724,-0.020946347681671973,-0.038847163988273925,-0.039428219115586305,-0.042102932158056716,-0.0555242791346518,-0.015468429223096769,-0.007907301116698462,-0.02220358200065181,-0.015351952505992694,-0.013688839448969314,-0.0012011608729559642,0.022448357955471177,-0.01384654228484028,-0.0010191794508434548,-0.015259282329877777,-0.00888454892450219,-0.0014317797669981536,-0.004938829828415536,-0.03979505696461566,0.001742096048683306,-0.03621200771701805,-0.053343446773589875,-0.054330910951589595,-0.002881234338706906,-0.05861888891276262,-0.036009661147481165,-0.041592914171666495,-0.03064348722433269,-0.020448839031819932,-0.011958591853761358,-1.7832144640905767e-06,-0.038748267033269224,-0.012417530686651912,-0.045029427337716754,-0.01558162681309272,0.0,0.0,-0.00011580207340267101,-0.15268176720183413,1.955596717073682e-05,-0.0025568790888949033,-0.08101353203344369,-0.025352908909057836,-0.11647503453191876,-0.026329336520190705,-0.0028872249224204394,-0.043429440133943065,-0.015265999219307713,-0.02869332506095884,-0.031340782895885655,0.00016623588966824254,0.0,0.0,0.0,-0.1627658308748699,-0.0033607099678409913,0.0029226712074389427,0.0004780494507608535,-0.09885290229270222,0.0,-0.00018809780215262029,-0.014623242519439417,-0.0865388836395965,-0.016239762713913974,-0.04795561500812845,-0.0051011965373357615,-0.015826662509982437
0.0,-0.00017357970530201827,-0.029969465081108926,0.0,-0.1239206800107833,-0.01656722607736877,0.06407274783124406,-0.09599380466032148,-0.05628984671671239,-0.007874132075555512,-0.08518959328718201,-0.006418661464424047,-0.033626754030936595,-0.048334019399868894,0.01056710477615841,-0.00023369686876761886,-0.00030040326182650956,8.905179299151245e-05,-0.007202634087293047,0.005394207280783381,0.0006221287031084599,0.014117342944949207,-0.024990043753176372,-0.022014154413286968,-0.0003585583422578975,-0.0013831714359333613,-0.025808275996989427,-0.07238240298989221,-0.011865400677711468,-0.010214706829023368,-0.07816627368164294,-0.02510251899545085,-0.0464068428108233,-0.04072808125715352,-0.04293831451717681,-0.06112007908677941,-0.03853124411816827,-0.011226790469462622,-0.012301192262362592,-0.0021212631928818615,-0.027003778127471678,-0.008612536763506706,-0.014610431706485794,0.010587926435290163,0.0,0.0,0.0,0.0006521105937324356,0.0,0.0,-0.018086013029266712,2.220446049250313e-16,-0.0002038068863705056,0.001091286689000548,5.551115123125783e-17,-0.007821122733941643,4.86846102722982e-05,0.0005136818373526753,0.0,0.0,0.0,0.0,0.0,0.0,0.0,0.0,-0.00017969637545217632,-0.030258080066771276,0.0,0.0,0.0,-0.02137624932441029,-0.002084781233921029,0.004776069470212696,0.0,0.0
-0.009549388159591832,0.006705483282488933,-0.031444856179540015,-0.1239206800107833,0.0,-0.04302066984466002,-0.0554176192994037,-0.03544543897270924,-0.023572027110051574,-0.02446670341949647,-0.053185657837226785,-0.02328046696047187,-0.03323596099375864,-0.12941626921335056,-0.010423928982634056,0.006678969597950113,-0.0037180072224132776,-0.007933192916308174,-0.05346735291405774,0.002326804067899535,-0.00032192576193057487,0.0020087912542594566,-0.03268126982356501,-0.016384154874193035,-0.0014725406241278272,0.009149474388656598,-0.03509948578263078,-0.018969305797285452,0.008960910566020053,-0.013769978603838273,-0.07206696660752049,-0.05142596341056732,0.004230125902012549,-0.06267599905116211,-0.03918382898610179,-0.11109138300702663,-0.10686404813954958,-0.03050979765033246,-0.017359571587202083,0.006508233702713417,-0.016561553172217802,-0.014203775879390423,-0.004732751417224013,0.036711617095095794,-0.0005760633968296958,1.1102230246251565e-16,-0.002598765648110013,-0.04441562440509128,0.0,-0.028013934729049672,-0.03604864399518032,-0.026592761358786854,-0.02649037481640576,-0.02420287365632462,5.551115123125783e-17,-0.05653173374902615,-0.011358756989193808,-0.052551367566830764,-0.028669616374011775,-0.0020067763355083867,6.193632987383513e-05,0.0,-5.551115123125783e-17,-0.03381165137632908,-0.004295631596010929,-0.0003344260659854936,-0.004862865631585445,-0.031095968656845052,0.0,-5.717200873722739e-05,-0.004500355654234067,-0.03366774520410459,-0.04358600646275229,-0.020249194648199687,1.1102230246251565e-16,-0.031416942804482595
0.048892828358418294,0.04706009281705026,-0.018331242502468592,-0.01656722607736877,-0.04302066984466002,0.0,-0.014390972912835809,-0.013291676777252459,-0.032263294228942585,0.0004231435088833946,-0.054841058436236045,-0.01660310948787075,0.004781180858382639,-0.0450734062911235,0.03007771466443465,0.041355085969792316,-0.003444953268883222,0.025145061258059098,-0.04060340040732502,0.07291282070183963,0.008543656701897273,0.04935635390877191,0.01043980617418322,0.02931442042622795,0.04860968395606807,0.027593585934238662,7.185828880268419e-05,-0.01000378599567725,0.013613087115188438,0.024083843822038042,-0.008998451225642967,-0.01722859358771639,0.024017537169964798,0.008031216070358282,-0.004372252323951498,-0.056469422090902555,-0.06986111503327047,-0.0217417428253453,-0.04802086332564681,0.005684305908718934,-0.02052012303073708,0.013539254530017752,-0.07339410964078213,-0.014375202307006396,-0.003971769682039938,-0.004045869943004876,-0.0033880266452931407,-0.06789566779033729,-0.014241097464499752,-0.036054551529912215,-0.03545011664803949,-0.023163928974096637,-0.05335157043944955,-0.04737995679095697,-0.006042269779282128,-0.03191574646394729,-0.02275808333689372,-0.023240108934915515,-0.030337474091778893,-0.0004769865969356246,-0.004208297318436638,0.0,-0.004100665884056498,-0.02032359532739142,-0.0032655288493873558,-0.013905010046232569,0.003909657470900163,-0.04751622206872291,-0.00015109337350516228,-0.005085519348891898,0.010546067704696571,-0.03556916850355857,-0.02351427507563547,-0.006551021065182683,-0.0006643797378963479,-0.017104425791395594
0.022369130115237223,0.02700303469052273,-0.05252417029208162,0.06407274783124406,-0.0554176192994037,-0.014390972912835809,0.0,-0.0485499923155831,-0.04002500834648237,-0.013883829188516217,-0.09107668250254963,-0.01573815843074422,-0.024562813230148306,0.014921518286812374,-0.0023365020984449925,0.03003708232517671,0.018203343810018535,0.018296368353181214,-0.08968439381820487,0.03277568674237552,0.0020062397460787196,0.04282568951617011,-0.027382364810580928,-0.012909956014475255,0.008939730828093406,0.006662906040856176,-0.01758748876184435,0.008973321126314326,0.016369091673096414,-0.013782115937167216,-0.04873633924142706,-0.04084648235844007,-0.001752307763301375,-0.045486068457672724,-0.06525881973892012,0.030866929578186098,0.04614755560026007,-0.020153428431716525,-0.022134589895009826,0.0022461396469167783,-0.02238627584845987,-0.00619618756253415,-0.02789419985211372,0.006104732248777778,0.00476067190784496,0.0,-0.008939456595181416,-0.04453158588823325,0.0,-0.05493739132193831,-0.02613767500170283,-0.04141427783146073,-0.017826643876845183,-0.04649133907816683,0.003230057883806481,-0.04181423905270831,-0.013978619675849735,-0.04070179704372273,-0.020964394215171933,-0.011081224443861837,-0.00816346433339521,0.0,-0.0001236102282161089,-0.044917770396821655,-0.015390632772839308,-0.023830169751063446,-0.00508108880937902,-0.0451163291983428,-0.0002747227100834415,0.0019832732624839866,-0.006583520731911652,-0.022354588518628093,-0.030167126197718663,-0.021352788069803674,-0.020558870990265043,-0.032697179884270844
0.042399037144676854,-0.0079566365408264,-0.05680989023775068,-0.09599380466032148,-0.03544543897270924,-0.013291676777252459,-0.0485499923155831,0.0,-0.07119471738893096,-0.007812534664264792,-0.08659890492877623,0.02224645355287047,-0.01394039625137039,-0.10583548673298404,0.03148953466005827,0.008187640780248251,0.00023910479991740008,0.02230308707539247,-0.10067088578173927,0.006585899754446567,-0.0195372113609234,0.011306646298265943,-0.055987076306029615,0.056933118051361364,0.05865243333317671,0.054592938279625525,-0.04150652870734828,0.004615036851265852,0.010389926536468752,0.04099018986724007,-0.012028625233225787,-0.016796345667455304,0.06711159142660755,-0.006214513026118029,-0.008898330690578216,-0.11100437774897035,0.01928161043028842,-0.0159514145595972,-0.05926325933367693,-0.02450128494440501,-0.005973243811348339,-0.008840755625568353,-0.03761858516043226,0.008995240642480695,0.0,-0.036202600680227404,-0.007757515489803246,-0.029185025922760233,0.0,0.001978099167986913,-0.00012588299019944404,-0.00702750621360515,-0.0734445965251499,-0.01224894962216816,0.00035776492754069356,-0.062080747898679456,0.0002249929855903665,-0.01682213136246674,-0.019160483771294312,-0.018685433740999124,-0.008974490300577398,0.0,0.0007830421589414271,-0.0302894483495616,-0.007015913432475374,-0.034672103077091454,0.010601307787994674,-0.07093126947621137,-5.551115123125783e-17,-0.01495418863993725,-0.00506076395661853,-0.019208401386934026,-0.009694529510349548,-0.009546896215200773,-0.03301869478058256,-0.015616502409029787
0.005024422361616598,-0.018461302079659625,-0.033631366485667724,-0.05628984671671239,-0.023572027110051574,-0.032263294228942585,-0.04002500834648237,-0.07119471738893096,0.0,-0.022427622059034202,-0.03148670274005111,-0.0362564783376505,-0.05327234280118737,-0.04444271644119119,-0.01353051201921951,-0.008316665201758666,-0.007194771255234433,-0.022345498444837575,-0.03158636050857855,0.05076625815781377,0.006482105711071162,0.032814515712004,-0.024461431752537843,-0.04097793156172019,0.003281867685849593,-0.00023712251587543198,-0.039880422671236926,-0.049105776711772964,0.009586509430954793,-0.035684964441205336,-0.06223045348160838,-0.06163537367214533,-0.036339565951979735,-0.06756433648515725,-0.06556964012845046,-0.02953159704314312,-0.06455346194391087,-0.03487252100659416,-0.017317960738686022,0.006642361165868915,-0.03521940894865394,-0.03446532744492947,-0.020608840336733603,-0.019840994767592823,-0.008872034459137645,-5.551115123125783e-17,-0.011249237875679163,-0.03954871248840636,-9.394778324622877e-06,-0.03487805005999878,-0.06467515249740186,-0.03029315265117788,-0.12079443195702205,-0.04115167190595814,-0.024831023893948145,-0.008110244823282653,-0.021832875045236677,-0.03866151514712146,-0.052614990417347685,-0.007383880642091667,0.0048879167202923735,0.0,0.0,-0.028073898949788678,-0.009427549507414035,-0.0038752382064456414,-0.008510175934784037,-0.07944938461630907,-0.00011562456987834757,-0.004231046974085273,-0.005781171823417641,-0.06591116031724786,-0.03181880191552394,-0.014044603388415844,-0.008199654459969952,-0.03259648732175452
0.005804509557623905,0.06071751097502115,-0.020946347681671973,-0.007874132075555512,-0.02446670341949647,0.0004231435088833946,-0.013883829188516217,-0.007812534664264792,-0.022427622059034202,0.0,-0.03295161293501109,-0.052175110914595174,-0.056138185781826055,-0.03479845409452226,0.016661417320130212,0.006581387261727523,-0.0503507836192722,0.007403882334518885,-0.01921880863185982,0.007733935908869782,0.05192676278366487,0.011209079580154657,0.0031521803115499014,-0.023583464973317758,0.013920292144944613,0.007921314772860732,-0.011829145885841108,-0.13245271323758046,-0.012789073696349296,-0.014674064816571464,-0.07884103621080948,0.022022291397004956,0.002161684969868849,-0.025360799314000593,-0.04235553201845976,-0.0079867957885843,-0.11718380993666283,-0.06256868527378362,0.006100023216562722,0.006191400402255631,0.012331514126588616,0.018948510435280286,-0.009231416419263672,0.0024858208407264604,-0.08143749767815833,0.02794303786005009,-0.02051882474689931,-0.0010264590360696824,-5.3344852796788356e-05,-0.0009211416146253093,-0.015485950961232009,-0.00972380842031939,-6.091126808183134e-05,-0.013162632358158677,-0.0004616938137864124,-0.00404616616682324,0.010189583086543719,-0.018366896059833993,0.0,-0.0012749074497738766,0.01537979060334288,-0.006479734219390798,-0.006290166726852675,1.7534732656698804e-05,-0.0002848950966283792,0.005456283447104804,-0.007656745030072465,-0.0026531474656090737,0.0011958735906800189,-0.015009390874607786,-0.0011050031327169973,-0.013337647847997736,-0.0017088936776879504,-0.014732726900713422,-5.551115123125783e-17,0.014916372558002267
0.01718954315677368,-0.001268657444342236,-0.038847163988273925,-0.08518959328718201,-0.053185657837226785,-0.054841058436236045,-0.09107668250254963,-0.08659890492877623,-0.03148670274005111,-0.03295161293501109,0.0,-0.041603948023856197,-0.0765018601421284,-0.08847689732161054,0.0,-0.00030803904054876874,-0.011219985045942515,-0.020269205319611794,-0.014697462752442048,0.00013996516900888212,0.005078389318193488,-0.015610893935893544,-0.021969318602790333,-0.03211918744313541,-0.01883998678742138,-0.02279940380393569,-0.012724019846900303,-0.08233370420406855,-0.03555536038229806,-0.013133592763111379,-0.09403354660256535,-0.0705084054065554,-0.01799862143217551,-0.09293938414279318,-0.08949063287557346,-0.11608105576541736,-0.08603978577825255,-0.023099202977325484,-0.06516279701600802,0.0012456983780241293,-0.030763643433604715,0.002052925637205716,-0.05345708506239233,-0.005230290621148825,-0.0018661784419027883,0.0,1.1102230246251565e-16,-0.0862731218710126,-1.8191842150461213e-06,-0.053847113470401,-0.03642167799834084,-0.058074335057847315,-0.04176483932386499,-0.08797214490554772,-0.005312535479967462,-0.08760273625873777,-0.007173296124698136,-0.0604127351675704,-0.04371581224488813,5.551115123125783e-17,0.0,0.0,0.0,-0.12318419661847285,-0.007430898101582262,0.0,0.0003043422467420842,-0.13673627187159876,5.551115123125783e-17,0.0,0.00030596840341973186,-0.03325418677714975,-0.05705705867650651,-0.014441585871073859,0.0,-0.07054966559921066
0.028147849618173182,0.005632586511813031,-0.039428219115586305,-0.006418661464424047,-0.02328046696047187,-0.01660310948787075,-0.01573815843074422,0.02224645355287047,-0.0362564783376505,-0.052175110914595174,-0.041603948023856197,0.0,-0.007397888938252606,-0.0015752721513633827,0.0013821193587530978,0.018435953650698167,-0.011864361672730694,-0.008391597466794964,-0.02731537894192243,0.03403522226616296,0.0685390212621873,0.05019464962931891,0.014027306741332513,0.0059058486887683115,-0.004144524385037762,-0.0341933213912089,-0.010899427031864861,-0.10379335598776557,-0.02427339230713421,-0.014775634083461275,-0.06641383661334266,-0.01580308559445842,-0.007339300986814845,-0.021453604319109476,-0.019666025326721237,-0.0004970922703067537,-0.014622000956587389,-0.04260224641376889,-0.003561999644748237,-0.00420708608244591,0.023794143513640842,0.06879795657367199,0.0060084016719716415,-0.003243301102465568,-0.04365051385210755,0.0024162786349265497,0.0025999164412506826,-0.002265588855575429,-0.0016510787065273647,0.01484564139570227,-0.0018122352960882049,0.0014681181464960003,0.0009237120726149906,-0.006305035347353438,0.01340005751814094,0.0016048102692683974,0.01926742656704883,-0.015402601607682975,0.00011494005000062257,0.00015125279966954341,0.0014808740469320902,0.0044600960147401225,0.01660300614828225,-0.002253782963791584,0.007000992635304959,-0.029948336965274658,-0.0011157411474124745,-0.012740191559799052,0.008758824376102592,-0.005743245811553388,0.008534804322377909,-0.02892630661503298,-0.01720128892362993,-0.011844724606316581,0.0,0.019511622096408998
0.006514164015734791,0.034358336501425724,-0.042102932158056716,-0.033626754030936595,-0.03323596099375864,0.004781180858382639,-0.024562813230148306,-0.01394039625137039,-0.05327234280118737,-0.056138185781826055,-0.0765018601421284,-0.007397888938252606,0.0,0.008133423028324871,0.016372946513034503,0.047142338241095205,0.0008408498736979242,0.01461602405498913,-0.06566757816848245,0.05823442206277335,0.01813998303646236,0.05474749943267071,-0.007921375438135092,-0.004307367707784726,0.06645129448048093,0.02718785916261368,0.015153094147676793,0.0068931931911104805,0.031765008453000565,0.07946276640850192,-0.02698240251107864,-0.037588815327249225,-0.007731668320621832,-0.00853781652900304,-0.017629666713201653,0.03288208784511004,-0.008721283835897486,-0.0533668585450639,-0.023927581468436487,0.00812507657889644,-0.037798870116301786,-0.017601240814653696,-0.01492878159173,-0.002211706658320378,-0.012692999446023978,0.008092520537284376,-0.00939801680403618,-0.02087968079482605,0.0,-0.03823037009889518,-0.016635244446782382,-0.012439884298753034,-0.025052723461908843,-0.02381031736399214,-0.0002242234870683535,-0.05355707965509621,-0.026980438123267836,-0.014987698823682283,-0.010999743197048273,-0.028760984806335488,-0.004351401258848642,-0.00017491834351851532,-0.0032641558493262113,-0.02883300321480159,-0.009519014187099162,-0.03097246963534589,-0.014959709112201014,-0.03720711379643621,-0.008499306261237682,-0.009154335197519292,-0.010013944110002893,-0.012387164709992238,-0.012924597782719927,-0.020079105146826537,-0.012643159711878793,-0.013064673958978201
0.022002070388555117,-0.0023527952686985265,-0.0555242791346518,-0.048334019399868894,-0.12941626921335056,-0.0450734062911235,0.014921518286812374,-0.10583548673298404,-0.04444271644119119,-0.03479845409452226,-0.08847689732161054,-0.0015752721513633827,0.008133423028324871,0.0,0.002452656553957433,0.0010615209355964161,0.0002444455406281909,-0.00029377033657962404,-0.07925751454655144,0.004847951170527276,-0.005739604152168176,0.0015292133456072943,-0.06794378059072681,-0.029938201612904503,0.01654363607971715,0.0007600987147080573,-0.06698635388209784,0.05626743969831999,-0.017040133721548,-0.0008982775112913455,-0.0286412450229776,-0.048101557550097374,-0.0044991091521306426,-0.04387347707110684,-0.02978572859638612,-0.042544068564074305,-0.03070886031977696,0.001291639586362081,0.0067219073219966785,0.0,-0.010738571106836625,-0.00038163856662015716,-0.023195099657445095,5.236519500961823e-06,0.0,0.0,0.0,-0.002270776237933647,0.0,-0.016175322803680392,-0.0007253771147021637,-0.0206665936806269,-0.019670865135561988,-0.007946312828509161,0.0,0.0006460337036617303,-0.0002763026186902162,-0.0071890441741202515,-0.011437894727287512,1.1102230246251565e-16,0.0,0.0,0.0,0.0032471853151327945,0.0,-1.1102230246251565e-16,0.0,0.000552335841224938,0.0,0.0,5.551115123125783e-17,0.0005099110206780444,-0.021508823676262834,1.1102230246251565e-16,0.0,5.551115123125783e-17
0.08041076477795422,0.01056186005816645,-0.015468429223096769,0.01056710477615841,-0.010423928982634056,0.03007771466443465,-0.0023365020984449925,0.03148953466005827,-0.01353051201921951,0.016661417320130212,0.0,0.0013821193587530978,0.016372946513034503,0.002452656553957433,0.0,0.02485828590778394,0.011103120347909723,0.03355881009742029,-1.1102230246251565e-16,0.04091028464112639,0.021982540569307985,0.01575329689296373,0.04913153453258512,0.15074352857022189,0.039468197105286484,0.040143512560555594,0.033333881716422986,0.022664348556172942,0.05119879569492852,-0.003437918493510439,0.01470476813481536,0.046829268767377585,0.056204032378955826,0.043330754040813546,0.032876492121012735,0.031142315593773062,0.009663725327931305,-0.0002409976660321389,0.011878810524666772,-0.0005020246866739297,0.016326290406033506,0.03862886168163315,0.02187998981040329,0.004769873793476598,0.0,-0.0031243549464028963,0.02535672997286187,-0.01232955312243289,0.0,0.0,0.015394789865005976,-0.011931413162475368,-0.06013048848878788,-0.010093427862259474,-5.551115123125783e-17,0.0,0.0023091521527751624,-0.017220362525898147,2.982108184379495e-05,-0.0568560947975707,0.010785068272360254,-0.0010423881228132648,-0.008797969263752092,0.0,0.03095576769967162,0.03926648857035131,0.03784817448869249,-0.030827456571958067,0.0002108454689479511,0.005818163658711795,0.022568341295034877,-0.0007495006156741368,-0.008779503051712045,0.009858222936847794,0.005669509630238656,0.023973832852512755
0.04788646511187389,0.06501253953046021,-0.007907301116698462,-0.00023369686876761886,0.006678969597950113,0.041355085969792316,0.03003708232517671,0.008187640780248251,-0.008316665201758666,0.006581387261727523,-0.00030803904054876874,0.018435953650698167,0.047142338241095205,0.0010615209355964161,0.02485828590778394,0.0,0.013770702730098727,0.04649206730853822,0.0003496782932834175,0.08230705815884853,0.04036582258854721,0.05966282851318394,0.02388123560109845,0.0077696662260900995,0.04483812315395691,0.043510011110662605,0.04600139332407149,0.05231875729166635,0.045062209649149865,0.026803494625550872,-0.012755313449807126,0.051361307646984156,0.08463423867806297,0.04139558953360156,0.06880091144122596,-0.011696409589230183,0.0010420098870918548,0.009718811383580606,0.032385898899356946,0.013305881608382586,0.022452461301024185,0.013700403126010618,-3.888441542299059e-05,0.0,0.0,0.03784862652263826,0.022132042653530637,0.0,0.0,0.0,0.0004788330698212162,-0.014825123001270868,-0.021510421865363782,0.0,-0.00986012782911555,0.0,-0.025689268545845967,-0.010886322145120308,0.0,0.0059009516733148915,0.014946243297678907,-0.015423579751073002,0.011180929500279657,0.0,0.009230500196391878,0.02369667505798001,0.02218043243190676,0.013656731048464876,-0.012378761861242427,0.011208138713957927,0.02390646692916032,0.007338514359018222,0.0079002955792436,0.010494325282271288,-1.1102230246251565e-16,0.02439384030591918
-0.007000361075528483,0.02393367810128033,-0.02220358200065181,-0.00030040326182650956,-0.0037180072224132776,-0.003444953268883222,0.018203343810018535,0.00023910479991740008,-0.007194771255234433,-0.0503507836192722,-0.011219985045942515,-0.011864361672730694,0.0008408498736979242,0.0002444455406281909,0.011103120347909723,0.013770702730098727,0.0,-0.043668601706904175,0.0002618451723564452,0.010338969200359649,0.05730535466196984,0.018887163211347036,-0.006734131668323873,-0.00994455345143952,-0.02287475536872774,0.002872730937283241,-0.007404766754123326,-0.004960739636253764,0.007314271171514619,0.01592725407090778,0.006184445056080401,0.06920688424652344,0.03146980769727742,0.02015866995868354,0.040304651988700924,-0.0028965984640866305,-0.00010782543395859712,-0.005917263269258455,0.01624262313601116,-0.029351449516571204,-0.011017012463128806,-0.014023642566509065,-5.551115123125783e-17,0.0,0.014217139334644413,0.018397398281304156,-0.005079493854792061,0.0,0.0,0.0,0.0,0.0,0.0,0.0,-0.03651771721968955,0.0,-0.030016979421633505,-0.013463614722415751,0.0,0.0004343724667200677,-0.02138754382596203,-5.031412908940158e-05,-0.0017473387751112957,0.0,1.1102230246251565e-16,0.0,-0.0095779007477107,0.0,1.892429401934015e-05,-0.015616327331623603,-0.00978940925593752,0.0,-0.011798189847270657,-0.00023433958993646087,0.0,-0.0033805619170075296
0.022464838653499464,0.04513215761732875,-0.015351952505992694,8.905179299151245e-05,-0.007933192916308174,0.025145061258059098,0.018296368353181214,0.02230308707539247,-0.022345498444837575,0.007403882334518885,-0.020269205319611794,-0.008391597466794964,0.01461602405498913,-0.00029377033657962404,0.03355881009742029,0.04649206730853822,-0.043668601706904175,0.0,-0.003921493488256822,0.06460702450263761,0.03558236179410107,0.06021384267178703,0.0364179647948869,0.005106150531003384,0.0014526008820997527,0.03081403727328691,0.046781925262690205,0.045095027235476814,0.03793418800883447,0.029913039049760337,0.0043650151288109895,0.04916494398004301,0.041804613296756055,0.022552085353686913,0.0644320602618576,0.013597673781483743,-0.0001797056426874888,0.021158575025796156,0.0185905151314133,-0.0075116572443024165,0.003797436881190608,0.014126608751817038,0.0,0.0,0.012659622160137884,0.02087107992408227,-0.01867187551190591,0.0,0.0,0.0,-0.0037910174955761433,-0.0007578763844204861,0.0010677368327068337,0.0,-0.017585190154194075,0.0,-0.02019969528988813,-0.008386942185282353,0.0,0.002960475945850305,0.003924376634651894,-0.007208398905364288,0.0034608561289758977,0.0,0.0029842105045014833,0.0024021016833437603,0.024618341605181726,0.010589155780023785,0.02750053294901167,-0.0008669926726925792,0.00011401826488816047,0.0024341496435654753,0.002591848309859035,0.006558833717496881,0.0,0.006253846901144666
0.0,-0.008141211627130274,-0.013688839448969314,-0.007202634087293047,-0.05346735291405774,-0.04060340040732502,-0.08968439381820487,-0.10067088578173927,-0.03158636050857855,-0.01921880863185982,-0.014697462752442048,-0.02731537894192243,-0.06566757816848245,-0.07925751454655144,-1.1102230246251565e-16,0.0003496782932834175,0.0002618451723564452,-0.003921493488256822,0.0,-0.0007431815947859244,-0.01761440627390337,-0.009194964301584396,-0.034229629176322884,-0.006481063941839171,-0.0032364604167386957,-0.018852771690289982,0.013117833223532438,-0.07436372327428664,-0.013100441275403718,-0.04015471704527973,-0.07000217994304664,-0.06373633870187934,0.012837535748420115,-0.08629541347486558,-0.009615113183042978,-0.07378633201530449,-0.018833803364084967,-0.020097310876597108,-0.014211633712528482,0.00013938858453022007,0.010458099258770559,-0.009615681982705626,-0.022399536396330577,-0.02916670855125225,5.7236931844728556e-05,0.0,0.0,-0.015845898263095737,-5.551115123125783e-17,-0.03770699945461775,-0.03111911286230945,-0.04313052576811244,-0.059218587738931405,-0.03123552100152671,0.00024040550782250536,-0.009791666075149474,-0.007423580318883405,-0.06241661908655627,-0.021390468217534764,2.220446049250313e-16,0.0,0.0,0.0,-0.05743894079354023,-0.00020172098214737977,0.0,-0.00030407520830955104,-0.04965389042772966,0.0,0.0,-5.551115123125783e-17,-0.056182515554635104,-0.0354032112486215,0.0047537776663461595,-0.0006954448372830102,-0.013756667057734373
0.00542063301199569,0.04764768461444141,-0.0012011608729559642,0.005394207280783381,0.002326804067899535,0.07291282070183963,0.03277568674237552,0.006585899754446567,0.05076625815781377,0.007733935908869782,0.00013996516900888212,0.03403522226616296,0.05823442206277335,0.004847951170527276,0.04091028464112639,0.08230705815884853,0.010338969200359649,0.06460702450263761,-0.0007431815947859244,0.0,0.04450390964698919,0.05537665997910268,0.0297974198272154,0.0038386213884030185,0.06796807057350085,0.06298563995007012,0.009017849040671322,0.057671935697804766,0.04169711625687489,0.02670139792516696,0.014316720992920862,0.07598836753447802,0.0992364188364605,0.06730377364413709,0.05976400256213055,0.03832910949941232,0.014683868489812069,0.05657799241551703,-0.013370557873754019,-0.0033786548858548704,0.0076906016106091935,-0.00032794213920689375,0.016547324346400993,-0.02039125604477765,2.8579654398563914e-05,0.01769228769893383,0.007770554242641059,-0.03915248531125404,0.0,0.0,-0.003269627922036278,-0.005278124531994222,-0.004351974070773257,-0.023226806023326774,-0.0004261926764084767,1.1102230246251565e-16,0.0062713034941300205,-0.013325623450323287,-1.1102230246251565e-16,0.013517278924170928,0.0059119819954771,6.185671297620488e-05,-0.006729940718791405,0.0,0.008412644363385069,0.016503369240286503,0.03297229748217134,0.00899780833987529,0.0,0.0023926409596121134,0.015660997258036158,0.009448220509192695,-0.0005931200592931285,0.005817049190242896,-0.021091550892541666,0.021005723396308795
0.07816565619931004,0.026450392803443468,0.022448357955471177,0.0006221287031084599,-0.00032192576193057487,0.008543656701897273,0.0020062397460787196,-0.0195372113609234,0.006482105711071162,0.05192676278366487,0.005078389318193488,0.0685390212621873,0.01813998303646236,-0.005739604152168176,0.021982540569307985,0.04036582258854721,0.05730535466196984,0.03558236179410107,-0.01761440627390337,0.04450390964698919,0.0,0.0277700084765668,-0.003800391024069427,0.08143584639198281,0.045223356752610744,0.0291120168901019,0.011087428048351111,0.040498640680489806,0.0243773665216645,0.04710391364261135,0.027341067677442044,0.04657912808458681,0.06305048594136725,0.04511933971708143,0.055482280012283836,0.021504649647817287,-0.022740146269092876,0.014284028435910479,-0.013270967641168363,-0.023051094453721888,-0.0010588914957123663,0.020452772227019578,-0.006930648246633309,0.0,0.0,0.02969257950827392,-0.019898273838362013,-0.044736347688986766,0.0,0.0,0.01669616736742241,-0.018839467774927232,-0.02297920470474374,-0.004087490641647429,-0.010187721196406041,0.0,0.015974933472113206,-0.016082604869950223,5.551115123125783e-17,-0.014915590016425062,0.01356412442000049,0.0,0.0031252299790307525,0.0,-0.07155937795346584,-0.02137273617844171,-0.002540345906645425,-0.05756370478281364,-0.004497448587943376,0.00829581112182981,0.01895307413760583,-0.030356797612143993,-0.012142034648321864,-0.041908941584968884,-0.01902128667442271,0.006024495261101714
0.07496722710202913,0.01722124317379392,-0.01384654228484028,0.014117342944949207,0.0020087912542594566,0.04935635390877191,0.04282568951617011,0.011306646298265943,0.032814515712004,0.011209079580154657,-0.015610893935893544,0.05019464962931891,0.05474749943267071,0.0015292133456072943,0.01575329689296373,0.05966282851318394,0.018887163211347036,0.06021384267178703,-0.009194964301584396,0.05537665997910268,0.0277700084765668,0.0,0.03945400496362844,0.033346312268557166,0.06081535305056124,0.013135903856869302,0.047640359587376835,0.07287727276161482,0.06335657954038176,0.03533519974469451,0.01089923868404663,0.06511598835562943,0.07833866548293045,0.052260441151177006,0.047607094041734355,-0.05685963971110847,0.036198785193699956,0.016414493290996313,0.023923978031614168,-0.003101772795530977,0.01329395700060243,0.03200657239449928,0.0287691340721411,-0.004181326008619035,-0.00045217252946128106,0.0737551244374125,0.00982163124534341,-0.01870715960870928,-1.6398247297544355e-05,-5.041582344378348e-06,0.01780227609519225,-0.01118958027719047,-0.028838726367809986,-0.009332339819938584,0.0007344162993758174,0.0,-0.007038426058242564,-0.0075270489536625185,0.0,0.010776322765606583,0.014177161078976652,-0.011256073047385129,0.019718290255420268,0.0,0.04755870853859523,0.007575098190132246,0.02543306801090206,-0.016325130839937696,-0.002568672092060964,0.02004272900841747,0.023859135555085176,0.016234847831990307,-0.007392330035637884,0.012291049528054931,-0.0014030907945053461,0.017774585702339973
0.06738093472053669,0.014209662685949087,-0.0010191794508434548,-0.024990043753176372,-0.03268126982356501,0.01043980617418322,-0.027382364810580928,-0.055987076306029615,-0.024461431752537843,0.0031521803115499014,-0.021969318602790333,0.014027306741332513,-0.007921375438135092,-0.06794378059072681,0.04913153453258512,0.02388123560109845,-0.006734131668323873,0.0364179647948869,-0.034229629176322884,0.0297974198272154,-0.003800391024069427,0.03945400496362844,0.0,0.06263229289561667,0.026368660018369516,0.01472306270356738,0.005386480411688932,0.018215146470774712,0.030343152159377718,0.019217856774484454,0.0006481037207574647,0.010311521901037568,0.04630970974716042,0.024415533039818194,0.013613938360290956,-0.04098906048194956,-0.021289388263393605,-0.056709157115888864,-0.04794455331370168,-0.01441762340744035,-0.029565153984078718,-0.04871290116973909,-0.10816063090897315,-0.012223852365408572,-0.0019480143000316086,-0.018257888170743752,0.013120624759708877,-0.007792794659254809,-0.010353937444909256,-0.07391692847529552,-0.028611240732253462,-0.043365434019412064,-0.07015956925649652,-0.10141577440551541,-0.01653871068577223,-0.009285090136529728,-0.020292124529615818,-0.028196153457410777,-0.13580751023359738,-0.029614037700984974,0.004802088792613457,-0.0001504732952707366,-0.0031598348573613766,-0.016742167612128267,-0.030455494866113875,0.01098412188642961,0.03094508139188512,-0.057850215489496426,-0.0005798941206497932,0.00029031726687639425,0.01858232930120418,-0.03485690914478068,-0.03362688535200581,-0.040773191203711534,0.0046075820763678,-0.03599183655984528
0.06822861782281181,0.019911652378372224,-0.015259282329877777,-0.022014154413286968,-0.016384154874193035,0.02931442042622795,-0.012909956014475255,0.056933118051361364,-0.04097793156172019,-0.023583464973317758,-0.03211918744313541,0.0059058486887683115,-0.004307367707784726,-0.029938201612904503,0.15074352857022189,0.0077696662260900995,-0.00994455345143952,0.005106150531003384,-0.006481063941839171,0.0038386213884030185,0.08143584639198281,0.033346312268557166,0.06263229289561667,0.0,-0.012310669149420472,0.003158518965866053,0.013709956470732587,-0.07687108545148424,0.001691382483490378,-0.0030835322277081856,-0.03680327918257703,-0.048710281719753334,0.03403737539924623,0.023835205255651748,0.002302744406574686,-0.005697419315719265,-0.022961770911480328,-0.0006810192225948364,-0.038520821861526944,0.009379139882522924,0.043399094000034555,0.057512120205607475,-0.008904887795662342,-0.004482535237765428,-0.03463812152429008,0.028942393316683246,-0.006368802676117058,0.0,-5.551115123125783e-17,0.0005943419492770441,0.001078636914182196,0.0005092928677954967,-1.6653345369377348e-16,-0.0010587692643755364,0.02946053058385817,-0.000778889191684895,0.007117258428295137,0.0011302079663408349,0.0,0.002164333070662383,-0.008844518318148198,0.03591025566343692,0.0021480809529027534,-7.24280439049485e-05,0.0013062642071023922,0.007696182495149362,-0.0089276902784719,0.0018478003267101695,0.0805949887089833,0.018055147466057908,0.019059499046649775,0.003347676791658094,0.010180886680861423,-0.0021436391462181237,0.0,0.004416201321531754
0.015709678914947123,0.0541794168281583,-0.00888454892450219,-0.0003585583422578975,-0.0014725406241278272,0.04860968395606807,0.008939730828093406,0.05865243333317671,0.003281867685849593,0.013920292144944613,-0.01883998678742138,-0.004144524385037762,0.06645129448048093,0.01654363607971715,0.039468197105286484,0.04483812315395691,-0.02287475536872774,0.0014526008820997527,-0.0032364604167386957,0.06796807057350085,0.045223356752610744,0.06081535305056124,0.026368660018369516,-0.012310669149420472,0.0,0.007042933520419403,0.06812342844855895,0.0689202416333855,0.06205971697604623,0.0053487622001371915,0.013213144916766839,0.0512464623198538,0.026685187520886444,0.028109739230542607,0.04771872262033894,0.02410914550163712,-0.007883827637959195,-0.0025767875625751224,0.003766124175279828,-0.0251029109716423,-0.00629553127940613,-0.0020624261364364793,0.00210258312612871,-5.551115123125783e-17,-0.015721041299238847,0.012338457299131633,-0.009118855502973033,5.551115123125783e-17,0.0,2.220446049250313e-16,0.0032484575056223597,-0.008145250785792535,-0.019075463155457217,-0.0013405905239108895,-0.023692623095935506,0.0009035628195991907,-0.015375422242773495,-0.004102394211865756,0.0,0.00394326844737064,0.0027823602490770205,-0.018952997925613335,-0.013549438861885088,0.0,0.02474542562240145,-0.0023395873666200995,0.013410126157943736,-0.007871150488445111,0.006157949556464426,-0.01002166055827447,-0.009277876071641933,0.007911621301962213,-0.005449784914956957,0.01689059053262587,0.0,-0.006788899698424555
0.026513341575457483,0.022259003791586796,-0.0014317797669981536,-0.0013831714359333613,0.009149474388656598,0.027593585934238662,0.006662906040856176,0.054592938279625525,-0.00023712251587543198,0.007921314772860732,-0.02279940380393569,-0.0341933213912089,0.02718785916261368,0.0007600987147080573,0.040143512560555594,0.043510011110662605,0.002872730937283241,0.03081403727328691,-0.018852771690289982,0.06298563995007012,0.0291120168901019,0.013135903856869302,0.01472306270356738,0.003158518965866053,0.007042933520419403,0.0,0.013242289202487434,0.01215150114659247,0.02517853993038549,0.0019496782054985728,0.03252352708238959,0.05930237930373511,0.05793474028591733,0.05193947922228381,0.07179779732900671,0.03643693680451998,0.013630196974993292,-0.034420629014632775,0.011346152382189612,0.001092665612139998,-0.004561479928432033,0.003953988567160505,-0.0011660467299044464,0.00014141949718510238,-0.031740415164540736,0.03508835277781491,0.006639615633383278,-0.015288281843651497,0.0,1.1787211252334284e-05,0.017724015489674838,-0.009123157734577225,0.003798824210895335,-0.004764870469593396,-0.02234402498968846,0.0,-0.006868995813148482,-0.0009984202593965041,0.0,0.005757354339602783,0.013711678691734452,-0.026544529146512896,-0.011409082913772794,0.0,0.01411060743668513,-8.858301254816014e-05,0.016086320023654177,0.01660575958079391,0.013025586991792848,-0.007756086903083381,-0.008527631056418405,0.008222300914111413,0.006151374376459573,0.02405320189507759,0.0011687544322322996,-0.014282823890753138
