0.0,0.6829762361943889,0.3466541217552751,0.0,0.6663753901436651,0.3561155671044631,0.503950067061807,0.6026410590964455,0.43003283022370775,0.6802437633952944,0.430125053615401,0.6059790146872899,0.7700286289860272,0.4108539555753097,0.4030693115692422,0.9014177533141302,0.5900942921716584,0.8155621906303735,0.0,0.4896774901965207,0.43759097590528606,0.5495198604706906,0.5389550557074017,0.6235983493747143,0.6474025090707564,0.8408241873645863,0.5334300403944887,0.5198737927647876,0.6349432120165515,0.46108096166011914,0.7685763938526127,0.6038210809782592,0.816697598835399,0.6643625253033492,0.4448618779546582,0.6113680520694638,0.4963209642910684,0.5388832071873437,0.5423981864572185,0.6636528604505564,0.6771274880818821,0.8127806218605573,0.48067271255566923,0.0,-0.08880763364727418,0.5890913717164025,0.7020375886176782,0.0,0.0,0.0,0.4497734454978678,0.0,0.5139273061870413,0.0,0.6102290020566291,0.0,0.5315641839259784,0.6695325337418698,0.0,0.6241634690493594,0.5803953108770857,0.5055285768976062,0.6332375762465474,0.0,0.505630275859174,0.5387286603523525,0.6117434658443907,0.628817966435868,0.4670914148399371,0.678161157458492,0.6464181653133317,0.32566960480191126,0.4446270138040138,0.49958896890000354,0.0,0.8333729079833445
0.6829762361943889,0.0,0.5926000953233816,0.38684038963672684,0.6005993983403626,0.666733492508675,0.7790726580104457,0.7626381225408948,0.6321455978483765,0.5472041236001152,0.4723509232907673,0.5561331122443156,0.7194252339900771,0.5174835740160554,0.561124048810061,0.6646451314588975,0.4582989222894105,0.6035985732603447,0.7096165532588283,0.5544879385020016,0.5349502043511739,0.6515374742695557,0.6964336523418275,0.4803778914768909,0.46485269818701247,0.45904405456658853,0.679223567648475,0.6487683871791188,0.5383089717801941,0.6287334220743134,0.7325779413235906,0.4316624918875793,0.45170525021358204,0.6644657806085734,0.5253311745471164,0.6250042385998738,0.03418628349246554,0.0,0.5814802590908191,0.8429349812557708,0.6404668134166027,0.6760120990072332,0.5920174830898763,0.0,0.0,0.6035162791631291,0.7052945552395677,0.037758029270501633,0.0,0.0,0.6834229751348941,0.6923030956590777,0.3797618190685438,0.7391593795213545,0.7831135110558938,0.0,0.5382741035831295,0.6647290485118197,0.0,0.5393754865400306,0.6111439989077938,0.5668641937821959,0.5770687082990468,0.0,0.5797904317145451,0.5861998008622246,0.6753704217361036,0.6625857305564117,0.3208096029597611,0.5708487705681458,0.7016499594195728,0.5315742016327726,0.6674216802323545,0.739580813834207,0.0,0.7576079175970556
0.3466541217552751,0.5926000953233816,0.0,0.3591828176082135,0.40266936105845064,0.6570297602167816,0.7262624028736855,0.4766050810507304,0.1976884454566783,0.5607660732061603,0.25511615500225654,0.5983785425474515,0.7949955590587048,0.3128518474202064,0.4318099991936817,0.4134565886673812,0.5469977764227748,0.6700523036616112,0.09582386659524925,0.2945894961759278,0.5724334886110725,0.6198085600730899,0.28009149823336404,0.42240345870744134,0.766178767765251,0.7757506285917715,0.39399313764275495,0.7665633133715726,0.6413040053319448,0.7884863822510876,0.7242572253481884,0.6482051938674754,0.6343084601269537,0.7179815469541861,0.6293785439938526,0.43817021753547414,0.4956920361472189,0.3965230033856789,0.34030170154001393,0.46606458354358704,0.5003100059208158,0.6367909305040078,0.35284675531920573,0.5821847185324205,0.0,0.0,0.37819810283354166,0.6296448590733928,0.468691716569147,0.522048487146103,0.5118241705198578,0.5950366549179835,0.5908676256027793,0.4974319925763978,0.42077218611411177,0.46774546956197083,0.8475639034200543,0.6152113690704728,0.5531307076146907,0.35475244154543445,0.0,0.0,0.0,0.22042582691834153,0.8197337903290876,0.4242477253166955,0.24755902545480452,0.5513588250645609,0.0,0.5503189251029867,0.537946077948361,0.5157722088669029,0.5685497144640951,0.6572007669142643,0.6583756233422372,0.1978884867874184
0.0,0.38684038963672684,0.3591828176082135,0.0,0.6210284510141371,0.7293480028338444,0.5909840630956739,0.6334958185210533,0.7083841671223419,0.33872956919736136,0.4207594445722477,0.22534628263614626,0.640505515299822,0.5906494003291639,0.5362023750200835,0.26459988927418926,0.41379693603521434,0.47723796218664627,0.4981549532417246,0.4807650139416766,0.4946146040765016,0.47562652131427363,0.5483406797768351,0.12355003969318437,0.7979189275579945,0.6040473749121931,0.7259753487643315,0.38617488583604814,0.4928050718820758,0.6215114162308574,0.9956237394066103,0.41344352834455617,0.21446606368468252,0.2629472301428986,0.2359638042512118,0.49087733019337676,0.42235528989270815,0.2355532886949611,0.25731736247082704,0.3639504578329731,0.5652463877594947,0.29933512404601614,0.27438437004668714,0.1673234079887138,0.0,0.0,0.0,0.3964463673446331,0.0,0.0,0.8229602771673746,0.0,0.4715928356058232,0.3334693883405987,0.0,0.4767717872916296,0.49995025277357474,0.45082890822203,0.0,0.0,0.0,0.0,0.0,0.0,0.0,0.0,0.45084624472252516,0.6617108396973215,0.0,0.0,0.0,0.4014095314624806,0.45610716545115826,0.653591430174663,0.0,0.0
0.6663753901436651,0.6005993983403626,0.40266936105845064,0.6210284510141371,0.0,0.4089539610497154,0.5238594911761005,0.4767825086497097,0.3751801105597704,0.6789965026706422,0.3512109616877105,0.5841077571528782,0.748924090389479,0.5996448936792915,0.6953703972203138,0.99326308277456,0.621482557504269,0.6087433699270912,0.4195358677262466,0.7365954680365169,0.47978616744197095,0.6999990797473237,0.5901653480337623,0.620293247628228,0.5401375572671945,0.6357248179969772,0.4569483157736305,0.7809055775576594,0.9750016213657011,0.5404112392721485,0.6485679203075759,0.6990940374556135,0.6464662537172969,0.6683619738925449,0.6371249138746138,0.4153769724533656,0.2784957997237518,0.5423318660608074,0.4896761180807353,0.4471125042488241,0.5030332374550958,0.532931784873265,0.46528200464739455,0.44418684863702007,0.35195806835558163,0.0,0.3961609289023829,0.6186990714848336,0.0,0.5365618316190367,0.6598962212821848,0.6084306527263839,0.3795982676943398,0.6675772629852514,0.0,0.5593258821626728,0.37059518329923735,0.713199227131326,0.45887337325503463,0.5820706615298787,0.45285699727375983,0.0,0.0,0.538977561555049,0.5115308976458754,0.48821269337716133,0.6622718098131435,0.6033356584424261,0.0,0.4657978097678681,0.5956810170127793,0.5457919851598882,0.5754088097516261,0.39338004474598376,0.0,0.6273311888340898
0.3561155671044631,0.666733492508675,0.6570297602167816,0.7293480028338444,0.4089539610497154,0.0,0.7059004704604155,0.7683084082123011,0.38693505140709794,0.4712194528023477,0.3282630204156295,0.7215288657119394,0.7038763019186445,0.5562816550632121,0.7322427691279826,0.6237293058411488,0.5253705289033814,0.599060818480335,0.5096631160741663,0.6534286835001919,0.7433231089696732,0.5876280618684274,0.6241231451607354,0.5190206271130053,0.6742524421452076,0.8435992971357957,0.5288909722275321,0.548262337539436,0.5172818946513413,0.7964839844887551,0.772956724791128,0.6640227846009231,0.9590671035307662,0.7891376863758468,0.7541565902189293,0.6707954733628085,0.6901349533169651,0.5583436281194238,0.5712774596676292,0.4378019599350574,0.5214065161298176,0.48204591739718794,0.6684352453149023,0.6451038198047074,0.227732326214691,0.665693247696391,0.5964624858068835,0.44364887763932803,0.8218907026560662,0.45677162981548725,0.6453685560908966,0.6225790937855803,0.7101067798359391,0.4489166100779791,0.7266465882145197,0.6649242788282438,0.4970075207136442,0.6653106335163732,0.6144619068023657,0.6587075742725261,0.6601134931017134,0.0,0.5728334256018912,0.6311626754691797,0.743961487587443,0.4120066926374383,0.736863002805751,0.6445276819169728,0.5015658529605226,0.6115973894359796,0.782096057312923,0.6405540904434435,0.5312190780699395,0.728267252576849,0.4354988556245056,0.5363844828288421
0.503950067061807,0.7790726580104457,0.7262624028736855,0.5909840630956739,0.5238594911761005,0.7059004704604155,0.0,0.7556562026218977,0.6339585857185377,0.5702060242016298,0.5985477636361651,0.8157102521532942,0.9250720618656494,0.42407422220231794,1.0475130550959848,0.8060536623046141,0.6149430196715218,0.6606653415227199,0.5873759701766721,0.8164487458262151,0.7053696839508625,0.7875884531737551,0.8500125889069499,0.5392861033395212,0.706804249820911,0.86086282040325,0.739131934951802,0.4982711168930187,0.7944944793430999,0.6883688700373978,0.657336657971568,0.5473339483351942,0.5098320044403684,0.4365045730940511,0.7765444693777275,0.45172148698401265,0.26920514440978227,0.6247783227864955,0.6693851270119652,0.22109242911835592,0.45935562217617576,0.8469903865814145,0.5228884605399982,0.7782077345960408,0.1702531553458072,0.0,0.6263875422885508,0.3928731967074487,0.0,0.44903939604840964,0.6224568927539924,0.5808551305208957,0.6849380878280051,0.7284717656026716,0.6273085464823818,0.5021581015318506,0.41023282822890217,0.4860763384833594,0.20792242167228944,0.43370204307258264,0.529337464200899,0.0,0.4859066284701827,0.5413894961447081,0.6309763070087873,0.6496841967138617,0.768153627201777,0.6691304617586038,0.4644733514253952,0.6266906725249717,0.6740033622659578,0.6337738399438873,0.5728197711386089,0.4235820729412979,0.7867399210974988,0.41794857725035023
0.6026410590964455,0.7626381225408948,0.4766050810507304,0.6334958185210533,0.4767825086497097,0.7683084082123011,0.7556562026218977,0.0,0.7071497575694554,0.6309966102133312,0.21183763597655506,0.7467002226597997,0.818312795717745,0.5326515495404726,0.4101634773899522,0.8947591690621627,0.4623945438744558,0.6615624571394362,0.439230919387781,0.5918889216067795,0.5612992582311287,0.7734664782161218,0.5340160094103369,0.4979445281292249,0.6608617385859228,0.6879134267820273,0.679747650973497,0.7838559362784139,0.7266023339098849,0.7357815060083926,0.6963579472659962,0.6288870217348832,0.5675623833568777,0.6956038320876918,0.7163285213304538,0.3438511278614969,0.1544337258232381,0.4416661845719603,0.49824397533646236,0.4952270109018041,0.4844641049242779,0.45644471067764963,0.29564165314154217,0.4555811937801933,0.0,0.4838790174643315,0.3054566339280329,0.4387026962577254,0.0,0.4562480366826504,0.7932365014977742,0.47656180592457786,0.4154250995166511,0.4353642241178224,0.6550700588303866,0.3806574316333003,0.9477845302098145,0.6034471781337662,0.4066183771186216,0.6059660866297152,0.7177258215800003,0.0,0.5665093976221761,0.6378769322773221,0.691983875103596,0.7340198390496494,0.4541620606391582,0.6509958616867049,0.0,0.41575240908123107,0.4985509569924491,0.6682329866722622,0.5707128366252049,0.6520535785952571,0.4410975265304831,0.4526634727609129
0.43003283022370775,0.6321455978483765,0.1976884454566783,0.7083841671223419,0.3751801105597704,0.38693505140709794,0.6339585857185377,0.7071497575694554,0.0,0.6036835077596155,0.30569005634212587,0.6445368450744073,0.665364513111703,0.4318206184901265,1.0266555041030778,0.672804137207834,0.5680800610076212,0.5733149338949619,0.24318762884507616,0.8124255962211411,0.3935344308868315,0.8153454227872661,0.6372366596222931,0.6259867450543135,0.762112091019647,0.9278823790790512,0.5840736883053521,0.7313912308870474,0.7394410084374731,0.7512432786811445,0.6907288550395394,0.688451871667997,0.5724289057016286,0.7170794628889263,0.6910625918946585,0.678693616136384,0.6579265136161974,0.5706546626409008,0.7402756525755725,0.5072519395615065,0.34232485318146527,0.492979207408738,0.5410870289924405,0.539549859358543,0.3550549400966194,0.0,0.38378067243462627,0.6107273482680992,0.4611857469558134,0.740620022251828,0.7256121772756411,0.7464043174123816,0.7116024693206987,0.49550791029819863,0.405551369598155,0.5249279456976489,0.45333394349000933,0.6564903085796825,0.8966809453683124,0.5180912243213212,0.5749892580105234,0.0,0.0,0.6378037162772989,0.613205480202547,0.7251298200473162,0.8171371550685088,0.6909030968993755,0.4086796945604982,0.7027408917666385,0.4957629467195397,0.5803966013557512,0.18867385522913033,0.5162112542878116,0.3759542040798688,0.6746514878500933
0.6802437633952944,0.5472041236001152,0.5607660732061603,0.33872956919736136,0.6789965026706422,0.4712194528023477,0.5702060242016298,0.6309966102133312,0.6036835077596155,0.0,0.6077046949425937,0.4947040969783713,0.5980421505410682,0.6101945474566101,0.7205901465875033,0.7639581305220365,0.7603093823339206,0.6115081679089753,0.5349941682219896,0.6228405949323244,0.8781213888063203,0.48824219655908513,0.6512109500809121,0.5066906116128622,0.8013131705107721,0.7021108511460823,0.5030020417845982,0.7305431205125699,0.6123597092240006,0.44533026773955653,0.760279195276705,0.2643227174266142,0.9915223504673589,0.868282740187676,0.5114961044263321,0.7871769515367332,0.4890602807066346,0.5742859624274927,0.5138904510628886,0.45995956804978255,0.6472517309654953,0.44978790999293633,0.6575051996756516,0.34814119383965325,0.4183271871111,0.5850269049381522,0.45811017600456816,0.3452567969594522,0.46686390882334794,0.4389302907659778,0.5925953543578478,0.16337633882025868,0.7083037753130438,0.5927567415883096,0.518490561568362,0.3502977712436743,0.5042892567612031,0.42263188805404067,0.0,0.6154541035698109,0.7522059881919649,0.5678156440340456,0.7339465893173174,0.47117016112336674,0.4667516923014441,0.5265080530298991,0.6054948216785336,0.5052836351081265,0.4189884577412738,0.610155378789766,0.5742616492749253,0.6825579431588247,0.5403331752670246,0.5534960988003534,0.0,0.7224032770200066
0.430125053615401,0.4723509232907673,0.25511615500225654,0.4207594445722477,0.3512109616877105,0.3282630204156295,0.5985477636361651,0.21183763597655506,0.30569005634212587,0.6077046949425937,0.0,0.6005773509396997,0.5921266041373099,0.43540122532700104,0.0,0.4883104719015159,0.5275915075047932,0.4922402068227587,0.31026142323972616,0.4531592206715707,0.363491208641214,0.44393202998943115,0.1604903129903762,0.6237657998286661,0.5358816727675059,0.5447823007733991,0.5161639407400164,0.6039175649859123,0.3819867305958249,0.4178554377331558,0.5101520855186241,0.46275738686281487,0.6082716631956118,0.5317035890126837,0.5556769877700325,0.37125942563780956,0.6691160578506816,0.6297358189650188,0.2546147289158031,0.5770624154094763,0.3613378465493715,0.39429043895873134,0.3056783859996381,0.4801617977010143,0.22387981474849805,0.0,0.0,0.4344460388296476,0.47075237810921633,0.47501917021524864,0.41170040261269464,0.4709540264229274,0.27886297419892303,0.3464790335156347,0.44728809510176704,0.18874641943275122,0.2772706656842537,0.6020607779055231,0.27318248454555466,0.0,0.0,0.0,0.0,0.3650866476316132,0.5316931307453875,0.0,0.529739298905289,0.40443603564752095,0.0,0.0,0.8733000854630127,0.3734081872092895,0.4178344811771809,0.22114822519382082,0.0,0.5010102525594489
0.6059790146872899,0.5561331122443156,0.5983785425474515,0.22534628263614626,0.5841077571528782,0.7215288657119394,0.8157102521532942,0.7467002226597997,0.6445368450744073,0.4947040969783713,0.6005773509396997,0.0,0.4536684588448561,0.45536795849038014,0.3802948108853469,0.7692272033307462,1.043369575826122,0.8626512865473372,0.5563823880688332,0.18165149336277125,0.733318817358448,0.48599707517446766,0.5940804681671183,0.46036341541760684,0.9320099327212137,0.5114680649510939,0.5744104086522397,0.6105373862152254,0.6002527779894364,0.4037318878690045,0.517195243732471,-0.03170485666074896,0.747527808884951,0.5306319621039146,0.42918578769275106,0.45836963227178246,0.34229263109117314,0.38312004950922873,0.9214179682447925,0.39383582685360374,0.5565122558398066,0.16566034694117515,0.32569457459672946,0.44252131259929967,0.3664901874334797,0.166108214625226,0.45290340530103534,0.5567312608566697,0.4197916587648226,0.36639499710007944,0.35009982642673365,0.32236236498215065,0.3687694746729428,0.41171348655373863,0.5042467439496918,0.177647162594798,0.5530969699239721,0.6085344024712733,0.5281671712137745,0.5187538466361815,0.47089770592289365,0.6753271694929027,0.6728131361243928,0.45695547882756143,0.8319502087973727,0.7969981086371632,0.46525613343963845,0.3981376203023604,0.3909578835097184,0.5529154583904852,0.5454499038125571,0.49259841191899684,0.6856367367338141,0.4731106357084497,0.0,0.7335143312014849
0.7700286289860272,0.7194252339900771,0.7949955590587048,0.640505515299822,0.748924090389479,0.7038763019186445,0.9250720618656494,0.818312795717745,0.665364513111703,0.5980421505410682,0.5921266041373099,0.4536684588448561,0.0,0.5912616344908745,0.8088113353884845,0.7532083573511834,0.5838411421685078,0.687981933057362,0.6186354211197642,0.8132523994111263,0.8313722662668553,0.7084399253304272,0.8781735762001774,0.38330254906539973,0.7402590839416257,0.8489252371273764,0.8033998015444764,0.6635661714926784,0.8380061192911944,0.7652881560409291,0.5170888542976985,0.5033889386035723,0.25439167139388585,0.440755764244906,0.6635980710858026,0.5774246152691286,0.14902772041335116,0.4548612914827218,0.6222536488396936,0.45129289623201796,0.5992833151974094,0.5925313600717261,0.6406042720916987,0.28609977655031005,0.33346354021975894,0.7021695790819603,0.6921403580376431,0.6420139820894564,0.0,0.6919573465781589,0.7877766431551468,0.6692861443142792,0.7090619926591031,0.6537250927442013,0.4623756286735343,0.5659610453021735,0.6727693915157227,0.6134741297823938,0.4733848236106326,0.494798597718035,0.5480180850943656,0.5688134921985323,0.6106960221493647,0.5435020027902481,0.6341572715044295,0.6514803692087914,0.6368697447578733,0.7148183915333617,0.5236657337919277,0.5563513562883191,0.5343920792522897,0.7266500433639945,0.6374506863063503,0.6736822567149419,0.43996634412948943,0.505780370942889
0.4108539555753097,0.5174835740160554,0.3128518474202064,0.5906494003291639,0.5996448936792915,0.5562816550632121,0.42407422220231794,0.5326515495404726,0.4318206184901265,0.6101945474566101,0.43540122532700104,0.45536795849038014,0.5912616344908745,0.0,0.40216477585500804,0.5057026602980808,0.46112503795363796,0.49362558914486593,0.4186425612930523,0.4838679645915145,0.5064098014752936,0.17173606834661406,0.5308143742318453,0.5626116064173285,0.4106531611700717,0.4988546233961305,0.5124683337467824,0.25817305609994745,0.5596942541158343,0.38154914310918264,0.35367252046641096,0.4443532957034838,0.171084613303721,0.7171729340862445,0.18903088986626157,0.36717639952689696,0.2966988594557516,0.34856050998633126,0.5269022567591619,0.0,0.6655540646820157,0.6704698668068554,0.39291195379905874,0.46798567670869184,0.0,0.0,0.0,0.43201843836501364,0.0,0.38166962658756354,0.4320266716805595,0.4190851239258496,0.3600918753003917,0.4592954428681252,0.0,0.6046844427836109,0.36817215982451823,0.3305083527124721,0.28305018256246556,0.0,0.0,0.0,0.0,0.46926666306522913,0.0,0.0,0.0,0.23232803175081226,0.0,0.0,0.0,0.6037704531589511,0.5599874347026629,0.0,0.0,0.0
0.4030693115692422,0.561124048810061,0.4318099991936817,0.5362023750200835,0.6953703972203138,0.7322427691279826,1.0475130550959848,0.4101634773899522,1.0266555041030778,0.7205901465875033,0.0,0.3802948108853469,0.8088113353884845,0.40216477585500804,0.0,0.7347664544810455,0.39015621348606083,0.6462941380706695,0.0,0.6494536076617146,0.37639154423750365,0.6797403271780587,0.6357101272345469,0.5261648977986769,0.639995174334633,0.6349615522410174,0.5877469320350805,0.4925688738110412,0.48382293215807337,0.35540440193560496,0.5779931516882078,0.3795514744663775,0.5463342245637869,0.6352538500317919,0.6017218571338718,0.5086564099777174,0.4972840888702963,0.3795897292929772,0.38664205418902275,0.47364265359339364,0.5408281057091555,0.4561526190809844,0.5117200950194822,0.7893648544491617,0.0,0.30689892984380734,0.5778892895675604,0.5248027773126192,0.0,0.0,0.556429540933694,0.70955967546248,0.5135447424552243,0.5885103144458992,0.0,0.0,0.5033159478980607,0.5996709186777947,0.47236702162202926,0.5507393699749836,0.49153121822696844,0.53316330571671,0.7957935541733194,0.0,0.6435252567458236,0.35854433234048433,0.6225691767610807,0.6527411252751638,0.4534479410473655,0.6851689477023033,0.43395524552172776,0.5510034239906089,0.4653307396541656,0.4348511106173836,0.4659123735922246,0.20843315865200013
0.9014177533141302,0.6646451314588975,0.4134565886673812,0.26459988927418926,0.99326308277456,0.6237293058411488,0.8060536623046141,0.8947591690621627,0.672804137207834,0.7639581305220365,0.4883104719015159,0.7692272033307462,0.7532083573511834,0.5057026602980808,0.7347664544810455,0.0,0.6112545501369875,0.7716852029416477,0.4536447282114723,0.5434325125712963,0.8173195168362317,0.6327844674347791,0.8030094660026259,0.7086767097926958,0.7664564056221831,0.8835994600334238,0.6560987954074499,0.6009660410092752,0.5344235892407745,0.6016178197197871,0.803097806901754,0.5774096926309631,0.7544456224270726,0.6319129902224302,0.6449169655289193,0.7370849179060437,0.446648089180809,0.7046422562856449,0.8003756778097157,0.8215767102385949,0.8903685766686101,0.7298793168459894,0.47300088254579653,0.0,0.0,0.6901640102501048,0.886682991806643,0.0,0.0,0.0,0.5474844026438062,0.7614910733283005,0.9309639372333133,0.0,0.6326867689701117,0.0,0.5643629936114022,0.6437031912333626,0.0,0.6432399906109423,0.7587763854085507,0.7391957672742236,0.6571307903312933,0.0,0.7209954357440012,0.7224563727970881,0.8500583178260341,0.708002454779811,0.4761893889223595,0.8299049700498594,0.8512153338672978,0.6095222613044851,0.6114084727314919,0.8605110933469331,0.0,0.7601349750719621
0.5900942921716584,0.4582989222894105,0.5469977764227748,0.41379693603521434,0.621482557504269,0.5253705289033814,0.6149430196715218,0.4623945438744558,0.5680800610076212,0.7603093823339206,0.5275915075047932,1.043369575826122,0.5838411421685078,0.46112503795363796,0.39015621348606083,0.6112545501369875,0.0,0.6812936563960474,0.585616050435247,0.5029890831013087,0.679662210827598,0.600116436088755,0.5662694749072719,0.6827203046310457,0.7539550115264444,0.72594358358435,0.4502462705661424,0.8874160659284438,0.4538746330925796,0.4346639952038234,0.7371918063933565,0.5629065395518765,0.8466106294186249,0.7573590554889282,0.4434614087421189,0.5266830634237183,0.34729146603155175,0.5231948197001984,0.6325624459519232,0.5679771102341253,0.5740620983918857,0.7093232451309688,0.0,0.0,0.5385807987696789,0.8291234926553512,0.7579179146614715,0.0,0.0,0.0,0.0,0.0,0.0,0.0,0.6036388716406215,0.0,0.5793892344494147,0.286693242615322,0.0,0.576460274762737,0.5556705991520311,0.7610467700354252,0.5728289771765256,0.0,0.0,0.0,0.4482343452071517,0.0,0.8635148080337086,0.6577292658580087,0.6093381549159121,0.0,0.2103525139825835,0.4623851561858737,0.0,0.6401920847630337
0.8155621906303735,0.6035985732603447,0.6700523036616112,0.47723796218664627,0.6087433699270912,0.599060818480335,0.6606653415227199,0.6615624571394362,0.5733149338949619,0.6115081679089753,0.4922402068227587,0.8626512865473372,0.687981933057362,0.49362558914486593,0.6462941380706695,0.7716852029416477,0.6812936563960474,0.0,0.49083997334905616,0.5450545854731859,0.7851567227183428,0.5966547427917005,0.719971338162407,0.6694838171823247,0.7547165891304441,0.7612367356487884,0.6862315017190129,0.5971765246678462,0.5383704310698729,0.6444336487767088,0.6010496359445692,0.5932691855032562,0.8172644155324618,0.8099280655238759,0.524303256442983,0.7678768466636592,0.3950571989167404,0.32614640893832075,0.6908205133786502,0.5232720080302216,0.6844672879486801,0.6851737996853662,0.0,0.0,0.5788513929899314,0.7905950414391464,0.8518959662141294,0.0,0.0,0.0,0.5894278327165181,0.48188094607245596,0.6050833315363148,0.0,0.6604946723059937,0.0,0.6191476373692497,0.5323074434068985,0.0,0.5942002094351426,0.7104486790225195,0.4573059316642031,0.5275424235326853,0.0,0.48177804846397376,0.8149243697899653,0.7439520614318409,0.8622412068849323,0.5467177219159988,0.6936048707997762,0.72217885351826,0.5855943521368696,0.672618772715917,0.6051400633309928,0.0,0.655655789471068
0.0,0.7096165532588283,0.09582386659524925,0.4981549532417246,0.4195358677262466,0.5096631160741663,0.5873759701766721,0.439230919387781,0.24318762884507616,0.5349941682219896,0.31026142323972616,0.5563823880688332,0.6186354211197642,0.4186425612930523,0.0,0.4536447282114723,0.585616050435247,0.49083997334905616,0.0,0.5013868647309353,0.7218194516444866,0.7414424128085402,0.1495393283631424,0.6101029188585674,0.6322789629646884,0.6210035947988148,0.2929442571065175,0.6247999787267104,0.5160168397911469,0.6347088730405184,0.5813442357570965,0.5742284984049567,0.5039962764288575,0.5934682442537123,0.42238255542404457,0.46216057692777757,0.5012888177723909,0.3048821565811879,0.7295253072207499,0.4461276215690151,0.35413845336450733,0.5402836825552155,0.6321350851813687,0.567970331093129,0.010952061498284142,0.0,0.0,0.577161257795867,0.0,0.5178657691358345,0.49869521494053604,0.6499428634672031,0.5478536011862811,0.4617189890173945,0.5887742551300226,0.39528510014255036,0.5341329804199159,0.5068242092759897,0.04344664492090505,0.0,0.0,0.0,0.0,0.5551471107005307,0.46962031186030995,0.0,0.48686228426457057,0.6251552243848058,0.0,0.0,0.0,0.6562313718325918,0.4207645791820356,0.2898494384369128,0.46107441018352086,0.4572106015522078
0.4896774901965207,0.5544879385020016,0.2945894961759278,0.4807650139416766,0.7365954680365169,0.6534286835001919,0.8164487458262151,0.5918889216067795,0.8124255962211411,0.6228405949323244,0.4531592206715707,0.18165149336277125,0.8132523994111263,0.4838679645915145,0.6494536076617146,0.5434325125712963,0.5029890831013087,0.5450545854731859,0.5013868647309353,0.0,0.5045076888481173,0.610998885207467,0.7355729393199089,0.4487472918089912,0.5436252204499298,0.6957665781910216,0.4899640499637269,0.6065276883993951,0.5404496741400029,0.5193196349072104,0.5821251833611161,0.441584678573675,0.5932871611295883,0.6821817907926504,0.5899655452588153,0.6352200130760298,0.33559248569470723,0.6849858800616951,0.3797523881275612,0.28535248970653115,0.5427916600710604,0.42736994450791127,0.49638620640287345,0.11824546416824788,0.318536913049178,0.577319947552244,0.7553448492728385,0.6586929254972529,0.0,0.0,0.6373437778593064,0.5131329297956252,0.5513175323908011,0.48167122569777915,0.7814019493897915,0.0,0.3894701036475663,0.49079354718011003,0.0,0.433686954402688,0.46996079408329644,0.4761754556044073,0.6128858963099342,0.0,0.4325155658810611,0.36855865853446707,0.5132204907483733,0.5068516080340175,0.0,0.6214745679813669,0.42399811920252617,0.4864624143442919,0.47001805941023117,0.4829143036825284,0.4282640892246448,0.49003754463982674
0.43759097590528606,0.5349502043511739,0.5724334886110725,0.4946146040765016,0.47978616744197095,0.7433231089696732,0.7053696839508625,0.5612992582311287,0.3935344308868315,0.8781213888063203,0.363491208641214,0.733318817358448,0.8313722662668553,0.5064098014752936,0.37639154423750365,0.8173195168362317,0.679662210827598,0.7851567227183428,0.7218194516444866,0.5045076888481173,0.0,0.5793480682527808,0.6213145109750218,0.5085720125569342,0.7389279506721622,0.7354986453267844,0.5920595294478617,0.6383753359649618,0.5829888522088092,0.5436757419235972,0.6363806320395401,0.36533583747827764,0.5474266283833082,0.5206684063590142,0.538407096827918,0.3889538990233231,0.5039185544141893,0.3348946917031594,0.5084626169330111,0.6605631629942499,0.5701244478278472,0.5107755294261536,0.70684069414811,0.0,0.0,0.5489822077591651,0.6822739647901502,0.7387102543640454,0.0,0.0,0.7052098987523873,0.3580387593337056,0.48256111764538856,0.6008549722304212,0.7048239556910125,0.0,0.7788701226714579,0.4563035343691999,0.0,0.36490226898339406,0.5885917434001794,0.0,0.7399784537658267,0.0,0.5545727957870377,0.5651557618854115,0.5770365087648591,0.5090443297125321,0.535304243654805,0.5312384327639084,0.6736192876996312,0.4990398779792259,0.5563302502282432,0.6218589421763524,0.44445719936432665,0.3231363295735342
0.5495198604706906,0.6515374742695557,0.6198085600730899,0.47562652131427363,0.6999990797473237,0.5876280618684274,0.7875884531737551,0.7734664782161218,0.8153454227872661,0.48824219655908513,0.44393202998943115,0.48599707517446766,0.7084399253304272,0.17173606834661406,0.6797403271780587,0.6327844674347791,0.600116436088755,0.5966547427917005,0.7414424128085402,0.610998885207467,0.5793480682527808,0.0,0.7737511225223317,0.37263814522845795,0.7094679723861395,0.8879895706235241,0.5652299559202107,0.6327882498195121,0.4626450987009961,0.5990130892350304,0.6549520895703664,0.5644278561410361,0.6049389135567621,0.8451260456056775,0.7081855817762118,1.147624105162149,0.6166574876711004,0.49903876492021404,0.5632051908723179,0.6663455062919503,0.6654873180904636,0.5514851485067274,0.4222782730989774,0.4530783650554566,0.37726445972074263,0.7450970673413971,0.8092102234739975,0.5925657431647494,0.46939835903228644,0.3955523585698314,0.7739336613373402,0.7704066653154269,0.5658078814169303,0.7799684369575723,0.45934907655361756,0.0,0.5722443229331249,0.6405069190195052,0.0,0.5685068126254817,0.674447938564927,0.6914647296212723,0.5686592191022628,0.0,0.48534113817984337,0.5262154743201651,0.594574316186557,0.5096365078413176,0.6507565736287698,0.5873729138587147,0.643372449855355,0.5129778670481234,0.4850743508268517,0.6253836976568865,0.47862790979331804,0.5897845789943996
0.5389550557074017,0.6964336523418275,0.28009149823336404,0.5483406797768351,0.5901653480337623,0.6241231451607354,0.8500125889069499,0.5340160094103369,0.6372366596222931,0.6512109500809121,0.1604903129903762,0.5940804681671183,0.8781735762001774,0.5308143742318453,0.6357101272345469,0.8030094660026259,0.5662694749072719,0.719971338162407,0.1495393283631424,0.7355729393199089,0.6213145109750218,0.7737511225223317,0.0,0.5920564240646327,0.7081139383802509,0.6281580500220358,0.5023703671002012,0.6732591007194083,0.7136302239777876,0.6635330962210675,0.6648438976052526,0.5804093664033103,0.618970400505094,0.7013534666226999,0.7120262372826488,0.45011485955405023,0.6421914804101667,0.4079255069221772,0.5852680951947493,0.5689062106208232,0.5781500783662452,0.5879186940643288,0.34344242918845114,0.5843091577695317,0.3306442890025149,0.4457821649161464,0.501045303422027,0.5504546721377561,0.47481476572904757,0.5572012433388034,0.6659566721925787,0.48932490881498975,0.6392220005943249,0.4812220314570286,0.6298096567348624,0.5493411236761938,0.6739016249318855,0.49537542569253756,0.4420980350625535,0.5450543032038693,0.6544254352875729,0.4667516923014426,0.6868706124756769,0.6076327876681087,0.6107115368207271,0.5513891693761687,0.48581304983633633,0.7298039484984833,0.3340012610999114,0.64249476836048,0.5813018275293519,0.556879909059858,0.5122763637201959,0.614245691876449,0.5106094789635445,0.5291480610223951
0.6235983493747143,0.4803778914768909,0.42240345870744134,0.12355003969318437,0.620293247628228,0.5190206271130053,0.5392861033395212,0.4979445281292249,0.6259867450543135,0.5066906116128622,0.6237657998286661,0.46036341541760684,0.38330254906539973,0.5626116064173285,0.5261648977986769,0.7086767097926958,0.6827203046310457,0.6694838171823247,0.6101029188585674,0.4487472918089912,0.5085720125569342,0.37263814522845795,0.5920564240646327,0.0,0.7237781842248163,0.4614035230562593,0.4532143259344914,0.6352392037394575,0.6513717550256949,0.9339614018193175,0.5553703818955121,0.04421570935988711,0.5880577315107319,0.34369860498386523,0.2558926214269063,0.2777332659295345,0.33890723740006284,0.5255012962439416,0.7319450858311006,0.6791837561211256,0.6232034158624378,0.5792262791039224,0.3670187578290646,0.5112628863747065,0.522319066962382,0.49731541954610553,0.5241230650582697,0.0,0.0,0.48698798240059127,0.4452920465189805,0.4025902678919804,0.0,0.2857577049069193,0.5207085938001546,0.4845917210141891,0.5313121684410103,0.4469919621658619,0.0,0.3648942773975028,0.6039655933612673,0.6219370886244256,0.617093670874995,0.45904064832332075,0.428053613587409,0.5803368209771895,0.3579424481265509,0.6888090549960826,0.4570517693966575,0.6359554615897782,0.5677507057223895,0.38344278687124056,0.45733906885627773,0.8878141518723172,0.0,0.572282256424099
0.6474025090707564,0.46485269818701247,0.766178767765251,0.7979189275579945,0.5401375572671945,0.6742524421452076,0.706804249820911,0.6608617385859228,0.762112091019647,0.8013131705107721,0.5358816727675059,0.9320099327212137,0.7402590839416257,0.4106531611700717,0.639995174334633,0.7664564056221831,0.7539550115264444,0.7547165891304441,0.6322789629646884,0.5436252204499298,0.7389279506721622,0.7094679723861395,0.7081139383802509,0.7237781842248163,0.0,0.4720094147170729,0.7353655014322744,0.7353131225232113,0.545515249892754,0.5453431937687218,0.7725419049706745,0.420739476208953,0.9093115044620994,0.6941729279439636,0.45959591361785757,0.5700440779637794,0.6261803038136227,0.802604866858182,0.6652010259333105,0.6481081808991226,0.7855077354541105,0.6766129631684781,0.1617556131013715,0.0,0.4738083001438239,0.7857238877075778,0.7782121908175026,0.0,0.0,0.0,0.5458628227861662,0.6285886494774426,0.6228293361433537,0.43780914106257796,0.6678780070887986,0.4644459268568849,0.710640241912485,0.472308932428876,0.0,0.5152122058744147,0.6420317013919805,0.5170033520909617,0.7076604774064796,0.0,0.6934458388032236,0.6146200516845349,0.6579891145925101,0.5276451878222781,0.6727490702757055,0.7177336289534655,0.7024113412165387,0.410063457811662,0.5824972854987515,0.554761789289447,0.0,0.6592684785902788
0.8408241873645863,0.45904405456658853,0.7757506285917715,0.6040473749121931,0.6357248179969772,0.8435992971357957,0.86086282040325,0.6879134267820273,0.9278823790790512,0.7021108511460823,0.5447823007733991,0.5114680649510939,0.8489252371273764,0.4988546233961305,0.6349615522410174,0.8835994600334238,0.72594358358435,0.7612367356487884,0.6210035947988148,0.6957665781910216,0.7354986453267844,0.8879895706235241,0.6281580500220358,0.4614035230562593,0.4720094147170729,0.0,0.7146342657022806,0.815643306328331,0.8102552007415287,0.5224285970653277,0.7370117730872898,0.626290056224249,0.7231687870455332,0.7299049753828636,0.6322545244726971,0.4290423404370218,0.5840710029110782,0.6703643793344468,0.6994456806088805,0.6816734094312197,0.9389396346915879,0.5802366098180163,0.3874192498632211,0.5079550398774404,0.2469053279879713,0.7257338909534732,0.8016397797589885,0.8888961269853153,0.0,0.005915418309187654,0.7669988182143294,0.5470621371248987,0.5375454162468601,0.6485267434204443,0.6555350472896266,0.0,0.713735557951229,0.739021224242558,0.0,0.6142736335487843,0.6766357370053941,0.5727285020002659,0.7058846193170694,0.0,0.6393280688920198,0.6978755637245195,0.7804594665941245,0.5654098113987956,0.6470988292437735,0.7253102837299098,0.7584167125980282,0.626793849409834,0.5856986946526842,0.8534006283109163,0.44655864592803995,0.6357188868451393
0.5334300403944887,0.679223567648475,0.39399313764275495,0.7259753487643315,0.4569483157736305,0.5288909722275321,0.739131934951802,0.679747650973497,0.5840736883053521,0.5030020417845982,0.5161639407400164,0.5744104086522397,0.8033998015444764,0.5124683337467824,0.5877469320350805,0.6560987954074499,0.4502462705661424,0.6862315017190129,0.2929442571065175,0.4899640499637269,0.5920595294478617,0.5652299559202107,0.5023703671002012,0.4532143259344914,0.7353655014322744,0.7146342657022806,0.0,0.7427829116987301,0.48816693772745395,0.6990963644448172,0.6945479195856015,0.5498227733450273,0.7418474528663319,0.7383113446394418,0.6478346775254331,0.47515384225702884,0.6979113864714961,0.48905542099946797,0.5003496002231104,0.47423811480634687,0.5505297860892677,0.5860366085716318,0.5231102149673938,0.6155675688804686,0.265900072339487,0.6160068641982065,0.525546878511545,0.4466039287951109,0.5170161684154987,0.6680332617345608,0.7036846015160525,0.3864711912122114,0.635298296248374,0.4926774752220949,0.787515469218808,0.551346541052615,0.3921220522831207,0.5221394951991961,0.513961420176806,0.5226897080567078,0.5335778921047636,0.0,0.48064291974965667,0.6378039735529726,0.5264966070719448,0.6918946528510954,0.5686038369919055,0.6654509281367692,0.0,0.588246452649843,0.5753163588442586,0.6457039872685439,0.5322158686837914,0.6622169196026808,0.48946381294667984,0.5070548455849612
0.5198737927647876,0.6487683871791188,0.7665633133715726,0.38617488583604814,0.7809055775576594,0.548262337539436,0.4982711168930187,0.7838559362784139,0.7313912308870474,0.7305431205125699,0.6039175649859123,0.6105373862152254,0.6635661714926784,0.25817305609994745,0.4925688738110412,0.6009660410092752,0.8874160659284438,0.5971765246678462,0.6247999787267104,0.6065276883993951,0.6383753359649618,0.6327882498195121,0.6732591007194083,0.6352392037394575,0.7353131225232113,0.815643306328331,0.7427829116987301,0.0,0.6164384780662735,0.37390794485669665,0.5028051654860844,0.3644576428446634,0.42279346698324344,0.1683492222096774,-0.10458738029592735,0.4436848540749504,0.2472185248985571,0.5956172046162165,0.6234288721738316,0.4609395201502834,0.6446500767259051,0.21360208779343037,0.5913214658879149,0.5305201095701138,0.7380532851190771,0.6536263942386504,0.6181889997756768,0.5887212058694812,0.0,0.7229064759460064,0.6599534053777583,0.5744209773623669,0.6663040250971219,0.613351000322669,0.6784877448709742,0.47988881849807447,0.6804021885296468,0.5735473406411741,0.4203263384981305,0.5902305710194642,0.36989609628127257,0.3140374481021192,0.6278139041804089,0.5557751835960791,0.5892245504619994,0.571454703261107,0.6304892049628591,0.6284536720510461,0.41220802738737583,0.545976500100509,0.6690667118965874,0.6728865932748015,0.6510930334213798,0.6496826642200124,0.6089512425262751,0.5872671865056358
0.6349432120165515,0.5383089717801941,0.6413040053319448,0.4928050718820758,0.9750016213657011,0.5172818946513413,0.7944944793430999,0.7266023339098849,0.7394410084374731,0.6123597092240006,0.3819867305958249,0.6002527779894364,0.8380061192911944,0.5596942541158343,0.48382293215807337,0.5344235892407745,0.4538746330925796,0.5383704310698729,0.5160168397911469,0.5404496741400029,0.5829888522088092,0.4626450987009961,0.7136302239777876,0.6513717550256949,0.545515249892754,0.8102552007415287,0.48816693772745395,0.6164384780662735,0.0,0.34543833735389284,0.3140852837978846,0.3361284389630753,0.702242551130885,0.5546508977551898,0.5183929366856271,0.08944001254479939,0.4259506698526197,0.49900590276482937,0.41000577614692163,0.5413128122006478,0.49925527862823704,0.4601529030493817,0.3357295072871078,0.5127924088967143,0.3765967474674442,0.6176455831754035,0.5142113187762558,0.6353630780363422,0.4880394980258945,0.3941960827542234,0.6138186151763831,0.5810895172136961,0.6222711675070569,0.443638456804471,0.6378968753413563,0.5337944421315328,0.4438984628636258,0.5330676193804548,0.5891705509139848,0.412224241406559,0.5291321179325961,0.4696325202383364,0.5942425155766082,0.5116252658104227,0.47320707385968735,0.5209059326593494,0.5633054873677599,0.650928760079746,0.44864385898784576,0.5770435627828718,0.7563107874815322,0.580848809127014,0.5763573000073252,0.6091192439506548,0.43087829294417856,0.5013128123757291
0.46108096166011914,0.6287334220743134,0.7884863822510876,0.6215114162308574,0.5404112392721485,0.7964839844887551,0.6883688700373978,0.7357815060083926,0.7512432786811445,0.44533026773955653,0.4178554377331558,0.4037318878690045,0.7652881560409291,0.38154914310918264,0.35540440193560496,0.6016178197197871,0.4346639952038234,0.6444336487767088,0.6347088730405184,0.5193196349072104,0.5436757419235972,0.5990130892350304,0.6635330962210675,0.9339614018193175,0.5453431937687218,0.5224285970653277,0.6990963644448172,0.37390794485669665,0.34543833735389284,0.0,0.4922926665254268,0.38110138957693884,0.48041060963067417,0.5066187012570704,0.49462077883151073,0.5886008858021664,0.2600117645440054,0.5606818521735597,0.6547708047339764,0.45467684064909963,0.5775455506040226,0.5560711288686947,0.8111775396496872,0.248207091514255,0.0,0.0,0.0,0.32833391645222554,0.0,0.0,0.5521124302388846,0.5738789804353346,0.3631803565280028,0.693254034635061,0.4425616955460238,0.0,-0.0035162881526765236,0.4928202392666061,0.0,0.442478945501358,0.0,0.0,0.9103085566207986,0.9135334955364074,0.5765244114998247,0.5180181229023716,0.6302178536007652,0.7066028475226193,0.0,0.4156504773656204,0.46783606413467554,0.7434533602245122,0.6550097276830451,0.6252479249223076,0.45832058463672376,0.36568820971420535
