0.0,0.04237012089301806,0.0616450938611961,0.0,0.009638304435417466,0.02217848804100514,0.015315295588791633,0.05005720632435606,-0.0037564066193551127,-0.014082746989638073,0.059466177030630174,-0.0010438669071170525,0.0029052543658993346,0.029805708842125855,0.04722884912196451,0.038013780834659006,0.007453932436119137,0.04349522095373365,0.0,0.0012687901267879886,0.08786594533965653,0.043719142908270725,0.06996555612667144,0.04067576595513894,0.04270308335661893,0.02185117849724383,0.022958325792967416,0.010237920372780596,0.020215018834794374,0.0031768157679065157,0.05881442546119203,0.04842146613499737,0.020662111107473735,0.04438847596287443,0.044388852896055264,0.02020468599264036,0.0006008256773297194,-0.022679569433979252,0.030130543784853414,-0.004228157083193185,-0.0014628988243187147,0.02793249618877952,2.4321789728165566e-05,0.0,0.001797165425676539,0.07450034793961441,0.015878482773524938,0.0,0.0,0.0,0.07303785835592458,1.1102230246251565e-16,0.033364847468329184,0.0,-0.019813997111549297,0.0,0.0005561342317023099,0.0005429990795458584,0.0,0.0013995533360549595,0.01430247393989248,-0.030991359569805366,-0.0006226421572116392,0.0,0.029336398070400616,0.01704129002703164,0.01464989821477719,0.0030207392545328338,0.04908703513641233,0.003764973515747505,-0.00026165744532308244,-0.004606083860507926,-0.00026670370123887954,0.04241812749944707,0.0,0.010657442206397527
0.04237012089301806,0.0,-0.004668992990741139,-4.8487533994168164e-05,0.015870957286085174,0.015477890994447019,0.012284780527011763,0.0019483301952296084,0.017115765117000192,0.006467321309089835,-0.006736605788120187,0.003946153945961484,0.009326417857240366,-0.0023058510407419908,0.017339812579141578,0.021571411345522096,-0.005848601026125,0.039256071035335904,-0.013948487057468872,0.019488016906575367,0.04301100732241092,0.00451611805242802,0.0012030648932543908,0.008323342701180125,0.02013914935319977,0.015408190516057685,0.023063635399216187,0.020098787416402975,0.02284851223929718,-7.555533713876628e-05,0.04341818484741666,0.041924393180423014,0.0705462697891705,0.03777931416890756,0.02264886118532894,0.008230163462841389,-0.0012924766758802275,0.0,0.019908912534467138,-0.0018938173350053211,0.005379528543501322,0.0158930964369155,-0.009361548881287485,0.0,2.220446049250313e-16,0.031775442901604556,0.02452985686425596,4.355533790528776e-05,0.0,0.0,0.012260600218120143,1.3023959581914824e-05,0.00801980858179252,0.006144399509084686,-0.012053351503572951,0.0,-0.005056427246660722,0.0013150744014722715,0.0,0.007493180523098775,0.022463079495999738,-0.007388988335807811,0.04490084731194882,0.0,0.02733687101274218,0.008912627643268667,0.021547441831015868,-0.006946480811219957,0.0006379798418272853,0.015582195924592757,-0.0021847700359921562,0.0028335759457815413,-0.002651242383198027,0.03538628594818355,-1.1102230246251565e-16,0.023468883479327685
0.0616450938611961,-0.004668992990741139,0.0,-0.047412378900566265,0.0004427438550709817,-0.01011625975557906,-0.03327231607894138,-0.03730035558023054,0.0005635134657210883,-0.03090105656601061,0.01666513515640955,0.006650472169884181,-0.04578582489890137,-0.04472609467314986,-0.039204219635230686,-0.005214829149540634,-0.013709062360345525,-0.014914705785099236,0.025584822950720842,-0.010662791986648712,-0.005722029716745569,-0.010156500474397645,0.0014425326860708076,0.004859471925389325,0.013267365538581488,-0.005570695059824604,-0.02503732251761903,-0.04571282541351196,-0.04266475456539398,-0.010715594693413266,-0.05169614285625951,-0.05105759276573901,-0.013866573249880054,-0.04842800555738591,-0.05371642879266708,-0.0545057148335395,-0.060642755548337535,-0.025503540083583687,-0.020033490242844842,-4.981208592269581e-07,-0.013510401131264893,-0.012684479872687837,-0.08528255392697953,-0.023988984822799764,0.0,0.0,-0.00010408087417035361,-0.14424327101136808,5.462738983941229e-06,-0.013692518759607863,-0.06133120993506458,-0.023028340353405508,-0.046764467700107226,-0.02730166293642544,0.00014958217478394653,-0.12196629432890449,-0.015235787292747494,-0.0315188511328669,-0.06071577627449082,-0.00018843676492114048,0.0,0.0,0.0,-0.1178389833948777,-0.011074779143399938,0.005490486214752843,-0.00029133675271814097,-0.04033065282122272,0.0,7.401040083349075e-05,0.0008078796571111546,-0.045312411538811825,-0.05397062737192554,-0.014309516377227327,-0.008614794683326599,-0.07957339888326298
0.0,-4.8487533994168164e-05,-0.047412378900566265,0.0,0.0729668283859411,-0.03636630263739715,0.0824588738090496,-0.005682798187486182,-0.04505603321275392,-0.03506539016487262,-0.040854594132388455,0.0045746319410705505,0.030684626135094595,0.018963974291922314,0.031464514527003884,0.0007104823594473175,-0.005205811408948546,2.4875614533459434e-05,-0.010554807795019772,0.02150237492750101,0.0008237212397674276,0.03379563298575028,-0.02709629168899197,0.005570552545409224,0.00036284930296254236,0.023774336846703936,-0.0507008050419383,0.04530467080557471,0.0075438984051101055,0.004919819158723082,0.029211686913326096,-0.02611273161079447,-0.04065524498879469,-0.02288867425889901,-0.009591327836222574,-0.00361103520165737,0.016587937317994184,0.02157197217703294,-0.023850724747501384,-0.000500058351028565,-0.022804471253866587,-0.021212781685836846,0.006813962939516138,0.007358740135867292,0.0,0.0,0.0,-0.0009023120434934473,0.0,0.0,0.00021809816579054786,2.220446049250313e-16,-5.693115628896406e-05,8.782564786447011e-05,5.551115123125783e-17,-0.0018218456944133488,0.006613277171081788,-0.00039825325625347796,0.0,0.0,0.0,0.0,0.0,0.0,0.0,0.0,-5.0196156850257356e-05,-0.012613035750965174,0.0,0.0,0.0,-0.011220011756412462,0.0018096431635073462,0.002608894222411118,0.0,0.0
0.009638304435417466,0.015870957286085174,0.0004427438550709817,0.0729668283859411,0.0,0.010510830437487129,0.03012617050979105,-0.06714320334675139,0.031238868688930443,-0.022224893460508155,0.004518359640985514,-0.03604621631437699,0.01415416866404745,0.05947815612223872,-0.010512292248962218,0.018222894573874937,-0.012425139228394666,0.011136216407038546,-0.027487672158671983,0.003371145590025104,-0.010291144523145113,-0.0004438628302024794,-0.03321172272009543,-0.030873395763021116,0.027960293683543302,0.009418026370729804,-0.0029040811878406902,0.014672300286238393,-0.01680009169685831,-0.023858418398868486,-0.03828805987568357,0.004509708149303626,0.0065535749320213554,-0.03175356850655642,-0.01822861169004386,0.03275383562844855,0.05499469841016502,-0.052665027744035364,0.029777553939005386,0.011342105448675699,0.03335990783712123,0.0020646530336947966,-0.05449433015563793,0.026101653419941973,-0.00016091681621410725,1.1102230246251565e-16,-0.004933791744803406,-0.017281454959932496,0.0,0.0034740160055728997,-0.04344728273373033,-0.012045309188849052,-0.03380147634219166,-0.009004478133820104,5.551115123125783e-17,-0.03763784013189886,-0.02029759483984922,-0.00919708337218711,-0.034342154197455566,-0.0023142175757410177,-2.349539665758016e-05,0.0,-5.551115123125783e-17,-0.0013225375418746133,-0.0027084998760052437,0.00019050472130727192,-0.005902924664699827,-0.03952575918244422,0.0,-1.597035616773823e-05,-0.001319709956572268,-0.04503316793844381,-0.009356428912065229,-0.009452515975967635,1.1102230246251565e-16,-0.017706840724494965
0.02217848804100514,0.015477890994447019,-0.01011625975557906,-0.03636630263739715,0.010510830437487129,0.0,-0.00210028032271542,-0.046830588073976,-0.004311608622648788,-0.015166382085123276,-0.007592966269360346,0.01203637173531047,-0.008826065920632453,-0.051128553539965926,-0.003595808438049908,0.00578696088009617,-0.022090342351815118,0.02016914259957192,-0.03423412617338478,0.015024304660003152,-0.013789177182834178,0.01171825980807617,-0.03315694444609424,-0.0012616891096786098,0.03306613476744896,0.019673255253867705,-0.015350282951906102,-0.019205382884753985,-0.009335957091397395,-0.03560965844623859,-0.02025945536053586,-0.016339488194335006,-0.025599121675912773,-0.0220197199835912,-0.010663998134965158,-0.04842834845345467,-0.04570400373430156,-0.005973394586298253,-0.04141881883477411,0.023170214584685267,-0.03954819569579343,-0.03426191257323896,-0.13300383433108576,-0.00639112438228262,-0.012964325916045072,0.012636612524543622,-0.0024844964210133935,-0.04628101059850098,-0.006231068114342764,-0.05948183266128598,-0.05051086515370373,-0.053553428097458944,-0.0668512650563205,-0.03308867771796764,-0.04233054731845903,-0.10352044828652746,0.005077243970400658,-0.053325764863091485,-0.03676197885656046,-0.041803244804305695,0.001261450841081424,0.0,-0.004595494154092938,-0.053757910522880925,-0.03111021116258289,-0.0063091647192843325,0.007449319674083743,-0.04917218356514452,-4.220623068457163e-05,-0.002690426070535934,0.04115648124661836,-0.0428819147608101,-0.046225146703123554,-0.03075334553028397,-0.04464179271351448,-0.05418195723602026
0.015315295588791633,0.012284780527011763,-0.03327231607894138,0.0824588738090496,0.03012617050979105,-0.00210028032271542,0.0,-0.05734499715800756,-0.01593033854283349,-0.002289182249446131,-0.06136164630233282,0.0005228460294919857,0.004291350157090368,0.02444542720986853,-0.016809253473640984,0.0035185449927304657,0.010031967597099622,0.029198693941499154,-0.06034307580387349,0.010042686723463479,0.0004000865221613359,0.006670328820567228,-0.03331977716404477,-0.021534818599551697,0.02070974779637713,0.024588253406580718,-0.02056886676844183,0.0114974169059745,0.018590174933030057,0.008040470978771974,-0.007269708432296629,0.010965711894393437,-0.0011351003850985086,0.002254181957217938,0.015222615468706957,0.03341418456543793,0.04138704786952169,0.013071703626289954,0.010102463926599081,-0.011753198265660458,0.04666719925163987,0.05381318259333684,-0.04217996521486367,-0.023315225054603872,-0.020220120547561893,0.0,0.0022766653196877873,-0.02400820266232595,0.0,-0.038077917372686176,-0.038846326034611356,-0.020934444999687885,-0.02719402272807403,-0.017561158765697527,-0.008779324890843931,-0.026342483100069813,0.006991762435233029,-0.020622809635993222,-0.03533884771453255,-0.018394497561032896,-0.008699043805436013,0.0,-3.4529123852489185e-05,-0.03932358945587333,-0.005641508320581801,-0.012701089965847956,-0.0022762674711473974,-0.03852189543554391,-7.674069224267166e-05,-0.004368559003641914,0.003411814807548541,-0.02406959660848318,-0.00985280847011527,-0.006629631021955296,-0.00016461025579650457,-0.0168311930831323
0.05005720632435606,0.0019483301952296084,-0.03730035558023054,-0.005682798187486182,-0.06714320334675139,-0.046830588073976,-0.05734499715800756,0.0,-0.04876947698956574,-0.11186229883160337,-0.06185111997141601,0.009331203990984194,-0.05337246208249102,-0.04480235420432854,-0.01560586512898604,0.055284743351333265,6.305764358510713e-05,0.04526445302811921,-0.05695919380043929,-0.0032432971759988605,-0.025191140652197463,-0.021926453548060887,-0.023402998787539153,0.04683943567944404,0.05216032334533377,0.04146977450488315,-0.018264574363030306,-0.02106602048042555,-0.010148989214446291,-0.02574326116638126,-0.03548882926361813,0.002039937656797275,0.0028836246651108843,-0.038295637516226444,-0.03796892202043184,-0.07549506553129123,-0.016972543373172666,-0.023463797033248412,-0.028076418358112754,-0.08760960628765796,-0.030652721500518343,-0.01035878026131809,-0.1023839404446279,-0.007237084005953076,0.0,-0.15229709870805186,-0.012338342548395942,-0.002788623151812164,0.0,-0.0014796792607322251,-0.02539526807695358,-0.009968998625391357,-0.11870654832998506,-0.03379662710907799,9.99375995936469e-05,-0.06996855652341033,0.0001969965160342757,-0.01269764081173791,-0.06084391980146292,-0.04173377615447005,-0.0010299195859829746,0.0,-6.341600226161814e-05,-0.025713221525158148,-0.008272737565449828,-0.1629108392098188,-0.0055317057523552315,-0.058814038250258216,-5.551115123125783e-17,0.005944507393592091,-0.020872019733329583,-0.04317281295037312,-0.029460409568183243,-0.05095970670694483,-0.013183456031665097,-0.05839696700213953
-0.0037564066193551127,0.017115765117000192,0.0005635134657210883,-0.04505603321275392,0.031238868688930443,-0.004311608622648788,-0.01593033854283349,-0.04876947698956574,0.0,-0.04670324797453457,0.017922439531093237,-0.021375248103686018,-0.03509226739837168,-0.026410865417529183,-0.0005624416863177495,0.01252572633959892,-0.013730606775228471,-0.0028720004730610205,-0.03151226683923197,0.005185093643839012,-0.02115248975979278,-0.007156408761007538,-0.03837931013381224,-0.014320403536065507,0.03209643555681985,-0.019715809255287042,0.00638821778632237,-0.04438947971825341,-0.02677923242224023,-0.06514087464947482,-0.048045014632904004,-0.04892366531328729,-0.03313251950779855,-0.046190803651004586,-0.043126580110449064,-0.049377704474834305,-0.0629460103552349,-0.043101419686936204,-0.01298050517194127,0.010535185852804496,-0.006049949837841184,-0.008787262825343534,-0.07877876418259061,-0.0213190515327788,-0.020569352561176313,-5.551115123125783e-17,-0.007569828085314312,-0.04105981333013209,-2.6243254220292833e-06,-0.019538661487285003,-0.06344762406040322,-0.04358415030352053,-0.05947841528620579,-0.03776764118378617,-0.011587801513468388,-0.06144510460150954,-0.0029297625261054394,-0.016889187511571868,-0.06566094952970963,-0.007835069954115037,0.0014825113729743378,0.0,0.0,-0.04677872216702822,-0.01509597770438903,-0.0030934702175979822,-0.002058101662652967,-0.04427381376544043,-3.229842021440499e-05,-0.011957226250878805,-0.010913411322770183,-0.04931227052845211,-0.03566383038751891,-0.008477848538398947,-0.02251149888155013,-0.01940416470896278
-0.014082746989638073,0.006467321309089835,-0.03090105656601061,-0.03506539016487262,-0.022224893460508155,-0.015166382085123276,-0.002289182249446131,-0.11186229883160337,-0.04670324797453457,0.0,-0.06978211764372683,-0.025835891711458225,-0.006704119522003615,0.010706615979609091,0.002654238013449328,0.0073671966072659245,0.024822469157278315,0.022767420567798957,-0.07057732027976804,0.007554536564989667,0.018014610225085048,-0.002926635476893258,-0.0057435668352370794,-0.006962329305213788,0.0315113740568474,0.03256503434907643,0.0031648491622006114,0.02179529185110951,0.011575746930780506,0.00977679915138796,0.007978657153342783,0.005684154893712101,-0.007691401074286897,-0.006017178895183162,0.00113066992571359,-0.017743819538647676,-0.031510902613962916,0.002091632121822229,0.0045799066150430945,-0.06851160664900313,-0.05337941448125444,-0.022914527942385632,0.028083547228772154,-0.0009273332108855614,-0.04276034271152668,-0.00930339716591777,-0.01585815667913465,-0.00028672976093879754,-1.4901283297452661e-05,0.00048001786164353355,-0.016887376140882426,-0.015894926378524465,0.0035302853721177474,0.002382251728950735,-0.09478794808927232,-0.012468996879385297,-0.09311912945016565,0.0039015852151657038,0.0,0.00019592937337525873,0.0006965999189625371,-0.09427201594235918,-0.05032144818608836,4.898129906893978e-06,-7.95822337554819e-05,-0.005217831504751691,-0.006287918919901381,-0.020262263554800375,-0.06473334872533382,-0.07281905790774651,-0.09787512569704815,-0.013248010294164503,-0.05322736526286692,-0.012963661552535921,-5.551115123125783e-17,-0.06700267860082032
0.059466177030630174,-0.006736605788120187,0.01666513515640955,-0.040854594132388455,0.004518359640985514,-0.007592966269360346,-0.06136164630233282,-0.06185111997141601,0.017922439531093237,-0.06978211764372683,0.0,-0.08717298104155735,-0.06973487894209973,-0.06855462961849196,0.0,7.315457455525642e-05,-0.009597970476837414,-0.006876772176916457,0.005165618496985713,-4.773369531807514e-05,0.020537307896797308,-0.018739502595454816,-0.03065383994579346,-0.07578770212023306,-0.013055174660805635,-0.023788010630734602,0.007430416571581999,-0.06851014467196465,-0.02416583055435273,-0.0026645561827143283,-0.06886367813653382,-0.03449692382725811,-0.022505669199290645,-0.06531528606469017,-0.06209523992843374,-0.10382448606871802,-0.053104909835869796,-0.07805299246718744,-0.028509435523421056,0.00032911921557404744,-0.007128113253608626,-0.022527787317455916,-0.13207724490318307,-0.01745167508254447,-0.004445401849214936,0.0,1.1102230246251565e-16,0.02690672109001213,-5.081686037522459e-07,-0.014446391259776536,-0.04337918248905992,-0.018446305755738857,-0.07042056244430389,-0.07044302743417596,-0.013764064585577607,0.0026329164098898294,-0.018379880015076955,-0.029177266134275626,-0.09642344215018123,5.551115123125783e-17,0.0,0.0,0.0,-0.0533559755209998,-0.012078136738379486,0.0,-8.658829627666842e-05,-0.047041719961702144,5.551115123125783e-17,0.0,-6.119774395668687e-05,-0.073612229764829,-0.034907876219420486,-0.01886397753757202,0.0,-0.023564988243577556
-0.0010438669071170525,0.003946153945961484,0.006650472169884181,0.0045746319410705505,-0.03604621631437699,0.01203637173531047,0.0005228460294919857,0.009331203990984194,-0.021375248103686018,-0.025835891711458225,-0.08717298104155735,0.0,-0.01694659090409778,-0.030937067774561067,0.036034647143345866,0.006518561505605591,0.016723202014539695,0.016187926622986404,-0.019621847369691692,0.03071730511666554,0.0002477111835671453,0.018877059053139467,0.003327710049785104,-0.04754339606482766,0.03681655591271438,0.02935374033611532,0.0037041768598293223,0.007181037690077052,0.00883067633625323,-0.01743311938237896,-0.008964683255206107,0.026506886076450187,-0.004637001853927625,0.008689608043034425,0.02974722636316124,0.024995114845960953,0.017337126088657062,-0.0015878638097164,0.005047761879962531,-0.061191390882991414,-0.05740705108694227,0.0034432527934819546,0.013867509524485344,0.008832864065249413,-0.017385870248304236,-0.02396681087969721,-0.005693502479693413,0.004710818809548434,-0.010398622889772391,0.010071313566786755,-0.014940502040932058,-0.023322093383847775,0.0002064144447355698,-0.004034411559859452,-0.09636998596339191,-0.014035121499585301,-0.08680757364057357,0.008135330050965839,3.210720730290051e-05,4.2250764586471146e-05,-0.0005021849355887897,-0.09974856057119946,-0.11998003925934042,-0.012644334131129586,0.005163232987390409,-0.023567709353908783,0.0009353903355753257,-0.0046962226287942666,-0.06529416936668764,-0.09880194597901037,-0.11166759194369968,0.0006124579345008763,0.021171215057136428,0.0018616066361452632,0.0,-0.07818285480542858
0.0029052543658993346,0.009326417857240366,-0.04578582489890137,0.030684626135094595,0.01415416866404745,-0.008826065920632453,0.004291350157090368,-0.05337246208249102,-0.03509226739837168,-0.006704119522003615,-0.06973487894209973,-0.01694659090409778,0.0,0.007543035121144348,0.006479713609182036,0.010167221651941949,0.0027975719822626033,0.014171309564086076,-0.06520194008633123,0.019966386620400678,-0.004390654561726881,0.009411096343251601,-0.027483484923181367,-0.008641902535301393,0.011616502602504852,0.029826924863851578,-0.02390635519393236,0.017119799923412726,0.027810259607777443,0.014218020998813363,-0.00013718042832366883,-0.010524581267979338,-0.02270960119026988,-0.0032314776375667598,0.0024071175396913613,-7.033769590286676e-05,0.01863849042243998,-0.013629480354164114,0.012395038802512304,0.028242419064754998,0.003003794948043259,0.07858921482605952,0.004517181998593467,0.014754894450540401,-0.00591521967850267,0.012388227686889408,0.003954741060619493,-0.018515400641077373,0.0,-0.003676220193965074,-0.030220158672165987,-0.012091065096320075,-0.04346524927743445,-0.011859437690944663,0.001996175211935347,-0.013895930925035882,-0.014594030555531101,-0.010507760498882912,0.002891611396743987,-0.020386497791698377,-0.0093663996031213,-0.008499292395415248,0.008405433888632519,-0.020438880019073347,0.001989068214679035,0.004800473109914549,0.0025216897259664472,-0.03371269286153905,-0.024300727173828085,-0.008983472917274749,0.003067508895437887,-0.021415438808850606,-0.009584402444251072,-0.014983518225045456,-0.00854703693881631,-0.013211087026396728
0.029805708842125855,-0.0023058510407419908,-0.04472609467314986,0.018963974291922314,0.05947815612223872,-0.051128553539965926,0.02444542720986853,-0.04480235420432854,-0.026410865417529183,0.010706615979609091,-0.06855462961849196,-0.030937067774561067,0.007543035121144348,0.0,-0.013301475901272453,-0.0006208328337793945,6.828310625556222e-05,8.326494220123326e-05,-0.03709393187166404,-0.014901413227449645,-0.00038576016715363703,-0.00590860200618093,-0.023885774600448995,-0.018865876967276596,0.004102675746601614,0.019650895501274912,-0.04657685486080487,0.02843462074457065,-0.031013558622598636,-0.007323490664921606,-0.04257167651406235,-0.04020506468415663,0.026174383059855533,-0.05572991754914691,-0.06671948884595114,-0.019972891560608885,0.026622173110893405,-0.008596306311930757,-0.021026708955773743,0.0,0.003310834191228129,0.00040644480264079297,-0.12155037983908812,1.4627626938046312e-06,0.0,0.0,0.0,-0.043692841201189825,0.0,-0.04844697748869925,-0.015468299822988252,-0.03244452607591669,-0.0894590456107689,-0.06291297606284241,0.0,-0.10002847425370981,-0.00016705040874048782,-0.009979068268802349,-0.09756530576245193,1.1102230246251565e-16,0.0,0.0,0.0,0.009800064350424686,0.0,-1.1102230246251565e-16,0.0,-0.06284147363915893,0.0,0.0,5.551115123125783e-17,-0.020907229443712927,-0.0031231354575968484,1.1102230246251565e-16,0.0,5.551115123125783e-17
0.04722884912196451,0.017339812579141578,-0.039204219635230686,0.031464514527003884,-0.010512292248962218,-0.003595808438049908,-0.016809253473640984,-0.01560586512898604,-0.0005624416863177495,0.002654238013449328,0.0,0.036034647143345866,0.006479713609182036,-0.013301475901272453,0.0,0.020318498564318666,-0.0027326049208586944,0.028896850693152842,-1.1102230246251565e-16,0.043619089532694166,-0.016149685070683484,0.030809341724703676,0.027069719013588234,-0.00792718226302197,0.03361255838782767,0.006109284909033175,0.023190183689268173,0.015643891674274546,0.02852955721194972,0.0046631720899767415,0.028967301431119974,0.007463437151836505,-0.020268706503031253,0.0053980963495875445,0.0023099091330034405,-0.02430969456687382,-0.011197226470361255,0.00012091690420290568,-0.015771318341784635,-0.049430917543908104,-0.021496985136531643,-0.02132283085742709,0.013761771330519701,0.014409235177472945,0.0,-0.039679339656522594,0.0030667171281104078,-0.008760154852804292,0.0,0.0,-0.013255266934311283,-0.009342537464124445,-0.05896426551682016,-0.010797353072859284,-5.551115123125783e-17,0.0,0.0004079904153339031,0.0037560560410345167,8.330183054128248e-06,-0.014314684980148318,-0.007024924793213205,-0.00029117937175954234,-0.014182570379304316,0.0,0.009810502986346448,-0.03761438194088529,-0.01649260899192323,-0.01739269620252004,2.6751217582776654e-05,0.003822197008917838,-0.029510452982387025,-0.01140257371529646,-0.01778371330360118,-0.01736379128529597,-0.016733047949045177,0.012130638320417664
0.038013780834659006,0.021571411345522096,-0.005214829149540634,0.0007104823594473175,0.018222894573874937,0.00578696088009617,0.0035185449927304657,0.055284743351333265,0.01252572633959892,0.0073671966072659245,7.315457455525642e-05,0.006518561505605591,0.010167221651941949,-0.0006208328337793945,0.020318498564318666,0.0,0.0410321497980054,0.027683859567767144,-0.00016882507277976577,0.016478348901509454,0.03723620397388949,0.02248318106289382,0.0180170658337091,0.024395409534789303,0.031708970873024656,0.025355226475774095,0.017756535310660737,0.01996929207518,0.030789273381869375,0.05076029965470863,0.03915945804341153,0.026801311058763266,0.01804778352450359,0.03756871870230505,0.024080568998554208,0.0011352522741227,1.4240778871688065e-05,-0.005398027736020661,0.019015418137545537,-0.009693644278348845,0.000965364657203649,0.01098320843518441,-1.0861923122773565e-05,0.0,0.0,0.030599148590663316,0.020510783591466186,0.0,0.0,0.0,-0.0019544640562237925,0.004068398892852154,0.01458859859227285,0.0,-0.0017188720686567849,0.0,-0.006687361592887853,0.006642595878205315,0.0,-0.000535903891591305,0.016346540050573732,0.0012233836723329339,-0.006462794885396916,0.0,0.028775366014431758,0.028722352595028144,0.0297445190090197,0.0009743833910976218,-0.0061808451429424816,0.00019851573726281657,0.0003053517783782045,-0.008134909317439099,-0.01752942938447094,0.029861749241689717,-1.1102230246251565e-16,0.013402962679134878
0.007453932436119137,-0.005848601026125,-0.013709062360345525,-0.005205811408948546,-0.012425139228394666,-0.022090342351815118,0.010031967597099622,6.305764358510713e-05,-0.013730606775228471,0.024822469157278315,-0.009597970476837414,0.016723202014539695,0.0027975719822626033,6.828310625556222e-05,-0.0027326049208586944,0.0410321497980054,0.0,0.010156370922326907,-0.003672183450932953,-0.006954198889685126,0.015346341237804872,0.07201917967197685,-0.005609064797728325,-0.0023136010348718816,0.03290942578080425,0.014855578907886136,-0.01517876525957218,0.028844935012301565,-0.015510639082657263,0.0052983782913788025,0.024387650750451906,0.03474793143364496,-0.020758022460569625,0.014923093865398307,0.03201556615286316,-0.0038789528139951956,-3.011981951123177e-05,-0.07082127240849923,-0.0231814322914356,-0.06561053493569008,-0.07760897545677431,-0.09016867225477104,-5.551115123125783e-17,0.0,0.028821138997680684,0.005900908217513157,0.0038966340564458024,0.0,0.0,0.0,0.0,0.0,0.0,0.0,-0.08410994399202787,0.0,-0.08567568294622041,-0.009480877925560405,0.0,0.00012133705210293222,-0.008747816839774547,-0.0815365844150534,-0.05122265578557306,0.0,1.1102230246251565e-16,0.0,-0.00034948467245232706,0.0,-0.03726145652218893,-0.05588422782626512,-0.06286154545771999,0.0,-0.02079056688837927,-6.546012284941449e-05,0.0,-0.06978544907808248
0.04349522095373365,0.039256071035335904,-0.014914705785099236,2.4875614533459434e-05,0.011136216407038546,0.02016914259957192,0.029198693941499154,0.04526445302811921,-0.0028720004730610205,0.022767420567798957,-0.006876772176916457,0.016187926622986404,0.014171309564086076,8.326494220123326e-05,0.028896850693152842,0.027683859567767144,0.010156370922326907,0.0,-0.029606428697222353,0.02537060340058722,0.035987470952538125,0.03465442526436363,0.06952584861114647,0.012887941166162598,0.01973706966090999,0.02830672334681844,0.03058941925694153,0.027619954066776475,0.03487241926758661,0.07189365484032051,0.034365913260545666,0.02751243172483253,-0.016862360955749056,0.029069594750949612,0.044921585549923426,0.010991940058966698,-5.0198745547958e-05,0.020882056619120626,-0.011710981909588358,-0.03696993142171373,-0.035058501034984646,-0.017450985521970275,0.0,0.0,0.031188673793244914,0.022349055777574733,0.013095662826156818,0.0,0.0,0.0,0.0013331668314151557,-0.00021170422480587536,-0.0003661317468001135,0.0,-0.055798418996762356,0.0,-0.07299776258489005,-0.008761035592527888,0.0,-0.021610503591841967,-0.0029226206432826918,-0.05603975877002626,-0.03740759767013213,0.0,-0.012304862774186631,0.00455155357377901,0.02640562249130768,0.0061011024823218185,-0.015614761408731803,-0.035057694879801427,-0.045046112896622414,-0.009494676309345307,0.0009518015185793205,-0.009511783574973953,0.0,-0.03304629037791962
0.0,-0.013948487057468872,0.025584822950720842,-0.010554807795019772,-0.027487672158671983,-0.03423412617338478,-0.06034307580387349,-0.05695919380043929,-0.03151226683923197,-0.07057732027976804,0.005165618496985713,-0.019621847369691692,-0.06520194008633123,-0.03709393187166404,-1.1102230246251565e-16,-0.00016882507277976577,-0.003672183450932953,-0.029606428697222353,0.0,0.0004040506158268786,-0.0038426570204280752,-0.014735834326120634,0.005665494476556954,-0.06466829901039506,-0.022013583227944167,-0.024969947641646062,0.006454330595587809,-0.0637111057458552,-0.03681600213559599,-0.00036249288483325426,-0.06040410332608853,-0.056648986407021096,-0.015183889084146751,-0.06375113571202495,-0.06209649916742005,-0.04542118618496571,-0.06344126957228241,-0.02480504195427824,-0.0009818364684155978,2.579529128632352e-05,0.016753671576496598,-0.0018571836511820927,-0.06984042272216279,-0.017192923506718638,-0.0005034220201931561,0.0,0.0,0.00979936878528348,-5.551115123125783e-17,0.023913774783399788,-0.078533086814143,-0.004969868596600313,-0.07054945027027926,-0.03716433699313776,-0.00011078702050182354,0.0031409543229807824,-0.013067134363494548,-0.038796277120898504,-0.05571138289162897,2.220446049250313e-16,0.0,0.0,0.0,-0.020679391927454327,-5.634848245772428e-05,0.0,9.231292448697026e-05,-0.05341795105904851,0.0,0.0,-5.551115123125783e-17,-0.027485321790799655,-0.02551600993258668,-0.02092494348098628,-0.000194264675874245,-0.0154046225436687
0.0012687901267879886,0.019488016906575367,-0.010662791986648712,0.02150237492750101,0.003371145590025104,0.015024304660003152,0.010042686723463479,-0.0032432971759988605,0.005185093643839012,0.007554536564989667,-4.773369531807514e-05,0.03071730511666554,0.019966386620400678,-0.014901413227449645,0.043619089532694166,0.016478348901509454,-0.006954198889685126,0.02537060340058722,0.0004040506158268786,0.0,0.014427934439538825,-0.009340815332072538,0.014926271028450289,-0.03927246419561736,0.03078123682755718,0.020658265139350873,0.01993697129699723,-0.023758377901708982,0.026101738963495158,0.01671991787631516,0.007586558401237287,0.017306608129346868,-0.005268358610506507,0.008350343709786656,0.009743579536547864,-0.014500055037098947,0.03178225669347101,0.013477278836861784,-0.002337914955631626,-0.012047582952095848,-0.008972407501892543,0.0020832196023141125,0.02209191325573273,-0.0012087968007720717,-0.000265902538625129,0.032731099246721074,0.04153692017057942,-0.019445179250006328,0.0,0.0,-0.011031577075301557,-0.003236736034605281,-0.03977314549003064,0.0006520021756687977,0.00026940252587448477,1.1102230246251565e-16,-0.004673414075698656,-0.015921564633315066,-1.1102230246251565e-16,-0.017240426248231244,0.018316402000742804,1.7278975488421722e-05,0.002977429243079033,0.0,0.004503945669261156,-0.02340287225095178,0.012330137668382257,-0.02308911140252512,0.0,-0.008486825051679525,0.00982474256806215,-0.006162028385955365,-0.00880394681193919,-0.006794244272844141,-0.012502552873152994,0.004482444278908759
0.08786594533965653,0.04301100732241092,-0.005722029716745569,0.0008237212397674276,-0.010291144523145113,-0.013789177182834178,0.0004000865221613359,-0.025191140652197463,-0.02115248975979278,0.018014610225085048,0.020537307896797308,0.0002477111835671453,-0.004390654561726881,-0.00038576016715363703,-0.016149685070683484,0.03723620397388949,0.015346341237804872,0.035987470952538125,-0.0038426570204280752,0.014427934439538825,0.0,0.03948577119925256,-0.008902918353019373,0.0831182950472954,0.047893518150082415,0.03735824104548974,-0.00932393246779567,0.002212115514476476,0.0208909471992621,0.0015737201332575723,0.05186399879681536,0.019104753893850912,-0.009104100052504005,0.02125920777001894,0.015754401462778844,-0.037698550985777346,-0.0026539407890582845,-0.010329179988341486,-0.0046284296583444795,-0.039756633882147396,-0.02400609944055676,-0.001956225182475957,-0.03626637319860537,0.0,0.0,0.04370893836852169,0.027373075634113286,0.03405167107416601,0.0,0.0,0.0315106094825236,-0.005696572217406437,-0.1370228740669362,0.003531140889364348,-0.005302588542053233,0.0,0.009162486296763583,0.011952343777237306,5.551115123125783e-17,-0.04015253517929007,0.025510284304933406,0.0,0.006736797440456965,0.0,-0.004773197207595614,-0.12552711486494733,0.004695431239420955,-0.05682215435395549,-0.004914852538735137,-0.020895730455746275,-0.01087761413704319,-0.0306006216754518,-0.013792471955146213,-0.020224610000264764,-0.018526779398371496,-0.011091984871065885
0.043719142908270725,0.00451611805242802,-0.010156500474397645,0.03379563298575028,-0.0004438628302024794,0.01171825980807617,0.006670328820567228,-0.021926453548060887,-0.007156408761007538,-0.002926635476893258,-0.018739502595454816,0.018877059053139467,0.009411096343251601,-0.00590860200618093,0.030809341724703676,0.02248318106289382,0.07201917967197685,0.03465442526436363,-0.014735834326120634,-0.009340815332072538,0.03948577119925256,0.0,0.011286404753924062,0.035097047222473976,0.022331378190447893,0.032509023056260355,0.023185463458259226,0.020898757869995843,0.03255728765873872,0.045898958116690425,0.03888108625083708,0.02514277624714506,0.02172132437054891,0.022665292965116657,0.01694589380056155,-0.005649836504371009,0.028183234168975613,0.024410363062995044,0.02553112049457651,0.012927353649456297,0.01131432027130469,0.008223993711002464,0.047064198309467564,0.004561271976498582,-0.00012630929897805565,0.019594594861934822,0.039243418282911335,-0.005305527302643553,-4.580665532938344e-06,-4.806339580243346e-05,0.03132951255821992,-0.002631897005175299,-0.021502306623156164,-0.001122971250643312,-0.016555221342004933,0.0,0.01735345078432937,-0.000299280004615321,0.0,-0.01757762578823885,0.03005101883409389,-0.00838124388948086,0.025082194464677576,0.0,0.01572304195319646,0.024192875246028478,0.026288806214010974,-0.009062838951829633,-0.01478384804553795,0.0185305829462859,0.014489138232001375,0.009838347804383751,0.001610021775771242,0.01576261574613902,-6.147725559685346e-05,0.01965377779049665
0.06996555612667144,0.0012030648932543908,0.0014425326860708076,-0.02709629168899197,-0.03321172272009543,-0.03315694444609424,-0.03331977716404477,-0.023402998787539153,-0.03837931013381224,-0.0057435668352370794,-0.03065383994579346,0.003327710049785104,-0.027483484923181367,-0.023885774600448995,0.027069719013588234,0.0180170658337091,-0.005609064797728325,0.06952584861114647,0.005665494476556954,0.014926271028450289,-0.008902918353019373,0.011286404753924062,0.0,0.06737528579949387,0.09746242398105526,0.013845487210083163,-0.02897506425700691,-0.026417192008273693,-0.00472215223064304,-0.03347253906097708,-0.023744521389095663,-0.013204955682920072,-0.029571864182231566,-0.02393941656164361,-0.01820103372179649,-0.05056271861702122,-0.04729511492508626,-0.0189592010488307,-0.03662218011411128,-0.04024383973555712,-0.03547323814472708,-0.035391982431583646,-0.08272132718792824,-0.02709566914576328,-0.007763455243223749,-0.011834545265893393,-0.008394098508823278,0.012557940533426515,-0.0014214275993357228,-0.03511016411885143,-0.037547768112004,-0.04260656291579429,-0.07469480254290245,-0.027542070791262807,-0.012331619172465058,-0.029370088048547516,-0.008766533275623767,-0.0416850095882354,-0.05032135360942597,-0.025865137580698028,-0.01648073715920606,-4.2033018819609413e-05,0.00076607768196707,-0.0009366302626093725,-0.014912164732329869,-0.0658495230663278,-0.01280193746125552,-0.032554168235600645,-0.00016198688573126896,-0.0041133046995686096,-0.021245038034097163,-0.03814273610996155,-0.036133651500571184,-0.03778881634771403,-0.03251439237478093,-0.03588203066666579
0.04067576595513894,0.008323342701180125,0.004859471925389325,0.005570552545409224,-0.030873395763021116,-0.0012616891096786098,-0.021534818599551697,0.04683943567944404,-0.014320403536065507,-0.006962329305213788,-0.07578770212023306,-0.04754339606482766,-0.008641902535301393,-0.018865876967276596,-0.00792718226302197,0.024395409534789303,-0.0023136010348718816,0.012887941166162598,-0.06466829901039506,-0.03927246419561736,0.0831182950472954,0.035097047222473976,0.06737528579949387,0.0,0.005017548402873218,0.0400551341316045,-0.023800426756260706,0.021964419580519368,-0.03101569486754091,-0.008175162183738205,0.0384511271922387,0.09665623942678053,-0.006804725556950192,0.02804584832254542,0.07448694004386147,-0.005790650425573862,-0.04242699367127234,-0.01341844887679891,0.07654479206660925,0.03834580611172317,0.0403394922407177,0.06276335823342016,-0.010161064779525164,-0.006268439962201389,-0.07143711316853715,0.19865276769358253,-0.007779410649893959,0.0,-5.551115123125783e-17,0.0001660227237949008,-0.003164578677082197,0.0001422652216010456,-1.6653345369377348e-16,-0.0002957552589981094,-0.05709393039174049,-0.00021757391564769524,-0.05528649064865815,0.005868854719839556,0.0,0.0005237033835230887,0.004159765942504889,-0.0039787750563910484,0.020988887037996062,-2.0231957617633523e-05,0.0005769421622379145,0.03621646757135055,-0.011398026219619106,0.0005322911853828938,0.10243237288738793,0.024927145053742383,0.042735708306558096,-0.0014951384366755915,0.024345782613569233,0.027464072069062706,0.0,0.013828277872941552
0.04270308335661893,0.02013914935319977,0.013267365538581488,0.00036284930296254236,0.027960293683543302,0.03306613476744896,0.02070974779637713,0.05216032334533377,0.03209643555681985,0.0315113740568474,-0.013055174660805635,0.03681655591271438,0.011616502602504852,0.004102675746601614,0.03361255838782767,0.031708970873024656,0.03290942578080425,0.01973706966090999,-0.022013583227944167,0.03078123682755718,0.047893518150082415,0.022331378190447893,0.09746242398105526,0.005017548402873218,0.0,0.027893697248822458,0.023081016215419192,0.01856372696139602,0.025625158190672792,-0.0051912606643637615,0.02518588254481502,0.02430483559279456,-0.019398764369912558,0.015049758188088957,0.027261674871569885,-0.02048877657116127,0.0026049573702334183,-0.05472778643459575,-0.0071591650910015625,-0.036497351354194685,-0.036646672913559386,-0.03146891149708764,0.007280803600644259,-5.551115123125783e-17,-0.014737919919054598,0.03282715856264845,0.029842601147007652,5.551115123125783e-17,0.0,2.220446049250313e-16,-0.008731442083471985,-0.0018505584753878979,0.003965050160564643,0.00036665125704316015,-0.07767324886043614,-9.387570005042756e-05,-0.08144830433539663,-0.0011838783911597428,0.0,-0.009488256351072644,0.0029978246244715123,-0.05979622676652874,-0.039072126575206645,0.0,0.0554340044751197,-0.012850401130205191,0.018205821006820222,-0.00953858408211622,-0.0227653655482421,-0.03224178902506436,-0.036588043202314124,0.0010087306092236847,-0.0016693207588089898,0.03410326655830487,0.0,-0.028289694115437303
0.02185117849724383,0.015408190516057685,-0.005570695059824604,0.023774336846703936,0.009418026370729804,0.019673255253867705,0.024588253406580718,0.04146977450488315,-0.019715809255287042,0.03256503434907643,-0.023788010630734602,0.02935374033611532,0.029826924863851578,0.019650895501274912,0.006109284909033175,0.025355226475774095,0.014855578907886136,0.02830672334681844,-0.024969947641646062,0.020658265139350873,0.03735824104548974,0.032509023056260355,0.013845487210083163,0.0400551341316045,0.027893697248822458,0.0,0.008558741682190396,0.03945058414955732,0.03796612953539974,0.01423472000835374,0.04668444030660046,0.03699559578354211,-1.9036396061600236e-05,0.02793941363976654,0.036927300571976296,0.022801671881192587,0.024436024433162618,-0.005915780854107711,0.015906903060200872,-0.01842473848567605,-0.02278573654179311,-0.015436028939657287,-0.01058671668042288,4.537268618515222e-05,-0.007899086802936939,0.02017934457909082,0.02627055014590507,-0.002880672705709242,0.0,-3.444507064243041e-05,0.05533982459337683,-0.004277446952134001,-0.04034425993022478,0.010794335371642316,-0.08354321329245495,0.0,-0.08400085576426564,-0.00880671205605732,0.0,-0.024404120083312608,0.018079242339675783,-0.06787527175477776,-0.03386026618262439,0.0,0.019313753268468292,0.0307799803613939,0.01988048908389417,-0.01201339203212115,-0.01839427058364068,-0.03159269379273788,-0.0014711753420683094,-0.0011249536366745305,-0.013839355891544447,0.03904475956360853,-0.00020575226392061108,-0.021541853543443457
