0.0,0.9486682183551225,0.5659474236834446,0.0,0.6228552334853444,0.659816439943806,0.6432803915751183,0.7803031140127437,0.40250378304489276,0.7796282084454171,0.3976825381735908,0.7932639284934015,1.0535578098515537,0.5698258639727299,0.5195474948244535,0.9902038642150162,0.6461647295735143,0.8412857368207758,0.0,0.672405863187425,0.6795566433993125,0.8873799362768922,0.7033430240917573,0.6052950384653368,0.8172231428149632,0.8535114171263308,0.6257868615028921,0.6043656622911242,0.8238774010625189,0.6302143173059959,0.8049047846293644,0.6192331106973517,0.5842729398743615,0.6685216718527871,0.6545021517552678,0.6924729846960767,0.4425378794569297,0.6376246565064783,0.6524681689286438,0.6988816319530227,0.6108677761832427,0.7552587621742781,0.47211725158586626,0.0,0.546390890532468,0.7224182803317443,0.7741928844943317,0.0,0.0,0.0,1.0746266508440536,0.0,0.7766851187317078,0.0,0.49606638997661945,0.0,0.62383564867165,0.8135560765703636,0.0,0.7215411130753732,0.8835884964125723,0.40285252180735476,0.7561428951761411,0.0,0.8862708569951037,0.7811797059975869,0.8181741503396203,0.7063700909330802,0.7195526847095468,0.7891778422612301,0.8107497852037364,0.5433277610904605,0.47787446077120865,0.6489483481205207,0.0,0.6498354334341605
0.9486682183551225,0.0,0.9144358704640536,0.39170934886028297,0.7749532219618811,0.8419336780152917,0.740109534486243,0.752319619534188,0.6756278358486862,0.7109750936251196,0.6592203742452519,0.5242260580206273,0.7480933650544815,0.5824367425541948,0.7544980729143944,0.9254075371889132,0.6832725069795178,0.8968787877085456,0.6895365511179192,0.9041446129557682,0.9962800718577502,0.9638219027266429,0.8415792830785109,0.5429919292506697,0.66990307968338,0.7274243698816321,0.9371274104107012,0.9072654892466643,0.7850925944197996,0.5459346954369518,0.8508963174012372,0.6660600179773021,0.5606740437081278,0.7487733791980715,0.7675300034709585,0.33442252849514353,0.01043700154696596,0.0,0.6347281490595469,0.6967567553905081,0.5542079897174071,0.6428094335148259,0.5915607108206529,0.0,0.0,0.9313091980596522,0.7169734562316536,-0.022061475060568513,0.0,0.0,1.0179058023332954,0.7903524451043279,0.6738966646026523,0.7193137481312528,0.7178093834986159,0.0,0.6744415087002895,0.7937255631745777,0.0,0.6577475670414741,0.7929803234257572,0.6551156892506782,0.7633105632729729,0.0,0.9446505453783804,0.8432248019786028,0.8656023235281495,0.6671212214432054,0.7354796360442934,0.6752403116202959,0.7208297887962439,0.9244251398235506,0.854793017463221,0.7971331902827541,0.0,0.8137557301620106
0.5659474236834446,0.9144358704640536,0.0,0.1468138203081742,0.7266946024863145,0.5986615174305118,0.5976829654465468,0.8209287572314865,0.640684790586151,0.5102218980150913,0.5721092008866095,0.7095561481511077,0.6621698738499814,0.8355836756608321,0.7064574265500307,0.7385845505821046,0.7942034035923969,0.6478242180232434,0.683229297500346,0.5077166320313334,0.6731224927114173,0.6891088356400488,0.6923820182072313,0.7075198917126149,0.6382771678748451,0.7278995022056758,0.7025202613067125,0.6548127873592092,0.7671562360314369,0.6920800867563941,0.6422226251113752,0.5628888795833145,0.6685194087569292,0.5969638152833452,0.6182773193433532,0.7653552765512224,0.4125988688970087,0.6119340607547886,0.8117817539301582,0.46973005620706254,0.6867221896690814,0.6902567400983202,0.6179617466924862,0.9818734030217287,0.0,0.0,0.3966618862931378,0.8766579665553871,0.46870204840428065,0.6945640245232223,0.7831740764305358,0.6633305507021013,0.8413130128688284,0.8831384098459809,0.39354040953963787,0.7956398791821011,0.9617095802376321,0.7228615761216565,0.6422849105252652,0.3864868790816195,0.0,0.0,0.0,0.8340064026682632,0.8734187262710005,0.43330178785894563,0.29516675777183,0.8305838955345044,0.0,0.5392068705990483,0.7130300802125566,0.7876438108688255,1.053084622009048,0.7328379929774815,0.6809245186048458,0.44407904277611154
0.0,0.39170934886028297,0.1468138203081742,0.0,0.36407721636668894,0.5194801755666913,0.6124541346742894,0.5359308424669903,0.501845227446307,0.14290900147277596,0.5768140290442393,0.3331661186065245,0.49411383184642155,0.39514366303405407,0.6584323112136287,0.23097174824623906,0.6861578609836873,0.4712370412594068,0.6268769950007329,0.29325990489489695,0.4157796464991096,0.716421970836779,0.3757482812795739,0.28288837295635366,0.7807118523214793,0.8362676785971717,0.4874604570115575,0.4305453226837956,0.7914427684906564,0.30760850364148595,0.4897554775356323,0.5118011506561267,0.4181905832758786,0.2319378453016191,0.21044310926998291,0.24622151722365898,0.2588982487997043,0.4159840295901248,0.29678909491412364,0.371213618937859,0.7070551726030677,0.4524124777112526,0.21979431365547134,0.18618626305893382,0.0,0.0,0.0,0.49437051254203424,0.0,0.0,0.8763570291755187,0.0,0.47084013992299895,0.34064554292143295,0.0,0.2687955443957578,0.7746184475563194,0.49792249768555374,0.0,0.0,0.0,0.0,0.0,0.0,0.0,0.0,0.4564904581683337,0.7278930788140638,0.0,0.0,0.0,0.7144398861254728,0.40916819542764415,0.6004654283862307,0.0,0.0
0.6228552334853444,0.7749532219618811,0.7266946024863145,0.36407721636668894,0.0,0.7361088110190477,0.5845228846357028,1.0213276529749868,0.6817444248753007,0.6441459957112863,0.6365027726883767,0.562487453630605,0.7800073264553509,0.4568701578018818,0.7588788401461184,1.083616696181143,0.7532238102708653,0.7196707703723266,0.8270247350280363,0.981969508662283,0.8314048309085711,1.0761970382295512,0.6322159132725529,0.7195629463486595,0.6336751656737707,1.0593411308964495,0.7357616543639951,0.6728269071130828,0.9559382599067943,0.6387726602680466,0.6294726968517436,0.42971855477161414,0.6120608191831587,0.5968299912749648,0.442909946695143,0.454722298868672,0.6331171850525583,0.29196061903370246,0.7381755560273707,0.41614304742021296,0.4896526492343301,0.3273579667394617,0.5135043582611196,0.2891074780887669,0.35582142707152337,0.0,0.5268305172233707,0.824983759207204,0.0,0.5009532330807797,0.7616875799117657,0.7105781870200618,0.7092552490863229,0.5981923579658996,0.0,0.6484849393192162,0.47345647282271985,0.8146960236594414,0.6712401704590556,0.5699870322622906,0.49693225281666376,0.0,0.0,1.1040227839534513,0.6799689875963038,0.44027654762611945,0.6531239161321096,0.8873356690821608,0.0,0.47075769092367403,0.6517976808573416,0.7382857124718492,0.8136491744040929,0.5496623208196447,0.0,0.8067710673667388
0.659816439943806,0.8419336780152917,0.5986615174305118,0.5194801755666913,0.7361088110190477,0.0,0.7727614376661691,0.7468930844111531,0.5667136899169647,0.6674396080396721,0.7487548624709603,0.8498416488752023,0.7497195933669443,0.7443790045296854,0.817509868070976,0.9669682915489117,0.7934976192827304,0.9782905216193463,0.4094389550147764,0.801084490697265,0.8250843061692876,0.8214738495270817,0.7086936905123773,0.3905583536609315,0.8455018122609267,0.8232012858077659,0.7551096421064512,0.8300741130578331,0.6697524460683808,0.8022929340718558,0.8567677631763644,0.6064082793135528,0.8805555741242623,0.763947825731765,0.8040786681961195,0.6072481803564349,0.556063883179309,0.7376943789597958,0.667136359428792,0.5090592032203826,0.5620759486004916,0.3792921427408051,0.61878802659788,0.6800654555126706,0.4667194916703752,1.1534889674614246,0.7526632741589598,0.747447207694839,0.790423522155687,0.5578929050198251,0.7467181743865239,0.7478315840743159,0.8030209390587999,0.7258981124640602,0.7943658949645169,0.5268206214367256,0.580137837711892,0.7191065275730961,0.6712301445411519,0.6839790545671156,0.7996163082512114,0.0,0.8688501548482483,0.7367474902652515,0.6612566192946754,0.5996349356558458,0.7460013259592132,0.6999767675527622,0.5074840366440679,0.708733819298992,0.7069127801454124,0.6981474740894897,0.7008479785949162,0.6968248677466315,0.6073553934406031,0.6049999985638271
0.6432803915751183,0.740109534486243,0.5976829654465468,0.6124541346742894,0.5845228846357028,0.7727614376661691,0.0,0.6047861197431317,0.716624665919861,0.645079399420402,0.6901338611167563,0.5386984159598115,0.9482691152544136,0.5067864328413965,0.7132300335191513,0.9556635997117146,0.8433506201535828,0.8869785644570407,0.6717704721088275,0.9117917134134244,0.6720240325648915,0.8508993690086583,0.6032703907941779,0.6018550532970997,0.8564493418723755,0.7790353505984207,0.6249635927819399,0.7938146463583119,0.858076796410545,0.5750830290901301,0.7716895294420019,0.5113004696672488,0.5747692738081184,0.5903718735678705,0.3636052450277606,0.7705527287637126,0.5242329254235019,0.7057285156016558,0.8794619401981867,0.41885347413666973,0.2881685434118063,0.40656271466961047,0.6185830850578171,0.8392807653044918,0.5421810328126395,0.0,0.7570492247424383,0.48853013657772815,0.0,0.5132480903430965,0.656228180777353,0.7545943201211773,0.7000770977484878,0.7905824300265656,0.7078742357632275,0.5879690372698547,0.4353274155673257,0.685674697482058,0.702061966584413,0.686064031794045,0.7700561003148151,0.0,0.4967647829073883,0.6308811258372558,0.7724756702841894,0.6687401182456719,0.7689683066074476,0.6257989381382576,0.4699754968169374,0.9415569014393959,0.7542668293020124,0.6211839293601775,0.6815975493411681,0.4815405553785549,0.8673604051047012,0.629662994821081
0.7803031140127437,0.752319619534188,0.8209287572314865,0.5359308424669903,1.0213276529749868,0.7468930844111531,0.6047861197431317,0.0,0.7816203435990322,0.4402867664740631,0.5693479150249052,0.7375661199660231,0.648258773952613,0.6610564510297094,0.6017200273595356,0.9075965097568146,0.7250393305164952,0.7571510489638844,0.6542636577600204,0.6857143697712853,0.7478989447791342,0.7609454345230413,0.8579636152078947,0.5178609929923148,0.7584397256077934,0.6645584801928006,0.6859260400957747,0.6542174754301414,0.6981357528387326,0.6274638740963884,0.6172309081741258,0.628096131774788,0.5076127805436178,0.5599746688292954,0.5646811796133819,0.4988393738870547,0.6523195984545049,0.7628306142493539,0.6737223810549249,0.6482861859983132,0.4438005636879331,0.5512202593788174,0.2582713825306428,0.7035748039778089,0.0,0.798998871380949,0.6073911851215579,0.8032441658368761,0.0,0.8516791239784762,0.9205827364932726,0.8822153618397641,0.9692614665420498,0.7729121593013623,0.6463191833930055,0.42420901180060083,0.9034140623384193,0.6847988873098754,0.5838861979711771,0.7154143208882163,0.6818386557135491,0.0,0.5943357454193827,1.0773111702885534,0.7332978460873115,0.8583023067197358,0.7177998224777962,0.9143683702961871,0.0,0.8110543211049401,0.7704488306118789,0.8545440294350735,0.6901782013053537,0.7490339104714261,0.7740695667824563,0.5221841857379097
0.40250378304489276,0.6756278358486862,0.640684790586151,0.501845227446307,0.6817444248753007,0.5667136899169647,0.716624665919861,0.7816203435990322,0.0,0.5859626594271526,0.6588343528548173,0.7159585144801608,0.7134994955946876,0.7930054401413063,0.8311300827966104,0.8430337262476111,0.7217428801312082,0.7481644893964918,0.5007417415718136,0.7856206249373622,0.44535018922456315,0.868364741692912,0.6878770181371634,0.743790968258929,0.7821112234921722,0.6671079112076661,0.6230588045903369,0.5950824143846747,0.6440617566248943,0.6343736746266149,0.5509396406417006,0.49085189047560673,0.6630974412227199,0.5244772946487546,0.5132295555016817,0.6031959506108149,0.48673102233948995,0.7853813272484512,0.5846997395267821,0.3922269847383296,0.4817560596656092,0.24849202731001147,0.6493500109217477,0.5321098987916146,0.6786301101252294,0.0,0.8015098727468675,0.8073065808862692,0.46798747545256464,0.7853396131513215,0.8355339166218533,0.8877969077770156,0.7576288250424761,0.6977279013716067,0.43227987717147887,0.6453089938889855,0.7523842578566985,0.6225048016088804,0.7414627481520124,0.8002672677091751,0.7498423474189038,0.0,0.0,0.8556702099104481,0.8598186929496898,0.5697332826029254,0.688475016963356,0.7719986834815236,0.4156875830794146,0.6955018586351986,0.6687758175734352,0.6404047417694029,0.5806123125860165,0.6934371300458522,0.7133686238361303,0.4652109468225101
0.7796282084454171,0.7109750936251196,0.5102218980150913,0.14290900147277596,0.6441459957112863,0.6674396080396721,0.645079399420402,0.4402867664740631,0.5859626594271526,0.0,0.6846518301325286,0.5966649675370792,0.7436388936051823,0.510354060097833,0.6860739535078759,0.4690346695573139,0.7533110486170291,0.6083270863790775,0.8220484184750041,0.5215283250113338,0.9402347857264444,0.7223906165668877,0.4134134876783046,0.709030460302605,0.7991145524254057,0.7059764213592927,0.5103234844494782,0.7236643118016017,0.8074003345802288,0.6221382971545985,0.9507732608500548,0.22764952340341454,0.7999238865221558,0.807523569712992,0.8651035272955273,0.3175947751828798,0.41331442974111954,0.4575586619813755,0.38210727705903796,0.43203846353183606,0.4664772618475545,0.330538480495722,0.7113146056754589,0.5865227211364641,0.5781769726950556,0.7170980742510452,0.4578433476513982,0.37401207857333585,0.4632872741229315,0.40836793552876793,0.6534097004354809,0.5592179945553858,0.6961114397607241,0.5391001117453229,0.608398355870398,0.6152571625168872,0.6065609417276898,0.5779117474331021,0.0,0.5891439424121476,0.41065254097112125,0.5806203686512703,0.6754636802404848,0.4671005857924274,0.47544361692747417,0.6725472714406002,0.3331313255581066,0.7756157783617815,0.3773576760188502,0.618293972901885,0.5691198190543034,0.4960421528373232,0.50629668627252,0.8136281353674318,0.0,0.6612514728218374
0.3976825381735908,0.6592203742452519,0.5721092008866095,0.5768140290442393,0.6365027726883767,0.7487548624709603,0.6901338611167563,0.5693479150249052,0.6588343528548173,0.6846518301325286,0.0,0.7482658432122593,0.6013225515954228,0.5482313087428716,0.0,0.4684457397644259,0.6116419009455415,0.7928499749246434,0.702827302178426,0.4961713268517135,0.748472416843853,0.5408806324998781,0.6143615386075261,0.851713731646347,0.6912301258177755,0.8103563318835452,0.6625071650194876,0.6373589444517149,0.5427633541079568,0.430327269417745,0.6331844428040333,0.5730463394146048,0.7297615056545264,0.6055506710388455,0.6069368039218583,0.4331019710017172,0.6452796752072655,0.7374786059393458,0.7015388829717342,0.47095576322211175,0.5425036531444254,0.5511987321106164,0.6432345743963259,0.7970457712569394,0.49227196900415604,0.0,0.0,0.6396126494907591,0.4707420294458049,0.588064218689653,0.7053819222274884,0.5915999214619164,0.7453145393842349,0.35078647550949427,0.6832174694348888,0.6429949375569115,0.49075246383946247,0.683515979410179,0.6554373216156326,0.0,0.0,0.0,0.0,0.7769807807257629,0.5431975725611924,0.0,0.5642536679079042,0.6022038770576192,0.0,0.0,0.9507590207997304,0.7874361132991226,0.6433998689692042,0.41508673312609395,0.0,0.844016741314243
0.7932639284934015,0.5242260580206273,0.7095561481511077,0.3331661186065245,0.562487453630605,0.8498416488752023,0.5386984159598115,0.7375661199660231,0.7159585144801608,0.5966649675370792,0.7482658432122593,0.0,0.8685157367612826,0.6315872681674137,0.6589857377065977,0.6944722877380483,0.962957666838442,1.0176598550414724,0.7879506958557214,0.44935251779286955,0.7624776889392921,0.6478684714938752,0.5368061895590248,0.7555106709552414,1.0236864531980991,0.6404737887592467,0.7329727754786421,0.9138314390193989,0.5813457207383528,0.6626551732093751,0.8660253192959348,0.28747084029953934,0.6084694750795818,0.6878339080041274,0.7781395065947571,0.3442875283827117,0.4382981890568445,0.3333794642224288,0.5745393424257499,0.37803437283656216,0.43829146184580614,0.23547995416576853,0.41511890126930606,0.6623818683222575,0.4580959898888557,0.5636887528062355,0.391367669814997,0.5580642712726436,0.42276237456925736,0.2658382971253851,0.39387904036846544,0.6683943199998436,0.35608340375266795,0.5768688771594868,0.5441633274766173,0.4813741503610261,0.6310803265795044,0.5225403504546708,0.5267395354912157,0.5116895755792306,0.42707919269631156,0.5580571242842924,0.813090450294501,0.6110701731818153,0.8278581323329091,0.8251186774773374,0.47323359335337384,0.25814904376080294,0.31477640951240554,0.6424622378718212,0.5187817585738213,0.32787113937326073,0.5531278732152041,0.5827950958658503,0.0,0.5716637150328319
1.0535578098515537,0.7480933650544815,0.6621698738499814,0.49411383184642155,0.7800073264553509,0.7497195933669443,0.9482691152544136,0.648258773952613,0.7134994955946876,0.7436388936051823,0.6013225515954228,0.8685157367612826,0.0,0.555036101041851,0.6984173893135887,0.9555264760773531,0.6905840412519592,0.9944460470729716,0.6330493709651918,0.9426027830588654,0.6243488685639377,0.8326483394331881,0.58955814222581,0.6702073218010456,0.9206220622588881,0.8008255011647754,0.6330506071399614,0.8347931639635764,0.8414441822989552,0.5706598261785791,0.6761156773659172,0.5486406101969283,0.6011199680789331,0.6321172283791467,0.41223036676147284,0.6332268264722047,0.6225570940410812,0.5524347942199012,0.6743202445970733,0.324039736966403,0.3955161656176272,0.4766833027089257,0.6912968483735246,0.47596952759770284,0.5094373150138761,0.7421358810221274,0.7860721664182713,0.7552346922721564,0.0,0.8226000621120766,0.7297241484854142,0.752077387809326,0.6971278236552823,0.7981258012575381,0.5181374542246406,0.6018598522538091,0.7081096735644032,0.6990236609590864,0.4366296969832818,0.6725188475777912,0.7895121743438256,0.5911118844931306,0.7224507273716743,0.8641321907772699,0.7115692204352655,0.7897854215814906,0.8016817863320089,0.7070006929782989,0.6086548064700393,0.8212036873091386,0.6425391739333552,0.7099701941431122,0.7158605129109756,0.5987059023792819,0.5880566199492474,0.6074837900552241
0.5698258639727299,0.5824367425541948,0.8355836756608321,0.39514366303405407,0.4568701578018818,0.7443790045296854,0.5067864328413965,0.6610564510297094,0.7930054401413063,0.510354060097833,0.5482313087428716,0.6315872681674137,0.555036101041851,0.0,0.6123226210071919,0.5734782673865266,0.45543685786059623,0.46648129194188737,0.6628774042106182,0.47297131990676655,0.685575991010934,0.3219054977380991,0.7230852045393112,0.7183453208930801,0.5067133655070396,0.628464973753296,0.8608052289053668,0.5278717944673181,0.45489914784107816,0.7707007722430039,0.6220208463368573,0.1903165509410907,0.3340451822305118,0.6632408064714475,0.24494101795795184,0.3135332259838535,0.27964985610056314,0.33361313603976417,0.6928646011975501,0.0,0.6648853730103281,0.6426947883818908,0.6251652550777753,0.46794625492722497,0.0,0.0,0.0,0.5650560191894564,0.0,0.5709821433665245,0.5283563816374293,0.619198894471845,0.4826652717680732,0.6210436939981331,0.0,0.6863489736639012,0.34834703466897277,0.9747983703942624,0.503368140067441,0.0,0.0,0.0,0.0,0.5605885491693612,0.0,0.0,0.0,0.7428767550721083,0.0,0.0,0.0,0.6520512406943877,0.9538109862428056,0.0,0.0,0.0
0.5195474948244535,0.7544980729143944,0.7064574265500307,0.6584323112136287,0.7588788401461184,0.817509868070976,0.7132300335191513,0.6017200273595356,0.8311300827966104,0.6860739535078759,0.0,0.6589857377065977,0.6984173893135887,0.6123226210071919,0.0,0.8134652100796875,0.7327187830437536,0.778235646587458,0.0,0.4356739848293361,0.6384942244795986,0.4468529780938355,0.7496808090046965,0.558677701644964,0.6514900307223201,0.5528650922705822,0.5869793953755205,0.609445102031854,0.6932951241989374,0.6073946515062052,0.6578135522863531,0.42546926880248676,0.5694920646860182,0.5466643660783973,0.5814108886264331,0.5949882648519631,0.5031654280559762,0.3624468922595383,0.44411216554446437,0.5373327862060054,0.5339352266318409,0.48220299802611055,0.4226822161203428,0.34290429144610113,0.0,0.7376734642884617,0.4720057150972066,0.7424131851532416,0.0,0.0,0.7945381090917216,0.8971731693705116,0.7951032738549377,0.5660416578382713,0.0,0.0,0.9055254961179097,0.5691367807313317,0.46966838630239793,0.7252153428922611,0.6624254638092064,0.5523851186117374,0.8254534221657122,0.0,0.7689595928626185,0.5811682056174172,0.7283858412490745,0.8082248215607051,0.45120734258892775,0.8262472593376425,0.5113957022812184,0.7295014067868634,0.6524971064409304,0.6588446666668508,0.5032067273855418,0.5730700630679404
0.9902038642150162,0.9254075371889132,0.7385845505821046,0.23097174824623906,1.083616696181143,0.9669682915489117,0.9556635997117146,0.9075965097568146,0.8430337262476111,0.4690346695573139,0.4684457397644259,0.6944722877380483,0.9555264760773531,0.5734782673865266,0.8134652100796875,0.0,0.7382528687643766,0.9353291612250489,0.49920190050909935,0.8591451461921071,1.0315367809355211,0.7657341960978207,0.7816526387005188,0.5963341173956012,0.7295986926520979,0.8309139059200177,0.9057593910961493,1.004476950650666,0.9055893588097219,0.9286165423142899,0.9605453613472197,0.5908650530838424,0.3976137457768638,0.6199029993383487,0.6726881166076111,0.4788323338106204,0.634006104689393,0.6023032315762975,0.7062902083490341,0.4437661385596373,0.5382436184787359,0.6386562967377021,0.4707042361997409,0.0,0.0,0.778790944695879,0.8029637456719338,0.0,0.0,0.0,0.6453427888576655,0.7810953657555012,0.9501016523652219,0.0,0.5538453498598164,0.0,0.472832252794652,0.8089353829710351,0.0,0.6468749150427644,0.8019758264818724,0.4063259332919421,0.7447058975349263,0.0,1.025486892640243,1.0209982657171404,0.64337656050935,0.6208901032620983,0.14403442284228216,0.7734438206587178,0.7401253253275872,0.7391792683862027,0.7465703737258095,1.0261845980974267,0.0,0.5798293939184199
0.6461647295735143,0.6832725069795178,0.7942034035923969,0.6861578609836873,0.7532238102708653,0.7934976192827304,0.8433506201535828,0.7250393305164952,0.7217428801312082,0.7533110486170291,0.6116419009455415,0.962957666838442,0.6905840412519592,0.45543685786059623,0.7327187830437536,0.7382528687643766,0.0,0.6499052008366915,0.7950350897831245,0.5834293198327023,0.7524609726779932,0.8274545310913792,0.6799369419721213,0.8160613622034376,0.7698765809810875,0.8595087774021372,0.6781261480037873,0.93093861984699,0.5307947918564695,0.7719732701534892,0.8515675645300484,0.31967787465202685,0.4431754078707756,0.6889061231331954,0.5911178321458302,0.7397195268498702,0.34751813906710394,0.2745632177311119,0.4807397300045587,0.5618148293647027,0.3547800561606447,0.6432689522037753,0.0,0.0,0.20047701816664215,0.8109113687010465,0.46096357063111243,0.0,0.0,0.0,0.0,0.0,0.0,0.0,0.5358165965039888,0.0,0.5484940075197215,0.6851345853013251,0.0,0.5674426337132471,0.36939510964063227,0.49781410692472056,0.6590735255291491,0.0,0.0,0.0,0.4984889260818631,0.0,0.4641112354443331,0.7118031959472546,0.6929397809800244,0.0,0.12493827923211404,0.4674250438068166,0.0,0.7185327280549408
0.8412857368207758,0.8968787877085456,0.6478242180232434,0.4712370412594068,0.7196707703723266,0.9782905216193463,0.8869785644570407,0.7571510489638844,0.7481644893964918,0.6083270863790775,0.7928499749246434,1.0176598550414724,0.9944460470729716,0.46648129194188737,0.778235646587458,0.9353291612250489,0.6499052008366915,0.0,0.6939139184167478,0.8352367072712006,0.832655880531871,0.850902487030144,0.7278591110100825,0.7773485559373365,0.8622014190500891,0.7664693671671359,0.9698005602988631,0.9502341626959626,0.842665211061573,0.9908916204895788,0.7554788501402155,0.2914448857159115,0.4685297209260103,0.6727568241949882,0.5454594789725633,0.5184627985733925,0.3969772700590074,0.22261276906235106,0.5917852459627257,0.5719036401607193,0.48792276482880137,0.5168856464451943,0.0,0.0,0.49726924191348665,0.8084932619161671,0.7908358518322256,0.0,0.0,0.0,0.8058271173036762,0.4979960774655087,0.6274235493328586,0.0,0.6705627522072755,0.0,0.6935601720916289,0.25956009996258805,0.0,0.7028059061824627,0.860345993174945,0.6251417959884993,0.7330034802874351,0.0,0.5495388504504635,0.6883678889130584,0.7238733383591414,0.9723157430107918,0.5541023067691653,0.7422826818485296,0.7980516124174646,0.7082180064852048,0.7476814582815191,0.7836681352938598,0.0,0.8072896651611325
0.0,0.6895365511179192,0.683229297500346,0.6268769950007329,0.8270247350280363,0.4094389550147764,0.6717704721088275,0.6542636577600204,0.5007417415718136,0.8220484184750041,0.702827302178426,0.7879506958557214,0.6330493709651918,0.6628774042106182,0.0,0.49920190050909935,0.7950350897831245,0.6939139184167478,0.0,0.45895856171583677,0.692825707051742,0.7317263283366395,0.556418220260458,0.867354975550122,0.7129355671553168,0.7610739035735862,0.7877883535081366,0.6718222107687066,0.5897612721860054,0.8909774224799417,0.6244312453850036,0.6272310439483171,0.645690276658266,0.6147443549099807,0.686261454860965,0.6367131315548193,0.555045848534903,0.5819323141132037,0.8584495269032513,0.44263600496185795,0.3938096429631357,0.5464212814346243,0.688935048853011,0.6843096709632519,0.049506275399755474,0.0,0.0,0.8127468391710679,0.0,0.6732762448663968,0.6591634771649052,0.748514194617192,0.909239569686495,0.9141822748373627,0.6509446987733865,0.7809684938624417,0.7596388015236408,0.7257367642794161,0.5797704555190315,0.0,0.0,0.0,0.0,0.9425954471587354,0.4729494097857447,0.0,0.44418058992260673,0.7595489083487115,0.0,0.0,0.0,0.7649330365451521,0.7826187449727632,0.5569488874964403,0.4762041482601346,0.8250803520702135
0.672405863187425,0.9041446129557682,0.5077166320313334,0.29325990489489695,0.981969508662283,0.801084490697265,0.9117917134134244,0.6857143697712853,0.7856206249373622,0.5215283250113338,0.4961713268517135,0.44935251779286955,0.9426027830588654,0.47297131990676655,0.4356739848293361,0.8591451461921071,0.5834293198327023,0.8352367072712006,0.45895856171583677,0.0,0.6308033802023797,0.7118690680492544,0.351957260301645,0.7913834324442011,0.9145408828420473,0.5970054813009749,0.8160322766748602,1.0088250388170226,0.7195640381875315,0.7374264372180317,0.7025969795863121,0.5027685046476904,0.5695079130922757,0.7545538891462314,0.7629714317100826,0.875160441054741,0.47749774279366475,0.541245779419662,0.5119750816662745,0.6337084265631868,0.6332801171548322,0.41103453533197226,0.5456744560611415,0.3969127600754661,0.346268803971187,0.8725533693448829,0.64606292547214,0.833407117902891,0.0,0.0,0.7121432625664339,0.7350086431653675,0.7720863262270419,0.6846489152232527,0.7738161017028204,0.0,0.5832998998218244,0.7208227534424508,0.0,0.6314752230137892,0.7633004178876717,0.47098453696574427,0.5688908482005337,0.0,0.6467669978198107,0.5801438932901305,0.6296656322266082,0.6478728678653796,0.0,0.7621140770465831,0.5398397735353149,0.6699284009127509,0.6553578424597148,0.6430161368209595,0.5884226467744779,0.5422071909868871
0.6795566433993125,0.9962800718577502,0.6731224927114173,0.4157796464991096,0.8314048309085711,0.8250843061692876,0.6720240325648915,0.7478989447791342,0.44535018922456315,0.9402347857264444,0.748472416843853,0.7624776889392921,0.6243488685639377,0.685575991010934,0.6384942244795986,1.0315367809355211,0.7524609726779932,0.832655880531871,0.692825707051742,0.6308033802023797,0.0,0.691444228687754,0.8406610555291907,0.610895821778707,0.7292116059259833,0.9245200512688088,0.7037110893170224,0.6178377719448434,0.6664917033856015,0.5980996558278406,0.8715505948502307,0.4080225111124619,0.5650832289652374,0.638245040816942,0.6613561824866503,0.763743708168424,0.5116483165532406,0.6701232313173239,0.6347764172900421,0.6111721136139215,0.6045890744873157,0.5918525247527169,0.7018642572313898,0.0,0.0,0.683960218012416,0.6352012150438682,0.8724630515886254,0.0,0.0,0.9598379597852675,0.6236884633957589,0.9797490768047223,0.6391447479771714,0.9463469842156862,0.0,0.7711645550059143,0.7712805172745609,0.0,0.6003634126983681,0.7276362099662923,0.0,0.6734722520797013,0.0,0.7145466837843664,0.8369446529555173,0.7048192796651227,0.7761495503535282,0.5484620313307519,0.5902331933390388,0.7886594417705598,0.7656011360950087,0.7192418623904901,0.7409813667992262,0.6183080852698435,0.48057370920322184
0.8873799362768922,0.9638219027266429,0.6891088356400488,0.716421970836779,1.0761970382295512,0.8214738495270817,0.8508993690086583,0.7609454345230413,0.868364741692912,0.7223906165668877,0.5408806324998781,0.6478684714938752,0.8326483394331881,0.3219054977380991,0.4468529780938355,0.7657341960978207,0.8274545310913792,0.850902487030144,0.7317263283366395,0.7118690680492544,0.691444228687754,0.0,0.8119690983572232,0.7250530214169226,0.9512790027463642,0.813373541956623,0.7334409614626946,1.0319877213612556,0.7533101592841684,0.9402646361571951,0.8772690105568386,0.5472589306468705,0.4764154603772994,0.7383662450497254,0.692513534417534,0.42985490279656613,0.7668279751202367,0.43272654103605657,0.48758531514028725,0.6056859255240291,0.5582866931628563,0.5508708141053967,0.4621107027221628,0.4173570649411871,0.3891447465870387,0.8012973540902859,0.5792613349042681,0.7749256500051853,0.4704524944014552,0.39998515668222445,0.8872594025333256,0.7825514056784215,0.6500376725371941,0.7925151622146129,0.6609679793489591,0.0,0.6974317993603306,0.7763674692125779,0.0,0.6222811975696945,0.7242970030746427,0.7426030398112404,0.8135184477721829,0.0,0.641721928909818,0.6174279514096748,0.6160720876334733,0.6673131935992733,0.8653916016488776,0.6105642774691776,0.5981111421292487,0.6810110663658598,0.7805917435665757,0.6579660500299862,0.503538406024688,0.6208686428727029
0.7033430240917573,0.8415792830785109,0.6923820182072313,0.3757482812795739,0.6322159132725529,0.7086936905123773,0.6032703907941779,0.8579636152078947,0.6878770181371634,0.4134134876783046,0.6143615386075261,0.5368061895590248,0.58955814222581,0.7230852045393112,0.7496808090046965,0.7816526387005188,0.6799369419721213,0.7278591110100825,0.556418220260458,0.351957260301645,0.8406610555291907,0.8119690983572232,0.0,0.5534845145072312,0.534686755351839,0.6583821655650315,0.5439436955640644,0.5703537679202278,0.728322065849956,0.5592916956337821,0.6790616950119193,0.6117837117201755,0.6892198250601365,0.6130076006602301,0.793407672994427,0.699741057530709,0.4733824990635462,0.5191032890631903,0.6666756568232857,0.6682188403508118,0.5749570403950321,0.6100039729317831,0.7053916208634181,0.7925683791838511,0.7069089131603165,0.5862949716332311,0.8586772764615311,0.8674525462342373,0.6010126863542375,0.9884519887365277,0.7273177017763519,0.7550706143406807,0.7890037424319194,0.8043535491989854,0.6918272320271432,0.7923588602621974,0.4659773889549111,0.6817361541366027,0.6815675930543128,0.7044536135003474,0.8018421804141271,0.4754436169274753,0.8019203157805813,1.0796728695148028,0.7241461509555255,0.9129697532371422,0.6594774952205651,0.8039042260703726,0.3384900528667063,0.8223979735111746,0.6426813228426238,0.6377718701769509,0.6730631659086193,0.6969510300122128,0.670620273894323,0.5865522604352682
0.6052950384653368,0.5429919292506697,0.7075198917126149,0.28288837295635366,0.7195629463486595,0.3905583536609315,0.6018550532970997,0.5178609929923148,0.743790968258929,0.709030460302605,0.851713731646347,0.7555106709552414,0.6702073218010456,0.7183453208930801,0.558677701644964,0.5963341173956012,0.8160613622034376,0.7773485559373365,0.867354975550122,0.7913834324442011,0.610895821778707,0.7250530214169226,0.5534845145072312,0.0,0.7528757600962183,0.6826634282891351,0.6114891238374408,0.8134451317356178,0.7315721738514328,0.944648084543277,0.8735389772368745,0.37311286111903297,0.4056990055528164,0.4614786664474887,0.5136215029302496,0.28669873729753725,0.33601832886384725,0.448378902748813,0.6745362439128213,0.7477846280534401,0.5287208827997907,0.41264291712127155,0.5700848702168746,0.546884025681875,0.39832920407235717,0.44325937135710414,0.45594062461468776,0.0,0.0,0.4712835086862044,0.6059322926454239,0.3839047040589316,0.0,0.3175739040475981,0.6343182786358281,0.49832592247604807,0.5746126453114999,0.19436628366605982,0.0,0.34847653292983083,0.3969449869890017,0.6827632209799638,0.7273710049692524,0.4751643738896784,0.3885323767066438,0.5489926145933166,0.6733971778631117,0.6740550968150696,0.4259096065516834,0.8061387901657666,0.7359330994033243,0.7035868152890578,0.3793227729812335,0.8879562025509149,0.0,0.5280449070797613
0.8172231428149632,0.66990307968338,0.6382771678748451,0.7807118523214793,0.6336751656737707,0.8455018122609267,0.8564493418723755,0.7584397256077934,0.7821112234921722,0.7991145524254057,0.6912301258177755,1.0236864531980991,0.9206220622588881,0.5067133655070396,0.6514900307223201,0.7295986926520979,0.7698765809810875,0.8622014190500891,0.7129355671553168,0.9145408828420473,0.7292116059259833,0.9512790027463642,0.534686755351839,0.7528757600962183,0.0,0.6265976998818983,0.8330870122607108,0.9801992531452,0.9381341425264896,0.5803616206494523,0.7903063398282175,0.31172519447900954,0.6171419406253651,0.6003090303408771,0.555185007073284,0.6723716997182466,0.5919302090584331,0.42575774976413544,0.601109339530845,0.647169386288823,0.5653789145758514,0.597642234543928,0.1719567030346778,0.0,0.467820733694576,0.8400640704741201,0.7201863637238224,0.0,0.0,0.0,0.805543370891455,0.7269542635699527,0.7914286386740388,0.3876242807828888,0.7154696319162837,0.4961855150204475,0.7445708752690812,0.3732219258089222,0.0,0.6672578594143641,0.7907254628017559,0.590025262082225,0.7535481786157867,0.0,0.5763556360974841,0.6461430483647839,0.5537583590792692,0.639080056588389,0.5994419096103784,0.7953015637646335,0.8001605831675918,0.5438684034081167,0.7122049127510186,0.622111891503577,0.0,0.7917723401170139
0.8535114171263308,0.7274243698816321,0.7278995022056758,0.8362676785971717,1.0593411308964495,0.8232012858077659,0.7790353505984207,0.6645584801928006,0.6671079112076661,0.7059764213592927,0.8103563318835452,0.6404737887592467,0.8008255011647754,0.628464973753296,0.5528650922705822,0.8309139059200177,0.8595087774021372,0.7664693671671359,0.7610739035735862,0.5970054813009749,0.9245200512688088,0.813373541956623,0.6583821655650315,0.6826634282891351,0.6265976998818983,0.0,0.693202568846123,0.9204001117420602,0.8122853105781525,0.5508407152031898,0.7475608894389222,0.5496724087005365,0.6197904147397995,0.6203095235857593,0.6046589415940538,0.4007387841812504,0.5906639787192902,0.4946115108281524,0.6539188948266202,0.682582089076202,0.7340934539493317,0.5565792045856304,0.17726209164159712,0.49852778089351335,0.9210003887588534,0.755298787169808,0.7646922540127732,0.8817106288352807,0.0,0.02449434475882832,1.0027564900182095,0.782677557881686,0.619414037977946,0.6216655354859333,0.6575096613650004,0.0,0.6988135343789725,0.6905758633407697,0.0,0.591923822892759,0.7960331223745551,0.644523847614898,0.77487503640432,0.0,0.7444279244414339,0.8329731759297749,0.7915447570450528,0.706303583411678,0.6092223704830204,0.7845423430122762,0.7759311788030818,0.8173061301267159,0.6372900166945359,0.8234953936643349,0.4706977014883289,0.7390797515409202
0.6257868615028921,0.9371274104107012,0.7025202613067125,0.4874604570115575,0.7357616543639951,0.7551096421064512,0.6249635927819399,0.6859260400957747,0.6230588045903369,0.5103234844494782,0.6625071650194876,0.7329727754786421,0.6330506071399614,0.8608052289053668,0.5869793953755205,0.9057593910961493,0.6781261480037873,0.9698005602988631,0.7877883535081366,0.8160322766748602,0.7037110893170224,0.7334409614626946,0.5439436955640644,0.6114891238374408,0.8330870122607108,0.693202568846123,0.0,0.6820584754549828,0.8534768811593013,0.7044648744991243,0.8579773090305449,0.6140143868505489,0.6730513385671795,0.8087479501446032,0.7965638943216107,0.6083258293620488,0.6004091501726595,0.7461121161010319,0.6341587588112136,0.5308533630272875,0.6063881800262065,0.3659039703366683,0.5831176759435235,0.7456948548913267,0.5429572290641127,0.5736322130681093,0.680792444662616,0.745019886158986,0.693194152989711,0.7396744205478928,0.7357233272148673,0.6555960616274716,0.6057596874782462,0.7431021155483534,0.6522221148456689,0.736209266518275,0.6083613673983288,0.6710378157626087,0.7832590245316815,0.6461250334350745,0.780070179456618,0.0,0.5281414330110622,0.9633989694338514,0.6917117803829522,0.8069194843984184,0.6039615971996606,0.6533358405259437,0.0,0.6038095376378827,0.5681306733409004,0.655715633569294,0.6604413941857263,0.6512881316632348,0.5835453760975695,0.5761978532720247
0.6043656622911242,0.9072654892466643,0.6548127873592092,0.4305453226837956,0.6728269071130828,0.8300741130578331,0.7938146463583119,0.6542174754301414,0.5950824143846747,0.7236643118016017,0.6373589444517149,0.9138314390193989,0.8347931639635764,0.5278717944673181,0.609445102031854,1.004476950650666,0.93093861984699,0.9502341626959626,0.6718222107687066,1.0088250388170226,0.6178377719448434,1.0319877213612556,0.5703537679202278,0.8134451317356178,0.9801992531452,0.9204001117420602,0.6820584754549828,0.0,0.9067338962899176,0.5538163500339397,0.8305218091591114,0.7023229628476428,0.6004738536905718,0.7006821811405566,0.6366468000969947,0.5120508670077396,0.4188713481727988,0.5717090732040423,0.5017454015414076,0.3670916857576035,0.7042687051521631,0.23675932894931373,0.6930574379736973,0.34303655199142935,0.6221891990769222,0.7538915603029299,0.7524278619038212,0.7935007585358087,0.0,0.8121489377515545,0.7732600189598844,0.735293592421937,0.7462367144511646,0.6730277175567614,0.8305200179531749,0.7959687594215661,0.799545991322793,0.7068462972521707,0.43320138814160436,0.7024097960946357,0.6764706184845966,0.31253524940455923,0.7021363099208016,0.8468041955857437,0.7907984919467816,0.8320033805741517,0.8071858136590655,0.6958821212871558,0.5917674125799033,0.737547237430972,0.5365853948035415,0.7365476637393186,0.7808049491040889,0.654731784165244,0.6689741403680417,0.7051111084260254
0.8238774010625189,0.7850925944197996,0.7671562360314369,0.7914427684906564,0.9559382599067943,0.6697524460683808,0.858076796410545,0.6981357528387326,0.6440617566248943,0.8074003345802288,0.5427633541079568,0.5813457207383528,0.8414441822989552,0.45489914784107816,0.6932951241989374,0.9055893588097219,0.5307947918564695,0.842665211061573,0.5897612721860054,0.7195640381875315,0.6664917033856015,0.7533101592841684,0.728322065849956,0.7315721738514328,0.9381341425264896,0.8122853105781525,0.8534768811593013,0.9067338962899176,0.0,0.6708837916604701,0.936069322664468,0.5002285368316203,0.5794461574758754,0.8789579686739769,0.6325010533327947,0.512366674572204,0.5514586850228446,0.7345269444709509,0.5652553274263818,0.6725929683443674,0.6571780678686294,0.36522445800012954,0.35931301996317166,0.7332348185924573,0.7337419366869488,0.5807687566901284,0.7202913915329823,0.8020086586325654,0.4312082866816366,0.5419031508262362,0.7809362840974454,0.7184096719739743,0.9716968240241957,0.7270978116161564,0.7776661395917724,0.42769793869008843,0.8419701919501485,0.6970791179797922,0.5781823648413587,0.6492003644861521,0.8179457177190728,0.4690105748562796,0.622194688231265,0.6781547172384911,0.730262711426783,0.822503309390079,0.6159985396930237,0.7293885809143418,0.46671310790321185,0.6784585498032205,0.6408247435741488,0.7491337296603133,0.7132530493688363,0.6531925398213663,0.6528787985992928,0.5905381012166423
0.6302143173059959,0.5459346954369518,0.6920800867563941,0.30760850364148595,0.6387726602680466,0.8022929340718558,0.5750830290901301,0.6274638740963884,0.6343736746266149,0.6221382971545985,0.430327269417745,0.6626551732093751,0.5706598261785791,0.7707007722430039,0.6073946515062052,0.9286165423142899,0.7719732701534892,0.9908916204895788,0.8909774224799417,0.7374264372180317,0.5980996558278406,0.9402646361571951,0.5592916956337821,0.944648084543277,0.5803616206494523,0.5508407152031898,0.7044648744991243,0.5538163500339397,0.6708837916604701,0.0,0.7439360179035945,0.35987715016251276,0.4927155518499056,1.0155354397325422,0.4440000816270042,0.7824438198469889,0.36647143915764435,0.5808793957192678,0.759529008254439,0.4790938329958056,0.6013629018779948,0.8242338383459148,0.7264950088165945,0.287834034080741,0.0,0.0,0.0,0.49331659837200614,0.0,0.0,0.7209326682965421,0.8430742318495277,0.5183030875108927,0.8185402645933091,0.5211864992756279,0.0,0.021434954231781177,0.22122059979550104,0.0,0.48217179873025684,0.0,0.0,0.9043387458912218,0.9056671817838056,0.7241181294595418,0.6408134138048575,0.5947748474997087,0.7215314216579205,0.0,0.4053181918973351,0.47319207570148253,0.7829028534989579,0.7790307481063511,0.6837441602162284,0.8057767224089685,0.5492810630036231
