0.0,0.6262308098692349,0.3461954209789545,0.0,0.6429848260549422,0.7922913618178702,0.47817712288514785,0.8111629864163927,0.5001955524840824,0.5742498365985935,0.37917751706973385,0.8648709516657848,0.67120632085124,0.5298583588627958,0.3823112311898105,0.6207571931843768,0.3750151749330018,0.4968145020413145,0.0,0.5753751978524058,0.6084392355303341,0.4226689757193588,0.7829477000701284,0.6878534128944684,0.5054250205933835,0.7097959945428245,0.7069953303573457,0.5035720336916585,0.5234398621522814,0.6601973728378469,0.48329918008231837,0.70505975713958,0.5678873982636676,0.44385089168870506,0.5748785802264932,0.6471829788656915,0.4895150910919719,0.5105268187565819,0.7464742638470308,0.8755328100426094,0.5685817583477638,0.4671344751678801,0.4738744947984716,0.0,0.5248618289000356,0.5938544651622483,0.7033529583753526,0.0,0.0,0.0,0.49363146070974573,0.0,0.7846999709315476,0.0,0.5393839290027089,0.0,0.5437664477145261,0.6627381517353494,0.0,0.7405421128562473,0.7632783734320865,0.5125625984167346,0.4949424215899292,0.0,0.5756871814233372,0.6773321088649045,0.46815047554969147,0.9915008300431094,0.7074716002446526,0.7129149167479991,0.6704104933632402,0.53562530973175,0.44828527844788535,0.6530929409109527,0.0,0.500860237664268
0.6262308098692349,0.0,0.5751066879882116,0.39569614870897485,0.4097305530841905,0.3493875641258072,0.279108519762409,0.7099621393238464,0.3378913439586773,0.6731902121468788,0.44514945150940843,0.45009016364730847,0.21527353268875365,0.36576617016390567,0.19505209136843993,0.5701389294303301,0.587138680519764,0.49768360954805163,0.6882647736231726,0.5241923392543753,0.5286557109649553,0.7460928686135005,0.46126193855674724,0.6096536240307497,0.6444098319739281,0.6651168261430294,0.480732609601819,0.1456762126231397,0.150368486131435,0.5608042188728921,0.552518435120104,0.556174750318748,0.32448510590109075,0.46175699442439283,0.6472206971397558,0.41724286959558915,0.044743702244995506,0.0,0.5988599025732042,0.7811094637060019,0.527813069904744,0.7951829011581599,0.5877992723853,0.0,0.0,0.7624454779777639,0.6599920204391061,0.04157191821765719,0.0,0.0,0.3742823138188037,0.6165472388557607,0.48636915351910043,0.7065551344666738,0.41316652272746834,0.0,0.5220807360139559,0.7024461251048968,0.0,0.47714635254622384,0.5496718694333826,0.4443870774918871,0.46438967767120554,0.0,0.5309596409805746,0.650583291456063,0.5437524446302175,0.6154322188471804,0.7448920934058239,0.5871300886803998,0.6258965788543772,0.5682258052963761,0.6721341351340497,0.5591113564547188,0.0,0.5749824617312052
0.3461954209789545,0.5751066879882116,0.0,0.5698327284969169,0.6734846289115084,0.685124941016912,0.600699873435997,0.6311253210418923,0.38299734819168263,0.5910859537305648,0.8045692489656944,0.6109117703180929,0.5654194364434583,0.6827504376509941,0.6242698372125812,0.4665008039731943,0.7244662698541602,0.5626906681641322,0.6694925404275707,0.4898524284231358,0.3658092467266419,0.5834411316511601,0.45370121315634976,0.5238642354095115,0.6467102597663403,0.644628526873453,0.359085516135456,0.5777969909388967,0.654852011813416,0.6405949804944575,0.5547091759166918,0.5841691793707577,0.5814976102055047,0.6171017084649544,0.5911838420061502,0.5678892949431309,0.644446254719614,0.5785816035232979,0.9705425281438742,0.46911491418457796,0.7145071607621443,0.2788364270091185,0.8925717131904509,0.6958697988140696,0.0,0.0,0.38469888045384915,0.5887529159468625,0.4711553470821931,0.6552385330188331,0.8080122588057937,0.6294887787799928,0.7758678267816066,0.897474235285763,0.43038205036619614,0.8759793514942178,0.8992946732727103,1.0416781152476653,0.7064094912033043,0.3533911334182489,0.0,0.0,0.0,0.4548878292403633,0.7891654658330016,0.4385679323190202,0.24604730196158334,0.85306498387638,0.0,0.5472879559415549,0.6736935802016111,0.8177441838393231,0.5932595760830336,0.7295783387411496,0.6504850170251997,0.6503072549161089
0.0,0.39569614870897485,0.5698327284969169,0.0,0.27067249929148784,0.5826921785745356,0.06966018797839213,0.7323006774090601,0.5898046855844239,0.30520412161143934,0.45147421311636077,0.2933307431628728,0.18944023136049312,0.6948851659871611,0.42069351905562646,0.2590118488181801,0.39847396307265975,0.47239761401497277,0.6313638639144881,0.7167842894944152,0.469844177054765,0.5664987514644589,0.6075717273757525,0.43173251211684,0.7976697983318817,0.5106032419098763,0.31339114435563875,0.36829889241409597,0.5881098595912103,0.35083028461464577,0.5779747160931703,0.512808686817678,0.1652433069626461,0.5670819912466244,0.6745110810589405,0.5721976027409388,0.4178318614138606,0.4489892768217787,0.25639046454543124,0.3701619224394048,0.6838696551146439,1.1120556725977047,0.386687981657034,0.2166399969054923,0.0,0.0,0.0,0.4074859304501104,0.0,0.0,0.8505416871240472,0.0,0.4683209596449818,0.31801527500244964,0.0,0.22182387278090016,0.6864612745253906,0.45228636982022213,0.0,0.0,0.0,0.0,0.0,0.0,0.0,0.0,0.4548163467846741,0.6709892482976858,0.0,0.0,0.0,0.5922700337041582,0.45713735337198297,0.5558357766970068,0.0,0.0
0.6429848260549422,0.4097305530841905,0.6734846289115084,0.27067249929148784,0.0,0.6873345919914593,0.683377547436679,0.8128920581223368,0.49821692315364696,0.8345507675657879,0.4387184151509588,0.4926457902184501,0.5624213502456913,0.5143440007614271,0.6838082299283058,0.5356408479641491,0.5677060115699302,0.47417746373803593,0.6638184801173699,0.4247687588005803,0.8079978369910104,0.3255805369771463,0.6205002105496389,0.5238079000216176,0.866725721737507,0.476115628839699,0.6070990533089765,0.27848872843128797,0.2990790772693821,0.5282792806282808,0.6280080809220752,0.20336944707768076,0.4534995791197091,0.6614862688705325,0.7000050460496974,0.30741906531022317,0.1297687572146241,0.6342644826954675,0.5530434961776793,0.466301566572061,0.48635502302494726,0.5293765290359183,0.9325097460242032,0.38045511516323555,0.35480996915941304,0.0,0.4899938569306417,0.6507786631858791,0.0,0.4494629365573406,0.6620335314930045,0.7139866168778954,0.7188442384519,0.5407929893705193,0.0,0.5840225877307637,0.359961535786796,0.7836886602484762,0.47215628189910414,0.3377969357048838,0.4522578989195838,0.0,0.0,0.6033045286718253,0.6385711421369272,0.48585710402305354,0.7332566438686878,0.7720204053422729,0.0,0.46984026568684445,0.7512206813302367,0.6522261942317867,0.7141677268608999,0.3993060680396977,0.0,0.6982647615942008
0.7922913618178702,0.3493875641258072,0.685124941016912,0.5826921785745356,0.6873345919914593,0.0,0.6510857839613085,0.6907218904428758,0.5969954431157968,0.6967805345585916,0.7530865095327227,0.7719253913211872,0.5925085779862207,0.6963941019888811,0.52718141700731,0.41354316713928974,0.5062225680162922,0.37436051815154425,0.4157769911650473,0.40665624464764677,0.5073387245940089,0.344148821886338,0.5852176594909227,0.5151324113456253,0.289174885559098,0.6135210278076106,0.5938252290066371,0.6247611058228377,0.4867190188267775,0.7185840905015731,0.6318267763466945,0.5621540426653304,0.6430275149395642,0.6198518092897061,0.6739143956014153,0.7191400069434725,0.6488566788932479,0.589576009273709,0.7188175338345653,0.2897170193239162,0.6911901296950083,0.8232727952791219,0.5586740582445191,0.5854400006848913,0.3710700308487115,0.5506479511506536,0.5917443199954968,0.8255028584730402,0.7371493686784594,0.6435901381673783,0.6767608266471811,0.835040796041635,0.7554614074005741,0.9072376680913515,0.8539736922308828,0.7341257184336072,0.3672414329135072,0.6907839770249211,0.7688503279889187,0.42362841899211934,0.722826359472885,0.0,0.38697301632298253,0.802944582537281,0.4623005490225653,0.20727458871030238,0.6949848253465628,0.7475595482348113,0.5058420478307517,0.5798125785764721,0.5620389100867563,0.6990897549541457,0.576814638212177,0.5850954396809595,0.4763962010454672,0.7011132829242264
0.47817712288514785,0.279108519762409,0.600699873435997,0.06966018797839213,0.683377547436679,0.6510857839613085,0.0,0.6011356569978277,0.687586139748487,0.912303167134834,0.564393154580529,0.7130852247232713,0.7319161236255405,0.4747562837413961,0.4396290959089762,0.38427350351555756,0.7131445014114826,0.44313708879584,0.55013850990773,0.352099863847421,0.16146953956714677,0.29508543264166937,0.5514722243237584,0.7161522122314128,0.43994869937438086,0.6668936794891527,0.549728813333991,0.2528326428448864,0.33444367805129566,0.4396673927277781,0.5862268367349537,0.8640195568511395,0.5049035045761565,0.5705543321348003,0.6328657347202885,0.47114223396896415,0.31314532121078154,0.9918139036344029,0.7203258911083764,0.47979674896586644,0.5438683250740134,0.17415607917478654,0.46746540760883426,1.0113975656133358,0.38130214661893824,0.0,0.58301536628765,0.7196930626284797,0.0,0.6897365434093976,0.5725377724915979,0.6407292704177796,0.5596257917011727,0.7025101983099578,0.6210327445819016,0.3548975749731025,0.5062967644604377,0.560124886540422,0.6892297397342738,0.44760477171348034,0.6478207714065677,0.0,0.49425345114413194,0.6876762986557148,0.7120888348967069,0.6348589608570689,0.7099940222951602,0.6805287589102053,0.46844982562764714,0.6550342029009215,0.6187306148718932,0.624629829001992,0.5638817974448957,0.5240109911641597,0.7953987514212619,0.5708263871566291
0.8111629864163927,0.7099621393238464,0.6311253210418923,0.7323006774090601,0.8128920581223368,0.6907218904428758,0.6011356569978277,0.0,0.8513443196245807,0.7633670964910778,0.5415101468964372,0.5592307308986972,0.5749022337068084,0.7109900711603643,0.4999974174157352,0.8302216954103543,0.5228392715509748,0.8797267539062645,0.5843165422860878,0.37276945573816267,0.6340761154958493,0.3975365273791182,0.7310262572845304,0.6914031045080204,0.8879906866328908,0.8429408039186398,0.7677212463827927,0.4412023151835483,0.19080591349942483,0.3530215718225581,0.5657053270381297,0.5573752784983707,0.8536297377131361,0.6052857492247805,0.5013832539893197,0.5740495861555199,0.7069369671628685,0.4732920629157017,0.810088291054865,0.6945950225717059,0.48617526815471096,0.6366167786929208,0.8273280014860059,0.645426600858294,0.0,0.6730427728616295,0.46506338707567,0.7126136404372312,0.0,1.1140294407115023,0.6444735320517048,0.6570203988147338,0.7090660230840649,0.7271603396428614,0.6462135556992363,0.7843053395195054,0.9327269635649206,0.5360118106204459,0.543194222800789,0.7292646144932964,0.6156444053872916,0.0,0.5549975424557887,0.8302344104903144,0.5776246940018854,0.5786452724261456,0.507261830904302,0.8110786412039145,0.0,0.6095196223230459,0.49106960683451795,0.6386265130208766,0.5260933737651813,0.609902021579777,0.5079523768861889,0.43887024277131
0.5001955524840824,0.3378913439586773,0.38299734819168263,0.5898046855844239,0.49821692315364696,0.5969954431157968,0.687586139748487,0.8513443196245807,0.0,0.8000998490244239,0.44226614811986337,0.7078373570179217,0.6230856511391811,0.6560541641747607,0.8847473231431463,0.40738736887900817,0.8140370491840145,1.0625518645299297,0.28719592090803026,0.49342122364486385,0.4514622357515333,0.42779408582228684,0.6180047705087836,0.7997835581148696,0.3837035162735284,0.6969002623841153,0.46108788313243576,0.6465641050746984,0.37264104294533873,0.6453010051053092,0.6167028479841017,0.6656190006865357,0.7616092601353501,0.6802306056873815,0.7146426076772205,0.6441586156020502,0.7160377563289486,0.7253777313709067,0.9494995267996266,0.594535862300474,0.469265964561775,0.5298267186363909,0.7706688885660129,0.7619025333939686,0.43680943801894745,0.0,0.5152220504770118,0.8355693166170246,0.46639951107167715,0.8265181296176926,0.8993095519129244,0.7725026375625053,0.8088280058082535,0.7800533599776489,0.4196894163091265,0.8819042951355982,0.6921025129830557,0.6234264053878991,0.6817372187609023,0.7568790531166281,0.7346768648848654,0.0,0.0,0.776212634249779,0.6545041410053767,0.7633406827275595,0.6033378870875513,0.8994883534078075,0.4168206675883799,0.6704812931668367,0.24959646414160797,0.7583224734051122,0.559941656346577,0.5847896345712377,0.7189273428225738,0.8384351690248485
0.5742498365985935,0.6731902121468788,0.5910859537305648,0.30520412161143934,0.8345507675657879,0.6967805345585916,0.912303167134834,0.7633670964910778,0.8000998490244239,0.0,0.7425219925194904,0.6409421613669499,0.7578090249903493,0.4926838347800437,0.19621381550531103,0.3662449696801874,0.5739688301532584,0.37711641035457416,0.7871054792894355,0.31666349837699004,0.7023194688749352,0.4939501832822836,0.6094175072614294,0.5005060727405518,0.6362581309679103,0.6100323960630762,0.6174403201281174,0.9189215655299798,0.5187828082757464,0.538874482926732,0.5646876746427852,0.7079424054561023,0.6542516707191459,0.7439441282188225,0.9412819347856464,0.832024411447378,0.8609268083035659,0.4979911043034965,0.6028150233118834,0.5666999146829299,0.770519356001677,0.34606251856548365,0.6482962829606989,0.3651100417709633,0.7588321190141747,0.6366158768241568,0.4815443704874294,0.3562746405651218,0.473975741706648,0.4363401722564539,0.6156955157665225,0.5078054385772155,0.69272751406998,0.25986251765495216,0.6495286733426673,0.6163970360188675,0.6530194555897226,0.7853682140465527,0.0,0.6212126064618331,0.5112470432384925,0.610982789111413,0.7122579689422228,0.46805065467107515,0.46596206478707847,0.6313550934463341,0.4470173094105482,0.6882819966541511,0.520455378239864,0.6713880647785857,0.6081157421383583,0.7995810712731751,0.7382298072706249,0.6710945408279918,0.0,0.7906068241976958
0.37917751706973385,0.44514945150940843,0.8045692489656944,0.45147421311636077,0.4387184151509588,0.7530865095327227,0.564393154580529,0.5415101468964372,0.44226614811986337,0.7425219925194904,0.0,0.6134627103716386,0.5910697491516319,0.7395041634153825,0.0,0.4906817959298265,0.5197988094432464,0.535851769864313,0.6473554292827671,0.4517463070951224,0.5413616913743224,0.433103988316398,0.8173035782394358,0.6337956571620197,0.5791999443202928,0.7228370749032813,0.6686049042222311,0.6335311432407615,0.42515408752191086,0.6176474990239547,0.5795907474983855,0.2965127428388042,0.5544014513885438,0.6668004452956456,0.7099388917964439,0.6072045888505788,0.5459110104169146,0.6273044915794601,0.37896651647682844,0.48816284075704386,0.4990672899960412,0.6134044097448706,0.633293797615312,0.8549866681571594,0.4351575023369275,0.0,0.0,0.8154701542128524,0.46828857467282764,0.6901646437801137,0.5131765166460134,0.5286656556452143,0.589914358078856,0.8131825059964968,0.6257693042647485,0.7462960974858921,0.5338469073404672,0.6564496829153058,0.5554970529601818,0.0,0.0,0.0,0.0,0.7741667456861112,0.5132353014710037,0.0,0.529058256768151,0.7134597237206339,0.0,0.0,0.8882109209972244,0.5690697946805645,0.5338291178266024,0.40512904780151193,0.0,0.7622904049716269
0.8648709516657848,0.45009016364730847,0.6109117703180929,0.2933307431628728,0.4926457902184501,0.7719253913211872,0.7130852247232713,0.5592307308986972,0.7078373570179217,0.6409421613669499,0.6134627103716386,0.0,0.7436307596355769,0.6046425958103407,0.4769513204412069,0.7194292343225286,0.5661757936264962,0.6417012159038069,0.6878250999180674,0.37713142113315334,0.8803701664966239,0.6701209693644732,0.6521547168239916,0.5400352379165254,0.5814942875939098,0.603371386413138,0.5779304764358589,0.8616371512800098,0.41967270491736164,0.5292879893301657,0.5152725359884637,0.1693609419358563,0.6698000805922572,0.654716160057611,0.8525521822457078,0.6246173453036358,0.791930681956234,0.4440083291700887,0.3159762578408063,0.6015374289841771,0.2585578147635569,0.17118516308558673,0.37184842914911964,0.9075274384040661,0.5547966818267853,0.5522244455168592,0.5986245239553715,0.5109230018229816,0.47311242152806765,0.3689659475392508,0.3763791370293436,0.24076444531678853,0.3578579435962692,0.5480927285392382,0.7156727765822435,-0.10521450669891233,0.7474350903991893,0.17618138403989048,0.5274442691409463,0.5130435747703855,0.45121453974669723,0.5869587538808783,0.9158432614989052,0.5625700163560179,0.8177452061525918,0.8372481036039352,0.438950947335046,0.14500611102452904,0.573778929767982,0.7658325174724441,0.670251305555865,0.3245593844383636,0.1007391554777986,0.5473200214695699,0.0,0.8661068939291136
0.67120632085124,0.21527353268875365,0.5654194364434583,0.18944023136049312,0.5624213502456913,0.5925085779862207,0.7319161236255405,0.5749022337068084,0.6230856511391811,0.7578090249903493,0.5910697491516319,0.7436307596355769,0.0,0.30723335239154365,0.16084592502487016,0.32491850977463055,0.5860588426556275,0.5799720533663935,0.5634272989410566,0.3324119094170742,0.30217259641408567,0.25522320830353357,0.4980318829533634,0.5014491473395253,0.6041604264353263,0.6604689981543359,0.49916039028418924,0.5353724967024773,0.2920818463819391,0.3612360539180772,0.4651183136628406,0.7278410642303023,0.5579511946166429,0.5660939743116121,0.6604550642219393,0.5610658037814719,0.49626575264276995,0.7519533053829321,0.6042023155639226,0.47113353212535264,1.0245016541100709,0.5013914293067653,0.46083203645185267,0.6013835547260158,0.5218646321084999,0.655540757381517,0.6642038610433998,0.28119883138435736,0.0,0.6858002686234792,0.5897873842224416,0.64295187393273,0.5072678252367006,0.6778346427614232,0.5658657538847679,0.6101688486720576,0.17583643373067911,0.6898138568618806,0.5452428529124469,0.544449884404256,0.6243716097229615,0.5470322350278038,0.6947649933270521,0.5693744448481874,0.5329694790465873,0.5859285061032748,0.6972209466995689,0.6989160679769857,0.4990887597787882,0.7437979025605146,0.5529934707316384,0.5981160570710956,0.6152091060684206,0.4580634811270353,0.5288175850000778,0.5782863070145963
0.5298583588627958,0.36576617016390567,0.6827504376509941,0.6948851659871611,0.5143440007614271,0.6963941019888811,0.4747562837413961,0.7109900711603643,0.6560541641747607,0.4926838347800437,0.7395041634153825,0.6046425958103407,0.30723335239154365,0.0,0.3742996522595,0.5048227360505038,0.45663170367578937,0.4958926403630077,0.6639193857385688,0.4634567938929052,0.4732101186787031,0.2892551806597186,0.6664778764074097,0.6978519319839477,0.417344613882764,0.5130866421258977,0.9955819902852618,0.30868202162420544,0.3389720951732048,0.7035056072706458,0.4727546498352384,0.33707801549790084,0.20280765638629275,0.6936413810006451,0.4977561146482604,0.6490751132979503,0.4724969678400895,0.2725345090098295,0.3304625574598493,0.0,0.664947300592301,0.6724000125700842,0.45299210815355484,0.4704112232588651,0.0,0.0,0.0,0.5568328220106609,0.0,0.6493120111868643,0.21165319079021602,0.6533048228767275,0.5989114142696832,0.44581416157317433,0.0,0.5099291362109071,0.36316351833492755,0.599581128531802,-0.05106018442109217,0.0,0.0,0.0,0.0,0.49222126037376057,0.0,0.0,0.0,0.5554601419244668,0.0,0.0,0.0,0.1916802515307906,0.8832749910014295,0.0,0.0,0.0
0.3823112311898105,0.19505209136843993,0.6242698372125812,0.42069351905562646,0.6838082299283058,0.52718141700731,0.4396290959089762,0.4999974174157352,0.8847473231431463,0.19621381550531103,0.0,0.4769513204412069,0.16084592502487016,0.3742996522595,0.0,0.40987998634721734,0.5021829071834052,0.32038918121009075,0.0,0.6441636168026106,0.39491525761341695,0.8188480254171043,0.6137653916821246,0.6457236629746785,0.18521967830888597,0.46455822529572843,0.6130988197546994,0.2471465037357765,0.25179904642978135,0.4342632614339504,0.4916599245465716,0.38164644107391127,0.2610691669604559,0.3769607409397569,0.4158514613874969,0.5086938858327248,0.20654679486670632,0.3799307943868666,0.31004249814444473,0.5022500570950128,0.5360457636776254,0.49786239125545495,0.5261744631740138,0.40964832370568405,0.0,0.36794113260168837,0.48196638111885004,0.6218246502546043,0.0,0.0,0.43542444817453074,0.8755209144264657,0.6175983456360454,0.5831360346140703,0.0,0.0,0.7109850006934665,0.40691912549039294,0.4702983941602893,0.5853927503927759,0.546723351946558,0.5414848989359204,0.8281175049630316,0.0,0.6293750689254671,0.449810812038529,0.49399552171115907,0.7513935935681483,0.45097151954666037,0.40188209440152667,0.5169269075101075,0.540863385580145,0.4401033962965597,0.5023216402108212,0.41339369370599194,0.4195520084366315
0.6207571931843768,0.5701389294303301,0.4665008039731943,0.2590118488181801,0.5356408479641491,0.41354316713928974,0.38427350351555756,0.8302216954103543,0.40738736887900817,0.3662449696801874,0.4906817959298265,0.7194292343225286,0.32491850977463055,0.5048227360505038,0.40987998634721734,0.0,0.4667521888314034,0.6731863087300735,0.45178174723352904,0.5441911233192458,0.5212668866777784,0.566603596821295,0.5567551296120196,0.595222125870666,0.49297798556003825,0.5510548513678086,0.4987602646174154,0.3541284560696508,0.4654175802762597,0.514009910443342,0.5639946966668923,0.6531850558156975,0.531741269497862,0.45014774669991753,0.7229892959066391,0.7970931473845257,0.5870670864268435,0.692953691663104,0.5997180845220638,0.6018450493840444,0.4326292691649115,0.6234252164673344,0.47099973751501745,0.0,0.0,0.613316883118371,0.6524342177221572,0.0,0.0,0.0,0.6450477114190243,0.7348578804807233,0.9015098851093317,0.0,0.6016188988376437,0.0,0.4962810452580964,0.6908140212939905,0.0,0.5604244503986885,0.4248777361189627,0.6474114481211056,0.3467327145659713,0.0,0.4110768474120523,0.5938108039225054,0.5289093093296631,0.549702090719604,0.4285012271839028,0.5954883764527317,0.6589105858977184,0.5459747452371453,0.4960347218307568,0.5273284491654935,0.0,0.38044330409195015
0.3750151749330018,0.587138680519764,0.7244662698541602,0.39847396307265975,0.5677060115699302,0.5062225680162922,0.7131445014114826,0.5228392715509748,0.8140370491840145,0.5739688301532584,0.5197988094432464,0.5661757936264962,0.5860588426556275,0.45663170367578937,0.5021829071834052,0.4667521888314034,0.0,0.6536387996789442,0.7560476623548396,0.11982963966223187,0.5849104364282132,0.6444841985625394,0.657755129444335,0.39697816775188055,0.389943344492507,0.38007991239473415,0.5675132248031227,0.8627837618208654,0.4546149534527011,0.2918044374237559,0.40449131653794185,0.6227723670039982,0.5151791741559318,0.5386091896975741,0.6151479267843354,0.642075687294303,0.346938695366075,0.18903078808260862,0.4450974674453031,0.44270451543019773,0.6102627096836584,0.6836960748546943,0.0,0.0,0.422052393895192,0.7939340506489743,0.8675630321755332,0.0,0.0,0.0,0.0,0.0,0.0,0.0,0.5814899774489888,0.0,0.5277859876478532,0.49466486950683153,0.0,0.5639143527171817,0.40703006357017824,0.46562545362887775,0.628384091432401,0.0,0.0,0.0,0.6085047084737412,0.0,0.49589252626554325,0.7262714759339393,0.6469172991920491,0.0,0.5869534122660585,0.4662484371315008,0.0,0.724048307959232
0.4968145020413145,0.49768360954805163,0.5626906681641322,0.47239761401497277,0.47417746373803593,0.37436051815154425,0.44313708879584,0.8797267539062645,1.0625518645299297,0.37711641035457416,0.535851769864313,0.6417012159038069,0.5799720533663935,0.4958926403630077,0.32038918121009075,0.6731863087300735,0.6536387996789442,0.0,0.622600672729936,0.4388808168614902,0.40669561744361954,0.46369679610431214,0.4610228108450555,0.37325161386196914,0.539516569673549,0.38868873537140636,0.5054938717283872,0.5165401998369732,0.3015700187108095,0.41120815699992386,0.39122683546131354,0.72323137108831,0.6321495094220294,0.6226084814847256,0.6809097292447468,0.507193606561905,0.3964541732338641,0.2703017921736402,0.7008059230571397,0.4490288478505211,0.45812023628816456,0.4910458335815396,0.0,0.0,0.4754620806632138,0.5820332021737396,0.5967310446454642,0.0,0.0,0.0,0.6741948420100766,0.4942052586047272,0.6058475752448551,0.0,0.6274211720766105,0.0,0.5073168689517289,0.660316256378737,0.0,0.5959967924259446,0.47157152965051263,0.48340770520227805,0.45597427727614664,0.0,0.5094867830335157,0.8511585222678817,0.636945527048536,0.844018434431934,0.42495209299105535,0.5349113341853677,0.591278018020879,0.48761767127044026,0.6767350871662701,0.6301390048943563,0.0,0.6316756631069593
0.0,0.6882647736231726,0.6694925404275707,0.6313638639144881,0.6638184801173699,0.4157769911650473,0.55013850990773,0.5843165422860878,0.28719592090803026,0.7871054792894355,0.6473554292827671,0.6878250999180674,0.5634272989410566,0.6639193857385688,0.0,0.45178174723352904,0.7560476623548396,0.622600672729936,0.0,0.5024072827396685,0.688407197763371,0.7214198759037002,0.5769715691063384,0.6850814423333018,0.6834506279797612,0.7156486744171839,0.7324773689743345,0.638808479688354,0.8406424580228731,0.612146577004969,0.5439159956872216,0.5467877160826982,0.4718895133884019,0.6483761262676071,0.6361770296180056,0.6391126353432068,0.6825344183129077,0.5235783348357662,0.7885527399349401,0.442521596602922,0.34808199539767326,0.44335286056553647,0.9156273375208611,0.3633070412001783,0.006177578409833335,0.0,0.0,0.8276230514963991,0.0,0.5286124083894568,0.8600123588626878,0.6692812504226224,0.7255287751292451,0.9034710043058578,0.5916399787270713,0.8162405281459348,0.7072476048735639,0.6026864289167702,0.5050312998905391,0.0,0.0,0.0,0.0,0.8078010075978272,0.46971417189397296,0.0,0.48611186517827465,0.8225758022466375,0.0,0.0,0.0,0.871606381313905,0.7358448146699376,0.47392261111834183,0.46995352504366666,0.7880192981417999
0.5753751978524058,0.5241923392543753,0.4898524284231358,0.7167842894944152,0.4247687588005803,0.40665624464764677,0.352099863847421,0.37276945573816267,0.49342122364486385,0.31666349837699004,0.4517463070951224,0.37713142113315334,0.3324119094170742,0.4634567938929052,0.6441636168026106,0.5441911233192458,0.11982963966223187,0.4388808168614902,0.5024072827396685,0.0,0.5005765361669108,0.5149444877793866,0.3699340091567624,0.5883114735442507,0.5015114681114116,0.557038743829737,0.49855686813476835,0.4740336874768114,0.5060786313767416,0.6869673136386321,0.47577681474537886,0.47313805323942437,0.4717095494253879,0.5769145957789963,0.6454098337213515,0.4966666985486494,0.422675430323321,0.675724386828126,0.39878138522326323,0.47960858847674426,0.6036170633253479,0.5111304283169885,0.24498446740605512,0.19358345767699217,0.32753618930537354,0.6102647929986454,0.6030735890919009,0.7107411910756471,0.0,0.0,0.3896995886479663,0.5413661655219645,0.6353114616312329,0.5777441266397318,0.783136757281842,0.0,0.4909284494317111,0.5441506332721844,0.0,0.49562801640306064,0.4912273625201842,0.4719559419783702,0.4339328553604772,0.0,0.431316157709988,0.35600867767054317,0.3656769790891383,0.536372733272759,0.0,0.6696989130957134,0.2807927835514895,0.46524895057535004,0.3511480280756583,0.45948585071804954,0.5057123037118954,0.5773260722193435
0.6084392355303341,0.5286557109649553,0.3658092467266419,0.469844177054765,0.8079978369910104,0.5073387245940089,0.16146953956714677,0.6340761154958493,0.4514622357515333,0.7023194688749352,0.5413616913743224,0.8803701664966239,0.30217259641408567,0.4732101186787031,0.39491525761341695,0.5212668866777784,0.5849104364282132,0.40669561744361954,0.688407197763371,0.5005765361669108,0.0,0.4168099065495724,0.6578868924038763,0.7456917695661788,0.5336951067456914,0.6883323949839306,0.5094930716908375,0.19849147215427734,0.1361263485348317,0.2357798673631733,0.4595191535576981,0.4672849714963151,0.3058559869357679,0.414603622363966,0.5698024523874928,0.7376313256903185,0.5066455456032517,0.4506724299502831,0.7257392822660473,0.6343271934568757,0.47396960459970605,0.39024832462986936,0.6582601992018673,0.0,0.0,0.5677777061908008,0.7123126831485262,0.6162161496841729,0.0,0.0,0.6042543955009889,0.4620691785250466,0.7237391875211165,0.610527741455651,0.7658501388691965,0.0,0.7142861779453804,0.582862895288782,0.0,0.6293917959862809,0.6351682361464793,0.0,0.6554420715886831,0.0,0.5613181148003838,0.7929138020929525,0.5538712141888666,0.7097748555198802,0.536383603156499,0.5099454500844165,0.8223862127309509,0.5336830456021904,0.646670443614332,0.6655173116641622,0.5738442077491637,0.3868527127771626
0.4226689757193588,0.7460928686135005,0.5834411316511601,0.5664987514644589,0.3255805369771463,0.344148821886338,0.29508543264166937,0.3975365273791182,0.42779408582228684,0.4939501832822836,0.433103988316398,0.6701209693644732,0.25522320830353357,0.2892551806597186,0.8188480254171043,0.566603596821295,0.6444841985625394,0.46369679610431214,0.7214198759037002,0.5149444877793866,0.4168099065495724,0.0,0.7243883804328912,0.5294550058043332,0.5437835512686482,0.692382865133813,0.5730842271032643,0.42175337446508504,0.44186442761985545,0.5666514103799793,0.49159812097519556,0.5760777567156008,0.42680780440997845,0.6084855590079532,0.6466475514688499,0.5906458598093556,0.5393628753834596,0.69580522897814,0.4273921190971811,0.4584174204507156,0.5083226373907344,0.5841675939713151,0.35504403096824944,0.2976434766433249,0.38664983465084757,0.600436756645859,0.5145357052565833,0.6492883206275082,0.4702064036053734,0.3938591274425503,0.35244147194583664,0.7565898952911395,0.7483946737916374,0.6135317264500239,0.6104954315871491,0.0,0.6534789169066569,0.6843726943882064,0.0,0.4974653136329046,0.38769946708328107,0.4865274002674025,-0.060068600492248936,0.0,0.36080684346728487,0.43298635337407115,0.4443765212278414,0.4835434597822239,0.6276231697973516,0.1322722447313561,0.4830389915208472,0.4537772171276543,0.36501186491003856,0.41071685840138117,0.24631526979492296,-0.03785780248024839
0.7829477000701284,0.46126193855674724,0.45370121315634976,0.6075717273757525,0.6205002105496389,0.5852176594909227,0.5514722243237584,0.7310262572845304,0.6180047705087836,0.6094175072614294,0.8173035782394358,0.6521547168239916,0.4980318829533634,0.6664778764074097,0.6137653916821246,0.5567551296120196,0.657755129444335,0.4610228108450555,0.5769715691063384,0.3699340091567624,0.6578868924038763,0.7243883804328912,0.0,0.7921257379205493,0.4064578502098223,0.5986509099440032,0.6598530747740721,0.3447446624359015,0.2523287559977433,0.36549310636968446,0.481042756524522,0.5273984206098892,0.5353802438320922,0.47281753762019174,0.5151296198488684,0.5792020573062421,0.6002725365337682,0.3003337404100624,0.7127918997783947,0.558531967653455,0.7516780433969614,0.7270781312807439,0.7433978447509737,0.7242699851790786,0.53590645763751,0.5027213152074826,0.709269779460219,0.7907437334313545,0.48187362362622144,0.7367121847397615,0.616021084772167,0.6755023967518783,0.7256806485377213,0.8058651114137442,0.7146335592701218,0.8443813443577306,0.5237502401549889,0.5780691662209454,0.8211030542530957,0.5940531879697258,0.6636494354339377,0.4659620647870784,0.5313442404099513,0.7366808709049246,0.57836996149549,0.6755754812543224,0.43009626576170246,0.8019408049447001,0.3373199990742256,0.7864248204443403,0.5160129488828044,0.5981329626800385,0.5482331560186162,0.6344213724714344,0.5629885517466993,0.7028803056905757
0.6878534128944684,0.6096536240307497,0.5238642354095115,0.43173251211684,0.5238079000216176,0.5151324113456253,0.7161522122314128,0.6914031045080204,0.7997835581148696,0.5005060727405518,0.6337956571620197,0.5400352379165254,0.5014491473395253,0.6978519319839477,0.6457236629746785,0.595222125870666,0.39697816775188055,0.37325161386196914,0.6850814423333018,0.5883114735442507,0.7456917695661788,0.5294550058043332,0.7921257379205493,0.0,0.6271781700855141,0.45952725763106606,0.7202647235130403,0.612802349585595,0.7833709502683092,0.9058471608852379,0.5198119002292348,0.34771663066148556,0.1974007699380625,0.27219050138052314,0.7904372058795718,0.30713652904896127,0.3079227685806673,0.2042953173199854,0.8670478943199995,0.6325489110800839,0.7099786303630329,0.2530389930623694,0.5542261404301744,0.5030971380590351,0.8379344940667313,0.4919654566812622,0.9024854580035251,0.0,0.0,0.4747110653581877,0.5746449238843234,0.38801755220156975,0.0,0.30997666126806,0.7330538652102725,0.4948649291571752,0.7608585840869692,0.6311757800339279,0.0,0.34961428607888934,0.6706949718768929,0.5115366199880909,0.5671991433688164,0.47115735835685546,0.41203458408608784,0.39053050363035735,0.4483652996064796,0.6791326239206441,0.4588247067265393,0.7068912779942128,0.6333203790761477,0.3665566548248249,0.9668054110126063,0.8596467915895454,0.0,0.5901725918124454
0.5054250205933835,0.6444098319739281,0.6467102597663403,0.7976697983318817,0.866725721737507,0.289174885559098,0.43994869937438086,0.8879906866328908,0.3837035162735284,0.6362581309679103,0.5791999443202928,0.5814942875939098,0.6041604264353263,0.417344613882764,0.18521967830888597,0.49297798556003825,0.389943344492507,0.539516569673549,0.6834506279797612,0.5015114681114116,0.5336951067456914,0.5437835512686482,0.4064578502098223,0.6271781700855141,0.0,0.44203476345135007,0.3586610313944398,0.7166253695937003,0.2469374130705674,0.337580609343731,0.496762564189664,0.4930469300006385,0.6200041569342619,0.5092981228636668,0.7239776627513024,0.7386606618033291,0.619080191493605,0.31872146831743464,0.8427123541258648,0.7382541831893301,0.7094236539053741,0.7904439673254804,0.18205453305493252,0.0,0.663165913010004,0.7478352456316372,0.7112746478220331,0.0,0.0,0.0,0.6589353981852726,0.6291573182224277,0.5402464606282447,0.43669386039362723,0.6763161400290647,0.4543679733376934,0.6370895792041096,0.5579935426044883,0.0,0.5533759524201681,0.618376677377309,0.6125135033886564,0.7063504759813977,0.0,0.6025603713907879,0.521517928659612,0.6576567173433248,0.5658150731792917,0.6334770810618072,0.777103104551743,0.7105950939704088,0.4182833796394304,0.7400553580084734,0.5166565736921761,0.0,0.793484208866386
0.7097959945428245,0.6651168261430294,0.644628526873453,0.5106032419098763,0.476115628839699,0.6135210278076106,0.6668936794891527,0.8429408039186398,0.6969002623841153,0.6100323960630762,0.7228370749032813,0.603371386413138,0.6604689981543359,0.5130866421258977,0.46455822529572843,0.5510548513678086,0.38007991239473415,0.38868873537140636,0.7156486744171839,0.557038743829737,0.6883323949839306,0.692382865133813,0.5986509099440032,0.45952725763106606,0.44203476345135007,0.0,0.6097793344058717,0.7874219741197208,0.3558203244673807,0.5259460626651227,0.46686492199255814,0.6306295379632019,0.597746620739418,0.49635668304666325,0.6358534570217507,0.5275920964705336,0.7808890230504294,0.45343469354305477,0.6388985258243527,0.6282668000693101,0.6862581769114557,0.5360001886253372,0.13614081510187986,0.5012634640005362,0.572314492479008,0.6969881736593437,0.7072326125503692,0.7911558201312419,0.0,0.001292145419362404,0.6184901889328875,0.6390502546440047,0.5216477855595103,0.6101863559496177,0.6745191390523613,0.0,0.7022145287303461,0.7497595028786386,0.0,0.6517290830190121,0.6221632111369478,0.641115303190765,0.6782399647534709,0.0,0.49321115408709254,0.7327115114578151,0.6357427042769421,0.7323401927453634,0.5492504151223974,0.7660441773708273,0.6432779073097573,0.6217745267100134,0.72438414881284,0.63631729873096,0.4418895819744457,0.674626653655658
0.7069953303573457,0.480732609601819,0.359085516135456,0.31339114435563875,0.6070990533089765,0.5938252290066371,0.549728813333991,0.7677212463827927,0.46108788313243576,0.6174403201281174,0.6686049042222311,0.5779304764358589,0.49916039028418924,0.9955819902852618,0.6130988197546994,0.4987602646174154,0.5675132248031227,0.5054938717283872,0.7324773689743345,0.49855686813476835,0.5094930716908375,0.5730842271032643,0.6598530747740721,0.7202647235130403,0.3586610313944398,0.6097793344058717,0.0,0.43055533791817985,0.3812811426941418,0.38322807247426854,0.522849411058413,0.48825540069046686,0.74683165966266,0.5354842400408244,0.5480067257066691,0.432840214019078,0.586230204089642,0.482896777490027,0.6375649383580695,0.4780075969959976,0.6453910551014324,0.6206803679964117,0.8529466660998148,0.6420489869906852,0.4274557678083954,0.6847829051121758,0.550470686093196,0.8858771654838941,0.6316592452622363,0.7896260961780297,0.6798840652244751,0.8365255673980285,0.6951754358733946,0.9190723999575126,0.8023993098309493,0.8202085704953895,0.4856451005721205,0.5218148864630698,0.708642917767725,0.5036957240861193,0.6848562218389149,0.0,0.35116630544157357,0.9080087425981834,0.5048797832290756,0.491713022607857,0.3716228196650349,0.7680631775176535,0.0,0.5877675405333405,0.4894376177892476,0.6773164314604488,0.5231852095620673,0.5520838411381224,0.49145315198628614,0.625968763864692
0.5035720336916585,0.1456762126231397,0.5777969909388967,0.36829889241409597,0.27848872843128797,0.6247611058228377,0.2528326428448864,0.4412023151835483,0.6465641050746984,0.9189215655299798,0.6335311432407615,0.8616371512800098,0.5353724967024773,0.30868202162420544,0.2471465037357765,0.3541284560696508,0.8627837618208654,0.5165401998369732,0.638808479688354,0.4740336874768114,0.19849147215427734,0.42175337446508504,0.3447446624359015,0.612802349585595,0.7166253695937003,0.7874219741197208,0.43055533791817985,0.0,0.4205072207842542,0.3842342632575937,0.5937286570272386,0.7947968519589657,0.6657480476898312,0.6577848279127565,1.0236164208167977,0.5999710425007521,0.4651284471737307,0.85671083232629,0.2942576469164129,0.3491729989574337,0.3130855877807597,0.3579113484743797,0.41047072847855326,0.2695926206475702,0.8019906080928972,0.7404741497682022,0.6265430046111168,0.74910221140577,0.0,0.7617480683990354,0.45783196935701126,0.6283333571451556,0.4919238717137605,0.6716464704445699,0.5628767421126595,0.6217649479297666,0.252879684007687,0.6655306500647797,0.4002339051407091,0.5714332304920298,0.5387995548342912,0.31277382685777333,0.8061597859350984,0.8213900313594049,0.48150423672707793,0.4551013225194888,0.7198078825129417,0.6191743607972479,0.3073364753724859,0.7876458438557621,0.5636366040331963,0.48057662357835895,0.3845826922600458,0.442475049694962,0.6493043599522881,0.5182437503183502
0.5234398621522814,0.150368486131435,0.654852011813416,0.5881098595912103,0.2990790772693821,0.4867190188267775,0.33444367805129566,0.19080591349942483,0.37264104294533873,0.5187828082757464,0.42515408752191086,0.41967270491736164,0.2920818463819391,0.3389720951732048,0.25179904642978135,0.4654175802762597,0.4546149534527011,0.3015700187108095,0.8406424580228731,0.5060786313767416,0.1361263485348317,0.44186442761985545,0.2523287559977433,0.7833709502683092,0.2469374130705674,0.3558203244673807,0.3812811426941418,0.4205072207842542,0.0,0.40738760629440823,0.5275749183158803,0.21469524061345419,0.4380612647602124,0.48995569488049007,0.2893398788904922,0.4915014347105654,0.5448780541503915,0.42782267709746086,0.40498268725046793,0.509381736046348,0.4890549838419047,0.447211137533861,-0.03440835910283105,0.6861741185509735,0.47687528832770254,0.5924366465848219,0.5454937178094268,0.4103224186943665,0.47943369173775935,0.42107585593672886,0.4040689946844267,0.5924670225711872,0.465969260473144,0.6022416556161041,0.849127391496121,0.5003206457186599,0.6108230863852036,0.27554457433881385,0.5821779155762704,0.47248522528816783,0.7045540787005009,0.46915576943970494,0.6309337516494484,0.44484969200992464,0.4169796918750303,0.34765909034075193,0.41710063550387655,0.49814917233318484,0.4624931563351952,0.609538301534253,0.5968185984690992,0.42100800209339095,0.316699711125356,0.37182875193242426,0.22444206916714038,0.46102562310429007
0.6601973728378469,0.5608042188728921,0.6405949804944575,0.35083028461464577,0.5282792806282808,0.7185840905015731,0.4396673927277781,0.3530215718225581,0.6453010051053092,0.538874482926732,0.6176474990239547,0.5292879893301657,0.3612360539180772,0.7035056072706458,0.4342632614339504,0.514009910443342,0.2918044374237559,0.41120815699992386,0.612146577004969,0.6869673136386321,0.2357798673631733,0.5666514103799793,0.36549310636968446,0.9058471608852379,0.337580609343731,0.5259460626651227,0.38322807247426854,0.3842342632575937,0.40738760629440823,0.0,0.6567213145223907,0.4572984190549798,0.5590199153033595,0.5987559237419599,0.48899137330626385,0.5113502873634317,0.14770551063203455,0.41042933101414436,0.6159638882254073,0.4552561383977633,0.6036972615174422,0.5565435457161512,0.2846638619435833,0.2567748477571047,0.0,0.0,0.0,0.355843790051365,0.0,0.0,0.2957450541680338,0.6336820084674402,0.489425503440691,0.7971786174566675,0.466502579363578,0.0,0.002074601177287489,0.559180218277024,0.0,0.4612122513020984,0.0,0.0,0.9247063371741268,0.9260038495527484,0.6515236261705933,0.4968001051826637,0.7327453305401931,0.5969825385204085,0.0,0.41865962978515914,0.4719416568450177,0.5796657638450797,0.6277227818661774,0.6112680502505179,0.76809943426548,0.32560549646833825
