0.0,0.5604463304547185,0.2663850580516513,0.0,0.43872521318587204,0.3459394848685492,0.4277391688101839,0.05928364742619674,0.4376608976688997,0.2767835703610164,0.3255503579506976,0.3323457273700513,0.4807476511526516,-0.011703244168160487,0.3715068026935601,0.5109144188172525,0.35316727320135816,0.5502396849731443,0.0,0.25792315978316566,0.19770832502056931,0.4697591845605745,0.07069571981395717,0.40236323867856827,0.4470025624472492,0.5361520077557442,0.36192597233298646,0.4802706658563775,0.19489995910993885,0.44976333064274177,0.36103464812919056,0.446280117812071,0.3238504067005298,0.19616717682047227,0.43712483222375964,0.47460889372895554,0.49003292929086884,0.4357040634857873,0.4210845463711333,0.7482193776827781,0.5405411619774088,0.4434965691435582,0.4743917507479488,0.0,0.2681373319515627,0.678874607746771,0.5677842277868408,0.0,0.0,0.0,0.3034947754544267,0.0,0.5318936999651648,0.0,0.4256590954937182,0.0,0.4834120197297336,0.44074463256644897,0.0,0.36974137318622646,0.610429405008691,0.26162113661894437,0.8031123603470659,0.0,0.3254549938066707,0.477871996166678,0.7322611638720378,0.4487433187570571,0.6569966141839574,0.7994345304834769,0.670398061660923,0.5107292335912699,0.44800693218598336,0.18013662754535847,0.0,0.4342543286539642
0.5604463304547185,0.0,0.5028736949615852,0.3950223405224609,0.28995092415742046,0.1537808474343234,0.18950248874225667,0.15541438563158433,0.2312572686102995,0.2955818762421234,0.26655895044548505,0.371614756643639,0.15861944370753045,0.19192072436543745,0.8736492289199971,0.540335075776067,0.299015509026321,0.6124051079431672,0.29395170827667283,0.4100497907100915,0.5064374823242599,0.7871985882882454,0.6464741747015728,0.4442561841979266,0.5507383764057991,0.5015479334836537,0.5216361295235262,0.1150375647764352,0.10315216768406288,0.004813822737130713,0.3693011813031103,0.4150695047202862,0.3787848263809049,0.2988995034765709,0.5532128198955311,0.3789080887116152,0.043940420163742125,0.0,0.4146201525248931,0.761487393978718,0.480745475485677,0.4696890503439134,0.382718438458328,0.0,0.0,0.6445511761117242,0.638677002778562,0.04128173031045289,0.0,0.0,0.1465425893972019,0.6164400929186054,0.6755504851911729,0.7402171629184945,0.5978508316195833,0.0,0.1909236123280401,0.5411502624594917,0.0,0.680054528691509,0.679345439376267,0.4000815794836728,0.7575922079284582,0.0,0.48402543617973864,0.6731201753656819,0.6603685874466738,0.553396149542954,0.3405735615542876,0.7609961989030879,0.6728631168145002,0.6727941057994546,0.48286646473195416,0.347077881813533,0.0,0.5333687588247513
0.2663850580516513,0.5028736949615852,0.0,0.3688228541363032,0.4489033858923924,0.5742759915748263,0.43311246995980646,0.45395537362669053,0.44843190413175876,0.4705792939361314,0.4446293861164826,0.47458713482140136,0.4192597483743521,0.4854474790092931,0.15942451559030824,0.4120078146302657,0.4634695966947483,0.42346119002201577,0.4920522125261504,0.3109660387370998,0.2692908655427373,0.5075880645221768,0.45489299807003536,0.552486615390567,0.4891784561385626,0.35507922092030847,0.48355451561213847,0.34881649983763374,0.3794852052918656,0.5490221670646407,0.31118393905502245,0.3017670823561438,0.3632784182914114,0.28755032525327995,0.2952086409459983,0.37575067405053364,0.3953919007938673,0.2911229807256953,0.27818510976125727,0.4688828235876972,0.34440246442968225,0.2379282441094653,0.3786709496422033,0.3899520286867851,0.0,0.0,0.3842042558194472,0.5952303662994182,0.47096789670553996,0.14864453435525765,0.4967429674634954,0.410760127667426,0.40894637939248596,0.4333227243475307,0.4296508651177121,0.6017807017815296,0.28922821834534007,0.4575812883104915,0.3197207932473942,0.3534947115451059,0.0,0.0,0.0,0.3943092209088262,0.35640624732908094,0.5926206288865438,0.24616232471317884,0.504416714452832,0.0,0.5475185733775008,0.4310154079069952,0.6096651870244283,0.3966956718060598,0.5091701698875141,0.4008409282628066,0.18552467217512403
0.0,0.3950223405224609,0.3688228541363032,0.0,0.6115223858812984,0.2524611622856669,0.4138765999105303,0.7139667782368815,0.5027027652020088,-0.032876123423506876,0.44027516591937155,0.29443232594459484,0.39091830606317757,0.6077717981897869,0.6199977500067425,0.2594370258195406,0.3073849274459063,0.47276590161151905,0.45932870429062833,0.24905464854820691,0.47172888381967587,0.29771344995101784,0.484439944418596,0.3299072431184382,0.7976887540773474,0.5921465222651023,0.15557971272591042,0.2696293599896002,0.0971641430288179,0.5030984867096684,-0.03684794712551154,-0.10130668337325721,0.0811223796102153,0.012470587385433551,-0.05611292293676473,0.21183653024888,0.06640027955322222,0.13978997109385075,0.15494826539131654,0.36968931108712166,0.3031476800339872,0.0971497868404261,0.1604919213684874,0.22441505200917355,0.0,0.0,0.0,0.40664596384645346,0.0,0.0,0.508762244515611,0.0,0.4685699071624285,0.3191911313298743,0.0,0.47528961812333015,0.5131449429236645,0.45217547622277643,0.0,0.0,0.0,0.0,0.0,0.0,0.0,0.0,0.454514273913588,0.39968274785345936,0.0,0.0,0.0,0.2875702486080475,0.4570589689858948,0.6502347655014946,0.0,0.0
0.43872521318587204,0.28995092415742046,0.4489033858923924,0.6115223858812984,0.0,0.4896603829127529,0.29118301403069924,0.4550706082556314,0.30533059721937156,0.4298714305765676,0.5819889237284361,0.38568260133790666,0.2891229678107088,0.3470326067425897,0.2820860231346766,0.5117222568417497,0.14802401066192256,0.24348077279265004,0.5181165708672096,0.40445768263226883,0.38159373708251654,0.3352042940103962,0.4121189175184585,0.25084649592731917,0.43828439881882564,0.3020467806820945,0.33240284762574046,0.278787770489706,0.6893229943117454,0.39544398935958663,0.311902388656513,0.2107257298385968,0.23135513838333335,0.34711705476503346,0.288717739360897,0.34590269730939394,0.4015568812599646,0.23647354462042716,0.5881595673204186,0.8562705814627436,0.6184330460526425,0.4767718605135521,0.4395214734134894,0.7821123352194038,0.35459297670380796,0.0,0.19539370546298185,0.5088657991591657,0.0,0.505875799951281,0.645042016091737,0.5163568721350157,0.4960234394098687,0.3491274924394938,0.0,0.41224241236282533,0.19705731090321674,0.5532097615535163,0.1925594050984775,0.33924517452275726,0.4523034825260645,0.0,0.0,0.5411783075830252,0.3832897018768687,0.48603633363442283,0.5177890408855899,0.5270713775813205,0.0,0.4695326872895067,0.4310241149291223,0.4893698226438714,0.40503169747857276,0.37202611282338965,0.0,0.31766969477406093
0.3459394848685492,0.1537808474343234,0.5742759915748263,0.2524611622856669,0.4896603829127529,0.0,0.4725561620452132,0.3854191424348172,0.47915658011621376,0.22068092635971628,0.42279348155300855,0.2561367220845534,0.47154343410247723,0.4483654963096277,0.3976647337451291,0.2660177159951165,0.1642571552671731,0.314235979826162,0.4428669159146172,0.2737705410052915,0.34603205095832534,0.2580411002695993,0.4317461574275361,0.34822453598856773,0.13146206445999378,0.21133500474854255,0.48488061794149306,0.5071064605104869,0.36557914424832294,0.28550297772843725,0.25546030048610086,0.12702570490622553,0.4649604990250771,0.12313164327411874,0.11962326869292733,0.14111010109361105,0.1574878888464138,0.2336441378033051,0.43678201554183493,0.18534145126395593,0.40219373472620334,0.6421495096802021,0.3104639292827818,0.4417093465309662,0.10140054750819608,0.6067007002139357,0.3802145691092854,0.5441430365952322,0.5019282720629219,0.2069778706494237,0.5244154476769026,0.5158082083883335,0.465950228897124,0.45202609944278355,0.258876164798166,0.4673198142724304,0.2195668061629577,0.5293714889445468,0.4667805488686104,0.4404500243349607,0.4287137125996617,0.0,0.4715511368665193,0.39093654385752247,0.6495971171618524,0.2556339038345041,0.4218410839875873,0.5017775940123554,0.505516685359512,0.32054069669360985,0.382433202820194,0.5674429275814086,0.45363025844082994,0.5307334652159528,0.4295222245593432,0.3945678490040516
0.4277391688101839,0.18950248874225667,0.43311246995980646,0.4138765999105303,0.29118301403069924,0.4725561620452132,0.0,0.39078186549209126,0.513429056440156,0.37032059589986144,0.570909974510101,0.18935936836472889,0.33413325427898544,0.29418735770923254,0.5044065000767299,0.3602988503049338,0.26683336077597575,0.29350404342604053,0.5090841617261921,0.4101542575921707,0.5437979640279353,0.4374115102880044,0.5029099131992742,0.24300982940543941,0.2575635419509195,0.28749746387469693,0.4197821166175998,0.4325569711260242,0.6092036457467274,0.4361458688670947,0.12079687002173822,0.1881935470973438,0.36776810521651493,0.33771114939405206,0.14209205052716864,0.27399072455139206,0.21457538121277328,0.4766829008053198,0.5388701875915064,0.26887889224029454,0.6579696486336355,0.7107379069600318,0.5131072537504231,0.3957689256127301,0.23502055292441668,0.0,0.4501448319094601,0.25450741498644514,0.0,0.4225229923080484,0.49290651179336825,0.5292199498630566,0.4257506495027734,0.5479520598607228,0.4588100821649466,0.3205856450191398,0.5909466059505495,0.4178132657766694,0.21011215015412546,0.2102884505315041,0.2130674604227651,0.0,0.4936183667263507,0.5430711635223104,0.5232451753614432,0.6362995283958697,0.6037024520248349,0.5162886058197219,0.468147267976308,0.4041121414785806,0.4396535504581761,0.5511069634562227,0.4920867442574096,0.4194085334768708,0.4899163971182642,0.4012713540540794
0.05928364742619674,0.15541438563158433,0.45395537362669053,0.7139667782368815,0.4550706082556314,0.3854191424348172,0.39078186549209126,0.0,0.4645430873664303,0.23711396597645035,0.3279977445008917,0.5099349350189175,0.4774283229121111,0.6632263383611666,0.49350787433580195,0.26405906705007565,0.2888352825328375,0.2587253221692962,0.3763426979271021,0.2888470259946279,0.2461535038232354,0.2770049802974116,0.4563137769399405,0.007005858056640446,0.2680098617800223,0.15791000264562688,0.5526363685467224,0.4511511748662912,0.4884794029617284,0.4926843724748914,0.28204344736930703,0.23493433628065605,0.40942020725034306,0.25158884912699137,0.15202736335484687,0.4203780793857173,0.48290579616948703,0.3868057601528861,0.4728851779665427,0.29967362922705904,0.2808778043383281,0.48742792098204557,0.3559814239903595,0.28779216214209397,0.0,0.42862978342761604,0.25146032563587106,0.5222944652943019,0.0,0.29916721074708985,0.6126789274906861,0.5117339913656029,0.2858774881432389,0.3689718117880063,0.6468874204204114,0.3496568513242197,0.9338726479918804,0.48569366007521597,0.39533020112069217,0.6563656615444,0.18689380565908814,0.0,0.555873444762763,0.35265129465636846,0.5121451336678916,0.33469784276637626,0.031062414546239203,0.5317148567155738,0.0,0.3683617412440124,0.24319192675998372,0.6221618755582718,0.4850585064494475,0.6982715997221316,0.6111932610801235,0.33381260457348594
0.4376608976688997,0.2312572686102995,0.44843190413175876,0.5027027652020088,0.30533059721937156,0.47915658011621376,0.513429056440156,0.4645430873664303,0.0,0.35712482277801616,0.35603973489538554,0.440443417339795,0.4852680320904408,0.33452582659881835,0.6765448453148444,0.3041982009211565,0.3182704428243883,0.4542038460450913,0.33237757613224217,0.41122848296563486,0.3584763337040904,0.30151274206862444,0.446180112188549,0.3740091177629645,0.36670315192573316,0.4483445797148609,0.5110489851602298,0.45908490062338553,0.3788872708289951,0.5691361583239614,0.460231605814295,0.43988757251843735,0.4286753608645315,0.41169344889566184,0.415510985409959,0.3329607315565258,0.3843599973377926,0.47465126097627014,0.3144354644002909,0.5009950118663943,0.4395698522326564,0.28977683945774624,0.3418367258786761,0.26740083010405896,0.2836346047598743,0.0,0.4091737895350268,0.5057003073958163,0.46600281158795276,0.262557596163336,0.6604627735881022,0.5118008727276305,0.43157979096178256,0.35896974596419184,0.16909724137644921,0.40687912448099084,0.11906519507296542,0.4601103550792789,0.3639474629372546,0.3658457298622806,0.5486090738743286,0.0,0.0,0.2463702198921801,0.5585912253719414,0.6352120970316395,0.6696688601180628,0.5400701409160977,0.4162012453889966,0.3178674268699494,0.22517636564869892,0.5729679932249033,0.3728510531774699,0.48609807713691694,0.20348361614573385,0.007309102069887274
0.2767835703610164,0.2955818762421234,0.4705792939361314,-0.032876123423506876,0.4298714305765676,0.22068092635971628,0.37032059589986144,0.23711396597645035,0.35712482277801616,0.0,0.45681266420228167,0.399132611218433,0.3090477085008518,0.6470185963297297,0.5322182280612553,0.2675332313398373,0.3955799369547842,0.3398895859342167,0.3590117601433602,0.23658664997012702,0.420021859366584,0.30123926526358613,0.2448120955414322,0.2943227792320603,0.5780964406201634,0.4838715696952609,0.14327153681316201,0.4228301602227514,0.2679745755574279,0.2397409930254349,0.49914568901363143,0.06221994469470993,0.4105780144917822,0.2410724476940374,0.15635002119673116,0.20187042003968136,0.29120249788675856,0.33660054987608357,0.1973256892981071,0.2919353296049065,0.5632726780796271,0.1539673760362054,0.1211410485821314,0.20953869624907873,0.5756430315567063,0.4481668613123221,-0.20877717690476177,0.3554363267885611,0.47343462347649,0.4365372465959242,0.27626794916317243,0.6156017821522312,0.693912664296706,0.28657435268377157,0.560002313567465,0.17728914778188298,0.5578014117497402,0.5329275699682746,0.0,0.6207744594033562,-0.18857191235287507,0.470665889100665,0.22811245917499343,0.46828800844689467,0.4660221453961598,0.4931745895781324,0.3725657444940366,0.41635464313116355,0.3916206127708074,0.21456560403103966,0.4371857056927795,0.47241540582638797,0.5063540368648723,0.27544720182190724,0.0,0.6123202013353511
0.3255503579506976,0.26655895044548505,0.4446293861164826,0.44027516591937155,0.5819889237284361,0.42279348155300855,0.570909974510101,0.3279977445008917,0.35603973489538554,0.45681266420228167,0.0,0.21837381615455514,0.5064208457733843,0.38858152549136804,0.0,0.4905013690524587,0.35851273336880995,0.35663825726910026,0.27677997622600553,0.451853811431288,0.26484752880766765,0.43392786090590063,0.30992468643237914,0.33730206628769616,0.40113656733426123,0.398091222345042,0.43639312007688985,0.44972002113195264,0.10982660621948404,0.4089214923943467,0.40978173644709187,0.14290761088254256,0.3091846185225895,0.4748231194149691,0.4493777958481777,0.3232192441813286,0.5785292423120819,0.44614369361953155,0.5456444496671367,0.37161165331346,0.5449132816985209,0.33394533163949547,0.2272933084466892,0.42201318994886683,0.12479830421289252,0.0,0.0,0.49790273811710617,0.46847603820669914,0.1747179005395154,0.41010771375961347,0.2762957858081843,0.44241901159206215,0.5907846514636903,0.2962809169321594,0.4501737322717504,0.2457780033814596,0.30633972352230754,0.24844950655336423,0.0,0.0,0.0,0.0,0.39026833997665555,0.17889078807847572,0.0,0.5291100751058533,0.4401016620805178,0.0,0.0,0.8870764008044058,0.485519602900373,0.3630345806078865,0.12417804605629437,0.0,0.45972626316782167
0.3323457273700513,0.371614756643639,0.47458713482140136,0.29443232594459484,0.38568260133790666,0.2561367220845534,0.18935936836472889,0.5099349350189175,0.440443417339795,0.399132611218433,0.21837381615455514,0.0,0.3148800781972942,0.303031067424932,0.31306415814765426,0.4713076694758969,0.43288866534894643,0.6501526636909876,0.3946476008732476,0.5990437335723616,0.4466441755455395,0.5526435082854053,0.3951607274141912,0.26821553106502516,0.5042633971987518,0.4812653459444615,0.3946812875894136,0.4338948518018987,0.45554095714523646,0.08896645747274015,0.3350851745816284,0.19667536909440042,0.4932775477872705,0.320560702441884,0.16572115421579847,0.09677381119391948,0.05267512103347058,0.2151925626943906,0.709862767222587,0.06277529281457916,0.41168621678749906,0.27608730453063257,0.44612688079271295,0.29837749303362504,0.5688860431584206,0.33765289429993756,0.5274601732390123,0.4591427759885377,0.1639244163540407,0.20784289418046836,0.2799209660410166,0.47662845402787524,0.3586881687802289,0.30600176472021334,0.5282119287312685,0.1410478701803455,0.5989529643682043,0.5784226439611719,0.5274992725169887,0.5134780521632266,0.5613839936152544,0.46499969739945357,0.2214963260981716,0.19224271345446284,0.7913174531547476,0.7822710533611343,0.4409524287559478,0.3484329297212278,0.2955949902902858,0.1754310771580116,0.4038348101017059,0.21418052596722398,0.6705698381667765,0.482431178289697,0.0,0.575068234663769
0.4807476511526516,0.15861944370753045,0.4192597483743521,0.39091830606317757,0.2891229678107088,0.47154343410247723,0.33413325427898544,0.4774283229121111,0.4852680320904408,0.3090477085008518,0.5064208457733843,0.3148800781972942,0.0,0.2678211167844182,0.23730664135808321,0.33985539112415275,0.09270515248311095,0.28069975550723786,0.49182547807027666,0.4030168894178717,0.34070884354043507,0.37263094031103994,0.5327911650004844,0.24746542089690626,0.2084539846155056,0.19307473623714871,0.4498295822765232,0.5559412798557506,0.5363470840925597,0.5069722630221342,0.1397964521647904,0.14308527073433702,0.3098213830602282,0.1808036313215184,0.07962556404070092,0.1401836794264991,0.13976539336848687,0.3739913348329167,0.5945150053788812,0.6713625181840059,0.834023270548563,0.42765324425511075,0.00966077807667376,0.2364565314561382,0.42038880039630144,0.586123675185467,0.5274797852899362,0.4999784084395129,0.0,0.5060601247369508,0.5384610337211136,0.5393361248396269,0.3869343134346856,0.4708506569509306,0.25626633374396746,0.31773530450525955,0.2949920924840248,0.5939035480373207,0.22738118809310143,0.6138631941057078,0.38194736626965964,0.3177613384601752,0.4472754827618205,0.9811772031943748,0.6151149770172628,0.45896524299068225,0.46931241925327893,0.5794724855765685,0.38863010026482014,0.09002987866073431,0.3936932785682341,0.6373911953464174,0.6446053944341303,0.5394908031606586,0.5590561839802117,0.48052292837403104
-0.011703244168160487,0.19192072436543745,0.4854474790092931,0.6077717981897869,0.3470326067425897,0.4483654963096277,0.29418735770923254,0.6632263383611666,0.33452582659881835,0.6470185963297297,0.38858152549136804,0.303031067424932,0.2678211167844182,0.0,0.22895758474294955,0.5048896871673091,0.45697358786746983,0.4957201472721702,0.3037141905024075,0.3667445794494929,0.26810274676449913,0.15035837046473316,0.5620012785446927,0.3851600866012457,0.3480573094267725,-0.06412478322378984,0.4756856267606147,0.6096251843711222,0.21250456990696406,0.36102249351700705,0.34341590797879035,0.1436271493666108,0.2180978397974164,0.5830597934133832,0.25775447536311036,0.2755895475876136,0.21107566239701894,0.4404337666189261,0.5959067211499933,0.0,0.6649934672122843,0.6722531532327645,0.5638310223595842,0.4702266705753298,0.0,0.0,0.0,0.37419097574210014,0.0,0.42398037078749307,0.4533628646758191,0.29507532801845593,0.5417307546284879,0.3005864914135309,0.0,0.016834175311584654,0.3635446109067312,0.5204030798047454,0.5268256241417564,0.0,0.0,0.0,0.0,0.41409844992827477,0.0,0.0,0.0,0.48753520415861556,0.0,0.0,0.0,0.377597585829749,0.5895256017249861,0.0,0.0,0.0
0.3715068026935601,0.8736492289199971,0.15942451559030824,0.6199977500067425,0.2820860231346766,0.3976647337451291,0.5044065000767299,0.49350787433580195,0.6765448453148444,0.5322182280612553,0.0,0.31306415814765426,0.23730664135808321,0.22895758474294955,0.0,0.4466342724292439,0.2983309571895758,0.3781205862485499,0.0,0.4526527829950512,0.3092161058653815,0.7889950891750905,0.4968477867104904,0.24560943609314653,0.4164278179851292,0.6662816168346117,0.415830342878951,0.34921309472767115,0.22085933727267876,0.3082218063495959,0.2862020118786481,0.21440763955910916,0.4703892000422489,0.30409945638283686,0.38573629368564943,0.2354015078696467,0.3255488117617084,0.3799048437040875,0.26086879546056724,0.5050207058462304,0.35440373848452245,0.32488776818632076,0.26153728007592825,0.7797529106466816,0.0,0.49143852821662004,0.6199151143453348,0.3977476404509594,0.0,0.0,0.4256397923192553,0.6469671719389194,0.3671777615583141,0.5835449467319442,0.0,0.0,0.56800032269568,0.49645850191566643,0.47045578974395885,0.6538193344923218,0.6303928366981479,0.5408517344429811,0.5661940675512879,0.0,0.6926108141989189,0.3369124195474733,0.6388398499822663,0.6784570723606937,0.4511599430687966,0.5672620634601506,0.5115536871528594,0.6109405813687256,0.43515223911473294,0.28618371942232423,0.3302195713922317,0.2786616840323385
0.5109144188172525,0.540335075776067,0.4120078146302657,0.2594370258195406,0.5117222568417497,0.2660177159951165,0.3602988503049338,0.26405906705007565,0.3041982009211565,0.2675332313398373,0.4905013690524587,0.4713076694758969,0.33985539112415275,0.5048896871673091,0.4466342724292439,0.0,0.2723418894301829,0.7102491110556308,0.451923496042254,0.3788282091606405,0.40947968937279733,0.47541232255759425,0.4328742465216904,0.3876393297274261,0.5744632207640277,0.4413743896040384,0.33639710439642556,0.17504652927932482,0.25824210079060356,0.10429881755920906,0.25690224166176184,0.32299098501127477,0.253426289446097,0.22917983681762477,0.5880087758586262,0.6893662137268077,0.301840752243404,0.570065688124068,0.35546233763502827,0.6803801373245684,0.4404488401699417,0.4597367430464413,0.47115199876397573,0.0,0.0,0.5284585574872065,0.5886211159067132,0.0,0.0,0.0,0.39077766434051836,0.3753648444359484,0.5906331621449801,0.0,0.7131695627558734,0.0,0.5156048151820353,0.5379408124506007,0.0,0.19360421628846794,0.6026608771622642,0.6158608451591633,0.7723809267254047,0.0,0.40509317815567314,0.49324448775592167,0.543406576823867,0.4935931299036198,0.37173102175961126,0.88400285378273,0.697245410535986,0.4872723685350404,0.41709828036888363,0.22616444649310702,0.0,0.2218042115805774
0.35316727320135816,0.299015509026321,0.4634695966947483,0.3073849274459063,0.14802401066192256,0.1642571552671731,0.26683336077597575,0.2888352825328375,0.3182704428243883,0.3955799369547842,0.35851273336880995,0.43288866534894643,0.09270515248311095,0.45697358786746983,0.2983309571895758,0.2723418894301829,0.0,0.44970065411708315,0.5267529772946341,0.13737114567546424,0.553332792106015,0.24599420559956844,0.2478281316139889,0.3306122951258432,0.4432612859809254,0.39970653805076223,0.4959324188615083,0.47404155327802977,0.18743500083088566,0.25713367646531093,0.2720273469926895,-0.05195913202422531,0.32483503298131255,0.07899580514233595,0.06895622780981045,0.3604630542934482,0.3469655366905542,0.2264894979921961,0.47514704685214265,0.14597773340588305,-0.04645252441975711,0.5783187914486716,0.0,0.0,0.6364200208251669,0.5835032724077513,0.6192683928389044,0.0,0.0,0.0,0.0,0.0,0.0,0.0,0.38408987788594684,0.0,0.29871646675981495,0.5276333923918204,0.0,0.5648689337964381,0.3472027013496582,0.31742030979935604,0.2940395385853354,0.0,0.0,0.0,0.49226009083840927,0.0,0.5169981656082294,0.29146171897174405,0.4160935685764059,0.0,0.35517568117388054,0.46595449181241616,0.0,0.4726993494004197
0.5502396849731443,0.6124051079431672,0.42346119002201577,0.47276590161151905,0.24348077279265004,0.314235979826162,0.29350404342604053,0.2587253221692962,0.4542038460450913,0.3398895859342167,0.35663825726910026,0.6501526636909876,0.28069975550723786,0.4957201472721702,0.3781205862485499,0.7102491110556308,0.44970065411708315,0.0,0.34923791147345,0.34389027834185526,0.5327418656075678,0.37230512847086894,0.33701730645071964,0.6133803927678769,0.7752153541441956,0.563178141282598,0.38766341720353786,0.15985426074090542,0.20006934491238,0.09685086475451732,0.29649132468421757,0.19314667560061616,0.45944516730330465,0.22859513334539067,0.4189669255432238,0.576011730087743,0.3963478817607487,0.2775511083891231,0.38140009305395073,0.47387229472265596,0.3272170310931328,0.28865548060150015,0.0,0.0,0.5838472920753479,0.7235271046004452,0.6512437711788732,0.0,0.0,0.0,0.5014880738327772,0.4932675391010557,0.6057894261778054,0.0,0.5822465004364981,0.0,0.5802087874462684,0.4681044569443741,0.0,0.5165756448182293,0.6313854423268201,0.650610903919332,0.6264548117845148,0.0,0.2915438985359084,0.5632382538475738,0.5177668958507424,0.776766956320454,0.5824905216249056,0.749998814242858,0.7210809624942957,0.3242511637732523,0.587077180070638,0.2769904160184468,0.0,0.4495651399926729
0.0,0.29395170827667283,0.4920522125261504,0.45932870429062833,0.5181165708672096,0.4428669159146172,0.5090841617261921,0.3763426979271021,0.33237757613224217,0.3590117601433602,0.27677997622600553,0.3946476008732476,0.49182547807027666,0.3037141905024075,0.0,0.451923496042254,0.5267529772946341,0.34923791147345,0.0,0.5023296419946589,0.44412139263427997,0.3725779067843406,0.31576209188354565,0.41519645976620984,0.3662237972763361,0.38078498771753444,0.32111158448126254,0.4405189446967363,0.35720034169257564,0.4694531003154505,0.45731963057250397,0.4054408340464295,0.33130300675380747,0.410211322074292,0.38543674522735283,0.3735730140536633,0.3269295471489261,0.308625382872712,0.6626580321281031,0.4427959678909552,0.7266249261941496,0.10155454660363322,0.5189870975662952,0.2526529139992203,0.006540854526482254,0.0,0.0,0.5420825331967565,0.0,0.22517893901623753,0.5430743893129987,0.40261014670447537,0.3738925715834182,0.3566335571212387,0.5914219344386664,0.41714927509364425,0.2941195906430217,0.29164335094040394,0.3110133655668993,0.0,0.0,0.0,0.0,0.6546683349791702,0.46970703057909724,0.0,0.4861689624683013,0.46687885707175225,0.0,0.0,0.0,0.4817067288245891,0.41725118762549357,0.24406602064885496,0.4692779405608435,0.3191573680102182
0.25792315978316566,0.4100497907100915,0.3109660387370998,0.24905464854820691,0.40445768263226883,0.2737705410052915,0.4101542575921707,0.2888470259946279,0.41122848296563486,0.23658664997012702,0.451853811431288,0.5990437335723616,0.4030168894178717,0.3667445794494929,0.4526527829950512,0.3788282091606405,0.13737114567546424,0.34389027834185526,0.5023296419946589,0.0,0.4791511471006708,0.5800488714781247,0.4759996954635559,0.6353852724897058,0.2538501888741185,0.5719476965649506,0.4324455444990082,0.5299645830501618,0.45327150004635075,0.5996239169403745,0.3414542169569316,0.25080694021222727,0.45219417219555985,0.26057552460355893,0.44273001969045156,0.3216624095871285,0.3544071283372149,1.0328889773117211,0.34769760978919656,0.5299734333083497,0.46137134381886685,-0.035340780852723463,0.39095052202728175,0.1850204980383121,0.3268514614191743,0.5277363605666348,0.32285470899787244,0.4292321097585887,0.0,0.0,0.4726512705701519,0.5117871712913857,0.6119042762006125,0.3911637265909339,0.7830047613053719,0.0,0.3471357711309635,0.4581348546306571,0.0,0.6144001954981733,0.5569938183405103,0.47227699215910196,0.5692191379092364,0.0,0.5529191961395521,0.36071763371242005,0.629489890545391,0.5728263580666595,0.0,0.4112770634836212,0.3702004264368067,0.6394819097385465,0.4508341799359729,0.43848277097233723,0.432530586479558,0.34430071054148137
0.19770832502056931,0.5064374823242599,0.2692908655427373,0.47172888381967587,0.38159373708251654,0.34603205095832534,0.5437979640279353,0.2461535038232354,0.3584763337040904,0.420021859366584,0.26484752880766765,0.4466441755455395,0.34070884354043507,0.26810274676449913,0.3092161058653815,0.40947968937279733,0.553332792106015,0.5327418656075678,0.44412139263427997,0.4791511471006708,0.0,0.3822343682303334,0.261490467318747,0.15415919443107554,0.47273014167046007,0.5067609896804383,0.47971656953562525,0.36241978182168255,0.327719042060652,0.22901324149653984,0.25060717151689077,0.13665410055789404,0.2725975135585046,0.15012079748079404,0.30413263966818344,0.18726741453728257,0.38387710774792305,0.37686421708677925,0.21090160968115854,0.31828088516704434,0.2505525878625705,0.3162959387405035,0.2922360085057639,0.0,0.0,0.6071431399909637,0.46899058206120087,0.4965989855686638,0.0,0.0,0.49634549648682946,0.3718964336184386,0.4783649444578041,0.6867998759136058,0.49348579556281824,0.0,0.7737481649800952,0.4190980854549937,0.0,0.49068193252977754,0.46192753243484874,0.0,0.29842059572061425,0.0,0.4694396178505521,0.3538973651959808,0.5404786613877184,0.5733518324437034,0.47194861532560045,0.8150099959945842,0.5779605406221502,0.5732596402078665,0.27184330274748136,0.43343654624953165,0.30306771714040576,0.08250359267751717
0.4697591845605745,0.7871985882882454,0.5075880645221768,0.29771344995101784,0.3352042940103962,0.2580411002695993,0.4374115102880044,0.2770049802974116,0.30151274206862444,0.30123926526358613,0.43392786090590063,0.5526435082854053,0.37263094031103994,0.15035837046473316,0.7889950891750905,0.47541232255759425,0.24599420559956844,0.37230512847086894,0.3725779067843406,0.5800488714781247,0.3822343682303334,0.0,0.7191156720257297,0.7724826184700031,0.5127031749136265,0.7451996945432013,0.4257440205249543,0.4068101568585848,0.4050508817620869,0.4013921466379261,0.24663765484133465,0.35852965197215614,0.46609577959773135,0.3395751746937194,0.516962026198897,0.4042875698176188,0.5341197623797442,0.7487615822163158,0.35129452332096084,0.525741600532077,0.355352383966831,0.30392898759570164,0.2626809062151992,0.12252993663221343,0.38593572973407897,0.5042062317888468,0.5650723757321112,0.4507471409631666,0.4701449219468477,0.3939879603875701,0.6213270570903964,0.5328366744475395,0.5819735725660908,0.5756707881483799,0.24088281834559302,0.0,0.4728893315058965,0.4562692055300372,0.0,0.6780037069602077,0.51355350577614,0.3872795196837439,0.6805645530563844,0.0,0.5704695059317986,0.5123822846780866,0.5654619107140796,0.604629331737341,0.36937087773407795,0.6016098088134751,0.5501873328730866,0.6852278465074622,0.49513094106892463,0.4622302057808785,0.3140094418903603,0.3749463331453679
0.07069571981395717,0.6464741747015728,0.45489299807003536,0.484439944418596,0.4121189175184585,0.4317461574275361,0.5029099131992742,0.4563137769399405,0.446180112188549,0.2448120955414322,0.30992468643237914,0.3951607274141912,0.5327911650004844,0.5620012785446927,0.4968477867104904,0.4328742465216904,0.2478281316139889,0.33701730645071964,0.31576209188354565,0.4759996954635559,0.261490467318747,0.7191156720257297,0.0,0.10374696492056226,0.3074946670027522,0.4068182358146531,0.5791205965732131,0.5099118072290848,0.61230171880265,0.4772674424399692,0.4128945213356084,0.4703505253312785,0.4843258363426749,0.3657880775597838,0.4391526018567122,0.354528957361832,0.3078631380767872,0.29391285391799693,0.5261309721823243,0.6495233254838277,0.5236136012730004,0.48360317130134667,0.47191726334867756,0.4852277449912208,0.3242820125555419,0.24088482249695733,0.7486036065326696,0.5969744260440868,0.32949086595764154,0.38537597934960144,0.6107459363419858,0.6010755918734078,0.510483947954203,0.5158544751795984,0.5026691631431706,0.4423789109648878,0.48118785748615134,0.5746587553776411,0.3692575184854163,0.579314077795773,0.5530206107264763,0.46602214539616027,0.5357530402516066,0.4842513874380681,0.5878046545468307,0.35839073046880854,0.5663211794841174,0.6755992894883331,0.3370674863944231,0.5071543175545943,0.6102348738364441,0.6039465486018933,0.5355540071184322,0.5748354790705993,0.619283536885572,0.46585920132921177
0.40236323867856827,0.4442561841979266,0.552486615390567,0.3299072431184382,0.25084649592731917,0.34822453598856773,0.24300982940543941,0.007005858056640446,0.3740091177629645,0.2943227792320603,0.33730206628769616,0.26821553106502516,0.24746542089690626,0.3851600866012457,0.24560943609314653,0.3876393297274261,0.3306122951258432,0.6133803927678769,0.41519645976620984,0.6353852724897058,0.15415919443107554,0.7724826184700031,0.10374696492056226,0.0,0.5719862051695982,0.39295601071578745,0.23742444317287584,0.4084310870680937,0.5568127369596306,0.5317421748257766,0.28680018799096674,0.27637322512714846,0.556889622419642,0.31447969836411693,0.23682066384312456,0.25040717874863305,0.2561392745333176,0.32847010174331404,0.4314385615140637,0.18818570559172948,0.26078001543438895,0.1267382522658112,0.5855907261985758,0.2731627490915397,0.22443141991450252,0.462716712073365,0.4474420121626989,0.0,0.0,0.47564517890364,0.4239241901888346,0.38912634610638985,0.0,0.30813391453099737,0.5928107259507854,0.4940832721465516,0.4640930220149432,0.8888891501342039,0.0,0.3507768941061268,0.2876698033584052,0.2850677652818709,0.42384052060405464,0.47023543487375197,0.4132534230919497,0.625002336000787,0.2750178172487666,0.6798688739904832,0.30262908755937945,0.44892398167779013,0.5560888695836794,0.3566386422626927,0.44457743247165915,0.774691031352916,0.0,0.39479764601264156
0.4470025624472492,0.5507383764057991,0.4891784561385626,0.7976887540773474,0.43828439881882564,0.13146206445999378,0.2575635419509195,0.2680098617800223,0.36670315192573316,0.5780964406201634,0.40113656733426123,0.5042633971987518,0.2084539846155056,0.3480573094267725,0.4164278179851292,0.5744632207640277,0.4432612859809254,0.7752153541441956,0.3662237972763361,0.2538501888741185,0.47273014167046007,0.5127031749136265,0.3074946670027522,0.5719862051695982,0.0,0.4154089009740167,0.31890977705882606,0.11074447914894986,0.0527359875138248,0.2638690200119204,0.4010393897759994,0.18980473494711464,0.48447871537852116,0.2234615110895469,0.5568256633234874,-0.023180307342685835,0.6196204173723797,0.48805634895342515,0.3359574393184199,0.40483818638789615,0.29301278260366304,0.27593100724986996,0.18051005011510457,0.0,0.5048344478187591,0.7069058516988407,0.6729640859169548,0.0,0.0,0.0,0.36919735605627607,0.4816050727190536,0.5601043014186964,0.43677871897432174,0.5105652019480312,0.4551347742575921,0.5415312232584606,0.21934305525202988,0.0,0.4402013529260209,0.5621995897070946,0.47944583655567585,0.5952208724736656,0.0,0.3785474204762693,0.8566134365761423,0.5298621335324919,0.38318987494255763,0.4986334246754154,0.6676727089451687,0.6121222359582816,0.48004642469893577,0.5133969011885915,0.20181656686635074,0.0,0.3469960115925782
0.5361520077557442,0.5015479334836537,0.35507922092030847,0.5921465222651023,0.3020467806820945,0.21133500474854255,0.28749746387469693,0.15791000264562688,0.4483445797148609,0.4838715696952609,0.398091222345042,0.4812653459444615,0.19307473623714871,-0.06412478322378984,0.6662816168346117,0.4413743896040384,0.39970653805076223,0.563178141282598,0.38078498771753444,0.5719476965649506,0.5067609896804383,0.7451996945432013,0.4068182358146531,0.39295601071578745,0.4154089009740167,0.0,0.6654642380380735,0.2838084615803011,0.31744759256457167,0.13322911421192657,0.30188230683021033,0.45972491196850607,0.42205177444373804,0.2918987247929682,0.5938390919625597,0.2518533686831187,0.38409568762597324,0.39107845886198395,0.4191435197590029,0.4174743482269334,0.46969955757720205,0.20199544378928702,0.353857122407073,0.5017726056918077,0.6435024069990075,0.562724997963877,0.5900744036371406,0.7096942816190251,0.0,0.0016439163246281417,0.391886868768372,0.4542134560201666,0.3965466099706596,0.6727493107199743,0.464614465005197,0.0,0.5924599248227211,0.5441061363813258,0.0,0.6657505907527541,0.5537741269184946,0.4900479696018633,0.564456662564825,0.0,0.5360235199304325,0.6968044330163212,0.7164452260738462,0.5959375672180297,0.5948608020479238,0.6386138819697722,0.5957495049553083,0.6844679522401151,0.5844606293489709,0.41249627315419113,0.44224483691838223,0.34513437235537947
0.36192597233298646,0.5216361295235262,0.48355451561213847,0.15557971272591042,0.33240284762574046,0.48488061794149306,0.4197821166175998,0.5526363685467224,0.5110489851602298,0.14327153681316201,0.43639312007688985,0.3946812875894136,0.4498295822765232,0.4756856267606147,0.415830342878951,0.33639710439642556,0.4959324188615083,0.38766341720353786,0.32111158448126254,0.4324455444990082,0.47971656953562525,0.4257440205249543,0.5791205965732131,0.23742444317287584,0.31890977705882606,0.6654642380380735,0.0,0.5352577127737195,0.47501290537588,0.6309155228055985,0.39237944828237903,0.4001796690923461,0.5652387369449513,0.3375866485836623,0.416762941104457,0.18440909607225486,0.26728405624469387,0.19137534240726728,0.5093439906268333,0.44943808358900894,0.46608011618197165,0.5578334142138972,0.470834215214912,0.48216222870640146,0.0890867290303744,0.35488845280307235,0.7169460023572325,0.5217771432041745,0.26156408894896666,0.33357805387738176,0.6654723910023452,0.5577658763729998,0.5313622404936817,0.49447740207123003,0.5319439769996744,0.45197491749047136,0.14363276666613453,0.6064197864807502,0.4133671804952579,0.5783196569580373,0.5908043510039492,0.0,0.5256751995742126,0.4107318284710145,0.5598656950042147,0.47132685842046895,0.48656935697202836,0.5754711824687218,0.0,0.5949759416279226,0.5682016855497798,0.6661658085621387,0.5546353171259825,0.5644141439344342,0.5651381249572165,0.5032874828921122
0.4802706658563775,0.1150375647764352,0.34881649983763374,0.2696293599896002,0.278787770489706,0.5071064605104869,0.4325569711260242,0.4511511748662912,0.45908490062338553,0.4228301602227514,0.44972002113195264,0.4338948518018987,0.5559412798557506,0.6096251843711222,0.34921309472767115,0.17504652927932482,0.47404155327802977,0.15985426074090542,0.4405189446967363,0.5299645830501618,0.36241978182168255,0.4068101568585848,0.5099118072290848,0.4084310870680937,0.11074447914894986,0.2838084615803011,0.5352577127737195,0.0,0.6014343768229239,0.5253190034821178,0.46045782693550535,0.1716992348828304,0.3307897670264125,0.3324135927051073,0.3999001721992882,0.12556124878017588,0.1312193190910801,0.2285087610836852,0.3683762021844713,0.647904582230417,0.6364175951946494,0.7619700337799309,0.5213707203118194,0.006874088793576372,0.6206588812419234,0.5233511231289202,0.44146841098297895,0.4684446520518364,0.0,0.5042967683538961,0.6011679642567253,0.6424605354042586,0.4393535047778658,0.44644022675883777,0.27480295534237165,0.3616691796240054,0.41828134581242027,0.6202363071237827,0.4017626775715643,0.48943397136759015,0.3970053561939374,0.3128699719825786,0.41120664296948584,0.557165473900793,0.622608056610098,0.3986562535067781,0.5526241348737584,0.6164176374590135,0.5594800800721575,0.279492858522201,0.20476466620868286,0.6665527311723203,0.6237131733616661,0.5485734206178274,0.6046993539479356,0.459719143816932
0.19489995910993885,0.10315216768406288,0.3794852052918656,0.0971641430288179,0.6893229943117454,0.36557914424832294,0.6092036457467274,0.4884794029617284,0.3788872708289951,0.2679745755574279,0.10982660621948404,0.45554095714523646,0.5363470840925597,0.21250456990696406,0.22085933727267876,0.25824210079060356,0.18743500083088566,0.20006934491238,0.35720034169257564,0.45327150004635075,0.327719042060652,0.4050508817620869,0.61230171880265,0.5568127369596306,0.0527359875138248,0.31744759256457167,0.47501290537588,0.6014343768229239,0.0,0.3310042608266459,0.3120994434090456,0.12698277366826058,0.27291400333019683,0.13819235405314303,0.13433264900168307,0.3210801837832521,0.34134186521520127,0.4091275292523293,0.41578851095208896,0.4655302260661156,0.45426452178819926,0.44409050447462645,0.2547469851472559,0.39761370055411804,0.3521307747045895,0.40518720902554856,0.34329459026639797,0.458301637980395,0.48008848156796946,0.3336754987123626,0.6138922027878569,0.3843553074977634,0.4894004824471859,0.38931004233002947,0.4953844696200543,0.2147018289609231,0.2560109551987623,0.5505717459158899,0.582709963711882,0.49760232918690916,0.5151044791108381,0.4691920439606637,0.4795114732172596,0.28210135125337527,0.5327165722560664,0.394281667569201,0.4660801905126545,0.6362176427652303,0.46143940534369354,0.41912165083990194,0.3681110467013343,0.6991257228659902,0.5966810932222479,0.5721083184810478,0.5992940998456191,0.423367373168665
