0.0,-0.027614844734495658,0.016047509330608944,0.0,0.007144033720055676,0.021298260839456684,-0.001072055897797075,0.07094400197813844,0.008192869676412418,0.02895088383863631,0.004988428745772877,-0.011375448386908293,0.008508427390662154,0.028803517216782926,0.004155283571741608,-0.009217304791595882,0.012566186835819004,0.012813811418791399,0.0,0.0035056060468314776,0.060533505609923044,0.006696354821559225,0.06726290577878552,-0.016645768746484713,-0.0008594894980263335,0.0018679118565774755,0.01644586163708528,0.026267155588689473,0.015949042897767607,0.0043762244459509825,0.009163988374147503,0.016792146248099216,0.01932813916737869,0.008907595910962574,0.02585921287143722,0.021448783472739097,-0.0016473198863924954,0.028452371674659194,0.012735766879561128,0.01385621751073457,0.0313280371234998,0.028337510177043612,-7.604702491087467e-05,0.0,0.018298201314193407,0.06175309079096497,0.017143093307888213,0.0,0.0,0.0,0.004406169142333938,1.1102230246251565e-16,0.023332806944427742,0.0,0.022674154503835087,0.0,0.007782152321317071,0.0034644450593833143,0.0,0.041430737975015286,0.009651688805254965,0.02505593748909435,0.03482091702104351,0.0,0.022699389710259033,0.07545462288924965,0.0073584229696276315,0.0249736426761224,0.0492285247302271,0.013900074623706793,0.03666401207670361,0.003281850872681069,0.000723372110229048,0.04340320321637786,0.0,0.011083405094374443
-0.027614844734495658,0.0,-0.0036032016004360345,0.00015160614193010513,0.010791583459064724,0.004733561660487162,0.004263849994137425,0.020517176295878792,0.01787509457135561,0.009442502468256564,0.002954359446426247,0.015489884723054403,0.011483257712568973,0.0037574817597818,-0.016572095411159837,0.003404190332439494,0.011903541527077344,0.004727345974830766,0.00807678297345904,0.007162296423862291,0.004038637701756331,0.007995867532457457,-0.009925329257664761,0.0187807552021948,0.021451577067628957,0.015991861724898304,-0.007018079475409167,0.006749626517936869,0.01625102200525108,0.009480132902977334,0.015583660156135382,0.01958455149472621,-0.0038169190721659696,0.017368972412484474,0.00543361607539089,0.0022725338558091668,-0.0016164720029112067,0.0,-0.005066115125974435,-0.02102458702516774,-0.002898625904886598,-0.0028939118283858867,0.004583504053054188,0.0,2.220446049250313e-16,-0.010238831833867201,-0.009017792213613318,-0.0007510291633700539,0.0,0.0,0.01824998721168225,0.006249626114727236,0.013595820985380369,0.0044638108106002106,-0.03163097399722414,0.0,-0.01788884685083636,0.015285169011923727,0.0,-0.004254960233489424,-0.006573888440072451,0.008048082642745757,-0.015393785245516267,0.0,0.002121461646756362,-0.002207480259631578,-0.006064224913897742,0.00291338833598892,0.0028134688143386932,-0.020787471966582538,-0.01119037017160257,-0.007441219136463728,0.01990940080685083,0.009187532006477095,-1.1102230246251565e-16,-4.476068501113595e-05
0.016047509330608944,-0.0036032016004360345,0.0,0.02187002430566748,0.017655930400943654,-0.005489390803958438,0.016008519043505975,0.004345435283200583,0.010317491948199753,0.008110197975290223,0.10467181185181584,0.01077107287719753,0.009714459296272016,0.00789629200758346,0.02038617312872054,0.012651377904719374,0.007673512544799865,0.02093381837619951,0.05215753569741738,-0.006919234464286161,0.03429287969340428,0.030894180865385534,0.048813594468562094,0.014763962021629717,0.023881454694334503,0.011936204514985893,0.038134234675210266,0.028860416802513555,0.02025409992735422,0.029949079254311117,0.02849254362329595,0.03350149365364763,0.01937394705637352,0.02560636521847731,0.04104068149450274,0.02015422582912163,0.026278571498289105,0.012524916669260255,0.022111254526899216,1.557476230651389e-06,-0.014233367127569507,-0.005185536155721204,0.012966017239936678,0.005463443238293952,0.0,0.0,0.0003029542609407354,-0.10686047502754409,-1.7080365065424985e-05,0.010015350266246004,0.043259369062541686,0.005976841193512272,0.010424488341350346,0.038705269072427995,-0.00016812941987681684,0.08150617881175515,0.020164632025132245,0.02222547432745825,0.01997224839818923,0.0005155941136400499,0.0,0.0,0.0,0.14621566587096496,0.009835812932335153,-0.0022075823827190644,0.0007777994301243485,0.01826944233285488,0.0,-0.00020599732053361297,0.02099710682550382,0.025493795430631905,0.029916525833325935,0.021573514403557925,0.007349685301283104,0.05438065896260602
0.0,0.00015160614193010513,0.02187002430566748,0.0,0.03497447192658226,0.01307530468855278,-0.014885765435884324,-0.007073229356591271,0.02043068694526312,0.021613416194936702,0.01996822806452725,-0.032683551424231766,0.00264421065084669,0.0033328026902955665,0.0012860017141211877,-0.0019784009898771715,-0.04343867547017072,-7.777867086428136e-05,0.01346408159060375,0.06433530335428156,-0.0023718900557596623,0.033689651366414164,0.005541238476787447,0.01224737368843598,8.641531312131301e-05,-0.004847220585086465,0.006704581893982708,0.00873142329062987,0.028443604720480797,0.003504101117487779,-0.007618594570432069,0.006128227193934854,-0.060876809559430756,-0.033105452857347534,0.05508868115780313,-0.01189877889741936,0.0073960064155891014,-0.03049440905147069,-0.0006623396358920175,0.0015925145307917332,0.009581465916165044,0.007598615069636772,-0.031027639598107393,0.004366875744103049,0.0,0.0,0.0,0.0024814690326887545,0.0,0.0,0.0094903194253253,2.220446049250313e-16,0.00017800684525692834,-0.00034260056696638896,5.551115123125783e-17,-0.004503419433105893,0.011315424958909637,0.001075477225064625,0.0,0.0,0.0,0.0,0.0,0.0,0.0,0.0,0.00015694849898356678,0.008987650289662807,0.0,0.0,0.0,0.011597950847720973,-0.0053291930327340475,0.0002018884006779742,0.0,0.0
0.007144033720055676,0.010791583459064724,0.017655930400943654,0.03497447192658226,0.0,0.013564026555073883,0.0030556097211585365,-0.042184494439649944,0.04268644967456259,0.004185107840053437,0.028694683015030642,-0.017629970847616472,0.004306602257830361,0.03132098206013906,0.012625772424426251,0.000946602180472933,0.013141572489977216,0.01939950457142331,0.026444161043173042,0.005302699706828895,0.02002871648390847,0.0020159665648039615,0.03197754634823147,-0.0046988498120015265,-0.0034230261837221443,0.0017918424022607682,0.018603190952500293,-0.009812969841796915,0.0019794353016959754,0.03502450270846563,-0.0008882372714614228,0.020997315006321238,0.008868102557720747,-0.00023364266439845904,0.0413589235411988,0.01167066389107524,0.08064325399286293,0.008980700930003749,0.007492662549482165,-0.005928004360294725,-0.0511643510652553,0.013296149401320956,-0.03451626138765246,-0.04508538760718539,0.0005031391714174771,1.1102230246251565e-16,0.00801817644013425,0.013899516691598723,0.0,-0.058331744954859266,-0.02871947478831549,0.0070923961050898265,0.00037770230672107274,0.008934072651022196,5.551115123125783e-17,-0.02340186382845799,0.006782192220767036,0.008174260628981411,-0.01925109147577525,0.006496386371415197,6.0680500283794014e-05,0.0,-5.551115123125783e-17,0.0032902291420146557,0.01653679402815894,-0.0005066913650749738,0.007777502080952126,0.02912570267507908,0.0,4.993456842178334e-05,0.011581525213426258,0.008535373915488087,0.018785625866142464,0.0012491969443532147,1.1102230246251565e-16,0.02052968715391168
0.021298260839456684,0.004733561660487162,-0.005489390803958438,0.01307530468855278,0.013564026555073883,0.0,0.017389840522414435,0.023911677371289686,0.032240652713973694,0.019881781447599278,0.03185095601580484,0.030528531523166147,0.021376658866111897,-0.005171183622524722,-0.01621859708424045,-0.0005907069814920507,0.02077805062875493,-0.0013634925343823379,0.02755850386486519,0.03010970005122826,0.01910680962047867,0.009938571011956554,0.025069606573319414,0.019951782952885688,0.028110203953489732,0.0006113619598304143,0.029091109272010973,0.01815163146057358,0.03423894410022482,0.019623790494804505,0.012338388909358955,0.022405502760299734,0.026389455791903826,0.017010066185425388,0.03329733448840183,0.007045637332802057,0.016798248081682732,0.026183641582683548,0.014337068099638361,0.011120365581487213,0.03555564990242699,0.033191088669821844,0.01147914260310201,0.007573426333742084,0.0006832198614167284,-0.002891944625731946,0.005559471727291654,0.0057050603034306535,0.009003975930207742,0.03638999537200627,0.00040892570572970133,0.023476797417218642,0.018637251323554704,0.022325142897879346,0.020115077023968253,0.006232657921539375,0.01996880285572622,-0.0012784453546914598,0.04319043162168268,-0.03979864665566768,0.00877650774349048,0.0,0.004119492930261148,0.03334011053300978,0.015385465393674358,0.009161472159128492,0.020397161113542117,0.018902089761104635,0.00013196636892814917,0.006702629949162542,0.006694020154861591,0.011906310041267298,0.0032569169438945167,0.014631530122408087,-0.006006321898119671,0.023822600021665807
-0.001072055897797075,0.004263849994137425,0.016008519043505975,-0.014885765435884324,0.0030556097211585365,0.017389840522414435,0.0,-0.020696057826002978,0.010765797643606023,-0.007202824309022082,0.0007291617719074606,0.014977505180903461,0.000328315358724518,0.01789504279088694,0.02203408999701245,0.011982501458335404,0.0035021046398251987,0.018786209165144063,0.014061640499792305,-0.002999860323013026,0.007548483968190911,0.005585501895103651,-0.009651745494607011,0.014808719714150542,0.020778512309275077,0.014617716176970608,0.0036674482800110875,-0.01242676471407117,-0.013182940954062194,-0.007993863809925228,-0.044549096242216035,-0.0012952284207027875,-0.013986687844901091,-0.023156726081308754,0.024521350977489753,0.01487128975303198,-0.0082902107454913,-0.035460842995961195,0.023321546050100894,-0.0033742648832109645,0.007137971311053648,0.014015375069530545,-0.01795949078661291,0.024524581482995578,0.003476085395730577,0.0,-0.002819020244087256,0.02246406128725209,0.0,0.014854938969250053,0.030183318632794,0.016958289070447496,0.011807437345988603,0.016641881576248907,0.0032866990880661695,-0.009195363512693344,0.004839631058947913,0.010033361586194167,-0.016843151888621566,0.0014543441211247177,0.0009728701084135705,0.0,0.00010796233217685858,0.007040513632604717,0.022633564972255937,0.013527116093862979,0.0012690496894807168,0.014026250509257765,0.00023994539052740738,0.005808078654979065,0.0016982341366643672,0.018342687884038367,0.002537066536974497,0.006597714491597406,0.006365704467501732,0.006939416312580771
0.07094400197813844,0.020517176295878792,0.004345435283200583,-0.007073229356591271,-0.042184494439649944,0.023911677371289686,-0.020696057826002978,0.0,0.030786331873672468,0.008850519210458985,0.04090618251236117,-0.0255451351264791,-0.013645976751613387,0.020252330291118448,0.07745940512529631,0.029322976784450783,0.006904278347176773,0.02721984354060153,0.0012645285121564709,0.048166261862279014,0.047822848546619,0.05188586932590267,0.030964155997710463,0.034764585371624745,0.033189874797216745,0.03143699716555576,0.01832796308245699,-0.0014420633834917318,0.021796720211535725,0.00669558306490442,0.010591233922556398,0.028963517141810335,-0.025858030392609865,0.0087421765656156,0.01875359780541208,-0.058515551418535816,-0.03817985367141791,0.014476697588935106,0.04014255477781542,-0.007895597656503994,0.01749562155856793,-0.007164094270766641,0.06324369103690664,-0.002807338894554423,0.0,0.006113252172187111,0.005976115135184479,0.02263370616698146,0.0,0.03908980846498317,0.016407236769181155,0.00985578982500701,0.053931956197513786,0.02665296411193996,-0.0003124752417802412,0.020523106797636026,-0.00019651098293643754,-0.008977236658528509,-0.07919558910274876,0.0051485870479222595,0.010781942711145631,0.0,0.00010987810964491196,0.03734655590702496,0.01612132653605114,0.07752523056655236,-0.006007756162151601,0.04247575690681754,-5.551115123125783e-17,0.013800581884914565,0.008554499689743422,0.03250829347286699,0.005030700882378614,0.01808524726882038,0.0044639882438469725,0.018151151336175675
0.008192869676412418,0.01787509457135561,0.010317491948199753,0.02043068694526312,0.04268644967456259,0.032240652713973694,0.010765797643606023,0.030786331873672468,0.0,0.015000044685441916,0.012188592403546084,0.009036070302938737,0.013267114202930141,0.04535557270254231,0.02476651400244123,0.018807514657296243,0.013897809729383093,0.033459141596632325,0.023528610613507694,0.025601312855827896,0.004602230159735987,0.027507341676576758,0.046645005807546824,0.028201471633191644,0.024760129238756534,-0.021375910293883582,0.02648609071361646,0.01681002216706584,0.02191076666534514,0.012223483822428771,0.022336324323647017,0.030865081828749308,0.00821374942305636,0.022965911412573425,0.03865897612593483,0.033616008980928036,0.029835447673895954,0.0033075267331973968,-0.037160500664964236,0.00415703208446444,-0.006870720642854877,-0.005775635196801743,0.017727983301997208,0.006971572776125923,-0.0016079856120046476,-5.551115123125783e-17,0.004451053490873269,-0.11057974157990319,8.205487465384742e-06,0.008314921385638274,-0.04611518632553113,0.018954661082841495,0.01744409007657488,0.02111644034793625,0.01990024950102265,0.011903919215636494,0.009251191254705138,0.021234550559459664,-0.02035045510818001,0.003175257466657644,0.009060090427761347,0.0,0.0,-0.02981711852648672,0.002911918270671221,-0.0012271776331259088,0.005452110822563749,0.016572150820877374,0.00010098758331850144,0.00846856292295367,0.01390414407523144,-0.0006364221827626082,0.021973817342309077,0.009027308796072941,0.01624186542102357,0.020990723763528063
0.02895088383863631,0.009442502468256564,0.008110197975290223,0.021613416194936702,0.004185107840053437,0.019881781447599278,-0.007202824309022082,0.008850519210458985,0.015000044685441916,0.0,0.013225595471100415,0.02356352731427047,0.02801349883907639,-0.08218538970406886,0.01862198722562114,0.02416122892981326,0.016701494838431308,0.03566689467503803,0.007566553616080829,-0.04901533908209971,0.02401964045860655,-0.009508255229140061,-0.002852467345833609,0.01919424983807838,0.013417670760890121,0.037218232764906545,0.0018092617605397487,0.02559307929700455,0.032134446947485074,0.025102306821120413,0.03703751946617051,0.02607906594767717,0.030778404480930333,0.005980206763498641,-0.02988050897699096,-0.002051598764910789,-0.02097602426957293,0.0014990049270930395,0.06775875693804584,0.008058335339354017,0.0349683953862196,0.03267868050270856,0.05329547936918272,0.008463941560622024,0.0149902945567566,0.003226224985969639,-0.021927513517645603,0.0008965189452138089,4.659189454381263e-05,-0.0012698493848155579,0.020479862849833053,0.05010561685516857,0.0021264881883336084,0.014056120698058394,-0.001691442119930553,0.019106515372712463,-0.001803829892164599,0.021148165255343798,0.0,-0.00043963819071979326,-0.011764516978817585,-0.004788702258426258,-0.0008912692337593175,-1.5314999891546943e-05,0.0002488300483025063,-0.007181035785341794,-0.0017848994953409414,0.008811348284518683,0.019890118189340944,-0.021561059366661695,0.0052082590756467595,0.020204403432382223,0.022045429473709355,0.016107198754930163,-5.551115123125783e-17,0.02026468488699401
0.004988428745772877,0.002954359446426247,0.10467181185181584,0.01996822806452725,0.028694683015030642,0.03185095601580484,0.0007291617719074606,0.04090618251236117,0.012188592403546084,0.013225595471100415,0.0,0.012584122638726991,-0.0017024188247752314,0.034851319259081304,0.0,-0.00017885060119537943,0.008647440616137814,0.0013624320632002473,0.05296507591662275,0.00012204258227782594,0.01920293064215639,-0.0021169382257603675,0.07043403075566379,0.02056037588234344,0.011836725560320893,0.013178309098206886,0.0679412745166923,-0.0007646615045571181,0.013185830770070517,-0.0009223981441964235,0.013637369754047002,-0.041725838726320075,0.021164181144316063,0.014143745400928942,0.02441499330691832,-0.017597256775790826,0.01723355511303959,-0.004253909200908235,0.018079827408846894,0.004166501578086734,-0.007100210422512909,0.004902936526785084,-0.02302843263383708,0.010644500013250069,-0.0012730825701023907,0.0,1.1102230246251565e-16,0.1565162699595078,1.588892548198828e-06,0.002499184467035842,0.0248354722209142,0.010325277910781416,-0.015318227512977789,0.0542997327862601,0.020516976131153275,0.06726969132596672,0.008259354615680448,0.013369347936902365,-0.023045266424613742,5.551115123125783e-17,0.0,0.0,0.0,0.13864588255031807,0.00582125587763993,0.0,0.00021696829028217124,-0.03009770485161739,5.551115123125783e-17,0.0,0.0011414320384148802,-0.037253401834506206,0.008263076630111166,0.013304214122509705,0.0,0.023822680487086745
-0.011375448386908293,0.015489884723054403,0.01077107287719753,-0.032683551424231766,-0.017629970847616472,0.030528531523166147,0.014977505180903461,-0.0255451351264791,0.009036070302938737,0.02356352731427047,0.012584122638726991,0.0,0.01784065839218535,0.016884275329117515,0.00852669346537438,0.05285800060590895,0.02157893752914386,0.004365113606877691,0.048424022535757616,-0.015509382474721611,0.01472580638429899,-0.011710823137451865,0.007005214991599729,0.023969459629256007,0.019585971616422504,0.02507476588563956,0.0369656968203414,0.02531299722394159,-0.0023129501209975256,0.0473422319893399,0.018262050246503625,0.03778339097271616,0.003850395984423438,-0.004191220897367259,0.07698448182467887,-0.005793625425249249,0.012555892610487451,0.0038409017070928086,-0.010571453314554391,-0.0025700021285227637,0.0017998139466600671,0.02802019318234683,0.010688119994246292,0.04149926054420339,0.037629375635385875,0.015328791650195628,-0.00375784257726669,0.007252781829547805,0.0025561974200897786,0.008337649798495661,-0.0018076724628831031,0.003350231557742278,-0.0008067787840737584,0.00915564896171267,-0.0055861899128353265,0.0056626055562161715,0.01019078747728347,-0.013257033105147809,-0.0001003897172397461,-0.00013210561323467873,0.006936647857381462,-0.014654674885071717,-0.011682140500641758,0.003961143446016946,0.005199865978563145,0.010121528440121597,-0.0005919549206745978,-0.03164328415461665,0.014558700910632327,-0.012578914278971787,0.015321006477784505,-0.0029827389930012216,-0.0065432148170948,0.010565625303069481,0.0,0.018935016403218485
0.008508427390662154,0.011483257712568973,0.009714459296272016,0.00264421065084669,0.004306602257830361,0.021376658866111897,0.000328315358724518,-0.013645976751613387,0.013267114202930141,0.02801349883907639,-0.0017024188247752314,0.01784065839218535,0.0,-0.004173699063323266,0.006786496448202228,0.01146223890203707,0.02759203592161097,0.016220480922729985,0.013166212846515979,0.007805823854923455,0.007563022322205792,0.011586726421093041,-0.00779710064549749,0.022249025541325518,0.025815834296436746,0.029298760395040035,0.000671159753463324,0.01752081090879909,0.006092095105074191,0.027023041055875163,0.007505820021041443,0.0010780308455254906,-0.02422423583865002,0.008947572646181623,0.03828040195113591,0.009539014233427512,0.03916950198971941,-0.0029300810488513407,-0.007484008686118149,0.0016190937132496974,-0.007688327338639334,-0.019414580493901434,-0.003333992370879668,-0.03417768295466217,0.008225003052422186,0.0013109275201632076,0.00012370007370199332,0.022729506944102584,0.0,0.02288530827518631,0.017066260612737083,0.016796156785084504,0.018361257421635913,0.023397697658731342,0.010632787214747419,0.02734982258414448,0.035904173169850284,0.029598746579804103,-0.0052955463913040846,0.008394416085411915,0.004657920026073792,0.013670509456462532,0.0008717124317871305,0.015795810974464253,0.004246552680433335,-0.004906467026745964,0.00989444054130928,0.003978359869560966,-0.008880567081263113,0.008552948840814478,0.012329221564014115,0.0029847624789192673,0.010545959665202276,0.010455950946801296,0.015722843093115113,0.014457780969788225
0.028803517216782926,0.0037574817597818,0.00789629200758346,0.0033328026902955665,0.03132098206013906,-0.005171183622524722,0.01789504279088694,0.020252330291118448,0.04535557270254231,-0.08218538970406886,0.034851319259081304,0.016884275329117515,-0.004173699063323266,0.0,0.003035032756408984,0.001653728489907913,-0.00021350102687506256,-0.00020854373737683174,0.0034661074174482387,-0.009963573015986271,0.014983782983998717,0.010773403625897293,0.020250575381101144,0.028417662990861015,0.006212566226237337,0.02081781000407834,0.00012192959432677508,0.005447906818407788,0.00674735225683204,0.011281555552191236,-0.021874770336488658,-0.05354217061203387,-0.058196227865544126,-0.006687791919374242,-0.018528842438392423,-0.015391305359096358,-0.01005020442605467,-0.011827490775632388,-0.029600477037242,0.0,0.0025874972934126217,-0.0011100801033460672,-0.02716597382950897,-4.573625224768563e-06,0.0,0.0,0.0,0.01991629620162777,0.0,0.011114217829870654,-0.02827529407351792,0.005674769277384806,-0.016233765195168837,0.0028348250912638706,0.0,0.001254286494734913,-0.0005426560304927497,-0.021765410140043517,-0.029603351451215842,1.1102230246251565e-16,0.0,0.0,0.0,-0.01500253129916318,0.0,-1.1102230246251565e-16,0.0,4.5512085882604136e-05,0.0,0.0,5.551115123125783e-17,0.01749008023101828,0.005258772979143567,1.1102230246251565e-16,0.0,5.551115123125783e-17
0.004155283571741608,-0.016572095411159837,0.02038617312872054,0.0012860017141211877,0.012625772424426251,-0.01621859708424045,0.02203408999701245,0.07745940512529631,0.02476651400244123,0.01862198722562114,0.0,0.00852669346537438,0.006786496448202228,0.003035032756408984,0.0,-0.013995103869943015,0.006119066709216137,-0.0040446117603774034,-1.1102230246251565e-16,0.031653569226177736,-0.009095899069562097,0.0038482766731464113,0.02145282577596619,0.025265602603899595,-0.0044711577399495495,-0.017074205114202934,0.005792770765789934,-0.02154512675339193,-0.009919481196380253,0.013775414432920852,-0.00651416603550431,-0.020050514833714728,-0.02828313720659026,-0.02029577969002444,-0.018484135577413074,0.008146140424415582,0.04587439036443863,-0.0003190918000668952,-0.006320057614548624,-0.006243547758105816,-0.006901415592257432,-0.015033379284446424,0.0469920702024495,-0.007856984999302541,0.0,0.010079080581875677,-0.02283190916941752,0.012057834329475103,0.0,0.0,-0.025948951213074334,0.014304793766783952,-0.009252534638553134,0.0016137616609545047,-5.551115123125783e-17,0.0,-0.0020143329375438834,0.0038629797820211587,-2.6046012456593104e-05,0.0013495769855166317,-0.044430201728065666,0.000910431558911684,0.00891878272821478,0.0,-0.003792440226299043,-0.0072942066289005125,-0.0026338474929609723,0.007477444681104117,-9.371532982510589e-05,-0.06872764667817532,-0.026737589081475333,-0.008785548326856074,0.014970000626016278,0.003950414224483945,0.04400083224947221,0.0012772223247267678
-0.009217304791595882,0.003404190332439494,0.012651377904719374,-0.0019784009898771715,0.000946602180472933,-0.0005907069814920507,0.011982501458335404,0.029322976784450783,0.018807514657296243,0.02416122892981326,-0.00017885060119537943,0.05285800060590895,0.01146223890203707,0.001653728489907913,-0.013995103869943015,0.0,0.01099305590407379,0.010528513208217682,0.00044436339224557253,-0.004216629384823589,-0.005185039526250601,-0.0033893585560069717,-0.005898998598121763,0.00755433492798685,0.021184543456008176,0.0019484881618663241,-0.0001848754294387911,0.009503406451360663,0.008886576670093627,0.019469694384554537,-0.002064282228064762,0.01957168996125097,-0.002651166650815162,0.0116525434729578,0.009553020220013753,0.019318113654324454,0.002810874033156552,0.022830268546622567,-0.006450174611710768,-0.01068772006958979,0.0009570780553193048,0.012136927856838953,3.396201297400925e-05,0.0,0.0,-0.009730548681871565,-0.010399247193033645,0.0,0.0,0.0,0.008234923210577616,0.007839087708039594,0.011382665859498431,0.0,-0.018346385217314964,0.0,-0.022976882347455152,0.01077301581442347,0.0,0.0006595014358040663,-0.0069524322246514725,0.0016970538446157146,-0.012941525992734015,0.0,-0.002672117050789846,-0.018512709724192056,-0.0019403127748305882,0.007877281860960483,0.0044532056247869045,-0.023334282061501066,-0.0029532654285371884,0.011400552459937818,0.0056950425192429655,0.004193769738875863,-1.1102230246251565e-16,-0.0017991962099099257
0.012566186835819004,0.011903541527077344,0.007673512544799865,-0.04343867547017072,0.013141572489977216,0.02077805062875493,0.0035021046398251987,0.006904278347176773,0.013897809729383093,0.016701494838431308,0.008647440616137814,0.02157893752914386,0.02759203592161097,-0.00021350102687506256,0.006119066709216137,0.01099305590407379,0.0,0.033756634003134944,0.005806073257056565,0.01147293864284965,0.025849477457744074,0.014338239826309607,0.0167941680410702,0.01707598032009977,0.015831917231210246,0.01532058221474153,0.00595632110453409,0.028472339500249466,0.017663818601070247,0.002946330944362141,0.02280447794919338,0.0436093792093496,0.03877418526813853,0.02963984634226302,0.033448577239336474,0.010993184885740748,9.417574488884695e-05,0.02216547637479893,-0.007994835363612118,-0.007722936373643241,-0.00030462562918970315,0.013614713008196166,-5.551115123125783e-17,0.0,-0.0006915355686412106,0.02524067112755407,-0.01557508805033897,0.0,0.0,0.0,0.0,0.0,0.0,0.0,0.0018093305490934353,0.0,-0.015287681284206545,0.0007623435633141717,0.0,-0.00037938498469913817,-0.005016354489011832,0.005104497447098177,-0.003975267854436304,0.0,1.1102230246251565e-16,0.0,-0.0144884197684651,0.0,0.0252390561197941,-0.006927738477050527,0.01466893245116696,0.0,-0.01189045476601025,0.0002046743947970997,0.0,-0.0012470077498768495
0.012813811418791399,0.004727345974830766,0.02093381837619951,-7.777867086428136e-05,0.01939950457142331,-0.0013634925343823379,0.018786209165144063,0.02721984354060153,0.033459141596632325,0.03566689467503803,0.0013624320632002473,0.004365113606877691,0.016220480922729985,-0.00020854373737683174,-0.0040446117603774034,0.010528513208217682,0.033756634003134944,0.0,0.013002165380370023,0.006705385026028077,0.04869240472183256,-0.0004380109154442091,0.05475499572374498,0.00018196838632944523,0.015357604382639556,0.010209519071598006,0.0056343126268794674,0.014356678395758549,0.010360001780203298,0.024813355246251223,0.013902841415368905,0.03963107644093239,0.007243290972705929,0.02352384887186676,0.03130974176423634,0.00809539806969628,0.00015695659307385368,-0.08038189150445793,0.02738548676136776,-0.006134666388945942,0.02307437824530756,0.006917667564692365,0.0,0.0,-0.00498024338568781,0.012216150947966575,-0.003115323874410436,0.0,0.0,0.0,0.003373760068802467,0.0006619363392860178,0.0009366141385767079,0.0,-0.034721582942310314,0.0,-0.04269106074889051,0.008965818731887953,0.0,0.01043751158390116,0.0078003334497740995,-0.04389351505886818,0.008891128295716588,0.0,0.0014809907658966948,0.012207373529799004,0.0007945916415832421,0.015768262528489396,0.010643421414455456,-0.006474671713310842,0.0023020763814557976,0.0077622620438673184,0.008844822040566247,0.015155785323018534,0.0,-0.0015623565176189902
0.0,0.00807678297345904,0.05215753569741738,0.01346408159060375,0.026444161043173042,0.02755850386486519,0.014061640499792305,0.0012645285121564709,0.023528610613507694,0.007566553616080829,0.05296507591662275,0.048424022535757616,0.013166212846515979,0.0034661074174482387,-1.1102230246251565e-16,0.00044436339224557253,0.005806073257056565,0.013002165380370023,0.0,-0.0010717006308404997,0.005992490904662362,0.007593177642158,0.06902051644904184,0.01860218376133438,0.012082770434427126,0.020236951117974966,0.051668298205929275,0.01660754748793286,0.0031211184808133674,0.007198757464234429,0.030225243019881665,0.0408027885487075,-0.003817218642827691,0.032686234664924874,0.031151433000064788,0.0173509770353385,0.02997358405831152,0.02266999767786454,0.01612528323339657,-0.00012174329650438409,-0.029026438425298173,0.004266083569227752,0.06356579581530608,0.00013968226768928949,-4.9991272872362824e-05,0.0,0.0,0.009860194527994914,-5.551115123125783e-17,-0.005658918551536218,0.01701212284391118,0.01879008489705747,0.017637702694136892,-0.020491523597125916,0.0002906444411560627,0.1371467299009646,0.01313589567264073,0.031578338396615946,-0.04057721406641074,2.220446049250313e-16,0.0,0.0,0.0,-0.008460402959124758,0.00017618499695276624,0.0,-0.00023309720285330515,-0.00391450507941693,0.0,0.0,-5.551115123125783e-17,-0.009473773548879127,0.004471169852381052,0.0015269912377739447,0.0006074080407171278,0.013200955304603634
0.0035056060468314776,0.007162296423862291,-0.006919234464286161,0.06433530335428156,0.005302699706828895,0.03010970005122826,-0.002999860323013026,0.048166261862279014,0.025601312855827896,-0.04901533908209971,0.00012204258227782594,-0.015509382474721611,0.007805823854923455,-0.009963573015986271,0.031653569226177736,-0.004216629384823589,0.01147293864284965,0.006705385026028077,-0.0010717006308404997,0.0,0.001347474841313312,0.011945114270467294,0.024071153797940392,-0.014589490899169832,0.025603135021325274,0.009947297789729581,0.02413512826312303,0.021789794773675986,-0.0013671497382438114,0.03685322141061348,-0.008324371703232691,-0.0016212945262231715,-0.004150883751784518,-0.0041475933497239215,0.004705371761606625,0.020960332423008654,0.013436898331046776,-0.0030684479544803023,0.023521792947463815,0.022130173031018996,0.023792660134521748,0.014262517064002167,-0.0146778117372664,-0.0006157497584466376,0.0007455828148474897,0.011925534304029983,-0.0022135395856116014,0.016854799497440176,0.0,0.0,-0.014517628615302092,0.014345385691848567,0.005797408106601287,-0.0024601643261001893,0.0003722406791553112,1.1102230246251565e-16,0.005632255972280453,0.001753067532268171,-1.1102230246251565e-16,0.007458004159954401,-0.01010139496994572,-5.40262330234742e-05,-0.010135567061362594,0.0,0.021399719541168205,0.027958913236374228,0.001358188910143887,0.019831996347132175,0.0,0.010255173130132578,-0.020959272852143718,0.01361201397035705,0.000510764352731341,0.011785008792538965,0.015153632618420065,0.026465235546459742
0.060533505609923044,0.004038637701756331,0.03429287969340428,-0.0023718900557596623,0.02002871648390847,0.01910680962047867,0.007548483968190911,0.047822848546619,0.004602230159735987,0.02401964045860655,0.01920293064215639,0.01472580638429899,0.007563022322205792,0.014983782983998717,-0.009095899069562097,-0.005185039526250601,0.025849477457744074,0.04869240472183256,0.005992490904662362,0.001347474841313312,0.0,0.0005687896244536139,0.03675169028498193,0.040441468620771304,0.019814201805336884,0.0082321310792704,0.009311694077578647,0.012412920697422059,0.002274617135025303,0.004495403149677724,-0.0071453332941120995,0.002884167127731929,0.021218298607417196,-0.004953686915123323,-0.022311078494245185,-0.00571939741982308,0.005786228457501985,-0.006275981837213951,-0.005408745598100395,-0.0011874353511930336,-0.0045714812424459406,-0.012561354754510923,0.015382291359436695,0.0,0.0,-0.06654817570624766,-0.008788726035327654,0.02911110659931543,0.0,0.0,-0.04040627631433019,-0.00018962181678572332,-0.08446222647052143,0.007986786557827974,0.017506528139758393,0.0,0.004190811584722343,0.004988937807125671,5.551115123125783e-17,0.010401539264874915,-0.013226532931707724,0.0,0.00127783078731325,0.0,-0.013636965144156299,-0.010075166582784845,-0.010364163441270502,-0.001952039674625372,0.004239570727787023,-0.06396326531558283,-0.006167568827665837,-0.02283890572099473,0.024464495487473092,-0.019274566032463636,0.020561023773276066,-0.010853726285265652
0.006696354821559225,0.007995867532457457,0.030894180865385534,0.033689651366414164,0.0020159665648039615,0.009938571011956554,0.005585501895103651,0.05188586932590267,0.027507341676576758,-0.009508255229140061,-0.0021169382257603675,-0.011710823137451865,0.011586726421093041,0.010773403625897293,0.0038482766731464113,-0.0033893585560069717,0.014338239826309607,-0.0004380109154442091,0.007593177642158,0.011945114270467294,0.0005687896244536139,0.0,0.007392594695491084,-0.032700562256121835,0.026700272448003826,0.019384494924240436,0.005795368726212224,0.02642544040760031,0.015522634873749164,0.0269267729530992,0.001731763945473197,-0.005739809943719032,0.0010978635100512557,-0.008959363980479806,-0.010651359834990604,0.007176047244947026,0.02203836087275657,0.002133099263184113,-0.004476840695772644,-0.0077250492594260756,-0.018834220313506955,-0.017663157123582962,0.027019271433644465,-0.00021943748224612092,0.0003949317263737817,-0.014686068227701465,-0.008481719570691992,0.005006418711749616,1.4322382923925847e-05,4.403365285010619e-06,-0.025820685163507662,0.013932551335682775,-0.0197177837776627,0.00944418979090228,-0.05062376843403554,0.0,0.010621408791032627,0.007848492852613242,0.0,-0.014745654984614609,-0.00644165412895692,0.002450412120450607,-0.05575707616186032,0.0,-0.003286645491699658,-0.010840699607877202,-0.01633476779234172,0.012669227583670173,0.014767788432179296,-0.058861464665585894,-0.018694006282067244,-0.009423495713496766,-0.0077218081773736125,0.00760037359453003,-0.004322618440024795,-0.021971381913195476
0.06726290577878552,-0.009925329257664761,0.048813594468562094,0.005541238476787447,0.03197754634823147,0.025069606573319414,-0.009651745494607011,0.030964155997710463,0.046645005807546824,-0.002852467345833609,0.07043403075566379,0.007005214991599729,-0.00779710064549749,0.020250575381101144,0.02145282577596619,-0.005898998598121763,0.0167941680410702,0.05475499572374498,0.06902051644904184,0.024071153797940392,0.03675169028498193,0.007392594695491084,0.0,0.04610955714644788,0.009060778034777228,0.004470509654229071,0.035708159562157615,0.006320944036988574,0.008390598359984791,0.011960036813961183,0.0005791577611635734,0.014007259214053935,-0.0006641568655816332,0.006383072505967646,0.01729002830008619,0.015926516905851895,0.00869199226027445,0.0013284217822416844,0.016305923445644244,0.017703071198114095,0.013108204164890669,0.020773209807639303,0.0158202963191465,0.012451245492263563,0.01911208335669823,0.013313992450332823,0.01740220013035043,0.06441023450399108,0.0009464814383068343,0.002580234725080288,0.011399000893524192,0.013345875914117511,0.01693281895717691,0.01848526218678881,-0.0016663670248520668,0.046049405268712595,0.026368227049921034,0.006279269483502881,-0.018342345780001157,0.007583434654225729,0.009704702934590803,0.0001314247867849061,-0.0020419933811847146,0.06311421918616122,0.020991380993897746,0.01535117681335929,0.0005652406614616301,0.029099815718327204,0.0005064849615153411,0.006700447576675483,-0.01638294508917737,0.019786600353576045,0.008911472522806885,0.010806002748994736,0.007016762802041332,0.016627810240217644
-0.016645768746484713,0.0187807552021948,0.014763962021629717,0.01224737368843598,-0.0046988498120015265,0.019951782952885688,0.014808719714150542,0.034764585371624745,0.028201471633191644,0.01919424983807838,0.02056037588234344,0.023969459629256007,0.022249025541325518,0.028417662990861015,0.025265602603899595,0.00755433492798685,0.01707598032009977,0.00018196838632944523,0.01860218376133438,-0.014589490899169832,0.040441468620771304,-0.032700562256121835,0.04610955714644788,0.0,-0.003350260255521209,0.020594112300608924,0.03388398617464056,0.029645731041372414,0.034640104041715636,0.008890268585026062,0.02644609747581328,-0.01648979381163873,-0.015966982718645745,0.008719994451613255,0.057914711957285425,-0.0142667400845638,0.01744295345762431,0.0027933766992113696,0.1201270108374562,-0.022137393813704664,0.02662154550154039,-0.04965746568649787,-0.0002606745822398282,-0.017694832417208678,0.012690528510768906,0.05855889687448412,0.02197038509759519,0.0,-5.551115123125783e-17,-0.0005191038304871443,0.0034601173383710937,-0.00044482116538147043,-1.6653345369377348e-16,0.0009247390015261758,-0.0009179588404195083,0.0006802891221470708,0.003433080650458775,0.014418303236016006,0.0,-0.0016628065849633167,0.037308186179214275,0.01200015733927251,0.03598997686708488,6.32593325637365e-05,-0.0017374856793896387,0.07795243393265716,0.02757828379355237,-0.0016592630761878557,0.020652274705806606,0.020757344239170195,0.030468859050938824,-0.005400203385108104,0.0354734429162088,0.014199385859743785,0.0,0.01632738434355785
-0.0008594894980263335,0.021451577067628957,0.023881454694334503,8.641531312131301e-05,-0.0034230261837221443,0.028110203953489732,0.020778512309275077,0.033189874797216745,0.024760129238756534,0.013417670760890121,0.011836725560320893,0.019585971616422504,0.025815834296436746,0.006212566226237337,-0.0044711577399495495,0.021184543456008176,0.015831917231210246,0.015357604382639556,0.012082770434427126,0.025603135021325274,0.019814201805336884,0.026700272448003826,0.009060778034777228,-0.003350260255521209,0.0,0.02635765092848741,0.009161490698395114,0.021072271238600004,0.030962773336008498,0.04889424186659658,0.018070464925302787,0.028795109735650637,0.013066503128361051,0.024915490368533744,0.030997196825980344,0.02373717507396572,0.0012287698433415817,0.0015111705516628327,0.009020111778094142,-0.017550267962453514,0.006781199791629888,0.020184050663718645,0.0008488911101043883,-5.551115123125783e-17,-0.006737401269676646,0.0042525699087352375,-0.005360313826967111,5.551115123125783e-17,0.0,2.220446049250313e-16,0.00431703240625364,0.012361078697115058,0.019871532727510632,-0.0009491755216965436,-0.03149562345894741,0.0001850242784321443,-0.018111730380964253,0.012228912237486733,0.0,0.01495283892219873,0.006158876883609943,-0.03921845371659877,0.003870517376796445,0.0,-0.015034300857937166,0.00466289900050082,0.01654726197096207,0.010723935094194004,0.003331794119609044,-0.00989697674355905,0.0004995115645437531,-0.0036567530864912157,-0.026062386093513967,-0.019296727587892193,0.0,0.0008499042949297597
0.0018679118565774755,0.015991861724898304,0.011936204514985893,-0.004847220585086465,0.0017918424022607682,0.0006113619598304143,0.014617716176970608,0.03143699716555576,-0.021375910293883582,0.037218232764906545,0.013178309098206886,0.02507476588563956,0.029298760395040035,0.02081781000407834,-0.017074205114202934,0.0019484881618663241,0.01532058221474153,0.010209519071598006,0.020236951117974966,0.009947297789729581,0.0082321310792704,0.019384494924240436,0.004470509654229071,0.020594112300608924,0.02635765092848741,0.0,0.001529185643701081,0.024573148219986074,0.00796582126751083,0.0056042011519055746,0.01685482366682839,0.014107110333671125,0.003776511693285023,0.013323849313245817,0.0066635872073453895,0.031029912544940197,0.012684082821512288,0.009960943161675673,0.002643089423266687,-0.0006912924575463997,-0.0015197480874873937,0.007277704244416261,0.005338869365752008,-0.0001235171146569125,-0.008239379427275206,0.015493746714068501,-0.0019898310303526068,0.01508199329226595,0.0,-1.029506081351439e-05,-0.03126218045026147,0.015528364979537468,-0.040639663398777726,0.0073905524356285834,-0.005480062063040747,0.0,0.0033099605819210676,0.017842495948151404,0.0,-0.022744674255461506,0.0003711174685571139,-0.011711749673117944,0.016216246034590154,0.0,-0.014937051626748687,-0.012129740056627702,-0.017952426977715374,0.004813981780482812,0.04117490131514401,0.008268682565035157,0.010440447980848977,-0.020054729071640243,0.004677131675284496,0.0010140699895097582,0.00047656463536333016,0.007504604687160521
