0.0,0.5902971940753087,0.4470048952751987,0.0,0.6290079693623452,0.3429003512240624,0.5675029121336668,0.8182209362904738,0.3408996088970656,0.599618965623847,0.3963886694919183,0.5096375286887849,0.6488859203716453,0.5551150858953728,0.4074766213693639,0.49527040037422565,0.3224941385415553,0.1861198831548182,0.0,0.8355841145790683,0.39127466961274004,0.7569950919008607,0.6219956797889782,0.16375942786202022,0.5288092136595587,0.4685913330211219,0.7323661988819463,0.5598046050411591,0.7786384438620506,0.6262517645339899,0.34865052646171224,0.43925967738357186,0.15698790710654614,0.28092413494293444,0.23959542061449446,0.7247544732038875,0.44432811995614596,0.5431129987203884,0.7987049105627477,0.8747163764828987,0.7117853987560389,0.5874748903591654,0.473905477708496,0.0,0.5532798945256395,0.5729643769626486,0.7230633736334096,0.0,0.0,0.0,0.48482839192998345,0.0,0.670507133809056,0.0,0.4788894258258898,0.0,0.5200509058851455,0.780601927397141,0.0,0.6522760205943012,0.7607818784276513,0.7431351500562853,0.6429328809588233,0.0,0.5970235099467558,0.4505336593771044,0.7153048394843466,0.48421139919904677,0.6210821960413604,0.6945895071658958,0.6671197849271282,0.5600431205118245,0.47691217822729726,0.6660053042660043,0.0,0.6280281127642529
0.5902971940753087,0.0,0.551073314833552,0.38937990043362936,0.35261673607726085,0.4485672090189874,0.5104079849345822,0.7813378776645716,0.3071154056147373,0.3409700316698513,0.4715815752651964,0.4035153541961279,0.5717457003192326,0.4419744015656426,0.6220500210852858,0.38091014572548254,0.25383246678117666,0.2828707521585765,0.6951529987694999,0.49091451472119074,0.6536246052236445,0.6124808974778181,0.7773248666058522,0.41655951378486855,0.3386350366267522,0.3592791849736677,0.5429467454182638,0.4239753819620794,0.30959234208817166,0.320929342750924,0.41069913693401444,0.38631794785462364,0.11982358545765234,0.39894176625232936,0.4241007518634272,0.44368077901025194,0.007659942029939262,0.0,0.6842245495778848,0.6392179501134203,0.49847566624983053,0.8172932695083546,0.5926702840909706,0.0,0.0,0.6353729102715712,0.5711012370458806,-0.023064691643718098,0.0,0.0,0.6884434886729497,0.7176686807389768,0.5803095363075894,0.7909806945257589,0.7042554193745247,0.0,0.7142869259869844,0.7614861897729951,0.0,0.5584150279512297,0.5787418531652623,0.6080876831239712,0.6969437034648533,0.0,0.6904088983987838,0.7403098401051376,0.7704852163676991,0.7438792111381596,0.5188574212454191,0.5626299343296228,0.6074469001930498,0.6159638748894217,0.834775746698195,0.818296524440216,0.0,0.5966028403415451
0.4470048952751987,0.551073314833552,0.0,0.8688679987736775,0.4058214034751541,0.2307492714611174,0.6914109407129865,0.7522002677404833,0.13888498208129044,0.65209869590762,0.45567489505535774,0.6937294067122333,0.7751473404866408,0.7497788341746048,0.7114418790285322,0.4714051447214447,0.7167522114001539,0.697665297609152,0.5317558569208612,0.37718294680440456,0.47174163368776356,0.38994242593348694,0.26574587807055794,0.47220686792093514,0.4667944698067883,0.6779493976913173,0.4448615672677997,0.6357427514588628,0.6793514100899836,0.6658185372036881,0.6549276122029171,0.6314197016012241,0.5098675200198547,0.6461775357775653,0.6398099361283232,0.8205382171784938,0.6158076887452466,0.6413525178541666,0.8573513970576663,0.4689276872653557,0.7479293030605003,0.9314125974055172,0.8116592576682264,1.0680376679660688,0.0,0.0,0.3949518998577975,0.46970546674487246,0.4680540071248098,0.08696425874093289,0.7924835134924253,0.7837017603733185,0.8624984188400799,0.779135016734559,0.39101259720485115,0.23840602281913942,0.8977647099870834,0.752971876250482,0.5865778024468888,0.38684496134202884,0.0,0.0,0.0,0.04555518903182543,0.9275650155733575,0.42953495077699044,0.29556440587866195,0.8016581342671094,0.0,0.5400041466439026,0.7219235802702917,0.8598569024392897,0.7132440285779225,0.7398418056934863,0.6830000915961796,0.5374974919591702
0.0,0.38937990043362936,0.8688679987736775,0.0,0.6819446016532593,0.658016087529325,0.4027788216851048,0.7657648343999113,1.0267195289906466,0.29692557190680235,0.5480945423934108,0.4969437186850062,0.38036148367832323,0.6882975340972315,0.456382110179943,0.23244164581521723,0.7158377505587656,0.4725102625992269,0.48105667990602996,0.7344270600103412,0.4222953447401474,0.821966743440149,0.9059377739413772,0.41798361290387487,0.7807773833877334,0.5113389686503264,0.8334893243696417,0.477189337079026,0.6048822270406095,0.30994991371218134,0.5549213921028151,0.5556961303290422,0.3632641953510815,0.4149654896528704,0.6296867645589161,0.5117845349476942,0.43590220887504505,0.41475718572536435,0.3024822597551239,0.36957973343721895,0.7026650888636629,0.5990644279216809,0.461634838751832,0.2654904067518019,0.0,0.0,0.0,0.49146662701934385,0.0,0.0,0.8824085031584326,0.0,0.4717007843067668,0.34471064699960957,0.0,0.2692175273406378,0.36462573140462273,0.49753912128376965,0.0,0.0,0.0,0.0,0.0,0.0,0.0,0.0,0.4554461483903048,0.8092494444269962,0.0,0.0,0.0,0.6321047498661213,0.4088972127198532,0.6955436483257759,0.0,0.0
0.6290079693623452,0.35261673607726085,0.4058214034751541,0.6819446016532593,0.0,0.44920951956602284,0.5097540484541767,0.7604444662564798,0.39112629284173456,0.9051890654198109,0.31771827116657114,0.586420331704331,0.6941753743674111,0.49733506644390246,0.7686334172006883,0.4830965019618762,0.604631508128643,0.44381125106875785,0.39573605033698384,0.539081549951014,0.7166069238286843,0.4225820168619744,0.41207924642531824,0.5036775561344011,0.2796766465780627,0.4857627367024462,0.4716989042704036,0.7769029292792863,0.43854955068570983,0.47935531783393703,0.5917712559531019,0.5304365115813738,0.31593994685740523,0.6302677470139952,0.5788048456115487,0.6042048049721482,0.027727664810973107,0.5730208055633423,0.36076577484907096,0.4110954888776558,0.6279494475852362,0.4497787664578989,0.7933474965876741,0.28013481778106697,0.35507125317347704,0.0,0.5342297940052259,0.7075761845878734,0.0,0.7431459233239281,0.7536500057955673,0.8405157472711929,0.555381715599949,0.6319926015238804,0.0,0.5924158140399325,0.3891243213494109,0.8792331418684871,0.5647812384478197,0.34975407318735685,0.4970898416276096,0.0,0.0,0.634840895767553,0.6852818814413285,0.4408961700818011,0.7573473019164554,0.818452793898479,0.0,0.4696943499197921,0.785571185107462,0.7181362722778357,0.7853339314783112,0.8328998409831847,0.0,0.7316687073480098
0.3429003512240624,0.4485672090189874,0.2307492714611174,0.658016087529325,0.44920951956602284,0.0,0.5928878551373475,0.6412758083549506,0.4329700921766268,0.5880230872497028,0.5844209184736353,0.708253527824821,0.618207249891624,0.776668153848921,0.7043866788433014,0.5052745307938019,0.5880692123850801,0.7326662532222024,0.7764685834307106,0.5089176989081654,0.8830226624362952,0.4738039162600292,0.46823848332055207,0.48806294108170656,0.3161658095171165,0.5436082251874643,0.47469566292479126,0.48651588570185067,0.4192983038772705,0.6667855536620216,0.6991077929001686,0.6500420031749797,0.9273270774570209,0.652229931297353,0.5708996662002903,0.7021188418748203,0.6920811473809894,0.6003386776326982,0.9427446132114777,0.2828325021473743,0.8131396307533183,0.551834293668956,0.9005641183283956,0.8599783228438187,0.44166766374369876,0.6658347050209765,0.6408509219234919,0.6882645575076731,0.797027450092731,0.6856963575012138,0.7063257434725635,0.8213687091226627,0.8321023087850261,0.7493711473846927,0.7980597989365648,0.7851531019913437,0.39246766318687965,0.7780468645305536,0.8092885965126873,0.7389416009425946,0.7223993277236048,0.0,0.5741199362018412,0.66836238272615,1.0462757976286479,0.5242370329536421,0.7427770034738299,0.7736902362261096,0.5063592109473043,0.6304620562239468,0.636223391924349,0.7640743606535468,0.7459306128171741,0.9052338910714206,0.5203931385999063,0.7264795106621202
0.5675029121336668,0.5104079849345822,0.6914109407129865,0.4027788216851048,0.5097540484541767,0.5928878551373475,0.0,0.7943681907625639,0.6333912660057324,0.5802504076552911,0.4747055684806972,0.6591212258811014,0.7524072941062767,0.3450087411823368,0.5712305570116942,0.6433320512715289,0.7600135617396537,0.5569127046364897,0.49961056063056775,0.5537424585579966,0.47648841301136835,0.627441607023399,0.7056090779724928,0.5693374974684104,0.5073671602501788,0.5725764502694494,0.5861551297692293,0.2916450566983615,0.6918779459053379,0.4067735638321446,0.6744047561782479,0.8098682596601751,0.5553985150527898,0.42712336332162093,0.35911123119920807,0.40372776412352335,0.4675122088020064,0.5424616379678127,0.7276777101208876,0.32724373769919923,0.6965526330501977,0.6158769207131803,0.6654763312775556,0.8396274099244794,0.43954463759199935,0.0,0.7340958385782661,0.632680090158215,0.0,0.6531378531326362,0.8259542566136909,0.7906910943477894,0.8637554444497397,0.8393528294251668,0.6467790172559417,0.6642281369265107,0.6004478544126994,0.690288025564057,0.5152822353047083,0.5982312649844852,0.6712922074119474,0.0,0.4945692058806235,0.8627880640986827,0.8616213549137125,0.6725508123757424,0.7552988375319831,0.8364517559137163,0.46892951072618566,0.7109465813689286,0.7975689431947885,1.0556254223272155,0.6848560705540131,0.717985454945103,0.8004507511732053,0.7299850902631319
0.8182209362904738,0.7813378776645716,0.7522002677404833,0.7657648343999113,0.7604444662564798,0.6412758083549506,0.7943681907625639,0.0,0.6756956972920927,0.5175869865650419,0.702643310727272,0.49123709953746314,0.8901278972480857,1.0067856096475787,0.691484543885561,0.6632297114414798,0.3604306730079835,0.6338471708902808,0.7366659467922964,0.362295419399941,0.7685353195458624,0.6100185647037483,0.7324901446999461,0.5429517628951909,0.5778444414694828,0.5352178917476074,0.6316713872964059,0.6466406003939543,0.6150596817938144,0.7423997819796488,0.729556963200686,0.842498979280218,0.4980890250615648,0.6507234961554549,0.4546281622976982,0.7347395861974557,-0.10248496647047467,0.6725037571393662,0.9916973582450073,0.5891638031770142,0.9822062050581332,0.6387633657968285,0.5554027484423669,0.552411154641331,0.0,0.7408901521651545,0.5870379708984299,0.5630843312934577,0.0,0.7069295841368003,0.6841232831736421,0.7401122000594706,0.553162523550634,0.5290892585844877,0.6486488277658218,0.7517586799392839,0.9073748570188189,0.7031901563564602,0.7295584159364551,1.0641896288729453,0.6922660967550656,0.0,0.597363863026606,0.6489400997697174,1.010171893914856,1.0565604981070038,0.7478852321318117,0.6448740754878852,0.0,0.6374863891732485,0.5772275882189355,0.7584333525011606,0.6927159999907847,1.0176299563751874,0.5782786362981818,0.6481275953056533
0.3408996088970656,0.3071154056147373,0.13888498208129044,1.0267195289906466,0.39112629284173456,0.4329700921766268,0.6333912660057324,0.6756956972920927,0.0,0.6754762726815279,0.17897199034802877,0.6932288357338208,0.4800210342331706,0.5747271515863641,0.8258356351272115,0.5130477540761248,0.626136094187931,0.7842894804188697,0.39492714059408707,0.36107361011987604,0.48050464706227525,0.3525018254104438,0.5038813978330484,0.6369915600067211,0.3978353751062986,0.5969223757311202,0.30450708583800273,0.5654949567134983,0.4474351987049687,0.5869021377303691,0.5882432624485687,0.6161280199764674,0.8367663519962306,0.5892162799817179,0.5389196720622504,0.5087199341550661,0.717609692115482,0.750916634956706,0.8633478662690028,0.739427575530301,0.7360063100428251,0.7233287380960459,0.7060346238004263,0.8123836320776481,0.4481669177539024,0.0,0.6474215819849974,0.6635239660432577,0.4666160289203466,0.8414981926743317,0.7085993154928052,0.8406512037629186,0.7920500012341452,0.5825583867024695,0.5365468253885162,0.5996695143574229,0.5679124600112191,0.7638233450040307,0.7624283216220797,0.6839155870785769,0.7573529412519365,0.0,0.0,0.6906568172530922,0.728851895875715,0.5608109410377728,0.8023862346923617,0.7715782848797632,0.4135461541935931,0.7039875363668606,0.35686879044569153,0.7181851772694643,0.6455434291433912,0.6605231530000324,0.7869194388298879,0.8828817052152808
0.599618965623847,0.3409700316698513,0.65209869590762,0.29692557190680235,0.9051890654198109,0.5880230872497028,0.5802504076552911,0.5175869865650419,0.6754762726815279,0.0,0.6788923211329767,0.3692914716133421,0.6312933834500758,0.7145695281301154,0.45997753599492935,0.17356972180752112,0.5312289986911244,0.31537167013176165,0.5824081673311784,0.8084749147554788,0.6470184701287067,0.28027774796994914,0.4731251447819603,0.2631531377133218,0.5556342538453097,0.44667970158249776,0.5523225488522934,0.7290230472815535,0.6231194312559877,0.49584910845860064,0.5939945876065416,0.5348263767066505,0.6237404844156365,0.6309385403730037,0.264929748222682,0.6670837256450137,0.5813974738338079,0.6305782234598749,0.7306939624669843,0.6266998266327695,0.5987160527557296,0.3052833663635831,0.5112736733113526,0.5003739511727295,0.69729893101436,0.710841682367614,0.7599180361598621,0.37111390548423207,0.46141655433673767,1.311927493372341,0.674672943330817,0.5478162508427027,0.7002086739421143,0.3265771557138127,0.516905322716452,0.6652505623242329,0.5603773218038137,0.8919298906422731,0.0,0.5876292060680779,0.5175000307673332,0.38056262075802927,0.46157242180932645,0.4679211515508582,0.4756513225611686,0.6656310970350299,0.489175980671084,0.760479741475045,0.4278083564405393,0.3964607209125213,0.4776756145017109,0.8717123814900938,0.7141216947906239,0.7344035214802409,0.0,0.6262206282816021
0.3963886694919183,0.4715815752651964,0.45567489505535774,0.5480945423934108,0.31771827116657114,0.5844209184736353,0.4747055684806972,0.702643310727272,0.17897199034802877,0.6788923211329767,0.0,0.7183923664686405,0.5205855507831223,0.547788031382775,0.0,0.4678219785855426,0.6002893197772747,0.4286766398912287,0.597556750693305,0.49654298443139944,0.621867944361834,0.45073553732332017,0.5784707908696627,0.7521730917135976,0.7031808592794293,0.7462325766928377,0.626269082461776,0.5007504706188395,0.6743947439213318,0.432870816457655,0.5877876410882087,0.6220767859508883,0.7932310426580834,0.604838966370413,0.6073768907778772,0.670054676092641,0.7727363121664299,0.6780347666550274,0.7921012779583889,0.4793042303637751,0.757269788180347,0.5232430411013519,0.7664873225412971,0.8044642222527048,0.24509074611776388,0.0,0.0,0.4248368750044399,0.47139011621158755,0.5032152554382534,0.8475635021409053,0.5186137504382666,0.7484445068892587,0.7719308248451633,0.641124613970181,-0.05466423522294611,0.6547254435920637,0.6160412832627569,0.8797950631301568,0.0,0.0,0.0,0.0,-0.0647967163259201,0.5480527847013001,0.0,0.5644328118477344,0.8042699513274897,0.0,0.0,0.9468368230389972,0.8457112265978315,0.5575866547196093,0.5054461108082836,0.0,0.7992138417683863
0.5096375286887849,0.4035153541961279,0.6937294067122333,0.4969437186850062,0.586420331704331,0.708253527824821,0.6591212258811014,0.49123709953746314,0.6932288357338208,0.3692914716133421,0.7183923664686405,0.0,0.7624914717896765,0.8845131448510758,0.1962527317790588,0.6880832492928827,0.4304959307119588,0.4732601622628544,0.6714777423242744,0.36731251942977433,0.6271831352644245,0.24829273360399132,0.14085287863138485,0.3142896468721716,0.5285937530762775,0.4638684737365295,0.39881790609250656,0.8552489078142507,0.6459488596713732,0.5660407955318024,0.6191825610447004,0.7171919935973257,0.8636594520700157,0.8247909073372113,0.7656979287866927,0.200476788456345,0.13450941920230994,0.4641585750418463,0.2733796684054578,0.7338525642069971,0.7385178476774017,0.1330417683521172,0.4351747233300903,0.6062023820426888,0.7399664988242609,0.5285555716282757,0.6733577175818128,0.5630150323468872,0.42567479484974013,1.1512100926578945,0.40741277140162896,0.6185264857487791,0.3589536108594171,0.43050491657553647,0.61474025253267,0.31310471404257534,0.7128024840006392,0.9050637455838366,0.5269296902895185,0.5131916248174805,0.4981247251454441,0.4028874068421312,0.5275570789922559,0.4851316157486721,0.8315946657984419,0.8293115570192813,0.48015300137888106,0.45520514957459324,0.5026614058427099,0.47253600571008647,0.5819343137326038,0.49726740141776843,0.8938289858377946,0.5801414827844691,0.0,0.6796426523410959
0.6488859203716453,0.5717457003192326,0.7751473404866408,0.38036148367832323,0.6941753743674111,0.618207249891624,0.7524072941062767,0.8901278972480857,0.4800210342331706,0.6312933834500758,0.5205855507831223,0.7624914717896765,0.0,0.4473920474975418,0.5760197209522177,0.6490805018633984,0.485911302342907,0.5732800311117398,0.5885788130856641,0.546712094115509,0.9003118931116982,0.6065540531203795,0.8115193433461962,0.48909759647532053,0.6117231278581007,0.5503572792550874,0.6547779639049163,0.5754074828429332,0.6001846373598099,0.5613943354021118,0.4948479192224309,0.6828508021352082,0.7626793655911197,0.4545233286365996,0.3801242977967337,0.6381146376562242,0.48618492512749056,0.5631247740267806,0.5092390104328784,0.4872149597733008,0.6790615595994145,0.8562941449203645,0.7320452910968096,0.8491411240084897,0.4468683545681428,0.6236537725479256,0.8217404269096081,0.7741483597325454,0.0,0.8661570721798295,0.9315087008181653,0.8516862697816261,0.8554699841629718,0.848862113419279,0.7829233446224666,0.702466920630727,0.7644004196624217,0.8194777269738214,0.7808811860124265,0.6627138854475647,0.7809516040909257,0.596841302045688,0.6481782589818423,0.8002135419476604,0.6293881107159044,0.6982992042636212,0.7589255454840572,0.9282030183789213,0.6009790669710455,0.7385906406834882,0.6901726696429396,0.9154300545357642,0.7854881016243143,0.951958774414862,1.0516913979552505,0.740181885813938
0.5551150858953728,0.4419744015656426,0.7497788341746048,0.6882975340972315,0.49733506644390246,0.776668153848921,0.3450087411823368,1.0067856096475787,0.5747271515863641,0.7145695281301154,0.547788031382775,0.8845131448510758,0.4473920474975418,0.0,0.45255273646251015,0.57370972468692,0.4566187999597727,0.46588495908671995,0.6620290363374197,0.5084564470337932,0.6107051525460896,0.32450226732435417,0.8487055882107841,0.6994739883135473,0.47538805067374523,0.49576492037872444,0.8347207589233745,0.6888838055337333,0.5901145446894523,0.7765448301870277,0.9354904728705602,0.4615941992475563,0.2983619241865901,0.8089835326546687,0.3608675262781989,0.5496992265961912,0.3225606311190702,0.2844348228333689,0.5723662099141797,0.0,0.6650449789607106,0.6421870773389595,0.86840020712975,0.46730823138498734,0.0,0.0,0.0,0.699330226153619,0.0,0.6736418143388543,0.605370956781754,0.7572886642398373,0.6633221711476882,0.5724797166686624,0.0,0.7794655006904043,0.34966452432757533,0.5141825720672601,0.6324442518422089,0.0,0.0,0.0,0.0,0.600383183455208,0.0,0.0,0.0,0.7164049875283658,0.0,0.0,0.0,0.6209520846657551,0.979619398412847,0.0,0.0,0.0
0.4074766213693639,0.6220500210852858,0.7114418790285322,0.456382110179943,0.7686334172006883,0.7043866788433014,0.5712305570116942,0.691484543885561,0.8258356351272115,0.45997753599492935,0.0,0.1962527317790588,0.5760197209522177,0.45255273646251015,0.0,0.3614882155071022,0.5659115315125702,0.1279436756487647,0.0,0.6373643523441223,0.647466194646761,0.7124967816023138,0.763728072021923,0.42965477908635125,0.24662496556580854,0.4408201943321006,0.5078776438668786,0.32136483908034935,0.6297703185133618,0.6686633867362481,0.49016624710747747,0.4802356779809591,0.3890103290992264,0.5153385512582392,0.4215433645680209,0.6401058282217318,0.4851544479031651,0.36235717753519736,0.7311955931128926,0.8253800733619254,0.7807430498935175,0.7163348937512033,0.2798941415210395,0.34564086765118496,0.0,0.8817257696305487,0.949736975590266,0.5947372451084906,0.0,0.0,0.7320109807976007,0.8314290323536686,0.7484590834628613,0.5674553284762256,0.0,0.0,0.9055545744637252,0.6069256466104056,0.47021252521926804,0.831783441507211,0.8247308787108504,0.5501961771856516,0.8539649596945474,0.0,0.7300239859034634,0.7443638364655781,0.9501772113985271,0.9262649590444256,0.45185874869016857,0.7849087421267412,0.725353231807992,0.8883586145152014,0.6392486358199915,0.8461691367204779,0.7172824477028348,0.7388068507856237
0.49527040037422565,0.38091014572548254,0.4714051447214447,0.23244164581521723,0.4830965019618762,0.5052745307938019,0.6433320512715289,0.6632297114414798,0.5130477540761248,0.17356972180752112,0.4678219785855426,0.6880832492928827,0.6490805018633984,0.57370972468692,0.3614882155071022,0.0,0.07194098535372762,0.3782195936366606,0.4996919447674204,0.2262876953831738,0.55444057551607,0.27671983975422826,0.46972954284266255,0.49248013797109313,0.48062150377641283,0.20382854582082488,0.5130506789366747,0.5206920863470798,0.446507842695868,0.30094989477994927,0.3038647521933765,0.5098598213577079,0.13156443983276245,0.2674080917781591,0.5110832601809066,0.7262695495382823,0.6383890502960344,0.6378659982540673,0.6525831138972602,0.5485002745510106,0.5146921624749241,0.7079766083148604,0.4712306237322934,0.0,0.0,0.5044624438266563,0.5047512163619154,0.0,0.0,0.0,0.7574346185835887,0.7881010539520716,0.9578493491402505,0.0,0.8385553481601553,0.0,0.5822571102955043,0.6661178590948096,0.0,0.5912365141651317,0.59970042304567,0.6964013156603921,0.6431799170245757,0.0,0.6126270841076566,0.7396540343825098,0.566114492508669,0.7876337279228696,0.46884784357217973,0.6723312165901099,0.609435909800528,0.7390263252273164,0.8691937493580675,0.8519784539405231,0.0,0.4590484463697263
0.3224941385415553,0.25383246678117666,0.7167522114001539,0.7158377505587656,0.604631508128643,0.5880692123850801,0.7600135617396537,0.3604306730079835,0.626136094187931,0.5312289986911244,0.6002893197772747,0.4304959307119588,0.485911302342907,0.4566187999597727,0.5659115315125702,0.07194098535372762,0.0,0.4417082944626797,0.7281290029854521,0.055428467162106615,0.38288325612999097,0.27564046038197076,0.5457827501037138,0.38495787646386165,0.4758519184626254,0.36109390439276917,-0.2618725249040495,0.4794874556703954,0.21176044834818497,-0.17425257901426278,0.23123910622015248,0.40475178060931233,0.4315810104028006,0.4001334278168427,0.5903828991338564,0.6517897299523483,0.3476109328646012,0.49581286330694735,0.36070282428094136,0.26359350645683594,0.5181863293961336,0.8077556478353287,0.0,0.0,0.30198404654668015,1.0170699022989207,0.549934949152572,0.0,0.0,0.0,0.0,0.0,0.0,0.0,0.6193601245940021,0.0,0.4717044662057288,0.5007425489952052,0.0,0.5707427565303057,0.5270570468722705,0.5416845036438029,0.5151929528025724,0.0,0.0,0.0,0.7643344044205639,0.0,0.6329204837245321,0.6885701885574065,0.526989388302258,0.0,0.6183122161114294,0.46640883303510994,0.0,0.804363011621192
0.1861198831548182,0.2828707521585765,0.697665297609152,0.4725102625992269,0.44381125106875785,0.7326662532222024,0.5569127046364897,0.6338471708902808,0.7842894804188697,0.31537167013176165,0.4286766398912287,0.4732601622628544,0.5732800311117398,0.46588495908671995,0.1279436756487647,0.3782195936366606,0.4417082944626797,0.0,0.7337400490487804,0.14073519289628939,0.019673646113971932,0.12807643272057564,0.12558937010357574,0.4354503925850925,0.46845912161126735,0.23886890612201295,0.4872619415445666,0.26042607615466473,0.25492488626620624,-0.04696072377771915,0.23651122381793538,0.425073999975799,0.3722678228019375,0.4058299938777542,0.5451137301769996,0.5639008119768385,0.3966098049285523,0.5649746136287911,0.5248902483203406,0.36807884490191634,0.323481949936129,0.588424926626102,0.0,0.0,0.4230822095798669,0.44181413699739674,0.4330533829522891,0.0,0.0,0.0,0.743340018387123,0.49475424763699577,0.6272225202667063,0.0,0.6478776250700429,0.0,0.634948414561547,0.8211241115681794,0.0,0.5775565137126314,0.43252938164105414,0.49064211959945686,0.2616228298946227,0.0,0.6876474793011773,0.922039999108627,0.16225131540230142,0.9560871343791925,0.6655329591966179,0.34735240936820333,0.41276754405668936,0.8080359660730934,0.755844137556789,0.8352100279559544,0.0,0.3477621787223609
0.0,0.6951529987694999,0.5317558569208612,0.48105667990602996,0.39573605033698384,0.7764685834307106,0.49961056063056775,0.7366659467922964,0.39492714059408707,0.5824081673311784,0.597556750693305,0.6714777423242744,0.5885788130856641,0.6620290363374197,0.0,0.4996919447674204,0.7281290029854521,0.7337400490487804,0.0,0.4586901481178295,0.7016145829746319,0.736993127349776,0.6606904605143877,0.6518332359937622,0.6692062398020231,0.6665749268531722,0.724755065010741,0.546158506164268,0.5636898981931262,0.5822662120150645,0.5571411169970196,0.6299891874557142,0.6970014651696698,0.595684419174949,0.5121946670753545,0.7355158871614245,0.5279206191704435,0.5677576449800448,0.8065457956252038,0.44358454682116116,0.45589015517227927,0.5154121759769954,0.9109608192717882,0.682435657687255,0.05076217137678486,0.0,0.0,0.8454947470897576,0.0,0.5199328564614799,0.7805558267225119,0.7780657106919987,0.8404052482766204,0.8089214471931621,0.6501908891637427,0.2650915924750079,0.7018628065847219,0.6904237307298744,0.8686721477468263,0.0,0.0,0.0,0.0,0.8139273666463429,0.4729247199123807,0.0,0.44437798223414615,0.8354528239119843,0.0,0.0,0.0,0.8524816383393053,0.737097466568382,0.7629321181454636,0.47386855401338435,0.7525001939769516
0.8355841145790683,0.49091451472119074,0.37718294680440456,0.7344270600103412,0.539081549951014,0.5089176989081654,0.5537424585579966,0.362295419399941,0.36107361011987604,0.8084749147554788,0.49654298443139944,0.36731251942977433,0.546712094115509,0.5084564470337932,0.6373643523441223,0.2262876953831738,0.055428467162106615,0.14073519289628939,0.4586901481178295,0.0,0.7589261132822427,0.5177796311952184,0.8080185430897089,0.3404708520535291,0.2554414735620804,0.1875113637547406,0.48602364024025846,0.1692936838705758,0.5838421836244241,0.8137642060427486,0.5002500922938256,0.5803222203409261,0.43090118292594615,0.6687891273582682,0.5689470107739407,0.7266997337442167,0.6914001111959773,0.9170976435971169,0.6891496101714445,0.7282569995133338,0.7484658735125072,0.6930639495618686,0.3403021871173291,0.2885230534570165,0.3439016040372487,0.6066560390506708,0.8195125729401227,0.8410023297746199,0.0,0.0,0.6510462394166538,0.49606091518663414,0.7142824401009228,0.5762126600397965,0.7733597710047149,0.0,0.5285639273153127,0.6824412045701461,0.0,0.7428055644245658,0.4003918538899901,0.47209445184090504,0.6464356671230462,0.0,0.7357525666892655,0.6803212004947123,0.7826280335211547,0.6920114648214656,0.0,0.8244090319271968,0.6080191404147567,0.7508297573763547,0.5870055734576813,0.7867898479952871,0.555616586453222,0.6573841951205126
0.39127466961274004,0.6536246052236445,0.47174163368776356,0.4222953447401474,0.7166069238286843,0.8830226624362952,0.47648841301136835,0.7685353195458624,0.48050464706227525,0.6470184701287067,0.621867944361834,0.6271831352644245,0.9003118931116982,0.6107051525460896,0.647466194646761,0.55444057551607,0.38288325612999097,0.019673646113971932,0.7016145829746319,0.7589261132822427,0.0,0.758390913354388,0.7072136015228567,0.3567890300884872,0.2379477791938186,0.3911944714861455,0.6501938853331011,0.6706113662980421,0.7216046290629812,0.8191041970606884,0.6606075078117665,0.7436173501658674,0.3385727734216136,0.6451898586612005,0.6785833593057293,0.5152330234660232,0.37253792941933406,0.5100031472262495,1.0124544767104342,0.8444342868258529,0.7191224311044702,0.7518879032472968,0.6712837923625447,0.0,0.0,0.5744525412930541,0.8123776790833797,0.7495727549043966,0.0,0.0,0.8687395752307397,0.4522156650826805,0.6585098243411112,0.6366003896495038,0.6012643217414965,0.0,0.7368463769052569,0.8968747683556673,0.0,0.7981826540856782,0.6730997799823458,0.0,0.7705436188829957,0.0,0.9646058667047357,1.0488023099876909,0.7368343665117082,0.9558380069878382,0.5481781123300936,0.5417082340707357,0.7304468026811384,0.8850228290089837,0.712780319891518,1.0190784526481054,0.707020800428986,0.7311397733376593
0.7569950919008607,0.6124808974778181,0.38994242593348694,0.821966743440149,0.4225820168619744,0.4738039162600292,0.627441607023399,0.6100185647037483,0.3525018254104438,0.28027774796994914,0.45073553732332017,0.24829273360399132,0.6065540531203795,0.32450226732435417,0.7124967816023138,0.27671983975422826,0.27564046038197076,0.12807643272057564,0.736993127349776,0.5177796311952184,0.758390913354388,0.0,0.7422673611659238,0.3605797584916369,0.32751642615386867,0.43147911851660237,0.4499824123599412,0.5791702707365927,0.42837596667132016,0.5721495756769212,0.5940706099267257,0.42400862961465946,0.3152566478157837,0.6043629790834218,0.4853532390313017,0.6628059599360154,0.8959294359358821,0.4329813682053567,0.7450279971422645,0.6183120073025172,0.7081328180048747,0.8013397666749833,0.1041373962937677,0.4399705047286011,0.3866759857926212,0.7064289837803812,0.8759916853564507,0.7132929423808587,0.4702399435642935,0.40043054967856573,0.7712968377561906,0.7626594508738165,0.7941576976998834,0.6946751380488883,0.5311370754290095,0.0,0.7016122327029697,0.7110670820147679,0.0,0.7711351770335202,0.6742773212865565,0.6281850429222909,0.3544046922150802,0.0,0.6630901288380404,0.7442419065148824,0.7765167453344424,0.7789810932288292,0.6906237366525448,0.49919101949635936,0.7497199985834831,0.7917621225965399,0.5684824682245521,0.7916123143191836,0.3758707892405876,0.8017732544538831
0.6219956797889782,0.7773248666058522,0.26574587807055794,0.9059377739413772,0.41207924642531824,0.46823848332055207,0.7056090779724928,0.7324901446999461,0.5038813978330484,0.4731251447819603,0.5784707908696627,0.14085287863138485,0.8115193433461962,0.8487055882107841,0.763728072021923,0.46972954284266255,0.5457827501037138,0.12558937010357574,0.6606904605143877,0.8080185430897089,0.7072136015228567,0.7422673611659238,0.0,0.4358666092910026,0.3741198945335408,0.37988895755602664,0.3692042658512269,0.5149821036436308,0.5920134481157424,0.5987761875006636,0.6453297430761071,0.7248523055340719,0.580324447308779,0.6129312199162138,0.6432783280276249,0.751276767581343,0.7389479601358496,0.4209885401150919,0.938698672614261,0.7937453796824543,0.881589411825258,0.8151184519712589,0.6703658298289574,0.7256987186731296,0.5884992728551381,0.5430776957958936,0.9079637257143904,0.7911843761272668,0.6482860857223072,0.8133707953846494,0.7638870599476613,0.7966129477322905,0.7539254455529116,0.7462372921313954,0.53267916603682,0.7253541897831262,0.6869921726593523,0.8274818104520427,0.8039917350207882,0.8956676042884115,0.7737707377484275,0.47565132256116915,0.7315190020142701,0.8342569940268553,0.893207743523073,0.9454671264201173,0.8342584318603358,0.8592286460680332,0.3376170805091149,0.7497202484502956,0.7768501454168588,0.7685417755789428,0.7686910665347422,0.9554475197079173,0.8775626431559946,0.7789582507103707
0.16375942786202022,0.41655951378486855,0.47220686792093514,0.41798361290387487,0.5036775561344011,0.48806294108170656,0.5693374974684104,0.5429517628951909,0.6369915600067211,0.2631531377133218,0.7521730917135976,0.3142896468721716,0.48909759647532053,0.6994739883135473,0.42965477908635125,0.49248013797109313,0.38495787646386165,0.4354503925850925,0.6518332359937622,0.3404708520535291,0.3567890300884872,0.3605797584916369,0.4358666092910026,0.0,0.5718715699567527,0.5125804594298655,0.5158887149750244,0.6060065087713202,0.6219503198112313,0.9520433519898559,0.6638597288197865,0.8391448861860487,0.6784658923982075,0.5206651193959344,0.7753758936609972,0.6767821524324595,0.2826806566945415,0.37958821031232626,0.8375285778759942,0.9007956561086756,0.7737402900182544,0.5872668831327311,0.39941945701728354,0.5490319726777784,0.7927922363786525,0.4038636821078089,0.5509035475439893,0.0,0.0,0.4745128708050602,0.6120158466782181,0.387737960960409,0.0,0.31120326569200296,0.5566110885707692,0.49562362169651897,0.6493498119530531,0.6920990114320377,0.0,0.3524958350167672,0.5612384576866268,0.4807148492780666,0.556378067858097,0.4719771520306622,0.39274607850803345,0.08340345865108423,0.4771014003858469,0.6766004192501562,0.5080214232434679,0.6215021698097573,0.6085714656820671,0.38174778740537385,0.8150616449461328,0.8953654424088429,0.0,0.5587085678760413
0.5288092136595587,0.3386350366267522,0.4667944698067883,0.7807773833877334,0.2796766465780627,0.3161658095171165,0.5073671602501788,0.5778444414694828,0.3978353751062986,0.5556342538453097,0.7031808592794293,0.5285937530762775,0.6117231278581007,0.47538805067374523,0.24662496556580854,0.48062150377641283,0.4758519184626254,0.46845912161126735,0.6692062398020231,0.2554414735620804,0.2379477791938186,0.32751642615386867,0.3741198945335408,0.5718715699567527,0.0,0.1881825506212188,0.31814844216338056,0.3838463068807205,0.24908805284161503,0.1792056395701502,0.3839055754415625,0.22599628289560084,0.3871824072495072,0.39081631691686386,0.5298315881396896,0.5446657615511683,0.5937978474680898,0.4925717966507509,0.7361021981478386,0.5784219932098664,0.6249876278099303,0.8214675011820056,0.1666172042365827,0.0,0.4827008894486877,0.6308814026148585,0.692601149074727,0.0,0.0,0.0,0.7310066141199126,0.6834157719016936,0.579446902753266,0.38791764731414596,0.5431914727693894,0.4988364546547038,0.5656375873636527,0.573976082617407,0.0,0.6216052355079138,0.6780774184775415,0.483466843504437,0.5122543993435071,0.0,0.9485232915372865,0.4999012550837744,0.713271470152848,0.6708645628083769,0.6284560217210138,0.5221831348393768,0.5314993241345252,0.4801649263950923,0.7991775285090279,0.4883819830468399,0.0,0.5319599682110485
0.4685913330211219,0.3592791849736677,0.6779493976913173,0.5113389686503264,0.4857627367024462,0.5436082251874643,0.5725764502694494,0.5352178917476074,0.5969223757311202,0.44667970158249776,0.7462325766928377,0.4638684737365295,0.5503572792550874,0.49576492037872444,0.4408201943321006,0.20382854582082488,0.36109390439276917,0.23886890612201295,0.6665749268531722,0.1875113637547406,0.3911944714861455,0.43147911851660237,0.37988895755602664,0.5125804594298655,0.1881825506212188,0.0,0.5549829751719536,0.3515072468568362,0.16131427617459654,-0.15338122374195953,0.24378606485732718,0.33073652787458024,0.314117652004546,0.31758742943693863,0.404600397059797,0.16047235776368837,0.5705540926915768,0.511442091773898,0.6898254585234693,0.7338279744868265,0.7667333588722589,0.6024577456471751,0.34095557438220037,0.5002879561475219,0.31019161587936767,0.554219599138342,0.736341577486943,0.85161702790729,0.0,0.02571046613171056,0.8809914611750589,0.6961582817557097,0.5623076958825228,0.7229034894733017,0.617737839385205,0.0,0.7031886420755962,0.7574430393128442,0.0,0.7191246396036294,0.6561589573776114,0.520800212829365,0.49594798016842845,0.0,0.6921111389893484,0.8308155857092544,0.7832229891850664,0.6807242534834406,0.6614455313774352,0.604713177617925,0.6294520982394143,0.8741419279338478,0.7487509848270881,0.7012487752330626,0.47192586808636283,0.5888981535715956
0.7323661988819463,0.5429467454182638,0.4448615672677997,0.8334893243696417,0.4716989042704036,0.47469566292479126,0.5861551297692293,0.6316713872964059,0.30450708583800273,0.5523225488522934,0.626269082461776,0.39881790609250656,0.6547779639049163,0.8347207589233745,0.5078776438668786,0.5130506789366747,-0.2618725249040495,0.4872619415445666,0.724755065010741,0.48602364024025846,0.6501938853331011,0.4499824123599412,0.3692042658512269,0.5158887149750244,0.31814844216338056,0.5549829751719536,0.0,0.45162574602811356,0.47312088743513847,0.5143648556765866,0.44924371557423887,0.5867776242450599,0.5441278976100863,0.5558509374155414,0.5204987769661104,0.5372233898257428,0.750304559425391,0.45977316021112824,0.870018126429634,0.6090309125859772,0.8131506965844546,0.7314959573716194,0.8403235483110099,0.885960621579962,0.47844293098826324,0.7915435286183652,0.5671118260320087,0.7000445972840883,0.6352655286029005,0.8141564339126952,0.7369600203573747,0.7085199364243366,0.6752917115211686,0.6972625172260405,0.7761683418346479,1.0081173867167366,0.5802762419200208,0.8034114871674809,0.8466467395986366,0.822116764510753,0.7728845566991364,0.0,0.7515302669473523,0.7595404838371359,0.8176556587427235,0.8095824836718792,0.7437030900019013,0.7327264380111802,0.0,0.7327061643321718,0.7791296162272514,0.7650854742618078,0.7449961667660614,0.9093365723566881,0.5931707188468863,0.7456938187251756
0.5598046050411591,0.4239753819620794,0.6357427514588628,0.477189337079026,0.7769029292792863,0.48651588570185067,0.2916450566983615,0.6466406003939543,0.5654949567134983,0.7290230472815535,0.5007504706188395,0.8552489078142507,0.5754074828429332,0.6888838055337333,0.32136483908034935,0.5206920863470798,0.4794874556703954,0.26042607615466473,0.546158506164268,0.1692936838705758,0.6706113662980421,0.5791702707365927,0.5149821036436308,0.6060065087713202,0.3838463068807205,0.3515072468568362,0.45162574602811356,0.0,0.537230813191384,0.273634863035992,0.3709368234032336,0.657284985528242,1.0116553592859643,0.46679486008792603,0.7258142635394871,0.8137906677585369,0.5489732489916825,0.7398803333061081,0.8697987272032256,0.2244386568065265,0.8598944315055939,0.8866257595313866,0.7522982084311927,0.5810711341332034,0.7721871186434117,0.8774826618743554,0.7689522442912657,0.7710810144103546,0.0,0.920887849912162,0.7833971393424601,0.7614637499540933,0.7450945976961303,0.8027032004267411,0.5914989268419891,0.7228078211451714,0.6616879257867928,0.7758179325839412,0.43848657075447944,0.8180660617833662,0.6624916326074046,0.3128676366450404,0.8237448256730907,0.7659714211498472,0.8639778327270743,0.8247572143679589,0.7822249098690744,0.8136281221584538,0.35406274181351394,0.7231901362198954,0.6202097072091177,0.882352086952539,0.8015672682300616,0.9839714679768996,0.7637817940233544,0.8132363612724195
0.7786384438620506,0.30959234208817166,0.6793514100899836,0.6048822270406095,0.43854955068570983,0.4192983038772705,0.6918779459053379,0.6150596817938144,0.4474351987049687,0.6231194312559877,0.6743947439213318,0.6459488596713732,0.6001846373598099,0.5901145446894523,0.6297703185133618,0.446507842695868,0.21176044834818497,0.25492488626620624,0.5636898981931262,0.5838421836244241,0.7216046290629812,0.42837596667132016,0.5920134481157424,0.6219503198112313,0.24908805284161503,0.16131427617459654,0.47312088743513847,0.537230813191384,0.0,0.46344296035016924,0.3810258837343913,0.2948289035987015,0.04630070472057249,0.47280437020700283,0.3142471990705137,0.6318405372181166,0.5349014324510679,0.6813643312294682,0.829119556784979,0.6020459079206806,0.8245752712782994,0.7504163636059614,0.36176029607940485,0.754616686818748,0.5033334391325879,0.6345030524633424,0.5320524362898322,0.6762868873752956,0.4334719872629411,0.4584319042831907,0.7190919504562568,0.7328768717310917,0.7588885097487437,0.6435191548417949,0.8136132385925894,0.6504908024479698,0.6827427892498232,0.7449077638097878,0.5800217325545528,0.8338286256774039,0.8219511102530919,0.46913598103403514,0.8000353199768844,0.623249620579561,0.8598972842604126,0.8705521488553438,0.7487800848866752,0.8180210541835939,0.4630701408641044,0.8857149526256665,0.6686991278091955,0.8603966160701799,0.7487751303504946,0.8581043672966899,0.7687191145425287,0.7385803757443579
0.6262517645339899,0.320929342750924,0.6658185372036881,0.30994991371218134,0.47935531783393703,0.6667855536620216,0.4067735638321446,0.7423997819796488,0.5869021377303691,0.49584910845860064,0.432870816457655,0.5660407955318024,0.5613943354021118,0.7765448301870277,0.6686633867362481,0.30094989477994927,-0.17425257901426278,-0.04696072377771915,0.5822662120150645,0.8137642060427486,0.8191041970606884,0.5721495756769212,0.5987761875006636,0.9520433519898559,0.1792056395701502,-0.15338122374195953,0.5143648556765866,0.273634863035992,0.46344296035016924,0.0,0.7586609896993258,0.37275951187424994,0.3967902334090455,0.8060354738950588,0.528007021956536,0.5270004024444186,0.3482337623161865,0.5197842637152736,0.8876218541172618,0.4789414524810807,0.936111199972369,0.830480491546006,0.7418914716955605,0.2855803430336694,0.0,0.0,0.0,0.3250099882241786,0.0,0.0,0.486993603757817,0.8011761550272134,0.4731718506493358,0.7629263034961463,0.5148890064085957,0.0,0.019964309370956706,0.6746851240877596,0.0,0.6050669376054563,0.0,0.0,0.9005515042446262,0.902386935940402,0.6917329423534235,0.8028058226640078,0.6667270187992722,0.7827781588375636,0.0,0.4045266545753625,0.47211212640573036,0.878572237280765,0.8599135026651994,0.8081192067531514,0.8416734456139622,0.6276990962177693
