0.0,0.40320535572003036,0.01790123536339755,0.0,0.16497852958774623,0.17262758914681403,0.16945388812854287,0.3405353128683117,0.288953847492304,0.16543252580112067,0.23370566717865926,0.23817760041787686,0.11673282352687026,0.26216927143110613,0.37135759274003244,0.3890237100711984,-0.10363635873117077,0.1822719779001148,0.0,0.36596670044426616,0.19430435051626732,0.39123088637269726,0.24802330059036098,0.17797770038571062,0.15855044957736497,0.4616324432114518,0.30782331898593945,0.3656977724099978,0.32161368853284755,0.6638051394725839,0.20750591221742537,0.3657593223517805,0.11407440759604476,0.15065430550828227,0.20333258230436096,0.30046276899287033,0.501750867572472,0.2441747693090811,0.09734656825016913,-0.03749966222548584,-0.11062378968532216,0.10869364323784975,0.4860965092210121,0.0,0.3132289947771114,0.06367638154390581,0.14716677097595088,0.0,0.0,0.0,0.160726958947367,0.0,0.16600067582275435,0.0,0.05957709505152725,0.0,0.2531930974676843,0.2630931138698455,0.0,0.369954187262314,0.030175593581106774,0.0841475307813559,-0.03280565317379486,0.0,-0.12893199469739275,0.40261984852285426,-0.007999699314226283,0.13460461428596793,0.3804338517717901,-0.0017806451428620251,0.010547230185627365,-0.10372723396270539,0.4417083546523197,-0.23933626191100804,0.0,-0.021775340251790343
0.40320535572003036,0.0,0.24624916014063541,0.37977503197540236,0.17579377557559678,0.1883932286198295,0.15276182765941715,0.41064487308080366,0.10915895272342399,0.12524133181442143,0.0663064931330953,0.19808879646818503,0.15624604300321776,0.20726325372181245,0.5389051364548123,0.2252823270301535,0.4654147238304683,0.20490221760571647,0.4023123002163915,0.1912422011816831,0.3361959692385095,0.433695361442903,0.4530933265120183,0.031627222044212366,0.1501696220684631,0.18077304145075976,0.2065844154089464,0.20271878152258818,0.14455959300010823,0.4861736992857323,0.4035740737657388,0.39387340508222335,0.10672432466318488,0.33903029255438355,0.4135633139796355,0.4311333711227445,0.025763298354228283,0.0,0.37385188108849954,0.2971153824253166,0.1657106501679962,0.25075891764665725,0.3899810962951198,0.0,0.0,0.23327641787260658,0.2677263193658774,0.03471520581800193,0.0,0.0,0.1854906147791139,0.14232569554102892,0.34349394370930786,-0.019664577970362918,0.21842529265139415,0.0,0.25286125893482303,0.06656317595913641,0.0,0.53920037579955,0.18516159523798106,0.15064258313633316,0.09780359601717153,0.0,0.28475589774353566,0.42430445025611585,0.4846227531654771,0.39383476251345995,0.14989984189040306,0.11429598771483512,0.13198837273789865,0.46867106566434624,0.13139219505415956,-0.03022484862817304,0.0,0.34890091456634653
0.01790123536339755,0.24624916014063541,0.0,0.25357807750113576,0.12118069444202845,0.1418750932787209,0.19209039838380343,0.24484018690423165,0.3326323970717232,0.19172098330530396,0.4303082233050764,0.1020268577292695,0.20832328700748298,0.24898043053909663,0.10097186508222017,0.0926216446860672,0.2648413912462537,0.23972461644669563,0.18172134869378403,0.2232494019306954,0.1680612394469822,0.2757126965061504,0.22895424725509,0.17925211817883485,0.2031622597319207,0.08266194771035751,0.26819998739858064,0.20081109083466347,0.24434100904821976,0.30660323869664363,0.23464842165572486,0.1906604436719988,0.0387342912381029,0.13283808825468985,-0.06981110679545915,0.06348825785352569,0.22782958703696188,0.05132189187813968,0.38197061499199714,0.4636309491264965,0.06600919764958152,0.3758230389471018,0.29595871922696804,0.5045278598370426,0.0,0.0,0.3730116116701923,0.4790462661155171,0.4667261667864947,0.17129398941801122,0.2670664197092768,0.23524317001006229,0.2820143001516,0.2526335607641925,0.4131051860792503,0.5129325477283084,0.32367689408074113,0.23428814843418772,0.23917526433483216,0.35583853027581436,0.0,0.0,0.0,0.3589821729111924,0.4090369273900455,0.23482190177783585,0.24876511938005522,0.20511060072909937,0.0,0.5527371124033431,0.05773627734691156,0.2606416190012506,0.19607457187016725,0.17037307153483655,0.4144264933207418,-0.009275192532871235
0.0,0.37977503197540236,0.25357807750113576,0.0,0.1346593881424617,0.18196916245955264,0.2835933770062889,0.453336732871076,0.26614313990107,0.5074970272710199,0.1042329140670688,0.26017122762743017,0.35664981330901824,0.5273044676488351,0.30311238895741816,0.2690581737732851,0.4712036120866324,0.48109971935080287,0.19972014408437005,0.4012275871901033,0.5143770986599445,0.3521123667495234,0.2552887076692337,0.14450362554359192,0.798117690596575,0.36074439587793905,0.30724414658880167,0.3096769931089339,0.03255280527916052,0.8013698612126325,0.39640969416261695,0.31764740948981607,0.12500772691678486,0.21399761753099938,0.411540908243888,0.23855238038165646,0.24893488842283273,0.33803283401967876,0.22542011595804742,0.3589947897375315,0.14453898892988096,0.3885354169941887,0.45299643818551005,0.3548363979059558,0.0,0.0,0.0,0.3876387166460057,0.0,0.0,0.1887227973112714,0.0,0.47420322566602113,0.34579908253022223,0.0,0.1371643312764993,0.2825286864415917,0.44966610838557486,0.0,0.0,0.0,0.0,0.0,0.0,0.0,0.0,0.4476787942626652,0.25506228953111354,0.0,0.0,0.0,0.2418774288363541,0.45528525216367455,0.1973827090515855,0.0,0.0
0.16497852958774623,0.17579377557559678,0.12118069444202845,0.1346593881424617,0.0,0.0006548564885321961,0.24782147268531132,0.49559722918588006,0.11044698440563777,0.4607613147242609,0.0006497651460297127,0.3520905775127362,0.3278095401708845,0.27775120288750643,0.2192682339524123,0.2912840708483293,0.20414043082226624,0.038392686311130964,0.005702579618250214,0.20722366851247498,0.22874882671801589,0.21157197675180073,0.08113731427642418,0.2237679867673881,0.3207176579962466,0.2091747033515796,0.12061118289117476,0.3522080666178168,0.27132581981598364,0.31405630318847405,0.22877142995486435,0.18149572487458407,0.20791751471857073,-0.1096213922758818,-0.0680498614436828,0.028720791955261865,0.07913857657420734,0.06459323598852085,0.4936206119604638,0.8232320230874807,0.3597719407652126,0.31344693456979256,0.5829999960796288,0.9054712328692338,0.3496827474819155,0.0,0.18532503447087603,0.37411237382481494,0.0,0.5008473481008539,0.1876970903306173,0.21042484933950215,0.27114011726839204,0.24948444489837818,0.0,0.34253058265518005,0.21536567779013602,0.3686134674755858,0.1515771657403658,0.28414858431105666,0.453334973741229,0.0,0.0,0.39438547801672763,0.04883176623683472,0.49009204395018435,0.004608398448497253,0.3078200860365786,0.0,0.46257263188639863,0.06068903821768179,0.24861812453925436,0.19694983582183567,0.14514471102470922,0.0,0.28652244522134906
0.17262758914681403,0.1883932286198295,0.1418750932787209,0.18196916245955264,0.0006548564885321961,0.0,0.0018194582178394092,0.2153810043902986,0.11111766785174262,0.10015550266201556,0.264096509509254,0.30844494846988874,-0.006964202575600542,0.1589005209710866,0.35398172860109056,0.25703136658214076,0.15134418437693986,0.20903631686014146,0.37592928932783665,0.1445982943791622,0.286686283380845,0.14079141529443218,0.09432640587106472,-0.030234894253104078,0.2277658949341352,0.34469436502360734,0.11518250797759011,0.08666405724544374,0.09885480448809392,0.3132098195866431,0.18852718016500175,0.16432457600557884,0.6505769150465217,0.13914040595530058,0.16855586304889347,0.13517613657226868,-0.01913875677212573,0.11083618687165553,0.24205250105733428,0.15856927532703755,0.21223771404176597,0.32679652402287085,0.441816844762159,0.1981350939451672,0.07046608165874552,0.34149799781790996,0.1856516304754105,0.27231493020814795,0.3096616150724276,0.13919511860250852,0.19464949757975347,0.16235626344815404,0.38925175245743504,0.22830909608942693,0.5000434096735586,0.32512741111016036,0.10342799283522408,0.18779285862762218,0.2884332504913611,0.25972957013123854,0.17684999506794935,0.0,0.23786909569392733,0.21135235647108286,0.11241247871848564,0.15905692907238966,0.24854794757904813,0.27540569652728986,0.4981541940069695,0.130835604931263,0.1946055011524085,0.31234780983987287,0.18926709273860517,0.2753743908288934,0.20283736684884915,0.2691598877704816
0.16945388812854287,0.15276182765941715,0.19209039838380343,0.2835933770062889,0.24782147268531132,0.0018194582178394092,0.0,0.21767772057710616,0.10700404209549202,0.4152603951701652,0.11530604930251559,0.004044339279967585,0.20167491033708557,0.4451603663536057,0.21483115849799211,0.22075096247350273,0.06285424097988573,0.1066786299050288,0.10880773054788678,0.18477193373295955,0.2118663915236375,0.17481388254262187,0.1405813882567593,0.17979781998410338,0.3207406277999045,0.17935514338828434,0.06631864546102251,0.43896957246493845,0.08313983274036552,0.16627403592536422,0.23430825644319542,0.24415325993117368,0.11980854276416761,0.1346307684910874,0.3959228705079698,0.8113875786348326,0.2921760296100686,0.31649591438752145,0.4061880782984657,0.44588791157939417,0.44423169228624093,0.6376829503674323,0.29410271497659324,0.6796155569452869,0.3650029799995568,0.0,0.13644026180890453,0.19747539848460535,0.0,0.3007535032732842,0.1504387186714634,0.1886157650200478,0.2942026975940372,0.17789755952852365,0.32073886416149405,0.23890989501365434,0.34096111565450543,0.20566552037656138,0.2094477346118337,0.10782240544952867,0.07455023095269497,0.0,0.4792473151979592,0.4441509734696809,0.2263784056740957,0.08195109850866064,0.21917862690938938,0.2458020970751494,0.461300817375084,0.17411635386365715,0.10841525574692368,0.2789943117619222,0.28481661853214396,0.23181480938595161,0.29775130528717425,0.1876473557568189
0.3405353128683117,0.41064487308080366,0.24484018690423165,0.453336732871076,0.49559722918588006,0.2153810043902986,0.21767772057710616,0.0,0.21732466155217353,0.505510158730492,0.10318410541958786,0.46507062166329116,0.2591294980734179,0.4124084254591466,0.3930559751662688,0.46935506038267405,0.23392550875967036,0.4283351581649647,0.3133272056557108,0.4439635680831802,0.3065782904883782,0.2464592195116666,0.2526793967734836,0.044946065469651464,0.3610718230933026,0.22030505918573284,0.20215577398263135,0.369990539839149,0.40373199596346465,0.4685330165432916,0.32692394542264896,0.5804047624675158,0.4667440251816007,0.29200234473844877,0.2240281409525494,0.07350717417029812,0.45595151636051173,0.30651484823196434,0.34561780540773657,0.2109716795804515,0.18964798685938403,0.3414042175712438,0.2714086364455577,0.24205714935688774,0.0,0.32910648793912456,0.15596678586731766,0.24173891365496564,0.0,0.3774946727357108,0.1496700355606031,0.12460381511358809,0.37778723822001004,0.14601676237408873,0.6621360097471924,0.15951714582464174,0.9597978497249071,0.12486231200688933,0.06984683836002648,0.47363283074921747,0.12332264088888123,0.0,0.575693857333705,0.2409404815485121,0.6075502443981352,0.5357705475610639,0.14981249958418313,0.3644345289303693,0.0,0.030490723765516592,0.1515991220350022,0.30131171955464914,0.21464036191224212,0.27522317729563883,0.15803159819306095,0.18920552295524173
0.288953847492304,0.10915895272342399,0.3326323970717232,0.26614313990107,0.11044698440563777,0.11111766785174262,0.10700404209549202,0.21732466155217353,0.0,0.2996058988264947,0.0843641781539557,0.28867052498913903,0.02437891078541682,0.3369533682126602,0.10850945980910626,0.16589717958430628,0.07993602908391095,0.14920694340512683,0.18491387195462672,0.19413365033056865,0.3039280108376624,0.1621362323804856,0.1648425692192102,0.14909038284069365,0.25478573599365073,0.28831766379455104,0.08530650472244294,0.16634939858700773,0.10345030094121865,0.4482120219553899,0.20591444473289539,0.16409842882596196,0.12302774600859451,0.126816584405397,0.053543306149827885,0.1530078978516021,0.08037306414488554,0.2435499542382834,0.3748177223970631,0.09571989005902154,0.15891706668374522,-0.005464628980579422,0.20865883140111935,0.21094174656683937,0.047925798465443314,0.0,0.017406923394506224,0.24908204542151618,0.4570260697416748,0.18127930558951094,0.17166244276139236,0.2544062430832097,0.2568817555278438,0.2223073616215255,0.06950094650963942,0.371005545774023,0.06434321384528269,0.10855149372828499,0.32417758928061446,0.10962335190340244,0.3176906046890466,0.0,0.0,0.1537880504891524,0.18515543864705586,0.7115683044237128,0.04093776090573714,0.23765307756142623,0.4021846122924971,0.3734100391857361,0.1093488290703494,0.27068402920752116,0.29240934422854603,0.23975857637003334,0.2948891460564389,0.3164030771813804
0.16543252580112067,0.12524133181442143,0.19172098330530396,0.5074970272710199,0.4607613147242609,0.10015550266201556,0.4152603951701652,0.505510158730492,0.2996058988264947,0.0,0.26789940822046554,0.26153662279171574,0.35711833261715986,0.4631675565482658,0.3152482570756167,0.1589484658349948,0.3519110053481831,0.16908800015185682,0.12145939200263905,0.17818034689372805,0.2017438029294134,0.189618160766922,0.11322307083618885,0.26909481840640714,0.5018527075018622,0.42853982627233,0.12103845096436444,0.6029238584126433,0.09558422770751263,0.3278633794168282,0.5003176601179063,0.2568018870107769,0.25339791030014,0.46793705871458,0.3844151560548991,0.6620725129222176,0.4959283701970156,0.38929084919072443,0.40124211391596243,0.2628079602307988,0.3416176344697273,0.3138831369202151,0.20218366129646448,0.16406053691439995,0.300112702862677,0.3240622380079553,0.4959882964499769,0.33646647586626516,0.46118990058927384,0.4409967553817222,0.07492013340300702,0.0801092835470299,0.2390374019923709,0.26678444732758727,0.30260865335709075,0.09362413724376595,0.2882779931231576,0.22231350361343966,0.0,0.6108598192675965,0.3446033705343516,0.27269587865897527,0.3885314968838376,0.4736589848638551,0.46738167894508476,0.40775433532901273,0.3441601525543154,0.22716142639265136,0.4500287923262676,0.29949530075419484,0.3188145299951993,0.21168770609444637,0.2681741351864811,0.11411210675739142,0.0,0.3369097051449296
0.23370566717865926,0.0663064931330953,0.4303082233050764,0.1042329140670688,0.0006497651460297127,0.264096509509254,0.11530604930251559,0.10318410541958786,0.0843641781539557,0.26789940822046554,0.0,0.1825358303849523,0.05051508461103438,0.2731105669571377,0.0,0.4864185674970112,0.12336336871242082,0.14281849423269874,0.17613554691736075,0.4542864801830715,0.05903021209434034,0.15238933625998904,0.23408523547947968,0.13923921092617936,0.14483409317472984,0.08683622913620581,0.41708502706975914,0.041860687935127205,0.04488484602801113,0.24049921224661866,0.07727121768260226,0.2343579958666948,0.23013111466495284,0.04034751151695404,0.02579715931086235,0.024297165559729827,0.001358779900783924,0.19623139845073995,0.2347464001883946,0.2775003846982227,0.2451902826036124,0.17621591884377313,0.4281434494206242,0.30565980388576897,0.07914386065029351,0.0,0.0,0.34609916805586416,0.4727180658547414,0.16633222167640774,0.329794591717186,0.16294060422442874,0.674126653570233,0.19360792184877343,0.15190441087062895,0.37132128829021993,0.14694360710237717,0.08289563129616073,0.3493304815256115,0.0,0.0,0.0,0.0,0.37815997343424657,0.2106703543152191,0.0,0.5302826516799237,0.28804468262451066,0.0,0.0,0.8614038314294155,0.3095531023087087,0.19534452670347668,0.19207846321820765,0.0,0.046604115554604475
0.23817760041787686,0.19808879646818503,0.1020268577292695,0.26017122762743017,0.3520905775127362,0.30844494846988874,0.004044339279967585,0.46507062166329116,0.28867052498913903,0.26153662279171574,0.1825358303849523,0.0,0.4358478776156498,0.4440472862274848,0.125299428221649,0.24954811897634083,0.4005755822920933,0.4942934923219725,0.2110260714423029,0.47992913059417874,0.27225077314285784,0.32160625009017124,0.32834023753181274,0.17793872495662894,0.40669488408610655,0.404209894626558,0.22370337206011315,0.6525253677117903,0.18504965154407538,0.02772048815183306,0.47556716196973264,0.47829767222522046,0.31157661979639517,0.5709457694586246,0.2504553807512343,0.23839483534454756,0.2569101219198765,0.21286350604224763,0.8041514997272099,0.3231155364752012,0.2995709443386523,0.3052672595629885,0.27167319437877424,0.158939988066671,0.40271478305560476,0.3447181886303516,0.22947324681143183,0.06892745819410884,0.4043668644061144,0.23794936850947251,0.2637667626041682,0.3678285531890396,0.3774749787828289,0.15472657705514245,0.2810057274992007,0.19745733930641057,-0.02680201861203596,0.22849403084094022,0.5287439211430892,0.5233096513789591,0.34059734118064794,0.2593851338185737,0.48183079792991856,0.2483166609128858,0.2527205161914202,0.4130363053811241,0.33038174042886626,0.3945374775451703,0.4030964082398959,0.33260946368362454,0.3226196058905325,-0.022443507102458654,0.39510867869992716,0.38316219413705843,0.0,0.3277039499856059
0.11673282352687026,0.15624604300321776,0.20832328700748298,0.35664981330901824,0.3278095401708845,-0.006964202575600542,0.20167491033708557,0.2591294980734179,0.02437891078541682,0.35711833261715986,0.05051508461103438,0.4358478776156498,0.0,0.25584019949979464,0.2988940533934633,0.20587093020330344,0.06334760363621372,0.15379496869082637,0.10252440252258255,0.2239605735876487,0.268700718875947,0.19290169201594187,0.22689633076971263,0.22416820352808595,0.12518994273308767,0.3237195855828344,0.12279721247777448,0.21423896764629338,0.0634185566415475,0.1856701493316456,0.15185516817062908,0.23737400200450565,0.22374947557012434,0.06823774208342182,0.14779513216633938,0.6096142211704494,0.44044688599904114,0.1246582141561971,0.5169556651660213,0.3024928558648923,0.40781527068890244,0.5745396068335279,0.3036277141864514,0.7177387869143912,0.23660030967915335,0.2208436306574595,0.1806958341067726,0.2319206565528001,0.0,0.2900507070031908,0.20531587423864628,0.20266248722269567,0.34686510243011837,0.2503733177115641,0.28798936642866446,0.17989060612353694,0.18058718731257703,0.22338843701940791,0.4736392838025271,0.302128890039299,0.01174152998364747,0.143668928211828,-0.03857655445438346,0.270190928228996,0.24363078362652277,0.28733778135140786,0.24346693508804956,0.27670045573544316,0.39332887259239624,0.0438553079938519,0.10995714519969924,0.3525544663650487,0.2548035720843103,0.46038720627605756,0.18438050790371038,0.25435659173298564
0.26216927143110613,0.20726325372181245,0.24898043053909663,0.5273044676488351,0.27775120288750643,0.1589005209710866,0.4451603663536057,0.4124084254591466,0.3369533682126602,0.4631675565482658,0.2731105669571377,0.4440472862274848,0.25584019949979464,0.0,0.27693405834753326,0.5064046885270964,0.46470993755259,0.4918168762406394,0.12357790270678465,0.4706727841231082,0.20149403362115248,0.16735540769917737,0.13687047688235637,0.4550411925316258,0.485787610383678,0.19674575595964644,0.1145110872716138,-0.08651672868650556,0.08618623210864249,0.399274508626729,0.1992234610537325,0.497346073789774,0.3661806054995598,0.41359674640587296,0.35967847638885003,0.07547485876339749,-0.012098234923452023,0.42612827236225914,0.25012028189242774,0.0,0.4878487271983945,0.668929944161517,0.22487259644140256,0.4660505113064885,0.0,0.0,0.0,0.09183926360987732,0.0,0.19459233046436286,0.18094747346468296,0.2983902702195085,0.22268635498701722,-0.026639371033647552,0.0,0.16072014446795446,0.3721681860209356,0.3008671782042895,0.1745605091384302,0.0,0.0,0.0,0.0,-0.15946310428447658,0.0,0.0,0.0,0.4029113613614605,0.0,0.0,0.0,0.20736219752189827,0.34282522830642337,0.0,0.0,0.0
0.37135759274003244,0.5389051364548123,0.10097186508222017,0.30311238895741816,0.2192682339524123,0.35398172860109056,0.21483115849799211,0.3930559751662688,0.10850945980910626,0.3152482570756167,0.0,0.125299428221649,0.2988940533934633,0.27693405834753326,0.0,0.44898072332675515,0.18843752311035902,0.3545705027429753,0.0,0.4658130032124292,0.4972974742197258,0.5592966452469665,0.620792655592852,0.27332596761810835,0.3611593061575359,0.563293228103457,0.46570421327587697,0.37735015332121874,0.31490091520093133,0.3352704516280034,0.5473240258502066,0.5159861964307031,0.6463830445963332,0.5563306199204923,0.5615108332045728,0.5856586018531709,0.11670145471989907,0.3793176182929885,0.5146193766837259,0.46577177231001204,0.39681037845156064,0.31718644869471635,0.3520208516684534,0.7645030239470234,0.0,0.41786078040430785,0.44916382609288674,0.1471605243483278,0.0,0.0,0.2367404067202305,0.23168216244716017,0.7694333009727221,0.3161209254146175,0.0,0.0,0.5681906514612408,0.2118318743062893,0.4740174266511016,0.4719907240887077,0.3847219512016592,0.5265241225549265,0.46069325755297363,0.0,0.6580466798725835,0.5059497943947842,0.7309778138722002,0.6094242713267326,0.45542369542373584,0.3215857027089341,0.4998090796972939,0.45255641185607787,0.1758102399713789,0.33626279148617916,0.02588112478663257,0.17949831620451495
0.3890237100711984,0.2252823270301535,0.0926216446860672,0.2690581737732851,0.2912840708483293,0.25703136658214076,0.22075096247350273,0.46935506038267405,0.16589717958430628,0.1589484658349948,0.4864185674970112,0.24954811897634083,0.20587093020330344,0.5064046885270964,0.44898072332675515,0.0,0.13371583636356338,0.3014943285534271,0.4551310642552234,0.26557746607017946,0.40630438809054853,0.34506006247908344,0.45831743274167774,0.15581187206394753,0.26760336517477734,0.46433427636741864,0.3034577324552615,0.2723899912245759,0.18259486523127302,-0.2220834279614322,0.1379007682841749,0.03632876508479227,-0.07283107579343695,0.08104098397304402,0.1317121392259482,0.4784007473714032,0.02630106592045528,0.2373829362181336,0.41007488218703336,0.2154689323179552,0.17438775025832454,0.22150612028000932,0.4745974492748226,0.0,0.0,0.07854688242986424,0.41082260315368885,0.0,0.0,0.0,0.14964101291705756,0.04319647829885259,0.4226981962027044,0.0,0.17551969299591336,0.0,0.19414815080484066,0.12092066525487716,0.0,0.44677603043648967,0.2713066825270107,0.2647855150636165,0.223830700749062,0.0,0.2729959638461652,0.2958812162434573,0.38551310142898354,0.2881495887653843,0.2691296518596867,0.2698023362150752,0.3328121351126762,0.29795571862851195,0.1497285534479827,-0.008387030218805824,0.0,0.15169681039496946
-0.10363635873117077,0.4654147238304683,0.2648413912462537,0.4712036120866324,0.20414043082226624,0.15134418437693986,0.06285424097988573,0.23392550875967036,0.07993602908391095,0.3519110053481831,0.12336336871242082,0.4005755822920933,0.06334760363621372,0.46470993755259,0.18843752311035902,0.13371583636356338,0.0,0.4929200198468474,0.07199684554814079,0.15795248712105328,0.08500222625413101,0.09951716211425451,0.02418934316772048,0.1311132015697638,0.20455240608608405,0.16007989405403042,0.2600282224103774,0.47663338307100034,0.14507963435941706,0.600105694204419,0.2012150598876951,-0.0017372164781479515,0.13624860391302085,0.0781391188149475,0.02415864742623916,0.31817073591371514,0.34757291604374796,0.31895898928173727,0.08163230657145232,-0.02241762844512807,-0.00532001938362614,0.27766081522036856,0.0,0.0,0.5234648966731889,0.008710699290597868,0.5161354805120898,0.0,0.0,0.0,0.0,0.0,0.0,0.0,-0.0006079494115657225,0.0,0.02476874785734029,0.4381293982140456,0.0,0.5864697389131349,0.3370033543365471,0.16145125900883095,0.07199564221023536,0.0,0.0,0.0,0.4756515353800618,0.0,0.4227716773018628,0.1845561928495454,0.18976616768647514,0.0,0.21695357060056367,0.4593029297244954,0.0,0.3056133345725438
0.1822719779001148,0.20490221760571647,0.23972461644669563,0.48109971935080287,0.038392686311130964,0.20903631686014146,0.1066786299050288,0.4283351581649647,0.14920694340512683,0.16908800015185682,0.14281849423269874,0.4942934923219725,0.15379496869082637,0.4918168762406394,0.3545705027429753,0.3014943285534271,0.4929200198468474,0.0,0.16245379183533015,0.1808636676141518,0.39451904279128813,0.18489430021490263,0.4413292804877847,0.18814606088690222,0.2229120075713371,0.2935026717101592,0.23414274538126878,0.10225673009850406,0.10487316936755062,0.33746334743431106,0.08177467028206603,-0.02419939779558289,0.1486079470975336,0.020445728015650033,-0.051846803147779785,0.13090966599457476,0.39394265660679895,0.3667012132604424,0.14169538682124505,0.06894689728150855,-0.0675577968497596,0.21283490818575487,0.0,0.0,0.32148126655962433,0.15175843507055248,0.447107681268621,0.0,0.0,0.0,-0.02893589091050619,0.4720482876879723,0.6044735975437129,0.0,0.057730182656737905,0.0,-0.04437606434413599,-0.02952278522340268,0.0,0.2905477019271547,0.20714064836655888,0.1539254151490796,0.09221648042826625,0.0,0.0949859357658363,0.08480461941895168,0.3054209476614221,0.1603445562883346,0.33295438915386366,0.08884964229299824,0.15124001089091915,0.2842500960903769,0.08981207773786559,0.08844349723899869,0.0,0.08276434271067373
0.0,0.4023123002163915,0.18172134869378403,0.19972014408437005,0.005702579618250214,0.37592928932783665,0.10880773054788678,0.3133272056557108,0.18491387195462672,0.12145939200263905,0.17613554691736075,0.2110260714423029,0.10252440252258255,0.12357790270678465,0.0,0.4551310642552234,0.07199684554814079,0.16245379183533015,0.0,0.5005727474597359,0.2220950412001867,0.416102494459742,0.31764762252616635,0.20733829519113633,0.10539844471945581,0.11828488327772707,0.3405022198337084,0.1464780723592577,0.18406181478096872,0.2785367295064298,0.0880736297296762,0.1438001453271336,0.17223231551116464,0.07308683024890428,0.1910483465565922,0.1293530352152692,0.1784065445010888,0.11388039631945329,0.31394968846945615,0.4490046015148942,0.3984805350309758,-0.054435413027326185,0.43908892264033955,0.365388107738459,0.014761269751412244,0.0,0.0,0.41002866827808376,0.0,0.34925338127135935,0.25292612915943474,0.22547191212767276,0.3332007089734629,0.25578756538999836,0.5864879056018324,0.3324410710833923,0.2113364930191332,0.2007079466391925,0.17325353588964648,0.0,0.0,0.0,0.0,0.38888500684179506,0.46954542887478345,0.0,0.4874609890722871,0.2585530899413442,0.0,0.0,0.0,0.3082634616477315,0.21866648902615377,0.20297325361374532,0.45399042235565035,0.17940838208226428
0.36596670044426616,0.1912422011816831,0.2232494019306954,0.4012275871901033,0.20722366851247498,0.1445982943791622,0.18477193373295955,0.4439635680831802,0.19413365033056865,0.17818034689372805,0.4542864801830715,0.47992913059417874,0.2239605735876487,0.4706727841231082,0.4658130032124292,0.26557746607017946,0.15795248712105328,0.1808636676141518,0.5005727474597359,0.0,0.384408390972676,0.22452630023536346,0.570159266930372,0.5362729409184296,0.16198939694618109,0.4058179171792104,0.08452057678490829,0.21440112070873624,0.06876865489619455,0.17990223883850476,0.23820721888237073,0.3770394194413951,0.3358614848171515,0.1854120120380864,0.3152183447915623,0.41849937901371814,0.18479503545652243,0.608317195599111,0.360549310050832,0.3306715687595523,0.3408594404146408,0.30150324469637757,0.5704319028463541,0.29450149443100315,0.3113570540445833,0.23770487982728616,0.30539315096005004,0.09555678385252389,0.0,0.0,0.3180982041513153,0.2545936778260936,0.5213600646301191,0.16116570277875,0.780017875713604,0.0,0.4691749541138851,0.3147134004892669,0.0,0.3697524990788339,0.23499760221651697,0.47954189474980724,0.052504958000485324,0.0,0.3312991478824242,0.37474895754595816,0.44622801292330266,0.39626384790195535,0.0,0.13805912719119964,0.37368412248729455,0.373594986432249,0.2342826761034651,0.2809982511477167,0.15274231560777113,0.18362147868138184
0.19430435051626732,0.3361959692385095,0.1680612394469822,0.5143770986599445,0.22874882671801589,0.286686283380845,0.2118663915236375,0.3065782904883782,0.3039280108376624,0.2017438029294134,0.05903021209434034,0.27225077314285784,0.268700718875947,0.20149403362115248,0.4972974742197258,0.40630438809054853,0.08500222625413101,0.39451904279128813,0.2220950412001867,0.384408390972676,0.0,0.39808577629733405,0.26467642726272317,-0.02704160710954001,0.29752531464945653,0.5357264420820456,0.33481253784421794,0.31312232369293913,0.2642929594387816,0.32615885320381166,0.3597271628835528,0.3488539097178289,0.38644695128860845,0.316328431563225,0.43348391764835537,0.6226872566081789,0.3000026644361701,0.3715643034993594,0.41134180937281556,0.2349807017084969,0.15814201074571166,0.24764434399396681,0.4849058804508318,0.0,0.0,0.338469583255233,0.15386301391435614,0.10729228946578773,0.0,0.0,0.14533663309395042,0.15006519066654694,0.5098266348655055,0.2655949465537416,0.40273412997636476,0.0,0.46663772060094777,0.23463018946110104,0.0,0.466958415601797,0.22220097513296433,0.0,0.35205461393335463,0.0,0.4201963298714432,0.4219369066130323,0.455816518758964,0.38521210381813786,0.47009024051888015,0.2576873624729227,0.5168192271989271,0.3660951589580581,0.08948799042077227,0.2798861094866026,0.14336605422699475,0.19326101742898483
0.39123088637269726,0.433695361442903,0.2757126965061504,0.3521123667495234,0.21157197675180073,0.14079141529443218,0.17481388254262187,0.2464592195116666,0.1621362323804856,0.189618160766922,0.15238933625998904,0.32160625009017124,0.19290169201594187,0.16735540769917737,0.5592966452469665,0.34506006247908344,0.09951716211425451,0.18489430021490263,0.416102494459742,0.22452630023536346,0.39808577629733405,0.0,0.5747857780320419,0.009994445968763643,0.2684521335471971,0.5839517937650018,0.09269266634921466,0.1939556310079354,0.12437703288218296,-0.057306709726934135,0.23637196397653315,0.6051771269341887,0.494228265399872,0.4008299903311108,0.5471340087827811,0.4995065389786493,0.6646719424842692,0.4427641756129637,0.5501643820830779,0.41937246878437295,0.3657782165015072,0.47032472361351746,0.30013618445482515,0.5039633824241044,0.369776561324201,0.19698615977496417,0.39493222355789703,0.2924254821269252,0.4687536799628123,0.39690326321032066,0.48145923723086526,0.18265854021173183,0.5258509414911939,0.22158073384741822,0.21305731578337161,0.0,0.12669412451512138,0.18675489339378115,0.0,0.57880590042291,0.265212195637035,0.25776388896883995,0.41019498917337927,0.0,0.42036333345336757,0.40062443962978644,0.5557086321130352,0.3941514432512965,0.40920056484750045,0.08159060715820082,0.4915207072525146,0.43523151717337905,0.27959477424842466,0.36898732717718047,0.4949439790203739,0.49633705903971415
0.24802330059036098,0.4530933265120183,0.22895424725509,0.2552887076692337,0.08113731427642418,0.09432640587106472,0.1405813882567593,0.2526793967734836,0.1648425692192102,0.11322307083618885,0.23408523547947968,0.32834023753181274,0.22689633076971263,0.13687047688235637,0.620792655592852,0.45831743274167774,0.02418934316772048,0.4413292804877847,0.31764762252616635,0.570159266930372,0.26467642726272317,0.5747857780320419,0.0,0.15357080515158816,0.46267122151215584,0.35742694212680315,0.10584393072460749,0.31513808220622463,0.35264508574036746,0.40307460335865586,0.3646982222808416,0.41127175060625676,0.47073617553174096,0.2769495676685282,0.36661328583181807,0.16018634577159552,0.2239328998714737,0.09341650865019316,0.3545580410269553,0.2677122407169854,0.23982180783943952,0.3591870863909963,0.17410406249167096,0.3295481149592222,0.3361383001647197,0.31137415436110855,0.3094862526123955,0.3981815497854386,0.1914043033253382,0.2606638512030615,0.24648232582348586,0.23217470424578557,0.4225896808411389,0.27246811060029363,0.2941382486783108,0.20432999352441425,-0.0041497191987493465,0.20673347036796436,0.26715234287188416,0.4734644860956181,0.3587792749578649,0.4673816789450854,0.11415574982856452,0.3059373090193895,0.440394156917703,0.4228896670522164,0.4753938183513515,0.48881188055696706,0.33135348533085796,0.1632273414976959,0.2405500437202681,0.32992745849645,0.19995591650674718,0.29045006331129475,0.46284351784831257,0.19339297053995586
0.17797770038571062,0.031627222044212366,0.17925211817883485,0.14450362554359192,0.2237679867673881,-0.030234894253104078,0.17979781998410338,0.044946065469651464,0.14909038284069365,0.26909481840640714,0.13923921092617936,0.17793872495662894,0.22416820352808595,0.4550411925316258,0.27332596761810835,0.15581187206394753,0.1311132015697638,0.18814606088690222,0.20733829519113633,0.5362729409184296,-0.02704160710954001,0.009994445968763643,0.15357080515158816,0.0,0.2587981159740241,0.3452954494733589,0.040492094802407536,0.4809901849724773,0.35935474782530075,0.5801475639267522,0.39043076882620154,0.5082659658917553,0.31009993621175524,0.46215946735545976,0.30902681119084224,0.23644284821382705,0.30946129205020584,0.37396116349678293,0.43966352555121757,0.41617092349328727,0.25978908668838785,0.40820949772240844,0.3120974518281411,0.2872220372917078,0.42280515128980983,0.08442134002440363,0.23496006780091178,0.0,0.0,0.49678282847679334,0.46374381970137313,0.41421676215077574,0.0,0.26643518944958466,0.41596090381199463,0.4763954881836848,0.38096607026288837,0.3348191936144239,0.0,0.3770850530424491,-0.1903323566791742,0.09097884766859476,0.10723307634091866,0.4493736214775475,0.44083401228061825,0.6124588652995999,0.08043489011114996,0.6965291635616837,0.5376387954923979,0.14163639188191668,0.26955743957401396,0.40658895267276174,0.4086179942485209,0.18386211048794526,0.0,0.2175291685963311
0.15855044957736497,0.1501696220684631,0.2031622597319207,0.798117690596575,0.3207176579962466,0.2277658949341352,0.3207406277999045,0.3610718230933026,0.25478573599365073,0.5018527075018622,0.14483409317472984,0.40669488408610655,0.12518994273308767,0.485787610383678,0.3611593061575359,0.26760336517477734,0.20455240608608405,0.2229120075713371,0.10539844471945581,0.16198939694618109,0.29752531464945653,0.2684521335471971,0.46267122151215584,0.2587981159740241,0.0,0.08494068299246235,0.272573937148847,0.11484742314336571,0.13032292245778077,0.19211470121314717,0.09975364071975704,-0.03385386183673278,0.12025685899249938,-0.0012006491638688055,-0.0852839570628148,0.1595069960320965,0.2855717630354376,0.09880683606273866,0.1336900148256185,0.070702439589169,-0.05865788585234666,0.17771949693044709,0.2736422582992952,0.0,0.4557984841267637,0.11729852815570274,0.4276398350117233,0.0,0.0,0.0,0.08107877520505047,-0.07519572650872175,0.2314128797253345,0.43869894235590107,-0.007773453884276527,0.4724863815953412,-0.041362456188047625,0.04608809969760891,0.0,0.2646785406724643,0.20660243967556124,0.04212168468619787,0.09303981402947176,0.0,0.2946807879791864,0.12122835394644069,0.34015077329688537,0.21670605737870627,0.43832001669995924,0.09737115505396127,0.10693735968801504,0.17586062053412577,0.1672761640564464,-0.05247694543512488,0.0,-0.06151640383412382
0.4616324432114518,0.18077304145075976,0.08266194771035751,0.36074439587793905,0.2091747033515796,0.34469436502360734,0.17935514338828434,0.22030505918573284,0.28831766379455104,0.42853982627233,0.08683622913620581,0.404209894626558,0.3237195855828344,0.19674575595964644,0.563293228103457,0.46433427636741864,0.16007989405403042,0.2935026717101592,0.11828488327772707,0.4058179171792104,0.5357264420820456,0.5839517937650018,0.35742694212680315,0.3452954494733589,0.08494068299246235,0.0,0.36610779660557724,0.30876223701260425,0.3859854954251082,0.098027178595611,0.26492323181762,0.517757872029948,0.26566815571409846,0.3598908582461499,0.5612983609889928,0.7281132822047149,0.1452881677356192,0.050158397060507565,0.4022339598323744,0.09442591482554247,0.08524613169088585,0.20538070110258377,0.013871524750794867,0.5132937539058193,0.354145433557835,0.16763553530099862,0.47301553890532916,0.2560986185713904,0.0,0.00960398670386333,0.19364673221257003,-0.015558243623171764,0.22989005209860003,-0.08807423552114801,0.010478360717541824,0.0,-0.02966384664020333,0.15586828929117313,0.0,0.6755564013158618,0.17709894976578253,0.04653275461432632,0.19272892409670794,0.0,0.645945628078363,0.7705818203529374,0.7038461726229377,0.2240789003255671,0.5583734363085386,0.20979644045083903,0.14572712264577653,0.6098445907239647,0.26763697928003083,0.12249013132330805,0.45028374732306564,0.04681485447284228
0.30782331898593945,0.2065844154089464,0.26819998739858064,0.30724414658880167,0.12061118289117476,0.11518250797759011,0.06631864546102251,0.20215577398263135,0.08530650472244294,0.12103845096436444,0.41708502706975914,0.22370337206011315,0.12279721247777448,0.1145110872716138,0.46570421327587697,0.3034577324552615,0.2600282224103774,0.23414274538126878,0.3405022198337084,0.08452057678490829,0.33481253784421794,0.09269266634921466,0.10584393072460749,0.040492094802407536,0.272573937148847,0.36610779660557724,0.0,0.2634530906121171,0.277929713172576,0.4158617982250648,0.2930954481112597,0.284186727594378,0.37746463529081287,0.20681681465962615,0.3427019432656232,0.12687003953220388,0.24685697945355747,0.08843711079981431,0.30402719245184384,0.1823276514764388,0.12601392096212027,0.28191352085326643,0.26538865908840104,0.2809498318720087,0.2882645784550894,0.2576291369848003,0.20920301236764158,0.2516862589003607,0.19499136866638023,0.25123215638035745,0.20395494548002396,0.2282807433530416,0.3789915594306061,0.2872814460918469,0.3518615189378927,0.23335582275713027,0.04430835893010865,0.20276592794420834,0.21646784247897993,0.37036269490302576,0.24031236934597494,0.0,0.037905409663619216,0.2253987321190855,0.3999102943449712,0.30605428217353847,0.48616852206491046,0.29283710184600975,0.0,0.22723210102985225,0.2543603159659935,0.3228259482309739,0.20646721787903782,0.20549424866506588,0.20951226613590235,0.29443382851916944
0.3656977724099978,0.20271878152258818,0.20081109083466347,0.3096769931089339,0.3522080666178168,0.08666405724544374,0.43896957246493845,0.369990539839149,0.16634939858700773,0.6029238584126433,0.041860687935127205,0.6525253677117903,0.21423896764629338,-0.08651672868650556,0.37735015332121874,0.2723899912245759,0.47663338307100034,0.10225673009850406,0.1464780723592577,0.21440112070873624,0.31312232369293913,0.1939556310079354,0.31513808220622463,0.4809901849724773,0.11484742314336571,0.30876223701260425,0.2634530906121171,0.0,0.16842955376127128,0.19124587127877124,0.2993188759235764,0.24346554479739807,0.45082579921492383,0.03056611551590427,0.23160696390212912,0.4201537846613661,0.3280880871386849,0.10795613498387466,0.3888930509910945,0.19860132516764484,0.03257554872963367,0.4834863162807996,0.3382394771508589,0.6601331534709767,0.25217576014982984,0.19455286337851185,0.12653264073024945,0.27211883418722993,0.0,0.3293613332927346,0.2979738472393683,0.24205203822466292,0.4480412232770902,0.21931433714905407,0.36329095527378497,0.26229623567640176,0.2723613609265323,0.23133402836677472,0.4363566075419089,0.2393099824067784,0.0907031926761151,0.3150455982384356,-0.13873894128071357,0.42506802584246284,0.5222224443976813,0.7264366652070812,0.14710721271254015,0.3491125415330795,0.2576055946510279,0.21472500477761208,0.15038766354646488,0.4563310395969254,0.3198657382248118,0.3126196064860542,0.10018102903899878,0.4176510778717829
0.32161368853284755,0.14455959300010823,0.24434100904821976,0.03255280527916052,0.27132581981598364,0.09885480448809392,0.08313983274036552,0.40373199596346465,0.10345030094121865,0.09558422770751263,0.04488484602801113,0.18504965154407538,0.0634185566415475,0.08618623210864249,0.31490091520093133,0.18259486523127302,0.14507963435941706,0.10487316936755062,0.18406181478096872,0.06876865489619455,0.2642929594387816,0.12437703288218296,0.35264508574036746,0.35935474782530075,0.13032292245778077,0.3859854954251082,0.277929713172576,0.16842955376127128,0.0,0.20300511879654765,0.02623490225168057,0.1928382581081394,0.3494149378537149,-0.04342118817857438,0.02726451974758498,-0.008072634021904945,0.21577720258052754,0.15262013924081302,0.33712627528379646,0.09051937826555662,0.27697985313230594,0.19147583154033987,0.2515476222392742,0.20907828636472864,0.3977238332323795,0.1748760639597396,0.13111641034541535,0.2997854601513601,0.49490543583647034,0.2683001186825003,0.3301121608521302,0.26141925463635435,0.5573073736798106,0.10938378029132978,0.26501603402753277,0.04002639725169782,0.4127046641401725,0.38874573563547166,0.5947494568247829,0.4632980344439193,0.1898628920465984,0.4700128844799575,0.058224559712674595,0.3069636517029297,0.44528524740711767,0.4009849978276272,0.14615261712310726,0.3912696192001094,0.43759452777127583,0.15980781833358898,0.1633638976231764,0.4345711940403638,0.24085769191268197,0.2752137593862619,0.18657340661987432,0.25164878558071735
