0.0,0.032119541028550636,0.010531007859437391,0.0,0.01612051515279339,0.03286072310637106,0.01310593827707962,-0.023340251537633472,-0.004672068216085901,-0.08441401008023558,0.007176033734349052,-0.03570826138787009,0.014864019497047076,0.0012674499229143321,0.0026780572052467755,-0.01289377194251723,-0.002318806006691543,-0.015107353320691741,0.0,0.02152002490988414,-0.014202591370358508,0.04123823488319722,-0.019052905524965136,-0.001099191691157908,-0.023233953590677536,-0.011417547739307532,0.004624462182681366,0.02775673368851611,0.007574857261447188,0.0019222204476023186,0.011373271464843182,-0.011817638523417384,-0.004212872738855067,0.002252542309356509,-0.0034931031165341686,0.008982005991584163,0.0007843981021785074,-0.03900262979339192,0.021348398480306563,0.037649227327870294,-0.015307595633059112,0.009473407541557954,5.0231563931246725e-05,0.0,-0.006648529741020925,0.019390996780823067,0.0408754149182296,0.0,0.0,0.0,0.01497904605900563,1.1102230246251565e-16,0.020638709840760716,0.0,-0.03405412396500712,0.0,0.002215149013814033,-0.001198237984407713,0.0,0.025565286285293698,0.02284351593995204,0.015013416171949345,0.005973598023689242,0.0,0.0044584121813106,0.054538180559864424,0.04722086078527871,0.0012639081434991373,0.008496822844516194,0.023962347339458512,0.04012090240184846,-0.009077954507334729,-0.00033266669008114036,0.0036390083263969086,0.0,-0.004178915472408007
0.032119541028550636,0.0,0.009126172057524029,-0.0001001408486349109,0.014412199463079922,0.011099253638659212,0.010397517577460103,0.0060005443504457245,0.02381359869974603,-0.011248754365015767,0.00955657957449274,-0.019127890929129365,0.016936577250178775,-0.006686508655463996,-0.009663332976523553,0.013371546539395929,-0.026767843743098152,-0.016486299069919108,0.01608455185472807,0.027242931919030877,0.03732900485194757,0.02418320884539099,0.0014040398021636924,-0.05264809141399396,0.02828365955016182,0.027686848834998334,0.01139448705468915,-0.01908207076689561,0.0012153126673106751,-0.07756295851857348,0.0041798103769536965,-0.014765377903237509,0.005174166647011147,0.004235017242276262,-0.00812510260158883,0.020449066166304708,-0.0014911585665840499,0.0,0.010709139399613765,0.005593470176832482,0.01679267394899525,0.0060539709888950965,0.006164211756403581,0.0,2.220446049250313e-16,0.03505633258569407,0.019797879664182394,8.978812023113791e-05,0.0,0.0,0.01568110990194782,0.009648607613645,0.026116013434477614,0.016244942936946505,0.02058527184671044,0.0,0.0208274494065378,0.01471864768919201,0.0,0.01993843460840311,0.014143940978326164,-0.010558908681603307,0.007606680597656845,0.0,-0.014289791148906494,0.0192999636706081,0.009193798249364615,0.027234822331610453,0.006412972464171718,0.029733799561963592,0.036315319733530305,0.03661072246025393,0.01626216554132487,-0.003462832665521942,-1.1102230246251565e-16,0.02184722690818175
0.010531007859437391,0.009126172057524029,0.0,0.022377213540119123,0.03458462849021199,0.018996328883402525,0.0327234487326889,0.039013577506584074,0.03635122197207902,0.02659135702276022,0.05024652954005071,0.0025529135002912984,0.03255806574423775,0.05077226298864218,0.03152501900846705,0.02324884026339752,0.011852823086767827,0.01526790666213762,0.06322202075055983,0.0005254225445724958,0.013331322200391515,0.008952784526904178,0.020095173859607962,0.0028957486717821057,0.01403076479608506,0.0325571951273404,0.027898667489351214,0.029170366704789674,-0.004617937106475123,0.025311375049723306,0.0227580006311765,0.011059469001022448,0.004648638980308817,0.0321638010463664,0.015215630070335995,0.03626409590319879,0.023034173363299493,0.02891838061379326,0.03703765856258384,-1.0287643329442986e-06,0.03335700150899201,-0.024558223960637116,0.04158630011567954,0.022983524520311438,0.0,0.0,-0.00017059715364486916,0.07393169570180441,1.1282143525637167e-05,0.023253213087197633,0.053534183598556995,0.051504762374156576,0.05937989918031783,0.03635516848793352,-0.00028232559957508396,0.13449227384888313,0.015496363286589265,0.07539089624345563,0.052494065601605244,-0.0002439296789539802,0.0,0.0,0.0,0.18008281975667922,0.011158697226615222,-0.004941419125825686,-0.00033894977194820486,0.06527694570072362,0.0,7.685360407466701e-05,0.02022988821302485,0.06373817508439272,0.032819386598891054,0.02673169737984693,0.007490761850413863,0.060570556612342674
0.0,-0.0001001408486349109,0.022377213540119123,0.0,-0.0377145886463264,0.014452819381021997,-0.021608057602293673,-0.09202284204485339,0.026211826800859706,0.14500412477378788,0.027279483701869556,0.042492060407978316,-0.020287018416468794,-0.08896332034150436,0.02209977190934126,0.0009876154256300285,-0.002260215876763283,5.1375373100903676e-05,0.032311378684596326,0.010360214035289084,0.0012992984959991905,0.004402734441962097,-0.004896420562199633,0.05226693422889833,0.00029216860014669166,0.0008847100593982193,0.009967859959825631,-0.0013976158786903614,0.011799129352581872,0.0053780731799124015,-0.012414600750895954,0.01657359105660461,-0.03618687809169413,0.03425944080297799,-0.005931672750279782,-0.0614033730524251,-0.017611479133265495,0.01666170505913872,-0.0029644993283438614,-0.0010899638801265543,0.016767101849831767,0.0003695518351354843,0.001843670326232727,0.011211809878097612,0.0,0.0,0.0,-0.0011928918083951578,0.0,0.0,0.020431046364586036,2.220446049250313e-16,-0.00011757938247031197,0.00031558780363544203,5.551115123125783e-17,0.0073348158653703255,-0.006858991346728571,-0.00048749020851385216,0.0,0.0,0.0,0.0,0.0,0.0,0.0,0.0,-0.00010366965137476036,0.010809470380763186,0.0,0.0,0.0,0.016385218558045256,0.0023249934620969692,0.0027435176857429355,0.0,0.0
0.01612051515279339,0.014412199463079922,0.03458462849021199,-0.0377145886463264,0.0,0.02151403609149527,-0.00801125963588023,0.03758307169461783,0.028193068866135262,0.014303210697740043,0.037614087948633856,0.014946492939176659,-0.017572696460220916,-0.03115502576804402,0.016963349048612852,0.0038421310351816618,0.010284803501104778,0.036402574885995576,0.046255976377230335,0.023075421358210613,0.02422376899695028,0.022358363258501934,0.022337972786187377,0.0029600649306771865,0.03477133086283957,0.037824159950592795,0.01837907433379321,-0.061767826241471535,0.008083258329181053,0.01345747315792828,0.010606895404712546,-0.011290650760926224,0.00585688092982195,0.023478810534893257,0.013737629895702763,-0.02573101267266595,-0.018963692701209983,0.023785585414581478,-0.05816655411338956,-0.007215270335336754,-0.06459737981192593,-0.017380985832734286,-0.015474313364104708,-0.051613613583558815,-0.00033233998943410503,1.1102230246251565e-16,-0.0006032710893631443,0.0527649206707671,0.0,-0.02932796014625194,0.07354095212461498,0.010252182721700365,0.06363068450229015,-0.040203752606692233,5.551115123125783e-17,0.05489503982216354,0.008857379392842812,0.008106243034084248,0.013105804525383236,-6.015188556696138e-05,-2.329591761657257e-05,0.0,-5.551115123125783e-17,0.02239291385222969,0.007403430834031166,0.0002178677623845271,0.006570201753646254,0.059091588726014055,0.0,-3.298342662322318e-05,0.0025751614684502155,0.05425393088585617,0.017247509061371513,0.09148976074925669,1.1102230246251565e-16,0.029534445805059817
0.03286072310637106,0.011099253638659212,0.018996328883402525,0.014452819381021997,0.02151403609149527,0.0,0.03291338882070188,0.05141239373842704,0.035923361792428166,0.031145919951218348,0.04254435465262313,0.030860158915536007,0.029778500586481627,0.04476345746739224,0.010807367088596698,0.010395615248254053,0.002879816101064525,-0.012602603492470998,0.0368912043213494,0.01541945715902071,0.012087275208495951,0.017423060286844483,0.013040180300894766,0.039810539645994736,-0.0016203248104004198,0.02754308379741066,0.011750469155953402,0.03658701913823775,0.01890577680766714,0.01790338735337743,0.012442283100808804,0.002462490039124965,-0.0005342603339757446,0.018402876333351303,0.011172954792070477,0.016451874148403045,0.018275562494707798,0.017792492673033067,0.044728035789387444,0.01009039878973178,0.030237955743276812,0.04821854931983649,0.04603856025125985,0.011563036144336347,-0.010857795432511808,0.0004682615611271701,0.001865700645895585,0.05613574030108137,0.015368888700904249,0.050150012804932476,0.03526093575779421,0.06610577314111776,0.056375665743002845,0.06337735374623599,0.021836117491375207,0.04450302361282299,-0.008133805815696227,0.06092972876616998,0.07460773362160045,-0.004473505138877232,0.01228540631649594,0.0,0.0007512927495746391,0.04451508375915947,0.00533023968914248,0.022891401995412897,0.009858565212026327,0.047757569870515826,-8.71681318942441e-05,0.03178163779707349,0.02708589593322902,0.037141956068876325,0.02899478643727127,0.029504437888219937,0.020753325740274664,0.03491595089931798
0.01310593827707962,0.010397517577460103,0.0327234487326889,-0.021608057602293673,-0.00801125963588023,0.03291338882070188,0.0,0.022650213956099674,0.02896662502150482,0.009495342940745444,0.01505259787152008,-0.0039348394630597805,-0.005826472023744644,0.020543626645102953,0.0037888932235510264,-0.00551244048771371,0.014193201873530181,-0.004601639269846969,0.015876820550176918,0.010688096173819273,0.01450086261040301,0.006496404227757435,0.00949370970075919,0.013494525322702233,-0.0011168035161004397,0.008156778816308663,0.017439466805240778,-0.04477688039330868,0.02101406971983122,0.013530381700388783,-0.00848706184713921,-0.006140099919510478,0.016233162252194733,0.011224273435891052,-0.0035977923233929676,-0.004904809732433957,0.00267396375351997,0.008334843705265382,-0.029979977620903875,0.012126994587900841,-0.04328854416430772,-0.050194578118777755,0.062257662277805936,-0.021942271015253256,-0.0007761508422862162,0.0,0.012212151864109844,0.06803568454888964,0.0,0.02554818470115261,0.0419040499729455,0.02371818892512567,0.0009991944759696336,0.0281481187432292,0.0005425277564851672,0.02069205497617893,0.00268126999878876,0.01362674318699919,0.033450484199109176,0.01225807664724582,0.007472642128473206,0.0,-7.131267524612683e-05,-0.000619100524616667,0.017459750124851625,0.015866303387741698,0.005554451996314436,0.04183955731164635,-0.00015849183105354214,0.00686551432419541,0.013077704601339557,0.038594443358147934,-0.032235002223286235,0.008278109339445672,0.012299504045488852,0.02138041694801096
-0.023340251537633472,0.0060005443504457245,0.039013577506584074,-0.09202284204485339,0.03758307169461783,0.05141239373842704,0.022650213956099674,0.0,0.0019447685186992913,-0.0026786952949996445,0.0261207506085826,-0.03645692118501853,0.029359027842299157,-0.020828631663919683,-0.007776389713595566,-0.014100259571077689,0.013885386440243341,-0.016894029699053015,-0.032158778995881265,-0.018029851652032247,-0.012688442283052381,0.0076389950012329955,0.019150947193696588,-0.00017191562674612193,-0.019298763391582374,-0.010286460556384325,0.01953919461611464,0.01737486048041398,0.020009205407292507,0.006323668404848493,0.02062132567729169,-0.03524072838767267,-0.01705061200904534,0.016105000793990687,-0.003723895808389277,-0.021260072990784973,0.0534328168955191,0.010599737447961388,0.014632295773627124,0.009530668529900699,0.0033123485270069586,0.005504800990131287,0.019314947506486158,0.0015109379476268558,0.0,0.0031113137102894983,0.016866817045731786,0.02902321310235556,0.0,0.01831628790993506,0.005774944138499494,0.046435349586855024,0.05314075871037094,0.016539784950273195,0.00020640018597450904,-0.010229192943094989,0.00026394923643696666,0.030614025906434472,0.02143174721572122,-0.044507995366748265,0.014971690509862634,0.0,4.3511020359709995e-05,0.03133502755478834,0.009803223609996303,0.04075266714770526,-0.006977718038512826,0.028503101824266963,-5.551115123125783e-17,0.02679945825349833,0.0049927981122743215,0.01823572404054269,0.009255624833234166,0.02091087961070337,0.0018298087891714943,0.0022868673692281183
-0.004672068216085901,0.02381359869974603,0.03635122197207902,0.026211826800859706,0.028193068866135262,0.035923361792428166,0.02896662502150482,0.0019447685186992913,0.0,0.02918264225367201,0.06924143383240755,0.02582476889362162,0.03116284490916338,-0.007277795155687217,0.02452448494245968,0.0035341706320927146,0.013756673202584335,-0.04149267773922566,0.0723851997718431,0.032156556303856054,0.019748698740513937,0.020147453234236223,0.01680000037329843,0.01494211112276983,0.002815526569418192,0.029833502988875993,0.00964492250007598,0.035685395398328656,0.023011056399037777,0.04649010335246667,0.033931093060970696,0.026116344803152503,0.03679355326863365,0.04366744982551091,0.04246618198292801,0.022447323329698565,0.038535735834369755,0.02622995638329667,-0.0042704204574135485,0.0005416951397258507,0.010440472236493359,0.00041726808123843107,0.01642753264685254,0.027636325007557694,0.015252253541763072,-5.551115123125783e-17,0.005722978272306389,0.044127681686265685,-5.419994650424087e-06,-0.017415780333301545,0.04662049420101544,0.054820670542716776,0.058896183369052224,0.05623118630878232,0.01834484498971717,0.047847049637108174,0.020097528636735307,0.0785485931613148,0.046863071497607545,0.0037408523464192434,0.0029891943387767572,0.0,0.0,0.04534504723114696,0.019807594331104628,0.0016107795344268427,0.01716333363424999,0.04993641930242465,-6.67056239698205e-05,-0.00438264082896872,0.0054845035546822185,0.044790212343357894,0.005444670224532211,0.07330094031372358,0.00522781235210279,0.027540431353944128
-0.08441401008023558,-0.011248754365015767,0.02659135702276022,0.14500412477378788,0.014303210697740043,0.031145919951218348,0.009495342940745444,-0.0026786952949996445,0.02918264225367201,0.0,0.012860928995588161,-0.0029881442394676383,0.01786295208562816,0.03539825329043139,0.0066705049520627835,-0.0009079609369740393,-0.0011168659457522212,-0.0015451631100885654,-0.010478538004940918,0.012468285209635999,0.01445100672250782,0.009595179292782807,0.0014344642610105707,-0.02554206867125053,-0.002390458884626412,-0.005285333005904502,0.02617697800252422,0.01350192345934964,0.011968259451038854,0.0005967878991489095,-0.0013412256537636003,-0.017505378039296138,-0.02992203049680764,-0.022201314145956275,-0.013318155411635668,0.06302363445645087,0.007287661205600093,-0.028827210533131642,-0.06588735368680582,-0.030657129545079487,-0.03243053441128341,-0.05624307604433931,-0.007917410669532943,-0.0021027001181023186,-0.016429840128048823,0.014252461177633069,0.0037295546636909593,-0.0005921802827245637,-3.0775480463429705e-05,0.0005354074560081634,0.02932679660303461,0.038681125643582115,0.004008220262297912,0.020849954902406098,-0.008833277217924873,0.0036110975229710074,0.007294475957074442,0.0020035295130288455,0.0,6.325316309463425e-05,0.004619735268572622,-0.005234711793911384,-0.012346812745105684,1.011606170070456e-05,-0.00016436044005641026,-0.0014589926497002303,0.007725725881074397,0.008304445177987008,0.0012890784827487844,-0.011244741898205957,0.0020978585622639656,0.023966949411192373,-0.005204481321220478,0.02650575059598026,-5.551115123125783e-17,-0.006602228865045079
0.007176033734349052,0.00955657957449274,0.05024652954005071,0.027279483701869556,0.037614087948633856,0.04254435465262313,0.01505259787152008,0.0261207506085826,0.06924143383240755,0.012860928995588161,0.0,0.006247451025404749,0.014982501938562265,-0.03349735633417167,0.0,5.2633967146720195e-05,-0.0039445847181390215,0.002584624898137877,0.027173820977046126,-4.488682784375975e-05,-0.006260158012369066,0.004490298184242847,0.0036117387664469924,-0.02592536602518425,0.01169771272108916,0.02405319722253646,0.03686466267788646,0.02038402476963136,-0.041287121465916565,0.020230029950098927,0.029816156644807135,0.030138909213860587,0.031121265700478018,0.03980143454118901,0.03665412693810033,0.061340576450476414,0.04432512834645724,0.025418501584919095,0.037378950899674135,0.010772373459679907,-0.011277292605155642,0.00940668842308151,0.023349301623094565,0.030245772842435237,0.0020159640406899326,0.0,1.1102230246251565e-16,0.09769360799763993,-1.0495158452306086e-06,0.06203517723690216,0.056872861407279596,0.09339271141038336,0.03422622935551384,0.06039890404582837,0.0054264424072537065,-0.011498340544763452,0.017830101494549166,0.09191862617106844,0.03594479767000264,5.551115123125783e-17,0.0,0.0,0.0,-0.09877956184894507,0.0082286719305657,0.0,-7.270960351424272e-05,0.056820961382294644,5.551115123125783e-17,0.0,-0.0001939048293868595,0.0503558197917483,0.0641498600346927,0.009331983267391819,0.0,0.006180865082081877
-0.03570826138787009,-0.019127890929129365,0.0025529135002912984,0.042492060407978316,0.014946492939176659,0.030860158915536007,-0.0039348394630597805,-0.03645692118501853,0.02582476889362162,-0.0029881442394676383,0.006247451025404749,0.0,0.013121636444640927,-0.004788315303477675,-0.005681898539488195,-0.024547787374173347,-0.009025756706350252,-0.01744017699479683,0.023559118712178806,-0.013675817784967514,-0.07265773400716563,0.013710849237843603,-0.02495277220741704,-0.009294493532082337,-0.014364953219873633,-0.012261571352893741,0.004769591157951336,-0.006068073860556633,0.00414766745198758,0.005929876907506959,-0.013458479737071483,-0.012653298195964724,-0.020441519943954767,-0.015123519212960235,-0.027503193904593604,0.027775937803432682,-0.013594706478416041,-0.01482966227697649,-0.017112633422489032,-0.05983131392321195,-0.031040818144902838,-0.07982275885406342,-0.008331916820685903,-0.0037892786722383276,-0.022991710045296487,0.028197438085962867,0.002824314712360998,0.008309749209668815,-0.009767423079018789,0.00980703800344912,-7.921819856188117e-05,0.009015234336331224,0.0004812898412642763,0.007828296374467192,0.001071762738901083,0.001956481851339009,0.02242435108488061,0.0148015587074804,6.631071373919273e-05,8.726010734361189e-05,-0.0010621068869812733,0.0007817601901116134,-0.002504138648425691,0.012778660525703756,0.00664004671869306,0.018002902869908854,0.0017893002450521944,-0.0010127223718858214,0.01387705014552243,-0.0034136139577647384,0.0012459475333068681,0.004862379601906108,0.007658807383527699,0.0013662920621948516,0.0,0.009947991961716418
0.014864019497047076,0.016936577250178775,0.03255806574423775,-0.020287018416468794,-0.017572696460220916,0.029778500586481627,-0.005826472023744644,0.029359027842299157,0.03116284490916338,0.01786295208562816,0.014982501938562265,0.013121636444640927,0.0,-0.022460092685838873,-0.017661204678603326,-0.0004989206358955167,0.02771801374996019,0.00038937097215613337,0.02421030105732841,0.015124011519316694,0.020202068910861848,0.011505129683697768,0.011069712409449817,0.0029948453930488395,0.0005116687657415464,0.014064151345219544,0.015070349714187858,0.014640312315977622,0.03348664361629716,0.04051833051742293,0.00525924802151595,0.010280829241473999,0.018909414309224604,0.030220733728069882,0.014439829027184603,-0.0003188492241529839,-0.006286568422915584,0.02266666168210152,-0.013296648227726249,-0.017090409990148436,0.022311706293102695,-0.03178552940007351,-0.012284717897554476,-0.0233938266587283,0.0012987799982506765,-0.004366426685232294,0.012834607261981545,0.06150640902443261,0.0,0.02895718318065299,0.036999072920553766,0.022425895965622167,0.02400692737383897,0.04309242968827731,-0.025077340466954534,0.036398650669930976,0.00514001257353458,0.07548094101597946,0.002106872614852928,0.012460243584674957,0.014590557104196766,-0.004004728963963311,0.005666937507169956,0.030517648432596745,0.01833849446530117,0.013985217660469784,0.008869304188382832,0.03535522113906164,0.0031304510012046816,0.011504424733410512,0.015398296187246752,0.023771188320261205,0.015236319415522337,0.01907154607926692,0.01754239356693499,0.021346849645697608
0.0012674499229143321,-0.006686508655463996,0.05077226298864218,-0.08896332034150436,-0.03115502576804402,0.04476345746739224,0.020543626645102953,-0.020828631663919683,-0.007277795155687217,0.03539825329043139,-0.03349735633417167,-0.004788315303477675,-0.022460092685838873,0.0,0.006354820517283588,-0.0007149005289014965,0.00014102445813551912,6.972734091303945e-05,0.049118128490056145,-0.0001368308665090634,0.014824384313109618,-0.002121615962305645,0.01185493780083774,-0.018704097565402478,-0.07257783310948218,0.007885988588597792,0.023260986744697953,-0.05063881598008052,-0.0007040971882068536,0.011864120471386741,-0.02503044688616196,-0.022675549541526396,-0.047062486312105856,0.001322327308525384,-0.012353835327962859,-0.03396848958791862,-0.0367551529210641,-0.01908548762136253,0.017529640118651324,0.0,0.0035365279884854717,0.0005221522364486919,0.01617941642037929,3.0210300553390468e-06,0.0,0.0,0.0,0.030587899009571595,0.0,0.004747365537957682,0.018142166625411182,0.016231715954330372,0.026758583345923792,0.054696347690866065,0.0,0.015545947511006741,-0.0001247421819139949,0.0007438796660215186,0.02139991697824245,1.1102230246251565e-16,0.0,0.0,0.0,0.10763294702130921,0.0,-1.1102230246251565e-16,0.0,0.04569608014479437,0.0,0.0,5.551115123125783e-17,0.02441412510371538,0.005563745340364246,1.1102230246251565e-16,0.0,5.551115123125783e-17
0.0026780572052467755,-0.009663332976523553,0.03152501900846705,0.02209977190934126,0.016963349048612852,0.010807367088596698,0.0037888932235510264,-0.007776389713595566,0.02452448494245968,0.0066705049520627835,0.0,-0.005681898539488195,-0.017661204678603326,0.006354820517283588,0.0,-0.018573966073350046,-0.0029446557640220306,-0.04784381916714353,-1.1102230246251565e-16,-0.04829366413173297,-0.0007598042369300617,-0.02219061222769325,0.010711766363007302,-0.044770775565475984,-0.03243729262149392,-0.006432740693653405,0.008336594637011197,-0.012224114831691335,-0.009703535797194185,-0.005712127984199122,-0.010586328375597143,-0.010415889695279845,-0.008636022586174574,0.0007102635299057747,-0.004882123943551364,-0.009338176107154428,0.007458573420717873,0.0001333215672939536,-0.0013102255654162676,0.013733609274700853,0.006478155696158228,0.0008168863585835684,-0.0038272467600108384,-0.0033388867861482985,0.0,0.011999568353694257,0.018842200412402754,0.016588455653468503,0.0,0.0,-0.023034649973726284,0.013644031305673487,0.017391465240436665,0.004578096768262319,-5.551115123125783e-17,0.0,-0.0037757592131697493,0.022494213539344332,1.7204248836888425e-05,0.02911898287829895,0.01856712652290604,-0.0006013700221685903,0.004831431491918614,0.0,0.007657822781378554,0.014500831755186072,0.01369205570942661,0.015037520433948293,7.512839912421354e-05,0.01848341358559047,0.028352963778165208,0.013368779871406222,0.011569197833681322,-0.004587472490970523,0.03648037658682762,0.0038285043465706714
-0.01289377194251723,0.013371546539395929,0.02324884026339752,0.0009876154256300285,0.0038421310351816618,0.010395615248254053,-0.00551244048771371,-0.014100259571077689,0.0035341706320927146,-0.0009079609369740393,5.2633967146720195e-05,-0.024547787374173347,-0.0004989206358955167,-0.0007149005289014965,-0.018573966073350046,0.0,-0.002892410685710445,0.0011865120623966718,-0.0001838650852837298,0.0018876550425237504,-0.00022402546394023615,0.018052742945192546,-0.007745806015217072,-0.039707602922230356,0.001958504617511958,-0.004770324390287517,-0.005359225434097281,0.005906960875138978,-0.0009491728363427709,0.0077572501682460215,-0.009932212955972908,-0.01622616777467145,-0.04475407609517451,-0.00399991294325347,-0.008649716173201316,0.006626506762043627,0.005338101777637216,0.026481298318438706,-0.012552783812864232,-0.011554374416124336,0.0010483399690106587,-0.03523435522328572,-2.2433027826340712e-05,0.0,0.0,0.00213806700540059,0.00038242525348125556,0.0,0.0,0.0,0.005385765195017933,0.012684352412022593,0.016833413152168797,0.0,-0.01292995913043593,0.0,-0.00952521747015006,0.01326676249603731,0.0,-0.030730341288063845,-0.01466792199790451,-0.04257155793421358,-0.007005983713937236,0.0,-0.03512140621628701,-0.01378844037011423,-0.0068408970462017216,0.009114442057902461,0.0019574029087311984,0.0006142541549928882,0.018016102701360115,0.019974923852956628,0.02236111959847359,-0.03526441151543891,-1.1102230246251565e-16,-0.009952253143172163
-0.002318806006691543,-0.026767843743098152,0.011852823086767827,-0.002260215876763283,0.010284803501104778,0.002879816101064525,0.014193201873530181,0.013885386440243341,0.013756673202584335,-0.0011168659457522212,-0.0039445847181390215,-0.009025756706350252,0.02771801374996019,0.00014102445813551912,-0.0029446557640220306,-0.002892410685710445,0.0,0.013105709404204025,0.010316518500112504,0.02640499199320845,0.0206793588946928,-0.0020922735348102295,0.012299571191645764,-0.02325375172211558,-0.0019618480964699314,-0.02353968765527087,-4.571351957471936e-06,0.027723454317481078,-0.00014188471463449925,-0.001155190751019386,0.01784081065801474,-0.017325399413053777,-0.008515406029592054,-0.007670810016256524,-0.031032593919764928,0.03172376728715065,-6.220618039565196e-05,-0.02822864099691541,0.02091885418438677,0.00262169013163166,-0.0018160517936390286,0.006438672567756931,-5.551115123125783e-17,0.0,0.008254873165660814,0.01761050072613657,-0.01535853765360956,0.0,0.0,0.0,0.0,0.0,0.0,0.0,0.006872372170699637,0.0,0.02093115975517551,0.012949218229906856,0.0,0.0002505962742898049,0.004696804107092278,-0.007091389975336426,-0.016940451376078303,0.0,1.1102230246251565e-16,0.0,-0.01888747736977081,0.0,0.02984757684799788,-0.0054196492353049686,0.002124353496302467,0.0,0.003378112194004801,-0.0001351941770160736,0.0,-0.008690658447134014
-0.015107353320691741,-0.016486299069919108,0.01526790666213762,5.1375373100903676e-05,0.036402574885995576,-0.012602603492470998,-0.004601639269846969,-0.016894029699053015,-0.04149267773922566,-0.0015451631100885654,0.002584624898137877,-0.01744017699479683,0.00038937097215613337,6.972734091303945e-05,-0.04784381916714353,0.0011865120623966718,0.013105709404204025,0.0,0.017407957255146267,-0.007939956397720549,-0.01732841113499739,-0.005293385463029376,-0.022582726992832314,-0.014864345520068045,-0.014100980126785512,-0.009228239607287692,-0.017400660744505247,0.0031739667244694014,-0.011110187573453334,0.0003319908828444129,0.009692041990013167,-0.019156603403577943,-0.025805919155425072,-0.005423307886859352,-0.03211344763767676,0.01373118195889439,-0.00010367499778785039,-0.03693996813318512,-0.008912778452978831,-0.0047888057266278206,-0.011575452266349928,0.0018640135868980279,0.0,0.0,0.007102359938857883,-0.002594195087574025,0.004045174675510632,0.0,0.0,0.0,0.00457503906759632,-0.0004372307474782011,-0.0003453038976360401,0.0,-0.007486945492792885,0.0,0.013310031083625329,0.010760451754762868,0.0,0.005174481547752963,-0.007627176803585933,-0.02583228848258312,-0.007266535259757012,0.0,0.011986008454027697,0.003545158544695337,-0.0019777734285654214,-0.00018130734249943714,-0.0032033928653364407,-0.0024835313693183925,-0.0013893643232499864,-0.0019381094598370785,0.007587487284269168,0.023355769124364822,0.0,0.0031428114656952832
0.0,0.01608455185472807,0.06322202075055983,0.032311378684596326,0.046255976377230335,0.0368912043213494,0.015876820550176918,-0.032158778995881265,0.0723851997718431,-0.010478538004940918,0.027173820977046126,0.023559118712178806,0.02421030105732841,0.049118128490056145,-1.1102230246251565e-16,-0.0001838650852837298,0.010316518500112504,0.017407957255146267,0.0,0.0004562333823255882,0.013678811648675515,0.013600380870436524,0.05229106970765335,-0.01101554206455907,0.019663540786049427,0.018580077642051107,0.04524173161460071,0.024640672752663184,0.03020391073981482,0.012389081182635486,0.022910037954357976,0.00943757728894501,-0.10135278533195574,0.025527547436619613,0.016232339425557074,0.03094866961136461,0.014529858153972619,0.011321596045344384,0.04220948401447433,6.727411740564682e-05,-0.021697807802064317,0.012173127343914791,0.051243816627844274,0.009701374871222967,-0.00048638963011921055,0.0,0.0,0.08484283947784732,-5.551115123125783e-17,0.032579890365698416,0.04322842798913973,0.06447005046355903,0.05428815345532978,0.048164329874962886,-0.00011876709544295094,0.0940321221525387,0.011181072284629001,0.05979688622547119,0.07102886125293784,2.220446049250313e-16,0.0,0.0,0.0,0.061419224976675846,-0.0001163759916781304,0.0,8.103860464925283e-05,0.0509798672899322,0.0,0.0,-5.551115123125783e-17,0.04531365373815077,0.03584298150692067,0.005656063913263454,-0.0004012130108362877,0.013498145367992431
0.02152002490988414,0.027242931919030877,0.0005254225445724958,0.010360214035289084,0.023075421358210613,0.01541945715902071,0.010688096173819273,-0.018029851652032247,0.032156556303856054,0.012468285209635999,-4.488682784375975e-05,-0.013675817784967514,0.015124011519316694,-0.0001368308665090634,-0.04829366413173297,0.0018876550425237504,0.02640499199320845,-0.007939956397720549,0.0004562333823255882,0.0,0.00351338888235625,0.018024523003389192,-0.0363710982292752,-0.12543674066522809,-0.006660111018018,-0.0007836564799101886,-0.011881462421202693,0.022757147511528464,0.017380576250597357,0.03812060570867315,0.0007259997663337514,-0.003945617483030017,0.008715943490351374,0.011123138555532042,0.0009848950772198273,-0.008259453928146587,0.0073801148398102145,0.004676167471528714,0.005010143164816516,-0.0025458144447773057,0.009700271715610498,0.010391904094104898,-0.03339647067152396,-0.03335136468340277,-0.000379793072793011,-0.0021535376544615237,0.01612191080508768,0.015548146888778924,0.0,0.0,0.010546628332650687,0.02308545022534425,0.02487073637063142,-0.011114348398739371,0.00014257742052126154,1.1102230246251565e-16,-0.012013993164565806,0.017310109077614988,-1.1102230246251565e-16,-0.012704114472847194,0.009708458546439092,3.568610581766718e-05,0.01594413886992596,0.0,0.00940505829734073,0.008158747552810652,-0.02405953549766021,0.021601377387147958,0.0,0.012795462231535881,0.003494598647816205,0.017377708970661987,0.025492505476187532,0.011584425150805655,0.010791500076283711,0.018853473044497415
-0.014202591370358508,0.03732900485194757,0.013331322200391515,0.0012992984959991905,0.02422376899695028,0.012087275208495951,0.01450086261040301,-0.012688442283052381,0.019748698740513937,0.01445100672250782,-0.006260158012369066,-0.07265773400716563,0.020202068910861848,0.014824384313109618,-0.0007598042369300617,-0.00022402546394023615,0.0206793588946928,-0.01732841113499739,0.013678811648675515,0.00351338888235625,0.0,0.016886031967268678,-0.005502859332125909,-0.0018621020446726866,-0.01622862912535944,0.00014866194665968946,0.012782027161760634,0.009795277378457812,0.011934837116728603,0.007413924902621716,0.01310430115861383,-0.0008254296020914764,0.022644531980181903,0.009321193717381826,-0.00717475786783206,-0.001737524724599926,0.0012879782216740354,0.017236672097179384,-0.0038996529782244216,0.0316311441340657,0.007436761156039029,-0.007987280878395286,0.012256709701946089,0.0,0.0,0.021717870847832332,0.028400054696641863,0.02227446491979701,0.0,0.0,-0.015011042898625537,0.009561475174403866,0.06278750635266345,0.00982059092342813,-0.001361039414009002,0.0,0.002151392388384077,0.01831541591289443,5.551115123125783e-17,-0.030495353354797194,0.0019220756748382084,0.0,-0.01447068058578338,0.0,-0.013820063499468682,0.010909695652335183,0.009010407426709555,0.015077250717586976,0.00165921402111191,0.018209361648915845,0.02886128693496004,0.015154592810564416,0.021425372425455114,-0.014658013371883938,0.06242006159753921,0.01187800559254476
0.04123823488319722,0.02418320884539099,0.008952784526904178,0.004402734441962097,0.022358363258501934,0.017423060286844483,0.006496404227757435,0.0076389950012329955,0.020147453234236223,0.009595179292782807,0.004490298184242847,0.013710849237843603,0.011505129683697768,-0.002121615962305645,-0.02219061222769325,0.018052742945192546,-0.0020922735348102295,-0.005293385463029376,0.013600380870436524,0.018024523003389192,0.016886031967268678,0.0,-0.004707735718868289,-0.06148209693166973,0.004016154989615606,0.015606525514998193,0.011933251184397586,0.015205347589622054,0.01209731003778114,0.029074210267612755,-0.0008871250258413732,0.001258705391538606,0.0022236788743884572,0.0128802997034414,0.004615291356330764,-0.0016889185668286233,-0.0007200370582876037,0.007863151826508763,-0.004156268946008845,0.007445076036351361,0.010634779242421677,0.004407595925907226,-0.035529921994704616,0.0185818840553732,-0.0002608654090688889,0.00961370269619316,0.00731190859741776,0.0006664589655970277,-9.460405510253178e-06,-4.95636543648148e-05,-0.014321545825414839,0.009022321662610744,0.008803533914167716,0.01826870738744263,-0.012764296960278032,0.0,0.0058694140980316,0.014480922929223983,0.0,-0.010703173454739145,0.0027914432088347874,0.015738286327927342,-0.0490553515067107,0.0,-0.01992993331527365,0.00684644402822443,0.0017241170044366982,-0.0022063965243969696,-0.012820623248895269,-0.015741084385063886,0.02287101749606213,0.0026731317627902706,0.0037998692958602365,-0.015893730093547,-0.014230840959719715,0.006944781024122659
-0.019052905524965136,0.0014040398021636924,0.020095173859607962,-0.004896420562199633,0.022337972786187377,0.013040180300894766,0.00949370970075919,0.019150947193696588,0.01680000037329843,0.0014344642610105707,0.0036117387664469924,-0.02495277220741704,0.011069712409449817,0.01185493780083774,0.010711766363007302,-0.007745806015217072,0.012299571191645764,-0.022582726992832314,0.05229106970765335,-0.0363710982292752,-0.005502859332125909,-0.004707735718868289,0.0,-0.006025064035703687,-0.02072276933853623,0.00524720602271711,-0.0068434489326870684,0.0038354539918913355,0.0023969747533458263,-0.0008101522745929679,-0.007149248192385826,-0.013448700645080025,-0.008943805876816646,0.003089919222081794,-0.016144286574069744,0.009817363044304916,0.004462671864279677,-0.004443719180736161,0.03345986160600778,0.0228871156234704,0.02676797561484523,0.03744877356216014,0.004635198013143715,0.007649488342394817,-0.007105611420079094,-0.003078646203658053,0.010492338953424662,0.06847680224370856,0.020516551832251262,0.03380352682175247,0.029450626405464364,0.05725718538970703,0.05376045406344898,0.036325844629121584,0.02681786249599566,0.04028198060903365,0.029015764251421716,0.04996654052769489,0.021018721707110055,-0.0007570106089795914,0.014632984759175294,-8.68103990560587e-05,0.013639599636958155,0.06862980620791559,0.02019150883244658,0.03323708679831455,-0.0016551102575654286,0.048902209751558345,-0.0003345499939594321,0.02042622755143947,0.01762931422385694,0.032632870588570895,0.027912937200207044,0.022544029268196153,0.026944469397597204,0.03281513323170948
-0.001099191691157908,-0.05264809141399396,0.0028957486717821057,0.05226693422889833,0.0029600649306771865,0.039810539645994736,0.013494525322702233,-0.00017191562674612193,0.01494211112276983,-0.02554206867125053,-0.02592536602518425,-0.009294493532082337,0.0029948453930488395,-0.018704097565402478,-0.044770775565475984,-0.039707602922230356,-0.02325375172211558,-0.014864345520068045,-0.01101554206455907,-0.12543674066522809,-0.0018621020446726866,-0.06148209693166973,-0.006025064035703687,0.0,-0.02659055447345343,-0.00902647917965832,0.015215120295942075,-0.02363418771012399,-0.15259122135266046,0.011670645624053955,-0.010635912647780521,-0.029829974706975848,0.0013246491263688154,-0.025552270454124976,-0.04230706659843181,-0.025759294244971476,0.01253807907709642,-0.03306171242812703,-0.09599114611103787,-0.033739825486665265,-0.04504323218044043,-0.013422937144225489,0.003352036857350693,0.0033393510294289497,-0.004409408090432387,0.0033581355199152063,0.002032872973989519,0.0,-5.551115123125783e-17,0.00034288517241343186,-0.0022414369406069112,0.0002938190262278817,-1.6653345369377348e-16,-0.0006108205591124904,0.0029289318268436726,-0.00044935336485441013,0.028256770202571946,0.017272373217936843,0.0,0.0011316155989182786,-0.0008966985412677264,0.0035262677614025795,0.0016560034641532329,-4.178487207923132e-05,0.0010604188323108943,-0.03542461348669723,0.00054080012052099,0.0010893617066148886,0.021504702673576848,0.013230599420964384,0.010734368831939178,0.0007044685208337231,-0.0031977169873942946,0.007694763449208719,0.0,0.013749343338727238
-0.023233953590677536,0.02828365955016182,0.01403076479608506,0.00029216860014669166,0.03477133086283957,-0.0016203248104004198,-0.0011168035161004397,-0.019298763391582374,0.002815526569418192,-0.002390458884626412,0.01169771272108916,-0.014364953219873633,0.0005116687657415464,-0.07257783310948218,-0.03243729262149392,0.001958504617511958,-0.0019618480964699314,-0.014100980126785512,0.019663540786049427,-0.006660111018018,-0.01622862912535944,0.004016154989615606,-0.02072276933853623,-0.02659055447345343,0.0,0.004066348333176928,-0.004779434081417178,0.005502471055547853,-0.017202302192566465,-0.007750350925445126,0.007977818194686737,-0.015599627369370983,-0.02088813133231493,-0.010391808499475685,-0.037995812853267585,0.020172203734552308,0.0027933673420823535,-0.032075691179167365,-0.0014320018454407335,0.008813682216796292,0.003952686496157765,0.0024168396050684438,-0.0036035859802387993,-5.551115123125783e-17,-0.024456958263303685,0.013111808589176488,0.01262823422420245,5.551115123125783e-17,0.0,2.220446049250313e-16,0.011225709881995616,0.01670964728463148,0.005780255535380252,0.00030447794157889563,0.00359322941693091,2.025871774263832e-05,0.013706497798912143,0.018959730928405194,0.0,0.01834655771469068,0.003792755218885502,-0.008782228586754426,-0.0014811224835078463,0.0,-0.0029221675223906063,0.022026836708781028,0.008755232023895554,0.012992112175244819,0.011589347529028238,0.005793278525396017,0.008097864153483625,0.02153548616389639,0.03289452349907618,-0.010032762494067315,0.0,0.00825186960696761
-0.011417547739307532,0.027686848834998334,0.0325571951273404,0.0008847100593982193,0.037824159950592795,0.02754308379741066,0.008156778816308663,-0.010286460556384325,0.029833502988875993,-0.005285333005904502,0.02405319722253646,-0.012261571352893741,0.014064151345219544,0.007885988588597792,-0.006432740693653405,-0.004770324390287517,-0.02353968765527087,-0.009228239607287692,0.018580077642051107,-0.0007836564799101886,0.00014866194665968946,0.015606525514998193,0.00524720602271711,-0.00902647917965832,0.004066348333176928,0.0,0.01562243681197456,0.013100704550839226,-0.014002381292073096,0.023252909770470342,0.0032964042690155626,-0.009442703105746242,-0.012057323260982189,0.004666469999980605,-0.019454052337180172,-0.011103000518125405,-0.021922109824664193,-0.02717429368160107,0.01428190188368178,0.01848304775091203,0.030042533318072884,0.015241615874127978,0.018851579805193863,8.745586504366187e-05,-0.009744419529144621,0.013554606586391016,0.026328422759611836,0.016856557229627145,0.0,-3.093746858434665e-05,0.02469249326217826,0.01706703347929356,-0.004577119287694442,0.021317343771098063,0.008408141242113587,0.0,0.017553775266626548,0.02062784633821685,0.0,0.018129524528737728,0.018632144640320425,-0.0017089886762816087,0.005792289194066491,0.0,0.01094974839664703,0.02648082440579891,0.019064934648967857,0.02582453106844368,0.015336396892497717,0.012264023831209059,0.02599075958906527,0.01741313170806086,0.029348290204800564,0.013423383394901789,-9.580314506107968e-05,0.014020177411504353
