0.0,0.5150122163874953,0.3578553046879511,0.0,0.383195472941451,0.2333075786005095,0.5788184443296734,0.2994778476411475,0.44005998105682215,0.5539968964614184,0.4298895164651889,0.5566429976100026,0.2384316967402425,0.3596631292142124,0.38966422756307284,0.7543810836566944,0.5318067994089869,0.5845738514116576,0.0,0.2589136928120148,0.12799551023756678,0.5514165480366651,0.34568621347448625,0.6414056493447162,0.520538863952135,0.6549091877359812,0.23868358039298257,0.37648714823919005,0.3005459036454671,0.35719287534011357,0.6100025956846233,0.6097457008491558,0.8134127900882497,0.5532456643329522,0.5751901034125091,0.5810489239140745,0.44860398383247113,0.5386663950269006,0.5203691827850923,0.585541896445642,0.5978084578235308,0.37624393448435955,0.47817653265980326,0.0,0.3955794756050099,0.5516884294015756,0.6494194457779253,0.0,0.0,0.0,0.47062358807392635,0.0,0.6354121972836031,0.0,0.4739127127110341,0.0,0.6600043338191455,0.7013154123715872,0.0,0.5347408149505559,0.7963603791375498,0.6003970384066044,0.7407650701523889,0.0,0.495539689786742,-0.10103733848209207,0.6122990197774827,0.4887327438766037,0.42933329254215125,0.8013060073337975,0.7635374007577421,0.4882265428897748,0.47461383358403975,0.5751327404525091,0.0,0.46555047977903385
0.5150122163874953,0.0,0.6121186893353834,0.38381617224518166,0.28319066505455337,0.31938814644324204,0.3430555174892614,0.571706799280163,0.24921908521045377,0.47630827697453937,0.48867119503182366,0.540749483064521,0.3286750997436487,0.27304941337317135,0.640030929782069,0.41297387952546544,0.6342553412455054,0.5078859700034365,0.3126298282542205,0.42335891728521724,0.6134779324395395,0.5393403091410263,0.5247376260568168,0.5682076968037133,0.42253626133682204,0.5774391500153051,0.36499862465382304,0.3176453524841352,0.3525685430327189,0.5586068758002368,0.5668482477900343,0.5597704744555421,0.602577316376544,0.4743976665788169,0.6019017775890607,0.646973167378681,0.0010271282851771757,0.0,0.6294550371990872,0.7190563214962776,0.6190288096746586,0.666358582872558,0.5953204203431353,0.0,0.0,0.5243881212494786,0.6203459902769325,-0.025460810944194244,0.0,0.0,0.603539003988475,0.7144671924647977,0.524111544344166,0.717487625235576,0.6826935391133873,0.0,0.49590961414882095,0.7070176719365346,0.0,0.5058526308850169,0.6069030340491632,0.5201435470957554,0.6286329719481969,0.0,0.48763746018885185,0.4012809555110647,0.6505052439616605,0.49780641795839997,0.3683739243986644,0.6701003173373001,0.5678807635940699,0.47985852383084554,0.6495940755832241,0.7461506553745794,0.0,0.6792688417572355
0.3578553046879511,0.6121186893353834,0.0,0.5099899032842263,0.7051768534681067,0.5893439276302521,0.4990967681154822,0.7217309012755384,0.20953399587163357,0.6109493898179276,0.5946509203591106,0.6191298713061545,0.4784517784214346,0.6761808317382662,0.40819801134961053,0.45797995232834704,0.5686490170915542,0.5645559946748429,0.5241783188977627,0.38641891722317084,0.3787614144067514,0.5331597251330412,0.4667708192254282,0.48606567552788116,0.6252516225633555,0.40583606940340794,0.5310834941663577,0.5379560454679937,0.6402586860358962,0.6534625862365193,0.5233376909301445,0.4372376506062132,0.45107173748993784,0.4998711059058284,0.37950195583188423,0.7378874826248474,0.5323563633257249,0.49584979314836186,0.6369141314380729,0.46701128321832,0.48481475651741424,0.3936245774447916,0.9091907932636372,0.501267925492134,0.0,0.0,0.39086771490646555,0.6963392401352777,0.46650620378964247,0.5364795259707191,0.3669948472471989,0.565720589320892,0.6745550513035172,0.9236792334169823,0.38497509575856476,0.7819987615840842,0.6420678692257648,0.3735530833517915,1.1599568216439926,0.3877002189734704,0.0,0.0,0.0,0.6262859901930637,0.8545234382933612,0.5756804026241615,0.29651416353074234,0.4439081670367178,0.0,0.5419083866163057,0.4110410974417808,0.43293228935315864,0.40724448157629856,0.5999353240055102,0.43771298948088955,0.3530512705530157
0.0,0.38381617224518166,0.5099899032842263,0.0,0.36549936662095656,0.5439145682530788,0.5272274345544761,0.7994021669374863,0.612820221044986,0.3748961897196308,0.6547847676612335,0.3458453293053273,0.48806818827976683,0.741511698960413,0.6009135968565982,0.23595239300170123,0.4590465239392379,0.4755512646575356,0.6150802965945443,0.45935907118224006,0.43785763584357096,0.5550071497278131,0.7613711240147301,0.30921307521425795,0.7809339023145726,0.46274599654773474,0.5038663951921252,0.5218390554623948,0.40367249432424557,0.5106896954436267,0.6752762944670986,0.06995668710642863,0.48900173763331156,0.4662545948146798,0.21582850303771298,0.4388174879654845,0.43012835315960657,0.37194917624273094,0.24138145569117878,0.3656773135377974,0.36725903610900756,0.1412798893176383,0.39271222888028723,0.35885405530462067,0.0,0.0,0.0,0.4845309019661829,0.0,0.0,0.6520090415260064,0.0,0.47375637724344044,0.354419861317143,0.0,0.5235690860631563,0.5830581166832477,0.49662345585215384,0.0,0.0,0.0,0.0,0.0,0.0,0.0,0.0,0.4529518889521963,0.6625615429447178,0.0,0.0,0.0,0.5169184283256373,0.4082499843932591,0.6978261801376309,0.0,0.0
0.383195472941451,0.28319066505455337,0.7051768534681067,0.36549936662095656,0.0,0.6279982083694251,0.4320950100216735,0.5859026024377679,0.5025083158863455,0.6054511392381178,0.5808104283747193,0.5134096307476488,0.3890564331299166,0.40590464636297247,0.38738775939126274,0.6044855318184588,0.5403064920332298,0.48934256114918057,0.5623736928988865,0.4375882723558623,0.464255826761251,0.2730621598274079,0.5362983221563244,0.6226399914024984,0.5185243337575218,0.44466818240796485,0.7931318992486556,0.5509430730999982,0.4797001797243672,0.2766797534821456,0.5276261927241318,0.527613407274246,0.3431114609249859,0.5298830754262829,0.47640260551433256,0.2582124667256506,0.1683966000111682,0.5208129994360461,0.3476352348657333,0.3990397527752757,0.5964314681945924,0.44891346118794706,0.5967723457346165,0.4756151324802892,0.3532795154851305,0.0,0.255162007872926,0.6805158580382036,0.0,0.5181415961744756,0.6082915808393212,0.5405672951163276,0.5099700428463652,0.6736430557140172,0.0,0.5623508668976807,0.31206521313158153,0.5484362716937311,0.5221022005771971,0.3617123886382261,0.4974662317887734,0.0,0.0,0.7335287495809542,0.3977996895461004,0.44237609465755656,0.5320603701519413,0.4731354489258985,0.0,0.46715463236018173,0.42955790215397754,0.49690751368578495,0.4714164929257361,0.42491606687379435,0.0,0.6062200116889551
0.2333075786005095,0.31938814644324204,0.5893439276302521,0.5439145682530788,0.6279982083694251,0.0,0.6043587762728112,0.6300104490891891,0.5066270209948888,0.5209687561350533,0.7095500601885254,0.5654182909170118,0.470207707142966,0.5704700047211764,0.5711240310384105,0.3526012353229907,0.33433916152156706,0.33254359899568686,0.532931145865971,0.46001611330724856,0.4985617273343194,0.35190973048070395,0.6245316790685014,0.38287340931696323,0.3006452443403649,0.6042658984403131,0.47036250076742037,0.5496029119830056,0.2815872942643369,0.5850156143489551,0.6554294187210632,0.4705473955648581,0.5858790145130672,0.5707517741071122,0.5331428128669063,0.5807959326344129,0.6254803271275806,0.5886066718935735,0.44717012238066817,0.40458547088219116,0.4761795139706481,0.5149232655211464,0.637005407326682,0.47315234403040407,0.20852264989099872,0.24539896618785811,0.5464109975436628,0.6362487286036659,0.7898501089476386,0.38534416863206916,0.5165797399989807,0.6344976200041205,0.7546341416577016,0.570749505929665,0.6535847603366289,0.5210425304024301,0.3341955624060553,0.651115002787054,0.6256253392186023,0.4204987795880606,0.5555861017686827,0.0,0.6447309870955781,0.4953487759209214,0.4430859245262337,0.2955893338975746,0.4273013254955573,0.4862261269681898,0.5036726455854814,0.5567996474313136,0.48751521832375144,0.4932925933860879,0.49706687647485737,0.5011895095535112,0.7135311400644323,0.4304971494126519
0.5788184443296734,0.3430555174892614,0.4990967681154822,0.5272274345544761,0.4320950100216735,0.6043587762728112,0.0,0.4730241772754633,0.502740120100094,0.5200055685765875,0.5700400712971363,0.40994658211447454,0.5782542512539512,0.3928638902677254,0.5447278655779848,0.4542843177803024,0.5160610299611711,0.5136166289917616,0.5961755124810697,0.4956681746550602,0.34662838701856913,0.407688618464372,0.5342979845196706,0.5650617331954505,0.30357194668584087,0.4876001854034034,0.5123002571047401,0.48270289751932705,0.4760920739912601,0.45377270386228463,0.5932842297494025,0.6837536382410961,0.48907961000113687,0.5813825822530403,0.4489657167482522,0.44863653389267844,0.2844432469995435,0.5240360674994968,0.676139603263787,0.3382961950800998,0.5198012955891944,0.49986803007376146,0.5026465821743619,0.542560219992102,0.3261885185305218,0.0,0.5455516010834653,0.4136424230957425,0.0,0.5843306499683182,0.43242650978391306,0.6468510590504881,0.5505189541472157,0.6915062237394402,0.49904797859258,0.5533090120956483,0.578101900453682,0.5125027450618961,0.3814707165623512,0.41438547302816353,0.5834114364298537,0.0,0.4893252235576864,0.5991858804515371,0.5842056880810862,0.39727364384267383,0.7819603329260674,0.5025144440604198,0.46643124809126296,0.5875268636343808,0.6390805980912254,0.533074165364187,0.5965259283722604,0.480202950280936,0.765530780377737,0.45518215019109276
0.2994778476411475,0.571706799280163,0.7217309012755384,0.7994021669374863,0.5859026024377679,0.6300104490891891,0.4730241772754633,0.0,0.6542759008392568,0.8228045900759019,0.5390919554959939,0.6576821747553828,0.4804547167352263,0.7368694579319413,0.4295894771481178,0.6509764352558243,0.5892242296954109,0.6252545561820928,0.7933446852310766,0.26117030901606064,0.332182201643739,0.4972219779442513,0.46501395232459153,0.2928324306280785,0.506039734847618,0.48337541960826025,0.6292484637845611,0.35436468264125964,0.28428586059745425,0.38352517394850616,0.5316911040890506,0.6163661942008973,0.8238839979296714,0.5095563606779084,0.4536919871949614,0.676423185836889,0.49527189059596644,0.4639520836714917,0.5568234794688953,0.5528144121487562,0.35957380968783476,0.5135946558070772,0.7296924801952321,0.4627097401012452,0.0,0.6945836656017075,0.3715092619907738,0.7768418787319267,0.0,0.5971000371453263,0.6509279169062144,0.7643139075904737,0.8768364731903936,0.778473473328808,0.6542130231818066,0.6026933305624561,0.916834936957686,0.6673456537231931,0.8111765149636798,0.4845181126931323,0.7796112120466142,0.0,0.6045963120140758,0.7897143165990641,0.6017896697302252,0.6910288613853799,0.3269828988406557,0.7527299266152516,0.0,0.5628734205647985,0.4448042526993682,0.5667059846572315,0.6042825600811835,0.6091034583811515,0.5352267375689577,0.5643153817342705
0.44005998105682215,0.24921908521045377,0.20953399587163357,0.612820221044986,0.5025083158863455,0.5066270209948888,0.502740120100094,0.6542759008392568,0.0,0.5176990287916263,0.5983053878802466,0.5752609794867588,0.49860097064613507,0.48771371886759307,0.7403095960749779,0.6647646747335209,0.524637512893552,0.5762547149112484,0.3087499326773423,0.5069971492355485,0.442841894594328,0.3148048912663406,0.4927662192875498,0.6133927833390066,0.579717085923314,0.7187637532428695,0.5485345501225463,0.587353313871233,0.31906853501291016,0.592963481307299,0.5863180127206751,0.5503225734513184,0.580281401260643,0.5759898792248224,0.4946218397365886,0.6110663614884309,0.5091566405056543,0.4627215562419217,0.4835021788274132,0.40606199331799686,0.3984385746487721,0.5521045869585572,0.5779617619939788,0.4825059516924474,0.43548210882224275,0.0,0.4255277384204325,0.5913397390176274,0.46334042482281285,0.6247838340998364,0.45938567346414566,0.40353577262483087,0.5218195755777155,0.41584236002707164,0.5601866354304239,0.6129070450272318,0.3131031080445535,0.6079669188616059,0.6802473058703697,0.37817223118386356,0.5870511894697177,0.0,0.0,0.5987537540613159,0.576563700460542,0.6810816543267982,0.6444361354615158,0.4500424790825863,0.4084314983842976,0.36918657837030733,0.23563875280312557,0.3908575681222437,0.4751455744487063,0.5645457697354388,0.32910246780801344,0.6155128548274387
0.5539968964614184,0.47630827697453937,0.6109493898179276,0.3748961897196308,0.6054511392381178,0.5209687561350533,0.5200055685765875,0.8228045900759019,0.5176990287916263,0.0,0.5488201386465831,0.3637105419146192,0.03367308800876706,0.6840322647315348,0.7201097390558576,0.47126369109596034,0.37242568818361943,0.4198580325315323,0.6429634350244013,0.6544766208488187,0.5880158546610004,0.575556197931905,0.3900263691785442,0.4850201563531456,0.5140227998627549,0.5064931065897561,0.47309142578626573,0.39025887256373704,0.4216478702067366,0.30197676462534745,0.5351961804280554,0.3669826327016819,0.5957623967143599,0.4736963295842312,0.38094532026186995,0.3796697387258618,0.6353995954246311,0.395650942938567,0.6338020035093701,0.5286395447217116,0.5887395050846711,0.4299544430911904,0.3634012082610596,0.3176751661591371,0.49200320573742584,0.6318497743214845,0.4210934361002994,0.364191826712264,0.4569484664929414,0.41067651943004957,0.4456103335916028,0.4268549836938575,0.7099946291195145,0.3632974966452276,0.5364986032206556,0.3560784431511924,0.6231924593831029,0.4875505289872648,0.0,0.584011363735836,0.41905402056368957,0.555848601365207,0.4124004729495858,0.4698810154592432,0.4761474153941604,0.5566855270237565,0.6470550398472603,0.5446629483936245,0.8420341274627001,0.614194577145056,0.6354005227084183,0.6037208560581131,0.4829098171928795,0.6015963115937061,0.0,0.5681294193552215
0.4298895164651889,0.48867119503182366,0.5946509203591106,0.6547847676612335,0.5808104283747193,0.7095500601885254,0.5700400712971363,0.5390919554959939,0.5983053878802466,0.5488201386465831,0.0,0.49684925711886513,0.46851154918286386,0.30883490773667693,0.0,0.46633216834210733,0.6045683515829043,0.5993054988477524,0.5567823719142614,0.4974306628704861,0.4260888110210357,0.45753837176104045,0.3559492924114252,0.4604742115100915,0.5286901904212172,0.5421281609598895,0.6028650216073543,0.4753784418400605,0.31095494315990196,0.43894589893482583,0.5110497943180101,0.7143927963061012,0.532394826698241,0.5074064242378131,0.47731366979408724,0.698618484036778,0.6253703139946608,0.5327656049088513,0.5558809792455136,0.5512299704533898,0.5774772910057618,0.6627797881425193,0.7059569173416186,0.5472687309216961,0.26160681185942686,0.0,0.0,0.699634622086822,0.47293802818777475,0.469555031073305,0.36443239768402014,0.5425283520571758,0.629664972285114,0.6625120527348332,0.4638912767358471,0.8062247793556536,0.35719202273269607,0.5972796325068155,0.7725912316461314,0.0,0.0,0.0,0.0,0.7007926107529147,0.5596491160233865,0.0,0.5648606837156953,0.4558593366657864,0.0,0.0,0.9374689282468609,0.34913342821498705,0.4923902427623649,0.13072558220023156,0.0,0.6356146680103567
0.5566429976100026,0.540749483064521,0.6191298713061545,0.3458453293053273,0.5134096307476488,0.5654182909170118,0.40994658211447454,0.6576821747553828,0.5752609794867588,0.3637105419146192,0.49684925711886513,0.0,0.3641384725777296,0.4148589951665591,0.4491401899038455,0.6415775464877477,0.7327123811697016,0.649444944206693,0.5518524830994757,0.23338494958442846,0.4543453034110092,0.24569491398650972,0.7291786784221532,0.27229847338599045,0.45325186671282935,0.38196653993681734,0.5195811674227271,0.05443660947130613,0.5639954594028953,0.2860900522565203,0.3401230361739116,0.42145522112600453,0.5694474358915771,0.0662720973849098,0.126467746705076,0.2467246089821887,0.3780354829173537,0.29708016259922004,0.32468416816478846,0.4759960933919063,0.054170491769402335,0.21848904354950469,0.18164744060684557,0.18929119498413793,0.3234719545324492,0.49575663353629973,0.42682813555153315,0.574839576907591,0.1869932356583821,0.3463345186442238,0.32434751248649885,0.3735019352395479,0.36580889884196166,0.5982199284665927,0.5617065670941722,0.09208847703141074,0.6948198440486786,0.5550049111758228,0.5273838612467754,0.5167791657423305,0.5605680113277093,0.47926438473560967,0.4529511128295619,0.26322519402203104,0.840519112944506,0.7831360877722091,0.4966795200834182,0.4200857544381028,0.802141478376355,0.6420325544217362,0.6436348673590189,0.7133515702474921,-0.21098707524931515,0.509682244526053,0.0,0.5656695857153108
0.2384316967402425,0.3286750997436487,0.4784517784214346,0.48806818827976683,0.3890564331299166,0.470207707142966,0.5782542512539512,0.4804547167352263,0.49860097064613507,0.03367308800876706,0.46851154918286386,0.3641384725777296,0.0,0.3779902306110225,0.4633799982160961,0.43040596056142155,0.3979326480229833,0.45894527027988896,0.5163751302499617,0.4892413429038277,0.33317659022486257,0.3852558886820469,0.48017074388417286,0.3262535497036479,0.3466144091538651,0.4662027476380594,0.4708802939036333,0.5075413990940623,0.5525551046678685,0.5556506643301482,0.38103138248117535,0.6371540228873575,0.7727436570342718,0.3721539885239713,0.35353114051049195,0.2252744237770383,0.22927554558177338,0.33710317731635886,0.4410495311780101,0.5827514468661381,0.38303525240803526,0.4999032089287567,0.422369541279903,0.470007773699593,0.5429180102239878,0.6678365334398152,0.6697919286960441,0.6880645561894572,0.0,0.6479646773937987,0.4662930776625845,0.574549147730215,0.5525776545847642,0.7285236555292842,0.583624454733187,0.5798432656415127,0.6165214116651906,0.6004634955271853,0.41697721752660655,0.4583602023976598,0.5040850824690754,0.3795974475466166,0.4906578037730148,0.600329182608758,0.5084789964098526,0.7120863281480174,0.6643396037139622,0.4647140067917632,0.6083526454675636,0.519572379030568,0.5350749609303725,0.48390688549562955,0.6277915045397802,0.5587116242464976,0.481856872111629,0.4317383495141353
0.3596631292142124,0.27304941337317135,0.6761808317382662,0.741511698960413,0.40590464636297247,0.5704700047211764,0.3928638902677254,0.7368694579319413,0.48771371886759307,0.6840322647315348,0.30883490773667693,0.4148589951665591,0.3779902306110225,0.0,0.32259706324502263,0.574262547736369,0.4594417862459554,0.46446065932695946,0.6549831791909807,0.4357012340741597,0.42752375835526374,0.1910565271495156,0.5927945718410248,0.6017224894473185,0.40241177551589297,0.4883790270978834,0.6940709740816073,0.6517350815423963,0.327471255496661,0.44632940812952193,0.5908754905526785,0.32462385660565535,0.23631699499099634,0.665176305574054,0.2895172423331836,0.4216807873191709,0.4404588300903596,0.34321012965484715,0.7096936125873081,0.0,0.6654261844565457,0.6409744410217114,0.716093598577791,0.465784354714309,0.0,0.0,0.0,0.4440321883295371,0.0,0.6198584628671036,0.5259392942721108,0.3303936292139057,0.6222724466006585,0.5522776754761911,0.0,0.6561733035199433,0.35281125863882423,0.7465267560323308,0.5911708006500269,0.0,0.0,0.0,0.0,0.6364537603129765,0.0,0.0,0.0,0.6446308023094603,0.0,0.0,0.0,0.4232124863499377,0.7917596572710728,0.0,0.0,0.0
0.38966422756307284,0.640030929782069,0.40819801134961053,0.6009135968565982,0.38738775939126274,0.5711240310384105,0.5447278655779848,0.4295894771481178,0.7403095960749779,0.7201097390558576,0.0,0.4491401899038455,0.4633799982160961,0.32259706324502263,0.0,0.666996682339107,0.35787160416997843,0.640314402249728,0.0,0.47425643483193275,0.49153326205590914,0.4905442830861637,0.433533720772999,0.3393088692685333,0.5737733462251136,0.44063607197610516,0.5181611753411492,0.37591802065312097,0.4632912026364158,0.3794411380961662,0.6306811054256858,0.6739138628327501,0.6961198714660903,0.6001466223985249,0.5673116609669673,0.8596114659315697,0.8937210039653672,0.3621428994493072,0.4568876217912745,0.4396996084441168,0.5218587463072182,0.3906490985240304,0.511667122526847,0.3521769904800016,0.0,0.4427637344219776,0.7583768133119612,0.4614916475738534,0.0,0.0,0.4046262113171126,0.767982236936303,0.4910063928743982,0.5708317767625761,0.0,0.0,0.41334961204619564,0.5547105325081547,0.471512162954961,0.6725070560268016,0.5154744539813858,0.5449680464191466,0.582991875114937,0.0,0.8777400719844277,0.46192515539968004,0.6520715573965541,0.6386189271409366,0.4534145878568607,0.41444161857390494,0.4968034414662392,0.42692927157685356,0.4519588631510926,0.2920579518333891,0.3491034893985234,0.41486174651834684
0.7543810836566944,0.41297387952546544,0.45797995232834704,0.23595239300170123,0.6044855318184588,0.3526012353229907,0.4542843177803024,0.6509764352558243,0.6647646747335209,0.47126369109596034,0.46633216834210733,0.6415775464877477,0.43040596056142155,0.574262547736369,0.666996682339107,0.0,0.6064952301960262,0.6390507661124729,0.5008623835847829,0.5276603771103587,0.680319520539387,0.5632417201012971,0.6135585495029627,1.0443160982139348,0.4912813438196795,0.7706233316114772,0.4620623222930027,0.4375773974046087,0.4540596836756262,0.5427703764268533,0.8044118272140817,0.6373712513011696,0.654440479202733,0.5188837585344913,0.7013303910023946,0.6334929622038245,0.42454246869769735,0.7269846652720771,0.8313030195051236,0.7444203550139701,0.8220088025106578,0.6295302770150666,0.4724878654914818,0.0,0.0,0.6120118429583974,0.8082582230716209,0.0,0.0,0.0,0.607292917390722,0.5610127194705292,0.9763541770658326,0.0,0.6021343516979076,0.0,0.7264359946248364,0.6664038818037749,0.0,0.676442197926542,0.7491857229093358,0.4795827472168504,0.7840511606170801,0.0,0.5335256497992313,0.5033842843893006,0.7472780266197077,0.5787144760575398,0.489417037624864,0.9233292481790248,0.7842284476180525,0.610440519799573,0.5295780172103745,0.6722906840191121,0.0,0.757101776345693
0.5318067994089869,0.6342553412455054,0.5686490170915542,0.4590465239392379,0.5403064920332298,0.33433916152156706,0.5160610299611711,0.5892242296954109,0.524637512893552,0.37242568818361943,0.6045683515829043,0.7327123811697016,0.3979326480229833,0.4594417862459554,0.35787160416997843,0.6064952301960262,0.0,0.5646728251816988,0.7352463157244196,0.45882232438185977,0.7447755368948125,0.7927274529103878,0.5790559433214364,0.836881773803841,0.5022351071706861,0.5447528666856252,0.3679376385997182,0.6269808209205472,0.3396737311064159,0.3641560059463851,0.5184654010095979,0.7725966291861677,0.7711020297546529,0.5212487334682366,0.5410982445892719,0.5909652584692886,0.3478325651042282,0.33840238077184615,0.5685715299525345,0.4193631767335907,0.4565635865011252,0.5621392048553779,0.0,0.0,0.7032303969978393,0.8350890609998907,0.6628070334968694,0.0,0.0,0.0,0.0,0.0,0.0,0.0,0.7197494120544944,0.0,0.9758796851463187,0.45358566827757457,0.0,0.578624868586295,0.06077284378041131,0.6508817623089944,0.35846003422768635,0.0,0.0,0.0,0.38318700249452714,0.0,0.9611955986936451,0.5610583636261051,0.5929082262206211,0.0,0.2868757124718257,0.4639816846996069,0.0,0.5492926671043428
0.5845738514116576,0.5078859700034365,0.5645559946748429,0.4755512646575356,0.48934256114918057,0.33254359899568686,0.5136166289917616,0.6252545561820928,0.5762547149112484,0.4198580325315323,0.5993054988477524,0.649444944206693,0.45894527027988896,0.46446065932695946,0.640314402249728,0.6390507661124729,0.5646728251816988,0.0,0.5798364106443157,0.4856819512371467,0.5904122771876783,0.4743453400636326,0.5298540253176526,0.5675314881002432,0.4358508628933475,0.49783588781741106,0.4450280936098644,0.3852847205426446,0.3861279069503344,0.5866861498131322,0.5578886013914068,0.7110318907363272,0.6938914497436561,0.6500954443621637,0.5394402241641538,0.6978649763447218,0.39573214078235597,0.452993654843152,0.6694871708805484,0.38401448639489444,0.4958699612522428,0.563259115558398,0.0,0.0,0.5178767025407224,0.610543962186664,0.6688864895087743,0.0,0.0,0.0,0.6771145718057872,0.487011364113074,0.6267423755821404,0.0,0.5268229290565454,0.0,0.5239633171659648,0.7683609384888247,0.0,0.5479646583529129,0.5141302692891223,0.5622615792293588,0.39943450153269333,0.0,0.466192141951792,0.6507403024446737,0.4606011140759312,0.722749258582597,0.8533858366148104,0.5244765712125282,0.6218660190106967,0.44105341403384296,0.6300011803532176,0.5017588982672654,0.0,0.6935113132638486
0.0,0.3126298282542205,0.5241783188977627,0.6150802965945443,0.5623736928988865,0.532931145865971,0.5961755124810697,0.7933446852310766,0.3087499326773423,0.6429634350244013,0.5567823719142614,0.5518524830994757,0.5163751302499617,0.6549831791909807,0.0,0.5008623835847829,0.7352463157244196,0.5798364106443157,0.0,0.4580490586793078,0.47577815250557987,0.3992070799064903,0.3551343695565194,0.5176469030040727,0.5727491490774835,0.6014646411274038,0.5921315140296244,0.5631484943303804,0.30978053452806864,0.6755297540811067,0.5178639434318368,0.5143080684877465,0.5869609899420603,0.5914465261601493,0.3730355121508304,0.7768491789970156,0.4113562850654625,0.4826643921525077,0.6198654378923865,0.44585007067170557,0.49279711497203144,0.2774250483517502,0.8445496037250586,0.15347944668947106,0.05376179296211194,0.0,0.0,0.7047481744998014,0.0,0.46349196704463946,0.39152599360466556,0.6157996991710502,0.7103908230593041,0.7355447458774995,0.6483904668597033,0.7879986226353273,0.4558799181229244,0.4588425613905206,0.8588107837176375,0.0,0.0,0.0,0.0,0.7987100927385872,0.4728657519542929,0.0,0.4448494417387586,0.5128227962593165,0.0,0.0,0.0,0.3859795563497377,0.39335805665995693,0.35718307399550986,0.4682901546208498,0.4700787797900354
0.2589136928120148,0.42335891728521724,0.38641891722317084,0.45935907118224006,0.4375882723558623,0.46001611330724856,0.4956681746550602,0.26117030901606064,0.5069971492355485,0.6544766208488187,0.4974306628704861,0.23338494958442846,0.4892413429038277,0.4357012340741597,0.47425643483193275,0.5276603771103587,0.45882232438185977,0.4856819512371467,0.4580490586793078,0.0,0.36898857637994087,0.4833796471485081,0.46498850668078046,0.6402842934812116,0.4775805370709747,0.47970687889273045,0.48630600904230104,0.5698824089310862,0.43919610664273256,0.4493104349084738,0.5456210531598488,0.5828157297888935,0.393480654824622,0.5162178818997194,0.4249384736912106,0.7563469680807333,0.549586752404528,0.7598078399833004,0.2519706639786158,0.40032884296266946,0.4233806862848338,0.34530667750741995,0.5185114340198191,0.12797111621062054,0.3382477098761686,0.5507998416740516,0.8676304640664836,0.5835513559737253,0.0,0.0,0.39630127627405143,0.5441028678580571,0.5333179808454303,0.3777311543832019,0.7722698599184854,0.0,0.3529028192630937,0.45934032956520904,0.0,0.3739908474409125,0.48169015277499516,0.47474540783351027,0.5687169155387004,0.0,0.2174812554366201,0.2907882362380312,0.3889583245848909,0.21890422206148952,0.0,0.4264509290691035,0.4678376768384622,0.1815045157842224,0.390042977733534,0.23601103067177703,0.3121415221227063,0.39022073228612
0.12799551023756678,0.6134779324395395,0.3787614144067514,0.43785763584357096,0.464255826761251,0.4985617273343194,0.34662838701856913,0.332182201643739,0.442841894594328,0.5880158546610004,0.4260888110210357,0.4543453034110092,0.33317659022486257,0.42752375835526374,0.49153326205590914,0.680319520539387,0.7447755368948125,0.5904122771876783,0.47577815250557987,0.36898857637994087,0.0,0.4742756644239641,0.45042367417401896,0.26662665567153365,0.45735057223166864,0.5593574929646361,0.41343035510587106,0.25127364859274637,0.3128386621568383,0.2242667854490285,0.5546872318122131,0.46690698856502,0.6372612320629911,0.44786596864075134,0.5857855363148775,0.37996770262100743,0.57543483580214,0.3448170933329005,0.4523022613373441,0.38443908239579166,0.23818263367944809,0.2504947808919009,0.5216565123206404,0.0,0.0,0.34512302395131655,0.4296061955446181,0.601854983597911,0.0,0.0,0.5085623530708712,0.4433546481619183,0.6891366201490836,0.6305233666894199,0.6081378754101012,0.0,0.8618018953503358,0.5952809838568748,0.0,0.4946856659300701,0.5244109060443053,0.0,0.47555405686247154,0.0,0.536334398949285,0.48950536685492796,0.4226735598438275,0.39303747879891476,0.5474999935353729,0.411590697880264,0.5466759125162575,0.32966348497330433,0.5162593835604294,0.2675218680712705,0.40262710602595214,0.36162586366907845
0.5514165480366651,0.5393403091410263,0.5331597251330412,0.5550071497278131,0.2730621598274079,0.35190973048070395,0.407688618464372,0.4972219779442513,0.3148048912663406,0.575556197931905,0.45753837176104045,0.24569491398650972,0.3852558886820469,0.1910565271495156,0.4905442830861637,0.5632417201012971,0.7927274529103878,0.4743453400636326,0.3992070799064903,0.4833796471485081,0.4742756644239641,0.0,0.5504582516753496,0.47907183183110214,0.5678074781568695,0.742258554865318,0.4709557111200793,0.4710264345657828,0.47818997327441637,0.16919266696626573,0.597790025599456,0.6882888836968057,0.6508531576184873,0.6960071834621608,0.6394443317334682,0.8427243026787181,0.5897174849528259,0.6304804040248506,0.5327547835502854,0.5572829000475337,0.6162065358753617,0.5139874427362452,0.5540009040637067,0.4251459460765184,0.3807795210702668,0.42324280861744207,0.769995881966347,0.5384240611507916,0.469732280759493,0.40149434096453107,0.494712383273304,0.7285484732669247,0.5689030108694738,0.7052885166526868,0.321797051517525,0.0,0.47242420359691506,0.6180959613434561,0.0,0.5924058814329353,0.6229113201446281,0.6358844956783096,0.4543495933740717,0.0,0.5391551603554829,0.3860695551807638,0.6269282655237076,0.47514180204037193,0.4451451069793879,0.7559667464453064,0.5994755687335405,0.36782747392412857,0.5047894487106035,0.601986220347966,0.5009917474135841,0.7016306851037213
0.34568621347448625,0.5247376260568168,0.4667708192254282,0.7613711240147301,0.5362983221563244,0.6245316790685014,0.5342979845196706,0.46501395232459153,0.4927662192875498,0.3900263691785442,0.3559492924114252,0.7291786784221532,0.48017074388417286,0.5927945718410248,0.433533720772999,0.6135585495029627,0.5790559433214364,0.5298540253176526,0.3551343695565194,0.46498850668078046,0.45042367417401896,0.5504582516753496,0.0,0.3514986173833706,0.5613324618285089,0.5725687058547817,0.4739582222369752,0.34764641162232324,0.29411403965031413,0.2769602165707113,0.491481341493967,0.5117904072985201,0.3917716411090858,0.502826454276668,0.47864003281208956,0.5881767957603325,0.6043545860922234,0.3419703589969228,0.36504538824435845,0.3309123924111806,0.30836941575859855,0.33200900736310596,0.7623081842631917,0.6139897944446163,0.38067722280580274,0.699765622210669,0.7307322694028876,0.7464656494459313,0.5713088372707334,0.6054362600065943,0.45206836174660964,0.6342737144210431,0.5389586128903904,0.6293729077226139,0.6590910788317885,0.7750576451171078,0.687600674887332,0.5333298062069447,0.687243114194062,0.4441784691730555,0.5701955230540022,0.47614741539416006,0.6218270026208153,0.8045446217174859,0.35473440477048834,0.4495607105277166,0.45179126022595595,0.5337378488170148,0.33553204727998254,0.5282019834521414,0.430251571625792,0.3482074299866157,0.3308824260434815,0.2643760016038571,0.346276098305571,0.3042533953103114
0.6414056493447162,0.5682076968037133,0.48606567552788116,0.30921307521425795,0.6226399914024984,0.38287340931696323,0.5650617331954505,0.2928324306280785,0.6133927833390066,0.4850201563531456,0.4604742115100915,0.27229847338599045,0.3262535497036479,0.6017224894473185,0.3393088692685333,1.0443160982139348,0.836881773803841,0.5675314881002432,0.5176469030040727,0.6402842934812116,0.26662665567153365,0.47907183183110214,0.3514986173833706,0.0,0.5793996402969326,0.43543033246638674,0.35753238959909694,0.48907914543435455,0.553751341284381,0.5934623165516848,0.5144240221076162,0.6210950020991033,0.2900190401144136,-0.003581265432655828,0.2859776297389188,0.33088544132762426,0.21264589782036442,0.2437721857415134,0.6229905665552118,0.8130287958833713,0.29520944334629273,0.7572458250930706,0.5910623114122551,0.32360649680219067,0.3342958621255795,0.463775557707108,0.8944410899983564,0.0,0.0,0.4822259782583801,0.4740655498294728,0.39689342895103263,0.0,0.2959874429363551,0.565447459172003,0.48916936740745554,0.7105804800972881,0.5364334712201051,0.0,0.3620956556259294,0.5227535676670559,0.9607424876553288,0.39661758451016593,0.46436469756797727,0.40281020732614664,0.36884283651721494,0.44638898396361826,0.6826797418898496,0.9885276222904392,0.6704391511427287,0.8880451943082215,0.38784919237505777,0.6362164666102901,0.9130618932607648,0.0,1.158844274923542
0.520538863952135,0.42253626133682204,0.6252516225633555,0.7809339023145726,0.5185243337575218,0.3006452443403649,0.30357194668584087,0.506039734847618,0.579717085923314,0.5140227998627549,0.5286901904212172,0.45325186671282935,0.3466144091538651,0.40241177551589297,0.5737733462251136,0.4912813438196795,0.5022351071706861,0.4358508628933475,0.5727491490774835,0.4775805370709747,0.45735057223166864,0.5678074781568695,0.5613324618285089,0.5793996402969326,0.0,0.3072507979127027,0.4301455598744709,0.33602578803977157,0.34601762219189924,0.5395608339409436,0.5450909873577581,0.49207417368237877,0.7698684105374298,0.5603337808951138,0.5997512737761077,0.3868811826462748,0.5982585700324213,0.2721062257311201,0.6353111559435041,0.5607420935587062,0.64829409846957,0.5173119527369996,0.15386418743567296,0.0,0.26152279287901614,0.6337766705291539,0.6924788300280703,0.0,0.0,0.0,0.45327121127103975,0.5166602079071295,0.7186807839649183,0.38861833532381024,0.48733717716089175,0.5051680388220756,0.6194099446653019,0.46881456590767345,0.0,0.4734842521599323,0.5659178605140842,0.5059393593142806,0.525613646007373,0.0,0.5600502376945035,0.9293447467703666,0.5713751573068251,0.3833697310390137,0.9055229067607697,0.6313609694823963,0.6608098226398675,0.6155766925065145,0.5750631826492235,0.5353012308223137,0.0,0.645932176502487
0.6549091877359812,0.5774391500153051,0.40583606940340794,0.46274599654773474,0.44466818240796485,0.6042658984403131,0.4876001854034034,0.48337541960826025,0.7187637532428695,0.5064931065897561,0.5421281609598895,0.38196653993681734,0.4662027476380594,0.4883790270978834,0.44063607197610516,0.7706233316114772,0.5447528666856252,0.49783588781741106,0.6014646411274038,0.47970687889273045,0.5593574929646361,0.742258554865318,0.5725687058547817,0.43543033246638674,0.3072507979127027,0.0,0.6333701150155583,0.535918367375424,0.6392386744631389,0.4260576381168524,0.5751201510900587,0.7809360787316886,0.8910812766750755,0.7528121056177774,0.7664546292478702,0.8680617636825632,0.47381043241204635,0.44954427866748714,0.6945752898344815,0.6552775481806529,0.8186277727985796,0.61974013818643,0.42569083044329104,0.5044920115721119,0.41764417235084944,0.6102329758361984,0.6812962811333518,0.713470091881411,0.0,0.02861508800338842,0.6217857173112857,0.6211205399662466,0.4411519492645704,0.6678870205152865,0.5835016828791818,0.0,0.677156201346645,0.6811266700030959,0.0,0.5252734420352556,0.6630227817943226,0.49491111722559955,0.4815474108586136,0.0,0.7522765587671977,0.5581080243963359,0.7556423458392176,0.5211109097624271,0.7763990058261434,0.6607684698420886,0.6181162056683125,0.5136918360894207,0.5052711243548607,0.6641059596468262,0.4748592584996095,0.6230041052401727
0.23868358039298257,0.36499862465382304,0.5310834941663577,0.5038663951921252,0.7931318992486556,0.47036250076742037,0.5123002571047401,0.6292484637845611,0.5485345501225463,0.47309142578626573,0.6028650216073543,0.5195811674227271,0.4708802939036333,0.6940709740816073,0.5181611753411492,0.4620623222930027,0.3679376385997182,0.4450280936098644,0.5921315140296244,0.48630600904230104,0.41343035510587106,0.4709557111200793,0.4739582222369752,0.35753238959909694,0.4301455598744709,0.6333701150155583,0.0,0.3316991586068786,0.472783244713439,0.31118498302426845,0.4557254864065609,0.42726457230544046,0.24336477131273473,0.4349397270557653,0.37471618743810003,0.4308532611552655,0.5620840092624735,0.5220943805702037,0.3305858805368143,0.4610891423882483,0.2272953966940532,0.39228076380091803,0.7187903225484309,0.4786684367461106,0.25178192379664555,0.41428201380308854,0.4356707530431151,0.48315074916994477,0.5150640472432377,0.549782744685485,0.4302337211281898,0.5342330435281442,0.5403313512180339,0.6489060413137515,0.6663711109787602,0.5637585717696316,0.4006119494143363,0.5156113262990605,0.6697174633934375,0.2632010398487049,0.5102009835455346,0.0,0.4528562174823549,0.5979478704251083,0.46528533308967446,0.30117387820665253,0.3627170749107932,0.3824455091734731,0.0,0.5074214351570743,0.32879563777428633,0.3488033893379942,0.3593526174315794,0.1795029315975698,0.3377988725174968,0.1517426935714934
0.37648714823919005,0.3176453524841352,0.5379560454679937,0.5218390554623948,0.5509430730999982,0.5496029119830056,0.48270289751932705,0.35436468264125964,0.587353313871233,0.39025887256373704,0.4753784418400605,0.05443660947130613,0.5075413990940623,0.6517350815423963,0.37591802065312097,0.4375773974046087,0.6269808209205472,0.3852847205426446,0.5631484943303804,0.5698824089310862,0.25127364859274637,0.4710264345657828,0.34764641162232324,0.48907914543435455,0.33602578803977157,0.535918367375424,0.3316991586068786,0.0,0.31770105707671176,0.24113206348399902,0.3420074081897715,0.6086376242119316,0.8162080792595972,0.405272447101326,0.5900255906787812,0.34821497010735736,0.3243807566028784,0.3368324118083021,0.3545564051931158,0.5169164521886037,0.46632701825999345,0.2653234806298969,0.5907059891788575,0.12346891415862371,0.7129773447435062,0.6671597675296188,0.5699988042748576,0.5843158912026316,0.0,0.6095422467894207,0.33990560983469836,0.517423193768618,0.5729625765356443,0.5623254458745182,0.5533204454329701,0.46844571170259275,0.47467036279617864,0.5296042485880768,0.4511098613900161,0.4806997977495534,0.4292163815929372,0.31366152051719426,0.5905152651317802,0.5940199746159031,0.5572572872603487,0.5601249807265093,0.5026350706932685,0.36701472966006055,0.6050283227641733,0.5538100389164664,0.4013335788255721,0.3157419971107679,0.5683612385046777,0.48787623689229165,0.44122557104057913,0.5211177086040615
0.3005459036454671,0.3525685430327189,0.6402586860358962,0.40367249432424557,0.4797001797243672,0.2815872942643369,0.4760920739912601,0.28428586059745425,0.31906853501291016,0.4216478702067366,0.31095494315990196,0.5639954594028953,0.5525551046678685,0.327471255496661,0.4632912026364158,0.4540596836756262,0.3396737311064159,0.3861279069503344,0.30978053452806864,0.43919610664273256,0.3128386621568383,0.47818997327441637,0.29411403965031413,0.553751341284381,0.34601762219189924,0.6392386744631389,0.472783244713439,0.31770105707671176,0.0,0.2574250796440014,0.7048963877041452,0.4021252731752374,0.40740262089051005,0.5927525504905724,0.45847259005412627,1.0473102421793037,1.0566204562816222,0.566970950807181,0.2412717970994072,0.30258877515829435,0.4492706904457499,0.39713728763609285,0.47410550774376065,0.5639705580943315,0.39321094157096154,0.48230813053580224,0.45345859539063155,0.5118767110342841,0.43887867926883883,0.42087262817053683,0.2232075690540592,0.45183557140050684,0.6081961548609851,0.4751392016240051,0.6328400585543762,0.6658761373854054,0.4517137673543592,0.5196855479947657,0.5844149310964737,0.2790937921250417,0.540642367688527,0.4694355049163652,0.5147989218776385,0.42136824474988166,0.18475042879673664,0.17617233350859024,0.4476073092395665,0.22422354528249017,0.45436916895066815,0.5772215775803469,0.679684852893556,0.2191819542274315,0.48714428865089476,0.2028164837011477,0.3695225853654616,-0.025344606834907135
