0.0,0.9193287178022269,0.4056457071815458,0.0,0.5979325645767269,0.5751662566230413,0.43366016606752766,0.686313558671015,0.4081171765896152,0.6111907233625021,0.38865163117863333,0.6197333211971134,0.7395029776078841,0.7385124326566876,0.5270612576337732,0.7795488096957202,0.4492729074416046,0.5368435358662226,0.0,0.6318460522585321,0.5086153141277775,0.7273329576733842,0.6196120484909122,0.5402527294185882,0.6321989321857214,0.7701098557967956,0.6656326502731529,0.8690460271276209,0.7471449610733097,0.6892124254498769,0.6066646553027106,0.7498855995656257,0.4027006194981555,0.44534564618004124,0.4222911983532325,0.6019628102480723,0.47640638761480525,0.6454065543365486,0.4762545283748918,0.4818448545637378,0.4222401277503145,0.6040889160110388,0.46078053769314464,0.0,0.4744183779530134,0.6611193359989269,0.6975458622937993,0.0,0.0,0.0,0.656791131987956,0.0,0.5776700897007843,0.0,0.47968039326392997,0.0,0.5290724352189755,0.6628916694015203,0.0,0.5330393296466509,0.5823620281770051,0.22646280094443919,0.49184645291105555,0.0,0.2238595202735381,0.5464273661167633,0.5556938306226087,0.6476217718068611,0.5248873595072374,0.4649347374403002,0.7044987390522323,0.37529516590384115,0.4553314140371272,0.7860807893637415,0.0,0.4915196082764511
0.9193287178022269,0.0,0.7137241369586507,0.41275310826343337,0.5491888987248901,0.5689170213497654,0.5798069453867449,0.67539662102096,0.3888275994125898,0.44620409109169973,0.39275705045976705,0.37647893089569306,0.5936342255623606,0.5321550953408446,0.5246948868811984,0.6637575026841133,0.6034895778900402,0.6402969817271147,0.6471393868300919,0.6531864411349961,0.5260706272470365,0.8341339638012344,0.6680538145152015,0.5667620582325409,0.5093123464909437,0.614226919272658,0.5694934424286549,0.584309801690629,0.572001110061631,0.6181304745021362,0.7175118260734554,0.7072248008570634,0.35841360527132266,0.5563650717463889,0.5221348242058746,0.40035917370054264,0.06507820753258431,0.0,0.5526380843095373,0.6566095994356127,0.43891788543950155,0.4107615974558531,0.5796746308582579,0.0,0.0,0.804986061134765,0.6217692750093105,0.04891779590997518,0.0,0.0,0.4089848186600521,0.6381499542431425,0.5788758258680569,0.7264974763668834,0.4080354786360201,0.0,0.4834889075233513,0.6665320886783017,0.0,0.3169514489510824,0.6555300599643592,0.4813444729569314,0.6063974618331405,0.0,0.4981829670151181,0.7194729175277483,0.6004116080319326,0.7009551095531541,0.5555268331296356,0.6159972735278431,0.6813547181925759,0.612277426710877,0.769020940462294,0.5360453397626527,0.0,0.6333895330425994
0.4056457071815458,0.7137241369586507,0.0,0.795354093871545,0.714728319546486,0.5742430518000079,0.6868420401082064,0.7057131874430318,0.7342011012022872,0.8862902360142073,0.6973725152586461,0.6880889165644992,0.7330978445047973,0.6755651403455291,0.5247107289982389,0.6391479893594866,0.7545221336795187,0.437439172304301,0.5315308096720013,0.4703812225733977,0.6298255066842782,0.6685290653998169,0.3671618924117086,0.5742186337371248,0.509695637117418,0.6585805089637882,0.5366479274392211,0.8260357146316522,0.9816408718415659,0.7605678447068109,0.799835514786893,0.710722203294504,0.5406097699830996,0.7742273543467371,0.7199054600018244,0.7441225549792249,0.6780624141785399,0.5839422562164763,0.6084253302323948,0.47499011496536303,0.555392581018046,0.6871003189770688,0.6654912649986071,0.7162698488308352,0.0,0.0,0.39721994199296173,0.6952328003913457,0.4759005123594055,0.5995524928478102,0.6922943683595153,0.5936318533637627,0.77891016928811,0.76819495694973,0.4488914849886886,0.7959499868043257,0.8266321717036311,0.6025095402228042,0.6165547470517165,0.35076913751937155,0.0,0.0,0.0,0.7012359112971513,0.7302882141629733,0.466149896286185,0.2431355928574019,0.7600810771881983,0.0,0.5414500470258482,0.6085725807864169,0.8537918628763697,0.6415995723836371,0.6704275936632205,0.6352870221986798,0.4438087505366714
0.0,0.41275310826343337,0.795354093871545,0.0,0.5318127652004581,0.6735121969132509,0.5153899388880874,0.3657263688138262,0.7395819926561454,0.8344519043461296,0.6689022896137207,0.4186607328972928,0.6423507836363223,0.49226432893972344,0.5736964134893752,0.2482487970418103,0.6635754961075846,0.4630746838949865,0.6503923156918068,0.5760169447846494,0.42213418274226033,0.49636409147256333,0.7452271150538381,0.45134708271587354,0.7971899552828139,0.6967955387547218,0.7016580955193791,0.5063425771890948,0.6891290576455875,0.4561195840595679,0.6377754687256637,0.36734942579954766,0.18825134540240065,0.2532846433334512,0.07371042798528502,0.33126533313689294,0.3169039696586115,0.30168430774882604,0.17658216625728546,0.3821257438896889,0.6339921733438391,0.23384169150559778,0.24734589094595855,0.17145215606998215,0.0,0.0,0.0,0.42874908984316074,0.0,0.0,0.7141516909265603,0.0,0.46201904453227044,0.2882493081726816,0.0,0.41504502622993644,0.6172825097131489,0.45509356886126073,0.0,0.0,0.0,0.0,0.0,0.0,0.0,0.0,0.4624631092277453,0.7388580862764261,0.0,0.0,0.0,0.6141492195343048,0.4591215818767187,0.548838117941866,0.0,0.0
0.5979325645767269,0.5491888987248901,0.714728319546486,0.5318127652004581,0.0,0.5859098429203546,0.4570180188935711,0.6883362762624563,0.30684432031920317,0.8301729739428638,0.5292048921414455,0.7553986191222345,0.5848372635767446,0.45125185634463105,0.6123821555937838,0.6005697658619837,0.6548961866337182,0.5251273140044628,0.6184951698770493,0.6489179487643004,0.7291037732303811,0.47016399398916875,0.6687721849636858,0.5371082937832735,0.557395825834504,0.708843045160659,0.6112156613174349,0.5254384903957531,0.7066198017424203,0.5274725086295802,0.6811848861687677,0.5172895519404198,0.8150749911604549,0.5382892108180549,0.3489302753984599,0.42672354417897407,0.716152887595429,0.5918653382027415,0.47099513148200334,0.5032613709097087,0.6120961394868123,0.4660529353830807,0.5956473750677914,0.4461557499073832,0.36030297808086825,0.0,0.435814030121877,0.561893191060449,0.0,0.4628928508679349,0.7589118145667486,0.6514694278766542,0.5804574393056706,0.6108398554373662,0.0,0.6446297147690248,0.4266094690114371,0.6981701724263948,0.48377675951071375,0.5263755290325047,0.451103983601852,0.0,0.0,0.5029280469727164,0.5996684661867584,0.4813200340159348,0.6825692823791678,0.6367690838408901,0.0,0.47762638598117924,0.627081220719216,0.6134595467250348,0.6855197442547472,0.7356249696472423,0.0,0.7175572783100417
0.5751662566230413,0.5689170213497654,0.5742430518000079,0.6735121969132509,0.5859098429203546,0.0,0.6837817110904074,0.8343873656783716,0.5794071445179042,0.8181842682921531,0.7173699523902027,0.7324865676587126,0.6850965160617425,0.8232738770631005,0.6207922081851398,0.7460515852613512,0.4296169350605764,0.6840723054555309,0.8271266268073633,0.5778966986994032,0.6649300365923088,0.5080505612418109,0.7443104011647821,0.36454312662248284,0.6314079068838137,0.6074742961906823,0.6807412547208196,0.7648198456817715,0.4924318766230912,0.7855417580443197,0.8638524320606811,0.6976895615017936,0.7606111856269048,0.7350690039963752,0.6892394543815508,0.7581029288243324,0.7243541167605698,0.5495697194156535,0.7403528063544127,0.4177558364211058,0.6044624821377889,0.7836439683442187,0.7531808193167947,0.7629992423743285,0.37410740817576943,0.8070986039729277,0.5897070052524951,0.7172210724902295,0.6887933362429912,0.5927993888730728,0.7104780479063506,0.6859513348308428,0.9124144559154755,0.7760759447155747,0.8056746046932787,0.9501845096977832,0.41910482949549144,0.6391024008789987,0.6298549628404195,0.21839378100506854,0.7005188387716645,0.0,0.5967575289344524,0.5871959545476478,0.5227877633200557,0.27443505367724136,0.639520777916416,0.7203040931565283,0.5140783720425922,0.5868861982577879,0.5086805984910464,0.7649906869743901,0.6259209066217913,0.8956360682636108,0.4857506250906417,0.5820734033823528
0.43366016606752766,0.5798069453867449,0.6868420401082064,0.5153899388880874,0.4570180188935711,0.6837817110904074,0.0,0.6213834371799516,0.6771419700837293,0.6145588074625576,0.583707608580736,0.5500003835687741,0.6421537054264048,0.4230007948213464,0.6260608838659636,0.5796392241941128,0.5294497943980173,0.4494080383987392,0.6385140156396489,0.6230150292254861,0.4399128044082482,0.5072558741063384,0.7269481620015441,0.42410801913728075,0.4845674454749739,0.6464977418585008,0.6720268653331377,0.5280769131115491,0.620574340065017,0.5837570701512136,0.41917263323856224,0.5941863450781435,0.44366711742736675,0.19718832501852224,0.09092052008997314,0.5569936170374621,0.5364420568099579,0.5451165702353455,1.0788350770050492,0.4199925379545939,0.5210206981755603,0.7631151140182388,0.6260349817664177,1.0110320998253939,0.6094622186965464,0.0,0.6765664412599871,0.5479948378295911,0.0,0.5443257078066138,0.6494610540579273,0.658593717071142,0.6235539005797186,0.6572597397837832,0.6246148395878867,0.5673723084728587,0.5939371591620819,0.5761897121608881,0.5937855711786013,0.5362715549542189,0.6410362792034673,0.0,0.5103301569411871,0.6460203847622212,0.7219994967898201,0.606955863618532,0.7075218514169117,0.6584806387001068,0.4761088616923079,0.7522510981282768,0.7267630859461615,0.6591744544326181,0.514826184946398,0.4742045942543168,0.8295424019429647,0.5689523805714477
0.686313558671015,0.67539662102096,0.7057131874430318,0.3657263688138262,0.6883362762624563,0.8343873656783716,0.6213834371799516,0.0,0.6700319179332423,0.7092762466239051,0.6400669040248238,0.7144277276377886,0.721323996473638,0.8331324046130214,0.3768784251892877,0.7772513059785611,0.5560002990087527,0.5519698444274462,0.5015244535622986,0.6545490229973367,0.731874945983032,0.5185428453354662,0.8207236769325288,0.5645052601847181,0.5993983168480487,0.7125375795380151,0.849110746999415,0.7359653674665989,0.6236015118038086,0.7626633491376393,0.6740592223513622,0.2544663906805732,0.693222251928203,0.6234823274414015,0.5506282107303554,0.5362015877185725,0.5264099681802942,0.5343911998441204,0.520977220386817,0.6137217827999883,0.2774738522187897,0.6090331407108425,0.745820610947604,0.6092305401242133,0.0,0.6961332443280204,0.42365405953507607,0.5121151455293824,0.0,0.6491640927142165,0.5430303429101404,0.5159411720953857,0.4137653838607518,0.4640235739601027,0.6291551625699937,0.7452633812096452,0.9037247809012494,0.48426463955496984,0.5568297065333225,0.6592488001177621,0.5392914084177491,0.0,0.5328247100084016,0.7645412390207621,0.6805734686084007,0.35221940539743235,0.5613050802214121,0.5123758429353702,0.0,0.6060786852334092,0.5013822126646488,0.5615369552352909,0.42583323802775336,0.4782451894742864,0.5724780666389425,0.31580725042288427
0.4081171765896152,0.3888275994125898,0.7342011012022872,0.7395819926561454,0.30684432031920317,0.5794071445179042,0.6771419700837293,0.6700319179332423,0.0,0.941679352840034,0.3573892254468128,0.72542754029255,0.6911391568263969,0.6955903056402686,0.7779607609138897,0.5351154722434405,0.5559841199263931,0.4127537227478136,0.6147036538798574,0.4815003596243015,0.3826691112352939,0.4801842644003252,0.71819956049349,0.6674931686781275,0.5255703821824509,0.4550659020061831,0.6654740068631151,0.7695514327331306,0.5360123984347571,0.6629010697052985,0.7954527123331812,0.7558116361762104,0.7486796271216305,0.7848811927511399,0.6625039955169547,0.8451605797612289,0.792454656751477,0.7378621118454018,0.6551268701947106,0.3600161574479732,0.5230696862439399,0.6043410777718241,0.6051801517563835,0.617957048855295,0.5680615211532327,0.0,0.6020397175242853,0.6918969486903263,0.4764416738983379,0.8001512202984564,0.7210929764859457,0.6727770939627082,0.804083252112265,0.556631210442258,0.37157617871850357,0.7063920613897268,0.6092056942398851,0.563973968677745,0.7276908123988849,0.6893658625243893,0.679681939510055,0.0,0.0,0.600452486199756,0.7262278435699328,0.6870917688191576,0.6757948044524535,0.6962375458996877,0.4325008875990458,0.6083464996637902,0.4766111717826098,0.7188507410810183,0.5637322573002888,0.6457216428326717,0.7107134034797986,0.7082825807614332
0.6111907233625021,0.44620409109169973,0.8862902360142073,0.8344519043461296,0.8301729739428638,0.8181842682921531,0.6145588074625576,0.7092762466239051,0.941679352840034,0.0,0.9144849683018852,0.5731926616701732,0.6514556562232094,0.9482523834889264,0.6485793192446548,0.4415223675359408,0.5943468457994743,0.46923626470917845,0.8630492001004614,0.29267499565667765,0.7600995814947289,0.4372553026122261,0.8345680807863025,0.5831783447439527,0.6210857967704158,0.6453307128965726,0.8204240322683831,0.6530717010776361,0.6139423284100617,0.578913217428131,0.6733786370878341,0.7050161118429585,0.39060716566842557,0.1786818563311559,0.16924113893798112,0.8831696413010244,0.817192203823485,0.3448353619395222,1.105461263177282,0.27762749623661676,0.5856926590027054,0.5443984546302488,0.6782896537418213,0.4254548430734976,0.43770375207206613,0.6221001273238944,0.3643924303446954,0.3774959677912706,0.48767374731565893,0.4313513793850003,0.5352223309195712,0.43687487706334416,0.66272627996691,0.4343706851892407,0.6225276380446912,0.5456865144629179,0.6767349178924138,0.6544640770004388,0.0,0.6323039831988035,0.3555172849205237,0.43554311103144283,0.4523891629710569,0.4620422141210439,0.46444117499957716,0.588770965453532,0.3371150312114457,0.7349648978449896,0.5385075339801682,0.5144871934935691,0.6008539458837098,0.7630431601845722,0.5825907504400964,0.6822799318125132,0.0,0.6374785467513292
0.38865163117863333,0.39275705045976705,0.6973725152586461,0.6689022896137207,0.5292048921414455,0.7173699523902027,0.583707608580736,0.6400669040248238,0.3573892254468128,0.9144849683018852,0.0,0.8118037273489833,0.6509128807677227,0.47032484377839445,0.0,0.4952491719272315,0.740991959439652,0.7740158318055266,0.4130485722618461,0.4490249129287255,0.5604359603933807,0.41224823764082863,0.7960058476313105,0.7122775596987165,0.7543980351059141,0.5712152219354711,0.7195941169269806,0.7035764113786853,0.3780151549969588,0.5990228502703003,0.7059452832106017,0.43145128946869415,0.8326789019031707,0.7363968200320632,0.6428951010983741,0.6164096511248512,0.812837250825519,0.7677576839612081,0.6455366315356745,0.5293967700015219,0.5222273252969005,0.6004609137508212,0.6493765263938118,0.7625696636412176,0.4135745015208505,0.0,0.0,0.452464543271513,0.46354307633021424,0.5762138515208207,0.7232207104172991,0.3187601378617079,0.7544944660644114,0.5029885203646222,0.4643563284181654,0.6855666926128696,0.5549381503738109,0.6024364654172333,0.6937973767718505,0.0,0.0,0.0,0.0,0.15727511434265937,0.47768391620664463,0.0,0.5277465098965041,0.6534526719125469,0.0,0.0,0.9169304862665821,0.7381466938148269,0.5020116221590278,0.3879292601419525,0.0,0.7336992322994111
0.6197333211971134,0.37647893089569306,0.6880889165644992,0.4186607328972928,0.7553986191222345,0.7324865676587126,0.5500003835687741,0.7144277276377886,0.72542754029255,0.5731926616701732,0.8118037273489833,0.0,0.7836770566088509,0.6485378017944348,0.5300684967940545,0.6005395320199002,0.6672940964018184,0.7346749040628977,0.758557311984556,0.2805462791200042,0.7464248227776393,0.5233914788407021,0.6285202535218304,0.5453516825543373,0.5457303391660999,0.41058410794710865,0.6729443137758255,0.5598058293264472,0.5897734524287049,0.5595397458118735,0.6358644902881989,0.2032862967231247,0.21496498009506995,0.0632543414677027,0.1803415696642507,0.49946733991241143,0.5324779900960659,0.08336702409371144,0.45870850685803877,0.342620086854035,1.0780473054838031,0.21943416173103472,0.3447695037774389,0.5219737226719725,0.30844670668600227,0.6672200889661868,0.3662973141038345,0.4746719752046926,0.451786768329415,0.2911301007869272,0.41516714586821607,0.6030469866860794,0.3368413858754302,0.63429959245227,0.7992772877093808,0.4776550586995543,0.8456918726265787,0.7390258265103985,0.526051896642383,0.5020450956817697,0.34410950030902265,0.508123541883375,0.5372116054467115,0.5094517787042552,0.790385135518832,0.8065465244505062,0.38828487073760476,0.2776403510052796,0.7482944346591884,0.5576243024882921,0.5602480735393209,0.3717090640475088,0.8183934529985184,0.5667506111062688,0.0,0.7512782982859746
0.7395029776078841,0.5936342255623606,0.7330978445047973,0.6423507836363223,0.5848372635767446,0.6850965160617425,0.6421537054264048,0.721323996473638,0.6911391568263969,0.6514556562232094,0.6509128807677227,0.7836770566088509,0.0,0.6552571370274463,0.594702852399263,0.6188637255805951,0.6400687804938017,0.6130086363407188,0.6967424438652745,0.727803987458324,0.6089835860980272,0.5195045534873534,0.7677396380034749,0.5907783939788268,0.5769043823182012,0.6748100787177902,0.6931112895419399,0.7048582675830312,0.6579058353484839,0.37492059486456547,0.45795196889292333,0.7180587470606742,0.571500524740405,0.6222491941155015,0.45352559197111314,0.6242297876331664,0.7113955785219197,0.6788000697195732,0.9044357994631587,0.40240485347903276,0.5661303220559475,0.6901252364280688,0.5740681102214504,0.7556099687683683,0.6598246023755213,0.7676176436911581,0.7903150017453122,0.7481507098225009,0.0,0.7900341836466134,0.7327809314463043,0.6613753978341116,0.5401458497959124,0.7764342798721449,0.5920227454989646,0.6039267175904841,0.6170929031638015,0.742078026387283,0.41673025845403155,0.5904153145747122,0.6481764750605137,0.5050796398836683,0.6107615642742369,0.6450432823266641,0.7203705740390356,0.6405046727863426,0.7018961469001489,0.7012145468745035,0.5788912667163819,0.5981671653920118,0.6031217859912581,0.7262882170594636,0.6309130924645778,0.9903397290155499,0.5446150119828774,0.5952158899360658
0.7385124326566876,0.5321550953408446,0.6755651403455291,0.49226432893972344,0.45125185634463105,0.8232738770631005,0.4230007948213464,0.8331324046130214,0.6955903056402686,0.9482523834889264,0.47032484377839445,0.6485378017944348,0.6552571370274463,0.0,0.6214476824680322,0.5031279275031071,1.4335041455420252,-0.4782111749049094,0.6092952472285293,0.46255094810196795,0.7667924030013962,0.27024081827365887,0.8377827379933118,0.884033795659049,0.3835033888763927,0.6981145198308714,0.844604703294404,0.48649389086335637,0.278460867769545,0.6607135800356503,0.4816555283407366,0.23278684995697901,0.34649844701307475,0.7055386703265414,0.0287263533277666,0.18896917217586076,0.2535559331455318,0.32687995294577293,0.6041008102131913,0.0,0.6637786189659338,0.676117638724465,0.5686365695283986,0.4750830355136021,0.0,0.0,0.0,0.4804371625782661,0.0,0.4806384908687613,0.43213126034951993,0.6449000784649475,0.5174532796966331,0.5103255368770027,0.0,0.5414677695682054,0.3535164409322938,0.8422060102801407,0.42132693670959154,0.0,0.0,0.0,0.0,0.4307907435925021,0.0,0.0,0.0,0.28693423690956754,0.0,0.0,0.0,0.5480600889386578,0.8498639901782774,0.0,0.0,0.0
0.5270612576337732,0.5246948868811984,0.5247107289982389,0.5736964134893752,0.6123821555937838,0.6207922081851398,0.6260608838659636,0.3768784251892877,0.7779607609138897,0.6485793192446548,0.0,0.5300684967940545,0.594702852399263,0.6214476824680322,0.0,0.5417926653034225,0.4584913485579428,0.4908009604527329,0.0,0.6038791435711206,0.5024460510978959,0.5714484126101926,0.6577796055072709,0.3425346750013465,0.4785715094672187,0.5665027469308437,0.6053282641481359,0.5945763523898533,0.6045868126390037,0.36796107966952474,0.556039953721718,0.49416195865880225,0.5172732762049845,0.5521954516486091,0.5421033805449973,0.5979692938959856,0.1925105135364738,0.38058771496699106,0.3874417095450835,0.3774458676319731,0.48448089997593025,0.3839814070572206,0.661798409852469,0.3896102489629401,0.0,0.7036438697805656,0.7181163726683676,0.6363668284337226,0.0,0.0,0.28198950539558587,0.8098747512581775,0.4084807837823628,0.5727847015736032,0.0,0.0,0.7107720814217683,0.340232974819916,0.4663140378801435,0.30385163755883954,0.8494443598626276,0.557513012294989,0.7730617419757242,0.0,0.47882896629462446,0.48644684521475734,0.5655465165247596,0.5674154468963829,0.4462017172431913,0.4679362687468952,0.5832386522787536,0.3927989367921979,0.5627946290826739,0.3420191733210223,0.2736220364539709,0.43924376180845537
0.7795488096957202,0.6637575026841133,0.6391479893594866,0.2482487970418103,0.6005697658619837,0.7460515852613512,0.5796392241941128,0.7772513059785611,0.5351154722434405,0.4415223675359408,0.4952491719272315,0.6005395320199002,0.6188637255805951,0.5031279275031071,0.5417926653034225,0.0,0.4424481881260415,0.5106407781039988,0.44819348534776926,0.6169642751256842,0.5622159907713611,0.7455089702826376,0.6718927007587698,0.7968519152962686,0.7313786738750438,0.6434808642467156,0.6543676847511024,0.6572545662634284,0.6472537922376591,0.6417577794141578,0.6292561292732874,0.7056270213586955,0.17958619429383538,0.4390502595460823,0.5463044933186969,0.31316357785491017,0.5549737838589542,0.5490759074852163,0.621294627537916,0.6467254670184708,0.5080205410909808,0.40419515410168905,0.4671453594068229,0.0,0.0,0.6976206694401526,0.7051551220148338,0.0,0.0,0.0,0.5155060725178524,0.6835600341009789,0.8447788185857004,0.0,0.4117732735495483,0.0,0.5519534323417226,0.6681859010424189,0.0,0.8200846566998101,0.6787693494314447,0.2139925027463752,0.6666711758435633,0.0,0.3427473124379648,0.7177378109459164,0.5499331716410074,0.6556299155050154,0.20881093827142244,0.755720770183431,0.7814295161322082,0.6737166292364651,0.6467395606637346,0.33682213438570024,0.0,0.5848235754191534
0.4492729074416046,0.6034895778900402,0.7545221336795187,0.6635754961075846,0.6548961866337182,0.4296169350605764,0.5294497943980173,0.5560002990087527,0.5559841199263931,0.5943468457994743,0.740991959439652,0.6672940964018184,0.6400687804938017,1.4335041455420252,0.4584913485579428,0.4424481881260415,0.0,0.642434106595167,0.6282207936763883,0.4840286384599609,0.5376348515825131,0.5900325648366862,0.48553734046137936,0.6641965382068065,0.4776564073621562,0.5857577032667398,0.4347159243727178,0.701298549284264,0.39109307436803964,0.9601677777047036,0.5867640269151746,0.5727763571985022,0.4298530234690446,0.43288725232025804,0.35852622934485523,0.736584881741549,0.34625922883941324,0.24818729029131825,0.40393517186063577,0.40461280230404795,0.32132003940557935,0.7469906688931092,0.0,0.0,0.28245095114438107,0.6789467272999887,0.35311139891369125,0.0,0.0,0.0,0.0,0.0,0.0,0.0,0.640179351238758,0.0,0.5380796916041496,0.43393029957806284,0.0,0.5397498162192845,0.29975563849836595,0.5098341958339887,0.3544866507366353,0.0,0.0,0.0,0.6328071018271766,0.0,0.6227245924183921,0.5732852665541803,0.6452288740798122,0.0,0.5617780766562779,0.4736894519987901,0.0,0.827252894772484
0.5368435358662226,0.6402969817271147,0.437439172304301,0.4630746838949865,0.5251273140044628,0.6840723054555309,0.4494080383987392,0.5519698444274462,0.4127537227478136,0.46923626470917845,0.7740158318055266,0.7346749040628977,0.6130086363407188,-0.4782111749049094,0.4908009604527329,0.5106407781039988,0.642434106595167,0.0,0.5611647331699474,0.5938311140092272,0.4861834415498356,0.5513301892114068,0.5467825707645577,0.5478996882486311,0.665314217426109,0.5387521770438932,0.6485722609600197,0.5936305395348276,0.5722084910628241,0.5646203529176872,0.5229487275065976,0.5005906139660523,0.23756700232392458,0.4165982707233633,0.24375113581573726,0.5325684382821456,0.3991448675387483,0.23811165514891036,0.5423046838761705,0.48995964967347916,0.4144625467209576,0.6202059593690474,0.0,0.0,0.5111986067637295,0.7313319946413224,0.5972798625342174,0.0,0.0,0.0,0.6861260061901346,0.5179429558069297,0.6073195745691153,0.0,0.7093326396561563,0.0,0.6734605689126401,0.7768189561647298,0.0,0.6324713586301272,0.5385737015755733,0.5919190920669477,0.4814996331027155,0.0,0.44503512396517175,0.5561430401769791,0.5475431009638534,0.7421687721376539,0.5903263345825434,0.5383107677414405,0.7006908515088426,0.6908446060049567,0.7965904013064472,0.6324035827190816,0.0,0.6512586488395012
0.0,0.6471393868300919,0.5315308096720013,0.6503923156918068,0.6184951698770493,0.8271266268073633,0.6385140156396489,0.5015244535622986,0.6147036538798574,0.8630492001004614,0.4130485722618461,0.758557311984556,0.6967424438652745,0.6092952472285293,0.0,0.44819348534776926,0.6282207936763883,0.5611647331699474,0.0,0.504372695147909,0.62405229048403,0.6828547262106511,0.31190009143411496,0.6035330782870922,0.5933749068655061,0.5624027983007203,0.7929996085286817,0.7525618815687372,0.6391882329993874,0.7604165706896888,0.7973979853340574,0.6839817738427807,0.5610881171608859,0.7461725044185072,0.6462423137604049,0.843180517461895,0.7062985879753794,0.7210118423739994,1.0735891948998388,0.4355760779317846,0.5142500840888008,0.4281034755958199,0.6444848756866235,0.6047640495377642,-0.003018489868047239,0.0,0.0,0.5674084825687359,0.0,0.6627238834919247,0.544122920671414,0.6507331105843348,0.6031772466563472,0.5852561000179768,0.5971596109822235,0.5636118636673086,0.6422569105831502,0.6398832971091857,0.4824109546114537,0.0,0.0,0.0,0.0,0.3111622273104925,0.46989495568782225,0.0,0.4846664938343805,0.5655068746128701,0.0,0.0,0.0,0.5913622045638551,0.6724500023175304,0.5148989366050895,0.4870554743413658,0.6662880164321057
0.6318460522585321,0.6531864411349961,0.4703812225733977,0.5760169447846494,0.6489179487643004,0.5778966986994032,0.6230150292254861,0.6545490229973367,0.4815003596243015,0.29267499565667765,0.4490249129287255,0.2805462791200042,0.727803987458324,0.46255094810196795,0.6038791435711206,0.6169642751256842,0.4840286384599609,0.5938311140092272,0.504372695147909,0.0,0.5983357207060171,0.7402963758343062,0.8855895627682366,0.5514711883505428,0.7289106420119388,0.7083201829363993,0.5770978466952177,0.7801909025391793,0.6069541996438232,0.8556649832550458,0.5989909287132671,0.5153707653393891,0.6491568562851754,0.6163521623078132,0.5251756561609318,0.7410411589430492,0.5195521299432466,0.5068631315824393,0.7028989685888898,0.47467127277302,0.7308069735439929,0.5861200833030686,0.8971510579862697,0.2013487248967984,0.34486957593192624,0.7750945750643448,0.675743295919238,0.7147713741573887,0.0,0.0,0.5951181758710333,0.7046002451776403,0.8090699586943573,0.6160796067953812,0.7864781497269266,0.0,0.5321417230823298,0.7776122071810612,0.0,0.49965647698970506,0.45287730209200167,0.46382879315160125,0.6039249723516107,0.0,0.6349841758913598,0.46642881581129514,0.5273886276261494,0.667543863387748,0.0,0.5358539522942423,0.5869171466282654,0.6326462017040188,0.6285908990790523,0.7068766719791221,0.6721783962958692,0.8008625595841686
0.5086153141277775,0.5260706272470365,0.6298255066842782,0.42213418274226033,0.7291037732303811,0.6649300365923088,0.4399128044082482,0.731874945983032,0.3826691112352939,0.7600995814947289,0.5604359603933807,0.7464248227776393,0.6089835860980272,0.7667924030013962,0.5024460510978959,0.5622159907713611,0.5376348515825131,0.4861834415498356,0.62405229048403,0.5983357207060171,0.0,0.5153559198422171,0.663834032801667,0.5306203834730226,0.40099490676090466,0.7180259933597737,0.6532796950944161,0.586066148823978,0.6907970125803207,0.6777506784595955,0.623312192857468,0.5194081595060482,0.42435664720193417,0.4808716987583413,0.6735093128816301,0.3919618905348977,0.4706209228929553,0.5152766117451324,0.4632312725068811,0.4008973580654702,0.42336084385126943,0.27351098775889093,0.605369146937812,0.0,0.0,0.9913138601131393,0.7364477242818704,0.676625313306904,0.0,0.0,0.29418992578985853,0.5480678115188375,0.6984651017405725,0.6291583350263084,0.847019604514506,0.0,0.7377830923287971,0.34380539309038227,0.0,0.28268379878354744,0.947461089735414,0.0,0.5683739293877238,0.0,0.3340895571354031,0.6947085241158559,0.39597652235971703,0.4529960108820681,0.5384625444601867,0.6295030843179779,0.8381911550694425,0.38702122302883046,0.4847326521102362,0.4385869483588035,0.4871861085331124,0.5984858595813434
0.7273329576733842,0.8341339638012344,0.6685290653998169,0.49636409147256333,0.47016399398916875,0.5080505612418109,0.5072558741063384,0.5185428453354662,0.4801842644003252,0.4372553026122261,0.41224823764082863,0.5233914788407021,0.5195045534873534,0.27024081827365887,0.5714484126101926,0.7455089702826376,0.5900325648366862,0.5513301892114068,0.6828547262106511,0.7402963758343062,0.5153559198422171,0.0,0.7923186855052605,0.3827527006276014,0.8731728859866184,0.7349600290906337,0.5199541508451292,0.6219493920227845,0.5319175983638003,0.5907501138678141,0.5702571190718113,0.5616672619059885,0.5056276797556809,0.598223657965743,0.6113899168344117,0.5834078516964518,0.5007998802941689,0.21316222472836693,0.6133421259501028,0.6246046063316621,0.5373244140658768,0.5225986502543224,0.6496756648045817,0.4266318713144658,0.4047268811418337,0.7659329765249908,0.6662844455617991,0.7275295033044,0.47176276768200687,0.39059781787167114,0.5632310670706812,0.7547323774840045,0.383489658589489,0.7245968111394008,0.5806473974784327,0.0,0.5067825280396301,0.5869803997421769,0.0,0.45618678804029256,0.7439793923447282,0.6415350817302454,0.9812175681802178,0.0,0.45599173648162283,0.5621471766184843,0.6183119836580548,0.44682100088815163,0.7639191788174832,0.7339491440788897,0.669978879177487,0.39652844364401363,0.9373173749291297,0.4877946990519345,0.3525115630399619,0.5420587041390582
0.6196120484909122,0.6680538145152015,0.3671618924117086,0.7452271150538381,0.6687721849636858,0.7443104011647821,0.7269481620015441,0.8207236769325288,0.71819956049349,0.8345680807863025,0.7960058476313105,0.6285202535218304,0.7677396380034749,0.8377827379933118,0.6577796055072709,0.6718927007587698,0.48553734046137936,0.5467825707645577,0.31190009143411496,0.8855895627682366,0.663834032801667,0.7923186855052605,0.0,0.5763893981142039,0.4612673559639338,0.6550030336830193,0.718411895319942,0.7382960871731686,0.8090972589086926,0.8141005504825432,0.7432594207627176,0.8052198079430861,0.7028534738644332,0.7223912528353721,0.7370197672239363,0.7271627442549033,0.7678973837189941,0.38122077412962196,0.7667077128135846,0.8137916132442718,0.7084915286048701,0.6772248580153287,0.7618638958571737,0.7045818632284309,0.6428640000159187,0.6340166929044483,0.7642074153104199,0.7209474399741176,0.4812130275819314,0.7867949094166062,0.7052457118758779,0.6627402705735534,0.8123424009360745,0.6913766080530828,0.6620568589308224,0.8188766090578169,0.3152528279262913,0.6430955073383611,0.7204684046604317,0.5899707387035126,0.6613935653852419,0.4644411749995782,0.5287574824795148,0.6052468326853322,0.7038288314937453,0.5937986781245221,0.5874111899197577,0.7686168269540705,0.34371217695344847,0.6254371218623147,0.6598375133333807,0.714896305696505,0.6409026922583174,0.804703638799347,0.759364520310976,0.6625919910384565
0.5402527294185882,0.5667620582325409,0.5742186337371248,0.45134708271587354,0.5371082937832735,0.36454312662248284,0.42410801913728075,0.5645052601847181,0.6674931686781275,0.5831783447439527,0.7122775596987165,0.5453516825543373,0.5907783939788268,0.884033795659049,0.3425346750013465,0.7968519152962686,0.6641965382068065,0.5478996882486311,0.6035330782870922,0.5514711883505428,0.5306203834730226,0.3827527006276014,0.5763893981142039,0.0,0.670024200910458,0.5868757028446306,0.656579204333432,0.5217104982557891,0.7074803754157686,0.8516966886843674,0.6737001699406906,0.4531283135468077,0.02915984814683853,0.25438882888265,0.15810715213508236,0.8248788221379451,0.32379812854106,0.02998180833163283,0.724465029212837,0.5041512965143431,0.6098370044777484,0.3388140702069051,0.6631537054520409,0.4873691964252892,0.08630286414548188,0.4667975745132338,0.4964971622150145,0.0,0.0,0.4510646572611123,0.530099228606298,0.35994923643203813,0.0,0.35662447688484467,0.6149418836954849,0.5146520221164118,0.5958007742335705,0.4031690301233637,0.0,0.3201836940589554,0.5376788660300007,0.45033060026894545,0.5081855112794809,0.4944951961217978,0.3811805391814598,0.5271600013196028,0.4740874364623685,0.6604949755448564,0.5851456112320604,0.527930429104102,0.6851296739797761,0.49490156242894834,0.17122907085635142,0.8053940074778098,0.0,0.5724708261334315
0.6321989321857214,0.5093123464909437,0.509695637117418,0.7971899552828139,0.557395825834504,0.6314079068838137,0.4845674454749739,0.5993983168480487,0.5255703821824509,0.6210857967704158,0.7543980351059141,0.5457303391660999,0.5769043823182012,0.3835033888763927,0.4785715094672187,0.7313786738750438,0.4776564073621562,0.665314217426109,0.5933749068655061,0.7289106420119388,0.40099490676090466,0.8731728859866184,0.4612673559639338,0.670024200910458,0.0,0.42111171322723057,0.6601579859554705,0.5763833431543881,0.5841827443033971,0.4765587058791807,0.6520569829229783,0.5160079809768787,0.38474654065364244,0.414357793208297,0.41703030303350164,0.6634036457082203,0.6054047574262647,0.2072868398150371,0.4937853264991547,0.4934129306994255,0.43799265608775645,0.45317135052191315,0.2211520185861106,0.0,0.6531228870542098,0.6824500534390007,0.6796777073688638,0.0,0.0,0.0,0.6778895427706588,0.6266656206293242,0.6635461588107706,0.4345457343945831,0.6795596275277058,0.43495695914231025,0.7041865225492504,0.4514514990914378,0.0,0.5362748215563959,0.553360983835128,0.5506410018232046,0.4253322146466411,0.0,0.5909778745001084,0.4859048591995312,0.6095460545551243,0.7284671297991725,0.6227016999712239,0.5198173672100292,0.6743572951187209,0.7674348452294649,0.6859327422909661,0.4105754839913916,0.0,0.5736102925644215
0.7701098557967956,0.614226919272658,0.6585805089637882,0.6967955387547218,0.708843045160659,0.6074742961906823,0.6464977418585008,0.7125375795380151,0.4550659020061831,0.6453307128965726,0.5712152219354711,0.41058410794710865,0.6748100787177902,0.6981145198308714,0.5665027469308437,0.6434808642467156,0.5857577032667398,0.5387521770438932,0.5624027983007203,0.7083201829363993,0.7180259933597737,0.7349600290906337,0.6550030336830193,0.5868757028446306,0.42111171322723057,0.0,0.7811711417045502,0.657862374840546,0.7414959233620371,0.49549952897154903,0.5588744465395099,0.6364277935418504,0.39666345629158895,0.43138620627729424,0.47163966822475395,0.4212477506358659,0.5362315683080939,0.3083729270902872,0.6152121536272162,0.6167506861350365,0.5795961099396504,0.43185336410640235,0.0747958196759694,0.48837490726484584,0.4299799813543105,0.7478970292905418,0.763320780604932,0.8173291526785127,0.0,-0.007612679372178619,0.6606475242235735,0.599350292199502,0.5473751209051259,0.5801584674419553,0.6870722813871748,0.0,0.8097638836492242,0.6560298710737269,0.0,0.47756759010568955,0.6503861098786714,0.6409210548405805,0.5503279389305349,0.0,0.44760083960756225,0.8673576632708428,0.7444590612163053,0.4820872780538287,0.7329524540587551,0.6184282926834366,0.6741876609787274,0.6388588838220929,0.6053961738306987,0.5708819537289312,0.4328965592433446,0.6222708490652353
0.6656326502731529,0.5694934424286549,0.5366479274392211,0.7016580955193791,0.6112156613174349,0.6807412547208196,0.6720268653331377,0.849110746999415,0.6654740068631151,0.8204240322683831,0.7195941169269806,0.6729443137758255,0.6931112895419399,0.844604703294404,0.6053282641481359,0.6543676847511024,0.4347159243727178,0.6485722609600197,0.7929996085286817,0.5770978466952177,0.6532796950944161,0.5199541508451292,0.718411895319942,0.656579204333432,0.6601579859554705,0.7811711417045502,0.0,0.7406948658587843,0.6014542743362101,0.7224594608452666,0.6817908497038394,0.663669198417316,0.6907936854888002,0.6511856953767456,0.534841871950581,0.6546406393157442,0.784134042331299,0.4874895424484578,0.7432899023330113,0.5750324163325966,0.6506030120705641,0.6451525824671818,0.6854187820339821,0.7885985054075414,0.32209200014964046,0.7340313873778315,0.5947959901131643,0.7036767390814153,0.56991588547209,0.7503540161303892,0.745931597343465,0.6491327721110789,0.7891002698378398,0.6955261450118719,0.7307569749965319,0.7497931495240104,0.4797973685738577,0.65699698917114,0.6858577530832827,0.5502341842930888,0.6777156030975595,0.0,0.4716085191552224,0.5790470956188357,0.6521935968375123,0.5813191742526631,0.562202724847064,0.7016304714716152,0.0,0.5960231161410725,0.6122533834749735,0.7618808400179999,0.6873788656332307,0.7739176987177302,0.6197973027885081,0.6622669994727838
0.8690460271276209,0.584309801690629,0.8260357146316522,0.5063425771890948,0.5254384903957531,0.7648198456817715,0.5280769131115491,0.7359653674665989,0.7695514327331306,0.6530717010776361,0.7035764113786853,0.5598058293264472,0.7048582675830312,0.48649389086335637,0.5945763523898533,0.6572545662634284,0.701298549284264,0.5936305395348276,0.7525618815687372,0.7801909025391793,0.586066148823978,0.6219493920227845,0.7382960871731686,0.5217104982557891,0.5763833431543881,0.657862374840546,0.7406948658587843,0.0,0.6285127283997439,0.6360337213409815,0.6424692617842108,0.7142478145283693,0.9263691395170841,0.12113777677847218,0.17060083217561536,0.3570401095480979,0.4595848166932457,0.48642867077302776,0.9625255792148636,0.3590091213473592,0.9247324181105858,0.19214855791205898,0.4574989585731042,0.5944797828739194,0.7521326742924221,0.7425290087137693,0.6792216124043828,0.7429744273599819,0.0,0.8134540268708852,0.7940556429795874,0.6014881731985642,0.6545187253908857,0.589648984933685,0.6358416744510949,0.6188776481391647,0.5461033636277451,0.6581726240911614,0.36153413321456207,0.3773164243820745,0.5231178457112211,0.3103399826347262,0.6421903638904156,0.7866119092318278,0.6810375705131697,0.5226560207678822,0.6298610649996027,0.7179348759844432,0.5393807525609271,0.483811757026105,0.23289969024986862,0.7415680263201196,0.8113317498029738,0.8188649207294156,0.5999970504338403,0.805142369180795
0.7471449610733097,0.572001110061631,0.9816408718415659,0.6891290576455875,0.7066198017424203,0.4924318766230912,0.620574340065017,0.6236015118038086,0.5360123984347571,0.6139423284100617,0.3780151549969588,0.5897734524287049,0.6579058353484839,0.278460867769545,0.6045868126390037,0.6472537922376591,0.39109307436803964,0.5722084910628241,0.6391882329993874,0.6069541996438232,0.6907970125803207,0.5319175983638003,0.8090972589086926,0.7074803754157686,0.5841827443033971,0.7414959233620371,0.6014542743362101,0.6285127283997439,0.0,0.6471057112261616,0.702567343264977,0.47881844405948887,0.6615091377047958,0.672110923104311,0.49570514730959936,0.35903025107769837,0.6959592606687364,0.5793945716190858,0.7860673484063949,0.45571496832232095,0.7396701020374231,0.7343014188757926,0.6722304828605173,0.6892667748470707,0.663245034658305,0.5674220164625218,0.6571228488433054,0.8317933842385156,0.4628581617717501,0.5158722101044346,0.7249560173853731,0.7224621041306214,0.7884371781883661,0.6497804408917958,0.8420808879002899,0.4421204189814256,0.6923857775968837,0.6438926160799212,0.5687094906770787,0.5459414616198136,0.6353199112406203,0.46823750596610314,0.5387627329504496,0.5815869180489761,0.7553862506699511,0.5443135748004548,0.37505824348947825,0.7293650294484735,0.48916810669969624,0.6621148078705803,0.7184565425500216,0.753476739304008,0.7421230206617624,0.8467434776637397,0.706534008206724,0.731109699666034
0.6892124254498769,0.6181304745021362,0.7605678447068109,0.4561195840595679,0.5274725086295802,0.7855417580443197,0.5837570701512136,0.7626633491376393,0.6629010697052985,0.578913217428131,0.5990228502703003,0.5595397458118735,0.37492059486456547,0.6607135800356503,0.36796107966952474,0.6417577794141578,0.9601677777047036,0.5646203529176872,0.7604165706896888,0.8556649832550458,0.6777506784595955,0.5907501138678141,0.8141005504825432,0.8516966886843674,0.4765587058791807,0.49549952897154903,0.7224594608452666,0.6360337213409815,0.6471057112261616,0.0,0.7998708831339147,0.4509586831721727,0.8749137479707778,0.8420747414981131,0.5964980641231765,0.8743841470935656,0.3305635928743629,0.5550306071310623,0.9094775053709101,0.45637191627534385,0.5096131009424111,0.7396182805608642,0.6647983620831486,0.27327708859123767,0.0,0.0,0.0,0.41787800041929646,0.0,0.0,0.7378791710421966,0.6913676711400587,0.1779804734853731,0.7795726308742421,0.5126148024422168,0.0,0.012843135960888782,0.4965224081011541,0.0,0.5298579695236988,0.0,0.0,0.9524377132419843,0.9500228368624459,0.6022431365943945,0.5714139704180207,0.7453035356519605,0.7407046544525591,0.0,0.42445551781642743,0.47984938523098886,0.8001875497971869,0.5727444402538859,0.618022567959479,0.7168058488067145,0.7921893559683656
