0.0,0.02303066183043312,0.007261440842660671,0.0,0.010828086311724883,0.05424124010630438,0.010301590773397151,0.03636578574809207,0.004058748306007276,0.07941493090259644,-0.0033075921644816764,0.09788720910352439,0.013949031176401172,0.00864906164552215,0.05464537698352018,0.03473158086177869,0.014635688133277702,0.037322497301383095,0.0,0.0605124973296452,0.06774252874450132,0.027687415666623028,0.04229791166670083,0.06339462424896153,0.024383139878964344,0.03060623006390467,0.0509804477009555,0.021168500003358404,0.0007563396231300978,0.003794334229373586,0.03557833106987146,0.004116309619179304,0.03261785483813018,0.012039761894689804,-0.014605656552742152,0.007945619744045118,-0.0012511899169819207,0.0859009799226007,0.009681469327932624,0.02105283521206086,0.012616047299140343,0.008378382868993173,-2.0136459525255113e-05,0.0,-0.010047717138406353,0.03920798683915383,0.029028077576521205,0.0,0.0,0.0,0.00538548468433242,1.1102230246251565e-16,0.05266526151547207,0.0,0.041134466924017676,0.0,0.029429303313170063,-0.000806248342904714,0.0,0.02672077053198957,0.02323995300311049,0.022045874225740447,0.016413937302359072,0.0,0.01272306529759687,-0.067812210985151,0.002895299229396131,0.024040652439396293,0.0460578781271363,0.02529937223816342,0.026493377734772505,-0.0032236832975984786,0.0005810309237799793,-0.003768486943183713,0.0,0.016021728388992296
0.02303066183043312,0.0,0.006634065289316982,4.014372612648476e-05,-0.014435963069973967,0.01725513852689181,-0.0033528751419152347,6.525086933484303e-05,-0.007508297089133309,-0.008856180969806504,0.007051550085503566,-0.00242769417418387,0.006069261340609755,-0.003903536586650269,0.012452169090207355,0.024997756818144534,-6.821965474107516e-05,0.012050818173110434,0.0121630308192342,0.006400629602436536,0.004989899355415384,0.020842805582649337,-0.023973259756543908,0.011109868349135632,0.015038541624865398,0.027879140747613884,0.011625405833807168,0.014525236146183673,0.022856207800270423,0.00030309402656530926,0.0067977744842018795,-0.019665803445626295,0.010631349481021346,-0.01053821899700319,-0.013453078073497549,0.004081913197014342,-0.0020452066091671273,0.0,-0.00025593036849341777,0.004355550527817997,0.0021481936322511608,-0.008620386606747021,0.005388262222505824,0.0,2.220446049250313e-16,0.010896804742505317,0.013518993800023582,-0.0006512636857196052,0.0,0.0,-0.00875005716196442,0.008735085274865051,0.0029166245864861162,0.008297998215881397,0.005421869428553827,0.0,0.012818905844429518,0.014069020189297676,0.0,0.022479089131194785,0.00657001013139602,0.013410011243950304,0.019614961999404046,0.0,-0.0027196158967686124,0.0006133125920728122,-0.010105870820669383,0.021978540767394583,0.007507993543549696,0.005611305024291302,0.0228606189470707,-0.007867733763233131,0.011806081052903317,-0.008906115917949375,-1.1102230246251565e-16,0.003571647387731358
0.007261440842660671,0.006634065289316982,0.0,0.01326050396684475,0.010256263107422892,0.05527629242669874,0.01451407087493467,0.023975309724766358,0.02003666549234373,0.020008522884563007,0.04080393443189789,0.008828655507813199,0.01746611173015905,-0.0008992899613241012,0.029170468611862177,0.0071069279800090035,0.0068157610853968875,0.032435738600426645,0.052316354292779255,-0.0056977305563549185,0.053652727619882656,0.017669092959751276,0.02998922402247506,0.0006498449963448505,0.04293006306932934,0.028064350686109518,0.007398805757104332,0.019395068689474215,0.014567757942376969,0.009996726012251489,0.026603498248629953,0.0015680966174422273,0.010938514042098502,0.023169538648481314,0.010669460619132876,0.01702462194544474,0.02068874960605538,0.02105565277408661,-0.009386666998356163,4.1240347159465784e-07,0.020828767217470956,-0.02482448332806314,0.007657503924437259,0.03713679835862177,0.0,0.0,0.0001594191315484328,0.04613588515301531,-4.5227026332916864e-06,0.037858790567054545,0.012430368999487018,0.030324383192354643,0.020238778752127762,0.07198339261411824,-0.0011001409329673417,0.005016884393326926,0.026802243617616295,0.030374996227555573,-0.001476081925913475,0.00039584624651661793,0.0,0.0,0.0,0.09272256504898213,0.012508785296055591,-0.0037757180003517576,0.0006750555465225849,0.03720188037208294,0.0,-0.00019986198722360404,0.00949126802018796,0.04232521038385506,0.03742172540851951,0.031317145679828406,0.00843067398746511,0.01720375945217134
0.0,4.014372612648476e-05,0.01326050396684475,0.0,-0.02883751010070984,-0.0030718579163918625,0.013729053975996774,-0.0016205831260875936,0.013658885193319703,0.0018892128489959026,-0.022198790472301277,-0.0031222693054133166,-0.00718139028580872,-0.021177513899262868,-0.003619722238641654,-0.00138037700495669,-0.006577267424199895,-2.0594981324006945e-05,0.023697165416113886,-0.02138271617765397,-0.0013456443975752852,-0.04045171329335706,0.0048934838752328624,0.008950280961957102,-6.610620348129759e-05,-0.009677058538990757,-0.0024294138668410348,0.0056023605769540685,0.008517489465165229,-0.021853368117245753,0.01648066071449944,-0.021289767388885106,0.02115547246727728,-0.04160474367492381,-0.029630685675224533,-0.023068535590291678,0.0054582438019555035,0.018662327535089673,0.043339127981181946,0.0003195604943171393,-0.003013481202049806,-0.052435606075595165,-0.05633361454604452,-0.03407303350628277,0.0,0.0,0.0,0.0018544284873744377,0.0,0.0,0.013506860394936926,2.220446049250313e-16,4.71343571813998e-05,0.00014888619022357386,5.551115123125783e-17,0.009402538366142354,0.004850841880003565,0.0008829132754501479,0.0,0.0,0.0,0.0,0.0,0.0,0.0,0.0,4.155832658853109e-05,0.010564478808907207,0.0,0.0,0.0,0.006512385144710253,-0.004217121335777563,0.0042190444518923065,0.0,0.0
0.010828086311724883,-0.014435963069973967,0.010256263107422892,-0.02883751010070984,0.0,0.004616939860504599,0.0022839553233558463,0.016329171175245072,0.03032501835490492,0.021606419121518505,0.022311302432352298,0.016491178939659012,0.022572782401831193,0.0016579237143846126,0.015550941661015172,-0.009998041746250297,0.032497959058128134,0.01392107308306928,0.025269743036020254,-0.013773744513236319,0.01843236733193987,0.0006867855014798252,0.01735865612837212,0.021952155213952995,-0.0059784335707376846,0.012470379053610259,0.008189526158049076,-0.0007809686979716179,0.010352234663902338,0.0265476666737674,0.012784610563128629,-0.06757132428670076,0.057457546046676466,0.016819697697589675,0.021587186889427512,-0.023704349064921387,-0.04664758859138726,0.026496508246522388,-0.04616606565362852,-0.0077385295574619595,-0.03921015930015226,0.0047932324151443995,0.011876194888042813,-0.056868327010455244,0.00013322600815335317,1.1102230246251565e-16,0.002112375728752114,0.014609827542266252,0.0,-0.04070771380387367,0.007512070803575077,-0.003867254992257374,-0.001231748817912215,0.010945266431064415,5.551115123125783e-17,0.01273022239774807,0.010039947679765793,-0.009966312417776901,0.003649394088427238,-0.0012264557292497313,6.11109550564537e-05,0.0,-5.551115123125783e-17,-0.0013313177735135295,0.012169948921671059,-0.0004476448027504465,0.010201825056887048,0.012561756294999449,0.0,1.322215322835385e-05,-0.0011202281995538743,0.014458289955297854,0.019171353044222017,-0.0807569135000587,1.1102230246251565e-16,0.02054031810680368
0.05424124010630438,0.01725513852689181,0.05527629242669874,-0.0030718579163918625,0.004616939860504599,0.0,0.009952285351049195,0.020158191003299464,0.022785900808726833,0.02508481474845209,0.004072729210845616,0.030765318733071034,0.017011459016455677,-0.00915937817217033,0.04785432317676391,0.01152727345706972,0.023213706584449434,0.00581361659619839,0.047334884639748276,0.025761285042075144,0.020181404423833815,0.028591791267058075,0.031998958828375945,0.021573529521241974,0.009298171277988876,0.012542298247423256,0.03768854177205738,0.021761015577915876,0.031525100253426586,0.0109850015291732,0.010923438347583414,-0.022248329570753345,0.006102012191925799,0.005505887853304525,-0.0024273035354338,0.0081669196642844,-0.005842616780446397,0.03260599399686498,0.005194416821045933,-0.0020391488068270403,0.020829043562037186,-0.02768016169674309,0.010773139448576885,-0.0020727935121632735,-0.009244394045578752,0.0031965024531834807,-0.02305158683514985,0.023589127338854876,0.016954097287244896,-0.013443013919955171,0.008760687956365087,-0.002330715405063577,0.002192404188547381,0.025698058337564667,0.01989459412638589,-0.006114467483317898,0.018001546085348596,0.009204708469841671,0.011789135112137472,0.038965342052151464,0.015629706046917435,0.0,0.0074672859612957,0.0020385447947641744,0.00987409787147886,-0.006650833374256149,0.03472410078394039,0.007046855000486407,3.494331894937641e-05,0.028124920858093816,0.0353605562985147,0.011041894501353289,0.015009014057197123,0.008691812758582218,0.03805861352746365,0.016592907615944286
0.010301590773397151,-0.0033528751419152347,0.01451407087493467,0.013729053975996774,0.0022839553233558463,0.009952285351049195,0.0,0.010094962737150659,0.019575256838861188,-0.029508908959249958,0.023486370663883482,-0.014829054466981406,0.014895766829636947,0.01491620618801115,0.009154563881125177,0.0013798727010855272,0.014473331071163387,-0.00028698878269356465,0.012436315678480525,-0.0052694817066568644,0.0222580782950329,0.004059669011155342,0.02784757019029377,0.008956067139126722,-0.005459699389678496,0.009526537728406115,0.017205702217225227,-0.0035229994775311524,0.01753371997095443,0.010192492608303017,0.0006093807857132094,-0.017506059415233366,-0.026186391561832945,-0.016643122727719395,-0.01504268101278522,0.01761167965102045,0.003123949093133682,-0.01217104866742258,0.02493426065209914,-0.006484801903486936,-0.11597963559773089,-0.0635059394028955,-0.03499751392857142,-0.004481888337696638,-0.010110909009336033,0.0,0.0072532702380005976,-0.0005027280536876733,0.0,0.022643871514293923,0.008108252144827743,0.025737412108540303,-0.025985869753455626,0.0003772846986114242,-0.00020942147681896062,-0.0029470792101406462,-0.002902239274908347,0.011771115489821904,-0.02562498623010062,0.0022415146352525728,0.006520865643804552,0.0,2.8587300222204792e-05,-0.0359961139042721,0.03156994077852798,0.01649733092703981,-0.001050834711868398,0.010300035762741966,6.353503835659913e-05,0.0030636143650714653,0.01388390270713763,0.02018270859191723,0.012046840935111325,0.0036677626867205326,0.0060274502243296,0.02166354012609828
0.03636578574809207,6.525086933484303e-05,0.023975309724766358,-0.0016205831260875936,0.016329171175245072,0.020158191003299464,0.010094962737150659,0.0,0.014024374989926758,-0.037591498938729095,0.08071183886219041,-0.014860686056499206,0.010169163189708286,-0.012761165054515744,0.025391124918202723,0.04373339757815092,0.022958642521257788,0.01198313073250612,0.01465016494183774,0.011129088738930037,0.022382072327405578,0.022896325616396596,0.02450668444245102,0.04227145401894283,0.010187024067851436,0.02448198831557047,0.02610083204567204,0.009724997884435871,0.02995814900634336,0.010152191068514616,0.017996331070470883,-0.07117001494575637,-0.03096367370771802,0.005498431945658855,-0.012139702069323077,-0.032173164009644734,-0.11457475764456077,0.015955685987093404,0.02454821947560537,0.0011660789478846745,0.006885705984698232,-0.010466508884750425,-0.06440507269200008,-0.01129702660633064,0.0,0.004411292498985697,0.015554990712537076,0.029782347113890273,0.0,-0.024638527504206142,0.0029961535622388125,0.004746242544980517,0.041893288613700175,0.05137691147670731,-8.274018695830776e-05,0.029639094774619568,-5.203405996229149e-05,0.016869964236840285,0.014445969476073517,0.018456616741140575,0.013739576889963523,0.0,0.00034061536898577494,0.010514136321903012,0.024209000167875527,0.0772284299049022,0.005088370284295096,0.005701288245773151,-5.551115123125783e-17,0.01657937691477024,0.01563645106510514,0.000689500586921743,0.0025500786723700597,0.0468018694357033,0.006947577512265435,0.021805557190947122
0.004058748306007276,-0.007508297089133309,0.02003666549234373,0.013658885193319703,0.03032501835490492,0.022785900808726833,0.019575256838861188,0.014024374989926758,0.0,0.0309488703474749,0.041923462701307423,0.03498178443347294,0.0462035906604199,-0.00489734771376138,0.022228211438353518,-0.022846843444968845,0.031108507633676508,0.02986738037962977,0.03322116065795705,0.011042242149446824,0.01314464533918408,0.01849321599468079,0.049273175456346296,0.04617704458696342,-0.028702461833064907,-0.03528057409246482,0.02121812429228359,0.020989837262476718,0.02857280342174434,0.015691843129640948,0.029881572469935502,0.010938816830194154,0.01649137590464489,0.028518952344536608,0.02482729864296357,0.022258420344393737,0.013602612567677252,0.037878847954484096,-0.024527442923619913,0.003730163638236972,-0.031175353038355558,0.0028959016720324637,0.003849090302160907,-0.04661649795382877,0.00903721360440779,-5.551115123125783e-17,0.009706765327877898,0.04900318117715685,2.17272755154152e-06,0.009972465298898947,0.015252331473299185,0.01665111091145277,0.01146655471578073,0.03827631542596521,0.026733952418670548,0.02536295471874528,0.013972530067190791,0.020869390660016363,-0.005181887493007631,0.0016767977306461623,0.0004622197559672747,0.0,0.0,0.025148753321417194,0.014793964685957894,0.0025338262697366387,0.008896395476561958,0.011901938624291009,2.6740459425300678e-05,0.01293654714121556,0.0167268596497957,0.014727449837332096,0.03870660187620101,0.0017006599194072658,0.0043179458638086254,0.034396470129011814
0.07941493090259644,-0.008856180969806504,0.020008522884563007,0.0018892128489959026,0.021606419121518505,0.02508481474845209,-0.029508908959249958,-0.037591498938729095,0.0309488703474749,0.0,0.02569533872072799,0.0333141594494612,-0.00012244788713222654,0.07206360969359898,0.01193460172611066,0.013369044623900872,0.022470631131259633,0.035292824180641225,0.027247662633791914,-0.0033662162837844734,0.0701295856502846,0.020050706767967996,0.01645032718515671,0.06677913990320228,0.03365708246060228,0.05064188072432513,0.023974075902206626,-0.004841754150180677,0.04153062988271117,0.010878214767022332,0.027165401601079275,0.020979730305039468,0.03425839777477091,0.012891388737093723,0.0028340587435874975,0.008053888985102009,-0.0324846399839005,0.011684971819776402,0.06852350162126503,0.041352789343457985,0.025736101050598925,0.08001242425324351,0.04118499798163466,0.0087455533093449,0.061575503251069696,0.013326584740463499,-0.05010244196106678,0.00023738887188640145,1.2337048027721842e-05,-0.0011503244706602689,0.021812325700463653,0.005828644349327838,0.0031578213724066106,0.022056983460222668,0.07211739562361158,0.006441833510991091,0.06819044591539686,0.016873412088296458,0.0,-0.0007259394865885005,0.02412301691327673,0.02766871264852544,0.035408923469838705,-4.055252336432336e-06,6.588760312681297e-05,-0.0015738743665250077,-0.0366624193790534,0.022402690175916673,0.05881352503032866,0.047101230306684505,0.0650360955592853,0.015311802146621645,0.018953627688066854,0.0241600869672981,-5.551115123125783e-17,0.012634877847243098
-0.0033075921644816764,0.007051550085503566,0.04080393443189789,-0.022198790472301277,0.022311302432352298,0.004072729210845616,0.023486370663883482,0.08071183886219041,0.041923462701307423,0.02569533872072799,0.0,0.027804162214951023,0.023431551105770776,0.012867726027193827,0.0,-0.00022313191191908333,0.016575853172178634,0.025340472867591224,0.049178201331136595,0.00012818582261714395,-0.0012985573090978364,0.0040493407202442655,0.06979697127145823,0.05011792758931949,0.026832060617686393,0.03237431319329581,0.019510804348683353,0.02301743509237536,0.008925698049029429,0.0008650816346005841,0.03079140104078676,-0.06821181662911013,0.05103978202030407,0.029533158383829416,0.036483178862997734,-0.019013682545721278,-0.005350550933887477,0.08821911597474685,0.0074747753801093775,0.0014402996702391757,-0.011309100260819605,0.002916108442169052,0.03297478412073773,0.016296954752796577,0.00015802378304791143,0.0,1.1102230246251565e-16,0.09977557659802222,4.207221849794607e-07,0.02782366307838663,0.06857452993668595,0.015787754973329515,0.028130162029890604,0.08369015230461574,0.013729595585169396,0.1938098918338828,-0.007621250782123223,0.01675837661431978,0.027643459232471135,5.551115123125783e-17,0.0,0.0,0.0,0.1651498295494373,0.007907899023934295,0.0,0.00024691704834850503,0.03238415322787741,5.551115123125783e-17,0.0,0.0008550641172235807,0.047635720088783695,0.0033850256323145755,-0.019527402026665863,0.0,0.0414298923828233
0.09788720910352439,-0.00242769417418387,0.008828655507813199,-0.0031222693054133166,0.016491178939659012,0.030765318733071034,-0.014829054466981406,-0.014860686056499206,0.03498178443347294,0.0333141594494612,0.027804162214951023,0.0,0.00669720123372558,0.013473363373128655,0.012151151079060618,0.01931085614870892,0.024440512930148428,-0.006856997206827142,0.019613071653492964,-0.026098104410560208,0.0227747492735621,0.01272936671315772,-0.019486748164754708,0.04951006420668397,0.029953563297935804,0.023207472551658004,0.0006581471560216934,0.024374536010290604,0.0037411485764806685,-0.0025218250581369728,0.03205887625967735,-0.023809559431532068,0.03514067642014346,-0.02847664589084134,0.00806752084038348,0.04243016787682424,0.008854588917619921,-0.007520798511597759,0.05720184649391774,0.03551191194797082,-0.0027462652910797414,-0.014799084601857415,0.003753553264970122,0.010109511104363367,-0.03556109938954616,0.01586370789559377,-0.0037782501899680243,0.009019867650978786,-0.010444574708685178,0.007767370951293484,-0.005126205918735138,-0.02110430186238388,-0.00021362661261709048,0.00823093760772503,0.0762053182871984,-0.005792328591541218,0.08293183549707361,-0.043949752473212866,-2.658215071943415e-05,-3.498018939029901e-05,0.013548707703284257,0.042978952080541755,0.03286075000931177,0.00819752678860175,0.00616942326315123,0.02219449435268639,0.0012506927787229172,-0.022815140424273683,0.08503221389195093,0.04456281862585487,0.06827321052498958,-0.015429202030530997,0.026438168760264835,0.00511135950814251,0.0,0.018853327344264093
0.013949031176401172,0.006069261340609755,0.01746611173015905,-0.00718139028580872,0.022572782401831193,0.017011459016455677,0.014895766829636947,0.010169163189708286,0.0462035906604199,-0.00012244788713222654,0.023431551105770776,0.00669720123372558,0.0,0.037350476283877665,0.01993704112001332,0.007984724874161131,0.011669952467349975,0.010956815279790977,0.017764059531479248,0.009514248956776328,0.011644982304051477,0.012077048440851113,0.018577216672513497,0.021070191942955452,0.0026824133488436153,0.015601558676211214,0.015100391361985932,0.02429536397340698,0.03134887543920989,0.025122341757756128,0.010996732578770263,-0.016529882353722714,-0.02063961323249608,0.006039114720690741,-0.0015064533519815737,0.0032853125265308036,-0.009693872044943652,0.022171007729934522,-0.006540631912621608,0.01670944726806356,-0.05846016685149674,-0.039243292725898105,-0.0011566614217556337,-0.0482221418071932,0.047995328878117305,0.005680012329205397,0.011135719839524216,0.029743410201782727,0.0,0.03033495651348561,0.009708658431731132,0.01657160127690749,0.021687069501710343,0.019376382013198246,0.03260824047338989,-0.008043341256215475,0.03854034816045726,0.009238876397092977,-0.03995626201990249,0.023725967117728786,0.00907548459905394,0.016961374132870577,0.011473521038393553,-0.03164853694777786,0.013521151349428662,0.02060402780328463,0.008995065292603355,0.015846511640531635,-0.04348516006970904,0.020626771570334657,0.023134213003173754,0.020495176055818964,0.006647397083503204,0.00269017266982452,0.019489488514429443,0.03326928368548626
0.00864906164552215,-0.003903536586650269,-0.0008992899613241012,-0.021177513899262868,0.0016579237143846126,-0.00915937817217033,0.01491620618801115,-0.012761165054515744,-0.00489734771376138,0.07206360969359898,0.012867726027193827,0.013473363373128655,0.037350476283877665,0.0,0.00867676387471289,0.0014507403056970292,-5.653284650253276e-05,-0.00023775645594603656,0.002679958434705587,-0.009199552751234408,0.022742462259128404,0.0037672198086548536,0.000361932295843137,-0.007452173142638352,-0.01574437577202581,0.013466003476122645,-0.007322331931127024,-0.05220537862502181,-0.004162084944394517,0.013354333417239017,0.007465134075132773,-0.0642117952151958,-0.06987399553519719,0.020700451771239192,0.008840969515799657,-0.03263739240464514,-0.0023228467782047124,-0.02637030138554336,-0.036377985964332615,0.0,0.00307452075065201,-0.0008603956409184987,-0.00733276898865598,-1.2110482866534156e-06,0.0,0.0,0.0,0.023128437182599437,0.0,0.016719574359853773,-0.019205925547301272,0.008345268934924932,0.01379501440985359,0.030992249793355686,0.0,0.02442991974248665,-0.0004513593304986685,-0.017307703481398484,0.016786618761598204,1.1102230246251565e-16,0.0,0.0,0.0,-0.0011368929151579499,0.0,-1.1102230246251565e-16,0.0,0.011966214404142195,0.0,0.0,5.551115123125783e-17,-0.02018389858170494,0.0023860242604217263,1.1102230246251565e-16,0.0,5.551115123125783e-17
0.05464537698352018,0.012452169090207355,0.029170468611862177,-0.003619722238641654,0.015550941661015172,0.04785432317676391,0.009154563881125177,0.025391124918202723,0.022228211438353518,0.01193460172611066,0.0,0.012151151079060618,0.01993704112001332,0.00867676387471289,0.0,0.019364600035104318,0.0036885339935320838,0.0058819911355300625,-1.1102230246251565e-16,0.02228579223017929,0.04014974192887094,0.04536234440913739,0.05987088233006915,0.04281541927632909,-0.004773328273064592,0.045374485074689885,0.03929092941574164,0.02554649175895718,0.025910790764960057,0.039665945513099765,0.02480592418024058,0.014262917818196441,0.03541307042076541,0.009226354835923045,0.0034926452108883788,0.017076386961974555,0.04132289117116966,-0.00029232384287042334,0.020381745329890122,0.0435060246989305,0.017097595211785277,0.027888181076325735,0.001657853108195495,-0.007288731891396005,0.0,-0.010321095297781413,0.017357681924646484,0.018341812787771528,0.0,0.0,0.015256859474577333,0.00660263715295395,0.02695060930566001,0.002698768736118129,-5.551115123125783e-17,0.0,-0.0018930407339215471,-0.0016821955188595639,-6.896712609560929e-06,0.05880756386354363,0.008518266578750766,0.0002410727869763818,-0.0010976930833205278,0.0,0.050954095668555854,0.03628678680432157,0.057522038764176164,0.03954918947288172,1.0677535606407051e-05,-0.02978719324152862,0.03397501844322126,0.022998116081733744,0.0021742560982606074,0.021163844435291457,0.018649425004302334,0.025553190255448388
0.03473158086177869,0.024997756818144534,0.0071069279800090035,-0.00138037700495669,-0.009998041746250297,0.01152727345706972,0.0013798727010855272,0.04373339757815092,-0.022846843444968845,0.013369044623900872,-0.00022313191191908333,0.01931085614870892,0.007984724874161131,0.0014507403056970292,0.019364600035104318,0.0,0.05507034158998836,0.04808503370704709,0.00041190862842122034,0.017782286522352753,0.02396846522867857,0.03472236015657043,0.024236485337973068,0.04257504828669534,0.040688215091830904,0.024380822227722643,0.01652329837916372,0.01908458108046368,0.02652463844270936,0.024661115609795392,0.033757310780354655,-0.004258327312430199,0.024890053747060714,0.0001455606859239733,0.0071922101970942065,0.006569826024161396,0.00027305511950015404,0.025631551972511435,0.00785476471074098,0.0036790889432139484,0.004030726575474541,-0.020070082899071695,8.992787034700633e-06,0.0,0.0,0.03663765037771333,0.015174364121325723,0.0,0.0,0.0,0.012817730306004083,0.010785630064267193,0.016226739383484512,0.0,-0.005385791647417593,0.0,-0.0053234926929058846,0.01565051609106749,0.0,0.026814984002890896,0.015314618133064395,-0.009753821594927992,0.02206301076488354,0.0,-0.013864293440168096,0.004210274074750164,-0.009299401020747389,0.0261407840065353,0.025695557774989275,0.021755029874278298,0.025880817404647538,0.010439162233731814,0.015775256965517293,-0.012934743882650812,-1.1102230246251565e-16,0.0003160784736132016
0.014635688133277702,-6.821965474107516e-05,0.0068157610853968875,-0.006577267424199895,0.032497959058128134,0.023213706584449434,0.014473331071163387,0.022958642521257788,0.031108507633676508,0.022470631131259633,0.016575853172178634,0.024440512930148428,0.011669952467349975,-5.653284650253276e-05,0.0036885339935320838,0.05507034158998836,0.0,0.03408046171566825,0.0179814186578634,0.019084888956824753,0.028782228131029097,0.002990479434816118,0.02043525820816755,0.044289552040188584,0.043189691737517855,0.03194760503177946,0.01622893087919458,0.008428439666544274,0.024097740877899676,0.0006220881363011577,0.05238834050483365,0.03033772294784981,0.02856161934638629,0.004582718017709042,0.0005372779875818523,0.014608021829549844,2.49367556118818e-05,0.018730791594786966,0.013352380284710919,-0.010505277608602592,-0.024486840641342156,0.009955588047416586,-5.551115123125783e-17,0.0,-0.008413113670901085,0.0362041848209268,-0.031065978302857344,0.0,0.0,0.0,0.0,0.0,0.0,0.0,0.018066286234364404,0.0,0.02262008670590754,0.01388191998345023,0.0,-0.00010045718945383975,0.003432990019930471,0.018829409280384013,0.0230156671503291,0.0,1.1102230246251565e-16,0.0,-0.06144679893084182,0.0,0.049831445504207816,0.0206608357872341,0.035914279052831455,0.0,-0.0006093560546991394,5.4195646332133585e-05,0.0,-0.03398514688259824
0.037322497301383095,0.012050818173110434,0.032435738600426645,-2.0594981324006945e-05,0.01392107308306928,0.00581361659619839,-0.00028698878269356465,0.01198313073250612,0.02986738037962977,0.035292824180641225,0.025340472867591224,-0.006856997206827142,0.010956815279790977,-0.00023775645594603656,0.0058819911355300625,0.04808503370704709,0.03408046171566825,0.0,0.0194155604029827,0.003360925829229866,0.02962514377219766,0.008632818736261205,0.008810780836068177,0.03636897906675757,0.033737410747725405,0.032048501103011995,0.007967658510681541,0.009058241476383566,0.013328581528847916,0.024393454889906907,0.043341604205509254,0.01398836022450789,0.03745244621800148,0.008786312186079615,0.0009427670744811545,0.0528010510492366,4.1560469819290624e-05,-0.029863792291573987,0.0065312105522324915,-0.0029627707367385625,-0.0027604267495675017,-0.007416573217255473,0.0,0.0,-0.0013562418591920866,0.03883642523976838,0.01449436373101115,0.0,0.0,0.0,0.01226931246348012,0.00017527384299304005,0.000981558444667574,0.0,0.019834554124220194,0.0,0.018766265050569664,0.013860702614224507,0.0,-9.044913342798333e-05,0.012831675178569923,0.02331258620703286,0.01670786904207977,0.0,0.007658380964317035,0.008126400464042616,-0.014168016539320372,0.020138180323911625,0.011128327463641063,0.012916946101843851,0.02155383677369066,-0.0032488056274869725,0.005329447991627156,0.02063323520580712,0.0,-0.02147250644920473
0.0,0.0121630308192342,0.052316354292779255,0.023697165416113886,0.025269743036020254,0.047334884639748276,0.012436315678480525,0.01465016494183774,0.03322116065795705,0.027247662633791914,0.049178201331136595,0.019613071653492964,0.017764059531479248,0.002679958434705587,-1.1102230246251565e-16,0.00041190862842122034,0.0179814186578634,0.0194155604029827,0.0,-0.0009590957136590972,0.009910697361689536,0.011008895202507751,0.046466710351360574,0.031553922588398176,0.020272611528652174,0.03160513906060519,0.0149961184380899,0.018642291893923912,0.013015400619220352,0.014807802068627363,0.030786447183595855,0.009851395756493186,-0.015510299283704176,0.02726491449741375,0.045513156442304026,0.01819061656817278,0.011373824245724362,0.013946823160519928,-0.040163903205852,-3.2236355931081206e-05,-0.03889547219198275,0.004279052658798743,0.0040216594221408886,0.02153020255967225,-1.3237167975799213e-05,0.0,0.0,0.10340685849409581,-5.551115123125783e-17,-0.0010047379278544932,0.0046679860154758,0.008497598710360377,-0.02188880364859802,0.03776783746835011,0.0002734242794411035,0.12477583555805688,0.010083410029468443,0.0040583980432312705,0.008212851429100942,2.220446049250313e-16,0.0,0.0,0.0,0.057079538361726856,4.665195074032846e-05,0.0,-0.00025742599829264856,0.011584438879755798,0.0,0.0,-5.551115123125783e-17,0.007749748220713615,0.02184451808218335,0.009933186844263642,0.00016083531790422878,0.0015595027167469855
0.0605124973296452,0.006400629602436536,-0.0056977305563549185,-0.02138271617765397,-0.013773744513236319,0.025761285042075144,-0.0052694817066568644,0.011129088738930037,0.011042242149446824,-0.0033662162837844734,0.00012818582261714395,-0.026098104410560208,0.009514248956776328,-0.009199552751234408,0.02228579223017929,0.017782286522352753,0.019084888956824753,0.003360925829229866,-0.0009590957136590972,0.0,0.03815637563584329,0.021125061419839497,0.04152463935468209,0.005764642738202708,0.006378867953718781,0.02164851238347426,-0.002037122857912632,0.019360922566482364,0.014385917400186854,0.025191976363165836,0.022817735686151752,0.003250838555303115,0.02315273593010775,0.006616245274054133,-0.001089042893426928,0.017927006453835825,0.017602056385763287,-0.006610330063714032,0.002956342823232816,0.01861762480365553,-0.0022394611529312214,0.011521130718804229,-0.024656621568793835,-0.018857524596321562,0.0004998190305907091,0.002516856298346859,-0.0057620338912052205,0.014462140670358115,0.0,0.0,0.013001174888848888,0.023661781743679,0.04439557374977543,0.004564622793616302,9.856545181413656e-05,1.1102230246251565e-16,0.0014339077734852879,-0.014358341904551819,-1.1102230246251565e-16,0.027707987110986043,-0.015026831356822423,-1.430558336573684e-05,0.00033421606639072454,0.0,0.026134385241179114,0.045034933609525096,0.018404663383926656,0.020947750647874352,0.0,0.016793452730052838,0.013338315748590346,0.00359388150677592,-0.016625119491558482,0.009646193852104412,-0.01532931360073897,-0.0013630422130939124
0.06774252874450132,0.004989899355415384,0.053652727619882656,-0.0013456443975752852,0.01843236733193987,0.020181404423833815,0.0222580782950329,0.022382072327405578,0.01314464533918408,0.0701295856502846,-0.0012985573090978364,0.0227747492735621,0.011644982304051477,0.022742462259128404,0.04014974192887094,0.02396846522867857,0.028782228131029097,0.02962514377219766,0.009910697361689536,0.03815637563584329,0.0,0.050055369378754655,0.029014103422147886,0.06216156449643112,0.01907563409412083,0.03378434674480546,0.03612749331496318,0.015449772584332278,0.022626333707713442,0.007571739662622035,0.022129525529815397,0.004158710906004448,0.00708139085604087,0.011971919337557368,-0.0034520400853129685,0.018766405667814512,0.016362790735887756,0.023850772444761248,0.006318949230521065,0.00803860236548648,-0.0020766950351248648,0.002094495320164147,0.03426818057789316,0.0,0.0,0.007874763076700986,0.03143980368945681,0.02099292126751895,0.0,0.0,0.05379069222908445,0.003701086954359556,0.1027792369951171,0.013678181319791316,0.02391303186734839,0.0,0.012817091838492334,0.018791007324872266,5.551115123125783e-17,0.054951495074981205,-0.003101888563974753,0.0,-0.011194359521046637,0.0,0.0356796798711948,0.035116095997552554,0.07056078489024509,0.02054665485105278,0.00359980723228992,-0.023517789185810933,0.03731292443341094,0.02501640530215954,0.022570676698649927,0.0426042395910593,0.03466825990315631,0.030204311665541106
0.027687415666623028,0.020842805582649337,0.017669092959751276,-0.04045171329335706,0.0006867855014798252,0.028591791267058075,0.004059669011155342,0.022896325616396596,0.01849321599468079,0.020050706767967996,0.0040493407202442655,0.01272936671315772,0.012077048440851113,0.0037672198086548536,0.04536234440913739,0.03472236015657043,0.002990479434816118,0.008632818736261205,0.011008895202507751,0.021125061419839497,0.050055369378754655,0.0,0.055788386733186424,-0.010373415767947758,0.008364058389356,0.012965457756477727,0.011917733466202174,0.010391499333215315,0.010842944801066956,0.01359426984034734,0.022708764285021554,-0.005499119214572412,0.010889436930111018,-0.008456612846522493,-0.016157339394697212,-0.0003198299592911402,0.009364052326407912,0.001110149809770089,-0.007395934358241707,-0.005058127155038894,-0.021658500775301903,-0.025186287570079735,-0.012599518977550017,0.004639826307538453,0.00010457380459877319,0.018146726205170216,0.0008244006932933701,-0.0035983136920604286,3.7924177097581335e-06,1.1659652294215839e-06,0.0027756723385258253,0.016732164805292493,0.03243317860901751,0.014963993085774674,0.008599163324626624,0.0,0.005594129538109893,0.006286300406155909,0.0,0.0382162865219452,-0.00630908333677499,0.01235579536653042,-0.021271613119549226,0.0,0.006475068182664523,0.04600131101747562,0.015476865230226344,0.03166621055534097,0.01900422088809245,-0.0016888851545872607,0.01446222125472063,0.0058749222056837525,-0.04620625838724274,-0.012299946908573223,-0.02026325571236004,-0.011296673197997764
0.04229791166670083,-0.023973259756543908,0.02998922402247506,0.0048934838752328624,0.01735865612837212,0.031998958828375945,0.02784757019029377,0.02450668444245102,0.049273175456346296,0.01645032718515671,0.06979697127145823,-0.019486748164754708,0.018577216672513497,0.000361932295843137,0.05987088233006915,0.024236485337973068,0.02043525820816755,0.008810780836068177,0.046466710351360574,0.04152463935468209,0.029014103422147886,0.055788386733186424,0.0,0.04564417963004813,-0.021625512837481098,0.03176355274414089,0.04385712187286411,0.022220067438732005,0.03684247303139532,0.024459908507955486,0.016420458333304133,0.004398220428111055,0.028703853685350555,0.01546105653648211,0.02501731483437314,0.01896697431957811,0.006548206537731416,-0.00719897434599337,0.019677341808991833,0.019497870305282716,0.01941135031159058,0.024450724275573044,0.031231493835523594,0.017598174696269897,-0.00466994299336676,0.010977142834836529,0.030690095528317918,0.07496949585089052,0.010640895112994153,0.02289863527709446,0.01507334114516462,0.008611081695590883,0.012731028331167571,0.02855680275314665,-0.004971786815091472,0.027615243254337396,0.01683810084169296,0.01927654051810712,0.003981831260538471,0.04389317339154991,0.010223881651428235,3.479991364302437e-05,0.011454632263690256,0.08711141602922357,0.0275594559450405,0.03227304839676004,0.045948528904784736,0.010504512316114822,0.0001341119384966616,0.020434246848410387,0.041816710760903986,0.012109286867904023,0.013233111772328998,0.02097513370457199,0.012816547135964251,0.02315427398401182
0.06339462424896153,0.011109868349135632,0.0006498449963448505,0.008950280961957102,0.021952155213952995,0.021573529521241974,0.008956067139126722,0.04227145401894283,0.04617704458696342,0.06677913990320228,0.05011792758931949,0.04951006420668397,0.021070191942955452,-0.007452173142638352,0.04281541927632909,0.04257504828669534,0.044289552040188584,0.03636897906675757,0.031553922588398176,0.005764642738202708,0.06216156449643112,-0.010373415767947758,0.04564417963004813,0.0,0.02752981515303765,0.036875800705785555,0.02992090921777707,0.029963995909289776,0.028141763356920146,0.011218670210090376,0.04269700925828068,0.018746141812786166,0.00040443623820546337,0.01281140855176055,0.016448137734081547,0.022071476814203572,-0.01600017028978623,-0.01084799413820628,0.05198260990799641,0.02048240093546072,0.04280372241121627,0.08429777138905237,0.010376601963183518,0.00411490192480235,-0.01040439367575402,0.07662594116519167,0.056121729449187585,0.0,-5.551115123125783e-17,-0.00013745328346831398,0.01102819216894474,-0.0001177840080288095,-1.6653345369377348e-16,0.0002448612486479762,0.0443507509201832,0.0001801334685956335,0.07133988517054929,0.017691780067353113,0.0,-0.00035099601489996246,0.0230152242609708,0.04156303759090668,0.033336634976814605,1.6750411883481586e-05,-0.0006941939176531298,0.010768436397088521,0.007860570689423363,-0.0004571635303713961,0.07590315372824064,0.022459644280030222,0.04565843374909495,-0.0021621286667014017,0.009023478555132414,0.017168130518737224,0.0,-0.0034283596904577385
0.024383139878964344,0.015038541624865398,0.04293006306932934,-6.610620348129759e-05,-0.0059784335707376846,0.009298171277988876,-0.005459699389678496,0.010187024067851436,-0.028702461833064907,0.03365708246060228,0.026832060617686393,0.029953563297935804,0.0026824133488436153,-0.01574437577202581,-0.004773328273064592,0.040688215091830904,0.043189691737517855,0.033737410747725405,0.020272611528652174,0.006378867953718781,0.01907563409412083,0.008364058389356,-0.021625512837481098,0.02752981515303765,0.0,0.023343263269359593,0.006768925378344337,-0.019136709665351137,0.01812517426707133,0.028835160160225526,0.007508777210464779,0.002501249846593223,0.0155387957985747,-0.00858075556989285,-0.017425039691682576,0.028039728994955326,0.0016353387299630207,0.00874882862880566,-0.0032092932241767347,-0.013209450068305373,-0.009474042489731993,-0.02466698960485647,-0.0016921429568272917,-5.551115123125783e-17,-0.032008312393312865,0.023915445483479847,0.01315720071861698,5.551115123125783e-17,0.0,2.220446049250313e-16,0.013638118792884846,0.01567321131282584,0.02988634819070679,-0.0010833389919089331,0.018439430435331472,0.0004313143378804063,0.019973721874054884,0.020483979805983377,0.0,-0.02492619002031976,0.007197228404743017,0.01294443820266944,0.016787304254145263,0.0,-0.025037004275750785,-0.0070748635801057835,-0.023124565335018776,0.00522638268218184,0.026930030513989067,0.006761870896739686,0.01505580690006375,0.005696147252901129,8.412065513041522e-05,0.005015358817395954,0.0,-0.013465871599461277
0.03060623006390467,0.027879140747613884,0.028064350686109518,-0.009677058538990757,0.012470379053610259,0.012542298247423256,0.009526537728406115,0.02448198831557047,-0.03528057409246482,0.05064188072432513,0.03237431319329581,0.023207472551658004,0.015601558676211214,0.013466003476122645,0.045374485074689885,0.024380822227722643,0.03194760503177946,0.032048501103011995,0.03160513906060519,0.02164851238347426,0.03378434674480546,0.012965457756477727,0.03176355274414089,0.036875800705785555,0.023343263269359593,0.0,0.01866926139904035,-0.01612841784443808,0.02775684494955244,0.014843252580513666,0.013599343639719152,-0.004057240687203034,0.016282293253134406,-0.00254024424043503,-0.015106057920959814,-0.012972304063470719,-0.009466545837392148,0.012238888167334205,0.007841224174783223,0.006695173031298074,0.004258296268999484,-0.024976382631693717,0.01928008997800046,-3.270604448857295e-05,-0.04713010782229676,0.024870125927597964,0.01960908462580646,0.012778167674476149,0.0,-2.72602479350903e-06,0.005866092207177209,0.020573203086734826,0.016097982338380445,0.005802171292039637,0.03996737349342272,0.0,0.044180461900840906,0.0178667228983318,0.0,0.028852395213813442,0.014961059558077416,0.0250011557127639,0.027030881338614088,0.0,0.015814016447015466,-0.0006657809179281271,0.007864266936416675,0.018103482116026137,0.0627346041613217,0.018582718925331754,0.027546055355658794,0.012180292798095183,0.010891766803666547,0.008124440615214945,0.0007138232602708072,0.006482217668481782
