0.0,0.5746184139424908,0.44332484584699944,0.0,0.686537039500878,0.7863047843696762,0.574587872051801,0.5600923757053253,0.4214554798006965,0.7010155282386505,0.37001884990258804,0.48116230986135045,0.9447175922450664,0.48704090141434664,0.44167479571108165,0.5977372982261304,0.5749557616550534,0.49763622665711393,0.0,0.3765511968450922,0.36865449138279216,0.42690197130267493,0.6207675297751961,0.37302555673490617,0.48074510752420957,0.7168684802415938,0.5908540181302813,0.744249342992344,0.823999213368043,1.0170806948155566,0.5449615477606196,0.5260942973570704,0.5333130431501341,0.5256808299778885,0.49774926423560895,0.6828129900376814,0.5021873310708054,0.40588127148675557,0.5635282012881354,0.7603111818748703,0.7469033697304236,0.44542425076586906,0.48653248056240533,0.0,0.5736257293522109,0.32560192668123655,0.7134223764558036,0.0,0.0,0.0,0.4180578343000346,0.0,0.731165064874959,0.0,0.6822671228368422,0.0,0.5620240015235729,0.768941284724983,0.0,0.5516847386699913,0.5856268977780372,0.613714344239896,0.6463218550872796,0.0,0.5445123061473631,0.2950267507821139,0.8309614604112256,0.7574349894368513,0.5797595362335453,0.7525739641384818,0.6767123155192969,0.4117744243959306,0.4414737487554825,0.6995779876103725,0.0,0.6090633338458069
0.5746184139424908,0.0,0.6415160186883215,0.37920711056495926,0.4995678494412791,0.6402026790617636,0.6187851380086189,0.7266592922629104,0.3939279159629523,0.5028295190975329,0.4957974093849768,0.30756162748954663,0.5713912325510713,0.525164524758216,0.8328495222109331,0.6503166651738148,-0.06559273139731098,0.6324356885473039,0.7280208591866786,0.766010246196805,0.8260028064190775,0.6801025886737051,0.7943757194399188,0.5329453799541264,0.6176148867596158,0.6347634579162301,0.725921799284386,0.3607332601895072,0.6213759558731333,0.4372004614752161,0.605509614588674,0.49267935366169047,0.4852358169549047,0.6074643246811193,0.5861229274034971,0.22084767820194492,0.025086247655820952,0.0,0.5583260647464419,0.741986162396609,0.5572104772353011,0.5852868460397752,0.5956533973956057,0.0,0.0,0.6732275987352949,0.6559114871502645,0.034470623171670545,0.0,0.0,0.5631087253154455,0.6225348767666397,0.6732520975004046,0.8500037762144403,0.47071298380232524,0.0,0.6227184221577208,0.6979784827347064,0.0,0.7857199790943892,0.5013096344887019,0.5738952684662447,0.5633820887517358,0.0,0.7184593024938639,0.7179739930253926,0.6804861450290881,0.8298738725861456,0.5128892328176619,0.6594074304115027,0.8226836171842768,0.6703423504875448,0.7098173402068916,0.5212989613616819,0.0,0.690511124672417
0.44332484584699944,0.6415160186883215,0.0,0.744234616108562,0.7078863155272421,0.7811446331410763,0.776096677845219,0.8424274549922948,0.759695202087669,0.6973028628100695,0.652942329792876,0.7413608363271851,0.7732331438730538,0.6824616057426403,0.7205140532829674,0.4675256075500652,0.7172683270528335,0.6460704809200042,0.6483509774497754,0.5640748237945483,0.5358478933453523,0.688294034463105,0.6990572262509127,0.4550081542725247,0.5107366481092546,0.7501533225346466,0.437927741736424,0.792956315256254,0.8652594931817358,0.6540133780355563,0.770539146899671,0.788367878468767,0.6957015008850871,0.804899719347419,0.6575516441873727,0.8481686668142228,0.7018178252684278,0.7043748614264385,0.7482500070577753,0.4634353312651319,0.6772276035240176,0.5913511430623526,0.8672524502662724,0.9579866993052785,0.0,0.0,0.37259471529246435,0.4467260080503399,0.4665681742957335,0.9268650101087059,0.7294031822111825,0.8952376851676087,0.7391062588006957,0.961582677054203,0.4124889009114775,0.7343643817268424,0.9695378247098545,0.8723300654645407,0.634238289539043,0.35592582979647147,0.0,0.0,0.0,0.40756037279149415,0.8460823570370324,0.411904329494458,0.2488620652229087,0.7591309957646806,0.0,0.552931488630301,0.6479807058405946,0.8012188207281564,0.8342515401302834,0.7681842211299896,0.6651769829974978,0.6512466675197892
0.0,0.37920711056495926,0.744234616108562,0.0,0.36316030200269245,0.6396256720456777,0.3065725435650899,0.5852380788699151,0.764099838121749,0.44122515772981896,0.8493477729986367,0.4060779759212081,0.6421060158071235,0.7844056690013322,0.45727644716140153,0.269416537183918,0.5205841600466805,0.4814101317428779,0.7798258126942688,0.6690184667876928,0.5159656350136079,0.5345700528844195,0.8591517583693098,0.414958769184631,0.7981336659887623,0.40081245684073913,0.8028499621679053,0.5645126894357426,0.7385047560151604,0.2586843855608786,0.6305195623493782,0.44731500119104384,0.31441956030869034,0.43064510683513463,0.5973981595385727,0.6003548684684328,0.44729691835919694,0.26176141054277136,0.33097046448560996,0.3585964453633262,0.7320864305377127,0.4304993918243981,0.3118223556580588,0.12617987280804965,0.0,0.0,0.0,0.3869307438515326,0.0,0.0,0.8012979081324305,0.0,0.4744130502118582,0.3467901621812215,0.0,0.4211219203733094,0.41396926344847995,0.44957263958238014,0.0,0.0,0.0,0.0,0.0,0.0,0.0,0.0,0.4474241893021295,0.7313812675763648,0.0,0.0,0.0,0.6223337438962815,0.4552191885154607,0.5626004431994438,0.0,0.0
0.686537039500878,0.4995678494412791,0.7078863155272421,0.36316030200269245,0.0,0.5794272197622482,0.6831220990864226,0.7910774614282716,0.5288300132227326,0.8031060337719462,0.564768197345306,0.7412105684918995,0.8552054949615222,0.5743746656635307,0.7528561215756586,0.5754973040722934,0.728491661835994,0.6022050594063584,0.6869871530208882,0.4959019778813434,0.9050620492262538,0.6470215276784227,0.6134116432480821,0.27517491617793727,0.6521275669142266,0.5736140162815652,0.609343525301622,0.8077674623577697,0.694495542218706,0.630051231732836,0.7008847219564671,0.597612964513512,0.35577877254378176,0.8424038379325103,0.6064074761107106,0.4393304316797446,0.42667814369509777,0.6782753954280651,0.32589217044827334,0.4305723666867584,0.3299684496079347,0.452445870357032,0.6985755155343363,0.3169420303947192,0.3494998538599363,0.0,0.5423697273754553,0.6655419593473699,0.0,0.5192664645953725,0.7854331197581041,0.7533651983522638,0.5411503887116054,0.7633947510910895,0.0,0.7116840874062471,0.37976092514032433,0.8548767245000368,0.5803043070431111,0.5984771398647561,0.45337339398927234,0.0,0.0,0.6233090044664182,0.6761785254008705,0.49024310899017837,0.7822563323805019,0.6708088903641012,0.0,0.46231338863945537,0.7914185584176017,0.6796141293240178,0.753556097153609,0.5445215633016991,0.0,0.7092626995218041
0.7863047843696762,0.6402026790617636,0.7811446331410763,0.6396256720456777,0.5794272197622482,0.0,0.5127196459268075,0.6506375664684246,0.581694634831647,0.5792054377676363,0.6404817691075864,0.6411108483324717,0.5286908805649693,0.6506374002835005,0.7229016892594756,0.5817915178426327,0.5576675051732531,0.5720440197900858,0.7246023936370944,0.5239958700979638,0.7349446419672466,0.6245425785476892,0.6311296033043683,0.3157297550665838,0.6014170824782834,0.808364443104914,0.705824229047177,0.7364964775966887,0.5634004588241398,0.6610387888788241,0.6997635164901894,0.6397476549633447,0.6476004438356985,0.727070035744539,0.6384828299556112,0.829936206469627,0.7395992505512807,0.6649814500543104,0.7002609474737613,0.3935653546922955,0.422338352581045,0.5143372327450487,0.8575054348346569,0.649219810112271,0.42425143451340575,0.6692144076879603,0.6484652482152791,0.8920725428392634,0.7838953520080998,1.0657562609263982,0.7825636130123776,0.9014128957985186,0.8194897948412443,0.9360206257308754,0.9006646257058044,0.8620745005425121,0.4246782952605516,0.8360325977848868,0.7492859162948031,0.7722299772489876,0.7093564162427288,0.0,0.7245735572666112,0.7614274710800831,0.6203045857740086,0.6242146350066189,0.6837443260293474,0.7654165675805145,0.4978799588129438,0.5962327221283023,0.6235100937891205,0.7725258374875893,0.7480570860533253,0.7439896444965843,0.5516968455303559,0.6564708127202189
0.574587872051801,0.6187851380086189,0.776096677845219,0.3065725435650899,0.6831220990864226,0.5127196459268075,0.0,0.6572355316607965,0.7546991696149046,0.5315381163818635,0.7909081619478364,0.5065765881831132,0.7617051534449021,0.5428647136963791,0.5894485052941282,0.5544790953295936,0.6869784843444308,0.524975509986906,0.746734739075605,0.5633217122860752,0.47633101327714417,0.5805312021301885,0.7030519290741608,0.5146597894169954,0.5403720778383276,0.7119264239649523,0.63102860494917,0.6239078424681734,0.6632386331965057,0.44031075101281925,0.5829334953605818,0.8929715909423025,0.7556922966994224,0.6375324540862266,0.41103906926175354,0.3756054581517757,0.33671699229994745,0.6134191409347309,0.5525767265878008,0.5687393558984484,0.2160195781878112,0.3796926978831489,0.6208555213400925,0.9824072480620405,0.4312822998934255,0.0,0.5894248455260948,0.636947684512458,0.0,0.7209892488496519,1.0451387436174848,0.7071561595667142,0.5757883493669318,0.7404134787586114,0.6699180984378319,0.5724738464602845,0.46357455751069776,0.6058470735327894,0.7328712198573567,0.48589681450391164,0.6683024350038574,0.0,0.47871203027251785,0.6535135896885785,0.6910918628029207,0.6618330039944607,0.684923096993556,0.7381292817931601,0.4610458034690351,0.8712771726044712,0.6653804746904255,0.6738730086471746,0.23679632583040772,0.5152382432665861,0.9883758035889415,0.6312819089789815
0.5600923757053253,0.7266592922629104,0.8424274549922948,0.5852380788699151,0.7910774614282716,0.6506375664684246,0.6572355316607965,0.0,0.7506632220156956,0.612891850689036,0.9754647145483999,-0.30284458232638856,0.6545855869644507,0.9576956409642983,0.38930029433009083,0.8397995589507146,0.4620876444277604,0.7692381310420271,0.748380643213725,0.5447244615154824,0.5336362668220832,0.6502867584032876,0.5765390557587042,0.35294854914382384,0.6269788635041755,0.7042979337112529,0.6621486792524058,0.6044052675415847,0.6216607938672809,0.18583971839665503,0.5393632409215157,0.6207567561038426,0.6530644702754871,0.6098416816295451,0.5079642005887877,0.40548182058826676,0.06276757437504477,0.6157833839021987,0.7791077405282285,0.744690880453958,0.4066297772247547,0.43056595738581493,0.8192621394202182,0.5243105860555943,0.0,0.712249477467697,0.5375476499424696,0.7755907138977679,0.0,1.1327933657286524,0.7498924711905175,0.774450017665195,0.5394232655244081,0.8187043409323886,0.6627039792878355,0.8368994493202643,0.9607634979767445,0.7453093388409766,0.4786980832661362,0.8049333235635052,0.689455174677279,0.0,0.5764321161184405,0.8618177884415907,0.7764401869874983,0.6955244897339607,0.6158425093078119,0.7335611695610968,0.0,0.6705843176649938,0.5336912923792894,0.71882833332599,0.6865392326313338,0.7264726169756066,0.4800588362085433,0.5155294310564822
0.4214554798006965,0.3939279159629523,0.759695202087669,0.764099838121749,0.5288300132227326,0.581694634831647,0.7546991696149046,0.7506632220156956,0.0,0.7317674413889844,0.5245416490399097,0.5146300041274035,0.8038636685335079,0.557734303451587,0.9030388444986166,0.605324661362393,0.714434075955313,0.591669472776692,0.48965770850993046,0.5084723573632587,0.48023235587068713,0.7281087808339721,0.6728662771915221,0.3992706684501012,0.6205995350825652,0.6932374141534492,0.6699652057073735,0.7910064664583041,0.6910222757851352,0.49593474357687706,0.7521613974958352,0.8476232427912727,0.5460504500540573,0.8044528236507804,0.676821992641407,0.8055006401080952,0.7866467508095956,0.8952259958959057,0.6133310533980225,0.33337930359443146,0.3896788765173159,0.3502741972119071,0.6641834930430932,0.6924035831844478,0.6053731950903999,0.0,0.6866806965949526,0.7816963844121716,0.4566917089933456,0.8129896605271448,0.7696987909281414,0.9155946403656966,0.6782739189665583,0.7597990707955311,0.4219202106755402,0.8397301697810062,0.655518427669323,0.7829085280947228,0.6687226604841774,0.6965724625883486,0.7878406946617089,0.0,0.0,0.6719011777111062,0.6956574575876406,0.5586026865520208,0.7239287577618149,0.7545944347566542,0.40166252993510054,0.7305472632913566,0.39181247958473475,0.7365621652013452,0.6722986011382032,0.6265046868405731,0.8017223359284034,0.9153362140581822
0.7010155282386505,0.5028295190975329,0.6973028628100695,0.44122515772981896,0.8031060337719462,0.5792054377676363,0.5315381163818635,0.612891850689036,0.7317674413889844,0.0,0.8042758759624499,0.5910871531689446,0.6365509607101649,0.8792864818561327,0.24754830327941182,0.4673955532930708,0.7325738591837782,0.5563310732651197,0.7590203260401921,0.40038331645005487,0.6083247080057141,0.5441201408367315,0.5993244175348478,0.5123060786654452,0.7642377575073772,0.650256554168387,0.5552308033110864,0.6121257926779846,0.5646374284618142,0.44160556918309213,0.6751530948885305,0.33937737942039103,0.7896583532008722,0.6049713789675712,0.5695912661978629,0.5943779138872638,0.6283066496826569,0.6266271965349324,0.27013359016558247,0.942473264134293,0.7517078988655462,0.33572642114464235,0.5377152697023286,0.40746692123097605,0.8787614403725486,0.7050775527749411,0.6387237922621269,0.3357598946026237,0.4607338183434563,0.44116286025481527,0.7036584171342752,0.7156571806725684,0.72172983531844,0.37219796702394037,0.8254637679548527,0.6250013195789603,0.8397303900102788,0.6340615878984157,0.0,0.6104905244962295,0.6315623079130597,0.5720887407809896,0.6741413420124365,0.47385904004248064,0.4674323167598314,0.6597895118703228,0.5409163890329521,0.8038980722757011,0.5761214994767899,0.7653813278500563,0.8136980937596674,0.8293211592100271,0.5395646420391698,0.7472717879833101,0.0,0.8583105628011849
0.37001884990258804,0.4957974093849768,0.652942329792876,0.8493477729986367,0.564768197345306,0.6404817691075864,0.7909081619478364,0.9754647145483999,0.5245416490399097,0.8042758759624499,0.0,0.787018730230427,0.8315487799495386,0.6754017818803018,0.0,0.4862664937147163,0.5699447054090809,0.7068293363151199,0.4328044505206014,0.45437709072230226,0.5885115602730847,0.453265331200409,0.7920156669484997,0.7282601567390679,0.6891114370721931,0.8235737124919166,0.43565343046530103,0.8114453405007684,0.5745997607552766,0.6356520263671932,0.739721136875604,0.81478236145705,0.55852394480146,0.8666340756949382,0.7213088186859156,1.0374673625211486,0.9124882629950364,0.6471645872949986,0.7305579548405099,0.6610466000905801,0.6824319900795582,0.5638380562369943,0.9284502460996755,0.9066598323956058,0.4567494293699098,0.0,0.0,0.7718833598116314,0.4728760694350696,1.0258171860794625,0.800770498068415,0.5927455032931628,0.8597046087227878,0.7928401170498485,0.6771909964140506,0.7658928377234597,0.41261474208535664,0.7797174706814108,0.875692689720017,0.0,0.0,0.0,0.0,0.7098565862635446,0.5476029771569422,0.0,0.5303263276598578,0.777857287340805,0.0,0.0,0.8604475935786365,0.8725173701730113,0.6501881859842225,0.49162354389803664,0.0,0.8525955335341808
0.48116230986135045,0.30756162748954663,0.7413608363271851,0.4060779759212081,0.7412105684918995,0.6411108483324717,0.5065765881831132,-0.30284458232638856,0.5146300041274035,0.5910871531689446,0.787018730230427,0.0,0.6029828522919884,0.9857296771899978,0.34768368521119064,0.6276731396245181,0.848525485163524,0.7899930468191847,0.6250485947948434,0.3798323438957229,0.539195735616997,0.5028456016962969,0.3320417632904613,0.6543520104989272,0.6868988775303891,0.562712257203219,0.5603449852130864,0.6226292192009081,0.6889433571210608,0.6539066613215385,0.6158650514122765,0.34792337400196294,0.6292305324091264,0.4701735865337455,0.5808444987450458,0.4175555113884465,0.40401409513805486,0.34000354154876655,0.37025828415188866,0.5433664395081486,0.4133659857093551,0.26946626739207324,0.40807674246174674,0.4742313791954477,0.7206438674458737,0.6055240957524171,0.6305841311397233,1.1514884116939708,0.429335249243616,0.36417894960500685,0.5200957259144459,0.5903362723305591,0.3781747400499677,0.43220788672745425,0.867214589955599,0.8354226428690611,0.8746510882304879,0.6862669346845915,1.476505400765045,0.5236758526189784,0.49510585834048326,0.5454057398476042,0.6913164686559838,0.613919643470156,0.8441943034963175,0.8669274513114908,0.4879300602233223,0.35742032654174305,0.6269027061045875,0.8483384760981442,0.7705128895158481,0.33049383011898403,0.4881390167552001,0.5285363867050078,0.0,0.7866379869493217
0.9447175922450664,0.5713912325510713,0.7732331438730538,0.6421060158071235,0.8552054949615222,0.5286908805649693,0.7617051534449021,0.6545855869644507,0.8038636685335079,0.6365509607101649,0.8315487799495386,0.6029828522919884,0.0,0.6435560609851251,0.4117283867584079,0.519816975587464,0.5699574720163876,0.6084255061536024,0.7684935946072653,0.5408444555304555,0.5736388312617906,0.4978328981605916,0.7103337891496099,0.49218881812614224,0.6146382164039692,0.6360161774224267,0.6852586108269636,0.7582405841569759,0.6264324866596181,0.6113234239644145,0.5724946439613514,0.8575288800885033,0.6197555744937182,0.6794252532792848,0.33081621170857256,0.6694661661223,0.7149427436428882,0.6644633699468713,0.4522354681813261,0.45849903922892266,0.38466483604011337,0.6174872017024026,0.7346756065867557,0.6172497399238358,0.5239938508544953,0.6103380278027077,0.6901703339869034,0.6772199019786069,0.0,0.7855346924845835,0.6896321629511742,0.7116421096513469,0.6954972324588776,0.7655443115266578,0.5264163521780867,0.6946312067785688,0.5062052051317928,0.7976502427883103,0.4953493640793889,0.636042754297933,0.6837517837436529,0.587587988852121,0.7053739651013143,0.6258531569325724,0.5243044003728652,0.7114835729641323,0.6571589024128364,0.7625012243244796,0.5463159057371537,0.7431506623373314,0.7375634555140638,0.7324661085971237,0.6762445515652544,0.6453038708883221,0.5703338451081701,0.6430708312382186
0.48704090141434664,0.525164524758216,0.6824616057426403,0.7844056690013322,0.5743746656635307,0.6506374002835005,0.5428647136963791,0.9576956409642983,0.557734303451587,0.8792864818561327,0.6754017818803018,0.9857296771899978,0.6435560609851251,0.0,0.5542897869000696,0.5064611165624984,0.4649980967078604,0.491671489593954,0.7015691380616778,0.40494109540349355,0.532387823740524,0.30763644631689674,0.7908901164532827,0.7183886617731521,0.5191610296097513,0.5919035421151844,0.6548705076668822,0.8653336541055641,0.39746855721742846,0.7448728434136813,0.5639992011174214,0.42640033488707224,0.3522767038068091,0.8796816068518851,0.4336577430235946,0.6924378160793094,0.5744253984360503,0.38359860999345,0.774100944327905,0.0,0.666077069052768,0.6688061652886108,0.7513754957597891,0.4658949611553082,0.0,0.0,0.0,0.6433680148770891,0.0,0.6365316579096264,0.5123883437265634,1.0423011441756187,0.68323728888561,0.5271334975576707,0.0,0.7068382541072329,0.3724893908792485,0.6033028041755066,0.4913083352863453,0.0,0.0,0.0,0.0,0.55312282386894,0.0,0.0,0.0,0.6683882137474577,0.0,0.0,0.0,0.576633894790278,0.9422052644898277,0.0,0.0,0.0
0.44167479571108165,0.8328495222109331,0.7205140532829674,0.45727644716140153,0.7528561215756586,0.7229016892594756,0.5894485052941282,0.38930029433009083,0.9030388444986166,0.24754830327941182,0.0,0.34768368521119064,0.4117283867584079,0.5542897869000696,0.0,0.5520662863804224,0.4844453363405579,0.4448263064507346,0.0,0.45019653800750314,0.4950286751184794,0.5318538091955729,0.46587227868182207,0.4469356939625703,0.4748239956756363,0.6793418181964641,0.5519004784246307,0.33648817081738863,0.4794524318326917,0.5019651229928573,0.592785187268648,0.42305846338339204,0.5245194767894092,0.6243922814456051,0.5282520889773918,0.5987999228507705,1.034161125020602,0.3792957460498654,0.6296048029520761,0.7790309957640313,0.7585389308110757,0.6268209108067965,0.3664246978869534,0.42901921793950026,0.0,0.7285616739041865,0.7157976245070097,0.7681695104274333,0.0,0.0,0.6902983536887815,0.9243659886590703,0.8278333768677877,0.593142710235609,0.0,0.0,0.7111908301678245,0.6943148121099587,0.47415008854575885,0.7123621420381934,0.6301683308693172,0.5259904540658892,0.9348884910984624,0.0,0.645962268048287,0.6527842095513907,0.858124386835543,0.8570732923915316,0.4555825086369326,0.5413952367198736,0.7161853257649443,0.7955344879723887,0.7037530974072823,0.6853239278522562,0.6226501051592751,0.5599094873802388
0.5977372982261304,0.6503166651738148,0.4675256075500652,0.269416537183918,0.5754973040722934,0.5817915178426327,0.5544790953295936,0.8397995589507146,0.605324661362393,0.4673955532930708,0.4862664937147163,0.6276731396245181,0.519816975587464,0.5064611165624984,0.5520662863804224,0.0,0.6067307662372485,0.7675042551968927,0.455250536687254,0.4408707208976671,0.5958159946833862,0.6144125079146565,0.6352548769830446,0.6560732941146288,0.639570394366229,0.6939146876797087,0.5497329566295404,0.4546116677198634,0.48883207693858005,0.6235167589765369,0.6769754718419109,0.44566632542686646,0.31839019430851845,0.554748249751462,0.5508489639321885,0.7515907381837762,0.6180918191277045,0.5933526988746509,0.5525767292809536,0.3344107871144978,0.47603951529807637,0.5457151219554385,0.4747257824490174,0.0,0.0,0.4249995048500513,0.5800470566951266,0.0,0.0,0.0,0.6227670121500503,0.7844477276869508,0.9563520496322321,0.0,0.5425924811755048,0.0,0.5308214371689288,0.6890835006470932,0.0,0.5176514305406803,0.4284671376860245,0.4901866351099898,0.5414186159136656,0.0,0.5873209999856049,0.572886749848222,0.41226191039002413,0.7010956306557417,0.2887926385752,0.6541200773787527,0.6790827502096335,0.7231967177130361,0.6056695626940748,0.6441821912763221,0.0,0.42837637458488503
0.5749557616550534,-0.06559273139731098,0.7172683270528335,0.5205841600466805,0.728491661835994,0.5576675051732531,0.6869784843444308,0.4620876444277604,0.714434075955313,0.7325738591837782,0.5699447054090809,0.848525485163524,0.5699574720163876,0.4649980967078604,0.4844453363405579,0.6067307662372485,0.0,0.6506952321406144,0.7625111330732113,0.2568144477669805,0.3954070531499776,0.608083250769862,0.6204984060646045,0.6493814650147709,0.9348246153439268,0.6575900413492508,0.5527939350686067,0.7834710898328952,0.4616810615871766,0.3544513793120997,0.5436277730226724,0.3885422538789183,0.6496907235179565,0.7084521600175496,0.5298125680385444,0.7637477402206456,0.3475955389682419,0.43902256294344205,0.1967229782525466,0.7082272289412136,0.5042617820472226,0.8864767563427505,0.0,0.0,0.3917192228324384,0.7798182108206271,0.5677522772320734,0.0,0.0,0.0,0.0,0.0,0.0,0.0,0.36668403074774014,0.0,0.2931467354381614,0.553377237802885,0.0,0.587274314064105,0.512341921296083,0.1395957036719931,0.3264276484818678,0.0,0.0,0.0,0.44858730826491866,0.0,0.5873180324049387,0.4289679761965123,0.49139719513534974,0.0,0.611290516898416,0.4590551759943522,0.0,0.45859820998171585
0.49763622665711393,0.6324356885473039,0.6460704809200042,0.4814101317428779,0.6022050594063584,0.5720440197900858,0.524975509986906,0.7692381310420271,0.591669472776692,0.5563310732651197,0.7068293363151199,0.7899930468191847,0.6084255061536024,0.491671489593954,0.4448263064507346,0.7675042551968927,0.6506952321406144,0.0,0.6951945871821352,0.38380865937285413,0.7815306974679012,0.49510684703439917,0.8204951870811152,0.5014640243110995,0.6773136350509745,0.5395158649013808,0.5019863056808913,0.49662472510028577,0.40809125480493025,0.5082021492330417,0.4691684295663511,0.461339201760506,0.6098290423334193,0.7727423419203017,0.5144259908206381,0.7318666149349599,0.3938530677678868,0.23505696034493517,0.5572005496021153,0.5982381304317685,0.5858681980909077,0.6346458599510779,0.0,0.0,0.5185115686375545,0.5373386568316829,0.6478689070322154,0.0,0.0,0.0,0.6907760208907687,0.4712579245452486,0.6044245867321534,0.0,0.5358357176457075,0.0,0.5810783436733096,0.9415080202741473,0.0,0.6856165824622762,0.4923342058647635,0.470224455441301,0.5241825839520899,0.0,0.6305810965771048,0.7232025711099572,0.3077962543507673,0.8736570325070097,0.5195462209829707,0.5578013922802317,0.7037225461315189,0.8114634768177896,0.8139381573276507,0.7266939774830341,0.0,0.6775935238829506
0.0,0.7280208591866786,0.6483509774497754,0.7798258126942688,0.6869871530208882,0.7246023936370944,0.746734739075605,0.748380643213725,0.48965770850993046,0.7590203260401921,0.4328044505206014,0.6250485947948434,0.7684935946072653,0.7015691380616778,0.0,0.455250536687254,0.7625111330732113,0.6951945871821352,0.0,0.5005073088955801,0.7506193618605954,0.7587009692943617,0.6022674541956203,0.4587856922631861,0.7252705055385226,0.7047994310464931,0.43740823855668964,0.811531013744772,0.9175136512757062,0.6890704718030443,0.7364853175869386,0.7736705880258815,0.45119857296853694,0.784145711819708,0.617716861104918,0.8152480404130216,0.6673094240158983,0.557487318494974,0.6866986879420309,0.4492358583944737,0.6105841431069305,0.42906449609048103,0.8393461658246467,0.562365295204523,0.015067458219560747,0.0,0.0,0.7047878323225796,0.0,0.5370525799157069,0.574869355350292,0.7083607911207573,0.6673482674186417,0.8724801440342261,0.586304126036876,0.7196040999005896,0.6542778248285122,1.003056084694557,0.6025987615349297,0.0,0.0,0.0,0.0,0.66318171644914,0.46953940848745257,0.0,0.4875091127972249,0.6588410001250482,0.0,0.0,0.0,0.7580652339682632,0.763777601859889,0.5277574367441169,0.45342099905080596,0.8526086518988154
0.3765511968450922,0.766010246196805,0.5640748237945483,0.6690184667876928,0.4959019778813434,0.5239958700979638,0.5633217122860752,0.5447244615154824,0.5084723573632587,0.40038331645005487,0.45437709072230226,0.3798323438957229,0.5408444555304555,0.40494109540349355,0.45019653800750314,0.4408707208976671,0.2568144477669805,0.38380865937285413,0.5005073088955801,0.0,0.5659794345627427,0.48346930955664913,0.4372769345132483,0.218420394110589,0.7199774751383224,0.5453078787385799,0.49702786281031663,0.6130696873109397,0.5615994366052319,0.4373975228885494,0.4985395662634696,0.26989598651886293,0.04913237750034552,0.5220501469394998,0.4755773154591109,0.7518053580170534,0.4502791170107815,0.7188869102226146,0.5206718114269674,0.4798641210239365,0.6101383948388512,0.5207581552424105,0.31912362572163044,0.15122498134959717,0.3107799283617004,0.5425905894990773,0.5289192609933917,0.7675844293352141,0.0,0.0,0.576702010118477,0.5757947550578237,0.6997447004319618,0.6710582891631485,0.7799066202751795,0.0,0.5060685694108594,0.6579305846394423,0.0,0.6679069147668975,0.5233646100418319,0.4798124927774732,0.6066145050290741,0.0,0.6039662924597065,0.5593866457602277,0.5318316221388122,0.6374958542751414,0.0,0.8117293919806643,0.5351711374602415,0.6077896395871838,0.5724305366177684,0.5499577506060218,0.6014952211944771,0.5858959701956061
0.36865449138279216,0.8260028064190775,0.5358478933453523,0.5159656350136079,0.9050620492262538,0.7349446419672466,0.47633101327714417,0.5336362668220832,0.48023235587068713,0.6083247080057141,0.5885115602730847,0.539195735616997,0.5736388312617906,0.532387823740524,0.4950286751184794,0.5958159946833862,0.3954070531499776,0.7815306974679012,0.7506193618605954,0.5659794345627427,0.0,0.6933317804691463,0.5740765236586081,0.23767734683592873,0.6227001403645986,0.7429924709281586,0.5874363517368638,0.5239501107226301,0.5443852354144016,0.41026080819307825,0.7067233889895437,0.3402157941347439,0.6482782749608564,0.6138426874178469,0.7018143953278315,0.5776424595884404,0.5255418076713684,0.5130837387306655,0.7223335444699668,0.525317292272898,0.5017278758695367,0.4228853326882526,0.7093902054195932,0.0,0.0,0.12787303641925446,0.727895336734483,0.6377298847409892,0.0,0.0,0.6912977713687423,0.4867535573610574,0.9773239228378999,0.6494293249679474,0.6220935019409959,0.0,0.6825045801984501,0.7594281259054113,0.0,0.6554992520889168,0.6175639313908063,0.0,0.6997039436574234,0.0,0.7130459057047865,0.6283105524023042,0.7377719437786332,0.8336333309582439,0.5343738826022877,0.5201685189527505,0.7885963850099234,0.7629370149129197,0.8566932514887435,0.8171687450743836,0.6135091136042791,0.6975749457598278
0.42690197130267493,0.6801025886737051,0.688294034463105,0.5345700528844195,0.6470215276784227,0.6245425785476892,0.5805312021301885,0.6502867584032876,0.7281087808339721,0.5441201408367315,0.453265331200409,0.5028456016962969,0.4978328981605916,0.30763644631689674,0.5318538091955729,0.6144125079146565,0.608083250769862,0.49510684703439917,0.7587009692943617,0.48346930955664913,0.6933317804691463,0.0,0.6990045328192744,0.09727599970463924,0.718345561824983,0.7812901141563463,0.5503666800519664,0.5982167482414162,0.527594866190064,0.5690675247255914,0.4797265157049409,0.35908179581223854,0.3691939387004559,0.6015416616281744,0.4774286840590485,0.4261547886668181,0.5181049887164936,0.5440848693415884,0.5633380220008546,0.6584639954180707,0.6277495824320684,0.5780579920949014,0.07656677620309582,0.30618679329276033,0.36917467474203136,0.5821332317601186,0.6519862738249311,0.7653794359499511,0.4687018597457763,0.3970118501118774,0.6874476538001268,0.7560398280822991,0.6944176954573299,0.691425431866435,0.6393496535048501,0.0,0.6401371536341265,0.7412535289644888,0.0,0.7747287586327474,0.492664553476735,0.5201271796235585,0.6157535707999098,0.0,0.6854849291876383,0.6819757742040296,0.5888771906355421,0.7312488348910342,0.6706965618626581,0.5169319162916539,0.7081047717513939,0.746500986466164,0.6051858670627603,0.6790516497147846,0.2992544215293859,0.5579689919880833
0.6207675297751961,0.7943757194399188,0.6990572262509127,0.8591517583693098,0.6134116432480821,0.6311296033043683,0.7030519290741608,0.5765390557587042,0.6728662771915221,0.5993244175348478,0.7920156669484997,0.3320417632904613,0.7103337891496099,0.7908901164532827,0.46587227868182207,0.6352548769830446,0.6204984060646045,0.8204951870811152,0.6022674541956203,0.4372769345132483,0.5740765236586081,0.6990045328192744,0.0,0.4279134753741438,0.6667461967341566,0.7210479926348987,0.49792014833273024,0.5965526008800477,0.6453641327333437,0.47407916883419443,0.5572234813997725,0.572258171223416,0.37789134741309394,0.6316194955505832,0.6538040705513112,0.7825322995856239,0.6826493824260254,0.4968346076336107,0.7797529853650638,0.6178115870889034,0.6481412115269434,0.7117091334038607,0.9472588144258904,0.8271423291328563,0.548728315484835,0.5146788514290661,0.8237037574305122,0.8120990056048192,0.6668433794369204,0.901695397478138,0.7623324096349716,0.8262135080887438,0.7926066380185239,0.8898250854972489,0.7283328173038708,0.8477648816942869,0.5354467989110463,0.7609928297837691,0.8560863875740841,0.7516060071184304,0.7304532316717061,0.467432316759832,0.6834169285369514,0.7598950532824077,0.6890062986816275,0.770110244256392,0.7364764617281201,0.8633811419335011,0.33114065326292996,0.8261841547230472,0.7712479766134941,0.675376386314271,0.7131777966831752,0.7654234451792572,0.680168463845326,0.6832398778652188
0.37302555673490617,0.5329453799541264,0.4550081542725247,0.414958769184631,0.27517491617793727,0.3157297550665838,0.5146597894169954,0.35294854914382384,0.3992706684501012,0.5123060786654452,0.7282601567390679,0.6543520104989272,0.49218881812614224,0.7183886617731521,0.4469356939625703,0.6560732941146288,0.6493814650147709,0.5014640243110995,0.4587856922631861,0.218420394110589,0.23767734683592873,0.09727599970463924,0.4279134753741438,0.0,0.6074655481120504,0.4744749224463261,0.4554373161744159,0.4939833671002115,0.5192689222996774,0.9581946550980749,0.7051082140483265,0.21709485311077906,0.4048726951496517,0.2755707994655863,0.3710815073317328,0.30270238704210534,0.24190750392074284,0.31253434337570873,0.6402228895289097,0.86624041433358,0.5812265519714406,0.16784783110265117,0.4428228319833145,0.5183014064174007,0.8266732993583481,0.4507184451020807,0.7576459223405629,0.0,0.0,0.4975701509660294,0.6177074392618325,0.4151513150609384,0.0,0.26488201755042823,0.6781932555921814,0.475736662190813,0.629842229389088,0.5026504881177701,0.0,0.37806496557063624,0.8413546712343065,0.4222059206061841,0.5892167034066542,0.44859657103471634,0.4418613206356671,0.31185053255746853,0.7854195042020728,0.6971497179290576,0.3504504626582571,0.7470098549383499,0.7002682102522573,0.4205748893992961,0.7099207650766857,0.6424808478613664,0.0,0.7740198148746917
0.48074510752420957,0.6176148867596158,0.5107366481092546,0.7981336659887623,0.6521275669142266,0.6014170824782834,0.5403720778383276,0.6269788635041755,0.6205995350825652,0.7642377575073772,0.6891114370721931,0.6868988775303891,0.6146382164039692,0.5191610296097513,0.4748239956756363,0.639570394366229,0.9348246153439268,0.6773136350509745,0.7252705055385226,0.7199774751383224,0.6227001403645986,0.718345561824983,0.6667461967341566,0.6074655481120504,0.0,0.49876938237438884,0.6500754351479312,0.5613573119998232,0.5520013413441267,0.5174361832367803,0.590018837679944,0.35225824006069045,0.6382651005275675,0.6376232574559852,0.5958337145055719,0.5956767819521365,0.63230029196225,0.5871352747345687,0.6733524239981761,0.7163078267660556,0.8090334357220242,0.7125711618466046,0.1442588266130794,0.0,0.4769501987770843,0.5421020575131696,0.7463610297628993,0.0,0.0,0.0,0.7387712222692797,0.6748323265296254,0.7405062560284721,0.43877046437428635,0.765017264739745,0.4731326845642106,0.7991698314590054,0.6004958522782861,0.0,0.8164505566816297,0.5269578580732357,0.5331858902324952,0.6052108687881005,0.0,0.6558862625980331,0.570917544578899,0.41908548788554134,0.5470330256897392,0.5565429649030832,0.659170816719805,0.7721774879646748,0.5275424819240355,0.728197040202417,0.36664206490246404,0.0,0.7488808176804207
0.7168684802415938,0.6347634579162301,0.7501533225346466,0.40081245684073913,0.5736140162815652,0.808364443104914,0.7119264239649523,0.7042979337112529,0.6932374141534492,0.650256554168387,0.8235737124919166,0.562712257203219,0.6360161774224267,0.5919035421151844,0.6793418181964641,0.6939146876797087,0.6575900413492508,0.5395158649013808,0.7047994310464931,0.5453078787385799,0.7429924709281586,0.7812901141563463,0.7210479926348987,0.4744749224463261,0.49876938237438884,0.0,0.8260697064744016,0.6725894570003794,0.6408002349007136,0.5120262242838381,0.5755648923479415,0.6097199779207554,0.7774456925921409,0.7138369216638318,0.6776669299156918,0.4620150668622609,0.4430680934344183,0.5371312638695085,0.6229763590111299,0.7965158971995839,0.9096380300896333,0.5260396741305622,0.33518120291086806,0.5137228873210166,0.48992989599063064,0.6553611098870689,0.8037781582641768,0.9182411093695947,0.0,0.009900478457401043,0.7406606389547279,0.6100852802244481,0.40203419744645164,0.6392144428349715,0.7387306804288867,0.0,0.8098547279361478,0.7216745968472169,0.0,0.8828198247196845,0.7322923938080459,0.5622870169394212,0.6825761512814809,0.0,0.7553567679151206,0.7345330787758277,0.7882190837007527,0.7401073934511876,0.5230098562247687,0.7741234352642821,0.789880181921565,0.8685268062720862,0.7297275428947716,0.6599644105174436,0.4505831760143063,0.7529573115631001
0.5908540181302813,0.725921799284386,0.437927741736424,0.8028499621679053,0.609343525301622,0.705824229047177,0.63102860494917,0.6621486792524058,0.6699652057073735,0.5552308033110864,0.43565343046530103,0.5603449852130864,0.6852586108269636,0.6548705076668822,0.5519004784246307,0.5497329566295404,0.5527939350686067,0.5019863056808913,0.43740823855668964,0.49702786281031663,0.5874363517368638,0.5503666800519664,0.49792014833273024,0.4554373161744159,0.6500754351479312,0.8260697064744016,0.0,0.6795848433195697,0.60084657640163,0.5838136144957681,0.5201901040063328,0.5377672451835798,0.08726704753686115,0.6261354681742548,0.592418653242452,0.7212366411913393,0.7344482736102276,0.558790936063148,0.6762212466899667,0.5033596949821552,0.5805342495551236,0.5780596267747515,0.8357357411244494,0.7174860938775984,0.29155953269206836,0.70351110635709,0.5611935092940246,0.8190759498674982,0.6913468154291497,0.9511325914383999,0.7641002202697931,0.7768173753731604,0.670107819577108,0.8835825765993466,0.8474796254135724,0.8823943303553499,0.552070069326414,0.7578905830965325,0.8310779705398478,0.6653840880569002,0.7549670042897146,0.0,0.6209657754753837,0.9181285156440794,0.6322303800505418,0.7568296678725088,0.6143338862716461,0.7191150744009889,0.0,0.7348065924340831,0.6276468508488673,0.6984790683547789,0.743643913425192,0.7136653652202867,0.6154491551299519,0.6404697970376598
0.744249342992344,0.3607332601895072,0.792956315256254,0.5645126894357426,0.8077674623577697,0.7364964775966887,0.6239078424681734,0.6044052675415847,0.7910064664583041,0.6121257926779846,0.8114453405007684,0.6226292192009081,0.7582405841569759,0.8653336541055641,0.33648817081738863,0.4546116677198634,0.7834710898328952,0.49662472510028577,0.811531013744772,0.6130696873109397,0.5239501107226301,0.5982167482414162,0.5965526008800477,0.4939833671002115,0.5613573119998232,0.6725894570003794,0.6795848433195697,0.0,0.7023868257024493,0.5197846621273154,0.6459420906227871,0.7615567874611204,0.48942419094561646,0.667959260733455,0.5553008364168359,0.9107435248015816,0.6914004586771955,0.6360643218207411,0.5423831641070128,0.42342495376104566,0.4102990097231667,0.4572173181820455,0.8021211202729883,0.848118541302396,1.006344430273387,0.7384877073029219,0.6925392175879965,0.7594274213351471,0.0,0.8098562037892427,0.7259328768356663,0.6217396460821769,0.7132993744669782,0.7688472947336276,0.12074759799461415,0.6384649150308925,0.6262398697363942,0.7113779479991341,0.4376451423043718,0.584586753463542,0.702857586664119,0.3151266346596281,0.8979298661249602,0.9261334810978978,0.6512645852028318,0.7295895096854135,0.5901072030493848,0.7845165968144943,0.5626996237513547,0.6831190640111022,0.6036713036883777,0.7341826422676514,0.5093555356154276,0.6307271673722599,0.8425209381840735,0.586589702317639
0.823999213368043,0.6213759558731333,0.8652594931817358,0.7385047560151604,0.694495542218706,0.5634004588241398,0.6632386331965057,0.6216607938672809,0.6910222757851352,0.5646374284618142,0.5745997607552766,0.6889433571210608,0.6264324866596181,0.39746855721742846,0.4794524318326917,0.48883207693858005,0.4616810615871766,0.40809125480493025,0.9175136512757062,0.5615994366052319,0.5443852354144016,0.527594866190064,0.6453641327333437,0.5192689222996774,0.5520013413441267,0.6408002349007136,0.60084657640163,0.7023868257024493,0.0,0.5515979172295304,0.674045811135297,0.3659336179320012,0.251410609903532,0.7334153667562815,0.5788749883264028,0.604257783672727,0.5312759367922499,0.49135209201327074,0.5869584753214123,0.5835148411819062,0.5902513425354625,0.47990697415012795,0.483527096380883,0.7615640231362856,0.6269649084901634,0.5284834310058222,0.5800105447942627,0.6591460448604348,0.4954573287701157,0.414711676596154,0.6954856125409075,0.6787342158637919,0.9376271289101402,0.6960695432575769,0.8559392792656766,0.5372731393521182,0.6977771063871727,0.5743227780345561,0.5951978986501225,0.6288314117960137,0.7663050115015339,0.47004345869662933,0.8395995693002725,0.6727209240603316,0.6565311523792073,0.7083739813319916,0.555712622123813,0.7684364421723514,0.43670636687098263,0.684169533967485,0.6826595530393909,0.7302957724300044,0.6797005625044101,0.6740787756232072,0.5021781613365669,0.5523081222395861
1.0170806948155566,0.4372004614752161,0.6540133780355563,0.2586843855608786,0.630051231732836,0.6610387888788241,0.44031075101281925,0.18583971839665503,0.49593474357687706,0.44160556918309213,0.6356520263671932,0.6539066613215385,0.6113234239644145,0.7448728434136813,0.5019651229928573,0.6235167589765369,0.3544513793120997,0.5082021492330417,0.6890704718030443,0.4373975228885494,0.41026080819307825,0.5690675247255914,0.47407916883419443,0.9581946550980749,0.5174361832367803,0.5120262242838381,0.5838136144957681,0.5197846621273154,0.5515979172295304,0.0,0.6525873673478512,0.4911835449234384,0.44511038717056295,0.7793713948421588,0.6179333881071115,0.5093125385978363,0.3573336761919368,0.5278795067763214,0.671583614990655,0.4541775111731464,0.46527804156627495,0.6007605564843564,0.5460394677475146,0.24082205837927323,0.0,0.0,0.0,0.38342078824620796,0.0,0.0,0.5658683358787493,0.7903879884568088,0.456372573740758,0.8537935990085663,0.4219256946874138,0.0,-0.008335391306058655,0.5093535817839723,0.0,0.5036025023283318,0.0,0.0,0.8978982958834691,0.9027845924685918,0.661471769115528,0.558490776780453,0.8597847394121072,0.772456724186975,0.0,0.41305671891625595,0.46429722173819676,0.735404935071518,0.6986722942433453,0.45117668976621816,0.8176851626247208,0.42701844765559166
