0.0,0.4564643837568879,0.3699272536003374,0.0,0.639044024259305,0.3508229316622298,0.4860325193990601,0.604172083931095,0.40574812400021554,0.558193935774514,0.3078109012440208,0.5527985704995271,0.6294709423235021,0.5953904977611049,0.6276510883864419,0.6549920057906894,0.3908469025036089,0.509431045642129,0.0,0.7324293100397185,0.46582402595868166,0.4377871705618067,0.5365659337227027,0.6241247116479831,0.3354288067128048,0.5735556750116181,0.6080185904996693,0.531388968947669,0.5550407606712859,0.6627353713919906,0.49809099591067024,0.5724162659003289,0.6504766583840025,0.47758909741613853,0.3867228267608521,0.7036080579598463,0.48836844943787405,0.4481933970865033,0.49156542320568,0.4595394785244713,0.5295946625745198,0.5769534612112641,0.4727291432106103,0.0,0.5204494503010237,0.6368277611465124,0.36329494560067677,0.0,0.0,0.0,0.5086737305258575,0.0,0.5515402750187822,0.0,0.4754215700978157,0.0,0.5413657296183931,0.8492350440211198,0.0,0.7702621775050229,0.5065201104622777,0.5099622729469669,0.574359356892346,0.0,0.46387080787506907,0.6013451626180477,0.43768093858688045,0.5668305267364149,0.40622032742291736,0.561838712564531,0.46058929146328004,0.44215079113152944,0.4489016164635614,0.5435468836744516,0.0,0.6240016040547801
0.4564643837568879,0.0,0.5893678246470965,0.39718815105103444,0.37489934459160534,0.4553957856036136,0.32762059497374874,0.7176948576615603,0.28927090474134337,0.5639211202538064,0.44056659461949516,0.30797115567252265,0.36753580830621563,0.5070711880488817,0.6151407850037753,0.4910311148134513,0.4745903278628138,0.4743552613064478,0.684667462366811,0.5396820836665889,0.5043152917830611,0.47824440860363493,0.690322951785945,0.4105400362670751,0.2522766730240257,0.43155185927320794,0.5254341713819193,0.3891081467740589,0.3393444094131228,0.3034561577833017,0.4604366680824321,0.3150169450700746,0.22300033684015477,0.37045165090924015,0.39283480948295446,0.5131274176733949,0.046522397517905864,0.0,0.2842415911956301,0.3905684040492571,0.29999217929370936,0.2776374751979252,0.5870885953823667,0.0,0.0,0.48006020115268855,0.4139226854661067,0.04221447470337671,0.0,0.0,0.7554343324119701,0.5758193224239391,0.517202566857302,0.7170223590993163,0.44801584231620106,0.0,0.6319006053710365,0.5627678525629227,0.0,0.4437139976121278,0.3894970521719802,0.40254311464691855,0.3990317786110563,0.0,0.5579630078390895,0.6059982890909821,0.5682135609788421,0.6802921717879775,0.3292932318025432,0.3275894936001005,0.3184334590273549,0.6705017612560491,0.5340786343122974,0.6422331220526794,0.0,0.4037527001833854
0.3699272536003374,0.5893678246470965,0.0,0.49373440097835153,0.43552024403111866,0.5931284990563497,0.45118005395352584,0.44528759320828615,0.46373187442903996,0.5380070832503974,0.3708886669667189,0.6369546099641225,0.5215520355668692,0.2973722274936369,0.6155612243473139,0.29148469740806504,0.5277526715763422,0.5487321260211311,0.2872952321187535,0.31956644496109204,0.5093196231081141,0.5243741898116938,0.45330038960792624,0.3913978679664767,0.38585086384441164,0.5686035594818448,0.2838979326231863,0.5279764294753915,0.6064202555993594,0.5709488501817421,0.5862835720460216,0.5583163101652631,0.5269880352145637,0.5902920380863829,0.6568039143263381,0.37214126199388187,0.5004768029415426,0.5353603128506952,0.5931161911442084,0.4696288283052493,0.37626937633880564,0.4354824521552326,0.6974502504343103,0.9358737934789689,0.0,0.0,0.3857941198451276,0.30219052227703375,0.47157041497693714,0.4899617476531549,0.70841639407079,0.698452647189236,0.6281020493442965,0.7924622624872366,0.43200110367748834,0.26328148293166076,0.6823219130631237,0.6456001565875618,0.6539355628523026,0.3531617830156062,0.0,0.0,0.0,0.1708791061645427,0.784015367557972,0.4409805759000017,0.24579260981098378,0.702510302787005,0.0,0.5467773038031043,0.5793317067403103,0.8000180879063156,0.5731084980787307,0.6727953454953319,0.649155621193812,0.567855475591158
0.0,0.39718815105103444,0.49373440097835153,0.0,0.22761467510411748,0.5410298750582145,0.47380604110725083,0.7895601950864424,0.5986224013572086,0.20194413354380775,0.4965154868353883,0.7192749774641549,0.49186542062347416,0.763441375600676,0.5024115673306131,0.25807038549330935,0.3993863242108757,0.4715821208710438,0.5467096971720707,0.5464171500116529,0.4656708990458087,0.5443281811137397,0.547181308451323,0.13407646912375562,0.7976278258030588,0.5759542136579807,0.5923600894297818,0.35586980314434025,0.5720528054693332,0.5657427500115801,0.5586264783727959,0.3504182647296676,0.09993998329822469,0.3146059673354161,0.6840599468147877,0.372215450132631,0.31398145382139553,0.3527368416579215,0.1453425275587521,0.3712084193014553,0.6795067828189265,0.4189687845850725,0.44269346403953125,0.32816292168270855,0.0,0.0,0.0,0.4093458570381114,0.0,0.0,0.7583540611127688,0.0,0.46776972022152874,0.3154115927093855,0.0,0.22155359459706392,0.366795525203915,0.4525319206935631,0.0,0.0,0.0,0.0,0.0,0.0,0.0,0.0,0.4554852228171058,0.6576729688961807,0.0,0.0,0.0,0.5724136904758577,0.4573109169803839,0.6493462366174219,0.0,0.0
0.639044024259305,0.37489934459160534,0.43552024403111866,0.22761467510411748,0.0,0.4199310810747289,0.3109309054869197,0.7081476353575245,0.2666878502777242,0.5866462865004617,0.288750671508115,0.41769162463010273,0.5400625749500563,0.2373656829464,0.6775604637194345,0.6159240254745206,0.5781649339619253,0.5792845858642995,0.37314061709417856,0.4862480802739766,0.7839896114273819,0.505496068001315,0.5706408306695949,0.5551244690456948,0.5226975147326903,0.39031940016446093,0.46804534548025944,0.3856764866419652,0.6577004914284563,0.4577413786798905,0.5103561091207033,0.30182681114855314,0.3149507101293314,0.4534364356507353,0.43737254916121643,0.16580820499946705,0.23470669499485175,0.8379423760612397,0.24407926407839484,0.46953450679053876,0.3859530517171213,0.508764859250716,0.5895471659691528,0.3862020669416101,0.35529045244304436,0.0,0.24884182101047678,0.6006390599729058,0.0,0.5817287017317434,0.7760525285828171,0.6883059395883016,0.2261144673965967,0.30205457825068105,0.0,0.4788986919374733,0.3581699973020157,0.865917307781382,0.5071931373995495,0.3345901207557772,0.4521569639164075,0.0,0.0,0.4437900668724417,0.6351682556323857,0.4854602384084029,0.7288229297834905,0.8750785314381175,0.0,0.47052133133935153,0.5704546781409723,0.7467505588785226,0.7279061213633846,0.8131637336658115,0.0,0.6731507727549182
0.3508229316622298,0.4553957856036136,0.5931284990563497,0.5410298750582145,0.4199310810747289,0.0,0.4317981857151415,0.6212511034992718,0.3840517593026027,0.5529258803068655,0.4800382594008805,0.7233909927165076,0.36435933564981743,0.48522450379637594,0.7445072956198387,0.7286562245421859,0.4777782142795983,0.6810378555437145,0.48264349672140494,0.5554497808464887,0.6903020881411918,0.5664096788286759,0.5586046495724453,0.46633828765939633,0.5301332787696657,0.611291530891833,0.5160278008215832,0.449232108708129,0.44144127268918865,0.6591121100587594,0.5961335894464381,0.6009308034979003,0.7579855659409843,0.573295467917261,0.6699166407351689,0.4375045625556046,0.610381388855112,0.46866265047338784,0.7542443213917955,0.29787948972183337,0.7501729422217879,0.3388614555983741,0.8030622031756764,0.5149409258722211,0.21226465674697037,0.504493630647888,0.6246138160159319,0.8079075781029361,0.732919580195009,0.6343608080658791,0.7257589587257389,0.7678788985029487,0.7865952833645241,0.719532343004229,0.7633907533790603,0.7324211822230894,0.311004560878411,0.7379300281188379,0.8196261212250693,0.7707740045716708,0.6450482411777515,0.0,0.5509918939465903,0.6451029889145403,0.7520826798463527,0.46936577122705553,0.9377058998872759,0.7654697751278412,0.5065624939357147,0.5470909558008487,0.5409859380862388,0.80797911062708,0.6723340040008066,0.7025504959526588,0.641008209393868,0.6348300144189486
0.4860325193990601,0.32762059497374874,0.45118005395352584,0.47380604110725083,0.3109309054869197,0.4317981857151415,0.0,0.4595677754850253,0.36210838279439167,0.5333222176750111,0.43166980554129913,0.46449467182693804,0.48705121473171287,0.16806741548065413,0.5138399729751287,0.5153237723049571,0.5241882719605225,0.5051608926677102,0.3773838467673604,0.42825287076686236,0.3780562708898278,0.45353907339303245,0.43933448695345634,0.5690800805623616,0.3935816339717968,0.44223173203952015,0.41804561113963445,0.3882465838871544,0.5230275391400283,0.33108825349645343,0.39873589734998627,0.48344091072123896,0.1938656042461054,0.34860179437561484,0.2497591336370859,0.25943212826414286,0.47419157389526645,0.6763324153119941,0.5740512599668172,0.1746076019609349,0.4115321642844204,0.7171089108692135,0.40523949245871377,0.7709634960788925,0.22771362057212027,0.0,0.5240319196277977,0.6161333668685013,0.0,0.5964135080684692,0.699725781576667,0.6607308477521037,0.4847366892336129,0.7250856887041135,0.6166093761178042,0.49558619720467345,0.5855887584198138,0.6159420646701568,0.568793383544562,0.5198345287211041,0.5957078833880451,0.0,0.4956597092059182,0.6604888408151843,0.7363675420797902,0.6324182270865302,0.6667538910059592,0.7241393126317726,0.46911977529860804,0.6280576262941845,0.528966339438857,0.6870691843629781,0.494213493307016,0.53736568089937,0.7068184120219339,0.6875296432168956
0.604172083931095,0.7176948576615603,0.44528759320828615,0.7895601950864424,0.7081476353575245,0.6212511034992718,0.4595677754850253,0.0,0.5738038545837425,0.6170199006864969,0.2555742274059697,0.5254609218762243,0.48361085271019577,0.7691560859743258,0.2596514847868783,0.6760021837282315,0.295929143908646,0.5428466268428592,0.3355437638202798,0.4664018865426978,0.5887646030686706,0.568303926003179,0.5158863529106154,0.504668349364509,0.5526851881117495,0.5889943017275756,0.5117945724249584,0.46489041578187645,0.5019139320009516,0.5266630802575025,0.5382256660605977,0.4792747308643903,0.6056531578041151,0.5305585574307443,0.5337505333886359,0.6790989332790731,0.2882947003700168,0.5631120015017512,0.5850126992793971,0.5020447680830084,0.38593746184915023,0.47370866137964257,0.733705050799474,0.4861535638836867,0.0,0.5052464985913835,0.42485073761307585,0.7233269179653325,0.0,0.6979142245561913,0.6300317413329535,0.6658666100106044,0.5656705372413231,0.6602692264259251,0.644721427900123,0.6914283719476875,0.9301900909341936,0.5412586814771999,0.626229934057082,0.6545311039417938,0.6089656725293526,0.0,0.5530580454764434,0.7889390327898913,0.7969277045026009,0.5611611472866394,0.6018579634739297,0.6024329725537388,0.0,0.448305954050778,0.4133523676845,0.5556655081562778,0.510211727932091,0.7489727755578164,0.5809147277334037,0.41399659262220434
0.40574812400021554,0.28927090474134337,0.46373187442903996,0.5986224013572086,0.2666878502777242,0.3840517593026027,0.36210838279439167,0.5738038545837425,0.0,0.5687109912766268,0.31779344424757705,0.5581113894734823,0.5390809371671083,0.4748940958644957,0.7801056042298459,0.7013863571595707,0.5176487534663139,0.519959274648983,0.2100051711290593,0.5494118979608325,0.3616225696396108,0.4798975437275188,0.5769362506086643,0.5478682775908716,0.38354600923623544,0.4506849561551872,0.5454754401458968,0.5321534605420054,0.5977060857717686,0.649488094588125,0.5455048087842577,0.635629487706566,0.512803456994198,0.5864028422234351,0.6680434073557744,0.48278277461629465,0.6012029698571799,0.5742970885965362,0.9213575415340058,0.7715006594979662,0.3892052210350512,0.4915823212354818,0.6947338534402889,0.605568029149399,0.47962025875149594,0.0,0.41936996583902564,0.7498456949423862,0.467277916931761,0.8435591679462169,0.7138079352588895,0.8377865141654749,0.7002383135177425,0.6137445171402431,0.4572925374275319,0.7906165581525811,0.46996739588006897,0.6935321720605013,0.7460769318065779,0.5910294666584316,0.5416260839559236,0.0,0.0,0.6995118681430599,0.7298564156606808,0.7690554054641214,0.5870833446245001,0.7437996959089203,0.41819224413771916,0.6650462517874446,0.19830611318514085,0.6905396898675229,0.45606146809827575,0.7200181645123019,0.71143567652152,0.8272959201175799
0.558193935774514,0.5639211202538064,0.5380070832503974,0.20194413354380775,0.5866462865004617,0.5529258803068655,0.5333222176750111,0.6170199006864969,0.5687109912766268,0.0,0.5336261986282005,0.5300131162061348,0.6476422637170987,0.46359912796384817,0.3193539968789654,0.1926579062752109,0.3795796415157614,0.22907024296855172,0.47844707339616477,0.415904141898949,0.7122197482722065,0.4645178571743137,0.44676372193780767,0.4489670264461801,0.5722292121972468,0.47793870370866354,0.46261707642055794,0.49143620707577057,0.5995477355093279,0.38191953946574236,0.6778596145469588,0.34724973933863956,0.5870634045630492,0.573393871313125,0.5122329647959947,0.1559874620724443,0.4704773832567405,0.5285660797150589,0.33189139137909585,0.49120078301269654,0.5196407058715695,0.35193173564112556,0.4665544762748658,0.3681500407401483,0.45073838849655945,0.6639248630743547,0.6328993556184247,0.35813090821390825,0.4751739302964402,0.43590379372738086,0.6334193205618903,0.46491035628781213,0.6901032525570852,0.3208892646490027,0.5293921401217663,0.32115085613092303,0.4542728478248643,0.5139117618223124,0.0,0.6221827888887064,0.5486815647765714,0.3174489315524086,0.3103756277069031,0.4675250856796103,0.4658290300388781,0.5006740027834025,0.44674608068115723,0.6969469346513208,0.3051248320698937,0.4352655707020173,0.413515636877242,0.790608119543827,0.6018338111356748,0.6642016782174625,0.0,0.5873159265179495
0.3078109012440208,0.44056659461949516,0.3708886669667189,0.4965154868353883,0.288750671508115,0.4800382594008805,0.43166980554129913,0.2555742274059697,0.31779344424757705,0.5336261986282005,0.0,0.4813610249513077,0.46900469010053497,0.432549969375077,0.0,0.4910813124159416,0.49852532772912217,0.5444523645026343,0.1124288452799945,0.4515082619265113,0.42597214471674205,0.4312796985014365,0.31905330584837926,0.600092132726434,0.5805527785388955,0.7003020636490078,0.39816047383428654,0.42024764645301893,0.40603037378766116,0.40655662451054375,0.4124448544367814,0.4162934409459964,0.22317077359513698,0.49790935864822206,0.45884903660619447,0.48865565918070253,0.5698095900845536,0.48225307580280186,0.6229355257876179,0.6596546546420073,0.605773935965531,0.5205703657712998,0.6746746002657034,0.8578759193054841,0.2473756088149629,0.0,0.0,0.05914119888691405,0.4678734776442566,0.6393564883256325,0.3818325302109601,0.5133450346480475,0.5340260061063377,0.5601332802935762,0.5856003477079654,0.3375943756604038,0.552316163352891,0.5884709741978568,0.7830874019842228,0.0,0.0,0.0,0.0,0.22847425630385496,0.5101255582643539,0.0,0.528943515864826,0.6395719157128101,0.0,0.0,0.8907230725124222,0.6322387093441548,0.5392649831341827,0.4215888319529184,0.0,0.6425597565642167
0.5527985704995271,0.30797115567252265,0.6369546099641225,0.7192749774641549,0.41769162463010273,0.7233909927165076,0.46449467182693804,0.5254609218762243,0.5581113894734823,0.5300131162061348,0.4813610249513077,0.0,0.6270927899630627,0.6954268100823973,0.2393539424860461,0.44148626904508,0.5821493794993167,0.5119119711053847,0.5113966769167773,0.34266394983643356,0.6139912370917648,0.3027054402450621,0.5529363142015723,0.29505950752333066,0.3443281426999757,0.45291595194178935,0.5668507751692075,0.6002572311745846,0.620605779895924,0.3979010997823498,0.6050922833149671,0.23297561098503167,0.5390479878723269,0.5416456038301405,0.49723658660062753,0.43054699282068276,0.4366854627163253,0.31394762708102336,0.36364533548870615,0.4371170680171497,0.546049682975688,0.13815220168898107,0.45152253412585386,0.4038347805713612,0.44351035595477273,0.44857050736760523,0.5806077948754869,0.5077520598411127,0.4712470284770396,0.36939909679033656,0.3028747877875486,0.41099456875990714,0.3560195878086275,0.42721464418980426,0.6031538387718823,0.3538465538333059,0.609203730199189,0.46170806186278157,0.5273224758031335,0.5120815183321513,0.5503571383877222,0.3444621388255667,0.3661203900448693,0.4768029801920556,0.8153519719406455,0.8345625816448485,0.4345190951632023,0.7283161156047788,0.36800524410263075,0.45219787718596816,0.486488870059521,0.48411712087910086,0.7214068807572854,0.48489838073767444,0.0,0.5962424562620479
0.6294709423235021,0.36753580830621563,0.5215520355668692,0.49186542062347416,0.5400625749500563,0.36435933564981743,0.48705121473171287,0.48361085271019577,0.5390809371671083,0.6476422637170987,0.46900469010053497,0.6270927899630627,0.0,0.34345816490455583,0.5845580690615355,0.531929441298808,0.4827112493547983,0.5183519684648288,0.4578606008004637,0.4441989982154147,0.45060869554099925,0.5163624940433309,0.48312112822941156,0.553153350975062,0.4587185212051263,0.5305020386283135,0.47309512766976425,0.3304535763525711,0.45860996921463026,0.5089924785534502,0.5136031476137739,0.6911482483879448,0.36121542332760437,0.5862178222030632,0.516060074545197,0.38730359528298697,0.6171823042886164,0.6876897243729463,0.7843492464369319,0.3998649317018985,0.38052475448703416,0.3018043489159752,0.42904857153557474,0.3836295211891706,0.4054237988462805,0.47434187582415377,0.6541752910648008,0.6909591760473255,0.0,0.7258469759851129,0.6233450675495229,0.6917785104096721,0.5221363592655905,0.6266847213496685,0.5640062847112399,0.6120809056919834,0.6168224384431893,0.7129376300264636,0.6598154501460041,0.5312624034553849,0.5196535925045189,0.5433625667416022,0.5936303106793548,0.6541487090736726,0.6430629294385924,0.6020541163110689,0.7112081603924092,0.7538926189386674,0.49402814946490076,0.5633123255351098,0.5894852572939926,0.7053356918276051,0.6453757956971851,0.5749942480967929,0.5648169222915772,0.5797516506916289
0.5953904977611049,0.5070711880488817,0.2973722274936369,0.763441375600676,0.2373656829464,0.48522450379637594,0.16806741548065413,0.7691560859743258,0.4748940958644957,0.46359912796384817,0.432549969375077,0.6954268100823973,0.34345816490455583,0.0,0.3696049846756468,0.5046744883973975,0.45587467460936537,0.49627458912940214,0.33993382516521436,0.45046755458140314,0.4366907522851633,0.1582921512365146,0.402906552559761,0.673892700108036,0.43406332309270784,0.4694152139596037,0.471247046424071,0.33385402896851546,0.42853555165168,0.6997625123199591,0.5035976140144701,0.32023278647610737,0.25610450452625644,0.6266351641283473,0.3644593337450841,0.3995774128457218,0.46427137333521257,0.22071726635471184,0.7481028042644908,0.0,0.6648450737644129,0.6727251996396226,0.8725366649476853,0.4708198748341423,0.0,0.0,0.0,0.6367751536019332,0.0,0.6007419079051564,0.4018910888826196,0.7221704632224641,0.5743342860785725,0.49090703763320576,0.0,0.5606252032404626,0.36231967148731725,0.5698955684044786,0.7752643895312463,0.0,0.0,0.0,0.0,0.4848618855087333,0.0,0.0,0.0,0.5741757776063824,0.0,0.0,0.0,0.5769862780694694,0.8771082869665796,0.0,0.0,0.0
0.6276510883864419,0.6151407850037753,0.6155612243473139,0.5024115673306131,0.6775604637194345,0.7445072956198387,0.5138399729751287,0.2596514847868783,0.7801056042298459,0.3193539968789654,0.0,0.2393539424860461,0.5845580690615355,0.3696049846756468,0.0,0.5815510585125179,0.583827823762986,0.561383537451261,0.0,0.6615379608058127,0.6051011890354635,0.8467153685361268,0.7393255472126969,0.5454098064090478,0.48579193567863,0.659324008515499,0.6601048884601197,0.36363792943610584,0.33728355928619835,0.44257650974900226,0.5650505078822418,0.4599047082823395,0.686131226950332,0.4804537750640151,0.5302490029631086,0.6019182157304453,0.5282247052319698,0.3799882563423248,0.6155578351426405,0.7461831012386986,0.7280060350107043,0.5831126879755628,0.2751371776773527,0.40789555778968295,0.0,0.7928713035947168,0.7377390417049874,0.5083470839635207,0.0,0.0,0.6573812594468393,0.7668283064101158,0.578099418314963,0.5822305846900148,0.0,0.0,0.5031867786948474,0.6894065712223241,0.469949875423287,0.7786357428086295,0.7307519769324138,0.5428869067528759,0.8124031057286147,0.0,0.8935982765064578,0.7183745006205531,0.8791145966583616,0.7961940734317285,0.4505542965450581,0.6568924247924818,0.6708897585866644,0.7478526682134015,0.6647920352744909,0.6876735455503817,0.6800006730575765,0.63978971326597
0.6549920057906894,0.4910311148134513,0.29148469740806504,0.25807038549330935,0.6159240254745206,0.7286562245421859,0.5153237723049571,0.6760021837282315,0.7013863571595707,0.1926579062752109,0.4910813124159416,0.44148626904508,0.531929441298808,0.5046744883973975,0.5815510585125179,0.0,0.34464174428593025,0.23373732546970655,0.45146787576217084,0.3853725364405043,0.5862253186539291,0.36377136911004493,0.701354506836855,0.44653414350720483,0.2730024798249932,0.5505448834559701,0.6059009615712065,0.4644701392122769,0.4507767995558488,0.5345037131695178,0.5760221983301652,0.5890143299402493,0.6406150000174398,0.3535772841323747,0.47128573858885003,0.8077977401004128,0.4271783940108731,0.6193366819412549,0.47702602180716425,0.46529310805003943,0.4537992448394995,0.3709668774216337,0.4706625883511416,0.0,0.0,0.5278672560478548,0.5637846729238485,0.0,0.0,0.0,0.5671584847417659,0.7593133047767229,0.8965475174320776,0.0,0.42272607394647044,0.0,0.5916648625542047,0.5420880019208779,0.0,0.6316878339521217,0.5726150412700175,0.5772309664202644,0.5527134529112295,0.0,0.5278790741330607,0.5965201703504083,0.5899763397978808,0.6834984275132904,0.5672889295329036,0.571499648586387,0.5593484689994814,0.567595328294799,0.6657211307088667,0.7352538066136797,0.0,0.38981624424301686
0.3908469025036089,0.4745903278628138,0.5277526715763422,0.3993863242108757,0.5781649339619253,0.4777782142795983,0.5241882719605225,0.295929143908646,0.5176487534663139,0.3795796415157614,0.49852532772912217,0.5821493794993167,0.4827112493547983,0.45587467460936537,0.583827823762986,0.34464174428593025,0.0,0.44344269241530593,0.6104473287965833,0.48243592770599625,0.7111698763629939,0.41167661885850215,0.4939310685448504,0.44829934498131074,0.4767918406561539,0.26368564131519706,0.3324649058819547,0.6911777646302151,0.39238103952939274,0.3878417612780927,0.6080684880876983,0.6448639390608555,0.6548238248107235,0.5373075103517506,0.5225238242224877,0.5760898020293951,0.3468792612767604,0.38143758091332725,0.5511811026534711,0.4280469862079241,0.4197180610981062,0.6774922457573016,0.0,0.0,-0.03835982448181302,0.6142839578360155,0.6411936373117335,0.0,0.0,0.0,0.0,0.0,0.0,0.0,0.6091915890564974,0.0,0.5024776871858179,0.4893523082264055,0.0,0.5618006376583009,0.4794675935181588,0.3864649154677001,0.3904804055152913,0.0,0.0,0.0,0.7977051243853164,0.0,0.25882503423793596,0.5250729748346646,0.5609914065535269,0.0,0.30638771786647045,0.46689931594885364,0.0,0.5744126447931722
0.509431045642129,0.4743552613064478,0.5487321260211311,0.4715821208710438,0.5792845858642995,0.6810378555437145,0.5051608926677102,0.5428466268428592,0.519959274648983,0.22907024296855172,0.5444523645026343,0.5119119711053847,0.5183519684648288,0.49627458912940214,0.561383537451261,0.23373732546970655,0.44344269241530593,0.0,0.655407459959408,0.46513512063711515,0.6441310539925729,0.4977476494829983,0.6162939919028578,0.37305697582018227,0.3261625342050752,0.32771248217082016,0.6484265683497659,0.417610672717303,0.45394262662077683,0.5389671104806414,0.405661910865421,0.5163450832323523,0.6188381860673109,0.5324586710971912,0.336806327053928,0.27430469234152105,0.39668953310180916,0.4194787785537651,0.5708030408616389,0.5086556425668748,0.4185218435871047,0.40556838130732337,0.0,0.0,0.4715667678058409,0.5613422300722877,0.5659459368592787,0.0,0.0,0.0,0.656879645433827,0.49628163725568475,0.6059763335829054,0.0,0.6772128711879315,0.0,0.5488399329623137,0.7519663848875926,0.0,0.46311898600348866,0.5437564674075996,0.589372585032839,0.5272914777934423,0.0,0.6079522525270797,0.7436110804254135,0.6190919942477433,0.8548462768002518,0.3956818659679248,0.549274034493437,0.5947692645000111,0.7863379384386269,0.837554242175348,0.5999791825708873,0.0,0.6820519229768568
0.0,0.684667462366811,0.2872952321187535,0.5467096971720707,0.37314061709417856,0.48264349672140494,0.3773838467673604,0.3355437638202798,0.2100051711290593,0.47844707339616477,0.1124288452799945,0.5113966769167773,0.4578606008004637,0.33993382516521436,0.0,0.45146787576217084,0.6104473287965833,0.655407459959408,0.0,0.502579200682115,0.6827779591422896,0.7180465131540055,0.22434438165618872,0.43670296659509106,0.5230018824586329,0.5919544186139902,0.4427639360765237,0.44676052207114314,0.5156637790264539,0.6321351172344937,0.4103826161085232,0.5062166825565362,0.3167639503290687,0.4891563084865282,0.49812885229648596,0.3843220903038965,0.5013122630281782,0.4943164805961757,0.7188080804905078,0.4419140595644129,0.5941732908196238,0.536069766838007,0.7243125547355349,0.5637641122231973,0.005373182092769987,0.0,0.0,0.5794518550266724,0.0,0.4991911908883657,0.6763381986873283,0.6046757259605143,0.4824119745480731,0.6254524661238727,0.5921227907262482,0.48730892905928047,0.4947057818213582,0.5989118231744238,0.6446920308721709,0.0,0.0,0.0,0.0,0.6264808426099536,0.46972998553406914,0.0,0.48598543611046763,0.6034625678289453,0.0,0.0,0.0,0.7062838457734804,0.6342999743311653,0.5029436047576779,0.4714494633077767,0.6128510519221122
0.7324293100397185,0.5396820836665889,0.31956644496109204,0.5464171500116529,0.4862480802739766,0.5554497808464887,0.42825287076686236,0.4664018865426978,0.5494118979608325,0.415904141898949,0.4515082619265113,0.34266394983643356,0.4441989982154147,0.45046755458140314,0.6615379608058127,0.3853725364405043,0.48243592770599625,0.46513512063711515,0.502579200682115,0.0,0.6599947128187851,0.37234690621169053,0.4487012274717639,0.22306800027779272,0.5509411616616697,0.5154981016353918,0.2505752080500323,0.4290425320490249,0.13024897804403834,0.5749858381824215,0.364878838347548,0.41106416190031453,0.44364896803636833,0.47813491543373643,0.5417766754011129,0.7117494490378093,0.5825375003273141,0.7534317549497904,0.6682522067368617,0.6208217917938266,0.680574306815183,0.6151829341524738,0.24171289606344393,0.22132222069916918,0.3290523712818191,0.7387195938134654,0.41365758038868583,0.705876489318214,0.0,0.0,0.6048536818282567,0.4775748752324985,0.6051051470083777,0.5891524488234878,0.7834290350477313,0.0,0.5587083621645372,0.6713799619660017,0.0,0.6973173834491617,0.3151229754967745,0.4712450459529917,0.48474279066532466,0.0,0.716741233263524,0.6178530052404525,0.7059965548914237,0.6445812635453854,0.0,0.5887582186334915,0.48967082277385343,0.6815627346918757,0.5437031781193346,0.7013190831365788,0.5742103815710715,0.6778817150068517
0.46582402595868166,0.5043152917830611,0.5093196231081141,0.4656708990458087,0.7839896114273819,0.6903020881411918,0.3780562708898278,0.5887646030686706,0.3616225696396108,0.7122197482722065,0.42597214471674205,0.6139912370917648,0.45060869554099925,0.4366907522851633,0.6051011890354635,0.5862253186539291,0.7111698763629939,0.6441310539925729,0.6827779591422896,0.6599947128187851,0.0,0.4905459724482749,0.5597602615131729,0.4899120216637095,0.4671209410535361,0.70105609415623,0.6177245224462339,0.48576279558483615,0.4307966155697841,0.5250928588122352,0.5094014462086123,0.41484885340171496,0.5721036902673857,0.42795352354973604,0.5607041151973922,0.34386015042655627,0.3631558145708357,0.5125508258642559,0.5696773016566581,0.6234447459221217,0.6102084925813936,0.581872362036767,0.6419626669708982,0.0,0.0,0.6840637154705702,0.6276327209676815,0.6110952101188856,0.0,0.0,0.6408472446753177,0.446904557313909,0.5633539861056047,0.6121573925583135,0.6597072141903512,0.0,0.724451046078225,0.6362444656964967,0.0,0.48571900124186096,0.4527216571897452,0.0,0.6984465022784798,0.0,0.6082986261103878,0.636626446030734,0.695540311921318,0.4571477217317578,0.5365654519976939,0.458795345473441,0.7378138982648532,0.5244630950038516,0.5238382356844253,0.6672180453414844,0.6503162558957913,0.4262141257211338
0.4377871705618067,0.47824440860363493,0.5243741898116938,0.5443281811137397,0.505496068001315,0.5664096788286759,0.45353907339303245,0.568303926003179,0.4798975437275188,0.4645178571743137,0.4312796985014365,0.3027054402450621,0.5163624940433309,0.1582921512365146,0.8467153685361268,0.36377136911004493,0.41167661885850215,0.4977476494829983,0.7180465131540055,0.37234690621169053,0.4905459724482749,0.0,0.703687926053231,0.3984774010225612,0.44583382267562477,0.5793439068468532,0.472120344771527,0.5288290605117683,0.3519731576201986,0.5583617880738334,0.4180401831602021,0.39059314178549415,0.3890724058725539,0.4116093515135854,0.469303361228526,0.4779727298656135,0.5958827906090156,0.4359052641622633,0.5043070064962647,0.579138887361832,0.5859095185991263,0.5384722104653858,0.09703795639168078,0.5191968034768597,0.3882310659140778,0.4707226435645641,0.5325082183776791,0.5392559741889082,0.4703425415418785,0.39357385498638364,0.7662068907532891,0.6992562290565294,0.700211483850534,0.6861833872427626,0.3073342782268191,0.0,0.6078179126198868,0.5592961995217851,0.0,0.6736060325722446,0.5077004788941868,0.47260907493710624,0.3207644339736524,0.0,0.5753388794960077,0.5938073632014915,0.6905543270648996,0.6066905736809399,0.6237256943254268,0.3709292957840474,0.5769182399431245,0.6628734837080386,0.4823267658301173,0.6590889215271454,0.2801488927841391,0.557474619174424
0.5365659337227027,0.690322951785945,0.45330038960792624,0.547181308451323,0.5706408306695949,0.5586046495724453,0.43933448695345634,0.5158863529106154,0.5769362506086643,0.44676372193780767,0.31905330584837926,0.5529363142015723,0.48312112822941156,0.402906552559761,0.7393255472126969,0.701354506836855,0.4939310685448504,0.6162939919028578,0.22434438165618872,0.4487012274717639,0.5597602615131729,0.703687926053231,0.0,0.4689043235585961,0.6957171226326231,0.6372832052538029,0.28933305369344475,0.44653029824298773,0.5425030482839239,0.5276102042542483,0.5405153010242694,0.5369131835233789,0.5133320720391873,0.5562660082103855,0.6463332576675025,0.40048302246285683,0.5911025837658977,0.38806994887927637,0.7246854000218053,0.7205538773683251,0.6857320073241231,0.7878324781059901,0.6372635766661818,0.7187637724460482,0.3225978805548724,0.47265100468112026,0.6767334098104019,0.777035804665055,0.6328606831693111,0.6936717985501305,0.6930980910018094,0.7027398489404986,0.5930927964533792,0.7117480473034681,0.5212563106589879,0.7569370371518522,0.49303251783967217,0.6050164337926909,0.9113877004274804,0.7349409593053398,0.6834685071063458,0.4658290300388778,0.6359464995317268,0.7326704413990758,0.8274155117895877,0.7107106042627176,0.8212491778574655,0.7755691830356914,0.33787913426649996,0.7311799045727958,0.6987724335748801,0.6717476235350642,0.6380823780366462,0.7891515863616843,0.6925857639123367,0.6477555363660166
0.6241247116479831,0.4105400362670751,0.3913978679664767,0.13407646912375562,0.5551244690456948,0.46633828765939633,0.5690800805623616,0.504668349364509,0.5478682775908716,0.4489670264461801,0.600092132726434,0.29505950752333066,0.553153350975062,0.673892700108036,0.5454098064090478,0.44653414350720483,0.44829934498131074,0.37305697582018227,0.43670296659509106,0.22306800027779272,0.4899120216637095,0.3984774010225612,0.4689043235585961,0.0,0.29285354546530107,0.3045078349810293,0.4535589454565592,0.5954893208312944,0.4640735411362212,0.901110522588706,0.7544784944935506,0.5958183811359633,0.6829154549630128,0.5609813418109946,0.5045208310638181,-0.09383304246512075,0.4175462091891724,0.41624552630543954,0.8432178510512668,0.6630833111145844,0.3906911970293441,0.5669586099801811,0.3451277006570362,0.5017213869155106,0.40770854955817726,0.5220882854843252,0.5015733762770187,0.0,0.0,0.4726426720956227,0.6745222637678301,0.38556236681020434,0.0,0.3140570288432464,0.6219510892364437,0.4965957415639438,0.4712257088499686,0.3362785936942954,0.0,0.347039939705469,0.40551086857317264,0.41204018746068116,0.531566281696949,0.4731987607253426,0.4093357256078578,0.22763552017661448,0.4559780782335735,0.6775023554890014,0.4256868068780242,0.5884745810400321,0.5599966659817747,0.3616688399456684,0.6925759665368993,0.8549012039634099,0.0,0.6100949885334781
0.3354288067128048,0.2522766730240257,0.38585086384441164,0.7976278258030588,0.5226975147326903,0.5301332787696657,0.3935816339717968,0.5526851881117495,0.38354600923623544,0.5722292121972468,0.5805527785388955,0.3443281426999757,0.4587185212051263,0.43406332309270784,0.48579193567863,0.2730024798249932,0.4767918406561539,0.3261625342050752,0.5230018824586329,0.5509411616616697,0.4671209410535361,0.44583382267562477,0.6957171226326231,0.29285354546530107,0.0,0.12692153449807556,0.5542483896921877,0.3344145738845419,0.36739221850317294,0.47368004062823404,0.4642035214110044,0.28883550079557796,0.3861926192931653,0.34038186404701765,0.2980031009102163,0.3256785634766787,0.6178839768438151,0.3197747250952957,0.5113009181102345,0.48189334696338304,0.4066517106242997,0.42321047729681904,0.1854744599128575,0.0,0.43090742790383973,0.5182822855143627,0.4764198212637809,0.0,0.0,0.0,0.6238296117118232,0.6695571573319551,0.5168627431553489,0.43650596018625476,0.5280407188943648,0.45267005739307253,0.5289233024530496,0.4921234160321232,0.0,0.6450544096147367,0.4847082623609259,0.42361516262730287,0.5375145682219152,0.0,0.7072881018554408,0.36664357790615176,0.5636758292549278,0.6188974410700464,0.2620622418343046,0.5144543869024377,0.4794052913080641,0.3851144378280029,0.8364993433021565,0.5320378415144538,0.0,0.5527547082506861
0.5735556750116181,0.43155185927320794,0.5686035594818448,0.5759542136579807,0.39031940016446093,0.611291530891833,0.44223173203952015,0.5889943017275756,0.4506849561551872,0.47793870370866354,0.7003020636490078,0.45291595194178935,0.5305020386283135,0.4694152139596037,0.659324008515499,0.5505448834559701,0.26368564131519706,0.32771248217082016,0.5919544186139902,0.5154981016353918,0.70105609415623,0.5793439068468532,0.6372832052538029,0.3045078349810293,0.12692153449807556,0.0,0.6807928166780071,0.43582969497007773,0.5198990677376214,0.4761217243171938,0.35345215735390123,0.43410914999445077,0.3989666427572348,0.35812891339620373,0.41972109238556543,0.5220311277754921,0.391993949637249,0.34056832656353875,0.47600908388552937,0.4748633636056273,0.4595042171061049,0.33818366782373954,0.3305812794005634,0.5001360789956126,0.10124129371077928,0.4844713612444075,0.6312217694955384,0.7430237401866719,0.0,0.0005132246228257038,0.8025125587887265,0.5760174747190654,0.4021569447433407,0.6075597627349848,0.49344796955897224,0.0,0.5733555814417801,0.6689381205803768,0.0,0.5923090853910862,0.5167451832690493,0.35543600659822816,0.45853356114270216,0.0,0.6101355744133325,0.7808348717548396,0.7085588533387717,0.6521131633373851,0.28492753817538585,0.4409866271277683,0.4286632194307616,0.7201798951559797,0.4693438739763855,0.755910695781555,0.44110294629817876,0.469494567459508
0.6080185904996693,0.5254341713819193,0.2838979326231863,0.5923600894297818,0.46804534548025944,0.5160278008215832,0.41804561113963445,0.5117945724249584,0.5454754401458968,0.46261707642055794,0.39816047383428654,0.5668507751692075,0.47309512766976425,0.471247046424071,0.6601048884601197,0.6059009615712065,0.3324649058819547,0.6484265683497659,0.4427639360765237,0.2505752080500323,0.6177245224462339,0.472120344771527,0.28933305369344475,0.4535589454565592,0.5542483896921877,0.6807928166780071,0.0,0.48043623255810275,0.22948548654564813,0.5638577773408188,0.5300834760515344,0.5027150182251993,0.5108366352363611,0.5744220652271486,0.6311744849468292,0.20391248237434534,0.6638677579147819,0.46862110816085445,0.6929240730618371,0.6763330131867967,0.6901438432643638,0.7612318020625437,0.715212436052252,0.6338528370853773,0.18271616891876974,0.5849585426153441,0.5140699903464173,0.7545959740353767,0.47955899497248367,0.8743582694087588,0.6175162954498572,0.5223781969574209,0.6415335307811183,0.5642334709951075,0.7508675828194846,0.7558841281413249,0.6546909591752887,0.5993816343445482,1.0262502223848298,0.6387938616078475,0.6024497860401273,0.0,0.7671342696265471,0.6246713872846916,0.744848278248708,0.682627413240851,0.7101548194870431,0.6335274896347641,0.0,0.5495599304035476,0.5866757430462197,0.6760438239580231,0.6693665323739593,0.7371702911100035,0.5523276476583225,0.6095016183320187
0.531388968947669,0.3891081467740589,0.5279764294753915,0.35586980314434025,0.3856764866419652,0.449232108708129,0.3882465838871544,0.46489041578187645,0.5321534605420054,0.49143620707577057,0.42024764645301893,0.6002572311745846,0.3304535763525711,0.33385402896851546,0.36363792943610584,0.4644701392122769,0.6911777646302151,0.417610672717303,0.44676052207114314,0.4290425320490249,0.48576279558483615,0.5288290605117683,0.44653029824298773,0.5954893208312944,0.3344145738845419,0.43582969497007773,0.48043623255810275,0.0,0.3465291450235825,0.38260469401346653,0.5582490204664774,0.4651212775988697,0.2582761481696644,0.3425075116626133,0.512651954143198,0.15833805796934253,0.32281279465451007,0.6370413890785761,0.8024168935722406,0.3898791073265725,0.7494731941446713,0.3975695685141923,0.609218323063607,0.24334291565883678,0.7219792490734562,0.6302233660915371,0.5837472675101634,0.6258593070664182,0.0,0.7444467414653808,0.6968790252092889,0.6683060883614611,0.46734858382875055,0.76669375179495,0.41917080395142786,0.6672827639791203,0.6080613725687105,0.6487042364743498,0.39684876732629176,0.6792173616340591,0.4384404853056888,0.31256093418622943,0.7643507207419091,0.7711243194912065,0.7159481788242179,0.6169529035914036,0.7455532895431198,0.7087469719139332,0.46937124120100615,0.6810279277232858,0.5458312789351362,0.7404138201651456,0.7766418628784306,0.6473803999107701,0.7295148224304606,0.6743110785510359
0.5550407606712859,0.3393444094131228,0.6064202555993594,0.5720528054693332,0.6577004914284563,0.44144127268918865,0.5230275391400283,0.5019139320009516,0.5977060857717686,0.5995477355093279,0.40603037378766116,0.620605779895924,0.45860996921463026,0.42853555165168,0.33728355928619835,0.4507767995558488,0.39238103952939274,0.45394262662077683,0.5156637790264539,0.13024897804403834,0.4307966155697841,0.3519731576201986,0.5425030482839239,0.4640735411362212,0.36739221850317294,0.5198990677376214,0.22948548654564813,0.3465291450235825,0.0,0.5534520988097229,0.3840025170658078,0.4176868430322822,0.5035668661282311,0.5257931686037369,0.5007476327608873,0.6224020377593611,0.7892769912404224,0.5424743916337993,0.6303134530873741,0.5889477399294522,0.6424883559026902,0.5792664587330432,0.30617470543399683,0.7615860389838633,0.3456544877967742,0.5960068253385874,0.3938681307170133,0.5713733922230504,0.47798380074087166,0.4165718981932075,0.6842498341909565,0.6427975519364159,0.5566804970564372,0.6227608410430485,0.7362849469498687,0.7190258623761027,0.5550709287153477,0.6280929034058206,0.5809998082760293,0.5851951876984314,0.6620901813262281,0.4690754472989218,0.6529931593864327,0.6658930373840335,0.6690362296079031,0.6453004271803272,0.6396892588416747,0.6399192621842265,0.46482646173200826,0.7118752098234085,0.5415336416382912,0.7062028485047307,0.6151767385431853,0.6042076971427116,0.5395797848912965,0.6098338312661538
