0.0,0.45832766330249114,0.20508136229399454,0.0,0.3970440402736338,0.4177474419265349,0.27481393789540454,0.3962843346960987,0.46845626405229585,0.3453736716782404,0.19190294448070003,0.3717400996441816,0.4464377584262311,0.3026077765404589,0.7097072761734307,0.4072808588201058,0.3194429379616765,0.25410389457294813,0.0,0.5591722684198468,0.3365226442295784,0.5053880681182513,0.437161588068542,0.4526602692880192,0.19592982849235585,0.6504833032873629,0.6009384794855168,0.43929511052810866,0.2715075113370191,0.554543673699311,0.29800002351704813,0.29443918418423104,0.1839472192006416,0.09094004566911204,0.21809358499164727,0.4221047854724837,0.488878889997834,0.4122746791030442,0.6381116194176513,0.6915408712381246,0.4390506618346949,0.46757480345476343,0.4732390103898834,0.0,0.263696486427921,0.2828441660714418,0.5181206617775282,0.0,0.0,0.0,0.3144965166013325,0.0,0.3360095352655059,0.0,0.26052501383007376,0.0,0.3997591595664483,0.5248017010377239,0.0,0.6266498866793238,0.5690407053368742,-0.012955247988229585,0.5057278660294514,0.0,0.26681980464040866,0.6757539366439521,0.5736844234929215,0.3710946896443572,0.423106023163571,0.6394248696775532,0.41974609457083367,0.41006256845901023,0.44862724648336205,0.37191023896832015,0.0,0.36440937128829626
0.45832766330249114,0.0,0.38531317564468237,0.3965239676627575,0.272628610876502,0.5399247780838425,0.3885152403108668,0.6177830809005196,0.39773046618814045,0.348990590573553,0.26194652630309667,0.36377056217736103,0.4437860216782178,0.19040971747795143,0.7944889391587575,0.6792122357828689,0.7745469123278166,0.48599956500426283,0.3619295866094544,0.7346238824364651,0.744199306273622,0.7435508220813947,0.6768011533653489,0.3503304831587806,0.32785054266871494,0.4545471921107938,0.7636918435850559,0.37967919269308553,0.5364611423161343,0.431881386864573,0.5154383305538323,0.5158893447011738,0.5488095429438467,0.45041941550222275,0.6326971245455253,0.31558796351046237,0.045730590368545335,0.0,0.6734475585325556,0.8972819775244618,0.604670329049642,0.5401692824902038,0.3820031760680609,0.0,0.0,0.5317855117109287,0.6800063030375503,0.04192843064878322,0.0,0.0,0.42944445935612013,0.41303140211262734,0.894212317062782,0.49911210812510476,0.6846610190457666,0.0,0.223103536613859,0.39978598050378167,0.0,0.9352200296063435,0.5788363698662812,0.44829388523709757,0.6810620392263163,0.0,0.732546607094703,0.952481825174514,0.9139431189474185,0.7234821317703405,0.2940265222466118,0.427071141342647,0.7785511184413567,0.8044669403175232,0.30081413037898064,0.351234865391597,0.0,0.8743502968227231
0.20508136229399454,0.38531317564468237,0.0,0.30657623180873694,0.09402975577589212,0.16360086530748674,0.1681094153897753,0.2760291817707744,0.10173794691971944,0.2428245580414296,0.22054078521020593,0.3075929094475123,0.20172934404836768,0.09943702555904926,-0.0006011154191097878,0.26777213769224195,0.432200613214869,0.29631524277767773,0.11522303579920379,0.28887830722353774,0.3130421482188225,0.35255744885284085,0.012583731647129281,0.2578276876755079,0.3883488673131802,0.27853686653819026,0.012051306157887992,0.2050092951889141,0.416794202191699,0.3748450361173164,0.18194704063921197,0.0516535710311431,0.17344329560874783,0.0818667993188083,0.43825427747044804,-0.02622499815330087,-0.04351725327044359,0.24040552869641624,-0.11037291718557335,0.469400052756217,0.3660398619597195,0.18454136752177366,0.1824347019787006,0.3865114182360728,0.0,0.0,0.3853065606771742,0.18325067536270817,0.47138564191417887,0.3533885479189015,0.484298957473374,0.4119247457077466,0.40157511962702486,0.4122497395119778,0.43128036411240767,0.1968339814790503,0.30322084161416163,0.46595089571292564,0.27621323611670895,0.3532638822567803,0.0,0.0,0.0,0.06394916024077385,0.35122292237658626,0.5950488379286374,0.24590599012791442,0.48119628839508755,0.0,0.547004627224657,0.42528240775227816,0.45966786237718743,0.3385986431204065,0.4909475009645471,0.3995029553051258,0.2206126679159587
0.0,0.3965239676627575,0.30657623180873694,0.0,0.3763012515603102,0.07998992279413386,0.592341821735759,0.6844922030895528,0.0920645637371535,0.22775879273252714,0.15000104587595547,0.18543116673303076,0.5137995934610358,0.5755865367560313,0.39848564383325924,0.25848948856181386,0.44787852936773065,0.47194514778100016,0.10018855833294898,0.48666808179123044,0.46752868229374656,0.4778447644961709,0.36832706951903194,0.20636236692231574,0.7976465113773692,0.2117747411877688,0.07067325937981594,0.3821699288089093,0.05809006240367534,0.6590763814658107,0.30336293346594245,0.16285399010294344,0.14727821633525334,0.15880049346446726,0.16906353626748297,0.41297337135398937,0.3627446048315275,0.1400155113900683,0.10427586047969112,0.37074255974402426,-0.10221079161726682,0.1219361539453234,-0.025056198305378946,0.33468749754538096,0.0,0.0,0.0,0.408517890327332,0.0,0.0,0.37255364885860476,0.0,0.46801511238473825,0.31657065079636315,0.0,0.13413024435592605,0.43085455134356054,0.45242261181716636,0.0,0.0,0.0,0.0,0.0,0.0,0.0,0.0,0.45518746554095624,0.3999230740075552,0.0,0.0,0.0,0.3372934313923408,0.4572336511188839,0.6496187186523967,0.0,0.0
0.3970440402736338,0.272628610876502,0.09402975577589212,0.3763012515603102,0.0,0.23665243295892432,0.3758434652956841,0.5773925019132116,0.14465610878684498,0.6759729639025894,0.27599590603209756,0.3371382736550579,0.6211365200760649,0.3588087766118243,0.34630922734283576,0.36743777346075557,0.6690229837012589,0.2078439077785604,0.13141445505508906,0.32933289591264053,0.3579133580246834,0.2822935391935819,0.2941733390964003,0.34004207736670145,0.31227630501447806,0.7205466028868734,0.22363710203448228,0.6739402990952447,0.17027426701751114,-0.12681013205775643,0.3641791081511792,0.23926938581219773,1.0152808522440198,0.4050967811048276,0.2547217943929849,0.31573930342146006,0.17540666396817534,0.4285381450888411,0.5344247726913742,0.8595243800556561,0.802738761004038,0.614400597251568,0.2849952065155217,0.7171508600713249,0.35507655987213904,0.0,0.1321236249745193,0.16659667566279712,0.0,0.3705508073569652,0.5007617335873317,0.16887503433489262,0.4433344857502358,-0.01607224222244369,0.0,0.23431122599881285,0.195254214020809,0.17958653805531938,0.07984442072222972,0.19850168060615342,0.45220189641494346,0.0,0.0,0.1882345783750613,0.2675807752084409,0.4856369075646395,0.2993267945414887,0.5249694200565916,0.0,0.4702181463688698,0.3698921365248442,0.4285956407458795,0.3649830148361396,0.38111470811550396,0.0,0.31277926778447673
0.4177474419265349,0.5399247780838425,0.16360086530748674,0.07998992279413386,0.23665243295892432,0.0,0.2506824818129044,0.4404885549991466,0.2590664794751107,0.3988472260990237,0.24338851382253207,0.26742597455169526,0.2984924462398261,0.1278021957791044,0.5367421397498097,0.5696897726783227,0.1834864811979664,0.38256871357970534,0.07966688946424932,0.4105026853998303,0.44592939217881833,0.3749010199328029,0.5154817127785783,0.20778079005332942,0.7204706416895279,0.4904236278615305,0.4749779052386851,0.26185187088108863,0.30279677443484365,0.26033331352446637,0.25716313710283084,0.19108919431263918,0.2737672189776498,0.20874048104782333,0.30383931346116144,0.20562074729478658,0.15242978725015616,0.23494449764450137,0.47228388049890185,0.17526507837763766,0.36604520248378336,0.47613563650579377,0.378756803259166,0.3487589845509025,0.0991559365447657,0.4185866758622634,0.4065346652191739,0.4080293303330745,0.26304245655520364,0.3234658495266489,0.5388999890805684,0.515589749363781,0.539494693875552,0.35151443643802016,0.1704240768691508,0.490130819662841,0.16018125078893336,0.4409891346433582,0.4842646673848692,0.6095964653688215,0.2881301760979442,0.0,0.42459595986860416,0.32666307509871106,0.47907999756357356,0.31236268860603617,0.6611313547462994,0.5612331784604488,0.5062417799357788,0.17679595338242327,0.6084204555266977,0.5219456339035757,0.3434295464617614,0.46657129788785145,0.3274828191221556,0.332735044339709
0.27481393789540454,0.3885152403108668,0.1681094153897753,0.592341821735759,0.3758434652956841,0.2506824818129044,0.0,0.3452214346762923,0.29672967727256644,0.5129556161083118,0.2716820241706991,0.5819243834027272,0.6349073249682253,0.2628248100865736,0.26085080916222514,0.40324196102512166,0.6878522654617614,0.5817331796992837,0.19248936395003874,0.3012176356847521,0.23126011891681467,0.2983112879432861,0.363729041212605,0.36353133423159434,0.6017064642591718,0.5391591781857361,0.2530519542454004,0.6923003576563642,0.1682241953870936,0.30371920471888525,0.44208843216852783,0.5284138125298732,0.5323664536519783,0.3850942325636789,0.2827899435696905,0.6896390347948691,0.4821188400541931,0.7693612072800797,0.4684557617978262,0.22171408511155202,0.7241972186562253,0.8830165852593674,0.4997615739396656,0.45503463162731855,0.24408787243093708,0.0,0.23589547179934642,0.29224426827503824,0.0,0.4141489530336221,0.39788672201417385,0.3966026939376947,0.4861716681712454,0.40057172168447963,0.45435817546321594,0.34966225600484524,0.3529088517429124,0.3481728226304138,0.20921527292299205,0.033529077895643106,0.2524763468917146,0.0,0.49503369722161056,0.4221117166989829,0.38928373267729277,0.33688541648016357,0.394261746960409,0.49838208129275635,0.4688215403030136,0.41039007267485333,0.2371861387902264,0.4217921902807896,0.4031584117364876,0.16873751983738894,0.4112739479100122,0.26198475323700804
0.3962843346960987,0.6177830809005196,0.2760291817707744,0.6844922030895528,0.5773925019132116,0.4404885549991466,0.3452214346762923,0.0,0.27675102072678737,0.4368974633909571,0.40066651048833785,0.42501889606207943,0.41904829187909237,0.7013639195675976,0.5729423653402606,0.4872481262082478,0.1811565862263622,0.2558440982148838,0.19239582491836374,0.5842037601447969,0.7136714131085586,0.4095528732279571,0.6019734904977363,0.20057269247705778,0.2883835874166161,0.417199415976349,0.47202076509795865,0.40696508742880166,0.30646579448902733,0.540186524792833,0.3653586148530174,0.29443640445365604,0.17606128667544124,0.3035375912570386,0.36011906276478195,0.4646148828873321,0.5485961562888109,0.25166670455937173,0.6973404032985461,0.2940413213251514,-0.04008455933807015,0.5092525880467142,0.4949330431964082,0.3279294053123881,0.0,0.2781352102547782,0.21205139698799685,0.42304036517802535,0.0,0.4393757348971556,0.6179912297635662,0.41396556600371137,0.4734125352005002,0.26709553748818154,0.645385666827241,0.5142033351483384,0.9313194084607463,0.45584813050931683,0.4124429351382896,0.6162169798992899,0.04834847948208609,0.0,0.5539214355726277,0.4612513421535982,0.6959724777728085,0.5488566886199447,0.2113509032190039,0.6936038326506929,0.0,0.21625579858114008,0.3110355529969746,0.5738211926688299,0.4132361271543857,0.6341381772702015,0.43042500543297013,0.22509434670423448
0.46845626405229585,0.39773046618814045,0.10173794691971944,0.0920645637371535,0.14465610878684498,0.2590664794751107,0.29672967727256644,0.27675102072678737,0.0,0.32758211012452854,0.19631844376311433,0.10053925734468577,0.34741819734530677,0.23100814185145124,0.6642668729662563,0.292966840462051,0.23445525971308895,0.29657543688314025,0.19715037481601197,0.3361965323600823,0.28527665069589075,0.2889356979947416,0.2249112693838491,0.3211786248782458,0.35013096077054606,0.41082288745280127,0.10980019216819348,0.2371006560917777,0.14493734481462206,0.24632114246042142,0.178322197359219,0.19998772297342673,0.14226225457867697,0.15729050078021323,0.1385850242345404,0.0869940601193,0.1111189706038363,0.05371751207902414,0.027403780453475413,0.4567790821826757,0.39974997036772536,0.0377504104204581,0.25249008996271016,0.220156767931342,0.19237511169248417,0.0,0.30575389751696824,0.3645477891772181,0.46688688448729027,0.41388169303508116,0.5003382241068605,0.41075723076252224,0.4056530818925157,0.26945915537486376,0.16889408667627548,0.24217699941847406,0.0799002520572697,0.3223337996964778,0.41541650035341926,0.35990212977596053,0.5150380210993084,0.0,0.0,0.2961715238112354,0.5548434617701723,0.9213801601262248,0.645351412662182,0.4746688005176608,0.4175816700154813,0.3123973201237321,0.1964900143602702,0.42515709373535704,0.23740941962960416,0.33935724083796415,0.19594361601100835,0.3279940056609655
0.3453736716782404,0.348990590573553,0.2428245580414296,0.22775879273252714,0.6759729639025894,0.3988472260990237,0.5129556161083118,0.4368974633909571,0.32758211012452854,0.0,0.40518648831470205,0.5728071439310509,0.6435878313501511,0.2890868921518416,0.5650566760051765,0.5817204319474709,0.5702247980800607,0.5203842907070126,0.2881584033482194,0.1891221900118256,0.23797627679390643,0.3507790153762653,0.2968017792241241,0.3937442621019278,0.7289536163148491,0.5293105536260247,0.21489268021668692,0.6132451916540116,0.17342090585405018,0.07724693714459241,0.6738095138303835,0.21261804254126743,0.6572552491464675,0.42468033600029076,0.3458723968243448,0.25618783629633457,0.15892350312786185,0.4198194323663772,0.3999037566112098,0.4462192133975585,0.5917910828499842,0.41763845287839446,0.5246478093320934,0.19529178939397204,0.5314359585999395,0.7328808648935126,0.5095659940511871,0.3573045713330161,0.47464054110256526,0.43609805297091364,0.13630370373286882,0.284445991513446,0.54512781205703,0.21899154405102927,0.4371266591502626,0.2626571078100529,0.5563075578684575,0.28677033504376803,0.0,0.6217509008359303,0.928199311963005,0.5786379766610101,0.6365586709043476,0.46775904874477187,0.4658882529640341,0.44008421932133945,0.8557541974256593,0.32561202447242754,0.23304223157261122,0.44695760354556463,0.4847891860175389,0.35367977740944356,0.4820065659675156,0.19630883876017252,0.0,0.6033029829195933
0.19190294448070003,0.26194652630309667,0.22054078521020593,0.15000104587595547,0.27599590603209756,0.24338851382253207,0.2716820241706991,0.40066651048833785,0.19631844376311433,0.40518648831470205,0.0,0.26166541406971877,0.27243530032055324,0.29101609905543385,0.0,0.490903462947644,0.36909005262045097,0.3322670598107377,0.24061754266136703,0.45161423058785055,0.21136920917960306,0.25973055998121586,0.14905587795789138,0.40557473321211485,0.42932607894129166,0.3164265801226871,-0.05494212239908092,0.2822279810456787,0.3359501781137867,0.40728185032913533,0.1559792777249357,0.1645220873643674,0.25399020248571946,0.22129513517293414,0.24367004216700364,0.42160413405184205,-0.13346455396679113,0.3762378497933323,0.02344395148694728,0.32440753737998795,0.48219028548355136,0.3959653653275254,0.41454751155040526,0.37824917879908626,0.10360752062876681,0.0,0.0,0.4708227208265359,0.4680582636762961,0.34349467986132115,0.5111246531242534,0.3573682914955678,0.5776327981770668,0.411889319060451,0.344232623019167,-0.11527857339647107,0.4962955333176208,0.44889979637502925,0.3497367851677847,0.0,0.0,0.0,0.0,-0.0032110941261009884,0.17576098157864298,0.0,0.5289945937349945,0.5379817282627267,0.0,0.0,0.8896047595164827,0.5151795347662228,0.2844228741825563,0.11939606759248439,0.0,0.35402720507638025
0.3717400996441816,0.36377056217736103,0.3075929094475123,0.18543116673303076,0.3371382736550579,0.26742597455169526,0.5819243834027272,0.42501889606207943,0.10053925734468577,0.5728071439310509,0.26166541406971877,0.0,0.6200870797073883,0.09325640324422524,0.5405404273957873,0.5025200557900633,0.8664366454635501,0.6946659756381346,0.33772847231808617,0.8357514210050976,0.42735668105498814,0.5855953929677578,0.23081708315795985,0.3580491843599972,0.6065967407082069,0.42011553848969985,0.36455837634245036,0.48151684261006356,0.5121659901119968,-0.0857286354582861,0.6165770598793587,0.04013856882640343,0.32799362956170225,0.44525592542222026,0.37682125028686975,0.006341742636219783,0.19529781628648835,0.028960723657413368,0.2891098611366762,0.29519914271817227,0.5668048972534008,0.667676633978145,0.3321116356879986,-0.014410928099155923,0.6196998010647005,0.29494480018888236,0.691629204964281,0.23865152239430448,0.13653321615263267,0.4312600674406052,0.18742236020839215,0.277213129791185,0.35683795261685974,0.07913743799989265,0.4061434001160558,0.2803820078471048,0.6035299371032745,0.4286193311772787,0.5273766933146999,0.5125097893500634,0.5306581764841669,0.5389143154270544,0.6745460839589996,0.19615767027778594,0.7889087785893437,0.7795682052024702,0.4364919836795249,0.5239952718076475,-0.0121580687218176,0.5417850443361738,0.5242604526727734,0.12886309574939325,0.4824354364124156,0.4841417716959985,0.0,0.49949586067443047
0.4464377584262311,0.4437860216782178,0.20172934404836768,0.5137995934610358,0.6211365200760649,0.2984924462398261,0.6349073249682253,0.41904829187909237,0.34741819734530677,0.6435878313501511,0.27243530032055324,0.6200870797073883,0.0,0.52566740889414,0.3719135421624933,0.4199419113125693,0.6071156137746901,0.39576538185924515,0.22081166505941024,0.3335615510261853,0.3616832396002729,0.30215097511919137,0.4378020708157194,0.36180031669664503,0.6333605736553573,0.5111499993189772,0.3682267344272379,0.577201481090077,0.2097621642384863,0.36573100870921715,0.3798828401427054,0.5371864602779759,0.6484259867030714,0.41738864426169864,0.3555883931850278,0.7247725175043043,0.6014228034864391,0.49166006372883997,0.478720346026274,0.4067320398718625,0.682477017798712,0.3732149878480748,0.35868693505938776,0.5263002419123821,0.2449800832339914,0.633718569935217,0.3928946936358338,0.4728878755406153,0.0,0.4044349266176209,0.46687032341209417,0.4505301200459818,0.4098957851985837,0.4794999288534114,0.4397096819549727,0.2859610842876325,0.208203540360716,0.33581012056974097,0.23192490274113953,0.4619562330642473,0.16836291954745708,0.28057902787592337,0.39889077977763926,0.5448432704948047,0.4687560710260193,0.42330998532227804,0.30293892443014947,0.55473734328559,0.34535734081383906,0.1782556454821284,0.2894477542903966,0.5352920424751768,0.4378327802692322,0.3870464359546437,0.33080186997605265,0.3327666178924699
0.3026077765404589,0.19040971747795143,0.09943702555904926,0.5755865367560313,0.3588087766118243,0.1278021957791044,0.2628248100865736,0.7013639195675976,0.23100814185145124,0.2890868921518416,0.29101609905543385,0.09325640324422524,0.52566740889414,0.0,0.22423262894064694,0.5047404839296808,0.45621167488938463,0.4961045600737088,0.12215778564471119,0.41661072534798527,0.47530995343166405,0.14868441981781624,0.48699236301089227,0.21904709449853127,0.44437230973084046,0.011607315398075857,0.3298223863914217,0.3637437522878492,0.32182271414241215,0.35725524951167853,0.3637441631613897,0.2442793308783432,0.3921457607082133,0.4030078316380332,0.28708916636046755,0.1726726393367016,0.2532683654708466,0.350300345708908,0.2396734092703512,0.0,0.4867011516624623,0.672580437284926,0.49804335928565213,0.4706379580695782,0.0,0.0,0.0,0.3031561837705388,0.0,0.5674768055559031,0.47533976118801163,0.33449445459312255,0.565862701050618,0.15667603562803115,0.0,0.4144188369407821,0.36269532056149334,0.32906865648943545,0.20165534588401854,0.0,0.0,0.0,0.0,0.3046906710567505,0.0,0.0,0.0,0.5915010812838966,0.0,0.0,0.0,0.46178816948103174,0.07334752938276401,0.0,0.0,0.0
0.7097072761734307,0.7944889391587575,-0.0006011154191097878,0.39848564383325924,0.34630922734283576,0.5367421397498097,0.26085080916222514,0.5729423653402606,0.6642668729662563,0.5650566760051765,0.0,0.5405404273957873,0.3719135421624933,0.22423262894064694,0.0,0.6142385951632459,0.32946322763864866,0.35872535756883284,0.0,0.6830443568758282,0.744720829955051,0.4929339339067531,0.38787121015590753,0.33830609131437583,0.6583890902112237,0.6104531900332346,0.5691398022036491,0.2260366246329181,0.5871832349335897,0.2976533260724852,0.45654217419187526,0.4188719831615422,0.6008045445839312,0.4695519514066076,0.5204635448188442,0.3934362560632719,0.24477890203443142,0.37996267619710683,0.6001025165821232,0.9988381833703018,0.6511595351118713,0.5635054574501754,0.21348853970460258,0.6335880897993654,0.0,0.43842983768375743,0.7927217643685445,0.16594352152244943,0.0,0.0,0.5254287402231924,0.5590502190195628,0.6317103151511196,0.41764255294214464,0.0,0.0,0.5679815778009811,0.4324826376048691,0.47010502253679814,0.870073548650569,0.4683468989748046,0.5422627879667293,0.6806975533416668,0.0,0.935045829816925,0.7591702716688773,0.8992552871255017,0.8488666944116543,0.45074002865509727,0.47942237198082366,0.7313904309618462,0.8339010839140201,0.42699716809824656,0.6281293316281116,0.24724536269486663,0.5728586075092772
0.4072808588201058,0.6792122357828689,0.26777213769224195,0.25848948856181386,0.36743777346075557,0.5696897726783227,0.40324196102512166,0.4872481262082478,0.292966840462051,0.5817204319474709,0.490903462947644,0.5025200557900633,0.4199419113125693,0.5047404839296808,0.6142385951632459,0.0,0.7617225569654442,0.7155644134622586,0.4516076002015966,0.5991780131873927,0.5575556688448213,0.7118697686101713,0.5022336649401407,0.6742183641059614,0.5787824284943656,0.6486761594395152,0.6661411439686906,0.3604533002694292,0.6114598123455379,0.25513950854404566,0.5296182972570643,0.4118517351295718,0.2977341237755174,0.4066478025105225,0.6016855828535617,0.6325128453506033,0.2824985194057851,0.4973238671492365,0.6921675391420208,0.5800408324073743,0.6032360837710764,0.40349822763396226,0.4708126749523026,0.0,0.0,0.4384634424085542,0.6714935640134603,0.0,0.0,0.0,0.3256355991821327,0.4833929035132027,0.5856387788172273,0.0,0.5182759012153451,0.0,0.46749676683132146,0.3888632046970547,0.0,0.766717364188197,0.6196066791893554,0.4607741129393346,0.5708411901542194,0.0,0.15423053156446637,0.7918616651188085,0.7693763669655946,0.5254691968445508,0.3076590054156783,0.5962193637044118,0.7763934026326992,0.654257329604198,0.33150880186828535,0.4325493615813012,0.0,0.30172198121037686
0.3194429379616765,0.7745469123278166,0.432200613214869,0.44787852936773065,0.6690229837012589,0.1834864811979664,0.6878522654617614,0.1811565862263622,0.23445525971308895,0.5702247980800607,0.36909005262045097,0.8664366454635501,0.6071156137746901,0.45621167488938463,0.32946322763864866,0.7617225569654442,0.0,0.6099166361364365,0.4615179424908692,0.3745113357475205,0.28748612013237085,0.6382364457793082,0.17566817461306228,0.6101298084252086,0.5192115952228897,0.5687418142534931,0.3937601762101274,0.770330577252847,0.3309101202769084,0.26974434462922847,0.7820079967037433,0.5335969583389018,0.6484872294251961,0.7035091053563652,0.7782071586150718,0.4735348415973069,0.346905719341146,0.414488225713487,0.48661797216664104,0.23136717641116966,0.025238992164118568,0.5720749370603733,0.0,0.0,0.5371841168105179,0.4725987713367086,0.6251466189456721,0.0,0.0,0.0,0.0,0.0,0.0,0.0,0.16197352166971524,0.0,0.2649034224835023,0.207485090778057,0.0,0.5627415819945316,0.5282412185262575,0.451135157105568,0.19031187064183322,0.0,0.0,0.0,0.5024590462923999,0.0,-0.12305670280245035,0.3805365105884565,0.4388754109722108,0.0,0.19223286890659438,0.4666095697773299,0.0,0.5659315546370749
0.25410389457294813,0.48599956500426283,0.29631524277767773,0.47194514778100016,0.2078439077785604,0.38256871357970534,0.5817331796992837,0.2558440982148838,0.29657543688314025,0.5203842907070126,0.3322670598107377,0.6946659756381346,0.39576538185924515,0.4961045600737088,0.35872535756883284,0.7155644134622586,0.6099166361364365,0.0,0.24835667537486378,0.3115192647995304,0.26906719270893725,0.4921714863391816,0.3379641807651581,0.4446320592476976,0.42843419422062956,0.42439519247538204,0.49485820144545556,0.2557083348543106,0.28154373630352547,0.23523534474051083,0.43132800833697954,0.22096128736005488,0.43310756272787854,0.45383079385856234,0.44936263244637514,0.21126213175835018,0.39658476020057076,0.3760464219069045,0.5690662331061498,0.4599465780242825,0.456245652962258,0.5697622286297788,0.0,0.0,0.5645293022445452,0.3233604257851983,0.5207060519194697,0.0,0.0,0.0,0.31962146536640634,0.4953573135726802,0.6059190150029713,0.0,0.3544231193893653,0.0,0.4696872649454733,0.3533518532980632,0.0,0.49997268827464586,0.4820595973741268,0.5957334037371842,0.28106387320721005,0.0,0.32978097157128294,0.6936954946923737,0.5188005183390118,0.7370987348403422,0.49484371732158483,0.5113036479236998,0.540409383719823,0.4080278375623233,0.49523103701852134,0.35800142421328623,0.0,0.541251800537114
0.0,0.3619295866094544,0.11522303579920379,0.10018855833294898,0.13141445505508906,0.07966688946424932,0.19248936395003874,0.19239582491836374,0.19715037481601197,0.2881584033482194,0.24061754266136703,0.33772847231808617,0.22081166505941024,0.12215778564471119,0.0,0.4516076002015966,0.4615179424908692,0.24835667537486378,0.0,0.502502668504998,0.1346323081498637,0.3691827793644277,-0.05829077023967166,0.3695417269188185,0.31396481596211595,0.35096267119830693,-0.1268035866109568,0.22130208202476953,0.33960565358697814,0.3919046591425066,0.11483329110169033,0.06145633384932003,0.24870621644358415,0.17648625709415813,-0.05355906724518039,0.19409285458349784,0.310683869959115,0.19593764095870364,0.5895187093864962,0.44218451083895355,0.2739536533978252,0.12874091496140494,0.16156207775463824,0.10320080289146177,0.005731269100609636,0.0,0.0,0.391732131897535,0.0,0.3618286153864973,0.32703676374494617,0.2898941078492842,0.2738893761957657,0.19618681626208068,0.5919078611125643,-0.19075722529151845,0.3107348521553308,0.013352127432862015,0.3027990148927932,0.0,0.0,0.0,0.0,0.35633267537362834,0.469722946739896,0.0,0.4860417181698392,0.381586295147206,0.0,0.0,0.0,0.28850902385982596,0.3213095621923192,0.09237831251990014,0.47078353085507485,0.1278188106389932
0.5591722684198468,0.7346238824364651,0.28887830722353774,0.48666808179123044,0.32933289591264053,0.4105026853998303,0.3012176356847521,0.5842037601447969,0.3361965323600823,0.1891221900118256,0.45161423058785055,0.8357514210050976,0.3335615510261853,0.41661072534798527,0.6830443568758282,0.5991780131873927,0.3745113357475205,0.3115192647995304,0.502502668504998,0.0,0.6853537206199072,0.4729284650261727,0.41172326443959195,0.7580515106061622,0.8979711785760291,0.6175022913391273,0.5903705749172852,0.287085902719287,0.49048560244502315,-0.017450024885411863,0.5087193950635216,0.3799136353503381,0.38838133320148593,0.47967398731560706,0.5626970391752881,0.5142557274163229,0.263413474171712,0.8920710555906455,0.5809748357929678,0.596731563032459,0.5625091911028532,0.46520179573791454,0.3372628746333153,0.2702134861861504,0.3283774243957975,0.5807557598063227,0.49857418359332223,0.3806469185437347,0.0,0.0,0.41800873171025194,0.41560413973693466,0.6396848404237236,0.40906592787743,0.7832989253899896,0.0,0.2755214280694679,0.19951231619586762,0.0,0.7806337932081098,0.42388134320996707,0.4715615102560074,0.4684109479320554,0.0,0.6658615107548496,0.6463686194705627,0.767844983813464,0.6722553711883514,0.0,0.41810655134489366,0.5906510247581922,0.6488151331484022,0.3953560640467059,0.570888680191403,0.3655058260772185,0.4918835654621122
0.3365226442295784,0.744199306273622,0.3130421482188225,0.46752868229374656,0.3579133580246834,0.44592939217881833,0.23126011891681467,0.7136714131085586,0.28527665069589075,0.23797627679390643,0.21136920917960306,0.42735668105498814,0.3616832396002729,0.47530995343166405,0.744720829955051,0.5575556688448213,0.28748612013237085,0.26906719270893725,0.1346323081498637,0.6853537206199072,0.0,0.7908568797876516,0.5817501331337597,0.19253139322852347,0.25003639478625794,0.6925977286752631,0.6216143937564163,0.37959214319788537,0.3524845916966926,0.4759347997092362,0.4395986020152851,0.3091293499498538,0.39992744272373926,0.398216616863084,0.5452313700914627,0.2930705495633616,0.20717683342014906,0.130879130451813,0.3087513417064278,0.4798279010612323,0.25207590188060025,0.37186753133934786,0.2875796850926383,0.0,0.0,0.554037274784955,0.54757089842836,0.4569190985743822,0.0,0.0,0.505792192596145,0.34755425603272083,0.5205589832641473,0.40914144690449117,0.4275631310028531,0.0,0.8219695800851978,0.44317741322801296,0.0,0.6703464084998123,0.4111042724500071,0.0,0.4414590251048916,0.0,0.6010639909055269,0.6902411266664512,0.7594602288318215,0.49769056600141204,0.47213163781595247,0.3952611443009018,0.6778746012076449,0.5086701712852226,0.2965718842434817,0.31765635396582553,0.19357976822132272,0.17124294466804846
0.5053880681182513,0.7435508220813947,0.35255744885284085,0.4778447644961709,0.2822935391935819,0.3749010199328029,0.2983112879432861,0.4095528732279571,0.2889356979947416,0.3507790153762653,0.25973055998121586,0.5855953929677578,0.30215097511919137,0.14868441981781624,0.4929339339067531,0.7118697686101713,0.6382364457793082,0.4921714863391816,0.3691827793644277,0.4729284650261727,0.7908568797876516,0.0,0.5937070295111687,0.9727433784445498,0.5842005845341048,0.6657795278323916,0.5612849225672285,0.4608432305548591,0.4618667241642759,0.09773955652543287,0.3629862366018394,0.42307008510062205,0.4660468357968522,0.4780736414025711,0.6126036029662718,0.5062659437326618,0.42427232074059584,0.8632243782395704,0.6361271318914181,0.7639789138203548,0.5924980798846258,0.4345889254621015,0.20496781338914088,0.04428933259664325,0.3875271617710797,0.5842048725261638,0.7399634901323175,0.5161864104300589,0.4702819381778552,0.39370084780073267,0.606551701157314,0.3578160835284644,0.8972786446876807,0.5125898031373131,0.2618003181727069,0.0,0.44882535276170965,0.11150064202481474,0.0,0.8181343215496801,0.6643403404197856,0.2672994180464525,0.8228466283648752,0.0,0.731427682574447,0.7855613927254923,0.7953429385825252,0.7434172296172663,0.3654482575849751,0.7522101412440187,0.7612952103633736,0.7954085805037082,0.41946542320198144,0.554543513474477,0.582563125279892,0.6405148383168732
0.437161588068542,0.6768011533653489,0.012583731647129281,0.36832706951903194,0.2941733390964003,0.5154817127785783,0.363729041212605,0.6019734904977363,0.2249112693838491,0.2968017792241241,0.14905587795789138,0.23081708315795985,0.4378020708157194,0.48699236301089227,0.38787121015590753,0.5022336649401407,0.17566817461306228,0.3379641807651581,-0.05829077023967166,0.41172326443959195,0.5817501331337597,0.5937070295111687,0.0,0.263808450807675,0.4166568560033904,0.6387007600965859,0.45136229916238557,0.3807563868443515,0.4259053758114474,0.490176569342072,0.420338774705765,0.44649099406607007,0.3665201507232172,0.3693989091598179,0.458262918781205,0.46823396844467563,0.401889118918195,0.21557143224682238,0.5575494923489784,0.6826897219241412,0.4440759940765252,0.5044182959604104,0.5927124736975248,0.4186008360603665,0.32311434667064676,0.22007530307449938,0.6869217995345787,0.4233587239141755,0.09253902101723577,0.6222877899181214,0.6461411706229631,0.4666233681302827,0.639716812524813,0.35753773365574126,0.4592004639659391,0.24653772232359586,0.1321632341630743,0.45660705623927356,0.658050571761036,0.7507118913517672,0.5503453873381592,0.465888252964034,0.5022978940328451,0.45656354966813806,0.6536184376017576,0.604023584254627,0.7626661002669566,0.7874683475524769,0.337630228891896,0.48888699556209914,0.6340071049750298,0.6079965403767433,0.43667671027728083,0.5936838275733397,0.49771712618832953,0.47684745320413885
0.4526602692880192,0.3503304831587806,0.2578276876755079,0.20636236692231574,0.34004207736670145,0.20778079005332942,0.36353133423159434,0.20057269247705778,0.3211786248782458,0.3937442621019278,0.40557473321211485,0.3580491843599972,0.36180031669664503,0.21904709449853127,0.33830609131437583,0.6742183641059614,0.6101298084252086,0.4446320592476976,0.3695417269188185,0.7580515106061622,0.19253139322852347,0.9727433784445498,0.263808450807675,0.0,0.5852837344714032,0.29148542241143527,0.3796777846057172,0.5386094702265884,0.5639213401980707,0.5269749778009756,0.6282238217290643,0.42939397743707586,0.476869791299932,0.4203342542798749,0.6742618035164222,0.41784254590129855,0.35309213317439986,0.3766317995084498,0.7644182968449251,0.6762478478567899,0.6020327461390598,0.5937088113604118,0.45896614559248305,0.2041096816524078,0.4450911843874814,0.30054698703833715,0.5185146168772441,0.0,0.0,0.47356344186221677,0.4200025605627834,0.386655321568261,0.0,0.31224060692197175,0.5409608651818908,0.49582525139526307,0.5355276668358183,0.3535767599609356,0.0,0.34818593902773587,0.3896330252010134,0.5507747444860611,0.6258706165913599,0.47229000783275554,0.4105371521597942,1.1613582275411924,0.12324502506689958,0.6782280874114648,0.36365300029887654,0.5349322734824317,0.5291210415125127,0.35171929249281186,0.44688459860727253,0.59471209800064,0.0,0.4484510894242171
0.19592982849235585,0.32785054266871494,0.3883488673131802,0.7976465113773692,0.31227630501447806,0.7204706416895279,0.6017064642591718,0.2883835874166161,0.35013096077054606,0.7289536163148491,0.42932607894129166,0.6065967407082069,0.6333605736553573,0.44437230973084046,0.6583890902112237,0.5787824284943656,0.5192115952228897,0.42843419422062956,0.31396481596211595,0.8979711785760291,0.25003639478625794,0.5842005845341048,0.4166568560033904,0.5852837344714032,0.0,0.2515277764342707,1.0022505793968395,0.4607469534495604,0.6102125271681393,0.2537496550524263,0.5064718109479498,0.16803124136736688,0.4494129398325635,0.3649630181430226,0.4842567516389735,0.14143411647881654,0.6184164850695506,0.5050589214589165,0.47277974592431055,0.449482653913004,0.4322810402281635,0.3906703892666343,0.1839520412549711,0.0,0.7816139282394134,0.2728681643826611,0.5226328833900635,0.0,0.0,0.0,0.3121442883008276,0.276945198267767,0.44254272262815636,0.4365896071460307,0.338118503734506,0.45342590427452184,0.5034888276738729,0.19632330145146507,0.0,0.8419380996316482,0.43902232950009906,0.5096923769540274,0.5053489642762959,0.0,0.4444981879985319,0.7302940615077442,1.0309765966947142,0.4713247300894451,0.40805761110947664,0.4723891604996253,0.519751198527509,1.0946880791886175,0.405380649632787,0.30067014498634237,0.0,0.42211877875905507
0.6504833032873629,0.4545471921107938,0.27853686653819026,0.2117747411877688,0.7205466028868734,0.4904236278615305,0.5391591781857361,0.417199415976349,0.41082288745280127,0.5293105536260247,0.3164265801226871,0.42011553848969985,0.5111499993189772,0.011607315398075857,0.6104531900332346,0.6486761594395152,0.5687418142534931,0.42439519247538204,0.35096267119830693,0.6175022913391273,0.6925977286752631,0.6657795278323916,0.6387007600965859,0.29148542241143527,0.2515277764342707,0.0,0.8200554185599691,0.4381139158312328,0.5046884018045326,0.013763339351854836,0.39623571423995674,0.3941964114039418,0.39302446530443624,0.3221618867951108,0.3894644806913954,0.3571106323772257,0.3977892480803187,0.3296679453032729,0.657876042438754,0.40900602747046255,0.6342172204326593,0.3762590437785921,0.09280870306593,0.5006379473503105,0.4866101860785923,0.545525563731783,0.6875234376014377,0.5386482519640825,0.0,0.000859970569477988,0.5984077997978995,0.24154501867071615,0.6269572814247379,0.5904259813927824,0.2875302909235741,0.0,0.47881151002871114,0.3247090232765889,0.0,0.8371048058055154,0.5655971903683341,0.5463281249632631,0.475452819849835,0.0,0.7276159442211763,0.9340333270261412,0.8559119438678977,0.7333159665043305,0.39686493164485775,0.4914582199938993,0.6194677863718323,0.8167363189749637,0.39920102517697587,0.5974453616813429,0.4414531263581907,0.435469787923735
0.6009384794855168,0.7636918435850559,0.012051306157887992,0.07067325937981594,0.22363710203448228,0.4749779052386851,0.2530519542454004,0.47202076509795865,0.10980019216819348,0.21489268021668692,-0.05494212239908092,0.36455837634245036,0.3682267344272379,0.3298223863914217,0.5691398022036491,0.6661411439686906,0.3937601762101274,0.49485820144545556,-0.1268035866109568,0.5903705749172852,0.6216143937564163,0.5612849225672285,0.45136229916238557,0.3796777846057172,1.0022505793968395,0.8200554185599691,0.0,0.38143815392364744,0.5081067563709829,0.6111508988764747,0.544976518851316,0.46801942307818933,0.5148807537699848,0.4840156204140352,0.5867987701027921,0.2358118207330151,0.4202176393427367,0.16922672127912203,0.5671191766934998,0.6410109579008069,0.45313525539621957,0.4729230922745074,0.5955376777816634,0.4794575287774934,0.19735635487603242,0.27302125979678227,0.6270081803226496,0.41296558401204264,0.20200196912395174,0.509998940631115,0.5955518192422584,0.4342200446010901,0.5501445719904513,0.384496175037347,0.48829373405272525,0.46177482343502885,0.14632570015165902,0.4357049051347792,0.29467724028397263,0.7102293181646204,0.5063038092108153,0.0,0.44043841917296955,0.46607698941459186,0.6359302240822502,0.6009664653418493,0.7253794559018456,0.6148245481825871,0.0,0.6279041922584201,0.6509006475235024,0.6198931629182286,0.45050005265339277,0.5879565528633965,0.41331929770612785,0.43181180617568327
0.43929511052810866,0.37967919269308553,0.2050092951889141,0.3821699288089093,0.6739402990952447,0.26185187088108863,0.6923003576563642,0.40696508742880166,0.2371006560917777,0.6132451916540116,0.2822279810456787,0.48151684261006356,0.577201481090077,0.3637437522878492,0.2260366246329181,0.3604533002694292,0.770330577252847,0.2557083348543106,0.22130208202476953,0.287085902719287,0.37959214319788537,0.4608432305548591,0.3807563868443515,0.5386094702265884,0.4607469534495604,0.4381139158312328,0.38143815392364744,0.0,0.1624029041193289,0.45813941347229115,0.47975027313401725,0.43574381570839194,0.48838881383560684,0.029561343470902057,0.29480238328040564,0.5742401722988344,0.31773627813755273,0.38595660980459867,0.36793096561251115,0.2847428114240997,0.6512657850160821,0.4570578490858421,0.28859601163870785,0.20395235664204403,0.2928162105544205,0.5668279021827204,0.2977671922423898,0.46361130148386737,0.0,0.5101640329821369,0.4334411202408204,0.4776548458600352,0.49464984297443076,0.4532493395821575,0.5001264742039038,0.2642918725541509,0.33970350293866974,0.3423964203283391,0.3983557009360758,0.5379106165934956,0.25914540416145015,0.31265570588145475,0.32717802511541394,0.46695095481024035,0.5655162639546657,0.5185032102245115,0.6903583019024108,0.5653183052442116,0.3061979653168573,0.2620186779874321,0.22974489341429455,0.555500794127876,0.45068776715380693,0.42998908182747253,0.18062531424687744,0.44546197195851467
0.2715075113370191,0.5364611423161343,0.416794202191699,0.05809006240367534,0.17027426701751114,0.30279677443484365,0.1682241953870936,0.30646579448902733,0.14493734481462206,0.17342090585405018,0.3359501781137867,0.5121659901119968,0.2097621642384863,0.32182271414241215,0.5871832349335897,0.6114598123455379,0.3309101202769084,0.28154373630352547,0.33960565358697814,0.49048560244502315,0.3524845916966926,0.4618667241642759,0.4259053758114474,0.5639213401980707,0.6102125271681393,0.5046884018045326,0.5081067563709829,0.1624029041193289,0.0,0.47227872841401297,0.427112235607992,0.257343688501523,0.4061878215146913,0.2749854897888695,0.2905050365786437,0.3436111409673752,0.21094073099254418,0.2504870425813541,0.5559555197467588,0.32125109124671974,0.4200068024254464,0.3330804897043481,0.18006429646002411,0.1308303760170315,0.3476405483131868,0.34437315680117214,0.49190046141315363,0.4267365796967058,0.47862923696111753,0.2795602293147531,0.44606596649812247,0.4299662791942422,0.49727557148957924,0.31477565330508805,0.3560881498073144,-0.0319056602188289,0.2650198348891656,0.48519197036777617,0.5815242552319566,0.6548959024703846,0.2828081070417337,0.46911120362124037,0.37236313817845035,0.32394584511794977,0.5542203347557784,0.49511814732347414,0.6468108801204899,0.5566038802315068,0.4637877640711636,0.3094675384687291,0.651348412145066,0.5525213331221588,0.4342742028240043,0.5186467711033373,0.36425314537628195,0.3947422406110014
