0.0,0.0025281624863067176,-0.013318800568726752,0.0,0.011931689308228688,0.023621036264745987,-0.002324763385511519,0.005265617998488958,0.022767506932278525,0.030239696539163807,-0.003517264925362029,0.015186890827133814,0.022236547628671333,-0.0053389032468081354,0.03312744167690135,0.018367451346080865,0.015993553803337557,0.017181541928108446,0.0,0.013439289288801337,0.017089867860887342,0.008913381202399873,0.012497843249919594,0.006098235288276632,-0.00011778008128965345,0.013478727990684558,0.024930798791015618,0.07843861465930102,0.02501469608385709,-0.012140914590947849,0.004082494701298178,0.014428270911650165,0.012965590728158227,0.007328196078436322,0.017348327138115627,0.011362770879346229,-0.001132524341404928,0.03635199356084018,0.0005762606602804365,-0.03623440251780169,-0.02097468621778359,0.0347094151543792,-3.3877660794989772e-06,0.0,0.002975466617043565,-0.03891534540680347,-0.017382168978074652,0.0,0.0,0.0,-0.031216768172549203,1.1102230246251565e-16,0.057403185970692994,0.0,0.04246878042817126,0.0,0.053447483144330454,-0.021309662039974364,0.0,0.012087756416133577,-0.007517169225193576,0.03742158211321106,-0.018239478608537696,0.0,0.015677878180555882,0.02960215258668414,-0.012252198484073162,0.01838663858412881,-0.00485744283854217,-0.015023373725299938,-0.022898374716885717,0.02400480362115809,-0.023830847861381843,0.010358913797908542,0.0,-0.01622027282578553
0.0025281624863067176,0.0,0.006217826363091594,6.75379668935161e-06,0.013006189071118612,0.015569973979958796,0.024040605150367378,0.009975978608439184,0.025054580952042438,0.0049990865667687845,0.008278913635295926,0.03426427739290289,0.03771280872506999,0.004808506045073269,-0.0033281993301014223,0.02073431914118179,0.018048294250628316,0.04529052641963355,0.013387116321502024,0.025085829442780094,-0.007869260737605743,-0.010041664987031684,0.01500380070023688,0.004883145104056019,0.00255355642560684,-0.025838713446265094,0.017106466956154365,0.032487475362907026,0.023781515415812637,0.011854647745203784,0.0015468722835987325,0.006690265864532641,0.009220222898013775,-0.004939652070435729,0.01207957155776207,0.009123923174528259,-0.002173639302348207,0.0,0.01001347124696178,0.01747866530766512,0.003075240661245704,0.008708444481131672,0.005629337371453491,0.0,2.220446049250313e-16,-0.01182560108463454,0.006199824088778616,-0.0006213777171176216,0.0,0.0,0.01066612299639641,0.02251311142231882,0.009486265174902697,0.004614212042848453,0.01029554112711284,0.0,0.001570026264160418,0.021101831899829226,0.0,-0.004417087590217195,0.01632961883643619,0.013147857096505455,0.008732776014385213,0.0,0.009578772938785007,-0.00911176998384794,0.014215276455092185,0.002980021329753557,-0.01604066711982155,0.004723880673890346,0.006337854861675152,0.00242909751225151,0.021982812352576542,0.010030435210499788,-1.1102230246251565e-16,-0.000173717926325756
-0.013318800568726752,0.006217826363091594,0.0,0.019925407049929567,0.0234264021397953,0.04103090715986951,0.059120547525196465,0.023724613209064216,0.011133564281475328,0.015494150193650746,0.03428881288308849,0.01860035741828725,0.05426605076152735,0.058282330979311514,0.006836473809746502,-0.0019009268028011839,0.022074510585579354,0.022628629143879087,0.031126694187228354,-0.007543568934794742,0.02227676236497028,0.002519472584657567,0.024877116323150317,0.022064410414028734,0.01707757452569536,0.034418821086422635,-0.003362085636032852,0.06476252923145659,0.03087223662493438,0.03672156033923024,0.05989595369223222,0.03486572439460589,0.028766342910622633,0.03837923305278562,0.04340180406763405,0.05554619820047718,0.04237737710883449,0.02480949443196634,0.004181152353740558,6.938292651526012e-08,0.012779727723489231,0.004566145620925166,0.05857529391940336,-0.04909691790688803,0.0,0.0,0.000116421428622282,0.04359335339227027,-7.609013169540546e-07,0.03615576587600011,0.01486461537595507,0.0581036756237282,0.041808633720856414,0.04360157116853469,-0.0013793363768512257,-0.017351813585560427,0.016909973942721424,0.057174302651842646,0.032218461941690424,0.00035997430883549786,0.0,0.0,0.0,-0.09483828823567231,0.012259496388033309,-0.00424547219725363,0.0006442773600027207,0.04554660870859528,0.0,-0.0001980240731175309,0.01139124092949162,0.0474411049421134,0.04425940722411137,0.012715005585101802,0.008754497365001779,0.032142304460231585
0.0,6.75379668935161e-06,0.019925407049929567,0.0,-0.00038836243599979503,0.01661203051152821,-0.02246771323711083,-0.04538599153325101,0.028728425031401106,0.00941238932490085,0.08464656731925196,0.030305966084805347,0.026529488752879526,-0.02852163704377958,-0.011180462814469272,-0.0012012316085983632,-0.0020289376528047076,-3.464907972039466e-06,0.026889258196122645,-0.001791928331958792,-0.0010382199633849898,-0.01210127490457863,0.024705076262929726,0.004511064916378982,-0.00011179588856741196,-0.0076528259656221675,0.007714819916062765,0.012746585101447105,0.011260358028349848,-0.007997200568338858,-0.0009482956308390356,-0.024313856959691016,-0.03049741193878497,-0.02245013303200974,0.042308495245876876,-0.026260118750388695,-0.0006238169347450861,-0.016143772886753865,0.010191857775553814,-6.176845094324479e-05,0.01602416213174518,-0.01220073728550114,-0.011183354378828392,-0.005895323495301585,0.0,0.0,0.0,0.0016665908255824036,0.0,0.0,0.015452736922436927,2.220446049250313e-16,7.929903280134987e-06,0.0002961170574493077,5.551115123125783e-17,0.009539103240164437,0.009589323630066482,0.0008252283899809476,0.0,0.0,0.0,0.0,0.0,0.0,0.0,0.0,6.991789642196711e-06,0.017208223010906243,0.0,0.0,0.0,0.00705995975322099,-0.003883986662330363,0.00430606825612434,0.0,0.0
0.011931689308228688,0.013006189071118612,0.0234264021397953,-0.00038836243599979503,0.0,0.0367714978846842,0.030332930812450254,0.00241568489295374,0.020312639354230555,0.05094469659030726,0.055244430235341146,0.027433606485706974,0.03341266106113566,-0.0060467761494109595,0.01872062973818389,0.023520780285467502,0.013715419313480692,-0.025435787043234903,0.01664235055875979,0.019933133674263415,-0.0013096271415770078,0.021425513925131534,0.02993986680467381,0.01738876689876273,-0.007653012749659127,-0.009761112549533435,0.0328723380270049,0.02214290605654673,0.019383001367300423,0.003751879554152626,0.04020540330529171,-0.02118174374231574,0.01876613606647215,0.02799576779394264,0.0553322929783448,0.05655532661153723,0.0012692994744022967,0.03502589018309432,-0.005174226347002486,-0.008280894516463244,-0.007894509542250239,-0.00944949328723188,0.0037372934933878055,-0.007525726581666725,2.2413997394388208e-05,1.1102230246251565e-16,-0.0007396995152853525,0.021809435435809266,0.0,-0.011570324854523584,0.05473440591824946,0.016796698424670076,0.004680562245318098,0.015715735127029007,5.551115123125783e-17,0.014771868503267727,0.01101584815810247,0.003917968151697482,0.0250989704560885,0.008395890624197155,6.123990304651716e-05,0.0,-5.551115123125783e-17,0.01913788812485756,0.008627583392639804,-0.000429956683079713,0.014738320742523459,-0.0016296776454166606,0.0,2.224500396830198e-06,-0.00455077574897822,-0.013403653980354369,0.01058951627441257,-0.00837645281808097,1.1102230246251565e-16,0.008205948399898078
0.023621036264745987,0.015569973979958796,0.04103090715986951,0.01661203051152821,0.0367714978846842,0.0,0.03009240861408924,-0.0017487164915368503,0.008992307415428669,0.035721732227557146,0.0499491399894505,0.0024994701931287944,0.02104270381674106,0.00863684405990145,0.017078025890306103,0.01463287411245029,0.022028579525401215,-0.03494819696885926,0.02622356472428944,0.032838653986826005,0.004321505462750008,0.017494632552365552,-0.0005612660827651883,0.044952984578358834,-0.0096663323515358,0.0012180197464921605,0.018058152077267742,0.021640829083663327,0.02585812052048292,0.007779520802921269,0.0215991959188514,-0.011595743424958949,0.011407662894289738,0.006839629886348175,0.00486636649685368,0.024013468193131937,0.025355800049900012,-0.003140869226936238,-0.020807863641277846,0.013576052153582041,-0.00658094566101558,-0.008135926543059946,0.019671146880480384,-0.06296496689455122,0.004411315896645063,0.005689441808611084,-0.003050583800061124,0.0030578040775095516,0.013172738750946988,-0.0060976683357580885,-0.013053749995518504,-0.0021343285863003603,-0.046209167226091696,0.013072425441822522,0.018379968741160324,0.03064584263426995,0.017179058570456374,-0.0037034114568682552,0.00697790656781444,-0.029479502543657443,0.004468727916715265,0.0,0.0037513179391516216,0.02826096050603011,-0.03707959477250711,-0.023083452689066808,0.010245730429642164,-0.00919370162815114,5.8788780864516e-06,0.006930805913661353,0.02804466061713623,-0.017541581824826458,-0.01601326380866086,-0.02619415633357136,-0.030415568460053777,-0.009652907930006283
-0.002324763385511519,0.024040605150367378,0.059120547525196465,-0.02246771323711083,0.030332930812450254,0.03009240861408924,0.0,0.015490918750188876,0.02376136839502463,-0.032433046689651746,0.08689330209208734,0.008093150427993467,0.016350635784334766,-0.02403820991866945,0.019593557872123246,0.02010511289966932,0.007646003005033319,0.00950222519665489,0.07275183751887304,0.01833678721898463,0.014062733081613488,0.022974958216971042,0.027678012824502385,0.006711667955965062,0.007172041780568794,0.0035631716677694825,0.03513837432074063,-0.0005495952356698863,0.022999938291599686,0.030954211705218393,0.048604844880222986,0.04272040105504288,0.02829520194663271,0.04476049076459754,0.073223376728342,0.04281274339681829,-0.006005767450536603,0.000842898888984811,-0.023335371680552663,-0.009122421484236531,-0.04610804102100319,-0.0033353860326839624,0.012207709427366209,-0.0010257219636188308,-0.009181848662695224,0.0,-0.00016187877066092815,0.01741398181633924,0.0,0.006619256013841501,-0.027669617553169656,0.02204940282788881,-0.0287133093321989,0.012011185358046239,0.006235560785076699,0.016170072016106374,0.004920838650247172,0.013618513661023235,-0.0010904171596584633,-0.05428086287472511,0.012422120586700003,0.0,4.80953892995073e-06,0.005121235566215243,-0.010286300492561684,0.017341065219881158,0.0048769024418211515,-0.019788209871073215,1.068916050184221e-05,0.004041514428388626,0.009017700100844406,-0.02425643993814397,-0.029802826360530055,-0.025415000340432647,0.008511115706591244,0.010508467299447988
0.005265617998488958,0.009975978608439184,0.023724613209064216,-0.04538599153325101,0.00241568489295374,-0.0017487164915368503,0.015490918750188876,0.0,0.05114106399977797,0.009090307357918215,0.03958988944817049,0.010640963942812831,0.01141457453927236,-0.020808001153583666,-0.02839477505244531,0.01081714193683958,0.014307597006805173,-0.008343941327359272,-0.023640545897318233,0.018719203674920082,-0.029128623269870257,0.008441672872291472,-0.001278319771580716,0.0007812412475275421,-0.01726649899431909,0.0011026087157399722,0.0355840956582838,0.032240716482005105,-0.001897764867302032,0.010541931983758301,0.017329917364901304,-0.033133985518799536,-0.000582738318252285,0.0028088310394353,0.00036677522928640904,-0.00438653513575421,-0.0942375116061766,-0.011997745165105766,-0.054686941923171306,0.0038806149663350165,-0.059193617300517865,-0.0647344035835769,-0.0028137219784996614,0.0025282208473582646,0.0,-0.0466036560840522,0.014079526829704536,0.009371674882907577,0.0,-0.00378797711633011,-0.05428636511254098,-0.030034148651279735,-0.07530259155255548,0.019263829344387084,-1.3920242455722764e-05,0.05672864593123944,-8.754231253960132e-06,-0.04317116739894489,-0.08251973356628584,-0.06107550714424115,0.01583710659176285,0.0,0.00040973553610534896,0.00482690490432286,-0.06782169156587675,-0.07647666722225088,-0.062145866393458093,-0.03123403402318986,-5.551115123125783e-17,0.007603832895166196,-0.048281261366894146,-0.05912770212749524,-0.031012959270890372,-0.05570331670639089,-0.061541979266543645,-0.05927287700188011
0.022767506932278525,0.025054580952042438,0.011133564281475328,0.028728425031401106,0.020312639354230555,0.008992307415428669,0.02376136839502463,0.05114106399977797,0.0,0.02089817217888945,0.04899306871548198,0.03594958308824031,0.029978095187074782,0.055148341589884575,0.030594891437377758,0.048179610448675414,0.017477816171899363,-0.054857162032872775,-0.002893499186789994,0.026395985363779628,0.021520878657626807,0.024116098431166022,0.05040743198988035,0.02417677204629598,-0.004990291287887916,0.007263426944667639,0.03219548150728463,0.05231681293376245,-0.0038197365927277738,0.05486832063741315,0.04363583323664472,0.023309494478303827,0.02152842387984588,0.02863578460247057,0.0416265291519165,0.05200858992374302,0.037092725508751534,0.01861130830843244,0.026629870302367076,0.007036645789573193,-0.004889020561433144,-0.0006737060895453673,0.08149729797326988,-0.03067229533648358,0.014284956157009254,-5.551115123125783e-17,0.01529001075419717,0.041214778342834824,3.655405604319206e-07,0.009326319310390296,0.03956628713127597,0.025710271461000578,0.05865459057589406,0.038930120448301686,0.024517640064197654,0.07757411861309049,0.01567563920674009,0.026642039905455883,0.004274942031766926,-0.0029250225047559586,0.00143617541132407,0.0,0.0,0.025493253531365,0.0007914542609502306,0.0013529677067781742,0.0017677758278745737,0.04001143531790319,4.498825688703523e-06,0.014274986441120185,-0.0010089121316208538,0.021460149190856925,0.0033547987532592805,0.010355018364406499,0.01532210419398905,0.006270405938353263
0.030239696539163807,0.0049990865667687845,0.015494150193650746,0.00941238932490085,0.05094469659030726,0.035721732227557146,-0.032433046689651746,0.009090307357918215,0.02089817217888945,0.0,0.04061382189668322,0.014318310951501989,0.01968137591287067,0.03563367484585961,0.015232749390384326,0.023156749581449698,0.048395225945723985,0.028561896973307244,0.0464963130320854,-0.008604038220135835,0.041563313942571456,0.005196289482250482,0.01764390297931029,0.04286969248133238,0.015037072805361207,0.034277362243175236,0.007988407370979167,0.02715168293534659,0.018257618563838562,0.020467521358300655,0.03874337280092327,0.03325718136715122,0.020278287058706768,0.03215733815290733,0.05992894178380204,0.11657856128426086,0.0026884840154993705,0.041489022966246736,0.022897907864985023,-0.011411138556603029,0.020781255492718753,0.03341214499814349,0.060254657211842755,0.008939351427266207,0.05096739762031943,0.016446194858543983,-0.0031790716002441655,3.993839963889467e-05,2.075589940642164e-06,-0.0011145193212666604,0.017078944305977672,0.058090495637671324,0.0034667698371789735,0.02258709919918378,0.01047102976850639,6.940898164153886e-05,0.01750881003264937,0.02025240297629649,0.0,-0.0008117045401976886,0.0009979910513947532,-0.02373920574994215,-0.007111069707414541,-6.822572902187574e-07,1.1084956948514968e-05,0.0001058193918321848,0.010506090392547185,0.00900050436119243,0.03487205949671912,-0.002158752488243487,0.004128280551034702,0.00816234362792534,0.014531308843859225,0.026572428089076894,-5.551115123125783e-17,0.01331684948286388
-0.003517264925362029,0.008278913635295926,0.03428881288308849,0.08464656731925196,0.055244430235341146,0.0499491399894505,0.08689330209208734,0.03958988944817049,0.04899306871548198,0.04061382189668322,0.0,0.04890430203457047,0.06907813727035145,0.03373554903990883,0.0,-0.00023639691994697953,0.04640343823154125,0.03714397683907261,0.025406523450662577,0.0001300261053704399,0.01602666504429867,0.004498466586591809,0.04989867330753078,0.04104213622135594,0.021629338971138334,0.0072725179995711264,0.04988876205764475,0.05970571396928531,0.012539269526906871,0.0014005430567667898,0.055716131389672685,0.020085111880425555,0.04903415032611469,0.04321754304871195,0.044677016573372974,0.10594957562776802,0.065174135760795,0.009012717960820538,0.01963045826027715,0.009707587223876213,-0.005464592782470079,0.008614477482121075,0.08244834482678998,0.0115102100145405,0.0027611312188279835,0.0,1.1102230246251565e-16,0.1374267108756969,7.078247016290007e-08,0.027384009606622794,-0.0013701812998472285,0.020476268116099317,0.10805427772392795,0.11653427658206944,0.020922194313888143,0.00820601723390818,-0.03644837411795865,0.07306513972357903,0.017635110034337653,5.551115123125783e-17,0.0,0.0,0.0,-0.03923561957987065,0.008532978490522758,0.0,0.00025588856499253465,0.08898106462455557,5.551115123125783e-17,0.0,0.0007692791051844283,0.08125511570501587,0.0033893947306747885,0.008290533820400459,0.0,0.012568401653387073
0.015186890827133814,0.03426427739290289,0.01860035741828725,0.030305966084805347,0.027433606485706974,0.0024994701931287944,0.008093150427993467,0.010640963942812831,0.03594958308824031,0.014318310951501989,0.04890430203457047,0.0,0.031151185553599303,0.029539290288943698,-0.011387560099241079,0.042327176486596674,0.0332225328774578,0.0021629170622667893,0.03410469688151002,-0.010336203579061953,0.005297481353915223,0.00024311357729933647,0.005700808802302393,0.027977684696340044,0.016076326166334476,0.03722803766410876,0.020776099634124523,0.04646969984707222,-0.002168671018628998,-0.004636679019670964,0.035542284189959916,-0.008276475677610584,0.009791438812678743,0.06506839453430563,0.039858669385676004,0.06544829874275387,0.006336803421960691,0.02033957988358484,0.11158414993532217,-0.0008474561918972445,0.04820523864021409,0.0630853981481892,0.14214126707446328,0.014861213623811376,0.04375205106286145,-0.03713871004253522,-0.0046190846905120875,0.009549219813871523,0.004326282719342156,0.007596536950161603,-0.00880138864480473,0.0002656869231673076,-3.594062754658234e-05,0.008964484298008502,0.013062707597456813,-0.011592433513087086,0.025856483360789717,0.01906633295518373,-4.4721917680790035e-06,-5.8850811843202955e-06,0.006254816144798669,-0.01005448943866738,0.005772941197776216,0.009466587214554345,0.006459866001936487,0.008248377858488032,0.0018026804260094509,-0.007563128980687506,0.025664413586289125,0.009830021635777064,0.012015366632790847,0.02636306281276557,0.03555528400697605,0.004791176402984321,0.0,0.009858348908599768
0.022236547628671333,0.03771280872506999,0.05426605076152735,0.026529488752879526,0.03341266106113566,0.02104270381674106,0.016350635784334766,0.01141457453927236,0.029978095187074782,0.01968137591287067,0.06907813727035145,0.031151185553599303,0.0,-0.02412088876061841,0.030926192911803874,0.028667911109121924,0.011160821773663065,0.03306358378416607,0.06111560423946266,0.017914714428034217,0.011412054165968577,0.027143931523069265,0.028934149199439374,0.01548500030502481,0.025233401686491352,0.012381688710229988,0.040710710832592756,0.008930231656710808,0.00822888484367662,-0.0214446439397587,0.007477246115424163,0.029573596585799278,0.036175612924880085,0.008406438125276472,0.029862454076102996,0.031464792807071984,-0.0017990258230758949,0.033034014921275945,0.008116681223105437,0.02397149459636727,0.02864405120401403,-0.026503167354279322,-0.0009106103023518441,-0.020063043143733195,0.009336245927899056,0.03110086232205833,0.006064162012442587,0.02297185188933515,0.0,0.004931884793155872,-0.014447966545759972,0.011875258191428761,-0.02772927090376648,0.020107023128497215,0.03282233337884499,0.010377756415018202,0.04988582300607308,-0.010359209370720268,-0.010799698726879914,-0.02102635620222465,0.0038050804526804094,-0.0025296342385743853,0.008920690657918506,0.012298774467207174,0.005364990411136916,-0.05083447935969321,0.00513841193909087,-0.013704830810289559,0.009048978355476467,0.01137560129253129,0.013768080387052628,-0.01860704236205807,-0.013990143583056891,-0.016218483676309348,0.016571724529811926,0.011587903435835378
-0.0053389032468081354,0.004808506045073269,0.058282330979311514,-0.02852163704377958,-0.0060467761494109595,0.00863684405990145,-0.02403820991866945,-0.020808001153583666,0.055148341589884575,0.03563367484585961,0.03373554903990883,0.029539290288943698,-0.02412088876061841,0.0,0.010366813409214248,0.0013899327133035655,-9.511108917559241e-06,-0.00024650748295956815,0.05807059393999464,0.007061587708550476,-0.008373334177480318,-8.304319437907326e-05,0.024586929556455694,0.013299153387773599,-0.017655699813002135,-0.00244757182226224,0.036233498023275634,-0.05179873267956914,0.024027462433204194,0.013975259369307769,-0.00555600249102306,-0.028101424292810845,-0.042647870115575415,0.030982608020919955,-0.004358770247877286,-0.01041779678680374,-0.007553844736084309,0.010853493323453312,0.055236172358102686,0.0,0.003220414581807496,-0.0007855996074583316,0.08115726689140562,-2.0374725262506388e-07,0.0,0.0,0.0,0.022117270514348586,0.0,-0.00243940597032144,0.029250977052588834,0.0035532646981397686,-0.04627186242963233,0.03983023123918894,0.0,0.040545430889600775,0.018825995380272964,-0.011794914961271052,0.018274290715601216,1.1102230246251565e-16,0.0,0.0,0.0,0.019184569894450276,0.0,-1.1102230246251565e-16,0.0,0.03018540679377074,0.0,0.0,5.551115123125783e-17,-0.048272502721916355,-0.00014015639439068917,1.1102230246251565e-16,0.0,5.551115123125783e-17
0.03312744167690135,-0.0033281993301014223,0.006836473809746502,-0.011180462814469272,0.01872062973818389,0.017078025890306103,0.019593557872123246,-0.02839477505244531,0.030594891437377758,0.015232749390384326,0.0,-0.011387560099241079,0.030926192911803874,0.010366813409214248,0.0,0.0015495750630060146,0.005099865197945919,-0.005188928095535117,-1.1102230246251565e-16,0.036744849355684894,-0.0024512762305649582,0.021323594317958217,0.03668750923121478,0.013404693091486675,-0.015443860874118032,0.025499469886041626,0.018381447320841182,0.019336093416855937,0.018440037422117417,0.01716203459996607,0.016462027779267974,0.0024608832582117546,0.012090135151268777,0.006588057436207551,-0.0010651360380142805,0.016774048135075048,-0.004519706922835431,-0.00028430517401667466,-0.014340899787828099,-0.01123498049599192,-0.011751442339789031,-0.02442710479663912,0.04413106908158587,-0.008506325311516183,0.0,0.014119012300985001,-0.0023887083239082507,0.003923356659612687,0.0,0.0,-0.020748556728120926,0.009569159963175589,-0.025444039503854043,0.0030237958712046598,-5.551115123125783e-17,0.0,-0.02169377586088911,-0.03691711731046532,-1.1603057135101125e-06,0.009124569257509318,0.008990174756312974,4.055818300074954e-05,0.01156977364452294,0.0,-0.006761533556018551,-0.002700316036337136,0.016454084431201277,-0.006223395733270909,4.194969479448529e-05,-0.0012969344734162225,0.017331837780076853,-0.01046769662413144,-0.004547618884782778,-0.01104469882799275,-0.04003859968596957,-0.011593672195705895
0.018367451346080865,0.02073431914118179,-0.0019009268028011839,-0.0012012316085983632,0.023520780285467502,0.01463287411245029,0.02010511289966932,0.01081714193683958,0.048179610448675414,0.023156749581449698,-0.00023639691994697953,0.042327176486596674,0.028667911109121924,0.0013899327133035655,0.0015495750630060146,0.0,0.018396618527324438,0.018919142428159508,0.00040218640711303655,0.0068960745501951415,-0.002246994189445184,0.02055705426152482,-0.007803663579773079,0.007184473288808391,0.03113540944021792,-0.00042268571703735214,0.006345559306769111,0.03215934154065653,0.011702781912600435,0.0034559109449834313,0.007143474018109053,0.002502589481856332,0.009136750507639069,0.016494886264424025,0.025167334457558366,-0.0014158523365011,0.0047550000550657945,0.026470710672324316,0.024654348183417496,0.016726230933194253,0.016147206283449234,0.021663458304346073,1.5129501210742191e-06,0.0,0.0,0.015808763808716153,0.0172578787200362,0.0,0.0,0.0,0.007001026797016141,0.011668302852655521,0.01767784083313395,0.0,0.023669181261517624,0.0,0.02818615801614538,0.010716163122487965,0.0,-0.006209253073589882,0.02501338251968588,0.031136435054454792,0.01615453250420179,0.0,0.008317028180745423,-0.004444982873329895,0.01657620610462468,0.012123385779547635,0.020586714009098506,0.017888601443965257,0.011819390125025364,0.012589973332949644,0.02818598745580425,0.012172562577071833,-1.1102230246251565e-16,0.014620763015987415
0.015993553803337557,0.018048294250628316,0.022074510585579354,-0.0020289376528047076,0.013715419313480692,0.022028579525401215,0.007646003005033319,0.014307597006805173,0.017477816171899363,0.048395225945723985,0.04640343823154125,0.0332225328774578,0.011160821773663065,-9.511108917559241e-06,0.005099865197945919,0.018396618527324438,0.0,0.024236884986731932,0.009631323312065565,0.011041101599443937,0.024902194500971142,0.011510212272781317,0.013461908128121092,0.025276150162738265,-0.0036036905866135838,0.0055168313040341865,0.01613116027502859,0.021413831793013982,0.005221327018264055,-0.0026351031200228525,0.03521439495819517,0.03099765182530073,0.014827162378551362,0.02976630031214028,0.04783894347265588,0.051124488617201314,4.195369830983786e-06,0.04789854007438549,-0.01264386559661751,0.011089252489604406,0.007041024711486654,0.015469573473025133,-5.551115123125783e-17,0.0,0.04002311292005889,0.0388579334362259,-0.0038283026780770446,0.0,0.0,0.0,0.0,0.0,0.0,0.0,-0.004707956531049828,0.0,-0.0007857487382006978,0.005436763251093657,0.0,-1.6900958107690656e-05,-0.003175624246240738,-0.029339907132266085,0.0004698278212769691,0.0,1.1102230246251565e-16,0.0,-0.012375981002017922,0.0,0.018624169491269216,-0.00017150557769379793,0.00979694312144741,0.0,0.003654700397571209,9.117897417421084e-06,0.0,0.009873718349716676
0.017181541928108446,0.04529052641963355,0.022628629143879087,-3.464907972039466e-06,-0.025435787043234903,-0.03494819696885926,0.00950222519665489,-0.008343941327359272,-0.054857162032872775,0.028561896973307244,0.03714397683907261,0.0021629170622667893,0.03306358378416607,-0.00024650748295956815,-0.005188928095535117,0.018919142428159508,0.024236884986731932,0.0,0.013438558193886119,0.013084759516963473,0.00483332241601675,0.04064600730477569,-0.021757436652818207,-0.010472437828657533,-0.005495712165940636,0.0029075072012970105,-0.011624117274738388,0.036449466560945554,0.004498056600411693,0.015366163894375673,0.01568442741298931,0.01214771423530836,0.001522826889682305,0.015152539139748677,0.019921629692852882,0.011959885048273777,6.992150220208604e-06,-0.0106982447925269,0.024860045155150834,0.006227120386667839,0.008105567665109392,0.028279050960442642,0.0,0.0,0.013917939760184794,-0.00182838212594727,0.02845227168948561,0.0,0.0,0.0,0.012540878453801196,2.9488142102296333e-05,0.0009950220610637772,0.0,-0.0003867655338725684,0.0,0.005931831043095748,0.01503948634259994,0.0,-0.043165838541209645,0.02976650122778257,-0.015296526152622059,0.0028204155686666343,0.0,0.01940628151596563,0.006592350991330265,0.02849029521616714,0.013772425300461522,0.0011253359086920156,0.00729309667356054,0.008720295443241877,0.001022305615430874,0.01210544457202789,0.023961765002094626,0.0,0.011473006385404216
0.0,0.013387116321502024,0.031126694187228354,0.026889258196122645,0.01664235055875979,0.02622356472428944,0.07275183751887304,-0.023640545897318233,-0.002893499186789994,0.0464963130320854,0.025406523450662577,0.03410469688151002,0.06111560423946266,0.05807059393999464,-1.1102230246251565e-16,0.00040218640711303655,0.009631323312065565,0.013438558193886119,0.0,-0.0009253635339656063,0.011084444011418115,0.012032115159610668,0.019950969885197067,0.01865474496063596,0.021186911600605984,0.015573243132989911,0.038635734974036384,0.05573665370143693,0.03159994682041001,0.012103027234683261,0.04925373447035536,0.034208231944561907,0.0021920844176819276,0.04004639496363721,0.02534301039375897,0.08617578359182815,0.05380114361414384,0.0009720193314990966,-0.007303408957263613,-5.423457535458365e-06,-0.006868132043355291,-0.0075874921515414195,0.011919537139357894,-0.019753519639844175,-2.2270264839474585e-06,0.0,0.0,0.12646135749566445,-5.551115123125783e-17,0.005973992192162769,0.02154223515719933,0.018302155813602283,0.033201721353093294,-0.026504458233734374,0.00026826576945893077,-0.12510332305477362,0.011957575337959547,0.02200521122436705,-0.002791903419780306,2.220446049250313e-16,0.0,0.0,0.0,0.1438937057884691,7.848743025617999e-06,0.0,-0.0002647139864198622,0.042570098340279916,0.0,0.0,-5.551115123125783e-17,0.015472364727024734,0.006589102768159272,0.020131580394541493,2.7058998812612423e-05,0.020451690827473334
0.013439289288801337,0.025085829442780094,-0.007543568934794742,-0.001791928331958792,0.019933133674263415,0.032838653986826005,0.01833678721898463,0.018719203674920082,0.026395985363779628,-0.008604038220135835,0.0001300261053704399,-0.010336203579061953,0.017914714428034217,0.007061587708550476,0.036744849355684894,0.0068960745501951415,0.011041101599443937,0.013084759516963473,-0.0009253635339656063,0.0,0.014101351867748302,0.021224637510941724,0.014423258329494926,0.011933698132855775,0.04022307149839277,0.017032303674747007,0.03675063930887251,0.02281843305019493,0.027835117066976556,0.017160143726867805,0.02750475746458042,-0.0069741031318766855,0.014186491797070211,0.0033290552751464864,-0.012242126453918478,0.005337556227512086,0.005651385922662844,-0.01249720930609377,-0.016232559247636558,0.008683890452742149,-0.04030360149428386,-0.05177455548340126,0.01536096621648908,-0.008264664279324596,0.00042619748421240944,-0.016068220164829505,0.0285201454583367,0.016842684908370265,0.0,0.0,0.019558094905533008,0.016600617126261707,-0.039830564006415936,0.0017631241756921323,1.6582691403643768e-05,1.1102230246251565e-16,0.011229686510691783,0.013114161606362362,-1.1102230246251565e-16,-0.029237697092381332,0.013733235566984248,-2.406777120544934e-06,0.022756768266108174,0.0,-0.009464211150566337,-0.03614953474909138,-0.02867348425340316,-0.015816283361659966,0.0,0.009861485790656488,-0.005018682833175525,-0.00740483763044214,-0.0033698692057249624,0.006656323790319996,0.006310893422953601,-0.013264536216245959
0.017089867860887342,-0.007869260737605743,0.02227676236497028,-0.0010382199633849898,-0.0013096271415770078,0.004321505462750008,0.014062733081613488,-0.029128623269870257,0.021520878657626807,0.041563313942571456,0.01602666504429867,0.005297481353915223,0.011412054165968577,-0.008373334177480318,-0.0024512762305649582,-0.002246994189445184,0.024902194500971142,0.00483332241601675,0.011084444011418115,0.014101351867748302,0.0,-0.012640523263116155,0.005302744805593229,0.012191151973531489,-0.018172767427412806,0.010397151096120605,0.009785508976303148,0.02322508309520127,-2.889172382736227e-05,0.01462882608656596,0.006796954394355237,-0.00892720095600702,0.0030811026682572296,-0.018800518860055293,-0.005046655873103212,-0.01658810095729374,0.015823263822435596,0.012442570928861363,-0.05148702489800133,0.00899848848261281,-0.05225020261851154,-0.03143221777961519,0.006901323187863351,0.0,0.0,-0.08050187335177172,-0.001406597966394918,0.011706802686147877,0.0,0.0,-0.03389756766180624,0.006164960263637442,-0.13010782273121327,0.006538349663393672,0.0051438856126549415,0.0,0.011744858549014137,-0.0496512065488533,5.551115123125783e-17,-0.051410234543979416,0.0030314048393370596,0.0,-0.0030043084963384814,0.0,-0.05037543203553685,-0.06947794763398712,-0.02016065773334602,-0.04925579385780482,0.003408158255214788,0.0019668564834607327,-0.00823845246697369,-0.04599244511379613,-0.03914973938339755,-0.05077981443318069,-0.00829659010287942,-0.02888435459896832
0.008913381202399873,-0.010041664987031684,0.002519472584657567,-0.01210127490457863,0.021425513925131534,0.017494632552365552,0.022974958216971042,0.008441672872291472,0.024116098431166022,0.005196289482250482,0.004498466586591809,0.00024311357729933647,0.027143931523069265,-8.304319437907326e-05,0.021323594317958217,0.02055705426152482,0.011510212272781317,0.04064600730477569,0.012032115159610668,0.021224637510941724,-0.012640523263116155,0.0,0.035281085106857124,0.014446927571355128,0.022652425581742963,0.0013821101858056406,0.016975289023942686,0.03682181855406902,0.019110054526386255,0.010454118074356145,0.0068554382962771054,-0.01370188403746736,-0.013303918512896584,-0.001838337510281618,-0.01211479366808127,0.00041975752276907086,-0.001853602997065107,0.017235717611755186,0.00972642690844222,0.011532829916602982,1.4012503886884353e-05,-0.011387824373862654,0.019338888710905777,0.0005381761807738972,1.7593539101468103e-05,0.0027723893319547277,0.02063911440305627,0.002902475909473179,6.380378863579672e-07,1.961624610524737e-07,-0.0024314007118469427,0.018978092924224532,0.00031284091603484,0.012000580536486227,-0.009955916254552666,0.0,0.003177793726112599,0.013113985307844744,0.0,-0.007676861266363633,0.022829898843945817,0.010227246391381006,0.03590551989657742,0.0,-0.01718276433661714,-0.01073275658184386,0.0023412941476680937,-0.016775687401693162,-0.009422737610164433,0.01905719025649777,0.015551523292527014,-0.00868888666952955,-0.0008359523412062586,-0.01504733990588919,-0.0018253062572137213,-0.0025529608783686486
0.012497843249919594,0.01500380070023688,0.024877116323150317,0.024705076262929726,0.02993986680467381,-0.0005612660827651883,0.027678012824502385,-0.001278319771580716,0.05040743198988035,0.01764390297931029,0.04989867330753078,0.005700808802302393,0.028934149199439374,0.024586929556455694,0.03668750923121478,-0.007803663579773079,0.013461908128121092,-0.021757436652818207,0.019950969885197067,0.014423258329494926,0.005302744805593229,0.035281085106857124,0.0,0.0031707751442880405,-0.03559035336760907,0.012132958058453325,0.021142755496718013,0.0319348359302668,0.02087399102938653,0.005358028841974283,0.01657609081578626,0.006934029439171152,0.01685953580432825,0.010485558219486657,0.005467650315524264,0.04911528969607398,0.016412562503284267,0.01994182880538614,-0.03220493936171892,-0.027773902752184554,-0.03222037545192963,-0.024185787037302953,0.04248569509226274,0.010652654916216753,-0.004244697121185581,0.031122310889602545,0.011027652301701107,0.05827980609048178,0.010109731642890363,0.07852928830554373,-0.01517987508539037,-0.0023433826894279086,-0.055455438835197046,0.03738627431074715,0.003003803656930981,0.03900412980235962,0.04791660965544775,-0.01698493030032905,-0.03765976557658668,-0.01069493498618912,0.00584316762792042,5.85475151981818e-06,0.010987694543761917,-0.10819958001691399,-0.017014275430796977,-0.04493820348233346,-0.00609373538228597,-0.002278713614583705,2.2563046673085285e-05,0.00849346239390647,0.01110937437806725,-0.03153119026320261,-0.02342961976664537,-0.02035181575111311,-0.030633838976350414,-0.0201226917965584
0.006098235288276632,0.004883145104056019,0.022064410414028734,0.004511064916378982,0.01738876689876273,0.044952984578358834,0.006711667955965062,0.0007812412475275421,0.02417677204629598,0.04286969248133238,0.04104213622135594,0.027977684696340044,0.01548500030502481,0.013299153387773599,0.013404693091486675,0.007184473288808391,0.025276150162738265,-0.010472437828657533,0.01865474496063596,0.011933698132855775,0.012191151973531489,0.014446927571355128,0.0031707751442880405,0.0,-0.01287136942626943,0.014406409157538547,0.03218327807278243,0.03063929060028525,-0.004331611092434573,0.011916171384828256,0.036589782804167914,0.03793468568077951,0.022225977301177313,0.07157363977373304,0.09241412509420299,0.07282875474815814,0.012487453180046848,0.03277261847485649,0.053417003651961004,-0.03611696780991247,0.00704461838263909,-0.010942115876856784,0.02472068961536622,0.004242025508758462,-0.043423964892992384,-0.025667791108850813,0.019651797957283612,0.0,-5.551115123125783e-17,-2.3125195899809103e-05,-0.002144261428950578,-1.9816029059538387e-05,-1.6653345369377348e-16,4.119555532172692e-05,0.011669517944159491,3.0305727475532507e-05,-0.004072975828063485,-0.01633499698034302,0.0,4.1972880072072005e-05,0.0025498488906032235,-0.006490498553014312,-0.004154785859120991,2.8180960574553104e-06,-0.0003816631147314786,0.013611508327727895,0.0053134917148573435,-9.70599140823758e-05,0.02494406370828256,0.0031157775916155206,0.008507593630958987,-0.0018911595413738658,-0.0083335575486157,0.01805745427837313,0.0,-0.0013679689647429494
-0.00011778008128965345,0.00255355642560684,0.01707757452569536,-0.00011179588856741196,-0.007653012749659127,-0.0096663323515358,0.007172041780568794,-0.01726649899431909,-0.004990291287887916,0.015037072805361207,0.021629338971138334,0.016076326166334476,0.025233401686491352,-0.017655699813002135,-0.015443860874118032,0.03113540944021792,-0.0036036905866135838,-0.005495712165940636,0.021186911600605984,0.04022307149839277,-0.018172767427412806,0.022652425581742963,-0.03559035336760907,-0.01287136942626943,0.0,-0.009866476002909463,-0.015323995219954811,0.026520953542087222,-0.00781746188684923,0.09661385294954278,0.010478694838128244,0.01289388278525827,0.003865487065241202,0.012919939397537161,0.017809488348623337,0.026596721449949845,0.0017571314108207892,0.041085984805934395,0.011904074711231227,-0.0012149321562449078,-0.0013906396263552168,0.007379146000237924,-0.002453340779253965,-5.551115123125783e-17,-0.0014752132810346708,-0.013150358715304511,0.008838857582173454,5.551115123125783e-17,0.0,2.220446049250313e-16,0.01725307240701951,0.0166654011332919,0.05380256738640399,-0.0011235292997461288,-0.00995265625767816,0.0005050935364268039,-0.00018417304514223298,0.01049916749209523,0.0,-0.02473119525917583,0.014829455677119852,-0.02221937151619391,-0.009795404832860954,0.0,0.019294945038644096,0.0012410054391391867,0.014320657945221749,0.0266609688461103,0.010412265350940475,-0.004573096543976085,-0.003018592475153292,0.015410088827541246,0.010512381019840256,0.024950381559164347,0.0,-0.004210036373271442
0.013478727990684558,-0.025838713446265094,0.034418821086422635,-0.0076528259656221675,-0.009761112549533435,0.0012180197464921605,0.0035631716677694825,0.0011026087157399722,0.007263426944667639,0.034277362243175236,0.0072725179995711264,0.03722803766410876,0.012381688710229988,-0.00244757182226224,0.025499469886041626,-0.00042268571703735214,0.0055168313040341865,0.0029075072012970105,0.015573243132989911,0.017032303674747007,0.010397151096120605,0.0013821101858056406,0.012132958058453325,0.014406409157538547,-0.009866476002909463,0.0,0.005655539266242182,0.008976114617404995,-0.005436744695579643,0.005824893800459141,-0.006511398914300415,0.0052484278054205635,0.0048401962627739326,-0.00678171863156285,0.010748590735947416,-0.030008029349678778,0.0022252338179276077,0.029239111641175708,0.013506199386764561,0.0013185917538978131,0.002892514282054448,0.00572457672293053,0.022822039150933005,-5.50247812791671e-06,-0.008233539105832022,-0.003556972382006751,0.0099683838142271,0.010243524184031905,0.0,-4.586275117457461e-07,0.0025600424918118536,0.01691873871916949,0.010685302793563112,0.011483060331860306,0.005274540987824428,0.0,0.008803759786042586,-0.007636437278985386,0.0,0.011110235779789535,0.01547061452130477,-0.004155532555306984,-0.004031344086110722,0.0,0.0021657419921921606,-0.014952986283025271,0.013749448548102061,0.010528062618133882,0.01145717861036849,-0.0015401847090534826,0.007200042243690918,0.012038058869103474,-0.006424283483130455,0.01402303789285192,0.0007848969821787066,-0.0009672196446219306
