0.0,0.019275096415619142,0.029405929621340476,0.0,0.014311896463324814,0.05429674662964329,0.025124536786658935,0.038445633496750675,0.02897301831848753,0.05030223105762005,0.02304364664502917,0.03402835456972253,0.033602593349723875,0.02198248784451795,0.02103298782602231,0.001639385472179733,0.05577839687788433,0.018737120306833777,0.0,0.046236422875035155,0.0363127453865687,0.013783172880897143,0.05030417829090683,0.008135408332346106,0.02641280997032791,0.02773893426164792,0.06831245457390422,0.03482199617934084,0.023731874583390544,0.02293904474136904,0.03165014305189129,0.011846902776467105,0.017700353715868145,0.015972634669052743,0.012917849420771454,-0.004977988855847881,0.0005899252904291163,0.03127635904899184,0.013945065622058384,0.01737511645987999,0.022025163921503055,0.01640667294668452,2.2783287616234826e-05,0.0,0.02475154913063171,0.04577138961739052,0.04281930643189141,0.0,0.0,0.0,0.033650304185112,1.1102230246251565e-16,0.04843406538727335,0.0,0.07280083652136221,0.0,0.048553515573089956,0.011253622580535527,0.0,0.02152242709741481,0.022391041227937336,0.037207145291067,0.06144018488221714,0.0,0.027759738583686744,0.0648176876812267,0.020560579475122964,0.03197081388786721,0.0978964510026818,0.05225558895280408,0.031059197625749435,0.05283903015739416,-0.0002627868705923908,0.047073060575650416,0.0,0.011595540644597557
0.019275096415619142,0.0,0.02602447001420133,-4.542040060123709e-05,0.01428242150349146,0.01635566374981423,0.0335964963501067,0.02021807814930865,0.022118004394382607,0.03833786739810713,0.02306576566132762,0.023336415462177962,0.04295430228805586,0.010294173367345893,0.023857323086431015,0.021243438408367288,0.00652542077553836,0.027430375900574844,0.014078482712180485,0.03707021874537947,0.013547933587950811,0.025054723768477893,0.02820602815259521,0.03259410438858379,0.011364216852953524,0.018085312559942057,0.031378973999944326,0.030655692426240055,0.03006992813117515,0.007679916663247632,0.029475856587629135,0.00918710706110809,0.02650160299553822,0.03416215932367972,0.023438224425674337,-0.009476668847537728,-0.001280679100723603,0.0,0.01766635338860284,-0.0004384276446612323,0.01929177595887349,0.01702583062323476,0.005769130353639629,0.0,2.220446049250313e-16,0.0347900661359295,0.0351450706165779,4.0810071478381005e-05,0.0,0.0,0.04140743109225353,0.02487872110749878,0.006991071911200408,0.014362618288325024,0.015733475158267285,0.0,0.02073724386676501,0.02648960864716754,0.0,0.0194511142514448,0.01847280371116311,0.02925631245749144,0.044948018013230395,0.0,0.021389707744812192,0.03533417651284426,0.018339857365697154,0.026572058574621638,0.0360356933906128,0.03159751740862582,0.025100397844047384,0.021881300759684086,0.015485510316061046,0.04278554921057948,-1.1102230246251565e-16,0.017319740083245605
0.029405929621340476,0.02602447001420133,0.0,0.05407711826515288,0.054132113423037365,-0.006824097536739404,0.06175250784423564,0.07771904191015827,0.01483934019342753,0.057676196657334255,0.023412641822641078,0.04525974914144376,0.06548978803693478,0.0568360875829631,0.02677557752623827,0.044473482918841345,0.0341274185977844,0.021313070068855633,0.03630117856658499,0.06181638013772062,0.04911082730274913,0.037611927946069046,0.017458325450148637,0.041717540041143863,0.0315866101015177,0.04204827119988053,0.016545590910357455,0.060105700721710786,0.0784711832161587,0.058012710603427164,0.059369316682674866,0.05226853075254645,-0.013040188358365123,0.06626090970270576,0.051669292591676685,0.07017673517928386,0.06138219206324058,0.04916204623161885,0.03769802373628012,-4.666116650842156e-07,0.04889130930604402,0.058984434046944534,0.05910034331730801,0.02733895196185243,0.0,0.0,-0.00010013118955920497,-0.08352230081724821,5.117187297232206e-06,0.14157796707964387,0.05964993599051083,0.06831626179144323,0.07442470237506327,0.07122608873536318,0.00017522852035989356,-0.03048453469167578,0.03289020495898837,0.06161349328384036,0.05543599008239242,-0.00018514163912164427,0.0,0.0,0.0,-0.05364947100448042,0.009846450006152196,-0.004171571433617016,-0.00028850952890419057,0.06479606384406755,0.0,7.384157365042388e-05,0.026449471039712347,0.04915535784239922,0.03786534708289391,0.046953471172894334,0.006960070093907977,0.04956711674949088
0.0,-4.542040060123709e-05,0.05407711826515288,0.0,0.03854884689103111,0.016037880577040087,0.004391193811194294,0.029575171704801506,0.06444904435577015,0.03315912803748483,0.03207960954979655,-0.009087415817128908,-0.0015659581245648369,0.004241526249396221,0.03534434259362501,0.0006940264148966868,0.015942888734565175,2.3302079611764448e-05,0.045903304117292265,0.03004349966637232,0.0007954818345390358,0.0049741258675561895,0.013973161546286306,0.016787718063443813,0.0003670462677721198,0.030771508185527485,0.026088810239988713,0.06307688249727744,0.021910665928185302,-0.014605015217903083,0.0009972326409720123,-0.002898210393070144,0.02073140635866466,-0.006979158443474853,0.0644500269729325,0.01199133411577899,0.023534581588310843,-0.007008747514184677,-0.023451148012812117,-0.0004650302224451508,0.015563437938999669,0.010098028547467164,-0.02999404929807792,-0.0007081928878729937,0.0,0.0,0.0,-0.0008850576444979219,0.0,0.0,0.012407637522144577,2.220446049250313e-16,-5.3329912089228326e-05,7.430130933017143e-05,5.551115123125783e-17,0.004083132561213398,0.024362277018207312,-0.00039295443587633594,0.0,0.0,0.0,0.0,0.0,0.0,0.0,0.0,-4.702094260050638e-05,0.040423409446030845,0.0,0.0,0.0,0.03561383548008895,0.0017790420661552009,-0.0011257524017033171,0.0,0.0
0.014311896463324814,0.01428242150349146,0.054132113423037365,0.03854884689103111,0.0,0.03865702755724176,0.014432009076010444,0.07089820055096052,0.04757773267773352,0.030838998966007614,0.05201501150327581,0.03559746596426022,0.04507236986137986,0.05451361124519488,0.014630846122706376,0.008680274568721058,0.021396793232084654,0.01783697544282814,0.08043773986661978,0.0266722317589142,0.051676832041746446,0.015290782119005697,0.05522468127400876,0.007395599294844124,0.012736386515611708,-0.009176107310306714,0.04031293587833562,0.08225730265427117,0.006408510396465672,0.03165022957594349,0.055752896756102066,0.021156876028430194,0.0689317483708814,0.047436749394533795,0.0685887008984859,0.031011147462350314,-0.015008676682517708,0.052445351738446166,-0.025766645498600804,-0.006326425882693665,0.011577901518218747,-0.031464891087364,0.03129320903977689,-0.04582899355130937,-0.0001507378423656891,1.1102230246251565e-16,0.010286133998595182,0.03379810700330721,0.0,0.149374323554468,0.05093749435232864,0.08333945238592866,0.08042789666943873,0.040008509758931776,5.551115123125783e-17,0.051100660094053674,0.021971038826617106,0.03994268794970268,0.07486519859234775,0.008406769359354194,-2.3507241566855797e-05,0.0,-5.551115123125783e-17,0.08084717839338962,0.017701110953801114,0.00018887992534588616,0.010576333675560823,0.04238870060215871,0.0,-1.4960133360664152e-05,0.006462564631237844,0.07890453001892472,0.046494867366424886,0.033963991957559,1.1102230246251565e-16,0.04904719735096952
0.05429674662964329,0.01635566374981423,-0.006824097536739404,0.016037880577040087,0.03865702755724176,0.0,0.042805308216986804,0.04256311447547967,0.03298324201274577,0.028552354000374258,0.06296057798608978,0.02650456760193809,0.03272267430788983,0.04654551185972089,0.03255922871370609,0.02432410166569199,0.022496510096329747,0.010553924721503294,0.07606797281028799,0.03907554438034261,0.012791336236305906,0.021605253598688423,0.001622223362484354,0.01377875694025893,0.019596545710087176,0.02915396104315887,0.0024185526984545347,0.03033008597800796,0.04893605066944107,0.028798057749443773,0.01961546158099642,0.006548494913054537,0.019405426001602943,0.011173497585191983,0.005896307470652118,0.03776160333646045,0.02416607042962321,0.04587778803899939,0.043089441791012595,-0.02393595635894541,0.05334509386355302,0.05214315010300957,0.04014244064081385,0.04870402053598294,0.042793139766826915,0.024902985713377235,0.04815943477817913,0.03953827946385069,0.01863859202346735,0.0629095786771795,0.03389641431288759,0.04031676308160481,0.04804588237957452,0.04747651630646754,0.03665098694896163,0.02537229547363884,0.028829108268431936,0.03980760657716398,0.049980791661538904,0.025899805211969495,0.031467772112243,0.0,0.02482752006261013,0.06885975302283276,0.03546826516188345,0.05668618790791069,0.037044970351884865,0.032752214486786224,-3.9536428183550854e-05,0.032888051968012644,0.033059535828542874,0.02044977467860154,0.03880082746596725,0.018195617999722413,0.04578779245947079,0.04482551701810222
0.025124536786658935,0.0335964963501067,0.06175250784423564,0.004391193811194294,0.014432009076010444,0.042805308216986804,0.0,0.06437270128659206,0.06663800166329825,0.022770713270239107,0.08004079494804395,0.023732529007796543,0.01737925724012873,0.03442487022458862,0.03322383108665833,0.030971663111031222,0.025876127424980355,0.028595790996240877,0.07852112538079314,0.04502630530761237,0.03736818303168199,0.041490655774499896,0.05031141028575237,0.010164778984876166,0.033601350976895594,0.02918123598819461,0.042079891082701104,0.026055959300528175,0.04387462028277672,0.05171894119051379,0.04001497544955673,0.024914703885624445,0.04224759504854708,0.0268446360248622,0.034656080174271464,0.014904610819716724,-0.010774731216871558,0.04336204804254418,0.07492272512333964,0.014655442385810069,-0.030649931723251256,-0.03499751271474527,0.0954064056443531,0.042505778846102515,0.06840406544215366,0.0,0.030572409999811256,0.07247380119450209,0.0,0.02672598559340189,0.057888258664597125,0.06328069969403005,0.07268557804381404,0.05070695160814043,0.022361098537675705,0.0909649911790642,-0.008066763781246822,0.053160895273691944,0.03773662336112987,0.041729281764018966,0.022937311241168323,0.0,-3.23449453621949e-05,0.09256661451556136,0.04091819433713073,0.014390099424910763,0.029467678696328103,0.05706377578132027,-7.188637360883154e-05,0.025780263379997503,0.027218217198289818,0.043406584393374636,0.05836690669408279,0.054984318405056076,0.019311472646919126,0.038605361215587664
0.038445633496750675,0.02021807814930865,0.07771904191015827,0.029575171704801506,0.07089820055096052,0.04256311447547967,0.06437270128659206,0.0,0.09013158299753876,0.04663605496738871,0.06537898670764314,0.039688277177502784,0.04882750734903524,0.05622474361764951,0.09606610367499208,0.019716869150395333,0.006752547306706491,0.01484054788182776,0.1248732412883139,0.020196530880120134,0.03827263544375409,0.04499446574357957,0.052408624954305094,0.009397781286259344,0.008894740408957491,0.029199195744200768,0.05628455537039101,0.045742187982498905,0.04207543333633185,0.02464854544241607,0.048700619793809574,0.011526370275625086,0.0275071929745187,0.03105510822321439,0.027901421773229573,0.07671352278287474,0.13429939709290156,0.04415507172266958,0.01301345080554206,0.05622887878747623,0.02219547505318409,0.05439122440564448,0.013576602871174959,0.022621849213425305,0.0,0.06827108404892185,0.03515095310225386,0.07846195572973513,0.0,0.08076672970242144,0.019885257926576194,0.06440945570384876,0.055157507646401205,0.07153687216167215,9.361593454537687e-05,0.10466991609829418,0.00019302091590245318,0.0424515124336991,0.03218367113353088,0.055438254317396685,0.01306201599288248,0.0,-6.97652451703279e-05,0.10042674127841666,0.04428815282756082,0.02624542909975003,0.05317859649361817,0.035296156131108425,-5.551115123125783e-17,0.03374414158560196,0.06446083445646011,0.023224378524190847,0.04294281269215999,0.04256870666250406,0.03427792365615423,0.013671843110106663
0.02897301831848753,0.022118004394382607,0.01483934019342753,0.06444904435577015,0.04757773267773352,0.03298324201274577,0.06663800166329825,0.09013158299753876,0.0,0.05671608688835428,0.07638718461549637,0.056036762700403864,0.06643700341572195,0.07901662996774911,0.026630498767360344,0.013216779902533338,0.04560295913565959,-0.01094977848824652,0.040432680478204364,0.046306972834514515,0.04473997725162909,0.028079234112591833,0.08205591950055025,0.07046987489919465,0.016576335098258677,0.023319444774382303,0.04367055289345273,0.07031579329901372,0.05121813351882659,0.05178420710107284,0.07280720977806066,0.06666748795229305,0.06565923548119967,0.06970863680635947,0.074383909048304,0.08499473662117224,0.06541857068841639,0.04894465302533585,0.06451655764153874,-0.0008204487089857326,0.05850084784031179,0.04086778302162414,0.06828284052656353,0.03445881822281299,0.06840344085529537,-5.551115123125783e-17,0.02983990575452944,0.07669781274186749,-2.4583207715034305e-06,0.07333177481297315,0.07174224920973404,0.07226039520752403,0.08819834958452,0.06521775004071162,0.008772609683396215,0.10000225715574229,0.06294597536064694,0.04951158679969292,0.06366854046958037,0.023214341773571456,0.013242179631573703,0.0,0.0,0.08879761660279262,0.03247969927124861,-0.0037966447050760133,0.011962804329305243,0.06422121512016599,-3.0255347386820564e-05,0.013654550670918308,0.03027989059098135,0.04285102269898833,0.1090716589879892,0.030907514925979707,0.026944658421444334,0.060033664223685834
0.05030223105762005,0.03833786739810713,0.057676196657334255,0.03315912803748483,0.030838998966007614,0.028552354000374258,0.022770713270239107,0.04663605496738871,0.05671608688835428,0.0,0.053453451666523044,0.044654909636661244,0.018947300712137016,-0.07850018749043591,0.013213159705750377,-0.022099081791513653,0.02688291157485123,0.011515472797287984,0.06629464576655186,0.030240653098167536,0.03954333255950487,-0.037189380367854075,0.045165800931338485,0.024648815955547354,0.0490725655742596,0.056192750488715915,0.009319708246230574,0.017826790731920283,0.03262099913757399,0.04750457586781137,0.011614240875320925,-0.045005614507386216,0.039686644066983745,-0.02158700263537705,-0.017655547322044163,0.05781010335771136,0.019468997495109774,-0.00032837161915416635,0.10854176232322393,0.06131993987753498,0.03756848235821875,0.05156206533005381,0.112164367259381,0.04122025958907616,0.0024040632213339075,0.08711836412368856,-0.01704092658209072,-0.0002685923480393315,-1.3958685894877032e-05,0.0004767288708850681,0.038152334786409725,0.028746923547975034,0.003501905972430941,0.01428971127280071,0.05136943527251153,0.020670758283951707,0.05940516718618993,0.01826834170014019,0.0,0.00020380758289262335,-0.012439647809709298,0.06896909678674262,0.024013006853526364,4.588293201157612e-06,-7.454817022345406e-05,0.04294473747097283,-0.0005700242644933184,0.05173339622586942,0.04487013704316961,0.04611283004162042,0.04819237514950331,0.01677384860194059,0.018841929024474513,0.03223630863259824,-5.551115123125783e-17,0.04796269205413012
0.02304364664502917,0.02306576566132762,0.023412641822641078,0.03207960954979655,0.05201501150327581,0.06296057798608978,0.08004079494804395,0.06537898670764314,0.07638718461549637,0.053453451666523044,0.0,0.053060978555684424,0.08363639608074008,0.06452508962591591,0.0,7.437307216118239e-05,0.04147768533723173,0.04235592501044072,0.04047329094942209,-4.790274008037443e-05,0.0514652167848087,0.010050821445002966,0.020671574869787157,0.00672303794961604,0.030652555754323296,0.03751768946592987,0.05039760004370486,0.08755684787401619,0.03271222726878825,0.01935249922692467,0.07811141321709125,0.04098821687587256,0.07314421860980713,0.06288829343014518,0.07489554846335611,0.08962054310349715,0.07833564606954058,0.07289099230390872,0.056521134041070065,0.0063912371387544464,0.06793172234322403,0.04192327523908229,0.07471783283878375,0.030428406114567486,0.012401753815531658,0.0,1.1102230246251565e-16,0.16314456122026572,-4.7602382824418754e-07,0.1093703774467471,0.0958130576933166,0.09289069695026086,0.12735830875665521,0.10005201490341548,0.033039846381797355,0.003485018797317052,-0.010798414246720567,0.08918126292376344,0.08107127231865802,5.551115123125783e-17,0.0,0.0,0.0,0.0971925014419493,0.00720427238720045,0.0,-8.74124021897349e-05,0.09047909109033891,5.551115123125783e-17,0.0,-5.3317701097232995e-05,0.06529386027289152,0.094445115835324,0.010364670971273915,0.0,0.0656381608911244
0.03402835456972253,0.023336415462177962,0.04525974914144376,-0.009087415817128908,0.03559746596426022,0.02650456760193809,0.023732529007796543,0.039688277177502784,0.056036762700403864,0.044654909636661244,0.053060978555684424,0.0,0.014387045115696606,-0.037424183924751775,0.030732227688546054,0.027895691108408394,0.04630891423064959,0.034284716017578154,0.04266050187717596,0.00962236888687562,0.007691533019763719,0.05513565722161162,0.011009999021708572,0.034018766252671084,0.062196798322534,0.05825459426095214,0.03197492260189522,-0.0033471117806126993,0.03896554871064528,0.0682922134229279,-0.007761776057053138,0.017291296894329566,0.07385521494413722,0.0031441688413933466,0.07742517389150433,0.01840486745572334,0.020705207973033157,0.03689071262783758,-0.02064173498598887,0.08899793604545236,0.04281539096127801,-0.015792372074408312,0.0482110064086414,0.02160500611014493,-0.021278746688139727,0.08851618668674632,0.0030746516211547226,0.007442230529353999,0.007691882164995639,-0.0008151579533270947,0.03488438918709008,0.015210702570639167,0.00019009255884183673,0.011760522889664837,0.06221862559889191,0.015151826071117258,0.07039007280762821,0.0499972570561899,3.0076229862729953e-05,3.957814504351731e-05,-0.010668971825803952,0.08011952113729692,0.05686104506638423,0.017231813730540335,0.006164060184358056,0.016380460194431457,0.011102327883793284,0.024893182886761733,0.07017977702278605,0.06440042390686679,0.06124161818011942,0.028218323631811204,0.022927293105381885,0.006276447110568961,0.0,0.06760968141071672
0.033602593349723875,0.04295430228805586,0.06548978803693478,-0.0015659581245648369,0.04507236986137986,0.03272267430788983,0.01737925724012873,0.04882750734903524,0.06643700341572195,0.018947300712137016,0.08363639608074008,0.014387045115696606,0.0,0.03511748651399921,0.037522589362076975,0.027961544835523322,0.02487953944611221,0.030530905053648916,0.07817288942495282,0.04848914266637111,0.03822945715086323,0.03652599252675226,0.04101168973036079,0.0007604963476255389,0.030826803076785758,0.01707758937941245,0.04428369458858816,0.024002070058107672,0.04389440797564048,0.06856066250938048,0.04298017742189503,0.021386184246288076,0.05186625679859874,0.03480252142846174,0.03768265973754731,0.021182560118264582,0.005723345595513685,0.03682159920611183,0.054045441540273464,-0.009655225382919852,-0.029825123830540257,-0.019525458765881076,0.05623108171769975,0.0077009636624355005,0.04093773736780776,0.01594173204549526,0.031008071410886906,0.08006829267476068,0.0,0.032612409939383635,0.04226503707841206,0.04416295236409351,0.06082391837846929,0.04912124821552588,0.04011154405691797,0.016886556197509728,0.007529565193229948,0.049064189045288864,-0.009168126482732963,0.046456817282974516,0.025847882109111542,0.014856507930945728,0.028045990000832965,0.05282776288223423,0.04851546956180175,0.0450501667798992,0.03967947987848802,0.04419813704152287,0.010616330287754328,0.03115102853059576,0.026684797592445297,0.03156165570736347,0.039518760685835874,0.04996806294182715,0.03377268930374644,0.04327324436114166
0.02198248784451795,0.010294173367345893,0.0568360875829631,0.004241526249396221,0.05451361124519488,0.04654551185972089,0.03442487022458862,0.05622474361764951,0.07901662996774911,-0.07850018749043591,0.06452508962591591,-0.037424183924751775,0.03511748651399921,0.0,0.03834996429741755,-0.0006152471676722504,6.396378171752426e-05,8.40687943694518e-05,0.09989377620865003,0.01909872469098295,0.034650834795396324,0.010173936121715133,0.06200834516627779,0.039256100058654986,0.011649266558483973,0.044769666780791695,0.035202527207178036,0.036644769841434055,0.013938375184655627,0.03695761958475163,0.05528633074734857,0.004135897593917248,-0.05138464858477593,0.07466129821802586,0.09160467056153676,0.010540022549981709,0.01882135446515934,0.027551850683611823,0.050957377632853296,0.0,-0.008220482553333464,0.00039957418578850934,0.05292141370348963,1.3702339975441014e-06,0.0,0.0,0.0,0.07051755153731615,0.0,0.06264445785822892,0.03280016483310638,0.020244510718573583,0.10642697386720962,0.06431250084590023,0.0,0.07899781959410529,0.06301693072756237,0.029320910166536984,0.05419712965543899,1.1102230246251565e-16,0.0,0.0,0.0,0.07593849314431078,0.0,-1.1102230246251565e-16,0.0,0.052248303600399726,0.0,0.0,5.551115123125783e-17,0.03415355817479626,0.016734710364762317,1.1102230246251565e-16,0.0,5.551115123125783e-17
0.02103298782602231,0.023857323086431015,0.02677557752623827,0.03534434259362501,0.014630846122706376,0.03255922871370609,0.03322383108665833,0.09606610367499208,0.026630498767360344,0.013213159705750377,0.0,0.030732227688546054,0.037522589362076975,0.03834996429741755,0.0,0.018489132610945203,0.02625228384856626,0.023385760026911118,-1.1102230246251565e-16,0.03512233948946081,0.024612589381850847,0.025348702013360813,0.06042188087245348,-0.007590700204944845,0.03140103097840491,0.013355416167978806,0.04053514361547711,0.03137616541540228,0.02844316355110854,0.052278672554028405,0.022302769586013627,0.0187004528051129,0.05178776679575281,0.021327041560401327,0.017218161368511176,0.01821125943207047,0.0006043994408145847,0.00012018032501798226,0.021734928305713053,0.011400181745018279,0.029204523221153078,0.025274169260386725,-0.08768419332033434,-0.00361786032567718,0.0,0.03468993200796966,0.03318869553084286,0.03193285700486659,0.0,0.0,0.028086924858582385,0.04463527736047057,0.015701410067885446,0.004045432256690462,-5.551115123125783e-17,0.0,0.007563827294634506,0.039893852787869055,7.803247973892091e-06,0.010372766864903182,0.03718394971462324,-0.00027276049373259337,0.03391773424332917,0.0,0.0635052042656088,0.007721106321665727,0.041150419899231905,0.03683667291738146,2.3878618408912367e-05,0.06218213757599106,0.021633879814548673,0.04292008072466341,0.04137777145753202,0.04626512674480626,0.02054497163013269,0.034530811085720314
0.001639385472179733,0.021243438408367288,0.044473482918841345,0.0006940264148966868,0.008680274568721058,0.02432410166569199,0.030971663111031222,0.019716869150395333,0.013216779902533338,-0.022099081791513653,7.437307216118239e-05,0.027895691108408394,0.027961544835523322,-0.0006152471676722504,0.018489132610945203,0.0,-0.013148517766173207,-0.016257180242082836,-0.00016793200860948376,0.022384396585195643,0.012448728002093179,-0.0011200293799780714,0.030734951325661897,0.014134584889517354,0.02850844319886925,0.005985704893072097,0.03421529314010535,0.03483715552715283,0.03590585793295725,0.046925357376839005,0.005320157276117676,0.019089538749809953,0.0252644596468527,0.023612714380667643,0.020300975318716774,-0.014411768416361936,0.010391829879851155,0.009486785871048897,0.006878049698055777,-0.01611446715372411,0.008944699587156824,0.00513574104632919,-1.0174839982501904e-05,0.0,0.0,0.02405306266119639,0.013896530467612078,0.0,0.0,0.0,0.032840104667749226,0.009543208641625667,0.014455303260781038,0.0,0.008821163262324294,0.0,0.0028674039802642493,0.025327765327708862,0.0,0.034912651483505086,0.004969289609716598,-0.015426659536775522,0.016645316710659108,0.0,0.01494866108622811,0.03250682647248665,0.004526782408420027,0.055547194725120985,0.04152497802908928,0.019587436200533437,0.015478362256226286,0.03896054271756777,0.03850239457960841,0.03440444851380087,-1.1102230246251565e-16,-0.010782095856370355
0.05577839687788433,0.00652542077553836,0.0341274185977844,0.015942888734565175,0.021396793232084654,0.022496510096329747,0.025876127424980355,0.006752547306706491,0.04560295913565959,0.02688291157485123,0.04147768533723173,0.04630891423064959,0.02487953944611221,6.396378171752426e-05,0.02625228384856626,-0.013148517766173207,0.0,0.008633664969231458,0.032573728102739896,0.02997856293929324,0.0074829849309641094,-0.0019286358499243095,0.028009568176273647,0.043095009792854244,0.042290298895901246,0.024478757605398582,0.02659673708387411,0.048988395010111874,0.008765234763439766,0.03217761776918482,0.016044630458498632,0.004356667032668238,0.05866064184490011,0.009902828102010652,0.014089566752410077,0.002540157437806334,-2.821455651674798e-05,0.03910307332984525,0.021825305138309492,0.030578684222790087,0.05559791652896995,0.02728945720983028,-5.551115123125783e-17,0.0,-0.00988895027626685,0.02547809856366262,-0.017361182001209396,0.0,0.0,0.0,0.0,0.0,0.0,0.0,0.05549781000604148,0.0,0.04781564648836656,0.006375415641635573,0.0,0.00011366174066401724,-0.021829156287745732,0.06269882634270219,0.025768460837463092,0.0,1.1102230246251565e-16,0.0,-0.006544502359809801,0.0,0.04737371692919645,0.02721560797646183,0.04026856288385028,0.0,0.027497921828460115,-6.131936929565374e-05,0.0,0.01965985147239324
0.018737120306833777,0.027430375900574844,0.021313070068855633,2.3302079611764448e-05,0.01783697544282814,0.010553924721503294,0.028595790996240877,0.01484054788182776,-0.01094977848824652,0.011515472797287984,0.04235592501044072,0.034284716017578154,0.030530905053648916,8.40687943694518e-05,0.023385760026911118,-0.016257180242082836,0.008633664969231458,0.0,0.03809071379944812,0.021704427329884868,0.01883095134724344,0.01098923745626973,0.0221569414189019,0.035806225276391046,0.00953924847747678,0.025114174054721994,0.030007018518358686,0.04000918920525193,0.043133181296446554,0.04955506172902946,0.01620507424372497,0.021066034490655194,0.04399918105964412,0.009483438431383495,0.0072438337835277755,0.035740078244240636,-4.702336754719427e-05,-0.00851155924751501,0.01265446405143228,-0.0027244735765500905,0.01498935920810196,0.00376190128684023,0.0,0.0,0.005323222228852176,0.030513554982520508,0.010078665873071102,0.0,0.0,0.0,0.02049277237065472,-0.00019831263641506558,-0.00036736848818097467,0.0,0.04402408374796318,0.0,0.04002183136438797,0.020260310159662342,0.0,0.05313917060395035,0.0041576924096340395,0.054723217429241244,0.03526058708426316,0.0,0.016822997339500045,0.03970704995171043,0.007331649763053727,0.033892204951957106,0.06258923009221984,0.03291961492692136,0.03244381748398645,0.0206896607927195,0.017355129878759923,0.038983905656126694,0.0,0.012537175539422685
0.0,0.014078482712180485,0.03630117856658499,0.045903304117292265,0.08043773986661978,0.07606797281028799,0.07852112538079314,0.1248732412883139,0.040432680478204364,0.06629464576655186,0.04047329094942209,0.04266050187717596,0.07817288942495282,0.09989377620865003,-1.1102230246251565e-16,-0.00016793200860948376,0.032573728102739896,0.03809071379944812,0.0,0.0004009520439969827,0.011755239373024307,0.011923496389589394,0.05321398790833204,0.046006538742119185,0.037967728249303334,0.03636770568340825,0.0777511947135413,0.07293887059963478,0.05928254478916878,0.06557349128900941,0.07278646804607758,0.06125531253354971,0.09202939340014465,0.06481312620103385,0.06674695396057662,0.08902563520162232,0.058441396945513924,0.02687770767485731,0.04326871753927125,2.33323110579442e-05,0.03055246069634654,0.02277430421191401,0.07425774338427538,0.02370761472116406,-0.0005044333901841336,0.0,0.0,0.13131176819946228,-5.551115123125783e-17,0.07633277163406221,0.0753304779539058,0.0796053846611704,0.09946159794432341,0.08818795165155735,-0.00011031316989806861,0.17501743378530332,0.02925600095750558,0.053890581898266565,0.058679171336295854,2.220446049250313e-16,0.0,0.0,0.0,0.11583878394775016,-5.278409594527966e-05,0.0,9.298238477423171e-05,0.06989503172013833,0.0,0.0,-5.551115123125783e-17,0.060255970606773346,0.034706393114917744,0.03761960034184203,-0.00018197624572802162,0.043660016157281545
0.046236422875035155,0.03707021874537947,0.06181638013772062,0.03004349966637232,0.0266722317589142,0.03907554438034261,0.04502630530761237,0.020196530880120134,0.046306972834514515,0.030240653098167536,-4.790274008037443e-05,0.00962236888687562,0.04848914266637111,0.01909872469098295,0.03512233948946081,0.022384396585195643,0.02997856293929324,0.021704427329884868,0.0004009520439969827,0.0,0.05307078655258696,-0.000748132103729926,-0.01411464772524662,0.03434186316107679,0.032072294959482106,0.02771680679009142,0.035040975114425055,0.048747595282166656,0.022590521149996157,-0.029796129855393372,0.03156473488945882,0.016180714011069353,0.025784812411768,0.04472919367711431,0.0249591814239693,0.02001913760966556,0.014793122143908655,-0.03082804696074004,0.015572446192005263,-0.03223264282695032,0.02543146388623896,0.02752964237949579,-0.05087538789361834,0.014811140428186265,-0.0002591398078514162,0.022232592682499552,0.025386508673833907,0.041013815336236326,0.0,0.0,0.03874192640766172,0.04833989097840036,0.05280609259210889,0.05179279782177898,0.00027693330136102645,1.1102230246251565e-16,0.010789892745183938,0.04087498337442841,-1.1102230246251565e-16,0.039113255802037505,0.03608758889438585,1.6185974497207045e-05,0.03228879296418591,0.0,0.05741789523227159,0.05943904584254678,0.023491891114258034,0.04378209493471452,0.0,0.013538690630218841,0.0241772007927179,0.03736397764363286,0.038855405832695256,0.04181933800172366,0.017918619457759966,0.046173419852489184
0.0363127453865687,0.013547933587950811,0.04911082730274913,0.0007954818345390358,0.051676832041746446,0.012791336236305906,0.03736818303168199,0.03827263544375409,0.04473997725162909,0.03954333255950487,0.0514652167848087,0.007691533019763719,0.03822945715086323,0.034650834795396324,0.024612589381850847,0.012448728002093179,0.0074829849309641094,0.01883095134724344,0.011755239373024307,0.05307078655258696,0.0,0.019918200934335606,0.04181830573526407,0.0011195637170735573,0.013418857817405094,0.03446409640765524,0.0387403228219933,0.016173220157276347,0.03997484742115626,0.04987237788460902,0.006024479805768923,0.010038477830819903,0.0369570174765409,0.003393762265925193,-0.009662609410809653,0.009401289217189968,0.01828105902492283,0.05084282287824077,0.00262510192241755,0.04059546659129931,0.0013766309410284672,0.03513687569417101,0.03881024757264884,0.0,0.0,-0.02587958834086268,0.028982253812174896,0.027317112058465653,0.0,0.0,0.016065372733631622,0.042569592065593354,0.08458174194842949,0.008591662683018031,0.04409942066479655,0.0,-0.0036566328821760474,0.034069064961518625,5.551115123125783e-17,0.009539552212392,0.014259226486873111,0.0,0.0241796808110481,0.0,0.04173742543643588,0.060691291800423375,0.0309348006740241,0.0188473547628491,0.001973294286255922,0.025752018921209374,0.017809208285609335,0.014395615741865264,0.028693497322367978,0.04941909516273246,0.031406820517490885,0.060304230600131015
0.013783172880897143,0.025054723768477893,0.037611927946069046,0.0049741258675561895,0.015290782119005697,0.021605253598688423,0.041490655774499896,0.04499446574357957,0.028079234112591833,-0.037189380367854075,0.010050821445002966,0.05513565722161162,0.03652599252675226,0.010173936121715133,0.025348702013360813,-0.0011200293799780714,-0.0019286358499243095,0.01098923745626973,0.011923496389589394,-0.000748132103729926,0.019918200934335606,0.0,0.04475936395875385,0.009937269569687435,0.031195033131843908,0.014413878124020563,0.0426926982588946,0.048942955089679885,0.035826509421869934,0.04508829451710661,0.013911254125253736,0.0017714045072474982,0.009593236815736816,0.020147458475080038,0.010875771147537405,-0.022209569879164504,0.01026503454136335,-0.01789735179932711,-0.0013406823375373689,-0.02360410825991266,0.01112338173599109,0.015082172764165569,-0.10408037040994461,-0.004361764599223494,-0.00011831946248141989,0.05845713443169098,0.013562104598545344,0.021792554213252657,-4.290910392612535e-06,-4.797431162328891e-05,0.03039534931611554,0.022987922755994317,0.05395324101213966,0.023624690762777123,0.02165765151669785,0.0,0.010189879991312656,0.04645413818878158,0.0,0.027823329684988796,0.014777690633619556,-0.001136569228015416,0.03131053372547682,0.0,0.04015228936394094,0.03891985840396628,0.031060332335642427,0.03859446328689303,0.035450835649331214,0.020162062921111945,0.015867021264514503,0.033032044899898194,0.033840989150601186,0.02856791174294593,0.02487777600909713,0.004232786006207634
0.05030417829090683,0.02820602815259521,0.017458325450148637,0.013973161546286306,0.05522468127400876,0.001622223362484354,0.05031141028575237,0.052408624954305094,0.08205591950055025,0.045165800931338485,0.020671574869787157,0.011009999021708572,0.04101168973036079,0.06200834516627779,0.06042188087245348,0.030734951325661897,0.028009568176273647,0.0221569414189019,0.05321398790833204,-0.01411464772524662,0.04181830573526407,0.04475936395875385,0.0,0.014318977281266576,0.019088965631112176,0.035618666244764785,-0.026081647894481252,0.037981995766452836,0.03699982505618482,0.027632907931781636,0.031031025940794654,0.010486604135109157,0.04410886058594393,0.017696313435272892,0.015781167742831004,0.04378418726049138,0.02101429209727934,0.06578353340296561,0.034837660928464353,0.004771639013814777,0.038957195380145415,0.03720683601972008,0.05324928929939782,0.05119012936614398,0.017399066579162348,0.038161405869754306,0.04488030185810188,0.08342959728882726,0.02860044503020648,0.051811112904121326,0.031997086359122906,0.04975999488287186,0.06960210037544035,0.06843646500279521,0.04373480638445104,0.09679339675295201,0.001364802602511317,0.04031695598252805,0.0755001288893824,0.041993010424804966,0.04749669285779279,-3.937417302957158e-05,0.029192513944699683,0.10287111227523238,0.05046001725530941,0.023347336724178325,0.04650780631494278,0.03654544425752715,-0.0001517402234343379,0.0412043280540908,0.03956154598420181,0.022470279986823938,0.045961826134617745,0.03727402114824324,0.025300915548862712,0.04459245556061675
0.008135408332346106,0.03259410438858379,0.041717540041143863,0.016787718063443813,0.007395599294844124,0.01377875694025893,0.010164778984876166,0.009397781286259344,0.07046987489919465,0.024648815955547354,0.00672303794961604,0.034018766252671084,0.0007604963476255389,0.039256100058654986,-0.007590700204944845,0.014134584889517354,0.043095009792854244,0.035806225276391046,0.046006538742119185,0.03434186316107679,0.0011195637170735573,0.009937269569687435,0.014318977281266576,0.0,0.02901007701450581,0.022902497023162494,0.051921848838837936,-0.0005402370790241195,0.013403558522501413,0.010527559147709031,-0.0009142538846824699,-0.033374274230458245,0.039122728958591146,0.013000490905605955,0.08167712613837075,-0.023299709212682873,0.031034745181337864,-0.033453010622780416,0.03506406023856251,0.07403995818417652,0.02455833231068455,0.05692880714389664,0.013834827741966038,0.0031310169722148506,-0.036434164468744146,0.11325482696818845,-0.008427781250723299,0.0,-5.551115123125783e-17,0.00015552077003078146,0.0049737680956249974,0.00013326607530744772,-1.6653345369377348e-16,-0.0002770469280872212,0.03657646624934241,-0.00020381103337357986,0.057798770708132496,-0.0016312936800610411,0.0,0.0004876060320017084,0.027837260537321384,0.0765059000050885,0.056058257890556296,-1.895216242697728e-05,0.0005482336959987122,-0.008737574909868429,0.025508622904076406,0.0004992127738656094,0.06005459424826143,0.07013435862456524,0.061683163116646955,0.009735375840328186,0.020027663682636643,0.016542482462331698,0.0,0.049650470544784664
0.02641280997032791,0.011364216852953524,0.0315866101015177,0.0003670462677721198,0.012736386515611708,0.019596545710087176,0.033601350976895594,0.008894740408957491,0.016576335098258677,0.0490725655742596,0.030652555754323296,0.062196798322534,0.030826803076785758,0.011649266558483973,0.03140103097840491,0.02850844319886925,0.042290298895901246,0.00953924847747678,0.037967728249303334,0.032072294959482106,0.013418857817405094,0.031195033131843908,0.019088965631112176,0.02901007701450581,0.0,0.03441299984565088,0.033486868366728595,0.04266017649262793,0.028983175029996533,0.02421069870864112,0.038737107524337344,0.028595245692157656,0.04745264065968552,0.019629803648425426,0.011823225085080602,-0.011962532736646103,0.0025937697335783882,0.026853122484728043,0.018549514287293567,0.012225840817622124,0.019038517151500456,0.022319331866443304,-0.01657765423558133,-5.551115123125783e-17,0.026749655070968548,0.035807918181722964,0.026840242505661083,5.551115123125783e-17,0.0,2.220446049250313e-16,0.03317420120025427,0.012005884366385888,0.04239996195676293,0.0003703430598507862,0.05550695934631428,-0.0001006529124429889,0.04445568200243938,0.025807345458260522,0.0,0.046649444843325505,0.009852201936577931,0.053918082366300024,0.04175832708571048,0.0,0.028141632748572898,0.023303166193789027,0.033549295086520936,0.03459498024714058,0.07889213773761194,0.04264135662291174,0.03985658983444346,0.022997956127326635,-0.016386669090755257,0.033659565193418284,0.0,0.038075965446503435
0.02773893426164792,0.018085312559942057,0.04204827119988053,0.030771508185527485,-0.009176107310306714,0.02915396104315887,0.02918123598819461,0.029199195744200768,0.023319444774382303,0.056192750488715915,0.03751768946592987,0.05825459426095214,0.01707758937941245,0.044769666780791695,0.013355416167978806,0.005985704893072097,0.024478757605398582,0.025114174054721994,0.03636770568340825,0.02771680679009142,0.03446409640765524,0.014413878124020563,0.035618666244764785,0.022902497023162494,0.03441299984565088,0.0,0.03496347429800012,0.05180038797658787,0.02621952701771213,0.042165804192961065,0.027637997330342723,0.013132961561589551,0.04101324882443497,0.0254466975007408,0.017795560466615012,0.026276539183917147,0.012103366633701429,0.03450047554459029,0.012973773092368024,0.0170354513399244,0.025097058029360964,0.02452383351334675,-0.06558602471789637,4.287381996415096e-05,0.050927931592333664,0.026677505172023774,0.025902119493481313,0.020950123351926697,0.0,-3.4653349307134373e-05,0.04692385393959736,0.025766667675196808,0.0040434453852650765,0.013391051117566,0.05498994649629696,0.0,0.041834167375547515,0.05496364948710958,0.0,0.023120530284857388,0.008790883478472955,0.06811485999242406,0.04526179188851459,0.0,0.026210838909415446,0.04541756652365664,0.026369070297592667,0.030439538636743924,0.06998689652433732,0.043424943183805575,0.032887826571380174,0.04226281834785994,0.018295411073956103,0.03413500365816141,-0.00021228095653846868,0.038306951375072895
0.06831245457390422,0.031378973999944326,0.016545590910357455,0.026088810239988713,0.04031293587833562,0.0024185526984545347,0.042079891082701104,0.05628455537039101,0.04367055289345273,0.009319708246230574,0.05039760004370486,0.03197492260189522,0.04428369458858816,0.035202527207178036,0.04053514361547711,0.03421529314010535,0.02659673708387411,0.030007018518358686,0.0777511947135413,0.035040975114425055,0.0387403228219933,0.0426926982588946,-0.026081647894481252,0.051921848838837936,0.033486868366728595,0.03496347429800012,0.0,0.04084235790526303,0.03536962607466021,0.022254310647400688,0.029134459299389515,0.01645310952476431,0.023832719323802543,0.028146062632936286,0.030093962147657916,0.033246962609552955,0.025126239130776384,0.041836771929548044,0.03159334126863278,0.00785941169551696,0.03381488457745607,0.03337985339075189,0.02898770155569058,0.02726798487168952,0.041770634951349306,0.02932868422287871,0.04158701380183494,0.057549401328775174,0.012136101159337276,0.04232445104842286,0.019590326034687466,0.040049177037809414,0.048544336004707644,0.041164445625607615,0.01671582032039287,0.0527419879120794,0.00699849666707103,0.032055114139241,0.06579887757645098,0.03855721781934063,0.04220366816112037,-1.1102230246251565e-16,0.028999275425074855,0.07168100122625964,0.04784662898617548,0.03928229163005592,0.03456016038608356,0.023490731215635052,-5.551115123125783e-17,0.0371060292705126,0.03905965693419683,0.017579613917738546,0.03688397149877065,0.03183560338112379,0.026673280402246258,0.033740291549117285
