0.0,0.8816349996882072,0.3430560011764018,0.0,0.3469223749179721,0.6432424244525796,0.5913776004643301,0.7184437837913312,0.4206598392039338,0.43294980929412497,0.5207346382698506,0.5138701245488014,0.5163922670893666,0.5778344413269353,0.8399974063725941,0.924095214597652,0.33363090591802125,0.6310760076941004,0.0,0.4606676582116581,0.668044843122391,1.0144225215940996,0.759819556083251,0.7422919086114168,0.5277424084819772,0.6957017332520017,0.4315131980429021,0.45457710947588753,0.48953535742810844,0.8505301488881309,0.6711942165839275,1.11439232845924,1.0046016834605582,0.8861534891040159,0.9664274837900135,0.5161425741301531,0.4595821531784781,0.5339906332005477,0.4236044953209852,0.37267433052079546,0.4113393246695808,0.4339864641114499,0.4891423530936296,0.0,0.3532615795541636,0.3149735417727775,0.4316138920303032,0.0,0.0,0.0,0.7051569302905963,0.0,0.5710288017692394,0.0,0.2429063359272604,0.0,0.45815144044075573,0.5712656862649786,0.0,0.6495117404599264,0.25192180025445626,0.16091896498003955,0.3575639973080866,0.0,0.45317332521451903,0.4570752366752209,0.49369131859924875,0.6199114569882851,0.27041497287493904,0.382038758061732,0.370071700054187,0.49654280582343224,0.4687128937181392,0.6680029384070367,0.0,0.3533301963776053
0.8816349996882072,0.0,0.4210080940122054,0.36953144848784425,0.4166964454336859,0.7162450686639863,0.5572767085443464,0.4973406943267915,0.21275249598829044,0.8132885866966049,0.3295245221988787,0.4734076687470262,0.6147572799099748,0.28742334896685706,0.5539432467449176,0.9899965420637784,0.707183955077882,0.8116223842764845,0.4186695769124771,0.8150780770367743,0.7493699265908285,0.6714647455770107,0.6215585530907412,0.5430842976502406,0.7888442978459875,0.529022223200977,0.8130142848838733,0.6869559589503755,0.6779271722866519,0.5896627362657855,0.8494815581248141,1.0662969338620827,1.0544467850498205,0.9466922719056805,1.0739161282263205,0.490518856004928,-0.01600244684493049,0.0,0.6524923958449211,0.602792632997406,0.6298802515746378,0.911379820574158,0.3967227932675217,0.0,0.0,0.6945309027930979,0.7383373304157839,-0.031612778559427394,0.0,0.0,0.5360094776833222,0.37343583911168343,0.41871818629394925,0.5482452220309655,0.6570589559134861,0.0,0.34535520360667804,0.38926319881674387,0.0,0.797896595967361,0.7491097949688486,0.5311703656702395,0.7559818907257758,0.0,0.7346416144433033,0.6181979640264984,0.770062120341892,0.5250226959118298,0.4023306392167364,0.751245691599169,0.7271479519634204,0.5037692827407103,0.4667993649805462,0.6961582710463491,0.0,0.7252017768527497
0.3430560011764018,0.4210080940122054,0.0,0.2846611104969118,0.1338240920506507,0.25015844384687325,0.1618060156479892,0.19652289560106306,0.08550281808195884,0.3216997915640839,0.23640669455441854,0.1703825033267894,0.23490023141708805,0.16503368203943225,0.21586766360605653,0.2793852498605006,0.2917994638533403,0.2836851384625507,0.20021682733679444,0.3489612675818137,0.4858158251572158,0.3190244790292037,0.31415901091153986,0.28720074018214614,0.41785715089857234,0.43635870158322954,0.3072052231619407,0.27516844934856716,0.5408652957571909,0.3120734431987563,0.24309958408455196,0.16837080918566455,0.38349189860245064,0.1728485676966217,0.2604370231305814,0.23712264818394935,0.2564824605764479,0.2910540792837255,0.5365001955450437,0.4620909676109023,0.1892391810926185,0.3933137264490887,0.3661831288849826,0.4160682244116034,0.0,0.0,0.38038167834513603,0.013169669884415897,0.46253226100784234,0.43566856435971096,0.1424254024876076,0.39587354297308863,0.01101422611577002,0.4080493638790167,0.36947396678499356,0.37207284002334884,0.40791809411598373,0.3864683658767104,0.34858382277651795,0.38989606765823137,0.0,0.0,0.0,-0.034596243219209455,0.514887374229818,0.5525812860996984,0.2989526387754039,0.039408252089717266,0.0,0.5467974713228674,0.2835267579742864,0.11151268109585771,0.387108954805758,0.28241210557711677,0.45044088078425126,0.2811816224486743
0.0,0.36953144848784425,0.2846611104969118,0.0,-0.10801929461169263,0.373561578123787,0.8000398448918321,0.14858786002422164,0.15105962974225218,0.33255886156937464,-0.07404766317762607,0.3475969096409093,0.33428645956863356,0.3970988379107935,0.6217680858460414,0.24496614520001364,0.47874532026907485,0.48335895634794884,0.392244621083465,0.5349573842852892,0.47781341105247443,0.5912623113757143,0.3012010892270422,0.12478866050190962,0.7813357581890203,0.45421251978390353,0.2781021021003996,0.10248846309152576,0.26257999936048626,0.44751355156180694,0.2109831475676721,0.1628723155064473,0.15381353444523538,0.2087288777088417,0.2122781490108485,0.0926625919450661,0.08404085119945101,0.28968479974353334,0.16058043998053306,0.35565795093369545,0.18602042251884246,0.3073324812288734,0.256972605210732,0.3827321272022435,0.0,0.0,0.0,0.46672360645995126,0.0,0.0,0.30058732992810344,0.0,0.4790340547608027,0.3793480182364696,0.0,0.185269427756378,0.45204925811657104,0.4942725065901981,0.0,0.0,0.0,0.0,0.0,0.0,0.0,0.0,0.4465479415416635,0.21370678485043956,0.0,0.0,0.0,0.19267009068409346,0.40658824728537957,0.7036865217454971,0.0,0.0
0.3469223749179721,0.4166964454336859,0.1338240920506507,-0.10801929461169263,0.0,0.018544043867079835,-0.07800260483624138,0.35057403120920205,0.09577026961003868,0.4668875879390496,0.02879589472619354,0.3529633865584606,0.2063755324613766,-0.16166500445142884,0.3205391542081161,0.5136685737911326,0.47011493479291155,0.2810833977124441,0.03314008833229859,0.4488677575466156,0.520786167483221,0.44580091469495325,0.14661439850973196,0.34738841778132673,0.4088063271871242,0.4465277448534985,0.10943997469382069,0.4120678946242701,0.5662224659395406,0.3222123214469753,0.05704805576016647,0.03340446560128113,0.4265332316578178,0.10470808493276851,0.24065753622459732,-0.11121479036401677,-0.03587903273624443,0.2601052876094472,0.4680318462718011,0.7595160124411188,0.37543800617536915,0.35198513018006516,0.5262087249374187,0.8157525016430098,0.3486792754976652,0.0,0.24203578513748314,0.2877278840283851,0.0,0.4243077552680976,0.3489718277092845,0.37182796830092446,0.37438420828146013,0.3515425552812338,0.0,0.23121276212783987,0.24924425497595726,0.30161475637460405,0.2971531295182185,0.30454688630047366,0.4984326034266584,0.0,0.0,0.36092161911455717,0.3614489340222865,0.44617576272315895,0.39949734686343213,0.37158629772458596,0.0,0.46063397555505614,0.4545692817075028,0.3266582533357073,0.16817600020829815,0.30432448416767166,0.0,0.28023255281415427
0.6432424244525796,0.7162450686639863,0.25015844384687325,0.373561578123787,0.018544043867079835,0.0,0.29956669644211154,0.43016963034343403,0.17873483727880524,0.4640333215549616,0.06216894678924201,0.398208320928904,0.44989090261181125,0.2086651890975969,0.7224920770690848,0.7698088880988335,0.41550612196274894,0.6537398070398855,0.1923557231059433,0.9179595497026791,0.587606691594092,0.6960540006463577,0.459329002293525,0.552682661182055,0.7564544064366041,0.697590134097158,0.40833039175425767,0.44750971648968035,0.4893719730739999,0.6956291315508918,0.48455725536645133,0.32475969727919063,0.7564822242710629,0.5689183049923088,0.4986979385486114,0.16329941176874074,0.04204941041500071,0.24604925843974434,0.2740077605988124,0.3229006804841917,0.3466984921736925,0.5508028857126213,0.2442796964368087,0.37787030804607363,0.20066013137654465,0.47917587554063756,0.43366541286857874,0.20980152079708014,0.3815372179037414,0.26882158534818945,0.37559307500551814,0.4384779495684741,0.334482583613372,0.35181515030894683,0.49341002775400183,0.4079119973701027,0.14605836251747298,0.44891118115516426,0.44291642126427,0.50859177697299,0.46956438553416824,0.0,0.4416361069463076,0.3931971025114048,0.46431962072308797,0.3131246899860415,0.534582698118138,0.28946089876895503,0.49677495706005104,0.4026803641446864,0.5203059076345871,0.35475143752626215,0.384412794901172,0.516780331940601,0.4300117000796056,0.420733484822798
0.5913776004643301,0.5572767085443464,0.1618060156479892,0.8000398448918321,-0.07800260483624138,0.29956669644211154,0.0,0.1825323343347655,0.15607045064903985,0.37962119936922034,-0.0035833407313055066,0.24836573722348174,0.21217387731935922,0.431458469865287,0.42166396513063936,0.6596857617819021,0.6061376187435761,0.524513906342799,0.000798612892406847,0.6766638488908555,0.3888170206958944,0.7034757637764337,0.25981465563367506,0.2930999762092864,0.45644312223854966,0.4892516238175894,0.2638062962376968,0.6127613875058218,0.5886841680384272,0.3327012827521105,0.09034836857523049,0.09674764849069067,0.415780078391079,0.02456159849454137,-0.08531547389136959,0.7223712952565132,0.6917715927003878,0.4106255125619557,0.43387500525467126,0.3649482519457976,0.38005409033328474,0.5213638820612742,0.3847168848491843,0.7110559190132053,0.37941788867706655,0.0,0.36576966494865665,0.23564355045284663,0.0,0.19957418782118894,0.36902858428899066,0.27257962073124586,0.38603354820561236,0.28666903915528025,0.5627857217762663,0.20256930840619702,0.2521906727541302,0.24476487793831192,0.23471409565551712,0.25128998451081763,0.36818222114396193,0.0,0.4758614358075863,0.287316920658847,0.39735514707957925,0.2664325894027655,0.46846199851079884,0.2769233065009603,0.46001702205529593,0.5615304737611542,0.3868815336975291,0.3714442804521574,0.31079906489508535,0.30633099038773637,0.31735788591389713,0.25109132353501273
0.7184437837913312,0.4973406943267915,0.19652289560106306,0.14858786002422164,0.35057403120920205,0.43016963034343403,0.1825323343347655,0.0,0.1349566935977564,0.45750768419861015,0.0913059860248823,0.6973227677298096,0.41290387691050356,0.0033087090860589585,0.5316165497485252,0.6599923636218009,0.35031175247966573,0.6765567733729385,-0.035634744288769504,0.4399808124598449,0.3394254039621605,0.5128725966977259,0.14387361086304523,0.6737682938401353,0.9035184332567059,0.8547543988184003,0.1637895076592964,0.4740837375247891,0.508209107025064,0.6808210745915737,0.40684335399102867,0.45351725569766954,0.8139916579904927,0.445212664597854,0.36147520175469355,-0.13493646471843979,0.5140561228700785,0.403539873078707,0.11899803683462912,0.30722516215523166,0.3157391802106153,0.4537179936404939,0.42633411139962973,0.5153548045829477,0.0,0.3254452843049069,0.2861047010550114,0.3955367012892197,0.0,0.5465183513103353,0.5366812347120683,0.5234034209506776,0.16924863864118517,0.4654811979890183,0.6684989472585892,0.29414206772533913,0.9411234466199736,0.4074668358530792,0.46778745107604913,0.5031786522236417,0.21752448068028007,0.0,0.6231654344794028,0.4552356814850481,0.49393714502608566,0.46092902241600364,0.4701872695922859,0.16919226085953656,0.0,0.21019755771054816,0.3380416294037337,0.4028867278577435,0.41352939228127644,0.46962741706839584,0.2465703203240847,0.30271328854129004
0.4206598392039338,0.21275249598829044,0.08550281808195884,0.15105962974225218,0.09577026961003868,0.17873483727880524,0.15607045064903985,0.1349566935977564,0.0,0.38800902925462094,0.0999635328701709,0.24877431648471401,0.11818526366611898,0.20092576057803074,0.4776706877778376,0.39374293794778004,0.39095052036117606,0.3293103555466198,0.07188301350611523,0.7664016534632034,0.43960164573120647,0.6770023497818891,0.26788892770833905,0.18477968572984044,0.5054254964137658,0.5478033468904397,0.14398167213759938,0.22680608537975697,0.5092548320415833,0.36147602954078173,0.19915708730611653,0.1697599059159515,0.24126839135671357,0.14467416120056104,0.11403121392476978,0.30944438333460245,0.12549510344061288,0.2963869608368477,0.4181095486322713,0.6013242297988066,0.11408771680958535,0.04993859358999847,0.41506204307084604,0.3239755634890521,0.2381545992868104,0.0,0.2842054799339835,0.3385186228480072,0.45493039667983926,0.38534575160970297,0.26749724666573876,0.44929176274121685,-0.00846772299584636,0.31819972908613703,0.0779819645011606,0.4799885412856118,0.1539504347231722,0.2900259756122352,0.24634861853572182,0.3763221961748022,0.6043783746120575,0.0,0.0,0.3681139568543479,0.47851768383288096,0.622164342601574,0.3812124096725906,0.16177191580290584,0.3952997554527834,0.42122271387906013,0.23043401739694605,0.23015549479231184,0.31313467888077784,0.4316450183443482,0.38598359155354856,0.37911417939587067
0.43294980929412497,0.8132885866966049,0.3216997915640839,0.33255886156937464,0.4668875879390496,0.4640333215549616,0.37962119936922034,0.45750768419861015,0.38800902925462094,0.0,0.33862010277496934,0.08830258390374018,0.10018331188817287,0.5444682681429334,0.6278236401922367,0.4253446480578462,0.14909873447864153,0.4512586482348332,0.3488348921873662,0.4591771548681792,0.8208192827118168,0.49566109363137034,0.4913997656693081,0.21877179917837097,0.6260925280928046,0.4654420724892191,0.2961011161566002,-0.2615781395375256,0.2987131147057973,0.23101790662324517,-0.035382284487458004,0.42853829248515063,0.5796346331710788,0.38476164341197916,0.236048232483741,0.481334861165598,-0.1062038194349168,0.08124902121543837,0.4194561824002816,0.5156044412558942,0.5518662531610776,0.4710668734231166,0.27144565636830914,0.32973312863543425,0.005722829429477716,0.6717291195318171,0.37049073505349384,0.3464195653113156,0.44547677162324056,0.41485449303909516,0.26048414998330627,0.298394748263708,0.588976156058757,0.15450773793405886,0.5159197585735391,0.3218876606289422,0.5545380871319803,0.3493905933283033,0.0,0.5747226483531871,0.719767079720444,0.5334709059216053,0.5289139330388282,0.47491291496072313,0.4774211185168785,0.5733437030462505,0.39860216967074563,0.4971439172536811,0.3479664647749763,0.4720881200253732,0.48426209531040065,0.3562753478916776,0.47534439945999135,0.32121501664723645,0.0,0.67820726662782
0.5207346382698506,0.3295245221988787,0.23640669455441854,-0.07404766317762607,0.02879589472619354,0.06216894678924201,-0.0035833407313055066,0.0913059860248823,0.0999635328701709,0.33862010277496934,0.0,0.1935069764833196,0.048035216831949556,0.03605424194501705,0.0,0.46250711965852914,0.35898684167204087,0.3214165276993869,0.17804384760560665,0.4997097538356174,0.4342083840168992,0.14218705746105748,0.2801368234520957,0.24027944453915928,0.3634415347703348,0.3170746494826173,0.2478732766209052,0.02465089675789578,0.09194603824690545,0.269472566913737,0.013462264464663976,0.16864403635612596,0.3206901325639371,-0.00046399956091158767,-0.022842735788132562,0.04040500889730825,0.2055966770547455,0.3663451842081844,0.23415148527530588,0.47062314542935774,0.27523516597775943,0.4434652767899039,0.34371431295203664,0.46955023178724137,0.1908473271665162,0.0,0.0,0.13273763080243,0.4769122499025069,0.11843139927263732,0.42804647534084095,0.1949395978899111,0.35259310244521647,0.12778118302459576,0.316364661828066,0.07260885098444675,0.328025441561344,0.17914264231852806,0.27128051240399864,0.0,0.0,0.0,0.0,-0.013357549228378451,0.25367348417341495,0.0,0.5659592344246094,-0.03584252921250736,0.0,0.0,0.9134171023826019,0.41340784406640524,0.17620783795073947,0.16486929568465325,0.0,0.1196997346267217
0.5138701245488014,0.4734076687470262,0.1703825033267894,0.3475969096409093,0.3529633865584606,0.398208320928904,0.24836573722348174,0.6973227677298096,0.24877431648471401,0.08830258390374018,0.1935069764833196,0.0,0.4247315630669086,0.5086656902510576,0.4136281019653653,0.7879385301847246,0.518763909084374,0.6007144771546925,0.32143751753407457,0.8732849530627921,0.8834797637722683,0.8013088255158147,0.520127788710322,0.38390566687234357,0.477500918371852,0.25762691592304676,0.38025096465869346,-0.10653912410818234,0.3109238543400589,0.20679384197217748,0.04949823576062856,0.22052218533735785,0.5576248058307601,0.332268953729358,0.37445343240091533,0.39746676137838277,0.3080978496456965,0.02671536674427763,0.4310883233563528,0.46366238072026716,0.5649802053170494,0.5649442704748895,0.37707106062779205,0.28219787675443647,0.23278250356345498,0.3870040011337593,0.5654556030032787,0.32433072981209377,0.3105761212732453,0.4042412557684507,0.313500422566833,0.4629851052694641,0.38340967289321093,0.25235293750093885,0.6071780432388523,0.2542238280277972,0.6403938672304234,0.3556872946530918,0.5285499337858381,0.5259900822505957,0.5338692741980613,0.5662909368432862,0.7450086090636157,0.31630149942940367,0.8359238315442921,0.41216874562701256,0.383249573088223,0.32827935754295734,0.3778302833761382,0.5301925259703195,0.5194267584347595,0.03484158188495859,0.4358806876774769,0.2754531255063766,0.0,0.7068386545650309
0.5163922670893666,0.6147572799099748,0.23490023141708805,0.33428645956863356,0.2063755324613766,0.44989090261181125,0.21217387731935922,0.41290387691050356,0.11818526366611898,0.10018331188817287,0.048035216831949556,0.4247315630669086,0.0,0.5360805494275194,0.5580484803786432,0.7753741443144012,0.4065933235745662,0.5664455530467711,0.11629137390772304,0.9122094380729227,0.5597046284881836,0.7583007570427578,0.41730483176966515,0.3326469235073516,0.9546008111933715,0.6510923759452475,0.5349718132213086,0.4632872129128701,0.6746905822753793,0.8789115020163643,0.17041586245847554,0.15192830165125853,0.3423986458690377,0.36525729296310294,0.27505387977914203,0.7350166311190146,0.44412285901125864,0.022689615802286955,0.3003527419830654,0.5123576224790554,0.34152223973655627,0.4649100222647453,0.4281805981597508,0.44918513109290886,0.26884571132083535,0.6274722240071157,0.4587633781998821,0.40726475388497796,0.0,0.27920500749073046,0.4412760138633802,0.43385918022453585,0.3357103235262785,0.42181946915588786,0.45972352887767237,0.13517639677833507,0.232881402788811,0.42868578971932114,0.29179376774704935,0.29223696121892806,0.39930048994377276,0.38124259522738074,0.43100935869399964,0.3690700250967213,0.39172401003602286,0.31464082329115123,0.3645995994872635,0.324118755751608,0.4188479516290948,0.3873064527161455,0.33986825457982983,0.47811823573041257,0.43705974012481125,0.37396076054805705,0.33343398675468494,0.3859501067853384
0.5778344413269353,0.28742334896685706,0.16503368203943225,0.3970988379107935,-0.16166500445142884,0.2086651890975969,0.431458469865287,0.0033087090860589585,0.20092576057803074,0.5444682681429334,0.03605424194501705,0.5086656902510576,0.5360805494275194,0.0,0.3675447191577696,0.5756819032564757,0.4666897297038974,0.46080380724156517,0.010296438881531478,0.5365224244080817,0.4122443269251159,0.20698051911683327,0.11442999240440493,0.3430732103129727,0.6849031321515269,0.3935466032533642,0.03683149997115548,0.7788483273363772,0.2127077145230453,0.4821665234124977,0.314963591987878,0.22220200026460643,0.34801216582362354,0.41251864027276597,0.3383544919110625,0.13785357065423098,0.14726000424167981,0.4175899088494044,0.6134702488058695,0.0,0.4882154929514874,0.6378610326294408,0.521370413963624,0.4618718430200175,0.0,0.0,0.0,0.42442904053516894,0.0,0.3892474136185463,0.45068257645408627,0.34621495505180544,0.4651526216757275,0.33369828744217284,0.0,0.5273505918448296,0.36089041469335764,0.5010107509309314,0.33467939211427244,0.0,0.0,0.0,0.0,0.4654642364078553,0.0,0.0,0.0,0.5596637799603358,0.0,0.0,0.0,0.4763679083426149,0.35290796981093897,0.0,0.0,0.0
0.8399974063725941,0.5539432467449176,0.21586766360605653,0.6217680858460414,0.3205391542081161,0.7224920770690848,0.42166396513063936,0.5316165497485252,0.4776706877778376,0.6278236401922367,0.0,0.4136281019653653,0.5580484803786432,0.3675447191577696,0.0,0.6688986124457066,0.4670457447893571,0.6597352901210272,0.0,0.6624959593017736,0.5615688182348542,0.5000049440961876,0.6540516471747004,0.9812453398927918,0.7179210229322577,0.607980512180009,0.5370659568655054,0.5075337544239429,0.8287724917649746,0.3678514363051722,0.551080642661478,0.7462287813993138,0.8918129564006039,0.7517580047999337,0.6939743408801604,0.7375823261869675,0.3977242552260375,0.361592746742948,0.4241119953006254,0.46480545982299293,0.575016219481839,0.617614373155903,0.5305198745489754,0.5938705809581089,0.0,0.5266001332257165,0.7569337054886562,0.24642314923575126,0.0,0.0,0.5515299184751454,0.5182676271295269,0.19282619114606236,0.30282359712469453,0.0,0.0,0.6054207340779381,0.3700880456189195,0.4748489489667273,0.2557008980730092,0.6365718092543846,0.5315449544292421,0.5571004113440425,0.0,0.7277153929213502,0.7112793408150302,0.8311218264405509,0.4746907803832734,0.4574091631830487,0.5830874373871022,0.6199287387275746,0.49648025540500984,0.38226150986250895,0.5243453685434094,0.42443332080703094,0.5809220404105965
0.924095214597652,0.9899965420637784,0.2793852498605006,0.24496614520001364,0.5136685737911326,0.7698088880988335,0.6596857617819021,0.6599923636218009,0.39374293794778004,0.4253446480578462,0.46250711965852914,0.7879385301847246,0.7753741443144012,0.5756819032564757,0.6688986124457066,0.0,0.5150311963044898,0.8864477477736437,0.5038674525097571,0.9984276872056206,0.851556106477436,0.8940728721341518,0.7140022702967159,0.5899983913820546,0.8062363149665869,0.8078492370366261,0.8423966461223316,0.7840542648921025,0.7606013698117129,0.5779863158389572,0.3505034951315523,0.9213411404104901,0.8959301624426799,0.6293897644479804,0.9219394869262454,0.4909450235290379,0.39006250845860857,0.5703303779202991,0.8459982121508577,0.655057837401438,0.7579032606376195,0.6551373474644142,0.4757157991051263,0.0,0.0,0.7059403056018257,0.799247529773052,0.0,0.0,0.0,0.4871590007519446,0.3138834291493605,0.4920998925656536,0.0,0.5455516082873607,0.0,0.15909717765303516,0.4173455289896467,0.0,0.5540403755738712,0.7358702972812401,0.46355544169473134,0.7421230540288187,0.0,0.5848121343803167,0.7032116524502079,0.7389941237731553,0.6228431175114877,0.2713218602065708,0.7815585610749114,0.7725155931794674,0.5882609682453545,0.567265077726588,0.6686169460680267,0.0,0.7047023902065501
0.33363090591802125,0.707183955077882,0.2917994638533403,0.47874532026907485,0.47011493479291155,0.41550612196274894,0.6061376187435761,0.35031175247966573,0.39095052036117606,0.14909873447864153,0.35898684167204087,0.518763909084374,0.4065933235745662,0.4666897297038974,0.4670457447893571,0.5150311963044898,0.0,0.2758123174857674,0.583852267130238,0.4096762032539938,1.0902947596104595,0.6612841123683502,0.32437458102773353,0.45498804341961163,0.35983811615234224,0.4698297955743575,0.40193589455924433,0.5794624940601069,0.35255094293230665,0.6826413358133208,0.47967930431805156,0.991051935941397,0.687936936139526,0.6185727210520577,0.7925286260898601,0.4719341510204659,0.34840159940590965,0.3710913449792415,0.6453221430089069,0.3271919051161497,0.4522451290559917,0.47908427215727284,0.0,0.0,0.611404371658131,0.6999213697324386,0.6237087564743355,0.0,0.0,0.0,0.0,0.0,0.0,0.0,0.3658201318670885,0.0,0.3186357923321489,0.16585171757060274,0.0,0.5988619862379786,0.31363535961217615,0.6233886710478349,0.569230665045585,0.0,0.0,0.0,0.5588690757476871,0.0,0.4749074851221392,0.5856043559154157,0.5454692735414066,0.0,0.22715080196824952,0.4577500446110649,0.0,0.6281419458907825
0.6310760076941004,0.8116223842764845,0.2836851384625507,0.48335895634794884,0.2810833977124441,0.6537398070398855,0.524513906342799,0.6765567733729385,0.3293103555466198,0.4512586482348332,0.3214165276993869,0.6007144771546925,0.5664455530467711,0.46080380724156517,0.6597352901210272,0.8864477477736437,0.2758123174857674,0.0,0.4349442750475661,0.881320882443118,0.8075834509646173,0.84777269661849,0.7730571324079878,0.5274006972567389,0.5111849177739881,0.6318552973450029,0.9003682724489566,0.7033858396732114,0.6560009399988731,0.5869418100473927,0.4221316877564338,0.8727731587599783,0.7431221727437002,0.6833146768997849,0.9367647917405387,0.5319026929255097,0.39347876039280333,0.5778165882341268,0.7649670062284553,0.5430580119807557,0.5950279886485544,0.7049535911382516,0.0,0.0,0.6396462343140457,0.6308867772291635,0.509688176584905,0.0,0.0,0.0,0.42884622064229405,0.4671317122687625,0.6255096173887418,0.0,0.5755951236707922,0.0,0.4576387172892127,0.42400068805842184,0.0,0.5382032372451767,0.6560068408789126,0.6234448449651382,0.6373954192055732,0.0,0.4721366865562946,0.5420097977060581,0.7733126104787506,0.7702562807570267,0.6627401682429563,0.6498937894991832,0.6434036828352024,0.4794604169575165,0.6414372358703899,0.5384988802124362,0.0,0.7315179624837564
0.0,0.4186695769124771,0.20021682733679444,0.392244621083465,0.03314008833229859,0.1923557231059433,0.000798612892406847,-0.035634744288769504,0.07188301350611523,0.3488348921873662,0.17804384760560665,0.32143751753407457,0.11629137390772304,0.010296438881531478,0.0,0.5038674525097571,0.583852267130238,0.4349442750475661,0.0,0.45640308043892586,0.22585004313100004,0.4315043031487553,0.19964244966607958,0.38634919490881947,0.4594827605777792,0.3346093010043353,0.420529992852047,0.08707656328020935,0.39781716344982665,0.22021896857955306,0.13073271513106322,0.1202727875199191,0.4951033196384575,0.04379115045668541,0.3807841105211885,0.10634070213231128,0.3197246840445723,0.2787389761696005,0.49718643938717044,0.45166674599606604,0.4440289711454656,0.19638440983267655,0.5067153119912851,0.15463920035904194,0.06146324141902852,0.0,0.0,0.40598690393680803,0.0,0.25670514322178317,0.34904339597133904,0.2433605388503462,0.23396393844585134,0.3725386175474661,0.6437679302564793,0.31993062953845974,0.3486795154095499,0.15125653887057755,0.33484141270245,0.0,0.0,0.0,0.0,0.33214010757326345,0.47271435131882844,0.0,0.44605990006795837,0.28198440891506754,0.0,0.0,0.0,0.2280170135855233,0.2435950896057955,0.42847111665246745,0.45396775577762816,0.38224866310342964
0.4606676582116581,0.8150780770367743,0.3489612675818137,0.5349573842852892,0.4488677575466156,0.9179595497026791,0.6766638488908555,0.4399808124598449,0.7664016534632034,0.4591771548681792,0.4997097538356174,0.8732849530627921,0.9122094380729227,0.5365224244080817,0.6624959593017736,0.9984276872056206,0.4096762032539938,0.881320882443118,0.45640308043892586,0.0,0.7241876327986971,0.7935308032571102,0.48080043281905366,0.5383411000400075,1.0079438775361913,0.8015133647756103,0.507176949959063,0.8399362356277966,0.770238046393589,0.6337913790181355,0.5252341489627361,0.8896175015895837,1.0040910952419961,0.958219997107844,0.9055521047592587,0.9597848408895878,0.522313818335465,1.1955258265278892,0.25160883236396886,0.4014747042544356,0.5266250273764831,0.3727862965290916,0.5895250556197628,0.04453065574057316,0.32373148652964273,0.6429831415452956,0.5607746235372272,0.23902616436064764,0.0,0.0,0.40126172891990863,0.4436327732064178,0.49709013560894105,0.2773634202074936,0.7694715389397753,0.0,0.5199216578618511,0.413591904648439,0.0,0.601383804406853,0.5260693987584414,0.48155166641624403,0.4212224349984702,0.0,0.47400142041200366,0.5156596648430705,0.725351893561444,0.5238370856726787,0.0,0.5140693370512749,0.5179700030565267,0.49875263025549665,0.39291589367357715,0.513244910418098,0.20669668785023515,0.5491665876820683
0.668044843122391,0.7493699265908285,0.4858158251572158,0.47781341105247443,0.520786167483221,0.587606691594092,0.3888170206958944,0.3394254039621605,0.43960164573120647,0.8208192827118168,0.4342083840168992,0.8834797637722683,0.5597046284881836,0.4122443269251159,0.5615688182348542,0.851556106477436,1.0902947596104595,0.8075834509646173,0.22585004313100004,0.7241876327986971,0.0,0.6377268899555534,0.39228459058677817,0.732776756932261,0.7481079754281712,0.7213474800996891,0.47948834207950164,0.6333305567154146,0.5819254555740947,0.7462976251279854,0.6691866304478183,0.6749790112530805,0.85759800078928,0.7165584628555597,0.8825100886107062,0.5758798813101638,0.14182685082173432,0.5973519264174793,0.34839558185000036,0.3647935628087795,0.4108719123554102,0.5179130550101401,0.46969234938021087,0.0,0.0,0.5768251204006585,0.3708263991080567,0.1350787106331564,0.0,0.0,0.6354944781990051,0.3073362582061768,0.4609745590579288,0.5150945159485991,0.45722410494642773,0.0,0.864783355140426,0.3725183105518016,0.0,0.45464826562242044,0.6475288437431064,0.0,0.5325300272506087,0.0,0.05825853377350687,0.5387392110569754,0.4965957085910605,0.24305292847914142,0.4814060766200523,0.5043355068980784,0.7230446495699002,0.31944179337271494,0.39605270911842094,0.2990683687487647,0.23367423014749197,0.35913494155578934
1.0144225215940996,0.6714647455770107,0.3190244790292037,0.5912623113757143,0.44580091469495325,0.6960540006463577,0.7034757637764337,0.5128725966977259,0.6770023497818891,0.49566109363137034,0.14218705746105748,0.8013088255158147,0.7583007570427578,0.20698051911683327,0.5000049440961876,0.8940728721341518,0.6612841123683502,0.84777269661849,0.4315043031487553,0.7935308032571102,0.6377268899555534,0.0,0.737230978574827,0.6223179860632876,1.018225800202618,0.6043150875390688,0.7184110803028861,0.9168682078168111,0.8239326519604171,0.6321657578968222,0.5392404089104417,0.9240679484434321,0.9056549366309048,0.9225444374814404,0.8467146544144492,0.1430846692360393,0.8262409139060567,0.5692203859284032,0.6114355046900632,0.48844534316294086,0.6020285319385599,0.6921179024027838,0.5422055013585663,0.21270172719192787,0.3656405037109086,0.979758441296457,0.653523701095498,0.2827981046922722,0.4684288697402551,0.4042255961746256,0.6898976457935329,0.45066102072911285,0.33760971914123655,0.4361172661226355,0.3959706180869888,0.0,0.3535923709484694,0.45397735645698134,0.0,0.6254914243730126,0.6797538772024894,0.28153014406195936,0.7394543276550238,0.0,0.8145467708859332,0.5547422191488751,0.7501584032299392,0.391506879484222,0.48246029294971443,0.7078894363442743,0.6902520124170066,0.595778128239171,0.4270698936157028,0.5810876187727443,0.5032486689597042,0.6955916551543209
0.759819556083251,0.6215585530907412,0.31415901091153986,0.3012010892270422,0.14661439850973196,0.459329002293525,0.25981465563367506,0.14387361086304523,0.26788892770833905,0.4913997656693081,0.2801368234520957,0.520127788710322,0.41730483176966515,0.11442999240440493,0.6540516471747004,0.7140022702967159,0.32437458102773353,0.7730571324079878,0.19964244966607958,0.48080043281905366,0.39228459058677817,0.737230978574827,0.0,0.6781557418785854,0.6581177598630508,0.482207259170757,0.3331738665494356,0.5068853951627532,0.6329639786170485,0.5160528706278865,0.4454652765762341,0.5037285477928033,0.7455576576848681,0.6146490980509867,0.5689598489419767,0.3340870222624319,0.3442036678554063,-0.03703504236238142,0.22914101580607618,0.3882838895787479,0.33456355159643547,0.21103128742934896,0.15012878104462718,0.4633631327657185,0.39178500891466195,0.27333067110139675,0.6133573473629917,0.4832802030757388,0.2685912463445051,0.16884720687052984,0.37198316188147595,0.3008649720919917,0.21522119060944722,0.12034861781231498,0.38443331449099216,0.5023914350960321,0.22186931767468976,0.34967856712146367,0.04748512968740409,0.3898084309349439,0.5884095143918371,0.4774211185168776,0.47319755928470486,0.44897556646447334,0.3269673614014445,0.5591711093335059,0.694896974122102,0.36129363004987247,0.3301787786464542,0.5433403207356893,0.5521830751579991,0.2973373728267159,0.28409570281424074,0.29450255662017566,0.5338159396708952,0.3002965033664856
0.7422919086114168,0.5430842976502406,0.28720074018214614,0.12478866050190962,0.34738841778132673,0.552682661182055,0.2930999762092864,0.6737682938401353,0.18477968572984044,0.21877179917837097,0.24027944453915928,0.38390566687234357,0.3326469235073516,0.3430732103129727,0.9812453398927918,0.5899983913820546,0.45498804341961163,0.5274006972567389,0.38634919490881947,0.5383411000400075,0.732776756932261,0.6223179860632876,0.6781557418785854,0.0,0.424851735206926,0.3532899296608497,0.3624819471211212,-0.011586361380794441,0.5480931376693761,0.6388118093894728,0.20434013053876035,0.18649992037562887,0.7450621692146471,0.48742768299561323,0.4579252097170998,0.41272103045368635,0.218965375254111,0.38101260728433806,0.4076409643458515,0.6833852048962941,0.7271105417525531,0.7446531761072979,0.31630842704941053,0.22530061679475033,0.3109497591440358,0.37331503726321313,0.45327516379586097,0.0,0.0,0.5020291787798437,0.5113713131462607,0.42039985246707856,0.0,0.2569212134155424,0.6654581651287861,0.47259823581171345,0.5147885284353158,0.4171110076199278,0.0,0.3867429459823438,0.4318495396478902,0.7472779304048931,0.5338215855200976,0.4448199173076916,0.42864959869005437,0.4048851566276984,0.23695697037170038,0.6982882461135014,0.5630699716834544,0.690329057535104,0.5866282115732948,0.4346460753779906,0.5587830525733665,0.5835691412645521,0.0,0.5421304329423788
0.5277424084819772,0.7888442978459875,0.41785715089857234,0.7813357581890203,0.4088063271871242,0.7564544064366041,0.45644312223854966,0.9035184332567059,0.5054254964137658,0.6260925280928046,0.3634415347703348,0.477500918371852,0.9546008111933715,0.6849031321515269,0.7179210229322577,0.8062363149665869,0.35983811615234224,0.5111849177739881,0.4594827605777792,1.0079438775361913,0.7481079754281712,1.018225800202618,0.6581177598630508,0.424851735206926,0.0,0.32628591922909167,1.0585865593325243,0.9882494543385625,0.8193667283433097,0.4067305976162222,0.546186626770104,0.6697498613362868,0.6647019443876986,0.617104808477273,0.8672647332156765,0.5205263969324261,0.26343816466667697,0.4925489911269277,0.6619345492592761,0.46474229871306194,0.5585092069968091,0.6181938033805583,0.24920279943261237,0.0,0.3910221918666529,0.5922850634251217,0.6163277602135424,0.0,0.0,0.0,0.5273779001987798,0.31554305203897304,0.40244985627881547,0.3904173311219907,0.4730071548268403,0.521424215854247,0.4970939352914626,0.3524343801484071,0.0,0.5387528316057237,0.6629550975705832,0.5029681242531484,0.5393632818313604,0.0,0.8169883889843054,0.45961912438155705,0.7290258603459374,0.3856972200819784,0.48719210433864696,0.5984289034125629,0.5351936035498198,0.5207439879251867,0.5587435869919551,0.5912600957922163,0.0,0.5727321413784344
0.6957017332520017,0.529022223200977,0.43635870158322954,0.45421251978390353,0.4465277448534985,0.697590134097158,0.4892516238175894,0.8547543988184003,0.5478033468904397,0.4654420724892191,0.3170746494826173,0.25762691592304676,0.6510923759452475,0.3935466032533642,0.607980512180009,0.8078492370366261,0.4698297955743575,0.6318552973450029,0.3346093010043353,0.8015133647756103,0.7213474800996891,0.6043150875390688,0.482207259170757,0.3532899296608497,0.32628591922909167,0.0,0.5435186938067964,0.5706939063693618,0.6867149417673094,0.303027336197471,0.6062690733564828,0.9512598369130061,0.9508539679008217,0.8219532846750383,0.9515900923282814,0.5688419218607523,0.49252454269743784,0.1864614873010217,0.5870277205626764,0.5904084185129016,0.6001159607411655,0.47492179127026046,0.21768647370921168,0.5152858143255192,0.34762097394896324,0.6839865466333858,0.6900054124546877,0.4603964134333074,0.0,0.03607262796951079,0.6494306367188123,0.3695128150112283,0.4909465011740803,0.45235516490732625,0.39522634863659456,0.0,0.5009323602807904,0.558025229513274,0.0,0.5827504529113283,0.7281296612455787,0.36574502398641573,0.47995623661821996,0.0,0.581443158551268,0.6059912631993375,0.7403112632568565,0.5669412718293163,0.43426641797540727,0.5512367629184435,0.46201630312697284,0.5546059471284885,0.6005728487016532,0.7240490371641711,0.4823906615403938,0.42219380954459396
0.4315131980429021,0.8130142848838733,0.3072052231619407,0.2781021021003996,0.10943997469382069,0.40833039175425767,0.2638062962376968,0.1637895076592964,0.14398167213759938,0.2961011161566002,0.2478732766209052,0.38025096465869346,0.5349718132213086,0.03683149997115548,0.5370659568655054,0.8423966461223316,0.40193589455924433,0.9003682724489566,0.420529992852047,0.507176949959063,0.47948834207950164,0.7184110803028861,0.3331738665494356,0.3624819471211212,1.0585865593325243,0.5435186938067964,0.0,0.5439681313818046,0.7644119788632959,0.6163967292580821,0.5987376667233117,0.586272046961376,0.8769472317266438,0.8333153123658408,0.730616084400911,0.6930747364888541,0.6424028834703555,0.26236523240494514,0.23593705699405443,0.44359814388102625,0.48898340510843386,0.16381055743386436,-0.06251916068222713,0.5132756714119188,0.40062000487084143,0.3542455477136618,0.44858861847307746,0.1607867835033645,0.346813755838594,0.38277519330867493,0.3435475824446158,0.38543723398856045,0.04122362406658614,0.20754174514444412,0.42868607178665186,0.32711947660486596,0.12046035445010472,0.45780489525630014,0.4313588619391594,0.5866880985942367,0.45035839895145885,0.0,0.2976224464584607,0.47054988824973853,0.4687213850753902,0.5395749151050244,0.5796866534036345,0.22942304558628146,0.0,0.44023582977103454,0.5310480610091648,0.3111470572080117,0.3266037774120846,0.27589569322602286,0.3761132282598865,0.4866161703029712
0.45457710947588753,0.6869559589503755,0.27516844934856716,0.10248846309152576,0.4120678946242701,0.44750971648968035,0.6127613875058218,0.4740837375247891,0.22680608537975697,-0.2615781395375256,0.02465089675789578,-0.10653912410818234,0.4632872129128701,0.7788483273363772,0.5075337544239429,0.7840542648921025,0.5794624940601069,0.7033858396732114,0.08707656328020935,0.8399362356277966,0.6333305567154146,0.9168682078168111,0.5068853951627532,-0.011586361380794441,0.9882494543385625,0.5706939063693618,0.5439681313818046,0.0,0.4842599954587547,0.4714023948687103,0.4224161702850271,0.1397444035303559,-0.14871506336578932,0.2263610576913735,0.29349711112731947,-0.19832746799742018,0.004722486094363182,0.24520311114484591,-0.18773180809689088,0.22241890098704775,-0.1921890654594672,-0.07860620847557714,0.393000845590777,0.47653676753832686,0.5054964707304812,0.8553236881122995,0.3811993871355072,0.4614274497114136,0.0,0.3031659878496036,0.5248254392599468,0.42406008497367587,0.3646142558455336,0.3681914552079796,0.4117784973483169,0.23473056012226634,0.2970982666227416,0.4088337923437088,0.48351982947859806,0.38633443317117444,0.3915313973170762,0.3156997964783026,0.41367243206844295,0.3023781970469256,0.40306300003122053,0.42332235479554814,0.3655274804427989,0.3842246184973495,0.36271979403731835,0.42418420565826487,0.38185615789515376,0.409483825356039,0.4573833145297418,0.41970692904812856,0.3134343652800877,0.501273912095107
0.48953535742810844,0.6779271722866519,0.5408652957571909,0.26257999936048626,0.5662224659395406,0.4893719730739999,0.5886841680384272,0.508209107025064,0.5092548320415833,0.2987131147057973,0.09194603824690545,0.3109238543400589,0.6746905822753793,0.2127077145230453,0.8287724917649746,0.7606013698117129,0.35255094293230665,0.6560009399988731,0.39781716344982665,0.770238046393589,0.5819254555740947,0.8239326519604171,0.6329639786170485,0.5480931376693761,0.8193667283433097,0.6867149417673094,0.7644119788632959,0.4842599954587547,0.0,0.5409146550771731,0.41191106078334316,0.5237513324255714,0.35281233847770876,0.8356540014629751,0.5766112549922922,0.6016121662952278,0.4075624131392744,0.2473447260586697,0.4914872313720169,0.46862421113712993,0.5157059962993559,0.4891531466203186,0.4226261896663839,0.45290864256115493,0.4359256516150464,0.46910051877043213,0.5267386375350636,0.3738206308936945,0.4527602186385935,0.20292919778381158,0.5110506822047611,0.38924850546120704,0.5201598966199611,0.23530569820650926,0.5426106848951192,0.2523584897957679,0.5053349568422534,0.41851006389354267,0.5956943562378211,0.5251185439700004,0.5145434946087095,0.4702045246772458,0.45537525749514085,0.4854703356401293,0.4792985351593323,0.4903954496204672,0.5092674096996542,0.438202913700109,0.43202965034872515,0.5859721940494469,0.4717922277110804,0.49328833554937696,0.49844827943189074,0.5458453939842045,0.45256897333375323,0.5508434822438495
