0.0,-0.02065649369650735,-0.038011487639770636,0.0,-0.03214340573256569,-0.01757294203924159,-0.03405312298699503,-0.04051423889281125,-0.021810561395585515,0.04088168646642082,-0.007667239298646877,0.036354083147580984,-0.031682324775406834,-0.03273645364325284,-0.028711158636418654,-0.007909006210804537,-0.0077647004999792935,0.0031570945662623973,0.0,-9.26700306765893e-05,-0.06231294773285828,-0.024525437871038003,-0.029524326761573128,0.007727477750952949,-0.03225147236970932,-0.006775110533645878,0.0037446641264402003,-0.03631898522135785,-0.03278309827730658,-0.004254578928108266,-0.0399646188203957,-0.02129026620404023,-0.0051214365723804,-0.04687906757749699,-0.03961941625182591,-0.030312619253018314,-0.0012843865498156082,0.013872286853298943,-0.04841121334755405,-0.04828087869094139,-0.05083696338664895,-0.040988173485314694,-2.4821897775195723e-05,0.0,-0.010550490475203733,0.006834555296513001,-0.03387575357107969,0.0,0.0,0.0,-0.018363373174420106,1.1102230246251565e-16,-0.03074812456355358,0.0,-0.02856369896102784,0.0,-0.016757158393166327,-0.01876472726051659,0.0,-0.08366405876590377,-0.05428055529289694,-0.03776202766599407,-0.03138823923213463,0.0,-0.057923545851792324,0.017495655322429804,-0.052637731516020525,-0.03618222406661764,0.08333752610339534,-0.03287992648031812,-0.030042890911025688,-0.0653054186109755,0.000592959453476205,-0.05348197753490824,0.0,-0.04953080183277414
-0.02065649369650735,0.0,-0.035556935428000924,4.948454145964343e-05,-0.03382941029850017,-0.03970906836837462,-0.02238993095071229,-0.0074199584512020245,-0.02790538679551635,-0.014195559145368908,-0.027373422120145263,-0.023471472175710606,-0.0284331190196368,-0.00397131197367101,-0.00695420264476887,0.0001289769011523778,-0.006717415463143417,-0.002319332796564766,-0.01631881832286536,0.00785172896857761,-0.01524881803670708,0.0017723393307311208,0.025141200950672016,-0.006287884503324348,0.008693665112796567,-0.016092186586672996,0.0169971897874176,-0.029913974635716267,-0.05104308781968686,-0.03355680558262908,-0.02169905696937463,-0.025742052425542394,-0.0025703825370356204,-0.021001216635725906,-0.028581713379411844,-0.018836960001399228,-0.0020092776302814697,0.0,-0.04911043075434368,-0.03994422703854078,-0.04153665340651358,-0.06348238003352186,-0.009832002349608515,0.0,2.220446049250313e-16,-0.015303142808911763,-0.03499844705781252,-0.0006596242698378996,0.0,0.0,-0.07270452664956861,-0.03576635085955249,-0.09132581733619399,-0.027764865122179627,-0.027248681411513098,0.0,-0.018965385252059153,-0.037972981362337954,0.0,-0.048659396817253286,-0.040550573934460155,-0.024413146980519163,-0.040065299377674723,0.0,-0.03744443110813145,-0.03001613598642816,-0.03799921352603175,-0.0844534349466865,-0.01378966518069591,-0.04367555287568603,-0.04547776317669627,-0.057344682406430814,-0.044053074807445525,-0.06099756185684685,-1.1102230246251565e-16,-0.0434889396096762
-0.038011487639770636,-0.035556935428000924,0.0,-0.05445207530128188,-0.0008814656016147282,-0.008494138418448816,-0.012518134151430493,0.020480468387517936,0.020573827099390707,-0.028989815856709955,0.0032389980470958757,-0.02745398983101932,-0.007830059715586146,-0.030011238646474814,-0.037126220339627314,-0.038454545298692855,-0.025977851338412683,-0.02252191460249703,-0.005194858062762597,-0.012525627137308704,-0.037989714020738086,-0.03049206568315216,-0.025399300334613684,-0.007428041517108408,-0.044453171698031646,-0.04767106881311678,0.009980866612319617,-0.011877141628131194,-0.022199272556802818,0.0006659933613948898,-0.01764550620341726,-0.004766306888560667,-0.029940247329064862,-0.020776836269069454,-0.01522269506746754,-0.018215523363134423,-0.0087759921690167,-0.012291323057452064,-0.0835361340292477,5.083632900748647e-07,-0.02796490221854625,-0.02335511855566824,-0.015983687080433684,0.0033097000740461846,0.0,0.0,0.00017144771650062784,0.07487465733263837,-5.57506458820356e-06,0.027597859685530857,-0.01947480550949776,-0.023746472138875485,-0.0023702544165991046,0.016459530473860395,-0.0010220361532586875,0.05297740237964482,-0.02807614858936286,-0.04846619991705353,-0.020171705591022104,0.0004058814023605861,0.0,0.0,0.0,0.1283723484484791,-0.015405798363768763,0.006060903838098541,0.0006836657281377723,0.0036074364527622915,0.0,-0.0002003761427354367,-0.044408651526852305,-0.006657504626701116,-0.03388460999110038,-0.028175200407745127,-0.007264525990607895,-0.009898769104457528
0.0,4.948454145964343e-05,-0.05445207530128188,0.0,-0.0871063773271123,-0.0324628380105248,-0.0946852481166483,-0.06297885871240577,-0.02497990594853633,-0.08641001510826399,-0.10038648281278034,-0.010469703763837768,-0.09212463620861219,-0.0777368152724903,-0.026581095808380084,-0.001430492836088204,-0.014471687431528935,-2.538711040367403e-05,-0.02026334217897008,-0.05031463315132817,-0.0014316462225888449,-0.03242729914064518,-0.07113761240591132,-0.017881032732929125,-5.332453792489256e-05,-0.031856048812005044,-0.022359682095252187,-0.09070695965654929,-0.02582860051385849,0.009038696361458154,0.003021460560776845,-0.013472577763808613,-0.0631636030675693,-0.0007168208472193571,-0.02402006280856489,-0.04357014005438076,-0.03633378004128246,0.003962780849726899,0.0349996816186075,0.0004262370677302618,-0.03692515824771059,0.03927355688963563,-0.0002759774151345762,0.014664305291331892,0.0,0.0,0.0,0.0019069759752244342,0.0,0.0,-0.029051865612384542,2.220446049250313e-16,5.810178269866073e-05,0.00010769843195995721,5.551115123125783e-17,-0.00873345592156316,-0.003428521681139607,0.0008990505920532521,0.0,0.0,0.0,0.0,0.0,0.0,0.0,0.0,5.1228297258287814e-05,-0.030519681994927272,0.0,0.0,0.0,-0.0270937226867054,-0.004310315586804558,0.004194699588077888,0.0,0.0
-0.03214340573256569,-0.03382941029850017,-0.0008814656016147282,-0.0871063773271123,0.0,-0.006493207452258287,-0.04796368416734126,-0.07970639278093411,-0.01809573284755478,-0.09864964442186347,-0.04368078574443457,-0.07390664712383005,-0.09850857776477434,-0.04402461560939944,-0.01801482895579265,-0.030595651845252092,-0.020887821087984204,-0.025881279361929133,-0.04865004050379956,-0.05351536730372247,-0.043947714568574436,-0.034646125740469436,0.019979319598628476,-0.07250642513551192,-0.026557917050489488,-0.017055632106496077,0.010265646000725603,-0.10808947353604137,-0.03443022239134619,-0.0231038582908748,-0.07255107525887,-0.02478884067528464,-0.025871041495395763,-0.08484261282447886,-0.10281616382744979,-0.06551074776743876,-0.07624788500331173,-0.05993907234759527,-0.05158202856935612,0.010131548668901647,-0.02115519298368379,-0.014753565920292422,-0.017878878144737043,0.05540877599556854,0.0001642256103280837,1.1102230246251565e-16,-0.007874011761121569,-0.026872150551174534,0.0,-0.043821714569142634,-0.029423085181003394,-0.03063945109662014,0.005318362165877666,-0.01938100961373157,5.551115123125783e-17,-0.022965224726369027,-0.017878342648228185,-0.03559063275509766,-0.033450677550104224,-0.004931903192535447,6.10748819235285e-05,0.0,-5.551115123125783e-17,-0.013680058575325782,-0.032029599211438275,-0.00045259304499650765,-0.023809450490617334,-0.029466459188453364,0.0,1.629874086811478e-05,-0.014619853696769824,-0.027356973924464345,-0.03369484952390306,-0.022409094127622153,1.1102230246251565e-16,-0.035119353197875514
-0.01757294203924159,-0.03970906836837462,-0.008494138418448816,-0.0324628380105248,-0.006493207452258287,0.0,-0.03330699179027469,-0.0214281558266054,0.007049808965826576,-0.04624993672132993,-0.015201296893584293,-0.01694996641909774,-0.02069478878212816,-0.018902492255189585,-0.05103806393834037,-0.03696308806971621,-0.010602676578290227,-0.0175009525990224,-0.030475930854621913,-0.046124388400261784,-0.05324748101004717,-0.03955337506250095,-0.019048022794573294,-0.03139291291194818,-0.0002683214348432883,-0.02771970228902626,-0.03301125411739242,-0.018117263012076723,-0.028215660424433797,-0.03673938480026434,-0.03955093869714832,-0.03673275556108041,-0.05673409507119226,-0.04639389755305029,-0.05193586959301644,-0.03182191929647071,-0.026627048102326967,-0.04311093991893217,-0.04069537234789128,-0.0337739555245663,-0.029725499139562128,-0.01785681833363978,-0.04198680886034395,-0.03199726334888087,-0.0016104877021773656,-0.037062550746249645,-0.031809040928304,-0.007273559351022141,-0.029545694975702863,-0.02691257448556128,-0.023238941707866168,-0.04125914591938801,-0.03625017875376563,-0.012363322986903125,-0.019475695858107045,-0.01347338382211738,-0.03327749134029723,-0.031723916709229694,-0.024424922684582406,-0.014958461965825731,-0.03274444261311227,0.0,-0.020695175658837106,-0.0038322982322772647,-0.013396801308829087,-0.012962563432807606,-0.0290893539629139,-0.021906747999311693,4.30740811114827e-05,-0.028967325398602917,-0.035817582816841775,-0.020145907910637972,-0.025903465069938292,-0.054508411549514024,-0.030403100234001557,-0.0337479291075406
-0.03405312298699503,-0.02238993095071229,-0.012518134151430493,-0.0946852481166483,-0.04796368416734126,-0.03330699179027469,0.0,-0.027556339348809356,-0.040194013604735734,-0.08985983814018283,-0.06085847964931396,-0.0330259076356238,-0.0318094646415778,-0.04998542966430708,-0.03377907035512201,-0.041270035902260804,-0.03222345392726017,-0.05508538625825943,-0.03890947196591804,-0.034500834945771386,-0.040110683310588535,-0.03255683528225456,0.0011318415587682207,-0.011319815579987014,0.005503597891645395,-0.03034514998397153,-0.010663009940137469,-0.08150670096511775,-0.028901337966976026,-0.03632071099268136,-0.051516882171441236,-0.004450757825608775,-0.02362473536204568,-0.05104945147159523,-0.05881140394924328,-0.0568050271394035,-0.08267749448010439,-0.04391254958099128,-0.05119967418332738,0.009269255842770774,-0.022991722845285945,0.0009194675418983111,-0.02273489264684947,0.006671939245694758,0.000467845535783884,0.0,-0.029878711122439616,-0.03716747785289298,0.0,-0.041369547052516,-0.03548585284529149,-0.04121863654104563,-0.031923149520231286,-0.035879317774258235,-0.005841297702988635,-0.030893643695135975,-0.005912411412444474,-0.03780970538753897,-0.019408156017934275,-0.026214203022440208,-0.026577719901742458,0.0,3.5239116533636317e-05,-0.027558252346370382,-0.038336492074905026,-0.04090414674295939,-0.02999279903948715,-0.03319316989491039,7.831864510515762e-05,-0.02372454617538744,-0.030917103017882364,-0.030809474184896435,-0.032107878151744595,-0.03284769128020393,-0.012391681681265476,-0.042563280401009373
-0.04051423889281125,-0.0074199584512020245,0.020480468387517936,-0.06297885871240577,-0.07970639278093411,-0.0214281558266054,-0.027556339348809356,0.0,-0.001249250100819277,-0.04833776271825596,-0.07014969139746863,-0.008325418301267373,-0.031826883551252905,-0.04909854268150543,-0.012872749988089183,-0.04011909416292814,-0.00449067276138182,-0.013410466984276226,-0.09556873152384937,-0.02035595179198052,-0.041677081168592534,-0.04645929229544704,-0.03867256840809097,-0.027483915995011376,-0.03124675979080882,-0.02999539081604191,0.009309126001882773,-0.03348133415976201,-0.04647228033940576,-0.03112344870619821,-0.047413862844454036,-0.0521078822454803,-0.002734118871817348,-0.05219951440996101,-0.0488384453521335,-0.03984635027995112,-0.1000484340968259,-0.058489184097565206,-0.03198191597008221,-0.033363840313518356,-0.033361024195729616,-0.019177157346602247,-0.02615338221708735,-0.007042939189567499,0.0,-0.0423240883459422,-0.03448981370152904,-0.000881682896327951,0.0,-0.03160443826099185,0.002917016121397553,-0.02605299861542354,-0.01202225618011149,-0.024809928328992092,-0.00010199253051440538,0.046570187530530605,-6.414156945483418e-05,-0.028920577539993497,-0.03728697378675011,-0.00895347218648479,-0.019923072804888142,0.0,0.00032127903830936333,0.014830398473119621,-0.06299296919437736,-0.1787132584213902,-0.03932063001073571,-0.02172925100991835,-5.551115123125783e-17,-0.030968146887252967,-0.029011420324445092,-0.019785483914431023,-0.016047869524074054,0.0061693257131460455,-0.035005593424796144,-0.04169252343706126
-0.021810561395585515,-0.02790538679551635,0.020573827099390707,-0.02497990594853633,-0.01809573284755478,0.007049808965826576,-0.040194013604735734,-0.001249250100819277,0.0,-0.05581874107108287,-0.005368552513878466,-0.02262244458202306,-0.03990647867924546,-0.01897371625724642,-0.04030526138004259,-0.02300242061868263,-0.017433410844945596,-0.025113526164118605,-0.014380983487428167,-0.03232880597408544,-0.022169357236723364,-0.016581032894532166,0.010863723380584556,-0.010991326511873734,-0.027065565292043403,-0.017770079156250063,0.02009300201293096,-0.02460005410834415,-0.017765047500324593,0.009611622320956803,-0.02787351611152905,-0.007884129917320237,-0.031728297840557085,-0.032291551110110006,-0.02888336516774387,-0.02352111239624688,-0.02119475217679484,-0.024829381167837283,-0.054669342050476855,-0.011406226882877346,-0.019099438534111224,-0.025417409135749747,-0.0015508053431307345,0.0010638198651029551,-0.023569176244064904,-5.551115123125783e-17,-0.03493426296739982,0.04146666765813922,2.678287169100013e-06,-0.03775397425383842,-0.028112694014169437,-0.03808121146604182,-0.0028389576016081275,-0.04536188927765472,-0.022511336751581568,-0.038243952185583074,-0.03503892292175537,-0.04575586031827311,-0.030785630013534793,-0.0346592369056169,-0.017440319026217843,0.0,0.0,-0.034896130015411864,-0.05179064038431119,0.0032598653784426945,-0.03868673860046473,-0.013712300295416258,3.296254485485317e-05,-0.01317260388367758,-0.03332591040025307,-0.07209846615822796,-0.03270413661624433,-0.023285469799932956,-0.021035257598123414,-0.030798813996183838
0.04088168646642082,-0.014195559145368908,-0.028989815856709955,-0.08641001510826399,-0.09864964442186347,-0.04624993672132993,-0.08985983814018283,-0.04833776271825596,-0.05581874107108287,0.0,-0.07330281693059376,-0.01009173992842105,-0.0998350842136006,-0.17220123612712557,-0.0017842315413877374,-0.023149760794589913,-0.02353223148506678,-0.014965018905005845,-0.035837866892458214,-0.027537570514014953,0.004656045568820377,-0.01744389648975586,-0.03677989711002838,-0.015467139439490796,0.027389231088939703,0.00601430338950959,-0.02813614332187908,-0.07068273970781391,-0.03532319579480475,-0.0222822852914476,-0.03626942269285288,-0.03360283182886936,-0.029091809750783404,-0.04092172149127332,-0.0424231654552103,-0.09942114990784312,-0.03768130190762864,0.001198741687517213,-0.009250209518973207,-0.004849410425681211,-0.018792313249986703,-0.040650771091470916,-0.026746810692719558,-0.0113832150572179,-0.021237411413424112,0.07975316697729329,-0.013974846436558164,0.0002926255384440024,1.5207685571894114e-05,-0.0011603409425157696,-0.04260629908877478,-0.04357789092709491,-0.0021248676089409835,-0.004078649865880135,-0.017582149324033125,-0.023898102959655332,-0.004000830716042292,-0.03405104440664286,0.0,-0.0007019467576038774,-0.002908205269815778,0.008927929067287232,0.016556332806852148,-4.9988459401850704e-06,8.121861479259973e-05,-0.02042261941730572,-0.009340077795331359,-0.024355943836252725,0.0019926539367872143,0.00969139795950219,0.011082464491490973,-0.03495726233634738,-0.023897924027719397,-0.044370545809995554,-5.551115123125783e-17,-0.02176725105220645
-0.007667239298646877,-0.027373422120145263,0.0032389980470958757,-0.10038648281278034,-0.04368078574443457,-0.015201296893584293,-0.06085847964931396,-0.07014969139746863,-0.005368552513878466,-0.07330281693059376,0.0,-0.02485010547975086,-0.051938983296343555,-0.0727586125557198,0.0,-0.00021942103284655623,-0.026645372508684817,-0.03020066481579181,-0.031657212797300965,0.0001276710044774143,-0.0189153405172911,-0.01861131726013615,-0.02347609730204908,-0.018918490102673213,-0.016436956915049206,-0.01922168796192386,0.0026276643241154307,-0.049396426342448896,-0.022072266783902006,-0.01671078806777082,-0.04632269020943103,-0.08988246470716693,-0.017491740710207704,-0.0516944715265496,-0.04657584629767891,-0.08982846383471854,-0.15758239224080334,-0.02655289168214986,-0.03066475133808283,-0.014636184885534198,-0.03165629518078028,-0.021039817255501414,-0.05830268251306586,-0.020160286167203167,-0.007487458195349683,0.0,1.1102230246251565e-16,-0.05330764413094846,5.186176375571172e-07,-0.0344005454345066,-0.019690116406455682,-0.04027846165668675,-0.01737177253478106,0.009481456497149376,-0.02103580752988915,-0.07238700451237162,-0.025147804063410995,-0.046591252392024496,-0.051102538684785315,5.551115123125783e-17,0.0,0.0,0.0,0.02813104916775727,-0.011606794329313164,0.0,0.0002444072712497469,-0.02547231560633817,5.551115123125783e-17,0.0,0.0008790624295685889,-0.052690627481937535,-0.05173310089429051,-0.006976270755840064,0.0,-0.0661229565150741
0.036354083147580984,-0.023471472175710606,-0.02745398983101932,-0.010469703763837768,-0.07390664712383005,-0.01694996641909774,-0.0330259076356238,-0.008325418301267373,-0.02262244458202306,-0.01009173992842105,-0.02485010547975086,0.0,-0.08104363248629609,-0.00842824105483786,-0.028660064451911105,-0.018470215537736978,-0.023076594784311955,0.01388871640428424,-0.009495488840039923,-0.04016756778247926,-0.009025033786521142,-0.014421679975636537,-0.0350158177419983,-0.002238458818700162,0.0192420980299699,-0.009979233739934978,-0.07956981021858711,-0.03998614513380688,-0.02752967098774639,-0.05447733240242569,-0.03127207092446471,-0.028413694275085694,-0.026508499474547365,0.025797197956413165,0.026128157528053753,0.01704323706998323,-0.02625636809435261,0.004245097209218424,0.04632130181882793,0.011908249624943357,0.008862695798160236,0.018603310354838365,-9.867954044567862e-05,0.0031322256535912807,0.011692118681546682,0.05796413711004689,-0.022626234905263276,-0.017397679148336787,0.0023856919110298858,-0.008829493925339715,-0.008577383094138857,-0.019816665458061766,-0.00026333417420254523,-0.012822914858091228,-0.0028437486987727967,0.005066535803262384,0.0183341634231029,-0.01847782095314604,-3.276740019642066e-05,-4.311953072561048e-05,-0.007326672602208428,0.015636534516777878,0.02021652677493202,-0.010731848439883895,-0.015970672968732946,-0.0365621160245459,-0.004803341296300334,-0.025475480375806603,0.01817453547016168,0.011270286101523197,0.01729254833177446,-0.022019733357104554,-0.024269015527879134,-0.009705714300457802,0.0,-0.017775966623320982
-0.031682324775406834,-0.0284331190196368,-0.007830059715586146,-0.09212463620861219,-0.09850857776477434,-0.02069478878212816,-0.0318094646415778,-0.031826883551252905,-0.03990647867924546,-0.0998350842136006,-0.051938983296343555,-0.08104363248629609,0.0,-0.07467982062962009,-0.03677353742958939,-0.028697131940170206,-0.06349804775038542,-0.05056346258968614,-0.03718297023401568,-0.02311700937227157,-0.04340166611350177,-0.023806624761454565,-0.0024449251100840397,-0.07165131990604795,-0.023083123661732208,-0.039930389185297954,-0.00668604541644835,-0.041629300664284496,-0.008755071952229077,-0.013683475407201828,-0.05532482994358151,-0.01827115565208065,-0.04188819203685323,-0.07468607007162553,-0.07172988117751922,-0.06377943453057838,-0.09926759776794572,-0.06595089807889915,0.0012758550046559902,-0.018060416554397385,-0.020477413896975827,-0.024285023009185003,-0.010180791642798281,0.013883731948996891,0.003368277336474823,-0.016648175738145532,-0.030374271060516378,-0.04086323801641095,0.0,-0.04201467627551919,-0.028825474023919606,-0.04745053919506914,-0.02369312529543055,-0.03752105625596541,-0.024706370783390497,-0.040455575161517265,-0.05802655712293192,-0.040656381412900955,0.005838743802443591,-0.02554759387200911,-0.028867602892349686,-0.022553670869318643,-0.030724001727096883,-0.033888292772855766,-0.02478038425467982,-0.03935006737482888,-0.02889470672073091,-0.036107718454926885,-0.01844085472840229,-0.037367318306236186,-0.03297122279430348,-0.03769753084866201,-0.029292922078340555,-0.019886835360505173,-0.03618025700480043,-0.037646960041586075
-0.03273645364325284,-0.00397131197367101,-0.030011238646474814,-0.0777368152724903,-0.04402461560939944,-0.018902492255189585,-0.04998542966430708,-0.04909854268150543,-0.01897371625724642,-0.17220123612712557,-0.0727586125557198,-0.00842824105483786,-0.07467982062962009,0.0,-0.008837862256907247,0.0014677511979322988,-6.968715305033513e-05,-0.0002353083607063433,-0.03372481142850242,-0.024792301507145287,-0.020374908091502386,-0.0020323774076658196,-0.04005268560923719,-0.04199565531177013,-0.004629581655486215,-0.02905717113365025,-0.028413039141540697,-0.09133615721646243,-0.018316668445455264,-0.0050464258340886525,-0.027111940047906125,-0.03751773584937479,0.005916771418027766,-0.012128586305012512,0.009189946398230953,-0.025955993575995095,-0.017737440675466065,0.022413938261171162,-0.04668035402702303,0.0,-0.011713227181361974,-0.0008813197922413751,0.004834823660372911,-1.4928402251590533e-06,0.0,0.0,0.0,-0.02182106025857722,0.0,-0.021289988796895698,-0.03473641424722279,-0.03368739510694718,0.00346070681804872,-0.03418591522082942,0.0,-0.022370938144603503,-0.0004590102109234828,-0.011262384599265096,-0.014641900814386544,1.1102230246251565e-16,0.0,0.0,0.0,-0.025456931437223995,0.0,-1.1102230246251565e-16,0.0,-0.00630482031199503,0.0,0.0,5.551115123125783e-17,-0.031888485254950416,-0.023895479855903123,1.1102230246251565e-16,0.0,5.551115123125783e-17
-0.028711158636418654,-0.00695420264476887,-0.037126220339627314,-0.026581095808380084,-0.01801482895579265,-0.05103806393834037,-0.03377907035512201,-0.012872749988089183,-0.04030526138004259,-0.0017842315413877374,0.0,-0.028660064451911105,-0.03677353742958939,-0.008837862256907247,0.0,-0.015339021731335556,-0.025298600674704186,-0.0014835619288171564,-1.1102230246251565e-16,0.02233687838864734,-0.045512485226034516,0.01626530363217199,0.028474510624954652,-0.013264991020945638,0.0012259797452691679,-0.010787326681766463,0.021960432769725202,-0.016871021177786605,-0.011409276360871301,-0.022275265730024363,-0.03316772877762697,-0.027982658471236876,-0.02956474251918534,-0.0448454138877154,-0.05008515003436881,-0.02575686480225603,-0.01837292621785147,-0.0002945670612971574,-0.052314138333460214,-0.057377865543301654,-0.05549517901404283,-0.06689268309019719,-0.029723411350107365,0.0036326568170531037,0.0,-0.04225408209221315,-0.05139702769282756,-0.030816245420053845,0.0,0.0,-0.05296500668334514,-0.030322752113820628,-0.0660018010596024,-0.012264799119622471,-5.551115123125783e-17,0.0,0.0020664160354571526,-0.04673767223731212,-8.501469444754939e-06,-0.030462654789830623,-0.04107808144010888,0.00029716664278583993,-0.025473135130816227,0.0,-0.02929292377293724,-0.03366902215972395,-0.02727970996774498,-0.04364292823734217,1.9291653951536425e-06,-0.021575762729264314,-0.0526876627180366,-0.04124488999737169,-0.04536335197919411,-0.047114258108692464,-0.038716308030001256,-0.04132413594803208
-0.007909006210804537,0.0001289769011523778,-0.038454545298692855,-0.001430492836088204,-0.030595651845252092,-0.03696308806971621,-0.041270035902260804,-0.04011909416292814,-0.02300242061868263,-0.023149760794589913,-0.00021942103284655623,-0.018470215537736978,-0.028697131940170206,0.0014677511979322988,-0.015339021731335556,0.0,-0.08371537263684259,0.011156494607768963,0.0004146284147579782,0.017272648053484496,-0.015224598681594204,0.0032837600749022755,-0.01181913459493672,-0.018214427364493357,-0.004799290820313884,-0.006771716273574979,-0.007277779814251262,-0.02487291097744193,-0.018714459266593653,-0.02853449145432968,-0.014213529503937061,-0.010810012959558968,0.0025261769207550744,-0.02060859555520339,-0.016413009551078328,-0.01570016436637872,-0.016501646525072078,-0.03593828764996582,-0.042002615264634335,-0.04077589283255584,-0.03417108623660464,-0.058270474777206704,1.1085267507426888e-05,0.0,0.0,-0.007316706500944237,-0.03147000499827601,0.0,0.0,0.0,-0.036308398038937706,-0.031060128479349525,-0.10444312396503819,0.0,-0.010183288049882111,0.0,-0.01682760856163379,-0.039448365986570644,0.0,-0.04957840570896482,-0.040348549680849055,0.0028056288837658983,-0.03831290434608986,0.0,-0.04953152607584438,-0.02403369092393437,-0.03633401954485066,-0.06784953528823984,-0.018793033510815904,-0.04061381518946755,-0.03679419830463715,-0.08727807628135437,-0.03656377718329934,-0.0900580229427928,-1.1102230246251565e-16,-0.04603809442572171
-0.0077647004999792935,-0.006717415463143417,-0.025977851338412683,-0.014471687431528935,-0.020887821087984204,-0.010602676578290227,-0.03222345392726017,-0.00449067276138182,-0.017433410844945596,-0.02353223148506678,-0.026645372508684817,-0.023076594784311955,-0.06349804775038542,-6.968715305033513e-05,-0.025298600674704186,-0.08371537263684259,0.0,-0.005588848169422622,-0.030707267765520685,-0.020798745810574726,-0.0023956372108236423,-0.027349851221745936,-0.036020529017086855,-0.030100578338498052,-0.02464327271269201,-0.002706775813166973,-0.006723242066753676,-0.03796835910134866,-0.02741297356781025,-0.004470707134837715,-0.025583255613599754,-0.04050591107058876,-0.03573090568666837,-0.0607934820270431,-0.07673396812034367,-0.03386978913956895,3.0739147458713756e-05,-0.04163633078464085,-0.05470949798435337,-0.05054820781227676,-0.020456083649766366,-0.028017965789515875,-5.551115123125783e-17,0.0,-0.010553976199550341,-0.039431775978306105,-0.019527192986908526,0.0,0.0,0.0,0.0,0.0,0.0,0.0,-0.05891357467614511,0.0,-0.04771044627358262,-0.0028434366516876808,0.0,-0.0001238320015631844,-0.025942816568955418,-0.02842102601509744,-0.030538529504471723,0.0,1.1102230246251565e-16,0.0,-0.01017518201408013,0.0,0.0011676186962972235,-0.03487839641782514,-0.02120793217447664,0.0,-0.009912743999988816,6.680612306403377e-05,0.0,-0.05323074322468485
0.0031570945662623973,-0.002319332796564766,-0.02252191460249703,-2.538711040367403e-05,-0.025881279361929133,-0.0175009525990224,-0.05508538625825943,-0.013410466984276226,-0.025113526164118605,-0.014965018905005845,-0.03020066481579181,0.01388871640428424,-0.05056346258968614,-0.0002353083607063433,-0.0014835619288171564,0.011156494607768963,-0.005588848169422622,0.0,-0.024718529134995393,0.0038665424634621304,-0.014208445923269808,0.0005279204752126065,-0.006181241310195318,0.015465298146140893,0.0009761961835791921,-0.004294459788825755,0.0033802143595043077,-0.03651018773020065,-0.00547274598806563,-0.01998612489088175,-0.0025649117369622165,-0.007402425216982533,0.003730372996167519,-0.01773540414901026,-0.02294234861067934,-0.026607358436924466,5.123093918535382e-05,-0.004741356536048846,-0.04042227575491919,-0.044354253117922515,-0.04117336272479316,-0.10344268596194323,0.0,0.0,-0.018019092778821688,-0.000732670763028298,-0.02732937831371346,0.0,0.0,0.0,-0.022274447992627733,0.00021605731672869055,-0.07847278724961315,0.0,-0.053975749075413415,0.0,-0.03309951698875219,-0.028713995611036436,0.0,-0.038609300459548745,-0.04082163769226427,-0.013302220751395366,-0.030783348910998987,0.0,-0.06367729820874546,0.010682404149981395,-0.03656744813262747,-0.06104762582332529,0.023563891080226607,-0.026954564349894516,-0.026500901411362576,-0.028595724736261152,-0.0403739353037918,-0.028758246985506775,0.0,-0.03814867064136779
0.0,-0.01631881832286536,-0.005194858062762597,-0.02026334217897008,-0.04865004050379956,-0.030475930854621913,-0.03890947196591804,-0.09556873152384937,-0.014380983487428167,-0.035837866892458214,-0.031657212797300965,-0.009495488840039923,-0.03718297023401568,-0.03372481142850242,-1.1102230246251565e-16,0.0004146284147579782,-0.030707267765520685,-0.024718529134995393,0.0,-0.0009685322733228308,-0.023911415876722242,-0.015339552104800203,-0.05674593348455048,-0.014900196023393153,-0.011052056012853695,-0.03217444685052784,0.005288615434059563,-0.0348776202913898,-0.00030629882418198306,-0.02241449541125301,-0.037291442014346754,-0.009440843419584621,-0.011149550842236788,-0.040567563604059775,-0.030312039743645103,-0.046907554017211306,-0.028735082466137596,-0.031816018062357676,-0.0468496572690959,-3.973725026307218e-05,-0.017910883249607823,-0.03280225103474299,-0.06337753201494406,-0.017460345228122176,-1.6317249311670334e-05,0.0,0.0,-0.2578892176946912,-5.551115123125783e-17,-0.03307130378258999,-0.03713302606704161,-0.04522250202973105,-0.04544722771746146,-0.04681631368288508,0.00027486736991627625,-0.0038495820896388144,-0.019880955381390286,-0.04812204105968859,-0.03616151325934425,2.220446049250313e-16,0.0,0.0,0.0,-0.006510381022480027,5.75071278463013e-05,0.0,-0.0002553871874177993,-0.01667301828841783,0.0,0.0,-5.551115123125783e-17,-0.033344749891218606,-0.03571633811489239,-0.018042725828577133,0.00019825917334947984,-0.033337921830639994
-9.26700306765893e-05,0.00785172896857761,-0.012525627137308704,-0.05031463315132817,-0.05351536730372247,-0.046124388400261784,-0.034500834945771386,-0.02035595179198052,-0.03232880597408544,-0.027537570514014953,0.0001276710044774143,-0.04016756778247926,-0.02311700937227157,-0.024792301507145287,0.02233687838864734,0.017272648053484496,-0.020798745810574726,0.0038665424634621304,-0.0009685322733228308,0.0,0.0016188521212784912,0.002718504115558684,-0.004480869987167735,-0.042859545630121565,0.03162568785907077,0.011146654165764547,-0.011706911729854497,-0.026625600317971898,-0.017949435449499618,-0.004350262733500643,-0.036084378483482615,-0.018286698391647815,-0.01976687753824674,-0.04370659795129711,-0.037952100278930534,-0.003628957163053892,-0.025368507032244914,-0.0516502610140408,-0.025785365180832687,-0.026346873701388662,-0.04047478773661645,-0.043576301710343435,0.009772150458442153,0.014633937824893417,0.0005204146197654858,-0.009300196883492928,-0.029769772516005877,-0.0416451697605002,0.0,0.0,-0.028535395232969496,-0.045653574936626695,-0.04115674927471663,-0.023285948289697156,0.00012150008625050335,1.1102230246251565e-16,-0.0046482377087023186,-0.03841611128621536,-1.1102230246251565e-16,-0.038519802509775436,-0.034349327939173724,-1.7634268202615377e-05,-0.021812723211209917,0.0,-0.012436639535772842,-0.01941503837678421,-0.0330572327673096,-0.028637722695964207,0.0,-0.027185514215237405,-0.04905847258022916,-0.02571332446477087,-0.003403168035680193,-0.037120502576442393,-0.02195696496827443,-0.02233596723491993
-0.06231294773285828,-0.01524881803670708,-0.037989714020738086,-0.0014316462225888449,-0.043947714568574436,-0.05324748101004717,-0.040110683310588535,-0.041677081168592534,-0.022169357236723364,0.004656045568820377,-0.0189153405172911,-0.009025033786521142,-0.04340166611350177,-0.020374908091502386,-0.045512485226034516,-0.015224598681594204,-0.0023956372108236423,-0.014208445923269808,-0.023911415876722242,0.0016188521212784912,0.0,-0.028051656628665378,-0.01534743754079515,-0.024307276803103295,-0.03567565129847239,-0.017308195383013147,0.013522837365247287,-0.03629617935168883,-0.043680144889871764,-0.03243183241144271,-0.04000135911302655,-0.04319298029181429,-0.04749567532048743,-0.05252719490774471,-0.056100074753311635,-0.03486803011043377,-0.020952330964684684,-0.029026640112142177,-0.03870382089761981,-0.06143656503021372,-0.05620913830731877,-0.08399287715477821,-0.029318179009791834,0.0,0.0,0.017152890033652557,-0.04620122792688891,-0.06637686688961691,0.0,0.0,-0.029438829068672068,-0.032177973701094376,0.00358299404039103,-0.02198250181244621,-0.018889333717660384,0.0,-0.024178615658445812,-0.02440322720866256,5.551115123125783e-17,-0.04418787989273676,-0.04766287442061157,0.0,-0.028021666034955983,0.0,-0.03936866579208659,0.003865124744493742,-0.031989051371081656,-0.05852575805138788,-0.0032171213924518938,-0.02850139076709962,-0.0493203629110569,-0.03616847606413187,-0.008878314170364443,-0.0502414515875827,-0.02487578728478068,0.005506917598021077
-0.024525437871038003,0.0017723393307311208,-0.03049206568315216,-0.03242729914064518,-0.034646125740469436,-0.03955337506250095,-0.03255683528225456,-0.04645929229544704,-0.016581032894532166,-0.01744389648975586,-0.01861131726013615,-0.014421679975636537,-0.023806624761454565,-0.0020323774076658196,0.01626530363217199,0.0032837600749022755,-0.027349851221745936,0.0005279204752126065,-0.015339552104800203,0.002718504115558684,-0.028051656628665378,0.0,0.017182071525133624,-0.00423857013832829,0.023119068925531394,-0.001442392609014742,0.0015207971677212995,-0.009793389404418373,-0.0032766327127278227,0.011723290413782117,-0.02043021215624291,-0.025822630796782042,-0.009001336096579327,-0.03679231405782235,-0.04111468810559865,-0.013457854468722996,-0.0004615863585533675,-0.011391870741563948,-0.05844525576520948,-0.0522184920569001,-0.05499860103361165,-0.06629400857821832,-0.0386072886998281,0.008147564930233941,0.00012890648847485586,-0.01783173047052905,-0.05276297617572795,-0.027921452622523824,4.674853818997793e-06,1.4372670477103e-06,-0.06716374930890112,-0.03818550476179733,-0.05874879589913856,-0.03257660388530237,-0.020946444701540334,0.0,-0.02095106550228204,-0.036526645554263715,0.0,-0.051617030646698925,-0.04806561049253277,-0.019272797698480393,-0.012177732989073264,0.0,-0.054655383875685415,-0.03753810455871737,-0.03809135538075531,-0.058907261458006954,-0.011046835856239945,-0.018966415057906028,-0.051523751523598005,-0.05720552882326779,-0.040883234720070716,-0.05772662657206479,-0.0062271485693611295,-0.0695798822522185
-0.029524326761573128,0.025141200950672016,-0.025399300334613684,-0.07113761240591132,0.019979319598628476,-0.019048022794573294,0.0011318415587682207,-0.03867256840809097,0.010863723380584556,-0.03677989711002838,-0.02347609730204908,-0.0350158177419983,-0.0024449251100840397,-0.04005268560923719,0.028474510624954652,-0.01181913459493672,-0.036020529017086855,-0.006181241310195318,-0.05674593348455048,-0.004480869987167735,-0.01534743754079515,0.017182071525133624,0.0,-0.03545131320834066,-0.00447538826537941,-0.005262276706429536,0.014131231703916725,-0.009906072157007118,-0.017079355049786138,-0.0015643581398187,-0.012312486096609565,-0.011084480082152903,-0.014221892122401714,-0.02276178830921377,-0.015707634176088114,-0.04560023701471311,-0.033636842082299834,-0.04765102117488673,-0.0264084849544175,-0.01070678362336236,-0.028774012867517518,-0.01789039738953435,-0.008894205516012277,-0.03903176164051886,-0.00478890530416487,-0.0255527193506474,-0.02796058361111764,0.04065096107195054,-0.02320947930879086,-0.022563546964376013,-0.017817352119581964,-0.029548942706699444,-0.006834694749542347,-0.017707221627827896,-0.03141061677457807,0.02216641486329196,-0.05266977196534828,-0.022201910911493428,-0.0003966839586212467,-0.02636712015197551,-0.027377363986687275,4.289730763989974e-05,-0.027773938232589113,0.052600732317816756,-0.013810449567418948,-0.0224074113244348,-0.01451972296962617,-0.007011938559088049,0.0001653176827646763,-0.04099073943173215,-0.014691870138591356,-0.016995041357709517,-0.019741759504592782,-0.026454004018855448,-0.019793386446924854,-0.019210793940292292
0.007727477750952949,-0.006287884503324348,-0.007428041517108408,-0.017881032732929125,-0.07250642513551192,-0.03139291291194818,-0.011319815579987014,-0.027483915995011376,-0.010991326511873734,-0.015467139439490796,-0.018918490102673213,-0.002238458818700162,-0.07165131990604795,-0.04199565531177013,-0.013264991020945638,-0.018214427364493357,-0.030100578338498052,0.015465298146140893,-0.014900196023393153,-0.042859545630121565,-0.024307276803103295,-0.00423857013832829,-0.03545131320834066,0.0,0.0016328923749002744,-0.016363763539055276,0.007860047446553442,-0.04510549056748814,-0.06850089384515146,-0.007743247800069575,-0.03815721381684878,-0.04919525380665685,-0.008659127958298818,-0.0009682495667912572,-0.022381320158758378,-0.0062470371367396305,-0.014008632244555674,-0.010466907890933907,0.013046610499682587,-0.0064986695753160295,-0.0026516104576008726,-4.696481262878027e-05,-0.010868157333618123,-0.0056023188057757745,-0.016223045677971115,0.056393755960916725,-0.08580872109160848,0.0,-5.551115123125783e-17,-0.0001694365062954173,-0.00290794008544093,-0.00014519049901395853,-1.6653345369377348e-16,0.00030183662005872636,-0.012574654971969135,0.00022204770097583593,0.01743579274381074,0.003602035253745084,0.0,-0.0004609288581698956,-0.05004187753788447,0.0025500220300149756,-0.008168160929790558,2.0647969964260326e-05,-0.0007816242466542334,0.025102554380606212,-0.037384344423127325,-0.0005579023290827045,0.021016067119685566,0.002152330014804249,0.016211517240735274,-0.0031325227698812963,-0.0029549774871422962,-0.03152638699196064,0.0,-0.027101503254064907
-0.03225147236970932,0.008693665112796567,-0.044453171698031646,-5.332453792489256e-05,-0.026557917050489488,-0.0002683214348432883,0.005503597891645395,-0.03124675979080882,-0.027065565292043403,0.027389231088939703,-0.016436956915049206,0.0192420980299699,-0.023083123661732208,-0.004629581655486215,0.0012259797452691679,-0.004799290820313884,-0.02464327271269201,0.0009761961835791921,-0.011052056012853695,0.03162568785907077,-0.03567565129847239,0.023119068925531394,-0.00447538826537941,0.0016328923749002744,0.0,-0.0060081789510718075,0.01119000186639868,-0.030123022146207046,-0.01327405476762622,-0.023450545965959246,-0.01483496926632527,-0.010264905062969953,-0.007913222326353386,-0.02836269528898583,-0.025438972866315968,-0.012282683028475738,-0.008697473940140865,-0.013295415352915951,-0.0604314469955608,-0.061214583156374125,-0.051704190584744236,-0.0754603337632247,0.007187829539000046,-5.551115123125783e-17,-0.02017903117271097,-0.02097030965170199,-0.0343280465611952,5.551115123125783e-17,0.0,2.220446049250313e-16,-0.03132106510101412,-0.033061145123860214,-0.12940706910436955,-0.0010720957742675896,-0.04846262316782357,0.0004106746455939114,-0.02118283706509838,-0.03487886988951522,0.0,-0.037862660008369686,-0.05841625771084735,-0.008754135889005144,-0.039819589543286016,0.0,-0.04364897118882849,-0.005716962549439264,-0.033438577405518366,-0.07816362711840691,0.011930304026938066,-0.03895131030857946,-0.03785439245919986,-0.06174067154729157,-0.02985986395505158,-0.07297319674403041,0.0,-0.059764359822596536
-0.006775110533645878,-0.016092186586672996,-0.04767106881311678,-0.031856048812005044,-0.017055632106496077,-0.02771970228902626,-0.03034514998397153,-0.02999539081604191,-0.017770079156250063,0.00601430338950959,-0.01922168796192386,-0.009979233739934978,-0.039930389185297954,-0.02905717113365025,-0.010787326681766463,-0.006771716273574979,-0.002706775813166973,-0.004294459788825755,-0.03217444685052784,0.011146654165764547,-0.017308195383013147,-0.001442392609014742,-0.005262276706429536,-0.016363763539055276,-0.0060081789510718075,0.0,0.01588583743921379,-0.03963507431965524,-0.03284790656667613,-0.03471466239002252,-0.028822293795239373,-0.02013744391556377,-0.025226495152795403,-0.03281255799782601,-0.035548669774043584,0.01010572585492181,-0.017044218426392588,-0.037531753625154485,-0.056507431446638,-0.06166192924965497,-0.05270399395144271,-0.07084779686071246,-0.03651421084932022,-4.031622797984191e-05,-0.03944367756322226,-0.01948346358485953,-0.04949860926987637,-0.03686326208575791,0.0,-3.360327999690771e-06,-0.04362528386837372,-0.04220483241973283,-0.039534752266140005,-0.031932842840479425,-0.03517120062471146,0.0,-0.0064646683193491095,-0.03790778731676214,0.0,-0.0568350402679334,-0.0638384482106073,0.0029310347519122537,-0.028696944434161986,0.0,-0.046848300753659256,-0.021454431775342064,-0.04717294463103139,-0.06421100836662258,0.03205312177825126,-0.02785239399020223,-0.02993310648844638,-0.05826685379188262,-0.036936791797262614,-0.06068795937944532,0.0006939404236619429,-0.04791716514335814
