0.0,0.020262801101858186,0.04402665009234308,0.0,0.011175986212501654,0.04009528836147874,0.025365412129483178,0.058916055698517655,0.026920539567593604,0.059746292206565355,0.025486195124756916,0.07110044680008709,0.03259389237067761,0.03414227988084534,0.035910553321627736,0.013838735286248072,0.026601363172718273,0.023630783494991425,0.0,0.06701566026143951,0.040638933754055306,0.008568825273255698,0.06312370952512536,0.05485828428589784,0.019783003175414038,0.03315905577641315,0.06163072538262648,0.04047038275854581,0.048566817665573525,0.02172124940953979,0.024283368960096474,0.021655783660773253,0.03694796878928963,0.021100943835762165,0.017202072133602087,0.021871135041325762,-0.0012137817710276,0.05712279311016599,0.059477947425957634,0.06627986043012934,0.05158482186935881,0.04364460978272672,-1.4856600004775622e-05,0.0,0.024864271011174388,0.147242030516687,0.055051302826311266,0.0,0.0,0.0,0.036885782287970514,1.1102230246251565e-16,0.052339290400099436,0.0,0.05787549728957431,0.0,0.05592324611574412,0.020408358572167218,0.0,0.030880122411802824,0.04393080170081837,0.01997428554830244,0.052838799121732116,0.0,0.04609241133749542,0.15930183389676872,0.03544886681692144,0.049567287230730006,0.1466845283765253,0.04562418906445781,0.05979431877191266,0.07418797041639469,0.0005675890731522415,0.04023406802231211,0.0,0.041074663333302674
0.020262801101858186,0.0,0.034318869772629435,2.961788198235782e-05,0.056513912344153094,0.031970861216266966,0.07892911894757026,0.020234946925943686,0.05110543997772726,0.003717292530802385,0.00743846427343392,0.01532123412214137,0.08021028446106343,0.01157312024895163,0.020867554473012362,0.014180616089483844,0.015680487034687496,0.013105626116088842,0.01254891163518923,0.025655691626621235,0.017961531162922706,0.004554453621242793,-0.01181748498328189,-0.012981595512936539,0.021997322993226376,0.0001285692567806196,0.022479489034563815,0.07909655532437176,0.041524390837763214,0.02369030570938596,0.02884743606036999,0.01628647084798268,0.024976182259298263,0.016271113624800493,0.016506223355838345,0.018123208876177077,-0.0020856937420905552,0.0,0.01869787418258345,0.029607465177254766,0.012935608967266976,-1.308078816086855e-05,0.005464258772591657,0.0,2.220446049250313e-16,0.05665099354589842,0.017886561432728154,-0.0006418424304818204,0.0,0.0,0.03218696850264369,0.035057778812361606,0.03298493306560596,0.013622752765673873,-0.005600313407431501,0.0,0.023572928702875695,0.02540334444695741,0.0,0.03249157453020718,0.01786328643380386,0.0187517275724034,0.0071145007086096945,0.0,0.0052658326436751945,0.03625753526367359,0.005506853546461465,0.03341702025089538,0.05111784671966507,0.016694766670830807,0.022662141107048783,0.009335934058341822,0.03187762624001822,0.026142505703160845,-1.1102230246251565e-16,0.0035292603959438673
0.04402665009234308,0.034318869772629435,0.0,0.016641644971672642,0.054222134223918084,0.03499354313638364,0.05214834275846858,0.09217137963199923,0.02585432691153472,0.07430381198565489,0.10272510551606401,0.04083747808356497,0.05694518812653104,0.08279079671181605,0.03097409999993117,0.05843241717880854,0.02557173631706916,0.02073989849736385,0.07308007565548935,0.00819457416633762,0.06178179810815332,0.048633620477361195,0.08418528572074413,0.04613573731113446,0.017471559971830475,-0.008363694698376278,0.02570870067825376,0.0504346467390962,0.02512578231048762,0.0375808857778861,0.05603471772450935,0.04894819706389125,0.01679688346025171,0.06152546439963469,0.04687432909134054,0.06471527195991117,0.02008776056485495,0.03974957293897308,0.0359933863519456,3.042696463673167e-07,0.060273591580715435,0.03845348795330372,0.037003101098614155,0.030655031740040972,0.0,0.0,0.00014586453208736971,0.006925563865293027,-3.3368320722093614e-06,0.05136085336045115,0.043334176648495815,0.05445151941576565,0.08326511423711214,0.06982916734004341,-0.0011881545280121308,0.1709906786637257,0.03620086908464226,0.06776988603116696,0.07522488563942148,0.00038453797388643407,0.0,0.0,0.0,0.1525353656144237,0.012761204825087358,-0.0039238033526109994,0.000665353028433846,0.07508678546461944,0.0,-0.0001992826030273176,0.027938552736320454,0.07036676045068513,0.07380673252155401,0.04789041492250262,0.008532756096041205,0.06941151017247305
0.0,2.961788198235782e-05,0.016641644971672642,0.0,0.0050555104074127,0.03618351627565475,0.048114000177688465,0.0003199778586497337,0.007869299787554296,-0.023924152600428017,-0.013527089837442552,-0.0042212545192277795,-0.007348066925966179,-0.03505299601867087,0.01911446891425095,-0.0013239031952487212,0.016818183672344167,-1.5194895570058709e-05,-0.05890975011888394,0.04239193585293782,-0.0012487318932689617,0.04022098920427747,0.015153245751187261,0.03940139494573841,-8.050942362330948e-05,0.03208649740990427,0.03391814129194426,-0.010699163539217516,0.03485726261004324,-0.018077872300244824,-0.15749846696246958,0.00543089592806556,0.06384529286090485,-0.05439822451254006,0.04077264735191172,-0.014370566665342893,-0.01860171622592019,0.03204015015875328,-0.012673530779555409,0.0065887519619680646,0.027693955721989627,-0.011660810134366206,-0.027221250182255963,-0.00447131683839197,0.0,0.0,0.0,0.0017952145271852848,0.0,0.0,0.01290183699637465,2.220446049250313e-16,3.477554185971066e-05,0.00019529926110267715,5.551115123125783e-17,0.006417712519364738,-0.018527587829045677,0.0008647286873377236,0.0,0.0,0.0,0.0,0.0,0.0,0.0,0.0,3.066156859504732e-05,0.03159325036318439,0.0,0.0,0.0,0.0317091910387996,-0.004112103933500866,0.0005198250549704464,0.0,0.0
0.011175986212501654,0.056513912344153094,0.054222134223918084,0.0050555104074127,0.0,0.032911810398543906,0.05505652712213738,0.006173766974809924,0.05609908207555775,0.04827013957889886,0.031113913574540686,0.003225697787659909,0.04976280025061608,0.025839545049007984,0.017758592587600375,0.06476571290467031,0.022138452258398056,0.04075099650505859,0.0487481063370227,0.041195208161750985,0.035379956224888376,0.042298662688226185,-0.006716974482190385,0.019537195236730143,0.03518662926497795,0.03147503549154901,0.03429861195735817,0.0432350772462467,0.01664837203150832,0.04366131226801656,0.052648708343261075,0.022779008985491178,0.03513251044493937,0.03641316670216016,0.011646277999967036,0.003812437202658281,-0.08074462323848786,-0.024396431640843597,-0.03748588485270565,-0.007909504732428962,0.007730469540149609,-0.013761007888490828,0.04011314848710029,-0.05798103736060772,9.8293620628076e-05,1.1102230246251565e-16,0.01090307665818746,0.01713037047293431,0.0,0.026855753615536104,0.013143134222348807,0.04385133059528257,0.009715306127778323,0.026213307159736243,5.551115123125783e-17,0.012591782332617707,0.025060585918807665,0.028883720423394765,0.05818849365381379,0.008096065121351859,6.115160463160407e-05,0.0,-5.551115123125783e-17,0.03485280722325862,0.019769448009163526,-0.0004420687984283411,0.01043076362434553,0.04260035221301983,0.0,9.7552522313471e-06,0.011459758373924156,0.014859472259585504,0.038030275094923294,0.010212380924103481,1.1102230246251565e-16,0.056699069110774825
0.04009528836147874,0.031970861216266966,0.03499354313638364,0.03618351627565475,0.032911810398543906,0.0,0.03892397700649686,0.04696827474095422,0.016071755734850146,0.06539410094267045,0.02955624591662187,0.02340960273375642,0.025527677103735713,0.014415992727553784,0.04573874402872424,0.030167215891978683,0.029365265798453777,0.04851031206018963,0.02342484809051465,0.02967506990564117,0.01827613202115569,0.03418511812684505,0.040025493436962045,0.014045954256792947,0.04238173451803395,0.028040813402480935,0.03592138535443751,0.03135992167480889,0.023944200875106736,0.03690456411779752,0.031939917505531046,0.03814670251220453,0.002829986379669136,0.03354008486819232,0.034968585189558477,0.03860731797281891,0.021139532859419496,0.03827064084438786,0.04951806502352518,0.03780301899913907,0.05658539580943073,0.03404331928605192,0.0422623444411922,0.0578941211784339,0.027890213163524857,0.024202318417129276,0.03300526690709854,0.037914148831215355,0.01251472421523836,0.058772053146749936,0.017299725595218418,0.045113135541484994,0.033564938539219824,0.02663472513069154,0.03895408468445555,0.020474043225755467,0.017675867723425998,0.057375117429653344,0.06467412072672801,0.025433679324203096,0.03514949982651855,0.0,0.027268809767377,0.02933611295475358,0.03641555883685316,0.04746431846499083,0.03155069562995627,0.021914667966974166,2.5781042184647163e-05,0.031254617956645414,0.027798494533060936,0.020939710187933946,0.043657486138400536,0.04257604115489755,0.02567162596692507,0.04392820644440376
0.025365412129483178,0.07892911894757026,0.05214834275846858,0.048114000177688465,0.05505652712213738,0.03892397700649686,0.0,0.05852365218747879,0.05291334428710687,0.02844946295062778,0.0670370871403222,0.02330647394581359,0.05643257167736032,0.04956878535940773,0.03626403377087928,0.05293071975784519,0.03960296392434509,0.06159576193847327,0.0649140563572757,0.050708508714823575,0.042649732540470386,0.04797930394889793,0.047871588210459115,0.017820093922650104,0.07452322970116065,0.06124839362246215,0.042073790704218406,0.05969579015755222,0.020478013444471477,0.03755598969679014,0.05386365213799871,0.027225897413485467,0.025645205374375313,0.06752096813922925,0.05859753751137514,0.047431353631491535,-0.02654124116202078,0.018839439908623634,0.04109641995822122,0.010901281148428976,-0.04110171292493614,-0.017657774737157073,0.018783617417134302,0.02162042815035531,0.051980686776399776,0.0,0.03974631078219126,0.04886938377656225,0.0,0.012314221332120123,0.052922366507935636,0.06131648092555486,0.04283158646299251,0.045944003961978286,0.02072610319650542,0.029428738248912067,-0.0066531200019542824,0.06432585416607733,0.005303917802735814,0.046841896991131504,0.026132842950291668,0.0,2.1091596766831255e-05,0.03607020321448717,0.03527539354965381,0.016739055925687696,0.02299102460071073,0.09704000779439792,4.687589940866044e-05,0.028683894568094503,0.03980522957573818,0.028153302843958894,0.03330820519617683,0.057134438623402506,0.013787107033772172,0.042568732669460374
0.058916055698517655,0.020234946925943686,0.09217137963199923,0.0003199778586497337,0.006173766974809924,0.04696827474095422,0.05852365218747879,0.0,0.06119431397476688,0.05567920187126246,0.08151009212716492,-0.0005383369237104141,0.05473096074731221,0.05116391026678485,0.1379415526498609,0.012934580155907205,0.017149685701992323,0.036979506476746804,0.06705367116469324,0.051858285576598384,0.08065259154706556,0.040031077734230314,0.047535478023033595,0.055024285959372365,0.04208755131807845,0.03658456683894479,0.05046986088527594,0.052202353054875916,0.02319275853648517,0.03763898818768652,0.072161568663966,0.043762416697930795,0.03128667354142556,0.06502089174658521,0.03342987225851851,0.055581338092437205,0.03181203619979556,0.04832586162942809,0.0313067931178006,0.04776486732111773,0.042514807927023224,0.04089044134526432,-0.032808764521745415,0.027093126361406372,0.0,0.07161256153115747,0.046160377834021105,0.03451464463432907,0.0,-0.012995456557293228,-0.009650457826407333,-0.00733527706626802,0.05658743216146489,0.030217633876494898,-6.10453819063772e-05,0.0523993842562796,-3.839052314608127e-05,0.012267822710406606,0.04012454102689894,0.059638673672738896,0.015039178895495886,0.0,0.000362404816240558,0.018358533873426564,0.07508603989149665,0.1609464523493786,0.0354510117740206,0.040537304504228044,-5.551115123125783e-17,0.03183925144115657,0.07102250984895364,0.05318949903953557,0.04219992085187013,0.055343948956772804,0.05185322758768701,0.05188634749047394
0.026920539567593604,0.05110543997772726,0.02585432691153472,0.007869299787554296,0.05609908207555775,0.016071755734850146,0.05291334428710687,0.06119431397476688,0.0,0.05295048190997215,0.05894167601436068,-0.008578411438357525,0.04683720919666312,0.047182045181613674,0.025536486445518425,0.05361063380451431,0.03884908782030466,0.03437792340313384,-0.003172457726210831,0.05684764402551973,0.012555650381691152,0.05938810194441868,0.04372007727590088,0.03735256210678489,0.056535518372119675,0.03438177910041823,0.00021406108008470426,0.042322225652479784,0.016709707302246413,0.03701513275823226,0.04555387967714675,0.046059850254964396,0.013257680588515841,0.050634712680204086,0.04120611302969096,0.03422898253955736,0.02591431290677093,0.03704909133510481,0.011728236789608104,-0.00695692465970893,0.01416639225379579,0.010012612238588625,0.011915865984349239,0.03846094949808865,0.031609786830089526,-5.551115123125783e-17,0.027848951748107476,0.03870439095678668,1.6030297735336596e-06,0.011606399563756198,0.022409587785816476,0.04661259542200935,0.040196651148764806,0.06385764471698407,0.0150221222114445,0.056766594427955674,0.0011962929256914001,0.04503541610524908,0.022676717585206396,0.02438138706174081,0.012618383531883104,0.0,0.0,0.03704389425523791,0.034009028705127675,-0.004766779093961893,0.01949269710674123,0.03122949267408892,1.9729004948843e-05,0.013358476857886992,0.02944977339101784,0.02084510179476684,0.05395538872505434,0.023907943078959548,0.03016219037820178,0.04513360721360005
0.059746292206565355,0.003717292530802385,0.07430381198565489,-0.023924152600428017,0.04827013957889886,0.06539410094267045,0.02844946295062778,0.05567920187126246,0.05295048190997215,0.0,0.06405449094145099,0.039434153348466894,0.03383056085751979,-0.15586881417127313,0.004741866265923156,0.007348886740619565,0.0008789331668300204,-0.04119995474816118,0.05934210028137965,0.04543286660330892,0.058669593247495544,0.02438973148943474,0.053216060620425054,0.061929366238843764,-0.00014234341800084538,0.035992839347718575,0.05875801704922712,0.058154346753770014,0.04562296920588288,0.06698250972481323,0.05877982081347888,0.036392168139430414,0.03508700102144974,0.020965268496724976,-0.011555566713421006,-0.10635711837804587,-0.09309988357889235,0.025290127427428588,-0.02222635652196353,0.030702492906172885,0.021272565161215395,-0.03730777118940948,0.04734660952258485,0.029628114671477024,0.047995011879594984,0.0685900603463021,-0.020218576370293673,0.0001751445685265196,9.102225123458485e-06,-0.0011390372523754633,0.03002655152286332,0.04706086948557764,0.003255214312240906,0.01715327485282253,0.005715091167021957,0.0196132945945236,0.012246562740265532,0.03216754627278695,0.0,-0.000752976069250233,-0.016195001464232583,-0.026840850996692533,-0.018021092039091857,-2.9919490963647988e-06,4.8611612369131585e-05,0.016062884191349547,-0.01300639638092399,0.040973676033605244,0.014645140068449747,-0.00810085567050528,-0.0004255407342999007,0.012892972205556297,0.06129265104698223,0.03460453078676551,-5.551115123125783e-17,0.03977995228986764
0.025486195124756916,0.00743846427343392,0.10272510551606401,-0.013527089837442552,0.031113913574540686,0.02955624591662187,0.0670370871403222,0.08151009212716492,0.05894167601436068,0.06405449094145099,0.0,0.06659256262494634,0.058153892185161316,0.029708882564429828,0.0,-0.00022731357415750608,0.016132571355857994,0.033037677649009334,0.07311469857293479,0.00012876595350597153,0.04750603706987172,0.004190923195856955,0.05269645096461478,0.042394233953182925,0.020653645875975624,0.0316019217677464,0.04517215501589689,0.05866554805956831,0.017678422957429052,0.02075656517761526,0.06057932336803484,0.059847642342792384,0.05906496186091359,0.06301300269128751,0.04787564222046836,0.05275673136458853,0.06546722994793785,0.04425348071682206,-0.019387985371055905,0.0036322163622752313,0.0471236419388647,0.027117438729171717,-0.005218981327053229,0.01679057868755557,0.015164257629414202,0.0,1.1102230246251565e-16,0.09922452969386242,3.104071600867897e-07,0.052257899793649254,0.02043687542797057,0.004206389388716647,0.027143833651939564,0.04456730001913117,0.037803104320180525,0.002871118488378843,0.018253402544236907,0.02476869109095503,0.06660411654710285,5.551115123125783e-17,0.0,0.0,0.0,-0.0316872002405576,0.00810494912718035,0.0,0.00024974523000453885,0.05203782622210751,5.551115123125783e-17,0.0,0.0008280212428646849,0.05436538382065553,0.07350992916377347,0.01597449998736228,0.0,0.06330966967441043
0.07110044680008709,0.01532123412214137,0.04083747808356497,-0.0042212545192277795,0.003225697787659909,0.02340960273375642,0.02330647394581359,-0.0005383369237104141,-0.008578411438357525,0.039434153348466894,0.06659256262494634,0.0,0.060699957528179804,0.024119748131088414,0.00980844853683388,0.0068440813701273195,0.017743530851308975,0.009306427328392208,0.04603687686875002,0.012080330726894684,0.04036543875363169,0.040469573808261994,0.027132273874552915,0.03590243906534557,0.01543102884472286,0.026398201357837048,0.02714057544247306,0.06374716806711406,0.02473588534872395,0.08247639981003474,0.0827262785476599,0.0073788948966764245,0.024950107199100013,0.05193806421321984,0.0040204388581299155,0.007009086896209882,0.0313517483999467,0.012680050410297489,0.021056433935830676,0.017467306692568962,0.02970796715859353,0.020286793210876564,0.010320149980241666,0.024562894579790273,0.021246126200258397,0.08552512649032035,-0.010293398489583105,0.007776814374706342,0.007812035559439046,-0.0031886467696986553,0.016485290131660446,0.03574592077588329,-0.0001576128678453803,0.011835621212226255,0.00474457079820495,0.02044883721435581,0.013915951820808015,0.06845406080953359,-1.9612205413244155e-05,-2.5808245049774303e-05,0.006301212117296284,-0.011841268725499898,-0.016893841780355467,0.019324065072855,0.00626098245637996,0.013738438863160618,0.001424701410748519,-0.002102999109533321,0.01304847729733849,-0.004653561099261905,0.01251512629135576,0.015350637159006753,0.07173607609500954,0.009395854042052953,0.0,0.04208881211756266
0.03259389237067761,0.08021028446106343,0.05694518812653104,-0.007348066925966179,0.04976280025061608,0.025527677103735713,0.05643257167736032,0.05473096074731221,0.04683720919666312,0.03383056085751979,0.058153892185161316,0.060699957528179804,0.0,0.02389060882924915,0.04423133693661929,0.04889464710953495,0.036378455909858,0.05495015992828278,0.05140113195935314,0.04465361769025483,0.04304438232025026,0.046518957910800074,0.04126250765919004,0.027127502813049598,0.06215550009765253,0.05735220046849138,0.04811817814648672,0.03849726305784812,0.019989551966152208,0.05977482565842984,0.05129632039234894,0.009619788892412162,0.025464571906188616,0.044397544534954925,0.024088165398226835,0.019873380072833013,0.02637644947962947,0.018910248599721347,0.01808472141728873,-0.009628421376546847,-0.056985783035370885,-0.020659160631814055,0.013193174005091901,-0.01836985208051034,0.046818258227724396,0.017756962987163727,0.03914530029178581,0.06915205358730647,0.0,0.037857131573513114,0.03454840727689307,0.06033620754626445,0.06402661995295555,0.04847800199045904,0.015731471596259705,0.04323298652231278,-0.03805417523148752,0.048279466972449336,-0.011110930285698206,0.04620210361601773,0.0351109613022223,0.017272143717697086,0.020946063834565654,0.07604064398601962,0.04055598294862994,0.042564637686977824,0.03273382484352305,0.047909187901132855,-0.006388208760596814,0.03277561368744003,0.02886010699059771,0.04651299686316979,0.05578063380418041,0.03849782662100759,0.032558619607655825,0.056750996188726366
0.03414227988084534,0.01157312024895163,0.08279079671181605,-0.03505299601867087,0.025839545049007984,0.014415992727553784,0.04956878535940773,0.05116391026678485,0.047182045181613674,-0.15586881417127313,0.029708882564429828,0.024119748131088414,0.02389060882924915,0.0,0.04423847743011783,0.0014315713151930032,-4.1709710019599555e-05,-0.00024051513043255035,0.03710087133804241,0.005174728197072986,0.06684421968683651,0.01272114856909351,0.04819766451415458,0.04384760216713074,-0.0063977126325190925,0.028642097224523044,0.046887266112108084,0.022424767653568656,0.002806987208600953,0.026975821125077126,0.062128634456337095,0.03357101321742906,-0.009429598745139434,0.09232782308668408,0.06999144731025636,0.020392547481924428,-0.005651610648665123,-0.012112416215020572,0.014182764801652259,0.0,-0.0083974028893683,-0.000836816933084461,-0.01953785139469305,-8.935066245774337e-07,0.0,0.0,0.0,0.01570750563440665,0.0,-0.002130155537718059,0.001981682626557957,-0.007085764836309405,0.06359297455930318,-0.01080871449333659,0.0,0.03371089396512006,-0.0004427378159901907,0.007091128946810188,0.03446970219968132,1.1102230246251565e-16,0.0,0.0,0.0,0.051588442022622416,0.0,-1.1102230246251565e-16,0.0,0.053839566868300714,0.0,0.0,5.551115123125783e-17,0.039921432902141174,0.01028070074052978,1.1102230246251565e-16,0.0,5.551115123125783e-17
0.035910553321627736,0.020867554473012362,0.03097409999993117,0.01911446891425095,0.017758592587600375,0.04573874402872424,0.03626403377087928,0.1379415526498609,0.025536486445518425,0.004741866265923156,0.0,0.00980844853683388,0.04423133693661929,0.04423847743011783,0.0,0.033986498502156626,0.033297663399107114,0.043196557644958,-1.1102230246251565e-16,0.050657491278435274,0.07008494812053295,0.04146002304802204,0.06721796108497347,0.03471980834547839,0.013819643358615796,0.04238425342046137,0.06215908194406522,0.09315520275140649,0.042029506487307355,0.02599859193666565,0.04306007324230443,0.0342437872473329,0.050593651654214866,0.04214874138869068,0.049436448854279946,0.054563977093130434,0.03735575747879161,-0.0002897960370313313,0.05356450423798048,0.05385337449315819,0.058459181373725744,0.06423325830895021,0.12816940281676376,0.00333245462537185,0.0,0.06683766608272612,0.047405720324804834,0.03302295475516387,0.0,0.0,0.03624743616727322,0.017220337388965723,0.09282910858965715,0.002801230317324932,-5.551115123125783e-17,0.0,0.01712711346449658,0.0393929682007908,-5.088367220684731e-06,0.050818461458527586,0.016873132298348692,0.00017786254647467192,0.025994236056938846,0.0,0.059833137891001476,0.05977191072086513,0.05748267342864627,0.061012763646164925,2.0535773680274705e-05,0.009489718932967073,0.05351549387590815,0.051895671210672234,0.030851042869058876,0.04351935181468425,0.02293933038684276,0.02954672762942595
0.013838735286248072,0.014180616089483844,0.05843241717880854,-0.0013239031952487212,0.06476571290467031,0.030167215891978683,0.05293071975784519,0.012934580155907205,0.05361063380451431,0.007348886740619565,-0.00022731357415750608,0.0068440813701273195,0.04889464710953495,0.0014315713151930032,0.033986498502156626,0.0,-0.0026854190500784636,0.011240308067830884,0.0004088437945641843,0.05031485000983549,0.028954689231304565,0.020477643583217853,0.00151561296999142,0.02886524638645499,-0.0014285012394472107,0.01337000616960854,0.02659976776217199,0.06359987305618287,0.05169906792992718,0.07682295322890131,0.024257168941504925,0.006907258259365445,0.02271375608632631,-0.007797340770924921,-0.0030525672353862165,-0.02677488198221789,0.011940363259040798,0.010276815189056598,0.01634610104247508,0.008454869247673857,0.005135460280160931,0.004862615828649164,6.634842621422443e-06,0.0,0.0,0.04871040712563557,0.003921021578729311,0.0,0.0,0.0,0.017216802964506783,0.01106388390778823,0.01668418472564953,0.0,-0.015967545146020723,0.0,0.012023389625969993,0.030021772775830402,0.0,0.039202524797719074,0.005112744057580332,-0.013120227381457683,0.021915016882171012,0.0,0.03614200559398212,0.034154054494549335,-0.005799657923805934,0.04557614869171844,0.07339866211772211,0.016003003979753183,0.01817828785079112,0.04800160571343737,0.03159537369056131,0.03455101327965465,-1.1102230246251565e-16,-0.004252457175161983
0.026601363172718273,0.015680487034687496,0.02557173631706916,0.016818183672344167,0.022138452258398056,0.029365265798453777,0.03960296392434509,0.017149685701992323,0.03884908782030466,0.0008789331668300204,0.016132571355857994,0.017743530851308975,0.036378455909858,-4.1709710019599555e-05,0.033297663399107114,-0.0026854190500784636,0.0,-0.019960336257747457,0.02923778000247812,0.04064420762315596,0.01944595083851136,0.02312912600982292,0.022469104580292054,0.021673720072688918,-0.0013757807195055594,0.00554178786119669,0.0166312208438974,0.03417898065721431,0.0442652342698337,0.01514740730398767,-0.0033865415234434204,0.032549015103003176,0.012634316201052986,7.902154142702678e-05,0.004570708791681477,0.03225464927454624,1.8398239426231644e-05,0.004307811629596647,-0.004825831058801189,-0.02485910060495905,-0.0023311136888032324,0.022998755678826366,-5.551115123125783e-17,0.0,-0.036905449695574244,0.03474383953857485,-0.07890066948990315,0.0,0.0,0.0,0.0,0.0,0.0,0.0,-0.006312733130220294,0.0,0.009516519688025749,0.004698933771983105,0.0,-7.411691610670346e-05,-0.05952575781517694,-0.01799337177259802,-0.052016631419130044,0.0,1.1102230246251565e-16,0.0,-0.015637708507984904,0.0,0.02064367906021719,-0.02864819193066992,-0.010353913834059592,0.0,0.033497294934089206,3.998533299992557e-05,0.0,-0.013696036542284518
0.023630783494991425,0.013105626116088842,0.02073989849736385,-1.5194895570058709e-05,0.04075099650505859,0.04851031206018963,0.06159576193847327,0.036979506476746804,0.03437792340313384,-0.04119995474816118,0.033037677649009334,0.009306427328392208,0.05495015992828278,-0.00024051513043255035,0.043196557644958,0.011240308067830884,-0.019960336257747457,0.0,0.02008898500954953,0.045457252939631654,0.02857687916233942,0.021411125212864313,0.07979326238857026,0.02539720454267763,0.015416237741054994,0.017170485230055488,0.03806376087278146,0.06716316374975151,0.05049078122966549,0.056361305992178146,-0.014240886648304474,0.02444970018746012,0.0317609272281843,-0.003249292419064076,0.0033651480666313516,0.032951744964621,3.066314986216456e-05,-0.009106268807823614,0.028072914184917364,0.0024849002776171636,0.006521394300168903,0.017969265232689213,0.0,0.0,-0.0010140128219807698,0.05357683281508968,-0.00642976422687197,0.0,0.0,0.0,0.02484671125917537,0.0001293163464700653,0.0009858027162246707,0.0,0.029857765647191115,0.0,0.03266468245229037,0.016338962195035167,0.0,0.0523955596057335,0.0026340597506002705,0.03447475615584883,0.007422177101842009,0.0,0.008811653471467895,0.025899126238821735,-0.033764589419413626,0.03207410575000347,0.03434966805374773,0.007602369266658138,0.025924330346772884,0.01804805714488039,0.02243577789337242,0.027708338360097118,0.0,0.026457746140580385
0.0,0.01254891163518923,0.07308007565548935,-0.05890975011888394,0.0487481063370227,0.02342484809051465,0.0649140563572757,0.06705367116469324,-0.003172457726210831,0.05934210028137965,0.07311469857293479,0.04603687686875002,0.05140113195935314,0.03710087133804241,-1.1102230246251565e-16,0.0004088437945641843,0.02923778000247812,0.02008898500954953,0.0,-0.0009484619785156134,0.010280709353566397,0.011331455147231217,0.077761593526539,0.05325511254661264,0.027246406029144687,0.029775787029839296,0.02971823128388995,0.05257716871617185,0.007395817246995728,0.05203028552633504,0.055681793970178306,0.04229873030116427,0.06329037140627036,0.05147400065649593,0.058216901788169795,0.04124487243950564,0.05240180678886264,0.049513806066754984,-0.06822628182463203,-2.3783855601811066e-05,0.015741518330392057,0.008236821931672633,-0.0017796219305943328,0.024553473726723063,-9.766330052451977e-06,0.0,0.0,0.11541199621986337,-5.551115123125783e-17,-0.009528920812878816,0.0374023675200732,0.04567862517617782,0.0742641494991707,0.02742830877243574,0.00027179811032351786,0.14135930952289943,0.039847928018198364,0.07856634308440158,0.11759928651186063,2.220446049250313e-16,0.0,0.0,0.0,0.08498824770311603,3.441962429995282e-05,0.0,-0.000259723464278494,0.036920440755292994,0.0,0.0,-5.551115123125783e-17,0.046953674911874965,0.03685204351616411,0.014867133952087996,0.00011866365990254035,0.04136056886571926
0.06701566026143951,0.025655691626621235,0.00819457416633762,0.04239193585293782,0.041195208161750985,0.02967506990564117,0.050708508714823575,0.051858285576598384,0.05684764402551973,0.04543286660330892,0.00012876595350597153,0.012080330726894684,0.04465361769025483,0.005174728197072986,0.050657491278435274,0.05031485000983549,0.04064420762315596,0.045457252939631654,-0.0009484619785156134,0.0,0.055485804622808554,0.04089906662779047,0.04497310382458336,0.04179420438100545,0.022366169964250004,0.042779530088730255,0.03596804688135041,0.029818616370482887,-0.0012909918586872515,0.013952972148552178,0.045693732908911044,0.04919894807115055,0.05414700438053921,0.049458440704159445,0.057936943101681015,0.047174593157616296,0.060289064862959596,-0.013381431272118993,0.05692736686708888,0.0462512650319839,0.05717672119041667,0.03693166880722282,0.007871710698608703,0.006007356984280621,0.00047661056816244995,0.03831365079341953,0.028369212787875298,0.047133318444408434,0.0,0.0,0.03850014625782694,0.028345114039389385,0.055420416631752845,0.040255887802626844,7.272119957618672e-05,1.1102230246251565e-16,0.03938206299212543,0.0494553443419552,-1.1102230246251565e-16,0.034155457793212385,0.015182371002412431,-1.0554602691337234e-05,0.029019777658729096,0.0,0.047382937982450635,0.047124471390660505,0.04311917478317717,0.05233427740577268,0.0,0.024629325398412005,0.03695345270612127,0.044050439370097894,0.0670093222778349,0.03471463212532733,0.039157213913076305,0.044923123691081035
0.040638933754055306,0.017961531162922706,0.06178179810815332,-0.0012487318932689617,0.035379956224888376,0.01827613202115569,0.042649732540470386,0.08065259154706556,0.012555650381691152,0.058669593247495544,0.04750603706987172,0.04036543875363169,0.04304438232025026,0.06684421968683651,0.07008494812053295,0.028954689231304565,0.01944595083851136,0.02857687916233942,0.010280709353566397,0.055485804622808554,0.0,0.04082599000332965,0.058629186617732976,0.04682582373196731,0.03566486445492556,0.04322440086136564,0.05387914933775284,0.039548365051531864,0.05025349598520368,0.009904438283906414,0.00360954150680054,0.019840405246151716,-0.0023546039198508173,0.024155208469194944,0.008657292908605119,0.05304314954655137,0.017997861903026213,0.035707038794347556,0.05511622690317375,0.04345945378045124,0.0705530710165233,0.07023194222184859,0.04249162048837718,0.0,0.0,0.11643179977031581,0.04777238046186921,0.03977624149300818,0.0,0.0,0.04306443915622349,0.04982276239454436,0.060996949753754914,0.006766976853660456,0.0473574576953395,0.0,0.006553949994645314,0.030066071626584645,5.551115123125783e-17,0.04665943720891125,0.033518341034153576,0.0,0.05207669937362425,0.0,0.04851279523289015,0.07303258659591194,0.04431429920534019,0.06378275960652785,0.003539391792752644,0.010494917659329306,0.043192525984871555,0.054793090409535616,0.06297760915191875,0.061983911313466145,0.05322630695397912,0.03942491394646025
0.008568825273255698,0.004554453621242793,0.048633620477361195,0.04022098920427747,0.042298662688226185,0.03418511812684505,0.04797930394889793,0.040031077734230314,0.05938810194441868,0.02438973148943474,0.004190923195856955,0.040469573808261994,0.046518957910800074,0.01272114856909351,0.04146002304802204,0.020477643583217853,0.02312912600982292,0.021411125212864313,0.011331455147231217,0.04089906662779047,0.04082599000332965,0.0,0.059999867732902556,0.002356037009930201,0.019177904624413544,0.008318724200593819,0.04267678617693871,0.0673267536791996,0.02301476830207594,0.08134548432162764,0.024665292831420493,0.028665082742837966,0.034339134510715574,0.031622838896525285,0.04808905086005011,0.04915191263739416,0.046453583551767486,-0.003879817847170619,0.0480620633163798,0.03792415505081753,0.044831890057412394,0.05199700337484897,0.08836073911215364,0.004342661147662186,7.715413843994989e-05,0.04092609199804115,0.017783816177520395,0.021751423406378423,2.79803075081686e-06,8.60244523726017e-07,0.020632028705095062,0.028316020290363286,0.019950726502300342,0.022222398179700842,0.025309709725310603,0.0,0.010973242445823816,0.03213804702760742,0.0,0.044717510503909486,-0.0010066391595726643,0.015238025144557243,-0.008958192396073927,0.0,0.03106108837677929,0.042109554966334006,0.028715280775030216,0.04750166147952262,0.04005950905063377,0.013593776027127247,0.031075293293106765,0.04504271119843484,0.03552301420436271,0.046468479382589356,-0.002354000737219475,0.005228249061897727
0.06312370952512536,-0.01181748498328189,0.08418528572074413,0.015153245751187261,-0.006716974482190385,0.040025493436962045,0.047871588210459115,0.047535478023033595,0.04372007727590088,0.053216060620425054,0.05269645096461478,0.027132273874552915,0.04126250765919004,0.04819766451415458,0.06721796108497347,0.00151561296999142,0.022469104580292054,0.07979326238857026,0.077761593526539,0.04497310382458336,0.058629186617732976,0.059999867732902556,0.0,0.05729975163591261,0.01624040060996451,0.041325658073931626,0.01767509249367133,0.03647314158861059,0.019060881575574062,0.0284746124573782,0.052463595326109114,0.03296336582117915,0.04824440207111613,0.045359752108297624,0.023653737518448292,0.06244516310554782,0.023495872036958354,0.03760038825345341,0.03952387446187128,0.05342625821008201,0.04872671118574501,0.04268002218761713,0.031151049047483004,0.05475643134723801,0.02066569562458359,0.03987172652925447,0.058307971273192594,0.07701535067227905,0.01647362650132206,0.010325291968029893,0.006336460820591694,0.018197071445843704,0.025922604693618734,0.02791281288445624,0.036556627825489574,0.09248079018791222,-0.012389110499331668,0.03183988753989109,0.0833611045574173,0.05177040695780988,0.046840094658277265,2.5675238318145777e-05,0.034899341734670464,0.11198570444963574,0.06206966784442264,0.05369968374179346,0.055462305173614224,0.027452805369858835,9.894725652309644e-05,0.03422434898353438,0.05568504738551483,0.02332556394237628,0.03849942563683939,0.03720026807765264,0.039409606329285196,0.04497799047625983
0.05485828428589784,-0.012981595512936539,0.04613573731113446,0.03940139494573841,0.019537195236730143,0.014045954256792947,0.017820093922650104,0.055024285959372365,0.03735256210678489,0.061929366238843764,0.042394233953182925,0.03590243906534557,0.027127502813049598,0.04384760216713074,0.03471980834547839,0.02886524638645499,0.021673720072688918,0.02539720454267763,0.05325511254661264,0.04179420438100545,0.04682582373196731,0.002356037009930201,0.05729975163591261,0.0,0.0257521319470147,0.025703577413440093,0.051102469183417876,0.05848174928641736,0.03556518804828718,0.011438550538661219,0.05515030616157485,0.02996065461220282,0.037921566506257,0.0209368708835323,0.057042944620671776,-0.04211502440745546,0.006813638241595366,0.016597810362906307,0.003080528842685115,0.021360276858478744,0.00962487737645662,0.06843956823902125,0.013329583837244141,0.0041549763740243995,0.007208836386836115,0.15244751988125615,-0.04230076501586061,0.0,-5.551115123125783e-17,-0.00010141248759598653,0.005640276635040076,-8.690057415750019e-05,-1.6653345369377348e-16,0.00018065765847624649,0.025508164491918728,0.0001329017589732362,0.021689858706838983,0.04231314059019964,0.0,-0.0002271164676331816,-0.03261658635838788,-0.015485499353652066,0.004328235678338843,1.2358387479038946e-05,-0.0005956716812415275,0.007424685582681445,0.026899478423366152,-0.00034364443630113817,0.04344799045224146,4.2716192765523964e-05,0.0344588576558042,0.008764237024543153,0.06695068218175493,0.01744848101498986,0.0,0.03226928712401117
0.019783003175414038,0.021997322993226376,0.017471559971830475,-8.050942362330948e-05,0.03518662926497795,0.04238173451803395,0.07452322970116065,0.04208755131807845,0.056535518372119675,-0.00014234341800084538,0.020653645875975624,0.01543102884472286,0.06215550009765253,-0.0063977126325190925,0.013819643358615796,-0.0014285012394472107,-0.0013757807195055594,0.015416237741054994,0.027246406029144687,0.022366169964250004,0.03566486445492556,0.019177904624413544,0.01624040060996451,0.0257521319470147,0.0,0.024070877026095838,0.018312959288248,0.055771216452271344,0.05121545722069021,0.022185799095093717,0.006022940564548662,0.02538186897693462,0.03864783385363885,0.010477539883788578,0.0017278231520449494,0.03850306652304053,0.0016737326648472162,0.01995790116150037,0.031541887653527,0.025764896753798172,0.008056952579738874,0.02759739513632603,-0.0019321030219346391,-5.551115123125783e-17,-0.027872681295956825,0.06421169577756808,0.013366531748370158,5.551115123125783e-17,0.0,2.220446049250313e-16,0.031699105576250775,0.01702423016528326,0.05878591116759213,-0.0010960085879077042,0.020621770415916174,0.0004545724985912658,0.019190040935946062,0.022237022499838832,0.0,0.037366841526548844,0.010392224156473229,-0.0007087572856445123,0.020843433797735567,0.0,0.009293501176198649,0.03377745543781141,-0.01253932163354804,0.055223912005576026,0.04266096691302118,0.018424846543817208,0.03011405365634595,0.01193863384220789,0.013878103051647606,0.002242375217583803,0.0,0.026430924141499335
0.03315905577641315,0.0001285692567806196,-0.008363694698376278,0.03208649740990427,0.03147503549154901,0.028040813402480935,0.06124839362246215,0.03658456683894479,0.03438177910041823,0.035992839347718575,0.0316019217677464,0.026398201357837048,0.05735220046849138,0.028642097224523044,0.04238425342046137,0.01337000616960854,0.00554178786119669,0.017170485230055488,0.029775787029839296,0.042779530088730255,0.04322440086136564,0.008318724200593819,0.041325658073931626,0.025703577413440093,0.024070877026095838,0.0,0.04258259164247591,0.05705174533032614,0.04121067754763946,0.05676803428888333,0.026406716046028178,0.0240033723090341,0.031249789634070935,0.015305428280005584,0.012821416014352549,0.027010154389679297,0.025840998997136155,0.033973142612420515,0.04156752792480928,0.023040609987427296,-0.0016988243524603264,0.022282371149465463,0.0035555048555916957,-2.413038995735528e-05,0.009375875970789982,0.06811869702966378,0.03522831833570328,0.02021572331900473,0.0,-2.0112502850389014e-06,0.03635085111415509,0.03690918340445293,0.02124346069091554,0.006047372057739087,0.012271677690413207,0.0,0.01670778148240848,0.035539736751768636,0.0,0.045775026608266156,0.013211064882394596,-0.018405205978629824,0.00025037258190035994,0.0,0.02766401649707062,0.0465123049774302,0.01459053764488183,0.040985987621589115,0.04465012103951749,0.01167980037541072,0.03472060185521303,0.030216647501647542,0.04278896207538341,0.034871027685241085,0.0007362285463002327,0.025007869537509497
0.06163072538262648,0.022479489034563815,0.02570870067825376,0.03391814129194426,0.03429861195735817,0.03592138535443751,0.042073790704218406,0.05046986088527594,0.00021406108008470426,0.05875801704922712,0.04517215501589689,0.02714057544247306,0.04811817814648672,0.046887266112108084,0.06215908194406522,0.02659976776217199,0.0166312208438974,0.03806376087278146,0.02971823128388995,0.03596804688135041,0.05387914933775284,0.04267678617693871,0.01767509249367133,0.051102469183417876,0.018312959288248,0.04258259164247591,0.0,0.046462248298971554,0.024385220651977013,0.04445071268921075,0.05176778014669392,0.040040141908714744,0.03879909641684831,0.045327981345330615,0.043018329876268746,0.03548936794064239,0.019136570412925824,0.0450405455115061,0.04156945728560035,0.043084594257599196,0.05271391671857961,0.043687572048330015,0.03655521509739207,0.034216316979695405,0.04529191434531121,0.04459458939865879,0.017468186354822446,0.050926238638701715,0.014173380752675435,0.03424541967301298,0.001396893936256971,0.031061916564879777,0.0203545914518779,0.03567564229436293,0.007935336489573008,0.06452330900866465,0.02408810019515617,0.02914955436596356,0.044535104188525576,0.039340890301689246,0.03766265130795071,-1.1102230246251565e-16,0.025496639983376645,0.044542455941963266,0.048549477754056825,0.05093130515649247,0.04573277123441338,0.023837957198996507,-5.551115123125783e-17,0.029817869711024347,0.06716981604322547,0.028781830006981146,0.04370499192354482,0.03288123696341094,0.04343988074216709,0.04100305227499251
