0.0,-0.007978607257379311,0.006846467043043369,0.0,0.014682836092629825,0.0309153433100946,0.006856816406089039,0.003335706538921901,0.00491790142570897,0.040393872857916124,-0.005886712463404997,0.03799453619813453,0.022439939863109548,0.0015043217417741173,-0.015051399933329213,-0.028534358930886294,-0.008370862252734756,-0.02444926205665532,0.0,0.007554034815103694,-0.0008143737618026003,-0.018283877356657263,0.013637286712913588,0.049291655553158675,-0.010566190195555547,-0.0011199192933893376,0.025997287755716192,0.036310709554835674,0.005362439627596138,-0.0032401021334689806,-0.026327662505238214,-0.03346232542755645,-0.05095131617825144,-0.015043594197650945,-0.027946077102426914,0.007610080952738907,0.000629810797042718,0.022949205409930284,-0.023895884553867763,0.003219146947727458,-0.01893522842608375,-0.054053670698935796,2.8412806707567295e-05,0.0,-0.008989802592972995,0.0052353004501345946,0.007282199811973533,0.0,0.0,0.0,-0.0024596920879690343,1.1102230246251565e-16,-0.01775749073274374,0.0,0.050423259789090014,0.0,0.04648892245487546,-0.009306476408794617,0.0,0.018282822076627958,-0.0016180815435044016,0.010732383627885533,-0.01061889507597552,0.0,0.010602126947880486,0.047935610138592044,-0.010550437782153532,0.014597147267442045,0.03312092461414512,0.004575917635079307,-0.002485340715534079,-0.011643510889594866,-0.0002771189100034821,0.0064410927501512005,0.0,-0.0023090244959932393
-0.007978607257379311,0.0,0.0021436168179819193,-5.6643320516414075e-05,0.004532295873864223,-0.007019511558641167,0.0011708939858623424,-0.005660861410536511,0.0044462674624226595,0.008817289685177199,0.007957675910462536,-0.004496760982587056,0.01070355922303251,-0.007002119412933494,0.006081023487591042,0.008387594597176196,-0.009006522726515365,0.010569475182150623,0.014489918549059677,0.00415665858172215,-0.030089964952634995,0.0035442705233089677,-0.005458316766815352,0.0881859230921273,0.026057170342251468,0.014057618309288533,-0.01115732133783498,0.014483277312409948,-0.009812998906443937,-0.02718311882774621,-0.025444520802388848,-0.03458371335943139,-0.025549084428284297,-0.026336621724026565,-0.06328289961686445,0.005976845864440583,-0.0013238475007281147,0.0,-0.019323522785496372,-0.01084119142215445,-0.017867812390986726,-0.02732624856507959,0.005850159787837095,0.0,2.220446049250313e-16,-0.009163865721150966,0.007583005161613754,5.08552509040916e-05,0.0,0.0,-0.004691599238805522,0.010171758354776905,0.00416364223477822,0.004953633977831107,0.0018307712309827417,0.0,-0.00189365252451984,0.012155828778897093,0.0,-0.01089163438314622,0.0037859586560618497,-0.03777949509628953,-0.004066631299491641,0.0,0.002575477689721606,-0.014978569338121195,-0.019949297737748894,0.0054665899486444625,-0.011007611773039272,0.01595695709629069,-0.0008463091605082629,0.005617064842031061,0.014509120890412341,0.0016852386918645434,-1.1102230246251565e-16,-0.022563237719467166
0.006846467043043369,0.0021436168179819193,0.0,0.017123896767576086,0.0069648709037818946,0.043609457434168386,0.02255079471624355,0.026566798198165154,0.015219258024646742,0.016688065889545967,0.0248460695118215,0.00557913421130074,0.040828668587997385,-0.0039347203643488315,0.008698258174971663,0.015293495813223701,0.006061590178941645,0.004640311704263267,0.00739872653658441,-0.0016102081937715007,0.029396476784033787,0.02727691144873834,0.03284255791419721,-0.0009422664482571785,0.023846884776784094,0.036887420384210334,0.08253845090799339,0.03979589767045433,0.014454429131899427,0.03399169602441332,0.03745847704939054,0.038086570806979914,0.024795201601747474,0.0260588129093563,0.024034875435410552,0.011530578726489438,0.01485848244167065,0.012828195025394895,0.00017217441700378977,-5.819066708490084e-07,0.011360497421714189,-0.008775682452851707,0.011819822194801488,-0.007991098094143556,0.0,0.0,-0.00011458344461368064,0.1422824155056871,6.381592332571628e-06,0.014924857960616045,0.007304425873009057,0.020661656264516437,0.010061504970138802,0.040884597027161296,8.138621041142713e-05,0.0942531474032492,0.01290607583586384,0.028050361916756583,0.021640955265053163,-0.0001971988039789485,0.0,0.0,0.0,0.1824852911127003,0.009065575599904063,-0.004329463762847041,-0.00029885459785972124,0.022585609825341413,0.0,7.445932766103613e-05,0.017754766928253618,0.022830222671552658,0.0342289984527101,0.027025722350046966,-0.008535697950191379,0.02689532325830768
0.0,-5.6643320516414075e-05,0.017123896767576086,0.0,-0.0024364170740457936,0.013949362623290773,-0.016267820013126155,-0.08306020455079,0.02325563663010477,-0.0034628301221990565,-0.0003260663072441883,-0.030438920440151285,0.003748576080362831,-0.08568900783278555,-0.029989235320679486,0.0007542402120024883,-0.0031395734903824635,2.9059786938845367e-05,0.014602297445174661,-0.004183730874994851,0.0008988123854882235,-0.022300128857245805,0.01875824083889288,0.009239974678020624,0.0003516891919916332,0.00543026691937909,0.009285329328350744,0.02063784338167457,0.0068739112175858486,-0.007401591514489936,0.026218983057389178,-0.007646024620124647,0.10659999925628633,0.06691894889012406,0.013811364491972677,-0.05106626777160447,-0.0055511603551601785,-0.020621877410750222,0.011849631877865585,-0.0005932013293071803,0.012314471062868482,-0.019982875028151548,0.007575081500832026,0.005758019149420479,0.0,0.0,0.0,-0.000948193059004232,0.0,0.0,0.008217614301932852,2.220446049250313e-16,-6.650719200179678e-05,0.0001237880935124891,5.551115123125783e-17,0.007156910893784119,0.011770638273171152,-0.00041234330134720665,0.0,0.0,0.0,0.0,0.0,0.0,0.0,0.0,0.011817252251099308,0.0034115425421444856,0.0,0.0,0.0,-0.00017870655466439844,0.001891014263284696,0.002630150558726674,0.0,0.0
0.014682836092629825,0.004532295873864223,0.0069648709037818946,-0.0024364170740457936,0.0,0.025589447299257162,0.0025699951416559563,-0.022194618914305853,0.016801775420237197,-0.05940773139090694,0.0029625652203133512,-0.052505611357044624,0.015227004255330356,0.017428940621262157,0.013338303705212773,0.01569191839155537,0.004012482524634375,-0.01427911818640537,0.016371749419572257,0.014600912544171396,-0.004102891066415648,0.029520647498500863,0.029795409476546353,-0.007342240073346051,0.0040620968794557455,0.01686386402700024,0.03664196441362377,-0.018085600199506835,-0.001593522581982254,0.00823445921295557,0.00550369766983394,0.019642798680655604,-0.049785680742630345,-0.007394993979994435,-0.01782194628477929,0.004796260446275263,-0.009292527532465095,-0.061556345502017384,-0.0926409706881764,-0.006508723916930026,-0.046777546066805065,-0.020589750854263067,-0.03998781871435875,-0.005844960943391597,-0.00018798363303834664,1.1102230246251565e-16,-0.00474091555879641,0.05236545171828655,0.0,-0.037124373636044816,0.0023224074779721327,0.014932437862693826,0.014014518053993397,-0.00403623086657412,5.551115123125783e-17,-0.03141249852700728,0.007586060189331112,0.008236127251109004,-0.036943104244971714,-0.0006305516226872698,-2.3463899966880142e-05,0.0,-5.551115123125783e-17,0.02557906065208565,0.006250758785947275,0.0001948252014773444,0.005624124494744809,-0.014664044725867076,0.0,-1.865663045019783e-05,-0.001955502312020574,-0.014386448971173194,0.014111209738640329,-0.004357389451784821,1.1102230246251565e-16,0.00872039033237193
0.0309153433100946,-0.007019511558641167,0.043609457434168386,0.013949362623290773,0.025589447299257162,0.0,0.018676018235796343,0.009279055620620036,0.024669344573502505,0.011270606612613532,-0.0079571854867993,-0.020185977192693216,0.03089452535999626,0.0007868606356874475,-0.002683181221775577,0.012511135562342846,-0.05707437391014225,-0.0036124687736123207,-0.0024376034143726577,0.005113681584053564,-0.005935375943857346,0.01725981852493802,0.050576368372635405,0.00929581380362482,-0.0026250778677832654,-0.013845598388148694,0.055484084784201415,0.021320003254736986,0.014686224028327477,0.007080551085595688,0.006288728685900247,0.01310663322874872,-0.016325619265706637,-0.001549522158919514,-0.0037825143995842136,0.03566815090978126,0.013281912934366868,-0.0047173002482702175,0.011504416354576774,0.009785973649529212,0.0182043303489402,-0.017159016760852908,0.01003784600703106,-0.0005015726695628553,-0.01197730069044367,0.00409839964806108,-0.002563185617093733,0.009505171664167644,0.014117056169556219,-0.007412091156342893,0.006721221358420126,0.008224124865861548,0.008610718017456553,0.02734966373844494,0.0014895547225524663,0.013151382172510329,0.0018763757960584826,0.01376101522402362,-0.005962125630763815,-0.02049781768914044,-0.0010832429328270221,0.0,0.005652416990124642,0.02759548200159012,-0.007155904193167306,-0.019099092983770438,-0.016978426279565195,0.009323624456337831,-4.9305478243999445e-05,0.003985118963403866,0.00727204295237005,0.0067958573565850555,0.016832478361368808,0.00883711607420612,0.028383855387688783,0.023717035527837216
0.006856816406089039,0.0011708939858623424,0.02255079471624355,-0.016267820013126155,0.0025699951416559563,0.018676018235796343,0.0,-0.01500145596584418,0.0292491598893585,-0.039079423277323444,-0.010448468431132563,-0.058151285757730375,0.006693353578072769,0.0047545490621470066,0.012205958308772302,0.009915110618321399,0.012291868572939901,-7.767680720105474e-05,0.006705027092369531,0.005756466450514253,0.013762575440498637,0.01288677663700788,0.020450592667701717,-0.011975432330122049,0.006002893419053745,0.0009284907675031207,0.02311999423657146,-0.029425996190842352,-0.007083073188020872,0.005694250651503363,-0.003553320517936831,0.007864393404805436,-0.012400547764225611,-0.006063627255050552,-0.017340108450841663,-0.023177027348964818,-0.03800311103446241,-0.04728154850307509,-0.01877234060448446,-0.011261194763644067,-0.07297464861100245,0.013175044223468435,-0.06559133199097233,-0.03610793811513163,-0.014673698955066983,0.0,0.01103122194245365,0.02440465333232389,0.0,0.011660444170656037,0.00792358987402264,0.02551760575741291,-0.020422858295088775,0.011506199109581394,0.003860727139557374,0.014563170696406558,0.005490293417593883,0.00786934736826006,0.004785938645519905,-0.008553416080662235,0.0027136352824821963,0.0,-4.0337053019923186e-05,-0.009134069166326753,0.009959494323941775,0.014721017413422521,0.0073419308722503795,0.0022886772954342494,-8.964876679173894e-05,0.0010600010901991586,0.014351016839977748,0.003488807472639799,-0.012939479436235302,-0.0005326533995684279,0.005221538565525874,0.007208872499303243
0.003335706538921901,-0.005660861410536511,0.026566798198165154,-0.08306020455079,-0.022194618914305853,0.009279055620620036,-0.01500145596584418,0.0,0.034080380667489196,-0.019026649301343734,0.015969280820698317,-0.052157631506952296,0.007777923522987118,-0.025260330096484318,0.01750855724253153,-0.03395335264325672,-0.0022714840766099864,-0.008129737002003146,0.048809159384624656,0.005311743347953923,0.018830614537552304,-0.0024950225160318973,0.02929763349616804,0.0067218374279546245,-0.0357016957652978,-0.009331532267526588,0.05456873772705234,0.004189904848521497,-0.0008091245597237062,0.00530344725141807,0.0008557411607600374,-0.022168313802817974,-0.05301787781078704,-0.006658905219150635,-0.0038145659812144905,-0.016532680192414162,0.05731165916384423,-0.030165944730742633,0.005479843848312516,-0.04058589668361101,0.015764435323560366,-0.030379653099471438,0.012424763253240045,-0.00222001710769415,0.0,-0.04008010113682442,-0.00307333222507411,0.045916534938651554,0.0,-0.04716904357032148,0.02766315434768557,0.009563530035665624,0.05390118001072264,0.038158983396235135,0.00011674748165374504,0.038489066928168225,0.00020756799820315086,0.023388453888262273,0.039958274783723324,-0.03315673408039699,0.002733344299711893,0.0,-4.6532788163522465e-05,0.04384694076678053,0.004275298895957236,-0.11442823312592837,5.229290468311554e-05,0.041584901800344076,-5.551115123125783e-17,0.015918967065149114,-0.010368991174692976,0.0388539561039955,0.02974794409652831,0.019567296917960053,0.0058071569230387365,0.029053033707958975
0.00491790142570897,0.0044462674624226595,0.015219258024646742,0.02325563663010477,0.016801775420237197,0.024669344573502505,0.0292491598893585,0.034080380667489196,0.0,0.009633055925470535,0.016180505900839692,-0.00048477125338813876,0.05777636533778546,0.0072893297814705105,0.027531943346968957,0.026707621453565533,0.016845637908119215,-0.006397318961680554,0.011813651577389228,0.022328381610392856,0.00153605451258515,0.03358938852537863,0.04493475031669092,0.003151532336588103,0.009252425089012417,-0.0003966212231898969,0.03801784964974647,0.02780419622780672,0.007321273316030608,0.003730969408484053,0.0314332832244375,0.03454785636782748,0.017057489687778427,0.023135839696160954,0.03094351996332595,0.043694123714106636,0.024080825401291195,0.008848948866122142,0.008357145775433061,0.006494759544118933,-0.0022551688101877243,-0.004701628867608776,0.004031062747278491,0.022961536286292272,0.006650357644219562,-5.551115123125783e-17,-0.004068272248121063,0.014471722220817052,-3.065746879138409e-06,0.003012316306753693,0.007098558010376954,0.020517442594912283,0.011081368485159837,0.021949351990901977,0.018240092930578822,0.041657186157470494,0.009422072770238876,0.025736056064532775,-0.0006186498253556438,-0.0009836648513434354,0.0017204086833642052,0.0,0.0,0.01793657965803208,0.02103695543538675,0.0028729002838907003,0.013318686905142041,0.012096112062433217,-3.773113659683025e-05,-0.011630300576371821,-0.004256628089005676,0.011725766785145919,0.015032018101556965,0.013399851908801053,0.011368166745432728,0.01643002168538943
0.040393872857916124,0.008817289685177199,0.016688065889545967,-0.0034628301221990565,-0.05940773139090694,0.011270606612613532,-0.039079423277323444,-0.019026649301343734,0.009633055925470535,0.0,-0.00620541140073011,-0.00645270635982248,-0.03620881964827666,0.008254104537372797,0.009735604423291022,-0.003429421629267737,0.007288147310572701,0.0060449381711537575,0.0015537517408704127,-0.00587872291887459,0.018447308800234097,-0.006643356496612296,0.00036864022324867296,0.0014353242881197104,-0.017121423642036504,0.0008769258586522333,0.007501270366973456,-0.024662264538047485,-0.01266415602864468,-0.02073869104805587,0.01900584662976179,-0.016673625637560197,-0.0064794579313045,-0.012249496364351797,-0.037031258907151476,-0.02568218732546712,-0.010847552861986964,-0.011516101226955233,-0.062089379006217416,-0.007630716834152174,0.008244915149590915,0.03556484764238926,0.024060809371853453,-0.0017786837809852796,-0.006714191823315063,0.03452899421388794,-0.026612996168355774,-0.00033495879069445067,-1.7407735481533848e-05,0.0004887635870695073,0.0156831416988662,0.0032094606012924576,0.003605748775830364,0.01991044204179665,0.004450085959801231,-0.004622638294868642,0.011163437189952774,0.0035269982740230854,0.0,0.00017498049806780047,0.0009067658379057764,0.0001797555908867876,-0.027040608874367766,5.7220138743319104e-06,-9.296826632931854e-05,-0.07102056713678312,0.007566622132527678,-0.0015561370279825737,0.009989415691964987,-0.026400679716814313,-0.0024187116967220312,0.0065378874358466565,0.008773864837904877,0.02336316007408068,-5.551115123125783e-17,0.001454866811044675
-0.005886712463404997,0.007957675910462536,0.0248460695118215,-0.0003260663072441883,0.0029625652203133512,-0.0079571854867993,-0.010448468431132563,0.015969280820698317,0.016180505900839692,-0.00620541140073011,0.0,-0.01953466588003666,0.011879251861921292,-0.016450739296564487,0.0,6.991447864862499e-05,0.006354437298417892,0.016620413501698683,0.02249995026395285,-4.728418992738792e-05,-0.00751769322982182,0.0039052156360155355,0.02262158853585855,0.0054104253949945336,0.006302092581874197,0.004180832643522758,0.03470054153469215,-0.0018933860682950887,-0.008037620809904333,-0.00019020777388573107,0.014919629746414753,0.009667645832069638,0.029876047865450617,0.0007118330047682364,0.0046617757002110904,0.026484347774905048,0.019925192126148406,-0.006816659571243722,-0.020905752773255404,0.010002017486080927,-0.0002778404845319993,0.007841894187709475,-0.005987768533521287,0.003643705394994645,-0.0018214030386016211,0.0,1.1102230246251565e-16,0.06526105633278595,-5.936444839593769e-07,-0.02322387771558726,-0.017223632038520453,0.03702349635102692,-0.014301041620162158,0.036126610202292686,-0.00041882416492322605,0.120867500166144,0.0045990685608153226,0.030977543049016787,0.019056462991867196,5.551115123125783e-17,0.0,0.0,0.0,0.16781825932425548,0.007414372166158145,0.0,-8.439692373524155e-05,0.00816372575883495,5.551115123125783e-17,0.0,-8.215149428780766e-05,-0.00738667320546138,0.010754769960521937,0.01261933048443531,0.0,0.015044455725937655
0.03799453619813453,-0.004496760982587056,0.00557913421130074,-0.030438920440151285,-0.052505611357044624,-0.020185977192693216,-0.058151285757730375,-0.052157631506952296,-0.00048477125338813876,-0.00645270635982248,-0.01953466588003666,0.0,-0.05604865846511298,0.00027369412265587645,0.021333261936973602,-0.008441535482720641,-0.01567870448235531,-0.017546286800207478,-0.01072120360257045,-0.05177436200946334,0.01563111178001164,-0.02605872520257768,-0.039584849759829066,-0.005179331737840465,-0.026435595449168958,0.007853905173075215,-0.01871507972418912,-0.039697283155577356,-0.035683525392185333,-0.008002018940089506,-0.039509492532060764,-0.03616595438339715,-0.03822699556561285,-0.04816070065023448,-0.03963131788056834,-0.04723188600410322,-0.044818491294730756,-0.050453170254721236,-0.026652272426161527,-0.0718551705316966,-0.05361248762189286,-0.04672150164257294,-0.01069682024417723,0.00499775707872252,-0.08032756195563392,0.04942709850453686,-0.005814547917258439,0.007620154742768892,-0.010298959761758653,0.010029585846259792,-0.010263014144887395,0.0009004010447591915,0.00024981582313488016,0.03963933712259221,0.015410287710904191,0.008571507432449332,0.023180126232128728,0.01787766536498836,3.7507760950739044e-05,4.935750291651386e-05,-0.0147669042625167,0.003148891571047474,-0.0016879539066452787,-0.012334354862159946,0.006261682900317256,0.010545242595103144,0.0010702182160190477,0.0068806481125369134,-0.010077388603035642,-0.010487554196061066,0.005706368195362632,0.023515598532127424,-0.0010460466247280698,0.0017833990718372772,0.0,0.018262234048153025
0.022439939863109548,0.01070355922303251,0.040828668587997385,0.003748576080362831,0.015227004255330356,0.03089452535999626,0.006693353578072769,0.007777923522987118,0.05777636533778546,-0.03620881964827666,0.011879251861921292,-0.05604865846511298,0.0,0.012696370519337197,0.01104934141646774,0.013166995165616924,-0.01351808084523809,0.013231405009055341,0.02103214190224556,0.008595497743866642,0.013859342241858641,0.019049102223195225,0.03142782073532924,-0.033506100989863175,0.016843528818587583,-0.003729032010916955,0.03046005193489615,-0.008469547248153853,-0.0016740797452429734,0.03245197837096536,-0.010411134483517659,-0.004064921458145965,-0.03445881894476244,-0.020447097720581342,-0.0461246016735003,-0.02071787553987464,-0.023284654400971938,-0.05251488601675369,-0.055174157129283086,-0.010492805228254354,-0.1413821847445481,-0.0856165031883902,-0.05985291834278539,-0.04576253736455377,0.013765665948314909,0.004923224283486016,0.009198876008148504,0.034170995787874525,0.0,0.005032250190694421,0.0200610253281297,0.011497581332174156,0.015992233192547334,0.021244533073523142,-0.01771321238518403,0.013520073722396664,0.01634774113739429,0.02597193733551173,-0.005418751612192019,0.0053542297018489005,0.008231574289336852,-0.005288968837683539,0.004509175468861204,0.009599331134579003,0.030858574937313088,0.009379339416925703,0.00867478432614166,0.01572528320122879,0.010057776087760428,0.0062951953281309425,0.013036824166616945,0.01950645014339103,0.008096176265502852,0.015294795121232219,0.0037291535717233204,0.009039351261360795
0.0015043217417741173,-0.007002119412933494,-0.0039347203643488315,-0.08568900783278555,0.017428940621262157,0.0007868606356874475,0.0047545490621470066,-0.025260330096484318,0.0072893297814705105,0.008254104537372797,-0.016450739296564487,0.00027369412265587645,0.012696370519337197,0.0,-0.012888666307250218,-0.0006356856277460188,7.976858286817823e-05,8.112742620836055e-05,0.021945789945693184,-0.05914139082288539,0.0017928232939990463,-0.00281612615919391,-0.0043035361446930875,0.020020834593763137,-0.0040662362808638886,0.0032040381030566945,0.0448240481135615,-0.0031957502028696627,0.01928918926545581,-0.0071718239918693305,0.00428536412970032,-0.04800860533623216,-0.034622480166669134,-0.0065075760706234664,-0.04624168569407211,-0.061094335337301214,-0.035020184643818064,-0.03594785656811916,0.004087225013576001,0.0,0.0033464700539530545,0.00042471439745256356,-0.03488921122040611,1.708804908795436e-06,0.0,0.0,0.0,0.007649710334112714,0.0,0.01849555687486204,-0.005228725338108475,-0.012603167920777314,0.022477836474545154,0.05472167041444537,0.0,-0.02136725976386039,-0.000160370162399448,-0.00403930745246317,0.07740894769447482,1.1102230246251565e-16,0.0,0.0,0.0,0.04212798540766832,0.0,-1.1102230246251565e-16,0.0,-0.04475878646120163,0.0,0.0,5.551115123125783e-17,-0.054104158935931235,0.0019198159052030705,1.1102230246251565e-16,0.0,5.551115123125783e-17
-0.015051399933329213,0.006081023487591042,0.008698258174971663,-0.029989235320679486,0.013338303705212773,-0.002683181221775577,0.012205958308772302,0.01750855724253153,0.027531943346968957,0.009735604423291022,0.0,0.021333261936973602,0.01104934141646774,-0.012888666307250218,0.0,-0.01811069365656537,-0.018863855210927705,-0.025494145578250638,-1.1102230246251565e-16,0.033969883400024936,0.00615667622771221,-0.01242557678287487,0.023754854677536186,0.01883486591096789,-0.015177546829242439,0.02701719122474583,0.0271568736033882,-0.0037894953629090122,0.0011336436631897429,-0.0020316378211721053,-0.013306963247857184,-0.02390477908596389,-0.024654053408448118,-0.0277249280744154,-0.036339273269701655,-0.02182145005077457,0.03109677783258602,0.00012287553521728167,-0.003937319714928944,-0.006441104516485219,-0.013483190613436391,-0.007505179342803592,-0.008208095305540952,-0.00356064409655088,0.0,0.009980025495130385,0.007048879684994291,0.018477857175678403,0.0,0.0,-0.0005317207223285991,0.006754672589663391,0.016664122543422866,0.004154679373076564,-5.551115123125783e-17,0.0,-0.0038230927560468086,0.01855228236079265,9.73135133564007e-06,-0.019473919211197344,-0.012006720586927422,-0.00034015684287680426,-0.004946473818694508,0.0,-0.004963395605801668,0.0008634187141434713,-0.0010568980737517553,0.019908021202655835,3.438971993141582e-05,-0.005364740027976711,-0.005167580869340438,0.020579394647509408,0.022204613586461863,0.005687184608697049,0.030757104098306842,-0.009956023574507089
-0.028534358930886294,0.008387594597176196,0.015293495813223701,0.0007542402120024883,0.01569191839155537,0.012511135562342846,0.009915110618321399,-0.03395335264325672,0.026707621453565533,-0.003429421629267737,6.991447864862499e-05,-0.008441535482720641,0.013166995165616924,-0.0006356856277460188,-0.01811069365656537,0.0,-0.008458661572175785,0.01711684429343374,-0.0001711998115961899,0.014121632596493794,-0.018484791800290556,0.01428217449913377,-0.010629914728339962,-0.013380605069389262,-0.02055132358439643,-0.01796903405057232,0.007052255606204261,0.00443701105271449,0.0124221984077299,-0.002727930781947163,-0.009024956068848122,-0.01588440187261486,-0.019775734610331552,0.005310852099424723,-0.030247723106783142,0.004590324328342943,-0.0009835786837339988,0.018384538979051235,-0.019955823581464915,-0.02331088826671618,-0.02199426005987426,-0.029253716273146713,-1.2688939654947884e-05,0.0,0.0,-0.017493634413010162,0.00024293504771860652,0.0,0.0,0.0,-0.0026305746513112793,0.011534482224226483,0.014943042996466926,0.0,-0.005638314964369118,0.0,0.011187027632593105,0.003380617673016395,0.0,-0.011825612929153129,-0.005837633202814219,-0.016439431993583997,-0.012171969698213159,0.0,-0.0019032322231991583,-0.05222780416581785,-0.016048572554558937,0.00834979516524803,-0.009278743878313622,-0.007622781684962554,-0.010521936381147512,0.01792960889210815,-0.004701053156354773,-0.020847660412832814,-1.1102230246251565e-16,-0.027284347973204837
-0.008370862252734756,-0.009006522726515365,0.006061590178941645,-0.0031395734903824635,0.004012482524634375,-0.05707437391014225,0.012291868572939901,-0.0022714840766099864,0.016845637908119215,0.007288147310572701,0.006354437298417892,-0.01567870448235531,-0.01351808084523809,7.976858286817823e-05,-0.018863855210927705,-0.008458661572175785,0.0,0.003283865567620725,0.0001749147661665451,-0.004034281562844078,0.02227561085392049,-0.020022344760813326,0.013098781209992583,-0.018989911636079604,0.00264681293584651,-0.02009611949127038,-0.04157189422519714,-0.008005585360866763,0.01120323938024853,-0.02075436771563982,-0.0007030379297381373,-0.01957053646904816,-0.02556022503216082,-0.001445589624554544,-0.010812447358516608,0.00544670052527596,-3.518608701930104e-05,-0.029007993789806952,-0.01055840799115565,-0.07044134094737187,-0.05866081816591662,-0.0059635082597475075,-5.551115123125783e-17,0.0,-0.002074523873404177,0.017337537433849748,-0.03671456331456263,0.0,0.0,0.0,0.0,0.0,0.0,0.0,-0.043207587275646386,0.0,-0.032873011872057045,0.002655809073049187,0.0,0.00014174640297454077,-0.015556736952559658,-0.02150875140523606,-0.022444523404223204,0.0,1.1102230246251565e-16,0.0,-0.010689878314882495,0.0,-0.06997286342889775,-0.02925824310230396,-0.029012361759855,0.0,0.0023578286661917747,-7.647076298100686e-05,0.0,-0.11186894300026667
-0.02444926205665532,0.010569475182150623,0.004640311704263267,2.9059786938845367e-05,-0.01427911818640537,-0.0036124687736123207,-7.767680720105474e-05,-0.008129737002003146,-0.006397318961680554,0.0060449381711537575,0.016620413501698683,-0.017546286800207478,0.013231405009055341,8.112742620836055e-05,-0.025494145578250638,0.01711684429343374,0.003283865567620725,0.0,0.009768504051363813,0.0020413994347460163,-0.03496414320854124,-0.009068838704749282,-0.02239719315504085,-0.010008246693669287,0.01747729341938231,-0.003606914789009541,-0.00943650248528699,0.008697120035728978,0.009385185536005869,-0.008937535033096855,-0.00563389527146918,-0.018324115922461193,-0.0171889532389482,-0.005600824415554706,-0.013449742001528153,0.036911759818053,-5.864236432268077e-05,-0.018186368560648203,-0.012191339206860718,-0.014994673003699444,-0.012902807380893389,-0.012165238679719748,0.0,0.0,0.005688115440713237,-0.0007949272418699693,6.936147459829511e-05,0.0,0.0,0.0,0.0019717306731602546,-0.0002473136757541461,-0.0003628431390373388,0.0,-0.018055018793399158,0.0,-0.0093330439193135,0.004772011222492933,0.0,-0.01333473761324211,-0.0008507011601159853,-0.009866902621508966,-0.006000563276647941,0.0,0.011948904724048304,0.0007807881602372446,-0.003992458780998243,0.002850967307540808,-0.01041037816857171,-0.004511807027558878,0.00033086526467396293,0.0097572418015201,0.005562045025356233,-0.00658201154221949,0.0,-0.008098385705916755
0.0,0.014489918549059677,0.00739872653658441,0.014602297445174661,0.016371749419572257,-0.0024376034143726577,0.006705027092369531,0.048809159384624656,0.011813651577389228,0.0015537517408704127,0.02249995026395285,-0.01072120360257045,0.02103214190224556,0.021945789945693184,-1.1102230246251565e-16,-0.0001711998115961899,0.0001749147661665451,0.009768504051363813,0.0,0.000412290000010862,0.012149755470323487,0.012267417920056145,0.031806080091413225,-0.005814177063843462,0.007500625940324357,-0.006943081941984508,0.05310067491899989,0.02569010759169066,0.020207713969946584,0.013124206922802695,0.02554120905168633,0.04119474768065495,-0.018860132527314555,0.0194730786761369,0.029157007932984425,0.03989662532196858,0.02315753498365325,0.0016950233394427139,0.02742822383704885,3.234457962097981e-05,-0.02304679459035014,0.009070056517879288,0.04466786959174407,0.009900112007291129,-0.0005007326954447056,0.0,0.0,0.06979012933327544,-5.551115123125783e-17,0.022970646057087207,0.008477933043122943,0.02066628203637122,0.03820184244619096,0.037477028914254085,-0.00011204703233463897,0.07082350406476784,0.005330053574261917,0.0459777597417087,0.027806698937138108,2.220446049250313e-16,0.0,0.0,0.0,0.054200179794436365,-6.582651022934982e-05,0.0,9.053276872311722e-05,0.007284635292002184,0.0,0.0,-5.551115123125783e-17,0.015090684220012252,0.015149990065744023,-0.0018206839124525476,-0.00022694072876294769,-0.018023529356790968
0.007554034815103694,0.00415665858172215,-0.0016102081937715007,-0.004183730874994851,0.014600912544171396,0.005113681584053564,0.005756466450514253,0.005311743347953923,0.022328381610392856,-0.00587872291887459,-4.728418992738792e-05,-0.05177436200946334,0.008595497743866642,-0.05914139082288539,0.033969883400024936,0.014121632596493794,-0.004034281562844078,0.0020413994347460163,0.000412290000010862,0.0,-0.007327811816181251,0.03005397853696906,0.03897415814053623,0.021566743821627543,-0.007392239531529732,0.02604386175836787,0.01949739383327631,0.004902661109756179,0.008353025518735402,0.018034050342538632,0.018600441081074892,0.0012031185255197974,-0.005088538496496597,0.007194694156927417,-0.013245771398136763,-0.006178244462271276,-0.004534610026339259,-0.006793086822598993,0.007839680242443192,0.009898960267719858,-0.005485621793143103,-0.0038767232784719385,-0.026038754755313864,-0.012498382633088945,-0.0002838852545463677,0.0024139857143947174,-0.001497979163534613,0.017683443968640467,0.0,0.0,-0.0012871589774751113,0.018791356054978448,0.01732623534250788,-0.008112292060782733,0.00024937750923975655,1.1102230246251565e-16,-0.01102766604939548,0.01031471516900817,-1.1102230246251565e-16,0.003449985257699295,-0.015795397475125927,2.018536448777919e-05,0.010060770093499039,0.0,0.008276434235044983,-0.0036745685855175125,-0.0010284591324289383,0.012362639700478073,0.0,0.009476207736826447,-4.612418677174546e-05,0.008822489692818791,0.010134787026303604,0.00809395846652039,0.007880686705171336,-0.00689085141548651
-0.0008143737618026003,-0.030089964952634995,0.029396476784033787,0.0008988123854882235,-0.004102891066415648,-0.005935375943857346,0.013762575440498637,0.018830614537552304,0.00153605451258515,0.018447308800234097,-0.00751769322982182,0.01563111178001164,0.013859342241858641,0.0017928232939990463,0.00615667622771221,-0.018484791800290556,0.02227561085392049,-0.03496414320854124,0.012149755470323487,-0.007327811816181251,0.0,-0.024056634503804797,0.03183975425288804,0.022980965241561235,-0.01720648091530158,0.0018625550666503399,0.008451602074113718,-0.004265270916585184,-0.018670889621380915,-0.019074984938172612,-0.013385750836680865,-0.022541787171450278,-0.016242483636739635,-0.022530430500575516,-0.03914529300186875,0.02364686852308473,0.0005067061677610507,-0.01802503523658877,-0.025203488609929547,-0.03554401812712238,-0.03390413819115978,-0.028144867518176797,-0.00940864781749895,0.0,0.0,0.023049253456653984,-0.0066307275463940996,0.01952844534057724,0.0,0.0,-0.011814636194590833,0.006769671116877818,0.01907256577081351,0.010255540212228409,0.028652941189558134,0.0,0.011486322972434515,0.025001627071304766,5.551115123125783e-17,-0.005513252134650315,-0.012322350916874225,0.0,-0.018363887981474425,0.0,0.008373179132295516,-0.02536681169688787,-0.012158321472273415,0.013723322775970381,0.0019088778242327131,0.012092613571297595,-0.018097674152599608,0.01921802321394367,0.013632644752571699,0.014128710036282188,0.04140480169330851,0.01495039119644348
-0.018283877356657263,0.0035442705233089677,0.02727691144873834,-0.022300128857245805,0.029520647498500863,0.01725981852493802,0.01288677663700788,-0.0024950225160318973,0.03358938852537863,-0.006643356496612296,0.0039052156360155355,-0.02605872520257768,0.019049102223195225,-0.00281612615919391,-0.01242557678287487,0.01428217449913377,-0.020022344760813326,-0.009068838704749282,0.012267417920056145,0.03005397853696906,-0.024056634503804797,0.0,0.012864353749169999,0.051692725854342814,-0.016968904548138486,-0.014584580057551144,0.003833764268951989,0.011692755855086334,0.012551631143411401,0.024144585362168736,-0.0002059376592513651,-0.022827488000071228,-0.02255015356283624,-0.013837502658748946,-0.03639815265762297,-0.02423484527623565,-0.029069944579593276,-0.0067650024925610674,-0.012176190497741213,-0.014697182639214323,-0.021335127084498307,-0.02242151804617759,-0.020286650889120184,0.005513907209724667,-0.0001475550005713422,-0.02006396973093766,-0.0047935054078337425,0.0019161631769621934,-5.3511507925319e-06,-4.830027873337084e-05,0.00021914858399069148,0.005043490376310578,0.005401488687600264,0.015757781412870764,-0.01391627674540219,0.0,0.005344343714960398,0.0077686972593971615,0.0,-0.0007992105024075546,-0.008635536350474593,0.00944642219064612,-0.0006383009460073641,0.0,0.007442334173144882,-0.010785359548572848,-0.009187972635716635,0.014018400963319133,0.031036997150500456,-0.0020785569081828714,-0.013335503910590518,0.015510517863155882,-0.005543936701105978,0.0017434036309425527,-0.007500595308410241,-0.028996964711973827
0.013637286712913588,-0.005458316766815352,0.03284255791419721,0.01875824083889288,0.029795409476546353,0.050576368372635405,0.020450592667701717,0.02929763349616804,0.04493475031669092,0.00036864022324867296,0.02262158853585855,-0.039584849759829066,0.03142782073532924,-0.0043035361446930875,0.023754854677536186,-0.010629914728339962,0.013098781209992583,-0.02239719315504085,0.031806080091413225,0.03897415814053623,0.03183975425288804,0.012864353749169999,0.0,0.015625449393649626,-0.031240701108870395,0.008355508642367948,0.07437298164846218,0.024291161040819353,0.020123402358462328,0.028815159650648514,0.02118381128985314,0.01826423437141894,-0.015040377250748027,0.009051520659229706,0.0007632067580218282,0.04852968032639937,0.01553862405817652,-0.004293910165308057,0.01406767808250814,0.012201360743492151,0.02310426577349045,0.0005976035462134099,0.017082362774951954,0.031320129589280654,-0.007659585165885108,0.010122371629753157,0.01135508622824627,0.041078199137170035,0.018857468691332757,0.018775331814773977,0.03095630641630709,0.022734101764022463,0.039552685205677784,0.029985115527154327,0.029507417558183258,0.013656173276139771,0.013928971831421944,0.025463029300682227,0.039578206774829316,0.008000916464828922,0.003465440511993545,-4.9103131488537066e-05,0.0025597123144108225,0.04428134141606932,0.007832159987986809,-0.0014187522763167149,0.007606007205005205,0.03844764265856537,-0.0001892336922936222,0.022939354922993926,0.0005451093946963748,0.022382476777485394,0.030603649639642017,0.01594101996039521,0.011391507803122036,0.018616358628970597
0.049291655553158675,0.0881859230921273,-0.0009422664482571785,0.009239974678020624,-0.007342240073346051,0.00929581380362482,-0.011975432330122049,0.0067218374279546245,0.003151532336588103,0.0014353242881197104,0.0054104253949945336,-0.005179331737840465,-0.033506100989863175,0.020020834593763137,0.01883486591096789,-0.013380605069389262,-0.018989911636079604,-0.010008246693669287,-0.005814177063843462,0.021566743821627543,0.022980965241561235,0.051692725854342814,0.015625449393649626,0.0,0.0038768036500747005,0.00962782173532506,0.019525020669319326,-0.0368019481523576,0.01321216295089317,0.010762001087443462,-0.014892643603097055,-0.08064161350537391,-0.035463590426764224,-0.006260005325984752,-0.05291947093526311,-0.05139515113111187,-0.05036956001411616,-0.05078326692619675,0.023835742152849337,0.01323260986819036,-0.013521292824465903,-0.04346801031794606,0.01107326464785613,0.0031737453584714803,-0.008293842388193695,0.0007852095826878513,0.009770969456903922,0.0,-5.551115123125783e-17,0.00019394837357677996,-0.00301881945553345,0.00016619476970003433,-1.6653345369377348e-16,-0.00034550241164782447,0.004851139507470403,-0.00025417067078559175,0.03387599816024495,0.0052148801344027995,0.0,0.0006196895227960075,-0.007605720037872465,0.013336256713733119,0.0013855199846333766,-2.3635049374748363e-05,0.0006532805838283529,0.04038828548793166,-0.0010652786734378084,0.0006202496887353082,0.036692343874290156,-0.0012451642846065814,0.009750250071662303,-0.0005591703936664305,0.01925518231541662,0.006536228948138101,0.0,-0.018353458739601813
-0.010566190195555547,0.026057170342251468,0.023846884776784094,0.0003516891919916332,0.0040620968794557455,-0.0026250778677832654,0.006002893419053745,-0.0357016957652978,0.009252425089012417,-0.017121423642036504,0.006302092581874197,-0.026435595449168958,0.016843528818587583,-0.0040662362808638886,-0.015177546829242439,-0.02055132358439643,0.00264681293584651,0.01747729341938231,0.007500625940324357,-0.007392239531529732,-0.01720648091530158,-0.016968904548138486,-0.031240701108870395,0.0038768036500747005,0.0,0.010009620514836282,-0.01926163950515314,-0.009358669715388124,-0.00555841143633129,0.015340659279293511,-0.010316403744456804,-0.030324127744518314,-0.016223105195667942,-0.011551749486217233,-0.02848771924815935,0.008985236370370575,0.0026347063131569315,-0.010849756769200802,-0.007291102256604232,-0.016553492919804347,-0.009317358970799716,-0.011064760398117213,-0.0026119629297288727,-5.551115123125783e-17,-0.06254874600407911,0.0012895748236779747,0.01139589629124177,5.551115123125783e-17,0.0,2.220446049250313e-16,0.0043901206199397635,0.0050504783732854275,0.025568818687863426,0.0003568344177593552,-0.016878455269809967,-7.585447618835284e-05,-0.008813666465621095,-0.000742970154565592,0.0,0.005360785709321136,0.006560363835609984,-0.00759056620841525,-0.0006566012828516099,0.0,0.0028617930447022988,-0.00023588847482447495,0.006803127613489002,0.004042193191922894,-0.0139202985839747,0.0021171722777953428,0.004954466449459793,-0.008676383680083666,0.009901464467026722,0.018452177085858334,0.0,-0.008650680701420055
-0.0011199192933893376,0.014057618309288533,0.036887420384210334,0.00543026691937909,0.01686386402700024,-0.013845598388148694,0.0009284907675031207,-0.009331532267526588,-0.0003966212231898969,0.0008769258586522333,0.004180832643522758,0.007853905173075215,-0.003729032010916955,0.0032040381030566945,0.02701719122474583,-0.01796903405057232,-0.02009611949127038,-0.003606914789009541,-0.006943081941984508,0.02604386175836787,0.0018625550666503399,-0.014584580057551144,0.008355508642367948,0.00962782173532506,0.010009620514836282,0.0,0.004644892657692634,-0.018522172770846945,-0.009414727573145376,0.014518233147900517,-0.01365618515469652,-0.02795848276554269,-0.014871110841994328,-0.018450494740927137,-0.042151228076856395,-0.004276984411649365,-0.0327227898365538,-0.010635316426716446,-0.011771287546654685,-0.019563277272903523,-0.016560437462922906,-0.02482918874172274,0.017099526911589613,5.201739863652799e-05,-0.029921390703438466,-0.0043736436181389116,0.009162997178679855,0.0040916089601083505,0.0,-3.3891238738481544e-05,0.012091929094763199,0.005182994075348779,-0.04759217629733564,0.018429228878419135,-0.008510738510766447,0.0,-0.0038982059868025165,0.014116673734880902,0.0,-0.016909779742979303,0.004808760757292807,-0.005186822437002081,0.0015121637778265917,0.0,0.0020059176410123225,-0.04611195388846778,-0.014901396289407787,0.004010316495694721,-0.008880850276237973,0.003335448805343033,-0.001336572589504148,0.015028618106633085,-0.005252946408044412,0.006649498847300872,-0.00018839187673225233,-0.012639650120281787
