0.0,0.10863577387310014,0.05361719682394678,0.0,0.05820169638104655,0.2784215104465884,0.22843868021113353,0.4952726302804914,0.12515931335442465,0.007253244781296075,0.2597446291753146,0.21343811262125273,0.3429554124818569,0.5259723692449688,0.2704348515169356,0.22411305566395662,0.004807984187810088,0.0032963570420731503,0.0,0.22971183224438613,0.350446600604632,0.17228033201438708,0.5111976168762931,0.7148219680547732,-0.07504909199391674,0.3544934684288208,0.375372605658625,0.2824560770302885,0.350383629530097,0.4859015746481192,0.26449414471383315,0.5336187786476339,0.19867910382322534,0.16474551301326654,0.11235025921821662,0.5655998338990416,0.5034671312341503,0.1486015450837473,-0.00010770104088725363,-0.0866461694405859,0.1192746967288622,0.25197656489080433,0.48781084221769583,0.0,0.31983332921331464,0.18998189686798056,-0.20126456207045185,0.0,0.0,0.0,0.08048535830558984,0.0,-0.36326486633502086,0.0,0.06786507586751317,0.0,0.23021975670287187,0.12320081950465989,0.0,0.4235272771193961,-0.03244419907194651,0.05588577739627765,-0.1409295896478311,0.0,0.14092712214068012,-0.01799093455306089,-0.11901261270962399,-0.2544457126033351,0.10313999903378929,-0.05477724080095414,-0.10187216374602237,0.20501420065247128,0.44078583576965635,0.11412002996504822,0.0,0.1905970678623316
0.10863577387310014,0.0,0.1882119357345542,0.3775418408614311,0.2063399432543661,0.25033493560351927,0.15834784697967802,0.3774810337254989,0.2222102959617151,-0.1694337283731876,0.073165994841727,0.1334568325329374,0.2526465826251179,0.20951039192509416,0.31454440371268844,0.2461782430682553,0.5175097479031869,0.008942309150906491,0.4076966623483709,0.12168620245636874,0.11349772816103865,0.2741198729174542,0.4327340600598076,-0.07056326253109141,0.08446589351077113,0.16972396860688743,0.40393904301784833,0.2469750768997962,0.28202252442308917,0.44382299909982725,0.34565432610119606,0.3941714676385701,0.026253713223161668,0.24232369583211807,0.1826435723048961,0.4446450925439015,0.38430683239102714,0.0,0.0032190829616854377,-0.2919069356477683,-0.018346594638497693,0.07234613194552492,0.39104481910585304,0.0,0.0,-0.22663938537554623,-0.2788592470929184,0.03375344301572281,0.0,0.0,0.09230648788251844,0.13007544729810872,0.23439961704100068,0.05956770035627956,0.07428641782108258,0.0,0.2621299096889207,0.05912958983494099,0.0,-0.06399716573696179,-0.04804673293879347,0.15207437192426504,-0.25408354384271226,0.0,0.028117603570908145,-0.015770217652191387,0.0941079787627373,0.08878789201821513,0.1958940958090224,-0.20508062272536176,-0.24385878843971226,0.22906250128096348,0.1986505770475107,0.27616963360328795,0.0,-0.04054948289230337
0.05361719682394678,0.1882119357345542,0.0,0.22385789198821998,0.3610581264701921,0.6774074872879621,0.4106453929526847,0.5061416123894484,0.6543108595223328,0.10947743713385782,0.4587931791731825,0.10634720113363672,0.49723714219898535,0.6395976644802916,0.10445073947422662,0.09611243950024967,0.27245319714999017,0.15133472407326848,0.6489668708575136,0.22710800301169737,0.11354335825597456,0.5329007065122104,0.7705675220463979,0.15154109755982514,0.21324650769584286,0.009858901913894158,0.7928901805582349,0.572985183808046,0.11485859375235552,0.27738442471052116,0.486864188482931,0.507729033100727,0.1482350738917972,0.5440602051251848,0.43717893623427695,0.540148928654793,0.4296734603086785,-0.0029940226614286747,0.2151877580176913,0.46286173546940085,0.08437049801951202,0.37609818239593806,0.10858960020700914,0.3579512363514673,0.0,0.0,0.3713722853164966,0.2904913450470308,0.4661049036013136,0.15647288115960212,0.15936135615908642,0.1311836555693946,0.275349455929361,0.2893352204066144,0.41068182895401417,0.32925281086880415,0.3331902689994338,0.1352024195180268,0.26942696061846816,0.35618181643693725,0.0,0.0,0.0,0.44261041145360025,0.1514979837890031,0.23121071913692035,0.2491463363886172,0.27546838230557386,0.0,0.5535014436038224,0.06645183273497735,0.31581721767303605,0.12835194865694272,0.1775703827642413,0.4164162985046751,-0.0015299637711141956
0.0,0.3775418408614311,0.22385789198821998,0.0,0.7004823374090772,0.34674694260449196,0.26250312165413753,0.5198702091601648,0.31316326355866614,0.2951037602906455,0.13599183670655707,0.26408723543913726,0.9973457282210993,0.8315635310162154,0.4323201929277198,0.2704673317941637,0.3317288060592357,0.4823203287234017,0.2354243648605318,0.40619641720003014,0.5206235539148912,0.3591289074694852,0.5789654331990499,0.17870220836902298,0.798180514304234,0.3696286141557893,0.5074232701078636,0.812747902684278,0.25864713123882466,0.47021814248836435,0.5542772082197269,0.2582171730249848,0.1229525039827556,0.5005188223316843,0.6149224639181678,0.5778207234704285,0.7494475892937358,0.252491282116595,0.11919150855008379,0.3574284203418812,0.29801660575598443,0.3897817797459361,0.44157241375065376,0.35182257587842175,0.0,0.0,0.0,0.38485482671043925,0.0,0.0,0.39845845577767375,0.0,0.4750283071240819,0.3496962068495948,0.0,0.2700907865502159,0.28080714137310586,0.4492985744360879,0.0,0.0,0.0,0.0,0.0,0.0,0.0,0.0,0.44667763801147903,0.11792655804900348,0.0,0.0,0.0,0.12160375662375472,0.34331154654416157,0.1982988810760155,0.0,0.0
0.05820169638104655,0.2063399432543661,0.3610581264701921,0.7004823374090772,0.0,0.342460302163735,0.4335581624472973,0.30083767120656846,0.285857918000316,0.43983339271654937,0.15291797570521948,0.34417288052046424,0.7373579616570982,0.5448009033669025,0.22861972900474897,0.5379285548810752,0.15163577485188562,-0.04237816512907394,0.019396520383877847,0.3386208421400341,0.2742437555906923,0.3535118990724051,0.23583980761773962,0.25217922254226244,0.13422683966215201,0.11300080404177712,0.3341553845562993,0.6886456792644406,0.38252099693525404,0.3230727113586812,0.21681514088461765,0.3745313846908911,0.23444224113922812,0.3687555324783507,0.36239548818713724,0.36939078379937046,0.902439723539823,0.2302745285458287,0.36633507983848035,0.8183930419469807,0.3149037546870217,0.4807900877855082,-0.15749285420561565,0.8968693439019768,0.34896357249881743,0.0,0.1924185558089186,0.168624282066547,0.0,0.3806791258408049,0.11606278323179753,0.1026119662906187,-0.030781191892623183,0.019943382899628548,0.0,-0.01915608640548566,0.21804720631849245,0.23730082917056977,-0.15307341338445957,0.20087042809270603,0.4534860506920501,0.0,0.0,0.17720030280451754,0.05392511884018014,0.4906860621445923,-0.0893046436959617,0.15627121804544433,0.0,0.46155323012106864,0.08028270915133234,0.1442651062985275,0.1745464075066821,0.15104939442042153,0.0,0.3390506544727132
0.2784215104465884,0.25033493560351927,0.6774074872879621,0.34674694260449196,0.342460302163735,0.0,0.4320066054085995,0.2423021684976388,0.4712164005232796,0.2806724172510451,0.29716994312705414,0.1833695302358615,0.41739887163508566,0.30207481923493207,0.3606639051316623,0.625828959161006,0.13131103169950736,0.34577511165086894,0.41634802795258613,0.4114567968562293,0.36123996047299367,0.4301504642366719,0.43760151852919965,-0.06984214547582171,0.2468457449342753,0.3705233765121605,0.43875430634362156,0.5530680668521593,0.5114357262731702,0.22896616562978095,0.4097881753862811,0.48658231126939766,0.38399701623478355,0.427574766032922,0.5426069585667259,0.32637588479071117,0.3682345716360288,0.10873780176914244,0.2057596670333851,0.24256448913964512,0.08410344625031133,0.2518309359391833,0.3108254100790698,0.2536772700137897,0.19851158611318698,0.35379034996682257,0.06353423113766965,0.2649737643676604,0.31599265317311326,0.03472891560522162,0.09699338332949353,0.12597613757259618,0.2985677450563026,0.2036065571452206,0.5063669922251498,0.0602574930956844,0.11434605427763056,0.14621918189214567,0.21076408467373564,0.313619236868926,0.037199131084615145,0.0,-0.005374824920959309,0.18603697748211717,0.21684394682708774,0.12566002040065616,0.34229456304486006,0.1510933447286283,0.4970758490851901,0.06694291604642066,0.3122424796875358,0.12331207059331178,0.10791959870699336,0.07407042422118792,0.20998116834079864,0.15560374024260237
0.22843868021113353,0.15834784697967802,0.4106453929526847,0.26250312165413753,0.4335581624472973,0.4320066054085995,0.0,0.2544186390266181,0.40562735296605884,0.22589550056823646,0.0682959847887627,0.10345947142890824,0.49785012060934797,0.29440166215746266,0.21895981863027297,0.38495055207547446,0.05958612917266387,0.21225316483579953,0.10374345339379903,0.371311233304316,0.304232403083163,0.45381374791159346,0.3207996931178371,0.07649608871445279,0.17060593146639436,0.2623199597074175,0.3269966801730456,0.907364179306213,0.383529009933707,0.13456808242594082,0.3701849394427774,0.42498916450939367,0.09837918666615866,0.4088894168636754,0.4971029330178651,0.6310601580964216,0.8435852404071025,0.24899803192513048,0.3071908099586812,0.44966471435844835,0.40127811520576784,0.4564223125002642,0.1876514236288527,0.8092641571011636,0.37177203757273347,0.0,0.11371728264448608,0.1163660501233518,0.0,0.23909555977566607,0.1692120356412909,0.10461728280475335,0.2050736368977144,0.11861668583320262,0.32735964773882376,0.10549750974478506,0.3199599595192334,0.14189526702002353,0.22088582080433,0.06956663980624891,0.10569429448667966,0.0,0.47714246432200746,0.4480437034076798,0.20974882322904978,0.08560432568047469,0.08587257035887907,0.14342685402665659,0.4602980541965186,0.12613751983301774,0.10802285328311162,0.07896762326956719,0.18302232602044277,0.1497839022934359,0.3067190985105766,0.1667472274792045
0.4952726302804914,0.3774810337254989,0.5061416123894484,0.5198702091601648,0.30083767120656846,0.2423021684976388,0.2544186390266181,0.0,0.424177159129987,0.5310201738722764,0.31028896407355777,0.38434326447889966,0.30498425480381497,0.8455719984390749,0.35166777683861167,0.5016240198344291,0.13667426733258212,0.31642002875585173,0.48754515136357407,0.41200994309107614,-0.02677747388308027,0.13208765052456678,0.26293637697690825,0.36884492973662214,0.33084223117401784,0.32572406151174105,0.30603410578171564,0.28631828773916695,0.19868070322541515,0.016991001613376577,0.32035059264697596,0.4767598860359934,0.4066588731214664,0.35469351986915076,0.3371187544731505,0.5264093140711898,0.5429129687870153,0.31643936303827536,0.21272933893039603,0.21934793164011485,0.12487728128959985,0.21914773465595433,-0.08475353273005937,0.2467961370042508,0.0,0.5025154204873346,0.2802854071169659,0.21189141440262543,0.0,0.37625059978572173,-0.24025287662874856,0.19847669030984222,-0.07965416353410193,-0.009761855592091806,0.6643693885488337,0.08672018803571635,0.9635949752207851,0.2102152510467886,0.2153498136779209,0.2151795211867662,0.1333191957934488,0.0,0.5785968466973275,-0.07703552458160218,0.09925766654643403,-0.021975606299172612,0.13606274468099783,-0.09302988411247853,0.0,0.0408111818467326,0.11114432418276021,0.025929540285322572,0.08819551152025629,0.14670467599185374,0.2547458126373515,-0.004743776890957674
0.12515931335442465,0.2222102959617151,0.6543108595223328,0.31316326355866614,0.285857918000316,0.4712164005232796,0.40562735296605884,0.424177159129987,0.0,0.2868213815343643,0.28530288117535274,0.23540288268513418,0.4962371043361882,0.2720412303260178,0.11771161383947465,0.5137707616592397,0.10907408183409673,0.10980532622986702,0.5253475200324363,0.38284331291939033,0.20774806559070116,0.36937897759167504,0.5260937024750434,0.15984760675763338,0.1897427629435565,0.4017509880045531,0.6408926464398114,0.46081736404243734,0.4094056740264365,0.44099386824727377,0.35568186021049264,0.4337528995303306,0.14140515186533653,0.3872763006526808,0.3740290523050828,0.2904175146942083,0.3375657475009594,0.20024199475053578,0.16463811942815829,0.19937310884240794,0.10135842248115529,-0.021367597852573972,0.3327631066471901,0.06605896311211681,0.17943525473984603,0.0,0.03481201248158716,0.33208380498614687,0.4557112944712133,0.18661146625077762,0.10824972617743273,0.3194461605495412,0.3970703997583317,0.21163056345931,0.09429084304108928,0.34552469598459934,0.09313475215190853,0.1847608701048076,0.38573025427024676,0.08524701102829957,0.32489084322134165,0.0,0.0,0.3146440583939085,0.18219184677123007,0.7030146552487799,0.043443848879779756,0.29556399782841664,0.4001316715070654,0.3815450685714119,0.10036873890289869,0.3013840025187939,0.19583725989402678,0.17816598879065504,0.3094848290507625,0.16636922674601895
0.007253244781296075,-0.1694337283731876,0.10947743713385782,0.2951037602906455,0.43983339271654937,0.2806724172510451,0.22589550056823646,0.5310201738722764,0.2868213815343643,0.0,0.20162747238395842,0.5742239637412494,0.5266864867466748,0.6248600633785604,0.37979588457405544,-0.1663759419924575,0.24858107758908177,-0.06422850822735982,0.13355165608101022,-0.03204768056963747,0.27532099840562174,-0.08070248600692309,0.38008697496053934,0.5873864383505782,0.44939786247945746,0.3292231807010703,0.3509018714345692,0.6127486354802965,-0.015815189077430014,0.33778729481141784,0.7852225175647294,0.18464430768294124,0.4575783499823834,0.5776554232857101,0.4479566023748116,0.45622028504892187,0.621442643177471,0.399067817293119,0.21125774287942217,0.3315893294702047,0.3109556133653663,0.16855790159974246,0.10386988681015802,0.2432048603420452,0.341424494008706,-0.309085061120956,0.40986821447695504,0.33368806284093167,0.45939648222272933,0.441649915627362,0.07002776865098881,0.08871240768005262,0.2429653288007958,0.24813976703343948,0.22331908959574023,0.09676555708601958,0.24413692396918146,0.2560666544675284,0.0,0.6094076751301383,0.28915533188973286,0.3709189962233933,0.24644303530235248,0.47444564299573533,0.4675808022254212,0.3494135259198015,0.34456612057887176,0.24773548779623372,0.1845247495271968,0.2127537220653162,0.16868748945448747,0.2419956752110748,0.060984475028763835,0.12442916543772259,0.0,0.4734249382451566
0.2597446291753146,0.073165994841727,0.4587931791731825,0.13599183670655707,0.15291797570521948,0.29716994312705414,0.0682959847887627,0.31028896407355777,0.28530288117535274,0.20162747238395842,0.0,0.1508713579582901,0.16684867955365495,0.43860526072649353,0.0,0.48582058147237717,0.1813263314879346,0.18718284133687904,0.3825069691764565,0.4546427800985753,0.21799940574389462,0.15511988600268012,0.48210620819332917,0.15061132036249536,0.040086928913267206,0.10047948676721785,0.19996984765892478,0.21816273252582497,0.17870044390736997,0.24328677724432068,0.11179939073712658,0.34236684622457403,0.23883266973374845,0.15165293138046199,0.18078480754598797,0.32578358240316313,0.3687436669865517,0.1949221809554359,0.16696803884383737,0.2855038725417562,0.1944099110010075,0.18270638203489947,-0.08962937996981835,0.3127717062866709,0.08206816144471328,0.0,0.0,0.17450465677164612,0.473339372646682,0.17822195319096726,0.36785640574113454,0.16046433517325626,-0.08765869794199144,0.06191480329128163,0.10932024145092051,-0.0025847687735800207,0.20880051182920215,0.1296120389019882,0.0027624914830253755,0.0,0.0,0.0,0.0,-0.04043611254119056,0.2153249374786003,0.0,0.5304543928011384,0.13844531153081302,0.0,0.0,0.8576437077550558,0.10219965031063499,0.19341416270814132,0.3155570090908125,0.0,0.11302598986031062
0.21343811262125273,0.1334568325329374,0.10634720113363672,0.26408723543913726,0.34417288052046424,0.1833695302358615,0.10345947142890824,0.38434326447889966,0.23540288268513418,0.5742239637412494,0.1508713579582901,0.0,0.2713480860162112,0.5215751203243373,0.13028798416047596,0.24458402176882138,0.11314757916009532,-0.06689661641467654,0.1438118476730031,0.5818971594521227,0.26219299622306264,0.07824679196648213,0.19571570302633662,0.5383697871488593,0.1586696449876559,0.5470079999301161,0.08794046596785265,0.48360634937473557,0.25761480684813326,0.13405723215369614,0.6296371942971292,0.5142819706797532,0.4912124862464207,0.5185576750820242,0.5327582429510355,-0.03987139311820298,0.5396528691619273,0.5171059619362322,0.5797357471183903,0.33325150324928665,0.31496249774550383,0.2985494616203499,0.2736002339973519,0.22297551670937157,0.3516868309146163,0.20873405938653256,0.22837806190810273,0.2789940867200643,0.4193902628242594,0.23730104188127704,0.3128536336736256,0.3704449364244393,0.3802265822764277,0.15999553926131765,0.20364681907469767,0.1917979244465392,0.3150788830463054,0.19089323360585037,0.5289262182175709,0.5247496328488426,0.383699554692458,0.38783729804331873,0.5307616849060445,0.25527119314616686,0.20778832315001544,0.41705592521996426,0.3370152222343432,0.32426767506259657,0.24270460345621514,0.4340362997067724,0.2332834869560952,-0.02036529257603853,0.41706603491353844,0.1934652161232252,0.0,0.5674254581042171
0.3429554124818569,0.2526465826251179,0.49723714219898535,0.9973457282210993,0.7373579616570982,0.41739887163508566,0.49785012060934797,0.30498425480381497,0.4962371043361882,0.5266864867466748,0.16684867955365495,0.2713480860162112,0.0,0.2795240345795128,0.30035351939224597,0.46295514735654425,0.12168780685728992,0.24856333830787142,0.21928457033398718,0.3838975867717406,0.343422241212734,0.440473292144289,0.44071948086634793,0.164617577049132,0.1048427735929042,0.2824935255480209,0.4614886051453601,0.6689683647396588,0.2969997968329402,0.12483142709056305,0.45262385423553153,0.5284055491508167,0.2174843430741266,0.48937175588056303,0.5275471175894259,0.7760595033536233,0.8482981473970108,0.1616443966748518,0.3090530822007564,0.2937602782415807,0.3635286334580471,0.34635044896981354,0.2646274367327607,0.4357784118166298,0.28448550439215303,0.008041004691869802,0.16416362515798433,0.13093525373142334,0.0,0.3362590634804274,0.0456753366117677,0.11266795830691989,0.20066773877541105,0.14497529476811444,0.41319865161631536,0.068574600319244,0.16121195460008111,0.1321285157698241,0.4581283736806042,0.2000275935071564,0.02029282385867237,0.1491615930404283,-0.031222989318829553,0.26305617159438915,0.11850823138374975,0.2141467088490231,0.09177020680529696,0.1807403017354421,0.3997250768503367,0.09120704060396995,0.0026825956398005,0.14779807627725183,0.1635016429553643,0.24334580690770544,0.125801379747736,0.15303530268467752
0.5259723692449688,0.20951039192509416,0.6395976644802916,0.8315635310162154,0.5448009033669025,0.30207481923493207,0.29440166215746266,0.8455719984390749,0.2720412303260178,0.6248600633785604,0.43860526072649353,0.5215751203243373,0.2795240345795128,0.0,0.2839609156140904,0.5066265822144931,0.4658430391963932,0.4912451851086198,0.5315530215951614,0.47788105869912,0.3343526661287965,0.15344668306178555,0.5019609255776867,0.44017891706540535,0.4959134812060857,0.8339186170276013,0.4138767151417786,0.29156548595845433,0.10562183052539248,0.4048770765254388,-0.03096928243954783,0.33289917433946387,0.41703112894532807,0.33837196357571253,0.35287545290876426,0.525556529210723,0.7408208465758319,0.4264103617892359,0.3185709978670032,0.0,0.68481992031452,0.6684432120485205,0.003142714263178692,0.4654388519030501,0.0,0.0,0.0,-0.02360119610795608,0.0,0.059567148869877296,0.21378853520824057,0.2998719103176858,0.08029415789829619,-0.07654234302637392,0.0,0.0882864303190799,0.3734312345435374,0.4122985792667526,-0.1043793226596022,0.0,0.0,0.0,0.0,-0.09257673070250078,0.0,0.0,0.0,0.11622292375400761,0.0,0.0,0.0,-0.14462871091193197,0.3173086975879224,0.0,0.0,0.0
0.2704348515169356,0.31454440371268844,0.10445073947422662,0.4323201929277198,0.22861972900474897,0.3606639051316623,0.21895981863027297,0.35166777683861167,0.11771161383947465,0.37979588457405544,0.0,0.13028798416047596,0.30035351939224597,0.2839609156140904,0.0,0.6107070905654176,0.31590506431970033,0.2722734764920834,0.0,0.6180834231856929,0.26527365783722834,0.6198298228337216,0.3825302961617887,0.18834148831345948,0.19740739772308952,0.61974769820332,0.5780415593637687,0.2698923809542697,0.474745031903255,0.1768627437606432,0.6842869888239946,0.7411390849467561,0.4993404359675987,0.65761589921393,0.8269576231917626,0.760010373799094,0.42914832883404136,0.3792316106285841,0.26475592120970315,0.41868159776467095,0.2931956058177327,0.29004013876774437,0.4485719740244092,0.6558877999120034,0.0,0.3983908744509629,0.19177333834701776,0.15593476320094077,0.0,0.0,0.08985528685972283,0.266617027884894,0.15639458289719982,0.31747617892703084,0.0,0.0,0.19893859822063012,0.10486386006812715,0.4745390805215166,0.07598868973056483,0.3101302480273203,0.5244256336828894,0.45644940333690825,0.0,0.4676429334482848,0.33826599391349965,0.5892745894612551,0.4111881579905438,0.4560481842200903,0.21327350852143068,0.27328746811020005,0.30500233686647016,0.004191312172468653,0.14007809697370638,0.05482218077879997,0.19850926804734548
0.22411305566395662,0.2461782430682553,0.09611243950024967,0.2704673317941637,0.5379285548810752,0.625828959161006,0.38495055207547446,0.5016240198344291,0.5137707616592397,-0.1663759419924575,0.48582058147237717,0.24458402176882138,0.46295514735654425,0.5066265822144931,0.6107070905654176,0.0,0.007039579526081086,0.5821837077579036,0.45560085927760696,0.4734004421423862,0.2773788113831801,0.5071034447497779,0.5064934168922148,-0.1259088023039438,0.02988867998671113,0.2219605658695314,0.6613924667060478,0.4568862982040782,0.6135941486642174,0.21529536285679535,0.47532555280265587,0.485228469403876,-0.026020563933682794,0.2602489393543994,0.48818921840954654,0.49332973858326723,0.030502897854186917,0.24033048734202017,0.16631090716402624,-0.09026434364725971,0.1257151580581951,0.2068480008558251,0.4751020856967378,0.0,0.0,-0.2141722211834306,0.009896506931013238,0.0,0.0,0.0,0.15965555716509017,0.04991267488163831,-0.09506325783005254,0.0,0.2261341379698738,0.0,0.055944064555792206,0.07099431884661417,0.0,0.3045514610915423,0.16839846725627244,0.2651744231416693,-0.06747158503973388,0.0,0.3279958864733837,0.16927414829717213,0.10759456028908454,0.15784274169292345,0.10312015146969741,-0.0032969638434436344,0.039904878078793615,0.27750126749078685,0.08148265689032924,0.31485416755559026,0.0,0.0865084497692869
0.004807984187810088,0.5175097479031869,0.27245319714999017,0.3317288060592357,0.15163577485188562,0.13131103169950736,0.05958612917266387,0.13667426733258212,0.10907408183409673,0.24858107758908177,0.1813263314879346,0.11314757916009532,0.12168780685728992,0.4658430391963932,0.31590506431970033,0.007039579526081086,0.0,0.480880711854448,0.11873687712074438,0.3980470564692899,0.08112001020147197,0.3049946190418168,0.04087096574986926,0.07328086079496832,0.16577370541137837,-0.25926080193644874,0.22790668476736076,0.45115713933698703,0.12255596828392143,0.6119696097163545,-0.028725898589470278,0.6047412384651321,0.18874552653752075,0.1586822079319713,0.0634194618788814,0.45545835165797105,0.3476618755476735,0.3497225504241456,-0.07962048656157927,-0.015019582269978293,-0.050078436248091274,-0.25197173621731056,0.0,0.0,0.3943800916759582,-0.4079106159845551,0.5216676553840285,0.0,0.0,0.0,0.0,0.0,0.0,0.0,0.18102062170335298,0.0,0.1934284536320547,0.1296952610764327,0.0,0.5896334931299454,0.13432686972318014,-0.0771917984862297,-0.0890447048266863,0.0,0.0,0.0,0.5235589282698,0.0,0.11484962055879905,0.14920695630704045,0.08965930921436105,0.0,0.12120862770802787,0.45832871107224654,0.0,0.15197018549225916
0.0032963570420731503,0.008942309150906491,0.15133472407326848,0.4823203287234017,-0.04237816512907394,0.34577511165086894,0.21225316483579953,0.31642002875585173,0.10980532622986702,-0.06422850822735982,0.18718284133687904,-0.06689661641467654,0.24856333830787142,0.4912451851086198,0.2722734764920834,0.5821837077579036,0.480880711854448,0.0,0.21552476602646736,0.15226050008013747,0.059495574288474184,0.11922409117643043,0.3295761345675935,0.014602261022210739,0.16356880574792865,-0.015844990871678122,0.336567987306432,0.15463534133166984,0.21316307785537109,0.24885771308403856,-0.041655838618558205,0.2533752711984404,-0.04843573847007132,-0.01668436972113685,-0.010201132834400994,0.24540802668408299,0.3935903760908206,0.3071196485376075,-0.1423268994692719,-0.17909828919700482,-0.12973888758716196,-0.059837859638081026,0.0,0.0,0.2653488751187334,-0.14282370867530197,-0.1485837649616512,0.0,0.0,0.0,-0.023141218819068332,0.46894041762186933,0.6042808752801947,0.0,0.2009216834196305,0.0,0.25083125251407806,0.14208318151714477,0.0,0.2298681255719372,-0.12902825217299407,0.13724689894683073,-0.17087850018304518,0.0,0.10557559502943137,0.10884973979206108,-0.13614593665316044,0.17165388150604832,-0.14029150702815457,-0.18273571057547267,-0.0708053274943104,0.01677159723514604,-0.3250440901068273,0.04030063321557015,0.0,-0.0670959721773971
0.0,0.4076966623483709,0.6489668708575136,0.2354243648605318,0.019396520383877847,0.41634802795258613,0.10374345339379903,0.48754515136357407,0.5253475200324363,0.13355165608101022,0.3825069691764565,0.1438118476730031,0.21928457033398718,0.5315530215951614,0.0,0.45560085927760696,0.11873687712074438,0.21552476602646736,0.0,0.5003154248300125,0.23052074011408313,0.42115165624917394,0.859773523844217,0.16817933737975388,0.19835813784636336,0.13401383989792792,0.8908331905297441,0.36623043262884664,0.23135019510636273,0.284907394837442,0.19667343280946004,0.3224603713457119,0.2876474118010014,0.27907350893225413,0.22362593292130767,0.4316309185993669,0.08892602614986186,0.08561838333728694,0.3194735138150409,0.44991394706590837,0.25325613725399854,-0.05513181260695452,0.2937286557110187,0.36359153235236036,0.015965269672597964,0.0,0.0,-0.013537276927286956,0.0,0.20218033249190792,0.27600093177188917,0.1558759340704861,0.2798125556581978,0.2616349312962467,0.5857652449404277,-0.023307014738081555,0.21984543267241963,0.15010135660820312,0.2493823108919998,0.0,0.0,0.0,0.0,0.42821223574289385,0.46952175967498844,0.0,0.4876502250586635,0.31260261288131735,0.0,0.0,0.0,0.3918518686520446,0.1754127859837728,0.1978528595348241,0.45175134097454284,0.2268943988953539
0.22971183224438613,0.12168620245636874,0.22710800301169737,0.40619641720003014,0.3386208421400341,0.4114567968562293,0.371311233304316,0.41200994309107614,0.38284331291939033,-0.03204768056963747,0.4546427800985753,0.5818971594521227,0.3838975867717406,0.47788105869912,0.6180834231856929,0.4734004421423862,0.3980470564692899,0.15226050008013747,0.5003154248300125,0.0,0.24728156319645372,0.19288924868362842,0.5645332864275969,0.44652005043453286,0.09422971728912088,0.19151210490085185,0.5110992264524336,0.2529722272004339,0.4444677268648409,0.031637246031334054,0.44530730664446927,0.5421052424924786,0.207869893044715,0.5576661041985638,0.7117566388882854,0.6909780726699143,0.6444829531085468,0.9066556877435921,0.28352033644234154,0.26290356937944637,0.2940109506433777,0.31276884844528097,0.5340913800813131,0.19045662838040184,0.30908767158000605,0.5853401026998277,0.2760369634991403,0.10283814377733194,0.0,0.0,0.23483624076042076,0.25222785947165915,0.308427737944887,0.12227293655638197,0.7795804022241319,0.0,0.471225454827859,0.2674526311106505,0.0,0.31793385681948494,0.1940161868347597,0.48060594584901867,0.03522044760937337,0.0,0.36476732725783767,0.3209906780790447,0.3341479445965643,0.2651360098387705,0.0,0.07560156227820336,0.3033165612831794,0.2342425703535277,0.17739433029019613,0.2942670779071055,0.06896606817266598,0.2988470606577158
0.350446600604632,0.11349772816103865,0.11354335825597456,0.5206235539148912,0.2742437555906923,0.36123996047299367,0.304232403083163,-0.02677747388308027,0.20774806559070116,0.27532099840562174,0.21799940574389462,0.26219299622306264,0.343422241212734,0.3343526661287965,0.26527365783722834,0.2773788113831801,0.08112001020147197,0.059495574288474184,0.23052074011408313,0.24728156319645372,0.0,0.29609010748033093,0.2507076388900635,0.5009324880789585,0.017019145728418672,0.30037746046210656,0.4106925557221117,0.19990318982734476,0.2905559350615265,0.20525352147050596,0.32029397654945724,0.46651666858008944,0.06374639018470396,0.2878797754573856,0.47248112460062486,0.27727112836656065,0.30256187798482337,0.4142202675769726,0.20382635735955487,0.10210422322041113,0.04795239553073799,0.07867021815443398,0.49183066832369304,0.0,0.0,0.32872741318255205,-0.08078422206512192,0.11495717961808338,0.0,0.0,-0.07442070085150304,0.2484043162428645,-0.02683563974519404,0.263155726618963,0.43342575143667217,0.0,0.40125515372827886,0.2187307685816322,0.0,0.2219397091365164,-0.01793904476819902,0.0,0.2412746941834758,0.0,0.3381567171082043,0.27455362065505107,0.15120587452064096,-0.10169843878697227,1.0062636148224624,0.2483366136494921,0.10617110912155558,0.054961225917440626,-0.13955283619510245,0.07099276696134349,0.11175570281840688,0.10062539975697332
0.17228033201438708,0.2741198729174542,0.5329007065122104,0.3591289074694852,0.3535118990724051,0.4301504642366719,0.45381374791159346,0.13208765052456678,0.36937897759167504,-0.08070248600692309,0.15511988600268012,0.07824679196648213,0.440473292144289,0.15344668306178555,0.6198298228337216,0.5071034447497779,0.3049946190418168,0.11922409117643043,0.42115165624917394,0.19288924868362842,0.29609010748033093,0.0,0.5547070106552143,0.3039416325690635,0.20056447305030078,0.3498024917992216,0.44953867813621745,0.530381696107942,0.5433718134021315,0.4117059181984851,0.7590084216073574,0.8945299297678131,0.2528521662464539,0.8141659417860003,0.8925868602418355,0.6225736231914032,0.8108473311462063,0.48803791096529076,0.3418209446828711,0.12354213899904062,0.14597794960386767,0.15081475260599636,0.40880114391165523,0.4231123760583605,0.36740981481624274,0.04242281385047714,0.08076158936154026,0.2401441953833731,0.46854991220529285,0.39733025182924236,0.00859691694231196,0.0953526173076868,0.2514751550492104,0.2527595677988834,0.17849237370790436,0.0,0.33978401011943976,0.19151020326860774,0.0,-0.05276642818623517,0.13694648366382364,0.25669783087182707,0.4020781903140377,0.0,0.33378187922749303,0.3346855337400625,0.24999506798696586,0.34080562143132764,0.4150342057167995,0.25208687480864234,0.19985023703312538,0.2247477511941426,0.26680056033318245,0.2598134506179588,0.4020919011766179,0.12769179480485882
0.5111976168762931,0.4327340600598076,0.7705675220463979,0.5789654331990499,0.23583980761773962,0.43760151852919965,0.3207996931178371,0.26293637697690825,0.5260937024750434,0.38008697496053934,0.48210620819332917,0.19571570302633662,0.44071948086634793,0.5019609255776867,0.3825302961617887,0.5064934168922148,0.04087096574986926,0.3295761345675935,0.859773523844217,0.5645332864275969,0.2507076388900635,0.5547070106552143,0.0,0.46550471189025044,0.4150836939832131,0.26130696635327866,0.5030380154165568,0.4225218167538033,0.4013325005809509,0.36397514577303514,0.489212509303112,0.5280147097019552,0.35401309098304373,0.5502185400150111,0.6670898460941882,0.46176706271102297,0.7211890241983203,0.11104266075443733,0.27763854697579504,0.28075940580881953,0.25476367458844984,0.19387853142085792,0.1273915476860371,0.1351202269147027,0.33787482751207465,0.3924403551037322,0.22595114265963276,0.300149121343474,0.20085673392406012,0.15748218429399724,0.11777825712504458,0.13159640885177432,0.21181982340977346,0.1496607532551798,0.36559493320349645,0.09332205348213213,0.11495272613713847,0.15474483993627186,0.1623096205217612,0.10679406402635583,0.20686846531818956,0.4675808022254212,0.20465545228644125,0.2395128348632526,0.29493279947417256,0.2072033183283547,0.3373459113126331,0.3696862028578368,0.3305165861950452,0.11412771635405555,0.369663217681381,0.17336241745290817,0.16665748474959605,0.24596309351002663,0.1296195850401093,0.20673614404960544
0.7148219680547732,-0.07056326253109141,0.15154109755982514,0.17870220836902298,0.25217922254226244,-0.06984214547582171,0.07649608871445279,0.36884492973662214,0.15984760675763338,0.5873864383505782,0.15061132036249536,0.5383697871488593,0.164617577049132,0.44017891706540535,0.18834148831345948,-0.1259088023039438,0.07328086079496832,0.014602261022210739,0.16817933737975388,0.44652005043453286,0.5009324880789585,0.3039416325690635,0.46550471189025044,0.0,0.1949049785187374,0.2597439766371866,-0.03529914416401203,0.3032270679825725,0.3394174913175183,0.5872372420074179,0.4953549874963287,0.28311036551196456,0.4029948018332809,0.4375647342124915,0.4057274790921537,0.18761493106297816,0.6668631967698313,0.44924868434912696,0.31220924949466256,0.29721834306213546,0.18314281743132,0.303141916124246,0.3150220646874209,0.2892812260356862,0.4639731337023892,-0.02637970989960886,-0.17460503143848688,0.0,0.0,0.4998787464812095,0.46957598748716456,0.41789162066444174,0.0,0.26032780049469584,0.14555314224197677,0.47380485299450603,0.18927313400180337,0.2929923992418581,0.0,0.38093826825009147,-0.05960415104977418,0.24308979346138324,-0.11778558221720647,0.4463181032200607,0.4448735937710032,0.3985136797827491,0.09278652634943521,0.6989693071354608,0.13719870785343255,-0.0920086727156939,-0.011097908591263084,0.4139049075461335,0.41273340891775634,0.2642433589386123,0.0,0.23181015643154534
-0.07504909199391674,0.08446589351077113,0.21324650769584286,0.798180514304234,0.13422683966215201,0.2468457449342753,0.17060593146639436,0.33084223117401784,0.1897427629435565,0.44939786247945746,0.040086928913267206,0.1586696449876559,0.1048427735929042,0.4959134812060857,0.19740739772308952,0.02988867998671113,0.16577370541137837,0.16356880574792865,0.19835813784636336,0.09422971728912088,0.017019145728418672,0.20056447305030078,0.4150836939832131,0.1949049785187374,0.0,-0.0018018984347320799,0.3497831038517494,-0.0813590174396821,0.14022815002108108,0.0866604682269824,-0.00998755003895202,0.18803713029215033,-0.14018884450535024,-0.003959605212301209,-0.14872393062184044,0.13761557034212774,0.5287679891774854,0.015922086869860852,-0.1512250007355812,-0.16050840863946758,-0.15005066947593682,-0.16369431313736654,0.26852340015337817,0.0,0.3485918983795211,-0.2883638105250604,-0.17385550389635634,0.0,0.0,0.0,0.05121379065624565,0.02528103446699287,0.2699693621408067,0.43898018685650136,0.14956831668380893,0.47502777849304945,0.25632368128654737,0.02480129732272751,0.0,0.24392388287089767,-0.12735571807900337,0.1588566187488198,-0.20923692666246302,0.0,-0.2525215163601114,-0.23530793846093456,-0.1704198847679328,-0.1409898366110609,-0.1377800732630633,-0.20929319185193146,-0.20228990894285326,0.11573181274759015,0.16212896873688631,-0.11871351218962417,0.0,-0.13256380366377263
0.3544934684288208,0.16972396860688743,0.009858901913894158,0.3696286141557893,0.11300080404177712,0.3705233765121605,0.2623199597074175,0.32572406151174105,0.4017509880045531,0.3292231807010703,0.10047948676721785,0.5470079999301161,0.2824935255480209,0.8339186170276013,0.61974769820332,0.2219605658695314,-0.25926080193644874,-0.015844990871678122,0.13401383989792792,0.19151210490085185,0.30037746046210656,0.3498024917992216,0.26130696635327866,0.2597439766371866,-0.0018018984347320799,0.0,0.35507655152437867,0.26089215160288914,0.37425914220520407,0.031916015390861946,0.12235796036188246,0.45061989382348866,-0.15384805678998054,0.02731627949235277,0.17700052681562556,0.28079357192474363,0.14812661045351103,0.11469791021779169,0.019669297025117216,-0.10765333947084005,-0.08570356665493728,-0.0009864773482070044,-0.022047840753497527,0.5149811947449116,0.3519943401142498,-0.28430831316066946,0.12143308329738012,0.3002117836263861,0.0,0.010769855419396979,0.035706036320448054,-0.012801223178459997,0.2298628293384688,-0.023798418372757257,0.14587030359229206,0.0,0.22294135772776574,0.16701853305856873,0.0,0.20981454011001358,0.002558061565337666,-0.013542178957079931,-0.16801274230339286,0.0,0.13864731731458346,0.20761037066753235,0.1607308999791499,0.16477233365583965,0.10424519533630794,-0.08917504694155526,-0.05973730992057247,0.05306240770254034,0.26505710674438754,0.04422130759838322,0.45146116339550457,-0.12174389586946632
0.375372605658625,0.40393904301784833,0.7928901805582349,0.5074232701078636,0.3341553845562993,0.43875430634362156,0.3269966801730456,0.30603410578171564,0.6408926464398114,0.3509018714345692,0.19996984765892478,0.08794046596785265,0.4614886051453601,0.4138767151417786,0.5780415593637687,0.6613924667060478,0.22790668476736076,0.336567987306432,0.8908331905297441,0.5110992264524336,0.4106925557221117,0.44953867813621745,0.5030380154165568,-0.03529914416401203,0.3497831038517494,0.35507655152437867,0.0,0.43169800428771604,0.3512557941828086,0.3309261654326852,0.5102786838374381,0.47567201281692634,0.5092448803071604,0.5214958665459765,0.6687031459787676,0.23285563182736152,0.6317062253960265,0.07119474265283054,0.330431591668359,0.13634675509652971,0.21201760183357593,0.0960862465950158,0.09689936997041099,0.17527395769775947,0.3344611826245847,0.27364158540658845,0.10901952781419114,0.24131924800354998,0.20307514940104565,0.1551530508171005,0.14371266312799846,0.10356628226017417,0.39226421866469585,0.21334119597863316,0.3577964136138949,0.240243227185059,0.13712498901117295,0.17768630600623708,0.3272406486425273,0.4201174839775089,0.15169799018832708,0.0,0.09655020161371497,0.31187813787585794,0.3494487274569352,0.2611724280784072,0.3055370326455402,0.24203301520827003,0.0,0.10523498369326634,0.2037022405868522,0.23313003536495736,0.17172219519500043,0.261562974626621,0.14285501722456256,0.2605763296619479
0.2824560770302885,0.2469750768997962,0.572985183808046,0.812747902684278,0.6886456792644406,0.5530680668521593,0.907364179306213,0.28631828773916695,0.46081736404243734,0.6127486354802965,0.21816273252582497,0.48360634937473557,0.6689683647396588,0.29156548595845433,0.2698923809542697,0.4568862982040782,0.45115713933698703,0.15463534133166984,0.36623043262884664,0.2529722272004339,0.19990318982734476,0.530381696107942,0.4225218167538033,0.3032270679825725,-0.0813590174396821,0.26089215160288914,0.43169800428771604,0.0,0.4116355520837351,0.35903268895656737,0.5774706448308775,0.48520109158850455,0.3488351755218715,0.5925148880472444,0.7709625605234347,0.7212426245220362,0.9183458295023915,0.3628369062753104,0.2556913020550975,0.1491762156441039,0.38952171090730836,0.33005046304579466,0.20582031792739353,0.5189097134697541,0.2501780643253818,0.22226401062250428,0.09005188971128031,0.18595013986359965,0.0,0.3629808803325502,0.12930252822150878,0.15722131348929902,0.15823591207024054,0.11405346670967237,0.3834829245981002,0.13986205360430626,0.2973480077819927,0.17349986576079182,0.44142339485298654,0.15874784664237354,0.055612338484317125,0.31536425053096145,-0.0521875032465654,0.4039426389423473,0.29589357071812483,0.3060915534972163,0.0900845129904704,0.21289667494639167,0.2591579556062996,0.14582316996708994,0.09533198645143437,0.15780811903950165,0.11206798755439148,0.03133781700360011,0.12758195812448925,0.15440163078558064
0.350383629530097,0.28202252442308917,0.11485859375235552,0.25864713123882466,0.38252099693525404,0.5114357262731702,0.383529009933707,0.19868070322541515,0.4094056740264365,-0.015815189077430014,0.17870044390736997,0.25761480684813326,0.2969997968329402,0.10562183052539248,0.474745031903255,0.6135941486642174,0.12255596828392143,0.21316307785537109,0.23135019510636273,0.4444677268648409,0.2905559350615265,0.5433718134021315,0.4013325005809509,0.3394174913175183,0.14022815002108108,0.37425914220520407,0.3512557941828086,0.4116355520837351,0.0,0.15206091442166808,0.4220017794373705,0.44423276673451,0.3011584023161713,0.43640913477984605,0.480445132006866,-0.05110352818821845,0.24412169038031542,0.1571582125342718,0.19137170922176547,0.08019892751878277,0.16174111568510427,0.1273134883249864,0.2561710417452051,0.20628267596385014,0.40440160472201875,0.037343170666127246,0.07019469631335276,0.16900481685158608,0.4970755955268084,0.27398484206098817,0.11112150493550982,0.1716610864628525,0.2976233538213993,0.14788511566432394,0.2840855513484541,0.04764629149260624,0.4244812739982224,0.2296423918144605,0.596512817185301,0.13190104617608459,0.10895865002627031,0.4701331085918063,0.06265597941072981,0.31038072862566596,0.2919126785717923,0.24514178009298143,0.2704872629692464,0.16306076370450762,0.43410209634138197,0.0879922632565141,0.1767263715111492,0.08871724268487124,0.12253397424275031,0.11360381598658159,0.19632480931467217,0.19338521661778713
