0.0,0.001118104688939081,-0.009179203083130305,0.0,-0.004126889165526115,0.040274905218150414,-0.009305984607968165,0.08004871948590975,-0.001093650747226671,0.01622923583913677,-0.006112143511115609,0.028752563400076703,0.02178339806663271,0.05813736982964951,0.01631611731917615,-0.008632643972465381,-0.03740632647215386,-0.008359639064181301,0.0,0.06567039596412327,0.019522188190467415,-0.004927334580047571,0.07059296875055604,0.026601076364699883,-0.009773936495407864,-0.0011399475203758835,0.05342155769862306,0.056030347710030626,0.011806994842819774,-0.02190203493985521,0.019484500407773997,0.013532768726203903,-0.0031430969798448283,0.015197877403366311,-0.006994095124063793,0.0023734756413170133,0.0007573948709929668,-0.016332568308534023,0.012238178721130033,0.0025635738313361522,0.008911229217892114,0.005703100563925034,4.642027460849407e-05,0.0,-0.007057502082147171,0.029458544167588252,-0.002396440291365376,0.0,0.0,0.0,-0.017391463620005654,1.1102230246251565e-16,0.0047070827663947545,0.0,-0.025266660746064096,0.0,-0.0076384441095914135,-0.004612133577785171,0.0,-0.009697159592216786,-0.004383579194756293,0.003717650785658111,-0.00566304025772818,0.0,0.0035284742108221967,0.035324867257521764,-0.006524875245351058,0.006346913178077784,0.042443834513584855,0.005668141967456797,0.012668558317696366,0.007919448592652645,-0.00032296363234318726,-0.009734544865306338,0.0,-0.008722996728172283
0.001118104688939081,0.0,-0.010289390526589393,-9.254272272962716e-05,-0.024088338670736953,-0.015078558266059638,-0.040690606342435987,-0.005358325983645051,-0.015815788681110943,-0.010332222406946978,0.009277283902410505,-0.012992815982847017,-0.03721781305725813,-0.0067416393807270825,0.0015620448426115763,-0.008115304853111627,0.054827851451920206,-0.0017964171958504416,-0.018545228972693284,-0.005451321754173177,0.003195011750275367,0.008409670331483043,-0.0013393988487563346,-0.024734757635649085,-0.00432950095134893,0.002926029301885069,-0.0043577468134289865,-0.0378264462752389,-0.017243815491231163,-0.012571951006163207,0.014633141358031898,0.013395705217496556,0.010018210543247752,0.0126643445327001,0.0038984307580952615,0.012035714243094187,-0.0014619327554009076,0.0,-0.006477969892604851,-0.016138850422193762,-0.009064509349408112,-0.006968063923873946,0.0061093533195866745,0.0,2.220446049250313e-16,0.00504652852320242,-0.0020346942883947006,8.29873465826303e-05,0.0,0.0,0.0005243964522541611,0.009343032085214309,0.0019037883425555568,0.008196216586116745,1.9491519031522575e-05,0.0,0.002685365313614352,-0.005953459699045871,0.0,-0.022250617200069323,-0.011808739821952186,0.0030953974137152285,0.006076181086361376,0.0,-0.016442562043145814,0.024654730204348774,-0.024146187655752993,0.018373968713355116,0.02280680467052043,0.015825142600388975,-0.002630341851006912,-0.00019088258546445802,-0.007273342735220345,-0.03008552548296728,-1.1102230246251565e-16,0.0002628735291635431
-0.009179203083130305,-0.010289390526589393,0.0,-0.007563307952761944,0.011790870131399511,0.009058104372810905,-0.03811573256364098,0.00973855806560825,0.0014379045114222833,0.002992797408386594,-0.013457199011277232,0.006160914944847051,-0.04211883022452845,-0.00019314153826777147,0.005633480777624544,0.002518378655619269,0.0017679597301744066,-0.0044432061249169985,0.012519774074228052,-0.0036510088007455366,0.022518047077447534,-0.03390517459718251,0.012997516449398727,0.000595975516715086,-0.007108600652528274,-0.017401191479058498,0.020412257138108958,-0.04305407070686523,-0.027164193250990454,-0.03783624560614107,-0.025452806214744605,0.0010788107335161778,-0.02027437321515374,-0.009935028776008437,-0.008199046263986765,-0.0017261503604780737,0.010672819149257717,-0.009001686650340013,0.0011444670946199054,-9.507074656966985e-07,0.005903669152089619,-0.029294037808501372,0.028339353713294435,0.013459320106168515,0.0,0.0,-0.0001608127076762611,0.04252639078969006,1.0426117756257014e-05,0.025012181567997782,0.005321732547165281,0.006658161034705623,0.0006322426819190818,0.03986971527828398,-0.00021879260712553972,-0.09807332763084459,0.0006337897445088947,-0.03355444329559115,0.043206608159367665,-0.00023576675367786848,0.0,0.0,0.0,-0.055447957475014964,0.009926476642628301,0.004870685270197572,-0.0003319459675000802,0.005143895945130317,0.0,7.643537309859338e-05,0.011282515334005871,-0.00967360256622185,0.04300158710119406,-0.017721254976739542,0.007417073440911803,-0.008590755163796482
0.0,-9.254272272962716e-05,-0.007563307952761944,0.0,-0.0052180548647359215,-0.015942952510096198,0.0012629932143578548,-0.12706159745169338,-0.011862000802488226,-0.0733106690878784,0.023174898377416486,0.004553267297100816,-0.0006271680667733759,-0.02905715639198944,0.006072156573957654,0.000946849562993124,-0.004315179979770212,4.7477297953957276e-05,-0.00025700495979508187,0.0009479889906549022,0.0012293417875925972,0.015924836694866107,-0.03361445079538883,0.004754261013538541,0.00030256562660674335,0.007606633882395519,0.009758048999605307,-0.035357662196860457,-0.012057197734632541,0.0034560825473558543,-0.019013638943899736,-0.01369051347651723,-0.04320366554990451,-0.02336506604243921,-0.029723592418441303,-0.04146437770088812,-0.03277466041547236,-0.020114764642125194,-0.007787386525274997,-0.0010031896524994588,0.008421157223289732,0.00014252764609251622,0.006864532794005729,0.0021577274221659115,0.0,0.0,0.0,-0.00115014795633811,0.0,0.0,0.005778112101750499,2.220446049250313e-16,-0.00010865811843013828,0.00028208432862997235,5.551115123125783e-17,0.007303739516166863,0.013383351841972868,-0.0004743635853068362,0.0,0.0,0.0,0.0,0.0,0.0,0.0,0.0,-9.58037797105793e-05,0.0011363371439501169,0.0,0.0,0.0,0.004341351341622723,0.002249186198201858,0.002723714774132746,0.0,0.0
-0.004126889165526115,-0.024088338670736953,0.011790870131399511,-0.0052180548647359215,0.0,0.0015093932402683308,0.019484559691263115,0.00927127894964952,0.014607447380577232,0.0111776271973264,0.02485636914849304,-0.02754233019970348,-0.012375421812463039,-0.0005082911850843308,-0.0064842519586594816,-0.03891033971365615,-0.017195180280467293,0.02708677413396704,0.027438081316103757,-0.03318372192122304,-0.01475924090213776,-0.048484408772857146,0.009080432638157443,0.0075153302909399256,0.04473373512454998,0.03233980586127966,-0.0009580749872397654,-0.019093755005003432,-0.049055794014172704,-0.041631266291271174,-0.0011822514089485647,-0.004994680373894833,0.018744646803567022,0.010042713004206283,0.011188017889077306,-0.0053015401531988915,-0.06269902886737039,-0.0026833823722177685,-0.04983250343278989,-0.0070918511693009445,-0.008947097028083328,-0.007563541793715545,-0.0012021688856104218,-0.031432971918783637,-0.00030712389512776994,1.1102230246251565e-16,-0.0038919306374836093,0.01057230142855603,0.0,-0.00042746561059414656,0.007010869305093426,0.011664534715067232,0.030671923123311073,-0.007692664372075386,5.551115123125783e-17,0.009657233483993166,0.008635306006331944,-0.015378220823935584,0.017126807286411805,-0.00015978901913432653,-2.3325260687379057e-05,0.0,-5.551115123125783e-17,0.008689661413885386,0.007202082671785848,0.00021384269966195912,0.01514564965794013,0.006874763966959185,0.0,-3.0480829214807326e-05,-0.0011523599523458605,-0.006087945929538874,-0.0073525406864452525,0.010026160981413235,1.1102230246251565e-16,-0.004233377922354009
0.040274905218150414,-0.015078558266059638,0.009058104372810905,-0.015942952510096198,0.0015093932402683308,0.0,-0.02429611133624532,-0.01713228821989987,-0.007002522757630969,-0.011511015505127453,0.0105715309902919,0.0068057818461370045,-0.022206408729660898,-0.02688097161900288,-0.016239510688996095,-0.020840223674233938,-0.009803561431012298,-0.01870836390090186,-0.009657752005126974,0.0006084703984071127,-0.005359004309389626,-0.01835837680603858,0.0018399089338983488,-0.008726624052500354,-0.01725413632788325,-0.0043310984840723155,-0.004686329252585053,-0.02662223537731795,-0.038281467815071635,-0.03690962092289157,-0.03051576208491752,-0.007442141886652709,-0.006942086852695761,-0.015636238999952534,-0.014083456426274232,-0.014089660280457883,-0.022286746085112386,-0.008413357761227369,0.005508921271812517,-0.017717205238608924,0.008164775437845384,-0.0010201840264103534,-0.03548641875606068,-0.016948184464069704,-0.011053350036862086,-0.009818861628448083,0.001320101198731105,0.0028081728240407777,-0.0006696658092587571,0.014791429495649933,-0.010414218600700964,0.0049288157221586415,-0.013372028452526163,-0.005940767012627024,-0.005690267264434057,-0.0009841813691432444,0.012663667326332562,0.0020525667196142905,0.002617761528862672,-0.0040922293610921034,-0.0008684002944316926,0.0,-0.0005267390907860436,0.011959003826390924,0.0006555826575994073,-0.010191970773856251,-0.008280027405198953,-0.01317908210994806,-8.055430297132515e-05,-0.008624272553313495,0.020228179830646842,-0.008137747494085468,-0.00799612418202067,-0.0037920213229757915,0.00515112595240963,0.004482220996630204
-0.009305984607968165,-0.040690606342435987,-0.03811573256364098,0.0012629932143578548,0.019484559691263115,-0.02429611133624532,0.0,-0.040244010462153035,-0.017385454394417355,0.03929325080376639,-0.004365299075727691,0.011920913926495968,0.009029406833796494,-0.00851206104129798,-0.050956972709442494,-0.05666242215401912,0.023243044896872844,-0.026028603156313224,-0.004523338482289474,-0.050584965318006214,-0.05115377233376195,-0.06214545822163581,-0.03463632993496013,0.022300870281791396,-0.01579278290108732,0.027317210946555315,-0.043836264499779565,-0.004494099689285935,-0.05175386587245606,-0.07213272620561217,0.005263096016509539,-0.0035129578157806485,0.05787030459063336,0.010271121851735454,0.002775772896215223,-0.014806457887078572,0.03889386779998388,0.024732774226998155,0.0057360466843416336,-0.01631808524654277,-0.0064555319223197904,-0.021024803982184315,-0.0714333219523231,-0.03787825747798973,-0.009910242416007908,0.0,-0.0005953008179814812,0.014170872964904602,0.0,0.0005997925788570613,-0.0083022139081797,0.007758330506282163,-0.06468924691895478,-0.0038948162030819633,-0.001718121280646412,-0.01022043936215472,0.010293499849949928,-0.00884175503191914,-0.0035903509222366403,0.002118344287703411,0.0013814495296860518,0.0,-6.590186944055443e-05,-0.007105157468662138,-0.000906353018125472,0.004459195889145562,0.004642450187265557,-0.029083365080195933,-0.00014646635989240542,-0.00388925003064583,0.0014456218691379918,-0.02176123400977875,0.0013339008486677462,-0.005649172719527196,0.006769465542876607,0.0013032085927383585
0.08004871948590975,-0.005358325983645051,0.00973855806560825,-0.12706159745169338,0.00927127894964952,-0.01713228821989987,-0.040244010462153035,0.0,0.004462954833768518,0.000715709750956528,0.03839007433228969,0.02138050604174957,-0.034161124687566435,-0.0008673430317251984,0.1120177370338824,0.011244031478425232,-0.0010664111302276513,0.06855170373921471,0.032179421514586415,-0.012269343154226786,0.09046215851712996,0.017514965097979007,0.029107130011580606,0.07128308149724727,0.05084896693382296,0.07168290602329447,0.00780601797986108,-0.022339164651609622,-0.03753581059270178,-0.021720858908892693,-0.00564099732426715,-0.027382138602066897,0.055681984075929,-0.0019185757161574446,-0.011280235360785928,-0.025718895584232238,-0.0805208184812552,0.00519776694560764,0.011405540191125052,0.008912955740733475,0.021949282076191623,-0.0029825093905518907,-0.030261777538370338,0.0013555994270738614,0.0,-0.001515226538983061,-0.012882444462036735,0.004601801426501795,0.0,-0.005856989952931213,0.010911255610405624,-0.0014113731829342724,-0.027018414795051793,0.010970741856131228,0.00019073969755950548,0.008914209852069588,0.0002541005906557259,-0.011122568346570383,0.03126812773076054,0.00794880697102296,0.006688719325070369,0.0,2.7782214063187816e-05,0.005085906002719187,0.04606073370997521,0.020706167023029354,-0.0076761385696285656,0.0025466183218900706,-5.551115123125783e-17,0.005945263084461083,-0.011134189328941724,0.011230552951174089,-0.01218396449083936,0.0028829767940214412,0.019471793400647253,0.020547727173397423
-0.001093650747226671,-0.015815788681110943,0.0014379045114222833,-0.011862000802488226,0.014607447380577232,-0.007002522757630969,-0.017385454394417355,0.004462954833768518,0.0,8.823726631790318e-05,0.015080273039854597,-0.04771113352078815,-0.017752463736523283,-0.006448458271694435,0.0060381137427485965,-0.020359269247288425,-0.0038421641745089996,0.005857601589032924,0.023758365063679343,-0.007281380629806933,-0.017001092899520065,-0.029468191096925944,0.015397328780672292,-0.007581235604557202,-0.05422530576235812,-0.017926086212393777,-0.0383168490228884,-0.028227677060446543,-0.030559178753722938,-0.026102009700710194,-0.010779551595858972,-0.002723862837241242,0.002743022267287454,0.001692826950176085,0.005565887917102774,-0.012608554908707215,-0.012539386388861318,0.013216438239794293,0.018043602098783473,0.0046139432072593856,-0.018086578233694917,-0.011164660805569548,0.013526642172424386,-0.00286604006399227,0.011190228647428413,-5.551115123125783e-17,-0.004867226139224856,0.01408427973842985,-5.008755857016656e-06,0.011010173607689744,0.004618792335418842,0.007610517378376702,-0.004597402845341714,0.00802842909085999,0.023207447851613328,0.03125410829710973,-0.006239459860457153,-0.010259018226328465,0.02898664476745061,-0.006766810166081327,0.0027675635111485963,0.0,0.0,0.01487606351536519,0.020621412465189948,0.015150686941314717,0.013904238100657662,-0.007502755377221448,-6.164437537420353e-05,-0.010191268761234329,-0.005431331580897258,-0.011700690275873948,-0.004277939492721594,-0.006266075381432867,-0.0064853850036278304,-0.004770451026489986
0.01622923583913677,-0.010332222406946978,0.002992797408386594,-0.0733106690878784,0.0111776271973264,-0.011511015505127453,0.03929325080376639,0.000715709750956528,8.823726631790318e-05,0.0,0.006485946757145755,-0.006545209382533057,0.017712151388617592,0.06352394255562233,0.010284863104494557,-0.01837260697502291,-0.008790034845448769,-0.004937321665985761,0.012334538790810312,0.021807866212982363,0.04857508904673297,-0.002884533459019123,0.0043578830109055056,-0.03363341211919918,-0.0030672599874884687,0.005414571013160507,-0.0011056560246084923,0.013418275684260905,-0.0006739519707892327,-0.01244917243082494,0.011073559391215404,0.033331359081803236,-0.015744680472449757,0.004307966348385872,0.018367387150813652,-0.08024435712540512,-0.031620513821289414,-0.023879011950850737,-0.01824821513288094,-0.010600568534684995,-0.001350087548828649,-0.0006362585542152299,0.009220865689834268,-0.004552565383830975,-0.04787464295930194,-0.01173491101477575,-0.002406784711272092,-0.000547248964405278,-2.844040962524108e-05,0.0005272597289018854,-0.004285842580648236,-0.013625992090557149,0.003937916749437442,0.003144517436846239,-0.029026999976870638,-0.010940806288790628,-0.014081234740110138,-0.03508273567737097,0.0,8.27696366716979e-05,-0.02138542619470879,-0.04299574169271059,-0.03744002748745445,9.34851167977424e-06,-0.000151889691761109,-0.011558380192720707,0.007697933719869932,0.0005372257971621441,-0.03835017946258801,-0.04044223885289444,-0.015693767041406348,0.0021223857667218016,-0.02653043591647114,0.025956804495199826,-5.551115123125783e-17,-0.02832634255870836
-0.006112143511115609,0.009277283902410505,-0.013457199011277232,0.023174898377416486,0.02485636914849304,0.0105715309902919,-0.004365299075727691,0.03839007433228969,0.015080273039854597,0.006485946757145755,0.0,-0.01817359650871564,-0.0023735204689753764,0.012129463744753433,0.0,5.5652518034077225e-05,0.0007116145062038282,-0.013055555672487285,0.06561150159549761,-4.5305597823119825e-05,-0.005836187903831058,0.004388096264760832,-0.049318016957069444,-0.0057233192476398576,0.0009926174329242254,-0.009430663351342683,0.012621231606411154,0.007189641074275888,-0.0002600651846704771,0.00038549709545787625,0.019940570695988258,0.010471251533731407,0.03261943903595432,0.028526344811455884,0.014906431514575325,-0.006086889426106412,0.004704861168197683,0.0014067581127190087,-0.01147619350351975,0.005358151621173868,0.022735147571952163,-0.005340202979261632,0.027005545045060697,-0.0013591743226151198,-0.003879761314386332,0.0,1.1102230246251565e-16,0.07051472427994782,-9.698844696259812e-07,0.026534356424953165,0.013425032742103882,-0.006425339422795273,0.011761732632195654,0.03969916366923404,-0.014097264007879418,0.04439799109102249,-0.002605597755469702,-0.021448657918228475,0.04993657057584344,5.551115123125783e-17,0.0,0.0,0.0,0.020645926960058514,0.008086430465308603,0.0,-7.475113861693528e-05,0.001932456929896742,5.551115123125783e-17,0.0,-0.00017438381412115955,0.0020764087356891503,-0.019325809296033558,-0.01322208266400321,0.0,0.0013498777469928003
0.028752563400076703,-0.012992815982847017,0.006160914944847051,0.004553267297100816,-0.02754233019970348,0.0068057818461370045,0.011920913926495968,0.02138050604174957,-0.04771113352078815,-0.006545209382533057,-0.01817359650871564,0.0,0.0018864588078623679,-0.039113785091094644,0.006300242332354267,-0.009165891465751808,-0.022980416913023327,-0.020377423801698658,-0.0519481075171363,-0.003937569777437311,0.02699554262598397,-0.016437141510021402,0.009839491187574101,-0.03344859635572278,-0.016757122084510634,0.002371392696089991,-0.003247015273548648,-0.022439303484626527,-0.014427758368026122,-0.009916162995021793,0.00044876228443324617,0.016356027743193557,-0.017996591718173582,-0.005691222049023115,0.009323579809975668,0.001490693170440649,0.021709053671323364,-0.014540753466113249,0.004149135338168575,0.011902478170594755,0.007457803182047307,-0.01038839710887457,-4.248648821819634e-05,-0.0018636715055755926,-0.029222127621390537,0.00362831540796571,-0.0038976396665198476,0.00818929120182893,-0.009860271634176854,0.0030950741933861714,0.00016662612805196098,0.00831737649398856,0.0004408560784820992,0.008829830117467574,-0.022343842175346684,0.0036934006826001564,-0.002495022461603047,-0.010862913580853728,6.127942871680947e-05,8.063929983953555e-05,0.0031497082032737045,-0.043213056237205116,-0.03020428190480956,-0.01096991619960136,0.006573954320931885,0.011609647662454592,0.0016636913649807905,0.012768101367089335,-0.030070842402744047,-0.03647922020551447,-0.013688488498979856,0.016193016212308786,-0.010462539044168773,0.0014391521007381392,0.0,-0.028781715939745267
0.02178339806663271,-0.03721781305725813,-0.04211883022452845,-0.0006271680667733759,-0.012375421812463039,-0.022206408729660898,0.009029406833796494,-0.034161124687566435,-0.017752463736523283,0.017712151388617592,-0.0023735204689753764,0.0018864588078623679,0.0,-0.010206647318495687,-0.038561807435522844,-0.04678177227861435,0.016634582209901327,-0.0239598899611303,-0.007885595734408057,-0.036885382393772204,-0.02532109287108364,-0.05451710786414993,-0.035572054608160264,0.015827259059530252,-0.02658086306247709,-0.004810523237909425,-0.041947156377940054,-0.0009024656013840171,-0.016019534115864542,-0.02480063801333615,0.0007278580815505697,-0.008422245190178146,0.03275373540043408,0.009230734619276315,0.006297307910481109,-0.03253605639495355,2.333610535920627e-06,0.004841430585437512,0.02779195724379474,-0.025070265954219295,-0.02144708498756076,-0.0009233236071964357,-0.03576650412127369,0.00026572179676048746,0.0014815064425831026,0.004630960100149406,0.003392677078739026,-0.006072017984700584,0.0,-0.005165439927742876,-0.09030474410885875,-0.00352599231147932,-0.03336600271505302,-0.00946502761764667,-1.840333426139651e-05,0.006370631524933168,0.019981730612499582,-0.01119305276734528,0.0014345274110227901,-0.020967080178383335,0.002837848424342815,-0.004229059326520235,0.0041521580927984525,-0.01221488372490831,-0.0026475045167444478,-0.0342702556525496,0.011794587874971008,-0.028381811600583506,-0.00960026736829217,0.010743050720948277,0.001707012771299199,-0.021662142570757992,0.002471294343600272,-0.012070285189450358,-0.003473099285170589,0.007181602204931692
0.05813736982964951,-0.0067416393807270825,-0.00019314153826777147,-0.02905715639198944,-0.0005082911850843308,-0.02688097161900288,-0.00851206104129798,-0.0008673430317251984,-0.006448458271694435,0.06352394255562233,0.012129463744753433,-0.039113785091094644,-0.010206647318495687,0.0,-0.011071598436126706,-0.0007010633105907216,0.00013032431325710192,7.171870196626129e-05,0.020547969025574098,-0.00045921503990770107,0.048941329219010454,-0.009909449440732576,0.01457374597943184,0.012522241609617735,-0.013160062689038854,-0.009996922836926991,-0.00999210325498856,-0.019692061250071113,0.030081011616922837,-0.006504231371169122,0.011506558390221744,-0.011558115769102484,-0.03532460280200045,-0.003725290923773883,-0.05330310270238103,0.007040564621441703,-0.01652229147120174,0.002751597064093725,-0.012074615889726081,0.0,0.0035033287659468892,0.0005051318447009678,0.022078823274367165,2.791811239688524e-06,0.0,0.0,0.0,0.010601925956687852,0.0,0.011477645082070553,0.0007610531096533535,0.044124506438666056,0.060202511122757485,0.009570930692112012,0.0,0.02546067327847168,-0.00013096565927445125,0.000599192173237173,0.03180840832997983,1.1102230246251565e-16,0.0,0.0,0.0,-0.004153899441082465,0.0,-1.1102230246251565e-16,0.0,0.008334622721959062,0.0,0.0,5.551115123125783e-17,-0.03267546666355353,0.020427460428584676,1.1102230246251565e-16,0.0,5.551115123125783e-17
0.01631611731917615,0.0015620448426115763,0.005633480777624544,0.006072156573957654,-0.0064842519586594816,-0.016239510688996095,-0.050956972709442494,0.1120177370338824,0.0060381137427485965,0.010284863104494557,0.0,0.006300242332354267,-0.038561807435522844,-0.011071598436126706,0.0,-0.0010278228611735885,0.004989508110185725,-0.00494416963317551,-1.1102230246251565e-16,0.012464591841566397,0.02810807829035261,0.037218107844415926,0.020267516465604818,-0.02753578001126966,-0.0157034726525051,0.03666264700054617,0.011573404397030973,-0.01482996620065613,0.01254353565251115,-0.0009452877980620222,0.018596546908119904,0.032561626293087786,0.009396563203839303,0.02289079108125719,0.029079757218721636,0.06597946110515246,0.009665513206172593,0.0001314968597677102,0.04073826749242043,0.019019349125745044,0.03343720331045141,0.04020072724756463,-0.026954705426411707,-0.003377623239407712,0.0,-0.006805535445827349,0.02265722733559189,0.0042008789865431995,0.0,0.0,0.0568563764661435,0.004489398671822353,0.006751099523164272,0.0045041344348084045,-5.551115123125783e-17,0.0,-0.0037840274121659356,0.005454529437686539,1.5898886933651823e-05,0.01188816165846096,-0.014912808631548036,-0.0005557414379653847,0.00528621134375179,0.0,0.007949656044069442,0.03196268610386743,0.02274578234253316,0.02990099936481133,6.80121875344386e-05,-0.011556114863370381,0.02410939994344763,0.01974625019034837,0.007761625248976056,0.013650306290087566,0.008574297158119526,0.02744539322254036
-0.008632643972465381,-0.008115304853111627,0.002518378655619269,0.000946849562993124,-0.03891033971365615,-0.020840223674233938,-0.05666242215401912,0.011244031478425232,-0.020359269247288425,-0.01837260697502291,5.5652518034077225e-05,-0.009165891465751808,-0.04678177227861435,-0.0007010633105907216,-0.0010278228611735885,0.0,0.013902431908867308,0.019024857823655095,-0.00018165272177100844,-0.010216939820960613,-0.0026868751108763966,-0.0026064503558370644,0.007377294188689987,-0.007507099605246592,0.0027473535653533276,-0.002351941578454697,-0.006429596009385141,-0.03317347374350027,-0.017787273404505588,-0.018286758364117583,-0.0266123817828825,-0.0016292363839649493,0.023932874100538126,-0.021886701233576777,-0.01770266009806759,0.004759423276810615,0.003532046972134273,0.0170694837921902,0.00265013152760879,-0.0014130824537454956,-0.006717172812461147,-0.0033089512239561913,-2.073093550153393e-05,0.0,0.0,0.003303264047221255,-0.003001055853551926,0.0,0.0,0.0,-0.004845212852116143,0.0003674227295400456,0.016503204262791393,0.0,-0.0004816662273914307,0.0,-0.0007867102860376618,0.006390153551146527,0.0,0.001143684903416986,-0.006893900084564197,0.008466606932381437,0.007411943699048351,0.0,-0.02229575509068571,0.017783167764466423,-0.01481523984583949,0.00011091962422654644,-0.0042543441252619885,0.012294855772726154,0.0014112552469670026,0.0068746016006004385,-0.0014882358369054938,0.018370673431995055,-1.1102230246251565e-16,0.006082940651591262
-0.03740632647215386,0.054827851451920206,0.0017679597301744066,-0.004315179979770212,-0.017195180280467293,-0.009803561431012298,0.023243044896872844,-0.0010664111302276513,-0.0038421641745089996,-0.008790034845448769,0.0007116145062038282,-0.022980416913023327,0.016634582209901327,0.00013032431325710192,0.004989508110185725,0.013902431908867308,0.0,0.022703614889716728,0.0033005434640709375,-0.015027622486503411,0.005824255116641364,0.004550601094132689,-0.012705814864823028,-0.020668489665535528,-0.008815843833342385,-0.010144347102595319,0.016625542768307577,0.0066279967484921265,-0.003490075752630717,-0.009822837926527328,0.015549168967734617,0.010704300074666606,0.010237673599646946,0.013879211846281325,0.00886003790911677,-0.02170762097727824,-5.748632434116052e-05,-0.006962560704232734,-0.01005819446500461,0.009253576817653819,-0.002435618577418086,-0.02211845203438595,-5.551115123125783e-17,0.0,0.005544531155786181,-0.004003107344139667,-0.03792402310039944,0.0,0.0,0.0,0.0,0.0,0.0,0.0,-0.012404195258047701,0.0,-0.012423287298651553,0.0038142913344574314,0.0,0.00023158243458887284,-0.03658131415115823,-0.04327810765441531,-0.038839106842378235,0.0,1.1102230246251565e-16,0.0,-0.0007645420915246559,0.0,0.0003377426006463957,-0.0363313097809746,-0.016350007016331825,0.0,0.006707569426133986,-0.00012493640116700844,0.0,-0.013500616772579077
-0.008359639064181301,-0.0017964171958504416,-0.0044432061249169985,4.7477297953957276e-05,0.02708677413396704,-0.01870836390090186,-0.026028603156313224,0.06855170373921471,0.005857601589032924,-0.004937321665985761,-0.013055555672487285,-0.020377423801698658,-0.0239598899611303,7.171870196626129e-05,-0.00494416963317551,0.019024857823655095,0.022703614889716728,0.0,-0.007193913726844525,-0.007232389545595408,-0.012094055599430331,-0.010037399596576402,0.02957896402507021,-0.010667859981016214,0.009538340247405741,0.005306271681796537,-0.0049548326698557466,-0.01788380388119759,-0.015284478158749282,-0.0031603950021919514,0.00257808325490283,0.004955112127462691,0.01032013441134727,0.008345826976036086,-0.00959599320712029,-0.0042426212959016385,-9.580872046782707e-05,0.004545444381877928,0.0009743034748154744,0.0005948907288524929,-0.0041507836390782815,0.0037376830830043173,0.0,0.0,0.00014018431521739538,0.01045979874344577,-0.008148203430646705,0.0,0.0,0.0,-0.004049666745616465,-0.000404056130782815,-0.00034836764332951686,0.0,-0.01742387758284142,0.0,0.0019567427522861336,-0.011981253830632699,0.0,-0.05727292287318986,-0.009584939398279313,-0.030966327271559235,-0.017081589881101644,0.0,-0.014843944030661416,-0.003873383959371035,-0.04134754841537752,0.0008891672035657994,-0.0006866229084317998,-0.006923571516462224,-0.002598243431029157,-0.010669759865248207,0.001836679554705567,-0.015705712012241357,0.0,-0.006061126431024022
0.0,-0.018545228972693284,0.012519774074228052,-0.00025700495979508187,0.027438081316103757,-0.009657752005126974,-0.004523338482289474,0.032179421514586415,0.023758365063679343,0.012334538790810312,0.06561150159549761,-0.0519481075171363,-0.007885595734408057,0.020547969025574098,-1.1102230246251565e-16,-0.00018165272177100844,0.0033005434640709375,-0.007193913726844525,0.0,0.00044855737483789904,-0.002293997557738181,-0.013385782107145638,0.004006679171122796,-0.007232279821537513,-0.007456609267941505,-0.010856876657274972,-0.010491229624719212,-0.0007475535559535174,-0.03170989503356775,0.01273723954598216,0.008023203567575299,0.006992946922373344,-0.0014780596709498273,0.01678498552962715,0.017020317916462968,0.007885779298635986,-0.019615490879733577,0.00859603570739964,-0.006531569538384019,6.1172643658014e-05,-0.007726897018630441,0.01765144480479036,0.012186825849684224,0.001004966246992145,-0.000488895069414852,0.0,0.0,0.05497859257493065,-5.551115123125783e-17,0.02670659462257069,0.02413317920442748,0.06397256911559324,0.021869019442198545,0.03132445563571773,-0.00011759323826537882,0.07979967297033735,-0.0022258467750239097,0.0013512887932998208,0.048238614826713266,2.220446049250313e-16,0.0,0.0,0.0,0.017375822356978765,-0.00010754603418144937,0.0,8.269704036084624e-05,0.018030479912990116,0.0,0.0,-5.551115123125783e-17,0.011031953700944452,-0.009153607353902804,-0.008116962619973633,-0.0003707712179741307,-0.003343558515086942
0.06567039596412327,-0.005451321754173177,-0.0036510088007455366,0.0009479889906549022,-0.03318372192122304,0.0006084703984071127,-0.050584965318006214,-0.012269343154226786,-0.007281380629806933,0.021807866212982363,-4.5305597823119825e-05,-0.003937569777437311,-0.036885382393772204,-0.00045921503990770107,0.012464591841566397,-0.010216939820960613,-0.015027622486503411,-0.007232389545595408,0.00044855737483789904,0.0,0.017043907053656326,0.011114433895083486,-0.025561900717833597,-0.002765616306396157,-0.007676385979541789,0.005876689270906066,0.038552858629160414,0.0014416677537650857,0.023909840008583094,0.008065328870205335,-0.0061607487414394035,0.03441910503483725,0.02147027807071178,0.028276022768867315,0.02463716613471162,0.036911109205189474,0.0010243240086791894,0.021813830011811808,0.045572142779630176,0.01597129109154688,0.04206918725678638,0.045149784012918415,-0.03133636245442267,-0.0006937893586851374,-0.000363039944285104,0.010734948421278978,-0.008340483918260422,-0.004706807834149285,0.0,0.0,0.006042446939712953,0.006220676372675704,-0.009951847712236062,-0.0012752790267792635,0.00016123320524935592,1.1102230246251565e-16,-0.010706933007261332,-0.006394457054782643,-1.1102230246251565e-16,0.028479476763683065,-0.06157400494133425,3.297844427124774e-05,0.016274233321129428,0.0,0.047836762931982635,0.03962253921833264,0.018860836212139187,0.02490874912045349,0.0,-0.008530526819108153,0.005366156972639646,0.027600640384304043,0.02415142709430712,0.03528964966845394,0.007549972722931009,-0.0009761323576096825
0.019522188190467415,0.003195011750275367,0.022518047077447534,0.0012293417875925972,-0.01475924090213776,-0.005359004309389626,-0.05115377233376195,0.09046215851712996,-0.017001092899520065,0.04857508904673297,-0.005836187903831058,0.02699554262598397,-0.02532109287108364,0.048941329219010454,0.02810807829035261,-0.0026868751108763966,0.005824255116641364,-0.012094055599430331,-0.002293997557738181,0.017043907053656326,0.0,-0.01012201670223889,0.031300595623548255,0.04544350427245969,-0.015607600736238403,0.012890769743503616,0.03670635685701368,-0.00562136360522536,-0.00999331757381794,-0.0007596703278577865,0.019635685073062736,0.021059446166268203,-0.01436419517342613,0.016854566852563424,0.015431570280174112,0.012503878172097804,0.012605790211080437,0.0031947532433973524,0.026656481993132475,0.009151338237895934,0.03304731630888397,0.041887116524531365,-0.006742243952984728,0.0,0.0,0.04094771456562962,0.026379018607494864,0.02179479162791409,0.0,0.0,-0.005413804544746381,0.007177215455512698,0.030334621100149395,0.003090615327630719,-0.0013117107071967116,0.0,0.01373206469381899,0.016861896150854594,5.551115123125783e-17,-0.008929862401175437,0.005078835639622081,0.0,-0.005635517510923893,0.0,0.015676085620976,0.001875717539053412,-0.0007479895463990416,0.013210286778895797,0.0017028251662083438,-0.020858673666461103,0.012564637216619712,0.01876582887097128,0.004959321668750738,0.0036271177044873704,0.00596296967838883,-0.00117413990688775
-0.004927334580047571,0.008409670331483043,-0.03390517459718251,0.015924836694866107,-0.048484408772857146,-0.01835837680603858,-0.06214545822163581,0.017514965097979007,-0.029468191096925944,-0.002884533459019123,0.004388096264760832,-0.016437141510021402,-0.05451710786414993,-0.009909449440732576,0.037218107844415926,-0.0026064503558370644,0.004550601094132689,-0.010037399596576402,-0.013385782107145638,0.011114433895083486,-0.01012201670223889,0.0,0.010286062497156356,0.01391654751208149,-0.015516751008650687,0.0019041777699259077,0.016196233079784517,-0.028446983973489326,-0.00934378251377177,-0.02506564895278074,-0.006031348170018325,0.02565931343594302,-0.003671292559387529,0.01565616483269805,0.01593059457305246,0.06173166667274177,0.010859651681712768,0.02360532957811179,0.014563819794671418,-0.019001264956017505,-0.012131141596088468,0.008095601407566932,-0.01988128078450968,0.00508636749595287,-0.00024107240502047045,0.006295601546082663,-0.004896792802264904,-0.0027949131103357505,-8.742603003486504e-06,-4.934296855740872e-05,-0.00520697089419786,-0.011116831070272837,0.017670056372956044,0.0044790473318214175,-0.021886015831910854,0.0,0.004019114825471182,-0.0051808866443228685,0.0,0.017664728411424413,-0.023366305606936477,0.0013685701638442294,-0.010122181035917777,0.0,0.011114793153814029,0.002093767342339903,-0.005391019483572457,0.013908794568632088,-0.013109410702112578,-0.003535455044043012,-0.0032377179107788145,0.010715084198446245,0.0010398353684689665,-0.01575238360831477,-0.00276939765852402,-0.02395093561806072
0.07059296875055604,-0.0013393988487563346,0.012997516449398727,-0.03361445079538883,0.009080432638157443,0.0018399089338983488,-0.03463632993496013,0.029107130011580606,0.015397328780672292,0.0043578830109055056,-0.049318016957069444,0.009839491187574101,-0.035572054608160264,0.01457374597943184,0.020267516465604818,0.007377294188689987,-0.012705814864823028,0.02957896402507021,0.004006679171122796,-0.025561900717833597,0.031300595623548255,0.010286062497156356,0.0,0.0739000293116045,0.027815263329068918,0.041896349075677575,-0.0011398246457067218,-0.024413920952893298,-0.02837959549618968,-0.022196990453234478,-0.002190329588037221,0.012460355657609556,0.028110110246832243,0.0041031988908872274,-7.18548815759612e-05,0.01938176296493216,-0.010891864831980624,-0.009590878199319697,0.0305804620115257,0.032823006019479295,0.030542841968338563,0.030260166934866217,0.02239402581068567,0.020469159249409785,-0.007202379269907411,-0.005474631215817927,0.04867394521931223,-0.05806447818913468,0.0008475530919530017,0.014034163286492762,0.0011078106627374629,0.0136425871366459,0.012643238616834862,0.019830587334414673,-0.001480541219561926,-0.023034129150324267,-0.016621279253959953,-0.001331713295017356,0.06627023283991079,0.035169587572679406,0.009352342195661334,-8.022371289445607e-05,0.0033823534091168006,-0.05668770549555313,0.04637143044985159,0.042288463602774384,0.02370430087844233,0.010515460264239218,-0.00030916621690563195,-0.003775858824284495,0.04808564943815263,0.006411202943197858,0.009787005710803709,0.01435573964633341,0.011834435168720514,0.020589797160987966
0.026601076364699883,-0.024734757635649085,0.000595975516715086,0.004754261013538541,0.0075153302909399256,-0.008726624052500354,0.022300870281791396,0.07128308149724727,-0.007581235604557202,-0.03363341211919918,-0.0057233192476398576,-0.03344859635572278,0.015827259059530252,0.012522241609617735,-0.02753578001126966,-0.007507099605246592,-0.020668489665535528,-0.010667859981016214,-0.007232279821537513,-0.002765616306396157,0.04544350427245969,0.01391654751208149,0.0739000293116045,0.0,-0.010667650008168827,-0.01838417916103069,0.08056367433015554,-0.02706604307495969,0.017637804190614448,-0.007254868358196942,0.0011031508160810333,-0.02183822038791311,-0.007838796435422762,-0.0021047819462250983,0.009045123638747987,-0.047994405285214314,-0.00039289285933824525,-0.003847041051555894,0.044176083003898026,0.03312111429964604,0.014211192017863084,0.06023838717373314,0.008108438094750425,0.0033104231157520814,-0.020470431823455537,0.028397648649529428,-0.016206888241445394,0.0,-5.551115123125783e-17,0.00031686896877047843,-0.0023772297196566483,0.0002715256865459259,-1.6653345369377348e-16,-0.0005644749211739519,-0.02351710839469945,-0.00041525895194816087,-0.013261794731905419,0.007569394079652458,0.0,0.0010421926144674742,-0.006883934600366071,-0.023025681892266447,-0.0056619867101969645,-3.8614470356801434e-05,0.0009893001318548311,0.008878026279387052,-0.002114178716270676,0.0010074174599019603,-0.02388536962476684,0.0016757294204508555,0.010156942889395837,-0.000215299023271609,0.021019174745720237,0.007492391236681939,0.0,-0.032880060683293466
-0.009773936495407864,-0.00432950095134893,-0.007108600652528274,0.00030256562660674335,0.04473373512454998,-0.01725413632788325,-0.01579278290108732,0.05084896693382296,-0.05422530576235812,-0.0030672599874884687,0.0009926174329242254,-0.016757122084510634,-0.02658086306247709,-0.013160062689038854,-0.0157034726525051,0.0027473535653533276,-0.008815843833342385,0.009538340247405741,-0.007456609267941505,-0.007676385979541789,-0.015607600736238403,-0.015516751008650687,0.027815263329068918,-0.010667650008168827,0.0,-0.005862465990510213,-0.009128159118500345,-0.01989957690477473,-0.02267537760589272,-0.005747810211052362,0.003857406673589636,0.016019383116855135,0.010572433891247679,0.012935934915026537,-0.000749104588901206,-0.010719890695437162,0.0027656525149142297,-0.02084833315156215,0.002665125093734899,-0.0011517892757132997,-0.008099762538652688,0.004771693175312286,-0.0034303697743003347,-5.551115123125783e-17,-0.02667481613964484,0.003003061117533734,-0.014501258370573145,5.551115123125783e-17,0.0,2.220446049250313e-16,-0.011089987440055904,0.0045317739776987165,0.00025602996962437174,0.000313623543988617,-0.016475042226404724,3.4697143155848487e-06,-0.01397042900881279,-0.005939559906951497,0.0,0.02435008658249216,-0.015556201292359462,-0.029938338076371807,-0.020214651498970337,0.0,-0.008984487879374004,0.007240387092026346,-0.01665124913965277,-0.00752822248945878,0.006124673483652532,-0.00954727846731418,-0.004583058306487808,-0.0027004902985074963,0.0005094708230061196,-0.0015326583688433648,0.0,-0.0066098007770630796
-0.0011399475203758835,0.002926029301885069,-0.017401191479058498,0.007606633882395519,0.03233980586127966,-0.0043310984840723155,0.027317210946555315,0.07168290602329447,-0.017926086212393777,0.005414571013160507,-0.009430663351342683,0.002371392696089991,-0.004810523237909425,-0.009996922836926991,0.03666264700054617,-0.002351941578454697,-0.010144347102595319,0.005306271681796537,-0.010856876657274972,0.005876689270906066,0.012890769743503616,0.0019041777699259077,0.041896349075677575,-0.01838417916103069,-0.005862465990510213,0.0,0.03117033104459821,-0.0020639767211144133,-0.0030263786651280045,-0.0013512972625355224,0.015291347507522035,0.022240997480071023,0.005938007441593007,0.011633270321000588,-0.003233228166449831,0.05227389582889019,0.022430675380065046,-0.020125259665195572,0.006179688198713895,0.005195446522038627,-0.002717595735232059,-0.003216142428510038,-0.007571660545236003,8.12654919052358e-05,0.038060844368775326,0.016448196539426196,0.007629837759578484,0.005602392367977105,0.0,-3.145343164012715e-05,0.00021304911355524148,-0.0008555336127654134,0.013264353793571215,0.008949629403266102,-0.0069800001635833,0.0,-0.011963881196837667,-0.013575008239378794,0.0,0.0064155780008881,-0.013217478623553214,-0.026435319109262723,-0.014450454007118974,0.0,0.0048470640406178545,0.032874385999962785,-0.0049588819024590225,0.01713883375004338,0.0051190950469008345,-0.006826109738575614,0.0010058966819784243,0.01108445156249821,-0.048100626337897856,-0.004538896232410938,-0.00011197649722799463,-0.0005314105313533046
