0.0,0.017368373908151713,0.016778049823268026,0.0,0.011445754234408911,0.02384916188709779,0.00029530209876488245,0.00044753352918236455,0.009727244072455454,0.0416222750468368,0.0023243887900420424,0.05066330779722755,0.01316284336698026,-0.0020284158442818723,0.025776394106990286,0.00788749947324685,0.01025396990082561,-0.0003669472051224809,0.0,-0.03063477592255115,-0.006896056622792857,0.004934024999621867,0.014927446587637005,0.054496844086215246,0.005786819465163573,0.028429316772692004,0.01154665973966057,0.006368943597534649,0.0016860609494545042,0.0249534091560088,0.024974882195099635,-0.009186990411447993,0.019484379286343,0.012691054951785685,-0.0052135557699476975,0.011586102719351843,0.00028174162442118345,0.057294330416607864,0.026445027043045854,0.0055628202746956235,0.013372136666401413,0.005956070224512888,-2.071436300271623e-05,0.0,0.020084011586034956,0.04243287674800361,0.027457718021646482,0.0,0.0,0.0,-0.013498287787077679,1.1102230246251565e-16,0.009277960747974157,0.0,0.03798249876697424,0.0,0.007937429187787282,0.009419725553040048,0.0,0.01838252124658213,0.017052161165185042,0.017892254410096453,0.0065665962090067365,0.0,0.005012705006503748,0.03223433689055322,0.025803218747839696,0.028701825895887045,0.06929941676798418,0.022071401582353878,0.02579288579275829,-0.01541716333586457,-0.00015204738595037126,0.0016359795655432885,0.0,0.020049141244999846
0.017368373908151713,0.0,-0.0014230537286849532,4.129582532730325e-05,0.01623628845695596,0.004618888538426458,0.026225186190165617,-0.007601203244846755,-0.002710925108108997,0.013534018792795643,0.0043575803207792085,-0.0031018281512529278,0.028381346268109786,0.007687533674875513,0.008963284349452927,0.027841615446220658,0.016572287214360104,0.020093680966150718,0.010899438109213566,0.010718189946453238,-0.0003081343598608788,0.027480846662145897,0.002843017811953563,0.0110623305908234,0.031149043826293688,0.037122236538182196,0.010059008880107634,0.01698147069249123,0.01129316507047412,-0.006331665226195271,0.028049544760515965,-0.0020488026513988955,0.008649491862836423,0.017593726425909728,0.010264986965913214,-0.00268129916347859,-0.0009471294758441329,0.0,0.006884825155348495,-0.022142505989038164,0.0019690050457223385,-0.02114666800174919,0.0051430395701512754,0.0,2.220446049250313e-16,0.020440213103202987,0.007217061244971956,-3.6806097500452495e-05,0.0,0.0,0.015117446641988608,0.003645731049791545,0.002557423399991099,0.011379673240063726,-0.012582478293012955,0.0,0.006894114229332837,0.010620055456082689,0.0,-0.012519914981057867,0.006294185545983155,0.012528211917409882,0.01450335993475943,0.0,-0.015904816805780375,0.019696365570202656,-0.012292320119442757,0.015249718894196351,0.007291924968025609,0.025879077962860042,0.014633760279751773,-0.03628154945719575,0.013492191571357282,-0.02493510706498142,-1.1102230246251565e-16,0.005437617802563466
0.016778049823268026,-0.0014230537286849532,0.0,0.01913646751096887,0.02921746734432551,0.04683291925978467,0.02259793827782225,0.02062309020436326,-0.015660334297253664,0.022331353179824986,0.051740736061184234,-0.00401100768137691,0.020673779482512922,0.012492778039275843,0.020139118636970765,0.009019185736218405,-0.0030677155017374003,0.01863072908844421,0.017762066770560248,-0.0139644975052029,0.03717847421174714,0.016143289859446408,0.06505897571783598,-0.010524969840975229,-0.008379553975787934,0.015940283792494625,0.023816819619356222,0.01568889193238815,0.019141913115456433,0.027539061838459444,0.0063578375687832756,0.009670801143012164,0.014880198261876365,0.011541473416819603,-0.0072805700489380065,0.005918579618957309,0.02442895934135031,-0.0055990997660974595,0.051845229335274134,4.2423918683587303e-07,0.01709593202725257,-0.01226844387995124,0.03947856840362651,0.04414970966486598,0.0,0.0,1.1537166265729315e-05,0.014591660385297744,-4.6525012991072145e-06,0.024371309323889867,0.03609697221938046,0.011738922048166511,0.038234290870502896,0.048265504054175845,0.0009003206543715114,-0.08727701230626311,0.018954425351508986,0.018502496440112703,0.016953979762387883,-9.197944606248454e-05,0.0,0.0,0.0,-0.03756437286061781,0.0077669142835328775,-0.002951583498448096,-0.00020857620107395114,0.04640460384154377,0.0,6.906836874887023e-05,0.02151509463225182,0.042127068638045606,0.018760813704692736,0.0026307591265157804,0.006119075768948545,0.0028677183085822344
0.0,4.129582532730325e-05,0.01913646751096887,0.0,0.030976155476957645,0.006115039985897297,0.009388644788020761,0.009294569725689983,7.970039200955181e-05,-0.029164449805398784,0.0019496531344992962,0.0033106018195638853,-0.021322265487887182,0.04896683903831445,-0.01960248299431011,0.000228771982600795,-0.008992847412757354,-2.1186044083132405e-05,0.023496435514336333,0.0171439631283119,-2.923167825796824e-06,-0.0057796032478033554,0.011299059389456356,0.024287451172549435,0.00048570590920660184,-0.007689753179359771,0.0027737775826666144,-0.00010049177862059278,0.039178543693902335,-0.019178876183459925,0.006140120137475058,0.01121681985956835,-0.015265531030941804,-0.025716316459394206,-0.016367023923287316,0.01954157134114881,0.011315886873948189,-0.02438504255937668,-0.0046147351478649234,0.0005253105038678374,-0.02358926795678684,-0.01036467368613403,0.00373132309816554,0.01141526116938596,0.0,0.0,0.0,-0.00039722872744291093,0.0,0.0,0.009982535888781341,2.220446049250313e-16,4.848708301141702e-05,-0.0003080686255943488,5.551115123125783e-17,0.0037284630345255643,0.0038394648947556176,-0.00024314233248645678,0.0,0.0,0.0,0.0,0.0,0.0,0.0,0.0,4.2751023915710284e-05,-0.005173902533150476,0.0,0.0,0.0,0.011308685883414216,0.0009138655864717182,0.002374892844851817,0.0,0.0
0.011445754234408911,0.01623628845695596,0.02921746734432551,0.030976155476957645,0.0,0.03300626416368352,0.001555414041359393,0.016829700036326112,0.0054383597133902395,0.003359898592323829,-0.0009368520520913748,0.004090727612803213,0.0052719435567319395,0.016570948149675024,0.009217382374207217,-0.012446624147867291,0.0011257846935605609,0.020946344512224102,0.0217425293059596,0.027327004237905683,0.030947977930789794,0.006003983277697855,0.02806723913372411,0.0023871360711349987,0.004315899263769962,0.011587857476088648,0.03660585852548376,0.02062606945961415,0.029662952385247576,0.020114819006331885,0.015347929249225567,0.04224271740710761,0.014880594463853536,0.005444939625283585,0.00808620968185153,0.03179520756523738,0.022773275616816135,-0.0194160980766796,0.002384329212310299,-0.0049178621895879515,-0.01709738660014981,0.010364183350088318,0.018619391557985976,-0.036662028812305125,0.00013704950916687553,1.1102230246251565e-16,0.008235382072161956,0.08799349300108206,0.0,-0.0014674896540175508,0.03125242300186737,0.022927081858155396,0.0013860555306178801,0.002670930466978527,5.551115123125783e-17,0.02551824393843194,0.00472355461091134,0.021435770916020558,0.010530486099969538,0.007269626293684939,-2.384212945755193e-05,0.0,-5.551115123125783e-17,0.0028440229004837447,0.015403155781018474,0.0001429425122553285,0.008690243755571425,0.03421427358233853,0.0,1.3601620548364668e-05,0.003588484440212758,0.04495984310289236,0.01855091602111597,-0.012341568769943134,1.1102230246251565e-16,0.022205872505123958
0.02384916188709779,0.004618888538426458,0.04683291925978467,0.006115039985897297,0.03300626416368352,0.0,0.044826926542158974,0.0010958369079125951,0.02290206699163211,0.019994318608969386,-0.02324340786389284,0.014282799827177062,0.04119125315544525,0.0028099757680170034,0.01781178964192892,-0.0005066914466386185,0.011470897539483438,-0.0036193928701753753,-0.0077184391828762355,0.03388706838144878,-0.006679963489140739,0.01066932473597243,0.04537572433992354,0.01643418716738254,-0.009973183555704535,0.024523650264185293,0.044100261186921785,0.030020034952782826,0.019803898050735902,0.03270434494555863,0.019432579468112443,0.002899686709713356,0.004944364146306168,0.013558944346565627,0.0013252621190541491,-0.002326945425872362,0.0002203450412934238,0.006415994447370732,0.0001739861958881539,0.0018227100340725277,-0.004261686509950069,-0.12353022609865916,-0.04876367941315096,-0.005712079551031202,-0.004808434722007038,0.0129491851177711,0.040594458673725575,0.009391199089607727,0.0075733616503163015,0.03866135957057448,0.012322018609189023,0.02010712094735989,0.01136435543838693,-0.010376443972895277,0.019758662780781644,0.017669227344384364,0.0035432005191687876,-0.001077651326255591,0.03150307724701629,0.0011719302143196053,0.0037211143090648546,0.0,0.0024175973753676194,-0.0078713907360346,0.0073919083868871915,-0.004437816845413112,0.013831779169623415,0.0062147517438175814,3.5946169798628524e-05,0.0027226624105662345,0.0232700229681988,0.0012189535055859846,-0.0031928883470180303,0.005981916354436734,-0.010660441353203598,-0.007941258792454886
0.00029530209876488245,0.026225186190165617,0.02259793827782225,0.009388644788020761,0.001555414041359393,0.044826926542158974,0.0,0.005292542183027882,0.024558640126524256,-0.0034066400945771402,0.022793993216965958,-0.016233024853853972,0.025199458715934542,-0.01642731319016455,0.021136560151735706,0.02684842199933274,0.025380174329199645,0.02461470435582691,0.008742585286201698,0.03083593200477308,0.016146870300475846,0.022176648444007463,0.013800533406160831,0.014732405848028152,0.022705217592623006,0.026819641488169343,0.027361685400308533,0.001565831681180574,0.043718273306858624,0.023880610163740268,0.029047593451521025,0.02173185303570213,-0.027696523519593175,0.009203561467300614,0.005093725464225485,0.004437149034540844,-0.00795495749593611,-0.008577565429321699,0.03554187032168815,-3.5050321519791705e-05,0.01526315630398245,0.021171086397796912,0.004633969911034486,0.017254679764132197,-0.00023741536582805312,0.0,-0.0005348863104603363,0.00957634145590236,0.0,0.028806705310222447,0.016395192627214783,0.017991647949451073,0.011652818042808155,0.0033160080590856067,0.0028196849143947156,0.006885637031738168,-0.008451244814300929,0.01147828863272271,-0.00437939306810553,0.0140245408770443,0.006918895338270892,0.0,2.9407737409281598e-05,0.0004970829531595333,0.011486788690969751,0.01214228857701466,0.005273230463122058,0.010977681330379463,6.535845322075406e-05,0.006038417583482891,0.004159561621800256,0.013225714943364997,0.006251940469158446,-0.011846844635542808,0.010967034413809085,0.004657972224920481
0.00044753352918236455,-0.007601203244846755,0.02062309020436326,0.009294569725689983,0.016829700036326112,0.0010958369079125951,0.005292542183027882,0.0,0.009600527812325066,0.04126413158937997,0.018815446145838632,0.02848960867893119,0.006952920189455647,0.03563306429307145,0.00047688647944726936,0.008489939841090532,0.01996229802646804,0.005659312487895862,0.01120591087846029,-0.000476710059470864,0.010727984964377879,0.029072584799652468,0.014249672390303392,0.01903632087565099,0.009983917483438298,0.017862249102941485,0.008482719835513686,0.013989996672326033,-0.009017430124004133,0.025243796771965643,0.00208605974073095,0.0063281177312773385,0.023725267205605804,-0.004288385377213988,-0.024157864731921552,0.017061878239525374,-0.10795953809342179,-4.651316910903036e-05,0.014235311895750169,-0.001967856692303538,-0.01946766120864607,-0.02715057996368636,0.031104379266616522,0.005343515940301802,0.0,0.014060615718537839,0.00570434030726763,0.010318522760434101,0.0,0.038600358256650036,0.03150379378644502,0.011849988940148215,0.001609653314836812,-0.010356234942526799,-8.511477727352057e-05,0.008785995569659033,8.061985762858326e-05,0.021540900277663422,0.003942812506833704,0.020594406924275888,0.010035729242407254,0.0,-0.0002492756583160616,0.006545458081254174,0.029797620194153773,0.052570266788214914,0.026038412200512562,0.02553656972197149,-5.551115123125783e-17,0.012137576495379554,0.0022760587242081076,0.026110793042166347,0.007767090691363165,0.02022645193628092,0.0225838361049584,0.018231728833657757
0.009727244072455454,-0.002710925108108997,-0.015660334297253664,7.970039200955181e-05,0.0054383597133902395,0.02290206699163211,0.024558640126524256,0.009600527812325066,0.0,0.008641002631496586,-0.023333054884953852,0.0029241007317192813,0.01654989719609945,-0.008918568941989669,0.029714539927532646,0.0056390949133106605,0.008855889813177253,0.008156276849906885,-0.026023300134998872,0.026404168896435265,-0.0019229715173199602,-0.002338943445027719,0.015197349205959998,0.001220248302134519,-0.03851819807860796,0.0008790877721474577,0.0447088365028917,0.00728243903122594,0.012478925286955489,0.015255356007804421,-0.004209367270036568,-0.004449064313595985,-0.0047334849305102344,-0.004074902420309834,-0.00407065736026474,-0.024304274788184366,-0.006825994739820429,-0.011289519611121734,0.06371116802227039,-0.009642769928251915,0.016608814802465677,0.014483895805626534,0.022528149900679584,0.013746774396251271,0.0003527150689752734,-5.551115123125783e-17,0.007261596280775828,0.04484972386581365,2.235083439161567e-06,0.015185914212243246,0.032916875913442945,0.02397661325836742,0.024260897582121577,0.02197243028768381,0.013735680149134732,0.016792942101843678,0.006381579460989051,0.011019683050478735,0.04059437863654658,-0.0004537767869172149,0.01071274156212948,0.0,0.0,0.0065324910692833305,-0.0015377844362214899,-0.0012804937237730907,0.01516266491637469,0.02964261308038596,2.7507893465616995e-05,0.010178520422314263,-0.012093768545050343,0.03176512910352847,0.007454615844064261,-0.01229086965958437,-0.0021536053576627356,0.012600204643962054
0.0416222750468368,0.013534018792795643,0.022331353179824986,-0.029164449805398784,0.003359898592323829,0.019994318608969386,-0.0034066400945771402,0.04126413158937997,0.008641002631496586,0.0,0.01596481358549201,-0.0010111928807154391,0.0014084158617586606,0.019564406787598354,0.025109854930506825,0.011442154896256163,0.017905857288120053,0.03212151925460033,0.00931677772014855,-0.017435743958330696,0.023789169830274348,0.017566759776692698,0.037681345448189574,-0.004837459556085666,0.015355381820096936,0.012927846216374494,0.0054213818844143224,0.006615859381820022,0.012788231753502743,-0.00021836322465540459,0.026115860752621067,0.010959475537256846,-0.02684733703037273,-0.026307221073693265,-0.02582460656331176,-0.04024310823645777,-0.011154413403317798,-0.01607098770173432,0.029264851722874574,-0.02655161246660509,0.017656758873457634,0.05256012546572847,0.09367079812322454,0.0022684433059622644,0.00928037059392478,0.019302510733013867,-0.05812008775144123,0.00024420178030304385,1.26911133959684e-05,0.000383740132167687,0.021449654643575178,0.017775381490560738,0.0026995429449219177,0.017259025885253854,-0.0005656401737907379,-0.0003609968647249606,0.0028843093684887133,0.024145832905505926,0.0,0.00042654605197367523,-0.06761608930681301,-0.020093467036234713,-0.054340919131717624,-4.1716354783893905e-06,6.777853509143394e-05,-0.008574021116729169,-0.0045527702829695205,0.004924640070061992,0.01076862016328095,-0.045507532067130985,-0.025114327886301413,0.02042249281811409,0.023881931722021965,0.016287295197046914,-5.551115123125783e-17,0.02096068418435576
0.0023243887900420424,0.0043575803207792085,0.051740736061184234,0.0019496531344992962,-0.0009368520520913748,-0.02324340786389284,0.022793993216965958,0.018815446145838632,-0.023333054884953852,0.01596481358549201,0.0,0.018858561246149097,0.012794911569400658,0.007547124793074511,0.0,0.00010882332265538253,0.0024017415511911056,0.0011919635375604587,0.016104425809692346,-5.2682096541967205e-05,0.011434189735080647,0.0025878422702153014,-0.007368308882503616,0.009269468045880414,0.003865768999323227,0.005175537079439463,0.024348707996807883,0.021487908058174576,0.003109771041021725,-0.0017608200873377444,0.011678609288031772,0.027324224344204118,0.027166597191136732,0.01030284632836359,0.00871779669116951,-0.008527943140069105,0.013333345654681028,0.015823741630204446,0.0061947485511115175,0.007077713133599839,-0.004792759990309092,-0.0068562493626547205,0.027034625836441728,0.012339776150474269,-0.0036274428701393857,0.0,1.1102230246251565e-16,0.10271924623811574,4.327966419692686e-07,0.023069305627445746,0.030642038116519554,0.007832529258431753,0.02215182942214461,0.044998815189381036,0.01695641308555279,0.10542330292694518,-0.013950232268872098,0.004982500934920198,0.022191092426114833,5.551115123125783e-17,0.0,0.0,0.0,0.06701652859223456,0.005580892728669962,0.0,-0.00011071212391233765,0.03709454134828849,5.551115123125783e-17,0.0,0.000169472601568188,0.025710446491996053,-0.0018680576196210552,0.011856090764746197,0.0,0.007567905254558971
0.05066330779722755,-0.0031018281512529278,-0.00401100768137691,0.0033106018195638853,0.004090727612803213,0.014282799827177062,-0.016233024853853972,0.02848960867893119,0.0029241007317192813,-0.0010111928807154391,0.018858561246149097,0.0,-0.0047193343833107915,0.03151050498937685,0.011205631149456552,0.001376148654847087,-0.008030447276000607,0.004444145845328928,0.0110295135775339,-0.016840296629903495,0.02278580992988838,0.050738051020532915,0.0121952015744759,-0.00747956070159278,0.00583643556794583,0.017249162826867448,-0.015930223061959736,-0.004875709052786836,-0.0016319897004975492,0.019126414146213855,-0.004711812006076677,-0.0005922466021462403,-0.037802709063554873,-0.010258598570770494,0.01183958607142055,-0.004425119825298085,0.04212932013658438,-0.013883468577893465,-0.03395666271133552,-0.030387689941646367,-0.009148064572209957,-0.017284267992967728,0.01990447472992468,0.008930146582002974,0.0023423484769433123,-0.011814670617582457,-0.047370501162587286,0.007477388369213689,-0.011495769119530347,0.010530675139767631,-0.004301612901241925,-0.01577898429653407,-0.0002713716696085,0.006709252157495071,0.00341808916020514,-0.005874040950880899,0.015410885614974668,0.01191363074730356,-2.7345041401394266e-05,-3.5984098397612296e-05,-0.08251217158043794,-0.013427609837970977,-0.043034550290682316,0.003209486207109369,0.01552371791750945,0.013809353585139683,-0.00599049320552969,-0.011365048749592599,0.01598384785404,-0.03687202824266067,-0.009429558786171466,0.01533150594574162,0.043164553000683836,0.0071079873669715465,0.0,0.0216893747620287
0.01316284336698026,0.028381346268109786,0.020673779482512922,-0.021322265487887182,0.0052719435567319395,0.04119125315544525,0.025199458715934542,0.006952920189455647,0.01654989719609945,0.0014084158617586606,0.012794911569400658,-0.0047193343833107915,0.0,-0.01709313704627874,0.021355166410230553,0.027528254753108716,0.012077270358942349,0.023996101507140488,-0.0003173823528527797,0.03140266753975218,0.02248024079397465,0.02332142343739363,0.018601797324184544,-0.020127772339586625,0.021440514455097204,0.026744295831803988,0.02419766168766907,0.017009789167431122,0.048761623846024005,0.026333763817691147,0.032537274101051616,0.025590952488348584,-0.004678301145952746,0.016952813712034387,0.009639879568207721,0.0041275787982235634,-0.025479972310978205,-0.007296164102793157,0.011712843212192292,-0.017221294652891184,0.014834270468530697,-0.006603897202115294,-0.004274912322611069,-0.010774001862909888,-0.00025799079289945404,0.00222003308696761,-0.00020396794542310026,0.007818273335561954,0.0,0.018048225532659168,0.02737419998630608,0.019734506674119356,0.017274653991431133,0.010276869918378506,-0.013655492969035343,0.02944071881034349,0.042558147899113,0.018118904690734516,-0.011816095134456084,0.007504339719746789,0.0044982325817500834,0.012296260490388178,-0.0027768908503917333,-0.0016337066043873305,0.014007494910970197,0.019597842521965447,0.002279097598287483,0.01578024856488247,-0.0031731120737568674,0.000774075881338876,0.003092955147595222,0.016329346390496435,0.00020064341835845934,0.0045479986619603174,0.018896265154414782,0.014382018305566513
-0.0020284158442818723,0.007687533674875513,0.012492778039275843,0.04896683903831445,0.016570948149675024,0.0028099757680170034,-0.01642731319016455,0.03563306429307145,-0.008918568941989669,0.019564406787598354,0.007547124793074511,0.03151050498937685,-0.01709313704627874,0.0,-0.0008040740662303425,-0.000457325153189192,-5.815530295005811e-05,0.00010679588749024083,0.013440107388521971,-0.011106516958862778,0.007647483246765896,-0.004577199879160498,0.009186556417386416,0.02800491422743856,-0.009799335548415944,-0.00046773800456550996,0.0045349828934832526,-0.006895152549027117,-0.007998344281673508,0.00923393517546306,-0.0057844065857938776,0.03954119203071482,-0.05465055828654225,0.01299835371141711,-0.016888954224878294,0.024467426744846366,0.039712372239293664,-0.020059548443118302,0.046405006574569585,0.0,0.0029185351212317467,0.00020532310932824815,-0.012471866204076476,-1.2458045959840014e-06,0.0,0.0,0.0,0.0018956421519666367,0.0,-0.012952517275844622,-0.009348826848994574,0.007281322348170194,-0.027474025170683536,0.020190186685007938,0.0,0.05233624156626049,-0.0002405902146143668,-0.005749896800952947,0.0064615108318002434,1.1102230246251565e-16,0.0,0.0,0.0,-0.0005706793121320608,0.0,-1.1102230246251565e-16,0.0,0.05020229982158314,0.0,0.0,5.551115123125783e-17,0.06800506339621193,0.003900370781715845,1.1102230246251565e-16,0.0,5.551115123125783e-17
0.025776394106990286,0.008963284349452927,0.020139118636970765,-0.01960248299431011,0.009217382374207217,0.01781178964192892,0.021136560151735706,0.00047688647944726936,0.029714539927532646,0.025109854930506825,0.0,0.011205631149456552,0.021355166410230553,-0.0008040740662303425,0.0,0.019065251667100436,0.00394938275609491,0.017826010523329217,-1.1102230246251565e-16,0.04832240295017959,0.04009087379192344,0.05171434281965481,0.06027230123353605,0.0632724969609379,0.026356606800065296,0.039743812654528754,0.0443329066522542,-0.001320692378830035,0.0037063857744349393,-0.012332143202201218,0.017511003886277965,-0.006329048218400801,0.011174025658515718,0.0063114552609006,-0.00453175973385328,0.0070659811101319026,-0.0014912701826551022,9.935522260873242e-05,0.01672093955096282,0.02636572445819524,0.01246735625066886,0.01153637832777843,-0.08688704713458084,-0.004059953425261775,0.0,0.04938288094141391,0.0559694747194413,0.022557857279717597,0.0,0.0,0.016728282316717857,0.005978327908917003,0.029868985049292973,0.003201311680390617,-5.551115123125783e-17,0.0,-0.003659332216177924,-0.0003117085284264909,-7.094643839522519e-06,0.036426260576143066,0.00017783048458663853,0.00024799142139408925,-0.0026765000910716763,0.0,0.024996063433801397,0.02633067289907315,0.03428100441774384,0.02207284126306769,-5.733759459719545e-05,-0.010218518388691922,0.0365070048627113,0.021578406830625563,-0.0204825420280087,-0.0003291332533798541,0.0034870323692263727,0.0022130851629910686
0.00788749947324685,0.027841615446220658,0.009019185736218405,0.000228771982600795,-0.012446624147867291,-0.0005066914466386185,0.02684842199933274,0.008489939841090532,0.0056390949133106605,0.011442154896256163,0.00010882332265538253,0.001376148654847087,0.027528254753108716,-0.000457325153189192,0.019065251667100436,0.0,0.015055197426224187,0.019165477173653356,-0.00014268264888622761,0.022721717524793572,0.014910885993641876,0.02984664072759935,0.014321613504455488,-0.018472119181006053,0.0006636128191255808,0.02439828518822834,0.008585831525591059,0.02466738150245551,0.01897137457744119,0.043091440725504526,0.02038599587182205,0.0023250282076546225,0.018532060521525506,-0.0008746170699431288,0.013913371595317803,0.019421441106000248,0.001735741889330733,0.022926699149502794,0.008783713653178649,-0.021815857505163405,0.0018243851357768182,-0.011625415673832296,9.250874256738761e-06,0.0,0.0,0.014441310541591257,0.004947214659858534,0.0,0.0,0.0,0.006539388721413464,0.0072508392287757295,0.010686680706785634,0.0,-0.00731394238797245,0.0,-0.01008283734813653,0.0016158159677717165,0.0,0.009693840484127303,0.0037283044557404055,-0.0027324130614518882,-0.010893178781350099,0.0,-0.0033646997524336975,0.001536038271990725,-0.007490961445709932,-0.007968072448070518,-0.014676421980261645,0.011019857569363745,0.017842781423151044,-0.0035939586050726113,0.011967566563521992,0.0012698981963062406,-1.1102230246251565e-16,0.0004627208023067486
0.01025396990082561,0.016572287214360104,-0.0030677155017374003,-0.008992847412757354,0.0011257846935605609,0.011470897539483438,0.025380174329199645,0.01996229802646804,0.008855889813177253,0.017905857288120053,0.0024017415511911056,-0.008030447276000607,0.012077270358942349,-5.815530295005811e-05,0.00394938275609491,0.015055197426224187,0.0,0.04661637522044587,0.0024371016264191914,0.0013347074478891052,0.013435549210792042,0.006295168718361166,0.026160280659695445,0.010417470829126363,0.0307816858689689,0.0111944851882822,-0.0042939145460911265,0.01802407568509501,0.012975942706884847,0.007578964503914654,0.03652398800367057,-0.011902119806046663,0.004083004831266335,0.009520646969206126,-0.0024306117664582017,0.019094424113358044,2.5652424509248206e-05,-0.01376016376588679,-0.023132744929051707,-0.04077042278930909,-0.03369921918235619,0.004085812903040054,-5.551115123125783e-17,0.0,-0.019835965734602723,-0.015532396475892774,-0.05045235474797222,0.0,0.0,0.0,0.0,0.0,0.0,0.0,-0.006766243032436781,0.0,-0.007785359589485841,0.015321586178368929,0.0,-0.00010334024638108952,-0.04278152354075432,0.004659071282257121,-0.03602194883573373,0.0,1.1102230246251565e-16,0.0,-0.08411178559005567,0.0,-0.006332220870668925,-0.03754293345979409,-0.014525192825657285,0.0,-0.000739381082309809,5.575102663329945e-05,0.0,-0.00739095397239814
-0.0003669472051224809,0.020093680966150718,0.01863072908844421,-2.1186044083132405e-05,0.020946344512224102,-0.0036193928701753753,0.02461470435582691,0.005659312487895862,0.008156276849906885,0.03212151925460033,0.0011919635375604587,0.004444145845328928,0.023996101507140488,0.00010679588749024083,0.017826010523329217,0.019165477173653356,0.04661637522044587,0.0,0.0050960262372339304,0.003652460654155365,0.026377381316823822,0.01261812282220548,0.02425691062902985,0.014206656833670395,0.029496760381532983,0.016243779740252207,0.009747506799020034,0.021337214795004444,0.010544273666598658,0.026137540926420066,0.023483413237247674,-0.011553795072900885,0.009228179776605339,0.01418618640478636,-0.004242425364272218,0.015700333252855192,4.2753228655822983e-05,0.001204229465455675,-0.0077491822609355165,-0.025545616827250817,-0.023123231396727673,-0.010852067203560745,0.0,0.0,0.0025037989024226937,0.006119526521883911,-0.017308157079552744,0.0,0.0,0.0,0.0030739857568179985,0.0001803040899067132,-0.0004023345399489786,0.0,-0.02178047572211672,0.0,0.0019791055132082347,0.016803149860740996,0.0,0.006100827378539619,-0.022340399476758088,-0.012727062355056495,-0.02058484231693447,0.0,-0.0023476672698724554,0.002590098584275613,-0.050621245765327616,0.008735903599607187,0.006371648128590646,-0.010186747766825988,0.004019802550582707,0.023226382093925524,0.006710467072905679,0.01652526773888585,0.0,-0.010513167560290027
0.0,0.010899438109213566,0.017762066770560248,0.023496435514336333,0.0217425293059596,-0.0077184391828762355,0.008742585286201698,0.01120591087846029,-0.026023300134998872,0.00931677772014855,0.016104425809692346,0.0110295135775339,-0.0003173823528527797,0.013440107388521971,-1.1102230246251565e-16,-0.00014268264888622761,0.0024371016264191914,0.0050960262372339304,0.0,0.0003133469677157885,0.008706928658488988,0.009266115123125918,0.04706802228952878,0.004667031955141399,0.006415224547735965,0.01242594048955864,0.028640494201335298,0.007357411579569595,0.0020320582656419006,0.00378039497104804,-0.00565833532441562,-0.0016303935161346983,0.0017234754920366635,-0.006382899645400786,-0.010256828478390878,-0.0027415477483417328,-0.04008037495083733,-0.003398065298299946,0.018438641063736327,-4.6302857217961346e-05,-0.0073344754759594455,0.012465187660324673,0.04355156193269705,0.014874506994651593,-0.0005330275781086913,0.0,0.0,0.07405156402048124,-5.551115123125783e-17,-0.001144863868380419,0.0236576686021569,0.011169454595037931,0.009225691008712067,0.0021230217058617606,-9.691612100909408e-05,0.06075273303137735,0.0032422801950078295,0.03215879998305693,0.004271201005870362,2.220446049250313e-16,0.0,0.0,0.0,0.04842999787097235,4.7990831814725965e-05,0.0,0.00011190985289594169,0.023121276640758692,0.0,0.0,-5.551115123125783e-17,0.024442233726235996,-0.0018960494536480743,0.004028171424686144,0.00016545118840538553,0.008133940263119532
-0.03063477592255115,0.010718189946453238,-0.0139644975052029,0.0171439631283119,0.027327004237905683,0.03388706838144878,0.03083593200477308,-0.000476710059470864,0.026404168896435265,-0.017435743958330696,-5.2682096541967205e-05,-0.016840296629903495,0.03140266753975218,-0.011106516958862778,0.04832240295017959,0.022721717524793572,0.0013347074478891052,0.003652460654155365,0.0003133469677157885,0.0,-0.0159371024429365,0.03352659499732574,0.08142783853832947,-0.03771725403688991,0.0012046325316544815,0.019865319722621455,0.05423451213183528,0.023159512737737697,0.04086963142041827,0.04171510941020873,0.02959004369843299,-0.007168268200997363,-0.0009300577845656743,0.012991048278882922,-0.00661421873337964,0.007992611023581508,0.007465360192789261,0.005883773808372461,0.006625665144721571,-0.03587892445576002,-0.024122516372805936,0.023352692123891794,-0.0956391671760492,-0.017916459479033198,-6.793896506501751e-05,0.0055190624641218156,-0.015887316023149967,0.031517940946224066,0.0,0.0,0.014021513987506173,0.010174025818074917,-0.002368391812652082,0.01875855935050086,0.000489848862844755,1.1102230246251565e-16,0.003345271703010022,-0.0021280714212015828,-1.1102230246251565e-16,0.007030106335695285,-0.07521373709491974,-1.471614443604441e-05,-0.010107579635849906,0.0,0.007203484671648386,0.005506202335502641,0.01025591130135911,0.02156462810715931,0.0,0.006867192418256396,0.001096604752129804,0.01689278503323227,-0.004386475549877533,0.005517366271103719,0.0024602644172514454,-0.0028803921747704853
-0.006896056622792857,-0.0003081343598608788,0.03717847421174714,-2.923167825796824e-06,0.030947977930789794,-0.006679963489140739,0.016146870300475846,0.010727984964377879,-0.0019229715173199602,0.023789169830274348,0.011434189735080647,0.02278580992988838,0.02248024079397465,0.007647483246765896,0.04009087379192344,0.014910885993641876,0.013435549210792042,0.026377381316823822,0.008706928658488988,-0.0159371024429365,0.0,0.006705591860220517,0.03697297898454105,0.02033858684192963,0.02174945690853225,0.030579325976646032,0.001993279798433112,-0.005256458958411592,-0.028323571613930842,-0.004997139969440845,0.011336965354014017,-0.019355399162236553,-0.006582339557878902,0.0058057014943110885,-0.00867278071887212,-0.015935605286976184,0.00670295708465507,0.001209444621093625,0.029377214623622583,0.024782596930931045,0.011466976515041027,-0.005200890677005465,0.014320724959134057,0.0,0.0,0.12751878522866356,0.04766892890231694,0.027606185640234482,0.0,0.0,0.01811314931686231,-0.0020088306048250404,-0.09175254956619633,0.004428920831631655,0.013168669740113326,0.0,0.004841071522358964,0.001725218055634803,5.551115123125783e-17,0.030378577595864875,0.02591518460312836,0.0,-0.01232216628992533,0.0,0.027031778087135305,0.005053134778811086,0.04412412538852767,0.013365109309950829,0.0024710214835031996,-0.017471955718224408,0.03316867999905937,0.015783953071245915,0.027732348532800988,0.01154794062278447,0.02920674065116613,0.007095746129064606
0.004934024999621867,0.027480846662145897,0.016143289859446408,-0.0057796032478033554,0.006003983277697855,0.01066932473597243,0.022176648444007463,0.029072584799652468,-0.002338943445027719,0.017566759776692698,0.0025878422702153014,0.050738051020532915,0.02332142343739363,-0.004577199879160498,0.05171434281965481,0.02984664072759935,0.006295168718361166,0.01261812282220548,0.009266115123125918,0.03352659499732574,0.006705591860220517,0.0,0.0461506717506161,-0.026813203196386415,0.01955427892515116,0.02739095627108651,0.02815842187284584,0.02308103397897443,0.02057631509033847,0.026654695163298825,0.02336759454597792,-0.007906300206441785,-0.0027633705380558093,0.005653670514540465,-0.00633373407904636,0.003141741761743422,0.005670209675629034,0.015634732741916846,0.004062841810903828,-0.016782495601892267,-0.018493996253131417,-0.011716287051731888,-0.0830744129499677,0.0056113164316828334,0.00010757500574126722,0.04439882580368454,0.016437507473311685,0.01612573283364066,3.901257666472091e-06,-4.545565892216663e-05,0.010213917782136817,0.009777758799390024,0.0021774912017387127,0.011760663237790514,0.002929294370596136,0.0,0.01009063320373449,0.006087789058754511,0.0,0.018005679223455084,-0.00397617526844013,0.012198215868204743,-0.010550395713228244,0.0,0.010402900752199573,0.018896663636610134,0.011010304739901444,0.014521494687654735,0.011499724676087453,-0.0008460508939831524,0.015520779176388722,0.0034866213498898624,-0.04203164754553834,-0.03068794946506398,-0.055432276451613194,-0.01665785454130092
0.014927446587637005,0.002843017811953563,0.06505897571783598,0.011299059389456356,0.02806723913372411,0.04537572433992354,0.013800533406160831,0.014249672390303392,0.015197349205959998,0.037681345448189574,-0.007368308882503616,0.0121952015744759,0.018601797324184544,0.009186556417386416,0.06027230123353605,0.014321613504455488,0.026160280659695445,0.02425691062902985,0.04706802228952878,0.08142783853832947,0.03697297898454105,0.0461506717506161,0.0,0.03312813150558486,0.03311273387390501,0.023586626032484515,0.059033422693674564,0.017824054007073598,0.005769145638058526,0.024305054696110273,0.007683205244706337,-0.003325999672947222,-0.0014678013678523505,0.00204150993858887,-0.009400878899268161,-0.013337871977526616,-0.004095626538610342,0.00040965486243949023,0.00654440961050895,-0.0014212585711075865,-0.02310403498349578,-0.0487944096858518,0.0006867193182404918,0.007140929039621213,0.016294670201305483,0.005768905592601459,0.03781536652922607,0.04441784194365339,0.015381055631613072,0.0031755566739070096,0.026061499290364165,0.0014768045982913591,0.015087293699689919,0.009514499669840193,-0.0038428892706369733,0.021030412816529842,0.005466948782608505,0.007855514498603333,-0.02353918286421547,0.015959763640877256,0.007103882395470218,3.5798648851892434e-05,0.0014429703662902638,0.029210942655259364,0.024471398829436997,0.0280139847272326,0.03128190879914772,0.022667133176553,0.00013796086514306083,0.01746727984394153,0.02419523125463835,0.019823690622309487,0.002737205912339946,0.016575213689767554,0.0030131841528289183,0.0069316567159861675
0.054496844086215246,0.0110623305908234,-0.010524969840975229,0.024287451172549435,0.0023871360711349987,0.01643418716738254,0.014732405848028152,0.01903632087565099,0.001220248302134519,-0.004837459556085666,0.009269468045880414,-0.00747956070159278,-0.020127772339586625,0.02800491422743856,0.0632724969609379,-0.018472119181006053,0.010417470829126363,0.014206656833670395,0.004667031955141399,-0.03771725403688991,0.02033858684192963,-0.026813203196386415,0.03312813150558486,0.0,0.014121068195627418,0.019624479734747957,0.02473244717980705,-0.0013016704047527639,0.03398239533157815,0.008716094718953515,0.0058475682970952625,-0.015197960684207645,0.017251892779794442,-0.03611156385272729,-0.10064462738292523,-0.03214719292645862,-0.004016349389477147,-0.006645895381022449,0.08342176445988847,-0.0170723122277483,-0.0077672910020931685,-0.11589304521724575,0.002107201265940606,0.002800867205113744,0.023974198591574625,0.0032975964821754244,-0.03119480840330774,0.0,-5.551115123125783e-17,-0.0001413981045729762,0.00900001842309589,-0.0001211643335397583,-1.6653345369377348e-16,0.00025188860948660574,0.009871795077728895,0.00018530318364823328,0.01577960034221304,0.024065549301233724,0.0,-0.0005329645428318597,-0.06423665290937847,-0.010180318850239622,-0.02013031335148574,1.723113796470166e-05,-0.0002634329403991553,0.014275818031029452,0.015167605521716698,-0.000436004133573753,0.026929930952078796,-0.02898050097985838,0.004797233215584007,-0.0034043830136548103,0.032114134991863275,0.014232839963402466,0.0,0.0032083082401316854
0.005786819465163573,0.031149043826293688,-0.008379553975787934,0.00048570590920660184,0.004315899263769962,-0.009973183555704535,0.022705217592623006,0.009983917483438298,-0.03851819807860796,0.015355381820096936,0.003865768999323227,0.00583643556794583,0.021440514455097204,-0.009799335548415944,0.026356606800065296,0.0006636128191255808,0.0307816858689689,0.029496760381532983,0.006415224547735965,0.0012046325316544815,0.02174945690853225,0.01955427892515116,0.03311273387390501,0.014121068195627418,0.0,0.02515977009222109,-0.006621749387529741,0.014186046806193009,0.013350825115848508,0.015371199781257228,0.013919860709424026,-0.019661602348212237,-0.006426616131182283,-0.009184617876165924,-0.016452251306491084,0.023307047280184068,0.0022774647336052944,-0.03154009264425567,-0.014696780962070555,-0.04939209343587414,-0.027840038541052436,-0.042363209785699185,-0.00037922192657752207,-5.551115123125783e-17,0.0032384894321846325,0.0011358130629586793,-0.02991565426693743,5.551115123125783e-17,0.0,2.220446049250313e-16,0.004106148816893862,0.012619352813864282,0.020224930157844823,0.00047472039377460806,0.0006916396397114721,-0.0002922631900875161,0.006537006895472375,0.011217841117506289,0.0,-0.004648725877536619,-0.034321594651597565,-0.0050936607791342015,-0.03531856373379744,0.0,-0.07093774593026198,-0.007879599304185803,-0.07127519436469865,0.004415106901842769,0.01022022271632117,-0.023132137225505722,-0.005739426034436834,-0.0811534917023164,0.012378431928481037,-0.057242156527325005,0.0,-0.014689757423647032
0.028429316772692004,0.037122236538182196,0.015940283792494625,-0.007689753179359771,0.011587857476088648,0.024523650264185293,0.026819641488169343,0.017862249102941485,0.0008790877721474577,0.012927846216374494,0.005175537079439463,0.017249162826867448,0.026744295831803988,-0.00046773800456550996,0.039743812654528754,0.02439828518822834,0.0111944851882822,0.016243779740252207,0.01242594048955864,0.019865319722621455,0.030579325976646032,0.02739095627108651,0.023586626032484515,0.019624479734747957,0.02515977009222109,0.0,0.026651355027440427,0.0176065284818811,0.019169934251840326,0.03598540195607036,0.026523128843458643,0.0026869171211422183,0.009926036653224335,0.012027608305195947,0.028739269043883908,0.050372951581071135,0.024305498872489117,-0.033750399063767034,0.028605606530990813,-0.009643687331139017,0.013302358179726692,0.02208127667680404,0.014091200007051885,-2.7775943193697472e-05,-0.03881782783824239,0.024567595933137953,0.029697156063972108,0.01730077469291913,0.0,-4.054195519137549e-05,0.035722014747869846,0.010485806387781238,0.0034229706826478523,0.004123352836236549,0.0009033887950056219,0.0,0.009304530263366195,0.013635201797056573,0.0,0.02683467692014463,0.010107207677069907,-0.0023109769811575642,-0.021139823188412288,0.0,0.008539961099006899,0.03742955366309603,0.027064210443787873,0.03381389098061571,0.01994613022888514,-0.007431182709996209,0.015058117107171032,0.03707857731049774,0.0033750003123366734,-0.008833809835736062,-0.00039686490237023087,0.006584845719051824
