0.0,0.38666982359517543,0.29303833254311973,0.0,0.6187552520670633,0.09390819500126008,0.3540124420164248,0.22770743176258773,0.3972708468204837,0.5402649904465895,0.3683843876689214,0.4908694382899611,0.5034850214012393,0.4048157230460712,0.128310824811438,0.48740969536746503,0.39249207980035583,0.666679993342813,0.0,0.21351154850856752,0.16489896119079214,0.24446992413549545,0.2611630972117607,0.45464793386106284,0.39398393169686013,0.4425647028329239,0.12444066468569842,0.49412975476386733,0.4671211188915896,0.07885885833744388,0.30250109953584736,0.3480939701073006,0.2707441372597591,0.1563681876267298,0.35158292082631265,0.5040894828572045,0.4824650942393677,0.5455090879699198,0.24780759478272632,0.4421381384457692,0.3481263466903466,0.40087379322571054,0.4668324286409077,0.0,0.2390156331048823,0.29812399870024664,0.2666446165216352,0.0,0.0,0.0,0.13355462122571343,0.0,0.3863883460429032,0.0,0.8076158438547861,0.0,0.5730154086001406,0.5529079205338425,0.0,0.27830259089108916,0.3496029785721738,0.5782044364608738,0.4821569390397451,0.0,0.20228873807997924,0.34209965968188194,0.34741360019442036,0.1182401257264567,0.4921332549671443,0.4178919310499547,0.43745683263467416,0.1780786184406099,0.452074763342719,0.45812211936544833,0.0,0.3056938294615791
0.38666982359517543,0.0,0.41517489294762233,0.40486955877914604,0.3445440054260207,0.2844509968828097,0.33165982692907614,0.25623849608102806,0.24812645232770408,0.4467531398200445,0.4169722742406675,0.7149693188812762,0.3588442737936677,0.3565354688399052,0.24123245352430234,0.2435317252077176,0.6324180781639743,0.5428730972538409,0.6661471136791604,0.38703767248251975,0.28764603616426343,0.5295772419587453,0.2939826162659687,0.5744444306696361,0.46514565183574624,0.4403456227164254,0.20869817615442643,0.4813285035900733,0.28158802637029,0.7100660264525178,0.4489496217008715,0.3901288881571653,0.3744327571919369,0.4045371366724646,0.5402088868572773,0.5560263003398191,0.05567981039135857,0.0,0.16737960193284582,0.38461580680376284,0.16867060433101505,0.3010342256043668,0.37802797126309473,0.0,0.0,0.20211444741715875,0.2678752524782612,0.04552260769264825,0.0,0.0,0.29908875269457924,0.5689667727205678,0.55453558502557,0.5832704560367186,0.7406540079000772,0.0,0.5119529335110682,0.7333730471074387,0.0,0.38570675389555165,0.30902446859784005,0.5537953151655659,0.49865573178439004,0.0,0.2368977884410043,0.2816230133660599,0.4048784391125432,0.31066883924186206,0.21092687702551308,0.3757304629169994,0.2676604863935511,0.3172648229099265,0.7269618843806216,0.4147549161637836,0.0,0.17615221668403078
0.29303833254311973,0.41517489294762233,0.0,0.5046501148776543,0.4868005794602508,0.3761213537983338,0.5522862840689178,0.8294982803354307,0.2921670105041848,0.46685984230529476,0.43934938397352136,0.49309595316660015,0.534836970420458,0.8095010985687769,0.3863812841835558,0.36032205156997327,0.6494712229060835,0.42935079624743144,0.43653010431446876,0.30270238825294005,0.228897567615147,0.10665968665523806,0.5064564457476293,0.4737818639675371,0.6530417213919764,0.5986062466663649,0.5020679756760656,0.4839748165384582,0.35777562347491587,0.16918545981268118,0.5251279156320334,0.4552024769820417,0.6652722640472497,0.5290551448881441,0.4888713520404002,0.7132405744862458,0.47482379819314896,0.5237759738000367,0.6859201368528922,0.4722746582260037,0.7208070016068066,0.34678519587015144,0.352388588331919,0.44873213179642035,0.0,0.0,0.3914328374270283,0.6787544946121253,0.47370734629749955,0.3944916151253117,0.5765601884480929,0.570477350623777,0.6440008191465474,0.7669028414492007,0.44033661648489736,0.5810098384858099,0.5462272788601877,0.5751879922327718,0.32067267384722187,0.35198099671492444,0.0,0.0,0.0,0.42728659934912866,0.7357407914058622,0.4534017989427584,0.24448135449374575,0.5572385030168305,0.0,0.5441482678536059,0.4691133287793206,0.678525140829894,0.4133689185668016,0.515873186332201,0.6423113776348528,0.6227014994308788
0.0,0.40486955877914604,0.5046501148776543,0.0,0.08443420900117166,0.43856350421668244,0.47915019345023036,-0.15525632778679832,0.6162655660087604,0.27179183260622664,0.20363953254841644,0.3388486472604042,0.5425107586983239,0.21972646870077153,0.6160487698201271,0.2532233678095313,0.43645075469133626,0.4673836453311969,0.4818731052421873,0.18603104056151276,0.44418524661565684,0.4653567234962712,0.26816364923728647,0.3399244871104191,0.7974117336929912,0.39241563096641363,0.39859038350529585,0.35705121871158596,0.2508428072448488,0.5951030372399359,0.3015327568637425,0.18670977198286082,-0.07087555229243792,0.21935613986659486,0.5012170692688706,0.20730634950154248,0.23276098450921126,0.09561562940647164,0.16564755782873097,0.3765961898235974,0.5222679354307336,0.27027781844641013,0.3260892885840997,0.21012068947091694,0.0,0.0,0.0,0.4189214783247771,0.0,0.0,0.7282770523936162,0.0,0.46493172415264095,0.3020068289893589,0.0,0.4735057837700696,0.7035448368511548,0.45379611055936125,0.0,0.0,0.0,0.0,0.0,0.0,0.0,0.0,0.4589288550009228,0.5564092341666094,0.0,0.0,0.0,0.38774212382072415,0.4582044921948234,0.5520723631677248,0.0,0.0
0.6187552520670633,0.3445440054260207,0.4868005794602508,0.08443420900117166,0.0,0.4666008235669562,0.7686644720311665,0.09724088114585222,0.34308050533204315,0.6991344900406291,0.49125737539356085,0.5234389732539038,0.8223759647199786,-0.034039979668422704,0.4819850240540089,0.5812774128198483,0.5760216172409043,0.6965385173422765,0.6040702233521555,0.4530465404419324,0.3801654723276888,0.3942978713236793,0.48746371674638156,0.6251216761733296,0.6880728410657218,0.3482159983046089,0.49572449916091577,0.5372167913598119,0.605404711816141,0.0661081732738098,0.4748279500378264,0.176212827842998,0.3994868878603721,0.3162801251712461,0.3080976093738865,0.1660417609656068,0.14903367687877025,0.09191442472702333,0.4951963733493411,0.8776079850020113,0.3872661113893742,0.28292678039072655,0.45061171122608445,0.6986295903801465,0.3577641663961638,0.0,0.1641149455504252,0.38486717893831557,0.0,0.3170646466701358,0.4541094546643045,0.46348634384484977,0.4200933385641249,0.37587958377963837,0.0,0.028194178347373255,0.34894646385948175,0.4965311008669224,0.40764796419233346,0.318080196649779,0.4516373112708041,0.0,0.0,0.5810873286892755,0.45384819515143027,0.48341702066475084,0.5940581819967661,0.3905436285655317,0.0,0.4740277220870387,0.46976968554694076,0.4461747475912746,0.49112167155960496,0.39359215515832374,0.0,0.4450000188407107
0.09390819500126008,0.2844509968828097,0.3761213537983338,0.43856350421668244,0.4666008235669562,0.0,0.449516405706627,0.4059274178728627,0.2589437163816343,0.5133611601725375,0.5296236492810775,0.5564771350076019,0.4082364955283041,0.5818566429301895,0.3551504402229515,0.3913656189518778,0.3944023754298072,0.4286450021657064,0.4220302982553301,0.3683864178261733,0.397441913016434,0.2750144133999449,0.3886096401569219,0.41573268868087443,0.3671870064307335,0.41070644987321536,0.25096230113349405,0.6067339146067866,0.4078968393735244,0.2644425863243721,0.6029743286961983,0.37968287225209807,0.37488271520549993,0.5254574913900678,0.44269988810921274,0.6020268596645046,0.5754474805843348,0.35215717212052017,0.3893691716019025,0.37470205739955825,0.375042584187396,0.5033376402902421,0.7237058560187968,0.19089152945548976,0.2007826099556899,0.22421577960242028,0.413279396348321,0.4374264233116205,0.5575373827168835,0.32615767632811854,0.42279259420202475,0.5111726314422242,0.33981048228604405,0.6739164769197196,0.5578068048325463,0.2417394219597364,0.537544225957592,0.4534827524084485,0.48024686590933857,0.22093911158600812,0.5411256653014556,0.0,0.3984153545948267,0.7598168382005683,0.24526236216902808,0.2148616764553338,0.26526332649139617,0.33223080303727726,0.5102716284707858,0.4307428324521594,0.2605024591331553,0.45172124278954606,0.3960708855285499,0.4342515126257463,0.3545326427357092,0.37094107046219316
0.3540124420164248,0.33165982692907614,0.5522862840689178,0.47915019345023036,0.7686644720311665,0.449516405706627,0.0,0.3814054948167876,0.4626680017060097,0.719639488476682,0.6465922058151206,0.3771640288618623,0.6906835593957797,0.5571297660091346,0.5123508149108165,0.5025541559556131,0.6597729342360441,0.7932349258975279,0.6078535604201124,0.3892568795336365,0.3144599818737563,0.3487501213594302,0.4338326120258003,0.6255321087371291,0.535164395364651,0.4095894374082447,0.4446076436859906,0.8313299594701768,0.5355531606221177,0.2593999860937043,0.5360433126633768,0.6522277154106981,0.5607795736604042,0.5262106484816831,0.5988665018032282,1.022486423596114,0.8560064170675842,0.5886499440818965,0.5509609735842036,0.21567513467699914,0.45518108019394754,0.3888778097408412,0.3645646644625611,0.6053163322685464,0.17436595154642162,0.0,0.44868532237928216,0.41934021339590155,0.0,0.5287953393490393,0.44812530346939633,0.5111630105488362,0.20784552107873316,0.33165152334428594,0.541906457922912,0.3162438056625301,0.6372080421018632,0.4069274274405362,0.4142186615534226,0.14638038106511886,0.47794544126024574,0.0,0.502899670478994,0.5894032720527125,0.3633447556317538,0.5131493089938135,0.5453400634214384,0.3693882473348623,0.4725689347110612,0.39348167386970895,0.44660840476673275,0.46264007265805085,0.45290136583822216,0.39883524419650734,0.6977735085722507,0.45380438335929923
0.22770743176258773,0.25623849608102806,0.8294982803354307,-0.15525632778679832,0.09724088114585222,0.4059274178728627,0.3814054948167876,0.0,0.7085710726645422,0.3945660078644751,0.7003817688027225,0.5152930941832891,0.38594120119608327,0.47227520784966154,0.3627114527894552,0.32988000051418165,0.4491547123228071,0.5654403753208292,1.017176709198555,0.19149699550866447,0.2702735313739847,0.18280413198610357,0.28773483363749186,0.13746046861907002,0.2874161110243529,0.33644277666878364,0.47400405137694956,0.2788819739271321,0.28416938526462876,-0.023436302673195186,0.3790041498439467,0.4111561405983277,0.3700931149826054,0.36207263733390893,0.16277805834649892,0.4713536578476149,0.3872335915381196,0.4937065196694249,0.34610698863354017,0.34116320180951676,0.25633521040531637,0.31230237183389975,0.21447491696042015,0.1716929128838961,0.0,0.4111337750957139,0.5568650114708931,0.5113185914892314,0.0,-0.28560860917466724,0.6039351916093583,-0.23049841475376387,0.16306200800970522,0.653683231806104,0.6370393746570867,0.12984485836987728,0.9171292885750075,0.40104685094544423,-0.04264038344409188,0.40078277824681574,0.5745809708041094,0.0,0.5430727628583805,0.4078733370722914,0.22673769760367393,0.36813978658012314,0.2872889099063586,0.21478231262718003,0.0,0.4324867763950615,0.19095239460316812,0.5426812284634164,0.33735627217417385,0.5193272757546941,0.31075468321571553,0.4357310340383791
0.3972708468204837,0.24812645232770408,0.2921670105041848,0.6162655660087604,0.34308050533204315,0.2589437163816343,0.4626680017060097,0.7085710726645422,0.0,0.7561465571348313,0.32546185706573805,0.5646559722369348,0.6049517041625827,0.7888951847401,0.7074343442174628,0.5236875004592711,0.5162300810097091,0.36252990991602657,0.24163670461547823,0.3331506001032449,0.42832327979894524,0.30518973179785813,0.5007117458933725,0.6007569619457336,0.44828203904067404,0.36272190095044565,0.3114642493467966,0.6227050355647695,0.37858191487197457,0.45191099781513233,0.5817495912412123,0.613885566380415,0.509201269985347,0.6093500092112922,0.49803383806378393,0.6500757671398325,0.5746812410811785,0.5489553801818831,0.746168680072518,0.5561558772524787,0.18469052410162234,0.2380894733327133,0.6309910194299566,0.23879906343280521,0.3666160297359999,0.0,0.43826733821613195,0.6301988938070003,0.4718002905250322,0.6392803199367614,0.6569975703965699,0.6091110825037261,0.5489943951298147,0.6105451756606652,0.40450209277628363,0.4145751496335466,0.4129800924482493,0.6720977931674974,0.8372305331495441,0.5231445193088893,0.5168597463206726,0.0,0.0,0.6303592339485127,0.5806064086650882,0.679471918692596,0.5331388885961621,0.5231713319985644,0.425253652813319,0.2819961553626395,0.1542099475409702,0.6693407355084211,0.4596523531150992,0.39324403346002657,0.5606901981066164,0.5521869170331912
0.5402649904465895,0.4467531398200445,0.46685984230529476,0.27179183260622664,0.6991344900406291,0.5133611601725375,0.719639488476682,0.3945660078644751,0.7561465571348313,0.0,0.5759300080199581,0.5828487351982774,0.8718130936137314,0.6947352384713432,0.6808992679370398,0.5266194070288928,0.852933048429572,0.6124148691971715,0.5922201423145266,0.43452549908898264,0.5996412628732006,0.5061019388496869,0.4399065461992615,0.6449302083373859,0.7926576646902315,0.6491234848972764,0.4195759672387934,0.7208803628083174,0.6506182856939651,0.37014533684416473,0.8321402919152928,-0.1014063070416929,0.9147011311170739,0.5500671699857553,0.4578345079089855,0.7790714786662721,0.523701303068421,0.3575477717269864,0.19763963465854623,0.46100299637443,0.21999416717232562,0.06762294203097474,0.20468908606204886,0.32061189737291174,0.5750296069957748,0.686246190067209,0.6051647389830062,0.3676876906026123,0.4813426714861564,0.4336571476218332,0.43816437928827,0.6228660962244548,0.6765925388652076,0.5202216478814827,0.6829146976946447,0.2405536655587873,0.7394991388221162,0.5501210629448487,0.0,0.6271776640655928,0.4096319192578404,0.7427363654160901,0.5100755163005372,0.46481925294719684,0.46514411440381104,0.4814967263231902,0.6022173301562856,0.45931563654973234,0.32802893808944644,0.7666070146719036,0.698564383946982,0.5372015422913203,0.5537693321818906,0.4702036384558467,0.0,0.7623058263904313
0.3683843876689214,0.4169722742406675,0.43934938397352136,0.20363953254841644,0.49125737539356085,0.5296236492810775,0.6465922058151206,0.7003817688027225,0.32546185706573805,0.5759300080199581,0.0,0.5219538606260231,0.563478856046478,0.7104210903706183,0.0,0.49313817817986394,0.5062034278581874,0.5783186164370745,0.6004969640991166,0.450282713043709,0.37726184257191786,0.4218875490784725,0.6562182945101296,0.46793942203211963,0.608453626282023,0.5208676039470909,0.471486500692,0.5071678390945836,0.4987337426843791,0.39816922635365903,0.44363310200172984,0.28358938835577296,-0.1948894789868067,0.3847230045069153,0.3769426240164392,0.35700464476167115,0.5973131291432268,0.28090333457028605,0.49564460269730665,0.6970878412053914,0.46912759013114164,0.3558533425967304,0.6486064123278463,0.6491749143116146,0.21074595377385721,0.0,0.0,0.5718664810566145,0.46573639633146086,0.05705307820639652,0.35943769036763007,0.06254864758119244,0.36901641951005926,0.6353374049022404,0.47436528744119766,0.4909724066759511,0.2792903036311699,0.10848107665442769,0.4722796132706436,0.0,0.0,0.0,0.0,0.5737706879088396,0.1583664841011286,0.0,0.5283527857009523,0.322668973413221,0.0,0.0,0.9036566014399899,0.5287654899182705,0.4353137846473649,0.28705048000761074,0.0,0.6121628995335582
0.4908694382899611,0.7149693188812762,0.49309595316660015,0.3388486472604042,0.5234389732539038,0.5564771350076019,0.3771640288618623,0.5152930941832891,0.5646559722369348,0.5828487351982774,0.5219538606260231,0.0,0.8709187910816987,0.4866792334843619,0.42200683020145563,0.8530764465584769,0.8113262134476111,0.9158676587874842,0.5840072937341811,0.41375677788184284,0.44653770366342893,0.2899004048681654,0.2083773222568156,0.5187618437135653,0.7787759071255891,0.47991208739346025,0.47524841826031555,0.5084457669786302,0.4812868863648453,0.25707269974379554,0.798007219739258,-0.07606055550752933,0.6755951217768291,0.4420090160240865,0.2873387878480723,0.21419694601159148,0.15648255496350616,0.17699362433678573,0.48184600918913967,0.3094584250093063,0.3823092391128612,0.18691816237356332,0.43767826080251426,0.44117365793950236,0.5411423847005921,0.3994650840982335,0.45565659771234085,0.5184140077106946,0.15161282337692064,0.2107016792771084,0.17267116111371217,0.4039844542329105,0.3465550206250274,0.4264126520128918,0.7996457773337171,0.08303965739869754,0.8361518070162113,0.40477090271157967,0.5266954367636977,0.5071284784651725,0.6040441745140355,0.8064631806599885,0.702257379273143,0.1615768237369458,0.8030306760795303,0.7645466091189692,0.4117022052695055,0.11553447725171612,0.3815745921624534,0.8654179986648431,0.7830503413265824,0.15033092895784217,0.5972836348611676,0.49364872536527793,0.0,0.9041458446642034
0.5034850214012393,0.3588442737936677,0.534836970420458,0.5425107586983239,0.8223759647199786,0.4082364955283041,0.6906835593957797,0.38594120119608327,0.6049517041625827,0.8718130936137314,0.563478856046478,0.8709187910816987,0.0,0.6211578389808463,0.35768112968667515,0.4984304221765603,0.697314926948605,0.6342602367157271,0.6414591683200874,0.4043068601900818,0.3791892101444778,0.356754243875005,0.43710963013192383,0.6730851632034824,0.6696652583160578,0.5340880794180337,0.4766760263386316,0.45643994392481313,0.5963185844944318,0.1450506148193681,0.4138436542114897,0.6806275728541935,0.6202267865108598,0.4983697099036857,0.46240760985168144,0.7779500351034491,0.5551643637074806,0.6011139711466273,0.5075796840444042,0.5254035005074834,0.47068170459293307,0.4561787201174499,0.2754653396162706,0.18611875396533378,0.369889427549989,0.5739690706542541,0.5659965008951612,0.5424300458298629,0.0,0.4967019257718429,0.46738080912661073,0.4749264843036551,0.293164351056486,0.583294162889999,0.6203837043670711,0.5272559811118436,0.7581328259897986,0.4596537773020794,0.3134551428798353,0.31886500774801596,0.4867573275288475,0.2935415275582732,0.5426021316564309,0.47986150519044923,0.3439576687191544,0.4019402128558722,0.45604157977645376,0.41712097425858397,0.5283869431801405,0.6224981239913059,0.38384471920393415,0.5118702567975382,0.4250689509454496,0.3739136553939616,0.39958600323109705,0.44572089062174886
0.4048157230460712,0.3565354688399052,0.8095010985687769,0.21972646870077153,-0.034039979668422704,0.5818566429301895,0.5571297660091346,0.47227520784966154,0.7888951847401,0.6947352384713432,0.7104210903706183,0.4866792334843619,0.6211578389808463,0.0,0.19797277880025985,0.5039112503264833,0.45197719562745525,0.4982410095418857,0.9464281489547735,0.42567357573640796,0.49236200505547373,0.15163793023457964,0.5978163360469315,0.611415193154897,0.5015381013333969,0.5070917167470916,0.5646402947292015,0.14873621045134208,0.46967925109689074,0.33631806699280176,0.3589522190274246,0.1245499122312039,0.27025887110284447,0.6749561375008064,0.04148147464443472,0.2302920340736973,0.2526753743941197,0.23733394599862695,0.4668738880864988,0.0,0.6643187715310206,0.6743993906228348,0.6856840458598112,0.4729237724569336,0.0,0.0,0.0,0.405813644878715,0.0,0.5525827148066581,0.5110558591312511,0.432519981755346,0.3897360661909466,0.4971761473043001,0.0,0.4499439146484111,0.35797521986458736,0.30646879175405634,0.36593814030842975,0.0,0.0,0.0,0.0,0.4257848818473928,0.0,0.0,0.0,0.5155057934268056,0.0,0.0,0.0,0.3308437827822356,0.6669174827847321,0.0,0.0,0.0
0.128310824811438,0.24123245352430234,0.3863812841835558,0.6160487698201271,0.4819850240540089,0.3551504402229515,0.5123508149108165,0.3627114527894552,0.7074343442174628,0.6808992679370398,0.0,0.42200683020145563,0.35768112968667515,0.19797277880025985,0.0,0.3084026989705758,0.32681039571198006,0.4030329511138626,0.0,0.5454752589017693,0.017395131468348535,0.15058638321183038,0.22754764171678266,0.25197617704945385,0.33083105022782844,0.05062687518099113,0.09157189105842473,0.2141041945441725,0.23010877043870265,0.5011005205109221,0.10003222739048329,-0.007482942648265822,0.21903754589474872,0.09310392010418583,0.1623516552945795,0.26860716482047364,0.4001911020265779,0.3802840931154025,0.09010334031434317,0.3758083326549184,0.16365063076234004,0.20217539032348597,0.5133014869102778,0.37041529841001475,0.0,0.018091161748186813,0.22192707635894737,0.32182299276397447,0.0,0.0,0.17039172924249407,0.6424625752585018,0.1397052878429324,0.5775689803375346,0.0,0.0,0.3759845931394322,0.37279181275204837,0.4681555659763301,0.41727499461224365,0.31580159289909016,0.5501049846807218,0.6790051921653324,0.0,0.34052299499546507,0.06853384900427811,0.4568480730452674,0.4510064616803505,0.44840627030304836,0.5783740840500505,0.17969290728429904,0.25044076136443844,0.06017652891165942,0.20839875765408283,0.3201182327715008,0.16021844322484097
0.48740969536746503,0.2435317252077176,0.36032205156997327,0.2532233678095313,0.5812774128198483,0.3913656189518778,0.5025541559556131,0.32988000051418165,0.5236875004592711,0.5266194070288928,0.49313817817986394,0.8530764465584769,0.4984304221765603,0.5039112503264833,0.3084026989705758,0.0,0.6836434583421128,0.9069927250752707,0.4498519426684183,0.4816898201094416,0.3477402385667921,0.30624959999129975,0.5194228237448963,0.6921614630794981,0.6401851295383073,0.5010796818436601,0.48270847605919437,0.40821253342533353,0.4005387330010454,0.4174317805891481,0.4968744310248746,0.3840059212877015,0.43816228501905063,0.20070877226351228,0.6061914511537396,0.7454397525558469,0.32815317938056043,0.4976436665529812,0.383961967822939,0.43277306880519645,0.38599824735182725,0.39539661315067665,0.4689268128926021,0.0,0.0,0.28448211861298967,0.35329568395087846,0.0,0.0,0.0,0.721241206392875,0.7072693660778367,0.8709993284909606,0.0,0.8171641996924257,0.0,0.7905048755549307,0.6153888019832181,0.0,0.38580992256694924,0.427734114367726,0.72464291922736,0.6461417567405807,0.0,0.3378632206294784,0.36999590759573,0.3863503654115132,0.5513739967452703,0.6940263798066509,0.5341205729081804,0.46451756397131805,0.5738587454941336,0.5472562331086082,0.5340866288506632,0.0,0.3495406997195503
0.39249207980035583,0.6324180781639743,0.6494712229060835,0.43645075469133626,0.5760216172409043,0.3944023754298072,0.6597729342360441,0.4491547123228071,0.5162300810097091,0.852933048429572,0.5062034278581874,0.8113262134476111,0.697314926948605,0.45197719562745525,0.32681039571198006,0.6836434583421128,0.0,0.6515703802831263,0.6789642407736005,0.34994666167873467,0.3637886492316979,0.500028586254079,0.5273121282812572,0.7851570685363897,0.9081675654956771,0.7171575771413713,0.36465415442394905,0.7240440126384743,0.30290842448843425,0.28221280325596676,0.782297702815908,0.6205700973135612,0.8944170349691929,0.7713899505084578,0.6738258204521039,0.7134973448619883,0.34657327119328396,0.752395225894454,0.47569241195277034,0.52419166329698,0.4075566362028502,0.592578013866861,0.0,0.0,0.5637093559254436,0.8065941283941581,0.7117033613928343,0.0,0.0,0.0,0.0,0.0,0.0,0.0,0.8336411341395611,0.0,0.9479128091542985,0.36038348929740566,0.0,0.5509184140568048,0.48680107593217914,0.6663410635856168,0.5466542763806939,0.0,0.0,0.0,0.5282563068939388,0.0,0.3466401202641942,0.7922249520216222,0.7564715270559357,0.0,0.29505029251711823,0.47025029220010295,0.0,0.4680921823854934
0.666679993342813,0.5428730972538409,0.42935079624743144,0.4673836453311969,0.6965385173422765,0.4286450021657064,0.7932349258975279,0.5654403753208292,0.36252990991602657,0.6124148691971715,0.5783186164370745,0.9158676587874842,0.6342602367157271,0.4982410095418857,0.4030329511138626,0.9069927250752707,0.6515703802831263,0.0,0.5532237680454811,0.620190297325736,0.618512462066703,0.6187198653484169,0.5787230132200185,0.6787422216922322,0.7763626914645456,0.6492575675267597,0.6452709508490886,0.46984371455631135,0.5873957018126372,0.4683869915391642,0.717439352088669,0.6543502434302569,0.8015520721954564,0.8710576363644571,0.5136472507383865,0.8621534852109836,0.39790125655790026,0.7515736399700148,0.8586467285409025,0.7755538877989573,0.6139053979294624,0.9189920566362979,0.0,0.0,0.7013826429742559,0.6915419639224081,0.4952883063913853,0.0,0.0,0.0,0.5875318049254019,0.5069716386640972,0.6066392317883837,0.0,0.8275599607919057,0.0,0.9132555913327411,0.677855744559132,0.0,0.4823068095236436,0.539986609748161,0.7431420703329157,0.6104914004976414,0.0,0.4839654055999034,0.577727516464134,0.6540197106958592,0.7217635759634858,0.9917107563571053,0.6708606010012271,0.7609865430308163,0.5493999657563605,0.5395098433598038,0.44386561349032994,0.0,0.7960036393203598
0.0,0.6661471136791604,0.43653010431446876,0.4818731052421873,0.6040702233521555,0.4220302982553301,0.6078535604201124,1.017176709198555,0.24163670461547823,0.5922201423145266,0.6004969640991166,0.5840072937341811,0.6414591683200874,0.9464281489547735,0.0,0.4498519426684183,0.6789642407736005,0.5532237680454811,0.0,0.5034643020016114,0.6537964604216868,0.7006791380563318,0.9939685394609552,0.6076537400281216,0.6619646740456464,0.6167815284505809,0.6151170451256408,0.6522958120105693,0.6346766402721253,0.506881259283923,0.6089452917919882,0.7175287646636981,0.3865729408686311,0.5893988152969715,0.5272447001918299,0.7949229621764942,0.5139416172211313,0.4524776454359547,0.9361697841988705,0.4387862245848066,0.9896481202316479,0.19827325136532992,0.6787733011096049,0.2449821672337646,0.0012318373435715527,0.0,0.0,0.7721621769295065,0.0,0.5079656838037441,0.6383999452146677,0.5622391483024507,0.7555195254772145,0.8078742651118164,0.5946084942935141,0.45294533985023466,0.26047420035414515,0.5406148627260612,0.23864080488079437,0.0,0.0,0.0,0.0,0.7969140915985032,0.46981139924371085,0.0,0.48533452941523536,0.721709510003918,0.0,0.0,0.0,0.7964705669795755,0.7943040907459586,0.786535161054605,0.4791511308733186,0.7562427209580496
0.21351154850856752,0.38703767248251975,0.30270238825294005,0.18603104056151276,0.4530465404419324,0.3683864178261733,0.3892568795336365,0.19149699550866447,0.3331506001032449,0.43452549908898264,0.450282713043709,0.41375677788184284,0.4043068601900818,0.42567357573640796,0.5454752589017693,0.4816898201094416,0.34994666167873467,0.620190297325736,0.5034643020016114,0.0,0.18365901413272906,0.34866171534707724,0.7058060359992329,0.5219181580052799,0.4976747633129614,0.3271236514267117,0.5275032341544741,0.2730098728304591,0.5161876518336899,0.10940193830574141,0.5244453908306085,0.1024892345795767,0.23371026024931002,0.4042410720882021,0.35834863922575455,0.36075340405771245,0.21317874618054616,0.7083314007935582,0.1916075317861347,0.1438258309758406,0.22960350036480942,0.13582622868968536,0.32134749064564844,-0.02247481834851489,0.33685826470397706,0.05597449649448788,0.2566692827830455,0.43699201406868404,0.0,0.0,0.30386431617932835,0.4648800309119203,0.2083509640404798,0.5291156228598354,0.78493379276666,0.0,0.41333512290886076,0.10679536982814913,0.0,0.19701307681412622,0.48605589864040966,0.4675850768919511,0.5290313477027481,0.0,0.1919690285111722,0.08499204362749957,0.25933232378928583,0.30300432763479157,0.0,0.5632879386682927,0.12354181911786627,0.23357717662916844,0.2820815646868111,0.3266077464305225,0.1084982662871985,0.13829080255048187
0.16489896119079214,0.28764603616426343,0.228897567615147,0.44418524661565684,0.3801654723276888,0.397441913016434,0.3144599818737563,0.2702735313739847,0.42832327979894524,0.5996412628732006,0.37726184257191786,0.44653770366342893,0.3791892101444778,0.49236200505547373,0.017395131468348535,0.3477402385667921,0.3637886492316979,0.618512462066703,0.6537964604216868,0.18365901413272906,0.0,0.0890278674650341,0.36362381398558696,0.2171707025273184,0.37770750698269884,0.4919542207734619,0.316009930469216,0.36442184120967436,0.15301268962173453,0.3259950128174297,0.1785705267858932,0.011093741310527733,0.12214965110058712,0.14594197546773313,0.3401996523223131,0.4714100210677422,0.31614911820205954,0.4268206925476451,0.2613803205154861,0.5612337050428844,0.2314301640821357,0.2945774351286438,0.4983674957589278,0.0,0.0,0.49386530993699884,0.2516111338425898,-0.2046711685069268,0.0,0.0,0.32609158588669473,0.3889731081888001,0.32649591922382754,0.6975555743937519,0.48131387393526803,0.0,0.6997408808494158,0.32068799664858383,0.0,0.3423108665376378,0.41531113367600336,0.0,0.4552706546945125,0.0,0.2576822557295806,0.32863711621813935,0.2941028694530431,0.3473939330138715,0.5375016793319332,0.43916536259518035,0.4083105935219846,0.323574326728738,0.3822269396753276,0.4037151619343561,0.32969656281491083,0.051265147291523316
0.24446992413549545,0.5295772419587453,0.10665968665523806,0.4653567234962712,0.3942978713236793,0.2750144133999449,0.3487501213594302,0.18280413198610357,0.30518973179785813,0.5061019388496869,0.4218875490784725,0.2899004048681654,0.356754243875005,0.15163793023457964,0.15058638321183038,0.30624959999129975,0.500028586254079,0.6187198653484169,0.7006791380563318,0.34866171534707724,0.0890278674650341,0.0,0.41435527385507587,0.5477476618924004,0.6144275333478152,0.3420077841877074,0.23521885880652332,0.3659438859235492,0.3905120262180863,0.4362454928318317,0.4403992952953633,0.13283414338486466,0.27084612177845313,0.2437195581875261,0.3031758569735817,0.27676318350837203,0.35428190952011845,0.6195826000736141,0.20108845151988738,0.36212206200204744,0.23165536272783688,0.30553059374955255,0.5646462387847491,0.28764738109071936,0.3963718580360188,0.15200236477100523,0.30547894358942385,0.44469397079826345,0.4710434323682197,0.39210516125562556,0.3190149999588509,0.609910257356268,0.010758333885830196,0.6049875105194518,0.23065519573069024,0.0,0.3634287276619781,0.6045052285124355,0.0,0.4337523676087234,0.3350419050259129,0.5698567808365747,0.5856123519401331,0.0,0.1942266758251239,0.16925053679395746,0.38843980150075347,0.31279271413378584,0.3436475387280307,0.4162117484124282,0.31772830404435803,0.2284747882673538,0.4423141053235166,0.2738657198932649,0.4053127400746711,0.27961245652995126
0.2611630972117607,0.2939826162659687,0.5064564457476293,0.26816364923728647,0.48746371674638156,0.3886096401569219,0.4338326120258003,0.28773483363749186,0.5007117458933725,0.4399065461992615,0.6562182945101296,0.2083773222568156,0.43710963013192383,0.5978163360469315,0.22754764171678266,0.5194228237448963,0.5273121282812572,0.5787230132200185,0.9939685394609552,0.7058060359992329,0.36362381398558696,0.41435527385507587,0.0,0.20158822524374118,0.3038021383711691,0.370851057343452,0.34991749810097356,0.23311745126074201,0.3239765187805975,0.16612822295169216,0.38524817258775196,0.29739891384579076,0.3105472339198642,0.4557313333319494,0.3757205269187023,0.5144827447292715,0.39149295312452137,0.27442657690412675,0.3454924667854803,0.3562149022582067,0.4216014226915461,0.3826589052763173,0.5224744705987614,0.5599574678936593,0.3166248255325016,0.1657643402274192,0.37812899795467203,-0.10205811238500645,0.3667867838232646,0.43394309684620047,0.45851325025186945,0.5004309998598359,0.2815029399473632,0.6763141173124476,0.486872987116052,0.36086249600014386,0.6410714676606514,0.4616345998616994,0.4839203292110486,0.31314409975535484,0.5501750361052279,0.46514411440381176,0.37500254269553945,-0.19947821354650047,0.28680685698056857,0.3000344005226356,0.28041405210706294,0.4477790370970629,-0.13572709916547057,0.5454926853879447,0.2734762601768672,0.3941187485967719,0.3984493944690336,0.4129316124672001,0.4470484215765068,0.3549857016707302
0.45464793386106284,0.5744444306696361,0.4737818639675371,0.3399244871104191,0.6251216761733296,0.41573268868087443,0.6255321087371291,0.13746046861907002,0.6007569619457336,0.6449302083373859,0.46793942203211963,0.5187618437135653,0.6730851632034824,0.611415193154897,0.25197617704945385,0.6921614630794981,0.7851570685363897,0.6787422216922322,0.6076537400281216,0.5219181580052799,0.2171707025273184,0.5477476618924004,0.20158822524374118,0.0,0.5850714661696588,0.4193608935914961,0.2897819619428336,0.6334849851828699,0.4729159976762826,0.5004803614437006,0.8758370564596469,0.3200348515463203,0.3184901154834058,0.3247135880885482,0.4634949904248827,0.7471168720158221,0.009920692857347257,0.19484441051157453,0.8898662586074833,0.4120852653316131,0.24671485078230188,0.5454640377639807,0.46806558206477444,0.49463848774685515,0.4139944131189337,0.3950001859049996,0.30243823351502513,0.0,0.0,0.4619937814729659,0.3982073467185613,0.37292212044733897,0.0,0.3350643409000922,0.36036433622983743,0.505506633182494,0.4423119971454746,0.4859281178136063,0.0,0.3337862080926883,0.39696606848499916,0.18077146985370127,0.2590162902832747,0.4837086898147257,0.39544095840409654,0.4206845785817479,0.3769790721984217,0.6691091031253706,0.4487311981124589,0.3849737042828178,0.500658148980899,0.32437906570467123,0.652389597749609,0.675947098363197,0.0,0.4126698491405446
0.39398393169686013,0.46514565183574624,0.6530417213919764,0.7974117336929912,0.6880728410657218,0.3671870064307335,0.535164395364651,0.2874161110243529,0.44828203904067404,0.7926576646902315,0.608453626282023,0.7787759071255891,0.6696652583160578,0.5015381013333969,0.33083105022782844,0.6401851295383073,0.9081675654956771,0.7763626914645456,0.6619646740456464,0.4976747633129614,0.37770750698269884,0.6144275333478152,0.3038021383711691,0.5850714661696588,0.0,0.43954777801181094,0.33809670418840265,0.5851046264527797,0.39184720892800307,0.5797962723073484,0.7208362145867284,0.3817013956719564,0.6486552197919457,0.6947665459136226,0.6269940261315148,0.6185727276981662,0.6117254010644407,0.6914976866208369,0.5263849114202834,0.6049222305567382,0.4359369626995705,0.5348781776488534,0.20308156672723898,0.0,0.1400104984388985,0.37716073747962825,0.4403360641203996,0.0,0.0,0.0,0.5976687568128303,0.4979149440293282,0.6179709516108527,0.4355385758592182,0.7133821113559808,0.44392852831747465,0.8459497796640796,0.5123179573495495,0.0,0.4997130821436479,0.4576547328225442,0.6346405372221556,0.4552406785740618,0.0,0.5413774022661202,-0.10552759314002735,0.5892411674705236,0.34679026267832014,0.6810381257779424,0.49541473525324575,0.47662312726837486,0.47460177168637496,0.6990417475602406,0.43807657052190435,0.0,0.41895317909740987
0.4425647028329239,0.4403456227164254,0.5986062466663649,0.39241563096641363,0.3482159983046089,0.41070644987321536,0.4095894374082447,0.33644277666878364,0.36272190095044565,0.6491234848972764,0.5208676039470909,0.47991208739346025,0.5340880794180337,0.5070917167470916,0.05062687518099113,0.5010796818436601,0.7171575771413713,0.6492575675267597,0.6167815284505809,0.3271236514267117,0.4919542207734619,0.3420077841877074,0.370851057343452,0.4193608935914961,0.43954777801181094,0.0,0.33038109294656337,0.4466885808469045,0.4388029712407393,0.23162753693068255,0.3502399182631476,0.31504257879530134,0.46911472703019375,0.38093070058651013,0.49846282661931607,0.4053900324317812,0.387077636071817,0.6422472761825986,0.42914214728327627,0.6208202603996869,0.4716123613203834,0.39737395776073114,0.3148952684112398,0.49433186434457826,0.4487670045670422,0.3699292896911257,0.41333653218268307,0.6800722065237217,0.0,-0.003496961854079642,0.33909226053349306,0.584559883310765,0.4145012442458209,0.6122937965028599,0.8346006796297021,0.0,0.8609422073856594,0.6209500175071908,0.0,0.3474489262364966,0.44189652595311446,0.6794855378336113,0.5215628828170005,0.0,0.22013417701040072,0.25720329307184303,0.4895139553947191,0.28729675416392586,0.6479374487228675,0.5813238175216151,0.4700839377163544,0.2522042149127963,0.6279515707649643,0.3306602126095631,0.43705304094911346,0.4821796285787259
0.12444066468569842,0.20869817615442643,0.5020679756760656,0.39859038350529585,0.49572449916091577,0.25096230113349405,0.4446076436859906,0.47400405137694956,0.3114642493467966,0.4195759672387934,0.471486500692,0.47524841826031555,0.4766760263386316,0.5646402947292015,0.09157189105842473,0.48270847605919437,0.36465415442394905,0.6452709508490886,0.6151170451256408,0.5275032341544741,0.316009930469216,0.23521885880652332,0.34991749810097356,0.2897819619428336,0.33809670418840265,0.33038109294656337,0.0,0.3477225725928965,0.32574923529232525,0.24592008504834525,0.39188150663592064,0.2821727623744695,0.24569645442312357,0.4516012529510178,0.33538619721409113,0.4279142177170856,0.482195263857783,0.32740098795700057,0.31115440005477657,0.29494182126656787,0.346494104516407,0.24452730371994041,0.5495749258259586,0.32633318301421066,0.1731850510536369,0.27501558387645353,0.37977971677239425,0.505526092097087,0.4517535768478277,0.48779529154499507,0.44389560011158213,0.465350854035391,0.24084958115623928,0.6288045414562619,0.6115924030451416,0.3211016790591318,0.12565412553864733,0.425942386485452,0.5924598391936567,0.22750203187175863,0.5156214562489555,0.0,0.1758894269871188,0.7060345557141716,0.236426277641534,0.27075678368151485,0.15946519646295065,0.2881419250100976,0.0,0.4582156913710022,0.13203044429624433,0.4136309119930343,0.3390960477546218,0.36423064536891736,0.2500573121110451,0.327636706981012
0.49412975476386733,0.4813285035900733,0.4839748165384582,0.35705121871158596,0.5372167913598119,0.6067339146067866,0.8313299594701768,0.2788819739271321,0.6227050355647695,0.7208803628083174,0.5071678390945836,0.5084457669786302,0.45643994392481313,0.14873621045134208,0.2141041945441725,0.40821253342533353,0.7240440126384743,0.46984371455631135,0.6522958120105693,0.2730098728304591,0.36442184120967436,0.3659438859235492,0.23311745126074201,0.6334849851828699,0.5851046264527797,0.4466885808469045,0.3477225725928965,0.0,0.4137478870593385,-0.10330591043160747,0.2245990224907722,0.34813043792691317,0.2488606795617793,0.49015177745890315,0.5145129175414623,0.34734007346046414,0.16826234648895044,0.2437644522152597,-0.05082048083933599,0.3761656526919692,0.25290295561026366,0.27423122509023323,0.19006981753954366,0.28660602607428376,0.7231175226502606,0.5487183934782973,0.5490607144622592,0.07343791930439825,0.0,0.5440813760738523,0.42241323500241396,0.43454022155849603,0.18182259677474813,0.5297065896113402,0.6630618094563077,0.5050321660466824,0.7868973265157879,0.37061795403943,0.37942076586914514,0.36964976301078545,0.379804636805179,0.3114648801547425,0.47562877700532935,0.6960833940096962,0.38537141802479946,0.30155814546554693,0.3562135887842637,0.3160062154397836,0.4553186802108028,0.7112276852727113,0.3681650114153271,0.39364856869821985,0.3400427098076808,0.284245350402521,0.39438130802401056,0.27309213294542045
0.4671211188915896,0.28158802637029,0.35777562347491587,0.2508428072448488,0.605404711816141,0.4078968393735244,0.5355531606221177,0.28416938526462876,0.37858191487197457,0.6506182856939651,0.4987337426843791,0.4812868863648453,0.5963185844944318,0.46967925109689074,0.23010877043870265,0.4005387330010454,0.30290842448843425,0.5873957018126372,0.6346766402721253,0.5161876518336899,0.15301268962173453,0.3905120262180863,0.3239765187805975,0.4729159976762826,0.39184720892800307,0.4388029712407393,0.32574923529232525,0.4137478870593385,0.0,0.08922135393130504,0.6977633567342615,0.21659923714692086,0.22398867057202307,0.7527685866021507,0.4375915191434758,0.47963621345345636,0.3725044120699156,0.4686747159293972,0.19370295421643882,0.3426621395163105,0.33357031033607254,0.4282396428115196,0.2825077237405259,0.24065488372836946,0.32268525674668735,0.37503827138299145,0.4725544358502035,0.46264752328914643,0.47051919955116744,0.33977033055405376,0.3800239650564919,0.33736006198874324,0.2856420125226814,0.35086433091034186,0.6575502553636767,0.4846036233963182,0.5854210268911839,0.3793695589264684,0.5749344568635522,0.21767407337724218,0.480855442693973,0.46866191780767574,0.5648193669287388,0.40348292152579046,0.25083256979077434,0.2674070908980194,0.31898337673170396,0.3838394008510121,0.47683922165347853,0.4298589118983769,0.11560623851560917,0.32071062812190904,0.2879617080215082,0.3138870755474549,0.2792234783104428,0.273423287367072
