0.0,0.05782518730685188,0.2599476031619199,0.0,0.20243018811828256,0.3092409264549852,0.19821758622800964,0.30668961853786403,0.3049438242901049,-0.09166918330524272,0.32238049325426543,0.10785095789379824,0.3575257973306464,0.34700003402853963,0.41311939602318676,-0.08203549426334486,-0.23274091688079224,-0.33947372319925834,0.0,0.7893348945757154,0.3736069432473553,0.5182637844700735,0.3645016245505299,0.2864696020735279,-0.16173340347143506,0.16279175937199436,0.3976102574046906,0.3633603356116889,0.27869379775466074,0.39337302093563203,0.065424480911453,0.15473339129114985,0.11269340147615645,0.23698958468632497,0.024997203754922374,0.28255024776518634,0.2137598165804149,0.327062509142444,0.3498836657143284,0.0392370662407567,0.04465888448937827,0.38857654799155716,0.20324152895671274,0.0,0.2513198420568374,-0.06148773564596603,0.1821822629150557,0.0,0.0,0.0,0.5794011414742684,0.0,0.699379854922801,0.0,0.08378338894784876,0.0,0.2998558335529839,0.1561726922426564,0.0,-0.019060871706841558,-0.015652350317612966,0.06885090753695505,-0.10373455360440272,0.0,0.35799814032339383,0.010702605932663874,0.13009419471294023,0.20922894091126626,0.3425408245698778,-0.023154551742519416,0.09166872846806182,0.1121012544242645,0.19040852774367423,0.3140578895753837,0.0,0.21292222231040742
0.05782518730685188,0.0,0.32755144234576483,0.1591741495546936,0.3462364933421701,0.3161696992918262,0.26082400539526934,0.26702662333840754,0.20378045773713635,0.22111653306571336,0.03129369110696173,0.22829013036419804,0.27696546911004294,0.23535627612181673,0.4030050179096903,0.03147878080499721,0.4852432145376922,0.05453269894413094,0.20417265035031357,0.10660000766043015,0.1870398778401938,0.126021753379667,0.18219982379949198,0.24015348864086394,0.08380761116735577,0.17788491064650003,0.20207634315638012,0.1933140620559207,0.2130978221537534,0.258122877326419,0.4152943338228645,0.3458904798679791,0.317965244388535,0.49742758435705137,0.2670377954787913,0.4032788953659964,0.021797846793962565,0.0,0.11496441777411384,-0.11521780718337755,-0.05194743835299803,0.061520704340116826,0.2072401965009352,0.0,0.0,-0.006669266364806324,0.08446722093831058,-0.030379873820353436,0.0,0.0,0.2606393470358535,0.3640813108642747,0.3348902128106708,0.18676180750571775,-0.34591399156149083,0.0,0.2769838056525532,0.2453325292728793,0.0,0.3860885010349299,-0.038640511063094046,-0.049188761491880145,-0.11295838142934428,0.0,0.27430520812905346,0.25981305383023345,0.28902879056749364,0.378683844886688,0.048446399519578624,-0.06644712495720717,-0.029587397090330564,0.23852804327214674,0.2444311749527007,0.7029444104042167,0.0,0.18090333312488743
0.2599476031619199,0.32755144234576483,0.0,0.2481804722898438,0.5006478595526184,0.5515893642901758,0.3422332495197166,0.6452666057230073,0.3671317136896313,-0.14991043287792605,0.5793255156624654,0.3140552148172944,0.2943641285056701,0.515029183229983,0.08459702480167641,0.35883860166868997,0.3552673442400988,0.011298706244166904,0.5374445837447535,0.22254905503297795,0.28356279204071116,0.07685912525353711,0.5522257960197924,0.30282746578233427,0.14442849745443173,0.29425459888926336,0.46261268999890787,0.34387805761051105,0.302343838888797,0.47655671793213156,0.2791376182054311,0.3108312071524759,-0.20758817732219248,0.3600469860027917,0.2601310815739722,0.49573567299839794,0.2897973000815557,0.38995287358958497,0.670922903966126,0.20962701655893964,0.39328893377312235,0.38817380766162685,0.6452015456684009,0.3813209890582743,0.0,0.0,0.14577798703350053,0.39895017308184977,0.1835275280083823,0.4004532607891804,0.3819276544768261,0.5064958726862094,0.5672974857871244,0.5336814254602499,0.19736814836673436,0.5146592924072209,0.36994510643611095,0.39660348988727906,0.4467131349539816,0.14982179952560223,0.0,0.0,0.0,0.5061427543316592,0.24317129802522292,0.20051674067410438,0.10026323293032213,0.4930643207528712,0.0,0.2395869421021038,0.26452081946658024,0.48129973865176834,0.47057733682879727,0.3448866926463816,0.23316879801335735,0.6683710064436652
0.0,0.1591741495546936,0.2481804722898438,0.0,0.07807867074685991,0.16678655808795176,-0.01754937898374815,-0.1850930278494699,0.2340349495999109,-0.03120759987374333,0.2379065985899702,0.11650665451280685,-0.15049571983085713,-0.14900468606114245,0.35324237960414684,0.11441534277577932,0.2729169261301417,0.20388622198781775,0.32546046985070937,0.05201547512990406,0.19151261847426657,0.21493852583289047,0.3062371214443718,0.3039825830788092,0.3541639582400485,0.3433996219338782,0.1829164898643623,0.3196512339627179,0.2723697254192888,0.23012062532683497,0.4571942454849232,0.014257920640133655,0.030626120692080996,0.007301657218210356,-0.31102727077047404,0.020734898438797382,-0.02469659231536203,0.05100752894302436,-0.02149678893959136,0.1939958731029922,0.07554072315345088,0.28327477213806107,0.24671097696446948,0.24727744824133155,0.0,0.0,0.0,0.1774240988677805,0.0,0.0,0.20959879394514105,0.0,0.2359423009130704,0.12407936482328548,0.0,0.13813869069037063,0.3662847778581233,0.19516359907158096,0.0,0.0,0.0,0.0,0.0,0.0,0.0,0.0,0.20882157082971095,0.4085537829864122,0.0,0.0,0.0,0.299897130295715,0.20288451109867825,0.17604799707314162,0.0,0.0
0.20243018811828256,0.3462364933421701,0.5006478595526184,0.07807867074685991,0.0,0.3065184700963428,0.3772822824080016,0.6478891740504742,0.23699950029971073,0.15215501805843176,0.41158004751319216,0.05068764990666229,0.24595228400565222,0.5802360977359751,0.17951715493102832,0.2480473689592254,0.16101875097295282,0.13919955286264843,0.46374087121454144,0.27129969466609,0.25594230030804216,0.37625674867509773,0.45551557534739395,0.014919530126952997,0.16532916505099843,0.2089225906803534,0.39720769392354766,0.5072434684122165,0.18502455408156934,0.2697936273550884,0.27249406225884654,0.5728731132740555,0.22981192959812052,0.32237483574333636,-0.10702077737217994,0.40021152556056316,0.30919176332419884,-0.38897323737016304,0.14009941838995843,0.2567893731494158,0.30215385749049917,0.05310615831755175,0.5694511407579923,0.19578723710197138,0.16125318668412653,0.0,0.18397557166788106,0.3447125724626422,0.0,0.2159632958291257,0.17771616782913607,0.3557568505557186,0.21558915762124445,0.17195889059356662,0.0,0.31926319680850007,0.22379313857299654,0.4068296831068922,0.24267766481535638,0.2725544662885768,0.19490755778375227,0.0,0.0,0.3478471036857301,0.2318992041705423,0.2161295973354365,0.22516037517472404,0.5442445820983572,0.0,0.21065875334329046,0.15352307129959417,0.40228801354523414,0.3879281376797238,0.3460107330012026,0.0,0.3443680656224487
0.3092409264549852,0.3161696992918262,0.5515893642901758,0.16678655808795176,0.3065184700963428,0.0,0.2218203657639611,0.3676593036937665,0.097356056340461,0.17181813107703106,0.38859374644912376,0.11347583014879517,0.18045335059310466,0.04100073999318585,0.2909685313923641,0.1828655719562772,0.22833387751435535,0.2870153135040554,0.24159461081970476,0.2775182980792094,0.2067160844359982,0.2342655588261423,0.3650732126116443,0.1109118362825725,0.31739395070394755,0.36831309343729707,0.37563329925032224,0.17966390544501942,0.10208868167798556,0.3816722014691368,0.22237656622729557,0.21040665154309263,0.2884624137985395,0.31869646802492396,0.19949973291668582,0.4732521583444914,0.17163762889980935,0.3144524682839974,0.5462554501974802,0.24473678690694098,0.6937643293988318,0.3293135771238952,0.6116717390439979,0.42399071647695685,0.2357281293832569,0.3337496056070036,0.4471243918339308,0.4724136692376817,0.3707856687534893,0.2869159263473718,0.4678926965409096,0.3050069341230114,0.4647313533436458,0.41053568901238247,0.34057677555654575,0.16840276908454938,0.24679739327093106,0.3066395198176931,0.31221464667887455,0.37542013420178966,0.3130041558679743,0.0,0.3593945733103986,0.41772131595062606,0.2929798385276501,0.1541100840981786,0.3625462161500798,0.5277205008692347,0.22590007834501707,0.2027757556224151,0.2411126105426678,0.5012491572637844,0.49507723528100855,0.3667312376849105,0.18995207030323563,0.2379325449495097
0.19821758622800964,0.26082400539526934,0.3422332495197166,-0.01754937898374815,0.3772822824080016,0.2218203657639611,0.0,-0.2757643414069162,0.2440356304978876,0.006559044298103882,0.4236754990552598,-0.029682448938322666,0.18921649258764905,0.09122161816919581,0.37390505651613415,0.2812010926288731,0.36264986396959026,0.31201216738138,0.39702459170273885,0.31813459352752244,0.03422565152467517,0.25941742070636664,0.21192075672996497,-0.045718211309952766,0.37441952413878904,0.36936607023827245,0.2677572777788287,0.1719500893652433,0.1636711274338905,0.19375379946928975,0.10178006757800998,0.34533267159415687,0.36914542961554814,0.1848072392526149,-0.0027652412665285088,0.14296090420857432,0.13981164908166122,-0.02678402994569581,0.45042988199636,0.14237931099075227,0.03573551310766235,0.19423354860619385,0.16711978390627366,0.4729545701069404,0.33638958115301154,0.0,0.30488730017905624,0.26486118279293586,0.0,0.22621397220825162,0.4413869114657838,0.44221101617534686,0.2764549065455224,0.26279833242257183,0.34470636601439986,0.27466165612921534,0.2901002884300241,0.3676456142590854,0.513053671782183,0.2797388177138166,0.28965035886677887,0.0,0.22394828683830192,0.2928231667101503,0.3837335036240069,0.24058311045528522,0.30492186129226695,0.3049724748241413,0.2087821592766456,0.33266766290268013,0.29943470343842143,0.18872618009552677,0.25265576962985486,0.42044698139647224,0.317568274939922,0.4219090325985535
0.30668961853786403,0.26702662333840754,0.6452666057230073,-0.1850930278494699,0.6478891740504742,0.3676593036937665,-0.2757643414069162,0.0,0.3926980739320427,-0.0317212676748441,0.22083733715641748,-0.01496602016201729,0.0033833335985268415,0.3677015254153188,0.0813792466808103,0.3102398061878946,0.21443156552090464,0.024866284366147885,0.47308035763494904,0.4354215392378218,0.3471588242611311,0.30121126503697515,0.3592709804162122,0.07746702167068217,-0.03168989103367989,0.039888947142209925,0.40015372138848776,0.1970346784232464,0.047517587483644645,0.34654410196769636,0.36832864507734475,0.29118988689823777,0.28103057823480404,0.25018618050799535,-0.34306480618009527,0.0989211160746617,0.09769428403341412,0.008553453598043603,0.4064237276679764,0.2370956539696962,0.2967108727847443,0.3002655665668398,0.40897641307702937,0.3159212903266615,0.0,0.39351822644532697,0.14560622573448098,0.4780878322635204,0.0,0.38854839869393404,0.3409504172709702,0.48255242603368226,0.20261852276696063,0.4197225293962358,0.27806793188578205,0.3748511092069272,0.4035479928815436,0.3402595689711046,0.3820182626393779,0.263896116305302,0.17713060017054827,0.0,0.23307717424293473,0.5143628563835939,0.3107928335803824,0.10610638174102636,0.35101465487675454,0.5141033550220235,0.0,0.27080056664676677,0.20118602065606764,0.4574735846074243,0.37090207959752297,0.2709948490618801,0.29728387176791427,0.4330297054905327
0.3049438242901049,0.20378045773713635,0.3671317136896313,0.2340349495999109,0.23699950029971073,0.097356056340461,0.2440356304978876,0.3926980739320427,0.0,0.3295683378503514,0.1303020276427304,0.19603258699961595,0.3703554833147262,0.22576486406240973,0.318522885531376,0.2047701260263722,0.3684276021603816,0.25052728314679806,0.14689989285750618,0.21690826222863252,0.26088442733659895,0.21709862042276756,0.36940525590901974,0.1794873529229487,0.20842077297307637,0.03261772029713925,0.35633888104489886,0.20404761755939496,0.2100247664549046,0.3398230862666309,0.21094897391904305,0.24167349854136363,0.07806704409742996,0.2377675782538121,0.01872647279182573,0.45512620979267626,0.20656193549154714,0.12958545840490776,0.35400522582217553,0.2377904968282309,0.3394920473571961,0.30440584674475407,0.3379077153235937,0.3946531191016149,0.40391134113033017,0.0,0.2558937733828327,0.34005163982767445,0.20917702482454106,0.19952114678730717,0.23972574000210267,0.17410004117702899,0.2790766350739345,0.46337114041099625,0.11807127693402075,0.41456194042258737,0.22565332263544277,0.34546785907720035,0.6446737666950269,0.24091298436886996,0.32703524506408554,0.0,0.0,0.38293567211855806,0.09768384869257969,0.329418658481357,0.18126702908782966,0.3072087283055414,0.16456976620938663,0.2293622207610033,0.09903280699294326,0.3116155587471213,0.3473182165390137,0.5139749571294507,0.272046019691539,0.3441934304039436
-0.09166918330524272,0.22111653306571336,-0.14991043287792605,-0.03120759987374333,0.15215501805843176,0.17181813107703106,0.006559044298103882,-0.0317212676748441,0.3295683378503514,0.0,0.33766039314475355,0.03132316684647747,-0.03833571656518952,0.5040697196456155,0.21845688127852314,-0.30643729892747423,-0.16394518756962204,-0.24822140072984583,0.2817456198439407,0.4721978371922798,-0.3274271594317487,0.2656820816130156,0.02511835665919026,-0.01892978381103939,0.16329422622355091,0.16007795374828646,0.060724795094228554,0.0051681492977999404,0.08876091524810752,0.3070519362203538,0.008425783635335806,0.16758307398584918,-0.3159464777006935,-0.20462899698916676,-0.028094738129631328,0.34149865290769504,0.030052043204417365,-0.29991873385118445,0.012202993976088594,-0.08123476401397531,0.3012267297482564,0.12036973836378176,0.2618556419636353,0.1994212287152491,0.043906655161398835,0.46175171615973015,-0.05531482959320837,0.18444667243211163,0.18483662774980386,0.2019831881034097,0.3528900674161771,0.23979591567740496,0.2318561055326619,0.28699021775763484,0.1983857565188774,0.21167106695954607,0.2660424619792864,0.03979023115299739,0.0,0.24282192707656536,0.05434177904427945,-0.27887442599929724,-0.38246461723689273,0.20436042499472815,0.20361337563574772,0.3027566769682264,0.13481737653958006,0.3098447204942476,0.28055655099959503,-0.25429560198605294,0.01742377706975831,0.19929883094763245,0.29889943969162264,0.1895414525519595,0.0,0.08167649395271366
0.32238049325426543,0.03129369110696173,0.5793255156624654,0.2379065985899702,0.41158004751319216,0.38859374644912376,0.4236754990552598,0.22083733715641748,0.1303020276427304,0.33766039314475355,0.0,0.23930836746644896,0.3047689644724872,0.6655620373415854,0.0,0.21938139876937857,0.20523230244107998,0.27588206399528936,0.5430452686040146,0.19418234202871082,0.34450402371370276,0.10273244974252238,0.5358527386320769,0.2630162538121119,0.1974643113470717,0.22405051352327326,0.47453055187330256,0.3586150872397828,-0.0018186100749076062,0.3516441194039561,0.241098239775566,0.5011150383259937,0.35974352536015197,0.3738557025506367,0.119574252543589,0.4435987099537632,0.23137102748040778,0.2506787919745864,0.14935382987505974,0.1453274754691401,0.3399999862278527,0.27967450987104076,0.15370906770481152,0.4461096125552536,0.19101771144616655,0.0,0.0,0.5273814405418258,0.23583851316123236,0.4450055968542195,0.14731277017886013,0.23918383370806306,0.424827479208072,0.45650237794521903,0.2160358937524412,0.658512853585391,0.21482494443439484,0.22600302137198647,0.41606977032632775,0.0,0.0,0.0,0.0,0.6678932932499905,0.15983166847900135,0.0,0.20332843410885476,0.393975072296769,0.0,0.0,0.400953231215529,0.051207713363140984,0.20490765838705818,0.0419680003499603,0.0,0.43873456139736833
0.10785095789379824,0.22829013036419804,0.3140552148172944,0.11650665451280685,0.05068764990666229,0.11347583014879517,-0.029682448938322666,-0.01496602016201729,0.19603258699961595,0.03132316684647747,0.23930836746644896,0.0,0.02315663503907834,0.29864308222887326,0.05981674144752828,0.24633287671638857,0.013917433192412372,0.07879685772956976,0.34754392864962663,0.35358814926646065,0.2916568848288836,0.1483798453341521,0.06959615931991973,0.1995045317640139,0.09094265151493089,0.318867349872727,0.2390127766793481,-0.05010635893536158,0.3888917180345264,0.29260728818437703,-0.11794702611970123,0.29372288637493604,0.29156296191892317,-0.2207432330203163,-0.25201563379740055,0.4083014148388343,-0.10494930150571402,-0.15905509513850596,0.3250283602912571,0.09280395851528953,0.2262756891798296,0.1615157901773775,0.16177681346828338,0.3046463620244624,0.2796838373591355,0.30640709030417246,-0.04459755169866354,0.15519676070425634,0.18970732361222098,0.09749192733645151,0.25436923619658547,0.319956184602758,0.14742275195500262,0.40180467223240274,0.2362184377739916,0.18283900697491026,0.35407500404095943,0.4123825720955221,0.21517441681812938,0.2262648403855984,-0.04079708958367132,-0.2780741282709108,-0.3054646284275329,0.21010505811777783,0.2868717775845924,0.2929873759900465,0.2921614196317653,0.22141069270285935,0.27481041806848294,-0.16359399292661503,0.10810655664346185,0.18994152825479282,0.3456516155559637,0.29006080142914487,0.0,0.11140561738313648
0.3575257973306464,0.27696546911004294,0.2943641285056701,-0.15049571983085713,0.24595228400565222,0.18045335059310466,0.18921649258764905,0.0033833335985268415,0.3703554833147262,-0.03833571656518952,0.3047689644724872,0.02315663503907834,0.0,0.0013670040105821513,0.4635766013201295,0.2712032236158755,-0.005350603475285128,0.1677148482539836,0.27339891808884315,0.4345126134827193,0.16025362363757178,0.2800680755268926,0.2148091774458556,0.021385982523223275,0.4175820657120454,0.23051023264012327,0.22008876650750958,0.1340763490461919,0.2559430869410656,0.3323318984355475,0.06791466425572198,0.26617919129476414,0.29958299492330054,0.08646874839528024,-0.003995665783515918,0.015592801816662873,0.047203594503592836,-0.360231870466162,-0.4908648783250228,0.11286389049974772,0.11502489563602154,0.29213701756700416,0.30347851517140423,0.48487167005256915,0.3185308760244886,0.37275389499900285,0.3363704723430581,0.4063341328907868,0.0,0.410596483630951,0.259423950653863,0.4074957981794224,0.2395123756137046,0.3626165784933196,0.2003052548512824,0.21678452466249173,0.11366814167445155,0.38316895629382614,0.4674088292766677,0.3088500774038919,0.21897621630871422,0.254211757332164,0.24301864701902365,0.4012863136306368,0.2854263217736896,0.39269878474185055,0.36269969517093426,0.36843426950182845,0.21933193786875946,0.37247420790208835,0.2530147290596507,0.4121871907050624,0.28442184351496236,0.30472752547716214,0.2554695490110933,0.36572875392906573
0.34700003402853963,0.23535627612181673,0.515029183229983,-0.14900468606114245,0.5802360977359751,0.04100073999318585,0.09122161816919581,0.3677015254153188,0.22576486406240973,0.5040697196456155,0.6655620373415854,0.29864308222887326,0.0013670040105821513,0.0,0.32613519310241196,0.21447219249448157,0.20272197588527946,0.2210834606366167,0.4400719003978408,0.08288789817933215,0.2993195607410225,0.14572946733534173,0.4433729854486277,0.38488610724269245,-0.0034120004079714345,0.3230202303431592,0.30800129712375357,-0.025982776816297588,0.08070974509768883,0.3034700339252874,0.0497785777658044,0.029969636245017958,0.1389261879878244,0.40650371531356416,0.2585518546390092,0.13688811120603406,-0.010383419076827965,0.06349585227587966,0.3839470849177243,0.0,0.6443601014054537,0.24572967899731518,0.5084297659626777,0.18351486885566579,0.0,0.0,0.0,0.3606610552873053,0.0,0.27590815126984597,0.15703113118408757,0.005493357784464893,0.3851271943897605,0.2134674217777234,0.0,0.539964055759778,0.16087596531621415,0.40282887609039125,0.312424849366128,0.0,0.0,0.0,0.0,0.3275430944761444,0.0,0.0,0.0,0.30870311827613,0.0,0.0,0.0,0.18240610675140304,0.39643131794363184,0.0,0.0,0.0
0.41311939602318676,0.4030050179096903,0.08459702480167641,0.35324237960414684,0.17951715493102832,0.2909685313923641,0.37390505651613415,0.0813792466808103,0.318522885531376,0.21845688127852314,0.0,0.05981674144752828,0.4635766013201295,0.32613519310241196,0.0,0.19645924991448055,0.23723066021755096,0.16487887999314688,0.0,0.18337981617247287,0.2755059834920982,0.2612395863567221,0.32567707005824587,0.2547526160438635,0.07278751847208474,0.4309855409000891,0.2100106754568215,0.4580534929857372,0.2436137723424366,0.330791296161615,0.43119657942373185,0.5588097550335762,0.47400033971822886,0.4157961583588422,0.48098725099965645,0.5415132798212922,0.20479117017570567,0.16682929941683813,0.2420160223718709,-0.04669213652150092,0.38037942228673716,0.4991216395113672,0.07202366702799126,0.18944423307052036,0.0,-0.35888958722104014,0.4007035613687442,0.2539657273545231,0.0,0.0,-0.015169401995406846,0.4565325416831402,0.30701400215184504,0.19089343005244525,0.0,0.0,0.29868282820939396,0.17474650405920691,0.20861443743492378,0.3649143421814415,0.21582754968041568,0.2433787491606364,0.34912475172719604,0.0,0.45874182624436044,0.20367631361754662,0.49568034897375324,0.33963123645658283,0.20069974064706467,0.16582789857807703,0.3008696377368625,0.32213612176405265,0.46091318668024617,0.34659175369083317,0.058910668775765944,0.18210976247934188
-0.08203549426334486,0.03147878080499721,0.35883860166868997,0.11441534277577932,0.2480473689592254,0.1828655719562772,0.2812010926288731,0.3102398061878946,0.2047701260263722,-0.30643729892747423,0.21938139876937857,0.24633287671638857,0.2712032236158755,0.21447219249448157,0.19645924991448055,0.0,-0.26269277674696323,-0.514956356898809,0.23091776808419368,0.18477837973127437,0.1313555157920212,-0.3265447581682507,0.116663043261309,-0.6589369382029424,-0.5155209475612881,0.22493889695327418,0.09015604113697887,0.22402564140526487,0.23819678647931444,0.17817875340010264,-0.12567179843034965,-0.1613897322356307,-0.1731362632620816,0.008021553580924354,-0.029029834763690202,0.13975725517161788,0.2731262713907364,0.21868877278709573,0.3362273755460895,-0.32407001039320854,-0.027033221252556645,0.3070465350733307,0.2052035787574501,0.0,0.0,-0.04820706631330481,0.09589654177018862,0.0,0.0,0.0,0.29565992476124714,0.20102669063220927,0.28979748196962063,0.0,0.1328072539875157,0.0,0.16723295909653274,0.3969542961673053,0.0,0.4312546460753104,-0.19121621771459507,0.02815068046301796,-0.30719028179012997,0.0,0.07098057210029268,0.2113749908687809,0.11996206343288034,0.36783437505325234,-0.033391163939275215,-0.2992276261018757,0.0032258466996250568,0.3492814571788343,0.28955909223685905,0.1173526895417197,0.0,0.2955760481049493
-0.23274091688079224,0.4852432145376922,0.3552673442400988,0.2729169261301417,0.16101875097295282,0.22833387751435535,0.36264986396959026,0.21443156552090464,0.3684276021603816,-0.16394518756962204,0.20523230244107998,0.013917433192412372,-0.005350603475285128,0.20272197588527946,0.23723066021755096,-0.26269277674696323,0.0,-0.45660589745308977,0.15865070431515058,0.32790991962248367,-0.37407096224480296,0.5404195629554321,0.302296475892076,0.08916292915320535,-0.16661318919528298,-0.10303217702750406,0.14275895674905303,-0.4489619127959424,0.33032961388351206,0.1634873236649769,-0.15558710561043124,0.16617386449454608,-0.07204939224117404,-0.04299422518017826,-0.01923995299641166,0.12076491032711066,0.15279810206350375,-0.2558122456885319,-0.026998970855890085,-0.0984587608580165,0.1127487208743321,0.2733119226582084,0.0,0.0,-0.11342622322546264,0.11355396082106856,-0.02618109637496291,0.0,0.0,0.0,0.0,0.0,0.0,0.0,0.13752822060824005,0.0,0.13165727141610142,0.3556446744929871,0.0,0.23943188757113643,0.15295899138026126,-0.16968351555317773,-0.2733559856653214,0.0,0.0,0.0,0.14832576120970004,0.0,0.012371502765720691,-0.12244099109296448,-0.07932394330829079,0.0,0.2932419169939585,0.20802489994816917,0.0,0.1679484281731923
-0.33947372319925834,0.05453269894413094,0.011298706244166904,0.20388622198781775,0.13919955286264843,0.2870153135040554,0.31201216738138,0.024866284366147885,0.25052728314679806,-0.24822140072984583,0.27588206399528936,0.07879685772956976,0.1677148482539836,0.2210834606366167,0.16487887999314688,-0.514956356898809,-0.45660589745308977,0.0,0.13834335911019552,0.18413407612430616,-0.31103358786974344,0.08640949352889796,0.09238238410430454,-0.1002920781753034,-0.4567918933387921,-0.1082084410810672,0.19805307716370107,-0.05490885203225082,0.20026934463444349,0.24384756030392565,-0.32169663672085913,-0.13826028649883254,-0.21594208369235837,-0.11563940452785447,-0.1801549317167641,0.28866301026846447,0.1737380134894339,-0.16342662640771488,0.1075675092281444,-0.22714646303346275,-0.033454143463075764,-0.24324737300535293,0.0,0.0,0.16512868438063297,-0.14803686507113367,0.08872862617896636,0.0,0.0,0.0,0.27310422672075274,0.22712141258754295,0.25784350792453964,0.0,0.3226648807926521,0.0,0.24427646270662415,0.30899440563976066,0.0,0.4412197103336327,-0.2950695071869248,-0.016921041369422324,-0.18176961708859868,0.0,0.20249016261856326,0.27498518401416283,-0.04856443902324432,0.20336087087239163,-0.03873630809315731,-0.19118287195128633,-0.042677290702092086,0.3863345747121504,0.3444227121270853,0.19999642993118863,0.0,0.17599150393431706
0.0,0.20417265035031357,0.5374445837447535,0.32546046985070937,0.46374087121454144,0.24159461081970476,0.39702459170273885,0.47308035763494904,0.14689989285750618,0.2817456198439407,0.5430452686040146,0.34754392864962663,0.27339891808884315,0.4400719003978408,0.0,0.23091776808419368,0.15865070431515058,0.13834335911019552,0.0,0.2265483793730135,0.20564420453496252,0.21855011215669287,0.3572057340075719,0.3839153548359861,0.12490899448625908,0.23090671991358586,0.33997786806176605,0.3051565594725665,0.17611231340105388,0.39328382292021896,0.22170649979210255,0.3896679568010343,0.4336474076025543,0.253357071210514,0.08757380809798626,0.448737439174154,0.25089358448330207,0.3484812742643495,0.6427344488843768,0.1922840066459116,0.28012412711605855,0.1970583648259629,0.6544577079366287,0.2836434274016215,-0.03355422399489465,0.0,0.0,0.4824723718061378,0.0,0.28075351158410583,0.3211296974107245,0.3071244677646326,0.4094878003426306,0.3994433717704798,0.25961454581604365,0.4589879157077405,0.39373493154539635,0.3896743505748709,0.44381754176776145,0.0,0.0,0.0,0.0,0.4634539939377615,0.2370876680924248,0.0,0.2428668704985388,0.37544596123203106,0.0,0.0,0.0,0.3562639083512367,0.15718944544234273,0.4411241605901906,0.2414143592464416,0.2090668222096532
0.7893348945757154,0.10660000766043015,0.22254905503297795,0.05201547512990406,0.27129969466609,0.2775182980792094,0.31813459352752244,0.4354215392378218,0.21690826222863252,0.4721978371922798,0.19418234202871082,0.35358814926646065,0.4345126134827193,0.08288789817933215,0.18337981617247287,0.18477837973127437,0.32790991962248367,0.18413407612430616,0.2265483793730135,0.0,0.4513371404245171,0.19022965315634227,0.14852187057170596,0.13947519518685897,0.2251487620377482,0.5161390893260381,0.26010410570964315,0.368514569530808,0.41098513144143267,0.2560615681058784,0.3113119848427957,0.4874923887046688,0.3103864423512592,0.5195768732410185,0.3840442024660557,0.5889935742743522,0.28818065837278545,-0.010708807931999763,0.21565024567564683,0.4337512698931159,0.685613997981882,0.5500893957795421,0.13832449617464046,0.15528379561479333,0.134176844807651,0.3872922210072145,0.19813667480863814,0.23423485047742532,0.0,0.0,0.5546607850283163,0.3137989981502594,0.317326058750356,0.20764494118802493,0.3483249195988358,0.0,0.3805119107075408,0.4291433963551786,0.0,0.44381829906998255,0.319896537163161,0.2040116892339015,0.31132834252019875,0.0,0.4875024024136218,0.43647056168729964,0.5257189122923408,0.3483183051859337,0.0,0.16003159418899243,0.21655368230493893,0.3363841025275999,0.3603957920653717,0.4423026579288701,0.6688612360468792,0.7078864887862237
0.3736069432473553,0.1870398778401938,0.28356279204071116,0.19151261847426657,0.25594230030804216,0.2067160844359982,0.03422565152467517,0.3471588242611311,0.26088442733659895,-0.3274271594317487,0.34450402371370276,0.2916568848288836,0.16025362363757178,0.2993195607410225,0.2755059834920982,0.1313555157920212,-0.37407096224480296,-0.31103358786974344,0.20564420453496252,0.4513371404245171,0.0,0.3190328667750847,0.29363530416225436,0.0947370553987126,-0.11702477344676572,0.18963607395396959,0.25350060355726806,0.27614716739429224,0.1818221611431033,0.13402311801074476,0.17991622867064294,0.28116084068246827,0.23550879064393715,0.22679987922940645,-0.13983169090044695,0.21243152863913536,0.2259611875289591,0.4551823715100702,0.2941959649079375,-0.04345460302746915,0.07627436352152943,0.21212767080860967,0.1819532003060014,0.0,0.0,0.4930283186840766,0.20490727395231945,0.247107930639129,0.0,0.0,0.02463628445528169,0.3555942538040649,0.2528493543411092,0.3109301774284982,0.4768968713718305,0.0,0.3292937920027757,0.14593720174017602,0.0,0.2746486561276643,0.26003750316712376,0.0,-0.17969227827860368,0.0,0.30702757740066655,-0.17337999501110618,0.43219314769519823,0.13894225256098125,0.27883022510711564,0.1091255524224599,0.1977058672953588,0.18166660638589954,0.3236386403928555,0.07608635084645768,0.09624403342517109,0.32235890294632974
0.5182637844700735,0.126021753379667,0.07685912525353711,0.21493852583289047,0.37625674867509773,0.2342655588261423,0.25941742070636664,0.30121126503697515,0.21709862042276756,0.2656820816130156,0.10273244974252238,0.1483798453341521,0.2800680755268926,0.14572946733534173,0.2612395863567221,-0.3265447581682507,0.5404195629554321,0.08640949352889796,0.21855011215669287,0.19022965315634227,0.3190328667750847,0.0,0.4813465893400027,0.08612100759710373,0.02074287881205071,0.4639195542336112,0.19120166546279077,0.2941803515969058,0.20995287215788536,0.2897919212974479,0.3670466160929869,0.5696607207374238,0.25721572757031047,0.4645477510849209,0.44872499589975257,0.5997871049588205,0.48427000765247785,0.03774990767533743,0.07976422098384842,-0.22477925657663606,0.26139327816962254,0.4979255458589691,0.08927501012949221,0.13260073075079268,0.1767505058543307,0.2264476097475169,0.10309878501394797,0.28136774085414845,0.20755586796186834,0.19651239627224756,-0.12330273171466237,0.2540504538425744,0.5807950697603808,0.2961810801033263,0.27108996848756817,0.0,0.34591409222965075,0.3258810908745615,0.0,0.36989391632838475,-0.17705851832607253,-0.09991830553765532,0.11472454610971627,0.0,0.4543310752866376,0.325645143910835,0.5649961945973019,0.40450610003821486,0.43901759317983835,-0.12481796563227418,0.1351435426455969,0.40954165763621,0.4815324968873862,0.49490916642561594,0.11805926379824103,0.1496124910033763
0.3645016245505299,0.18219982379949198,0.5522257960197924,0.3062371214443718,0.45551557534739395,0.3650732126116443,0.21192075672996497,0.3592709804162122,0.36940525590901974,0.02511835665919026,0.5358527386320769,0.06959615931991973,0.2148091774458556,0.4433729854486277,0.32567707005824587,0.116663043261309,0.302296475892076,0.09238238410430454,0.3572057340075719,0.14852187057170596,0.29363530416225436,0.4813465893400027,0.0,0.13764361657589652,0.12190383353118865,0.30931171069858915,0.08347277607571091,0.2407800649975854,0.1190124086998009,0.2401764892705239,0.3169827279464687,0.303414590043084,0.2841322592146237,0.3720263440768198,0.19247422245937215,0.5858011732904045,0.2666426722128431,0.2897751894916023,0.4530505503666468,0.21133812580911077,0.47853874239705946,0.4213691063484842,0.4910725631711482,0.6033979634540764,0.16529712610594827,0.33806281388283776,0.3666748932745924,0.4560518535066928,0.23518153573635736,0.2521521446175411,0.4081552379586503,0.3608681380468828,0.3663809455913249,0.41837860943912936,0.32816932008550015,0.491577452819949,-0.03164079788999344,0.3897358278210954,0.29395679686471615,0.28714385993150426,0.3661735653109049,0.20361337563574705,0.19103944752759422,0.39045978637448847,0.3471057298644082,0.15417102118731063,0.43287184574162274,0.4244767738253302,0.15417061838036386,0.3725882166010357,0.337415690980351,0.33021927927856237,0.37516934222723564,0.27983186951249495,0.4356696146009837,0.471793477058358
0.2864696020735279,0.24015348864086394,0.30282746578233427,0.3039825830788092,0.014919530126952997,0.1109118362825725,-0.045718211309952766,0.07746702167068217,0.1794873529229487,-0.01892978381103939,0.2630162538121119,0.1995045317640139,0.021385982523223275,0.38488610724269245,0.2547526160438635,-0.6589369382029424,0.08916292915320535,-0.1002920781753034,0.3839153548359861,0.13947519518685897,0.0947370553987126,0.08612100759710373,0.13764361657589652,0.0,0.19992905950525006,0.23342969984659787,0.14821746768761423,0.11756062314761132,0.47101431650993436,0.38400048894298977,-0.21024895724785644,0.2316578667131701,-0.012498700356080777,-0.18566278716150694,0.13698715752298213,0.15972422237506917,0.1364995158035136,-0.013563697257047598,0.4766040155397042,0.03362702106313217,0.28846195000000163,0.13446968236276613,0.30250467608436105,0.1960283654649534,-0.06876984229976585,0.016757420812323336,0.118014905240935,0.0,0.0,0.1990398174246912,0.24169734062759646,0.1578264354140908,0.0,0.14981387188378525,0.33884372516674854,0.22458182860316223,0.316687956258318,0.06538503230523594,0.0,0.14832924730460664,-0.019930744548168088,0.1658682457994272,0.08459054611298103,0.21528689433831666,0.14636559185983936,0.30252803971243974,0.3044775678613117,0.24862204111788813,0.4725983867717447,0.3173566159849802,0.4018533118115075,0.18562745010255868,0.32981435738356646,-0.021167818036187974,0.0,-0.018342367659327473
-0.16173340347143506,0.08380761116735577,0.14442849745443173,0.3541639582400485,0.16532916505099843,0.31739395070394755,0.37441952413878904,-0.03168989103367989,0.20842077297307637,0.16329422622355091,0.1974643113470717,0.09094265151493089,0.4175820657120454,-0.0034120004079714345,0.07278751847208474,-0.5155209475612881,-0.16661318919528298,-0.4567918933387921,0.12490899448625908,0.2251487620377482,-0.11702477344676572,0.02074287881205071,0.12190383353118865,0.19992905950525006,0.0,0.0461657754194678,0.19426907447881395,0.1014164092619952,0.3410805663813507,0.22785646965054862,-0.030216500836259038,0.08616532910850576,0.09519221582037139,0.18783041574478243,0.0647575647490355,0.222830851948,0.2453670228607885,-0.1670897716660171,0.22191499685713867,-0.13750290693981201,0.021194948818988972,0.08990635650688474,-0.06587981126057263,0.0,0.6307328168191473,-0.09789533697652895,0.13707049924133757,0.0,0.0,0.0,0.306902697682213,0.0991043726103058,0.3873896796710286,0.19210043024079604,0.26557006298463215,0.18958480257162025,0.3409507477255764,0.2689013677529797,0.0,0.2894191063142832,-0.23545359810966587,-0.01462248163153234,-0.20119529997815044,0.0,0.18255329995319522,0.3585663714696136,0.0008996732970757981,0.33628765951740536,0.14847906293342694,-0.15422554022966106,-0.03485121343721777,0.2592305629774991,0.1307817243330191,0.10878795523666991,0.0,0.07231073325531384
0.16279175937199436,0.17788491064650003,0.29425459888926336,0.3433996219338782,0.2089225906803534,0.36831309343729707,0.36936607023827245,0.039888947142209925,0.03261772029713925,0.16007795374828646,0.22405051352327326,0.318867349872727,0.23051023264012327,0.3230202303431592,0.4309855409000891,0.22493889695327418,-0.10303217702750406,-0.1082084410810672,0.23090671991358586,0.5161390893260381,0.18963607395396959,0.4639195542336112,0.30931171069858915,0.23342969984659787,0.0461657754194678,0.0,0.36822755302273336,0.12287417484415794,0.510149330150673,0.2093659002189871,0.16365495301342506,0.3728543172018345,0.08738997823666383,0.25025805579494825,0.13904443206359407,0.09260975765663089,0.3018341545667819,-0.07635310719572383,0.3248773553017634,-0.24235838842959254,-0.1181089207585532,0.07641111831544883,0.05766717746536162,0.2169938882998555,0.4441693082992222,0.002222839712554614,0.22453335993414117,0.2936703297431085,0.0,-0.026791294540090296,0.12947882053256812,0.284599672607326,0.3544804102228655,0.23362245056941516,0.20331649615090788,0.0,0.3121840729986011,0.4467372345364431,0.0,0.4384323563277652,-0.005910902711323031,-0.09696393889344476,-0.216681693528976,0.0,0.36279463510467724,0.3732626497563766,0.4633755380077011,0.35910109674811014,0.22220209644001898,-0.10862098883325683,0.14037025657443497,0.26871838656232044,-0.01880993745598558,0.22312438386452554,0.19091827600725342,0.07063158764121538
0.3976102574046906,0.20207634315638012,0.46261268999890787,0.1829164898643623,0.39720769392354766,0.37563329925032224,0.2677572777788287,0.40015372138848776,0.35633888104489886,0.060724795094228554,0.47453055187330256,0.2390127766793481,0.22008876650750958,0.30800129712375357,0.2100106754568215,0.09015604113697887,0.14275895674905303,0.19805307716370107,0.33997786806176605,0.26010410570964315,0.25350060355726806,0.19120166546279077,0.08347277607571091,0.14821746768761423,0.19426907447881395,0.36822755302273336,0.0,0.21516539289083783,0.14246263714263516,0.19606870213854086,0.2776026041173805,0.2471043694266674,0.17199321457591613,0.3522873255995086,0.19699090443984935,0.38017877409427786,0.28005101361609797,0.281082624434928,0.37982298166251205,0.20731015269827258,0.45270228965348674,0.3793491613124772,0.3651278542933696,0.32140834053102857,0.2605721729764273,0.3931783781024418,0.33847879820311744,0.39717092175622104,0.2216811093721553,0.30742555869860555,0.3872849344104935,0.2944749358557488,0.24592629815394562,0.3405539069992499,0.2447950050581357,0.38397682248662957,0.1452028181653498,0.40012413693954596,0.629125262527586,0.2286578221598224,0.3034542627217888,0.0,0.15087231706018486,0.38452779475834586,0.28630006948342746,0.11814597012469658,0.2991154589123201,0.31547579089299504,0.0,0.20098267207883563,0.25854031311008324,0.2853788593065816,0.34554345216580484,0.24850691372763128,0.30234857696899087,0.4055510781048609
0.3633603356116889,0.1933140620559207,0.34387805761051105,0.3196512339627179,0.5072434684122165,0.17966390544501942,0.1719500893652433,0.1970346784232464,0.20404761755939496,0.0051681492977999404,0.3586150872397828,-0.05010635893536158,0.1340763490461919,-0.025982776816297588,0.4580534929857372,0.22402564140526487,-0.4489619127959424,-0.05490885203225082,0.3051565594725665,0.368514569530808,0.27614716739429224,0.2941803515969058,0.2407800649975854,0.11756062314761132,0.1014164092619952,0.12287417484415794,0.21516539289083783,0.0,0.24694382880432292,0.009746428115343604,0.2524204351984958,0.161670826397469,0.17417157461489371,0.20913306320039624,0.05161532349849361,0.5359778942944848,0.21109576848387004,-0.124961752579073,-0.12963413037776972,0.15092052194916625,-0.24986736537155918,0.18953932271070112,0.3531387104094646,0.17731370314049777,0.47688424567635485,0.3686712696921482,0.30492091717339903,0.3267538483160611,0.0,0.3896851109150724,0.5777170154875206,0.38633338227822367,0.3667520154658165,0.38771993314844266,0.2744222857258889,0.35567313045032517,0.1290529724426874,0.3918293637137476,0.15537520276001343,0.2709263291511564,0.33700856504195326,0.14638920509785866,0.37754400227289453,0.3841669858498312,0.4248548105719529,0.21260684345041522,0.4131242880993252,0.44264961322917173,0.3208990637362592,0.14839112583827027,0.16864728199754137,0.4470316425699853,0.5635222153577083,0.4362154934959852,0.428773004078906,0.332247744171669
0.27869379775466074,0.2130978221537534,0.302343838888797,0.2723697254192888,0.18502455408156934,0.10208868167798556,0.1636711274338905,0.047517587483644645,0.2100247664549046,0.08876091524810752,-0.0018186100749076062,0.3888917180345264,0.2559430869410656,0.08070974509768883,0.2436137723424366,0.23819678647931444,0.33032961388351206,0.20026934463444349,0.17611231340105388,0.41098513144143267,0.1818221611431033,0.20995287215788536,0.1190124086998009,0.47101431650993436,0.3410805663813507,0.510149330150673,0.14246263714263516,0.24694382880432292,0.0,0.23058008864261784,0.33063471774380465,0.29287715016369226,0.2676273287497724,0.5521088947505425,0.23877634655715757,0.41004015096471264,0.22355706879076423,0.3451033463941382,0.35839953440324235,0.3088199888511712,0.26076553236023664,0.2093167912760415,-0.08447212484830416,0.3460122458725035,0.26884073221954785,0.3920214287985802,0.42665536777929114,0.3765492901746205,0.20783855682944263,0.2814257283611941,0.21164926893383026,0.2627086481507501,0.12728931474754385,0.3960971342841056,0.43396703108670415,0.031959181946343854,0.10130102412606104,0.23650071181659993,0.21271847117116302,0.2551624204273414,0.38453147962067263,0.20602410086139167,0.18560562272642522,0.31918848501986086,0.41212652376601866,0.06154414683838145,0.3432246044918795,0.20780626177838696,0.21080503004176637,0.21404875872522672,0.3502193701199612,0.1747475188895798,0.23656478370726444,0.2589123287221948,0.3110808224122748,0.19886405357561387
