0.0,0.0040476346027540355,0.04028228518563287,0.0,0.008598043788315635,0.036061289280180486,0.030933826255691854,-0.024454546179500825,0.020794714081069254,0.01757754625447361,0.02412921751555791,0.021393231485844044,0.03964178662130596,0.029468878029944023,0.02653623452688708,0.032998164326721424,0.009186848584018692,0.03125388281604641,0.0,0.032166125721743655,-0.028615160542702578,0.022115026597180842,0.02099627792962122,0.027337058011228987,0.014720476167913277,0.039731010869507866,0.0435386213747187,0.024070271103329544,0.03884635697608174,0.026954819458657353,0.030765202720083484,-0.004633246497010524,0.02020204239307627,0.011048954282421808,-0.027580306571308,0.026613951702180005,-2.4460153059402412e-05,0.04450909088877847,0.039466643286047154,-0.026747219315093385,0.023453794318132992,0.0242282548218139,-6.39322859649627e-05,0.0,0.015446490360052967,0.018360779413393924,0.01660273482753094,0.0,0.0,0.0,0.035826369287866144,1.1102230246251565e-16,0.04403968397443003,0.0,0.06052973119328503,0.0,0.07375462917487313,0.009383535891059835,0.0,0.01921673099211496,0.021264302999608353,0.020192785180044137,0.006966616078404597,0.0,0.014218988478888361,-0.021978227275057882,0.034233905445858026,0.029605848310096883,0.06207988036575168,0.014998803071426203,0.01700954106156294,0.03370634454821714,-4.202005233494566e-05,0.03264610130447404,0.0,0.027721380547916563
0.0040476346027540355,0.0,0.07968157279285626,0.00012745439063899244,0.04153060900764688,0.06896207955719785,0.048611036159435905,-0.006658473775939311,0.05573583279217503,0.01868791602646097,0.0167111485350539,0.02790756000627992,0.051543737574159365,0.009039822920992091,0.028984110908759242,0.0058269610649214765,-0.027990948496231016,0.02964838392696567,0.007740837522985877,0.049649514520635096,0.027525011109763575,0.022847602748247875,0.04043947695084538,0.011065524139037164,0.00335224288880015,0.0245615484968989,0.05638152548226555,0.03679919963677747,0.05635928401471452,0.02872966547327105,0.03810209470728765,0.0054726943734859645,0.00684309701955943,0.030214457874189415,0.01333701067524612,0.018396519516143572,-0.0006157248646294078,0.0,0.027068830111821873,-0.009923443434152857,0.028098955102634493,0.01889251932018504,0.004520975093952273,0.0,2.220446049250313e-16,0.013983265856017502,0.015463173893380422,-0.00011392312712893427,0.0,0.0,0.04679861521408163,0.02621832363998222,0.020430885011902156,0.00841591111815787,-0.0005249081556460422,0.0,0.020406960380268457,0.019277337973314546,0.0,0.030217831778256266,0.008133025907250013,0.003675641113248862,-0.0010300487103253042,0.0,0.010461760176583845,0.02847302715306821,0.03133204544200835,0.04805293166652136,0.04356426138837233,-0.011518080703611155,0.026058370359293925,0.04576246610318768,0.02155798539829945,0.009156147572209672,-1.1102230246251565e-16,0.03435412486910938
0.04028228518563287,0.07968157279285626,0.0,0.04119468374384572,0.08794316932602547,0.060760773033666005,0.06719960369371103,0.081365074669144,0.1121866099408354,0.06030007964558898,0.08934407988858589,0.030110998165928604,0.06495223135031203,0.04085123534658747,0.012661017143932862,0.03892473450910855,0.027514461023629422,0.010659197565822287,0.08252592212297549,0.043927392625716266,0.06188292119573641,0.06411693641442306,0.08567527941857767,0.03220222041731707,0.0098860668421763,0.0645984137798381,0.06224390687580578,0.05596398298456534,0.06519132851033477,0.0739219627341946,0.07483112720935525,0.05949113455287247,-0.0025002067390869076,0.07062746536157227,0.0714245467473591,0.054366895466898046,0.054464037050726444,0.033399337298851584,0.035487856299663556,1.3093610943815115e-06,0.10591394070231375,0.056575747726754055,0.04009030927613777,0.025555053821838813,0.0,0.0,0.00012248739761588912,0.10639691918344396,-1.4359362315974344e-05,0.047890362854370316,0.05151746321906425,0.03828092811617134,0.09765296949259827,0.09415616188651321,0.0016207498164602652,0.14354773687877653,0.022595472783028092,0.052194646354224994,0.0658243143881111,5.836332149233847e-07,0.0,0.0,0.0,0.08676130941516397,0.005700751780994773,-0.0017394411448558578,-0.00012915691393711182,0.07537266090791528,0.0,6.432585969873283e-05,0.016612450548954938,0.05510189771980367,0.04173318459306896,0.025221711866901253,0.005283489767622052,0.03262858512596145
0.0,0.00012745439063899244,0.04119468374384572,0.0,0.006153074904436395,0.022250270625003565,0.019611081937591257,-0.0462363211157249,0.048307645061379745,-0.05301454243189088,-0.0034975662748695235,-0.008019798531720856,-0.007037064618334421,0.007406259016820682,0.029582074337329622,-0.00023349045977677507,0.012448005911206983,-6.53880705194787e-05,-0.0007234652756163418,0.03686322253730451,-0.0007961937328763713,0.016137169327605505,0.006246268439908609,-0.03608134774170063,0.0006036024661302264,0.020291139120904578,0.008801940322189339,0.0013299532432900496,0.021487332381289304,-0.0070131642469788424,0.04292643640527932,0.004082359371334665,0.058645222575121114,-0.004935348821680674,0.0010134443874622034,-0.01749320088643319,-0.0026492506007284033,0.01088954681754567,0.009461594042569854,0.0015092824795292503,-0.00811125310518257,-0.0008336085320071462,-0.01397505040397623,-0.007115798222506686,0.0,0.0,0.0,8.74630261583631e-05,0.0,0.0,0.007573029764314454,2.220446049250313e-16,0.00014964930643934782,-0.0006879795898762642,5.551115123125783e-17,0.003376074340806723,0.009970543164791457,-9.429365098340137e-05,0.0,0.0,0.0,0.0,0.0,0.0,0.0,0.0,0.00013194567875013385,0.03536424591657589,0.0,0.0,0.0,0.025340277358590846,5.425294267047409e-05,-0.0015763140603577974,0.0,0.0
0.008598043788315635,0.04153060900764688,0.08794316932602547,0.006153074904436395,0.0,0.049494754586305756,0.042959155917942804,0.07169159877809661,0.06469282689564299,-0.037237624883777076,0.05723243861706384,0.03779343661112783,0.04509197746823107,0.03788661831530149,0.007356906691465326,0.033830991553395195,0.0345906827374145,0.03214503486360165,0.08222087852198562,0.05378958939576478,0.024746339331762734,0.03315590548820796,0.04410428778128894,0.024001991039786508,0.039882515306385924,0.06902492329742571,0.05327754389886119,0.02117832609409398,0.04263603874223487,0.03802437916032597,0.04206201637631973,0.023382194890527286,0.014751848463067707,0.056294716059898386,0.07386129425497728,-0.01540990614115792,-0.06044817886028586,0.05382842015202827,0.03333691665297894,-0.0035183567838977803,0.03161447806957779,0.0023217286588406716,0.020579926584628316,-0.027554015615030847,0.00042298613818153585,1.1102230246251565e-16,0.006197818261011234,0.061945273933274425,0.0,0.03149097338141632,0.04324477975678609,0.03535339971276297,-0.017021364529483274,0.016873340372758006,5.551115123125783e-17,0.005233136915949843,0.01691835994086549,0.03978461121089483,0.04394969747263444,0.006139796045158241,-2.4174863728354534e-05,0.0,-5.551115123125783e-17,0.04844207540052331,0.013119978455006065,9.730051661233086e-05,0.006816283031209014,0.055153908786492734,0.0,4.197969758346076e-05,0.002595005306979037,0.03894313964688534,0.0377447013148654,0.03167041108232033,1.1102230246251565e-16,0.04056278901595867
0.036061289280180486,0.06896207955719785,0.060760773033666005,0.022250270625003565,0.049494754586305756,0.0,0.03813002663233639,0.035031020509344035,0.03492928154296271,0.035702811189161354,0.06902856372726213,0.0030710023461715252,0.022719107161772945,0.03922587806719546,0.06164460034793007,0.05574365011426752,0.013958308700874056,0.05083538192033754,0.08062992608628572,0.07238316334490774,0.05687836495399301,0.0649276240473064,0.02805349446090527,0.014262017723481735,0.06867787232375544,0.07621668657974645,0.03710767440715684,0.03395402443433304,0.035559107088897535,0.04828282564636077,0.0426701157299596,0.03236262720386701,0.049297850441139046,0.04252597559279714,0.04977528513448937,0.024796005102742436,0.02846143639475701,0.05134735787457356,0.027518218947995388,0.02601208325108051,0.05231268060610028,0.04531077871110861,0.03245147552591465,0.051974265572170775,-0.009671197521592456,0.024987111605578927,0.04991518205569884,0.061117918911917424,0.013663360168109595,0.016676666294908826,0.02667147003589798,0.04159465334659129,0.023395417760134818,0.029901488420217892,0.027109929516309084,0.008117382469798429,0.0036619083563660393,0.03781283384764922,0.02976946064001773,0.05481913051116977,0.021478619060466164,0.0,0.017984279638205203,0.02361469775813574,0.054407846986374575,0.047335736949121965,0.06344749001402927,0.024173226993608576,0.00011094334914435455,0.028600584270486173,0.061160370549607934,0.03175160633796659,0.03450509025371551,0.0302675567318203,0.03305462712216012,0.014752667766073646
0.030933826255691854,0.048611036159435905,0.06719960369371103,0.019611081937591257,0.042959155917942804,0.03813002663233639,0.0,0.06371157343917416,0.055451975753079086,0.004716110491613135,0.05447118921210681,-0.00558966488359125,0.04054178830776245,0.0520590417791405,0.029360910840952714,0.04042598479745846,0.03983962259264062,0.04636604137345218,0.07367217493124806,0.041781116288370945,0.037280865794429074,0.041330247290308764,0.07209113278985224,0.04231685763486043,0.044140083577133116,0.06546124961601085,0.05451662852814959,0.009837734001830911,0.04967249387893974,0.032618995286602115,0.03454517084583281,0.048339277608696996,0.04043906655364632,0.04673208165064857,0.05857966797356917,0.014501747625378647,0.010588614813001884,0.029345543496281823,0.04860851113313441,0.030669657549731166,0.00461952556626799,-0.005367799763975167,0.018382061606225353,0.04188090773778219,0.049809427114859584,0.0,0.029683824066843556,0.03751095673059113,0.0,0.0406591564256682,0.051649372904275626,0.041804764041351916,0.04630528071696183,0.040027873428554184,0.015330797957909592,0.03699592288161002,-0.0027233224067504946,0.06002334999598824,0.013632754813718617,0.033723524172746044,0.009483476293288273,0.0,9.076329681884099e-05,0.04659068568574143,0.029815024121156997,0.009838321834667707,0.02443152720638153,0.04761361951866239,0.0002017206766622981,0.01743350805819771,0.0372252421841065,0.050017342210254445,0.019103618556367663,0.04705567592055537,0.010386789880197034,0.03625421082474112
-0.024454546179500825,-0.006658473775939311,0.081365074669144,-0.0462363211157249,0.07169159877809661,0.035031020509344035,0.06371157343917416,0.0,0.09405145574868418,0.03136399031023962,0.04519230420436576,-0.0030489154664366525,0.047290323737304796,-0.006579076143014118,0.0048475284576635636,0.013092642156077805,0.009610676179546418,-0.016829507703272184,0.11831717800656344,0.0423985832616407,0.0019395124958814791,0.028013976818861197,0.013105492152773845,-0.008628428487838735,-0.0037830938417329762,-0.003161416802781758,0.03507701624224158,0.025347696721749746,0.041993155188851605,0.019009067820172698,0.02742115680654883,-0.08101419452648712,-0.06625683850114883,0.03609291751124083,0.024979503611406273,-0.028037133642010853,-0.05210312550278651,0.03358194045099139,0.000586903283401663,0.027028166098481576,0.03532085340831559,0.06812755468644183,0.03961910278302755,0.01850889830601793,0.0,0.054698953936411276,0.004618832234735082,0.08784098332227919,0.0,0.020554147247091703,0.048580982964323616,0.045800409455690305,0.029297492783292634,0.05651529803576538,-0.0002626960954473234,0.01655777712376394,-3.105836425759678e-05,0.055656800900837855,0.005311294536764211,0.03647454410406065,0.007028904143060288,0.0,-0.00042763166366022176,0.035472099716879923,0.05651357618381214,0.03691178335926243,0.0412313985776524,0.03112323191416183,-5.551115123125783e-17,0.022949054999820695,0.031849569874151884,0.028879372933196423,0.052940770844692564,0.06904238372405691,0.05381962117041328,0.04740538672402306
0.020794714081069254,0.05573583279217503,0.1121866099408354,0.048307645061379745,0.06469282689564299,0.03492928154296271,0.055451975753079086,0.09405145574868418,0.0,0.040910283120331126,0.08048076624382378,0.03822183530701545,0.0659239193810151,0.031384814887494394,0.017652517358527908,0.000643847707324563,0.03039310672394374,0.00898029766429187,0.07189249520897534,0.0761874796634785,0.052881283462001216,0.06006566672721303,0.05637804633777399,0.032192805592726303,0.030226643918934426,0.07829985924006877,0.04552674806255863,0.060230327927985494,0.05420893292728729,0.05677723915526772,0.07359789227322039,0.06325625736484686,0.028426320631780855,0.07434327932926693,0.08668188641763752,0.05070523690714318,0.05649919945023285,0.06641253904134087,0.05263323115890661,0.001387833136589356,0.04038764560381203,0.04932774899709952,0.03752191299882768,0.038171131991312945,0.026188744665896713,-5.551115123125783e-17,0.013681358960484002,0.09485928298426427,6.89830498612487e-06,0.03056536410514732,0.05815075530655567,0.03744556962934187,0.09458448152666754,0.07081424105865664,0.008356287397077444,0.10391518938937983,0.02173808057661436,0.04206357540709216,0.062204390821426925,0.014653307840048646,0.008199569975446908,0.0,0.0,0.06326481971987341,0.02344193182159876,0.0012194762222802469,0.013136151115409611,0.07159637757495874,8.489966653130177e-05,0.006724844065984226,0.017278082090020908,0.05391073794610146,0.0562675886119246,0.023304699072980717,0.01600881638754681,0.04240107247898095
0.01757754625447361,0.01868791602646097,0.06030007964558898,-0.05301454243189088,-0.037237624883777076,0.035702811189161354,0.004716110491613135,0.03136399031023962,0.040910283120331126,0.0,0.03347216642176931,-0.01516127898535724,-0.0062900666507652025,0.09831198532409274,0.010722189318952247,-0.06270250922478532,0.03304565695825862,0.019602058760975094,0.052207954082184815,0.03451638925826728,0.030928207766839744,-0.04056343391863099,0.0466292933100767,0.016270721015678724,0.04955032021798311,0.05949020996467225,0.033198981736277666,-0.013321711675827741,-0.027153171137456134,0.0334085723737772,0.03769520571570212,-0.04016146326643333,-0.005800833008547834,-0.0017411917411285782,0.0010061111129480715,-0.04653058777860125,-0.046887340329470395,0.007456556327477493,-0.019977250537983382,0.027621448964357476,0.02454846741925315,-0.03291429947440627,-0.00998264657054515,0.03857989481365165,-0.03511698321360879,0.049182892098332376,-0.01045468353743384,0.0007536981972089407,3.916953134086576e-05,0.00029134939177000163,0.02640778634952723,0.029918174716473067,0.0019023398082650966,0.009900601384906393,0.025684061736392427,0.016933085843392315,0.02483097097024095,-0.009998787390109287,0.0,0.000647852119324388,0.03480770744906969,0.02068814159592408,0.04878598054981664,-1.2875230211428779e-05,0.00020918995612778657,0.02016938379502259,0.0182118807975144,0.039073809388605385,0.055781215807723106,0.03365699558618618,0.04358244062266142,-0.08808598088740771,-0.0026526905693902703,0.019746525789150815,-5.551115123125783e-17,0.012636403702039056
0.02412921751555791,0.0167111485350539,0.08934407988858589,-0.0034975662748695235,0.05723243861706384,0.06902856372726213,0.05447118921210681,0.04519230420436576,0.08048076624382378,0.03347216642176931,0.0,0.03634336861948878,0.04870926836237832,0.007826281663366685,0.0,0.00014305202813036377,0.034085897327296166,0.03433595150816399,0.09432303932215158,-5.743071759223284e-05,0.035438659887350676,0.007725493368714975,0.0002085711203331786,0.025501476827478053,0.03608880860160241,0.029315463854939716,0.07928216210019307,0.05247510797263383,0.03513795745292986,0.016580172865813647,0.06882493735200934,0.018766472923024413,0.0510868965724417,0.07050388169741856,0.06744724501007476,-0.005852568648569756,0.05627918021610667,0.04664879096152946,0.04392406608827987,0.0032269068770550136,0.06436192265901935,0.03163568869799954,0.042225231961595444,0.014351480100517233,0.010182151716837062,0.0,1.1102230246251565e-16,0.17144714899868946,1.33577260752471e-06,0.1368073756590451,0.037646690702039964,0.04310832766917805,0.08147061542209239,0.09701026844906041,0.02335187965208696,0.20904948323043698,0.016437582507812964,0.03556229024419183,0.08070869110423107,5.551115123125783e-17,0.0,0.0,0.0,0.24897079482279466,0.003967952810708997,0.0,-0.0001338620081962616,0.065719925389646,5.551115123125783e-17,0.0,0.00039083016916818814,0.04652215044014629,0.04594318274764214,0.020430788542406153,0.0,0.0438660415111336
0.021393231485844044,0.02790756000627992,0.030110998165928604,-0.008019798531720856,0.03779343661112783,0.0030710023461715252,-0.00558966488359125,-0.0030489154664366525,0.03822183530701545,-0.01516127898535724,0.03634336861948878,0.0,-0.016342261206946596,0.014966834672231533,0.012146423763401082,0.013212146445144235,0.022455065814438402,-0.03110799370113687,0.036220670550958955,0.029014880879881133,0.031098644855927504,0.028279729671058906,-0.023160891120655558,0.0008949542738587724,0.018391785675222205,0.027760443044555605,0.01188433764368163,0.0032134326605643415,0.010803950295688647,0.01281072771591174,0.0017320627771017505,-0.013561680090777184,-0.036479804163534135,0.005617170914510694,-0.00037990009199673214,0.03221562026474961,-0.0099336852274311,-0.0009849851781488506,-2.8065025558021706e-05,0.02877180141022828,-0.007759504880651136,-0.010036249262594499,0.03773835870369091,0.019284672276974058,-0.05729266416393353,0.05422796920502693,0.004268780753317658,0.004701534571162069,0.005579364579747392,6.93270629715248e-05,0.0273676496780908,0.03763117045982434,-0.0007298682824418146,0.0201155244348602,0.02865888604742889,0.011071059850611742,0.014913438877748597,0.029039995944541264,-8.43970440400077e-05,-0.00011106041101272002,0.0047363960891315116,0.01846436065416457,0.03642370752914659,0.010661312986568805,0.004660306547223325,0.011254781423496285,0.008244437768405222,-0.014211689906800828,0.031357020196506824,0.027750023797181,0.0389564923237814,0.010737465727724549,0.00912359586311201,0.007934180097609489,0.0,-0.003910084871162178
0.03964178662130596,0.051543737574159365,0.06495223135031203,-0.007037064618334421,0.04509197746823107,0.022719107161772945,0.04054178830776245,0.047290323737304796,0.0659239193810151,-0.0062900666507652025,0.04870926836237832,-0.016342261206946596,0.0,0.04099963341212348,0.040216141391843374,0.0314268731499735,0.009186137200283273,0.03766002596860235,0.06437383042623807,0.031461939057876476,0.02562376776693126,0.039303503208306945,0.05892353176457771,-0.019136100405018563,0.04681965326134774,0.05476175666562488,0.047676266763240216,0.018118275703500386,0.047095743521521016,0.02886067299936529,0.024513104700081945,0.021103901298751393,0.015468055281294135,0.008720977772488592,0.0232725276082435,0.01313133876858985,-0.010889221702635454,0.0055904182296269145,-0.009957619156390651,-0.01018678773518622,-0.02886553261566488,0.00811095760580094,0.05509968928070558,0.012588988679642754,0.018463743525085397,0.013112673345697101,0.02796186510955001,0.07774759245132623,0.0,0.034622186399345556,0.05014924906806939,0.044209008626658,0.04339664535817084,0.04372706140109395,0.027879439398932893,0.10052081156618037,0.04392964430095492,0.03395283635403756,-0.0018426640218359158,0.05554799947310357,0.015584060567999214,0.00975247766359616,0.010757608905033245,0.05578944432754607,0.04047452343557695,0.03998741404336048,0.062001910696731055,0.042618045024433115,0.04378268451488676,0.0345259627346014,0.011724500288598505,0.053960094130953595,0.04747791375446897,0.030425268859208154,0.021537797071158993,0.04640786337999081
0.029468878029944023,0.009039822920992091,0.04085123534658747,0.007406259016820682,0.03788661831530149,0.03922587806719546,0.0520590417791405,-0.006579076143014118,0.031384814887494394,0.09831198532409274,0.007826281663366685,0.014966834672231533,0.04099963341212348,0.0,0.02959981221899738,-0.00030041871436192746,-0.00017948905588338615,0.00012937682567126796,0.06810825063868364,-0.03837164830166789,0.016884151661277658,0.007413703287928453,0.021312808615868484,0.04735175432579147,0.005387903570351293,0.007265420353690599,0.025082163444089145,0.021108877973623597,-0.0013929146459261688,0.00763171288578246,0.03795969029323876,0.007472413278370227,0.05070333631297774,0.0769852335249076,0.08045765098602226,-0.010594471848202197,0.005473413176801167,0.004101357038282738,0.05121067546625063,0.0,-0.008975841011090613,1.2321235932089003e-05,0.006985197206487659,-3.845019790171822e-06,0.0,0.0,0.0,0.03832123966217027,0.0,0.03776932383203624,0.040868037532364176,0.008813664216611616,0.04754737203681525,0.01986959813971101,0.0,0.019544110687222838,-0.00031116102211448116,0.024801000466410095,0.03821328408422803,1.1102230246251565e-16,0.0,0.0,0.0,0.015413900617697873,0.0,-1.1102230246251565e-16,0.0,0.020593304417544644,0.0,0.0,5.551115123125783e-17,0.0325369104824596,0.014915891433299244,1.1102230246251565e-16,0.0,5.551115123125783e-17
0.02653623452688708,0.028984110908759242,0.012661017143932862,0.029582074337329622,0.007356906691465326,0.06164460034793007,0.029360910840952714,0.0048475284576635636,0.017652517358527908,0.010722189318952247,0.0,0.012146423763401082,0.040216141391843374,0.02959981221899738,0.0,0.02853914594934942,0.026552529758594956,0.034398535686518794,-1.1102230246251565e-16,0.11284946265783308,0.03885235077506066,0.05715194450828043,0.028449359319404843,0.046810354805809806,0.034696763294256805,0.06969779952528088,0.046885917749795114,0.04024381461857868,0.05707758252781542,0.045290144030456614,0.03652187180096106,0.01657073144972726,0.029173734332127277,0.020040920974795318,0.025582736841032627,0.017252369956618052,0.01703897485729433,7.866404368761515e-05,0.05062694999687489,0.06566837271527781,0.041396034263564696,0.053573841476676765,-0.027859750085770074,0.006068320608287492,0.0,0.027340422002036957,0.026519593413582454,0.0221865989832436,0.0,0.0,0.04969152039730479,0.014907323722577748,0.052693932053939685,0.002362619532234156,-5.551115123125783e-17,0.0,0.007375706803713078,0.03146991868845278,-2.189672927477293e-05,0.04319212626699387,0.029345146951641532,0.0007653944496067711,0.019086432687151433,0.0,0.06892544190747701,0.041618832651588555,0.050251777102602535,0.051971087907155045,-0.00013803151684449455,0.035387688794901784,0.028023552435843646,0.06318041851350675,0.04549057806220358,0.04884079347864001,0.021009785733387742,0.03742482998185048
0.032998164326721424,0.0058269610649214765,0.03892473450910855,-0.00023349045977677507,0.033830991553395195,0.05574365011426752,0.04042598479745846,0.013092642156077805,0.000643847707324563,-0.06270250922478532,0.00014305202813036377,0.013212146445144235,0.0314268731499735,-0.00030041871436192746,0.02853914594934942,0.0,0.05016195211722457,0.05807236208506261,-0.00011759566446667424,0.04236536095804999,0.022646659355172072,0.03814698680610079,0.031594965809732645,0.04882121073215473,0.015115244488407176,0.03089378831918904,0.04011912368091919,0.034750390312372426,0.03870821391695567,0.051188642202952606,0.0464942379186708,-0.0030912533057435576,0.001703967490963798,0.03250501784586429,-0.0006372070810357622,-0.007522456602619909,0.0080716024812299,-0.06259298195473428,0.006703214636323895,-0.03777566637719976,0.009663205323014568,-0.025954348053890353,2.855166428861189e-05,0.0,0.0,0.023251603255173836,0.010359548708461064,0.0,0.0,0.0,0.021205353175703212,0.0049732117414104104,0.0069422936676069025,0.0,-0.0143978521994243,0.0,0.010547746303289973,0.012544372452115038,0.0,0.04108603019944285,0.0006061783501353224,-0.03058003884669891,0.005722951650467434,0.0,-0.008566842243615258,-0.011575263348568787,0.019400755227124034,0.046420397719354745,0.0319333460637497,0.0005269780130542912,0.018691156159158784,-0.006470627905769577,0.01494197018189608,-0.017896328782390947,-1.1102230246251565e-16,-0.005905597495702131
0.009186848584018692,-0.027990948496231016,0.027514461023629422,0.012448005911206983,0.0345906827374145,0.013958308700874056,0.03983962259264062,0.009610676179546418,0.03039310672394374,0.03304565695825862,0.034085897327296166,0.022455065814438402,0.009186137200283273,-0.00017948905588338615,0.026552529758594956,0.05016195211722457,0.0,0.032680117301994716,0.02516593667908612,0.03545890927214007,0.008490366891525047,0.025617952714327763,0.021587599666721247,0.06389953148779676,0.02133972859915101,0.025118273346837527,0.009632608257564734,0.02308695090383922,0.019889186682081672,0.02240898609203895,0.049234196157366406,0.01891988236064751,0.03266923941124905,0.0214563964863157,0.0005613156997013036,0.026066061621752845,7.917299408172207e-05,0.003489879359164616,0.014500163687926448,0.015419042451641218,0.02266312518293928,0.013990928168022887,-5.551115123125783e-17,0.0,-0.004965110365353409,0.005408370064276136,-0.01803867490117822,0.0,0.0,0.0,0.0,0.0,0.0,0.0,-0.005537366741052263,0.0,0.014277842330023938,0.0007967049459218778,0.0,-0.0003189467222554643,-0.019591586240469416,-0.015243764350953704,0.014434190279144277,0.0,1.1102230246251565e-16,0.0,-0.00491579603180442,0.0,0.06447911296623487,0.006551407758709438,0.02767389663883335,0.0,0.023442948833305832,0.00017206855827972545,0.0,0.06464422311223816
0.03125388281604641,0.02964838392696567,0.010659197565822287,-6.53880705194787e-05,0.03214503486360165,0.05083538192033754,0.04636604137345218,-0.016829507703272184,0.00898029766429187,0.019602058760975094,0.03433595150816399,-0.03110799370113687,0.03766002596860235,0.00012937682567126796,0.034398535686518794,0.05807236208506261,0.032680117301994716,0.0,0.025474879010827123,0.025975026311026217,0.011637134458737819,0.036307903620839854,0.026114364424878522,0.055563607725581665,0.04930934849693952,0.037436924140651195,0.029567440854387173,0.028247617890552412,0.030739971035579072,0.06259346772621549,0.0490666183036651,0.012819517059328489,0.03004121339280319,0.03269355025017889,0.0019042964496840953,0.012897896622349247,0.00013195248340414079,-0.0029952079758513994,-0.008057279307215226,-0.028593724276603005,-0.01610960048790816,-0.013121866341396393,0.0,0.0,-0.0002974930842869483,0.03016084148188619,-0.007979056263945183,0.0,0.0,0.0,0.014578967888946637,0.0005564859819755519,-0.0004370757296477956,0.0,-0.029916782090810057,0.0,0.012674391270386998,0.01487017540740343,0.0,0.04565125785031199,-0.0077251755890374585,-0.04032543696993163,0.0023120421306362937,0.0,0.01866434452781429,0.02579332312620769,-0.0425882083931618,0.012621899526233549,0.03138893358360573,-0.006551251871862174,0.010431654520209777,0.019946095291932975,0.013792504934756922,0.021109228985395856,0.0,-0.0025616032445077153
0.0,0.007740837522985877,0.08252592212297549,-0.0007234652756163418,0.08222087852198562,0.08062992608628572,0.07367217493124806,0.11831717800656344,0.07189249520897534,0.052207954082184815,0.09432303932215158,0.036220670550958955,0.06437383042623807,0.06810825063868364,-1.1102230246251565e-16,-0.00011759566446667424,0.02516593667908612,0.025474879010827123,0.0,0.00022630526813088858,0.005678221228291758,0.006625823125257058,0.12003247921397026,0.03522185557848334,0.027459711186717473,0.021109145718635425,0.09230037522429768,0.0673484193756897,0.00967241773627936,0.09253735621960674,0.07407759087043042,0.05855727925160259,0.03393225712153575,0.07671463637599635,0.08056728924969381,0.047134161082778514,0.05360890173395205,0.06763317785463385,0.04144495539784776,-0.00011549021090684342,0.012927701396495128,0.022754189551416337,0.05675659786597326,0.015268159398786452,-0.0005614378805803288,0.0,0.0,0.15919990481826568,-5.551115123125783e-17,0.026369104287449097,0.04545619486746322,0.025724207648251562,0.10246123308494814,0.05964831060331499,-8.360522677536286e-05,0.11597562497637359,0.027579935380236176,0.04950707501220786,0.07329128492395409,2.220446049250313e-16,0.0,0.0,0.0,0.10488120060668926,0.00014811768929978708,0.0,0.00013071560096539203,0.07027650024964704,0.0,0.0,-5.551115123125783e-17,0.05013100729544451,0.03354533811178084,0.020789423173968313,0.000510644362512136,0.03801592769082818
0.032166125721743655,0.049649514520635096,0.043927392625716266,0.03686322253730451,0.05378958939576478,0.07238316334490774,0.041781116288370945,0.0423985832616407,0.0761874796634785,0.03451638925826728,-5.743071759223284e-05,0.029014880879881133,0.031461939057876476,-0.03837164830166789,0.11284946265783308,0.04236536095804999,0.03545890927214007,0.025975026311026217,0.00022630526813088858,0.0,0.06087078943237395,0.07299208346745556,0.12888943698674737,0.03827759761656829,0.04108020860728201,0.03204387636071293,0.05305235760342253,0.03984258220631187,0.04049131259054284,0.026475167140076084,0.03330560214273509,0.03388533859019327,0.02108418537285245,0.0416027181922311,0.04748655248345579,0.03258542669654696,0.08001557927754432,-0.028296446720420976,0.05129024987348868,0.08121713962417787,0.044826456878237664,0.060939203503866,0.03221165292954792,0.015596115708195468,0.00012203229030799401,0.022015644578704197,0.010773561710316126,0.028688659364899338,0.0,0.0,0.0469900699076255,0.023719011133717605,0.0573511705081694,0.02104846481055589,0.0007013951924217388,1.1102230246251565e-16,0.026959145534709406,0.04493790272167053,-1.1102230246251565e-16,0.06142463208595533,0.028234989264922294,-4.541953591630232e-05,0.032691050518347364,0.0,0.06978028280362458,0.06120985330786832,0.05553161950331048,0.057181908168353446,0.0,0.00992675283906691,0.034933050384191644,0.06002146069832959,0.049433751751751076,0.0548964827477032,0.030918674325311646,0.05608401090951376
-0.028615160542702578,0.027525011109763575,0.06188292119573641,-0.0007961937328763713,0.024746339331762734,0.05687836495399301,0.037280865794429074,0.0019395124958814791,0.052881283462001216,0.030928207766839744,0.035438659887350676,0.031098644855927504,0.02562376776693126,0.016884151661277658,0.03885235077506066,0.022646659355172072,0.008490366891525047,0.011637134458737819,0.005678221228291758,0.06087078943237395,0.0,0.037390243772559784,0.035126733057301074,-0.009102813065677506,0.0011405589866846921,0.03338284593593627,0.04813962600758981,0.018620843104449447,0.05001959488310276,0.04059227017199901,0.03206806993045186,0.01020021492358325,0.01543206192969182,0.02180311345584951,0.016792798199736003,0.004747909842489795,0.015176003426037366,0.030028667869764825,0.05673087830099499,0.05660020083736206,0.0472010906455545,0.04614601110496508,0.025970089157124066,0.0,0.0,-0.01981112729351625,0.02106916154961097,0.009242324426660065,0.0,0.0,0.06365674555756773,0.03469224655997971,0.07345214796861804,0.0052904549998322725,0.029740710100777057,0.0,0.006460465890295641,0.043641004322829025,5.551115123125783e-17,0.02419051730174715,0.015962903138508067,0.0,0.013153903629538999,0.0,0.09159104944852797,0.053796399694982566,0.05918437806559401,0.059574868898006395,0.0029655478627618193,0.004608997552250027,0.02156499731055206,0.06808927316330077,0.08381213089727718,0.07044802566584618,0.027634091094092705,0.06548151772436894
0.022115026597180842,0.022847602748247875,0.06411693641442306,0.016137169327605505,0.03315590548820796,0.0649276240473064,0.041330247290308764,0.028013976818861197,0.06006566672721303,-0.04056343391863099,0.007725493368714975,0.028279729671058906,0.039303503208306945,0.007413703287928453,0.05715194450828043,0.03814698680610079,0.025617952714327763,0.036307903620839854,0.006625823125257058,0.07299208346745556,0.037390243772559784,0.0,0.03621279524984217,0.053628984296341664,0.021887352314363784,0.0315511110036687,0.050167135790444795,0.0538746479820289,0.04765426610726442,0.06463731521669358,0.03890939304225849,0.015256092932592558,0.018562904021160564,0.029744811626208123,0.03579131995656848,0.00955524223826587,0.028861164820761065,-0.11916585899247012,0.03818436910647299,0.024060597434213793,0.02903259504464356,0.036217036995314145,0.01073039155736727,0.004846522825328714,0.0003320167764190862,0.015593419777950701,0.016167204978639715,0.015184229641833247,1.2040742972729834e-05,-4.295320334446462e-05,0.057130239153531326,0.017895119591727182,0.03801906899817542,0.02744567351566346,0.01707927031940959,0.0,0.010645512692993908,0.03186252286689223,0.0,0.03358320445881924,0.009463193399358694,0.00878660254498681,0.012366915731747197,0.0,0.046153165580754885,0.04816131841795135,0.03266118676863572,0.06221687827098965,0.02888025873209249,0.006907510321267796,0.024035589848636074,0.051667928848239175,0.0316232677855689,0.04180138471781569,-0.005083695161645085,0.032010676354125356
0.02099627792962122,0.04043947695084538,0.08567527941857767,0.006246268439908609,0.04410428778128894,0.02805349446090527,0.07209113278985224,0.013105492152773845,0.05637804633777399,0.0466292933100767,0.0002085711203331786,-0.023160891120655558,0.05892353176457771,0.021312808615868484,0.028449359319404843,0.031594965809732645,0.021587599666721247,0.026114364424878522,0.12003247921397026,0.12888943698674737,0.035126733057301074,0.03621279524984217,0.0,0.016736982732280525,0.034064457816978144,0.02947036427659039,0.01867162720169596,0.042992212256452556,0.056675401186552676,0.04512291059688345,0.042762904172649885,0.02397412552466399,0.012432424746535553,0.04230946226259097,0.03746257300164879,0.00963063296007638,0.04025343239880558,0.0616899886720107,0.0340447131938415,0.07806166747228727,0.0363616300406,0.04124516714980253,0.04763608205553621,0.048249574924986605,0.015197376050959,0.024615020490968975,0.019220201940646275,0.09348566828161697,0.015586361349288591,0.04041234779278513,0.03889773703836741,0.031014641767138307,0.023293993942703595,0.04809496512213096,0.03369827216192833,0.04064521767049423,0.0005957035567807911,0.03805068640701981,0.07081352850843703,0.047986499133826965,0.04030639866259922,0.00011048804422614245,0.01936144004685364,0.07468502049829906,0.05855938139310368,0.03388556657802372,0.05885683564441291,0.031123310253180714,0.00042579892421185095,0.030117664865457527,0.03868005667887636,0.03785636445096774,0.04046768240640641,0.04270921296506536,0.048362018498192216,0.03324130403531511
0.027337058011228987,0.011065524139037164,0.03220222041731707,-0.03608134774170063,0.024001991039786508,0.014262017723481735,0.04231685763486043,-0.008628428487838735,0.032192805592726303,0.016270721015678724,0.025501476827478053,0.0008949542738587724,-0.019136100405018563,0.04735175432579147,0.046810354805809806,0.04882121073215473,0.06389953148779676,0.055563607725581665,0.03522185557848334,0.03827759761656829,-0.009102813065677506,0.053628984296341664,0.016736982732280525,0.0,0.04896763793498965,0.021764954732168162,0.0016042741840088248,-0.0036612207054197987,-0.017806430919295346,0.006916279579128937,0.013663175055844357,-0.05237635213859154,-0.003544828882087292,-0.018547549282681264,-0.026568767504195734,-0.02415824585460674,-0.01994394386545051,-0.0229342677895516,-0.12546618187101616,0.0225227245886635,-0.02531130597338893,0.08658669927513318,0.009686861847050976,0.0024728405876403015,-0.015038233153390757,0.050382757371483955,-0.0174593505573295,0.0,-5.551115123125783e-17,-0.0004364075330378636,0.0018841709209170832,-0.0003739585339699314,-1.6653345369377348e-16,0.0007774226323493116,0.028098107269751815,0.0005719150584384547,0.019419455090320392,0.009245269680078716,0.0,-0.0015469719628432577,0.0014689317999783125,0.030028037514253925,0.021112625970923782,5.318174832169564e-05,-0.0010698798556626476,0.008108021387662867,0.0183408373694966,-0.0013652067843737403,0.05544885164859348,0.011953256729813067,0.0368494819624724,0.014067330589797977,0.038384734449028846,0.011938050470897188,0.0,0.015889132698896025
0.014720476167913277,0.00335224288880015,0.0098860668421763,0.0006036024661302264,0.039882515306385924,0.06867787232375544,0.044140083577133116,-0.0037830938417329762,0.030226643918934426,0.04955032021798311,0.03608880860160241,0.018391785675222205,0.04681965326134774,0.005387903570351293,0.034696763294256805,0.015115244488407176,0.02133972859915101,0.04930934849693952,0.027459711186717473,0.04108020860728201,0.0011405589866846921,0.021887352314363784,0.034064457816978144,0.04896763793498965,0.0,0.027086038485091002,0.050925567922664894,0.013609288423432009,0.04953533578150887,0.009736294927588707,0.02946176203853318,-0.0036452602922280586,0.012678910028217916,0.017443352118751587,-0.011086161084532808,0.027247541683518284,0.0019631938493876455,-0.025142681199172845,-0.004173705834069286,-0.021484889775487903,-0.0021368688484664777,0.002124837891068654,-0.012636588265606041,-5.551115123125783e-17,-0.01916855907655496,0.016941283131349127,0.0027288950363122955,5.551115123125783e-17,0.0,2.220446049250313e-16,0.02171303631654875,0.010059130229112312,0.032072344412161835,0.0005784264908243464,-0.0314033182533594,-0.00048264124729702207,0.008538482575486561,0.009817976030878306,0.0,0.012128746532070023,-0.0043669451576018314,-0.02249192131112504,0.009501413465160313,0.0,0.012622891421510962,0.028844393659724077,-0.006740366401204678,0.03890758057789845,0.055549442592165765,-0.0008058866861265779,0.014608877879520532,0.022543611198517888,0.012856378603840923,0.0355286260409341,0.0,0.004295260211215068
0.039731010869507866,0.0245615484968989,0.0645984137798381,0.020291139120904578,0.06902492329742571,0.07621668657974645,0.06546124961601085,-0.003161416802781758,0.07829985924006877,0.05949020996467225,0.029315463854939716,0.027760443044555605,0.05476175666562488,0.007265420353690599,0.06969779952528088,0.03089378831918904,0.025118273346837527,0.037436924140651195,0.021109145718635425,0.03204387636071293,0.03338284593593627,0.0315511110036687,0.02947036427659039,0.021764954732168162,0.027086038485091002,0.0,0.03260959376140882,0.020555284823061182,0.04885106322352667,0.07183961439850184,0.035697352419059414,0.005510400334088117,0.015211262608968545,0.02320673745070906,0.01287973031972306,0.02247359922091724,0.031715515526507365,-0.018649704241465836,0.025553906285752437,-0.012404828074365326,0.008832658429561324,0.010050534463104277,0.0030542080606391075,-9.797136703865172e-05,0.008456886361902116,0.020133152908937024,0.011150481440687865,0.013674894514033809,0.0,-4.639269222744824e-05,0.057441563130333606,0.02573847931813522,0.03552631049159505,0.0021162790189877545,-0.0030498609885062367,0.0,0.020297097642973716,0.017836400892042137,0.0,0.027339671306465085,-0.0017087592072625446,-0.0026747239699490555,0.014734060584220166,0.0,0.03254168373622518,0.027809246658248354,0.041589015460729795,0.0468951066861546,0.060672548821852135,0.0029829108675388794,0.016129181601523046,0.05439582192756204,0.015125781547796924,0.025252946687440603,-0.0005802618131804937,0.009416477246744381
0.0435386213747187,0.05638152548226555,0.06224390687580578,0.008801940322189339,0.05327754389886119,0.03710767440715684,0.05451662852814959,0.03507701624224158,0.04552674806255863,0.033198981736277666,0.07928216210019307,0.01188433764368163,0.047676266763240216,0.025082163444089145,0.046885917749795114,0.04011912368091919,0.009632608257564734,0.029567440854387173,0.09230037522429768,0.05305235760342253,0.04813962600758981,0.050167135790444795,0.01867162720169596,0.0016042741840088248,0.050925567922664894,0.03260959376140882,0.0,0.0384825636929475,0.04855011814294069,0.06073873142565561,0.05327124429995134,0.03808919198083932,0.000982560475296712,0.04453153035912227,0.0476689048682814,0.004564202089881397,0.03465544780394597,0.02350824818323488,0.035102722659516195,0.08045388818089128,0.0346025563401583,0.05444330529651553,0.025052403845905402,0.03738073825859939,0.09004044969266933,0.027530628333784612,0.017651103112371946,0.07210381056315673,0.007289773127641341,0.03722297776914629,0.03435511161972915,0.007257722522354126,0.02614400954138274,0.04579652894688058,0.013216205414080251,0.052676907083544555,0.017522470611609664,0.028580130498098155,0.022355646950401598,0.054218992237876684,0.0348272801315494,-1.1102230246251565e-16,0.03296662398555439,0.04709117741811486,0.05774321696683965,0.04359024215583057,0.05252328309450943,0.027069660224273262,-5.551115123125783e-17,0.026054923822568854,0.04993266820891917,0.03965333424988915,0.03433090757201307,0.04147628163659245,0.041795913295053055,0.022436621157843284
