0.0,-0.008922398086593009,0.03179571881368326,0.0,0.009715470621936395,0.03651928259847875,0.013921672405034835,0.021424184499114318,0.02115904808040947,-0.029473408388109967,0.023916918373539153,-0.0024844163915149764,0.03022852418899097,0.02786580771712366,0.04459833109372796,-0.020377522386800906,-0.04161064223222538,-0.05580871785874236,0.0,0.1033967754974402,0.04328738603768906,0.05450570372741981,0.04057566629127596,0.018557540146419083,-0.02705856660218081,0.005741246242547349,0.04574452140068469,0.037844092127742146,0.027761738631201238,0.02819357608385442,-0.0014492223090913359,-0.00043350534525543605,0.01428317312030658,0.016549251233886897,-0.011772438434800692,0.02039732518940085,9.569183891317001e-05,0.03394426213730101,0.02874282877945905,0.0066875288317160275,0.004204680831217333,0.0330612714208387,-4.697379677670588e-05,0.0,0.017266229676073386,-0.02546522074316726,0.022331104691472425,0.0,0.0,0.0,0.049682053114570246,1.1102230246251565e-16,0.07843930510779007,0.0,0.016785416866025638,0.0,0.036294352456840095,0.0018128283327646932,0.0,-0.022022299710369064,0.003596880067096353,0.009781393214224499,-0.0054963367889602766,0.0,0.03473233698147937,-0.03529711158625576,0.018413398612749377,0.015651714819480078,0.05667472057002376,0.006587155324804805,0.006584927002504626,0.010941360526120159,-8.51942083248125e-05,0.02829049573516995,0.0,0.01993591459744315
-0.008922398086593009,0.0,0.03666567089255229,9.364621573920706e-05,0.040359780349352725,0.03351760116002378,0.028836087643283992,0.017397199607863845,0.02564349010244088,0.014830974148606457,0.0024332587635890746,0.014419227501739351,0.027538204807191435,0.009285129359089594,0.03686027483785792,-0.015788358279537285,0.03652774141855408,-0.01116483555292147,0.00898025603780822,0.0015724972086259559,0.011700391325361381,-0.010025534226583033,0.015368193594410717,0.015200833040706185,-0.015884975384423183,0.006380304752540089,0.016358601811645668,0.014537338485859197,0.020809508596883575,0.02412957788257053,0.03167080283579421,0.014802354000385876,0.025078007562264193,0.035776652895045225,0.008211282139903242,0.03606512285166508,-0.0007457663180591156,0.0,0.010611561989348373,-0.02044994300492864,-0.003078879646597421,0.0018873170617993984,0.004765069973366898,0.0,2.220446049250313e-16,-0.004277763833655246,0.008069669923854828,-8.366280401417292e-05,0.0,0.0,0.020623703265324866,0.019764098836178468,0.02197705214397222,0.009578876028452699,-0.033449932435047014,0.0,0.022230775152701276,0.013709576463874162,0.0,0.03896992022874263,-0.005892500172422044,-0.00518032371324556,-0.032517097876409606,0.0,0.022915533512822828,0.02076832562214237,0.019115596815072133,0.04125197990537027,0.0028016973608176454,-0.009082413128296829,0.0004179459184999179,0.02463521281191494,0.011549503173115316,0.05002670345482224,-1.1102230246251565e-16,0.010767821184478443
0.03179571881368326,0.03666567089255229,0.0,0.031224585904272295,0.07078141793028914,0.07802111808551881,0.052430334592158845,0.10659314919607882,0.058882078129349036,-0.006757806578602643,0.12240121690718597,0.028550914003227623,0.043989898663024385,0.07520965984146805,0.014705340893058139,0.04000987280697965,0.023470813018349135,-0.001887308163998458,0.11139210076869782,0.03519949232068048,0.038128963278081074,0.002895113133468963,0.1277995099515462,0.033586572120961,0.0013799424451523823,0.03043678474252648,0.0631474719608705,0.046775167885791,0.04118380988120407,0.05841398154279015,0.04061775496156961,0.04268915761044739,-0.02572837367878761,0.04918534437824851,0.03102150588786695,0.06444776695707871,0.042928484423962965,0.03864794461300752,0.08525736029079678,9.62043841035154e-07,0.06651700910026592,0.05704680130146872,0.08830308634216955,0.03642919989750282,0.0,0.0,7.895110133365746e-05,0.1579088654102842,-1.055044031506025e-05,0.07722677847972947,0.056204732210970776,0.0804857545017641,0.10159945210389376,0.09999443029981125,0.0013380571436341637,0.17864343379455827,0.02460875709969773,0.06029831975118405,0.08735622770405338,-3.573763980246891e-05,0.0,0.0,0.0,0.2679605986808993,0.006511503248414652,-0.0022150795279402002,-0.00016032063097703997,0.08358940928005432,0.0,6.618679569331265e-05,0.01853622270138139,0.07172117544400591,0.059951319038817785,0.03473624044717061,0.005611369387883647,0.08124823754587007
0.0,9.364621573920706e-05,0.031224585904272295,0.0,-0.004997531743292205,0.01636168514129044,-0.030855108717212365,-0.0515434260779557,0.026668439847773395,-0.03301794084777851,0.027916496749502084,0.0012318427169009105,-0.036515229577028685,-0.05541208978552023,0.02350234733112838,-5.21010709797487e-05,0.013131480979484689,-4.804342422365382e-05,0.04462731984162882,-0.006504856516975632,-0.0004849184707003684,0.010031295128759221,0.022810758314978696,0.04343395126366606,0.0005573404676609828,0.022340727425881224,0.01411962930617544,0.023511282217362928,0.020701817941716216,-0.006108134485680761,0.05945056478956817,-0.00015952345597236572,-0.008609400496525199,-0.01767410683798537,-0.07313694561777676,-0.014326539830602003,-0.014290729949314518,-0.011490699778203273,-0.02333304773667888,0.0011231769712802264,-0.007826127322106302,0.01123536110032708,0.023015519378916882,0.0048963914675715925,0.0,0.0,0.0,-0.00010272750822398757,0.0,0.0,0.00851850749114813,2.220446049250313e-16,0.00010995377378358873,-0.0005389044946685351,5.551115123125783e-17,0.0035143498395556194,0.00967376877196302,-0.00015270110286769167,0.0,0.0,0.0,0.0,0.0,0.0,0.0,0.0,9.694615804245466e-05,0.032963420659221976,0.0,0.0,0.0,0.02677047533035065,0.0003915604930294081,-0.0014882001875967665,0.0,0.0
0.009715470621936395,0.040359780349352725,0.07078141793028914,-0.004997531743292205,0.0,0.043656185738839115,0.04821533474941336,0.09777407336358768,0.03688514446198127,0.013264600898951595,0.06175640303972846,-0.0037089534843476324,0.025296618553402428,0.0968083943769158,0.008779431136687832,0.021052204897258397,0.01828410886516829,0.013417000232965992,0.07844015056286546,0.029876088500406184,0.030248902031250247,0.03844798457142179,0.06250161646600283,0.003673905470456762,0.011596496190496186,0.019913690079211788,0.057191056277780095,0.04971686895408317,0.015777167299956818,0.029160685016873578,0.03487464588754563,0.08808960202710969,0.01698278646608331,0.03907130577345408,-0.017973485387256627,0.05455992232707535,0.023650064057564535,-0.044462816666080485,0.004541331385894187,-0.00406751545846068,0.03054773303264402,-0.020584652456077268,0.0931144511858048,-0.031127952832407935,0.0003107860855341982,1.1102230246251565e-16,0.006997347750014482,0.055040569497093794,0.0,0.025176181554507016,0.026289822380940686,0.040816221865988433,0.0359689131119163,0.029439631929389254,5.551115123125783e-17,0.0697893748691652,0.01790648464231287,0.046378707530751795,0.039987319289921774,0.006583135584426414,-2.40443005233848e-05,0.0,-5.551115123125783e-17,0.048987445363920135,0.014015885415455898,0.00011521019936866495,0.007551615516092347,0.07258068421790698,0.0,3.0844287096376544e-05,0.0027088118160599195,0.06131920331368734,0.04130738705963655,0.032213538816324105,1.1102230246251565e-16,0.04254720669009804
0.03651928259847875,0.03351760116002378,0.07802111808551881,0.01636168514129044,0.043656185738839115,0.0,0.026413440444406355,0.04544853108709612,0.005914910254789962,0.020424534949342543,0.0579179913562361,0.0061345666926383435,0.014127638202115489,0.007145364125869635,0.031743027818285474,0.011290416681108861,0.01841449776533599,0.020596831996298137,0.03634908223624694,0.03108689176371604,0.02380193344016568,0.024508517935146912,0.04902644224982461,0.0025715220732238087,0.026355981743864443,0.03555830430581275,0.04454645057616463,0.010939494926511473,0.004937753613983964,0.037307898715867205,0.020560519693650636,0.020035195997063826,0.02016567464385638,0.030090200944584977,0.014000790098473492,0.04770069997067777,0.016273655067181647,0.031659596566288806,0.06296162591300497,0.023571080062171623,0.10166739381145928,0.042006727778860886,0.06599914239785354,0.05204974409985463,0.039213952283535136,0.01928222921511097,0.04166106741463166,0.06684447932632509,0.014636338978532393,0.03839242213045946,0.05981187416742906,0.03981303331744768,0.05947763241132681,0.05970232450104396,0.028975821796485113,0.025690644684323694,0.011024872864722535,0.03984892452619615,0.03451676021817429,0.041600090486283936,0.016523181624920613,0.0,0.019705048375911693,0.06358633331325991,0.033753193772003975,0.02822602151425624,0.031009925374189562,0.06725266571227584,8.151484430402034e-05,0.01894140439024039,0.02551912705714182,0.06329400810934827,0.06421178251593385,0.041228435267433694,0.024961206483990472,0.03349622800797869
0.013921672405034835,0.028836087643283992,0.052430334592158845,-0.030855108717212365,0.04821533474941336,0.026413440444406355,0.0,-0.0286065353487025,0.03635945925890588,-0.011850251413896618,0.06162834187659477,-0.017527358025831608,0.01192054137596571,0.0066625845649641025,0.03152221553887713,0.02792269557162691,0.03474977241627725,0.02920411567659026,0.0653107971606745,0.03516848248047666,0.00939258043013591,0.02808044066416926,0.033336744253422756,-0.029808837857614956,0.03728905626369988,0.034610212622361525,0.04005859436668441,0.004941552784590075,0.015505869687396534,0.02280399768994379,0.010137517036454158,0.030430962364048852,0.02824503201322559,0.016687173720280113,-0.008896651581559056,0.004328481038841092,-0.0008083098064817218,-0.022637184642409547,0.039989717103626865,0.012112021504651849,-0.033785423260305314,-0.019516436295322015,0.017189559556701928,0.037134793596748594,0.05193265007529041,0.0,0.02516961079911545,0.044847030264973164,0.0,0.029530072412929487,0.055528936360685455,0.05020881959900203,0.04210536019111111,0.03352633984192355,0.016705675289033217,0.04439358066150578,0.006436789974509138,0.053651747340968114,0.04499543907218734,0.03528916628232964,0.014077520857101788,0.0,6.668769300521848e-05,0.036754133766808694,0.03175974118309005,0.010728488016630566,0.01968665704856193,0.043893109325024104,0.00014821284626653775,0.01906583722395294,0.026253945306592197,0.02953967144575098,0.027010066974860192,0.05008522788399622,0.013471764715428436,0.048835438239906326
0.021424184499114318,0.017397199607863845,0.10659314919607882,-0.0515434260779557,0.09777407336358768,0.04544853108709612,-0.0286065353487025,0.0,0.06074099271106104,-0.006041649530513837,0.03164822119099542,-0.020849796647281593,0.007008467929317697,0.032719061682716544,0.0029078985421487347,0.021493486621204483,0.005191384396485421,-0.022119296635596752,0.09326039870054459,0.057786864799182436,0.03662704336371969,0.032718342993813765,0.03646927020950119,-0.0011816575226857307,-0.023599373177158323,-0.011674509213098316,0.05780076168715781,0.02091114442540959,0.0017506627972135314,0.0406866064809272,0.03980429262856083,0.02267429021800471,0.029230915544290192,0.026953836202335046,-0.05642826914964416,0.00992727474566718,-0.000688375448770262,0.009081618319499274,0.03795956919300669,0.029776704655785136,0.05072555411604318,0.03966144743373179,0.06275964451665134,0.015347914909426441,0.0,0.05735318099470477,0.019930746171545555,0.07040730601639966,0.0,0.04891893509080725,0.047742297841639636,0.05839234098851798,0.04232838758860341,0.06197768878606602,-0.00019301410571082034,0.05859547964063283,1.2763591741460356e-05,0.048929647309941204,0.058269391317039676,0.03701932130341068,0.008208766742723195,0.0,-0.0003576456906894121,0.07896764827772618,0.039482745825453636,0.017482889490579023,0.05606543526589347,0.06442236128994361,-5.551115123125783e-17,0.022195266535918634,0.027919718818171846,0.06366656324565678,0.051141262314543356,0.03489466811128639,0.03701881299751508,0.07331327497970586
0.02115904808040947,0.02564349010244088,0.058882078129349036,0.026668439847773395,0.03688514446198127,0.005914910254789962,0.03635945925890588,0.06074099271106104,0.0,0.04219096168558012,0.02223697475692693,0.025250266520006948,0.0486675529804107,0.026360063835063452,0.018457092823184307,0.016353165137272474,0.038083605715650115,0.01598620464009559,0.026049662459140255,0.024624080489023592,0.030579712275556947,0.022341392122572357,0.06022854110041742,0.01704694591372513,0.015207805324277734,-0.011577025925901319,0.04219408919074802,0.029523418195314843,0.02201466666641,0.03975040034235755,0.03372872652535952,0.03286600795051542,0.007174951726784395,0.03489951855436885,0.005382277497352095,0.05307600666640905,0.029415560893002735,0.019436793152181497,0.053512119524681545,0.005123684029815834,0.06407985921786857,0.03704439954089722,0.05007758247050953,0.04269131409671684,0.040492131527710584,-5.551115123125783e-17,0.020066934124459868,0.058421010747545354,5.068480997239e-06,0.021386313486821185,0.03716490037381903,0.023486052274719005,0.045812788831108286,0.07974805557211051,0.00843770526355514,0.07880664912636448,0.024073142738122277,0.05095401918070497,0.1191865498721526,0.016327542298822384,0.009185725492874941,0.0,0.0,0.07258798889752693,0.005270575479419781,0.00023850096027711043,0.007707599530686893,0.04544847945826713,6.2379431954529e-05,0.00808004878509433,0.011726496181343304,0.04646001418398982,0.04983554214285035,0.042762572735198845,0.01814747904336944,0.04109917553747311
-0.029473408388109967,0.014830974148606457,-0.006757806578602643,-0.03301794084777851,0.013264600898951595,0.020424534949342543,-0.011850251413896618,-0.006041649530513837,0.04219096168558012,0.0,0.04417899501314865,-0.016391151786753155,-0.015189712843499792,0.08500453974724653,0.002046226529863915,-0.06602791108380185,-0.035632024557927244,-0.043939128379726966,0.04180769542607771,0.055833365441277594,-0.07373400686366988,0.023173441436997677,0.007598460335296431,-0.010993518889729326,-0.0012769396863334115,0.00543604045093965,0.010045818519477667,-0.01946984154511522,0.008310480943172549,0.036165250476441146,-0.015313294939636013,0.023468542999216413,-0.04602599078687519,-0.037324225089817586,-0.019085125208696818,0.05815773044082867,-0.029446768412752483,-0.06874253326636054,-0.03584431695890078,-0.014698423354272794,0.022509800147090198,-0.007659923939928703,0.027839972268273283,0.018173853421140584,-0.008095364457729737,0.05847775214189249,-0.018145114957764885,0.0005537744413842693,2.8779537244338904e-05,0.00032760303990336803,0.031200771883308165,0.014732788921706985,0.0022151581911765694,0.010758955536369574,0.03100514129749793,0.016402943780036372,0.036811049329883105,-0.01869495339008953,0.0,0.0005610127644173346,-0.0020613011346399257,-0.046866311534065286,-0.056712846001381156,-9.459984705362245e-06,0.0001537008467405454,0.021870117558703717,-0.001078697306721943,0.031240019120054807,0.04989998614431951,-0.035320893762598116,0.004080979124958917,0.007672481369658812,0.02475666087748324,0.022189084127486325,-5.551115123125783e-17,0.008559255907144236
0.023916918373539153,0.0024332587635890746,0.12240121690718597,0.027916496749502084,0.06175640303972846,0.0579179913562361,0.06162834187659477,0.03164822119099542,0.02223697475692693,0.04417899501314865,0.0,0.030786586624628187,0.047688983629381954,0.0898676841415395,0.0,0.00012962086133799788,0.024881843127256997,0.030638154078575175,0.11907136022028314,-5.556738328044153e-05,0.028606100073289287,0.0018836804213071545,0.09308188356206326,0.03297728081649165,0.022607976659398177,0.026116817261226555,0.0734262118526432,0.05171955033515985,0.005999946247790711,0.017122341529176077,0.04272128767066874,0.07366586287351645,0.0513180758093682,0.05373899255457559,0.020756684135932124,0.06347388761655304,0.035245994436959915,0.03398806175174457,0.030203113308149288,0.004236364251399061,0.045208647878105024,0.0289416741632349,0.03781875620844721,0.034665042413322744,0.010571500212911478,0.0,1.1102230246251565e-16,0.1523464723997126,9.814495142146384e-07,0.09776963768754621,0.021038911255662485,0.04340980710459652,0.07276621829490587,0.09798546212888581,0.020608534772838083,0.2081854714847196,0.01653402292271372,0.03509111365455897,0.07454871462633539,5.551115123125783e-17,0.0,0.0,0.0,0.2820475609362425,0.004600862082724477,0.0,-0.00012477811347322287,0.06726971356655664,5.551115123125783e-17,0.0,0.00030397060582998403,0.009499208385559066,0.03308632576135845,0.0017023249670816698,0.0,0.053751146712908926
-0.0024844163915149764,0.014419227501739351,0.028550914003227623,0.0012318427169009105,-0.0037089534843476324,0.0061345666926383435,-0.017527358025831608,-0.020849796647281593,0.025250266520006948,-0.016391151786753155,0.030786586624628187,0.0,-0.009632055801976791,0.025872195834103495,-0.005858363243542886,0.006138678492248473,-0.01222005980085894,-0.01140529816053193,0.03147515142963181,0.018396993728132527,0.02455325327961161,0.015798845290041108,0.0024237883983641018,0.015627404579023063,-0.007030087447342348,0.03844828790559757,0.018741707079960368,-0.0283795591038436,0.030766234010030258,0.05716953943208375,-0.034898679500141194,0.036689641181892996,0.027075142116132545,-0.041471660161931934,-0.060152030461833234,0.0785298914663013,-0.03406815607257646,-0.033885044939218456,0.015100262810107512,0.011268719985326858,0.002823084748587501,0.01652484644822594,0.01939382283989044,0.019738447240315926,0.03974246688768712,0.04639592800674447,-0.00577169213562001,0.005237517450082663,0.0059924980591205546,-0.00010364682126429159,0.028837657203036215,0.028401119503681904,-0.0005499565856584843,0.020858259601431117,0.03226448658601899,0.019034772218771312,0.04338102695182938,0.04666573378738109,-6.201013361950558e-05,-8.160085468722489e-05,-0.0106034448860724,-0.037190259052373775,-0.04437829924796416,0.01194626978528901,0.004954387399646876,0.012257182312167048,0.008803339665971022,0.023786823332780926,0.04997131852954734,-0.01711192427532998,0.01142711025296228,0.02176578628546999,0.032069460603029565,0.007609986348127762,0.0,0.007195334871206938
0.03022852418899097,0.027538204807191435,0.043989898663024385,-0.036515229577028685,0.025296618553402428,0.014127638202115489,0.01192054137596571,0.007008467929317697,0.0486675529804107,-0.015189712843499792,0.047688983629381954,-0.009632055801976791,0.0,-0.0055236387271087595,0.04830942113618708,0.023255028678087486,-0.0060171146800084285,0.01006911253035464,0.045998578420719693,0.04052567492801873,0.01997870261329482,0.02805356817851762,0.02824090962868181,-0.006048058901173825,0.03429785125475526,0.015636603423992368,0.02947991221969337,0.0009533305999801511,0.01914183600621533,0.04834865078112993,0.00411135166640203,0.021692621916000687,0.023680230654654133,0.005644407086450198,-0.007743668715855023,-0.0034206464986467067,-0.008678419636233115,-0.04274546117925565,-0.11634372857235098,-0.0005425768785717322,-0.017832517570844086,0.007719552533810181,0.03832747191268093,0.0415373060627674,0.030539982244741137,0.013621988464151857,0.02344094338832836,0.05464678350550789,0.0,0.036042565773975244,0.03569258413660359,0.05054180327326818,0.03146667299373701,0.04181071374045209,0.020803118776297425,0.03248743758503492,0.0017660346413070904,0.038203099923688755,0.01840354565086061,0.042490053494046054,0.013586416261232692,0.010750644873138315,0.013869857889499182,0.05224626773811192,0.03429944610142566,0.04321252950885773,0.029663139997781474,0.04615519279205582,0.004418396165256411,0.028735325663509448,0.024233815812028547,0.050855929166579106,0.033727690661941034,0.03605205380202259,0.023414061379431916,0.044694650000619895
0.02786580771712366,0.009285129359089594,0.07520965984146805,-0.05541208978552023,0.0968083943769158,0.007145364125869635,0.0066625845649641025,0.032719061682716544,0.026360063835063452,0.08500453974724653,0.0898676841415395,0.025872195834103495,-0.0055236387271087595,0.0,0.03131103147626907,-0.00036198798849723657,-0.00013187831949773576,0.00012051618245295659,0.06744936379925459,-0.002687126877640167,0.0319411271080175,0.007953506886471395,0.04777064299927264,0.03818098022895017,-0.01155492702796801,0.026069535959091616,0.0342429016713528,-0.028286343196606556,0.0057546617733055805,0.008260416615956445,0.01680137705563911,0.01949161164951263,0.005754748350363048,0.05437962948498076,0.050028465382785325,0.018360970080681327,-0.009177662936360381,-0.011949833991333647,0.06281373100689719,0.0,0.03394098452313443,8.805417169027718e-05,0.06587062732269067,-2.8251012066937697e-06,0.0,0.0,0.0,0.05872683022431591,0.0,0.04032695808708009,0.025168386438079726,0.007756289309722331,0.06997342737246248,0.04393331836580283,0.0,0.0925629516742339,-0.0002834694026666029,0.02552655294424533,0.05430305189985485,1.1102230246251565e-16,0.0,0.0,0.0,0.05640354171452577,0.0,-1.1102230246251565e-16,0.0,0.0463155320486609,0.0,0.0,5.551115123125783e-17,0.023809870688477452,0.016036276667610427,1.1102230246251565e-16,0.0,5.551115123125783e-17
0.04459833109372796,0.03686027483785792,0.014705340893058139,0.02350234733112838,0.008779431136687832,0.031743027818285474,0.03152221553887713,0.0029078985421487347,0.018457092823184307,0.002046226529863915,0.0,-0.005858363243542886,0.04830942113618708,0.03131103147626907,0.0,0.013458892840516434,0.019706457463346982,0.013874810654351921,-1.1102230246251565e-16,0.01147062202054644,0.03485691450332484,0.023730907193670492,0.04377560724238383,0.03896342756332083,0.005246219784339645,0.054314630768729444,0.02946850442501553,0.06408548438159706,0.02621502894135569,0.047962376488027536,0.03683533357742924,0.052960817671137916,0.052562339245163625,0.03852960611589629,0.04274575914929013,0.06037850677501355,0.010968822429529512,8.678315515747714e-05,0.029957057624221906,-0.002557319796542945,0.04082659345946116,0.06821783568649475,-0.04273737394515903,-0.0043268440344161885,0.0,-0.03994987650135606,0.03785746342862295,0.024092621217310983,0.0,0.0,0.005368846109941039,0.02209972852688319,0.050502020918050505,0.0026917179884282105,-5.551115123125783e-17,0.0,0.007412496496494059,0.02214045580696128,-1.6088467595043454e-05,0.05226472341486377,0.01982859528637837,0.0005623681804456382,0.02130213001719722,0.0,0.06115214592737833,0.028997476536149536,0.055095452321127225,0.046116348599386126,-0.00010636763958726814,0.019380873666716314,0.03845151980873118,0.04791107761454083,0.06039618101843125,0.04484689319773244,0.015350866601552049,0.025319183271827028
-0.020377522386800906,-0.015788358279537285,0.04000987280697965,-5.21010709797487e-05,0.021052204897258397,0.011290416681108861,0.02792269557162691,0.021493486621204483,0.016353165137272474,-0.06602791108380185,0.00012962086133799788,0.006138678492248473,0.023255028678087486,-0.00036198798849723657,0.013458892840516434,0.0,-0.04534964820513743,-0.14685744468707632,-0.0001274396672527045,0.012064148548765419,0.007872300021022627,-0.06140577189191082,0.006519599697688616,-0.11121758581804958,-0.14657631065850665,0.013043443279891764,0.0007553139122851715,0.016233448699778164,0.017553461537012316,0.010681317754258679,-0.030484435292676804,-0.022804712979008768,-0.029373150560954686,-0.007299364876844461,-0.019254651554824476,-0.016927474779532325,0.008525356629750569,0.005991751202725992,0.0188718992267356,-0.06354469778493366,-0.005681493109022273,0.022527642439686024,2.09781342194737e-05,0.0,0.0,-0.004315955454936682,0.0026514186040263454,0.0,0.0,0.0,0.020309625042418677,0.005866940973912327,0.008411571753368763,0.0,-0.004695252833012864,0.0,0.011204341901536186,0.02040235912743954,0.0,0.04434720834273831,-0.02622495849747708,-0.03032361568447739,-0.05161116823122741,0.0,0.009105756882376026,0.012912711602585336,0.008468447995277406,0.04053992199963535,-0.004988106034120532,-0.04624882856760826,-0.008188050120786383,0.030275116424619053,0.02524349375089241,0.006818751185138638,-1.1102230246251565e-16,0.022072381507797834
-0.04161064223222538,0.03652774141855408,0.023470813018349135,0.013131480979484689,0.01828410886516829,0.01841449776533599,0.03474977241627725,0.005191384396485421,0.038083605715650115,-0.035632024557927244,0.024881843127256997,-0.01222005980085894,-0.0060171146800084285,-0.00013187831949773576,0.019706457463346982,-0.04534964820513743,0.0,-0.10240794956860344,0.01689313046871066,0.03481782375679793,-0.04083168145677696,0.04397132503363366,0.02137231657158789,0.004498308708394072,-0.048921222509369366,-0.021668011932348574,0.01203241540244765,-0.11784527849555126,0.04135000937359923,0.004698247378582654,-0.02686974299208167,0.008721005179743169,-0.01407566991655701,-0.011123042789981219,-0.01371836333197779,0.006242661334134092,5.8171799710626804e-05,-0.044910733928432256,-0.01199063759160629,-0.032373355045609675,0.015259732918150859,0.016591648565311867,-5.551115123125783e-17,0.0,-0.03302929503399321,0.0007648186599512052,-0.022085561186034386,0.0,0.0,0.0,0.0,0.0,0.0,0.0,0.018402432065174112,0.0,0.01962311195581451,0.013632226608820186,0.0,-0.00023434385753129394,0.012839986768768685,-0.024895725938754554,-0.036849427463945594,0.0,1.1102230246251565e-16,0.0,-0.0052343131967571566,0.0,0.0024011435412247817,-0.02341268011538733,-0.008612318262448238,0.0,0.024235957665019514,0.00012642616115310368,0.0,0.01810262587771183
-0.05580871785874236,-0.01116483555292147,-0.001887308163998458,-4.804342422365382e-05,0.013417000232965992,0.020596831996298137,0.02920411567659026,-0.022119296635596752,0.01598620464009559,-0.043939128379726966,0.030638154078575175,-0.01140529816053193,0.01006911253035464,0.00012051618245295659,0.013874810654351921,-0.14685744468707632,-0.10240794956860344,0.0,0.012781394154139536,0.008105623197303014,-0.04379283383736182,-0.0005237776277122186,0.0015462893355872587,-0.022276887214995544,-0.13144315718974117,-0.02669501993791551,0.009208679077763626,-0.013629636160998215,0.013013963274228268,0.022385555895322762,-0.05063313051611856,-0.016466373672220758,-0.03170289221223821,-0.020124984598367257,-0.030718472457891555,0.021162287679114933,9.695115771407581e-05,-0.03899385561647084,-0.0025332397951682295,-0.06674944047794407,-0.016105706958267296,-0.04056567988350529,0.0,0.0,0.0008017193862261407,-0.026646506563308026,-0.001338639663604868,0.0,0.0,0.0,0.015735498200893594,0.0004088741553951447,-0.0004234434666996467,0.0,0.019092569653522296,0.0,0.015384285263937703,0.0159242945020992,0.0,0.04429636770302703,-0.041387203948670015,-0.023428804245628265,-0.030658841638888434,0.0,0.02121147594008088,0.021056371125739992,-0.013602072291387268,0.01031318846870427,-0.007463216313510435,-0.027818449668699397,-0.011005722380530103,0.02187567426820375,0.015194717284610526,0.015022218121161057,0.0,0.005286412379576444
0.0,0.00898025603780822,0.11139210076869782,0.04462731984162882,0.07844015056286546,0.03634908223624694,0.0653107971606745,0.09326039870054459,0.026049662459140255,0.04180769542607771,0.11907136022028314,0.03147515142963181,0.045998578420719693,0.06744936379925459,-1.1102230246251565e-16,-0.0001274396672527045,0.01689313046871066,0.012781394154139536,0.0,0.0002604599803466834,0.006866670341273751,0.007661860033805923,0.10681610101321287,0.03722716163446882,0.01391140364493193,0.024144041959119344,0.04491121969134293,0.04479344906914129,0.012356011360309171,0.04076776359399287,0.03798650808049736,0.052835187085888635,0.056669305120769675,0.038856028499314466,0.017171662670760035,0.05543661999159866,0.03817289542719876,0.04325355058751379,0.07437399474944895,-8.83414515709946e-05,0.033492479141670306,0.020293908065562583,0.08928799151175232,0.0243430002763817,-0.0005502898249988286,0.0,0.0,0.15984847279043002,-5.551115123125783e-17,0.05660794522556756,0.04811018873737405,0.04291804252250464,0.08356223662694495,0.06879976390125309,-8.882835274898193e-05,0.16495160947203907,0.029477576663364036,0.0705748336879285,0.08595577811038985,2.220446049250313e-16,0.0,0.0,0.0,0.1369701079912919,0.00010882842887888211,0.0,0.00012333632279898366,0.061098926422247235,0.0,0.0,-5.551115123125783e-17,0.056253276396920016,0.013925103022875973,0.037776038663066225,0.00037519234840066584,0.022469077233533086
0.1033967754974402,0.0015724972086259559,0.03519949232068048,-0.006504856516975632,0.029876088500406184,0.03108689176371604,0.03516848248047666,0.057786864799182436,0.024624080489023592,0.055833365441277594,-5.556738328044153e-05,0.018396993728132527,0.04052567492801873,-0.002687126877640167,0.01147062202054644,0.012064148548765419,0.03481782375679793,0.008105623197303014,0.0002604599803466834,0.0,0.06171922477875319,0.011740900913866092,0.007303388331618754,0.002981564252440949,0.013593623119650788,0.06550644372671605,0.025341859280563594,0.03680534018919951,0.03041175434437776,0.02015406064525449,0.026574060305106784,0.04542466136547124,0.025946006238492247,0.05496115917618577,0.027063156113842357,0.04265152509139514,0.021485746480509493,-0.037164140068275175,0.025018389034332456,0.058960767365438815,0.08362416630908687,0.07902220831865636,-0.01074390750730908,0.015557030254855886,4.748855336955682e-05,0.022058071929648093,0.016019943259091396,0.02254914005160913,0.0,0.0,0.07580409129914123,0.02630690832199789,0.04647047561559969,0.013011046105665225,0.0006183855080812428,1.1102230246251565e-16,0.019072353661984343,0.05169222058415368,-1.1102230246251565e-16,0.05527113438734299,0.031060954313312128,-3.3371684081406894e-05,0.025329210125804857,0.0,0.06577283489658281,0.06406601890163505,0.05405770623581513,0.051064910410106745,0.0,0.01009409015583096,0.025630858838911308,0.047509113258961566,0.05003339535491036,0.050642896576041485,0.08130485577428787,0.09326059470729436
0.04328738603768906,0.011700391325361381,0.038128963278081074,-0.0004849184707003684,0.030248902031250247,0.02380193344016568,0.00939258043013591,0.03662704336371969,0.030579712275556947,-0.07373400686366988,0.028606100073289287,0.02455325327961161,0.01997870261329482,0.0319411271080175,0.03485691450332484,0.007872300021022627,-0.04083168145677696,-0.04379283383736182,0.006866670341273751,0.06171922477875319,0.0,0.03353567078044983,0.0376147095078701,-0.003243204203497607,-0.0283743457474816,0.012377798807243823,0.03378190784943036,0.033248947394957706,0.021944488940159546,0.01891685864535425,0.010734459421619547,0.020804762817711375,0.02675014923889607,0.014589243466890445,-0.02405558764512905,0.011411624286486621,0.015783242121787167,0.037674371470085344,0.030787394712267768,0.005870798050748138,0.011843797250345789,0.022085297766978207,0.011844051854067783,0.0,0.0,0.07168076487585479,0.02610465145893537,0.019530958328708103,0.0,0.0,0.0093608157333675,0.044368947847694684,0.058020918169111646,0.009982245745769058,0.036106315638816666,0.0,0.005939656925311676,0.02466613803743195,5.551115123125783e-17,0.033419295381966196,0.023445949768397367,0.0,-0.014612022506104605,0.0,0.047562333149501534,-0.03684630926402227,0.050279219539498765,0.0271648812301305,0.0027714982721951387,0.016073449706373255,0.01910539513885412,0.03322814349290343,0.04357991479176593,0.017251420524315497,0.009103904259327555,0.06961494870935031
0.05450570372741981,-0.010025534226583033,0.002895113133468963,0.010031295128759221,0.03844798457142179,0.024508517935146912,0.02808044066416926,0.032718342993813765,0.022341392122572357,0.023173441436997677,0.0018836804213071545,0.015798845290041108,0.02805356817851762,0.007953506886471395,0.023730907193670492,-0.06140577189191082,0.04397132503363366,-0.0005237776277122186,0.007661860033805923,0.011740900913866092,0.03353567078044983,0.0,0.054765347340516135,-0.0012799418222138592,-0.01671112065378888,0.03774237860896479,0.018445873197663276,0.023437635996783335,0.01686225641545669,0.0250589780638244,0.02720071529832041,0.045542236108460976,0.014603453075399064,0.037381910365101856,0.033114755512059335,0.05851447024570511,0.03517813515543128,-0.030830592375437116,0.003064662643938121,-0.03357918328899173,0.018954965385835965,0.043129886854771704,-0.02267945196121246,-0.00036614656608968676,0.00024394698776314394,0.01895670257501847,0.005611713160230236,0.013997244525395969,8.846851084765017e-06,-4.393515395545444e-05,-0.013082383850185508,0.014806699025667613,0.06867384617946093,0.017395136242149056,0.017974639222911537,0.0,0.010556407104157062,0.02637157023968356,0.0,0.040318803456248054,-0.020077920045111386,-0.006643178111364834,0.0013710005886007348,0.0,0.05337933452229304,0.037217816638958734,0.04771250196928406,0.0505994569296106,0.030165230427600775,-0.009047180106266317,0.011551153746312215,0.04697940526328842,0.0599189411233747,0.04708378595211654,-0.004528601726909276,0.011298538370733857
0.04057566629127596,0.015368193594410717,0.1277995099515462,0.022810758314978696,0.06250161646600283,0.04902644224982461,0.033336744253422756,0.03646927020950119,0.06022854110041742,0.007598460335296431,0.09308188356206326,0.0024237883983641018,0.02824090962868181,0.04777064299927264,0.04377560724238383,0.006519599697688616,0.02137231657158789,0.0015462893355872587,0.10681610101321287,0.007303388331618754,0.0376147095078701,0.054765347340516135,0.0,0.009229652602442628,0.0031213429046792474,0.03407536036205011,0.0025028690019096023,0.03129847303417438,0.010744255442108941,0.02944967656315073,0.03620018357213506,0.030719653940527947,0.0321666384425604,0.04165821717386475,0.015120966232365418,0.0661107449561793,0.02362299050949218,0.041152424405756005,0.05573140254602227,0.024602673443342715,0.06067364370154371,0.05542384285803481,0.06090305153972764,0.0776973380958007,0.00651230808605191,0.036081168024754695,0.03971279514013448,0.09754915035919587,0.0210731083191093,0.02916319443659554,0.054491523401269726,0.04602857573136787,0.05196165502711003,0.06286970176920592,0.02984613957968102,0.11225477927805017,-0.0019850529354054625,0.05418146202311491,0.04213938772694681,0.03873288540259151,0.035329384230072036,8.118031222248412e-05,0.01920918964984164,0.09587090776438267,0.04915693013643685,0.024617356488462805,0.052567546736295545,0.05242897711902872,0.0003128527602568876,0.03478536567053053,0.04427004575574178,0.04779247872529879,0.052752530917886564,0.03581642255571471,0.057773343319775905,0.067496702333677
0.018557540146419083,0.015200833040706185,0.033586572120961,0.04343395126366606,0.003673905470456762,0.0025715220732238087,-0.029808837857614956,-0.0011816575226857307,0.01704694591372513,-0.010993518889729326,0.03297728081649165,0.015627404579023063,-0.006048058901173825,0.03818098022895017,0.03896342756332083,-0.11121758581804958,0.004498308708394072,-0.022276887214995544,0.03722716163446882,0.002981564252440949,-0.003243204203497607,-0.0012799418222138592,0.009229652602442628,0.0,0.011815668230578391,0.024490139466235794,0.008688529306049575,-0.005998167429310197,0.03260738194796642,0.007622517720564992,-0.02637356852311984,0.006369654139026459,0.00462788752030846,-0.032566442185691935,-0.004289612270832632,0.019574555922310777,0.003424230829969066,-0.010801241143736817,0.02178405776757003,-0.01968703205951633,0.02509643543207818,-0.0247646650291673,0.012610851889396757,0.002601556533817162,-0.03351401266101378,-0.028056100890155256,0.006249305842363551,0.0,-5.551115123125783e-17,-0.0003206473608651228,0.002488386497422501,-0.0002747633986878717,-1.6653345369377348e-16,0.0005712058029897493,0.05101433646284076,0.00042021056064456275,0.047300504074665795,-0.016940124617874863,0.0,-0.0011490807017546234,-0.007693561758847833,0.025898001032619966,0.012559511681565105,3.9074914969627894e-05,-0.0007534342618901735,0.004831973395095002,0.020633095881092745,-0.0010005924756051332,0.14607195980859422,0.03398837027819551,0.05068907295539732,0.005695376426180954,0.025262620774957223,-0.005142106401766544,0.0,-0.016170647996638754
-0.02705856660218081,-0.015884975384423183,0.0013799424451523823,0.0005573404676609828,0.011596496190496186,0.026355981743864443,0.03728905626369988,-0.023599373177158323,0.015207805324277734,-0.0012769396863334115,0.022607976659398177,-0.007030087447342348,0.03429785125475526,-0.01155492702796801,0.005246219784339645,-0.14657631065850665,-0.048921222509369366,-0.13144315718974117,0.01391140364493193,0.013593623119650788,-0.0283743457474816,-0.01671112065378888,0.0031213429046792474,0.011815668230578391,0.0,-0.006214799723178288,0.010793125524631686,0.004628643015051892,0.02693054470127293,0.012284442997758382,-0.0126893531431449,0.0016464685317453265,0.003807179549531914,0.00897380772341777,-0.004576664796127172,0.022774441660735,0.002086512117062067,-0.04149084322145441,0.011594326703939839,-0.038335195921868404,-0.0026140156768896805,0.0029728748800781357,-0.013407320925056865,-5.551115123125783e-17,0.08753847378112739,-0.02167580191143481,0.006458486247837625,5.551115123125783e-17,0.0,2.220446049250313e-16,0.021755029548165605,0.00761293682130304,0.03290483148967138,0.0005377327553315325,0.022992714977333406,-0.00040793788342435855,0.030377425533709534,0.028377200780966894,0.0,0.034756892117473015,-0.031466671337626095,-0.011563473362671606,-0.02275199238419534,0.0,0.011362501697357974,0.035402774132275494,-0.0030735893533806458,0.036091763043970326,0.017547078649445214,-0.017752366292422495,-0.003394978800152215,0.02527311195657883,0.01061375507452228,0.011816488757663446,0.0,0.004983228578859911
0.005741246242547349,0.006380304752540089,0.03043678474252648,0.022340727425881224,0.019913690079211788,0.03555830430581275,0.034610212622361525,-0.011674509213098316,-0.011577025925901319,0.00543604045093965,0.026116817261226555,0.03844828790559757,0.015636603423992368,0.026069535959091616,0.054314630768729444,0.013043443279891764,-0.021668011932348574,-0.02669501993791551,0.024144041959119344,0.06550644372671605,0.012377798807243823,0.03774237860896479,0.03407536036205011,0.024490139466235794,-0.006214799723178288,0.0,0.0412457612895506,0.0012595990098753784,0.047251916440657515,0.027142030105877235,0.00893863610167267,0.021067381304382182,0.004972123201805345,0.014577120642381147,-0.0016672109194008633,0.0043446459099046875,0.01960519222543361,-0.018627746670512646,0.025634201965400227,-0.030383554294058868,-0.006833927066207557,0.007934020533901076,0.005367977404888535,-7.042704619336648e-05,0.05828392888980316,-0.006073285559044184,0.018763804896311687,0.015097671121444334,0.0,-4.409689330953093e-05,0.013005617792489488,0.022262732475341607,0.03678109260194801,0.010151478087297938,0.023271324158120277,0.0,0.03179948485740208,0.0324617439514468,0.0,0.04763842505651017,-0.0022529297010673854,-0.00998101690849773,-0.014150203361051883,0.0,0.038106350270232736,0.035157042590695464,0.04236148898375841,0.0440353006932403,0.026924224370096728,-0.005907476205683382,0.013565403410206733,0.030272857017712707,-0.006396548031674609,0.01737483232227821,-0.0005082978150065531,0.009225373748286969
0.04574452140068469,0.016358601811645668,0.0631474719608705,0.01411962930617544,0.057191056277780095,0.04454645057616463,0.04005859436668441,0.05780076168715781,0.04219408919074802,0.010045818519477667,0.0734262118526432,0.018741707079960368,0.02947991221969337,0.0342429016713528,0.02946850442501553,0.0007553139122851715,0.01203241540244765,0.009208679077763626,0.04491121969134293,0.025341859280563594,0.03378190784943036,0.018445873197663276,0.0025028690019096023,0.008688529306049575,0.010793125524631686,0.0412457612895506,0.0,0.02510845188271038,0.009279837565502325,0.018567276966714064,0.027203865486498002,0.02486297526613318,0.011809594252281674,0.03677326979946666,0.01319096393980046,0.040278028751213724,0.02305039667582892,0.02540505933840631,0.049593281026990677,0.025504264860006065,0.05885216755935996,0.05889319318918185,0.03731625047049153,0.028228821795353076,0.03335789623465529,0.043102575221027783,0.036817567053873845,0.06042712384038251,0.008237542924162511,0.03748901567308971,0.05108428685498001,0.04010662128240561,0.039397185966171255,0.051896393318932144,0.005757939356680064,0.05870357421638872,0.017160837312541033,0.053132222498048165,0.08439784214020007,0.03144816179019766,0.0315904015881896,-1.1102230246251565e-16,0.022382549355148718,0.05541689663316973,0.040006956659365156,0.01936930397450054,0.034105597731670045,0.04381587115002794,-5.551115123125783e-17,0.019601836825317964,0.037172043466732196,0.03890593425815636,0.04538300337448098,0.03141406967305316,0.043304424232423644,0.056748175974894566
