0.0,0.5440217812770987,0.27109994645252267,0.0,0.15789075659446367,0.07099166225742962,0.3678043321673325,0.785130330617912,0.3691157477784136,0.5054258327747998,0.32978284331270324,0.6862151994831514,0.32875449795668277,0.4887662490036846,0.4973531274385003,0.6626263099118693,0.4036356533601562,0.5594647084777042,0.0,0.30453449175513103,0.47278269021469616,0.41609429998511005,0.7327510520685134,0.6843623964904441,0.5437542655711383,0.6717158852358472,0.5643596516795996,0.30990579721141825,0.4341069897057265,0.38708643672696397,0.6491783701712788,0.5617679194591009,0.39573635982319744,0.5919214082971617,0.6186878354676393,0.39347977744319174,0.20580137126103776,0.6398823252174433,0.3960423530425874,0.5062414062142891,0.48065516689093446,0.3830454063688382,0.1949684879730511,0.0,0.2171137593050779,0.5627750381771667,0.5912618386948666,0.0,0.0,0.0,0.29285362317760605,0.0,0.34604398785515134,0.0,0.13060531092430785,0.0,0.4547916650652986,0.31729368835099103,0.0,0.34141804572165396,0.7195952935982627,-0.09338768027619244,0.5075698580501679,0.0,0.709183271509436,0.3074653936349177,0.7344176273203322,0.5990365339442962,0.64001184982661,0.5451152163328746,0.7109155597433395,0.647596252770067,0.19714005155266992,0.7384538003426975,0.0,0.6252275273376099
0.5440217812770987,0.0,0.33467139022041,0.16761254283631213,0.5035815804829589,0.4979074696790131,0.4755909798366984,0.7460453713035812,0.48872109776971473,0.4334618258151055,0.31525469961590474,0.6354203615160158,0.48473813919363185,0.22883953024504275,0.49437908032274436,0.5758141489581993,0.31760507448911324,0.6005867382080801,0.17622824002805945,0.6189798619021137,0.6152682654475111,0.564995473928601,0.7329903637066332,0.6312097076250441,0.5049221977594407,0.5154032385268745,0.559378471865537,0.5209035580212843,0.5927078503140165,0.2698965778402957,0.6799903246938075,0.5914954183413405,0.5428887314909114,0.5466794043028362,0.6678399571660889,0.325151785629745,0.042576079795666404,0.0,0.3597054157945723,0.3836330913472638,0.5179531121122776,0.5076877253256515,0.20267086874469303,0.0,0.0,0.5255381411187342,0.637210005910309,-0.03447390204283517,0.0,0.0,0.714793506761532,0.4541153430788135,0.29631062553211673,0.13581578165290903,0.08589819169351337,0.0,0.11615791532071479,0.37473892147358784,0.0,0.594923987118115,0.6862412928359108,0.0984756301230079,-0.0711553230649237,0.0,0.7921989493877525,0.4585762925013096,0.7896315687094222,0.727785428331735,0.4153232076224731,0.34257002943553955,0.6325751159261596,0.5927370423082713,0.38437531046656276,0.6241081515196639,0.0,0.5474436940798267
0.27109994645252267,0.33467139022041,0.0,0.36306500703641975,0.45237872485388164,0.5726679020347057,0.45071266676008587,0.47398157062679747,0.39427975180067876,0.7182884868312355,0.21919357348856072,0.5754777833844552,0.5443222762659825,0.3305203211374143,0.022918345040918876,0.3446525179022978,0.3625461977900568,0.2582636435514773,0.3381631943979903,0.2607941103515192,0.435936913313833,0.4198049986858763,0.4787897271887979,0.2855775389931075,0.19221641808638706,0.2371720021546296,0.38005051638877624,0.6747542690931618,0.4160898828850801,0.403812772205943,0.5977092593938919,0.522342576974729,0.5892819915543324,0.6007791590208783,0.5606617321150738,0.40179263130500553,0.7540312648655758,0.30658880977918695,0.25876469859442225,0.21349589309630493,0.3703713249693963,0.3866604482590184,0.21816593481639407,0.09356175578600197,0.0,0.0,0.1469836173309071,0.28280658611620185,0.18376189851039193,0.019699894939466195,0.3103500632141155,0.531324798884896,0.3390413113625055,0.5320105228874852,0.20844959839119934,0.4297246353098636,0.30683206636868166,0.38605698752455603,0.3007999526511381,0.14775496389789747,0.0,0.0,0.0,0.14573043140023342,0.1977445732452705,0.21960722366832633,0.09806276821892003,0.35278497604076586,0.0,0.23574840341546255,0.19559516893221407,0.49154764292965336,0.29867126532821914,0.24470056993564882,0.22273877065474232,0.20380144643692302
0.0,0.16761254283631213,0.36306500703641975,0.0,0.5529282426771959,0.7735594750892728,0.6809993330784464,0.6494399541897852,0.6124658163000777,-0.00808667612487985,0.6495332965357612,0.710209502387956,0.32284051205484654,0.2915720758822983,0.3846226699285094,0.09720633958243659,0.1394845194627335,0.19791373468781046,0.5732675149193462,0.36002125597992496,0.16219420532014622,0.284255875826487,0.46195882039221725,0.1456242408309507,0.3535043859167998,0.3478747962449639,0.6640084274020728,0.4836517450009886,0.15905352301835549,0.24087985172689177,0.14686123666541903,0.17809580923289492,0.21951265126700342,0.09537562286459775,-0.10371598826545403,0.099679222546983,0.17918888946362066,0.21673646757837997,0.148631171130932,0.1996271077977388,0.06288512482516843,0.23314239576701468,0.04806389208398237,0.2671388311191296,0.0,0.0,0.0,0.19005457363141012,0.0,0.0,0.17115266133966725,0.0,0.23602796002504892,0.10628403511764276,0.0,0.13532489469876144,0.37273081979624095,0.19654603447475255,0.0,0.0,0.0,0.0,0.0,0.0,0.0,0.0,0.21451976522398128,0.4115080577834576,0.0,0.0,0.0,0.25070534541495565,0.1982499157852288,0.17290102777263627,0.0,0.0
0.15789075659446367,0.5035815804829589,0.45237872485388164,0.5529282426771959,0.0,0.5295549574424188,0.44705468029728196,0.27908419855510114,0.5144688564249177,0.6788760615699642,0.42565468772009224,0.32328853306058253,0.6164821246488105,0.3511172389544229,0.10648232892643306,0.5805766680045994,0.7491052372201923,0.3299676349006735,0.4300104772975843,0.6270327197696738,0.0891293360299984,0.5414720538533496,0.39009006687614767,0.24529467450469816,0.4257809193252129,0.28203771488598545,0.49328093715330934,0.6899461959961335,0.6717555694288113,0.6001027095182913,0.7002111274109795,0.5901466615237129,-0.020653844966675404,0.7000822651995091,0.5275904403650047,0.33800510680913987,0.3223861736518251,0.46860730768524966,0.14091558947667052,0.2710521360500934,0.3131977639888649,0.07377954730204284,0.004772057562738831,0.2525265156900389,0.16870309329178884,0.0,0.14924435688179039,0.08129445738996278,0.0,0.021915327496173843,0.43504063127338266,0.31110758333586513,0.20472294136622077,0.46893317590590833,0.0,0.15035816750807574,0.20454176391253026,0.3707673478406652,-0.10122721787207975,0.2532263435869573,0.1941578468763988,0.0,0.0,0.14928027042048175,0.19809613220148567,0.213404519949479,0.1906161979265415,0.45138029489010933,0.0,0.2156942400068786,0.14460514237731456,0.34619453320011634,0.36338704816998496,0.16412198963787736,0.0,0.29807175514413403
0.07099166225742962,0.4979074696790131,0.5726679020347057,0.7735594750892728,0.5295549574424188,0.0,0.6517227133289721,0.5162326849356687,0.45651723368859004,0.5990019788977492,0.40952226556375204,0.6154480908408327,0.6871694583358442,0.38827962378286024,0.6585799738272489,0.6257881212498994,0.16483396853121807,0.6201436512614593,0.3632704559413667,0.5148916385784474,0.35975085629946096,0.5392446970892448,0.4302251452685788,0.30583331763512667,0.5368734821613548,0.3164752947538788,0.4584030588782818,0.5565126558121816,0.4025729615088656,0.6910513517557543,0.798208974092282,0.6236677566005627,0.5418112475911141,0.7919434344447253,0.7568964644909979,0.43592786539936407,0.653925486641976,0.43982386693676345,0.36631485676030645,0.250293209057466,0.4260318881728627,0.4452314139766021,0.27246596917578086,0.41956529661007086,0.2248620796365253,0.33909073881380924,0.46166903720053043,0.330047734360525,0.3345896237928368,0.26501402489747805,0.3025711224520553,0.3994066408117125,0.709921268695811,0.5135414813224708,0.30305874438385255,0.3095714489441952,0.34773223928466557,0.31041874165526456,0.8468907193898665,0.5698466378874711,0.4229591799300152,0.0,0.4564100772644036,0.39541777290836905,0.21420253651357235,0.34711511920701227,0.511491847884353,0.41902310851330665,0.23062338520039097,0.3010222882895951,0.4809187376020624,0.4130543424794161,0.3586392888360469,0.5843425023145133,0.3017395009528382,0.4022913940058571
0.3678043321673325,0.4755909798366984,0.45071266676008587,0.6809993330784464,0.44705468029728196,0.6517227133289721,0.0,0.4123844508900626,0.5101393846301451,0.6653014273052911,0.3956212660950461,0.498813481335564,0.4683279489910683,0.42562387155242404,0.3757587403370844,0.5621688283015905,0.6845595367083198,0.5325135116673236,0.3769084835213444,0.5627284770894414,0.671785924681711,0.60114235221979,0.5016576524175189,0.5751455102028249,0.6717338408207877,0.6431125250317411,0.4848827916940982,0.33065985634041334,0.5226225844469136,0.7675657764795482,0.795973080883557,0.7090222267260555,0.3404412982917161,0.771649720970738,0.5488943412208734,0.7343513032260557,0.5796513273338577,0.5631657642698632,0.10933809481212907,0.22226772345497783,0.2819540798728583,0.27678645212174585,-0.03572736172823672,0.4999704595352038,0.31459475991603847,0.0,0.36014509694184527,0.28612587007459706,0.0,0.3121964954804175,0.33197633988321273,0.3059552782348898,0.2960258597259629,0.37950458387237757,0.3091255665586512,0.19869522880957707,0.18060529962173874,0.3986707661272308,0.058705013513430604,0.23866038724834246,0.3984761834361217,0.0,0.2337892757697618,0.35668005167046807,0.38688555625880816,0.2138937554617834,0.42176246643298965,0.3804508946152696,0.21317569976575726,0.283241411904714,0.3601723881607992,0.4300653291230509,0.4080510011255437,0.3743800624864296,0.2631075857860976,0.23942724256942705
0.785130330617912,0.7460453713035812,0.47398157062679747,0.6494399541897852,0.27908419855510114,0.5162326849356687,0.4123844508900626,0.0,0.3742291245542411,0.34108405753982335,0.5072639293284845,0.8116714636435787,0.5121993722396425,0.6285584484040079,0.7842355927124329,0.7676536842207771,0.30386701633937463,0.7119178869804995,0.45025813131721204,0.4079629692601142,0.5552636625693613,0.7269694014788984,0.37504583561475197,0.6943965743454141,0.8223155539957434,0.7793183457393279,0.478761779395115,0.6698825151345184,0.5088674579799001,0.6930870977125186,0.6813897480531516,0.6602809938433261,0.704133227917826,0.631486460414701,0.6039185233467603,0.02013980102322837,0.833274812531025,0.2706870558466267,0.6412928269926036,0.19390794432666025,0.33798339814526845,0.4679333914334205,0.28404918585087163,0.33451584978051946,0.0,0.41056890749482267,0.7994861191448841,0.24708509481797114,0.0,-0.33486810934244676,0.3764412702793707,0.3588830762343097,0.293223355013619,0.3528198484854774,0.2672545817833737,0.39036720604807956,0.38599827922235425,0.23436738087191517,0.10083982425984761,0.4687097704054137,0.09955922025127574,0.0,0.2192686230226741,0.2285011175563116,0.6148621340258962,0.5230559222675943,0.2871605445861211,0.4175701754278622,0.0,0.2866393910512135,0.6601679946277451,0.5442460969068784,0.43441405293146096,0.6060763366289903,0.3562299000315054,0.4363474543487167
0.3691157477784136,0.48872109776971473,0.39427975180067876,0.6124658163000777,0.5144688564249177,0.45651723368859004,0.5101393846301451,0.3742291245542411,0.0,0.5649831109890252,0.21406386837557678,0.32192158513931796,0.5526019243918548,0.3564716052518775,0.3063834055915225,0.6392653134487929,0.34214433561588914,0.48189014564404975,0.32226255360945466,0.580468693948004,0.44396754176263575,0.5965806511547265,0.5249194208645042,0.7372999869720361,0.507786895878913,0.30011035936593194,0.558646496789121,0.5838273584713892,0.6087721865845968,0.4249418088577227,0.5265478810751073,0.48325324546195486,0.25307470693141665,0.5471662435419699,0.44671128994597437,0.3086400617721614,0.5186270397919875,0.4688913979773318,0.2742161211821397,0.20043801570627165,0.23150785965681553,0.11221388467972049,-0.06894441495793568,0.3578429507212767,0.24267684703743647,0.0,0.1993844785115575,0.3887816955154383,0.2153076528530472,0.2515174337431293,0.3585991712458142,0.6887025764964222,0.2668025504744441,0.3854986011223363,0.11632891064431382,0.2649921555705197,0.3710311108640547,0.37391756859846614,0.06376853803153912,0.19674712767983504,0.28847792623742397,0.0,0.0,0.3036570783429189,0.3552220874056501,0.3687776049871888,0.3759461738649021,0.3317792878810434,0.16610878308133742,0.1799692370707941,0.19425147335213397,0.3961600049594161,0.2735468130457043,0.3248305428407902,0.19600354429605296,0.36470210194218844
0.5054258327747998,0.4334618258151055,0.7182884868312355,-0.00808667612487985,0.6788760615699642,0.5990019788977492,0.6653014273052911,0.34108405753982335,0.5649831109890252,0.0,0.5546701034517922,0.3117267943552847,0.6851477567033163,0.676449650929891,0.3306269833784165,0.2318530551433308,0.22658161581400024,0.575197769674988,0.6354156773815735,0.23132276677911429,0.4357914158923887,0.16790716824258065,0.5383877913787354,0.32388625904128676,0.699842869520264,0.6449478207789365,0.4723586096905035,0.676538629628464,0.24951167122433787,0.164413085937003,0.4084186077171053,0.3372136817971229,0.4981648954372855,0.41270793697209635,0.3484203607957881,0.30001177074093544,0.13525430091032406,0.10991756918987863,0.2978433017523492,0.10461526719797704,0.31340365401809844,0.6862686241082724,0.307240846048652,0.3172749744409256,0.1622132633475474,0.38642788887004875,0.12120159849905278,0.19094216397785557,0.18610074471672522,0.19484467878964742,0.1989277133401905,0.315728679724935,0.2131497836153507,0.2607727607446667,0.37029399839974386,0.18514077587837058,0.6287877124858429,0.46723180726699354,0.0,0.24662670626786992,0.1474205512168994,0.5972543957643213,0.4503214932439315,0.2006919983532643,0.2023320560334894,0.4073002543926306,0.06764009156831848,0.31963352507125525,0.28768015862893104,0.6731875808653571,0.7004824739812813,0.2762996919553022,0.39292291385491696,0.1178785176300166,0.0,0.3854923392227245
0.32978284331270324,0.31525469961590474,0.21919357348856072,0.6495332965357612,0.42565468772009224,0.40952226556375204,0.3956212660950461,0.5072639293284845,0.21406386837557678,0.5546701034517922,0.0,0.09372479004612652,0.46450287962222697,0.30016490606101237,0.0,0.22221387330686643,0.6094851780538729,0.403754235488473,0.19397536049753247,0.19247560797609883,0.4120800464174136,0.24948809685019213,0.4229944565296089,0.385534462979157,0.5963076600170306,0.3355352164519952,0.2892616822668877,0.4471349908020546,0.14542790147951348,0.33936943371839534,0.4815650266305437,0.64365628345618,0.4692778523052231,0.5152537416782852,0.4499252226053892,0.48608287455672533,0.6088903868013538,0.07946062595647957,0.29726273223635985,0.18524258008203992,0.3451856759987624,0.31215278243234795,0.11623258627668934,0.238149194264261,0.18036006555956588,0.0,0.0,0.5152116388372772,0.2355409855093254,0.20360527846754842,0.20048340709267226,0.31504450840450726,0.35667435472478637,0.5785214703988668,0.2426786225769957,0.43560522940357943,0.21872024117417696,0.6937448188506818,0.34887443544558866,0.0,0.0,0.0,0.0,0.5419170047291404,0.14493993605346892,0.0,0.20271140682348854,0.2879555516847663,0.0,0.0,0.41845758094895735,0.44182322663969753,0.5803834456307816,0.16719306905216993,0.0,0.36763089012317346
0.6862151994831514,0.6354203615160158,0.5754777833844552,0.710209502387956,0.32328853306058253,0.6154480908408327,0.498813481335564,0.8116714636435787,0.32192158513931796,0.3117267943552847,0.09372479004612652,0.0,0.5702730911383233,0.23973218731695578,0.3674427322480908,0.25693948812645884,0.6228609857257053,0.8022481731833411,0.26711019857601065,0.1285143930834758,0.7384007283985123,0.16246139654737518,0.4493584820013106,0.41497674637622955,0.770519955282242,0.45984236567989445,0.24020354998669152,0.5359056418912443,0.452686012047235,0.26095828289179845,0.3656878460655085,0.29823260685281683,0.4082847870195724,0.3519790494838387,0.4009720867735721,0.23560651017197204,0.41834088841788425,0.26466331150926564,0.5341360506445352,0.21706307517890377,0.4161250546959126,0.21156119889478417,0.2489714256473996,0.29779153153241156,0.3343856889479996,0.4448314151896981,0.14663992628428046,0.11434881382201964,0.17687171619995037,-0.04572704666850913,0.23496755644176526,0.3681977546953209,0.13472785056747996,0.19010678331191788,0.4831659388979377,-0.13482390130774646,0.6882381208494756,0.6090982716711772,0.214400441181398,0.2162552892733588,0.10416145704069117,0.5980301992074522,0.576132455550202,-0.08571676748259398,0.2650223684186869,0.26902273262433024,0.27272452670259806,0.22044088870387457,0.46284017987716,0.6619664659621249,0.6718000868799321,0.16635231130119144,0.5641938044026414,0.3024780115281136,0.0,0.5888529172259809
0.32875449795668277,0.48473813919363185,0.5443222762659825,0.32284051205484654,0.6164821246488105,0.6871694583358442,0.4683279489910683,0.5121993722396425,0.5526019243918548,0.6851477567033163,0.46450287962222697,0.5702730911383233,0.0,0.4003953938411999,0.5001032583300595,0.5795816504319311,0.7151032168333351,0.5929961260551893,0.48477066744790664,0.645001657387263,0.33320212419289863,0.6084659891923692,0.6226497598823946,0.431101769957661,0.692904351317874,0.6024185681276292,0.5768379912657333,0.7357288759029558,0.6460240925173056,0.6168358237361452,0.7436744409296886,0.7094696066831064,0.327176474233589,0.7817594026963086,0.4824919074897935,0.6111380337393836,0.4948738044100021,0.5506388281956525,0.2943242147872307,0.4981615795537509,0.16291164162082286,0.314209166530831,0.0575805293272064,0.13608814412566891,0.3759020081963978,0.36154336494527534,0.36840945457188007,0.4267265036936551,0.0,0.36776186341548744,0.20333867829110966,0.37510543214333203,0.2827806375692887,0.36584866755057194,0.3345663668656418,0.2524895969281956,0.44072470762688626,0.33120350643501356,-0.021399223746378544,0.3735567206182137,0.3990330282462654,0.22027825578838464,0.3605545568785614,0.41031607734031283,0.37205602127373755,0.3432600710477037,0.37173488928576764,0.5384695104197821,0.3365682550918801,0.3351866745302587,0.332708462951475,0.5626478180907002,0.4773076446990405,0.7223305109174484,0.3029281842186475,0.4598368775056553
0.4887662490036846,0.22883953024504275,0.3305203211374143,0.2915720758822983,0.3511172389544229,0.38827962378286024,0.42562387155242404,0.6285584484040079,0.3564716052518775,0.676449650929891,0.30016490606101237,0.23973218731695578,0.4003953938411999,0.0,0.29864903657774444,0.2129262229060966,0.19439288530225424,0.22571703223466005,0.4540035096289111,0.26111766026189387,0.6246712842038732,0.1296999189830975,0.2157072928258143,0.4488464460402283,0.23302402381072254,0.3325347809310662,0.42223614273425913,0.6196681683828434,-0.022567809431489453,0.27686276718441744,0.5187290896622846,0.007517072161837321,0.2645424008115928,0.4432744697569823,0.013982801664992155,0.2296627580369738,0.054176685636063995,0.12086005040627577,0.24517578780871968,0.0,0.41469520680274335,0.24664363472850107,-0.13064739964421335,0.1837307753801794,0.0,0.0,0.0,0.13611372280796546,0.0,-0.18662661912192274,0.28766666670115437,0.0020230773756448814,0.03230780516861502,0.14937392436587793,0.0,0.052115643063050845,0.1534685507668639,0.40335505650334086,0.05467320284543021,0.0,0.0,0.0,0.0,-0.09054069634183623,0.0,0.0,0.0,0.2591468168585346,0.0,0.0,0.0,-0.12129574256006266,0.25418100842582697,0.0,0.0,0.0
0.4973531274385003,0.49437908032274436,0.022918345040918876,0.3846226699285094,0.10648232892643306,0.6585799738272489,0.3757587403370844,0.7842355927124329,0.3063834055915225,0.3306269833784165,0.0,0.3674427322480908,0.5001032583300595,0.29864903657774444,0.0,0.49513378375368344,0.667752038629012,0.4817312817422672,0.0,0.45851828059481126,0.6257984920750199,0.5071028001864853,0.6346775346277399,0.32684009612987547,0.1795990407458241,0.41706379397085885,0.587580765377724,0.6347116699731739,0.655933489238051,0.5468048880132921,0.5113130500502575,0.40047393751609406,0.47242753228425305,0.4341603712860057,0.36376261252040076,0.372964746863899,0.4702889533491917,0.16733729799127436,0.5043169217246521,0.591667261068231,0.6104797067791886,0.3625349149675527,0.3624592950654947,0.3319661967481543,0.0,0.4252473882146922,0.37476558614743644,0.21164809543557467,0.0,0.0,0.6773391359825265,0.30608487602723183,0.37798514694294477,0.18596735277723114,0.0,0.0,0.2985372742675041,0.6853615797827999,0.20803200696384616,0.48415266973954335,0.4272158314875438,0.25277469054454554,0.3502336823931645,0.0,0.5569838605445263,0.6369600130174237,0.5794886595683382,0.702059678760298,0.19462717528777096,-0.13019040640628085,0.49413753593434884,0.66104497346345,0.5305278272016997,0.5583512492942763,0.5165411928572378,0.4552358970551375
0.6626263099118693,0.5758141489581993,0.3446525179022978,0.09720633958243659,0.5805766680045994,0.6257881212498994,0.5621688283015905,0.7676536842207771,0.6392653134487929,0.2318530551433308,0.22221387330686643,0.25693948812645884,0.5795816504319311,0.2129262229060966,0.49513378375368344,0.0,0.4758650994456658,0.5304378769701265,0.23096331291766975,0.5074487457437741,0.5861095700388356,0.49924022309942884,0.7083076861097244,0.48558307956894886,0.6128654907495553,0.6540042709959194,0.5099302426400331,0.5531178605546142,0.5916774914856645,0.5601355187922212,0.5576044303099683,0.6259723350907657,0.5435896104042816,0.5769066227452312,0.6483005158104361,0.22592170035735576,0.24738144014321772,0.2062170981159314,0.30175203902448494,0.3194551490491125,0.5398751182722382,0.20529539909332115,0.202568934143179,0.0,0.0,0.5079433848162127,0.6454332543063127,0.0,0.0,0.0,0.3439402139118324,0.1506046913266843,0.22927382028655294,0.0,0.12347960571966325,0.0,0.12177441236088699,0.39297197734756134,0.0,0.7317412134754447,0.6301226684576742,0.026492144404006258,0.18129814702483288,0.0,0.6237816001404081,0.3964734134993984,0.806812431692909,0.3553262824343829,0.3015842324470081,0.4553205744421238,0.6671364652040845,0.49556169695855234,0.29614501240214,0.1765346606923572,0.0,0.39308891401075263
0.4036356533601562,0.31760507448911324,0.3625461977900568,0.1394845194627335,0.7491052372201923,0.16483396853121807,0.6845595367083198,0.30386701633937463,0.34214433561588914,0.22658161581400024,0.6094851780538729,0.6228609857257053,0.7151032168333351,0.19439288530225424,0.667752038629012,0.4758650994456658,0.0,0.6286131342784713,0.3959761460519586,0.3065528865026377,0.08142356111741815,0.4530865757872721,0.2773539739047296,0.6435262491938647,0.5353768227070792,0.6152453320309829,0.1921681550455951,0.6844746698443985,0.38452570607971504,0.42468908645330367,0.6085605746167883,0.809496859901618,0.4613858554723086,0.48795129945501325,0.5480859714602295,0.5648179657209995,0.148899187498285,0.23244112043104936,0.4892472172867009,-0.13367586135181433,-0.3190660440844201,0.205146585347055,0.0,0.0,0.09867443457594938,0.2758642108656118,-0.03454454653543931,0.0,0.0,0.0,0.0,0.0,0.0,0.0,0.12617894692844916,0.0,0.2791831489172641,0.31815367740855616,0.0,0.22474411624119375,0.05910572851827943,0.1838376088982584,0.012003263639099211,0.0,0.0,0.0,0.1633653345212287,0.0,0.3853372663403509,0.2199426816086733,0.3564187788116053,0.0,0.27819607736222884,0.21256788532209797,0.0,-0.15877493106486018
0.5594647084777042,0.6005867382080801,0.2582636435514773,0.19791373468781046,0.3299676349006735,0.6201436512614593,0.5325135116673236,0.7119178869804995,0.48189014564404975,0.575197769674988,0.403754235488473,0.8022481731833411,0.5929961260551893,0.22571703223466005,0.4817312817422672,0.5304378769701265,0.6286131342784713,0.0,0.2921534880340237,0.43949419760092856,0.5598990116158308,0.5129762232332457,0.7439914603508982,0.45881551710041113,0.6260454769330368,0.5679241030030918,0.499890536067499,0.6229987117640772,0.6417154427034889,0.43789888141880806,0.6126994311591537,0.7756786347117067,0.4883708650571405,0.7018958871847717,0.7407520315380969,0.6604962191348986,0.17529329654829762,0.17328911308711736,0.45314784513758,0.1038124273175171,0.23887626337720186,0.3029022764335654,0.0,0.0,0.5393497032341543,0.6228641638143436,0.6255562082715885,0.0,0.0,0.0,0.18441002830736594,0.24157432342818058,0.2601942435643145,0.0,0.2857112299422102,0.0,0.4597957611573471,0.12055995105852917,0.0,0.48842775332535715,0.5926257180684713,0.4716454320812681,0.2834205492911881,0.0,0.14682385674572132,0.34179646143200526,0.7078116104016616,0.28296040464842015,0.5331209980005737,0.47485552561194005,0.6234861266023379,0.14007394025303954,0.20231203301764678,0.36682469247792593,0.0,0.47624045717007374
0.0,0.17622824002805945,0.3381631943979903,0.5732675149193462,0.4300104772975843,0.3632704559413667,0.3769084835213444,0.45025813131721204,0.32226255360945466,0.6354156773815735,0.19397536049753247,0.26711019857601065,0.48477066744790664,0.4540035096289111,0.0,0.23096331291766975,0.3959761460519586,0.2921534880340237,0.0,0.22808723618381035,0.14230485561049794,0.19404075720283487,0.43282307984100515,0.33936126173462405,0.3520721451629159,0.25234968498928456,0.4120245591102504,0.5574059716436708,0.1061915796102226,0.3609718030684893,0.5488587188739589,0.5464957276042774,0.27823867862671275,0.5073528680103093,0.45678396642370633,0.5149412321637905,0.6026354374337047,0.23278695181328105,0.5380663457847853,0.18833338643833678,0.33383068060904536,0.23284598161502268,0.12041161196517125,0.20600679167821506,-0.03918398213520728,0.0,0.0,0.3607792647141507,0.0,0.048650161117501,0.23247365737970502,0.6518475633511965,0.20442225771497102,0.4745356337346181,0.2630991241228924,0.34378455960177584,0.3499193474741937,0.23914592583363037,0.10021584204652642,0.0,0.0,0.0,0.0,0.3760992403546193,0.23786919946350898,0.0,0.24319585940516067,0.3151713210596593,0.0,0.0,0.0,0.4347060241232937,0.3742239075643229,0.35321720470568757,0.24652478261280675,0.31924593682238445
0.30453449175513103,0.6189798619021137,0.2607941103515192,0.36002125597992496,0.6270327197696738,0.5148916385784474,0.5627284770894414,0.4079629692601142,0.580468693948004,0.23132276677911429,0.19247560797609883,0.1285143930834758,0.645001657387263,0.26111766026189387,0.45851828059481126,0.5074487457437741,0.3065528865026377,0.43949419760092856,0.22808723618381035,0.0,0.5994388070214229,0.5177205942435217,0.3765433358541156,0.4918240828772752,0.5958373580312132,0.4314785466928944,0.5704803401001602,0.48219950187091865,0.5523122026748744,0.5094184121623954,0.5545704561655919,0.3536906649361236,0.3184019915823715,0.43812882821898635,0.35383282011150885,0.6365943794852864,0.3636308481580451,0.24097074213948108,0.44715003057418806,0.44928362242466113,0.4481966424391057,0.2512080813398895,0.4842298971804763,0.16235075809139946,0.1348927300135236,0.49407578020818615,0.37501376491354343,0.2998315989280784,0.0,0.0,0.462769101719121,0.4243602924090669,0.4228611803451054,0.29188572374967975,0.3499544392201592,0.0,0.3728811235332448,0.5853468014015065,0.0,0.48524046202529786,0.3411721573558366,0.19876938946653136,0.4183374236129471,0.0,0.4220689444085662,0.5654078595167247,0.43545510679567184,0.669028799185346,0.0,0.423939133060787,0.34617418958176266,0.5711439884258408,0.41070147997982565,0.46136619403754137,0.33915621274871727,0.331283904862704
0.47278269021469616,0.6152682654475111,0.435936913313833,0.16219420532014622,0.0891293360299984,0.35975085629946096,0.671785924681711,0.5552636625693613,0.44396754176263575,0.4357914158923887,0.4120800464174136,0.7384007283985123,0.33320212419289863,0.6246712842038732,0.6257984920750199,0.5861095700388356,0.08142356111741815,0.5598990116158308,0.14230485561049794,0.5994388070214229,0.0,0.3757240609743954,0.6620571290222231,0.6875647306502247,0.5295133585348548,0.702449568411138,0.6675050764981595,0.6194898939836273,0.500123240062587,0.41991168703667076,0.4441321777109348,0.22814239404493233,0.31705803275599753,0.21429785656749464,0.23709774597363603,0.49035402465969563,0.21428332771712033,0.5202562217619265,0.3621923632045836,0.4602834521149144,0.4589453498581015,0.3796238358342651,0.2648804266244092,0.0,0.0,-0.051126099489309594,0.3596266791661249,0.41557281715664596,0.0,0.0,0.6869651636086225,0.2721275303432592,0.3637136635706941,0.23045730072439916,0.4920098473896822,0.0,0.8654418750948552,0.6014770594761655,0.0,0.5979588759984249,0.5019559359316772,0.0,0.226176867002429,0.0,0.5265925929256053,0.5681407630348925,0.5675046675604117,0.7839350654818956,0.2798753972064111,0.484041161540355,0.5728153121715389,0.7221196256268945,0.5201714404142083,0.6098262996922473,0.8130183969768215,0.19670764152991554
0.41609429998511005,0.564995473928601,0.4198049986858763,0.284255875826487,0.5414720538533496,0.5392446970892448,0.60114235221979,0.7269694014788984,0.5965806511547265,0.16790716824258065,0.24948809685019213,0.16246139654737518,0.6084659891923692,0.1296999189830975,0.5071028001864853,0.49924022309942884,0.4530865757872721,0.5129762232332457,0.19404075720283487,0.5177205942435217,0.3757240609743954,0.0,0.7460478867925244,0.10112097220186901,0.6021519354036314,0.5384331383911766,0.5167374318162355,0.5565973543148733,0.6205865198723944,0.5225424093424027,0.6109419794796727,0.39653328877718297,0.43532489066293517,0.4640690499184041,0.37089633024891144,0.23617374798559293,0.45709956836443133,0.13989974163071195,0.5155469806118892,0.5021824139903086,0.5758464007431043,0.48047801554278363,0.3468211879905403,0.06759261986532786,0.18810970564543186,0.3613471942466408,0.5511718463181371,0.3172416672064585,0.20850614171725898,0.19622264574041934,0.30468402215649076,0.3513861802016762,0.19874895770001963,0.3546217695234037,0.24936523163287194,0.0,0.3487194383502985,0.44248667319910756,0.0,0.5547869006028796,0.4953399376950361,0.25007096943699475,-0.36794709480750587,0.0,0.4749960576446659,0.5185535085358032,0.5618382925457017,0.6978134478783853,0.41395167462572596,0.08208843269667258,0.5294089312117382,0.6238811640152393,0.5901556768682958,0.38330503563540413,0.1794138045561206,0.5391196888298362
0.7327510520685134,0.7329903637066332,0.4787897271887979,0.46195882039221725,0.39009006687614767,0.4302251452685788,0.5016576524175189,0.37504583561475197,0.5249194208645042,0.5383877913787354,0.4229944565296089,0.4493584820013106,0.6226497598823946,0.2157072928258143,0.6346775346277399,0.7083076861097244,0.2773539739047296,0.7439914603508982,0.43282307984100515,0.3765433358541156,0.6620571290222231,0.7460478867925244,0.0,0.7593735261535157,0.6065912478524768,0.6137592560998957,0.34816116143837406,0.7031356999468038,0.6719853387141685,0.7005584038808107,0.7405459447358302,0.6916910089592698,0.668052066216064,0.7236477984175439,0.7398405548545464,0.041308636766656394,0.7320002690146615,0.10583612087994565,0.4828090582326679,0.6323397270652137,0.5794249460700088,0.579593917858183,0.45426921294054096,0.6264732576110841,0.2515428442112403,0.4679070637901408,0.5748731281958237,0.36160809731017035,0.15596302158734512,0.5266314062104159,0.46058783545877946,0.4649813706286005,0.43832195615859654,0.4570749749558735,0.36886647051412186,0.35168782066762,0.15759378613329506,0.41249906506373063,0.3341469298857137,0.7172070129227518,0.39697937491993945,0.20233205603348797,0.3665898535354386,0.33659080577088923,0.6205337597308799,0.8255772612826163,0.6212643430169518,0.5308120813153037,0.16337063756145873,0.3772858913714269,0.6509535893111256,0.5571318601159109,0.535876398141243,0.6272236240640047,0.531270218912489,0.5363150729449854
0.6843623964904441,0.6312097076250441,0.2855775389931075,0.1456242408309507,0.24529467450469816,0.30583331763512667,0.5751455102028249,0.6943965743454141,0.7372999869720361,0.32388625904128676,0.385534462979157,0.41497674637622955,0.431101769957661,0.4488464460402283,0.32684009612987547,0.48558307956894886,0.6435262491938647,0.45881551710041113,0.33936126173462405,0.4918240828772752,0.6875647306502247,0.10112097220186901,0.7593735261535157,0.0,0.4658107985117505,0.5532622928808326,0.8172901724941712,0.47379675911629715,0.4329019519160361,0.348185046064563,0.6703748968044124,0.302618018342291,0.18166522044688288,0.33216264156070924,0.29937885116892954,0.0888344492186688,0.17826497606227745,0.3233879101048333,0.3732922434131589,0.44968824645212374,0.6029414899121704,0.606373201897071,-0.028527906085782744,0.18240165027604133,0.3299263320675826,0.4308060554943089,0.7772743128216182,0.0,0.0,0.18433153898729296,0.2332232486257546,0.14041394659921416,0.0,0.17801268587653993,0.37059352765778153,0.23635951902592015,0.6089564159397086,0.5192732356993771,0.0,0.13106499069011032,0.5927120545150304,0.5907828772884282,0.5381335879072573,0.2292435703209913,0.14013437801134945,0.3158854066413256,0.24513037016507333,0.23758996199847132,0.36059081635709594,0.6742494402457823,0.6376549544517471,0.16990003804739526,0.4996350033133822,0.380162383750807,0.0,0.46369139927130476
0.5437542655711383,0.5049221977594407,0.19221641808638706,0.3535043859167998,0.4257809193252129,0.5368734821613548,0.6717338408207877,0.8223155539957434,0.507786895878913,0.699842869520264,0.5963076600170306,0.770519955282242,0.692904351317874,0.23302402381072254,0.1795990407458241,0.6128654907495553,0.5353768227070792,0.6260454769330368,0.3520721451629159,0.5958373580312132,0.5295133585348548,0.6021519354036314,0.6065912478524768,0.4658107985117505,0.0,0.4257685772248412,0.48620543260759785,0.7868123090388696,0.5284593861611129,0.3408886279376205,0.6664982236513455,0.5985475945444958,0.42855287042160584,0.4660492432061801,0.42694196385320266,0.5184241194467946,0.23544088801884364,0.4072198024793334,0.4510012056661782,0.22305208533225587,0.3480027525471859,0.349308439637366,-0.04430001078968004,0.0,0.10418848065665003,0.6938335876241296,0.7416617006789954,0.0,0.0,0.0,0.36066866278521525,0.17955912804804303,0.3717446057926906,0.19041320640048356,0.3136831690472191,0.17769447153903606,0.6307951722370021,0.258311143222411,0.0,0.3069031706469185,0.7363019576776646,0.5015854320488017,0.3441517982212219,0.0,0.6286862741647357,0.594325336091054,0.6704763933939762,0.3436660989781636,0.5639314917316083,0.583288445036525,0.7064361263836095,0.29648184822633195,0.5945865134637558,0.8344089247715346,0.0,0.620084496533269
0.6717158852358472,0.5154032385268745,0.2371720021546296,0.3478747962449639,0.28203771488598545,0.3164752947538788,0.6431125250317411,0.7793183457393279,0.30011035936593194,0.6449478207789365,0.3355352164519952,0.45984236567989445,0.6024185681276292,0.3325347809310662,0.41706379397085885,0.6540042709959194,0.6152453320309829,0.5679241030030918,0.25234968498928456,0.4314785466928944,0.702449568411138,0.5384331383911766,0.6137592560998957,0.5532622928808326,0.4257685772248412,0.0,0.5053158842469164,0.7461869349187762,0.6096544091434571,0.2572010501033731,0.5873789573649538,0.5130313507941575,0.468435339478563,0.5244536059960769,0.45549206844177004,0.1811728549125496,0.4450943386708087,0.5738902668723587,0.42843122184113486,0.3034573902772394,0.40026429283671994,0.3569715186232687,0.11897147481809915,0.2091301222259415,0.1807686256389417,0.6424776978754402,0.5766365691893273,0.24957139381093849,0.0,-0.032132652233689565,0.6058982148350551,0.38956258904397406,0.4656559219020735,0.21343464505312837,0.5046028310754,0.0,0.6693733423501237,0.6608792358002168,0.0,0.5105680312734118,0.6835498173775404,0.5149196501562082,0.43977843319241355,0.0,0.5698466257156668,0.39490110183143917,0.5746115044239293,0.6085920809835959,0.49863909180504623,0.6270846605132028,0.6393185729148163,0.5158547501223261,0.5754076118631417,0.6123635530943259,0.18201084425489672,0.6183908399991073
0.5643596516795996,0.559378471865537,0.38005051638877624,0.6640084274020728,0.49328093715330934,0.4584030588782818,0.4848827916940982,0.478761779395115,0.558646496789121,0.4723586096905035,0.2892616822668877,0.24020354998669152,0.5768379912657333,0.42223614273425913,0.587580765377724,0.5099302426400331,0.1921681550455951,0.499890536067499,0.4120245591102504,0.5704803401001602,0.6675050764981595,0.5167374318162355,0.34816116143837406,0.8172901724941712,0.48620543260759785,0.5053158842469164,0.0,0.6525696170320269,0.57094280265322,0.6540979267507623,0.6232809040025522,0.5767678837554697,0.608442594545853,0.6592913145868102,0.6565267319979061,0.43900874586959604,0.6796301388558574,0.41845709730766145,0.44772335173230077,0.6053340343304306,0.5235653870373698,0.5307109760505863,0.45049784467464726,0.39945045491487396,0.23585000226897473,0.2643985263591255,0.17434863652134897,0.3548518051023898,0.1720470897574454,0.3564287716545106,0.42090731245620766,0.5085089387074827,0.39447379605197624,0.4572615686436513,0.34142784225214495,0.32908778829821134,0.16187134277740023,0.42126932779475923,0.30708570803924873,0.5923773892039431,0.3824269137822109,0.0,0.2520040657590143,0.31924886794093177,0.54886943489038,0.7652840769434617,0.486780050223034,0.4755135825139866,0.0,0.4060690932918642,0.4760303797699774,0.5455923568096583,0.5115661617948479,0.5929476034777437,0.44237614055782626,0.49544289584167617
0.30990579721141825,0.5209035580212843,0.6747542690931618,0.4836517450009886,0.6899461959961335,0.5565126558121816,0.33065985634041334,0.6698825151345184,0.5838273584713892,0.676538629628464,0.4471349908020546,0.5359056418912443,0.7357288759029558,0.6196681683828434,0.6347116699731739,0.5531178605546142,0.6844746698443985,0.6229987117640772,0.5574059716436708,0.48219950187091865,0.6194898939836273,0.5565973543148733,0.7031356999468038,0.47379675911629715,0.7868123090388696,0.7461869349187762,0.6525696170320269,0.0,0.489672872861305,0.708215909727373,0.8058951002188613,0.7683670924159373,0.5233281387429596,0.7854555447119185,0.12552317776937671,0.6119955987384262,0.588446967165324,0.5822618709747209,0.4861648600581945,0.26585740125075735,0.16468953758898,0.23986193941694833,0.02343339485967866,0.30637025239691945,0.36372585353140724,0.3646537789851309,0.3714757245455877,0.5901521980774734,0.0,0.31749144804928153,0.5898555506711006,0.415954105709867,0.5974795863966029,0.37603464278896187,0.39914475054443527,0.2155640542731937,0.6585953549163508,0.4584614145642415,0.13155064422318416,0.6263777201893513,0.441361723332376,0.14189007962941724,0.2384172550819656,0.3484663964653628,0.5098518529899982,0.7461024109664615,0.309924049868005,0.676449201535023,0.31904928075522954,0.3939889008777809,0.33717469103988235,0.6622046249343145,0.5014069965465878,0.5530505922913662,0.319564053629602,0.5877133900994846
0.4341069897057265,0.5927078503140165,0.4160898828850801,0.15905352301835549,0.6717555694288113,0.4025729615088656,0.5226225844469136,0.5088674579799001,0.6087721865845968,0.24951167122433787,0.14542790147951348,0.452686012047235,0.6460240925173056,-0.022567809431489453,0.655933489238051,0.5916774914856645,0.38452570607971504,0.6417154427034889,0.1061915796102226,0.5523122026748744,0.500123240062587,0.6205865198723944,0.6719853387141685,0.4329019519160361,0.5284593861611129,0.6096544091434571,0.57094280265322,0.489672872861305,0.0,0.3035938739858106,0.6201982224431556,0.4331255607005133,0.35633424803034064,0.5960829105810203,0.4814611616801532,0.3803782992302777,0.3749504620972603,0.37612948386897244,0.2845216077395123,0.38390535169201145,0.3303112827075688,0.3298879450774267,0.2591170444014535,0.34393277088666924,0.25375456816411096,0.37153938284867605,0.3277222144740955,0.31151312067262216,0.19749686278338746,0.36505387623667535,0.5386166534446611,0.4037892843908923,0.44750265308212095,0.2983888481063153,0.4343979231919282,0.022114839626375206,0.29007989835788733,0.3329995135525614,0.20625665663902937,0.5632942752058111,0.35284082714517867,0.20546344404314104,0.336618625493184,0.33265722762928135,0.4182266481273842,0.5304846903938839,0.479478915589928,0.5694754333474024,0.2146915757446637,0.37595818664671066,0.5740014570942348,0.5642373344127365,0.36223570082628853,0.14527177246212572,0.33850718293627996,0.2446859714868598
