0.0,0.40960564522260745,0.27409713045483164,0.0,0.1645370042527194,0.05572515453907412,0.11143157346578075,0.24099603839750514,0.07951711673339705,0.28175552694907474,0.343558627260919,0.39800373393011784,0.30308981647947764,0.30254069712624837,0.29496476379718656,0.2172371724897642,0.061352555710541185,0.2152759546595848,0.0,0.10343361348900074,0.005353447359812989,0.1644376004588668,0.29414163115055264,0.34858776715180895,0.2060759372684883,0.39576153378789536,0.28226334340373427,0.20263593901771018,0.08679155893939323,0.3683074627351627,0.09187279536413297,0.07565258361989366,0.2497023233854327,-0.21458963732046235,-0.016909990612314414,0.19876777829800338,0.15883540135980692,0.4849264382800369,0.09555343871893517,0.4478160989259802,0.19207027969779197,0.6630296032721656,0.20336129348134294,0.0,0.2894548419518893,0.18505184985935866,0.4766474011740848,0.0,0.0,0.0,-0.007929530630938153,0.0,0.41787715039641293,0.0,0.4510628276738074,0.0,0.12026453234674078,0.39049940713622866,0.0,0.10645874384622113,0.2991043757427162,0.018723561999599774,0.18608867747510316,0.0,-0.13667934779402532,0.08565106557265804,0.10690857536961709,0.0972955166129036,0.3783734795221971,0.21734346238007934,0.3000722634305154,-0.08326871495047651,0.24197724164943266,0.2789457166221606,0.0,0.08062373187954786
0.40960564522260745,0.0,0.3299436808928956,0.15286436133003242,0.09081615758181477,0.1753587192973859,0.1670960166785066,0.4184904204045225,0.06686264961943411,0.34950017849472836,0.0705771877998023,0.0645845796955168,0.1899971561514645,0.26162818417454703,0.3238253325323273,0.35952846222896206,0.3614061919948643,0.38496929988087214,0.21240348717671018,0.20737907745122336,0.146505028996237,0.4418912249747214,0.4249929761429835,-0.08303468249192077,0.3418576931178388,0.4215304786208684,0.34865208221174476,0.2292331512611458,0.14797418197401427,0.2552842023468853,0.3185668185358063,0.1865916437066383,0.19655916953280447,0.1658264449428861,0.43657703377003265,0.1384597667463364,-0.04830566575296785,0.0,0.09502424953698554,0.2717807653822005,0.13738566083696396,0.6905220701538515,0.6377491628056169,0.0,0.0,0.41932773875462925,0.345934325429718,-0.03573119656134186,0.0,0.0,0.39723296804320996,0.2788907416881098,0.284111446216313,0.21668044345750234,0.3038221031744086,0.0,0.1329440985326017,0.2539525922905927,0.0,0.11819003477043885,0.33217251639100387,0.13191899416891315,0.39923127454555235,0.0,0.29582146134830023,0.10239454796542082,0.19340458345172865,0.2426272834911066,0.23697744474325996,0.48755299238273686,0.26797650378320825,0.2909888393408027,0.1969119691344526,0.2736300406237399,0.0,0.0737817424243728
0.27409713045483164,0.3299436808928956,0.0,0.14023782171168125,0.2736440711236054,0.11431901306846658,0.23398699477436002,0.46705376040285584,0.06301669286908063,0.20978478063260345,0.3366010883959044,0.22347026418747584,0.23774374062556433,0.3719247007145582,0.22190109347987624,0.36830429818679006,0.3631133234571411,0.14830921420187376,0.15683614893900893,0.3174676815147311,0.37075677005332985,0.3185317714869387,0.2296188544591014,0.3997431086287363,0.08752361393245679,0.3453449947377298,0.1855344761045217,0.27386792421310246,0.5095121728899141,0.44196809537257264,0.2431678088020488,0.445729420565725,0.12852118443835234,0.20189410163695864,0.1561579836171319,0.2466111430845625,0.08925083152135437,0.17207787601423968,0.6693200963366579,0.2093589317510621,0.27028383296488595,0.28389393238083077,0.5042951565548301,0.39324897963137095,0.0,0.0,0.1481201512594616,0.44123643660756495,0.1830120617579138,0.4726860730364012,0.4344471984887074,0.28981305918125216,0.4771620274727112,0.5657489921252918,0.1493723787262784,0.5678980491841704,0.4951915281397556,0.2831631601293551,0.49257570815673674,0.19183650506040928,0.0,0.0,0.0,0.5853018304631435,0.3881718032891861,0.18851237616280522,0.16139796978406876,0.6075984168618984,0.0,0.23163138064952543,0.16890759425765411,0.6284804542934956,0.48910837654088873,0.3605788125342687,0.279862181187104,0.43018565270199305
0.0,0.15286436133003242,0.14023782171168125,0.0,0.10061211003422621,0.25434870221126454,-0.05342187392521351,0.08812997740581549,0.25633077543326266,0.05121628797213649,-0.04424666111545218,0.3386445738858418,0.11275523985146443,-0.13247154252916754,0.21652600831131208,0.032159028350486916,0.27416433880824476,0.2040834960683922,0.3477053417743231,0.22065476413527027,0.13406102221494845,0.17386570759068756,0.06981765230672199,0.6680048154568353,0.33393629658205665,0.2370024546456255,0.2809541724995908,0.17445873448565274,0.20961717885081743,0.15038392784440852,0.24828760402410266,0.09644895621688637,0.11577652993351678,-0.09738311448054007,-0.11489338783941111,-0.1273922686773472,-0.2731455926400809,0.030564528709496427,0.026060857844877144,0.19334177820420093,0.21348922134774526,0.26353835081309385,-0.007910376758951149,-0.1349079466553788,0.0,0.0,0.0,0.2795225921901088,0.0,0.0,0.4471761792474454,0.0,0.2366173232755755,0.1566764549206672,0.0,0.16475880003342117,0.5265815643198016,0.2502318920464765,0.0,0.0,0.0,0.0,0.0,0.0,0.0,0.0,0.21000435310528273,0.1492628767539414,0.0,0.0,0.0,0.28155876425561766,0.1427774012707851,0.21663629889229713,0.0,0.0
0.1645370042527194,0.09081615758181477,0.2736440711236054,0.10061211003422621,0.0,0.2670740074900813,0.23521925953928008,0.5059751127109471,0.18679158358893247,0.13063048737596294,0.2666464038850659,0.3062144593285052,-0.01522168112202589,0.19568117134181046,0.3602414940071396,0.07380173755119887,0.19827703471731672,0.2819946157213215,0.23213227182592772,0.17576498739274168,0.4200960298442519,0.15944097163172727,0.26414783102774547,0.3819205111296188,0.17635933740881218,0.33574958278483596,0.24113832244284228,-0.09703570982992903,0.312565318084845,0.27347413166006784,0.07750986190884232,0.26316896406005463,0.26181836531059555,0.07924318985300498,0.19044471650796171,0.03790810046829829,-0.13433748096083972,0.10621670661355477,0.6592967766054725,0.21607203776590037,0.257745306496474,-0.038305475859146634,0.15477451955623048,0.01460382356286406,0.16177383090143488,0.0,0.2437114142909847,0.6784842206582987,0.0,0.09427182870339411,0.1017354014265292,0.30805667546510657,0.47623105844474084,0.1076364484576862,0.0,0.6359837125060206,0.2800547141916237,0.2564465827939813,0.06487625536258146,0.28518526289357604,0.2494857502963817,0.0,0.0,0.3526495526103127,0.31496721872994143,0.16142858839181434,0.25644423893288215,0.6610211157353251,0.0,0.21042985804373446,0.13691328406673592,0.7230306770688284,0.34669480091324434,0.21596834230604206,0.0,0.23236693722362872
0.05572515453907412,0.1753587192973859,0.11431901306846658,0.25434870221126454,0.2670740074900813,0.0,0.3905706619961529,0.38036304639604923,0.35813053398930084,0.3035918498691729,0.2889757794662603,0.33355909939835815,0.49953140142051167,0.3965803496456544,0.3413434098559369,0.024496981578167782,0.2077202484292905,0.007120303638752743,0.4364620000323113,0.2614491845109648,0.2665303559186243,0.18002159199609324,0.3991273047866242,-0.09076755093602497,0.13696326369056355,0.2706814537732341,0.31092164757692486,0.43346428164148393,0.24187512743021805,0.4638038332578764,0.1334325148576083,0.24062802442547396,0.42600997887430603,0.14843629861911456,0.18460910725654095,0.3858825997581523,0.21889407683347722,0.23475083291772436,0.4178680261306648,-0.018899576230653886,0.24483206705487595,0.11627874722849013,0.2948834564513153,0.2746615675460423,0.27100836114806753,0.36045036203379854,0.3108787315444269,0.439437106995797,0.3584786079419194,0.34351663464375215,0.4009266370835185,0.45481616220204224,0.44728520652275156,0.5525423553031817,0.3803122573272695,0.5309108908342881,0.1823418394764845,0.5290139745778808,0.4444291239172533,0.3382954212708754,0.19104692780221982,0.0,0.3307832818849061,0.5661842808364014,0.23370326469554603,0.13865146827199254,0.2812320308859176,0.46119347033111685,0.22648825344811718,0.1572166107667109,0.1235595142034476,0.4582950452095552,0.3746416378255497,0.39041187748312,0.15813472024206593,0.18389069136275105
0.11143157346578075,0.1670960166785066,0.23398699477436002,-0.05342187392521351,0.23521925953928008,0.3905706619961529,0.0,0.23900604020254096,0.28734521482141834,0.26182196058688545,0.07258706525280714,0.2610230307355713,0.16537603977555085,0.06621190841410844,0.3721161933790435,0.23613717389262137,0.6502804357561701,0.23128256292528895,0.25709826330961105,0.3476744673101049,0.11479146336546533,0.3088614490907476,0.23305341683999475,0.47323200648933594,0.21300383092551758,0.18897606945187206,0.29394033278877707,0.20996261999088858,0.3921513625433069,0.32880919714281354,-0.06459946844277054,0.14822346601203407,0.5010549454700555,0.1149567212045341,-0.002763757282867702,0.2920661142063339,0.13406635786532778,0.4413745060874532,0.5076748397982394,0.11277969130391789,0.29325944148162975,0.35592983516989296,0.31031444266522185,0.4996397950751316,0.31352904872313964,0.0,0.047785851152034556,0.43093484313263564,0.0,0.22778504222724633,0.2641215958709118,0.35841432966314973,0.4646060200974502,0.17196616069280052,0.25507207761544065,0.29136937384279776,0.22091100006374115,0.251007017809464,0.2714530069541068,0.1671309306618398,0.20819488019062526,0.0,0.22423860951561403,0.24184568682413424,0.2825372511604495,0.32014485986365865,0.31338294456042853,0.4953724109498238,0.20932761563576133,0.4449008935742062,0.1759864726028909,0.19956156153804733,0.12427804544056735,0.07439109294023419,0.39306637113306114,0.2985129926444183
0.24099603839750514,0.4184904204045225,0.46705376040285584,0.08812997740581549,0.5059751127109471,0.38036304639604923,0.23900604020254096,0.0,0.3938171672233558,0.40137279259239433,-0.3019292355336381,0.3855935325316894,0.24329975221040576,0.29157652956018576,0.014345355744426325,0.308400413098072,0.3208471922953137,0.2974046591457308,0.14149484290003114,0.3000774823026171,0.22542765038321338,0.2588857360596062,0.41931819669913595,0.3377922711580166,0.312103345861978,0.3635207388162135,0.39356213305544135,0.34517876761546845,0.26359574401978747,0.2284911757439001,0.16757291375292935,0.25513221536170083,0.4000658774949111,0.15811527391936572,0.22958978041501266,0.25478609246855005,0.1333282336174366,0.2014973507771039,0.19285082051032934,0.36218640634151955,-0.2968242089311105,0.24712311842403162,-0.20355184562711223,0.3792070254552762,0.0,0.3686281663785523,0.18274779067502456,0.4367464541909835,0.0,0.416420321444595,0.12180408889808543,0.1811298003368672,0.44154816067045743,0.5873986455526939,0.2814005898726714,0.42811175670060303,0.37286209617137134,0.18740640153119603,0.22881984672820732,0.30429126939991846,0.2965565215081087,0.0,0.2855734506987666,0.6573079337284282,0.38886660403584333,-0.15716634604355728,0.3561995998296805,0.3500344624237291,0.0,0.23337635660477052,0.21993220755581705,0.45564505605491956,0.06404292669988185,0.05556014844339285,0.3208299158659353,0.12301927105547891
0.07951711673339705,0.06686264961943411,0.06301669286908063,0.25633077543326266,0.18679158358893247,0.35813053398930084,0.28734521482141834,0.3938171672233558,0.0,0.20748694541457346,0.3126370668545369,0.28753183948087857,0.14633218132931408,0.22495982383218865,0.2991416198240631,0.11004273880633218,0.24113687205708423,-0.0724911256430342,0.12087379980392594,0.2059420228447519,0.13446088204231785,-0.015691619444560413,0.2855252906770118,0.3652436874194732,-0.049544913362110636,-0.17788533979249532,0.21283930735152157,0.28379466658394636,0.3112331185181275,0.35730298139290256,0.26007822112651185,0.28959188204495556,0.6773329721543738,0.2731303830553816,0.27632345794364355,0.3064886866254015,0.20240287186871067,0.18020462123928088,0.7236035984420808,0.14706741257571532,0.25162028821074983,0.18099550978100132,0.5321096740925133,0.27148353935614983,0.29640606037939254,0.0,0.26607598522198345,0.5331842124686598,0.20938225985262446,0.29332028051372055,0.5307346149028329,0.2829435358136714,0.45566755777066226,0.23916814264485914,0.21832090642877952,0.5084616891042328,0.4601368055206315,0.19102588989631603,0.7130481938545087,0.37080290621893386,0.3598466653669114,0.0,0.0,0.6006974649801646,0.1739733224374252,0.2543860396466421,0.37937841229503083,0.6148563543739427,0.16453752710758346,0.2858414628950247,0.32067047097783785,0.5853065142928419,0.31583164246261886,0.21416192328843697,0.12136232751098722,0.213459457715969
0.28175552694907474,0.34950017849472836,0.20978478063260345,0.05121628797213649,0.13063048737596294,0.3035918498691729,0.26182196058688545,0.40137279259239433,0.20748694541457346,0.0,0.04670243523532301,0.2791619014715558,0.24754858415155245,0.09850176333900758,0.26840853710709683,0.3159595453597129,0.32446800509922913,0.2442229502812048,0.27204841636472443,-0.033619635049540166,0.3806761844758911,0.12431309930112604,0.13447658706742222,0.11325261343234565,0.23165029410995622,0.23228419153029273,0.2381345027242823,0.2745604153224515,0.4349762726966019,0.7498007916656922,0.36025947072235154,-0.06060389449115118,0.22555513915186742,0.03056507285342723,-0.06497413422631597,-0.009074727595193954,-0.03939644216457414,0.1901549486003399,-0.06005277842584824,0.4592378029683004,0.22157387503116394,-0.03349397315927229,0.44190833256834283,0.20906594580498755,0.41871340030766424,0.5103278246682622,-0.09104093410603183,0.18793028778897222,0.18274236205071367,0.14581149634236304,0.24554056927101722,-0.03283436658982882,0.24060616763260861,0.3543603343170285,0.3114184529152357,0.2901315144850082,0.31302956569248075,0.2980415853883752,0.0,0.21897449100199015,-0.17381589077663143,0.16042893985505122,0.01735746242184799,0.20423766919873768,0.2164618513070486,0.21283320146984344,-0.07071595988238964,0.2779265340797855,0.2806498110383522,0.05909740103269155,0.19690527630293964,0.18695552620390332,0.3024154153300098,0.30161283675599826,0.0,0.1854256984844183
0.343558627260919,0.0705771877998023,0.3366010883959044,-0.04424666111545218,0.2666464038850659,0.2889757794662603,0.07258706525280714,-0.3019292355336381,0.3126370668545369,0.04670243523532301,0.0,-0.10193308771745485,-0.00479352433991434,0.2678503199601514,0.0,0.19152946123708378,0.11792093629581024,0.1255633300344659,0.20232399464499423,0.24872498971820706,0.34548605720648945,0.13154605468684227,-0.021557990820038002,0.21266767074588067,0.08514375339501516,0.13058310981525728,0.2760737802499756,0.09013263310379965,0.05109784250663461,0.3856328472435573,0.05706866593160041,0.17440081659467882,0.3370895160446553,0.16426158613444725,0.13972671174511703,-0.043812901701210244,0.006654489827287807,0.27553598031592796,0.43702747633589284,0.09595400243879997,0.20303909338481987,0.16824503897443055,0.390186888516946,0.3899244943500587,0.2543567302141417,0.0,0.0,0.5001269753884287,0.2364310618357091,0.6204315063874812,0.3213020818600289,0.4982736698029684,0.43178650227275794,0.59117075081203,0.16324738632092817,0.02519355199542131,0.2319121983441756,0.22098074476239044,0.26769111952798047,0.0,0.0,0.0,0.0,0.23023110259285132,0.18875599720806618,0.0,0.22413529920412886,0.5415786004673722,0.0,0.0,0.47211808721389603,0.5803915556785312,0.22073478030882962,0.13350202143281484,0.0,0.31685060717031055
0.39800373393011784,0.0645845796955168,0.22347026418747584,0.3386445738858418,0.3062144593285052,0.33355909939835815,0.2610230307355713,0.3855935325316894,0.28753183948087857,0.2791619014715558,-0.10193308771745485,0.0,0.48761128138716087,0.24018379477749535,0.1462118770760283,0.34455326402044206,0.18739131544459098,0.23702010905734136,0.26039419885447607,0.22382806694527388,0.2409989206371647,0.38322086146460543,0.5270721566917574,0.20493046718197303,0.23375650474344553,0.29066163390347055,0.29085514312729166,0.5644503981166138,0.4137773811190948,0.3758314585054175,0.32431843074130356,-0.08294704229636075,0.2940818734910535,0.13487536627645075,0.24646876368024706,0.10093024622838334,0.31998180449935104,0.15932182742934342,0.21325627419458607,0.47583087897238735,0.43174566812056714,0.05221544012791632,0.11282581182734608,0.3082643745088721,0.47959467778663634,0.26696099234748505,-0.08497611623108063,0.20858341369786262,0.21288490910577015,0.0555306192173681,0.1593469941851104,0.22049225176278736,0.14887482486481085,0.25727776882606973,0.36523834247604,0.21306412594422752,0.40487842899405035,0.5186952641318802,0.21441369392926843,0.22679876936261148,-0.14677039555777308,0.18945758815350267,0.12506130820292538,0.3153129783314503,0.3065420365681401,0.2789757266531116,0.1220781189229142,0.08333091089091985,0.422920618273628,0.12121792898783505,0.30020112433429236,0.005716243605034742,0.45652813469579856,0.33066626076027494,0.0,0.16126178880347766
0.30308981647947764,0.1899971561514645,0.23774374062556433,0.11275523985146443,-0.01522168112202589,0.49953140142051167,0.16537603977555085,0.24329975221040576,0.14633218132931408,0.24754858415155245,-0.00479352433991434,0.48761128138716087,0.0,-0.07361332527936806,0.3027993665289974,0.28895719995,0.33824138331855874,0.332407601170592,0.1723952699430455,0.39941841000743744,0.21966762478737212,0.36619118571767245,0.25741700496010533,0.2354579064944693,0.2071660774310213,0.20289497112127047,0.33618763881603675,0.2827960917770631,0.46244251225556543,0.4797881266470677,0.1624849573755907,0.07351035656925112,0.2966377868261615,0.29923820375054894,0.21778475311320708,0.014255869371643103,-0.04502438279527765,0.5788905566845366,0.27815210617936625,-0.004450047624224218,0.14975520068813172,0.2225568356228398,0.295814533627974,0.23150717673146784,0.14194442392081927,0.4132668330103614,0.11098829828526484,0.3632376891679644,0.0,0.36551175982202705,0.5380452846481933,0.3301433066667501,0.033756801530902075,0.2660777203659555,0.455433471985208,0.2510532037979448,0.26913177267054955,0.403729280293519,0.0828756690572287,0.16191172418989358,0.2123148098649723,0.33302754325787104,0.09899519458845613,0.2848567219543348,0.2299667940357419,0.2836082729439328,0.2507987194610095,0.5428849909472331,0.2521483776835372,0.11557696557534917,0.13111556688128437,0.4573698144243545,0.23749829700608216,0.30312923220647847,0.30679167513024563,0.08638277519873558
0.30254069712624837,0.26162818417454703,0.3719247007145582,-0.13247154252916754,0.19568117134181046,0.3965803496456544,0.06621190841410844,0.29157652956018576,0.22495982383218865,0.09850176333900758,0.2678503199601514,0.24018379477749535,-0.07361332527936806,0.0,0.28667138217963994,0.29889615895985117,0.20303407222042338,0.16610035629016323,0.2382167754806525,0.14694608009732535,0.3162923717469031,0.20152300415262545,0.18700830172656202,0.3632734088356326,0.038165996074266274,0.3582509141357795,0.3466596397377151,0.08688333128573131,-0.09088554709242218,0.3944681482911919,0.20250836282348533,0.2441389894491412,-0.08195404912466722,-0.3932386378014756,-0.010739996854937518,0.030898002961266394,-0.06009129078111634,0.06081811124575072,0.46965914445311246,0.0,0.2747602794629052,0.2219838003236514,-0.005210362902975205,0.1830019666505299,0.0,0.0,0.0,0.24654585413290253,0.0,0.16141356839678744,-0.08039569210584768,0.30691450680960775,0.3060067647782306,0.7237105581946441,0.0,0.17063565967452454,0.14052441549147202,0.2548095833581975,0.003114278331497043,0.0,0.0,0.0,0.0,0.1897948098623161,0.0,0.0,0.0,0.12154408946996689,0.0,0.0,0.0,0.2957633240422105,0.4301356469468576,0.0,0.0,0.0
0.29496476379718656,0.3238253325323273,0.22190109347987624,0.21652600831131208,0.3602414940071396,0.3413434098559369,0.3721161933790435,0.014345355744426325,0.2991416198240631,0.26840853710709683,0.0,0.1462118770760283,0.3027993665289974,0.28667138217963994,0.0,0.13874796149306096,0.3062521379466346,0.08595916494490317,0.0,0.4223190235006468,0.24966246791837748,0.299274297234873,0.31058775862644245,0.354618740580033,0.1974446216419593,0.3060045463990979,0.41227527634159766,0.27145967283934475,0.2317613728943591,0.13350479173384894,0.0942468879913766,0.09328899423196146,0.11749023022234815,-0.05220167456789079,0.06888182430253777,0.28095897764018035,0.2563546542855336,0.14543151095107085,0.34716815530979267,0.30301097511130615,0.24995777792543367,0.34742835838826674,-0.22399633685903805,0.14472579888002973,0.0,0.32785938320024505,0.2683850468626535,0.7987498542482825,0.0,0.0,0.29813310846204955,0.4346026619124683,0.4231330574423864,0.1814848591214187,0.0,0.0,0.33440259583876814,0.09305409906079462,0.2085516487929014,0.43888430604641826,0.22881545868706207,0.2547777368563309,0.24565915822718748,0.0,0.6140547157033871,0.3486503263799,0.4130217266382202,0.48939988867241235,0.20266043687648755,0.5141131227389752,0.2503571413728616,0.5013665503181246,0.40426053676970897,0.6549437748522766,0.01372385081076092,0.4037454255266615
0.2172371724897642,0.35952846222896206,0.36830429818679006,0.032159028350486916,0.07380173755119887,0.024496981578167782,0.23613717389262137,0.308400413098072,0.11004273880633218,0.3159595453597129,0.19152946123708378,0.34455326402044206,0.28895719995,0.29889615895985117,0.13874796149306096,0.0,0.2058519818222537,0.21848886342675475,0.2526734412252867,0.3311287656062307,0.20760814530370608,0.39615620264253676,0.24085333842031878,0.24984105768043122,0.3177721042115017,0.20581718406283372,0.28720838081361644,0.33440074612394294,0.26081272201960093,0.2743023748946312,0.3414150703847479,0.30265972426941196,0.26909086553128386,0.10775756258765629,0.18877816986337573,0.1375697893409719,0.3661437624638139,0.18694950308690117,-0.10450243900342904,0.17203593688906782,-0.032168576736429366,0.1572171162921664,0.20551303037254423,0.0,0.0,0.15841279424284427,0.3324717841135313,0.0,0.0,0.0,0.05153447664591281,0.30906044932901033,0.4151622329557013,0.0,-0.3428161296704488,0.0,0.17297908183987948,0.35377893876899313,0.0,0.1248710418533556,0.20846090290561944,-0.4072173565519099,0.24261463419855717,0.0,-0.08266340605116854,0.052890681809512036,0.09023528258340403,0.19911005316028635,-0.0891698890910639,0.29134989061591005,0.22180959642252615,0.1696569762708464,0.3051456583900516,0.1668297884800416,0.0,-0.09592980127715207
0.061352555710541185,0.3614061919948643,0.3631133234571411,0.27416433880824476,0.19827703471731672,0.2077202484292905,0.6502804357561701,0.3208471922953137,0.24113687205708423,0.32446800509922913,0.11792093629581024,0.18739131544459098,0.33824138331855874,0.20303407222042338,0.3062521379466346,0.2058519818222537,0.0,0.22698405583909606,0.2231031148359297,0.23762016583524945,0.26510515112587646,0.35253956123765695,0.3268949288906774,0.04969522502540674,0.27055310013536005,0.03511405366580272,0.2757704701226061,0.4373822768886293,0.23413050943108477,0.18430377184597013,0.30520102309991226,-0.029625059938594357,0.24512280698346553,0.1622341484395633,0.09337077043171127,0.3405490644734442,0.15634477596824703,0.07633023765348555,-0.11448513910823521,0.3318612067799187,0.22488915890481215,0.2808645686125119,0.0,0.0,0.10018678100998224,0.3190957328462512,0.031229858101949143,0.0,0.0,0.0,0.0,0.0,0.0,0.0,0.19282030248792523,0.0,0.06054065106419594,0.3625702698668195,0.0,0.24870740887418202,-0.07656268887695242,0.2366431865874647,0.1608543993456296,0.0,0.0,0.0,0.1340265773980259,0.0,0.39108927573292485,0.021211041196882413,0.15802273376751697,0.0,0.383696330350476,0.2081769388467851,0.0,-0.09071676186560833
0.2152759546595848,0.38496929988087214,0.14830921420187376,0.2040834960683922,0.2819946157213215,0.007120303638752743,0.23128256292528895,0.2974046591457308,-0.0724911256430342,0.2442229502812048,0.1255633300344659,0.23702010905734136,0.332407601170592,0.16610035629016323,0.08595916494490317,0.21848886342675475,0.22698405583909606,0.0,0.13200270227049338,0.36044593272134984,0.21321881624134675,0.2788887558201993,0.22932706687943397,0.1211954957907983,0.3699059897077631,0.1659099666259615,0.26255126776325316,0.3361120374855299,0.20377002540170286,0.2472563076297861,0.2351465546457266,0.15918142821685397,0.17629310111559146,0.13570374030817287,0.18734603594137342,-0.12865592553245273,0.17391373256089002,0.061948305729195616,-0.09370540097800265,0.211616395762049,0.007610473332705529,0.3656916683900307,0.0,0.0,0.08700432772836587,0.29050981138419907,0.40902692950873043,0.0,0.0,0.0,0.1775341184567621,0.22765220978723125,0.2969679631210619,0.0,0.1455222793397026,0.0,0.056738247252559076,0.39929982831090577,0.0,0.1546072328057284,0.25046192693668184,0.1512645331623988,0.18536178907329556,0.0,-0.010641719736317369,0.6830180262421032,0.1022882070034778,0.279577460893599,0.36756809054325057,0.22147360293369522,0.1971058880920698,0.44191042597716834,0.3683340272269071,0.30354429808924344,0.0,-0.014702271831338334
0.0,0.21240348717671018,0.15683614893900893,0.3477053417743231,0.23213227182592772,0.4364620000323113,0.25709826330961105,0.14149484290003114,0.12087379980392594,0.27204841636472443,0.20232399464499423,0.26039419885447607,0.1723952699430455,0.2382167754806525,0.0,0.2526734412252867,0.2231031148359297,0.13200270227049338,0.0,0.17331828078924166,0.23094304078535946,0.23871782345660206,0.09126601057560606,0.34114829672132263,0.09584804827915579,0.22817056670519478,0.1926176337903202,0.27796400431505336,0.5640605273612418,0.34220415201765486,0.20003262363196012,0.2730372153542455,0.05775161732344249,0.29222562425625276,0.196798160074317,0.2534198673576465,0.12901885232275312,0.2788528464881228,0.6787125161828135,0.19361201906780817,0.14702842163907986,0.3060461438783091,0.5089400418160692,0.2712179018981883,0.018801996729568095,0.0,0.0,0.45022241138214775,0.0,0.7456747184624293,0.4687605904629473,0.5514359846257243,0.5751701185142345,0.573482918475056,0.33084784004734175,0.4739696008929049,0.36785137188790185,0.6458644902737071,0.12637955153261304,0.0,0.0,0.0,0.0,0.5699847704255898,0.2377491126399459,0.0,0.2228985078910285,0.5365557931327872,0.0,0.0,0.0,0.5688750751932202,0.34834706746333843,0.21116372584618706,0.24244310671116098,0.2532398204401418
0.10343361348900074,0.20737907745122336,0.3174676815147311,0.22065476413527027,0.17576498739274168,0.2614491845109648,0.3476744673101049,0.3000774823026171,0.2059420228447519,-0.033619635049540166,0.24872498971820706,0.22382806694527388,0.39941841000743744,0.14694608009732535,0.4223190235006468,0.3311287656062307,0.23762016583524945,0.36044593272134984,0.17331828078924166,0.0,0.2982646641259025,0.30585607729580666,0.4120255679127537,-0.22366465448985873,0.3135160747602482,0.35706224271738135,0.23939859999958993,0.4978656840523413,0.25345451682902354,0.6275002546129653,0.23887160801908033,0.1520476652488614,0.06184943389670146,0.11309374603783492,0.29689845876531007,0.3767046670896851,0.19706768621645038,0.3061825682837007,0.15106543701305916,0.026131838344547756,0.1879452429392525,0.30341367491298077,-0.08909744089435695,0.09738830628388569,0.13954605142042506,0.4866352203329102,0.10623673284479114,0.49407743451594005,0.0,0.0,0.29660911155508635,0.24629570303595877,0.4687792478126688,0.4766586548696258,0.3367623420583287,0.0,0.2650167605517394,0.24646555234652068,0.0,0.4684736964857834,-0.046010708396185096,0.2042334776159981,0.021427651171065598,0.0,0.43091680900189383,0.5031367350256281,0.3036969741776833,0.35288121485376134,0.0,-0.4724434128385624,0.28620599392377644,0.40338908813142704,0.32497633601009734,0.39324583582280337,0.30883120410742204,0.24035625541766814
0.005353447359812989,0.146505028996237,0.37075677005332985,0.13406102221494845,0.4200960298442519,0.2665303559186243,0.11479146336546533,0.22542765038321338,0.13446088204231785,0.3806761844758911,0.34548605720648945,0.2409989206371647,0.21966762478737212,0.3162923717469031,0.24966246791837748,0.20760814530370608,0.26510515112587646,0.21321881624134675,0.23094304078535946,0.2982646641259025,0.0,0.2471323050617203,0.42568748716867877,0.28193477997297767,0.13677547409881105,0.2972075171059095,0.39157685968307687,0.24554340092897536,0.13844428600294223,0.08631086104832568,-0.08344937174837946,-0.023398106576953362,0.13984300012892875,-0.13719856833023888,0.19364236726184023,0.23509810229463415,0.10470122700945561,0.1774066165217263,0.019480132735559375,0.4054759047544928,-0.0026374841217900943,0.11747989367505282,0.236202170325956,0.0,0.0,0.31715669011665326,0.3014372865042288,0.4366849886214994,0.0,0.0,0.1771548253050834,0.35821903876281813,0.39721376050018614,0.2559121449630994,0.4116271572394551,0.0,0.21504885529870427,0.5662041844696872,0.0,0.18043014067202442,0.2533136387977003,0.0,0.11401607124817337,0.0,0.37763003022150654,0.18438203000749087,0.16366208398331378,0.22099461986280994,0.2905178882860846,0.2696046670433851,0.31301170235523734,0.2397027902626076,0.15005393176722215,0.40407821988288184,0.20850951651314445,0.2598274943624351
0.1644376004588668,0.4418912249747214,0.3185317714869387,0.17386570759068756,0.15944097163172727,0.18002159199609324,0.3088614490907476,0.2588857360596062,-0.015691619444560413,0.12431309930112604,0.13154605468684227,0.38322086146460543,0.36619118571767245,0.20152300415262545,0.299274297234873,0.39615620264253676,0.35253956123765695,0.2788887558201993,0.23871782345660206,0.30585607729580666,0.2471323050617203,0.0,0.27889513473015454,0.39387689615771343,0.4179456670267391,0.3155897087165526,0.29077998267326455,0.462825460215617,0.2302865154603263,0.391684559942545,0.2548045610749188,0.13269551874484556,0.14930326112963346,0.08928245096647916,0.1569699894344135,0.41912218297751413,0.2517842003300827,0.2519428255299174,0.08942946828287066,0.058510293594096596,0.15901243556805755,0.34271254394971357,0.2598817251271465,0.10584501269013963,0.17667024601561443,0.22040403362728764,0.21038881849675561,0.35301692557273273,0.20758766059229067,0.19894819048557988,0.35560739191937896,0.19921737972745984,0.6502870612664418,0.3111448508099447,0.36246391100428044,0.0,0.10386665924942393,0.20267411042868058,0.0,0.323739712080177,0.22378629982436363,0.3560525725259601,-0.2434772797326093,0.0,0.4638427717963985,0.22379337220597426,0.27771221576778127,0.41944856334457714,0.27993541147951273,0.016376526382875796,0.1792714791652105,0.4838634424093277,0.48303646658463434,0.4583787292676794,-0.025357612726919422,0.3002568282802417
0.29414163115055264,0.4249929761429835,0.2296188544591014,0.06981765230672199,0.26414783102774547,0.3991273047866242,0.23305341683999475,0.41931819669913595,0.2855252906770118,0.13447658706742222,-0.021557990820038002,0.5270721566917574,0.25741700496010533,0.18700830172656202,0.31058775862644245,0.24085333842031878,0.3268949288906774,0.22932706687943397,0.09126601057560606,0.4120255679127537,0.42568748716867877,0.27889513473015454,0.0,0.3746095640560253,0.31007633913872934,0.26318655435764177,0.3568334773767528,0.2957657053923305,0.29874007930398205,0.29621093316148583,0.17908296745440752,0.27251917384557733,0.14231506427312657,0.1604790896360755,0.28641210995761307,0.16919144764842275,0.17523522853223153,0.036961918130658786,0.4983576719998584,0.07068453918337672,0.18338359548795574,0.38804784161926387,0.44460163872205505,0.2812628059738688,0.206520646362902,0.1912905394134996,0.3596691963329064,0.5579889713087709,0.2417034330065507,0.3697993647280396,0.34130037904481897,0.4074358904648038,0.5109061301024637,0.4887309907863436,0.2680837540135754,0.5357217177944151,0.055151369224520054,0.39089112587979064,0.6455414655172165,0.4826231386411071,0.21964365723133608,0.2164618513070479,0.054034157369693026,0.5874764787291531,0.40218340525226276,0.4419542517927542,0.3980267743298235,0.5169983862514784,0.15474214371267528,0.25410099417245935,0.320387527921261,0.35984962224042627,0.3009628487401818,0.40918727604491745,0.16407923291448148,0.24270353291048868
0.34858776715180895,-0.08303468249192077,0.3997431086287363,0.6680048154568353,0.3819205111296188,-0.09076755093602497,0.47323200648933594,0.3377922711580166,0.3652436874194732,0.11325261343234565,0.21266767074588067,0.20493046718197303,0.2354579064944693,0.3632734088356326,0.354618740580033,0.24984105768043122,0.04969522502540674,0.1211954957907983,0.34114829672132263,-0.22366465448985873,0.28193477997297767,0.39387689615771343,0.3746095640560253,0.0,0.31231788048897063,0.2924834160716532,-0.04538296067758878,0.4521067143538742,0.4884329828872601,0.4447811395833812,0.33127197315369394,-0.08566642517749429,-0.3295529481782272,-0.022966209315007372,-0.09681796756716825,0.16792517521967115,0.21649627753952763,0.0046175545952116676,0.21282962640522474,0.16115392142039958,-0.02778528585870617,-0.2908574972433732,0.4607872937491277,0.2816212899756906,0.08015941150209564,0.27236009276169654,0.0739735633712835,0.0,0.0,0.19894214436562563,0.2562852033279213,0.15765612254116634,0.0,0.1510340567399958,0.3054753337332538,0.2253965266848423,0.28053991798974015,0.34992851450828394,0.0,0.017629925523808848,-0.4831729972181111,0.11725209434192212,0.03503520950417399,0.2161548665301911,0.29976519521015277,0.3722675107045147,-0.41362298293499195,0.2676521978031208,0.382515077004467,0.1811434612804798,0.3941007921402913,0.4443605508726655,0.19843521211078757,0.4822194614926319,0.0,0.0725394305953977
0.2060759372684883,0.3418576931178388,0.08752361393245679,0.33393629658205665,0.17635933740881218,0.13696326369056355,0.21300383092551758,0.312103345861978,-0.049544913362110636,0.23165029410995622,0.08514375339501516,0.23375650474344553,0.2071660774310213,0.038165996074266274,0.1974446216419593,0.3177721042115017,0.27055310013536005,0.3699059897077631,0.09584804827915579,0.3135160747602482,0.13677547409881105,0.4179456670267391,0.31007633913872934,0.31231788048897063,0.0,0.2093670937626074,0.3096462701023202,0.3360720671089022,0.1693224548867252,0.10689020262027109,0.23027260119729862,0.1224971665861507,0.1624124597188125,-0.007919764873608133,0.11985425605882467,0.24870887736760625,0.206513070555935,0.010440470420726398,-0.09442720536250204,0.32331248539296287,0.040434202765750674,0.28583665347889875,0.1623687121797644,0.0,0.2538413805158009,0.3847343972738839,0.48559891739261424,0.0,0.0,0.0,0.19515411059004206,0.22559109290630125,0.3662356135554588,0.13275218761786906,0.39473450721038356,0.24379487302677333,0.43648552524597983,0.36063964747823757,0.0,0.39389034364724906,0.3380517123907031,0.32675113880493484,0.291010281547765,0.0,0.11774604011307867,0.4684904123684143,0.22431713829086034,0.2916858294187189,0.48500991308012803,0.3081389023384209,0.3119101235858282,-0.17017874401730076,0.258959040334513,0.030064199786975616,0.0,0.07646336286637136
0.39576153378789536,0.4215304786208684,0.3453449947377298,0.2370024546456255,0.33574958278483596,0.2706814537732341,0.18897606945187206,0.3635207388162135,-0.17788533979249532,0.23228419153029273,0.13058310981525728,0.29066163390347055,0.20289497112127047,0.3582509141357795,0.3060045463990979,0.20581718406283372,0.03511405366580272,0.1659099666259615,0.22817056670519478,0.35706224271738135,0.2972075171059095,0.3155897087165526,0.26318655435764177,0.2924834160716532,0.2093670937626074,0.0,0.4572519732002454,0.4715544005073167,0.22947940175526516,0.31125513332207916,0.08817253341603547,0.009612074203433532,-0.07656698556561903,-0.11301997766714672,-0.14530684032788346,0.18724646013330992,0.10110892104740998,0.00846308417018752,0.07678162278800583,0.37520988032832614,0.01081053025839869,0.07157494186670399,0.030423368072284886,0.21588134571702955,0.5115795935765891,0.3303124526301448,0.3806092928451378,0.3269491456012397,0.0,0.0018358275808559822,0.45434484997165475,0.25584439332764014,0.12256297596048582,0.07681339230592868,0.41218685551811046,0.0,0.3843986874266061,0.4137041005150803,0.0,0.22197665733440097,0.24515200248498242,0.3354413905461026,0.20326502357080253,0.0,0.3457776361187413,0.2516884869010516,0.2766457184505458,0.2449044858390469,0.46064552815897364,0.23993301248375654,0.2900043876523754,0.395047374129076,0.2552565382919253,0.3271281528767832,0.2457644551844474,0.10400456996769603
0.28226334340373427,0.34865208221174476,0.1855344761045217,0.2809541724995908,0.24113832244284228,0.31092164757692486,0.29394033278877707,0.39356213305544135,0.21283930735152157,0.2381345027242823,0.2760737802499756,0.29085514312729166,0.33618763881603675,0.3466596397377151,0.41227527634159766,0.28720838081361644,0.2757704701226061,0.26255126776325316,0.1926176337903202,0.23939859999958993,0.39157685968307687,0.29077998267326455,0.3568334773767528,-0.04538296067758878,0.3096462701023202,0.4572519732002454,0.0,0.35646303883909786,0.33029031570707357,0.3194446075250429,0.19469919633945937,0.26391702499572234,0.3064178020467817,0.1835429552465901,0.32645511900151725,0.4388370341417079,0.25807523436340507,-0.007417139179390103,0.6594514856653813,0.12560780146249612,0.2793294620796702,0.2806734659597825,0.5000927020421815,0.23870710929002542,0.16402898004102168,0.4263392553710845,0.20369665408951693,0.55014936881685,0.3343535687936897,0.6488340970027298,0.3608468226740231,0.42614550409644636,0.5624869653168055,0.559955285391574,0.11539352276547521,0.6328662163951981,0.2057945502526512,0.37474171810798756,0.7236850622156957,0.45797233418863836,0.06260161043242451,0.0,-0.1239829477450568,0.6842078133938099,0.33157799725674,0.485152162871455,0.3427257823037795,0.514458743355066,0.0,0.06590216641849796,0.35307945646736555,0.38556569211672137,0.3684390763692454,0.42878979141304974,0.22172213061064866,0.31932713412871877
0.20263593901771018,0.2292331512611458,0.27386792421310246,0.17445873448565274,-0.09703570982992903,0.43346428164148393,0.20996261999088858,0.34517876761546845,0.28379466658394636,0.2745604153224515,0.09013263310379965,0.5644503981166138,0.2827960917770631,0.08688333128573131,0.27145967283934475,0.33440074612394294,0.4373822768886293,0.3361120374855299,0.27796400431505336,0.4978656840523413,0.24554340092897536,0.462825460215617,0.2957657053923305,0.4521067143538742,0.3360720671089022,0.4715544005073167,0.35646303883909786,0.0,0.5433638476495677,0.38466782905021396,0.3029255541789436,0.2669749690658649,0.5307534959846838,0.30222555985906085,0.3214774586070364,0.1175955810882405,-0.09450398972066656,0.3467548423243403,0.17877221900183152,0.07065972091512188,0.28652895395918654,-0.07275210609869766,0.33456246581588567,0.026286939148259275,0.3943238280249429,0.387420605408022,0.29321589085934946,0.2497281769310632,0.0,0.3891223540919943,0.4052675595800108,0.2517421634691004,0.44792297784487045,0.19104641910894624,0.5633462437598293,0.2600757460548265,0.3050556098377101,0.34549098032451536,0.20205292055975962,0.2521827532859671,0.17396406518514038,0.14737959264366518,0.1956931098916178,0.3248224434401762,0.4228128577681351,0.2813095953911097,0.40269689048620194,0.40195797462313776,0.27081423234442825,0.08075613843492202,0.23457488743075766,0.44843056688516225,0.37167816978480334,0.44543272962303615,0.22752389420289904,0.39060391081053625
0.08679155893939323,0.14797418197401427,0.5095121728899141,0.20961717885081743,0.312565318084845,0.24187512743021805,0.3921513625433069,0.26359574401978747,0.3112331185181275,0.4349762726966019,0.05109784250663461,0.4137773811190948,0.46244251225556543,-0.09088554709242218,0.2317613728943591,0.26081272201960093,0.23413050943108477,0.20377002540170286,0.5640605273612418,0.25345451682902354,0.13844428600294223,0.2302865154603263,0.29874007930398205,0.4884329828872601,0.1693224548867252,0.22947940175526516,0.33029031570707357,0.5433638476495677,0.0,0.39201098841086707,0.3098190310615453,0.20003240614373344,0.20347060793346985,0.09330352526386948,0.25876611816124795,0.36297609771586037,-0.48414785724942866,0.38685015560575947,0.4570489242753745,-0.1570540826802171,0.32987894256402045,0.38007545308520974,0.07909232513070172,0.3322433187373598,0.28467787332020483,0.4151725785701842,-0.13242691068274332,0.4843908592275931,0.15201271341310194,0.4089661697897676,0.4400874516015902,0.49678009443970916,0.321299793934393,0.6263574472165412,0.41949782167453664,0.00345821633883054,0.17268141247918548,0.5252463922292292,0.21080233722755537,0.2729237531245876,0.2906690895121423,0.20600534348972901,0.12728098921435618,0.24676969029416862,0.21980300538448627,0.49026375308394843,0.011347109582205365,0.37281066050959855,0.21122736527273608,0.041057219789772614,-0.1301684923539119,0.42372576048348076,0.37828405596252856,0.5101573237088886,0.19333228887510717,0.30515602209564824
