0.0,0.48229958249054783,0.27287398492362064,0.0,0.15940570190273287,0.4603113594750465,0.36954218813039824,0.19765246350231017,0.36925218585182884,0.2499337562922199,0.32953106237557134,0.513870357646335,0.28905956078336814,0.40031654073901835,0.22602193252529218,0.5697469207905016,0.21860101745583607,0.3681242902011777,0.0,0.34766844194854984,0.09119657096595848,0.21271919612062085,0.33592976145757625,0.3617033227936667,0.49966490200157143,0.41234061222415563,0.3949321034251756,0.36022174348864916,0.44690673526672514,0.3866905945004164,0.5078961530728002,0.2804614093733512,0.30930894743427584,0.2607985464938725,0.2499499013071354,0.43504596963901304,0.2060720667251744,0.09196441460017798,-0.02969598492711748,0.10695848322959038,-0.14606521580464432,0.27781360679361217,0.19524988447009134,0.0,0.2182772315837218,0.14841609954047255,0.1363293219520912,0.0,0.0,0.0,0.14667009894115232,0.0,0.3473789820034284,0.0,0.3540212539566826,0.0,0.37857426082862855,0.31928782637923675,0.0,0.34168046456781853,0.03237939795035097,-0.09086067176016198,0.12604634264111902,0.0,0.36354814918378636,-0.07348251345498695,0.2012307437011473,0.33744001210028557,0.25900072920535716,0.30885588296561467,0.3768067744862425,0.365096481618293,0.1969110879882901,0.4504325643048473,0.0,0.45061062911495087
0.48229958249054783,0.0,0.3815921986015091,0.1673255219554569,0.1542763404250529,0.39068411041457873,0.2603558393920818,0.5553515009452018,0.24366643984807537,0.206701825103711,0.3166315219214247,0.3222479296072579,0.23555082308863098,0.22906118825036423,0.4831916378330732,0.7424183317175467,0.32072138614780227,0.6179364963519346,0.17717872872429608,0.5311163017238205,0.4387581049470352,0.6020801292903762,0.4852877756000956,0.31482729788057245,0.6333285568693904,0.5011336513688476,0.5118644884847329,0.014564000071239378,0.3517417128421789,0.15319685042488052,0.3852290947968618,0.2706276406661429,0.4321969952432459,0.3463248702661397,0.21348175459091523,0.3520830839564766,0.041869336182910936,0.0,0.2573550710810194,0.5011003727569553,0.1389420822124047,0.03899171599323746,0.20282628771430183,0.0,0.0,0.3781851463067031,0.44687929037265545,-0.03433464893687656,0.0,0.0,0.210336584348085,0.3438466967628229,0.2976228555053918,0.13754863776766713,0.19932989917414035,0.0,0.11743897338638824,0.30911072303267356,0.0,0.17713452159824,0.28283775734503996,0.16983271305350564,0.391755737865088,0.0,0.21097762243585835,0.29599276148258846,0.2699424052624854,0.24213019241315098,0.41610952199144563,0.4528316675735733,0.4211541943141273,0.23964445610101137,-0.22769320420734782,0.24344747099472103,0.0,0.28117758518877917
0.27287398492362064,0.3815921986015091,0.0,0.4232123735556841,0.4636251990194908,0.5895872634369032,0.5107684198015416,0.5374704413576827,0.39960857445268094,0.4163968876573837,0.517065600280997,0.37334969048231004,0.5478473924454431,0.49236768703455874,0.011347749921501598,0.34513503751565977,0.3639004001067933,0.25965013624795896,0.5614344800974373,0.2612716850586628,0.4370800811544458,0.38430992340101183,0.5691408518794833,0.36926074161033823,0.32399126220679575,0.23911358665285884,0.45916220197572044,0.47436558199843937,0.37926139483167937,0.43991332669218675,0.45749389264196366,0.3711471563041046,0.20251798385854092,0.438259254334893,0.5073339153749851,0.575424983141988,0.3282447234648018,0.44295520040598063,0.38827936315957706,0.2133642981729829,0.3766914604104254,0.38671192255282677,0.3482103477188493,0.09429046287978128,0.0,0.0,0.14694260948709098,0.2592316378044586,0.18375392666429136,0.2374648798660651,0.5515350674697725,0.5088398694869112,0.42945986867942754,0.18200026325500174,0.20807267848575445,0.4106813388766512,0.30897876783615397,0.633582991718775,0.4175084057234603,0.1478252651584232,0.0,0.0,0.0,0.0027877010463237435,0.19928969952157954,0.2189578875335274,0.0981376146338536,0.507280105257728,0.0,0.23587896642836398,0.19793957830749326,0.6129262933327363,0.2737929740106878,0.29390595889702403,0.223093533014857,-0.3493078567871697
0.0,0.1673255219554569,0.4232123735556841,0.0,-0.1654173964698816,0.3509567385205052,0.12250779836697889,0.4635126020861323,0.3917993491615673,0.4970569474208897,0.18836006593687682,0.10388613286460273,0.20124753442754717,0.1477755956929103,0.3852336418623355,0.0977916800915261,0.26029715961922273,0.19811688102719355,0.49599834548833305,0.2491804956879949,0.1631914310439412,0.12346123670768547,0.6764697344546905,0.14542134267828782,0.35352682091711723,0.3142778941791418,0.38804863721340305,0.07726938515242768,0.2505229378774672,0.27317912462166927,-0.3084793708324144,-0.13012504356255208,0.09935126950456294,0.1947602471458782,-0.029033167313045383,0.07371886849132342,0.15295862984517175,0.49772895034505676,0.2313652891874719,0.1994355693082819,0.06366749541799678,0.23340136878757728,0.04071523250967786,0.2665404596002866,0.0,0.0,0.0,0.189624965983616,0.0,0.0,0.17246035145305047,0.0,0.23602504657713677,0.10688931817522097,0.0,0.13542060208073917,0.3725115670393639,0.19649901334125947,0.0,0.0,0.0,0.0,0.0,0.0,0.0,0.0,0.2143259495819204,0.43529656603507455,0.0,0.0,0.0,0.31080156768496087,0.20491842976256647,0.17300806748565664,0.0,0.0
0.15940570190273287,0.1542763404250529,0.4636251990194908,-0.1654173964698816,0.0,0.39304753999389164,0.3652775487027149,0.12747656226376788,0.2878393487147705,0.5728871808517128,0.23429443978227024,0.35957213741428684,0.36001510378213275,-0.18958928696136731,0.10896650552017079,0.28550536261662185,0.3357876190034857,0.6788761136342203,0.3706183598708571,0.21827642817463122,0.17124515279150565,0.3134080420542077,0.3722222399965885,0.6167883494199935,0.7619908042138688,0.245278180182385,0.512232192261688,0.05969699353119248,0.12188541704470206,0.3247348856780762,0.5374594025673595,-0.10711080550605881,-0.3143031249137957,0.5150255284753905,0.31318358800604446,-0.18845964511631474,-0.2802586401808417,0.27796644767723316,0.14388980977493268,0.2705670082469977,0.22152759430285918,0.07245540665449574,0.17002910211733122,0.2505966091056913,0.16844969506818086,0.0,0.1504256903542438,0.1808261726392331,0.0,-0.033625776191058755,0.6018134379433626,0.3119793460818187,0.12831473846227207,0.2003391642453798,0.0,0.2004075492169779,0.20519657223751223,0.3718981745140234,0.5174629895065912,0.2538837624967503,0.1941833473259738,0.0,0.0,0.14994659409570718,0.19924589597986644,0.21349720962729005,0.19179116880399788,0.2355409409652019,0.0,0.21552296445054384,0.14543649797420694,0.2451507708598408,0.3647426275097903,0.1861302567822802,0.0,0.2756986414396716
0.4603113594750465,0.39068411041457873,0.5895872634369032,0.3509567385205052,0.39304753999389164,0.0,0.3674140208905888,0.5503726782437938,0.34616618164725066,0.5755068310741059,0.5589180791504527,0.657755947778151,0.4204378175439015,0.6760883511206162,0.3770681811878564,0.5505672019074538,0.5123528218539934,0.28912871287624,0.5710739540156196,0.6446442094796225,0.48281396864551585,0.4994929185647735,0.6674744989966636,0.30515065649438294,0.39907265382793505,0.3879478042735365,0.7058099933050574,0.6428306622486274,0.3846197309514614,0.5135203887568822,0.4343596901999887,0.3708723336187185,0.4241854444648414,0.49927433158976364,0.5785078867176182,0.6325406633336199,0.38755716859626715,0.4850386110685055,0.3466284781746348,0.27720494986152866,0.4009699519315615,0.46121371587663024,0.3726423705011776,0.4199604029548349,0.22523167331866767,0.3645204624806127,0.3820454848557888,0.6130382286315517,0.3334295092968332,0.04060885221652168,0.4744247191380309,0.5941797089377269,0.5300173101952381,0.6194319738802083,0.30433486643340196,0.4475677504265958,0.19672034988708462,0.539046454995345,0.4144827572207226,0.3428938958948504,0.2665478258580117,0.0,0.30131264984294104,0.4227394379240585,0.2841962270168752,0.3012666904160245,0.35577658596068445,0.5426933225792733,0.23046272890051694,0.2039552605388647,0.430150841188727,0.5318002117647391,0.3860488702433854,0.14337158465782496,0.3154207740553,0.45906640557811385
0.36954218813039824,0.2603558393920818,0.5107684198015416,0.12250779836697889,0.3652775487027149,0.3674140208905888,0.0,0.44068998260952513,0.41311504038788194,0.6617709868284284,0.40614062629215275,0.4545628733382706,0.567413766225675,0.2194763735177773,0.5600257500815271,0.2722878112996033,0.5581079606849354,0.11378605164155399,0.339227117007472,0.47368963879519316,0.4273800854009326,0.3884023300916283,0.5510426386968967,0.5366798964655061,0.26694623152203806,0.33096142035453413,0.5503013774893545,0.5052093480325992,0.4506642982383593,0.14162509076063784,0.4310745627536885,0.2208323652807511,0.3333049848044644,0.37737344305631954,0.4198269442088865,0.051451075626404434,0.11931562971345455,0.613764650553452,0.6599988419619611,0.13448517611008556,0.5102146918201229,0.2758656976788344,0.5670339149240061,0.5000328008768659,0.570920752911823,0.0,0.23158399023447923,0.2648950305273709,0.0,0.21732788673705894,0.28179354750338836,0.30770357224228273,0.4877482362729804,0.558799072055488,0.31033579731083316,0.19869580780059434,0.3061550716117164,0.2987084560933952,0.19759871523258737,0.23945963528575778,0.27899430397113895,0.0,0.2334545480725096,0.7483196927994281,0.36235259467302516,0.2148015555607637,0.37980583671280027,0.543611849203216,0.2130262599795364,0.2849225758065981,0.36161343489231945,0.6109673595379362,0.3816483137760698,0.37594696287109997,0.2648332312014669,0.3296592291831756
0.19765246350231017,0.5553515009452018,0.5374704413576827,0.4635126020861323,0.12747656226376788,0.5503726782437938,0.44068998260952513,0.0,0.4992001851154929,0.4146231954402139,0.4113277263858759,0.40850870086609303,0.4237674536921486,0.6938458434515992,0.32258774470612106,0.33566586196528586,0.27387576238344574,0.2534311094803364,0.516608605098568,0.24641172584651894,0.32400383334296246,0.45231334224388603,0.41817208842017484,0.15119954728849777,0.3382104189152713,0.29174398041601324,0.5397263572220891,0.41367544669679174,0.4350404404630083,0.3369472802428774,0.347052640484228,0.20483990606626862,0.042957143818275936,0.3409096294790521,0.3351981632097009,0.4001221915749924,0.11483251530518068,0.2728374929597613,0.1236849268484849,0.19537691268298701,0.2629537766513709,0.4687485894640915,0.3511225177287484,0.3349477310721757,0.0,0.36666023806880094,0.2565643570480566,0.2563529532650018,0.0,0.09489899486692299,0.6835040975656773,0.41120781556929725,0.21654133512055154,0.2917219078304605,0.2676223835741788,0.23699477526655113,0.3865952082765203,0.48747252295046617,0.2663616028233189,0.36157084958103114,0.10219770203034047,0.0,0.2197383022526635,0.2472183084969638,0.23936423436776666,0.5392365784095751,0.29904813845581174,0.5154978281108233,0.0,0.2885327423087425,0.3367480731236925,0.6458430006085836,0.4631820981449725,0.3194517221805773,0.3208377190881987,0.3435077783081051
0.36925218585182884,0.24366643984807537,0.39960857445268094,0.3917993491615673,0.2878393487147705,0.34616618164725066,0.41311504038788194,0.4992001851154929,0.0,0.6106547898543533,0.5646549408868038,0.38430891436000253,0.6083348978314522,0.33859242010475576,0.30679631095912385,0.057198092306760234,0.7380004801719051,0.26960823668364603,0.46418788590329957,0.6041196774264979,0.4245677100943425,0.46498042546899104,0.645442770868432,0.3734342596926255,0.15431494380017685,0.4251160892751292,0.5465588675443706,0.4768958048064133,0.4459746837357015,0.48245293705866626,0.45100327263226736,0.31128997226618665,0.07189304728276186,0.4328328426824701,0.5210915984348291,0.5201474302241671,0.32862655948206504,0.44964686430671585,0.5176668562732681,0.10928681646492733,0.6550226318524582,0.33179203178365735,0.336297635823004,0.3579347107479814,0.5995421385759989,0.0,0.2907200566217566,0.5433009263118498,0.21509912800284067,0.5547177098373179,0.5646513091018683,0.5818182164431946,0.3535447401663075,0.4620747229273325,0.11638817474489548,0.4232282534641258,0.170419700081873,0.5482259406360392,0.38623755654460534,0.19824936643280328,0.28978939940175774,0.0,0.0,0.38033390665584826,0.4223629856662158,0.36743886595096203,0.3764649263489229,0.5090316591624069,0.16605643554303454,0.1816492694900437,0.12484183129936796,0.5716183808153891,0.47952197363394994,0.37916187368075,0.1985900209873681,0.6521976719229723
0.2499337562922199,0.206701825103711,0.4163968876573837,0.4970569474208897,0.5728871808517128,0.5755068310741059,0.6617709868284284,0.4146231954402139,0.6106547898543533,0.0,0.4556055933811797,0.36988026222516707,0.6397950582916676,0.29549866163090555,0.11572960935817998,0.4056316811998471,0.6990249115686117,0.7373037790303919,0.5318644221128428,0.1994368740778708,0.07907077821830275,0.24694608347811925,0.37127307909222385,0.3328393741091286,0.4921300939320831,0.3685995592511696,0.46605293445493123,0.7228065654729193,0.25186131337818235,0.2639133456148347,0.715754412376463,0.5489045417035092,0.30177615461885865,0.37907228675471366,0.42901810648444577,0.6636357458107361,0.6327183214166295,0.23052170420039814,0.5187205943316785,-0.026802614730530333,0.19706627268096558,0.33419009302317354,0.4774375602398713,0.3174664265058685,0.12466397964475291,0.3941326292281562,0.12192152189846546,0.19072122902959138,0.18605774740094747,0.19508748584797977,0.20104821843080597,0.3190217256326491,0.2137860528564142,0.26166451166472576,0.23990350689182377,0.22347070383949805,0.34556589644936714,0.30877580659392173,0.0,0.2464972919160792,0.10204656073601406,0.1797223052011962,0.38380312101654224,0.2008167748219341,0.20237563888727986,0.4081673627415391,0.06767959378681314,0.44218689406735595,0.25159219506950137,0.20232826132202075,0.3489609185452043,0.26732831601810536,0.3128787288959467,0.12031603110295827,0.0,0.07843796032323316
0.32953106237557134,0.3166315219214247,0.517065600280997,0.18836006593687682,0.23429443978227024,0.5589180791504527,0.40614062629215275,0.4113277263858759,0.5646549408868038,0.4556055933811797,0.0,0.6297012140794754,0.35968658228956457,0.48863480639945367,0.0,0.22211753052856617,0.5990881094408506,0.34178377969378193,0.45841322677891616,0.1925336602469308,0.41311328368362704,0.2500507687255155,0.6215073270651614,0.5701770788276179,0.3404572240136401,0.3381494775840282,0.6030771212832334,0.3881611757740561,0.24317000736250088,0.3397869396572152,0.45519090859357386,0.17585077526129456,0.642924409156307,0.4406505099785287,0.46579844980452123,0.07548375952693587,0.19405642092511677,0.49263356971799876,0.313231929718886,0.08045874005495748,0.6336765944197128,0.3424075788164881,0.2703687782191332,0.05213301627517759,0.1807496026495343,0.0,0.0,0.24270832477625479,0.23555110556715167,0.3321862807199836,0.5525845541085144,0.17196772056049622,0.5509115148616459,0.4393847985940713,0.244198732828323,0.10479946277112155,0.21858774728976055,0.45442257596293256,0.4491918147721925,0.0,0.0,0.0,0.0,0.21580833575136044,0.14544645741743736,0.0,0.20273239409653346,0.5199711130297353,0.0,0.0,0.41786219469065844,0.6562152861157915,0.2168675682534242,0.26392427921473727,0.0,0.3137456736005118
0.513870357646335,0.3222479296072579,0.37334969048231004,0.10388613286460273,0.35957213741428684,0.657755947778151,0.4545628733382706,0.40850870086609303,0.38430891436000253,0.36988026222516707,0.6297012140794754,0.0,0.620844286737812,0.3279112056306235,0.36811118897698575,0.25835711639742376,0.6201847126153854,0.2671357042870416,0.3778017311380852,0.12852410141599221,0.3054232523113917,-0.20942552434793169,0.4760512548336379,0.23005293497877444,0.32956742038033066,0.3790564197047104,0.6550346882028641,0.4382808114209382,0.4240188715872608,0.26203477945268516,0.5725211417382913,0.06015280000234369,0.18508039857908903,0.16885459870734595,0.28519382185750003,0.16226015105355748,0.2726677820224039,-0.002843564199755049,0.13030878110003133,0.09351154586551264,0.24580556736835368,0.6816482926666889,0.4102391944180668,0.2980246889880341,0.06285627285824572,0.3227396798057982,0.1464057447423154,0.17956663397943348,0.09092350234505149,0.10235620922095208,0.6085632212146443,0.36852754934462434,0.13515964991991786,0.31607745509020296,0.38015533390071565,0.13173650188925654,0.44779809443321383,0.053073528719626686,0.6719274815968552,0.21659575084189736,0.17024036754416327,0.319752602815427,0.48177176395867227,0.16487995822463392,0.2657655453900756,0.2698378561725899,0.2733856454233334,0.2204738749233771,0.3902155892107658,0.4208357374157904,0.4312890179108562,0.17120082653405813,0.46611802925461804,0.302055657239592,0.0,0.32365362003579456
0.28905956078336814,0.23555082308863098,0.5478473924454431,0.20124753442754717,0.36001510378213275,0.4204378175439015,0.567413766225675,0.4237674536921486,0.6083348978314522,0.6397950582916676,0.35968658228956457,0.620844286737812,0.0,0.3325825972382116,0.3104129123812114,0.32390131953505397,0.4332081157229312,0.17954627398497272,0.3957351853037974,0.4839770320219336,0.5197101809929346,0.415207461486224,0.48211503457115995,0.49381532424274904,0.29334802242567243,0.30586918569944976,0.520044482747518,0.3932274479644471,0.468164634831477,0.18814227684584825,0.34449060564450423,0.3453353334779805,0.5158401032613517,0.46010309947515615,0.5671322422717628,0.2654158952872311,0.15349912312953068,0.5412401784783082,0.5416602047265183,0.4100090838186563,0.3583379736807702,0.6254583250440849,0.3168097904521221,0.2816672577970649,0.5339600867284919,0.3619467313507692,0.2838498030716398,0.6279496414403941,0.0,0.3825263985598465,0.38709835742089843,0.3663792443549847,0.45698845233119223,0.36779991816358315,0.6507512820725547,0.16096462555880686,0.520126657759111,0.4037947041773813,0.056382205241481395,0.1983245584587149,0.2750247860806222,0.22143245670818013,0.3620549044978182,0.4109374464246188,0.2644153303220783,0.41809963918354925,0.38888379037476933,0.4199252129994194,0.2752078064929,0.3373206284704834,0.49266649881582425,0.4118005647864722,0.4010084644571578,0.07498994605404705,0.2524670606751603,0.4614159045603833
0.40031654073901835,0.22906118825036423,0.49236768703455874,0.1477755956929103,-0.18958928696136731,0.6760883511206162,0.2194763735177773,0.6938458434515992,0.33859242010475576,0.29549866163090555,0.48863480639945367,0.3279112056306235,0.3325825972382116,0.0,0.3523680057269695,0.2129788076881029,0.19467618796653885,0.22555942747944116,0.5147800140553337,0.26221306710690573,0.3530667973554048,0.1302451418178533,0.6535224025382895,0.45729648558441244,0.25080179524936097,0.3691804583008994,0.6340092261678181,-0.0676285327363461,-0.021196386215421414,0.277767776196617,0.2472695595299012,0.029214338605032877,-0.019471267731238848,0.45197167045808173,0.23884199159505654,-0.057433978407086465,-0.018976841170807578,0.12090370429713865,0.42648213520769773,0.0,0.13779735071865162,0.24661254732283894,0.2461283350997875,0.1837234315610544,0.0,0.0,0.0,0.37533360232115237,0.0,0.049689799849219965,0.28830274518397775,0.0038977741479196415,0.39349958395553236,0.15920853630649917,0.0,0.26588277045226116,0.15372050439024043,0.3929514440921706,0.34482535415621063,0.0,0.0,0.0,0.0,0.25945214218727064,0.0,0.0,0.0,0.6349265180276746,0.0,0.0,0.0,0.24522055078516164,0.2554874478476435,0.0,0.0,0.0
0.22602193252529218,0.4831916378330732,0.011347749921501598,0.3852336418623355,0.10896650552017079,0.3770681811878564,0.5600257500815271,0.32258774470612106,0.30679631095912385,0.11572960935817998,0.0,0.36811118897698575,0.3104129123812114,0.3523680057269695,0.0,0.42357826846992513,0.33671514383421536,0.14180288100988425,0.0,0.5035680482926035,0.3834884056348425,0.6692136943070327,0.43303860380985104,0.17418792543453132,0.39325035691667115,0.43973461974440625,0.4594080754924601,0.2491887076257061,0.34662870524710054,0.14301877774244506,0.26746051516684055,0.21977124858244246,0.19725052115173772,0.22798581722575098,0.23215839746602748,0.2854498521740031,0.32188822672113193,0.167320018958803,0.1408850396155539,0.33914957023511016,0.06099845547389281,0.09618207089518636,0.09296560733225193,0.18395327842213624,0.0,0.12168979300896317,0.2534472063835754,0.21308746990939129,0.0,0.0,0.26271197765198495,0.378172424421052,0.41801191551501893,0.1861349060841072,0.0,0.0,0.2985422249324865,0.33682787013525073,0.2080518175234564,0.24901683918341086,0.5289398045893053,0.25245510115527653,0.3519573517751957,0.0,0.28868660714613587,0.3167830683391656,0.34115299347281225,0.34596736545765283,0.19483372579631075,0.35688213553578374,0.2894187141887569,0.2662124159563027,0.2617967383818162,0.08127306373832434,0.48234078162561544,0.1824459216985822
0.5697469207905016,0.7424183317175467,0.34513503751565977,0.0977916800915261,0.28550536261662185,0.5505672019074538,0.2722878112996033,0.33566586196528586,0.057198092306760234,0.4056316811998471,0.22211753052856617,0.25835711639742376,0.32390131953505397,0.2129788076881029,0.42357826846992513,0.0,0.43958617340118245,0.5710639305966838,0.23096176385613645,0.5697815361915015,0.5652425692492099,0.6020086825886106,0.3101626719691807,0.31365757141625694,0.4063070619684352,0.45770582974939433,0.5027609200752315,0.38967107965708553,0.6364549308510327,0.18522995856970126,0.5355105930626962,0.4308359220314412,0.43157613248157284,0.31920945257860667,0.3175518975631434,-0.523281715332324,0.24825711389849972,0.1566199431459449,0.16863658137259802,0.15801292023294777,0.18256101022962254,0.015391048310686897,0.20265854837132363,0.0,0.0,0.5553793228813968,0.4763947776028732,0.0,0.0,0.0,0.34557675566591806,0.15231972390294515,0.23133244684639023,0.0,0.22713202991177986,0.0,0.27727497138000595,0.36760958402208377,0.0,0.20068674883713392,0.30199311201808954,0.05464774786088038,0.021033157916354545,0.0,0.07596538016772393,0.257449210742778,0.4100039872741017,0.3575158284193253,0.30303835551205605,0.16595626987017442,0.46699397785532687,-0.33895715379495933,0.22194537680130616,0.2869237164927702,0.0,0.03657479954708642
0.21860101745583607,0.32072138614780227,0.3639004001067933,0.26029715961922273,0.3357876190034857,0.5123528218539934,0.5581079606849354,0.27387576238344574,0.7380004801719051,0.6990249115686117,0.5990881094408506,0.6201847126153854,0.4332081157229312,0.19467618796653885,0.33671514383421536,0.43958617340118245,0.0,0.5540867705344075,0.3839376496038819,0.33338037702051554,0.15730066204069962,0.4373431536567676,0.3483733940973796,0.3718532934554085,0.7212740268435459,0.5900527098194136,0.17513443233448855,0.5088100959094142,0.2206749326034996,0.5795556894142756,0.5690105955697968,0.4491454608677187,0.44077863990924454,0.4274274707162565,0.27780878243864915,0.5544207549229389,0.1490318043535595,0.18627725756299807,0.19640530774780726,-0.10552776073520506,-0.14190814815243225,0.20746513190723143,0.0,0.0,0.13814279796473936,0.21499437938068242,-0.034443425054777384,0.0,0.0,0.0,0.0,0.0,0.0,0.0,-0.02618321327608486,0.0,0.0035900756380760554,0.075185940518659,0.0,0.22524370041766184,-0.054285935602199034,0.30314763432880154,0.31274426474617084,0.0,0.0,0.0,0.16285378343687731,0.0,0.2164177707429244,0.28028231703464757,0.2307740074806648,0.0,0.2787078403358168,0.21241336194532215,0.0,-0.025055342354822742
0.3681242902011777,0.6179364963519346,0.25965013624795896,0.19811688102719355,0.6788761136342203,0.28912871287624,0.11378605164155399,0.2534311094803364,0.26960823668364603,0.7373037790303919,0.34178377969378193,0.2671357042870416,0.17954627398497272,0.22555942747944116,0.14180288100988425,0.5710639305966838,0.5540867705344075,0.0,0.40747743608150866,0.5062849545501292,0.34530925007839414,0.5488000991846258,0.274629026474676,0.3798251392286569,0.4880996307680274,0.47182328839907756,0.21781341930697284,0.2957400889921087,0.4479817129314624,0.4290131482466174,0.4780207575743481,0.34652417489887183,0.5758102660947634,0.4583755463663743,0.1088319898973924,0.4098145097900428,0.17524039587502552,0.1794501099161432,0.19979690360940475,-0.050464474441088106,-0.19758139778478295,0.16379521212298487,0.0,0.0,0.135034582570826,0.40352976053724404,0.16764411647083607,0.0,0.0,0.0,0.24428553464367642,0.24108272766497446,0.26011428616998994,0.0,-0.03963568959864539,0.0,-0.10190751679843305,0.12165292952071162,0.0,0.48954699622692166,0.054047495644160545,0.00694063511695002,-0.1527227514786541,0.0,0.1487172665473122,0.34395022912065504,0.03196692861153627,0.2854109009538783,0.04285976976908022,0.06011751288835934,0.02232378949550139,0.14180067462096532,0.20403713950744634,0.2841290076527481,0.0,-0.017231602085382325
0.0,0.17717872872429608,0.5614344800974373,0.49599834548833305,0.3706183598708571,0.5710739540156196,0.339227117007472,0.516608605098568,0.46418788590329957,0.5318644221128428,0.45841322677891616,0.3778017311380852,0.3957351853037974,0.5147800140553337,0.0,0.23096176385613645,0.3839376496038819,0.40747743608150866,0.0,0.22803489358314338,0.14445925426906733,0.19487440728624833,0.5848063581575158,0.5014054188004602,0.36402985363314944,0.24739240031323434,0.6644661130581989,0.3935536864096286,0.10856983342307266,0.3618762387843144,0.41438936149609024,0.2838406987543477,0.1037812518057522,0.423295028998949,0.470353841857759,0.4982305843573552,0.3105556487033877,-0.2010105015519712,0.33996366683362916,0.18846776089053377,0.2877313900571548,0.11922157282492497,0.44809562088048105,0.20579940351459564,-0.038992493287638444,0.0,0.0,0.484516141872624,0.0,0.18738365409514682,0.47101030778227077,0.4376417505198697,0.368117663744023,0.4853105923912913,0.26298060082970287,0.41633181683990705,0.3514096729714943,0.24002520169247404,0.36380339018563806,0.0,0.0,0.0,0.0,0.4118165510298619,0.23784261682611701,0.0,0.24318466936051372,0.5114333539727968,0.0,0.0,0.0,0.5673840636881833,0.375492127498971,0.3163303628275157,0.24635095878331872,0.39658110627094184
0.34766844194854984,0.5311163017238205,0.2612716850586628,0.2491804956879949,0.21827642817463122,0.6446442094796225,0.47368963879519316,0.24641172584651894,0.6041196774264979,0.1994368740778708,0.1925336602469308,0.12852410141599221,0.4839770320219336,0.26221306710690573,0.5035680482926035,0.5697815361915015,0.33338037702051554,0.5062849545501292,0.22803489358314338,0.0,0.4451966666377875,0.5731076198177143,0.40526442811578406,0.10174586976835721,0.541172907919834,0.28574279391632434,0.6108967871045154,0.4759383188361292,0.4357110649099589,0.32323437134296856,0.3548021518852803,0.24038542647539562,0.2806528545811529,0.26507435389380335,0.3101694407440068,0.33732816603957816,0.2852563894930218,0.0735048658340233,0.10512328620133204,0.1514152861293655,0.14874029696525856,0.10043144473442744,-0.08387012315584676,0.16232616587326115,0.13486838023848788,0.385026832301017,0.263195205305745,0.3016474500190527,0.0,0.0,0.0841761460439426,0.2743274059306284,0.30398156176983315,0.29255045495137244,0.3498990139835408,0.0,0.37314067427814956,0.3655414283582283,0.0,0.2937858176240449,-0.26293951431568974,0.19894769948494034,0.3579426317624522,0.0,0.18984071695632124,0.2843358479316259,0.19676850808495935,0.24567555085112194,0.0,0.17428324714791243,0.20360605325042166,0.2107180829914646,0.1707715912005152,0.0959452973854811,0.24978806675825205,0.13408517901094305
0.09119657096595848,0.4387581049470352,0.4370800811544458,0.1631914310439412,0.17124515279150565,0.48281396864551585,0.4273800854009326,0.32400383334296246,0.4245677100943425,0.07907077821830275,0.41311328368362704,0.3054232523113917,0.5197101809929346,0.3530667973554048,0.3834884056348425,0.5652425692492099,0.15730066204069962,0.34530925007839414,0.14445925426906733,0.4451966666377875,0.0,0.4760726038252142,0.42332053537189984,0.21373358149801186,0.4431587550279213,0.43015005801108447,0.47461855480471377,0.40277451897686267,0.5648403601476483,0.2940226284366781,0.20551001146821526,-0.07195508663201641,0.2727180677223428,0.3551735676642053,0.6635793152697338,0.22887711070157352,0.21468053380458169,0.41967705860729304,0.12055882222055472,-0.10306694868040919,0.025594112323293984,0.04549061370352115,0.26583343323619774,0.0,0.0,0.19705743223418118,0.2114100706330916,0.2666176156163298,0.0,0.0,0.25323718387557226,0.2726722272669979,0.12989355212766546,0.3279875975266772,0.44319205066471323,0.0,0.3287225104232475,0.2666100413996775,0.0,0.3048775537499985,0.13103509945232694,0.0,0.19567855771949655,0.0,0.17143698190409085,0.13531577854508278,0.28620677601499894,0.29992207250925945,0.27983984742742557,0.3545850907226877,0.33701027362794916,0.25346717635933774,0.21735549016561928,-0.05678079625476103,0.18793539537483575,0.028855097291355023
0.21271919612062085,0.6020801292903762,0.38430992340101183,0.12346123670768547,0.3134080420542077,0.4994929185647735,0.3884023300916283,0.45231334224388603,0.46498042546899104,0.24694608347811925,0.2500507687255155,-0.20942552434793169,0.415207461486224,0.1302451418178533,0.6692136943070327,0.6020086825886106,0.4373431536567676,0.5488000991846258,0.19487440728624833,0.5731076198177143,0.4760726038252142,0.0,0.44185819105412627,0.4123613156631801,0.566054329742888,0.4309842932311449,0.5376351214082545,0.4217315107960886,0.48639584002495145,0.21365023424644383,0.40237624712730613,0.2593093494844316,0.2896240434518934,0.3717796768491238,0.334747372859056,0.2778250442655446,0.38508058771524534,0.17334853293569288,-0.008790488943572747,0.23574968319603726,0.13216558928194372,0.19532041927443225,0.31402763075391144,0.06791844769084507,0.1877233376472672,0.0686217511511625,0.2579872030117526,0.2890683219152654,0.20847381946714244,0.19623250124813116,0.4161476349587305,0.41213789834539394,0.3634735304733375,0.2739123295771778,0.25010416741071473,0.0,0.3486240185916509,0.37309127189236274,0.0,0.22068765948188163,0.27046830118201654,0.25197202506836763,0.057816301077474846,0.0,0.1487388926299508,0.22175377586448056,0.20466230366527455,0.25372529753840645,0.4148042571874541,0.22106097779482403,0.2876137347774132,0.2179455150077123,0.05462820521084155,0.05912590862720438,0.10959735070181384,0.32738837848634594
0.33592976145757625,0.4852877756000956,0.5691408518794833,0.6764697344546905,0.3722222399965885,0.6674744989966636,0.5510426386968967,0.41817208842017484,0.645442770868432,0.37127307909222385,0.6215073270651614,0.4760512548336379,0.48211503457115995,0.6535224025382895,0.43303860380985104,0.3101626719691807,0.3483733940973796,0.274629026474676,0.5848063581575158,0.40526442811578406,0.42332053537189984,0.44185819105412627,0.0,0.24451018510120304,0.2814293053425738,0.32788401125772737,0.4681333821697124,0.41765968516239854,0.5273873416384994,0.4042892320114584,0.4077215088078097,0.3205191028537585,0.1697407620014472,0.3243499409679473,0.42431744242606195,0.4512975234138792,0.46932030867973373,0.22892425781103265,0.32923743112429,0.43688769279293477,0.4106576000825024,0.39221879230570106,0.3088715588930833,0.42050388135191313,0.2517592741809452,0.46896705102556724,0.333065170371906,0.3431111320821299,0.15742793104168165,0.308795409461457,0.4951387834008093,0.5094362514142797,0.4568041481761617,0.4421550078943821,0.3740829279879964,0.30691476571966686,-0.013785764860010766,0.48762466523516357,0.3755398303000035,0.2993838159750406,0.36960430629450913,0.20237563888728138,0.3685027789864107,0.14451440529910806,0.2534788036907099,0.43740066038372283,0.32813620459517084,0.5320641724429162,0.16305771162956195,0.38006473080908326,0.36882534180733434,0.5308958201192188,0.46542034341776956,0.23328669459239298,0.4416670516023093,0.46922672245590036
0.3617033227936667,0.31482729788057245,0.36926074161033823,0.14542134267828782,0.6167883494199935,0.30515065649438294,0.5366798964655061,0.15119954728849777,0.3734342596926255,0.3328393741091286,0.5701770788276179,0.23005293497877444,0.49381532424274904,0.45729648558441244,0.17418792543453132,0.31365757141625694,0.3718532934554085,0.3798251392286569,0.5014054188004602,0.10174586976835721,0.21373358149801186,0.4123613156631801,0.24451018510120304,0.0,0.37322638041509526,0.3729279097905179,0.17430510469216748,0.47315724486636773,0.028128048312050277,0.34940325865816785,0.6085552659197371,0.09398010657948605,0.02725510617129004,0.01035555606784666,0.10168913490317383,0.16818289916910978,0.25887152419515375,-0.03639194762186771,0.22231391402630749,0.16382560284130576,-0.07457040122176568,0.2401346017633091,0.7030841428630564,0.18286514366869164,0.07881728202693027,0.26274501393579214,0.25561344869218033,0.0,0.0,0.1848318212025935,0.6994357610209684,0.14100620881895548,0.0,0.177053542418651,0.281342871352147,0.2359589175952033,0.37619829976300817,0.3355041069789601,0.0,0.1316522102864056,0.19228438254895797,0.3604135026744473,0.42656508206989513,0.2287688536823353,0.7306948703574252,0.3165580759338451,0.24714898232351765,0.9762456018208849,0.2680666054736303,0.37535478553937124,0.4116180979353769,0.6063616401291207,0.6262501180870986,-0.06669152567003918,0.0,0.33051650573847446
0.49966490200157143,0.6333285568693904,0.32399126220679575,0.35352682091711723,0.7619908042138688,0.39907265382793505,0.26694623152203806,0.3382104189152713,0.15431494380017685,0.4921300939320831,0.3404572240136401,0.32956742038033066,0.29334802242567243,0.25080179524936097,0.39325035691667115,0.4063070619684352,0.7212740268435459,0.4880996307680274,0.36402985363314944,0.541172907919834,0.4431587550279213,0.566054329742888,0.2814293053425738,0.37322638041509526,0.0,0.3917129163223608,0.41577954617278323,0.28727362503047577,0.4704792762509943,0.1733883240276196,0.3765577205454398,0.19542066508086495,0.45733636570832886,0.272518219850734,0.07712558890769457,0.5442636483775974,0.2357785114733726,0.16304229743613513,0.29591566883884274,0.05129187212093202,-0.09144138091227672,-0.2575498721257646,-0.045034017270597984,0.0,-0.11693423754762486,0.4700854332196216,0.2598898711076306,0.0,0.0,0.0,0.3626819310059617,0.1813736494278089,0.28115501627796646,0.19047059555264248,0.08976187038845995,0.17809890480397775,0.22571390489479304,-0.07849799631955345,0.0,-0.19840567793570765,0.14439632776470335,0.19093173396990862,0.1450597079695745,0.0,-0.11214186862846857,0.41079660525219275,-0.24551489740056964,0.3457123089103112,0.38516713375792233,0.35446894246955474,0.3932800494849473,0.2980860331427763,0.18970377023056104,0.05758223447205203,0.0,0.16520526581498535
0.41234061222415563,0.5011336513688476,0.23911358665285884,0.3142778941791418,0.245278180182385,0.3879478042735365,0.33096142035453413,0.29174398041601324,0.4251160892751292,0.3685995592511696,0.3381494775840282,0.3790564197047104,0.30586918569944976,0.3691804583008994,0.43973461974440625,0.45770582974939433,0.5900527098194136,0.47182328839907756,0.24739240031323434,0.28574279391632434,0.43015005801108447,0.4309842932311449,0.32788401125772737,0.3729279097905179,0.3917129163223608,0.0,0.43613200101630656,0.23301271147361605,0.43530008514112467,0.15939102366187513,0.2659138370965087,0.19820851970053072,0.41336846287908563,0.22714277939515592,0.146111560856396,0.01736042319276386,0.2703198437967572,0.11441550703905297,0.15695899144868022,0.11479651246618856,0.09895783163702573,0.13738051658438172,0.030816866573903125,0.20939759736795463,0.2659374763926452,0.34232742622395856,0.37416561246063795,0.25107135632448047,0.0,-0.031950973107822696,0.3321150822503552,0.189566206149352,0.3325074874395806,0.03630326834419012,0.20872696710482944,0.0,0.3802764098851135,-0.03546287550002751,0.0,0.33514645408005395,0.3199593022990039,0.2845030614311029,0.2452171129338183,0.0,0.27834397417744466,0.3277891105373407,0.35093722801186134,0.3653942164618742,0.32268557930700104,0.3928844349878781,0.3880737303132422,0.5040009308479382,0.3076883594692973,0.31193370250576385,0.18231381846373385,0.25307256064837835
0.3949321034251756,0.5118644884847329,0.45916220197572044,0.38804863721340305,0.512232192261688,0.7058099933050574,0.5503013774893545,0.5397263572220891,0.5465588675443706,0.46605293445493123,0.6030771212832334,0.6550346882028641,0.520044482747518,0.6340092261678181,0.4594080754924601,0.5027609200752315,0.17513443233448855,0.21781341930697284,0.6644661130581989,0.6108967871045154,0.47461855480471377,0.5376351214082545,0.4681333821697124,0.17430510469216748,0.41577954617278323,0.43613200101630656,0.0,0.458477762345868,0.5337456401439628,0.40459338757122437,0.4246998748282319,0.32499054999145066,0.3222634206162651,0.36038022460956987,0.40880829199306007,0.39197122009480767,0.4214663450593954,0.6083728250362312,0.3822170548353619,0.36700585352075055,0.43425124116235,0.32110096320204123,0.4107317328851729,0.40026861540691394,0.23723186602856208,0.26451218026016593,-0.0540001332237903,0.48869698539967527,0.17373532125491936,0.3323676725748784,0.5694890476708719,0.5713086200428243,0.4405953468505557,0.5291715876037909,0.3088266982375697,0.42058548983691585,0.10600110217689306,0.5641074358377755,-0.32114347203103594,0.3126158413007313,0.3110800561476757,0.0,0.22449203189352684,0.399861041227078,0.3122708177542936,0.34444934466744676,0.3353890685990101,0.5576603824671323,0.0,0.25226308334596503,0.2560971986544546,0.572909929097401,0.45525976470270885,0.24306017395498106,0.5008260686784792,0.4942538350166066
0.36022174348864916,0.014564000071239378,0.47436558199843937,0.07726938515242768,0.05969699353119248,0.6428306622486274,0.5052093480325992,0.41367544669679174,0.4768958048064133,0.7228065654729193,0.3881611757740561,0.4382808114209382,0.3932274479644471,-0.0676285327363461,0.2491887076257061,0.38967107965708553,0.5088100959094142,0.2957400889921087,0.3935536864096286,0.4759383188361292,0.40277451897686267,0.4217315107960886,0.41765968516239854,0.47315724486636773,0.28727362503047577,0.23301271147361605,0.458477762345868,0.0,0.42780861773382745,0.24181865362448293,0.39169841071703665,0.1983626555974254,0.5034869617714666,0.24060234311297501,0.08835310571944797,0.19177236762640865,-0.023725907412028863,0.4519333420493016,-0.02788388761144798,0.21382965475323668,0.21126633718999072,0.17908196952350017,0.38720957403028616,0.305524966977106,0.36571323178243625,0.37200590319157784,0.10000382654140509,0.7101406980679973,0.0,0.3604122900663188,0.33487066388545633,0.32424984972242016,0.3767719791224036,0.7873073362138578,0.325867884095229,0.39069792713815543,0.16453688942903594,0.4598588860002211,0.13236100406972237,0.16854768130751308,0.2689577518392855,0.14204311142845855,0.36989076908518764,0.3601058191392453,0.10730674677597815,0.46856647445255095,-0.05529851952429213,0.4866711505095443,0.319112198545119,0.3946696049398792,0.18909231913144586,0.42899358088511413,0.3008262366227987,0.10074126113769252,0.32132077711918566,-0.041263960180658504
0.44690673526672514,0.3517417128421789,0.37926139483167937,0.2505229378774672,0.12188541704470206,0.3846197309514614,0.4506642982383593,0.4350404404630083,0.4459746837357015,0.25186131337818235,0.24317000736250088,0.4240188715872608,0.468164634831477,-0.021196386215421414,0.34662870524710054,0.6364549308510327,0.2206749326034996,0.4479817129314624,0.10856983342307266,0.4357110649099589,0.5648403601476483,0.48639584002495145,0.5273873416384994,0.028128048312050277,0.4704792762509943,0.43530008514112467,0.5337456401439628,0.42780861773382745,0.0,0.1886487821075913,0.35830449147164806,0.2447804215421408,0.3120874014363896,0.18117629114717732,0.30351376317666223,0.40750326440710954,0.42358849005468835,0.478365074744872,0.22605744149557042,0.23696726164154056,0.3605179363556423,0.18352911039302017,0.2589895571799079,0.3508331095149612,0.2542677030686811,0.3721610418176899,0.18115163684374264,0.44352132125437865,0.19784862156652788,0.25833788241795164,0.28806362565837595,0.5258702241350404,0.4861460326712964,0.49918804352168467,0.43438326714716685,0.07250930769616704,0.29158657446466413,0.500131264258828,0.20647644595585246,0.12111382237994014,0.3549482281104646,0.20548251401093043,0.3174797889659158,0.5443522531880189,0.31672934857866303,0.45174876961553034,-0.25134175467511544,0.5373422420222652,0.21455938031747185,0.2666754891209561,0.3114836099248127,0.4761644825005124,0.4480624566854107,0.2848695729535098,0.4481169627484929,0.3240947608415657
