0.0,0.39074989935861915,0.3578567340772146,0.0,0.32069702005088274,0.2645959417675341,0.33388625088752805,0.40204762334125277,0.31559512100809683,0.48023000934992877,0.3027248191885895,0.38937074268349,0.4155317206256748,0.4836820113889796,0.4404840569533452,0.40803783591491216,0.04209404229810219,0.2494892924467951,0.0,0.3688736481776314,0.25877213201420335,0.2115465975113901,0.3028887558343832,0.32069031218155036,0.18746776963728318,0.5179878510606551,0.4004081403287699,0.4915467236090384,0.3805998426911044,0.34454657822918283,0.3873431195212757,0.5367465721034047,-0.14550072744513243,0.15308498549547309,0.11036432864608664,0.3286183194722302,0.23489210573489133,0.3423213044801383,0.5697552379444687,0.04526995435530583,0.030139449491925693,0.36866372376877776,0.22520917424834586,0.0,0.34214823884508855,0.6308782879631868,0.3104247729526433,0.0,0.0,0.0,0.3285338982833761,0.0,0.4895113618936675,0.0,0.5511186050153927,0.0,0.5038323193943407,0.16421473573340806,0.0,0.36961931788380464,0.3736356992982095,0.2661260921854121,0.3512781784679441,0.0,0.46747166914242266,0.509218145601526,0.6617581538967379,0.7091524978540943,0.48519192996563865,0.3820378101176191,0.5020806769837364,0.4266850725739534,0.1725341183078288,0.49720672094856905,0.0,0.3335443534631568
0.39074989935861915,0.0,0.46155022378128524,0.13676743916703166,0.08095708137643284,0.08189803098208609,0.15909556395944016,0.3107377067599423,0.14115755394572996,0.2873590459241484,0.4632172964079203,0.2922996277793369,0.2413569273969999,0.25266037907604555,0.23268659506118708,0.5472563162706129,0.4700989549088698,0.4471586496696916,0.27837424431719093,0.18801772854688786,0.18977832608693546,0.42576292873608884,0.2434848308402206,0.17831441488919178,0.34745574176606814,0.26028433283734664,0.13359512975413906,0.26556052703316,0.08865449010142822,0.5156850218442215,0.3630037830328635,0.4472735511758503,0.108408378188512,0.1426655393381266,0.25329928240384353,0.38451158290589293,-0.03337519607499016,0.0,0.37979358576836597,0.21564137066628208,-0.05049179541045483,-0.13277444551536802,0.21937326325339315,0.0,0.0,0.543851569508174,0.1667153537475412,-0.01950888170314942,0.0,0.0,0.48585605967289913,0.44591790397980713,0.4373316997885814,0.32204025249078594,0.08273738145465033,0.0,0.3769918153787748,0.46656324618066985,0.0,0.1891858932101098,0.3159207810274044,0.5529470076677471,0.482967709146134,0.0,0.03830867666776502,0.39257627645519805,0.017228306355135635,0.43083155547223834,0.40913570668895266,0.5144298406305595,0.36990531357152434,0.26101979251191576,0.3245243087374119,0.21423878688288528,0.0,0.24149888072774792
0.3578567340772146,0.46155022378128524,0.0,0.5478444276283293,0.4230989122658874,0.08705998790519599,0.4611997058578167,0.5693754930174704,-0.0024898804680409427,0.3318216588338735,0.270828152681894,0.6202785293999186,0.5701175854224079,0.6790272817234062,0.28594655129968527,0.39650731784001514,0.531967679091528,0.2957111253657184,0.22178455974037334,0.3121174880735009,0.3728061003812589,0.39373993055232065,0.12543064802759749,0.3592963684917784,0.428730164331558,0.4458276608463768,-0.03631770281180471,0.5505636419785653,0.4871559578893484,0.6147187759871189,0.6183015654159988,0.6688025041546929,0.16497403834813582,0.6402159247903416,0.5640195690118492,0.6163813282489242,0.43304084810001275,0.6190896008535757,0.6245945353575605,0.19935387610333993,0.5531095010805633,0.39219227321740124,0.7069569938832886,0.40011274052733653,0.0,0.0,0.14257664215925525,0.14997706303132,0.18290519711901485,0.6833593168476929,0.4991385506208682,0.4868132633712281,0.6428810098102613,0.44544485100871856,0.16794325538649021,0.447720077132695,0.537530977875479,0.4635240581030573,0.5891472574662522,0.15530992945268138,0.0,0.0,0.0,0.17018397868621246,0.437145518268183,0.14982523146020965,0.10610619188454361,0.6622226069589225,0.0,0.24977952556299216,0.44754108303789386,0.41967836230998634,0.34486404915924024,0.9015839418898247,0.26086394887478614,0.40656557546705907
0.0,0.13676743916703166,0.5478444276283293,0.0,0.39458508985674207,0.2260590500942023,0.2380130585621057,0.426846396022183,0.5147301022586267,0.28873760570540746,0.3029360519175491,0.11428752775179057,0.19428406183149138,0.0940413868004941,0.5037431112170537,0.16011090518287888,0.3076064675213705,0.21974514075315138,0.4440091782655136,0.30961204013915666,0.2693626471426259,0.3316922391064513,0.5315263446014865,0.28814299955385764,0.35591534099763494,0.42345019330908207,0.5367936314215191,0.24936327376744183,0.2934786362971905,0.04449401390954917,0.20761922310434275,0.17156401882979472,0.17872753837139804,0.09668238242898022,-0.09625389627291338,-0.0351000106039511,0.13475679155202638,0.28390446108603934,0.27245773424609926,0.1790430937041917,0.1366177895691309,0.26097338328287695,0.07766961092283903,0.01128699828746282,0.0,0.0,0.0,0.14388603630939098,0.0,0.0,0.49194896135199256,0.0,0.23571484811426557,0.171331815620932,0.0,0.1456102443045765,0.3491684179613854,0.19149277969250134,0.0,0.0,0.0,0.0,0.0,0.0,0.0,0.0,0.1936909923516687,0.5409708425966633,0.0,0.0,0.0,0.41741460365176036,0.19729361590897276,0.18440423514077497,0.0,0.0
0.32069702005088274,0.08095708137643284,0.4230989122658874,0.39458508985674207,0.0,0.25526625068986925,0.28702512310583683,0.24974471060975895,0.21649797149862904,0.4580443828160961,0.3945222193529737,0.39475312251737604,-0.05388732569215143,0.37928664164264925,0.3734486288812607,0.2662738366590157,0.20561554435988852,0.3376687369559498,0.4109003211866391,0.12547903309514186,0.40540641406114697,0.09270732139263413,0.3312011735518002,0.3747260255408716,0.32864039551091223,-0.011988905952915106,0.31908730798155743,-0.017202811749366463,0.1746655399044214,0.4141272523026228,0.29538154567414254,0.28039589758940037,0.27752345260731587,0.21262828742811057,-0.026255902604245693,0.0749490319601041,0.3750923492583374,0.1282650179850077,-0.009274700751359298,0.2189170485293231,0.2728286543463626,-0.06852146283745873,0.31583575119402213,0.04512579873683617,0.14147123502901118,0.0,0.2761983656051483,0.6275566475797306,0.0,0.36423776910856076,0.31767764814758553,0.42381253004158603,0.15949001035425972,0.565151109509608,0.0,0.5401487833192146,0.2749118672983861,0.4479189621419441,0.527937156135784,0.32387698655726216,0.19689828693650324,0.0,0.0,0.5838216416789218,0.3216574732476085,0.22336557372502527,0.3168865210786094,0.24829689726430784,0.0,0.19728787938344772,0.23394827807833957,-0.12752207878641597,0.5102558185501199,0.4143516442252381,0.0,0.445155922888556
0.2645959417675341,0.08189803098208609,0.08705998790519599,0.2260590500942023,0.25526625068986925,0.0,0.3339919971153873,0.4149464668679701,0.33260042593125067,0.4263625572730542,0.24921290747911765,0.5491450087076144,0.4632219760196118,0.3293550497359889,0.27029930340101316,0.18029896328182085,0.3819328814503801,0.3199342201757588,0.19439723338704873,0.136151915777838,0.2818420015184925,0.09914923950043918,0.3057511656995958,0.3351346259403396,0.2210148869790053,0.10132071437127547,0.4108157046133247,0.3526952285413255,0.1547190908255618,0.48099785637098563,0.4271282131210473,0.33275899442478757,0.26167756546378296,0.39993800650805345,0.22105376637467258,0.33743350019406265,0.2655309345383896,0.511220117809504,0.6906667329183154,0.44131402847407053,0.4821255182558482,0.05378762162198114,0.40638066437154846,0.38720267488403154,0.26458106456928127,0.41097363730916425,0.518036571548091,0.509846106057828,0.4668980682701689,0.2727460257386572,0.4998445971461847,0.5518574690167384,0.4373880041536051,0.522699387486407,0.4401994806488681,0.39365536266437895,0.38445048907312873,0.5577418525161121,0.38527016995132957,0.23413678319763914,0.47879597921259814,0.0,0.4325507901935972,0.47906110804300683,0.6991585856891274,0.28504446686812224,0.4415350830607715,0.5770085232093697,0.21335814658708258,0.37180976796534004,0.3677560737685801,0.4541849117966858,0.6088030206994192,0.6667522806265588,0.5049965822230059,0.6629660084728448
0.33388625088752805,0.15909556395944016,0.4611997058578167,0.2380130585621057,0.28702512310583683,0.3339919971153873,0.0,0.2990565793019365,0.40789248440254816,0.4132438230816893,0.36722563658361734,0.4456661773604459,0.504692546317263,0.2896425521250616,0.3934854658316808,0.3134580394884239,0.28923680728982937,0.28280070389387924,0.3810053823041567,0.13888245863027546,0.16482028652866915,0.19785579043262874,0.33081346010463475,0.41954179214629067,0.2800857790320359,0.22476841391953722,0.30674928104851207,0.2357388381519445,0.23204103855412142,0.41142044467908706,0.19576113012663954,0.2718139858641148,0.2808249026591437,0.21635467205021888,-0.13806813302838292,0.258775867573664,0.21833861526380877,0.22841526665515954,0.5727946429676767,0.1646092376423685,-0.06055971179539794,0.20972945947723323,0.02262753010205021,0.47782134573611307,0.3942619978620627,0.0,0.38961277681437295,0.3470391974890294,0.0,0.30811333951313824,0.5015386360471136,0.5786945993224318,0.3882279313028646,0.4945108167323763,0.4391850862091917,0.27470691132975095,0.24596847904604566,0.47965616907941216,0.3910878022563374,0.34213350259400027,0.4736747597491158,0.0,0.19781722508422053,0.5320587515560774,0.48995378663420763,0.31145212073422734,0.4420999163865869,0.4990214917026592,0.19711586557658084,0.46391060790723804,0.3386472895226476,0.31673476819943935,0.3905024006927343,0.542769793904697,0.45228378259405144,0.47341688003861676
0.40204762334125277,0.3107377067599423,0.5693754930174704,0.426846396022183,0.24974471060975895,0.4149464668679701,0.2990565793019365,0.0,0.47869979038392,0.3436905289962503,0.6892772514097318,0.4420873659551202,0.4406320140832587,0.6144628251218446,-0.009872829097776457,0.3946520222583302,0.3354125494470073,0.24906588022985274,0.4276909466703957,0.4810491981243278,0.47694413527852836,0.6332831298750577,0.4647344212242243,0.09932968016308952,0.21757316149551506,0.34308012516186587,0.5341205980413538,0.46315742596687637,0.33215999170227534,0.43895678804120003,0.439828337023302,0.38188514037359017,0.2949521076178182,0.4919163592414582,0.22767132781172034,0.5797136953452504,0.5129953904437026,0.37132016632287257,0.6170713085555479,0.5141057772440825,0.30402428415355626,0.47244295413516035,0.7393636224036509,0.3496368117303003,0.0,0.4673461686664666,0.3158487125329532,0.736374353834508,0.0,0.19517403584047768,0.500076398773551,0.2907924419398716,0.5798840438188897,0.6818605857669295,0.30678093367309384,0.600803432704801,0.4501482530045631,0.5225101915652931,0.22399879627095892,0.689441710092904,0.3831081179001728,0.0,0.26974341945227426,0.7565194436486996,0.22834253428267187,-0.05458623361324347,0.5509841755738689,0.6352153201454449,0.0,0.3991637222178109,0.41393859098058233,0.28910609009107,0.40067635376591054,0.4124269731277939,0.31837062261604043,0.33518087866290824
0.31559512100809683,0.14115755394572996,-0.0024898804680409427,0.5147301022586267,0.21649797149862904,0.33260042593125067,0.40789248440254816,0.47869979038392,0.0,0.31039252882716045,0.35374158929091815,0.5077619359217468,0.4502796064160912,0.2725970417268673,0.3507571910974863,0.28107586639526794,0.5049253978389535,0.3798792795629597,0.12288051235986339,0.13781278298821328,0.510322712684519,0.3445371200166768,0.21220496764945063,0.4870348388133269,0.24785344158201625,-0.14189260120679198,0.21370006803746633,0.4960617387951125,0.18760579970001645,0.4544706451597294,0.5056704223167746,0.6722074993258077,0.3840200009602368,0.5432335751859279,0.3505513632394055,0.477988906768838,0.4884060812611014,0.3975628554856663,0.27085722461608824,0.21243973057642235,0.25432332489216036,0.5345594540388845,0.47442359537990897,0.38825715483673484,0.30577542188535745,0.0,0.41183949293001554,0.5295008996009557,0.19289819145795906,0.33546804517264917,0.5079724636184527,0.4404241519107079,0.6890693406113004,0.49865180645335755,0.12269783217747735,0.5964673903829121,0.377480952305775,0.4820028796572739,0.5270154694037329,0.35818785245794427,0.4294176034838487,0.0,0.0,0.5538262860406177,0.37825468976755194,0.22490771590866512,0.26977876657115635,0.6647695044778225,0.16048317032633902,0.3605168302666522,0.30930670361508306,0.38704430603461276,0.5980353245703737,0.4015696076348399,0.4739637895016058,0.5475349075717065
0.48023000934992877,0.2873590459241484,0.3318216588338735,0.28873760570540746,0.4580443828160961,0.4263625572730542,0.4132438230816893,0.3436905289962503,0.31039252882716045,0.0,0.32681402122138686,0.6117295746839562,0.45374939674679576,0.08881321123766367,0.17855318531543815,0.24667723766782396,0.3173777578767291,0.2627192595080822,0.41378096914018836,0.29490362555737487,0.3658125789232818,0.3452781419574189,0.42409131785440335,0.4544189221166794,0.24064638999702387,0.350995546065649,0.3481566569857146,0.5045156352672835,0.41480385139192666,0.4256324265570437,0.6462036264334561,0.5680811963147607,0.5729322679907819,0.5371356594564702,0.527663413858007,0.5942329322706724,0.31160484435838814,0.5149750512623044,0.7493349718979528,0.5246658766875312,0.3930301534695138,0.21143478986813563,0.15454968564432342,0.33784968849589503,0.40519055754598965,0.6557532523735906,0.19856944562851775,0.16719900700699353,0.18147998122445944,0.22093827895823415,0.5246021157054792,0.4416047251182848,0.28152754031513605,0.11865117827607666,0.4361818876598015,0.2730999461875727,0.5642971097330289,0.5548263237953436,0.0,0.23271898709273484,0.18186821018715454,0.32954700885127053,0.23623826539123105,0.21410130402633792,0.20701570181665213,0.5004855405655347,0.20118257146700488,0.5341555587329614,0.2483011897587812,0.20896561315399864,0.40956790908957535,0.2781784560515001,0.4284048469312114,0.3798301042182385,0.0,0.48461343287905095
0.3027248191885895,0.4632172964079203,0.270828152681894,0.3029360519175491,0.3945222193529737,0.24921290747911765,0.36722563658361734,0.6892772514097318,0.35374158929091815,0.32681402122138686,0.0,0.5912864494307496,0.24768670502245096,0.4752209113170105,0.0,0.21186024730108682,0.35937346511555956,0.49937500223153697,0.2403693452265253,0.19871428233246635,0.42516542601856383,0.30995663518053984,0.325670621973414,0.36058065804771655,0.33854586685119403,0.5187820703239856,0.3060259998069276,0.2646294662020947,0.4264644174819785,0.3842374448813283,0.3472557794300226,0.588386813760687,0.49667698519760706,0.4488511080824992,0.2487307411554734,0.2923976691843403,0.46268357469911336,0.33695120439983445,0.39475817447748346,0.18295594796279804,0.5977847276831828,0.720731824089805,0.6509114229104735,0.37024982386169075,0.22222235356781747,0.0,0.0,0.3170972472754346,0.23662854707218078,0.09904041290480389,0.4274506748061213,0.08900186846902682,0.6263861595932255,0.5401768983889659,0.4104128858583611,0.13143290103083619,0.2044816488929568,0.22882053156413076,0.6122754644453695,0.0,0.0,0.0,0.0,0.0487759668575886,0.19937411408748257,0.0,0.20496684430898932,0.7244729283876075,0.0,0.0,0.35447342675962,0.4986709227906234,0.22380471958579717,0.4083485442462854,0.0,0.5283082259744419
0.38937074268349,0.2922996277793369,0.6202785293999186,0.11428752775179057,0.39475312251737604,0.5491450087076144,0.4456661773604459,0.4420873659551202,0.5077619359217468,0.6117295746839562,0.5912864494307496,0.0,0.5041181332720688,0.4738806931188817,0.43927955903874905,0.31915063304045516,0.47093705703716726,0.4933933050231767,0.6223797802120198,0.17785999255651114,0.4496580389712638,0.16945557002627556,0.3470944107801615,0.5597266373125137,0.45176045765026385,0.20860273267325197,0.48587320991184624,0.6841993598523304,0.4639202403067415,0.3766458028448045,0.6564500425537055,0.5653432106286673,0.6186839476932346,0.41100503473371175,0.5211122522501171,0.6633118562038026,0.3828026969702893,0.3543316165526831,0.37011134214505387,0.5441663464629103,0.5141578509680375,0.19946967422853085,0.1798703282223495,0.3228481907299729,0.3747545241038641,0.6427026269913163,0.0891009761637919,0.26366148936898604,0.2237900802218299,0.08412086114212354,0.3058870755885964,0.42060858788474714,0.18113188916437,0.4396513465600673,0.5608628799431533,0.09831593294459023,0.651373651948776,0.341702573759965,0.21722957635452111,0.2528434912746955,0.18840230388637874,0.40577742268175376,0.3663397150700806,0.33442099450089663,0.34488914245535685,0.3566213827481805,0.3437727609648465,0.22398584043732025,0.37725131554392116,0.3405581419164602,0.4986143712309434,0.2437891607263148,0.4888693823642811,0.25708902536780986,0.0,0.4236556264195319
0.4155317206256748,0.2413569273969999,0.5701175854224079,0.19428406183149138,-0.05388732569215143,0.4632219760196118,0.504692546317263,0.4406320140832587,0.4502796064160912,0.45374939674679576,0.24768670502245096,0.5041181332720688,0.0,0.21526352745552163,0.3252043307284882,0.4573857372565992,0.40669670978331807,0.5122950893246337,0.3333027434385383,0.32021164239655314,0.2974912181633871,0.29032509960150865,0.47836126606129625,0.2774607227331826,0.4516994295486923,0.3730497096008033,0.4536712292491476,0.46488232081441705,0.4111827421071406,0.49676979163283896,0.29098881218364686,0.293000259263805,0.14549335528730606,0.35434519951942817,-0.2107909391887731,0.17449019851366993,0.18560958811733005,0.23549599077322264,0.4668466068044581,0.1646631545304566,0.10149951094634459,0.30215869879875484,0.12295565836165051,0.23770931906064938,0.4324526744321842,0.40424339530086606,0.42762781409922174,0.5236191385159047,0.0,0.5246268584700683,0.5846693928428301,0.5274951724711606,0.40191165272730767,0.5755432609166582,0.2988758981320865,0.34843359016852693,0.3681856102204102,0.5513104033255691,0.13947794928928467,0.4595423097728356,0.4444522695898634,0.3443163616571234,0.6094913197948884,0.49853710274117585,0.47880001411641293,0.34123745800790195,0.5080952910934886,0.5697058376646422,0.22807803352998277,0.5390649397296708,0.466880535460768,0.4757236866956055,0.5911830748228588,0.6962219904867359,0.3891083027656339,0.5035539609105335
0.4836820113889796,0.25266037907604555,0.6790272817234062,0.0940413868004941,0.37928664164264925,0.3293550497359889,0.2896425521250616,0.6144628251218446,0.2725970417268673,0.08881321123766367,0.4752209113170105,0.4738806931188817,0.21526352745552163,0.0,0.3991199759833988,0.21857725195664027,0.2248384506106326,0.2087798038586112,0.5650998193059537,0.3788374148893436,0.5399390319751105,0.1882931889429975,0.688401234040337,0.384964142629144,0.33704906695666575,0.4474413020686687,0.631648513781579,0.2972817893790179,0.37488498519809305,0.3741210753966694,0.701043842529492,0.0962403585697339,0.12605520598324776,0.5283367075636216,0.5539857350499936,-0.04600505924876119,-0.05112559221971942,0.231001927662227,0.19171890324380902,0.0,0.6459654973292492,0.24330282487229218,0.5877229445198202,0.1829415658987642,0.0,0.0,0.0,0.71482811574918,0.0,0.6110645193783606,0.20668775713518195,0.15184482985219538,0.5687889835102143,0.6192563758889059,0.0,0.6775357403418378,0.1805450882978808,0.5150351581703541,0.6175435170675938,0.0,0.0,0.0,0.0,0.8668829953406098,0.0,0.0,0.0,0.8153663093798988,0.0,0.0,0.0,0.43388666258593717,0.4984208443000207,0.0,0.0,0.0
0.4404840569533452,0.23268659506118708,0.28594655129968527,0.5037431112170537,0.3734486288812607,0.27029930340101316,0.3934854658316808,-0.009872829097776457,0.3507571910974863,0.17855318531543815,0.0,0.43927955903874905,0.3252043307284882,0.3991199759833988,0.0,0.33054344134107466,0.316883917748463,0.249164242444939,0.0,0.30175614128354916,0.24481689055695938,0.22829604622106986,0.5299164644627429,0.22364713116966442,0.2321780948395355,0.1251378404275336,0.3162396637993245,0.247055792412422,0.19406677469251216,0.2519814685142931,0.25878757020777454,0.2358114600144695,0.2034993362609994,0.1144271624364624,0.18844366535576076,0.3109686578680301,-0.13353518480482618,0.1654803957628472,0.41127615803102247,0.4543576093540295,0.23299149948982106,0.3004975517034278,-0.07281624367946063,0.20453791444290517,0.0,0.34228670135510003,0.39100276999531686,0.36633295221745843,0.0,0.0,0.42207974692804817,0.5680492669807564,0.3698746785281514,0.20397378407609418,0.0,0.0,0.2990693214215901,0.4775936157632432,0.2101609818362012,0.5567769525183452,0.5296509313824074,0.218429436515645,0.5354708079285507,0.0,0.5156007275974118,0.28220774659918846,0.3989151957943092,0.49488167391062293,0.21682439993677094,0.5811194644464978,0.34865777992226016,0.40188353208242006,0.5407876629351773,0.36319793229106484,0.47413307135950095,0.36761072702089853
0.40803783591491216,0.5472563162706129,0.39650731784001514,0.16011090518287888,0.2662738366590157,0.18029896328182085,0.3134580394884239,0.3946520222583302,0.28107586639526794,0.24667723766782396,0.21186024730108682,0.31915063304045516,0.4573857372565992,0.21857725195664027,0.33054344134107466,0.0,0.280796117120226,0.3590962858219519,0.2307968317757762,0.2647844106831764,0.4208130559162053,0.42928148259126697,0.4685970775755192,0.31082431903023255,0.4234970443543976,0.3981746115123406,0.31640874433144833,0.4505227696123429,0.2763542059473022,0.3576832620158561,0.43032801891433065,0.34908330005352833,0.060943539525111085,0.18101380053780863,0.2891236440075326,0.15279585246487565,0.34148726132690693,0.2518051693891834,0.4689071801415383,0.06999934978783276,0.12177664032225807,0.722972041292029,0.21219942760158184,0.0,0.0,0.5015259658113327,0.29771946931280613,0.0,0.0,0.0,0.43823083520803396,0.33491367402979755,0.4505077004487291,0.0,0.09160663515452089,0.0,0.1819750591653953,0.47761781099596623,0.0,0.4294731364978343,0.34712388823812274,0.057102045327584644,0.3666412866391123,0.0,0.39901196228987523,0.39865664585514166,0.41149602706118626,0.5387650232834907,0.46535126282682526,0.43761088784755897,0.4802878021060256,0.44197218756525203,0.46155676257447287,0.4998219861762036,0.0,0.32062963074362577
0.04209404229810219,0.4700989549088698,0.531967679091528,0.3076064675213705,0.20561554435988852,0.3819328814503801,0.28923680728982937,0.3354125494470073,0.5049253978389535,0.3173777578767291,0.35937346511555956,0.47093705703716726,0.40669670978331807,0.2248384506106326,0.316883917748463,0.280796117120226,0.0,0.4217907173143799,0.4328087145149563,0.33094165612079013,0.1429922057417638,0.2901954832840773,0.41840586467431684,0.1402819487992526,0.02767578814967453,0.16336461968391613,0.4166489831093592,0.4569891293182114,0.3618313314239061,0.12186230553635183,0.4748347160235476,0.4266097580424962,0.44234966477353416,0.4536623515210939,0.29866495291206163,0.44336973038580774,0.16315100391673348,0.47415178818496856,0.24196165216834234,-0.15874298186878472,0.301803540699075,0.4543133002261344,0.0,0.0,-0.1657710987162965,0.3103795958911549,0.30304639257481597,0.0,0.0,0.0,0.0,0.0,0.0,0.0,0.3109116379956381,0.0,0.40628349312440803,0.4551955975297965,0.0,0.27843275004929774,0.1446948238348723,0.06641534521618161,0.009724778627709235,0.0,0.0,0.0,0.10839074673212969,0.0,0.4605247737482975,0.01135050589238773,0.14088222148154836,0.0,0.33319356758547697,0.1959617798984101,0.0,0.4354480400363877
0.2494892924467951,0.4471586496696916,0.2957111253657184,0.21974514075315138,0.3376687369559498,0.3199342201757588,0.28280070389387924,0.24906588022985274,0.3798792795629597,0.2627192595080822,0.49937500223153697,0.4933933050231767,0.5122950893246337,0.2087798038586112,0.249164242444939,0.3590962858219519,0.4217907173143799,0.0,0.5753941255239995,0.26229297008543556,0.3161023189375111,0.29199070232182645,0.36653582504196547,0.16074695280220927,0.3190315049723329,0.3339096242247517,0.5668937466705234,0.4112970196092498,0.2947154359935056,0.29507743025060523,0.4225097981514263,0.5407156453131201,0.21886515433455841,0.3440718582864374,0.11905652167203679,0.5475781559555064,0.16960822586256835,0.4687750014815843,0.2301932712954196,-0.043660696394099814,0.014785894256370224,0.022459619311123294,0.0,0.0,0.13105942072136018,0.33019861978836224,0.19802637771129644,0.0,0.0,0.0,0.40889449499198327,0.18874418183642594,0.2516015309160774,0.0,0.13725395851033317,0.0,-0.04359121302331721,0.293747135524412,0.0,0.5654457495854259,0.11304533434917742,0.14964020423915908,0.06038195954236977,0.0,0.3503025029424222,0.5112435097468933,-0.03152840254773815,0.39466306308648147,0.28592612812201584,0.061229176745824176,0.1437403825097331,0.49210679319687645,0.5215029193054243,0.5898840367087186,0.0,0.08325425666960233
0.0,0.27837424431719093,0.22178455974037334,0.4440091782655136,0.4109003211866391,0.19439723338704873,0.3810053823041567,0.4276909466703957,0.12288051235986339,0.41378096914018836,0.2403693452265253,0.6223797802120198,0.3333027434385383,0.5650998193059537,0.0,0.2307968317757762,0.4328087145149563,0.5753941255239995,0.0,0.22246220727919513,0.3738309994583453,0.2836305046929697,0.036028317390235626,0.48719561676863876,0.5593890772128738,0.45202606643260257,0.11749114584373366,0.3625158543723442,0.36177484552615585,0.46389013766574577,0.4115818853837089,0.60946746115848,0.34712813919436997,0.48291067893580897,0.29269533171341044,0.5156413936370693,0.3394345940938829,0.4766817288574611,0.2820026233148874,0.20277420132278043,0.2486561042545454,0.10926847419832554,0.45471118260991417,0.26745335990878993,-0.018605363927760625,0.0,0.0,0.4577837290860391,0.0,0.2071433894071385,0.5039658812014545,0.23457792357411325,0.5974244920046851,0.5459841395909008,0.25036184415235896,0.5860405370179746,0.5100797125497843,0.349466486093662,0.7378748408621705,0.0,0.0,0.0,0.0,0.41444546406908506,0.2350124454868446,0.0,0.2419932969116793,0.7234985399634394,0.0,0.0,0.0,0.4330607146080808,0.51051534554803,0.4423384717717328,0.2278445051395334,0.622945893617259
0.3688736481776314,0.18801772854688786,0.3121174880735009,0.30961204013915666,0.12547903309514186,0.136151915777838,0.13888245863027546,0.4810491981243278,0.13781278298821328,0.29490362555737487,0.19871428233246635,0.17785999255651114,0.32021164239655314,0.3788374148893436,0.30175614128354916,0.2647844106831764,0.33094165612079013,0.26229297008543556,0.22246220727919513,0.0,0.19752751355558185,0.16612220426616248,0.33535295195631604,0.3010906293161906,0.2433608705933505,0.1867902484290972,0.19257249861490042,0.494305458110523,0.3553776418620709,0.5169557748053409,0.1526528058413916,0.15534616804141843,0.19722646289714188,0.07480562604953933,0.1828771693119409,0.24659963512108943,0.08860538291917613,0.2167772641305405,0.30072957053093696,0.5518062557706963,0.2498357428529775,0.288885765255577,0.3015725212634617,0.06190610225750222,0.13227593435406573,0.5026480973520949,0.2099649882355906,0.3759923677291404,0.0,0.0,0.5216943057680793,0.42229954721913165,0.27281252482082574,0.36332223770461675,0.34399801067485325,0.0,0.4007741600332024,0.5819850368751475,0.0,0.3105251258616306,0.46137302020014476,0.21793171999073357,0.5339949422851676,0.0,0.2875030801829756,0.029798120362049485,0.24891818675230704,0.3123067826179536,0.0,0.42607504023886206,0.20005676365408848,0.28311593076446895,0.3766728086791809,0.33224722077917085,0.4309588035352004,0.2306314902604708
0.25877213201420335,0.18977832608693546,0.3728061003812589,0.2693626471426259,0.40540641406114697,0.2818420015184925,0.16482028652866915,0.47694413527852836,0.510322712684519,0.3658125789232818,0.42516542601856383,0.4496580389712638,0.2974912181633871,0.5399390319751105,0.24481689055695938,0.4208130559162053,0.1429922057417638,0.3161023189375111,0.3738309994583453,0.19752751355558185,0.0,0.13054969393104818,0.4693213499889693,0.07754414621015054,0.21556321930130984,0.5008184541489761,0.27329531399949075,0.3438204791436553,0.2400743503098195,0.4878042166205091,0.38327612869154715,0.4891923307052241,-0.09658008887905221,0.17392335894169045,0.14313097669572755,0.3507231850999857,0.256969744919347,0.5589269790733078,0.5145783300530367,0.2188914008567616,0.14611885762291738,0.2717916991544646,0.3672969039789999,0.0,0.0,0.6036696821356454,0.6388677614720106,0.3573796954029141,0.0,0.0,0.38183481600071245,0.3579851419868212,0.22938158701092806,0.2640422887720731,0.5695455702092777,0.0,0.3607668412924509,0.34727406273199923,0.0,0.33131957810266593,0.7356629980217056,0.0,0.36753285698713845,0.0,0.3289181484736812,0.37034642297464454,0.3653959147530041,0.34910095023521986,0.27605495024029425,0.12543735972492248,0.5147526557210164,0.30619507554027003,0.5021472356135966,0.533336582759159,0.15631501965182984,0.6234578830042199
0.2115465975113901,0.42576292873608884,0.39373993055232065,0.3316922391064513,0.09270732139263413,0.09914923950043918,0.19785579043262874,0.6332831298750577,0.3445371200166768,0.3452781419574189,0.30995663518053984,0.16945557002627556,0.29032509960150865,0.1882931889429975,0.22829604622106986,0.42928148259126697,0.2901954832840773,0.29199070232182645,0.2836305046929697,0.16612220426616248,0.13054969393104818,0.0,0.4009872581070027,0.3486603645799441,0.5254418108648502,0.30238895941023297,0.1433156179391245,0.4153411819471567,0.19294427650108792,0.39655976827604655,0.27513909550094306,0.13001675666670368,0.031393525270810706,0.020192615894427078,0.06340159279260583,0.02308502549520473,0.17027944669530576,0.11128672517511344,0.2753402138853952,0.25963223426016774,-0.1419006034782982,-0.031853540665097116,-0.25163221311895606,0.04131159217818049,0.14658809393186129,0.45090498791233397,0.15417846703562615,0.36104843598157776,0.20503257866023844,0.19728177931849375,0.4152050438337061,0.4970312687197692,0.375633028392308,0.43300671954645154,0.32877628583462126,0.0,0.33846497631590355,0.4933875484014532,0.0,0.15939243225295166,0.07114194694507855,0.04849080082072539,0.4218104756371178,0.0,0.1418448296147312,0.15426036840785223,0.11712152251301174,0.33144865352180414,0.5055758492905165,0.10427176480812372,0.21172852986418442,0.19574943258898658,0.3660822706104576,0.21003656945397645,0.1413195922564573,0.22331364193826947
0.3028887558343832,0.2434848308402206,0.12543064802759749,0.5315263446014865,0.3312011735518002,0.3057511656995958,0.33081346010463475,0.4647344212242243,0.21220496764945063,0.42409131785440335,0.325670621973414,0.3470944107801615,0.47836126606129625,0.688401234040337,0.5299164644627429,0.4685970775755192,0.41840586467431684,0.36653582504196547,0.036028317390235626,0.33535295195631604,0.4693213499889693,0.4009872581070027,0.0,0.17779879261654963,0.360581275615051,0.3731466169257357,0.1794375623155491,0.4194842951148566,0.36281488150842284,0.41547584626391515,0.3476438044379226,0.4978496620932381,0.4005706630877201,0.3526173760530742,0.2826484519217697,0.4898617959193211,0.4560183359797312,0.543790089700591,0.7102546660156571,0.4610647505256902,0.5716008114459239,0.5656083784794614,0.6351751992921655,0.5190138501533345,0.27480187351682295,0.44863480913309506,0.5931043866764348,0.546400777821862,0.34954221037937844,0.49348793940471475,0.5555369646263677,0.4691345878496568,0.7302361851351691,0.6515393835831027,0.4180591120244077,0.6406748753997098,0.022466529114231956,0.6072685284887307,0.7573378031893172,0.447500483531136,0.6138553765404438,0.20701570181665102,0.38056981773965703,0.5117280925963533,0.4933676555070132,0.3755751279054861,0.43154433323585556,0.5907707036823551,0.12974154224021645,0.5555536560046307,0.4577243227743584,0.4461065066159523,0.5624657607184431,0.6629529233249857,0.7086984393536274,0.591335935751874
0.32069031218155036,0.17831441488919178,0.3592963684917784,0.28814299955385764,0.3747260255408716,0.3351346259403396,0.41954179214629067,0.09932968016308952,0.4870348388133269,0.4544189221166794,0.36058065804771655,0.5597266373125137,0.2774607227331826,0.384964142629144,0.22364713116966442,0.31082431903023255,0.1402819487992526,0.16074695280220927,0.48719561676863876,0.3010906293161906,0.07754414621015054,0.3486603645799441,0.17779879261654963,0.0,0.35636521837919366,0.28563240248291955,0.25661882470371444,0.47570462916237566,0.39232505044968813,0.4791022664446646,0.6410246301516861,0.7062521092601738,0.45636488247599505,0.07484250073734823,-0.002707450660797618,0.5718739214095322,0.23977881853323768,0.536643006739252,0.7667756450658061,0.4755839343566002,0.30366088628696053,0.4957781472798783,0.30361840583887756,0.2322117739534731,0.33842888817724953,0.45301097584729866,0.27711061511266294,0.0,0.0,0.23809513426954054,0.2641988411768704,0.20406232009490308,0.0,0.07493674871218022,0.3068975792883088,0.19330818873545239,0.42244499855514567,0.2093211942734417,0.0,0.19417152503256851,0.22344003588961436,0.25223137169002924,0.31056604081582306,0.17822733123471574,0.16291151343656635,0.21797939359918347,0.4620638909761845,0.2779158377966245,0.26754472373454874,0.4240820558504762,0.4679023834044578,0.2273889005365468,0.47839613681370224,0.5524258083522676,0.0,0.2829573830514406
0.18746776963728318,0.34745574176606814,0.428730164331558,0.35591534099763494,0.32864039551091223,0.2210148869790053,0.2800857790320359,0.21757316149551506,0.24785344158201625,0.24064638999702387,0.33854586685119403,0.45176045765026385,0.4516994295486923,0.33704906695666575,0.2321780948395355,0.4234970443543976,0.02767578814967453,0.3190315049723329,0.5593890772128738,0.2433608705933505,0.21556321930130984,0.5254418108648502,0.360581275615051,0.35636521837919366,0.0,0.28132510437875163,0.30360102412590023,0.5031544666469868,0.21898366372759487,0.36647235169240133,0.47841830078044084,0.30066386410536744,0.24229998043653403,0.24838603761719436,0.08273344099956893,0.29704178508943774,0.2717241741268619,0.47726973689366275,0.27140294819405786,-0.14170415633544925,-0.05051715274766223,-0.005001254809543179,-0.1231812760926905,0.0,-0.2176344729680014,0.39844921801849537,0.2216386962518987,0.0,0.0,0.0,0.5286480118130863,0.25086072457237946,0.4788856166735628,0.1965805657111709,0.17635581508957504,0.22115754155490963,0.31082241633326996,0.28900138460886443,0.0,0.35298577331992276,0.15336142619007442,0.14120899989533747,0.07341471867731308,0.0,0.14419217582843022,0.4425100050293816,0.1251190787295078,0.49602851557307087,0.33387957664580153,0.11884320738863538,0.23240135827427785,0.384464028416258,0.4471420393056611,0.4162070213520107,0.0,0.03282583252604253
0.5179878510606551,0.26028433283734664,0.4458276608463768,0.42345019330908207,-0.011988905952915106,0.10132071437127547,0.22476841391953722,0.34308012516186587,-0.14189260120679198,0.350995546065649,0.5187820703239856,0.20860273267325197,0.3730497096008033,0.4474413020686687,0.1251378404275336,0.3981746115123406,0.16336461968391613,0.3339096242247517,0.45202606643260257,0.1867902484290972,0.5008184541489761,0.30238895941023297,0.3731466169257357,0.28563240248291955,0.28132510437875163,0.0,0.08723989605292962,0.4185054361267085,0.13822325700769614,0.03822822322193489,0.4007900773518476,0.48871994617374487,0.18005241376530084,0.22981273748938466,0.19971759839438233,0.23229142586158386,0.3420239819270975,0.4904051661078961,0.43327794038365625,-0.17189052725688522,-0.008694353222048118,0.0006233159416304812,0.08473186274606995,0.23787477307333885,-0.16576325050086285,0.5699284905101161,0.31963631791509334,0.410767501163146,0.0,-0.01260823292664989,0.44410963484438326,0.34374694246275617,0.5690668113851962,0.2872277071926798,0.4551041702369773,0.0,0.6080669289549469,0.5118483272738436,0.0,0.26809337832572455,0.35093911465910077,0.2860027438548357,0.18681413934812258,0.0,0.26432706028971364,0.5410804314694366,0.30473803505069175,0.38292748757739287,0.4333228390569191,0.2815167578204284,0.4080918529886807,0.4067407165747649,0.5959842158466644,0.378316290612284,0.2145704368790804,0.2311033841813006
0.4004081403287699,0.13359512975413906,-0.03631770281180471,0.5367936314215191,0.31908730798155743,0.4108157046133247,0.30674928104851207,0.5341205980413538,0.21370006803746633,0.3481566569857146,0.3060259998069276,0.48587320991184624,0.4536712292491476,0.631648513781579,0.3162396637993245,0.31640874433144833,0.4166489831093592,0.5668937466705234,0.11749114584373366,0.19257249861490042,0.27329531399949075,0.1433156179391245,0.1794375623155491,0.25661882470371444,0.30360102412590023,0.08723989605292962,0.0,0.4382850509758792,0.3691720926522219,0.3735074608506728,0.3246168994361576,0.36419916326592155,0.32119608641732716,0.3053532462716048,0.17492077537545142,0.35070893899562633,0.38983456719007914,0.5213238309610703,0.6067672313347123,0.42943928548459337,0.6055255675741299,0.49828433374383424,0.4891788409262211,0.42513241266470186,0.324730622265564,0.4744431421487943,0.23932046885616176,0.6519141835062348,0.35347574990650926,0.426538493276806,0.5583367456383325,0.598781409267083,0.7302487369583042,0.6096086845639314,0.41123237555703057,0.6647787626093782,0.25296152295843516,0.5401669960198989,0.34619586990533796,0.30126594505047555,0.5166662270290193,0.0,0.21652382813571985,0.6475918669071177,0.4152951503021432,0.17163622685475438,0.2163969409573536,0.6152524830349051,0.0,0.4013581747364193,0.22401552574687317,0.48091024568328344,0.5640111075087353,0.5389987586314797,0.4299594538822028,0.5941583528939345
0.4915467236090384,0.26556052703316,0.5505636419785653,0.24936327376744183,-0.017202811749366463,0.3526952285413255,0.2357388381519445,0.46315742596687637,0.4960617387951125,0.5045156352672835,0.2646294662020947,0.6841993598523304,0.46488232081441705,0.2972817893790179,0.247055792412422,0.4505227696123429,0.4569891293182114,0.4112970196092498,0.3625158543723442,0.494305458110523,0.3438204791436553,0.4153411819471567,0.4194842951148566,0.47570462916237566,0.5031544666469868,0.4185054361267085,0.4382850509758792,0.0,0.35485843968193376,0.5120224458740136,0.41051802832065276,0.44441862938503884,0.595408090969645,0.29333357269423227,0.17532784222869946,0.38749781853257576,0.33119008539542877,0.46148633369073566,0.6124016223376003,0.17680298687038581,0.1109811731381101,0.15457986595007492,0.3350109605655614,0.2155302475324803,0.40508110907701583,0.35950493639669934,0.40793219575204953,0.4551121493737129,0.0,0.519270026670456,0.5596018784699033,0.471347057793347,0.46852552773087475,0.514503657437696,0.39328199757605686,0.46834200125187236,0.1890104890966814,0.514807798780678,0.21863724087110145,0.30346666292270613,0.3776315113360288,0.15833586329635552,0.5062649760443083,0.49219669922594295,0.46080640915541604,0.3214213994510363,0.4035280654953964,0.5806788011936543,0.32581084575961544,0.586457590314353,0.3534219173027925,0.4772262961136396,0.5741705970562432,0.5949760088730514,0.5659145566004687,0.43418100285121114
0.3805998426911044,0.08865449010142822,0.4871559578893484,0.2934786362971905,0.1746655399044214,0.1547190908255618,0.23204103855412142,0.33215999170227534,0.18760579970001645,0.41480385139192666,0.4264644174819785,0.4639202403067415,0.4111827421071406,0.37488498519809305,0.19406677469251216,0.2763542059473022,0.3618313314239061,0.2947154359935056,0.36177484552615585,0.3553776418620709,0.2400743503098195,0.19294427650108792,0.36281488150842284,0.39232505044968813,0.21898366372759487,0.13822325700769614,0.3691720926522219,0.35485843968193376,0.0,0.44798941328914904,0.29075035785513714,0.11862774872768247,0.2188233689518126,0.17863956886415613,0.06284846610793413,0.09019716588806966,0.22134493444026043,0.4389126362390893,0.6048718511172806,0.5208989295414967,0.7009126634501174,0.39307277409882085,-0.11918824328847916,0.4698434045844409,0.3088994582661279,0.4383470381563105,0.323989197564931,0.49688915837914427,0.23529915601876444,0.3437766995131263,0.5595804937990682,0.5279725093624084,0.37528524534051017,0.5053599336026222,0.4328228712320055,0.11073730766169154,0.2189222106448192,0.532494744899508,0.22987671267770507,0.37917643248774396,0.5331615927013826,0.20751282907612417,0.581997003819181,0.3535653925457524,0.45497125807986943,0.27623714309037367,0.32146235807597445,0.5164785689236988,0.2004849733232052,0.5740217500532359,0.41383663834096485,0.4637609513598733,0.5608663000664939,0.5409829638411213,0.4721483175917756,0.606905523405818
