0.0,0.03151575213919561,0.04178367509547182,0.0,0.015111375043255548,0.03219995717168872,0.027073105177848666,0.031343935268983936,0.022918368134955125,0.050364967961975204,0.022891754269193043,0.03982470510168251,0.03625236902443579,0.04007028136972435,0.047145479304897986,0.031237253841950863,0.0005151594938601067,0.016933127499334677,0.0,0.044530251692796896,0.0238948362176985,0.019641518631691668,0.03162458339431379,0.02085545796705901,0.013171860047273831,0.04563011719215648,0.04556936857842803,0.054094829398179,0.04001796010291431,0.022377160133748464,0.03291458952263998,0.036069002274146,-0.002591404097948502,0.010466004159781384,-0.001653120524580498,0.02511417564710522,0.0006758897053043555,0.036195404785089313,0.04667672291442987,0.01028188758122106,0.005097514749552445,0.03010800476663028,3.491647472619874e-05,0.0,0.026053506950547367,0.08932097706963532,0.03454863804552738,0.0,0.0,0.0,0.031129027518539798,1.1102230246251565e-16,0.05224405131554405,0.0,0.07662788403704368,0.0,0.07416359247030707,0.003082440347498383,0.0,0.021845038608922507,0.03511566594482474,0.02584898651261791,0.036478623103436913,0.0,0.046782345142355464,0.10366968796297188,0.064751252013446,0.06708121824459284,0.09257879009845843,0.04268771513179692,0.048633507393527065,0.04444227747417656,-0.0002936764213727905,0.04555986739630552,0.0,0.03350330775692434
0.03151575213919561,0.0,0.055602104996340496,-6.960892985946598e-05,0.00853809476458961,0.002112697487584303,0.018543798294110625,0.02337204627403483,0.018435839236669638,0.0224721575223622,0.023954899589882894,0.024092824610865038,0.024824994020931967,0.010469681272541331,0.021043790856996702,0.04703612128216833,0.03487863905898769,0.03642957593555951,0.014965241938249274,0.011655196647211041,0.01362041446020329,0.028348012793178556,0.025309598247850507,0.008240923073252082,0.02699603063519662,0.018496280639791807,0.008957269642250576,0.022767406950512326,0.007431149383811841,0.058478038634852014,0.02503764907207967,0.02266101967436024,0.001812557137804871,0.0018068405355003425,0.007092516154693529,0.032704919518623365,-0.001373719068435142,0.0,0.028291966767440835,0.009260496337489155,-9.647314966898524e-05,-0.009444869733365224,0.005943771432313616,0.0,2.220446049250313e-16,0.04570399598226266,0.0157905504685249,6.24602407996444e-05,0.0,0.0,0.0395053161425033,0.02568761062779018,0.02944328600646301,0.01519467771898958,0.0002292654358507229,0.0,0.031037732259994955,0.027619325004184347,0.0,0.024778420452209737,0.020295841565769857,0.030940077867683546,0.03742624639572445,0.0,0.008745353619055263,0.03540018898713776,0.0027769829591451356,0.04844440956982865,0.04205395764752429,0.045408403594042135,0.033497328844866336,0.028867587126334027,0.018513241013637383,0.01708026415817243,-1.1102230246251565e-16,0.01625065815137905
0.04178367509547182,0.055602104996340496,0.0,0.07008771215799225,0.05978539611871081,0.004035234457258785,0.07219479582784238,0.0939407787358813,-0.002476477695801671,0.04322637466559387,0.04439866926493974,0.05437129434135646,0.08273776029929258,0.10254852863010944,0.028875012168701197,0.045249860216493465,0.03560556891358502,0.022803753036013952,0.03502910219824473,0.0536027581662587,0.05102095603285434,0.04694996303037535,0.017763908751744384,0.043048917423993915,0.040716783471282825,0.04646787303023414,-0.020819901234492733,0.07612413718268984,0.06685826403501788,0.07744239404790942,0.08698909412067485,0.09234163432478754,0.011767088595226072,0.0839905168668581,0.06784925610909992,0.08112087062509049,0.06632492638976928,0.05874347828561166,0.08354680579245477,-7.151046278464079e-07,0.09894422448633733,0.05932145588287441,0.10174038944685415,0.040465582515786525,0.0,0.0,-0.00013127983865185433,0.04478860390221573,7.842333553553793e-06,0.1416821641912227,0.0755495290603222,0.08100988468595571,0.11937682903058788,0.08374595819880903,-2.7027886796093803e-05,0.15223444940455083,0.034330637243286055,0.07304071564304704,0.118411337092579,-0.00021112819940422023,0.0,0.0,0.0,0.08645773622092767,0.0126513075802418,-0.004511873534504163,-0.0003108060439822591,0.11477580150823075,0.0,7.517300620740741e-05,0.02782586060031428,0.06635596802499732,0.04623384059389368,0.0952593855015792,0.007194656131497168,0.05497861178326957
0.0,-6.960892985946598e-05,0.07008771215799225,0.0,0.05352841371481487,0.024962903442993067,0.008212727669421993,0.05958040697813821,0.05735397917506707,0.08944356591950892,0.038570352917799644,0.0010338168691064187,0.011968506394501255,-0.011137910595494016,0.040025913515246814,0.0008238039776030104,0.01643189048444632,3.571154819864697e-05,0.06468694120151441,0.01976909577527941,0.0010181880530443777,0.019100794224110595,0.041227909588359535,0.040409022833854114,0.0003339474771147377,0.03223791466352105,0.04852489940973498,0.015947139784070696,0.022762509064187364,-0.01822877795065847,0.01240736551124133,0.013429467511116289,0.03609486874251755,0.00106270895378624,-0.03364780783399518,-0.02390133702228217,0.00180861839847124,0.035314166137272784,0.016941605502355794,-0.0007412747819552368,-0.0005649172466065111,0.010068973139030102,-0.006715866759297917,-0.008308052556519785,0.0,0.0,0.0,-0.0010211321093034353,0.0,0.0,0.01932196272497083,2.220446049250313e-16,-8.173063339145248e-05,0.00018095916095300923,5.551115123125783e-17,0.0041820636912461295,0.008240685002881998,-0.00043474286021416564,0.0,0.0,0.0,0.0,0.0,0.0,0.0,0.0,-7.206183679753231e-05,0.04377947302209567,0.0,0.0,0.0,0.03727544465936106,0.00202037344754602,-0.0010627101051093324,0.0,0.0
0.015111375043255548,0.00853809476458961,0.05978539611871081,0.05352841371481487,0.0,0.0362974765230456,0.035487829722297026,0.04576300900297103,0.0338398637011198,0.05592061165347911,0.05900730812333005,0.04215567851990465,-0.003617439025827729,0.06184562341043426,0.015648611035061488,0.02482670175028534,0.024823482962380572,0.0396477590440904,0.07060800636192799,0.014186017159037223,0.045176036722106794,0.008547882898600312,0.047898702301635065,0.04544168706416862,0.03846415935295838,-0.006863442693492483,0.04504684796696512,-0.026646546552842765,0.017526673430539597,0.04834328591768122,0.04056318538078052,0.04566483896377066,0.02318739087228683,0.032262165550890065,-0.003982681790444753,-0.0012102393917846066,0.035497028594073166,0.01443168048818616,-0.014837290715068563,-0.006719329099339699,0.025396564215120654,-0.033046108365279436,0.05956638291818489,-0.04838601667384512,-0.00023101293157939962,1.1102230246251565e-16,0.010858168498974863,0.09593087322430593,0.0,0.058348561842838154,0.04507911674864973,0.050389526424554854,0.028330632598135952,0.0742040616711972,5.551115123125783e-17,0.12610604400608533,0.02267800639651868,0.05471061339795025,0.07465810914749349,0.008723962802913099,-2.3413828304785778e-05,0.0,-5.551115123125783e-17,0.0788300782092829,0.018342100057463173,0.00020169365713235132,0.011102437535879417,0.04190854006300215,0.0,-2.2927117771021077e-05,0.00700371103668862,-0.018710698326134423,0.05409977223934054,0.040183714428085826,1.1102230246251565e-16,0.054267029084875684
0.03219995717168872,0.002112697487584303,0.004035234457258785,0.024962903442993067,0.0362974765230456,0.0,0.04060768695031303,0.05403026752050771,0.05000572194137598,0.05126202514402256,0.03408151273268245,0.03730369970817715,0.04792954860026055,0.04025878453004178,0.03170174647262142,0.012020669353992097,0.034547464319232,0.025136655995559642,0.029718507410027406,0.00950233431465436,0.03635500104240719,0.0054344128685087645,0.039818874587756126,0.021579724758423624,0.014502423728438352,0.00051689680327488,0.04984454437761432,0.034566245443898524,0.015330858734066422,0.0504164803990807,0.039918035253778295,0.03301992865170994,0.01949992338685369,0.03978438466932649,0.017978394591572244,0.03578554411145468,0.027218512609755996,0.052139462843107776,0.08276963360154077,0.04794293895743451,0.07415198301527315,-0.01650916003250863,0.04674057731269904,0.04757842846863758,0.043415685158657624,0.02648374220790678,0.049900791488776686,0.07566099154173545,0.01933472325484198,0.0395539208900737,0.06808621174404211,0.06977518910559077,0.059798773958733176,0.07813175831635144,0.037985965549417466,0.05453804522410427,0.021003254437695018,0.07107920002401769,0.048683387974887526,0.030573743362870553,0.027470571313816805,0.0,0.02605866800484552,0.07603798777732063,0.07875779376934,0.04924276864421362,0.03961735727119664,0.07674327193048369,-6.059146154357986e-05,0.036468007807395786,0.039999899518944115,0.06148669904185999,0.08116824818970386,0.07181726809807365,0.06582022356416595,0.08384296230710242
0.027073105177848666,0.018543798294110625,0.07219479582784238,0.008212727669421993,0.035487829722297026,0.04060768695031303,0.0,0.04454105233995315,0.061932839053051414,0.039393649141429954,0.05715871876189743,0.049526802570608264,0.044108986860572075,0.04805045625068488,0.03437870523347647,0.03311502669019728,0.027448463481635543,0.025837822254291154,0.06631238800675521,0.018676688907825423,0.02700240579717844,0.022853985018466583,0.049471087190018415,0.04718965499782729,0.025811058732055192,0.01669143591250516,0.04642115737768027,0.012118200314475469,0.02420514757683756,0.044312815409813466,0.020943263535163237,0.024575531513366167,0.01975019804738165,0.021012896557747407,-0.02532964488997641,0.015514633264480271,0.009733907216350812,0.0045471541752517,0.05810629300321574,0.015419587282079705,-0.056644939714919074,-0.0172093790563147,0.0021643562422226093,0.037724893651460756,0.062185409195556374,0.0,0.03273395143565544,0.05927591446956659,0.0,0.04280078764572404,0.0656408038234671,0.06646134690385119,0.05983316273651984,0.06085033614694124,0.023344773659118856,0.04666972176183293,0.0027400489612121603,0.07070839702289611,0.03500367141495625,0.04284944220118497,0.024117948569076675,0.0,-4.957017118351059e-05,0.07108582602322844,0.042309569224740606,0.01502698120870688,0.030172333763671566,0.07041398713793079,-0.00011016929556206811,0.026948135999620315,0.03068185982002819,0.04764169230543591,0.04359491132120241,0.06471452829302382,0.020511075358060515,0.056431107984876494
0.031343935268983936,0.02337204627403483,0.0939407787358813,0.05958040697813821,0.04576300900297103,0.05403026752050771,0.04454105233995315,0.0,0.07642029264264139,0.036705104804720556,0.12018338295147135,0.04065634403134022,0.0541749574245049,0.06719560040603423,-0.013412464949900893,0.03121074111615474,0.010001795300180971,0.008365057111577479,0.0842015290746172,0.06555610175338505,0.05335771522119381,0.08024875509691798,0.04953345787641966,0.000729086391004441,0.008841196508018623,0.02502503950887991,0.07859455509031288,0.05189604395315062,0.04168036465292807,0.053944838454303534,0.04949673953549888,0.04376130177420401,0.03253957047566486,0.052573239130407456,0.02308014798046093,0.08185095278899185,0.10200979906697138,0.043930815510263566,0.05904430639995234,0.058195358951155296,0.05339531199972092,0.06475331805540274,0.12095349121921933,0.01923200000021197,0.0,0.07017008773805122,0.037798277315264195,0.11261765078820096,0.0,0.012365273304017266,0.06878751998036114,0.04104613741970947,0.1063014167112944,0.09952525380537125,0.00014347088390320728,0.09729538103178048,0.00022437394421515044,0.07479211597283425,0.04378665934221604,0.10422580219208832,0.013906165110579405,0.0,-1.969280677682761e-05,0.1258401059652683,0.031878008451864004,-0.016490251755681473,0.0873796778229815,0.08273233298133842,-5.551115123125783e-17,0.030093470887022522,0.052564605345914284,0.04534419694106656,0.05798556960684653,0.05337875114329538,0.04214709034029007,0.05880504512495249
0.022918368134955125,0.018435839236669638,-0.002476477695801671,0.05735397917506707,0.0338398637011198,0.05000572194137598,0.061932839053051414,0.07642029264264139,0.0,0.044694934669375797,0.05970716497739598,0.05521004195576151,0.06115048375660437,0.03511470622160573,0.022342279912308693,0.028009056524296527,0.0523694414870734,0.030577380705293367,0.021240918887065974,0.014124229218251017,0.06366589233106562,0.03905003294017667,0.027334273748772453,0.05267763684977095,0.022371935108077,-0.034570595922518266,0.02155806760022283,0.06781020001972343,0.021867980115548413,0.06058455651468331,0.0734717490625037,0.08621310292563994,0.04606191403933013,0.0717920912679475,0.05013358731086809,0.05876374297831821,0.059760601764258015,0.046761730311010496,0.04613565520112928,0.0030382823837121764,0.04755439556673974,0.06477313996744727,0.0729492512531299,0.04377684180670677,0.030979093886816744,-5.551115123125783e-17,0.030870706125806557,0.09435637269473363,-3.7674938109799605e-06,0.04027214897135856,0.07173662893925592,0.06311201338090744,0.11583982370400181,0.08966101459353026,0.008830861229102926,0.12306932753658861,0.03534884496956875,0.07226258149006481,0.10108338043227516,0.024412196118302254,0.013947738321362424,0.0,0.0,0.11898371150211695,0.024053342554544388,-0.004498497109024613,0.012357340765895397,0.10116875112581081,-4.6367762640719956e-05,0.0146241507483022,0.03340630415497631,0.061307355467041025,0.08309099914523599,0.03790543385939771,0.028474794383445245,0.06157517752552588
0.050364967961975204,0.0224721575223622,0.04322637466559387,0.08944356591950892,0.05592061165347911,0.05126202514402256,0.039393649141429954,0.036705104804720556,0.044694934669375797,0.0,0.04763408410300818,0.06266734291509468,0.04322557126221299,-0.016431039227471356,-0.0020209554827751997,0.020318782895885956,0.017179724964071885,0.019699431047118243,0.05744218921753497,0.03609333167932338,0.023118820897406578,0.03515182039108511,0.04721192311981165,0.0513027948029785,0.01058172552680492,0.040822062691958705,0.048416078085736614,0.042899380335711834,0.03696716599751765,0.049476879582500854,0.05644796501805682,0.10505814950278047,0.05105295431079404,0.04971282505292651,0.050536566584516995,0.1210295203833695,0.028616459994674603,0.05492535381757874,0.12250900915325763,0.08466286545252016,0.03721281672252652,0.01976097070899585,0.003657180261141757,0.041589697724992436,0.05290279846018642,0.08824128131638953,0.011660898321095958,-0.00041163058158810717,-2.1392351774229823e-05,0.0005026670480032247,0.042500055074087995,0.044564281824852114,0.003725716238142829,-0.002773540131007113,0.06503062810144028,0.021193731000433202,0.07874969796756437,0.05737273899331896,0.0,0.00014167715783541812,0.012026606559796593,0.04600820760511076,0.03395185919785354,7.031778130273114e-06,-0.00011424862580566852,0.04416155111220449,0.0032643040793585154,0.052907424033512784,0.04458681617623944,0.030363434620775454,0.055359283493660705,0.016954831525484992,0.06376741612323977,0.03398387099012912,-5.551115123125783e-17,0.05565216941190454
0.022891754269193043,0.023954899589882894,0.04439866926493974,0.038570352917799644,0.05900730812333005,0.03408151273268245,0.05715871876189743,0.12018338295147135,0.05970716497739598,0.04763408410300818,0.0,0.0630798981753723,0.04590355876076896,0.06332790549283374,0.0,6.476355695095304e-05,0.041517625826505866,0.0489404305580613,0.04520461286402183,-4.6569591613976336e-05,0.035747286067314366,0.010376179849225509,0.057381257568084376,0.04522644528375891,0.037685503884963834,0.049001630181225,0.042566785176195665,0.0447096460177131,0.05555511292362014,0.01974040134277366,0.05939541005206728,0.09086917480099999,0.0703096216941348,0.06664420903536444,0.039131076345457094,0.051864269384027106,0.06824938879950221,0.04579159635362978,0.0656299095420726,0.007113467466377865,0.08557886897420813,0.07633099346941857,0.10230218363503057,0.031980211115603674,0.012712319109179637,0.0,1.1102230246251565e-16,0.0746520220308246,-7.295292166475953e-07,0.020426614326609083,0.06538677642424151,0.024562975188327563,0.1096580447096061,0.12016626743512027,0.03435606973735372,0.027861762251194633,0.016999720761265158,0.039096168474109516,0.11022169845264618,5.551115123125783e-17,0.0,0.0,0.0,0.0012876280109412885,0.007657096134395025,0.0,-8.091320328473817e-05,0.11972066515717783,5.551115123125783e-17,0.0,-0.00011546258455774616,0.0761358603787714,0.03833575062919009,0.03041800784775689,0.0,0.06501637274255001
0.03982470510168251,0.024092824610865038,0.05437129434135646,0.0010338168691064187,0.04215567851990465,0.03730369970817715,0.049526802570608264,0.04065634403134022,0.05521004195576151,0.06266734291509468,0.0630798981753723,0.0,0.04792627294250823,0.05076957929857895,0.03151877352466187,0.011925689986396926,0.036377453694393824,0.030861950682539274,0.054747304163056454,0.009881682565094252,0.045527412149461766,0.018830415179677373,0.037840577547442744,0.07224788151597245,0.03720309199957761,0.01780175593724065,0.03865177518233631,0.06523833128735307,0.039344805679149164,0.07022683391156098,0.07086735691173174,0.07960638025989225,0.07456373663548055,0.027935166032970582,0.05077761106869216,0.13563338340116238,0.026405663249527866,0.04491234405387037,0.019556827573824154,0.09349311641084673,0.058899818499425105,0.025713721802033296,0.023657826820096428,0.02192966572309263,0.06515246476713771,0.09723374826827702,0.003157094391488091,0.007825706939633303,0.00798746426260899,-0.0009389145261720633,0.035936126529679924,0.0421966236414163,0.0003188128862311457,0.02305958007528497,0.07370604363669819,0.006181329890001197,0.08951220363061302,0.034447632581902865,4.609325649346241e-05,6.065539462074554e-05,0.014358907326496195,0.05458151086473756,0.04387012752138447,0.01815115395560407,0.006374464423102355,0.017097641861171187,0.01150220202493829,0.025085617355549372,0.07243184481654891,0.04231896255198209,0.0653926193205649,0.028573057352319464,0.07137204210472636,0.00604449818052738,0.0,0.0480558408014265
0.03625236902443579,0.024824994020931967,0.08273776029929258,0.011968506394501255,-0.003617439025827729,0.04792954860026055,0.044108986860572075,0.0541749574245049,0.06115048375660437,0.04322557126221299,0.04590355876076896,0.04792627294250823,0.0,0.03044703635928231,0.03584525368072122,0.043736356211937055,0.04142919091000391,0.043584157047268535,0.0575122898731108,0.028934834456981362,0.03560776297713203,0.029819156134116842,0.05969400308683548,0.03461148279625442,0.03804440542920795,0.031786230824215334,0.06065540413283255,0.04833171142872017,0.039171802278549495,0.07920087622181027,0.03362221086698003,0.025855784567691054,0.010801573155832966,0.03228467595670759,-0.028290186375511117,0.01559304132669942,0.010008743415364896,0.016281167102505878,0.04671389339871401,0.007237342480139464,-0.020491413360104183,0.008969515724045807,0.014850799372722545,0.0070170343555923664,0.04742266849301713,0.0162936237363,0.03203454591561855,0.07100619521694085,0.0,0.04779301539851488,0.07035625066398915,0.06674795903868569,0.05154365030108676,0.06434937047374378,0.03428776868379152,0.05561475812842026,0.040987515785142925,0.05606488934216047,0.000816477724165654,0.06806821223751347,0.027012326609458515,0.015570660553030524,0.03353331533898368,0.06665741088756283,0.0600166556036571,0.04160454548348874,0.04386897218607361,0.07003671523955002,0.006034069441976098,0.041471128941244606,0.04235414017534861,0.06100017680087,0.06775248454881377,0.0771815081330785,0.035115088716057064,0.05981546017276074
0.04007028136972435,0.010469681272541331,0.10254852863010944,-0.011137910595494016,0.06184562341043426,0.04025878453004178,0.04805045625068488,0.06719560040603423,0.03511470622160573,-0.016431039227471356,0.06332790549283374,0.05076957929857895,0.03044703635928231,0.0,0.03957427993097068,-0.0006592977617442819,9.802754568827288e-05,7.772932386074238e-05,0.09045240651794972,0.02012503027051793,0.06147140110029675,0.010560146119023173,0.07856749991523759,0.03739251737583843,0.012460438653563222,0.0352972889423428,0.07385767793372194,0.029935646144969463,0.030788553620568704,0.011296342669703752,0.09342032153090524,0.03931326718282224,0.002561794540759166,0.0843194730128663,0.13275085771227613,-0.01027607775010847,-0.014315554157474236,0.0047330847972687495,0.03311273301206563,0.0,0.03465431093767768,0.0004537583686918256,0.08295583485000557,2.0999489428463747e-06,0.0,0.0,0.0,0.11291509679700262,0.0,0.08540930628297155,0.03412759696497314,0.02241664747490013,0.10588668418160502,0.11345526268044892,0.0,0.12054911198281615,-0.00014975028360092457,0.04111881155296171,0.10346429833181792,1.1102230246251565e-16,0.0,0.0,0.0,0.1524620063798322,0.0,-1.1102230246251565e-16,0.0,0.13353530232539934,0.0,0.0,5.551115123125783e-17,0.05846001958682917,0.021446466809376896,1.1102230246251565e-16,0.0,5.551115123125783e-17
0.047145479304897986,0.021043790856996702,0.028875012168701197,0.040025913515246814,0.015648611035061488,0.03170174647262142,0.03437870523347647,-0.013412464949900893,0.022342279912308693,-0.0020209554827751997,0.0,0.03151877352466187,0.03584525368072122,0.03957427993097068,0.0,0.026715561348441552,0.027979734098866782,0.02206949997587493,-1.1102230246251565e-16,0.037917894870929725,0.03290733453923622,0.01850974016476481,0.07771234061530491,0.032550038986204566,0.022036627624002714,0.007132040015776886,0.05107287248587705,0.034739395491252545,0.02094463392328444,0.03663061269039375,0.019923500036254205,0.020222764032831575,0.023577762907268873,0.0038364425912863487,0.010342354917736551,0.01844219391176627,-0.0327697118014843,0.00012598925631701618,0.04976062361961253,0.05824150983773013,0.02788609864101793,0.04125238828087041,-0.07493714049560246,-0.003494543359796265,0.0,0.02737435898324342,0.03952150886045219,0.03329654713934371,0.0,0.0,0.061230056878125716,0.029255847145598868,0.062491977000239896,0.004280890327410802,-5.551115123125783e-17,0.0,0.007590148992356216,0.055161354502308635,1.1958849629234436e-05,0.08257010914551088,0.04525810932337987,-0.0004180184636272122,0.035502985735135106,0.0,0.0706971472743741,0.04112473068549438,0.045732106192927946,0.07110880517824086,4.6532980075453256e-05,0.05814639079574496,0.04533592118175522,0.06087766605872269,0.07156786713379071,0.04855044313376644,0.056923136930002005,0.04609210291864807
0.031237253841950863,0.04703612128216833,0.045249860216493465,0.0008238039776030104,0.02482670175028534,0.012020669353992097,0.03311502669019728,0.03121074111615474,0.028009056524296527,0.020318782895885956,6.476355695095304e-05,0.011925689986396926,0.043736356211937055,-0.0006592977617442819,0.026715561348441552,0.0,0.023412248545444325,0.020869450568421266,-0.00017497503740687703,0.022904764474373673,0.03399223876509194,0.03843487271842272,0.046695735119335724,0.020907926278027456,0.04167988292564889,0.03112285933823361,0.026337368454330046,0.044234829583785384,0.022218395607461527,0.03666826876498119,0.03281156579922484,0.014788620803096508,-0.0034064730644745023,0.013766835035883329,0.014919835548042992,-0.015375716480623414,0.010716474600545312,0.010094694156717043,0.030330837151667733,-0.012570116520838837,0.006898749898557155,0.06228530467027871,-1.5593427475257826e-05,0.0,0.0,0.050201305612578406,0.021220795484022892,0.0,0.0,0.0,0.03198268653328995,0.010182639659518655,0.015506518715954987,0.0,-0.006658498422199621,0.0,0.014374954048119115,0.02618446505276828,0.0,0.045646876242914414,0.018891860884682643,-0.025499207698406356,0.021010967150224935,0.0,0.040914351648627834,0.03126364409157384,0.031221864642622388,0.058104261383478295,0.0462010579442973,0.03163570486582157,0.0417293390065972,0.041325498374692016,0.04130236222384065,0.0314538309596471,-1.1102230246251565e-16,0.025127067330674935
0.0005151594938601067,0.03487863905898769,0.03560556891358502,0.01643189048444632,0.024823482962380572,0.034547464319232,0.027448463481635543,0.010001795300180971,0.0523694414870734,0.017179724964071885,0.041517625826505866,0.036377453694393824,0.04142919091000391,9.802754568827288e-05,0.027979734098866782,0.023412248545444325,0.0,0.030868706788336087,0.03820600559879406,0.03546915684886054,0.007073812389605139,0.01910323861321378,0.028948042594106826,0.010749158939369008,-0.023886213177663818,0.00832252032903047,0.03021324304905043,0.037606836938828936,0.046084672509947966,0.002518391164699374,0.0407825353729378,0.031561817395598823,0.0403472814778737,0.03339394369969856,0.012600675369597303,0.04684590742377126,-4.324015331419462e-05,0.045628309976169235,0.017746381626787544,-0.04011749631086331,0.03603935484944404,0.02915017881366383,-5.551115123125783e-17,0.0,-0.037679147078896136,0.014910080040645868,0.01400589699640209,0.0,0.0,0.0,0.0,0.0,0.0,0.0,0.03824055543751914,0.0,0.04808491046571994,0.01890050904807883,0.0,0.00017419203769353242,0.01255475858537708,0.005042001965972598,-0.0006472272041067595,0.0,1.1102230246251565e-16,0.0,-0.0067723898984460296,0.0,0.05579374706688467,-0.0037950391250858306,0.01573180107341876,0.0,0.028065291033830486,-9.397485754913948e-05,0.0,0.04765954496448438
0.016933127499334677,0.03642957593555951,0.022803753036013952,3.571154819864697e-05,0.0396477590440904,0.025136655995559642,0.025837822254291154,0.008365057111577479,0.030577380705293367,0.019699431047118243,0.0489404305580613,0.030861950682539274,0.043584157047268535,7.772932386074238e-05,0.02206949997587493,0.020869450568421266,0.030868706788336087,0.0,0.0444438398300534,0.015455596672042493,0.017656308898914286,0.020535413124399382,0.03119816660106267,0.009425565265005986,0.019921339692046736,0.030066941961526816,0.045144767724713264,0.03778975191623385,0.02230104393850385,0.028815463487710358,0.04170648084744211,0.03696292080741542,0.015021206321691793,0.020172260235349737,-0.002025624579773788,0.06053558501150991,-7.206555314404062e-05,0.04798156673996751,0.009374054743123028,-0.03718169017218753,-0.008370913236988464,-0.008882383805740801,0.0,0.0,-0.0006054670307595322,0.027938654501883597,0.011907182353470713,0.0,0.0,0.0,0.023990549038302444,-0.00030392357213343546,-0.00035761509592735496,0.0,0.0014684406511968895,0.0,-0.001791768166053198,0.016692352389497567,0.0,0.05827897729506348,-4.537859874220729e-05,0.0015544261767333478,-0.0026977443342641183,0.0,0.03351123216178903,0.03520038789014085,-0.010679607768590393,0.023637660130516658,0.024687391932003144,0.0002950919762452209,0.009528690445590349,0.029479033473278293,0.025548495651043335,0.03990208338016027,0.0,5.3209410535937085e-05
0.0,0.014965241938249274,0.03502910219824473,0.06468694120151441,0.07060800636192799,0.029718507410027406,0.06631238800675521,0.0842015290746172,0.021240918887065974,0.05744218921753497,0.04520461286402183,0.054747304163056454,0.0575122898731108,0.09045240651794972,-1.1102230246251565e-16,-0.00017497503740687703,0.03820600559879406,0.0444438398300534,0.0,0.0004253885082008413,0.012605531831178407,0.012664743414881052,-0.0039031171910205442,0.047441262868772704,0.04422866173543433,0.04156509988622742,0.005493059461233407,0.05539751686927169,0.02531472531387191,0.050948947258289745,0.06441988846982749,0.0841818228258589,0.045627210668826856,0.06718949196140822,0.043133159890942574,0.06537051610081224,0.05177424007356346,0.05934218179762335,0.03405181019062253,4.275626876831806e-05,0.030103834024371612,0.014399725496775928,0.0708102946559,0.02359709903812618,-0.0004964573586649923,0.0,0.0,0.1500232785139457,-5.551115123125783e-17,0.03594192567246418,0.07816873377535793,0.033348314355963415,0.12965034849293122,0.10225774468707971,-0.0001140501280688655,0.2188251378561567,0.038641032096529526,0.0645660175137256,0.14214016606356572,2.220446049250313e-16,0.0,0.0,0.0,0.11472520119478746,-8.08941441227673e-05,0.0,8.77027775088024e-05,0.12550045002077148,0.0,0.0,-5.551115123125783e-17,0.07136509342805197,0.04505894424879675,0.03891808426891741,-0.00027888727438096783,0.05383624775102647
0.044530251692796896,0.011655196647211041,0.0536027581662587,0.01976909577527941,0.014186017159037223,0.00950233431465436,0.018676688907825423,0.06555610175338505,0.014124229218251017,0.03609333167932338,-4.6569591613976336e-05,0.009881682565094252,0.028934834456981362,0.02012503027051793,0.037917894870929725,0.022904764474373673,0.03546915684886054,0.015455596672042493,0.0004253885082008413,0.0,0.02593191892566854,0.007456941111408266,0.055364402161007964,0.025428334549659315,0.015310891954112893,0.016510493461705578,0.013009403423461963,0.0546739519237584,0.023478299441089312,0.05191404573746128,0.008627719391343158,0.0067546339448079085,0.012035396838149193,-0.00432471141013252,0.003476092474086201,0.00742826004288244,-0.0011547541830924657,-0.012584236982984387,0.03642931983111469,0.07710739657857218,0.027493945918155904,0.03980302892917725,0.017422028431181347,-0.0005778480008126752,-0.0003124731619084109,0.03189326978072771,0.01806332361229457,0.03418846073099269,0.0,0.0,0.07350866604026385,0.03880351701262197,0.0444869687229138,0.028020584272379134,0.00021754286741021422,1.1102230246251565e-16,0.02053091052543704,0.07047635181154294,-1.1102230246251565e-16,0.04302409213601249,0.04547709925678872,2.4805777768810433e-05,0.043320289668449974,0.0,0.04314176853595264,0.01332882950847919,0.027525869283183846,0.04924952913962494,0.0,0.03025225961575395,0.024884657598535587,0.04313341493619249,0.053644797693921276,0.04233492427216323,0.05570376597766452,0.03252356509220444
0.0238948362176985,0.01362041446020329,0.05102095603285434,0.0010181880530443777,0.045176036722106794,0.03635500104240719,0.02700240579717844,0.05335771522119381,0.06366589233106562,0.023118820897406578,0.035747286067314366,0.045527412149461766,0.03560776297713203,0.06147140110029675,0.03290733453923622,0.03399223876509194,0.007073812389605139,0.017656308898914286,0.012605531831178407,0.02593191892566854,0.0,0.01356048115213565,0.06606701512360597,-0.008090320640468829,0.013109996414709613,0.04399884068047555,0.03758320784361413,0.04231688408534984,0.029934313483901742,0.05723479397577308,0.029330192217630946,0.03729070787075933,-0.009804106897169984,0.011145719270673815,0.006301762939972144,0.02978336287393024,0.01871551640105723,0.04900409471912043,0.05616408663357553,0.03721388167721057,0.02341822688599543,0.030034314775728377,0.040606834254175994,0.0,0.0,0.0942174283472259,0.06310933430127863,0.028844145382166286,0.0,0.0,0.05155501550645908,0.04696722966106215,0.06215770864553494,0.008349791844534549,0.04548970008535547,0.0,0.008414994327034131,0.04534730199736198,5.551115123125783e-17,0.04386777769893829,0.06649211885871453,0.0,0.02789778663603354,0.0,0.0529114872616509,0.05094284174824115,0.046363876372517265,0.05680056714142023,0.0018344588059948097,0.020088491145689447,0.05318330195205434,0.05429872217551379,0.06672038613266484,0.0635097517192112,0.017343840696749713,0.13395447052914533
0.019641518631691668,0.028348012793178556,0.04694996303037535,0.019100794224110595,0.008547882898600312,0.0054344128685087645,0.022853985018466583,0.08024875509691798,0.03905003294017667,0.03515182039108511,0.010376179849225509,0.018830415179677373,0.029819156134116842,0.010560146119023173,0.01850974016476481,0.03843487271842272,0.01910323861321378,0.020535413124399382,0.012664743414881052,0.007456941111408266,0.01356048115213565,0.0,0.04294527642445434,0.03670523170090334,0.03629082980094345,0.020630025952167952,0.010953123788254249,0.0423902165832471,0.014045216609661182,0.045044754911884644,0.01715812787329607,-0.00116546546462587,-0.012876815499477834,-0.014073826399992051,-0.013123770038706462,-0.018585269987222375,-0.0026516889231039675,-0.01865701816561005,0.021473355788472537,0.01609745311531724,-0.010384599809461437,-0.013407518545505537,-0.10756055401911624,-0.004244773199852336,-0.0001813302184888732,0.041962465344399236,0.010347295961386727,0.0202378478101799,-6.576024794924251e-06,-4.8676861854279885e-05,0.03300031313695456,0.028747143605813152,0.04778181575375723,0.026997973129475605,0.022298255660028132,0.0,0.01012612815764996,0.041523593674171244,0.0,0.02091415286621584,-0.0009611030219505712,-0.00017877810895666757,0.03337089360484741,0.0,0.02198969517851762,0.018461665622936663,0.011320517171832967,0.04473827146710113,0.036370186532509396,0.009473781457062513,0.02000253308791583,0.025431125078590966,0.044309616764527326,0.02346044983379747,-0.0018481299245355354,0.01774804303397276
0.03162458339431379,0.025309598247850507,0.017763908751744384,0.041227909588359535,0.047898702301635065,0.039818874587756126,0.049471087190018415,0.04953345787641966,0.027334273748772453,0.04721192311981165,0.057381257568084376,0.037840577547442744,0.05969400308683548,0.07856749991523759,0.07771234061530491,0.046695735119335724,0.028948042594106826,0.03119816660106267,-0.0039031171910205442,0.055364402161007964,0.06606701512360597,0.04294527642445434,0.0,0.014145285246602635,0.03506927158593426,0.04328574084485487,0.01964983519942015,0.05694037260493068,0.045845114068162884,0.05801058329228931,0.04134879955902254,0.0518676018700886,0.04901474266415645,0.040502802141518524,0.02755146129573338,0.05459646840394805,0.04382358045461565,0.07416956739448205,0.0869569666841355,0.06492170178518769,0.0736403040648872,0.07812576785514502,0.0830081730212821,0.06825314929523035,0.017707125697423,0.05072710905406225,0.06394371041187852,0.11845742143078164,0.029909711114793402,0.06421500332249896,0.07593239157680065,0.06144702332404017,0.11231559271588948,0.10149081059587473,0.044574955035656394,0.15340072746498584,0.0027541157541695616,0.08458810109885695,0.11473695912664794,0.06117253930979294,0.05912525709550859,-6.034279778271978e-05,0.032493134879024554,0.13251714518074398,0.06910589151958085,0.05353115433088074,0.054039753361936615,0.08544829196909065,-0.00023254912836706554,0.050575177910482716,0.05956679368679185,0.06609051420409096,0.07915386376802258,0.07728357037898809,0.0987480432737835,0.08611328255586848
0.02085545796705901,0.008240923073252082,0.043048917423993915,0.040409022833854114,0.04544168706416862,0.021579724758423624,0.04718965499782729,0.000729086391004441,0.05267763684977095,0.0513027948029785,0.04522644528375891,0.07224788151597245,0.03461148279625442,0.03739251737583843,0.032550038986204566,0.020907926278027456,0.010749158939369008,0.009425565265005986,0.047441262868772704,0.025428334549659315,-0.008090320640468829,0.03670523170090334,0.014145285246602635,0.0,0.033834775473469914,0.032669983458844865,0.024707217552717597,0.04591777513149242,0.02345292536134963,0.011032847055086947,0.053975145352324394,0.0831120561458843,0.052099261657867546,-0.0005465625051682133,-0.03124123915561189,0.137149529993132,0.021327206895039807,0.06713314977457668,0.09094828533650046,0.05643290499214609,0.029720794170495668,0.07656076773364534,0.012658595198129174,0.0032231085873145604,0.04680318504957953,0.08906651260568299,0.02783979008971188,0.0,-5.551115123125783e-17,0.00023834299630692835,0.00540606253902165,0.00020423661539586968,-1.6653345369377348e-16,-0.00042458762868052835,0.049227063792270875,-0.0003123501276715013,0.06995162028875862,0.016155918648021905,0.0,0.0007722828724094355,0.024936508782556488,0.039084045560075,0.036824207150644495,-2.9045092680923812e-05,0.0007746391002029784,-0.008188183570177865,0.03170210502368759,0.000760081155603165,0.0712991405971019,0.04742147296451388,0.06131170220838866,0.010438072480282612,0.055120375778233366,0.01718673161597195,0.0,0.031334665018658225
0.013171860047273831,0.02699603063519662,0.040716783471282825,0.0003339474771147377,0.03846415935295838,0.014502423728438352,0.025811058732055192,0.008841196508018623,0.022371935108077,0.01058172552680492,0.037685503884963834,0.03720309199957761,0.03804440542920795,0.012460438653563222,0.022036627624002714,0.04167988292564889,-0.023886213177663818,0.019921339692046736,0.04422866173543433,0.015310891954112893,0.013109996414709613,0.03629082980094345,0.03506927158593426,0.033834775473469914,0.0,0.03197127169117414,0.023413812833560144,0.04079572762527617,0.0158003128935027,0.02323391094317101,0.03760654249415413,0.02130942478356912,0.01765260689340087,0.015024605194041862,-0.0040434378017133454,0.03355331882336826,0.002681999504471233,0.04542320966442609,0.018233851030488635,-0.036765347008659965,-0.005620346964151923,-0.002801986803114831,-0.017129085643477093,-5.551115123125783e-17,-0.0630073167207792,0.0332086707726546,0.01769203235640171,5.551115123125783e-17,0.0,2.220446049250313e-16,0.03612417485603597,0.012724652357412547,0.042287160531337464,0.0003412281604363576,0.017572895031444546,-4.720535107427537e-05,0.031494286370159774,0.03168207757578073,0.0,0.045074624874211655,0.00792994458355406,0.011030673494357102,0.004836666623833363,0.0,0.010281331873195909,0.04524384949435761,0.010090719067002374,0.052390308751539216,0.03880712349787507,0.010675276053682847,0.022330459442217565,0.03818356233362685,0.032476678424315175,0.04336544955062188,0.0,0.005282331996346756
0.04563011719215648,0.018496280639791807,0.04646787303023414,0.03223791466352105,-0.006863442693492483,0.00051689680327488,0.01669143591250516,0.02502503950887991,-0.034570595922518266,0.040822062691958705,0.049001630181225,0.01780175593724065,0.031786230824215334,0.0352972889423428,0.007132040015776886,0.03112285933823361,0.00832252032903047,0.030066941961526816,0.04156509988622742,0.016510493461705578,0.04399884068047555,0.020630025952167952,0.04328574084485487,0.032669983458844865,0.03197127169117414,0.0,-0.0015365670467916703,0.03258099416689941,0.004018224012004967,0.0032121041317481613,0.03517448416095731,0.030889181214425743,0.01339822606812291,0.013192414985719658,0.004297818552704169,0.02601646246763306,0.02262283728592479,0.05164687118628597,0.03574124546742591,-0.022501800068710054,0.003992433607779455,0.0026906909612049446,0.01293714408826202,6.25807876616924e-05,-0.035868178747372415,0.05377730986728929,0.030791263708679628,0.02196806867722867,0.0,-3.3010788019482984e-05,0.04390477309526769,0.02692225216017069,0.06469505166001421,0.013954525724835687,0.05160991484152816,0.0,0.06452072247566087,0.0387501317667856,0.0,0.03301247480867564,0.030268298684630435,0.032903418761849934,0.02133794325103483,0.0,0.030606194286494193,0.05604872997268068,0.03021143112204755,0.047997548380856625,0.06342398701186547,0.028900142497791437,0.038514401920434926,0.04540747656170124,0.055407451351787484,0.0303545884978903,-0.00016079331248414208,0.022064456970198654
0.04556936857842803,0.008957269642250576,-0.020819901234492733,0.04852489940973498,0.04504684796696512,0.04984454437761432,0.04642115737768027,0.07859455509031288,0.02155806760022283,0.048416078085736614,0.042566785176195665,0.03865177518233631,0.06065540413283255,0.07385767793372194,0.05107287248587705,0.026337368454330046,0.03021324304905043,0.045144767724713264,0.005493059461233407,0.013009403423461963,0.03758320784361413,0.010953123788254249,0.01964983519942015,0.024707217552717597,0.023413812833560144,-0.0015365670467916703,0.0,0.05661001587161901,0.03776785829307122,0.04758169310057209,0.03367773969129206,0.039043177990547795,0.029517724619273045,0.031409676628603,0.010480201543685008,0.03833900368247434,0.03530556389274281,0.04689519151875127,0.08050899682379103,0.06303401403542086,0.0800838086306428,0.08128701897724921,0.05638663957459511,0.04083004689651515,0.04323390328954119,0.05358441987403212,0.02615427640342871,0.10037441594260699,0.012814196250868937,0.05482535450522086,0.07535435626772158,0.0815227107971781,0.13235746959277728,0.0941393336426527,0.017473566544913055,0.10529979137901802,0.0261194561337057,0.07388612764757008,0.04363393640852731,0.04226706723054435,0.05232341323118889,-1.1102230246251565e-16,0.029330358878283946,0.10674511789957108,0.05795034921685149,0.029061399119729825,0.026050328944680012,0.0873315121378807,-5.551115123125783e-17,0.038804036861673885,0.03348704379816703,0.06717740899929692,0.07397534693683777,0.06258227146607076,0.05994438373171862,0.0837728339925925
