0.0,0.04027304916995955,0.032756468434167074,0.0,0.0077524857513284195,0.053427922327600796,0.0288729484471425,0.009519915743053997,0.026834340182154692,0.01918674003347709,0.02428986449518855,0.0611444054923595,0.023915425696034387,0.03252617690464693,0.02411054296541526,0.04664153232711571,0.025408639388629806,0.03146075840016094,0.0,0.04133453306189311,0.00021394629560911316,0.01782233491146662,0.03697596875493192,0.030928289451525093,0.04804383160818626,0.03330411658086968,0.04561233269040704,0.0374086866353755,0.04465804371695825,0.02754908934625605,0.045323225656801025,0.01135796813092843,0.0282255025644485,0.01817640102883822,0.014933759066569519,0.03315968202434183,-0.00011537928925303698,-0.0006197733095186786,-2.5019384370328357e-05,0.01217039554106003,-0.012808292476204297,0.019035784522223598,-7.676479221668808e-05,0.0,0.014069491743600337,0.01085862391596748,0.017949317597467984,0.0,0.0,0.0,0.014235111671913936,1.1102230246251565e-16,0.03436025013153193,0.0,0.050948661747229174,0.0,0.05087623985086359,0.008226588795440026,0.0,0.018875525157177386,0.006367716074509311,-0.002744091796653636,0.013521402618895673,0.0,0.03510664082487541,-0.05868494046906925,0.0231540907536239,0.02863850095672199,0.03539181836912142,0.031849115285235985,0.034899828388264,0.03639889752294556,-9.35012398800561e-06,0.040138853431816834,0.0,0.04414679165413199
0.04027304916995955,0.0,0.04246606950036974,0.00015303707143948797,0.015063036615498515,0.04345983456410751,0.028086015023294275,0.05318389353386038,0.030773947866779783,0.013141633568807487,0.015770767694190002,0.028061475666210645,0.02228474035893968,0.008854199286390696,0.044410962358128914,0.07142052838274549,0.019091347270849157,0.058078544766670404,0.006802968255068764,0.053725394188812114,0.03418305507561409,0.05113753858067488,0.052764364755656545,0.023226672489158218,0.07526620699245223,0.055744614749629384,0.05234376632839982,-0.00440846728752281,0.03624061722069,0.010154411026777443,0.02831232188042937,0.009073611154871375,0.03780071259632101,0.021227394069957883,0.0032616086489681284,0.028102223828944783,-0.0005173223627558121,0.0,0.01770191937928184,0.030615908460062402,0.0107433932194681,-0.0003902759532796729,0.004336268247054964,0.0,2.220446049250313e-16,0.029667614164970435,0.0312714365514844,-0.00013682114482604923,0.0,0.0,0.01621680604941217,0.018242097291159554,0.019260898749077993,0.007535894371604901,0.006719344910848413,0.0,0.01003126313044339,0.01722072545285369,0.0,0.02037763494117495,0.015608571359613521,0.007780543077207547,0.026309951689814315,0.0,0.017958271022620653,0.023059222868791807,0.017077758482327066,0.02735042375335056,0.04248678135358769,0.03697407480003295,0.035148635055985755,0.02381094812620871,-0.02623617736544126,0.01699249199647007,-1.1102230246251565e-16,0.01612551113066535
0.032756468434167074,0.04246606950036974,0.0,0.050905337181875565,0.0651044554382268,0.08405245687569246,0.07571120936004194,0.08687772730167032,0.0642182086918282,0.048611607505984256,0.10667128222129996,0.032902590140431565,0.07575563619021142,0.07118759829394655,0.009550533067760159,0.038103609240410174,0.023433667801323887,0.018346433530151363,0.11719690822174333,0.04267134057287608,0.059862698590697316,0.04471238635379243,0.1321994976177055,0.04434949174342501,0.025072566986486466,0.024604808986281035,0.06270187549248235,0.06253660319577636,0.04900594189835156,0.05314170093306908,0.061754045715648465,0.0497387774735637,0.01419994661444679,0.056737057210358766,0.058635925253849364,0.07309543511313532,0.04800549170692381,0.04191037524308311,0.04977686719229668,1.5721764180520736e-06,0.06307294281819364,0.05621930100114508,0.04913246333386201,0.004834749204442934,0.0,0.0,0.00015543135789541918,0.09460745544210547,-1.7241577520810125e-05,0.040436548200525446,0.07623173858875798,0.07954276085457679,0.0726342643469845,0.0253796001704788,0.0018346636534234961,0.13650095477939278,0.0210720184650533,0.09263238731887824,0.08062845643383953,2.806797795185112e-05,0.0,0.0,0.0,-0.004202036736463188,0.005087255309771832,-0.0013795250900270895,-0.00010557529712545977,0.08497676125262732,0.0,6.291768751315319e-05,0.015156730177943778,0.08885106321346081,0.0351656585939103,0.02858329236581958,0.005035382920949849,-0.02703515875127971
0.0,0.00015303707143948797,0.050905337181875565,0.0,-0.049353732109506776,0.035522087043981354,-0.008966009522104745,0.0612036360868245,0.04074576221894144,0.17220528770729882,0.020668976573902154,-0.0014741608068962742,0.009715727048717648,-0.006049662978772519,0.02684172257490397,-0.0003707479972788752,0.011930819622427757,-7.851278225262659e-05,0.07050584686184419,0.013668836583249855,-0.0010317360446672752,0.002925940456837417,0.050663779082499916,0.013713221573147527,0.0006386089680646689,0.01874021353755101,0.03257159640053309,-0.007258339198925157,0.018928925213125003,-0.0033100551137729695,-0.08979905244515785,-0.011611321970767419,0.011928151474103366,0.015567938105433499,-0.02189658445337883,-0.0048567724186139305,0.0028047194205008674,0.07828018796873026,0.013696036414639623,0.0018014489156681912,-0.009249111387722442,0.007982668516795521,-0.013075215271928953,0.006102022094174764,0.0,0.0,0.0,0.00023138039959824663,0.0,0.0,0.0068575857937001605,2.220446049250313e-16,0.00017968695692321957,-0.0008007848681055862,5.551115123125783e-17,0.003271441128351371,0.010195112653797744,-5.009667192867884e-05,0.0,0.0,0.0,0.0,0.0,0.0,0.0,0.0,0.000158429852151587,0.03427178452721408,0.0,0.0,0.0,0.027218425942769353,-0.0002009880284258858,-0.001642989918715143,0.0,0.0
0.0077524857513284195,0.015063036615498515,0.0651044554382268,-0.049353732109506776,0.0,0.05652378055172491,0.04642204213691842,0.022264501341297982,0.04498794771579201,0.06672415920848579,0.0320539641521046,0.036020743362613794,0.03631884200516977,-0.050147038827386914,0.006280480977245373,0.02476281590807272,0.03272122264424615,0.08469491687801672,0.06292616570891107,0.022636466800993293,0.02266567065916869,0.030964947980512803,0.05147478725542548,0.06902385390428822,0.10621363162831043,0.024195279184784424,0.07546458089139507,-0.015860324936617876,0.008629634685341891,0.035546519228976,0.06290253248157646,-0.015498453219616681,-0.05608096404400115,0.05591518030849002,0.04428915988972415,-0.05064256168282866,-0.08255852635580299,0.02887089514137048,0.004321094550756299,-0.0031028078487130295,0.015543042843473132,-0.018491618493054807,0.02870710658045239,-0.024849613638170287,0.0005078880336899516,1.1102230246251565e-16,0.00559281347242524,0.03222550231191368,0.0,-0.02701511579657845,0.07057961122615086,0.03522195333207612,0.018613349920374833,0.030629303355850013,5.551115123125783e-17,0.039722468645567055,0.016170644960595004,0.04128017206089363,0.06880477036827365,0.005804320558742915,-2.4273661040130623e-05,0.0,-5.551115123125783e-17,0.02531933518521362,0.012442044734418234,8.374824120699342e-05,0.006259856181823065,0.034921893913219204,0.0,5.0405874178816035e-05,0.0020226689069778314,0.035757336955308805,0.038485169613835524,0.020431192327168057,1.1102230246251565e-16,0.03539515637331758
0.053427922327600796,0.04345983456410751,0.08405245687569246,0.035522087043981354,0.05652378055172491,0.0,0.043011239395483736,0.06931866813748588,0.05128096821790151,0.06421440906395065,0.08734845919213963,0.04173544029810444,0.04246828816546999,0.07437993251761443,0.040765977995037284,0.05648080953328688,0.04576498485226832,0.020436344829396658,0.08990536274291105,0.08746448319514177,0.0565413578713182,0.06263001240186694,0.09772609251262043,0.02012421517140317,0.03656099254563727,0.03788930000475638,0.09070941678072414,0.06929968324382335,0.04929267715084723,0.0507419684597315,0.0364719004110719,0.03386135455159861,0.03327753638914871,0.04499721976297477,0.05186096181326039,0.06366886155345225,0.03442055407980177,0.04774418291835136,0.03745255560254829,0.027577887927725975,0.0606650832179616,0.07002100845468373,0.038150198733352514,0.05111761103329371,0.03768539702751278,0.020861270140324406,0.034958908431496405,0.08396273912251251,0.012819998055798365,0.006131634062696345,0.05892443860465746,0.06907693428726225,0.06674518833298942,0.08295518423074266,0.02569800690429974,0.05419311162370399,0.007394821156706977,0.06342139423337112,0.04943280386288351,0.03739026252685085,0.013385069637679103,0.0,0.014726430173434113,0.06338698788017494,0.03210993986801014,0.048344970981943125,0.029891240592968382,0.06780487867243157,0.00013321192909571122,0.0184713151579477,0.04420748651115686,0.06553555388781218,0.05020090698568347,0.01984958486958488,0.03976625329345862,0.0569019447075686
0.0288729484471425,0.028086015023294275,0.07571120936004194,-0.008966009522104745,0.04642204213691842,0.043011239395483736,0.0,0.05801291865358321,0.06029266850717563,0.06980688619814007,0.058217294929507335,0.050782500475290204,0.05000705448638815,0.031718650799412995,0.050242696538672416,0.026326265806073057,0.05618380661590594,0.005395073951311058,0.055772135040210224,0.05040659528270969,0.0569146306183016,0.04181679169693553,0.07147719977068445,0.06620916211398697,0.023528933829505938,0.02951070678179435,0.07459540972814271,0.03592072378350758,0.04380080484209281,0.01743415578489188,0.04195100343911684,0.01831231110361997,0.02429811035775764,0.036168184809831805,0.04218276621982214,-0.004570552510796189,-0.0035694471262405214,0.0464360240292363,0.07315636886234067,0.010947852894654997,0.07751496618870318,-0.003007463315464032,0.06613492971173213,0.04178843689231704,0.0950232982803218,0.0,0.01941231911450808,0.04383841777972275,0.0,0.02724240706481762,0.038329091398445314,0.03581771064147743,0.0667796294573979,0.06252790888952187,0.014290426864049022,0.031941175107687014,0.007781633417433598,0.04380742054601883,0.015775372343304173,0.0308143413534126,0.013250641291442822,0.0,0.00010898133104486618,0.09512347144199573,0.02950250469728799,0.009164732167079359,0.023686258014119277,0.07011501622095395,0.00024221010708547208,0.016198322895657202,0.030280274327029566,0.0758804832543104,0.03870937513949824,0.0447632108265702,0.01075429186144794,0.03975766477186149
0.009519915743053997,0.05318389353386038,0.08687772730167032,0.0612036360868245,0.022264501341297982,0.06931866813748588,0.05801291865358321,0.0,0.07569783265085928,0.041975305226852444,0.06651995021193302,0.03475014202647492,0.047980779737557655,0.0719118783259205,0.04622324569806646,0.023635344588957996,0.007591586267116979,0.009311718062192609,0.10232535558626649,0.033867778677515115,0.033648106307214376,0.05370636444292348,0.04361529125295366,0.008964209145219781,0.023675669067622418,0.018836613843465466,0.07874613509143474,0.044717180388793076,0.05319900299588953,0.03906946599858302,0.03678900025033771,0.0027941619635520887,-0.02406508626402415,0.03468241403256778,0.03683109162740217,0.05168065279759332,0.0032551401701939042,0.03076955069345566,0.011192165383595187,0.02494834413862501,0.0445547380671133,0.06096909925659566,0.051238037201933595,0.017900247909639455,0.0,0.052690497585084206,0.030586389498512112,0.03608285830548563,0.0,-0.010414459078911975,0.08074865504839768,0.04901251585710098,0.04211146041328662,0.04418098379739255,-0.00031542452891797357,0.03634628575919585,-6.421848353932447e-05,0.06495779286666226,0.04001944879449443,0.04984033978893043,0.00613610089754224,0.0,-0.0004805901215577113,0.02815193272098504,0.03012922035834631,0.1267415883828687,0.04788027566932507,0.06330357116172891,-5.551115123125783e-17,0.022848928570057547,0.04253182208393591,0.08633017040536217,0.061963302158970224,0.03925395906765261,0.039282090621068466,0.057930541043008765
0.026834340182154692,0.030773947866779783,0.0642182086918282,0.04074576221894144,0.04498794771579201,0.05128096821790151,0.06029266850717563,0.07569783265085928,0.0,0.0676429398863887,0.09426781996893002,0.039545848035650866,0.07906703937450987,0.04312691067025237,0.01704369427496316,-0.0028036479454737195,0.0705000242722938,0.01720892533738677,0.09276592413101731,0.08219264244957603,0.050194095066974975,0.051479178002607706,0.11837633561044236,0.03796272432799408,0.007647248367609327,0.04372762546355119,0.06993406888401243,0.06061420173829429,0.05206265317625819,0.061392862390110325,0.060675554545933985,0.03948159246670896,0.005764063657103857,0.05383178001011196,0.06699997551971199,0.05836673189967567,0.03926286161688797,0.04673210650536419,0.07312561045777222,-0.0063566293586094225,0.127767578067366,0.0397872174357537,0.04820575515132369,0.03775382160003887,0.060008351732464715,-5.551115123125783e-17,0.02138258974004542,0.09222744617040801,8.282934684911147e-06,0.058019371686597876,0.0692793477076249,0.07607603477469105,0.056130947261536,0.07803401881925998,0.008294678413577727,0.08026700128926523,0.01997113663172073,0.07705607602686759,0.06789668036698882,0.013386412899079714,0.007453345078753948,0.0,0.0,0.07155354788365098,0.024877803911969976,0.0019617812143527535,0.015426111429335865,0.07305187614870545,0.00010194075125224966,0.005699359257915371,0.014037567202609236,0.07932213481987571,0.06405590903034775,0.03229191858351993,0.014390488151078906,0.06549652984399046
0.01918674003347709,0.013141633568807487,0.048611607505984256,0.17220528770729882,0.06672415920848579,0.06421440906395065,0.06980688619814007,0.041975305226852444,0.0676429398863887,0.0,0.05424972229356334,0.03019599712961224,0.06400118112173508,0.03069649963904686,-0.007712041669112213,0.04528427689096559,0.05977510909139977,0.07937371074789112,0.06471603493423989,0.02326112026920768,-0.014872624896857367,0.020292127712187524,0.039819843106071784,0.035673620760016456,0.04829173181887836,0.044438487618339295,0.06141315673883341,0.06962915029671163,0.022157565577727967,0.03132259121155523,0.06427088312511203,0.10089295032799417,0.019838759477321388,0.02865697220046587,0.03664339687959217,0.13667211254534495,0.09475968677931235,0.010521427871343525,0.0745044188834697,-0.006573107974120307,0.005556765306192535,0.054974002645672315,0.07358336309966318,0.03818916341341744,0.00498043885488858,0.048080903470112346,0.0008657989235505981,0.000904980709348524,4.703165058500547e-05,0.00026391621885252237,0.022003091064174418,0.027199149393815403,0.0016656298154228422,0.009251083913592972,0.034694952217342145,0.016379970607228844,0.04650585882416208,0.021467868050067673,0.0,0.0007135635487076075,0.0019348624162749961,0.019978507919204413,0.05112214250325531,-1.5459550006757805e-05,0.00025117862240636724,0.032961254944786855,-0.005203655230121507,0.042100954818489744,0.04442278661357618,0.024776088596501655,0.04438030970176876,0.015288954125482701,0.029050219780686448,0.01789823937643087,-5.551115123125783e-17,0.006955317487981061
0.02428986449518855,0.015770767694190002,0.10667128222129996,0.020668976573902154,0.0320539641521046,0.08734845919213963,0.058217294929507335,0.06651995021193302,0.09426781996893002,0.05424972229356334,0.0,0.0614975697842442,0.052118269041255716,0.06197367560358946,0.0,0.00015321540588869587,0.06051066289051238,0.03385457643524875,0.09838483402708742,-5.884070458694879e-05,0.034319609819115304,0.007381382318715934,0.10764897461802758,0.06501462871981512,0.03372610471954324,0.03287509930839244,0.0969429748810145,0.053734141886553954,0.03248741056303128,0.016169913279310555,0.06587341440149896,0.03186340823305267,0.08655677760875513,0.05907914902880124,0.05975153828505597,0.01794759255116174,0.02888033542805496,0.054137535497136846,0.04694135943775557,0.0004656182835846012,0.08896274422299066,0.03478390154019734,0.04741515674941782,0.007465526201411166,0.009853686406264106,0.0,1.1102230246251565e-16,0.048566579922723785,1.6038892575176433e-06,0.07214652237487273,0.07589968897604382,0.031763192333521595,0.09184183354087377,0.09314916656848199,0.02195979327891917,0.019078192682355444,0.01636460594643452,0.06114837640793147,0.07882212076303802,5.551115123125783e-17,0.0,0.0,0.0,0.0776376070648101,0.0034890297120911407,0.0,-0.00014073580069806635,0.08351779588418218,5.551115123125783e-17,0.0,0.00045655689029211466,0.09294090785584042,0.03440542842765437,0.019134251759575005,0.0,0.04049883505733842
0.0611444054923595,0.028061475666210645,0.032902590140431565,-0.0014741608068962742,0.036020743362613794,0.04173544029810444,0.050782500475290204,0.03475014202647492,0.039545848035650866,0.03019599712961224,0.0614975697842442,0.0,0.06142819936480942,0.029466671503013242,0.02427892510808005,0.006936977309152104,0.05043665768353145,0.007273469224668927,0.033176968240123283,0.0046852603023385675,0.026621999170993782,-0.025727370774380198,0.05347391824431397,0.020548912820247567,0.022375095681254953,0.049777089393649,0.048641748615805835,0.03367176789914983,0.03326411094537396,0.05241940497584352,0.05901503840658551,4.4959462057792e-05,0.011508333520224623,0.0005916114340809853,0.017017421853938453,0.0234362565646265,0.014530346705294683,-0.01040391459988771,-0.015805658010636048,0.010644374054981198,0.007145311777909336,0.1461995457455097,0.07349602513795955,0.018941300294403995,-0.01822696223162057,0.04864462915893891,0.0041815862382965086,0.005705882070430768,0.0015015957228168286,0.00020021657949637062,0.08127402391576494,0.034770127433430886,-0.000866007648873679,0.01543817250228069,0.04834035738926756,0.011705842622293405,0.056981020124283466,-0.01483157732449758,0.011557121123374536,-0.00013335248765494745,0.010090637895359633,0.04026166429290168,0.05421504035237451,0.009688984852279425,0.0044377752630183065,0.010496263637636116,0.007821516126329642,0.02331433293679508,0.07530926155377665,0.04706436569173733,0.054657025609305576,0.01939483799002184,0.06429564992312603,0.008179497842062677,0.0,0.03278538800137326
0.023915425696034387,0.02228474035893968,0.07575563619021142,0.009715727048717648,0.03631884200516977,0.04246828816546999,0.05000705448638815,0.047980779737557655,0.07906703937450987,0.06400118112173508,0.052118269041255716,0.06142819936480942,0.0,0.042230067434667895,0.03225726800868817,0.02848991284698532,0.04388074030930428,0.011176991073600206,0.05889043729410598,0.045573061626988876,0.05396488726637122,0.044145697928969274,0.05714858173984766,0.06860651432202386,0.02142787311199512,0.023852492723455687,0.06683437905622952,0.03788271923676062,0.04596362596712905,0.02136997089140219,0.039991627641810634,0.02687699102165847,0.042305357773259,0.040408369328467586,0.05042148471557112,0.020725795147386816,0.003696414163609052,0.04538224787869666,0.061759366387125425,0.0429388205209128,0.025205389208236118,0.05899278604596059,0.03939772383718665,0.013312337543076258,0.06244250585373423,0.012694018288106013,0.018932027388661232,0.08086506188383014,0.0,0.03291235468986731,0.04639806918286471,0.04493610935987191,0.05316122500824155,0.041049881553318124,0.07314212588128638,0.022773853615275896,0.06491473224223177,0.039812050972185875,-0.004391105532816131,0.02442853308422699,0.016294068009723384,0.008997163507097228,0.01951396930275978,0.05228498621643618,0.03117862631782775,0.04442554645132046,0.03149280000712579,0.05007774603386206,0.014618718301356248,0.025874190994315427,0.04217054642527818,0.04949942125048379,0.04493843543359444,0.0124222266780315,0.022758824384873866,0.052859654158521674
0.03252617690464693,0.008854199286390696,0.07118759829394655,-0.006049662978772519,-0.050147038827386914,0.07437993251761443,0.031718650799412995,0.0719118783259205,0.04312691067025237,0.03069649963904686,0.06197367560358946,0.029466671503013242,0.042230067434667895,0.0,0.03421966287907069,-0.0002538291811503002,-0.0002155161491896318,0.00013608168352924332,0.08083156920550827,0.0106782866940488,0.03785940447214836,0.00700523334841241,0.07255771312614057,0.054797203956273244,0.00568946259551667,0.028996207124489692,0.07265696776196195,-0.0364603713928347,-0.002937842437464311,0.007155972125011678,0.037369326195473784,0.01580806909021476,-0.047544726744543464,0.064565814431919,0.04380417895058436,-0.014104663694828767,-0.010808602719754812,-0.006364897331372188,0.06870895382813202,0.0,-0.009087621879637742,-4.498595463137134e-05,0.03412587456467636,-4.61679323376929e-06,0.0,0.0,0.0,0.05975649973811814,0.0,0.01104442041905418,0.039464096343905686,0.006516332258191482,0.06897346875752369,0.03421225940937089,0.0,0.04165174307145669,-0.00033211529909871196,0.024132126732560655,0.05860937896431767,1.1102230246251565e-16,0.0,0.0,0.0,0.04346466935411858,0.0,-1.1102230246251565e-16,0.0,0.09648959327628465,0.0,0.0,5.551115123125783e-17,0.030565366866615595,0.010157933535723362,1.1102230246251565e-16,0.0,5.551115123125783e-17
0.02411054296541526,0.044410962358128914,0.009550533067760159,0.02684172257490397,0.006280480977245373,0.040765977995037284,0.050242696538672416,0.04622324569806646,0.01704369427496316,-0.007712041669112213,0.0,0.02427892510808005,0.03225726800868817,0.03421966287907069,0.0,0.034465303136664516,0.0297592478867299,0.011592032461242241,-1.1102230246251565e-16,0.08276439621117604,0.046262530258503076,0.0854034423719493,0.061677870643442434,0.024295652258084055,0.036193722248388016,0.05580147680966696,0.08005392564937852,0.03430688863128917,0.038177339110819775,0.01822562451915566,0.02036359624831713,0.018210752880829517,0.020371751559355944,0.01649997111735263,0.014643005682101695,0.014721872069748065,0.026115616759072424,7.252030366816653e-05,0.018240650140148196,0.042421276327965496,0.008859045937255783,0.01138121236059808,-0.037620383393349555,-0.0046296280543889345,0.0,0.005053201980829647,0.025281886643036433,0.02074430999375343,0.0,0.0,0.03861444919349999,0.017506491195123874,0.06037589925511455,0.002113590391155329,-5.551115123125783e-17,0.0,0.007347868005258162,0.03781124576543937,-2.6291846875636793e-05,0.03470595586218439,0.0425993121379355,0.0009190246367863919,0.020911362493555186,0.0,0.0360330125941859,0.041786395610089344,0.03600364595476224,0.04571348080634824,-0.00016199160540819602,0.035306831244906633,0.03660326137585068,0.03970262597362878,0.037481461450270315,0.018771739576428692,0.055857768253035345,0.024796064528211037
0.04664153232711571,0.07142052838274549,0.038103609240410174,-0.0003707479972788752,0.02476281590807272,0.05648080953328688,0.026326265806073057,0.023635344588957996,-0.0028036479454737195,0.04528427689096559,0.00015321540588869587,0.006936977309152104,0.02848991284698532,-0.0002538291811503002,0.034465303136664516,0.0,0.04356467868745584,0.062396997566050605,-0.0001101466974101073,0.06660026247223882,0.045173647598138134,0.06214915984722397,0.02716017696972922,0.020866015101018598,0.03892536306267086,0.03747166519050399,0.04615896956413684,0.03699643651424034,0.06813335931577658,0.011875975129380656,0.04529513946643399,0.021781861383444512,0.04026269586820086,0.030607833633136294,0.019748299695371507,-0.09766768365323808,0.007728246249256554,-0.0012421374655723905,0.00559719193185193,-0.001971208116517409,0.008680523276836771,-0.0047187344750245774,3.428256229970339e-05,0.0,0.0,0.0547468496980032,0.03307924505580023,0.0,0.0,0.0,0.02316995403201938,0.004296925909806015,0.0058304894253912165,0.0,0.0029920152771352737,0.0,0.015997684349537522,0.018298877381760614,0.0,0.02084025281862245,0.013574224993431527,-0.02615453286641317,-0.01743641468591567,0.0,0.008951477457857293,0.016946704678508118,0.028871597621257572,0.038809657878124626,0.02931491027869282,0.0007559635505960394,0.03841099372589013,-0.04386540843741288,0.0189807897365325,0.016645924458969952,-1.1102230246251565e-16,0.0010031745377674373
0.025408639388629806,0.019091347270849157,0.023433667801323887,0.011930819622427757,0.03272122264424615,0.04576498485226832,0.05618380661590594,0.007591586267116979,0.0705000242722938,0.05977510909139977,0.06051066289051238,0.05043665768353145,0.04388074030930428,-0.0002155161491896318,0.0297592478867299,0.04356467868745584,0.0,0.051972593050528926,0.030330920808947504,0.03553982829631813,0.008063293444531106,0.03292038788081153,0.023760570978299977,0.03294876087331111,0.06880588320606684,0.055434586771194894,0.013271597438928529,0.04718334335241431,0.027501858307739657,0.030517550627221612,0.05108098549895346,0.03341513057117196,0.039262157297409506,0.029860319848377892,0.011429369809418333,0.05849481465469136,9.506461951303002e-05,0.0091245135699895,0.011135373813946525,-0.03368850415075303,-0.00793782829746248,0.012022960362239321,-5.551115123125783e-17,0.0,-0.004236461475310982,0.008282727448872707,-0.02344577909392137,0.0,0.0,0.0,0.0,0.0,0.0,0.0,0.0025422919991092696,0.0,0.00675008508406888,-2.885425783899498e-05,0.0,-0.00038296579721169843,-0.016792117444919874,0.02775509651761926,0.030816360512030072,0.0,1.1102230246251565e-16,0.0,-0.004674773764716533,0.0,0.025571760341353666,0.021941710404695447,0.019055400436610803,0.0,0.02284287823281328,0.0002066062072395014,0.0,-0.0012886404061606127
0.03146075840016094,0.058078544766670404,0.018346433530151363,-7.851278225262659e-05,0.08469491687801672,0.020436344829396658,0.005395073951311058,0.009311718062192609,0.01720892533738677,0.07937371074789112,0.03385457643524875,0.007273469224668927,0.011176991073600206,0.00013608168352924332,0.011592032461242241,0.062396997566050605,0.051972593050528926,0.0,0.030407721623407657,0.04202946476431624,0.019762783003059947,0.04837312408966121,0.02040639405761896,0.03440594568611799,0.05336350328730999,0.047887514084808847,0.011034904034908588,0.0256410463564114,0.03867233402988507,0.047093251038403006,0.04869353305718166,0.021642175876562697,0.0530376773896748,0.029699587793387383,-0.0020706089567070207,0.03972003002120017,0.0001584380226376525,0.0070352592644729595,0.00498510071529118,-0.03955957694980339,-0.035716105368074624,0.004048717314565575,0.0,0.0,-0.0011292682939329501,0.036056061876358014,0.005754254790258095,0.0,0.0,0.0,0.013703820209596929,0.0006681840033260777,-0.0004473912770745492,0.0,-0.022976999511795604,0.0,-0.0099109403332453,0.007355438846948004,0.0,0.04835016529025499,-0.007982030561622111,-0.021218466390124924,-0.02851457198552748,0.0,0.01673692756224343,0.024144245716780477,-0.0062186362955596874,0.014573443656235252,0.0003698411020393033,-0.004075437525918046,-0.005877107271858029,0.0069406764845088564,0.007460945861237633,0.019701651876033843,0.0,-0.012681128439608114
0.0,0.006802968255068764,0.11719690822174333,0.07050584686184419,0.06292616570891107,0.08990536274291105,0.055772135040210224,0.10232535558626649,0.09276592413101731,0.06471603493423989,0.09838483402708742,0.033176968240123283,0.05889043729410598,0.08083156920550827,-1.1102230246251565e-16,-0.0001101466974101073,0.030330920808947504,0.030407721623407657,0.0,0.00020046036218623886,0.004778920559293021,0.00584185292847883,0.18526896749858285,0.046968238760324466,0.028606825248840506,0.024223149412027967,0.10188494191077624,0.053482639046160796,0.0076417396743845845,0.03633125448471475,0.05912483978801203,0.03805572430020676,0.010298530161582109,0.05496865872426365,0.0598397531399219,0.06023962436846586,0.04496051067595919,-0.019090307228497305,0.03766481451367654,-0.0001360337050846927,0.03423326800214671,0.012881490410742491,0.061238330247945005,0.015385044861826513,-0.0005698736257316872,0.0,0.0,0.16070120942888466,-5.551115123125783e-17,0.028174761944023907,0.06857533517771286,0.062410469085633524,0.07308210040721008,0.08655840848674867,-7.965288196648546e-05,0.14687218638671168,0.02614398826496217,0.04236267504436908,0.07034422079521463,2.220446049250313e-16,0.0,0.0,0.0,0.11315173399660627,0.00017784791316471926,0.0,0.0001362995083614149,0.0838850555155054,0.0,0.0,-5.551115123125783e-17,0.08742908508152059,0.032050646405985095,0.0269660448940508,0.0006131410412315574,0.035962140120225916
0.04133453306189311,0.053725394188812114,0.04267134057287608,0.013668836583249855,0.022636466800993293,0.08746448319514177,0.05040659528270969,0.033867778677515115,0.08219264244957603,0.02326112026920768,-5.884070458694879e-05,0.0046852603023385675,0.045573061626988876,0.0106782866940488,0.08276439621117604,0.06660026247223882,0.03553982829631813,0.04202946476431624,0.00020046036218623886,0.0,0.060572281537734196,0.08135089023541026,0.07368986835842894,-0.0024536735937828458,0.04728164809072616,0.03130519132085774,0.09050003637610826,0.05230371621124835,0.03344516056028762,0.028848041529557278,0.031469517133177694,0.017460013873316527,0.02266243951096869,0.021113097104476453,0.018739319389073084,0.016715716545553816,0.02110348768624465,-0.02792181071711569,0.01008879718742095,0.016498590119579604,0.012913154835340834,0.011171697318522134,-0.04970813099117327,0.016775527827586123,0.00017843961289848442,0.021983539758505477,0.020847416391349072,0.026864735073979684,0.0,0.0,0.01682055087945128,0.0217607466634106,0.043733306166003794,0.020143347073559414,0.0007642087061391911,1.1102230246251565e-16,0.01854174288159932,0.04397573502999341,-1.1102230246251565e-16,0.03728158169990542,-0.021403348274095124,-5.4536157820250786e-05,0.02840315869609089,0.0,0.0294146507504896,0.043801988895191046,0.020491433322189445,0.037754401942053484,0.0,0.010902528674401224,0.023911596177553063,0.032077617128751124,0.026632264847145426,0.016671840842862384,0.03401108004934755,0.0185936565849808
0.00021394629560911316,0.03418305507561409,0.059862698590697316,-0.0010317360446672752,0.02266567065916869,0.0565413578713182,0.0569146306183016,0.033648106307214376,0.050194095066974975,-0.014872624896857367,0.034319609819115304,0.026621999170993782,0.05396488726637122,0.03785940447214836,0.046262530258503076,0.045173647598138134,0.008063293444531106,0.019762783003059947,0.004778920559293021,0.060572281537734196,0.0,0.050703033295724675,0.05824011163499265,0.014855198222194888,0.04104438115679665,0.03627677680940378,0.06796589379634499,0.048445901000026714,0.06253128526094354,0.034855752136510876,0.012788488790983987,-0.0054925055128347,0.03036263933263461,0.025265162317367584,0.05701987878683329,0.013580044867531782,0.014716505278944247,0.03378709975780514,0.011343015229200837,-0.0017785420475963654,0.0041972219335010275,0.002505181071058016,0.024069952810955586,0.0,0.0,0.014562011434254563,0.02561499417067259,0.020940205034593096,0.0,0.0,0.03314379430705783,0.03352652647910864,0.03608160309705766,0.010576118813169444,0.03269271890591696,0.0,0.005964882006614769,0.03476342644351643,5.551115123125783e-17,0.035625905863232554,0.011548189506641382,0.0,0.01369765263694478,0.0,0.029102833054112542,0.007703149334632231,0.03456884533311433,0.0446989023386688,0.0031123853879947427,0.038170274431744644,0.03179946414879997,0.04236825149185375,0.030276402401330227,0.003550081048898479,0.021539680976751463,0.006861913551037435
0.01782233491146662,0.05113753858067488,0.04471238635379243,0.002925940456837417,0.030964947980512803,0.06263001240186694,0.04181679169693553,0.05370636444292348,0.051479178002607706,0.020292127712187524,0.007381382318715934,-0.025727370774380198,0.044145697928969274,0.00700523334841241,0.0854034423719493,0.06214915984722397,0.03292038788081153,0.04837312408966121,0.00584185292847883,0.08135089023541026,0.050703033295724675,0.0,0.04857431455466171,0.0443189256323267,0.04126658829298613,0.03417529067173819,0.07315168551226109,0.04444782311102696,0.05815180184878749,0.010499843009006915,0.031062713790817542,0.012732144312813443,0.01869115707565333,0.026515179171495706,0.019343388805181383,0.015684916399633986,0.023275069827065564,-0.007109723500440757,-0.005252950161589498,0.0128441207712644,0.008128801471615044,0.010521742108941579,0.03344491723095128,-0.002870179078903856,0.0003986592762886265,0.003048375794906244,0.015201429723142867,0.014206304191143437,1.4457564257053246e-05,-4.221016030481195e-05,0.031332012409463594,0.022829477738601944,0.04267209308777825,0.015492657720193925,0.016401743747068986,0.0,0.010712938983928222,0.029813373825229028,0.0,0.0233529898499929,0.012263622071052471,0.007773607326846788,-0.004730694252931045,0.0,0.020624048861184907,0.023820042194804603,0.016657106854470416,0.033039931979846004,0.02790791932538822,0.015106601355382276,0.025209557725070053,0.02579340054893059,-0.0008748098096537649,0.007230438408786177,-0.00550373493597095,0.02126254985824061
0.03697596875493192,0.052764364755656545,0.1321994976177055,0.050663779082499916,0.05147478725542548,0.09772609251262043,0.07147719977068445,0.04361529125295366,0.11837633561044236,0.039819843106071784,0.10764897461802758,0.05347391824431397,0.05714858173984766,0.07255771312614057,0.061677870643442434,0.02716017696972922,0.023760570978299977,0.02040639405761896,0.18526896749858285,0.07368986835842894,0.05824011163499265,0.04857431455466171,0.0,0.02570320142925936,0.02358792038388502,0.0366799211426288,0.07170167434848046,0.05556619917736488,0.06772424120151987,0.05526765126532873,0.04712460286334624,0.032192629241274306,0.01626726582776633,0.03537106550309799,0.04500544514392496,0.04801880110988316,0.043561367320921085,0.03305544199232863,0.040952598749705915,0.060031095335386364,0.052247964492485144,0.05069226095140533,0.03668789829895758,0.05176645106943967,0.01487156136392248,0.05310198483920875,0.03582071827610872,0.07153740913761042,0.01549024171627511,0.03577237027409641,0.06355699674632054,0.061987371382295375,0.0652961181598335,0.06481885152025424,0.03684171356029631,0.06279317002924412,-0.0008696478703695276,0.06518069093865753,0.05270506984203405,0.03908140007288552,0.034910932394819016,0.00013266523524746443,0.02912122834027936,0.020843306838170927,0.0370734345460797,0.05693601973662843,0.04035946993455414,0.07220975042604372,0.0005112654029159613,0.03448751941971584,0.04757736143787361,0.07383740773767478,0.0634206982383243,0.030069214980564585,0.057947858873835134,0.06623963488080942
0.030928289451525093,0.023226672489158218,0.04434949174342501,0.013713221573147527,0.06902385390428822,0.02012421517140317,0.06620916211398697,0.008964209145219781,0.03796272432799408,0.035673620760016456,0.06501462871981512,0.020548912820247567,0.06860651432202386,0.054797203956273244,0.024295652258084055,0.020866015101018598,0.03294876087331111,0.03440594568611799,0.046968238760324466,-0.0024536735937828458,0.014855198222194888,0.0443189256323267,0.02570320142925936,0.0,0.03478936242102465,0.04707372142655408,0.013305515883951069,0.04650227950825836,-0.014068246999329181,0.006381868449423733,0.050187145821506796,-0.015872754184263704,0.007710760730025912,-0.008611496427437804,-0.010942730937300693,0.02204287754616696,0.025382598124573552,-0.014640015556886404,-0.04189973446047951,0.001566425758869061,-0.07111481117172591,0.005486703166799112,0.057225475966038886,0.0023754410984714314,-0.005117188152628904,0.040111328719150574,0.02352850467657369,0.0,-5.551115123125783e-17,-0.0005240033746612971,0.06225626606419021,-0.00044901959510085243,-1.6653345369377348e-16,0.0009334671197203659,0.04074973605905652,0.0006867100083154942,0.05958024900342446,0.045263171927999335,0.0,-0.0018480566903062434,0.01942231282542012,0.0475156093905546,0.04359452216876475,6.385640366229905e-05,0.053133518028781856,0.0075269648410737355,0.016606282990618504,0.03523161087243276,0.07068067946577872,0.03864132342800802,0.051848065047223,0.05645785325480568,0.08595324311518188,-0.006723951585920651,0.0,0.0366821328418061
0.04804383160818626,0.07526620699245223,0.025072566986486466,0.0006386089680646689,0.10621363162831043,0.03656099254563727,0.023528933829505938,0.023675669067622418,0.007647248367609327,0.04829173181887836,0.03372610471954324,0.022375095681254953,0.02142787311199512,0.00568946259551667,0.036193722248388016,0.03892536306267086,0.06880588320606684,0.05336350328730999,0.028606825248840506,0.04728164809072616,0.04104438115679665,0.04126658829298613,0.02358792038388502,0.03478936242102465,0.0,0.050630850979453745,0.034971504124123864,0.021162365278711126,0.03875603026587371,0.007965182602548304,0.02752012638720125,0.011807904629169641,0.03431370517544707,0.01576285717595205,-0.003614342837950979,0.06833142265788039,0.0018698787891061608,0.0012503207968861396,0.016817014642480865,-0.016003258387493335,-0.013194251987425798,-0.03061149920672873,-0.012053374067629852,-5.551115123125783e-17,-0.04603185612560173,0.040853633855074734,0.01658541877391051,5.551115123125783e-17,0.0,2.220446049250313e-16,0.024261117886455907,0.009298934688170613,0.02289824914621441,0.0006092194824240393,0.0029564918492801517,-0.0005391693597532887,0.019295679429721047,-0.010861186903019293,0.0,-0.026888664724860623,0.0037572164130227903,0.012548228632635383,0.006483778529347728,0.0,-0.012266723347838349,0.04018330155244387,-0.025578174434258416,0.03635353861603774,0.04302654929710331,0.026777649098718992,0.032160497168121804,0.027791416982146766,0.012725400177950097,0.006194201497850604,0.0,0.010118031783063308
0.03330411658086968,0.055744614749629384,0.024604808986281035,0.01874021353755101,0.024195279184784424,0.03788930000475638,0.02951070678179435,0.018836613843465466,0.04372762546355119,0.044438487618339295,0.03287509930839244,0.049777089393649,0.023852492723455687,0.028996207124489692,0.05580147680966696,0.03747166519050399,0.055434586771194894,0.047887514084808847,0.024223149412027967,0.03130519132085774,0.03627677680940378,0.03417529067173819,0.0366799211426288,0.04707372142655408,0.050630850979453745,0.0,0.05153626811473366,0.012956946379270473,0.03828987451478838,0.01999089038473495,0.020338913304702777,0.0062852456865432615,0.030139375894171427,0.012209240158821466,-0.0009070108937040966,-0.007311615494855428,0.017147378755374698,0.003970670638894558,0.011555555828812514,0.0007851663412884458,0.006711722096948591,0.013332567903994619,-0.0023003389746920067,-0.00011881418301851188,0.028839766623724228,0.02998882677797543,0.0318646827868837,0.012598277988426276,0.0,-4.812992563540952e-05,0.03124203301914874,0.016285546554964725,0.03359646831931773,0.0015203274891088525,0.022717028630504565,0.0,0.038294253294482716,-0.0035448998758249584,0.0,0.03615956317512414,0.023784312945168695,0.028825665876447137,0.021587303852529105,0.0,0.02977189497175159,0.02928526274197385,0.03090618273645418,0.04421473289271877,0.044581110835461846,0.0333767636321432,0.03456077390981077,0.05281279804050265,0.02476713637963751,0.024201046843829233,-0.0006347170447884576,0.019899299704734863
0.04561233269040704,0.05234376632839982,0.06270187549248235,0.03257159640053309,0.07546458089139507,0.09070941678072414,0.07459540972814271,0.07874613509143474,0.06993406888401243,0.06141315673883341,0.0969429748810145,0.048641748615805835,0.06683437905622952,0.07265696776196195,0.08005392564937852,0.04615896956413684,0.013271597438928529,0.011034904034908588,0.10188494191077624,0.09050003637610826,0.06796589379634499,0.07315168551226109,0.07170167434848046,0.013305515883951069,0.034971504124123864,0.05153626811473366,0.0,0.058208457424502646,0.057637140037426204,0.05203851256325298,0.046280290934331614,0.03392556735611829,0.029591920971462515,0.03758050859008988,0.04189141843478311,0.04109557693697091,0.03605579558844996,0.053385637418758014,0.04934467261865938,0.05251389867728429,0.05588977602499434,0.04793802393119173,0.042980978224745336,0.03607170979856816,0.02976508751955592,0.02726454506310011,-0.009242130964474182,0.07324111003069855,0.006572594745531513,0.03929311602665009,0.07191529994673773,0.07457178095034289,0.07511665761125408,0.0771601431810175,0.010100397996259558,0.06309460713105386,0.013901766759324863,0.07286743287029163,-0.0614454340825073,0.04054197856362829,0.03142651206474939,-1.1102230246251565e-16,0.02628286449917777,0.057363459953286844,0.04262319389215302,0.048436815313522286,0.037707361909971315,0.0764654016738453,-5.551115123125783e-17,0.023174537593174893,0.036446002690765145,0.07577621126958123,0.057916593401173166,0.03001274882013627,0.06685560393987,0.06761418152977539
