0.0,0.41069321781333473,0.2749436967838227,0.0,0.16117313920415963,0.3865855464497633,0.37156968721768835,0.4431190602593592,0.3012281490024797,0.48712463121469385,0.3292373182155813,0.3986522915357102,0.34626245093507024,0.4898952310986461,0.34109301403249476,0.5932533388959665,0.32033094254576694,0.6436210968769758,0.0,0.48552064256792904,0.2804600359286865,0.531799935666384,0.36769478300933,0.31483274656525917,0.421353890747016,0.6410994219683146,0.42573785050334334,0.32797994099946437,0.4365088590168867,0.3862287784602865,0.39918040301388946,0.2607526359899893,0.4670961837778948,0.4096711022935147,0.32019195171492776,0.34706577657903115,0.20638787806274525,0.23317635679871046,0.21842624870858549,0.4141340304945441,0.36833050574976467,0.39753327312016146,0.19557817993303997,0.0,0.21963461584587454,0.4453153849614758,0.7103730744277248,0.0,0.0,0.0,0.29507588079395475,0.0,0.34893647519924587,0.0,0.379724581624602,0.0,0.46077875917667566,0.17797574411153272,0.0,0.34198661983719897,0.5650424736972569,0.7341244872924149,0.741542368412101,0.0,0.1414377449542413,0.6019590339506512,0.6203142618129336,0.3670937676228556,0.45921286254673477,0.6640905223054011,0.6718644854458407,0.325306687783557,0.19664396396984202,0.4172967895394885,0.0,0.4160486908451209
0.41069321781333473,0.0,0.39104854322068433,0.1669906648402121,0.39805483434932926,0.3506472204548645,0.5544424367585212,0.5978336056000959,0.37540974422945367,0.27785410918248243,0.3182378153425302,0.3227380954460028,0.5847031887209853,0.2293197892711855,0.5640667923969173,0.4721748648999062,0.28183741079145064,0.5942004036642188,0.17828763340135395,0.5952269498201047,0.23342366682047652,0.4888636951239687,0.5714215031734043,0.33060739916391896,0.46823124217135015,0.4592880032664129,0.6625989975703602,0.6288422424819878,0.4224636411540433,0.27183046661923704,0.15733784280929408,0.04654047062854531,0.09573368687610001,0.19102162476130544,0.1770788468716525,0.2877871398943308,0.04104480278862761,0.0,0.04491154959905317,-0.1813137317163826,0.17636192195337896,0.2966477907193927,0.2030076101278084,0.0,0.0,0.6725111783599583,0.41368638641970373,-0.034172187347697475,0.0,0.0,0.32005244641756514,0.4522598884706413,0.29915379120635577,0.1395703048101372,0.08804489174030718,0.0,0.118933541967367,0.4260756756064128,0.0,0.7196226437445624,0.21084790714200727,0.29017324203554573,0.48105819887281326,0.0,0.09348460418868017,0.2774798980012632,0.5160494092374158,0.5378617713474504,0.4170268888440031,0.4878473921114599,0.7211385801904563,0.43677200839909897,0.36038107928792446,0.12913721423672453,0.0,0.3260013083532765
0.2749436967838227,0.39104854322068433,0.0,0.5072025354616628,0.6025566625104881,0.24370545013581674,0.6023167142163213,0.6133826303415338,0.2058407600346138,0.41791216056509845,0.5814828760511859,0.37570960412091253,0.6334789823040142,0.6775994790580029,0.02850660964573872,0.34569797726496304,0.36548030384523905,0.06410961914962714,0.37418062793362983,0.2618288556750235,0.4384137770294478,0.6497445597597885,0.5565329948002998,0.2870638056233881,0.33420583059565634,0.24137876891820942,0.42489248606411106,0.6523368464839224,0.6258696594778779,0.42181116737104535,0.5046774506873561,0.6274206324113852,0.3559200682223023,0.6103759895674691,0.6026801414676003,0.6792294006332938,0.5027546579199443,0.31017325869066303,0.46523305660172726,0.2132107711615577,0.37697076627739656,0.3867719763215764,0.47548883420282106,0.09514062191934791,0.0,0.0,0.146894767011369,0.621780150246683,0.18374462622698426,0.39552844872167053,0.5470776027314748,0.450790044506858,0.4132550919909484,0.6226007798184272,0.20763293846111333,0.44700345566642313,0.3114832533569243,0.5088743061426497,0.3221208168190553,0.14790728269368641,0.0,0.0,0.0,0.5473097869884153,0.20109234718822325,0.21820032869186684,0.0982249348926342,0.5199661692761411,0.0,0.2360312895531692,0.20067472299722552,0.5809762772611249,0.3975546642931132,0.30743968275399336,0.22350742282744435,0.20843185670620973
0.0,0.1669906648402121,0.5072025354616628,0.0,0.053671507655124365,0.6878285330796053,0.1270965264463526,0.2125726188654378,0.7635108683560187,-0.13020048672388163,0.7884201715085412,0.2951219439409579,0.264506836820221,-0.042936146831159365,0.3859464425651624,0.0984745771337615,0.23047437625262818,0.19835388466626952,0.7168117587900932,0.5033821635978353,0.1643548604054447,0.3722345296248904,0.7561353895194224,0.145184628155126,0.35355299461544176,0.35009652443334405,0.6956320215041198,0.30393730884921166,0.17334421588500865,0.23692045973661874,0.14752108738070027,0.07892766460623168,0.2357054060205436,0.3588468543512056,0.06633897446612241,0.03396193562465018,0.1827880150957911,-0.14596272030420146,0.15687186566669106,0.19921210765003805,0.07100197703240912,0.2337035041373492,0.04603352391051172,0.2658423591536365,0.0,0.0,0.0,0.18912375678258084,0.0,0.0,0.3813649617706268,0.0,0.23602164744942244,0.10759548196185598,0.0,0.13553226066387428,0.37225577185055625,0.1964441549567222,0.0,0.0,0.0,0.0,0.0,0.0,0.0,0.0,0.2140998309250511,0.43645454929941485,0.0,0.0,0.0,0.23282763222909808,0.20483487631561545,0.17313294719965916,0.0,0.0
0.16117313920415963,0.39805483434932926,0.6025566625104881,0.053671507655124365,0.0,0.6823045904475389,0.4636331902529448,0.6042413225001295,0.4022488143153191,0.3399955509782437,0.39811096742962665,0.19450400453500488,0.4164211267483317,0.14178051021864255,0.11186471250543055,0.42663926338643693,0.5866925229304254,0.344998785243817,0.6260524973581567,0.5252742467804313,0.09263278292825589,0.5121531239312926,0.6435919035161521,0.39153567331203315,0.4987717771111216,0.6647322159623956,0.6532447945704166,-0.049774523233545975,0.7132826933169415,0.40691659826800664,0.42072820018022233,0.12589725028149787,0.7431369929016634,0.40274421837945634,0.5244535642248342,0.05707808919299254,-0.08871239259866621,0.15509939400468337,-0.04640046203599079,0.2700010256558489,0.31238387055608374,0.07091057567457631,0.06817507985012962,0.2483450507214734,0.16815406384006937,0.0,0.15180391303922097,0.5217154967650142,0.0,0.13308664502953266,0.06953913459897963,0.2545383060680155,0.7362719809598972,0.3643906137690107,0.0,0.14445904652289904,0.20596051556158296,0.3732174739058285,0.0980077396459999,0.25465075141455307,0.1942130977855793,0.0,0.0,0.32947460830269565,0.20058728752893318,0.2136053476088491,0.19316196910066316,0.45911114112861884,0.0,0.21532314338086772,0.14640641378762617,0.2732511224726446,0.36632413782091194,0.16669151870746596,0.0,0.30021177663555865
0.3865855464497633,0.3506472204548645,0.24370545013581674,0.6878285330796053,0.6823045904475389,0.0,0.7212885226034578,0.5684507809812561,0.4819129625023094,0.5293432452529675,0.6231955253920392,0.4581602832304386,0.620331376152599,0.6057376275121764,0.47030784141177795,0.40859815957710427,-0.44064619494027657,0.33638744801387294,0.5905152792158708,0.3801125166650791,0.7370498911287319,0.35974295181365784,0.6476254198385727,0.42180695645058053,0.29001579218660517,0.6271100098570611,0.5475538670518872,0.6919913159253498,0.6022296534308532,0.609443008664124,0.5744808413949997,0.7071756582005068,0.5579918752128331,0.46117641444584845,0.5272845095799528,0.6758576800369133,0.7473882761376378,0.377579415158386,0.5265144705238697,0.2526213386008432,0.4663132276993291,0.6007561627853713,0.5330988309265691,0.420421360615992,0.2256628658211972,0.38176763805411007,0.41196435894067623,0.5520750112033908,0.3348658601397349,0.448664114011898,0.5990493251755162,0.5777559450647057,0.42005976176063303,0.6214229556853283,0.30582367669671445,0.4859881575183248,0.2738046328882885,0.5599432170943048,0.3836460532305291,0.3332753747478587,0.37512834717380705,0.0,0.30275076343712565,0.4362292180081774,0.604899744183908,0.3418366586591468,0.3239761353209117,0.5608931039612097,0.23027529622371637,0.291340522230556,0.46965884260594853,0.589657980112353,0.5405483385876622,0.6399480260046848,0.4840441545004759,0.5147123312711557
0.37156968721768835,0.5544424367585212,0.6023167142163213,0.1270965264463526,0.4636331902529448,0.7212885226034578,0.0,0.5408436623234558,0.6609317619881694,0.2717838015998314,0.5784500517099871,0.05993468423252459,0.5834279274659108,0.5320791611784884,0.3617480690829019,0.585071803548236,0.35863510618477196,0.5063425685295372,0.5857175961187319,0.5787375414929977,0.517684109510484,0.5677134962819429,0.6810400932000242,0.31214360565147725,0.38058649994874366,0.4296683372862648,0.6694960672119793,0.21968823759407385,0.708158818982983,0.3986473132100759,0.45409608081242986,0.6749104305266167,0.42315553600994155,0.30054276165059757,0.30789107882192046,0.48960560353277116,0.10708162580481037,0.4513925707924737,0.0013951933563564958,0.22828593086723759,0.23450226554043932,0.2747914840036859,0.25569623793125335,0.5001055323863536,0.3162009543507963,0.0,0.35686377999774893,0.481174796510877,0.0,0.31404403736602227,0.5701649975655214,0.31698720166932853,0.44689617199696924,0.7202104438284156,0.3117477336193229,0.11280119581811832,0.17938046307502,0.4023531697559147,0.059069254706904675,0.24039209192721755,0.28112762117003415,0.0,0.23306403257649086,0.29541473081405095,0.35201909600870834,0.2158606565774619,0.37016119146780063,0.5776153241036395,0.21285191325963518,0.2868839345989425,0.564119866870992,0.5857357210700704,0.4118768024283461,0.37777501465698093,0.2318572059511826,0.26814506541960925
0.4431190602593592,0.5978336056000959,0.6133826303415338,0.2125726188654378,0.6042413225001295,0.5684507809812561,0.5408436623234558,0.0,0.7116560302036965,0.679941094482876,0.560599161151161,0.41021851043757224,0.6386772155980134,0.40360870001683236,0.508331377901936,0.695661459595866,0.3072247294530021,0.6058423166415344,0.5814329549918714,0.5254450429045991,0.6231316590898761,0.43509129722830964,0.7724585658932893,0.3379476919753136,0.5339940298247061,0.49483738077599,0.6352342938120839,0.6524861577114963,0.5730735020625111,0.6282194118485029,0.4971956719579826,-0.02802136623820853,0.5579026807918238,0.440126374240535,0.5389004089138801,0.18924373201472036,0.14107803286310105,0.27534633784907864,0.13371347888622082,0.1970907102213711,0.3529138888946613,0.6194736608111784,-0.1295028659638339,0.3354515924543083,0.0,0.4126179317842634,0.2591085443633345,0.39461727043951433,0.0,0.24238408629569677,0.6296240683620543,0.5950674349461121,0.2882532995737158,0.4659789701786952,0.2680514850301004,-0.10190633009337999,0.38729162549139395,0.5674532868452965,-0.09490853826421983,0.6552709570099066,0.10527593121119773,0.0,0.22028626084472752,0.28223423285920607,0.6484749878817497,0.3489905271259957,0.25354672905197156,0.5014764341975988,0.0,0.29074165275742836,0.2936277651814153,0.5695524025036135,0.5391463181644146,0.39911211537548935,0.4237327550378156,0.4973649380181441
0.3012281490024797,0.37540974422945367,0.2058407600346138,0.7635108683560187,0.4022488143153191,0.4819129625023094,0.6609317619881694,0.7116560302036965,0.0,0.4929387238500834,0.22089075362312496,0.6727065216817021,0.33831658352416416,0.8551625148130577,0.3072780356332846,0.5859294334950128,0.34505888610693103,0.37325145770132195,0.33927347430174437,0.41872638877813473,0.42510527866114034,0.5056749541014824,0.6224449402064499,0.6285405890337747,0.2821315540953925,0.37737680125764644,0.36915642950664007,0.7060428197338159,0.5029561984026077,0.7488575496613756,0.5852730863783848,0.7186764069284685,0.7835726436438643,0.6465844494806422,0.728671372301967,0.7845571011903328,0.7275052639765495,0.6865588912926651,0.3684506930535423,0.10890796211604631,0.23017366687293467,0.291139468452147,0.5663467284417767,0.35804176475286065,0.2570078590560363,0.0,0.20184933656471282,0.6482011203230447,0.21485584908305413,0.6619523658027315,0.658772230246838,0.6657769093874156,0.502779726077859,0.6392777136817615,0.1164573162442429,0.4471976965283825,0.3752449424309223,0.7476757162983962,0.3630954609774038,0.20000197936047348,0.2913194516457818,0.0,0.0,0.4814245101350872,0.35739652305092445,0.36587700321279554,0.377070138551511,0.6022082198415145,0.16599536343619714,0.18360930817104834,0.12673714347794654,0.6386602513079509,0.31705887392532434,0.32846636296809456,0.20160757883147032,0.36815581772577954
0.48712463121469385,0.27785410918248243,0.41791216056509845,-0.13020048672388163,0.3399955509782437,0.5293432452529675,0.2717838015998314,0.679941094482876,0.4929387238500834,0.0,0.5018084952526158,0.4230398710491595,0.4543369243365184,-0.4894065811209381,0.11613417026334345,0.2349517802394448,0.6312460201143618,0.48460128422652976,0.6304393776118349,0.19980932420568193,0.6004575658343074,0.036149035367132265,0.6649359371710429,0.6466638427082001,0.6781153877359409,0.6010597951046378,0.7301980880792405,0.41810061276444244,0.25460256282470545,0.26568547069163234,0.24173302516225323,0.22203488312208858,0.47377494204066417,-0.019641118511636885,0.2707995973769158,0.12718607153967854,0.07035374156396884,0.14479485925836902,0.24091889598946753,-0.07748034311946814,0.3383254479513954,0.34851283638619907,0.30656997406898606,0.3176897872389398,0.04227728730373292,0.40797963978578045,0.12276143315327812,0.19046347147571596,0.18600758398151837,0.19537076023809796,0.20352214212797054,0.26562232218064075,0.21452836714599058,0.26270488717529794,0.271420354305321,0.22401454283649874,0.36163322943074794,0.5211343800028769,0.0,0.24634630858294201,0.3476084770406769,0.3766156864311047,0.3906496122382769,0.20096234732550813,0.20242648509219363,0.4091789894809642,0.4408172336000731,0.3944683424075033,0.7419747550319571,0.3782962165804894,0.5534858686020555,0.3063844484712261,0.313448964279558,0.12315979791176876,0.0,0.38459873223840524
0.3292373182155813,0.3182378153425302,0.5814828760511859,0.7884201715085412,0.39811096742962665,0.6231955253920392,0.5784500517099871,0.560599161151161,0.22089075362312496,0.5018084952526158,0.0,0.23357195107717243,0.6895464801747755,0.22461669068329504,0.0,0.2220051307088795,0.36551999622181947,0.32484592071845325,0.40317603443481737,0.19260138782012193,0.41431872730340674,0.250707219777089,0.3573398545028146,0.6904206248058837,0.6510469629333827,0.5246248057423687,0.5952090058002338,0.7170910658093399,0.8141870278352411,0.34027403023052727,0.5304941011449088,0.5511862234817417,0.5027956528047433,0.5394767074271882,0.5917991166401091,0.27635548346980576,0.6122542185606478,0.7084324183842413,0.09492834732462443,0.11910949698802348,0.46630814464997,0.3132525634146232,0.11178445260359751,0.05352194922639109,0.18120406286618207,0.0,0.0,0.4798644168810253,0.23556291224373607,0.27641628138596125,0.485151948408424,0.5839496897185031,0.23232654944663483,0.5168112475124198,0.24597219558637298,0.3676052867036334,0.21843317175032118,0.6565201094145621,0.28251892179115623,0.0,0.0,0.0,0.0,0.03313825991354317,0.1460373991302182,0.0,0.20275687928937178,0.3344066618711211,0.0,0.0,0.41716757756516926,0.46356448995473715,0.8119572289006997,0.1701321978324097,0.0,0.37087035100169413
0.3986522915357102,0.3227380954460028,0.37570960412091253,0.2951219439409579,0.19450400453500488,0.4581602832304386,0.05993468423252459,0.41021851043757224,0.6727065216817021,0.4230398710491595,0.23357195107717243,0.0,0.3766909109047722,0.20491052899337675,0.3688910552418711,0.3252883488915069,0.7501819684435959,0.2861734258624339,0.3092950419481086,0.12853542899831605,0.4169776566112044,0.1366313038176412,0.23068834553627326,0.41564810246836287,0.6981417036072496,0.4116398177945228,0.35513001696017815,0.2898863604177918,0.45291250729293564,0.26329069228689905,-0.0314278590610667,0.16421603773476567,0.15828675199671383,-0.35768178222771846,-0.42665618692836493,0.1538683316707756,0.24681423637929073,-0.013377195918191701,0.3369191154161991,-0.07845422116061247,0.47164103203522173,0.06109558751683519,0.30328053235682395,0.2982967060560193,0.3425263839275367,0.310164434270792,0.14613253409909832,0.11735914946801383,0.1778176502138221,0.10215638541518342,0.23639738567355567,0.36891230987254825,0.13566341584305644,0.35949466264790786,0.25737436628497845,0.13137027779609398,0.3683946940094147,0.38942456217692495,0.2144574800576556,0.21699295547140865,0.10585986008783183,0.3536633958757312,0.400985083294368,0.16673779630176797,0.2666325853643869,0.27078883395586356,0.777770216827949,0.265349363349481,0.6285101527624253,0.41250775855855626,0.5755660657522479,0.2551680357207983,0.4342761431099302,0.3015629107377278,0.0,0.23646269131713435
0.34626245093507024,0.5847031887209853,0.6334789823040142,0.264506836820221,0.4164211267483317,0.620331376152599,0.5834279274659108,0.6386772155980134,0.33831658352416416,0.4543369243365184,0.6895464801747755,0.3766909109047722,0.0,0.4573728164645024,0.778196345644824,0.6053207709195945,0.576127344635547,0.6671746406158058,0.679478274634899,0.645101064865281,0.6461931841292724,0.5491342932336518,0.6703445155872665,0.36488450666160144,0.42110846334954594,0.5403098438047849,0.65810534541088,0.616038728505168,0.6763589007503151,0.20878966005609637,0.5009760688207694,0.7738081607457625,0.6764051965192037,0.4616733755216772,0.5011738913775527,0.38621953040643614,0.20482717140109197,0.4019814648775597,0.10080313846935238,0.3172479479839322,0.3391795550669728,0.3391359477346766,0.2242550029183995,0.3804489090134297,0.37592746440286634,0.3624173258134341,0.39057596058912786,0.635590832564998,0.0,0.35735992114553966,0.581964953111299,0.5891365434871585,0.46903737258023814,0.3700763787384678,0.4241802168611057,0.09798081132028975,0.4411871449930748,0.33420554712067146,-0.007114192787567244,0.6899887752194259,0.40073613414479414,0.22277902429349777,0.3638053109198971,0.42992570549214726,0.7347872151540354,0.34690351139527753,0.3741609207255299,0.5766643824907652,0.6955126912187329,0.33981024206552807,0.574223796266506,0.5780066736635269,0.49026508491820453,0.5322770474180936,0.1648857076785086,0.5904511993927092
0.4898952310986461,0.2293197892711855,0.6775994790580029,-0.042936146831159365,0.14178051021864255,0.6057376275121764,0.5320791611784884,0.40360870001683236,0.8551625148130577,-0.4894065811209381,0.22461669068329504,0.20491052899337675,0.4573728164645024,0.0,0.30067466030780393,0.21304015595430303,0.19500670752392704,0.22537555549550797,0.6904754264700927,0.2634910420137456,0.38298392943420245,0.1308812350410921,0.5883693666441291,0.42070518530177464,0.23498519081105895,0.3370119936790869,0.6825475256843103,0.06147027107295994,-0.01959639187284189,0.2788236200942447,0.2584840018575016,-0.04938694985699942,0.5843056429524672,0.3635465140371143,0.290505191050516,-0.03454700132828438,-0.041623778237531786,0.22640516315647868,0.13058473633179907,0.0,0.13782134244235283,0.2465762790760268,0.10197790887061228,0.18371486382145483,0.0,0.0,0.0,0.46128876484611614,0.0,-0.18957529443008717,0.29195901084136244,0.6628078200500966,0.19311835002793587,0.38252077255142136,0.0,0.19266351197533504,0.15401444966682237,0.39340426732890144,0.10598606272978839,0.0,0.0,0.0,0.0,0.26980720205505204,0.0,0.0,0.0,0.2866610266325939,0.0,0.0,0.0,0.4866871766083136,0.2570116288706205,0.0,0.0,0.0
0.34109301403249476,0.5640667923969173,0.02850660964573872,0.3859464425651624,0.11186471250543055,0.47030784141177795,0.3617480690829019,0.508331377901936,0.3072780356332846,0.11613417026334345,0.0,0.3688910552418711,0.778196345644824,0.30067466030780393,0.0,0.5271268454169566,0.2888995968133981,0.571952461004283,0.0,0.5648712272489289,0.7232565433369336,0.5791945310341632,0.6078101475436398,0.20872886333944887,0.6197926944286616,0.5826301574018157,0.5332363645694344,0.568913300922055,0.6508887843042619,0.6881303907094831,0.6028765578199672,0.4335587135358679,0.556877551592452,0.5695666698862245,0.5108644739763094,0.4729095227002089,0.675242193520562,0.16729986022747936,0.5061925539379948,0.6098046315754324,0.6564895012405232,0.48494720038929223,0.09498916880899988,0.3323851078465158,0.0,0.37058827477385947,0.6257976309182764,0.21476674075774121,0.0,0.0,0.2984575820117189,0.37983898485117756,0.37828879613969263,0.18633038522451817,0.0,0.0,0.29854800083165284,0.4212949459215253,0.20807492984352333,0.6160911128148077,0.4167490957579228,0.25208224649309374,0.3539683003515044,0.0,0.5754778381891863,0.6360469754948502,0.6688207973998275,0.5800090191798575,0.19507470083927678,0.36808544352571315,0.7141125307606008,0.5871974426124611,0.66676445050185,0.45597835001601145,0.4403083167588032,0.7426161056663458
0.5932533388959665,0.4721748648999062,0.34569797726496304,0.0984745771337615,0.42663926338643693,0.40859815957710427,0.585071803548236,0.695661459595866,0.5859294334950128,0.2349517802394448,0.2220051307088795,0.3252883488915069,0.6053207709195945,0.21304015595430303,0.5271268454169566,0.0,0.6915464764738978,0.5105427197622512,0.23095995654958137,0.6263928236207537,0.48465931018449315,0.5527854209499337,0.5694106165715012,0.34430231120107996,0.581535182851608,0.5433188960404617,0.7492228310352317,0.6413855522996637,0.595947902729904,0.7352688125553916,0.5738335203856653,0.3342376060894433,0.2942335208220447,0.43724296647719524,0.4603713796082071,0.22444738892687188,0.2492787339212978,0.2071362122885112,0.17135296465437208,0.1334316969692306,0.3546074314181667,0.27151629570601205,0.20276309791951636,0.0,0.0,0.6941432861570171,0.5695619141402922,0.0,0.0,0.0,0.347486055381047,0.15432059640942755,0.23373417897960452,0.0,0.17251156922984218,0.0,0.14178209457596763,0.3606519972938242,0.0,0.5484419831922407,0.4286923364075276,0.026542090893234074,0.5699918454193054,0.0,0.7016734358824741,0.49553818414492423,0.5073781982477356,0.6044294192090147,0.3047348325083554,0.715189539864286,0.7333110982384426,0.6948186042559052,0.22451579428210713,0.0668328743361713,0.0,0.33931940968938173
0.32033094254576694,0.28183741079145064,0.36548030384523905,0.23047437625262818,0.5866925229304254,-0.44064619494027657,0.35863510618477196,0.3072247294530021,0.34505888610693103,0.6312460201143618,0.36551999622181947,0.7501819684435959,0.576127344635547,0.19500670752392704,0.2888995968133981,0.6915464764738978,0.0,0.31698718376519575,0.3964276810076375,0.43893620166300673,0.16614130587219522,0.5183104747904893,0.2393000412906734,0.5601965723614127,0.6993961256833203,0.6192016300875229,0.1966939761703403,0.5564399675091177,0.42196943181320035,0.2458960666300728,0.5064254223718231,0.28820326953696174,0.5372020627413049,0.3753780007535482,0.4471934901168823,0.5964337626651981,0.1491865234287226,0.25924275004262887,0.1376014609259726,-0.008277568924259945,-0.1630564118908877,-0.07322690433361957,0.0,0.0,0.09722165116945237,0.28132692085710054,0.5279573960408599,0.0,0.0,0.0,0.0,0.0,0.0,0.0,0.345164872260076,0.0,0.7387371182213485,0.0766736783299794,0.0,0.22582654852639583,0.21862121038445073,0.17592807761084697,0.22217614924238635,0.0,0.0,0.0,0.1622569746409486,0.0,0.7465084126911008,0.27509445600252946,0.5502612772204615,0.0,0.2793048973689044,0.21223308472587818,0.0,0.15374553503906432
0.6436210968769758,0.5942004036642188,0.06410961914962714,0.19835388466626952,0.344998785243817,0.33638744801387294,0.5063425685295372,0.6058423166415344,0.37325145770132195,0.48460128422652976,0.32484592071845325,0.2861734258624339,0.6671746406158058,0.22537555549550797,0.571952461004283,0.5105427197622512,0.31698718376519575,0.0,0.3131640228104501,0.6684917617555233,0.5063340175273598,0.5455624316870138,0.40875228936502694,0.768292964021725,0.596426065592919,0.663028305656798,0.7688882263865188,0.7126940026425458,0.4716814327826846,0.4230047480658154,0.46241937585986864,0.24145904889102346,0.4983443699495529,0.4781215219524732,0.4710219404266059,0.4095465812629787,0.17517867833117104,0.11495501128729486,0.0739505479619718,0.15389614805749402,0.19708847583968425,0.35249767898261325,0.0,0.0,0.24323716648944801,0.6277307221273067,0.5878015429577599,0.0,0.0,0.0,0.18660863471266312,0.24050919940371515,0.2600210028734293,0.0,-0.05604584966812378,0.0,0.2783028666439235,0.12292807240856055,0.0,0.562804420981029,0.41241942370152423,0.06830016399247943,0.2525674667719009,0.0,0.15092624627012552,0.5164262321944664,0.3339701735024123,0.2882698145544382,0.596986451424135,0.41864491307936913,0.5666803191239865,0.14381519898573078,0.206049764607995,0.27244533696493745,0.0,0.30226284290804206
0.0,0.17828763340135395,0.37418062793362983,0.7168117587900932,0.6260524973581567,0.5905152792158708,0.5857175961187319,0.5814329549918714,0.33927347430174437,0.6304393776118349,0.40317603443481737,0.3092950419481086,0.679478274634899,0.6904754264700927,0.0,0.23095995654958137,0.3964276810076375,0.3131640228104501,0.0,0.22797382765527155,0.14697272016743335,0.19584700024409363,0.5005806762364298,0.3500197931075922,0.3560478316338559,0.18544236619066928,0.48650751718399393,0.6901031999170097,0.11134446488524725,0.3686530110531859,0.5475823311609009,0.7177331032201023,0.7807236399937529,0.603850605368244,0.6572970995218166,0.7371215180019837,0.6033029457404281,0.643575075979694,0.26565597353043735,0.1886245314025386,0.3330354725272314,0.2322945804001991,0.4123197390974667,0.20555745104074113,-0.038769090024791356,0.0,0.0,0.5490641717669558,0.0,0.42917876460081905,0.5722196350136635,0.6438039282062811,0.5449205566606512,0.5950080195720135,0.26284232383725326,0.355703545019099,0.3531483864575929,0.5144575392725639,0.3131955408776141,0.0,0.0,0.0,0.0,0.46028763543358,0.23781160369770507,0.0,0.24317161426364925,0.5091454325368562,0.0,0.0,0.0,0.6313531062475947,0.37697171796523393,0.18788296855289133,0.24614816423750746,0.32385260830360346
0.48552064256792904,0.5952269498201047,0.2618288556750235,0.5033821635978353,0.5252742467804313,0.3801125166650791,0.5787375414929977,0.5254450429045991,0.41872638877813473,0.19980932420568193,0.19260138782012193,0.12853542899831605,0.645101064865281,0.2634910420137456,0.5648712272489289,0.6263928236207537,0.43893620166300673,0.6684917617555233,0.22797382765527155,0.0,0.624425571010539,0.6012138049469744,0.5106474806154262,0.5303372216414348,0.6609183226330158,0.7112328482269377,0.6166247894938195,0.6400478397973145,0.5399793216337572,0.6637511309478006,0.7005647963444461,0.5366157887129683,0.5797416642738931,0.6833007528275847,0.646921020223103,0.4493249656710963,0.41210551116302796,0.0732035435773524,0.5652205866387705,0.5834484072106276,0.526135485006122,0.6208486323978183,0.41706297804916953,0.1622974749507628,0.1348399721164947,0.4942486094316761,0.7456092911151623,0.3037659437818453,0.0,0.0,0.4868641123155507,0.40548048859897895,0.560522157015215,0.29332597521718135,0.34983435071128455,0.0,0.3734434833477903,0.5662827766742548,0.0,0.6842446375961448,0.3435955605267642,0.1991557274247537,0.39402038945156675,0.0,0.6510253321392082,0.5922321137987708,0.7035039802070261,0.5874728916750278,0.0,0.19481336391002022,0.7761553866611556,0.5774278314228855,0.5673059499060421,0.5329038233166392,0.5674257862317614,0.5628651690721305
0.2804600359286865,0.23342366682047652,0.4384137770294478,0.1643548604054447,0.09263278292825589,0.7370498911287319,0.517684109510484,0.6231316590898761,0.42510527866114034,0.6004575658343074,0.41431872730340674,0.4169776566112044,0.6461931841292724,0.38298392943420245,0.7232565433369336,0.48465931018449315,0.16614130587219522,0.5063340175273598,0.14697272016743335,0.624425571010539,0.0,0.7556107034293646,0.5570232733272752,0.3343421838671792,0.45402411486668814,0.5143139816466795,0.5897720884056441,0.5987849371215626,0.44824783079503183,0.6391660186504187,0.5768092566905664,0.3419973402555665,0.5915196615226536,0.5029490708295576,0.6745229156174897,0.312093324597048,0.2151439409302292,0.221860110205272,0.4327198562226807,0.49086165758241296,0.5018767010970738,0.5474327865300098,0.2669452745464482,0.0,0.0,0.466113700087441,0.6903947981408876,0.41897591031254805,0.0,0.0,0.6921717468579119,0.27330770779116076,0.2912155713569527,0.22915597067543636,0.4445766384837318,0.0,0.3293135440333275,0.7131561140149353,0.0,0.7997250682644094,0.6652933403389572,0.0,0.44643038220893155,0.0,0.6485735145825972,0.33355705923201895,0.6061438929975796,0.5573117768816055,0.27979837244378347,0.549836345983438,0.6856779719929325,0.6212621028449729,0.6618483049073992,0.4799045481458322,0.21384572183736372,0.4266748672730052
0.531799935666384,0.4888636951239687,0.6497445597597885,0.3722345296248904,0.5121531239312926,0.35974295181365784,0.5677134962819429,0.43509129722830964,0.5056749541014824,0.036149035367132265,0.250707219777089,0.1366313038176412,0.5491342932336518,0.1308812350410921,0.5791945310341632,0.5527854209499337,0.5183104747904893,0.5455624316870138,0.19584700024409363,0.6012138049469744,0.7556107034293646,0.0,0.6857406716292959,0.2235931476763679,0.6193401289043906,0.6196122878068525,0.6342867792754245,0.5969173752752904,0.6125675276630209,0.5212979464508871,0.6627431285598169,0.4068869064643525,0.448638032742962,0.6748189211710521,0.5550661954053474,0.499243021319319,0.46097871682758207,0.1391713530193196,0.46282176595167224,0.4959940866794319,0.477029097552962,0.4929356555116045,0.4116036898306933,0.0682985799221361,0.18727257552642163,0.3076658424477754,0.6480486997343662,0.290259109226925,0.20843611018652064,0.19624399930127953,0.5348282173105663,0.36513004311676805,0.1872113012499494,0.2752043687737329,0.2509662598533877,0.0,0.34851269539336727,0.38290780115700707,0.0,0.7512620241870358,0.5288255211989747,0.2541899236332366,0.1664666609980771,0.0,0.5684428501365791,0.7168835813087657,0.7012553173716801,0.5367289548463043,0.4157989365967152,0.4948171006872892,0.7847454916128068,0.5441179633384068,0.49886426973828335,0.4198493957558669,0.18005937284224577,0.4698875609347252
0.36769478300933,0.5714215031734043,0.5565329948002998,0.7561353895194224,0.6435919035161521,0.6476254198385727,0.6810400932000242,0.7724585658932893,0.6224449402064499,0.6649359371710429,0.3573398545028146,0.23068834553627326,0.6703445155872665,0.5883693666441291,0.6078101475436398,0.5694106165715012,0.2393000412906734,0.40875228936502694,0.5005806762364298,0.5106474806154262,0.5570232733272752,0.6857406716292959,0.0,0.2982820875336204,0.3259992437518959,0.49263450288286315,0.6467100266875114,0.5716288360138416,0.5815438627321486,0.5298895577870527,0.5286391601629427,0.696924104753977,0.5057966724966749,0.534254725267395,0.597091049523628,0.6743853776853701,0.6732998813372515,0.21323073025100478,0.5154904245604061,0.5923398504835488,0.39740124545067185,0.5989266824482782,0.4290926723703278,0.4503462317812731,0.25201177598439484,0.37723315991215745,0.5805738578588753,0.5059535996297346,0.1591369929077068,0.6258380767632299,0.6447699287490172,0.7045532243190865,0.46546302862619515,0.6195758756312993,0.3697614145245274,0.32174077533537826,-0.012060883337608203,0.5518438720033442,0.17130634181206197,0.5678459570444353,0.4019500433354567,0.2024264850921936,0.370734526668141,0.4342603658774125,0.6338504846278719,0.4676529842658738,0.5417608322084637,0.5498998870096466,0.1626926314660388,0.3833067114430992,0.5985498810588581,0.5800148501131643,0.5453208916929061,0.5847788342365869,0.542454354705758,0.48804288929138057
0.31483274656525917,0.33060739916391896,0.2870638056233881,0.145184628155126,0.39153567331203315,0.42180695645058053,0.31214360565147725,0.3379476919753136,0.6285405890337747,0.6466638427082001,0.6904206248058837,0.41564810246836287,0.36488450666160144,0.42070518530177464,0.20872886333944887,0.34430231120107996,0.5601965723614127,0.768292964021725,0.3500197931075922,0.5303372216414348,0.3343421838671792,0.2235931476763679,0.2982820875336204,0.0,0.49454119308225514,0.47900891911157906,0.4919813829604245,0.4760270435966817,0.3701245533416709,0.35082450647691893,0.3450103595264394,-0.17809723563806812,-0.0019719081368679697,0.41045682898141056,0.4885979285920249,0.3215533207717414,0.14938577899420166,0.08023522956320273,-0.02637887524734061,-0.07641030731658098,0.18978747910240024,0.18080225730715693,0.2877985550958422,0.18340588622542298,0.03323769394222006,0.31008214605911694,0.4087986706632058,0.0,0.0,0.18541548326204174,0.23384775654986817,0.1416971808343414,0.0,0.17593454182084514,0.5466265115312633,0.2354915490245421,0.6181726016268932,0.6076063874837336,0.0,0.13233729982899578,0.5441666634711813,0.5697089050100359,0.6080250674728702,0.22821501741273276,0.1405935944498658,0.31734285587390754,0.5022487741928044,0.2384029833083067,0.3960370933262752,0.5359766182395863,0.6673567937735482,0.17105908784546797,0.5498182949006403,0.38363543772927483,0.0,0.35856640483310015
0.421353890747016,0.46823124217135015,0.33420583059565634,0.35355299461544176,0.4987717771111216,0.29001579218660517,0.38058649994874366,0.5339940298247061,0.2821315540953925,0.6781153877359409,0.6510469629333827,0.6981417036072496,0.42110846334954594,0.23498519081105895,0.6197926944286616,0.581535182851608,0.6993961256833203,0.596426065592919,0.3560478316338559,0.6609183226330158,0.45402411486668814,0.6193401289043906,0.3259992437518959,0.49454119308225514,0.0,0.48765100145798834,0.5995929019014745,0.45545388022934075,0.16115449378024815,0.3448535729631451,0.5101882211034419,0.2472556258442963,0.5378320212064598,0.3353576550911046,0.4590997126657664,0.48644352113325157,0.2361724056519398,0.1708162254463845,0.02687022209580845,0.07940911132728816,0.3057970280348208,0.5822793102983534,-0.04589035844398852,0.0,0.10609307222494793,0.6137959018062519,0.5872847089747687,0.0,0.0,0.0,0.36503074522435314,0.05979138460415317,0.3763291391001995,0.19053754907941722,0.05444047061991889,0.17857074341766677,0.15714822992513988,0.17996502170648335,0.0,0.6904284609690713,0.39254999385658296,0.09621673451206816,0.47443189992698215,0.0,0.4586343822631556,0.386642827845732,0.5270017489233799,0.6819952026749299,0.5310334246519466,0.48743054492845017,0.5852788032949731,0.6933148077210559,0.38759120877273767,0.26266056373052893,0.0,0.38449741424330686
0.6410994219683146,0.4592880032664129,0.24137876891820942,0.35009652443334405,0.6647322159623956,0.6271100098570611,0.4296683372862648,0.49483738077599,0.37737680125764644,0.6010597951046378,0.5246248057423687,0.4116398177945228,0.5403098438047849,0.3370119936790869,0.5826301574018157,0.5433188960404617,0.6192016300875229,0.663028305656798,0.18544236619066928,0.7112328482269377,0.5143139816466795,0.6196122878068525,0.49263450288286315,0.47900891911157906,0.48765100145798834,0.0,0.7119750691723906,0.5517495006860501,0.6066510478590491,0.2621165133751956,0.403835400161834,0.2261960429897596,0.5360791725430359,0.39265144391366935,0.31517738656679783,0.2109052226954,0.28311544096092944,0.3116545268121736,0.1984562069426625,0.2204479985572732,0.5897315601964506,0.526318911168931,0.047431560837396476,0.20970965161319047,-0.2216216214317732,0.602528289661208,0.7191441795152096,0.25282131365865285,0.0,-0.03173901436940196,0.4838819831633662,0.36167274956992534,0.46673038541101114,0.037104371070505085,0.46300877032449506,0.0,0.6280730065193444,0.31410417750201836,0.0,0.703682628714373,0.5828518079688835,0.37072537742715245,0.6221922729938981,0.0,0.3514363948297276,0.5092595240284316,0.6849688570700693,0.6669429958483613,0.6920210949291199,0.6816734130211477,0.7379284507463951,0.4921865141555605,0.049491147850485515,0.5013348941684558,0.18266728809349814,0.6843595581172055
0.42573785050334334,0.6625989975703602,0.42489248606411106,0.6956320215041198,0.6532447945704166,0.5475538670518872,0.6694960672119793,0.6352342938120839,0.36915642950664007,0.7301980880792405,0.5952090058002338,0.35513001696017815,0.65810534541088,0.6825475256843103,0.5332363645694344,0.7492228310352317,0.1966939761703403,0.7688882263865188,0.48650751718399393,0.6166247894938195,0.5897720884056441,0.6342867792754245,0.6467100266875114,0.4919813829604245,0.5995929019014745,0.7119750691723906,0.0,0.652676516659156,0.6479793754904027,0.6104595843906722,0.6417124616364495,0.6608596438158206,0.4988824587975783,0.5998822477428783,0.6366018537888622,0.6835793914262295,0.7434050876562025,0.43042737334941167,0.5493479996538643,0.4487011423833043,0.47650466227881694,0.5823800179786132,0.4922393753858509,0.7353147215213579,0.23819068144809752,0.26464477668659736,0.7968027202435105,0.605501657864037,0.17570492505035004,0.7220700781478487,0.6075972764893222,0.6116673127066176,0.41454835875840856,0.6107762154818585,0.34339447490496205,0.3586090143159905,0.2225009860473662,0.5620212710440994,0.2315014368938882,0.6419239923768295,0.32487447918441537,0.0,0.25184190500294973,0.5314187031824269,0.6275348803704291,0.5267831075929487,0.6052765188854137,0.5648346696043813,0.0,0.34091082049926513,0.6931659098709498,0.6071081898465994,0.622246911805713,0.6555533409746617,0.5366107928661068,0.5146735803068807
0.32797994099946437,0.6288422424819878,0.6523368464839224,0.30393730884921166,-0.049774523233545975,0.6919913159253498,0.21968823759407385,0.6524861577114963,0.7060428197338159,0.41810061276444244,0.7170910658093399,0.2898863604177918,0.616038728505168,0.06147027107295994,0.568913300922055,0.6413855522996637,0.5564399675091177,0.7126940026425458,0.6901031999170097,0.6400478397973145,0.5987849371215626,0.5969173752752904,0.5716288360138416,0.4760270435966817,0.45545388022934075,0.5517495006860501,0.652676516659156,0.0,0.6596049734926929,0.28834892946218355,0.4567802278176719,0.6548925636297437,0.5225351770049073,0.2424206099900657,0.20686722279089786,0.46523042426440236,0.21501474163997636,0.49424208867894326,0.24049842536919325,0.06341394434345585,0.7414263984690096,0.6641373860952483,0.4702194072511673,0.3045388006664498,0.3234228387301842,0.36439937480696,0.3738758849331779,0.6622652656270901,0.0,0.37998351612149456,0.6023240792228611,0.41894762989532985,0.5364182972016489,0.3790496889517856,0.1126431866392979,0.2905965811449704,0.692100357602666,0.6140546639724425,0.13330642330215978,0.7254450917671436,0.2932815164436331,0.14222164826263958,0.24119255804289166,0.35115453129062685,0.6704395244571645,0.5156172560131991,0.31129935794835173,0.5866365545928661,0.655593340201539,0.43222141960262284,0.6561791971400576,0.5967097005518661,0.6115340143502354,0.5841669475616075,0.3233702879163645,0.6823103856065088
0.4365088590168867,0.4224636411540433,0.6258696594778779,0.17334421588500865,0.7132826933169415,0.6022296534308532,0.708158818982983,0.5730735020625111,0.5029561984026077,0.25460256282470545,0.8141870278352411,0.45291250729293564,0.6763589007503151,-0.01959639187284189,0.6508887843042619,0.595947902729904,0.42196943181320035,0.4716814327826846,0.11134446488524725,0.5399793216337572,0.44824783079503183,0.6125675276630209,0.5815438627321486,0.3701245533416709,0.16115449378024815,0.6066510478590491,0.6479793754904027,0.6596049734926929,0.0,0.6146225969722521,0.7025402251014943,0.4641953512365959,0.45258143262164363,0.6358553074297009,0.5604920779254766,0.5645022354638094,0.4692828151609433,0.32919334748467366,0.42248464465191615,0.38577122560903676,0.46250176485783395,0.6111112959697925,0.4225738227540621,0.34635470841318616,0.2548663603972639,0.37288631091443497,0.2763743058281173,0.7164300047017303,0.19825900641526037,0.35493853557584537,0.6095523607451041,0.6324340094646251,0.534943470558711,0.3579811180265336,0.4343661683049856,0.024301251951497377,0.29334436331176006,0.5154326398248773,0.2067328670675445,0.5491437053434167,0.35740686381974807,0.2055047623000926,0.18212954872429185,0.31347111811954187,0.5667043794300193,0.3607701712879517,0.44481151643932304,0.5391311665206393,0.2144051523150513,0.2369673328116043,0.46669059099206045,0.5194772802851797,0.5437009595881032,0.45457713894402285,0.4760159632775412,0.6017205330655303
