0.0,0.17110326313828877,0.35119931487737516,0.0,0.17793854902388068,0.3065968828594899,0.3908019661821238,-0.10582346747892198,0.30273806830205097,0.2396715028883204,0.32645094613795245,0.25955978428630566,0.4680210900726594,0.3654632826295805,0.24866210549930287,0.43629259897531775,0.10886010178034487,0.3663462011996407,0.0,0.28218089578282946,-0.09358727718037187,0.24708953585124843,0.21787006941453693,0.3408319304027825,0.20621885006552892,0.46958701530977115,0.37802856718321143,0.25414956468606087,0.3885454583780634,0.38184812300195536,0.3700673000487411,0.11109306733190862,0.19806441824533838,0.17688806604695345,-0.10820440132453976,0.3571030264581484,0.2093835740258714,0.3989397917678479,0.4988075444229938,-0.2985999152482317,0.27592232515982607,0.3188896534591715,0.19869229504339397,0.0,0.2325103748736621,0.19490211564195287,0.11488327685852029,0.0,0.0,0.0,0.4115816124786053,0.0,0.42463270185586066,0.0,0.4288564175279099,0.0,0.5019098166245243,0.3436827950383063,0.0,0.3448907210391791,0.2260251153580402,0.20886741785821428,0.045942664118871414,0.0,0.16349589631889272,0.058038303087416275,0.33131681423019077,0.34640189479593897,0.36242403173001564,0.09131447656143979,0.19726589570213598,0.3368712929817721,0.19411010242795138,0.36493978268785493,0.0,0.29029659065709434
0.17110326313828877,0.0,0.6800132065484786,0.16381430830100796,0.35877826322196504,0.5737790304452445,0.4290122619253396,0.07510058701790143,0.41176687294345515,0.2557023155773499,0.3334746588030708,0.3208706366598111,0.48858610259925606,0.23177280472885117,0.3251566652142319,0.20735435436702465,-0.12306761073404977,0.38664394781459793,0.18880639126740384,0.497860929098103,0.36332304031886775,0.381877438974011,0.38474988004026817,0.19999653526106642,0.19921149087188184,0.2967343973755118,0.5456073647925482,0.40742221144154406,0.5285912946339815,0.29367084021695206,0.46913916721519644,0.22188713029585574,0.15569175783606645,0.43973315139085395,0.3233798927869333,0.29115791682928677,0.033223517967608245,0.0,0.4153111451329808,0.01484937882167374,0.3560261252466518,0.31524286957758557,0.20472758389737442,0.0,0.0,0.2004841516117628,0.20307260294245982,-0.03263112464346206,0.0,0.0,0.6004892058294624,0.4628696696731983,0.31367581286773516,0.15874726723686627,0.09900958260792955,0.0,0.2562733493326194,0.34170663133401447,0.0,0.28877524783258396,0.17029059474525715,0.1002953345388959,0.15722467732465942,0.0,0.0961619814026299,0.35142496295057685,0.4758612332373594,0.4542656428867974,0.4257287690677127,-0.08860872897923852,0.3018173770750285,0.5198583264245206,0.3717350164575616,0.1290202196418463,0.0,0.5796441129605868
0.35119931487737516,0.6800132065484786,0.0,0.3374598751972034,0.6170446937830241,0.44342007458874827,0.4487144930764698,0.5059229954355898,0.6874421369954233,0.5307595896474753,0.448531497195448,0.3364191732430774,0.46087471725536944,0.30182213440467465,0.057049754052150965,0.35103786371134543,0.4278900562048642,0.1650572377161095,0.4181103153136092,0.26711401746323743,0.4510648352945349,0.5253246491565525,0.38856309997120814,0.29465519876548424,0.20955434777212084,0.6373899543584782,0.45676993436107266,0.419843258543477,0.5103749448886331,0.6084604308611478,0.5567738946630714,0.4422023071730713,0.030947161125619883,0.5573439307200749,0.6161698590844482,0.4150808795983994,0.36929998434192146,0.32848153120978163,0.2647060130106541,0.21175445943801033,0.5895412970534137,0.38734163096629026,0.2686181612276457,0.2840662977404387,0.0,0.0,0.14644094699186497,0.2852913007892607,0.18365640514093223,0.26988153941439375,0.35231255539938633,0.24107034494640642,0.5503453466572655,0.5080926607460152,0.20346168967214098,0.42792882691223105,0.3352400893955351,0.344115866719799,0.3424975967805013,0.14868527512275945,0.0,0.0,0.0,0.17101336213307794,0.21819174932829005,0.21101434189231827,0.09905322762037111,0.44757181145919167,0.0,0.23747618158863854,0.22661952577622288,0.36648742577227233,0.32509188861190913,0.2584396789838518,0.22743346495004022,0.21202893226775618
0.0,0.16381430830100796,0.3374598751972034,0.0,0.14203223281895896,0.22530460791360055,0.3074978441550877,-0.15074133729500827,0.4641341035158681,-0.08362085599706123,0.0001723485587656684,0.07204969260469476,0.07335171102837283,0.2242115829709113,0.4102188933125337,0.10495234246455275,0.26573313831787226,0.2006020317286985,0.03559000437620827,0.47618443660856297,0.17539081624766562,0.2935585544421624,0.09271804753993496,-0.12001404122392687,0.35380126891116453,0.3268221126464353,0.12911653636726372,0.14438008545870318,0.28478312990358384,0.21669710426102565,0.3736554564291014,0.07617349924387382,0.25486119119312906,0.08005240177848429,0.09641302238994331,0.004194163024222597,0.09604354534189691,0.1623784871772037,0.2040104840752318,0.19709241384731124,0.07323849601064544,0.09375651156153683,0.03566302783428077,0.02323365719406816,0.0,0.0,0.0,0.1843694283579075,0.0,0.0,0.18845777825315632,0.0,0.2359894038624792,0.11429395078373665,0.0,0.1365914219610169,0.36982937051577935,0.19592378236777133,0.0,0.0,0.0,0.0,0.0,0.0,0.0,0.0,0.21195493227349835,0.44743885139921313,0.0,0.0,0.0,0.2849263990917664,0.2040423161955835,0.17431752068759437,0.0,0.0
0.17793854902388068,0.35877826322196504,0.6170446937830241,0.14203223281895896,0.0,0.34587415853350933,0.34088333643047786,0.4707124093353463,0.40979266044778145,-0.23257488195709977,0.3846730293502957,0.37182990386714465,0.4447056710218393,0.2725774795678034,0.139356279855036,0.3618754888090607,0.3523701725459724,0.28101108886218396,0.48789085178344666,0.47078771165752026,0.1910261751338944,0.331146272615143,0.3127674406985328,0.2040352939232355,0.34424785082558906,0.605852009970329,0.3732042211720465,0.31258828744614525,0.4668938452937544,0.34310639227189593,0.34371434216857727,0.1478683388534775,0.21289348924083523,0.5132054147486134,0.5086029754998648,0.008302548693400302,-0.15753500372138454,0.5009541162491428,0.34335336739705885,0.26463227587108096,0.3082267538361618,0.28566987731871585,0.11186686369570767,0.2269874083009807,0.16534979061106922,0.0,0.16487734088713624,0.4042287575769823,0.0,0.24954652265914995,0.34241606390490764,0.310315543279045,-0.06465717032543983,0.05819963572199808,0.0,0.06094153958871186,0.2132070648090296,0.3512612542574824,0.28541379335183603,0.26192618992966343,0.19449530187834457,0.0,0.0,0.34826255169225534,0.2133113464600004,0.21463111370451884,0.20616499292353507,0.40272100758143464,0.0,0.21342769950368795,0.15560676198507029,0.262764849664053,0.35196342752212245,0.3486905112355592,0.0,0.3284001969323292
0.3065968828594899,0.5737790304452445,0.44342007458874827,0.22530460791360055,0.34587415853350933,0.0,0.3241288122100712,0.29387235208886786,0.25636117464154834,0.3145627693981568,0.45303597696144404,0.07402598979089883,0.25343830669104517,0.3447226491460631,0.5560195465168344,0.5432938214405476,0.18511435054773062,0.5748050560627124,0.5133827403299778,0.5463801191652814,0.48132807634271846,0.5149521438093886,0.2356802153861051,0.2406298213972762,0.6527351055868744,0.6720938625718587,0.3231197476993514,0.363118179036199,0.2965889004290712,0.48743480614921475,0.5059434594917844,0.3510003938843565,0.577829450397853,0.46651749978844026,0.5552245129694381,0.26173800101681793,0.31554342286743775,0.5199259953802569,0.26447674088334217,0.26451270805924004,0.3385148402985941,0.34488005086847917,0.31634367196433416,0.4247938743528583,-0.06442387864811842,0.4186414764183768,0.5380544182045088,0.4350606787607051,0.3508819473758126,0.1202366594989764,0.19247553359948452,0.32924475459762387,0.2004916083175138,0.1707232924071041,0.3199461104399136,0.014346442037801131,0.1501590144743262,0.29570742856564886,0.2854429010242588,0.516312622697175,0.39719045975838035,0.0,0.33946642726607024,0.16900101383386665,0.4917001497179948,0.291598454277334,0.7196671557316529,0.1797223116713008,0.22849736205872453,0.3087881419236059,0.5941036473671785,0.24041001620604105,0.24553743198036967,0.25305466546878463,0.2586695897148934,0.07500427182218662
0.3908019661821238,0.4290122619253396,0.4487144930764698,0.3074978441550877,0.34088333643047786,0.3241288122100712,0.0,0.48365147772695927,0.37791113855960645,0.1399740890731606,0.37427486405701205,0.05494277048762044,0.47321350924142797,0.3198004559738036,0.354498370178024,0.4055046274112895,0.4100057475573123,0.45542547515843507,0.45976788999990026,0.3865230857663044,0.2648629241657202,0.381749624914684,0.5530407859199992,0.3916699465736147,0.42932475195022196,0.6119064666919682,0.3867084568661192,0.22647157574240623,0.5060715344928607,0.3059462208792293,0.3532731864737608,0.537776416159063,0.4882224331135787,0.478123625448846,0.5556841074287884,0.24667110522955835,0.2256050004190696,0.45545770831322757,0.504148125769224,0.23273126482848355,0.1993558486543555,0.2646017993476403,0.1817115255274091,0.5007954424754031,0.3244049006512793,0.0,0.37329006623326527,0.2171546270441887,0.0,0.32348072229597624,0.41074512195354673,0.3635217217948811,0.3170276070246825,0.3335649697030345,0.32514095980430585,0.22939837350475886,0.17312437388546284,0.4211617613965988,0.17216837384495595,0.2668176285549486,0.20144496585586316,0.0,0.2293597147774995,0.3730284901246296,0.3643576175658178,0.22590698992945432,0.38696360978062877,0.3442090447099283,0.21119810884279555,0.3054888274457941,0.45252745875721234,0.3768096529981998,0.1789330008051747,0.39511539709855015,0.250954366695273,0.2830879401534975
-0.10582346747892198,0.07510058701790143,0.5059229954355898,-0.15074133729500827,0.4707124093353463,0.29387235208886786,0.48365147772695927,0.0,0.6186928230068987,0.3147202535401206,0.2953428936438401,0.12135064500405501,0.4117282377984767,0.05806865478237187,0.09226208652067662,0.22958804513158237,0.3243748945259769,0.0630617935213761,0.591026728593284,0.31334064892619423,0.07854245486356808,0.26894406452552466,0.16855532915612448,0.019810171022569645,0.12356070993074604,0.11014191347340353,0.25076238468996037,0.2389064651193901,0.3496612014865408,0.18555627634569968,0.25732797323526374,-0.1616529634219984,-0.14590404643148044,0.35149928399240843,0.24836921087750066,-0.16236508202376915,-0.11109112834719953,0.29914453020075266,0.006575599623413718,0.2133473086330242,0.20637373202587977,0.520230124991954,0.2689125382364391,0.3402310770513608,0.0,0.3782293478091065,-0.006669427884840859,0.6009132976646274,0.0,0.2485048430545833,0.35917622212845085,0.37671664984096076,0.1259151366738509,0.38368534271140264,0.27212181623478104,0.09629422130427713,0.3938976401537675,0.40394134784379493,0.0027879212371637735,0.2663645277120763,0.13447513553137294,0.0,0.22548403739284384,0.28503298825397866,0.457206284915431,0.187304426807837,0.2554969336835949,0.2470209230563347,0.0,0.28786723674690784,0.2387204156859021,0.18577653173020336,0.3896535135846544,0.5840199893202223,0.4280054919232873,0.27820353597165254
0.30273806830205097,0.41176687294345515,0.6874421369954233,0.4641341035158681,0.40979266044778145,0.25636117464154834,0.37791113855960645,0.6186928230068987,0.0,0.32561504218679355,0.4813339621480742,0.3610888089705558,0.5054542523568483,0.26057294358475913,0.3118475454373691,0.08217551324559841,0.2874181421577167,0.18339152503254672,0.3648677620646068,0.5626507413668077,0.44357903806311244,0.5348165596008707,0.35143064890309583,0.31913641237690976,0.33269432194731,0.6653509232325608,0.3794454297567412,0.4689032977031473,0.45893603501399366,0.45070714379221094,0.5533348892997466,0.5127733633285344,0.25660313698475357,0.6201071113272362,0.674426828826711,0.43850472400021534,0.5070047729208019,0.6643130581491212,0.3522605552876817,0.1961407251987751,0.22335902191231244,0.41285106853234715,0.2513709980292325,0.35905725109102926,0.2621331616852206,0.0,0.15119999449812552,0.555574804027215,0.2125481750549808,0.29312690292088944,0.4502598479313234,0.28587174074575905,0.5894742013552522,0.41410604214018465,0.11711317295257542,0.5229504049460022,0.19421164733702784,0.28380560952210476,0.35293758919244145,0.2166267691625365,0.3058330909757023,0.0,0.0,0.3486171155852612,0.3956486782366595,0.3510616173476233,0.31738951851049346,0.4944378447299357,0.16541605096708395,0.20220167862031527,0.15621962201151923,0.3750644149813967,0.40845914271532113,0.24343927987314373,0.2302312773929765,0.36855963301134576
0.2396715028883204,0.2557023155773499,0.5307595896474753,-0.08362085599706123,-0.23257488195709977,0.3145627693981568,0.1399740890731606,0.3147202535401206,0.32561504218679355,0.0,0.2393558107405933,0.039543605038030845,0.03894064856971334,0.5597086807864046,0.3084488411893526,-0.28527947311736734,0.45741919251238405,0.25956576688290145,0.39659691259055513,0.29338431170198187,0.40207705917153885,-0.17487107439693025,0.4401346858395856,0.18659736040131414,0.5002783667282362,0.4494582694307005,0.24394122816073693,0.05512258495174222,-0.32148614300230377,0.282495343953084,0.4795543935640316,-0.1453106437368321,0.06109925362383027,0.11036329219662971,0.13750295661581202,-0.0852281957753527,-0.054532722699593666,0.20885566151193122,0.08399130816492081,0.18376897874717102,0.3132147554708769,0.03493264279190676,0.0794126786232803,0.3198085232969794,-0.11748977104555319,0.40008725633965864,0.01729766838974149,0.18801845649465607,0.18553174859300994,0.1980578180637066,0.27423346975172386,0.33784426204449736,0.22156974912710853,0.2725735897027892,0.16288693516766442,0.22917324982357884,0.1794470852435588,0.09760765548622928,0.0,0.2449141241408665,0.438383769781191,0.18152392475705922,0.36429026586746116,0.20234320632480488,0.20290879578082155,0.2887384183478669,0.462157395385986,0.40402801610845995,0.3134946923542647,0.26441298549863335,0.3393601795965418,-0.6426587614179206,0.20819436174408493,0.15013496184146577,0.0,0.12589961815648487
0.32645094613795245,0.3334746588030708,0.448531497195448,0.0001723485587656684,0.3846730293502957,0.45303597696144404,0.37427486405701205,0.2953428936438401,0.4813339621480742,0.2393558107405933,0.0,0.31592560523890567,0.32246792523467716,0.13108193556665226,0.0,0.22093893849697646,0.3098548972707823,0.3412267248230349,0.44174864019911064,0.19324383191543726,0.42575322165458435,0.2569341290769475,-0.004133370022714018,0.1964359243308121,0.3625652221775359,0.2794858785484082,0.5065004238006185,0.37204070863834027,0.26423107451260275,0.3448944335212352,0.4747550274295517,0.059113153291653786,0.36063260557339694,0.5405501436429025,0.5274973713275275,-0.13515693399890227,0.41485642314790905,0.40172589953378857,0.2784678199348312,0.12976355892710414,0.46902841981857857,0.30927749975085356,0.21060970612333577,0.14956824524308807,0.18551494378074682,0.0,0.0,0.5791648090485825,0.23567490676790334,0.6188572267299632,0.2735558863298075,0.24259643035508296,0.4833807266474316,0.45408464610142973,0.2627947598894786,0.6609009305588004,0.21696691505914678,0.23626518787474166,0.45750338144278807,0.0,0.0,0.0,0.0,0.5945581507091596,0.15164290387699625,0.0,0.20298913900133253,0.39043435072380306,0.0,0.0,0.4105786386983362,0.32091193221250036,0.2823333186228933,0.2805190523103959,0.0,0.34395200602091275
0.25955978428630566,0.3208706366598111,0.3364191732430774,0.07204969260469476,0.37182990386714465,0.07402598979089883,0.05494277048762044,0.12135064500405501,0.3610888089705558,0.039543605038030845,0.31592560523890567,0.0,-0.03269330888324264,0.22008331240924445,0.24397929700243223,0.3409767706081617,0.34949378804323195,-0.11611174720096774,0.4131441234483233,0.5422069377219738,0.3389234116096477,0.2575598631098078,-0.1327111752054029,0.10586584102850284,0.29737197381270924,0.2630162851450275,0.15065525728371487,0.19858824456228616,0.17131598643788842,-0.0069816398058615455,0.15151635397914734,-0.027554587235776435,-0.1697410210206474,0.21401250667528834,0.164127754295203,0.2014666434810239,0.082253946489556,0.05834219296591267,0.22919320349964345,0.19376033693894212,0.17183684012742903,0.05467664642093667,0.24614461128805296,0.30087698239362914,-0.08325096932929167,0.3595064182351173,0.14354094075278148,0.13273502070076393,0.18264919414198694,0.10026091405907621,0.24370051226564066,0.38953092708463677,0.14044199550605183,0.3894982490115778,0.21084867850986266,0.12789638016215793,0.16682909417172873,0.3093333035570634,0.21474881784344715,0.2207607229037432,0.11453478636353359,0.15057594462571935,0.3374584659708366,0.184360722237066,0.27485707955232996,0.27980953877676196,0.28147333214849596,-0.037199522695480824,0.18997832980686766,0.24363813992861638,0.31369481855245007,0.10140580489787972,0.261071497310841,0.29688885889727873,0.0,0.0254487713214988
0.4680210900726594,0.48858610259925606,0.46087471725536944,0.07335171102837283,0.4447056710218393,0.25343830669104517,0.47321350924142797,0.4117282377984767,0.5054542523568483,0.03894064856971334,0.32246792523467716,-0.03269330888324264,0.0,0.31993239632664466,0.3867123792189903,0.35048952128285693,0.12862774950874964,0.4525317354922958,0.4361678700927064,0.3494028695743702,0.22348497218219884,0.3743358143586417,0.49502720906538383,-0.06116039058579575,0.5397403653935837,0.5844076238433721,0.3665891823809982,0.25457421901440846,0.4766834754196495,0.2281335904092508,0.2251782951421473,0.2642539355665588,0.20646761836536254,0.12205779703686376,0.3006305040880634,0.18559922362362669,0.0320963154281388,0.13425236679697372,0.1259871986247307,0.04732632206301656,0.05218728732342422,0.29429756546385943,0.4243139121625436,0.27661636126784084,0.23700710928544946,0.36688125175930303,0.4055209515345337,0.5996572645438356,0.0,0.3988541595926689,0.4203326621709713,0.3565892356804662,0.3593084335864749,0.39167023961444664,0.26373027529890214,0.6335563966463087,0.38511588521167056,0.34278656320333445,0.10135594034309273,0.39441037933248857,0.2591809057392536,0.2355521790387955,0.18605331964666633,0.4368022042144825,0.3363869662308666,0.3655130955139917,0.73128459787318,0.34068208629260266,0.43484567901202725,0.45902223922118784,0.09539384315158103,0.4497151459092184,0.4220676086265557,0.2527742822295999,0.23472095614806457,0.3888825746735032
0.3654632826295805,0.23177280472885117,0.30182213440467465,0.2242115829709113,0.2725774795678034,0.3447226491460631,0.3198004559738036,0.05806865478237187,0.26057294358475913,0.5597086807864046,0.13108193556665226,0.22008331240924445,0.31993239632664466,0.0,0.3110209233141767,0.2136220854209964,0.19814192071583753,0.2236313993390611,0.4441447935009079,-0.38853542178011646,0.1736674010583017,0.13691503327030408,0.22564946998663638,0.42482807051644345,0.2450022315272769,0.05146817869156811,0.23293885858226562,0.26593734940055297,-0.004419300250884934,0.2888390538434276,0.2469468914862402,-0.036151845227596936,0.2742070490730241,0.5039825074341571,0.37224642527056995,-0.03744452717445214,0.08895008643633387,0.2268882672712349,0.32469083792637765,0.0,0.13804892222348272,0.24623225046654426,-0.01411976289203315,0.18363359289464098,0.0,0.0,0.0,0.22377628386928164,0.0,0.26137848769551386,0.2960841210793461,0.026831587621293444,0.25368495735404073,0.07147061418284104,0.0,0.14171635593732745,0.15680272803612982,0.3976996192704881,0.21105317942758092,0.0,0.0,0.0,0.0,0.09302966704000402,0.0,0.0,0.0,0.1560306965069331,0.0,0.0,0.0,0.25706713849502133,0.3753105116429172,0.0,0.0,0.0
0.24866210549930287,0.3251566652142319,0.057049754052150965,0.4102188933125337,0.139356279855036,0.5560195465168344,0.354498370178024,0.09226208652067662,0.3118475454373691,0.3084488411893526,0.0,0.24397929700243223,0.3867123792189903,0.3110209233141767,0.0,0.3590987114041466,0.3049113116005268,0.38880187290491613,0.0,0.6385737225805567,0.3143715286692055,0.4823089530293285,0.23354389713537768,0.2964246810647871,0.3760676342134166,0.5310207790920408,0.29590261525776396,0.2905097286366583,0.5057664142798175,0.31502877728040635,0.4287070225768237,0.20330553334853824,0.2720043300669664,0.2578240766692542,0.32896162603807744,0.30011830526684025,0.25148551123463686,0.16710864083735316,0.42412340081546607,0.5338329561404509,0.3894383875264025,0.39602460675309925,0.1415280321505774,0.3345247756582312,0.0,0.35581512014588706,0.26423335827394445,0.23069582682098017,0.0,0.0,0.3501825864945548,0.32498843614084344,0.33795676169787575,0.18818464566110787,0.0,0.0,0.29860278986840805,0.2710323171885034,0.2082941667102893,0.3054499248742369,0.34808968094887294,0.24854545215590085,0.32125874314162883,0.0,0.5142452541911278,0.31205631669312345,0.45851970012135135,0.38722042910045246,0.19736051898261767,0.3536682597114195,0.2095693644260803,0.44402137876659203,0.33077367635286126,0.39307162615652314,0.1202660105045873,0.3018933096723997
0.43629259897531775,0.20735435436702465,0.35103786371134543,0.10495234246455275,0.3618754888090607,0.5432938214405476,0.4055046274112895,0.22958804513158237,0.08217551324559841,-0.28527947311736734,0.22093893849697646,0.3409767706081617,0.35048952128285693,0.2136220854209964,0.3590987114041466,0.0,0.49174861772350137,0.5490302831667037,0.23094281267577274,0.39867674933574626,0.30393136052019426,0.4219901586942067,0.3483404681677345,0.5189666570421638,0.28826692291506995,0.3950724437938669,0.44731450588686406,0.37199669980039185,0.4046901552770794,0.4528074609966861,0.5464385086073819,0.10006221301324067,0.09639680885775231,0.33479190273620796,0.13603840774696202,0.2169170596713234,0.25896953220599495,-0.37831717757926514,0.180391213101446,-0.12210217168763658,0.19211205857628527,-0.22098329466859656,0.20375482347988214,0.0,0.0,0.23372340955998622,0.19514408011604598,0.0,0.0,0.0,0.3135842036131826,0.1733003061315535,0.25651632850409883,0.0,0.02632181964503766,0.0,0.16418004381274742,0.28091103832189157,0.0,0.4015896518419868,0.14072606027268642,0.02679720260837654,0.23808315220362447,0.0,-0.11765565610553003,-0.04801343783449105,0.2756469643685689,0.4383792481870254,0.32832438952558757,0.16040862172339426,0.27069693950075013,0.00845466937409024,0.17031332961094783,-0.2841047115063374,0.0,-0.05199514484635663
0.10886010178034487,-0.12306761073404977,0.4278900562048642,0.26573313831787226,0.3523701725459724,0.18511435054773062,0.4100057475573123,0.3243748945259769,0.2874181421577167,0.45741919251238405,0.3098548972707823,0.34949378804323195,0.12862774950874964,0.19814192071583753,0.3049113116005268,0.49174861772350137,0.0,0.42828011503539526,0.2964558944788153,0.3326011450979721,0.1615228869374802,0.3652413433170239,0.30888155120713695,0.6737647223900654,0.36333954643111416,0.31749737942415857,0.10898935086202965,0.3692524527657514,0.15795535989091938,0.44860463143758256,0.5520185365483994,0.2830986864295782,0.3766674474342822,0.33012118089862796,0.1494311020237217,0.286059089722296,0.1506541419456543,0.13938192999695936,0.2262953861091942,0.23816289330929472,0.2127467068881945,0.23582871289561896,0.0,0.0,0.12994016388569096,0.17627251999370155,0.01479280941221671,0.0,0.0,0.0,0.0,0.0,0.0,0.0,-0.12928374376409152,0.0,0.08092126983040421,0.09078593581724753,0.0,0.23135527875819611,-0.07505894187128631,-0.07919324393249307,0.16909529235870094,0.0,0.0,0.0,0.15659582022123367,0.0,0.5498449091155443,0.14246348347613297,0.3166017951675434,0.0,0.28496841074567775,0.21052302674998896,0.0,0.6958867911122986
0.3663462011996407,0.38664394781459793,0.1650572377161095,0.2006020317286985,0.28101108886218396,0.5748050560627124,0.45542547515843507,0.0630617935213761,0.18339152503254672,0.25956576688290145,0.3412267248230349,-0.11611174720096774,0.4525317354922958,0.2236313993390611,0.38880187290491613,0.5490302831667037,0.42828011503539526,0.0,0.3306181061777804,0.3537074111607616,0.2607875846107518,0.43507854333358886,0.3276852120437135,0.5572156296035131,0.46759095477207324,0.39060469736894926,0.40890762481946075,0.3198816312921249,0.37158777674094606,0.546245480757854,0.48111255269342185,0.23425594868652722,0.36086414582309917,0.49224149062491224,0.15041276852628982,0.23432011231417466,0.1745932429664518,0.10401196752011953,0.04685872115063909,0.01891237320146237,-0.02949982276160281,0.006828336266162999,0.0,0.0,0.14799765196004797,0.3514929469225719,0.027264361135909642,0.0,0.0,0.0,0.25669921891082925,0.23506887471396276,0.259136145532954,0.0,-0.10572551447998005,0.0,0.21430774467624306,0.29132455884646086,0.0,0.4589823076578834,0.054097995372705265,-0.13903744259578216,0.136740508084112,0.0,0.17188000345274693,0.3702980049350678,-0.34350510509434007,0.24812908722512905,0.3594172259433184,0.030165340796291726,0.18954195819026792,0.3584190161181299,0.3219584313235022,0.3042270121713902,0.0,0.09318244608394702
0.0,0.18880639126740384,0.4181103153136092,0.03559000437620827,0.48789085178344666,0.5133827403299778,0.45976788999990026,0.591026728593284,0.3648677620646068,0.39659691259055513,0.44174864019911064,0.4131441234483233,0.4361678700927064,0.4441447935009079,0.0,0.23094281267577274,0.2964558944788153,0.3306181061777804,0.0,0.2273945755194197,0.17081474282405512,0.20507274407039786,0.3955384895742945,0.36379375427418265,0.34105178683930215,0.19376782456075511,0.6101353910485197,0.5088209962092654,0.13766383446914046,0.7994027910339389,0.5361540906534116,0.4377325972655838,0.2721142263442951,0.6252832803178046,0.6487183561204091,0.38009935393218863,0.3754486811544215,0.5686051107835806,0.36874229643710343,0.19011161299533794,0.1206253084164336,0.22947819960260057,0.40406594443276556,0.203262360581693,-0.03664995211835115,0.0,0.0,0.48074507406798345,0.0,0.18063701348374334,0.30787452837340173,0.19744220041249905,0.49273166380365535,0.35876085448038075,0.26153066854738316,0.34394583353168556,0.36964132748149303,0.2774225789951109,0.37717316314319393,0.0,0.0,0.0,0.0,0.3937210462468109,0.23751742181079386,0.0,0.243047777160613,0.43130142681294065,0.0,0.0,0.0,0.32085145095900636,0.3910066926200969,0.24048737928776376,0.2442245127960405,0.422591086525103
0.28218089578282946,0.497860929098103,0.26711401746323743,0.47618443660856297,0.47078771165752026,0.5463801191652814,0.3865230857663044,0.31334064892619423,0.5626507413668077,0.29338431170198187,0.19324383191543726,0.5422069377219738,0.3494028695743702,-0.38853542178011646,0.6385737225805567,0.39867674933574626,0.3326011450979721,0.3537074111607616,0.2273945755194197,0.0,0.44648240703505504,0.5270684978831366,0.6190918440006048,0.41414314593832674,0.4831830361367912,0.29078858091587934,0.4093533394352045,0.3893811373943812,0.4985477483690359,0.3052829252987292,0.37043504080604805,0.3851639676246148,0.26803198784062915,0.41909648140048716,0.5608795492170027,0.4913450851325539,0.8013372323366357,0.07034528644287577,0.409440232017997,0.582962993247246,0.3910979915977153,0.430367424348836,0.3811089456447407,0.15550327618835744,0.13457050057755301,0.38600265126196853,0.13563403797700854,0.32386137371914364,0.0,0.0,0.3252490538860715,0.2913298404459361,0.4159587182839727,0.30068234106405717,0.34922097134438007,0.0,0.4717719955014721,0.3715417031712519,0.0,0.5034162620863043,0.29239270503677917,0.20112901931787025,0.412320128926199,0.0,0.5232779460470444,0.4171277546706815,0.5430717404100596,0.40333814603603596,0.0,0.15958609413906516,0.30704366600480826,0.44630394096328124,0.358257897943362,0.4915519763037599,0.2207198445623221,0.4224018238069432
-0.09358727718037187,0.36332304031886775,0.4510648352945349,0.17539081624766562,0.1910261751338944,0.48132807634271846,0.2648629241657202,0.07854245486356808,0.44357903806311244,0.40207705917153885,0.42575322165458435,0.3389234116096477,0.22348497218219884,0.1736674010583017,0.3143715286692055,0.30393136052019426,0.1615228869374802,0.2607875846107518,0.17081474282405512,0.44648240703505504,0.0,0.35554508479355185,0.27852853898404833,0.05092753373734143,0.12124328178844028,0.40049044843473747,0.34662315870854365,0.1578697961333675,0.4460543442459485,0.3468714610415102,0.4221590822590513,0.1398080064314652,0.14124783932501733,0.31304051955045215,0.2653263038450562,0.16223127642935323,0.21953968861921458,0.3831400167263293,0.5340836078107626,0.44845105660823426,0.3394971018373535,0.4230262246859917,0.2774918846292634,0.0,0.0,0.01625568582129329,0.14833560823504793,0.12036587573770625,0.0,0.0,0.528199071812409,0.2793356976858197,0.362520268994811,0.22250918239530343,0.41689586760786135,0.0,0.3349199195921943,0.36019261062916574,0.0,0.20311878683436854,0.17829112027733085,0.0,0.18687775462609807,0.0,0.6513375355330326,0.4346536049446045,0.5264683192117939,0.41865338935439617,0.2794049516053835,-0.007722409811341827,0.22863132679286272,0.4292019957538002,0.6677102161456612,0.653445077256244,0.23268611695979993,0.3029752243587503
0.24708953585124843,0.381877438974011,0.5253246491565525,0.2935585544421624,0.331146272615143,0.5149521438093886,0.381749624914684,0.26894406452552466,0.5348165596008707,-0.17487107439693025,0.2569341290769475,0.2575598631098078,0.3743358143586417,0.13691503327030408,0.4823089530293285,0.4219901586942067,0.3652413433170239,0.43507854333358886,0.20507274407039786,0.5270684978831366,0.35554508479355185,0.0,0.3604239502938047,0.4773349762027805,0.3839452148805264,0.4062092597328602,0.39207994719827505,0.4804306780835359,0.4162343899403473,0.4914140553356936,0.4735316440618718,0.28336704608507757,0.28940640009215396,0.39925998195461604,0.4712067400930225,0.232109695161771,0.4316219456098478,-0.47240753967690186,0.4573832773682537,0.3455421210631743,0.3962721522976078,0.4341811620936216,0.22304527616581432,0.2617603939762323,0.1829967770740874,0.19411945233095976,0.2694217732067256,0.3015545795620619,0.2080784107706177,0.19635306638707364,0.7238234488038148,0.31620994231987243,0.3193407563183469,0.4760010574273977,0.25914382534010694,0.0,0.3474567147382149,0.3954119854286327,0.0,0.3124206696050894,0.23003469181607983,0.27522827708485326,0.2254842817872684,0.0,0.38876071707413484,0.4191723083093663,0.39090945125436,0.5133381886574947,0.4252341802663919,0.10271287137274604,0.2726903475082936,0.45591412672792964,0.2830370285164428,0.44061879423381756,0.11324232961373913,0.5007670002160673
0.21787006941453693,0.38474988004026817,0.38856309997120814,0.09271804753993496,0.3127674406985328,0.2356802153861051,0.5530407859199992,0.16855532915612448,0.35143064890309583,0.4401346858395856,-0.004133370022714018,-0.1327111752054029,0.49502720906538383,0.22564946998663638,0.23354389713537768,0.3483404681677345,0.30888155120713695,0.3276852120437135,0.3955384895742945,0.6190918440006048,0.27852853898404833,0.3604239502938047,0.0,0.1860368917676788,0.36082675642396994,0.27715972217338414,0.1732786258628939,0.32620005187535694,0.4476538663029316,0.33974257736139807,0.37137465602580355,0.24047652828053248,0.14024909843491756,0.3794076588932588,0.36544712879089697,0.15810814529657877,0.4345703737876034,0.45786809790067934,0.2651566736411414,0.5499943341431426,0.2608393164037869,0.3288318794377991,0.3915071478268851,0.3924653131098315,0.25440693665673103,0.2505905606097035,0.1665017619999166,0.43850051019624214,0.15567816357321615,0.3402515939662424,0.28465146650257295,0.2354331075271386,0.18895528463776268,0.32409485442079333,0.3534777469070923,0.22215528768948956,0.004247475450232074,0.26577612659500516,0.49369890609642175,0.3691929860323982,0.4273386959428293,0.2029087957808222,0.20030832718992425,0.32086643921062624,0.43015634533873476,0.23787428539346042,0.49258806373249714,0.3135507118356645,0.15922958571521942,0.31569628330046995,0.29197689281014144,0.26057547408415344,0.2831188214416695,0.35438028307333463,0.37266180622083145,0.22148598240104317
0.3408319304027825,0.19999653526106642,0.29465519876548424,-0.12001404122392687,0.2040352939232355,0.2406298213972762,0.3916699465736147,0.019810171022569645,0.31913641237690976,0.18659736040131414,0.1964359243308121,0.10586584102850284,-0.06116039058579575,0.42482807051644345,0.2964246810647871,0.5189666570421638,0.6737647223900654,0.5572156296035131,0.36379375427418265,0.41414314593832674,0.05092753373734143,0.4773349762027805,0.1860368917676788,0.0,0.47744664399480047,0.21622462060472428,0.10213676234996849,0.13247582804204083,-0.00592424556716135,0.36430605636261393,0.21803547101144938,-0.13069736978691926,-0.0924606603463847,-0.0709549895970371,0.020133021228150742,0.006505421353192466,0.004663226474394428,-0.09852294589342059,-0.09669468160693263,0.28675335006795677,0.09829698735070551,0.5271788331151779,0.27609302916547124,0.18853521671228754,0.027105187845973218,0.3015814286965,-0.06455129031876525,0.0,0.0,0.19095193263710153,0.2370375508168879,0.14825154158883017,0.0,0.16532002228858528,0.19798863866686317,0.2310582233310236,0.1840525659631595,0.17908587825513672,0.0,0.1388358635460068,0.05247947901655408,0.20667337895626048,0.18228031213583284,0.22296148401149318,0.1429391307286282,0.324787050454661,0.27184333782608455,0.2425556480592756,0.2263714984957878,0.09984438447596056,0.3098737410322003,0.25466774929114994,0.3936086221550491,0.40137472304862365,0.0,0.1931451751869896
0.20621885006552892,0.19921149087188184,0.20955434777212084,0.35380126891116453,0.34424785082558906,0.6527351055868744,0.42932475195022196,0.12356070993074604,0.33269432194731,0.5002783667282362,0.3625652221775359,0.29737197381270924,0.5397403653935837,0.2450022315272769,0.3760676342134166,0.28826692291506995,0.36333954643111416,0.46759095477207324,0.34105178683930215,0.4831830361367912,0.12124328178844028,0.3839452148805264,0.36082675642396994,0.47744664399480047,0.0,0.24860598867733572,0.5598446991636599,0.20239419870571687,0.588203149625996,0.195775011114339,0.3961787901530843,0.028551360173411464,0.2020087138283709,0.29070029066175673,-0.04360036575400837,0.2546817956495917,0.23990877389867654,-0.03976387593607813,0.03829617501705345,0.003801601138287959,0.034317492364789634,0.0876817586677088,-0.05401336729369094,0.0,0.03309803091801061,0.2528504060812702,0.10439457481312517,0.0,0.0,0.0,0.3127434858406317,0.2035713219195563,0.38072835362051854,0.1911726491131892,-0.24133241993465604,0.1830464688920715,0.09176004553628264,0.10491709803173283,0.0,0.11177011298926581,0.05492191964735416,-0.09758384491883093,0.17325963517102383,0.0,0.20381466655790742,0.2964316510890235,-0.03550871142759557,0.3707442878155017,0.49838469680697445,0.042243537475246076,0.18270713248366122,0.23264217593753997,0.18231287341271496,0.3583314817375655,0.0,0.07111196148179842
0.46958701530977115,0.2967343973755118,0.6373899543584782,0.3268221126464353,0.605852009970329,0.6720938625718587,0.6119064666919682,0.11014191347340353,0.6653509232325608,0.4494582694307005,0.2794858785484082,0.2630162851450275,0.5844076238433721,0.05146817869156811,0.5310207790920408,0.3950724437938669,0.31749737942415857,0.39060469736894926,0.19376782456075511,0.29078858091587934,0.40049044843473747,0.4062092597328602,0.27715972217338414,0.21622462060472428,0.24860598867733572,0.0,0.3125616271665546,0.30469938886518017,0.5245759965571035,0.5261001877818888,0.40431172762338874,0.18901330365494293,0.2208800534471139,0.3432572381213079,0.28342539662209326,0.21018242918510655,0.45170312254400874,-0.07396136398047763,0.3272904503796116,-0.036394530846518544,0.12233870156617004,0.10196622516358911,0.049480335589505986,0.2126697086667141,0.13499960824617468,0.2494938780037832,0.15083816693027075,0.2694209133383728,0.0,-0.029728435331189577,0.6111684814552251,0.34858980966508646,0.3464632538868986,0.04470340929719162,-0.052215914964761204,0.0,0.2057681406872179,0.2520850805728335,0.0,0.2442399836721019,0.0077811526492287605,-0.02132936245916007,0.15311631933164746,0.0,0.30580332775545616,0.3112801424480661,0.46098085263831057,0.3881373379700311,0.41520898628467845,0.009989715197176015,0.1736417051386294,0.5176016619962893,0.20583778245701034,0.3238990797150975,0.18602019885586504,0.08212648340187716
0.37802856718321143,0.5456073647925482,0.45676993436107266,0.12911653636726372,0.3732042211720465,0.3231197476993514,0.3867084568661192,0.25076238468996037,0.3794454297567412,0.24394122816073693,0.5065004238006185,0.15065525728371487,0.3665891823809982,0.23293885858226562,0.29590261525776396,0.44731450588686406,0.10898935086202965,0.40890762481946075,0.6101353910485197,0.4093533394352045,0.34662315870854365,0.39207994719827505,0.1732786258628939,0.10213676234996849,0.5598446991636599,0.3125616271665546,0.0,0.3138530573875318,0.4599414765589608,0.4581612432360509,0.47785670057786905,0.3597886922038858,0.08063750216308584,0.414195645791756,0.45095629737408555,0.041198513503532055,0.4041849118890746,0.26091158776929413,0.2703488051531576,0.5322847374269367,0.266181503158026,0.35571980643732637,0.27957625568985617,0.41027745404897537,0.630928573277966,0.26590254936106955,0.17558580382844685,0.4787904534005954,0.19438802548035675,0.31073970823575675,0.25541617483946005,0.041551828759447414,0.17761659412162487,0.30350830681748975,0.35343943047997023,0.3493808831280403,0.1522438616215524,0.21157805717077222,0.2257008298007521,0.4254886544071034,0.34624411287871387,0.0,0.3196495847180878,0.34245586185547555,0.43060999959773966,0.30483502106782817,0.4704688862655803,0.19735780180699017,0.0,0.2821493942973872,0.35278800158527834,0.29510227684602525,0.257976053264553,0.3549427662488806,0.2919490287731338,0.14823512676763695
0.25414956468606087,0.40742221144154406,0.419843258543477,0.14438008545870318,0.31258828744614525,0.363118179036199,0.22647157574240623,0.2389064651193901,0.4689032977031473,0.05512258495174222,0.37204070863834027,0.19858824456228616,0.25457421901440846,0.26593734940055297,0.2905097286366583,0.37199669980039185,0.3692524527657514,0.3198816312921249,0.5088209962092654,0.3893811373943812,0.1578697961333675,0.4804306780835359,0.32620005187535694,0.13247582804204083,0.20239419870571687,0.30469938886518017,0.3138530573875318,0.0,0.3959286792470188,0.4230006663572854,0.2515466285537856,0.3092972545161687,-0.027823278285019543,0.22180860935324576,0.4889373202870783,0.2863485984777596,0.2651538886874886,0.35700648466330037,0.5772615411051585,0.24208016978326716,0.3182281877251414,0.49658712886624634,0.3880087558019803,0.29518430885663,0.43835140144548723,0.3705695053036145,0.38613517142497134,0.40016002839540427,0.0,0.4421225357737065,0.11946870114075064,0.4342376341600346,0.22337949907581053,0.3944496245266006,0.3342011969507804,0.3438830931929633,0.45313760196863095,0.3992644767471936,0.1422743975999429,0.3376744117933288,0.233093044290021,-0.020841609433841245,-0.18968004910386754,0.38823474575890315,0.37093028516600723,0.224245802338194,0.5808528735254077,0.20547364935128593,0.4237121173006416,0.4610680428991931,0.3441643642879667,0.2839909977890435,0.24107062689679754,0.17310658610581747,0.4003726397513496,0.1966478147054781
0.3885454583780634,0.5285912946339815,0.5103749448886331,0.28478312990358384,0.4668938452937544,0.2965889004290712,0.5060715344928607,0.3496612014865408,0.45893603501399366,-0.32148614300230377,0.26423107451260275,0.17131598643788842,0.4766834754196495,-0.004419300250884934,0.5057664142798175,0.4046901552770794,0.15795535989091938,0.37158777674094606,0.13766383446914046,0.4985477483690359,0.4460543442459485,0.4162343899403473,0.4476538663029316,-0.00592424556716135,0.588203149625996,0.5245759965571035,0.4599414765589608,0.3959286792470188,0.0,0.31728875110392657,0.5529406104771805,0.37096542339435323,0.17238871802591954,0.4624046711691798,0.4706589124773928,-0.1126356936060478,0.27191822982894936,0.2788437866246968,0.3514907076824176,0.5155378017794423,0.2656976413604528,0.3322122222208616,0.2660958253576079,0.3645077426656833,0.5894941339401855,0.32781301035892846,0.022095462504745554,0.3304233094056546,0.20215179819892876,0.26815505394804867,0.23895552697945965,0.2950179072071644,0.547486841802952,0.3734701231838392,0.4342039730661716,0.01564518039284789,0.6729593687751988,0.2507066628258093,0.20916520546581302,0.442230039544669,0.3483426939444009,0.20571580318728105,0.3478735954148575,0.31834436053693593,0.5115301407475702,0.40959898800017785,0.550405430644379,0.334456303360965,-0.2644831096205451,0.268914408593593,0.5526424482106168,0.36778469132550273,0.3513664809501549,0.4355012268924342,0.3650058934960625,0.3046824645166956
