0.0,0.03278461229077889,0.03367248489688074,0.0,0.008851277603999952,0.00868857610957341,0.006708433772285027,0.014439077974817416,0.0007580489474313112,0.023695633822715223,0.025927864886193697,0.042637501349088835,0.026439465845210508,0.02429370737169484,0.03225759921764426,0.01107088638392345,0.0028473906882861555,0.013012759002521856,0.0,0.007802563025363141,-0.013281312934353973,0.01315699905331813,0.03177113132260939,0.02797050630557063,0.015220421863061717,0.03219736957728997,0.03322905074585053,0.01859400519735188,0.008433133868262999,0.025379186449103308,0.0020702054403620718,-0.007052364397264033,0.02548185194215563,-0.02221338966641684,-0.016401643386213693,0.013650114439276273,-0.0014637474615437074,0.057559953297007305,0.010615835556430364,0.04731194267166183,0.017366773339515806,0.06820194593674911,-5.0137250707738e-05,0.0,0.02107846282588649,0.017490749726610466,0.046061988866337555,0.0,0.0,0.0,0.0029980152229378554,1.1102230246251565e-16,0.04381343591462178,0.0,0.0638470651871258,0.0,0.003204216759856826,0.012136936249134755,0.0,-0.007572769204371166,0.027803524150544434,0.006371681772331439,0.02049334443070866,0.0,-0.016906888381814533,-0.01372196172367185,0.017293005325885014,0.004671428732146821,0.0668324999283938,0.026783475792260147,0.028085761415096278,-0.008644124572480316,0.0006574091213867872,0.02575716096724817,0.0,0.006521831092629826
0.03278461229077889,0.0,0.0376392844831232,9.995282728936239e-05,0.008401094869677939,0.014395548941525671,0.01844699111171555,0.03633974322238037,0.00622796174312662,0.029715294949908044,0.00485305754746207,-0.00925082269078803,0.01841119946232428,0.011062781700415025,0.029677262636497503,0.024740153518665986,0.023574652522016626,0.0296635313413246,0.009970410023940224,0.014245899523991523,0.008593497632813696,0.03082120549281009,0.04663212180088261,-0.018933606250708723,0.02677730177935106,0.043707239488486815,0.03388179473102654,0.018783995728008318,0.013880577665298599,0.02392027743050984,0.02063555836260711,0.0034590116487115408,0.012005363735603347,0.0043881451274404015,0.024209972479518782,-0.005707158082006281,-0.0018151538936151956,0.0,0.01002335885847705,0.012228042971086206,0.012095424012281086,0.04533791951586397,0.03119289505427436,0.0,2.220446049250313e-16,0.034262880079502456,0.025771855316399583,-0.0007047963810442037,0.0,0.0,0.03171695636561728,0.014405367990976081,0.018940282324695523,0.011203306179101868,0.015422911058836863,0.0,0.01218229412846622,0.014499834100572262,0.0,0.016806938197153398,0.019800279419991962,0.00570590737614024,0.027387279183268,0.0,0.024704030601301052,0.007360652261267031,0.012969361433174897,0.02874328324760389,0.02340910320090206,0.04107055558232103,0.024173651848232225,0.029245065931874148,0.00794674160804415,0.02020353517009643,-1.1102230246251565e-16,0.0046195847392130895
0.03367248489688074,0.0376392844831232,0.0,0.01934880094726782,0.03750994457520046,0.008472201549133473,0.03788402342834296,0.07551040413283733,0.008443306382702576,0.029730651426535637,0.06131536573806268,0.021910253452370576,0.03774397814262942,0.053025025307817886,0.023979359323005822,0.041491132778887496,0.024513631018616422,0.009916137036334427,0.01932467827006712,0.05425370005428176,0.05149973281934378,0.03639297523634033,0.04463818893511079,0.049640924119063734,-0.0059887020365692045,0.036045967683776436,0.016996747024926318,0.0387824870035664,0.06708462462113352,0.05532717441161367,0.03722475912530754,0.06124126910313282,0.007491167012463773,0.03243456786109339,0.019895133016935906,0.035956828045496825,0.013465898792583919,0.022577871786894743,0.08581895157145558,1.0268327569340485e-06,0.041900503860776706,0.041189842164030654,0.072222811408714,0.03793429626475442,0.0,0.0,0.00023643798146627537,0.17698038094011204,-1.1260960523729047e-05,0.09411607793262877,0.06404604118978863,0.047903714257600205,0.08438655586395005,0.10781168706600486,-0.0006000371942358473,0.20039278025040042,0.03201240748563261,0.04544197878933931,0.0978252918689172,0.0004601011996072657,0.0,0.0,0.0,0.31075786682212,0.011074507442351944,-0.002934279376256177,0.0007301864108942846,0.10442664134812152,0.0,-0.0002031541172923812,0.014602996215915764,0.09313612932792337,0.0630052566913265,0.03748883677697051,0.007850631277806386,0.056614407569268055
0.0,9.995282728936239e-05,0.01934880094726782,0.0,-0.0004885789191932388,0.026288021759216684,-0.036669899415224416,-0.0026688842566584547,0.029876856057711565,-0.0012771084682253464,-0.008250909726766509,0.04716507286465893,-0.0007778076475793982,-0.052549847995979115,0.009016607680692956,-0.001701267923694516,0.013494915318924994,-5.127891229683712e-05,0.04854136370775436,0.01096095489725385,-0.0018963127995278994,0.006999695870029021,0.005156323340184288,0.11161620054337501,1.5734610305462304e-05,0.008898423775414444,0.023618749457102295,0.00563302743045202,0.01648235101778095,-0.011827743712577499,0.018827032932841048,0.006310686072474037,0.016970576675107818,-0.03627944903994626,-0.037146648139152305,-0.041444311776206555,-0.038672456449521275,-0.015591460037541027,-0.017005278198574558,0.001002609001693744,0.008375787257233869,0.009602322075803915,-0.021656205409079143,-0.01581234490579375,0.0,0.0,0.0,0.0021908892677869884,0.0,0.0,0.017172723441290616,2.220446049250313e-16,0.00011735861907558043,-0.00011483841119541705,5.551115123125783e-17,0.006130042461142848,0.019299054927429227,0.0009862402728042508,0.0,0.0,0.0,0.0,0.0,0.0,0.0,0.0,0.00010347500445906377,0.015424308717065016,0.0,0.0,0.0,0.025601591134742585,-0.00481384273414448,0.00033651186400979194,0.0,0.0
0.008851277603999952,0.008401094869677939,0.03750994457520046,-0.0004885789191932388,0.0,0.03799369386255852,0.028247364981774492,0.07859731354825761,0.029285646420987743,0.011118239483989434,0.037758866098000055,0.02969491712175465,-0.0003925607971893008,0.02466844397987239,0.014799155133518815,0.00163022585837852,0.022241725306561544,0.03243475584045963,0.04110001037004518,0.01896640046010928,0.04303704563840677,0.014955307785340821,0.038738867047169445,0.04471429640254376,0.01379607271111527,0.036101530132760073,0.03253498121237869,-0.03852838303442607,0.028669133805104108,0.030013608175306405,0.014219238763657216,0.04182243782273337,0.02153563962535343,0.017099278327001644,0.027187242620757557,-0.009251152404987945,-0.05704207360543698,0.01112290595090304,0.07901159095022037,-0.006767028232152694,0.02237625276108368,-0.029859496746331815,0.0293786198181617,-0.050545774159920176,0.0003317159981974793,1.1102230246251565e-16,0.009239725618178485,0.09949316713063872,0.0,0.0009390313948368645,0.01875774566696503,0.03622683584465203,0.08572010392798601,0.02433312384713282,5.551115123125783e-17,0.1489904690303443,0.023004879065693373,0.031656743143332944,0.021647256078548283,0.0071737360592454835,6.08799793248016e-05,0.0,-5.551115123125783e-17,0.050776717219946865,0.017905592085258604,-0.00047932832399777414,0.008900968825897582,0.08721331395150278,0.0,3.2921497966298396e-05,0.0023201395417750126,0.112192073175307,0.03836883455707241,0.02429986590962535,1.1102230246251565e-16,0.03319902430360577
0.00868857610957341,0.014395548941525671,0.008472201549133473,0.026288021759216684,0.03799369386255852,0.0,0.04656524263161754,0.04770621521182872,0.054165957776919404,0.03587221087327774,0.040824910913855095,0.0217882965411052,0.052242336864630645,0.04586601009273855,0.038219592350997755,-0.007981623168173968,0.016626993445406746,-0.00889096670771694,0.06863702340709071,0.028755813871592262,0.031974795461802485,0.016934199711307718,0.05478485835888952,-0.015434014517134387,0.003847905954494857,0.02296697997012026,0.0357967474572119,0.04370166984938051,0.02756271004310773,0.04692403185464655,0.014061080894928524,0.02324831210027778,0.034926001676120866,0.01564780235240587,0.012981960342805798,0.038682454812003386,0.020793102724983414,0.024261590065471128,0.047396156102436415,-0.009084499976534544,0.04031965188728731,-0.0032045215238075686,0.031437484478840316,0.030346122419053323,0.04482466971753768,0.021622745862320825,0.029341143725094165,0.0634797319561533,0.014473659075666834,0.04643440604039162,0.05261380841405977,0.056468825679429235,0.05809725003271743,0.07791359890265126,0.032403379882423755,0.06581376034134234,0.0060965576814323574,0.06472965649583184,0.05650278333072295,0.03852595567706546,0.00929183966306607,0.0,0.0174541375200441,0.08818357298281354,0.028042643108793452,0.026731447489385052,0.024145355491193177,0.05987520372998845,8.70044677184767e-05,0.015138446192930421,0.014233896039704652,0.05876914487801177,0.051039281330144515,0.04392277868760497,0.021439488370182946,0.02815005121206937
0.006708433772285027,0.01844699111171555,0.03788402342834296,-0.036669899415224416,0.028247364981774492,0.04656524263161754,0.0,0.035020313467009734,0.0432995325193401,0.02019520419168519,0.01632091312238676,0.02348041976703119,0.009910469482981632,0.0019819088420557907,0.031879842863778485,0.024140511514157192,0.06742797336480266,0.020037627475667064,0.046311102462649745,0.03900373561853798,0.020049914795699453,0.03431783692849982,0.036557730236966846,0.05579664522427863,0.017682109180225558,0.01239712388594294,0.04385967285006703,0.008552734088589087,0.039196989726294984,0.03556841403855032,-0.005633717627442081,0.012481650364711161,0.04246583361093481,0.009867579858308662,-0.008542919036816865,0.018874620369237094,-0.0019181414359463744,0.027885915145526963,0.048772085797659015,0.005961229016024916,0.02636353814238246,0.01239125971838706,0.03591092418776343,0.04143553523057386,0.04756350746284366,0.0,0.007645993492920056,0.06945801200573098,0.0,0.030400990994624122,0.03895022064202813,0.04280933201282744,0.0663440106905287,0.025444016142469605,0.01151931985843152,0.047814932959562906,0.0009510151858129201,0.03935625088494876,0.02309330824373168,0.024455498685556354,0.010328111119686345,0.0,7.117878078322093e-05,0.03098876952373253,0.02290209434195306,0.014887143188367036,0.020942041998550986,0.0670105069375243,0.0001581942517165369,0.025287976777894516,0.017718096804288264,0.03146604547795051,0.014988594367321861,0.018268298090323543,0.017143589366406253,0.03915410363627958
0.014439077974817416,0.03633974322238037,0.07551040413283733,-0.0026688842566584547,0.07859731354825761,0.04770621521182872,0.035020313467009734,0.0,0.062195740430008084,0.041871992237056344,-0.06521985993556567,0.032535715579822266,0.03182709076801221,0.024570904316909614,-0.00847005771548004,0.021638081536746512,0.009661754341595219,0.015684940944266923,0.02311994082704949,0.04187927034939104,0.02121852768748861,0.027112434086585757,0.044354399213729356,0.033425654500098934,0.020981901340549336,0.02792189242146803,0.05728972105058794,0.038063954521530996,0.03129104197848065,0.025468897334564866,0.018800644336518457,0.014465500240505191,0.0557257796197102,0.018763998755765676,0.02284160424087367,0.032986342172043825,0.007924071326423254,0.02684737383335084,0.018370960561832184,0.04204677370396448,-0.04832772273448466,0.03318970371458474,-0.031373561102030434,0.023342210572434463,0.0,0.05442109125486766,0.02395149002089081,0.06597862244125874,0.0,0.055471922781445304,0.026463248734995615,0.026232429620398623,0.08096732259481831,0.08494107333480094,-0.00020601265539932356,0.0684999771214379,-0.0001295582625338021,0.03178058523931515,0.03892765841217749,0.04364696687884906,0.011652314806436248,0.0,0.0002168051322662956,0.10735932594344177,0.04928294278801143,-0.04890589314624255,0.05700867171859292,0.0455441532318,-5.551115123125783e-17,0.02054787501661537,0.030612360731092636,0.06426399949807876,0.012438444413897909,0.01172236975753932,0.04070329329229949,0.022530058122383845
0.0007580489474313112,0.00622796174312662,0.008443306382702576,0.029876856057711565,0.029285646420987743,0.054165957776919404,0.0432995325193401,0.062195740430008084,0.0,0.03168667409589471,0.05314833055791918,0.03386749412129658,0.020071255722800385,0.02734211219500049,0.01826506583344034,0.0054600271173897985,0.027339869226275126,-0.015838788519023927,0.02097495782633474,0.023506686551255096,0.015680910102044532,-0.004974085957740293,0.04288051484784694,0.03818430233776188,-0.016588745036447694,-0.041436194546199345,0.02140224370920013,0.04007610179438553,0.03580143132281072,0.043269038472562305,0.04091792669076855,0.03951860857049444,0.0809950766895432,0.03987888385490723,0.038622528418700286,0.03962548757830897,0.030080577324251068,0.02487969587530159,0.10068729742874988,-0.00286760099590061,0.0464417991820229,0.023264371431367115,0.07761104728470097,0.028445045911572153,0.029900037143528402,-5.551115123125783e-17,0.02122821593842994,0.09293191024726821,5.4098182370454495e-06,0.03223571595054375,0.0693678616526453,0.039363518163338385,0.07558831056064497,0.04452894974429478,0.014852739474792986,0.10182114431936873,0.040321498686950286,0.03128448568630382,0.1335076089749928,0.024144115180285308,0.010566773393563766,0.0,0.0,0.13097080285140605,0.010815239490002071,-0.002725946023114212,0.01635856702419758,0.09117472347177413,6.658037956308593e-05,0.010539092194831123,0.034062503181739534,0.08399013246167575,0.047329202046176966,0.0225135939045758,0.012183124368228104,0.031235511446915387
0.023695633822715223,0.029715294949908044,0.029730651426535637,-0.0012771084682253464,0.011118239483989434,0.03587221087327774,0.02019520419168519,0.041871992237056344,0.03168667409589471,0.0,0.016593010271523934,0.017605448663476297,0.018614596115733628,-0.017960992398262488,0.007018446802608658,0.031290645252255334,0.018545588672078728,0.017803957918204272,0.041995604677598775,-0.0032224588396931875,0.02767098912899596,0.0029168610531070116,0.018455384691918708,0.0067213636863270865,0.00977969641786991,0.019586305626660527,0.0332037189273543,0.014162821653982194,0.0387567206978095,0.08387811532764056,0.024556878801910598,-0.022801336326406074,0.012910937159668345,-0.010139887613064003,-0.02373992503129496,-0.02756120689929603,-0.04377726345867056,0.005161854077484651,-0.051805744313882574,0.0728119273491939,0.009528664206131021,-0.05278149809965865,0.06557641279160797,0.01974020619812178,0.05433769867414506,0.06650085282149765,-0.021968819271524442,0.0005910684234279318,3.071769737778007e-05,-0.001214459790450928,0.025662696100121896,-0.02703361345027494,0.0026044230785137734,0.015367544257304244,0.046149703625706195,0.02086927774384728,0.04373950970468987,0.019598012513311447,0.0,-0.0005723144010004177,-0.024046474400238715,0.01878542706401992,0.0005682109268407287,-1.0097068097736361e-05,0.00016405184200157796,0.012524656629381958,-0.013263665102532352,0.02910674310711092,0.050318833479006675,0.007488483743870622,0.027231288232831163,0.006295691441963125,0.025760569366296393,0.02952300220247578,-5.551115123125783e-17,0.02058812973780244
0.025927864886193697,0.00485305754746207,0.06131536573806268,-0.008250909726766509,0.037758866098000055,0.040824910913855095,0.01632091312238676,-0.06521985993556567,0.05314833055791918,0.016593010271523934,0.0,0.0037838953142997345,0.014905038074425558,0.029967363245699152,0.0,-0.00019937120860391566,0.017621365641487696,0.021577195535553373,0.035828635894715855,0.00012488944975214133,0.02906793195032903,0.003244852216431726,-0.002952789057619254,0.02819568597377331,0.013996915950101718,0.020833036055585397,0.037232927583275954,0.022001112852043203,0.012387159965666694,0.019628630783114887,0.022933327725248864,0.035616825236575556,0.04923805489643973,0.03280918468145899,0.024434465181618348,0.008018448249249854,0.009382499175265124,0.037551022721887095,0.06461922841469053,0.0018133536277858964,0.024923449523554908,0.01794443483200242,0.06621113602054901,0.03161996789300403,0.014261201775550125,0.0,1.1102230246251565e-16,0.14259113007614627,1.0475453067204654e-06,0.13751189879156234,0.04640259142439024,0.0839635516008983,0.07550738673424173,0.13132194082638532,0.01775870896742837,-0.008141147394777448,0.01805276671200018,0.03562284729156934,0.05143045359398751,5.551115123125783e-17,0.0,0.0,0.0,0.08395948511960383,0.006788236847873885,0.0,0.00023084698304465245,0.09010388022149546,5.551115123125783e-17,0.0,0.001008724952984763,0.08465904734220958,0.03649432986117601,0.008723965278783052,0.0,0.0418669389685391
0.042637501349088835,-0.00925082269078803,0.021910253452370576,0.04716507286465893,0.02969491712175465,0.0217882965411052,0.02348041976703119,0.032535715579822266,0.03386749412129658,0.017605448663476297,0.0037838953142997345,0.0,0.04573989214627383,0.01739005684563888,0.002701392612569964,0.013957778576179969,0.00662146272325187,0.005007203344598532,0.02517897599280089,0.011071464502646788,0.01807054917997425,0.04379503953533015,0.060355927372014506,0.016599496326358487,0.011183297547220306,0.033924771098995554,0.023436812045456668,0.049494252118726545,0.033108198558963686,0.06988644050206416,0.02538819458499325,-0.021960616008086603,0.028084673866028864,-0.0027295098825667607,0.011441345337077413,0.009704958656060192,0.01992869592425006,0.01473395194697999,-0.003675270395765373,0.0798996072200468,0.04365301101165153,-0.010742751556300278,0.008913296964285111,0.020165390846011655,0.09312934184585114,0.04119254456487692,-0.007733646989302179,0.0066617489626839,0.006952547558021521,-0.002828789761051387,0.01468680479850809,0.015146018792133398,-0.0005319033875451074,0.01167567388690649,0.04850519283103305,0.02323554417680268,0.05212127309251724,0.0648872131656949,-6.61862108035094e-05,-8.709627047753798e-05,-0.021049108206377287,0.024671997990142913,0.01101270204673832,0.0166508250524246,0.005649173012884423,0.011653031653534207,0.00026195498880221546,0.0038656870533729237,0.0825506908496394,0.015607170615998922,0.038116753573619266,-0.0010504626980364917,0.06199329662018083,0.01007031072911907,0.0,0.014294009463761304
0.026439465845210508,0.01841119946232428,0.03774397814262942,-0.0007778076475793982,-0.0003925607971893008,0.052242336864630645,0.009910469482981632,0.03182709076801221,0.020071255722800385,0.018614596115733628,0.014905038074425558,0.04573989214627383,0.0,-0.015814742245327085,0.0327931920170465,0.025845320188720766,0.03352862228650849,0.026500082832490335,0.035415230047859236,0.037424896237056804,0.026597929745766025,0.03900993877556974,0.033674428927294386,0.02787294597239387,0.0133251558379327,0.01329853454983887,0.044748627321726464,0.02238875472202695,0.04587676449887229,0.07611169722946481,0.016770832440980543,0.007981553970709876,0.02398227357020216,0.02621253576795718,0.015448797571779194,-0.0026895282660964748,-0.01972709126608596,0.04939666713941615,0.015504300078197253,-0.01772636069151845,-0.012389393962587925,-0.0033141092961035956,0.037706068565748485,0.005184983784860542,0.004385537100483283,0.016561998388885224,0.007959229320703642,0.05046607050772822,0.0,0.03288813753167752,0.06281882266437927,0.042465993046195916,0.010864119626442792,0.03432415602522054,0.051136942355213766,0.03872719684114767,0.02590129688745091,0.04067843426003781,-0.0028028062760195316,0.019869777076862605,0.013380352534416828,0.015195544306505326,0.006947424901961707,0.03958856858470872,0.027758369840128916,0.03379743514133282,0.02036386155693437,0.06474693410307153,0.010402621563846692,0.011322380262345555,0.015175650036510113,0.05630976441099611,0.029585737130482903,0.0366299079248088,0.027952452506571412,0.019172057080633742
0.02429370737169484,0.011062781700415025,0.053025025307817886,-0.052549847995979115,0.02466844397987239,0.04586601009273855,0.0019819088420557907,0.024570904316909614,0.02734211219500049,-0.017960992398262488,0.029967363245699152,0.01739005684563888,-0.015814742245327085,0.0,0.026948300414276927,0.0015596607947857555,-0.00014075967499510567,-0.00022208133866497004,0.03148796082963423,0.002190456353410697,0.034455615619635394,0.011598134484702094,0.017847360583733762,0.03323494513084385,-0.008756423421956983,0.029064821343564418,0.03936229814590597,-0.009025629596323914,-0.007944915197967639,0.012242111148188906,0.03518110025981869,0.05335147708964591,-0.06791696687985849,-0.13320921544588904,-0.02244416348374395,0.0012036507563432386,-0.016449906279009552,-0.012337889617502706,0.07899919906242409,0.0,0.002813191090669853,-0.0009943726695381683,0.011665457003005142,-3.015357863178636e-06,0.0,0.0,0.0,0.04294273407493343,0.0,0.027454819709165634,-0.0018781992784955293,0.03237004884086153,0.05894002435558282,0.129771449570533,0.0,0.026412269249694753,-0.0005003478036662012,0.005093800339165844,0.007194520861780296,1.1102230246251565e-16,0.0,0.0,0.0,0.03450507253166046,0.0,-1.1102230246251565e-16,0.0,0.01803079045941014,0.0,0.0,5.551115123125783e-17,0.0389387248602156,0.01766588441428113,1.1102230246251565e-16,0.0,5.551115123125783e-17
0.03225759921764426,0.029677262636497503,0.023979359323005822,0.009016607680692956,0.014799155133518815,0.038219592350997755,0.031879842863778485,-0.00847005771548004,0.01826506583344034,0.007018446802608658,0.0,0.002701392612569964,0.0327931920170465,0.026948300414276927,0.0,0.008753213718715624,0.026824876388996666,0.007136631239327895,-1.1102230246251565e-16,0.06511245672431504,0.03276121869091059,0.029754369780819467,0.041704640366965584,0.05803309894030678,0.018042935468380594,0.03578460547118689,0.07059039708562131,0.037944600889591895,0.02521676636251785,0.017467413189249603,0.003693445672958595,0.0058550494252131435,0.013059252485455142,-0.015490794226024063,-0.0030460111287259894,0.013636385971848908,0.017511735271784623,-0.00030668713697584726,0.04219891819837579,0.039157725965235146,0.028455664723037177,0.04720389898973998,-0.1048775997590331,-0.00759364819319952,0.0,0.02534889741271046,0.02788017936298165,0.06381943009349206,0.0,0.0,0.04437690349903872,0.02152566462171268,0.06378558874692142,0.002116569817737668,-5.551115123125783e-17,0.0,0.009170671489827642,0.014574174804961815,-1.7171946673832927e-05,0.06356724731520597,0.021321230923248446,0.0006002409085026361,0.014786503747870938,0.0,0.08428306905267252,0.047389521648675215,0.04615234184814104,0.06800663319991057,-4.5338148283669e-05,0.050514005928817496,0.033469360261041414,0.07206697851872224,0.05490507282850715,0.07482808485969156,0.011473585815926501,0.04873853347257606
0.01107088638392345,0.024740153518665986,0.041491132778887496,-0.001701267923694516,0.00163022585837852,-0.007981623168173968,0.024140511514157192,0.021638081536746512,0.0054600271173897985,0.031290645252255334,-0.00019937120860391566,0.013957778576179969,0.025845320188720766,0.0015596607947857555,0.008753213718715624,0.0,0.014187136635843756,-0.005617479877762177,0.0004293233797416085,0.032883003745101724,0.015065955821149779,0.03461274254241409,0.020803502292040144,0.012616267554097671,0.02100974206511086,0.011438521354581899,0.023012439079151237,0.03036035936309356,0.020742922727607804,0.025185650315315833,0.023035264075816964,0.01231600528325566,0.021708844887677603,0.005156512774664168,0.005168346637713872,-0.017203001842865995,0.01099636751500499,0.002767878679692193,-0.01455838309107188,-6.374294135247371e-05,-0.005881789593354392,0.009171300536131355,2.23909082704421e-05,0.0,0.0,0.016597301079646465,0.02224130523864426,0.0,0.0,0.0,0.0036262976930468427,0.00920455855604757,0.013627480419394433,0.0,-0.046417089946979184,0.0,0.012055605422308435,0.017571889584885703,0.0,0.014197217043725396,0.006344595353509286,-0.10002543211868464,0.006594778449971694,0.0,-0.004824448911097401,-0.0012311713983854111,0.006588849360653182,0.026317054844613053,-0.010411303777950964,0.014595922859926946,0.014385944866644906,0.011446785613897503,0.027174289210892655,0.01022494336501617,-1.1102230246251565e-16,-0.009137665350638036
0.0028473906882861555,0.023574652522016626,0.024513631018616422,0.013494915318924994,0.022241725306561544,0.016626993445406746,0.06742797336480266,0.009661754341595219,0.027339869226275126,0.018545588672078728,0.017621365641487696,0.00662146272325187,0.03352862228650849,-0.00014075967499510567,0.026824876388996666,0.014187136635843756,0.0,0.0019071725173364085,0.021973283930695087,0.02221052927911249,0.018372765367110522,0.024819519812492086,0.02332680346408106,0.0012505014307894746,0.008896589578544167,-0.005760865231639933,0.020553220388679738,0.03514307959245938,0.029916618712519327,0.006091905903274741,0.02301653033679657,-0.007735670402026995,0.019954327180117803,0.007458992901110406,-0.004263325646099936,0.033456182988756134,6.208938400442676e-05,-0.0038507262694369437,-0.020935505211932826,0.029045074024641848,0.025570552690131698,0.017588184790445882,-5.551115123125783e-17,0.0,-0.00801602548446917,0.016562726996841637,-0.015971935538023563,0.0,0.0,0.0,0.0,0.0,0.0,0.0,0.02394098331106237,0.0,0.013962087142751545,0.014173732136737782,0.0,-0.0002501257625122655,-0.01959860173782846,0.02184831400272602,0.014473154193536453,0.0,1.1102230246251565e-16,0.0,-0.006213782283773561,0.0,0.0472780208743343,-0.006138728548445105,0.014439330129839445,0.0,0.031847509550173514,0.00013494034063044058,0.0,-0.004479426086574367
0.013012759002521856,0.0296635313413246,0.009916137036334427,-5.127891229683712e-05,0.03243475584045963,-0.00889096670771694,0.020037627475667064,0.015684940944266923,-0.015838788519023927,0.017803957918204272,0.021577195535553373,0.005007203344598532,0.026500082832490335,-0.00022208133866497004,0.007136631239327895,-0.005617479877762177,0.0019071725173364085,0.0,0.012966836313862917,0.0267083256851669,0.007566407135136399,0.01996494125878756,0.016468727336257094,0.00462465509228599,0.03015602496496711,0.00895938716231992,0.015732663573372108,0.030169842836655747,0.013724630060601484,0.023176261726460534,0.018728644682831863,0.007537921786439583,0.011209691304128355,0.0022328923232454723,0.005420451139319438,-0.04249477830355469,0.00010348034083390578,-0.008422121652913395,-0.01980275661733155,0.0016257632446782244,-0.011153460714425634,0.027591344500117243,0.0,0.0,-0.003300828044141002,0.024063376359187705,0.030938289651418704,0.0,0.0,0.0,0.01165462630138675,0.00043640981661363654,0.0009574419877407814,0.0,-0.00042315950384214096,0.0,0.0028618015086969706,0.02010964418749739,0.0,0.016739879308295347,0.011788389320853854,-0.0004756515323595112,0.008320524089022452,0.0,0.007773684980454054,0.04344664273965132,0.0011015024940495,0.015575354518711781,0.03292075720675974,0.013519840890742152,0.012357761695427905,0.025579041578389916,0.016699220774814727,0.021645670430798736,0.0,-0.011088182517811351
0.0,0.009970410023940224,0.01932467827006712,0.04854136370775436,0.04110001037004518,0.06863702340709071,0.046311102462649745,0.02311994082704949,0.02097495782633474,0.041995604677598775,0.035828635894715855,0.02517897599280089,0.035415230047859236,0.03148796082963423,-1.1102230246251565e-16,0.0004293233797416085,0.021973283930695087,0.012966836313862917,0.0,-0.0010195178643417901,0.007808245116455448,0.00917607114573471,0.015151364767090059,0.03427126421822729,0.012720788006183648,0.024807937827606985,0.019291409323459463,0.04290516898227992,0.0339997017567632,0.03519539294830043,0.03662756297256581,0.03850893626762486,0.004709249010438454,0.04407469224743232,0.030734673053047668,0.034534147290386785,0.0234012136024514,0.03596395881557152,0.07913964472019797,-8.02644703850608e-05,0.016378722787603328,0.030386054444869803,0.07265539492927808,0.023285243344274786,-3.295888279836179e-05,0.0,0.0,0.14758023781938867,-5.551115123125783e-17,0.19618418239007507,0.07058534948626671,0.08136505081352319,0.12343077212875075,0.1071056017602825,0.0002826643662149908,0.17182105859856134,0.02787271434426597,0.11878670613205178,0.030202638476551136,2.220446049250313e-16,0.0,0.0,0.0,0.18616340710814394,0.00011615748773236012,0.0,-0.0002443715226910226,0.09065028803256925,0.0,0.0,-5.551115123125783e-17,0.08993177848864142,0.030236531201302652,0.01880433157327316,0.00040045970575497414,0.02620773835097978
0.007802563025363141,0.014245899523991523,0.05425370005428176,0.01096095489725385,0.01896640046010928,0.028755813871592262,0.03900373561853798,0.04187927034939104,0.023506686551255096,-0.0032224588396931875,0.00012488944975214133,0.011071464502646788,0.037424896237056804,0.002190456353410697,0.06511245672431504,0.032883003745101724,0.02221052927911249,0.0267083256851669,-0.0010195178643417901,0.0,0.04014688700440483,0.032769008914071085,0.07539880163894969,-0.04351911765798411,0.02326418832269922,0.04229961857884368,0.021624374699472815,0.05563789607155056,0.012696965414301875,0.06595124571433852,0.018585593906538744,0.0073208325033693455,-0.003002116901130669,0.0011277646170521072,0.017215283851998164,0.020919399477827894,0.011224042045245297,-0.002496969280459005,0.016264129782672443,-0.0020940340336786933,0.018610040962479424,0.04181465212013369,-0.05122964084682874,0.005662735159087662,0.0006316922806797187,0.03090017902441572,0.008904698709587988,0.04211876909961837,0.0,0.0,0.04429551707219126,0.019174293370360473,0.06501705260643864,0.03776743059110238,0.000245415573802088,1.1102230246251565e-16,0.009202029390590727,0.03211400456761704,-1.1102230246251565e-16,0.05867988276096214,-0.0011956559131546252,-3.5619102694284255e-05,0.0040052140695232,0.0,0.0595017978692059,0.07314393368404315,0.03213011473628252,0.05231311453158527,0.0,-0.036229461207811786,0.033329177014821076,0.05594444568736967,0.04630201688306823,0.04646583176876434,0.0413525063402031,0.03314932386032354
-0.013281312934353973,0.008593497632813696,0.05149973281934378,-0.0018963127995278994,0.04303704563840677,0.031974795461802485,0.020049914795699453,0.02121852768748861,0.015680910102044532,0.02767098912899596,0.02906793195032903,0.01807054917997425,0.026597929745766025,0.034455615619635394,0.03276121869091059,0.015065955821149779,0.018372765367110522,0.007566407135136399,0.007808245116455448,0.04014688700440483,0.0,0.02613375040746424,0.05921193972397415,0.023927865305054474,0.0036007608301183436,0.02392044455997555,0.05593604083941439,0.029860125443616214,0.01765089975811407,0.014799395236425983,-0.011952986654222786,-0.00077183523740465,0.016362846839783174,-0.016319913213987736,0.01016436439655749,0.014538310369122898,0.0046746995470365316,0.00918406692515289,0.0011632426334247659,0.05393045937386748,0.0014729553616392166,0.011481597656864406,0.02063042323661357,0.0,0.0,0.039386519127191655,0.034397973930409664,0.035335963038789275,0.0,0.0,0.02659230707494692,0.045504002505618424,0.0830805766075588,0.007470284277377615,0.029906851851438376,0.0,-0.003339449983574827,0.06365635434375488,5.551115123125783e-17,0.023013676324222687,0.02333788399962955,0.0,0.008171001366892638,0.0,0.05745108819848138,0.01882319664934512,0.024132143261661687,0.03789407140600143,0.003943094961581073,0.03162675732212766,0.031318733012518585,0.04236293836407112,0.02363649634158138,0.04857530355105244,0.02463400552665601,0.056216065007954785
0.01315699905331813,0.03082120549281009,0.03639297523634033,0.006999695870029021,0.014955307785340821,0.016934199711307718,0.03431783692849982,0.027112434086585757,-0.004974085957740293,0.0029168610531070116,0.003244852216431726,0.04379503953533015,0.03900993877556974,0.011598134484702094,0.029754369780819467,0.03461274254241409,0.024819519812492086,0.01996494125878756,0.00917607114573471,0.032769008914071085,0.02613375040746424,0.0,0.024932232279021416,0.04263061151743447,0.025761032398359474,0.02231470518109474,0.03435923008112185,0.05107754380544327,0.020159014346672832,0.04513135619932496,0.015068214421773585,-0.00016948860370025187,0.0022173663799401333,-0.0058107932529420925,-0.0015755099921916371,0.03448965706860119,0.007637476185652137,0.006158381631256871,0.004086870438705648,-0.004940562426384909,0.011331050832161571,0.02641888834925349,0.020210814658323417,-0.0013737118479651422,0.0002603756162829485,0.01902264524182723,0.01277934804894132,0.0190627945787325,9.442642946666524e-06,2.9031067226292784e-06,0.027177066339112488,0.012521014531824748,0.07745022855282796,0.018950959489119346,0.023446973181736497,0.0,0.0014533850442087215,0.016814854503115317,0.0,0.03610763590920374,0.009159708793041899,0.012452978345910803,-0.03468444604305343,0.0,0.05483881065200635,0.02558830378866256,0.02394674350696374,0.05301113040270239,0.013870517072797517,0.0011936049757249045,0.016054396201257592,0.05551271854037304,0.060357965355453236,0.044207558855038354,-0.0192007192652085,0.020543647693012257
0.03177113132260939,0.04663212180088261,0.04463818893511079,0.005156323340184288,0.038738867047169445,0.05478485835888952,0.036557730236966846,0.044354399213729356,0.04288051484784694,0.018455384691918708,-0.002952789057619254,0.060355927372014506,0.033674428927294386,0.017847360583733762,0.041704640366965584,0.020803502292040144,0.02332680346408106,0.016468727336257094,0.015151364767090059,0.07539880163894969,0.05921193972397415,0.024932232279021416,0.0,0.04509759002505248,0.028126747822536824,0.028144132619187967,0.05180863731891777,0.03933276694394783,0.03631596498508549,0.038725482766895025,0.019341346290126737,0.027881971457159982,0.013263737652326968,0.016130293387266015,0.027532424519163823,0.011533650162394216,0.014657529156747562,0.010022523847253828,0.0615572206882567,0.002503484180143567,0.029202872315706507,0.050665421440663105,0.05610880392959311,0.03406678206373609,0.010654286672121815,0.017195939146035732,0.039712951001165675,0.12160649883433955,0.02209513852211825,0.04587439373191371,0.04730893367211719,0.05229279779823881,0.0760885792308631,0.07482951405230964,0.020632550460870314,0.12467534067147162,0.0049273810183245725,0.055302682942879544,0.09553631584053779,0.06303659318091082,0.02324184092224807,8.66474065484013e-05,0.01211277854273407,0.15656754587394905,0.05656030789431821,0.0593693028517186,0.04942970743780084,0.07065298922033303,0.00033392185328717794,0.02692931375650326,0.04314543588821873,0.0525020256313693,0.04408780450613037,0.049619587511344265,0.01950049563992895,0.037400925022267995
0.02797050630557063,-0.018933606250708723,0.049640924119063734,0.11161620054337501,0.04471429640254376,-0.015434014517134387,0.05579664522427863,0.033425654500098934,0.03818430233776188,0.0067213636863270865,0.02819568597377331,0.016599496326358487,0.02787294597239387,0.03323494513084385,0.05803309894030678,0.012616267554097671,0.0012505014307894746,0.00462465509228599,0.03427126421822729,-0.04351911765798411,0.023927865305054474,0.04263061151743447,0.04509759002505248,0.0,0.027606236986923105,0.034526112064661885,-0.02181793469160881,0.04296195683544679,0.03428851666134136,0.009969283972250997,0.02479874971497159,-0.04563767220306292,-0.025311834871538097,-0.012468760128204692,-0.04902898319526777,0.021894814521847605,0.01777764246253305,-0.00800581919954485,-0.047433308748012326,0.0022260173415406537,-0.05847284721502277,-0.14535754272766332,0.03026095041321214,0.0038871941272358157,-0.004454990898068167,0.04259976011569827,0.0007541999941924615,0.0,-5.551115123125783e-17,-0.0003422413818686687,0.0043832590748463796,-0.00029326736075463433,-1.6653345369377348e-16,0.0006096737014119058,0.04662615415180266,0.0004485096729403004,0.039955910767498326,0.04859895959635613,0.0,-0.006642002977739259,-0.06754097227156286,0.021187083760048797,0.00897554118642463,4.170641810219422e-05,0.013394569671525025,0.01287161513878926,-0.029688821360933537,1.2000433387171494e-05,0.11277012422483135,0.02158271115719612,0.05027869431096321,0.03676425886024348,-0.0015990651741823458,0.015575145579765137,0.0,-0.001588162453769637
0.015220421863061717,0.02677730177935106,-0.0059887020365692045,1.5734610305462304e-05,0.01379607271111527,0.003847905954494857,0.017682109180225558,0.020981901340549336,-0.016588745036447694,0.00977969641786991,0.013996915950101718,0.011183297547220306,0.0133251558379327,-0.008756423421956983,0.018042935468380594,0.02100974206511086,0.008896589578544167,0.03015602496496711,0.012720788006183648,0.02326418832269922,0.0036007608301183436,0.025761032398359474,0.028126747822536824,0.027606236986923105,0.0,0.020732082708917243,0.023774685106485838,0.026142920985749885,0.011650066685420346,0.002768603758122601,0.013605654691013602,0.005724073541475472,0.010551177044871185,-0.006786834104009987,-0.001068423616618075,0.026513920650274247,0.0014171798151905168,-0.017762990035542492,-0.01431091229836523,0.01818831195017151,-0.0006051306264197587,0.021788437163786423,-0.0003286612623761287,-5.551115123125783e-17,0.02036422058440418,0.03217680458888039,0.03903213526173033,5.551115123125783e-17,0.0,2.220446049250313e-16,0.015943926410167286,0.011483398778817544,0.03181687959805879,-0.0010113488371608081,0.03748438271173232,0.0002991586962252657,0.03938520188608774,0.03892621475835911,0.0,0.0482587028751606,0.02315971525313726,0.031179391455263106,0.021149770397110412,0.0,0.006472750850134101,0.04677644287577509,0.01693037969972988,0.03263551718423041,0.05509742433379933,0.02459356181098038,0.026945028035468166,-0.011099716777894397,0.018247248846927355,0.0045383995158466695,0.0,0.005821736766855934
0.03219736957728997,0.043707239488486815,0.036045967683776436,0.008898423775414444,0.036101530132760073,0.02296697997012026,0.01239712388594294,0.02792189242146803,-0.041436194546199345,0.019586305626660527,0.020833036055585397,0.033924771098995554,0.01329853454983887,0.029064821343564418,0.03578460547118689,0.011438521354581899,-0.005760865231639933,0.00895938716231992,0.024807937827606985,0.04229961857884368,0.02392044455997555,0.02231470518109474,0.028144132619187967,0.034526112064661885,0.020732082708917243,0.0,0.05563798382792673,0.038998647003794185,0.014592376776698723,0.04189138602910625,0.0010752074714824311,-0.008874124806407035,-0.006886319458226486,-0.0188265331340019,-0.02970172951228689,0.01945292655703268,0.003690714111973914,-0.007693202729624926,0.006174116173198518,0.024878341531521186,0.0026716094131056245,0.008159285542841122,-0.0024829274861841166,-8.143393579840286e-05,0.06972026312837393,0.029310709145779268,0.03418887676642779,0.017255761263587854,0.0,-6.787458755486142e-06,0.04392768849323575,0.02113576574740167,0.008286191968528644,0.004408911312104746,0.04524416695832284,0.0,0.04009490970192159,0.03076736295999022,0.0,0.026411402084602464,0.01898690944374637,0.036037423096642596,0.020192453943556177,0.0,0.03704401552785008,0.02290001179230522,0.025794261494450632,0.03235655621526934,0.06902319366022225,0.023008182153632817,0.027233224995050986,0.04337281633508999,0.020777922390268155,0.026408861469783773,0.0005865137542229171,0.012110947451004717
0.03322905074585053,0.03388179473102654,0.016996747024926318,0.023618749457102295,0.03253498121237869,0.0357967474572119,0.04385967285006703,0.05728972105058794,0.02140224370920013,0.0332037189273543,0.037232927583275954,0.023436812045456668,0.044748627321726464,0.03936229814590597,0.07059039708562131,0.023012439079151237,0.020553220388679738,0.015732663573372108,0.019291409323459463,0.021624374699472815,0.05593604083941439,0.03435923008112185,0.05180863731891777,-0.02181793469160881,0.023774685106485838,0.05563798382792673,0.0,0.044927766629812016,0.03275399338607904,0.038745646299267245,0.016614703132254827,0.02708147729916477,0.027952849300807603,0.015554288097840596,0.030921133005855472,0.046591535922575755,0.021294553116651627,0.0007330054635106831,0.08624701710594662,0.011740542384627128,0.0369236613643531,0.040438695445894624,0.05660743985133504,0.019648474071548905,0.018600242887319984,0.047630575873080616,0.021495138361359634,0.08416370626927483,0.01220162874300551,0.07896194727801376,0.04846573040085056,0.05772509147225191,0.09953633321521299,0.084302992400904,-0.002927617412637973,0.09812122703185411,0.022099863366310146,0.05075912911723579,0.09996609765250564,0.05909543460188377,0.011361928660453713,-1.1102230246251565e-16,0.005328703612165864,0.11265529541007946,0.04638436306708643,0.0687616620114675,0.03926829572175905,0.07194197204892372,-5.551115123125783e-17,0.008798111290809207,0.050791172995159395,0.05263128184088006,0.048815317321335705,0.04989649361539239,0.03399444767037607,0.04602182472494343
