0.0,-0.013055646867280835,0.0010158521212091376,0.0,-0.00020149331960761518,-0.031409891239983,0.023748296313100714,0.008705461367863099,0.02063118628524685,0.019887158516407377,0.0007396686788332385,0.012653677904967076,0.0041805193034871735,-0.005401763440483098,0.011120137643065131,-0.0026797892364198717,0.023770406884628503,0.017627365110668036,0.0,-0.012759264231330614,-0.009247932159291705,0.005990279235829954,-0.00912464691984577,0.0012585768715189793,0.005541041446028294,0.009671508246459681,-0.0055630213183406885,0.004141504979911226,-0.020358987733042344,0.004666958419187739,-0.02547979702907016,-0.015836979310751675,-0.023078838007344338,-0.022716817007019774,0.011300250256013278,-0.016131684774346344,0.0,0.01027107303385516,-0.019937805217247973,-0.013924114098142593,-0.013245434139298184,-0.018435340703755243,0.0,0.0,0.004859068879950301,-0.02778676759869453,-0.007791687071946551,0.0,0.0,0.0,-0.019532404813912108,0.0,0.0035620379906171062,0.0,0.033037476267283816,0.0,0.05314469607217065,0.011305199553304779,0.0,0.026753217953359942,-0.00801427849276315,-0.013594596988327212,-0.00024520575108272213,0.0,-0.000626706613413186,-0.0661655175637989,-0.004240449130375024,0.007217609204728304,0.028102091037864707,-0.010034095671559384,0.0022878558069689414,-0.011987391688180138,0.0004260243860275126,-0.0011073006393437224,0.0,-0.007968820063358972
-0.013055646867280835,0.0,-0.033046995331274975,0.0,-0.019658794279021896,-0.0037527443337730393,0.018119436110549114,-0.030992056602945406,-0.010074149750913752,0.0082861547679145,-0.0007900237553791212,0.009646478931999436,0.005040816482813848,0.0,0.015002511918395856,-0.003964368763447856,-0.0023207250239697386,0.004749273077954863,0.01844087606770245,0.011128935683508867,-0.0036353801947076048,0.008674422273151405,-0.007330628956431828,0.026780704968041025,0.0009769927199919648,0.0131536799335783,-0.004400232010609517,0.009324831117685117,-0.0031257479018444445,0.006953956409722795,-0.011411679387395401,-0.0016965470558187867,0.00948492356585412,-0.012942595685505542,0.0019417550337357259,-0.030568694914216377,0.004923619261711698,0.0006105144522800532,-0.015281544329895147,-0.014313106648549623,-0.019220771291713012,-0.024014353990210457,0.003826556734052078,0.0,-6.049535445745713e-05,-0.013772087773481767,-0.011283087498222266,0.009919495141605617,0.0,-5.551115123125783e-17,-0.007740472220851946,0.01109123096358805,0.01511421773936067,0.00412631283885273,0.006817163458295694,0.0,-0.002697150911425805,0.011190621890944552,0.0,-0.002104812108714993,-0.0053569358134590295,-0.002526427090367489,-0.004812734597228974,0.0,0.0025956393261115096,-0.005163648304402302,-0.007245896228710358,0.0014343366599763874,0.0016748381585579009,-0.013440186081940642,-0.0055158282661431635,-0.0026767469756028284,0.034862660851106786,0.002122373127564192,0.006623790379522654,-0.0176355942150076
0.0010158521212091376,-0.033046995331274975,0.0,-0.008684991462865332,0.0008524665544141219,-0.025323402179831533,0.021503318318181197,0.025235684239057865,-0.028384573109975386,0.011044629993394672,-0.01700627950768191,-0.003204977966097977,0.0032067874402342267,0.01460348953895857,0.018017679466337477,0.0021667773652291333,0.011178727670598076,0.01640139307860311,-0.009937726657041734,0.009909658031043322,0.013602726830990342,0.007107878270568857,0.02254763708446711,0.028119005170262834,0.03687203817453488,-0.007855638769665219,-0.03057774037208999,0.007624433183783363,-0.008747812413730849,0.0006144071487624303,0.001921814914355946,-0.011462768646405441,0.005124397949813231,0.0024749076901215417,0.003538471670594734,0.004503182479360268,-1.7084649789333994e-06,-0.012987629436764403,-0.005172920154384419,-0.013500827396568271,0.012826573795170049,0.011179728608337158,-0.010815433082175918,0.0020520989880258855,-0.00022223242111768515,0.0,-0.000660636900608913,0.1231053623754928,0.00026241643736119036,-0.0007029520595918104,0.01359485155350626,0.0364528830275076,0.02845255214981801,0.04066816758089942,0.007522805648336517,-0.003421494771897682,0.005971339078505056,0.026649653201693657,-0.010199313832115198,0.01234660235227858,-0.0004601681692547599,0.0,0.0,0.11203406865340065,-0.03860353638522801,-0.0012639736646005706,-0.04960144274504219,0.026081768160700403,0.0,0.0,0.017805439140246182,0.026255617025362943,0.00896924195881632,-0.002498707929073918,0.011856685742632767,0.0371272013627818
0.0,0.0,-0.008684991462865332,0.0,0.022205491231122143,0.016151079935543156,-0.02458377591165667,0.010989719089356309,-0.008166153399019882,0.01271455820440387,0.008221820492846477,-0.012617830226402449,-0.01107187679820848,0.020586241260242777,0.004641092298917737,0.0,0.00018359522802263717,0.0,0.006609780808436161,0.0014674057401214968,-0.00038141922773937686,0.0035119303380991562,0.011549987298094033,0.007395988591529401,0.0,-0.0020862323128841287,0.015359748826906883,-0.028287245764031133,0.02204919746217565,-0.00018607476121773603,0.011048880268470673,-0.024117814206758847,-0.00562741994110405,-0.004900852009517065,0.03081942242070046,-0.010659214859873423,-0.021385296927774716,-0.02645719077486125,-0.0008919332492071108,0.0,0.0007240789435319361,0.0,-0.0004656167110725362,0.0,0.0,0.0,0.0,-5.187173379028742e-05,0.0,0.0,-5.1157496315012985e-05,0.0,0.0,0.00012143840802369965,0.0,0.00012432227507058746,0.0,-9.141887204455745e-05,0.0,0.0,0.0,0.0,0.0,0.0,0.0,0.0,0.0,0.0032521682125294937,0.0,0.0,0.0,-0.0020659034303355805,0.00011903087689424385,0.0004681635334872203,0.0,0.0
-0.00020149331960761518,-0.019658794279021896,0.0008524665544141219,0.022205491231122143,0.0,-0.020750890621782092,-0.00021286692942029672,0.04182196841165331,-0.017461035644059097,0.020780285628966055,0.007617017581177166,0.00114189130340564,0.004182433799521212,0.0045313315180098845,0.010204388192202152,0.012315740593485891,0.013550816529841192,0.01326749286425083,0.025580317860786683,0.004020300234803986,0.014841035968060967,-0.007415456295821077,0.021241362814907294,0.03207548689322964,0.04332153949114087,0.005652477969737002,-0.0044614364317999144,-0.03370173184200009,-0.0036729169569574283,0.013339315131219165,0.01514587644762394,0.002743840923771279,0.011849792737493814,0.0034681158445699634,0.01581018260584327,0.007405801977301285,-0.007188664981222115,0.0012574236566845198,0.03764213526654775,0.003096833815829314,0.04070527640384625,0.03411831674130478,-0.003079374313177785,0.00012768252914180378,0.00931888007702536,0.0,0.004655535679528866,0.02022714265689729,0.0,0.04295867802228204,0.01859180719667819,0.03037580186874178,0.03479852228906288,0.024104803894819393,-0.0004474088691968081,0.0006863426019507735,0.012910093088219887,0.03681515926825729,0.014054440939913093,-0.0057730294474472865,-0.00048124187147485786,0.0,0.0,0.030739775430816296,-0.03318261542287293,0.0,-0.005552596625073902,0.02383999639417167,0.0,-0.00026469763726011397,0.0038874630841103097,0.027662546193061743,0.028713210934966815,0.01640850783853659,0.006223130674244959,0.032469891423182795
-0.031409891239983,-0.0037527443337730393,-0.025323402179831533,0.016151079935543156,-0.020750890621782092,0.0,0.016689971543354942,0.0013366859420602673,-0.04218955661813534,0.018699187584586496,-0.016840969708693754,0.02393872854427842,0.009841954670442188,-0.004080480333583547,0.01361359442244342,-0.000176251445545339,0.03676710315916004,-0.007384222389316353,-0.04024927433685993,-0.01878919267813589,-0.021380288244890244,-0.015157938823241346,-0.008220562032586642,-0.0025153092868092086,-0.006590854873476881,-0.01667890168517483,-0.023273122412453107,0.020613478636512417,-0.00311881859579044,0.012229163690009759,-0.0024754893034196757,0.017023660453900136,0.014747760601721782,-0.0049370189117370344,0.005508602220048342,0.02020098741016252,0.01946482873762967,0.014948659159376376,0.04642381979507182,0.014798582403155403,0.03855107862522089,0.017695654802967864,0.03916340801658624,0.0262527415492394,0.01272217289218569,-0.0010739510334344393,-0.017043075585956136,0.010128308649587803,0.0,0.016243124965572897,0.011319953097747248,0.024637467675863833,0.004630232828151615,0.015467393564143062,0.038088173736787856,0.012771240884816182,0.02090846128043833,0.02979901322469536,0.03290519967007921,-0.00022350024769718368,-0.016932131520265237,5.551115123125783e-17,-0.04106002439930939,0.01767908887355596,-0.00562473567864491,-0.015550301325279126,-0.007356237033321167,0.020286465183057656,0.0,-0.010903008670598457,-0.004728981111445263,0.025124723705436502,0.030225633756335246,0.023064767400750197,0.01849304022823739,0.013139208907547384
0.023748296313100714,0.018119436110549114,0.021503318318181197,-0.02458377591165667,-0.00021286692942029672,0.016689971543354942,0.0,0.04519544487936916,0.037841619187775066,0.016920210777740696,0.033627643171819155,-0.0014262539414164888,-0.004508613586605814,-0.003745047907754262,0.025365661116876104,0.02800708451541145,0.008817400356778693,0.02680633078097283,0.03778861918313231,0.026352908646369355,0.032264875289088224,0.03487526733290697,0.03705626435800502,-0.008422442438514866,0.013797400182146868,0.01464575587048006,0.022506567037456238,0.004173306615178229,0.00790961296185938,0.03099016705849733,0.0056577925933696815,0.007389052495291648,0.022956849825166936,0.00811852676221897,0.016385469855337176,0.010090307901846562,0.00600225550544542,0.011267824685335937,0.04802105756294778,0.034015564813642485,0.04936678991452126,0.05509445750027253,0.056628482040818884,-0.034644586090127716,-0.011584778132745499,9.945490661883438e-05,0.004946078483348715,0.01871988359057275,0.0,0.028146367269591965,0.025927830659464468,0.03236795065304532,0.03948850129976006,0.022536145725272405,-0.018032694859336562,-0.0018214952520555494,-0.023463216883273408,0.03550073520467323,0.023730324104521916,0.018792810964145645,-0.0193642234225902,1.1102230246251565e-16,-0.0004534762889839561,0.027911395469744193,0.022479818533941598,0.015630372670348835,0.02412887530401686,0.032534118990987126,0.01525388446265552,0.0069427590718678656,0.02123999274433591,0.034721923515861675,0.03859117718971883,0.03875669059723119,0.0315136853710426,0.034809085182056276
0.008705461367863099,-0.030992056602945406,0.025235684239057865,0.010989719089356309,0.04182196841165331,0.0013366859420602673,0.04519544487936916,0.0,0.01978033837041354,0.02171105464635642,0.04024728363804653,0.014929333626427954,0.030728276447081204,0.015044090839105018,-0.02736226062623548,0.005952455523597522,0.011045112214106867,0.007987676198403904,0.05139427569638,-0.013352188538688525,0.020729271791813664,-0.02582701631214762,0.024609730165902732,0.019158659171256143,-0.004752796364027034,-0.006310715892303365,-0.0004465370135587343,0.028750666669256297,0.013427104178022065,0.024591668682278134,0.018489200879832912,-0.027162988769459218,-0.054983541205583186,0.018376007544218587,0.027235932060071966,0.021248432653454385,0.02414069520932771,0.012421312455314026,0.007872667573418701,-0.0027890912624778386,0.03073474522236419,0.014870248680514231,0.02786587597494905,-1.1860570902910705e-05,0.000333819986680306,0.015313186861040162,0.012598831670867228,0.03638609552337113,0.0,0.02259782687008094,0.00625431473139626,0.02692427003955966,0.04852660358645583,0.04522619033943798,0.01441627507877713,0.041601604334882525,-1.1102230246251565e-16,0.037950000869363454,0.012200129026759488,0.011906302787577816,0.00786815531012891,0.0,1.266671940514108e-05,0.04872454111583224,0.00881535388262178,0.01593595976754808,0.014311855118430805,0.03292922668473153,0.0004606847798937497,0.010938095454605834,0.022667637770859672,0.030508663481865095,0.03478290873772932,0.033140874695421374,0.04383215246994798,0.03777224157758796
0.02063118628524685,-0.010074149750913752,-0.028384573109975386,-0.008166153399019882,-0.017461035644059097,-0.04218955661813534,0.037841619187775066,0.01978033837041354,0.0,0.021593205235521384,-0.0012065796975194165,0.021789595416780827,0.006093362347245945,0.02790428640300263,-0.006633457342054894,-0.00996736929111397,0.022846384570149536,0.0004693047235597714,-0.0011333797558494285,-0.016582249972494578,-0.0022003164541773423,-0.01908541440782302,-0.004513801649483895,0.013957348097614009,0.0037786229536970195,-0.006363825635269993,-0.05188016768273934,0.018830828949551737,-0.011083959534183507,0.013452118957021197,0.011927810413002005,0.015439567959873834,0.01795655821940817,0.010217596206075763,0.017487976466344923,0.01921983746952305,0.013280602347464587,0.013940204542191248,0.01403591252484121,0.01898863558671715,0.025058832312137458,0.010540238631389198,0.018642149944558983,-0.00854008460078054,-0.009050120962499353,0.0,0.014571565352056448,0.04831438002126587,0.0022001737799151044,0.045218754419681484,0.01983746822996746,0.03254129339507972,0.029838891958407276,0.03686497564092739,0.026579996408037654,0.048347966607967474,0.007579840789629699,0.02886637443059803,0.02060753292958195,0.00842130149615955,0.009382486280276658,5.551115123125783e-17,0.0,0.04067366217900337,0.015576488712734371,0.006658068178891363,0.0209574260494631,0.031688592382764,-0.0017008093780619404,0.002609269597756536,0.029134183919256873,0.029683778897320656,0.029069501703127165,0.024398499191122025,0.028161835753640396,0.02476679242702473
0.019887158516407377,0.0082861547679145,0.011044629993394672,0.01271455820440387,0.020780285628966055,0.018699187584586496,0.016920210777740696,0.02171105464635642,0.021593205235521384,0.0,0.03273205448868477,-0.03823594807784886,0.016715384467904715,0.061802623557266734,-0.0032016896156557006,0.014735924816025814,0.03003545660874457,0.02417441201820575,0.03102795278492826,0.0007711230580989548,0.024235085353373986,0.0023492771986298178,0.017051027728495982,0.014739608616451905,0.0153342377414179,0.015138963914447856,0.009753972931914101,0.027159182058991982,0.01019089450881644,-0.004719104961030007,0.017264789994827112,0.015934486095670386,0.01065725593430733,0.0021880301756811993,-0.007480870110302074,0.03374913026757226,-0.015936544878384917,0.000888299554936578,-0.02313956526552713,0.0328867891542346,-0.029043098023050384,-0.11409480893539214,-0.0452910789134508,-0.010096311675107661,-0.03151079701672277,0.013732181372498375,0.0075420980725968145,0.015634334509773806,-1.1102230246251565e-16,1.6653345369377348e-16,0.027161795485596163,0.021139354182121428,-0.0013716088566106954,0.011889312122665863,0.017473995525171426,0.014238991186462213,0.005765420935642973,0.00730447604157608,0.0,-0.00037545561696672447,0.05868970358987963,0.02792310774572282,0.028411830078403366,-1.8760704144971108e-05,0.09299854075350883,0.000237057847071398,0.026650707065802415,0.023194522495030956,-0.003247624460556764,0.015303430485830827,0.02032838267776227,0.03581495763826037,0.10901154315708872,0.04478844511645175,-1.1102230246251565e-16,0.026421419711405214
0.0007396686788332385,-0.0007900237553791212,-0.01700627950768191,0.008221820492846477,0.007617017581177166,-0.016840969708693754,0.033627643171819155,0.04024728363804653,-0.0012065796975194165,0.03273205448868477,0.0,0.015074969251975545,0.03111950228165633,0.016570509689674773,0.0,-1.4091325606313543e-05,0.018074601648453092,0.01222877967675512,0.014163111416685692,6.476188336179689e-05,0.016806930761372352,0.005684646915575409,0.05067061864780692,0.03262387355104929,0.017003080744774912,0.014024298227163057,-0.031016945831018272,0.03167526891728639,0.015821814190272843,0.005639283532262951,0.025681720766342675,0.0032635174500423303,0.015098009795094625,0.023423254972528007,0.02588835730746486,0.02994263992848495,0.008272500735075017,0.018008918791031725,0.006925711425343761,-0.003762547206976774,-0.02553378936829548,0.002585005658171491,0.010076665487028458,0.00111022274701289,0.0018850399259228712,0.0,5.551115123125783e-17,-0.04316399451207581,-0.00011365802040780304,0.00986584450358624,0.019611586752501742,0.035083299779243626,0.050683380337308404,0.05192283869882297,0.023110078493194797,-0.05976645739875483,0.010465265427548776,0.02756035153198061,-0.011793186448690096,-0.000642658825105058,0.0,0.0,0.0,0.009168645445093493,-0.0016500098409146235,0.0,0.004851945432531479,0.029281436473837075,0.0,0.0,0.007461928056735678,0.029603992324872652,0.02175406862928625,0.027706901262573636,0.00022470309106931152,0.005280360763113001
0.012653677904967076,0.009646478931999436,-0.003204977966097977,-0.012617830226402449,0.00114189130340564,0.02393872854427842,-0.0014262539414164888,0.014929333626427954,0.021789595416780827,-0.03823594807784886,0.015074969251975545,0.0,0.011811230365653846,0.013625758759257922,0.013973381641611826,0.010536181127442534,0.006510925428737602,0.00023335457981737973,0.021258236053614488,-0.025028331095912293,0.01751962351079922,0.06171046027869903,0.011669094334155306,0.01783637409892047,-0.003981431533124302,-0.01743645497558477,0.011933361633202355,0.006741739901057364,0.016018009176788417,0.0065558751180681,0.0064358528398651416,-0.00961889283512074,0.021858001189666854,-0.005688829651534666,-0.033916070149177635,-0.005744792808038468,-0.03219105401313349,-0.004229070937072088,0.005869995459737487,0.018753612313127388,-0.0989076065821397,-0.08558628427526727,-0.017746430429088522,-0.009806152074726737,-0.047007459694786924,-0.0034913626950583976,0.007216608878699737,-0.0014310486343266926,0.0,0.0004125155130009772,-0.03024302969615339,-0.01580774963934556,0.0,-0.010376470192155651,0.010942682250175917,0.009284875401786574,0.008671044981587384,-0.01766795157308454,0.0,-0.01054136109276893,0.03864017956496224,0.02569604846172513,0.024037513345457173,0.0,-0.005452783846877418,0.00014332010784667837,0.0004661737198580762,-0.04538092370303071,-0.01824104067789145,0.013405071190887796,0.016315782782110044,-0.02167582191245132,0.023605748316814668,0.003904602625567799,0.0,0.018668963889694967
0.0041805193034871735,0.005040816482813848,0.0032067874402342267,-0.01107187679820848,0.004182433799521212,0.009841954670442188,-0.004508613586605814,0.030728276447081204,0.006093362347245945,0.016715384467904715,0.03111950228165633,0.011811230365653846,0.0,-0.03382468871961386,0.02069617722333089,0.021084313400119903,0.014766239866441933,0.016680867047635273,0.0351974115598786,0.01693892546941883,0.02184540134313029,0.0187837357173517,0.021522429427488,0.03236015928689706,0.0053064882999706575,0.002187498193953974,-0.0024869860884816908,0.0046010650673560805,0.005120624576293753,0.014806722639910841,0.01375922825168896,0.008362664928121988,0.014264553238191535,0.010966740242988937,0.02757486360474931,0.01892153545230546,0.019974574297283276,0.01590554248234166,0.04239459058916528,0.03732905244696849,0.04105280761797425,0.03249990652102208,0.03807826676433468,-0.00759188912778147,-0.07861586076603883,0.005052558452183165,-0.0004580496694528424,0.032361600132245316,0.0,0.030120557519606073,0.025250746492006426,0.034408347850435894,0.032365664784272996,0.03689948828886935,0.003913125210071866,0.010273012202279608,0.024312423355411006,0.035922776629774056,-0.06053046782409466,0.01774012430673061,-0.014617124563047035,-0.0027777847253742105,0.010134743002591817,0.033403306508793085,0.01706902083306766,0.020850491215860467,0.011550900471108794,0.02831739520540233,-0.0025305925988468037,0.005965086590540791,0.00805779116836347,0.034302974348943915,0.03646751143113769,0.031365224426245564,0.028431925075114273,0.028645509893185594
-0.005401763440483098,0.0,0.01460348953895857,0.020586241260242777,0.0045313315180098845,-0.004080480333583547,-0.003745047907754262,0.015044090839105018,0.02790428640300263,0.061802623557266734,0.016570509689674773,0.013625758759257922,-0.03382468871961386,0.0,0.0047958068861228,0.0,0.0,0.0,0.024071462932175824,-0.008877771405738089,0.01151814483807867,0.000341195957011986,0.034721700812199996,0.018693248960113373,0.00011095292435858717,0.008767518192442869,0.0043182860071856455,-0.013364469072279617,0.013235361297467385,0.0001977536038000327,0.016073045005007114,-0.034131479883468374,-0.018991867574402244,0.008813474596926218,-0.008731012140366035,0.004065223930766748,-0.0020933818022638717,0.02313269438542226,0.013900670177217467,0.0,0.002046890411055491,0.0,0.017771853060480625,0.0,0.0,0.0,0.0,0.01541649005311918,0.0,0.032345733986849534,-0.0010470287322202898,0.013912756483699051,0.013022144403689317,0.018883441404965118,0.0,-0.011876737628762957,0.0008357888901732169,0.03173784529474766,0.03321468405985334,-5.551115123125783e-17,0.0,0.0,0.0,0.017968023622477958,-0.001142695883045608,0.0,0.0,0.035374048552955784,-0.00041352632979324566,0.0,0.0,-0.0027371692339686615,0.04390378091386332,0.002506177450254554,0.0,-5.551115123125783e-17
0.011120137643065131,0.015002511918395856,0.018017679466337477,0.004641092298917737,0.010204388192202152,0.01361359442244342,0.025365661116876104,-0.02736226062623548,-0.006633457342054894,-0.0032016896156557006,0.0,0.013973381641611826,0.02069617722333089,0.0047958068861228,0.0,0.015797898830203883,-0.0006817364122637115,0.01010310921567098,0.0,-0.0007154078229216765,0.014973555384536263,0.003367050045244069,0.012969663595153502,0.014085898755346382,0.008186161203120712,0.02688791144052971,0.04383461630443947,0.016263243591942533,0.006888725880786373,-0.006144437796717805,0.0005249539913891876,0.0014481959529771271,0.015052885163592211,0.006650204022507378,0.014435425302934457,-0.019203582953501885,0.003639733672417489,0.03104607705653295,0.009311964800668093,0.01868162894425235,0.008979951319920854,0.009867265468985753,-0.003435713983673816,-0.00027754186568818007,-0.007674014944280549,-0.022559688409011902,0.013553458659844642,0.020437104414492535,0.0,0.0,0.0036989419233270926,-0.02072064329091644,0.0009146573320317763,0.022232348810123148,0.00016693020267355418,0.0,0.004531579564930166,0.029047953450509756,0.0,0.01847226603336205,0.028224778656697924,0.0004884521972910449,0.021210461469707897,0.0,0.02112937432112616,0.014305722400452303,0.007001379146263642,0.021605855620018655,0.013179436098148145,0.005824242985316863,0.018631691827442065,0.01303645945337073,0.03213906685202372,0.02915693094230848,0.017442930502248932,0.012331090907295006
-0.0026797892364198717,-0.003964368763447856,0.0021667773652291333,0.0,0.012315740593485891,-0.000176251445545339,0.02800708451541145,0.005952455523597522,-0.00996736929111397,0.014735924816025814,-1.4091325606313543e-05,0.010536181127442534,0.021084313400119903,0.0,0.015797898830203883,0.0,0.004370924809933119,-0.0226185684682515,0.0014192883071297846,0.029892322695321216,0.011798742452471422,0.012813016790727438,0.004478386356902009,0.01324065110897682,0.002224605256294143,0.004368200074745587,0.006176296056755126,0.01849212210331802,0.01866028079565063,0.014997123267043555,-0.009645193773854976,-0.003010356475275422,0.008574096780729179,-0.009437588405909414,0.02318234800147634,0.08786867370667734,0.0036329116015375584,-0.000980645469813135,-0.009021456417365792,-0.006584004368882623,0.0009310685715814837,-0.006558212583301193,0.013709213627039696,0.0,0.0,-0.010484787486681524,-0.003574181614149685,0.0,0.0,0.0,-0.004389718575233792,0.0025806109517937936,0.012252940299458115,0.0,0.008362519824679282,0.0,0.00111698121279874,0.014795246167487841,0.0,0.015604278796574278,-1.667689383200166e-06,0.020099843803564388,0.002664891508121936,0.0,0.021429803463967223,0.014334482033830587,0.01633664088260306,-0.0014787334144028552,0.0034267018049190523,-0.00574961661865675,-0.0005612910534995574,0.008786355841562676,0.01599962696530921,0.024142016300995217,0.00022794414783944283,-0.0012177594770068079
0.023770406884628503,-0.0023207250239697386,0.011178727670598076,0.00018359522802263717,0.013550816529841192,0.03676710315916004,0.008817400356778693,0.011045112214106867,0.022846384570149536,0.03003545660874457,0.018074601648453092,0.006510925428737602,0.014766239866441933,0.0,-0.0006817364122637115,0.004370924809933119,0.0,0.01632074397640909,0.01569088304780286,-0.002652378418558199,0.017881956188053272,0.00709440589500665,0.008993306929023281,0.0306515463802432,-0.009399342092938356,-0.0021984431759484724,-0.001332130627199446,0.02409093627230452,0.01541667856095913,0.0012162683059931956,0.016326857248739834,0.0039030100517299937,0.016462489426130877,0.006045567370088434,0.010526595848933673,0.013715490731250612,0.007261260942600711,0.026716861056419572,0.027844687855327177,0.0382473000249014,0.013040614319667299,-0.01864907452877218,0.0,0.0,0.0027788569972262422,0.01472007309560669,0.014421128735708943,0.0,0.0,1.6653345369377348e-16,0.00033126385077009157,0.00016795743891911963,0.0,0.0,0.02228789231958128,-0.00029807936806358626,0.013932884514321064,0.0017290631427202552,0.0,0.0,0.035855410807431376,0.03074743708873201,0.02400381631245746,0.0,0.0002973152974292681,-5.551115123125783e-17,0.00755060490101106,-0.0017790538230330055,0.013666894482011027,0.015555055597912648,0.02176360230510188,0.0,0.0008664388973941284,0.006144774542617304,0.0,0.022144482640586438
0.017627365110668036,0.004749273077954863,0.01640139307860311,0.0,0.01326749286425083,-0.007384222389316353,0.02680633078097283,0.007987676198403904,0.0004693047235597714,0.02417441201820575,0.01222877967675512,0.00023335457981737973,0.016680867047635273,0.0,0.01010310921567098,-0.0226185684682515,0.01632074397640909,0.0,0.01109525082804369,0.012051879589227044,0.014074367361499307,0.008411225838732383,-0.007541399833837059,0.024720058326774486,0.0005457510282701472,0.012208080335903648,0.0025895955236924784,0.020559321567924893,0.009716216033360314,-0.0024254402304520473,-0.0035059664329753493,0.001281213670992376,0.004191804557668544,-0.010224102159987536,0.008979136439791202,-0.029077474965925276,0.0,0.029396543316957735,0.006327631695842717,0.008109567844691412,0.007323621932846747,0.0010434907505094126,5.551115123125783e-17,0.0,-0.0015437724635191108,0.015174069977299032,0.006124580853081596,0.0,0.0,0.0,0.043001739875031864,0.00015772936491781353,0.008364304046865556,0.0,0.011692142136344563,0.0,0.01788046504167512,-0.0011105055132037966,0.0,0.017854731946294333,0.007460199703768489,0.021840535582861587,0.01675350214941984,0.0,0.018400439390465095,0.03358944482367349,0.022160896419807397,0.0002398052495523051,0.023768027192298313,0.00706650191886532,0.0123743591981329,-0.008798278672637494,-0.0036499287123065716,0.021906775777288945,0.0,0.012819963947424795
0.0,0.01844087606770245,-0.009937726657041734,0.006609780808436161,0.025580317860786683,-0.04024927433685993,0.03778861918313231,0.05139427569638,-0.0011333797558494285,0.03102795278492826,0.014163111416685692,0.021258236053614488,0.0351974115598786,0.024071462932175824,0.0,0.0014192883071297846,0.01569088304780286,0.01109525082804369,0.0,0.004686933421204964,0.007725896860598158,0.022559205029347384,0.03538290165972974,0.023368095399238786,0.018458719143085334,0.009463424279058996,-0.04226952863235578,0.029288815746311814,-0.06386984766201992,0.02563306145783606,0.029174520088254885,0.01607685200576925,0.02853557836042847,0.021970975809350368,0.023502390083519065,0.027668746048584103,0.034693488250214344,0.013121940753518913,0.015491340408810617,0.010588637406809764,0.025927478635867418,0.00858805195167267,0.004772079369128324,5.551115123125783e-17,-1.6653345369377348e-16,0.0,5.551115123125783e-17,0.08420919482629208,0.0,0.05489740372742158,0.023100777782529835,0.033342356574938004,0.04655539110262141,0.03554187911532647,-0.0009470409556145976,-0.10120280550335287,-0.0010808336040167288,0.03177387193698311,0.0012183473894292196,0.0003561000767948186,0.0,0.0,0.0,0.035024657599102116,0.0037759437663222872,0.0,0.0037786725937983823,0.03943230593026137,0.0,0.0,-0.003144737021034183,0.027341674549620887,0.024430397270449156,0.02013682454155513,-0.0019127049930141027,0.06292952021068321
-0.012759264231330614,0.011128935683508867,0.009909658031043322,0.0014674057401214968,0.004020300234803986,-0.01878919267813589,0.026352908646369355,-0.013352188538688525,-0.016582249972494578,0.0007711230580989548,6.476188336179689e-05,-0.025028331095912293,0.01693892546941883,-0.008877771405738089,-0.0007154078229216765,0.029892322695321216,-0.002652378418558199,0.012051879589227044,0.004686933421204964,0.0,0.004141511713152579,0.01841341868507651,-0.0527914317912086,0.007711689654220533,0.005559018855059439,0.0022559705536107644,-0.0022650427919124194,0.018241026912405756,0.010584978317549232,0.022914039319888835,-0.004557185285806287,0.001778023562697184,0.02073995531188655,0.0033108215857574064,0.016304895964163568,-0.00604688262197306,-0.022967127332740922,0.03678377607323979,0.015461985989523752,0.033205322224860834,0.016749820025487305,0.02866318830972414,0.05006162919932,-0.0008568602394610769,-0.00373643007388752,0.010737793668063433,-0.0030146827124568065,-0.0007718563765343744,0.0,0.0075016555059768675,0.017736413873273127,0.015535320611779757,0.030444570759865786,0.009357950824390615,0.007727713658273905,0.027670216475642107,-0.006616469651360701,0.02759587728404289,0.0,0.012688219585742788,0.00559325806842792,0.00400613145399098,0.021918188343305334,0.004244966554683927,0.010486860550686261,0.009060669418560041,0.006921643971595948,0.009120856951225054,0.0027710659716460584,0.0008083373176179243,0.012028401970697822,0.0034427769614785997,0.024036791921656753,0.01954685859048988,0.017039512366549936,0.01463067419599523
-0.009247932159291705,-0.0036353801947076048,0.013602726830990342,-0.00038141922773937686,0.014841035968060967,-0.021380288244890244,0.032264875289088224,0.020729271791813664,-0.0022003164541773423,0.024235085353373986,0.016806930761372352,0.01751962351079922,0.02184540134313029,0.01151814483807867,0.014973555384536263,0.011798742452471422,0.017881956188053272,0.014074367361499307,0.007725896860598158,0.004141511713152579,0.0,0.012848298742453634,0.01032600604965378,0.016982045756340547,0.008002656710260181,0.014889314822584043,0.0018506812685543106,0.021591457435196804,-0.0025185097641170495,0.0123772073032975,0.0038607247035662984,-0.005992068811778217,0.013129913736123544,0.01541544201104561,0.027172118478855256,0.010147669660354686,0.019430523831637736,0.003066983779063448,0.007041476516637113,-0.021709521491244388,0.022055375965397972,0.027954136389199635,0.002622276742854035,0.0,0.0007561955675369769,-0.01796537843673124,-1.5218571941033598e-05,-0.0010601802572552943,0.0,0.00020312039009467986,0.014676062994157746,0.03710105767653077,0.08440345992549403,0.0027121226138704935,7.500453073056024e-05,0.0,0.00047725291598299524,0.04476428371900415,0.0,-0.000709613337103121,0.014932846075493333,0.0,-0.009681123452254192,0.0,0.00960827385214058,-0.021753850245586848,0.003601670383203026,0.006069593069392032,-0.007729114564054063,-0.018541029806136478,0.008301713982204362,-0.003112527195191339,0.036671631719901066,0.03406340764122673,0.023722086039928814,0.008293035641305624
0.005990279235829954,0.008674422273151405,0.007107878270568857,0.0035119303380991562,-0.007415456295821077,-0.015157938823241346,0.03487526733290697,-0.02582701631214762,-0.01908541440782302,0.0023492771986298178,0.005684646915575409,0.06171046027869903,0.0187837357173517,0.000341195957011986,0.003367050045244069,0.012813016790727438,0.00709440589500665,0.008411225838732383,0.022559205029347384,0.01841341868507651,0.012848298742453634,0.0,0.0050247096838939576,0.06474296885348468,0.001997196688849623,-0.00030066412291612776,-0.008858785076554965,0.02791833197213406,0.017845956724953593,0.030878430280571745,0.006535343642205316,-0.009342169740858997,0.008510609575761219,2.146902542699003e-05,0.006539686130233979,-0.01336177606003408,-0.023961912955987874,0.039275454936376464,-0.008233138351691205,0.0027921019767293553,-0.0006676378624107526,0.0019212280929389314,-0.03567580541537557,0.0,0.0005215146568319229,-0.014183486131020107,0.002171047252489955,0.03026209320936124,0.0,0.0007667168123708934,-0.010482748242459816,-0.008417704951996396,0.01600864094350979,-0.014767919238667992,0.006741335286275518,0.0,0.0032629346238733925,0.015122570517135225,0.0,0.007367661893561084,0.009444382591635936,0.0019853552842027944,0.012690635787662441,-1.1102230246251565e-16,0.0026469943917568073,-0.00505156635090076,-0.002474286141218751,0.0059391640354719,0.01752584940614149,0.003744754184138721,0.01006797306418128,-0.0018751057608957789,0.0178665350718738,0.008539528436359745,0.008556753211725665,-0.001974469416207436
-0.00912464691984577,-0.007330628956431828,0.02254763708446711,0.011549987298094033,0.021241362814907294,-0.008220562032586642,0.03705626435800502,0.024609730165902732,-0.004513801649483895,0.017051027728495982,0.05067061864780692,0.011669094334155306,0.021522429427488,0.034721700812199996,0.012969663595153502,0.004478386356902009,0.008993306929023281,-0.007541399833837059,0.03538290165972974,-0.0527914317912086,0.01032600604965378,0.0050247096838939576,0.0,0.005486181448913829,-0.005377802608327986,0.005386312435714025,-0.009456051946373445,0.023531898885788993,0.00418793564556208,0.017841621474692704,0.006340382427229618,0.012863240627679073,0.017239902352220615,0.014271913594560925,0.022063607987338973,0.034533977533372395,0.015813653243393178,0.014654921499834939,0.027326041426549152,0.045462163269102296,0.029055727460320258,0.026164655825780758,0.039924267199331065,-0.046004712922767366,-0.025039946627233967,0.02052117175438284,-0.004575136666645385,0.07852545370972275,6.324163044207909e-05,0.044194375412536346,0.01686397873211265,0.02888926033195549,0.02583508594279499,0.03231112769588118,0.02545231088024824,0.07075299509598465,0.04610827450514465,0.031609578118409254,0.022368998409924012,0.011182967192778781,0.0001358052107187091,0.012306863749122043,0.009654120490612816,0.07546204345929153,0.012350378720403898,0.014532801499797077,0.0024824017021545797,0.0313739959144419,0.0037346717241576455,0.01119182786191747,0.008947703873716295,0.025809928352291678,0.029215818700171203,0.025871401051635545,0.025282847468759195,0.031031805427404136
0.0012585768715189793,0.026780704968041025,0.028119005170262834,0.007395988591529401,0.03207548689322964,-0.0025153092868092086,-0.008422442438514866,0.019158659171256143,0.013957348097614009,0.014739608616451905,0.03262387355104929,0.01783637409892047,0.03236015928689706,0.018693248960113373,0.014085898755346382,0.01324065110897682,0.0306515463802432,0.024720058326774486,0.023368095399238786,0.007711689654220533,0.016982045756340547,0.06474296885348468,0.005486181448913829,0.0,0.007652117764576805,-0.008972194078890106,-0.0064842333834905785,0.009731150770152353,0.010157467452132862,0.011845522857722723,0.015416354173044433,-0.03197064866706811,0.009929196117637484,-0.007415079090990484,-0.012354145294821761,-0.021715072165049254,-0.024285150060471272,-0.002626845760166918,-0.044658171493354326,-0.02360735025277161,-0.03891019495330167,-0.06439209649205752,0.02076764061087527,-0.0024821091178217625,-0.05156221942030548,-0.022424435263897535,0.019176235864322655,-0.00013565532136722291,0.0,0.0,-0.01254495147017326,-0.004763686003863288,-0.00028347788442101285,-0.0027083429103898493,-0.01264996459053136,0.0006149522055498569,-0.016535729989178183,-0.0075477017914358235,0.0,-0.0075359554675458185,0.0020986595179864898,0.0012767509653572873,-0.005733402730072168,0.0,0.0063217705634313615,0.031545138592875666,-0.002443310414844857,0.07796490066846262,-0.0511234911346542,-0.010360168881674181,-0.006380556060369691,-0.011241042855678618,0.05554337175606677,-0.004562280382179151,0.0,0.00185108383585747
0.005541041446028294,0.0009769927199919648,0.03687203817453488,0.0,0.04332153949114087,-0.006590854873476881,0.013797400182146868,-0.004752796364027034,0.0037786229536970195,0.0153342377414179,0.017003080744774912,-0.003981431533124302,0.0053064882999706575,0.00011095292435858717,0.008186161203120712,0.002224605256294143,-0.009399342092938356,0.0005457510282701472,0.018458719143085334,0.005559018855059439,0.008002656710260181,0.001997196688849623,-0.005377802608327986,0.007652117764576805,0.0,2.1102960875540866e-05,-0.004175687448433163,0.010128165583791371,-0.0007565302974825716,0.018311106167245073,-0.0019633346488705516,0.007057033338659868,0.0036172793428671524,-0.0018214409999807168,0.010777496388995611,-0.026299671487101717,0.0006926519877229476,0.02683500234284847,-0.014274153557542635,-0.007013334651318148,-0.010125902608643156,-0.01661472477931636,0.001453606439753674,0.0,-0.10401560125709586,0.0007535394332970902,-0.0014267225217096113,0.0,0.0,0.0,0.009085891182110728,0.0019430595089216518,0.014590019693515033,0.00013382804438927254,0.010279409394869876,0.0,-0.006999141577086587,0.014443441668200496,0.0,0.012258073966141148,-0.0025355072877972784,0.013148820506148684,0.005296648755569233,0.0,0.006271913891214342,0.009344778188806524,0.012312564052591568,0.012294348876958627,-0.005425345390665748,-0.0032942153225652415,0.0007630397769875508,0.016684716769505614,0.009092700192627867,0.012358640717120395,0.0,-0.0031939323956550747
0.009671508246459681,0.0131536799335783,-0.007855638769665219,-0.0020862323128841287,0.005652477969737002,-0.01667890168517483,0.01464575587048006,-0.006310715892303365,-0.006363825635269993,0.015138963914447856,0.014024298227163057,-0.01743645497558477,0.002187498193953974,0.008767518192442869,0.02688791144052971,0.004368200074745587,-0.0021984431759484724,0.012208080335903648,0.009463424279058996,0.0022559705536107644,0.014889314822584043,-0.00030066412291612776,0.005386312435714025,-0.008972194078890106,2.1102960875540866e-05,0.0,0.00452473060566555,0.012002006516780739,-0.014266527695008524,0.012947308638155075,-0.008227270683210774,-0.008100689788513027,-0.004013905553224617,-0.009522183172288645,0.004844106651146485,-0.02648176587053075,-0.0021531095831395786,0.0296492958641002,-0.012886593319522577,-0.0092564827347969,-0.009429265984433,-0.00782625525953956,-0.0216082498493943,0.0,-0.03466640749526284,-0.00010449951824592629,-0.010441236056610292,0.004098904225610933,0.0,-0.0004491638845166013,-0.00048711343824259234,0.016144039564400248,0.0047296661969219445,-0.008448878266666904,0.0026214537249788505,0.00013744968256429457,-0.007952133254146454,0.012824302591201542,0.0,-0.0005491330884682677,-0.0005428870985613177,0.009410952291405816,0.0029127833576032547,-5.551115123125783e-17,0.0034127996750705214,0.01438580368535003,-0.0010577269772106268,0.004684128936837784,-0.0017692860838087188,-0.006073124745326508,0.003729480468358748,0.003850409445204206,0.02331100878416259,0.003965783855964022,0.00014705675790888106,-0.0050773755945272
-0.0055630213183406885,-0.004400232010609517,-0.03057774037208999,0.015359748826906883,-0.0044614364317999144,-0.023273122412453107,0.022506567037456238,-0.0004465370135587343,-0.05188016768273934,0.009753972931914101,-0.031016945831018272,0.011933361633202355,-0.0024869860884816908,0.0043182860071856455,0.04383461630443947,0.006176296056755126,-0.001332130627199446,0.0025895955236924784,-0.04226952863235578,-0.0022650427919124194,0.0018506812685543106,-0.008858785076554965,-0.009456051946373445,-0.0064842333834905785,-0.004175687448433163,0.00452473060566555,0.0,0.005798761177086331,-0.0023279936282805114,0.0022454216325680787,-0.008678822360827454,-0.0017190588825089503,0.012402936426220312,-0.0008256891515237008,0.008437966266228558,0.0032042329459741614,-0.000835201710996436,0.0038109994646355894,0.02142844631005919,0.043307400459596135,0.02416287328126987,0.03666307409113978,0.039749809229706334,0.010735685984762267,0.011020888604221402,0.03336697135093275,-0.0006694008390991102,0.02796873915622866,-1.6653345369377348e-16,0.022827131938108036,0.006074462016549931,0.020474600518397,0.01189703763535127,0.02898677979039066,0.02273418685701789,0.01885373127911294,0.01047854123414832,0.023928650682678465,0.008819349887047911,0.012185981211970343,-0.0023521377403104005,-9.962993618778393e-05,-0.012599340455659469,0.038425453400922294,0.008364876297646207,0.011097091437142936,0.0012529537825330395,0.01374066198920798,0.009969623228059388,-0.029005764987678984,0.00530689789857236,0.013539199999362372,0.025800654305980775,0.022731323811849835,0.02397861087407338,0.01951321726759836
