0.0,0.021025722770786126,0.01457075393920565,0.0,1.670324681946056e-05,0.026364310712211958,0.015181640914591399,0.04892122301400259,0.028443416020781487,0.048770738512683764,0.0004403388362308469,0.029238900630762565,0.012132471651418564,-0.008238671721054913,0.03459265419406754,-0.004150191325774766,0.007095383523737897,0.01220039223379582,0.0,0.018506738299612302,0.05081399358709543,-0.013806877125478345,0.03324691239434785,0.027561429379124536,0.012175326578206191,0.01346546029252288,0.03273852454941156,0.04597919353423424,0.0030183369114162306,0.027877667695612396,0.006200057677003823,-0.018769261303160978,-0.006693034558395428,0.0008408913600211343,0.010072971154565735,0.016567736452314186,0.0,0.057000894759757226,-0.01933846473624995,0.02370946358658399,-0.017190135315644173,0.05329219182924261,0.0,0.0,0.010959427555772283,0.048824572028611846,0.020577784230785157,0.0,0.0,0.0,-0.021105882731789816,0.0,0.005955170500179352,0.0,0.025810178699935904,0.0,-0.016221421624471488,0.00801751215376939,0.0,0.08227142926920605,0.0017799088764625104,0.06356304345620067,0.006974009516765467,0.0,0.04424122866369623,0.08782259469222042,0.011310155785714315,0.0033110225194537546,-0.06425022147216997,0.0011057264647807985,0.017943737161211115,0.08820281140420988,-3.531626003699939e-05,0.005602661848165602,0.0,-0.022851128896113237
0.021025722770786126,0.0,-0.0006201423097051961,0.0,-0.007164701913985105,-0.009714797511117756,-0.014079516107920742,-0.0034812255908371337,-0.0009112488137051344,0.046552713778209076,-3.2940370575440525e-05,0.019923914304426582,-0.021143662949037856,0.0,0.0358718588017613,0.013381029070386075,0.0090000184710739,0.020621794033930052,-0.002613054855177488,0.00440744833059753,0.0106206436144069,0.015215806460418924,0.0019320009559580797,0.021560901380895336,0.024466953630181698,0.020893495841811383,-0.007803641057937183,-0.021535475512233837,-0.013496397251066217,-0.004288258395171551,0.009394064259366341,-0.006651995589644133,-0.007201178425729593,-0.0011016029375699454,0.01601385879632866,-0.06315300221454889,0.006867509281499595,0.0005734819605431318,0.0060893563505863835,0.009308678346034827,0.0024778140806595017,0.01636446576968109,0.005320282190906467,0.0,5.014899942756834e-06,0.03472434803626001,0.029866349125397762,-0.0029861832930713206,0.0,-5.551115123125783e-17,-0.002220018948676572,0.009611612865098818,0.016707833807644457,0.0044627973903082485,0.02165282001592611,0.0,0.011305128931103359,0.006191618998180326,0.0,0.02601767715213027,0.01716570800922379,0.022680470460400004,0.018979937664796276,0.0,0.01559236984973611,0.02549261186177809,0.013739116487275604,0.013116190325390797,0.018108744331720328,0.02572673797602182,0.01791856434222705,0.015050911332202321,0.0111514911745913,0.012051432920095029,0.009486192872288413,0.014302915156255591
0.01457075393920565,-0.0006201423097051961,0.0,0.015228121692788477,0.006846707357531567,0.020792069549502967,-0.001580999875919753,-0.005728843037939968,0.019554381406855614,-0.012372608778720262,0.013110677625448153,0.01601433236512395,0.008294454348936053,0.007784988197959031,0.025669203310580258,0.016124452666474665,0.009055943365099628,0.014289289969547592,0.007293120367036443,0.018557906439031713,0.006686822022533845,0.005694389750733719,-0.001509065995527692,0.031140236613982075,-0.008899560427084785,0.018295106410035067,0.009961024632521687,0.005939953154771804,0.02591238591546907,0.006027631820057167,0.008562344419737744,0.010113139420674822,0.001643482522561468,0.008007143116847304,0.011532902417491941,-0.008565572233124708,0.00908528120585328,0.008174674841199492,0.020711290870443433,0.005364146731960784,0.007635458511314086,0.006312373420827577,0.028359720419591117,0.0052721331196538546,-0.00010441383415782379,0.0,-0.0015917254619310928,-0.04048650860039854,-2.1753607173380374e-05,0.036848200686543375,-0.0026627376023166116,0.018790365397080566,0.0042930978423223465,0.0129735028918192,0.028879737792420812,-0.022749473581766544,0.001377923951704163,0.017461448174028726,0.037279036247652164,0.01892459258254675,3.814668657270426e-05,0.0,0.0,0.01843103005703073,0.011643784314017525,-0.001345319705606307,0.0076202435722639295,0.00418580626349585,0.0,0.0,0.0009319807466126595,0.01489587970335804,0.01745208854812419,0.014927097281872692,0.01187311812611902,0.03661693520536069
0.0,0.0,0.015228121692788477,0.0,-0.011813231203933738,0.007025745392101823,-0.0005921204028710436,0.020897803100359158,0.008356383685067859,0.0381541505429,-0.01238561764821866,0.02301259449647114,-0.024494717871895444,-0.001088170803421662,0.008444622484979236,0.0,-0.00010132502530185716,0.0,0.017469621426968562,0.018817179735779455,-0.0005882162798296342,0.005200606219178061,0.01246144670688304,0.008569474359870266,0.0,-9.408197936833229e-05,-0.0005625448841922176,0.012377504756112157,-0.00981683815621498,1.5425090368115235e-05,0.11301029597828094,-0.04752613454854393,0.0380924281292056,0.041693735993220404,-0.008287916838945086,-0.04082993376802008,-0.0255254240425086,-0.019958612844421297,7.393883448397753e-05,0.0,-6.0024170201899985e-05,0.0,-0.000531731421513304,0.0,0.0,0.0,0.0,4.300025301995358e-06,0.0,0.0,4.2408169623198155e-06,0.0,0.0,-1.0066912920714266e-05,0.0,-1.0305977636015928e-05,0.0,7.578375237127233e-06,0.0,0.0,0.0,0.0,0.0,0.0,0.0,0.0,0.0,0.0019291578950978439,0.0,0.0,0.0,-0.0013682532886065135,-9.867335154345458e-06,-3.8809480467971724e-05,0.0,0.0
1.670324681946056e-05,-0.007164701913985105,0.006846707357531567,-0.011813231203933738,0.0,0.008370321719577245,0.020483228350431648,0.03431263861002787,0.02478733861954252,0.021860145342942783,0.023938566860557897,0.035292180024230235,0.01144882552012555,0.028199263652246787,0.015313630808778234,0.005036543145673589,0.011155246981513822,0.010229887827949646,-0.002334616161515368,0.01053365880348478,0.012079758768986537,-0.006763024959230701,0.01597758082056744,0.034981753985276975,0.03321638662727122,0.014465574220812405,0.00999503115074174,0.03258592320213399,0.016782834201878816,0.009063067412009407,0.026499971836950187,0.017505464702342988,-0.00500814865149779,0.015709756520370766,0.02765040349950687,0.018767025054604813,-0.002721016102221474,0.006622303512999805,0.04199062054742303,0.016580789758479597,0.024851585125015396,0.007102143102857339,0.01690916327521924,-1.0584533536694973e-05,0.02118500969905751,0.0,0.008172316904092758,0.007475784145515085,0.0,0.020551322998382804,0.02150410923418944,0.024730535801895215,0.03931326003539126,0.005039173382786144,-0.0010468820190009942,0.009509471803714642,0.012351444818638924,0.03088248343225808,0.014223567651814706,0.0062049543444361865,3.98936390287874e-05,0.0,0.0,-0.005002871496722627,0.006158341530111078,0.0,0.00821844993663412,0.018993869015878295,0.0,-0.0002504991110533483,0.001586145391192062,0.02702642477255235,0.020438558356350778,0.02215353167733175,-0.00034649746433157436,0.015638128646157434
0.026364310712211958,-0.009714797511117756,0.020792069549502967,0.007025745392101823,0.008370321719577245,0.0,0.012412709449862669,-0.003504023965717251,0.031088875187274934,0.0032561287323182864,-0.0005981537416982485,0.0067800476092648165,0.021843501439240243,0.00032379826101480713,0.005459211330936853,0.005471672241234571,-0.019911538752530877,-0.003960374889947438,0.01830662663555499,0.0027202350108153084,0.0110513922933686,-0.0069226070233195935,0.004660532302178,0.03750029023639617,0.005553579992054858,0.0068404477292474675,0.014269787818653401,0.0239941664067696,0.006200859242244894,0.0077857601033690105,-0.0015034697093319616,0.004877484655729958,-0.007319228498272379,0.0021792893399326663,0.003546015755952703,0.020180793491740012,-0.001787472060382933,0.011031627488838402,0.020664575202337776,0.0030974510283235945,0.011708487084088226,0.017856637126163255,0.020468467322348916,0.032114972493800575,0.01436687142876153,-0.003167224108012845,0.012027016240326704,0.0012519981727530105,0.0,0.022527096671742797,0.01302989660851317,0.022787225427529312,0.02791649946878999,0.015022362192917194,0.016313658079215032,0.005765455951557863,0.018162490737115455,0.02220532898593297,0.02652730829974803,0.02966324184480884,0.00840347599744784,5.551115123125783e-17,-0.0035333577545200168,0.0041655134023784735,0.03276128832320113,0.02151722741057438,0.020264017440837834,0.01699517983231058,0.0,0.016109854327315043,0.01694246755578699,0.02142534876536495,0.021281247556549032,0.01867026457965193,0.019000973467082072,0.009662422995987519
0.015181640914591399,-0.014079516107920742,-0.001580999875919753,-0.0005921204028710436,0.020483228350431648,0.012412709449862669,0.0,0.009411101224240492,0.02085410551653305,0.029419986258549136,-0.013558355549800505,0.05313056116924236,0.03990164553958553,0.00643672413118912,-0.002893831632655941,0.0024128112766239607,0.014896836488134058,0.001590311339440209,-0.005787456901415744,-0.001044307280912704,0.014959421441875509,-0.012233669535795855,0.0025178807793855285,0.03598379294564791,0.005198173482029833,0.010819170992297455,0.008230601283331251,0.022927916398248316,0.0048089626028131605,0.013045103298267302,0.039587216870325515,0.0010293865431860172,-0.009924371885399075,0.021159230940713813,0.021632425065635785,0.015420073752672236,-0.014820732684192817,0.008468629146744122,0.033697599792005706,0.14423566374229485,0.02790772717426593,0.020550637521588255,0.024669339917882727,0.0009402124169444193,-0.0015414193641352658,0.00033724842203652905,-0.0008005342559001538,-0.004787189620716448,0.0,0.009711725429149554,0.01739416686795503,0.018598490960486158,0.03827328236523453,0.0035036417879608095,-0.031796722503517116,0.0050869440158963775,-0.008749994728275479,0.02555718595958012,0.026524050504519447,0.03511334638622898,0.003033205181271592,1.1102230246251565e-16,3.759194794389353e-05,-0.010940219862119682,0.021686245028387563,0.029361794584810474,0.04074387667099805,0.016489384085490832,0.018995184916380692,0.017324594995018427,0.010026878094615055,0.023049263185940472,0.02216953512310338,0.022610087434439596,0.023342663794842844,0.014354418370044364
0.04892122301400259,-0.0034812255908371337,-0.005728843037939968,0.020897803100359158,0.03431263861002787,-0.003504023965717251,0.009411101224240492,0.0,-0.006163842474661341,0.04184552867643909,-0.016471070117172915,0.02964901537719905,0.006631034200841379,0.03309729372869613,-0.002094119319465071,0.022015716986597322,0.029451980713388948,0.03760380848294875,-0.008354377088510223,0.005647754706638752,0.03666504092798423,-0.006477379734975419,0.0065360740175485765,0.04257909598436871,0.043773559601779144,0.033255917660759804,-0.005571409860874066,0.0041064461336038915,0.004236329930823957,-0.012148888876125807,-0.015287979621407155,0.015269250392888123,0.03402677808963217,-0.0058031602000850335,-0.006818354874457089,0.017350686227865786,-0.046084925952750544,0.07108553713232052,0.008332675697787673,0.026139223624265906,-0.004086122012431748,0.01769756387439969,0.05008407449596769,9.832089897798824e-07,0.00025103167237633395,-0.0036358213403721584,0.0456320428764026,0.02341072653163745,0.0,0.024472218055613837,-0.0007176406761207899,0.015744436260215156,0.004427079206342721,0.01936529626874761,0.016211268451513494,0.035134070419968244,-1.1102230246251565e-16,0.01320233166161966,0.015621173035610003,0.0051003281931086275,0.03960775022719504,0.0,1.4403738122836796e-05,0.02837871656176305,0.017034880853213197,0.062366542879015,0.015295310578152754,0.016218666619591593,-0.000663458401419903,0.04012058773082605,0.036475391246940714,0.02216343650921393,0.009294270740975163,0.012672777471386787,0.008998933236555429,0.007573309289748087
0.028443416020781487,-0.0009112488137051344,0.019554381406855614,0.008356383685067859,0.02478733861954252,0.031088875187274934,0.02085410551653305,-0.006163842474661341,0.0,0.008987362210211736,0.025372230443339583,0.016220113821314552,0.024702951887525748,0.012069487947537594,0.0062609059821639446,0.01633799493208843,0.005450424457422276,0.0021272038964231244,0.025824652352421595,0.014050381333879591,0.014767818612416495,0.0007748850209922109,0.004980164861019654,0.014798297198201138,0.02457910567574989,0.012978899129889199,0.004794290422064973,0.011975073757684473,0.027619795219424703,0.007158786921984184,0.012580194190818239,0.009551396079328811,-0.0035177978243915997,0.01433696649103211,0.020220036391830787,0.006686457290859593,0.01705322012634214,6.373523186659069e-05,0.011715271775331826,0.006409699471180252,0.030479299594859843,0.023024633421030005,0.028309178637937638,0.015667727216045868,0.009007086887183657,0.0,0.03257019358981139,0.013486539419750754,0.004143225866720668,0.018489108941280197,0.006992892893832647,0.02051286712646483,0.010460164178856646,0.0018092124495119322,0.03071524141789239,0.008374637819232977,-0.0027010764655063246,0.02148954414072035,0.0006179445562024544,0.02853058865589425,0.01168219826156941,5.551115123125783e-17,0.0,0.0021234741777665933,0.0322213348440642,0.005124104639245675,0.03881783686059409,0.00872591148830415,-0.0011951737525960349,-0.006901362594837868,0.01455759857903971,0.011897657944401896,0.01998852715793409,0.018628461261474105,0.004863216542655202,0.009773782395927522
0.048770738512683764,0.046552713778209076,-0.012372608778720262,0.0381541505429,0.021860145342942783,0.0032561287323182864,0.029419986258549136,0.04184552867643909,0.008987362210211736,0.0,0.0033531098691773065,0.02106538562398863,0.025862267679514772,0.005204341246485722,0.007285437235663106,0.011247266492276808,0.007145309769307495,0.021906288235488458,0.005736199980089951,-0.009385282516947924,0.035819642731929835,-0.0049094036680298325,0.023288642071349064,0.04252771430241781,0.01534318074238844,0.02022749034077348,-0.0018016684416093387,0.02097548422237855,-0.02083597697932571,0.02164385860818724,0.015714983356738987,0.0008228236143312806,0.011584610930985728,0.0012494149046818337,0.026176100597265994,0.0352950877312565,0.0499936247501957,0.03081874374390292,0.06852983079132619,0.058425286279975674,0.0403015981192516,0.021951441782219583,-0.0053838651639678825,0.0028709013075439715,0.06876761689910249,0.037961551671603366,0.01596933790140298,0.014298379432993058,-1.1102230246251565e-16,1.6653345369377348e-16,0.0184019563337372,0.014875957153586195,-0.0010890274201307282,0.0215383812552159,0.029996371649699205,-0.0036534756062107654,0.035550100972815746,0.0074792922807148665,0.0,-0.0008509855870231786,0.037188005659570755,0.031290427341847504,0.03807478810643733,1.555211222026287e-06,0.009647286253870402,-1.9651449178814673e-05,0.008047766101321574,0.0117029015482919,0.044560197286815484,0.039013310906181986,0.033921063114947136,0.021287633945486495,0.04525220959061843,0.022548193196077537,-1.1102230246251565e-16,0.04027310043731952
0.0004403388362308469,-3.2940370575440525e-05,0.013110677625448153,-0.01238561764821866,0.023938566860557897,-0.0005981537416982485,-0.013558355549800505,-0.016471070117172915,0.025372230443339583,0.0033531098691773065,0.0,0.01940330850033123,-0.005157547483884584,0.01800407013542843,0.0,1.1681324726398046e-06,0.0020991135310804987,-0.0070824734664486355,0.006682502983821448,-5.368583556042417e-06,0.015830006693525134,0.01021233573127478,0.020380656611022563,0.009655163810291634,0.0024588646149369953,0.010181729706243148,0.015113752625769639,0.002007748237786766,0.01676298409246596,0.024264095710617606,0.00989950617780766,-0.02243591518905208,-0.021594609516107643,0.003344152357453334,0.01046163788719584,-0.020441001837632533,-0.05300071664621098,-0.010519840146774428,0.003326970081692582,0.0017678943659436563,0.008945440494908918,0.005303971558730469,0.028563848892700194,-9.203443868111005e-05,0.0035318412626771933,0.0,5.551115123125783e-17,0.05016698142466708,9.421940000697848e-06,0.05728621254070321,0.00808758700696477,0.032384692603275145,0.026624376537996652,0.022495981233016438,0.021635309437624373,0.05855316220937212,0.01338672080854264,0.028416351376015225,0.021058623594046033,5.3274664378100134e-05,0.0,0.0,0.0,0.04036088867013099,0.016406100730364803,0.0,0.01778329221869146,0.015941750022272383,0.0,0.0,-0.004384387604087103,0.014211512596317255,0.025534325104276445,0.01188393293609219,0.0009621291997748416,0.015995511904588977
0.029238900630762565,0.019923914304426582,0.01601433236512395,0.02301259449647114,0.035292180024230235,0.0067800476092648165,0.05313056116924236,0.02964901537719905,0.016220113821314552,0.02106538562398863,0.01940330850033123,0.0,0.03509542948669503,0.038604354870335644,-0.0023971585996004907,0.016669593296427643,0.014240852469945331,0.014059455502836327,0.024102983822004098,0.031722197251757844,0.029124439610803465,-0.0033723967282938694,0.04948201523557516,0.029554333030512026,0.022872456851758705,0.03406875692076966,0.004038081942277061,0.033729405007232593,0.009032198320151008,0.005293930531767688,0.023773210959933566,-0.017102439907405786,0.0035246729408042188,0.027861900104997617,0.031052731902389274,-0.03221639428695072,-0.0353083666212573,0.0013641564497373082,-0.018831316291245626,0.053373650744028056,0.06052539881897023,0.02177521013184658,0.007413974237280407,-0.0056387126886398575,0.0330155878362956,0.039307941599643625,0.017527935124859395,0.004712543566834371,0.0,0.0003938107147283265,-0.0075325851328931215,-0.023286752614085415,0.0,-0.00440742441461256,0.03420080905437761,0.011658647883895812,0.02281343235198008,0.04198507677920471,0.0,0.00767538877909707,0.04637242671894837,0.040088790217045256,0.046137279023265254,0.0,-0.0030960875011117883,-1.1880846175038595e-05,0.0149304817282509,0.01353241248853787,0.05407945522783553,0.04969792468285622,0.045871449381176155,0.027960708081030183,0.07698781789075498,-0.013811782243200288,0.0,0.04276950426652831
0.012132471651418564,-0.021143662949037856,0.008294454348936053,-0.024494717871895444,0.01144882552012555,0.021843501439240243,0.03990164553958553,0.006631034200841379,0.024702951887525748,0.025862267679514772,-0.005157547483884584,0.03509542948669503,0.0,-0.03741270136090641,-0.003096732910233768,0.004899555491036378,0.015823591231701628,0.0016025807957393834,0.00401288018553525,-0.004472906839370905,0.012367949638142195,-0.01439987859198305,-0.0002400108693932923,0.03125311613626591,0.0012392026378672538,0.0022356746555463602,0.002028516894845178,0.03351392346856369,0.0021694067596800815,0.03991103337032964,0.030099502393158895,-0.0012677058076026593,-0.00021235620111009768,0.022410861802138138,0.029601643263610977,0.0015379258788749683,0.0037698226500610388,0.007370121692605036,0.014958423623219141,0.02748025354562106,0.03132380222429543,0.019113320172654436,0.01870906039715936,-0.008947017463343254,0.013330934520190518,0.00617575835085421,7.763690599676965e-05,0.0029588425324084122,0.0,0.003782829986790137,0.020945857317881345,0.021349869633569996,0.03806007807135897,0.0056024306091486675,0.0539729598817012,-0.003445927712063368,0.05311657203959763,0.02895181557207749,0.016356910331604135,0.03460455281126851,0.019752934927288246,0.019916886653374488,0.04157643507530223,-0.006720564117335681,0.027804480755333927,0.02295223847747957,0.024532547229662416,0.02204300482727395,0.057626020225036934,0.02218359371641987,0.007203774877378055,0.023860908421228566,0.025257695283275816,0.021623118431185695,0.02127881615514915,0.013949489301790519
-0.008238671721054913,0.0,0.007784988197959031,-0.001088170803421662,0.028199263652246787,0.00032379826101480713,0.00643672413118912,0.03309729372869613,0.012069487947537594,0.005204341246485722,0.01800407013542843,0.038604354870335644,-0.03741270136090641,0.0,0.0054688816931081075,0.0,0.0,0.0,0.01025260159932223,-0.003033194587750976,0.001891913534424472,0.0028240198910584047,0.025345089878226812,0.047865694394253755,-9.197694913809507e-06,0.014084858318285376,-0.004622983015360516,0.012570214693510051,0.024803299225029884,0.0002983550839504856,0.026579817025901176,-0.07907446024113124,-0.00938956322031409,-7.504935009455815e-05,-0.0003158221793670979,-0.012338449133436541,0.02181661559820547,0.014666487839078646,0.040086720376260654,0.0,0.00168467463197286,0.0,0.02304809218106002,0.0,0.0,0.0,0.0,0.021990277276914272,0.0,0.042681194582289084,0.012720424484805926,0.01817961586106398,0.012049652776278341,-0.007578717003674185,0.0,0.022619295994443622,0.0008378201956001918,0.02715816177226016,0.033060383262438986,-5.551115123125783e-17,0.0,0.0,0.0,0.026543114020698422,-0.0014855192099064718,0.0,0.0,0.01933648146584821,3.42802052513691e-05,0.0,0.0,0.007851969661298863,0.03756083493415163,0.002835633855082287,0.0,-5.551115123125783e-17
0.03459265419406754,0.0358718588017613,0.025669203310580258,0.008444622484979236,0.015313630808778234,0.005459211330936853,-0.002893831632655941,-0.002094119319465071,0.0062609059821639446,0.007285437235663106,0.0,-0.0023971585996004907,-0.003096732910233768,0.0054688816931081075,0.0,0.014077936381806433,-0.0009273823552830573,0.017634148424696128,0.0,-0.0008356021311087258,0.03209202126282518,-0.00506493464439961,0.02138923656291447,0.03543666468216339,0.023636121039987523,0.0018321008205492428,0.005522841624101438,-0.0028542587934520802,-0.014760853401721175,-0.014807234725266072,-0.006258105464714836,-0.007552645707471994,-0.012394698056316156,-0.009564871471473613,0.015973937147426454,-0.016572132656724303,0.008768282729099686,0.018157223486724494,0.025676840603819306,0.037466967833026665,0.021597077141087273,0.023673327927410615,0.05204614404382851,0.000324956847101987,-0.011139166939629075,0.03533168004067122,0.029953592453796474,0.011625262742644249,0.0,0.0,0.026506884808511766,0.016814060383027407,0.03067159534707864,0.01940614081594705,0.00012445687583323428,0.0,0.0077022770033818855,0.01695443222673959,0.0,0.04489013568106237,0.019080736860193126,0.0006672935385024781,0.018763831515071994,0.0,0.04677896441030094,0.037105993171934804,0.039003553615308606,0.028076964958232975,0.013030266424953862,0.02717210613028137,0.03712067237877037,0.02880656365185974,0.02349315886954384,0.02507182560681981,-0.0022872810685096723,0.02186642896807306
-0.004150191325774766,0.013381029070386075,0.016124452666474665,0.0,0.005036543145673589,0.005471672241234571,0.0024128112766239607,0.022015716986597322,0.01633799493208843,0.011247266492276808,1.1681324726398046e-06,0.016669593296427643,0.004899555491036378,0.0,0.014077936381806433,0.0,0.0009702707725829374,0.02834456086299947,0.0016336613825383983,0.027850850897468027,-0.0028023798355960583,0.015912452170619373,0.011781855848089717,-0.0026718683319793546,0.015838467559794844,0.00034066560069967444,0.009656480448047289,-0.0008687950755266183,0.00801815944953388,0.009780548054988625,0.0042111486317149005,-0.01199598654569839,-0.030551506592749966,0.0005522426499306454,0.01831122677587682,-0.00521174958813081,0.004693125077881,-0.007512920179194749,-0.0019519041310426255,-0.0031706227124495,-0.0004388030338092763,-0.0006704098262326763,0.005528366084213698,0.0,0.0,0.012676099126255447,0.016973494547481482,0.0,0.0,0.0,-0.004893826740562268,-0.012201869422570566,0.005372443863359777,0.0,0.008991173820832143,0.0,0.006955534049807532,0.003378615257836115,0.0,0.030901790952265973,0.009458880144939508,-0.008512150330449997,0.010047919530557614,0.0,0.016024146377345783,0.021009921236084195,0.00022779205362521981,-0.000806123415011406,0.02054526009237917,0.016204001541014645,0.009501475501654366,0.03365205930999504,0.05289260284450209,0.018552827379592407,0.0002462366686968309,0.003598348287563946
0.007095383523737897,0.0090000184710739,0.009055943365099628,-0.00010132502530185716,0.011155246981513822,-0.019911538752530877,0.014896836488134058,0.029451980713388948,0.005450424457422276,0.007145309769307495,0.0020991135310804987,0.014240852469945331,0.015823591231701628,0.0,-0.0009273823552830573,0.0009702707725829374,0.0,0.03850680024941083,0.002957345499326136,-0.0017789117574714686,0.024324048880525195,-0.005689317705498631,0.013429109190663424,0.010881812337308006,0.004540286366392643,0.006441638139334738,-0.024854360165663558,0.00890980203552405,-0.014910356044506523,0.01482827717202062,0.006336559259673802,-0.01367369398230095,-0.013082392042331858,0.0007616936857472445,0.009482024811389711,0.015633481962390894,-0.009782757926651175,-0.0003435689162529232,0.00399367545486945,-0.006246541608315392,-0.0017628616512774253,0.003494162592139749,0.0,0.0,-0.0031726548226511664,0.02308615416800658,0.019547788444048753,0.0,0.0,1.6653345369377348e-16,0.0005477319932335467,-1.3923213746824814e-05,0.0,0.0,0.01553700992514978,2.4709966892411117e-05,0.010575173996842324,0.004818320188374359,0.0,0.0,0.02214656301863055,0.027519742702546757,0.024462470117117885,0.0,0.00018413861175342605,-5.551115123125783e-17,0.014219033885780497,-0.0006904554483514458,0.00031892901791563677,0.0245092185181226,0.019300764235661017,0.0,0.02948185038137352,0.010892275947897767,0.0,0.018489997115143042
0.01220039223379582,0.020621794033930052,0.014289289969547592,0.0,0.010229887827949646,-0.003960374889947438,0.001590311339440209,0.03760380848294875,0.0021272038964231244,0.021906288235488458,-0.0070824734664486355,0.014059455502836327,0.0016025807957393834,0.0,0.017634148424696128,0.02834456086299947,0.03850680024941083,0.0,-0.033366530269358874,0.011105881038212195,0.034195952086851944,0.003687178690835402,0.02069100643360744,0.015038982877043638,0.019556473128492013,0.007796097147973191,0.00034109976426383026,-0.004561747478047107,-0.0007559760785343927,0.021171475297149134,0.00864731230352822,-0.014572832171775907,-0.008306653414865972,0.001383225485117101,0.006330591830509769,0.006924148594041057,0.0,-0.016857487769807833,0.0034493573820157386,0.000968991014891285,0.013381294154771683,0.01687157814807272,5.551115123125783e-17,0.0,0.06366794413142107,0.009855950241457745,0.020470925120686156,0.0,0.0,0.0,0.02617775622541657,-1.3075334299172958e-05,0.012172066845221596,0.0,0.01557867459844009,0.0,0.012908534216311773,0.010307899665462084,0.0,0.01907088763631487,0.01930562761221921,0.026227393774491403,0.024344399602810762,0.0,0.012616495315553977,0.016357930863500014,0.0021988006555198614,0.002993454326240652,0.0068049097932335045,0.022851270695524895,0.017288733556039493,-0.019930016827112484,0.0028455489158157876,0.0075846997102199665,0.0,0.016792640131017
0.0,-0.002613054855177488,0.007293120367036443,0.017469621426968562,-0.002334616161515368,0.01830662663555499,-0.005787456901415744,-0.008354377088510223,0.025824652352421595,0.005736199980089951,0.006682502983821448,0.024102983822004098,0.00401288018553525,0.01025260159932223,0.0,0.0016336613825383983,0.002957345499326136,-0.033366530269358874,0.0,0.005670206519855392,0.008514760926271625,0.01427402031947217,0.010204782744801355,0.02037138175222114,-0.010302479265244469,0.013689723682596189,0.015450029347896577,0.007417439719870189,-0.004140373844824241,0.003477212597333079,0.0034455656914606503,0.008432246494263829,0.020908946387574512,0.006082437579402689,0.016923566988898908,-0.005952390323739731,0.001349019660717432,-0.017231734222654393,0.011450384421284265,0.0066334287246354595,0.005355423532818038,0.021168194000081075,0.026599813210276213,5.551115123125783e-17,-1.6653345369377348e-16,0.0,5.551115123125783e-17,0.06298101327032274,0.0,0.007931062372121933,0.007105013817080397,0.021333830689181377,0.008366696393403705,-0.006378422087518154,-0.001487883126988221,0.01626866114483011,8.959815885672961e-05,0.011764037788801418,0.013831952661490066,0.001050621787248518,0.0,0.0,0.0,-0.0064175912101761545,0.012041172185912719,0.0,0.004462329311617053,0.005347473228339172,0.0,0.0,0.0001741556509968767,0.01304021303253089,0.020720978317874894,0.03396233722616443,-0.001363525445971403,0.02064493690777003
0.018506738299612302,0.00440744833059753,0.018557906439031713,0.018817179735779455,0.01053365880348478,0.0027202350108153084,-0.001044307280912704,0.005647754706638752,0.014050381333879591,-0.009385282516947924,-5.368583556042417e-06,0.031722197251757844,-0.004472906839370905,-0.003033194587750976,-0.0008356021311087258,0.027850850897468027,-0.0017789117574714686,0.011105881038212195,0.005670206519855392,0.0,0.0029534292305431475,0.01878644223097714,0.0011183893322674887,-0.006565367959207036,0.015871953840756403,-0.002604813928954175,0.012743332219675385,0.0018693881619787356,0.008462231777702112,0.02845664751300897,-0.012710125195700195,-0.026874421064311038,-0.018081845795338003,-0.01497076780240153,0.009771287396660389,-0.027786999351377628,-0.03771771779706612,-0.008218852756238126,0.012655924750024528,0.0248559609702097,0.02057457582688843,-0.001690811118729929,0.01172255989560822,-0.00037088552158537347,0.002676804177011549,0.006007414218148044,0.014717867442106847,-0.00342942718682393,0.0,-0.00043250038752223885,0.007918583806729995,0.0050311353239831935,0.003695308851043022,0.003046528053092634,0.008473089598123207,0.01097511766531839,-0.004100036437660437,0.016139020905229617,0.0,0.019706882896112332,0.011747236347744827,0.0054909696201194125,0.010250150612796605,0.00811861857809798,0.01680961703404793,0.010976236419175778,0.01980011229547851,0.011551900339808852,0.0025875640365141117,0.02112777311012437,0.009772341454061417,0.014068581339496677,0.019497552199061408,0.016708132787450092,0.018452572904383124,0.012314270923809045
0.05081399358709543,0.0106206436144069,0.006686822022533845,-0.0005882162798296342,0.012079758768986537,0.0110513922933686,0.014959421441875509,0.03666504092798423,0.014767818612416495,0.035819642731929835,0.015830006693525134,0.029124439610803465,0.012367949638142195,0.001891913534424472,0.03209202126282518,-0.0028023798355960583,0.024324048880525195,0.034195952086851944,0.008514760926271625,0.0029534292305431475,0.0,0.005321038571265757,0.02017830184673175,0.04763642589009026,0.04735527790189081,0.025481379610093946,0.0027925186815049297,0.011264529914271126,0.005830833502752819,0.006787205372641825,0.0035326852783434393,-0.0029422804426467164,-0.014804181848559639,-0.00303945887563295,-0.0035491765614675264,0.017789921202718273,0.0064954699740607524,0.05321365376165571,0.020339755382150382,0.03674159672138483,0.026042669364222115,0.012551838353605516,0.01750688871730771,0.0,0.0010129973177570029,0.020054538071193617,0.018246726501339405,8.788605272203043e-05,0.0,-1.6838126526697028e-05,0.021006635196983592,0.035159788248840695,0.012918506693960663,0.010805226366469578,-6.217671095987143e-06,0.0,-0.0027409956543414937,0.011806024524562087,0.0,0.035472412575053514,0.016158960966119684,0.0,0.020139992650090144,0.0,0.023133616311242222,0.026362735097400225,0.026044206671376524,0.025413960457246254,-0.016179673008316853,0.04335260157854953,0.03184404381581951,0.02333906917311629,0.023461195714833016,0.015397192201522025,-0.001131873433186048,0.01505636732646981
-0.013806877125478345,0.015215806460418924,0.005694389750733719,0.005200606219178061,-0.006763024959230701,-0.0069226070233195935,-0.012233669535795855,-0.006477379734975419,0.0007748850209922109,-0.0049094036680298325,0.01021233573127478,-0.0033723967282938694,-0.01439987859198305,0.0028240198910584047,-0.00506493464439961,0.015912452170619373,-0.005689317705498631,0.003687178690835402,0.01427402031947217,0.01878644223097714,0.005321038571265757,0.0,0.0036988305760849993,-0.03270588938126684,0.002109929667228061,0.015854236837413993,-0.007531554665962559,-0.016462785779748967,-0.0011895090058331448,-0.0006583339717348702,-0.003588537849171014,-0.009533038540008754,-0.02907185700976128,-0.01255679703345719,0.008282100692945826,-0.007700625813741868,-0.030888606940711882,0.031870800921834086,0.016099192046969246,0.030306622003535344,0.011928632721428412,0.01491270935306388,0.043907913839534074,0.0,-0.005491441964901811,0.006363319831366843,0.0032431785364424592,0.021216039533464515,0.0,0.0006693426121276991,0.0159746399067916,0.011428687993432718,0.029972139680111698,-0.004620134783874852,0.009708943782970436,0.0,0.013283389169680804,0.006139853949152341,0.0,0.030285408722501517,0.003780764862168162,0.017580892189756725,0.011601905675425572,-1.1102230246251565e-16,0.030649719334940928,0.020413511185791378,0.021800758326586844,0.023890557642569865,0.016624649546612746,0.018242378548774862,0.018020672791244863,0.02179468390144157,0.01304539578476066,0.014231913919703132,0.00788196322535556,0.010644148702080969
0.03324691239434785,0.0019320009559580797,-0.001509065995527692,0.01246144670688304,0.01597758082056744,0.004660532302178,0.0025178807793855285,0.0065360740175485765,0.004980164861019654,0.023288642071349064,0.020380656611022563,0.04948201523557516,-0.0002400108693932923,0.025345089878226812,0.02138923656291447,0.011781855848089717,0.013429109190663424,0.02069100643360744,0.010204782744801355,0.0011183893322674887,0.02017830184673175,0.0036988305760849993,0.0,0.03547386256206175,0.05011637794682966,0.013435748502106382,0.017469423242687354,0.0033729669093843784,-0.0014647854950962658,-0.008212796624968599,-0.010161620533183757,-0.009766209485548127,0.01030292757352258,-0.00983250437273192,-0.0048399434399226116,0.0065878353225294894,-0.009097010293728613,-0.025633865485389817,0.004078780433120488,0.038984760431986065,0.013984922311125136,0.007806046241874087,0.02563627847180433,-0.004929478397347087,0.0052059072366822945,0.006000876243631881,0.022242157955512154,0.04771208234685598,-5.2425587339643975e-06,0.023855418990347044,0.008309980191441024,0.016434895537823846,0.021789685950389825,0.003534922371657978,0.009038996043781,0.04127700559006586,0.028821522680688216,0.019119489832394976,0.03835864727715388,0.0335012916355657,0.019465879974289557,0.00852865017454596,0.008150178670602914,0.047823812046518754,0.022552689992813457,0.014442940856988717,0.023560190643825196,0.00903555620732377,0.0055576238469122186,0.020023613643251226,0.030350712799339374,0.019317331272522664,0.01956552954103241,0.01959701121557622,0.022831753479157113,0.015258788808298118
0.027561429379124536,0.021560901380895336,0.031140236613982075,0.008569474359870266,0.034981753985276975,0.03750029023639617,0.03598379294564791,0.04257909598436871,0.014798297198201138,0.04252771430241781,0.009655163810291634,0.029554333030512026,0.03125311613626591,0.047865694394253755,0.03543666468216339,-0.0026718683319793546,0.010881812337308006,0.015038982877043638,0.02037138175222114,-0.006565367959207036,0.04763642589009026,-0.03270588938126684,0.03547386256206175,0.0,0.023152190516727067,0.02300486343136371,0.03642568898880799,0.03659551493995278,-0.027019286843609436,0.020140816288527152,0.016052233208222244,-0.02366406035624924,0.00775462310045566,0.02505352118722226,0.00214654995338176,-0.038971418638441446,-0.01531929211733113,0.04195645658183894,-0.048099396566132324,0.03429278358185228,0.08149375340946885,-0.012786272803974263,-0.018253758554176047,0.007325475951636684,0.030969633423764464,0.011177099290444914,0.0369315646254868,1.1245456274400212e-05,0.0,0.0,-0.004746634602594002,-0.008568560678772708,-0.0005348878657764344,-0.0016506842753416517,0.045089522036140195,-5.0977861159706706e-05,0.033265485767330516,-0.01314904027771946,0.0,0.011026729459687135,0.020788023546872925,0.0414510988052052,0.03646316349626011,0.0,0.007252124135896432,0.029983993711867052,-0.00021456968711836,0.04238004606792395,0.051007315045633494,0.03175917363583619,0.03135055644763085,-0.0014122010207011648,0.007973375153365714,-0.0031554064973809415,0.0,0.022856695536630722
0.012175326578206191,0.024466953630181698,-0.008899560427084785,0.0,0.03321638662727122,0.005553579992054858,0.005198173482029833,0.043773559601779144,0.02457910567574989,0.01534318074238844,0.0024588646149369953,0.022872456851758705,0.0012392026378672538,-9.197694913809507e-06,0.023636121039987523,0.015838467559794844,0.004540286366392643,0.019556473128492013,-0.010302479265244469,0.015871953840756403,0.04735527790189081,0.002109929667228061,0.05011637794682966,0.023152190516727067,0.0,0.014249622982818066,0.008099115162590376,-0.004092657104225572,-0.005435489959468465,0.023793788790232417,0.007277592582740577,-0.015381084751137086,-0.013931919992312913,-0.0036247581535691076,0.00429818597494791,0.007114973900200938,0.0008973856484677523,-0.0020575698743033333,0.003291680872232361,0.006203873378839819,0.019415394513240758,0.012222801208803036,0.0007339880022010359,0.0,0.04131915099618044,0.004829274660263672,0.020044765791078223,0.0,0.0,0.0,0.019993903598178486,0.03181287423044177,0.015568630529154415,-1.1093979994714065e-05,0.019043082878589468,0.0,0.010691134669956859,0.01069914479911327,0.0,0.03145890320164707,0.02318224557369758,0.02400092925363695,0.024252616422798134,0.0,0.005509142953982249,0.02663658914660827,0.013339880725606046,0.016995285991906417,0.011652023865880823,0.02809844717133969,0.020183581864407274,0.008535040546327866,0.01280903403021505,0.0037204841184279025,0.0,0.020927851478631132
0.01346546029252288,0.020893495841811383,0.018295106410035067,-9.408197936833229e-05,0.014465574220812405,0.0068404477292474675,0.010819170992297455,0.033255917660759804,0.012978899129889199,0.02022749034077348,0.010181729706243148,0.03406875692076966,0.0022356746555463602,0.014084858318285376,0.0018321008205492428,0.00034066560069967444,0.006441638139334738,0.007796097147973191,0.013689723682596189,-0.002604813928954175,0.025481379610093946,0.015854236837413993,0.013435748502106382,0.02300486343136371,0.014249622982818066,0.0,-0.0031783807491176375,0.0004141846128853377,-0.005156440793321948,0.008701537815587135,-0.003484942712543071,-0.009092614604354565,-0.0036636238072731975,-0.008782655420749685,0.023058244571569908,-0.016792929892292308,0.006667449882372778,0.006474492402871346,0.004120146516333689,0.0014249793822376788,0.010779373816807547,0.025926971953225852,-0.012636301985224363,0.0,0.010065161158864078,0.02558316943207417,0.02393650968244304,0.00578533464597536,0.0,3.723446137154918e-05,6.50780193426348e-05,0.016562679130784186,0.024560273326315607,-0.018491217884842814,0.01953420256546029,-1.1394203925207957e-05,0.02113142679959118,0.011161897901878604,0.0,0.043894408929109896,0.008708448693958759,0.02783188696755151,0.02280553157991233,-5.551115123125783e-17,0.021086228442832478,0.03733442292194966,0.020256442400119756,0.015586584702775574,0.01666543915567259,0.02192683615141805,0.024110639533234612,0.014989073309796097,0.01591819096332059,0.014409571454308712,-1.2190604277040329e-05,0.014374854499574707
0.03273852454941156,-0.007803641057937183,0.009961024632521687,-0.0005625448841922176,0.00999503115074174,0.014269787818653401,0.008230601283331251,-0.005571409860874066,0.004794290422064973,-0.0018016684416093387,0.015113752625769639,0.004038081942277061,0.002028516894845178,-0.004622983015360516,0.005522841624101438,0.009656480448047289,-0.024854360165663558,0.00034109976426383026,0.015450029347896577,0.012743332219675385,0.0027925186815049297,-0.007531554665962559,0.017469423242687354,0.03642568898880799,0.008099115162590376,-0.0031783807491176375,0.0,0.004831993148631808,0.007949133999846092,0.006220855461818164,-0.012318986592857406,-0.014078622357892756,-0.0025309682940916067,-0.013353393368115474,-0.007529249875354804,-0.007420743570995314,-0.019790968239119744,0.0028435580767446345,0.01928351064475131,0.039442865002411676,0.01990844352499921,0.007610123808419744,0.013156826848572833,0.01208116577777979,0.0039080660072512985,0.03867558979193231,0.007444595877636795,0.018935187838010514,-1.6653345369377348e-16,0.03516525351955013,0.012572616461524855,0.021767610526543746,0.025228907514841692,0.006463156048537755,0.01496191654758483,0.02069189657481474,0.01202356071088534,0.02438075019239916,0.010665417112406761,0.021372650461182696,0.003714133607616743,-1.9222085223147278e-05,0.019624073359417682,0.01576172854148805,0.019072877092165874,0.014693242343710888,0.013788204014588135,0.017361867028999445,0.014629324534465138,0.007935737165990608,0.01687674308870285,0.02236047565066357,0.022144974705408993,0.019874895545152205,0.029214376524337782,0.017564349957897907
