0.0,-0.0304115908911593,0.0011320103282368432,0.0,0.0001568218455550996,-0.004964921330968319,-0.006064066486429764,-0.0037179616941496185,-0.011446591089344538,-0.030875569596173658,0.0002481191382218695,-0.04640934422283943,-0.0026689454051314065,-0.006281215946321583,-0.012056169903937985,-0.02007903412715767,-0.009852883063354023,-0.004177439152390883,0.0,-0.030886610740234133,-0.03506813248145546,-0.018158223281017072,-0.017445182116608837,-0.027395678948372193,-0.004373917251435766,-0.003183101133662103,-0.01721141081866917,-0.019754449075503444,-0.01652506923610253,-0.005017947414714563,-0.021200134301538442,0.005453135914887275,-0.013935119763013704,-0.013042093810122057,-0.03437398420237553,0.012647424083768788,0.0,-0.0421049946729235,0.002951782924627111,0.0471508834222068,0.0023314345840078077,-0.014655794474062234,0.0,0.0,0.02491841544401885,-0.004486291569050338,0.02470253236714537,0.0,0.0,0.0,0.007878690304440938,0.0,-0.005032093873894694,0.0,0.011277244494212968,0.0,0.02025493907573317,-0.002270672520943151,0.0,-0.0011415655706040195,0.01889742476427586,-0.0015726513223632832,0.026177882984819656,0.0,0.0033627268631806206,-0.07613806605427065,0.02668214245872219,-0.0027239577477330412,-0.030462312173180683,0.03737784043307302,0.018357434317152255,-0.005975841905765056,-0.0003315739231379289,0.01766996157883799,0.0,0.013804788270989521
-0.0304115908911593,0.0,0.000829867741113377,0.0,-0.002874707721896297,0.003219340087465161,-0.0011246420881443342,0.0023408516061771967,-0.0037972740696674,0.025105737911090775,0.0004532334713953645,0.0014018949013894222,-0.007190647909134096,0.0,0.007808294513719782,0.007124951254343259,0.007426912978444333,0.00882248348627751,0.0056996694112734225,-0.005159391880052433,-0.013407639213827816,0.011149435363044857,-0.0021640993765050243,0.011603327549366771,0.008512627742695511,0.006218640831112121,-0.0005450550098671236,-0.016221312636616136,-0.0013442324789237903,-0.021155337325750423,-0.010958990490379794,0.0017812292935386886,-0.0004827701730895084,-0.007631428828510478,-0.03246585333197943,0.06179072876759001,0.008115810985457883,0.0005497009224872396,0.015598637329682752,0.008966477278246288,0.008215761316880732,0.0152874363594373,0.014525591745424005,0.0,4.7083412750614784e-05,0.024600204402069337,0.017469103662254737,-0.0011783199272838996,0.0,-5.551115123125783e-17,0.0014417657521127447,0.008473871122968157,-0.017105750681075782,-0.009586313439017669,0.012821243057582532,0.0,0.004489291043341559,0.0036932591786105196,0.0,0.007358467496113186,0.00530820290791123,0.020126136760050373,0.008655350266235207,0.0,0.004302878077497296,0.0001655981752273772,0.024919327031230454,0.004727131521907346,0.008619084760677631,0.013606497827768349,0.015062994082755021,0.002596739665768899,0.012949845964143392,0.007742119461598196,0.008176841081422248,0.003695782170910822
0.0011320103282368432,0.000829867741113377,0.0,-0.02228974129915573,-0.010601914311603955,-0.009184170561695515,-0.01692721334644315,-0.01036076103750011,0.002502257540461683,-0.017006182614135,0.004827324167426428,-0.02314359899235885,-0.016459893113610125,-0.022055383892878033,-0.003713701374248979,0.020727457065930044,-0.017093893720305953,-0.036587219340716515,-0.012528130054649506,-0.030091032215740998,-0.015924829104254745,-8.020069717445955e-05,-0.02486377102815074,-0.048470082467077624,-0.03438967885674138,-0.0015419456087132355,-0.0014034327101610233,-0.019113522901062996,-0.00860987561928278,-0.023439004384020412,-0.013038993716510738,-0.008902783880904264,0.0025034698816856493,-0.014489056632459585,-0.013845060803509557,-0.018973025534010757,-0.017240133059959584,-0.019497130260381745,0.00831473610618283,-0.010564459895333,0.001294286262629507,-0.005092279287750134,-0.0026543531333097503,-0.004981027317555786,-2.8754644922412975e-05,0.0,-0.002498025675531479,0.06218231213398967,-0.00020423818561937646,0.011675295397961749,0.01965700463395592,-0.0023676989308343277,-0.003724366622081199,0.009195028368471081,-0.0064103117447658065,0.061011231756314566,0.002309437202817899,0.008132084637108572,-0.0054976390537848085,-0.011048032576533529,0.0003581479609787164,0.0,0.0,0.07809783169764184,-0.0019870147601092625,-0.0013975574353976006,0.005894867738709286,-0.0038887431522135474,0.0,0.0,-0.0018395152705235618,0.02154593106339797,0.0034269390129264554,0.015741845640460828,-0.009270148993939742,-0.009454433036896526
0.0,0.0,-0.02228974129915573,0.0,-0.02072171856418492,-0.008501105214918148,0.017964173261534766,-0.04060860524537219,-0.011362996604853903,0.0014764359126958615,-0.015228332703405512,-0.03928105557199335,-0.007268948296211164,-0.04668627610488163,-0.00644230714912597,0.0,0.0026577262158202775,0.0,0.005405467346653314,-0.005727740859436059,-0.0007210144885092529,0.000720958592000942,-0.03660301668553062,0.01663564167686793,0.0,0.0011852108975715092,-0.021735335209337736,-0.0010707699275777083,-0.05834543272474657,0.00014482161255890968,0.009124858236478461,-0.03137164543258991,0.024992098190394108,0.01441405696316439,0.06288255821414529,-0.032708441118281556,-0.01348941937575221,0.05371683383898268,0.000694189854656857,0.0,-0.0005635491860152553,0.0,-0.0005741880959443391,0.0,0.0,0.0,0.0,4.0371666122973604e-05,0.0,0.0,3.981577653133783e-05,0.0,0.0,-9.451526881715244e-05,0.0,-9.675977674183933e-05,0.0,7.115112431799187e-05,0.0,0.0,0.0,0.0,0.0,0.0,0.0,0.0,0.0,0.0022543682662040654,0.0,0.0,0.0,0.0009328564680957108,-9.264149217946827e-05,-0.00036437073688627697,0.0,0.0
0.0001568218455550996,-0.002874707721896297,-0.010601914311603955,-0.02072171856418492,0.0,-0.01716191413721002,-0.021685199361458907,-0.006966460370882277,-0.011625204018036017,-0.012617712235850453,-0.010750271636533582,-0.020242765555212483,-0.003869294176342075,-0.015852639668219703,-0.013263699245374738,-0.001155350241686559,-0.015569927894942936,-0.01516105630107073,-0.001979419798599169,-0.0014306681731277027,0.05397058097918345,0.0028309331795840498,-0.00823872947490445,-0.03623481444673837,-0.020048657022361416,0.00033710828791072567,-0.0002609608199954927,0.006086525741258952,-0.020822829489740013,-0.031745042007215785,-0.007137208805863382,-0.024198847958787906,-0.013503268969849214,-0.0065771866448011695,-0.006182192544517129,-0.015578854444144141,-0.023570614384371136,-0.00797683734010679,0.037894828144975745,0.006296284502905758,0.013767023316114457,-0.040587676442814524,-0.009281774117690877,-9.937505572976679e-05,-0.06853971409994286,0.0,-0.012388613233633883,0.008797684131954142,0.0,0.0014763364903392917,0.015030147772166935,-0.0008949387149178589,-0.0019302574867303135,0.005124474917363786,-0.0014318437950070484,-0.012642936489358048,-0.003076330733443322,0.014016568833079335,-0.01718320212227259,0.009923364564169423,0.0003745495810485999,0.0,0.0,-0.014890507855663815,-0.003043127478414509,0.0,0.008226824602925342,-0.004702258698858763,0.0,-0.0002413812884002331,-0.006405467796676223,0.014119234258917701,-0.0024248052123823083,0.011148931574196663,0.012969404967664744,0.009721431770725597
-0.004964921330968319,0.003219340087465161,-0.009184170561695515,-0.008501105214918148,-0.01716191413721002,0.0,-0.012661511949225268,0.01757038284966811,-0.012492662290090273,-0.00974877120211981,-0.011856095621556428,-0.007531476482788846,-0.01322366214006404,-0.003758858806676757,-0.013379935067791782,0.013205090486056281,-0.016570673945875414,0.0037986642706843154,-0.06357804849473536,-0.004126194612781964,0.01009863534864508,0.0032439784254229553,-0.0055984287043453485,-0.0026272061902160027,-0.00024152291893519973,0.009195619827916501,-0.002980351016544036,-0.013438639358347992,-0.010355426841020754,-0.020521401163551833,-0.009979276648073465,0.003337473372504729,-0.0018659937910313618,-0.01126471344797797,-0.017418301189318253,-0.019028532428443545,-0.01082315485397256,-0.002966742375155984,0.01631746437392073,0.003450407130588806,0.00858728611644699,0.01132037196692437,0.015762571262838476,-0.027274957146710077,-0.00045850911399003547,0.0255784293476628,0.0032756457698670527,0.022686882402538577,0.0,0.009957490951354453,0.025894121901066547,0.015954639540308846,0.010626594986271776,0.003831459257403802,0.00652355482025091,0.01029344972454882,-0.002679966127270783,0.009754078156288815,-0.03353302711537237,-0.001934178556655286,-0.002260127122214628,5.551115123125783e-17,-0.006343355108788862,0.00550384552524863,0.013550497452980703,0.0035366824104470784,0.007235515198372733,0.004755654518030061,0.0,0.012677453910227954,0.007527879887351263,0.016958346933919732,3.009431813427721e-05,0.004814195009685274,0.0005285292795539354,0.001811652490898652
-0.006064066486429764,-0.0011246420881443342,-0.01692721334644315,0.017964173261534766,-0.021685199361458907,-0.012661511949225268,0.0,0.0003736999146409792,-0.023842461238996415,-3.196485086215395e-05,-0.0177275065547568,-0.004882530968965626,-0.02280761663218228,-0.037446556026268785,-0.0022012465599759445,0.004749460309809217,-0.0009973173805060687,0.00200183937828341,-0.012896300441975539,-0.008021540434823615,0.009636313452646927,-0.00029586347060372997,-0.0011170164557020024,-0.01312710347860152,-0.006433997381686096,0.0003890970158436091,-0.005553878830285908,0.0007719798270878764,-0.01350619355837962,-0.020904513938119262,-0.008303614311927943,-0.01153592157607164,0.011274527115538169,-0.001061428607971815,0.00603132308763521,-0.03360728716869554,-0.03636425144292238,0.011058916338616165,0.02247357281794954,-0.0010812898014505579,0.011359782971315013,-0.012974213372588528,0.013918297480136066,0.0006609242590925324,-0.015588872509118279,0.0004899515315049396,0.0019335764614447082,0.016746689286488814,0.0,-0.0032137947565096248,0.013652011632755645,0.0018040588587225903,-0.011356183434776623,-0.002022386384265662,0.014493247491246586,-0.0105695118484746,0.00884406799700338,0.004512233436405277,-0.001190290799992777,-0.0008282170533120414,0.007820226963757337,1.1102230246251565e-16,0.00035293968401783893,-0.009050032748561976,-0.0014441302243943799,0.00840496481875741,0.00400496663138078,-0.005260878215221254,-0.012479946772841477,-0.0035626681363734036,-0.0016979014159154149,0.00647013267834784,0.0038672576911686907,0.004491605135796606,0.005447423521697581,0.006052237588468401
-0.0037179616941496185,0.0023408516061771967,-0.01036076103750011,-0.04060860524537219,-0.006966460370882277,0.01757038284966811,0.0003736999146409792,0.0,-0.0013799164699407895,-0.0037529842880480446,0.005703046568130921,-0.008751069354299923,0.0017815641748724076,-0.03391798427790893,-0.037393750773420165,-0.0034160529176972543,0.012619216496853325,0.00817793625431723,-0.03181473332103879,-0.009593081689811322,-0.02241029769123426,-0.00018349632487818512,0.0007308705852768771,0.001572839843830165,0.02323795456434169,0.012001931677608102,0.010147961787490611,-0.006039796571554845,0.0028933171998075102,-0.01598729899765694,-0.0022621932937055833,0.01780156966011265,0.043521020133347244,-0.009186122773409022,-0.010365697169344601,-0.016205247719406013,-0.013713101920686477,-0.007657018961676532,0.009382265843448478,0.021448081887952553,0.007812043498145127,-0.005584162579389873,-0.007909820284226265,9.231058488490262e-06,0.00019786776250407812,-0.015481018663872359,-0.006854822991454013,-0.0007259796407393937,0.0,-0.009673680286190423,0.03106935279811035,-0.003200215450080479,-0.01549767636835836,-0.002472963312727283,-0.00744628417633908,-0.01810899369789304,-1.1102230246251565e-16,0.009519116934498362,-0.09043954866533316,0.0045433560493952085,0.0014091748373140645,0.0,1.551919393721901e-05,-0.02744245558202202,0.0059930971217656,0.05238209562729723,-0.005564361737160406,-0.01632696924996757,0.019978590919299544,0.012655776763376092,-0.03294828544048506,0.013745394188910909,0.002059117703026414,0.008062009892687905,-0.05325595428189811,-0.008593687571497255
-0.011446591089344538,-0.0037972740696674,0.002502257540461683,-0.011362996604853903,-0.011625204018036017,-0.012492662290090273,-0.023842461238996415,-0.0013799164699407895,0.0,-0.019063073081939996,-0.010818338144983564,-0.022660998106613095,-0.018628245152035094,-0.013583093698619264,-0.006808739722123147,0.011097483572601818,-0.020556617048761883,-0.03549279871160771,-0.00646252559357352,0.0033318888277476533,-0.00124615684681334,-0.0049359207433013474,-0.0032181251244041698,-0.029657728195031763,-0.0360318042768355,0.005557036462188358,0.005854006822910651,-0.019080079512023673,-0.012294970158598595,-0.035290507537259874,-0.018186989630283257,-0.005831023536211344,0.003344512277957734,-0.019098992254120706,-0.01588491363093536,-0.012403367335343918,-0.01732194290897454,-0.01126243306166691,0.011409978717506264,-0.012196178012141734,0.003139782305224048,-0.01139320376116848,-0.005329003462498927,-0.021871130671543115,0.0034182566881841847,0.0,-0.006858094557813221,0.01336333043523008,-0.007444740764498525,-0.003216607597542942,0.01847969432952179,0.000291136086480126,-0.0067046538780826115,-0.000314546469494692,-0.04385877652379483,-0.010210587596251375,0.0007553399397603466,0.004153325030048394,-0.007862681321655407,-0.014930048965646092,0.0020083032779322774,5.551115123125783e-17,0.0,-0.015483335953116462,-4.599265216570503e-05,0.007174419380233332,0.0049035942981433545,-0.00668131186717269,-0.0008704713227126182,0.0004996373625945072,-0.011464923489589884,0.011028666268478537,-0.0017617302209376184,0.01098804153984051,0.009968440149828117,-0.0041388806390022514
-0.030875569596173658,0.025105737911090775,-0.017006182614135,0.0014764359126958615,-0.012617712235850453,-0.00974877120211981,-3.196485086215395e-05,-0.0037529842880480446,-0.019063073081939996,0.0,-0.013144831057604445,-0.033072672860060603,-0.004848100703811364,-0.08455179512465766,-0.013082238381308009,0.0128566259556947,0.008439474003157033,0.026846345898591306,-0.017435199809893998,0.005001764295577471,-0.03643015183925752,-0.016385313130343138,-0.0029758124094410587,-0.028764537463926543,0.004908403662732097,0.02038777908912326,-0.001213175143291334,-0.00025382222841929813,0.0020171180267512523,-0.02455970657528106,0.0003424458393656016,-0.013975557811852335,0.011706551250584618,-0.0068393917668556625,-0.00574708318831596,-0.017882204115444056,0.025161427952701487,0.008416456223824864,-0.024314455747482477,0.019080907251135037,-0.06376215880351072,0.007068768069401654,0.015089120127241618,-0.01570269009275793,-0.07114874609545419,-0.03265446271049249,-0.005113486018153923,-0.002773499112579514,-1.1102230246251565e-16,1.6653345369377348e-16,0.010298550648698779,0.05114858239576481,-0.0009075629930930251,-0.0018925256074918684,-0.011499969644608865,-0.022087102198062647,-0.010366875156505029,0.06774174627777468,0.0,-0.0011563551634201086,-0.0015699123001525206,-0.022072531205231116,0.004593697973777011,1.4601418318049841e-05,0.009424327417165868,-0.0001845016457788784,0.0058368742367135296,-0.007722117132409667,-0.024954410359465218,0.003063308992998559,-0.004668407922595319,0.002285629135099665,-0.12625608404184951,0.01822557916198464,-1.1102230246251565e-16,-0.020116005493823086
0.0002481191382218695,0.0004532334713953645,0.004827324167426428,-0.015228332703405512,-0.010750271636533582,-0.011856095621556428,-0.0177275065547568,0.005703046568130921,-0.010818338144983564,-0.013144831057604445,0.0,-0.018395139567533303,-0.018168524606646475,-0.03674048418361309,0.0,1.0967250389570804e-05,-0.01076490920610118,-0.013729990443515416,0.006447107869602453,-5.040404361900119e-05,-0.008359790102340114,0.013119867333421464,-0.015827763863699884,-0.027815477729973836,-0.012809356044052478,-0.023304416057344235,0.0034853342099336326,-0.020113957120239834,-0.0017444991765221407,-0.002362863646546809,-0.01457101446065695,-0.002506259272919753,-0.008336626798833346,-0.01800268944955885,-0.014995838444956666,-0.004287221769527727,0.014586933094461685,-0.012027621304269265,0.02343056513633568,0.017301349359020113,-0.009783195391082466,0.004333661854548476,-0.0181240808613804,-0.0008640841319357828,-0.005531570146795173,0.0,5.551115123125783e-17,0.053661564332873,8.845980877775217e-05,0.015497839899233812,0.015326245943019234,-0.002204795834098383,-0.0025230707109513695,0.010258136440738697,0.0005590391791008842,0.08328788444409796,-0.000278845084444701,0.0060145377742132355,-0.0059505478488126595,0.0005001800715360161,0.0,0.0,0.0,0.07044742596806053,-0.00996284844218781,0.0,-0.020116035945869304,-0.012811979330264456,0.0,0.0,-0.0036522844021414924,0.006511522885859544,-0.0063414382905970235,0.014683550431429715,0.0014356797909451102,-0.002385347539572591
-0.04640934422283943,0.0014018949013894222,-0.02314359899235885,-0.03928105557199335,-0.020242765555212483,-0.007531476482788846,-0.004882530968965626,-0.008751069354299923,-0.022660998106613095,-0.033072672860060603,-0.018395139567533303,0.0,-0.010632478476617746,-0.01116609365487975,0.013349792252278336,-0.00936353073685059,-0.03568614281737181,-0.018433859574009726,-0.022988656443198086,-0.024529043678080675,-0.02827205268599836,-0.027809356642762184,-0.0024603808144171846,-0.04914126622004153,-0.015690427157057818,0.018403318020415838,0.0010327655022811522,0.005613678250107057,-0.022430665899581537,-0.015440074034635598,-0.01473876467988633,-0.019135670126632753,-0.018162779378498695,-0.017841323852189006,0.007844350828626556,0.020092816505584477,0.024075498933232076,-0.007308922253040584,-0.0011328220028091196,-0.008841405838897864,-0.0561028170615524,0.013153219750098477,0.0028181841581808587,0.0013470866936668713,-0.061028778204045286,0.024154477462859036,-0.0036322530825453336,-0.00720137107695018,0.0,0.00038179911359953467,0.001440756642894503,-0.01786444435053186,0.0,0.001020400620955042,-0.03727388161378298,-0.005391029010247239,-0.021774346945376055,0.01745282338888915,0.0,-0.011664841962944261,-0.036900233885710454,-0.02966513021535999,-0.01931455063948334,0.0,-0.01008507008084003,-0.00011154575179672666,0.0008786151054137048,-0.005111699084919263,-0.048901855327202925,-0.015338960352295983,-0.01893372394195353,-9.91245786327033e-05,0.02892439978924577,-0.006839403289447765,0.0,-0.06239330739794169
-0.0026689454051314065,-0.007190647909134096,-0.016459893113610125,-0.007268948296211164,-0.003869294176342075,-0.01322366214006404,-0.02280761663218228,0.0017815641748724076,-0.018628245152035094,-0.004848100703811364,-0.018168524606646475,-0.010632478476617746,0.0,-0.06686262086854883,0.0037591152975386954,0.003285294630891833,-0.002396400909880636,0.0009050153445713249,-0.0163873588961142,-0.010321096825597897,0.01595836010451157,-0.00975135759614576,-0.001849907511853932,-0.018859868228477517,-0.005708950467381457,-0.0054211082907349994,-0.001845912647397585,-0.004395919616846766,-0.009721520530078298,-0.008172813618833707,-0.011220110715693843,-0.0050654569677850425,0.003944522307332998,-0.010529151459380326,-0.01130382950797515,-0.04458508632720354,-0.033017814095678666,-0.0025100123241970085,0.01955941419055307,0.01499932010639582,-0.0069678738981518995,0.015206044161255927,0.009420269301957718,-0.009817235939257207,-0.03408833381198467,0.006865964066241015,-0.00715985598953911,0.01128573969870561,0.0,0.007924940307721062,0.022903876174318216,0.007594558418183017,-0.003713684832772124,0.00885512658299259,-0.003308979182227889,0.007895707759612458,-0.009345812171673629,0.009526584509628289,-0.022929195131405566,-0.008284976547233702,-0.01751222145022957,-0.0028282155906892426,-0.0017808819499011141,0.016090573295958643,0.007742372654821361,0.013907919009232772,0.0009823369709552332,0.0030739454311530245,0.00649930074831323,-0.00509222119978564,-0.006961421152320291,0.009322771754832204,3.3479209528675113e-05,0.003149090647534769,-0.003629351961311089,0.0012222407988993211
-0.006281215946321583,0.0,-0.022055383892878033,-0.04668627610488163,-0.015852639668219703,-0.003758858806676757,-0.037446556026268785,-0.03391798427790893,-0.013583093698619264,-0.08455179512465766,-0.03674048418361309,-0.01116609365487975,-0.06686262086854883,0.0,-0.0028076372287187956,0.0,0.0,0.0,-0.02019574662909851,-0.005063931522675147,-0.026958827924888407,-0.008103502763619264,-0.023572092035604286,-0.05157857007282424,-8.635443796128905e-05,-0.0026629861125976872,-0.015816615700897485,-0.02999394436081415,0.01821476680519074,-0.010391236373737345,-0.010625997829161515,-0.010506039430736747,0.035937300113981885,-0.017361887333252113,-0.007948578150389574,-0.011522239423383873,-0.012602747121295443,-0.026949988924880985,0.011238038414048745,0.0,0.0014520716710920145,0.0,0.024562517734016964,0.0,0.0,0.0,0.0,0.004895318339705856,0.0,-0.0322554517602478,0.025738482459038925,-0.02279488279731523,0.020576288442348656,-0.001824976648322374,0.0,-0.014284319645734789,0.0008391246325795687,-0.01289200257821227,0.011462700747026933,-5.551115123125783e-17,0.0,0.0,0.0,0.011837835684094966,-0.0017056689810975856,0.0,0.0,-0.026282855547295092,0.00032184671109769525,0.0,0.0,0.03409791636814502,0.00823017850903679,0.0011812599144200298,0.0,-5.551115123125783e-17
-0.012056169903937985,0.007808294513719782,-0.003713701374248979,-0.00644230714912597,-0.013263699245374738,-0.013379935067791782,-0.0022012465599759445,-0.037393750773420165,-0.006808739722123147,-0.013082238381308009,0.0,0.013349792252278336,0.0037591152975386954,-0.0028076372287187956,0.0,0.0008131799097533254,-0.0010823444823467865,-0.0041656166597249245,0.0,-0.038800642312839195,-0.01762648343883233,-0.029760920622899922,-0.03317690517144861,-0.004222032303133949,-0.002001170247948547,-0.008087864713671067,-0.038501354234145024,0.001343720253925318,0.008840110168293447,0.009868227914894556,0.004066799999423221,0.01769906380064934,0.01613422746170684,0.003018922851580952,-0.010410542551466617,0.04514718214515223,-0.010557643669065364,-0.02634962743790714,-0.002026502821455778,-0.003973101360459752,-0.013082843885859619,-0.02089983240584281,-0.001674065319502871,0.000711861539318237,0.015097168958091045,0.011910163339201585,0.01348861047238148,-0.007230490448546512,0.0,0.0,-0.0025852784563921705,0.00451251601556657,0.006397921092910153,0.0037639474905115655,9.718191391261399e-05,0.0,-0.006286058397648897,0.007455621199709217,0.0,0.001975930337387688,0.007617367143395337,0.0007821395167727507,-0.0012136258588676396,0.0,-0.003975732486019901,-0.009784592254932889,0.009025908499012025,-0.004849826352741782,0.003378428938670297,0.018505499004250914,0.005688171826135235,0.0020595785350515095,-0.006776614304412953,-0.002493056582111852,-0.024021249822717528,-0.008798333372316058
-0.02007903412715767,0.007124951254343259,0.020727457065930044,0.0,-0.001155350241686559,0.013205090486056281,0.004749460309809217,-0.0034160529176972543,0.011097483572601818,0.0128566259556947,1.0967250389570804e-05,-0.00936353073685059,0.003285294630891833,0.0,0.0008131799097533254,0.0,0.002282444720820065,0.007327575342811143,0.0017713246621433587,-0.01901742982419885,-0.02804847808551103,-0.00848393268824893,-0.0029558824072171697,-0.013156650919635748,0.0038285789783853996,-0.005664040415173599,-0.0007134205987344155,0.00313522122275095,0.001747306666973314,-0.018018534848875445,-0.01369495445815827,0.004648547426599259,-0.013295640860127078,-0.007939855517132999,-0.029174760596700655,0.006422615673866705,0.007112489687157164,-0.00955800540228291,0.00200119357652484,0.0017276263559159455,-0.004809169354406395,-0.001340112140973626,-0.01459292334472323,0.0,0.0,-0.0007993857701019125,0.009664731627626544,0.0,0.0,0.0,-0.012768453339368158,-0.004081196009482924,-0.007889126179146888,0.0,0.010620126198955415,0.0,-0.0187564474495312,0.0021947342384932567,0.0,-0.011513761527866373,-0.004185163433286454,0.008401580010602983,0.0004949798297507191,0.0,-0.0031118231935926555,0.0022685857350414063,0.011193189095522027,8.229943989190858e-06,0.008201684219051042,0.008359985485828114,0.0030367277506080925,0.016079439923156635,0.004600994122970659,0.00985860134380967,0.0002579835189422397,-0.01626172699554601
-0.009852883063354023,0.007426912978444333,-0.017093893720305953,0.0026577262158202775,-0.015569927894942936,-0.016570673945875414,-0.0009973173805060687,0.012619216496853325,-0.020556617048761883,0.008439474003157033,-0.01076490920610118,-0.03568614281737181,-0.002396400909880636,0.0,-0.0010823444823467865,0.002282444720820065,0.0,0.014536332892341297,-0.03107439719479621,0.0015955781611635689,-0.010294306149490007,-0.0007367505413957698,-0.006986561317418816,-0.02902081712000637,-0.00747752108142169,0.00898002242513457,-0.0003840599099300679,-0.0008474941483402887,0.0014936285471559008,-0.0037842861425566587,0.004273443042508651,0.01886518237094842,0.012563338677550495,-0.0042922198450549565,-0.018818584005804606,-0.03322759867030889,-0.0034647121032910233,0.005052508090577279,0.006262057193129056,0.014993734963264505,-0.009730639543454545,-0.007829141069915169,0.0,0.0,0.025764517099203355,0.005869611847462541,0.009090030360584478,0.0,0.0,1.6653345369377348e-16,0.0006867406554207367,-0.00013072093703814236,0.0,0.0,-0.007663786099396996,0.00023199457288525238,-0.005296534368861572,-0.0025547793900975724,0.0,0.0,0.009912265895648809,-0.008732572864171118,0.005485298132261507,0.0,0.00011146029757957976,-5.551115123125783e-17,0.005732002976981565,8.606325827220651e-06,-0.02104185547338072,0.006025363361381431,0.0021167482761648704,0.0,-0.00900532828082351,-8.271708459517413e-06,0.0,-0.0017816538562635542
-0.004177439152390883,0.00882248348627751,-0.036587219340716515,0.0,-0.01516105630107073,0.0037986642706843154,0.00200183937828341,0.00817793625431723,-0.03549279871160771,0.026846345898591306,-0.013729990443515416,-0.018433859574009726,0.0009050153445713249,0.0,-0.0041656166597249245,0.007327575342811143,0.014536332892341297,0.0,-0.03848491897176881,0.0033244795765352553,-0.012179859489512057,0.006368822316410172,-0.002688450099967876,0.0013704243494447321,-0.0054269184508859425,0.004049193826961672,0.0034737859655570302,0.003046599321977872,0.008127649672742154,-0.01749392320353388,-0.003778822708486229,0.019524950642851258,0.008183503319745544,-0.0041956166036895,-0.026000328897780534,0.023749056723031292,0.0,0.012107033042639548,0.0015392548314379084,0.020015643944230666,0.002790650012200635,-0.0035106562409978337,5.551115123125783e-17,0.0,0.01718026332897543,0.015682685726168766,0.0153223031850237,0.0,0.0,0.0,0.00160927525681126,-0.0001227604476062294,-0.008064005837183863,0.0,0.001397652542274086,0.0,0.010164239023403299,0.001191401023765859,0.0,-0.013146305952310866,0.0010577348569913991,-0.0025775560630453276,0.01069504745073041,0.0,0.007613188714867547,-0.0106854955042055,0.02191124253973431,0.02654620288420062,-0.023188137865110703,0.017119036475437666,0.011903581715900557,0.022923443540650346,-0.002513156693823515,0.013100704743469749,0.0,-0.025792451455496246
0.0,0.0056996694112734225,-0.012528130054649506,0.005405467346653314,-0.001979419798599169,-0.06357804849473536,-0.012896300441975539,-0.03181473332103879,-0.00646252559357352,-0.017435199809893998,0.006447107869602453,-0.022988656443198086,-0.0163873588961142,-0.02019574662909851,0.0,0.0017713246621433587,-0.03107439719479621,-0.03848491897176881,0.0,0.006301631894751691,0.007026301769882615,-0.004990039001555091,-0.0589583078813094,-0.03037123051989965,-0.023947482770766415,-0.016580900101872798,0.0032285258473856437,-0.019917425112545073,0.014185175653203708,-0.008857681031160858,-0.02112631228945372,-0.008870294950256596,-0.021419133936385337,-0.018532003729755275,-0.01704256580783342,-0.00228913958538568,-0.01783825905504377,-0.013424558056327196,-0.0012036035787669763,-0.012159118876437225,0.006318121428217971,-0.0049477249536946655,-0.027800719558906173,5.551115123125783e-17,-1.6653345369377348e-16,0.0,5.551115123125783e-17,0.060062135065898525,0.0,-0.00489901628351308,-0.0014092083559800184,-0.018700166986466482,0.00012448225986805284,-0.013116474043341375,-0.0018351940330711969,0.06303585700019415,0.0008412106210275438,0.0018516306067751787,-0.038789869558490175,0.001496620596733722,0.0,0.0,0.0,-0.024639693828983733,-0.002211514426316785,0.0,0.004901350983156305,-0.018068269917958957,0.0,0.0,-0.006544381341450745,0.004447039251301077,-0.005523345810849789,0.008769902920829187,-0.0010108605537326731,-0.0167231320794603
-0.030886610740234133,-0.005159391880052433,-0.030091032215740998,-0.005727740859436059,-0.0014306681731277027,-0.004126194612781964,-0.008021540434823615,-0.009593081689811322,0.0033318888277476533,0.005001764295577471,-5.040404361900119e-05,-0.024529043678080675,-0.010321096825597897,-0.005063931522675147,-0.038800642312839195,-0.01901742982419885,0.0015955781611635689,0.0033244795765352553,0.006301631894751691,0.0,-0.02688543374994884,-0.02630657829575772,-0.0514050321943994,0.0011441655801123218,-0.0013857072541338944,-0.013257064216678383,0.0009186015641463596,-0.018007612009707852,0.0008645072742466398,-0.02334953533676548,-0.009642208053686874,0.0015530104398992495,-0.0005966403168753409,-0.016777443864467556,-0.031700676840011155,-0.00647149349462417,0.03510526353855664,0.017457305022200165,0.005458205704318653,-0.008270810539479367,-0.008974435021737392,-0.014111897060517076,0.003403759546995788,-5.880867452634497e-05,-0.0027198719216621203,0.0006125377787439268,0.018072529708188012,0.0015045745291371593,0.0,-0.0064517722520764376,0.013137853131392319,-0.0033446422564660794,0.004737970576036865,0.0012242345485845019,0.003722992958544502,-0.022504684001214248,-0.010475920829476904,0.012350560464636728,0.0,-0.01764320626025162,0.00494959056403832,-0.003640220063638344,0.004280814752923856,-0.009767033020600002,-0.009048502744038567,-0.01669092949302986,-0.01105135872291263,0.003495497716416218,0.0024697251793909247,0.017506946573132676,0.007825854792238685,0.007240156564469913,-0.0017956495453361199,0.004155808986337106,-0.008009038107338828,-0.0014028283119842944
-0.03506813248145546,-0.013407639213827816,-0.015924829104254745,-0.0007210144885092529,0.05397058097918345,0.01009863534864508,0.009636313452646927,-0.02241029769123426,-0.00124615684681334,-0.03643015183925752,-0.008359790102340114,-0.02827205268599836,0.01595836010451157,-0.026958827924888407,-0.01762648343883233,-0.02804847808551103,-0.010294306149490007,-0.012179859489512057,0.007026301769882615,-0.02688543374994884,0.0,-0.024935632780742067,-0.016806805361677224,-0.03388403952292962,-0.008681985818963844,-0.015282184401824273,-0.017430908027780356,0.019324611194922126,0.019663902079827766,0.004585372028656942,-0.03200800703165391,0.00810566504102056,-0.029998868549927227,-0.036323138358482665,-0.03796823305699881,-0.06625944543406304,0.0003987295451942652,-0.014021834165440672,0.0033397745614717755,0.002792560278386702,-0.03282742651995735,0.009759392938577638,-0.013861354547974714,0.0,0.0011779068852303953,-0.009504521624337625,0.015088411106591648,0.000825136162765916,0.0,-0.00015808819124418783,0.010148881158851542,-0.009248693851770573,-0.04278090817707886,0.004453276780512716,-5.8375875473415384e-05,0.0,0.002116873501471994,0.010089439000798894,0.0,-0.004113200622579138,0.013993351966810896,0.0,-0.00016714751419011353,0.0,-0.015786354459430996,-0.01991619360447089,0.009707724387546413,0.0007640486333146401,-0.00699709539756177,0.01773722988916404,0.005987835065896452,0.005164733469587124,-0.00519612271386205,0.0022240897874684085,-0.02371878101761621,0.008248852178827482
-0.018158223281017072,0.011149435363044857,-8.020069717445955e-05,0.000720958592000942,0.0028309331795840498,0.0032439784254229553,-0.00029586347060372997,-0.00018349632487818512,-0.0049359207433013474,-0.016385313130343138,0.013119867333421464,-0.027809356642762184,-0.00975135759614576,-0.008103502763619264,-0.029760920622899922,-0.00848393268824893,-0.0007367505413957698,0.006368822316410172,-0.004990039001555091,-0.02630657829575772,-0.024935632780742067,0.0,-0.006574277655949645,0.008798575309505785,-0.0032553819298823394,-0.0016853908389235506,-0.006520240053168591,-0.028353330729688486,-0.00603712465839068,-0.08631726265555312,-0.014293184443639473,0.007399351193877357,0.00041739197093737523,-0.007519061542717254,-0.02737310713059754,-0.00650019841447691,-0.004869519641905129,-0.0444376439538548,0.004708102457413432,-0.010252041204265039,-0.00783611179255106,-0.009217926170179247,-0.011629251154460674,0.0,-0.0017006187661164907,0.011489470653611222,0.012095674565497871,-0.024102539951105006,0.0,0.0006068121300283891,-0.0117879048038948,-0.015501153674021106,0.006733667163535628,-0.005058547999491181,1.1519281374883228e-06,0.0,-0.002826433170258935,-0.0007637081121391609,0.0,-0.0023513173247915464,0.010917003234540978,0.006290567865105234,0.009705056382839194,-1.1102230246251565e-16,-0.017450960213427014,-0.009001857849475936,0.012261654983956538,-0.01041190564922756,-0.011414488377118392,0.014530180796747727,0.0132706060136627,-0.005033497861688885,-0.009369370823137935,-0.006459302792080235,0.005274762618994233,-0.011107726388003503
-0.017445182116608837,-0.0021640993765050243,-0.02486377102815074,-0.03660301668553062,-0.00823872947490445,-0.0055984287043453485,-0.0011170164557020024,0.0007308705852768771,-0.0032181251244041698,-0.0029758124094410587,-0.015827763863699884,-0.0024603808144171846,-0.001849907511853932,-0.023572092035604286,-0.03317690517144861,-0.0029558824072171697,-0.006986561317418816,-0.002688450099967876,-0.0589583078813094,-0.0514050321943994,-0.016806805361677224,-0.006574277655949645,0.0,-0.007578282834479089,-0.0038181198847458964,-0.005669617072787403,0.009723965290454328,-0.004860435271877295,0.0014248176462584028,-0.01354287100875845,-0.005342556997047887,0.0004625376625040367,0.024670751633881882,-0.008020308364129147,-0.018019113446396895,-0.03879755160368392,-0.025357410318288975,-0.003224300227347099,0.008719992924401399,0.024461229622349645,0.010082941960729008,-0.0004592608001232623,-0.004378525434971636,-0.006099858058740915,-0.00920551580628165,0.002187817237698564,-0.004607417288608695,0.04157861913479599,-4.92208338279676e-05,0.008789758250207669,0.026795799205447945,0.009475281157052096,-0.005392073470304681,-0.0016079841449471166,0.00010533975234683357,0.010444637390933265,-0.006353523187682675,0.010670493333208464,-0.01568757200926213,-0.02087587005099434,0.007208114853525793,-0.007634301404826238,0.009543217996578757,0.015068780591536046,-0.013782308435207336,-0.007085477263417683,-0.011018081870399654,0.0032547478132940455,0.0029230242412396357,0.006087896530401649,-0.0013656820432742522,0.013194722505425527,-0.0017164696564750948,-0.0009001950182585539,-0.005672435772742679,0.0016223454026614847
-0.027395678948372193,0.011603327549366771,-0.048470082467077624,0.01663564167686793,-0.03623481444673837,-0.0026272061902160027,-0.01312710347860152,0.001572839843830165,-0.029657728195031763,-0.028764537463926543,-0.027815477729973836,-0.04914126622004153,-0.018859868228477517,-0.05157857007282424,-0.004222032303133949,-0.013156650919635748,-0.02902081712000637,0.0013704243494447321,-0.03037123051989965,0.0011441655801123218,-0.03388403952292962,0.008798575309505785,-0.007578282834479089,0.0,-0.005439912974991745,-0.0025549139030430768,0.002242672129698975,-0.0072948295056800005,0.00038148875213567246,-0.009774455567564844,-0.0216710010132799,-0.04137805746786466,-0.0010342121121379444,-0.024803875919601093,-0.027477466157183883,-0.0027827030580871437,0.028595575979040166,-0.020222123603701625,-0.025090863305899103,0.03280699017477867,0.008887212179707449,-0.01757345728306503,-0.015113480789378464,-0.01145412765698997,-0.006675409153986955,-0.009506011669821512,0.0005433753433949362,0.00010558026389012598,0.0,0.0,0.015955892404712735,-0.0036493387511144504,-0.0006963350180964611,-0.0009714909758766765,-0.026256186894374645,-0.00047861606523952327,-0.00973664503232513,-0.018482311719691058,0.0,0.0015277813129069284,0.0064313928017303845,-0.005935821966260579,0.011607707875687823,0.0,-0.0027307668233892968,-0.024390654135585832,0.014591317289000705,-0.002254387555252868,-0.06801975602040622,0.0178689326351979,0.0077849232112441324,-0.012820368246524327,-0.0443093249909301,-0.0030282780825466316,0.0,0.0017811287187258773
-0.004373917251435766,0.008512627742695511,-0.03438967885674138,0.0,-0.020048657022361416,-0.00024152291893519973,-0.006433997381686096,0.02323795456434169,-0.0360318042768355,0.004908403662732097,-0.012809356044052478,-0.015690427157057818,-0.005708950467381457,-8.635443796128905e-05,-0.002001170247948547,0.0038285789783853996,-0.00747752108142169,-0.0054269184508859425,-0.023947482770766415,-0.0013857072541338944,-0.008681985818963844,-0.0032553819298823394,-0.0038181198847458964,-0.005439912974991745,0.0,0.008876138468354333,-0.0035385614755230055,0.0008777289360953899,0.007918132966906688,-0.025454244792047442,-0.0015025352502220923,0.016427524019295092,0.013068747604800757,0.0018287438631843789,-0.003805924549952211,0.00589160544627737,0.0010288588156551204,-0.010542519536548944,0.005663353689222161,0.016883303254634274,-0.0029487137485379455,0.0351662345412283,0.00027187290687546994,0.0,-0.03942746413061948,0.009818496195409532,0.014115169836362407,0.0,0.0,0.0,0.0022524058150367177,0.0005878780530116368,0.008156213080804386,-0.0001041580978912715,-0.001729364394862265,0.0,0.0018880018690389244,-0.0025779169988605077,0.0,0.007473880824679924,0.002056287008796398,0.004722297372476203,0.01098687222394057,0.0,0.010001487588637337,0.04760834812985121,0.018701535168571537,0.005057153465686304,-0.027211231228381427,0.01653311787236933,0.01173726086589405,0.011525571072938001,0.007123417528127007,0.017458155362748473,0.0,0.005936801324051888
-0.003183101133662103,0.006218640831112121,-0.0015419456087132355,0.0011852108975715092,0.00033710828791072567,0.009195619827916501,0.0003890970158436091,0.012001931677608102,0.005557036462188358,0.02038777908912326,-0.023304416057344235,0.018403318020415838,-0.0054211082907349994,-0.0026629861125976872,-0.008087864713671067,-0.005664040415173599,0.00898002242513457,0.004049193826961672,-0.016580900101872798,-0.013257064216678383,-0.015282184401824273,-0.0016853908389235506,-0.005669617072787403,-0.0025549139030430768,0.008876138468354333,0.0,-0.008798622616426222,-0.012238425756266158,-0.005599384737236146,-0.03339528774541678,-0.006338536730869593,0.005623324316557876,0.0035276685003204356,-0.004447358275519897,-0.022423638004343938,-0.0942821536297957,-0.010169774773895968,-0.020380419699222385,0.011116414422755738,0.016733577940198585,-0.003866145946273214,-0.023369666731425764,-0.002277448751176747,0.0,0.023955281896255898,0.019544398254094875,0.014620496308075381,-0.004364041962733045,0.0,0.0003495833482911048,-0.0033041502911917986,-0.009302892686026187,0.004926522194876715,-0.005810166646433801,-0.0007713075968061589,-0.00010697681160215522,0.0036513354615162474,-0.0006260320130757613,0.0,-0.007006531094707613,0.006063378626827487,0.00368618291678402,0.011264381277645397,-5.551115123125783e-17,-0.006514422133625353,-0.015278345586469066,0.01272991245856292,-0.006625197884131295,-0.012947137486670646,0.01893889487964945,0.005231938928790758,-0.00823772223409841,0.004185001005019118,0.0058945621026366135,-0.0001144539790277066,0.0057059274824626804
