0.0,-0.022136926565638038,0.009218922858673206,0.0,0.0005352253009128227,0.007755475665597977,-0.01179495127918162,0.005660084649462993,-0.035123513339546664,0.0031197157382832907,-0.00027098823632198954,-0.02558117166899998,0.0004486191054626776,0.002758112484650077,-0.021808824493804946,-0.020481836291007083,0.004361861065136585,-0.022302066760340744,0.0,-0.025965741080926752,-0.03636230390378137,-0.045292759887259726,0.003213164771816601,-0.021328493676984972,-0.018118219393307156,-0.019267696969584747,0.018393988779678405,-0.012356132193638236,-0.0281314780288634,0.0015666254911794186,-0.03440111371429355,-0.024280391544919566,-0.023181366381771262,-0.03765495111638806,-0.04549212290280713,0.004305107031310262,0.0,0.010932311322362442,-0.011824826635714492,-0.016291347560561054,-0.018110789318384557,-0.0012558494763755257,0.0,0.0,-0.010208975311602031,-0.04939941759665928,-0.012311097720550113,0.0,0.0,0.0,0.004961439083567665,0.0,-0.002866719974876031,0.0,-0.00020748194283931598,0.0,-0.0021480787551528824,-0.0021210581708343557,0.0,-0.021119073065565708,-0.018398388334341154,-0.0031567085716479593,-0.012633448435354744,0.0,-0.07486678323933549,-0.058757301668771855,-0.017114872957377847,-0.02642635491970735,0.026573219617206323,-0.015606679407411339,-0.014986125427120411,-0.014958838230425375,-0.0011316456081618131,0.006852626963044006,0.0,0.0031431803388949353
-0.022136926565638038,0.0,0.025622965032701728,0.0,0.0399903720813522,0.03204904139649012,0.03032961689881114,0.0059480419684384556,0.02433026203052263,-0.008763441363603908,0.001766191660860339,-0.02307226099412335,0.034630372653160935,0.0,7.010767657622541e-05,-0.009024773613058756,0.013347983747123593,-0.016447337043305754,-0.010360895614411947,0.023482855559911253,-0.006639031400692996,-0.009597972301155555,0.01509664550047285,-0.010326634994759776,-0.01877751369285846,-0.005657569797982265,0.043937606842697874,0.01762021634238692,0.04292206563735418,-0.0060888149622853605,-0.029869161747552275,-0.007904731585143265,0.005297006714871488,-0.025663426024514047,-0.022025092035352634,0.023024860081791165,0.005036322276711913,0.0004854779923869623,-0.012180125684413345,-0.009520472657160828,-0.015752251027221942,-0.01825151629409638,-0.0009834248978894955,0.0,0.000160693388527533,-0.019598479091134213,-0.009691067140306875,-0.04378639613876878,0.0,-5.551115123125783e-17,0.015006959037382084,0.008890052229409362,-0.007444841723502904,0.001626461133371948,-0.0053992149927256095,0.0,-0.008766678833330432,0.004149972079219744,0.0,0.0013831382556610539,-0.01588764230697376,-0.00032326702472673663,-0.006108960100451366,0.0,-0.005966056393453767,-0.0066623488288335975,-0.001792462104341419,-0.011453159609051133,-0.03369758391610833,-0.009155377376555363,-0.014490631565470646,-0.002012363894131175,0.009974716072143452,0.006809837068371016,0.004437907065526048,-0.014664234617542238
0.009218922858673206,0.025622965032701728,0.0,0.0017076474812993125,-0.009227318309082022,-0.0013210807760813958,-0.0031237502206062917,0.030592424380750938,-0.0002625652442508897,-0.00687550085054317,-0.011784581888065138,-0.00027926009011464137,-0.008399286152337981,-0.0037754046686817033,0.009555815689304192,0.0028968510526575786,-0.01024773011040736,-0.016776933924840642,-0.01201431722405677,0.029336825567958802,0.0012256411610758189,0.014892463284794544,0.04596438171718309,-0.01569635298700628,-0.00687498414001847,-0.011560101517042787,-0.008291364538567714,0.0007626387751064057,0.014596921840891341,0.0012571501979897204,-0.0008764224634369433,0.007046085312914785,-0.020113179411236082,7.6173159868409e-05,-0.003776658585106729,-0.010575239325228303,0.005298454084148141,-0.01456711429778934,0.0030371269910607346,-0.004760094446814134,-0.004138204013620528,-0.0013146334774225554,-0.008875950097008478,0.0006032587311654014,0.00017557011206620343,0.0,-0.004945574648418993,-0.041884455134577836,-0.0006970549541038262,0.02271557982012873,0.003935097532343668,0.007674746746157313,0.018937200848150315,-0.06526912341562391,-0.015060524127308184,-0.06039137007608836,-0.003794814225062504,0.007309222319578645,-0.002250688835081005,-0.004114931361175578,0.0012223415016419104,0.0,0.0,-0.044878012939040535,0.006564749765893774,-0.001538630338148883,0.0007357397980704561,0.004261518382474794,0.0,0.0,-0.006315674037641994,-0.11504543055680133,0.007973470697399954,0.00991574245751925,-0.022836333507441187,-0.007535083456914116
0.0,0.0,0.0017076474812993125,0.0,0.033668409011336886,0.007549361947604971,0.04278337923150788,-0.01098131227639293,0.003995418206167833,-0.04254879524336791,0.024328811364230596,-0.02273439868768362,0.04093852984053231,0.0165497486897207,-0.0028564600304124554,0.0,-0.0007784091674849503,0.0,0.015194418340523042,0.0050567318019178464,-0.0010796485419688473,0.009185987110784333,0.028937089123334814,-0.058911799946881616,0.0,0.004640061641275506,0.017816009916528652,0.06144976626342086,0.01959782386417036,0.0004942690916951986,-0.025922146469786467,0.05442878448416749,-0.11974737094024612,-0.06986714066052968,0.005720473381664537,-0.012709314165741559,0.004176818751710248,-0.04790898811984978,0.002369236075076331,0.0,-0.0019233658524829833,0.0,-0.0006888463386949817,0.0,0.0,0.0,0.0,0.00013778652503709798,0.0,0.0,0.00013588930100699725,0.0,0.0,-0.0003225759970776343,0.0,-0.0003302363930201002,0.0,0.00024283531282609516,0.0,0.0,0.0,0.0,0.0,0.0,0.0,0.0,0.0,0.0036697549914112004,0.0,0.0,0.0,0.009422674410398957,-0.0003161808889138862,-0.0012435795319423182,0.0,0.0
0.0005352253009128227,0.0399903720813522,-0.009227318309082022,0.033668409011336886,0.0,0.009500795235534765,0.023115912718550458,0.03919090116498358,0.014034992378435418,0.0076199841346554775,-0.008740009393080617,0.007580267991868894,0.028990056096588057,0.005527353342330066,-0.01061302445132628,0.006504170422828248,-0.017089935532772715,-0.0032258457758196912,0.0013584219003618392,0.04564616577754216,-0.010162955569788634,0.031360785871055674,0.006622256488088063,0.018848126161979895,0.012157474599537865,0.007747385850094823,0.0010386412947985257,0.018866583736744547,0.01862880276306128,0.014189610026876076,0.013956670392058834,0.04459396347848149,0.007374606813889406,0.021954865728984974,0.009520160575059833,0.015454207217515725,-0.020805960926469247,0.0054264130908925345,-0.0739716905991401,0.0032362159224268994,0.02516083031134042,-0.0047797118490960355,0.009951522626924059,-0.00033916221249596923,-0.0017106584125317625,0.0,-0.011637914523097481,0.03876976219967787,0.0,0.026162693432147666,0.012799421800632205,0.004862322708229616,0.02121525798923768,0.014014404454578355,-0.0024714692803872174,0.009895421709331498,-0.004045156407469941,-0.0012772080765881544,0.05924101488732192,0.007998762291256234,0.0012783194300120537,0.0,0.0,0.03748407819582189,-0.0023636165549294486,0.0,-0.009614846501324381,0.023077640123622234,0.0,-0.00021675775070856274,-0.004175471052479951,0.003258518507695096,7.066536105060361e-05,-0.014346978364245644,0.007382949052615939,0.005756550551916373
0.007755475665597977,0.03204904139649012,-0.0013210807760813958,0.007549361947604971,0.009500795235534765,0.0,0.0210197249068087,0.02211331878292533,0.012153388923382913,0.004411989821143325,0.02933381256412726,0.008152709254643342,0.027684957876705496,-0.0026057325419082678,0.0345523183154009,0.00935803593581036,-0.003919686506345055,-0.015289914404958138,0.02458121803529506,0.04519917215765157,0.025081494786667047,0.0332499853474561,0.01607077948146557,0.014066369948015911,0.0017294177829222934,0.013839358368362642,0.02258147693271373,0.019201227000483934,0.008732968823693399,0.017540535139613178,0.0009667359974356304,0.01693329252101755,0.0158692715272315,-0.007824324767394086,-0.003965563906742631,0.007737805681943988,0.01355857007030864,-0.0009680645417073364,0.013568528851634898,0.03311383394862771,0.0041986421008841646,0.027456614672909718,0.0006642003670797036,-0.030751966005888698,0.0023937796247970877,0.00774661956985595,0.015477290355233986,0.024986967571749563,0.0,0.009482943856857884,0.014171084797169886,0.00708152121059058,0.009763661466655249,0.0027603916984355603,-0.006554061566588776,-0.002260683709877309,-0.001011784665776394,0.012361729204565575,-0.020233870991417102,0.01895837675023415,0.010011612532832614,5.551115123125783e-17,0.001065948959086016,0.01620148437807223,0.011155018241906345,0.01942740656396086,0.028942571377587878,0.025493600704491692,0.0,0.006524319265611922,0.005261750078537797,0.010219523842319278,0.012352400461614454,0.013963350573691025,0.003389579185663627,0.005291334461295927
-0.01179495127918162,0.03032961689881114,-0.0031237502206062917,0.04278337923150788,0.023115912718550458,0.0210197249068087,0.0,-0.004743416007059242,0.015393093986569795,0.0010927912744675972,0.011622010258254045,-0.0050916698166611485,0.01178523511425611,0.019761808916654022,-0.010912944179383655,0.009111569961864019,-0.01183510071093502,-0.012026387746701561,0.0037773096207093793,0.027569268531554503,-0.001059236442467193,0.023135086666594418,-0.00527679122018293,-0.0013582825866949588,-0.00040180237920312,-0.00815720111530921,0.005329894553150805,0.017069975715259866,0.016025040981909766,0.00635377536923909,0.005282322347880397,0.027772586391613396,0.00489139830769636,0.01827110951117461,-0.0073772568673531325,0.02114161224751926,0.018593605041201167,0.006783264782416365,-0.002546752829783394,-0.0011939117101061325,-0.00466576286736875,0.0013186506721079017,-0.01971204858967468,-9.331968086478959e-05,-0.0071945808996295435,0.0009023406417881241,0.0089495190140651,0.018463046859022114,0.0,0.006370504479415451,-0.000995057894882967,-0.006223553244994351,-0.012162487927202648,-0.0062634173162151585,0.023946266256481663,0.0007002808311004083,-0.003357193646883583,-0.004974967533647789,0.0021755276255180367,0.002918381789425384,-0.011081400580167322,1.1102230246251565e-16,0.001204565906706312,0.014901501403985495,-0.0022131671357245586,0.011532328500068412,0.007391276201160979,0.0034069487213488348,-0.005991664017512832,-0.0010145880985483746,-0.0028879983835348177,-0.007514033795432695,-0.005648558182757557,-0.007739211926406919,0.009547039672432311,-0.01415744223107479
0.005660084649462993,0.0059480419684384556,0.030592424380750938,-0.01098131227639293,0.03919090116498358,0.02211331878292533,-0.004743416007059242,0.0,0.024655912958023052,-0.009943238724049008,-0.036490920136149574,-0.005361337172467451,-0.009476688914366371,0.00021931864917706934,0.019522357388149614,0.006871105119939047,-0.0017456463615503348,0.007316097333964544,0.005016558344951738,0.04842989078240201,0.007288075033874242,0.009642800261833284,0.011330043026172576,0.00492565364031794,0.01165334243052274,0.006667120779076829,0.033028253687729936,-0.001572659756021999,0.012438107575945101,0.006921100482658371,-0.002831633764034114,0.0059175988086639375,-0.030364209942248588,-0.013777708615455742,-0.00503196481758128,-0.013698066498182615,0.057140279368977365,0.004163510441350493,0.006605588330362122,0.015580311288506343,0.00597516178992441,-0.0020663649509419235,-0.05236199350888754,3.1505151847632806e-05,5.4293623328427465e-05,-0.01295691799520754,-0.0052951313288117086,0.019954271400168255,0.0,0.0007215455248020808,0.021871678522404847,0.005139760202074406,0.034316142938188354,0.0018398593744650693,-0.013467513827275235,-0.04041644299811342,-1.1102230246251565e-16,0.00566843741676315,-0.03715098076161505,0.008913745534199546,0.0013429000364011956,0.0,1.8531587283099338e-05,0.02338479675115679,0.02666957232723216,-0.0010040638329393836,0.004279167081648494,0.03314605298035184,-0.0033348708851927977,0.0052157423035019135,-0.015422865068918323,0.028711964615352248,0.01001049414734756,0.047235883099227105,-0.002123503708437502,0.00775576380815407
-0.035123513339546664,0.02433026203052263,-0.0002625652442508897,0.003995418206167833,0.014034992378435418,0.012153388923382913,0.015393093986569795,0.024655912958023052,0.0,-0.004782959541698606,-0.0002345979377388896,-0.004131197753145077,0.031223368057947176,0.0049011341943562825,0.02757402032599915,0.019055047595660346,-0.009600763418072589,-0.009330278452189533,0.0030496524029980376,0.029338932227592762,0.01144559057680783,0.026629921418315605,0.018903092282446632,-0.013734282714764234,-0.007844639366081874,0.0017170981774871086,-0.00489396918250784,0.0028299420747166515,0.0158523584524472,0.015236879147524085,5.661782309557273e-05,0.0024863391179122396,0.002993692256197611,-0.0004265919083359937,-0.0027421302329381225,0.0016821542223305896,0.0048030181475970934,-0.0010022250559543755,0.010125909028107671,-0.008849818183545077,0.010594654451332008,0.01593117093283891,-0.002216207812211657,-0.007187684321096954,-0.008105557660932461,0.0,0.04019513727222401,0.021257758687352912,-0.004075037768586087,0.011561585033817656,0.00374287121803607,-0.0017983476695492273,0.010002852238291893,0.0008292574367400052,-0.016055755098902946,-0.01887251797218814,0.009737310195397753,0.0035706435673307224,-0.005130887948512852,-0.009100161663020578,0.007677708960805996,5.551115123125783e-17,0.0,0.010337496577004668,0.012825688323632123,0.003087033062206368,0.04708414912528225,0.0016168526911963799,6.41813050511475e-06,0.001759709054568681,-0.005104599241504859,-0.00022789134626310936,0.0037322494756198976,0.0062062971055725225,0.004561343262628248,-0.013594854763311126
0.0031197157382832907,-0.008763441363603908,-0.00687550085054317,-0.04254879524336791,0.0076199841346554775,0.004411989821143325,0.0010927912744675972,-0.009943238724049008,-0.004782959541698606,0.0,-0.01177545049798473,-0.028514194855923602,-0.002081120031442285,-0.0994911065062899,0.0224425553660767,0.0046371820458581126,-0.00574292263106807,0.006548464206202365,-0.00328024307766539,-0.008978017634288404,-0.00775966784748644,-0.021303338765744084,-0.01062856514202426,-0.019307237948636646,-0.029852809075168463,-0.07086769862809669,-0.0002816458825979362,-0.014011348639296095,-0.00823688356701019,-0.004522446565429272,-0.04118313949164393,-0.010364438966705136,-0.029206841015174623,-0.020934787416803657,-0.015344537240799372,-0.019866473802896634,-0.005629907466285444,0.0024238915399156236,-0.018140515204561836,-0.019623399917517714,-0.015068542955078812,-0.007478538899747145,0.010825258043082653,0.00021192798862479378,0.020312303545406973,-0.022666921986013888,-0.0034033408329695036,-0.007708898036542844,-1.1102230246251565e-16,1.6653345369377348e-16,0.005400575832690047,-0.021614029867855267,-0.000417501239441731,5.654455575787587e-05,-0.012927160324900877,-0.007210567292895431,-0.01816191086396035,0.0174063741686325,0.0,-0.001981034427360917,-0.022537029875785763,-0.020320845707774704,-0.016910818144753426,4.98339276993609e-05,0.00033520740712034147,-0.0006296951074090118,0.013897020153872341,0.0004631884840829992,-0.00144395598061553,-0.01956159763288101,-0.026877342971618867,-0.010430085889013063,0.07371903909064109,0.021849035996157284,-1.1102230246251565e-16,-0.005461218907596488
-0.00027098823632198954,0.001766191660860339,-0.011784581888065138,0.024328811364230596,-0.008740009393080617,0.02933381256412726,0.011622010258254045,-0.036490920136149574,-0.0002345979377388896,-0.01177545049798473,0.0,-0.005688459322908457,-0.0018710906512870995,0.007505417647831358,0.0,3.7430690023432245e-05,0.007518798925728487,-0.007897423915717905,-0.007617928086875836,-0.0001720265395276921,-0.006766555095706395,0.008284740457897788,-0.03705134364224322,-0.007395812399098589,-0.010904114079858085,-0.014241509784809703,-0.026056088888126716,0.003971007650224789,-0.0017713737924059392,0.007615549188116633,-0.005883080338720426,0.015620844068892359,-0.016113504315426908,-0.003865540425320668,-0.011540877850180653,-0.04205720376165634,-0.03160063035723387,-0.004198255281130714,0.0006311750147218742,0.0015145718373528183,-0.016572170367814887,-0.008646542327581719,-0.025451710200059097,-0.0029490769471055,-0.0026756346647686113,0.0,5.551115123125783e-17,0.041070960386014876,0.0003019090076651909,-0.02995280472074413,-0.007721923784368312,-0.002508172572673495,0.0017068485878510287,-0.09919880512026774,0.01178001878368301,-0.03303992160735569,0.008061061748340537,-0.0008258475229036,-0.0007697949222714162,0.0017070901592231014,0.0,0.0,0.0,-0.09588739900992016,0.0010862190792097492,0.0,-0.014191239415556056,-0.014268084500515033,0.0,0.0,-0.0016751708440950752,-0.00807025003229761,-0.002255299501473129,-0.030070399642578627,0.002714547704287751,-0.010440995996979507
-0.02558117166899998,-0.02307226099412335,-0.00027926009011464137,-0.02273439868768362,0.007580267991868894,0.008152709254643342,-0.0050916698166611485,-0.005361337172467451,-0.004131197753145077,-0.028514194855923602,-0.005688459322908457,0.0,-0.005995561463727983,-0.07458750487609617,0.010589578207525985,0.006050174545564557,-0.014461027791042969,-0.006014441502414591,-0.0068055434542078075,-0.01661906206103464,-0.016226457147438866,-0.023220671052050168,-0.001715823004638184,-0.01872419122328317,-0.030946795979653607,-0.04133629258018173,0.01445628878153804,-0.008638226731109422,-0.027219370861678527,-0.00982645537856014,-0.031291317719745027,-0.012898490887350067,-0.04345020852607395,-0.03173114368720098,-0.011777612601125309,-0.02215428134682834,-0.015438714241670315,-0.027281993057551635,-0.0394560921082667,-0.024381339551399872,-0.06685168596567431,-0.06373148671743278,-0.0728443551449981,0.009088522108074343,0.010738629945939882,-0.005133616255129536,0.006095755182377094,-0.005336777476579846,0.0,0.0003493606549471173,0.012532951910696366,0.02339411575449507,0.0,0.001577776968043898,-0.01828854517304568,-0.010250503901173658,-0.02345317030695987,-0.01188962870559307,0.0,-0.005959095784101087,-0.02465676644997472,-0.019122396060101854,-0.017218384141510557,0.0,0.0020857933818058116,-0.00038070020385017056,-0.01270125642468417,-0.025102705628071764,-0.02672521467727923,-0.02201135593393122,-0.03175687089568313,0.004573336177393805,0.001664847616611398,0.0022698044506146986,0.0,-0.016681524859728403
0.0004486191054626776,0.034630372653160935,-0.008399286152337981,0.04093852984053231,0.028990056096588057,0.027684957876705496,0.01178523511425611,-0.009476688914366371,0.031223368057947176,-0.002081120031442285,-0.0018710906512870995,-0.005995561463727983,0.0,0.023156157698226487,0.012865698616585597,0.014096485653886881,-0.014161570499485465,-0.015672472758467837,-0.0020684867563528497,0.029523161192251013,0.002552604185945495,0.027415145737740065,-0.0015829943396317159,-0.009675882308792294,0.0023808257656415255,-0.007993761615834316,0.010847563365719792,0.012393982768949763,0.017191978008543773,0.05228739422007722,-0.0030113236282607314,0.0245633469206602,-2.1662877362993438e-05,0.010595580707029428,-0.0016357990034363556,0.025367626132247967,0.03610105221291193,0.0033871755761378797,-0.03875667286457096,0.013414831708671582,-0.012235868923158977,0.0014408529852572016,-0.0016915357175953383,-0.013287206173785482,-0.012665460943318496,-0.0013804480141616504,0.004768930160553575,0.01621372921268527,0.0,0.000905839711689449,-0.0012991226294858382,0.002053174851682882,-0.0035632872541762617,-0.0016864248431395223,0.0024325197900673112,-0.0019774619817199968,0.012961548009268464,-0.002511110766677316,0.023565249856784376,0.007453477994673385,0.002624472129837019,-0.0008406519492992759,0.0007176814137704324,0.005644354431854959,0.0023992388784297436,0.012286963637717307,0.00596535288155281,0.006279278585568093,0.005866708701861123,0.0007878432775533795,0.006666772145830557,-0.0014187796257680851,-0.0038344705060385786,-0.003032338291992731,-0.006123727859073669,-0.007098652092913382
0.002758112484650077,0.0,-0.0037754046686817033,0.0165497486897207,0.005527353342330066,-0.0026057325419082678,0.019761808916654022,0.00021931864917706934,0.0049011341943562825,-0.0994911065062899,0.007505417647831358,-0.07458750487609617,0.023156157698226487,0.0,-0.0016403693983949585,0.0,0.0,0.0,-0.0062154151006265645,-0.0015464628522992019,-0.004132493758442157,-0.003797710188272685,-0.02044751880749851,-0.209049808428122,-0.0002947234798784115,-0.0032484046443615466,-0.02007474259799702,0.025928785705616908,0.013481858066310859,0.0005374243185704008,0.006002264051939488,-0.015169707324805548,0.007655657994861842,-0.007841074416599647,-0.032292704966868535,-0.010708544845059897,-0.011470061484811583,-0.04273585073922437,-0.016013099802741237,0.0,0.0008239054967368875,0.0,-0.024357857643431735,0.0,0.0,0.0,0.0,0.02526905314995065,0.0,-0.07066265190826654,-0.0012787155758529622,-0.014243031273257434,-0.008794999742737453,0.005601846057485538,0.0,-0.013995344007875887,0.0008426473873370255,-0.004652548822761227,-0.02189550141532809,-5.551115123125783e-17,0.0,0.0,0.0,-0.011864528296240684,-0.002300204145356144,0.0,0.0,-0.023983624539220705,0.0010984471084702907,0.0,0.0,0.01253869051287898,0.021759973410771016,0.0017526137355087235,0.0,-5.551115123125783e-17
-0.021808824493804946,7.010767657622541e-05,0.009555815689304192,-0.0028564600304124554,-0.01061302445132628,0.0345523183154009,-0.010912944179383655,0.019522357388149614,0.02757402032599915,0.0224425553660767,0.0,0.010589578207525985,0.012865698616585597,-0.0016403693983949585,0.0,-0.011489114353601726,0.0184089186415044,-0.03273627265476553,0.0,0.023323502299874788,0.015364720919787633,0.007159327177816588,0.019024348138680314,-0.05071357259917142,-0.02212067791411043,-0.0009005810990284635,0.019955366572333766,0.006235239945235005,0.03190052405512711,-0.005324118503763575,-0.004656980646803643,-0.007529040836667555,-0.012635916364991784,-0.02382697043050719,-0.026402577991468834,-0.005286057435214264,0.03118212524640679,-0.011897327205024788,0.010293183973225706,-0.005634887986796844,0.012740123649213508,-0.005459258686758894,-0.011454244375665223,0.0017567340526741804,0.005173149430670487,0.012208774325593807,0.008658932274970665,-0.00745944768873863,0.0,0.0,0.03791035782721763,0.0029134689246799184,0.015846597889306813,-0.0037502638933927246,2.352331377930561e-05,0.0,-0.0030647466285207425,0.02966847650992699,0.0,0.018448975421411995,-0.012202946714236884,0.0010922918834361806,0.0033348559517669685,0.0,0.03594065444605349,0.02090702319595633,0.021358675768898105,0.03353563392485548,-0.015108058236091959,-0.015840884950079515,-0.00666829005624181,0.044123313487953786,0.032469225708569305,0.035659895172252376,0.023477182457989798,0.027831438403188247
-0.020481836291007083,-0.009024773613058756,0.0028968510526575786,0.0,0.006504170422828248,0.00935803593581036,0.009111569961864019,0.006871105119939047,0.019055047595660346,0.0046371820458581126,3.7430690023432245e-05,0.006050174545564557,0.014096485653886881,0.0,-0.011489114353601726,0.0,-0.027076551984760555,-0.020755768513479045,0.002143097297242824,-0.018731485670722803,-0.019558567576968167,-0.007263761894895526,-0.0013142167840659025,-0.0022541429390047774,0.006226634155638344,-0.03511536074066968,0.014750302002390747,0.0007007240557672101,-0.0006424657000812517,0.0002503235962112993,-0.020151079751860534,0.012194541977107343,-0.006931484559246248,-0.021563610067604655,-0.03029498607778569,-0.02966333708238683,-0.008814181706268354,-0.02088648486394956,-0.01415398921733324,-0.014035180489305632,-0.010148929416663621,-0.022993008052057118,-0.009456669489233571,0.0,0.0,-0.010773751205815252,-0.010507978803720619,0.0,0.0,0.0,0.0037650430649531774,0.007181250992056409,-0.01602651453735232,0.0,-0.012596503303864637,0.0,-0.01869089415771885,0.004717685532455773,0.0,-0.0018825317566912858,-0.005449197430853703,-0.008303390036395741,-0.002396866094732497,0.0,-0.002358784978587658,-0.00076098718578127,-0.013097244411198361,-0.024256409887586705,0.005910962249863205,-0.0036981577978612012,-0.01303121266867402,-0.006876108301509476,0.00019511836691804563,0.026296045736226237,0.0002897069929316265,-0.00531503348669482
0.004361861065136585,0.013347983747123593,-0.01024773011040736,-0.0007784091674849503,-0.017089935532772715,-0.003919686506345055,-0.01183510071093502,-0.0017456463615503348,-0.009600763418072589,-0.00574292263106807,0.007518798925728487,-0.014461027791042969,-0.014161570499485465,0.0,0.0184089186415044,-0.027076551984760555,0.0,-0.019686979981285657,-0.00386792711416839,-0.018720947072955352,0.0026524985456530814,-0.02382466940773681,-0.0005136275733798046,-0.0036055716884848543,-0.014760913979129042,-0.0035737073266531305,0.006296262912797612,-0.031108703870511845,-0.002531229289017778,-0.009778721583512284,-0.02051858135631901,-0.015348651695785087,-0.038225249519148186,-0.026540485117580948,-0.056320103714288305,-0.0021500087521764133,-0.0005730110089826601,-0.02264754399103075,-0.020228602629117798,-0.021228158233701666,-0.009879758857447185,-0.025238034212656968,0.0,0.0,0.0007241118747470243,-0.004198328494458503,-0.0051177813526414595,0.0,0.0,1.6653345369377348e-16,0.0010621466227295207,-0.00044614417471078305,0.0,0.0,-0.014226782064850452,0.0007917861484358912,-0.014946552570030858,0.006864399349292005,0.0,0.0,-0.0036282410296362144,-0.01824651084336787,-0.01151848835934477,0.0,-8.4814325925886e-05,-5.551115123125783e-17,0.011829982885183665,0.0018964884003321858,0.0008183079205988375,-0.015048947926505518,-0.02333067894717178,0.0,-0.001104244238029295,0.00822499687816497,0.0,-0.014675442153273877
-0.022302066760340744,-0.016447337043305754,-0.016776933924840642,0.0,-0.0032258457758196912,-0.015289914404958138,-0.012026387746701561,0.007316097333964544,-0.009330278452189533,0.006548464206202365,-0.007897423915717905,-0.006014441502414591,-0.015672472758467837,0.0,-0.03273627265476553,-0.020755768513479045,-0.019686979981285657,0.0,-0.0023093897722403778,-0.03216737320484314,-0.016974760952755796,-0.02262453472841336,-0.011859469658762445,0.0036084724721445194,-0.010903199611950964,-0.01462972204492674,-0.008426954440073131,-0.016092138125099187,-0.009399672137707649,-0.03263850207883978,-0.015168437234594878,-0.006679358127417434,-0.010020094806440172,-0.01756854280196618,-0.024064478752026053,-0.025255482688895492,0.0,-0.01931165157552528,-0.01664154166918569,-0.01911580744075314,-0.012560242052936377,-0.02014799096283948,5.551115123125783e-17,0.0,0.0034057415580298622,-0.0132179613814416,-0.019921242734449396,0.0,0.0,0.0,-0.0019183570179780451,-0.00041897541300828234,-0.0014604619607878622,0.0,-0.005752716624387866,0.0,-0.011216861630000907,-0.006863147452887075,0.0,-0.011298499843763743,-0.010695428659202144,-0.014411049130040432,-0.00407711262701782,0.0,-0.009981180582973037,0.01057286891874848,-0.01857496800678715,-0.04650658762786214,0.008608348341462513,-0.003891936459730405,-0.013746180537735464,-0.04087450583455743,-0.008488088772195979,0.005296699739127331,0.0,-0.009892326927572359
0.0,-0.010360895614411947,-0.01201431722405677,0.015194418340523042,0.0013584219003618392,0.02458121803529506,0.0037773096207093793,0.005016558344951738,0.0030496524029980376,-0.00328024307766539,-0.007617928086875836,-0.0068055434542078075,-0.0020684867563528497,-0.0062154151006265645,0.0,0.002143097297242824,-0.00386792711416839,-0.0023093897722403778,0.0,0.00800685551115482,0.02127988352482274,-0.004774253742589218,0.017080914322078755,-0.013318346193897768,-0.00032294377550023956,-0.0037295770747834966,-0.014955862092720484,0.000542542149573555,0.02963499309101053,-0.000969016405014067,-0.006173662519574297,0.008304655196578414,0.0019137416853601263,-0.0029742185750163963,-0.006878606630225825,-0.001001620631100264,-0.0011329006314503287,-0.0008065799484705538,0.01954113891400594,-0.004162035787523721,-0.01618909936510604,-0.001967253113632439,0.015336374249471152,5.551115123125783e-17,-1.6653345369377348e-16,0.0,5.551115123125783e-17,0.10204600722505164,0.0,0.014343899515554703,0.009849833819670528,0.0038321729331350918,0.013945797593409803,0.009838671421715794,-0.002773139802805913,-0.019639107327881655,0.002871010771341387,0.009818921143191939,0.002831932197731535,0.0027010823321313993,0.0,0.0,0.0,0.013811220019992243,0.006460892559134623,0.0,-0.00736951421849058,0.000976321621177334,0.0,0.0,-0.0007886516541211752,0.0009242922269289133,0.010167883248255682,-0.006244854968411373,-5.84558407915603e-05,-0.008639903261077109
-0.025965741080926752,0.023482855559911253,0.029336825567958802,0.0050567318019178464,0.04564616577754216,0.04519917215765157,0.027569268531554503,0.04842989078240201,0.029338932227592762,-0.008978017634288404,-0.0001720265395276921,-0.01661906206103464,0.029523161192251013,-0.0015464628522992019,0.023323502299874788,-0.018731485670722803,-0.018720947072955352,-0.03216737320484314,0.00800685551115482,0.0,0.03893189980564632,0.018257835011288914,-0.004341705182187405,-0.038685406121624355,-0.01161901594193021,0.01339610006987041,0.04194934329701355,0.01769072004389438,0.02432479948789046,0.04057421551014262,0.000863515318947683,0.007248222929772841,0.008651385707146741,-0.01230107287707366,-0.013787058347952075,0.0339008890065412,0.0006409385530459777,-0.00888373005412757,0.021297610577378445,0.012611502826422982,0.022876756677124965,0.020387332626957022,0.023867131615746717,0.0007839842047195344,-0.0013990876604131341,-0.054809099881819645,0.003004472700267935,-0.0008318343606232292,0.0,-0.001171898040943531,0.03471028196800752,0.026919817428961157,0.039643642445561955,0.0034977449609678857,0.005015647722998284,-0.011743054431861133,0.0037381891795705835,0.022263489101718992,0.0,0.016955957253523612,0.0018041270810031929,-0.0010651662857060207,-3.8959396924942435e-05,-0.0030492219454066882,0.025591188917658825,0.03094588722352587,0.013983392557707697,0.036633821401819255,0.002151490261876998,-0.005106175431277393,-0.017819529784235788,0.03583174253435584,0.02656026623837371,0.03426562142759537,0.025289534113727807,0.029096772433993223
-0.03636230390378137,-0.006639031400692996,0.0012256411610758189,-0.0010796485419688473,-0.010162955569788634,0.025081494786667047,-0.001059236442467193,0.007288075033874242,0.01144559057680783,-0.00775966784748644,-0.006766555095706395,-0.016226457147438866,0.002552604185945495,-0.004132493758442157,0.015364720919787633,-0.019558567576968167,0.0026524985456530814,-0.016974760952755796,0.02127988352482274,0.03893189980564632,0.0,0.022423254855302,0.01526193307437046,-0.032521834289941376,-0.02664733092812893,-0.025268101285562006,0.03573538300996515,0.009765268529642324,0.015595578517841768,0.019606627168932966,-0.014147982318948205,-0.009886776819633458,-0.0016362547543323225,-0.027419075255141978,-0.04643313429305568,0.06681344245152221,-0.0038767027979926816,-0.0051239959773619614,-0.0017584462679209323,-0.004508849262307768,0.00914570115329466,0.008967367185651165,-0.022933958122183906,0.0,0.0016232606834883367,-0.06727867028494411,-0.0006219763212331197,0.0028161494302468837,0.0,-0.0005395472769108012,0.014626007307948496,-0.007989780650902112,0.037752133522967746,0.0062920455992107605,-0.0001992340123644354,0.0,-0.0021037836779919106,0.00011088827249605693,0.0,-0.00038720870042951994,-0.025616714282355957,0.0,-0.056715234491471644,0.0,0.006607597644807339,-0.0007112279220973239,0.0006797871093243701,0.023110296774107364,0.0020310495607961943,-0.034379185692276715,-0.019428029206146002,0.030019461553211335,0.02165625376083563,0.030178277388354213,0.01341408284106177,0.03192110510230706
-0.045292759887259726,-0.009597972301155555,0.014892463284794544,0.009185987110784333,0.031360785871055674,0.0332499853474561,0.023135086666594418,0.009642800261833284,0.026629921418315605,-0.021303338765744084,0.008284740457897788,-0.023220671052050168,0.027415145737740065,-0.003797710188272685,0.007159327177816588,-0.007263761894895526,-0.02382466940773681,-0.02262453472841336,-0.004774253742589218,0.018257835011288914,0.022423254855302,0.0,0.019643921096048345,-0.040665467575501435,-0.021004696518319488,-0.012987342429712334,0.040943417986697206,0.013050076725215132,0.02448322583098983,0.014303300402164432,-0.013373982664133144,-0.00964141845139388,-0.003154063408174923,-0.022512397521903982,-0.025465823753117123,-0.022582499967294445,0.019244405400024478,-0.02312152300494702,-0.009945502595776923,-0.017103854622549597,-0.008225117417997696,-0.013971229904657545,-0.04810845674812181,0.0,0.013095178578622357,-0.033507707300143574,0.001640540740550256,-0.003541165042641292,0.0,0.000437942681539516,0.018289566242089605,-0.010413987672971747,-0.006133843387168825,-0.0019918167970939815,0.0022993740332469814,0.0,0.00047410095304734057,0.015576688370765923,0.0,0.005892128022894405,-0.019376797885396757,0.0026216564455034397,-0.01357547693919764,-1.1102230246251565e-16,0.010891406633154022,0.015092878537330323,0.015380213786316321,0.016523762718816948,-0.0056877129590001685,-0.010187968899966426,-0.015123036991802341,0.02135893727021493,0.014413582543175596,0.023428562091455052,0.007626033086869766,-0.00403862750049
0.003213164771816601,0.01509664550047285,0.04596438171718309,0.028937089123334814,0.006622256488088063,0.01607077948146557,-0.00527679122018293,0.011330043026172576,0.018903092282446632,-0.01062856514202426,-0.03705134364224322,-0.001715823004638184,-0.0015829943396317159,-0.02044751880749851,0.019024348138680314,-0.0013142167840659025,-0.0005136275733798046,-0.011859469658762445,0.017080914322078755,-0.004341705182187405,0.01526193307437046,0.019643921096048345,0.0,-0.00013523293388584268,-0.013929711934203448,-0.0003232138764602821,0.008033631663554863,0.0033401454697649102,0.021014509453036068,0.011252529893740426,0.0086036735114563,0.011871193338428565,-0.0031653535162443625,-0.0058507312934849565,-0.009104116179569688,-0.0019623009236970357,0.011902860201267074,-0.017264206418224626,0.007784376828896877,-0.018683818452274903,0.003640706299833485,0.0102192410651043,-0.01897096884682692,-0.003864178083414105,0.01995227117293563,-0.0017539196946788072,0.0062407466926020505,0.043931660914256154,-0.00016798830228964556,0.0057497023563983785,0.017942212596278484,0.01204917954087914,0.026298355225766012,0.004315911149120222,-0.003915033141167645,0.005797068874607736,0.026473512567678437,0.012269839952599115,-0.0007421014363435674,0.01103973551091958,-0.0033650987404150734,-0.008029313909782232,-0.008575558432696362,0.03377158484497955,0.009402303146323066,0.0134081514326439,0.015385593618540916,0.017934002277775307,-0.002240320085782621,-0.014075426775306488,-0.01132658528348296,0.012316366981151572,0.011244904102583497,0.015663394078153925,0.008930836508992401,0.013029330413949713
-0.021328493676984972,-0.010326634994759776,-0.01569635298700628,-0.058911799946881616,0.018848126161979895,0.014066369948015911,-0.0013582825866949588,0.00492565364031794,-0.013734282714764234,-0.019307237948636646,-0.007395812399098589,-0.01872419122328317,-0.009675882308792294,-0.209049808428122,-0.05071357259917142,-0.0022541429390047774,-0.0036055716884848543,0.0036084724721445194,-0.013318346193897768,-0.038685406121624355,-0.032521834289941376,-0.040665467575501435,-0.00013523293388584268,0.0,-0.0028220105007453755,0.0017037869844707676,0.019250565036998513,0.0017041504967860721,-0.02755630466015102,-0.020804157848177574,-0.037687884850384545,-0.004182991200808839,-0.0326048840769165,-0.022504618976054158,-0.021581920273988642,-0.033756971886438725,-0.01044656437143704,0.0022608337343849594,-0.012189599539019436,-0.0572677138620688,-0.07329673193593567,-0.0881790137624402,0.010829459970204514,0.006410009294878505,-0.007714269086143977,-0.06987500084444298,-0.021812806747897318,0.0003603402849323145,0.0,0.0,0.003206311375270443,0.06256881564690459,-0.001132338238560071,0.0008627344138468773,-0.021381250479249714,-0.0016334932587523943,-0.02880948071756473,-0.01732293865963974,0.0,0.0026824967431646196,-0.017916436528758906,-0.018982490803153285,-0.02094494270115166,0.0,-0.001117317939706819,-0.018269556999852277,-0.042129007936860696,-0.0430810375440866,-0.020724493334949967,-0.021899216077961692,-0.0341533320626366,0.0073910310722544725,0.03104832895449705,0.001581125462160271,0.0,-0.009566253936404534
-0.018118219393307156,-0.01877751369285846,-0.00687498414001847,0.0,0.012157474599537865,0.0017294177829222934,-0.00040180237920312,0.01165334243052274,-0.007844639366081874,-0.029852809075168463,-0.010904114079858085,-0.030946795979653607,0.0023808257656415255,-0.0002947234798784115,-0.02212067791411043,0.006226634155638344,-0.014760913979129042,-0.010903199611950964,-0.00032294377550023956,-0.01161901594193021,-0.02664733092812893,-0.021004696518319488,-0.013929711934203448,-0.0028220105007453755,0.0,-0.02030709257893426,0.008584303531313509,-0.016532778041413065,0.007573840366224771,0.0029472853722496972,-0.010703045184651094,-0.00533346419180597,-0.008721678440598624,-0.01243478886936178,-0.014019164011577823,-0.023197121374207708,0.0013839144699325234,-0.010759011520013073,-0.007367809026364636,-0.01950216189225057,-0.013017091374048384,-0.012892051671046845,-0.0009761123743227129,0.0,0.00515683590412469,-0.0065165793329795,-0.00751993937534684,0.0,0.0,0.0,0.005959700365721465,-0.005501232430682901,-0.015275135799491524,-0.00035548650182659625,-0.009909915795706326,0.0,-0.01150722369370133,0.0008004031387377486,0.0,-0.022448903809469067,-0.004929098545845001,-0.014928803251849032,-0.0041707917154893415,0.0,-0.016434446468533204,-0.02011351329406219,-0.007206688078854384,-0.03225023970392299,0.0030776314491992585,-0.0029496254563782798,-0.012174093129820318,-0.015327435664001576,-0.014081783795830194,-0.010419133731064456,0.0,-0.0064825483837443465
-0.019267696969584747,-0.005657569797982265,-0.011560101517042787,0.004640061641275506,0.007747385850094823,0.013839358368362642,-0.00815720111530921,0.006667120779076829,0.0017170981774871086,-0.07086769862809669,-0.014241509784809703,-0.04133629258018173,-0.007993761615834316,-0.0032484046443615466,-0.0009005810990284635,-0.03511536074066968,-0.0035737073266531305,-0.01462972204492674,-0.0037295770747834966,0.01339610006987041,-0.025268101285562006,-0.012987342429712334,-0.0003232138764602821,0.0017037869844707676,-0.02030709257893426,0.0,0.0231704167642921,-0.014239818263098392,-0.01053805509397937,-0.009017891385117549,-0.036178920290277916,-0.028678602566652223,-0.027888402999956874,-0.03425103666088969,-0.04685293964890702,-0.0017489607319945422,-0.024771137743716476,-0.03550628940263878,-0.024520445040707495,-0.03368384219997128,-0.020635207841812997,-0.026519048461929873,-0.013512873872400855,0.0,-0.03414491114803747,-0.03707774712355183,-0.019236879156772246,0.021904878242785197,0.0,0.0011931108967681014,-0.0020633787780792723,0.00019451411099408178,-0.016102242750455353,-0.002508027346313113,-0.01230725175644165,-0.0003651066340772391,-0.011611849532069285,-0.0038462509188709193,0.0,-0.002158818534251372,-0.02375799676212942,-0.013391402451429613,-0.0054446578204445095,-5.551115123125783e-17,-0.0028059469669404202,-0.0160801218561209,-0.0061542423948302005,-0.011117157721917181,0.006483066759736811,-0.010422113677668099,-0.019594582521022252,-0.003509183119030479,0.0011190881747828452,0.005346543838348594,-0.0003906258413740593,-0.018471584978958566
