0.0,-0.04536036861028375,-0.07308380522080488,0.0,-0.00011351646663565473,-0.05146374423108091,-0.05916644756844741,-0.07894781078686175,-0.03183723533071886,-0.1041879771619888,-9.633816027432296e-05,-0.09418797175649873,-0.058902441395083494,-0.0297861346737871,-0.011964570938844121,-0.04554227247732573,-0.09853309093387003,-0.06975237474995744,0.0,-0.04599751557159015,-0.07453833539555432,-0.048175495368132315,-0.06343975476661667,-0.08521846397196164,-0.06568872981581025,-0.04183336193440407,-0.06871391072141292,-0.05129558075059687,-0.06733400883420088,-0.062335088454631093,-0.0327516944692115,0.015053278950029947,-0.060603876287693814,-0.01431585977696792,-0.016994318931450925,-0.023458855293794045,0.0,-0.03295956789846599,-0.0450786990131945,-0.11802896607113833,-0.0694457177599116,-0.06399365864199302,0.0,0.0,-0.023167793517926916,-0.06843453781084285,-0.08501623862788976,0.0,0.0,0.0,-0.05230494287001969,0.0,-0.034877368947887843,0.0,-0.17358297634655145,0.0,-0.03546980405219341,-0.041565649169775676,0.0,-0.033972208061835873,-0.09747656789012837,-0.13502645728641838,-0.11375420097478989,0.0,-0.0625612599589227,-0.012839977797601598,-0.02884353297380693,-0.04707359626433566,-0.05593547914438263,-0.12035166531594538,-0.11736291810058264,-0.04654396941955785,0.00024001184305572076,-0.05691859606075916,0.0,-0.06888150149773348
-0.04536036861028375,0.0,-0.027665198815209124,0.0,-0.030387503951764594,-0.02064017304291693,-0.043874281853771846,-0.06611143753965343,-0.02107602652335111,-0.03648435269266198,-0.00034441340458229996,-0.03607666717657437,-0.04685423056688326,0.0,-0.005813579957046955,-0.011383544807045454,-0.043075546166927214,-0.010534063476050737,-0.024500028212486202,-0.030375329426233333,-0.057471765457951296,-0.006066650514892802,-0.040726780991494516,-0.04551313290586256,-0.019525768300603707,-0.014058637659567774,-0.01995610010049681,-0.051768220738626525,-0.04126464655712253,-0.0469293609276526,0.00580094690792804,0.03183847846299481,0.010727274893131855,0.02288693616823434,0.011430534973895179,0.05784233445252068,-0.01298451177143789,-0.0002943180642334675,-0.03392253257025052,-0.05930609108978335,-0.04672772622588384,-0.03696105626466484,-0.025408075596896784,0.0,-3.408162066731446e-05,-0.07489216188873393,-0.04349403607702218,-0.006118067310830977,0.0,-5.551115123125783e-17,-0.03372017578919512,-0.031418413079129015,-0.06607273297731298,-0.005163571192927652,-0.052961250646481606,0.0,-0.024754933203429974,-0.048485960855762344,0.0,-0.06968393413798035,-0.06816680724281199,-0.04931996903490998,-0.06512473108472905,0.0,-0.057197891562290104,-0.07314982389909197,-0.03960831353355948,-0.046245525704551316,-0.0814287722464011,-0.07839872279730664,-0.062109924076506284,-0.058214358603431604,-0.04496961261104604,-0.04580602295247377,-0.013887859574731376,-0.044702116644493306
-0.07308380522080488,-0.027665198815209124,0.0,-0.06929299128658573,-0.007123924497417,-0.009231361008197936,-0.038488111190272456,-0.06521193148346527,-0.0015890518094917039,-0.061992848458673144,-0.02587278014884936,-0.06952632665030362,-0.05343796971840076,-0.054132690859385546,-0.04651741971849599,-0.0636353767357068,-0.03949745268724714,-0.05362459865489855,-0.01988674732066925,-0.014892218496988852,-0.058227408108117884,-0.031776809129959616,-0.027582690136543686,-0.06844052646432519,-0.04612476859167036,-0.056852542380004256,0.0019842707936418846,-0.04923443368034408,-0.03727860287312401,-0.03830429688384751,-0.0567836339831444,-0.04343015522661514,-0.033619777729041955,-0.05620246037738552,-0.05556490013280746,-0.04225495748515534,-0.039940715374445435,-0.03714523771489586,-0.03950732384485939,-0.004234193418898302,-0.04306052038164748,-0.05802869896349033,-0.012096884420182363,-0.009629135220809881,4.2594237442683536e-07,0.0,0.007706741416492968,0.014813910739399472,0.0001478390788058337,-0.014145497674262097,-0.03966771368056643,-0.038300447966450046,-0.021114860366531207,-0.027951987264833722,-0.012972976225117616,-0.1547156223802063,-0.006362696962407599,-0.03835528525767706,-0.05829538279789803,-0.054247811797064505,-0.0002592476253490683,0.0,0.0,0.09705992646568296,-0.04411693438707526,0.008525048836585392,-0.06130930883096036,-0.032751939051032464,0.0,0.0,-0.043136810136846226,-0.0130682534160248,-0.0351626433589971,-0.0338113949813455,-0.04996217406899783,-0.05883419858782324
0.0,0.0,-0.06929299128658573,0.0,-0.09728461507797898,-0.05261005328570406,-0.09800546641053393,-0.07897967340147005,-0.07082870556144905,-0.1489102361915673,-0.05641446475818712,-0.018721598229347325,-0.1238200212611302,-0.0876278642507699,-0.012490910750563189,0.0,0.00019149433830140117,0.0,-0.045213270847472564,-0.044738106929981425,0.000419031035042261,-0.03433657303532611,-0.09914152269639903,-0.0023887987935869437,0.0,-0.0009022428891968248,-0.06433208910812382,-0.1057363522598676,-0.008463550752584648,-0.0001048300234698929,-0.08483571154878661,-0.014902554901076615,-0.043327886401444304,-0.013048030153141266,-0.016950053612569183,-0.015079489460410656,-0.02723612414633164,-0.020499271049162104,-0.0005024936366226362,0.0,0.0004079285774586938,0.0,0.00032096666510472716,0.0,0.0,0.0,0.0,-2.922328119653317e-05,0.0,0.0,-2.8820897064574247e-05,0.0,0.0,6.841546419278366e-05,0.0,7.004016519057688e-05,0.0,-5.150318312541202e-05,0.0,0.0,0.0,0.0,0.0,0.0,0.0,0.0,0.0,-0.04843368028234363,0.0,0.0,0.0,-0.005609054631435018,6.705911933890807e-05,0.00026375202032802303,0.0,0.0
-0.00011351646663565473,-0.030387503951764594,-0.007123924497417,-0.09728461507797898,0.0,-0.01973738868000563,-0.04646175173126338,-0.06503574598997919,-0.01936076591558239,-0.08305014169827835,-0.015279851515498988,-0.0835505162450309,-0.08764779939402301,-0.06722732066741782,-0.045534375567817975,-0.05753797242232117,-0.043323855369549635,-0.05553317437971056,-0.007668327344319714,-0.020365030940267426,-0.07674684819059946,-0.04552115174163002,-0.03605425841592569,-0.12520083234883322,-0.04491940359242075,-0.049758910727439765,0.0007621987706188382,-0.08225641131022449,-0.03436418647180689,-0.05246289653988728,-0.0695646362889305,-0.042701154902806904,-0.05595970534304978,-0.07884380590086038,-0.05280505584934797,-0.03039036620142832,0.08308935653722715,-0.043750944107442125,-0.011302991287394704,0.006929131914578557,-0.04616641624517687,-0.020964112788155187,-0.018129918659723687,7.19332511246451e-05,-0.011171030515982394,0.0,-0.018001163488276184,-0.03990385440207944,0.0,-0.0077259290103480205,-0.02929622134732962,-0.043765787106537446,-0.04644761214400389,-0.06261484077314261,0.0008565322439825218,0.015500605404675682,8.264772013771848e-05,-0.05121589100814622,-0.033980161940896536,-0.03927324542470467,-0.0002711200398767821,0.0,0.0,-0.030697658389158444,-0.05567808755361153,0.0,-0.04508872252001861,-0.06060171531267078,0.0,0.00012950563351404876,-0.03213765285073111,-0.04299122461529509,-0.03132903189692354,-0.03898087219524077,-0.019196901562434365,-0.06179874518435191
-0.05146374423108091,-0.02064017304291693,-0.009231361008197936,-0.05261005328570406,-0.01973738868000563,0.0,-0.03081560581453502,-0.051494812504943865,-0.0028179298879362213,-0.0454126139267052,-0.02596568867142962,-0.03650814863043017,-0.0507390311601833,-0.008424531737687646,-0.014489625982196663,-0.062280189283709875,-0.03330153762727961,-0.04614240458291874,-0.029142213073454326,-0.00230789394821751,-0.04926997495962332,-0.016996085673586014,-0.018949885231751673,-0.0411472638554482,-0.02795091610510614,-0.016549853964896832,-0.0011967775589856178,-0.04645708160095818,-0.03787579277210823,-0.022772114957293255,-0.03706226739320573,-0.014801361494725496,-0.005069299747670009,-0.03996801913724346,-0.022010866288057762,-0.0475447246023204,-0.04144105275114396,-0.031801201764590836,-0.05436600968743177,-0.0177837908136676,-0.0735844180616293,-0.05918236478657546,-0.02184703214327538,-0.07056645726364119,-0.0059702146202216255,-0.044242696925442804,-0.04183768464862392,-0.05729989985240458,0.0,0.008530337688150702,-0.049248874133617004,-0.05243708568133204,-0.016845666517807334,-0.05407366713790579,-0.05264560921030004,-0.056151773546049555,-0.007919492954891916,-0.05609181412247488,-0.021860017548151034,-0.06099001727035236,-0.02392301395598473,5.551115123125783e-17,-0.034296187545227064,-0.06294161059790065,-0.06190421108369204,-0.06500421737072415,-0.025389479746691923,-0.04430796247681512,0.0,-0.04360796561312197,-0.036334107205080124,-0.05089902464180057,-0.05891182292735858,-0.06573714776148354,-0.04794121636037313,-0.05747437959908869
-0.05916644756844741,-0.043874281853771846,-0.038488111190272456,-0.09800546641053393,-0.04646175173126338,-0.03081560581453502,0.0,-0.07190444829680975,-0.0556788969396681,-0.0726630211962348,-0.041953837814254324,-0.06857227584464715,-0.04186982974411607,-0.06011516054922594,-0.0308441048688618,-0.07411084089237102,-0.029588742887197428,-0.055000565667355394,-0.047419090307671774,-0.03209709573541131,-0.06091688853779381,-0.05649610642944314,-0.0508498251874685,-0.09600140746095392,-0.05419605365412922,-0.045759378901537695,-0.034094476748780134,-0.04031307430812503,-0.035321103152025135,-0.06388596418843001,-0.05301734158704635,-0.046674867295368905,-0.02702697330023801,-0.050576292887514196,-0.03343199141510772,-0.04108291536401237,0.005651967493389587,-0.020179686764571103,-0.04298118379585236,-0.0319788244577745,-0.055043917212472204,-0.02061925644367474,-0.027066470136988874,-0.00030343760007872644,-0.009979429335246148,-0.00029730976838610035,-0.04194291395442451,-0.05760594351026166,0.0,-0.06126769194501053,-0.05383231487703044,-0.05840725245371803,-0.03658650857672607,-0.053370124899236704,-0.001503240399682526,-0.06339363911183393,0.007640682515994146,-0.059662886492473255,-0.06901934063657139,-0.06597968082592581,-0.022791332691386,1.1102230246251565e-16,-0.0002554775817317223,-0.05682296210576282,-0.05960184383533029,-0.0665745547060812,-0.032804440680310465,-0.05397199059207225,-0.02088845261359429,-0.04406563872034591,-0.05172015290078902,-0.06023862517819889,-0.06715684155498713,-0.07062828734034787,-0.0588045433013355,-0.07522403270365552
-0.07894781078686175,-0.06611143753965343,-0.06521193148346527,-0.07897967340147005,-0.06503574598997919,-0.051494812504943865,-0.07190444829680975,0.0,-0.06353695481634924,-0.0978712424007645,-0.07085330624827563,-0.1200386009099163,-0.07638216362746075,-0.08470766979275568,-0.04424786794200192,-0.07540960595488605,-0.08740640522550486,-0.07684624487868746,-0.05911199997194688,-0.04030570452084414,-0.04021297646348626,-0.048016394705090504,-0.05241109578396269,-0.09093602017537539,-0.08164470461214152,-0.08517114889381389,-0.07744235595311288,-0.05413121104972002,-0.04491938034951498,-0.03355805072953383,-0.04995949275468009,-0.012844948240558929,-0.028731031241437333,-0.05197299630892038,-0.04774179023029951,-0.01933303489181598,0.012473958250222017,-0.07041255265162982,-0.02805877293734854,-0.053244631605858905,-0.05886685080156906,-0.05657792347435553,-0.01795004443052367,-6.6819590038846854e-06,-9.696863287689261e-05,0.006241230543282128,-0.035430830755805165,-0.06059779306673335,0.0,-0.011012509157749706,-0.019379352097003977,-0.027143130903649226,0.0007753173092179821,-0.04913236959798217,-0.009572201879058273,-0.0640589363061621,-1.1102230246251565e-16,-0.04237132726746895,-0.01331932166544919,-0.08231828579623279,-0.0556424740078314,0.0,-8.668657760058096e-06,-0.0543077807746315,-0.04687328531668944,-0.09240646460638419,-0.05346184580157198,-0.0432626218771468,0.000899009500736736,-0.025676282169359133,-0.07175532387426276,-0.039362630665621234,-0.055594296418536415,-0.06473903006404058,-0.0530070580382187,-0.046440036823792274
-0.03183723533071886,-0.02107602652335111,-0.0015890518094917039,-0.07082870556144905,-0.01936076591558239,-0.0028179298879362213,-0.0556788969396681,-0.06353695481634924,0.0,-0.08874033409449489,0.0004435330763591372,-0.0853255809602329,-0.03927994249488714,-0.06606386889274712,-0.007936232937973353,-0.06278488534867482,-0.05792992814710085,-0.05221997261359096,-0.0006598431375185454,-0.013085815843075388,-0.04293677805912549,-0.03373508874632486,-0.03328492097721125,-0.08593380281551977,-0.05091717878673879,-0.048185709389399034,0.019149501163582827,-0.058967988773039715,-0.029037804297544767,-0.033012774106953524,-0.06095173376352159,-0.053366925912944396,-0.05684539874968675,-0.06275000104459472,-0.054933516480327405,-0.05474000391954281,-0.05171287459135493,-0.06369454965178656,-0.03879615823376392,-0.01976697832039853,-0.03631741541280126,-0.045999167894534954,-0.019697597690870094,-0.016037677575962694,-0.025999283674079665,0.0,-0.04341718623158819,-0.07174547574477436,-0.007165917853165116,-0.037531275723966195,-0.04170217853139546,-0.04790090235057787,-0.033801458237620985,-0.05421047022021541,-0.029728756597089512,-0.10294871321223531,-0.017006021326106457,-0.04984852470577822,-0.051291641080704886,-0.06768718216920666,-0.02903361715477365,5.551115123125783e-17,0.0,-0.058305541966152674,-0.06921314672392603,-0.0695231212322347,-0.06204197097316888,-0.0448280509285488,0.000408320101317472,-0.003556274535185644,-0.0459273122865273,-0.03241070186257855,-0.04992111688247064,-0.04387749316275147,-0.0734191810835298,-0.05459548010152815
-0.1041879771619888,-0.03648435269266198,-0.061992848458673144,-0.1489102361915673,-0.08305014169827835,-0.0454126139267052,-0.0726630211962348,-0.0978712424007645,-0.08874033409449489,0.0,-0.07960066082583278,-0.08639270944153579,-0.07598968263762185,-0.09089518690794995,-0.03266612302728272,-0.06475380044576334,-0.028248477066104505,-0.06593766813029373,-0.09716290987280263,-0.01247057441090993,-0.11079297655004883,-0.057232776189098555,-0.07886143436553222,-0.10540558054079116,-0.04981019775735385,-0.054919565217727895,-0.06814298169619754,-0.05056480828543919,-0.02237318936579452,-0.04371385669060246,-0.07803371154931726,-0.07698317240901253,-0.05385233793246158,-0.044376353307334526,-0.01509808296762627,-0.0722506381807888,-0.05085838564611628,-0.0854907144066128,0.009533314317126063,-0.13922009536257884,-0.06155868012885246,0.009270110753414218,-0.013755129125297694,-0.0064511350090238895,-0.03703524689949278,-0.130520834424937,-0.054714740589846544,-0.0359274833035087,-1.1102230246251565e-16,1.6653345369377348e-16,-0.0472845150048235,-0.009797779606669943,0.00045731678112903573,-0.027672440085059202,-0.05585784789967835,-0.023911120396505614,-0.054886130220721197,-0.034657950854163955,0.0,0.0006906228672758918,-0.13017397454931623,-0.16314396639962664,-0.15395911694126424,-1.0569327312137666e-05,-0.03427370594588336,0.00013355266189563064,-0.05790946958990245,-0.04755507763123418,-0.1372700120427814,-0.050589045410821265,-0.13975820167806075,-0.04502689279419442,-0.0207227334788741,-0.04252570957156465,-1.1102230246251565e-16,-0.052447998833342835
-9.633816027432296e-05,-0.00034441340458229996,-0.02587278014884936,-0.05641446475818712,-0.015279851515498988,-0.02596568867142962,-0.041953837814254324,-0.07085330624827563,0.0004435330763591372,-0.07960066082583278,0.0,-0.09244058316655152,-0.06638698952621302,-0.05293693215064471,0.0,-7.938712291544192e-06,-0.04604745506448765,-0.04597375153169708,0.00312740112029114,0.014143352250693186,-0.12231053466843178,-0.039320530222968,-0.011197010920475647,-0.09001234735948965,-0.05477569458206055,-0.05120018110955915,-0.016973091210063296,-0.06563984776163923,-0.055230388725622526,-0.056718309906575504,-0.07101009538009007,-0.029215321161424224,-0.06634249215569177,-0.06734152065909405,-0.05838825456366892,-0.012649824969354129,0.012849542970802652,-0.07475599179637199,0.01825137883605843,0.007482085619002432,-0.097660510154021,-0.014259094543099038,0.011953398236413226,0.000625472664129878,-0.00793510539527087,0.0,5.551115123125783e-17,-0.03552991841360842,-6.40321818441425e-05,0.036249924394651134,-0.03142201357104507,-0.0409339180995294,-0.012840360037011445,-0.005298574646918186,-0.015324690123438844,-0.03124103830494329,-0.021411017644867414,-0.01514097199620823,-0.038193964916077405,-0.0003620584504744895,0.0,0.0,0.0,0.11967146167751125,-0.019419986277792733,0.0,-0.019258189181910246,-0.04155834541401021,0.0,0.0,-0.004433377406345751,-0.03712146234831837,0.0441608433443611,-0.0468889010797508,-0.0008764404303321371,-0.029936522571901936
-0.09418797175649873,-0.03607666717657437,-0.06952632665030362,-0.018721598229347325,-0.0835505162450309,-0.03650814863043017,-0.06857227584464715,-0.1200386009099163,-0.0853255809602329,-0.08639270944153579,-0.09244058316655152,0.0,-0.08170073412117196,-0.048878103615063395,-0.003931983289280849,-0.0569328165786544,-0.07120906030141988,-0.0746051916772385,-0.09188733911075986,-0.0003592570414787666,-0.08623629674083494,0.011939422383443976,-0.09850155534734717,-0.0738514419870398,-0.07164152955960379,-0.0797793556078554,-0.06988230500687032,-0.05113022271504053,-0.05234894347946162,-0.02313754021458475,-0.11420379542581649,-0.025282565677025748,-0.07869472753002935,-0.042850582398936826,-0.04321305100081574,-0.03492120021728745,-0.02948184769403711,-0.0544717513350689,0.007557153501516811,-0.1538870742678911,-0.04080396935973701,0.02189007318974051,-0.025068719812887386,-0.013041423958669252,-0.029396002100535612,-0.031764309859623696,-0.027817810857971692,-0.0050321294273598105,0.0,-0.00020532732373340634,0.0002473656927419188,-0.002639513735668564,0.0,-0.006175374209148876,-0.1499202752066749,-0.014224960458230962,-0.04624539820294704,-0.020612314878372506,0.0,-0.011989848590475194,-0.05224586196242964,-0.051231980764035734,-0.16018694929753602,0.0,0.003919461595355944,8.074308504263383e-05,-0.03481370697420044,-0.03829355971739157,-0.1103419649612628,-0.12771246802130376,-0.14103847051357438,-0.01393559632998137,-0.0033677189847321487,0.012411822731323519,0.0,-0.18675494096057899
-0.058902441395083494,-0.04685423056688326,-0.05343796971840076,-0.1238200212611302,-0.08764779939402301,-0.0507390311601833,-0.04186982974411607,-0.07638216362746075,-0.03927994249488714,-0.07598968263762185,-0.06638698952621302,-0.08170073412117196,0.0,-0.09628718999561253,-0.030447310771928304,-0.07631441819047297,-0.052094941549865714,-0.05602767646549334,-0.06626838713543354,-0.02572459346094924,-0.06259132561922359,-0.05677016168903476,-0.05474041724690987,-0.09178724864408366,-0.05080181340323858,-0.05068334943287395,-0.035310504311189095,-0.050019539371251476,-0.035041859971139455,-0.023068962430470685,-0.05468945936621172,-0.05741459476000521,-0.04265261737896947,-0.0581795033563029,-0.05003082385550006,-0.09111895585292606,-0.05239728173806402,-0.06616773880140764,-0.04802978613420733,-0.01484710351444335,-0.056769767047604225,-0.026727966594200403,-0.036151078175604034,0.01643711192078945,-0.004378274478491595,-0.01837968203739082,-0.04474151952685185,-0.07073944481435945,0.0,-0.0617516474384005,-0.06152311614678485,-0.05771353987451616,-0.0577010840344393,-0.057086711617670705,-0.030117912609715858,-0.07210645350362765,-0.03825721570487978,-0.06674659046419934,-0.030211374537349123,-0.05584889856713077,-0.048912704762464954,-0.0309380930812454,-0.043128184929363655,-0.07344577137685815,-0.07487089455803919,-0.07159771172034024,-0.040318056451135675,-0.06062579395818729,-0.0019371490254974644,-0.04450773523031465,-0.049815559772423024,-0.0726381601794368,-0.0751026133986441,-0.07529751201853335,-0.08298743002886538,-0.07231616985471268
-0.0297861346737871,0.0,-0.054132690859385546,-0.0876278642507699,-0.06722732066741782,-0.008424531737687646,-0.06011516054922594,-0.08470766979275568,-0.06606386889274712,-0.09089518690794995,-0.05293693215064471,-0.048878103615063395,-0.09628718999561253,0.0,-0.0026811009795344454,0.0,0.0,0.0,-0.044373893458864944,-0.002959343233955525,-0.03502424438136276,-0.005741029905962702,-0.05613451123304819,-0.041204898949405266,6.250819610592595e-05,-0.03823210045688197,-0.03094422844223621,-0.04031298952885659,-0.07527827786452695,-0.00021048770061965483,-0.0525984535155653,-0.008991404466573594,-0.02488131408149785,-0.06529089554242218,-0.05528906322737431,-0.016161408625101015,-0.00797010821632374,-0.048024268965174866,-0.023211631460949622,0.0,-0.0007433062877280072,0.0,-0.03312146646556202,0.0,0.0,0.0,0.0,-0.04243870138958605,0.0,-0.0326169801993198,-0.046929426840398025,-0.03650479608218682,-0.040468095007953675,-0.06524957354467381,0.0,-0.04600614784882695,-0.0004568449275014763,-0.046960393521387145,-0.02970073802967238,-5.551115123125783e-17,0.0,0.0,0.0,-0.06225343527917676,0.0009723709822715421,0.0,0.0,-0.04338755713608733,-0.00023297074022265996,0.0,0.0,-0.0340479815905001,-0.06754657833177241,-0.021331448237045247,0.0,-5.551115123125783e-17
-0.011964570938844121,-0.005813579957046955,-0.04651741971849599,-0.012490910750563189,-0.045534375567817975,-0.014489625982196663,-0.0308441048688618,-0.04424786794200192,-0.007936232937973353,-0.03266612302728272,0.0,-0.003931983289280849,-0.030447310771928304,-0.0026811009795344454,0.0,-0.034117758392047726,-0.02763509591873803,-0.020001567764065475,0.0,0.031903366667467514,0.006891672741245858,0.02327263078843117,-0.017162367047573512,-0.0033785215151634906,-0.021752543054063156,0.009413109042183399,0.004430035243314645,-0.020684248287516638,-0.004835878853347353,-0.02544185255355913,-0.001191690476997631,0.012819471561934859,0.001593292611155428,0.010357407364049165,0.0066384163152024556,0.025359585740441615,-0.03528741093815646,-0.012023257850914515,-0.010947280532956294,-0.003484789848944403,-0.014654407413858705,-0.01097124731888377,0.048979121574504125,-0.00046516803948759566,0.011168668925204461,-0.024776473003932764,-0.022808583742949806,-0.02568763504847854,0.0,0.0,-0.039381279103248845,-0.03965766916727048,-0.06017961202227151,-0.05143436120580597,-4.739163146511016e-05,0.0,-0.005515676784052015,-0.0515863057415103,0.0,-0.028122965611842687,-0.023005177299937674,-0.00044867888435617953,-0.015930432853566656,0.0,-0.031190969696711424,-0.023853432965643462,-0.01608537790811121,-0.049223462791667894,-0.01614544469125473,-0.015069102396253364,-0.04391333583161405,-0.048957307758987545,-0.05425645845444882,-0.0477743504296651,-0.05133068001021335,-0.021216849955970063
-0.04554227247732573,-0.011383544807045454,-0.0636353767357068,0.0,-0.05753797242232117,-0.062280189283709875,-0.07411084089237102,-0.07540960595488605,-0.06278488534867482,-0.06475380044576334,-7.938712291544192e-06,-0.0569328165786544,-0.07631441819047297,0.0,-0.034117758392047726,0.0,-0.05693198529866389,-0.01822483737706193,-0.0009915020165306432,-0.054520678377060316,-0.058658551690734584,-0.03738370166624061,-0.0620479016678972,-0.07500467824385015,-0.03575173995546882,-0.032443010193522415,-0.04745246451501445,-0.07242074932229908,-0.08365526460567652,-0.057065324469567746,-0.02880297833900758,0.01769194579317135,-0.024350526853393895,-0.00779381142583524,-0.012862548100693871,0.027192224021511835,-0.010238518475595093,0.030697753983740805,-0.038849370503360736,-0.06931473209117472,-0.04961108439967826,-0.0485066370952113,-0.017058992647320526,0.0,0.0,-0.08131908372805285,-0.05205521743285013,0.0,0.0,0.0,-0.041022887835178656,-0.03248752700479923,-0.05487804437057209,0.0,-0.05003040719455348,0.0,-0.0458880098121075,-0.03452990324461869,0.0,-0.051129020105672385,-0.0693825899261622,-0.04458150550022616,-0.09306699405922003,0.0,-0.07085951698678872,-0.06844455639407365,-0.04051891687737047,-0.04586618167378831,-0.08790231909334817,-0.09163037994854023,-0.0882205751196663,-0.042635150256151055,-0.052681733740088166,-0.07389341212702755,-0.00014273643834961103,-0.05292209090413452
-0.09853309093387003,-0.043075546166927214,-0.03949745268724714,0.00019149433830140117,-0.043323855369549635,-0.03330153762727961,-0.029588742887197428,-0.08740640522550486,-0.05792992814710085,-0.028248477066104505,-0.04604745506448765,-0.07120906030141988,-0.052094941549865714,0.0,-0.02763509591873803,-0.05693198529866389,0.0,-0.06325178687430932,-0.04433711064902185,-0.024737017494175784,-0.10609736681845683,-0.048993512091289104,-0.06093912802067708,-0.0932170185242987,-0.0337907122401645,-0.05410453225840439,-0.04223100665202356,-0.03171672460846586,-0.0320988689817967,-0.028562901036506383,-0.02268221421225225,-0.03687184758828055,-0.03277568910787576,-0.02957137733582116,-0.009902283226681186,-0.04379460410615821,0.0010499024110357524,-0.0704161672304025,-0.09384330166375432,-0.14511243552967068,-0.12063940848367583,-0.11075059834753481,0.0,0.0,-0.04800479564455484,-0.11127422317626268,-0.05024077066237986,0.0,0.0,1.6653345369377348e-16,-0.00040163136240323194,9.462316194097653e-05,0.0,0.0,-0.056785118673070956,-0.00016793071207249488,-0.05891856404101281,-0.019467303944240177,0.0,0.0,-0.1169484194292183,-0.17770949686189713,-0.1506650758642245,0.0,-4.60271946989832e-05,-5.551115123125783e-17,-0.07253567009902756,-0.0001453094913833608,-0.11534935214416914,-0.14246393513554956,-0.1340354502616008,0.0,-0.029126216741656052,-0.025762078067392502,0.0,-0.14680505399647215
-0.06975237474995744,-0.010534063476050737,-0.05362459865489855,0.0,-0.05553317437971056,-0.04614240458291874,-0.055000565667355394,-0.07684624487868746,-0.05221997261359096,-0.06593766813029373,-0.04597375153169708,-0.0746051916772385,-0.05602767646549334,0.0,-0.020001567764065475,-0.01822483737706193,-0.06325178687430932,0.0,-0.05062217281002873,-0.03833837156162889,-0.07756169782470512,-0.019571724164105686,-0.05773029169713939,-0.09744900278333385,-0.04901074589892046,-0.0589231455707509,-0.041657632652114585,-0.045007837516320315,-0.06826915391396055,-0.053852421271729956,-0.02935902317440925,0.0030420657557261865,-0.03692953086285011,-0.019090291456417274,-0.013631813450109498,-0.014387916297434356,0.0,-0.02500953083394497,-0.07306907872232227,-0.11932467144918418,-0.10228002580493001,-0.10808600102621291,5.551115123125783e-17,0.0,-0.033793599485432646,-0.10542710617642059,-0.08396513757113633,0.0,0.0,0.0,-0.05789494754378488,8.886091223769821e-05,-0.03256497727260582,0.0,-0.15404169819247626,0.0,-0.15620347766237774,-0.035168756511614274,0.0,-0.05768623739415296,-0.09711470145092393,-0.15003963634888556,-0.13450191745184997,0.0,-0.05711846505479612,-0.0696245844541018,-0.03966922228659625,-0.06221594962041521,-0.11855300422041931,-0.1275840768794534,-0.13443069718161627,-0.04421909526440948,-0.0433256263548194,-0.07404600594617955,0.0,-0.10043800995569341
0.0,-0.024500028212486202,-0.01988674732066925,-0.045213270847472564,-0.007668327344319714,-0.029142213073454326,-0.047419090307671774,-0.05911199997194688,-0.0006598431375185454,-0.09716290987280263,0.00312740112029114,-0.09188733911075986,-0.06626838713543354,-0.044373893458864944,0.0,-0.0009915020165306432,-0.04433711064902185,-0.05062217281002873,0.0,0.0152626058991302,-0.037206951730294036,-0.05968408666421526,-0.010110413720384459,-0.08806980052780777,-0.059881705186224155,-0.053947598112272066,-0.013031448228759512,-0.06570563796535644,-0.05401847730179915,-0.0416789859718506,-0.06980037142192586,-0.049816641322043054,-0.06906628031197071,-0.06961625737072524,-0.06276286780882206,-0.039166134157099186,-0.04657390304677628,-0.0796853760913876,-0.008665821242360094,-0.015587066559287988,-0.03679780329810989,-0.003293547078926262,-0.007340663092468003,5.551115123125783e-17,-1.6653345369377348e-16,0.0,5.551115123125783e-17,-0.09880514551154418,0.0,-0.02851742859430645,-0.0415756827814609,-0.04214687693717073,-0.02816422565803356,-0.04650262611402134,0.0010684281958985853,-0.14868284577387672,-0.0006089155312340444,-0.04686863929394969,-0.05100479482187281,-0.0009040569489194294,0.0,0.0,0.0,-0.06788014546442922,-0.037894013359082046,0.0,-0.008198475785907045,-0.04528207858341726,0.0,0.0,-0.006036925021449091,-0.050163112902700535,-0.05203659671237415,-0.005216212603592341,0.0004790832956000912,-0.05937547995332465
-0.04599751557159015,-0.030375329426233333,-0.014892218496988852,-0.044738106929981425,-0.020365030940267426,-0.00230789394821751,-0.03209709573541131,-0.04030570452084414,-0.013085815843075388,-0.01247057441090993,0.014143352250693186,-0.0003592570414787666,-0.02572459346094924,-0.002959343233955525,0.031903366667467514,-0.054520678377060316,-0.024737017494175784,-0.03833837156162889,0.0152626058991302,0.0,-0.027645177313257552,-0.003354520741261635,0.01673772361355147,-0.03655140850523153,-0.02926805967957402,-0.026320711016701026,-0.005276411539958115,-0.008497543957213416,0.01308444800771319,0.0029498464958094828,-0.00745350853255794,0.012866163617427318,-0.01052554501749181,-0.015493091004021242,-0.008197434728426323,0.0038122545966409183,-0.02871694308764383,-0.04899631552610073,-0.024238697307339352,-0.027449302330748604,-0.02123030456107622,-0.03303930528452603,0.02120263302918768,-3.078004589279759e-05,-0.006589206519999613,-0.04259136915096523,-0.02859638826525035,-0.04494133990269944,0.0,-0.008705595656832488,-0.056241761715229766,-0.048577244285007204,-0.05592462374727014,-0.047112190142156174,0.0006250344440968392,-0.030676692528592286,-0.00349345551786584,-0.06081778982518787,0.0,-0.04794504449140102,-0.04471996852968807,-0.005357342840522306,-0.03198738326846312,-0.013561124331732677,-0.036600628511196776,-0.05339706581177228,-0.031757824633529,-0.07276672872309442,-0.0013201160207311213,-0.04430263500813775,-0.048385268957989946,-0.06586167288680761,-0.051940545263931936,-0.04533353566295756,-0.046268651021466656,-0.021996861011869706
-0.07453833539555432,-0.057471765457951296,-0.058227408108117884,0.000419031035042261,-0.07674684819059946,-0.04926997495962332,-0.06091688853779381,-0.04021297646348626,-0.04293677805912549,-0.11079297655004883,-0.12231053466843178,-0.08623629674083494,-0.06259132561922359,-0.03502424438136276,0.006891672741245858,-0.058658551690734584,-0.10609736681845683,-0.07756169782470512,-0.037206951730294036,-0.027645177313257552,0.0,-0.03478976660083971,-0.047083337627784716,-0.09733265145253034,-0.0828959101326795,-0.03809784633853719,-0.07549592409872397,-0.04244932958680364,-0.04018153588246354,-0.03486792566733243,-0.028859348474393365,-2.686918116812098e-05,-0.051275026200423734,-0.021210657951332756,-0.014036441180662773,0.025923223373788606,-0.02069476150691213,-0.04778184495141974,-0.017413061171342392,-0.06150010626491226,-0.04080559172754655,-0.01988496317230881,-0.0134314276914404,0.0,-0.0006740939266929313,-0.030877925462032607,-0.05436502558076084,-0.0005972799348126223,0.0,0.00011443311882541884,-0.07481609022083924,-0.058910957708114775,-0.12612679060680332,-0.047162681655891714,4.2255739926222446e-05,0.0,0.006669972207798858,-0.06864178663885145,0.0,-0.037067904595697865,-0.06962841757743182,0.0,-0.09103003414008348,0.0,-0.04410313718222025,-0.05384832698255354,-0.0345382320849042,-0.08187771203709149,-0.004361704385644594,-0.08483509450121274,-0.08352815939769997,-0.07699780055160865,-0.0650539998308658,-0.06320267037362731,-0.05153948653339685,-0.027493203563376423
-0.048175495368132315,-0.006066650514892802,-0.031776809129959616,-0.03433657303532611,-0.04552115174163002,-0.016996085673586014,-0.05649610642944314,-0.048016394705090504,-0.03373508874632486,-0.057232776189098555,-0.039320530222968,0.011939422383443976,-0.05677016168903476,-0.005741029905962702,0.02327263078843117,-0.03738370166624061,-0.048993512091289104,-0.019571724164105686,-0.05968408666421526,-0.003354520741261635,-0.03478976660083971,0.0,-0.03811913302529746,0.01613229513639003,-0.011252109171263402,-0.016002687489771905,0.002950689793211503,-0.052951799292074664,-0.032069890902881315,-0.04186928589053496,-0.03479658697108379,0.017980504918023332,-0.004007430501261788,-0.020359125103018183,-0.008704379807562057,0.022745611382405606,-0.009100006603252275,0.006333165477532043,-0.006371309829220517,-0.012261690721853291,-0.013649779146531427,-0.011289623921202252,0.06720664367828694,0.0,-0.013700623867004325,-0.034859585683768346,-0.019019190900185168,-0.026893067678412375,0.0,-0.0003175982550741585,-0.02948658192030773,-0.04272436193464646,-0.053666408335584836,-0.051624196307070325,-0.052223698331285484,0.0,-0.02663522898666104,-0.03484387036980019,0.0,-0.0285610996404409,-0.027044926830651406,-0.02879984515604206,-0.02458508236520135,-1.1102230246251565e-16,-0.025336267961279302,-0.038436679563875364,-0.015306367669163212,-0.049301303735394764,-0.02856004363526876,-0.03347392724755999,-0.04408242465638201,-0.0389914268181637,-0.04494646668053753,-0.03723881165839482,-0.0378108352346167,-0.01644804176193232
-0.06343975476661667,-0.040726780991494516,-0.027582690136543686,-0.09914152269639903,-0.03605425841592569,-0.018949885231751673,-0.0508498251874685,-0.05241109578396269,-0.03328492097721125,-0.07886143436553222,-0.011197010920475647,-0.09850155534734717,-0.05474041724690987,-0.05613451123304819,-0.017162367047573512,-0.0620479016678972,-0.06093912802067708,-0.05773029169713939,-0.010110413720384459,0.01673772361355147,-0.047083337627784716,-0.03811913302529746,0.0,-0.09164550217705247,-0.05444147349600864,-0.05161762734943459,-0.006172290384059531,-0.04569436709019792,-0.03836099915734703,-0.034860998426842205,-0.037973447159555584,-0.037028703466795876,-0.02054667070549898,-0.04453086119751615,-0.040765765060960246,-0.04260931108128113,-0.04053500186580811,-0.03498783875306527,-0.05886630086015926,-0.02973103040527858,-0.06763678403901269,-0.05637756461267651,-0.01272536028195459,-0.019892086094113304,-0.013042063573776852,-0.04061527687146649,-0.05212900970866807,-0.060259046857877974,3.562880618590558e-05,-0.027327606094334378,-0.021621290153744588,-0.030435387501567934,0.00974586655587556,-0.04071982540862029,-0.042114731316643395,-0.03756004579887495,-0.03558961062672111,-0.03913286084117856,-0.04901961955970696,-0.0654763843758166,-0.06268690552783268,-0.017701130535977716,-0.04119087953982442,-0.32023629821990224,-0.07377781964829744,-0.06327045966443684,-0.054084512925948625,-0.05773354683311166,-0.014603954448563217,-0.053723120165780236,-0.0626329869663973,-0.03377162702147524,-0.053193074819668784,-0.06746571297091553,-0.06956542570840357,-0.05686290236807906
-0.08521846397196164,-0.04551313290586256,-0.06844052646432519,-0.0023887987935869437,-0.12520083234883322,-0.0411472638554482,-0.09600140746095392,-0.09093602017537539,-0.08593380281551977,-0.10540558054079116,-0.09001234735948965,-0.0738514419870398,-0.09178724864408366,-0.041204898949405266,-0.0033785215151634906,-0.07500467824385015,-0.0932170185242987,-0.09744900278333385,-0.08806980052780777,-0.03655140850523153,-0.09733265145253034,0.01613229513639003,-0.09164550217705247,0.0,-0.08483302758785771,-0.04617887192198217,-0.0811661841935643,-0.05408579097362887,-0.0694368276030008,-0.03003775144141735,-0.08629499391117257,-0.065862259204855,-0.05438996856071729,-0.041563965788664003,-0.03506533369728215,-0.029312732577367273,-0.016236261387820583,-0.08945565328745045,-0.004071603349717345,-0.11587315890253574,-0.04737883512146773,-0.03086443448673709,-0.015332710581470343,0.004740108452821357,-0.020255636067288085,-0.09063877188599734,-0.10663750039902387,-7.642492958026548e-05,0.0,0.0,-0.02382720399250654,0.01823767176697333,0.0004113656593291437,0.0003919755844948858,-0.041506102864065975,0.00034644921062249034,-0.1428322465070478,0.026378080428476447,0.0,-0.025562610631665483,-0.11782541060465451,-0.045001371390613665,-0.1462837378142544,0.0,-0.02660081907393258,-0.09220326780402782,0.008487154961575538,-0.057596828956985535,-0.05180377580780582,-0.14613392247374174,-0.1252754371524219,-0.006374631532817199,0.0010838194388390066,-0.01725909738054604,0.0,-0.10625435867544636
-0.06568872981581025,-0.019525768300603707,-0.04612476859167036,0.0,-0.04491940359242075,-0.02795091610510614,-0.05419605365412922,-0.08164470461214152,-0.05091717878673879,-0.04981019775735385,-0.05477569458206055,-0.07164152955960379,-0.05080181340323858,6.250819610592595e-05,-0.021752543054063156,-0.03575173995546882,-0.0337907122401645,-0.04901074589892046,-0.059881705186224155,-0.02926805967957402,-0.0828959101326795,-0.011252109171263402,-0.05444147349600864,-0.08483302758785771,0.0,-0.04445947891239371,-0.03090041706923341,-0.04492337413072761,-0.04736353392619025,-0.052425628889746445,-0.0370732832677132,0.010676530397035033,-0.044299789228625264,-0.021280975919058587,-0.01842248547950609,-0.04957774770794743,-0.0005862680142529331,-0.026398279405453695,-0.0682555644812568,-0.11440173186568336,-0.0940199681381626,-0.09494704826799882,0.0002076424899611351,0.0,-0.03687607787724034,-0.1027631306779157,-0.08677636974707303,0.0,0.0,0.0,-0.051138551933388066,-0.03254519950670881,-0.061523039907129096,7.539548589202694e-05,-0.16102392627633988,0.0,-0.1569121768736974,-0.04753496809379587,0.0,-0.030088089201834534,-0.10211866199188835,-0.1539952432686334,-0.13098229947805268,0.0,-0.08429691286192503,-0.06813115567681155,-0.03929202486163652,-0.04781309475669582,-0.10759105628871152,-0.1254244217864975,-0.1322577573575362,-0.04730032743343854,-0.0546889741145809,-0.07273572261273425,0.0,-0.09656372567789195
-0.04183336193440407,-0.014058637659567774,-0.056852542380004256,-0.0009022428891968248,-0.049758910727439765,-0.016549853964896832,-0.045759378901537695,-0.08517114889381389,-0.048185709389399034,-0.054919565217727895,-0.05120018110955915,-0.0797793556078554,-0.05068334943287395,-0.03823210045688197,0.009413109042183399,-0.032443010193522415,-0.05410453225840439,-0.0589231455707509,-0.053947598112272066,-0.026320711016701026,-0.03809784633853719,-0.016002687489771905,-0.05161762734943459,-0.04617887192198217,-0.04445947891239371,0.0,-0.03267531468507501,-0.03642381405021289,-0.030829105840861404,-0.043841583556206376,-0.028896804735700443,0.014371309742365668,-0.03820741120699905,-0.013344504627505194,-0.0009150007515999481,0.008616727282142134,-0.02544291343133892,-0.07260151649589769,-0.038966351488660955,-0.08413151766498472,-0.06709235129258956,-0.04597290954968736,0.01588674440783333,0.0,-0.0645944427802051,-0.10177226535556233,-0.05828944996720692,-0.03467649414471308,0.0,-0.00025304807727577483,-0.033216899738895966,-0.04980542488966766,-0.08900041381530205,-0.038925576089921254,-0.14630073052313536,7.743582931307724e-05,-0.053710500805913663,-0.0714255820642623,0.0,-0.05559671656146953,-0.08670718763137536,-0.1414826265222593,-0.1300770158836288,-5.551115123125783e-17,-0.040813533819015146,-0.07822736776425321,-0.034814164584505036,-0.06461864052076499,-0.0966381996056555,-0.12472549722954424,-0.10797097268573275,-0.035179151450285995,-0.030756344980794437,-0.039237250792686584,8.284822338128217e-05,-0.0582187121412398
