0.0,0.022644920151150383,0.02787816481016825,0.0,0.00011444678231720129,0.034397872539124685,0.01942438153459114,-0.003925951213256118,0.012987389124403781,0.054814595275698874,-0.00040906628677761514,0.028257177024060276,0.0333277634245529,0.0027050629708406104,-0.01343881229625421,0.004419884965130905,0.02295504499709189,0.0212692555617377,0.0,0.03308289371941098,-0.005640890093766782,0.03302031983424869,0.024904767173582476,-0.0045935675862791014,0.027830552868487346,0.011940651186784002,0.027617171635794024,0.03854158207732872,0.02411614486291741,-0.009833057770075926,0.0414988674403885,0.010912441978299658,0.049898505808709526,0.02558430378419052,0.012378082497295162,0.04052976588371521,0.0,0.03646529656172415,0.016877590877280024,0.10171175637041069,0.03019481906647936,0.05918605313045666,0.0,0.0,-0.0009097254350076689,0.022793270090758544,0.0396328187484678,0.0,0.0,0.0,0.016687009110526285,0.0,0.031491360396811385,0.0,0.0041858489700285495,0.0,-0.08916040824513144,0.02228763430479247,0.0,0.04036251159181381,0.020646450465222288,0.028856100924731953,0.04512347976082437,0.0,0.0935738060687431,0.0076077010644319265,0.040987385390068465,-0.012093993814218662,0.0061735224354838025,0.04750829240703475,0.03796895378382009,0.05762287626723728,-0.00024197884210019893,0.03383485606173431,0.0,-0.03972878820638004
0.022644920151150383,0.0,0.0038252907104247558,0.0,0.0056728992237173315,0.02425829011681757,0.010136480480332777,0.006751981771874915,0.010218821393579214,0.03624628516629397,0.00044655774108742774,0.03052703140584595,0.006144596141129055,0.0,0.017277218085024526,0.02162051820247668,0.03433949422837468,0.033309812202765354,0.02082601192943706,0.024974432740133334,0.03366861204826671,0.025603353263206508,0.01666710751459849,0.0449524051111857,0.03181832284576802,0.031056508975203068,0.03896099577532425,0.018995315786557,0.023325460017406208,0.021881894124704704,0.020464297555927158,0.005285583520735271,0.03611756795606008,0.017705039589399008,0.010853691868037252,-0.030330976875213744,0.007148593379158075,-0.00033300816495968055,0.018228970037929726,0.04380186304756328,0.029199853326387637,0.0374321225928832,-0.0340128275371836,0.0,3.4360934031529844e-05,0.02617701373591036,0.028869733136280606,0.012544134474709812,0.0,-5.551115123125783e-17,0.024576532136584617,0.012142582610490726,0.034534729289424915,0.015806081094596525,0.0310536646175274,0.0,0.028139709224494824,0.024720297973477856,0.0,0.04324267373777857,0.028335956760281722,0.010603351940732308,0.03716417988924692,0.0,0.03300466305571148,0.01911799166429118,0.026330616774506932,0.030275622578586348,0.029686180133988993,0.04532268728199729,0.03539368463289444,0.03743827537516897,0.03703984350803702,0.031799186306827654,-0.012308902332889005,0.03359933802140269
0.02787816481016825,0.0038252907104247558,0.0,0.01324661975873076,0.012065472435185631,0.03606264461019165,0.026545043373476296,0.027754287779087394,0.006063571803530732,0.03078064576603584,0.016382986691421686,0.02200167889437149,0.03288406720037457,0.004994155268277789,0.03360786547637534,0.024011214108536294,0.023262091132589924,0.023608960985206817,0.010126500049511045,0.012424203738180872,0.03731183060129689,-0.0005171832961078926,-0.029484625662396402,0.0351961621700303,-0.03758878931016535,0.014635684471077881,0.048176097940805185,0.026756629084678074,0.0058245523824231316,0.026755444758744973,0.016459604366856118,0.0187875606758085,-0.021342441441403237,0.012826219926056315,0.031458305151223165,-0.0070442815572424045,0.02609289660489217,0.0012211619868691126,0.029848572480188684,0.024959742446647504,0.041744636849871175,0.02286035611776005,0.03814788448599776,0.0060559902202372284,-0.04772403092103095,0.0,0.0005567833866262362,-0.1001779082163256,-0.00014905068287973666,0.05230818847763408,0.029149781793491147,0.028563404751107413,0.021738730357791836,0.0720775891850376,0.029209291148458272,0.13327965597763664,0.003772701116926236,0.0348330790367658,0.04290317230283025,0.03955938473617898,0.0002613722698033838,0.0,0.0,0.17506979153732882,0.004875595044626813,0.0006859568910786429,0.012680601263370506,0.024007437837650136,0.0,0.0,0.018660856126748948,0.041735069128654545,0.03165597372235751,0.01891751077725684,0.037853466940471425,0.03448673970076954
0.0,0.0,0.01324661975873076,0.0,0.0035176771207554025,0.004639182585040147,-0.012532284737931554,0.020286099912756095,0.02695023341702729,-0.020748284282821106,0.06565257468886915,-0.05725012183969114,0.032103509981277645,-0.015474864212421724,0.001497554568587245,0.0,-0.00010617921222172422,0.0,0.008698955056839874,0.037846520545316176,0.0002029775533568534,0.008474801517706743,0.027079195621498853,0.005253909048157257,0.0,0.001179077957721486,0.019085624204930263,-0.02149236869593757,-0.010625191924196142,-0.02201216401461409,0.02753773646391472,0.01288410238337595,0.03198241082339398,-0.03219121889217452,0.06123144188771068,0.05153178342670994,0.03898354394707812,-0.012410242727088516,0.0005066117855043184,0.0,-0.000411271725496154,0.0,0.0002518925983471809,0.0,0.0,0.0,0.0,2.9462778404432122e-05,0.0,0.0,2.9057096562923324e-05,0.0,0.0,-6.89761579943382e-05,0.0,-7.06141741071975e-05,0.0,5.192527359709764e-05,0.0,0.0,0.0,0.0,0.0,0.0,0.0,0.0,0.0,0.02284427028991093,0.0,0.0,0.0,0.010080256039422364,-6.760869731819996e-05,-0.0002659135802131618,0.0,0.0
0.00011444678231720129,0.0056728992237173315,0.012065472435185631,0.0035176771207554025,0.0,0.03527102621877565,0.026262964757610696,0.027160734515946194,0.02128126564576127,0.01826877780144992,0.008205320740041266,0.020542182926392427,0.007345487268369755,-0.005797098146531177,0.021814887056969934,0.021309363473493215,0.023373073310044012,0.030515295945501564,0.007526042086695994,0.0314563518823085,0.017591022605271733,-0.0011703774350795837,0.023283584397270296,0.023690587116683592,0.022845423581655144,-0.004130196461906044,0.017317104484915358,-0.03097679178440066,0.0047707259451327255,0.026440172464275324,0.016051683326522237,-0.013692735134876732,-0.04892155012687088,-0.0019417263456574796,0.0007479528698772775,0.0062811575879864745,0.026303484947455658,0.003330245290774414,0.05629206952754057,-0.009738316395426994,0.03780884882230806,-0.013982124995805034,0.05432784586041989,-7.252277468494661e-05,0.014684827930380284,0.0,0.013840538191414897,0.047169826660470204,0.0,0.0512122345893824,0.037663426651659226,0.034778145392762694,0.04229307029145957,0.04029034957815769,0.00023022611493983547,0.09884796287004882,0.008301722862027683,0.03942919045544435,0.02145558840362971,0.011961227087940951,0.0002733419838131801,0.0,0.0,0.05697633998564844,0.014935507295420869,0.0,0.013200132609608395,0.03469624713494701,0.0,0.00014433969904231736,0.011028559614546296,0.035065570867259144,0.0346695717039216,0.029736030573443428,0.017288089590872024,0.033634550485167614
0.034397872539124685,0.02425829011681757,0.03606264461019165,0.004639182585040147,0.03527102621877565,0.0,0.034793052223116516,0.012668871334606202,0.023638189905938856,0.024682831111408565,0.031678305878089674,0.018689382293468504,0.03997655578720832,-0.006614144077573991,0.031949636308747364,0.02562936126340032,0.024955445971153567,0.033134511254151566,0.026890791656523583,0.04125100300995538,0.01891762123112184,0.029132507163085575,0.037543643947357486,0.03365481420197414,0.03543786607220839,0.024202219103878986,0.052053743592620993,0.03612975401184254,0.050135718197514945,0.02403240433060655,0.00823055955273233,0.008875874246440096,0.00714926382769232,0.010883443535689374,0.010482085617901427,0.015007677877114878,0.010274370633414354,0.019644156317791817,0.019766727732213107,0.005986861198254145,0.030731836740036877,0.017330637888827605,0.038592404707552264,0.03613768016684421,-0.02542162020471822,0.0047878032225285305,0.015540805139204084,0.03813522324968599,0.0,0.03064453137508183,0.032007101410665095,0.03376480320529762,0.02374737593504711,0.04029327661604565,0.04381991279994435,0.05453604274513768,-0.002673804903832455,0.03505196080507056,0.0033524830780382597,0.03237281663813418,0.013908172584924494,5.551115123125783e-17,0.013678095946715318,0.04911643352877937,0.021132079318034902,0.0334659536000147,0.02087462089979869,0.028486252236564535,0.0,0.019887484808114086,0.025810505546457696,0.03636821028539372,0.031295834760996843,0.035736996037482816,0.028231695509134958,0.03466752285860697
0.01942438153459114,0.010136480480332777,0.026545043373476296,-0.012532284737931554,0.026262964757610696,0.034793052223116516,0.0,0.031201307678907775,0.03881665898723269,0.035909672644670376,0.03343749651447758,0.02409871520239465,0.03320962411506029,0.011624949481645719,0.03557956678784213,0.01136482145826323,0.019589672984186624,0.016146039128729417,0.03186291208513781,0.015191314618631213,0.00884388205337,0.007569726811489708,0.036519360416772284,0.009267027950597417,0.023885182811315686,0.013425867418288606,0.034224871772783105,-0.0015817440547051809,0.01746760003406872,0.02895500761778197,0.040739385166001285,0.010796394785575036,0.014734097201650198,0.010318591232840846,0.0027047295578237485,0.01247700145296049,0.04288042965690486,0.01358662930687049,0.027380262172616965,-0.013094245676268157,0.04449845598626201,0.0509469736128112,0.04857854473553347,-0.0007578200762987652,0.005720786209962192,-4.8872392664822684e-05,0.017196273050221977,0.03726340963378971,0.0,0.040821012414475,0.03176289364307938,0.029601877444791147,0.02073363337424683,0.03819159020069296,-0.016443139195072454,0.06238121154968401,-0.008792147708840292,0.03706095195117942,0.02350872205403559,0.027018776615889473,0.01207138216335979,1.1102230246251565e-16,0.00025757132907683333,0.04648114713659168,0.0213628613833165,0.02770551583018227,0.00047374813233330704,0.030437695542957055,0.024233764793732127,0.025739946965390004,0.03053477097615276,0.03617753132508805,0.03216377983553198,0.0240701920879432,0.028415302515308438,0.026744398770810474
-0.003925951213256118,0.006751981771874915,0.027754287779087394,0.020286099912756095,0.027160734515946194,0.012668871334606202,0.031201307678907775,0.0,0.05746813740576345,0.026983862530584324,0.0439970879946881,0.029387748787089385,0.01881312839195909,-0.012867660292454008,0.03644100201392786,0.02355908604536744,0.03266326221569327,0.03305782370580246,0.06053685046811075,0.02734479916293514,-0.005992944358797825,0.014225583499732686,0.03484392653528112,0.016673928316759845,0.0285261929693576,0.02385512204482959,0.028880986824399768,0.02070603939140314,0.012362597597689207,0.011204798242593184,0.003365430984717477,0.017456303655669858,0.03040994912424455,0.0024383794056381247,-0.004607835060989385,-0.0019347382766917165,0.06230943616684237,0.045185415843655596,0.034399851872962905,0.02914381274845179,0.031175313533736315,0.02772553934958555,0.07337592123436243,6.736720497391158e-06,-0.00018346262961155269,-0.07135013861762807,0.02567711612982415,0.036611279392811724,0.0,0.06850599778001776,0.0396971076917329,0.032492986605720864,0.05541504236362227,0.045745432517788065,0.036630416591225234,0.06463299218985602,-1.1102230246251565e-16,0.03430497454936188,0.026981954505622963,0.03055308741278817,0.026034942721532228,0.0,-6.853888458946411e-06,0.051153218863518646,0.03820793378458315,0.011046162688673367,-0.0019853810824119744,0.03478525064370003,-0.00027545138146989334,-0.00891449034612618,0.030577048467442802,0.040932893243452284,0.03948002883031915,0.03982490661519539,0.042066795115816624,0.027651854339799165
0.012987389124403781,0.010218821393579214,0.006063571803530732,0.02695023341702729,0.02128126564576127,0.023638189905938856,0.03881665898723269,0.05746813740576345,0.0,0.0315896767497883,0.00232621353182233,0.019280770748952014,0.03351645079967597,0.04857902301843775,0.031145138568004715,0.039123653242301104,0.023244510315446,0.029467973293225758,0.02881187790647305,0.01784208958413286,0.016765123060029252,0.009182391863903738,0.02331820504258081,-0.005192933200573457,0.03353269581431639,0.007234993930786526,0.006675291425009333,0.03332714986784502,0.020899849077100796,0.03964232932781109,0.026563569733425496,0.028673260807936807,0.01340506388956375,0.023724270844673545,0.019999216079079285,0.03284069834416897,0.027427900112434234,0.009659010920275324,0.04579442082647023,0.007809164044600303,0.037767820976446376,0.052058384757365905,0.04327777287555107,0.018178658592160613,0.01599872363985716,0.0,0.01673623068508806,-0.006757877158078074,0.007699837305974289,0.04774669385930019,0.03839487749798187,0.03560350700006365,0.037721090363488696,0.04184655542256155,0.058578789361314054,0.07800364690565587,-0.015566318939905732,0.03850242686669936,0.03328078252923605,0.026788407793962743,0.01809733881382808,5.551115123125783e-17,0.0,0.043054391990724694,0.0070402135705425195,0.016988872775650143,0.0023679713579189965,0.02821238963368833,-0.03178632653565405,0.0033379848506677745,0.006806215722802045,0.03971509301845555,0.0361212363986545,0.007852885055619763,0.00766203209559102,0.036397608165790074
0.054814595275698874,0.03624628516629397,0.03078064576603584,-0.020748284282821106,0.01826877780144992,0.024682831111408565,0.035909672644670376,0.026983862530584324,0.0315896767497883,0.0,0.032196028256479325,-0.01912960009696324,0.04310953950698898,0.061245196174207484,0.09297762601638476,0.029217312225630454,0.03356110056598299,0.033652404300981376,0.029776084043105833,0.011094988268302353,0.02790245100587302,0.023851882185051743,0.030469693039970103,0.056480984102902754,0.026925171618016663,-0.02634576802201616,0.019869316685683203,0.049250801926314536,0.027834900585483324,0.024161673752825685,0.043347707441614425,0.01072291313553031,0.06567372877703898,0.033883605122707994,0.00807948401633285,0.04582197794677406,0.041553277830934765,0.04253200267673679,-0.0028606961153451183,0.16010288979487142,0.022284312715089127,-0.012738249364670495,-0.029000996673050283,0.0005889768724199329,0.15227124191397828,0.03318600968173302,0.03653500906373053,0.028860610819681054,-1.1102230246251565e-16,1.6653345369377348e-16,0.03755366974329011,0.007895745517643382,0.0007525468271767366,0.03250196282648121,0.07146145042857782,0.024638273758285312,0.06180252684424392,0.030392941166073772,0.0,0.00019380773070620805,0.033960609126949315,0.0653236392398594,0.06192825271530816,1.0655947440540992e-05,0.018772681193154284,-0.00013464718271155585,0.019152353041135828,0.03827953810156948,0.04322643272149418,0.06196010407428193,0.05311436407608816,0.035974756647990214,0.09075189244739512,0.030710728320142933,-1.1102230246251565e-16,0.047400863659668
-0.00040906628677761514,0.00044655774108742774,0.016382986691421686,0.06565257468886915,0.008205320740041266,0.031678305878089674,0.03343749651447758,0.0439970879946881,0.00232621353182233,0.032196028256479325,0.0,0.04004471560028289,0.033658007767867426,0.014286218505609627,0.0,8.003773412534887e-06,0.021300994271026497,0.022027460251118958,0.015808890566632372,-3.678429231307456e-05,0.03965881311718639,0.01394997404449383,0.03643438587346032,0.01592945107170962,0.01966130713562586,0.016231431832146093,0.015525371226599471,0.02992050944695923,0.039552060421342905,0.040385018483754476,0.030874977556133776,0.023587668165066467,0.02729161569801214,0.026753294860020094,0.018996359681189567,0.0009500756463550752,0.02749996628254514,0.02552954536698382,0.04499993577241551,-0.017559865118719042,0.04625362605198202,0.00899343594909302,0.05370526437104778,-0.0006305986784008732,0.003906340924347107,0.0,5.551115123125783e-17,-0.004354236381307608,6.455695278406726e-05,0.08614212301248664,0.05260464182018154,0.06596704239244294,0.06151481536366249,0.08712669868013923,0.01174960319212992,0.030252750015583862,0.02612059562778246,0.07516824470426559,0.05648256353236919,0.00036502567332935554,0.0,0.0,0.0,0.05432245533047553,0.02634856760003551,0.0,0.041606174122223005,0.04331941323640476,0.0,0.0,0.006372722879585624,0.04748397007881633,0.0529416750353941,0.01880720220152987,-0.00010600643883607042,0.05160364869872547
0.028257177024060276,0.03052703140584595,0.02200167889437149,-0.05725012183969114,0.020542182926392427,0.018689382293468504,0.02409871520239465,0.029387748787089385,0.019280770748952014,-0.01912960009696324,0.04004471560028289,0.0,0.03125294585333549,0.03298649201286913,0.0056954576114073285,0.02465899723676651,0.015730964357496602,0.027238963206235756,0.05095977343739727,0.02149426633588175,0.03749074773545158,0.03731310481632988,0.05533660761357162,0.05047879018856788,0.009346953608355468,-0.031257545402275544,0.014826893572539857,0.036192625390425615,0.04024485040616976,0.00879137077820169,0.047389674317618924,0.0008497286507438973,0.09680057457001928,0.025112801413050168,0.011261273473565148,0.019776424750060417,-0.001769932477200531,0.0608418184637603,0.01134289267656452,0.16095235722179418,0.0046456069012905665,0.00299061741941814,0.027512595465914447,-0.004904977539139127,0.13161728846738135,-0.011823830694958626,0.05034912032918293,0.00869551880657815,0.0,-0.0002248693662827428,-0.014460927623676678,0.013798250216971064,0.0,0.005036000095565596,0.06576853466786958,0.01580524611558043,0.058233266786295146,0.0011892414326775125,0.0,0.016528755540304085,0.03671966741483684,0.058733381296593,0.06882528671273858,0.0,-0.0008274179497204104,0.019817824394685657,0.01818042671894371,-0.0027709209983409755,0.030639278903075662,0.059531673631951776,0.04633761103970008,-0.008422281375973839,0.014618311650098248,-0.02349674988622974,0.0,0.10021772001364726
0.0333277634245529,0.006144596141129055,0.03288406720037457,0.032103509981277645,0.007345487268369755,0.03997655578720832,0.03320962411506029,0.01881312839195909,0.03351645079967597,0.04310953950698898,0.033658007767867426,0.03125294585333549,0.0,0.042557125443244526,0.015571295987047762,0.007979063270405706,0.027539427648099857,0.02112556622596301,0.03642829291821603,0.018120694789698244,0.01002506363875555,0.0076756491540369565,0.03507059902052584,0.028577806783614768,0.019962787582627428,0.012974088252402816,0.03594292011869071,0.04093236176018572,0.02086555499290682,0.018663449855021164,0.03771607345152045,0.015459146241532162,0.01246669300513692,0.019997950784224894,0.015799538256375534,0.016146230710583354,0.003138343159386492,0.015389803106561017,0.031073112370679112,-0.03821621990359725,0.03455018748615918,0.001809722788976953,0.042160896107530765,-0.010013287630274259,0.011648217626850588,0.01157491926041504,0.005473370740367245,0.046291077766399735,0.0,0.0381255134254902,0.03486546905650312,0.028660643837738364,0.026678637598083588,0.0355529965981507,0.042216567352508116,0.05259751648313926,0.0854146316452788,0.03716802314737333,0.017286515370627864,0.013578503127518793,0.022941380508554043,0.015758899150264127,0.02850835047766348,0.03435917351745399,0.02802921545204201,0.04148225239565223,0.003483775904246922,0.03137149204055989,-0.006451077172559216,0.025603933237970777,0.02792751574397323,0.03484405644788824,0.03432622788019879,0.031721919666845455,0.03369795672032072,0.03556212044698914
0.0027050629708406104,0.0,0.004994155268277789,-0.015474864212421724,-0.005797098146531177,-0.006614144077573991,0.011624949481645719,-0.012867660292454008,0.04857902301843775,0.061245196174207484,0.014286218505609627,0.03298649201286913,0.042557125443244526,0.0,0.00442504341582739,0.0,0.0,0.0,0.024286368484006948,0.008237668587577907,-0.01689043023123521,0.009374837396357472,0.01824926550977718,0.034283270996963155,-6.302047733525162e-05,0.024553876088858617,0.008944785541575961,-0.011237558411586968,0.05103300793691479,-0.00010538320406372481,0.012737420052803872,-0.052392486286829354,0.013179053984197109,0.013313934513141834,0.029080922045252533,-0.018508679987393528,0.0024564516072091702,0.038919821818998,0.026784126389626073,0.0,-0.0011217351840839274,0.0,-0.016562291985892708,0.0,0.0,0.0,0.0,0.04923861942993868,0.0,0.03364215282950428,0.030796418284056326,0.01959352552921073,0.018026315544967364,0.052392273343623064,0.0,0.026528870249288017,-0.00045472269894247797,0.039251705365886735,0.027149556177622658,-5.551115123125783e-17,0.0,0.0,0.0,0.032186417632470876,0.0006142025624484848,0.0,0.0,0.00957470243152847,0.00023488003443733474,0.0,0.0,0.016569734671888825,0.03934784524136303,0.008321305494085496,0.0,-5.551115123125783e-17
-0.01343881229625421,0.017277218085024526,0.03360786547637534,0.001497554568587245,0.021814887056969934,0.031949636308747364,0.03557956678784213,0.03644100201392786,0.031145138568004715,0.09297762601638476,0.0,0.0056954576114073285,0.015571295987047762,0.00442504341582739,0.0,0.02049169176358523,0.012230114793553903,0.02777342537241345,0.0,0.04305884383948788,0.01271241548891111,0.005704995013618819,0.011692913622160572,0.026732245826159073,0.0372483733746557,0.01735845045347606,0.05556771053268483,0.03433930172117783,0.03254270176077223,0.025534161662572497,0.0219338300030667,0.009580133068122942,0.025091184835618896,0.015757775264732432,0.011390139995394621,0.015355269247196213,0.001047689223624415,0.009170010695488617,0.01706293004154008,0.03232832355090154,0.02896853273849309,0.015049186022203176,-0.06834864965100074,0.000164299079571939,-0.026019312895222302,0.015440308706211214,0.028007857549013748,0.03137408945115716,0.0,0.0,0.03741527238665604,0.015644017427336787,0.03135072447014514,0.016354188147764237,-9.17661041660578e-05,0.0,0.0024252208255898244,0.028662052180078557,0.0,0.044756504325990376,0.018861620885281816,-0.00026183243733268746,0.026716962895365015,0.0,0.06020993407783759,0.025990159548884673,0.03006444859858437,0.03744252968969036,0.013918280774454062,0.02673596429847014,0.030961842534285466,0.03776792605789525,0.03708840863438595,0.030311606625330223,0.02884011367463668,0.029830683399903135
0.004419884965130905,0.02162051820247668,0.024011214108536294,0.0,0.021309363473493215,0.02562936126340032,0.01136482145826323,0.02355908604536744,0.039123653242301104,0.029217312225630454,8.003773412534887e-06,0.02465899723676651,0.007979063270405706,0.0,0.02049169176358523,0.0,0.023985212925092148,0.023234728015527728,-0.0007675334016327695,0.03261135709668406,0.03405640153486017,0.03626046966372226,0.026238692425164023,0.022812000030280055,0.017467988204734386,0.015604455719741006,0.027766864330115937,0.018418290926299485,0.022933398726400545,0.02636389959417934,0.01606558010685777,-0.005932697606575055,0.022015607216755217,0.0194080711517276,0.011656752609821575,0.02166695432312521,0.0057137509065565695,-0.029697896717085892,0.022767452276942157,0.0441333569384213,0.028611072250654346,0.026778248819668116,-0.025424165869447957,0.0,0.0,0.031208573910791015,0.03227546825773531,0.0,0.0,0.0,0.02590951971933253,0.011697063664175111,0.021140946463502064,0.0,0.014559574683270626,0.0,0.025045068735895126,0.018935203212726848,0.0,0.041701680158322874,0.028808644564486396,0.022579487922231745,0.0375312266260141,0.0,0.028806160313180618,0.019777503116462813,0.027063121938727452,0.02144600275208436,0.027620463692901887,0.03856502856270444,0.03538697450806394,0.024646988800346936,0.042679834350276225,0.01867683105769835,-0.0001236251271384825,0.0285817317304089
0.02295504499709189,0.03433949422837468,0.023262091132589924,-0.00010617921222172422,0.023373073310044012,0.024955445971153567,0.019589672984186624,0.03266326221569327,0.023244510315446,0.03356110056598299,0.021300994271026497,0.015730964357496602,0.027539427648099857,0.0,0.012230114793553903,0.023985212925092148,0.0,0.013136918292621369,0.02423879402897844,0.0181966057155713,0.021412806029228515,0.02653763098422901,0.025638512430950167,0.026693472076233182,0.03465938028289772,0.01935010958449973,0.029666330301887256,0.03566404078892166,0.01674319440338995,0.02047778946294443,0.024062047448686008,0.022315208263860464,0.05152342839434465,0.026770577865451284,0.00879806072399264,0.010919788150060006,0.01046259816587397,0.03863934313033662,0.032695445256756606,0.10804079648680015,0.04823433511496927,0.010875289630861706,0.0,0.0,0.05727887501610912,0.012869059328293297,0.036320509579147786,0.0,0.0,1.6653345369377348e-16,-0.00017547390328853663,-9.539863896229628e-05,0.0,0.0,0.03945130140113018,0.000169306975618011,0.03244578654215452,0.009058549590825082,0.0,0.0,0.0280523432381678,0.04651048404376279,0.03311587334805416,0.0,-0.00016426977474887083,-5.551115123125783e-17,0.027847209513692572,0.0009920155653795337,0.0276253103070217,0.039129727617027654,0.029673832836258296,0.0,0.01629079135123418,0.024278470153462794,0.0,0.014375503868730877
0.0212692555617377,0.033309812202765354,0.023608960985206817,0.0,0.030515295945501564,0.033134511254151566,0.016146039128729417,0.03305782370580246,0.029467973293225758,0.033652404300981376,0.022027460251118958,0.027238963206235756,0.02112556622596301,0.0,0.02777342537241345,0.023234728015527728,0.013136918292621369,0.0,0.013516274369169523,0.028164048161399446,0.03912176962085334,0.030583774794528618,0.039833052614663134,0.02660620268476116,0.030480265105863713,0.022161435001695373,0.03049627585917325,0.021494535910376034,0.02291420891263124,0.030002240736236474,0.023120384853865028,0.007223724200352388,0.037088189251380355,0.023506814964082023,0.0102076513734779,0.02109863505456855,0.0,0.04788157462464393,0.026885744853793636,0.07254188539985607,0.03731445847770615,0.02264007778944538,5.551115123125783e-17,0.0,0.05420813818026077,0.02746282858065552,0.03559446785430187,0.0,0.0,0.0,0.03255879600469136,-8.958916517420867e-05,0.017934528290886598,0.0,0.0453566602947702,0.0,0.03362583988628215,0.015596916178833353,0.0,0.03259720627192242,0.03669797285698423,0.041496901216937054,0.036782803178558254,0.0,0.030363061973321004,0.022330004131181913,0.024931472078868422,0.018622231250237542,0.02565836700034274,0.03597741588842385,0.030671464848207375,0.014826888461933752,0.03676279068166627,0.03057640719870447,0.0,0.030927407362444703
0.0,0.02082601192943706,0.010126500049511045,0.008698955056839874,0.007526042086695994,0.026890791656523583,0.03186291208513781,0.06053685046811075,0.02881187790647305,0.029776084043105833,0.015808890566632372,0.05095977343739727,0.03642829291821603,0.024286368484006948,0.0,-0.0007675334016327695,0.02423879402897844,0.013516274369169523,0.0,0.007635156859389314,0.01702278931817075,0.03394860630185792,-0.02633525234068107,0.020784921208797547,0.022514674585145056,0.022189938325386682,0.01871490384930108,0.03327036470224992,0.014172056759620577,0.030321601934105713,0.031134181704159103,0.03086796513605483,0.015889816456621964,0.02658218415344149,0.018932751632129374,0.005409055905134019,0.02598506148955032,0.01839196656087927,0.042841726156896076,0.0011545290242063189,0.02376991011816265,0.025721546198816836,0.04529952557427813,5.551115123125783e-17,-1.6653345369377348e-16,0.0,5.551115123125783e-17,-0.06040592324789151,0.0,0.04706545535704365,0.040353345264485196,0.026044934941574782,0.04188322682677226,0.04286979868334939,0.04925214236700837,0.028798976455787717,0.0006139058527649954,0.04710642104526197,0.046516289730977656,-0.00017844779669562438,0.0,0.0,0.0,0.06383619321742173,0.039073074554613785,0.0,0.005972266566198869,0.030343477320520118,0.0,0.0,0.006280344192153786,0.03946951546949551,0.03933973356320275,-0.008490434849207473,0.001052844633151362,0.05212680562392791
0.03308289371941098,0.024974432740133334,0.012424203738180872,0.037846520545316176,0.0314563518823085,0.04125100300995538,0.015191314618631213,0.02734479916293514,0.01784208958413286,0.011094988268302353,-3.678429231307456e-05,0.02149426633588175,0.018120694789698244,0.008237668587577907,0.04305884383948788,0.03261135709668406,0.0181966057155713,0.028164048161399446,0.007635156859389314,0.0,0.039441065231865136,0.020635349382155055,0.05082485355065902,0.04771583171965105,0.02663563586437645,0.0014664543640779404,0.05610350763770733,0.028907040419138552,0.026160730676409227,0.03019677017686556,0.009010509313952919,0.012857818493585194,0.022291218091028853,0.02194632357319415,0.018902771832895737,0.023753877357565734,0.02073472933539261,-0.0006164881138245315,0.013178645762924213,0.057269954451182326,0.035533026085052544,0.029108814242416237,-0.06371058319157874,0.00047694735518383213,0.0019450495849944738,0.02626394910686225,0.026164576259440853,0.024089493795635575,0.0,0.016798382482249352,0.03734671687244134,0.028548651530494573,0.04846453901799802,0.004525003987245202,0.004906347535854505,0.03617171086661203,0.012759169979902452,0.029980707411179475,0.0,0.04242087722727761,0.017496549104428827,0.00627866158279039,0.026564474964036855,0.01085909844481514,0.04166446293279863,0.043085977177226176,0.027856048092611885,0.03421248253898029,-0.0015118316742209759,0.024644555685462977,0.03638086247304423,0.03592904478249731,0.03652154493793136,0.030849022381464475,0.03357383913961126,0.030094729730532233
-0.005640890093766782,0.03366861204826671,0.03731183060129689,0.0002029775533568534,0.017591022605271733,0.01891762123112184,0.00884388205337,-0.005992944358797825,0.016765123060029252,0.02790245100587302,0.03965881311718639,0.03749074773545158,0.01002506363875555,-0.01689043023123521,0.01271241548891111,0.03405640153486017,0.021412806029228515,0.03912176962085334,0.01702278931817075,0.039441065231865136,0.0,0.02747311762686372,0.017499270852682713,0.023519413710894777,0.042142939499514254,0.030813928655951728,0.03439475726189567,0.010933208555906015,0.010803862352625593,-0.0005166647829548676,0.020386309439658246,0.007578443851569083,0.05039075503115742,0.019788068688372573,0.0059087578785190775,-0.09600273495274558,-0.013254886627701412,0.03135225412259507,0.031902591801704516,0.08260911789896963,0.04016793565950105,0.01485462184100983,0.017408643592047468,0.0,-0.0004057974897896388,-0.14800759820378695,0.03886991702196657,0.0006021748976865471,0.0,-0.00011537094686142613,0.04374125988673888,0.03360093379755541,0.01943723280111498,0.014451667462212825,-4.260204367084741e-05,0.0,-0.00702932951871893,0.03308849390852325,0.0,0.04184593465270975,0.0262341076518548,0.0,0.04678019636058173,0.0,0.05498085164830685,-0.0042789118247256175,0.03753243749298296,0.04646849977376938,0.0004234946252507643,0.01724989079390471,0.030023688229927292,0.048154757712422946,0.04151466610475507,0.03353555055227053,0.04793453212340543,0.03882155947327498
0.03302031983424869,0.025603353263206508,-0.0005171832961078926,0.008474801517706743,-0.0011703774350795837,0.029132507163085575,0.007569726811489708,0.014225583499732686,0.009182391863903738,0.023851882185051743,0.01394997404449383,0.03731310481632988,0.0076756491540369565,0.009374837396357472,0.005704995013618819,0.03626046966372226,0.02653763098422901,0.030583774794528618,0.03394860630185792,0.020635349382155055,0.02747311762686372,0.0,0.00357082727623792,0.04050281464237676,0.0308450213078163,0.015487018463531399,0.04317469520103712,0.021352087874171366,0.03343681345560695,0.011091316197686385,0.010787672030450168,-0.0021033698919068478,0.01742467946639853,0.012513199261136698,0.00105374241077838,0.026671195114892687,0.001669474310845298,0.00923294818610687,0.0006840772047703725,0.029591637055073228,0.02507660527313227,0.00760198791522998,-0.06463433772287952,0.0,-0.046114819552708075,0.016384157820683642,0.02388802309262622,0.0365330322938785,0.0,-0.0004193310156536678,0.02390337967667877,0.016798521255549648,0.023717051766670938,0.02712233334729952,0.029828462169599446,0.0,0.02402711412153774,0.03188507049402006,0.0,0.030585128204893564,0.018403286879049408,0.020802081824989438,0.032727980946034796,-1.1102230246251565e-16,0.05271034052480633,0.016583428089175456,0.020025600610178218,0.03430291542036751,0.007392026237202198,0.03123465372949813,0.02898058011059379,0.03636126814132051,0.04407731765947681,0.03039370830292587,0.036111733751241104,0.03311308229992016
0.024904767173582476,0.01666710751459849,-0.029484625662396402,0.027079195621498853,0.023283584397270296,0.037543643947357486,0.036519360416772284,0.03484392653528112,0.02331820504258081,0.030469693039970103,0.03643438587346032,0.05533660761357162,0.03507059902052584,0.01824926550977718,0.011692913622160572,0.026238692425164023,0.025638512430950167,0.039833052614663134,-0.02633525234068107,0.05082485355065902,0.017499270852682713,0.00357082727623792,0.0,0.03710945037437946,0.05425066576622245,0.03271408653457464,0.054437298889048025,0.0375968824922423,0.02998776700932332,0.032411318718465754,0.022082913528369386,0.018349513859334754,0.03575634258610405,0.016956750719304692,0.016889218511726867,0.01295364800999449,0.022001035810889524,0.062132101881122836,0.040769518989146714,0.05507309211814748,0.04283427851592658,0.02862036993377126,0.045864786478901465,-0.009517925062669574,0.014225304238089764,-0.03534846508181699,0.039630214069638015,-0.04734051084915636,-3.592079939274129e-05,0.03623356611474415,0.035864536850911066,0.02992077027416251,0.040488016546123884,0.04191511170816087,0.05092963292223179,0.07786873498486557,0.013244040496894594,0.03891721572253948,0.023419844740440454,0.039127596110374085,0.03231149988146498,0.019076265622479327,0.028882172626156388,0.07279937825665161,0.03367927979927621,0.04142536792128637,0.028570944688035727,0.03902426461225983,0.009851745121573885,0.047906560670189946,0.03679706720614778,0.041028465926781554,0.03791414815493854,0.03598303206793835,0.033005983926742144,0.028256743153786013
-0.0045935675862791014,0.0449524051111857,0.0351961621700303,0.005253909048157257,0.023690587116683592,0.03365481420197414,0.009267027950597417,0.016673928316759845,-0.005192933200573457,0.056480984102902754,0.01592945107170962,0.05047879018856788,0.028577806783614768,0.034283270996963155,0.026732245826159073,0.022812000030280055,0.026693472076233182,0.02660620268476116,0.020784921208797547,0.04771583171965105,0.023519413710894777,0.04050281464237676,0.03710945037437946,0.0,0.022943592639925903,0.007830768236341601,0.01821443012082724,0.02848559593686656,0.04705729591261831,0.034653140458133724,0.047648873076875264,-0.0357683401768249,0.08166064420134334,0.014410859023646083,0.011297133492443823,0.019921402833499358,0.0045890157957352296,0.03491605540632653,0.005346468049991726,0.16654278418110824,0.03064376035758365,0.0864942008322343,0.008282074708002629,0.010497149735756661,0.06771895664223393,0.0060281508954357355,0.05168348063728451,7.705126435453291e-05,0.0,0.0,0.015193941632818841,-0.013150781332745498,0.00014870233191094373,0.0014969760099214358,0.048743736576349395,-0.00034928850912385734,0.0015493751277717016,-0.012333230745314672,0.0,0.041636304473029906,0.029669543539436516,0.05273058053199775,0.05092561808481466,0.0,0.011939818000140712,0.04461558486068368,0.05138194152521586,0.03724877740033139,-0.03759223582858212,0.05295192502958762,0.03541773354032107,0.03175053444338877,-0.028249380161489035,0.014844019582574863,0.0,0.060729021252654
0.027830552868487346,0.03181832284576802,-0.03758878931016535,0.0,0.022845423581655144,0.03543786607220839,0.023885182811315686,0.0285261929693576,0.03353269581431639,0.026925171618016663,0.01966130713562586,0.009346953608355468,0.019962787582627428,-6.302047733525162e-05,0.0372483733746557,0.017467988204734386,0.03465938028289772,0.030480265105863713,0.022514674585145056,0.02663563586437645,0.042142939499514254,0.0308450213078163,0.05425066576622245,0.022943592639925903,0.0,0.02889108252398731,0.037144629890381475,0.027255791564059606,0.03025642898608022,0.03889471579634224,0.029578228307810983,0.007229802527190965,0.044933290684418314,0.01914371632261891,0.004457705035842252,0.022821755655459408,-0.0003723702832407749,0.049207609307349076,0.02562741118102907,0.0885640090036438,0.04232705610866633,0.03246511816750597,-0.0001688233196052158,0.0,0.04974053266363293,0.03669994117936076,0.04092649737427817,0.0,0.0,0.0,0.014343128661199078,0.017669041214850523,0.021528823077870074,-7.601338393720125e-05,0.04566248232219394,0.0,0.038985622419460075,0.05483119789947544,0.0,0.04725233281113439,0.03682694132130887,0.0474569819530104,0.04090667225190664,0.0,0.033070105389521876,0.026192572518980606,0.02377811307851313,0.023269979318210676,0.03436240356168929,0.04014365866810593,0.03536704446571032,0.02878815366258758,0.032364074897373696,0.02321471873891401,0.0,0.031614646546503644
0.011940651186784002,0.031056508975203068,0.014635684471077881,0.001179077957721486,-0.004130196461906044,0.024202219103878986,0.013425867418288606,0.02385512204482959,0.007234993930786526,-0.02634576802201616,0.016231431832146093,-0.031257545402275544,0.012974088252402816,0.024553876088858617,0.01735845045347606,0.015604455719741006,0.01935010958449973,0.022161435001695373,0.022189938325386682,0.0014664543640779404,0.030813928655951728,0.015487018463531399,0.03271408653457464,0.007830768236341601,0.02889108252398731,0.0,0.04057606238075484,0.025967746651291257,0.020497769226694607,0.039962001572134254,0.02362264169684558,0.002222119075785678,0.03722810619104133,0.012484616867703913,0.0012199893396784844,0.014659934632553384,0.01497236196274565,0.04639344956523189,0.019372695758765213,0.07782815945963717,0.03273402213821941,0.03285294903487063,0.028942226302486718,0.0,0.0537098375697555,0.01748407410471231,0.032487337104948444,0.007888033972945518,0.0,0.00025512191379956084,0.023584958074509832,0.01790464329006375,0.02575151017562699,0.0035319551001462557,0.04517869722576923,-7.807044884017289e-05,0.02921442015437059,0.025753262627800533,0.0,0.035999947878494476,0.030334301628252458,0.0453560355683455,0.040003725995220285,-5.551115123125783e-17,0.055457774830651285,0.009027963730555755,0.029021258723590848,0.030937075263183955,0.03282498922164728,0.038650827121839926,0.03231176453312262,0.04144114245778513,0.04089935024826158,0.03355483151466876,-8.352719977722245e-05,0.03078452476875626
0.027617171635794024,0.03896099577532425,0.048176097940805185,0.019085624204930263,0.017317104484915358,0.052053743592620993,0.034224871772783105,0.028880986824399768,0.006675291425009333,0.019869316685683203,0.015525371226599471,0.014826893572539857,0.03594292011869071,0.008944785541575961,0.05556771053268483,0.027766864330115937,0.029666330301887256,0.03049627585917325,0.01871490384930108,0.05610350763770733,0.03439475726189567,0.04317469520103712,0.054437298889048025,0.01821443012082724,0.037144629890381475,0.04057606238075484,0.0,0.03181000172282622,0.05218909443411296,0.025320975798362788,0.028437950051821148,0.02630569641716518,0.032799733935661934,0.025548540347995252,0.03279448793149242,0.024676932381887506,0.015220270386578527,0.0038419122960761665,0.029211499096235605,0.0421634434546293,0.04134015362250809,0.029500545808560763,0.03063826976270323,0.04344474048783842,0.012299652093657354,0.03186959176949866,0.03168090907310689,-0.08486090023451115,-1.6653345369377348e-16,0.036685712446629215,0.03713980832063679,0.03121325497514793,0.03626069847659197,0.04032862066703791,0.04653953570483199,0.055024715826589965,0.014106180350225483,0.0374497109708295,0.006468059546601346,0.03974742892180366,0.032896579358671074,5.598320686139857e-05,0.05463084132174084,0.044462299023570906,0.03687519260073879,0.04954728894411198,0.03339796530503719,0.03470079681188687,0.018244280608472274,0.018858570798156005,0.047171041085297905,0.04235721260230041,0.036919151730881894,0.04082403967372866,0.042950439723267286,0.03392645142990197
