0.0,-0.00670174217199121,0.015392612221332258,0.0,-0.000160407641262017,0.02313463727190651,0.0405433240087163,0.019462037736239224,0.013415853953885393,0.013113162632539033,-3.201117222773053e-05,0.012859024258246754,0.029478028469244244,0.006932357942670886,0.0028243628619659122,0.021899765229739576,-0.0034507687773570606,0.007206096744002077,0.0,0.009798700044993669,-0.012425239090695261,-0.010296649228294152,-0.005672251124651473,-0.013413170583726708,0.0012126484852377217,0.0032501895792887425,0.014048085583249104,0.02370398551004199,0.00787029529393557,0.046446767694237556,0.016717592063170306,0.03752991482667384,-0.00997024654858969,0.011277115009278804,0.031182585654049633,-0.011589260688561531,0.0,0.029827290400626705,0.017252308316729914,-0.021364410030169922,-0.001304017448213901,-0.01180879313070382,0.0,0.0,0.01372381511277665,-0.07753847070560793,0.004716539398105124,0.0,0.0,0.0,0.012762705136079078,0.0,-0.004112655645470753,0.0,0.02246550532002628,0.0,-0.015644987867986015,0.015101008633620072,0.0,0.013478250123819868,-0.006468659243252073,-0.0643209530276419,-0.03478892798802047,0.0,0.04989112847172217,-0.07017371019264401,0.00032847563888427356,0.01849016713990559,-0.10209674487852496,-0.02665396162029332,-0.0005354872433719904,0.07270841472465789,0.0003391554966479249,0.010128300621837283,0.0,-0.003467272943954436
-0.00670174217199121,0.0,-0.0010381248760067407,0.0,0.01530448659215261,0.010926552468592698,0.027559113986500794,-0.0015945808914041293,0.007327333779172718,0.01964106179155789,-0.0005071131655586814,0.017767304786060423,0.019341690586602622,0.0,0.0022174327146728956,0.026957465152707694,0.01214762494726529,0.02170189738661149,0.016929655219608764,0.0089867104195408,-0.010211022343198373,0.007103782358795108,-0.016548796091267248,0.01828527409603159,0.011825285033367383,0.018302843796291546,0.007756748454355034,0.024105063880902666,0.016890624882142713,0.017404622683455162,0.03727312517217646,0.04362553872027364,0.031311964196699626,0.02905892639238694,0.03837593698729602,0.01192247175678296,0.004699944531749933,-0.00028635965743856184,0.018077631816785622,0.02353043342921135,0.013085579150988291,0.003918504562470948,0.06170021299776324,0.0,-4.815999426044382e-05,-0.03157493100418873,0.015904952137777484,0.008997858335800801,0.0,-5.551115123125783e-17,0.0017101397779921146,0.0024807368020371423,0.02974865944193933,0.007049230982778987,0.009369188182871024,0.0,0.020599475207941254,0.006099121901809446,0.0,0.0003934881058463846,0.013942185316232258,0.020241613074303777,0.011872030270245804,0.0,-0.002045172384803118,-0.026435366125139914,0.0005716270628905451,0.003118953452058537,-0.04240116208669936,0.013216314075948477,0.0066321058234347086,0.003670096738306372,-0.0020519223765868566,-0.004679635661816894,0.0051047589825805595,0.005879350749117718
0.015392612221332258,-0.0010381248760067407,0.0,0.030921118875573694,0.01806316792006568,0.02516970952311476,0.0006633740638642971,-0.01401014962692676,0.0506550116519483,0.0029799252435420698,0.029682742672917373,-0.005848043232295874,-0.0038955789010606257,-0.032456652862519364,0.023969514102892553,0.020175583738470837,0.014150045478122153,0.010206061986057002,0.038589377461347385,0.025802413917954847,0.006756286646365461,0.0168772960484202,-0.026265977998274015,-0.04159068753440709,0.03164386934171215,0.010431289299789648,0.02949391857785999,-0.0042336346705396655,0.030863011363690906,0.02194936671146175,-0.009730998482935904,-0.007592751489022054,0.00409398580081799,-0.010346046562508981,-0.011529726599030343,-0.038928594312924225,0.0016852677408424332,-0.018717087597807436,0.020293675121193955,0.0002616075641702631,0.02054129151366324,-0.009342021125985145,-0.0158703391729344,0.0019998282024463188,-2.489366748853472e-05,0.0,-0.0038220228415984936,0.1405404467308426,0.00020890817535507145,0.03862584456417861,0.04040635494287703,0.026311766081138277,-0.0036570837081750796,0.04141545544396674,0.008718833803905701,0.10460620009344135,0.006445308756099943,0.04004176571186713,0.0012666679929634883,0.031273325323534606,-0.0003663371607443011,0.0,0.0,0.17331735843344337,0.009155037333821114,0.0007884255943088614,0.006433623670788313,0.016159601425847714,0.0,0.0,0.010886504394343743,0.020750667506941323,0.026968722816586244,0.014910141828267998,0.00575225672614621,0.02331882407216379
0.0,0.0,0.030921118875573694,0.0,0.0003424032549260714,0.019328993502434444,0.0028805988430901097,-0.005840721830800977,-0.056955742475503,0.015045091699509183,-0.020646203182842493,-0.04694189251706307,-0.020022928337576185,0.04226348374949618,0.004021128423873588,0.0,0.00025272465723807924,0.0,-0.04035597385492151,0.01268984058385958,0.00046347241576860654,0.0006560314517571886,-0.0026569634837760314,0.0037757109274572653,0.0,-0.001330362683657882,0.03091719515128266,-0.015359279393638958,-0.009882874600876057,-0.00014813301802485412,0.03610136440652484,-0.0673613041791386,0.027449006654076624,-0.024210443512235003,0.02021750719537807,0.021100229803236392,-0.01451568102264389,0.007870384573913203,-0.0007100627899081502,0.0,0.0005764349688893167,0.0,0.00033517493833018497,0.0,0.0,0.0,0.0,-4.129478079800686e-05,0.0,0.0,-4.0726180563943615e-05,0.0,0.0,9.667639913635284e-05,0.0,9.897222865368205e-05,0.0,-7.277802390692756e-05,0.0,0.0,0.0,0.0,0.0,0.0,0.0,0.0,0.0,0.013564730702543826,0.0,0.0,0.0,0.0025732243807030653,9.475977782852363e-05,0.00037270222297097755,0.0,0.0
-0.000160407641262017,0.01530448659215261,0.01806316792006568,0.0003424032549260714,0.0,0.027764784067337067,0.004564712031536966,-0.014779371026171106,-0.0011728099175227769,0.012975975376187832,0.007324378604071369,0.0018039247684482618,-0.01153114762642099,-0.018338728048980735,0.015378956568693924,0.024290200605182,0.019147852496276485,0.00014282487167283087,-0.0035626279262558347,0.026148605484815235,0.02593213191427929,0.009935985024853322,0.021709707263265487,-0.03999354045623926,0.01914138714555652,0.016993905861745318,0.031461199130208284,-0.02187539673359723,0.016441319080559236,0.014954889643609248,-0.002690633183423885,-0.0020671442300995158,0.014638302176978202,-0.008997825783589652,-0.018201096517126425,-0.029084592094498207,0.016493031813534564,-0.014977355198259434,0.059295183424878106,-0.0013242471279537038,0.03289155554163048,0.0011615833994478297,0.03904553065064037,0.00010164730706646585,0.019816992150581136,0.0,0.00513324290767847,0.038431915025416985,0.0,0.0708261346702348,0.04682876013628212,0.041830649949383125,0.003245388056722087,0.042097225133156835,0.0009853610363489973,-0.01689446954002849,0.009005432139554237,0.040296804635981065,0.010705144298966462,0.00123043154543917,-0.000383113810572544,0.0,0.0,0.04817333826259085,0.000948052320843662,0.0,0.01202501553840818,0.023723085016508993,0.0,0.00012645432256674916,0.006334809570745781,0.02227044170455783,0.03481488568452096,0.014270516545044631,0.013190920434360653,0.024696569211856034
0.02313463727190651,0.010926552468592698,0.02516970952311476,0.019328993502434444,0.027764784067337067,0.0,0.007834518133305268,0.04400859562860138,0.019848786801408502,0.024148454154648946,0.02072784116933546,0.01708544092271519,0.007185912085854673,0.04158281786958984,0.0031618888309176696,0.022264194770198642,-0.006775494492234135,0.016789491027956793,0.0007125969875569904,0.022797325734774776,0.025569480637952835,0.012908690583390059,0.04148670085428868,0.01741608687173446,0.030510625779794076,0.00991318466353458,0.03751404987182716,0.013251512968618151,0.03830121515186752,0.021289875576461392,0.015959252209855612,0.031492654550998034,0.06310579220929691,0.01693362394733766,0.015842859628767136,0.016687925562351047,0.014034946000150372,0.007528874245411543,0.03236530716702707,0.00771907568129554,0.044938895602956275,0.021915594873536448,0.02531840920787265,0.02698649920385332,0.009557885541412847,0.009408406958506088,0.002395137196694652,0.03006241219550343,0.0,0.05552730769707226,0.054205969585155556,0.054341792958949586,0.022669257789016628,0.03533787629547891,0.07311895231288978,0.04175532340093224,0.01704183874404852,0.051343165777479105,0.024506970233153902,0.0014042113482400365,0.0034928554554575775,5.551115123125783e-17,-0.0016436744316689622,0.035367096306887946,0.0195280183710691,0.0068423652271900615,-0.0169040950530433,0.033899066607912975,0.0,0.006137031793638892,-0.0038897509552021647,0.041210246801621,0.04100906663853032,0.03155842812519433,0.05224044576262843,0.050223970934545226
0.0405433240087163,0.027559113986500794,0.0006633740638642971,0.0028805988430901097,0.004564712031536966,0.007834518133305268,0.0,0.028402455842506114,0.002143208036857358,0.03315142438888696,-0.022356518929358637,0.005358450053637331,0.005593653912898122,-0.015095721812734775,0.030316581316284175,0.024059308618493036,0.01726995935139719,0.02486516016517676,-0.022695259773268472,0.026905499839953273,0.03152895722071486,0.019261173680258925,0.020479659198866684,0.003661316582093177,0.029924696391766537,0.022828268835019205,0.019594486379942766,0.0007471298485730027,0.013171591658247828,0.03958064775009318,0.033504917230315345,-0.018509036886285524,0.0050095874124918005,0.005270627394910521,0.009585856610095422,0.01046461129168802,0.04329261465300149,-0.0021490191403359393,0.036688302863442546,0.02542177371545501,0.03651771777141144,0.04650435094379535,0.026380663121021775,-0.0002099728502233389,-0.00577207824887549,-0.00034841239313887495,0.015151984750088499,0.0208152134615478,0.0,0.043215616492401354,0.033561366794243264,0.02835052281049888,0.005542499298579195,0.030369407549745153,0.009961467427069215,0.02617941717733263,-0.00864557683451006,0.02833525779105195,0.028781093560220017,0.011144068039168953,-0.0001608939709372148,1.1102230246251565e-16,-0.0003610097943981261,0.029158204857981596,0.013661302500785621,0.0198217790383573,0.0044310796005048725,0.0164483588598624,0.01952098220286208,0.014301647505402637,0.016533454233871703,0.016006261279537082,0.024590557078238984,0.014452781582085517,0.030957497765496722,0.027053621019160756
0.019462037736239224,-0.0015945808914041293,-0.01401014962692676,-0.005840721830800977,-0.014779371026171106,0.04400859562860138,0.028402455842506114,0.0,-0.00702359757345733,0.0403591140636001,-0.021204055999491878,0.011307022559312818,0.030972293806261708,-0.012173830739893476,-0.007515970359519064,0.02560795418279721,0.03080099091022681,0.019451166030457656,-0.031049079621775555,0.009687675449543576,0.013575836431330257,-0.012457597004354892,0.017871569396218034,0.03325924045736417,0.03441027452306611,0.04103675715103122,0.020417989239433443,0.03501477396624342,0.021197699683956628,0.042832644940807685,0.02924374204754182,0.04354666213043962,0.08965802500837516,0.02974640013990887,0.039739898532796136,-0.006382252918378906,0.09654244648410798,0.07433520804148619,-0.002592913866761526,-0.0049972375573885675,0.016265661433822076,0.004506258531639107,-0.014260666756934548,-9.442130420311834e-06,-7.917714620675476e-05,0.011394839819675096,-0.015373898901718808,-0.0033313120262274953,0.0,0.010730627857769959,0.040911932225669356,0.03790865633088292,-0.06409401953249028,0.010919609582442202,0.010923816125117336,-0.00047621184279222906,-1.1102230246251565e-16,0.02866317660185108,-0.003702978018103098,-0.0009371149020769298,0.011500863836869046,0.0,-9.041948913879327e-06,0.003058746260847678,-0.015280734536657792,-0.0022537356330596947,-0.005386672717294538,-0.0017165395329860056,-0.007917952300375175,-0.013449021906682956,-0.007573750573084959,0.01190645728656231,0.0169408377930102,-0.01661472517686885,0.021796608936958284,0.008132937301169818
0.013415853953885393,0.007327333779172718,0.0506550116519483,-0.056955742475503,-0.0011728099175227769,0.019848786801408502,0.002143208036857358,-0.00702359757345733,0.0,-0.00968348294789434,0.030137040755183142,-0.019303256752357556,-0.02739170880870323,0.0014518041462194264,0.011719806485043949,0.018412903009227155,-0.013952210853216573,-0.005204579855007385,0.004419881549617144,0.015028421493161248,0.010749368893492983,0.007679320466476625,0.028805588429793527,-0.018882390490378265,0.0151575508814481,0.011363306899739467,0.02113754360640846,-0.020045152771103858,0.013542585878452196,-0.007480438914354237,-0.032249362787296176,-0.03892718826192121,-0.002857443443302854,-0.034143582235888204,-0.02969105701471375,-0.026394704498081845,-0.024288255442592943,-0.0285575096551286,0.025334553880069,0.01913294056446907,0.027551765851744237,0.030451162077051452,-0.009451092717823129,0.015764134000733343,0.01562741690617525,0.0,0.013779296763009485,0.03685052215989559,0.005252243972823645,0.016296851092721165,0.03728463891659872,0.029830829683124893,-0.004885025789260977,0.019172993688713946,0.04514266950546436,0.03761840771607711,0.0014417422293597215,0.032909867791794944,-0.0002564635801162174,0.014837608816634484,0.013979349908229965,5.551115123125783e-17,0.0,0.014213828824409247,0.013605379164272124,0.025668247404128153,0.015904513316540192,0.009250921224859043,0.00029965730795056267,0.0024227282015479856,0.015135109977776617,0.012846825852613986,0.024419167072887715,0.02014481469427304,0.014896605406198082,0.02937673770738569
0.013113162632539033,0.01964106179155789,0.0029799252435420698,0.015045091699509183,0.012975975376187832,0.024148454154648946,0.03315142438888696,0.0403591140636001,-0.00968348294789434,0.0,-0.004181184968630958,0.02017527911840139,0.03495811091038581,0.036401143115232404,0.020051025748330953,0.01254997081419823,0.03300513681464329,0.027960807212253136,-0.002139800816710724,0.016393035754286023,0.03581215114793834,0.012100125224744074,0.02526991694905778,0.028108023236120605,0.041282881649225944,0.023822912960702658,0.03524248662782803,0.038224454772762206,0.012336286884007064,0.0156426719882799,0.03931408218835242,0.004627910967532234,0.022796794216682625,0.038592997477574,0.041112420309727116,0.022534450776878878,0.04737544938295302,0.029213257222076183,-0.03568801520478354,0.05668727761377634,-0.008563003336045372,0.06447678147885377,-0.07363999302843638,-8.143774776875334e-05,0.0663982955562829,-0.02200760470771601,-0.0071498938186029815,0.016165771914659732,-1.1102230246251565e-16,1.6653345369377348e-16,0.03762292363337372,0.10631671032142465,-0.0008848378432058102,-0.002575787451315037,0.028342899525774568,0.01314444012712046,0.03391459850547346,0.00711594723929615,0.0,0.0007928158542285235,0.006976572984431162,0.01543635310298147,-0.0032571479103386536,-1.493528572643621e-05,0.013830912071551682,0.000188720351450955,0.040807915797569816,0.018849717086884987,0.031501586312076835,0.010725116916206201,0.028408163543764797,0.024309783861694134,0.0869841865522687,0.0033098134020240755,-1.1102230246251565e-16,0.006197737488304544
-3.201117222773053e-05,-0.0005071131655586814,0.029682742672917373,-0.020646203182842493,0.007324378604071369,0.02072784116933546,-0.022356518929358637,-0.021204055999491878,0.030137040755183142,-0.004181184968630958,0.0,-0.01212490413329298,-0.026890647152253644,-0.021070448554418086,0.0,-1.1218021059744565e-05,-0.01684824046764266,0.006782020081809448,0.022642788976421357,5.155655271343873e-05,0.03425493929499801,0.008246606113629429,-0.05938467971550204,-0.011616077588104567,-0.00791273990899255,-0.010975965321812331,0.003310374796627047,-0.02279882652196824,0.023475707839289872,0.027022944451669195,-0.022490411882750194,-0.03510163851657977,-0.004031229327434216,-0.021559265235784053,-0.023655750648089946,-0.027824923976362437,0.05612325111941502,-0.01349406851290591,-0.002272679559283619,-0.011101705427419895,0.031183315321569594,0.0055684516903268255,-0.03276607552843924,0.0008838417693972644,0.0018319240828047478,0.0,5.551115123125783e-17,0.059613107907100726,-9.048247852400104e-05,0.06768697665306306,0.019476152910716027,0.03294283856987468,-0.011739384781089102,0.02349453826124781,0.024952584962444457,-0.005639296488819223,0.01615587028884452,0.024764595934248956,-0.008555796595576926,-0.0005116168936620258,0.0,0.0,0.0,0.18656230767592857,0.007385576041762321,0.0,0.020100833684355557,-0.03855224934152979,0.0,0.0,0.00830798878295469,-0.013706279906603225,0.012156258457018954,0.011660737493300488,-0.0010349157766841866,0.030774399572364164
0.012859024258246754,0.017767304786060423,-0.005848043232295874,-0.04694189251706307,0.0018039247684482618,0.01708544092271519,0.005358450053637331,0.011307022559312818,-0.019303256752357556,0.02017527911840139,-0.01212490413329298,0.0,0.014028588039564915,0.03450044225005372,-0.005847364479158512,0.021639357875252396,0.01809045928353037,0.0041089397455812415,-0.019428606619327604,0.037810351302266176,0.029094026820714713,-0.007578516798618429,0.003309250306914313,0.021368589617657974,-0.019595170620156033,-0.02744061611091375,0.012994585588912033,-0.012086850760532286,0.03724510695916772,0.017754642650854913,0.032407322390903104,-0.0031317009317509137,0.03757456311886681,0.031474602930557816,0.013977100603488835,-0.04438117690884735,0.01698638985738804,0.040369543328796664,-0.0291025806785718,0.02827699667078515,-0.02247245143032034,-0.03578300404176421,-0.05983981343969447,0.012291132035415098,0.059775040164708915,0.008624742643182137,0.00943640110987276,0.023110441651968183,0.0,-0.00020130759979131163,-0.019132329348735988,0.01739978704729883,0.0,0.017798549985226064,0.017788476170160827,0.012815089680207226,0.027974095941694255,0.0057164981568341156,0.0,0.012384370612336604,0.015746921446756823,0.01505673580739042,-0.015551787432411424,0.0,-0.0012053932098763376,-0.027718398577804337,0.01139743804686516,-0.011559985983283227,0.0413053459150321,0.01798071319248301,0.029221637715804327,-0.02572751480440405,0.04941952758951712,-0.047077125936704045,0.0,-0.013034375478023219
0.029478028469244244,0.019341690586602622,-0.0038955789010606257,-0.020022928337576185,-0.01153114762642099,0.007185912085854673,0.005593653912898122,0.030972293806261708,-0.02739170880870323,0.03495811091038581,-0.026890647152253644,0.014028588039564915,0.0,-0.03271673821089238,0.018179798635111766,0.021543943310797675,0.015469776330073237,0.018988634728825116,-0.031452611898052485,0.024957493242632467,0.03153888205533101,0.014156643059761553,0.024164585865053323,0.008548358014036417,0.022896315579384652,0.017348336064794356,0.019267207521595386,0.030783516941897016,0.01362661687417982,0.023171699184405814,0.030298635929913498,-0.006036585802078942,0.014209271527681977,0.010270025545723538,0.01770650139217167,0.007512889870614492,0.021725061507398613,0.00243675149088457,0.04886724135734838,0.019142571854661006,0.05590763536772192,0.047981404761858415,0.027081756917613387,0.02951175862521227,-0.012740936444432083,0.01031381828433009,0.019236026743647272,0.022293686490713283,0.0,0.044300973675606925,0.03898734840771223,0.03881545237195638,0.015198914052772183,0.02669330345091092,0.08680432894283929,0.04851200002740008,0.05104473036889773,0.03775290246303131,0.014793497321827387,0.014309002626533507,0.015196774450114137,0.01431522665931173,0.026119191658667662,0.03197947246762467,0.017092254971450338,0.014825529044307006,0.014517305285877247,0.024176869227171105,-0.005991592144537927,0.01547609733413291,0.010427880998094052,0.02304327659150074,0.0287099325122252,0.022823443444800917,0.02690879142555469,0.03262348867078091
0.006932357942670886,0.0,-0.032456652862519364,0.04226348374949618,-0.018338728048980735,0.04158281786958984,-0.015095721812734775,-0.012173830739893476,0.0014518041462194264,0.036401143115232404,-0.021070448554418086,0.03450044225005372,-0.03271673821089238,0.0,0.0035771951149630166,0.0,0.0,0.0,-0.042969964540995775,-0.0020815648739961334,0.006686750826126742,0.0020337447716951562,-0.004106546572045178,0.014959513461369645,8.832896754162878e-05,0.012276856308424178,0.016720832648392914,-0.03725832204580781,0.023063044610727723,-0.00023210729643019512,0.015540242615409261,-0.0970932485507808,0.0035810903417418105,0.010101702186415706,0.01664410463816285,-0.03606490641551849,-0.02804168279490185,-0.01682039117252443,-0.006802144730061743,0.0,-0.000665464900819368,0.0,-0.017169957555997706,0.0,0.0,0.0,0.0,0.009663466016679001,0.0,0.012394286517549868,0.02368266937510305,0.03653460421589283,0.01510653590421901,0.00950904770666039,0.0,0.00898375855056277,-0.00045728146185697316,0.03424129114954355,-0.00116423580632119,-5.551115123125783e-17,0.0,0.0,0.0,0.010263437167907674,0.001046044866095941,0.0,0.0,-0.011157857112117364,-0.00032920586792173356,0.0,0.0,0.0346063890696483,0.04031362333458727,0.007906301024830253,0.0,-5.551115123125783e-17
0.0028243628619659122,0.0022174327146728956,0.023969514102892553,0.004021128423873588,0.015378956568693924,0.0031618888309176696,0.030316581316284175,-0.007515970359519064,0.011719806485043949,0.020051025748330953,0.0,-0.005847364479158512,0.018179798635111766,0.0035771951149630166,0.0,0.017549186045555776,0.006664119957011716,0.023915180478630227,0.0,0.03974809770965809,-0.020228035882930817,0.015833446580286015,-0.006444134324780915,0.011364179910367367,0.005312949452813354,0.021631720328225468,0.016425041290641207,0.017831540263121837,0.018171248767327952,0.033842079975984984,0.012577247310708639,0.03073903498850933,-0.029945184082761367,0.017922665308887198,0.023680999207274067,0.052949474148668574,0.030331354486365647,0.024860785128023255,0.006039930016211392,0.007450582864929001,-0.0008742343900107197,0.0015707552024416538,0.025264549310384632,-0.0005946470354966094,-0.021654384656931036,0.013263676451263473,-0.0068029574471470955,0.023064431209130487,0.0,0.0,0.028642254528484512,0.028585971970008006,0.009204281720183394,0.02673825380117939,-3.8263970941199155e-05,0.0,-0.0038944664594672274,0.027240450378851477,0.0,0.009876020690617882,-0.002388742026919799,-0.008732494774399524,-0.0014416502015943133,0.0,-0.0022488725526126907,0.003122255209580538,0.004787805569185677,0.004562569871865763,0.01410618448537243,0.00143232490546491,-0.008076997316764145,0.013960860005084674,0.018185680472119492,0.00962235468753242,0.016607681253608286,-0.0035331849852217045
0.021899765229739576,0.026957465152707694,0.020175583738470837,0.0,0.024290200605182,0.022264194770198642,0.024059308618493036,0.02560795418279721,0.018412903009227155,0.01254997081419823,-1.1218021059744565e-05,0.021639357875252396,0.021543943310797675,0.0,0.017549186045555776,0.0,0.020846153847056847,-0.0028552108227139494,-0.0010375715101014205,0.03142237716529267,0.011581187446153496,0.03399377297479522,0.011842436419328806,0.019555868648911234,0.02788668310505321,0.03137959993465189,0.019806536541857156,0.010660277718371802,0.008615460325193502,0.012301135300046284,0.028282595348701534,0.048286543316195085,0.04965384611339241,0.03985458159302935,0.0441785765353645,0.08565658823540206,0.004807204252244901,-0.012199563910343103,0.027738088957790286,0.034216634213426966,0.02805618263864801,0.01838853394881873,0.015470253378117471,0.0,0.0,-0.0049881307549080045,0.02812868024757148,0.0,0.0,0.0,0.05185113168275313,0.0630162231321224,0.029225641797178903,0.0,0.003036087823863387,0.0,0.007553495833654389,0.04647925938440178,0.0,0.011743011413623217,0.02293432225092784,0.015079227969496733,0.01347226131989493,0.0,0.015464993910848435,-0.015055122517413089,0.01070063551768563,0.020235507153125554,-0.01936381998912362,0.02112147089844535,0.025185271838422674,0.027581252022624403,0.023265584786815396,0.02341018949599255,-0.00014666756249115398,0.017759929313748812
-0.0034507687773570606,0.01214762494726529,0.014150045478122153,0.00025272465723807924,0.019147852496276485,-0.006775494492234135,0.01726995935139719,0.03080099091022681,-0.013952210853216573,0.03300513681464329,-0.01684824046764266,0.01809045928353037,0.015469776330073237,0.0,0.006664119957011716,0.020846153847056847,0.0,-0.008955404516898802,-0.03446698308148338,0.011960696361679013,0.015751623637375478,0.021026606822180494,0.018490538692567504,0.00918782671449253,0.039270026187917306,0.01283580662406164,-0.00988549034021996,0.021548128612465134,0.0115101336855436,0.013443034425524414,0.007441492205488898,0.0014923007011698464,-0.007618076871653501,0.005872276138806309,0.0037421493794126404,0.0016701369626857532,0.008362202870360047,0.044166973896095585,0.014632301212900656,-0.02476005575596596,-0.009599581280244296,-0.007387329918891017,0.0,0.0,-0.012746302511723817,-0.05981494835074719,0.01892241118173138,0.0,0.0,1.6653345369377348e-16,0.04305729858520824,0.0001337099247850082,0.0,0.0,0.008912798919825882,-0.00023729922378101787,0.01425039497403724,0.011880512963904966,0.0,0.0,-0.0034670487886382384,-0.009844182982120364,-0.010571128448101319,0.0,-2.1705145005157522e-05,-5.551115123125783e-17,0.006835361224688197,-0.00037925293660356907,-0.006643910453129176,-0.00761708622217655,-0.0013609719041325907,0.0,0.01469709270438474,0.014574449725387462,0.0,-0.01903734760462472
0.007206096744002077,0.02170189738661149,0.010206061986057002,0.0,0.00014282487167283087,0.016789491027956793,0.02486516016517676,0.019451166030457656,-0.005204579855007385,0.027960807212253136,0.006782020081809448,0.0041089397455812415,0.018988634728825116,0.0,0.023915180478630227,-0.0028552108227139494,-0.008955404516898802,0.0,0.007699038965256755,0.025023976603773423,0.0010149088868176004,0.024828201444611342,0.008760443132452167,0.000989303500710248,0.024579026557602413,0.0257721162150768,0.019961132576717888,0.01945821736771569,0.015055879069830025,0.017887227140894024,0.013881923257153761,0.023942228702351576,0.005354951406623232,0.01013809405194449,0.014017396867516574,-0.003066727713446238,0.0,0.011734291312847533,0.02020419170512283,6.294827724911967e-05,0.008433061207240466,-0.002050920687058422,5.551115123125783e-17,0.0,0.03290525364197888,-0.04358485690409064,0.023694288312712808,0.0,0.0,0.0,0.02238820534554209,0.00012556741550279193,0.013138025457657465,0.0,0.018327952579680507,0.0,0.006202172279265505,-0.0023805125925506765,0.0,0.019543352172207373,0.006480104777760454,-0.0011119987232249273,0.002076062368124909,0.0,0.011739481021063924,-0.04286908335738171,0.015594654254439955,0.024204248999007527,-0.03786757311660904,0.001680133599436917,0.003737336753132814,0.030762980846316457,0.07754971370923092,0.028413448518220474,0.0,0.00014624307733468456
0.0,0.016929655219608764,0.038589377461347385,-0.04035597385492151,-0.0035626279262558347,0.0007125969875569904,-0.022695259773268472,-0.031049079621775555,0.004419881549617144,-0.002139800816710724,0.022642788976421357,-0.019428606619327604,-0.031452611898052485,-0.042969964540995775,0.0,-0.0010375715101014205,-0.03446698308148338,0.007699038965256755,0.0,0.006396562846770926,0.016029085422626377,0.01788880617271904,-0.1059266538125622,0.015440790238692659,0.018070442768280404,-0.012588777718282762,0.038243709203981624,-0.02699132920141961,0.00023230603715646003,0.008283005475801741,-0.025874816470907558,-0.026113540833362592,0.0035875943884454142,-0.03299975403259586,-0.027749270088123668,-0.04751017014277353,-0.008056225934541306,-0.028325302009049314,0.03190690814615371,0.013742245713837753,0.016462105225213852,0.018322975706330902,-0.009307349990646085,5.551115123125783e-17,-1.6653345369377348e-16,0.0,5.551115123125783e-17,0.09170446130390286,0.0,0.038223037848823305,0.04306920598190467,0.03766422792137303,-0.006145042340276352,0.02280145010240142,0.0011846569941719176,0.0680355101124685,-0.0008604452462971368,0.03958185790822488,0.005124784929290416,-0.0010533119960540183,0.0,0.0,0.0,0.051945656803715434,0.01717467303533665,0.0,0.005111088610106285,-0.0006751792519453792,0.0,0.0,0.0020996536009609823,0.0062257417556607075,0.015507725207720702,0.024136258822542223,0.00036106276730629716,0.00835282975466467
0.009798700044993669,0.0089867104195408,0.025802413917954847,0.01268984058385958,0.026148605484815235,0.022797325734774776,0.026905499839953273,0.009687675449543576,0.015028421493161248,0.016393035754286023,5.155655271343873e-05,0.037810351302266176,0.024957493242632467,-0.0020815648739961334,0.03974809770965809,0.03142237716529267,0.011960696361679013,0.025023976603773423,0.006396562846770926,0.0,-0.019604756618713248,0.03965806279537504,0.06803942343593211,0.030739861804495283,0.02701472944058425,0.03499812305461786,0.03521997259669157,0.02275346921182131,0.029830269613655036,0.03022617839923747,0.03425094566600628,0.04653305587912199,0.028241385230564242,0.03425781308992942,0.03732729183075029,0.054671244333970304,0.03588823579515088,-0.0010628906740790534,0.010734976156235199,0.016055776731204896,0.014918917583803093,0.0019197143939227446,0.01832666408341238,-0.00013521764421553506,-0.005843350346627529,0.014553070915148458,0.003711370345762688,0.03467888923467283,0.0,0.03448180363859965,0.029845557305177517,0.03366604726170247,-0.005084309168208845,0.058125448327761786,0.05044985753489606,0.10848541084187718,0.009589308914933592,0.0273823326605917,0.0,0.004414965399508974,0.006282429395677802,0.0044082639640634635,0.017695688468694126,0.005979597307488205,0.0019666454941067446,-0.008950104278229398,0.0011809876895516602,0.001951869698830433,-0.001280680838842363,0.014595126849355322,0.0010746903290851928,0.010774734804508967,0.010101569095227914,0.007369377138479238,0.0123413170915333,-0.0010130919005288397
-0.012425239090695261,-0.010211022343198373,0.006756286646365461,0.00046347241576860654,0.02593213191427929,0.025569480637952835,0.03152895722071486,0.013575836431330257,0.010749368893492983,0.03581215114793834,0.03425493929499801,0.029094026820714713,0.03153888205533101,0.006686750826126742,-0.020228035882930817,0.011581187446153496,0.015751623637375478,0.0010149088868176004,0.016029085422626377,-0.019604756618713248,0.0,-0.024674944645100394,-0.002349103608549119,0.021093717610133844,0.012468107090060188,0.003121915223666505,-0.0014514915318591393,0.028805238728152438,0.015521723693603384,0.036147630058988856,0.0023836846485139063,0.015400457988330452,0.04026560770744225,0.00968404602315498,0.015615861378458662,0.07166486300819963,0.015114289610038745,0.01771630240616945,-0.0017468857438217023,-0.011346337117408178,-0.014781938420126428,-0.009230088023853111,0.022029899086571658,0.0,-0.0007292814849167439,-0.06844591470734762,-0.01799464344199736,-0.0008440032389659402,0.0,0.00016170294246353745,0.02503936188348621,0.026145511167601887,-0.020092814505449696,0.013116072512951715,5.9710663767365e-05,0.0,-0.016705909334830793,0.024691053198318103,0.0,0.006913428193650983,-0.013925027005406154,0.0,-0.03291135416793961,0.0,-0.02699557717580886,-0.036298931002240464,-0.007882782556434542,-0.0014603247625997184,-0.05654113354259194,-0.008897058764964327,-0.008716494482511605,0.002265455094503599,-0.012962981481521807,-0.008466920590448401,0.04101710058845576,-0.036854057992095623
-0.010296649228294152,0.007103782358795108,0.0168772960484202,0.0006560314517571886,0.009935985024853322,0.012908690583390059,0.019261173680258925,-0.012457597004354892,0.007679320466476625,0.012100125224744074,0.008246606113629429,-0.007578516798618429,0.014156643059761553,0.0020337447716951562,0.015833446580286015,0.03399377297479522,0.021026606822180494,0.024828201444611342,0.01788880617271904,0.03965806279537504,-0.024674944645100394,0.0,0.008194895899855614,0.017675705635388284,0.027225534588079192,0.005118293895054915,0.02024222350020699,0.00845602958505487,0.014194571582406668,0.017859236814925905,0.013137557975966607,0.048325571231590925,0.027111738083303694,0.027394994136655748,0.036566931442594375,0.06050766455907719,0.03147680284833554,0.02022583314996712,0.00965870602817187,0.013195838861978504,0.002979240457975485,0.008406801100968586,-0.02992785132657333,0.0,0.003040075239469364,-0.017616766396295502,-0.000773505456205803,0.05510672773381231,0.0,-0.0002966722125497534,0.012196209110660217,0.02534496065802505,0.0072134045119112145,0.07850861818410204,0.016596991972242292,0.0,0.014890325989281139,0.011759066903700599,0.0,0.011507101798034824,0.004603249319256708,0.024968372129998084,0.013158566025426033,-1.1102230246251565e-16,-0.004263258994570696,-0.010773978710870269,0.004516341499614052,0.003084822830433376,0.03412082029936514,0.016634048860176665,-0.004452399102305216,0.008947066943062854,0.008826477066043337,-0.003968549404487931,0.011148749821476123,-0.005934025011060384
-0.005672251124651473,-0.016548796091267248,-0.026265977998274015,-0.0026569634837760314,0.021709707263265487,0.04148670085428868,0.020479659198866684,0.017871569396218034,0.028805588429793527,0.02526991694905778,-0.05938467971550204,0.003309250306914313,0.024164585865053323,-0.004106546572045178,-0.006444134324780915,0.011842436419328806,0.018490538692567504,0.008760443132452167,-0.1059266538125622,0.06803942343593211,-0.002349103608549119,0.008194895899855614,0.0,0.017957756219565302,0.008481081620811237,-0.007059031370859337,0.03809613093138059,0.025970470362104814,0.013428583136829209,0.034820270626101824,0.021896446692740046,0.03107387969862163,0.012615465607356435,0.023347201631378378,0.02614913354262094,0.0014704675035417947,0.03362496434571416,0.044657922159267394,0.003607617166737187,-0.005626593007443337,0.015199668403237498,-0.001101106137401664,-0.009397752774515211,-0.004289073646741359,0.004884734424519033,-0.08640735782308928,-0.009963449603581476,0.040663764675220704,5.034628834610366e-05,0.027812409170014596,0.035649979194855574,0.03236043128467725,-0.01691876340383902,0.0186826228095599,0.039804522791959895,0.03337581715658383,0.064720129067742,0.024295154807248198,-0.0020018179836853722,-0.01242037368429666,-0.010365983479470597,0.013780509035824617,0.01742183544365289,0.05138048384576521,-0.006827757457314898,-0.023818986836551703,-0.019393397781043875,0.009445491714426546,0.007555437424726585,0.005860632582270819,-0.0228865457178703,0.011327299447858818,0.010118775658859214,0.0013125843421085692,0.008769153967567611,0.013747329875739012
-0.013413170583726708,0.01828527409603159,-0.04159068753440709,0.0037757109274572653,-0.03999354045623926,0.01741608687173446,0.003661316582093177,0.03325924045736417,-0.018882390490378265,0.028108023236120605,-0.011616077588104567,0.021368589617657974,0.008548358014036417,0.014959513461369645,0.011364179910367367,0.019555868648911234,0.00918782671449253,0.000989303500710248,0.015440790238692659,0.030739861804495283,0.021093717610133844,0.017675705635388284,0.017957756219565302,0.0,0.016799757044839603,0.0021152659564885323,0.013506751983463072,-0.019141711968885533,0.03543698599669187,0.08071829281876175,0.01742017172305893,0.004700424742560327,0.020467691384785158,0.02306312724605325,-0.005511243255597875,-0.04874212101062464,0.0004363265645951908,0.02579365648933224,0.033817115977207934,0.026753470039065252,0.02364309191500663,0.010463648720018148,-0.06297018581339059,-0.008479362848565292,0.05085841227671728,-0.09246927590860038,0.004520582176651411,-0.00010799439985165193,0.0,0.0,-0.019666275902700425,-0.010852102728444224,0.00046539450832333573,0.00016468119318868712,0.01593588786608363,0.0004895598175324034,0.02945031186121644,-0.016821163252909888,0.0,0.039059774301322625,-0.019297447027384063,-0.009911162233208703,-0.03540148634683643,0.0,0.010767884825059415,-0.03646303288131142,0.07075950688620508,0.0335352821917948,0.00244359121027371,-0.026170688773414108,-0.005460100901867548,-0.0020372561262824718,0.058559729622125356,0.008013839244552512,0.0,-0.04586881575324531
0.0012126484852377217,0.011825285033367383,0.03164386934171215,0.0,0.01914138714555652,0.030510625779794076,0.029924696391766537,0.03441027452306611,0.0151575508814481,0.041282881649225944,-0.00791273990899255,-0.019595170620156033,0.022896315579384652,8.832896754162878e-05,0.005312949452813354,0.02788668310505321,0.039270026187917306,0.024579026557602413,0.018070442768280404,0.02701472944058425,0.012468107090060188,0.027225534588079192,0.008481081620811237,0.016799757044839603,0.0,0.014887095891171542,0.022190352008614744,0.022487423996973843,0.021487423851946852,0.02480175494151088,0.024039308980460417,0.022211108614887953,-0.008197185035896226,0.013995048366032159,0.009958229999493362,-0.01830749367079315,-0.0006302659652522302,0.021530756434710918,0.022679199879248102,0.007391009299695772,0.013563394817761809,0.004586575401441861,0.0007376543307502925,0.0,0.013242609006714812,-0.0424123311921864,0.02281764980546569,0.0,0.0,0.0,0.002173460917880843,0.007409801522887061,0.011915082565493396,0.00010653971544560825,0.02452692195929579,0.0,0.024905328934023474,0.011215255139270686,0.0,0.010732333100756164,0.008581961620155176,0.0012372579975131748,0.005798163912650034,0.0,0.014118662542748461,-0.04554510247758087,0.01449639612126119,0.01358221452560282,-0.015024395553004943,0.007537564177012901,0.01052116544309084,0.00934680071920857,0.01286679998523027,0.009779342716436878,0.0,0.007432791710370146
0.0032501895792887425,0.018302843796291546,0.010431289299789648,-0.001330362683657882,0.016993905861745318,0.00991318466353458,0.022828268835019205,0.04103675715103122,0.011363306899739467,0.023822912960702658,-0.010975965321812331,-0.02744061611091375,0.017348336064794356,0.012276856308424178,0.021631720328225468,0.03137959993465189,0.01283580662406164,0.0257721162150768,-0.012588777718282762,0.03499812305461786,0.003121915223666505,0.005118293895054915,-0.007059031370859337,0.0021152659564885323,0.014887095891171542,0.0,0.018374856770797032,0.01988050393963675,0.015378642530186393,0.04039525204310035,0.024504464748639654,0.027581193685736693,-0.008206698691661185,0.011504614001418056,0.018316118325327035,0.07874912066001144,0.08442743924090645,0.017599269868598555,0.013166128044982794,0.0070442732426701515,0.007685918500360989,0.0024488974990216628,0.06351049745673071,0.0,-0.0020610668971278723,-0.04297893581860912,0.005204403186268414,0.004467435418509802,0.0,-0.0003575767146806186,0.002524471822193064,0.012695708379719506,-0.0021161253778497757,-0.008022540752104013,0.015461507862817803,0.00010942288019905044,0.021797521833136158,0.003671917415848991,0.0,0.00423671077863752,0.008200202132046475,0.003707769012003037,0.00636494119754677,-5.551115123125783e-17,0.0020053603907795314,-0.01666499900376084,-0.005959575498504566,0.005064180642253502,-0.010889468729438467,0.009899038961330986,0.007414107739205644,0.0010401739755455663,0.005217735746205321,-0.003921759688720272,0.0001170710161197408,0.00753545040967013
0.014048085583249104,0.007756748454355034,0.02949391857785999,0.03091719515128266,0.031461199130208284,0.03751404987182716,0.019594486379942766,0.020417989239433443,0.02113754360640846,0.03524248662782803,0.003310374796627047,0.012994585588912033,0.019267207521595386,0.016720832648392914,0.016425041290641207,0.019806536541857156,-0.00988549034021996,0.019961132576717888,0.038243709203981624,0.03521997259669157,-0.0014514915318591393,0.02024222350020699,0.03809613093138059,0.013506751983463072,0.022190352008614744,0.018374856770797032,0.0,0.021080222785424485,0.017792213123658085,0.03242905037262728,0.021116621159747162,0.03610887390289358,0.029122486100701395,0.02246749157500927,0.024913906898197224,0.030957194449887593,0.027851503806739675,0.017221144690835632,0.014612595176951682,0.03064996276074511,0.016620302445624624,0.0017969834098211512,0.014481269886834292,0.01878965361101481,-0.0014539020254666912,0.020889435561222303,-0.014436316335554145,0.03934658097450616,-1.6653345369377348e-16,0.03852098005060034,0.04654534256566811,0.039376723633007926,-0.011901353447712704,0.027943743189787873,0.03091729271095406,0.021023699972065546,0.03713464648255793,0.032853284658134974,0.011521637454759093,-0.002559365458602081,-0.004572623892941607,-4.5303691874054586e-05,-0.005021826209868352,0.023190565129675322,0.003617795105474164,-0.014748117085775447,-0.004616292999141458,0.021212699856834494,0.012374621256837748,0.005167361128795178,-0.016111136015813765,0.018029967832698834,0.016352765119662438,0.006478209171749683,0.012106973224159656,0.024131038176621655
