0.0,0.04484388910703213,0.04567343950080355,0.0,4.3638334005668966e-05,0.009340811175108321,0.03475248928780922,0.086604811289416,0.03617045559519688,0.04607589034801407,-0.0003119287284968353,0.04619025705813112,0.05326371984317696,0.05336423627095671,0.041619486172734255,0.05661324013888824,0.08122363490513462,0.06872313278109027,0.0,0.052183761796554595,0.08652618303976967,0.041580658198075215,0.08744402333154433,0.04774967018357623,0.05473589965093706,0.046603738410892714,0.06622690064601677,0.07095851138405068,0.09407818857362393,0.08328006504448626,0.027354259125724034,0.03750172788269063,0.03852256794714948,0.041578168613937816,0.035780576636267714,0.03154391621020636,0.0,0.06189026814588894,0.0647431946017693,0.07575781809576199,0.0637789195993897,0.09155671386432107,0.0,0.0,0.00847389949919869,0.05867529900372176,0.062980696537419,0.0,0.0,0.0,0.041246551160648404,0.0,0.021182810501150062,0.0,0.027652845063495635,0.0,0.03892747720942841,0.029429082613400104,0.0,0.015018864065721504,0.07274285450193779,0.06230143038925812,0.08777373446656478,0.0,0.05263172490691753,0.04631814770928794,0.04900308685753141,0.08582805150684941,0.0426571096922268,0.08323030030796813,0.07032627081470866,0.057121012852594966,-9.226605868761784e-05,0.03685896419885221,0.0,0.06031765789817639
0.04484388910703213,0.0,0.06239617358461047,0.0,0.06726317636886991,0.05950442248523141,0.08487846505507174,0.11324646201729077,0.061240072247589594,0.0541543541457114,0.00020087147480835066,0.03402571432064233,0.08332507943062095,0.0,0.06024287703535647,0.0429496674189665,0.060597648597420006,0.04807697864332311,0.03173666377682016,0.0619710125035795,0.05185840461329261,0.049880122763557744,0.0670596109794922,0.031880663812842214,0.035407320329114145,0.041457664532047966,0.06335504268644132,0.08526278268190574,0.07839016517618486,0.06900390003127971,0.025531254589880426,0.027640173492427644,0.016954761890636383,0.033260880880085886,0.03256399786174036,-0.020748398873050133,0.00651776843886076,-0.0003209904997876767,0.024574917079998093,0.029872843838380847,0.03595550160585276,0.01678743094687546,-0.020865176230002447,0.0,1.3101756866085168e-05,0.046216274285337644,0.039089378318663104,0.027023889257796585,0.0,-5.551115123125783e-17,0.03455551265583212,0.03764594264996518,0.04221772153096853,0.03645435291357185,0.03442026237534196,0.0,0.033494292846324214,0.03735311875730879,0.0,0.04798080683596845,0.04178285318459324,0.05808215785080911,0.05323261662390888,0.0,0.04498802509575872,0.0468440710988951,0.020079373872696038,0.07215036645566492,0.05614100126110261,0.05600433716136466,0.04878791809900357,0.061609569450079116,0.00676557863972832,0.046261812569737215,-0.01133836754313422,0.025679690667304078
0.04567343950080355,0.06239617358461047,0.0,0.02947795735933434,0.02835053654928643,0.02848632339296603,0.06717381342632905,0.060566975318536276,0.04637211228960725,0.05717044250330933,0.006346719397319789,0.026970126544841322,0.07468115099360007,0.05863867736960571,0.031124817555405415,0.05081097393331574,0.04942814593541639,0.03439355313556258,0.015723874539724514,0.06875002999684499,0.0349243066105695,0.06913081860958159,0.05107812921450211,0.0017423293940033169,0.028759622987682476,0.034936616041106816,0.007060096324356835,0.07159927062237476,0.05059988544460953,0.06377428489314962,0.050469257268660195,0.06275944699415942,0.0554197462255554,0.056735437354863694,0.05779717772259324,0.044500690489717554,0.03933278732210249,0.039156077500099695,0.05779066928148735,0.044457812483119086,-0.02505999745485632,0.056254661279391716,0.061620945192736976,0.005011035095120908,8.528409045943652e-05,0.0,-0.004039070712113568,0.1253066809284819,-5.683273353440654e-05,0.07118026195751714,0.046700018547039535,0.06429125434556515,0.061094388415283585,0.08812520017159275,0.02604193797308496,0.09365211146367142,0.007801813399405,0.05583106067203736,0.08153096375119784,0.03742471649258233,9.966073469758197e-05,0.0,0.0,0.19214300340759416,0.03587128378035548,0.000712355046806834,0.029884172623937222,0.057583574862479,0.0,0.0,0.04091379970486447,0.052829950404672754,0.056802417563003194,0.04762303124813899,0.04238486250256668,0.049240038135258124
0.0,0.0,0.02947795735933434,0.0,0.032363397000420346,0.06767962932214094,0.05707450995161367,0.02250047760018442,0.03505918201553604,-0.015626546495356775,0.02012732815808782,0.029717018160936692,0.06961079294626743,-0.02789769740385506,0.0075779901975633335,0.0,-1.3717807531510307e-05,0.0,0.015114924777174465,0.03868760455282627,0.00027008666792127656,0.00865903273217783,0.03932285407006497,0.004873093218960178,0.0,0.0005325917355530896,0.05228606641284439,0.02197877374542223,0.006831941136072495,4.0299065973414816e-05,0.038388680451033,0.04968872063320323,-0.05339630204835305,0.1255369294592526,0.09236921118768204,-0.03900598799315849,-0.015737131881355365,0.03793609586985491,0.00019317008184466244,0.0,-0.0001568171036435695,0.0,0.000273347931643797,0.0,0.0,0.0,0.0,1.1234099716317392e-05,0.0,0.0,1.1079414024284251e-05,0.0,0.0,-2.6300473984885997e-05,0.0,-2.6925046321402135e-05,0.0,1.979900515070021e-05,0.0,0.0,0.0,0.0,0.0,0.0,0.0,0.0,0.0,0.02120582893450701,0.0,0.0,0.0,0.0026675282619793017,-2.5779063906661293e-05,-0.00010139232746469995,0.0,0.0
4.3638334005668966e-05,0.06726317636886991,0.02835053654928643,0.032363397000420346,0.0,0.03742701527719455,0.0588379870240785,0.07245286673448131,0.01872815199742961,0.05943281707114667,0.04121726265560238,0.05644754196305829,0.07603692392817535,0.03505622833272648,0.020156852067460485,0.057088049367863714,0.049918708513822574,0.050154214144314146,0.032333409733970364,0.07051849579365055,0.03088306837785154,0.0731070648872788,0.060148813880083196,0.037190538690958064,0.07684917225120241,0.050596638359066526,0.03367129513924216,0.06980891270303358,0.04321767202937554,0.069082054541935,0.054250872848392584,0.0642201736365714,0.0438821523537295,0.06929782145094848,0.051621995753982186,0.01883023328130784,0.05714700117428567,0.0521838667560951,0.05848361082699349,0.0025340785650876385,0.0677519264955041,0.09666743034928188,0.10213307930139148,-2.765279198457815e-05,0.019824479198561618,0.0,0.01666402653084975,0.07949289836243256,0.0,0.0820684984604686,0.06006933433422568,0.07639912151708605,0.05243040092087686,0.0841051739501022,0.0004247652144186431,0.12589232970531128,0.008483013602613942,0.07041046115059624,0.1078169608316657,0.025366786862569435,0.00010422476321231278,0.0,0.0,0.08159308912129604,0.05429678981806707,0.0,0.06644819457971374,0.06952932419613078,0.0,0.0001397320389610046,0.04107330283619631,0.05668747204093161,0.05462844482559581,0.061281866380821726,0.01728788789717428,0.05213541518073883
0.009340811175108321,0.05950442248523141,0.02848632339296603,0.06767962932214094,0.03742701527719455,0.0,0.055151870370334366,0.0510470302450296,0.023086112188798136,0.06134730300699126,0.04826754897103891,0.03801059502424742,0.036971107906933476,0.036120516643921796,0.06482092811869933,0.04716838819702873,0.04531781508859978,0.025987366738413342,0.04785736216870823,0.06851768962440591,0.08539468857677623,0.06190559339831658,0.032586184453117895,0.014375900839589006,0.02245304056119557,0.01048199706175551,0.03195203408484226,0.054756801329720384,0.03560328140270397,0.06272135240171622,0.0350420198257933,0.045952241845438335,0.052912647897507936,0.036616284447796243,0.03533813923043999,0.06006930505592112,0.03323604830209392,0.034261719038064575,0.046038958066693614,0.012362279432720724,-0.0008529088925177675,0.0496848114988796,0.050304461450273785,0.05648317955717791,-0.03541551291410677,0.02262360726044621,0.04161960118698005,0.04119903657189439,0.0,0.04711426896458204,0.05157167468377488,0.056610003115513674,0.039701570002904085,0.0500373783855077,0.02822754540747352,0.04764889325113342,0.01794136994127904,0.05888437794401913,0.025792268587909173,0.04882338117733931,0.04171781226589527,5.551115123125783e-17,0.025251252653620104,0.050034628092146205,0.054250944090981856,0.04405344112598708,0.03127715140183068,0.04629923295580307,0.0,0.039539164148599204,0.04777772760202781,0.045132632264836436,0.04514009909180716,0.050046626340234046,0.05983579732971134,0.04805425784737827
0.03475248928780922,0.08487846505507174,0.06717381342632905,0.05707450995161367,0.0588379870240785,0.055151870370334366,0.0,0.0630265192525058,0.040259649243431006,0.044768035793613936,0.06521016015904296,0.0465899207406551,0.05016027827920877,0.012789172047980801,0.04160681395455784,0.07765248934940583,0.04752887251731708,0.06574780814272535,0.06702860693810758,0.06561979644089644,0.056436681457088744,0.07644568472412672,0.07150103538057051,0.050901477726862265,0.055980032706716254,0.05805532390677676,0.06828621907165833,0.03663329464250964,0.057437879591674124,0.07056798338652975,0.0555789917350224,0.045355906152021896,0.03225451830984377,0.04810968729534354,0.01634906795417551,0.027878925398444887,0.06893933792704349,0.02894622225914678,0.033336998625266234,0.028634822120331083,0.06694503456620293,0.08547412165193924,0.06630211518966522,-0.0058273815070503665,0.02427654246382921,-0.00012604037986552186,0.05159747922121455,0.05913636039715653,0.0,0.06167860066913278,0.05591870065690352,0.06346332786030806,0.04797466745817369,0.06818491606034482,0.019955055646135422,0.09269976219418813,0.019756041617503883,0.062478591784323356,0.04235924972579597,0.04315767749601218,0.04471500413628843,1.1102230246251565e-16,9.821144344102084e-05,0.06625745083354528,0.0503433325355479,0.03264133110799228,0.029342303242545387,0.05720699083882863,0.023019649997457092,0.02524782720876584,0.0731897223127515,0.052579677067107644,0.055274051488995446,0.05432520275316827,0.0401587177869116,0.05187079891071089
0.086604811289416,0.11324646201729077,0.060566975318536276,0.02250047760018442,0.07245286673448131,0.0510470302450296,0.0630265192525058,0.0,0.07599104367914877,0.07345599525310492,0.0877680371433277,0.07811904722191965,0.079167544259795,0.0841424056125607,0.04826340698564624,0.05201210299587955,0.03211812469574504,0.08114994304796835,0.07017876652318378,0.044177209884341595,0.08408595592091667,0.09108911319185525,0.062045211570989356,0.07623531812248063,0.08314983486080618,0.08208541151132187,0.05829389786806716,0.07670281731613099,0.06579226081522199,0.08095155921127078,0.06252056686564256,0.08032062987200655,0.04741097892913115,0.05937331786142669,0.051001878989208604,0.06534269830301659,0.010502090470220382,0.04206143559322284,0.04827623189952135,0.0007381822707316354,0.023223289415471138,0.04659626474298262,0.04087417530902948,2.5686983348705006e-06,-0.00015659643198900897,0.01806101768441265,0.05124629155888322,0.027720361277660865,0.0,0.020046224307167626,0.02992952857935488,0.040324838374309,0.005075618250813763,0.04792261291162392,0.007158235667496293,0.05397828261530724,-1.1102230246251565e-16,0.03939472360944113,0.06530257816082707,0.05487772625310716,0.030064712519030534,0.0,-7.41758018935057e-06,0.026710390809130735,0.07594560819053747,0.07836694377374875,0.05539669724664731,0.04238832147066374,8.935195000420171e-05,0.04720174157043844,0.04732489520603039,0.039184899566740206,0.047712085283620864,0.0584165052819734,0.036385989943476194,0.037559169186816566
0.03617045559519688,0.061240072247589594,0.04637211228960725,0.03505918201553604,0.01872815199742961,0.023086112188798136,0.040259649243431006,0.07599104367914877,0.0,0.06400329348184552,0.03653405097631873,0.05747571785314648,0.048174699320061076,0.062004215972139676,0.0449293085515684,0.059448830367014316,0.06208784340884527,0.04242047288323192,0.01791845205453413,0.06724841739219067,0.04233900291751491,0.06898894326942473,0.05433472819808666,0.053133369834333644,0.018934654529286388,0.035896835911845226,0.02753992617457013,0.07233937593408224,0.04967833805509575,0.06717925374905098,0.051428421616041775,0.0681945507023286,0.05086789762359423,0.06016458863239732,0.05953060877867683,0.0518847156649031,0.05905120780531464,0.02910133702502854,0.058628215814239826,0.019163621678247866,0.05562315763336101,0.06427247592201202,0.06725555966675789,0.017556624798770515,0.030081829129343096,0.0,0.04467324960663377,0.031765282880112045,0.007069284288994615,0.053370008253287415,0.043119221189681145,0.05991736234442968,0.06130504738633291,0.05825770457435808,0.038648211673624755,0.09021746527922547,0.016116958820278582,0.0497608266788363,0.06854372837030065,0.041375149328731764,0.02503183284011007,5.551115123125783e-17,0.0,0.05137336983164753,0.0708100564098359,0.00702502946079453,0.0060183892320366805,0.0508306055772737,0.0007725012028738099,0.019949747206067237,0.05273830906511867,0.044219855969122146,0.05316346492796131,0.04727474607811116,0.03966178174597179,0.04520435757980856
0.04607589034801407,0.0541543541457114,0.05717044250330933,-0.015626546495356775,0.05943281707114667,0.06134730300699126,0.044768035793613936,0.07345599525310492,0.06400329348184552,0.0,0.06165355862285504,0.02508738004141453,0.04311977639294745,0.026976971527480575,-0.03830654102319142,0.03844977088240997,0.032377491984011575,0.038379281934207254,0.06270227768820902,0.016973786750503872,0.07864685242861902,0.02550684791393021,0.06216859863638835,0.010070983356925467,0.04720401792552842,0.029549137285355243,0.031940811739637365,0.023726238099494812,0.04106047707404409,0.04938021218429073,0.009817151696354665,-0.0179471186447851,0.013058979618850941,0.026111231684552427,0.03845122675763396,0.05069774357062656,0.004707110659974589,0.01200125081028236,-0.04898902423772794,0.022521220938751196,-0.02874649330137513,0.14371122419970267,-0.0500609621421762,0.0015239666452150913,0.04551658321473784,0.060826948895700894,0.031000310204013615,0.029394183625108816,-1.1102230246251565e-16,1.6653345369377348e-16,0.043713473332907204,0.013390363560277785,0.0006608444078104458,0.03166480165541197,0.05796985151698403,0.0350149846225391,0.05692488020353431,0.03617254573836992,0.0,0.0003481251879269842,0.09879030670087835,0.07660512070629472,0.08050579794547419,4.0630918941575445e-06,0.01749957451050438,0.06020056488518838,0.025020655382425372,0.052047176683622354,0.07316398351797682,0.0833273987971484,0.07876433857537396,0.008441241637722419,0.11785838049789915,0.0676871216294323,-1.1102230246251565e-16,0.050218658647836256
-0.0003119287284968353,0.00020087147480835066,0.006346719397319789,0.02012732815808782,0.04121726265560238,0.04826754897103891,0.06521016015904296,0.0877680371433277,0.03653405097631873,0.06165355862285504,0.0,0.05321549629367617,0.06808885727184538,0.07494441956469694,0.0,3.0518231305398658e-06,0.05019338114484212,0.051438003389770115,-0.009832017489671274,-1.4025778633741659e-05,0.050841163871457706,0.012480663024953542,0.07477875799605677,0.06568747506036543,0.05875840918025649,0.057969806721422656,-0.004116454644767176,0.060173615496107,0.03605240748703359,0.06860563434668421,0.05179390518403293,0.05226678668977569,0.06194383416124666,0.06110038120156269,0.05605671372452803,0.049338026503747745,0.051967108236117665,0.050096689692690655,0.04569013840552527,-0.0030800682070528107,0.049801398753345494,0.008111085875564694,0.06294216939090119,-0.00024044604133438563,0.00976318248702085,0.0,5.551115123125783e-17,-0.019287282991445276,2.4615439691177965e-05,0.09886732680656768,0.05613129459055766,0.08380604974716427,0.08107357542541005,0.09438420953437571,0.0157451304346774,0.09606578446225617,0.018887862007032352,0.07933883794675178,0.0825099610656651,0.00013918357450420915,0.0,0.0,0.0,0.21510968299103472,0.04813226209563687,0.0,0.04049750124164225,0.061052888773206915,0.0,0.0,0.009374105010104827,0.04456726073568906,0.06194655802271021,0.05082674625172284,-0.00034531358906708665,0.06260546112109666
0.04619025705813112,0.03402571432064233,0.026970126544841322,0.029717018160936692,0.05644754196305829,0.03801059502424742,0.0465899207406551,0.07811904722191965,0.05747571785314648,0.02508738004141453,0.05321549629367617,0.0,0.04970747622331312,0.0337002104931729,0.005072060604695616,0.03666407432099528,0.04230357871506507,0.0424133862868325,0.04797716267844915,-0.0027506111613416206,0.07315424669040826,0.05378175675075014,0.027350750343115737,0.01628180946226271,0.05472915298512826,0.01896146895525952,0.0166835950124255,0.046040655168745226,0.02452941866944003,-0.02161456009996343,0.03765455998135264,0.01782025222771272,0.06782490242513212,0.025148747333915533,0.027947468859065128,-0.029396738226781738,0.006125730158805409,0.012294347694355945,-0.018242444188679707,0.052156752210781976,-0.001972305574280464,-0.07231738087798706,0.0047237953603866956,0.015715204552582046,0.06257359008990965,0.10230099322840686,0.02080689558772808,0.019714674845869862,0.0,-0.00021879934527668787,0.001644272390460999,0.022469910567578577,0.0,-0.00854404798649605,0.06458907720269569,0.015034917100531675,0.06696650576963026,0.07058709525802825,0.0,0.015461072284078226,0.04761813937776177,0.07379652997285446,0.08738495200567664,0.0,0.009163715704514963,-3.1039494252815825e-05,0.020246707253737395,0.03886833125856076,0.06269279730360577,0.09464226319352625,0.08259803225531653,-0.026095159605337925,0.02254566814341763,0.0037962020703399824,0.0,0.05230313762849331
0.05326371984317696,0.08332507943062095,0.07468115099360007,0.06961079294626743,0.07603692392817535,0.036971107906933476,0.05016027827920877,0.079167544259795,0.048174699320061076,0.04311977639294745,0.06808885727184538,0.04970747622331312,0.0,0.0024627259797274093,0.09398762102273289,0.08160585322851749,0.052751874188008696,0.06974603051694356,0.07625308999762925,0.0691413351323778,0.09299675015044406,0.07674956906091046,0.08402670678209923,0.05025440438377454,0.061575987096949336,0.05765105625245642,0.05945873191953904,0.04200342408693902,0.062273265421740664,0.07111001102240105,0.05624857924263715,0.05579326243744698,0.050973972185673566,0.05833086638032281,0.0621593615031133,0.03635296230087348,0.048321920668354446,0.043137944522918414,0.06098506770386197,0.031987627763433446,0.03287791659530348,0.06950340199441973,0.06450447951401139,-0.009573525739079713,0.02227828134811355,0.006402222584640238,0.05525409810588211,0.053640001675051674,0.0,0.05939922405747644,0.06255052051944388,0.06546937127658026,0.06384960673209611,0.06462598599565372,0.008850007788137049,0.08699967401234904,-0.05917005034232159,0.06712527072988561,0.011663564806517479,0.09708784653502323,0.039769970684587874,0.015386977870543717,0.03435229413526253,0.06328158409501372,0.06818907045619899,0.043192251597883924,0.0495570360634206,0.06125119447895089,-0.008631426972913248,0.07423030069086728,0.07836481074896773,0.06210747779743997,0.06241686040309391,0.06496329706190501,0.06374904608181331,0.062334893950400816
0.05336423627095671,0.0,0.05863867736960571,-0.02789769740385506,0.03505622833272648,0.036120516643921796,0.012789172047980801,0.0841424056125607,0.062004215972139676,0.026976971527480575,0.07494441956469694,0.0337002104931729,0.0024627259797274093,0.0,0.006512422454250988,0.0,0.0,0.0,0.05679449929420466,0.007579465035238986,0.03934042468300869,0.008569119354688293,0.07786379115893338,0.09641801737460243,-2.402958461106275e-05,0.06879585902094026,0.05053700279324824,0.011311973102227313,0.032340723877625266,-0.00013803007300366987,0.0643606353299424,0.002418722648709404,1.1379655877663541e-05,0.01812450654680331,0.0471754139430709,-0.00870142954986125,0.0002874925265190509,0.0869671115600395,0.007297515145072819,0.0,-0.03473439767683595,0.0,0.022439941083470583,0.0,0.0,0.0,0.0,-0.0047414904493298105,0.0,0.052344854188731416,0.06876381170503226,0.04087730293593006,-0.0006092697789908952,0.05212421087035268,0.0,0.038434641382514234,-0.000455381891649731,0.039620975043702156,0.002361881251418285,-5.551115123125783e-17,0.0,0.0,0.0,0.0438508999427627,0.0007254544864246926,0.0,0.0,0.032646720064908874,8.955929722553879e-05,0.0,0.0,0.039992813882938294,0.057592639024560466,0.008214391360677531,0.0,-5.551115123125783e-17
0.041619486172734255,0.06024287703535647,0.031124817555405415,0.0075779901975633335,0.020156852067460485,0.06482092811869933,0.04160681395455784,0.04826340698564624,0.0449293085515684,-0.03830654102319142,0.0,0.005072060604695616,0.09398762102273289,0.006512422454250988,0.0,0.05606557222185349,0.043209398798136234,0.05902845032472909,0.0,0.051148526188313725,0.03705494547426558,0.05966806363229987,0.06710657352148669,0.0432984049482521,0.04815004475970519,0.04502661738509911,0.06485964764372237,0.06429528215110297,0.03593720444409593,0.045422935552537014,0.042078494888858786,0.03788246248462962,0.0800197241317741,0.04415953604226103,0.03912249548525115,0.025332747233117292,0.014433371625440339,0.003270029665392915,0.048422396033237614,0.059606692705134245,0.03878889184959583,0.040454083955322906,0.055500305192195065,-3.1221865880781685e-05,-0.008696442957289607,0.016912519746807964,0.04389607480319374,0.05486490977536507,0.0,0.0,0.051841637029440446,0.04601574469187786,0.06237605259981305,0.04947620855532975,-7.798279667664554e-05,0.0,0.01366998514505352,0.034559054311469495,0.0,0.05613791946854979,0.0465234912595241,-0.0003198694544704339,0.050440067726033155,0.0,0.05728767670734647,0.05479236011924882,0.03868145772826703,0.06144352882867027,0.013966688837270924,0.0534058486463333,0.05086437985290848,0.05930391474916202,0.04511923413266222,0.05908446175166249,0.0638776535749202,0.036455857883413156
0.05661324013888824,0.0429496674189665,0.05081097393331574,0.0,0.057088049367863714,0.04716838819702873,0.07765248934940583,0.05201210299587955,0.059448830367014316,0.03844977088240997,3.0518231305398658e-06,0.03666407432099528,0.08160585322851749,0.0,0.05606557222185349,0.0,0.03749088309891924,0.026352054312946405,-0.0008371010629301678,0.036843903191715766,0.054747899513954035,0.020456272545688214,0.06802120930537137,0.06205754229689836,0.06040032936223638,0.05259758098028766,0.0612463093749116,0.07720783999700187,0.06020359146302806,0.054872941921511376,0.02742504042622418,0.02723548141077825,0.05721442605516586,0.04077110543614759,0.0313670499659377,0.030350400320525883,0.00425379298426154,-0.008528703362670198,0.044819724849432196,0.06579134870895598,0.06257607767924522,0.08441257780117722,0.018658622335442132,0.0,0.0,0.0600234997505657,0.04522782163996558,0.0,0.0,0.0,0.039692153027743204,0.02882423745972368,0.025586040180235636,0.0,0.04445944799119561,0.0,0.04125059664453362,0.03483286526193896,0.0,0.060058188620926656,0.05933812181418857,0.04733081200082173,0.06886740266555752,0.0,0.060645662958412616,0.05549762430545668,0.04419851503359129,0.08053006669500284,0.07293101476160319,0.07199682743919228,0.06443271540181345,0.06106862540939206,0.06145805854711894,0.0780314449913816,-0.0001295613572031007,0.04743958302901491
0.08122363490513462,0.060597648597420006,0.04942814593541639,-1.3717807531510307e-05,0.049918708513822574,0.04531781508859978,0.04752887251731708,0.03211812469574504,0.06208784340884527,0.032377491984011575,0.05019338114484212,0.04230357871506507,0.052751874188008696,0.0,0.043209398798136234,0.03749088309891924,0.0,0.034035585564066106,0.05051055667889326,0.037488802137029875,0.04121045170903259,0.04497265556511515,0.05977884424628266,0.04845135069673817,0.028319598638701537,0.05808757151019667,0.046354682665977476,0.03683981921041152,0.04214641925711493,0.03982705575292794,0.02294313965858452,0.037016877094722234,0.04363997503032002,0.03994629341441158,0.04911384424215609,0.037240351809866346,0.009921490877952355,0.02988980952144249,0.014749715220911785,0.04132576086058021,0.07418898569495835,0.04126455735184226,0.0,0.0,0.021435906224918366,0.14892940737783583,0.031054101725271233,0.0,0.0,1.6653345369377348e-16,-0.0002457214490114712,-3.637531424161011e-05,0.0,0.0,0.061690051452912065,6.455641829256065e-05,0.07142080688890112,0.018645991277735252,0.0,0.0,0.04056682850198329,0.06502353093713159,0.0699160126386591,0.0,-0.00012754204053672114,-5.551115123125783e-17,0.041334584593811674,0.031566776693192966,0.0956898518266428,0.07486035136518088,0.07441437532130823,0.0,0.027672562994531746,0.019014063832004047,0.0,0.04016844878338177
0.06872313278109027,0.04807697864332311,0.03439355313556258,0.0,0.050154214144314146,0.025987366738413342,0.06574780814272535,0.08114994304796835,0.04242047288323192,0.038379281934207254,0.051438003389770115,0.0424133862868325,0.06974603051694356,0.0,0.05902845032472909,0.026352054312946405,0.034035585564066106,0.0,0.0860115600309248,0.05319189588262696,0.05721900440881278,0.047592229150629495,0.061571195028939374,0.06993670817125208,0.05930360522258604,0.05393004162437465,0.05369016023019896,0.060026906672303204,0.06713204197339767,0.07285213768955223,0.035890026841646605,0.03512971389668329,0.04998465855684042,0.04864415590584498,0.05348152884197588,0.06043952895209437,0.0,0.03430611293579283,0.06914374526510236,0.0689687957700178,0.06571545137668627,0.08105717848246397,5.551115123125783e-17,0.0,0.05119588135871611,0.07442783622831639,0.052548256893076906,0.0,0.0,0.0,0.040575920787606745,-3.416017326146603e-05,0.01669884534818511,0.0,0.0678239545522914,0.0,0.06832463626834484,0.0473116950074971,0.0,0.06228567448249506,0.06865416473300989,0.06692561459392887,0.0657364043110476,0.0,0.07199895865041661,0.06548607401024359,0.06032730896660626,0.09204331592884646,0.09000029390096775,0.072216219813723,0.07378014246175019,0.09467935361700713,0.04255448614333068,0.07339162837103913,0.0,0.05055674436978497
0.0,0.03173666377682016,0.015723874539724514,0.015114924777174465,0.032333409733970364,0.04785736216870823,0.06702860693810758,0.07017876652318378,0.01791845205453413,0.06270227768820902,-0.009832017489671274,0.04797716267844915,0.07625308999762925,0.05679449929420466,0.0,-0.0008371010629301678,0.05051055667889326,0.0860115600309248,0.0,0.007316068234293205,0.016766789687499506,0.05065355551608519,0.0726376352101461,0.039141177315776265,0.058235826325830575,0.026403640893195357,0.03365857922370363,0.07018028430598644,0.055238954287717856,0.07726122348111719,0.05333052144378547,0.06110359288139999,0.03494712237491959,0.061881940254415624,0.058507404698892596,0.03832349406344149,0.03468521069969016,0.04678234048760471,0.055200059318623484,0.03185892045978084,0.04962399832574671,-0.002312027144576456,0.06562814232408731,5.551115123125783e-17,-1.6653345369377348e-16,0.0,5.551115123125783e-17,0.031642175932225125,0.0,0.0649668353252173,0.056594440351037,0.06674271540400079,0.07542056606502001,0.057197476879218834,0.0006788897855908305,-0.004020518190684774,0.00023408109960459944,0.05068331055968678,0.08191294998297483,-0.00040383174952851597,0.0,0.0,0.0,0.06517167809257918,0.05506289690757127,0.0,0.00575040848584879,0.06396742647472198,0.0,0.0,0.00520330781130135,0.040635131239012745,0.056968557087925475,0.03909167849437223,0.0008746266519648049,0.051172965808832016
0.052183761796554595,0.0619710125035795,0.06875002999684499,0.03868760455282627,0.07051849579365055,0.06851768962440591,0.06561979644089644,0.044177209884341595,0.06724841739219067,0.016973786750503872,-1.4025778633741659e-05,-0.0027506111613416206,0.0691413351323778,0.007579465035238986,0.051148526188313725,0.036843903191715766,0.037488802137029875,0.05319189588262696,0.007316068234293205,0.0,0.05871320321755341,0.035137533668796406,0.04895833041077008,0.07510779167258264,0.05329012414070866,0.04239955162729975,0.06331487032546712,0.05458396650279951,0.04668254330049704,0.02880439621970793,0.034527961570864296,0.018971122331004397,0.050787753994553264,0.037823227589042385,0.028951496515711717,0.006221260542958018,0.003078970673672965,0.0011709587919031539,0.05733974724455165,0.03343205657678139,0.048226565236864416,0.049579798048168644,0.020830597958961805,0.00031924040197695014,0.02848571420168461,0.03833036830415054,0.0407945220298061,0.07037023176309526,0.0,0.015403351503906482,0.05381282828271644,0.055665835770381034,0.0829380813638752,0.05561884287419533,0.004664460531976666,0.11284337051952392,0.011942545162842044,0.05271296013924226,0.0,0.06086849995801852,0.053055606010410095,0.0046800667171488786,0.05185204697158374,0.009602033342608562,0.05344021113285624,0.05562713982220013,0.041578361514837014,0.06970147250873837,-0.001452282216126255,0.05702270490207556,0.056373676868851474,0.06579928993246759,0.05469113606826814,0.05438550669137582,0.05400777883732388,0.04930412516090871
0.08652618303976967,0.05185840461329261,0.0349243066105695,0.00027008666792127656,0.03088306837785154,0.08539468857677623,0.056436681457088744,0.08408595592091667,0.04233900291751491,0.07864685242861902,0.050841163871457706,0.07315424669040826,0.09299675015044406,0.03934042468300869,0.03705494547426558,0.054747899513954035,0.04121045170903259,0.05721900440881278,0.016766789687499506,0.05871320321755341,0.0,0.04514053435115878,0.06139860346949255,0.07415210694348434,0.06461223544359734,0.05361308101184553,0.07696264600385,0.06910388143286023,0.07024113600784643,0.06840634925053335,0.05423170438766989,0.0490284639693675,0.07521355744470903,0.0428943818640537,0.03524331404022196,0.046250216549687306,0.016043945951083327,0.07297133682008627,0.04113577804708074,0.05133467368079914,0.032300542514841823,0.044590989891505894,0.029564805606629496,0.0,-0.0004891339682435714,0.0229857339234546,0.06295095895232228,0.00022960810940297893,0.0,-4.399071613686578e-05,0.047319227418138876,0.02783775437606767,0.09387046146919203,0.014107589296402767,-1.6244075834948024e-05,0.0,-0.006713480044121478,0.06600357085439057,0.0,0.05528219285668717,0.05559002491048948,0.0,0.05588710073448794,0.0,0.07058455562356064,0.05627165070389972,0.047040171308747214,0.06895652551683068,0.04233714757596707,0.0681642362564433,0.052395101902771524,0.07634171817491042,0.049788365406150115,0.06390192277436635,0.038449003748595,0.046563480720086814
0.041580658198075215,0.049880122763557744,0.06913081860958159,0.00865903273217783,0.0731070648872788,0.06190559339831658,0.07644568472412672,0.09108911319185525,0.06898894326942473,0.02550684791393021,0.012480663024953542,0.05378175675075014,0.07674956906091046,0.008569119354688293,0.05966806363229987,0.020456272545688214,0.04497265556511515,0.047592229150629495,0.05065355551608519,0.035137533668796406,0.04514053435115878,0.0,0.07354502390478579,0.018281499532375456,0.05093732578984328,0.04103026011286781,0.05660509231111921,0.06471614054786279,0.046593822021225195,0.0264640341280854,0.02903388501059373,0.04013956525208856,0.0718229494133743,0.04632274820196586,0.03825299339767074,0.034164806375753254,0.03803272023518378,-0.004306604247255985,0.04342997824409478,0.04454192154901704,0.03273168564654322,0.03779989012973789,0.03577669721879917,0.0,0.0033149166187720347,0.05231046012632057,0.024659265627126004,0.04741021590621386,0.0,-0.00038773145321457925,0.03826085399845558,0.03789849849890353,0.03777871580448583,0.0375669016127812,0.03252090877634278,0.0,0.020270164235235255,0.022315353991667286,0.0,0.050209239029590846,0.0304640051051544,-0.006368870581455133,0.05242231411789339,-1.1102230246251565e-16,0.04711027786056504,0.05695160498880153,0.02671168031300597,0.06517859564117179,0.018714187363060353,0.04300960202478765,0.04164069450366481,0.05233557137295447,0.04945239324495987,0.05091152953227229,0.05105133841178666,0.025805057433834877
0.08744402333154433,0.0670596109794922,0.05107812921450211,0.03932285407006497,0.060148813880083196,0.032586184453117895,0.07150103538057051,0.062045211570989356,0.05433472819808666,0.06216859863638835,0.07477875799605677,0.027350750343115737,0.08402670678209923,0.07786379115893338,0.06710657352148669,0.06802120930537137,0.05977884424628266,0.061571195028939374,0.0726376352101461,0.04895833041077008,0.06139860346949255,0.07354502390478579,0.0,0.08519549453689285,0.04433512127339634,0.06060258878408009,0.011314027662759407,0.07486481252545069,0.07002699938884532,0.07625598308069986,0.060282527846744705,0.06344861227927895,0.06108960391839097,0.05944690824783988,0.05576144145192019,0.06311977548516168,0.05060191410589637,0.038245600959995574,0.0413652136410404,0.07158027552115698,0.045745875212169884,0.04622117974276574,0.04587977283167255,0.05057528397271749,-0.018402069271877874,0.0751414022804322,0.06265300249530947,0.06280294813638077,-1.369653047395003e-05,0.04409329513328908,0.04569890933069165,0.05122830317982907,0.03307091054565947,0.047619218783538364,0.005626385474182205,0.07413677853008693,-0.024117962756545097,0.04991324623957005,0.04796546893386938,0.06117503590162482,0.058487195722475904,0.011557319296469193,0.06527042981222408,0.0762124303386329,0.06852289399298583,0.05918397205104475,0.048619352853492614,0.048933000742770516,0.00926016655884887,0.06476672542575579,0.06962790426851068,0.04896771779151765,0.05055397366241976,0.05899000040469954,0.05754635101629657,0.05265198125615933
0.04774967018357623,0.031880663812842214,0.0017423293940033169,0.004873093218960178,0.037190538690958064,0.014375900839589006,0.050901477726862265,0.07623531812248063,0.053133369834333644,0.010070983356925467,0.06568747506036543,0.01628180946226271,0.05025440438377454,0.09641801737460243,0.0432984049482521,0.06205754229689836,0.04845135069673817,0.06993670817125208,0.039141177315776265,0.07510779167258264,0.07415210694348434,0.018281499532375456,0.08519549453689285,0.0,0.0658083879442472,0.021270375193789604,0.05339419200637907,0.03384213496788546,0.10487633782489247,0.06613983290482228,0.037077123917674426,0.012576737423436735,0.03449986256138721,0.030901572436840552,0.03676699774604708,-0.057249384200630915,0.0008690941024946386,0.029757734507542877,-0.0030587387630623963,0.03810257581334581,-0.02296839175475862,-0.03354000692712744,-0.004331716567384014,-0.0005625527526590957,0.004524329787547243,0.03820472358936189,0.056847981108689494,2.9379496228720825e-05,0.0,0.0,0.0269965808201742,-0.011916035634580546,0.00023028909086553195,-0.01908601586673203,0.06639403846773462,-0.00013318302460674225,0.04648417052980991,0.0018701227989397773,0.0,0.028936055029036734,0.06827840002517982,0.07399238338407427,0.07708633367943751,0.0,0.011637902649564547,0.08831492139175706,0.02971341653123133,0.024351664462701705,0.017065811056557523,0.0780759244726093,0.0631279688351562,0.003327569251204643,0.11155649259087524,0.02581898996520582,0.0,0.05623825289653683
0.05473589965093706,0.035407320329114145,0.028759622987682476,0.0,0.07684917225120241,0.02245304056119557,0.055980032706716254,0.08314983486080618,0.018934654529286388,0.04720401792552842,0.05875840918025649,0.05472915298512826,0.061575987096949336,-2.402958461106275e-05,0.04815004475970519,0.06040032936223638,0.028319598638701537,0.05930360522258604,0.058235826325830575,0.05329012414070866,0.06461223544359734,0.05093732578984328,0.04433512127339634,0.0658083879442472,0.0,0.04879116490560176,0.03571544995182324,0.06022680576981354,0.0560677651579769,-0.04699988562042734,0.03462277773790379,0.02390170952400733,0.03823895898017693,0.03871443581759021,0.038088301251762324,-0.0058057087943915175,-0.00043880979267885145,0.029002734774825567,0.056483104563278375,0.061493183286656816,0.05989377156932746,0.061981861051030096,6.470494242860614e-05,0.0,0.028632657332258893,0.0679075494373082,0.0491924367805443,0.0,0.0,0.0,0.04301334343863156,0.044421600338530653,0.04667877771533979,0.002729607320342109,0.07280003229585896,0.0,0.0721243211754215,0.03875127891581576,0.0,0.044098261076894296,0.05410830081264845,0.07544125534295892,0.06376193737100105,0.0,0.051324257253817784,0.06738237444549489,0.048390307180352254,0.06882881543977432,0.09136768570056092,0.06737357841657321,0.06914559920513541,0.07221001502782654,0.04581328781126204,0.054820770934113416,0.0,0.05097563260623633
0.046603738410892714,0.041457664532047966,0.034936616041106816,0.0005325917355530896,0.050596638359066526,0.01048199706175551,0.05805532390677676,0.08208541151132187,0.035896835911845226,0.029549137285355243,0.057969806721422656,0.01896146895525952,0.05765105625245642,0.06879585902094026,0.04502661738509911,0.05259758098028766,0.05808757151019667,0.05393004162437465,0.026403640893195357,0.04239955162729975,0.05361308101184553,0.04103026011286781,0.06060258878408009,0.021270375193789604,0.04879116490560176,0.0,0.042295860783382544,0.04521680953258339,0.047771423573778504,-0.02324435630424765,0.03453898267875061,0.034783134454852316,0.04922760581935065,0.04206126798618559,0.034690854056036724,-0.0002267217790291043,0.02043554712523732,0.022352345692782383,0.0516283088258489,0.05666213209941401,0.051039108974920255,0.052176071577392125,0.030126017014725393,0.0,0.04401305621582652,0.06251708372699538,0.05679161494407714,0.02602842648544723,0.0,9.727748619192678e-05,0.04994549839514412,0.054918705755321984,0.010721776255989524,0.04872602967845274,0.06634857161077273,-2.976810927746154e-05,0.05712415023154205,0.047030611556194535,0.0,0.03694238123958293,0.060227607434333585,0.07182299912121509,0.06730960513850909,-5.551115123125783e-17,0.04090943989931872,0.048621337599362935,0.03731689435402036,0.06962837744136319,0.07361311158031103,0.07081535392825211,0.06263738833277194,0.05091472130282315,0.02437113431697363,0.050761470155470334,-3.184875772505036e-05,0.050333042036122044
0.06622690064601677,0.06335504268644132,0.007060096324356835,0.05228606641284439,0.03367129513924216,0.03195203408484226,0.06828621907165833,0.05829389786806716,0.02753992617457013,0.031940811739637365,-0.004116454644767176,0.0166835950124255,0.05945873191953904,0.05053700279324824,0.06485964764372237,0.0612463093749116,0.046354682665977476,0.05369016023019896,0.03365857922370363,0.06331487032546712,0.07696264600385,0.05660509231111921,0.011314027662759407,0.05339419200637907,0.03571544995182324,0.042295860783382544,0.0,0.06047907714186196,0.06287687206333697,0.06350133116518414,0.04408668066111332,0.04282548624504984,0.06801885733988627,0.04189209910597774,0.039882915603642044,0.05601310532485054,0.032540698851191874,0.027297143713491234,0.05020196011625094,0.04893879498610332,0.04938943743364621,0.04489641990057014,0.05519074431202625,0.041849464288272076,0.019278387567103206,0.06220307276143344,0.04435471990672657,0.04999621229806017,-1.6653345369377348e-16,0.04290669130595237,0.043942603888809884,0.04741290213864702,0.060311545134771494,0.043548914836436636,-0.020323104032125006,0.0486088377958116,0.018119010025953397,0.05224010768533249,0.050080837679890244,0.059957503027345094,0.046889783335036905,2.9889509549407833e-05,0.039158852613073614,0.036026938471393044,0.056475194437681675,0.06527914626713321,0.03638842010169835,0.054691882292549066,0.01673212931982182,0.04960366237407876,0.06098780123956854,0.0566442982383879,0.057296144938159155,0.05998696281446092,0.060590078424428095,0.05181484780918666
0.07095851138405068,0.08526278268190574,0.07159927062237476,0.02197877374542223,0.06980891270303358,0.054756801329720384,0.03663329464250964,0.07670281731613099,0.07233937593408224,0.023726238099494812,0.060173615496107,0.046040655168745226,0.04200342408693902,0.011311973102227313,0.06429528215110297,0.07720783999700187,0.03683981921041152,0.060026906672303204,0.07018028430598644,0.05458396650279951,0.06910388143286023,0.06471614054786279,0.07486481252545069,0.03384213496788546,0.06022680576981354,0.04521680953258339,0.06047907714186196,0.0,0.07151568702127548,0.03573009602868743,0.03221514594468655,0.050770348555620126,0.05396601459203909,0.03875677773946218,0.03063563229817018,0.022300854116906577,0.06712029320576735,0.050809290437852705,0.06622099018282962,0.020493029935344687,0.03329578093584229,0.06751657230625341,0.05514549565865551,-0.0049576550259938235,0.023593698694894305,0.0006577528965867607,0.06062316746375601,0.038061634896902174,0.0,0.060379853981121334,0.055888087359089345,0.06277824066847082,0.0658655653988075,0.051376846831234,0.02723067469629331,0.07765827189153729,0.026619298961362337,0.06239407717530521,0.005123472109410776,0.06220194266900725,0.051036906026315165,0.026499483283941194,0.04279446946371773,0.050453454602198744,0.05058999859609831,0.06051918710037968,0.03480726495630482,0.05865389051268488,0.026891182565046412,0.07454122004916602,0.05451682944260372,0.058902830184050514,0.05694297224797362,0.05248228553789941,0.04162213697829653,0.04856471526424211
