0.0,0.024457141596459342,0.03269348703178565,0.0,-0.00022418975797711127,0.004577689511984728,-0.007801579294610728,0.012468523038347556,0.032795987759278555,0.011904602831037003,0.0007708044635800215,0.018142418343694233,0.004845857399114639,-0.009680776837456329,0.014469803111826496,0.026901639964625024,-0.008286002704204654,0.010134218333667844,0.0,0.009055482903501166,-0.0021222550790984673,0.017915658037101823,-0.0024726114827474666,0.012827012361869727,0.01876934740902847,0.006570962084649079,0.008065140266501458,0.02254524842724076,0.02144145140980752,0.04729004076468657,0.010290394121527546,0.028096250062851713,0.007965089867306097,0.013287815575710793,0.029792945317160202,-0.006603447464010037,0.0,0.027628407862789528,0.01727493536214475,-0.02638231167974253,0.0037513093733432257,0.012456619109170952,0.0,0.0,0.007511684340462177,0.0163023350075292,-0.0033932825030343894,0.0,0.0,0.0,-0.014295585118826726,0.0,0.021518725973812658,0.0,0.00648800443774844,0.0,0.0008279999434930296,0.016784758794853194,0.0,0.016087985232896174,0.00955586551508053,-0.05165602919030998,-0.0002741281440670207,0.0,0.029358143935793335,-0.001912808238832553,0.011349069988493332,-0.007586587060802841,-0.04083784058706813,-0.002852581007503796,-0.01062845156868758,-0.03100851112656,0.0004740122609614983,-0.002022849505156632,0.0,0.0007908534685085455
0.024457141596459342,0.0,0.011420896457671859,0.0,-0.005318366822222087,-0.012806871599882752,0.005242487256854778,0.018445063857608524,-0.020778727251251572,-0.008857828382078659,-0.0008687742905735818,-0.034040576808520906,0.005843242777163082,0.0,0.00958550396328911,0.022727465815588488,0.006032653343582717,0.01243653475903228,0.003256445281337339,0.01043746491530878,0.008157465060696312,0.019251774408457156,0.011522924396507317,0.012662343623167094,0.013441533064886768,0.026608220893298506,-0.004415314842888873,0.0020646229376881098,-0.009226966578626039,0.01953769124871685,0.004579814100515001,0.018665261819713952,0.02590914917324022,0.010110912765629476,0.030995979254338946,-0.02294221694473797,0.004721419104516067,0.0006143665095334483,0.02194167261344565,0.01855997641470164,0.02715296663253569,0.028966031615348997,0.03422207876532857,0.0,-6.73096204924506e-05,0.0208689014046477,0.012727774891879373,0.009626657075622602,0.0,-5.551115123125783e-17,0.009339461752623734,0.01142579060575194,0.038036626103764015,0.004091312284034476,0.011130584193551951,0.0,0.003647147827445296,0.016227598686985256,0.0,0.023453890423456747,0.027719791436051577,0.004993972300536498,0.015086202665181125,0.0,0.019122592147795103,0.01410928133434558,0.010436811100725585,0.012377173226036653,0.014634172097207465,0.017619820839246736,0.016414489527712517,0.007391729733052188,0.03694417066668959,0.02394808219946265,0.004003808897244554,0.02641038217863939
0.03269348703178565,0.011420896457671859,0.0,0.07716978487261916,-0.0047540221866913535,-0.005865469143650881,0.0012038802467769782,0.015980308187893588,-0.009986984056510717,0.002057308187628226,0.04554301447796577,-0.022331698563440416,0.00582199429249014,0.04008675349348828,0.017221780877249182,0.00040599944691099843,0.017486049627097267,0.017881097994293715,0.026863992492367372,0.012779686671606838,0.01623772664303552,0.0032656727409823283,-0.0029291894265456864,0.025673024954692314,0.02358633917478764,-0.005127966449050392,-0.01316551929961629,0.0048484815198249764,-0.011458805254737858,0.004234460796621431,0.0013346160195460977,0.012010203192611535,0.03555994012885494,0.004309163819673334,0.0030577953495395382,0.037269401525935275,-6.675971860053975e-05,0.0216029130929567,0.0005747196380861963,-0.0028807167697064706,0.020750836229063707,-0.003133598741730026,0.0170288426680415,0.0017171564753513668,-0.00023448771157202897,0.0,0.005161636182680396,-0.0036148314518120728,0.0002919753255133939,0.030566664806097377,-0.007581746662042366,0.018524983422697483,0.0004580227643382617,-0.017169608507903833,0.0025335291555290684,0.12117869310192708,0.002552935266748213,0.006399855380249453,0.049407359271493645,0.011662370916831089,-0.0005120020390496638,0.0,0.0,0.1865380563701593,0.019595579692932408,-0.0012555121867848795,0.01093448794427232,0.018813698686292124,0.0,0.0,0.013140822186848033,-0.004128694640379682,0.010789997102310767,-0.016551917529920135,0.00931924051364419,0.016619798433577748
0.0,0.0,0.07716978487261916,0.0,-0.02833505876368686,0.022600661997191074,-0.00841874963867989,0.030591207856006053,0.03344521999208211,-0.02335429313348031,0.03202916855537008,-0.013342820078188988,-0.004447927797396334,0.011178276399987752,0.004245455512015606,0.0,0.00021323215162633025,0.0,0.020947557928714722,-0.010095480636069798,-0.0003599085476008179,0.0044764794613804115,0.014604731845246521,0.007273924583581448,0.0,-0.0022934524264161538,0.024687807326441547,-0.05212731567243717,-0.009166242658429413,-0.00020703443550529332,-0.022791709381692005,-0.004114553334384319,0.0511166638290681,-0.0432653792993144,0.03389484596436454,-0.003887500741311112,0.026717359514905864,0.028335149121182124,-0.000992401632276707,0.0,0.000805640025301313,0.0,-0.0004587395705409336,0.0,0.0,0.0,0.0,-5.771462531334315e-05,0.0,0.0,-5.691993531053985e-05,0.0,0.0,0.00013511736943427888,0.0,0.00013832607856933965,0.0,-0.00010171639852940562,0.0,0.0,0.0,0.0,0.0,0.0,0.0,0.0,0.0,0.003167274068137438,0.0,0.0,0.0,-0.0021384718199508046,0.00013243865124012988,0.0005208980102694438,0.0,0.0
-0.00022418975797711127,-0.005318366822222087,-0.0047540221866913535,-0.02833505876368686,0.0,-0.004832017993913973,-0.010051269344952929,0.020577258397979248,-0.014925913244547784,-0.0014961256914921561,-0.012012321618280142,-0.01957090683946433,-0.0017208329641258957,0.009373279602422346,0.009672933403244988,-0.0001315321965381644,0.002811892670632754,0.021977298660506073,-0.005729527150415359,-0.010420197880470217,0.01083830485362719,-0.019629911331817074,-0.009875853979025684,0.029850778460313365,0.03163588900590181,0.002808651090431269,-0.018444432199215377,-0.042833730995894326,-0.00670280896433062,0.0017653061596492048,0.009969565642284184,-0.0048601032024663815,0.007788611464720485,0.003984588658665245,-0.015515228520069924,0.017594004665479113,-0.02417365571474378,0.014296094820219984,-0.02427718363246162,-0.06672092285011993,0.006464579912895396,0.005552785074017075,0.005654225811788649,0.00014206483550893712,0.00909690186879536,0.0,-0.0031418140796234395,0.02854208690208271,0.0,0.020676001644558295,0.001713765570007686,0.015559000758651131,0.009544036000163847,0.02877204782724252,-0.0003850526844892954,0.03543519702860409,0.012968202737827894,0.025361046205246596,0.02691976846419908,0.002936725607253665,-0.0005354495072317222,0.0,0.0,0.036171561794260176,0.015221155290566724,0.0,0.002203576663734552,0.012340898144673984,0.0,-0.0002661745439789809,0.001256786428793677,0.006647848843790882,0.018358666323152972,0.015426405825903211,0.01176124047764826,0.01970923926480883
0.004577689511984728,-0.012806871599882752,-0.005865469143650881,0.022600661997191074,-0.004832017993913973,0.0,0.004598532618774964,-0.032337273737932604,0.005721289142775143,-0.009890046711610923,0.006995697539343204,-0.013899029158288945,-0.00039241596311034854,-0.006993712710297528,-0.018302002412182716,-0.015789803071639352,0.002473096481809378,-0.013430211657824598,0.016403058062129605,-0.0040547988634239696,-0.01733760633191833,-0.0137002989169282,-0.00997700384029715,0.02554549108571913,-0.009058586597111451,0.006363796148285361,-0.02084311426095592,0.01681827793133467,-0.007417927363280341,0.009511845043074507,0.001125635766737243,-0.011593766269020811,-0.008043923188189028,0.004793881502818398,0.006141454958369041,0.0008152122502115278,-0.004690432950735124,-0.0009114693109757988,-0.003306138794319513,0.010588071423923984,0.014884051881748572,-0.00868688500943604,0.015645600564073103,0.01811995842602032,0.012551094127826679,-0.0011161474369941748,-0.010466926830424828,-0.002330610867239291,0.0,0.0012201647913677727,-0.017633174790515516,-0.0005142099557862156,-0.044163216928616966,0.011414952133409928,0.012061787087486175,0.01062794871529904,0.009337309874977107,0.00032360976749490344,0.016359300104074215,0.005720012991555445,0.00758906756726474,5.551115123125783e-17,-0.010752792190131644,0.01883187255549046,0.006813287687075453,-0.007884484678656822,0.02314975306358713,-0.0176121740333669,0.0,0.0038698412325201548,-0.005721008297570385,-0.028718265844510316,0.0006304524411244739,-0.0025040694420646603,-0.00439667895143514,0.015272750007244706
-0.007801579294610728,0.005242487256854778,0.0012038802467769782,-0.00841874963867989,-0.010051269344952929,0.004598532618774964,0.0,0.014723892899448365,-0.013231659530152207,-0.01863970423221195,0.03566641851715385,-0.026678512406638988,0.025308349256569718,-0.008393465242597542,0.00601952471487277,-0.004915918699586186,-0.0069978246748346185,0.00039602047997605583,0.0021133270691733874,0.0085873198331326,0.0008637185257701074,-0.016404615764142705,-0.00048093100433921343,-0.0006149052749387374,-0.0008313712309660493,0.00410416873988706,-0.007133950635106745,-0.016087999940138653,0.015528877985076739,0.012278212820841738,-0.010578583476630543,0.011682476181382795,-0.010850999251109328,-0.009685945556818454,-0.028273787441909393,-0.000944975856628838,-0.042372420980451464,-0.00968911168786718,-0.009600958816230298,-0.07976286681158118,0.01682517935369221,-0.020275312538662216,0.023086067041556246,0.0014203668301068784,-0.018295304074355645,7.472002670888545e-05,0.0070276191491639994,0.029358754813138654,0.0,0.014067369637888794,0.010698875301108801,0.026728659009079614,0.009891090048907203,0.034986612584066434,-0.015869336613930862,0.03759842768539856,-0.017045357748703638,0.021670139426375967,0.010829327860459814,0.024814828764153307,-0.008066479140140137,1.1102230246251565e-16,-0.0005045563777182904,0.047113224912115004,0.01901615508206317,0.01528388057928981,0.009780039920611827,0.015841038476933855,0.014864720707423118,0.0015157628265035639,0.016083388007427146,0.0050898338077423055,0.02576429278602488,0.022061442594931036,0.018865794659415625,0.032784826849189264
0.012468523038347556,0.018445063857608524,0.015980308187893588,0.030591207856006053,0.020577258397979248,-0.032337273737932604,0.014723892899448365,0.0,0.004432917931623648,0.019106003125064663,-0.004043329654364158,0.02504425455102033,0.006889516216168234,0.02597273166605285,0.066078644233381,0.03003370193059096,-0.005118608632257271,0.02152353420831271,0.028197724805195612,0.001359358067180183,0.005849560249769903,0.0052660923094988155,-0.012913629639798863,0.02699626853189352,0.022597583735910365,0.021346692345711404,-0.028464676172032355,0.005253070788607983,-0.014547804171762435,0.013592589687490164,0.0024869723654377673,0.018986584145903374,-0.012233008446668026,0.014045866507819194,0.016687405280743695,0.04260760213501269,0.003400050236457619,0.047980870846901114,0.022282949356910664,-0.003873576106901422,0.014765246560555445,0.021689777836637614,0.03147858485368149,-1.3196559197958813e-05,-0.009180230079405438,0.008977794516637327,0.021526591125286654,0.001024332037548481,0.0,0.002180933709792554,-0.05075904032777995,-0.012249941952469978,-0.05456570619899648,0.025633768334337725,0.0030444645972682594,0.029715522801647076,-1.1102230246251565e-16,-0.010615148685721332,0.016889842296668844,0.007256744907299273,0.0060398932613671685,0.0,1.248603765141576e-05,0.027879291346390556,0.007006750398161787,0.015721565841113894,0.003419889865135861,-0.027373983273024538,0.0005776162552643682,0.006543401722860165,0.029151975325660273,-0.05641528704717774,0.001565273381975485,-0.01526368370414738,-0.003961384697067194,0.00691990812874943
0.032795987759278555,-0.020778727251251572,-0.009986984056510717,0.03344521999208211,-0.014925913244547784,0.005721289142775143,-0.013231659530152207,0.004432917931623648,0.0,-0.0028022351179760596,0.012666924668768509,-0.010991354205787174,0.01776926819283431,0.020408600217764028,0.006466204300566825,0.005060008140237382,0.0026015060460558015,0.01007892865697485,0.005789838357814436,-2.812122975504039e-05,0.011237110878955403,-0.028577224293867165,-0.01685190480387172,-0.0005692219711821989,0.034386127344673,0.020774419370267083,-0.0008699800557729898,0.0029248001177196725,-0.003611465581802198,0.004436305110613714,-0.0021316316045066896,0.0062638478279676835,0.02033181477979884,0.0017098240123278874,-0.00042669955545832083,0.0182810225336672,0.0007239046662319559,0.008470843389933091,0.027189877778159455,0.0030368256880078937,-0.0016083750221368431,-0.043028151643602075,0.004053352209855754,0.013551544851542363,0.01412202969196591,0.0,0.003072904193810566,0.03252571056631781,0.0019980607830931696,0.018476076915574846,0.005006552438051259,0.015267688395288581,0.002983776116741721,0.027059446328700498,0.00897383709265831,0.0358947188617772,-0.003716619277009503,0.015941906287643914,0.03237000643054,0.018121739728984176,0.00904243833713314,5.551115123125783e-17,0.0,0.03921500167506564,0.011597687209667085,0.019065061245294945,0.009631074139888951,0.011946537434143312,-0.0017534047419519583,0.004227611205452619,0.0017108694499600174,0.015532501969735213,0.003712034160639921,-0.01338095329914979,0.02051614626736542,0.02440826128681728
0.011904602831037003,-0.008857828382078659,0.002057308187628226,-0.02335429313348031,-0.0014961256914921561,-0.009890046711610923,-0.01863970423221195,0.019106003125064663,-0.0028022351179760596,0.0,0.019553678386876883,-0.013169210016292066,-0.004997571577861182,0.06837676123716219,-0.002122430955083965,-0.018301866870280736,-0.009024995248949286,0.009670860798945746,0.003382567752010901,-0.04294495099656198,0.012033075419250194,-0.022636058188729546,0.007139295340367002,-0.019551618064664655,0.014677986368062612,-0.003564541110692654,0.0029368458415597876,-0.025551970054540296,-0.027998351873089966,0.014044136515299233,-0.03320237267063503,-0.016932293894908912,0.008155601342560881,0.010252664548497381,0.008735009661502036,0.002294583198785949,0.00996439650435732,0.01824747984506614,0.001335966789499543,-0.06024492070882137,-0.0206011381945429,-0.06113151676209233,0.0067621225364647986,0.0009755897845787898,-0.03768741774532769,0.0019397135380598285,-0.000945793834239872,0.011880591815047303,-1.1102230246251565e-16,1.6653345369377348e-16,0.005572623488427242,-0.03688868865528139,-0.001401002500435844,0.013991624324089846,-0.030373169377798215,-0.0020702674061482407,-0.025321105660600973,-0.033922366792484226,0.0,-0.00032599179251269206,-0.007838684951984531,-0.012521758099555858,-0.01746388348516864,-2.087393135380422e-05,0.005316129428335037,0.000263760314560213,-0.005390279483305005,0.003623017843970122,-0.012615938867913179,-0.025341309979915794,-0.017056524514304783,0.007935869538251539,-0.07324516885356547,0.014786437504339722,-1.1102230246251565e-16,-0.01538781605406242
0.0007708044635800215,-0.0008687742905735818,0.04554301447796577,0.03202916855537008,-0.012012321618280142,0.006995697539343204,0.03566641851715385,-0.004043329654364158,0.012666924668768509,0.019553678386876883,0.0,0.010984592783742475,0.02213526721136766,-0.008247100062926338,0.0,-1.5678588666967475e-05,0.005229106227209623,0.018873095361151948,-0.0010534487448971008,7.205673610072294e-05,0.011986164442349456,0.005213684370910854,0.011764570754263848,0.026278053889416175,0.005988103064764105,0.002539214111632382,0.02722787982647218,0.021537626951247113,0.014566131040695984,0.01198705468209299,0.025156129092746726,0.040278551870118695,0.01765956717713374,0.024283866690498035,0.03146365104652754,0.04507599651954364,0.01577775603925069,0.018368988526032914,0.017788592701937167,0.008658570718474201,0.0019324133874255578,0.002775554253354462,0.021892086773369013,0.001235279509207432,0.0017137424318403593,0.0,5.551115123125783e-17,-0.028630885379945903,-0.00012646059004334242,-0.04162098899146671,0.017900770631361196,-0.015382528859271993,0.01402404580694383,-0.05823154895138477,0.012170975528842554,0.022333354312140008,0.01016138057230298,-0.013880476278789966,0.03215488805562139,-0.0007150486514525545,0.0,0.0,0.0,-0.058858854191286614,0.010305247753520042,0.0,0.014011545373393053,0.01845899702222409,0.0,0.0,0.007343341835113593,0.028605928342401055,-0.008770890528286668,0.013498649268319951,0.0001479972725391132,-0.001018093297264211
0.018142418343694233,-0.034040576808520906,-0.022331698563440416,-0.013342820078188988,-0.01957090683946433,-0.013899029158288945,-0.026678512406638988,0.02504425455102033,-0.010991354205787174,-0.013169210016292066,0.010984592783742475,0.0,-0.017696983274000766,0.008193035617065303,0.005212293843005533,-0.03344882456878556,-0.0009407166974428338,0.008179155157484186,-0.005772052145761264,-0.04938150076303266,0.02757642762843121,-0.04595510317176388,-0.007509451739840189,0.009463189104399361,0.02201036508891613,0.012656487719856835,-0.0005556736501780013,-0.02304498528981086,0.015418498766074096,0.0032719831987821357,-0.03390438470467416,-0.006653873950232869,0.00933033054471022,-0.002084905814501048,0.01453586566823828,0.04314558860508427,0.00719496843403078,0.01974630965796681,-0.002462134339476507,-0.07465295557601737,-0.024191011487991687,-0.047616604485225866,0.006767318770113384,0.029151820559684516,-0.05374523704181433,-0.014789359853064843,0.005312596039313833,-0.0015428859686207885,0.0,0.00041446115453031007,-0.00025243416885917247,-0.017249065895335536,0.0,-0.0005152072360340432,-0.022240941876116194,0.0090379595968062,-0.10258911187176833,-0.05747174330948385,0.0,0.0040430901777833705,0.004774451904526744,-0.00894518614470885,-0.010194957245058867,0.0,-0.0034273595795161205,0.00015946384899490074,0.010351039458297961,0.00746912998635324,-0.03542879791136677,-0.021617717337434894,-0.008905039996930486,0.011449259700002046,-0.04047308411045353,0.004446063405125711,0.0,-0.010439436348941011
0.004845857399114639,0.005843242777163082,0.00582199429249014,-0.004447927797396334,-0.0017208329641258957,-0.00039241596311034854,0.025308349256569718,0.006889516216168234,0.01776926819283431,-0.004997571577861182,0.02213526721136766,-0.017696983274000766,0.0,0.007883390314263272,0.024559026219907854,0.0009822064939462027,-0.0009405320340869494,-0.007902595333520335,0.009111051369917189,0.014027662946744568,-0.0067194738634479,-0.010251926119805077,-0.0004870640024899897,-0.003273417010608959,-0.000140100995643766,0.00829684193141128,-0.00961178252188355,-0.0046532241496650695,0.02678777652470149,-0.0027043859476751364,0.0014789167807808812,0.014281382326579717,-0.0010816255117450102,0.0027012944933001992,-0.021889818364867086,0.017243305380140905,-0.004776142331950506,0.004326204832030223,-0.010802742389644071,-0.05557125586517858,0.014674424343890324,-0.035391219509741334,0.028328868722869882,-0.007450930966732439,-0.0010326560003569574,0.004717587824593306,0.015005450404635579,0.031134232615575907,0.0,0.02213117840263168,0.007006154313416113,0.019727536238042465,0.000860201019108553,0.032726046270012965,-0.08640332417568608,0.03462479671872276,-0.074959659240518,0.016860455208304925,0.027886913532773172,0.01316988671043029,0.022494928008201076,-0.0028969977374475597,-0.0018442683425691775,0.04234689167720451,0.012744298941469279,0.02681032939499789,0.02077767383974838,0.011420293629771261,-0.002492650063724511,0.0049646121222758355,0.012946321328729804,0.0007417237456038839,0.02362116497875877,0.017710500300564647,0.019540689962963875,0.02522389788377788
-0.009680776837456329,0.0,0.04008675349348828,0.011178276399987752,0.009373279602422346,-0.006993712710297528,-0.008393465242597542,0.02597273166605285,0.020408600217764028,0.06837676123716219,-0.008247100062926338,0.008193035617065303,0.007883390314263272,0.0,0.004725794781326953,0.0,0.0,0.0,0.014306227827617646,0.00047232341534109157,0.008092798231268905,8.293680415727422e-05,0.024009511403368877,0.017097566175526713,0.00012345078887598948,0.0017556388908023246,0.0011511738931686555,-0.010742216600216625,0.01760084121083999,0.00018728920772131952,0.029407652108993154,0.04315374402083033,-0.01888690070414062,0.08781380595261207,0.02081590607243261,-0.0008555566035825524,0.01287180304319957,-0.02707010581428898,0.0035859923473020028,0.0,0.002084567484718969,0.0,0.017221075315542844,0.0,0.0,0.0,0.0,0.04177934746070838,0.0,0.014049255510094116,-0.008656067575986803,-0.0017297135788437723,0.05709282948648642,0.04273289275705672,0.0,0.029033356315701198,0.0008355775972129775,0.03094642612877152,0.055162699537607884,-5.551115123125783e-17,0.0,0.0,0.0,0.05511304930387895,-0.001107035979514004,0.0,0.0,0.014318830602351618,-0.0004601064093540663,0.0,0.0,0.019466910096437695,0.010099117820993209,0.0024719079513800812,0.0,-5.551115123125783e-17
0.014469803111826496,0.00958550396328911,0.017221780877249182,0.004245455512015606,0.009672933403244988,-0.018302002412182716,0.00601952471487277,0.066078644233381,0.006466204300566825,-0.002122430955083965,0.0,0.005212293843005533,0.024559026219907854,0.004725794781326953,0.0,0.012711165070991515,0.036961092284038266,0.00857257460985461,0.0,0.019686221452670127,0.01180036826880737,0.016747684193723134,-0.006758499519097405,0.022284782836415107,0.013292619652053084,0.023686521081693612,-0.008471873196903512,0.04084455651605445,0.0240052001625643,0.046396197736853384,0.010400818439979698,0.027390560306621292,0.03458680809826015,0.016008322730747704,0.027712646452492884,-0.001626494924868438,-0.0026381434059843945,0.004529451486700031,0.03811696545373394,0.04016469541160572,0.03160010557502674,0.034677025790484484,-0.0066222996456197225,-0.00034021276434814673,-0.007313575685354401,0.04923297674016791,0.01159675661548043,0.004342358153781423,0.0,0.0,0.0027441827388717255,0.004374691818333387,0.03050405507360071,0.011326726781988816,0.00017134820640640758,0.0,0.002228477600141443,0.014200959393290857,0.0,0.027609218558374726,0.025895567792015517,0.00046984942298905485,0.008610379332211482,0.0,0.022630930872179378,0.03879745743126284,0.022856081426980812,0.023046627143952447,0.01319495247564978,0.018836689644516402,0.0225337068293322,0.016625379257217077,0.021699121370041652,0.02016093718509604,0.014274231121825798,0.02473961892188975
0.026901639964625024,0.022727465815588488,0.00040599944691099843,0.0,-0.0001315321965381644,-0.015789803071639352,-0.004915918699586186,0.03003370193059096,0.005060008140237382,-0.018301866870280736,-1.5678588666967475e-05,-0.03344882456878556,0.0009822064939462027,0.0,0.012711165070991515,0.0,0.03555652380403079,0.05300201336389582,0.001396989581839314,0.025151691727813952,0.01850200118743439,0.04031407073206139,0.009343046305733682,0.022596394199244474,0.01259004038116679,0.015190792187063429,-0.0007232575147381737,0.010116495528853187,0.019695545612228305,0.032533435725568216,0.018374301209480692,0.02663390642865915,0.029512937570357,0.01401541285181307,0.039856469716749054,0.01589271084750199,0.0036944686340655286,-0.0003011692856480508,0.023557416277253884,0.012960162810370768,0.024821973497175465,0.030087480781105846,0.002258608350428404,0.0,0.0,0.02157223223068988,0.011973066064304483,0.0,0.0,0.0,-0.0032581295949671296,-0.024412496267194717,0.01701410273091286,0.0,0.005969481692505496,0.0,-0.0059890589964642915,2.133658651132242e-05,0.0,0.0073259726989706175,0.024560547276799072,0.005236751885182189,0.008884906676326909,0.0,0.01004935152658537,0.014877353289949546,0.011449700974448973,-0.0021294312988671127,0.009898704811276526,0.008657801488271943,0.011338423047739354,-0.010076861206137044,0.005680426158333751,0.006277283954334245,0.00022604139071058515,0.019328903102941386
-0.008286002704204654,0.006032653343582717,0.017486049627097267,0.00021323215162633025,0.002811892670632754,0.002473096481809378,-0.0069978246748346185,-0.005118608632257271,0.0026015060460558015,-0.009024995248949286,0.005229106227209623,-0.0009407166974428338,-0.0009405320340869494,0.0,0.036961092284038266,0.03555652380403079,0.0,0.03165378115338041,-0.02440826440826832,0.023667646251922025,-0.016114885686993152,0.016674900813960114,-0.0029712005388511376,0.0015416605202867029,-0.0062879228302834544,0.007957958011778177,0.006121719862846542,-0.008099548617628183,0.011083465349011945,-0.0018520227750032925,-0.004345687422092015,0.032489376584537155,0.016968436956132593,-6.638171390099812e-05,0.029482606349913898,0.02251213621209147,0.007087818246080346,0.00791648333340883,0.016714262273692937,-0.02200193949639334,-0.011731874001436937,0.005414375796544857,0.0,0.0,-0.007950539485943264,0.004183364540934542,0.018034939944657324,0.0,0.0,1.6653345369377348e-16,0.0003087472001425118,0.00018687635726610807,0.0,0.0,-0.009003899063820875,-0.00033165536958873476,-0.010100245630936977,0.0014077238416844717,0.0,0.0,0.00700619823125237,-0.0024585731063473393,-0.0100688088395946,0.0,0.0003090877451508711,-5.551115123125783e-17,0.0002611255219071573,-0.0018922879876425158,-0.014810174705847001,-0.017823324723681977,-0.013660685293919617,0.0,0.003949758992791874,0.0056509474635838,0.0,0.0024143339082908777
0.010134218333667844,0.01243653475903228,0.017881097994293715,0.0,0.021977298660506073,-0.013430211657824598,0.00039602047997605583,0.02152353420831271,0.01007892865697485,0.009670860798945746,0.018873095361151948,0.008179155157484186,-0.007902595333520335,0.0,0.00857257460985461,0.05300201336389582,0.03165378115338041,0.0,0.019959196038790206,0.0045995290260816835,0.026210429613244157,0.020573777895957046,0.004953012465791662,0.005206956677957175,0.008398875780144976,0.004384911558155125,0.0024325922758950402,-0.0014700233855516887,0.013014558393760589,0.0004640154293508725,0.010719570458908145,0.0348988295623458,0.02425326152829682,0.014679064472787773,0.038433906603787316,0.010807979383941846,0.0,0.013293531831131855,0.020848518895886514,-0.0036785294262764445,0.00262358468426821,0.01045910607718481,5.551115123125783e-17,0.0,-0.025689362617835665,0.003872470232039904,0.011886396293366963,0.0,0.0,0.0,-0.0022987889574715425,0.00017549618129109046,0.007968226990780203,0.0,0.0036284856603512328,0.0,0.008067108128186451,0.012087666834814326,0.0,0.004307695577644988,0.01726638665827185,0.0030115968912656776,0.003612664058857795,0.0,0.006733281169784944,-0.006760243067335581,0.010243604940430362,0.008139943195123067,-0.00298417376024529,-0.0008240860791666194,-0.006528906717795324,-0.008117464391979023,0.0036043567886994143,0.017947079326534943,0.0,0.008215454852709969
0.0,0.003256445281337339,0.026863992492367372,0.020947557928714722,-0.005729527150415359,0.016403058062129605,0.0021133270691733874,0.028197724805195612,0.005789838357814436,0.003382567752010901,-0.0010534487448971008,-0.005772052145761264,0.009111051369917189,0.014306227827617646,0.0,0.001396989581839314,-0.02440826440826832,0.019959196038790206,0.0,0.004584655013944505,0.007643840552647885,0.010084110953027303,0.008989211216099913,0.00956158331609197,0.030430951902056858,0.019215838767696503,0.003830942751205213,0.009602202289693718,0.010072309891315578,0.03368252527293908,0.011002709548139533,0.024036693191611114,0.005842773368373744,0.014257772740095653,0.009961602505668077,0.03946563665131897,0.02140853205417892,0.022528522982678212,0.011777810620302642,-0.0018149012261212127,0.04309338294624954,0.0007955510892816431,0.02957492156286895,5.551115123125783e-17,-1.6653345369377348e-16,0.0,5.551115123125783e-17,0.0754602233069559,0.0,0.025438767778097393,0.016372478900255172,0.032743261011613733,0.03422394263890638,0.047911291899909836,-0.0008907834662728042,0.11979894834770177,-0.0012025799394732584,0.02445222060888519,0.048129808046300515,0.0002838571013178415,0.0,0.0,0.0,0.055749347033876795,0.006504795749341041,0.0,0.003707559776507441,0.0208444168818519,0.0,0.0,0.012838329389938785,0.019666332304574152,0.027309044559968187,0.016385156805069967,-0.0019698297220936967,0.031951604788183596
0.009055482903501166,0.01043746491530878,0.012779686671606838,-0.010095480636069798,-0.010420197880470217,-0.0040547988634239696,0.0085873198331326,0.001359358067180183,-2.812122975504039e-05,-0.04294495099656198,7.205673610072294e-05,-0.04938150076303266,0.014027662946744568,0.00047232341534109157,0.019686221452670127,0.025151691727813952,0.023667646251922025,0.0045995290260816835,0.004584655013944505,0.0,0.016992100292736678,0.01891575133864626,0.033353822144733536,0.02718045582912232,0.005296920394703919,0.026418813612665237,-0.026025692041600212,0.0027087811268651785,0.010231527169657195,-0.026771000554775826,-0.0006372997891188614,0.0023894701957901665,0.015001247625988146,0.0024750447365214923,0.01527998215363513,0.01213314089527151,0.06979891975736968,2.8870088108146064e-05,0.027351322289551006,0.040462231140050375,0.02462227990174204,0.03312350702791439,0.06944862021790649,-0.0009074105089451057,-0.005030969681657782,0.010025226243090213,0.016789770984477093,0.009280673127580463,0.0,0.007054502159470455,0.005548781813460912,0.0064681812002350125,0.012477494652863963,0.0033262801042682755,0.00765018091173314,0.00412422545816743,-0.00015876507409090523,0.01315225905313916,0.0,0.009591354944121278,0.03417749994720315,0.003851681095408399,0.014431512545308556,0.003842035812675726,0.015783212412036673,0.02013438672545015,0.014787368291457104,0.004982375925806137,0.0027901535330572824,0.012201952633480007,0.013832504941797164,0.006962470395053211,0.01784993662064943,0.020496781588853152,0.008093966929972107,0.016216518480327846
-0.0021222550790984673,0.008157465060696312,0.01623772664303552,-0.0003599085476008179,0.01083830485362719,-0.01733760633191833,0.0008637185257701074,0.005849560249769903,0.011237110878955403,0.012033075419250194,0.011986164442349456,0.02757642762843121,-0.0067194738634479,0.008092798231268905,0.01180036826880737,0.01850200118743439,-0.016114885686993152,0.026210429613244157,0.007643840552647885,0.016992100292736678,0.0,0.020272293172479583,-0.0008867704159312706,0.027457490142904772,0.015600009831408912,0.015386701738065056,0.005232542742039881,-0.0016853447983328773,-0.009686405581906976,-0.004407687569446095,0.006589295200124468,0.00817792878111756,0.024811810616850005,0.02022742377988601,0.03370200857370381,0.0053864998813498155,0.007473449311793501,0.017106608198921347,0.021169451897314895,-0.006708903860905335,0.017254012366371918,0.027825498700224216,0.02761499461265038,0.0,0.0007294834831422792,0.007682711833551681,-0.010779368146845603,-0.0011796001760703279,0.0,0.00022600010354789646,0.012911288669101961,0.0015188178805779495,0.038125419279635364,0.009634659503004517,8.3453127003974e-05,0.0,0.00065429924158944,0.010884881118017276,0.0,0.004427117218560983,0.0032230792717594103,0.0,0.00383590095942854,0.0,0.010182615031555375,0.021274123569086534,-0.00303916827159173,0.005122954757678488,-0.008930718920236447,-0.00584333558640221,0.000352122013518974,-0.0011737136218870625,0.011762914936016,0.024433703577788846,-0.011010075940644182,0.005766200889781248
0.017915658037101823,0.019251774408457156,0.0032656727409823283,0.0044764794613804115,-0.019629911331817074,-0.0137002989169282,-0.016404615764142705,0.0052660923094988155,-0.028577224293867165,-0.022636058188729546,0.005213684370910854,-0.04595510317176388,-0.010251926119805077,8.293680415727422e-05,0.016747684193723134,0.04031407073206139,0.016674900813960114,0.020573777895957046,0.010084110953027303,0.01891575133864626,0.020272293172479583,0.0,0.014398371424134138,-0.017873258229371747,0.01858982575647883,0.014901858782579602,0.002869322595185353,0.0018514414472635687,0.011588177281408651,0.018329347194078083,0.0005149248506802762,0.01765070479407127,0.027954488648572196,0.013444905720769229,0.023353490033636404,0.013435761597820783,0.032333649306483525,0.007235495711749196,0.027993030420670473,0.033040661652890435,0.029867995754481957,0.03584125191459808,-0.0029203283981947825,0.0,0.0028615322008466726,0.02840999553952911,0.01401460502225993,0.01975439133328205,0.0,0.0007768455122436069,0.0145473791127545,0.01588661355841431,0.013276979871938543,-0.002719931330787073,0.013487628508891236,0.0,0.006823329077171536,0.014089265858727107,0.0,0.020782008608731917,0.0270525114912481,-0.001963385080079205,0.021194833337101926,-1.1102230246251565e-16,0.012927266151604444,0.0317814388474269,0.016005460951094563,0.015841629820661063,0.012560843391716536,0.016132976084431594,0.019603829298441067,0.01161953536059046,0.028017788252796882,0.027039427970722174,0.007645899099534503,0.023970934570681113
-0.0024726114827474666,0.011522924396507317,-0.0029291894265456864,0.014604731845246521,-0.009875853979025684,-0.00997700384029715,-0.00048093100433921343,-0.012913629639798863,-0.01685190480387172,0.007139295340367002,0.011764570754263848,-0.007509451739840189,-0.0004870640024899897,0.024009511403368877,-0.006758499519097405,0.009343046305733682,-0.0029712005388511376,0.004953012465791662,0.008989211216099913,0.033353822144733536,-0.0008867704159312706,0.014398371424134138,0.0,0.019621458088944166,0.00870038011916835,0.03088548431612209,-0.02207847702522986,0.0027980926428041175,-0.006529964265570842,0.008351612504445716,0.003871705214907928,0.0020236573110690714,-0.0038361483587304734,0.009075140711096719,0.02078465739850388,0.004854284863811065,-0.008061335345701415,0.025391054137159863,0.013000856372980207,0.03898723341505894,0.017465745658638343,0.028997825143691203,0.012363332797898696,0.0157989965486095,0.001338782552485429,0.02240590513028462,0.011621215645387983,0.050876334134211,7.036524015036072e-05,0.02037992113120879,-0.01237176016059427,0.007640401806143782,-0.026388851742231878,0.02154893980802275,0.01461219098178379,0.04904946808414318,-0.02398690809061499,0.003815597353147182,0.031103780331981135,0.01785468873401569,0.014552269576510513,0.003887245098295522,0.00950758615086078,0.06890690429950119,0.012935774701768876,0.01875519669175768,0.01875874903300573,-0.004097099079726774,0.003545051322782544,0.005703345416497252,0.027323004352156288,-0.016691800692868575,0.009674574355155063,0.006641201268702379,0.01301760680545605,0.007516726062233858
0.012827012361869727,0.012662343623167094,0.025673024954692314,0.007273924583581448,0.029850778460313365,0.02554549108571913,-0.0006149052749387374,0.02699626853189352,-0.0005692219711821989,-0.019551618064664655,0.026278053889416175,0.009463189104399361,-0.003273417010608959,0.017097566175526713,0.022284782836415107,0.022596394199244474,0.0015416605202867029,0.005206956677957175,0.00956158331609197,0.02718045582912232,0.027457490142904772,-0.017873258229371747,0.019621458088944166,0.0,0.0018253309571316656,-0.006320521054355099,0.021811658526872446,0.01273315677874226,0.008884512758801533,0.010192771958762059,-0.012353399853537395,0.021608635092551343,0.018718677845005915,0.02059166065716006,0.03915983277783741,0.030938731361748906,0.0018928124453012618,0.02659660863812413,0.01222278704466978,-0.09195863438821039,-0.015808277810115068,0.04299335865823295,0.015272159094053384,-0.0028555261778988594,-0.022735550209161348,0.012755061368131926,0.015540001027796568,-0.0001509356921849947,0.0,0.0,-0.026827605457480697,-0.04119195515482499,-0.0002573266427184362,-0.002818358775530938,-0.03859318320067301,0.0006842211265275511,-0.02096398117429532,-0.024006172955995997,0.0,-0.01905881749349786,0.013801730663099532,0.0032119616245650517,0.004732375085584495,0.0,0.006224996755919088,-0.002915279394330561,0.026444788829226795,0.03611344873112715,0.01697739980822094,-0.010139011482712679,-0.008058067723454576,-0.011466178965073903,0.0013942905152329321,-0.017668160496958574,0.0,0.0009945079334190976
0.01876934740902847,0.013441533064886768,0.02358633917478764,0.0,0.03163588900590181,-0.009058586597111451,-0.0008313712309660493,0.022597583735910365,0.034386127344673,0.014677986368062612,0.005988103064764105,0.02201036508891613,-0.000140100995643766,0.00012345078887598948,0.013292619652053084,0.01259004038116679,-0.0062879228302834544,0.008398875780144976,0.030430951902056858,0.005296920394703919,0.015600009831408912,0.01858982575647883,0.00870038011916835,0.0018253309571316656,0.0,0.0082842929321843,-0.0028853634219013213,-0.003585981131685456,-0.007629322574741582,0.014363441175567815,-0.0006731980877354715,0.02413797795028172,0.019761700869222965,0.010487516951023845,0.036067107327282744,0.029382749762038307,0.0006713559380676637,0.02462225160542114,0.02276872945382874,-0.006213135105355483,0.007933893647861567,0.022785474608064515,0.0015284599344024263,0.0,0.010092244024747676,0.016765119720452637,0.02112309831028869,0.0,0.0,0.0,0.016231079536265236,-0.0017949170712009965,0.018494981594224025,0.00014890258863453631,-0.007440501262177601,0.0,-0.013382237764750948,0.007649997420962562,0.0,0.016856945661099576,0.025962238604158805,-0.004479834009489703,-0.0016228115052025482,0.0,0.008479993729932134,0.019188162248988783,0.015610867410770168,0.0028271960474136604,-0.01702832707792784,0.00014518588220635564,-0.005132826753732889,0.014958174573512117,0.021253255046071062,0.013561988069060393,0.0,0.00842471783629678
0.006570962084649079,0.026608220893298506,-0.005127966449050392,-0.0022934524264161538,0.002808651090431269,0.006363796148285361,0.00410416873988706,0.021346692345711404,0.020774419370267083,-0.003564541110692654,0.002539214111632382,0.012656487719856835,0.00829684193141128,0.0017556388908023246,0.023686521081693612,0.015190792187063429,0.007957958011778177,0.004384911558155125,0.019215838767696503,0.026418813612665237,0.015386701738065056,0.014901858782579602,0.03088548431612209,-0.006320521054355099,0.0082842929321843,0.0,0.024632609138840855,0.005619621019303911,0.0028629057465394125,0.04045447240686739,-0.00289305072416024,0.020225560381819552,0.011394852041855363,0.0036333396642092564,0.023682419199435978,-0.07879691319884474,-0.0027238687512742277,0.018539101422199222,0.016194169754588317,-0.013972504697912447,0.0096559768704359,0.01982064033513503,-0.00011870556724091763,0.0,-0.018286474683664844,0.01249153989487567,0.0050536402223566035,0.0035158062249949773,0.0,-0.0004997582190711114,-0.0003524756538504925,0.0034649515715560186,0.04277818511869658,-0.011041022689961988,-0.017024093944273178,0.0001529321722830157,-0.017007243343131362,0.013861687516333598,0.0,0.02155866956857777,0.015790118680158005,-0.008189840739576681,-0.004777182107389699,-5.551115123125783e-17,-0.0021526941890579465,0.012259225357483694,0.004677825699801019,0.017742689694053848,-0.018382692309931725,-0.007164040565520835,-0.00292403223853821,-0.0007478954594292708,0.00034001174703557346,0.00659354839832188,0.00016362139960113264,0.00894877429119384
0.008065140266501458,-0.004415314842888873,-0.01316551929961629,0.024687807326441547,-0.018444432199215377,-0.02084311426095592,-0.007133950635106745,-0.028464676172032355,-0.0008699800557729898,0.0029368458415597876,0.02722787982647218,-0.0005556736501780013,-0.00961178252188355,0.0011511738931686555,-0.008471873196903512,-0.0007232575147381737,0.006121719862846542,0.0024325922758950402,0.003830942751205213,-0.026025692041600212,0.005232542742039881,0.002869322595185353,-0.02207847702522986,0.021811658526872446,-0.0028853634219013213,0.024632609138840855,0.0,-0.012365947005291644,-0.01753198674736628,0.010470919580115257,0.006459402747110654,0.0038264447866119267,0.0032910294435192222,0.00712886126000678,0.019232390015280265,0.012490630623187948,-0.004663036950440846,0.03149900183911353,0.012963393688255498,0.05847205322462817,0.008786780823683893,0.01754207228559279,0.014889688891542185,0.02307833565087558,0.01069437769413889,0.032814777825406594,0.006674996878256789,0.02250485659219159,-1.6653345369377348e-16,0.02077599528157803,-0.01510014648128244,0.008850734667077975,-0.016451115720638787,0.027829047272718732,0.011643366403987554,0.03304454188033912,0.02362612393039898,-0.0008272746362221195,0.023395151792408808,0.008562885090471428,0.01957078699551662,-0.00010799382505977118,0.0031000508628652446,0.02516201013839614,0.014042928107246888,0.010079081208746343,0.01903548891307888,-0.013448846894061894,0.009484928967042228,-0.00027746435098041644,0.00600520496990492,-0.016016705533368814,0.00285148011169456,0.007963620050930653,-0.0008530217848821131,0.00434234073452433
