0.0,-0.0630325288234918,-0.07351024081323437,0.0,-0.00012516989464927963,-0.05654464333508741,-0.053750320401248664,-0.03519103006635815,-0.031886355892762674,-0.06720585709799132,-8.035157152908035e-05,-0.04087492896851774,-0.08257693417902112,-0.031045588208444774,-0.049832667088195504,-0.08633602296909604,-0.07086391318794633,-0.0848878339944984,0.0,-0.06490433668131307,-0.08309296121252996,-0.06493789369594882,-0.05443399877650529,-0.04567819404366841,-0.0745119442686859,-0.04748337470467334,-0.0681987131903411,-0.07241191494592841,-0.0761917572773696,-0.07392686847521973,-0.054430749347269936,-0.02673399735369153,-0.07448628762022258,-0.029576973752015845,-0.018839618880010733,-0.02377819084160271,0.0,-0.012909645838983075,-0.04039442933980564,-0.07100739424783398,-0.03855154819390266,-0.04340509429960654,0.0,0.0,-0.01941952776612421,-0.009229670663025102,-0.08000230466714325,0.0,0.0,0.0,-0.07361207457119695,0.0,-0.07299979669178125,0.0,-0.026493572103089558,0.0,-0.038474661936604426,-0.04384378454805071,0.0,-0.05315408060235788,-0.08085889691354686,-0.06096585810867772,-0.06483674708440412,0.0,-0.08055179966832038,-0.009211227974886771,-0.07114225458579643,-0.08586020076360207,-0.027836990454516652,-0.06257915501182593,-0.06514309665664297,-0.07204910008312959,0.0002646510942442837,-0.036562817825929794,0.0,-0.05530057880155237
-0.0630325288234918,0.0,-0.052546042755824474,0.0,-0.05797449195827159,-0.050589345743260794,-0.06902681501743729,-0.012076793275124731,-0.04974647157004625,-0.02576188335774604,-0.00038484766470658904,-0.026594578930206614,-0.06570949901000611,0.0,-0.05650702331976459,-0.034968292656045064,-0.061196686016955215,-0.0230851040461581,-0.033364514090867825,-0.04629275666388083,-0.07366284641179782,-0.015011414900272746,-0.055868615381531206,-0.03341844523215198,-0.014757777762617608,-0.03153271788460921,-0.05398461371093105,-0.06390621990622741,-0.05101207767804539,-0.06131667438397048,-0.02025212917362279,-0.01026807317123235,-0.05966989867724459,-0.007423572584513649,-0.003090260003241696,0.02035109292262577,-0.04153272560049465,0.05502773113985787,-0.03730003091244677,-0.05426720503973109,-0.04426756115938685,-0.027887538760626218,-0.02537513243480083,0.0,0.003357996901989846,-0.051604235209921745,-0.06507526816324116,-0.006268424264025185,0.0,-5.551115123125783e-17,-0.07012663485260229,-0.038053635768047545,-0.07250369636322229,-0.005181542137944473,-0.053212060059883326,0.0,0.008332752876905436,-0.08302826392139784,0.0,-0.05478797168073385,-0.0679776022871415,-0.049608025601488415,-0.05885930507790482,0.0,-0.06638829608990027,-0.06376550078329024,-0.05238134902657443,-0.07687044077373745,-0.005963657433561809,-0.06549567544515977,-0.07110466783275377,-0.07031399697929736,-0.046578137074259784,-0.0625935984740087,-0.013728132062310938,-0.045266957424235144
-0.07351024081323437,-0.052546042755824474,0.0,-0.0766000184253035,-0.06568487075830437,-0.052229706601484294,-0.0930994995553836,-0.04030362347638211,-0.029859211932451668,-0.10376006317491043,-0.04343991825221777,-0.054550991395330206,-0.10606337583041886,-0.11876609045963249,-0.058181285545596206,-0.06179989642954303,-0.039774176582394905,-0.04605115789242831,-0.02371322414581864,-0.0514549084355157,-0.050240840127380115,-0.05208149852105326,-0.09305807623319659,-0.04154949164263977,-0.05694412610134575,-0.053159025845873564,-0.029155642482222577,-0.1056481792551971,-0.07636462816662204,-0.10213386586021184,-0.10515580196138696,-0.0894396612549836,-0.06270481027723546,-0.09680652311005639,-0.0786317778913373,-0.11154113289914847,-0.0963178802284047,-0.04333785761825493,-0.05517073692443075,-0.004412946424352027,-0.061977095884690026,-0.0269192833320554,-0.036726706897896366,-0.009801110594065743,-5.866505047136261e-06,0.0,0.007782116879802292,-0.12124756449707152,0.0001630160140429493,-0.052919018252973626,-0.06282557560892205,-0.06305164309661387,-0.05338433457652875,-0.1059182721639621,-0.013115459221936798,-0.06572554831742916,-0.006440169351609182,-0.06378636827639345,-0.04556913704606713,-0.05459912867101069,-0.00028586159272536715,0.0,0.0,-0.21864003878445432,-0.04102644957903295,0.0007752885810742294,-0.061710930833378586,-0.041373033140483684,0.0,0.0,-0.04335832260033079,-0.041166678439736204,-0.0767067601141615,-0.05311942607724113,-0.048859594259789474,-0.08074091859897525
0.0,0.0,-0.0766000184253035,0.0,-0.10408431988971478,-0.10014180101428083,-0.09123394920573982,-0.05207573286037348,-0.1075299258674664,-0.09926103002169817,-0.09938230164757317,-0.019093842407526207,-0.13607273573088197,-0.0855752036812033,-0.012694049443104594,0.0,0.0002067113406407084,0.0,-0.12063714448654989,-0.044987491146823266,0.00043007563853636466,-0.03442676172683845,-0.04187035468246786,-0.03355222221458304,0.0,0.03270428791798963,-0.054985344370163836,-0.0890410660489353,-0.008432077577156194,-0.00011559171442437899,-0.012702402312084637,0.027462096840366823,-0.12791109973118756,-0.08530797938574519,-0.003248617946439436,-0.08612578555110509,-0.001993632855517874,-0.020846346676169303,-0.000554078869983543,0.0,0.00044980590550658395,0.0,0.00032449771525544513,0.0,0.0,0.0,0.0,-3.2223298848998994e-05,0.0,0.0,-3.1779606573301145e-05,0.0,0.0,7.543889181188534e-05,0.0,7.723038214590972e-05,0.0,-5.679042166284454e-05,0.0,0.0,0.0,0.0,0.0,0.0,0.0,0.0,0.0,-0.04847726896283833,0.0,0.0,0.0,-0.005646314684782661,7.394330665588811e-05,-0.04631546248082141,0.0,0.0
-0.00012516989464927963,-0.05797449195827159,-0.06568487075830437,-0.10408431988971478,0.0,-0.06475780971666012,-0.06094418383082284,-0.06413032987098127,-0.05150340985514318,-0.13145665591927702,-0.04300637670077967,-0.04624387667793595,-0.11094002033061823,-0.09695863271377114,-0.0752153905174538,-0.07859024677616094,-0.050215650852672156,-0.048973213607741595,-0.05867678554000949,-0.06715720891145305,-0.09997747878167146,-0.06817287580400788,-0.06833398870837504,-0.03260286855386452,-0.05608564787381015,-0.06693989662650729,-0.058588932785002046,-0.12290139562678987,-0.07856332566519253,-0.05275348824874393,-0.11758910957098384,-0.1108839576566259,-0.041707729984492514,-0.08876326881358326,-0.1231786913557355,-0.0884760145949631,-0.028683870289326396,-0.05863901464973198,-0.04005865458330421,-0.003750834816412474,-0.05745559442820947,-0.0005039023117376917,-0.033302845818844795,7.931780940606536e-05,-0.011285004657127395,0.0,-0.010757447395961406,-0.0632922501385802,0.0,-0.05414679792059557,-0.05354122593020971,-0.059415072101722644,-0.04100072158989415,-0.06273145549796011,0.0008885488669374553,-0.08035655448581092,-0.040337773495901064,-0.05889209385056671,0.00671013996069042,-0.03101508308085027,-0.0002989528112923301,0.0,0.0,-0.06592019900673196,-0.056019151357281305,0.0,-0.0497736683214855,-0.03259331781942565,0.0,0.00012874731955081486,-0.03630769550851354,-0.05526207431843738,-0.07006150422548241,-0.08203362645706702,-0.04633476277455867,-0.06578415805724314
-0.05654464333508741,-0.050589345743260794,-0.052229706601484294,-0.10014180101428083,-0.06475780971666012,0.0,-0.08719411140722472,-0.08624725215300838,-0.05357025269517102,-0.10340573252614699,-0.08048684725226818,-0.0922098164446511,-0.07834990059559949,-0.07534554616562278,-0.07560863186197586,-0.06823277132267563,-0.03514128320623189,-0.06035339283712954,-0.06875006188012056,-0.05809107836910293,-0.09322761160087356,-0.048403781547215585,-0.05269836822633028,-0.027580980576327296,-0.04829340204224053,-0.050727644877881284,-0.039945106113945084,-0.071168544341979,-0.03756512360324071,-0.09682344858911868,-0.08987188900897608,-0.0688760322959836,-0.04553583368662423,-0.08018103273195909,-0.06436535539055432,-0.10390428051087786,-0.09751496396329673,-0.06649768877209955,-0.04390199603795358,-0.03913557685101948,-0.0690833285681578,-0.0806630840060451,-0.030521393137337538,-0.07113465881270847,-0.006058054572581961,-0.04443903388094317,-0.0614719592993786,-0.04755954275774438,0.0,-0.06012721930316128,-0.05274617736528103,-0.05080558779809696,-0.04324100042393331,-0.0577183240276084,-0.060303920290560364,-0.05972516896571589,-0.02074215038584304,-0.05905094515658582,-0.04023134119655564,-0.06806090654118696,-0.0323371161375518,5.551115123125783e-17,-0.03469749389266635,-0.05904532409990393,-0.07163009895312777,-0.06527132234006178,-0.053155865911981126,-0.04713607185492513,0.0,-0.04710858744481522,-0.061544126149395306,-0.05375075260949613,-0.06358627599725708,-0.06240598453143109,-0.07184309802208333,-0.06227319151701888
-0.053750320401248664,-0.06902681501743729,-0.0930994995553836,-0.09123394920573982,-0.06094418383082284,-0.08719411140722472,0.0,-0.10485407461863222,-0.08594116377671912,-0.10558268360744194,-0.10341446963372469,-0.01708971054998598,-0.07873370305056543,-0.06925790633464024,-0.0764424571369805,-0.09002267383317514,-0.03579524528922956,-0.07499702163676747,-0.10710895087612687,-0.07895629584484404,-0.10217054352835814,-0.07866242229636833,-0.08984204309100174,-0.015266953888055546,-0.072857756702363,-0.06617341765933271,-0.08438045318839987,-0.10989680958252407,-0.0858349519764734,-0.10132622823895682,-0.09934299842989103,-0.0905567646314317,-0.10547978249937001,-0.0633053208214675,-0.11609044168516686,-0.07299540106765373,-0.06142126643072432,-0.024468319637325986,-0.047581987698664285,-0.03199109598204847,-0.07073669650946435,-0.030627267897965438,-0.04680492276044307,-0.0002802096740791571,-0.003485276028302342,-0.00031000982897555485,-0.04560147472406606,-0.06607389518046575,0.0,-0.06996728005728658,-0.057359764607409935,-0.05934940496321656,-0.05701473652030292,-0.07512896062740482,-0.01643195058607727,-0.09810249647575991,0.007680510922685124,-0.06249833288418677,-0.05068277266359811,-0.06632151956273513,-0.022938379291618405,1.1102230246251565e-16,-0.0002817045221576997,-0.08185992433635148,-0.08806786243012815,-0.0629567980086912,-0.06620596695804826,-0.05491830146329163,-0.021088267744642675,-0.04432404031866971,-0.07611074718761018,-0.06381282480098782,-0.07423050493715322,-0.08206185730508853,-0.07279738897435561,-0.0725975599813482
-0.03519103006635815,-0.012076793275124731,-0.04030362347638211,-0.05207573286037348,-0.06413032987098127,-0.08624725215300838,-0.10485407461863222,0.0,-0.07467001494172382,-0.104106369652674,-0.08005425376987257,-0.015583054176933564,-0.10959263481154424,-0.051106629692563965,-0.01276823238068564,-0.04257645108993929,-0.037488598168497866,-0.07137883323422517,-0.10289270074678303,-0.06910130232594863,-0.027181797714300238,-0.03444164865735483,-0.047276856766079345,-0.05040623826488233,-0.06000455553599099,-0.04196733170350864,-0.056154456701906996,-0.10434514070854928,-0.08537655418981893,-0.08639891432795954,-0.08456530973141979,-0.031265818479451424,-0.02190817975394016,-0.07283771830683866,-0.08304150066285448,-0.055046600822022285,-0.022287412884297586,-0.06915940181985702,-0.019256001026009772,-0.0530639259560739,-0.04581951701025111,-0.052166093178966644,0.04567513427271125,-7.367918764211723e-06,-9.25470799766348e-05,-0.00909034748266041,-0.05911828179989864,-0.033200557991624635,0.0,-0.02797463947513701,-0.03684664548854183,-0.028560612777790317,0.009450217511995207,-0.04233950795195396,-0.009668068768243054,-0.048232800257806574,-1.1102230246251565e-16,-0.04999267554738662,-0.006663361490574948,-0.08143058917174117,-0.07051642810314235,0.0,-8.761428342662914e-06,-0.053698184130291815,-0.0770614676136192,-0.06971479763624916,-0.07362167881179749,-0.007381167041258574,0.0009590476665749526,-0.01925636861462998,-0.04260456023623255,-0.03599310149699475,-0.05066421822109618,-0.04929135940400092,-0.07228668133963978,-0.0559729674820984
-0.031886355892762674,-0.04974647157004625,-0.029859211932451668,-0.1075299258674664,-0.05150340985514318,-0.05357025269517102,-0.08594116377671912,-0.07467001494172382,0.0,-0.11901294591044959,-0.047413029085874914,-0.11249841891778445,-0.10192162265814486,-0.10488945700821206,-0.0772110268336817,-0.07604400443898124,-0.06452180586373885,-0.06537953887789089,-0.03342939638287923,-0.06404722430577292,-0.09026208189509832,-0.05603595421020657,-0.061514450944165355,-0.0707438136756538,-0.07287953303261901,-0.07324543846766335,-0.04487624501932619,-0.1299394124846447,-0.07949531385253678,-0.10475637293326329,-0.11558891353116263,-0.09884003019186433,-0.08084796727176846,-0.10555803479481213,-0.1216383927732736,-0.116482199019658,-0.1090661638303343,-0.0823237193897366,-0.05399077215594006,-0.024886162996817673,-0.08180026918348726,-0.05793565781263488,-0.02166495080096209,-0.016140049908730636,-0.026299456135897625,0.0,-0.03562987569617643,-0.06593731614749582,-0.007269692252511284,-0.06460260883969604,-0.061569482209613724,-0.06311619868198798,-0.05067680728684465,-0.07489729696389619,-0.02996454529437681,-0.09044203372036086,-0.017112079244891165,-0.07081870692087439,-0.052273204990327005,-0.06438307439592561,-0.029208213898196944,5.551115123125783e-17,0.0,-0.07485710291211456,-0.09246243872142734,-0.0694411954073808,-0.0643851172683445,-0.0464204773921153,0.0003813151467529363,-0.0035950800866322297,-0.05113317034316289,-0.05714909383705019,-0.0686850023586511,-0.08021377418384606,-0.07376087741382087,-0.06320986906833237
-0.06720585709799132,-0.02576188335774604,-0.10376006317491043,-0.09926103002169817,-0.13145665591927702,-0.10340573252614699,-0.10558268360744194,-0.104106369652674,-0.11901294591044959,0.0,-0.12162646105230207,-0.0504867851890837,-0.11060161954840986,-0.08146336306355823,-0.019207996336831956,-0.07017330417265105,-0.09409254441016063,-0.08723134850798653,-0.11602723608062304,-0.031164830203295024,-0.10269596874213832,0.004621829090386331,-0.09690826774828243,-0.01673457069763873,-0.09189396908715414,-0.060560026896625374,-0.08800846413865765,-0.10152467053227071,-0.07732908087724855,-0.0892802506448363,-0.07890770325703472,0.007048254033492851,-0.0438533845039531,-0.03188451530095615,-0.022537846736250144,-0.07410454608508288,-0.033205325826966336,0.016225709793804277,0.0785170509960148,-0.03599346924395502,0.018424720129186,0.02905600654125312,-0.018213446238775022,-0.006542822504951695,-0.00016967203563711397,-0.07349681318700196,-0.05503497049048861,-0.03604444607700985,-1.1102230246251565e-16,1.6653345369377348e-16,-0.07527186685713433,-0.009598526646350969,0.0004422246901674143,-0.04573219660562461,-0.01891164637389997,-0.0241612636409565,-0.021282048529711883,-0.006687966603265538,0.0,0.0007160199409564361,-0.045792740403327925,-0.04173084855320658,-0.04309946253772928,-1.1654358397339415e-05,-0.034483229772965196,-0.013693487806390292,-0.058002366850332776,-0.08376759549753526,0.0046188067832712565,-0.03600968686738287,-0.03393522932010368,-0.07158519052978224,-0.03972118669723834,-0.06440375877512827,-1.1102230246251565e-16,-0.03830878662699955
-8.035157152908035e-05,-0.00038484766470658904,-0.04343991825221777,-0.09938230164757317,-0.04300637670077967,-0.08048684725226818,-0.10341446963372469,-0.08005425376987257,-0.047413029085874914,-0.12162646105230207,0.0,-0.060286800236152294,-0.12823308355627377,-0.062497209788778096,0.0,-8.753688435114704e-06,-0.04688149414906073,-0.05433000431826035,-0.04716741077904618,4.02308033510268e-05,-0.04483239964529473,-0.028844879924173727,-0.046884421144291255,-0.05161448791054185,-0.06095407133516262,-0.05052897674893103,-0.05248406319055493,-0.12798531395773016,-0.06257778178839285,-0.07697431042631281,-0.12027686188848885,-0.09775201572003589,-0.055385726355794085,-0.1030981734074034,-0.12888684246964677,-0.05159360218944564,-0.047601034032367484,-0.0657966438476239,-0.05350765324711276,-0.0028708497847932946,-0.056483488488825895,-0.01338871854136997,-0.006806433801688883,0.0006896827376283166,-0.008023057653846255,0.0,5.551115123125783e-17,-0.0003843902654319664,-7.060562835625728e-05,-0.12268285088395608,-0.04884372785319013,-0.04751961832007828,-0.03422956306195096,-0.04299303520279307,-0.015397735522610312,-0.08495625038199595,-0.04395817883936942,-0.045579417413947665,-0.12369350554215269,-0.00039922682097082163,0.0,0.0,0.0,-0.15408182692171685,-0.01971512083783361,0.0,-0.019440651019623334,-0.040608850156722776,0.0,0.0,-0.00449426519739865,-0.051594615903105046,-0.052871322831372414,-0.06114518790947493,-0.0009158248359343868,-0.038847243994941605
-0.04087492896851774,-0.026594578930206614,-0.054550991395330206,-0.019093842407526207,-0.04624387667793595,-0.0922098164446511,-0.01708971054998598,-0.015583054176933564,-0.11249841891778445,-0.0504867851890837,-0.060286800236152294,0.0,-0.06326978167199188,-0.04605454156165084,-0.022516827083904678,-0.051021235640756724,-0.06541583218043551,-0.07263379940617504,-0.06853507687525284,-0.0005369164406009985,-0.07204350453895025,-0.009907082565283165,-0.039701035768821946,-0.0025441883593843584,-0.07722438331331413,-0.046118280608195616,-0.0413616895039407,-0.045809815006455035,-0.02110921774395752,-0.0233104189237468,-0.0428767299633796,-0.015455386843607033,0.021873771159916566,0.0378225922927482,0.013240878829181735,-0.08681483065522763,-0.05808479051597068,0.07333830105808065,0.09575125889924313,-0.042649532563476256,0.0553251509805287,0.06841154676815248,-0.025550556580720918,-0.01310826827344902,0.02375217114405037,-0.10709531922566906,-0.04406897013178834,-0.0050895520195401445,0.0,-0.0002043283390850692,0.0003820834874463941,-0.0027364499758190663,0.0,-0.006192539340823422,-0.01468824574930866,-0.01435173874440665,-0.010022641755773554,-0.0326467877315334,0.0,-0.012165564486876002,-0.0670799024316242,-0.04750553381302608,-0.053851578927437915,0.0,0.003903435993774629,8.90320474903894e-05,-0.03437499286439283,-0.05198066240568161,0.004022822193649911,-0.03927338919675155,-0.0450956491203196,-0.040327529731228606,-0.006406763224047596,0.01246897710896,0.0,-0.04261123054670729
-0.08257693417902112,-0.06570949901000611,-0.10606337583041886,-0.13607273573088197,-0.11094002033061823,-0.07834990059559949,-0.07873370305056543,-0.10959263481154424,-0.10192162265814486,-0.11060161954840986,-0.12823308355627377,-0.06326978167199188,0.0,-0.10883587886170865,-0.08612049060640486,-0.09280197140716401,-0.030849870948962077,-0.0755862051592539,-0.1261844009987234,-0.07176831038159809,-0.1047361730841937,-0.07450283677588332,-0.09770192130068417,-0.02692321475086712,-0.07198022616683875,-0.06364627820791652,-0.08648443959468777,-0.095112320341318,-0.06975526916660668,-0.09448188842321548,-0.09867482373770209,-0.09063222377000762,-0.09422061042623542,-0.06574094869049868,-0.13613959036943252,-0.11193848030089276,-0.08793167755615394,-0.036926397230772845,-0.048830689767456026,-0.015019071338744416,-0.06911374851247787,-0.03936451739878255,-0.0447352379823584,-0.009644991264306124,-0.014646194578352256,-0.018551671846177786,-0.07515613047055136,-0.07292534824970126,0.0,-0.07043282238418125,-0.06997733533230349,-0.06946694423159006,-0.07991097551557658,-0.07241031697774941,-0.031486689209534735,-0.10776815134467022,-0.029905425683807274,-0.07360632271389711,-0.048287733950335254,-0.07766531019688705,-0.07209786068676538,-0.0309993026962464,-0.04340055487934685,-0.07400123451350449,-0.08772990411398696,-0.09564873371987287,-0.06611992124365124,-0.0668446927503446,-0.0019176675282464029,-0.03971559516399281,-0.07837667890865258,-0.07248971017706124,-0.07615924992741746,-0.07921976846579676,-0.08722885265914304,-0.07694083229148668
-0.031045588208444774,0.0,-0.11876609045963249,-0.0855752036812033,-0.09695863271377114,-0.07534554616562278,-0.06925790633464024,-0.051106629692563965,-0.10488945700821206,-0.08146336306355823,-0.062497209788778096,-0.04605454156165084,-0.10883587886170865,0.0,-0.0027170485150042056,0.0,0.0,0.0,-0.10182069930187321,-0.0030676682699988245,-0.04692242440893152,-0.005873632404983509,-0.056661978673133384,-0.01255515906861171,6.892519255741192e-05,-0.026831569261831945,-0.08138279335710386,-0.08832832923716932,-0.0758081426037297,-0.00021586061792167044,-0.12304361828206029,-0.0864386178536127,-0.0016513427600724495,-0.06508973743041119,-0.15901789788173834,-0.07300338464159181,-0.01350933061029777,-0.04856213235767742,-0.023128913065828927,0.0,-0.0007239610909814953,0.0,-0.045331372193580965,0.0,0.0,0.0,0.0,-0.2061010431654527,0.0,0.005350251861914901,-0.037373454521272165,-0.03671852429081357,-0.03153114945343155,-0.07154333679101244,0.0,-0.18747011401965968,-0.0004569534153294752,-0.04736674566039689,-0.02969249714273009,-5.551115123125783e-17,0.0,0.0,0.0,-0.06714759646499185,0.0009906804681923953,0.0,0.0,-0.021009294087252828,-0.0002568871624910596,0.0,0.0,-0.012069521246958037,-0.06790833723654449,-0.021349043823264413,0.0,-5.551115123125783e-17
-0.049832667088195504,-0.05650702331976459,-0.058181285545596206,-0.012694049443104594,-0.0752153905174538,-0.07560863186197586,-0.0764424571369805,-0.01276823238068564,-0.0772110268336817,-0.019207996336831956,0.0,-0.022516827083904678,-0.08612049060640486,-0.0027170485150042056,0.0,-0.07775949677730482,-0.05676060920226683,-0.06263177011460386,0.0,-0.0027703588674398705,-0.017698327082470877,0.0045256143608692345,-0.012077140852686852,-0.06875956294768121,-0.07441883267548743,-0.005456662826199055,-0.0056961357264632695,-0.06009518330248781,-0.061382375177848614,-0.08635278694684889,-0.03667791309006474,-0.009817367681528633,-0.055288175303503384,-0.020444045694248514,-0.012756912209464344,-0.022747940365967556,-0.03055844208774655,-0.012244522003979519,-0.036996303480189174,-0.05354772146011033,-0.05077161942511299,-0.04214225846918762,0.05595004395321729,-0.0004973462515135418,0.011353735537367016,-0.02681356900749543,-0.0658819630851828,-0.02603995247848573,0.0,0.0,-0.07507053966853938,-0.03981390378841304,-0.08675386389604861,-0.0504127599160869,-4.51232187905215e-05,0.0,-0.005614881282001383,-0.08683590956788845,0.0,-0.055227676149008975,-0.05494257303160055,-0.0004582304310637997,-0.041879616957698707,0.0,-0.08096478409343694,-0.062265662187313664,-0.05538418529862277,-0.0858958534867284,-0.016137477847060766,-0.034911117409024084,-0.06903997685223395,-0.07877411430801068,-0.06716728308143571,-0.07498380124931397,-0.05689916637816811,-0.059855036796906846
-0.08633602296909604,-0.034968292656045064,-0.06179989642954303,0.0,-0.07859024677616094,-0.06823277132267563,-0.09002267383317514,-0.04257645108993929,-0.07604400443898124,-0.07017330417265105,-8.753688435114704e-06,-0.051021235640756724,-0.09280197140716401,0.0,-0.07775949677730482,0.0,-0.060856965588085954,-0.03807710347226312,-0.0010029512397849438,-0.05840015307001217,-0.08900710743839901,-0.0555410894210302,-0.08531922872803727,-0.07061900005964922,-0.04343339978519156,-0.07305260684790132,-0.07387683768275849,-0.0893824954237269,-0.0736880356007526,-0.0926620885996805,-0.039188896981413424,-0.020682396652486112,-0.05595485780835879,-0.02838303224232014,-0.02437111771048106,-0.04616316498835987,-0.01020691217527514,-0.08933942284552898,-0.04624059698494859,-0.06062965684796706,-0.045853775530209695,-0.03746568682514739,-0.017217170284753114,0.0,0.0,-0.06663330066301926,-0.07012696917600497,0.0,0.0,0.0,-0.05434370550737677,-0.032790447541492795,-0.05194765956779135,0.0,-0.0649431636109184,0.0,-0.041145933452494676,-0.0452242221769264,0.0,-0.07201337493362148,-0.07029829963247902,-0.05527897860491188,-0.0692735184848619,0.0,-0.08008154690772323,-0.0746542152935149,-0.06353160840127481,-0.07001784760994678,-0.05419286928182404,-0.06370033936383351,-0.07280984637705179,-0.07776973927846947,-0.06488518022196893,-0.07119949965810474,-0.0001437134041125665,-0.05626443930993613
-0.07086391318794633,-0.061196686016955215,-0.039774176582394905,0.0002067113406407084,-0.050215650852672156,-0.03514128320623189,-0.03579524528922956,-0.037488598168497866,-0.06452180586373885,-0.09409254441016063,-0.04688149414906073,-0.06541583218043551,-0.030849870948962077,0.0,-0.05676060920226683,-0.060856965588085954,0.0,-0.05450090539977054,-0.04439457820287618,-0.014024870661340172,-0.04151285746552558,-0.05977325151594287,-0.10580608324438234,-0.06457192777691506,-0.04561194145632763,-0.0736294936538156,-0.043036402318018696,-0.056234746776272715,-0.029722675294647338,-0.021361525759058975,-0.04396596796909408,-0.034433792844763667,-0.073121682226921,-0.037737253474590615,-0.007217288925635501,-0.04413570931103644,-0.05838184905489152,-0.0727974125069718,-0.01514042584141867,-0.027234913508073666,-0.015044953342456202,0.010501383546962784,0.0,0.0,-0.05894355865851414,-0.06410655257881431,-0.06409367873443178,0.0,0.0,1.6653345369377348e-16,-0.00041319247886240085,0.00010433703199691502,0.0,0.0,-0.004818589783258775,-0.00018517022385805548,-0.009549680179402942,-0.01963229478340278,0.0,0.0,-0.03634453022767237,-0.02295649973635472,-0.025224948769465128,0.0,-3.9982661638959804e-05,-5.551115123125783e-17,-0.05068717319977922,-0.0002034492825031542,0.0032382947111547766,-0.01836604820761306,-0.019072358333083683,0.0,-0.02936954093127142,-0.026015632313351078,0.0,-0.02903117401501626
-0.0848878339944984,-0.0230851040461581,-0.04605115789242831,0.0,-0.048973213607741595,-0.06035339283712954,-0.07499702163676747,-0.07137883323422517,-0.06537953887789089,-0.08723134850798653,-0.05433000431826035,-0.07263379940617504,-0.0755862051592539,0.0,-0.06263177011460386,-0.03807710347226312,-0.05450090539977054,0.0,-0.05092245274789453,-0.051531816629111105,-0.09822603919167777,-0.04829362359321926,-0.08116680868123993,-0.06938257949405807,-0.04796155464922747,-0.06395947137149849,-0.06191116352859738,-0.07114565174383941,-0.06293834498103373,-0.08354201468094852,-0.04928784487513088,-0.04010585388716165,-0.07402657305186372,-0.04155497054494639,-0.02696259067342094,-0.006760251338797485,0.0,-0.09115818149807417,-0.03770342661598869,-0.04867898076574295,-0.034506250665477634,-0.023698604411266755,5.551115123125783e-17,0.0,-0.03414564710682044,-0.060961489231276644,-0.0658742331418658,0.0,0.0,0.0,-0.06692587645958131,9.798323849291579e-05,-0.0327683420202291,0.0,-0.006664213968960164,0.0,-0.005416993106732881,-0.030311571055506747,0.0,-0.06325219863693077,-0.06402559321929091,-0.02353478978527218,-0.04415458847885534,0.0,-0.07125979309117364,-0.06096348647627692,-0.05840210369996651,-0.06182648748968167,-0.03227824229112436,-0.04177202119783896,-0.04530642505092014,-0.08104620368678761,-0.05197356223424332,-0.057325747633566904,0.0,-0.046024685289974054
0.0,-0.033364514090867825,-0.02371322414581864,-0.12063714448654989,-0.05867678554000949,-0.06875006188012056,-0.10710895087612687,-0.10289270074678303,-0.03342939638287923,-0.11602723608062304,-0.04716741077904618,-0.06853507687525284,-0.1261844009987234,-0.10182069930187321,0.0,-0.0010029512397849438,-0.04439457820287618,-0.05092245274789453,0.0,-0.041390928884295575,-0.06451609672183767,-0.0724586117827225,-0.06771999334856807,-0.04198226148793327,-0.060229403527237435,-0.051877469730198245,-0.03061023185378975,-0.12447825607923463,-0.1000009150517478,-0.08756044650062372,-0.11942515411186239,-0.09734706238922436,-0.04411404093170046,-0.10901518477450012,-0.1277626334968563,-0.10858888278518175,-0.10846375143838877,-0.05954466105225836,-0.06549860567528171,-0.015833347164753875,-0.06000292903705279,-0.0033853345970979998,-0.0411376558309452,5.551115123125783e-17,-1.6653345369377348e-16,0.0,5.551115123125783e-17,-0.03919812374002368,0.0,-0.061488016318788974,-0.07089221721921773,-0.06847806745133073,-0.053727565825378465,-0.08352506275497684,0.0010973134593748046,-0.12045155229977345,-0.0006714258746224888,-0.07715870091957128,-0.056059299832910414,-0.000941149919213291,0.0,0.0,0.0,-0.062288078180070205,-0.03818205668245206,0.0,-0.008234988479381589,-0.06005732873597852,0.0,0.0,-0.006214180225194377,-0.06543783562604233,-0.06696857348754842,-0.06859532947151442,0.0004497527501069465,-0.06640377738651765
-0.06490433668131307,-0.04629275666388083,-0.0514549084355157,-0.044987491146823266,-0.06715720891145305,-0.05809107836910293,-0.07895629584484404,-0.06910130232594863,-0.06404722430577292,-0.031164830203295024,4.02308033510268e-05,-0.0005369164406009985,-0.07176831038159809,-0.0030676682699988245,-0.0027703588674398705,-0.05840015307001217,-0.014024870661340172,-0.051531816629111105,-0.041390928884295575,0.0,-0.047175072927242157,0.024367511394225994,-0.028528605207063462,-0.03779470108254329,-0.05284439510003408,-0.03007360427637129,-0.025067175524596363,-0.05627919276331156,-0.04027230097477591,-0.03936780995590217,-0.03014228657601309,-0.0019881308060506475,-0.009511168011625548,-0.031295064107314086,-0.030630146167359984,-0.04648207229932805,-0.04696142518597113,-0.006012789556112841,-0.04615958850965146,-0.043342355998784665,-0.06660782988533936,-0.052346043263907904,0.0013790455909672983,-5.673495198482703e-05,-0.006732686495991569,-0.016100082977341057,-0.05634498919792952,-0.05053684418625043,0.0,-0.008935185394647549,-0.059846672811421475,-0.05246574901656942,-0.07161344926836227,-0.04930268597665832,0.0005852254544304047,-0.03100811094911793,-0.0036278530191061753,-0.07098406926639361,0.0,-0.07138571721036224,-0.057157995137635365,-0.005436644980625793,-0.03961249124225791,-0.013768008086798011,-0.08324462622693046,-0.06812442702247157,-0.06081923340103712,-0.07875458198969054,-0.0013103155613268247,-0.04257185493300608,-0.06958839956205154,-0.0653275530572332,-0.06936401071892523,-0.06665272703244501,-0.08928280843651565,-0.06672910778766539
-0.08309296121252996,-0.07366284641179782,-0.050240840127380115,0.00043007563853636466,-0.09997747878167146,-0.09322761160087356,-0.10217054352835814,-0.027181797714300238,-0.09026208189509832,-0.10269596874213832,-0.04483239964529473,-0.07204350453895025,-0.1047361730841937,-0.04692242440893152,-0.017698327082470877,-0.08900710743839901,-0.04151285746552558,-0.09822603919167777,-0.06451609672183767,-0.047175072927242157,0.0,-0.040998343889239286,-0.05826582954554865,-0.09259865129793482,-0.10898517995793883,-0.05544383875039577,-0.06985316380310136,-0.09670362431642415,-0.08461356745211607,-0.08582966222183464,-0.05928666398159993,-0.018750343665676905,-0.07867220178028506,-0.04153386344584853,-0.02927516018024917,-0.056956551831789326,-0.06946993860745893,-0.058460632693286,-0.0271505165604895,-0.07833883621477544,-0.055765522124239575,-0.04301620354870478,0.04047548626463443,0.0,-0.0006878091778491635,0.02462319756312492,-0.0866784532420044,-0.0006585957855489433,0.0,0.00012618064896030567,-0.06856514916774681,-0.09103205200901948,-0.05571750342699894,-0.04721930894023352,4.6593649993209585e-05,0.0,0.0067608761891616576,-0.08504404366721363,0.0,-0.06161341937050807,-0.07079213130938183,0.0,-0.056830108101275145,0.0,-0.08013188269005772,-0.03958212415733331,-0.071217246127949,-0.08012522121536003,0.031099226168632033,-0.05695841777160782,-0.080217305199132,-0.07287602318722447,-0.07054411402353017,-0.07653395950795783,-0.08461360739939577,-0.058113494197529814
-0.06493789369594882,-0.015011414900272746,-0.05208149852105326,-0.03442676172683845,-0.06817287580400788,-0.048403781547215585,-0.07866242229636833,-0.03444164865735483,-0.05603595421020657,0.004621829090386331,-0.028844879924173727,-0.009907082565283165,-0.07450283677588332,-0.005873632404983509,0.0045256143608692345,-0.0555410894210302,-0.05977325151594287,-0.04829362359321926,-0.0724586117827225,0.024367511394225994,-0.040998343889239286,0.0,-0.03736657651539527,-0.03435811564361463,-0.0515009146506612,-0.025495844571967907,-0.019928519331618322,-0.0654467882434438,-0.03733331718551963,-0.06448920165933547,-0.025291259880291905,0.014898679489138034,-0.006614499447938071,-0.009260666726745637,-0.002113411669403098,-0.016823244494503342,-0.011363622808770013,0.0034493630001267706,-0.025203727222492867,-0.036433404484800536,-0.04184970571712393,-0.034703507577427684,0.02061037190211157,0.0,-0.013902029607995858,-0.03617262745409505,-0.05795646223701789,-0.04361929406386772,0.0,-0.0003123977001273093,-0.05263836284167628,-0.07454500102203981,-0.07247259272305656,-0.044175508374857675,-0.05596529377814963,0.0,-0.02694774053225585,-0.05100239781738325,0.0,-0.04701738030910613,-0.05634355611378605,-0.03382033287017672,-0.04554852104289486,-1.1102230246251565e-16,-0.06358189537841019,-0.06392968545248723,-0.04743972715967382,-0.07342561650431406,-0.03151749123035208,-0.05022456932037189,-0.06817733211036614,-0.05802568895826338,-0.055130401759950376,-0.05662508544360745,-0.062317026574705225,-0.041513982175706954
-0.05443399877650529,-0.055868615381531206,-0.09305807623319659,-0.04187035468246786,-0.06833398870837504,-0.05269836822633028,-0.08984204309100174,-0.047276856766079345,-0.061514450944165355,-0.09690826774828243,-0.046884421144291255,-0.039701035768821946,-0.09770192130068417,-0.056661978673133384,-0.012077140852686852,-0.08531922872803727,-0.10580608324438234,-0.08116680868123993,-0.06771999334856807,-0.028528605207063462,-0.05826582954554865,-0.03736657651539527,0.0,-0.058600259042836556,-0.06795233984848886,-0.05546060441050188,-0.02403498640678886,-0.09478860827574825,-0.07878960248360578,-0.08857839793136268,-0.07889021326118806,-0.04554785713796583,-0.061616945836359516,-0.07343370264464677,-0.05399699892985754,-0.07069770488751775,-0.07961722345955907,-0.06405241489459762,-0.0406655033763349,-0.05957801477267061,-0.07427781557741692,-0.06383098460186032,-0.01476147386738158,-0.03509588197407976,-0.02395852641492846,-0.04351115969419006,-0.06549511976861289,-0.014837960765854419,3.928640530265204e-05,-0.046200958241398915,-0.045364197709670206,-0.04719838152731792,-0.03294443090425164,-0.05150131283694659,-0.047002630882354346,-0.044363526194683256,-0.035586698671243366,-0.05314111485161105,0.00824929581865197,-0.0790400663522387,-0.051230096999554775,-0.01694781605122253,-0.048205096526435454,-0.011023483688660574,-0.08910549522712824,-0.07147620054190701,-0.06754621351639856,-0.03325275361115698,-0.014701314556848644,-0.04974624478823653,-0.0746925777222579,-0.046509174633683426,-0.05417224843142121,-0.053180692216559966,-0.06397991151785637,-0.04937695286071914
-0.04567819404366841,-0.03341844523215198,-0.04154949164263977,-0.03355222221458304,-0.03260286855386452,-0.027580980576327296,-0.015266953888055546,-0.05040623826488233,-0.0707438136756538,-0.01673457069763873,-0.05161448791054185,-0.0025441883593843584,-0.02692321475086712,-0.01255515906861171,-0.06875956294768121,-0.07061900005964922,-0.06457192777691506,-0.06938257949405807,-0.04198226148793327,-0.03779470108254329,-0.09259865129793482,-0.03435811564361463,-0.058600259042836556,0.0,-0.059400092500370316,-0.047065650411100224,-0.06676749886029043,-0.012898802870444592,-0.053433643051757296,-0.03922123681897144,-0.05254010503931322,0.0065335711343106895,0.005421698732444413,-0.012355571371193697,-0.01520582888377775,-0.08151067875343976,-0.04291516851366961,0.012422880108086731,0.06550799029045157,-0.040464441469352574,0.01983560371973625,0.06016058358418025,-0.01698721795429814,0.004730142705206775,0.024933462570127185,-0.041553684954516945,-0.06532750498992279,-8.427059674831483e-05,0.0,0.0,-0.02220583840802537,0.018440882265887637,0.0004247929472448453,0.00033548822097501096,-0.02032864940886492,0.0003820151602687005,-0.03743233067348439,0.026679830222409995,0.0,-0.09821329485589197,-0.06994144537737668,-0.04203640568365724,-0.05636376124995174,0.0,-0.06257815563367519,-0.02990711899504489,-0.06959946640735132,-0.05797225383900789,-0.05958810020594188,-0.047493633453920936,-0.041811715508189684,-0.006490227090208467,-0.02921905931108032,-0.05078210983000436,0.0,-0.0560123044052388
-0.0745119442686859,-0.014757777762617608,-0.05694412610134575,0.0,-0.05608564787381015,-0.04829340204224053,-0.072857756702363,-0.06000455553599099,-0.07287953303261901,-0.09189396908715414,-0.06095407133516262,-0.07722438331331413,-0.07198022616683875,6.892519255741192e-05,-0.07441883267548743,-0.04343339978519156,-0.04561194145632763,-0.04796155464922747,-0.060229403527237435,-0.05284439510003408,-0.10898517995793883,-0.0515009146506612,-0.06795233984848886,-0.059400092500370316,0.0,-0.05325437662754501,-0.05749775900072884,-0.07186046436725407,-0.053090385591622324,-0.0744700775947188,-0.05707334571852557,-0.03681898769985115,-0.06834041109047545,-0.04002412652058701,-0.02928913692693902,-0.08233252278504238,-0.0005972024162764211,-0.09167026937752512,-0.03742908822007007,-0.04999289561744402,-0.029203620078751324,-0.01781123951907676,0.00024607582462188304,0.0,-0.012590612906111576,-0.04640169006845707,-0.07438112229079591,0.0,0.0,0.0,-0.06004823475691051,-0.032678534947792104,-0.08094635633542102,8.313547193489201e-05,-0.016576084527650248,0.0,-0.010716067717357669,-0.07138275610672323,0.0,-0.06423171073563183,-0.0647433066301476,-0.026716018560844212,-0.04667891556372622,0.0,-0.059927492983838815,-0.06075300441331344,-0.06115545340711376,-0.08048726054561406,-0.04071651759539574,-0.044011844160405655,-0.046432820256638974,-0.07457252951048399,-0.053949281729100074,-0.05260964405011587,0.0,-0.04223398206085793
-0.04748337470467334,-0.03153271788460921,-0.053159025845873564,0.03270428791798963,-0.06693989662650729,-0.050727644877881284,-0.06617341765933271,-0.04196733170350864,-0.07324543846766335,-0.060560026896625374,-0.05052897674893103,-0.046118280608195616,-0.06364627820791652,-0.026831569261831945,-0.005456662826199055,-0.07305260684790132,-0.0736294936538156,-0.06395947137149849,-0.051877469730198245,-0.03007360427637129,-0.05544383875039577,-0.025495844571967907,-0.05546060441050188,-0.047065650411100224,-0.05325437662754501,0.0,-0.03716969755104482,-0.06206776197952674,-0.05056920662720121,-0.0638640724384325,-0.03877975387896254,-0.01855631057464452,-0.06355601969990443,-0.027023340468768642,-0.028668673910269782,0.0048223203498231615,-0.0216441407394225,-0.062476334870122885,-0.040866348119528606,-0.05282770198251563,-0.046273401687584925,-0.036165341256093886,0.012927417768378857,0.0,-0.03323266181680701,-0.05939173886239629,-0.07941735645739328,-0.034975884316178485,0.0,-0.00027902560846515545,-0.07101083624681392,-0.08431623467957744,-0.07049429173841348,-0.035116812569189304,-0.014648819838883165,8.538527391194206e-05,-0.014728149875278984,-0.0744324545278674,0.0,-0.055201083345997326,-0.07835987502694292,-0.030206011094595142,-0.052116222734899076,-5.551115123125783e-17,-0.06557071399891784,-0.07012677386176841,-0.05796109409608863,-0.08881051652520022,-0.029644072166940816,-0.04792936780976248,-0.06807313434628426,-0.0747563948303287,-0.04215188741290149,-0.0631025554985663,9.13532961328567e-05,-0.05133120014211162
-0.0681987131903411,-0.05398461371093105,-0.029155642482222577,-0.054985344370163836,-0.058588932785002046,-0.039945106113945084,-0.08438045318839987,-0.056154456701906996,-0.04487624501932619,-0.08800846413865765,-0.05248406319055493,-0.0413616895039407,-0.08648443959468777,-0.08138279335710386,-0.0056961357264632695,-0.07387683768275849,-0.043036402318018696,-0.06191116352859738,-0.03061023185378975,-0.025067175524596363,-0.06985316380310136,-0.019928519331618322,-0.02403498640678886,-0.06676749886029043,-0.05749775900072884,-0.03716969755104482,0.0,-0.09138227636129531,-0.04691762783592701,-0.08018757080575933,-0.06156355890125881,-0.03137650358366112,-0.026630605758839354,-0.05737396360758362,-0.04304492327413373,-0.08922837841667958,-0.07465216200287372,-0.031008489146901963,-0.054796290641461576,-0.05972872562051956,-0.07595632081984577,-0.06743760221652939,-0.02615979851531297,-0.016011576553375595,-0.017819677058967753,-0.01574218578437242,-0.06460116213702982,-0.04103343627921019,-1.6653345369377348e-16,-0.05398993085658915,-0.04688570875248116,-0.03676254665053458,-0.04623574906762257,-0.05664946107646929,-0.04080449887208548,-0.07738776275108555,-0.035803968202494985,-0.04614911062225002,-0.0025372022768260782,-0.07895419044641272,-0.04833210361099549,-3.23181920361959e-05,-0.03829444092797629,-0.05070779007480214,-0.0883016499729441,-0.07300710659572995,-0.06768713365054013,-0.037764064863406166,-0.016752597233573086,-0.034910180827961435,-0.06873733068391918,-0.05076132899063318,-0.061651653061946254,-0.06338550129678566,-0.07129792894291748,-0.059712396419468794
