0.0,-0.02571671359411376,-0.034653921495617024,0.0,-0.000255022378230052,-0.05533569945446015,0.008595495796199115,-0.046326581731643224,-0.097418410770307,-0.03712822486480055,9.778470306143205e-05,-0.019171869530179075,-0.011308284646404376,-0.014861448957255441,-0.0073850973195068725,-0.01779605554805913,-0.030245148586494464,-0.04111262128377596,0.0,-0.04435250424958748,-0.02432290541924792,-0.029869678339089267,-0.05106431756926938,-0.020372639342746524,-0.04163355105015348,-0.015541604706645118,-0.04306510338475272,-0.021886156614092878,-0.029654339845439248,-0.03700896108141666,-0.020021875017796287,-0.032976301460455215,-0.017011307300654865,-0.017191535784308043,-0.02707927628938217,-0.0307295743555554,0.0,-0.04011573950133107,-0.04950194306157024,-0.045143845239086544,-0.04070566072015652,-0.0509647956276672,0.0,0.0,-0.03898430834476968,-0.03831918220120373,-0.05164287756714325,0.0,0.0,0.0,-0.04538679757733338,0.0,-0.030042141208357964,0.0,-0.028967210346827754,0.0,-0.0337778089198304,-0.03862766124866662,0.0,-0.043508204350757584,-0.034708482558640785,-0.020186720640462397,-0.031299552609676706,0.0,-0.0655653426088959,-0.02082057980886376,-0.05036687782504845,-0.042579054367439195,-0.005232310860068867,-0.04855859660066114,-0.04205289043260735,-0.006334909462442528,0.0005392027503457464,-0.059292996174608203,0.0,-0.04332877678147873
-0.02571671359411376,0.0,-0.043090572666361404,0.0,-0.04432088304015713,-0.04795710068555864,-0.03220388011603326,-0.04185049407739455,-0.03892199535151042,-0.04815610032934187,-0.0008354008489488418,-0.04715207911176156,-0.033537195776509376,0.0,-0.026582276339031374,-0.02003174894641524,-0.012065739649124496,-0.037733051218812985,-0.030354265556812088,-0.03376592311624205,-0.03859397758004246,-0.038456100813453964,-0.04736499780819947,-0.043388503587487914,-0.031121559824148215,-0.0315392533397027,-0.05217965037177186,-0.03827320551393942,-0.041612343171454014,0.0008315685372414783,-0.02616445963790176,-0.04053671168224854,-0.030903244473353852,-0.026694252203342927,-0.03292481805143216,-0.04119535145386882,-0.0025936129787944573,-0.00027030157035523583,-0.036805122834090764,-0.03130848636755884,-0.03186670326217317,-0.04886776213111277,-0.04678815108265527,0.0,-7.65666534039422e-05,-0.044642194190953,-0.03953881347005428,-0.007943830313903444,0.0,-5.551115123125783e-17,-0.027685919599802378,-0.03281169226356617,-0.010411877911982947,0.01290787202952931,-0.041729873082162916,0.0,-0.03774280809264169,-0.026512476702293897,0.0,-0.019570615442952966,-0.03204347489178655,-0.02712213735890001,-0.03638957954302602,0.0,-0.03306717655109914,-0.03887111078011596,-0.018166478784915785,-0.02552824539583276,-0.01843630465209295,-0.04321314974312285,-0.039771344346912874,-0.022877321770927828,-0.022376824629744718,-0.028339475996344732,0.014313532161778775,-0.035767487875792314
-0.034653921495617024,-0.043090572666361404,0.0,-0.01897512637310378,-0.0434473660243862,-0.04609337828196297,-0.005895845183852222,-0.04048099547827122,-0.046406737113129704,-0.021506381603731972,-0.02932552958400042,-0.01631746139465512,-0.006388176623179087,-0.051817772159758524,-0.019474181033937055,-0.016736204349483697,-0.032423422821094894,-0.026771738969982917,-0.02215815483922126,-0.03884914157176361,-0.05001964007421805,-0.03742377244479239,-0.02590310741830887,-0.02766036216899953,-0.06438441953325297,-0.06198067427944143,-0.046091555997728295,-0.011435509471970862,-0.025350011591531885,-0.01488619845070216,-0.012775517117664559,-0.014411683380315676,-0.025814744753119956,-0.009803138288018931,0.010817419822416185,-0.022789291916614995,0.007911405268381688,-0.09487511920035607,-0.022261974081213554,-0.014717811798332148,-0.013888851003447611,-0.013153983084475906,-0.026509357303934,-0.011717407610344899,-7.598234774452983e-05,0.0,-0.0032100458656821873,-0.004479686474504252,0.0003321304352562615,-0.02644574852394488,-0.0038361703239359057,-0.008403754034781552,-0.02682299828887602,0.011768236344029126,-0.020245857793449118,0.08472652006249898,-0.007303433116997715,-0.019154117096420897,-0.010339045327335872,-0.044532226549897136,-0.0005824172292046015,0.0,0.0,-0.033896992551231075,-0.05435907030901921,0.0008236989920491489,-0.016285988809495056,-0.01183836168683483,0.0,0.0,-0.03312320752635595,-0.0032351278753354196,-0.008264170820320937,-0.013785583568141191,-0.015608694330448758,-0.012400160357436074
0.0,0.0,-0.01897512637310378,0.0,-0.01665613192907628,-0.006752503101555618,-0.024281528951444142,-0.025128380712091558,-0.015123676052087087,0.0052578812050114165,-0.016144113996998444,-0.03603571354975704,-0.0356628304953403,0.008525741114671304,-0.01495759487428061,0.0,0.00037627222385006043,0.0,-0.05401628513709472,-0.004578154288266578,0.0005531440774710905,-0.00040266077118844557,0.002636678514742141,-0.0010761310939654267,0.0,-0.002194202032244963,-0.029231535638606754,0.014861917504088829,0.018085982692684688,-0.00023550769934577165,-0.0005405562502384109,-0.03695569492737505,-0.0038348522915245264,6.098382937858027e-05,-0.0510410461032616,-0.017051447121635976,-0.012889269736142017,-0.007010858994781377,-0.0011288857560051713,0.0,0.0009164389894681935,0.0,0.00036384370264896937,0.0,0.0,0.0,0.0,-6.565206697611847e-05,0.0,0.0,-6.474808395606768e-05,0.0,0.0,0.000153699942424812,0.0,0.00015734994250538037,0.0,-0.0001157053653655371,0.0,0.0,0.0,0.0,0.0,0.0,0.0,0.0,0.0,-0.007061759767601594,0.0,0.0,0.0,-0.004762381967183593,0.00015065282247322953,0.0005925366555227796,0.0,0.0
-0.000255022378230052,-0.04432088304015713,-0.0434473660243862,-0.01665613192907628,0.0,-0.05375123277040311,-0.014103018775302456,-0.03685808766019738,-0.03748852816982223,-0.032130846172421734,-0.026244369839261594,-0.018678446287349548,-0.023217373901861738,-0.03461348180376517,-0.02490477439602634,-0.014673790371033002,-0.05017077201200548,-0.010462085324037806,-0.04198838136066829,-0.04597848418339456,-0.013563627738618023,-0.03565616922527248,-0.017868572101698066,-0.032662243354273535,0.0017134110851046436,-0.06110190283637679,-0.050239788602902846,-0.03452733012468445,-0.023343159164991356,0.010109472346593429,-0.008946658021841525,-0.03546475969125784,-0.055432306344136595,-0.014959543765606431,0.014307484053697583,-0.030149552369768184,-0.046218915553703444,-0.01473609212177851,-0.04478837346206649,0.015050628435466284,-0.0016038854008213477,-0.015438670709784386,-0.025396207860572617,0.00016160288739885953,-0.01255500222988587,0.0,-0.008212148360597749,-0.024250264381300957,0.0,-0.06251519372456266,-0.005764907014842668,-0.0327777749661064,-0.0171727762831268,-0.03572080366944108,0.001245305522721285,0.012292605546339874,-0.005821356082841456,-0.03441255673329252,-0.00961530747597883,-0.011847372213799057,-0.0006090894070650554,0.0,0.0,-0.0392072851037612,-0.02603432877364875,0.0,-0.019389276496650787,-0.009992853133984902,0.0,0.00012029753538911336,-0.0066084976368245285,-0.015534207763631236,-0.0266814502488531,-0.054886435411467704,-0.003918126758632012,-0.009567849119529459
-0.05533569945446015,-0.04795710068555864,-0.04609337828196297,-0.006752503101555618,-0.05375123277040311,0.0,-0.006209487951998827,-0.016895733022304515,-0.035278253322159,-0.028344946010771588,-0.06347225446529597,-0.01929215737112766,-0.028951478177914325,-0.012809571731161595,-0.0551202594460673,-0.019964501940738122,-0.0251026759040211,-0.020012912220972234,-0.036477704605048344,-0.04894089286527531,-0.04977695947109023,-0.03474650012658237,-0.02326469025258654,-0.0315174618839299,-0.03611296302929373,-0.045413940134998165,-0.021658224401286952,-0.027409152887312715,-0.045154465337551575,-0.012725663916881902,-0.00867162460901022,-0.007409743598395246,-0.02343891425974992,-0.014461453973594496,-0.007608456286967213,0.004219526107245408,0.0061138267005734215,-0.006743668892860821,0.006850170434442582,0.01274844774929662,-0.002062871866911453,0.0067668694507098115,0.009124081678017815,-0.061203684750342324,-0.007036842613168837,1.1537837359965053e-05,-0.03673384275930369,0.0005929583001643701,0.0,-0.012759044944533948,-0.002081382469339199,0.002522047189871368,-0.012213100871099114,-0.0004145782139173271,-0.009845144954712837,0.01079002119816308,-0.008543317962489916,-0.01343508705040053,-0.008580325878158712,-0.026384627963118357,-0.03263616329561919,5.551115123125783e-17,-0.009730396240854311,-0.007546525961391937,-0.02950524699318563,-0.05154177915449554,-0.02071240420932119,-0.002710628656897418,0.0,-0.04419001421862134,-0.041211949504762924,-0.0037102475208978802,-0.008395495621809967,-0.006392021747003873,-0.007635866848647144,-0.000940739373622379
0.008595495796199115,-0.03220388011603326,-0.005895845183852222,-0.024281528951444142,-0.014103018775302456,-0.006209487951998827,0.0,0.00833017154166471,-0.007682892026243782,-0.037499384478857756,0.004256424673275749,-0.04861548058634385,-0.021011228175335128,-0.03133718958169712,-0.044845858843418185,-0.01775969537556349,-0.022755670663848204,-0.03192619821530501,0.00026108464697821576,-0.022006203711778582,-0.01341588201067695,-0.014842849684247872,0.005742587079931694,-0.04776621981141904,-0.019804377271894713,-0.03250403220678999,-0.003644636074623009,-0.03808074947219675,-0.011071350650235956,-0.006027869582271361,-0.029182765276251965,-0.004809933787039811,-0.027574561627029426,-0.03050409635129736,-0.0034509344121109176,-0.02080633381319641,0.04414698229317321,-0.04054963211733259,0.01729237260920896,-0.026223287987025223,0.03212593863822838,0.03566256559652936,0.0022907834728972953,-2.138421294112236e-05,-0.011752476648525134,-0.000451524789829405,-0.0036643636476685337,-0.004222510390912482,0.0,-0.02337044993953652,0.010322644602833386,0.005912682694619975,-0.004057700361458361,0.0035034058305563054,0.03705645746892072,0.012472499450189245,0.010774838292672062,-0.004407922821211052,-0.019823195952406003,-0.010426781812698127,-0.02622705596917957,1.1102230246251565e-16,-0.0005739475726183052,-0.010100742563076026,-0.017434113233804727,-0.012729650417247329,-0.002713429734765682,0.010140047603023561,-0.015978997126049277,-0.019686629403268485,-0.03478105905570733,0.005960181710806478,0.005115830564945245,0.0023914074994291212,0.007245525918606943,0.004670952634665104
-0.046326581731643224,-0.04185049407739455,-0.04048099547827122,-0.025128380712091558,-0.03685808766019738,-0.016895733022304515,0.00833017154166471,0.0,-0.027282354858768898,-0.03591896909728215,0.006913944541380834,-0.02812944221860597,-0.008969595882498127,-0.02928582901307414,-0.0427314109632867,-0.03696213798274761,-0.03037596915175106,-0.05061800719459175,-0.031485612577112965,-0.03972177519539549,-0.02588404819728679,-0.04549524880258016,-0.03548368519278011,-0.04595736121788341,-0.04540702361456622,-0.04597889907345787,-0.04046578001569029,-0.021286450485562436,-0.033764850593728135,-0.026515680656988283,-0.020661213008949353,-0.014696379503053247,-0.032731552595785196,-0.014545659217129525,-0.005205630593376587,-0.01815935029345661,0.004308182241249736,-0.011594502075889801,0.014331042329748744,0.022928512460033468,-0.001483800634641208,-0.018810622358623352,0.0147770529919799,-1.5011470378856195e-05,-4.327834765938121e-05,0.00450448728246855,-0.035447714757598725,-0.012897363841729792,0.0,-0.013824431655546865,-0.005695288691895284,-0.008417059428138418,-0.0494344967690839,-0.010395905716291343,-0.014465296840012798,0.030145664898365232,-1.1102230246251565e-16,-0.01640580347256909,0.028636992407886697,-0.018622684631469544,-0.03340176480855439,0.0,-9.79515769156114e-06,-0.026405812448077437,-0.013048689575265171,-0.010263697842559094,-0.020869593337782988,0.00934142059202453,0.001628044371629389,-0.020590199633166884,-0.025865409030821962,0.004064263575229599,-0.007164531900144655,-0.0076090983627074005,0.00021904123697125133,-0.0011625553932899657
-0.097418410770307,-0.03892199535151042,-0.046406737113129704,-0.015123676052087087,-0.03748852816982223,-0.035278253322159,-0.007682892026243782,-0.027282354858768898,0.0,-0.0202292226784605,-0.05843040922045764,-0.01902235600609553,-0.007183950583341758,-0.038996855431154165,-0.037377717788464326,-0.026148409719115917,-0.027707589330541404,-0.027373867764478255,-0.043294107657385644,-0.041903962418023244,-0.04214286895029706,-0.023237126022765675,-0.007061885607135443,-0.018280867595994732,-0.06177126813438005,-0.06798265379844626,-0.06356866286410118,-0.006097480017103862,-0.03738087620255298,-0.0028145054095918276,-0.009627322417277262,-0.0082782793947484,-0.03113291843724214,-0.005662498020886975,0.016579187916515192,0.01779163379150045,0.013341176338761751,-0.010534292464333184,0.0017782082802155763,-0.021045352800976025,0.008472806109864783,0.00745149246365906,-0.013212889111749226,-0.01728077018814511,-0.029644234996154373,0.0,-0.0398933337942447,0.022488521489704483,-0.008426035559511602,-0.018036459462326793,-0.0017796844584246907,-0.0017812474827113567,-0.025390393852501303,-0.007510543765887778,0.01610569649844229,0.037758239125048276,-0.012379014047229908,-0.016528965462345502,-0.01593971252251375,-0.02850588720109387,-0.011122833170447877,5.551115123125783e-17,0.0,-0.014213321235160947,-0.020730759092617845,-0.016600446618936504,-0.010671530981006594,-0.01014967212158957,8.040279589066612e-05,-0.004027484802751835,-0.040967662098349955,-0.006762277998797694,-0.006424338431080923,-0.0032156674292188603,-0.010008137646850934,-0.008757729636672651
-0.03712822486480055,-0.04815610032934187,-0.021506381603731972,0.0052578812050114165,-0.032130846172421734,-0.028344946010771588,-0.037499384478857756,-0.03591896909728215,-0.0202292226784605,0.0,-0.021797087459364206,-0.055986120088163005,-0.05429954908537249,-0.02801975048433114,-0.024352522916294306,-0.03385373026574878,-0.025114433528915237,-0.025491792184887174,-0.021317325487921868,-0.04656290209581848,-0.09341081196923406,-0.03169906156936603,-0.025860324871998908,-0.05676609487575063,-0.047612599176117154,-0.059881099815071004,-0.03485147997562105,-0.05438520391823548,-0.04874312362717548,-0.014439856101256532,-0.04061605195143625,-0.027948299462917325,-0.04286573368048108,-0.04171105742900927,-0.06177993491944023,-0.0202671375602701,-0.05155231324354473,-0.04585909928114795,-0.04848104767871886,-0.06805819123098633,-0.020414793596568004,-0.026986590650074915,-0.0372069043749792,-0.0075644831738617135,-0.07797334259050726,-0.03572167351045308,-0.02404443163008596,-0.01267379152980308,-1.1102230246251565e-16,1.6653345369377348e-16,0.0002837791402120482,-0.028755440291694745,0.0002740556765958857,-0.012242513486328876,-0.03988834937509539,-0.02019454766876916,-0.036088191726566354,0.00807754889030271,0.0,0.0009990159048252623,-0.040266241832508765,-0.028231268674899668,-0.02758793738208759,-2.374470477545243e-05,-0.006505113277234964,0.00030003503866005143,0.008720351423374295,-0.011008298544572193,-0.024862877978273412,-0.04352194378579366,-0.035409682507580864,-0.012959893446429338,0.03101320727058704,-0.003995048023503811,-1.1102230246251565e-16,-0.021051746183000875
9.778470306143205e-05,-0.0008354008489488418,-0.02932552958400042,-0.016144113996998444,-0.026244369839261594,-0.06347225446529597,0.004256424673275749,0.006913944541380834,-0.05843040922045764,-0.021797087459364206,0.0,-0.013747754158726866,0.002094720263971561,-0.03587216274552574,0.0,-1.78348511779558e-05,-0.016265849513276587,-0.02807725479495471,-0.050744588335125324,-0.014024900335106227,-0.037960321524692975,-0.018645233819031104,0.018197195714386327,-0.027037978315786748,-0.023583961168365863,-0.027448566642112593,-0.05766749784101677,-0.0009712730051104623,-0.04750785642283428,-0.00514290566215686,-0.007415577499666259,-0.028203537050424554,-0.038243230532814476,-0.004979340476527705,0.02538196264382081,-0.00913448544662554,-0.02596622226521811,-0.0032314019234849223,0.002491190794989828,0.003260912560712037,0.02224125874816063,0.006344521871965325,0.0015539261610819088,0.0014051664137534337,-0.0090030971065434,0.0,5.551115123125783e-17,0.07085788748222688,-0.00014385260377741682,0.027411172822872754,0.010445393433173522,0.01397084326147624,-0.007749119177009878,0.015987557585232126,-0.01621166997052015,0.03595977015362328,-0.023305654272928022,0.018060880212916186,0.021189547367216233,-0.0008133886636438881,0.0,0.0,0.0,-0.02326489890508282,-0.014022138715199195,0.0,-0.01237928309822206,0.00650547304538629,0.0,0.0,-0.00517272915484529,-0.002195723288420215,0.0067548081705597895,-0.00801940053717387,0.04522810381298942,0.014931097790084835
-0.019171869530179075,-0.04715207911176156,-0.01631746139465512,-0.03603571354975704,-0.018678446287349548,-0.01929215737112766,-0.04861548058634385,-0.02812944221860597,-0.01902235600609553,-0.055986120088163005,-0.013747754158726866,0.0,-0.055214970855538614,-0.026225732067755803,-0.019151395862191445,-0.04506210852031045,-0.04638785589106165,-0.0326290714270403,-0.03407407795985401,-0.033069398094940916,-0.02273699984863875,-0.024451047335963316,-0.031055635657218195,-0.03017563721462929,-0.04662052499423852,-0.029923492418343467,-0.035631499917297416,-0.06868898818244706,-0.0025428528051930077,-0.015158409685734842,-0.052046774157803066,-0.03386675041910042,-0.05812806158509254,-0.05835616256979373,-0.025425023534511537,-0.007924889073604113,-0.018216994268280662,-0.047760823091591825,-0.05078135118611882,-0.0471917611243135,0.03400076920853007,0.06801478400899508,-0.03493419380912588,-0.013853104923852305,-0.06887195414593744,-0.054421719546136504,-0.007779393264760792,-0.005729403760978247,0.0,-0.00019319679586077276,0.0016648385769890695,-0.004655052688781303,0.0,0.0015748746674026926,-0.03529484462871613,-0.01576441107607912,-0.031759265150990645,-0.016445101991320155,0.0,-0.014123541618199176,-0.03397945974991501,-0.03249803473216378,-0.023365911328347533,0.0,0.000220069957586444,0.0001813947719082054,-0.025657460678024435,-0.014153301209429148,-0.022874599829297515,-0.03625523967348271,-0.03366215694522323,0.03640662006462708,-0.01210557833977971,0.019838197642274513,0.0,-0.033034781243155675
-0.011308284646404376,-0.033537195776509376,-0.006388176623179087,-0.0356628304953403,-0.023217373901861738,-0.028951478177914325,-0.021011228175335128,-0.008969595882498127,-0.007183950583341758,-0.05429954908537249,0.002094720263971561,-0.055214970855538614,0.0,-0.04042084828567921,-0.04725013264117672,-0.02181309873380305,-0.05891710441747122,-0.041343443802701774,-0.00048783476736141695,-0.027177230276754172,-0.026256848972376456,-0.019063366905796353,-0.01210967981691008,-0.03943274439154465,-0.027241527227983398,-0.04130302310516765,-0.01587854455951121,-0.047631259664164316,-0.017073964951616394,-0.03153669489653227,-0.03574073509106512,-0.007528856148646235,-0.03901244146325439,-0.03560481162723844,-0.002870164530643704,-0.014985984906374428,0.018053234048330813,-0.046234354236540154,0.019671423507065855,0.003036140472888804,0.02508024390027014,0.020171554218699206,-0.002118923915532256,-0.008838531369795788,-0.02641662475260592,-0.016931841791294755,-0.038065608317889355,-0.0029566601634544165,0.0,-0.018537237126693862,-0.003052520596098174,-0.0024534229136216057,-0.009945232503560941,-0.010712344081555525,0.054639072536626254,0.007807003065064433,-0.01644506009122154,-0.009140337542758892,-0.03455447198295353,-0.013940243689266107,-0.007134890814772088,-0.0017154251522481512,-0.02510634794822758,-0.012560327570303453,-0.018741319652993693,0.005768783979587411,-0.003544546817983607,-0.002420238212835657,0.0037954820624464536,-0.06102485428598936,-0.03959704591352692,-0.003962696559005718,-0.00536608915868253,-0.004480888898904856,-0.006378270774023309,-0.004779964474717069
-0.014861448957255441,0.0,-0.051817772159758524,0.008525741114671304,-0.03461348180376517,-0.012809571731161595,-0.03133718958169712,-0.02928582901307414,-0.038996855431154165,-0.02801975048433114,-0.03587216274552574,-0.026225732067755803,-0.04042084828567921,0.0,-0.0031176067673810426,0.0,0.0,0.0,-0.047518089498053195,-0.004274718671623656,-0.01818230290031153,-0.007351203108358018,-0.04096809654289585,-0.0811957878163192,0.00014042886730242232,-0.03717864816339378,-0.04416162919594907,-0.025469060130445864,-0.04373225301295652,-0.0002757302678585982,-0.018072125489236146,-0.02949575286125833,-0.0006522081420347048,-0.026042690860858808,-0.038036779892232864,0.02188964873043764,-0.009216456136041912,-0.044686950066642306,-0.023655750092783034,0.0,-0.0005084003272344817,0.0,0.017135969484079472,0.0,0.0,0.0,0.0,0.007991871820374974,0.0,-0.0305704971259943,-0.02630329600247794,-0.025320693160208407,0.005397352446708414,-0.017599578474528976,0.0,0.023668363545381488,-0.0004581622796985263,-0.030383406765237098,-0.021438187250341856,-5.551115123125783e-17,0.0,0.0,0.0,-0.026181315480489187,0.0011947004541675854,0.0,0.0,-0.009230513845419952,-0.0005233844391961395,0.0,0.0,0.019896460938898186,-0.03962305950210154,0.005897501704610231,0.0,-5.551115123125783e-17
-0.0073850973195068725,-0.026582276339031374,-0.019474181033937055,-0.01495759487428061,-0.02490477439602634,-0.0551202594460673,-0.044845858843418185,-0.0427314109632867,-0.037377717788464326,-0.024352522916294306,0.0,-0.019151395862191445,-0.04725013264117672,-0.0031176067673810426,0.0,-0.03270444388628074,0.002362357675505522,-0.04453083317416012,0.0,-0.029677728317929364,-0.007596528200315034,-0.037737317276172244,-0.03981473704821159,-0.02502980011870415,-0.03310144738102544,-0.03584006842908205,-0.033569637295286225,-0.03782332678492745,-0.045309214471443704,-0.02354330055829207,-0.04049498864465001,-0.04376104903717942,-0.04146923773013622,-0.03901777033388171,-0.04308190970669029,-0.03773269913449534,0.0148107494680495,-0.018636179458638824,-0.017766173383674755,-0.01772857528321664,-0.019775651251658533,-0.027632244561893338,-0.0541554749847834,-0.0008559034712308788,0.01341590635860701,-0.031232132332609575,-0.010921041678225496,-0.029965775269994388,0.0,0.0,-0.019508487501302463,-0.010418851242899319,0.007940946965008633,-0.022712394814983494,-1.9846620416597016e-05,0.0,-0.006720302830580338,-0.029002677887766948,0.0,-0.0034808005187243474,-0.019731819823443464,-0.0005646619515202178,-0.031488902886023795,0.0,-0.03187666641780812,-0.023922941167712153,-0.00943292428530984,-0.02203512048233003,-0.01361297035900949,-0.016714382403728356,-0.01943163905985701,-0.025882718475412625,-0.02680823353618539,-0.030001292485882014,-0.03503158811942453,-0.021598393678056327
-0.01779605554805913,-0.02003174894641524,-0.016736204349483697,0.0,-0.014673790371033002,-0.019964501940738122,-0.01775969537556349,-0.03696213798274761,-0.026148409719115917,-0.03385373026574878,-1.78348511779558e-05,-0.04506210852031045,-0.02181309873380305,0.0,-0.03270444388628074,0.0,-0.016390522102650462,-0.0424529288771236,-0.0011305282989039767,-0.025962623831861265,-0.031611550053442794,-0.018021719136879832,-0.03968831340873602,-0.027806772734932483,-0.040064958089627734,-0.019825982565406408,-0.039242655818534256,-0.019408448946011292,-0.02273733262708283,-0.009465904799991598,-0.029797213677872914,-0.03344771679375613,-0.030822112505285215,-0.03126514546240111,-0.04633633014169719,-0.09746507040770924,-0.005385155793211749,0.021474544611963964,-0.03193721833378804,-0.026996696857061853,-0.0281311636866996,-0.04949873808372063,-0.04191026336580511,0.0,0.0,-0.03566411863908192,-0.03323389307200503,0.0,0.0,0.0,-0.017292162300502845,-0.011496789831526133,-0.04371508173279243,0.0,-0.02385852098151736,0.0,-0.035310994364288695,-0.030776495702625473,0.0,-0.020694208536907288,-0.028668965737352226,-0.020672167693874366,-0.037753629306643555,0.0,-0.023876823073742337,-0.03331554497036915,-0.01362249668457488,-0.012445948685215757,-0.01860357511851829,-0.044019591757786636,-0.03077125408139697,-0.01855799067217595,-0.014403865820265316,-0.017026331070599032,-0.00015459959404295898,-0.02977865516644035
-0.030245148586494464,-0.012065739649124496,-0.032423422821094894,0.00037627222385006043,-0.05017077201200548,-0.0251026759040211,-0.022755670663848204,-0.03037596915175106,-0.027707589330541404,-0.025114433528915237,-0.016265849513276587,-0.04638785589106165,-0.05891710441747122,0.0,0.002362357675505522,-0.016390522102650462,0.0,-0.016092426901405332,-0.021588535726871527,-0.023850740233643142,-0.012635196716475727,-0.019446545011163885,-0.010623300442467398,-0.027410278520597298,-0.02255212411900187,-0.0367939041794349,-0.008470538571140662,-0.04354088508628029,-0.020956933350872065,-0.026482725680093966,-0.02601745846666198,-0.00487204419932713,-0.0034024367886523743,-0.022488626389239652,-0.0095125423286882,-0.023460254865150687,0.009628913936141958,-0.018477847658504853,-0.00933942087774886,-0.03029957809779016,-0.02890926814217326,-0.0259550055308555,0.0,0.0,-0.042930531454426046,-0.05028924028422538,-0.021501490602017115,0.0,0.0,1.6653345369377348e-16,-0.0005420163479784579,0.00021257729833418226,0.0,0.0,-0.036011120275240116,-0.0003772676408969611,-0.04556081792426614,-0.023185034934663673,0.0,0.0,-0.021303092068161056,-0.02228527245429046,-0.024911247838721395,0.0,2.7370706743912177e-05,-5.551115123125783e-17,-0.024168299457012488,-0.0008512926692668676,-0.023282460584780895,-0.03901103180877652,-0.03540342336597169,0.0,-0.01601554877077538,-0.010715071460381365,0.0,-0.014160916034716697
-0.04111262128377596,-0.037733051218812985,-0.026771738969982917,0.0,-0.010462085324037806,-0.020012912220972234,-0.03192619821530501,-0.05061800719459175,-0.027373867764478255,-0.025491792184887174,-0.02807725479495471,-0.0326290714270403,-0.041343443802701774,0.0,-0.04453083317416012,-0.0424529288771236,-0.016092426901405332,0.0,-0.0302953579080375,-0.046387463021688724,-0.04743006404804778,-0.026672140183605586,-0.030155020839387814,-0.033482623683420476,-0.03985915929928302,-0.04012856108065804,-0.031047133208927158,-0.04510716059381187,-0.041820223800523526,-0.017155514313770714,-0.022436409472005647,-0.013975151799773933,-0.011710467056557816,-0.014715992895116548,-0.015614584026895195,-0.03825399026493148,0.0,-0.002917338232956701,-0.026811795098388935,-0.028510641208989107,-0.026930611140014826,-0.02768358773051577,5.551115123125783e-17,0.0,-0.017151672170481802,-0.04856893762964071,-0.04490200622319651,0.0,0.0,0.0,-0.04165289056369259,0.00019963201676553854,-0.02284812972027328,0.0,-0.02636450974103538,0.0,-0.02910483862886759,-0.027912896824317024,0.0,-0.01795136268538705,-0.0337897820443801,-0.021456697967111693,-0.027552857253919427,0.0,-0.03858026593926461,-0.004410799018252587,-0.030246097262895455,-0.029118306467144695,-0.03568031229345614,-0.03966064753312537,-0.034122391249228334,-0.007492924962466507,-0.02419497095444373,-0.03870369462531781,0.0,-0.028087120813145294
0.0,-0.030354265556812088,-0.02215815483922126,-0.05401628513709472,-0.04198838136066829,-0.036477704605048344,0.00026108464697821576,-0.031485612577112965,-0.043294107657385644,-0.021317325487921868,-0.050744588335125324,-0.03407407795985401,-0.00048783476736141695,-0.047518089498053195,0.0,-0.0011305282989039767,-0.021588535726871527,-0.0302953579080375,0.0,0.0032862864724060303,-0.01162960343747338,-0.033691767355996494,-0.017870355270740157,-0.01859219732358003,-0.016426601070345548,-0.029095287124872027,-0.05511883384989352,-0.001620037013845388,-0.019625247945664004,0.004140839240044825,-0.00785881046799719,-0.00553063572289425,-0.027917936550399758,-0.0076321589304113036,0.013320376346255658,0.004170902069839888,0.022423068870212115,-0.013433794229226859,-0.015476255056385224,-0.018577616768516547,-0.010886280723913067,-0.015058050427877334,-0.02070254188617393,5.551115123125783e-17,-1.6653345369377348e-16,0.0,5.551115123125783e-17,0.06726322767130144,0.0,-0.03415033957208563,-0.0005299910943880048,-0.014282262505368903,-0.03809292569303824,-0.014123365790228104,0.0014191778238239472,0.05933649570527677,-0.0013679697009510439,-0.027469977088000364,-0.027819404228405398,-0.0013544715882015113,0.0,0.0,0.0,-0.012783976173566636,-0.0165826539499786,0.0,-0.008641844206669413,-0.014975494289056868,0.0,0.0,-0.00818930963835629,-0.012407475745703223,-0.009328726610804083,-0.00553638620180591,-0.04123365451973471,-0.011248141336386741
-0.04435250424958748,-0.03376592311624205,-0.03884914157176361,-0.004578154288266578,-0.04597848418339456,-0.04894089286527531,-0.022006203711778582,-0.03972177519539549,-0.041903962418023244,-0.04656290209581848,-0.014024900335106227,-0.033069398094940916,-0.027177230276754172,-0.004274718671623656,-0.029677728317929364,-0.025962623831861265,-0.023850740233643142,-0.046387463021688724,0.0032862864724060303,0.0,-0.05859653019267286,-0.039791637556437276,-0.057177286917215686,-0.03483676469103214,-0.04745204910854073,-0.019784361871432565,-0.018076881183323512,-0.01752909499636046,-0.028280450054094408,-0.03981990409687147,-0.029747843955420794,-0.05592437994770172,-0.04930523580353585,-0.039823616087081515,-0.048614922311844555,-0.049215152559989706,-0.027793991473084534,-0.0008509783703720131,-0.030215731690956482,-0.00040978414953657394,-0.029834242599367067,-0.028352469689855053,-0.05896508525769595,-0.0003459467627247026,-0.011669678901933989,-0.02250383521058985,-0.021634930566550192,-0.028135754546889435,0.0,-0.01950583085769053,-0.013892714576007492,-0.02981731432187784,-0.0231132512039095,-0.00641621257496483,0.0001416395695760797,-0.03470105906354615,-0.013614034403950481,-0.029802714301154498,0.0,-0.031260467181184304,-0.02248837895564071,-0.006320297398921981,-0.021455463887545934,-0.01607328421466897,-0.0395600011617267,-0.052286092077160284,-0.03139622285089011,-0.01742623158510559,-0.0012011104422502972,-0.03329533349603103,-0.035317769463787785,-0.027608169619901757,-0.02749754720510378,-0.030152875234983667,-0.03142282834608123,-0.027640149930080904
-0.02432290541924792,-0.03859397758004246,-0.05001964007421805,0.0005531440774710905,-0.013563627738618023,-0.04977695947109023,-0.01341588201067695,-0.02588404819728679,-0.04214286895029706,-0.09341081196923406,-0.037960321524692975,-0.02273699984863875,-0.026256848972376456,-0.01818230290031153,-0.007596528200315034,-0.031611550053442794,-0.012635196716475727,-0.04743006404804778,-0.01162960343747338,-0.05859653019267286,0.0,-0.0345264674573455,-0.045763676802546505,-0.034599131670300654,-0.04105404914035515,-0.014144885887766911,-0.052290281252262316,-0.03316538168360322,-0.042037245922902255,-0.027917642757215755,-0.03846882172318222,-0.03889640836632863,-0.05397088480638795,-0.03500030731785747,-0.041344755914189235,0.013292628074167367,-0.014337283033294734,-0.024280028644848073,-0.02170823506689129,-0.04124951907395186,-0.029991104761764475,-0.029512114897464692,-0.06393979667299732,0.0,-0.0008406362621611319,-0.11162769739309114,-0.037410012631520606,-0.0013418295508965672,0.0,0.0002570816990350999,-0.012112968544603864,-0.03467914436830477,0.01451999570143353,0.03937774661804799,9.493036216873252e-05,0.0,0.007773806267204086,-0.0217508709495271,0.0,-0.01016549896547031,-0.032069923124462885,0.0,-0.04046095108095976,0.0,-0.029392728340863317,-0.028126428587069763,-0.021953749607163064,-0.02062773202778806,0.007588446364030055,-0.04356199929687998,-0.037891713364097246,-0.017096963086857264,-0.008944960909082644,-0.010560359925327722,-0.006420806604482021,-0.024595283101018717
-0.029869678339089267,-0.038456100813453964,-0.03742377244479239,-0.00040266077118844557,-0.03565616922527248,-0.03474650012658237,-0.014842849684247872,-0.04549524880258016,-0.023237126022765675,-0.03169906156936603,-0.018645233819031104,-0.024451047335963316,-0.019063366905796353,-0.007351203108358018,-0.037737317276172244,-0.018021719136879832,-0.019446545011163885,-0.026672140183605586,-0.033691767355996494,-0.039791637556437276,-0.0345264674573455,0.0,-0.03130751300440049,-0.02190439161720764,-0.01795461943734883,-0.020042388227888674,-0.034534328509149226,-0.007434993774232956,-0.030402356413341824,-0.004516344286760676,-0.01958397316121907,-0.045048538336555144,-0.0321969911362226,-0.03670665752441116,-0.041529446864366604,-0.03877135409756821,-0.026548082297894904,-0.021752494555983493,-0.01747791181012942,-0.01242506690537315,-0.018775759772249045,-0.02725902599197566,-0.043354684548286504,0.0,-0.0025747137107883233,-0.039979540433270344,-0.022736521057183712,-0.015461182750083347,0.0,-0.00025444865929080684,-0.02151136302073825,-0.008459803123652854,-0.022475376573465822,-0.009523253686076538,-0.02349299994868692,0.0,-0.02230257656015905,-0.02476457520428338,0.0,-0.01016866252694637,-0.01994789193873686,-0.01918859070884882,-0.023535359512863563,-1.1102230246251565e-16,-0.03021966260995157,-0.031577344484361836,-0.01027164917322787,-0.024008192759980562,-0.0024118865506352893,-0.021821474717924727,-0.031716230795788725,-0.02758310309545542,-0.021466493291568522,-0.03165937051670836,-0.034867097119733514,-0.023387527013676523
-0.05106431756926938,-0.04736499780819947,-0.02590310741830887,0.002636678514742141,-0.017868572101698066,-0.02326469025258654,0.005742587079931694,-0.03548368519278011,-0.007061885607135443,-0.025860324871998908,0.018197195714386327,-0.031055635657218195,-0.01210967981691008,-0.04096809654289585,-0.03981473704821159,-0.03968831340873602,-0.010623300442467398,-0.030155020839387814,-0.017870355270740157,-0.057177286917215686,-0.045763676802546505,-0.03130751300440049,0.0,-0.048880094707182575,-0.03342369568069414,-0.03514773764434753,-0.05251522405151737,-0.02489287631368775,-0.037972339559779356,-0.028967544186354055,-0.028207618897318987,-0.03555872062144283,-0.04395029781414722,-0.02448763999113507,-0.01819044827271188,-0.0134422042141365,0.0023263839669240838,-0.032993773596852405,-0.005028208002862411,-0.018598620523586795,-0.00285629846989921,0.00019210966133409446,-0.0009755928084458354,-0.015385210554138717,0.0643967659421833,-0.012867835336023259,-0.0293822804387725,0.028540528507195795,8.004250974619209e-05,-0.014484897295169441,-0.0007527643370707215,-0.002890946910293124,-0.013811178320687345,-0.007727533378905305,-0.004787609429458217,0.03773538223507278,0.02881427223215216,-0.015073850667534971,0.000513347577920209,-0.018504887068469478,-0.021655024827319236,-0.022573381004399207,-0.017518747410484148,0.022030659741359204,-0.02215059866094854,-0.01808948978030045,-0.022770533652330505,0.003553175776527251,-0.012591389825973909,-0.042941757662359525,-0.03608636970006146,-0.0028867604620013143,-0.009678938340569876,-0.006230624304299381,-0.004668409573387877,-0.003560186976229174
-0.020372639342746524,-0.043388503587487914,-0.02766036216899953,-0.0010761310939654267,-0.032662243354273535,-0.0315174618839299,-0.04776621981141904,-0.04595736121788341,-0.018280867595994732,-0.05676609487575063,-0.027037978315786748,-0.03017563721462929,-0.03943274439154465,-0.0811957878163192,-0.02502980011870415,-0.027806772734932483,-0.027410278520597298,-0.033482623683420476,-0.01859219732358003,-0.03483676469103214,-0.034599131670300654,-0.02190439161720764,-0.048880094707182575,0.0,-0.04010367155863137,-0.025267791086899694,-0.03723175213304897,-0.05783376395446793,-0.02902831417016155,-0.04415790686680532,-0.03857217244804695,-0.043824951006672996,-0.042599338385163554,-0.03335110406884767,-0.03677438239065545,-0.003973936969774439,-0.014464373024007049,-0.0318029320260122,-0.031158807386202192,-0.05233224435539835,0.011832519086165616,0.039020975517697565,-0.029919001214019192,0.004619095803216011,-0.04405282652607051,-0.07613018623398243,-0.060508208338181824,-0.00017169374519215852,0.0,0.0,-0.021351016032850056,0.020705227825218275,0.0005744112983058769,-0.00029394240110341974,-0.04652081288025289,0.0007783214563267804,-0.03253567198658269,0.007138850599390623,0.0,-0.003908871418886017,-0.04126591639657606,-0.04533796278477753,-0.03222409201939641,0.0,-0.009319025401740566,-0.1057421161422506,-0.04463044337824801,-0.04401932528468333,-0.05779646677877487,-0.0452540514603596,-0.04398416153350254,-0.007778291872567844,-0.00999165257128265,-0.01551818037896685,0.0,-0.030874528843098437
-0.04163355105015348,-0.031121559824148215,-0.06438441953325297,0.0,0.0017134110851046436,-0.03611296302929373,-0.019804377271894713,-0.04540702361456622,-0.06177126813438005,-0.047612599176117154,-0.023583961168365863,-0.04662052499423852,-0.027241527227983398,0.00014042886730242232,-0.03310144738102544,-0.040064958089627734,-0.02255212411900187,-0.03985915929928302,-0.016426601070345548,-0.04745204910854073,-0.04105404914035515,-0.01795461943734883,-0.03342369568069414,-0.04010367155863137,0.0,-0.03894281424626489,-0.04333625799968338,-0.03126066412884482,-0.038940319777511834,-0.013109921469136088,-0.026691578335158894,-0.021148396023015104,-0.017717571046483083,-0.01563564357218461,-0.019460175313721018,-0.06954754265649293,-0.0007190428959668593,-0.017612912761364063,-0.02854549060278444,-0.028739839480449614,-0.03242691079027793,-0.035009303100607236,0.0006743329822702093,0.0,-0.07945275884319547,-0.05511016935542257,-0.04257575313854628,0.0,0.0,0.0,-0.03542873865217089,-0.012148739744730408,-0.03588557626685618,0.00016938103069841226,-0.042111106406577836,0.0,-0.041473448937355606,-0.027355624313753546,0.0,-0.021615433158891806,-0.03258385001386077,-0.030510713199666195,-0.03004256728709115,0.0,-0.029576003954726926,-0.03495516631268225,-0.025677226168769496,-0.03198375247842805,-0.03588038091710083,-0.042249373949539426,-0.037516870032293426,-0.029503814908887926,-0.03378476886661952,-0.04405185084949503,0.0,-0.03370716235919369
-0.015541604706645118,-0.0315392533397027,-0.06198067427944143,-0.002194202032244963,-0.06110190283637679,-0.045413940134998165,-0.03250403220678999,-0.04597889907345787,-0.06798265379844626,-0.059881099815071004,-0.027448566642112593,-0.029923492418343467,-0.04130302310516765,-0.03717864816339378,-0.03584006842908205,-0.019825982565406408,-0.0367939041794349,-0.04012856108065804,-0.029095287124872027,-0.019784361871432565,-0.014144885887766911,-0.020042388227888674,-0.03514773764434753,-0.025267791086899694,-0.03894281424626489,0.0,-0.02825305784434512,-0.0392613785101098,-0.035936454570362875,-0.013032765513962818,-0.027937071513421563,-0.03699483960285921,-0.026432922395591474,-0.024106234764905587,-0.03955279162125924,-0.044839255860772975,-0.0076115181279338695,-0.002208821293739227,-0.03355378227810418,-0.03744248928636895,-0.033209661546689084,-0.04289624171683698,-0.04199242663253899,0.0,-0.04196667210254745,-0.04797503647683565,-0.036670797612053774,0.015537060079779064,0.0,-0.0005684895274321589,-0.023059522519707665,-0.028601170685297994,-0.005477820889234486,-0.016778788013773194,-0.03749582267923546,0.00017396479944231658,-0.041646183624659106,-0.02912520721398071,0.0,-0.014187780048179222,-0.02971702235311785,-0.033359767372398486,-0.03182151928876292,-5.551115123125783e-17,-0.0369492819050487,-0.027566032098978233,-0.017044693889338935,-0.01248309631177702,-0.03990551422976124,-0.041910610091387135,-0.03927469176539117,-0.022984854834935897,-0.019220533192276013,-0.029945141935599107,0.00018612410679291758,-0.03407497637706414
