0.0,-8.672124376868373e-05,-0.014758732781309958,0.0,0.00047292842502300037,0.005018516860464006,-0.01591126134155474,-0.002832546574763173,-0.01902442440507507,-0.025854236611602688,-0.0009008442072283573,-0.025712639354768807,0.012263411406330915,-0.019679916855787127,0.020971407594135738,-0.012000118569182427,-0.028507775259876744,-0.008377602099203518,0.0,0.01737412040446168,-0.01708993292643962,-0.005721296001243437,-0.003964542157354201,-0.011967173962348365,0.0007508957163263053,-0.009357711783112899,0.0014159137725674453,0.002180860022059583,0.0020460383332921994,-0.01097335730180854,0.01088979517268368,-0.005688944261531437,-0.015267739014522663,0.00565035685071652,0.009110685583138323,-0.01514435707969708,0.0,-0.029298937295415106,-0.023986664548607206,-0.024311305139990302,-0.005603578334481107,-0.015510298434745828,0.0,0.0,-0.02781497113439052,-0.015700032219764015,-0.005208513926207692,0.0,0.0,0.0,-0.0189481439306855,0.0,-0.028098707741495477,0.0,-0.02807805653812262,0.0,-0.008772133009905259,-0.020468990903362516,0.0,-0.00772048031379452,-0.018913426735270078,-0.009618575771029925,-0.01200606118690839,0.0,-0.023326777316153013,-0.058740999530387805,0.01580096985799956,-0.03532076217047042,0.029744607031503778,-0.004643066742284541,-0.019492350141988024,-0.007846961774989614,-0.0009999291405683453,-0.0339835562351275,0.0,-0.05423277289835615
-8.672124376868373e-05,0.0,0.015926009964314203,0.0,-0.009415050821292292,0.008461351171156761,-0.0008275441882253376,-0.017314224251881616,0.005586470295395329,-0.015139836090647119,0.0016903926001494152,-0.014315645836189661,-0.0013346679528138394,0.0,0.004293243286982662,-0.04110338000237962,-0.009101013740140163,-0.021528725616715982,-0.008109414966256279,-0.002085660689689184,0.008085962558043391,-0.014773272772137469,0.00270004320118572,0.008468980539856563,-0.020009831994339644,-0.008949982493637376,-0.00769641920039138,-0.012028419871330909,-0.008455407121105707,-0.014065574650831303,-0.015447349680281552,-0.023817260434860543,-0.008443896901907555,-0.01806416256028126,-0.016370851742933845,-0.06607591803129514,-0.007759936560573832,-0.000393849949451186,-0.001463556483782491,-0.0027579122906521425,-0.001832381240637615,-0.0021319770397814075,-0.020024401194747188,0.0,0.0001419896836310497,0.007208741372783156,-0.0075029350634731595,0.0014484673622945365,0.0,-5.551115123125783e-17,0.004187532120402571,0.006947051539453186,-0.016279993742887633,0.052822692746282096,-0.021268099608111546,0.0,-0.008539040625651806,0.015224877941010073,0.0,-0.007893910080039201,-0.01660265136286526,-0.02590689096081311,-0.0212479166220928,0.0,0.007765986339035524,-0.01076338889962003,-0.005743380938966369,0.0065877836453010485,0.02113399001500199,-0.01167988505984452,-0.006379164625475386,0.01270537506422903,-0.002395185520676635,0.00755150806347471,-0.003451213870820924,-0.00011061392321409791
-0.014758732781309958,0.015926009964314203,0.0,-0.02534918863985519,-0.015251305409983262,0.009526099311607361,0.0036422469400281265,0.014751229642238184,-0.0011038982825417598,-0.00140637933524429,-0.005745959582208526,0.006603679981323496,0.004919768844509342,0.009919745705599115,-0.011330317022906045,-0.009905242508130518,-0.020838732832796636,-0.005919878570602943,-0.0085298852792485,-0.0040494869539043354,-0.0181494336278345,-0.013641356344551492,-0.02524550180726276,-0.008343006827306765,-0.011565653232547546,-0.04495831022209312,0.026309945796741063,0.005614891988713733,0.0003408033764537022,0.01470495746959366,0.00837769464116589,0.00823856963734515,0.01741146523955761,-0.00605660120057766,-0.021428190324011054,-0.01211563281538125,-0.012368319723661314,-0.02182457755427103,-0.008877483821549015,-0.0035517073909892005,-0.004679270535785096,-0.012590609162789312,0.004433326881681299,-0.0009746792942978977,0.0003170858678555044,0.0,-0.007918499807072155,0.08217920310788518,-0.0006159221192207909,0.012387709056962404,0.009932398037676093,-0.00427349612663519,0.01130632111565566,0.014185627623420682,-0.011345419925478217,0.06645314855957363,-0.0024639912048750046,-0.002127989095135119,-0.0019309198595181543,-0.0225866324907269,0.001080068599570827,0.0,0.0,0.10427734764618768,-0.026978586344409694,0.0005523110556521216,-0.011729985450172398,0.019504281939516477,0.0,0.0,-0.019286062307351637,0.03495534442582682,0.0042206392246457725,-0.009762006114626742,0.0031654723579978006,-0.0015061955172124275
0.0,0.0,-0.02534918863985519,0.0,-0.035122588530407506,-0.02873914542804812,-0.031595198176268435,-0.004452278149975342,-0.01756514057352665,0.02576934912021195,-0.020638263264176726,-0.012782860552847108,-0.006284157016174907,0.014190222817431541,-0.0022681978801922797,0.0,-0.0005742831889450906,0.0,-0.027231698294392315,0.00674678242266985,-0.00013677548746282575,-0.011327645927018681,-0.006476512375162502,0.0028388705105858447,0.0,0.004452041120110106,-0.0313683162527677,-0.019932418815409303,0.00766073988277427,0.00043673926227760784,-0.009557657758738458,0.025160459466814222,-0.0856675019670402,0.06241516596434238,0.06786338015168192,0.006118177973536726,0.029252605151405042,0.014669798505602794,0.0020934718212734515,0.0,-0.001699498102586905,0.0,0.0001432707699017821,0.0,0.0,0.0,0.0,0.0001217490357127704,0.0,0.0,0.0001200726366879512,0.0,0.0,-0.00028503016951547666,0.0,-0.0002917989433046664,0.0,0.00021457080193876266,0.0,0.0,0.0,0.0,0.0,0.0,0.0,0.0,0.0,-0.004338920192698104,0.0,0.0,0.0,-0.0024348706347315785,-0.00027937941192501814,-0.001098834656039771,0.0,0.0
0.00047292842502300037,-0.009415050821292292,-0.015251305409983262,-0.035122588530407506,0.0,-0.012649817354639048,-0.014541792583139035,-0.009399250820909755,-0.015039569982071288,-0.029411914462039612,-0.023169012823172963,-1.878537655247703e-05,-0.010067338218691657,-0.006733455696745383,-0.007859239135536822,-0.03172435258052542,-0.03450561745463121,-0.031802074265428026,-0.03398510633124191,-0.0335414285336984,-0.01591237292488301,-0.03515628164101797,-0.006646880460546234,-0.03148378485326875,-0.019377022172766878,-0.030206659609566033,-0.013969367428867396,-0.03718669806414643,-0.01920409354905439,0.0010136125999979928,-0.011774592889421398,-0.05273141299447509,-0.009645765652205207,-0.03501941012823734,-0.024737448340920565,-0.023025708101674702,-0.018782893966589942,-0.006927004855178165,0.00030070172054791344,-0.0032360176819394293,-0.002494763802027511,-0.019446510790602167,0.004641987230095179,-0.0002996858532462454,-0.005435417546362009,0.0,0.00352059225583895,0.014980254924126024,0.0,0.005323301671126879,-0.009607176992402988,-0.012594769856434151,-0.026213275287866156,0.005838451145388279,-0.0007546661911983499,0.003582396617192285,-0.007685127191784269,-0.012169234244755078,0.07838779269553192,-0.0019711629130941266,0.001129531047356802,0.0,0.0,-0.010308661283571774,-0.01608845506031037,0.0,-0.02324032624804845,-0.005262314741114604,0.0,0.00016766688095881666,-0.008847131396837182,-0.0006616321746131248,-0.014297010011587952,-0.014782367769853977,-0.010454950493181125,-0.0063750011467534895
0.005018516860464006,0.008461351171156761,0.009526099311607361,-0.02873914542804812,-0.012649817354639048,0.0,0.0010665318197723983,-0.003597882942179109,-0.0054945670068062835,-0.015804744765448686,-0.032233644397214656,0.002869073077212514,-0.00274190727264928,-0.013393475156434853,-0.015939541075250363,-0.013253487505418438,-0.019432503003785018,-0.00997826092084697,-0.007440319557034336,-0.015343268544015187,-0.008288561578563447,-0.013795582170793685,0.0059955102746669375,-0.020188399441307292,0.010210478904211007,-0.01818945248799103,-0.007546549945898262,-0.0010926778350215938,0.005305834857265601,0.008805944886498496,0.0013836287086707588,-0.019821111189740226,0.008614594601189296,-0.01455751115054793,-0.025099655097988394,-0.016605114018454215,-0.030875480290962154,-0.007780827932629908,-0.023290482110004562,0.05536310082095702,-0.01473119064015771,-0.03596145672496709,-0.03276789506082001,-0.02571002798527222,-0.0015497735890583897,-0.0033441573550119785,-0.0011422044705796108,0.004939954612352748,0.0,-0.007100048146865601,-0.008863656922285412,-0.01651233122620377,-0.010689399432751323,0.002567680222039126,-0.020482159827220514,0.018471733743341545,-0.0053341664135995726,-0.015876014746723788,-0.00506722735314824,-0.000344077419836164,0.014418130713290844,5.551115123125783e-17,-0.007168464243701378,0.003043035161196417,0.0022083531809563572,0.0437674088603095,-0.0003930747282946956,-0.008931137665348532,0.0,0.014160905911591026,-0.00353938121704106,-0.0007053656710297451,-0.011023040865072942,-0.005745688038976293,-0.014065247796146763,-0.012689174993449015
-0.01591126134155474,-0.0008275441882253376,0.0036422469400281265,-0.031595198176268435,-0.014541792583139035,0.0010665318197723983,0.0,-0.0003755972496328752,0.011403431118706897,-0.017855453162962942,-0.013638536177191962,0.007329549373448041,0.017500695015970125,-0.01779575190181687,-0.024362170279189577,-0.016814355224650912,-0.015802157086031055,-0.010122354121897215,0.003661133213721468,-0.019378804366928903,0.007428443398946993,-0.01971205763239453,0.005748291529511562,-0.00425156907266655,0.0015577582991644356,-0.012778458262318992,-0.0004314599074345393,-0.0027684118580614814,-0.008928046602650175,-0.018381308050449796,-0.02426772772963659,-0.026788981029137016,-0.0012808411878147408,-0.03372161684139918,-0.03155880366873942,-0.033980011974054425,-0.013596366879681465,-0.008931285546124601,-0.004914251150511306,-0.03136127460764254,-0.008595910641280569,-0.02470763636760076,-0.005580635084719732,-0.0014723553237139808,-0.009415188666634378,0.00034180566165825654,-0.0028631555700970868,0.010045452497919771,0.0,-0.0031561144811875774,-0.002940124359024243,-0.00491748287292082,-0.01250267635355956,0.0063393492494112635,0.034312503500549374,0.004048637160578461,0.002978487524832596,-0.009597849377350531,-0.015564955066239672,-0.0104010888124354,-0.01704154500799626,1.1102230246251565e-16,0.001064361972656136,-0.015351869673750462,-0.009554499145049189,-0.011174122223596428,0.0041128005881287955,-0.010995881747153158,-0.0034972119398927193,-0.02213186019842972,-0.01579407997569554,-0.0009458445338973442,-0.009073665863251645,-0.009356276650092366,-0.024526121299360437,-0.013469766844113551
-0.002832546574763173,-0.017314224251881616,0.014751229642238184,-0.004452278149975342,-0.009399250820909755,-0.003597882942179109,-0.0003755972496328752,0.0,0.01662870620957624,-0.023031536854008494,0.03271983689512786,-0.006434509870947069,-0.002507849311898014,-0.04303140808941808,0.007572754940052662,-0.02173397423151846,-0.046984140395351814,-0.03564179753455626,0.03587133774039586,-0.012798377106896186,0.04258722782906277,-0.029949489019387432,0.0316067221462773,-0.0051849772431865615,-0.021097772369352064,0.0030553651494000245,0.0027621698891037716,-0.0033063378987986947,-0.002483237068768851,0.011258665885834074,-0.0031180512689801265,-0.02059270451335876,-0.00179679814495054,-0.020011296390528344,-0.023660881263983857,-0.02154371220222101,0.0008687365509892353,-0.027303040443839854,-0.027828926789232433,0.011640432870132389,-0.03999405656310595,-0.01398323741722085,0.0035882028979068448,2.7838149313952343e-05,-0.0003194780188291446,-0.007924867342251785,0.007917047927873622,0.014302392410119658,0.0,-0.02983584873747519,-0.021203908599018106,-0.025953685884486377,0.02092403323122405,0.003042545872406266,-0.03622875239091522,0.020786690139136255,-1.1102230246251565e-16,-0.01676157288141006,-0.005841084815408681,-0.015984284921759906,-0.020611239588876118,0.0,-4.000088632827303e-06,0.015672996933361993,-0.011080887727120514,-0.010150720036753158,0.0023250612740658982,-0.0035608795361371515,0.035394444211685805,-0.017969942184637322,0.005525351974914716,-0.005321475036560885,-0.0108500863213436,-0.021087182828242845,-0.008453578861300048,-0.0011148371838356486
-0.01902442440507507,0.005586470295395329,-0.0011038982825417598,-0.01756514057352665,-0.015039569982071288,-0.0054945670068062835,0.011403431118706897,0.01662870620957624,0.0,-0.0051532955180426665,-0.01682509722177461,0.0063463248795193605,0.004129399738922124,0.019631688291633753,0.00739682523769658,-0.01748600756606289,-0.01859163562630406,-0.02505104849281864,0.002009177119965899,-0.018323649886977433,-0.007251292319415903,-0.015588209595273905,0.010311664484239702,0.0024951309976505853,-0.004851676567357466,-0.013059644704182971,-0.0048611169429148005,-0.0050977424691809325,-0.006800437883043298,0.017628033470099336,0.0018162055771239194,0.004509755297269824,0.006936644980114259,-0.004721081904041635,-0.012339027111612277,0.003102345797268591,-0.014251617360879598,0.0037776651138544115,-0.0047396821650123044,-0.009900545940234706,-0.009592745145554527,-0.000914550031693051,0.015768666371335005,-0.010885911801239656,-0.010893461881262168,0.0,-0.003964055148631573,0.04198528038716742,-0.0019435947470201054,0.005165098632182841,0.005055575815977487,-0.0028081204774820234,0.01102748014697752,0.01605941858415194,0.021507466482728166,0.04541799027110294,-0.005753929387145029,-0.00476413845401813,0.007984310485769808,-0.00849241428667924,-0.006770493496023711,5.551115123125783e-17,0.0,0.01953375078319164,-0.0040768799694334,-0.02171807981147761,-0.005314406874786126,0.007812242070352915,0.0017673122910234484,-0.0016034313557189983,0.02375166688827074,0.01995890383523824,-0.006150721628935152,-0.005044946839945386,-0.01766755238312906,0.005826396091340613
-0.025854236611602688,-0.015139836090647119,-0.00140637933524429,0.02576934912021195,-0.029411914462039612,-0.015804744765448686,-0.017855453162962942,-0.023031536854008494,-0.0051532955180426665,0.0,-0.01207626345700441,0.017892300392036542,-0.017358141895484236,0.00972922571423962,-0.011447699201524053,-0.0380639849804727,-0.033311790692478416,-0.04090507211679223,-0.005950459065502012,-0.021716391489679188,0.0011460003072163993,-0.019902142296376768,-0.010118150963397132,-0.00586960668041514,-0.01904944211334514,-0.020257505745177207,-0.008321172409668787,-0.016578776506029902,-0.03546519958787159,0.026403206049381733,-0.001428964901692309,0.020665334039211447,-0.0031514149430683647,-0.007090214783179338,0.01730132964140957,-0.02194235538156264,0.03284860698272751,0.0011442283646519447,-0.013256135096230026,0.002966461960720368,0.005988985374730971,-0.0007015105222064055,0.08324500856746092,-0.0018370709282370945,0.01263545904263702,-0.024459346811944116,-0.006975861547212525,-0.005367516945096629,-1.1102230246251565e-16,1.6653345369377348e-16,-0.007390016232461827,0.033422026067296495,0.0012168082919938872,0.030792035986777044,-0.01979531299461873,-0.004568932998736397,-0.02182482675455899,0.04404343214922385,0.0,-0.0005874546310854489,-0.0056961955939162645,-0.019666953714792712,-0.013132241686595214,4.403357034760136e-05,-0.020191962612098602,-0.0005564025371815329,-0.010993045757584419,-0.0022680614415189204,-0.018340791801265688,-0.008669756955922314,-0.0299498973309561,-0.007325159252812241,0.04300028991091687,0.0014383818463361564,-1.1102230246251565e-16,-0.01998507520494547
-0.0009008442072283573,0.0016903926001494152,-0.005745959582208526,-0.020638263264176726,-0.023169012823172963,-0.032233644397214656,-0.013638536177191962,0.03271983689512786,-0.01682509722177461,-0.01207626345700441,0.0,-0.005178345302114362,-0.01163042099477457,-0.017931564497251917,0.0,3.307399192475913e-05,-0.024128884056337174,-0.026420010458524434,-0.021711547440464607,-0.00015200372677121043,-0.025471909256501446,-0.03246347752680351,0.012738942451247848,-0.007511813451539229,-0.02708501438321309,-0.021459271930525048,0.007846352193528472,-0.010649556821808515,-0.05001571279989647,-0.009779847139549935,-0.0038321220265788436,-0.08630375642298682,-0.004679673228880854,-0.016864111067660115,-0.025899753320089314,-0.04761582339507736,-0.037963475079094144,-0.020158435345869863,0.020833140628052527,-0.0021599910191597016,0.03187286718074056,-0.005935764707131752,0.03340635380825119,-0.0026058228441138143,-0.0035090126875341743,0.0,5.551115123125783e-17,0.09216036800724187,0.0002667686883483511,0.06028951831357032,0.02873962346812875,0.023619845726856215,0.03886864697505582,0.07359561992811314,-0.011648767368946433,-0.007813603944584913,-0.013559049062379203,0.018740625280547873,0.01293511285431298,0.0015083955466917431,0.0,0.0,0.0,-0.01436030832164309,-0.004567690894402676,0.0,-0.010076014415470735,0.026144394046450248,0.0,0.0,-0.001369271807073913,0.027826735451171758,0.022957677938984955,0.021625970450067755,0.0011055328954054922,0.030619547736505826
-0.025712639354768807,-0.014315645836189661,0.006603679981323496,-0.012782860552847108,-1.878537655247703e-05,0.002869073077212514,0.007329549373448041,-0.006434509870947069,0.0063463248795193605,0.017892300392036542,-0.005178345302114362,0.0,-0.0012067276345626987,-0.014911265582252253,0.020317845292619874,-0.02544506157104731,-0.021523565251734322,-0.024273794753457423,0.0024292979346012267,-0.019349958309343662,-0.030444201368084733,-0.01805173521399628,-0.004495197314223043,-0.0007869417876802398,-0.013719199196228715,-0.004347683569158378,-0.0012757138466504836,0.007452641103223578,-0.013876738402926247,-0.004359252986747053,0.00516380408406536,-0.0084976200645408,0.015597917339364165,0.001695823238394456,0.012052144769422957,-0.015307868173247752,0.012556983260484822,0.007326769704607605,-0.03813400925265653,0.031432779508256625,0.02256532766816549,0.04011190060763514,-0.025263367735801234,-0.00967756339394199,0.03564004538822102,-0.02216954527035503,0.042126765887488316,-0.0021424058361127485,0.0,-0.00025560003689345523,0.05271236875260055,0.0014002311126194988,0.0,-0.005311559392308485,-0.008177371563146851,-0.007844994132968852,-0.003665568631062821,-0.007564725267695749,0.0,-0.0031471552896958355,-0.0009544941579145427,-0.005153430314839946,-0.009906352592814749,0.0,0.0012211358697054586,-0.0003363890823280258,-0.007692743254174961,0.05491119305989445,-0.015702443543171463,-0.00606594802159488,-0.02345658054643207,0.034549605101327485,0.051348961660231396,0.03523475542055082,0.0,-0.028298376468312014
0.012263411406330915,-0.0013346679528138394,0.004919768844509342,-0.006284157016174907,-0.010067338218691657,-0.00274190727264928,0.017500695015970125,-0.002507849311898014,0.004129399738922124,-0.017358141895484236,-0.01163042099477457,-0.0012067276345626987,0.0,-0.020443719728086562,-0.015869923369006056,-0.017382831004663035,-0.021629276647302687,-0.009916475758314225,0.005179914276718489,-0.01180023984134293,0.01015879633322242,-0.016111250027116386,0.0070028594409422,-0.0066310075615114705,-0.0008014411178144387,-0.017099855995315494,0.0023101988882235913,-0.005441972802859241,-0.0017703439746019067,0.004336092221259302,-0.0032999579656210476,-0.0246398455993877,-0.007663623413766585,-0.021754849208163618,-0.030997428923442816,-0.0300127248256693,-0.027802200700282276,0.003137525062497204,-0.005773964010219068,0.014348614692861028,-0.01725535897973146,-0.011456685333213978,-0.010767137824923056,-0.01335953175278154,-0.014583138316244415,-0.009724499659958308,-0.006365368650889769,2.9664448433219803e-06,0.0,-0.004502154502474043,-0.005447663751089626,-0.008800557982622137,-0.01078509515770737,0.007350143282518262,-0.0028979618954252384,-0.0025863034380627092,-0.03456408043855219,-0.014127289465534543,-0.00923433465792678,-0.00011138868229970678,-0.007340707625342779,0.0021081354648149753,-0.013691311237606252,6.580146517165542e-05,-0.008556915739270365,0.009384147575464463,0.010612524600192408,-0.010913458712669466,-0.00231526015653305,-0.011822515969203806,-0.013137287426453426,-0.005405519387799984,-0.011363278823415146,-0.0074811951010888,-0.019477011228397123,-0.016010402700468718
-0.019679916855787127,0.0,0.009919745705599115,0.014190222817431541,-0.006733455696745383,-0.013393475156434853,-0.01779575190181687,-0.04303140808941808,0.019631688291633753,0.00972922571423962,-0.017931564497251917,-0.014911265582252253,-0.020443719728086562,0.0,-0.0008720840517059125,0.0,0.0,0.0,0.027421064291274166,0.0024919852465449255,-0.010753621079344466,0.0009320329971407304,-0.01596744591633875,-0.030016895962510226,-0.0002604195110330054,-0.02362175700114727,-0.012739071261876567,-0.020123673813208287,-0.046319935840353876,5.98979662749799e-05,-0.008552279126604667,-0.04229530642230761,-0.027593514289137533,-0.033524543737019186,0.10315707997509987,-0.01742386679575883,0.0032327926884198888,-0.009038341598043731,-0.028822892507989972,0.0,-0.0017168302840009364,0.0,-0.0023874334901737293,0.0,0.0,0.0,0.0,0.045760270080104526,0.0,-0.004975546322608826,-0.01730864834675555,-0.016025463613329016,-0.01880131583086253,-0.027430836137623316,0.0,0.016461217344502677,-0.00045138540671002536,-0.012283899914564411,-0.07812113715542562,-5.551115123125783e-17,0.0,0.0,0.0,-0.0009896064217722045,5.0967900311782444e-05,0.0,0.0,0.07191074685742815,0.0009705947385035274,0.0,0.0,0.034074245994834496,-0.01702518658400526,-0.020445971307691324,0.0,-5.551115123125783e-17
0.020971407594135738,0.004293243286982662,-0.011330317022906045,-0.0022681978801922797,-0.007859239135536822,-0.015939541075250363,-0.024362170279189577,0.007572754940052662,0.00739682523769658,-0.011447699201524053,0.0,0.020317845292619874,-0.015869923369006056,-0.0008720840517059125,0.0,-0.015993640044337787,-0.026201780647339523,-0.004426810912389778,0.0,-0.013147693456086573,-0.011399107172154033,-0.016780464377807336,0.023528010964659285,0.04152898419921053,0.0062836777157829204,-0.02044530052573501,-0.023575439209950422,-0.032684057942641564,-0.03462816454452333,-0.03366645473505736,-0.021821420508034484,-0.02562510709423582,-0.0017524347119566852,-0.012254744843385734,-0.022803340762713342,-0.01541506643858287,-0.04959863899520994,-0.007185404273644391,0.00313053681611436,0.014821980380138988,-0.0002803202326957521,-0.013116056381764607,0.01912224078955249,0.001154162173321538,0.0018554119855188622,0.008768363536053925,0.0022422825001900404,-0.007957679808878737,0.0,0.0,0.002126116033831893,0.00470773356784876,-0.015362521409997665,-0.0158955509977029,-0.0001615467988222985,0.0,-0.0005233285253415931,0.005603125217633731,0.0,0.01970654703896213,-0.0017191053212898821,3.1991332816283524e-05,-0.0075812153162118645,0.0,0.014101780604129588,-0.0026855680639434887,0.018510810013006918,-0.0016773282037114146,0.0074598573964641535,0.014906288038043225,0.00793049223160791,0.0045198015866263486,0.006351889422071266,0.004577674440997825,-0.0021550118285926234,0.004800476331965731
-0.012000118569182427,-0.04110338000237962,-0.009905242508130518,0.0,-0.03172435258052542,-0.013253487505418438,-0.016814355224650912,-0.02173397423151846,-0.01748600756606289,-0.0380639849804727,3.307399192475913e-05,-0.02544506157104731,-0.017382831004663035,0.0,-0.015993640044337787,0.0,-0.0344072349043788,-0.0500987230203791,-0.0004153334862870284,-0.037118057673483584,-0.01161042966400394,-0.03529684259314436,-0.019150103736764623,-0.006348313309535503,-0.028437370495274117,-0.030268730317016213,-0.025332793057118053,-0.023430871432403688,-0.024939981538389833,-0.020160798431859805,-0.028589962848829975,-0.014622228506014245,-0.03214567976174898,-0.031813633085786885,-0.024837088999913215,0.006520416622211422,-0.007359496019865186,0.008804046477736638,-0.014809989715943772,-0.017052425188515852,-0.008497607074539226,-0.019559110726035722,-0.009098891350236504,0.0,0.0,-0.012005323225498576,-0.016557511192227425,0.0,0.0,0.0,0.04449819904032837,0.007425646360598337,-0.019770329983168577,0.0,-0.02441652422311219,0.0,-0.00895172730444671,0.0289698760474833,0.0,-0.007991657944891262,-0.024330793402872808,-0.006714117367674466,-0.025619618813362444,0.0,9.64229363965563e-05,-0.01904244280437367,-0.008401607979980186,0.014212991846247636,0.005848236330542822,-0.017718007297476912,-0.01832976273394421,-0.00205101169234706,-0.005932632068417709,0.0016908950121421462,-9.357179938207505e-05,-0.004253484434027788
-0.028507775259876744,-0.009101013740140163,-0.020838732832796636,-0.0005742831889450906,-0.03450561745463121,-0.019432503003785018,-0.015802157086031055,-0.046984140395351814,-0.01859163562630406,-0.033311790692478416,-0.024128884056337174,-0.021523565251734322,-0.021629276647302687,0.0,-0.026201780647339523,-0.0344072349043788,0.0,-0.009472800588478547,-0.021732241986845757,-0.0357961502731074,-0.024760050889787222,-0.006059402736898922,-0.02708710714182405,-0.02585412320794972,-0.015135155145590218,-0.03137557871561647,-0.00988880928889213,-0.027584994269796714,-0.036071026299597186,-0.0540056396583628,-0.013284553971943669,-0.019444211410689582,-0.018499982975815177,-0.020163665641816653,-0.018464476398349416,-0.054899764915946725,0.015191802182972447,-0.027097151181023238,-0.01636590704342722,-0.008525198516497856,-0.028603208252363566,-0.012247325471671067,0.0,0.0,-0.009733133124074644,-0.03433220743008214,0.003584651480485257,0.0,0.0,1.6653345369377348e-16,0.00018016806016885045,-0.0003942157844917249,0.0,0.0,-0.023281249416451932,0.0006996271953066957,-0.02240758505706736,-0.011164336381047468,0.0,0.0,-0.013564622819657368,-0.015352913725958484,-0.015590123092231678,0.0,-0.00035021112507083174,-5.551115123125783e-17,-0.0265233890890762,-0.05677772180161522,-0.04531402174961652,-0.011661254833075618,-0.023038133660178872,0.0,-0.0025525906957001854,-0.013002262489822836,0.0,-0.006662750720146493
-0.008377602099203518,-0.021528725616715982,-0.005919878570602943,0.0,-0.031802074265428026,-0.00997826092084697,-0.010122354121897215,-0.03564179753455626,-0.02505104849281864,-0.04090507211679223,-0.026420010458524434,-0.024273794753457423,-0.009916475758314225,0.0,-0.004426810912389778,-0.0500987230203791,-0.009472800588478547,0.0,-0.017387869490147645,-0.02906720540109864,-0.007423543488464801,-0.026111969333219964,-0.015343778153366405,-0.005665998797327376,-0.012708873503477713,-0.02506369599139563,-0.025213793717092203,-0.0168869088571868,-0.02329368327539716,-0.018397778940733245,-0.02111736923756319,-0.0052421381087261465,-0.012748682738272343,-0.02353540607715321,-0.013646812673433706,-0.006409359494278566,0.0,-0.028632622639256533,-0.01774831754156886,-0.0035109606156967232,-0.015427911463273603,-0.0051574314851132175,5.551115123125783e-17,0.0,-0.006632327834649621,-0.01563296893885624,-0.011119985825680079,0.0,0.0,0.0,-0.019156187892879817,-0.000370209296644719,-0.010144611818738991,0.0,-0.012580108603425788,0.0,-0.019749878949191002,-0.012617110468121862,0.0,-0.007626415844937728,-0.025102508133322154,-0.010357515545830087,-0.018526121550750674,0.0,0.00795762848007675,-0.01719235559032045,-0.0024502989495838734,-0.04292249882088944,-0.0064268368504074025,-0.014660563494980072,-0.013981215281492654,0.005503213182599609,0.01412586126993498,0.009911649563697333,0.0,-0.022346661605071594
0.0,-0.008109414966256279,-0.0085298852792485,-0.027231698294392315,-0.03398510633124191,-0.007440319557034336,0.003661133213721468,0.03587133774039586,0.002009177119965899,-0.005950459065502012,-0.021711547440464607,0.0024292979346012267,0.005179914276718489,0.027421064291274166,0.0,-0.0004153334862870284,-0.021732241986845757,-0.017387869490147645,0.0,0.006509770852841823,-0.008997782782970809,-0.023907186747564924,0.020821385158753702,-0.014715650823890314,-0.017990165730981056,-0.010292427824044936,0.023555688315328782,0.004610260210592243,-0.019751619062496506,0.03600355757056162,0.014024167849730151,0.015737470523945585,-0.0011904086523589763,-0.001318902989698112,-0.013250185497268585,0.0021682529253823635,0.00038223428322320396,-0.004952894521078166,0.002537803551802831,-0.0031932882804144858,-0.0014176512602052105,0.0013255505022115033,0.027809057539054327,5.551115123125783e-17,-1.6653345369377348e-16,0.0,5.551115123125783e-17,0.1274289642565069,0.0,0.011991870098560842,0.018062815657078124,0.006966305645339399,0.014283875105959631,0.023637039636484225,-0.0003851883013232804,-0.048345596716131534,0.002536843082714735,0.00979588798278963,0.011632284088930411,0.0009626026228188311,0.0,0.0,0.0,-0.1106992610468851,-0.009318841233596664,0.0,-0.006361017954292558,0.019040146011076398,0.0,0.0,0.0028832320889335405,0.028094909847888982,0.0036292064670592206,0.01146363302200254,0.001955108080225698,0.01640641978177715
0.01737412040446168,-0.002085660689689184,-0.0040494869539043354,0.00674678242266985,-0.0335414285336984,-0.015343268544015187,-0.019378804366928903,-0.012798377106896186,-0.018323649886977433,-0.021716391489679188,-0.00015200372677121043,-0.019349958309343662,-0.01180023984134293,0.0024919852465449255,-0.013147693456086573,-0.037118057673483584,-0.0357961502731074,-0.02906720540109864,0.006509770852841823,0.0,-0.013059508138654474,-0.03126353537360155,-0.020221164689068483,0.03228060341675748,-0.014979853498095719,-0.024621831093754376,-0.02803845253186671,-0.014897305654194892,-0.03763235001632903,-0.0015188226148227235,-0.03897364471137843,-0.04033093504475782,-0.024489611226504393,-0.03625890217578803,-0.043450358208050766,-0.039905305797423185,-0.03375737311188848,-0.010139620044478825,-0.031234649019517002,-0.02555161207002693,-0.026257038322482884,-0.03736775649502577,-0.037006497035127095,0.0012753697044913803,-0.0027069630683039803,0.019231351847134093,-0.005968250503148698,-0.010377642266013842,0.0,-0.03700141552222336,-0.00021111793741773743,-0.003218921650890494,-0.02568200175479074,0.021191939792064685,0.0026283744574048806,-0.0139984550613797,-0.009789213484539427,0.002934240247507436,0.0,-0.007876752429350486,-0.010416716931679393,-0.0013665570471231292,-0.018293233860905533,-0.003149945648253716,-0.013390790646149953,-0.01636702765729453,-0.007587720439163059,-0.012010241858753046,-0.0018133124730390082,0.006245419748492187,-0.00667051782362138,-0.013896932569961884,-0.010093737362066368,-0.010633422251171143,-0.019800767219825266,-0.020323387807672066
-0.01708993292643962,0.008085962558043391,-0.0181494336278345,-0.00013677548746282575,-0.01591237292488301,-0.008288561578563447,0.007428443398946993,0.04258722782906277,-0.007251292319415903,0.0011460003072163993,-0.025471909256501446,-0.030444201368084733,0.01015879633322242,-0.010753621079344466,-0.011399107172154033,-0.01161042966400394,-0.024760050889787222,-0.007423543488464801,-0.008997782782970809,-0.013059508138654474,0.0,-0.022691247617060817,0.029107462152587804,-0.022014833984791538,-0.0067949026226016285,-0.009933684772346907,0.00793506458556592,0.0024557698147502083,-0.0020285944041441573,0.01048064043950725,-0.002522495267909375,-0.02843626479765371,0.0009876884392963081,-0.009680796389497759,-0.03210176809460141,-0.02232215636028495,-0.04313962503812607,-0.07209604563045074,-0.02130695987939729,-0.011508133138918575,-0.026851791979884687,-0.029087086653916128,-0.010025473405189,0.0,1.6109760063109935e-05,0.001865621442424359,0.0018362506684052038,0.002488367258432489,0.0,-0.00047674735005931446,0.00801736471399428,-0.017822937151311502,-0.025104110995445406,-0.012971215452369067,-0.00017604442001867282,0.0,0.002095337564742228,-0.0018474668503336011,0.0,-0.015342900630413714,-0.01215279781629236,0.0,-0.021634117070727654,0.0,-0.013873705727107832,-0.04772567393747035,-0.0025014456863918233,-0.032166104368192394,0.012861566439010819,-0.00788043230683999,-0.015420690777896262,-0.024955599944789575,0.0004106686507174828,0.0002216784785885051,-0.008095919791382244,-0.018197251697660788
-0.005721296001243437,-0.014773272772137469,-0.013641356344551492,-0.011327645927018681,-0.03515628164101797,-0.013795582170793685,-0.01971205763239453,-0.029949489019387432,-0.015588209595273905,-0.019902142296376768,-0.03246347752680351,-0.01805173521399628,-0.016111250027116386,0.0009320329971407304,-0.016780464377807336,-0.03529684259314436,-0.006059402736898922,-0.026111969333219964,-0.023907186747564924,-0.03126353537360155,-0.022691247617060817,0.0,-0.011646458749450195,0.1033610738667719,-0.023652898141421963,-0.03999157965365313,-0.026319866934546132,-0.04169273325347789,-0.030333200322712583,-0.026700706090727166,-0.02611534373859714,-0.02930147956725143,-0.027736789925939087,-0.02353926158402181,-0.03353687441087433,-0.01069840695045915,-0.024881683894426965,-0.010003892253206748,-0.005561693267565226,-0.017504342364300707,-0.0061745336250930705,-0.01849218872479047,-0.00568086020399633,0.0,-0.005759534990469051,0.015673680063501505,-0.013457163631170832,0.045057850669415256,0.0,-0.0005793099916382438,0.0022011060573785546,0.003340825201328057,-0.015015593928402182,0.026652377955280526,-0.008070507380513792,0.0,-0.010377052017606192,0.008835987141737112,0.0,0.002440580815866289,-0.018278729855567055,-0.008225770344673589,-0.016714604341644623,-1.1102230246251565e-16,-0.005398526444619189,-0.012729275107793314,-0.001733500595746229,0.000944359366105596,0.016812961816717265,-3.674475177078973e-05,-0.0034547273666074574,0.0011397549790226336,0.005920236988163352,0.0006894898513413739,-0.005611743853893125,0.003528486031739886
-0.003964542157354201,0.00270004320118572,-0.02524550180726276,-0.006476512375162502,-0.006646880460546234,0.0059955102746669375,0.005748291529511562,0.0316067221462773,0.010311664484239702,-0.010118150963397132,0.012738942451247848,-0.004495197314223043,0.0070028594409422,-0.01596744591633875,0.023528010964659285,-0.019150103736764623,-0.02708710714182405,-0.015343778153366405,0.020821385158753702,-0.020221164689068483,0.029107462152587804,-0.011646458749450195,0.0,-0.0010618654881164868,-0.008218468528703282,-0.0031763777814223793,-0.009953970726230332,-0.0003766533267464123,-0.008617393395981998,0.0019767356842589345,-0.014408290035448745,-0.024030310932030063,0.004054669035147784,-0.019588938649284682,-0.02923240049487219,-0.017466316960938644,-0.024169966675770482,-0.010113791976777753,0.0002608268043384765,0.013144281437363403,-0.004933232500627938,-0.011499103517311482,0.0027722551675634644,-0.005194975749762798,0.0001851273153634092,-0.009586646892759565,0.01223828773416813,0.03524447057719449,-0.00014843551507875974,0.0033035763900283177,0.003488761504146898,-0.006745085335782219,0.012454067486678377,0.014109916798672018,-0.008657118867299807,0.04134647517575485,0.025278225080775873,-0.006186528980735351,0.014228787300409385,0.001148450350789143,0.008340504567651674,-0.016801582780053503,0.006828455771280162,0.03437405579302988,0.007545218902299644,0.01427030121970796,0.007534845632002796,0.0066559263110558264,-0.011908115938065011,0.009284999089840651,0.005916616782257356,0.007035010425633703,0.001005374445427032,0.005508774679959805,-0.004210622207546644,0.007850628562779072
-0.011967173962348365,0.008468980539856563,-0.008343006827306765,0.0028388705105858447,-0.03148378485326875,-0.020188399441307292,-0.00425156907266655,-0.0051849772431865615,0.0024951309976505853,-0.00586960668041514,-0.007511813451539229,-0.0007869417876802398,-0.0066310075615114705,-0.030016895962510226,0.04152898419921053,-0.006348313309535503,-0.02585412320794972,-0.005665998797327376,-0.014715650823890314,0.03228060341675748,-0.022014833984791538,0.1033610738667719,-0.0010618654881164868,0.0,-0.0029631371026843656,-0.01299348503161829,-0.021019802259357456,0.0017136718149297625,-0.05615246873847718,-0.016483018966171326,0.009048202267836314,0.013357363899983266,0.022978103045623866,0.004167901705687538,0.011664499669825079,-0.027019821532571375,0.013603269536311968,0.003619816928386199,-0.07057563175129622,0.028718106636855978,-0.036194845488407956,-0.0059445467301200705,0.010568798899060372,0.005241622837538706,0.012386201077711434,0.010366347068870296,0.013775484433257268,0.00031839893057145074,0.0,0.0,-0.013555045675379074,0.008011345326372432,-0.000264346620163336,0.003234634906770617,-0.01444647920235359,-0.0014433648649082031,-0.022291192399743476,0.01060780584156712,0.0,-0.004770978833709971,-0.007891966442635567,-0.0032603153560667453,0.0035982677942351105,0.0,-0.006215165238058762,-0.022715878730088457,0.060420104049266954,-0.04057395413395193,0.013259697537805148,0.010684931501372064,-1.965848523965974e-05,-0.0005574227208624549,0.013478139217572127,0.0016934579519527482,0.0,0.03020324776068828
0.0007508957163263053,-0.020009831994339644,-0.011565653232547546,0.0,-0.019377022172766878,0.010210478904211007,0.0015577582991644356,-0.021097772369352064,-0.004851676567357466,-0.01904944211334514,-0.02708501438321309,-0.013719199196228715,-0.0008014411178144387,-0.0002604195110330054,0.0062836777157829204,-0.028437370495274117,-0.015135155145590218,-0.012708873503477713,-0.017990165730981056,-0.014979853498095719,-0.0067949026226016285,-0.023652898141421963,-0.008218468528703282,-0.0029631371026843656,0.0,-0.011088222094677469,-0.00740667636744341,-0.009863841183389899,-0.009600367592355274,-0.01595564160587759,-0.006510338514622571,-0.0057201874190671576,-0.008559613941726996,-0.016109200350447328,-0.0020607693705745334,0.036743147127904496,-3.6007249565483956e-05,-0.022355699458372014,-0.00877996978627732,-0.009290901761560444,-0.018448149700976524,-0.004141137056041799,0.02630476149797334,0.0,0.006338261683478563,-0.011705980927450788,-0.014236262386986942,0.0,0.0,0.0,0.007872631840955602,0.0030720651034327195,-0.02300845329955603,-0.0003141100974469735,-0.016355924520762788,0.0,-0.017384242652641546,-0.007193981737683708,0.0,0.0009546062577271419,-0.02407422077749627,-0.011868441479098213,-0.0198442379166609,0.0,0.008928862225395406,-0.0004637653525506047,-0.0018915023683277465,0.0040945989337345945,0.014539900957622587,-0.01411957359082111,-0.013405755832862132,0.02944156636485279,-0.0037139173862397734,0.008712344362932778,0.0,-0.017076635827781572
-0.009357711783112899,-0.008949982493637376,-0.04495831022209312,0.004452041120110106,-0.030206659609566033,-0.01818945248799103,-0.012778458262318992,0.0030553651494000245,-0.013059644704182971,-0.020257505745177207,-0.021459271930525048,-0.004347683569158378,-0.017099855995315494,-0.02362175700114727,-0.02044530052573501,-0.030268730317016213,-0.03137557871561647,-0.02506369599139563,-0.010292427824044936,-0.024621831093754376,-0.009933684772346907,-0.03999157965365313,-0.0031763777814223793,-0.01299348503161829,-0.011088222094677469,0.0,-0.018738734155803516,-0.02031312489593573,-0.019757959783410384,-0.022692250735502073,-0.00782128692446149,-0.016740068979149092,-0.015304694432262178,-0.015415314810629854,-0.015331296941451411,0.008070993141632343,-0.022738707712412376,-0.006959022422664662,-0.004846946423364862,-0.005357081286800014,-0.009124096207461851,-0.010013620478805385,0.03437550607543166,0.0,0.02006517850940348,-0.003735660820335107,-0.008296901956504843,-0.008506129808277918,0.0,0.0010542402541957596,0.001726590256616145,-0.013632201256239096,-0.027871537706817606,-0.011368503634715532,-0.020443894697986853,-0.00032261050650095324,-0.02190065066632685,-0.01173704701429823,0.0,-0.007118653236590555,-0.01576308224629247,-0.013905655424831243,-0.016530644159845287,-5.551115123125783e-17,-0.004888482648199022,-0.019148371198672076,-0.0028340587277210227,-0.01421144678875419,0.01720792228539414,-0.009172975114901838,-0.010743738830095773,-0.006457744034628399,-0.012963690915617665,-0.009727966311048775,-0.0003451594377530953,0.003391363737711983
