0.0,0.05324344426383476,0.029690387419935016,0.0,-0.0002736678630518852,0.05498972655374573,0.03141401638514574,0.05969313094119377,0.02837042968569009,0.01767016851955011,0.00012336324505379803,0.028894894176026475,0.06481112896245467,0.028524352717929136,0.03966818502106334,0.05373241406566276,0.05583734244471045,0.053838238854663156,0.0,0.03419637948797166,0.005711970093635388,0.05952776707754126,0.03807415672589248,0.00016665171591789818,0.05012985120477981,0.03214528496696495,0.035984702208314234,0.07173162842642195,0.060326737471024405,0.049663954192254,0.0337849574293031,0.04779329677933697,0.07559076470952769,0.040215947329923896,0.01604927824340191,0.022848865437016475,0.0,0.04226852857959379,0.042678225277071935,0.08826065419710216,0.061009757506767404,0.034715043805137014,0.0,0.0,0.0031918810227409278,0.02466489843604802,0.08448827582852592,0.0,0.0,0.0,0.03912295868358412,0.0,0.03028459259013605,0.0,0.014472041418939263,0.0,0.05926565133631578,0.02113246933099261,0.0,0.021633894366637707,0.07423683316646429,0.05413543592730524,0.0572605950741602,0.0,0.0405529474636005,0.011874593912862885,0.0653262605783338,0.14591366023564606,0.011204955862180677,0.059541890662523356,0.053453744754941246,0.022740103584334925,0.0005786255522475248,0.0238341729136351,0.0,0.054911912544728325
0.05324344426383476,0.0,0.0501912229452372,0.0,0.04475873263217467,0.027671376684157256,0.03779503344070967,0.058168460124752575,0.04409322234675339,0.08144071405757741,-0.0009000956651477598,0.02179055688485798,0.03175623546417228,0.0,0.039728232047986756,0.04052680274081272,0.07296612069733216,0.04452700993288189,0.00896593531483525,0.017520893798993187,0.046248858836020756,0.031174173847272668,0.041207453883857936,0.03421295268960761,0.028248225752839307,0.004164020973806748,0.02808824063235954,0.019825032817460675,0.013013853081651594,0.034416171243498384,0.043359886740726494,0.04592051999762281,0.052547411820686896,0.043697299923439625,0.023404778685149452,-0.005454162147088659,0.0036909212534216307,-0.0002671370441030829,0.05616250502522396,0.06668349010477165,0.05650623027461016,0.05406755760094217,-0.019968180987788964,0.0,-8.216468124688792e-05,0.061031596623897844,0.07362079110704872,0.05740190343352036,0.0,-5.551115123125783e-17,0.056558170753993275,0.0719327289098991,0.03775900100581059,0.01520756304961185,0.027591080347574626,0.0,0.02650054641319044,0.0624870061024736,0.0,0.031993596145363234,0.06724987325331183,0.06944991164742637,0.07354800722062677,0.0,0.048274999861488366,0.04506989295223718,0.05021614864347018,0.05318148911519888,0.03578935286831819,0.08481577259468442,0.06987640702812198,0.04760862651107811,0.06295772242937686,0.05867637379947077,-0.006989215562085704,0.04987870300551561
0.029690387419935016,0.0501912229452372,0.0,0.024525546199149872,0.022526851041042628,-0.0033383149079066476,0.0438348034562106,0.017179274527301003,0.0019838814985935205,0.044114359803927417,0.004440103327722322,0.0369232127705838,0.04305486427933636,0.04191361466378135,0.019997805006732927,0.05817001296383428,0.03921288259005534,0.04504886185263285,0.01779952904493881,0.03731426076308908,-0.00736385150398311,0.03673277494118571,0.00972074491305197,0.015617400457849984,0.05495156392050282,0.040111013761923664,-0.003399955630829621,0.04046466043555119,0.04418741599125092,0.06352998112587271,0.049290931465824084,0.03528906548203131,0.05821303937372574,0.03617976650257171,0.025152017570491958,0.05366872265741207,0.02366213536504097,0.036510263706436064,0.0454482933813013,0.039590623506050415,0.04373655962811629,0.009011026475920225,0.024737845900246858,0.00032839136046952655,-8.605026361901968e-05,0.0,-0.0019867045254335913,-0.020487002616896288,0.0003564135316356243,0.060856076513956525,0.020691426303566796,0.051673430868004244,0.02711573256012445,-0.12253142242272913,0.022162329516837165,-0.05713770097723775,0.005692350916288835,0.05194155523571231,0.03503894463011803,0.03660624383144878,-0.0006249995770067351,0.0,0.0,-0.03703777694521648,0.05816938052927212,0.0008306502305481245,0.04946213426873819,0.03335854984108255,0.0,0.0,0.03173841410535272,0.03620082512411016,0.03737597815826288,0.0470272572709427,0.032962478898817316,0.0383620085686861
0.0,0.0,0.024525546199149872,0.0,0.059864349297155894,0.02843905823835119,0.05843664851041808,0.013252085224736976,0.04361316681232741,0.1191516107415812,0.03756306301818846,-0.03169403950316513,0.029629848880414422,0.022342389335746504,0.0020468137977922574,0.0,0.000400619427592952,0.0,0.07209377784016929,0.0010270761872255285,0.0005708154430617007,0.014523524008082433,0.045675958955780305,0.0031665846677462195,0.0,-0.0023644366487406976,0.020522507273347035,0.0374324598469129,0.007688910741310562,-0.0002527264048729494,-0.019679167927422747,0.012498656628243565,-0.16932472701977572,-0.08998816085672301,0.01972123352445826,-0.007058430073117183,-0.0008524124669073707,0.02848572236877267,-0.0012114221293825778,0.0,0.000983442714344751,0.0,0.0003694933828900515,0.0,0.0,0.0,0.0,-7.045209522005269e-05,0.0,0.0,-6.948201917000851e-05,0.0,0.0,0.0001649374266153858,0.0,0.0001688542896338685,0.0,-0.00012416494702549574,0.0,0.0,0.0,0.0,0.0,0.0,0.0,0.0,0.0,0.037949361686691385,0.0,0.0,0.0,0.0016529902379694983,0.00016166752218033098,0.0006358588662778164,0.0,0.0
-0.0002736678630518852,0.04475873263217467,0.022526851041042628,0.059864349297155894,0.0,0.02781335595281198,0.0160863754178725,0.0355315427624171,0.007247643259614467,0.04524070416075188,-0.002142718050125003,0.06118744063576809,0.01889968640733003,0.022558529796559146,0.012726880225756021,0.032514861160893416,0.045796483468852234,0.0319492827659858,0.025578291767854644,0.038658923071662854,0.06472233347315748,0.03279720203326164,0.046877425629783365,0.060353190278384594,0.0210049337590274,0.04367783499243849,0.028141907235732122,0.051389605045307374,0.029551852830542957,0.039678727567086236,0.052542265347198025,0.04416678182363071,0.03659680155943962,0.04600433595176917,0.035687376193247244,0.02709823273100792,0.1351634510686469,0.04569779594399004,0.025954582276782934,0.0074198723506649356,0.03584964452480188,0.028335111738496677,0.03082387897996014,0.00017341818064908754,0.016721126155385124,0.0,0.010478962636612521,0.04698880282630469,0.0,0.04708208690276294,0.03173484159357731,0.03450129866889462,0.0336648736572846,0.03733960920019452,0.0012965321194493007,0.06322957687222858,0.00929541207806256,0.04503703206040777,0.025652939997321877,0.04025592073441553,-0.0006536218413298878,0.0,0.0,0.04792099654820858,0.052507378606517996,0.0,0.06412237257879932,0.034032867103046316,0.0,0.00011908423304796134,0.045031833904275065,0.03638656337359003,0.04614112908711787,0.050224989527602404,0.012557903395471914,0.040074527568835894
0.05498972655374573,0.027671376684157256,-0.0033383149079066476,0.02843905823835119,0.02781335595281198,0.0,0.02912485150092331,0.03741175191971602,-0.003956427403840723,0.04364724586862567,0.01834908874269725,0.07446056550524816,0.029714897813519492,0.026810706663681627,0.009938193584637267,0.01793620670043411,0.024860338374003976,0.030540257364355283,-0.004522671855952842,0.019112729078971324,0.04387037549782047,0.015304186071634807,0.015068000617394606,0.052261143008314415,0.023525723889789407,0.03261286710977773,0.008434194058869193,0.012404787366464443,0.013951428481777106,0.04155160490572807,0.04454928751683046,0.035744653992738296,0.046168184146640145,0.04150737138127453,0.03610387990373859,0.03339307503102662,0.03861517556670235,0.02262597732791649,0.0362468609387262,0.03318400475808431,0.04312274259038551,0.04398356719194085,0.03169268253188762,0.036235196461266106,-0.01107514751415084,0.028808543311007406,0.04883781435144191,0.03675583811640959,0.0,0.03811013067122926,0.02211638500155344,0.04839124532650585,0.02664667210351085,0.04295136219952189,0.030453351374837845,0.030860067351349385,0.01654253410071227,0.04579346455598654,0.0253637983578045,0.03938424549608588,0.0579860756878437,5.551115123125783e-17,0.006372141053408498,0.04133643649846708,0.0465428159114038,0.04503265836281101,0.04347426453985459,0.026932102533259172,0.0,0.06614604230914045,0.0423559063636314,0.030173172865735287,0.03949941885413544,0.037132656855862645,0.027319476674969145,0.04167807546145019
0.03141401638514574,0.03779503344070967,0.0438348034562106,0.05843664851041808,0.0160863754178725,0.02912485150092331,0.0,0.05566380819421696,0.030189658846178247,0.0217894042561112,0.05022263419925088,0.040644528305214256,0.0008781831626292202,0.03744932355223202,0.02846332097235399,0.034315675019542136,0.02960062698905075,0.03930047852681562,0.04988324054866283,0.038968453531977365,0.05771881957623709,0.037271333810928675,0.04347311187642933,0.0243106483230614,0.03619510706008627,0.04438934589635446,0.0390012352234505,0.015521630576540935,0.033647026172823113,0.03835665958937734,0.014552808189866151,0.038545061797403635,0.027219867089310124,0.021456336049226976,0.01832295510915133,0.05541785725317677,0.05377685235551877,0.03376199692969051,-0.012680454904622385,0.08726339488906876,-0.020738376545199777,0.06612157269489427,0.048178510210391434,1.5780468658188607e-05,0.010059794395169741,-0.0004718448867725433,0.044487667570355494,0.034579852883209417,0.0,0.050245458565295165,0.03197469141803955,0.047467786944812684,0.03795299877336117,0.031585737908704226,0.027628872823290795,0.03405384494138075,0.022023574357484643,0.04568026347889509,0.04027920479064062,0.0426711184200812,0.03539270684814344,1.1102230246251565e-16,-0.0006159106772998801,0.0279782298501009,0.057092363024310644,0.02779721918458089,0.05462706557701319,0.03012122007318674,0.017578969429196456,0.028306569713242413,0.049582126694953266,0.030126334184125247,0.040855850073475475,0.0446920758835625,0.0324933636155752,0.044078474377448607
0.05969313094119377,0.058168460124752575,0.017179274527301003,0.013252085224736976,0.0355315427624171,0.03741175191971602,0.05566380819421696,0.0,0.0512137380465037,0.058270182824122,0.051417225015808865,0.05060616757582187,0.059309689757220174,0.02043918787643567,0.043725135880135546,0.05132750420592663,0.024932118538401493,0.059554756933690445,0.0778604203770395,0.04794924238482068,0.06251006042751478,0.047116763389235705,-0.0021368943061362278,0.04913223560417168,0.06235278220014134,0.06084152724769981,0.03434045322190876,0.05722955061955681,0.04689888714831175,0.07599212946205164,0.0663597861273516,0.02392161904069018,0.07837874844232967,0.05960103493360508,0.0460596004606893,0.014349278159428713,0.07077709342492333,0.0014035236969666687,0.040378613599631186,0.057423330591735544,0.06053658867427042,0.042830835602433726,0.042716795417738596,-1.610900599530174e-05,-3.6203863018946514e-05,0.0205489893215669,0.07500601839339655,0.06513122088070811,0.0,0.06940402392189104,0.044656787457763025,0.06083900101167772,0.09102345305209392,0.05791659380019343,0.004547917227692988,0.04206630392910854,-1.1102230246251565e-16,0.06849405703295192,-0.00788948542510115,0.050086605229188286,0.024865229785921816,0.0,-9.943590623673337e-06,0.05402878217482021,0.04091562333273435,0.062284923320287344,0.05189587451236116,0.05222162610528619,0.0017241054369705466,0.03605503165802515,0.06598401691528089,0.04442942717594578,0.05588458013688735,0.048646245459487536,0.02289425866561634,0.0514733872752986
0.02837042968569009,0.04409322234675339,0.0019838814985935205,0.04361316681232741,0.007247643259614467,-0.003956427403840723,0.030189658846178247,0.0512137380465037,0.0,0.042413155310516815,0.002641820280905205,0.05144110765992049,0.013355611194585282,0.04839112212732399,0.03589432096980982,0.03475291931211694,0.04348757885416343,0.03950023544761727,0.02962943411548613,0.032993046033366,0.02420783433260365,0.03548481310089446,0.045102306294867944,0.05714106887655124,0.048967384570835604,0.04302635049520698,-0.0019371062590634591,0.011666661337268014,0.0351220807953419,0.0387381050558499,0.047078059544367445,0.03802628320721796,0.0623470834356733,0.03887611205343966,0.03433289995558936,0.043679140925092785,0.024994268158250288,0.04862844928652743,0.012368977478307341,0.022525409710171862,0.05641926456073376,0.045959258296758954,0.03196259025228121,0.014769172423688526,0.021908561811843974,0.0,0.03207615267143871,0.05920382525195378,0.004243655643940025,0.032764625202864606,0.02338178935019286,0.02825818910018918,0.025042541581842825,0.030428122481402697,0.03222802228748767,0.06283821855040395,0.0023678478326175645,0.03060994693202057,0.03165302997961006,0.03477940299308385,0.020277812940612816,5.551115123125783e-17,0.0,0.054342664017156816,0.05526380624363958,0.00925575263467393,0.07911141767054058,0.026082944854139645,3.7194868587386853e-05,0.006301141735028937,0.02721074868497597,0.026623000651180062,0.035709695683022846,0.0366919472685745,0.03035787880976004,0.049631077213140196
0.01767016851955011,0.08144071405757741,0.044114359803927417,0.1191516107415812,0.04524070416075188,0.04364724586862567,0.0217894042561112,0.058270182824122,0.042413155310516815,0.0,0.05077464517104935,0.024461820651676347,0.018380652770059513,0.04547205954803091,0.019439261848460676,0.022442697260231126,0.01892631893623259,0.018723931613340905,0.059912244044795226,0.023178287220680382,0.026035528187335066,0.011940043204041184,0.04964885655030343,-0.006347450476666516,-0.023181934372246582,0.0468055525236174,0.0464534992253951,0.018400172498806988,0.05529563364492346,0.05088643593823505,0.006973895028800747,0.02969355604403484,0.018792676697457877,-0.007749734428346866,-0.014702607581791316,0.06555282807487639,-0.061981619919075054,-0.012433136357535957,-0.04889554068095986,0.06631287347900916,-0.04915670462071314,-0.05706546816861069,0.01194143999650149,-0.0009725528867624567,0.06972078061353121,0.030723428327299573,0.028425763916006763,0.02620945439234834,-1.1102230246251565e-16,1.6653345369377348e-16,0.042989753922462626,0.01881573702267697,0.0002499083310574246,0.04132251823830713,0.05058055921393462,0.02542095300615488,0.05213158508102911,0.03173690506551857,0.0,0.0010396512227140997,0.040240352960964954,0.047289521307919746,0.04880571446094356,-2.5480754511808534e-05,0.01179454001881769,0.000321971540069077,0.02224862702577618,0.03868180963083345,0.03377385363953983,0.05719042822635617,0.04984408111269728,0.043500749877133704,-0.015277543513588676,0.021584476774288375,-1.1102230246251565e-16,0.03586646798801485
0.00012336324505379803,-0.0009000956651477598,0.004440103327722322,0.03756306301818846,-0.002142718050125003,0.01834908874269725,0.05022263419925088,0.051417225015808865,0.002641820280905205,0.05077464517104935,0.0,0.056773979292498944,0.05216245703838013,0.00813168027088762,0.0,-1.9138813007690825e-05,0.04337569887550358,0.03367222780459744,0.003949844455514717,8.795947310491492e-05,0.04067709446723039,0.00589639938096348,0.00027260542555579415,0.04309242133763658,0.03662684255613502,0.03929909134701576,0.032276042702240215,0.04457825268281257,0.04831346895236016,0.04732826733649759,0.049253961191104534,0.0193931274325988,0.013641172288136938,0.042481492621696926,0.03708750586650422,-0.002268165060582028,0.09182613407154006,0.029559314117434454,0.03256398666369986,0.0021369448717710737,0.05554251901746832,0.004157106470835226,0.03425161803722021,0.0015079025313508576,0.0073683681320967365,0.0,5.551115123125783e-17,0.08677176948843279,-0.00015437011819685598,0.09667535959912454,0.03016622609242503,0.0628591369347512,0.02435780210725058,0.06853575996519667,0.015029157257108017,0.16684794527831365,0.014639417991639925,0.07310995508859547,0.04259069688197137,-0.0008728580564379418,0.0,0.0,0.0,0.21059012512800007,0.03676644866810996,0.0,0.04712778076840324,0.037624861245104224,0.0,0.0,0.007716217442293061,0.02972801336819164,0.0626136485624465,0.030561090045752193,0.017440611238606296,0.07248162877117426
0.028894894176026475,0.02179055688485798,0.0369232127705838,-0.03169403950316513,0.06118744063576809,0.07446056550524816,0.040644528305214256,0.05060616757582187,0.05144110765992049,0.024461820651676347,0.056773979292498944,0.0,0.02310065669785777,0.02876835202663003,0.022587635652160598,0.039447812724859976,0.041653796792272546,0.028439490749190166,0.06451133584607993,-0.0019286621945386884,0.02557933374682836,0.006697996607088641,0.05582350157019972,0.011425834915107236,0.019166786402054492,0.007961815058327104,0.08202662012591705,0.03824781471400879,0.032951114082902244,0.02909998726277596,0.0004273302103898202,0.0063268821760322225,0.021016975147827688,0.006195987644270262,-0.021387767823633552,0.027285153265426854,-0.013235953157298752,-0.023034073458469917,-0.012755808526179913,0.0789909495758776,-0.05795463948184082,-0.015502360557986705,0.022594833603272302,0.013720194940488262,0.06918286906497834,0.04538403435539279,0.025220326166451756,0.018151139693073637,0.0,-0.00019159842042343334,0.028622374352420765,0.005586468325009752,0.0,-0.000770589965154167,0.06615687729573771,0.011582925479804107,0.06687275124245701,0.035936068516204844,0.0,0.0106765794477936,0.029037378935780456,0.047227622343381015,0.05940334264624497,0.0,0.014942529799490345,0.0001946571118245366,0.012416073450598863,0.02653312669339808,0.05313141505430535,0.062181614046520006,0.059392412344724865,0.005022535815426221,-0.19844935904768027,0.005352434124270333,0.0,0.08365576045111167
0.06481112896245467,0.03175623546417228,0.04305486427933636,0.029629848880414422,0.01889968640733003,0.029714897813519492,0.0008781831626292202,0.059309689757220174,0.013355611194585282,0.018380652770059513,0.05216245703838013,0.02310065669785777,0.0,0.04253322583081348,0.03621323339422511,0.02982364175122626,0.01479083947869958,0.03228036435210169,0.04888725159128082,0.03441466068262633,0.05375952168352671,0.0327824749915851,0.04731866874617796,0.029713438899808375,0.036898578533599236,0.040979286120185976,0.0473259359495663,0.006115331443901473,0.02660073294327442,0.06491562482434221,0.01223553960321333,0.02942778515006994,0.017570160709863447,0.0067298040068748954,0.006290441460035656,0.052162936047167485,0.023432960649377943,0.016638722071615375,0.008024381351098953,0.07825693120824107,-0.003568537635740887,-0.04893618133181088,0.05172006078943586,-0.007602868612237801,-0.0005142832148810061,0.011825571238972765,0.05045115567340386,0.04367627809065,0.0,0.055388012121809216,0.038460987930173496,0.05154805760711012,0.040721045668285494,0.041259829939622295,-0.0334139208213321,0.03432565716730368,-0.0022677622176694445,0.04497529624826657,0.008197258797929208,0.04010442018988997,0.03294817274933465,0.013720327496373308,0.021788900496747476,0.049572817847139294,0.05769297502942611,0.04248143751462735,0.057392369528588894,0.0364019627743426,-0.008100973633477393,0.03896277285377531,0.05238913305985099,0.03813877931344789,0.04422547422187928,0.04202492801759483,0.04352111919954493,0.04809629421974437
0.028524352717929136,0.0,0.04191361466378135,0.022342389335746504,0.022558529796559146,0.026810706663681627,0.03744932355223202,0.02043918787643567,0.04839112212732399,0.04547205954803091,0.00813168027088762,0.02876835202663003,0.04253322583081348,0.0,0.003227819305945401,0.0,0.0,0.0,0.06851729335750417,0.004629929053832638,0.0312746927540522,0.00495854273849361,0.0339393879829315,0.026664462844570802,0.00015069606162476656,0.041866838098477965,0.025129013924857002,0.04802815022374929,0.017913263978762084,-0.0002843269355418676,0.06741122215325251,0.04282064597446017,0.0014788626978234909,0.024941912662269305,0.02455687947023094,0.024226853611000687,0.013599205936963316,0.07232185975847011,0.054003305737040264,0.0,-0.0004774480124400404,0.0,0.030021418675427625,0.0,0.0,0.0,0.0,0.06121911017500381,0.0,0.034235171916924434,0.0227615830441526,0.031129737879683872,-0.016587166673751097,0.06942925729458127,0.0,0.04875747514649914,-0.0004583358602233134,0.03151635880736525,-0.04816061264388222,-5.551115123125783e-17,0.0,0.0,0.0,0.082742442279093,0.001223995631640995,0.0,0.0,0.028272064755898163,-0.0005616507148256122,0.0,0.0,0.008580542475169484,0.029023983854984337,0.007735288684480923,0.0,-5.551115123125783e-17
0.03966818502106334,0.039728232047986756,0.019997805006732927,0.0020468137977922574,0.012726880225756021,0.009938193584637267,0.02846332097235399,0.043725135880135546,0.03589432096980982,0.019439261848460676,0.0,0.022587635652160598,0.03621323339422511,0.003227819305945401,0.0,0.03378408927556292,0.005744881826966586,0.04555001179362089,0.0,0.01727080103782269,0.034074409303989306,-0.01954963531273085,0.015615682862556768,0.04196777392880535,0.05479109820260014,0.00023328570844238783,-0.021804020511403288,0.019170893289011448,0.021938791604453833,0.032066901589366315,0.027689279638133446,0.021163892099964998,0.03096040668719313,0.022225002392658344,0.022785464792730692,0.03695332360743442,-0.06204324323986565,0.006039908475805766,0.029158917251300986,0.03739267960408971,0.025148486783808766,0.019871371881089006,0.030836912482525736,-0.0009073886104722373,0.03637241799238622,0.003310116667816665,0.04738053183816138,0.019640241329870134,0.0,0.0,0.02156393528482342,0.03343190320367162,0.044812629756672884,0.023573016312497252,-1.6217160137277364e-05,0.0,0.007491160530508634,0.046679780402995974,0.0,0.030074423223045432,0.03716275078496051,-0.0005799444262524212,0.04441267397710724,0.0,0.028993949169097033,0.028325511231509115,0.025721446691561844,0.04869214590959675,0.0141836146234674,0.04467553841215993,0.03118955831506698,0.03837488016156915,0.050531438499762715,0.05279737385566724,0.05662318952613232,0.028813514625235737
0.05373241406566276,0.04052680274081272,0.05817001296383428,0.0,0.032514861160893416,0.01793620670043411,0.034315675019542136,0.05132750420592663,0.03475291931211694,0.022442697260231126,-1.9138813007690825e-05,0.039447812724859976,0.02982364175122626,0.0,0.03378408927556292,0.0,0.021725577706469712,0.008918492834183667,0.058689433624560305,-0.02763972886821492,0.05649353821018016,0.003032637202912025,0.03694239893550649,0.05441949729910145,0.033618469739877865,0.04386958654106504,0.020815443599679795,0.019979935547168426,0.017322174908116827,0.010132259530539145,-0.017089263826849166,0.027733562159177494,0.024947223442237598,0.0030257017765093486,-0.008380183700274213,0.024139665326627313,0.005114387390116493,-0.01807868783676675,0.05112309396680281,0.08495829961795559,0.06425846327828999,0.0668313643668596,0.01300711608763655,0.0,0.0,0.06397885321116364,0.07512139153356162,0.0,0.0,0.0,0.039634318767190146,0.020074388478907967,0.014544449622435396,0.0,0.12808078903639042,0.0,0.09547146941818158,0.03180786554236098,0.0,0.03752993079354078,0.06851096905557374,0.07202372820344494,0.07483011325120992,0.0,0.045687898813238315,0.052080465601846426,0.0462678339577679,0.04949517820712168,0.043731910126942275,0.08448923153421734,0.07351328585216677,0.051457614785975936,0.06992842568231661,0.060070863616651426,-0.00015616273926366553,0.06100299524577296
0.05583734244471045,0.07296612069733216,0.03921288259005534,0.000400619427592952,0.045796483468852234,0.024860338374003976,0.02960062698905075,0.024932118538401493,0.04348757885416343,0.01892631893623259,0.04337569887550358,0.041653796792272546,0.01479083947869958,0.0,0.005744881826966586,0.021725577706469712,0.0,0.0007796336267833492,0.037075097118506095,0.021600338731985913,0.04641870765014905,0.02886728691693352,0.05039864952475376,0.04521241335672732,0.02818208467200839,0.03556807711762677,0.03159255420652185,0.024068606115632107,0.03526581671523421,0.027312944151014262,-0.001208141733670176,0.025787024323856933,0.02012255775764149,0.016297247901392475,-0.0008723750982640999,0.03312619532615879,0.0074966856488490885,0.027492952738493392,0.041972853447427017,0.07930025267989871,0.03381446204519861,0.0473519773317419,0.0,0.0,0.01995268917821602,0.031185147400630386,0.022569002003952954,0.0,0.0,1.6653345369377348e-16,-0.0005605141343131281,0.00022811949042367274,0.0,0.0,0.06424465007784441,-0.00040485085975383583,0.07236684900405277,0.014153526428536123,0.0,0.0,0.053996687911275876,0.05624204310656872,0.04572461700355457,0.0,3.704195963988299e-05,-5.551115123125783e-17,0.033092822022200485,-0.0009443163350585371,0.04198573329764055,0.0501588783651703,0.04660085971936967,0.0,0.021047192917292012,0.012110143934904949,0.0,0.05444430617346002
0.053838238854663156,0.04452700993288189,0.04504886185263285,0.0,0.0319492827659858,0.030540257364355283,0.03930047852681562,0.059554756933690445,0.03950023544761727,0.018723931613340905,0.03367222780459744,0.028439490749190166,0.03228036435210169,0.0,0.04555001179362089,0.008918492834183667,0.0007796336267833492,0.0,0.03114889798028958,0.008340642493298023,0.05647485532163449,0.016591795193932612,0.05110991374843893,0.05083886733515186,0.017887207054259335,0.04080475537403838,0.0352562740798224,0.022744431554602706,0.030323026300762335,0.028819288758976935,0.002548758400846396,0.02410139438783715,0.031182465641046098,0.01465715836780429,-0.00031569598922803754,0.014678555786366843,0.0,-0.012931118168381883,0.05630631742974718,0.08272579469700603,0.0614914510525747,0.04663037881459603,5.551115123125783e-17,0.0,0.041610127553499465,0.026910577677549563,0.08419432190958215,0.0,0.0,0.0,0.07798056063327907,0.00021422773877388668,0.011161513791471178,0.0,0.06783142060744363,0.0,0.07115708996991477,0.06483833081706036,0.0,0.057519124717680115,0.07573552875017131,0.05083678918780643,0.06388593509343271,0.0,0.060734514867701206,0.02998268448461161,0.059023942816052055,0.059319002625101924,0.04749707724083785,0.07036839465321293,0.061937648000650325,0.06721347526099092,0.026994009156418752,0.0710651130053766,0.0,0.05667193265144971
0.0,0.00896593531483525,0.01779952904493881,0.07209377784016929,0.025578291767854644,-0.004522671855952842,0.04988324054866283,0.0778604203770395,0.02962943411548613,0.059912244044795226,0.003949844455514717,0.06451133584607993,0.04888725159128082,0.06851729335750417,0.0,0.058689433624560305,0.037075097118506095,0.03114889798028958,0.0,0.005886171088290371,0.015619606389554286,0.08062979025775646,0.03219395699393168,0.04221666022814469,0.03545182756405152,0.03708886917419496,0.007932197132164975,0.04348320099413466,0.06470308477629733,0.047648746747109616,0.05056012201182841,0.04349158601998604,0.047816260266854205,0.04377647563802772,0.03957313156372788,0.07321271535304746,0.03388447170779685,0.05582796489958758,0.03461147144107901,0.025153051402381277,0.03327927176446932,-0.05483451837194453,0.02594553256305443,5.551115123125783e-17,-1.6653345369377348e-16,0.0,5.551115123125783e-17,0.0679541340075529,0.0,0.03813510590033298,0.038294191926528054,0.04736447220135254,0.030781208509736646,0.039578885165739486,0.0014653942453859425,0.12199171626633015,-0.0014679862503725882,0.056179395655596265,0.0062748064237865275,-0.0014138203406715566,0.0,0.0,0.0,0.07343342411571674,0.05582072448883363,0.0,0.004756220003527434,0.03466226970682895,0.0,0.0,0.00037690183503641395,0.034924341654490876,0.0484526627089088,0.04179699193467268,7.599779896616532e-05,0.04617565967562809
0.03419637948797166,0.017520893798993187,0.03731426076308908,0.0010270761872255285,0.038658923071662854,0.019112729078971324,0.038968453531977365,0.04794924238482068,0.032993046033366,0.023178287220680382,8.795947310491492e-05,-0.0019286621945386884,0.03441466068262633,0.004629929053832638,0.01727080103782269,-0.02763972886821492,0.021600338731985913,0.008340642493298023,0.005886171088290371,0.0,0.027507987951571833,0.007922148842699539,0.03627563889567831,0.04869997802401155,0.026816333927096647,0.018719076958475245,0.004700072862700688,0.029017737810914768,0.039669525237756575,0.04402344869179764,0.023042806929664483,0.015374611789547132,0.011777940331101577,0.013372752214860062,0.009518764279062786,0.017106961931246722,0.009722359109089362,0.012023561612611255,0.0343376165354532,0.03215586832391898,0.028172005869421812,0.012483191247822989,0.017256727320839882,-0.0003874746124720163,0.018506772350372902,0.03171110307970415,0.048242808747511745,0.03178759023263278,0.0,0.009151950928542485,0.03144148389766782,0.06250899734525928,0.04230078550203237,0.03629529325436098,0.003580518613345407,0.025133899280154304,0.01462278570942871,0.04643071200463228,0.0,0.0357260070176354,0.05077483502732416,0.0025207827309020603,0.04919216905295315,0.003968884240400705,0.03683001798983637,0.0362731959928852,0.03301295989652636,0.04478302900760972,-0.0011854297072034226,0.05235922758411604,0.04243032787698192,0.039814965067011154,0.04821853937882936,0.04467219398753136,0.03355480050333892,0.034017948337170534
0.005711970093635388,0.046248858836020756,-0.00736385150398311,0.0005708154430617007,0.06472233347315748,0.04387037549782047,0.05771881957623709,0.06251006042751478,0.02420783433260365,0.026035528187335066,0.04067709446723039,0.02557933374682836,0.05375952168352671,0.0312746927540522,0.034074409303989306,0.05649353821018016,0.04641870765014905,0.05647485532163449,0.015619606389554286,0.027507987951571833,0.0,0.04452272388899736,0.0237788518232826,0.02422028526880876,0.06063139044161181,0.04237707497599014,0.03782901658584087,0.051499712363615724,0.04400177271346406,0.04929724437878924,0.04334847538325054,0.032996041965299205,0.06302535633678358,0.04063093362729098,0.025207353722101533,0.01634832254020968,0.019222098117310515,0.04086262836585386,0.042409564092555974,0.04951639013113024,0.036855159395122405,0.05360269840851539,0.025467685449746147,0.0,-0.00086258066401107,0.018410849565116627,0.06559945337849088,-0.0014399349120747251,0.0,0.00027587774725096326,0.06157322418134298,0.02140823138210224,0.016716809870269633,0.012565709239896583,0.00010187101827602296,0.0,-0.00400179406323653,0.03638793652553496,0.0,0.021860300294656576,0.0586151616869236,0.0,0.027598389726464945,0.0,0.034252021041478176,0.00641434004393121,0.0342525658468692,0.04568156459624684,0.051885528012650894,0.062165816047387634,0.03294396313882031,0.05765418290108648,0.06511492871777619,0.06250957735660106,0.02678882383669645,0.036801968125921125
0.05952776707754126,0.031174173847272668,0.03673277494118571,0.014523524008082433,0.03279720203326164,0.015304186071634807,0.037271333810928675,0.047116763389235705,0.03548481310089446,0.011940043204041184,0.00589639938096348,0.006697996607088641,0.0327824749915851,0.00495854273849361,-0.01954963531273085,0.003032637202912025,0.02886728691693352,0.016591795193932612,0.08062979025775646,0.007922148842699539,0.04452272388899736,0.0,0.028914164779817175,0.03721215405816852,0.0361113980617494,0.026900267368436315,0.0063353710449213785,0.02550080793192644,0.030406043680531014,0.027890124066007882,0.018956712613378723,0.015128576460041288,0.026564239943443535,0.0070692411815071465,0.005967004862369729,0.02582639564370548,0.008807564657082045,-0.027131948170229403,0.021706716791570102,0.03254241595992319,0.019962043542566532,0.0055452196858075675,0.009366015865636734,0.0,0.0027411179704324717,0.09505108855089861,0.05562837194176423,0.02903638204713921,0.0,-0.00024612777137572595,0.0304709869532519,0.04189647220990861,0.027234305899937084,0.04478610816361572,0.027291516924056625,0.0,0.023049480193784222,0.03930224332740051,0.0,0.025136144849605024,0.044424773990560884,0.022359657661062515,0.05227600780453667,-1.1102230246251565e-16,0.025413708581475514,0.036781692242568886,0.021516757269859965,0.04046536486588714,0.017809156464130838,0.06628592268792716,0.04146976843344263,0.034519759973991426,0.033295112283638795,0.04345273510112874,0.07849681096465305,0.023507489518098168
0.03807415672589248,0.041207453883857936,0.00972074491305197,0.045675958955780305,0.046877425629783365,0.015068000617394606,0.04347311187642933,-0.0021368943061362278,0.045102306294867944,0.04964885655030343,0.00027260542555579415,0.05582350157019972,0.04731866874617796,0.0339393879829315,0.015615682862556768,0.03694239893550649,0.05039864952475376,0.05110991374843893,0.03219395699393168,0.03627563889567831,0.0237788518232826,0.028914164779817175,0.0,0.040846328634790485,0.047868456901281886,0.0335738487297208,0.011189523728341866,0.04522648249968497,0.03580628713430378,0.0521081816215217,0.04845375481588643,0.03887000870864782,0.06764066129293034,0.04281345247482571,0.03860766891697831,0.042179797232740346,0.03847003071052546,0.01696535742675309,0.03435931352977828,0.049406012916971054,0.0344629949600046,0.04005895619109079,0.032697925304079,0.05017031629874502,0.007192612014854272,0.09773074798653553,0.05563652647978373,0.07896819403066468,8.589466833291981e-05,0.040377146930928864,0.024262782299275587,0.04173088501357336,0.029306519103566686,0.04853988278836974,0.04850870464406498,0.05532462572881619,0.0711923845899286,0.03900182422159337,0.01919728449138014,0.03955461064854243,0.053872896671418924,0.005443623321808921,0.047865193326932565,0.08509757198874912,0.04230595527068237,0.03946037492539245,0.04518618323349621,0.03191059246941208,0.006609189896104484,0.058681544487293014,0.048692998317987235,0.026970929455887083,0.03693350284937802,0.03603495679097912,0.03751000660579762,0.04007202294958556
0.00016665171591789818,0.03421295268960761,0.015617400457849984,0.0031665846677462195,0.060353190278384594,0.052261143008314415,0.0243106483230614,0.04913223560417168,0.05714106887655124,-0.006347450476666516,0.04309242133763658,0.011425834915107236,0.029713438899808375,0.026664462844570802,0.04196777392880535,0.05441949729910145,0.04521241335672732,0.05083886733515186,0.04221666022814469,0.04869997802401155,0.02422028526880876,0.03721215405816852,0.040846328634790485,0.0,0.04713345973339422,0.008075036821009296,0.04899782113529366,0.03605645147526754,0.0593718275502394,0.054076636608449025,-0.0031178559769400316,0.014265934801190039,0.008148019777826199,0.02947968950404628,-0.012093763959105885,0.04695485433020685,-0.00956857347528306,0.04400882047772764,-0.0020028353687263634,0.032868326346169874,0.023643002151530756,-0.008558831066896366,0.01992667579550972,0.0019320585412094804,0.047855346957681566,-0.03238746146214616,0.11532864663027298,-0.0001842468126610486,0.0,0.0,0.023598398284420397,-0.006382904049857252,0.0005958949589709439,-0.0003843221827353194,0.05472721931463603,0.0008352269757608277,0.06235667498946773,-0.005695035892871847,0.0,0.02593126343144564,0.06937118423426714,0.0350562760200091,0.04869736456088597,0.0,0.010284962230603378,0.06266140056805636,-0.048744761571676565,0.02309688020200773,0.021952669517458057,0.04937292260277515,0.02235549978510737,0.02714081734438134,-0.17294418919072527,0.018316615519695878,0.0,0.038233064396691385
0.05012985120477981,0.028248225752839307,0.05495156392050282,0.0,0.0210049337590274,0.023525723889789407,0.03619510706008627,0.06235278220014134,0.048967384570835604,-0.023181934372246582,0.03662684255613502,0.019166786402054492,0.036898578533599236,0.00015069606162476656,0.05479109820260014,0.033618469739877865,0.02818208467200839,0.017887207054259335,0.03545182756405152,0.026816333927096647,0.06063139044161181,0.0361113980617494,0.047868456901281886,0.04713345973339422,0.0,0.017622846315201723,0.02822418282836453,0.025291653832062944,0.02310711148266381,0.020444571654102905,0.02264290141874914,0.038996622734710384,0.04703685546778841,0.02988966623574263,0.0013848316224780999,0.026446933126205052,-0.0007365379392044735,0.03037682299804506,0.061754277226006404,0.08941699756463406,0.0737460353553886,0.05350529669263576,0.001111189740476859,0.0,0.02167640187430714,0.03418620024018271,0.09118343279924407,0.0,0.0,0.0,0.07048856887218463,0.018116933904436028,0.03509980689606118,0.0001817650083670297,0.07336526747685557,0.0,0.07759116888800793,0.06628056177718761,0.0,0.05442018383935071,0.08093852141899471,0.04899046100266369,0.06631239186898358,0.0,0.0640081331567448,0.05644395136836555,0.06467705627074116,0.05635602649789756,0.05576977929299498,0.08019402408650533,0.06862163666387161,0.06519092398254933,0.06624279235004871,0.07321299930789588,0.0,0.0676283719635638
0.03214528496696495,0.004164020973806748,0.040111013761923664,-0.0023644366487406976,0.04367783499243849,0.03261286710977773,0.04438934589635446,0.06084152724769981,0.04302635049520698,0.0468055525236174,0.03929909134701576,0.007961815058327104,0.040979286120185976,0.041866838098477965,0.00023328570844238783,0.04386958654106504,0.03556807711762677,0.04080475537403838,0.03708886917419496,0.018719076958475245,0.04237707497599014,0.026900267368436315,0.0335738487297208,0.008075036821009296,0.017622846315201723,0.0,0.020413955165258513,0.03711209671516019,0.034934384440149124,0.025973150277014134,0.03956559436831142,0.03254785369095636,0.04470283577257744,0.030680811228844862,0.009248982573601905,0.011001992686593465,-0.0004887249739924382,0.022049368025696403,0.05735544147190408,0.08374243096283085,0.05761713298169285,0.0374515424694023,0.018181518368284355,0.0,0.08783558699059107,0.05762690533768772,0.07677293056286821,0.045891696491309586,0.0,-0.000610053577335179,0.053561840638503555,0.07628645600575085,0.03354831726029678,0.03710041369503386,0.07388286108366454,0.0001866839108005669,0.08359440662245321,0.06720873483186651,0.0,0.031561974059831965,0.07407381787848233,0.04944960482205718,0.06433494652671456,-5.551115123125783e-17,0.04979191298154201,0.05675325184814339,0.05304226754475083,0.04834764275940656,0.04876473976595702,0.07488031572768411,0.06953721812728542,0.05067768282587598,0.052651412272338716,0.05912879153171874,0.00019973222319541462,0.0587946367379249
0.035984702208314234,0.02808824063235954,-0.003399955630829621,0.020522507273347035,0.028141907235732122,0.008434194058869193,0.0390012352234505,0.03434045322190876,-0.0019371062590634591,0.0464534992253951,0.032276042702240215,0.08202662012591705,0.0473259359495663,0.025129013924857002,-0.021804020511403288,0.020815443599679795,0.03159255420652185,0.0352562740798224,0.007932197132164975,0.004700072862700688,0.03782901658584087,0.0063353710449213785,0.011189523728341866,0.04899782113529366,0.02822418282836453,0.020413955165258513,0.0,0.04195043434283685,0.020831074402443972,0.049597003143814544,0.03601055114045382,0.03279178916604325,0.0504982846181779,0.03696366904488896,0.035561319634368926,0.04010463105809037,0.026308827454717743,0.02976767109670475,0.03318004186843626,0.030348913117315635,0.04201633571652641,0.034819463318129684,0.03325398010592695,0.03038600873134778,0.010790961306969604,0.015513031980921799,0.05253929633389626,0.052860752948469814,-1.6653345369377348e-16,0.038658585887248575,0.03171236937701305,0.04686844753226793,0.03499947807021625,0.03911609560711893,0.032459305435796004,0.025390629993416236,0.015410852231048877,0.044778402538786954,0.030454555567186348,0.039345402386800454,0.05460227547995017,-8.704133780967904e-05,0.056634578052631224,0.05258495708324462,0.0430900761761705,0.044822231614831065,0.04526109059554112,0.032997094848701725,0.009955890237922704,0.06407752860966698,0.04774107161253199,0.03268046925915724,0.04138189097111111,0.03923103895389468,0.03509369956632047,0.03748888891508617
