0.0,-0.0152165648106668,0.036022355409330464,0.0,0.00021009465933180538,-0.010720036378650266,0.002414172302975026,0.03906074543069238,0.026755047515814978,0.01504426116880575,0.00017503758967174488,0.009613514519342337,0.01609811783693854,0.045312878060703,0.01987044302647284,-0.0048570037583036685,0.0010234845012059846,0.013527965892751403,0.0,-0.009524763798720914,0.05903828204798672,0.007170922441509409,0.044180063095525246,0.045472320333169836,0.009580348725396537,0.014933409561020294,0.0003316861076155808,0.02565511767835349,0.0057426240133908735,0.013360498422287814,-0.008318617879106815,0.016298962198428357,-0.004930178718355105,-0.005311357008652096,0.0181274050637944,0.04134594754603932,0.0,0.03694280564758079,0.02305045326648536,0.008922069218171902,0.011167602220952089,0.021990613239454893,0.0,0.0,0.015358122328480661,0.005533758772792163,0.023097497519495302,0.0,0.0,0.0,0.029166795032266213,0.0,0.026678760517015676,0.0,0.02265927199317347,0.0,0.040168115864131104,0.047355945935941834,0.0,0.022378615537213375,0.016774200301398423,0.02060420841519739,0.028330112709113786,0.0,0.005135281237198419,-0.004824991670704215,0.007044938997639638,0.021532594966876206,0.16366186756564083,0.022397249832577182,0.016634181455292052,-0.012027162394738555,-0.0004442105000000973,0.014278133263453174,0.0,0.018972671186808954
-0.0152165648106668,0.0,0.037999274428426155,0.0,0.034280000465149396,0.027030155790790933,0.036838174227851295,0.030429329965797947,0.028848002819550966,0.00706142982746516,0.0006380758033922018,0.011395515748563068,0.04126615847094289,0.0,0.01140464462032148,0.00690845169798926,-0.008359951830658519,0.005540547121056172,0.028332196432632906,0.006195206845643342,0.018542723611794654,0.008979918549498367,0.043851736742737624,-0.011112836538241133,0.012540239034562362,-0.007701731120676014,0.016574920412779415,0.04431763184820181,0.022947313746950193,0.026324317017368204,0.0007416510599111414,0.024441811254054258,-0.013978929218989189,0.006267041914234994,0.016528276360660954,0.009543278515181997,0.008590412821418258,0.0005406594189095171,0.003218717367735824,-0.002990518050903501,-0.009208059197454377,0.003032301860771913,0.026772725755182136,0.0,6.307777801617398e-05,-0.007097199563323053,0.013438793772818536,0.015229959531326609,0.0,-5.551115123125783e-17,0.011074469020279087,0.01737113677101626,0.036685238639213524,0.013094022038866171,-0.005105008478718587,0.0,0.007784360833859916,0.015274437043370115,0.0,0.011130802228142167,0.008846701862095907,-0.016960421856735297,0.013977830179825124,0.0,0.008802002705046663,-0.008021478312841113,-0.004663026870506515,0.020930247695971793,-0.01631809520306393,0.016661153331469003,-0.0018231983992597067,0.008765129919933501,-0.0012093098074664188,0.007076434908931506,0.0009823667622724241,0.0017786441864938718
0.036022355409330464,0.037999274428426155,0.0,0.07500008736481656,0.054583988522609705,0.04901451864058243,0.06017278534771947,0.043744117925310466,0.058220357410398826,0.052734486351725396,0.029444234830404925,0.04804129040776656,0.05527578408601119,0.051277037442288564,0.03245088199755536,0.0215435414458518,0.0359652380345053,0.017178068222633458,0.048823180997184246,0.030334577860659073,0.03949224226022957,0.029233702662062377,0.055365631872768384,0.025445068825780237,0.07169619773381464,0.025990772601093504,0.04099818696076368,0.05345715240145438,0.0022652562352232786,0.05334341464890757,0.059666027923465426,0.061113659616289284,0.03886150095932511,0.06798757547141687,0.07096438494291707,0.07293261102046633,0.05344014482259257,0.058046126205505255,0.024669087905149323,0.030823244488211055,0.02676359698116504,0.00887491560031095,0.030124643069860013,0.00812610538535169,1.0829004692958222e-08,0.0,0.002352643916685604,0.08570739524911736,-0.0002736184609889447,0.04659053167113969,0.022535938437385994,0.032163621675137644,0.027392858331081404,0.045866000062096846,0.012735329040320598,0.09690665186576397,0.005440072970992305,0.03372117067994518,0.03309141971782548,0.02475477975255802,0.0004798118118419792,0.0,0.0,0.1141514175448653,0.0004389868420819343,-0.0014174181168232214,0.04029269193132684,0.0223530413852272,0.0,0.0,0.0184004718463468,0.02878283186236008,0.033550689247826115,0.0095951481454421,0.01880343011322938,0.026882182759097484
0.0,0.0,0.07500008736481656,0.0,0.014470326361269381,0.04061962587169593,0.0402640312396112,0.08004889310534663,0.08085549358845001,0.12766438807936337,0.05536546459972913,0.08601696914189166,0.07187719907995538,0.054118889392236635,0.011815757454059717,0.0,-0.0003538548022183896,0.0,0.046845172697839,0.02788336867655483,-0.0007715041044824567,0.006697309028323661,0.05485170861675265,0.009609555209989296,0.0,0.001671595516130775,0.028536370603190975,0.07924676545616066,0.0051724090701305014,0.00019401791406514768,0.09684353664889839,0.0715863857228543,0.08184944255823146,0.06237625607319125,0.09323804386832624,0.013157381073295282,0.0070421034508884595,0.051608116838914364,0.0009300080643068198,0.0,-0.0007549883999481977,0.0,-0.0005903300394904387,0.0,0.0,0.0,0.0,5.4086032534095274e-05,0.0,0.0,5.33413057139942e-05,0.0,0.0,-0.00012662236650451408,0.0,-0.00012962933996624182,0.0,9.532135763190563e-05,0.0,0.0,0.0,0.0,0.0,0.0,0.0,0.0,0.0,0.010348871568804152,0.0,0.0,0.0,0.003267555939140465,-0.0001241120627712422,-0.0004881484819007631,0.0,0.0
0.00021009465933180538,0.034280000465149396,0.054583988522609705,0.014470326361269381,0.0,0.03433359783336959,0.0406286422267636,0.08313128947343301,0.04423270830952697,0.02796998350255614,0.03052965805356278,0.027879249430968478,0.05211124883490986,0.04630948073735469,0.019842041418841216,0.03304233742065732,0.02295380066990832,0.020608185731238127,0.034766216261219396,0.026878979827885674,0.056457860989275965,0.026937252860589067,0.04309708911271476,0.0303986243756304,0.029322197743111955,0.026710406180381785,0.03882311558956664,0.08591334315270743,0.037120549272368464,0.01670120526967045,0.04899331285813524,0.0705984402191876,0.016522563870627283,0.04345336719299142,0.0569905952290608,0.026213862378872244,0.13875663945274636,0.022968977691161574,0.027654170836193592,-0.00606391600187367,0.046224542506387745,0.03046558377806885,0.02166434757911445,-0.00013313303644479912,0.013973572766678377,0.0,0.007971624347234085,0.04070993895016273,0.0,0.05849614677049653,0.03157750371300272,0.038920542333976904,0.02505462758023974,0.03549168810272385,-0.0015782054999439188,0.03353433150009694,0.011856305139216317,0.037693023576085394,-0.0005179819750483761,0.016566959279818827,-0.009418350795957375,0.0,0.0,0.055282160832633265,0.014425523500567417,0.0,0.027767811733614367,0.029347341130752103,0.0,-0.00023791471028261624,0.019442329749530973,0.024502767730976815,0.03489044164633681,0.03729915103328141,-0.024370299166914466,0.028422822327581976
-0.010720036378650266,0.027030155790790933,0.04901451864058243,0.04061962587169593,0.03433359783336959,0.0,0.02096733104624382,0.0008264533525529916,0.0019538145778245086,0.015379970069776483,0.05051245452316899,0.012940848802166283,0.008202060528821886,0.03418465164919027,0.014463017609828321,0.016748028856444663,0.016046702729895335,0.008485288519674172,0.03804435139673251,0.00239827533528314,0.02611868142337498,0.0163833194554327,0.004623440402879653,0.003461170329981833,0.02719519113015406,0.01927480956517108,-0.002194643092573223,0.010277338654818224,0.011503244784451805,0.026714755624624775,0.030790264239832776,0.05446914298594191,0.02221912504387763,0.03603322441675105,0.044877303822049686,0.047481264713050475,0.040763934305260874,0.016277298927625083,0.009615862978424705,0.014934333205137817,0.03384172268431973,0.011636422677944624,-0.061113756260051944,0.03697213929523546,0.01617697790632916,0.019656603237179604,0.016807100507848227,0.010313347772139658,0.0,0.011809089063021028,0.0012971937931760547,0.013787693921467947,0.013482774964184596,0.017176109534128847,-0.01603986122750145,0.015769671974791066,0.001795603835977544,0.009398521736178167,0.02916329101618198,0.026987170302049612,0.0073821739013622545,5.551115123125783e-17,-0.008916913615141742,0.027614215724187652,0.026436342374887123,0.024435143728666953,0.018904846082325233,-0.011602351467369654,0.0,0.013824749569193107,0.01103926488418372,-0.0059196216666795864,0.003604012221029018,0.01572115360550469,0.006683381747918271,0.021447405279396148
0.002414172302975026,0.036838174227851295,0.06017278534771947,0.0402640312396112,0.0406286422267636,0.02096733104624382,0.0,0.044324668825541924,0.0497834064290541,0.02522535491789063,0.05442609405435617,0.018484259356692734,0.017091517740385476,0.048435313304104555,0.03939046670875407,0.03147666483033551,0.029836650084686334,0.031782178775090764,0.04213004291649436,0.023012038069754215,0.03331773686293171,0.022879957183741306,0.0461357154167612,0.020538992034146775,0.04439993687113336,0.037117277009686755,0.033253285925095855,0.03428872051048554,0.02915482105623024,0.03369684413483437,0.03947447385179109,0.05104356867897203,0.03846511683824766,0.04268664035145625,0.07496685269531767,0.037665205147073,0.055789611143965634,0.01873745428764667,0.008833567138324283,0.009292041550941432,0.045429559859682445,0.007998761780678154,0.013689954382768599,0.0005547394545230566,0.007591558467225534,-0.011256656117416663,0.012275481864256976,0.03244634200487384,0.0,0.03040083017502737,0.017837751543269942,0.02850057117662186,0.03275174508252787,0.01789081087127853,-0.013058357469679427,0.01792540973464818,0.010004761599396172,0.025234918122050254,0.014337093412074176,0.03014225891711797,0.0007009654113221964,1.1102230246251565e-16,0.0004728342688221643,0.03285523877572294,0.03967779870937438,0.02191382460038427,0.020371175200258662,0.018340664507844773,0.02231116459116006,0.010964474120784107,0.018625419856906522,0.01829912083303975,0.026899907817633628,0.03018090219093017,0.01687459097584343,0.03391006466103219
0.03906074543069238,0.030429329965797947,0.043744117925310466,0.08004889310534663,0.08313128947343301,0.0008264533525529916,0.044324668825541924,0.0,0.03722798861250237,0.018749794805716258,0.024426237377951965,0.0004494120057087492,0.039305643552369485,0.08844845607529511,0.0415995007346619,0.006180953095947683,-0.005122064352365507,-0.005626598477389555,0.01737400439745279,3.860777389785852e-05,0.016447828638922246,0.031044014859067215,0.015384559754459959,0.01984640220731726,-0.0035484539547007143,0.0016261699124264783,-0.0066654752326145705,0.030762885358046,0.011876332659796485,0.03266882649633146,0.038068236656966736,0.056173333975270745,0.02442293691924008,0.05188851185129845,0.0430662115262615,0.11191459686126087,0.09473215024439419,-0.01282195966820715,0.05309355197908089,-0.009171442712264055,0.04703489248081305,0.012662247885394828,0.007300540104191011,1.2366874535540973e-05,0.00017765494924576464,0.00532161463926295,-0.0004818697548321649,0.026919218432630454,0.0,0.023846844052736738,0.02005174615478139,0.0284096594874097,-0.03574419740181339,0.016277703970338564,0.012644582924835668,0.02252902500692483,-1.1102230246251565e-16,0.03205085459865564,0.010537910487688096,0.026737923326678348,0.007698322988282713,0.0,1.5943288029007796e-05,0.021361572582326516,0.03363535984942534,0.030393993004410536,0.026510519884685224,0.014066350279274276,-0.0016598060583065122,0.01925235755080773,0.007271297011743505,0.009835979869608713,0.03200108171909499,0.032810515665696205,0.04354243885499276,0.04654778725816544
0.026755047515814978,0.028848002819550966,0.058220357410398826,0.08085549358845001,0.04423270830952697,0.0019538145778245086,0.0497834064290541,0.03722798861250237,0.0,0.047011010871671255,0.04186034247240589,0.03936174395252279,0.022925256087578783,0.08380074007895194,0.03292122395434893,0.0235541959123165,0.041258151708741586,0.026308803713176787,0.023197105003064045,0.01630535345389278,0.03964229291367222,0.01881992890786305,0.020922732566888258,0.03885249765874249,0.030597191434536486,0.020424693700160867,0.03922242380750457,0.051440197512183206,0.002812545083512863,0.04727097112913631,0.05365359527803126,0.045841439031707454,0.05232889427620707,0.05556053665960747,0.05389188443704479,0.07043582050879754,0.036973274853756066,0.04520581047036276,0.01629143701203173,0.032608793494429134,0.016527705800581938,0.020754193891386552,0.014080003392546836,0.005471570167129958,0.020424710509124422,0.0,0.010131445282181295,0.03428163720902133,0.00586538673206094,0.032830793361192434,0.009328411572618656,0.01692958588355531,0.022169061569798365,0.021167987253007836,0.025889406183526087,0.019016273204061074,0.025759502722869698,0.01988129723733878,0.05375926675042897,0.037391554043898434,0.015549076975374831,5.551115123125783e-17,0.0,0.022304738895739584,0.04528281134803669,0.016011958839072526,0.008657877053141194,0.01323030944045922,-0.0007470201018460743,0.003979844717183545,0.012312742376846764,0.005461642846453785,0.019813837661987965,-0.002513914775153503,0.03214451904764526,0.017938289940383267
0.01504426116880575,0.00706142982746516,0.052734486351725396,0.12766438807936337,0.02796998350255614,0.015379970069776483,0.02522535491789063,0.018749794805716258,0.047011010871671255,0.0,0.035137690380839415,-0.00465501673961588,0.024796459421468187,0.06369401312844658,0.0028971605656134547,-0.004001653290772289,0.0213584804081397,0.0006309601411219612,0.034817506767286566,-0.006100802345556211,0.00677760247737319,-0.015225624576332752,0.03439604988413042,0.0004031263376692573,0.018909618869299816,-0.02811802199602309,0.03472876441398837,0.03634496012017524,-0.005696215247507741,0.02828223630044141,0.004874185000820486,0.013647359119796199,-0.0024294983361090594,-0.003276289355403972,0.01667916142634296,-0.007416618137335462,-0.01946422062780595,-0.014230724070698253,0.008705888059255873,0.0031471084773164737,0.01837358237553305,0.023272689450478612,-0.04782643036222611,0.0043924771328223144,-0.018656241070280077,-0.026633354000464238,-0.005777995061189367,0.0181620385953698,-1.1102230246251565e-16,1.6653345369377348e-16,0.018153541756693814,-0.00018091049918261826,-0.0008385705772688823,-0.017970456572935778,0.008599699766005386,0.004673419176842997,0.02930739063758314,0.001208923820053165,0.0,-0.0012724560716739775,-0.0017289726177811549,0.0057474210518867475,-0.006584958315646039,1.9561560421876845e-05,0.01649887894560359,-0.00024717736409018976,0.037736004551983116,0.011699219236387837,0.00998121744012237,0.0011210725390584653,0.01414450365366443,0.02545040289732159,0.010513590460809186,-0.02946869080695136,-1.1102230246251565e-16,0.016909625306944898
0.00017503758967174488,0.0006380758033922018,0.029444234830404925,0.05536546459972913,0.03052965805356278,0.05051245452316899,0.05442609405435617,0.024426237377951965,0.04186034247240589,0.035137690380839415,0.0,0.040148713777219236,0.05528347746648005,0.0472004517599236,0.0,1.4692855617393086e-05,0.02326545126520363,0.00917194388851783,0.023290343755463794,-6.752643635582478e-05,0.046417514192654,0.014225305091069285,0.0584246327259752,0.03406116952798938,0.01958486163317047,0.020299062819187086,0.047927920563576476,0.05160867571707117,0.04059668732343208,0.030519486013529384,0.05207711767351619,0.06863750450871758,0.02726175615194054,0.046201773644584665,0.050766739205098166,0.016717776071089485,0.04406906352052564,0.027295795838661152,-0.007525780177383312,-0.012982180902744112,0.029095502772947812,0.00771383833478545,-0.013695438063919485,-0.0011576158964999306,0.004991429934749825,0.0,5.551115123125783e-17,0.041286509737717025,0.00011850984997618941,0.03653567666252672,-0.0009402228107830979,0.017751099785749458,0.03560498572290377,0.037471539644034546,0.029198724151170696,0.0712942106560322,0.015976057533558907,-0.013476744166977805,0.01849184733928122,0.0006700926223762171,0.0,0.0,0.0,0.07258487302046296,0.022158435017159972,0.0,0.020811289858835458,0.014099435255303994,0.0,0.0,0.009612426848351785,0.00303223959234733,-0.010015771814787744,0.03639127240139489,0.0016157227879841085,0.023733316551840467
0.009613514519342337,0.011395515748563068,0.04804129040776656,0.08601696914189166,0.027879249430968478,0.012940848802166283,0.018484259356692734,0.0004494120057087492,0.03936174395252279,-0.00465501673961588,0.040148713777219236,0.0,0.028064948083283414,0.024358798567011453,-0.012678419237266703,0.00939778697949789,0.007301649714900438,-0.0012546679459257692,0.028199091763558337,-0.027251389407134285,0.010527475189133773,-0.026760947886528663,0.0173137734317646,0.015261289273847012,0.012279633997385742,-0.011478653691784524,0.0050403095804876785,0.026456024615271412,-0.014172098215878781,0.051215831501213005,0.014777867517474175,0.037224325044912465,-0.0038186428721277976,-0.007624549942229719,0.032163189105737566,0.016847940837013853,0.03383938930239616,-0.006832512060809093,0.047879817054971074,0.009963789205590878,0.0764741103760162,0.03753622327487777,-0.025722264619086943,-0.002341106697759804,-0.020746683018097123,0.010155639182705178,-0.01669899344178788,0.017033551803128988,0.0,0.0003772323266356681,0.010225870446325336,0.056293427665513485,0.0,0.039459928983257064,0.022992699434487673,0.06294377603869733,0.05135013197939692,0.039292964272314435,0.0,0.014219697206550586,-0.00281356456872478,0.011906558214955953,0.0005814925425969841,0.0,-0.0048867748614995765,-0.0001494381515578791,0.010623538343481453,0.018190180522325072,0.03433611120581026,0.006835430968640588,0.02562794672923996,-0.0013770643337167043,0.059868386679020225,-0.013240031974427358,0.0,0.027032834962098073
0.01609811783693854,0.04126615847094289,0.05527578408601119,0.07187719907995538,0.05211124883490986,0.008202060528821886,0.017091517740385476,0.039305643552369485,0.022925256087578783,0.024796459421468187,0.05528347746648005,0.028064948083283414,0.0,0.07467749105800614,0.042441361553077206,0.029496426045447555,0.024304789924813608,0.03255730321311301,0.04361758511369457,0.024599065938256892,0.03165179979959443,0.02261976309243524,0.04186768714334649,0.01614134731193123,0.03955818538593703,0.03934183779093359,0.027120024470184467,0.007045870293245604,0.02060069168348949,0.009709165954365828,0.040652903055947376,0.04815867039525634,0.037874722544376516,0.04678166910015119,0.07202270233677177,0.042459702596613635,0.04865890165227843,0.010246780645806974,0.014291818406655554,-0.0028952862552677483,0.044442337175428004,0.01877563293127338,-0.003403561849841197,0.027669948198178196,0.015293285122680744,-0.001255166668652885,0.015594743180605997,0.023256228456706385,0.0,0.02561808626407469,0.02006052815017223,0.03322070701264035,0.04072310233139792,0.0171625080997464,0.02689790974647932,0.005305645160513184,0.028057939593747472,0.032093188377906645,0.01279032293740029,0.028245619226508367,0.011484535750750757,0.012985287824795577,0.007814749491708795,0.017803296704715033,0.044581552019856974,0.025818685642700956,0.01713836515084166,0.01932167878938318,0.012588358704228586,0.009858427210856835,0.01604844232060798,0.02343294023740905,0.032431312593447115,0.031126998729642752,0.03218433201776494,0.034237538604052764
0.045312878060703,0.0,0.051277037442288564,0.054118889392236635,0.04630948073735469,0.03418465164919027,0.048435313304104555,0.08844845607529511,0.08380074007895194,0.06369401312844658,0.0472004517599236,0.024358798567011453,0.07467749105800614,0.0,0.041831168905425486,0.0,0.0,0.0,0.03154735134346093,0.027370062958444796,0.012024524509265444,0.0850092917991837,0.07122118403090094,0.047630117452238774,-0.00011568927888228053,0.007216974464232362,0.06896531444992188,0.06649883377842658,0.03973219889841101,0.00038751992584368233,0.048426203717032434,0.19674135890117717,-0.009478674909946805,0.05372959611607053,0.11334776666476881,0.006324321726954019,-0.0030841249366218015,0.00476041857479409,-0.006428018758462772,0.0,0.0013636364859649919,0.0,0.007697991293667661,0.0,0.0,0.0,0.0,0.014781132108127593,0.0,0.021456540607476815,-0.025608820203586846,0.027496546752540874,0.014279822550953614,0.020324008469844224,0.0,-0.008761909555067615,0.0008396205769360954,0.035986616455019715,0.01684544798972054,-5.551115123125783e-17,0.0,0.0,0.0,-0.0001656368018447263,0.052203828208376546,0.0,0.0,0.017777168576465885,0.00043117892718180784,0.0,0.0,-0.016239461847270098,0.055288814610158776,0.04668703829234361,0.0,-5.551115123125783e-17
0.01987044302647284,0.01140464462032148,0.03245088199755536,0.011815757454059717,0.019842041418841216,0.014463017609828321,0.03939046670875407,0.0415995007346619,0.03292122395434893,0.0028971605656134547,0.0,-0.012678419237266703,0.042441361553077206,0.041831168905425486,0.0,0.021145464344657916,-0.022941984922636216,0.013395610911410505,0.0,0.004071208624543243,0.031772082711678806,-0.020240714627202616,0.022112590376454522,-0.027234320199446882,0.015241055356295385,0.023707736057103135,-0.04437509230304165,0.03430330441727081,0.032393709883727195,0.02675209915829696,0.02878377473229443,0.048801523953003634,0.010352976675609749,0.04291635108330977,0.044243766655522876,0.049503288249654,0.05358760117953704,0.022102714868131645,0.021787780426903602,0.021061102560122447,0.0179159522441647,0.03797149092554153,0.05037021889545046,0.0008589619371511814,-0.00884976033815188,0.04578113247937993,0.027154660262617758,0.03288062050193685,0.0,0.0,0.03757971490396089,0.005911128097737028,0.028085662193204075,0.03373483114895465,8.681202740024041e-05,0.0,0.008035387952028517,0.029766710728202028,0.0,-0.046309789118398725,0.00804715971107961,0.0008258037302933396,-0.021421460007249205,0.0,-0.1003752025877267,0.02674898612378468,-0.06295904598853824,-0.0383785168937642,0.012898054748686993,0.011196976830083472,0.018882835250529362,-0.035784347985595155,0.029266511618459612,0.00748727193589821,0.03441534444175881,0.014435926071207694
-0.0048570037583036685,0.00690845169798926,0.0215435414458518,0.0,0.03304233742065732,0.016748028856444663,0.03147666483033551,0.006180953095947683,0.0235541959123165,-0.004001653290772289,1.4692855617393086e-05,0.00939778697949789,0.029496426045447555,0.0,0.021145464344657916,0.0,0.009099405474374767,0.02115422735429645,0.00182366396844863,0.014219447728786638,0.02160969712860472,0.019952367371275093,0.03310394889020468,-0.00514396579462284,0.01358115563983786,-0.004598247857922899,0.015162184833764025,0.025565361373470763,0.014497292584988719,0.033925753694302396,0.004221177704465229,0.02110567816861697,0.009181347253878147,0.0002623363371552223,-0.00043997596462397315,-0.009974157123753324,0.013946575157784857,-0.02308208984909338,0.0020078903913076096,-0.0008886162545351239,-0.009496463541373568,-0.002456579409633619,0.00815336163874969,0.0,0.0,-0.004077967993993792,0.012979333843121554,0.0,0.0,0.0,-0.0028544518331150015,0.013766109687485428,0.028144931441952847,0.0,-0.009371568627522697,0.0,-0.006381623025249805,0.013415626502160771,0.0,0.015650914612065914,0.005707810984201922,-0.020111131275897476,0.00024692091676936645,0.0,0.021689033699309357,0.007960683146773229,0.0024488872782768567,0.012993999598402861,-0.012896321931492039,0.010137783988065308,-0.0008526332857897723,0.0077133116265002966,-0.03402390148263473,-0.01073092235324441,0.00026244964814436944,-0.004515601556727589
0.0010234845012059846,-0.008359951830658519,0.0359652380345053,-0.0003538548022183896,0.02295380066990832,0.016046702729895335,0.029836650084686334,-0.005122064352365507,0.041258151708741586,0.0213584804081397,0.02326545126520363,0.007301649714900438,0.024304789924813608,0.0,-0.022941984922636216,0.009099405474374767,0.0,0.02165673742706642,0.054177636187065725,0.007464053905800516,0.003207917032307994,-0.005040429357104637,0.0004599251837625329,-0.013684457724919552,0.03147871827231846,-0.0044451058109571395,-0.005776751323116058,0.020842234916033542,0.0025444963541310095,0.014794393237047399,0.003952513629453591,-0.010845022984548647,-0.020182461756979353,-0.002196433031548095,-0.007481853218301526,0.022931886359426557,-0.008264717639081764,0.0035046473850909865,-0.00552083446743773,-0.023670347583811258,-0.0001835635497287047,-0.016503613605515444,0.0,0.0,0.049864332722082294,-0.0037878920883672174,-0.029627478911547767,0.0,0.0,1.6653345369377348e-16,0.0007395914735196518,-0.000175127200150893,0.0,0.0,0.003816674406840803,0.00031080376961917233,0.014619487245509655,0.030261032525202236,0.0,0.0,-0.014419381318647562,-0.00938353152697513,-0.010874636483881817,0.0,8.38281464481394e-05,-5.551115123125783e-17,-0.0008657885279805266,0.00027438822808922847,-0.005335676144931967,-0.005276891269523576,0.0013154962112782997,0.0,0.03335776642842159,0.01727977144261089,0.0,-0.009356036313785454
0.013527965892751403,0.005540547121056172,0.017178068222633458,0.0,0.020608185731238127,0.008485288519674172,0.031782178775090764,-0.005626598477389555,0.026308803713176787,0.0006309601411219612,0.00917194388851783,-0.0012546679459257692,0.03255730321311301,0.0,0.013395610911410505,0.02115422735429645,0.02165673742706642,0.0,0.026024774670058592,0.008956222625059462,0.02704859708573576,0.008915198946826852,0.01628580749035924,-0.012086579122144225,0.006075893471895855,0.006974755472300476,0.006993597431045273,0.032166881692838156,0.010547600826572412,0.017186130527869325,-0.003642782252520682,0.017203705879334008,-0.0017209389001927033,-0.0008907836772631406,0.015334537648915236,0.01179978104612689,0.0,0.01010410177072718,0.002646923212598906,-0.012647086488773052,-0.00988114283169017,-0.00304557677907219,5.551115123125783e-17,0.0,-0.029461420008228156,0.02028138440299565,0.003831657706430458,0.0,0.0,0.0,0.01142751218835164,-0.00016446251048729543,0.015546953252207951,0.0,-0.01803859335599156,0.0,-0.002921240362437627,0.013090747481199427,0.0,0.00819326251278385,0.008127679069191929,-0.01701015691494917,-0.007680324888382994,0.0,0.006590033106722515,0.0007508974209877728,-0.0012741686466291036,-0.008076148128030591,0.010349971665761626,0.003979906660771193,0.0019775360631951178,-0.008172481974071777,0.017081193688636087,0.0028696050637127546,0.0,-0.004801028405346464
0.0,0.028332196432632906,0.048823180997184246,0.046845172697839,0.034766216261219396,0.03804435139673251,0.04213004291649436,0.01737400439745279,0.023197105003064045,0.034817506767286566,0.023290343755463794,0.028199091763558337,0.04361758511369457,0.03154735134346093,0.0,0.00182366396844863,0.054177636187065725,0.026024774670058592,0.0,0.00654169857193998,0.009213944870542168,0.010926473569899953,0.057947052431688795,0.02858836740452403,0.030990492854205076,0.016195025040035005,0.04919999241264744,0.04707981468996064,0.030995337806116574,0.015830499499924267,0.05128388336871115,0.04941908516528021,0.013236678981806527,0.0487788344825113,0.046096440969413566,0.040100044973921334,0.024249753358325465,0.033372111754070066,-0.02715785052096531,0.03309145245962142,0.00711489792257225,0.017457733404419473,-0.0187319327877557,5.551115123125783e-17,-1.6653345369377348e-16,0.0,5.551115123125783e-17,-0.02429863867793669,0.0,0.01605465984801213,0.010881873896748662,0.016264442695220094,0.011214758642652534,0.01341161745453312,-0.00196724095181966,0.08025661656678895,0.0011269721908033214,0.00881329301224576,0.023040032347398598,0.001666188460934026,0.0,0.0,0.0,0.00898855670030474,0.019129494061632113,0.0,0.005068266153325673,0.01316255128438093,0.0,0.0,0.019444039982846995,0.002436401556315637,-1.2553951060589874e-05,0.023628135122242266,-0.0008767780600495989,-0.004814627327521137
-0.009524763798720914,0.006195206845643342,0.030334577860659073,0.02788336867655483,0.026878979827885674,0.00239827533528314,0.023012038069754215,3.860777389785852e-05,0.01630535345389278,-0.006100802345556211,-6.752643635582478e-05,-0.027251389407134285,0.024599065938256892,0.027370062958444796,0.004071208624543243,0.014219447728786638,0.007464053905800516,0.008956222625059462,0.00654169857193998,0.0,0.023491771422586072,-0.008369231491185847,-0.012751004812010969,-0.044885020748298754,0.015453882292097099,0.008595604358615228,-0.014044011299668646,0.031001446925233378,0.013073012199402156,0.06129484028837995,0.0232807507692408,0.05467718496519619,0.024854604583007756,0.04144355783183662,0.04593916843699458,0.035461135161868884,0.04260093867383924,0.018607732922927278,0.03609389744008362,0.037184923054713104,0.033818624170626976,0.019558512772798686,0.04352124024741438,5.9842324751646636e-05,0.016095081586991633,0.00897839070056744,0.015354753749018069,0.02505147452191092,0.0,0.015610546388711344,0.011853722741049233,0.004910290411804352,0.018508124083068622,0.02216308057581079,0.007407550338540847,0.04533784873544511,0.012250631354054409,0.018034577013379793,0.0,0.02647000735494137,0.005067985676321329,0.004910778186553666,-0.01694279901262752,0.01155190375144427,0.03093959419044151,0.02184541076563984,0.018597329307363353,0.01128529019911062,0.002424923079257013,0.00646917361163174,0.02596974500446425,0.015146636704478689,0.022339734984575643,0.027433423859696326,0.029558672045124912,0.034038494611002224
0.05903828204798672,0.018542723611794654,0.03949224226022957,-0.0007715041044824567,0.056457860989275965,0.02611868142337498,0.03331773686293171,0.016447828638922246,0.03964229291367222,0.00677760247737319,0.046417514192654,0.010527475189133773,0.03165179979959443,0.012024524509265444,0.031772082711678806,0.02160969712860472,0.003207917032307994,0.02704859708573576,0.009213944870542168,0.023491771422586072,0.0,0.015548591009209745,0.01862750296028981,0.04595677727968267,0.013935533158608182,0.01890972551101,0.00543730568197226,0.025401350006147516,0.03317499547787145,0.028400514254637244,0.03866398542847099,0.05786425252729416,-0.0003201755244888749,0.053231557234607096,0.07585855098232147,0.09968263565656738,0.02409611495778713,-0.025651456212000157,0.04490387995584755,0.0434012034530491,0.054540671340458535,0.04244395344734442,0.040469807291376614,0.0,0.0012406051762302028,0.03725639047963164,0.030066265539318182,0.0011054371947034625,0.0,-0.00021179118614661485,0.01195772375311932,0.0270525554625462,0.02671691526029024,0.011744969632808189,-7.82063214941342e-05,0.0,-0.008405657843599534,0.008835591134085052,0.0,0.032175940574511896,0.02183164528388848,0.0,0.04485352825840294,0.0,0.040748192110884485,-0.02755296286540798,0.037081436645480526,0.0007575189888908707,-0.011565659034301845,0.037213565404047244,0.021687248467190945,0.01904525855130168,0.03875357160462095,0.04454506150353227,0.0793602915693627,0.035735718459794785
0.007170922441509409,0.008979918549498367,0.029233702662062377,0.006697309028323661,0.026937252860589067,0.0163833194554327,0.022879957183741306,0.031044014859067215,0.01881992890786305,-0.015225624576332752,0.014225305091069285,-0.026760947886528663,0.02261976309243524,0.0850092917991837,-0.020240714627202616,0.019952367371275093,-0.005040429357104637,0.008915198946826852,0.010926473569899953,-0.008369231491185847,0.015548591009209745,0.0,0.013090617576015873,-0.030571944220385894,0.01757333293358826,0.014008067039770755,-0.0018474248180413988,0.024307180446335952,0.003527254270007607,0.029412069599830837,0.0017331470909270341,0.04984583647444374,0.02548197576463146,0.03799939467728286,0.044232844684426176,0.05951725888895243,0.05516765485515285,0.01413677649280426,0.013693353156706667,0.014086263851241065,0.017782884759253326,0.017161619803663153,0.052682328070842666,0.0,0.004383296375698731,0.007572757224973081,0.01172061993794038,0.021337543894986877,0.0,0.0005830381645571259,0.01563242834059636,0.009305446108356541,0.032283276004365535,0.018897669186751787,0.02118319052316736,0.0,0.01670361256946601,0.010880627015651678,0.0,0.02572390847357897,0.007764464756456757,-0.03146750776597046,-0.012969129683842506,-1.1102230246251565e-16,0.0237816167004114,0.0234955515916227,0.009452265534126703,0.022374931629996764,0.007200722093183454,0.007880646091569299,0.013430959506709583,0.017056061991716942,-0.00442106291476646,0.009443544026819961,0.01578478607965983,-0.000876230335071726
0.044180063095525246,0.043851736742737624,0.055365631872768384,0.05485170861675265,0.04309708911271476,0.004623440402879653,0.0461357154167612,0.015384559754459959,0.020922732566888258,0.03439604988413042,0.0584246327259752,0.0173137734317646,0.04186768714334649,0.07122118403090094,0.022112590376454522,0.03310394889020468,0.0004599251837625329,0.01628580749035924,0.057947052431688795,-0.012751004812010969,0.01862750296028981,0.013090617576015873,0.0,0.022494961371229805,0.015333422216322612,0.029895322665308144,8.869005219730441e-05,0.03970060048034668,0.02314779456156557,0.04250069225443548,0.04328555382361193,0.05635347137852481,0.04475482747151882,0.05472516883105566,0.05612812135615436,0.0781521606085947,0.05241635745941242,0.03279143282247038,0.0227076032927509,0.05332911563084519,0.02735737404691929,0.012498503218554058,-0.01507714746751787,0.03994711948316787,0.026957423477024567,0.016289894507510727,0.036535439299751504,0.05462498239652869,-6.594128693299117e-05,0.022207550668500442,0.0018717638934778735,0.014677578032329053,-0.0002097326970230129,0.011214556184750202,0.018261311323754414,0.04061551453965889,0.03746049994562961,0.01583692533816128,0.012458978711943403,0.0294193252725215,0.017203833903680466,0.01650377846992146,-0.0037929233347563374,0.05440830668849761,0.02987788169156791,0.0214291933438846,0.030092264964960702,0.00019682004818477594,0.007173338024887788,0.028824125090127328,0.034427719573557725,0.002224099389194434,0.014861799369340845,0.020809707772040942,0.02243529907876507,0.025259635680760617
0.045472320333169836,-0.011112836538241133,0.025445068825780237,0.009609555209989296,0.0303986243756304,0.003461170329981833,0.020538992034146775,0.01984640220731726,0.03885249765874249,0.0004031263376692573,0.03406116952798938,0.015261289273847012,0.01614134731193123,0.047630117452238774,-0.027234320199446882,-0.00514396579462284,-0.013684457724919552,-0.012086579122144225,0.02858836740452403,-0.044885020748298754,0.04595677727968267,-0.030571944220385894,0.022494961371229805,0.0,-0.0032205780056876465,0.0006483020635483228,0.003248177870635305,0.030414580058184426,-0.03393336182841267,0.02749307915891208,-0.003549738128174329,0.026618662245079694,-0.021364164059237523,0.0035841691122999175,0.022079919722561736,0.0151897113692408,0.010978895628519725,-0.012662217821204858,0.029376118111090144,0.015047804173476287,0.05114445856442451,0.08344487019629415,-0.027078013365095466,0.0006395245750303036,-0.0028014688381052255,0.033202348166871565,-0.0035326519881841434,0.00014144617094402623,0.0,0.0,0.01574292646965686,-0.014435073454656,-0.0007577169057113031,-0.0007132630283573915,0.028957112209967384,-0.0006412032636222142,0.05928837386881497,0.04852837396203513,0.0,0.0030235397164539157,0.0049713734703931145,0.02012490130474026,0.006169168608907705,0.0,0.008076712691349353,0.021808786273324776,-0.008539501761745505,0.04601878670474818,0.06302902175401898,0.013323300558904905,0.028377682996842568,0.016332928149498993,0.11656660975694788,-0.007399957906794152,0.0,0.021489685739112974
0.009580348725396537,0.012540239034562362,0.07169619773381464,0.0,0.029322197743111955,0.02719519113015406,0.04439993687113336,-0.0035484539547007143,0.030597191434536486,0.018909618869299816,0.01958486163317047,0.012279633997385742,0.03955818538593703,-0.00011568927888228053,0.015241055356295385,0.01358115563983786,0.03147871827231846,0.006075893471895855,0.030990492854205076,0.015453882292097099,0.013935533158608182,0.01757333293358826,0.015333422216322612,-0.0032205780056876465,0.0,0.0031819913578199355,0.015249099967691304,0.03558547981994409,0.024363318632723063,0.018913790753041504,-0.009285022660066033,0.01248056049591273,-0.004647997682367122,-0.005412504139151897,-0.011826321667432638,0.019880853281417865,0.0010788446534768514,0.004768845135882105,0.007997258277056718,-0.009212992845766432,-0.00509493301806907,0.006051134927308965,9.617766271202699e-05,0.0,-0.010083296881975734,0.02052175657949451,0.015239381196816226,0.0,0.0,0.0,0.013700606942090854,0.004854150327163798,0.029741837328810417,-0.00013954089123008329,-0.002850471631065332,0.0,0.0019485835530236306,0.01172605966370166,0.0,0.02188494687710585,0.008904701697762363,-0.006208066260109557,-0.0006576341166333322,0.0,0.008980869323478913,0.0076316084673329065,0.008206118708062982,-0.005759158206333215,0.009684668373914462,0.009452873657369465,0.006111136691968333,0.008438990970686344,0.0008945398043145869,0.005601949317283139,0.0,-0.0014234983410668645
0.014933409561020294,-0.007701731120676014,0.025990772601093504,0.001671595516130775,0.026710406180381785,0.01927480956517108,0.037117277009686755,0.0016261699124264783,0.020424693700160867,-0.02811802199602309,0.020299062819187086,-0.011478653691784524,0.03934183779093359,0.007216974464232362,0.023707736057103135,-0.004598247857922899,-0.0044451058109571395,0.006974755472300476,0.016195025040035005,0.008595604358615228,0.01890972551101,0.014008067039770755,0.029895322665308144,0.0006483020635483228,0.0031819913578199355,0.0,0.01206664275970215,0.03413102956133335,0.023326346196320957,0.04637122516787806,0.004742063292409726,0.027221351757950707,0.005947799619096528,0.016801867623658207,0.03856953880146774,0.05421521146882985,0.049178472875219925,-0.007629728847808048,0.009682426199862926,0.0008063564566746506,0.005928078086402333,0.020646953919426336,0.07266931025625878,0.0,0.0384432476776817,0.007067472866435609,0.018439314004603913,0.01704378868259504,0.0,0.0004683377765852259,0.01925340363266337,0.02518736453869519,0.024637909767770638,0.011277307943693415,-0.00024075850101262786,-0.0001433171297684499,0.010004849582130826,0.0256346067789191,0.0,0.035887459159399504,0.006223159396108735,-0.00480636456949457,0.000544971635528857,-5.551115123125783e-17,0.01897047707250049,0.03500606004741269,0.01370305789044507,0.03435983813793342,0.004270429728211345,0.00915316888594242,0.011821707507950585,0.018235939523117473,0.015287557913448158,0.020332324472309093,-0.00015333431160613475,0.0003684636003524755
0.0003316861076155808,0.016574920412779415,0.04099818696076368,0.028536370603190975,0.03882311558956664,-0.002194643092573223,0.033253285925095855,-0.0066654752326145705,0.03922242380750457,0.03472876441398837,0.047927920563576476,0.0050403095804876785,0.027120024470184467,0.06896531444992188,-0.04437509230304165,0.015162184833764025,-0.005776751323116058,0.006993597431045273,0.04919999241264744,-0.014044011299668646,0.00543730568197226,-0.0018474248180413988,8.869005219730441e-05,0.003248177870635305,0.015249099967691304,0.01206664275970215,0.0,0.03441072487676394,-0.0009836229193097012,0.021256109056594974,0.031449765590101264,0.0475866963247053,0.04420588863014513,0.0417253434118901,0.04174424815122124,0.03869786041107842,0.0214950019130854,0.021746739732589837,0.013139009791325873,0.06251452151418885,0.02841520270857112,0.008153239389249944,-0.09605167314753993,0.025589666200658945,0.032311112768258876,-0.05408819209609955,0.01387546573820092,0.02365916700107029,-1.6653345369377348e-16,0.018639783224059014,0.0025082145976356163,0.013757139919193473,-0.00620236385992573,0.03526704964083005,0.022361445510845013,0.01578870802808352,0.024624218488195515,0.008183025806861033,0.022344352087792285,0.019063042641133177,-0.010619313359268245,5.2044791839900295e-05,-0.03317901526508937,0.02732486151851332,0.018892849017722868,0.0035946528994463822,0.0180179551750424,-0.00622737749159763,0.01875929886122596,-0.0026727292356938936,0.01079093433390027,-0.005724908605692636,0.007698924702026599,0.013424714836093699,0.018123916303957377,0.015920299939696236
