0.0,0.021216687437284165,0.019318403568491238,0.0,8.986359845986058e-05,0.02478532738640149,0.01831188967201397,0.021786461708695914,0.021872043658527407,0.007124697415138159,-0.0003753421971864901,0.03180418699969512,0.012352205818361828,-0.0025707742974395154,0.0021868700846454647,0.015880115938297745,0.0010730736461641577,0.006547044448713235,0.0,0.015246593027115174,0.012960223991143938,0.004652821159047638,0.022801736103290282,0.00849352220270766,0.0028293409814064696,0.01215733267035568,0.012408908367476601,0.016237839614524796,0.019446787116631503,0.019611290766062606,0.005493753861610162,-0.004080686348307827,0.020391002036747707,-0.0018066854167687607,-0.00627495204747458,-0.003829058485856962,0.0,0.004817226913168771,0.013599288375740037,0.03417778458153087,0.011916627478710695,0.0020151374189329996,0.0,0.0,0.01297928063345033,-0.013033371183264753,0.04198634617113006,0.0,0.0,0.0,0.002278105867324298,0.0,-0.002951173302554344,0.0,0.009369144875730262,0.0,0.018146906717571132,0.021644857165214526,0.0,0.002151202451884715,0.024651435471306715,0.06106917687994512,0.03801724706896076,0.0,0.024643891520874928,0.07848932992128888,0.007254533551364961,-0.017530217007144244,-0.03636170626672908,0.04971085964983657,0.02899665729766876,0.01778329041187071,-0.00019000175506900252,0.012510488595973368,0.0,0.006863460717480729
0.021216687437284165,0.0,0.006356041220565933,0.0,0.027881767348789444,0.01727102646691131,0.018270361690782333,0.03675805945206129,0.023262228598065537,-0.00766710469267734,0.0003612607066347251,-0.0016119393981208763,0.01508581153368499,0.0,0.01008179416736632,-0.012720524678769052,0.0011857465192269823,-0.006733984031307205,0.007631430139333317,-0.0036655479769749366,0.01961318813021068,-0.010063345332446905,0.02485641983485709,0.00170438760301872,-0.015425611862473543,0.012934521838793567,-0.0023914071949009963,0.013360603965093643,0.00798295018581413,0.008139771260507633,-0.009267100320457689,-0.014962262037916951,0.008277031425041215,-0.005456858888623184,-0.018543442120422637,-0.0378554326373024,0.006929584406938805,-0.00032883588778787054,0.020753259509406874,0.01071390051683796,0.018121178014392003,0.014400106242788313,0.01756309548593188,0.0,2.698020089336728e-05,0.02176578613238589,0.028645195238169552,-0.003493980484846393,0.0,-5.551115123125783e-17,0.006978128025672992,0.008030687623319821,0.016105344301164004,0.007435178420994781,0.05305151413168968,0.0,0.019993805210843374,0.014718956330475097,0.0,0.02326423341649758,0.01949965220660671,0.02295254194505497,0.030737221051155783,0.0,0.02231972751187572,0.031008189483999804,0.01790434278288744,0.03174018863157302,0.01906259907852703,0.030257617418105065,0.025778442021596903,0.010622270852732207,0.023808878673913514,-0.0010187153078760058,0.007527530512589087,0.023548080374781066
0.019318403568491238,0.006356041220565933,0.0,0.013816639646909046,0.01620398684259272,0.011175713634389461,0.022626368283249543,0.01432955110377454,-0.01002268767517872,0.034592337723797495,0.0004968309201683896,0.03124868090156835,0.03798708884398749,0.019848224423407335,0.032745804168389736,0.013352717782183554,0.010833708605713921,0.01862648305042619,-0.021691468235374933,0.01583541845301417,0.025491893457222525,0.021283469158907053,-0.04390158994946758,0.047810968505484164,0.0008474937218557743,0.04186563338960675,-0.006730672498660606,0.039354990732691275,0.05335371270335626,0.036990147914311156,0.04208529965975549,0.043563878834932346,0.04946141654894526,0.03937027628999029,0.028469257670903525,0.029780576930611702,0.04101593999566944,0.0325934232056696,0.05152511234635593,0.026309930867715547,0.03963273951570068,0.010870841330692826,0.05683309196450448,0.0056932040757023405,0.00011024413189825166,0.0,-0.005440800648860933,-0.0038306375737248155,-0.00011703457664152817,0.029349919571509786,0.026517021952226827,0.035587199518448465,0.02618765127295619,0.04076424032896864,0.011778825783212654,0.0037029971429679565,0.0036092712673249094,0.03926812352798781,0.05919654681357067,0.026290169399620977,0.0002052294719571135,0.0,0.0,0.00022601522480864,0.021895533071936646,0.0006951217680282173,0.014738315582744022,0.029312120426410404,0.0,0.0,0.0339993450226892,0.03766864916391732,0.042860569276770955,0.022308433705795827,0.003253519179139852,0.029282673975344564
0.0,0.0,0.013816639646909046,0.0,-0.00022613991171055448,0.018388525087361773,0.021269479364566357,-0.0217822056365366,0.033856144689686785,0.10491196831604593,0.022490178073583,0.14310674925803463,-0.021600898666793322,-0.02170351293003686,0.008383773677977713,0.0,-7.407858347741048e-05,0.0,0.03892422071287588,0.008042449034824928,0.00022627640739447674,0.00920403048263263,-0.014345159718589406,0.005121697909964196,0.0,0.0009546317222821621,0.0070788480337111714,0.023059420658442242,-0.008804454525987992,8.298710675952448e-05,0.009390969844734365,0.025413974712771015,-0.012920212156617372,0.014208487118600233,0.04988534807609174,0.0020601001935787178,0.01380535614663328,-0.0137825005270662,-0.07093738287621043,0.0,-0.00032293050490000974,0.0,0.00025934143271272303,0.0,0.0,0.0,0.0,2.313416973764859e-05,0.0,0.0,0.03069170212389072,0.0,0.0,-5.416007020736524e-05,0.0,-5.544624024422795e-05,0.0,4.077171801575297e-05,0.0,0.0,0.0,0.0,0.0,0.0,0.0,0.0,0.0,0.02270819173589611,0.0,0.0,0.0,-0.0012021432974090862,-5.3086340263852616e-05,0.024738325501640956,0.0,0.0
8.986359845986058e-05,0.027881767348789444,0.01620398684259272,-0.00022613991171055448,0.0,0.01959158785705506,0.025285316937178337,0.02085598034720043,0.015348709662381166,0.03981184568364465,0.020651570563690325,0.03930255509893332,0.008695634995277257,0.01581963564975397,0.021239252652304808,0.026474021323514063,0.03124845522747155,0.01049520706960233,0.03377099370122605,0.029909083284664517,0.020213402232311495,0.016476983546012403,0.019013837205832607,0.050242388711852715,0.012728154496126076,0.02989927207604348,0.015657110265646146,-0.008572754667361793,0.03370478980102015,0.024592561792412926,0.032733282810552045,0.025678773190793536,0.016921600001470694,0.04218639874173091,0.033122639073391746,0.016448044643518622,-0.030454906407268695,0.028937738135559943,0.03917034495923,-0.0033212138790114643,0.037592526317309916,0.016450262097950752,0.0589721681348121,-5.6944873167485976e-05,0.00569264864162583,0.0,0.02796319806643255,0.048042452292536786,0.0,0.04468663404233031,0.015521127273289581,0.02410621980607508,0.022227845667891266,0.04042583388466625,0.0002977659433638924,0.03121240331318237,0.006369256113840593,0.030393791670947246,0.050544033376244135,0.005422242027841584,0.0002146280898271402,0.0,0.0,0.04154784641279485,0.029221945901955648,0.0,0.03352384042936207,0.02451710919611816,0.0,0.00014274001768183053,0.01165938987752485,0.0186316802225851,0.024148842948724325,0.024073023511807956,0.017051646843061485,0.017165685085410387
0.02478532738640149,0.01727102646691131,0.011175713634389461,0.018388525087361773,0.01959158785705506,0.0,0.0220231372053874,0.004753749008392205,-0.0038216451564797027,0.03473908223002847,0.025932696505282238,0.030808295553244103,0.007487532456910639,-0.006318307230276321,0.01072554276967097,0.022096836778211892,-0.030763481950912108,0.011056275115967129,0.025660093757830793,0.015225648036829909,0.027581296676654876,0.009851313805821993,0.016787197481066884,-0.011075910915039122,0.01820149961004819,0.030376475824306803,0.004726735308489327,0.01461396839637763,-0.006046485048540939,0.017821004953838815,0.01729034389295242,0.022687289562629165,0.02499227011255656,0.027085083725469472,0.004876459201078653,0.02971676076433405,0.025963432091200278,-0.005078075815411032,0.036286660047496144,0.013656881452976943,0.028899610753872262,0.007221852074241197,0.04156907688756756,0.041512100759848125,0.011444353089723414,0.0013239393237240438,0.026919240654659726,0.031216795915436246,0.0,0.027722668584484023,0.016139549338599957,0.014794426086610857,0.008394875256125978,0.026736882059737455,0.014794886320191214,0.03147740531376897,0.0066740580101066205,0.02466006869133197,0.024852807069945304,0.0306202267640327,0.020042734408024565,5.551115123125783e-17,0.0030631618122834436,0.025532473344887396,0.028058185660633506,0.022389606953597596,0.031472150762389184,0.015803352576863938,0.0,0.028885763477313697,0.02962011748090826,0.015646270674624208,0.027070660796518653,0.020888409708517464,0.01938334043035983,0.019126033401641873
0.01831188967201397,0.018270361690782333,0.022626368283249543,0.021269479364566357,0.025285316937178337,0.0220231372053874,0.0,0.02368248026734926,0.022669245322826048,0.02668993209104259,0.022714425492649126,0.021403517634612457,0.009557605920138101,0.016766421551149102,0.009283829345739902,0.026319186228742464,0.008624449440609472,0.01087086316896968,0.03361787315386233,0.028075188367742587,0.03708873627119619,0.01900165661115949,0.02705290143421457,0.031492668611857844,0.013863802517238677,0.03563748129322736,0.018887418092875752,0.0032778005801594734,0.027205717271058305,0.01976690362856376,0.0038341157328540265,0.021698483292642068,0.0129001649846327,0.018799397744028168,0.0068768901117676196,0.015366708498183834,-0.03402898932122017,0.003923508526195718,0.018482925834821695,0.047139617949568724,0.039873417827117175,0.0476998235652486,0.04085016405869257,-0.0007088202133568311,-0.0007125582322325963,-7.566347286069863e-05,0.022352673995151118,0.03618853809763489,0.0,0.03062801379002067,0.023817867862469422,0.016234735808903333,0.02531524707483107,0.032589635062990396,0.00019402515280686483,0.010752277326676607,-0.008181114364546271,0.030694645211280736,0.045437951553964406,0.028894630212875527,0.014807494416238132,1.1102230246251565e-16,0.00020224497379728312,0.03032739442063004,0.03579835366530215,0.01288357678480434,0.026311445482488094,0.02461142575640407,0.023812250017282377,0.021114022614890593,0.026969339948364646,0.02221408858729934,0.031724315927445956,0.02879582269736497,0.029442334275727733,0.02476853296623427
0.021786461708695914,0.03675805945206129,0.01432955110377454,-0.0217822056365366,0.02085598034720043,0.004753749008392205,0.02368248026734926,0.0,0.030289163809475494,0.03556711749385211,0.02024567324455656,0.03573760637483381,0.031198370207883075,-0.005466669685445347,0.025323023709357628,0.02034092697021639,0.010395922979796413,0.016419910058671716,0.049949668753364596,0.014502214437058791,-0.01112635322328459,0.018609576887790025,0.004060898725992523,0.02315818897034483,0.01521249056415358,0.021398559873125667,0.014712712236778669,0.03173971852782931,0.022793309122328465,0.020119435874956515,0.03104480504923951,0.020435009360545264,0.03571568641799805,0.028420003079789535,0.034475760236004516,0.03331012055432192,-0.07194064657120558,0.034833988536752014,0.0187769219801992,0.02009885715291526,0.0029552281375002654,0.02486503667330875,0.025552523555240236,5.289672050712291e-06,-0.00017413525849335754,0.007200443879396945,0.031621676253638265,0.037844483667120676,0.0,0.019989443041205646,0.010769788551555526,0.02476060695831428,-0.005588766382467081,0.03687356994627122,0.012982671697609971,0.028092395361621447,-1.1102230246251565e-16,0.011007521483117233,0.03551305815293626,0.0037622914028307974,0.014178034341470469,0.0,-7.049590211749557e-06,0.033357630719128895,0.019770906892878526,0.006103847399178686,0.019017928766149383,0.014270793537000837,-0.00014879944115403498,0.03636204284997552,0.02060040990604345,0.004851422235959468,0.01303187226716973,0.007466635352463502,-0.012170774446771504,-0.015245691724612931
0.021872043658527407,0.023262228598065537,-0.01002268767517872,0.033856144689686785,0.015348709662381166,-0.0038216451564797027,0.022669245322826048,0.030289163809475494,0.0,0.03454323147067634,0.025487061944212297,0.033580655199836995,0.04869290905480256,0.03627339077981284,0.024639651536181195,0.013722881461331327,0.026300665707558013,0.01783917596188367,0.015239479891199503,0.02275403335666476,0.016011329742681046,0.0157892416796952,0.013093469179242312,0.042995603479835276,0.028816710521409772,0.005168228866246405,-0.0016009642884588504,0.029408310175551233,0.040456164977819675,0.028270454870876316,0.03529959375413394,0.04079367858808863,0.03657169540149574,0.03680195722463603,0.03415305850839123,0.05167588004837648,0.03925394389684023,0.021979010872900884,0.06258956662731863,0.023977664702963586,0.04547125922495032,0.027920287925677134,0.06616989034929716,0.013159456232505973,0.017833320715516243,0.0,0.010709074773671334,0.07821782494517715,0.007480922739734497,0.053597680150698546,0.03187022444166887,0.040965060766741335,0.04513461830880605,0.05237742040129145,-0.007359444628479372,0.018397486157130327,0.011456615876379028,0.03690613240250995,0.0633317394129953,0.0281567670599831,0.016759618640468765,5.551115123125783e-17,0.0,0.048455291960775804,0.030133456290624194,0.017689012023981543,0.01994994011091733,0.03199457513571358,0.0008796208559799235,0.004950043654796343,0.019004177221343732,0.028454493154193017,0.04205756647090575,0.025891731117020922,0.03084242955417671,0.03092970865793554
0.007124697415138159,-0.00766710469267734,0.034592337723797495,0.10491196831604593,0.03981184568364465,0.03473908223002847,0.02668993209104259,0.03556711749385211,0.03454323147067634,0.0,0.03752298419964317,0.021821811863948493,0.019937543710717154,0.07661564875959381,-0.008624470422173292,-0.0030642599982275143,0.014777364804349435,0.00047169764591575847,0.05143337247108132,-0.022546526158668923,0.014290427716013687,-0.013759484888777096,0.03577681557354334,0.016489305088624895,-0.011768072652551531,0.01488184594872305,0.016966461789114207,0.01467164833205653,0.008877280706918955,0.02192431737274303,0.01213291879262779,0.01688597824991256,-0.02054935201369701,0.0053206048823003504,0.026332791041713488,0.03553602755356461,-0.033903940122253895,-0.0078088509386334826,-0.048701451220366954,0.01842823435606522,0.0008014212364911844,0.0586934789592351,0.03423012809180859,0.0018876603790620727,0.05009819894264411,0.037823750390777844,-0.0028430363179718365,0.0179993135249934,-1.1102230246251565e-16,1.6653345369377348e-16,0.029307791232152436,-0.00606175363765582,0.0007207097019579223,0.01878520615838919,0.0271185040742542,0.001369967084148549,0.026861466830989944,-0.02238594208596928,0.0,0.00024738346232755504,-0.0019862368821153553,0.01073741006167267,0.005077585916655858,8.367048532187393e-06,-0.05474970515964456,-0.00010572495019917083,-0.01521071344451913,0.02963250927523775,0.028191999159344172,0.0008282384791226116,0.009326942250444115,0.02846807176888655,0.023765368876188242,0.002131923340118025,-1.1102230246251565e-16,0.0008759012252164688
-0.0003753421971864901,0.0003612607066347251,0.0004968309201683896,0.022490178073583,0.020651570563690325,0.025932696505282238,0.022714425492649126,0.02024567324455656,0.025487061944212297,0.03752298419964317,0.0,0.04013394171288931,0.0348877147305095,0.024246475753634977,0.0,6.284561833436175e-06,0.02165638288748062,0.008168190016234145,0.02485951784837298,-2.8883021498060657e-05,0.022766341982023375,0.0134398605792459,0.016761450737207806,0.04227258588012006,0.01758792221546357,0.021827436050988747,0.015272792870091756,0.033674663764169555,0.03377173743501122,0.04128694111980025,0.03756565370002163,0.057061441858780426,0.04010368237648243,0.04019028544463521,0.0331628096131838,0.03869173666944886,0.022934275543321392,0.02174509548631126,0.07514617328600398,0.03648130088735796,0.08713274091444945,0.0086871028122803,0.0870953459466629,-0.0004951459995446994,0.003720803540780915,0.0,5.551115123125783e-17,0.12398934431129688,5.069011085606645e-05,0.07052325957606725,0.054182864175419065,0.06453142657788807,0.06670353249005068,0.06490436912543796,-0.0016285758573992837,0.01123231068765479,0.019506776638865464,0.05954361822324217,0.07181614176737472,0.0002866181108062138,0.0,0.0,0.0,0.1823723825925247,0.016002356140945584,0.0,0.0240194188657184,0.06059705282199401,0.0,0.0,-0.003370740481541623,0.05172723650491062,0.059263703110938315,0.025143935165696185,-0.0001890887801780372,0.06958784673229251
0.03180418699969512,-0.0016119393981208763,0.03124868090156835,0.14310674925803463,0.03930255509893332,0.030808295553244103,0.021403517634612457,0.03573760637483381,0.033580655199836995,0.021821811863948493,0.04013394171288931,0.0,0.02463633643591734,0.015129199725672393,0.019768479193140454,-0.008856271012188943,0.006409418604577555,-0.0045175788131160965,0.03860045107790899,0.07190300317354759,0.03487835556018515,-0.04637263631523997,0.05392786038866709,0.008685318421132071,-0.0054618141697641565,0.01578651862482011,0.013834384195451688,-0.013426734928518425,0.010937293185978636,0.014322344664580211,0.015772258894920066,0.0283304322202807,0.010934251995438904,-0.003910602733308677,0.019495827019901824,0.03271007429697392,0.013538085590759696,0.0008021663316470917,-0.020497972301416256,0.036322963773539774,0.006333523473543323,0.025257589556481275,0.04851288264942333,0.0014483566210877485,0.0817612449662618,0.02612347228724432,0.04054950393960749,0.003505961958356285,0.0,-0.00022276198438175854,-0.009411044678101221,0.0014530621252473175,0.0,-0.006623555792555136,0.028562112333102962,0.015537804302362013,0.033692773595506875,0.015148499811050709,0.0,0.00847399428668455,0.01579002914034644,0.011875011846419703,0.006548350790014035,0.0,-0.022609495332399976,-6.391904529556847e-05,-0.01362104835793021,0.01311060518230539,0.03164567991277667,0.0055221718277084775,0.00872800360782533,-0.0199167356217701,0.03859276881840756,-0.045337605535091474,0.0,0.007927670364215822
0.012352205818361828,0.01508581153368499,0.03798708884398749,-0.021600898666793322,0.008695634995277257,0.007487532456910639,0.009557605920138101,0.031198370207883075,0.04869290905480256,0.019937543710717154,0.0348877147305095,0.02463633643591734,0.0,-0.01016667637237978,0.0073029816548838,0.0209097998674449,0.011718470551561277,0.004444495042123853,0.04473572428648648,0.02715323856097307,0.027970926900788395,0.012333231697529146,0.033084805921563376,0.01878376371499557,0.006445800238758126,0.023148531019720198,0.025386605297599174,0.004575648234640073,0.01561155015563892,0.010568217738768426,0.008066208866737923,0.021585817577153055,0.020900633978260086,0.00809248296895737,0.0049279769880438695,0.0077427043515975735,0.014033375229916767,0.015618807686657687,0.027111319994875316,0.03203997073956072,0.05069656774888792,0.017298252536713132,0.04700340684108656,0.027957427802886792,0.0257253059442637,0.011479373358672051,0.023205587287895568,0.0448252562080077,0.0,0.03649189361414129,0.02485108310408224,0.01884278387676297,0.03053738303954473,0.03177744554775597,0.04053587682448445,0.020907086461718294,0.04170071982467338,0.02728549181033657,0.051443873125760375,0.029724641040065725,0.018909811566298673,0.002028568766842209,0.0008696481697291203,0.03254999320648877,0.028729840651792293,0.006185534482513133,0.02616837443568787,0.02741049660584416,-0.006409980490262923,0.013276554954301967,0.0293685335055196,0.02472336162690325,0.029791539213704477,0.02918329934440511,0.030621894114325254,0.023743764312170845
-0.0025707742974395154,0.0,0.019848224423407335,-0.02170351293003686,0.01581963564975397,-0.006318307230276321,0.016766421551149102,-0.005466669685445347,0.03627339077981284,0.07661564875959381,0.024246475753634977,0.015129199725672393,-0.01016667637237978,0.0,0.00665501434494753,0.0,0.0,0.0,0.04170947865291452,0.008009154344877145,-0.011433779162924429,0.009095109267470813,-0.00805068078680532,0.05046315119182515,-4.9483670535255264e-05,0.01767742393468469,0.0032478599780887407,-0.01783542588268905,0.029385300659689972,-0.00011671750103897649,0.06602654179482031,0.05265510347159352,0.03205522421588114,0.048667692121761696,0.005795664633371944,0.006992956121015248,0.013986773692598625,0.008063858287159942,0.03613581098657653,0.0,-0.0010809260309471713,0.0,0.05714536053284064,0.0,0.0,0.0,0.0,0.05381837123601785,0.0,0.039186017050169275,0.01206234968526193,0.025385868884960083,0.022300229098693503,0.03932892922848086,0.0,0.08678083520851304,-0.0004549515565986928,0.02927320402556599,0.03813344035977162,-5.551115123125783e-17,0.0,0.0,0.0,0.023123524225572734,0.0006528268589386377,0.0,0.0,-0.007350784449180914,0.0001844277722235499,0.0,0.0,-0.0027891894603039313,0.09968503638104981,0.008284187186013647,0.0,-5.551115123125783e-17
0.0021868700846454647,0.01008179416736632,0.032745804168389736,0.008383773677977713,0.021239252652304808,0.01072554276967097,0.009283829345739902,0.025323023709357628,0.024639651536181195,-0.008624470422173292,0.0,0.019768479193140454,0.0073029816548838,0.00665501434494753,0.0,0.006977531708620255,-0.008096394122021067,0.007458858141874969,0.0,-0.014614809381498228,0.012287656907441324,-0.01899279725211056,0.004273931848671031,-0.009142558371720955,0.013893768609168633,-0.0027074478953376113,-0.024290298699461865,0.024700139493661566,0.020933343233511925,0.020976764450146512,0.012008987169927654,-0.009659345889768356,0.020674400428131734,-0.0009271538168005855,-0.012429502683000582,-0.005305138472846416,0.0482274728579693,0.014868712780958027,0.020979273939806753,0.02414740399042764,0.02302328350747429,0.022849981178384993,-0.006245119305400781,9.641837515539375e-05,-0.0166080834337749,0.04220280126811071,0.0330976904626738,0.015222301320825804,0.0,0.0,0.010368098422727123,0.012156674617076202,0.018676657776909467,0.02480842369453795,-8.698083361918796e-05,0.0,0.007973728584714845,0.016263951135628285,0.0,0.03342680191993963,0.017780199708611777,-0.00028198165253018326,0.014291995093853316,0.0,0.04297874764472065,0.0212941666278319,0.033252891021651465,0.027178931406857343,0.01393508702196794,0.025099798404831175,0.029626435846219268,0.01585376119782267,-0.0034007655416914417,0.0172200022532753,0.018201064675194223,0.03608525688291686
0.015880115938297745,-0.012720524678769052,0.013352717782183554,0.0,0.026474021323514063,0.022096836778211892,0.026319186228742464,0.02034092697021639,0.013722881461331327,-0.0030642599982275143,6.284561833436175e-06,-0.008856271012188943,0.0209097998674449,0.0,0.006977531708620255,0.0,0.003946688940874077,0.006890844796887841,-0.0007916858106882252,-0.0003575076620959128,0.012795699473431899,-0.02321637690749556,0.024824017558276623,0.013736568950078965,0.002163008221424234,0.014731984111275243,0.008326416673494874,0.013076223131336717,-0.001571619870669061,0.01433596062446052,-0.0014096133155046542,-0.015250065449218642,-0.0009838973367757853,0.0028224053428878015,-0.0010821212065023622,-0.06577722812902981,0.0057804251496126335,-0.006561717711786652,0.01105772676233635,0.0023308805148353207,0.00819771239535394,0.011199865272003284,0.029089100281189884,0.0,0.0,0.001388513886529108,0.020233594539442012,0.0,0.0,0.0,0.0009755451511631597,-0.010153892075924598,0.030338650988009308,0.0,-0.02114088126865238,0.0,-0.00317763413803529,0.0053133889572875015,0.0,0.03082173601969035,0.015146792922358543,-0.019790373867240807,0.012521536500069153,0.0,0.04595344714227717,0.030662982223210344,0.02569732836173605,0.02028189881544684,0.04954975399077782,0.019799599848603355,0.018331790662754643,0.016477886785503437,0.03952947825544423,0.00921425066125564,-0.00012568605967666624,0.011969485013602454
0.0010730736461641577,0.0011857465192269823,0.010833708605713921,-7.407858347741048e-05,0.03124845522747155,-0.030763481950912108,0.008624449440609472,0.010395922979796413,0.026300665707558013,0.014777364804349435,0.02165638288748062,0.006409418604577555,0.011718470551561277,0.0,-0.008096394122021067,0.003946688940874077,0.0,-0.016776936695513223,0.024394194688806325,-0.015857774641571842,0.002442224008013527,-0.007699858893642608,0.01567041291526633,0.013040858823842982,-2.6930471992758775e-05,0.016083898029498223,-0.01708538950959254,0.007845723054273945,-0.0013093483364235992,0.01238736722224243,0.0069615065029715595,-0.001231647703326233,0.0009527856243031207,0.0005914124902254847,-0.002806422879575332,0.058781415973277906,0.010274737250082988,-0.004749183561802095,-0.010486374052864345,-0.0004932160562463039,-0.010441971606349632,0.00802563894591718,0.0,0.0,0.019341157001743936,0.014946302827268498,0.009048627570828305,0.0,0.0,1.6653345369377348e-16,-0.0701272942986973,-7.490699879669771e-05,0.0,0.0,0.009839474097210199,0.00013293981504186592,0.01186812538294224,-0.001865778531712603,0.0,0.0,0.0019949122569246636,0.000673942424830376,-0.00525643230281031,0.0,0.006982171683150962,-5.551115123125783e-17,0.019995578186658258,0.0008693682917315648,0.005514327768481486,-0.002455234024930808,-0.0036923676970521124,0.0,-0.00020601525268437726,-0.0003982186397193388,0.0,-0.014238283613422387
0.006547044448713235,-0.006733984031307205,0.01862648305042619,0.0,0.01049520706960233,0.011056275115967129,0.01087086316896968,0.016419910058671716,0.01783917596188367,0.00047169764591575847,0.008168190016234145,-0.0045175788131160965,0.004444495042123853,0.0,0.007458858141874969,0.006890844796887841,-0.016776936695513223,0.0,0.02573223058560048,-0.0060499894691921074,0.020104116385279203,-0.015866080630447366,0.02852325744909956,-0.00016500961099330524,-0.004093785391574789,0.009370480078110588,0.0040441572271986415,-0.001114221713407526,0.0010745309125425595,0.010119226542741888,-0.008742191402243193,-0.01176485765780727,-0.006822011982816789,-0.013528483449092299,-0.01423906744575515,0.018367259543036862,0.0,-0.03419012804946231,-0.007184855756035724,-0.009989353118805389,-0.013208600252108127,-0.0019378353960983197,5.551115123125783e-17,0.0,0.008007919394541485,0.0009382798194323971,0.008485095970085121,0.0,0.0,0.0,-0.016519390541469448,-0.01971236046027519,0.017505525513757447,0.0,-0.003929093072318923,0.0,-0.009353516692629127,-0.010886478761507723,0.0,0.024244145060787925,0.0010359585566369067,-0.014454112633280058,-0.004092749856379363,0.0,0.023024178919623328,0.025964796267537782,0.006142734167898456,0.03163808699494808,-0.00392914168397368,0.0003690877902214895,-0.0015781438764569944,-0.029481292594578212,-0.011395158852815446,-0.013282545143333158,0.0,-0.010262417680285574
0.0,0.007631430139333317,-0.021691468235374933,0.03892422071287588,0.03377099370122605,0.025660093757830793,0.03361787315386233,0.049949668753364596,0.015239479891199503,0.05143337247108132,0.02485951784837298,0.03860045107790899,0.04473572428648648,0.04170947865291452,0.0,-0.0007916858106882252,0.024394194688806325,0.02573223058560048,0.0,0.007524376090645157,0.016933911703447102,0.030510883452922355,-0.0492303715339254,0.03612030900851987,0.027221897028538944,0.028655118980580152,0.01233462275871361,0.04661810092580271,0.016684653684220674,0.0129788857974249,0.04341565643265494,0.05490957133966312,0.05707478174025438,0.04883843671697857,0.047280918706307185,0.049482679531389906,0.05300521678458303,0.05070622631414251,0.06161355429140947,-0.002722363783188353,0.05088684152434164,0.014666388202318803,0.07109845603872766,5.551115123125783e-17,-1.6653345369377348e-16,0.0,5.551115123125783e-17,0.10102002326650694,0.0,0.06435605473966122,0.04109579557085796,0.044096021036929334,0.05025909174442922,0.05601646882541744,0.0005643115738018789,-0.06980369311821255,0.00048203879504549185,0.04375108906804226,0.06516042849623538,-0.0002566963006963574,0.0,0.0,0.0,0.07206953864557997,0.0016749799426866718,0.0,0.00589524216996451,0.04078188108958336,0.0,0.0,0.02223471214156797,0.04309085616266661,0.045331688685280036,0.03521519313107069,0.0009909711490873052,0.0491458329859662
0.015246593027115174,-0.0036655479769749366,0.01583541845301417,0.008042449034824928,0.029909083284664517,0.015225648036829909,0.028075188367742587,0.014502214437058791,0.02275403335666476,-0.022546526158668923,-2.8883021498060657e-05,0.07190300317354759,0.02715323856097307,0.008009154344877145,-0.014614809381498228,-0.0003575076620959128,-0.015857774641571842,-0.0060499894691921074,0.007524376090645157,0.0,0.026979334363633922,-0.004745974759473193,-0.01676344229826071,0.05275516354903231,0.004866282539612299,0.00687577029940134,0.004010691312163139,0.03128008732367654,0.004056548135240756,0.04610193110096489,0.010422943655500339,-0.02034153011842882,0.005147968909005096,-0.0013815982308111874,-0.0161575319664492,-0.01172703512603157,0.007030127798033359,-0.010416389261518832,0.02592133281131187,0.015952935465022244,0.032395177928149,0.02150623070765101,-0.0028586739765519287,0.00042219486280875573,0.0065335533028347825,0.01112947174124046,0.024557712325062986,0.023546454016913743,0.0,0.016314057463906073,0.01660444666955152,0.029593774502665204,0.048482612854433116,0.022683234745494607,-0.007474796635517367,0.012572061628671416,0.005724900759521923,0.019028785631876544,0.0,0.04296234956325745,0.012860356352666469,0.0061113718300958575,0.015317828314042714,0.010422672237701103,0.040240260129544236,0.041565246362815556,0.035644791344493276,0.038357430961802164,-0.0014911573717633075,0.023079146278837337,0.02869234338434823,0.028885453827500185,0.02312213845748129,0.03120504327137774,0.026199158533336264,0.03902046641545137
0.012960223991143938,0.01961318813021068,0.025491893457222525,0.00022627640739447674,0.020213402232311495,0.027581296676654876,0.03708873627119619,-0.01112635322328459,0.016011329742681046,0.014290427716013687,0.022766341982023375,0.03487835556018515,0.027970926900788395,-0.011433779162924429,0.012287656907441324,0.012795699473431899,0.002442224008013527,0.020104116385279203,0.016933911703447102,0.026979334363633922,0.0,0.01447309570270977,0.03181839416182186,0.026798852600697753,0.01633291535877457,0.025589015643616708,0.02525709133873799,0.034770977361601174,0.02707415038969152,0.03613915999881573,0.013992905524874755,0.012303468937900852,0.012981391078000504,0.012857294808473418,0.0020298621914403014,-0.02607713911480669,0.022594079411456136,0.015145254151358312,0.013408968129376087,0.03309612255017935,0.009472518029791155,0.008926320814272248,0.0044798965950372804,0.0,-0.00043473013865730215,0.05286628689028877,0.03744635691051684,0.00047282765065703725,0.0,-9.058925233873527e-05,-0.004108858524608849,0.03265796202576465,0.020118146316002783,0.007299385590892105,-3.345111910085796e-05,0.0,-0.001401797123791293,0.015854012238055326,0.0,0.009369764823465021,0.01978244658474798,0.0,0.05177794937676672,0.0,0.02038814233802949,0.02121453593695699,0.01689046771116215,0.01091108849824557,-0.030366736685595253,0.03768266697228362,0.036110065609130104,-0.0049519759579949585,0.010346358206466677,0.01192264355671413,-0.06177825272384618,-0.021269240389029
0.004652821159047638,-0.010063345332446905,0.021283469158907053,0.00920403048263263,0.016476983546012403,0.009851313805821993,0.01900165661115949,0.018609576887790025,0.0157892416796952,-0.013759484888777096,0.0134398605792459,-0.04637263631523997,0.012333231697529146,0.009095109267470813,-0.01899279725211056,-0.02321637690749556,-0.007699858893642608,-0.015866080630447366,0.030510883452922355,-0.004745974759473193,0.01447309570270977,0.0,0.012659829435325454,-0.031276892083593244,-0.005704375440135023,0.005900908516008607,-0.010652657868249593,0.005870677283444925,-0.017315737669531706,0.01662762165013487,0.0005547136649226014,-0.02475768067997275,-0.0040344846704046256,-0.0057256263709545285,-0.021686437141063664,-0.018475504104650764,-0.010672232367613055,0.012722385505355926,0.013104294569812547,0.00015002606777209104,0.015708019082637692,0.02221463331673995,-0.01094081430597571,0.0,0.010097782497472396,0.01448346337389228,0.019076501422313652,0.005701775663199959,0.0,-0.0004083603211704756,0.004273924115750283,0.005098953161128739,0.035148235517951876,0.009735871560267284,0.005809828930312511,0.0,0.02105688589251492,0.008765085171237752,0.0,0.03597498366473384,0.007672432196192069,0.014652837915476447,0.014166859258730957,-1.1102230246251565e-16,0.023662225910250523,0.02547594290341526,0.025578833097921028,0.024350957786537508,0.020434578919365454,0.018498681169311193,0.023530150386047388,0.0027577066575071862,-0.0037003570534519525,0.003535357244540349,-0.00627135056412359,0.014997003895273475
0.022801736103290282,0.02485641983485709,-0.04390158994946758,-0.014345159718589406,0.019013837205832607,0.016787197481066884,0.02705290143421457,0.004060898725992523,0.013093469179242312,0.03577681557354334,0.016761450737207806,0.05392786038866709,0.033084805921563376,-0.00805068078680532,0.004273931848671031,0.024824017558276623,0.01567041291526633,0.02852325744909956,-0.0492303715339254,-0.01676344229826071,0.03181839416182186,0.012659829435325454,0.0,0.031820751117655255,0.03723162908921618,0.018029277464075566,-0.005372123924381467,0.03142265150169726,0.0174690169376453,0.0204612900330553,0.026164320497191862,0.02689698265915136,0.05081814502970461,0.02801462125225579,0.023598435635050985,0.01246857594551909,-5.1352031180340596e-05,0.0276759364040014,0.030135601561485093,0.026196871787207476,0.03266524796666426,0.026844516302372834,0.04046529057734666,0.042381465576955546,0.0051555444210151236,0.02843081287540855,0.03011995831085068,0.04901769636768316,-2.8205006970316582e-05,0.02339028090973272,0.016147782739794225,0.016728356103419828,0.002544195286124651,0.030775626376145726,0.03224126173811542,0.05117429955789893,-0.0029180081635428734,0.019926037610221825,0.02321615083429196,0.03892980678139207,0.02642078347470672,0.01062029410996368,0.01656298793314659,0.06210253620135919,0.035511793678475345,0.03980298530713339,0.041831692607414095,0.017217025774936667,0.009646361655047897,0.0262844126128024,0.03002927492778734,0.01334149639221549,0.02113728944692006,0.022827507590985063,0.018129704229393973,0.023338030868031434
0.00849352220270766,0.00170438760301872,0.047810968505484164,0.005121697909964196,0.050242388711852715,-0.011075910915039122,0.031492668611857844,0.02315818897034483,0.042995603479835276,0.016489305088624895,0.04227258588012006,0.008685318421132071,0.01878376371499557,0.05046315119182515,-0.009142558371720955,0.013736568950078965,0.013040858823842982,-0.00016500961099330524,0.03612030900851987,0.05275516354903231,0.026798852600697753,-0.031276892083593244,0.031820751117655255,0.0,0.0071505085683871705,0.016285894718398752,0.04131127385897837,-0.014250597353871686,0.029453069147347077,0.029611703711884874,0.017205090843791515,0.029580981061314404,0.008672311661665488,0.0032252519594490048,-0.014415333044109413,0.02930378171413861,0.0037393939794285735,0.014839375956184397,0.007114244626870991,0.016241395438921447,-0.03287213862558924,0.0049342386491288415,0.016689810780131042,-0.012903871850672155,0.0588893024251218,-0.03614797447068868,0.015888649414690814,6.050064266199806e-05,0.0,0.0,-0.00864487058753377,-0.012722103946940566,0.00017702751546649909,0.0013778145716391577,0.014867289709683706,-0.0002742612915367926,0.02086381491517464,-0.011648115191315755,0.0,-0.019276060452374455,-0.015797222413654333,-0.006965422220045592,-0.0017290382776573576,0.0,0.011834999426233783,0.022633536894617112,-0.00026086509897277343,0.04585150929103271,-0.006553295259109249,0.006578566728733748,0.003192101994028862,-0.009409925011691578,0.0059783965877012735,-0.05551049091660698,0.0,-0.03918279148681941
0.0028293409814064696,-0.015425611862473543,0.0008474937218557743,0.0,0.012728154496126076,0.01820149961004819,0.013863802517238677,0.01521249056415358,0.028816710521409772,-0.011768072652551531,0.01758792221546357,-0.0054618141697641565,0.006445800238758126,-4.9483670535255264e-05,0.013893768609168633,0.002163008221424234,-2.6930471992758775e-05,-0.004093785391574789,0.027221897028538944,0.004866282539612299,0.01633291535877457,-0.005704375440135023,0.03723162908921618,0.0071505085683871705,0.0,-0.008409422822107937,0.011545700164651007,-0.0019022023985891812,0.007944010411151281,0.013715422777399233,-5.262816778556223e-05,-0.007500798413654197,0.00043936654146009557,-0.008530491501678117,-0.003932924681103289,0.019004827613996078,-0.0003954366646523044,-0.010613127912922182,0.0026627380922065735,0.0010270266869900624,-0.0034811630194682697,-0.004811071752021556,-8.774728505900331e-05,0.0,0.01276728546683531,-0.0024912706850706567,0.016040007316360072,0.0,0.0,0.0,-0.006967351102386443,0.0005644129101585182,-0.0030804804974167155,-5.9685699094480515e-05,0.006887915651349552,0.0,0.0003440397701808262,-0.0032768215837374326,0.0,0.020822615596919336,0.0129423323244523,-0.0034847376643900585,0.0035238011765415522,0.0,0.004812506235682468,0.010507643391363897,-0.0028779172778404805,0.005012656753761724,0.0013134739956204844,0.012332119171328315,0.008812589812462579,-0.01237606493393889,-0.005872513990883954,-0.014336693571044834,0.0,-0.0032094766638865457
0.01215733267035568,0.012934521838793567,0.04186563338960675,0.0009546317222821621,0.02989927207604348,0.030376475824306803,0.03563748129322736,0.021398559873125667,0.005168228866246405,0.01488184594872305,0.021827436050988747,0.01578651862482011,0.023148531019720198,0.01767742393468469,-0.0027074478953376113,0.014731984111275243,0.016083898029498223,0.009370480078110588,0.028655118980580152,0.00687577029940134,0.025589015643616708,0.005900908516008607,0.018029277464075566,0.016285894718398752,-0.008409422822107937,0.0,0.00390782615347296,0.0074376185732290545,0.02612025716550831,0.012343153970172993,0.007732016928196028,-0.0035969693353608,0.015685875563981322,0.008287277332580611,0.003969139407192068,-0.00037676638026706843,-0.003136184333500991,0.0017031067770949537,0.013450632168530818,0.020260374313853746,0.0014773540496592075,0.005440991274537288,-0.02624031188628345,0.0,0.016396417947427133,0.01586554193639872,0.032082549916240044,0.008610027517418961,0.0,0.00020032169324307736,0.011106593325894032,0.012971417786245387,0.03829027379495159,0.004146550719741349,0.010382874929718788,-6.130090618633455e-05,0.005815494470362281,0.013883242542051422,0.0,0.027011992491249748,0.02601601015615751,-2.976852709946076e-06,0.01255014427809803,-5.551115123125783e-17,0.025783047390508074,0.03864874283563857,0.02059816894298372,0.023100253771119572,-0.0004895775394405666,0.020522631436203087,0.019836188943134325,0.002543732677948829,0.0002868688870136804,0.0010533427440314047,-6.55855463061461e-05,0.008579374939564954
0.012408908367476601,-0.0023914071949009963,-0.006730672498660606,0.0070788480337111714,0.015657110265646146,0.004726735308489327,0.018887418092875752,0.014712712236778669,-0.0016009642884588504,0.016966461789114207,0.015272792870091756,0.013834384195451688,0.025386605297599174,0.0032478599780887407,-0.024290298699461865,0.008326416673494874,-0.01708538950959254,0.0040441572271986415,0.01233462275871361,0.004010691312163139,0.02525709133873799,-0.010652657868249593,-0.005372123924381467,0.04131127385897837,0.011545700164651007,0.00390782615347296,0.0,0.023043610814859672,-0.006901704169241796,0.011152879207668276,0.008389691617221862,0.0042482620865348375,0.007463422215627624,0.012528272191279943,-0.005528001654012404,0.009233674760208421,0.011932628491432562,0.0006478512636752254,0.03203429327595453,-0.00669906177972962,0.03078241243532076,0.0185978294902438,0.025927428449531165,0.04814223769437104,0.011434593973783047,0.052192606012827214,0.013288667178072477,0.047646369564841695,-1.6653345369377348e-16,0.02105664406930785,0.021719812190926224,0.022470721512732328,0.018334868956555117,0.03201445192171215,0.03968480796246032,0.05311763207855791,0.042197126287980335,0.025199721259028585,0.007638666707883268,0.03665660060548348,0.0011071279920999988,4.6924031383954734e-05,-0.015974152648655537,0.03626012295958814,0.025826038041105615,0.03271625563981423,0.02216989087401189,0.020982994341675942,0.017719293914998824,0.013784770810981062,0.0134180931996295,0.01905437720923464,0.023128366262019084,0.020090701836934344,0.023579470692345117,0.024202823648287075
