0.0,-0.009969270588364942,0.020802063756394262,0.0,-5.9376990355408665e-05,-0.039426517931817506,0.02151542161981118,-0.01548831516444904,0.007357953431304742,0.01708036893641185,0.0005447084227536703,0.008403135254583693,-0.006906346055794044,0.011196541371831792,-0.019256214279938344,0.011669662049094143,-0.0034422228989297587,0.00844713213249354,0.0,-0.016455092812904304,-0.03310361323479594,-0.016117636974466443,-0.01831255530370779,-0.0023417026151484888,0.01828651442911905,-0.004388786601983774,-0.01202740261348828,0.001950479499239044,-0.0035303118506134767,0.009369082103704574,-0.008453479224071359,0.0068413508364294495,0.002694444696889009,-0.004166850935096611,-0.022789332352255498,-0.01159656776567558,0.0,0.0010631796782540337,0.0032098759663794496,-0.0025393382173797274,0.0031731824014957777,-0.013313781965001215,0.0,0.0,-0.002257031162040346,-0.023028745138398254,0.017072895783197095,0.0,0.0,0.0,-0.011635693405151748,0.0,-0.009785086110176033,0.0,0.004582727391611585,0.0,0.05127532850570321,-0.0007207844773641225,0.0,-0.0005741378251861162,0.006450354532835545,0.02523950440333994,0.0011273630181499184,0.0,0.002106328679826297,0.07419475925585445,0.002321482671747699,0.023718831895068238,-0.02323327059666669,0.019619739132020753,0.00754794961317834,0.005012040000507645,0.0001255428512942358,0.007073134780035628,0.0,1.5780478137383813e-05
-0.009969270588364942,0.0,-0.01782659140279219,0.0,-0.01712868077141072,-0.011482861839540781,-0.02729955808974771,0.0030083891969149845,-0.0217971951922048,-0.00012235567891877297,-0.0002969183259584063,0.021249727628072368,-0.0033459241857086153,0.0,-0.01815903786754497,0.0008508298585150342,-0.01252147254908409,-0.010399647931194689,0.0009752452010323709,-0.013311966463467828,-0.010697134120690566,-0.021375263633014174,0.000553347865632603,0.004226115178848078,-0.005882981012481137,-0.017228333615855407,-0.0025251348924005823,-0.00274386631379403,-0.008077464604935414,-0.03423327729372522,-0.017637407939450955,-0.008843631800435847,-0.004714407798049991,-0.01238561002765709,-0.025703174104690807,-0.034472251463178005,0.006189718534518551,0.00058639435783997,0.00180472391066544,0.00810646940016807,0.0031838843186222654,0.0009993942905650033,0.013851998380329245,0.0,-1.7827052952112954e-05,-0.0031499980869333366,0.009784004285676995,-0.035492436049203824,0.0,-5.551115123125783e-17,-0.016958295676171742,-0.006855841005338814,0.008514958996282296,-0.014112860695872531,0.01955513121910768,0.0,0.002049412168522391,-0.00046117767474168625,0.0,0.027879885903302037,0.0004314484141529906,0.01622821644008504,0.0038353845762805205,0.0,-0.0008465849771638334,0.004896587017446552,-0.005229541449085329,0.015891850008360575,0.006431289652338634,0.016586473025242243,0.008899085286740216,0.00487900286323617,0.02710551262244354,0.0040113576686849894,0.010528985346233422,-0.005500612675986727
0.020802063756394262,-0.01782659140279219,0.0,0.013425104646833497,0.01172933419581712,-0.02835752499382377,-0.006087153454058913,0.04758795524159959,0.00315811379129477,0.006119585094899849,0.011060407748311185,0.013899064147009366,-0.004599207423095775,0.043377985425275545,0.03270105240012289,0.0049516320492667965,-0.001934722711853576,-0.002232069915776569,0.0036127885063743093,-0.0036954582565497107,0.03753272667364477,-0.011237820236235263,0.025240214336796796,-0.0037680717604973157,-0.042594151722647355,6.311387520463452e-05,-0.028586524897873666,-0.0070118281726258,0.006623513524124047,-0.018880263913528927,0.0043312117810774264,0.015903326372857185,0.026062614288429875,-0.002884073497609718,-0.0059322598876704324,0.04283510754419939,0.006219313050466246,0.004790571291149293,0.020447067823128995,-0.017349830762586727,0.025367055679669348,0.011438842480953948,0.032977030916342964,0.0035852917472247725,-0.00014549452661000162,0.0,-0.0010996313657544166,0.1301081072381386,7.733009858879036e-05,0.02688589568277977,0.007978325499415906,0.010942133112104124,0.028796833695210577,0.03380341578776025,-0.009053710580991914,0.1028998599743462,0.000872139925059856,0.01636314642364234,0.03970586827527389,0.0029528557577944703,-0.00013560450044142192,0.0,0.0,0.12456830902220206,0.007845991357819215,-0.0013169561699453158,0.005692219930933551,0.027422790499737393,0.0,0.0,0.010467874971511637,0.011668614198111715,-0.002851384902050391,0.005625477598486639,0.009804282784222629,0.0015298221045819682
0.0,0.0,0.013425104646833497,0.0,0.020819448846086053,0.006026448615165936,0.03403577251856604,0.04090688669560011,0.010652831987821187,0.08056547525482738,0.021141407272365853,-0.0310388022278833,0.022583488665887108,0.02301422689068494,0.007118417020815726,0.0,-1.9797386009989815e-06,0.0,0.025614834581363155,-0.006568475283593278,-0.0005161107970179657,0.008990612946722765,0.01728464425082732,-0.029822515209550038,0.0,-0.0007887000127483335,-0.004330174775369899,0.003627450765448459,-0.020845313554998024,-5.483337772044239e-05,-0.0412582041239577,0.04069407744663428,0.054649804301560856,0.0022853818539884108,0.004878861013688007,0.05518393940774663,-0.0017922530203116627,-0.008452084475891741,-0.0002628390461723584,0.0,0.00021337495719614408,0.0,-0.0005086787083865563,0.0,0.0,0.0,0.0,-1.5285804228881705e-05,0.0,0.0,-1.507532940164813e-05,0.0,0.0,3.578603596404717e-05,0.0,3.6635867343870476e-05,0.0,-2.6939739214415503e-05,0.0,0.0,0.0,0.0,0.0,0.0,0.0,0.0,0.0,-0.00024019929589891298,0.0,0.0,0.0,0.01821770552131774,3.507657347195936e-05,0.0001379606116308496,0.0,0.0
-5.9376990355408665e-05,-0.01712868077141072,0.01172933419581712,0.020819448846086053,0.0,0.020526345342423036,-0.012207251072184622,-0.004187909087733033,-0.009958160468148014,-0.00854607069925567,-0.0004834469266037922,0.018225663618260224,-0.018346790673208657,0.0038597908143358506,0.013532152775379003,0.024582432391742903,0.0026730451352788287,-0.0328886464415884,-0.011726155285934292,-0.001121149295381485,0.011909510607842733,-0.010468939351223172,-0.001299251970025006,0.006073189932511824,-0.034468054884526256,-0.029046165851881134,0.0095398488827238,0.027210841883824832,0.020053086353382876,0.04496703742921698,0.0006901138606766333,-0.015123197074517092,0.018815967613682316,-0.005933431232266029,-0.006481577482692458,-0.0013103303510692,-0.0036418603237797775,-0.006626792803816006,-0.037996808882258204,0.010764216760859757,0.01476547427277175,-0.03952277136704685,-0.022830564022888744,3.762608267193768e-05,-0.007526053280953626,0.0,-0.00541704772519086,0.019144675088963004,0.0,-0.02071310061325643,-0.008466721113821074,-0.003523585594067069,-0.01369524245777115,0.004365170707645416,-0.0008378592091379256,0.006623787369435696,0.010550825881787351,-0.009401336045241848,0.015736777970792926,0.009381160407624156,-0.00014181459721240852,0.0,0.0,0.006370945151214058,0.005756433134347205,0.0,0.011242302071332033,-0.0017034633057707582,0.0,-0.0002554498179275777,-0.0035727156501094703,-0.009059937571148535,-0.015140556088028057,0.010688095335101566,-0.001480601828066086,0.006453200234027401
-0.039426517931817506,-0.011482861839540781,-0.02835752499382377,0.006026448615165936,0.020526345342423036,0.0,0.0009965085787896344,0.012783218506426275,0.002215859469874626,-0.005131744971453134,0.014931849509412676,0.012911285616988899,0.02048803211509409,0.0020193901162870453,-0.006787583779045092,0.006005671400044987,-0.03073944249817434,-0.010844063351843625,-0.01111678821672829,0.009766008409139881,0.0050666459365847905,0.00038511914513805756,-0.02005078587048087,-0.02292976254729684,-0.0044947903024365465,-0.008241990994762471,-0.012412778931876645,-0.0061364292526983055,-0.007965472481723024,-0.01904139981922076,-0.004893319692984233,-0.0021115394910296015,0.00638211709869374,-0.0022820030890263743,-0.008202904696294255,-0.0022602073485010754,-0.006807713108541336,-0.012699161168265471,0.0021585649194980627,-0.004292316401158125,0.010726494884054194,0.00706113079095283,-0.003898594224423124,-0.010009977077808041,0.013793402025494617,-0.001587722156282556,-0.0004210943619554208,0.015892615504092822,0.0,-0.008391079950906044,-0.009126165544252496,-0.002931411955561347,-0.005811185116115447,0.001281844807862309,-0.0005495940824592482,0.00887715733926675,0.01006388253088536,-0.0012109302574009329,0.020315989023702408,0.02364295704580388,-0.01847198556708468,5.551115123125783e-17,-0.01430863522131487,0.018499172695058186,0.0024052065918998555,0.005452610230610333,0.006240366427685884,0.00021766087500485476,0.0,0.012000537694093316,-0.00767855683773494,-0.008058410074556988,-0.006090788049332607,-0.0005609969121734282,0.010396737443254422,-0.004396562721051267
0.02151542161981118,-0.02729955808974771,-0.006087153454058913,0.03403577251856604,-0.012207251072184622,0.0009965085787896344,0.0,0.022806719649254903,-0.03250813600381136,0.006240723648715862,-0.004045719114709301,0.012424069817361827,-0.021451651032412478,-0.003732871926093506,0.005418232583777494,-0.005202802404042639,-3.031156832034032e-06,-0.006087354790482724,-0.006196650848778851,-0.0010857662454060724,0.005539081625244857,-0.015203895025372838,0.006530937559464822,0.009220997535275888,-0.014433910310011455,-0.02162371411954983,-0.00724272085434019,-0.04276148602210633,0.009646737354711166,-0.014768277984394118,-0.001024941380089961,-0.004663449528684527,0.005160854870937648,-0.0003311589658641645,0.0021380581170999946,0.009344099068604284,0.0288528387455963,-0.001993937193744799,0.025209316078811994,-0.01360641735064505,0.02050302317877184,0.005686469341406486,0.009845506493914968,0.0010918575909701356,-0.014125718140829746,0.00025433516933115463,-0.026929566383336823,0.02287240259162393,0.0,0.0003288666337487589,-0.00020473203821069763,0.006587844511101726,0.004330705475428964,0.014525239753719554,-0.02115903929648244,0.023955645653627455,-0.01425145559394625,0.0026867741042395643,0.009559677281837708,-0.002625025494958577,-0.0024883436170703988,1.1102230246251565e-16,-0.00013363250597986376,0.02293935567534222,-0.0007235594019328606,0.01716191301984632,-0.025302169391264784,0.00866913937171232,-0.016186993204101274,-0.004732958617711225,-0.010908638554600725,0.0014191812430105477,0.00815755025149456,0.005134550299295548,0.002421771062088074,0.005033354200266071
-0.01548831516444904,0.0030083891969149845,0.04758795524159959,0.04090688669560011,-0.004187909087733033,0.012783218506426275,0.022806719649254903,0.0,0.029430458543420912,0.0193837384540817,0.029263871455116663,-0.0014705008779012374,0.024224878117494686,0.03828385913886595,0.008548400685128299,0.012939294015389957,-0.010300643065347503,0.0011990904052510132,0.07090189657110324,0.013050487071969152,-0.018806280216867644,0.013883973313718656,0.0034201886318854235,-0.004533124763673069,-0.014766846318545745,-0.014347413885217541,0.00417156745314784,0.019049407396848794,0.02176610374278437,0.013381685142040745,0.02431958268224399,0.008233881708235358,0.06323282352609577,0.015140213817948167,0.0041648354978306434,0.027910415847818004,-0.006562021744400459,0.021102520738524866,0.0077019243158450434,-0.011524520032971164,0.01395655426232556,0.026782931341527982,0.011697698532546041,-3.4951283024442503e-06,0.00027989809631090434,-0.013785821479830207,0.012349103875608447,0.01053473242263403,0.0,0.0058838231620413906,-0.0040372353637774805,-0.007416192173626324,-0.04938102900639191,0.0006512753023950602,-0.010248656833449388,0.016128178534053572,-1.1102230246251565e-16,0.001811160255747346,-0.019368314374781093,0.008498069807036934,0.008539599771701545,0.0,-0.0005142202985680688,0.0196295205052196,0.009654510029281915,0.0014076266807033222,0.024341965946979127,-0.003088559347846298,-0.0002714949473046624,8.562151454083455e-05,0.008039741740769768,-0.010174962984484504,-8.327688750919826e-05,0.001939205313138903,-0.014761126500166477,0.005787924220797547
0.007357953431304742,-0.0217971951922048,0.00315811379129477,0.010652831987821187,-0.009958160468148014,0.002215859469874626,-0.03250813600381136,0.029430458543420912,0.0,0.003223668863336804,0.0060641614337640926,0.0008979095800080716,-0.017606979702078307,-0.015511550454644807,-0.00023329312060815788,-0.013735468672910978,-0.004792420626239191,-0.005295468107581636,-0.02882185599717002,-0.0071235851993534105,0.012030833179143774,-0.015164587608643365,-0.004490523965340554,0.015299334172559798,-0.05388503178751053,-0.02522323491744205,0.003933287612466918,0.0025882293388369004,0.006243604403625702,-0.002385531064668822,0.005441471074463355,0.01498551813787502,0.019205561098867785,0.002658191207517646,-0.004882508056508639,-0.005460026149290087,-0.001959295448549392,0.0018975117019395804,-0.0014285180277120446,-0.005431710983962168,0.0142416026412725,0.024964462644039065,0.012741995108349002,0.014999382129260719,-0.010739760190826675,0.0,-0.02455062400889313,0.04203952421638524,0.0034657272881321033,0.007225181142307968,0.0054519288282356415,0.0040441004065484565,0.017787349070311764,0.017537830465532145,-0.03677252759248767,0.026613763324966677,-0.004480552928895765,0.0007071198799950551,0.015373460050751131,0.03366536948033522,-0.001230882019101931,5.551115123125783e-17,0.0,0.02715284248713179,0.004911021555443762,0.008694338492761189,-0.012060605943326641,0.022536166685997783,-0.001371477527396081,-0.0002202980109106134,-0.008967817423606306,-0.005152740912308995,-0.010075097042311465,0.011558849586787434,0.008608092251329413,0.002826639887321458
0.01708036893641185,-0.00012235567891877297,0.006119585094899849,0.08056547525482738,-0.00854607069925567,-0.005131744971453134,0.006240723648715862,0.0193837384540817,0.003223668863336804,0.0,0.015207248547497942,-0.00635152874983036,-0.005056594651546287,0.04564607736166043,-0.028034381299911426,-0.012477239312025434,-0.01139460098281031,-0.015177985645360437,0.012030681157597423,-0.030921326616455247,-0.011966544721327632,-0.029896486379583087,0.015284261918593611,0.005187569130476133,-0.008616305880038644,-0.015169190787591769,-0.0005789259410406977,-0.016793244505227123,0.0007270022849285018,0.02643192213273704,-0.0267373177690704,-0.01284325175940576,-0.02362226389499139,-0.01821464880021284,-0.03758810547734076,-0.06198832411560856,-0.06354632192038975,0.00504182616537735,-0.019134429364389915,-0.016374693163125176,-0.010320021640931931,0.07159858784703954,-0.04037130052120236,-0.01015720861420999,0.05452586287901168,0.0018046054455351235,0.002521587553034832,0.012323268157492406,-1.1102230246251565e-16,1.6653345369377348e-16,0.0027583644317127343,0.032081642814571154,-0.001187557213979673,0.03024557715625764,0.004228682147319529,-0.0058123626759476466,0.00605244791876014,0.04369966864656988,0.0,-0.0006851789774231509,-0.005420573971185727,-0.009328414818100983,-0.009483825033878235,-5.528491720030448e-06,0.008279394982778743,6.985731103453796e-05,0.011144290637946475,0.005289736313356164,-0.0017805157700029883,-0.013072524842632272,-0.012063672589985253,0.008117737306226891,0.01806162197958111,-0.03876275426016662,-1.1102230246251565e-16,-0.011110368974683038
0.0005447084227536703,-0.0002969183259584063,0.011060407748311185,0.021141407272365853,-0.0004834469266037922,0.014931849509412676,-0.004045719114709301,0.029263871455116663,0.0060641614337640926,0.015207248547497942,0.0,0.02229109948416791,0.007971604324672754,0.008436771610148441,0.0,-4.152497493359331e-06,0.00530120458167288,0.005816254560796041,0.0031975219140198408,1.908433357122874e-05,0.0025827212540646682,0.008633632433633909,0.04233823382494206,-0.009347692968095733,0.003882680134850658,0.010166105068320108,-0.01631645049368685,0.019712763791902066,0.009957981885707845,0.04420462572263284,0.015935330896253597,0.0079076246395417,0.021910823697933623,0.01264539690651556,0.009213397536385004,0.018220923533474376,0.031421894986920496,0.014917612619756493,0.002598621830119552,0.007199114802472761,0.04690647414991289,0.0016395898432112754,0.013339512846195833,0.0003271656125870548,-0.007163293953508065,0.0,5.551115123125783e-17,0.08690953197286566,-3.3493275085783036e-05,0.02962085382330376,0.004515335716194113,0.02339331557340918,0.01364528252001268,0.039608356926492394,-0.01985741569913496,0.13776927211855677,0.014129858670670847,0.012240409088132509,0.03177371917199334,-0.0001893816972906026,0.0,0.0,0.0,0.16058731083831768,-0.01235946511730912,0.0,-0.0048826895746554855,0.01638242572768378,0.0,0.0,-0.004781897897103926,0.0046654913359515104,0.003999832805118897,0.03187193717455156,0.0007050052946285246,0.032764078399205476
0.008403135254583693,0.021249727628072368,0.013899064147009366,-0.0310388022278833,0.018225663618260224,0.012911285616988899,0.012424069817361827,-0.0014705008779012374,0.0008979095800080716,-0.00635152874983036,0.02229109948416791,0.0,-0.0014341355059374616,-0.005876167979208535,0.015902724392670875,-0.024493556201811262,-0.019428600521463835,-0.026072535669767916,0.02253788174002902,-0.009439240420577588,0.016612029403249573,-0.03775488727579546,-0.006808269842779713,-0.00029275175940141063,-0.009792452867251944,-0.026780263407501892,0.007047119121772527,-0.004782815459722978,-0.008113425947097463,0.004165279530524202,-0.02307634357291788,-0.01343899512568264,-0.04423896023416252,-0.01712412127025409,-0.026787662050181738,-0.03259135869344143,-0.03260159898733067,-0.004872041451106923,-0.030477556985304632,-0.012406621395997519,-0.022835794833530876,-0.01849239472747255,-0.015496151086942245,0.01239729691307534,0.06652414763948356,-0.020667431068289666,0.011359999186549563,-0.008266696882353153,0.0,0.0004003326573610022,-0.0032864565984826455,-0.011816595963554721,0.0,-0.0067832747069011545,0.0033880116990735454,-0.007743068071869197,0.011128069157142317,0.031569238656725784,0.0,-0.0002268223222651744,-0.018829474904648535,-0.01954653604299994,-0.027016300283828676,0.0,-0.006223850848299517,4.223423723387354e-05,0.011548191515154516,0.05847997498977381,0.005844929719751424,-0.02655595013123213,-0.015123684664173631,-0.07235298583986555,-0.02225194749360232,-0.02403634687156503,0.0,-0.00681118458544433
-0.006906346055794044,-0.0033459241857086153,-0.004599207423095775,0.022583488665887108,-0.018346790673208657,0.02048803211509409,-0.021451651032412478,0.024224878117494686,-0.017606979702078307,-0.005056594651546287,0.007971604324672754,-0.0014341355059374616,0.0,-0.0012900894113069827,0.012862759544925328,0.006121537527845444,0.005997039470682863,0.00690870750014122,-0.004003075458823113,0.012113211295374349,0.003071405316328546,0.008396122184856691,0.014186286355681754,-0.006543186996870898,0.010531628995682107,-0.001412898361415893,0.004113293035799548,-0.013984005073341632,0.013533275216589868,-0.0073190273478445644,-0.0035725213882055185,-0.0032361245504007874,0.00015567376120556586,-0.004991488565904312,-0.009261088320586974,0.014007366116923214,0.009171413768969128,0.010635983324455311,0.02220441660220973,0.01796334770543656,0.020178158061918583,0.017506959970696068,0.017941781187324757,-0.00847451467899557,0.007283871999445524,0.0041235306896539314,-0.0023512094080703205,0.022798854833383286,0.0,0.0006468935690271405,0.0014266479693122447,0.00918833244404249,0.005234527612191009,0.01565031159531083,0.021490051405976485,0.0229255239487548,0.02751253545253607,0.005062930754570871,0.008767994261887013,0.01995072931061176,-0.029166235584791533,-0.002031318896718981,-0.00377489086657945,0.02668519285304749,0.0070421053221195185,0.005615197564173835,0.005089534670404794,0.0064405263148688,-0.002768174096275111,0.011304756178101172,-0.0012272892642859468,0.0020501819785767594,0.0008864044960698036,0.00660086690141326,-0.0012934308094695313,0.006349164525251472
0.011196541371831792,0.0,0.043377985425275545,0.02301422689068494,0.0038597908143358506,0.0020193901162870453,-0.003732871926093506,0.03828385913886595,-0.015511550454644807,0.04564607736166043,0.008436771610148441,-0.005876167979208535,-0.0012900894113069827,0.0,-0.0034745496010523125,0.0,0.0,0.0,0.029954834251531892,-0.007073618858029929,0.0021372787124863124,-0.010563594840690804,0.017467597224130382,-0.02114074102266672,3.2696124776521174e-05,-0.01704676648195974,-0.00953910330562563,0.01764463959736029,0.017717527778474462,0.00026327760956434965,0.0006586313935265653,0.07773071525985964,0.028024336691948093,0.014572003679868384,-0.031160625531400366,0.026836042495048673,-0.026731724754668035,0.008604756617109188,0.0027541862432984288,0.0,0.001810971130732364,0.0,0.018686175342178313,0.0,0.0,0.0,0.0,0.0369233519009291,0.0,0.002874447618778142,0.013559832837892805,0.006219410575505735,0.028833799730276888,0.001223158512530631,0.0,0.03665544863520381,0.0008371119250660253,0.005569775486552131,0.02466648328891846,-5.551115123125783e-17,0.0,0.0,0.0,-0.002361654508297062,-0.0013659844232517537,0.0,0.0,0.013399031933339911,-0.0001218598658437875,0.0,0.0,-0.021792801558263908,0.004818360992359438,0.0027207598136227418,0.0,-5.551115123125783e-17
-0.019256214279938344,-0.01815903786754497,0.03270105240012289,0.007118417020815726,0.013532152775379003,-0.006787583779045092,0.005418232583777494,0.008548400685128299,-0.00023329312060815788,-0.028034381299911426,0.0,0.015902724392670875,0.012862759544925328,-0.0034745496010523125,0.0,-0.003591377272128382,-0.006994419088151849,0.007083267365382395,0.0,-0.031344394359589356,-0.010447038108071738,-0.017582989598117715,-0.03165683324409341,-0.002900104808843784,5.832858327459167e-05,-0.019765242857454457,-0.026522599430468863,0.01588366015704412,0.0064901254865714075,0.03356889498065235,-0.008504347635025555,-0.0008957496595780046,0.011949356465101146,-0.0010574421647772114,-0.005834428973886363,-0.006015652516808467,-0.015144257618421031,-0.015595039475823247,0.027327143528131315,0.022582814301568888,0.019976157409651918,0.014040573811538337,0.007042012080368254,0.00011487909144702879,-0.01557186720699344,0.06047849162364982,0.01704110923810437,0.02055736982181683,0.0,0.0,0.01843651369556465,0.004616829266875566,0.022617528137065857,-0.00037418983029879893,0.0001392663700087171,0.0,-0.008126538035795772,0.014153396456279443,0.0,0.019024303176935486,0.007191765980637588,0.000604935583568389,0.016724076561252743,0.0,0.028913347993393346,-0.010603708363088937,0.011750996642368672,0.036385829233507694,-0.0077817657320237155,0.02318447361457482,0.006178839801775804,0.024092013638193355,0.03021372336362188,0.028812938393517507,0.02623666316237816,0.02278862692453615
0.011669662049094143,0.0008508298585150342,0.0049516320492667965,0.0,0.024582432391742903,0.006005671400044987,-0.005202802404042639,0.012939294015389957,-0.013735468672910978,-0.012477239312025434,-4.152497493359331e-06,-0.024493556201811262,0.006121537527845444,0.0,-0.003591377272128382,0.0,-0.00029421004289015285,-0.022591497047310838,0.0015589143107211934,-0.009286188461896772,0.003150043832896521,-0.013679138168750882,0.006522945254751389,0.0022523451997641386,-0.018104317166332873,-0.0030183759283709533,0.011712231559157293,0.0062592176697151,0.0047519612558467594,-0.00043128754688531723,-0.008765520100038726,0.00017643197638328445,-0.016670807863235104,-0.015568729586638519,-0.021242477801087567,-0.01981366120057909,0.004899469067112805,-0.048279854851702275,-0.0010007305212446638,0.001714944909279259,-0.00225797005622147,-0.013818150317769562,-0.0038139062580259675,0.0,0.0,0.00489363785311997,0.008187252957590985,0.0,0.0,0.0,-0.006404335582073428,-0.0214666415016333,-0.010149469793686805,0.0,0.016174749503977404,0.0,0.016084038564523617,0.02392214752139943,0.0,0.014057930005359154,-0.0023609918284300813,0.009416767332584897,-0.0006227108753866784,0.0,0.006519896818606041,-0.006587246255346291,-0.0007752831705215568,0.006567683411834557,-0.015128968289502276,0.009992796130934789,0.007528260528285813,0.010913740451018505,0.007136572764959048,0.0035635358734661393,0.00023985847792995507,-0.007814665345188987
-0.0034422228989297587,-0.01252147254908409,-0.001934722711853576,-1.9797386009989815e-06,0.0026730451352788287,-0.03073944249817434,-3.031156832034032e-06,-0.010300643065347503,-0.004792420626239191,-0.01139460098281031,0.00530120458167288,-0.019428600521463835,0.005997039470682863,0.0,-0.006994419088151849,-0.00029421004289015285,0.0,-0.004830944970290074,-0.0008880434320597819,0.01760516494550618,-0.004183550016675308,0.0017212769369956415,0.000511822896188785,-0.02301841119612441,-0.02054585821917354,-0.010113791490302226,-0.005672768965914288,-0.02430711505047317,0.019258705891864403,0.004364333263373654,-0.029106305258414455,-0.019701184519738346,-0.04010346914746821,-0.04444622879285798,-0.04538307873503672,-0.009218469469921275,-0.00936652660600612,-0.014863196282919322,0.00402586009701783,-0.018130896000044583,-0.010778646718518803,-0.022232237523995613,0.0,0.0,0.03399888549093261,0.01658617722821104,-0.004219246204646976,0.0,0.0,1.6653345369377348e-16,-0.03742335642884487,4.949448076108087e-05,0.0,0.0,0.0006554679309586642,-8.783941719320287e-05,0.00486277486327491,-0.00020339314971362654,0.0,0.0,-0.0039010512139699416,-0.010988803603915742,-0.0037361099905834916,0.0,0.00022360077758798447,-5.551115123125783e-17,0.004122638530985601,-0.0010700252275194222,0.002342530659544928,-0.007689600656931639,-0.005209030993196251,0.0,0.0016915853459598118,0.025962377266411873,0.0,-0.009765187397686226
0.00844713213249354,-0.010399647931194689,-0.002232069915776569,0.0,-0.0328886464415884,-0.010844063351843625,-0.006087354790482724,0.0011990904052510132,-0.005295468107581636,-0.015177985645360437,0.005816254560796041,-0.026072535669767916,0.00690870750014122,0.0,0.007083267365382395,-0.022591497047310838,-0.004830944970290074,0.0,0.015076701268287918,-0.01026587244374122,0.007791582055369561,-0.0029382845115303313,0.009476880367854379,-0.010965794968839482,-0.028445737122328563,-0.020614653247596815,0.004690281636171856,-0.0009046049556513114,0.017730623547954127,-0.006057381818653396,-0.01753316692811835,-0.009036854655561255,-0.024687321912175875,-0.0328712581661304,-0.04203086375776527,0.011002201243521637,0.0,-0.023250753252138823,-0.0013002658868033756,-0.001672450184632135,0.00028817667167457817,-0.007239909436475622,5.551115123125783e-17,0.0,0.023394249407235335,-0.003404399475509634,0.00019748103485411894,0.0,0.0,0.0,0.007254128150695371,4.6480424252759445e-05,0.010844385564309611,0.0,0.01162508918224564,0.0,0.02306470527761606,-0.0016033399925750036,0.0,0.0009666958414684679,-0.0056817405272542865,0.0004177128278641806,0.00034157534429479774,0.0,0.01049085431358271,-0.003142920322839582,-0.0026857645358489,0.016453193055954496,0.02402508025482253,0.006800746831994109,0.0050465235148953735,-0.010665290091175672,-0.022148230273508762,0.005131311700018182,0.0,0.0007422473800013929
0.0,0.0009752452010323709,0.0036127885063743093,0.025614834581363155,-0.011726155285934292,-0.01111678821672829,-0.006196650848778851,0.07090189657110324,-0.02882185599717002,0.012030681157597423,0.0031975219140198408,0.02253788174002902,-0.004003075458823113,0.029954834251531892,0.0,0.0015589143107211934,-0.0008880434320597819,0.015076701268287918,0.0,0.005327361296495803,0.008239701761968865,0.004380080385082363,-0.005774980116055151,0.023334039262597306,-0.11925307819526365,0.006189783352688105,-0.035090816750340814,0.006071526955437556,0.02163928330914544,-0.0042804557199331295,0.009604948469533359,0.027373697730651347,0.01885556902480523,0.010415083977950046,-0.0005290152159900807,0.03831924558273392,0.019301898813505247,0.011979807121079933,0.018168958032452,-0.016728210490223328,0.019591135637262558,-0.006650601957490343,0.034831071370403865,5.551115123125783e-17,-1.6653345369377348e-16,0.0,5.551115123125783e-17,0.10518906209232176,0.0,0.017502009304397492,0.023541825780810988,0.01995006812304967,0.04012309390067148,0.03289515671410859,-0.0012993036211507158,0.10785266448327524,-0.00031850508297931457,0.012935396675735955,0.0399517932107995,0.00080845768118748,0.0,0.0,0.0,0.04919137751818514,-0.005894874265091332,0.0,0.0042239535842189535,0.03169183223818084,0.0,0.0,-0.009832887407125401,0.007586312014372321,0.006924640141523275,0.015646355894218256,-0.0015550120072622686,0.00339986705324824
-0.016455092812904304,-0.013311966463467828,-0.0036954582565497107,-0.006568475283593278,-0.001121149295381485,0.009766008409139881,-0.0010857662454060724,0.013050487071969152,-0.0071235851993534105,-0.030921326616455247,1.908433357122874e-05,-0.009439240420577588,0.012113211295374349,-0.007073618858029929,-0.031344394359589356,-0.009286188461896772,0.01760516494550618,-0.01026587244374122,0.005327361296495803,0.0,0.00699704889144287,-0.026305192793423637,0.007527536147315161,-0.025021285668688997,-0.007080266348703512,-0.028348618518448443,-0.009139868581629018,0.008807771817954724,-0.022033712968294095,-0.006226541633525262,-0.009435822768774138,-0.005586841148252419,0.004733166664445676,-0.00261438236249939,-0.0091978356768177,-0.00876191498559642,-0.012214339806523478,-0.00492402551730825,0.024858764765631924,0.03966833987380364,0.023271009797385667,0.012526402467264774,-0.03562010567190549,-0.0005403339799291418,-0.008731159949912248,0.01700649119180825,0.013888421104945481,-0.0017628252981553016,0.0,-0.0019313933901147773,0.014284094845126438,-0.0038401061156783656,0.023443078409152107,0.0037566092115370875,0.002984441416923722,-0.03630686264507843,0.009069624288274902,0.006921516329659816,0.0,0.022209671473117365,0.011272587201720474,0.004973239934015106,0.02574724833560249,0.0025753654441891816,0.008459366277847546,0.024930412837789462,0.008365657110897762,0.02067340255508282,0.002651547035767865,0.01252857503082272,0.01632888302499441,0.0032935086627136068,0.01028277840634112,0.010247587064277308,0.0036134738127761024,0.01699756681950143
-0.03310361323479594,-0.010697134120690566,0.03753272667364477,-0.0005161107970179657,0.011909510607842733,0.0050666459365847905,0.005539081625244857,-0.018806280216867644,0.012030833179143774,-0.011966544721327632,0.0025827212540646682,0.016612029403249573,0.003071405316328546,0.0021372787124863124,-0.010447038108071738,0.003150043832896521,-0.004183550016675308,0.007791582055369561,0.008239701761968865,0.00699704889144287,0.0,-0.030839406796420055,-0.01024492007650507,-0.010040280521543987,-0.020002266312926065,-0.020756064707673938,0.008477237496032186,-0.003452658605405723,0.010548993011302132,-0.00555420554775532,-0.002230985650433004,-0.0074103189729538,0.02184800940169901,0.006177891215179143,0.004273513397379247,-0.0073876313588635,0.016355790313823337,-0.0006952319544713537,0.018812324476561226,0.0077932611490681425,0.014734058524786986,0.018871394213321735,-0.010994845435525868,0.0,0.0009234563209228885,-0.12250668488438671,0.013659703996390271,-0.00031241885851363005,0.0,5.985646306838621e-05,0.015305938602593494,0.020040479771362474,0.04376112953881278,0.0045441502967423775,2.2102684627378633e-05,0.0,0.0038033587938025026,-0.003632685392864543,0.0,0.015800223472508257,0.012639580158052388,0.0,0.007704766602513458,0.0,0.005372808598841705,-0.020102685001020637,0.010731022522776912,0.018211501555527088,-0.11214224082298263,0.019347978704655433,0.0005718156815887054,-3.875561213323442e-05,0.012266456083155297,0.013445325274163589,-0.0023295084969987,0.00981492840015652
-0.016117636974466443,-0.021375263633014174,-0.011237820236235263,0.008990612946722765,-0.010468939351223172,0.00038511914513805756,-0.015203895025372838,0.013883973313718656,-0.015164587608643365,-0.029896486379583087,0.008633632433633909,-0.03775488727579546,0.008396122184856691,-0.010563594840690804,-0.017582989598117715,-0.013679138168750882,0.0017212769369956415,-0.0029382845115303313,0.004380080385082363,-0.026305192793423637,-0.030839406796420055,0.0,-0.00446506683066894,-0.017487422903862015,-0.0009575937462826811,-0.020743244836608277,-0.0033935596209788144,0.004491618628458038,-0.005322431554921236,0.0129264091289778,-0.00934205544133776,-0.006045353470215065,0.0059921789048656415,-0.009938675799659513,-0.010255682667037858,-0.02115006712326184,-0.008367823255474582,0.0008990503700441743,0.023730538210727792,0.01973200366241251,0.019622197666576635,0.023925783314442617,-0.039575801831755686,0.0,0.010991374098902273,-0.022187711417702483,0.0004228336118240472,-0.002879251691138507,0.0,0.0007032948065665012,0.011146676772977981,0.021263362034761424,0.030755263002395006,0.021590166115495746,0.00682147232544239,0.0,-0.00033050020569797,0.016265651379226254,0.0,0.017763656207667955,-0.004829814696353019,0.010112351788120144,0.007287360600570836,-1.1102230246251565e-16,0.01750958790424867,0.006531709324320012,0.0038438568863357614,0.023114387902203826,0.006709117855493829,0.009304042386818479,0.007861025534205646,0.008301101590693194,0.016119703714696787,0.022820935954355137,-0.0015452777176031551,0.018079147216626568
-0.01831255530370779,0.000553347865632603,0.025240214336796796,0.01728464425082732,-0.001299251970025006,-0.02005078587048087,0.006530937559464822,0.0034201886318854235,-0.004490523965340554,0.015284261918593611,0.04233823382494206,-0.006808269842779713,0.014186286355681754,0.017467597224130382,-0.03165683324409341,0.006522945254751389,0.000511822896188785,0.009476880367854379,-0.005774980116055151,0.007527536147315161,-0.01024492007650507,-0.00446506683066894,0.0,-0.003373766177082016,-0.01394686472762724,-0.009654064379016447,-0.014140374735838734,0.0098141573653161,0.01462522374911368,-0.0011956742115108443,0.010530467330038318,0.012649063379679637,0.037635476803872414,0.008174899764742838,0.005879398162591698,0.00010982556717642478,-0.005747359767235893,0.03263930995408376,0.015013708133555403,0.031184056879815125,0.005023225281066357,-0.0025462390310938554,0.007678061720717444,0.0036937510573064047,0.017552415810729916,-0.0026578923654134723,0.010079235646009266,0.05146525547293379,1.8636338356636806e-05,-0.004390365254238526,-0.009551506228013595,-0.004233048322382249,-0.0036014797678913246,0.0007715720075263111,0.008684337954458443,0.043857784554156176,0.007878211815895264,-0.0017709923847185616,0.0039740646246986255,0.025719844740260456,-8.35686061545493e-06,-0.0021809324320000156,0.004988171289072307,0.04844396397247119,0.016482727871272973,0.010880594036576818,0.010408780605747736,0.007345280525236975,3.372119154171349e-05,0.014817122010833905,0.008774347576630093,-0.006188365904880699,0.0007855482033984895,0.00934484804309299,0.0011320423130551927,0.00143481996891337
-0.0023417026151484888,0.004226115178848078,-0.0037680717604973157,-0.029822515209550038,0.006073189932511824,-0.02292976254729684,0.009220997535275888,-0.004533124763673069,0.015299334172559798,0.005187569130476133,-0.009347692968095733,-0.00029275175940141063,-0.006543186996870898,-0.02114074102266672,-0.002900104808843784,0.0022523451997641386,-0.02301841119612441,-0.010965794968839482,0.023334039262597306,-0.025021285668688997,-0.010040280521543987,-0.017487422903862015,-0.003373766177082016,0.0,-0.000846847444550991,-0.011825500892022722,-0.00016370221979555843,-0.00015345061038701813,0.008439902710723757,-0.0019603772814726916,-0.012036647815586332,-0.013548086910303458,0.007469469128013162,-0.0036511653425645996,-0.03387188383434492,0.13095018372955192,-0.023383859525995532,0.01768005910285886,-0.03728517547197735,0.008758850494238968,-0.030236240769302425,-0.0680115036388585,-0.037818589363017185,-0.011084019645907134,0.05450375537829211,-0.014216967063474473,0.024307553983418273,-3.997554223694744e-05,0.0,0.0,0.020337227031467897,0.0001206998382667912,-0.00044722685752657254,-0.002019466062892772,0.03487865386994643,0.00018121698153067411,0.04032793295470255,-0.012884134590333218,0.0,-0.021691231969051816,0.0033990419590723686,-0.006031285001868669,-0.01335046234923254,0.0,-0.0036526024079071018,-0.02781021736714795,0.003806333536393647,0.0070814942610427645,0.05283579706309727,-0.0054580028884295695,0.0033821571381761895,-0.004403177522182056,-0.009658415274213406,0.002381523515826378,0.0,-0.014276340552293654
0.01828651442911905,-0.005882981012481137,-0.042594151722647355,0.0,-0.034468054884526256,-0.0044947903024365465,-0.014433910310011455,-0.014766846318545745,-0.05388503178751053,-0.008616305880038644,0.003882680134850658,-0.009792452867251944,0.010531628995682107,3.2696124776521174e-05,5.832858327459167e-05,-0.018104317166332873,-0.02054585821917354,-0.028445737122328563,-0.11925307819526365,-0.007080266348703512,-0.020002266312926065,-0.0009575937462826811,-0.01394686472762724,-0.000846847444550991,0.0,-0.021188615301739655,0.0027035105361544187,0.022233225636292042,0.01839483393762692,0.02599757125447466,-0.019889113111283996,-0.0023862980447469373,-0.00793968683036489,-0.026712163092616314,-0.024292851188098874,-0.008059803944456934,0.0008259996238286216,-0.021830358845339293,0.006899798738787266,-0.00020356475572103072,0.0026336868496901755,-0.003654057208635486,0.0009849027727719117,0.0,0.0336140036777155,0.007643804427199363,0.01414706924107545,0.0,0.0,0.0,0.005394742702127198,-0.0034139966945503364,0.02176996574012119,3.9437071742365326e-05,0.004131992348337221,0.0,0.018087162574710602,0.0002682646396841015,0.0,0.014985140656885443,0.000279069571145818,-0.0029594801107973856,0.0030202672633704575,0.0,0.011000018583887272,0.00447264219458704,-0.0021731260862475343,0.014596062528032694,0.019355159111469566,0.0136381431125574,0.010718007652929518,0.0055602082866106906,0.02119611178045211,0.006729417318764475,0.0,-0.0015044998600101112
-0.004388786601983774,-0.017228333615855407,6.311387520463452e-05,-0.0007887000127483335,-0.029046165851881134,-0.008241990994762471,-0.02162371411954983,-0.014347413885217541,-0.02522323491744205,-0.015169190787591769,0.010166105068320108,-0.026780263407501892,-0.001412898361415893,-0.01704676648195974,-0.019765242857454457,-0.0030183759283709533,-0.010113791490302226,-0.020614653247596815,0.006189783352688105,-0.028348618518448443,-0.020756064707673938,-0.020743244836608277,-0.009654064379016447,-0.011825500892022722,-0.021188615301739655,0.0,-0.014266578318514078,-0.002575128367918844,-0.008549401090327202,-0.0008668558165366713,-0.012184545837189475,-0.003683514984209324,-0.00901775769242985,-0.01438611840734988,-0.00986755189848365,-0.01813069727479899,0.002853421165224579,-0.027196870074551682,0.0009306821534602605,-0.005906065053575549,-0.00026897528931318915,-0.005078061188351857,-0.05149598307203862,0.0,0.021895745463110405,-0.008968828054373768,0.008464230249276672,0.0022099009058206276,0.0,-0.00013236170653602164,-0.01301840235289059,-0.022573626077254216,0.008936890090964822,-0.020490461187915865,0.010475239009477444,4.050431295604673e-05,0.017658069507590968,-0.007082017494256743,0.0,0.02215101826029664,0.0006183583714195473,-0.004379647116975194,-0.0018963000666186725,-5.551115123125783e-17,-0.010561744635806836,-0.0007217013513011183,0.003480202675126831,-8.872525181147228e-05,0.018304008964112994,0.008394767454321994,0.0069384104401676305,-0.004711652160793556,-0.008892968490021413,-0.00391276401605839,4.333537068657023e-05,-0.00415738963178619
